{
    "animation": [
        {
            "name": "Root",
            "time": [0.0, 0.5, 1.9583, 2.4583, 2.625],
            "transform": [
                [1.0, 0.0, 0.0, 0.0, 0.0, 0.178759, -0.983893, -0.158286, -0.0, 0.983893, 0.178759, 0.8563, 0.0, 0.0, 0.0, 1.0],
                [0.872148, 0.087457, -0.481363, 0.0, -0.489243, 0.155904, -0.8581, -0.25468, -0.0, 0.983893, 0.178759, 0.808366, 0.0, 0.0, 0.0, 1.0],
                [0.872148, 0.087457, -0.481363, 0.0, -0.489243, 0.155904, -0.8581, -0.25468, -0.0, 0.983893, 0.178759, 0.808366, 0.0, 0.0, 0.0, 1.0],
                [1.0, 0.0, 0.0, 0.0, 0.0, 0.178759, -0.983893, -0.155874, -0.0, 0.983893, 0.178759, 0.8563, 0.0, 0.0, 0.0, 1.0],
                [1.0, 0.0, 0.0, 0.0, 0.0, 0.178759, -0.983893, -0.158286, -0.0, 0.983893, 0.178759, 0.8563, 0.0, 0.0, 0.0, 1.0]
            ]
        },
        {
            "name": "Torso",
            "time": [0.0, 0.5, 1.9583, 2.4583, 2.625],
            "transform": [
                [0.999794, -0.005792, 0.019434, 0.0, 0.003938, 0.995555, 0.094098, 0.115569, -0.019892, -0.094002, 0.995373, 0.0, 0.0, 0.0, 0.0, 1.0],
                [0.999794, -0.005792, 0.019434, -0.0, 0.003938, 0.995555, 0.094098, 0.115569, -0.019892, -0.094002, 0.995373, -0.0, 0.0, 0.0, 0.0, 1.0],
                [0.999794, -0.005792, 0.019434, -0.0, 0.003938, 0.995555, 0.094098, 0.115569, -0.019892, -0.094002, 0.995373, -0.0, 0.0, 0.0, 0.0, 1.0],
                [0.999794, -0.005792, 0.019434, 0.0, 0.003938, 0.995555, 0.094098, 0.115569, -0.019892, -0.094002, 0.995373, -0.0, 0.0, 0.0, 0.0, 1.0],
                [0.999794, -0.005792, 0.019434, 0.0, 0.003938, 0.995555, 0.094098, 0.115569, -0.019892, -0.094002, 0.995373, 0.0, 0.0, 0.0, 0.0, 1.0]
            ]
        },
        {
            "name": "Chest",
            "time": [0.0, 0.5, 1.9583, 2.4583, 2.625],
            "transform": [
                [0.999957, 0.002468, -0.008984, 0.0, -0.002303, 0.99983, 0.018279, 0.222409, 0.009028, -0.018257, 0.999793, -0.0, 0.0, 0.0, 0.0, 1.0],
                [0.985197, 0.074482, -0.154402, 0.0, -0.047725, 0.984242, 0.170264, 0.22241, 0.16465, -0.160375, 0.973227, 0.0, 0.0, 0.0, 0.0, 1.0],
                [0.985197, 0.074482, -0.154402, 0.0, -0.047725, 0.984242, 0.170264, 0.22241, 0.16465, -0.160375, 0.973227, 0.0, 0.0, 0.0, 0.0, 1.0],
                [0.999956, 0.001264, -0.009326, 0.0, -0.001668, 0.999054, -0.043447, 0.222409, 0.009263, 0.043461, 0.999012, -0.0, 0.0, 0.0, 0.0, 1.0],
                [0.999957, 0.002468, -0.008984, 0.0, -0.002303, 0.99983, 0.018279, 0.222409, 0.009028, -0.018257, 0.999793, -0.0, 0.0, 0.0, 0.0, 1.0]
            ]
        },
        {
            "name": "Head",
            "time": [0.0, 0.5, 1.9583, 2.4583, 2.625],
            "transform": [
                [0.999241, -0.002813, 0.038845, -0.0, -0.01264, 0.919981, 0.391759, 0.585241, -0.036838, -0.391953, 0.919247, -0.0, 0.0, 0.0, 0.0, 1.0],
                [0.843396, -0.372091, 0.387598, 0.0, 0.2059, 0.890146, 0.406504, 0.585241, -0.496275, -0.263037, 0.827359, 0.0, 0.0, 0.0, 0.0, 1.0],
                [0.843396, -0.372091, 0.387598, 0.0, 0.2059, 0.890146, 0.406504, 0.585241, -0.496275, -0.263037, 0.827359, 0.0, 0.0, 0.0, 0.0, 1.0],
                [0.999241, -0.002813, 0.038845, -0.0, -0.01264, 0.919981, 0.391759, 0.585241, -0.036838, -0.391953, 0.919247, 0.0, 0.0, 0.0, 0.0, 1.0],
                [0.999241, -0.002813, 0.038845, -0.0, -0.01264, 0.919981, 0.391759, 0.585241, -0.036838, -0.391953, 0.919247, -0.0, 0.0, 0.0, 0.0, 1.0]
            ]
        },
        {
            "name": "Arm_L",
            "time": [0.0, 0.5, 1.9583, 2.4583, 2.625],
            "transform": [
                [-0.178362, -0.590178, -0.787323, -0.20071, 0.074787, -0.805969, 0.587214, 0.585979, -0.981118, 0.045855, 0.187892, -0.002076, 0.0, 0.0, 0.0, 1.0],
                [0.050609, -0.761661, -0.645997, -0.20071, 0.636181, -0.47403, 0.608744, 0.58598, -0.769878, -0.441778, 0.460564, -0.002076, 0.0, 0.0, 0.0, 1.0],
                [0.050609, -0.761661, -0.645997, -0.20071, 0.636181, -0.47403, 0.608744, 0.58598, -0.769878, -0.441778, 0.460564, -0.002076, 0.0, 0.0, 0.0, 1.0],
                [-0.178362, -0.590178, -0.787322, -0.20071, 0.074787, -0.805969, 0.587214, 0.585979, -0.981118, 0.045855, 0.187892, -0.002076, 0.0, 0.0, 0.0, 1.0],
                [-0.178362, -0.590178, -0.787323, -0.20071, 0.074787, -0.805969, 0.587214, 0.585979, -0.981118, 0.045855, 0.187892, -0.002076, 0.0, 0.0, 0.0, 1.0]
            ]
        },
        {
            "name": "Blade",
            "time": [0.0, 0.5, 1.9583, 2.4583, 2.625],
            "transform": [
                [-0.085499, 0.980987, 0.174225, -0.0, -0.642637, 0.079332, -0.762052, 0.779125, -0.761385, -0.177119, 0.623636, -0.0, 0.0, 0.0, 0.0, 1.0],
                [-0.385207, 0.8315, -0.400279, 0.0, -0.499899, -0.552615, -0.666872, 0.779125, -0.775704, -0.056785, 0.628537, -0.0, 0.0, 0.0, 0.0, 1.0],
                [-0.385207, 0.8315, -0.400279, 0.0, -0.499899, -0.552615, -0.666872, 0.779125, -0.775704, -0.056785, 0.628537, -0.0, 0.0, 0.0, 0.0, 1.0],
                [-0.085499, 0.980987, 0.174225, 0.0, -0.642637, 0.079332, -0.762052, 0.779125, -0.761385, -0.177119, 0.623636, 0.0, 0.0, 0.0, 0.0, 1.0],
                [-0.085499, 0.980987, 0.174225, -0.0, -0.642637, 0.079332, -0.762052, 0.779125, -0.761385, -0.177119, 0.623636, -0.0, 0.0, 0.0, 0.0, 1.0]
            ]
        },
        {
            "name": "Cloth",
            "time": [0.0, 0.5, 1.9583, 2.4583, 2.625],
            "transform": [
                [-0.992195, 0.032201, 0.120469, 0.001532, -0.074132, -0.929147, -0.362202, 0.625485, 0.100269, -0.368305, 0.924284, -0.133792, 0.0, 0.0, 0.0, 1.0],
                [-0.992185, 0.032467, 0.12048, 0.001532, -0.076787, -0.919942, -0.384461, 0.625485, 0.098352, -0.390708, 0.915247, -0.133792, 0.0, 0.0, 0.0, 1.0],
                [-0.992185, 0.032467, 0.12048, 0.001532, -0.076787, -0.919942, -0.384461, 0.625485, 0.098352, -0.390708, 0.915247, -0.133792, 0.0, 0.0, 0.0, 1.0],
                [-0.992195, 0.032201, 0.120469, 0.001532, -0.074132, -0.929147, -0.362202, 0.625485, 0.100269, -0.368305, 0.924284, -0.133792, 0.0, 0.0, 0.0, 1.0],
                [-0.992195, 0.032201, 0.120469, 0.001532, -0.074132, -0.929147, -0.362202, 0.625485, 0.100269, -0.368305, 0.924284, -0.133792, 0.0, 0.0, 0.0, 1.0]
            ]
        },
        {
            "name": "LowerCloth",
            "time": [0.0, 0.5, 1.9583, 2.4583, 2.625],
            "transform": [
                [0.991727, 0.011836, 0.127818, -0.0, -0.029337, 0.990286, 0.13592, 0.627449, -0.124967, -0.138545, 0.98244, -0.0, 0.0, 0.0, 0.0, 1.0],
                [0.991694, -0.010862, 0.128163, -0.0, -0.028293, 0.953599, 0.299747, 0.627449, -0.125472, -0.300883, 0.945371, 0.0, 0.0, 0.0, 0.0, 1.0],
                [0.991694, -0.010862, 0.128163, -0.0, -0.028293, 0.953599, 0.299747, 0.627449, -0.125472, -0.300883, 0.945371, 0.0, 0.0, 0.0, 0.0, 1.0],
                [0.991727, 0.011836, 0.127818, -0.0, -0.029337, 0.990285, 0.13592, 0.627449, -0.124967, -0.138545, 0.98244, 0.0, 0.0, 0.0, 0.0, 1.0],
                [0.991727, 0.011836, 0.127818, -0.0, -0.029337, 0.990286, 0.13592, 0.627449, -0.124967, -0.138545, 0.98244, -0.0, 0.0, 0.0, 0.0, 1.0]
            ]
        },
        {
            "name": "Leg_L",
            "time": [0.0, 0.5, 1.9583, 2.4583, 2.625],
            "transform": [
                [-0.978688, 0.025622, 0.203749, -0.207806, -0.19538, -0.421642, -0.885463, 0.115569, 0.063222, -0.906401, 0.417662, -0.0, 0.0, 0.0, 0.0, 1.0],
                [-0.822704, -0.385589, 0.417707, -0.207806, -0.281086, -0.362755, -0.888482, 0.115569, 0.494114, -0.848369, 0.190056, -0.0, 0.0, 0.0, 0.0, 1.0],
                [-0.822704, -0.385589, 0.417707, -0.207806, -0.281086, -0.362755, -0.888482, 0.115569, 0.494114, -0.848369, 0.190056, -0.0, 0.0, 0.0, 0.0, 1.0],
                [-0.978688, 0.025622, 0.203749, -0.207806, -0.19538, -0.421642, -0.885463, 0.115569, 0.063222, -0.906401, 0.417662, -0.0, 0.0, 0.0, 0.0, 1.0],
                [-0.978688, 0.025622, 0.203749, -0.207806, -0.19538, -0.421642, -0.885463, 0.115569, 0.063222, -0.906401, 0.417662, -0.0, 0.0, 0.0, 0.0, 1.0]
            ]
        },
        {
            "name": "Shin_L",
            "time": [0.0, 0.5, 1.9583, 2.4583, 2.625],
            "transform": [
                [0.978659, 0.190258, -0.077644, -0.0, -0.025139, -0.26416, -0.964151, 0.509061, -0.203948, 0.945527, -0.25374, 0.0, 0.0, 0.0, 0.0, 1.0],
                [0.978669, 0.181821, -0.095645, 0.0, -0.025122, -0.356147, -0.934092, 0.509061, -0.203901, 0.91657, -0.343983, 0.0, 0.0, 0.0, 0.0, 1.0],
                [0.978669, 0.181821, -0.095645, 0.0, -0.025122, -0.356147, -0.934092, 0.509061, -0.203901, 0.91657, -0.343983, 0.0, 0.0, 0.0, 0.0, 1.0],
                [0.978659, 0.190258, -0.077644, -0.0, -0.025139, -0.26416, -0.964151, 0.509061, -0.203948, 0.945527, -0.25374, 0.0, 0.0, 0.0, 0.0, 1.0],
                [0.978659, 0.190258, -0.077644, -0.0, -0.025139, -0.26416, -0.964151, 0.509061, -0.203948, 0.945527, -0.25374, 0.0, 0.0, 0.0, 0.0, 1.0]
            ]
        },
        {
            "name": "Foot_L",
            "time": [0.0, 0.5, 1.9583, 2.4583, 2.625],
            "transform": [
                [0.99669, 0.017068, 0.079485, -0.0, -0.070447, 0.669315, 0.739632, 0.436117, -0.040576, -0.742783, 0.668302, 0.0, 0.0, 0.0, 0.0, 1.0],
                [0.996687, 0.017146, 0.079505, -0.0, -0.075906, 0.547182, 0.833565, 0.436117, -0.029211, -0.836838, 0.546671, 0.0, 0.0, 0.0, 0.0, 1.0],
                [0.996687, 0.017146, 0.079505, -0.0, -0.075906, 0.547182, 0.833565, 0.436117, -0.029211, -0.836838, 0.546671, 0.0, 0.0, 0.0, 0.0, 1.0],
                [0.99669, 0.017068, 0.079485, -0.0, -0.070447, 0.669315, 0.739632, 0.436117, -0.040576, -0.742783, 0.668302, 0.0, 0.0, 0.0, 0.0, 1.0],
                [0.99669, 0.017068, 0.079485, -0.0, -0.070447, 0.669315, 0.739632, 0.436117, -0.040576, -0.742783, 0.668302, 0.0, 0.0, 0.0, 0.0, 1.0]
            ]
        },
        {
            "name": "Leg_R",
            "time": [0.0, 0.5, 1.9583, 2.2083, 2.4583, 2.625],
            "transform": [
                [-0.978688, 0.025622, 0.203749, 0.191296, -0.19538, -0.421642, -0.885463, 0.113517, 0.063222, -0.9064, 0.417662, 0.00081, 0.0, 0.0, 0.0, 1.0],
                [-0.934324, 0.125033, 0.333776, 0.191296, -0.344684, -0.555349, -0.756823, 0.113517, 0.090734, -0.822165, 0.561972, 0.00081, 0.0, 0.0, 0.0, 1.0],
                [-0.934324, 0.125033, 0.333776, 0.191296, -0.344684, -0.555349, -0.756823, 0.113517, 0.090734, -0.822165, 0.561972, 0.00081, 0.0, 0.0, 0.0, 1.0],
                [-0.947375, -0.119396, 0.297027, 0.191296, -0.256671, -0.271196, -0.927671, 0.113517, 0.191313, -0.95509, 0.226279, 0.00081, 0.0, 0.0, 0.0, 1.0],
                [-0.978688, 0.025622, 0.203749, 0.191296, -0.19538, -0.421642, -0.885463, 0.113517, 0.063222, -0.9064, 0.417662, 0.00081, 0.0, 0.0, 0.0, 1.0],
                [-0.978688, 0.025622, 0.203749, 0.191296, -0.19538, -0.421642, -0.885463, 0.113517, 0.063222, -0.9064, 0.417662, 0.00081, 0.0, 0.0, 0.0, 1.0]
            ]
        },
        {
            "name": "Shin_R",
            "time": [0.0, 0.5, 1.9583, 2.2083, 2.4583, 2.625],
            "transform": [
                [0.978659, 0.190258, -0.077644, -0.0, -0.025139, -0.26416, -0.964151, 0.509061, -0.203948, 0.945527, -0.253739, -0.0, 0.0, 0.0, 0.0, 1.0],
                [0.978666, 0.184298, -0.09081, 0.0, -0.025126, -0.331314, -0.943186, 0.509061, -0.203914, 0.925346, -0.319616, -0.0, 0.0, 0.0, 0.0, 1.0],
                [0.978666, 0.184298, -0.09081, 0.0, -0.025126, -0.331314, -0.943186, 0.509061, -0.203914, 0.925346, -0.319616, -0.0, 0.0, 0.0, 0.0, 1.0],
                [0.978663, 0.173345, -0.110323, 0.0, -0.025132, -0.431902, -0.90157, 0.509061, -0.203931, 0.885105, -0.41833, 0.0, 0.0, 0.0, 0.0, 1.0],
                [0.978659, 0.190258, -0.077644, -0.0, -0.025139, -0.26416, -0.964151, 0.509061, -0.203948, 0.945527, -0.253739, 0.0, 0.0, 0.0, 0.0, 1.0],
                [0.978659, 0.190258, -0.077644, -0.0, -0.025139, -0.26416, -0.964151, 0.509061, -0.203948, 0.945527, -0.253739, -0.0, 0.0, 0.0, 0.0, 1.0]
            ]
        },
        {
            "name": "Foot_R",
            "time": [0.0, 0.5, 1.9583, 2.2083, 2.4583, 2.625],
            "transform": [
                [0.99669, 0.017068, 0.079485, -0.0, -0.070447, 0.669315, 0.739632, 0.436117, -0.040576, -0.742783, 0.668301, -0.0, 0.0, 0.0, 0.0, 1.0],
                [0.996688, 0.017123, 0.079497, -0.0, -0.074401, 0.586598, 0.806453, 0.436117, -0.032824, -0.809697, 0.585929, 0.0, 0.0, 0.0, 0.0, 1.0],
                [0.996688, 0.017123, 0.079497, -0.0, -0.074401, 0.586598, 0.806453, 0.436117, -0.032824, -0.809697, 0.585929, 0.0, 0.0, 0.0, 0.0, 1.0],
                [0.996689, 0.059735, 0.055161, -0.0, -0.072527, 0.959825, 0.271064, 0.436117, -0.036753, -0.274167, 0.96098, 0.0, 0.0, 0.0, 0.0, 1.0],
                [0.99669, 0.017068, 0.079485, -0.0, -0.070447, 0.669315, 0.739632, 0.436117, -0.040576, -0.742783, 0.668301, -0.0, 0.0, 0.0, 0.0, 1.0],
                [0.99669, 0.017068, 0.079485, -0.0, -0.070447, 0.669315, 0.739632, 0.436117, -0.040576, -0.742783, 0.668301, -0.0, 0.0, 0.0, 0.0, 1.0]
            ]
        }
    ]
}