{
    "animation": [
        {
            "name": "Root",
            "time": [0.0, 0.25, 0.4333, 0.5667, 0.8833, 1.2333],
            "transform": [
                [0.879679, 0.0, -0.475568, -5e-06, -0.475568, 0.0, -0.879679, 0.000946, 0.0, 1.0, 0.0, 0.74484, 0.0, 0.0, 0.0, 1.0],
                [0.611212, 0.0, 0.791467, 0.024713, 0.786082, -0.116454, -0.607054, -0.486925, 0.09217, 0.993196, -0.071178, 0.630541, 0.0, 0.0, 0.0, 1.0],
                [0.611212, 0.0, 0.791467, 0.024713, 0.786082, -0.116454, -0.607054, -0.545467, 0.09217, 0.993196, -0.071178, 0.630541, 0.0, 0.0, 0.0, 1.0],
                [0.876733, 0.0, -0.480977, -5e-06, -0.480977, 0.0, -0.876733, 0.371253, 0.0, 1.0, 0.0, 0.74484, 0.0, 0.0, 0.0, 1.0],
                [0.622021, 0.0, -0.783, -5e-06, -0.783, 0.0, -0.622021, 0.54104, 0.0, 1.0, 0.0, 0.74484, 0.0, 0.0, 0.0, 1.0],
                [0.622021, 0.0, -0.783, -5e-06, -0.783, 0.0, -0.622021, 0.54104, 0.0, 1.0, 0.0, 0.74484, 0.0, 0.0, 0.0, 1.0]
            ]
        },
        {
            "name": "Thigh_R",
            "time": [0.0, 0.25, 0.4333, 0.5667, 0.8833, 1.2333],
            "transform": [
                [0.882447, 0.17581, 0.436322, 0.124994, 0.070992, -0.966681, 0.245934, -0.002831, 0.465022, -0.186047, -0.865529, -1.2e-05, 0.0, 0.0, 0.0, 1.0],
                [0.882447, 0.322343, 0.342608, 0.124994, 0.070992, -0.81123, 0.580399, -0.002831, 0.465022, -0.487848, -0.738754, -1.2e-05, 0.0, 0.0, 0.0, 1.0],
                [0.835744, 0.429128, 0.342608, 0.124994, 0.170893, -0.796197, 0.580399, -0.002831, 0.52185, -0.426514, -0.738754, -1.2e-05, 0.0, 0.0, 0.0, 1.0],
                [0.933198, 0.178191, -0.312073, 0.124994, 0.227873, -0.96491, 0.130457, -0.002831, -0.277876, -0.192854, -0.941059, -1.2e-05, 0.0, 0.0, 0.0, 1.0],
                [0.844069, 0.139563, -0.517755, 0.124994, 0.169115, -0.985543, 0.01004, -0.002831, -0.508869, -0.096034, -0.85547, -1.2e-05, 0.0, 0.0, 0.0, 1.0],
                [0.844069, 0.139563, -0.517755, 0.124994, 0.169115, -0.985543, 0.01004, -0.002831, -0.508869, -0.096034, -0.85547, -1.2e-05, 0.0, 0.0, 0.0, 1.0]
            ]
        },
        {
            "name": "Leg_R",
            "time": [0.0, 0.25, 0.4333, 0.5667, 0.8833, 1.2333],
            "transform": [
                [1.0, 0.0, 1e-06, 0.0, -0.0, 0.984472, 0.175547, 0.37472, -1e-06, -0.175547, 0.98447, -0.0, 0.0, 0.0, 0.0, 1.0],
                [1.0, 0.0, 1e-06, 0.0, -0.0, 0.984472, 0.175546, 0.37472, -1e-06, -0.175547, 0.98447, -0.0, 0.0, 0.0, 0.0, 1.0],
                [1.0, 0.0, 1e-06, -0.0, -0.0, 0.952579, 0.304294, 0.37472, -1e-06, -0.304294, 0.952577, -0.0, 0.0, 0.0, 0.0, 1.0],
                [1.0, 0.0, 1e-06, -0.0, -0.0, 0.952579, 0.304294, 0.37472, -1e-06, -0.304294, 0.952577, 0.0, 0.0, 0.0, 0.0, 1.0],
                [1.0, 0.0, 1e-06, -0.0, -0.0, 0.952579, 0.304294, 0.37472, -1e-06, -0.304294, 0.952578, -0.0, 0.0, 0.0, 0.0, 1.0],
                [1.0, 0.0, 1e-06, -0.0, -0.0, 0.952579, 0.304294, 0.37472, -1e-06, -0.304294, 0.952578, -0.0, 0.0, 0.0, 0.0, 1.0]
            ]
        },
        {
            "name": "Knee_R",
            "time": [0.0, 0.25, 0.4333, 0.5667, 0.8833, 1.2333],
            "transform": [
                [1.0, 0.0, -0.0, 0.0, -0.0, 1e-06, -1.0, 0.383077, -0.0, 1.0, 1e-06, -0.001653, 0.0, 0.0, 0.0, 1.0],
                [1.0, 0.0, -0.0, 0.0, -0.0, 1e-06, -1.0, 0.383077, -0.0, 1.0, 1e-06, -0.001653, 0.0, 0.0, 0.0, 1.0],
                [1.0, 0.0, -0.0, -0.0, -0.0, 1e-06, -1.0, 0.383077, -0.0, 1.0, 1e-06, -0.001653, 0.0, 0.0, 0.0, 1.0],
                [1.0, 0.0, -0.0, -0.0, -0.0, 1e-06, -1.0, 0.383077, -0.0, 1.0, 1e-06, -0.001653, 0.0, 0.0, 0.0, 1.0],
                [1.0, 0.0, -0.0, -0.0, -0.0, 1e-06, -1.0, 0.383077, -0.0, 1.0, 1e-06, -0.001653, 0.0, 0.0, 0.0, 1.0],
                [1.0, 0.0, -0.0, -0.0, -0.0, 1e-06, -1.0, 0.383077, -0.0, 1.0, 1e-06, -0.001653, 0.0, 0.0, 0.0, 1.0]
            ]
        },
        {
            "name": "Thigh_L",
            "time": [0.0, 0.25, 0.4333, 0.5667, 0.8833, 1.2333],
            "transform": [
                [0.950598, -0.208511, -0.22997, -0.125006, -0.120478, -0.930568, 0.345728, -0.002831, -0.286091, -0.300941, -0.909717, -1.2e-05, 0.0, 0.0, 0.0, 1.0],
                [0.823501, -0.51705, -0.233464, -0.125006, -0.564272, -0.789069, -0.242828, -0.002831, -0.058664, 0.331707, -0.941556, -1.2e-05, 0.0, 0.0, 0.0, 1.0],
                [0.765198, -0.581333, -0.276629, -0.125006, -0.640043, -0.733249, -0.229543, -0.002831, -0.069397, 0.352701, -0.933159, -1.2e-05, 0.0, 0.0, 0.0, 1.0],
                [0.786991, -0.50092, -0.360173, -0.125006, -0.33739, -0.838181, 0.42851, -0.002831, -0.516539, -0.215715, -0.828646, -1.2e-05, 0.0, 0.0, 0.0, 1.0],
                [0.562091, -0.409832, -0.718395, -0.125006, 0.005702, -0.866656, 0.498873, -0.002831, -0.827055, -0.284508, -0.484803, -1.2e-05, 0.0, 0.0, 0.0, 1.0],
                [0.562091, -0.409832, -0.718395, -0.125006, 0.005702, -0.866656, 0.498873, -0.002831, -0.827055, -0.284508, -0.484803, -1.2e-05, 0.0, 0.0, 0.0, 1.0]
            ]
        },
        {
            "name": "Leg_L",
            "time": [0.0, 0.25, 0.4333, 0.5667, 0.8833, 1.2333],
            "transform": [
                [1.0, -0.0, 1e-06, 0.0, -0.0, 0.947813, 0.318825, 0.37472, -1e-06, -0.318825, 0.947814, -0.0, 0.0, 0.0, 0.0, 1.0],
                [1.0, -0.0, 1e-06, 0.0, -0.0, 0.947813, 0.318825, 0.37472, -1e-06, -0.318825, 0.947814, -0.0, 0.0, 0.0, 0.0, 1.0],
                [1.0, -0.0, 1e-06, -0.0, -0.0, 0.947813, 0.318825, 0.37472, -1e-06, -0.318825, 0.947814, -0.0, 0.0, 0.0, 0.0, 1.0],
                [1.0, -1e-06, 1e-06, 0.0, -0.0, 0.540995, 0.841026, 0.37472, -1e-06, -0.841025, 0.540995, -0.0, 0.0, 0.0, 0.0, 1.0],
                [1.0, -0.0, 1e-06, -0.0, -0.0, 0.947813, 0.318825, 0.37472, -1e-06, -0.318825, 0.947814, -0.0, 0.0, 0.0, 0.0, 1.0],
                [1.0, -0.0, 1e-06, -0.0, -0.0, 0.947813, 0.318825, 0.37472, -1e-06, -0.318825, 0.947814, -0.0, 0.0, 0.0, 0.0, 1.0]
            ]
        },
        {
            "name": "Knee_L",
            "time": [0.0, 0.25, 0.4333, 0.5667, 0.8833, 1.2333],
            "transform": [
                [1.0, 0.0, -0.0, 0.0, -0.0, 1e-06, -1.0, 0.37472, -0.0, 1.0, 1e-06, -0.0, 0.0, 0.0, 0.0, 1.0],
                [1.0, 0.0, -0.0, 0.0, -0.0, 1e-06, -1.0, 0.37472, -0.0, 1.0, 1e-06, -0.0, 0.0, 0.0, 0.0, 1.0],
                [1.0, 0.0, -0.0, -0.0, -0.0, 1e-06, -1.0, 0.37472, -0.0, 1.0, 1e-06, -0.0, 0.0, 0.0, 0.0, 1.0],
                [1.0, 0.0, -0.0, 0.0, -0.0, 1e-06, -1.0, 0.37472, -0.0, 1.0, 1e-06, -0.0, 0.0, 0.0, 0.0, 1.0],
                [1.0, 0.0, -0.0, -0.0, -0.0, 1e-06, -1.0, 0.37472, -0.0, 1.0, 1e-06, -0.0, 0.0, 0.0, 0.0, 1.0],
                [1.0, 0.0, -0.0, -0.0, -0.0, 1e-06, -1.0, 0.37472, -0.0, 1.0, 1e-06, -0.0, 0.0, 0.0, 0.0, 1.0]
            ]
        },
        {
            "name": "Torso",
            "time": [0.0, 0.25, 0.4333, 0.5667, 0.8833, 1.2333],
            "transform": [
                [0.996512, 0.0, 0.083446, -0.0, 0.0, 1.0, 0.0, 0.05, -0.083446, 0.0, 0.996512, 0.0, 0.0, 0.0, 0.0, 1.0],
                [0.996512, 0.0, 0.083446, 0.0, 0.0, 1.0, 0.0, 0.05, -0.083446, 0.0, 0.996512, 0.0, 0.0, 0.0, 0.0, 1.0],
                [0.996548, -0.043002, 0.071014, 0.0, 0.040232, 0.99839, 0.039984, 0.05, -0.072619, -0.036989, 0.996674, 0.0, 0.0, 0.0, 0.0, 1.0],
                [0.996548, -0.043002, 0.071014, 0.0, 0.040232, 0.99839, 0.039984, 0.05, -0.072619, -0.036989, 0.996674, 0.0, 0.0, 0.0, 0.0, 1.0],
                [0.996548, -0.043002, 0.071014, -0.0, 0.040232, 0.99839, 0.039984, 0.05, -0.072619, -0.036989, 0.996674, -0.0, 0.0, 0.0, 0.0, 1.0],
                [0.996548, -0.043002, 0.071014, -0.0, 0.040232, 0.99839, 0.039984, 0.05, -0.072619, -0.036989, 0.996674, -0.0, 0.0, 0.0, 0.0, 1.0]
            ]
        },
        {
            "name": "Chest",
            "time": [0.0, 0.25, 0.4333, 0.4833, 0.5667, 0.8833, 1.2333],
            "transform": [
                [0.999232, 0.004476, 0.038924, -0.0, -0.006676, 0.998376, 0.056579, 0.3, -0.038608, -0.056795, 0.997639, -0.0, 0.0, 0.0, 0.0, 1.0],
                [0.661278, 0.182123, 0.727697, 0.0, -0.04227, 0.977585, -0.206252, 0.3, -0.748949, 0.10563, 0.654154, 0.0, 0.0, 0.0, 0.0, 1.0],
                [0.708385, 0.171773, 0.684605, -0.0, -0.036693, 0.977585, -0.207317, 0.3, -0.704872, 0.12174, 0.69881, 0.0, 0.0, 0.0, 0.0, 1.0],
                [0.703527, 0.107093, 0.702553, 0.0, -0.030938, 0.992259, -0.120273, 0.3, -0.709995, 0.06288, 0.701394, 0.0, 0.0, 0.0, 0.0, 1.0],
                [0.959671, 0.034485, -0.279001, 0.0, 0.017724, 0.983051, 0.182474, 0.3, 0.280565, -0.18006, 0.942795, -0.0, 0.0, 0.0, 0.0, 1.0],
                [0.821713, 0.063376, -0.566367, 0.0, 0.108281, 0.958332, 0.264336, 0.3, 0.559521, -0.278536, 0.780612, -0.0, 0.0, 0.0, 0.0, 1.0],
                [0.821713, 0.063376, -0.566367, 0.0, 0.108281, 0.958332, 0.264336, 0.3, 0.559521, -0.278536, 0.780612, -0.0, 0.0, 0.0, 0.0, 1.0]
            ]
        },
        {
            "name": "Head",
            "time": [0.0, 0.25, 0.4333, 0.5667, 0.8833, 1.2333],
            "transform": [
                [0.89317, -0.0, 0.44972, -0.0, 0.01104, 0.999699, -0.021925, 0.4, -0.449585, 0.024548, 0.8929, -0.0, 0.0, 0.0, 0.0, 1.0],
                [0.521162, 0.0, -0.853458, 0.0, -0.020951, 0.999699, -0.012793, 0.4, 0.853201, 0.024548, 0.521005, -0.0, 0.0, 0.0, 0.0, 1.0],
                [0.423327, 0.0, -0.905977, 0.0, -0.02224, 0.999699, -0.010392, 0.4, 0.905704, 0.024548, 0.4232, 0.0, 0.0, 0.0, 0.0, 1.0],
                [0.899247, -0.0, 0.437441, 0.0, 0.010738, 0.999699, -0.022075, 0.4, -0.43731, 0.024548, 0.898976, 0.0, 0.0, 0.0, 0.0, 1.0],
                [0.61323, -0.0, 0.789904, -0.0, 0.019391, 0.999699, -0.015053, 0.4, -0.789666, 0.024548, 0.613045, 0.0, 0.0, 0.0, 0.0, 1.0],
                [0.61323, -0.0, 0.789904, -0.0, 0.019391, 0.999699, -0.015053, 0.4, -0.789666, 0.024548, 0.613045, 0.0, 0.0, 0.0, 0.0, 1.0]
            ]
        },
        {
            "name": "Shoulder_R",
            "time": [0.0, 0.25, 0.4333, 0.5667, 0.8833, 1.2333],
            "transform": [
                [-0.004613, 0.951979, 0.306128, -0.0, 0.000526, -0.306129, 0.95199, 0.4, 0.999989, 0.004553, 0.000911, -0.0, 0.0, 0.0, 0.0, 1.0],
                [-0.004613, 0.951979, 0.306128, 0.0, 0.000526, -0.306129, 0.95199, 0.4, 0.999989, 0.004553, 0.000911, -0.0, 0.0, 0.0, 0.0, 1.0],
                [-0.004613, 0.951979, 0.306128, 0.0, 0.000526, -0.306129, 0.95199, 0.4, 0.999989, 0.004553, 0.000911, 0.0, 0.0, 0.0, 0.0, 1.0],
                [-0.004613, 0.951979, 0.306128, 0.0, 0.000526, -0.306129, 0.95199, 0.4, 0.999989, 0.004553, 0.000911, 0.0, 0.0, 0.0, 0.0, 1.0],
                [-0.004613, 0.951979, 0.306128, -0.0, 0.000526, -0.306129, 0.95199, 0.4, 0.999989, 0.004553, 0.000911, 0.0, 0.0, 0.0, 0.0, 1.0],
                [-0.004613, 0.951979, 0.306128, -0.0, 0.000526, -0.306129, 0.95199, 0.4, 0.999989, 0.004553, 0.000911, 0.0, 0.0, 0.0, 0.0, 1.0]
            ]
        },
        {
            "name": "Arm_R",
            "time": [0.0, 0.0833, 0.25, 0.4333, 0.5667, 0.8833, 1.2333],
            "transform": [
                [-0.025608, -0.970091, 0.241385, -0.0, 0.772047, -0.172584, -0.611685, 0.393861, 0.63505, 0.170696, 0.753375, -0.0, 0.0, 0.0, 0.0, 1.0],
                [-0.150849, -0.717718, -0.679798, 0.0, 0.749095, 0.36573, -0.552357, 0.39386, 0.645059, -0.592556, 0.482469, -0.0, 0.0, 0.0, 0.0, 1.0],
                [0.023497, -0.733013, -0.679808, -0.0, -0.230685, 0.65767, -0.717116, 0.39386, 0.972745, 0.173671, -0.153642, -0.0, 0.0, 0.0, 0.0, 1.0],
                [0.241334, -0.891084, -0.384352, 0.0, -0.169004, 0.351415, -0.920839, 0.393861, 0.955613, 0.287187, -0.065788, -0.0, 0.0, 0.0, 0.0, 1.0],
                [-0.006092, -0.161549, -0.986846, -0.0, 0.248266, 0.955722, -0.157986, 0.393861, 0.968673, -0.245963, 0.034285, -0.0, 0.0, 0.0, 0.0, 1.0],
                [-0.047497, 0.058375, -0.997164, 0.0, 0.394815, 0.918096, 0.034941, 0.393861, 0.917532, -0.392036, -0.066654, 0.0, 0.0, 0.0, 0.0, 1.0],
                [-0.047497, 0.058375, -0.997164, 0.0, 0.394815, 0.918096, 0.034941, 0.393861, 0.917532, -0.392036, -0.066654, 0.0, 0.0, 0.0, 0.0, 1.0]
            ]
        },
        {
            "name": "Hand_R",
            "time": [0.0, 0.25, 0.4333, 0.5667, 0.8833, 1.2333],
            "transform": [
                [1.0, -0.0, 0.0, -0.0, 0.0, -0.293998, -0.955806, 0.3, 0.0, 0.955806, -0.293998, 0.0, 0.0, 0.0, 0.0, 1.0],
                [1.0, -0.0, -0.0, -0.0, -0.0, 0.825526, -0.564364, 0.3, 0.0, 0.564364, 0.825526, -0.0, 0.0, 0.0, 0.0, 1.0],
                [1.0, -0.0, -0.0, -0.0, -0.0, 0.825526, -0.564364, 0.3, 0.0, 0.564364, 0.825526, -0.0, 0.0, 0.0, 0.0, 1.0],
                [1.0, -0.0, -0.0, 0.0, 0.0, 0.99595, -0.089906, 0.3, 0.0, 0.089906, 0.99595, -0.0, 0.0, 0.0, 0.0, 1.0],
                [1.0, 0.0, -0.0, -0.0, 0.0, 0.997501, 0.070647, 0.3, 0.0, -0.070647, 0.997501, 0.0, 0.0, 0.0, 0.0, 1.0],
                [1.0, 0.0, -0.0, -0.0, 0.0, 0.997501, 0.070647, 0.3, 0.0, -0.070647, 0.997501, 0.0, 0.0, 0.0, 0.0, 1.0]
            ]
        },
        {
            "name": "Tool_R",
            "time": [0.0, 0.25, 0.4333, 0.5667, 0.8833, 1.2333],
            "transform": [
                [0.855655, -0.306148, -0.398828, -0.0, -0.338409, -0.914583, 0.01597, 0.272858, -0.391351, 0.121341, -0.884773, 0.0, 0.0, 0.0, 0.0, 1.0],
                [0.948952, -0.306188, 0.016119, 0.0, -0.309895, -0.914569, -0.133096, 0.272858, 0.058748, 0.121344, -0.961251, 0.0, 0.0, 0.0, 0.0, 1.0],
                [0.948952, -0.306188, 0.016119, 0.0, -0.309894, -0.914569, -0.133096, 0.272858, 0.058748, 0.121344, -0.961251, -0.0, 0.0, 0.0, 0.0, 1.0],
                [0.948952, -0.306188, 0.016119, -0.0, -0.309895, -0.914569, -0.133096, 0.272858, 0.058748, 0.121344, -0.961251, 0.0, 0.0, 0.0, 0.0, 1.0],
                [0.948952, -0.306188, 0.016119, -0.0, -0.309895, -0.914569, -0.133096, 0.272858, 0.058748, 0.121344, -0.961251, 0.0, 0.0, 0.0, 0.0, 1.0],
                [0.948952, -0.306188, 0.016119, -0.0, -0.309895, -0.914569, -0.133096, 0.272858, 0.058748, 0.121344, -0.961251, 0.0, 0.0, 0.0, 0.0, 1.0]
            ]
        },
        {
            "name": "Elbow_R",
            "time": [0.0, 0.25, 0.4333, 0.5667, 0.8833, 1.2333],
            "transform": [
                [-1.0, 0.0, 0.0, -0.0, 0.0, 0.735098, -0.677961, 0.3, -0.0, -0.677961, -0.735098, 0.0, 0.0, 0.0, 0.0, 1.0],
                [-1.0, 0.0, 0.0, -0.0, 0.0, 0.735098, -0.677961, 0.3, -0.0, -0.677961, -0.735098, -0.0, 0.0, 0.0, 0.0, 1.0],
                [-1.0, 0.0, 0.0, -0.0, 0.0, 0.735098, -0.677961, 0.3, -0.0, -0.677961, -0.735098, -0.0, 0.0, 0.0, 0.0, 1.0],
                [-1.0, 0.0, 0.0, 0.0, 0.0, 0.735098, -0.677961, 0.3, -0.0, -0.677961, -0.735098, -0.0, 0.0, 0.0, 0.0, 1.0],
                [-1.0, 0.0, 0.0, -0.0, 0.0, 0.735098, -0.677961, 0.3, -0.0, -0.677961, -0.735098, 0.0, 0.0, 0.0, 0.0, 1.0],
                [-1.0, 0.0, 0.0, -0.0, 0.0, 0.735098, -0.677961, 0.3, -0.0, -0.677961, -0.735098, 0.0, 0.0, 0.0, 0.0, 1.0]
            ]
        },
        {
            "name": "Shoulder_L",
            "time": [0.0, 0.25, 0.4333, 0.5667, 0.8833, 1.2333],
            "transform": [
                [0.004613, -0.952228, -0.305355, -0.0, 0.000524, -0.305355, 0.952238, 0.4, -0.999989, -0.004553, -0.00091, -0.0, 0.0, 0.0, 0.0, 1.0],
                [0.004613, -0.952227, -0.305355, 0.0, 0.000524, -0.305355, 0.952238, 0.4, -0.999989, -0.004553, -0.00091, -0.0, 0.0, 0.0, 0.0, 1.0],
                [0.004613, -0.952228, -0.305355, 0.0, 0.000524, -0.305355, 0.952238, 0.4, -0.999989, -0.004553, -0.00091, 0.0, 0.0, 0.0, 0.0, 1.0],
                [0.004613, -0.952227, -0.305355, 0.0, 0.000524, -0.305355, 0.952238, 0.4, -0.999989, -0.004553, -0.00091, 0.0, 0.0, 0.0, 0.0, 1.0],
                [0.004613, -0.952228, -0.305355, -0.0, 0.000524, -0.305355, 0.952238, 0.4, -0.999989, -0.004553, -0.00091, 0.0, 0.0, 0.0, 0.0, 1.0],
                [0.004613, -0.952228, -0.305355, -0.0, 0.000524, -0.305355, 0.952238, 0.4, -0.999989, -0.004553, -0.00091, 0.0, 0.0, 0.0, 0.0, 1.0]
            ]
        },
        {
            "name": "Arm_L",
            "time": [0.0, 0.25, 0.4333, 0.5667, 0.8833, 1.2333],
            "transform": [
                [-0.798698, -0.121067, -0.589428, 0.0, 0.462324, 0.50351, -0.729887, 0.39386, 0.385148, -0.855465, -0.34618, -0.0, 0.0, 0.0, 0.0, 1.0],
                [-0.798698, -0.121067, -0.589428, 0.0, 0.462324, 0.50351, -0.729887, 0.39386, 0.385148, -0.855465, -0.34618, 0.0, 0.0, 0.0, 0.0, 1.0],
                [-0.798698, -0.121067, -0.589428, -0.0, 0.462324, 0.50351, -0.729887, 0.39386, 0.385148, -0.855465, -0.34618, 0.0, 0.0, 0.0, 0.0, 1.0],
                [-0.798698, -0.121067, -0.589428, -0.0, 0.462324, 0.50351, -0.729887, 0.39386, 0.385148, -0.855465, -0.34618, -0.0, 0.0, 0.0, 0.0, 1.0],
                [-0.798698, -0.121067, -0.589428, 0.0, 0.462324, 0.50351, -0.729887, 0.39386, 0.385148, -0.855465, -0.34618, 0.0, 0.0, 0.0, 0.0, 1.0],
                [-0.798698, -0.121067, -0.589428, 0.0, 0.462324, 0.50351, -0.729887, 0.39386, 0.385148, -0.855465, -0.34618, 0.0, 0.0, 0.0, 0.0, 1.0]
            ]
        },
        {
            "name": "Hand_L",
            "time": [0.0, 0.25, 0.4333, 0.5667, 0.8833, 1.2333],
            "transform": [
                [1.0, 0.0, 0.0, -0.0, -0.0, 0.474033, -0.880507, 0.3, -0.0, 0.880507, 0.474033, -0.0, 0.0, 0.0, 0.0, 1.0],
                [1.0, 0.0, 0.0, 0.0, -0.0, 0.474033, -0.880507, 0.3, -0.0, 0.880507, 0.474033, -0.0, 0.0, 0.0, 0.0, 1.0],
                [1.0, 0.0, 0.0, 0.0, -0.0, 0.474033, -0.880507, 0.3, -0.0, 0.880507, 0.474033, 0.0, 0.0, 0.0, 0.0, 1.0],
                [1.0, 0.0, 0.0, 0.0, -0.0, 0.474033, -0.880507, 0.3, -0.0, 0.880507, 0.474033, -0.0, 0.0, 0.0, 0.0, 1.0],
                [1.0, 0.0, 0.0, -0.0, -0.0, 0.474033, -0.880507, 0.3, -0.0, 0.880507, 0.474033, 0.0, 0.0, 0.0, 0.0, 1.0],
                [1.0, 0.0, 0.0, -0.0, -0.0, 0.474033, -0.880507, 0.3, -0.0, 0.880507, 0.474033, 0.0, 0.0, 0.0, 0.0, 1.0]
            ]
        },
        {
            "name": "Tool_L",
            "time": [0.0, 0.25, 0.4333, 0.5667, 0.8833, 1.2333],
            "transform": [
                [1.0, 0.0, 0.0, 0.0, -0.0, -0.999836, 0.018122, 0.272858, 0.0, -0.018122, -0.999247, -0.0, 0.0, 0.0, 0.0, 1.0],
                [1.0, 0.0, 0.0, -0.0, 0.0, -0.999836, 0.018122, 0.272858, 0.0, -0.018122, -0.999247, -0.0, 0.0, 0.0, 0.0, 1.0],
                [1.0, 0.0, 0.0, 0.0, 0.0, -0.999836, 0.018122, 0.272858, 0.0, -0.018122, -0.999247, -0.0, 0.0, 0.0, 0.0, 1.0],
                [1.0, 0.0, 0.0, -0.0, 0.0, -0.999836, 0.018122, 0.272858, 0.0, -0.018122, -0.999247, 0.0, 0.0, 0.0, 0.0, 1.0],
                [1.0, -0.0, 0.0, 0.0, 0.0, -0.999836, 0.018122, 0.272858, 0.0, -0.018122, -0.999247, 0.0, 0.0, 0.0, 0.0, 1.0],
                [1.0, -0.0, 0.0, 0.0, 0.0, -0.999836, 0.018122, 0.272858, 0.0, -0.018122, -0.999247, 0.0, 0.0, 0.0, 0.0, 1.0]
            ]
        },
        {
            "name": "Elbow_L",
            "time": [0.0, 0.25, 0.4333, 0.5667, 0.8833, 1.2333],
            "transform": [
                [-1.0, 0.0, -0.0, -0.0, -0.0, -0.0, -1.0, 0.3, -0.0, -1.0, 0.0, -0.0, 0.0, 0.0, 0.0, 1.0],
                [-1.0, 0.0, -0.0, 0.0, 0.0, -0.0, -1.0, 0.3, -0.0, -1.0, -0.0, -0.0, 0.0, 0.0, 0.0, 1.0],
                [-1.0, 0.0, -0.0, 0.0, 0.0, -0.0, -1.0, 0.3, -0.0, -1.0, -0.0, 0.0, 0.0, 0.0, 0.0, 1.0],
                [-1.0, 0.0, -0.0, 0.0, 0.0, -0.0, -1.0, 0.3, -0.0, -1.0, -0.0, -0.0, 0.0, 0.0, 0.0, 1.0],
                [-1.0, 0.0, -0.0, -0.0, 0.0, -0.0, -1.0, 0.3, -0.0, -1.0, -0.0, 0.0, 0.0, 0.0, 0.0, 1.0],
                [-1.0, 0.0, -0.0, -0.0, 0.0, -0.0, -1.0, 0.3, -0.0, -1.0, -0.0, 0.0, 0.0, 0.0, 0.0, 1.0]
            ]
        }
    ]
}