{
    "animation": [
        {
            "name": "Root",
            "time": [0.0, 0.1833, 0.45, 0.5333, 0.75, 1.4],
            "transform": [
                [0.979012, 0.0, -0.203803, -5e-06, -0.203803, 0.0, -0.979012, 0.031688, 0.0, 1.0, 0.0, 0.65162, 0.0, 0.0, 0.0, 1.0],
                [0.682352, 0.0, -0.731024, -5e-06, -0.731024, 0.0, -0.682352, -0.098044, 0.0, 1.0, 0.0, 0.619721, 0.0, 0.0, 0.0, 1.0],
                [0.682352, 0.0, -0.731024, -5e-06, -0.731024, 0.0, -0.682352, -0.098044, 0.0, 1.0, 0.0, 0.619721, 0.0, 0.0, 0.0, 1.0],
                [0.682352, 0.0, -0.731024, -5e-06, -0.731024, 0.0, -0.682352, -0.433858, 0.0, 1.0, 0.0, 0.572923, 0.0, 0.0, 0.0, 1.0],
                [0.682352, 0.0, -0.731024, -5e-06, -0.731024, 0.0, -0.682352, -0.468513, 0.0, 1.0, 0.0, 0.619721, 0.0, 0.0, 0.0, 1.0],
                [0.879679, 0.0, -0.475568, -5e-06, -0.475568, 0.0, -0.879679, -0.819653, 0.0, 1.0, 0.0, 0.74484, 0.0, 0.0, 0.0, 1.0]
            ]
        },
        {
            "name": "Thigh_R",
            "time": [0.0, 0.1833, 0.45, 0.5333, 0.75, 1.4],
            "transform": [
                [0.86219, 0.248649, 0.441364, 0.124994, 0.371623, -0.902547, -0.217489, -0.002831, 0.344274, 0.351537, -0.870573, -1.2e-05, 0.0, 0.0, 0.0, 1.0],
                [0.845207, 0.316054, 0.430969, 0.124994, 0.444718, -0.863143, -0.239178, -0.002831, 0.296395, 0.393814, -0.870092, -1.2e-05, 0.0, 0.0, 0.0, 1.0],
                [0.814072, 0.418655, 0.40251, 0.124994, 0.513117, -0.843113, -0.160839, -0.002831, 0.272025, 0.337469, -0.901175, -1.2e-05, 0.0, 0.0, 0.0, 1.0],
                [0.737095, 0.592773, 0.324514, 0.124994, 0.64521, -0.760107, -0.077061, -0.002831, 0.200986, 0.266181, -0.942737, -1.2e-05, 0.0, 0.0, 0.0, 1.0],
                [0.814072, 0.418655, 0.40251, 0.124994, 0.513117, -0.843113, -0.160839, -0.002831, 0.272025, 0.337469, -0.901175, -1.2e-05, 0.0, 0.0, 0.0, 1.0],
                [0.882447, 0.17581, 0.436322, 0.124994, 0.070992, -0.966681, 0.245934, -0.002831, 0.465022, -0.186047, -0.865529, -1.2e-05, 0.0, 0.0, 0.0, 1.0]
            ]
        },
        {
            "name": "Leg_R",
            "time": [0.0, 0.1833, 0.45, 0.5333, 0.75, 1.4],
            "transform": [
                [1.0, 0.0, 1e-06, 0.0, -0.0, 0.984472, 0.175547, 0.37472, -1e-06, -0.175547, 0.98447, -0.0, 0.0, 0.0, 0.0, 1.0],
                [1.0, 0.0, 1e-06, 0.0, -0.0, 0.984472, 0.175547, 0.37472, -1e-06, -0.175547, 0.98447, 0.0, 0.0, 0.0, 0.0, 1.0],
                [1.0, 0.0, 1e-06, -0.0, -0.0, 0.93618, 0.351521, 0.37472, -1e-06, -0.351522, 0.936179, -0.0, 0.0, 0.0, 0.0, 1.0],
                [1.0, -0.0, 1e-06, 0.0, -0.0, 0.847231, 0.531225, 0.37472, -1e-06, -0.531226, 0.84723, -0.0, 0.0, 0.0, 0.0, 1.0],
                [1.0, 0.0, 1e-06, -0.0, -0.0, 0.93618, 0.351521, 0.37472, -1e-06, -0.351522, 0.936179, -0.0, 0.0, 0.0, 0.0, 1.0],
                [1.0, 0.0, 1e-06, -0.0, -0.0, 0.984472, 0.175547, 0.37472, -1e-06, -0.175547, 0.98447, -0.0, 0.0, 0.0, 0.0, 1.0]
            ]
        },
        {
            "name": "Knee_R",
            "time": [0.0, 0.1833, 0.45, 0.75, 1.4],
            "transform": [
                [1.0, 0.0, -0.0, -0.0, -0.0, 1e-06, -1.0, 0.383077, -0.0, 1.0, 1e-06, -0.001653, 0.0, 0.0, 0.0, 1.0],
                [1.0, 0.0, -0.0, 0.0, -0.0, 1e-06, -1.0, 0.383077, -0.0, 1.0, 1e-06, -0.001653, 0.0, 0.0, 0.0, 1.0],
                [1.0, 0.0, -0.0, -0.0, -0.0, 1e-06, -1.0, 0.383077, -0.0, 1.0, 1e-06, -0.001653, 0.0, 0.0, 0.0, 1.0],
                [1.0, 0.0, -0.0, 0.0, -0.0, 1e-06, -1.0, 0.383077, -0.0, 1.0, 1e-06, -0.001653, 0.0, 0.0, 0.0, 1.0],
                [1.0, 0.0, -0.0, -0.0, -0.0, 1e-06, -1.0, 0.383077, -0.0, 1.0, 1e-06, -0.001653, 0.0, 0.0, 0.0, 1.0]
            ]
        },
        {
            "name": "Thigh_L",
            "time": [0.0, 0.1833, 0.45, 0.5333, 0.75, 1.4],
            "transform": [
                [0.944061, -0.26681, -0.193803, -0.125006, -0.062803, -0.722405, 0.688611, -0.002831, -0.323733, -0.63792, -0.698752, -1.2e-05, 0.0, 0.0, 0.0, 1.0],
                [0.685245, -0.620143, -0.381917, -0.125006, -0.058287, -0.569401, 0.819991, -0.002831, -0.725976, -0.539634, -0.426326, -1.2e-05, 0.0, 0.0, 0.0, 1.0],
                [0.685245, -0.620143, -0.381917, -0.125006, -0.058287, -0.569401, 0.819991, -0.002831, -0.725976, -0.539634, -0.426326, -1.2e-05, 0.0, 0.0, 0.0, 1.0],
                [0.685245, -0.628492, -0.368017, -0.125006, -0.058287, -0.551005, 0.832463, -0.002831, -0.725976, -0.548991, -0.414207, -1.2e-05, 0.0, 0.0, 0.0, 1.0],
                [0.685245, -0.620143, -0.381917, -0.125006, -0.058287, -0.569401, 0.819991, -0.002831, -0.725976, -0.539634, -0.426326, -1.2e-05, 0.0, 0.0, 0.0, 1.0],
                [0.950598, -0.208511, -0.22997, -0.125006, -0.120478, -0.930568, 0.345728, -0.002831, -0.286091, -0.300941, -0.909717, -1.2e-05, 0.0, 0.0, 0.0, 1.0]
            ]
        },
        {
            "name": "Leg_L",
            "time": [0.0, 0.1833, 0.45, 0.5333, 0.75, 1.4],
            "transform": [
                [1.0, -0.0, 1e-06, -0.0, -0.0, 0.824416, 0.565984, 0.37472, -1e-06, -0.565984, 0.824417, 0.0, 0.0, 0.0, 0.0, 1.0],
                [1.0, -1e-06, 1e-06, -0.0, -0.0, 0.619505, 0.784993, 0.37472, -1e-06, -0.784992, 0.619506, -0.0, 0.0, 0.0, 0.0, 1.0],
                [1.0, -0.0, 1e-06, -0.0, -0.0, 0.717531, 0.696527, 0.37472, -1e-06, -0.696526, 0.717531, -0.0, 0.0, 0.0, 0.0, 1.0],
                [1.0, -0.0, 1e-06, 0.0, -0.0, 0.877904, 0.478836, 0.37472, -1e-06, -0.478835, 0.877905, -0.0, 0.0, 0.0, 0.0, 1.0],
                [1.0, -0.0, 1e-06, -0.0, -0.0, 0.717531, 0.696527, 0.37472, -1e-06, -0.696526, 0.717531, -0.0, 0.0, 0.0, 0.0, 1.0],
                [1.0, -0.0, 1e-06, 0.0, -0.0, 0.947813, 0.318825, 0.37472, -1e-06, -0.318825, 0.947814, -0.0, 0.0, 0.0, 0.0, 1.0]
            ]
        },
        {
            "name": "Knee_L",
            "time": [0.0, 0.1833, 0.45, 0.75, 1.4],
            "transform": [
                [1.0, 0.0, -0.0, -0.0, -0.0, 1e-06, -1.0, 0.37472, -0.0, 1.0, 1e-06, 0.0, 0.0, 0.0, 0.0, 1.0],
                [1.0, 0.0, -0.0, -0.0, -0.0, 1e-06, -1.0, 0.37472, -0.0, 1.0, 1e-06, -0.0, 0.0, 0.0, 0.0, 1.0],
                [1.0, 0.0, -0.0, -0.0, -0.0, 1e-06, -1.0, 0.37472, -0.0, 1.0, 1e-06, -0.0, 0.0, 0.0, 0.0, 1.0],
                [1.0, 0.0, -0.0, -0.0, -0.0, 1e-06, -1.0, 0.37472, -0.0, 1.0, 1e-06, -0.0, 0.0, 0.0, 0.0, 1.0],
                [1.0, 0.0, -0.0, 0.0, -0.0, 1e-06, -1.0, 0.37472, -0.0, 1.0, 1e-06, -0.0, 0.0, 0.0, 0.0, 1.0]
            ]
        },
        {
            "name": "Torso",
            "time": [0.0, 0.1833, 0.45, 0.75, 1.4],
            "transform": [
                [0.996512, 0.0, 0.083446, -0.0, 0.0, 1.0, 0.0, 0.05, -0.083446, 0.0, 0.996512, -0.0, 0.0, 0.0, 0.0, 1.0],
                [0.996512, 0.0, 0.083446, 0.0, 0.0, 1.0, 0.0, 0.05, -0.083446, 0.0, 0.996512, -0.0, 0.0, 0.0, 0.0, 1.0],
                [0.996512, 0.0, 0.083446, 0.0, 0.0, 1.0, 0.0, 0.05, -0.083446, 0.0, 0.996512, -0.0, 0.0, 0.0, 0.0, 1.0],
                [0.996512, 0.0, 0.083446, -0.0, 0.0, 1.0, 0.0, 0.05, -0.083446, 0.0, 0.996512, -0.0, 0.0, 0.0, 0.0, 1.0],
                [0.996512, 0.0, 0.083446, 0.0, 0.0, 1.0, 0.0, 0.05, -0.083446, 0.0, 0.996512, -0.0, 0.0, 0.0, 0.0, 1.0]
            ]
        },
        {
            "name": "Chest",
            "time": [0.0, 0.1833, 0.45, 0.5333, 0.75, 1.4],
            "transform": [
                [0.96306, 0.003183, -0.269268, 0.0, 0.075342, 0.956811, 0.280777, 0.3, 0.258533, -0.290692, 0.921227, 0.0, 0.0, 0.0, 0.0, 1.0],
                [0.95989, 0.01291, -0.28008, -0.0, 0.022061, 0.992365, 0.12135, 0.3, 0.279508, -0.122662, 0.952276, -0.0, 0.0, 0.0, 0.0, 1.0],
                [0.963667, -0.06075, -0.260107, -0.0, 0.107871, 0.979364, 0.170912, 0.3, 0.244356, -0.19276, 0.950333, -0.0, 0.0, 0.0, 0.0, 1.0],
                [0.950382, 0.010287, -0.310914, -0.0, -0.020994, 0.999295, -0.03111, 0.3, 0.310375, 0.036094, 0.949929, -0.0, 0.0, 0.0, 0.0, 1.0],
                [0.963667, -0.06075, -0.260107, -0.0, 0.107871, 0.979364, 0.170912, 0.3, 0.244356, -0.19276, 0.950333, -0.0, 0.0, 0.0, 0.0, 1.0],
                [0.999232, 0.004476, 0.038924, 0.0, -0.006676, 0.998376, 0.056579, 0.3, -0.038608, -0.056795, 0.997639, -0.0, 0.0, 0.0, 0.0, 1.0]
            ]
        },
        {
            "name": "Head",
            "time": [0.0, 0.1833, 0.45, 0.75, 1.4],
            "transform": [
                [0.874161, -0.183288, 0.44972, 0.0, 0.215953, 0.976158, -0.021925, 0.4, -0.434979, 0.116285, 0.8929, 0.0, 0.0, 0.0, 0.0, 1.0],
                [0.639329, -0.056474, 0.766857, 0.0, 0.20822, 0.972753, -0.101957, 0.4, -0.740205, 0.224859, 0.633669, 0.0, 0.0, 0.0, 0.0, 1.0],
                [0.639329, -0.056474, 0.766857, 0.0, 0.20822, 0.972753, -0.101957, 0.4, -0.740205, 0.224859, 0.633669, -0.0, 0.0, 0.0, 0.0, 1.0],
                [0.639329, -0.056474, 0.766857, -0.0, 0.20822, 0.972753, -0.101957, 0.4, -0.740205, 0.224859, 0.633669, 0.0, 0.0, 0.0, 0.0, 1.0],
                [0.89317, -0.0, 0.44972, 0.0, 0.01104, 0.999699, -0.021925, 0.4, -0.449585, 0.024548, 0.8929, 0.0, 0.0, 0.0, 0.0, 1.0]
            ]
        },
        {
            "name": "Shoulder_R",
            "time": [0.0, 0.1833, 0.45, 0.75, 1.4],
            "transform": [
                [0.919637, 0.392113, -0.022671, 0.0, 0.206811, -0.434354, 0.876679, 0.4, 0.33391, -0.810915, -0.480541, 0.0, 0.0, 0.0, 0.0, 1.0],
                [0.397827, 0.917448, 0.00467, 0.0, 0.889365, -0.38689, 0.24361, 0.4, 0.225306, -0.092761, -0.969862, 0.0, 0.0, 0.0, 0.0, 1.0],
                [0.397827, 0.917448, 0.00467, 0.0, 0.889365, -0.38689, 0.24361, 0.4, 0.225306, -0.092761, -0.969862, -0.0, 0.0, 0.0, 0.0, 1.0],
                [0.397827, 0.917448, 0.00467, -0.0, 0.889365, -0.38689, 0.24361, 0.4, 0.225306, -0.092761, -0.969862, 0.0, 0.0, 0.0, 0.0, 1.0],
                [-0.004613, 0.951979, 0.306128, 0.0, 0.000526, -0.306129, 0.95199, 0.4, 0.999989, 0.004553, 0.000911, 0.0, 0.0, 0.0, 0.0, 1.0]
            ]
        },
        {
            "name": "Arm_R",
            "time": [0.0, 0.1667, 0.45, 0.75, 1.4],
            "transform": [
                [0.112802, -0.903269, -0.413982, 0.0, -0.624384, 0.259664, -0.736695, 0.39386, 0.77293, 0.341584, -0.534696, 0.0, 0.0, 0.0, 0.0, 1.0],
                [0.415261, -0.164779, -0.894654, -0.0, -0.089964, 0.971198, -0.220635, 0.39386, 0.905243, 0.172107, 0.388476, -0.0, 0.0, 0.0, 0.0, 1.0],
                [0.427098, -0.321377, -0.845165, -0.0, 0.467789, 0.878431, -0.097633, 0.393861, 0.773796, -0.35366, 0.525513, 0.0, 0.0, 0.0, 0.0, 1.0],
                [0.427098, -0.321377, -0.845165, -0.0, 0.467789, 0.878431, -0.097633, 0.393861, 0.773796, -0.35366, 0.525513, 0.0, 0.0, 0.0, 0.0, 1.0],
                [-0.025608, -0.970091, 0.241385, -0.0, 0.772047, -0.172584, -0.611685, 0.393861, 0.63505, 0.170696, 0.753375, 0.0, 0.0, 0.0, 0.0, 1.0]
            ]
        },
        {
            "name": "Hand_R",
            "time": [0.0, 0.1833, 0.45, 0.75, 1.4],
            "transform": [
                [1.0, -0.0, 0.0, 0.0, 0.0, 0.331866, -0.943327, 0.3, 0.0, 0.943327, 0.331866, 0.0, 0.0, 0.0, 0.0, 1.0],
                [1.0, -0.0, 0.0, -0.0, 0.0, 0.983721, -0.1797, 0.3, -0.0, 0.1797, 0.983721, 0.0, 0.0, 0.0, 0.0, 1.0],
                [1.0, -0.0, 0.0, -0.0, 0.0, 0.983722, -0.1797, 0.3, -0.0, 0.1797, 0.983721, -0.0, 0.0, 0.0, 0.0, 1.0],
                [1.0, -0.0, 0.0, -0.0, 0.0, 0.983722, -0.1797, 0.3, -0.0, 0.1797, 0.983721, -0.0, 0.0, 0.0, 0.0, 1.0],
                [1.0, -0.0, 0.0, 0.0, 0.0, -0.293998, -0.955806, 0.3, 0.0, 0.955806, -0.293998, 0.0, 0.0, 0.0, 0.0, 1.0]
            ]
        },
        {
            "name": "Tool_R",
            "time": [0.0, 0.1833, 0.45, 0.75, 1.4],
            "transform": [
                [-0.998287, -0.056709, 0.004378, 0.0, 0.057869, -0.967973, -0.069191, 0.272858, 0.008641, -0.068857, 0.968066, 0.0, 0.0, 0.0, 0.0, 1.0],
                [-0.998287, -0.056709, 0.004378, -0.0, 0.057869, -0.967973, -0.069191, 0.272858, 0.008641, -0.068857, 0.968066, -0.0, 0.0, 0.0, 0.0, 1.0],
                [-0.998287, -0.056709, 0.004378, -0.0, 0.057869, -0.967973, -0.069191, 0.272858, 0.008641, -0.068857, 0.968066, 0.0, 0.0, 0.0, 0.0, 1.0],
                [-0.998287, -0.056709, 0.004378, 0.0, 0.057869, -0.967973, -0.069191, 0.272858, 0.008641, -0.068857, 0.968066, 0.0, 0.0, 0.0, 0.0, 1.0],
                [0.855655, -0.306148, -0.398828, 0.0, -0.338409, -0.914583, 0.01597, 0.272858, -0.391351, 0.121341, -0.884773, -0.0, 0.0, 0.0, 0.0, 1.0]
            ]
        },
        {
            "name": "Elbow_R",
            "time": [0.0, 0.1833, 0.45, 0.75, 1.4],
            "transform": [
                [-1.0, 0.0, 0.0, 0.0, 0.0, 0.735098, -0.677961, 0.3, -0.0, -0.677961, -0.735098, 0.0, 0.0, 0.0, 0.0, 1.0],
                [-1.0, 0.0, 0.0, -0.0, 0.0, 0.32268, -0.946508, 0.3, -0.0, -0.946508, -0.32268, 0.0, 0.0, 0.0, 0.0, 1.0],
                [-1.0, 0.0, 0.0, -0.0, 0.0, 0.32268, -0.946508, 0.3, -0.0, -0.946508, -0.32268, -0.0, 0.0, 0.0, 0.0, 1.0],
                [-1.0, 0.0, 0.0, -0.0, 0.0, 0.32268, -0.946508, 0.3, -0.0, -0.946508, -0.32268, -0.0, 0.0, 0.0, 0.0, 1.0],
                [-1.0, 0.0, 0.0, 0.0, 0.0, 0.735098, -0.677961, 0.3, -0.0, -0.677961, -0.735098, 0.0, 0.0, 0.0, 0.0, 1.0]
            ]
        },
        {
            "name": "Shoulder_L",
            "time": [0.0, 0.1833, 0.45, 0.75, 1.4],
            "transform": [
                [0.558585, -0.803631, -0.205327, 0.0, 0.178348, -0.125387, 0.975946, 0.4, -0.810046, -0.581769, 0.073287, 0.0, 0.0, 0.0, 0.0, 1.0],
                [0.363601, -0.908645, -0.205327, 0.0, 0.145591, -0.162275, 0.975946, 0.4, -0.920107, -0.384749, 0.073287, 0.0, 0.0, 0.0, 0.0, 1.0],
                [0.363601, -0.908645, -0.205327, 0.0, 0.145591, -0.162275, 0.975946, 0.4, -0.920107, -0.384748, 0.073287, -0.0, 0.0, 0.0, 0.0, 1.0],
                [0.363601, -0.908645, -0.205327, -0.0, 0.145591, -0.162275, 0.975946, 0.4, -0.920107, -0.384748, 0.073287, 0.0, 0.0, 0.0, 0.0, 1.0],
                [0.004613, -0.952228, -0.305355, 0.0, 0.000524, -0.305355, 0.952238, 0.4, -0.999989, -0.004553, -0.00091, 0.0, 0.0, 0.0, 0.0, 1.0]
            ]
        },
        {
            "name": "Arm_L",
            "time": [0.0, 0.1833, 0.45, 0.5333, 0.75, 1.1167, 1.4],
            "transform": [
                [0.844693, 0.53139, 0.064179, -0.0, -0.509528, 0.83502, -0.207659, 0.39386, -0.163938, 0.142707, 0.976094, -0.0, 0.0, 0.0, 0.0, 1.0],
                [0.974426, 0.21133, 0.076383, 0.0, -0.198031, 0.96825, -0.152563, 0.39386, -0.106199, 0.133536, 0.985338, -0.0, 0.0, 0.0, 0.0, 1.0],
                [0.974426, 0.220245, 0.044573, 0.0, -0.198031, 0.935418, -0.292876, 0.39386, -0.106199, 0.276559, 0.955111, -0.0, 0.0, 0.0, 0.0, 1.0],
                [0.974426, 0.224672, 0.004129, 0.0, -0.198031, 0.867276, -0.456744, 0.39386, -0.106199, 0.444246, 0.889589, 0.0, 0.0, 0.0, 0.0, 1.0],
                [0.974426, 0.220245, 0.044573, 0.0, -0.198031, 0.935418, -0.292876, 0.39386, -0.106199, 0.276559, 0.955111, 0.0, 0.0, 0.0, 0.0, 1.0],
                [-0.425179, -0.878594, 0.217476, 0.0, -0.818909, 0.271079, -0.50587, 0.39386, 0.385501, -0.393178, -0.834745, -0.0, 0.0, 0.0, 0.0, 1.0],
                [-0.798698, -0.121067, -0.589428, 0.0, 0.462324, 0.50351, -0.729887, 0.39386, 0.385148, -0.855465, -0.34618, -0.0, 0.0, 0.0, 0.0, 1.0]
            ]
        },
        {
            "name": "Hand_L",
            "time": [0.0, 0.1833, 0.45, 0.5333, 0.75, 1.4],
            "transform": [
                [1.0, 0.0, 0.0, -0.0, -0.0, 0.998426, 0.056081, 0.3, -0.0, -0.056081, 0.998426, -0.0, 0.0, 0.0, 0.0, 1.0],
                [1.0, 0.0, 0.0, -0.0, -0.0, 0.996722, -0.080905, 0.3, -0.0, 0.080905, 0.996722, 0.0, 0.0, 0.0, 0.0, 1.0],
                [1.0, 0.0, 0.0, -0.0, -0.0, 0.998426, 0.056081, 0.3, -0.0, -0.056081, 0.998426, -0.0, 0.0, 0.0, 0.0, 1.0],
                [1.0, 0.0, 0.0, -0.0, -0.0, 0.944317, -0.329039, 0.3, -0.0, 0.329039, 0.944317, 0.0, 0.0, 0.0, 0.0, 1.0],
                [1.0, 0.0, 0.0, -0.0, -0.0, 0.998426, 0.056081, 0.3, -0.0, -0.056081, 0.998426, -0.0, 0.0, 0.0, 0.0, 1.0],
                [1.0, 0.0, 0.0, 0.0, -0.0, 0.474033, -0.880507, 0.3, -0.0, 0.880507, 0.474033, -0.0, 0.0, 0.0, 0.0, 1.0]
            ]
        },
        {
            "name": "Tool_L",
            "time": [0.0, 0.1833, 0.45, 0.75, 1.4],
            "transform": [
                [0.999967, -0.006976, -0.004152, 0.0, -0.007073, -0.999691, -0.023806, 0.272858, -0.003983, 0.02381, -0.99912, -0.0, 0.0, 0.0, 0.0, 1.0],
                [0.999967, -0.006976, -0.004152, 0.0, -0.007073, -0.999692, -0.023806, 0.272858, -0.003983, 0.02381, -0.99912, 0.0, 0.0, 0.0, 0.0, 1.0],
                [0.999967, -0.006976, -0.004152, -0.0, -0.007073, -0.999691, -0.023806, 0.272858, -0.003983, 0.02381, -0.99912, -0.0, 0.0, 0.0, 0.0, 1.0],
                [0.999967, -0.006976, -0.004152, -0.0, -0.007073, -0.999691, -0.023806, 0.272858, -0.003983, 0.02381, -0.99912, -0.0, 0.0, 0.0, 0.0, 1.0],
                [1.0, 0.0, 0.0, 0.0, -0.0, -0.999836, 0.018122, 0.272858, 0.0, -0.018122, -0.999247, 0.0, 0.0, 0.0, 0.0, 1.0]
            ]
        },
        {
            "name": "Elbow_L",
            "time": [0.0, 0.1833, 0.45, 0.75, 1.4],
            "transform": [
                [-1.0, 0.0, -0.0, -0.0, 0.0, -0.0, -1.0, 0.3, -0.0, -1.0, -0.0, -0.0, 0.0, 0.0, 0.0, 1.0],
                [-1.0, 0.0, -0.0, -0.0, 0.0, -0.0, -1.0, 0.3, -0.0, -1.0, -0.0, 0.0, 0.0, 0.0, 0.0, 1.0],
                [-1.0, 0.0, -0.0, -0.0, 0.0, -0.0, -1.0, 0.3, -0.0, -1.0, -0.0, -0.0, 0.0, 0.0, 0.0, 1.0],
                [-1.0, 0.0, -0.0, -0.0, 0.0, -0.0, -1.0, 0.3, -0.0, -1.0, -0.0, -0.0, 0.0, 0.0, 0.0, 1.0],
                [-1.0, 0.0, -0.0, 0.0, -0.0, -0.0, -1.0, 0.3, -0.0, -1.0, 0.0, -0.0, 0.0, 0.0, 0.0, 1.0]
            ]
        }
    ]
}