{
    "animation": [
        {
            "name": "Root",
            "time": [0.0, 0.1667, 0.35, 0.65, 0.9667],
            "transform": [
                [0.622021, 0.0, -0.783, -5e-06, -0.783, 0.0, -0.622021, -0.029692, 0.0, 1.0, 0.0, 0.74484, 0.0, 0.0, 0.0, 1.0],
                [0.350112, 0.0, -0.936708, 0.039507, -0.936708, 0.0, -0.350112, -0.368715, 0.0, 1.0, 0.0, 0.693417, 0.0, 0.0, 0.0, 1.0],
                [0.876364, 0.005992, 0.481611, -5e-06, 0.481052, 0.038849, -0.875831, 0.313181, -0.023958, 0.999227, 0.031163, 0.673182, 0.0, 0.0, 0.0, 1.0],
                [0.690609, -0.0, 0.723229, -5e-06, 0.722527, 0.044027, -0.689939, 0.275886, -0.031842, 0.99903, 0.030405, 0.658743, 0.0, 0.0, 0.0, 1.0],
                [0.690609, -0.0, 0.723229, -5e-06, 0.722527, 0.044027, -0.689939, 0.275886, -0.031842, 0.99903, 0.030405, 0.658743, 0.0, 0.0, 0.0, 1.0]
            ]
        },
        {
            "name": "Thigh_R",
            "time": [0.0, 0.1667, 0.35, 0.65, 0.9667],
            "transform": [
                [0.844069, 0.139563, -0.517755, 0.124994, 0.169115, -0.985543, 0.01004, -0.002831, -0.508869, -0.096034, -0.85547, -1.2e-05, 0.0, 0.0, 0.0, 1.0],
                [0.79505, 0.439079, -0.418455, 0.124994, 0.371657, -0.897872, -0.235995, -0.002831, -0.47934, 0.032106, -0.877042, -1.2e-05, 0.0, 0.0, 0.0, 1.0],
                [0.971791, 0.222263, 0.078866, 0.124994, 0.125774, -0.771296, 0.623924, -0.002831, 0.199504, -0.596403, -0.777497, -1.2e-05, 0.0, 0.0, 0.0, 1.0],
                [0.942864, 0.275742, 0.187011, 0.124994, 0.062789, -0.698292, 0.713052, -0.002831, 0.327207, -0.660567, -0.67571, -1.2e-05, 0.0, 0.0, 0.0, 1.0],
                [0.942864, 0.275742, 0.187011, 0.124994, 0.062789, -0.698292, 0.713052, -0.002831, 0.327207, -0.660567, -0.67571, -1.2e-05, 0.0, 0.0, 0.0, 1.0]
            ]
        },
        {
            "name": "Leg_R",
            "time": [0.0, 0.1667, 0.35, 0.65, 0.9667],
            "transform": [
                [1.0, 0.0, 1e-06, -0.0, -0.0, 0.952579, 0.304294, 0.37472, -1e-06, -0.304294, 0.952578, 0.0, 0.0, 0.0, 0.0, 1.0],
                [1.0, 0.0, 1e-06, -0.0, -0.0, 0.952579, 0.304294, 0.37472, -1e-06, -0.304294, 0.952577, -0.0, 0.0, 0.0, 0.0, 1.0],
                [1.0, 0.0, 1e-06, 0.0, -0.0, 0.952579, 0.304294, 0.37472, -1e-06, -0.304294, 0.952578, 0.0, 0.0, 0.0, 0.0, 1.0],
                [1.0, 0.0, 1e-06, 0.0, -0.0, 0.952579, 0.304294, 0.37472, -1e-06, -0.304294, 0.952578, -0.0, 0.0, 0.0, 0.0, 1.0],
                [1.0, 0.0, 1e-06, 0.0, -0.0, 0.952579, 0.304294, 0.37472, -1e-06, -0.304294, 0.952578, -0.0, 0.0, 0.0, 0.0, 1.0]
            ]
        },
        {
            "name": "Knee_R",
            "time": [0.0, 0.1667, 0.35, 0.65, 0.9667],
            "transform": [
                [1.0, 0.0, -0.0, -0.0, -0.0, 1e-06, -1.0, 0.383077, -0.0, 1.0, 1e-06, -0.001653, 0.0, 0.0, 0.0, 1.0],
                [1.0, 0.0, -0.0, -0.0, -0.0, 1e-06, -1.0, 0.383077, -0.0, 1.0, 1e-06, -0.001653, 0.0, 0.0, 0.0, 1.0],
                [1.0, 0.0, -0.0, 0.0, -0.0, 1e-06, -1.0, 0.383077, -0.0, 1.0, 1e-06, -0.001653, 0.0, 0.0, 0.0, 1.0],
                [1.0, 0.0, -0.0, -0.0, -0.0, 1e-06, -1.0, 0.383077, -0.0, 1.0, 1e-06, -0.001653, 0.0, 0.0, 0.0, 1.0],
                [1.0, 0.0, -0.0, -0.0, -0.0, 1e-06, -1.0, 0.383077, -0.0, 1.0, 1e-06, -0.001653, 0.0, 0.0, 0.0, 1.0]
            ]
        },
        {
            "name": "Thigh_L",
            "time": [0.0, 0.1667, 0.35, 0.65, 0.9667],
            "transform": [
                [0.562091, -0.321786, -0.76191, -0.125006, 0.005702, -0.919681, 0.392625, -0.002831, -0.827055, -0.225035, -0.51511, -1.2e-05, 0.0, 0.0, 0.0, 1.0],
                [0.562091, -0.587618, -0.58203, -0.125006, 0.005702, -0.700951, 0.713186, -0.002831, -0.827055, -0.404194, -0.390648, -1.2e-05, 0.0, 0.0, 0.0, 1.0],
                [0.968712, -0.248055, 0.008037, -0.125006, -0.242144, -0.95174, -0.188564, -0.002831, 0.054423, 0.180719, -0.982028, -1.2e-05, 0.0, 0.0, 0.0, 1.0],
                [0.943661, -0.277829, 0.17976, -0.125006, -0.213644, -0.926356, -0.310193, -0.002831, 0.252702, 0.254313, -0.933523, -1.2e-05, 0.0, 0.0, 0.0, 1.0],
                [0.943661, -0.277829, 0.17976, -0.125006, -0.213644, -0.926356, -0.310193, -0.002831, 0.252702, 0.254313, -0.933523, -1.2e-05, 0.0, 0.0, 0.0, 1.0]
            ]
        },
        {
            "name": "Leg_L",
            "time": [0.0, 0.1667, 0.35, 0.65, 0.9667],
            "transform": [
                [1.0, -0.0, 1e-06, -0.0, -0.0, 0.947813, 0.318825, 0.37472, -1e-06, -0.318825, 0.947814, -0.0, 0.0, 0.0, 0.0, 1.0],
                [1.0, -0.0, 1e-06, 0.0, -0.0, 0.693991, 0.719984, 0.37472, -1e-06, -0.719984, 0.693991, -0.0, 0.0, 0.0, 0.0, 1.0],
                [1.0, -0.0, 1e-06, 0.0, -0.0, 0.947813, 0.318825, 0.37472, -1e-06, -0.318825, 0.947814, 0.0, 0.0, 0.0, 0.0, 1.0],
                [1.0, -0.0, 1e-06, 0.0, -0.0, 0.947813, 0.318825, 0.37472, -1e-06, -0.318825, 0.947814, -0.0, 0.0, 0.0, 0.0, 1.0],
                [1.0, -0.0, 1e-06, 0.0, -0.0, 0.947813, 0.318825, 0.37472, -1e-06, -0.318825, 0.947814, -0.0, 0.0, 0.0, 0.0, 1.0]
            ]
        },
        {
            "name": "Knee_L",
            "time": [0.0, 0.1667, 0.35, 0.65, 0.9667],
            "transform": [
                [1.0, 0.0, -0.0, -0.0, -0.0, 1e-06, -1.0, 0.37472, -0.0, 1.0, 1e-06, -0.0, 0.0, 0.0, 0.0, 1.0],
                [1.0, 0.0, -0.0, 0.0, -0.0, 1e-06, -1.0, 0.37472, -0.0, 1.0, 1e-06, -0.0, 0.0, 0.0, 0.0, 1.0],
                [1.0, 0.0, -0.0, 0.0, -0.0, 1e-06, -1.0, 0.37472, -0.0, 1.0, 1e-06, 0.0, 0.0, 0.0, 0.0, 1.0],
                [1.0, 0.0, -0.0, 0.0, -0.0, 1e-06, -1.0, 0.37472, -0.0, 1.0, 1e-06, -0.0, 0.0, 0.0, 0.0, 1.0],
                [1.0, 0.0, -0.0, 0.0, -0.0, 1e-06, -1.0, 0.37472, -0.0, 1.0, 1e-06, -0.0, 0.0, 0.0, 0.0, 1.0]
            ]
        },
        {
            "name": "Torso",
            "time": [0.0, 0.1667, 0.35, 0.65, 0.9667],
            "transform": [
                [0.996548, -0.043002, 0.071014, 0.0, 0.040232, 0.99839, 0.039984, 0.05, -0.072619, -0.036989, 0.996674, -0.0, 0.0, 0.0, 0.0, 1.0],
                [0.996548, -0.043002, 0.071014, -0.0, 0.040232, 0.99839, 0.039984, 0.05, -0.072619, -0.036989, 0.996674, 0.0, 0.0, 0.0, 0.0, 1.0],
                [0.990664, 0.044322, 0.128919, 0.0, -0.073532, 0.970039, 0.231555, 0.05, -0.114794, -0.238873, 0.964242, -0.0, 0.0, 0.0, 0.0, 1.0],
                [0.996548, -0.043002, 0.071014, 0.0, 0.040232, 0.99839, 0.039984, 0.05, -0.072619, -0.036989, 0.996674, 0.0, 0.0, 0.0, 0.0, 1.0],
                [0.996548, -0.043002, 0.071014, 0.0, 0.040232, 0.99839, 0.039984, 0.05, -0.072619, -0.036989, 0.996674, 0.0, 0.0, 0.0, 0.0, 1.0]
            ]
        },
        {
            "name": "Chest",
            "time": [0.0, 0.1667, 0.35, 0.65, 0.9667],
            "transform": [
                [0.821713, 0.063376, -0.566367, 0.0, 0.108281, 0.958332, 0.264336, 0.3, 0.559521, -0.278536, 0.780612, -0.0, 0.0, 0.0, 0.0, 1.0],
                [0.893567, 0.010554, -0.448805, -0.0, 0.003977, 0.999498, 0.031422, 0.3, 0.448911, -0.029863, 0.893077, -0.0, 0.0, 0.0, 0.0, 1.0],
                [0.447297, -0.30682, 0.840111, -0.0, 0.131299, 0.951666, 0.277655, 0.3, -0.884696, -0.013888, 0.465962, 0.0, 0.0, 0.0, 0.0, 1.0],
                [0.537328, -0.256293, 0.803488, -0.0, -0.030855, 0.946095, 0.322415, 0.3, -0.842808, -0.198034, 0.500456, 0.0, 0.0, 0.0, 0.0, 1.0],
                [0.537328, -0.256293, 0.803488, -0.0, -0.030855, 0.946095, 0.322415, 0.3, -0.842808, -0.198034, 0.500456, 0.0, 0.0, 0.0, 0.0, 1.0]
            ]
        },
        {
            "name": "Head",
            "time": [0.0, 0.1667, 0.35, 0.65, 0.9667],
            "transform": [
                [0.61323, -0.0, 0.789904, -0.0, 0.019391, 0.999699, -0.015053, 0.4, -0.789666, 0.024548, 0.613045, -0.0, 0.0, 0.0, 0.0, 1.0],
                [0.61323, -0.0, 0.789905, -0.0, 0.019391, 0.999699, -0.015053, 0.4, -0.789666, 0.024548, 0.613045, 0.0, 0.0, 0.0, 0.0, 1.0],
                [0.586568, 0.0, -0.8099, -0.0, -0.019881, 0.999699, -0.014399, 0.4, 0.809656, 0.024548, 0.586391, 0.0, 0.0, 0.0, 0.0, 1.0],
                [0.298385, 0.0, -0.954446, -0.0, -0.02343, 0.999699, -0.007325, 0.4, 0.954158, 0.024548, 0.298295, 0.0, 0.0, 0.0, 0.0, 1.0],
                [0.298385, 0.0, -0.954446, -0.0, -0.02343, 0.999699, -0.007325, 0.4, 0.954158, 0.024548, 0.298295, 0.0, 0.0, 0.0, 0.0, 1.0]
            ]
        },
        {
            "name": "Shoulder_R",
            "time": [0.0, 0.1667, 0.35, 0.65, 0.9667],
            "transform": [
                [-0.004613, 0.951979, 0.306128, -0.0, 0.000526, -0.306129, 0.95199, 0.4, 0.999989, 0.004553, 0.000911, -0.0, 0.0, 0.0, 0.0, 1.0],
                [-0.004613, 0.951979, 0.306128, -0.0, 0.000526, -0.306129, 0.95199, 0.4, 0.999989, 0.004553, 0.000911, 0.0, 0.0, 0.0, 0.0, 1.0],
                [-0.004613, 0.951979, 0.306128, -0.0, 0.000526, -0.306129, 0.95199, 0.4, 0.999989, 0.004553, 0.000911, 0.0, 0.0, 0.0, 0.0, 1.0],
                [-0.004613, 0.951979, 0.306128, -0.0, 0.000526, -0.306129, 0.95199, 0.4, 0.999989, 0.004553, 0.000911, 0.0, 0.0, 0.0, 0.0, 1.0],
                [-0.004613, 0.951979, 0.306128, -0.0, 0.000526, -0.306129, 0.95199, 0.4, 0.999989, 0.004553, 0.000911, 0.0, 0.0, 0.0, 0.0, 1.0]
            ]
        },
        {
            "name": "Arm_R",
            "time": [0.0, 0.1667, 0.35, 0.65, 0.9667],
            "transform": [
                [-0.047497, 0.058375, -0.997164, 0.0, 0.394815, 0.918096, 0.034941, 0.39386, 0.917532, -0.392036, -0.066654, 0.0, 0.0, 0.0, 0.0, 1.0],
                [0.285708, 0.058376, 0.956537, 0.0, -0.391644, 0.918096, 0.06095, 0.39386, -0.874635, -0.392036, 0.285169, -0.0, 0.0, 0.0, 0.0, 1.0],
                [0.149887, -0.978075, 0.144578, 0.0, 0.303182, 0.184654, 0.934871, 0.393861, -0.941071, -0.096291, 0.324212, -0.0, 0.0, 0.0, 0.0, 1.0],
                [0.04941, -0.751531, -0.657844, -0.0, 0.401751, -0.58806, 0.701984, 0.393861, -0.914415, -0.298975, 0.272873, -0.0, 0.0, 0.0, 0.0, 1.0],
                [0.04941, -0.751531, -0.657844, -0.0, 0.401751, -0.58806, 0.701984, 0.393861, -0.914415, -0.298975, 0.272873, -0.0, 0.0, 0.0, 0.0, 1.0]
            ]
        },
        {
            "name": "Hand_R",
            "time": [0.0, 0.1667, 0.35, 0.65, 0.9667],
            "transform": [
                [1.0, 0.0, -0.0, -0.0, 0.0, 0.997501, 0.070647, 0.3, 0.0, -0.070647, 0.997501, 0.0, 0.0, 0.0, 0.0, 1.0],
                [1.0, -0.0, -0.0, -0.0, 0.0, 0.997501, 0.070647, 0.3, 0.0, -0.070647, 0.997501, 0.0, 0.0, 0.0, 0.0, 1.0],
                [1.0, 0.0, -0.0, -0.0, 0.0, 0.989907, -0.141721, 0.3, 0.0, 0.141721, 0.989907, 0.0, 0.0, 0.0, 0.0, 1.0],
                [1.0, 0.0, -0.0, -0.0, 0.0, 0.982932, -0.183968, 0.3, 0.0, 0.183968, 0.982932, -0.0, 0.0, 0.0, 0.0, 1.0],
                [1.0, 0.0, -0.0, -0.0, 0.0, 0.982932, -0.183968, 0.3, 0.0, 0.183968, 0.982932, -0.0, 0.0, 0.0, 0.0, 1.0]
            ]
        },
        {
            "name": "Tool_R",
            "time": [0.0, 0.1667, 0.35, 0.65, 0.9667],
            "transform": [
                [0.948952, -0.306188, 0.016119, -0.0, -0.309895, -0.914569, -0.133096, 0.272858, 0.058748, 0.121344, -0.961251, 0.0, 0.0, 0.0, 0.0, 1.0],
                [0.948952, -0.306188, 0.016119, -0.0, -0.309895, -0.914569, -0.133096, 0.272858, 0.058748, 0.121344, -0.961251, 0.0, 0.0, 0.0, 0.0, 1.0],
                [0.948952, -0.306188, 0.016119, 0.0, -0.309895, -0.914569, -0.133096, 0.272858, 0.058748, 0.121344, -0.961251, 0.0, 0.0, 0.0, 0.0, 1.0],
                [0.948952, -0.306188, 0.016119, 0.0, -0.309895, -0.914569, -0.133096, 0.272858, 0.058748, 0.121344, -0.961251, 0.0, 0.0, 0.0, 0.0, 1.0],
                [0.948952, -0.306188, 0.016119, 0.0, -0.309895, -0.914569, -0.133096, 0.272858, 0.058748, 0.121344, -0.961251, 0.0, 0.0, 0.0, 0.0, 1.0]
            ]
        },
        {
            "name": "Elbow_R",
            "time": [0.0, 0.1667, 0.35, 0.65, 0.9667],
            "transform": [
                [-1.0, 0.0, 0.0, -0.0, 0.0, 0.735098, -0.677961, 0.3, -0.0, -0.677961, -0.735098, 0.0, 0.0, 0.0, 0.0, 1.0],
                [-1.0, 0.0, 0.0, -0.0, -0.0, 0.735098, -0.677961, 0.3, -0.0, -0.677961, -0.735098, 0.0, 0.0, 0.0, 0.0, 1.0],
                [-1.0, 0.0, 0.0, -0.0, 0.0, 0.735098, -0.677961, 0.3, -0.0, -0.677961, -0.735098, 0.0, 0.0, 0.0, 0.0, 1.0],
                [-1.0, 0.0, 0.0, -0.0, -0.0, 0.735098, -0.677961, 0.3, -0.0, -0.677961, -0.735098, -0.0, 0.0, 0.0, 0.0, 1.0],
                [-1.0, 0.0, 0.0, -0.0, -0.0, 0.735098, -0.677961, 0.3, -0.0, -0.677961, -0.735098, -0.0, 0.0, 0.0, 0.0, 1.0]
            ]
        },
        {
            "name": "Shoulder_L",
            "time": [0.0, 0.1667, 0.35, 0.65, 0.9667],
            "transform": [
                [0.004613, -0.952228, -0.305355, -0.0, 0.000524, -0.305355, 0.952238, 0.4, -0.999989, -0.004553, -0.00091, -0.0, 0.0, 0.0, 0.0, 1.0],
                [0.004613, -0.952228, -0.305355, -0.0, 0.000524, -0.305355, 0.952239, 0.4, -0.999989, -0.004553, -0.00091, 0.0, 0.0, 0.0, 0.0, 1.0],
                [0.004613, -0.952227, -0.305355, -0.0, 0.000524, -0.305355, 0.952238, 0.4, -0.999989, -0.004553, -0.00091, 0.0, 0.0, 0.0, 0.0, 1.0],
                [0.004613, -0.952227, -0.305355, -0.0, 0.000524, -0.305355, 0.952238, 0.4, -0.999989, -0.004553, -0.00091, 0.0, 0.0, 0.0, 0.0, 1.0],
                [0.004613, -0.952227, -0.305355, -0.0, 0.000524, -0.305355, 0.952238, 0.4, -0.999989, -0.004553, -0.00091, 0.0, 0.0, 0.0, 0.0, 1.0]
            ]
        },
        {
            "name": "Arm_L",
            "time": [0.0, 0.1667, 0.35, 0.65, 0.9667],
            "transform": [
                [-0.798698, -0.121067, -0.589428, 0.0, 0.462324, 0.50351, -0.729887, 0.39386, 0.385148, -0.855465, -0.34618, -0.0, 0.0, 0.0, 0.0, 1.0],
                [-0.798698, -0.121067, -0.589428, 0.0, 0.462324, 0.50351, -0.729887, 0.39386, 0.385148, -0.855465, -0.34618, 0.0, 0.0, 0.0, 0.0, 1.0],
                [-0.193091, -0.578678, 0.792368, -0.0, -0.797394, 0.563118, 0.216937, 0.39386, -0.571733, -0.589941, -0.570167, -0.0, 0.0, 0.0, 0.0, 1.0],
                [0.116848, -0.640043, 0.759402, 0.0, -0.71543, 0.476104, 0.511355, 0.39386, -0.688844, -0.60305, -0.402274, -0.0, 0.0, 0.0, 0.0, 1.0],
                [0.116848, -0.640043, 0.759402, 0.0, -0.71543, 0.476104, 0.511355, 0.39386, -0.688844, -0.60305, -0.402274, -0.0, 0.0, 0.0, 0.0, 1.0]
            ]
        },
        {
            "name": "Hand_L",
            "time": [0.0, 0.1667, 0.35, 0.65, 0.9667],
            "transform": [
                [1.0, 0.0, 0.0, -0.0, -0.0, 0.474033, -0.880507, 0.3, -0.0, 0.880507, 0.474033, -0.0, 0.0, 0.0, 0.0, 1.0],
                [1.0, 0.0, 0.0, 0.0, -0.0, 0.474033, -0.880507, 0.3, -0.0, 0.880507, 0.474033, -0.0, 0.0, 0.0, 0.0, 1.0],
                [1.0, 0.0, 0.0, 0.0, -0.0, 0.898435, -0.439107, 0.3, -0.0, 0.439107, 0.898435, -0.0, 0.0, 0.0, 0.0, 1.0],
                [1.0, 0.0, 0.0, 0.0, -0.0, 0.945672, -0.325123, 0.3, -0.0, 0.325123, 0.945672, -0.0, 0.0, 0.0, 0.0, 1.0],
                [1.0, 0.0, 0.0, 0.0, -0.0, 0.945672, -0.325123, 0.3, -0.0, 0.325123, 0.945672, -0.0, 0.0, 0.0, 0.0, 1.0]
            ]
        },
        {
            "name": "Tool_L",
            "time": [0.0, 0.1667, 0.35, 0.65, 0.9667],
            "transform": [
                [1.0, -0.0, 0.0, 0.0, 0.0, -0.999836, 0.018122, 0.272858, 0.0, -0.018122, -0.999247, 0.0, 0.0, 0.0, 0.0, 1.0],
                [1.0, 0.0, 0.0, -0.0, 0.0, -0.999836, 0.018122, 0.272858, 0.0, -0.018122, -0.999248, 0.0, 0.0, 0.0, 0.0, 1.0],
                [1.0, 0.0, 0.0, -0.0, 0.0, -0.999836, 0.018122, 0.272858, 0.0, -0.018122, -0.999247, 0.0, 0.0, 0.0, 0.0, 1.0],
                [1.0, 0.0, 0.0, 0.0, -0.0, -0.999836, 0.018122, 0.272858, 0.0, -0.018122, -0.999247, 0.0, 0.0, 0.0, 0.0, 1.0],
                [1.0, 0.0, 0.0, 0.0, -0.0, -0.999836, 0.018122, 0.272858, 0.0, -0.018122, -0.999247, 0.0, 0.0, 0.0, 0.0, 1.0]
            ]
        },
        {
            "name": "Elbow_L",
            "time": [0.0, 0.1667, 0.35, 0.65, 0.9667],
            "transform": [
                [-1.0, 0.0, -0.0, -0.0, 0.0, -0.0, -1.0, 0.3, -0.0, -1.0, -0.0, -0.0, 0.0, 0.0, 0.0, 1.0],
                [-1.0, 0.0, -0.0, 0.0, 0.0, -0.0, -1.0, 0.3, -0.0, -1.0, -0.0, -0.0, 0.0, 0.0, 0.0, 1.0],
                [-1.0, 0.0, -0.0, 0.0, 0.0, -0.0, -1.0, 0.3, -0.0, -1.0, -0.0, -0.0, 0.0, 0.0, 0.0, 1.0],
                [-1.0, 0.0, -0.0, 0.0, 0.0, -0.0, -1.0, 0.3, -0.0, -1.0, -0.0, -0.0, 0.0, 0.0, 0.0, 1.0],
                [-1.0, 0.0, -0.0, 0.0, 0.0, -0.0, -1.0, 0.3, -0.0, -1.0, -0.0, -0.0, 0.0, 0.0, 0.0, 1.0]
            ]
        }
    ]
}