{
    "animation": [
        {
            "name": "Root",
            "time": [0.0, 0.3167, 0.45, 0.5667, 0.65, 0.9333, 1.15, 1.5333],
            "transform": [
                [0.879679, 0.0, -0.475568, -5e-06, -0.475568, 0.0, -0.879679, 0.000946, 0.0, 1.0, 0.0, 0.74484, 0.0, 0.0, 0.0, 1.0],
                [0.979012, 0.0, -0.203803, -5e-06, -0.203803, 0.0, -0.979012, 0.031688, 0.0, 1.0, 0.0, 0.681245, 0.0, 0.0, 0.0, 1.0],
                [0.979012, 0.0, -0.203803, -5e-06, -0.203803, 0.0, -0.979012, 0.031688, 0.0, 1.0, 0.0, 0.65162, 0.0, 0.0, 0.0, 1.0],
                [0.979012, 0.0, -0.203803, -5e-06, -0.203803, 0.0, -0.979012, 0.031688, 0.0, 1.0, 0.0, 0.659383, 0.0, 0.0, 0.0, 1.0],
                [0.979012, 0.0, -0.203803, -5e-06, -0.203803, 0.0, -0.979012, -0.225637, 0.0, 1.0, 0.0, 0.659383, 0.0, 0.0, 0.0, 1.0],
                [0.979012, 0.0, -0.203803, -5e-06, -0.203803, 0.0, -0.979012, -0.278888, 0.0, 1.0, 0.0, 0.659383, 0.0, 0.0, 0.0, 1.0],
                [0.979012, 0.0, -0.203803, -5e-06, -0.203803, 0.0, -0.979012, -0.278888, 0.0, 1.0, 0.0, 0.659383, 0.0, 0.0, 0.0, 1.0],
                [0.979012, 0.0, -0.203803, -5e-06, -0.203803, 0.0, -0.979012, -0.278888, 0.0, 1.0, 0.0, 0.659383, 0.0, 0.0, 0.0, 1.0]
            ]
        },
        {
            "name": "Thigh_R",
            "time": [0.0, 0.3167, 0.45, 0.5667, 0.9333, 1.15, 1.5333],
            "transform": [
                [0.882447, 0.17581, 0.436322, 0.124994, 0.070992, -0.966681, 0.245934, -0.002831, 0.465022, -0.186047, -0.865529, -1.2e-05, 0.0, 0.0, 0.0, 1.0],
                [0.864326, 0.229827, 0.447347, 0.124994, 0.322218, -0.936001, -0.141685, -0.002831, 0.386154, 0.266605, -0.883067, -1.2e-05, 0.0, 0.0, 0.0, 1.0],
                [0.86219, 0.248649, 0.441364, 0.124994, 0.371623, -0.902547, -0.217489, -0.002831, 0.344274, 0.351537, -0.870573, -1.2e-05, 0.0, 0.0, 0.0, 1.0],
                [0.863791, 0.236002, 0.44516, 0.124994, 0.353453, -0.913478, -0.201558, -0.002831, 0.359076, 0.331447, -0.872472, -1.2e-05, 0.0, 0.0, 0.0, 1.0],
                [0.863791, 0.236002, 0.44516, 0.124994, 0.353453, -0.913478, -0.201558, -0.002831, 0.359076, 0.331447, -0.872472, -1.2e-05, 0.0, 0.0, 0.0, 1.0],
                [0.863791, 0.236002, 0.44516, 0.124994, 0.353453, -0.913478, -0.201558, -0.002831, 0.359076, 0.331447, -0.872472, -1.2e-05, 0.0, 0.0, 0.0, 1.0],
                [0.863791, 0.236002, 0.44516, 0.124994, 0.353453, -0.913478, -0.201558, -0.002831, 0.359076, 0.331447, -0.872472, -1.2e-05, 0.0, 0.0, 0.0, 1.0]
            ]
        },
        {
            "name": "Leg_R",
            "time": [0.0, 0.3167, 0.45, 0.5667, 0.9333, 1.15, 1.5333],
            "transform": [
                [1.0, 0.0, 1e-06, 0.0, -0.0, 0.984472, 0.175547, 0.37472, -1e-06, -0.175547, 0.98447, -0.0, 0.0, 0.0, 0.0, 1.0],
                [1.0, 0.0, 1e-06, 0.0, -0.0, 0.984472, 0.175547, 0.37472, -1e-06, -0.175547, 0.98447, 0.0, 0.0, 0.0, 0.0, 1.0],
                [1.0, 0.0, 1e-06, 0.0, -0.0, 0.984472, 0.175547, 0.37472, -1e-06, -0.175547, 0.98447, -0.0, 0.0, 0.0, 0.0, 1.0],
                [1.0, 0.0, 1e-06, -0.0, -0.0, 0.984472, 0.175547, 0.37472, -1e-06, -0.175547, 0.98447, -0.0, 0.0, 0.0, 0.0, 1.0],
                [1.0, 0.0, 1e-06, -0.0, -0.0, 0.984472, 0.175547, 0.37472, -1e-06, -0.175547, 0.98447, -0.0, 0.0, 0.0, 0.0, 1.0],
                [1.0, 0.0, 1e-06, -0.0, -0.0, 0.984472, 0.175547, 0.37472, -1e-06, -0.175547, 0.98447, -0.0, 0.0, 0.0, 0.0, 1.0],
                [1.0, 0.0, 1e-06, -0.0, -0.0, 0.984472, 0.175547, 0.37472, -1e-06, -0.175547, 0.98447, -0.0, 0.0, 0.0, 0.0, 1.0]
            ]
        },
        {
            "name": "Knee_R",
            "time": [0.0, 0.3167, 0.45, 0.5667, 0.9333, 1.15, 1.5333],
            "transform": [
                [1.0, 0.0, -0.0, 0.0, -0.0, 1e-06, -1.0, 0.383077, -0.0, 1.0, 1e-06, -0.001653, 0.0, 0.0, 0.0, 1.0],
                [1.0, -0.0, -0.0, 0.0, -0.0, 1e-06, -1.0, 0.383077, -0.0, 1.0, 1e-06, -0.001653, 0.0, 0.0, 0.0, 1.0],
                [1.0, 0.0, -0.0, -0.0, -0.0, 1e-06, -1.0, 0.383077, -0.0, 1.0, 1e-06, -0.001653, 0.0, 0.0, 0.0, 1.0],
                [1.0, 0.0, -0.0, -0.0, -0.0, 1e-06, -1.0, 0.383077, -0.0, 1.0, 1e-06, -0.001653, 0.0, 0.0, 0.0, 1.0],
                [1.0, 0.0, -0.0, 0.0, -0.0, 1e-06, -1.0, 0.383077, -0.0, 1.0, 1e-06, -0.001653, 0.0, 0.0, 0.0, 1.0],
                [1.0, 0.0, -0.0, 0.0, -0.0, 1e-06, -1.0, 0.383077, -0.0, 1.0, 1e-06, -0.001653, 0.0, 0.0, 0.0, 1.0],
                [1.0, 0.0, -0.0, 0.0, -0.0, 1e-06, -1.0, 0.383077, -0.0, 1.0, 1e-06, -0.001653, 0.0, 0.0, 0.0, 1.0]
            ]
        },
        {
            "name": "Thigh_L",
            "time": [0.0, 0.3167, 0.45, 0.5667, 0.9333, 1.15, 1.5333],
            "transform": [
                [0.950598, -0.208511, -0.22997, -0.125006, -0.120478, -0.930568, 0.345728, -0.002831, -0.286091, -0.300941, -0.909717, -1.2e-05, 0.0, 0.0, 0.0, 1.0],
                [0.944061, -0.244795, -0.220958, -0.125006, -0.062803, -0.791242, 0.60827, -0.002831, -0.323733, -0.560367, -0.762355, -1.2e-05, 0.0, 0.0, 0.0, 1.0],
                [0.944061, -0.26681, -0.193803, -0.125006, -0.062803, -0.722405, 0.688611, -0.002831, -0.323733, -0.63792, -0.698752, -1.2e-05, 0.0, 0.0, 0.0, 1.0],
                [0.944061, -0.258276, -0.205038, -0.125006, -0.062803, -0.751198, 0.657082, -0.002831, -0.323733, -0.607449, -0.725398, -1.2e-05, 0.0, 0.0, 0.0, 1.0],
                [0.944061, -0.258276, -0.205038, -0.125006, -0.062803, -0.751198, 0.657082, -0.002831, -0.323733, -0.607449, -0.725398, -1.2e-05, 0.0, 0.0, 0.0, 1.0],
                [0.944061, -0.258276, -0.205038, -0.125006, -0.062803, -0.751198, 0.657082, -0.002831, -0.323733, -0.607449, -0.725398, -1.2e-05, 0.0, 0.0, 0.0, 1.0],
                [0.944061, -0.258276, -0.205038, -0.125006, -0.062803, -0.751198, 0.657082, -0.002831, -0.323733, -0.607449, -0.725398, -1.2e-05, 0.0, 0.0, 0.0, 1.0]
            ]
        },
        {
            "name": "Leg_L",
            "time": [0.0, 0.3167, 0.45, 0.5667, 0.9333, 1.15, 1.5333],
            "transform": [
                [1.0, -0.0, 1e-06, 0.0, -0.0, 0.947813, 0.318825, 0.37472, -1e-06, -0.318825, 0.947814, -0.0, 0.0, 0.0, 0.0, 1.0],
                [1.0, -0.0, 1e-06, -0.0, -0.0, 0.824416, 0.565984, 0.37472, -1e-06, -0.565984, 0.824417, 0.0, 0.0, 0.0, 0.0, 1.0],
                [1.0, -0.0, 1e-06, -0.0, -0.0, 0.824416, 0.565984, 0.37472, -1e-06, -0.565984, 0.824417, 0.0, 0.0, 0.0, 0.0, 1.0],
                [1.0, -0.0, 1e-06, 0.0, -0.0, 0.782069, 0.623191, 0.37472, -1e-06, -0.623191, 0.78207, 0.0, 0.0, 0.0, 0.0, 1.0],
                [1.0, -0.0, 1e-06, 0.0, -0.0, 0.782069, 0.623191, 0.37472, -1e-06, -0.623191, 0.78207, -0.0, 0.0, 0.0, 0.0, 1.0],
                [1.0, -0.0, 1e-06, 0.0, -0.0, 0.782069, 0.623191, 0.37472, -1e-06, -0.623191, 0.78207, -0.0, 0.0, 0.0, 0.0, 1.0],
                [1.0, -0.0, 1e-06, 0.0, -0.0, 0.782069, 0.623191, 0.37472, -1e-06, -0.623191, 0.78207, -0.0, 0.0, 0.0, 0.0, 1.0]
            ]
        },
        {
            "name": "Knee_L",
            "time": [0.0, 0.3167, 0.45, 0.5667, 0.9333, 1.15, 1.5333],
            "transform": [
                [1.0, 0.0, -0.0, 0.0, -0.0, 1e-06, -1.0, 0.37472, -0.0, 1.0, 1e-06, -0.0, 0.0, 0.0, 0.0, 1.0],
                [1.0, 0.0, -0.0, -0.0, -0.0, 1e-06, -1.0, 0.37472, -0.0, 1.0, 1e-06, 0.0, 0.0, 0.0, 0.0, 1.0],
                [1.0, 0.0, -0.0, -0.0, -0.0, 1e-06, -1.0, 0.37472, -0.0, 1.0, 1e-06, 0.0, 0.0, 0.0, 0.0, 1.0],
                [1.0, 0.0, -0.0, 0.0, -0.0, 1e-06, -1.0, 0.37472, -0.0, 1.0, 1e-06, 0.0, 0.0, 0.0, 0.0, 1.0],
                [1.0, 0.0, -0.0, 0.0, -0.0, 1e-06, -1.0, 0.37472, -0.0, 1.0, 1e-06, -0.0, 0.0, 0.0, 0.0, 1.0],
                [1.0, 0.0, -0.0, 0.0, -0.0, 1e-06, -1.0, 0.37472, -0.0, 1.0, 1e-06, -0.0, 0.0, 0.0, 0.0, 1.0],
                [1.0, 0.0, -0.0, 0.0, -0.0, 1e-06, -1.0, 0.37472, -0.0, 1.0, 1e-06, -0.0, 0.0, 0.0, 0.0, 1.0]
            ]
        },
        {
            "name": "Torso",
            "time": [0.0, 0.3167, 0.45, 0.5667, 0.9333, 1.15, 1.5333],
            "transform": [
                [0.996512, 0.0, 0.083446, -0.0, 0.0, 1.0, 0.0, 0.05, -0.083446, 0.0, 0.996512, 0.0, 0.0, 0.0, 0.0, 1.0],
                [0.996512, 0.0, 0.083446, -0.0, 0.0, 1.0, 0.0, 0.05, -0.083446, 0.0, 0.996512, -0.0, 0.0, 0.0, 0.0, 1.0],
                [0.996512, 0.0, 0.083446, -0.0, 0.0, 1.0, 0.0, 0.05, -0.083446, 0.0, 0.996512, -0.0, 0.0, 0.0, 0.0, 1.0],
                [0.996512, 0.0, 0.083446, -0.0, 0.0, 1.0, 0.0, 0.05, -0.083446, 0.0, 0.996512, -0.0, 0.0, 0.0, 0.0, 1.0],
                [0.996512, 0.0, 0.083446, -0.0, 0.0, 1.0, 0.0, 0.05, -0.083446, 0.0, 0.996512, 0.0, 0.0, 0.0, 0.0, 1.0],
                [0.996512, 0.0, 0.083446, -0.0, 0.0, 1.0, 0.0, 0.05, -0.083446, 0.0, 0.996512, 0.0, 0.0, 0.0, 0.0, 1.0],
                [0.996512, 0.0, 0.083446, -0.0, 0.0, 1.0, 0.0, 0.05, -0.083446, 0.0, 0.996512, 0.0, 0.0, 0.0, 0.0, 1.0]
            ]
        },
        {
            "name": "Chest",
            "time": [0.0, 0.0833, 0.3167, 0.45, 0.5667, 0.65, 0.9333, 1.15, 1.5333],
            "transform": [
                [0.999232, 0.004476, 0.038924, -0.0, -0.006676, 0.998376, 0.056579, 0.3, -0.038608, -0.056795, 0.997639, -0.0, 0.0, 0.0, 0.0, 1.0],
                [0.965545, -0.222563, -0.134865, 0.0, 0.248485, 0.94245, 0.223704, 0.3, 0.077315, -0.249508, 0.965281, -0.0, 0.0, 0.0, 0.0, 1.0],
                [0.962525, 0.032253, -0.269268, 0.0, 0.046425, 0.95865, 0.280777, 0.3, 0.26719, -0.282755, 0.921227, 0.0, 0.0, 0.0, 0.0, 1.0],
                [0.96306, 0.003183, -0.269268, 0.0, 0.075342, 0.956811, 0.280777, 0.3, 0.258533, -0.290692, 0.921227, 0.0, 0.0, 0.0, 0.0, 1.0],
                [0.961579, 0.000344, -0.274528, 0.0, 0.083807, 0.951895, 0.294742, 0.3, 0.261423, -0.306425, 0.915293, 0.0, 0.0, 0.0, 0.0, 1.0],
                [0.964422, 0.017134, -0.263813, 0.0, -0.032593, 0.997991, -0.054335, 0.3, 0.262351, 0.061001, 0.963042, -0.0, 0.0, 0.0, 0.0, 1.0],
                [0.961579, 0.000344, -0.274528, 0.0, 0.083807, 0.951895, 0.294742, 0.3, 0.261423, -0.306425, 0.915293, -0.0, 0.0, 0.0, 0.0, 1.0],
                [0.961579, 0.000344, -0.274528, 0.0, 0.083807, 0.951895, 0.294742, 0.3, 0.261423, -0.306425, 0.915293, -0.0, 0.0, 0.0, 0.0, 1.0],
                [0.961579, 0.000344, -0.274528, 0.0, 0.083807, 0.951895, 0.294742, 0.3, 0.261423, -0.306425, 0.915293, -0.0, 0.0, 0.0, 0.0, 1.0]
            ]
        },
        {
            "name": "Head",
            "time": [0.0, 0.3167, 0.45, 0.5667, 0.65, 0.9333, 1.15, 1.5333],
            "transform": [
                [0.89317, -0.0, 0.44972, -0.0, 0.01104, 0.999699, -0.021925, 0.4, -0.449585, 0.024548, 0.8929, -0.0, 0.0, 0.0, 0.0, 1.0],
                [0.877964, -0.164107, 0.44972, 0.0, 0.194532, 0.980651, -0.021925, 0.4, -0.43742, 0.106735, 0.8929, 0.0, 0.0, 0.0, 0.0, 1.0],
                [0.874161, -0.183288, 0.44972, 0.0, 0.215953, 0.976158, -0.021925, 0.4, -0.434979, 0.116285, 0.8929, 0.0, 0.0, 0.0, 0.0, 1.0],
                [0.874161, -0.183288, 0.44972, 0.0, 0.215953, 0.976158, -0.021925, 0.4, -0.434979, 0.116285, 0.8929, 0.0, 0.0, 0.0, 0.0, 1.0],
                [0.874161, -0.238589, 0.422987, -0.0, 0.215953, 0.971117, 0.101468, 0.4, -0.434979, 0.002646, 0.900437, -0.0, 0.0, 0.0, 0.0, 1.0],
                [0.874161, -0.183288, 0.44972, 0.0, 0.215953, 0.976158, -0.021925, 0.4, -0.434979, 0.116285, 0.8929, 0.0, 0.0, 0.0, 0.0, 1.0],
                [0.874161, -0.183288, 0.44972, 0.0, 0.215953, 0.976158, -0.021925, 0.4, -0.434979, 0.116285, 0.8929, 0.0, 0.0, 0.0, 0.0, 1.0],
                [0.874161, -0.183288, 0.44972, 0.0, 0.215953, 0.976158, -0.021925, 0.4, -0.434979, 0.116285, 0.8929, 0.0, 0.0, 0.0, 0.0, 1.0]
            ]
        },
        {
            "name": "Shoulder_R",
            "time": [0.0, 0.3167, 0.45, 0.5667, 0.9333, 1.15, 1.5333],
            "transform": [
                [-0.004613, 0.951979, 0.306128, -0.0, 0.000526, -0.306129, 0.95199, 0.4, 0.999989, 0.004553, 0.000911, -0.0, 0.0, 0.0, 0.0, 1.0],
                [0.919637, 0.373734, -0.120787, 0.0, 0.206811, -0.199322, 0.957862, 0.4, 0.33391, -0.905866, -0.260596, 0.0, 0.0, 0.0, 0.0, 1.0],
                [0.919637, 0.392113, -0.022671, 0.0, 0.206811, -0.434354, 0.876679, 0.4, 0.33391, -0.810915, -0.480541, 0.0, 0.0, 0.0, 0.0, 1.0],
                [0.919637, 0.392114, -0.022671, 0.0, 0.206811, -0.434354, 0.876679, 0.4, 0.33391, -0.810915, -0.480541, 0.0, 0.0, 0.0, 0.0, 1.0],
                [0.919637, 0.392114, -0.022671, 0.0, 0.206811, -0.434354, 0.876679, 0.4, 0.33391, -0.810915, -0.480541, 0.0, 0.0, 0.0, 0.0, 1.0],
                [0.919637, 0.392114, -0.022671, 0.0, 0.206811, -0.434354, 0.876679, 0.4, 0.33391, -0.810915, -0.480541, 0.0, 0.0, 0.0, 0.0, 1.0],
                [0.919637, 0.392114, -0.022671, 0.0, 0.206811, -0.434354, 0.876679, 0.4, 0.33391, -0.810915, -0.480541, 0.0, 0.0, 0.0, 0.0, 1.0]
            ]
        },
        {
            "name": "Arm_R",
            "time": [0.0, 0.0833, 0.3167, 0.45, 0.5667, 0.65, 0.9333, 1.15, 1.5333],
            "transform": [
                [-0.025608, -0.970091, 0.241385, -0.0, 0.772047, -0.172584, -0.611685, 0.393861, 0.63505, 0.170696, 0.753375, -0.0, 0.0, 0.0, 0.0, 1.0],
                [0.133958, -0.554159, -0.821562, 0.0, -0.022277, 0.82714, -0.561554, 0.39386, 0.990737, 0.093526, 0.098457, 0.0, 0.0, 0.0, 0.0, 1.0],
                [-0.098101, -0.860244, -0.500357, -0.0, -0.547866, 0.466417, -0.694476, 0.393861, 0.830794, 0.205999, -0.517054, -0.0, 0.0, 0.0, 0.0, 1.0],
                [0.112802, -0.903269, -0.413982, 0.0, -0.624384, 0.259664, -0.736695, 0.39386, 0.77293, 0.341584, -0.534696, 0.0, 0.0, 0.0, 0.0, 1.0],
                [0.170356, -0.896504, -0.408973, -0.0, -0.625979, 0.222072, -0.747552, 0.39386, 0.761005, 0.383358, -0.523361, -0.0, 0.0, 0.0, 0.0, 1.0],
                [0.038884, -0.911718, -0.408972, -0.0, -0.587272, 0.310286, -0.747552, 0.39386, 0.808455, 0.269246, -0.523361, 0.0, 0.0, 0.0, 0.0, 1.0],
                [0.170356, -0.896504, -0.408973, -0.0, -0.625979, 0.222072, -0.747552, 0.39386, 0.761005, 0.383358, -0.523361, -0.0, 0.0, 0.0, 0.0, 1.0],
                [0.170356, -0.896504, -0.408973, -0.0, -0.625979, 0.222072, -0.747552, 0.39386, 0.761005, 0.383358, -0.523361, -0.0, 0.0, 0.0, 0.0, 1.0],
                [0.170356, -0.896504, -0.408973, -0.0, -0.625979, 0.222072, -0.747552, 0.39386, 0.761005, 0.383358, -0.523361, -0.0, 0.0, 0.0, 0.0, 1.0]
            ]
        },
        {
            "name": "Hand_R",
            "time": [0.0, 0.0833, 0.3167, 0.45, 0.5667, 0.9333, 1.15, 1.5333],
            "transform": [
                [1.0, -0.0, 0.0, -0.0, 0.0, -0.293998, -0.955806, 0.3, 0.0, 0.955806, -0.293998, 0.0, 0.0, 0.0, 0.0, 1.0],
                [1.0, -0.0, -0.0, 0.0, 0.0, 0.992722, -0.120426, 0.3, 0.0, 0.120426, 0.992722, -0.0, 0.0, 0.0, 0.0, 1.0],
                [1.0, -0.0, 0.0, 0.0, 0.0, 0.331866, -0.943327, 0.3, 0.0, 0.943327, 0.331866, 0.0, 0.0, 0.0, 0.0, 1.0],
                [1.0, -0.0, 0.0, 0.0, 0.0, 0.331866, -0.943327, 0.3, 0.0, 0.943327, 0.331866, 0.0, 0.0, 0.0, 0.0, 1.0],
                [1.0, -0.0, 0.0, -0.0, 0.0, 0.331866, -0.943327, 0.3, 0.0, 0.943327, 0.331866, 0.0, 0.0, 0.0, 0.0, 1.0],
                [1.0, -0.0, 0.0, 0.0, 0.0, 0.331866, -0.943327, 0.3, 0.0, 0.943327, 0.331866, -0.0, 0.0, 0.0, 0.0, 1.0],
                [1.0, -0.0, 0.0, 0.0, 0.0, 0.331866, -0.943327, 0.3, 0.0, 0.943327, 0.331866, -0.0, 0.0, 0.0, 0.0, 1.0],
                [1.0, -0.0, 0.0, 0.0, 0.0, 0.331866, -0.943327, 0.3, 0.0, 0.943327, 0.331866, -0.0, 0.0, 0.0, 0.0, 1.0]
            ]
        },
        {
            "name": "Tool_R",
            "time": [0.0, 0.0833, 0.3167, 0.45, 0.5667, 0.9333, 1.15, 1.5333],
            "transform": [
                [0.855655, -0.306148, -0.398828, -0.0, -0.338409, -0.914583, 0.01597, 0.272858, -0.391351, 0.121341, -0.884773, 0.0, 0.0, 0.0, 0.0, 1.0],
                [0.910053, 0.247516, 0.317618, -0.0, -0.272268, 0.935316, 0.008258, 0.272858, -0.312348, -0.09402, 0.917129, 0.0, 0.0, 0.0, 0.0, 1.0],
                [-0.998287, -0.056709, 0.004378, -0.0, 0.057869, -0.967973, -0.069191, 0.272858, 0.008641, -0.068857, 0.968066, 0.0, 0.0, 0.0, 0.0, 1.0],
                [-0.998287, -0.056709, 0.004378, 0.0, 0.057869, -0.967973, -0.069191, 0.272858, 0.008641, -0.068857, 0.968066, 0.0, 0.0, 0.0, 0.0, 1.0],
                [-0.998287, -0.056709, 0.004378, 0.0, 0.057869, -0.967973, -0.069191, 0.272858, 0.008641, -0.068857, 0.968066, 0.0, 0.0, 0.0, 0.0, 1.0],
                [-0.998287, -0.056709, 0.004378, -0.0, 0.057869, -0.967973, -0.069191, 0.272858, 0.008641, -0.068857, 0.968066, -0.0, 0.0, 0.0, 0.0, 1.0],
                [-0.998287, -0.056709, 0.004378, -0.0, 0.057869, -0.967973, -0.069191, 0.272858, 0.008641, -0.068857, 0.968066, -0.0, 0.0, 0.0, 0.0, 1.0],
                [-0.998287, -0.056709, 0.004378, -0.0, 0.057869, -0.967973, -0.069191, 0.272858, 0.008641, -0.068857, 0.968066, -0.0, 0.0, 0.0, 0.0, 1.0]
            ]
        },
        {
            "name": "Elbow_R",
            "time": [0.0, 0.3167, 0.45, 0.5667, 0.9333, 1.15, 1.5333],
            "transform": [
                [-1.0, 0.0, 0.0, -0.0, 0.0, 0.735098, -0.677961, 0.3, -0.0, -0.677961, -0.735098, 0.0, 0.0, 0.0, 0.0, 1.0],
                [-1.0, 0.0, 0.0, 0.0, 0.0, 0.735098, -0.677961, 0.3, -0.0, -0.677961, -0.735098, 0.0, 0.0, 0.0, 0.0, 1.0],
                [-1.0, 0.0, 0.0, 0.0, 0.0, 0.735098, -0.677961, 0.3, -0.0, -0.677961, -0.735098, 0.0, 0.0, 0.0, 0.0, 1.0],
                [-1.0, 0.0, 0.0, -0.0, 0.0, 0.735098, -0.677961, 0.3, -0.0, -0.677961, -0.735098, 0.0, 0.0, 0.0, 0.0, 1.0],
                [-1.0, 0.0, 0.0, 0.0, 0.0, 0.735098, -0.677961, 0.3, -0.0, -0.677961, -0.735098, -0.0, 0.0, 0.0, 0.0, 1.0],
                [-1.0, 0.0, 0.0, 0.0, 0.0, 0.735098, -0.677961, 0.3, -0.0, -0.677961, -0.735098, -0.0, 0.0, 0.0, 0.0, 1.0],
                [-1.0, 0.0, 0.0, 0.0, 0.0, 0.735098, -0.677961, 0.3, -0.0, -0.677961, -0.735098, -0.0, 0.0, 0.0, 0.0, 1.0]
            ]
        },
        {
            "name": "Shoulder_L",
            "time": [0.0, 0.3167, 0.45, 0.5667, 0.65, 0.9333, 1.15, 1.5333],
            "transform": [
                [0.004613, -0.952228, -0.305355, -0.0, 0.000524, -0.305355, 0.952238, 0.4, -0.999989, -0.004553, -0.00091, -0.0, 0.0, 0.0, 0.0, 1.0],
                [0.558585, -0.771194, -0.305355, 0.0, 0.178348, -0.247859, 0.952238, 0.4, -0.810046, -0.586366, -0.00091, 0.0, 0.0, 0.0, 0.0, 1.0],
                [0.558585, -0.803631, -0.205327, 0.0, 0.178348, -0.125387, 0.975946, 0.4, -0.810046, -0.581769, 0.073287, 0.0, 0.0, 0.0, 0.0, 1.0],
                [0.558585, -0.803631, -0.205327, 0.0, 0.178348, -0.125387, 0.975946, 0.4, -0.810046, -0.581769, 0.073287, 0.0, 0.0, 0.0, 0.0, 1.0],
                [0.563154, -0.740551, -0.366663, -0.0, 0.174613, -0.327051, 0.928734, 0.4, -0.807693, -0.587045, -0.05487, -0.0, 0.0, 0.0, 0.0, 1.0],
                [0.558585, -0.803631, -0.205327, 0.0, 0.178348, -0.125387, 0.975946, 0.4, -0.810046, -0.581769, 0.073287, 0.0, 0.0, 0.0, 0.0, 1.0],
                [0.558585, -0.803631, -0.205327, 0.0, 0.178348, -0.125387, 0.975946, 0.4, -0.810046, -0.581769, 0.073287, 0.0, 0.0, 0.0, 0.0, 1.0],
                [0.558585, -0.803631, -0.205327, 0.0, 0.178348, -0.125387, 0.975946, 0.4, -0.810046, -0.581769, 0.073287, 0.0, 0.0, 0.0, 0.0, 1.0]
            ]
        },
        {
            "name": "Arm_L",
            "time": [0.0, 0.0833, 0.3167, 0.45, 0.5667, 0.9333, 1.15, 1.5333],
            "transform": [
                [-0.798698, -0.121067, -0.589428, 0.0, 0.462324, 0.50351, -0.729887, 0.39386, 0.385148, -0.855465, -0.34618, -0.0, 0.0, 0.0, 0.0, 1.0],
                [-0.841669, 0.514424, 0.164199, 0.0, 0.468201, 0.846709, -0.252728, 0.39386, -0.269038, -0.135835, -0.953503, -0.0, 0.0, 0.0, 0.0, 1.0],
                [0.852957, 0.521419, -0.024208, -0.0, -0.496313, 0.795777, -0.347005, 0.39386, -0.161671, 0.307995, 0.937551, -0.0, 0.0, 0.0, 0.0, 1.0],
                [0.844693, 0.53139, 0.064179, -0.0, -0.509528, 0.83502, -0.207659, 0.39386, -0.163938, 0.142707, 0.976094, -0.0, 0.0, 0.0, 0.0, 1.0],
                [0.844693, 0.534614, 0.026109, 0.0, -0.509528, 0.81808, -0.266695, 0.39386, -0.163938, 0.211972, 0.963427, 0.0, 0.0, 0.0, 0.0, 1.0],
                [0.844693, 0.534614, 0.026109, 0.0, -0.509528, 0.81808, -0.266695, 0.39386, -0.163938, 0.211972, 0.963427, 0.0, 0.0, 0.0, 0.0, 1.0],
                [0.844693, 0.534614, 0.026109, 0.0, -0.509528, 0.81808, -0.266695, 0.39386, -0.163938, 0.211972, 0.963427, 0.0, 0.0, 0.0, 0.0, 1.0],
                [0.844693, 0.534614, 0.026109, 0.0, -0.509528, 0.81808, -0.266695, 0.39386, -0.163938, 0.211972, 0.963427, 0.0, 0.0, 0.0, 0.0, 1.0]
            ]
        },
        {
            "name": "Hand_L",
            "time": [0.0, 0.3167, 0.45, 0.5667, 0.65, 0.9333, 1.15, 1.5333],
            "transform": [
                [1.0, 0.0, 0.0, -0.0, -0.0, 0.474033, -0.880507, 0.3, -0.0, 0.880507, 0.474033, -0.0, 0.0, 0.0, 0.0, 1.0],
                [1.0, 0.0, 0.0, 0.0, -0.0, 0.998426, 0.056081, 0.3, -0.0, -0.056081, 0.998427, 0.0, 0.0, 0.0, 0.0, 1.0],
                [1.0, 0.0, 0.0, -0.0, -0.0, 0.998426, 0.056081, 0.3, -0.0, -0.056081, 0.998426, -0.0, 0.0, 0.0, 0.0, 1.0],
                [1.0, 0.0, 0.0, -0.0, -0.0, 0.998426, 0.056081, 0.3, -0.0, -0.056081, 0.998426, -0.0, 0.0, 0.0, 0.0, 1.0],
                [1.0, 0.0, 0.0, 0.0, -0.0, 0.924679, -0.380749, 0.3, -0.0, 0.380749, 0.924679, 0.0, 0.0, 0.0, 0.0, 1.0],
                [1.0, 0.0, 0.0, -0.0, -0.0, 0.998426, 0.056081, 0.3, -0.0, -0.056081, 0.998426, -0.0, 0.0, 0.0, 0.0, 1.0],
                [1.0, 0.0, 0.0, -0.0, -0.0, 0.998426, 0.056081, 0.3, -0.0, -0.056081, 0.998426, -0.0, 0.0, 0.0, 0.0, 1.0],
                [1.0, 0.0, 0.0, -0.0, -0.0, 0.998426, 0.056081, 0.3, -0.0, -0.056081, 0.998426, -0.0, 0.0, 0.0, 0.0, 1.0]
            ]
        },
        {
            "name": "Tool_L",
            "time": [0.0, 0.3167, 0.45, 0.5667, 0.9333, 1.15, 1.5333],
            "transform": [
                [1.0, 0.0, 0.0, 0.0, -0.0, -0.999836, 0.018122, 0.272858, 0.0, -0.018122, -0.999247, -0.0, 0.0, 0.0, 0.0, 1.0],
                [0.999967, -0.006976, -0.004152, 0.0, -0.007073, -0.999692, -0.023806, 0.272858, -0.003983, 0.02381, -0.99912, 0.0, 0.0, 0.0, 0.0, 1.0],
                [0.999967, -0.006976, -0.004152, 0.0, -0.007073, -0.999691, -0.023806, 0.272858, -0.003983, 0.02381, -0.99912, -0.0, 0.0, 0.0, 0.0, 1.0],
                [0.999967, -0.006976, -0.004152, -0.0, -0.007073, -0.999691, -0.023806, 0.272858, -0.003983, 0.02381, -0.99912, -0.0, 0.0, 0.0, 0.0, 1.0],
                [0.999967, -0.006976, -0.004152, 0.0, -0.007073, -0.999691, -0.023806, 0.272858, -0.003983, 0.02381, -0.99912, -0.0, 0.0, 0.0, 0.0, 1.0],
                [0.999967, -0.006976, -0.004152, 0.0, -0.007073, -0.999691, -0.023806, 0.272858, -0.003983, 0.02381, -0.99912, -0.0, 0.0, 0.0, 0.0, 1.0],
                [0.999967, -0.006976, -0.004152, 0.0, -0.007073, -0.999691, -0.023806, 0.272858, -0.003983, 0.02381, -0.99912, -0.0, 0.0, 0.0, 0.0, 1.0]
            ]
        },
        {
            "name": "Elbow_L",
            "time": [0.0, 0.3167, 0.45, 0.5667, 0.9333, 1.15, 1.5333],
            "transform": [
                [-1.0, 0.0, -0.0, -0.0, -0.0, -0.0, -1.0, 0.3, -0.0, -1.0, 0.0, -0.0, 0.0, 0.0, 0.0, 1.0],
                [-1.0, 0.0, -0.0, 0.0, 0.0, -0.0, -1.0, 0.3, -0.0, -1.0, -0.0, 0.0, 0.0, 0.0, 0.0, 1.0],
                [-1.0, 0.0, -0.0, -0.0, 0.0, -0.0, -1.0, 0.3, -0.0, -1.0, -0.0, -0.0, 0.0, 0.0, 0.0, 1.0],
                [-1.0, 0.0, -0.0, -0.0, 0.0, -0.0, -1.0, 0.3, -0.0, -1.0, -0.0, -0.0, 0.0, 0.0, 0.0, 1.0],
                [-1.0, 0.0, -0.0, -0.0, 0.0, -0.0, -1.0, 0.3, -0.0, -1.0, -0.0, -0.0, 0.0, 0.0, 0.0, 1.0],
                [-1.0, 0.0, -0.0, -0.0, 0.0, -0.0, -1.0, 0.3, -0.0, -1.0, -0.0, -0.0, 0.0, 0.0, 0.0, 1.0],
                [-1.0, 0.0, -0.0, -0.0, 0.0, -0.0, -1.0, 0.3, -0.0, -1.0, -0.0, -0.0, 0.0, 0.0, 0.0, 1.0]
            ]
        }
    ]
}