{
    "animation": [
        {
            "name": "Root",
            "time": [0.0, 0.1833, 0.7, 0.7833, 1.0, 1.65],
            "transform": [
                [0.960075, 0.0, 0.279741, -5e-06, 0.272986, 0.218437, -0.936891, 0.000946, -0.061106, 0.975851, 0.209716, 0.797984, 0.0, 0.0, 0.0, 1.0],
                [0.354039, 0.034757, -0.934584, -5e-06, -0.935205, 0.020552, -0.35351, 0.996139, 0.006921, 0.999184, 0.039781, 0.651731, 0.0, 0.0, 0.0, 1.0],
                [0.682352, 0.0, -0.731024, -5e-06, -0.731024, 0.0, -0.682352, 1.624987, 0.0, 1.0, 0.0, 0.619721, 0.0, 0.0, 0.0, 1.0],
                [0.682352, 0.0, -0.731023, -5e-06, -0.720246, -0.171078, -0.672293, 1.303401, -0.125062, 0.985258, -0.116735, 0.617788, 0.0, 0.0, 0.0, 1.0],
                [0.682352, 0.0, -0.731024, -5e-06, -0.731024, 0.0, -0.682352, 1.350954, 0.0, 1.0, 0.0, 0.619721, 0.0, 0.0, 0.0, 1.0],
                [0.682352, 0.0, -0.731024, -5e-06, -0.731024, 0.0, -0.682352, 0.973345, 0.0, 1.0, 0.0, 0.743719, 0.0, 0.0, 0.0, 1.0]
            ]
        },
        {
            "name": "Thigh_R",
            "time": [0.0, 0.1833, 0.4333, 0.7, 0.7833, 1.0, 1.65],
            "transform": [
                [0.973617, 0.224496, 0.040881, 0.124994, 0.061261, -0.429728, 0.900877, -0.002831, 0.219811, -0.874603, -0.432145, -1.2e-05, 0.0, 0.0, 0.0, 1.0],
                [0.849926, -0.16194, 0.501399, 0.124994, -0.403893, -0.811342, 0.4226, -0.002831, 0.338371, -0.561689, -0.75499, -1.2e-05, 0.0, 0.0, 0.0, 1.0],
                [0.845207, 0.316054, 0.430969, 0.124994, 0.444718, -0.863143, -0.239178, -0.002831, 0.296395, 0.393814, -0.870092, -1.2e-05, 0.0, 0.0, 0.0, 1.0],
                [0.814072, 0.418655, 0.40251, 0.124994, 0.513117, -0.843113, -0.160839, -0.002831, 0.272025, 0.337469, -0.901175, -1.2e-05, 0.0, 0.0, 0.0, 1.0],
                [0.737095, 0.592773, 0.324514, 0.124994, 0.64521, -0.760107, -0.077061, -0.002831, 0.200986, 0.26618, -0.942737, -1.2e-05, 0.0, 0.0, 0.0, 1.0],
                [0.814072, 0.418655, 0.40251, 0.124994, 0.513117, -0.843113, -0.160839, -0.002831, 0.272025, 0.337469, -0.901175, -1.2e-05, 0.0, 0.0, 0.0, 1.0],
                [0.882447, 0.17581, 0.436322, 0.124994, 0.070992, -0.966681, 0.245934, -0.002831, 0.465022, -0.186047, -0.865529, -1.2e-05, 0.0, 0.0, 0.0, 1.0]
            ]
        },
        {
            "name": "Leg_R",
            "time": [0.0, 0.1833, 0.4333, 0.7, 0.7833, 1.0, 1.65],
            "transform": [
                [1.0, -2e-06, 1e-06, 0.0, -2e-06, -0.50759, 0.861598, 0.37472, -1e-06, -0.8616, -0.507589, 0.0, 0.0, 0.0, 0.0, 1.0],
                [1.0, -1e-06, 1e-06, 0.0, -0.0, 0.534139, 0.845396, 0.37472, -1e-06, -0.845397, 0.534139, -0.0, 0.0, 0.0, 0.0, 1.0],
                [1.0, 0.0, 1e-06, -0.0, -0.0, 0.984472, 0.175547, 0.37472, -1e-06, -0.175547, 0.98447, 0.0, 0.0, 0.0, 0.0, 1.0],
                [1.0, 0.0, 1e-06, -0.0, -0.0, 0.93618, 0.351521, 0.37472, -1e-06, -0.351522, 0.936179, 0.0, 0.0, 0.0, 0.0, 1.0],
                [1.0, 0.0, 1e-06, -0.0, -0.0, 0.847231, 0.531225, 0.37472, -1e-06, -0.531226, 0.84723, -0.0, 0.0, 0.0, 0.0, 1.0],
                [1.0, 0.0, 1e-06, -0.0, -0.0, 0.93618, 0.351521, 0.37472, -1e-06, -0.351522, 0.936179, 0.0, 0.0, 0.0, 0.0, 1.0],
                [1.0, 0.0, 1e-06, -0.0, -0.0, 0.984472, 0.175547, 0.37472, -1e-06, -0.175547, 0.98447, -0.0, 0.0, 0.0, 0.0, 1.0]
            ]
        },
        {
            "name": "Knee_R",
            "time": [0.0, 0.1833, 0.4333, 0.7, 1.0, 1.65],
            "transform": [
                [1.0, 0.0, -0.0, -0.000179, -0.0, 1e-06, -1.0, 0.436391, -0.0, 1.0, 1e-06, -0.000613, 0.0, 0.0, 0.0, 1.0],
                [1.0, 0.0, -0.0, -3.2e-05, -0.0, 1e-06, -1.0, 0.39265, -0.0, 1.0, 1e-06, -0.001467, 0.0, 0.0, 0.0, 1.0],
                [1.0, 0.0, -0.0, -0.0, -0.0, 1e-06, -1.0, 0.383077, -0.0, 1.0, 1e-06, -0.001653, 0.0, 0.0, 0.0, 1.0],
                [1.0, 0.0, -0.0, -0.0, -0.0, 1e-06, -1.0, 0.383077, -0.0, 1.0, 1e-06, -0.001653, 0.0, 0.0, 0.0, 1.0],
                [1.0, 0.0, -0.0, -0.0, -0.0, 1e-06, -1.0, 0.383077, -0.0, 1.0, 1e-06, -0.001653, 0.0, 0.0, 0.0, 1.0],
                [1.0, 0.0, -0.0, -0.0, -0.0, 1e-06, -1.0, 0.383077, -0.0, 1.0, 1e-06, -0.001653, 0.0, 0.0, 0.0, 1.0]
            ]
        },
        {
            "name": "Thigh_L",
            "time": [0.0, 0.1833, 0.4333, 0.7, 0.7833, 1.0, 1.65],
            "transform": [
                [0.959241, -0.005375, 0.282535, -0.125006, -0.02173, -0.998261, 0.054788, -0.002831, 0.281749, -0.058694, -0.957691, -1.2e-05, 0.0, 0.0, 0.0, 1.0],
                [0.746334, -0.574874, -0.335417, -0.125006, -0.170595, -0.652347, 0.738471, -0.002831, -0.643336, -0.493926, -0.584941, -1.2e-05, 0.0, 0.0, 0.0, 1.0],
                [0.685245, -0.620143, -0.381917, -0.125006, -0.058287, -0.569401, 0.819991, -0.002831, -0.725976, -0.539634, -0.426326, -1.2e-05, 0.0, 0.0, 0.0, 1.0],
                [0.685245, -0.620143, -0.381917, -0.125006, -0.058287, -0.569401, 0.819991, -0.002831, -0.725976, -0.539634, -0.426326, -1.2e-05, 0.0, 0.0, 0.0, 1.0],
                [0.685245, -0.628492, -0.368017, -0.125006, -0.058287, -0.551006, 0.832463, -0.002831, -0.725976, -0.548991, -0.414207, -1.2e-05, 0.0, 0.0, 0.0, 1.0],
                [0.685245, -0.620143, -0.381917, -0.125006, -0.058287, -0.569401, 0.819991, -0.002831, -0.725976, -0.539634, -0.426326, -1.2e-05, 0.0, 0.0, 0.0, 1.0],
                [0.950598, -0.208511, -0.22997, -0.125006, -0.120478, -0.930568, 0.345728, -0.002831, -0.286091, -0.300942, -0.909717, -1.2e-05, 0.0, 0.0, 0.0, 1.0]
            ]
        },
        {
            "name": "Leg_L",
            "time": [0.0, 0.1833, 0.4333, 0.7, 0.7833, 1.0, 1.65],
            "transform": [
                [1.0, -0.0, 1e-06, -0.0, 0.0, 0.999948, 0.010137, 0.37472, -1e-06, -0.010137, 0.999949, -0.0, 0.0, 0.0, 0.0, 1.0],
                [1.0, 0.0, 1e-06, 0.0, -0.0, 0.987939, 0.154844, 0.37472, -1e-06, -0.154844, 0.987939, -0.0, 0.0, 0.0, 0.0, 1.0],
                [1.0, -1e-06, 1e-06, 0.0, -0.0, 0.619505, 0.784993, 0.37472, -1e-06, -0.784992, 0.619506, 0.0, 0.0, 0.0, 0.0, 1.0],
                [1.0, -0.0, 1e-06, 0.0, -0.0, 0.717531, 0.696527, 0.37472, -1e-06, -0.696526, 0.717531, -0.0, 0.0, 0.0, 0.0, 1.0],
                [1.0, -0.0, 1e-06, -0.0, -0.0, 0.877904, 0.478836, 0.37472, -1e-06, -0.478835, 0.877905, 0.0, 0.0, 0.0, 0.0, 1.0],
                [1.0, -0.0, 1e-06, 0.0, -0.0, 0.717531, 0.696527, 0.37472, -1e-06, -0.696526, 0.717531, -0.0, 0.0, 0.0, 0.0, 1.0],
                [1.0, -0.0, 1e-06, 0.0, -0.0, 0.947813, 0.318825, 0.37472, -1e-06, -0.318825, 0.947814, 0.0, 0.0, 0.0, 0.0, 1.0]
            ]
        },
        {
            "name": "Knee_L",
            "time": [0.0, 0.1833, 0.4333, 0.7, 1.0, 1.65],
            "transform": [
                [1.0, 0.0, -0.0, -0.0, -0.0, 1e-06, -1.0, 0.37472, -0.0, 1.0, 1e-06, -0.0, 0.0, 0.0, 0.0, 1.0],
                [1.0, 0.0, -0.0, 0.0, -0.0, 1e-06, -1.0, 0.37472, -0.0, 1.0, 1e-06, -0.0, 0.0, 0.0, 0.0, 1.0],
                [1.0, 0.0, -0.0, 0.0, -0.0, 1e-06, -1.0, 0.37472, -0.0, 1.0, 1e-06, 0.0, 0.0, 0.0, 0.0, 1.0],
                [1.0, 0.0, -0.0, 0.0, -0.0, 1e-06, -1.0, 0.37472, -0.0, 1.0, 1e-06, -0.0, 0.0, 0.0, 0.0, 1.0],
                [1.0, 0.0, -0.0, 0.0, -0.0, 1e-06, -1.0, 0.37472, -0.0, 1.0, 1e-06, -0.0, 0.0, 0.0, 0.0, 1.0],
                [1.0, 0.0, -0.0, 0.0, -0.0, 1e-06, -1.0, 0.37472, -0.0, 1.0, 1e-06, 0.0, 0.0, 0.0, 0.0, 1.0]
            ]
        },
        {
            "name": "Torso",
            "time": [0.0, 0.1833, 0.4333, 0.7, 1.0, 1.65],
            "transform": [
                [0.913009, 0.0, -0.407941, -0.0, 0.081729, 0.979725, 0.182917, 0.05, 0.39967, -0.200346, 0.894498, 0.0, 0.0, 0.0, 0.0, 1.0],
                [0.999953, -0.007474, -0.006163, -0.0, 0.007688, 0.999339, 0.035526, 0.05, 0.005893, -0.035572, 0.99935, 0.0, 0.0, 0.0, 0.0, 1.0],
                [0.996512, 0.0, 0.083446, -0.0, 0.0, 1.0, -0.0, 0.05, -0.083446, 0.0, 0.996512, 0.0, 0.0, 0.0, 0.0, 1.0],
                [0.996512, 0.0, 0.083446, -0.0, 0.0, 1.0, 0.0, 0.05, -0.083446, 0.0, 0.996512, 0.0, 0.0, 0.0, 0.0, 1.0],
                [0.996512, 0.0, 0.083446, -0.0, 0.0, 1.0, 0.0, 0.05, -0.083446, 0.0, 0.996512, 0.0, 0.0, 0.0, 0.0, 1.0],
                [0.996512, 0.0, 0.083446, 0.0, 0.0, 1.0, 0.0, 0.05, -0.083446, 0.0, 0.996512, 0.0, 0.0, 0.0, 0.0, 1.0]
            ]
        },
        {
            "name": "Chest",
            "time": [0.0, 0.1833, 0.4333, 0.7, 0.7833, 1.0, 1.65],
            "transform": [
                [0.805061, 0.143205, -0.575646, 0.0, -0.076605, 0.987395, 0.138502, 0.3, 0.588224, -0.067405, 0.805884, 0.0, 0.0, 0.0, 0.0, 1.0],
                [0.931201, 0.127887, -0.341336, 0.0, -0.020194, 0.953094, 0.302001, 0.3, 0.363947, -0.274331, 0.890104, 0.0, 0.0, 0.0, 0.0, 1.0],
                [0.95989, 0.01291, -0.28008, 0.0, 0.022061, 0.992365, 0.12135, 0.3, 0.279508, -0.122662, 0.952276, -0.0, 0.0, 0.0, 0.0, 1.0],
                [0.963667, -0.06075, -0.260107, 0.0, 0.107871, 0.979364, 0.170912, 0.3, 0.244356, -0.19276, 0.950333, 0.0, 0.0, 0.0, 0.0, 1.0],
                [0.950382, 0.010287, -0.310914, 0.0, -0.020994, 0.999295, -0.03111, 0.3, 0.310375, 0.036094, 0.949929, -0.0, 0.0, 0.0, 0.0, 1.0],
                [0.963667, -0.06075, -0.260107, 0.0, 0.107871, 0.979364, 0.170912, 0.3, 0.244356, -0.19276, 0.950333, -0.0, 0.0, 0.0, 0.0, 1.0],
                [0.999232, 0.004476, 0.038924, -0.0, -0.006676, 0.998376, 0.056579, 0.3, -0.038608, -0.056796, 0.997639, -0.0, 0.0, 0.0, 0.0, 1.0]
            ]
        },
        {
            "name": "Head",
            "time": [0.0, 0.1833, 0.4333, 0.7, 1.0, 1.65],
            "transform": [
                [0.753362, 0.0, 0.657606, 0.0, 0.123476, 0.982214, -0.141455, 0.4, -0.64591, 0.187765, 0.739962, -0.0, 0.0, 0.0, 0.0, 1.0],
                [0.661308, -0.046805, 0.748653, -0.0, 0.193536, 0.974907, -0.110006, 0.4, -0.724717, 0.217639, 0.653772, -0.0, 0.0, 0.0, 0.0, 1.0],
                [0.639329, -0.056474, 0.766857, -0.0, 0.20822, 0.972753, -0.101957, 0.4, -0.740204, 0.224859, 0.633669, -0.0, 0.0, 0.0, 0.0, 1.0],
                [0.639329, -0.056474, 0.766857, -0.0, 0.20822, 0.972753, -0.101957, 0.4, -0.740205, 0.224859, 0.633669, 0.0, 0.0, 0.0, 0.0, 1.0],
                [0.639329, -0.056474, 0.766857, -0.0, 0.20822, 0.972753, -0.101957, 0.4, -0.740205, 0.224859, 0.633669, 0.0, 0.0, 0.0, 0.0, 1.0],
                [0.89317, 0.0, 0.44972, 0.0, 0.01104, 0.999699, -0.021925, 0.4, -0.449585, 0.024548, 0.892901, 0.0, 0.0, 0.0, 0.0, 1.0]
            ]
        },
        {
            "name": "Shoulder_R",
            "time": [0.0, 0.1833, 0.4333, 0.7, 1.0, 1.65],
            "transform": [
                [0.0, 0.868829, 0.495113, 0.0, -0.0, -0.495113, 0.868829, 0.4, 1.0, -0.0, 0.0, -0.0, 0.0, 0.0, 0.0, 1.0],
                [0.383367, 0.915583, 0.121401, -0.0, 0.810823, -0.396578, 0.430456, 0.4, 0.442262, -0.066588, -0.89441, -0.0, 0.0, 0.0, 0.0, 1.0],
                [0.397827, 0.917448, 0.00467, -0.0, 0.889365, -0.38689, 0.24361, 0.4, 0.225306, -0.092761, -0.969862, -0.0, 0.0, 0.0, 0.0, 1.0],
                [0.397827, 0.917448, 0.00467, -0.0, 0.889365, -0.38689, 0.24361, 0.4, 0.225306, -0.092761, -0.969862, 0.0, 0.0, 0.0, 0.0, 1.0],
                [0.397827, 0.917448, 0.00467, -0.0, 0.889365, -0.38689, 0.24361, 0.4, 0.225306, -0.092761, -0.969862, 0.0, 0.0, 0.0, 0.0, 1.0],
                [-0.004613, 0.951979, 0.306128, 0.0, 0.000526, -0.306129, 0.95199, 0.4, 0.999989, 0.004553, 0.000911, 0.0, 0.0, 0.0, 0.0, 1.0]
            ]
        },
        {
            "name": "Arm_R",
            "time": [0.0, 0.1833, 0.4333, 0.7, 1.0, 1.65],
            "transform": [
                [0.015198, 0.4904, -0.871365, 0.0, 0.31517, 0.824692, 0.469629, 0.393861, 0.948914, -0.281765, -0.142026, -0.0, 0.0, 0.0, 0.0, 1.0],
                [0.272308, 0.015437, -0.962086, -0.0, -0.053588, 0.998563, 0.000855, 0.39386, 0.960717, 0.051323, 0.272744, 0.0, 0.0, 0.0, 0.0, 1.0],
                [0.415261, -0.164779, -0.894654, -0.0, -0.089964, 0.971198, -0.220635, 0.393861, 0.905243, 0.172107, 0.388476, -0.0, 0.0, 0.0, 0.0, 1.0],
                [0.427098, -0.321377, -0.845165, -0.0, 0.467789, 0.878431, -0.097633, 0.393861, 0.773796, -0.35366, 0.525513, -0.0, 0.0, 0.0, 0.0, 1.0],
                [0.427098, -0.321377, -0.845165, 0.0, 0.467789, 0.878431, -0.097633, 0.393861, 0.773796, -0.35366, 0.525513, -0.0, 0.0, 0.0, 0.0, 1.0],
                [-0.025608, -0.970091, 0.241385, -0.0, 0.772047, -0.172584, -0.611685, 0.39386, 0.63505, 0.170696, 0.753376, -0.0, 0.0, 0.0, 0.0, 1.0]
            ]
        },
        {
            "name": "Hand_R",
            "time": [0.0, 0.1833, 0.4333, 0.7, 1.0, 1.65],
            "transform": [
                [1.0, -0.0, 0.0, 0.0, 0.0, 0.998361, 0.057238, 0.3, -0.0, -0.057238, 0.998361, 0.0, 0.0, 0.0, 0.0, 1.0],
                [1.0, -0.0, 0.0, -0.0, 0.0, 0.990497, -0.137536, 0.3, -0.0, 0.137536, 0.990497, 0.0, 0.0, 0.0, 0.0, 1.0],
                [1.0, -0.0, 0.0, -0.0, 0.0, 0.983722, -0.1797, 0.3, -0.0, 0.1797, 0.983722, 0.0, 0.0, 0.0, 0.0, 1.0],
                [1.0, -0.0, 0.0, -0.0, 0.0, 0.983722, -0.1797, 0.3, -0.0, 0.1797, 0.983721, 0.0, 0.0, 0.0, 0.0, 1.0],
                [1.0, -0.0, 0.0, -0.0, 0.0, 0.983722, -0.1797, 0.3, -0.0, 0.1797, 0.983721, -0.0, 0.0, 0.0, 0.0, 1.0],
                [1.0, -0.0, 0.0, 0.0, 0.0, -0.293998, -0.955806, 0.3, 0.0, 0.955806, -0.293998, -0.0, 0.0, 0.0, 0.0, 1.0]
            ]
        },
        {
            "name": "Tool_R",
            "time": [0.0, 0.1833, 0.4333, 0.7, 1.0, 1.65],
            "transform": [
                [1.0, -0.0, 0.0, -0.0, 0.0, -0.548415, -0.801813, 0.168204, 0.0, 0.802123, -0.547559, 0.054749, 0.0, 0.0, 0.0, 1.0],
                [-0.920165, 0.149034, -0.349861, -0.0, -0.127305, -0.959734, -0.09226, 0.254066, -0.370039, -0.040381, 0.900663, 0.009831, 0.0, 0.0, 0.0, 1.0],
                [-0.998287, -0.056709, 0.004378, -0.0, 0.057869, -0.967973, -0.069191, 0.272858, 0.008641, -0.068857, 0.968066, 0.0, 0.0, 0.0, 0.0, 1.0],
                [-0.998287, -0.056709, 0.004378, 0.0, 0.057869, -0.967973, -0.069191, 0.272858, 0.008641, -0.068857, 0.968066, -0.0, 0.0, 0.0, 0.0, 1.0],
                [-0.998287, -0.056709, 0.004378, -0.0, 0.057869, -0.967973, -0.069191, 0.272858, 0.008641, -0.068857, 0.968066, -0.0, 0.0, 0.0, 0.0, 1.0],
                [0.855655, -0.306148, -0.398828, -0.0, -0.338409, -0.914583, 0.01597, 0.272858, -0.391351, 0.121341, -0.884773, 0.0, 0.0, 0.0, 0.0, 1.0]
            ]
        },
        {
            "name": "Elbow_R",
            "time": [0.0, 0.1833, 0.4333, 0.7, 1.0, 1.65],
            "transform": [
                [-1.0, 0.0, 0.0, 0.000596, -0.0, 0.140697, -0.990053, 0.288638, -0.0, -0.990053, -0.140697, 0.002707, 0.0, 0.0, 0.0, 1.0],
                [-1.0, 0.0, 0.0, 0.000107, -0.0, 0.290678, -0.956821, 0.29796, -0.0, -0.956821, -0.290678, 0.000486, 0.0, 0.0, 0.0, 1.0],
                [-1.0, 0.0, 0.0, -0.0, 0.0, 0.32268, -0.946508, 0.3, -0.0, -0.946509, -0.32268, 0.0, 0.0, 0.0, 0.0, 1.0],
                [-1.0, 0.0, 0.0, -0.0, 0.0, 0.32268, -0.946508, 0.3, -0.0, -0.946508, -0.32268, 0.0, 0.0, 0.0, 0.0, 1.0],
                [-1.0, 0.0, 0.0, -0.0, 0.0, 0.32268, -0.946508, 0.3, -0.0, -0.946508, -0.32268, -0.0, 0.0, 0.0, 0.0, 1.0],
                [-1.0, 0.0, 0.0, 0.0, 0.0, 0.735098, -0.677961, 0.3, -0.0, -0.677961, -0.735098, -0.0, 0.0, 0.0, 0.0, 1.0]
            ]
        },
        {
            "name": "Shoulder_L",
            "time": [0.0, 0.1833, 0.4333, 0.7, 1.0, 1.65],
            "transform": [
                [0.451448, -0.838281, -0.305743, 0.0, 0.144969, -0.269189, 0.952114, 0.4, -0.880442, -0.474153, 0.0, -0.0, 0.0, 0.0, 0.0, 1.0],
                [-0.141924, -0.964172, -0.224118, -0.0, 0.029255, -0.230396, 0.972657, 0.4, -0.989445, 0.131487, 0.060906, -0.0, 0.0, 0.0, 0.0, 1.0],
                [0.363601, -0.908645, -0.205327, -0.0, 0.145591, -0.162275, 0.975946, 0.4, -0.920107, -0.384749, 0.073287, -0.0, 0.0, 0.0, 0.0, 1.0],
                [0.363601, -0.908645, -0.205327, -0.0, 0.145591, -0.162275, 0.975946, 0.4, -0.920107, -0.384748, 0.073287, 0.0, 0.0, 0.0, 0.0, 1.0],
                [0.363601, -0.908645, -0.205327, -0.0, 0.145591, -0.162275, 0.975946, 0.4, -0.920107, -0.384748, 0.073287, 0.0, 0.0, 0.0, 0.0, 1.0],
                [0.004613, -0.952227, -0.305355, 0.0, 0.000524, -0.305355, 0.952238, 0.4, -0.999989, -0.004553, -0.00091, 0.0, 0.0, 0.0, 0.0, 1.0]
            ]
        },
        {
            "name": "Arm_L",
            "time": [0.0, 0.1833, 0.4333, 0.7, 0.7833, 1.0, 1.3667, 1.65],
            "transform": [
                [-0.372388, 0.903332, 0.21288, -0.0, 0.25408, 0.319844, -0.912767, 0.39386, -0.89262, -0.285815, -0.348625, -0.0, 0.0, 0.0, 0.0, 1.0],
                [0.365646, 0.342146, 0.865586, 0.0, 0.044793, 0.922437, -0.383539, 0.39386, -0.929675, 0.179011, 0.32196, 0.0, 0.0, 0.0, 0.0, 1.0],
                [0.974426, 0.21133, 0.076383, -0.0, -0.198031, 0.96825, -0.152563, 0.39386, -0.106199, 0.133535, 0.985338, -0.0, 0.0, 0.0, 0.0, 1.0],
                [0.974426, 0.220245, 0.044573, 0.0, -0.198031, 0.935418, -0.292876, 0.39386, -0.106199, 0.276559, 0.955111, -0.0, 0.0, 0.0, 0.0, 1.0],
                [0.974426, 0.224672, 0.004129, 0.0, -0.198031, 0.867276, -0.456744, 0.39386, -0.106199, 0.444246, 0.889589, 0.0, 0.0, 0.0, 0.0, 1.0],
                [0.974426, 0.220245, 0.044573, -0.0, -0.198031, 0.935418, -0.292876, 0.39386, -0.106199, 0.276559, 0.955111, 0.0, 0.0, 0.0, 0.0, 1.0],
                [-0.425179, -0.878594, 0.217476, 0.0, -0.818909, 0.271079, -0.50587, 0.39386, 0.385501, -0.393178, -0.834745, 0.0, 0.0, 0.0, 0.0, 1.0],
                [-0.798698, -0.121067, -0.589428, -0.0, 0.462324, 0.50351, -0.729887, 0.39386, 0.385148, -0.855465, -0.34618, 0.0, 0.0, 0.0, 0.0, 1.0]
            ]
        },
        {
            "name": "Hand_L",
            "time": [0.0, 0.1833, 0.4333, 0.7, 0.7833, 1.0, 1.65],
            "transform": [
                [1.0, -0.0, 0.0, -0.0, 0.0, 0.7026, -0.711585, 0.3, -0.0, 0.711585, 0.7026, -0.0, 0.0, 0.0, 0.0, 1.0],
                [1.0, -0.0, 0.0, -0.0, 0.0, 0.551249, -0.834341, 0.3, -0.0, 0.834341, 0.551249, -0.0, 0.0, 0.0, 0.0, 1.0],
                [1.0, 0.0, 0.0, 0.0, -0.0, 0.996722, -0.080905, 0.3, -0.0, 0.080905, 0.996722, -0.0, 0.0, 0.0, 0.0, 1.0],
                [1.0, 0.0, 0.0, -0.0, -0.0, 0.998426, 0.056081, 0.3, -0.0, -0.056081, 0.998426, -0.0, 0.0, 0.0, 0.0, 1.0],
                [1.0, 0.0, 0.0, 0.0, -0.0, 0.944317, -0.329039, 0.3, -0.0, 0.329039, 0.944317, 0.0, 0.0, 0.0, 0.0, 1.0],
                [1.0, 0.0, 0.0, 0.0, -0.0, 0.998426, 0.056081, 0.3, -0.0, -0.056081, 0.998426, -0.0, 0.0, 0.0, 0.0, 1.0],
                [1.0, 0.0, 0.0, 0.0, -0.0, 0.474033, -0.880507, 0.3, -0.0, 0.880507, 0.474033, 0.0, 0.0, 0.0, 0.0, 1.0]
            ]
        },
        {
            "name": "Tool_L",
            "time": [0.0, 0.1833, 0.4333, 0.7, 1.0, 1.65],
            "transform": [
                [1.0, 0.0, 0.0, -0.0, 0.0, -0.999836, 0.018122, 0.272858, 0.0, -0.018122, -0.999247, 0.0, 0.0, 0.0, 0.0, 1.0],
                [0.999978, -0.005736, -0.003385, -0.0, -0.005791, -0.999851, -0.01628, 0.272858, -0.00329, 0.016279, -0.999274, -0.0, 0.0, 0.0, 0.0, 1.0],
                [0.999967, -0.006976, -0.004152, 0.0, -0.007073, -0.999692, -0.023806, 0.272858, -0.003983, 0.02381, -0.99912, -0.0, 0.0, 0.0, 0.0, 1.0],
                [0.999967, -0.006976, -0.004152, -0.0, -0.007073, -0.999691, -0.023806, 0.272858, -0.003983, 0.02381, -0.99912, -0.0, 0.0, 0.0, 0.0, 1.0],
                [0.999967, -0.006976, -0.004152, -0.0, -0.007073, -0.999691, -0.023806, 0.272858, -0.003983, 0.02381, -0.99912, -0.0, 0.0, 0.0, 0.0, 1.0],
                [1.0, 0.0, 0.0, 0.0, 0.0, -0.999836, 0.018122, 0.272858, 0.0, -0.018122, -0.999247, -0.0, 0.0, 0.0, 0.0, 1.0]
            ]
        },
        {
            "name": "Elbow_L",
            "time": [0.0, 0.1833, 0.4333, 0.7, 1.0, 1.65],
            "transform": [
                [-1.0, 0.0, -0.0, 0.000227, 0.0, -0.0, -1.0, 0.380328, -0.0, -1.0, -0.0, -0.000541, 0.0, 0.0, 0.0, 1.0],
                [-1.0, 0.0, -0.0, 4.1e-05, 0.0, -0.0, -1.0, 0.314424, -0.0, -1.0, -0.0, -9.7e-05, 0.0, 0.0, 0.0, 1.0],
                [-1.0, 0.0, -0.0, 0.0, 0.0, -0.0, -1.0, 0.3, -0.0, -1.0, -0.0, -0.0, 0.0, 0.0, 0.0, 1.0],
                [-1.0, 0.0, -0.0, -0.0, 0.0, -0.0, -1.0, 0.3, -0.0, -1.0, -0.0, -0.0, 0.0, 0.0, 0.0, 1.0],
                [-1.0, 0.0, -0.0, 0.0, 0.0, -0.0, -1.0, 0.3, -0.0, -1.0, -0.0, -0.0, 0.0, 0.0, 0.0, 1.0],
                [-1.0, 0.0, -0.0, 0.0, 0.0, -0.0, -1.0, 0.3, -0.0, -1.0, -0.0, 0.0, 0.0, 0.0, 0.0, 1.0]
            ]
        }
    ]
}