{
    "animation": [
        {
            "name": "Root",
            "time": [0.0, 0.2833, 0.5167, 0.65, 0.8167, 1.0833, 1.65],
            "transform": [
                [0.960075, 0.0, 0.279741, -5e-06, 0.272986, 0.218437, -0.936891, 0.000946, -0.061106, 0.975851, 0.209716, 0.797984, 0.0, 0.0, 0.0, 1.0],
                [0.578641, -0.006379, 0.815557, -0.000833, 0.779824, -0.288522, -0.555545, 0.554211, 0.23885, 0.957452, -0.161977, 0.774706, 0.0, 0.0, 0.0, 1.0],
                [0.578641, -0.006379, 0.815557, -0.000833, 0.779824, -0.288522, -0.555545, 0.777926, 0.23885, 0.957452, -0.161977, 0.774706, 0.0, 0.0, 0.0, 1.0],
                [0.871387, 0.043436, -0.488669, -5e-06, -0.489428, 0.00829, -0.872004, 2.330153, -0.033825, 0.999022, 0.028483, 0.537287, 0.0, 0.0, 0.0, 1.0],
                [0.414301, 0.039951, -0.909263, -5e-06, -0.909511, -0.018955, -0.415247, 3.222729, -0.033825, 0.999022, 0.028483, 0.537287, 0.0, 0.0, 0.0, 1.0],
                [0.414301, 0.039951, -0.909263, -5e-06, -0.909511, -0.018955, -0.415247, 3.538115, -0.033825, 0.999022, 0.028483, 0.537287, 0.0, 0.0, 0.0, 1.0],
                [0.414301, 0.039951, -0.909263, -5e-06, -0.909511, -0.018955, -0.415247, 3.538115, -0.033825, 0.999022, 0.028483, 0.740225, 0.0, 0.0, 0.0, 1.0]
            ]
        },
        {
            "name": "Thigh_R",
            "time": [0.0, 0.2833, 0.5167, 0.65, 0.8167, 1.0833, 1.65],
            "transform": [
                [0.973617, 0.224496, 0.040881, 0.124994, 0.061261, -0.429728, 0.900877, -0.002831, 0.219811, -0.874603, -0.432145, -1.2e-05, 0.0, 0.0, 0.0, 1.0],
                [0.942864, 0.324004, 0.07764, 0.124994, 0.062789, -0.401646, 0.91364, -0.002831, 0.327207, -0.856561, -0.399043, -1.2e-05, 0.0, 0.0, 0.0, 1.0],
                [0.752941, 0.656938, -0.038856, 0.124994, 0.251431, -0.232603, 0.93951, -0.002831, 0.608163, -0.717163, -0.340312, -1.2e-05, 0.0, 0.0, 0.0, 1.0],
                [0.76751, 0.567357, 0.298385, 0.124994, 0.640751, -0.665089, -0.383526, -0.002831, -0.019144, 0.485549, -0.873999, -1.2e-05, 0.0, 0.0, 0.0, 1.0],
                [0.680103, 0.719046, -0.142933, 0.124994, 0.725218, -0.688406, -0.012417, -0.002831, -0.107324, -0.095212, -0.989655, -1.2e-05, 0.0, 0.0, 0.0, 1.0],
                [0.675283, 0.682339, -0.280006, 0.124994, 0.724847, -0.684137, 0.080933, -0.002831, -0.13634, -0.257614, -0.956581, -1.2e-05, 0.0, 0.0, 0.0, 1.0],
                [0.882447, 0.17581, 0.436322, 0.124994, 0.070992, -0.966681, 0.245934, -0.002831, 0.465022, -0.186047, -0.865529, -1.2e-05, 0.0, 0.0, 0.0, 1.0]
            ]
        },
        {
            "name": "Leg_R",
            "time": [0.0, 0.2833, 0.5167, 0.65, 1.0833, 1.65],
            "transform": [
                [1.0, -2e-06, 1e-06, 0.0, -2e-06, -0.50759, 0.861598, 0.37472, -1e-06, -0.8616, -0.507589, 0.0, 0.0, 0.0, 0.0, 1.0],
                [1.0, -1e-06, 0.0, 0.0, -0.0, -0.299901, 0.95397, 0.37472, -1e-06, -0.953971, -0.299901, 0.0, 0.0, 0.0, 0.0, 1.0],
                [1.0, -1e-06, 0.0, -0.0, -0.0, -0.168031, 0.985781, 0.37472, -1e-06, -0.985782, -0.168031, -0.0, 0.0, 0.0, 0.0, 1.0],
                [1.0, 0.0, 1e-06, -0.0, -0.0, 0.936369, 0.351018, 0.37472, -1e-06, -0.351018, 0.936368, 0.0, 0.0, 0.0, 0.0, 1.0],
                [1.0, -1e-06, 1e-06, 0.0, -0.0, 0.565442, 0.824787, 0.37472, -1e-06, -0.824789, 0.565441, -0.0, 0.0, 0.0, 0.0, 1.0],
                [1.0, 0.0, 1e-06, -0.0, -0.0, 0.984472, 0.175547, 0.37472, -1e-06, -0.175547, 0.98447, 0.0, 0.0, 0.0, 0.0, 1.0]
            ]
        },
        {
            "name": "Knee_R",
            "time": [0.0, 0.2833, 0.5167, 0.65, 1.0833, 1.65],
            "transform": [
                [1.0, 0.0, -0.0, -0.000179, -0.0, 1e-06, -1.0, 0.436391, -0.0, 1.0, 1e-06, -0.000613, 0.0, 0.0, 0.0, 1.0],
                [1.0, 0.0, -0.0, -0.0, -0.0, 0.527417, -0.849607, 0.383077, -0.0, 0.849607, 0.527417, -0.001653, 0.0, 0.0, 0.0, 1.0],
                [1.0, 0.0, -0.0, 0.0, -0.0, 0.612952, -0.790121, 0.383077, -0.0, 0.790121, 0.612951, -0.001653, 0.0, 0.0, 0.0, 1.0],
                [1.0, 0.0, -0.0, -0.0, -0.0, 1e-06, -1.0, 0.383077, -0.0, 1.0, 1e-06, -0.001653, 0.0, 0.0, 0.0, 1.0],
                [1.0, 0.0, -0.0, 0.0, -0.0, 1e-06, -1.0, 0.383077, -0.0, 1.0, 1e-06, -0.001653, 0.0, 0.0, 0.0, 1.0],
                [1.0, 0.0, -0.0, -0.0, -0.0, 1e-06, -1.0, 0.383077, -0.0, 1.0, 1e-06, -0.001653, 0.0, 0.0, 0.0, 1.0]
            ]
        },
        {
            "name": "Thigh_L",
            "time": [0.0, 0.2833, 0.5167, 0.65, 0.8167, 1.0833, 1.65],
            "transform": [
                [0.959241, -0.005375, 0.282535, -0.125006, -0.02173, -0.998261, 0.054788, -0.002831, 0.281749, -0.058694, -0.957691, -1.2e-05, 0.0, 0.0, 0.0, 1.0],
                [0.727659, -0.517975, -0.449681, -0.125006, -0.54212, -0.835926, 0.085638, -0.002831, -0.420258, 0.181467, -0.889074, -1.2e-05, 0.0, 0.0, 0.0, 1.0],
                [0.789148, -0.397976, -0.467824, -0.125006, -0.371048, -0.915883, 0.153235, -0.002831, -0.489455, 0.052661, -0.870436, -1.2e-05, 0.0, 0.0, 0.0, 1.0],
                [0.788384, -0.614197, 0.034813, -0.125006, -0.263803, -0.286412, 0.921073, -0.002831, -0.555749, -0.735343, -0.38783, -1.2e-05, 0.0, 0.0, 0.0, 1.0],
                [0.356361, -0.863737, -0.356321, -0.125006, -0.05625, -0.400499, 0.914569, -0.002831, -0.932653, -0.305874, -0.191308, -1.2e-05, 0.0, 0.0, 0.0, 1.0],
                [0.62111, -0.719631, -0.310408, -0.125006, -0.037067, -0.422599, 0.905558, -0.002831, -0.782845, -0.550946, -0.289155, -1.2e-05, 0.0, 0.0, 0.0, 1.0],
                [0.950598, -0.208511, -0.22997, -0.125006, -0.120478, -0.930568, 0.345728, -0.002831, -0.286091, -0.300941, -0.909717, -1.2e-05, 0.0, 0.0, 0.0, 1.0]
            ]
        },
        {
            "name": "Leg_L",
            "time": [0.0, 0.2833, 0.5167, 0.65, 1.0833, 1.65],
            "transform": [
                [1.0, -0.0, 1e-06, -0.0, 0.0, 0.999948, 0.010137, 0.37472, -1e-06, -0.010137, 0.999949, -0.0, 0.0, 0.0, 0.0, 1.0],
                [1.0, -0.0, 1e-06, -0.0, -0.0, 0.947813, 0.318825, 0.37472, -1e-06, -0.318825, 0.947814, 0.0, 0.0, 0.0, 0.0, 1.0],
                [1.0, -0.0, 1e-06, 0.0, -0.0, 0.947813, 0.318825, 0.37472, -1e-06, -0.318825, 0.947814, 0.0, 0.0, 0.0, 0.0, 1.0],
                [1.0, -1e-06, 1e-06, -0.0, -0.0, 0.518961, 0.854798, 0.37472, -1e-06, -0.854797, 0.518961, -0.0, 0.0, 0.0, 0.0, 1.0],
                [1.0, -1e-06, 1e-06, 0.0, -0.0, 0.367796, 0.929907, 0.37472, -1e-06, -0.929906, 0.367796, 0.0, 0.0, 0.0, 0.0, 1.0],
                [1.0, -0.0, 1e-06, -0.0, -0.0, 0.947813, 0.318825, 0.37472, -1e-06, -0.318825, 0.947814, 0.0, 0.0, 0.0, 0.0, 1.0]
            ]
        },
        {
            "name": "Knee_L",
            "time": [0.0, 0.2833, 0.5167, 0.65, 1.0833, 1.65],
            "transform": [
                [1.0, 0.0, -0.0, -0.0, -0.0, 1e-06, -1.0, 0.37472, -0.0, 1.0, 1e-06, -0.0, 0.0, 0.0, 0.0, 1.0],
                [1.0, 0.0, -0.0, -0.0, -0.0, 1e-06, -1.0, 0.37472, -0.0, 1.0, 1e-06, 0.0, 0.0, 0.0, 0.0, 1.0],
                [1.0, 0.0, -0.0, 0.0, -0.0, 1e-06, -1.0, 0.37472, -0.0, 1.0, 1e-06, 0.0, 0.0, 0.0, 0.0, 1.0],
                [1.0, 0.0, -0.0, -0.0, -0.0, 0.305728, -0.952119, 0.37472, -0.0, 0.952119, 0.305728, -0.0, 0.0, 0.0, 0.0, 1.0],
                [1.0, 0.0, -0.0, 0.0, -0.0, 0.377244, -0.926114, 0.37472, -0.0, 0.926114, 0.377244, 0.0, 0.0, 0.0, 0.0, 1.0],
                [1.0, 0.0, -0.0, -0.0, -0.0, 1e-06, -1.0, 0.37472, -0.0, 1.0, 1e-06, 0.0, 0.0, 0.0, 0.0, 1.0]
            ]
        },
        {
            "name": "Torso",
            "time": [0.0, 0.2833, 0.5167, 0.65, 1.0833, 1.35, 1.65],
            "transform": [
                [0.913009, 0.0, -0.407941, -0.0, 0.081729, 0.979725, 0.182917, 0.05, 0.39967, -0.200346, 0.894498, 0.0, 0.0, 0.0, 0.0, 1.0],
                [0.996548, -0.043002, 0.071014, -0.0, 0.040232, 0.99839, 0.039984, 0.05, -0.072619, -0.036989, 0.996674, -0.0, 0.0, 0.0, 0.0, 1.0],
                [0.996548, -0.043002, 0.071014, -0.0, 0.040232, 0.99839, 0.039984, 0.05, -0.072619, -0.036989, 0.996674, -0.0, 0.0, 0.0, 0.0, 1.0],
                [0.996548, -0.043002, 0.071014, 0.0, 0.040232, 0.99839, 0.039984, 0.05, -0.072619, -0.036989, 0.996673, -0.0, 0.0, 0.0, 0.0, 1.0],
                [0.996548, -0.043002, 0.071014, 0.0, 0.040232, 0.99839, 0.039984, 0.05, -0.072619, -0.036989, 0.996674, 0.0, 0.0, 0.0, 0.0, 1.0],
                [0.98926, -0.142682, 0.031722, 0.0, 0.138492, 0.98438, 0.108703, 0.05, -0.046736, -0.103142, 0.993568, 0.0, 0.0, 0.0, 0.0, 1.0],
                [0.996512, -0.0, 0.083446, 0.0, 0.0, 1.0, 0.0, 0.05, -0.083446, -0.0, 0.996512, 0.0, 0.0, 0.0, 0.0, 1.0]
            ]
        },
        {
            "name": "Chest",
            "time": [0.0, 0.2833, 0.5167, 0.65, 1.0833, 1.35, 1.65],
            "transform": [
                [0.805061, 0.143205, -0.575646, 0.0, -0.076605, 0.987395, 0.138502, 0.3, 0.588224, -0.067405, 0.805884, 0.0, 0.0, 0.0, 0.0, 1.0],
                [0.537329, -0.019166, 0.843155, -0.0, -0.030855, 0.998626, 0.042363, 0.3, -0.842808, -0.048778, 0.535999, -0.0, 0.0, 0.0, 0.0, 1.0],
                [0.524851, -0.019166, 0.850978, -0.0, -0.031476, 0.998626, 0.041904, 0.3, -0.850612, -0.048778, 0.523527, 0.0, 0.0, 0.0, 0.0, 1.0],
                [0.569165, -0.137032, 0.810724, 0.0, -0.01077, 0.984687, 0.173997, 0.3, -0.822153, -0.107764, 0.558974, -0.0, 0.0, 0.0, 0.0, 1.0],
                [0.952345, -0.15842, 0.260657, 0.0, 0.116256, 0.978565, 0.169986, 0.3, -0.281999, -0.131582, 0.950349, 0.0, 0.0, 0.0, 0.0, 1.0],
                [0.970376, -0.241585, 0.002526, 0.0, 0.232619, 0.937085, 0.260308, 0.3, -0.065254, -0.252009, 0.965522, -0.0, 0.0, 0.0, 0.0, 1.0],
                [0.999232, 0.004476, 0.038924, -0.0, -0.006676, 0.998376, 0.056579, 0.3, -0.038608, -0.056795, 0.997639, 0.0, 0.0, 0.0, 0.0, 1.0]
            ]
        },
        {
            "name": "Head",
            "time": [0.0, 0.2833, 0.5167, 0.65, 1.0833, 1.65],
            "transform": [
                [0.753362, 0.0, 0.657606, 0.0, 0.123476, 0.982214, -0.141455, 0.4, -0.64591, 0.187765, 0.739962, -0.0, 0.0, 0.0, 0.0, 1.0],
                [0.298385, 0.0, -0.954446, -0.0, -0.02343, 0.999699, -0.007325, 0.4, 0.954158, 0.024548, 0.298295, -0.0, 0.0, 0.0, 0.0, 1.0],
                [0.298385, 0.0, -0.954446, -0.0, -0.02343, 0.999699, -0.007325, 0.4, 0.954158, 0.024548, 0.298295, -0.0, 0.0, 0.0, 0.0, 1.0],
                [0.999986, 0.0, -0.005196, 0.0, -0.000128, 0.999699, -0.024548, 0.4, 0.005194, 0.024548, 0.999685, -0.0, 0.0, 0.0, 0.0, 1.0],
                [0.959352, 0.0, 0.282212, -0.0, 0.006928, 0.999699, -0.02355, 0.4, -0.282126, 0.024548, 0.959063, 0.0, 0.0, 0.0, 0.0, 1.0],
                [0.89317, 0.0, 0.44972, -0.0, 0.01104, 0.999699, -0.021925, 0.4, -0.449585, 0.024548, 0.8929, -0.0, 0.0, 0.0, 0.0, 1.0]
            ]
        },
        {
            "name": "Shoulder_R",
            "time": [0.0, 0.2833, 0.5167, 0.65, 1.0833, 1.65],
            "transform": [
                [0.0, 0.868829, 0.495113, 0.0, -0.0, -0.495113, 0.868829, 0.4, 1.0, -0.0, 0.0, -0.0, 0.0, 0.0, 0.0, 1.0],
                [-0.004613, 0.951979, 0.306128, -0.0, 0.000526, -0.306129, 0.95199, 0.4, 0.999989, 0.004553, 0.000911, -0.0, 0.0, 0.0, 0.0, 1.0],
                [-0.004613, 0.951979, 0.306128, -0.0, 0.000526, -0.306129, 0.95199, 0.4, 0.999989, 0.004553, 0.000911, -0.0, 0.0, 0.0, 0.0, 1.0],
                [-0.254982, 0.917207, 0.306128, 0.0, 0.081071, -0.295199, 0.95199, 0.4, 0.963541, 0.267559, 0.000911, -0.0, 0.0, 0.0, 0.0, 1.0],
                [-0.314294, 0.898612, 0.306128, -0.0, 0.100163, -0.289279, 0.95199, 0.4, 0.944027, 0.329868, 0.000911, 0.0, 0.0, 0.0, 0.0, 1.0],
                [-0.004613, 0.951979, 0.306128, -0.0, 0.000526, -0.306129, 0.95199, 0.4, 0.999989, 0.004553, 0.000911, -0.0, 0.0, 0.0, 0.0, 1.0]
            ]
        },
        {
            "name": "Arm_R",
            "time": [0.0, 0.2833, 0.5167, 0.65, 1.0833, 1.65],
            "transform": [
                [0.015198, 0.4904, -0.871365, 0.0, 0.31517, 0.824692, 0.469629, 0.393861, 0.948914, -0.281765, -0.142026, -0.0, 0.0, 0.0, 0.0, 1.0],
                [0.196865, -0.95827, 0.207274, -0.0, 0.139161, -0.181959, -0.973409, 0.39386, 0.970504, 0.220475, 0.097532, -0.0, 0.0, 0.0, 0.0, 1.0],
                [0.196865, -0.95827, 0.207274, -0.0, 0.139161, -0.181959, -0.973409, 0.393861, 0.970504, 0.220475, 0.097532, 0.0, 0.0, 0.0, 0.0, 1.0],
                [0.196865, 0.166607, -0.966171, 0.0, 0.139161, 0.97073, 0.195748, 0.39386, 0.970504, -0.172989, 0.167918, -0.0, 0.0, 0.0, 0.0, 1.0],
                [0.196865, 0.538401, -0.819371, -0.0, 0.139161, 0.811919, 0.56694, 0.39386, 0.970504, -0.225635, 0.084915, -0.0, 0.0, 0.0, 0.0, 1.0],
                [-0.025609, -0.970091, 0.241385, 0.0, 0.772047, -0.172584, -0.611685, 0.39386, 0.63505, 0.170696, 0.753375, -0.0, 0.0, 0.0, 0.0, 1.0]
            ]
        },
        {
            "name": "Hand_R",
            "time": [0.0, 0.2833, 0.5167, 0.65, 1.0833, 1.65],
            "transform": [
                [1.0, -0.0, 0.0, 0.0, 0.0, 0.998361, 0.057238, 0.3, -0.0, -0.057238, 0.998361, 0.0, 0.0, 0.0, 0.0, 1.0],
                [1.0, -0.0, -0.0, 0.0, 0.0, 0.982932, -0.183968, 0.3, 0.0, 0.183968, 0.982932, 0.0, 0.0, 0.0, 0.0, 1.0],
                [1.0, -0.0, -0.0, 0.0, 0.0, 0.982932, -0.183968, 0.3, 0.0, 0.183968, 0.982932, 0.0, 0.0, 0.0, 0.0, 1.0],
                [1.0, -0.0, -0.0, -0.0, 0.0, 0.982932, -0.183968, 0.3, 0.0, 0.183968, 0.982932, 1e-06, 0.0, 0.0, 0.0, 1.0],
                [1.0, -0.0, -0.0, 0.0, -0.0, 0.982932, -0.183968, 0.3, 0.0, 0.183968, 0.982932, 0.0, 0.0, 0.0, 0.0, 1.0],
                [1.0, -0.0, 0.0, 0.0, 0.0, -0.293999, -0.955806, 0.3, 0.0, 0.955806, -0.293999, 0.0, 0.0, 0.0, 0.0, 1.0]
            ]
        },
        {
            "name": "Tool_R",
            "time": [0.0, 0.2833, 0.5167, 0.65, 1.0833, 1.65],
            "transform": [
                [1.0, -0.0, 0.0, -0.0, 0.0, -0.548415, -0.801813, 0.168204, 0.0, 0.802123, -0.547559, 0.054749, 0.0, 0.0, 0.0, 1.0],
                [0.948952, -0.306188, 0.016119, 0.0, -0.309895, -0.914569, -0.133096, 0.272858, 0.058748, 0.121344, -0.961251, -0.0, 0.0, 0.0, 0.0, 1.0],
                [0.948952, -0.306188, 0.016119, -0.0, -0.309895, -0.914569, -0.133096, 0.272858, 0.058748, 0.121344, -0.961251, 0.0, 0.0, 0.0, 0.0, 1.0],
                [0.948958, -0.281749, -0.120794, -0.0, -0.30988, -0.761404, -0.523372, 0.272858, 0.058739, 0.534291, -0.808576, 0.0, 0.0, 0.0, 0.0, 1.0],
                [0.948959, -0.26651, -0.151418, -0.0, -0.309877, -0.698261, -0.604901, 0.272858, 0.058736, 0.621184, -0.744037, 0.0, 0.0, 0.0, 0.0, 1.0],
                [0.855655, -0.306148, -0.398828, 0.0, -0.338409, -0.914583, 0.01597, 0.272858, -0.391351, 0.121341, -0.884773, -0.0, 0.0, 0.0, 0.0, 1.0]
            ]
        },
        {
            "name": "Elbow_R",
            "time": [0.0, 0.2833, 0.5167, 0.65, 1.0833, 1.65],
            "transform": [
                [-1.0, 0.0, 0.0, 0.000596, -0.0, 0.140697, -0.990053, 0.288638, -0.0, -0.990053, -0.140697, 0.002707, 0.0, 0.0, 0.0, 1.0],
                [-1.0, 0.0, 0.0, 0.0, 0.0, 0.735098, -0.677961, 0.3, -0.0, -0.677961, -0.735098, 0.0, 0.0, 0.0, 0.0, 1.0],
                [-1.0, 0.0, 0.0, 0.0, 0.0, 0.735098, -0.677961, 0.3, -0.0, -0.677961, -0.735098, 0.0, 0.0, 0.0, 0.0, 1.0],
                [-1.0, 0.0, 0.0, -0.0, 0.0, 0.735098, -0.677961, 0.3, -0.0, -0.677961, -0.735098, 1e-06, 0.0, 0.0, 0.0, 1.0],
                [-1.0, 0.0, 0.0, 0.0, 0.0, 0.735098, -0.677961, 0.3, -0.0, -0.677961, -0.735098, 0.0, 0.0, 0.0, 0.0, 1.0],
                [-1.0, 0.0, 0.0, 0.0, 0.0, 0.735098, -0.677961, 0.3, -0.0, -0.677961, -0.735098, 0.0, 0.0, 0.0, 0.0, 1.0]
            ]
        },
        {
            "name": "Shoulder_L",
            "time": [0.0, 0.2833, 0.5167, 0.65, 1.0833, 1.65],
            "transform": [
                [0.451448, -0.838281, -0.305743, 0.0, 0.144969, -0.269189, 0.952114, 0.4, -0.880442, -0.474153, 0.0, -0.0, 0.0, 0.0, 0.0, 1.0],
                [0.946404, 0.026933, -0.321859, -0.0, 0.303378, -0.41604, 0.857247, 0.4, -0.110818, -0.908947, -0.401913, -0.0, 0.0, 0.0, 0.0, 1.0],
                [0.946404, 0.026933, -0.321859, -0.0, 0.303378, -0.41604, 0.857247, 0.4, -0.110818, -0.908947, -0.401913, -0.0, 0.0, 0.0, 0.0, 1.0],
                [-0.034426, -0.973347, -0.226737, 0.0, -0.328626, -0.20323, 0.922335, 0.4, -0.943832, 0.106264, -0.312871, -0.0, 0.0, 0.0, 0.0, 1.0],
                [0.157713, -0.953818, -0.25565, -0.0, -0.316322, -0.294046, 0.90193, 0.4, -0.93545, -0.061378, -0.348088, 0.0, 0.0, 0.0, 0.0, 1.0],
                [0.004613, -0.952227, -0.305355, -0.0, 0.000524, -0.305355, 0.952238, 0.4, -0.999989, -0.004553, -0.00091, -0.0, 0.0, 0.0, 0.0, 1.0]
            ]
        },
        {
            "name": "Arm_L",
            "time": [0.0, 0.2833, 0.5167, 0.65, 1.0833, 1.35, 1.65],
            "transform": [
                [-0.372388, 0.903332, 0.21288, -0.0, 0.25408, 0.319844, -0.912767, 0.39386, -0.89262, -0.285815, -0.348625, -0.0, 0.0, 0.0, 0.0, 1.0],
                [-0.875841, 0.482587, -0.003353, -0.0, 0.14097, 0.249187, -0.95814, 0.39386, -0.461551, -0.839652, -0.286278, 0.0, 0.0, 0.0, 0.0, 1.0],
                [-0.875841, 0.478081, -0.065884, 0.0, 0.14097, 0.122878, -0.982359, 0.39386, -0.461551, -0.869678, -0.175017, -0.0, 0.0, 0.0, 0.0, 1.0],
                [-0.069807, 0.274884, 0.95894, -0.0, 0.17447, 0.949833, -0.259573, 0.39386, -0.982185, 0.149186, -0.114264, -0.0, 0.0, 0.0, 0.0, 1.0],
                [0.034481, 0.191389, 0.980908, 0.0, -0.520113, 0.841541, -0.145914, 0.39386, -0.853401, -0.505152, 0.128561, -1e-06, 0.0, 0.0, 0.0, 1.0],
                [-0.895316, 0.404873, 0.185706, 0.0, 0.31333, 0.868774, -0.383478, 0.39386, -0.316596, -0.285146, -0.904687, -0.0, 0.0, 0.0, 0.0, 1.0],
                [-0.798698, -0.121067, -0.589428, -0.0, 0.462324, 0.50351, -0.729887, 0.39386, 0.385148, -0.855465, -0.34618, 0.0, 0.0, 0.0, 0.0, 1.0]
            ]
        },
        {
            "name": "Hand_L",
            "time": [0.0, 0.2833, 0.5167, 0.65, 1.0833, 1.65],
            "transform": [
                [1.0, -0.0, 0.0, -0.0, 0.0, 0.7026, -0.711585, 0.3, -0.0, 0.711585, 0.7026, -0.0, 0.0, 0.0, 0.0, 1.0],
                [1.0, 0.0, 0.0, -0.0, -0.0, 0.945672, -0.325123, 0.3, -0.0, 0.325123, 0.945672, -0.0, 0.0, 0.0, 0.0, 1.0],
                [1.0, 0.0, 0.0, -0.0, -0.0, 0.92355, -0.383479, 0.3, -0.0, 0.383479, 0.92355, -0.0, 0.0, 0.0, 0.0, 1.0],
                [1.0, 0.0, 0.0, 0.0, -0.0, 0.83357, -0.552415, 0.3, -0.0, 0.552414, 0.83357, 0.0, 0.0, 0.0, 0.0, 1.0],
                [1.0, 0.0, 0.0, 1e-06, -0.0, 0.814039, -0.58081, 0.3, -0.0, 0.58081, 0.814039, 0.0, 0.0, 0.0, 0.0, 1.0],
                [1.0, 0.0, 0.0, 0.0, -0.0, 0.474033, -0.880507, 0.3, -0.0, 0.880507, 0.474033, -0.0, 0.0, 0.0, 0.0, 1.0]
            ]
        },
        {
            "name": "Tool_L",
            "time": [0.0, 0.2833, 0.5167, 0.65, 1.0833, 1.65],
            "transform": [
                [1.0, 0.0, 0.0, -0.0, 0.0, -0.999836, 0.018122, 0.272858, 0.0, -0.018122, -0.999247, 0.0, 0.0, 0.0, 0.0, 1.0],
                [1.0, 0.0, 0.0, -0.0, 0.0, -0.999835, 0.018122, 0.272858, 0.0, -0.018122, -0.999247, -0.0, 0.0, 0.0, 0.0, 1.0],
                [1.0, 0.0, 0.0, 0.0, -0.0, -0.999836, 0.018122, 0.272858, 0.0, -0.018122, -0.999247, -0.0, 0.0, 0.0, 0.0, 1.0],
                [1.0, 0.0, 0.0, 0.0, 0.0, -0.999836, 0.018122, 0.272858, 0.0, -0.018122, -0.999247, 0.0, 0.0, 0.0, 0.0, 1.0],
                [1.0, 0.0, 0.0, 0.0, 0.0, -0.999836, 0.018122, 0.272858, 0.0, -0.018122, -0.999247, -0.0, 0.0, 0.0, 0.0, 1.0],
                [1.0, 0.0, 0.0, 0.0, 0.0, -0.999836, 0.018122, 0.272858, 0.0, -0.018122, -0.999247, -0.0, 0.0, 0.0, 0.0, 1.0]
            ]
        },
        {
            "name": "Elbow_L",
            "time": [0.0, 0.2833, 0.5167, 0.65, 1.0833, 1.65],
            "transform": [
                [-1.0, 0.0, -0.0, 0.000227, 0.0, -0.0, -1.0, 0.380328, -0.0, -1.0, -0.0, -0.000541, 0.0, 0.0, 0.0, 1.0],
                [-1.0, 0.0, -0.0, -0.0, 0.0, -0.0, -1.0, 0.3, -0.0, -1.0, -0.0, -0.0, 0.0, 0.0, 0.0, 1.0],
                [-1.0, 0.0, -0.0, -0.0, 0.0, -0.0, -1.0, 0.3, -0.0, -1.0, -0.0, -0.0, 0.0, 0.0, 0.0, 1.0],
                [-1.0, 0.0, -0.0, 0.0, 0.0, -0.0, -1.0, 0.3, -0.0, -1.0, 0.0, 0.0, 0.0, 0.0, 0.0, 1.0],
                [-1.0, 0.0, -0.0, 1e-06, 0.0, 0.0, -1.0, 0.3, -0.0, -1.0, -0.0, 0.0, 0.0, 0.0, 0.0, 1.0],
                [-1.0, 0.0, -0.0, 0.0, 0.0, -0.0, -1.0, 0.3, -0.0, -1.0, -0.0, -0.0, 0.0, 0.0, 0.0, 1.0]
            ]
        }
    ]
}