{
    "animation": [
        {
            "name": "Root",
            "time": [0.0, 0.1667, 0.3167, 0.4333, 0.6167, 0.7667, 0.9, 0.9833, 1.0833, 1.2167, 1.4833, 1.75],
            "transform": [
                [0.854339, 0.028643, -0.518927, -0.000196, -0.51914, 0.0, -0.854689, 0.000946, -0.024481, 0.99959, 0.01487, 0.74699, 0.0, 0.0, 0.0, 1.0],
                [0.854339, 0.028643, -0.518927, 0.002017, -0.51914, 0.0, -0.854689, 0.056234, -0.024481, 0.99959, 0.01487, 0.65157, 0.0, 0.0, 0.0, 1.0],
                [0.854339, 0.028643, -0.518927, 0.002017, -0.51914, 0.0, -0.854689, 0.056234, -0.024481, 0.99959, 0.01487, 0.65157, 0.0, 0.0, 0.0, 1.0],
                [0.854339, 0.028643, -0.518927, 0.002017, -0.51914, 0.0, -0.854689, 0.056234, -0.024481, 0.99959, 0.01487, 0.65157, 0.0, 0.0, 0.0, 1.0],
                [0.854339, 0.028643, -0.518927, -0.014992, -0.51914, 0.0, -0.854689, -0.023832, -0.024481, 0.99959, 0.01487, 0.604207, 0.0, 0.0, 0.0, 1.0],
                [0.854339, 0.028643, -0.518927, -0.032297, -0.51914, 0.0, -0.854689, -0.105292, -0.024481, 0.99959, 0.01487, 0.556019, 0.0, 0.0, 0.0, 1.0],
                [0.854339, 0.028643, -0.518927, -0.036144, -0.51914, 0.0, -0.854689, -0.123397, -0.024481, 0.99959, 0.01487, 0.545309, 0.0, 0.0, 0.0, 1.0],
                [0.854339, 0.028643, -0.518927, -0.036168, -0.51914, 0.0, -0.854689, -0.12351, -0.024481, 0.99959, 0.01487, 0.545242, 0.0, 0.0, 0.0, 1.0],
                [0.854339, 0.028643, -0.518927, -0.036168, -0.51914, 0.0, -0.854689, -0.12351, -0.024481, 0.99959, 0.01487, 0.545242, 0.0, 0.0, 0.0, 1.0],
                [0.854339, 0.028643, -0.518927, -0.036168, -0.51914, 0.0, -0.854689, -0.12351, -0.024481, 0.99959, 0.01487, 0.545242, 0.0, 0.0, 0.0, 1.0],
                [0.875022, 0.005519, -0.484051, -0.006973, -0.484059, 0.000112, -0.875035, -0.023035, -0.004775, 0.999985, 0.002769, 0.70638, 0.0, 0.0, 0.0, 1.0],
                [0.879679, 0.0, -0.475568, -5e-06, -0.475568, 0.0, -0.879679, 0.000946, 0.0, 1.0, 0.0, 0.74484, 0.0, 0.0, 0.0, 1.0]
            ]
        },
        {
            "name": "Thigh_R",
            "time": [0.0, 0.1667, 0.3167, 0.4333, 0.6167, 0.7667, 0.9, 0.9833, 1.0833, 1.2167, 1.4833, 1.75],
            "transform": [
                [0.988545, 0.148801, -0.025238, 0.124994, 0.148718, -0.988864, -0.005161, -0.002831, -0.025725, 0.001349, -0.999668, -1.2e-05, 0.0, 0.0, 0.0, 1.0],
                [0.830947, 0.386856, 0.399835, 0.179845, 0.40603, -0.913001, 0.039547, 0.014939, 0.38035, 0.129484, -0.915734, -0.044421, 0.0, 0.0, 0.0, 1.0],
                [0.830947, 0.386856, 0.399835, 0.179845, 0.40603, -0.913001, 0.039547, 0.014939, 0.38035, 0.129484, -0.915734, -0.044421, 0.0, 0.0, 0.0, 1.0],
                [0.830947, 0.386856, 0.399835, 0.179845, 0.40603, -0.913001, 0.039547, 0.014939, 0.38035, 0.129484, -0.915734, -0.044421, 0.0, 0.0, 0.0, 1.0],
                [0.80964, 0.401321, 0.428279, 0.160305, 0.376668, -0.91489, 0.145235, 0.029694, 0.450115, 0.043731, -0.891899, -0.037089, 0.0, 0.0, 0.0, 1.0],
                [0.786275, 0.418922, 0.454175, 0.140424, 0.338824, -0.907015, 0.250037, 0.044706, 0.51669, -0.042711, -0.855107, -0.029628, 0.0, 0.0, 0.0, 1.0],
                [0.780898, 0.423193, 0.459461, 0.136005, 0.329399, -0.903938, 0.272742, 0.048043, 0.530748, -0.061638, -0.845286, -0.02797, 0.0, 0.0, 0.0, 1.0],
                [0.780865, 0.42322, 0.459494, 0.135978, 0.329339, -0.903917, 0.272883, 0.048064, 0.530835, -0.061755, -0.845222, -0.02796, 0.0, 0.0, 0.0, 1.0],
                [0.780865, 0.42322, 0.459494, 0.135978, 0.329339, -0.903917, 0.272883, 0.048064, 0.530835, -0.061755, -0.845222, -0.02796, 0.0, 0.0, 0.0, 1.0],
                [0.780865, 0.42322, 0.459494, 0.135978, 0.329339, -0.903917, 0.272883, 0.048064, 0.530835, -0.061755, -0.845222, -0.02796, 0.0, 0.0, 0.0, 1.0],
                [0.868261, 0.226222, 0.441526, 0.12711, 0.12278, -0.960279, 0.250569, 0.006976, 0.480673, -0.163348, -0.861551, -0.005397, 0.0, 0.0, 0.0, 1.0],
                [0.882447, 0.17581, 0.436322, 0.124994, 0.070992, -0.966681, 0.245934, -0.002831, 0.465022, -0.186047, -0.865529, -1.2e-05, 0.0, 0.0, 0.0, 1.0]
            ]
        },
        {
            "name": "Leg_R",
            "time": [0.0, 0.1667, 0.3167, 0.4333, 0.6167, 0.7667, 0.9, 0.9833, 1.0833, 1.2167, 1.4833, 1.75],
            "transform": [
                [1.0, -0.0, 1e-06, -0.0, 0.0, 0.997612, 0.069073, 0.37472, -1e-06, -0.069073, 0.997611, -0.0, 0.0, 0.0, 0.0, 1.0],
                [1.0, -1e-06, 1e-06, -0.0, 0.0, 0.882411, 0.470481, 0.37472, -1e-06, -0.470481, 0.88241, -0.0, 0.0, 0.0, 0.0, 1.0],
                [1.0, -1e-06, 1e-06, -0.0, 0.0, 0.882411, 0.470481, 0.37472, -1e-06, -0.470481, 0.88241, -0.0, 0.0, 0.0, 0.0, 1.0],
                [1.0, -1e-06, 1e-06, -0.0, 0.0, 0.882411, 0.470481, 0.37472, -1e-06, -0.470481, 0.88241, -0.0, 0.0, 0.0, 0.0, 1.0],
                [1.0, -1e-06, 1e-06, 0.0, 0.0, 0.737573, 0.675268, 0.37472, -1e-06, -0.675269, 0.737572, 0.0, 0.0, 0.0, 0.0, 1.0],
                [1.0, -1e-06, 0.0, -0.0, 0.0, 0.541851, 0.840474, 0.37472, -1e-06, -0.840476, 0.54185, -0.0, 0.0, 0.0, 0.0, 1.0],
                [1.0, -1e-06, 0.0, 0.0, 0.0, 0.493633, 0.86967, 0.37472, -1e-06, -0.869671, 0.493633, -0.0, 0.0, 0.0, 0.0, 1.0],
                [1.0, -1e-06, 0.0, -0.0, 0.0, 0.493328, 0.869843, 0.37472, -1e-06, -0.869844, 0.493328, -0.0, 0.0, 0.0, 0.0, 1.0],
                [1.0, -1e-06, 0.0, -0.0, 0.0, 0.493328, 0.869843, 0.37472, -1e-06, -0.869844, 0.493328, -0.0, 0.0, 0.0, 0.0, 1.0],
                [1.0, -1e-06, 0.0, -0.0, 0.0, 0.493328, 0.869843, 0.37472, -1e-06, -0.869844, 0.493328, -0.0, 0.0, 0.0, 0.0, 1.0],
                [1.0, 0.0, 1e-06, -0.0, -0.0, 0.941751, 0.336313, 0.37472, -1e-06, -0.336313, 0.94175, -0.0, 0.0, 0.0, 0.0, 1.0],
                [1.0, 0.0, 1e-06, 0.0, -0.0, 0.984472, 0.175547, 0.37472, -1e-06, -0.175547, 0.98447, -0.0, 0.0, 0.0, 0.0, 1.0]
            ]
        },
        {
            "name": "Knee_R",
            "time": [0.0, 0.1667, 0.3167, 0.4333, 0.6167, 0.7667, 0.9, 0.9833, 1.0833, 1.2167, 1.4833, 1.75],
            "transform": [
                [1.0, 0.0, -0.0, -0.0, -0.0, 1e-06, -1.0, 0.37472, -0.0, 1.0, 1e-06, -0.0, 0.0, 0.0, 0.0, 1.0],
                [1.0, 0.0, -0.0, -0.0, -0.0, 1e-06, -1.0, 0.37472, -0.0, 1.0, 1e-06, -0.0, 0.0, 0.0, 0.0, 1.0],
                [1.0, 0.0, -0.0, -0.0, -0.0, 1e-06, -1.0, 0.37472, -0.0, 1.0, 1e-06, -0.0, 0.0, 0.0, 0.0, 1.0],
                [1.0, 0.0, -0.0, -0.0, -0.0, 1e-06, -1.0, 0.37472, -0.0, 1.0, 1e-06, -0.0, 0.0, 0.0, 0.0, 1.0],
                [1.0, 0.0, -0.0, 0.0, -0.0, 1e-06, -1.0, 0.37472, -0.0, 1.0, 1e-06, 0.0, 0.0, 0.0, 0.0, 1.0],
                [1.0, 0.0, -0.0, -0.0, -0.0, 1e-06, -1.0, 0.37472, -0.0, 1.0, 1e-06, -0.0, 0.0, 0.0, 0.0, 1.0],
                [1.0, 0.0, -0.0, 0.0, -0.0, 1e-06, -1.0, 0.37472, -0.0, 1.0, 1e-06, -0.0, 0.0, 0.0, 0.0, 1.0],
                [1.0, 0.0, -0.0, -0.0, -0.0, 1e-06, -1.0, 0.37472, -0.0, 1.0, 1e-06, -0.0, 0.0, 0.0, 0.0, 1.0],
                [1.0, 0.0, -0.0, -0.0, -0.0, 1e-06, -1.0, 0.37472, -0.0, 1.0, 1e-06, -0.0, 0.0, 0.0, 0.0, 1.0],
                [1.0, 0.0, -0.0, -0.0, -0.0, 1e-06, -1.0, 0.37472, -0.0, 1.0, 1e-06, -0.0, 0.0, 0.0, 0.0, 1.0],
                [1.0, 0.0, -0.0, -0.0, -0.0, 1e-06, -1.0, 0.381467, -0.0, 1.0, 1e-06, -0.001335, 0.0, 0.0, 0.0, 1.0],
                [1.0, 0.0, -0.0, 0.0, -0.0, 1e-06, -1.0, 0.383077, -0.0, 1.0, 1e-06, -0.001653, 0.0, 0.0, 0.0, 1.0]
            ]
        },
        {
            "name": "Thigh_L",
            "time": [0.0, 0.1667, 0.3167, 0.4333, 0.6167, 0.7667, 0.9, 0.9833, 1.0833, 1.2167, 1.4833, 1.75],
            "transform": [
                [0.869242, -0.150522, -0.470913, -0.125006, -0.021407, -0.96309, 0.268325, -0.002831, -0.493921, -0.223159, -0.840382, -1.2e-05, 0.0, 0.0, 0.0, 1.0],
                [0.869242, -0.263547, -0.418282, -0.157081, -0.021407, -0.865336, 0.500735, 0.032841, -0.493921, -0.426306, -0.757829, -0.021931, 0.0, 0.0, 0.0, 1.0],
                [0.869242, -0.263547, -0.418282, -0.157081, -0.021407, -0.865336, 0.500735, 0.032841, -0.493921, -0.426306, -0.757829, -0.021931, 0.0, 0.0, 0.0, 1.0],
                [0.869242, -0.263547, -0.418282, -0.157081, -0.021407, -0.865336, 0.500735, 0.032841, -0.493921, -0.426306, -0.757829, -0.021931, 0.0, 0.0, 0.0, 1.0],
                [0.869242, -0.330849, -0.367363, -0.16543, -0.021407, -0.767562, 0.640617, 0.047006, -0.493921, -0.548988, -0.67428, -0.044602, 0.0, 0.0, 0.0, 1.0],
                [0.869242, -0.38951, -0.304464, -0.173925, -0.021407, -0.644921, 0.763949, 0.061417, -0.493921, -0.65754, -0.568931, -0.067667, 0.0, 0.0, 0.0, 1.0],
                [0.869242, -0.400939, -0.289249, -0.175813, -0.021407, -0.615043, 0.788202, 0.06462, -0.493921, -0.678948, -0.543205, -0.072793, 0.0, 0.0, 0.0, 1.0],
                [0.869242, -0.401008, -0.289153, -0.175825, -0.021407, -0.614854, 0.78835, 0.06464, -0.493921, -0.679078, -0.543042, -0.072825, 0.0, 0.0, 0.0, 1.0],
                [0.869242, -0.401008, -0.289153, -0.175825, -0.021407, -0.614854, 0.78835, 0.06464, -0.493921, -0.679078, -0.543042, -0.072825, 0.0, 0.0, 0.0, 1.0],
                [0.869242, -0.401008, -0.289153, -0.175825, -0.021407, -0.614854, 0.78835, 0.06464, -0.493921, -0.679078, -0.543042, -0.072825, 0.0, 0.0, 0.0, 1.0],
                [0.936944, -0.243238, -0.250938, -0.134798, -0.111242, -0.888267, 0.445653, 0.01017, -0.331299, -0.389638, -0.859315, -0.014042, 0.0, 0.0, 0.0, 1.0],
                [0.950598, -0.208511, -0.22997, -0.125006, -0.120478, -0.930568, 0.345728, -0.002831, -0.286091, -0.300941, -0.909717, -1.2e-05, 0.0, 0.0, 0.0, 1.0]
            ]
        },
        {
            "name": "Leg_L",
            "time": [0.0, 0.1667, 0.3167, 0.4333, 0.6167, 0.7667, 0.9, 0.9833, 1.0833, 1.2167, 1.4833, 1.75],
            "transform": [
                [0.998576, 0.053341, 0.000405, -0.0, -0.051599, 0.963981, 0.260918, 0.37472, 0.013527, -0.260567, 0.965361, -0.0, 0.0, 0.0, 0.0, 1.0],
                [0.997688, 0.059256, 0.033282, 0.0, -0.06755, 0.810719, 0.581525, 0.37472, 0.007476, -0.582428, 0.812848, -0.0, 0.0, 0.0, 0.0, 1.0],
                [0.997688, 0.059256, 0.033282, 0.0, -0.06755, 0.810719, 0.581525, 0.37472, 0.007476, -0.582428, 0.812848, -0.0, 0.0, 0.0, 0.0, 1.0],
                [0.997688, 0.059256, 0.033282, 0.0, -0.06755, 0.810719, 0.581525, 0.37472, 0.007476, -0.582428, 0.812848, -0.0, 0.0, 0.0, 0.0, 1.0],
                [0.997688, 0.059256, 0.033282, 0.0, -0.06755, 0.810719, 0.581525, 0.37472, 0.007476, -0.582428, 0.812848, 0.0, 0.0, 0.0, 0.0, 1.0],
                [0.997688, 0.059256, 0.033282, -0.0, -0.06755, 0.810719, 0.581525, 0.37472, 0.007476, -0.582428, 0.812848, -0.0, 0.0, 0.0, 0.0, 1.0],
                [0.997688, 0.059256, 0.033282, -0.0, -0.06755, 0.810719, 0.581525, 0.37472, 0.007476, -0.582428, 0.812848, 0.0, 0.0, 0.0, 0.0, 1.0],
                [0.997688, 0.059256, 0.033282, 0.0, -0.06755, 0.810719, 0.581525, 0.37472, 0.007476, -0.582428, 0.812848, 0.0, 0.0, 0.0, 0.0, 1.0],
                [0.997688, 0.059256, 0.033282, 0.0, -0.06755, 0.810719, 0.581525, 0.37472, 0.007476, -0.582428, 0.812848, 0.0, 0.0, 0.0, 0.0, 1.0],
                [0.997688, 0.059256, 0.033282, 0.0, -0.06755, 0.810719, 0.581525, 0.37472, 0.007476, -0.582428, 0.812848, 0.0, 0.0, 0.0, 0.0, 1.0],
                [0.999913, 0.01217, 0.005027, -0.0, -0.013167, 0.927893, 0.372612, 0.37472, -0.00013, -0.372646, 0.927974, -0.0, 0.0, 0.0, 0.0, 1.0],
                [1.0, -0.0, 1e-06, 0.0, -0.0, 0.947813, 0.318825, 0.37472, -1e-06, -0.318825, 0.947814, -0.0, 0.0, 0.0, 0.0, 1.0]
            ]
        },
        {
            "name": "Knee_L",
            "time": [0.0, 0.1667, 0.3167, 0.4333, 0.6167, 0.7667, 0.9, 0.9833, 1.0833, 1.2167, 1.4833, 1.75],
            "transform": [
                [1.0, 0.0, -0.0, -0.0, -0.0, 1e-06, -1.0, 0.37472, -0.0, 1.0, 1e-06, -0.0, 0.0, 0.0, 0.0, 1.0],
                [1.0, 0.0, -0.0, 0.0, -0.0, 1e-06, -1.0, 0.37472, -0.0, 1.0, 1e-06, -0.0, 0.0, 0.0, 0.0, 1.0],
                [1.0, 0.0, -0.0, 0.0, -0.0, 1e-06, -1.0, 0.37472, -0.0, 1.0, 1e-06, -0.0, 0.0, 0.0, 0.0, 1.0],
                [1.0, 0.0, -0.0, 0.0, -0.0, 1e-06, -1.0, 0.37472, -0.0, 1.0, 1e-06, -0.0, 0.0, 0.0, 0.0, 1.0],
                [1.0, 0.0, -0.0, 0.0, -0.0, 1e-06, -1.0, 0.37472, -0.0, 1.0, 1e-06, 0.0, 0.0, 0.0, 0.0, 1.0],
                [1.0, 0.0, -0.0, -0.0, -0.0, 1e-06, -1.0, 0.37472, -0.0, 1.0, 1e-06, -0.0, 0.0, 0.0, 0.0, 1.0],
                [1.0, 0.0, -0.0, -0.0, -0.0, 1e-06, -1.0, 0.37472, -0.0, 1.0, 1e-06, 0.0, 0.0, 0.0, 0.0, 1.0],
                [1.0, 0.0, -0.0, 0.0, -0.0, 1e-06, -1.0, 0.37472, -0.0, 1.0, 1e-06, 0.0, 0.0, 0.0, 0.0, 1.0],
                [1.0, 0.0, -0.0, 0.0, -0.0, 1e-06, -1.0, 0.37472, -0.0, 1.0, 1e-06, 0.0, 0.0, 0.0, 0.0, 1.0],
                [1.0, 0.0, -0.0, 0.0, -0.0, 1e-06, -1.0, 0.37472, -0.0, 1.0, 1e-06, 0.0, 0.0, 0.0, 0.0, 1.0],
                [1.0, 0.0, -0.0, -0.0, -0.0, 1e-06, -1.0, 0.37472, -0.0, 1.0, 1e-06, -0.0, 0.0, 0.0, 0.0, 1.0],
                [1.0, 0.0, -0.0, 0.0, -0.0, 1e-06, -1.0, 0.37472, -0.0, 1.0, 1e-06, -0.0, 0.0, 0.0, 0.0, 1.0]
            ]
        },
        {
            "name": "Torso",
            "time": [0.0, 0.1667, 0.3167, 0.4333, 0.6167, 0.7667, 0.9, 0.9833, 1.0833, 1.2167, 1.4833, 1.75],
            "transform": [
                [0.999042, -0.043673, -0.002705, 0.0, 0.04367, 0.999045, -0.001423, 0.05, 0.002765, 0.001304, 0.999995, -0.0, 0.0, 0.0, 0.0, 1.0],
                [0.999042, -0.043673, -0.002705, 0.0, 0.04367, 0.999045, -0.001423, 0.05, 0.002765, 0.001304, 0.999995, 0.0, 0.0, 0.0, 0.0, 1.0],
                [0.999042, -0.043673, -0.002705, 0.0, 0.04367, 0.999045, -0.001423, 0.05, 0.002765, 0.001304, 0.999995, 0.0, 0.0, 0.0, 0.0, 1.0],
                [0.999042, -0.043673, -0.002705, 0.0, 0.04367, 0.999045, -0.001423, 0.05, 0.002765, 0.001304, 0.999995, 0.0, 0.0, 0.0, 0.0, 1.0],
                [0.999594, -0.026531, 0.01039, 0.0, 0.027291, 0.996294, -0.081575, 0.05, -0.008187, 0.081825, 0.996613, 0.0, 0.0, 0.0, 0.0, 1.0],
                [0.99972, -0.008051, 0.022259, 0.0, 0.011571, 0.986589, -0.162813, 0.05, -0.020649, 0.163025, 0.986406, 0.0, 0.0, 0.0, 0.0, 1.0],
                [0.999688, -0.003822, 0.024685, 0.0, 0.008223, 0.983497, -0.18074, 0.05, -0.023587, 0.180886, 0.983221, 0.0, 0.0, 0.0, 0.0, 1.0],
                [0.999688, -0.003795, 0.0247, 0.0, 0.008202, 0.983476, -0.180851, 0.05, -0.023605, 0.180997, 0.9832, 0.0, 0.0, 0.0, 0.0, 1.0],
                [0.999688, -0.003795, 0.0247, 0.0, 0.008202, 0.983476, -0.180851, 0.05, -0.023605, 0.180997, 0.9832, 0.0, 0.0, 0.0, 0.0, 1.0],
                [0.999688, -0.003795, 0.0247, 0.0, 0.008202, 0.983476, -0.180851, 0.05, -0.023605, 0.180997, 0.9832, 0.0, 0.0, 0.0, 0.0, 1.0],
                [0.997396, 0.000103, 0.072113, -0.0, 0.002424, 0.999386, -0.034964, 0.05, -0.072073, 0.035048, 0.996783, -0.0, 0.0, 0.0, 0.0, 1.0],
                [0.996512, 0.0, 0.083446, -0.0, 0.0, 1.0, 0.0, 0.05, -0.083446, 0.0, 0.996512, 0.0, 0.0, 0.0, 0.0, 1.0]
            ]
        },
        {
            "name": "Chest",
            "time": [0.0, 0.1667, 0.3167, 0.4333, 0.6167, 0.7667, 0.9, 0.9833, 1.0833, 1.2167, 1.4833, 1.75],
            "transform": [
                [0.999771, -0.021316, -0.002029, 0.0, 0.021411, 0.994316, 0.104295, 0.3, -0.000206, -0.104315, 0.994544, -0.0, 0.0, 0.0, 0.0, 1.0],
                [0.999636, -0.018378, -0.01973, -0.0, 0.02292, 0.964583, 0.26278, 0.3, 0.014201, -0.263137, 0.964654, -0.0, 0.0, 0.0, 0.0, 1.0],
                [0.999636, -0.023656, -0.012938, -0.0, 0.02292, 0.998257, -0.05438, 0.3, 0.014201, 0.054063, 0.998437, -0.0, 0.0, 0.0, 0.0, 1.0],
                [0.999636, -0.023656, -0.012938, -0.0, 0.02292, 0.998257, -0.05438, 0.3, 0.014201, 0.054063, 0.998437, -0.0, 0.0, 0.0, 0.0, 1.0],
                [0.97972, -0.017825, -0.199577, 0.0, 0.036306, 0.99534, 0.08933, 0.3, 0.197055, -0.094764, 0.975802, 0.0, 0.0, 0.0, 0.0, 1.0],
                [0.924845, 0.016565, -0.379984, 0.0, 0.076643, 0.97044, 0.228848, 0.3, 0.372543, -0.240772, 0.896237, -0.0, 0.0, 0.0, 0.0, 1.0],
                [0.908384, 0.027808, -0.417212, 0.0, 0.088918, 0.962118, 0.257726, 0.3, 0.408574, -0.271211, 0.8715, -0.0, 0.0, 0.0, 0.0, 1.0],
                [0.908276, 0.027882, -0.41744, 0.0, 0.088998, 0.962063, 0.257903, 0.3, 0.408795, -0.271398, 0.871338, -0.0, 0.0, 0.0, 0.0, 1.0],
                [0.908276, 0.027882, -0.41744, 0.0, 0.088998, 0.962063, 0.257903, 0.3, 0.408795, -0.271398, 0.871338, -0.0, 0.0, 0.0, 0.0, 1.0],
                [0.908276, 0.027882, -0.41744, 0.0, 0.088998, 0.962063, 0.257903, 0.3, 0.408795, -0.271398, 0.871338, -0.0, 0.0, 0.0, 0.0, 1.0],
                [0.998685, 0.000949, -0.051258, 0.0, 0.004128, 0.995094, 0.098843, 0.3, 0.0511, -0.098925, 0.993782, -0.0, 0.0, 0.0, 0.0, 1.0],
                [0.999232, 0.004476, 0.038924, -0.0, -0.006676, 0.998376, 0.056579, 0.3, -0.038608, -0.056795, 0.997639, -0.0, 0.0, 0.0, 0.0, 1.0]
            ]
        },
        {
            "name": "Head",
            "time": [0.0, 0.1667, 0.3167, 0.4333, 0.6167, 0.7667, 0.9, 0.9833, 1.0833, 1.2167, 1.4833, 1.75],
            "transform": [
                [0.85311, 0.037721, 0.520365, -0.0, -0.006297, 0.998055, -0.062025, 0.4, -0.521692, 0.049637, 0.851689, -0.0, 0.0, 0.0, 0.0, 1.0],
                [0.85311, 0.037721, 0.520365, -0.0, -0.006297, 0.998055, -0.062025, 0.4, -0.521692, 0.049637, 0.851689, 0.0, 0.0, 0.0, 0.0, 1.0],
                [0.85311, 0.037721, 0.520365, 0.0, -0.006297, 0.998055, -0.062025, 0.4, -0.521692, 0.049637, 0.851688, -0.0, 0.0, 0.0, 0.0, 1.0],
                [0.85311, 0.037721, 0.520365, 0.0, -0.006297, 0.998055, -0.062025, 0.4, -0.521692, 0.049637, 0.851688, -0.0, 0.0, 0.0, 0.0, 1.0],
                [0.851005, 0.070791, 0.520365, 0.0, -0.045014, 0.997059, -0.062025, 0.4, -0.523225, 0.02936, 0.851689, 0.0, 0.0, 0.0, 0.0, 1.0],
                [0.847547, 0.104329, 0.520365, -0.0, -0.084338, 0.994505, -0.062025, 0.4, -0.523976, 0.008682, 0.851688, 0.0, 0.0, 0.0, 0.0, 1.0],
                [0.846599, 0.111761, 0.520365, -0.0, -0.09306, 0.993727, -0.062025, 0.4, -0.524032, 0.004085, 0.851689, -0.0, 0.0, 0.0, 0.0, 1.0],
                [0.846593, 0.111808, 0.520365, 0.0, -0.093115, 0.993722, -0.062025, 0.4, -0.524033, 0.004056, 0.851689, 0.0, 0.0, 0.0, 0.0, 1.0],
                [0.846593, 0.111808, 0.520365, 0.0, -0.093115, 0.993722, -0.062025, 0.4, -0.524033, 0.004056, 0.851689, 0.0, 0.0, 0.0, 0.0, 1.0],
                [0.846593, 0.111808, 0.520365, 0.0, -0.093115, 0.993722, -0.062025, 0.4, -0.524033, 0.004056, 0.851689, 0.0, 0.0, 0.0, 0.0, 1.0],
                [0.885602, 0.021706, 0.463937, 0.0, -0.009315, 0.999537, -0.028984, 0.4, -0.464351, 0.021346, 0.885394, 0.0, 0.0, 0.0, 0.0, 1.0],
                [0.89317, -0.0, 0.44972, -0.0, 0.01104, 0.999699, -0.021925, 0.4, -0.449585, 0.024548, 0.8929, -0.0, 0.0, 0.0, 0.0, 1.0]
            ]
        },
        {
            "name": "Shoulder_R",
            "time": [0.0, 0.1667, 0.3167, 0.4333, 0.6167, 0.7667, 0.9, 0.9833, 1.0833, 1.2167, 1.4833, 1.75],
            "transform": [
                [0.110305, 0.959352, 0.259762, -0.0, 0.091141, -0.270019, 0.958532, 0.4, 0.98971, -0.082056, -0.11722, -0.0, 0.0, 0.0, 0.0, 1.0],
                [0.051178, 0.9847, 0.166571, -0.0, 0.123407, -0.171746, 0.977381, 0.4, 0.991035, -0.029465, -0.130309, 0.0, 0.0, 0.0, 0.0, 1.0],
                [0.051178, 0.9847, 0.166571, 0.0, 0.123407, -0.171746, 0.977381, 0.4, 0.991035, -0.029465, -0.130309, -0.0, 0.0, 0.0, 0.0, 1.0],
                [0.051178, 0.9847, 0.166571, 0.0, 0.123407, -0.171746, 0.977381, 0.4, 0.991035, -0.029465, -0.130309, -0.0, 0.0, 0.0, 0.0, 1.0],
                [0.051178, 0.9847, 0.166571, 0.0, 0.123407, -0.171746, 0.977381, 0.4, 0.991036, -0.029465, -0.130309, 0.0, 0.0, 0.0, 0.0, 1.0],
                [0.746232, 0.509631, 0.428269, -0.0, -0.386969, -0.191384, 0.902013, 0.4, 0.541658, -0.838837, 0.054395, 0.0, 0.0, 0.0, 0.0, 1.0],
                [0.821886, 0.212678, 0.528461, -0.0, -0.525975, -0.072923, 0.847368, 0.4, 0.218753, -0.974397, 0.051929, -0.0, 0.0, 0.0, 0.0, 1.0],
                [0.818803, 0.201703, 0.537474, 0.0, -0.533928, -0.076396, 0.842071, 0.4, 0.210909, -0.976463, 0.045141, 0.0, 0.0, 0.0, 0.0, 1.0],
                [0.763484, 0.348972, 0.543424, 0.0, -0.512424, -0.184811, 0.83861, 0.4, 0.393082, -0.918729, 0.037722, 0.0, 0.0, 0.0, 0.0, 1.0],
                [0.707901, 0.458256, 0.537474, 0.0, -0.479631, -0.246718, 0.842071, 0.4, 0.518489, -0.853892, 0.045141, 0.0, 0.0, 0.0, 0.0, 1.0],
                [0.121544, 0.930741, 0.344887, 0.0, -0.069094, -0.338687, 0.938359, 0.4, 0.990178, -0.137881, 0.023143, 0.0, 0.0, 0.0, 0.0, 1.0],
                [-0.004613, 0.951979, 0.306128, -0.0, 0.000526, -0.306129, 0.95199, 0.4, 0.999989, 0.004553, 0.000911, -0.0, 0.0, 0.0, 0.0, 1.0]
            ]
        },
        {
            "name": "Arm_R",
            "time": [0.0, 0.1667, 0.3167, 0.4333, 0.6167, 0.7667, 0.9, 0.9833, 1.0833, 1.2167, 1.35, 1.4833, 1.75],
            "transform": [
                [0.016005, -0.035545, -0.99924, -0.0, 0.894149, 0.447767, -0.001606, 0.393861, 0.447483, -0.893444, 0.038949, 0.0, 0.0, 0.0, 0.0, 1.0],
                [-0.934652, 0.211658, -0.285703, -0.0, 0.32879, 0.208587, -0.92108, 0.39386, -0.135361, -0.954826, -0.264547, 0.0, 0.0, 0.0, 0.0, 1.0],
                [-0.84364, 0.440265, -0.307307, -0.0, 0.505092, 0.456689, -0.732337, 0.393861, -0.182078, -0.773047, -0.607655, -0.0, 0.0, 0.0, 0.0, 1.0],
                [-0.107525, 0.650078, -0.752221, -0.0, 0.488027, 0.693692, 0.529736, 0.393861, 0.86618, -0.310145, -0.391845, -0.0, 0.0, 0.0, 0.0, 1.0],
                [-0.107525, 0.650078, -0.752221, -0.0, 0.488028, 0.693692, 0.529736, 0.393861, 0.86618, -0.310145, -0.391845, -0.0, 0.0, 0.0, 0.0, 1.0],
                [-0.013694, -0.868749, -0.495063, 0.0, 0.268004, 0.473805, -0.838858, 0.393861, 0.963321, -0.144166, 0.226339, 0.0, 0.0, 0.0, 0.0, 1.0],
                [0.118128, -0.992236, 0.038902, 0.0, 0.295892, -0.002224, -0.955219, 0.393861, 0.947889, 0.124349, 0.293332, 0.0, 0.0, 0.0, 0.0, 1.0],
                [0.08422, -0.994069, 0.0688, 0.0, 0.264753, -0.04424, -0.963301, 0.39386, 0.960631, 0.099344, 0.259457, 0.0, 0.0, 0.0, 0.0, 1.0],
                [-0.366972, -0.916709, 0.158037, -0.0, 0.168354, -0.232533, -0.957907, 0.393861, 0.914871, -0.324919, 0.239665, -0.0, 0.0, 0.0, 0.0, 1.0],
                [-0.258984, -0.537702, -0.802374, -0.0, 0.233912, 0.771073, -0.592227, 0.393861, 0.93713, -0.341062, -0.073921, 0.0, 0.0, 0.0, 0.0, 1.0],
                [0.191967, -0.929938, -0.313629, -0.0, 0.897292, 0.295753, -0.327717, 0.393861, 0.397513, -0.218506, 0.891201, 0.0, 0.0, 0.0, 0.0, 1.0],
                [-0.065966, -0.960283, 0.271119, 0.0, 0.713534, -0.235331, -0.659916, 0.39386, 0.697509, 0.14992, 0.700718, 0.0, 0.0, 0.0, 0.0, 1.0],
                [-0.025608, -0.970091, 0.241385, -0.0, 0.772047, -0.172584, -0.611685, 0.393861, 0.63505, 0.170696, 0.753375, -0.0, 0.0, 0.0, 0.0, 1.0]
            ]
        },
        {
            "name": "Hand_R",
            "time": [0.0, 0.1667, 0.3167, 0.4333, 0.6167, 0.7667, 0.9, 0.9833, 1.0833, 1.2167, 1.4833, 1.75],
            "transform": [
                [0.999998, -0.000876, 0.001599, -0.0, 0.000868, 0.999986, 0.005244, 0.3, -0.001603, -0.005243, 0.999985, 0.0, 0.0, 0.0, 0.0, 1.0],
                [0.999586, -0.027707, 0.007779, 0.0, 0.028425, 0.99279, -0.116448, 0.3, -0.004497, 0.116621, 0.993166, 0.0, 0.0, 0.0, 0.0, 1.0],
                [0.999586, -0.025213, 0.013873, 0.0, 0.028424, 0.940338, -0.339054, 0.3, -0.004497, 0.339307, 0.940665, 0.0, 0.0, 0.0, 0.0, 1.0],
                [0.999586, -0.027528, 0.008388, 0.0, 0.028424, 0.989981, -0.138314, 0.3, -0.004497, 0.138495, 0.990353, 0.0, 0.0, 0.0, 0.0, 1.0],
                [0.999586, -0.027528, 0.008388, 0.0, 0.028424, 0.989981, -0.138314, 0.3, -0.004497, 0.138495, 0.990353, -0.0, 0.0, 0.0, 0.0, 1.0],
                [0.999586, -0.024454, 0.015172, -0.0, 0.028424, 0.921332, -0.387737, 0.3, -0.004497, 0.388008, 0.921645, -0.0, 0.0, 0.0, 0.0, 1.0],
                [0.999586, -0.023504, 0.016605, 0.0, 0.028424, 0.896531, -0.442068, 0.3, -0.004497, 0.442357, 0.896828, -0.0, 0.0, 0.0, 0.0, 1.0],
                [0.999586, -0.022847, 0.017498, -0.0, 0.028424, 0.878838, -0.476274, 0.3, -0.004497, 0.476574, 0.879123, -0.0, 0.0, 0.0, 0.0, 1.0],
                [0.999586, -0.011659, 0.02631, -0.0, 0.028424, 0.542864, -0.839339, 0.3, -0.004497, 0.83974, 0.542971, 0.0, 0.0, 0.0, 0.0, 1.0],
                [0.999586, -0.008479, 0.0275, 0.0, 0.028424, 0.440218, -0.897441, 0.3, -0.004497, 0.897851, 0.440277, 0.0, 0.0, 0.0, 0.0, 1.0],
                [0.999985, -0.002003, 0.004994, 0.0, 0.004818, -0.079641, -0.996812, 0.3, 0.002394, 0.996822, -0.07963, 0.0, 0.0, 0.0, 0.0, 1.0],
                [1.0, -0.0, 0.0, -0.0, 0.0, -0.293998, -0.955806, 0.3, 0.0, 0.955806, -0.293998, 0.0, 0.0, 0.0, 0.0, 1.0]
            ]
        },
        {
            "name": "Tool_R",
            "time": [0.0, 0.1667, 0.3167, 0.4333, 0.6167, 0.7667, 0.9, 0.9833, 1.0833, 1.2167, 1.35, 1.4833, 1.75],
            "transform": [
                [0.062925, -0.004113, 0.013397, 0.015054, -5.9e-05, -0.061705, -0.018666, 0.243316, 0.014006, 0.018196, -0.060198, 0.024459, 0.0, 0.0, 0.0, 1.0],
                [0.062925, -0.004113, 0.013397, 0.015054, -5.9e-05, -0.061705, -0.018666, 0.243316, 0.014006, 0.018196, -0.060198, 0.024459, 0.0, 0.0, 0.0, 1.0],
                [0.976087, 0.02382, 0.216073, 0.015054, -0.000972, -0.99349, 0.113913, 0.243316, 0.217251, -0.111343, -0.969134, 0.024459, 0.0, 0.0, 0.0, 1.0],
                [0.976101, -0.191213, 0.103272, 0.015054, -0.000773, -0.478259, -0.878218, 0.243316, 0.217189, 0.856637, -0.46671, 0.024459, 0.0, 0.0, 0.0, 1.0],
                [0.976101, -0.191213, 0.103272, 0.015054, -0.000773, -0.478259, -0.878218, 0.243316, 0.217189, 0.856637, -0.46671, 0.024459, 0.0, 0.0, 0.0, 1.0],
                [0.976029, 0.020865, -0.216637, 0.015053, 0.000405, 0.995218, 0.097677, 0.243316, 0.21751, -0.095356, 0.97078, 0.024459, 0.0, 0.0, 0.0, 1.0],
                [0.976119, 0.150503, -0.156652, 0.015054, 0.000592, 0.719274, 0.694726, 0.243316, 0.217106, -0.677819, 0.7016, 0.024459, 0.0, 0.0, 0.0, 1.0],
                [0.976121, 0.15267, -0.154528, 0.015054, 0.000593, 0.709497, 0.704709, 0.243316, 0.217096, -0.687558, 0.692062, 0.024459, 0.0, 0.0, 0.0, 1.0],
                [0.976121, 0.15267, -0.154528, 0.015054, 0.000593, 0.709497, 0.704708, 0.243316, 0.217096, -0.687558, 0.692062, 0.024459, 0.0, 0.0, 0.0, 1.0],
                [0.976121, 0.15267, -0.154528, 0.015053, 0.000593, 0.709497, 0.704708, 0.243316, 0.217096, -0.687558, 0.692062, 0.024459, 0.0, 0.0, 0.0, 1.0],
                [0.25903, 0.061638, -0.9639, 0.005444, 0.960638, 0.087279, 0.263735, 0.264208, 0.100336, -0.993685, -0.036579, 0.012538, 0.0, 0.0, 0.0, 1.0],
                [0.951041, -0.283797, 0.12239, -0.008357, -0.307819, -0.834279, 0.457413, 0.294211, -0.027692, -0.472422, -0.880265, -0.004581, 0.0, 0.0, 0.0, 1.0],
                [0.921986, -0.383272, 0.055181, -0.013944, -0.38696, -0.917216, 0.094748, 0.306359, 0.014286, -0.108655, -0.993381, -0.011513, 0.0, 0.0, 0.0, 1.0]
            ]
        },
        {
            "name": "Elbow_R",
            "time": [0.0, 0.1667, 0.3167, 0.4333, 0.6167, 0.7667, 0.9, 0.9833, 1.0833, 1.2167, 1.4833, 1.75],
            "transform": [
                [-1.0, 0.0, -0.0, -0.0, 0.0, -0.0, -1.0, 0.341622, -0.0, -1.0, 0.0, 0.0, 0.0, 0.0, 0.0, 1.0],
                [-1.0, 0.0, 0.0, 0.0, -0.0, -0.0, -1.0, 0.341622, -0.0, -1.0, 0.0, 0.0, 0.0, 0.0, 0.0, 1.0],
                [-1.0, 0.0, 0.0, 0.0, 0.0, -0.0, -1.0, 0.341622, -0.0, -1.0, 0.0, 0.0, 0.0, 0.0, 0.0, 1.0],
                [-1.0, 0.0, -0.0, 0.0, 0.0, 0.0, -1.0, 0.341622, -0.0, -1.0, 0.0, 0.0, 0.0, 0.0, 0.0, 1.0],
                [-1.0, 0.0, -0.0, -0.0, -0.0, -0.0, -1.0, 0.341622, -0.0, -1.0, 0.0, -0.0, 0.0, 0.0, 0.0, 1.0],
                [-1.0, 0.0, -0.0, -0.0, 0.0, 0.0, -1.0, 0.341622, -0.0, -1.0, 0.0, 0.0, 0.0, 0.0, 0.0, 1.0],
                [-1.0, 0.0, -0.0, 0.0, 0.0, -0.0, -1.0, 0.341622, -0.0, -1.0, 0.0, 0.0, 0.0, 0.0, 0.0, 1.0],
                [-1.0, 0.0, -0.0, -0.0, 0.0, 0.0, -1.0, 0.341622, -0.0, -1.0, 0.0, -0.0, 0.0, 0.0, 0.0, 1.0],
                [-1.0, 0.0, -0.0, 0.0, 0.0, -0.0, -1.0, 0.341622, -0.0, -1.0, -0.0, -0.0, 0.0, 0.0, 0.0, 1.0],
                [-1.0, 0.0, -0.0, 0.0, 0.0, -0.0, -1.0, 0.341622, -0.0, -1.0, 0.0, 0.0, 0.0, 0.0, 0.0, 1.0],
                [-1.0, 0.0, 0.0, 0.0, 0.0, 0.620161, -0.784474, 0.30802, -0.0, -0.784474, -0.620161, 0.0, 0.0, 0.0, 0.0, 1.0],
                [-1.0, 0.0, 0.0, -0.0, 0.0, 0.735098, -0.677961, 0.3, -0.0, -0.677961, -0.735098, 0.0, 0.0, 0.0, 0.0, 1.0]
            ]
        },
        {
            "name": "Shoulder_L",
            "time": [0.0, 0.1667, 0.3167, 0.4333, 0.6167, 0.7667, 0.9, 0.9833, 1.0833, 1.2167, 1.4833, 1.75],
            "transform": [
                [-0.226937, -0.947819, -0.223918, -0.0, -0.021067, -0.225085, 0.974111, 0.4, -0.973681, 0.225779, 0.031113, -0.0, 0.0, 0.0, 0.0, 1.0],
                [-0.226937, -0.947819, -0.223918, -0.0, -0.021067, -0.225085, 0.974111, 0.4, -0.973681, 0.225779, 0.031113, 0.0, 0.0, 0.0, 0.0, 1.0],
                [-0.226937, -0.971376, -0.070205, 0.0, -0.021067, -0.067173, 0.997519, 0.4, -0.973681, 0.227853, -0.00522, -0.0, 0.0, 0.0, 0.0, 1.0],
                [-0.226937, -0.949742, -0.215612, 0.0, -0.021067, -0.216549, 0.976044, 0.4, -0.973681, 0.226043, 0.029135, -0.0, 0.0, 0.0, 0.0, 1.0],
                [0.144866, -0.965666, -0.215648, 0.0, 0.061579, -0.208725, 0.976034, 0.4, -0.987533, -0.154673, 0.029228, 0.0, 0.0, 0.0, 0.0, 1.0],
                [0.501105, -0.838093, -0.215627, -0.0, 0.136235, -0.169662, 0.97604, 0.4, -0.854596, -0.518474, 0.029159, 0.0, 0.0, 0.0, 0.0, 1.0],
                [0.569632, -0.793114, -0.215612, -0.0, 0.149956, -0.157641, 0.976044, 0.4, -0.808104, -0.588319, 0.029135, -0.0, 0.0, 0.0, 0.0, 1.0],
                [0.570045, -0.792818, -0.215612, 0.0, 0.150038, -0.157563, 0.976044, 0.4, -0.807798, -0.588739, 0.029135, 0.0, 0.0, 0.0, 0.0, 1.0],
                [0.570045, -0.792818, -0.215612, 0.0, 0.150038, -0.157563, 0.976044, 0.4, -0.807798, -0.588739, 0.029135, 0.0, 0.0, 0.0, 0.0, 1.0],
                [0.570045, -0.792818, -0.215612, 0.0, 0.150038, -0.157563, 0.976044, 0.4, -0.807798, -0.588739, 0.029135, 0.0, 0.0, 0.0, 0.0, 1.0],
                [-0.174074, -0.941895, -0.287285, 0.0, -0.05198, -0.282544, 0.957845, 0.4, -0.98336, 0.181669, 0.000224, 0.0, 0.0, 0.0, 0.0, 1.0],
                [0.004613, -0.952228, -0.305355, -0.0, 0.000524, -0.305355, 0.952238, 0.4, -0.999989, -0.004553, -0.00091, -0.0, 0.0, 0.0, 0.0, 1.0]
            ]
        },
        {
            "name": "Arm_L",
            "time": [0.0, 0.1667, 0.3167, 0.4333, 0.6167, 0.7667, 0.9, 0.9833, 1.0833, 1.2167, 1.3667, 1.4833, 1.75],
            "transform": [
                [-0.368333, -0.025786, 0.929336, 0.0, -0.839661, 0.438368, -0.320628, 0.39386, -0.399124, -0.898425, -0.183117, -0.0, 0.0, 0.0, 0.0, 1.0],
                [-0.485232, -0.241131, 0.840479, -0.0, -0.850408, 0.353699, -0.389489, 0.39386, -0.203359, -0.903743, -0.376686, 0.0, 0.0, 0.0, 0.0, 1.0],
                [-0.479522, -0.547409, 0.685858, -0.0, -0.858497, 0.454538, -0.237439, 0.39386, -0.181773, -0.702665, -0.687911, 0.0, 0.0, 0.0, 0.0, 1.0],
                [-0.485531, -0.449175, 0.750001, -0.0, -0.823878, 0.522024, -0.220717, 0.39386, -0.292378, -0.725074, -0.623524, 0.0, 0.0, 0.0, 0.0, 1.0],
                [0.17951, 0.195153, 0.964205, -0.0, -0.615345, 0.786988, -0.044723, 0.39386, -0.767546, -0.58529, 0.261359, 0.0, 0.0, 0.0, 0.0, 1.0],
                [0.79277, 0.361821, 0.49051, 0.0, -0.333087, 0.931129, -0.1485, 0.39386, -0.510459, -0.045656, 0.858689, 0.0, 0.0, 0.0, 0.0, 1.0],
                [0.857639, 0.345699, 0.380719, -0.0, -0.304634, 0.937987, -0.165463, 0.39386, -0.41431, 0.025927, 0.909766, 0.0, 0.0, 0.0, 0.0, 1.0],
                [0.864274, 0.339824, 0.370878, -0.0, -0.288637, 0.938872, -0.187636, 0.39386, -0.411971, 0.05512, 0.909528, 0.0, 0.0, 0.0, 0.0, 1.0],
                [0.90074, 0.246651, 0.357534, -0.0, -0.098149, 0.917419, -0.385629, 0.39386, -0.423124, 0.31226, 0.850564, 0.0, 0.0, 0.0, 0.0, 1.0],
                [0.902233, 0.237906, 0.359688, -0.0, -0.080922, 0.912645, -0.400663, 0.39386, -0.423588, 0.332385, 0.842671, 0.0, 0.0, 0.0, 0.0, 1.0],
                [0.150134, -0.379447, 0.912951, 0.0, -0.738421, 0.570991, 0.358752, 0.39386, -0.657414, -0.728003, -0.194467, 0.0, 0.0, 0.0, 0.0, 1.0],
                [-0.726198, -0.466199, -0.505267, 0.0, -0.010271, 0.742225, -0.670072, 0.39386, 0.687408, -0.481416, -0.543791, 0.0, 0.0, 0.0, 0.0, 1.0],
                [-0.798698, -0.121067, -0.589428, 0.0, 0.462324, 0.50351, -0.729887, 0.39386, 0.385148, -0.855465, -0.34618, -0.0, 0.0, 0.0, 0.0, 1.0]
            ]
        },
        {
            "name": "Hand_L",
            "time": [0.0, 0.1667, 0.3167, 0.4333, 0.6167, 0.7667, 0.9, 0.9833, 1.0833, 1.2167, 1.3667, 1.4833, 1.75],
            "transform": [
                [0.999993, -0.001541, -0.00347, 0.0, 0.000938, 0.985901, -0.167329, 0.3, 0.003679, 0.167324, 0.985895, -0.0, 0.0, 0.0, 0.0, 1.0],
                [0.999993, -0.00253, -0.002831, 0.0, 0.000938, 0.887237, -0.461315, 0.3, 0.003679, 0.461309, 0.887232, 0.0, 0.0, 0.0, 0.0, 1.0],
                [0.999993, -0.003492, -0.001491, 0.0, 0.000938, 0.607806, -0.794085, 0.3, 0.003679, 0.794078, 0.607805, 0.0, 0.0, 0.0, 0.0, 1.0],
                [0.999993, -0.002016, -0.003217, 0.0, 0.000938, 0.952276, -0.305238, 0.3, 0.003679, 0.305232, 0.952271, 0.0, 0.0, 0.0, 0.0, 1.0],
                [0.999993, -0.003069, -0.002236, -0.0, 0.000938, 0.770289, -0.637695, 0.3, 0.003679, 0.637688, 0.770286, -0.0, 0.0, 0.0, 0.0, 1.0],
                [0.999993, -0.003689, -0.000896, 0.0, 0.000938, 0.468835, -0.883286, 0.3, 0.003679, 0.883278, 0.468835, -0.0, 0.0, 0.0, 0.0, 1.0],
                [0.999993, -0.003741, -0.00065, 0.0, 0.000938, 0.409219, -0.912436, 0.3, 0.003679, 0.912429, 0.40922, 0.0, 0.0, 0.0, 0.0, 1.0],
                [0.999993, -0.003752, -0.00058, -0.0, 0.000938, 0.392137, -0.919907, 0.3, 0.003679, 0.9199, 0.392137, 0.0, 0.0, 0.0, 0.0, 1.0],
                [0.999993, -0.003792, -0.000198, 0.0, 0.000938, 0.297366, -0.954764, 0.3, 0.003679, 0.954756, 0.297367, -0.0, 0.0, 0.0, 0.0, 1.0],
                [0.999993, -0.003793, -0.000172, 0.0, 0.000938, 0.290801, -0.956784, 0.3, 0.003679, 0.956776, 0.290802, -0.0, 0.0, 0.0, 0.0, 1.0],
                [0.999998, -0.001758, -0.00141, 0.0, 0.000653, 0.824886, -0.565299, 0.3, 0.002157, 0.565297, 0.824885, 0.0, 0.0, 0.0, 0.0, 1.0],
                [1.0, -0.000723, -8.7e-05, -0.0, 0.00024, 0.439966, -0.898015, 0.3, 0.000688, 0.898014, 0.439966, -0.0, 0.0, 0.0, 0.0, 1.0],
                [1.0, 0.0, 0.0, -0.0, -0.0, 0.474033, -0.880507, 0.3, -0.0, 0.880507, 0.474033, -0.0, 0.0, 0.0, 0.0, 1.0]
            ]
        },
        {
            "name": "Tool_L",
            "time": [0.0, 0.1667, 0.3167, 0.4333, 0.6167, 0.7667, 0.9, 0.9833, 1.0833, 1.2167, 1.4833, 1.75],
            "transform": [
                [0.079631, 0.000882, -0.006114, -0.0, -0.002928, -0.064222, -0.047394, 0.272858, -0.005436, 0.047448, -0.06396, -0.0, 0.0, 0.0, 0.0, 1.0],
                [0.079631, 0.000882, -0.006114, -0.0, -0.002928, -0.064222, -0.047394, 0.272858, -0.005436, 0.047448, -0.06396, -0.0, 0.0, 0.0, 0.0, 1.0],
                [0.997006, -0.04326, -0.064089, 0.011099, -0.036626, -0.994182, 0.101292, 0.301892, -0.068059, -0.098594, -0.992205, -0.021016, 0.0, 0.0, 0.0, 1.0],
                [0.997006, -0.04326, -0.064089, 0.011099, -0.036626, -0.994182, 0.101292, 0.301892, -0.068059, -0.098594, -0.992205, -0.021016, 0.0, 0.0, 0.0, 1.0],
                [0.856859, -0.214629, 0.46875, 0.178559, 0.475383, 0.680778, -0.557272, 0.229201, -0.199385, 0.699935, 0.684953, 0.135845, 0.0, 0.0, 0.0, 1.0],
                [0.99731, 0.073185, -0.004175, 0.036801, 0.064003, -0.897126, -0.437114, 0.259214, -0.035714, 0.435405, -0.898872, 0.026041, 0.0, 0.0, 0.0, 1.0],
                [0.985065, -0.037604, -0.168026, -0.01564, -0.034429, -0.99917, 0.021775, 0.270317, -0.168606, -0.015667, -0.984962, -0.014579, 0.0, 0.0, 0.0, 1.0],
                [0.983877, -0.056633, -0.169645, -0.017013, -0.040832, -0.994618, 0.095225, 0.270608, -0.174023, -0.086723, -0.980316, -0.015642, 0.0, 0.0, 0.0, 1.0],
                [0.983811, -0.087749, -0.156255, -0.017013, -0.040828, -0.958738, 0.281344, 0.270608, -0.174394, -0.270261, -0.94624, -0.015642, 0.0, 0.0, 0.0, 1.0],
                [0.983876, -0.018179, -0.177927, -0.017013, -0.040858, -0.99136, -0.124641, 0.270608, -0.174022, 0.129814, -0.975545, -0.015642, 0.0, 0.0, 0.0, 1.0],
                [0.983879, -0.020534, -0.177654, -0.017013, -0.040852, -0.992927, -0.111478, 0.270608, -0.174006, 0.116859, -0.977185, -0.015642, 0.0, 0.0, 0.0, 1.0],
                [0.983876, -0.021096, -0.177605, -0.017013, -0.040856, -0.993273, -0.108348, 0.270608, -0.174022, 0.11378, -0.977545, -0.015642, 0.0, 0.0, 0.0, 1.0]
            ]
        },
        {
            "name": "Elbow_L",
            "time": [0.0, 0.1667, 0.3167, 0.4333, 0.6167, 0.7667, 0.9, 0.9833, 1.0833, 1.2167, 1.4833, 1.75],
            "transform": [
                [-1.0, 0.0, -0.0, 2.7e-05, 0.0, -0.0, -1.0, 0.334302, -0.0, -1.0, -0.0, -0.002121, 0.0, 0.0, 0.0, 1.0],
                [-1.0, 0.0, -0.0, 2.7e-05, 0.0, -0.0, -1.0, 0.334302, -0.0, -1.0, -0.0, -0.002121, 0.0, 0.0, 0.0, 1.0],
                [-1.0, 0.0, -0.0, 2.7e-05, 0.0, -0.0, -1.0, 0.334301, -0.0, -1.0, 0.0, -0.00212, 0.0, 0.0, 0.0, 1.0],
                [-1.0, 0.0, -0.0, 2.7e-05, 0.0, -0.0, -1.0, 0.334301, -0.0, -1.0, -0.0, -0.002121, 0.0, 0.0, 0.0, 1.0],
                [-1.0, 0.0, -0.0, 2.7e-05, 0.0, -0.0, -1.0, 0.334301, -0.0, -1.0, -0.0, -0.002121, 0.0, 0.0, 0.0, 1.0],
                [-1.0, 0.0, -0.0, 2.7e-05, 0.0, -0.0, -1.0, 0.334301, -0.0, -1.0, -0.0, -0.002121, 0.0, 0.0, 0.0, 1.0],
                [-1.0, 0.0, -0.0, 2.7e-05, 0.0, -0.0, -1.0, 0.334301, -0.0, -1.0, -0.0, -0.002121, 0.0, 0.0, 0.0, 1.0],
                [-1.0, 0.0, -0.0, 2.7e-05, 0.0, -0.0, -1.0, 0.334301, -0.0, -1.0, -0.0, -0.00212, 0.0, 0.0, 0.0, 1.0],
                [-1.0, 0.0, -0.0, 2.7e-05, 0.0, -0.0, -1.0, 0.334302, -0.0, -1.0, -0.0, -0.002121, 0.0, 0.0, 0.0, 1.0],
                [-1.0, 0.0, -0.0, 2.7e-05, 0.0, -0.0, -1.0, 0.334302, -0.0, -1.0, -0.0, -0.002121, 0.0, 0.0, 0.0, 1.0],
                [-1.0, 0.0, -0.0, 5e-06, 0.0, -0.0, -1.0, 0.30661, -0.0, -1.0, -0.0, -0.000409, 0.0, 0.0, 0.0, 1.0],
                [-1.0, 0.0, -0.0, -0.0, -0.0, -0.0, -1.0, 0.3, -0.0, -1.0, 0.0, -0.0, 0.0, 0.0, 0.0, 1.0]
            ]
        }
    ]
}