{
    "animation": [
        {
            "name": "Root",
            "time": [0.0, 0.0833, 0.2833],
            "transform": [
                [0.41584, 0.0, -0.909438, -5e-06, -0.909438, 0.0, -0.41584, 0.000946, 0.0, 1.0, 0.0, 0.74484, 0.0, 0.0, 0.0, 1.0],
                [0.658979, 0.0, -0.752162, -5e-06, -0.752162, 0.0, -0.658979, -0.066898, 0.0, 1.0, 0.0, 0.74484, 0.0, 0.0, 0.0, 1.0],
                [0.41584, 0.0, -0.909438, -5e-06, -0.909438, 0.0, -0.41584, 0.000946, 0.0, 1.0, 0.0, 0.74484, 0.0, 0.0, 0.0, 1.0]
            ]
        },
        {
            "name": "Thigh_R",
            "time": [0.0, 0.0833, 0.2833],
            "transform": [
                [0.561059, 0.309149, 0.76788, 0.124994, 0.222738, -0.949809, 0.219651, -0.002831, 0.797245, 0.047799, -0.60176, -1.2e-05, 0.0, 0.0, 0.0, 1.0],
                [0.561059, 0.452181, 0.693357, 0.124994, 0.222738, -0.889189, 0.39966, -0.002831, 0.797245, -0.069795, -0.599607, -1.2e-05, 0.0, 0.0, 0.0, 1.0],
                [0.561059, 0.309149, 0.76788, 0.124994, 0.222738, -0.949809, 0.219651, -0.002831, 0.797245, 0.047799, -0.60176, -1.2e-05, 0.0, 0.0, 0.0, 1.0]
            ]
        },
        {
            "name": "Leg_R",
            "time": [0.0, 0.0833, 0.2833],
            "transform": [
                [1.0, 0.0, 1e-06, -0.0, -0.0, 0.984472, 0.175547, 0.37472, -1e-06, -0.175547, 0.98447, 0.0, 0.0, 0.0, 0.0, 1.0],
                [1.0, 0.0, 1e-06, 0.0, -0.0, 0.874729, 0.484612, 0.37472, -1e-06, -0.484613, 0.874728, 0.0, 0.0, 0.0, 0.0, 1.0],
                [1.0, 0.0, 1e-06, -0.0, -0.0, 0.984472, 0.175547, 0.37472, -1e-06, -0.175547, 0.98447, 0.0, 0.0, 0.0, 0.0, 1.0]
            ]
        },
        {
            "name": "Knee_R",
            "time": [0.0, 0.2833],
            "transform": [
                [1.0, 0.0, -0.0, -0.0, -0.0, 1e-06, -1.0, 0.383077, -0.0, 1.0, 1e-06, -0.001653, 0.0, 0.0, 0.0, 1.0],
                [1.0, 0.0, -0.0, -0.0, -0.0, 1e-06, -1.0, 0.383077, -0.0, 1.0, 1e-06, -0.001653, 0.0, 0.0, 0.0, 1.0]
            ]
        },
        {
            "name": "Thigh_L",
            "time": [0.0, 0.0833, 0.2833],
            "transform": [
                [0.969035, -0.144992, -0.19987, -0.125006, -0.077922, -0.947649, 0.309659, -0.002831, -0.234304, -0.284496, -0.929604, -1.2e-05, 0.0, 0.0, 0.0, 1.0],
                [0.948741, -0.288364, -0.129367, -0.125006, -0.217059, -0.892014, 0.396481, -0.002831, -0.229728, -0.348077, -0.908882, -1.2e-05, 0.0, 0.0, 0.0, 1.0],
                [0.969035, -0.144992, -0.19987, -0.125006, -0.077922, -0.947649, 0.309659, -0.002831, -0.234304, -0.284496, -0.929604, -1.2e-05, 0.0, 0.0, 0.0, 1.0]
            ]
        },
        {
            "name": "Leg_L",
            "time": [0.0, 0.2833],
            "transform": [
                [1.0, -0.0, 1e-06, -0.0, -0.0, 0.971133, 0.238538, 0.37472, -1e-06, -0.238538, 0.971134, 0.0, 0.0, 0.0, 0.0, 1.0],
                [1.0, -0.0, 1e-06, -0.0, -0.0, 0.971133, 0.238538, 0.37472, -1e-06, -0.238538, 0.971134, 0.0, 0.0, 0.0, 0.0, 1.0]
            ]
        },
        {
            "name": "Knee_L",
            "time": [0.0, 0.2833],
            "transform": [
                [1.0, 0.0, -0.0, -0.0, -0.0, 1e-06, -1.0, 0.37472, -0.0, 1.0, 1e-06, 0.0, 0.0, 0.0, 0.0, 1.0],
                [1.0, 0.0, -0.0, -0.0, -0.0, 1e-06, -1.0, 0.37472, -0.0, 1.0, 1e-06, 0.0, 0.0, 0.0, 0.0, 1.0]
            ]
        },
        {
            "name": "Torso",
            "time": [0.0, 0.0833, 0.2833],
            "transform": [
                [0.996512, 0.0, 0.083446, 0.0, 0.0, 1.0, 0.0, 0.05, -0.083446, 0.0, 0.996512, 0.0, 0.0, 0.0, 0.0, 1.0],
                [0.989476, 0.131737, 0.059854, -0.0, -0.118624, 0.975403, -0.18579, 0.05, -0.082857, 0.176735, 0.980765, -0.0, 0.0, 0.0, 0.0, 1.0],
                [0.996512, 0.0, 0.083446, 0.0, 0.0, 1.0, 0.0, 0.05, -0.083446, 0.0, 0.996512, 0.0, 0.0, 0.0, 0.0, 1.0]
            ]
        },
        {
            "name": "Chest",
            "time": [0.0, 0.0833, 0.2833],
            "transform": [
                [0.999232, 0.004476, 0.038924, 0.0, -0.006676, 0.998376, 0.056579, 0.3, -0.038608, -0.056796, 0.997639, -0.0, 0.0, 0.0, 0.0, 1.0],
                [0.973034, -0.229589, -0.022205, 0.0, 0.230492, 0.964124, 0.131674, 0.3, -0.008823, -0.133241, 0.991044, 0.0, 0.0, 0.0, 0.0, 1.0],
                [0.999232, 0.004476, 0.038924, 0.0, -0.006676, 0.998376, 0.056579, 0.3, -0.038608, -0.056796, 0.997639, -0.0, 0.0, 0.0, 0.0, 1.0]
            ]
        },
        {
            "name": "Head",
            "time": [0.0, 0.2833],
            "transform": [
                [0.729621, 0.0, 0.683851, -0.0, 0.016787, 0.999699, -0.017911, 0.4, -0.683645, 0.024548, 0.729401, -0.0, 0.0, 0.0, 0.0, 1.0],
                [0.729621, 0.0, 0.683851, -0.0, 0.016787, 0.999699, -0.017911, 0.4, -0.683645, 0.024548, 0.729401, -0.0, 0.0, 0.0, 0.0, 1.0]
            ]
        },
        {
            "name": "Shoulder_R",
            "time": [0.0, 0.2833],
            "transform": [
                [0.377076, 0.903637, 0.20311, -0.0, 0.190496, -0.290278, 0.93779, 0.4, 0.90638, -0.314927, -0.281596, -0.0, 0.0, 0.0, 0.0, 1.0],
                [0.377076, 0.903637, 0.20311, -0.0, 0.190496, -0.290278, 0.93779, 0.4, 0.90638, -0.314927, -0.281596, -0.0, 0.0, 0.0, 0.0, 1.0]
            ]
        },
        {
            "name": "Arm_R",
            "time": [0.0, 0.2833],
            "transform": [
                [0.442995, -0.896428, -0.013162, 0.0, 0.510058, 0.264079, -0.818598, 0.39386, 0.73729, 0.355921, 0.574216, -0.0, 0.0, 0.0, 0.0, 1.0],
                [0.442995, -0.896428, -0.013162, 0.0, 0.510058, 0.264079, -0.818598, 0.39386, 0.73729, 0.355921, 0.574216, -0.0, 0.0, 0.0, 0.0, 1.0]
            ]
        },
        {
            "name": "Hand_R",
            "time": [0.0, 0.2833],
            "transform": [
                [1.0, -0.0, -0.0, -0.0, 0.0, 0.233653, -0.97232, 0.3, 0.0, 0.97232, 0.233653, -0.0, 0.0, 0.0, 0.0, 1.0],
                [1.0, -0.0, -0.0, -0.0, 0.0, 0.233653, -0.97232, 0.3, 0.0, 0.97232, 0.233653, -0.0, 0.0, 0.0, 0.0, 1.0]
            ]
        },
        {
            "name": "Tool_R",
            "time": [0.0, 0.2833],
            "transform": [
                [-0.046152, 0.219175, 0.94505, -0.0, 0.444919, 0.852384, -0.176804, 0.272858, -0.893847, 0.412482, -0.13664, 0.0, 0.0, 0.0, 0.0, 1.0],
                [-0.046152, 0.219175, 0.94505, -0.0, 0.444919, 0.852384, -0.176804, 0.272858, -0.893847, 0.412482, -0.13664, 0.0, 0.0, 0.0, 0.0, 1.0]
            ]
        },
        {
            "name": "Elbow_R",
            "time": [0.0, 0.2833],
            "transform": [
                [-1.0, 0.0, 0.0, -0.0, 0.0, 0.735098, -0.677961, 0.3, -0.0, -0.677961, -0.735098, -0.0, 0.0, 0.0, 0.0, 1.0],
                [-1.0, 0.0, 0.0, -0.0, 0.0, 0.735098, -0.677961, 0.3, -0.0, -0.677961, -0.735098, -0.0, 0.0, 0.0, 0.0, 1.0]
            ]
        },
        {
            "name": "Shoulder_L",
            "time": [0.0, 0.2833],
            "transform": [
                [0.004613, -0.952228, -0.305355, -0.0, 0.000524, -0.305355, 0.952238, 0.4, -0.999989, -0.004553, -0.00091, -0.0, 0.0, 0.0, 0.0, 1.0],
                [0.004613, -0.952228, -0.305355, -0.0, 0.000524, -0.305355, 0.952238, 0.4, -0.999989, -0.004553, -0.00091, -0.0, 0.0, 0.0, 0.0, 1.0]
            ]
        },
        {
            "name": "Arm_L",
            "time": [0.0, 0.0833, 0.2833],
            "transform": [
                [-0.798698, -0.121067, -0.589428, 0.0, 0.462324, 0.50351, -0.729887, 0.39386, 0.385148, -0.855465, -0.34618, -0.0, 0.0, 0.0, 0.0, 1.0],
                [-0.771472, -0.178999, -0.610566, -0.0, 0.559144, 0.267199, -0.784833, 0.39386, 0.303627, -0.94687, -0.10605, -0.0, 0.0, 0.0, 0.0, 1.0],
                [-0.798698, -0.121067, -0.589428, 0.0, 0.462324, 0.50351, -0.729887, 0.39386, 0.385148, -0.855465, -0.34618, -0.0, 0.0, 0.0, 0.0, 1.0]
            ]
        },
        {
            "name": "Hand_L",
            "time": [0.0, 0.2833],
            "transform": [
                [1.0, 0.0, 0.0, -0.0, -0.0, 0.474033, -0.880507, 0.3, -0.0, 0.880507, 0.474033, -0.0, 0.0, 0.0, 0.0, 1.0],
                [1.0, 0.0, 0.0, -0.0, -0.0, 0.474033, -0.880507, 0.3, -0.0, 0.880507, 0.474033, -0.0, 0.0, 0.0, 0.0, 1.0]
            ]
        },
        {
            "name": "Tool_L",
            "time": [0.0, 0.2833],
            "transform": [
                [1.0, 0.0, 0.0, -0.0, 0.0, -0.999836, 0.018122, 0.272858, 0.0, -0.018122, -0.999247, 0.0, 0.0, 0.0, 0.0, 1.0],
                [1.0, 0.0, 0.0, -0.0, 0.0, -0.999836, 0.018122, 0.272858, 0.0, -0.018122, -0.999247, 0.0, 0.0, 0.0, 0.0, 1.0]
            ]
        },
        {
            "name": "Elbow_L",
            "time": [0.0, 0.2833],
            "transform": [
                [-1.0, 0.0, -0.0, -0.0, -0.0, -0.0, -1.0, 0.3, -0.0, -1.0, -0.0, -0.0, 0.0, 0.0, 0.0, 1.0],
                [-1.0, 0.0, -0.0, -0.0, -0.0, -0.0, -1.0, 0.3, -0.0, -1.0, -0.0, -0.0, 0.0, 0.0, 0.0, 1.0]
            ]
        }
    ]
}