{
    "animation": [
        {
            "name": "Root",
            "time": [0.0, 1.2167, 2.4167],
            "transform": [
                [0.879679, 0.0, -0.475568, -5e-06, -0.475568, 0.0, -0.879679, 0.000946, 0.0, 1.0, 0.0, 0.74484, 0.0, 0.0, 0.0, 1.0],
                [0.879679, 0.0, -0.475568, 0.027668, -0.475568, 0.0, -0.879679, 0.076345, 0.0, 1.0, 0.0, 0.719891, 0.0, 0.0, 0.0, 1.0],
                [0.879679, 0.0, -0.475568, -5e-06, -0.475568, 0.0, -0.879679, 0.000946, 0.0, 1.0, 0.0, 0.74484, 0.0, 0.0, 0.0, 1.0]
            ]
        },
        {
            "name": "Thigh_R",
            "time": [0.0, 1.2167, 2.4167],
            "transform": [
                [0.882447, 0.17581, 0.436322, 0.124994, 0.070992, -0.966681, 0.245934, -0.002831, 0.465022, -0.186047, -0.865529, -1.2e-05, 0.0, 0.0, 0.0, 1.0],
                [0.882447, 0.212325, 0.419766, 0.124994, 0.070992, -0.942228, 0.327356, -0.002831, 0.465022, -0.259074, -0.846543, -1.2e-05, 0.0, 0.0, 0.0, 1.0],
                [0.882447, 0.17581, 0.436322, 0.124994, 0.070992, -0.966681, 0.245934, -0.002831, 0.465022, -0.186047, -0.865529, -1.2e-05, 0.0, 0.0, 0.0, 1.0]
            ]
        },
        {
            "name": "Leg_R",
            "time": [0.0, 1.2167, 2.4167],
            "transform": [
                [1.0, 0.0, 1e-06, 0.0, -0.0, 0.984472, 0.175547, 0.37472, -1e-06, -0.175547, 0.98447, -0.0, 0.0, 0.0, 0.0, 1.0],
                [1.0, -0.0, 1e-06, -0.0, -0.0, 0.880174, 0.474651, 0.37472, -1e-06, -0.474652, 0.880173, -0.0, 0.0, 0.0, 0.0, 1.0],
                [1.0, 0.0, 1e-06, 0.0, -0.0, 0.984472, 0.175547, 0.37472, -1e-06, -0.175547, 0.98447, -0.0, 0.0, 0.0, 0.0, 1.0]
            ]
        },
        {
            "name": "Knee_R",
            "time": [0.0, 2.4167],
            "transform": [
                [1.0, 0.0, -0.0, 0.0, -0.0, 1e-06, -1.0, 0.383077, -0.0, 1.0, 1e-06, -0.001653, 0.0, 0.0, 0.0, 1.0],
                [1.0, 0.0, -0.0, 0.0, -0.0, 1e-06, -1.0, 0.383077, -0.0, 1.0, 1e-06, -0.001653, 0.0, 0.0, 0.0, 1.0]
            ]
        },
        {
            "name": "Thigh_L",
            "time": [0.0, 1.2167, 2.4167],
            "transform": [
                [0.950598, -0.208511, -0.22997, -0.125006, -0.120478, -0.930568, 0.345728, -0.002831, -0.286091, -0.300941, -0.909717, -1.2e-05, 0.0, 0.0, 0.0, 1.0],
                [0.942822, -0.238094, -0.233229, -0.125006, -0.158147, -0.935563, 0.315772, -0.002831, -0.293384, -0.260833, -0.919724, -1.2e-05, 0.0, 0.0, 0.0, 1.0],
                [0.950598, -0.208511, -0.22997, -0.125006, -0.120478, -0.930568, 0.345728, -0.002831, -0.286091, -0.300941, -0.909717, -1.2e-05, 0.0, 0.0, 0.0, 1.0]
            ]
        },
        {
            "name": "Leg_L",
            "time": [0.0, 1.2167, 2.4167],
            "transform": [
                [1.0, -0.0, 1e-06, 0.0, -0.0, 0.947813, 0.318825, 0.37472, -1e-06, -0.318825, 0.947814, -0.0, 0.0, 0.0, 0.0, 1.0],
                [1.0, -0.0, 1e-06, -0.0, -0.0, 0.908369, 0.418169, 0.37472, -1e-06, -0.418168, 0.90837, -0.0, 0.0, 0.0, 0.0, 1.0],
                [1.0, -0.0, 1e-06, 0.0, -0.0, 0.947813, 0.318825, 0.37472, -1e-06, -0.318825, 0.947814, -0.0, 0.0, 0.0, 0.0, 1.0]
            ]
        },
        {
            "name": "Knee_L",
            "time": [0.0, 2.4167],
            "transform": [
                [1.0, 0.0, -0.0, 0.0, -0.0, 1e-06, -1.0, 0.37472, -0.0, 1.0, 1e-06, -0.0, 0.0, 0.0, 0.0, 1.0],
                [1.0, 0.0, -0.0, 0.0, -0.0, 1e-06, -1.0, 0.37472, -0.0, 1.0, 1e-06, -0.0, 0.0, 0.0, 0.0, 1.0]
            ]
        },
        {
            "name": "Torso",
            "time": [0.0, 2.4167],
            "transform": [
                [0.996512, 0.0, 0.083446, -0.0, 0.0, 1.0, 0.0, 0.05, -0.083446, 0.0, 0.996512, 0.0, 0.0, 0.0, 0.0, 1.0],
                [0.996512, 0.0, 0.083446, -0.0, 0.0, 1.0, 0.0, 0.05, -0.083446, 0.0, 0.996512, 0.0, 0.0, 0.0, 0.0, 1.0]
            ]
        },
        {
            "name": "Chest",
            "time": [0.0, 1.2167, 2.4167],
            "transform": [
                [0.999232, 0.004476, 0.038924, -0.0, -0.006676, 0.998376, 0.056579, 0.3, -0.038608, -0.056795, 0.997639, -0.0, 0.0, 0.0, 0.0, 1.0],
                [0.999415, -0.01679, 0.029781, 0.0, 0.013647, 0.994613, 0.102759, 0.3, -0.031346, -0.102293, 0.99426, -0.0, 0.0, 0.0, 0.0, 1.0],
                [0.999232, 0.004476, 0.038924, -0.0, -0.006676, 0.998376, 0.056579, 0.3, -0.038608, -0.056795, 0.997639, -0.0, 0.0, 0.0, 0.0, 1.0]
            ]
        },
        {
            "name": "Head",
            "time": [0.0, 1.2167, 2.4167],
            "transform": [
                [0.89317, -0.0, 0.44972, -0.0, 0.01104, 0.999699, -0.021925, 0.4, -0.449585, 0.024548, 0.8929, -0.0, 0.0, 0.0, 0.0, 1.0],
                [0.893169, -0.024979, 0.449026, 0.0, 0.01104, 0.999373, 0.033635, 0.4, -0.449585, -0.025085, 0.892885, -0.0, 0.0, 0.0, 0.0, 1.0],
                [0.89317, -0.0, 0.44972, -0.0, 0.01104, 0.999699, -0.021925, 0.4, -0.449585, 0.024548, 0.8929, -0.0, 0.0, 0.0, 0.0, 1.0]
            ]
        },
        {
            "name": "Shoulder_R",
            "time": [0.0, 2.4167],
            "transform": [
                [-0.004613, 0.951979, 0.306128, -0.0, 0.000526, -0.306129, 0.95199, 0.4, 0.999989, 0.004553, 0.000911, -0.0, 0.0, 0.0, 0.0, 1.0],
                [-0.004613, 0.951979, 0.306128, -0.0, 0.000526, -0.306129, 0.95199, 0.4, 0.999989, 0.004553, 0.000911, -0.0, 0.0, 0.0, 0.0, 1.0]
            ]
        },
        {
            "name": "Arm_R",
            "time": [0.0, 1.2167, 2.4167],
            "transform": [
                [-0.025608, -0.970091, 0.241385, -0.0, 0.772047, -0.172584, -0.611685, 0.393861, 0.63505, 0.170696, 0.753375, -0.0, 0.0, 0.0, 0.0, 1.0],
                [-0.031136, -0.935346, 0.352362, 0.0, 0.765748, -0.248895, -0.593028, 0.39386, 0.642387, 0.251356, 0.723988, 0.0, 0.0, 0.0, 0.0, 1.0],
                [-0.025608, -0.970091, 0.241385, -0.0, 0.772047, -0.172584, -0.611685, 0.393861, 0.63505, 0.170696, 0.753375, -0.0, 0.0, 0.0, 0.0, 1.0]
            ]
        },
        {
            "name": "Hand_R",
            "time": [0.0, 1.2167, 2.4167],
            "transform": [
                [1.0, -0.0, 0.0, -0.0, 0.0, -0.293998, -0.955806, 0.3, 0.0, 0.955806, -0.293998, 0.0, 0.0, 0.0, 0.0, 1.0],
                [1.0, -0.0, 0.0, -0.0, 0.0, -0.175865, -0.984414, 0.3, 0.0, 0.984414, -0.175865, 0.0, 0.0, 0.0, 0.0, 1.0],
                [1.0, -0.0, 0.0, -0.0, 0.0, -0.293998, -0.955806, 0.3, 0.0, 0.955806, -0.293998, 0.0, 0.0, 0.0, 0.0, 1.0]
            ]
        },
        {
            "name": "Tool_R",
            "time": [0.0, 2.4167],
            "transform": [
                [0.855655, -0.306148, -0.398828, -0.0, -0.338409, -0.914583, 0.01597, 0.272858, -0.391351, 0.121341, -0.884773, 0.0, 0.0, 0.0, 0.0, 1.0],
                [0.855655, -0.306148, -0.398828, -0.0, -0.338409, -0.914583, 0.01597, 0.272858, -0.391351, 0.121341, -0.884773, 0.0, 0.0, 0.0, 0.0, 1.0]
            ]
        },
        {
            "name": "Elbow_R",
            "time": [0.0, 2.4167],
            "transform": [
                [-1.0, 0.0, 0.0, -0.0, 0.0, 0.735098, -0.677961, 0.3, -0.0, -0.677961, -0.735098, 0.0, 0.0, 0.0, 0.0, 1.0],
                [-1.0, 0.0, 0.0, -0.0, 0.0, 0.735098, -0.677961, 0.3, -0.0, -0.677961, -0.735098, 0.0, 0.0, 0.0, 0.0, 1.0]
            ]
        },
        {
            "name": "Shoulder_L",
            "time": [0.0, 2.4167],
            "transform": [
                [0.004613, -0.952228, -0.305355, -0.0, 0.000524, -0.305355, 0.952238, 0.4, -0.999989, -0.004553, -0.00091, -0.0, 0.0, 0.0, 0.0, 1.0],
                [0.004613, -0.952228, -0.305355, -0.0, 0.000524, -0.305355, 0.952238, 0.4, -0.999989, -0.004553, -0.00091, -0.0, 0.0, 0.0, 0.0, 1.0]
            ]
        },
        {
            "name": "Arm_L",
            "time": [0.0, 1.2167, 2.4167],
            "transform": [
                [-0.798698, -0.121067, -0.589428, 0.0, 0.462324, 0.50351, -0.729887, 0.39386, 0.385148, -0.855465, -0.34618, -0.0, 0.0, 0.0, 0.0, 1.0],
                [-0.788587, -0.149746, -0.596412, 0.0, 0.457451, 0.505297, -0.73172, 0.39386, 0.410938, -0.849853, -0.329969, -0.0, 0.0, 0.0, 0.0, 1.0],
                [-0.798698, -0.121067, -0.589428, 0.0, 0.462324, 0.50351, -0.729887, 0.39386, 0.385148, -0.855465, -0.34618, -0.0, 0.0, 0.0, 0.0, 1.0]
            ]
        },
        {
            "name": "Hand_L",
            "time": [0.0, 2.4167],
            "transform": [
                [1.0, 0.0, 0.0, -0.0, -0.0, 0.474033, -0.880507, 0.3, -0.0, 0.880507, 0.474033, -0.0, 0.0, 0.0, 0.0, 1.0],
                [1.0, 0.0, 0.0, -0.0, -0.0, 0.474033, -0.880507, 0.3, -0.0, 0.880507, 0.474033, -0.0, 0.0, 0.0, 0.0, 1.0]
            ]
        },
        {
            "name": "Tool_L",
            "time": [0.0, 2.4167],
            "transform": [
                [1.0, 0.0, 0.0, 0.0, -0.0, -0.999836, 0.018122, 0.272858, 0.0, -0.018122, -0.999247, -0.0, 0.0, 0.0, 0.0, 1.0],
                [1.0, 0.0, 0.0, 0.0, -0.0, -0.999836, 0.018122, 0.272858, 0.0, -0.018122, -0.999247, -0.0, 0.0, 0.0, 0.0, 1.0]
            ]
        },
        {
            "name": "Elbow_L",
            "time": [0.0, 2.4167],
            "transform": [
                [-1.0, 0.0, -0.0, -0.0, -0.0, -0.0, -1.0, 0.3, -0.0, -1.0, 0.0, -0.0, 0.0, 0.0, 0.0, 1.0],
                [-1.0, 0.0, -0.0, -0.0, -0.0, -0.0, -1.0, 0.3, -0.0, -1.0, 0.0, -0.0, 0.0, 0.0, 0.0, 1.0]
            ]
        }
    ]
}