{
    "animation": [
        {
            "name": "Root",
            "time": [0.0, 0.25, 0.4167, 0.6667, 0.7167, 0.7667, 0.85, 1.0333, 1.4167, 1.7833],
            "transform": [
                [0.879679, 0.0, -0.475568, -5e-06, -0.475568, 0.0, -0.879679, 0.000946, 0.0, 1.0, 0.0, 0.74484, 0.0, 0.0, 0.0, 1.0],
                [0.896091, 0.040902, 0.441981, -0.073688, 0.437437, -0.25029, -0.863715, 0.503602, 0.075296, 0.967306, -0.242175, 0.764633, 0.0, 0.0, 0.0, 1.0],
                [0.772389, 0.053074, 0.632929, -0.074774, 0.609011, -0.344823, -0.714285, 0.617681, 0.180338, 0.937166, -0.29866, 0.77319, 0.0, 0.0, 0.0, 1.0],
                [0.151889, 0.201163, -0.96771, -0.056117, -0.421549, -0.872373, -0.24751, 4.146366, -0.893995, 0.445531, -0.047704, 0.305025, 0.0, 0.0, 0.0, 1.0],
                [0.139983, 0.193693, -0.971024, -0.056117, -0.432636, -0.870148, -0.23594, 4.607695, -0.890635, 0.453128, -0.038007, 0.455095, 0.0, 0.0, 0.0, 1.0],
                [0.134378, 0.19416, -0.971722, -0.056117, -0.444556, -0.864584, -0.23423, 4.943662, -0.885614, 0.463461, -0.029866, 0.247101, 0.0, 0.0, 0.0, 1.0],
                [0.133754, 0.201913, -0.970227, -0.056117, -0.473385, -0.84709, -0.241547, 5.40477, -0.870641, 0.491599, -0.017719, 0.436839, 0.0, 0.0, 0.0, 1.0],
                [0.151889, 0.201163, -0.96771, -0.056117, -0.575439, -0.778035, -0.252054, 6.165302, -0.803616, 0.595143, -0.002418, 0.536078, 0.0, 0.0, 0.0, 1.0],
                [0.167105, 0.05395, -0.984462, -0.05481, -0.880388, -0.44133, -0.173625, 6.690091, -0.44384, 0.895722, -0.026251, 0.443909, 0.0, 0.0, 0.0, 1.0],
                [0.167105, 0.05395, -0.984462, -0.05481, -0.985939, 0.008048, -0.166914, 6.802469, -0.001082, 0.998511, 0.054537, 0.72606, 0.0, 0.0, 0.0, 1.0]
            ]
        },
        {
            "name": "Thigh_R",
            "time": [0.0, 0.25, 0.4167, 0.5333, 0.6667, 1.0333, 1.3, 1.4167, 1.5167, 1.7833],
            "transform": [
                [0.882447, 0.17581, 0.436322, 0.124994, 0.070992, -0.966681, 0.245934, -0.002831, 0.465022, -0.186047, -0.865529, -1.2e-05, 0.0, 0.0, 0.0, 1.0],
                [0.987703, 0.13367, 0.081082, 0.124994, -0.036414, -0.307666, 0.950797, -0.002831, 0.152039, -0.942056, -0.299017, -1.2e-05, 0.0, 0.0, 0.0, 1.0],
                [0.987703, 0.13367, 0.081082, 0.124994, -0.036413, -0.307666, 0.950797, -0.002831, 0.15204, -0.942056, -0.299017, -1.2e-05, 0.0, 0.0, 0.0, 1.0],
                [0.761924, 0.628613, 0.155936, 0.124994, 0.645694, -0.756031, -0.107207, -0.002831, 0.0505, 0.182371, -0.981932, -1.2e-05, 0.0, 0.0, 0.0, 1.0],
                [0.981142, 0.136801, 0.136545, 0.124994, 0.005227, -0.724961, 0.688768, -0.00283, 0.193214, -0.675065, -0.712008, -1.2e-05, 0.0, 0.0, 0.0, 1.0],
                [0.617864, 0.76852, -0.166191, 0.124994, 0.6322, -0.359887, 0.686152, -0.00283, 0.467511, -0.529013, -0.708221, -1.2e-05, 0.0, 0.0, 0.0, 1.0],
                [0.660728, 0.744653, -0.094494, 0.124994, 0.716801, -0.58857, 0.373871, -0.00283, 0.222787, -0.314759, -0.922655, -1.2e-05, 0.0, 0.0, 0.0, 1.0],
                [0.700238, 0.664184, -0.26177, 0.124994, 0.712436, -0.626581, 0.315957, -0.002831, 0.045834, -0.407739, -0.911947, -1.2e-05, 0.0, 0.0, 0.0, 1.0],
                [0.881894, 0.463379, -0.086838, 0.124994, 0.413435, -0.671619, 0.614815, -0.002831, 0.22657, -0.578102, -0.783877, -1.2e-05, 0.0, 0.0, 0.0, 1.0],
                [0.882447, 0.17581, 0.436322, 0.124994, 0.070992, -0.966681, 0.245934, -0.002831, 0.465022, -0.186047, -0.865529, -1.2e-05, 0.0, 0.0, 0.0, 1.0]
            ]
        },
        {
            "name": "Leg_R",
            "time": [0.0, 0.25, 0.4167, 0.5333, 0.6667, 1.4167, 1.7833],
            "transform": [
                [1.0, 0.0, 1e-06, 0.0, -0.0, 0.984472, 0.175547, 0.37472, -1e-06, -0.175547, 0.98447, -0.0, 0.0, 0.0, 0.0, 1.0],
                [0.994226, -0.078884, 0.07274, 0.0, -0.09346, -0.303571, 0.948214, 0.37472, -0.052717, -0.949539, -0.309191, 0.0, 0.0, 0.0, 0.0, 1.0],
                [0.994227, -0.078884, 0.07274, -0.0, -0.09346, -0.303571, 0.948214, 0.37472, -0.052717, -0.949539, -0.309191, -0.0, 0.0, 0.0, 0.0, 1.0],
                [0.998327, -0.031978, 0.048183, 0.0, -0.051084, -0.097168, 0.993955, 0.37472, -0.027103, -0.994755, -0.098639, 0.0, 0.0, 0.0, 0.0, 1.0],
                [0.999975, -0.005417, 0.004496, -0.0, -0.006304, -0.404617, 0.914464, 0.37472, -0.003135, -0.914471, -0.404641, -0.0, 0.0, 0.0, 0.0, 1.0],
                [1.0, -1e-06, 1e-06, -1e-06, -1e-06, -0.411293, 0.911503, 0.37472, -1e-06, -0.911504, -0.411292, 0.0, 0.0, 0.0, 0.0, 1.0],
                [1.0, 0.0, 1e-06, 1e-06, -0.0, 0.984472, 0.175547, 0.37472, -1e-06, -0.175547, 0.98447, -0.0, 0.0, 0.0, 0.0, 1.0]
            ]
        },
        {
            "name": "Knee_R",
            "time": [0.0, 0.25, 0.4167, 0.6667, 1.0333, 1.4167, 1.7833],
            "transform": [
                [1.0, 0.0, -0.0, 0.0, -0.0, 1e-06, -1.0, 0.383077, -0.0, 1.0, 1e-06, -0.001653, 0.0, 0.0, 0.0, 1.0],
                [1.0, 0.0, -0.0, 0.0, -0.0, 0.654837, -0.75577, 0.383077, -0.0, 0.75577, 0.654837, -0.001653, 0.0, 0.0, 0.0, 1.0],
                [1.0, 0.0, -0.0, -0.0, -0.0, 0.654837, -0.75577, 0.383077, -0.0, 0.75577, 0.654837, -0.001653, 0.0, 0.0, 0.0, 1.0],
                [1.0, 0.0, -0.0, -0.0, -0.0, 0.731044, -0.68233, 0.383077, -0.0, 0.68233, 0.731044, -0.001653, 0.0, 0.0, 0.0, 1.0],
                [1.0, 0.0, -0.0, -0.0, -0.0, 0.731044, -0.68233, 0.383077, -0.0, 0.68233, 0.731044, -0.001653, 0.0, 0.0, 0.0, 1.0],
                [1.0, 0.0, -0.0, -1e-06, -0.0, 0.736085, -0.676889, 0.383077, -0.0, 0.676889, 0.736085, -0.001653, 0.0, 0.0, 0.0, 1.0],
                [1.0, 0.0, -0.0, 1e-06, -0.0, 1e-06, -1.0, 0.383077, -0.0, 1.0, 1e-06, -0.001654, 0.0, 0.0, 0.0, 1.0]
            ]
        },
        {
            "name": "Thigh_L",
            "time": [0.0, 0.25, 0.4167, 0.5333, 0.6667, 1.0333, 1.4167, 1.7833],
            "transform": [
                [0.950598, -0.208511, -0.22997, -0.125006, -0.120478, -0.930568, 0.345728, -0.002831, -0.286091, -0.300941, -0.909717, -1.2e-05, 0.0, 0.0, 0.0, 1.0],
                [0.986643, -0.156524, -0.045111, -0.125006, -0.158958, -0.864631, -0.476598, -0.002831, 0.035595, 0.477404, -0.877962, -1.2e-05, 0.0, 0.0, 0.0, 1.0],
                [0.986643, -0.156524, -0.045111, -0.125006, -0.158958, -0.864631, -0.476598, -0.002831, 0.035595, 0.477404, -0.877963, -1.2e-05, 0.0, 0.0, 0.0, 1.0],
                [0.954008, 0.284402, 0.094782, -0.125006, 0.258509, -0.940561, 0.220269, -0.002831, 0.151793, -0.185636, -0.970823, -1.2e-05, 0.0, 0.0, 0.0, 1.0],
                [0.975398, 0.068815, -0.20943, -0.125006, 0.1436, -0.919156, 0.366785, -0.00283, -0.167259, -0.387836, -0.906426, -1.2e-05, 0.0, 0.0, 0.0, 1.0],
                [0.931942, 0.235647, -0.275595, -0.125006, 0.326077, -0.877085, 0.352698, -0.00283, -0.158608, -0.41856, -0.894232, -1.2e-05, 0.0, 0.0, 0.0, 1.0],
                [0.839878, -0.126256, -0.527885, -0.125006, 0.386843, -0.542972, 0.745341, -0.002831, -0.380731, -0.830205, -0.40719, -1.2e-05, 0.0, 0.0, 0.0, 1.0],
                [0.950598, -0.208511, -0.22997, -0.125006, -0.120478, -0.930568, 0.345728, -0.002831, -0.286091, -0.300941, -0.909717, -1.2e-05, 0.0, 0.0, 0.0, 1.0]
            ]
        },
        {
            "name": "Leg_L",
            "time": [0.0, 0.25, 0.4167, 0.6667, 1.0333, 1.4167, 1.7833],
            "transform": [
                [1.0, -0.0, 1e-06, 0.0, -0.0, 0.947813, 0.318825, 0.37472, -1e-06, -0.318825, 0.947814, -0.0, 0.0, 0.0, 0.0, 1.0],
                [1.0, 0.0, 1e-06, 0.0, -0.0, 0.998129, 0.061139, 0.37472, -1e-06, -0.061139, 0.99813, -0.0, 0.0, 0.0, 0.0, 1.0],
                [1.0, 0.0, 1e-06, -0.0, -0.0, 0.998129, 0.061139, 0.37472, -1e-06, -0.061139, 0.99813, -0.0, 0.0, 0.0, 0.0, 1.0],
                [1.0, 0.0, 1e-06, -0.0, -0.0, 0.998491, 0.054918, 0.37472, -1e-06, -0.054918, 0.998491, 0.0, 0.0, 0.0, 0.0, 1.0],
                [1.0, 0.0, 1e-06, -1e-06, -0.0, 0.998491, 0.054918, 0.374721, -1e-06, -0.054918, 0.998491, -0.0, 0.0, 0.0, 0.0, 1.0],
                [1.0, -1e-06, 1e-06, -0.0, -0.0, 0.258553, 0.965997, 0.37472, -1e-06, -0.965997, 0.258553, -0.0, 0.0, 0.0, 0.0, 1.0],
                [1.0, -0.0, 1e-06, -0.0, -0.0, 0.947813, 0.318825, 0.37472, -1e-06, -0.318825, 0.947814, 0.0, 0.0, 0.0, 0.0, 1.0]
            ]
        },
        {
            "name": "Knee_L",
            "time": [0.0, 0.25, 0.4167, 0.6667, 1.0333, 1.4167, 1.7833],
            "transform": [
                [1.0, 0.0, -0.0, 0.0, -0.0, 1e-06, -1.0, 0.37472, -0.0, 1.0, 1e-06, -0.0, 0.0, 0.0, 0.0, 1.0],
                [1.0, 0.0, -0.0, 0.0, -0.0, 1e-06, -1.0, 0.37472, -0.0, 1.0, 1e-06, -0.0, 0.0, 0.0, 0.0, 1.0],
                [1.0, -0.0, -0.0, -0.0, -0.0, 1e-06, -1.0, 0.37472, -0.0, 1.0, 1e-06, -0.0, 0.0, 0.0, 0.0, 1.0],
                [1.0, 0.0, -0.0, -0.0, -0.0, 1e-06, -1.0, 0.37472, -0.0, 1.0, 1e-06, 0.0, 0.0, 0.0, 0.0, 1.0],
                [1.0, 0.0, -0.0, -1e-06, -0.0, 1e-06, -1.0, 0.374721, -0.0, 1.0, 1e-06, -0.0, 0.0, 0.0, 0.0, 1.0],
                [1.0, 0.0, -0.0, -0.0, -0.0, 1e-06, -1.0, 0.37472, -0.0, 1.0, 1e-06, -0.0, 0.0, 0.0, 0.0, 1.0],
                [1.0, 0.0, -0.0, -0.0, -0.0, 1e-06, -1.0, 0.37472, -0.0, 1.0, 1e-06, 0.0, 0.0, 0.0, 0.0, 1.0]
            ]
        },
        {
            "name": "Torso",
            "time": [0.0, 0.25, 0.4167, 0.5333, 0.6667, 1.0333, 1.4167, 1.7833],
            "transform": [
                [0.996512, 0.0, 0.083446, -0.0, 0.0, 1.0, 0.0, 0.05, -0.083446, 0.0, 0.996512, 0.0, 0.0, 0.0, 0.0, 1.0],
                [0.906361, 0.105373, 0.409152, -0.0, -0.115482, 0.99331, 0.0, 0.05, -0.406415, -0.04725, 0.912466, -0.0, 0.0, 0.0, 0.0, 1.0],
                [0.906361, 0.105373, 0.409152, -0.0, -0.115482, 0.99331, -0.0, 0.05, -0.406415, -0.04725, 0.912466, -0.0, 0.0, 0.0, 0.0, 1.0],
                [0.990956, -0.00338, 0.134142, 0.0, -0.037899, 0.95193, 0.303962, 0.05, -0.128721, -0.306297, 0.943193, -0.0, 0.0, 0.0, 0.0, 1.0],
                [0.985677, -0.045503, -0.162388, 0.0, 0.023715, 0.990743, -0.133664, 0.05, 0.166966, 0.127899, 0.977632, -0.0, 0.0, 0.0, 0.0, 1.0],
                [0.985677, -0.045502, -0.162388, -0.0, 0.023716, 0.990743, -0.133664, 0.05, 0.166966, 0.127899, 0.977632, 0.0, 0.0, 0.0, 0.0, 1.0],
                [0.888442, -0.34794, -0.299348, -0.0, 0.349307, 0.935631, -0.050792, 0.05, 0.297752, -0.059439, 0.952791, -0.0, 0.0, 0.0, 0.0, 1.0],
                [0.996512, -0.0, 0.083446, 0.0, 0.0, 1.0, 0.0, 0.05, -0.083446, -0.0, 0.996512, 0.0, 0.0, 0.0, 0.0, 1.0]
            ]
        },
        {
            "name": "Chest",
            "time": [0.0, 0.25, 0.4167, 0.5333, 0.6667, 1.0333, 1.4167, 1.7833],
            "transform": [
                [0.999232, 0.004476, 0.038924, -0.0, -0.006676, 0.998376, 0.056579, 0.3, -0.038608, -0.056795, 0.997639, -0.0, 0.0, 0.0, 0.0, 1.0],
                [0.806898, 0.004476, 0.590674, 0.0, -0.037154, 0.998376, 0.043189, 0.3, -0.589522, -0.056795, 0.805753, -0.0, 0.0, 0.0, 0.0, 1.0],
                [0.806898, 0.004476, 0.590674, 0.0, -0.037154, 0.998376, 0.043189, 0.3, -0.589522, -0.056796, 0.805754, 0.0, 0.0, 0.0, 0.0, 1.0],
                [0.986185, -0.143886, -0.082077, 0.0, 0.164461, 0.791207, 0.58902, 0.3, -0.019812, -0.594381, 0.80394, 0.0, 0.0, 0.0, 0.0, 1.0],
                [0.763314, -0.297343, -0.573532, 0.0, 0.339128, 0.940051, -0.036017, 0.3, 0.549858, -0.167008, 0.818391, -0.0, 0.0, 0.0, 0.0, 1.0],
                [0.763314, -0.297343, -0.573532, 0.0, 0.339128, 0.940051, -0.036017, 0.3, 0.549858, -0.167008, 0.818391, 0.0, 0.0, 0.0, 0.0, 1.0],
                [0.888577, 0.340402, -0.307503, -0.0, -0.072631, 0.766282, 0.638385, 0.3, 0.452942, -0.54492, 0.705625, 0.0, 0.0, 0.0, 0.0, 1.0],
                [0.999232, 0.004476, 0.038924, 0.0, -0.006676, 0.998376, 0.056579, 0.3, -0.038608, -0.056796, 0.997639, -0.0, 0.0, 0.0, 0.0, 1.0]
            ]
        },
        {
            "name": "Head",
            "time": [0.0, 0.25, 0.4167, 0.6667, 1.0333, 1.4167, 1.7833],
            "transform": [
                [0.89317, -0.0, 0.44972, -0.0, 0.01104, 0.999699, -0.021925, 0.4, -0.449585, 0.024548, 0.8929, -0.0, 0.0, 0.0, 0.0, 1.0],
                [0.508061, 0.0, -0.861321, 0.0, -0.021144, 0.999699, -0.012472, 0.4, 0.861062, 0.024548, 0.507907, -0.0, 0.0, 0.0, 0.0, 1.0],
                [0.294696, 0.0, -0.955591, -0.0, -0.023458, 0.999699, -0.007234, 0.4, 0.955303, 0.024548, 0.294607, -0.0, 0.0, 0.0, 0.0, 1.0],
                [0.621915, 0.0, 0.783085, -0.0, 0.019223, 0.999699, -0.015267, 0.4, -0.782849, 0.024548, 0.621727, 0.0, 0.0, 0.0, 0.0, 1.0],
                [0.621915, 0.0, 0.783085, 0.0, 0.019223, 0.999699, -0.015267, 0.4, -0.782849, 0.024548, 0.621727, -0.0, 0.0, 0.0, 0.0, 1.0],
                [0.984918, 0.0, -0.173022, -0.0, -0.004247, 0.999699, -0.024178, 0.4, 0.17297, 0.024548, 0.984621, -0.0, 0.0, 0.0, 0.0, 1.0],
                [0.89317, -0.0, 0.44972, -0.0, 0.01104, 0.999699, -0.021925, 0.4, -0.449584, 0.024548, 0.8929, -0.0, 0.0, 0.0, 0.0, 1.0]
            ]
        },
        {
            "name": "Shoulder_R",
            "time": [0.0, 0.25, 0.4167, 0.6667, 1.0333, 1.4167, 1.7833],
            "transform": [
                [-0.004613, 0.951979, 0.306128, -0.0, 0.000526, -0.306129, 0.95199, 0.4, 0.999989, 0.004553, 0.000911, -0.0, 0.0, 0.0, 0.0, 1.0],
                [0.40892, 0.859692, 0.306128, 0.0, -0.132359, -0.276036, 0.95199, 0.4, 0.90292, -0.429807, 0.000911, -0.0, 0.0, 0.0, 0.0, 1.0],
                [0.40892, 0.859692, 0.306128, -0.0, -0.132359, -0.276036, 0.95199, 0.4, 0.90292, -0.429807, 0.000911, -0.0, 0.0, 0.0, 0.0, 1.0],
                [-0.186286, 0.933586, 0.306128, -0.0, 0.058964, -0.300397, 0.95199, 0.4, 0.980725, 0.195393, 0.000911, 0.0, 0.0, 0.0, 0.0, 1.0],
                [-0.186286, 0.933586, 0.306128, 0.0, 0.058964, -0.300397, 0.95199, 0.4, 0.980724, 0.195393, 0.000911, -0.0, 0.0, 0.0, 0.0, 1.0],
                [-0.227316, 0.924453, 0.306128, -0.0, 0.072167, -0.297501, 0.95199, 0.4, 0.971143, 0.238495, 0.000911, -0.0, 0.0, 0.0, 0.0, 1.0],
                [-0.004613, 0.951979, 0.306128, -0.0, 0.000526, -0.306129, 0.95199, 0.4, 0.999989, 0.004553, 0.000911, -0.0, 0.0, 0.0, 0.0, 1.0]
            ]
        },
        {
            "name": "Arm_R",
            "time": [0.0, 0.25, 0.4167, 0.6667, 1.0333, 1.4167, 1.5167, 1.7833],
            "transform": [
                [-0.025608, -0.970091, 0.241385, -0.0, 0.772047, -0.172584, -0.611685, 0.393861, 0.63505, 0.170696, 0.753375, -0.0, 0.0, 0.0, 0.0, 1.0],
                [-0.149137, -0.842524, -0.517601, -0.0, 0.028919, 0.519515, -0.853972, 0.393861, 0.988393, -0.142327, -0.053114, -0.0, 0.0, 0.0, 0.0, 1.0],
                [-0.149137, -0.888035, -0.434916, 0.0, 0.028919, 0.435729, -0.899613, 0.393861, 0.988394, -0.146743, -0.039302, -0.0, 0.0, 0.0, 0.0, 1.0],
                [0.325226, 0.346342, -0.879929, -0.0, -0.726433, 0.687235, 0.002004, 0.39386, 0.605412, 0.638558, 0.475101, -0.0, 0.0, 0.0, 0.0, 1.0],
                [0.405168, 0.053229, -0.912691, -0.0, 0.071034, 0.993453, 0.089473, 0.39386, 0.911479, -0.101083, 0.398734, -0.0, 0.0, 0.0, 0.0, 1.0],
                [0.161375, 0.602813, -0.781392, -0.0, -0.166085, 0.797066, 0.580604, 0.393861, 0.972817, 0.036082, 0.228745, 1e-06, 0.0, 0.0, 0.0, 1.0],
                [0.357202, 0.228483, -0.90565, 0.0, 0.093629, 0.955976, 0.278108, 0.39386, 0.929322, -0.184136, 0.320084, 0.0, 0.0, 0.0, 0.0, 1.0],
                [-0.025608, -0.970091, 0.241385, -0.0, 0.772047, -0.172584, -0.611685, 0.39386, 0.63505, 0.170696, 0.753375, 0.0, 0.0, 0.0, 0.0, 1.0]
            ]
        },
        {
            "name": "Hand_R",
            "time": [0.0, 0.25, 0.4167, 0.6667, 1.0333, 1.4167, 1.7833],
            "transform": [
                [1.0, -0.0, 0.0, -0.0, 0.0, -0.293998, -0.955806, 0.3, 0.0, 0.955806, -0.293998, 0.0, 0.0, 0.0, 0.0, 1.0],
                [1.0, -0.0, -0.0, -0.0, 0.0, 0.693497, -0.72046, 0.3, 0.0, 0.72046, 0.693497, -0.0, 0.0, 0.0, 0.0, 1.0],
                [1.0, -0.0, -0.0, 0.0, 0.0, 0.786643, -0.617408, 0.3, 0.0, 0.617408, 0.786643, -0.0, 0.0, 0.0, 0.0, 1.0],
                [1.0, -0.0, -0.0, -0.0, 0.0, 0.999221, -0.039469, 0.3, 0.0, 0.039469, 0.999221, 0.0, 0.0, 0.0, 0.0, 1.0],
                [1.0, -0.0, -0.0, -0.0, 0.0, 0.999221, -0.039469, 0.300001, 0.0, 0.039469, 0.999221, 0.0, 0.0, 0.0, 0.0, 1.0],
                [1.0, -0.0, -0.0, -0.0, -0.0, 0.866087, -0.499894, 0.3, 0.0, 0.499894, 0.866087, 1e-06, 0.0, 0.0, 0.0, 1.0],
                [1.0, -0.0, 0.0, -0.0, 0.0, -0.293998, -0.955806, 0.3, 0.0, 0.955806, -0.293998, 0.0, 0.0, 0.0, 0.0, 1.0]
            ]
        },
        {
            "name": "Tool_R",
            "time": [0.0, 0.25, 0.4167, 0.6667, 1.0333, 1.4167, 1.7833],
            "transform": [
                [0.855655, -0.306148, -0.398828, -0.0, -0.338409, -0.914583, 0.01597, 0.272858, -0.391351, 0.121341, -0.884773, 0.0, 0.0, 0.0, 0.0, 1.0],
                [0.999954, -0.007513, 0.00563, -0.0, -0.007087, -0.966826, -0.100555, 0.272858, 0.006562, 0.10054, -0.965311, 0.0, 0.0, 0.0, 0.0, 1.0],
                [0.999954, -0.007513, 0.00563, -0.0, -0.007087, -0.966826, -0.100555, 0.272858, 0.006562, 0.10054, -0.965311, 0.0, 0.0, 0.0, 0.0, 1.0],
                [0.997948, -0.006599, -0.061831, -0.0, -0.032438, -0.885488, -0.399416, 0.272858, -0.055174, 0.40075, -0.882496, 0.0, 0.0, 0.0, 0.0, 1.0],
                [0.997949, -0.035261, -0.05123, 0.0, -0.032419, -0.969029, 0.07009, 0.272858, -0.055174, -0.068323, -0.966657, -0.0, 0.0, 0.0, 0.0, 1.0],
                [0.997647, -0.037566, -0.055009, -1e-06, -0.033778, -0.968043, 0.082062, 0.272858, -0.059641, -0.080052, -0.965507, 0.0, 0.0, 0.0, 0.0, 1.0],
                [0.855655, -0.306148, -0.398828, -0.0, -0.338409, -0.914583, 0.01597, 0.272858, -0.391351, 0.121341, -0.884773, -0.0, 0.0, 0.0, 0.0, 1.0]
            ]
        },
        {
            "name": "Elbow_R",
            "time": [0.0, 0.25, 0.4167, 0.6667, 1.0333, 1.4167, 1.7833],
            "transform": [
                [-1.0, 0.0, 0.0, -0.0, 0.0, 0.735098, -0.677961, 0.3, -0.0, -0.677961, -0.735098, 0.0, 0.0, 0.0, 0.0, 1.0],
                [-1.0, 0.0, 0.0, -0.0, 0.0, 0.735098, -0.677961, 0.3, -0.0, -0.677961, -0.735098, -0.0, 0.0, 0.0, 0.0, 1.0],
                [-1.0, 0.0, 0.0, 0.0, 0.0, 0.735098, -0.677961, 0.3, -0.0, -0.677961, -0.735098, -0.0, 0.0, 0.0, 0.0, 1.0],
                [-1.0, 0.0, 0.0, -0.0, 0.0, 0.607942, -0.793982, 0.3, -0.0, -0.793982, -0.607942, 0.0, 0.0, 0.0, 0.0, 1.0],
                [-1.0, 0.0, 0.0, -0.0, 0.0, 0.607942, -0.793982, 0.300001, -0.0, -0.793982, -0.607942, 0.0, 0.0, 0.0, 0.0, 1.0],
                [-1.0, 0.0, 0.0, -0.0, 0.0, 0.598319, -0.801258, 0.3, -0.0, -0.801258, -0.598319, 1e-06, 0.0, 0.0, 0.0, 1.0],
                [-1.0, 0.0, 0.0, -0.0, 0.0, 0.735098, -0.677961, 0.3, -0.0, -0.677961, -0.735098, 0.0, 0.0, 0.0, 0.0, 1.0]
            ]
        },
        {
            "name": "Shoulder_L",
            "time": [0.0, 0.25, 0.4167, 0.6667, 1.0333, 1.4167, 1.7833],
            "transform": [
                [0.004613, -0.952228, -0.305355, -0.0, 0.000524, -0.305355, 0.952238, 0.4, -0.999989, -0.004553, -0.00091, -0.0, 0.0, 0.0, 0.0, 1.0],
                [0.414473, -0.857304, -0.305355, 0.0, 0.132049, -0.275328, 0.952238, 0.4, -0.90043, -0.434999, -0.00091, -0.0, 0.0, 0.0, 0.0, 1.0],
                [0.414473, -0.857304, -0.305355, -0.0, 0.132049, -0.275328, 0.952238, 0.4, -0.900431, -0.434999, -0.00091, -0.0, 0.0, 0.0, 0.0, 1.0],
                [0.032204, -0.951694, -0.305355, -0.0, 0.009372, -0.305212, 0.952238, 0.4, -0.999437, -0.033527, -0.00091, 0.0, 0.0, 0.0, 0.0, 1.0],
                [0.032203, -0.951694, -0.305355, 0.0, 0.009372, -0.305212, 0.952238, 0.4, -0.999437, -0.033527, -0.00091, -0.0, 0.0, 0.0, 0.0, 1.0],
                [-0.104556, -0.946481, -0.305355, -0.0, -0.034477, -0.303403, 0.952238, 0.4, -0.993921, 0.11009, -0.00091, -0.0, 0.0, 0.0, 0.0, 1.0],
                [0.004613, -0.952227, -0.305355, -0.0, 0.000524, -0.305355, 0.952238, 0.4, -0.999989, -0.004553, -0.00091, -0.0, 0.0, 0.0, 0.0, 1.0]
            ]
        },
        {
            "name": "Arm_L",
            "time": [0.0, 0.1167, 0.25, 0.4167, 0.6667, 1.0333, 1.4167, 1.5167, 1.7833],
            "transform": [
                [-0.798698, -0.121067, -0.589428, 0.0, 0.462324, 0.50351, -0.729887, 0.39386, 0.385148, -0.855465, -0.34618, -0.0, 0.0, 0.0, 0.0, 1.0],
                [-0.610669, 0.676826, 0.411083, 0.0, 0.522749, 0.734486, -0.432741, 0.39386, -0.594825, -0.049368, -0.802338, 0.0, 0.0, 0.0, 0.0, 1.0],
                [-0.634055, 0.766272, 0.103929, 0.0, 0.335484, 0.393676, -0.855845, 0.39386, -0.696724, -0.507786, -0.506684, 0.0, 0.0, 0.0, 0.0, 1.0],
                [-0.634055, 0.770543, 0.065097, 0.0, 0.335484, 0.34995, -0.874635, 0.39386, -0.696724, -0.532728, -0.480392, -0.0, 0.0, 0.0, 0.0, 1.0],
                [0.325359, -0.217357, 0.92027, -0.0, -0.22858, 0.926281, 0.299591, 0.39386, -0.917547, -0.30783, 0.251691, -0.0, 0.0, 0.0, 0.0, 1.0],
                [0.325359, -0.217357, 0.92027, 0.0, -0.22858, 0.926281, 0.299591, 0.39386, -0.917547, -0.30783, 0.251691, -0.0, 0.0, 0.0, 0.0, 1.0],
                [-0.27753, -0.666911, 0.691525, 0.0, -0.652234, 0.659292, 0.374065, 0.39386, -0.705385, -0.347222, -0.617956, 0.0, 0.0, 0.0, 0.0, 1.0],
                [-0.942371, -0.333638, -0.024943, -0.0, -0.330722, 0.940215, -0.081351, 0.393861, 0.050594, -0.068414, -0.996373, 0.0, 0.0, 0.0, 0.0, 1.0],
                [-0.798698, -0.121067, -0.589428, 0.0, 0.462324, 0.50351, -0.729887, 0.393861, 0.385148, -0.855465, -0.34618, 0.0, 0.0, 0.0, 0.0, 1.0]
            ]
        },
        {
            "name": "Hand_L",
            "time": [0.0, 0.25, 0.4167, 0.6667, 1.0333, 1.4167, 1.7833],
            "transform": [
                [1.0, 0.0, 0.0, -0.0, -0.0, 0.474033, -0.880507, 0.3, -0.0, 0.880507, 0.474033, -0.0, 0.0, 0.0, 0.0, 1.0],
                [1.0, 0.0, 0.0, 0.0, -0.0, 0.474033, -0.880507, 0.3, -0.0, 0.880507, 0.474033, 0.0, 0.0, 0.0, 0.0, 1.0],
                [1.0, 0.0, 0.0, -0.0, -0.0, 0.474033, -0.880507, 0.3, -0.0, 0.880507, 0.474033, -0.0, 0.0, 0.0, 0.0, 1.0],
                [1.0, 0.0, 0.0, 0.0, -0.0, 0.474033, -0.880507, 0.3, -0.0, 0.880507, 0.474033, -0.0, 0.0, 0.0, 0.0, 1.0],
                [1.0, 0.0, 0.0, 0.0, -0.0, 0.474033, -0.880507, 0.3, -0.0, 0.880507, 0.474033, -0.0, 0.0, 0.0, 0.0, 1.0],
                [1.0, 0.0, 0.0, 0.0, -0.0, 0.474033, -0.880508, 0.3, -0.0, 0.880507, 0.474033, -0.0, 0.0, 0.0, 0.0, 1.0],
                [1.0, 0.0, 0.0, 0.0, -0.0, 0.474033, -0.880507, 0.3, -0.0, 0.880507, 0.474033, 0.0, 0.0, 0.0, 0.0, 1.0]
            ]
        },
        {
            "name": "Tool_L",
            "time": [0.0, 0.25, 0.4167, 0.6667, 1.0333, 1.4167, 1.7833],
            "transform": [
                [1.0, 0.0, 0.0, 0.0, -0.0, -0.999836, 0.018122, 0.272858, 0.0, -0.018122, -0.999247, -0.0, 0.0, 0.0, 0.0, 1.0],
                [1.0, 0.0, 0.0, 0.0, -0.0, -0.999836, 0.018122, 0.272858, 0.0, -0.018122, -0.999247, 0.0, 0.0, 0.0, 0.0, 1.0],
                [1.0, 0.0, 0.0, 0.0, 0.0, -0.999836, 0.018122, 0.272858, 0.0, -0.018122, -0.999247, -0.0, 0.0, 0.0, 0.0, 1.0],
                [1.0, 0.0, 0.0, 0.0, 0.0, -0.999836, 0.018122, 0.272858, 0.0, -0.018122, -0.999247, -0.0, 0.0, 0.0, 0.0, 1.0],
                [1.0, 0.0, 0.0, 0.0, 0.0, -0.999836, 0.018122, 0.272858, 0.0, -0.018122, -0.999247, 1e-06, 0.0, 0.0, 0.0, 1.0],
                [1.0, 0.0, 0.0, -0.0, -0.0, -0.999836, 0.018122, 0.272858, 0.0, -0.018122, -0.999247, -1e-06, 0.0, 0.0, 0.0, 1.0],
                [1.0, 0.0, 0.0, 0.0, 0.0, -0.999836, 0.018122, 0.272857, 0.0, -0.018122, -0.999247, 0.0, 0.0, 0.0, 0.0, 1.0]
            ]
        },
        {
            "name": "Elbow_L",
            "time": [0.0, 0.25, 0.4167, 0.6667, 1.0333, 1.4167, 1.7833],
            "transform": [
                [-1.0, 0.0, -0.0, -0.0, -0.0, -0.0, -1.0, 0.3, -0.0, -1.0, 0.0, -0.0, 0.0, 0.0, 0.0, 1.0],
                [-1.0, 0.0, -0.0, 0.0, 0.0, -0.0, -1.0, 0.3, -0.0, -1.0, 0.0, 0.0, 0.0, 0.0, 0.0, 1.0],
                [-1.0, 0.0, -0.0, -0.0, 0.0, -0.0, -1.0, 0.3, -0.0, -1.0, -0.0, -0.0, 0.0, 0.0, 0.0, 1.0],
                [-1.0, 0.0, -0.0, 0.0, 0.0, -0.0, -1.0, 0.3, -0.0, -1.0, -0.0, -0.0, 0.0, 0.0, 0.0, 1.0],
                [-1.0, 0.0, -0.0, 0.0, 0.0, -0.0, -1.0, 0.3, -0.0, -1.0, -0.0, -0.0, 0.0, 0.0, 0.0, 1.0],
                [-1.0, 0.0, -0.0, 0.0, 0.0, -0.0, -1.0, 0.3, -0.0, -1.0, 0.0, -0.0, 0.0, 0.0, 0.0, 1.0],
                [-1.0, 0.0, -0.0, 0.0, 0.0, -0.0, -1.0, 0.3, -0.0, -1.0, -0.0, 0.0, 0.0, 0.0, 0.0, 1.0]
            ]
        }
    ]
}