{
    "animation": [
        {
            "name": "Root",
            "time": [0.0, 0.1667, 0.3167, 0.5, 0.9, 1.3],
            "transform": [
                [0.879679, 0.0, -0.475568, -5e-06, -0.475568, 0.0, -0.879679, 0.000946, 0.0, 1.0, 0.0, 0.74484, 0.0, 0.0, 0.0, 1.0],
                [0.715839, 0.0, 0.698266, -5e-06, 0.698266, 0.0, -0.715839, 0.741913, 0.0, 1.0, 0.0, 0.884241, 0.0, 0.0, 0.0, 1.0],
                [0.715839, 0.0, 0.698266, 0.000829, 0.698266, 0.0, -0.715839, 0.785376, 0.0, 1.0, 0.0, 0.89649, 0.0, 0.0, 0.0, 1.0],
                [0.925123, -0.005531, -0.379628, 0.082842, -0.379004, 0.045687, -0.924267, 2.867539, 0.022457, 0.99894, 0.04017, 0.582864, 0.0, 0.0, 0.0, 1.0],
                [0.807884, -0.0, -0.589341, 0.100337, -0.588478, 0.054098, -0.806701, 3.5759, 0.031882, 0.998536, 0.043705, 0.514222, 0.0, 0.0, 0.0, 1.0],
                [0.879679, 0.0, -0.475568, -5e-06, -0.475568, 0.0, -0.879679, 4.163835, 0.0, 1.0, 0.0, 0.74484, 0.0, 0.0, 0.0, 1.0]
            ]
        },
        {
            "name": "Thigh_R",
            "time": [0.0, 0.1667, 0.3167, 0.5, 0.9, 1.3],
            "transform": [
                [0.882447, 0.17581, 0.436322, 0.124994, 0.070992, -0.966681, 0.245934, -0.002831, 0.465022, -0.186047, -0.865529, -1.2e-05, 0.0, 0.0, 0.0, 1.0],
                [0.882447, 0.462685, -0.084896, 0.124994, 0.070992, 0.047417, 0.996349, -0.002831, 0.465022, -0.885251, 0.008995, -1.2e-05, 0.0, 0.0, 0.0, 1.0],
                [0.882447, 0.456645, -0.112963, 0.124994, 0.070992, 0.108108, 0.991601, -0.002831, 0.465022, -0.883054, 0.062981, -1.2e-05, 0.0, 0.0, 0.0, 1.0],
                [0.869715, 0.448268, -0.206519, 0.124994, 0.357923, -0.860952, -0.361455, -0.002831, -0.339831, 0.240445, -0.909231, -1.2e-05, 0.0, 0.0, 0.0, 1.0],
                [0.858482, 0.475817, -0.191326, 0.124994, 0.229405, -0.689953, -0.686539, -0.002831, -0.458674, 0.54549, -0.701469, -1.2e-05, 0.0, 0.0, 0.0, 1.0],
                [0.882447, 0.17581, 0.436322, 0.124994, 0.070992, -0.966681, 0.245934, -0.002831, 0.465022, -0.186047, -0.865529, -1.2e-05, 0.0, 0.0, 0.0, 1.0]
            ]
        },
        {
            "name": "Leg_R",
            "time": [0.0, 0.1667, 0.3167, 0.5, 0.9, 1.3],
            "transform": [
                [1.0, 0.0, 1e-06, 0.0, -0.0, 0.984472, 0.175547, 0.37472, -1e-06, -0.175547, 0.98447, -0.0, 0.0, 0.0, 0.0, 1.0],
                [1.0, -1e-06, 0.0, -0.0, -1e-06, -0.57102, 0.820936, 0.37472, -1e-06, -0.820937, -0.571019, -0.0, 0.0, 0.0, 0.0, 1.0],
                [1.0, -1e-06, 0.0, -0.0, -1e-06, -0.57102, 0.820936, 0.37472, -1e-06, -0.820937, -0.571019, -0.0, 0.0, 0.0, 0.0, 1.0],
                [1.0, 1e-06, 1e-06, 0.0, -1e-06, 0.868878, 0.495028, 0.37472, -0.0, -0.495028, 0.868876, 0.0, 0.0, 0.0, 0.0, 1.0],
                [1.0, 1e-06, 0.0, 0.0, -1e-06, 0.981371, 0.192127, 0.37472, -0.0, -0.192128, 0.981369, 0.0, 0.0, 0.0, 0.0, 1.0],
                [1.0, 0.0, 1e-06, -0.0, -0.0, 0.984472, 0.175547, 0.37472, -1e-06, -0.175547, 0.98447, 0.0, 0.0, 0.0, 0.0, 1.0]
            ]
        },
        {
            "name": "Knee_R",
            "time": [0.0, 0.1667, 0.3167, 0.5, 0.9, 1.3],
            "transform": [
                [1.0, 0.0, -0.0, 0.0, -0.0, 1e-06, -1.0, 0.383077, -0.0, 1.0, 1e-06, -0.001653, 0.0, 0.0, 0.0, 1.0],
                [1.0, 0.0, -0.0, -0.0, -0.0, 0.894539, -0.44699, 0.383077, 0.0, 0.446991, 0.894539, -0.001653, 0.0, 0.0, 0.0, 1.0],
                [1.0, 0.0, -0.0, -0.0, -0.0, 0.894539, -0.44699, 0.383077, 0.0, 0.446991, 0.894539, -0.001653, 0.0, 0.0, 0.0, 1.0],
                [1.0, -0.0, -0.0, 0.0, -0.0, 0.179406, -0.983775, 0.383077, 0.0, 0.983775, 0.179405, -0.001653, 0.0, 0.0, 0.0, 1.0],
                [1.0, -0.0, -0.0, -0.0, -0.0, -0.015635, -0.999878, 0.383076, 0.0, 0.999878, -0.015635, -0.001653, 0.0, 0.0, 0.0, 1.0],
                [1.0, 0.0, -0.0, -0.0, -0.0, 1e-06, -1.0, 0.383077, -0.0, 1.0, 1e-06, -0.001653, 0.0, 0.0, 0.0, 1.0]
            ]
        },
        {
            "name": "Thigh_L",
            "time": [0.0, 0.1667, 0.3167, 0.5, 0.9, 1.3],
            "transform": [
                [0.950598, -0.208511, -0.22997, -0.125006, -0.120478, -0.930568, 0.345728, -0.002831, -0.286091, -0.300941, -0.909717, -1.2e-05, 0.0, 0.0, 0.0, 1.0],
                [0.942652, -0.247459, 0.223988, -0.125006, -0.150748, -0.914372, -0.375765, -0.002831, 0.297795, 0.32045, -0.899238, -1.2e-05, 0.0, 0.0, 0.0, 1.0],
                [0.942652, -0.27541, 0.188564, -0.125006, -0.150748, -0.855332, -0.495663, -0.002831, 0.297795, 0.438812, -0.847798, -1.2e-05, 0.0, 0.0, 0.0, 1.0],
                [0.810604, -0.530673, -0.247601, -0.125006, -0.179698, -0.627838, 0.757316, -0.002831, -0.55734, -0.569391, -0.60429, -1.2e-05, 0.0, 0.0, 0.0, 1.0],
                [0.745282, -0.634863, -0.203723, -0.125006, -0.038235, -0.345739, 0.937551, -0.002831, -0.665651, -0.690951, -0.281948, -1.2e-05, 0.0, 0.0, 0.0, 1.0],
                [0.950598, -0.208511, -0.22997, -0.125006, -0.120478, -0.930568, 0.345728, -0.002831, -0.286091, -0.300941, -0.909717, -1.2e-05, 0.0, 0.0, 0.0, 1.0]
            ]
        },
        {
            "name": "Leg_L",
            "time": [0.0, 0.1667, 0.3167, 0.5, 0.9, 1.3],
            "transform": [
                [1.0, -0.0, 1e-06, 0.0, -0.0, 0.947813, 0.318825, 0.37472, -1e-06, -0.318825, 0.947814, -0.0, 0.0, 0.0, 0.0, 1.0],
                [1.0, 0.0, 1e-06, 0.0, -0.0, 0.998887, 0.047151, 0.37472, -1e-06, -0.047151, 0.998888, 0.0, 0.0, 0.0, 0.0, 1.0],
                [1.0, 0.0, 1e-06, 0.0, -0.0, 0.998887, 0.047152, 0.37472, -1e-06, -0.047151, 0.998888, 0.0, 0.0, 0.0, 0.0, 1.0],
                [0.996386, 0.073921, 0.041837, 0.0, -0.081026, 0.679424, 0.729259, 0.37472, 0.025483, -0.730013, 0.682958, -0.0, 0.0, 0.0, 0.0, 1.0],
                [0.994804, 0.084162, 0.057291, -0.0, -0.094268, 0.548854, 0.830586, 0.37472, 0.038459, -0.83167, 0.553937, -0.0, 0.0, 0.0, 0.0, 1.0],
                [1.0, -0.0, 1e-06, -0.0, -0.0, 0.947813, 0.318825, 0.37472, -1e-06, -0.318825, 0.947814, -0.0, 0.0, 0.0, 0.0, 1.0]
            ]
        },
        {
            "name": "Knee_L",
            "time": [0.0, 0.1667, 0.3167, 0.5, 0.9, 1.3],
            "transform": [
                [1.0, 0.0, -0.0, 0.0, -0.0, 1e-06, -1.0, 0.37472, -0.0, 1.0, 1e-06, -0.0, 0.0, 0.0, 0.0, 1.0],
                [1.0, 0.0, -0.0, 0.0, -0.0, 1e-06, -1.0, 0.37472, -0.0, 1.0, 1e-06, 0.0, 0.0, 0.0, 0.0, 1.0],
                [1.0, 0.0, -0.0, 0.0, -0.0, 1e-06, -1.0, 0.37472, -0.0, 1.0, 1e-06, 0.0, 0.0, 0.0, 0.0, 1.0],
                [1.0, 0.0, -0.0, 0.0, -0.0, 1e-06, -1.0, 0.37472, -0.0, 1.0, 1e-06, -0.0, 0.0, 0.0, 0.0, 1.0],
                [1.0, 0.0, -0.0, -0.0, -0.0, 1e-06, -1.0, 0.37472, -0.0, 1.0, 1e-06, -0.0, 0.0, 0.0, 0.0, 1.0],
                [1.0, 0.0, -0.0, -0.0, -0.0, 1e-06, -1.0, 0.37472, -0.0, 1.0, 1e-06, -0.0, 0.0, 0.0, 0.0, 1.0]
            ]
        },
        {
            "name": "Torso",
            "time": [0.0, 0.1667, 0.3167, 0.5, 0.9, 1.3],
            "transform": [
                [0.996512, 0.0, 0.083446, -0.0, 0.0, 1.0, 0.0, 0.05, -0.083446, 0.0, 0.996512, 0.0, 0.0, 0.0, 0.0, 1.0],
                [0.996512, 0.0, 0.083446, -0.0, 0.0, 1.0, 0.0, 0.05, -0.083446, 0.0, 0.996512, 0.0, 0.0, 0.0, 0.0, 1.0],
                [0.996512, 0.0, 0.083446, 0.0, 0.0, 1.0, 0.0, 0.05, -0.083446, 0.0, 0.996512, -0.0, 0.0, 0.0, 0.0, 1.0],
                [0.987669, -0.156555, 0.001102, 0.0, 0.151715, 0.958823, 0.240085, 0.05, -0.038643, -0.236958, 0.970751, 0.0, 0.0, 0.0, 0.0, 1.0],
                [0.982046, -0.187387, -0.021709, -0.0, 0.185588, 0.939116, 0.289168, 0.05, -0.033799, -0.288006, 0.957032, 0.0, 0.0, 0.0, 0.0, 1.0],
                [0.996512, 0.0, 0.083446, 0.0, 0.0, 1.0, 0.0, 0.05, -0.083446, 0.0, 0.996512, 0.0, 0.0, 0.0, 0.0, 1.0]
            ]
        },
        {
            "name": "Chest",
            "time": [0.0, 0.1667, 0.3167, 0.5, 0.9, 1.3],
            "transform": [
                [0.999232, 0.004476, 0.038924, -0.0, -0.006676, 0.998376, 0.056579, 0.3, -0.038608, -0.056795, 0.997639, -0.0, 0.0, 0.0, 0.0, 1.0],
                [0.899511, 0.004476, 0.436876, 0.0, -0.028833, 0.998376, 0.049137, 0.3, -0.435947, -0.056796, 0.898179, -0.0, 0.0, 0.0, 0.0, 1.0],
                [0.847054, -0.158349, 0.507371, 0.0, 0.147787, 0.987115, 0.061346, 0.3, -0.510547, 0.023019, 0.859542, 0.0, 0.0, 0.0, 0.0, 1.0],
                [0.9338, -0.159988, -0.320032, -0.0, 0.141846, 0.986701, -0.079379, 0.3, 0.328476, 0.028728, 0.944076, 0.0, 0.0, 0.0, 0.0, 1.0],
                [0.812665, -0.158349, -0.560804, -0.0, 0.117052, 0.987115, -0.109101, 0.3, 0.570854, 0.023019, 0.820729, -0.0, 0.0, 0.0, 0.0, 1.0],
                [0.999232, 0.004476, 0.038924, -0.0, -0.006676, 0.998376, 0.056579, 0.3, -0.038608, -0.056795, 0.997639, -0.0, 0.0, 0.0, 0.0, 1.0]
            ]
        },
        {
            "name": "Head",
            "time": [0.0, 0.1667, 0.3167, 0.5, 0.9, 1.3],
            "transform": [
                [0.89317, -0.0, 0.44972, -0.0, 0.01104, 0.999699, -0.021925, 0.4, -0.449585, 0.024548, 0.8929, -0.0, 0.0, 0.0, 0.0, 1.0],
                [0.518598, 0.233503, -0.822516, -0.0, -0.020989, 0.965173, 0.260769, 0.4, 0.854761, -0.11797, 0.505438, -0.0, 0.0, 0.0, 0.0, 1.0],
                [0.537252, 0.233503, -0.810455, -0.0, -0.02694, 0.965173, 0.260221, 0.4, 0.842992, -0.11797, 0.524831, 0.0, 0.0, 0.0, 0.0, 1.0],
                [0.619768, 0.0, 0.784785, 0.0, 0.019265, 0.999699, -0.015214, 0.4, -0.784548, 0.024548, 0.619581, 0.0, 0.0, 0.0, 0.0, 1.0],
                [0.542796, 0.0, 0.839865, 0.0, 0.020617, 0.999699, -0.013325, 0.4, -0.839612, 0.024548, 0.542632, -0.0, 0.0, 0.0, 0.0, 1.0],
                [0.89317, -0.0, 0.44972, -0.0, 0.01104, 0.999699, -0.021925, 0.4, -0.449585, 0.024548, 0.8929, -0.0, 0.0, 0.0, 0.0, 1.0]
            ]
        },
        {
            "name": "Shoulder_R",
            "time": [0.0, 0.1667, 0.3167, 0.5, 0.9, 1.3],
            "transform": [
                [-0.004613, 0.951979, 0.306128, -0.0, 0.000526, -0.306129, 0.95199, 0.4, 0.999989, 0.004553, 0.000911, -0.0, 0.0, 0.0, 0.0, 1.0],
                [0.433114, 0.847761, 0.306128, -0.0, -0.140127, -0.272175, 0.95199, 0.4, 0.89038, -0.455217, 0.000911, -0.0, 0.0, 0.0, 0.0, 1.0],
                [0.433114, 0.863493, 0.258443, -0.0, -0.140127, -0.218738, 0.96567, 0.4, 0.89038, -0.454459, 0.02626, 0.0, 0.0, 0.0, 0.0, 1.0],
                [0.068371, 0.963592, 0.258488, 0.0, -0.046981, -0.255697, 0.965615, 0.4, 0.996553, -0.078164, 0.027789, 0.0, 0.0, 0.0, 0.0, 1.0],
                [-0.013742, 0.965929, 0.258442, 0.0, -0.023506, -0.258707, 0.96567, 0.4, 0.999629, 0.007196, 0.02626, -0.0, 0.0, 0.0, 0.0, 1.0],
                [-0.004613, 0.951979, 0.306128, -0.0, 0.000526, -0.306129, 0.95199, 0.4, 0.999989, 0.004553, 0.000911, -0.0, 0.0, 0.0, 0.0, 1.0]
            ]
        },
        {
            "name": "Arm_R",
            "time": [0.0, 0.0833, 0.1667, 0.3167, 0.5, 0.9, 1.3],
            "transform": [
                [-0.025608, -0.970091, 0.241385, -0.0, 0.772047, -0.172584, -0.611685, 0.393861, 0.63505, 0.170696, 0.753375, -0.0, 0.0, 0.0, 0.0, 1.0],
                [0.161195, -0.960384, -0.227328, 0.0, 0.485845, 0.277716, -0.828751, 0.393861, 0.859052, 0.023144, 0.511364, 0.0, 0.0, 0.0, 0.0, 1.0],
                [0.169119, -0.77467, -0.609332, 0.0, -0.131662, 0.594939, -0.792914, 0.39386, 0.976762, 0.214323, -0.001379, 0.0, 0.0, 0.0, 0.0, 1.0],
                [0.169119, -0.842718, -0.511101, -0.0, -0.131662, 0.494606, -0.859087, 0.39386, 0.976762, 0.212581, -0.027307, 0.0, 0.0, 0.0, 0.0, 1.0],
                [0.169481, 0.485857, -0.857449, -0.0, -0.126484, 0.873564, 0.469987, 0.39386, 0.977383, 0.0288, 0.209506, 0.0, 0.0, 0.0, 0.0, 1.0],
                [0.169119, 0.25949, -0.950823, -0.0, -0.131662, 0.96202, 0.239128, 0.39386, 0.976762, 0.084746, 0.196861, -0.0, 0.0, 0.0, 0.0, 1.0],
                [-0.025608, -0.970091, 0.241385, -0.0, 0.772047, -0.172584, -0.611685, 0.39386, 0.63505, 0.170696, 0.753375, 0.0, 0.0, 0.0, 0.0, 1.0]
            ]
        },
        {
            "name": "Hand_R",
            "time": [0.0, 0.0833, 0.1667, 0.3167, 0.5, 0.9, 1.3],
            "transform": [
                [1.0, -0.0, 0.0, -0.0, 0.0, -0.293998, -0.955806, 0.3, 0.0, 0.955806, -0.293998, 0.0, 0.0, 0.0, 0.0, 1.0],
                [1.0, 0.0, -0.0, 0.0, -0.0, 0.991887, -0.127127, 0.3, 0.0, 0.127127, 0.991887, -0.0, 0.0, 0.0, 0.0, 1.0],
                [1.0, -0.0, -0.0, -0.0, -0.0, 0.728831, -0.684693, 0.3, 0.0, 0.684693, 0.728831, -0.0, 0.0, 0.0, 0.0, 1.0],
                [1.0, -0.0, -0.0, -0.0, -0.0, 0.728831, -0.684693, 0.3, 0.0, 0.684693, 0.728831, 0.0, 0.0, 0.0, 0.0, 1.0],
                [1.0, -0.0, -0.0, -0.0, 0.0, 0.973785, -0.227473, 0.3, 0.0, 0.227473, 0.973784, 0.0, 0.0, 0.0, 0.0, 1.0],
                [1.0, -0.0, -0.0, -0.0, -0.0, 0.970066, -0.242843, 0.3, 0.0, 0.242843, 0.970066, 0.0, 0.0, 0.0, 0.0, 1.0],
                [1.0, -0.0, 0.0, -0.0, 0.0, -0.293998, -0.955806, 0.3, 0.0, 0.955806, -0.293998, 0.0, 0.0, 0.0, 0.0, 1.0]
            ]
        },
        {
            "name": "Tool_R",
            "time": [0.0, 0.0833, 0.1667, 0.3167, 0.5, 0.9, 1.3],
            "transform": [
                [0.855655, -0.306148, -0.398828, -0.0, -0.338409, -0.914583, 0.01597, 0.272858, -0.391351, 0.121341, -0.884773, 0.0, 0.0, 0.0, 0.0, 1.0],
                [0.948047, 0.001481, -0.308941, 0.0, -0.16263, -0.833196, -0.474636, 0.272858, -0.273263, 0.500408, -0.788427, 0.0, 0.0, 0.0, 0.0, 1.0],
                [0.988311, 0.134983, -0.061111, 0.0, 0.131373, -0.957634, -0.107419, 0.272858, -0.077306, 0.098164, -0.962653, -0.0, 0.0, 0.0, 0.0, 1.0],
                [0.988311, 0.134983, -0.061111, -0.0, 0.131373, -0.957633, -0.107419, 0.272858, -0.077306, 0.098164, -0.962653, 0.0, 0.0, 0.0, 0.0, 1.0],
                [0.994571, -0.088698, 0.048584, -0.0, -0.021598, -0.633108, -0.73661, 0.272858, 0.101735, 0.731843, -0.630599, 0.0, 0.0, 0.0, 0.0, 1.0],
                [0.988311, 0.134983, -0.061111, -0.0, 0.131373, -0.957633, -0.107419, 0.272858, -0.077306, 0.098164, -0.962653, 0.0, 0.0, 0.0, 0.0, 1.0],
                [0.855655, -0.306148, -0.398828, 0.0, -0.338409, -0.914583, 0.01597, 0.272858, -0.391351, 0.121341, -0.884773, 0.0, 0.0, 0.0, 0.0, 1.0]
            ]
        },
        {
            "name": "Elbow_R",
            "time": [0.0, 0.0833, 0.1667, 0.3167, 0.5, 0.9, 1.3],
            "transform": [
                [-1.0, 0.0, 0.0, -0.0, 0.0, 0.735098, -0.677961, 0.3, -0.0, -0.677961, -0.735098, 0.0, 0.0, 0.0, 0.0, 1.0],
                [-1.0, 0.0, -0.0, 0.0, 0.0, 0.196575, -0.980489, 0.3, -0.0, -0.980489, -0.196575, -0.0, 0.0, 0.0, 0.0, 1.0],
                [-1.0, 0.0, 0.0, -0.0, 0.0, 0.735098, -0.677961, 0.3, -0.0, -0.677961, -0.735098, -0.0, 0.0, 0.0, 0.0, 1.0],
                [-1.0, 0.0, 0.0, -0.0, 0.0, 0.735098, -0.677961, 0.3, -0.0, -0.677961, -0.735098, 0.0, 0.0, 0.0, 0.0, 1.0],
                [-1.0, 0.0, 0.0, -0.0, 0.0, 0.735098, -0.677961, 0.3, -0.0, -0.677961, -0.735098, 0.0, 0.0, 0.0, 0.0, 1.0],
                [-1.0, 0.0, 0.0, -0.0, 0.0, 0.735098, -0.677961, 0.3, -0.0, -0.677961, -0.735098, 0.0, 0.0, 0.0, 0.0, 1.0],
                [-1.0, 0.0, 0.0, -0.0, 0.0, 0.735098, -0.677961, 0.3, -0.0, -0.677961, -0.735098, 0.0, 0.0, 0.0, 0.0, 1.0]
            ]
        },
        {
            "name": "Shoulder_L",
            "time": [0.0, 0.1667, 0.3167, 0.5, 0.9, 1.3],
            "transform": [
                [0.004613, -0.952228, -0.305355, -0.0, 0.000524, -0.305355, 0.952238, 0.4, -0.999989, -0.004553, -0.00091, -0.0, 0.0, 0.0, 0.0, 1.0],
                [0.57731, -0.757279, -0.305355, -0.0, 0.184366, -0.243416, 0.952238, 0.4, -0.795438, -0.606034, -0.00091, -0.0, 0.0, 0.0, 0.0, 1.0],
                [0.57731, -0.757279, -0.305355, -0.0, 0.184366, -0.243416, 0.952238, 0.4, -0.795438, -0.606034, -0.00091, 0.0, 0.0, 0.0, 0.0, 1.0],
                [-0.043773, -0.951232, -0.305355, 0.0, -0.014991, -0.304988, 0.952238, 0.4, -0.998929, 0.04626, -0.00091, 0.0, 0.0, 0.0, 0.0, 1.0],
                [-0.185142, -0.934067, -0.305355, 0.0, -0.060307, -0.299342, 0.952238, 0.4, -0.980859, 0.194714, -0.00091, -0.0, 0.0, 0.0, 0.0, 1.0],
                [0.004613, -0.952228, -0.305355, -0.0, 0.000524, -0.305355, 0.952238, 0.4, -0.999989, -0.004553, -0.00091, -0.0, 0.0, 0.0, 0.0, 1.0]
            ]
        },
        {
            "name": "Arm_L",
            "time": [0.0, 0.1667, 0.3167, 0.5, 0.9, 1.3],
            "transform": [
                [-0.798698, -0.121067, -0.589428, 0.0, 0.462324, 0.50351, -0.729887, 0.39386, 0.385148, -0.855465, -0.34618, -0.0, 0.0, 0.0, 0.0, 1.0],
                [-0.622173, 0.74294, -0.246862, 0.0, 0.512014, 0.147613, -0.846198, 0.39386, -0.592234, -0.652879, -0.472237, 0.0, 0.0, 0.0, 0.0, 1.0],
                [-0.483498, 0.839815, -0.246862, 0.0, 0.529883, 0.056326, -0.846198, 0.39386, -0.696745, -0.539943, -0.472237, 0.0, 0.0, 0.0, 0.0, 1.0],
                [0.083944, -0.647493, 0.757434, -0.0, 0.054045, 0.761956, 0.64537, 0.39386, -0.995004, -0.01324, 0.098956, -0.0, 0.0, 0.0, 0.0, 1.0],
                [0.206303, -0.741818, 0.63808, 0.0, 0.135422, 0.667478, 0.732212, 0.39386, -0.969072, -0.064648, 0.238161, 0.0, 0.0, 0.0, 0.0, 1.0],
                [-0.798698, -0.121067, -0.589428, 0.0, 0.462324, 0.50351, -0.729887, 0.39386, 0.385148, -0.855465, -0.34618, -0.0, 0.0, 0.0, 0.0, 1.0]
            ]
        },
        {
            "name": "Hand_L",
            "time": [0.0, 0.1667, 0.3167, 0.5, 0.9, 1.3],
            "transform": [
                [1.0, 0.0, 0.0, -0.0, -0.0, 0.474033, -0.880507, 0.3, -0.0, 0.880507, 0.474033, -0.0, 0.0, 0.0, 0.0, 1.0],
                [1.0, 0.0, 0.0, 0.0, 0.0, 0.705769, -0.708442, 0.3, -0.0, 0.708442, 0.705769, 0.0, 0.0, 0.0, 0.0, 1.0],
                [1.0, 0.0, 0.0, 0.0, -0.0, 0.705769, -0.708442, 0.3, -0.0, 0.708442, 0.705769, -0.0, 0.0, 0.0, 0.0, 1.0],
                [1.0, 0.0, 0.0, -0.0, -0.0, 0.705769, -0.708442, 0.3, -0.0, 0.708442, 0.705769, -0.0, 0.0, 0.0, 0.0, 1.0],
                [1.0, 0.0, 0.0, 0.0, -0.0, 0.705769, -0.708442, 0.3, -0.0, 0.708442, 0.705769, -0.0, 0.0, 0.0, 0.0, 1.0],
                [1.0, 0.0, 0.0, 0.0, -0.0, 0.474033, -0.880507, 0.3, -0.0, 0.880507, 0.474033, 0.0, 0.0, 0.0, 0.0, 1.0]
            ]
        },
        {
            "name": "Tool_L",
            "time": [0.0, 0.1667, 0.3167, 0.5, 0.9, 1.3],
            "transform": [
                [1.0, 0.0, 0.0, 0.0, -0.0, -0.999836, 0.018122, 0.272858, 0.0, -0.018122, -0.999247, -0.0, 0.0, 0.0, 0.0, 1.0],
                [1.0, -0.0, 0.0, -0.0, 0.0, -0.999836, 0.018122, 0.272858, 0.0, -0.018122, -0.999247, 0.0, 0.0, 0.0, 0.0, 1.0],
                [1.0, 0.0, 0.0, -0.0, 0.0, -0.999836, 0.018122, 0.272858, 0.0, -0.018122, -0.999247, 0.0, 0.0, 0.0, 0.0, 1.0],
                [1.0, 0.0, 0.0, 0.0, 0.0, -0.999836, 0.018122, 0.272858, 0.0, -0.018122, -0.999247, -0.0, 0.0, 0.0, 0.0, 1.0],
                [1.0, 0.0, 0.0, -0.0, 0.0, -0.999836, 0.018122, 0.272858, 0.0, -0.018122, -0.999247, 0.0, 0.0, 0.0, 0.0, 1.0],
                [1.0, 0.0, 0.0, 0.0, -0.0, -0.999836, 0.018122, 0.272858, 0.0, -0.018122, -0.999247, -0.0, 0.0, 0.0, 0.0, 1.0]
            ]
        },
        {
            "name": "Elbow_L",
            "time": [0.0, 0.1667, 0.3167, 0.5, 0.9, 1.3],
            "transform": [
                [-1.0, 0.0, -0.0, -0.0, -0.0, -0.0, -1.0, 0.3, -0.0, -1.0, 0.0, -0.0, 0.0, 0.0, 0.0, 1.0],
                [-1.0, 0.0, -0.0, 0.0, 0.0, -0.0, -1.0, 0.3, -0.0, -1.0, -0.0, 0.0, 0.0, 0.0, 0.0, 1.0],
                [-1.0, 0.0, -0.0, 0.0, 0.0, -0.0, -1.0, 0.3, -0.0, -1.0, 0.0, -0.0, 0.0, 0.0, 0.0, 1.0],
                [-1.0, 0.0, -0.0, -0.0, 0.0, -0.0, -1.0, 0.3, -0.0, -1.0, -0.0, -0.0, 0.0, 0.0, 0.0, 1.0],
                [-1.0, 0.0, -0.0, 0.0, 0.0, -0.0, -1.0, 0.3, -0.0, -1.0, -0.0, -0.0, 0.0, 0.0, 0.0, 1.0],
                [-1.0, 0.0, -0.0, 0.0, -0.0, -0.0, -1.0, 0.3, -0.0, -1.0, 0.0, 0.0, 0.0, 0.0, 0.0, 1.0]
            ]
        }
    ]
}