{
    "animation": [
        {
            "name": "Root",
            "time": [0.0, 1.35, 2.6667],
            "transform": [
                [1.0, 0.0, 0.0, -5e-06, 0.0, 0.0, -1.0, 0.000946, 0.0, 1.0, 0.0, 0.480021, 0.0, 0.0, 0.0, 1.0],
                [1.0, 0.0, 0.0, -5e-06, 0.0, 0.0, -1.0, 0.000946, 0.0, 1.0, 0.0, 0.480021, 0.0, 0.0, 0.0, 1.0],
                [1.0, 0.0, 0.0, -5e-06, 0.0, 0.0, -1.0, 0.000946, 0.0, 1.0, 0.0, 0.480021, 0.0, 0.0, 0.0, 1.0]
            ]
        },
        {
            "name": "Thigh_R",
            "time": [0.0, 1.35, 2.6667],
            "transform": [
                [1.0, -1e-06, 0.0, 0.124994, -0.0, -0.99311, -0.117165, -0.002831, 0.0, 0.117165, -0.993113, -1.2e-05, 0.0, 0.0, 0.0, 1.0],
                [1.0, -1e-06, 0.0, 0.124994, -0.0, -0.99311, -0.117165, -0.002831, 0.0, 0.117165, -0.993113, -1.2e-05, 0.0, 0.0, 0.0, 1.0],
                [1.0, -1e-06, 0.0, 0.124994, -0.0, -0.99311, -0.117165, -0.002831, 0.0, 0.117165, -0.993113, -1.2e-05, 0.0, 0.0, 0.0, 1.0]
            ]
        },
        {
            "name": "Leg_R",
            "time": [0.0, 1.35, 2.6667],
            "transform": [
                [1.0, 0.0, 1e-06, 0.0, -1e-06, 0.0888, 0.996049, 0.37472, 0.0, -0.99605, 0.0888, -0.0, 0.0, 0.0, 0.0, 1.0],
                [1.0, 0.0, 1e-06, 0.0, -1e-06, 0.0888, 0.996049, 0.37472, 0.0, -0.99605, 0.0888, -0.0, 0.0, 0.0, 0.0, 1.0],
                [1.0, 0.0, 1e-06, 0.0, -1e-06, 0.0888, 0.996049, 0.37472, 0.0, -0.99605, 0.0888, -0.0, 0.0, 0.0, 0.0, 1.0]
            ]
        },
        {
            "name": "Knee_R",
            "time": [0.0, 2.6667],
            "transform": [
                [1.0, -0.0, -0.0, 0.0, -0.0, -0.159744, -0.987159, 0.486932, -0.0, 0.987159, -0.159744, -0.001311, 0.0, 0.0, 0.0, 1.0],
                [1.0, -0.0, -0.0, 0.0, -0.0, -0.159744, -0.987159, 0.486932, -0.0, 0.987159, -0.159744, -0.001311, 0.0, 0.0, 0.0, 1.0]
            ]
        },
        {
            "name": "Thigh_L",
            "time": [0.0, 1.35, 2.6667],
            "transform": [
                [0.999999, -0.0, 0.0, -0.125006, 0.0, -0.262893, 0.964825, -0.002831, -0.0, -0.964825, -0.262894, -1.2e-05, 0.0, 0.0, 0.0, 1.0],
                [0.999999, -0.0, 0.0, -0.125006, 0.0, -0.262893, 0.964825, -0.002831, -0.0, -0.964825, -0.262894, -1.2e-05, 0.0, 0.0, 0.0, 1.0],
                [0.999999, -0.0, 0.0, -0.125006, 0.0, -0.262893, 0.964825, -0.002831, -0.0, -0.964825, -0.262894, -1.2e-05, 0.0, 0.0, 0.0, 1.0]
            ]
        },
        {
            "name": "Leg_L",
            "time": [0.0, 2.6667, 1.35],
            "transform": [
                [1.0, 0.0, 1e-06, -0.0, -1e-06, 0.275584, 0.961277, 0.37472, -0.0, -0.961277, 0.275585, 0.0, 0.0, 0.0, 0.0, 1.0],
                [1.0, 0.0, 1e-06, -0.0, -1e-06, 0.275584, 0.961277, 0.37472, -0.0, -0.961277, 0.275585, 0.0, 0.0, 0.0, 0.0, 1.0],
                [1.0, 0.0, 1e-06, -0.0, -1e-06, 0.275584, 0.961277, 0.37472, -0.0, -0.961277, 0.275585, 0.0, 0.0, 0.0, 0.0, 1.0]
            ]
        },
        {
            "name": "Knee_L",
            "time": [0.0, 2.6667],
            "transform": [
                [1.0, 0.0, -0.0, 0.0, -0.0, -0.155235, -0.987877, 0.459884, -0.0, 0.987877, -0.155235, -0.004006, 0.0, 0.0, 0.0, 1.0],
                [1.0, 0.0, -0.0, 0.0, -0.0, -0.155235, -0.987877, 0.459884, -0.0, 0.987877, -0.155235, -0.004006, 0.0, 0.0, 0.0, 1.0]
            ]
        },
        {
            "name": "Torso",
            "time": [0.0, 1.35, 2.6667],
            "transform": [
                [1.0, 0.0, 0.0, 0.0, 0.0, 0.997901, 0.064763, 0.05, 0.0, -0.064763, 0.997901, 0.0, 0.0, 0.0, 0.0, 1.0],
                [1.0, 0.0, 0.0, 0.0, 0.0, 0.997901, 0.064763, 0.05, 0.0, -0.064763, 0.997901, 0.0, 0.0, 0.0, 0.0, 1.0],
                [1.0, 0.0, 0.0, 0.0, 0.0, 0.997901, 0.064763, 0.05, 0.0, -0.064763, 0.997901, 0.0, 0.0, 0.0, 0.0, 1.0]
            ]
        },
        {
            "name": "Chest",
            "time": [0.0, 1.35, 2.6667],
            "transform": [
                [1.0, 0.0, 0.0, 0.0, 0.0, 0.890293, 0.455389, 0.3, 0.0, -0.455388, 0.890293, 0.0, 0.0, 0.0, 0.0, 1.0],
                [1.0, 0.0, 0.0, 0.0, 0.0, 0.864905, 0.501935, 0.3, 0.0, -0.501935, 0.864906, 0.0, 0.0, 0.0, 0.0, 1.0],
                [1.0, 0.0, 0.0, 0.0, 0.0, 0.890293, 0.455389, 0.3, 0.0, -0.455388, 0.890293, 0.0, 0.0, 0.0, 0.0, 1.0]
            ]
        },
        {
            "name": "Head",
            "time": [0.0, 2.6667],
            "transform": [
                [1.0, 0.0, 0.0, 0.0, 0.0, 0.906204, -0.422842, 0.4, 0.0, 0.422842, 0.906204, 0.0, 0.0, 0.0, 0.0, 1.0],
                [1.0, 0.0, 0.0, 0.0, 0.0, 0.906204, -0.422842, 0.4, 0.0, 0.422842, 0.906204, 0.0, 0.0, 0.0, 0.0, 1.0]
            ]
        },
        {
            "name": "Shoulder_R",
            "time": [0.0, 2.6667],
            "transform": [
                [0.0, 0.87481, 0.484466, 0.0, 0.0, -0.484467, 0.87481, 0.4, 1.0, 0.0, -0.0, 0.0, 0.0, 0.0, 0.0, 1.0],
                [0.0, 0.87481, 0.484466, 0.0, 0.0, -0.484467, 0.87481, 0.4, 1.0, 0.0, -0.0, 0.0, 0.0, 0.0, 0.0, 1.0]
            ]
        },
        {
            "name": "Arm_R",
            "time": [0.0, 1.35, 2.6667],
            "transform": [
                [0.378864, -0.000913, -0.925452, -0.0, 0.721009, 0.627206, 0.294549, 0.393861, 0.58018, -0.778853, 0.238284, -0.0, 0.0, 0.0, 0.0, 1.0],
                [0.378864, -0.108867, -0.919027, 0.0, 0.721009, 0.657284, 0.219371, 0.39386, 0.58018, -0.745738, 0.327515, 0.0, 0.0, 0.0, 0.0, 1.0],
                [0.378864, -0.000913, -0.925452, -0.0, 0.721009, 0.627206, 0.294549, 0.393861, 0.58018, -0.778853, 0.238284, -0.0, 0.0, 0.0, 0.0, 1.0]
            ]
        },
        {
            "name": "Hand_R",
            "time": [0.0, 1.35, 2.6667],
            "transform": [
                [1.0, -0.0, 0.0, -0.0, 0.0, 0.990343, -0.138641, 0.3, -0.0, 0.138641, 0.990343, 0.0, 0.0, 0.0, 0.0, 1.0],
                [1.0, -0.0, 0.0, 0.0, 0.0, 0.984369, -0.176117, 0.3, -0.0, 0.176117, 0.984369, 0.0, 0.0, 0.0, 0.0, 1.0],
                [1.0, -0.0, 0.0, -0.0, 0.0, 0.990343, -0.138641, 0.3, -0.0, 0.138641, 0.990343, 0.0, 0.0, 0.0, 0.0, 1.0]
            ]
        },
        {
            "name": "Tool_R",
            "time": [0.0, 1.35, 2.6667],
            "transform": [
                [1.0, 0.0, 0.0, 0.0, 0.0, -0.966725, -0.101759, 0.272858, 0.0, 0.101789, -0.965201, -0.0, 0.0, 0.0, 0.0, 1.0],
                [1.0, -0.0, 0.0, 0.0, 0.0, -0.954041, -0.186197, 0.272858, 0.0, 0.18626, -0.952539, 0.0, 0.0, 0.0, 0.0, 1.0],
                [1.0, 0.0, 0.0, 0.0, 0.0, -0.966725, -0.101759, 0.272858, 0.0, 0.101789, -0.965201, -0.0, 0.0, 0.0, 0.0, 1.0]
            ]
        },
        {
            "name": "Elbow_R",
            "time": [0.0, 2.6667],
            "transform": [
                [-1.0, 0.0, -0.0, -0.0, 0.0, 0.03319, -0.999449, 0.3, -0.0, -0.999449, -0.03319, 0.0, 0.0, 0.0, 0.0, 1.0],
                [-1.0, 0.0, -0.0, -0.0, 0.0, 0.03319, -0.999449, 0.3, -0.0, -0.999449, -0.03319, 0.0, 0.0, 0.0, 0.0, 1.0]
            ]
        },
        {
            "name": "Shoulder_L",
            "time": [0.0, 2.6667],
            "transform": [
                [0.057018, -0.944101, -0.324689, 0.0, -0.084463, -0.328613, 0.94068, 0.4, -0.994794, -0.026211, -0.098478, 0.0, 0.0, 0.0, 0.0, 1.0],
                [0.057018, -0.944101, -0.324689, 0.0, -0.084463, -0.328613, 0.94068, 0.4, -0.994794, -0.026211, -0.098478, 0.0, 0.0, 0.0, 0.0, 1.0]
            ]
        },
        {
            "name": "Arm_L",
            "time": [0.0, 1.35, 2.6667],
            "transform": [
                [0.44275, 0.623441, 0.644433, -0.0, -0.807208, 0.590043, -0.016241, 0.39386, -0.390369, -0.513001, 0.764488, 0.0, 0.0, 0.0, 0.0, 1.0],
                [0.442749, 0.658264, 0.608819, 0.0, -0.807208, 0.588231, -0.048981, 0.39386, -0.390369, -0.469758, 0.791795, -0.0, 0.0, 0.0, 0.0, 1.0],
                [0.44275, 0.623441, 0.644433, -0.0, -0.807208, 0.590043, -0.016241, 0.39386, -0.390369, -0.513001, 0.764488, 0.0, 0.0, 0.0, 0.0, 1.0]
            ]
        },
        {
            "name": "Hand_L",
            "time": [0.0, 1.35, 2.6667],
            "transform": [
                [0.998421, -0.055536, -0.00849, 0.0, -0.000423, 0.143687, -0.989623, 0.3, 0.05618, 0.988064, 0.143437, -0.0, 0.0, 0.0, 0.0, 1.0],
                [0.998421, -0.05618, -0.000443, -0.0, -0.000423, 0.000376, -1.0, 0.3, 0.05618, 0.998421, 0.000351, 0.0, 0.0, 0.0, 0.0, 1.0],
                [0.998421, -0.055536, -0.00849, 0.0, -0.000423, 0.143687, -0.989623, 0.3, 0.05618, 0.988064, 0.143437, -0.0, 0.0, 0.0, 0.0, 1.0]
            ]
        },
        {
            "name": "Tool_L",
            "time": [0.0, 2.6667],
            "transform": [
                [1.0, 0.0, 0.0, -0.0, 0.0, -0.999836, 0.018122, 0.272858, 0.0, -0.018122, -0.999247, 0.0, 0.0, 0.0, 0.0, 1.0],
                [1.0, 0.0, 0.0, -0.0, 0.0, -0.999836, 0.018122, 0.272858, 0.0, -0.018122, -0.999247, 0.0, 0.0, 0.0, 0.0, 1.0]
            ]
        },
        {
            "name": "Elbow_L",
            "time": [0.0, 2.6667],
            "transform": [
                [-1.0, 0.0, -0.0, 0.0, 0.0, -0.188364, -0.982099, 0.416895, -0.0, -0.982099, 0.188364, -0.0, 0.0, 0.0, 0.0, 1.0],
                [-1.0, 0.0, -0.0, 0.0, 0.0, -0.188364, -0.982099, 0.416895, -0.0, -0.982099, 0.188364, -0.0, 0.0, 0.0, 0.0, 1.0]
            ]
        }
    ]
}