{
    "animation": [
        {
            "name": "Root",
            "time": [0.0, 0.15, 0.3833, 0.65],
            "transform": [
                [0.991289, 0.0, -0.131702, -5e-06, -0.131702, 0.0, -0.991289, -0.429031, 0.0, 1.0, 0.0, 0.74484, 0.0, 0.0, 0.0, 1.0],
                [0.400807, 0.0, -0.916163, -5e-06, -0.916163, 0.0, -0.400807, -0.13425, 0.0, 1.0, 0.0, 0.706401, 0.0, 0.0, 0.0, 1.0],
                [0.332853, 0.0, -0.942979, -5e-06, -0.942979, 0.0, -0.332853, -0.112318, 0.0, 1.0, 0.0, 0.703541, 0.0, 0.0, 0.0, 1.0],
                [0.332853, 0.0, -0.942979, -5e-06, -0.942979, 0.0, -0.332853, -0.06221, 0.0, 1.0, 0.0, 0.703541, 0.0, 0.0, 0.0, 1.0]
            ]
        },
        {
            "name": "Thigh_R",
            "time": [0.0, 0.15, 0.3833, 0.65],
            "transform": [
                [0.561059, 0.309149, 0.76788, 0.124994, 0.222738, -0.949809, 0.219651, -0.002831, 0.797245, 0.047799, -0.60176, -1.2e-05, 0.0, 0.0, 0.0, 1.0],
                [0.513875, 0.479714, 0.7112, 0.124994, 0.341183, -0.874932, 0.343636, -0.002831, 0.787099, 0.066064, -0.613278, -1.2e-05, 0.0, 0.0, 0.0, 1.0],
                [0.509501, 0.49179, 0.706082, 0.124994, 0.349591, -0.868107, 0.352382, -0.002831, 0.786253, 0.067301, -0.614228, -1.2e-05, 0.0, 0.0, 0.0, 1.0],
                [0.486789, 0.545741, 0.682057, 0.124994, 0.392605, -0.834194, 0.38727, -0.002831, 0.780318, 0.07926, -0.620339, -1.2e-05, 0.0, 0.0, 0.0, 1.0]
            ]
        },
        {
            "name": "Leg_R",
            "time": [0.0, 0.15, 0.3833, 0.65],
            "transform": [
                [1.0, 0.0, 1e-06, 0.0, -0.0, 0.984472, 0.175547, 0.37472, -1e-06, -0.175547, 0.98447, -0.0, 0.0, 0.0, 0.0, 1.0],
                [1.0, 0.0, 1e-06, 0.0, -0.0, 0.984472, 0.175547, 0.37472, -1e-06, -0.175547, 0.98447, 0.0, 0.0, 0.0, 0.0, 1.0],
                [1.0, 0.0, 1e-06, -0.0, -0.0, 0.984472, 0.175547, 0.37472, -1e-06, -0.175547, 0.98447, -0.0, 0.0, 0.0, 0.0, 1.0],
                [1.0, 0.0, 1e-06, -0.0, -0.0, 0.984472, 0.175547, 0.37472, -1e-06, -0.175547, 0.98447, -0.0, 0.0, 0.0, 0.0, 1.0]
            ]
        },
        {
            "name": "Knee_R",
            "time": [0.0, 0.15, 0.3833, 0.65],
            "transform": [
                [1.0, 0.0, -0.0, 0.0, -0.0, 1e-06, -1.0, 0.383077, -0.0, 1.0, 1e-06, -0.001653, 0.0, 0.0, 0.0, 1.0],
                [1.0, 0.0, -0.0, -0.0, -0.0, 1e-06, -1.0, 0.383077, -0.0, 1.0, 1e-06, -0.001653, 0.0, 0.0, 0.0, 1.0],
                [1.0, 0.0, -0.0, -0.0, -0.0, 1e-06, -1.0, 0.383077, -0.0, 1.0, 1e-06, -0.001653, 0.0, 0.0, 0.0, 1.0],
                [1.0, 0.0, -0.0, -0.0, -0.0, 1e-06, -1.0, 0.383077, -0.0, 1.0, 1e-06, -0.001653, 0.0, 0.0, 0.0, 1.0]
            ]
        },
        {
            "name": "Thigh_L",
            "time": [0.0, 0.15, 0.3833, 0.65],
            "transform": [
                [0.969035, -0.144992, -0.19987, -0.125006, -0.077922, -0.947649, 0.309659, -0.002831, -0.234304, -0.284496, -0.929604, -1.2e-05, 0.0, 0.0, 0.0, 1.0],
                [0.937075, -0.325497, -0.126258, -0.125006, -0.261312, -0.893732, 0.364636, -0.002831, -0.231528, -0.308698, -0.92255, -1.2e-05, 0.0, 0.0, 0.0, 1.0],
                [0.933263, -0.338418, -0.120381, -0.125006, -0.274629, -0.888296, 0.368115, -0.002831, -0.23151, -0.310488, -0.921954, -1.2e-05, 0.0, 0.0, 0.0, 1.0],
                [0.917413, -0.38684, -0.093307, -0.125006, -0.319707, -0.856131, 0.405988, -0.002831, -0.236936, -0.342628, -0.909102, -1.2e-05, 0.0, 0.0, 0.0, 1.0]
            ]
        },
        {
            "name": "Leg_L",
            "time": [0.0, 0.15, 0.3833, 0.65],
            "transform": [
                [1.0, 0.0, 1e-06, 0.0, -0.0, 0.971133, 0.238538, 0.37472, -1e-06, -0.238538, 0.971134, -0.0, 0.0, 0.0, 0.0, 1.0],
                [1.0, 0.0, 1e-06, 0.0, -0.0, 0.971133, 0.238538, 0.37472, -1e-06, -0.238538, 0.971134, 0.0, 0.0, 0.0, 0.0, 1.0],
                [1.0, 0.0, 1e-06, -0.0, -0.0, 0.971133, 0.238538, 0.37472, -1e-06, -0.238538, 0.971134, -0.0, 0.0, 0.0, 0.0, 1.0],
                [1.0, -0.0, 1e-06, 0.0, -0.0, 0.906942, 0.421255, 0.37472, -1e-06, -0.421254, 0.906943, -0.0, 0.0, 0.0, 0.0, 1.0]
            ]
        },
        {
            "name": "Knee_L",
            "time": [0.0, 0.15, 0.3833, 0.65],
            "transform": [
                [1.0, 0.0, -0.0, 0.0, -0.0, 1e-06, -1.0, 0.37472, -0.0, 1.0, 1e-06, -0.0, 0.0, 0.0, 0.0, 1.0],
                [1.0, 0.0, -0.0, 0.0, -0.0, 1e-06, -1.0, 0.37472, -0.0, 1.0, 1e-06, 0.0, 0.0, 0.0, 0.0, 1.0],
                [1.0, 0.0, -0.0, -0.0, -0.0, 1e-06, -1.0, 0.37472, -0.0, 1.0, 1e-06, -0.0, 0.0, 0.0, 0.0, 1.0],
                [1.0, 0.0, -0.0, 0.0, -0.0, 1e-06, -1.0, 0.37472, -0.0, 1.0, 1e-06, -0.0, 0.0, 0.0, 0.0, 1.0]
            ]
        },
        {
            "name": "Torso",
            "time": [0.0, 0.15, 0.3833, 0.65],
            "transform": [
                [0.996512, 0.0, 0.083446, -0.0, 0.0, 1.0, 0.0, 0.05, -0.083446, 0.0, 0.996512, 0.0, 0.0, 0.0, 0.0, 1.0],
                [0.996512, 0.0, 0.083446, 0.0, 0.0, 1.0, 0.0, 0.05, -0.083446, 0.0, 0.996512, 0.0, 0.0, 0.0, 0.0, 1.0],
                [0.996512, 0.0, 0.083446, -0.0, 0.0, 1.0, 0.0, 0.05, -0.083446, 0.0, 0.996512, -0.0, 0.0, 0.0, 0.0, 1.0],
                [0.996512, 0.0, 0.083446, -0.0, 0.0, 1.0, 0.0, 0.05, -0.083446, 0.0, 0.996512, 0.0, 0.0, 0.0, 0.0, 1.0]
            ]
        },
        {
            "name": "Chest",
            "time": [0.0, 0.15, 0.3833, 0.65],
            "transform": [
                [0.78834, -0.151663, 0.596254, 0.0, -0.093784, 0.928191, 0.360092, 0.3, -0.60805, -0.339794, 0.717507, -0.0, 0.0, 0.0, 0.0, 1.0],
                [0.976166, -0.204292, -0.073248, 0.0, 0.201117, 0.978368, -0.04845, 0.3, 0.081561, 0.032564, 0.996136, -0.0, 0.0, 0.0, 0.0, 1.0],
                [0.968186, -0.218135, -0.12261, 0.0, 0.208725, 0.974263, -0.085119, 0.3, 0.138021, 0.056819, 0.988798, 0.0, 0.0, 0.0, 0.0, 1.0],
                [0.977926, -0.169196, -0.12261, -0.0, 0.159492, 0.983523, -0.085119, 0.3, 0.134991, 0.063685, 0.988798, 0.0, 0.0, 0.0, 0.0, 1.0]
            ]
        },
        {
            "name": "Head",
            "time": [0.0, 0.15, 0.3833, 0.65],
            "transform": [
                [0.95151, 0.0, -0.307619, 0.0, -0.007551, 0.999699, -0.023358, 0.4, 0.307526, 0.024548, 0.951223, 0.0, 0.0, 0.0, 0.0, 1.0],
                [0.396317, -0.0, 0.918114, -0.0, 0.022538, 0.999699, -0.009729, 0.4, -0.917837, 0.024548, 0.396198, 0.0, 0.0, 0.0, 0.0, 1.0],
                [0.302527, -0.0, 0.953141, -0.0, 0.023398, 0.999699, -0.007426, 0.4, -0.952854, 0.024548, 0.302436, 0.0, 0.0, 0.0, 0.0, 1.0],
                [0.302527, -0.0, 0.953141, -0.0, 0.023398, 0.999699, -0.007426, 0.4, -0.952854, 0.024548, 0.302436, 0.0, 0.0, 0.0, 0.0, 1.0]
            ]
        },
        {
            "name": "Shoulder_R",
            "time": [0.0, 0.15, 0.3833, 0.65],
            "transform": [
                [0.520279, 0.829491, 0.20311, 0.0, 0.140268, -0.317608, 0.93779, 0.4, 0.842398, -0.459422, -0.281596, 0.0, 0.0, 0.0, 0.0, 1.0],
                [0.520279, 0.829491, 0.20311, -0.0, 0.140268, -0.317608, 0.93779, 0.4, 0.842398, -0.459422, -0.281596, 0.0, 0.0, 0.0, 0.0, 1.0],
                [0.520279, 0.829491, 0.20311, -0.0, 0.140268, -0.317608, 0.93779, 0.4, 0.842398, -0.459422, -0.281596, 0.0, 0.0, 0.0, 0.0, 1.0],
                [0.520279, 0.829491, 0.20311, -0.0, 0.140268, -0.317608, 0.93779, 0.4, 0.842398, -0.459422, -0.281596, 0.0, 0.0, 0.0, 0.0, 1.0]
            ]
        },
        {
            "name": "Arm_R",
            "time": [0.0, 0.15, 0.3833, 0.65],
            "transform": [
                [0.217159, -0.870767, -0.441142, -0.0, -0.185876, 0.40677, -0.894421, 0.39386, 0.958276, 0.276229, -0.073521, -0.0, 0.0, 0.0, 0.0, 1.0],
                [0.217159, -0.230027, -0.948646, -0.0, -0.185876, 0.944311, -0.271526, 0.393861, 0.958275, 0.235295, 0.162309, -0.0, 0.0, 0.0, 0.0, 1.0],
                [0.217159, -0.170507, -0.961129, -0.0, -0.185876, 0.959387, -0.212194, 0.39386, 0.958276, 0.224731, 0.176646, -0.0, 0.0, 0.0, 0.0, 1.0],
                [0.217159, -0.0774, -0.973063, -0.0, -0.185876, 0.975333, -0.119062, 0.393861, 0.958276, 0.206724, 0.197415, 0.0, 0.0, 0.0, 0.0, 1.0]
            ]
        },
        {
            "name": "Hand_R",
            "time": [0.0, 0.15, 0.3833, 0.65],
            "transform": [
                [1.0, -0.0, -0.0, 0.0, -0.0, 0.902679, -0.430315, 0.3, 0.0, 0.430315, 0.902679, -0.0, 0.0, 0.0, 0.0, 1.0],
                [1.0, -0.0, -0.0, 0.0, 0.0, 0.902679, -0.430315, 0.3, 0.0, 0.430315, 0.902679, 0.0, 0.0, 0.0, 0.0, 1.0],
                [1.0, -0.0, -0.0, 0.0, 0.0, 0.902679, -0.430315, 0.3, 0.0, 0.430315, 0.902679, 0.0, 0.0, 0.0, 0.0, 1.0],
                [1.0, -0.0, -0.0, 0.0, 0.0, 0.902679, -0.430315, 0.3, 0.0, 0.430315, 0.902679, -0.0, 0.0, 0.0, 0.0, 1.0]
            ]
        },
        {
            "name": "Tool_R",
            "time": [0.0, 0.15, 0.3833, 0.65],
            "transform": [
                [-0.779877, 0.156688, 0.587355, -0.0, 0.186141, 0.954853, -0.02114, 0.272858, -0.59726, 0.092891, -0.772613, 0.0, 0.0, 0.0, 0.0, 1.0],
                [-0.966011, 0.224543, -0.112687, 0.0, 0.251284, 0.713288, -0.612979, 0.272858, -0.06062, -0.620697, -0.7443, -0.0, 0.0, 0.0, 0.0, 1.0],
                [-0.965991, -0.242074, -0.067611, 0.0, 0.257897, -0.920925, -0.184155, 0.272858, -0.018721, -0.195416, 0.950532, -0.0, 0.0, 0.0, 0.0, 1.0],
                [-0.976009, 0.202016, 0.063076, 0.0, -0.215795, -0.936098, -0.156847, 0.272858, 0.028963, -0.166771, 0.955723, -0.0, 0.0, 0.0, 0.0, 1.0]
            ]
        },
        {
            "name": "Elbow_R",
            "time": [0.0, 0.15, 0.3833, 0.65],
            "transform": [
                [-1.0, 0.0, 0.0, 0.0, 0.0, 0.450011, -0.893023, 0.3, -0.0, -0.893023, -0.450011, -0.0, 0.0, 0.0, 0.0, 1.0],
                [-1.0, 0.0, 0.0, 0.0, 0.0, 0.450011, -0.893023, 0.3, -0.0, -0.893023, -0.450011, 0.0, 0.0, 0.0, 0.0, 1.0],
                [-1.0, 0.0, 0.0, 0.0, 0.0, 0.450011, -0.893023, 0.3, -0.0, -0.893023, -0.450011, 0.0, 0.0, 0.0, 0.0, 1.0],
                [-1.0, 0.0, 0.0, 0.0, 0.0, 0.450011, -0.893023, 0.3, -0.0, -0.893023, -0.450011, -0.0, 0.0, 0.0, 0.0, 1.0]
            ]
        },
        {
            "name": "Shoulder_L",
            "time": [0.0, 0.15, 0.3833, 0.65],
            "transform": [
                [0.004613, -0.952228, -0.305355, 0.0, 0.000524, -0.305355, 0.952238, 0.4, -0.999989, -0.004553, -0.00091, 0.0, 0.0, 0.0, 0.0, 1.0],
                [0.004613, -0.952227, -0.305355, -0.0, 0.000524, -0.305355, 0.952238, 0.4, -0.999989, -0.004553, -0.00091, 0.0, 0.0, 0.0, 0.0, 1.0],
                [0.004613, -0.952227, -0.305355, -0.0, 0.000524, -0.305355, 0.952238, 0.4, -0.999989, -0.004553, -0.00091, 0.0, 0.0, 0.0, 0.0, 1.0],
                [0.004613, -0.952228, -0.305355, -0.0, 0.000524, -0.305355, 0.952238, 0.4, -0.999989, -0.004553, -0.00091, 0.0, 0.0, 0.0, 0.0, 1.0]
            ]
        },
        {
            "name": "Arm_L",
            "time": [0.0, 0.15, 0.3833, 0.65],
            "transform": [
                [-0.798698, -0.121067, -0.589428, 0.0, 0.462324, 0.50351, -0.729887, 0.39386, 0.385148, -0.855465, -0.34618, 0.0, 0.0, 0.0, 0.0, 1.0],
                [-0.798698, -0.121067, -0.589428, -0.0, 0.462324, 0.50351, -0.729887, 0.39386, 0.385148, -0.855465, -0.34618, -0.0, 0.0, 0.0, 0.0, 1.0],
                [-0.798698, -0.121067, -0.589428, 0.0, 0.462324, 0.50351, -0.729887, 0.39386, 0.385148, -0.855465, -0.34618, -0.0, 0.0, 0.0, 0.0, 1.0],
                [-0.798698, -0.121067, -0.589428, 0.0, 0.462324, 0.50351, -0.729887, 0.39386, 0.385148, -0.855465, -0.34618, 0.0, 0.0, 0.0, 0.0, 1.0]
            ]
        },
        {
            "name": "Hand_L",
            "time": [0.0, 0.15, 0.3833, 0.65],
            "transform": [
                [1.0, 0.0, 0.0, -0.0, 0.0, 0.474033, -0.880507, 0.3, -0.0, 0.880507, 0.474033, 0.0, 0.0, 0.0, 0.0, 1.0],
                [1.0, 0.0, 0.0, -0.0, -0.0, 0.474033, -0.880507, 0.3, -0.0, 0.880507, 0.474033, 0.0, 0.0, 0.0, 0.0, 1.0],
                [1.0, 0.0, 0.0, -0.0, -0.0, 0.474033, -0.880507, 0.3, -0.0, 0.880507, 0.474033, -0.0, 0.0, 0.0, 0.0, 1.0],
                [1.0, 0.0, 0.0, -0.0, -0.0, 0.474033, -0.880507, 0.3, -0.0, 0.880507, 0.474033, -0.0, 0.0, 0.0, 0.0, 1.0]
            ]
        },
        {
            "name": "Tool_L",
            "time": [0.0, 0.15, 0.3833, 0.65],
            "transform": [
                [1.0, 0.0, 0.0, -0.0, 0.0, -0.999836, 0.018122, 0.272858, 0.0, -0.018122, -0.999247, -0.0, 0.0, 0.0, 0.0, 1.0],
                [1.0, 0.0, 0.0, 0.0, 0.0, -0.999836, 0.018122, 0.272858, 0.0, -0.018122, -0.999247, 0.0, 0.0, 0.0, 0.0, 1.0],
                [1.0, 0.0, 0.0, -0.0, 0.0, -0.999836, 0.018122, 0.272858, 0.0, -0.018122, -0.999247, 0.0, 0.0, 0.0, 0.0, 1.0],
                [1.0, 0.0, 0.0, -0.0, 0.0, -0.999836, 0.018122, 0.272858, 0.0, -0.018122, -0.999247, 0.0, 0.0, 0.0, 0.0, 1.0]
            ]
        },
        {
            "name": "Elbow_L",
            "time": [0.0, 0.15, 0.3833, 0.65],
            "transform": [
                [-1.0, 0.0, -0.0, -0.0, -0.0, -0.0, -1.0, 0.3, -0.0, -1.0, -0.0, 0.0, 0.0, 0.0, 0.0, 1.0],
                [-1.0, 0.0, -0.0, -0.0, 0.0, -0.0, -1.0, 0.3, -0.0, -1.0, -0.0, 0.0, 0.0, 0.0, 0.0, 1.0],
                [-1.0, 0.0, -0.0, -0.0, 0.0, -0.0, -1.0, 0.3, -0.0, -1.0, -0.0, -0.0, 0.0, 0.0, 0.0, 1.0],
                [-1.0, 0.0, -0.0, -0.0, 0.0, -0.0, -1.0, 0.3, -0.0, -1.0, -0.0, -0.0, 0.0, 0.0, 0.0, 1.0]
            ]
        }
    ]
}