{
    "animation": [
        {
            "name": "Root",
            "time": [0.0, 0.1167, 0.1833, 0.25, 0.3833, 0.7667, 1.2],
            "transform": [
                [0.910168, 0.0, 0.414239, -5e-06, 0.414239, 0.0, -0.910168, -0.06221, 0.0, 1.0, 0.0, 0.662494, 0.0, 0.0, 0.0, 1.0],
                [0.872917, 0.0, -0.487869, -5e-06, -0.487869, 0.0, -0.872917, -0.532316, 0.0, 1.0, 0.0, 0.662494, 0.0, 0.0, 0.0, 1.0],
                [0.872917, 0.0, -0.487869, -5e-06, -0.487869, 0.0, -0.872917, -0.383764, 0.0, 1.0, 0.0, 0.662494, 0.0, 0.0, 0.0, 1.0],
                [0.872917, 0.0, -0.487869, -5e-06, -0.487869, 0.0, -0.872917, -0.532316, 0.0, 1.0, 0.0, 0.662494, 0.0, 0.0, 0.0, 1.0],
                [0.396491, 0.0, -0.918039, -5e-06, -0.918039, 0.0, -0.396491, -1.220036, 0.0, 1.0, 0.0, 0.662494, 0.0, 0.0, 0.0, 1.0],
                [0.280494, 0.0, -0.959856, -5e-06, -0.959856, 0.0, -0.280494, -1.310236, 0.0, 1.0, 0.0, 0.662494, 0.0, 0.0, 0.0, 1.0],
                [0.879679, 0.0, -0.475568, -5e-06, -0.475568, 0.0, -0.879679, -1.601935, 0.0, 1.0, 0.0, 0.772398, 0.0, 0.0, 0.0, 1.0]
            ]
        },
        {
            "name": "Thigh_R",
            "time": [0.0, 0.1167, 0.25, 0.3833, 0.7667, 1.2],
            "transform": [
                [0.901107, 0.338374, 0.271125, 0.124994, 0.00836, -0.638734, 0.769381, -0.002831, 0.433516, -0.691026, -0.578398, -1.2e-05, 0.0, 0.0, 0.0, 1.0],
                [0.824331, 0.362162, 0.435104, 0.124994, 0.411743, -0.911038, -0.021761, -0.002831, 0.388516, 0.197089, -0.900118, -1.2e-05, 0.0, 0.0, 0.0, 1.0],
                [0.824331, 0.362162, 0.435104, 0.124994, 0.411743, -0.911038, -0.021761, -0.002831, 0.388516, 0.197089, -0.900118, -1.2e-05, 0.0, 0.0, 0.0, 1.0],
                [0.824331, 0.542041, 0.1633, 0.124994, 0.411743, -0.772037, 0.484173, -0.002831, 0.388516, -0.33188, -0.859599, -1.2e-05, 0.0, 0.0, 0.0, 1.0],
                [0.824331, 0.521628, 0.219955, 0.124994, 0.411743, -0.819101, 0.399423, -0.002831, 0.388516, -0.238691, -0.88999, -1.2e-05, 0.0, 0.0, 0.0, 1.0],
                [0.882447, 0.17581, 0.436322, 0.124994, 0.070992, -0.966681, 0.245934, -0.002831, 0.465022, -0.186047, -0.865529, -1.2e-05, 0.0, 0.0, 0.0, 1.0]
            ]
        },
        {
            "name": "Leg_R",
            "time": [0.0, 0.1167, 0.25, 0.3833, 0.7667, 1.2],
            "transform": [
                [1.0, -0.0, 1e-06, -0.0, -0.0, 0.79534, 0.606164, 0.37472, -1e-06, -0.606165, 0.795339, 0.0, 0.0, 0.0, 0.0, 1.0],
                [1.0, -0.0, 1e-06, 0.0, -0.0, 0.79534, 0.606164, 0.37472, -1e-06, -0.606165, 0.795339, 0.0, 0.0, 0.0, 0.0, 1.0],
                [1.0, -0.0, 1e-06, 0.0, -0.0, 0.79534, 0.606164, 0.37472, -1e-06, -0.606165, 0.795339, 0.0, 0.0, 0.0, 0.0, 1.0],
                [1.0, -0.0, 1e-06, 0.0, -0.0, 0.468938, 0.883231, 0.37472, -1e-06, -0.883232, 0.468937, 0.0, 0.0, 0.0, 0.0, 1.0],
                [1.0, -0.0, 1e-06, 0.0, -0.0, 0.79534, 0.606164, 0.37472, -1e-06, -0.606165, 0.795339, -0.0, 0.0, 0.0, 0.0, 1.0],
                [1.0, 0.0, 1e-06, 0.0, -0.0, 0.984472, 0.175547, 0.37472, -1e-06, -0.175547, 0.98447, -0.0, 0.0, 0.0, 0.0, 1.0]
            ]
        },
        {
            "name": "Knee_R",
            "time": [0.0, 0.1167, 0.25, 0.3833, 0.7667, 1.2],
            "transform": [
                [1.0, 0.0, -0.0, -0.0, -0.0, 1e-06, -1.0, 0.383077, -0.0, 1.0, 1e-06, -0.001653, 0.0, 0.0, 0.0, 1.0],
                [1.0, 0.0, -0.0, 0.0, -0.0, 1e-06, -1.0, 0.383077, -0.0, 1.0, 1e-06, -0.001653, 0.0, 0.0, 0.0, 1.0],
                [1.0, 0.0, -0.0, 0.0, -0.0, 1e-06, -1.0, 0.383077, -0.0, 1.0, 1e-06, -0.001653, 0.0, 0.0, 0.0, 1.0],
                [1.0, 0.0, -0.0, 0.0, -0.0, 1e-06, -1.0, 0.383077, -0.0, 1.0, 1e-06, -0.001653, 0.0, 0.0, 0.0, 1.0],
                [1.0, 0.0, -0.0, -0.0, -0.0, 1e-06, -1.0, 0.383077, -0.0, 1.0, 1e-06, -0.001653, 0.0, 0.0, 0.0, 1.0],
                [1.0, 0.0, -0.0, -0.0, -0.0, 1e-06, -1.0, 0.383077, -0.0, 1.0, 1e-06, -0.001654, 0.0, 0.0, 0.0, 1.0]
            ]
        },
        {
            "name": "Thigh_L",
            "time": [0.0, 0.1167, 0.25, 0.3833, 0.7667, 1.2],
            "transform": [
                [0.879412, -0.42273, -0.218937, -0.125006, -0.466998, -0.855336, -0.224304, -0.002831, -0.092445, 0.299499, -0.949607, -1.2e-05, 0.0, 0.0, 0.0, 1.0],
                [0.878773, -0.229124, -0.418639, -0.125006, 0.107761, -0.759291, 0.641766, -0.002831, -0.464913, -0.60908, -0.642555, -1.2e-05, 0.0, 0.0, 0.0, 1.0],
                [0.878773, -0.229124, -0.418639, -0.125006, 0.107761, -0.759291, 0.641766, -0.002831, -0.464913, -0.60908, -0.642555, -1.2e-05, 0.0, 0.0, 0.0, 1.0],
                [0.609196, -0.592187, -0.527441, -0.125006, -0.086957, -0.710977, 0.697818, -0.002831, -0.788237, -0.379244, -0.484619, -1.2e-05, 0.0, 0.0, 0.0, 1.0],
                [0.526282, -0.656517, -0.540382, -0.125006, -0.125082, -0.688372, 0.714492, -0.002831, -0.841059, -0.308432, -0.444397, -1.2e-05, 0.0, 0.0, 0.0, 1.0],
                [0.950598, -0.208511, -0.22997, -0.125006, -0.120478, -0.930568, 0.345728, -0.002831, -0.286091, -0.300941, -0.909717, -1.2e-05, 0.0, 0.0, 0.0, 1.0]
            ]
        },
        {
            "name": "Leg_L",
            "time": [0.0, 0.1167, 0.25, 0.3833, 0.7667, 1.2],
            "transform": [
                [1.0, -0.0, 1e-06, -0.0, -0.0, 0.906942, 0.421255, 0.37472, -1e-06, -0.421254, 0.906943, -0.0, 0.0, 0.0, 0.0, 1.0],
                [1.0, -0.0, 1e-06, 0.0, -0.0, 0.906942, 0.421255, 0.37472, -1e-06, -0.421254, 0.906943, -0.0, 0.0, 0.0, 0.0, 1.0],
                [1.0, -0.0, 1e-06, 0.0, -0.0, 0.906942, 0.421255, 0.37472, -1e-06, -0.421254, 0.906943, -0.0, 0.0, 0.0, 0.0, 1.0],
                [1.0, -0.0, 1e-06, -0.0, -0.0, 0.906942, 0.421255, 0.37472, -1e-06, -0.421254, 0.906943, 0.0, 0.0, 0.0, 0.0, 1.0],
                [1.0, -0.0, 1e-06, -0.0, -0.0, 0.906942, 0.421255, 0.37472, -1e-06, -0.421254, 0.906943, -0.0, 0.0, 0.0, 0.0, 1.0],
                [1.0, -0.0, 1e-06, -0.0, -0.0, 0.947813, 0.318825, 0.37472, -1e-06, -0.318825, 0.947814, 0.0, 0.0, 0.0, 0.0, 1.0]
            ]
        },
        {
            "name": "Knee_L",
            "time": [0.0, 0.1167, 0.25, 0.3833, 0.7667, 1.2],
            "transform": [
                [1.0, 0.0, -0.0, -0.0, -0.0, 1e-06, -1.0, 0.37472, -0.0, 1.0, 1e-06, -0.0, 0.0, 0.0, 0.0, 1.0],
                [1.0, 0.0, -0.0, 0.0, -0.0, 1e-06, -1.0, 0.37472, -0.0, 1.0, 1e-06, -0.0, 0.0, 0.0, 0.0, 1.0],
                [1.0, 0.0, -0.0, 0.0, -0.0, 1e-06, -1.0, 0.37472, -0.0, 1.0, 1e-06, -0.0, 0.0, 0.0, 0.0, 1.0],
                [1.0, 0.0, -0.0, -0.0, -0.0, 1e-06, -1.0, 0.37472, -0.0, 1.0, 1e-06, 0.0, 0.0, 0.0, 0.0, 1.0],
                [1.0, 0.0, -0.0, -0.0, -0.0, 1e-06, -1.0, 0.37472, -0.0, 1.0, 1e-06, -0.0, 0.0, 0.0, 0.0, 1.0],
                [1.0, 0.0, -0.0, -0.0, -0.0, 1e-06, -1.0, 0.37472, -0.0, 1.0, 1e-06, 0.0, 0.0, 0.0, 0.0, 1.0]
            ]
        },
        {
            "name": "Torso",
            "time": [0.0, 0.1167, 0.25, 0.3833, 0.7667, 1.2],
            "transform": [
                [0.996512, -0.027855, 0.07866, 0.0, 0.0, 0.942642, 0.333806, 0.05, -0.083446, -0.332642, 0.939354, 0.0, 0.0, 0.0, 0.0, 1.0],
                [0.996512, -0.001532, 0.083432, 0.0, 0.0, 0.999832, 0.018355, 0.05, -0.083446, -0.018291, 0.996344, 0.0, 0.0, 0.0, 0.0, 1.0],
                [0.996512, -0.001532, 0.083432, 0.0, 0.0, 0.999832, 0.018355, 0.05, -0.083446, -0.018291, 0.996344, 0.0, 0.0, 0.0, 0.0, 1.0],
                [0.996512, -0.001532, 0.083432, -0.0, 0.0, 0.999832, 0.018355, 0.05, -0.083446, -0.018291, 0.996344, -0.0, 0.0, 0.0, 0.0, 1.0],
                [0.996512, -0.001532, 0.083432, 0.0, 0.0, 0.999832, 0.018355, 0.05, -0.083446, -0.018291, 0.996344, 0.0, 0.0, 0.0, 0.0, 1.0],
                [0.996512, 0.0, 0.083446, 0.0, 0.0, 1.0, 0.0, 0.05, -0.083446, 0.0, 0.996512, 0.0, 0.0, 0.0, 0.0, 1.0]
            ]
        },
        {
            "name": "Chest",
            "time": [0.0, 0.1167, 0.25, 0.3833, 0.7667, 1.2],
            "transform": [
                [0.60739, -0.290772, 0.739276, 0.0, 0.059399, 0.944623, 0.322737, 0.3, -0.79218, -0.152115, 0.591027, 0.0, 0.0, 0.0, 0.0, 1.0],
                [0.921428, -0.38737, 0.030257, -0.0, 0.388049, 0.921398, -0.021074, 0.3, -0.019716, 0.03116, 0.99932, 0.0, 0.0, 0.0, 0.0, 1.0],
                [0.921349, -0.38737, -0.032581, -0.0, 0.385712, 0.921398, -0.04746, 0.3, 0.048404, 0.03116, 0.998342, 0.0, 0.0, 0.0, 0.0, 1.0],
                [0.921428, -0.38737, 0.030257, 0.0, 0.388049, 0.921398, -0.021074, 0.3, -0.019716, 0.03116, 0.99932, 0.0, 0.0, 0.0, 0.0, 1.0],
                [0.921428, -0.38737, 0.030257, -0.0, 0.388049, 0.921398, -0.021074, 0.3, -0.019716, 0.03116, 0.99932, 0.0, 0.0, 0.0, 0.0, 1.0],
                [0.999232, 0.004476, 0.038924, 0.0, -0.006676, 0.998376, 0.056579, 0.3, -0.038608, -0.056795, 0.997639, -0.0, 0.0, 0.0, 0.0, 1.0]
            ]
        },
        {
            "name": "Head",
            "time": [0.0, 0.1167, 0.25, 0.3833, 0.7667, 1.2],
            "transform": [
                [0.514273, 0.0, -0.857626, 0.0, -0.021053, 0.999699, -0.012624, 0.4, 0.857368, 0.024548, 0.514118, -0.0, 0.0, 0.0, 0.0, 1.0],
                [0.918101, 0.0, 0.396347, -0.0, 0.009729, 0.999699, -0.022537, 0.4, -0.396228, 0.024548, 0.917824, -0.0, 0.0, 0.0, 0.0, 1.0],
                [0.918101, 0.0, 0.396347, 0.0, 0.009729, 0.999699, -0.022537, 0.4, -0.396228, 0.024548, 0.917824, 0.0, 0.0, 0.0, 0.0, 1.0],
                [0.619353, 0.110159, 0.777346, -0.0, -0.168801, 0.985637, -0.005183, 0.4, -0.766752, -0.128007, 0.629052, -0.0, 0.0, 0.0, 0.0, 1.0],
                [0.52699, 0.12359, 0.840837, 0.0, -0.208161, 0.978004, -0.013288, 0.4, -0.823985, -0.168027, 0.541125, 0.0, 0.0, 0.0, 0.0, 1.0],
                [0.89317, -0.0, 0.44972, 0.0, 0.01104, 0.999699, -0.021925, 0.4, -0.449585, 0.024548, 0.8929, 0.0, 0.0, 0.0, 0.0, 1.0]
            ]
        },
        {
            "name": "Shoulder_R",
            "time": [0.0, 0.1167, 0.25, 0.3833, 0.7667, 1.2],
            "transform": [
                [0.520279, 0.829491, 0.20311, 0.0, 0.140268, -0.317608, 0.93779, 0.4, 0.842398, -0.459422, -0.281596, -0.0, 0.0, 0.0, 0.0, 1.0],
                [0.716446, 0.667422, 0.20311, -0.0, 0.053694, -0.343026, 0.93779, 0.4, 0.695573, -0.66097, -0.281596, -0.0, 0.0, 0.0, 0.0, 1.0],
                [0.716446, 0.667422, 0.20311, 0.0, 0.053694, -0.343026, 0.93779, 0.4, 0.695573, -0.66097, -0.281596, 0.0, 0.0, 0.0, 0.0, 1.0],
                [0.475475, 0.855961, 0.20311, -0.0, 0.156944, -0.309707, 0.93779, 0.4, 0.865616, -0.414019, -0.281596, -0.0, 0.0, 0.0, 0.0, 1.0],
                [0.325083, 0.923616, 0.20311, 0.0, 0.206694, -0.278976, 0.93779, 0.4, 0.922821, -0.262878, -0.281596, 0.0, 0.0, 0.0, 0.0, 1.0],
                [-0.004613, 0.951979, 0.306128, 0.0, 0.000526, -0.306129, 0.95199, 0.4, 0.999989, 0.004553, 0.000911, 0.0, 0.0, 0.0, 0.0, 1.0]
            ]
        },
        {
            "name": "Arm_R",
            "time": [0.0, 0.1167, 0.25, 0.3833, 0.7667, 1.0, 1.2],
            "transform": [
                [0.217159, -0.942881, 0.252621, -0.0, -0.185876, -0.294004, -0.937556, 0.393861, 0.958276, 0.156642, -0.239105, -0.0, 0.0, 0.0, 0.0, 1.0],
                [-0.435134, -0.016522, -0.900214, 0.0, -0.549217, 0.797144, 0.250843, 0.39386, 0.713456, 0.603563, -0.355939, -0.0, 0.0, 0.0, 0.0, 1.0],
                [-0.435134, -0.206918, -0.876267, 0.0, -0.549217, 0.832197, 0.076217, 0.393861, 0.713456, 0.514425, -0.47576, 0.0, 0.0, 0.0, 0.0, 1.0],
                [-0.009391, 0.623702, -0.781606, 0.0, -0.576472, 0.635301, 0.513881, 0.39386, 0.817063, 0.4554, 0.35358, -0.0, 0.0, 0.0, 0.0, 1.0],
                [0.085024, 0.730825, -0.677249, -0.0, -0.600339, 0.580054, 0.550572, 0.393861, 0.795213, 0.359767, 0.488061, 0.0, 0.0, 0.0, 0.0, 1.0],
                [0.428599, -0.688078, -0.585535, 0.0, 0.446902, 0.724699, -0.524491, 0.39386, 0.785227, -0.03688, 0.618109, 0.0, 0.0, 0.0, 0.0, 1.0],
                [-0.025608, -0.970091, 0.241385, 0.0, 0.772047, -0.172584, -0.611685, 0.39386, 0.63505, 0.170696, 0.753375, -0.0, 0.0, 0.0, 0.0, 1.0]
            ]
        },
        {
            "name": "Hand_R",
            "time": [0.0, 0.1167, 0.25, 0.3833, 0.7667, 1.2],
            "transform": [
                [1.0, -0.0, -0.0, 0.0, -0.0, 0.846366, -0.532602, 0.3, 0.0, 0.532602, 0.846366, -0.0, 0.0, 0.0, 0.0, 1.0],
                [1.0, -0.0, -0.0, 0.0, 0.0, 0.846366, -0.532602, 0.3, 0.0, 0.532602, 0.846366, -0.0, 0.0, 0.0, 0.0, 1.0],
                [1.0, -0.0, -0.0, -0.0, 0.0, 0.846366, -0.532602, 0.3, 0.0, 0.532602, 0.846366, 0.0, 0.0, 0.0, 0.0, 1.0],
                [1.0, -0.0, -0.0, 0.0, 0.0, 0.990908, -0.134544, 0.3, 0.0, 0.134544, 0.990908, 0.0, 0.0, 0.0, 0.0, 1.0],
                [1.0, 0.0, -0.0, 0.0, -0.0, 0.999254, -0.03863, 0.3, 0.0, 0.03863, 0.999254, 0.0, 0.0, 0.0, 0.0, 1.0],
                [1.0, -0.0, 0.0, 0.0, 0.0, -0.293998, -0.955806, 0.3, 0.0, 0.955806, -0.293998, -0.0, 0.0, 0.0, 0.0, 1.0]
            ]
        },
        {
            "name": "Tool_R",
            "time": [0.0, 0.1167, 0.25, 0.3833, 0.7667, 1.0, 1.2],
            "transform": [
                [-0.976009, 0.202016, 0.063076, -0.0, -0.215795, -0.936098, -0.156847, 0.272858, 0.028963, -0.166771, 0.955723, -0.0, 0.0, 0.0, 0.0, 1.0],
                [-0.997346, 0.070568, -0.005535, 0.0, 0.070544, 0.955197, 0.166656, 0.272858, 0.018049, 0.165899, -0.956127, 0.0, 0.0, 0.0, 0.0, 1.0],
                [-0.997346, 0.070568, -0.005535, 0.0, 0.070544, 0.955197, 0.166656, 0.272858, 0.018049, 0.165899, -0.956127, -0.0, 0.0, 0.0, 0.0, 1.0],
                [-0.997343, 0.030234, -0.06398, 0.0, 0.07058, 0.618923, -0.745695, 0.272858, 0.018055, -0.748517, -0.618444, 0.0, 0.0, 0.0, 0.0, 1.0],
                [-0.997343, 0.014936, -0.069166, -0.0, 0.070588, 0.433608, -0.866444, 0.272858, 0.018051, -0.869361, -0.432836, 0.0, 0.0, 0.0, 0.0, 1.0],
                [0.124546, -0.75891, -0.594669, 0.0, -0.949286, 0.083415, -0.293742, 0.272858, 0.288514, 0.601333, -0.708917, 0.0, 0.0, 0.0, 0.0, 1.0],
                [0.855655, -0.306148, -0.398828, -0.0, -0.338409, -0.914583, 0.01597, 0.272858, -0.391351, 0.121341, -0.884773, -0.0, 0.0, 0.0, 0.0, 1.0]
            ]
        },
        {
            "name": "Elbow_R",
            "time": [0.0, 0.1167, 0.25, 0.3833, 0.7667, 1.2],
            "transform": [
                [-1.0, 0.0, 0.0, 0.0, 0.0, 0.450011, -0.893023, 0.3, -0.0, -0.893023, -0.450011, -0.0, 0.0, 0.0, 0.0, 1.0],
                [-1.0, 0.0, 0.0, 0.0, 0.0, 0.450011, -0.893023, 0.3, -0.0, -0.893023, -0.450011, -0.0, 0.0, 0.0, 0.0, 1.0],
                [-1.0, 0.0, 0.0, -0.0, -0.0, 0.450011, -0.893023, 0.3, -0.0, -0.893023, -0.450011, 0.0, 0.0, 0.0, 0.0, 1.0],
                [-1.0, 0.0, 0.0, 0.0, 0.0, 0.450011, -0.893023, 0.3, -0.0, -0.893023, -0.450011, 0.0, 0.0, 0.0, 0.0, 1.0],
                [-1.0, 0.0, 0.0, 0.0, 0.0, 0.450011, -0.893023, 0.3, -0.0, -0.893023, -0.450011, 0.0, 0.0, 0.0, 0.0, 1.0],
                [-1.0, 0.0, 0.0, 0.0, 0.0, 0.735098, -0.677961, 0.3, -0.0, -0.677961, -0.735098, -0.0, 0.0, 0.0, 0.0, 1.0]
            ]
        },
        {
            "name": "Shoulder_L",
            "time": [0.0, 0.1167, 0.25, 0.3833, 0.7667, 1.2],
            "transform": [
                [0.004613, -0.952227, -0.305355, 0.0, 0.000524, -0.305355, 0.952238, 0.4, -0.999989, -0.004553, -0.00091, -0.0, 0.0, 0.0, 0.0, 1.0],
                [0.004613, -0.952228, -0.305355, -0.0, 0.000524, -0.305355, 0.952238, 0.4, -0.999989, -0.004553, -0.00091, -0.0, 0.0, 0.0, 0.0, 1.0],
                [0.004613, -0.952227, -0.305355, 0.0, 0.000524, -0.305355, 0.952238, 0.4, -0.999989, -0.004553, -0.00091, 0.0, 0.0, 0.0, 0.0, 1.0],
                [0.004613, -0.952227, -0.305355, -0.0, 0.000524, -0.305355, 0.952238, 0.4, -0.999989, -0.004553, -0.00091, -0.0, 0.0, 0.0, 0.0, 1.0],
                [0.004613, -0.952227, -0.305354, 0.0, 0.000524, -0.305356, 0.952238, 0.4, -0.999989, -0.004553, -0.00091, 0.0, 0.0, 0.0, 0.0, 1.0],
                [0.004613, -0.952228, -0.305355, 0.0, 0.000524, -0.305355, 0.952238, 0.4, -0.999989, -0.004553, -0.00091, 0.0, 0.0, 0.0, 0.0, 1.0]
            ]
        },
        {
            "name": "Arm_L",
            "time": [0.0, 0.1167, 0.25, 0.3833, 0.7667, 1.2],
            "transform": [
                [-0.775974, -0.157151, -0.610875, -0.0, 0.460072, 0.521518, -0.718577, 0.39386, 0.431507, -0.838643, -0.332384, -0.0, 0.0, 0.0, 0.0, 1.0],
                [-0.775974, -0.157151, -0.610875, -0.0, 0.460072, 0.521518, -0.718577, 0.39386, 0.431507, -0.838643, -0.332384, -0.0, 0.0, 0.0, 0.0, 1.0],
                [-0.775974, -0.157151, -0.610875, 0.0, 0.460072, 0.521518, -0.718577, 0.39386, 0.431507, -0.838643, -0.332384, 0.0, 0.0, 0.0, 0.0, 1.0],
                [-0.775974, -0.157151, -0.610875, 0.0, 0.460072, 0.521518, -0.718577, 0.39386, 0.431507, -0.838643, -0.332384, -0.0, 0.0, 0.0, 0.0, 1.0],
                [-0.775974, -0.157151, -0.610875, -0.0, 0.460072, 0.521518, -0.718577, 0.39386, 0.431507, -0.838643, -0.332384, 0.0, 0.0, 0.0, 0.0, 1.0],
                [-0.798698, -0.121067, -0.589428, -0.0, 0.462324, 0.50351, -0.729887, 0.39386, 0.385148, -0.855465, -0.34618, 0.0, 0.0, 0.0, 0.0, 1.0]
            ]
        },
        {
            "name": "Hand_L",
            "time": [0.0, 0.1167, 0.25, 0.3833, 0.7667, 1.2],
            "transform": [
                [1.0, 0.0, 0.0, -0.0, -0.0, 0.474033, -0.880507, 0.3, -0.0, 0.880507, 0.474033, 0.0, 0.0, 0.0, 0.0, 1.0],
                [1.0, 0.0, 0.0, -0.0, -0.0, 0.474033, -0.880507, 0.3, -0.0, 0.880507, 0.474033, 0.0, 0.0, 0.0, 0.0, 1.0],
                [1.0, 0.0, 0.0, 0.0, -0.0, 0.474033, -0.880507, 0.3, -0.0, 0.880507, 0.474033, 0.0, 0.0, 0.0, 0.0, 1.0],
                [1.0, 0.0, 0.0, 0.0, -0.0, 0.474033, -0.880507, 0.3, -0.0, 0.880507, 0.474033, 0.0, 0.0, 0.0, 0.0, 1.0],
                [1.0, 0.0, 0.0, -0.0, -0.0, 0.474033, -0.880507, 0.3, -0.0, 0.880507, 0.474033, 0.0, 0.0, 0.0, 0.0, 1.0],
                [1.0, 0.0, 0.0, -0.0, -0.0, 0.474033, -0.880507, 0.3, -0.0, 0.880507, 0.474033, 0.0, 0.0, 0.0, 0.0, 1.0]
            ]
        },
        {
            "name": "Tool_L",
            "time": [0.0, 0.1167, 0.25, 0.3833, 0.7667, 1.2],
            "transform": [
                [1.0, 0.0, 0.0, 0.0, 0.0, -0.999836, 0.018122, 0.272858, 0.0, -0.018122, -0.999247, 0.0, 0.0, 0.0, 0.0, 1.0],
                [1.0, 0.0, 0.0, 0.0, 0.0, -0.999836, 0.018122, 0.272858, 0.0, -0.018122, -0.999247, -0.0, 0.0, 0.0, 0.0, 1.0],
                [1.0, 0.0, 0.0, 0.0, -0.0, -0.999836, 0.018122, 0.272858, 0.0, -0.018122, -0.999247, 0.0, 0.0, 0.0, 0.0, 1.0],
                [1.0, 0.0, 0.0, -0.0, 0.0, -0.999836, 0.018122, 0.272858, 0.0, -0.018122, -0.999247, -0.0, 0.0, 0.0, 0.0, 1.0],
                [1.0, 0.0, 0.0, 0.0, 0.0, -0.999836, 0.018122, 0.272858, 0.0, -0.018122, -0.999247, -0.0, 0.0, 0.0, 0.0, 1.0],
                [1.0, 0.0, 0.0, 0.0, -0.0, -0.999836, 0.018122, 0.272858, 0.0, -0.018122, -0.999247, -0.0, 0.0, 0.0, 0.0, 1.0]
            ]
        },
        {
            "name": "Elbow_L",
            "time": [0.0, 0.1167, 0.25, 0.3833, 0.7667, 1.2],
            "transform": [
                [-1.0, 0.0, -0.0, -0.0, 0.0, -0.0, -1.0, 0.3, -0.0, -1.0, -0.0, 0.0, 0.0, 0.0, 0.0, 1.0],
                [-1.0, 0.0, -0.0, -0.0, 0.0, -0.0, -1.0, 0.3, -0.0, -1.0, -0.0, 0.0, 0.0, 0.0, 0.0, 1.0],
                [-1.0, 0.0, -0.0, 0.0, 0.0, -0.0, -1.0, 0.3, -0.0, -1.0, -0.0, 0.0, 0.0, 0.0, 0.0, 1.0],
                [-1.0, 0.0, -0.0, 0.0, 0.0, -0.0, -1.0, 0.3, -0.0, -1.0, -0.0, 0.0, 0.0, 0.0, 0.0, 1.0],
                [-1.0, 0.0, -0.0, -0.0, 0.0, -0.0, -1.0, 0.3, -0.0, -1.0, -0.0, 0.0, 0.0, 0.0, 0.0, 1.0],
                [-1.0, 0.0, -0.0, -0.0, -0.0, -0.0, -1.0, 0.3, -0.0, -1.0, 0.0, 0.0, 0.0, 0.0, 0.0, 1.0]
            ]
        }
    ]
}