{
    "animation": [
        {
            "name": "Root",
            "time": [0.0, 0.3167, 0.7, 0.8833, 1.0833, 1.2667, 1.6333],
            "transform": [
                [0.879679, 0.0, -0.475568, -5e-06, -0.475568, 0.0, -0.879679, 0.000946, 0.0, 1.0, 0.0, 0.74484, 0.0, 0.0, 0.0, 1.0],
                [0.80168, 0.0, -0.597753, -5e-06, -0.597753, 0.0, -0.80168, -0.200001, 0.0, 1.0, 0.0, 0.693398, 0.0, 0.0, 0.0, 1.0],
                [0.80168, 0.0, -0.597753, -5e-06, -0.597753, 0.0, -0.80168, -0.200001, 0.0, 1.0, 0.0, 0.693398, 0.0, 0.0, 0.0, 1.0],
                [0.80168, 0.0, -0.597753, -5e-06, -0.597753, 0.0, -0.80168, -0.200001, 0.0, 1.0, 0.0, 0.693398, 0.0, 0.0, 0.0, 1.0],
                [0.80168, 0.0, -0.597753, -5e-06, -0.597753, 0.0, -0.80168, -0.200001, 0.0, 1.0, 0.0, 0.693398, 0.0, 0.0, 0.0, 1.0],
                [0.80168, 0.0, -0.597753, -5e-06, -0.597753, 0.0, -0.80168, -0.200001, 0.0, 1.0, 0.0, 0.693398, 0.0, 0.0, 0.0, 1.0],
                [0.879679, 0.0, -0.475568, -5e-06, -0.475568, 0.0, -0.879679, 0.000946, 0.0, 1.0, 0.0, 0.74484, 0.0, 0.0, 0.0, 1.0]
            ]
        },
        {
            "name": "Thigh_R",
            "time": [0.0, 0.1333, 0.3167, 0.7, 0.8833, 1.0833, 1.2667, 1.6333],
            "transform": [
                [0.882447, 0.17581, 0.436322, 0.124994, 0.070992, -0.966681, 0.245934, -0.002831, 0.465022, -0.186047, -0.865529, -1.2e-05, 0.0, 0.0, 0.0, 1.0],
                [0.876965, 0.307836, 0.369011, 0.124994, 0.135258, -0.894957, 0.425151, -0.002831, 0.461126, -0.32293, -0.826486, -1.2e-05, 0.0, 0.0, 0.0, 1.0],
                [0.857589, 0.299982, 0.417793, 0.124994, 0.263572, -0.953851, 0.143857, -0.002831, 0.441667, -0.013251, -0.897081, -1.2e-05, 0.0, 0.0, 0.0, 1.0],
                [0.844775, 0.320381, 0.428614, 0.124994, 0.303288, -0.946553, 0.109769, -0.002831, 0.440874, 0.037264, -0.896795, -1.2e-05, 0.0, 0.0, 0.0, 1.0],
                [0.844775, 0.320381, 0.428614, 0.124994, 0.303288, -0.946553, 0.109769, -0.002831, 0.440874, 0.037264, -0.896795, -1.2e-05, 0.0, 0.0, 0.0, 1.0],
                [0.844775, 0.320381, 0.428614, 0.124994, 0.303288, -0.946553, 0.109769, -0.002831, 0.440874, 0.037264, -0.896795, -1.2e-05, 0.0, 0.0, 0.0, 1.0],
                [0.844775, 0.320381, 0.428614, 0.124994, 0.303288, -0.946553, 0.109769, -0.002831, 0.440874, 0.037264, -0.896795, -1.2e-05, 0.0, 0.0, 0.0, 1.0],
                [0.882447, 0.17581, 0.436322, 0.124994, 0.070992, -0.966681, 0.245934, -0.002831, 0.465022, -0.186047, -0.865529, -1.2e-05, 0.0, 0.0, 0.0, 1.0]
            ]
        },
        {
            "name": "Leg_R",
            "time": [0.0, 0.1333, 0.3167, 0.7, 0.8833, 1.0833, 1.2667, 1.6333],
            "transform": [
                [1.0, 0.0, 1e-06, 0.0, -0.0, 0.984472, 0.175547, 0.37472, -1e-06, -0.175547, 0.98447, -0.0, 0.0, 0.0, 0.0, 1.0],
                [1.0, -0.0, 1e-06, 0.0, -0.0, 0.751171, 0.660108, 0.37472, -1e-06, -0.660109, 0.751169, 0.0, 0.0, 0.0, 0.0, 1.0],
                [1.0, 0.0, 1e-06, 0.0, -0.0, 0.984472, 0.175547, 0.37472, -1e-06, -0.175547, 0.98447, 0.0, 0.0, 0.0, 0.0, 1.0],
                [1.0, 0.0, 1e-06, -0.0, -0.0, 0.984472, 0.175547, 0.37472, -1e-06, -0.175547, 0.98447, -0.0, 0.0, 0.0, 0.0, 1.0],
                [1.0, 0.0, 1e-06, -0.0, -0.0, 0.984472, 0.175547, 0.37472, -1e-06, -0.175547, 0.98447, -0.0, 0.0, 0.0, 0.0, 1.0],
                [1.0, 0.0, 1e-06, -0.0, -0.0, 0.984472, 0.175547, 0.37472, -1e-06, -0.175547, 0.98447, -0.0, 0.0, 0.0, 0.0, 1.0],
                [1.0, 0.0, 1e-06, -0.0, -0.0, 0.984472, 0.175547, 0.37472, -1e-06, -0.175547, 0.98447, -0.0, 0.0, 0.0, 0.0, 1.0],
                [1.0, 0.0, 1e-06, 0.0, -0.0, 0.984472, 0.175547, 0.37472, -1e-06, -0.175547, 0.98447, -0.0, 0.0, 0.0, 0.0, 1.0]
            ]
        },
        {
            "name": "Knee_R",
            "time": [0.0, 0.3167, 0.7, 0.8833, 1.0833, 1.2667, 1.6333],
            "transform": [
                [1.0, 0.0, -0.0, 0.0, -0.0, 1e-06, -1.0, 0.383077, -0.0, 1.0, 1e-06, -0.001653, 0.0, 0.0, 0.0, 1.0],
                [1.0, 0.0, -0.0, 0.0, -0.0, 1e-06, -1.0, 0.383077, -0.0, 1.0, 1e-06, -0.001653, 0.0, 0.0, 0.0, 1.0],
                [1.0, 0.0, -0.0, -0.0, -0.0, 1e-06, -1.0, 0.383077, -0.0, 1.0, 1e-06, -0.001653, 0.0, 0.0, 0.0, 1.0],
                [1.0, 0.0, -0.0, -0.0, -0.0, 1e-06, -1.0, 0.383077, -0.0, 1.0, 1e-06, -0.001653, 0.0, 0.0, 0.0, 1.0],
                [1.0, 0.0, -0.0, -0.0, -0.0, 1e-06, -1.0, 0.383077, -0.0, 1.0, 1e-06, -0.001653, 0.0, 0.0, 0.0, 1.0],
                [1.0, 0.0, -0.0, -0.0, -0.0, 1e-06, -1.0, 0.383077, -0.0, 1.0, 1e-06, -0.001653, 0.0, 0.0, 0.0, 1.0],
                [1.0, 0.0, -0.0, 0.0, -0.0, 1e-06, -1.0, 0.383077, -0.0, 1.0, 1e-06, -0.001653, 0.0, 0.0, 0.0, 1.0]
            ]
        },
        {
            "name": "Thigh_L",
            "time": [0.0, 0.3167, 0.7, 0.8833, 1.0833, 1.2667, 1.6333],
            "transform": [
                [0.950598, -0.208511, -0.22997, -0.125006, -0.120478, -0.930568, 0.345728, -0.002831, -0.286091, -0.300941, -0.909717, -1.2e-05, 0.0, 0.0, 0.0, 1.0],
                [0.921062, -0.314142, -0.230127, -0.125006, -0.128567, -0.803134, 0.58176, -0.002831, -0.367579, -0.506251, -0.780125, -1.2e-05, 0.0, 0.0, 0.0, 1.0],
                [0.918458, -0.321901, -0.229812, -0.125006, -0.129201, -0.793351, 0.594895, -0.002831, -0.373819, -0.516694, -0.77025, -1.2e-05, 0.0, 0.0, 0.0, 1.0],
                [0.918458, -0.321901, -0.229812, -0.125006, -0.129201, -0.793351, 0.594895, -0.002831, -0.373819, -0.516694, -0.77025, -1.2e-05, 0.0, 0.0, 0.0, 1.0],
                [0.918458, -0.321901, -0.229812, -0.125006, -0.129201, -0.793351, 0.594895, -0.002831, -0.373819, -0.516694, -0.77025, -1.2e-05, 0.0, 0.0, 0.0, 1.0],
                [0.918458, -0.321901, -0.229812, -0.125006, -0.129201, -0.793351, 0.594895, -0.002831, -0.373819, -0.516694, -0.77025, -1.2e-05, 0.0, 0.0, 0.0, 1.0],
                [0.950598, -0.208511, -0.22997, -0.125006, -0.120478, -0.930568, 0.345728, -0.002831, -0.286091, -0.300941, -0.909717, -1.2e-05, 0.0, 0.0, 0.0, 1.0]
            ]
        },
        {
            "name": "Leg_L",
            "time": [0.0, 0.3167, 0.7, 0.8833, 1.0833, 1.2667, 1.6333],
            "transform": [
                [1.0, -0.0, 1e-06, 0.0, -0.0, 0.947813, 0.318825, 0.37472, -1e-06, -0.318825, 0.947814, -0.0, 0.0, 0.0, 0.0, 1.0],
                [1.0, -0.0, 1e-06, 0.0, -0.0, 0.852141, 0.523313, 0.37472, -1e-06, -0.523312, 0.852141, -0.0, 0.0, 0.0, 0.0, 1.0],
                [1.0, -0.0, 1e-06, -0.0, -0.0, 0.852141, 0.523313, 0.37472, -1e-06, -0.523312, 0.852141, 0.0, 0.0, 0.0, 0.0, 1.0],
                [1.0, -0.0, 1e-06, -0.0, -0.0, 0.852141, 0.523313, 0.37472, -1e-06, -0.523312, 0.852141, 0.0, 0.0, 0.0, 0.0, 1.0],
                [1.0, -0.0, 1e-06, -0.0, -0.0, 0.852141, 0.523313, 0.37472, -1e-06, -0.523312, 0.852141, 0.0, 0.0, 0.0, 0.0, 1.0],
                [1.0, -0.0, 1e-06, -0.0, -0.0, 0.852141, 0.523313, 0.37472, -1e-06, -0.523312, 0.852141, 0.0, 0.0, 0.0, 0.0, 1.0],
                [1.0, -0.0, 1e-06, 0.0, -0.0, 0.947813, 0.318825, 0.37472, -1e-06, -0.318825, 0.947814, -0.0, 0.0, 0.0, 0.0, 1.0]
            ]
        },
        {
            "name": "Knee_L",
            "time": [0.0, 0.3167, 0.7, 0.8833, 1.0833, 1.2667, 1.6333],
            "transform": [
                [1.0, 0.0, -0.0, 0.0, -0.0, 1e-06, -1.0, 0.37472, -0.0, 1.0, 1e-06, -0.0, 0.0, 0.0, 0.0, 1.0],
                [1.0, 0.0, -0.0, 0.0, -0.0, 1e-06, -1.0, 0.37472, -0.0, 1.0, 1e-06, -0.0, 0.0, 0.0, 0.0, 1.0],
                [1.0, 0.0, -0.0, -0.0, -0.0, 1e-06, -1.0, 0.37472, -0.0, 1.0, 1e-06, 0.0, 0.0, 0.0, 0.0, 1.0],
                [1.0, 0.0, -0.0, -0.0, -0.0, 1e-06, -1.0, 0.37472, -0.0, 1.0, 1e-06, 0.0, 0.0, 0.0, 0.0, 1.0],
                [1.0, 0.0, -0.0, -0.0, -0.0, 1e-06, -1.0, 0.37472, -0.0, 1.0, 1e-06, 0.0, 0.0, 0.0, 0.0, 1.0],
                [1.0, 0.0, -0.0, -0.0, -0.0, 1e-06, -1.0, 0.37472, -0.0, 1.0, 1e-06, 0.0, 0.0, 0.0, 0.0, 1.0],
                [1.0, 0.0, -0.0, 0.0, -0.0, 1e-06, -1.0, 0.37472, -0.0, 1.0, 1e-06, -0.0, 0.0, 0.0, 0.0, 1.0]
            ]
        },
        {
            "name": "Torso",
            "time": [0.0, 0.3167, 0.7, 0.8833, 1.0833, 1.2667, 1.6333],
            "transform": [
                [0.996512, 0.0, 0.083446, -0.0, 0.0, 1.0, 0.0, 0.05, -0.083446, 0.0, 0.996512, 0.0, 0.0, 0.0, 0.0, 1.0],
                [0.996512, 0.0, 0.083446, -0.0, 0.0, 1.0, 0.0, 0.05, -0.083446, 0.0, 0.996512, -0.0, 0.0, 0.0, 0.0, 1.0],
                [0.996512, 0.0, 0.083446, -0.0, 0.0, 1.0, 0.0, 0.05, -0.083446, 0.0, 0.996512, -0.0, 0.0, 0.0, 0.0, 1.0],
                [0.996512, 0.0, 0.083446, -0.0, 0.0, 1.0, 0.0, 0.05, -0.083446, 0.0, 0.996512, -0.0, 0.0, 0.0, 0.0, 1.0],
                [0.996512, 0.0, 0.083446, -0.0, 0.0, 1.0, 0.0, 0.05, -0.083446, 0.0, 0.996512, -0.0, 0.0, 0.0, 0.0, 1.0],
                [0.996512, 0.0, 0.083446, -0.0, 0.0, 1.0, 0.0, 0.05, -0.083446, 0.0, 0.996512, -0.0, 0.0, 0.0, 0.0, 1.0],
                [0.996512, 0.0, 0.083446, -0.0, 0.0, 1.0, 0.0, 0.05, -0.083446, 0.0, 0.996512, 0.0, 0.0, 0.0, 0.0, 1.0]
            ]
        },
        {
            "name": "Chest",
            "time": [0.0, 0.3167, 0.7, 0.8833, 1.0833, 1.2667, 1.6333],
            "transform": [
                [0.999232, 0.004476, 0.038924, -0.0, -0.006676, 0.998376, 0.056579, 0.3, -0.038608, -0.056795, 0.997639, -0.0, 0.0, 0.0, 0.0, 1.0],
                [0.930222, 0.004476, -0.366971, 0.0, 0.016686, 0.998376, 0.054473, 0.3, 0.366619, -0.056795, 0.928636, -0.0, 0.0, 0.0, 0.0, 1.0],
                [0.894572, 0.004476, -0.446901, 0.0, 0.021385, 0.998376, 0.052806, 0.3, 0.446412, -0.056796, 0.893023, -0.0, 0.0, 0.0, 0.0, 1.0],
                [0.88283, -0.018155, -0.469342, 0.0, 0.08402, 0.989239, 0.119775, 0.3, 0.462117, -0.145175, 0.874855, -0.0, 0.0, 0.0, 0.0, 1.0],
                [0.88283, -0.018155, -0.469342, 0.0, 0.08402, 0.989239, 0.119775, 0.3, 0.462117, -0.145175, 0.874855, -0.0, 0.0, 0.0, 0.0, 1.0],
                [0.88283, -0.018155, -0.469342, 0.0, 0.08402, 0.989239, 0.119775, 0.3, 0.462117, -0.145175, 0.874855, -0.0, 0.0, 0.0, 0.0, 1.0],
                [0.999232, 0.004476, 0.038924, -0.0, -0.006676, 0.998376, 0.056579, 0.3, -0.038608, -0.056795, 0.997639, -0.0, 0.0, 0.0, 0.0, 1.0]
            ]
        },
        {
            "name": "Head",
            "time": [0.0, 0.3167, 0.7, 0.8833, 1.0833, 1.2667, 1.6333],
            "transform": [
                [0.89317, -0.0, 0.44972, -0.0, 0.01104, 0.999699, -0.021925, 0.4, -0.449585, 0.024548, 0.8929, -0.0, 0.0, 0.0, 0.0, 1.0],
                [0.89317, -0.0, 0.44972, 0.0, 0.01104, 0.999699, -0.021925, 0.4, -0.449585, 0.024548, 0.8929, -0.0, 0.0, 0.0, 0.0, 1.0],
                [0.858269, -0.0, 0.513201, 0.0, 0.012598, 0.999699, -0.021069, 0.4, -0.513046, 0.024548, 0.85801, -0.0, 0.0, 0.0, 0.0, 1.0],
                [0.858269, -0.0, 0.513201, -0.0, 0.012598, 0.999699, -0.021069, 0.4, -0.513046, 0.024548, 0.85801, 0.0, 0.0, 0.0, 0.0, 1.0],
                [0.858269, -0.0, 0.513201, -0.0, 0.012598, 0.999699, -0.021069, 0.4, -0.513046, 0.024548, 0.85801, 0.0, 0.0, 0.0, 0.0, 1.0],
                [0.858269, -0.0, 0.513201, -0.0, 0.012598, 0.999699, -0.021069, 0.4, -0.513046, 0.024548, 0.85801, 0.0, 0.0, 0.0, 0.0, 1.0],
                [0.89317, -0.0, 0.44972, -0.0, 0.01104, 0.999699, -0.021925, 0.4, -0.449585, 0.024548, 0.8929, -0.0, 0.0, 0.0, 0.0, 1.0]
            ]
        },
        {
            "name": "Shoulder_R",
            "time": [0.0, 0.3167, 0.7, 0.8833, 1.0833, 1.2667, 1.6333],
            "transform": [
                [-0.004613, 0.951979, 0.306128, -0.0, 0.000526, -0.306129, 0.95199, 0.4, 0.999989, 0.004553, 0.000911, -0.0, 0.0, 0.0, 0.0, 1.0],
                [0.874651, 0.37586, 0.306128, 0.0, -0.281636, -0.119984, 0.95199, 0.4, 0.394545, -0.918876, 0.000911, -0.0, 0.0, 0.0, 0.0, 1.0],
                [0.826993, 0.471558, 0.306128, 0.0, -0.266407, -0.150805, 0.95199, 0.4, 0.495085, -0.868844, 0.000911, -0.0, 0.0, 0.0, 0.0, 1.0],
                [0.826993, 0.471558, 0.306128, -0.0, -0.266407, -0.150805, 0.95199, 0.4, 0.495084, -0.868844, 0.000911, 0.0, 0.0, 0.0, 0.0, 1.0],
                [0.826993, 0.471558, 0.306128, -0.0, -0.266407, -0.150805, 0.95199, 0.4, 0.495084, -0.868844, 0.000911, 0.0, 0.0, 0.0, 0.0, 1.0],
                [0.826993, 0.471558, 0.306128, -0.0, -0.266407, -0.150805, 0.95199, 0.4, 0.495084, -0.868844, 0.000911, 0.0, 0.0, 0.0, 0.0, 1.0],
                [-0.004613, 0.951979, 0.306128, -0.0, 0.000526, -0.306129, 0.95199, 0.4, 0.999989, 0.004553, 0.000911, -0.0, 0.0, 0.0, 0.0, 1.0]
            ]
        },
        {
            "name": "Arm_R",
            "time": [0.0, 0.15, 0.3167, 0.7, 0.8833, 1.0833, 1.2667, 1.6333],
            "transform": [
                [-0.025608, -0.970091, 0.241385, -0.0, 0.772047, -0.172584, -0.611685, 0.393861, 0.63505, 0.170696, 0.753375, -0.0, 0.0, 0.0, 0.0, 1.0],
                [-0.038048, -0.917861, -0.395074, -0.0, 0.761838, 0.229201, -0.605862, 0.393861, 0.646649, -0.324035, 0.690541, 0.0, 0.0, 0.0, 0.0, 1.0],
                [-0.055262, -0.997721, -0.03873, -0.0, 0.750717, -0.015944, -0.660432, 0.393861, 0.658309, -0.065572, 0.749886, 0.0, 0.0, 0.0, 0.0, 1.0],
                [-0.055262, -0.998055, -0.028864, -0.0, 0.750716, -0.022473, -0.660242, 0.393861, 0.658309, -0.058155, 0.750498, -0.0, 0.0, 0.0, 0.0, 1.0],
                [-0.167334, -0.89288, -0.418049, -0.0, 0.704668, 0.188242, -0.684111, 0.393861, 0.689523, -0.409061, 0.597685, 0.0, 0.0, 0.0, 0.0, 1.0],
                [-0.125967, -0.969455, -0.210448, -0.0, 0.682866, 0.069145, -0.727264, 0.393861, 0.719601, -0.235319, 0.653298, 0.0, 0.0, 0.0, 0.0, 1.0],
                [-0.125967, -0.969455, -0.210448, -0.0, 0.682866, 0.069145, -0.727264, 0.393861, 0.719601, -0.235319, 0.653298, 0.0, 0.0, 0.0, 0.0, 1.0],
                [-0.025608, -0.970091, 0.241385, -0.0, 0.772047, -0.172584, -0.611685, 0.393861, 0.63505, 0.170696, 0.753375, -0.0, 0.0, 0.0, 0.0, 1.0]
            ]
        },
        {
            "name": "Hand_R",
            "time": [0.0, 0.15, 0.3167, 0.7, 0.8833, 1.0833, 1.2667, 1.6333],
            "transform": [
                [1.0, -0.0, 0.0, -0.0, 0.0, -0.293998, -0.955806, 0.3, 0.0, 0.955806, -0.293998, 0.0, 0.0, 0.0, 0.0, 1.0],
                [1.0, -0.0, 0.0, 0.0, 0.0, 0.484405, -0.874844, 0.3, 0.0, 0.874844, 0.484405, 0.0, 0.0, 0.0, 0.0, 1.0],
                [1.0, -0.0, -0.0, 0.0, -0.0, 0.592823, -0.805333, 0.3, 0.0, 0.805333, 0.592823, -0.0, 0.0, 0.0, 0.0, 1.0],
                [1.0, -0.0, -0.0, -0.0, -0.0, 0.592823, -0.805333, 0.3, 0.0, 0.805333, 0.592823, -0.0, 0.0, 0.0, 0.0, 1.0],
                [1.0, -0.0, -0.0, -0.0, -0.0, 0.113949, -0.993487, 0.3, 0.0, 0.993487, 0.113949, 0.0, 0.0, 0.0, 0.0, 1.0],
                [1.0, -0.0, -0.0, 0.0, -0.0, 0.113949, -0.993487, 0.3, 0.0, 0.993487, 0.113949, 0.0, 0.0, 0.0, 0.0, 1.0],
                [1.0, -0.0, -0.0, 0.0, -0.0, 0.113949, -0.993487, 0.3, 0.0, 0.993487, 0.113949, 0.0, 0.0, 0.0, 0.0, 1.0],
                [1.0, -0.0, 0.0, -0.0, 0.0, -0.293998, -0.955806, 0.3, 0.0, 0.955806, -0.293998, 0.0, 0.0, 0.0, 0.0, 1.0]
            ]
        },
        {
            "name": "Tool_R",
            "time": [0.0, 0.3167, 0.7, 0.8833, 1.0833, 1.2667, 1.6333],
            "transform": [
                [0.855655, -0.306148, -0.398828, -0.0, -0.338409, -0.914583, 0.01597, 0.272858, -0.391351, 0.121341, -0.884773, 0.0, 0.0, 0.0, 0.0, 1.0],
                [0.096911, -0.034674, -0.045171, 0.0, -0.038328, -0.103585, 0.001809, 0.272858, -0.044324, 0.013743, -0.100209, 0.0, 0.0, 0.0, 0.0, 1.0],
                [0.096911, -0.034674, -0.045171, 0.0, -0.038328, -0.103585, 0.001809, 0.272858, -0.044324, 0.013743, -0.100209, 0.0, 0.0, 0.0, 0.0, 1.0],
                [0.096911, -0.034674, -0.045171, -0.0, -0.038328, -0.103585, 0.001809, 0.272858, -0.044324, 0.013743, -0.100209, 0.0, 0.0, 0.0, 0.0, 1.0],
                [0.096911, -0.034674, -0.045171, 0.0, -0.038328, -0.103585, 0.001809, 0.272858, -0.044324, 0.013743, -0.100209, -0.0, 0.0, 0.0, 0.0, 1.0],
                [0.096911, -0.034674, -0.045171, 0.0, -0.038328, -0.103585, 0.001809, 0.272858, -0.044324, 0.013743, -0.100209, -0.0, 0.0, 0.0, 0.0, 1.0],
                [0.855655, -0.306148, -0.398828, -0.0, -0.338409, -0.914583, 0.01597, 0.272858, -0.391351, 0.121341, -0.884773, 0.0, 0.0, 0.0, 0.0, 1.0]
            ]
        },
        {
            "name": "Elbow_R",
            "time": [0.0, 0.3167, 0.7, 0.8833, 1.0833, 1.2667, 1.6333],
            "transform": [
                [-1.0, 0.0, 0.0, -0.0, 0.0, 0.735098, -0.677961, 0.3, -0.0, -0.677961, -0.735098, 0.0, 0.0, 0.0, 0.0, 1.0],
                [-1.0, 0.0, 0.0, 0.0, 0.0, 0.735098, -0.677961, 0.3, -0.0, -0.677961, -0.735098, -0.0, 0.0, 0.0, 0.0, 1.0],
                [-1.0, 0.0, 0.0, -0.0, 0.0, 0.735098, -0.677961, 0.3, -0.0, -0.677961, -0.735098, -0.0, 0.0, 0.0, 0.0, 1.0],
                [-1.0, 0.0, 0.0, -0.0, 0.0, 0.735098, -0.677961, 0.3, -0.0, -0.677961, -0.735098, 0.0, 0.0, 0.0, 0.0, 1.0],
                [-1.0, 0.0, 0.0, 0.0, 0.0, 0.735098, -0.677961, 0.3, -0.0, -0.677961, -0.735098, 0.0, 0.0, 0.0, 0.0, 1.0],
                [-1.0, 0.0, 0.0, 0.0, 0.0, 0.735098, -0.677961, 0.3, -0.0, -0.677961, -0.735098, 0.0, 0.0, 0.0, 0.0, 1.0],
                [-1.0, 0.0, 0.0, -0.0, 0.0, 0.735098, -0.677961, 0.3, -0.0, -0.677961, -0.735098, 0.0, 0.0, 0.0, 0.0, 1.0]
            ]
        },
        {
            "name": "Shoulder_L",
            "time": [0.0, 0.3167, 0.7, 0.8833, 1.0833, 1.2667, 1.6333],
            "transform": [
                [0.004613, -0.952228, -0.305355, -0.0, 0.000524, -0.305355, 0.952238, 0.4, -0.999989, -0.004553, -0.00091, -0.0, 0.0, 0.0, 0.0, 1.0],
                [0.61693, -0.725366, -0.305355, 0.0, 0.197103, -0.233222, 0.952238, 0.4, -0.761937, -0.647651, -0.00091, -0.0, 0.0, 0.0, 0.0, 1.0],
                [0.61693, -0.725366, -0.305355, 0.0, 0.197103, -0.233222, 0.952238, 0.4, -0.761936, -0.647651, -0.00091, -0.0, 0.0, 0.0, 0.0, 1.0],
                [0.61693, -0.740712, -0.265974, -0.0, 0.197103, -0.181766, 0.963385, 0.4, -0.761936, -0.646766, 0.03386, 0.0, 0.0, 0.0, 0.0, 1.0],
                [0.61693, -0.740712, -0.265974, -0.0, 0.197103, -0.181766, 0.963385, 0.4, -0.761936, -0.646766, 0.03386, 0.0, 0.0, 0.0, 0.0, 1.0],
                [0.61693, -0.740712, -0.265974, -0.0, 0.197103, -0.181766, 0.963385, 0.4, -0.761936, -0.646766, 0.03386, 0.0, 0.0, 0.0, 0.0, 1.0],
                [0.004613, -0.952228, -0.305355, -0.0, 0.000524, -0.305355, 0.952238, 0.4, -0.999989, -0.004553, -0.00091, -0.0, 0.0, 0.0, 0.0, 1.0]
            ]
        },
        {
            "name": "Arm_L",
            "time": [0.0, 0.3167, 0.7, 0.8833, 1.0833, 1.2667, 1.6333],
            "transform": [
                [-0.798698, -0.121067, -0.589428, 0.0, 0.462324, 0.50351, -0.729887, 0.39386, 0.385148, -0.855465, -0.34618, -0.0, 0.0, 0.0, 0.0, 1.0],
                [0.939899, -0.146714, 0.308325, 0.0, 0.187831, 0.97624, -0.108049, 0.39386, -0.285147, 0.159468, 0.945125, -0.0, 0.0, 0.0, 0.0, 1.0],
                [0.883092, -0.090475, 0.460394, -0.0, 0.225586, 0.942252, -0.247533, 0.39386, -0.411411, 0.322453, 0.852505, -0.0, 0.0, 0.0, 0.0, 1.0],
                [0.958, 0.099664, 0.268891, -0.0, -0.013239, 0.952034, -0.305704, 0.39386, -0.286461, 0.289305, 0.913369, -0.0, 0.0, 0.0, 0.0, 1.0],
                [0.958, 0.099664, 0.268891, -0.0, -0.013239, 0.952034, -0.305704, 0.39386, -0.286461, 0.289305, 0.913369, -0.0, 0.0, 0.0, 0.0, 1.0],
                [0.958, 0.099664, 0.268891, -0.0, -0.013239, 0.952034, -0.305704, 0.39386, -0.286461, 0.289305, 0.913369, -0.0, 0.0, 0.0, 0.0, 1.0],
                [-0.798698, -0.121067, -0.589428, 0.0, 0.462324, 0.50351, -0.729887, 0.39386, 0.385148, -0.855465, -0.34618, -0.0, 0.0, 0.0, 0.0, 1.0]
            ]
        },
        {
            "name": "Hand_L",
            "time": [0.0, 0.3167, 0.7, 0.8833, 1.0833, 1.2667, 1.6333],
            "transform": [
                [1.0, 0.0, 0.0, -0.0, -0.0, 0.474033, -0.880507, 0.3, -0.0, 0.880507, 0.474033, -0.0, 0.0, 0.0, 0.0, 1.0],
                [1.0, 0.0, -0.0, 0.0, -0.0, 0.215087, -0.976595, 0.3, -0.0, 0.976595, 0.215087, 0.0, 0.0, 0.0, 0.0, 1.0],
                [1.0, 0.0, -0.0, -0.0, -0.0, 0.215087, -0.976595, 0.3, -0.0, 0.976595, 0.215087, -0.0, 0.0, 0.0, 0.0, 1.0],
                [1.0, 0.0, -0.0, 0.0, -0.0, 0.215087, -0.976595, 0.3, -0.0, 0.976595, 0.215087, -0.0, 0.0, 0.0, 0.0, 1.0],
                [1.0, 0.0, -0.0, 0.0, -0.0, 0.215087, -0.976595, 0.3, -0.0, 0.976595, 0.215087, -0.0, 0.0, 0.0, 0.0, 1.0],
                [1.0, 0.0, -0.0, 0.0, -0.0, 0.215087, -0.976595, 0.3, -0.0, 0.976595, 0.215087, -0.0, 0.0, 0.0, 0.0, 1.0],
                [1.0, 0.0, 0.0, -0.0, -0.0, 0.474033, -0.880507, 0.3, -0.0, 0.880507, 0.474033, -0.0, 0.0, 0.0, 0.0, 1.0]
            ]
        },
        {
            "name": "Tool_L",
            "time": [0.0, 0.3167, 0.7, 0.8833, 1.0833, 1.2667, 1.6333],
            "transform": [
                [1.0, 0.0, 0.0, 0.0, -0.0, -0.999836, 0.018122, 0.272858, 0.0, -0.018122, -0.999247, -0.0, 0.0, 0.0, 0.0, 1.0],
                [1.0, 0.0, 0.0, 0.0, 0.0, -0.999836, 0.018122, 0.272858, 0.0, -0.018122, -0.999247, -0.0, 0.0, 0.0, 0.0, 1.0],
                [1.0, 0.0, 0.0, -0.0, 0.0, -0.999836, 0.018122, 0.272858, 0.0, -0.018122, -0.999247, 0.0, 0.0, 0.0, 0.0, 1.0],
                [1.0, 0.0, 0.0, 0.0, 0.0, -0.983045, 0.183366, 0.272858, 0.0, -0.183268, -0.982464, -0.0, 0.0, 0.0, 0.0, 1.0],
                [1.0, 0.0, 0.0, 0.0, 0.0, -0.999836, 0.018122, 0.272858, 0.0, -0.018122, -0.999247, -0.0, 0.0, 0.0, 0.0, 1.0],
                [1.0, 0.0, 0.0, 0.0, 0.0, -0.999836, 0.018122, 0.272858, 0.0, -0.018122, -0.999247, -0.0, 0.0, 0.0, 0.0, 1.0],
                [1.0, 0.0, 0.0, 0.0, -0.0, -0.999836, 0.018122, 0.272858, 0.0, -0.018122, -0.999247, -0.0, 0.0, 0.0, 0.0, 1.0]
            ]
        },
        {
            "name": "Elbow_L",
            "time": [0.0, 0.3167, 0.7, 0.8833, 1.0833, 1.2667, 1.6333],
            "transform": [
                [-1.0, 0.0, -0.0, -0.0, -0.0, -0.0, -1.0, 0.3, -0.0, -1.0, 0.0, -0.0, 0.0, 0.0, 0.0, 1.0],
                [-1.0, 0.0, 0.0, 0.0, 0.0, 0.639546, -0.768753, 0.3, -0.0, -0.768753, -0.639546, 0.0, 0.0, 0.0, 0.0, 1.0],
                [-1.0, 0.0, 0.0, -0.0, 0.0, 0.639546, -0.768753, 0.3, -0.0, -0.768753, -0.639546, -0.0, 0.0, 0.0, 0.0, 1.0],
                [-1.0, 0.0, 0.0, 0.0, 0.0, 0.639546, -0.768753, 0.3, -0.0, -0.768753, -0.639546, -0.0, 0.0, 0.0, 0.0, 1.0],
                [-1.0, 0.0, 0.0, 0.0, 0.0, 0.639546, -0.768753, 0.3, -0.0, -0.768753, -0.639546, -0.0, 0.0, 0.0, 0.0, 1.0],
                [-1.0, 0.0, 0.0, 0.0, 0.0, 0.639546, -0.768753, 0.3, -0.0, -0.768753, -0.639546, -0.0, 0.0, 0.0, 0.0, 1.0],
                [-1.0, 0.0, -0.0, -0.0, -0.0, -0.0, -1.0, 0.3, -0.0, -1.0, 0.0, -0.0, 0.0, 0.0, 0.0, 1.0]
            ]
        }
    ]
}