{
    "animation": [
        {
            "name": "Root",
            "time": [0.0, 0.1667, 0.5333, 0.6833, 0.8167, 0.8667, 1.1, 1.1833, 1.4333, 1.55, 1.6833, 1.8167, 1.9833, 2.3333, 2.4167, 2.7167, 2.9, 3.0167, 3.2833, 3.5, 3.8667],
            "transform": [
                [0.879679, 0.0, -0.475568, -5e-06, -0.475568, 0.0, -0.879679, 0.000946, 0.0, 1.0, 0.0, 0.74484, 0.0, 0.0, 0.0, 1.0],
                [0.864367, 0.078305, -0.496728, -0.154312, -0.41795, -0.437406, -0.796237, 0.717577, -0.279621, 0.895848, -0.345351, 0.496873, 0.0, 0.0, 0.0, 1.0],
                [0.087661, 0.272696, -0.958099, -0.224548, -0.984059, -0.125694, -0.125812, 1.901459, -0.154735, 0.953854, 0.25733, 0.611505, 0.0, 0.0, 0.0, 1.0],
                [0.087661, 0.272696, -0.958099, -0.224548, -0.984059, -0.125694, -0.125812, 1.94831, -0.154735, 0.953854, 0.25733, 0.589817, 0.0, 0.0, 0.0, 1.0],
                [-0.021611, 0.755813, -0.65443, -0.393181, -0.994693, -0.08212, -0.061994, 2.690113, -0.100597, 0.649617, 0.753577, 2.249479, 0.0, 0.0, 0.0, 1.0],
                [-0.068129, 0.94712, -0.313563, -0.808062, -0.997568, -0.069313, 0.007387, 3.602535, -0.014738, 0.313303, 0.949539, 2.962006, 0.0, 0.0, 0.0, 1.0],
                [-0.068129, 0.94712, -0.313563, -0.808062, -0.996995, -0.05302, 0.056474, 3.702214, 0.036863, 0.316468, 0.947887, 2.901183, 0.0, 0.0, 0.0, 1.0],
                [-0.280578, 0.860915, -0.424384, -0.769516, -0.371941, 0.310077, 0.874935, 3.74151, 0.884836, 0.403334, 0.233209, 2.368589, 0.0, 0.0, 0.0, 1.0],
                [-0.318708, 0.935541, -0.152275, -0.808062, 0.015735, 0.165852, 0.986025, 3.906426, 0.947722, 0.311858, -0.067579, 2.567955, 0.0, 0.0, 0.0, 1.0],
                [-0.318708, 0.935541, -0.152275, -0.808062, 0.075315, 0.185139, 0.979822, 4.043818, 0.944856, 0.300809, -0.129465, 2.726802, 0.0, 0.0, 0.0, 1.0],
                [-0.35344, 0.929364, -0.106593, -0.505778, -0.739161, -0.207616, 0.640732, 3.719546, 0.573343, 0.30525, 0.760329, 2.542873, 0.0, 0.0, 0.0, 1.0],
                [-0.318708, 0.935541, -0.152275, -0.391026, -0.91952, -0.26618, 0.289191, 4.117862, 0.230017, 0.232187, 0.945083, 2.743922, 0.0, 0.0, 0.0, 1.0],
                [-0.318708, 0.935541, -0.152275, -0.391026, -0.91952, -0.26618, 0.289191, 4.256511, 0.230017, 0.232187, 0.945083, 2.70467, 0.0, 0.0, 0.0, 1.0],
                [-0.093579, 0.94712, -0.30693, -0.55551, -0.90646, 0.046459, 0.419729, 4.554819, 0.411794, 0.317498, 0.854179, 2.353667, 0.0, 0.0, 0.0, 1.0],
                [-0.089178, 0.934716, -0.344026, -0.781554, 0.407448, 0.349415, 0.843739, 3.930773, 0.908864, -0.064929, -0.412008, 2.180921, 0.0, 0.0, 0.0, 1.0],
                [-0.093579, 0.94712, -0.306931, -0.808062, 0.709935, 0.279615, 0.646381, 4.346294, 0.698023, -0.157413, -0.698559, 2.168123, 0.0, 0.0, 0.0, 1.0],
                [-0.093579, 0.94712, -0.30693, -0.808062, 0.815064, 0.24992, 0.522696, 4.511708, 0.571764, -0.201255, -0.795351, 2.168123, 0.0, 0.0, 0.0, 1.0],
                [0.082468, 0.961504, -0.262126, -0.689649, 0.689837, -0.2449, -0.681285, 4.672112, -0.719252, -0.12464, -0.683478, 1.874064, 0.0, 0.0, 0.0, 1.0],
                [0.606321, 0.273328, -0.746771, -0.178049, -0.793042, 0.138377, -0.593241, 4.672112, -0.058813, 0.951916, 0.300662, 0.651165, 0.0, 0.0, 0.0, 1.0],
                [0.581126, 0.191863, -0.790874, -0.178049, -0.809909, 0.041265, -0.585102, 4.672112, -0.079624, 0.980554, 0.179371, 0.529275, 0.0, 0.0, 0.0, 1.0],
                [0.571204, 0.071062, -0.817726, -0.178049, -0.819312, 0.109493, -0.562796, 5.029796, 0.049541, 0.991444, 0.120765, 0.716688, 0.0, 0.0, 0.0, 1.0]
            ]
        },
        {
            "name": "Thigh_R",
            "time": [0.0, 0.1667, 0.5333, 0.6833, 0.8667, 1.1, 1.1833, 1.4333, 1.55, 1.6833, 1.8167, 1.9833, 2.3333, 2.4167, 2.7167, 2.9, 3.0333, 3.2, 3.2833, 3.5, 3.8667],
            "transform": [
                [0.882447, 0.17581, 0.436322, 0.124994, 0.070992, -0.966681, 0.245934, -0.002831, 0.465022, -0.186047, -0.865529, -1.2e-05, 0.0, 0.0, 0.0, 1.0],
                [0.653782, 0.465339, 0.596681, 0.124994, -0.040513, -0.765888, 0.641695, -0.002831, 0.755597, -0.4437, -0.481873, -1.2e-05, 0.0, 0.0, 0.0, 1.0],
                [0.444648, 0.754546, 0.482645, 0.124994, 0.133134, -0.588532, 0.797436, -0.002831, 0.885755, -0.290321, -0.362147, -1.2e-05, 0.0, 0.0, 0.0, 1.0],
                [0.444648, 0.754546, 0.482645, 0.124994, 0.133134, -0.588532, 0.797436, -0.002831, 0.885755, -0.290321, -0.362147, -1.2e-05, 0.0, 0.0, 0.0, 1.0],
                [0.591505, 0.756419, -0.279195, 0.124994, 0.183602, 0.210811, 0.96013, -0.002831, 0.785119, -0.619181, -0.014185, -1.1e-05, 0.0, 0.0, 0.0, 1.0],
                [0.444648, 0.680937, -0.581904, 0.124994, 0.133134, 0.592198, 0.794717, -0.002831, 0.885755, -0.43084, 0.172664, -1.2e-05, 0.0, 0.0, 0.0, 1.0],
                [0.444648, 0.680937, -0.581903, 0.124994, 0.133134, 0.592198, 0.794717, -0.002831, 0.885755, -0.43084, 0.172664, -1.2e-05, 0.0, 0.0, 0.0, 1.0],
                [0.444648, 0.680937, -0.581904, 0.124994, 0.133134, 0.592198, 0.794717, -0.002831, 0.885755, -0.43084, 0.172664, -1.1e-05, 0.0, 0.0, 0.0, 1.0],
                [0.444648, 0.680937, -0.581904, 0.124994, 0.133134, 0.592198, 0.794717, -0.002831, 0.885755, -0.43084, 0.172664, -1.2e-05, 0.0, 0.0, 0.0, 1.0],
                [0.444648, 0.680937, -0.581903, 0.124994, 0.133134, 0.592198, 0.794717, -0.002831, 0.885755, -0.43084, 0.172664, -1.2e-05, 0.0, 0.0, 0.0, 1.0],
                [0.444648, 0.680937, -0.581904, 0.124994, 0.133134, 0.592198, 0.794717, -0.002831, 0.885756, -0.43084, 0.172664, -1.2e-05, 0.0, 0.0, 0.0, 1.0],
                [0.444648, 0.680937, -0.581904, 0.124994, 0.133134, 0.592198, 0.794717, -0.002831, 0.885756, -0.43084, 0.172664, -1.2e-05, 0.0, 0.0, 0.0, 1.0],
                [0.444648, 0.680937, -0.581904, 0.124994, 0.133134, 0.592198, 0.794717, -0.002831, 0.885755, -0.43084, 0.172664, -1.2e-05, 0.0, 0.0, 0.0, 1.0],
                [0.444648, 0.680937, -0.581903, 0.124994, 0.133134, 0.592198, 0.794717, -0.002831, 0.885755, -0.43084, 0.172664, -1.2e-05, 0.0, 0.0, 0.0, 1.0],
                [0.444648, 0.680937, -0.581904, 0.124994, 0.133134, 0.592198, 0.794717, -0.002831, 0.885755, -0.43084, 0.172664, -1.2e-05, 0.0, 0.0, 0.0, 1.0],
                [0.444648, 0.680937, -0.581904, 0.124993, 0.133134, 0.592198, 0.794717, -0.002831, 0.885755, -0.43084, 0.172664, -1.2e-05, 0.0, 0.0, 0.0, 1.0],
                [-0.29082, 0.553114, -0.780697, 0.124994, 0.454915, 0.797767, 0.395749, -0.002831, 0.841709, -0.240059, -0.483628, -1.2e-05, 0.0, 0.0, 0.0, 1.0],
                [0.464853, 0.808352, 0.361214, 0.124994, 0.086875, -0.447646, 0.88998, -0.002831, 0.881115, -0.382329, -0.278317, -1.2e-05, 0.0, 0.0, 0.0, 1.0],
                [0.444648, 0.754546, 0.482645, 0.124995, 0.133135, -0.588532, 0.797436, -0.002831, 0.885755, -0.290321, -0.362147, -1.2e-05, 0.0, 0.0, 0.0, 1.0],
                [0.444648, 0.871644, 0.206208, 0.124994, 0.133134, -0.291976, 0.947114, -0.002831, 0.885755, -0.393678, -0.245874, -1.2e-05, 0.0, 0.0, 0.0, 1.0],
                [0.882447, 0.17581, 0.436322, 0.124995, 0.070992, -0.966681, 0.245934, -0.002831, 0.465022, -0.186047, -0.865529, -1.2e-05, 0.0, 0.0, 0.0, 1.0]
            ]
        },
        {
            "name": "Leg_R",
            "time": [0.0, 0.5333, 0.6833, 0.75, 0.8667, 1.1, 1.1833, 1.4333, 1.55, 1.6833, 1.8167, 1.9833, 2.3333, 2.4167, 2.7167, 2.9, 3.0333, 3.2, 3.2833, 3.5, 3.8667],
            "transform": [
                [1.0, 0.0, 1e-06, 0.0, -0.0, 0.984472, 0.175547, 0.37472, -1e-06, -0.175547, 0.98447, -0.0, 0.0, 0.0, 0.0, 1.0],
                [1.0, -1e-06, 0.0, 0.0, -1e-06, 0.14107, 0.989999, 0.37472, -1e-06, -0.99, 0.14107, -0.0, 0.0, 0.0, 0.0, 1.0],
                [1.0, -1e-06, 0.0, 0.0, -1e-06, 0.14107, 0.989999, 0.37472, -1e-06, -0.99, 0.14107, 0.0, 0.0, 0.0, 0.0, 1.0],
                [1.0, 0.0, 1e-06, -0.0, -1e-06, 0.879253, 0.476357, 0.37472, -1e-06, -0.476357, 0.879251, 0.0, 0.0, 0.0, 0.0, 1.0],
                [1.0, -1e-06, 0.0, -0.0, -0.0, -0.403042, 0.915181, 0.37472, -1e-06, -0.915183, -0.403041, -0.0, 0.0, 0.0, 0.0, 1.0],
                [1.0, -1e-06, 0.0, 0.0, -0.0, -0.5017, 0.865041, 0.374721, -1e-06, -0.865043, -0.5017, 0.0, 0.0, 0.0, 0.0, 1.0],
                [1.0, -1e-06, 0.0, 0.0, -1e-06, -0.5017, 0.865041, 0.37472, -1e-06, -0.865043, -0.501699, -0.0, 0.0, 0.0, 0.0, 1.0],
                [1.0, -1e-06, 0.0, 0.0, -0.0, -0.5017, 0.865041, 0.37472, -1e-06, -0.865043, -0.501699, 0.0, 0.0, 0.0, 0.0, 1.0],
                [1.0, -1e-06, -0.0, -0.0, -0.0, -0.5017, 0.865041, 0.37472, -1e-06, -0.865043, -0.501699, -0.0, 0.0, 0.0, 0.0, 1.0],
                [1.0, -1e-06, 0.0, 0.0, -0.0, -0.5017, 0.865041, 0.37472, -1e-06, -0.865043, -0.5017, 0.0, 0.0, 0.0, 0.0, 1.0],
                [1.0, -1e-06, 0.0, -0.0, -0.0, -0.5017, 0.865041, 0.37472, -1e-06, -0.865043, -0.5017, 0.0, 0.0, 0.0, 0.0, 1.0],
                [1.0, -1e-06, 0.0, -0.0, -0.0, -0.5017, 0.865041, 0.37472, -1e-06, -0.865043, -0.5017, 0.0, 0.0, 0.0, 0.0, 1.0],
                [1.0, -1e-06, 0.0, 0.0, -0.0, -0.5017, 0.865041, 0.37472, -1e-06, -0.865043, -0.5017, 0.0, 0.0, 0.0, 0.0, 1.0],
                [1.0, -1e-06, 0.0, -0.0, -0.0, -0.5017, 0.865041, 0.37472, -1e-06, -0.865043, -0.501699, -0.0, 0.0, 0.0, 0.0, 1.0],
                [1.0, -1e-06, -0.0, 0.0, -0.0, -0.5017, 0.865041, 0.37472, -1e-06, -0.865043, -0.5017, 0.0, 0.0, 0.0, 0.0, 1.0],
                [1.0, -1e-06, 0.0, -0.0, -0.0, -0.5017, 0.865041, 0.37472, -1e-06, -0.865043, -0.501699, 0.0, 0.0, 0.0, 0.0, 1.0],
                [1.0, -0.0, 1e-06, 1e-06, -1e-06, 0.373484, 0.927636, 0.37472, -1e-06, -0.927637, 0.373483, -0.0, 0.0, 0.0, 0.0, 1.0],
                [1.0, 0.0, 1e-06, -0.0, -1e-06, 0.824505, 0.565855, 0.37472, -1e-06, -0.565856, 0.824504, 0.0, 0.0, 0.0, 0.0, 1.0],
                [1.0, -0.0, 1e-06, 0.0, -1e-06, 0.566328, 0.82418, 0.37472, -1e-06, -0.824181, 0.566327, -0.0, 0.0, 0.0, 0.0, 1.0],
                [1.0, -1e-06, 1e-06, 0.0, -0.0, 0.14107, 0.989999, 0.37472, -1e-06, -0.99, 0.14107, -0.0, 0.0, 0.0, 0.0, 1.0],
                [1.0, 0.0, 1e-06, -0.0, -0.0, 0.984472, 0.175547, 0.37472, -1e-06, -0.175547, 0.98447, -0.0, 0.0, 0.0, 0.0, 1.0]
            ]
        },
        {
            "name": "Knee_R",
            "time": [0.0, 0.5333, 0.6833, 0.8667, 1.1, 1.1833, 1.4333, 1.55, 1.6833, 1.8167, 1.9833, 2.3333, 2.4167, 2.7167, 2.9, 3.2833, 3.5, 3.8667],
            "transform": [
                [1.0, 0.0, -0.0, 0.0, -0.0, 1e-06, -1.0, 0.383077, -0.0, 1.0, 1e-06, -0.001653, 0.0, 0.0, 0.0, 1.0],
                [1.0, 0.0, -0.0, 0.0, -0.0, 0.555445, -0.831553, 0.383077, -0.0, 0.831553, 0.555445, -0.001653, 0.0, 0.0, 0.0, 1.0],
                [1.0, 0.0, -0.0, 0.0, -0.0, 0.555445, -0.831553, 0.383077, -0.0, 0.831553, 0.555445, -0.001653, 0.0, 0.0, 0.0, 1.0],
                [1.0, 0.0, -0.0, 0.0, -0.0, 0.555445, -0.831553, 0.383077, -0.0, 0.831553, 0.555445, -0.001653, 0.0, 0.0, 0.0, 1.0],
                [1.0, 0.0, -0.0, 0.0, -0.0, 0.555445, -0.831553, 0.383077, -0.0, 0.831553, 0.555445, -0.001653, 0.0, 0.0, 0.0, 1.0],
                [1.0, 0.0, -0.0, 0.0, -0.0, 0.555445, -0.831553, 0.383077, -0.0, 0.831553, 0.555445, -0.001654, 0.0, 0.0, 0.0, 1.0],
                [1.0, 0.0, -0.0, 0.0, -0.0, 0.555445, -0.831553, 0.383077, -0.0, 0.831553, 0.555445, -0.001653, 0.0, 0.0, 0.0, 1.0],
                [1.0, 0.0, -0.0, -0.0, -0.0, 0.555445, -0.831553, 0.383077, -0.0, 0.831553, 0.555445, -0.001653, 0.0, 0.0, 0.0, 1.0],
                [1.0, 0.0, -0.0, 0.0, -0.0, 0.555445, -0.831553, 0.383077, -0.0, 0.831553, 0.555445, -0.001653, 0.0, 0.0, 0.0, 1.0],
                [1.0, 0.0, -0.0, -0.0, -0.0, 0.555445, -0.831553, 0.383077, -0.0, 0.831553, 0.555445, -0.001653, 0.0, 0.0, 0.0, 1.0],
                [1.0, 0.0, -0.0, -0.0, -0.0, 0.555445, -0.831553, 0.383077, -0.0, 0.831553, 0.555445, -0.001653, 0.0, 0.0, 0.0, 1.0],
                [1.0, 0.0, -0.0, 0.0, -0.0, 0.555445, -0.831553, 0.383077, -0.0, 0.831553, 0.555445, -0.001653, 0.0, 0.0, 0.0, 1.0],
                [1.0, 0.0, -0.0, -0.0, -0.0, 0.555445, -0.831553, 0.383077, -0.0, 0.831553, 0.555445, -0.001654, 0.0, 0.0, 0.0, 1.0],
                [1.0, 0.0, -0.0, 0.0, -0.0, 0.555445, -0.831553, 0.383077, -0.0, 0.831553, 0.555445, -0.001653, 0.0, 0.0, 0.0, 1.0],
                [1.0, 0.0, -0.0, 0.0, -0.0, 0.555445, -0.831553, 0.383077, -0.0, 0.831553, 0.555445, -0.001653, 0.0, 0.0, 0.0, 1.0],
                [1.0, 0.0, -0.0, -0.0, -0.0, 0.555445, -0.831553, 0.383077, -0.0, 0.831553, 0.555445, -0.001654, 0.0, 0.0, 0.0, 1.0],
                [1.0, 0.0, -0.0, 0.0, -0.0, 0.555445, -0.831553, 0.383077, -0.0, 0.831553, 0.555445, -0.001653, 0.0, 0.0, 0.0, 1.0],
                [1.0, 0.0, -0.0, -0.0, -0.0, 1e-06, -1.0, 0.383077, -0.0, 1.0, 1e-06, -0.001653, 0.0, 0.0, 0.0, 1.0]
            ]
        },
        {
            "name": "Thigh_L",
            "time": [0.0, 0.1667, 0.5333, 0.6833, 0.75, 0.8667, 1.1, 1.1833, 1.4333, 1.55, 1.6833, 1.8167, 1.9833, 2.3333, 2.4167, 2.7167, 2.9, 3.2833, 3.5, 3.8667],
            "transform": [
                [0.950598, -0.208511, -0.22997, -0.125006, -0.120478, -0.930568, 0.345728, -0.002831, -0.286091, -0.300941, -0.909717, -1.2e-05, 0.0, 0.0, 0.0, 1.0],
                [0.971212, -0.050021, -0.232904, -0.125006, 0.089917, -0.828401, 0.552871, -0.002831, -0.220593, -0.557896, -0.800056, -1.2e-05, 0.0, 0.0, 0.0, 1.0],
                [0.969024, -0.026491, -0.24554, -0.125006, 0.208794, -0.44311, 0.871813, -0.002831, -0.131896, -0.896076, -0.423853, -1.2e-05, 0.0, 0.0, 0.0, 1.0],
                [0.969024, -0.026491, -0.24554, -0.125006, 0.208794, -0.44311, 0.871813, -0.002831, -0.131896, -0.896076, -0.423853, -1.2e-05, 0.0, 0.0, 0.0, 1.0],
                [0.969024, 0.088531, -0.230551, -0.125006, 0.208794, -0.792257, 0.573352, -0.002831, -0.131896, -0.60373, -0.786201, -1.2e-05, 0.0, 0.0, 0.0, 1.0],
                [0.969024, -0.083619, -0.232378, -0.125006, 0.208794, -0.225138, 0.951692, -0.002831, -0.131896, -0.970732, -0.200705, -1.1e-05, 0.0, 0.0, 0.0, 1.0],
                [0.969024, -0.149413, -0.19664, -0.125006, 0.208794, 0.070402, 0.975422, -0.002831, -0.131896, -0.986266, 0.099417, -1.2e-05, 0.0, 0.0, 0.0, 1.0],
                [0.969024, -0.149413, -0.19664, -0.125006, 0.208794, 0.070402, 0.975422, -0.002831, -0.131896, -0.986266, 0.099417, -1.2e-05, 0.0, 0.0, 0.0, 1.0],
                [0.969024, -0.149413, -0.19664, -0.125006, 0.208794, 0.070402, 0.975422, -0.002831, -0.131896, -0.986266, 0.099417, -1.1e-05, 0.0, 0.0, 0.0, 1.0],
                [0.969024, -0.149413, -0.19664, -0.125007, 0.208794, 0.070402, 0.975422, -0.002831, -0.131896, -0.986266, 0.099417, -1.2e-05, 0.0, 0.0, 0.0, 1.0],
                [0.969024, -0.149413, -0.196641, -0.125006, 0.208794, 0.070402, 0.975422, -0.002831, -0.131896, -0.986265, 0.099417, -1.2e-05, 0.0, 0.0, 0.0, 1.0],
                [0.969024, -0.149413, -0.196641, -0.125006, 0.208794, 0.070402, 0.975422, -0.002831, -0.131896, -0.986266, 0.099417, -1.2e-05, 0.0, 0.0, 0.0, 1.0],
                [0.969024, -0.149413, -0.196641, -0.125006, 0.208794, 0.070402, 0.975422, -0.002831, -0.131896, -0.986266, 0.099417, -1.2e-05, 0.0, 0.0, 0.0, 1.0],
                [0.969024, -0.149413, -0.19664, -0.125006, 0.208794, 0.070402, 0.975422, -0.002831, -0.131896, -0.986266, 0.099417, -1.2e-05, 0.0, 0.0, 0.0, 1.0],
                [0.969024, -0.149412, -0.19664, -0.125006, 0.208794, 0.070402, 0.975422, -0.002831, -0.131896, -0.986266, 0.099417, -1.2e-05, 0.0, 0.0, 0.0, 1.0],
                [0.969024, -0.149412, -0.19664, -0.125006, 0.208794, 0.070402, 0.975422, -0.002831, -0.131897, -0.986266, 0.099417, -1.2e-05, 0.0, 0.0, 0.0, 1.0],
                [0.969024, -0.149412, -0.19664, -0.125007, 0.208794, 0.070402, 0.975422, -0.002831, -0.131896, -0.986266, 0.099417, -1.2e-05, 0.0, 0.0, 0.0, 1.0],
                [0.969024, -0.026491, -0.24554, -0.125006, 0.208794, -0.44311, 0.871813, -0.002831, -0.131896, -0.896076, -0.423854, -1.2e-05, 0.0, 0.0, 0.0, 1.0],
                [0.969024, -0.078314, -0.234219, -0.125006, 0.208794, -0.246715, 0.946328, -0.002831, -0.131896, -0.965918, -0.222722, -1.2e-05, 0.0, 0.0, 0.0, 1.0],
                [0.950598, -0.208511, -0.22997, -0.125005, -0.120478, -0.930568, 0.345728, -0.002831, -0.286091, -0.300941, -0.909717, -1.2e-05, 0.0, 0.0, 0.0, 1.0]
            ]
        },
        {
            "name": "Leg_L",
            "time": [0.0, 0.1667, 0.5333, 0.6833, 0.75, 0.8667, 1.1, 1.1833, 1.4333, 1.55, 1.6833, 1.8167, 1.9833, 2.3333, 2.4167, 2.7167, 2.9, 3.2833, 3.5, 3.8667],
            "transform": [
                [1.0, -0.0, 1e-06, 0.0, -0.0, 0.947813, 0.318825, 0.37472, -1e-06, -0.318825, 0.947814, -0.0, 0.0, 0.0, 0.0, 1.0],
                [1.0, -0.0, 1e-06, 0.0, -0.0, 0.954442, 0.298396, 0.37472, -1e-06, -0.298395, 0.954443, 0.0, 0.0, 0.0, 0.0, 1.0],
                [1.0, -0.0, 1e-06, 0.0, -0.0, 0.725037, 0.68871, 0.37472, -1e-06, -0.68871, 0.725037, -0.0, 0.0, 0.0, 0.0, 1.0],
                [1.0, -0.0, 1e-06, 0.0, -0.0, 0.725037, 0.68871, 0.37472, -1e-06, -0.68871, 0.725037, -0.0, 0.0, 0.0, 0.0, 1.0],
                [1.0, 0.0, 1e-06, 0.0, -0.0, 0.995284, 0.097003, 0.37472, -1e-06, -0.097003, 0.995284, 0.0, 0.0, 0.0, 0.0, 1.0],
                [1.0, -0.0, 1e-06, 0.0, -0.0, 0.501214, 0.865324, 0.37472, -1e-06, -0.865323, 0.501214, -0.0, 0.0, 0.0, 0.0, 1.0],
                [1.0, -1e-06, 0.0, 0.0, -1e-06, -0.043104, 0.999071, 0.374721, -1e-06, -0.99907, -0.043104, 0.0, 0.0, 0.0, 0.0, 1.0],
                [1.0, -1e-06, 1e-06, 0.0, -1e-06, -0.043104, 0.999071, 0.37472, -1e-06, -0.99907, -0.043104, 0.0, 0.0, 0.0, 0.0, 1.0],
                [1.0, -1e-06, 0.0, 0.0, -1e-06, -0.043104, 0.999071, 0.37472, -1e-06, -0.99907, -0.043104, -0.0, 0.0, 0.0, 0.0, 1.0],
                [1.0, -1e-06, 0.0, 0.0, -0.0, -0.043104, 0.999071, 0.37472, -1e-06, -0.99907, -0.043104, -0.0, 0.0, 0.0, 0.0, 1.0],
                [1.0, -1e-06, 1e-06, -0.0, -0.0, -0.043104, 0.999071, 0.37472, -1e-06, -0.99907, -0.043104, -0.0, 0.0, 0.0, 0.0, 1.0],
                [1.0, -1e-06, 0.0, -0.0, -0.0, -0.043104, 0.999071, 0.37472, -1e-06, -0.99907, -0.043104, -0.0, 0.0, 0.0, 0.0, 1.0],
                [1.0, -1e-06, 0.0, -0.0, -0.0, -0.043104, 0.999071, 0.37472, -1e-06, -0.99907, -0.043104, 0.0, 0.0, 0.0, 0.0, 1.0],
                [1.0, -1e-06, 0.0, 0.0, -1e-06, -0.043104, 0.999071, 0.37472, -1e-06, -0.99907, -0.043104, 0.0, 0.0, 0.0, 0.0, 1.0],
                [1.0, -1e-06, 0.0, -0.0, -0.0, -0.043104, 0.999071, 0.37472, -1e-06, -0.99907, -0.043104, 0.0, 0.0, 0.0, 0.0, 1.0],
                [1.0, -1e-06, 0.0, 0.0, -1e-06, -0.043104, 0.999071, 0.37472, -1e-06, -0.99907, -0.043104, -0.0, 0.0, 0.0, 0.0, 1.0],
                [1.0, -1e-06, 0.0, 0.0, -1e-06, -0.043104, 0.999071, 0.37472, -1e-06, -0.99907, -0.043104, 0.0, 0.0, 0.0, 0.0, 1.0],
                [1.0, -0.0, 1e-06, 0.0, -0.0, 0.725037, 0.68871, 0.37472, -1e-06, -0.68871, 0.725037, 0.0, 0.0, 0.0, 0.0, 1.0],
                [1.0, -1e-06, 1e-06, -0.0, -0.0, 0.355284, 0.934759, 0.37472, -1e-06, -0.934758, 0.355285, 0.0, 0.0, 0.0, 0.0, 1.0],
                [1.0, -0.0, 1e-06, 0.0, -0.0, 0.947813, 0.318825, 0.37472, -1e-06, -0.318825, 0.947814, -0.0, 0.0, 0.0, 0.0, 1.0]
            ]
        },
        {
            "name": "Knee_L",
            "time": [0.0, 0.5333, 0.6833, 0.8667, 1.1, 1.1833, 1.4333, 1.55, 1.6833, 1.8167, 1.9833, 2.3333, 2.4167, 2.7167, 2.9, 3.2833, 3.5, 3.8667],
            "transform": [
                [1.0, 0.0, -0.0, 0.0, -0.0, 1e-06, -1.0, 0.37472, -0.0, 1.0, 1e-06, -0.0, 0.0, 0.0, 0.0, 1.0],
                [1.0, 0.0, -0.0, 0.0, -0.0, 1e-06, -1.0, 0.37472, -0.0, 1.0, 1e-06, -0.0, 0.0, 0.0, 0.0, 1.0],
                [1.0, 0.0, -0.0, 0.0, -0.0, 1e-06, -1.0, 0.37472, -0.0, 1.0, 1e-06, -0.0, 0.0, 0.0, 0.0, 1.0],
                [1.0, 0.0, -0.0, 0.0, -0.0, 1e-06, -1.0, 0.37472, -0.0, 1.0, 1e-06, -0.0, 0.0, 0.0, 0.0, 1.0],
                [1.0, 0.0, -0.0, 0.0, -0.0, 1e-06, -1.0, 0.374721, -0.0, 1.0, 1e-06, 0.0, 0.0, 0.0, 0.0, 1.0],
                [1.0, 0.0, -0.0, 0.0, -0.0, 1e-06, -1.0, 0.37472, -0.0, 1.0, 1e-06, 0.0, 0.0, 0.0, 0.0, 1.0],
                [1.0, 0.0, -0.0, 0.0, -0.0, 1e-06, -1.0, 0.37472, -0.0, 1.0, 1e-06, -0.0, 0.0, 0.0, 0.0, 1.0],
                [1.0, 0.0, -0.0, 0.0, -0.0, 1e-06, -1.0, 0.37472, -0.0, 1.0, 1e-06, -0.0, 0.0, 0.0, 0.0, 1.0],
                [1.0, 0.0, -0.0, -0.0, -0.0, 1e-06, -1.0, 0.37472, -0.0, 1.0, 1e-06, -0.0, 0.0, 0.0, 0.0, 1.0],
                [1.0, 0.0, -0.0, -0.0, -0.0, 1e-06, -1.0, 0.37472, -0.0, 1.0, 1e-06, -0.0, 0.0, 0.0, 0.0, 1.0],
                [1.0, 0.0, -0.0, -0.0, -0.0, 1e-06, -1.0, 0.37472, -0.0, 1.0, 1e-06, 0.0, 0.0, 0.0, 0.0, 1.0],
                [1.0, 0.0, -0.0, 0.0, -0.0, 1e-06, -1.0, 0.37472, -0.0, 1.0, 1e-06, 0.0, 0.0, 0.0, 0.0, 1.0],
                [1.0, 0.0, -0.0, -0.0, -0.0, 1e-06, -1.0, 0.37472, -0.0, 1.0, 1e-06, 0.0, 0.0, 0.0, 0.0, 1.0],
                [1.0, 0.0, -0.0, 0.0, -0.0, 1e-06, -1.0, 0.37472, -0.0, 1.0, 1e-06, -0.0, 0.0, 0.0, 0.0, 1.0],
                [1.0, 0.0, -0.0, 0.0, -0.0, 1e-06, -1.0, 0.37472, -0.0, 1.0, 1e-06, 0.0, 0.0, 0.0, 0.0, 1.0],
                [1.0, 0.0, -0.0, 0.0, -0.0, 1e-06, -1.0, 0.37472, -0.0, 1.0, 1e-06, 0.0, 0.0, 0.0, 0.0, 1.0],
                [1.0, 0.0, -0.0, -0.0, -0.0, 1e-06, -1.0, 0.37472, -0.0, 1.0, 1e-06, 0.0, 0.0, 0.0, 0.0, 1.0],
                [1.0, 0.0, -0.0, 0.0, -0.0, 1e-06, -1.0, 0.37472, -0.0, 1.0, 1e-06, -0.0, 0.0, 0.0, 0.0, 1.0]
            ]
        },
        {
            "name": "Torso",
            "time": [0.0, 0.1667, 0.5333, 0.6833, 0.75, 0.8667, 1.1, 1.1833, 1.4333, 1.55, 1.6833, 1.8167, 1.9833, 2.3333, 2.4167, 2.7167, 2.9, 3.2, 3.2833, 3.5, 3.8667],
            "transform": [
                [0.996512, 0.0, 0.083446, -0.0, 0.0, 1.0, 0.0, 0.05, -0.083446, 0.0, 0.996512, 0.0, 0.0, 0.0, 0.0, 1.0],
                [0.979321, 0.089485, 0.181446, 0.0, -0.045274, 0.971052, -0.23454, 0.05, -0.197181, 0.221475, 0.955023, -0.0, 0.0, 0.0, 0.0, 1.0],
                [0.996512, -0.0, 0.083446, -0.0, 0.0, 1.0, -0.0, 0.05, -0.083446, 0.0, 0.996512, -0.0, 0.0, 0.0, 0.0, 1.0],
                [0.996512, -0.0, 0.083446, -0.0, 0.0, 1.0, -0.0, 0.05, -0.083446, 0.0, 0.996512, 0.0, 0.0, 0.0, 0.0, 1.0],
                [0.992384, -0.031915, -0.118976, 0.0, -0.0, 0.965853, -0.25909, 0.05, 0.123182, 0.257117, 0.958497, 0.0, 0.0, 0.0, 0.0, 1.0],
                [0.996512, -0.0, 0.083446, 0.0, -0.0, 1.0, 0.0, 0.05, -0.083446, -0.0, 0.996512, 1e-06, 0.0, 0.0, 0.0, 1.0],
                [0.996512, -0.0, 0.083446, 0.0, 0.0, 1.0, -0.0, 0.05, -0.083446, -0.0, 0.996512, -0.0, 0.0, 0.0, 0.0, 1.0],
                [0.996512, 0.0, 0.083446, 0.0, 0.0, 1.0, 0.0, 0.05, -0.083446, -0.0, 0.996512, 0.0, 0.0, 0.0, 0.0, 1.0],
                [0.996512, -0.0, 0.083446, 0.0, -0.0, 1.0, -0.0, 0.05, -0.083446, 0.0, 0.996512, 0.0, 0.0, 0.0, 0.0, 1.0],
                [0.996512, -0.0, 0.083446, -0.0, 0.0, 1.0, 0.0, 0.05, -0.083446, -0.0, 0.996512, -0.0, 0.0, 0.0, 0.0, 1.0],
                [0.996512, -0.0, 0.083446, 0.0, 0.0, 1.0, 0.0, 0.05, -0.083446, -0.0, 0.996512, -0.0, 0.0, 0.0, 0.0, 1.0],
                [0.996512, 0.0, 0.083446, 0.0, -0.0, 1.0, -0.0, 0.05, -0.083446, 0.0, 0.996512, 0.0, 0.0, 0.0, 0.0, 1.0],
                [0.996512, 0.0, 0.083446, 0.0, -0.0, 1.0, -0.0, 0.05, -0.083446, 0.0, 0.996512, -0.0, 0.0, 0.0, 0.0, 1.0],
                [0.996512, 0.0, 0.083446, 0.0, 0.0, 1.0, 0.0, 0.05, -0.083446, 0.0, 0.996512, 0.0, 0.0, 0.0, 0.0, 1.0],
                [0.996512, -0.0, 0.083446, -0.0, 0.0, 1.0, -0.0, 0.05, -0.083446, -0.0, 0.996512, -0.0, 0.0, 0.0, 0.0, 1.0],
                [0.996512, -0.0, 0.083446, 0.0, 0.0, 1.0, -0.0, 0.05, -0.083446, 0.0, 0.996512, -0.0, 0.0, 0.0, 0.0, 1.0],
                [0.996512, -0.0, 0.083446, -1e-06, 0.0, 1.0, -0.0, 0.05, -0.083446, 0.0, 0.996512, 0.0, 0.0, 0.0, 0.0, 1.0],
                [0.992074, 0.009306, -0.125311, -0.0, -0.023102, 0.993763, -0.109098, 0.05, 0.123514, 0.111128, 0.986101, -0.0, 0.0, 0.0, 0.0, 1.0],
                [0.996512, 0.0, 0.083446, 1e-06, 0.0, 1.0, -0.0, 0.05, -0.083446, -0.0, 0.996512, -0.0, 0.0, 0.0, 0.0, 1.0],
                [0.996512, -0.008233, 0.083039, 0.0, 0.0, 0.995121, 0.098663, 0.05, -0.083446, -0.098319, 0.99165, 0.0, 0.0, 0.0, 0.0, 1.0],
                [0.996512, 0.0, 0.083446, 1e-06, 0.0, 1.0, -0.0, 0.05, -0.083446, -0.0, 0.996512, -0.0, 0.0, 0.0, 0.0, 1.0]
            ]
        },
        {
            "name": "Chest",
            "time": [0.0, 0.1667, 0.5333, 0.6833, 0.75, 0.8667, 1.1, 1.1833, 1.4333, 1.55, 1.6833, 1.8167, 1.9833, 2.3333, 2.4167, 2.7167, 2.9, 3.2, 3.2833, 3.5, 3.8667],
            "transform": [
                [0.999232, 0.004476, 0.038924, -0.0, -0.006676, 0.998376, 0.056579, 0.3, -0.038608, -0.056795, 0.997639, -0.0, 0.0, 0.0, 0.0, 1.0],
                [0.999232, -0.020004, 0.033689, 0.0, -0.006676, 0.760339, 0.649492, 0.3, -0.038608, -0.649218, 0.759622, 0.0, 0.0, 0.0, 0.0, 1.0],
                [0.999232, -0.014982, 0.036203, 0.0, -0.006676, 0.845381, 0.534122, 0.3, -0.038608, -0.533953, 0.844632, 0.0, 0.0, 0.0, 0.0, 1.0],
                [0.999232, -0.014982, 0.036203, 0.0, -0.006676, 0.845381, 0.534122, 0.3, -0.038608, -0.533953, 0.844632, -0.0, 0.0, 0.0, 0.0, 1.0],
                [0.983634, 0.047521, 0.173797, 0.0, -0.081241, 0.977948, 0.1924, 0.3, -0.160821, -0.203371, 0.965804, -0.0, 0.0, 0.0, 0.0, 1.0],
                [0.820361, 0.00647, 0.57181, -0.0, -0.272204, 0.883802, 0.380525, 0.3, -0.502904, -0.467816, 0.726798, 0.0, 0.0, 0.0, 0.0, 1.0],
                [0.750206, 0.015721, 0.661017, -0.0, -0.312117, 0.889746, 0.333069, 0.3, -0.582901, -0.456185, 0.6724, -0.0, 0.0, 0.0, 0.0, 1.0],
                [0.892228, 0.021752, 0.451061, -0.0, -0.223684, 0.888983, 0.399593, 0.3, -0.392293, -0.457423, 0.798041, -0.0, 0.0, 0.0, 0.0, 1.0],
                [0.932297, 0.015721, 0.361352, 0.0, -0.177928, 0.889746, 0.420349, 0.3, -0.314903, -0.456185, 0.832305, 0.0, 0.0, 0.0, 0.0, 1.0],
                [0.932297, 0.015722, 0.361352, -0.0, -0.177928, 0.889746, 0.420349, 0.3, -0.314903, -0.456185, 0.832305, 0.0, 0.0, 0.0, 0.0, 1.0],
                [0.595251, 0.008946, 0.80349, 0.0, -0.380847, 0.883632, 0.272305, 0.3, -0.707554, -0.468096, 0.52939, -1e-06, 0.0, 0.0, 0.0, 1.0],
                [0.411357, 0.015721, 0.911339, 0.0, -0.421598, 0.889746, 0.17495, 0.3, -0.80811, -0.456185, 0.372631, -0.0, 0.0, 0.0, 0.0, 1.0],
                [0.411357, 0.015721, 0.911339, 0.0, -0.421598, 0.889746, 0.17495, 0.3, -0.80811, -0.456185, 0.372631, -0.0, 0.0, 0.0, 0.0, 1.0],
                [0.750206, 0.015721, 0.661017, -0.0, -0.312117, 0.889746, 0.333069, 0.3, -0.582901, -0.456185, 0.6724, 0.0, 0.0, 0.0, 0.0, 1.0],
                [0.862692, 0.015721, 0.505486, -0.0, -0.242723, 0.889746, 0.386572, 0.3, -0.443677, -0.456185, 0.771392, 0.0, 0.0, 0.0, 0.0, 1.0],
                [0.869384, 0.015721, 0.493886, 0.0, -0.237523, 0.889746, 0.389788, 0.3, -0.433305, -0.456185, 0.777266, -1e-06, 0.0, 0.0, 0.0, 1.0],
                [0.869384, 0.015722, 0.493886, -0.0, -0.237523, 0.889746, 0.389788, 0.3, -0.433305, -0.456185, 0.777266, -0.0, 0.0, 0.0, 0.0, 1.0],
                [0.970681, -0.239674, -0.018288, -0.0, 0.23097, 0.908942, 0.347098, 0.3, -0.066568, -0.341146, 0.937651, -0.0, 0.0, 0.0, 0.0, 1.0],
                [0.999232, -0.014982, 0.036203, 0.0, -0.006676, 0.845381, 0.534121, 0.3, -0.038608, -0.533953, 0.844632, -0.0, 0.0, 0.0, 0.0, 1.0],
                [0.999232, -0.018461, 0.034559, -0.0, -0.006676, 0.788921, 0.614458, 0.3, -0.038608, -0.614217, 0.788193, -0.0, 0.0, 0.0, 0.0, 1.0],
                [0.999232, 0.004476, 0.038924, -0.0, -0.006676, 0.998376, 0.056579, 0.3, -0.038608, -0.056796, 0.997639, -0.0, 0.0, 0.0, 0.0, 1.0]
            ]
        },
        {
            "name": "Head",
            "time": [0.0, 0.1667, 0.5333, 0.6833, 0.75, 0.8667, 1.1, 1.1833, 1.4333, 1.55, 1.6833, 1.8167, 1.9833, 2.3333, 2.4167, 2.7167, 2.9, 3.2833, 3.5, 3.8667],
            "transform": [
                [0.89317, -0.0, 0.44972, -0.0, 0.01104, 0.999699, -0.021925, 0.4, -0.449585, 0.024548, 0.8929, -0.0, 0.0, 0.0, 0.0, 1.0],
                [0.873807, 0.0, -0.486274, 0.0, -0.011937, 0.999699, -0.02145, 0.4, 0.486127, 0.024548, 0.873544, 0.0, 0.0, 0.0, 0.0, 1.0],
                [0.89317, -0.0, 0.44972, -0.0, 0.01104, 0.999699, -0.021925, 0.4, -0.449585, 0.024548, 0.8929, -0.0, 0.0, 0.0, 0.0, 1.0],
                [0.89317, -0.0, 0.44972, 0.0, 0.01104, 0.999699, -0.021925, 0.4, -0.449585, 0.024548, 0.8929, -0.0, 0.0, 0.0, 0.0, 1.0],
                [0.989259, -0.049085, 0.137689, 0.0, 0.003588, 0.949807, 0.312816, 0.4, -0.146133, -0.308962, 0.939781, -0.0, 0.0, 0.0, 0.0, 1.0],
                [0.89317, 0.0, 0.44972, -0.0, 0.01104, 0.999699, -0.021925, 0.4, -0.449585, 0.024548, 0.8929, 0.0, 0.0, 0.0, 0.0, 1.0],
                [0.423174, 0.0, -0.906048, 0.0, -0.022242, 0.999699, -0.010388, 0.4, 0.905775, 0.024548, 0.423047, 0.0, 0.0, 0.0, 0.0, 1.0],
                [0.878433, 0.0, -0.477865, -0.0, -0.011731, 0.999699, -0.021564, 0.4, 0.477721, 0.024548, 0.878168, 0.0, 0.0, 0.0, 0.0, 1.0],
                [0.966285, 0.0, -0.257477, -0.0, -0.006321, 0.999699, -0.02372, 0.4, 0.257399, 0.024548, 0.965993, 0.0, 0.0, 0.0, 0.0, 1.0],
                [0.966285, 0.0, -0.257477, 0.0, -0.006321, 0.999699, -0.02372, 0.4, 0.257399, 0.024548, 0.965993, 1e-06, 0.0, 0.0, 0.0, 1.0],
                [0.966284, 0.0, -0.257477, 0.0, -0.006321, 0.999699, -0.02372, 0.4, 0.257399, 0.024548, 0.965993, -0.0, 0.0, 0.0, 0.0, 1.0],
                [0.966285, 0.0, -0.257477, -0.0, -0.006321, 0.999699, -0.02372, 0.4, 0.257399, 0.024548, 0.965993, -0.0, 0.0, 0.0, 0.0, 1.0],
                [0.966285, 0.0, -0.257477, -0.0, -0.006321, 0.999699, -0.02372, 0.4, 0.257399, 0.024548, 0.965993, -0.0, 0.0, 0.0, 0.0, 1.0],
                [0.423174, 0.0, -0.906048, 0.0, -0.022242, 0.999699, -0.010388, 0.4, 0.905775, 0.024548, 0.423047, 0.0, 0.0, 0.0, 0.0, 1.0],
                [0.990565, 0.0, -0.137045, -0.0, -0.003364, 0.999699, -0.024316, 0.4, 0.137003, 0.024548, 0.990266, 0.0, 0.0, 0.0, 0.0, 1.0],
                [0.999494, 0.0, 0.031818, -0.0, 0.000781, 0.999699, -0.024535, 0.4, -0.031809, 0.024548, 0.999192, 0.0, 0.0, 0.0, 0.0, 1.0],
                [0.999494, 0.0, 0.031818, 0.0, 0.000781, 0.999699, -0.024535, 0.4, -0.031809, 0.024548, 0.999193, -0.0, 0.0, 0.0, 0.0, 1.0],
                [0.893169, -0.0, 0.44972, 0.0, 0.01104, 0.999699, -0.021925, 0.4, -0.449585, 0.024548, 0.8929, 0.0, 0.0, 0.0, 0.0, 1.0],
                [0.89317, 0.0, 0.44972, 0.0, 0.01104, 0.999699, -0.021925, 0.4, -0.449585, 0.024548, 0.8929, 0.0, 0.0, 0.0, 0.0, 1.0],
                [0.89317, -0.0, 0.44972, -0.0, 0.01104, 0.999699, -0.021925, 0.4, -0.449585, 0.024548, 0.8929, -0.0, 0.0, 0.0, 0.0, 1.0]
            ]
        },
        {
            "name": "Shoulder_R",
            "time": [0.0, 0.5333, 0.6833, 0.8667, 1.1, 1.1833, 1.4333, 1.55, 1.6833, 1.8167, 1.9833, 2.3333, 2.4167, 2.7167, 2.9, 3.2833, 3.5, 3.8667],
            "transform": [
                [-0.004613, 0.951979, 0.306128, -0.0, 0.000526, -0.306129, 0.95199, 0.4, 0.999989, 0.004553, 0.000911, -0.0, 0.0, 0.0, 0.0, 1.0],
                [-0.004613, 0.951979, 0.306128, -0.0, 0.000526, -0.306129, 0.95199, 0.4, 0.999989, 0.004553, 0.000911, -0.0, 0.0, 0.0, 0.0, 1.0],
                [-0.004613, 0.951979, 0.306128, 0.0, 0.000526, -0.306129, 0.95199, 0.4, 0.999989, 0.004553, 0.000911, -0.0, 0.0, 0.0, 0.0, 1.0],
                [-0.004613, 0.951979, 0.306128, -0.0, 0.000526, -0.306129, 0.95199, 0.4, 0.999989, 0.004553, 0.000911, 0.0, 0.0, 0.0, 0.0, 1.0],
                [-0.004613, 0.951979, 0.306128, 0.0, 0.000526, -0.306129, 0.95199, 0.4, 0.999989, 0.004553, 0.000911, 0.0, 0.0, 0.0, 0.0, 1.0],
                [-0.090822, 0.947648, 0.306128, -0.0, 0.028252, -0.304823, 0.95199, 0.4, 0.995466, 0.09511, 0.000911, 0.0, 0.0, 0.0, 0.0, 1.0],
                [-0.123381, 0.943961, 0.306128, -0.0, 0.038726, -0.30367, 0.95199, 0.4, 0.991603, 0.129313, 0.000911, 0.0, 0.0, 0.0, 0.0, 1.0],
                [-0.123381, 0.943961, 0.306128, 0.0, 0.038726, -0.30367, 0.95199, 0.4, 0.991603, 0.129313, 0.000911, 1e-06, 0.0, 0.0, 0.0, 1.0],
                [0.352097, 0.884485, 0.306128, 0.0, -0.114112, -0.284066, 0.95199, 0.4, 0.928981, -0.370125, 0.000912, -0.0, 0.0, 0.0, 0.0, 1.0],
                [0.513815, 0.801424, 0.306128, -0.0, -0.166031, -0.257194, 0.95199, 0.4, 0.841681, -0.539973, 0.000911, -0.0, 0.0, 0.0, 0.0, 1.0],
                [0.513815, 0.801424, 0.306128, -0.0, -0.166031, -0.257194, 0.95199, 0.4, 0.841681, -0.539973, 0.000911, -0.0, 0.0, 0.0, 0.0, 1.0],
                [-0.004613, 0.951979, 0.306128, 0.0, 0.000526, -0.306129, 0.95199, 0.4, 0.999989, 0.004553, 0.000911, 0.0, 0.0, 0.0, 0.0, 1.0],
                [-0.78311, 0.498977, 0.37116, -0.0, 0.242847, -0.304076, 0.921175, 0.4, 0.572506, 0.811517, 0.11695, 0.0, 0.0, 0.0, 0.0, 1.0],
                [-0.839097, 0.395358, 0.373641, -0.0, 0.269373, -0.294749, 0.916821, 0.4, 0.472603, 0.869951, 0.140825, 0.0, 0.0, 0.0, 0.0, 1.0],
                [-0.839097, 0.395358, 0.373641, 0.0, 0.269373, -0.294749, 0.916821, 0.4, 0.472603, 0.869951, 0.140825, -0.0, 0.0, 0.0, 0.0, 1.0],
                [-0.004613, 0.951979, 0.306128, 0.0, 0.000526, -0.306129, 0.95199, 0.4, 0.999989, 0.004553, 0.000911, 0.0, 0.0, 0.0, 0.0, 1.0],
                [-0.004613, 0.951979, 0.306128, 0.0, 0.000526, -0.306129, 0.95199, 0.4, 0.999989, 0.004553, 0.000911, 0.0, 0.0, 0.0, 0.0, 1.0],
                [-0.004613, 0.951979, 0.306128, -0.0, 0.000526, -0.306129, 0.95199, 0.4, 0.999989, 0.004553, 0.000911, -0.0, 0.0, 0.0, 0.0, 1.0]
            ]
        },
        {
            "name": "Arm_R",
            "time": [0.0, 0.5333, 0.6833, 0.75, 0.8667, 1.1, 1.1833, 1.4333, 1.55, 1.6333, 1.6833, 1.8167, 1.9833, 2.3333, 2.4167, 2.7167, 2.9, 3.2833, 3.5, 3.8667],
            "transform": [
                [-0.025608, -0.970091, 0.241385, -0.0, 0.772047, -0.172584, -0.611685, 0.393861, 0.63505, 0.170696, 0.753375, -0.0, 0.0, 0.0, 0.0, 1.0],
                [0.688452, -0.552759, -0.469565, -0.0, 0.599888, 0.797854, -0.059686, 0.39386, 0.407636, -0.240595, 0.880878, -0.0, 0.0, 0.0, 0.0, 1.0],
                [0.688452, -0.552759, -0.469565, -0.0, 0.599888, 0.797854, -0.059686, 0.393861, 0.407636, -0.240595, 0.880878, 0.0, 0.0, 0.0, 0.0, 1.0],
                [0.464939, -0.0217, -0.885076, 0.0, 0.597396, 0.745502, 0.29554, 0.393861, 0.653413, -0.66615, 0.359577, -0.0, 0.0, 0.0, 0.0, 1.0],
                [-0.172644, -0.98383, 0.047659, 0.0, -0.166343, -0.018569, -0.985893, 0.393861, 0.970837, -0.178137, -0.160448, -0.0, 0.0, 0.0, 0.0, 1.0],
                [-0.209213, -0.94243, 0.260873, -0.0, -0.408603, -0.15812, -0.898912, 0.393861, 0.888411, -0.294658, -0.351999, 0.0, 0.0, 0.0, 0.0, 1.0],
                [0.124344, -0.503542, -0.854976, -0.0, -0.419686, 0.754101, -0.505169, 0.393861, 0.899112, 0.421636, -0.117562, -0.0, 0.0, 0.0, 0.0, 1.0],
                [0.201738, -0.057474, -0.977752, -0.0, -0.49451, 0.855719, -0.152332, 0.393861, 0.845436, 0.51424, 0.144209, 0.0, 0.0, 0.0, 0.0, 1.0],
                [0.201738, -0.057474, -0.977752, -1e-06, -0.49451, 0.855719, -0.152332, 0.39386, 0.845436, 0.51424, 0.144209, 0.0, 0.0, 0.0, 0.0, 1.0],
                [0.053716, -0.013617, 0.998464, -0.0, 0.523302, 0.851987, -0.016533, 0.393861, -0.850453, 0.523387, 0.052891, -0.0, 0.0, 0.0, 0.0, 1.0],
                [0.287264, -0.89489, 0.341542, 0.0, 0.61816, 0.44558, 0.647562, 0.39386, -0.731681, 0.025106, 0.681185, 0.0, 0.0, 0.0, 0.0, 1.0],
                [0.51356, -0.824828, 0.236465, 0.0, 0.349612, 0.452816, 0.820201, 0.393861, -0.7836, -0.338551, 0.520917, -0.0, 0.0, 0.0, 0.0, 1.0],
                [0.51356, -0.824828, 0.236465, -0.0, 0.349612, 0.452816, 0.820201, 0.39386, -0.7836, -0.338551, 0.520917, -0.0, 0.0, 0.0, 0.0, 1.0],
                [-0.209213, -0.94243, 0.260873, 0.0, -0.408603, -0.15812, -0.898912, 0.393861, 0.888411, -0.294658, -0.351999, 0.0, 0.0, 0.0, 0.0, 1.0],
                [0.344335, -0.22509, -0.911465, 0.0, -0.265746, 0.907763, -0.324569, 0.39386, 0.900452, 0.353978, 0.252758, -0.0, 0.0, 0.0, 0.0, 1.0],
                [0.424477, 0.01276, -0.905349, 0.0, -0.275298, 0.954381, -0.115623, 0.39386, 0.862572, 0.29832, 0.408625, 0.0, 0.0, 0.0, 0.0, 1.0],
                [0.424477, 0.01276, -0.905349, 0.0, -0.275298, 0.954381, -0.115623, 0.393861, 0.862572, 0.29832, 0.408625, 0.0, 0.0, 0.0, 0.0, 1.0],
                [0.688452, -0.552759, -0.469565, -0.0, 0.599888, 0.797854, -0.059686, 0.39386, 0.407637, -0.240595, 0.880878, 0.0, 0.0, 0.0, 0.0, 1.0],
                [0.688452, -0.438935, -0.577382, 0.0, 0.599888, 0.79204, 0.113167, 0.393861, 0.407636, -0.424274, 0.808594, -0.0, 0.0, 0.0, 0.0, 1.0],
                [-0.025608, -0.970092, 0.241385, 0.0, 0.772047, -0.172584, -0.611685, 0.393861, 0.63505, 0.170696, 0.753375, 0.0, 0.0, 0.0, 0.0, 1.0]
            ]
        },
        {
            "name": "Hand_R",
            "time": [0.0, 0.5333, 0.6833, 0.8667, 1.1, 1.1833, 1.4333, 1.55, 1.6833, 1.8167, 1.9833, 2.3333, 2.4167, 2.7167, 2.9, 3.2833, 3.5, 3.8667],
            "transform": [
                [1.0, -0.0, 0.0, -0.0, 0.0, -0.293998, -0.955806, 0.3, 0.0, 0.955806, -0.293998, 0.0, 0.0, 0.0, 0.0, 1.0],
                [1.0, -0.0, 0.0, 0.0, 0.0, 0.892342, -0.45136, 0.3, 0.0, 0.45136, 0.892342, 0.0, 0.0, 0.0, 0.0, 1.0],
                [1.0, -0.0, 0.0, -0.0, 0.0, 0.892342, -0.45136, 0.3, 0.0, 0.45136, 0.892342, 0.0, 0.0, 0.0, 0.0, 1.0],
                [1.0, -0.0, 0.0, 0.0, 0.0, 0.892342, -0.45136, 0.3, 0.0, 0.45136, 0.892342, -0.0, 0.0, 0.0, 0.0, 1.0],
                [1.0, -0.0, 0.0, 0.0, 0.0, 0.892342, -0.45136, 0.3, -0.0, 0.45136, 0.892342, 0.0, 0.0, 0.0, 0.0, 1.0],
                [1.0, -0.0, 0.0, 0.0, 0.0, 0.977906, -0.209044, 0.3, -0.0, 0.209044, 0.977906, 0.0, 0.0, 0.0, 0.0, 1.0],
                [1.0, -0.0, -0.0, -0.0, 0.0, 0.993622, -0.112764, 0.3, 0.0, 0.112764, 0.993622, 1e-06, 0.0, 0.0, 0.0, 1.0],
                [1.0, -0.0, -0.0, -0.0, 0.0, 0.993622, -0.112764, 0.3, 0.0, 0.112764, 0.993622, -1e-06, 0.0, 0.0, 0.0, 1.0],
                [1.0, -0.0, -0.0, -0.0, 0.0, 0.993622, -0.112764, 0.3, 0.0, 0.112764, 0.993622, -0.0, 0.0, 0.0, 0.0, 1.0],
                [1.0, -0.0, -0.0, 0.0, 0.0, 0.993622, -0.112764, 0.3, 0.0, 0.112764, 0.993622, -0.0, 0.0, 0.0, 0.0, 1.0],
                [1.0, -0.0, -0.0, 0.0, 0.0, 0.993622, -0.112764, 0.3, 0.0, 0.112764, 0.993622, -0.0, 0.0, 0.0, 0.0, 1.0],
                [1.0, -0.0, 0.0, 0.0, 0.0, 0.892342, -0.45136, 0.3, 0.0, 0.45136, 0.892342, -1e-06, 0.0, 0.0, 0.0, 1.0],
                [1.0, -0.0, 0.0, -0.0, 0.0, 0.982425, -0.186656, 0.3, -0.0, 0.186656, 0.982425, 0.0, 0.0, 0.0, 0.0, 1.0],
                [1.0, -0.0, 0.0, 0.0, 0.0, 0.990455, -0.137836, 0.3, 0.0, 0.137836, 0.990455, -0.0, 0.0, 0.0, 0.0, 1.0],
                [1.0, -0.0, 0.0, 0.0, 0.0, 0.990455, -0.137836, 0.300001, 0.0, 0.137836, 0.990455, 0.0, 0.0, 0.0, 0.0, 1.0],
                [1.0, -0.0, 0.0, -0.0, 0.0, 0.892342, -0.45136, 0.3, 0.0, 0.45136, 0.892342, 0.0, 0.0, 0.0, 0.0, 1.0],
                [1.0, -0.0, 0.0, -1e-06, 0.0, 0.892342, -0.45136, 0.3, -0.0, 0.45136, 0.892342, 0.0, 0.0, 0.0, 0.0, 1.0],
                [1.0, -0.0, 0.0, -0.0, 0.0, -0.293998, -0.955806, 0.3, 0.0, 0.955806, -0.293998, -0.0, 0.0, 0.0, 0.0, 1.0]
            ]
        },
        {
            "name": "Tool_R",
            "time": [0.0, 0.5333, 0.6833, 0.8667, 1.1, 1.1833, 1.4333, 1.55, 1.6833, 1.8167, 1.9833, 2.3333, 2.4167, 2.7167, 2.9, 3.2833, 3.5, 3.8667],
            "transform": [
                [0.855655, -0.306148, -0.398828, -0.0, -0.338409, -0.914583, 0.01597, 0.272858, -0.391351, 0.121341, -0.884773, 0.0, 0.0, 0.0, 0.0, 1.0],
