{
    "animation": [
        {
            "name": "Root",
            "time": [0.0, 0.1667, 0.3667, 0.4833, 0.7167, 0.9167],
            "transform": [
                [0.858556, 0.005509, -0.305254, 0.038433, -0.305266, 0.001219, -0.858569, -0.085759, -0.004782, 0.911207, 0.002994, 1.321655, 0.0, 0.0, 0.0, 1.0],
                [0.81221, 0.00562, -0.413053, 0.038433, -0.413063, 0.000501, -0.812224, -0.085759, -0.004782, 0.911207, 0.002994, 1.321655, 0.0, 0.0, 0.0, 1.0],
                [0.903774, 0.00562, 0.116148, 0.038433, 0.116147, 0.000501, -0.903791, 1.88161, -0.005638, 0.911207, -0.000219, 1.321655, 0.0, 0.0, 0.0, 1.0],
                [0.903774, 0.00562, 0.116148, 0.038433, 0.116147, 0.000501, -0.903791, 1.88161, -0.005638, 0.911207, -0.000219, 1.321655, 0.0, 0.0, 0.0, 1.0],
                [0.903774, 0.00562, 0.116148, 0.038433, 0.116147, 0.000501, -0.903791, 1.370666, -0.005638, 0.911207, -0.000219, 1.427412, 0.0, 0.0, 0.0, 1.0],
                [0.903774, 0.00562, 0.116148, 0.038433, 0.116147, 0.000501, -0.903791, 1.370666, -0.005638, 0.911207, -0.000219, 1.427412, 0.0, 0.0, 0.0, 1.0]
            ]
        },
        {
            "name": "Lower_Torso",
            "time": [0.0, 0.1667, 0.3667, 0.4833, 0.7167, 0.9167],
            "transform": [
                [0.999996, -0.002686, -0.000557, 0.0, 0.002743, 0.979169, 0.203027, 0.182359, -0.0, -0.203028, 0.979173, 0.0, 0.0, 0.0, 0.0, 1.0],
                [0.969046, -0.002686, -0.246866, 0.0, 0.05267, 0.979169, 0.196096, 0.182359, 0.241197, -0.203028, 0.949001, 0.0, 0.0, 0.0, 0.0, 1.0],
                [0.991615, -0.002686, -0.129202, -0.0, 0.02884, 0.979169, 0.200987, 0.182359, 0.125971, -0.203028, 0.971036, 0.0, 0.0, 0.0, 0.0, 1.0],
                [0.991615, -0.002686, -0.129202, -0.0, 0.02884, 0.979169, 0.200987, 0.182359, 0.125971, -0.203028, 0.971036, 0.0, 0.0, 0.0, 0.0, 1.0],
                [0.999996, -0.002743, 0.0, 0.0, 0.002743, 0.999996, 0.0, 0.182359, -0.0, 0.0, 1.0, 0.0, 0.0, 0.0, 0.0, 1.0],
                [0.999996, -0.002743, 0.0, 0.0, 0.002743, 0.999996, 0.0, 0.182359, -0.0, 0.0, 1.0, 0.0, 0.0, 0.0, 0.0, 1.0]
            ]
        },
        {
            "name": "Upper_Torso",
            "time": [0.0, 0.1667, 0.2667, 0.3667, 0.4833, 0.7167, 0.9167, 0.2],
            "transform": [
                [-0.974955, 0.058965, 0.214442, 0.0, -0.002971, 0.960672, -0.277668, 0.666804, -0.222381, -0.271351, -0.936438, -0.0, 0.0, 0.0, 0.0, 1.0],
                [-0.896498, 0.058965, 0.439106, 0.0, -0.068607, 0.960672, -0.269075, 0.666804, -0.437704, -0.271351, -0.857195, -0.0, 0.0, 0.0, 0.0, 1.0],
                [-0.998851, 0.014059, 0.045809, 0.0, -0.001304, 0.94766, -0.319278, 0.666804, -0.0479, -0.318971, -0.946553, 0.0, 0.0, 0.0, 0.0, 1.0],
                [-0.954808, -0.019743, -0.296567, -0.0, 0.104387, 0.911956, -0.396787, 0.666804, 0.27829, -0.409813, -0.868682, -0.0, 0.0, 0.0, 0.0, 1.0],
                [-0.926449, -0.105403, -0.361362, -0.0, -0.019799, 0.972312, -0.232848, 0.666804, 0.3759, -0.208567, -0.902884, -0.0, 0.0, 0.0, 0.0, 1.0],
                [-0.926449, -0.105403, -0.361362, -0.0, -0.019799, 0.972312, -0.232848, 0.666804, 0.3759, -0.208567, -0.902884, -0.0, 0.0, 0.0, 0.0, 1.0],
                [-0.998066, -0.005417, -0.061928, 0.0, 0.008801, 0.973851, -0.227017, 0.666804, 0.061538, -0.227123, -0.97192, -0.0, 0.0, 0.0, 0.0, 1.0],
                [-0.998066, -0.005417, -0.061928, 0.0, 0.008801, 0.973851, -0.227017, 0.666804, 0.061538, -0.227123, -0.97192, -0.0, 0.0, 0.0, 0.0, 1.0]
            ]
        },
        {
            "name": "Head",
            "time": [0.0, 0.1667, 0.3667, 0.4833, 0.7167, 0.9167],
            "transform": [
                [-0.941135, 0.074467, -0.329727, -0.0, 0.016466, 0.984375, 0.175316, 0.637051, 0.337631, 0.159566, -0.927655, -0.0, 0.0, 0.0, 0.0, 1.0],
                [-0.877793, 0.074467, -0.473217, -0.0, -0.011226, 0.984375, 0.175729, 0.637051, 0.478908, 0.159566, -0.863241, 0.0, 0.0, 0.0, 0.0, 1.0],
                [-0.928484, 0.074467, 0.363829, 0.0, 0.126819, 0.984375, 0.122162, 0.637052, -0.349047, 0.159566, -0.92342, 0.0, 0.0, 0.0, 0.0, 1.0],
                [-0.928484, 0.074467, 0.363829, 0.0, 0.126819, 0.984375, 0.122162, 0.637052, -0.349047, 0.159566, -0.92342, 0.0, 0.0, 0.0, 0.0, 1.0],
                [-0.991111, 0.074467, 0.110249, 0.0, 0.090747, 0.984375, 0.150903, 0.637051, -0.097289, 0.159566, -0.982382, -0.0, 0.0, 0.0, 0.0, 1.0],
                [-0.991111, 0.074467, 0.110249, 0.0, 0.090747, 0.984375, 0.150903, 0.637051, -0.097289, 0.159566, -0.982382, -0.0, 0.0, 0.0, 0.0, 1.0]
            ]
        },
        {
            "name": "Left_Arm",
            "time": [0.0, 0.1667, 0.2667, 0.3667, 0.4833, 0.7167, 0.9167],
            "transform": [
                [-0.452414, -0.597291, 0.662243, 0.521306, 0.853047, -0.506381, 0.126048, 0.598125, 0.26006, 0.62195, 0.738611, 0.307809, 0.0, 0.0, 0.0, 1.0],
                [-0.452414, -0.597291, 0.662243, 0.521306, 0.853048, -0.506381, 0.126048, 0.598124, 0.26006, 0.62195, 0.738611, 0.307809, 0.0, 0.0, 0.0, 1.0],
                [-0.169251, 0.171535, 0.97053, 0.521306, 0.983432, -0.035475, 0.177771, 0.598124, 0.064924, 0.984539, -0.162689, 0.307809, 0.0, 0.0, 0.0, 1.0],
                [-0.452414, 0.431851, 0.780273, 0.521306, 0.853048, -0.045583, 0.519838, 0.598125, 0.26006, 0.900792, -0.347767, 0.307809, 0.0, 0.0, 0.0, 1.0],
                [-0.452414, 0.431851, 0.780273, 0.521306, 0.853048, -0.045583, 0.519838, 0.598125, 0.26006, 0.900792, -0.347767, 0.307809, 0.0, 0.0, 0.0, 1.0],
                [-0.099777, 0.114297, 0.988423, 0.699152, 0.195411, -0.971784, 0.132098, 0.78895, 0.975632, 0.206329, 0.074627, -0.021019, 0.0, 0.0, 0.0, 1.0],
                [-0.099777, 0.114297, 0.988423, 0.699152, 0.195411, -0.971784, 0.132098, 0.78895, 0.975632, 0.206329, 0.074627, -0.021019, 0.0, 0.0, 0.0, 1.0]
            ]
        },
        {
            "name": "Left_Forearm",
            "time": [0.0, 0.1667, 0.2333, 0.3667, 0.4833, 0.7167, 0.9167],
            "transform": [
                [0.999602, -0.028157, -0.001812, 0.0, 0.028182, 0.999479, 0.015768, 0.922077, 0.001367, -0.015812, 0.999874, 0.0, 0.0, 0.0, 0.0, 1.0],
                [0.999602, -0.023169, -0.016103, -0.0, 0.028182, 0.847507, 0.530036, 0.922077, 0.001367, -0.530279, 0.847822, -0.0, 0.0, 0.0, 0.0, 1.0],
                [0.999602, -0.025678, -0.011693, 0.0, 0.028182, 0.928737, 0.369667, 0.922077, 0.001367, -0.36985, 0.929091, -0.0, 0.0, 0.0, 0.0, 1.0],
                [0.999602, -0.02814, 0.002059, -0.0, 0.028182, 0.992231, -0.121177, 0.922077, 0.001367, 0.121187, 0.992629, 0.0, 0.0, 0.0, 0.0, 1.0],
                [0.999602, -0.02814, 0.002059, -0.0, 0.028182, 0.992231, -0.121177, 0.922077, 0.001367, 0.121187, 0.992629, 0.0, 0.0, 0.0, 0.0, 1.0],
                [0.991756, -0.128127, -0.001812, 0.0, 0.12814, 0.991631, 0.015768, 0.922077, -0.000224, -0.01587, 0.999874, -0.0, 0.0, 0.0, 0.0, 1.0],
                [0.991756, -0.128127, -0.001812, 0.0, 0.12814, 0.991631, 0.015768, 0.922077, -0.000224, -0.01587, 0.999874, -0.0, 0.0, 0.0, 0.0, 1.0]
            ]
        },
        {
            "name": "Left_Claw",
            "time": [0.0, 0.1667, 0.3667, 0.4833, 0.7167, 0.9167],
            "transform": [
                [0.988132, 0.152954, 0.014145, 0.0, -0.150512, 0.945712, 0.288055, 0.818741, 0.030682, -0.286765, 0.957509, -0.0, 0.0, 0.0, 0.0, 1.0],
                [0.988132, 0.152954, 0.014145, 0.0, -0.150512, 0.945712, 0.288055, 0.818741, 0.030682, -0.286765, 0.957509, 0.0, 0.0, 0.0, 0.0, 1.0],
                [0.988132, 0.152954, 0.014145, 0.0, -0.150512, 0.945712, 0.288055, 0.818741, 0.030682, -0.286765, 0.957509, 0.0, 0.0, 0.0, 0.0, 1.0],
                [0.988132, 0.152954, 0.014145, 0.0, -0.150512, 0.945712, 0.288055, 0.818741, 0.030682, -0.286765, 0.957509, 0.0, 0.0, 0.0, 0.0, 1.0],
                [0.988132, 0.152954, 0.014145, -0.0, -0.150512, 0.945712, 0.288055, 0.818741, 0.030682, -0.286765, 0.957509, 0.0, 0.0, 0.0, 0.0, 1.0],
                [0.988132, 0.152954, 0.014145, -0.0, -0.150512, 0.945712, 0.288055, 0.818741, 0.030682, -0.286765, 0.957509, 0.0, 0.0, 0.0, 0.0, 1.0]
            ]
        },
        {
            "name": "Right_Arm",
            "time": [0.0, 0.1667, 0.3667, 0.4833, 0.7167, 0.9167],
            "transform": [
                [0.391302, -0.259196, -0.883007, -0.673575, 0.17562, -0.920849, 0.34813, 0.700798, -0.90335, -0.291298, -0.31481, -0.092819, 0.0, 0.0, 0.0, 1.0],
                [0.391302, -0.347114, -0.852288, -0.673575, 0.17562, -0.880948, 0.439418, 0.700798, -0.90335, -0.321624, -0.283756, -0.092819, 0.0, 0.0, 0.0, 1.0],
                [0.391302, -0.347114, -0.852288, -0.673575, 0.17562, -0.880948, 0.439418, 0.700798, -0.90335, -0.321624, -0.283756, -0.092819, 0.0, 0.0, 0.0, 1.0],
                [0.391302, -0.347114, -0.852288, -0.673575, 0.17562, -0.880948, 0.439418, 0.700798, -0.90335, -0.321624, -0.283756, -0.092819, 0.0, 0.0, 0.0, 1.0],
                [-0.056309, -0.141849, -0.988286, -0.673575, -0.233499, -0.960534, 0.15117, 0.700798, -0.970725, 0.239276, 0.020965, -0.092819, 0.0, 0.0, 0.0, 1.0],
                [-0.056309, -0.141849, -0.988286, -0.673575, -0.233499, -0.960534, 0.15117, 0.700798, -0.970725, 0.239276, 0.020965, -0.092819, 0.0, 0.0, 0.0, 1.0]
            ]
        },
        {
            "name": "Right_Forearm",
            "time": [0.0, 0.1667, 0.3667, 0.4833, 0.7167, 0.9167],
            "transform": [
                [0.9877, -0.156358, -0.000886, 0.0, 0.156351, 0.987689, -0.005038, 0.880013, 0.001663, 0.004838, 0.999987, 0.0, 0.0, 0.0, 0.0, 1.0],
                [0.9877, -0.156358, -0.000886, 0.0, 0.156351, 0.987689, -0.005038, 0.880013, 0.001663, 0.004838, 0.999987, -0.0, 0.0, 0.0, 0.0, 1.0],
                [0.9877, -0.156358, -0.000886, 0.0, 0.156351, 0.987689, -0.005038, 0.880014, 0.001663, 0.004838, 0.999987, 0.0, 0.0, 0.0, 0.0, 1.0],
                [0.9877, -0.156358, -0.000886, 0.0, 0.156351, 0.987689, -0.005038, 0.880014, 0.001663, 0.004838, 0.999987, 0.0, 0.0, 0.0, 0.0, 1.0],
                [0.994052, 0.108901, -0.000886, -0.0, -0.108904, 0.99404, -0.005038, 0.880013, 0.000332, 0.005105, 0.999987, 0.0, 0.0, 0.0, 0.0, 1.0],
                [0.994052, 0.108901, -0.000886, -0.0, -0.108904, 0.99404, -0.005038, 0.880013, 0.000332, 0.005105, 0.999987, 0.0, 0.0, 0.0, 0.0, 1.0]
            ]
        },
        {
            "name": "Right_Bulb",
            "time": [0.0, 0.1667, 0.3667, 0.4833, 0.7167, 0.9167],
            "transform": [
                [0.998341, -0.056574, 0.010741, -0.0, 0.057583, 0.98225, -0.178518, 0.826636, -0.000451, 0.178841, 0.983878, -0.0, 0.0, 0.0, 0.0, 1.0],
                [0.998341, -0.056574, 0.010741, -0.0, 0.057583, 0.98225, -0.178518, 0.826636, -0.000451, 0.178841, 0.983878, 0.0, 0.0, 0.0, 0.0, 1.0],
                [0.998341, -0.056574, 0.010741, 0.0, 0.057583, 0.98225, -0.178518, 0.826636, -0.000451, 0.178841, 0.983878, 0.0, 0.0, 0.0, 0.0, 1.0],
                [0.998341, -0.056574, 0.010741, 0.0, 0.057583, 0.98225, -0.178518, 0.826636, -0.000451, 0.178841, 0.983878, 0.0, 0.0, 0.0, 0.0, 1.0],
                [0.998341, -0.056574, 0.010741, -0.0, 0.057583, 0.98225, -0.178518, 0.826636, -0.000451, 0.178841, 0.983878, -0.0, 0.0, 0.0, 0.0, 1.0],
                [0.998341, -0.056574, 0.010741, -0.0, 0.057583, 0.98225, -0.178518, 0.826636, -0.000451, 0.178841, 0.983878, -0.0, 0.0, 0.0, 0.0, 1.0]
            ]
        },
        {
            "name": "Right_Blade",
            "time": [0.0, 0.1667, 0.3667, 0.4833, 0.7167, 0.9167],
            "transform": [
                [0.126538, 0.001517, -0.007658, 0.060833, 0.007658, 2.7e-05, 0.126547, 1.368661, 0.001516, -0.126769, -6.4e-05, 0.205588, 0.0, 0.0, 0.0, 1.0],
                [0.126538, 0.001517, -0.007658, 0.060833, 0.007658, 2.7e-05, 0.126547, 1.36866, 0.001516, -0.126769, -6.4e-05, 0.205588, 0.0, 0.0, 0.0, 1.0],
                [0.126538, 0.001517, -0.007658, 0.060833, 0.007658, 2.7e-05, 0.126547, 1.368661, 0.001516, -0.126769, -6.4e-05, 0.205588, 0.0, 0.0, 0.0, 1.0],
                [0.126538, 0.001517, -0.007658, 0.060833, 0.007658, 2.7e-05, 0.126547, 1.368661, 0.001516, -0.126769, -6.4e-05, 0.205588, 0.0, 0.0, 0.0, 1.0],
                [0.126538, 0.001517, -0.007658, 0.060833, 0.007658, 2.7e-05, 0.126547, 1.36866, 0.001516, -0.126769, -6.4e-05, 0.205588, 0.0, 0.0, 0.0, 1.0],
                [0.126538, 0.001517, -0.007658, 0.060833, 0.007658, 2.7e-05, 0.126547, 1.36866, 0.001516, -0.126769, -6.4e-05, 0.205588, 0.0, 0.0, 0.0, 1.0]
            ]
        },
        {
            "name": "Left_Leg",
            "time": [0.0, 0.1667, 0.3667, 0.4833, 0.7167, 0.9167],
            "transform": [
                [-0.143106, -0.166187, -0.97566, -0.333594, 0.498732, -0.863596, 0.073947, 0.088622, -0.854988, -0.476084, 0.206444, 0.0, 0.0, 0.0, 0.0, 1.0],
                [-0.143106, -0.166187, -0.97566, -0.333594, 0.498732, -0.863596, 0.073947, 0.088622, -0.854988, -0.476084, 0.206444, -0.0, 0.0, 0.0, 0.0, 1.0],
                [0.029783, -0.231382, -0.972412, -0.333594, -0.162627, -0.960998, 0.223685, 0.088622, -0.986375, 0.151486, -0.066311, 0.0, 0.0, 0.0, 0.0, 1.0],
                [0.029783, -0.231382, -0.972412, -0.333594, -0.162627, -0.960998, 0.223685, 0.088622, -0.986375, 0.151486, -0.066311, 0.0, 0.0, 0.0, 0.0, 1.0],
                [0.071725, -0.028971, -0.997009, -0.333594, 0.273065, -0.960819, 0.047564, 0.088622, -0.959448, -0.275699, -0.061066, 0.0, 0.0, 0.0, 0.0, 1.0],
                [0.071725, -0.028971, -0.997009, -0.333594, 0.273065, -0.960819, 0.047564, 0.088622, -0.959448, -0.275699, -0.061066, 0.0, 0.0, 0.0, 0.0, 1.0]
            ]
        },
        {
            "name": "Left_Lower_Leg",
            "time": [0.0, 0.1667, 0.3667, 0.4833, 0.7167, 0.9167],
            "transform": [
                [-0.008431, -0.184314, -0.982831, 0.0, 0.059772, 0.981016, -0.184486, 0.930059, 0.998176, -0.060301, 0.002746, 0.0, 0.0, 0.0, 0.0, 1.0],
                [-0.008431, -0.184314, -0.982831, -0.0, 0.059772, 0.981016, -0.184486, 0.930059, 0.998177, -0.060301, 0.002746, 0.0, 0.0, 0.0, 0.0, 1.0],
                [-0.008433, -0.503112, -0.86418, -0.0, 0.05976, 0.862412, -0.502666, 0.930059, 0.998177, -0.055883, 0.022794, 0.0, 0.0, 0.0, 0.0, 1.0],
                [-0.008433, -0.503112, -0.86418, -0.0, 0.05976, 0.862412, -0.502666, 0.930059, 0.998177, -0.055883, 0.022794, 0.0, 0.0, 0.0, 0.0, 1.0],
                [-0.008431, -0.435878, -0.899966, 0.0, 0.059772, 0.898169, -0.435568, 0.930059, 0.998176, -0.057465, 0.018481, -0.0, 0.0, 0.0, 0.0, 1.0],
                [-0.008431, -0.435878, -0.899966, 0.0, 0.059772, 0.898169, -0.435568, 0.930059, 0.998176, -0.057465, 0.018481, -0.0, 0.0, 0.0, 0.0, 1.0]
            ]
        },
        {
            "name": "Left_Foot",
            "time": [0.0, 0.1667, 0.3667, 0.4833, 0.7167, 0.9167],
            "transform": [
                [0.992268, 0.110413, 0.056682, -0.0, -0.091708, 0.344544, 0.93428, 0.730506, 0.083627, -0.932255, 0.352006, -0.0, 0.0, 0.0, 0.0, 1.0],
                [0.992268, 0.110413, 0.056682, -0.0, -0.091708, 0.344544, 0.93428, 0.730506, 0.083628, -0.932255, 0.352006, -0.0, 0.0, 0.0, 0.0, 1.0],
                [0.996434, 0.022741, -0.081248, 0.0, 0.08098, -0.528033, 0.845354, 0.730506, -0.023678, -0.848919, -0.527992, 0.0, 0.0, 0.0, 0.0, 1.0],
                [0.996434, 0.022741, -0.081248, 0.0, 0.08098, -0.528033, 0.845354, 0.730506, -0.023678, -0.848919, -0.527992, 0.0, 0.0, 0.0, 0.0, 1.0],
                [0.992268, 0.074425, 0.099326, -0.0, -0.091715, -0.099517, 0.9908, 0.730506, 0.083625, -0.992249, -0.091922, 0.0, 0.0, 0.0, 0.0, 1.0],
                [0.992268, 0.074425, 0.099326, -0.0, -0.091715, -0.099517, 0.9908, 0.730506, 0.083625, -0.992249, -0.091922, 0.0, 0.0, 0.0, 0.0, 1.0]
            ]
        },
        {
            "name": "Right_Leg",
            "time": [0.0, 0.1667, 0.3167, 0.3667, 0.4833, 0.7167, 0.9167],
            "transform": [
                [-0.225997, 0.090865, -0.969883, 0.281256, -0.228275, -0.972857, -0.037954, 0.050016, -0.947053, 0.212839, 0.240641, -0.018009, 0.0, 0.0, 0.0, 1.0],
                [-0.225997, 0.090865, -0.969883, 0.281256, -0.228275, -0.972857, -0.037954, 0.050016, -0.947053, 0.212839, 0.240641, -0.018009, 0.0, 0.0, 0.0, 1.0],
                [0.008678, 0.15271, -0.988235, 0.281256, 0.614312, -0.780604, -0.115232, 0.050016, -0.789066, -0.606117, -0.100567, -0.018009, 0.0, 0.0, 0.0, 1.0],
                [0.170907, 0.201535, -0.964458, 0.281256, 0.499573, -0.861429, -0.09148, 0.050016, -0.849303, -0.466208, -0.247896, -0.018009, 0.0, 0.0, 0.0, 1.0],
                [0.170907, 0.201535, -0.964458, 0.281256, 0.499573, -0.861429, -0.09148, 0.050016, -0.849303, -0.466208, -0.247896, -0.018009, 0.0, 0.0, 0.0, 1.0],
                [0.073972, 0.061662, -0.995355, 0.281256, -0.087162, -0.993868, -0.068048, 0.050016, -0.993503, 0.091801, -0.068124, -0.018009, 0.0, 0.0, 0.0, 1.0],
                [0.073972, 0.061662, -0.995355, 0.281256, -0.087162, -0.993868, -0.068048, 0.050016, -0.993503, 0.091801, -0.068124, -0.018009, 0.0, 0.0, 0.0, 1.0]
            ]
        },
        {
            "name": "Right_lower_leg",
            "time": [0.0, 0.1667, 0.3167, 0.3667, 0.4833, 0.7167, 0.9167],
            "transform": [
                [-0.006003, -0.529192, -0.848481, 0.0, -0.03819, 0.847998, -0.528621, 0.930928, 0.999252, 0.02923, -0.025301, 0.0, 0.0, 0.0, 0.0, 1.0],
                [-0.006003, -0.529192, -0.848481, 0.0, -0.03819, 0.847998, -0.528621, 0.930927, 0.999252, 0.02923, -0.025301, -0.0, 0.0, 0.0, 0.0, 1.0],
                [-0.006007, -0.949746, -0.312963, 0.0, -0.038186, 0.312958, -0.948999, 0.930928, 0.999252, 0.00625, -0.038147, 0.0, 0.0, 0.0, 0.0, 1.0],
                [-0.006002, -0.138956, -0.99028, -0.0, -0.038194, 0.989607, -0.13863, 0.930928, 0.999252, 0.036991, -0.011247, -0.0, 0.0, 0.0, 0.0, 1.0],
                [-0.006002, -0.138956, -0.99028, -0.0, -0.038194, 0.989607, -0.13863, 0.930928, 0.999252, 0.036991, -0.011247, -0.0, 0.0, 0.0, 0.0, 1.0],
                [-0.006005, -0.33404, -0.94254, -0.0, -0.038195, 0.941945, -0.333586, 0.930928, 0.999252, 0.033997, -0.018415, 0.0, 0.0, 0.0, 0.0, 1.0],
                [-0.006005, -0.33404, -0.94254, -0.0, -0.038195, 0.941945, -0.333586, 0.930928, 0.999252, 0.033997, -0.018415, 0.0, 0.0, 0.0, 0.0, 1.0]
            ]
        },
        {
            "name": "Right_Foot",
            "time": [0.0, 0.1667, 0.3167, 0.3667, 0.4833, 0.7167, 0.9167],
            "transform": [
                [0.99072, 0.028621, 0.132873, -0.0, -0.085893, -0.625812, 0.77523, 0.730506, 0.105341, -0.779449, -0.617546, -0.0, 0.0, 0.0, 0.0, 1.0],
                [0.99072, 0.028621, 0.132873, -0.0, -0.085893, -0.625812, 0.77523, 0.730506, 0.105341, -0.779449, -0.617546, -0.0, 0.0, 0.0, 0.0, 1.0],
                [0.989904, 0.077514, 0.11867, -0.0, -0.099676, -0.21456, 0.971611, 0.730506, 0.100775, -0.97363, -0.204667, -0.0, 0.0, 0.0, 0.0, 1.0],
                [0.98999, 0.133324, 0.046315, -0.0, -0.103583, 0.463433, 0.880057, 0.730506, 0.095869, -0.876045, 0.472604, -0.0, 0.0, 0.0, 0.0, 1.0],
                [0.98999, 0.133324, 0.046315, -0.0, -0.103583, 0.463433, 0.880057, 0.730506, 0.095869, -0.876045, 0.472604, -0.0, 0.0, 0.0, 0.0, 1.0],
                [0.990721, 0.072514, 0.114952, -0.0, -0.085889, -0.321459, 0.94302, 0.730506, 0.105335, -0.944143, -0.312248, -0.0, 0.0, 0.0, 0.0, 1.0],
                [0.990721, 0.072514, 0.114952, -0.0, -0.085889, -0.321459, 0.94302, 0.730506, 0.105335, -0.944143, -0.312248, -0.0, 0.0, 0.0, 0.0, 1.0]
            ]
        }
    ]
}