{
    "animation": [
        {
            "name": "Root",
            "time": [0.0, 0.2167, 0.3333, 0.4333, 0.65, 0.85],
            "transform": [
                [0.896138, 0.005549, 0.16503, 0.038433, 0.165027, 0.001022, -0.896155, 0.011446, -0.005642, 0.911207, -0.0, 1.301628, 0.0, 0.0, 0.0, 1.0],
                [0.83266, 0.005549, 0.370104, 0.038433, 0.370105, 0.001022, -0.832677, 0.011446, -0.005486, 0.911207, -0.00132, 1.301628, 0.0, 0.0, 0.0, 1.0],
                [0.902801, 0.005614, 0.12348, 0.038433, 0.123486, -0.000566, -0.902818, 1.66128, -0.005486, 0.911207, -0.001322, 1.392578, 0.0, 0.0, 0.0, 1.0],
                [0.910489, 0.005429, -0.036196, 0.038433, -0.036188, -0.001537, -0.910504, 2.394482, -0.005486, 0.911207, -0.00132, 1.301628, 0.0, 0.0, 0.0, 1.0],
                [0.910489, 0.005429, -0.036196, 0.038433, -0.036188, -0.001537, -0.910504, 2.192281, -0.005486, 0.911207, -0.00132, 1.432545, 0.0, 0.0, 0.0, 1.0],
                [0.910489, 0.005429, -0.036196, 0.038433, -0.036188, -0.001537, -0.910504, 2.192281, -0.005486, 0.911207, -0.00132, 1.432545, 0.0, 0.0, 0.0, 1.0]
            ]
        },
        {
            "name": "Lower_Torso",
            "time": [0.0, 0.2167, 0.65, 0.85],
            "transform": [
                [0.922867, -0.002743, 0.38511, -0.0, 0.002532, 0.999996, 0.001056, 0.182359, -0.385111, 0.0, 0.92287, -0.0, 0.0, 0.0, 0.0, 1.0],
                [0.857584, -0.002743, 0.514336, -0.0, 0.002353, 0.999996, 0.001411, 0.182359, -0.514338, 0.0, 0.857587, -0.0, 0.0, 0.0, 0.0, 1.0],
                [0.999996, -0.002743, 0.0, -0.0, 0.002743, 0.999996, 0.0, 0.182359, -0.0, -0.0, 1.0, -0.0, 0.0, 0.0, 0.0, 1.0],
                [0.999996, -0.002743, 0.0, -0.0, 0.002743, 0.999996, 0.0, 0.182359, -0.0, -0.0, 1.0, -0.0, 0.0, 0.0, 0.0, 1.0]
            ]
        },
        {
            "name": "Upper_Torso",
            "time": [0.0, 0.2167, 0.3333, 0.4333, 0.65, 0.85],
            "transform": [
                [-0.946858, 0.099546, -0.30586, -0.0, 0.15558, 0.974008, -0.164631, 0.666804, 0.281522, -0.203468, -0.937735, -0.0, 0.0, 0.0, 0.0, 1.0],
                [-0.946858, 0.099546, -0.30586, -0.0, 0.15558, 0.974008, -0.164631, 0.666804, 0.281522, -0.203468, -0.937735, -0.0, 0.0, 0.0, 0.0, 1.0],
                [-0.946858, 0.099546, -0.30586, 0.0, 0.15558, 0.974008, -0.164631, 0.666804, 0.281522, -0.203468, -0.937735, 0.0, 0.0, 0.0, 0.0, 1.0],
                [-0.991827, 0.099546, 0.079816, 0.0, 0.080726, 0.974008, -0.211641, 0.666804, -0.098809, -0.203468, -0.974083, -0.0, 0.0, 0.0, 0.0, 1.0],
                [-0.998066, -0.005417, -0.061928, 0.0, 0.008801, 0.973851, -0.227017, 0.666804, 0.061538, -0.227123, -0.97192, 0.0, 0.0, 0.0, 0.0, 1.0],
                [-0.998066, -0.005417, -0.061928, 0.0, 0.008801, 0.973851, -0.227017, 0.666804, 0.061538, -0.227123, -0.97192, 0.0, 0.0, 0.0, 0.0, 1.0]
            ]
        },
        {
            "name": "Head",
            "time": [0.0, 0.2167, 0.4333, 0.65, 0.85],
            "transform": [
                [-0.843808, 0.083383, 0.530128, -0.0, 0.165988, 0.979966, 0.110066, 0.637051, -0.51033, 0.180869, -0.840744, -0.0, 0.0, 0.0, 0.0, 1.0],
                [-0.788501, 0.083383, 0.609355, -0.0, 0.175867, 0.979967, 0.093473, 0.637051, -0.589353, 0.180869, -0.787368, -0.0, 0.0, 0.0, 0.0, 1.0],
                [-0.887822, 0.083383, 0.45257, 0.0, 0.155483, 0.979967, 0.124464, 0.637051, -0.433125, 0.180869, -0.883, -0.0, 0.0, 0.0, 0.0, 1.0],
                [-0.99111, 0.074467, 0.110249, 0.0, 0.090747, 0.984375, 0.150903, 0.637051, -0.097289, 0.159566, -0.982382, -0.0, 0.0, 0.0, 0.0, 1.0],
                [-0.99111, 0.074467, 0.110249, 0.0, 0.090747, 0.984375, 0.150903, 0.637051, -0.097289, 0.159566, -0.982382, -0.0, 0.0, 0.0, 0.0, 1.0]
            ]
        },
        {
            "name": "Left_Arm",
            "time": [0.0, 0.2167, 0.65, 0.85],
            "transform": [
                [0.186594, 0.125001, 0.974452, 0.699152, 0.279835, -0.957547, 0.069248, 0.788949, 0.94174, 0.259765, -0.213652, -0.021019, 0.0, 0.0, 0.0, 1.0],
                [0.186594, 0.125001, 0.974452, 0.699152, 0.279835, -0.957547, 0.069248, 0.78895, 0.94174, 0.259765, -0.213652, -0.021019, 0.0, 0.0, 0.0, 1.0],
                [-0.099777, 0.114297, 0.988424, 0.699152, 0.195411, -0.971784, 0.132098, 0.78895, 0.975633, 0.206329, 0.074627, -0.02102, 0.0, 0.0, 0.0, 1.0],
                [-0.099777, 0.114297, 0.988424, 0.699152, 0.195411, -0.971784, 0.132098, 0.78895, 0.975633, 0.206329, 0.074627, -0.02102, 0.0, 0.0, 0.0, 1.0]
            ]
        },
        {
            "name": "Left_Forearm",
            "time": [0.0, 0.2167, 0.65, 0.85],
            "transform": [
                [0.991756, -0.128127, -0.001812, 0.0, 0.12814, 0.991631, 0.015768, 0.922077, -0.000224, -0.01587, 0.999874, -0.0, 0.0, 0.0, 0.0, 1.0],
                [0.991756, -0.128127, -0.001812, -0.0, 0.12814, 0.991631, 0.015768, 0.922078, -0.000224, -0.01587, 0.999874, 0.0, 0.0, 0.0, 0.0, 1.0],
                [0.991756, -0.128127, -0.001812, -0.0, 0.12814, 0.991631, 0.015768, 0.922077, -0.000224, -0.01587, 0.999874, 0.0, 0.0, 0.0, 0.0, 1.0],
                [0.991756, -0.128127, -0.001812, -0.0, 0.12814, 0.991631, 0.015768, 0.922077, -0.000224, -0.01587, 0.999874, 0.0, 0.0, 0.0, 0.0, 1.0]
            ]
        },
        {
            "name": "Left_Claw",
            "time": [0.0, 0.2167, 0.65, 0.85],
            "transform": [
                [0.988132, 0.152954, 0.014145, 0.0, -0.150512, 0.945711, 0.288055, 0.818741, 0.030682, -0.286765, 0.957509, 0.0, 0.0, 0.0, 0.0, 1.0],
                [0.988132, 0.152954, 0.014145, -0.0, -0.150512, 0.945712, 0.288055, 0.818741, 0.030682, -0.286765, 0.957509, -0.0, 0.0, 0.0, 0.0, 1.0],
                [0.988132, 0.152954, 0.014145, -0.0, -0.150512, 0.945712, 0.288055, 0.818741, 0.030682, -0.286765, 0.957509, 0.0, 0.0, 0.0, 0.0, 1.0],
                [0.988132, 0.152954, 0.014145, -0.0, -0.150512, 0.945712, 0.288055, 0.818741, 0.030682, -0.286765, 0.957509, 0.0, 0.0, 0.0, 0.0, 1.0]
            ]
        },
        {
            "name": "Right_Arm",
            "time": [0.0, 0.2167, 0.3333, 0.4333, 0.65, 0.85],
            "transform": [
                [-0.554692, 0.117508, 0.823717, -0.461258, 0.824417, 0.211458, 0.524998, 0.419477, -0.11249, 0.970298, -0.21417, 0.049059, 0.0, 0.0, 0.0, 1.0],
                [-0.538479, -0.177572, 0.823717, -0.461258, 0.606033, 0.597579, 0.524998, 0.419477, -0.585461, 0.7819, -0.21417, 0.049059, 0.0, 0.0, 0.0, 1.0],
                [-0.801178, -0.556354, -0.220416, -0.449198, 0.397895, -0.770369, 0.498207, 0.603007, -0.446982, 0.31145, 0.838574, 0.05113, 0.0, 0.0, 0.0, 1.0],
                [0.345738, -0.205558, -0.915539, -0.461258, 0.411308, -0.843777, 0.34477, 0.419477, -0.843381, -0.495768, -0.207178, 0.049059, 0.0, 0.0, 0.0, 1.0],
                [-0.056309, -0.141849, -0.988286, -0.673575, -0.233499, -0.960534, 0.15117, 0.700798, -0.970725, 0.239276, 0.020965, -0.092819, 0.0, 0.0, 0.0, 1.0],
                [-0.056309, -0.141849, -0.988286, -0.673575, -0.233499, -0.960534, 0.15117, 0.700798, -0.970725, 0.239276, 0.020965, -0.092819, 0.0, 0.0, 0.0, 1.0]
            ]
        },
        {
            "name": "Right_Forearm",
            "time": [0.0, 0.2167, 0.4333, 0.5167, 0.65, 0.85],
            "transform": [
                [0.999985, -0.004494, 0.003038, 0.0, 0.005347, 0.722337, -0.691521, 0.880013, 0.000913, 0.691527, 0.72235, -0.0, 0.0, 0.0, 0.0, 1.0],
                [0.999985, -0.004494, 0.003038, 0.0, 0.005347, 0.722337, -0.691521, 0.880013, 0.000913, 0.691527, 0.72235, 0.0, 0.0, 0.0, 0.0, 1.0],
                [0.999985, -0.005363, -0.000814, 0.0, 0.005347, 0.999816, -0.018421, 0.880013, 0.000913, 0.018416, 0.99983, -0.0, 0.0, 0.0, 0.0, 1.0],
                [0.983855, 0.178965, -0.000915, -0.0, -0.178965, 0.983805, -0.009928, 0.880013, -0.000876, 0.009931, 0.99995, 0.0, 0.0, 0.0, 0.0, 1.0],
                [0.994052, 0.108901, -0.000886, -0.0, -0.108904, 0.99404, -0.005038, 0.880013, 0.000332, 0.005105, 0.999987, -0.0, 0.0, 0.0, 0.0, 1.0],
                [0.994052, 0.108901, -0.000886, -0.0, -0.108904, 0.99404, -0.005038, 0.880013, 0.000332, 0.005105, 0.999987, -0.0, 0.0, 0.0, 0.0, 1.0]
            ]
        },
        {
            "name": "Right_Bulb",
            "time": [0.0, 0.2167, 0.65, 0.85],
            "transform": [
                [0.998341, -0.056574, 0.010741, 0.0, 0.057583, 0.98225, -0.178518, 0.826636, -0.000451, 0.178841, 0.983878, 0.0, 0.0, 0.0, 0.0, 1.0],
                [0.998341, -0.056574, 0.010741, 0.0, 0.057583, 0.98225, -0.178518, 0.826636, -0.000451, 0.178841, 0.983878, -0.0, 0.0, 0.0, 0.0, 1.0],
                [0.998341, -0.056574, 0.010741, -0.0, 0.057583, 0.98225, -0.178518, 0.826636, -0.000451, 0.178841, 0.983878, 0.0, 0.0, 0.0, 0.0, 1.0],
                [0.998341, -0.056574, 0.010741, -0.0, 0.057583, 0.98225, -0.178518, 0.826636, -0.000451, 0.178841, 0.983878, 0.0, 0.0, 0.0, 0.0, 1.0]
            ]
        },
        {
            "name": "Right_Blade",
            "time": [0.0, 0.2167, 0.65, 0.85],
            "transform": [
                [0.126538, 0.001517, -0.007658, 0.060833, 0.007658, 2.7e-05, 0.126547, 1.36866, 0.001516, -0.126769, -6.4e-05, 0.205588, 0.0, 0.0, 0.0, 1.0],
                [0.126538, 0.001517, -0.007658, 0.060833, 0.007658, 2.7e-05, 0.126547, 1.368661, 0.001516, -0.126769, -6.4e-05, 0.205588, 0.0, 0.0, 0.0, 1.0],
                [0.126538, 0.001517, -0.007658, 0.060833, 0.007658, 2.7e-05, 0.126547, 1.368661, 0.001516, -0.126769, -6.4e-05, 0.205588, 0.0, 0.0, 0.0, 1.0],
                [0.126538, 0.001517, -0.007658, 0.060833, 0.007658, 2.7e-05, 0.126547, 1.368661, 0.001516, -0.126769, -6.4e-05, 0.205588, 0.0, 0.0, 0.0, 1.0]
            ]
        },
        {
            "name": "Left_Leg",
            "time": [0.0, 0.2167, 0.3333, 0.4333, 0.65, 0.85],
            "transform": [
                [0.177055, -0.053805, -0.982735, -0.333594, -0.290508, -0.956873, 5e-05, 0.088622, -0.940472, 0.285518, -0.185128, 0.0, 0.0, 0.0, 0.0, 1.0],
                [0.359196, -0.160274, -0.919403, -0.333594, -0.285308, -0.956837, 0.055334, 0.088622, -0.888688, 0.242461, -0.389522, -0.0, 0.0, 0.0, 0.0, 1.0],
                [0.271972, 0.011191, -0.962246, -0.333594, 0.508987, -0.850285, 0.133973, 0.088622, -0.816778, -0.526278, -0.237033, -0.0, 0.0, 0.0, 0.0, 1.0],
                [0.181224, -0.038053, -0.982711, -0.333594, 0.538603, -0.832227, 0.13155, 0.088622, -0.822945, -0.553208, -0.130395, -0.0, 0.0, 0.0, 0.0, 1.0],
                [0.071725, -0.028971, -0.997009, -0.333594, 0.273065, -0.960819, 0.047564, 0.088623, -0.959448, -0.275699, -0.061066, -0.0, 0.0, 0.0, 0.0, 1.0],
                [0.071725, -0.028971, -0.997009, -0.333594, 0.273065, -0.960819, 0.047564, 0.088623, -0.959448, -0.275699, -0.061066, -0.0, 0.0, 0.0, 0.0, 1.0]
            ]
        },
        {
            "name": "Left_Lower_Leg",
            "time": [0.0, 0.2167, 0.3333, 0.4333, 0.65, 0.85],
            "transform": [
                [-0.008431, -0.435878, -0.899966, -0.0, 0.059772, 0.898169, -0.435568, 0.930059, 0.998176, -0.057465, 0.018481, 0.0, 0.0, 0.0, 0.0, 1.0],
                [-0.008431, -0.435878, -0.899966, 0.0, 0.059772, 0.898169, -0.435568, 0.930059, 0.998176, -0.057465, 0.018481, 0.0, 0.0, 0.0, 0.0, 1.0],
                [-0.064993, -0.918167, -0.390827, 0.0, 0.089896, 0.384675, -0.918664, 0.930059, 0.993828, -0.09484, 0.057538, 0.0, 0.0, 0.0, 0.0, 1.0],
                [-0.008432, -0.381704, -0.924246, 0.0, 0.059774, 0.922433, -0.381501, 0.930059, 0.998176, -0.058463, 0.015038, -0.0, 0.0, 0.0, 0.0, 1.0],
                [-0.008431, -0.435878, -0.899966, 0.0, 0.059772, 0.898169, -0.435568, 0.930059, 0.998176, -0.057465, 0.018481, 0.0, 0.0, 0.0, 0.0, 1.0],
                [-0.008431, -0.435878, -0.899966, 0.0, 0.059772, 0.898169, -0.435568, 0.930059, 0.998176, -0.057465, 0.018481, 0.0, 0.0, 0.0, 0.0, 1.0]
            ]
        },
        {
            "name": "Left_Foot",
            "time": [0.0, 0.2167, 0.3333, 0.4333, 0.65, 0.85],
            "transform": [
                [0.994428, 0.050841, 0.09235, -0.0, -0.044686, -0.590134, 0.806067, 0.730506, 0.095481, -0.805702, -0.584574, -0.0, 0.0, 0.0, 0.0, 1.0],
                [0.994428, 0.050841, 0.09235, 0.0, -0.044686, -0.590134, 0.806067, 0.730506, 0.095481, -0.805703, -0.584574, 0.0, 0.0, 0.0, 0.0, 1.0],
                [0.994555, 0.064608, 0.081764, -0.0, -0.042062, -0.468985, 0.882204, 0.730506, 0.095343, -0.88084, -0.463714, 0.0, 0.0, 0.0, 0.0, 1.0],
                [0.994428, 0.104499, 0.013903, 0.0, -0.044717, 0.298699, 0.953299, 0.730506, 0.095466, -0.948609, 0.301707, 0.0, 0.0, 0.0, 0.0, 1.0],
                [0.992268, 0.074425, 0.099326, 0.0, -0.091715, -0.099517, 0.9908, 0.730506, 0.083625, -0.992249, -0.091922, 0.0, 0.0, 0.0, 0.0, 1.0],
                [0.992268, 0.074425, 0.099326, 0.0, -0.091715, -0.099517, 0.9908, 0.730506, 0.083625, -0.992249, -0.091922, 0.0, 0.0, 0.0, 0.0, 1.0]
            ]
        },
        {
            "name": "Right_Leg",
            "time": [0.0, 0.2167, 0.4333, 0.65, 0.85],
            "transform": [
                [0.186603, 0.093164, -0.978011, 0.281256, 0.628233, -0.776672, 0.04588, 0.050016, -0.755369, -0.623012, -0.203446, -0.018009, 0.0, 0.0, 0.0, 1.0],
                [0.35297, 0.281363, -0.892329, 0.281256, 0.619408, -0.785066, -0.00253, 0.050016, -0.701301, -0.551855, -0.451388, -0.018009, 0.0, 0.0, 0.0, 1.0],
                [0.077149, -0.007371, -0.996995, 0.281256, -0.256639, -0.966424, -0.012715, 0.050016, -0.96348, 0.256869, -0.076432, -0.018009, 0.0, 0.0, 0.0, 1.0],
                [0.073972, 0.061662, -0.995354, 0.281256, -0.087162, -0.993868, -0.068048, 0.050016, -0.993504, 0.091801, -0.068124, -0.018009, 0.0, 0.0, 0.0, 1.0],
                [0.073972, 0.061662, -0.995354, 0.281256, -0.087162, -0.993868, -0.068048, 0.050016, -0.993504, 0.091801, -0.068124, -0.018009, 0.0, 0.0, 0.0, 1.0]
            ]
        },
        {
            "name": "Right_lower_leg",
            "time": [0.0, 0.2167, 0.3333, 0.4333, 0.65, 0.85],
            "transform": [
                [-0.006005, -0.784682, -0.619869, -0.0, -0.038193, 0.619608, -0.783981, 0.930928, 0.999252, 0.018966, -0.03369, -0.0, 0.0, 0.0, 0.0, 1.0],
                [-0.006005, -0.784682, -0.619869, -0.0, -0.038193, 0.619608, -0.783981, 0.930928, 0.999252, 0.018966, -0.03369, -0.0, 0.0, 0.0, 0.0, 1.0],
                [-0.090544, -0.650128, -0.754411, -0.0, -0.115089, 0.759278, -0.640509, 0.930927, 0.98922, 0.02883, -0.143571, 0.0, 0.0, 0.0, 0.0, 1.0],
                [-0.153126, -0.542598, -0.825918, 0.0, -0.032458, 0.838085, -0.544573, 0.930927, 0.987673, -0.056581, -0.145944, -0.0, 0.0, 0.0, 0.0, 1.0],
                [-0.006005, -0.33404, -0.94254, -0.0, -0.038195, 0.941945, -0.333586, 0.930927, 0.999252, 0.033997, -0.018415, -0.0, 0.0, 0.0, 0.0, 1.0],
                [-0.006005, -0.33404, -0.94254, -0.0, -0.038195, 0.941945, -0.333586, 0.930927, 0.999252, 0.033997, -0.018415, -0.0, 0.0, 0.0, 0.0, 1.0]
            ]
        },
        {
            "name": "Right_Foot",
            "time": [0.0, 0.2167, 0.4333, 0.65, 0.85],
            "transform": [
                [0.999489, 0.003338, 0.031796, 0.0, -0.031295, -0.101302, 0.994364, 0.730506, 0.00654, -0.99485, -0.101146, 0.0, 0.0, 0.0, 0.0, 1.0],
                [0.999489, 0.003338, 0.031796, 0.0, -0.031295, -0.101302, 0.994363, 0.730506, 0.00654, -0.99485, -0.101146, 0.0, 0.0, 0.0, 0.0, 1.0],
                [0.999489, -0.014911, 0.028284, -0.0, -0.031297, -0.637269, 0.770006, 0.730506, 0.006543, -0.770497, -0.63741, 0.0, 0.0, 0.0, 0.0, 1.0],
                [0.990721, 0.072514, 0.114952, 0.0, -0.085889, -0.321459, 0.94302, 0.730506, 0.105335, -0.944143, -0.312248, 0.0, 0.0, 0.0, 0.0, 1.0],
                [0.990721, 0.072514, 0.114952, 0.0, -0.085889, -0.321459, 0.94302, 0.730506, 0.105335, -0.944143, -0.312248, 0.0, 0.0, 0.0, 0.0, 1.0]
            ]
        }
    ]
}