{
    "animation": [
        {
            "name": "Root",
            "time": [0.0, 0.1833, 0.2833, 0.4333, 0.5667],
            "transform": [
                [0.911207, 0.005642, 0.0, 0.038433, 0.0, 0.0, -0.911224, 0.034204, -0.005642, 0.911207, -0.0, 1.45693, 0.0, 0.0, 0.0, 1.0],
                [0.864535, 0.005353, 0.287889, 0.206837, 0.287884, 0.001783, -0.864551, -0.311846, -0.005642, 0.911207, -0.0, 0.977519, 0.0, 0.0, 0.0, 1.0],
                [0.864535, 0.005353, 0.287889, 0.206837, 0.287884, 0.001783, -0.864551, -0.311846, -0.005642, 0.911207, -0.0, 0.977519, 0.0, 0.0, 0.0, 1.0],
                [0.864535, 0.005353, 0.287889, 0.206837, 0.287884, 0.001783, -0.864551, -0.311846, -0.005642, 0.911207, -0.0, 0.977519, 0.0, 0.0, 0.0, 1.0],
                [0.864535, 0.005353, 0.287889, 0.206837, 0.287884, 0.001783, -0.864551, -0.311846, -0.005642, 0.911207, -0.0, 0.977519, 0.0, 0.0, 0.0, 1.0]
            ]
        },
        {
            "name": "Lower_Torso",
            "time": [0.0, 0.1833, 0.2833, 0.4333, 0.5667],
            "transform": [
                [0.999996, -0.002743, 0.0, -0.0, 0.002743, 0.999996, 0.0, 0.182359, -0.0, 0.0, 1.0, 0.0, 0.0, 0.0, 0.0, 1.0],
                [0.999996, -0.002743, 0.0, 0.0, 0.002743, 0.999996, 0.0, 0.182359, -0.0, -0.0, 1.0, 0.0, 0.0, 0.0, 0.0, 1.0],
                [0.999996, -0.002743, 0.0, 0.0, 0.002743, 0.999996, 0.0, 0.182359, -0.0, -0.0, 1.0, 0.0, 0.0, 0.0, 0.0, 1.0],
                [0.777868, -0.008373, -0.628372, 0.0, -0.008943, 0.999662, -0.024391, 0.182359, 0.628364, 0.024592, 0.777531, 0.0, 0.0, 0.0, 0.0, 1.0],
                [0.777868, -0.008373, -0.628372, 0.0, -0.008943, 0.999662, -0.024391, 0.182359, 0.628364, 0.024592, 0.777531, 0.0, 0.0, 0.0, 0.0, 1.0]
            ]
        },
        {
            "name": "Upper_Torso",
            "time": [0.0, 0.1833, 0.2833, 0.4333, 0.5667],
            "transform": [
                [-0.998066, -0.005417, -0.061928, -0.0, 0.008801, 0.973851, -0.227017, 0.666804, 0.061538, -0.227123, -0.97192, -0.0, 0.0, 0.0, 0.0, 1.0],
                [-0.914952, -0.083968, -0.39473, -0.0, 0.009087, 0.97358, -0.228165, 0.666804, 0.40346, -0.212347, -0.890016, 0.0, 0.0, 0.0, 0.0, 1.0],
                [-0.914952, -0.111028, -0.387989, -0.0, 0.009087, 0.955498, -0.294858, 0.666804, 0.40346, -0.273307, -0.873226, 0.0, 0.0, 0.0, 0.0, 1.0],
                [-0.973318, -0.083968, 0.213546, 0.0, -0.125801, 0.97358, -0.190568, 0.666804, -0.191902, -0.212347, -0.958166, -0.0, 0.0, 0.0, 0.0, 1.0],
                [-0.962554, -0.150821, 0.225261, 0.0, -0.203964, 0.950279, -0.235304, 0.666804, -0.178572, -0.272438, -0.945457, -0.0, 0.0, 0.0, 0.0, 1.0]
            ]
        },
        {
            "name": "Head",
            "time": [0.0, 0.1833, 0.2833, 0.4333, 0.5667],
            "transform": [
                [-0.99111, 0.074467, 0.110249, -0.0, 0.090747, 0.984375, 0.150903, 0.637051, -0.097289, 0.159566, -0.982381, -0.0, 0.0, 0.0, 0.0, 1.0],
                [-0.99111, 0.074467, 0.110249, -0.0, 0.090747, 0.984375, 0.150903, 0.637051, -0.097289, 0.159566, -0.982381, -0.0, 0.0, 0.0, 0.0, 1.0],
                [-0.99111, 0.074467, 0.110249, -0.0, 0.090747, 0.984375, 0.150903, 0.637051, -0.097289, 0.159566, -0.982382, 0.0, 0.0, 0.0, 0.0, 1.0],
                [-0.99111, 0.074467, 0.110249, 0.0, 0.090747, 0.984375, 0.150903, 0.637051, -0.097289, 0.159566, -0.982382, -0.0, 0.0, 0.0, 0.0, 1.0],
                [-0.99111, 0.074467, 0.110249, -0.0, 0.090747, 0.984375, 0.150903, 0.637051, -0.097289, 0.159566, -0.982382, -0.0, 0.0, 0.0, 0.0, 1.0]
            ]
        },
        {
            "name": "Left_Arm",
            "time": [0.0, 0.1833, 0.2833, 0.4333, 0.5667],
            "transform": [
                [-0.099777, 0.114297, 0.988424, 0.699152, 0.195411, -0.971784, 0.132098, 0.78895, 0.975632, 0.206329, 0.074627, -0.021019, 0.0, 0.0, 0.0, 1.0],
                [-0.402228, 0.865245, 0.299273, 0.414597, 0.171574, -0.249853, 0.952962, 0.563053, 0.899319, 0.434655, -0.047956, 0.031911, 0.0, 0.0, 0.0, 1.0],
                [-0.402227, 0.865245, 0.299273, 0.414597, 0.171574, -0.249853, 0.952961, 0.563053, 0.899319, 0.434655, -0.047956, 0.031911, 0.0, 0.0, 0.0, 1.0],
                [-0.639384, 0.762108, 0.101882, 0.414597, -0.0617, -0.182935, 0.981187, 0.563053, 0.766408, 0.621069, 0.163988, 0.031911, 0.0, 0.0, 0.0, 1.0],
                [-0.639384, 0.762108, 0.101882, 0.414597, -0.0617, -0.182935, 0.981187, 0.563053, 0.766408, 0.621069, 0.163988, 0.031911, 0.0, 0.0, 0.0, 1.0]
            ]
        },
        {
            "name": "Left_Forearm",
            "time": [0.0, 0.1833, 0.2833, 0.4333, 0.5667],
            "transform": [
                [0.991756, -0.128127, -0.001812, -0.0, 0.12814, 0.991631, 0.015768, 0.922077, -0.000224, -0.01587, 0.999874, 0.0, 0.0, 0.0, 0.0, 1.0],
                [-0.318201, 0.948022, -0.001812, 0.0, -0.947914, -0.318135, 0.015768, 0.922078, 0.014372, 0.006735, 0.999874, -0.0, 0.0, 0.0, 0.0, 1.0],
                [-0.318201, 0.948022, -0.001812, -0.0, -0.947914, -0.318135, 0.015768, 0.922077, 0.014372, 0.006735, 0.999874, 0.0, 0.0, 0.0, 0.0, 1.0],
                [0.986691, 0.162068, -0.013234, 0.0, -0.162549, 0.985243, -0.053602, 0.922077, 0.004351, 0.05504, 0.998475, -0.0, 0.0, 0.0, 0.0, 1.0],
                [0.986691, 0.156546, -0.04398, -0.0, -0.162549, 0.956812, -0.241014, 0.922077, 0.004351, 0.244956, 0.969525, -0.0, 0.0, 0.0, 0.0, 1.0]
            ]
        },
        {
            "name": "Left_Claw",
            "time": [0.0, 0.1833, 0.2833, 0.4333, 0.5667],
            "transform": [
                [0.988132, 0.152954, 0.014145, 0.0, -0.150512, 0.945712, 0.288055, 0.818741, 0.030682, -0.286765, 0.957509, -0.0, 0.0, 0.0, 0.0, 1.0],
                [0.988132, 0.152954, 0.014145, 0.0, -0.150512, 0.945712, 0.288055, 0.818741, 0.030682, -0.286765, 0.957509, 0.0, 0.0, 0.0, 0.0, 1.0],
                [0.988132, 0.152954, 0.014145, -0.0, -0.150512, 0.945712, 0.288055, 0.818741, 0.030682, -0.286765, 0.957509, -0.0, 0.0, 0.0, 0.0, 1.0],
                [0.988132, 0.151793, -0.023534, 0.0, -0.150512, 0.987391, 0.049045, 0.818741, 0.030682, -0.044921, 0.998519, -0.0, 0.0, 0.0, 0.0, 1.0],
                [0.988132, 0.151794, -0.023534, -0.0, -0.150512, 0.987391, 0.049045, 0.818741, 0.030682, -0.044921, 0.998519, 0.0, 0.0, 0.0, 0.0, 1.0]
            ]
        },
        {
            "name": "Right_Arm",
            "time": [0.0, 0.1833, 0.2833, 0.4333, 0.5667],
            "transform": [
                [-0.056309, -0.141849, -0.988286, -0.673575, -0.233499, -0.960534, 0.15117, 0.700798, -0.970725, 0.239276, 0.020965, -0.092819, 0.0, 0.0, 0.0, 1.0],
                [-0.056309, -0.141849, -0.988286, -0.673575, -0.233499, -0.960534, 0.15117, 0.700797, -0.970725, 0.239276, 0.020965, -0.092819, 0.0, 0.0, 0.0, 1.0],
                [-0.056309, -0.141849, -0.988286, -0.673575, -0.233499, -0.960534, 0.15117, 0.700797, -0.970725, 0.239276, 0.020965, -0.092819, 0.0, 0.0, 0.0, 1.0],
                [0.039629, -0.371105, -0.927745, -0.673575, 0.053074, -0.926382, 0.372826, 0.700797, -0.997804, -0.064014, -0.017015, -0.092819, 0.0, 0.0, 0.0, 1.0],
                [0.039629, -0.152762, -0.987468, -0.673575, 0.053074, -0.986528, 0.154746, 0.700798, -0.997804, -0.058541, -0.030987, -0.092819, 0.0, 0.0, 0.0, 1.0]
            ]
        },
        {
            "name": "Right_Forearm",
            "time": [0.0, 0.1833, 0.2833, 0.4333, 0.5667],
            "transform": [
                [0.994052, 0.108901, -0.000886, -0.0, -0.108904, 0.99404, -0.005038, 0.880013, 0.000332, 0.005105, 0.999987, 0.0, 0.0, 0.0, 0.0, 1.0],
                [0.994052, 0.108901, -0.000886, 0.0, -0.108904, 0.99404, -0.005038, 0.880014, 0.000332, 0.005105, 0.999987, 0.0, 0.0, 0.0, 0.0, 1.0],
                [0.994052, 0.108901, -0.000886, -0.0, -0.108904, 0.99404, -0.005038, 0.880013, 0.000332, 0.005105, 0.999987, 0.0, 0.0, 0.0, 0.0, 1.0],
                [0.974686, -0.223578, -0.000886, -0.0, 0.223571, 0.974675, -0.005038, 0.880014, 0.00199, 0.004713, 0.999987, -0.0, 0.0, 0.0, 0.0, 1.0],
                [0.974686, -0.223578, -0.000886, 0.0, 0.223571, 0.974675, -0.005038, 0.880013, 0.00199, 0.004713, 0.999987, 0.0, 0.0, 0.0, 0.0, 1.0]
            ]
        },
        {
            "name": "Right_Bulb",
            "time": [0.0, 0.1833, 0.2833, 0.4333, 0.5667],
            "transform": [
                [0.998341, -0.056574, 0.010741, -0.0, 0.057583, 0.98225, -0.178518, 0.826635, -0.000451, 0.178841, 0.983878, -0.0, 0.0, 0.0, 0.0, 1.0],
                [0.998341, -0.056574, 0.010741, -0.0, 0.057583, 0.98225, -0.178518, 0.826636, -0.000451, 0.178841, 0.983878, -0.0, 0.0, 0.0, 0.0, 1.0],
                [0.998341, -0.056574, 0.010741, 0.0, 0.057583, 0.98225, -0.178518, 0.826636, -0.000451, 0.178841, 0.983878, 0.0, 0.0, 0.0, 0.0, 1.0],
                [0.936246, -0.351182, 0.010741, -0.0, 0.347356, 0.920584, -0.178518, 0.826636, 0.052804, 0.170868, 0.983878, 0.0, 0.0, 0.0, 0.0, 1.0],
                [0.936246, -0.351182, 0.010741, 0.0, 0.347356, 0.920584, -0.178518, 0.826636, 0.052804, 0.170868, 0.983878, -0.0, 0.0, 0.0, 0.0, 1.0]
            ]
        },
        {
            "name": "Right_Blade",
            "time": [0.0, 0.1833, 0.2833, 0.4333, 0.5667],
            "transform": [
                [0.126538, 0.001517, -0.007658, 0.060833, 0.007658, 2.7e-05, 0.126547, 1.36866, 0.001516, -0.126769, -6.4e-05, 0.205588, 0.0, 0.0, 0.0, 1.0],
                [0.126538, 0.001517, -0.007658, 0.060833, 0.007658, 2.7e-05, 0.126547, 1.368661, 0.001516, -0.126769, -6.4e-05, 0.205588, 0.0, 0.0, 0.0, 1.0],
                [0.126538, 0.001517, -0.007658, 0.060833, 0.007658, 2.7e-05, 0.126547, 1.368661, 0.001516, -0.126769, -6.4e-05, 0.205588, 0.0, 0.0, 0.0, 1.0],
                [0.126538, 0.001517, -0.007658, 0.060833, 0.007658, 2.7e-05, 0.126547, 1.368661, 0.001516, -0.126769, -6.4e-05, 0.205588, 0.0, 0.0, 0.0, 1.0],
                [0.126538, 0.001517, -0.007658, 0.060833, 0.007658, 2.7e-05, 0.126547, 1.368661, 0.001516, -0.126769, -6.4e-05, 0.205588, 0.0, 0.0, 0.0, 1.0]
            ]
        },
        {
            "name": "Left_Leg",
            "time": [0.0, 0.1833, 0.2833, 0.4333, 0.5667],
            "transform": [
                [0.071725, -0.028971, -0.997009, -0.333594, 0.273065, -0.960819, 0.047564, 0.088622, -0.959448, -0.275699, -0.061066, 0.0, 0.0, 0.0, 0.0, 1.0],
                [0.180304, 0.265342, -0.947151, -0.333594, 0.904003, -0.424196, 0.053252, 0.088622, -0.38769, -0.865931, -0.316448, 0.0, 0.0, 0.0, 0.0, 1.0],
                [0.180304, 0.265342, -0.947151, -0.333594, 0.904003, -0.424196, 0.053252, 0.088622, -0.38769, -0.865931, -0.316448, 0.0, 0.0, 0.0, 0.0, 1.0],
                [0.180304, 0.265342, -0.947151, -0.333594, 0.904003, -0.424196, 0.053252, 0.088622, -0.38769, -0.865931, -0.316448, 0.0, 0.0, 0.0, 0.0, 1.0],
                [0.180304, 0.265342, -0.947151, -0.333594, 0.904003, -0.424196, 0.053252, 0.088622, -0.38769, -0.865931, -0.316448, 0.0, 0.0, 0.0, 0.0, 1.0]
            ]
        },
        {
            "name": "Left_Lower_Leg",
            "time": [0.0, 0.1833, 0.2833, 0.4333, 0.5667],
            "transform": [
                [-0.008431, -0.435878, -0.899966, -0.0, 0.059772, 0.898169, -0.435568, 0.930059, 0.998177, -0.057465, 0.018481, -0.0, 0.0, 0.0, 0.0, 1.0],
                [-0.008407, -0.811188, -0.584726, -0.0, 0.059752, 0.583294, -0.81006, 0.930059, 0.998178, -0.041749, 0.043567, 0.0, 0.0, 0.0, 0.0, 1.0],
                [-0.008407, -0.811188, -0.584726, -0.0, 0.059752, 0.583294, -0.81006, 0.930059, 0.998178, -0.041749, 0.043567, 0.0, 0.0, 0.0, 0.0, 1.0],
                [-0.008407, -0.811188, -0.584726, -0.0, 0.059752, 0.583294, -0.81006, 0.930059, 0.998178, -0.041749, 0.043567, 0.0, 0.0, 0.0, 0.0, 1.0],
                [-0.008407, -0.811188, -0.584726, -0.0, 0.059752, 0.583294, -0.81006, 0.930059, 0.998178, -0.041749, 0.043567, 0.0, 0.0, 0.0, 0.0, 1.0]
            ]
        },
        {
            "name": "Left_Foot",
            "time": [0.0, 0.1833, 0.2833, 0.4333, 0.5667],
            "transform": [
                [0.992268, 0.074425, 0.099326, 0.0, -0.091715, -0.099517, 0.9908, 0.730506, 0.083625, -0.992248, -0.091922, 0.0, 0.0, 0.0, 0.0, 1.0],
                [0.992267, 0.103389, 0.068688, -0.0, -0.091733, 0.238009, 0.966921, 0.730506, 0.083621, -0.965744, 0.245653, -0.0, 0.0, 0.0, 0.0, 1.0],
                [0.992267, 0.103389, 0.068688, -0.0, -0.091733, 0.238009, 0.966921, 0.730506, 0.083621, -0.965744, 0.245653, -0.0, 0.0, 0.0, 0.0, 1.0],
                [0.992267, 0.103389, 0.068688, -0.0, -0.091733, 0.238009, 0.966921, 0.730506, 0.083621, -0.965744, 0.245653, -0.0, 0.0, 0.0, 0.0, 1.0],
                [0.992267, 0.103389, 0.068688, -0.0, -0.091733, 0.238009, 0.966921, 0.730506, 0.083621, -0.965744, 0.245653, -0.0, 0.0, 0.0, 0.0, 1.0]
            ]
        },
        {
            "name": "Right_Leg",
            "time": [0.0, 0.1833, 0.2833, 0.4333, 0.5667],
            "transform": [
                [0.073972, 0.061662, -0.995355, 0.281256, -0.087162, -0.993868, -0.068048, 0.050016, -0.993503, 0.091801, -0.068124, -0.018009, 0.0, 0.0, 0.0, 1.0],
                [0.286695, 0.041534, -0.957124, 0.281256, -0.140739, -0.986395, -0.084962, 0.050016, -0.947689, 0.159077, -0.276942, -0.018009, 0.0, 0.0, 0.0, 1.0],
                [0.286695, 0.041534, -0.957124, 0.281256, -0.140739, -0.986395, -0.084962, 0.050016, -0.947689, 0.159077, -0.276942, -0.018009, 0.0, 0.0, 0.0, 1.0],
                [0.286695, 0.041534, -0.957124, 0.281256, -0.140739, -0.986395, -0.084962, 0.050016, -0.947689, 0.159077, -0.276942, -0.018009, 0.0, 0.0, 0.0, 1.0],
                [0.286695, 0.041534, -0.957124, 0.281256, -0.140739, -0.986395, -0.084962, 0.050016, -0.947689, 0.159077, -0.276942, -0.018009, 0.0, 0.0, 0.0, 1.0]
            ]
        },
        {
            "name": "Right_lower_leg",
            "time": [0.0, 0.1833, 0.2833, 0.4333, 0.5667],
            "transform": [
                [-0.006005, -0.33404, -0.94254, 0.0, -0.038195, 0.941945, -0.333586, 0.930928, 0.999252, 0.033997, -0.018415, 0.0, 0.0, 0.0, 0.0, 1.0],
                [-0.006007, -0.998933, -0.045801, -0.0, -0.038201, 0.045998, -0.998211, 0.930927, 0.999252, -0.004247, -0.038437, 0.0, 0.0, 0.0, 0.0, 1.0],
                [-0.006007, -0.998933, -0.045801, -0.0, -0.038201, 0.045998, -0.998211, 0.930927, 0.999252, -0.004247, -0.038437, 0.0, 0.0, 0.0, 0.0, 1.0],
                [-0.006007, -0.998933, -0.045801, -0.0, -0.038201, 0.045998, -0.998211, 0.930927, 0.999252, -0.004247, -0.038437, 0.0, 0.0, 0.0, 0.0, 1.0],
                [-0.006007, -0.998933, -0.045801, -0.0, -0.038201, 0.045998, -0.998211, 0.930927, 0.999252, -0.004247, -0.038437, 0.0, 0.0, 0.0, 0.0, 1.0]
            ]
        },
        {
            "name": "Right_Foot",
            "time": [0.0, 0.1833, 0.2833, 0.4333, 0.5667],
            "transform": [
                [0.990721, 0.072514, 0.114952, 0.0, -0.085889, -0.321459, 0.94302, 0.730506, 0.105335, -0.944143, -0.312248, 0.0, 0.0, 0.0, 0.0, 1.0],
                [0.99072, 0.128758, 0.043534, -0.0, -0.08589, 0.344835, 0.934725, 0.730506, 0.105341, -0.92979, 0.352694, 0.0, 0.0, 0.0, 0.0, 1.0],
                [0.99072, 0.128758, 0.043534, -0.0, -0.08589, 0.344835, 0.934725, 0.730506, 0.105341, -0.92979, 0.352694, 0.0, 0.0, 0.0, 0.0, 1.0],
                [0.992065, 0.053798, 0.113632, -0.0, -0.124944, 0.321386, 0.938669, 0.730506, 0.013979, -0.945419, 0.325558, 0.0, 0.0, 0.0, 0.0, 1.0],
                [0.992065, 0.053798, 0.113632, -0.0, -0.124944, 0.321386, 0.938669, 0.730506, 0.013979, -0.945419, 0.325558, 0.0, 0.0, 0.0, 0.0, 1.0]
            ]
        }
    ]
}