{
    "animation": [
        {
            "name": "Root",
            "time": [0.0, 0.2667, 0.5, 0.65, 0.8333, 0.9333, 1.2667],
            "transform": [
                [0.911207, 0.005642, 0.0, 0.038433, 0.0, 0.0, -0.911224, 0.034204, -0.005642, 0.911207, -0.0, 1.45693, 0.0, 0.0, 0.0, 1.0],
                [0.834251, 0.005166, 0.366507, -0.003204, 0.3665, 0.002269, -0.834267, -0.604465, -0.005642, 0.911207, -0.0, 1.276587, 0.0, 0.0, 0.0, 1.0],
                [0.834251, 0.005166, 0.366507, -0.003204, 0.3665, 0.002269, -0.834267, -0.604465, -0.005642, 0.911207, -0.0, 1.276587, 0.0, 0.0, 0.0, 1.0],
                [0.873712, 0.00541, 0.258705, -0.00375, 0.251185, 0.201104, -0.852521, 2.571043, -0.062157, 0.888739, 0.191334, 1.42972, 0.0, 0.0, 0.0, 1.0],
                [0.905445, 0.005607, 0.102314, -0.003204, 0.102312, 0.000634, -0.905462, 3.210082, -0.005642, 0.911207, -0.0, 1.153388, 0.0, 0.0, 0.0, 1.0],
                [0.905445, 0.005607, 0.102314, -0.003204, 0.102312, 0.000634, -0.905462, 3.210082, -0.005642, 0.911207, -0.0, 1.153388, 0.0, 0.0, 0.0, 1.0],
                [0.905445, 0.005607, 0.102314, -0.003204, 0.102312, 0.000634, -0.905462, 3.210082, -0.005642, 0.911207, -0.0, 1.153388, 0.0, 0.0, 0.0, 1.0]
            ]
        },
        {
            "name": "Lower_Torso",
            "time": [0.0, 0.5, 0.8333, 0.9333, 1.2667],
            "transform": [
                [0.999996, -0.002743, 0.0, -0.0, 0.002743, 0.999996, 0.0, 0.182359, -0.0, 0.0, 1.0, 0.0, 0.0, 0.0, 0.0, 1.0],
                [0.999996, -0.002743, 0.0, -0.0, 0.002743, 0.999996, -0.0, 0.182359, -0.0, 0.0, 1.0, -0.0, 0.0, 0.0, 0.0, 1.0],
                [0.949084, 0.012449, -0.314777, 0.0, 0.030461, 0.99091, 0.131034, 0.182359, 0.313547, -0.13395, 0.940078, -0.0, 0.0, 0.0, 0.0, 1.0],
                [0.949095, -0.002743, -0.314979, 0.0, 0.002604, 0.999996, -0.000864, 0.182359, 0.31498, -0.0, 0.949098, -0.0, 0.0, 0.0, 0.0, 1.0],
                [0.949095, -0.002743, -0.314979, 0.0, 0.002604, 0.999996, -0.000864, 0.182359, 0.31498, -0.0, 0.949098, -0.0, 0.0, 0.0, 0.0, 1.0]
            ]
        },
        {
            "name": "Upper_Torso",
            "time": [0.0, 0.5, 0.8333, 0.9333, 1.2667],
            "transform": [
                [-0.998066, -0.005417, -0.061928, -0.0, 0.008801, 0.973851, -0.227017, 0.666804, 0.061538, -0.227123, -0.97192, -0.0, 0.0, 0.0, 0.0, 1.0],
                [-0.945267, 0.086138, -0.314722, 0.0, 0.069115, 0.995497, 0.064875, 0.666804, 0.318893, 0.039572, -0.946964, 0.0, 0.0, 0.0, 0.0, 1.0],
                [-0.973641, 0.138631, 0.181121, -0.0, 0.031601, 0.868422, -0.494817, 0.666804, -0.225887, -0.47605, -0.849913, 0.0, 0.0, 0.0, 0.0, 1.0],
                [-0.971873, 0.165498, 0.16755, -0.0, 0.092699, 0.922849, -0.373841, 0.666804, -0.216493, -0.347794, -0.912233, -0.0, 0.0, 0.0, 0.0, 1.0],
                [-0.971873, 0.165498, 0.16755, -0.0, 0.092699, 0.922849, -0.373841, 0.666804, -0.216493, -0.347794, -0.912233, -0.0, 0.0, 0.0, 0.0, 1.0]
            ]
        },
        {
            "name": "Head",
            "time": [0.0, 0.5, 0.8333, 0.9333, 1.2667],
            "transform": [
                [-0.99111, 0.074467, 0.110249, -0.0, 0.090747, 0.984375, 0.150903, 0.637051, -0.097289, 0.159566, -0.982381, -0.0, 0.0, 0.0, 0.0, 1.0],
                [-0.99111, 0.074467, 0.110249, 0.0, 0.090747, 0.984375, 0.150903, 0.637051, -0.097289, 0.159566, -0.982382, -0.0, 0.0, 0.0, 0.0, 1.0],
                [-0.99111, 0.074467, 0.110249, 0.0, 0.090747, 0.984375, 0.150903, 0.637051, -0.097289, 0.159566, -0.982382, 0.0, 0.0, 0.0, 0.0, 1.0],
                [-0.99111, 0.074467, 0.110249, 0.0, 0.090747, 0.984375, 0.150903, 0.637051, -0.097289, 0.159566, -0.982382, -0.0, 0.0, 0.0, 0.0, 1.0],
                [-0.99111, 0.074467, 0.110249, 0.0, 0.090747, 0.984375, 0.150903, 0.637051, -0.097289, 0.159566, -0.982382, -0.0, 0.0, 0.0, 0.0, 1.0]
            ]
        },
        {
            "name": "Left_Arm",
            "time": [0.0, 0.5, 0.6, 0.8333, 0.9333, 1.2667],
            "transform": [
                [-0.099777, 0.114297, 0.988424, 0.699152, 0.195411, -0.971784, 0.132098, 0.78895, 0.975632, 0.206329, 0.074627, -0.021019, 0.0, 0.0, 0.0, 1.0],
                [-0.880006, 0.474446, -0.022147, 0.649832, 0.429119, 0.774216, -0.465238, 0.377518, -0.203584, -0.418916, -0.884908, 0.187315, 0.0, 0.0, 0.0, 1.0],
                [-0.929222, -0.362963, 0.069314, 0.649832, -0.066186, 0.348027, 0.935145, 0.377518, -0.363546, 0.86437, -0.347417, 0.187315, 0.0, 0.0, 0.0, 1.0],
                [-0.967894, 0.199098, 0.153432, 0.649832, 0.163829, 0.036741, 0.985804, 0.377517, 0.190634, 0.979291, -0.06818, 0.187316, 0.0, 0.0, 0.0, 1.0],
                [-0.960517, 0.112361, 0.254523, 0.649832, 0.217578, -0.266795, 0.938872, 0.377517, 0.173398, 0.957181, 0.231814, 0.187316, 0.0, 0.0, 0.0, 1.0],
                [-0.960517, 0.112361, 0.254523, 0.649832, 0.217578, -0.266795, 0.938872, 0.377517, 0.173398, 0.957181, 0.231814, 0.187316, 0.0, 0.0, 0.0, 1.0]
            ]
        },
        {
            "name": "Left_Forearm",
            "time": [0.0, 0.5, 0.8333, 0.9333, 1.2667],
            "transform": [
                [0.991756, -0.128127, -0.001812, -0.0, 0.12814, 0.991631, 0.015768, 0.922077, -0.000224, -0.01587, 0.999874, 0.0, 0.0, 0.0, 0.0, 1.0],
                [0.991756, -0.120726, 0.042954, -0.0, 0.12814, 0.93496, -0.330802, 0.922078, -0.000224, 0.333579, 0.942722, 0.0, 0.0, 0.0, 0.0, 1.0],
                [0.991756, -0.127525, 0.012544, -0.0, 0.12814, 0.987162, -0.095351, 0.922077, -0.000224, 0.096172, 0.995365, 0.0, 0.0, 0.0, 0.0, 1.0],
                [0.991756, -0.127525, 0.012544, 0.0, 0.12814, 0.987162, -0.095351, 0.922078, -0.000224, 0.096172, 0.995365, -0.0, 0.0, 0.0, 0.0, 1.0],
                [0.991756, -0.127525, 0.012544, 0.0, 0.12814, 0.987162, -0.095351, 0.922078, -0.000224, 0.096172, 0.995365, -0.0, 0.0, 0.0, 0.0, 1.0]
            ]
        },
        {
            "name": "Left_Claw",
            "time": [0.0, 0.5, 0.8333, 0.9333, 1.2667],
            "transform": [
                [0.988132, 0.152954, 0.014145, 0.0, -0.150512, 0.945712, 0.288055, 0.818741, 0.030682, -0.286765, 0.957509, -0.0, 0.0, 0.0, 0.0, 1.0],
                [0.988132, 0.152954, 0.014145, 0.0, -0.150512, 0.945712, 0.288055, 0.818741, 0.030682, -0.286765, 0.957509, -0.0, 0.0, 0.0, 0.0, 1.0],
                [0.988132, 0.152954, 0.014145, 0.0, -0.150512, 0.945712, 0.288055, 0.818741, 0.030682, -0.286765, 0.957509, 0.0, 0.0, 0.0, 0.0, 1.0],
                [0.988132, 0.152954, 0.014145, 0.0, -0.150512, 0.945712, 0.288055, 0.818741, 0.030682, -0.286765, 0.957509, -0.0, 0.0, 0.0, 0.0, 1.0],
                [0.988132, 0.152954, 0.014145, 0.0, -0.150512, 0.945712, 0.288055, 0.818741, 0.030682, -0.286765, 0.957509, -0.0, 0.0, 0.0, 0.0, 1.0]
            ]
        },
        {
            "name": "Right_Arm",
            "time": [0.0, 0.5, 0.8333, 0.9333, 1.2667],
            "transform": [
                [-0.056309, -0.141849, -0.988286, -0.673575, -0.233499, -0.960534, 0.15117, 0.700798, -0.970725, 0.239276, 0.020965, -0.092819, 0.0, 0.0, 0.0, 1.0],
                [-0.056309, -0.141849, -0.988286, -0.673575, -0.233499, -0.960534, 0.15117, 0.700798, -0.970725, 0.239276, 0.020965, -0.092819, 0.0, 0.0, 0.0, 1.0],
                [0.052905, -0.286726, -0.956551, -0.673575, 0.468195, -0.838962, 0.277373, 0.700797, -0.88204, -0.462527, 0.089859, -0.092819, 0.0, 0.0, 0.0, 1.0],
                [0.052905, -0.286726, -0.956551, -0.673575, 0.468195, -0.838962, 0.277373, 0.700797, -0.88204, -0.462527, 0.089859, -0.092819, 0.0, 0.0, 0.0, 1.0],
                [0.052905, -0.286726, -0.956551, -0.673575, 0.468195, -0.838962, 0.277373, 0.700797, -0.88204, -0.462527, 0.089859, -0.092819, 0.0, 0.0, 0.0, 1.0]
            ]
        },
        {
            "name": "Right_Forearm",
            "time": [0.0, 0.5, 0.8333, 0.9333, 1.2667],
            "transform": [
                [0.994052, 0.108901, -0.000886, -0.0, -0.108904, 0.99404, -0.005038, 0.880013, 0.000332, 0.005105, 0.999987, 0.0, 0.0, 0.0, 0.0, 1.0],
                [0.994052, 0.108901, -0.000886, -0.0, -0.108904, 0.99404, -0.005038, 0.880013, 0.000332, 0.005105, 0.999987, -0.0, 0.0, 0.0, 0.0, 1.0],
                [0.994052, 0.108901, -0.000886, 0.0, -0.108904, 0.99404, -0.005038, 0.880014, 0.000332, 0.005105, 0.999987, -0.0, 0.0, 0.0, 0.0, 1.0],
                [0.994052, 0.108901, -0.000886, -0.0, -0.108904, 0.99404, -0.005038, 0.880013, 0.000332, 0.005105, 0.999987, 0.0, 0.0, 0.0, 0.0, 1.0],
                [0.994052, 0.108901, -0.000886, -0.0, -0.108904, 0.99404, -0.005038, 0.880013, 0.000332, 0.005105, 0.999987, 0.0, 0.0, 0.0, 0.0, 1.0]
            ]
        },
        {
            "name": "Right_Bulb",
            "time": [0.0, 0.5, 0.8333, 0.9333, 1.2667],
            "transform": [
                [0.998341, -0.056574, 0.010741, -0.0, 0.057583, 0.98225, -0.178518, 0.826635, -0.000451, 0.178841, 0.983878, -0.0, 0.0, 0.0, 0.0, 1.0],
                [0.998341, -0.056574, 0.010741, 0.0, 0.057583, 0.98225, -0.178518, 0.826636, -0.000451, 0.178841, 0.983878, 0.0, 0.0, 0.0, 0.0, 1.0],
                [0.998341, -0.056574, 0.010741, -0.0, 0.057583, 0.98225, -0.178518, 0.826636, -0.000451, 0.178841, 0.983878, 0.0, 0.0, 0.0, 0.0, 1.0],
                [0.998341, -0.056574, 0.010741, -0.0, 0.057583, 0.98225, -0.178518, 0.826636, -0.000451, 0.178841, 0.983878, 0.0, 0.0, 0.0, 0.0, 1.0],
                [0.998341, -0.056574, 0.010741, -0.0, 0.057583, 0.98225, -0.178518, 0.826636, -0.000451, 0.178841, 0.983878, 0.0, 0.0, 0.0, 0.0, 1.0]
            ]
        },
        {
            "name": "Right_Blade",
            "time": [0.0, 0.5, 0.8333, 0.9333, 1.2667],
            "transform": [
                [0.126538, 0.001517, -0.007658, 0.060833, 0.007658, 2.7e-05, 0.126547, 1.36866, 0.001516, -0.126769, -6.4e-05, 0.205588, 0.0, 0.0, 0.0, 1.0],
                [0.126538, 0.001517, -0.007658, 0.060833, 0.007658, 2.7e-05, 0.126547, 1.36866, 0.001516, -0.126769, -6.4e-05, 0.205588, 0.0, 0.0, 0.0, 1.0],
                [0.126538, 0.001517, -0.007658, 0.060833, 0.007658, 2.7e-05, 0.126547, 1.36866, 0.001516, -0.126769, -6.4e-05, 0.205588, 0.0, 0.0, 0.0, 1.0],
                [0.126538, 0.001517, -0.007658, 0.060833, 0.007658, 2.7e-05, 0.126547, 1.36866, 0.001516, -0.126769, -6.4e-05, 0.205588, 0.0, 0.0, 0.0, 1.0],
                [0.126538, 0.001517, -0.007658, 0.060833, 0.007658, 2.7e-05, 0.126547, 1.36866, 0.001516, -0.126769, -6.4e-05, 0.205588, 0.0, 0.0, 0.0, 1.0]
            ]
        },
        {
            "name": "Left_Leg",
            "time": [0.0, 0.2667, 0.5, 0.65, 0.8333, 0.9333, 1.2667],
            "transform": [
                [0.071725, -0.028971, -0.997009, -0.333594, 0.273065, -0.960819, 0.047564, 0.088622, -0.959448, -0.275699, -0.061066, 0.0, 0.0, 0.0, 0.0, 1.0],
                [0.40483, 0.23875, -0.882679, -0.333594, 0.636458, -0.766665, 0.084534, 0.088622, -0.656603, -0.596077, -0.462433, -0.0, 0.0, 0.0, 0.0, 1.0],
                [0.40483, 0.23875, -0.882679, -0.333594, 0.636458, -0.766665, 0.084534, 0.088622, -0.656603, -0.596077, -0.462433, -0.0, 0.0, 0.0, 0.0, 1.0],
                [0.362934, -0.02723, -0.931422, -0.333594, 0.096697, -0.993076, 0.066711, 0.088622, -0.926895, -0.114295, -0.357887, -0.0, 0.0, 0.0, 0.0, 1.0],
                [0.136611, -0.1028, -0.985282, -0.333594, -0.68531, -0.728002, -0.019063, 0.088622, -0.715416, 0.677913, -0.169979, -0.0, 0.0, 0.0, 0.0, 1.0],
                [0.136611, -0.1028, -0.985282, -0.333594, -0.68531, -0.728002, -0.019063, 0.088622, -0.715416, 0.677913, -0.169979, -0.0, 0.0, 0.0, 0.0, 1.0],
                [0.136611, -0.1028, -0.985282, -0.333594, -0.68531, -0.728002, -0.019063, 0.088622, -0.715416, 0.677913, -0.169979, -0.0, 0.0, 0.0, 0.0, 1.0]
            ]
        },
        {
            "name": "Left_Lower_Leg",
            "time": [0.0, 0.5, 0.8333, 0.9333, 1.2667],
            "transform": [
                [-0.008431, -0.435878, -0.899966, -0.0, 0.059772, 0.898169, -0.435568, 0.930059, 0.998177, -0.057465, 0.018481, -0.0, 0.0, 0.0, 0.0, 1.0],
                [-0.008431, -0.435878, -0.899966, -0.0, 0.059772, 0.898169, -0.435568, 0.930059, 0.998176, -0.057465, 0.018481, -0.0, 0.0, 0.0, 0.0, 1.0],
                [-0.006476, 0.034491, -0.999384, -0.0, 0.060752, 0.997572, 0.034035, 0.930059, 0.998132, -0.060495, -0.008555, -0.0, 0.0, 0.0, 0.0, 1.0],
                [-0.006476, 0.034491, -0.999384, -0.0, 0.060752, 0.997572, 0.034035, 0.930059, 0.998132, -0.060495, -0.008555, -0.0, 0.0, 0.0, 0.0, 1.0],
                [-0.006476, 0.034491, -0.999384, -0.0, 0.060752, 0.997572, 0.034035, 0.930059, 0.998132, -0.060495, -0.008555, -0.0, 0.0, 0.0, 0.0, 1.0]
            ]
        },
        {
            "name": "Left_Foot",
            "time": [0.0, 0.2667, 0.5, 0.65, 0.8333, 0.9333, 1.2667],
            "transform": [
                [0.992268, 0.074425, 0.099326, 0.0, -0.091715, -0.099517, 0.9908, 0.730506, 0.083625, -0.992248, -0.091922, 0.0, 0.0, 0.0, 0.0, 1.0],
                [0.992266, 0.108962, 0.059461, 0.0, -0.091742, 0.321066, 0.942603, 0.730506, 0.083617, -0.940768, 0.32858, 0.0, 0.0, 0.0, 0.0, 1.0],
                [0.992266, 0.108962, 0.059461, 0.0, -0.091742, 0.321066, 0.942603, 0.730506, 0.083617, -0.940768, 0.32858, 0.0, 0.0, 0.0, 0.0, 1.0],
                [0.989956, 0.083823, 0.113848, -0.0, -0.085448, -0.286802, 0.954172, 0.730506, 0.112634, -0.954315, -0.276759, 0.0, 0.0, 0.0, 0.0, 1.0],
                [0.992271, 0.025516, 0.121435, 0.0, -0.091721, -0.508307, 0.856277, 0.730506, 0.083575, -0.860798, -0.502039, -0.0, 0.0, 0.0, 0.0, 1.0],
                [0.992271, 0.025516, 0.121435, 0.0, -0.091721, -0.508307, 0.856277, 0.730506, 0.083575, -0.860798, -0.502039, -0.0, 0.0, 0.0, 0.0, 1.0],
                [0.992271, 0.025516, 0.121435, 0.0, -0.091721, -0.508307, 0.856277, 0.730506, 0.083575, -0.860798, -0.502039, -0.0, 0.0, 0.0, 0.0, 1.0]
            ]
        },
        {
            "name": "Right_Leg",
            "time": [0.0, 0.2667, 0.5, 0.65, 0.8333, 0.9333, 1.2667],
            "transform": [
                [0.073972, 0.061662, -0.995355, 0.281256, -0.087162, -0.993868, -0.068048, 0.050016, -0.993503, 0.091801, -0.068124, -0.018009, 0.0, 0.0, 0.0, 1.0],
                [0.427152, -0.093176, -0.899369, 0.281256, -0.318806, -0.946316, -0.053377, 0.050016, -0.846169, 0.30955, -0.433929, -0.018009, 0.0, 0.0, 0.0, 1.0],
                [0.427152, -0.093176, -0.899369, 0.281256, -0.318806, -0.946316, -0.053377, 0.050016, -0.846169, 0.30955, -0.433929, -0.018009, 0.0, 0.0, 0.0, 1.0],
                [0.298886, 0.21962, -0.928676, 0.281256, 0.595389, -0.803436, 0.001616, 0.050016, -0.74583, -0.553438, -0.370894, -0.018009, 0.0, 0.0, 0.0, 1.0],
                [0.177627, 0.182344, -0.967059, 0.281255, 0.747443, -0.664217, 0.012046, 0.050016, -0.640185, -0.725003, -0.254267, -0.018009, 0.0, 0.0, 0.0, 1.0],
                [0.177627, 0.182344, -0.967059, 0.281255, 0.747443, -0.664217, 0.012046, 0.050016, -0.640185, -0.725003, -0.254267, -0.018009, 0.0, 0.0, 0.0, 1.0],
                [0.177627, 0.182344, -0.967059, 0.281255, 0.747443, -0.664217, 0.012046, 0.050016, -0.640185, -0.725003, -0.254267, -0.018009, 0.0, 0.0, 0.0, 1.0]
            ]
        },
        {
            "name": "Right_lower_leg",
            "time": [0.0, 0.2667, 0.5, 0.65, 0.8333, 0.9333, 1.2667],
            "transform": [
                [-0.006005, -0.33404, -0.94254, 0.0, -0.038195, 0.941945, -0.333586, 0.930928, 0.999252, 0.033997, -0.018415, 0.0, 0.0, 0.0, 0.0, 1.0],
                [-0.006006, -0.514199, -0.85765, -0.0, -0.038198, 0.857157, -0.513636, 0.930927, 0.999252, 0.029676, -0.024789, 0.0, 0.0, 0.0, 0.0, 1.0],
                [-0.006006, -0.514199, -0.85765, -0.0, -0.038198, 0.857157, -0.513636, 0.930927, 0.999252, 0.029676, -0.024789, 0.0, 0.0, 0.0, 0.0, 1.0],
                [-0.006002, -0.969536, -0.244875, 0.0, -0.038204, 0.244923, -0.96879, 0.930928, 0.999252, 0.003541, -0.03851, 0.0, 0.0, 0.0, 0.0, 1.0],
                [-0.006005, -0.655615, -0.755071, 0.0, -0.038198, 0.754684, -0.654975, 0.930928, 0.999252, 0.024909, -0.029575, 0.0, 0.0, 0.0, 0.0, 1.0],
                [-0.006005, -0.655615, -0.755071, 0.0, -0.038198, 0.754684, -0.654975, 0.930928, 0.999252, 0.024909, -0.029575, 0.0, 0.0, 0.0, 0.0, 1.0],
                [-0.006005, -0.655615, -0.755071, 0.0, -0.038198, 0.754684, -0.654975, 0.930928, 0.999252, 0.024909, -0.029575, 0.0, 0.0, 0.0, 0.0, 1.0]
            ]
        },
        {
            "name": "Right_Foot",
            "time": [0.0, 0.2667, 0.5, 0.8333, 0.9333, 1.2667],
            "transform": [
                [0.990721, 0.072514, 0.114952, 0.0, -0.085889, -0.321459, 0.94302, 0.730506, 0.105335, -0.944143, -0.312248, 0.0, 0.0, 0.0, 0.0, 1.0],
                [0.990721, 0.026468, 0.133305, -0.0, -0.085885, -0.638247, 0.765025, 0.730506, 0.10533, -0.769376, -0.630052, 0.0, 0.0, 0.0, 0.0, 1.0],
                [0.990721, 0.026468, 0.133305, -0.0, -0.085885, -0.638247, 0.765025, 0.730506, 0.10533, -0.769376, -0.630052, 0.0, 0.0, 0.0, 0.0, 1.0],
                [0.990722, 0.122716, 0.058408, -0.0, -0.08588, 0.232185, 0.968873, 0.730506, 0.105335, -0.9649, 0.240569, -0.0, 0.0, 0.0, 0.0, 1.0],
                [0.990722, 0.122716, 0.058408, -0.0, -0.08588, 0.232185, 0.968873, 0.730506, 0.105335, -0.9649, 0.240569, -0.0, 0.0, 0.0, 0.0, 1.0],
                [0.990722, 0.122716, 0.058408, -0.0, -0.08588, 0.232185, 0.968873, 0.730506, 0.105335, -0.9649, 0.240569, -0.0, 0.0, 0.0, 0.0, 1.0]
            ]
        }
    ]
}