{
    "animation": [
        {
            "name": "Root",
            "time": [0.0, 0.3333, 0.6167, 0.7333, 1.0, 1.8],
            "transform": [
                [0.911207, 0.005642, 0.0, 0.038433, 0.0, 0.0, -0.911224, 0.034204, -0.005642, 0.911207, -0.0, 1.45693, 0.0, 0.0, 0.0, 1.0],
                [0.856146, 0.005301, -0.311953, -0.179656, -0.311948, -0.001932, -0.856163, -0.531325, -0.005642, 0.911207, -0.0, 1.45693, 0.0, 0.0, 0.0, 1.0],
                [0.856146, 0.005301, -0.311953, -0.179656, -0.311948, -0.001932, -0.856163, -0.531325, -0.005642, 0.911207, -0.0, 1.45693, 0.0, 0.0, 0.0, 1.0],
                [0.88092, 0.0053, -0.232982, -0.194175, -0.232974, -0.001941, -0.880936, 1.851485, -0.00562, 0.911207, -0.000521, 1.320663, 0.0, 0.0, 0.0, 1.0],
                [0.906632, 0.005301, 0.091216, -0.251203, 0.091228, -0.001932, -0.906644, 1.711594, -0.005081, 0.911207, -0.002453, 1.332456, 0.0, 0.0, 0.0, 1.0],
                [0.911207, 0.005642, 0.0, 0.038433, 0.0, 0.0, -0.911224, 1.506987, -0.005642, 0.911207, -0.0, 1.45693, 0.0, 0.0, 0.0, 1.0]
            ]
        },
        {
            "name": "Lower_Torso",
            "time": [0.0, 0.6167, 1.0, 1.8],
            "transform": [
                [0.999996, -0.002743, 0.0, -0.0, 0.002743, 0.999996, 0.0, 0.182359, -0.0, 0.0, 1.0, 0.0, 0.0, 0.0, 0.0, 1.0],
                [0.999996, -0.002743, 0.0, -0.0, 0.002743, 0.999996, 0.0, 0.182359, -0.0, -0.0, 1.0, 0.0, 0.0, 0.0, 0.0, 1.0],
                [0.999996, -0.002743, 0.0, 0.0, 0.002743, 0.999996, 0.0, 0.182359, -0.0, -0.0, 1.0, 0.0, 0.0, 0.0, 0.0, 1.0],
                [0.999996, -0.002743, 0.0, -0.0, 0.002743, 0.999996, 0.0, 0.182359, -0.0, 0.0, 1.0, 0.0, 0.0, 0.0, 0.0, 1.0]
            ]
        },
        {
            "name": "Upper_Torso",
            "time": [0.0, 0.3333, 0.6167, 0.65, 1.0, 1.2833, 1.8],
            "transform": [
                [-0.998066, -0.005417, -0.061928, -0.0, 0.008801, 0.973851, -0.227017, 0.666804, 0.061538, -0.227123, -0.97192, -0.0, 0.0, 0.0, 0.0, 1.0],
                [-0.990121, 0.056962, 0.128123, -0.0, 0.046239, 0.995293, -0.085161, 0.666804, -0.132371, -0.078395, -0.988095, 0.0, 0.0, 0.0, 0.0, 1.0],
                [-0.990121, 0.09413, 0.103922, -0.0, 0.046239, 0.918898, -0.391775, 0.666804, -0.132371, -0.3831, -0.914173, 0.0, 0.0, 0.0, 0.0, 1.0],
                [-0.927077, 0.056679, -0.370562, 0.0, 0.081299, 0.995376, -0.051148, 0.666804, 0.36595, -0.077544, -0.927398, 0.0, 0.0, 0.0, 0.0, 1.0],
                [-0.839593, 0.082156, -0.536968, -0.0, 0.060189, 0.99648, 0.058351, 0.666804, 0.539872, 0.016672, -0.841582, 0.0, 0.0, 0.0, 0.0, 1.0],
                [-0.839593, 0.132476, -0.526815, -0.0, 0.060189, 0.986522, 0.152154, 0.666804, 0.539872, 0.096039, -0.836251, 0.0, 0.0, 0.0, 0.0, 1.0],
                [-0.998066, -0.005417, -0.061928, 0.0, 0.008801, 0.973851, -0.227017, 0.666804, 0.061538, -0.227123, -0.97192, 0.0, 0.0, 0.0, 0.0, 1.0]
            ]
        },
        {
            "name": "Head",
            "time": [0.0, 0.6167, 1.0, 1.8],
            "transform": [
                [-0.99111, 0.074467, 0.110249, -0.0, 0.090747, 0.984375, 0.150903, 0.637051, -0.097289, 0.159566, -0.982381, -0.0, 0.0, 0.0, 0.0, 1.0],
                [-0.991111, 0.074467, 0.110249, 0.0, 0.090747, 0.984375, 0.150903, 0.637051, -0.097289, 0.159566, -0.982382, 0.0, 0.0, 0.0, 0.0, 1.0],
                [-0.863453, 0.033486, 0.503317, 0.0, 0.107587, 0.987061, 0.118899, 0.637051, -0.492822, 0.156814, -0.855883, -0.0, 0.0, 0.0, 0.0, 1.0],
                [-0.99111, 0.074467, 0.110249, 0.0, 0.090747, 0.984375, 0.150903, 0.637051, -0.097289, 0.159566, -0.982381, 0.0, 0.0, 0.0, 0.0, 1.0]
            ]
        },
        {
            "name": "Left_Arm",
            "time": [0.0, 0.6167, 1.0, 1.8],
            "transform": [
                [-0.099777, 0.114297, 0.988424, 0.699152, 0.195411, -0.971784, 0.132098, 0.78895, 0.975632, 0.206329, 0.074627, -0.021019, 0.0, 0.0, 0.0, 1.0],
                [-0.158739, 0.237701, 0.95828, 0.699152, 0.53619, -0.794231, 0.285829, 0.78895, 0.829037, 0.559192, -0.001377, -0.021019, 0.0, 0.0, 0.0, 1.0],
                [-0.099777, 0.114297, 0.988423, 0.699152, 0.195411, -0.971784, 0.132098, 0.78895, 0.975632, 0.206329, 0.074627, -0.021019, 0.0, 0.0, 0.0, 1.0],
                [-0.099777, 0.114297, 0.988424, 0.699152, 0.195411, -0.971784, 0.132098, 0.78895, 0.975632, 0.206329, 0.074627, -0.021019, 0.0, 0.0, 0.0, 1.0]
            ]
        },
        {
            "name": "Left_Forearm",
            "time": [0.0, 0.6167, 1.0, 1.8],
            "transform": [
                [0.991756, -0.128127, -0.001812, -0.0, 0.12814, 0.991631, 0.015768, 0.922077, -0.000224, -0.01587, 0.999874, 0.0, 0.0, 0.0, 0.0, 1.0],
                [0.991756, -0.128127, -0.001812, 0.0, 0.12814, 0.991631, 0.015768, 0.922078, -0.000224, -0.01587, 0.999874, 0.0, 0.0, 0.0, 0.0, 1.0],
                [0.991756, -0.128127, -0.001812, -0.0, 0.12814, 0.991631, 0.015768, 0.922077, -0.000224, -0.01587, 0.999874, 0.0, 0.0, 0.0, 0.0, 1.0],
                [0.991756, -0.128127, -0.001812, 0.0, 0.12814, 0.991631, 0.015768, 0.922077, -0.000224, -0.01587, 0.999874, 0.0, 0.0, 0.0, 0.0, 1.0]
            ]
        },
        {
            "name": "Left_Claw",
            "time": [0.0, 0.6167, 1.0, 1.8],
            "transform": [
                [0.988132, 0.152954, 0.014145, 0.0, -0.150512, 0.945712, 0.288055, 0.818741, 0.030682, -0.286765, 0.957509, -0.0, 0.0, 0.0, 0.0, 1.0],
                [0.988132, 0.152954, 0.014145, 0.0, -0.150512, 0.945712, 0.288055, 0.818741, 0.030682, -0.286765, 0.957509, -0.0, 0.0, 0.0, 0.0, 1.0],
                [0.988132, 0.152954, 0.014145, -0.0, -0.150512, 0.945712, 0.288055, 0.818741, 0.030682, -0.286765, 0.957509, -0.0, 0.0, 0.0, 0.0, 1.0],
                [0.988132, 0.152954, 0.014145, -0.0, -0.150512, 0.945712, 0.288055, 0.818741, 0.030682, -0.286765, 0.957509, 0.0, 0.0, 0.0, 0.0, 1.0]
            ]
        },
        {
            "name": "Right_Arm",
            "time": [0.0, 0.4667, 0.6167, 0.6333, 0.65, 0.7, 1.0, 1.2833, 1.8],
            "transform": [
                [-0.056309, -0.141849, -0.988286, -0.673575, -0.233499, -0.960534, 0.15117, 0.700798, -0.970725, 0.239276, 0.020965, -0.092819, 0.0, 0.0, 0.0, 1.0],
                [0.197365, -0.193073, -0.96113, -0.673575, 0.370312, -0.893093, 0.255448, 0.700798, -0.907698, -0.406335, -0.104769, -0.092819, 0.0, 0.0, 0.0, 1.0],
                [0.197365, -0.193073, -0.96113, -0.673575, 0.370312, -0.893093, 0.255448, 0.700797, -0.907698, -0.406335, -0.104768, -0.092819, 0.0, 0.0, 0.0, 1.0],
                [-0.41148, -0.176945, -0.894078, -0.673575, 0.35918, -0.933068, 0.019357, 0.700798, -0.83766, -0.31317, 0.447494, -0.092819, 0.0, 0.0, 0.0, 1.0],
                [-0.171381, 0.024234, -0.984907, -0.673575, 0.031392, -0.999056, -0.030045, 0.700798, -0.984704, -0.036067, 0.170459, -0.092819, 0.0, 0.0, 0.0, 1.0],
                [-0.194981, 0.055353, -0.979244, -0.673575, -0.979137, -0.069224, 0.191046, 0.700797, -0.057213, 0.996064, 0.067696, -0.092819, 0.0, 0.0, 0.0, 1.0],
                [-0.358635, -0.076059, -0.930374, -0.673575, -0.486888, 0.865604, 0.116919, 0.700797, 0.796442, 0.49492, -0.347468, -0.092819, 0.0, 0.0, 0.0, 1.0],
                [-0.363618, -0.046759, -0.930374, -0.673575, -0.415172, 0.902199, 0.116919, 0.700797, 0.833915, 0.428779, -0.347468, -0.092819, 0.0, 0.0, 0.0, 1.0],
                [-0.056309, -0.141849, -0.988286, -0.673575, -0.233499, -0.960534, 0.15117, 0.700798, -0.970725, 0.239276, 0.020965, -0.092819, 0.0, 0.0, 0.0, 1.0]
            ]
        },
        {
            "name": "Right_Forearm",
            "time": [0.0, 0.6167, 1.0, 1.2833, 1.8],
            "transform": [
                [0.994052, 0.108901, -0.000886, -0.0, -0.108904, 0.99404, -0.005038, 0.880013, 0.000332, 0.005105, 0.999987, 0.0, 0.0, 0.0, 0.0, 1.0],
                [0.994052, 0.108901, -0.000886, -0.0, -0.108904, 0.99404, -0.005038, 0.880013, 0.000332, 0.005105, 0.999987, -0.0, 0.0, 0.0, 0.0, 1.0],
                [0.948216, -0.317624, -0.000886, -0.0, 0.317616, 0.948206, -0.005038, 0.880013, 0.00244, 0.004496, 0.999987, 0.0, 0.0, 0.0, 0.0, 1.0],
                [0.915634, -0.402012, -0.000886, -0.0, 0.402003, 0.915625, -0.005038, 0.880013, 0.002837, 0.004257, 0.999987, 0.0, 0.0, 0.0, 0.0, 1.0],
                [0.994052, 0.108901, -0.000886, 0.0, -0.108904, 0.99404, -0.005038, 0.880014, 0.000332, 0.005105, 0.999987, -0.0, 0.0, 0.0, 0.0, 1.0]
            ]
        },
        {
            "name": "Right_Bulb",
            "time": [0.0, 0.3333, 0.6167, 1.0, 1.2833, 1.8],
            "transform": [
                [0.998341, -0.056574, 0.010741, -0.0, 0.057583, 0.98225, -0.178518, 0.826635, -0.000451, 0.178841, 0.983878, -0.0, 0.0, 0.0, 0.0, 1.0],
                [-0.09148, -0.014263, -0.020771, -0.0, 0.018279, -0.091403, -0.017741, 0.826636, -0.017341, -0.021106, 0.09087, -0.0, 0.0, 0.0, 0.0, 1.0],
                [-0.09148, -0.014263, -0.020771, -0.0, 0.018279, -0.091403, -0.017741, 0.826636, -0.017341, -0.021106, 0.09087, 0.0, 0.0, 0.0, 0.0, 1.0],
                [-0.09148, -0.014263, -0.020771, -0.0, 0.018279, -0.091403, -0.017741, 0.826635, -0.017341, -0.021106, 0.09087, 0.0, 0.0, 0.0, 0.0, 1.0],
                [0.998341, -0.056574, 0.010741, -0.0, 0.057583, 0.98225, -0.178518, 0.826636, -0.000451, 0.178841, 0.983878, -0.0, 0.0, 0.0, 0.0, 1.0],
                [0.998341, -0.056574, 0.010741, 0.0, 0.057583, 0.98225, -0.178518, 0.826635, -0.000451, 0.178841, 0.983878, 0.0, 0.0, 0.0, 0.0, 1.0]
            ]
        },
        {
            "name": "Right_Blade",
            "time": [0.0, 0.3333, 0.6167, 1.0, 1.2833, 1.8],
            "transform": [
                [0.126538, 0.001517, -0.007658, 0.060833, 0.007658, 2.7e-05, 0.126547, 1.36866, 0.001516, -0.126769, -6.4e-05, 0.205588, 0.0, 0.0, 0.0, 1.0],
                [0.093646, -0.042634, -0.963945, 0.010086, 0.009409, 0.968469, -0.04192, 0.734013, 0.964841, -0.005306, 0.093968, 0.244856, 0.0, 0.0, 0.0, 1.0],
                [0.093646, -0.042634, -0.963945, 0.010086, 0.009409, 0.968469, -0.04192, 0.734013, 0.964841, -0.005306, 0.093968, 0.244856, 0.0, 0.0, 0.0, 1.0],
                [0.093646, -0.042634, -0.963945, 0.010086, 0.009409, 0.968469, -0.041921, 0.734013, 0.964841, -0.005306, 0.093968, 0.244856, 0.0, 0.0, 0.0, 1.0],
                [0.126538, 0.001517, -0.007658, 0.060833, 0.007658, 2.7e-05, 0.126547, 1.368661, 0.001516, -0.126769, -6.4e-05, 0.205588, 0.0, 0.0, 0.0, 1.0],
                [0.126538, 0.001517, -0.007658, 0.060833, 0.007658, 2.7e-05, 0.126547, 1.36866, 0.001516, -0.126769, -6.4e-05, 0.205588, 0.0, 0.0, 0.0, 1.0]
            ]
        },
        {
            "name": "Left_Leg",
            "time": [0.0, 0.3333, 0.6167, 0.7333, 1.0, 1.2667, 1.8],
            "transform": [
                [0.071725, -0.028971, -0.997009, -0.333594, 0.273065, -0.960819, 0.047564, 0.088622, -0.959448, -0.275699, -0.061066, 0.0, 0.0, 0.0, 0.0, 1.0],
                [-0.106142, -0.119507, -0.987149, -0.333594, 0.34542, -0.935358, 0.076097, 0.088622, -0.932563, -0.332955, 0.140526, 0.0, 0.0, 0.0, 0.0, 1.0],
                [-0.106142, -0.119507, -0.987149, -0.333594, 0.34542, -0.935358, 0.076097, 0.088622, -0.932563, -0.332955, 0.140526, 0.0, 0.0, 0.0, 0.0, 1.0],
                [-0.079031, -0.138932, -0.987149, -0.333594, 0.532009, -0.843312, 0.076095, 0.088622, -0.843164, -0.519236, 0.140526, 0.0, 0.0, 0.0, 0.0, 1.0],
                [-0.079031, -0.138932, -0.987149, -0.333594, 0.532009, -0.843312, 0.076095, 0.088623, -0.843164, -0.519236, 0.140526, 0.0, 0.0, 0.0, 0.0, 1.0],
                [-0.055375, -0.096712, -0.993776, -0.333594, 0.639852, -0.767506, 0.039038, 0.088622, -0.766611, -0.633799, 0.104342, 0.0, 0.0, 0.0, 0.0, 1.0],
                [0.071725, -0.028971, -0.997009, -0.333594, 0.273065, -0.960819, 0.047564, 0.088622, -0.959448, -0.275699, -0.061066, -0.0, 0.0, 0.0, 0.0, 1.0]
            ]
        },
        {
            "name": "Left_Lower_Leg",
            "time": [0.0, 0.3333, 0.6167, 1.0, 1.2667, 1.8],
            "transform": [
                [-0.008431, -0.435878, -0.899966, -0.0, 0.059772, 0.898169, -0.435568, 0.930059, 0.998177, -0.057465, 0.018481, -0.0, 0.0, 0.0, 0.0, 1.0],
                [-0.008432, -0.216213, -0.97631, -0.0, 0.059774, 0.974489, -0.216326, 0.930059, 0.998176, -0.060182, 0.004707, 0.0, 0.0, 0.0, 0.0, 1.0],
                [-0.008432, -0.216213, -0.97631, -0.0, 0.059774, 0.974489, -0.216326, 0.930059, 0.998176, -0.060182, 0.004707, 0.0, 0.0, 0.0, 0.0, 1.0],
                [-0.008432, -0.216213, -0.97631, 0.0, 0.059774, 0.974489, -0.216326, 0.930059, 0.998176, -0.060182, 0.004707, 0.0, 0.0, 0.0, 0.0, 1.0],
                [0.101738, -0.900554, -0.422673, 0.0, 0.000919, 0.424962, -0.905211, 0.930059, 0.994811, 0.091707, 0.044062, -0.0, 0.0, 0.0, 0.0, 1.0],
                [-0.008431, -0.435878, -0.899966, -0.0, 0.059772, 0.898169, -0.435568, 0.930059, 0.998177, -0.057465, 0.018481, 0.0, 0.0, 0.0, 0.0, 1.0]
            ]
        },
        {
            "name": "Left_Foot",
            "time": [0.0, 0.3333, 0.6167, 0.7333, 1.0, 1.2667, 1.8],
            "transform": [
                [0.992268, 0.074425, 0.099326, 0.0, -0.091715, -0.099517, 0.9908, 0.730506, 0.083625, -0.992248, -0.091922, 0.0, 0.0, 0.0, 0.0, 1.0],
                [0.992268, 0.101815, 0.070981, -0.0, -0.091713, 0.216155, 0.972042, 0.730506, 0.083625, -0.971036, 0.223821, 0.0, 0.0, 0.0, 0.0, 1.0],
                [0.992268, 0.101815, 0.070981, -0.0, -0.091713, 0.216155, 0.972042, 0.730506, 0.083625, -0.971036, 0.223821, 0.0, 0.0, 0.0, 0.0, 1.0],
                [0.992268, 0.115116, 0.046397, -0.0, -0.091712, 0.428184, 0.899026, 0.730506, 0.083626, -0.89633, 0.435431, 0.0, 0.0, 0.0, 0.0, 1.0],
                [0.992268, 0.115116, 0.046397, 0.0, -0.091712, 0.428184, 0.899026, 0.730506, 0.083626, -0.89633, 0.435431, 0.0, 0.0, 0.0, 0.0, 1.0],
                [0.990108, 0.138639, -0.021594, -0.0, 0.058251, -0.266144, 0.962171, 0.730506, 0.127647, -0.953911, -0.271588, -0.0, 0.0, 0.0, 0.0, 1.0],
                [0.992268, 0.074425, 0.099326, 0.0, -0.091715, -0.099517, 0.9908, 0.730506, 0.083625, -0.992248, -0.091922, 0.0, 0.0, 0.0, 0.0, 1.0]
            ]
        },
        {
            "name": "Right_Leg",
            "time": [0.0, 0.1667, 0.6167, 0.7333, 1.0, 1.8],
            "transform": [
                [0.073972, 0.061662, -0.995355, 0.281256, -0.087162, -0.993868, -0.068048, 0.050016, -0.993503, 0.091801, -0.068124, -0.018009, 0.0, 0.0, 0.0, 1.0],
                [0.068579, 0.067607, -0.995355, 0.281256, -0.004087, -0.997674, -0.068048, 0.050016, -0.997697, 0.008739, -0.068124, -0.018009, 0.0, 0.0, 0.0, 1.0],
                [0.068579, 0.067607, -0.995355, 0.281256, -0.004087, -0.997674, -0.068048, 0.050016, -0.997697, 0.008739, -0.068124, -0.018009, 0.0, 0.0, 0.0, 1.0],
                [-0.163166, 0.15707, -0.974018, 0.281256, -0.27363, -0.955721, -0.108283, 0.050016, -0.947945, 0.248868, 0.198955, -0.018009, 0.0, 0.0, 0.0, 1.0],
                [-0.163166, 0.15707, -0.974018, 0.281256, -0.27363, -0.955721, -0.108283, 0.050016, -0.947945, 0.248868, 0.198955, -0.018009, 0.0, 0.0, 0.0, 1.0],
                [0.073972, 0.061662, -0.995355, 0.281256, -0.087162, -0.993868, -0.068048, 0.050016, -0.993503, 0.091801, -0.068124, -0.018009, 0.0, 0.0, 0.0, 1.0]
            ]
        },
        {
            "name": "Right_lower_leg",
            "time": [0.0, 0.1667, 0.3333, 0.6167, 1.0, 1.8],
            "transform": [
                [-0.006005, -0.33404, -0.94254, 0.0, -0.038195, 0.941945, -0.333586, 0.930928, 0.999252, 0.033997, -0.018415, 0.0, 0.0, 0.0, 0.0, 1.0],
                [-0.006005, -0.788943, -0.614437, 0.0, -0.03819, 0.614181, -0.78824, 0.930927, 0.999252, 0.018733, -0.033818, -0.0, 0.0, 0.0, 0.0, 1.0],
                [-0.006005, -0.392343, -0.919799, -0.0, -0.038195, 0.919234, -0.391853, 0.930927, 0.999252, 0.032778, -0.020505, 0.0, 0.0, 0.0, 0.0, 1.0],
                [-0.006005, -0.392343, -0.919799, -0.0, -0.038195, 0.919234, -0.391853, 0.930927, 0.999252, 0.032778, -0.020505, 0.0, 0.0, 0.0, 0.0, 1.0],
                [-0.006005, -0.392343, -0.919799, 0.0, -0.038195, 0.919234, -0.391853, 0.930927, 0.999252, 0.032778, -0.020505, -0.0, 0.0, 0.0, 0.0, 1.0],
                [-0.006005, -0.33404, -0.94254, 0.0, -0.038195, 0.941945, -0.333586, 0.930928, 0.999252, 0.033997, -0.018415, 0.0, 0.0, 0.0, 0.0, 1.0]
            ]
        },
        {
            "name": "Right_Foot",
            "time": [0.0, 0.6167, 0.7333, 1.0, 1.8],
            "transform": [
                [0.990721, 0.072514, 0.114952, 0.0, -0.085889, -0.321459, 0.94302, 0.730506, 0.105335, -0.944143, -0.312248, 0.0, 0.0, 0.0, 0.0, 1.0],
                [0.990721, 0.072514, 0.114952, 0.0, -0.085889, -0.321459, 0.94302, 0.730506, 0.105335, -0.944143, -0.312248, -0.0, 0.0, 0.0, 0.0, 1.0],
                [0.99072, 0.046037, 0.127884, 0.0, -0.085892, -0.517143, 0.851578, 0.730506, 0.105338, -0.85466, -0.50839, 0.0, 0.0, 0.0, 0.0, 1.0],
                [0.99072, 0.046037, 0.127884, -0.0, -0.085892, -0.517143, 0.851578, 0.730506, 0.105338, -0.85466, -0.50839, 0.0, 0.0, 0.0, 0.0, 1.0],
                [0.990721, 0.072514, 0.114952, 0.0, -0.085889, -0.321459, 0.94302, 0.730506, 0.105335, -0.944143, -0.312248, -0.0, 0.0, 0.0, 0.0, 1.0]
            ]
        }
    ]
}