{
    "animation": [
        {
            "name": "Root",
            "time": [0.0, 0.45, 0.55, 0.75, 0.9, 1.5833],
            "transform": [
                [0.911207, 0.005642, 0.0, 0.038433, 0.0, 0.0, -0.911224, 0.034204, -0.005642, 0.911207, -0.0, 1.45693, 0.0, 0.0, 0.0, 1.0],
                [0.903267, 0.120162, 0.0, 0.123922, 0.023729, -0.178374, -0.89328, -0.161092, -0.117796, 0.885479, -0.179946, 1.683109, 0.0, 0.0, 0.0, 1.0],
                [0.903267, 0.120162, 0.0, 0.123922, 0.023729, -0.178374, -0.89328, -0.161092, -0.117796, 0.885479, -0.179946, 1.683109, 0.0, 0.0, 0.0, 1.0],
                [0.911207, 0.005642, 0.0, -0.04879, -0.001626, 0.262542, -0.872581, -0.075056, -0.005403, 0.872565, 0.262547, 1.422365, 0.0, 0.0, 0.0, 1.0],
                [0.911207, 0.005642, 0.0, -0.04879, -0.001626, 0.262542, -0.872581, -0.075056, -0.005403, 0.872565, 0.262547, 1.422365, 0.0, 0.0, 0.0, 1.0],
                [0.911207, 0.005642, 0.0, 0.038433, 0.0, 0.0, -0.911224, 0.034204, -0.005642, 0.911207, -0.0, 1.45693, 0.0, 0.0, 0.0, 1.0]
            ]
        },
        {
            "name": "Lower_Torso",
            "time": [0.0, 0.55, 0.9, 1.5833],
            "transform": [
                [0.999996, -0.002743, 0.0, -0.0, 0.002743, 0.999996, 0.0, 0.182359, -0.0, 0.0, 1.0, 0.0, 0.0, 0.0, 0.0, 1.0],
                [0.999996, -0.002743, 0.0, 0.0, 0.002743, 0.999996, 0.0, 0.182359, -0.0, -0.0, 1.0, -0.0, 0.0, 0.0, 0.0, 1.0],
                [0.999996, -0.002743, 0.0, -0.0, 0.002743, 0.999996, 0.0, 0.182359, -0.0, -0.0, 1.0, -0.0, 0.0, 0.0, 0.0, 1.0],
                [0.999996, -0.002743, 0.0, -0.0, 0.002743, 0.999996, 0.0, 0.182359, -0.0, 0.0, 1.0, 0.0, 0.0, 0.0, 0.0, 1.0]
            ]
        },
        {
            "name": "Upper_Torso",
            "time": [0.0, 0.55, 0.9, 1.5833],
            "transform": [
                [-0.998066, -0.005417, -0.061928, -0.0, 0.008801, 0.973851, -0.227017, 0.666804, 0.061538, -0.227123, -0.97192, -0.0, 0.0, 0.0, 0.0, 1.0],
                [-0.998086, -0.005325, -0.061606, -0.0, 0.014711, 0.947231, -0.320212, 0.666804, 0.060061, -0.320506, -0.945341, -0.0, 0.0, 0.0, 0.0, 1.0],
                [-0.998086, -0.020862, -0.058211, 0.0, 0.014711, 0.834228, -0.551222, 0.666804, 0.060061, -0.551024, -0.832325, 0.0, 0.0, 0.0, 0.0, 1.0],
                [-0.998066, -0.005417, -0.061928, -0.0, 0.008801, 0.973851, -0.227017, 0.666804, 0.061538, -0.227123, -0.97192, -0.0, 0.0, 0.0, 0.0, 1.0]
            ]
        },
        {
            "name": "Head",
            "time": [0.0, 0.55, 0.9, 1.5833],
            "transform": [
                [-0.99111, 0.074467, 0.110249, -0.0, 0.090747, 0.984375, 0.150903, 0.637051, -0.097289, 0.159566, -0.982381, -0.0, 0.0, 0.0, 0.0, 1.0],
                [-0.9927, 0.059003, 0.105191, 0.0, 0.096624, 0.911034, 0.40085, 0.637051, -0.072181, 0.408088, -0.910085, 0.0, 0.0, 0.0, 0.0, 1.0],
                [-0.9927, 0.071825, 0.096889, -0.0, 0.096624, 0.954395, 0.282482, 0.637051, -0.072181, 0.289781, -0.954367, 0.0, 0.0, 0.0, 0.0, 1.0],
                [-0.99111, 0.074467, 0.110249, -0.0, 0.090747, 0.984375, 0.150903, 0.637051, -0.097289, 0.159566, -0.982381, -0.0, 0.0, 0.0, 0.0, 1.0]
            ]
        },
        {
            "name": "Left_Arm",
            "time": [0.0, 0.45, 0.55, 0.9, 1.5833],
            "transform": [
                [-0.099777, 0.114297, 0.988424, 0.699152, 0.195411, -0.971784, 0.132098, 0.78895, 0.975632, 0.206329, 0.074627, -0.021019, 0.0, 0.0, 0.0, 1.0],
                [-0.147198, 0.398603, 0.905234, 0.699151, 0.176546, -0.889918, 0.420567, 0.788949, 0.973224, 0.221722, 0.060622, -0.021019, 0.0, 0.0, 0.0, 1.0],
                [-0.147198, 0.398603, 0.905234, 0.699152, 0.176546, -0.889918, 0.420567, 0.78895, 0.973224, 0.221722, 0.060622, -0.021019, 0.0, 0.0, 0.0, 1.0],
                [-0.302537, 0.298367, 0.905234, 0.699152, 0.537751, -0.730717, 0.420567, 0.788949, 0.786953, 0.614028, 0.060622, -0.021019, 0.0, 0.0, 0.0, 1.0],
                [-0.099777, 0.114297, 0.988424, 0.699152, 0.195411, -0.971784, 0.132098, 0.78895, 0.975632, 0.206329, 0.074627, -0.021019, 0.0, 0.0, 0.0, 1.0]
            ]
        },
        {
            "name": "Left_Forearm",
            "time": [0.0, 0.55, 0.9, 1.5833],
            "transform": [
                [0.991756, -0.128127, -0.001812, -0.0, 0.12814, 0.991631, 0.015768, 0.922077, -0.000224, -0.01587, 0.999874, 0.0, 0.0, 0.0, 0.0, 1.0],
                [0.991756, -0.128127, -0.001812, -0.0, 0.12814, 0.991631, 0.015768, 0.922077, -0.000224, -0.01587, 0.999874, 0.0, 0.0, 0.0, 0.0, 1.0],
                [0.991756, -0.128127, -0.001812, -0.0, 0.12814, 0.991631, 0.015768, 0.922077, -0.000224, -0.01587, 0.999874, 0.0, 0.0, 0.0, 0.0, 1.0],
                [0.991756, -0.128127, -0.001812, -0.0, 0.12814, 0.991631, 0.015768, 0.922077, -0.000224, -0.01587, 0.999874, 0.0, 0.0, 0.0, 0.0, 1.0]
            ]
        },
        {
            "name": "Left_Claw",
            "time": [0.0, 0.55, 0.9, 1.5833],
            "transform": [
                [0.988132, 0.152954, 0.014145, 0.0, -0.150512, 0.945712, 0.288055, 0.818741, 0.030682, -0.286765, 0.957509, -0.0, 0.0, 0.0, 0.0, 1.0],
                [0.988132, 0.152954, 0.014145, -0.0, -0.150512, 0.945712, 0.288055, 0.818741, 0.030682, -0.286765, 0.957509, -0.0, 0.0, 0.0, 0.0, 1.0],
                [0.988132, 0.152954, 0.014145, 0.0, -0.150512, 0.945712, 0.288055, 0.818741, 0.030682, -0.286765, 0.957509, -0.0, 0.0, 0.0, 0.0, 1.0],
                [0.988132, 0.152954, 0.014145, 0.0, -0.150512, 0.945712, 0.288055, 0.818741, 0.030682, -0.286765, 0.957509, -0.0, 0.0, 0.0, 0.0, 1.0]
            ]
        },
        {
            "name": "Right_Arm",
            "time": [0.0, 0.45, 0.55, 0.9, 1.5833],
            "transform": [
                [-0.056309, -0.141849, -0.988286, -0.673575, -0.233499, -0.960534, 0.15117, 0.700798, -0.970725, 0.239276, 0.020965, -0.092819, 0.0, 0.0, 0.0, 1.0],
                [-0.106902, -0.397809, -0.911219, -0.673575, -0.194302, -0.890442, 0.411534, 0.700797, -0.975099, 0.221045, 0.017895, -0.092819, 0.0, 0.0, 0.0, 1.0],
                [-0.106902, -0.397809, -0.911219, -0.673575, -0.194302, -0.890442, 0.411534, 0.700797, -0.975099, 0.221045, 0.017895, -0.092819, 0.0, 0.0, 0.0, 1.0],
                [-0.285412, -0.297019, -0.911219, -0.673575, -0.599443, -0.686519, 0.411534, 0.700798, -0.747802, 0.663681, 0.017895, -0.092819, 0.0, 0.0, 0.0, 1.0],
                [-0.056309, -0.141849, -0.988286, -0.673575, -0.233499, -0.960534, 0.15117, 0.700798, -0.970725, 0.239276, 0.020965, -0.092819, 0.0, 0.0, 0.0, 1.0]
            ]
        },
        {
            "name": "Right_Forearm",
            "time": [0.0, 0.55, 0.9, 1.5833],
            "transform": [
                [0.994052, 0.108901, -0.000886, -0.0, -0.108904, 0.99404, -0.005038, 0.880013, 0.000332, 0.005105, 0.999987, 0.0, 0.0, 0.0, 0.0, 1.0],
                [0.994052, 0.108901, -0.000886, 0.0, -0.108904, 0.99404, -0.005038, 0.880014, 0.000332, 0.005105, 0.999987, -0.0, 0.0, 0.0, 0.0, 1.0],
                [0.994052, 0.108901, -0.000886, 0.0, -0.108904, 0.99404, -0.005038, 0.880013, 0.000332, 0.005105, 0.999987, 0.0, 0.0, 0.0, 0.0, 1.0],
                [0.994052, 0.108901, -0.000886, -0.0, -0.108904, 0.99404, -0.005038, 0.880013, 0.000332, 0.005105, 0.999987, 0.0, 0.0, 0.0, 0.0, 1.0]
            ]
        },
        {
            "name": "Right_Bulb",
            "time": [0.0, 0.55, 0.9, 1.5833],
            "transform": [
                [0.998341, -0.056574, 0.010741, -0.0, 0.057583, 0.98225, -0.178518, 0.826635, -0.000451, 0.178841, 0.983878, -0.0, 0.0, 0.0, 0.0, 1.0],
                [0.998341, -0.056574, 0.010741, 0.0, 0.057583, 0.98225, -0.178518, 0.826636, -0.000451, 0.178841, 0.983878, 0.0, 0.0, 0.0, 0.0, 1.0],
                [0.998341, -0.056574, 0.010741, 0.0, 0.057583, 0.98225, -0.178518, 0.826636, -0.000451, 0.178841, 0.983878, 0.0, 0.0, 0.0, 0.0, 1.0],
                [0.998341, -0.056574, 0.010741, -0.0, 0.057583, 0.98225, -0.178518, 0.826635, -0.000451, 0.178841, 0.983878, -0.0, 0.0, 0.0, 0.0, 1.0]
            ]
        },
        {
            "name": "Right_Blade",
            "time": [0.0, 0.55, 0.9, 1.5833],
            "transform": [
                [0.126538, 0.001517, -0.007658, 0.060833, 0.007658, 2.7e-05, 0.126547, 1.36866, 0.001516, -0.126769, -6.4e-05, 0.205588, 0.0, 0.0, 0.0, 1.0],
                [0.126538, 0.001517, -0.007658, 0.060833, 0.007658, 2.7e-05, 0.126547, 1.368661, 0.001516, -0.126769, -6.4e-05, 0.205588, 0.0, 0.0, 0.0, 1.0],
                [0.126538, 0.001517, -0.007658, 0.060833, 0.007658, 2.7e-05, 0.126547, 1.36866, 0.001516, -0.126769, -6.4e-05, 0.205588, 0.0, 0.0, 0.0, 1.0],
                [0.126538, 0.001517, -0.007658, 0.060833, 0.007658, 2.7e-05, 0.126547, 1.36866, 0.001516, -0.126769, -6.4e-05, 0.205588, 0.0, 0.0, 0.0, 1.0]
            ]
        },
        {
            "name": "Left_Leg",
            "time": [0.0, 0.45, 0.55, 0.75, 0.9, 1.5833],
            "transform": [
                [0.071725, -0.028971, -0.997009, -0.333594, 0.273065, -0.960819, 0.047564, 0.088622, -0.959448, -0.275699, -0.061066, 0.0, 0.0, 0.0, 0.0, 1.0],
                [0.068994, -0.030627, -0.997152, -0.339677, 0.714809, -0.695724, 0.070827, 0.014128, -0.696002, -0.717758, -0.026166, 0.030242, 0.0, 0.0, 0.0, 1.0],
                [0.075286, -0.00011, -0.997167, -0.326667, 0.96861, -0.237576, 0.073156, 0.167891, -0.236939, -0.971505, -0.017836, -0.062244, 0.0, 0.0, 0.0, 1.0],
                [0.069313, -0.030319, -0.99714, -0.333594, 0.663131, -0.745339, 0.068758, 0.088623, -0.745388, -0.666092, -0.031614, -0.0, 0.0, 0.0, 0.0, 1.0],
                [0.069313, -0.030319, -0.99714, -0.333594, 0.663131, -0.745339, 0.068758, 0.088623, -0.745388, -0.666092, -0.031614, -0.0, 0.0, 0.0, 0.0, 1.0],
                [0.071725, -0.028971, -0.997009, -0.333594, 0.273065, -0.960819, 0.047564, 0.088622, -0.959448, -0.275699, -0.061066, 0.0, 0.0, 0.0, 0.0, 1.0]
            ]
        },
        {
            "name": "Left_Lower_Leg",
            "time": [0.0, 0.45, 0.55, 0.75, 0.9, 1.5833],
            "transform": [
                [-0.008431, -0.435878, -0.899966, -0.0, 0.059772, 0.898169, -0.435568, 0.930059, 0.998177, -0.057465, 0.018481, -0.0, 0.0, 0.0, 0.0, 1.0],
                [-0.016584, -0.644702, -0.764254, -0.0, 0.075081, 0.761398, -0.643922, 0.930059, 0.997039, -0.06806, 0.035778, -0.0, 0.0, 0.0, 0.0, 1.0],
                [-0.073846, -0.995602, -0.057655, -0.0, 0.017233, 0.05653, -0.998252, 0.930059, 0.997121, -0.07471, 0.012982, -0.0, 0.0, 0.0, 0.0, 1.0],
                [-0.012974, -0.567923, -0.82298, 0.0, 0.069399, 0.820553, -0.567342, 0.930059, 0.997505, -0.064474, 0.028768, -0.0, 0.0, 0.0, 0.0, 1.0],
                [-0.012974, -0.567923, -0.82298, 0.0, 0.069399, 0.820553, -0.567342, 0.930059, 0.997505, -0.064474, 0.028768, -0.0, 0.0, 0.0, 0.0, 1.0],
                [-0.008431, -0.435878, -0.899966, -0.0, 0.059772, 0.898169, -0.435568, 0.930059, 0.998177, -0.057465, 0.018481, -0.0, 0.0, 0.0, 0.0, 1.0]
            ]
        },
        {
            "name": "Left_Foot",
            "time": [0.0, 0.55, 0.9, 1.5833],
            "transform": [
                [0.992268, 0.074425, 0.099326, 0.0, -0.091715, -0.099517, 0.9908, 0.730506, 0.083625, -0.992248, -0.091922, 0.0, 0.0, 0.0, 0.0, 1.0],
                [0.992268, 0.074425, 0.099326, -0.0, -0.091715, -0.099517, 0.9908, 0.730506, 0.083625, -0.992249, -0.091922, -0.0, 0.0, 0.0, 0.0, 1.0],
                [0.992268, 0.074425, 0.099326, -0.0, -0.091715, -0.099517, 0.9908, 0.730506, 0.083625, -0.992249, -0.091922, -0.0, 0.0, 0.0, 0.0, 1.0],
                [0.992268, 0.074425, 0.099326, 0.0, -0.091715, -0.099517, 0.9908, 0.730506, 0.083625, -0.992248, -0.091922, 0.0, 0.0, 0.0, 0.0, 1.0]
            ]
        },
        {
            "name": "Right_Leg",
            "time": [0.0, 0.45, 0.55, 0.9, 1.5833],
            "transform": [
                [0.073972, 0.061662, -0.995355, 0.281256, -0.087162, -0.993868, -0.068048, 0.050016, -0.993503, 0.091801, -0.068124, -0.018009, 0.0, 0.0, 0.0, 1.0],
                [0.074117, 0.170131, -0.982633, 0.312981, -0.110504, -0.977872, -0.177643, -0.132332, -0.991167, 0.12176, -0.053656, 0.004696, 0.0, 0.0, 0.0, 1.0],
                [0.074117, 0.170131, -0.982633, 0.304437, -0.110504, -0.977872, -0.177643, -0.083225, -0.991167, 0.12176, -0.053656, -0.001419, 0.0, 0.0, 0.0, 1.0],
                [0.074116, 0.061646, -0.995345, 0.281256, -0.110503, -0.991434, -0.069634, 0.050016, -0.991168, 0.115161, -0.066649, -0.018009, 0.0, 0.0, 0.0, 1.0],
                [0.073972, 0.061662, -0.995355, 0.281256, -0.087162, -0.993868, -0.068048, 0.050016, -0.993503, 0.091801, -0.068124, -0.018009, 0.0, 0.0, 0.0, 1.0]
            ]
        },
        {
            "name": "Right_lower_leg",
            "time": [0.0, 0.45, 0.55, 0.75, 0.9, 1.5833],
            "transform": [
                [-0.006005, -0.33404, -0.94254, 0.0, -0.038195, 0.941945, -0.333586, 0.930928, 0.999252, 0.033997, -0.018415, 0.0, 0.0, 0.0, 0.0, 1.0],
                [-0.004184, -0.193821, -0.981028, -0.0, -0.048177, 0.979936, -0.1934, 0.930928, 0.99883, 0.046454, -0.013438, 0.0, 0.0, 0.0, 0.0, 1.0],
                [-0.004184, -0.193821, -0.981028, 0.0, -0.048177, 0.979936, -0.1934, 0.930927, 0.99883, 0.046454, -0.013438, 0.0, 0.0, 0.0, 0.0, 1.0],
                [-0.004525, -0.057955, -0.998309, 0.0, -0.045509, 0.997297, -0.05769, 0.930928, 0.998954, 0.045171, -0.00715, -0.0, 0.0, 0.0, 0.0, 1.0],
                [-0.004525, -0.057955, -0.998309, 0.0, -0.045509, 0.997297, -0.05769, 0.930928, 0.998954, 0.045171, -0.00715, -0.0, 0.0, 0.0, 0.0, 1.0],
                [-0.006005, -0.33404, -0.94254, 0.0, -0.038195, 0.941945, -0.333586, 0.930928, 0.999252, 0.033997, -0.018415, 0.0, 0.0, 0.0, 0.0, 1.0]
            ]
        },
        {
            "name": "Right_Foot",
            "time": [0.0, 0.45, 0.55, 0.75, 0.9, 1.5833],
            "transform": [
                [0.990721, 0.072514, 0.114952, 0.0, -0.085889, -0.321459, 0.94302, 0.730506, 0.105335, -0.944143, -0.312248, 0.0, 0.0, 0.0, 0.0, 1.0],
                [0.992755, 0.074386, 0.094366, -0.0, -0.092517, -0.027926, 0.995319, 0.730506, 0.076673, -0.996839, -0.020842, 0.0, 0.0, 0.0, 0.0, 1.0],
                [0.992755, 0.074386, 0.094366, -0.0, -0.092517, -0.027926, 0.995319, 0.730506, 0.076673, -0.996839, -0.020842, 0.0, 0.0, 0.0, 0.0, 1.0],
                [0.989749, 0.087617, 0.112785, -0.0, -0.079362, -0.319147, 0.944377, 0.730506, 0.118738, -0.943647, -0.308922, 0.0, 0.0, 0.0, 0.0, 1.0],
                [0.989749, 0.087617, 0.112785, -0.0, -0.079362, -0.319147, 0.944377, 0.730506, 0.118738, -0.943647, -0.308922, -0.0, 0.0, 0.0, 0.0, 1.0],
                [0.990721, 0.072514, 0.114952, 0.0, -0.085889, -0.321459, 0.94302, 0.730506, 0.105335, -0.944143, -0.312248, 0.0, 0.0, 0.0, 0.0, 1.0]
            ]
        }
    ]
}