{
    
    "animation": [
        {
            "name": "Root",
            "time": [0.0, 0.3167, 0.3833, 0.5333, 0.9],
            "transform": [
                [0.973428, -0.154902, 0.168652, -0.008703, 0.130531, -0.229781, -0.964449, 0.02176, 0.188148, 0.960836, -0.203456, 0.632139, 0.0, 0.0, 0.0, 1.0],
                [0.973428, -0.154902, 0.168652, -0.040696, 0.130531, -0.229781, -0.964449, -0.032154, 0.188148, 0.960836, -0.203456, 0.762386, 0.0, 0.0, 0.0, 1.0],
                [0.973428, -0.154902, 0.168652, -0.040696, 0.130531, -0.229781, -0.964449, -0.032154, 0.188148, 0.960836, -0.203456, 0.762386, 0.0, 0.0, 0.0, 1.0],
                [0.973428, -0.154902, 0.168652, -0.040696, 0.130531, -0.229781, -0.964449, -0.032154, 0.188148, 0.960836, -0.203456, 0.762386, 0.0, 0.0, 0.0, 1.0],
                [0.973428, -0.154902, 0.168652, -0.040696, 0.130531, -0.229781, -0.964449, -0.032154, 0.188148, 0.960836, -0.203456, 0.762386, 0.0, 0.0, 0.0, 1.0]
            ]
        },
        {
            "name": "Thigh_R",
            "time": [0.0, 0.3167, 0.3833, 0.5333, 0.9],
            "transform": [
                [0.967716, -0.165769, 0.189855, 0.10112, -0.050621, -0.865755, -0.497898, -0.010142, 0.246905, 0.472213, -0.846199, 0.095482, 0.0, 0.0, 0.0, 1.0],
                [0.967716, -0.128403, 0.216881, 0.10112, -0.050621, -0.941981, -0.331822, -0.010142, 0.246905, 0.310131, -0.918072, 0.095482, 0.0, 0.0, 0.0, 1.0],
                [0.967716, -0.128403, 0.216881, 0.10112, -0.050621, -0.941981, -0.331822, -0.010142, 0.246905, 0.310131, -0.918072, 0.095482, 0.0, 0.0, 0.0, 1.0],
                [0.967716, -0.128403, 0.216881, 0.10112, -0.050621, -0.941981, -0.331822, -0.010142, 0.246905, 0.310131, -0.918072, 0.095482, 0.0, 0.0, 0.0, 1.0],
                [0.967716, -0.128403, 0.216881, 0.10112, -0.050621, -0.941981, -0.331822, -0.010142, 0.246905, 0.310131, -0.918072, 0.095482, 0.0, 0.0, 0.0, 1.0]
            ]
        },
        {
            "name": "Leg_R",
            "time": [0.0, 0.3167, 0.3833, 0.5333, 0.9],
            "transform": [
                [1.0, -1e-06, 2e-06, -0.0, -0.0, 0.690781, 0.723064, 0.37472, -2e-06, -0.723065, 0.69078, 0.0, 0.0, 0.0, 0.0, 1.0],
                [1.0, -0.0, 2e-06, 0.0, -0.0, 0.976511, 0.21547, 0.37472, -2e-06, -0.21547, 0.97651, -0.0, 0.0, 0.0, 0.0, 1.0],
                [1.0, -0.0, 2e-06, 0.0, -0.0, 0.976511, 0.21547, 0.37472, -2e-06, -0.21547, 0.97651, -0.0, 0.0, 0.0, 0.0, 1.0],
                [1.0, -0.0, 2e-06, 0.0, -0.0, 0.976511, 0.21547, 0.37472, -2e-06, -0.21547, 0.97651, -0.0, 0.0, 0.0, 0.0, 1.0],
                [1.0, -0.0, 2e-06, 0.0, -0.0, 0.976511, 0.21547, 0.37472, -2e-06, -0.21547, 0.97651, -0.0, 0.0, 0.0, 0.0, 1.0]
            ]
        },
        {
            "name": "Knee_R",
            "time": [0.0, 0.3833, 0.5333, 0.9],
            "transform": [
                [1.0, 0.0, -0.0, -0.0, -0.0, 0.510339, -0.859973, 0.37472, -0.0, 0.859973, 0.510339, 0.0, 0.0, 0.0, 0.0, 1.0],
                [1.0, 0.0, -0.0, 0.0, -0.0, 0.510339, -0.859973, 0.37472, -0.0, 0.859973, 0.510339, -0.0, 0.0, 0.0, 0.0, 1.0],
                [1.0, 0.0, -0.0, 0.0, -0.0, 0.510339, -0.859973, 0.37472, -0.0, 0.859973, 0.510339, -0.0, 0.0, 0.0, 0.0, 1.0],
                [1.0, 0.0, -0.0, 0.0, -0.0, 0.510339, -0.859973, 0.37472, -0.0, 0.859973, 0.510339, -0.0, 0.0, 0.0, 0.0, 1.0]
            ]
        },
        {
            "name": "Thigh_L",
            "time": [0.0, 0.3167, 0.3833, 0.5333, 0.9],
            "transform": [
                [0.92624, 0.014498, 0.376653, -0.141565, -0.27456, -0.658685, 0.700535, -0.06349, 0.258253, -0.752279, -0.60612, 0.010456, 0.0, 0.0, 0.0, 1.0],
                [0.92624, -0.134162, 0.352248, -0.141565, -0.274561, -0.880414, 0.386635, -0.06349, 0.258253, -0.45483, -0.852311, 0.010456, 0.0, 0.0, 0.0, 1.0],
                [0.92624, -0.134162, 0.352248, -0.141565, -0.274561, -0.880414, 0.386635, -0.06349, 0.258253, -0.45483, -0.852311, 0.010456, 0.0, 0.0, 0.0, 1.0],
                [0.92624, -0.134162, 0.352248, -0.141565, -0.274561, -0.880414, 0.386635, -0.06349, 0.258253, -0.45483, -0.852311, 0.010456, 0.0, 0.0, 0.0, 1.0],
                [0.92624, -0.134162, 0.352248, -0.141565, -0.274561, -0.880414, 0.386635, -0.06349, 0.258253, -0.45483, -0.852311, 0.010456, 0.0, 0.0, 0.0, 1.0]
            ]
        },
        {
            "name": "Leg_L",
            "time": [0.0, 0.3167, 0.3833, 0.5333, 0.9],
            "transform": [
                [0.996228, 0.083177, -0.02472, 0.0, -0.040504, 0.697699, 0.715245, 0.37472, 0.076739, -0.711546, 0.698437, 0.0, 0.0, 0.0, 0.0, 1.0],
                [0.996228, 0.076603, -0.040761, 0.0, -0.040504, 0.825956, 0.562277, 0.37472, 0.076739, -0.558505, 0.825944, 0.0, 0.0, 0.0, 0.0, 1.0],
                [0.996228, 0.076603, -0.040761, 0.0, -0.040504, 0.825956, 0.562277, 0.37472, 0.076739, -0.558505, 0.825944, 0.0, 0.0, 0.0, 0.0, 1.0],
                [0.996228, 0.076603, -0.040761, 0.0, -0.040504, 0.825956, 0.562277, 0.37472, 0.076739, -0.558505, 0.825944, 0.0, 0.0, 0.0, 0.0, 1.0],
                [0.996228, 0.076603, -0.040761, 0.0, -0.040504, 0.825956, 0.562277, 0.37472, 0.076739, -0.558505, 0.825944, 0.0, 0.0, 0.0, 0.0, 1.0]
            ]
        },
        {
            "name": "Knee_L",
            "time": [0.0, 0.3833, 0.5333, 0.9],
            "transform": [
                [1.0, 0.0, -0.0, 0.0, -0.0, 0.526538, -0.850152, 0.37472, -0.0, 0.850152, 0.526538, 0.0, 0.0, 0.0, 0.0, 1.0],
                [1.0, 0.0, -0.0, 0.0, -0.0, 0.526538, -0.850152, 0.37472, -0.0, 0.850152, 0.526538, 0.0, 0.0, 0.0, 0.0, 1.0],
                [1.0, 0.0, -0.0, 0.0, -0.0, 0.526538, -0.850152, 0.37472, -0.0, 0.850152, 0.526538, 0.0, 0.0, 0.0, 0.0, 1.0],
                [1.0, 0.0, -0.0, 0.0, -0.0, 0.526538, -0.850152, 0.37472, -0.0, 0.850152, 0.526538, 0.0, 0.0, 0.0, 0.0, 1.0]
            ]
        },
        {
            "name": "Torso",
            "time": [0.0, 0.3167, 0.3833, 0.5333, 0.9],
            "transform": [
                [0.740936, 0.239005, -0.627608, 0.0, 0.019618, 0.926428, 0.375962, 0.05, 0.67129, -0.290876, 0.681734, -0.0, 0.0, 0.0, 0.0, 1.0],
                [0.836996, 0.239005, -0.492255, -0.0, -0.044696, 0.926428, 0.373811, 0.05, 0.545381, -0.290876, 0.786099, -0.0, 0.0, 0.0, 0.0, 1.0],
                [0.836996, 0.239005, -0.492255, -0.0, -0.044696, 0.926428, 0.373811, 0.05, 0.545381, -0.290876, 0.786099, -0.0, 0.0, 0.0, 0.0, 1.0],
                [0.836996, 0.239005, -0.492255, -0.0, -0.044696, 0.926428, 0.373811, 0.05, 0.545381, -0.290876, 0.786099, -0.0, 0.0, 0.0, 0.0, 1.0],
                [0.836996, 0.239005, -0.492255, -0.0, -0.044696, 0.926428, 0.373811, 0.05, 0.545381, -0.290876, 0.786099, -0.0, 0.0, 0.0, 0.0, 1.0]
            ]
        },
        {
            "name": "Chest",
            "time": [0.0, 0.1667, 0.25, 0.4667, 0.9],
            "transform": [
                [0.802227, -0.007072, -0.596977, 0.0, 0.323256, 0.845819, 0.424376, 0.3, 0.501934, -0.533422, 0.680825, 0.0, 0.0, 0.0, 0.0, 1.0],
                [0.976154, -0.210964, 0.051169, -0.0, 0.199379, 0.964521, 0.173053, 0.3, -0.085862, -0.158724, 0.983582, -0.0, 0.0, 0.0, 0.0, 1.0],
                [0.464997, -0.393448, 0.79308, -0.0, 0.036606, 0.903598, 0.426814, 0.3, -0.884555, -0.169435, 0.434573, 0.0, 0.0, 0.0, 0.0, 1.0],
                [0.464997, -0.393448, 0.79308, 0.0, 0.036606, 0.903598, 0.426814, 0.3, -0.884555, -0.169435, 0.434573, -0.0, 0.0, 0.0, 0.0, 1.0],
                [0.975876, -0.121955, 0.181088, 0.0, 0.07277, 0.963705, 0.256861, 0.3, -0.20584, -0.237486, 0.949331, -0.0, 0.0, 0.0, 0.0, 1.0]
            ]
        },
        {
            "name": "Head",
            "time": [0.0, 0.3167, 0.3833, 0.7333, 0.9],
            "transform": [
                [0.397339, 0.237716, 0.886348, -0.0, 0.311441, 0.873609, -0.373914, 0.4, -0.863207, 0.424616, 0.273084, 0.0, 0.0, 0.0, 0.0, 1.0],
                [0.979961, 0.136915, 0.144673, 0.0, -0.109418, 0.976932, -0.183389, 0.4, -0.166444, 0.163884, 0.972337, -0.0, 0.0, 0.0, 0.0, 1.0],
                [0.979961, 0.136915, 0.144673, 0.0, -0.109418, 0.976932, -0.183389, 0.4, -0.166444, 0.163884, 0.972337, -0.0, 0.0, 0.0, 0.0, 1.0],
                [0.936459, 0.113245, -0.331995, -0.0, -0.176207, 0.970243, -0.166072, 0.4, 0.303309, 0.21402, 0.928547, 0.0, 0.0, 0.0, 0.0, 1.0],
                [0.990826, 0.045262, 0.127335, 0.0, -0.020365, 0.981493, -0.190414, 0.4, -0.133597, 0.186074, 0.973411, -0.0, 0.0, 0.0, 0.0, 1.0]
            ]
        },
        {
            "name": "Shoulder_R",
            "time": [0.0, 0.3833, 0.5333, 0.9],
            "transform": [
                [0.113951, 0.873927, 0.472511, -0.0, -0.102628, -0.46271, 0.880549, 0.4, 0.988171, -0.148832, 0.036963, 0.0, 0.0, 0.0, 0.0, 1.0],
                [0.351568, 0.808167, 0.472511, 0.0, -0.226782, -0.416176, 0.880549, 0.4, 0.908278, -0.41673, 0.036963, -0.0, 0.0, 0.0, 0.0, 1.0],
                [0.351568, 0.808166, 0.472511, 0.0, -0.226782, -0.416176, 0.880549, 0.4, 0.908278, -0.41673, 0.036963, -0.0, 0.0, 0.0, 0.0, 1.0],
                [-0.167524, 0.948834, 0.267674, 0.0, -0.027813, -0.275951, 0.960769, 0.4, 0.985475, 0.153507, 0.072619, -0.0, 0.0, 0.0, 0.0, 1.0]
            ]
        },
        {
            "name": "Arm_R",
            "time": [0.0, 0.3833, 0.5333, 0.9],
            "transform": [
                [0.171268, -0.210258, -0.962527, 0.0, 0.659543, 0.750226, -0.046526, 0.39386, 0.731895, -0.62686, 0.267164, 0.0, 0.0, 0.0, 0.0, 1.0],
                [-0.032793, -0.908103, -0.41746, 0.0, -0.66026, 0.33325, -0.673054, 0.39386, 0.750321, 0.253561, -0.610512, 0.0, 0.0, 0.0, 0.0, 1.0],
                [-0.032793, -0.908103, -0.41746, 0.0, -0.66026, 0.333249, -0.673054, 0.393861, 0.750321, 0.253561, -0.610512, 0.0, 0.0, 0.0, 0.0, 1.0],
                [-0.207235, -0.290037, -0.934308, 0.0, 0.881936, 0.357919, -0.306728, 0.39386, 0.42337, -0.887565, 0.181621, 0.0, 0.0, 0.0, 0.0, 1.0]
            ]
        },
        {
            "name": "Hand_R",
            "time": [0.0, 0.3833, 0.5333, 0.9],
            "transform": [
                [0.999985, 0.002961, 0.004696, -0.0, -0.001251, 0.944278, -0.329148, 0.3, -0.005409, 0.329137, 0.944267, 0.0, 0.0, 0.0, 0.0, 1.0],
                [0.999985, 0.003096, 0.004608, 0.0, -0.001251, 0.934355, -0.356343, 0.3, -0.005409, 0.356332, 0.934344, 0.0, 0.0, 0.0, 0.0, 1.0],
                [0.999985, 0.003717, 0.004124, 0.0, -0.001251, 0.874505, -0.485016, 0.3, -0.005409, 0.485003, 0.874496, -0.0, 0.0, 0.0, 0.0, 1.0],
                [0.999985, 0.003717, 0.004124, -0.0, -0.001251, 0.874505, -0.485016, 0.3, -0.005409, 0.485003, 0.874496, -0.0, 0.0, 0.0, 0.0, 1.0]
            ]
        },
        {
            "name": "Tool_R",
            "time": [0.0, 0.1333, 0.2167, 0.3, 0.3833, 0.4667, 0.5333, 0.5833, 0.6167, 0.6333, 0.6667, 0.6833, 0.7, 0.7167, 0.75, 0.7833, 0.8, 0.8333, 0.85, 0.8667, 0.9],
            "transform": [
                [0.999382, -0.030729, -0.017058, -0.014665, -0.030473, -0.999422, 0.01509, 0.235582, -0.017502, -0.014562, -0.999149, 0.16013, 0.0, 0.0, 0.0, 1.0],
                [0.584666, -0.811036, -0.019654, -0.014665, -0.809861, -0.582048, -0.073108, 0.235582, 0.047817, 0.05862, -0.996541, 0.16013, 0.0, 0.0, 0.0, 1.0],
                [-0.876819, -0.480424, -0.019545, -0.014665, -0.477975, 0.875323, -0.073136, 0.235582, 0.052208, -0.054743, -0.996541, 0.16013, 0.0, 0.0, 0.0, 1.0],
                [-0.398604, -0.871963, 0.284244, -0.032134, -0.768146, 0.486744, 0.41597, 0.245333, -0.500776, -0.052498, -0.863298, 0.159078, 0.0, 0.0, 0.0, 1.0],
                [-0.314592, -0.925048, 0.212881, -0.040885, -0.870942, 0.37048, 0.322807, 0.233714, -0.377266, -0.083801, -0.921664, 0.143381, 0.0, 0.0, 0.0, 1.0],
                [-0.317357, -0.923747, 0.214419, -0.040034, -0.898183, 0.365335, 0.244535, 0.247671, -0.304053, -0.114911, -0.945073, 0.124377, 0.0, 0.0, 0.0, 1.0],
                [-0.32652, -0.920949, 0.21269, -0.043283, -0.910264, 0.366995, 0.191661, 0.254433, -0.254425, -0.130942, -0.957569, 0.10636, 0.0, 0.0, 0.0, 1.0],
                [-0.334297, -0.902104, 0.272862, -0.018946, -0.882758, 0.40112, 0.244625, 0.279393, -0.329942, -0.158995, -0.929879, 0.13939, 0.0, 0.0, 0.0, 1.0],
                [-0.348266, -0.853381, 0.387882, 0.018252, -0.810564, 0.481996, 0.332665, 0.317619, -0.470578, -0.198424, -0.85907, 0.204174, 0.0, 0.0, 0.0, 1.0],
                [-0.323364, -0.820202, 0.471916, 0.039532, -0.75773, 0.523162, 0.39006, 0.338586, -0.566489, -0.231311, -0.790191, 0.260616, 0.0, 0.0, 0.0, 1.0],
                [-0.234501, -0.714388, 0.659287, 0.070005, -0.596612, 0.641214, 0.482596, 0.365803, -0.767056, -0.279997, -0.576231, 0.400701, 0.0, 0.0, 0.0, 1.0],
                [-0.149799, -0.650913, 0.744227, 0.063279, -0.485691, 0.704085, 0.518043, 0.370016, -0.860695, -0.283686, -0.421359, 0.488092, 0.0, 0.0, 0.0, 1.0],
                [-0.021257, -0.583456, 0.811866, 0.03753, -0.382271, 0.755089, 0.532644, 0.361877, -0.923263, -0.298845, -0.238942, 0.579987, 0.0, 0.0, 0.0, 1.0],
                [0.131984, -0.51552, 0.846652, -0.011841, -0.268743, 0.803525, 0.531154, 0.346077, -0.953565, -0.297451, -0.032465, 0.671045, 0.0, 0.0, 0.0, 1.0],
                [0.461477, -0.393066, 0.795323, -0.174939, -0.081078, 0.874052, 0.47902, 0.29744, -0.882917, -0.285362, 0.371271, 0.804485, 0.0, 0.0, 0.0, 1.0],
                [0.719643, -0.322167, 0.615079, -0.375995, 0.066094, 0.913603, 0.401199, 0.247197, -0.690782, -0.24791, 0.678364, 0.850461, 0.0, 0.0, 0.0, 1.0],
                [0.807562, -0.294949, 0.510734, -0.46781, 0.113664, 0.927568, 0.355946, 0.227699, -0.578383, -0.229251, 0.782134, 0.844273, 0.0, 0.0, 0.0, 1.0],
                [0.911678, -0.263471, 0.315319, -0.616827, 0.168743, 0.939744, 0.297335, 0.200905, -0.374435, -0.217727, 0.900672, 0.802694, 0.0, 0.0, 0.0, 1.0],
                [0.94009, -0.241922, 0.240218, -0.668254, 0.172739, 0.945462, 0.276157, 0.193166, -0.293749, -0.217978, 0.930061, 0.779373, 0.0, 0.0, 0.0, 1.0],
                [0.948906, -0.256049, 0.184436, -0.703534, 0.202787, 0.942605, 0.26528, 0.189103, -0.24163, -0.214188, 0.945809, 0.760354, 0.0, 0.0, 0.0, 1.0],
                [0.958178, -0.250436, 0.138481, -0.730425, 0.211262, 0.945439, 0.248017, 0.182949, -0.192921, -0.208256, 0.958242, 0.743196, 0.0, 0.0, 0.0, 1.0]
            ]
        },
        {
            "name": "Elbow_R",
            "time": [0.0, 0.3833, 0.5333, 0.9],
            "transform": [
                [-1.0, 0.0, 0.0, -0.0, -0.0, 0.0, -1.0, 0.3, -0.0, -1.0, 0.0, 0.0, 0.0, 0.0, 0.0, 1.0],
                [-1.0, 0.0, -0.0, 0.0, 0.0, -0.0, -1.0, 0.3, -0.0, -1.0, 0.0, 0.0, 0.0, 0.0, 0.0, 1.0],
                [-1.0, 0.0, 0.0, 0.0, 0.0, -0.0, -1.0, 0.3, -0.0, -1.0, 0.0, -0.0, 0.0, 0.0, 0.0, 1.0],
                [-1.0, 0.0, -0.0, -0.0, 0.0, -0.0, -1.0, 0.3, -0.0, -1.0, 0.0, -0.0, 0.0, 0.0, 0.0, 1.0]
            ]
        },
        {
            "name": "Shoulder_L",
            "time": [0.0, 0.3833, 0.5333, 0.9],
            "transform": [
                [-0.203361, -0.931633, -0.301172, -0.0, -0.095438, -0.287274, 0.953082, 0.4, -0.974441, 0.222563, -0.030493, 0.0, 0.0, 0.0, 0.0, 1.0],
                [0.432358, -0.849919, -0.301172, 0.0, 0.107983, -0.282797, 0.953082, 0.4, -0.895213, -0.444594, -0.030493, -0.0, 0.0, 0.0, 0.0, 1.0],
                [0.432357, -0.849919, -0.301172, 0.0, 0.107983, -0.282797, 0.953082, 0.4, -0.895213, -0.444594, -0.030493, -0.0, 0.0, 0.0, 0.0, 1.0],
                [-0.047281, -0.952397, -0.301172, 0.0, -0.046863, -0.299062, 0.953082, 0.4, -0.997782, 0.059177, -0.030493, -0.0, 0.0, 0.0, 0.0, 1.0]
            ]
        },
        {
            "name": "Arm_L",
            "time": [0.0, 0.3833, 0.5333, 0.9],
            "transform": [
                [0.004417, -0.486404, 0.873723, 0.0, -0.498711, 0.756248, 0.423527, 0.39386, -0.866757, -0.437606, -0.239234, 0.0, 0.0, 0.0, 0.0, 1.0],
                [-0.324392, -0.085692, 0.942033, 0.0, -0.759779, 0.616844, -0.205521, 0.39386, -0.563476, -0.782406, -0.265206, -0.0, 0.0, 0.0, 0.0, 1.0],
                [-0.324392, -0.085692, 0.942033, 0.0, -0.759779, 0.616844, -0.205521, 0.39386, -0.563476, -0.782407, -0.265206, -0.0, 0.0, 0.0, 0.0, 1.0],
                [0.002331, -0.070776, 0.997489, 0.0, -0.929022, 0.368938, 0.028349, 0.39386, -0.370018, -0.926755, -0.064893, 0.0, 0.0, 0.0, 0.0, 1.0]
            ]
        },
        {
            "name": "Hand_L",
            "time": [0.0, 0.3167, 0.3833, 0.5333, 0.9],
            "transform": [
                [0.99932, -0.000843, 0.036872, 0.0, 0.03687, 0.047999, -0.998167, 0.3, -0.000929, 0.998848, 0.047998, -0.0, 0.0, 0.0, 0.0, 1.0],
                [0.99932, -0.016616, 0.032926, -0.0, 0.03687, 0.472563, -0.880526, 0.3, -0.000929, 0.881141, 0.472854, -0.0, 0.0, 0.0, 0.0, 1.0],
                [0.99932, -0.016616, 0.032926, 0.0, 0.03687, 0.472563, -0.880526, 0.3, -0.000929, 0.881141, 0.472854, 0.0, 0.0, 0.0, 0.0, 1.0],
                [0.99932, -0.016616, 0.032926, 0.0, 0.03687, 0.472563, -0.880526, 0.3, -0.000929, 0.881141, 0.472854, -0.0, 0.0, 0.0, 0.0, 1.0],
                [0.99932, -0.016616, 0.032926, -0.0, 0.03687, 0.472563, -0.880526, 0.3, -0.000929, 0.881141, 0.472854, 0.0, 0.0, 0.0, 0.0, 1.0]
            ]
        },
        {
            "name": "Tool_L",
            "time": [0.0, 0.3833, 0.5333, 0.9],
            "transform": [
                [1.0, -0.0, 0.0, -0.0, 0.0, -0.921969, -0.387262, 0.255033, 0.0, 0.387025, -0.921431, 0.181343, 0.0, 0.0, 0.0, 1.0],
                [1.0, -0.0, 0.0, 0.0, 0.0, -0.921969, -0.387263, 0.255033, 0.0, 0.387025, -0.921431, 0.181343, 0.0, 0.0, 0.0, 1.0],
                [1.0, -0.0, 0.0, 0.0, 0.0, -0.92197, -0.387263, 0.255033, 0.0, 0.387025, -0.921431, 0.181343, 0.0, 0.0, 0.0, 1.0],
                [1.0, -0.0, 0.0, -0.0, 0.0, -0.921969, -0.387263, 0.255033, 0.0, 0.387025, -0.921431, 0.181343, 0.0, 0.0, 0.0, 1.0]
            ]
        },
        {
            "name": "Elbow_L",
            "time": [0.0, 0.3833, 0.5333, 0.9],
            "transform": [
                [-1.0, 0.0, 0.0, 0.0, 0.0, 0.222608, -0.974908, 0.3, -0.0, -0.974908, -0.222608, -0.0, 0.0, 0.0, 0.0, 1.0],
                [-1.0, 0.0, 0.0, 0.0, 0.0, 0.222608, -0.974908, 0.3, -0.0, -0.974908, -0.222608, 0.0, 0.0, 0.0, 0.0, 1.0],
                [-1.0, 0.0, 0.0, 0.0, 0.0, 0.222608, -0.974908, 0.3, -0.0, -0.974908, -0.222608, -0.0, 0.0, 0.0, 0.0, 1.0],
                [-1.0, 0.0, -0.0, -0.0, 0.0, 0.222608, -0.974908, 0.3, -0.0, -0.974908, -0.222608, 0.0, 0.0, 0.0, 0.0, 1.0]
            ]
        }
    ]
}