{
    
    "animation": [
        {
            "name": "Root",
            "time": [0.0, 0.05, 0.2167, 0.2667, 0.3, 0.3333, 0.4667, 0.6667, 0.9833],
            "transform": [
                [0.773342, 0.008564, 0.633931, -0.023016, 0.612564, 0.247651, -0.750623, -0.004899, -0.163422, 0.968811, 0.186273, 0.528325, 0.0, 0.0, 0.0, 1.0],
                [0.773342, 0.008564, 0.633931, -0.023016, 0.612564, 0.247651, -0.750623, -0.004899, -0.163422, 0.968811, 0.186273, 0.528325, 0.0, 0.0, 0.0, 1.0],
                [0.546129, -0.455659, -0.702936, -0.104349, -0.671455, 0.263634, -0.692564, 0.685985, 0.50089, 0.850219, -0.161977, 0.762041, 0.0, 0.0, 0.0, 1.0],
                [0.247321, -0.424623, -0.870935, -0.10432, -0.822006, 0.383922, -0.420607, 0.693925, 0.51297, 0.819939, -0.254091, 0.794129, 0.0, 0.0, 0.0, 1.0],
                [0.059148, -0.384061, -0.921411, -0.104274, -0.846472, 0.469968, -0.250229, 0.696, 0.529137, 0.79475, -0.297299, 0.810623, 0.0, 0.0, 0.0, 1.0],
                [-0.221865, -0.305976, -0.925826, -0.104068, -0.811185, 0.584789, 0.001126, 0.697489, 0.541069, 0.751266, -0.377947, 0.822328, 0.0, 0.0, 0.0, 1.0],
                [-0.399928, 0.580649, 0.709157, -0.052161, 0.91136, 0.169733, 0.374985, 0.958854, 0.097368, 0.796265, -0.597061, 0.743898, 0.0, 0.0, 0.0, 1.0],
                [0.973428, -0.154902, 0.168652, 0.011278, 0.130531, -0.229781, -0.964449, 1.606527, 0.188148, 0.960836, -0.203456, 0.589133, 0.0, 0.0, 0.0, 1.0],
                [0.973428, -0.154902, 0.168652, -0.008703, 0.130531, -0.229781, -0.964449, 1.693545, 0.188148, 0.960836, -0.203456, 0.632139, 0.0, 0.0, 0.0, 1.0]
            ]
        },
        {
            "name": "Thigh_R",
            "time": [0.0, 0.05, 0.3333, 0.4667, 0.6667, 0.9833],
            "transform": [
                [0.761858, 0.177274, 0.623014, 0.052531, 0.044751, -0.973926, 0.222401, -0.014341, 0.646196, -0.141557, -0.749928, 0.089785, 0.0, 0.0, 0.0, 1.0],
                [0.761858, 0.177274, 0.623014, 0.052531, 0.044751, -0.973926, 0.222401, -0.014341, 0.646196, -0.141557, -0.749928, 0.089785, 0.0, 0.0, 0.0, 1.0],
                [0.678272, 0.384122, 0.626416, 0.10112, 0.431719, -0.898152, 0.083296, -0.010142, 0.594613, 0.213938, -0.775026, 0.095482, 0.0, 0.0, 0.0, 1.0],
                [-0.04002, 0.390362, 0.919791, 0.10112, 0.523212, -0.776051, 0.352125, -0.010142, 0.851262, 0.495337, -0.173185, 0.095482, 0.0, 0.0, 0.0, 1.0],
                [0.967716, -0.213649, 0.133711, 0.10112, -0.050621, -0.684457, -0.727292, -0.010142, 0.246905, 0.697043, -0.673177, 0.095482, 0.0, 0.0, 0.0, 1.0],
                [0.967716, -0.165769, 0.189855, 0.10112, -0.050621, -0.865755, -0.497898, -0.010142, 0.246905, 0.472213, -0.846199, 0.095482, 0.0, 0.0, 0.0, 1.0]
            ]
        },
        {
            "name": "Leg_R",
            "time": [0.0, 0.05, 0.3333, 0.4667, 0.5167, 0.6, 0.9833],
            "transform": [
                [0.999664, 0.023241, -0.011513, -0.0, 0.003135, 0.332387, 0.943137, 0.37472, 0.025747, -0.942858, 0.332202, -0.0, 0.0, 0.0, 0.0, 1.0],
                [0.999664, 0.023241, -0.011513, -0.0, 0.003135, 0.332387, 0.943137, 0.37472, 0.025747, -0.942858, 0.332202, -0.0, 0.0, 0.0, 0.0, 1.0],
                [1.0, -2e-06, 1e-06, 0.0, -0.0, 0.086606, 0.996242, 0.37472, -2e-06, -0.996243, 0.086606, 0.0, 0.0, 0.0, 0.0, 1.0],
                [1.0, -1e-06, 2e-06, -0.0, -0.0, 0.923839, 0.382782, 0.37472, -2e-06, -0.382783, 0.923838, -0.0, 0.0, 0.0, 0.0, 1.0],
                [1.0, -1e-06, 2e-06, 0.0, -0.0, 0.580891, 0.813981, 0.37472, -2e-06, -0.813982, 0.58089, 0.0, 0.0, 0.0, 0.0, 1.0],
                [1.0, -1e-06, 2e-06, 0.0, -0.0, 0.857948, 0.513737, 0.37472, -2e-06, -0.513737, 0.857947, 0.0, 0.0, 0.0, 0.0, 1.0],
                [1.0, -1e-06, 2e-06, 0.0, -0.0, 0.690781, 0.723064, 0.37472, -2e-06, -0.723065, 0.69078, 0.0, 0.0, 0.0, 0.0, 1.0]
            ]
        },
        {
            "name": "Knee_R",
            "time": [0.0, 0.05, 0.9833],
            "transform": [
                [1.0, 0.0, -0.0, -0.0, -0.0, 0.510339, -0.859973, 0.37472, -0.0, 0.859973, 0.510339, -0.0, 0.0, 0.0, 0.0, 1.0],
                [1.0, 0.0, -0.0, -0.0, -0.0, 0.510339, -0.859973, 0.37472, -0.0, 0.859973, 0.510339, -0.0, 0.0, 0.0, 0.0, 1.0],
                [1.0, 0.0, -0.0, 0.0, -0.0, 0.510339, -0.859973, 0.37472, -0.0, 0.859973, 0.510339, 0.0, 0.0, 0.0, 0.0, 1.0]
            ]
        },
        {
            "name": "Thigh_L",
            "time": [0.0, 0.05, 0.1667, 0.2667, 0.6667, 0.9833],
            "transform": [
                [0.723195, 0.660832, 0.200723, -0.141565, -0.079015, -0.209555, 0.974599, -0.06349, 0.686108, -0.720685, -0.099334, 0.010456, 0.0, 0.0, 0.0, 1.0],
                [0.723195, 0.660832, 0.200723, -0.141565, -0.079015, -0.209555, 0.974599, -0.06349, 0.686108, -0.720685, -0.099334, 0.010456, 0.0, 0.0, 0.0, 1.0],
                [0.997704, -0.057416, 0.0359, -0.141565, -0.041949, -0.940234, -0.337936, -0.06349, 0.053158, 0.335655, -0.940484, 0.010456, 0.0, 0.0, 0.0, 1.0],
                [0.887545, 0.083054, 0.453172, -0.141565, -0.213075, -0.798107, 0.563582, -0.06349, 0.408488, -0.596764, -0.690659, 0.010456, 0.0, 0.0, 0.0, 1.0],
                [0.92624, 0.014498, 0.376653, -0.141565, -0.27456, -0.658685, 0.700535, -0.06349, 0.258253, -0.752279, -0.60612, 0.010456, 0.0, 0.0, 0.0, 1.0],
                [0.92624, 0.014498, 0.376653, -0.141565, -0.27456, -0.658685, 0.700535, -0.06349, 0.258253, -0.752279, -0.60612, 0.010456, 0.0, 0.0, 0.0, 1.0]
            ]
        },
        {
            "name": "Leg_L",
            "time": [0.0, 0.05, 0.1667, 0.6667, 0.9833],
            "transform": [
                [0.997974, 0.058615, 0.024763, 0.0, -0.045998, 0.395647, 0.91725, 0.37472, 0.043968, -0.91653, 0.397541, 0.0, 0.0, 0.0, 0.0, 1.0],
                [0.997974, 0.058615, 0.024763, 0.0, -0.045998, 0.395647, 0.91725, 0.37472, 0.043968, -0.91653, 0.397541, 0.0, 0.0, 0.0, 0.0, 1.0],
                [0.99004, -0.136827, -0.033166, -0.0, 0.126233, 0.758377, 0.639476, 0.37472, -0.062345, -0.637293, 0.768096, -0.0, 0.0, 0.0, 0.0, 1.0],
                [0.996228, 0.072375, -0.047867, 0.0, -0.040504, 0.875722, 0.481113, 0.37472, 0.076739, -0.477359, 0.875351, -0.0, 0.0, 0.0, 0.0, 1.0],
                [0.996228, 0.083177, -0.02472, 0.0, -0.040504, 0.697699, 0.715245, 0.37472, 0.076739, -0.711546, 0.698437, 0.0, 0.0, 0.0, 0.0, 1.0]
            ]
        },
        {
            "name": "Knee_L",
            "time": [0.0, 0.05, 0.9833],
            "transform": [
                [1.0, 0.0, -0.0, 0.0, -0.0, 0.526538, -0.850152, 0.37472, -0.0, 0.850152, 0.526538, 0.0, 0.0, 0.0, 0.0, 1.0],
                [1.0, 0.0, -0.0, 0.0, -0.0, 0.526538, -0.850152, 0.37472, -0.0, 0.850152, 0.526538, 0.0, 0.0, 0.0, 0.0, 1.0],
                [1.0, 0.0, -0.0, 0.0, -0.0, 0.526538, -0.850152, 0.37472, -0.0, 0.850152, 0.526538, 0.0, 0.0, 0.0, 0.0, 1.0]
            ]
        },
        {
            "name": "Torso",
            "time": [0.0, 0.05, 0.9833],
            "transform": [
                [0.740936, 0.239005, -0.627608, 0.0, 0.019618, 0.926428, 0.375962, 0.05, 0.67129, -0.290876, 0.681734, -0.0, 0.0, 0.0, 0.0, 1.0],
                [0.740936, 0.239005, -0.627608, 0.0, 0.019618, 0.926428, 0.375962, 0.05, 0.67129, -0.290876, 0.681734, -0.0, 0.0, 0.0, 0.0, 1.0],
                [0.740936, 0.239005, -0.627608, 0.0, 0.019618, 0.926428, 0.375962, 0.05, 0.67129, -0.290876, 0.681734, -0.0, 0.0, 0.0, 0.0, 1.0]
            ]
        },
        {
            "name": "Chest",
            "time": [0.0, 0.05, 0.2167, 0.3667, 0.5, 0.6667, 0.9833],
            "transform": [
                [0.994294, 0.060739, -0.087695, 0.0, -0.059098, 0.998027, 0.021197, 0.3, 0.088809, -0.015893, 0.995922, 0.0, 0.0, 0.0, 0.0, 1.0],
                [0.994294, 0.060739, -0.087695, 0.0, -0.059098, 0.998027, 0.021197, 0.3, 0.088809, -0.015893, 0.995922, 0.0, 0.0, 0.0, 0.0, 1.0],
                [0.823776, -0.30995, 0.474683, 0.0, -0.059113, 0.785782, 0.615672, 0.3, -0.563825, -0.535236, 0.628987, 0.0, 0.0, 0.0, 0.0, 1.0],
                [0.660858, -0.30995, 0.683519, -0.0, -0.226666, 0.785782, 0.575473, 0.3, -0.715465, -0.535236, 0.449035, 0.0, 0.0, 0.0, 0.0, 1.0],
                [0.883277, -0.31233, 0.349675, -0.0, -0.019644, 0.720502, 0.693174, 0.3, -0.468441, -0.619134, 0.630267, 0.0, 0.0, 0.0, 0.0, 1.0],
                [0.784532, -0.076812, -0.615312, -0.0, 0.486218, 0.692042, 0.533544, 0.3, 0.38484, -0.717758, 0.580277, 0.0, 0.0, 0.0, 0.0, 1.0],
                [0.802227, -0.007072, -0.596977, -0.0, 0.323256, 0.845819, 0.424376, 0.3, 0.501934, -0.533422, 0.680825, 0.0, 0.0, 0.0, 0.0, 1.0]
            ]
        },
        {
            "name": "Head",
            "time": [0.0, 0.05, 0.1667, 0.4833, 0.5833, 0.6667, 0.9833],
            "transform": [
                [0.996644, -0.01174, 0.081014, 0.0, 0.04688, 0.893157, -0.447295, 0.4, -0.067107, 0.449591, 0.89071, -0.0, 0.0, 0.0, 0.0, 1.0],
                [0.996644, -0.01174, 0.081014, 0.0, 0.04688, 0.893157, -0.447295, 0.4, -0.067107, 0.449591, 0.89071, -0.0, 0.0, 0.0, 0.0, 1.0],
                [0.81872, -0.01174, 0.574073, 0.0, 0.26672, 0.893157, -0.36212, 0.4, -0.508486, 0.449592, 0.734377, 0.0, 0.0, 0.0, 0.0, 1.0],
                [0.81872, -0.01174, 0.574073, -0.0, 0.26672, 0.893157, -0.36212, 0.4, -0.508486, 0.449592, 0.734377, -0.0, 0.0, 0.0, 0.0, 1.0],
                [0.919482, 0.130323, 0.370903, 0.0, 0.072422, 0.871158, -0.485632, 0.4, -0.386404, 0.473391, 0.791576, 0.0, 0.0, 0.0, 0.0, 1.0],
                [0.397339, 0.237716, 0.886348, 0.0, 0.311441, 0.873609, -0.373914, 0.4, -0.863207, 0.424616, 0.273084, -0.0, 0.0, 0.0, 0.0, 1.0],
                [0.397339, 0.237716, 0.886348, 0.0, 0.311441, 0.873609, -0.373914, 0.4, -0.863207, 0.424616, 0.273084, -0.0, 0.0, 0.0, 0.0, 1.0]
            ]
        },
        {
            "name": "Shoulder_R",
            "time": [0.0, 0.05, 0.3667, 0.6667, 0.9833],
            "transform": [
                [-0.181238, 0.780064, 0.598876, 0.0, 0.077132, -0.595809, 0.799413, 0.4, 0.98041, 0.191076, 0.047815, -0.0, 0.0, 0.0, 0.0, 1.0],
                [-0.181238, 0.780064, 0.598876, 0.0, 0.077132, -0.595809, 0.799413, 0.4, 0.98041, 0.191076, 0.047815, -0.0, 0.0, 0.0, 0.0, 1.0],
                [0.003195, 0.800836, 0.598876, 0.0, -0.062091, -0.597564, 0.799413, 0.4, 0.998065, -0.039739, 0.047815, 0.0, 0.0, 0.0, 0.0, 1.0],
                [-0.083624, 0.877348, 0.472511, 0.0, 0.003044, -0.473944, 0.880549, 0.4, 0.996492, 0.075074, 0.036963, -0.0, 0.0, 0.0, 0.0, 1.0],
                [0.113951, 0.873927, 0.472511, 0.0, -0.102628, -0.46271, 0.880549, 0.4, 0.988171, -0.148832, 0.036963, -0.0, 0.0, 0.0, 0.0, 1.0]
            ]
        },
        {
            "name": "Arm_R",
            "time": [0.0, 0.05, 0.3333, 0.3667, 0.5, 0.6667, 0.9833],
            "transform": [
                [0.257257, 0.076765, -0.963289, -0.0, -0.065811, 0.995917, 0.061789, 0.39386, 0.9641, 0.047499, 0.261258, -0.0, 0.0, 0.0, 0.0, 1.0],
                [0.257257, 0.076765, -0.963289, -0.0, -0.065811, 0.995917, 0.061789, 0.39386, 0.9641, 0.047499, 0.261258, -0.0, 0.0, 0.0, 0.0, 1.0],
                [0.074755, -0.997164, -0.008653, -0.0, -0.33411, -0.01687, -0.942383, 0.39386, 0.939565, 0.073338, -0.334424, -0.0, 0.0, 0.0, 0.0, 1.0],
                [0.331629, -0.942314, -0.045454, 0.0, -0.419742, -0.104228, -0.901639, 0.39386, 0.84489, 0.318089, -0.430094, -0.0, 0.0, 0.0, 0.0, 1.0],
                [0.438743, -0.532958, -0.723505, 0.0, -0.373967, 0.623813, -0.686299, 0.39386, 0.817101, 0.571676, 0.074385, -0.0, 0.0, 0.0, 0.0, 1.0],
                [0.26339, -0.064552, -0.962527, 0.0, 0.074117, 0.996164, -0.046526, 0.393861, 0.961838, -0.059085, 0.267164, 0.0, 0.0, 0.0, 0.0, 1.0],
                [0.171268, -0.210258, -0.962527, -0.0, 0.659543, 0.750226, -0.046526, 0.393861, 0.731895, -0.62686, 0.267164, -0.0, 0.0, 0.0, 0.0, 1.0]
            ]
        },
        {
            "name": "Hand_R",
            "time": [0.0, 0.05, 0.3333, 0.3667, 0.6667, 0.9833],
            "transform": [
                [0.999984, 0.004947, 0.002519, -0.0, -0.00125, 0.642792, -0.766039, 0.3, -0.005409, 0.766024, 0.642789, 0.0, 0.0, 0.0, 0.0, 1.0],
                [0.999984, 0.004947, 0.002519, -0.0, -0.00125, 0.642792, -0.766039, 0.3, -0.005409, 0.766024, 0.642789, 0.0, 0.0, 0.0, 0.0, 1.0],
                [0.999985, 0.003984, 0.003867, -0.0, -0.00125, 0.840216, -0.542251, 0.3, -0.005409, 0.542238, 0.840208, -0.0, 0.0, 0.0, 0.0, 1.0],
                [0.999985, 0.002747, 0.004825, 0.0, -0.00125, 0.958131, -0.286328, 0.3, -0.005409, 0.286318, 0.95812, -0.0, 0.0, 0.0, 0.0, 1.0],
                [0.999985, 0.001496, 0.005346, -0.0, -0.00125, 0.998961, -0.045555, 0.3, -0.005409, 0.045547, 0.998948, -0.0, 0.0, 0.0, 0.0, 1.0],
                [0.999985, 0.002961, 0.004696, -0.0, -0.001251, 0.944278, -0.329148, 0.3, -0.005409, 0.329137, 0.944267, 0.0, 0.0, 0.0, 0.0, 1.0]
            ]
        },
        {
            "name": "Tool_R",
            "time": [0.0, 0.05, 0.3667, 0.4833, 0.6667, 0.9833],
            "transform": [
                [0.999382, -0.026964, -0.022546, -0.014665, -0.030475, -0.984345, -0.1736, 0.235582, -0.017502, 0.174066, -0.983977, 0.16013, 0.0, 0.0, 0.0, 1.0],
                [0.999382, -0.026964, -0.022546, -0.014665, -0.030475, -0.984345, -0.1736, 0.235582, -0.017502, 0.174066, -0.983977, 0.16013, 0.0, 0.0, 0.0, 1.0],
                [0.999382, -0.026338, -0.02328, -0.016218, -0.030479, -0.979199, -0.200597, 0.225232, -0.017503, 0.201053, -0.978819, 0.089566, 0.0, 0.0, 0.0, 1.0],
                [0.999382, -0.001051, -0.035138, -0.016656, -0.030477, -0.524045, -0.851145, 0.249515, -0.017509, 0.85118, -0.523452, 0.022379, 0.0, 0.0, 0.0, 1.0],
                [0.999382, -0.004854, -0.034813, -0.017116, -0.030475, -0.613185, -0.789351, 0.219246, -0.017505, 0.78945, -0.6126, 0.048759, 0.0, 0.0, 0.0, 1.0],
                [0.999382, -0.021921, -0.02747, -0.016276, -0.030469, -0.929954, -0.366412, 0.256892, -0.017504, 0.366795, -0.9295, 0.031177, 0.0, 0.0, 0.0, 1.0]
            ]
        },
        {
            "name": "Elbow_R",
            "time": [0.0, 0.05, 0.9833],
            "transform": [
                [-1.0, 0.0, -0.0, -0.0, 0.0, -0.0, -1.0, 0.3, -0.0, -1.0, 0.0, 0.0, 0.0, 0.0, 0.0, 1.0],
                [-1.0, 0.0, -0.0, -0.0, 0.0, -0.0, -1.0, 0.3, -0.0, -1.0, 0.0, 0.0, 0.0, 0.0, 0.0, 1.0],
                [-1.0, 0.0, 0.0, -0.0, -0.0, 0.0, -1.0, 0.3, -0.0, -1.0, 0.0, 0.0, 0.0, 0.0, 0.0, 1.0]
            ]
        },
        {
            "name": "Shoulder_L",
            "time": [0.0, 0.05, 0.6667, 0.9833],
            "transform": [
                [-0.309884, -0.901813, -0.301172, 0.0, -0.128065, -0.274288, 0.953082, 0.4, -0.94211, 0.333915, -0.030493, -0.0, 0.0, 0.0, 0.0, 1.0],
                [-0.309884, -0.901813, -0.301172, 0.0, -0.128065, -0.274288, 0.953082, 0.4, -0.94211, 0.333915, -0.030493, -0.0, 0.0, 0.0, 0.0, 1.0],
                [0.096943, -0.948629, -0.301172, 0.0, -0.001209, -0.30271, 0.953082, 0.4, -0.995289, -0.09203, -0.030493, -0.0, 0.0, 0.0, 0.0, 1.0],
                [-0.203361, -0.931633, -0.301172, 0.0, -0.095438, -0.287274, 0.953082, 0.4, -0.974441, 0.222563, -0.030493, -0.0, 0.0, 0.0, 0.0, 1.0]
            ]
        },
        {
            "name": "Arm_L",
            "time": [0.0, 0.05, 0.9833],
            "transform": [
                [0.09087, -0.409104, 0.907952, -0.0, -0.835835, 0.464334, 0.292872, 0.39386, -0.541408, -0.785511, -0.299749, -0.0, 0.0, 0.0, 0.0, 1.0],
                [0.09087, -0.409104, 0.907952, -0.0, -0.835835, 0.464334, 0.292872, 0.39386, -0.541408, -0.785511, -0.299749, -0.0, 0.0, 0.0, 0.0, 1.0],
                [0.004417, -0.486404, 0.873723, 0.0, -0.498711, 0.756248, 0.423527, 0.39386, -0.866757, -0.437606, -0.239234, 0.0, 0.0, 0.0, 0.0, 1.0]
            ]
        },
        {
            "name": "Hand_L",
            "time": [0.0, 0.05, 0.3333, 0.9833],
            "transform": [
                [0.99932, -0.016342, 0.033063, -0.0, 0.036869, 0.465222, -0.884426, 0.3, -0.000929, 0.885044, 0.465508, -0.0, 0.0, 0.0, 0.0, 1.0],
                [0.99932, -0.016342, 0.033063, -0.0, 0.036869, 0.465222, -0.884426, 0.3, -0.000929, 0.885044, 0.465508, -0.0, 0.0, 0.0, 0.0, 1.0],
                [0.99932, -0.000843, 0.036872, -0.0, 0.03687, 0.047999, -0.998167, 0.3, -0.000929, 0.998847, 0.047998, -0.0, 0.0, 0.0, 0.0, 1.0],
                [0.99932, -0.000843, 0.036872, -0.0, 0.03687, 0.047999, -0.998167, 0.3, -0.000929, 0.998848, 0.047998, 0.0, 0.0, 0.0, 0.0, 1.0]
            ]
        },
        {
            "name": "Tool_L",
            "time": [0.0, 0.05, 0.9833],
            "transform": [
                [1.0, -0.0, 0.0, 0.0, 0.0, -0.92197, -0.387263, 0.255033, 0.0, 0.387025, -0.921431, 0.181343, 0.0, 0.0, 0.0, 1.0],
                [1.0, -0.0, 0.0, 0.0, 0.0, -0.92197, -0.387263, 0.255033, 0.0, 0.387025, -0.921431, 0.181343, 0.0, 0.0, 0.0, 1.0],
                [1.0, -0.0, 0.0, 0.0, 0.0, -0.921969, -0.387262, 0.255033, 0.0, 0.387025, -0.921431, 0.181343, 0.0, 0.0, 0.0, 1.0]
            ]
        },
        {
            "name": "Elbow_L",
            "time": [0.0, 0.05, 0.9833],
            "transform": [
                [-1.0, 0.0, -0.0, -0.0, 0.0, 0.222608, -0.974908, 0.3, -0.0, -0.974908, -0.222608, -0.0, 0.0, 0.0, 0.0, 1.0],
                [-1.0, 0.0, -0.0, -0.0, 0.0, 0.222608, -0.974908, 0.3, -0.0, -0.974908, -0.222608, -0.0, 0.0, 0.0, 0.0, 1.0],
                [-1.0, 0.0, 0.0, -0.0, 0.0, 0.222608, -0.974908, 0.3, -0.0, -0.974908, -0.222608, 0.0, 0.0, 0.0, 0.0, 1.0]
            ]
        }
    ]
}