{
    
    "animation": [
        {
            "name": "Root",
            "time": [0.0, 0.1667, 0.2833, 0.4, 0.4167, 0.5333, 0.6, 0.8333, 1.1167, 1.3333],
            "transform": [
                [0.854689, 0.030206, -0.51826, -0.000981, -0.51914, 0.04973, -0.853241, -0.000661, 0.0, 0.998306, 0.058185, 0.723465, 0.0, 0.0, 0.0, 1.0],
                [0.98549, 0.030206, -0.167023, -0.007119, -0.168374, 0.04973, -0.984468, 0.233136, -0.021431, 0.998306, 0.054095, 0.751186, 0.0, 0.0, 0.0, 1.0],
                [0.998697, 0.030206, 0.041135, -0.019727, 0.039601, 0.04973, -0.997977, 0.528257, -0.032191, 0.998306, 0.048469, 0.684439, 0.0, 0.0, 0.0, 1.0],
                [0.998697, 0.030206, 0.041135, -0.020143, 0.039601, 0.04973, -0.997977, 0.538359, -0.032191, 0.998306, 0.048469, 0.683948, 0.0, 0.0, 0.0, 1.0],
                [0.998697, 0.030206, 0.041135, -0.020143, 0.039601, 0.04973, -0.997977, 0.538359, -0.032191, 0.998306, 0.048469, 0.683948, 0.0, 0.0, 0.0, 1.0],
                [0.998697, 0.030206, 0.041135, -0.011457, 0.039601, 0.04973, -0.997977, 0.293531, -0.032191, 0.998306, 0.048469, 0.55267, 0.0, 0.0, 0.0, 1.0],
                [0.998697, 0.030206, 0.041135, -0.011457, 0.039601, 0.04973, -0.997977, 0.293531, -0.032191, 0.998306, 0.048469, 0.55267, 0.0, 0.0, 0.0, 1.0],
                [0.999543, 0.030206, -0.00103, 0.014613, -0.002532, 0.04973, -0.998759, 1.708902, -0.030118, 0.998306, 0.049784, 0.65838, 0.0, 0.0, 0.0, 1.0],
                [0.994333, 0.030206, -0.101931, 0.091434, -0.103346, 0.04973, -0.993401, 2.281193, -0.024938, 0.998306, 0.05257, 0.593754, 0.0, 0.0, 0.0, 1.0],
                [0.994333, 0.030206, -0.101931, 0.106863, -0.103346, 0.04973, -0.993401, 2.424, -0.024938, 0.998306, 0.05257, 0.617124, 0.0, 0.0, 0.0, 1.0]
            ]
        },
        {
            "name": "Thigh_R",
            "time": [0.0, 0.3167, 0.4167, 0.5333, 0.6, 1.1167, 1.3333],
            "transform": [
                [0.947355, 0.070886, -0.312238, 0.124994, 0.077288, -0.996973, 0.008159, -0.002831, -0.310716, -0.031861, -0.949969, -1.2e-05, 0.0, 0.0, 0.0, 1.0],
                [0.998048, 0.049188, -0.038477, 0.124994, 0.062101, -0.716668, 0.694642, -0.002831, 0.006593, -0.695674, -0.718326, -1.2e-05, 0.0, 0.0, 0.0, 1.0],
                [0.998048, 0.049188, -0.038477, 0.124994, 0.062101, -0.716668, 0.694642, -0.002831, 0.006593, -0.695674, -0.718326, -1.2e-05, 0.0, 0.0, 0.0, 1.0],
                [0.997482, 0.049769, -0.050523, 0.124994, 0.069305, -0.532934, 0.843314, -0.002831, 0.015045, -0.844689, -0.535043, -1.2e-05, 0.0, 0.0, 0.0, 1.0],
                [0.997482, 0.049769, -0.050523, 0.124994, 0.069305, -0.532934, 0.843314, -0.002831, 0.015045, -0.844689, -0.535043, -1.2e-05, 0.0, 0.0, 0.0, 1.0],
                [0.998048, 0.051473, 0.035361, 0.124994, 0.062101, -0.877817, -0.47495, -0.002831, 0.006593, 0.476218, -0.879302, -1.2e-05, 0.0, 0.0, 0.0, 1.0],
                [0.998048, 0.056125, 0.027385, 0.124994, 0.062101, -0.93825, -0.340333, -0.002831, 0.006593, 0.341369, -0.939906, -1.2e-05, 0.0, 0.0, 0.0, 1.0]
            ]
        },
        {
            "name": "Leg_R",
            "time": [0.0, 0.1667, 0.3167, 0.4167, 0.5333, 0.6, 0.9, 1.1167, 1.3333],
            "transform": [
                [1.0, -0.0, 2e-06, -0.0, -0.0, 0.940085, 0.340943, 0.37472, -2e-06, -0.340944, 0.940083, -0.0, 0.0, 0.0, 0.0, 1.0],
                [1.0, -2e-06, 1e-06, 0.0, -0.0, 0.4462, 0.894933, 0.37472, -2e-06, -0.894934, 0.446199, 0.0, 0.0, 0.0, 0.0, 1.0],
                [1.0, -1e-06, 2e-06, -0.0, -0.0, 0.868624, 0.495473, 0.37472, -2e-06, -0.495473, 0.868623, -0.0, 0.0, 0.0, 0.0, 1.0],
                [1.0, -1e-06, 2e-06, 0.0, -0.0, 0.868624, 0.495473, 0.37472, -2e-06, -0.495473, 0.868623, -0.0, 0.0, 0.0, 0.0, 1.0],
                [0.999943, 0.009399, 0.005109, -0.0, -0.010655, 0.91782, 0.396855, 0.37472, -0.00096, -0.396887, 0.917866, 0.0, 0.0, 0.0, 0.0, 1.0],
                [0.999943, 0.009399, 0.005109, -0.0, -0.010655, 0.91782, 0.396855, 0.37472, -0.00096, -0.396887, 0.917866, 0.0, 0.0, 0.0, 0.0, 1.0],
                [1.0, -1e-06, 1e-06, -0.0, -0.0, 0.592175, 0.805809, 0.37472, -2e-06, -0.80581, 0.592174, 0.0, 0.0, 0.0, 0.0, 1.0],
                [1.0, -1e-06, 2e-06, -0.0, -0.0, 0.840897, 0.541196, 0.37472, -2e-06, -0.541196, 0.840896, -0.0, 0.0, 0.0, 0.0, 1.0],
                [1.0, -1e-06, 2e-06, 0.0, -0.0, 0.840897, 0.541196, 0.37472, -2e-06, -0.541196, 0.840896, 0.0, 0.0, 0.0, 0.0, 1.0]
            ]
        },
        {
            "name": "Knee_R",
            "time": [0.0, 0.4167, 0.5333, 0.6, 1.3333],
            "transform": [
                [1.0, 0.0, -0.0, -0.0, -0.0, 1e-06, -1.0, 0.37472, -0.0, 1.0, 1e-06, -0.0, 0.0, 0.0, 0.0, 1.0],
                [1.0, 0.0, -0.0, 0.0, -0.0, 1e-06, -1.0, 0.37472, -0.0, 1.0, 1e-06, -0.0, 0.0, 0.0, 0.0, 1.0],
                [1.0, 0.0, -0.0, -0.0, -0.0, 1e-06, -1.0, 0.37472, -0.0, 1.0, 1e-06, 0.0, 0.0, 0.0, 0.0, 1.0],
                [1.0, 0.0, -0.0, -0.0, -0.0, 1e-06, -1.0, 0.37472, -0.0, 1.0, 1e-06, 0.0, 0.0, 0.0, 0.0, 1.0],
                [1.0, 0.0, -0.0, 0.0, -0.0, 1e-06, -1.0, 0.37472, -0.0, 1.0, 1e-06, 0.0, 0.0, 0.0, 0.0, 1.0]
            ]
        },
        {
            "name": "Thigh_L",
            "time": [0.0, 0.2833, 0.4167, 0.5333, 0.6, 1.0333, 1.1167, 1.3333],
            "transform": [
                [0.866588, -0.273802, -0.4172, -0.125006, -0.027838, -0.861258, 0.507404, -0.002831, -0.498245, -0.428097, -0.753979, -1.2e-05, 0.0, 0.0, 0.0, 1.0],
                [0.993516, 0.068323, -0.090872, -0.125006, 0.051139, -0.982422, -0.179535, -0.002831, -0.101541, 0.173724, -0.979545, -1.2e-05, 0.0, 0.0, 0.0, 1.0],
                [0.993516, 0.068323, -0.090872, -0.125006, 0.051139, -0.982422, -0.179535, -0.002831, -0.101541, 0.173724, -0.979545, -1.2e-05, 0.0, 0.0, 0.0, 1.0],
                [0.999509, 0.006082, 0.030707, -0.125006, 0.017686, -0.919107, -0.39361, -0.002831, 0.025829, 0.393961, -0.918764, -1.2e-05, 0.0, 0.0, 0.0, 1.0],
                [0.999509, 0.006082, 0.030707, -0.125006, 0.017686, -0.919107, -0.39361, -0.002831, 0.025829, 0.393961, -0.918764, -1.2e-05, 0.0, 0.0, 0.0, 1.0],
                [0.993515, -0.074859, -0.085568, -0.125006, 0.051139, -0.377954, 0.92441, -0.002831, -0.101541, -0.922793, -0.371676, -1.2e-05, 0.0, 0.0, 0.0, 1.0],
                [0.993515, -0.055413, -0.099273, -0.125006, 0.051139, -0.562047, 0.825523, -0.002831, -0.101541, -0.825247, -0.555569, -1.2e-05, 0.0, 0.0, 0.0, 1.0],
                [0.993515, -0.055413, -0.099273, -0.125006, 0.051139, -0.562047, 0.825523, -0.002831, -0.101541, -0.825247, -0.555569, -1.2e-05, 0.0, 0.0, 0.0, 1.0]
            ]
        },
        {
            "name": "Leg_L",
            "time": [0.0, 0.4167, 0.5333, 0.6, 0.9, 0.9833, 1.1167, 1.3333],
            "transform": [
                [1.0, -1e-06, 1e-06, -0.0, 0.0, 0.903297, 0.429015, 0.37472, -1e-06, -0.429015, 0.903298, 0.0, 0.0, 0.0, 0.0, 1.0],
                [1.0, -1e-06, 1e-06, 0.0, 0.0, 0.903297, 0.429015, 0.37472, -1e-06, -0.429015, 0.903298, -0.0, 0.0, 0.0, 0.0, 1.0],
                [0.999807, 0.008881, 0.017507, 0.0, -0.018151, 0.757917, 0.652098, 0.37472, -0.007477, -0.65229, 0.757933, 0.0, 0.0, 0.0, 0.0, 1.0],
                [0.999807, 0.008881, 0.017507, 0.0, -0.018151, 0.757917, 0.652098, 0.37472, -0.007477, -0.65229, 0.757933, 0.0, 0.0, 0.0, 0.0, 1.0],
                [1.0, -1e-06, -0.0, -0.0, 0.0, -0.248952, 0.968516, 0.37472, -1e-06, -0.968516, -0.248952, -0.0, 0.0, 0.0, 0.0, 1.0],
                [1.0, -1e-06, -0.0, -0.0, 0.0, -0.248952, 0.968516, 0.37472, -1e-06, -0.968516, -0.248952, 0.0, 0.0, 0.0, 0.0, 1.0],
                [1.0, -1e-06, 1e-06, 0.0, 0.0, 0.861502, 0.507754, 0.37472, -1e-06, -0.507754, 0.861502, -0.0, 0.0, 0.0, 0.0, 1.0],
                [1.0, -1e-06, 0.0, 0.0, 0.0, 0.699448, 0.714683, 0.37472, -1e-06, -0.714683, 0.699448, 0.0, 0.0, 0.0, 0.0, 1.0]
            ]
        },
        {
            "name": "Knee_L",
            "time": [0.0, 0.4167, 0.5333, 0.6, 1.3333],
            "transform": [
                [1.0, 0.0, -0.0, -0.0, -0.0, 0.265511, -0.964108, 0.37472, -0.0, 0.964108, 0.265511, 0.0, 0.0, 0.0, 0.0, 1.0],
                [1.0, 0.0, -0.0, 0.0, -0.0, 0.265511, -0.964108, 0.37472, -0.0, 0.964108, 0.265511, -0.0, 0.0, 0.0, 0.0, 1.0],
                [1.0, 0.0, -0.0, 0.0, -0.0, 0.265511, -0.964108, 0.37472, -0.0, 0.964108, 0.265511, 0.0, 0.0, 0.0, 0.0, 1.0],
                [1.0, 0.0, -0.0, 0.0, -0.0, 0.265511, -0.964108, 0.37472, -0.0, 0.964108, 0.265511, 0.0, 0.0, 0.0, 0.0, 1.0],
                [1.0, 0.0, -0.0, 0.0, -0.0, 0.265511, -0.964108, 0.37472, -0.0, 0.964108, 0.265511, 0.0, 0.0, 0.0, 0.0, 1.0]
            ]
        },
        {
            "name": "Torso",
            "time": [0.0, 0.2833, 0.4167, 0.5333, 0.6, 0.75, 0.8833, 1.1167, 1.3333],
            "transform": [
                [0.99978, -0.020931, -0.001324, 0.0, 0.020971, 0.997148, 0.072506, 0.05, -0.000198, -0.072518, 0.997367, -0.0, 0.0, 0.0, 0.0, 1.0],
                [0.975727, -0.020931, 0.217988, 0.0, 0.004558, 0.997148, 0.07534, 0.05, -0.218943, -0.072518, 0.973039, -0.0, 0.0, 0.0, 0.0, 1.0],
                [0.975727, -0.020931, 0.217988, 0.0, 0.004558, 0.997148, 0.07534, 0.05, -0.218943, -0.072518, 0.973039, 0.0, 0.0, 0.0, 0.0, 1.0],
                [0.953919, -0.022282, 0.299236, 0.0, 0.005293, 0.998334, 0.057466, 0.05, -0.300018, -0.053234, 0.952447, -0.0, 0.0, 0.0, 0.0, 1.0],
                [0.946145, 0.123563, 0.299236, 0.0, -0.147131, 0.987446, 0.057466, 0.05, -0.288379, -0.098398, 0.952447, -0.0, 0.0, 0.0, 0.0, 1.0],
                [0.987018, 0.020117, 0.159344, -0.0, -0.079743, 0.922581, 0.377474, 0.05, -0.139414, -0.38528, 0.912208, 0.0, 0.0, 0.0, 0.0, 1.0],
                [0.982058, -0.054656, -0.180487, 0.0, 0.092821, 0.973213, 0.210336, 0.05, 0.164156, -0.223316, 0.960824, 0.0, 0.0, 0.0, 0.0, 1.0],
                [0.996612, -0.072885, -0.038101, 0.0, 0.081026, 0.949545, 0.302984, 0.05, 0.014095, -0.305044, 0.952234, 0.0, 0.0, 0.0, 0.0, 1.0],
                [0.975727, -0.072885, 0.206506, 0.0, 0.004558, 0.949545, 0.313597, 0.05, -0.218943, -0.305044, 0.926829, 0.0, 0.0, 0.0, 0.0, 1.0]
            ]
        },
        {
            "name": "Chest",
            "time": [0.0, 0.2833, 0.4167, 0.5333, 0.6, 0.9, 1.1167, 1.3333],
            "transform": [
                [0.98202, -0.006367, 0.188669, -0.0, 0.017419, 0.998223, -0.056982, 0.3, -0.18797, 0.059244, 0.980386, 0.0, 0.0, 0.0, 0.0, 1.0],
                [0.60839, -0.006367, 0.793613, -0.0, 0.050886, 0.998223, -0.031001, 0.3, -0.792005, 0.059244, 0.607633, -0.0, 0.0, 0.0, 0.0, 1.0],
                [0.60839, -0.006367, 0.793613, 0.0, 0.050886, 0.998223, -0.031001, 0.3, -0.792005, 0.059244, 0.607633, -0.0, 0.0, 0.0, 0.0, 1.0],
                [0.290168, -0.006367, 0.956955, -0.0, 0.058541, 0.998223, -0.011109, 0.3, -0.955184, 0.059244, 0.290025, 0.0, 0.0, 0.0, 0.0, 1.0],
                [0.181196, -0.006367, 0.983426, 0.0, 0.059416, 0.998223, -0.004485, 0.3, -0.98165, 0.059244, 0.181252, -0.0, 0.0, 0.0, 0.0, 1.0],
                [0.892625, 0.170161, -0.417452, 0.0, 0.040388, 0.892113, 0.450003, 0.3, 0.448988, -0.418544, 0.78945, 0.0, 0.0, 0.0, 0.0, 1.0],
                [0.864563, 0.076837, -0.496615, 0.0, 0.047884, 0.971148, 0.233621, 0.3, 0.500238, -0.22576, 0.83594, -0.0, 0.0, 0.0, 0.0, 1.0],
                [0.973939, 0.035458, -0.224021, -0.0, -0.005699, 0.991218, 0.132114, 0.3, 0.226738, -0.127394, 0.965588, 0.0, 0.0, 0.0, 0.0, 1.0]
            ]
        },
        {
            "name": "Head",
            "time": [0.0, 0.2833, 0.4167, 0.5333, 0.6, 0.9, 1.1167, 1.3333],
            "transform": [
                [0.956456, 0.037721, 0.289429, 0.0, -0.021673, 0.998055, -0.058455, 0.4, -0.291071, 0.049637, 0.955413, 0.0, 0.0, 0.0, 0.0, 1.0],
                [0.611846, 0.090883, -0.785739, -0.0, -0.0336, 0.995467, 0.088978, 0.4, 0.790263, -0.028041, 0.612126, 0.0, 0.0, 0.0, 0.0, 1.0],
                [0.611846, 0.090883, -0.785739, 0.0, -0.0336, 0.995467, 0.088978, 0.4, 0.790263, -0.028041, 0.612126, 0.0, 0.0, 0.0, 0.0, 1.0],
                [0.123949, 0.090883, -0.988118, 0.0, 0.016631, 0.995467, 0.093646, 0.4, 0.992149, -0.028041, 0.121875, 0.0, 0.0, 0.0, 0.0, 1.0],
                [0.123949, 0.090883, -0.988118, 0.0, 0.016631, 0.995467, 0.093646, 0.4, 0.992149, -0.028041, 0.121875, -0.0, 0.0, 0.0, 0.0, 1.0],
                [0.74684, 0.149859, 0.647898, -0.0, 0.243527, 0.844966, -0.476158, 0.4, -0.618808, 0.513395, 0.59456, 0.0, 0.0, 0.0, 0.0, 1.0],
                [0.765908, 0.108079, 0.633801, -0.0, 0.195915, 0.89966, -0.390166, 0.4, -0.612374, 0.423002, 0.667883, -0.0, 0.0, 0.0, 0.0, 1.0],
                [0.985821, 0.104444, 0.13133, -0.0, -0.051015, 0.932174, -0.358397, 0.4, -0.159855, 0.346616, 0.924286, -0.0, 0.0, 0.0, 0.0, 1.0]
            ]
        },
        {
            "name": "Shoulder_R",
            "time": [0.0, 0.2833, 0.4, 0.4167, 0.5333, 0.6, 0.75, 0.8167, 1.1167, 1.3333],
            "transform": [
                [0.089555, 0.949274, 0.301428, 0.0, -0.003656, -0.302328, 0.953197, 0.4, 0.995975, -0.086466, -0.023605, 0.0, 0.0, 0.0, 0.0, 1.0],
                [0.187128, 0.933326, 0.306405, -0.0, -0.318255, -0.237491, 0.917775, 0.4, 0.929353, -0.269256, 0.252594, 0.0, 0.0, 0.0, 0.0, 1.0],
                [0.315774, 0.897999, 0.306406, 0.0, -0.348332, -0.190665, 0.917775, 0.4, 0.882582, -0.39654, 0.252594, 0.0, 0.0, 0.0, 0.0, 1.0],
                [0.315774, 0.897999, 0.306406, 0.0, -0.348332, -0.190665, 0.917775, 0.4, 0.882582, -0.39654, 0.252594, 0.0, 0.0, 0.0, 0.0, 1.0],
                [0.425463, 0.851526, 0.306405, 0.0, -0.369418, -0.145665, 0.917775, 0.4, 0.826142, -0.503671, 0.252594, 0.0, 0.0, 0.0, 0.0, 1.0],
                [0.425463, 0.851526, 0.306405, 0.0, -0.369418, -0.145665, 0.917775, 0.4, 0.826142, -0.503671, 0.252594, -0.0, 0.0, 0.0, 0.0, 1.0],
                [-0.112963, 0.913757, 0.39024, -0.0, -0.591936, -0.377338, 0.712199, 0.4, 0.798029, -0.150545, 0.583511, -0.0, 0.0, 0.0, 0.0, 1.0],
                [-0.290216, 0.913445, 0.285293, 0.0, -0.494465, -0.39838, 0.772527, 0.4, 0.819316, 0.083132, 0.567283, 0.0, 0.0, 0.0, 0.0, 1.0],
                [-0.296525, 0.824231, 0.482406, -0.0, -0.160128, -0.540883, 0.825715, 0.4, 0.941505, 0.167598, 0.292368, -0.0, 0.0, 0.0, 0.0, 1.0],
                [-0.296525, 0.824231, 0.482407, -0.0, -0.160128, -0.540883, 0.825715, 0.4, 0.941505, 0.167598, 0.292368, -0.0, 0.0, 0.0, 0.0, 1.0]
            ]
        },
        {
            "name": "Arm_R",
            "time": [0.0, 0.2833, 0.4, 0.4167, 0.5333, 0.6, 0.75, 0.8167, 1.1167, 1.3333],
            "transform": [
                [0.019786, 0.239566, -0.970678, -0.0, 0.913875, 0.389443, 0.114743, 0.39386, 0.405513, -0.889349, -0.211228, -0.0, 0.0, 0.0, 0.0, 1.0],
                [-0.478686, -0.863072, -0.161143, 0.0, -0.526724, 0.429137, -0.73376, 0.393861, 0.70244, -0.266362, -0.660022, -0.0, 0.0, 0.0, 0.0, 1.0],
                [-0.478686, -0.780667, -0.40177, 0.0, -0.526724, 0.621453, -0.579963, 0.39386, 0.70244, -0.065998, -0.708677, -0.0, 0.0, 0.0, 0.0, 1.0],
                [-0.478686, -0.780667, -0.40177, 0.0, -0.526724, 0.621453, -0.579963, 0.39386, 0.70244, -0.065998, -0.708677, -0.0, 0.0, 0.0, 0.0, 1.0],
                [0.411017, -0.250804, -0.876449, -0.0, -0.389795, 0.820744, -0.41766, 0.393861, 0.824091, 0.5133, 0.239578, -0.0, 0.0, 0.0, 0.0, 1.0],
                [0.411017, -0.863187, -0.293213, -0.0, -0.389794, 0.124348, -0.912468, 0.39386, 0.824091, 0.489333, -0.285356, 0.0, 0.0, 0.0, 0.0, 1.0],
                [0.068356, -0.528286, -0.846311, -0.0, -0.127791, 0.83667, -0.532589, 0.393861, 0.989443, 0.144557, -0.010319, -0.0, 0.0, 0.0, 0.0, 1.0],
                [-0.476689, -0.176644, -0.861141, -0.0, 0.60818, 0.64105, -0.468158, 0.39386, 0.634732, -0.746894, -0.19815, 0.0, 0.0, 0.0, 0.0, 1.0],
                [0.183664, 0.141074, -0.972813, -0.0, 0.244351, 0.952032, 0.184193, 0.393861, 0.952135, -0.271537, 0.140382, 0.0, 0.0, 0.0, 0.0, 1.0],
                [0.183664, 0.141074, -0.972813, 0.0, 0.244351, 0.952032, 0.184193, 0.393861, 0.952135, -0.271537, 0.140382, 0.0, 0.0, 0.0, 0.0, 1.0]
            ]
        },
        {
            "name": "Hand_R",
            "time": [0.0, 0.1167, 0.2833, 0.4, 0.4167, 0.5333, 0.6, 1.1167, 1.3333],
            "transform": [
                [0.999985, 0.002643, 0.004882, 0.0, -0.00125, 0.964008, -0.26587, 0.3, -0.005409, 0.26586, 0.963997, 0.0, 0.0, 0.0, 0.0, 1.0],
                [0.999985, 0.00543, 0.001155, 0.0, -0.00125, 0.423061, -0.9061, 0.3, -0.005409, 0.906085, 0.423062, 0.0, 0.0, 0.0, 0.0, 1.0],
                [0.999985, 0.000374, 0.005539, -0.0, -0.00125, 0.987255, 0.159144, 0.3, -0.005409, -0.159148, 0.98724, -0.0, 0.0, 0.0, 0.0, 1.0],
                [0.999985, 0.00426, 0.00356, -0.0, -0.00125, 0.797654, -0.603114, 0.3, -0.005409, 0.6031, 0.797647, -0.0, 0.0, 0.0, 0.0, 1.0],
                [0.999985, 0.00426, 0.00356, -0.0, -0.00125, 0.797654, -0.603114, 0.3, -0.005409, 0.6031, 0.797647, -0.0, 0.0, 0.0, 0.0, 1.0],
                [0.999985, 0.003489, 0.004318, 0.0, -0.00125, 0.899385, -0.437155, 0.3, -0.005409, 0.437143, 0.899376, -0.0, 0.0, 0.0, 0.0, 1.0],
                [0.999985, 0.002172, 0.005109, 0.0, -0.00125, 0.984757, -0.173932, 0.3, -0.005409, 0.173923, 0.984745, -0.0, 0.0, 0.0, 0.0, 1.0],
                [0.999985, 0.001081, 0.005445, 0.0, -0.00125, 0.999515, 0.031112, 0.3, -0.005409, -0.031118, 0.999501, -0.0, 0.0, 0.0, 0.0, 1.0],
                [0.999985, 0.004238, 0.003586, -0.0, -0.00125, 0.8013, -0.598261, 0.3, -0.005409, 0.598248, 0.801293, 0.0, 0.0, 0.0, 0.0, 1.0]
            ]
        },
        {
            "name": "Tool_R",
            "time": [0.0, 0.0167, 0.0333, 0.05, 0.0667, 0.0833, 0.1, 0.1167, 0.1333, 0.15, 0.1667, 0.1833, 0.2, 0.2167, 0.2333, 0.25, 0.2667, 0.2833, 0.3, 0.3167, 0.3333, 0.35, 0.3667, 0.3833, 0.4, 0.4167, 0.4667, 0.5333, 0.6, 0.75, 0.8167, 0.9, 1.1167, 1.3333],
            "transform": [
                [0.975034, -0.216144, 0.050895, -0.776559, 0.221314, 0.964621, -0.143274, -0.109483, -0.018113, 0.150882, 0.987787, 0.746956, 0.0, 0.0, 0.0, 1.0],
                [0.974431, -0.213453, 0.07016, -0.764989, 0.219743, 0.970484, -0.099365, -0.079659, -0.046849, 0.112186, 0.991986, 0.758924, 0.0, 0.0, 0.0, 1.0],
                [0.970175, -0.210261, 0.120627, -0.730606, 0.207169, 0.977576, 0.037773, 0.0176, -0.125788, -0.011639, 0.991392, 0.783813, 0.0, 0.0, 0.0, 1.0],
                [0.954261, -0.209472, 0.213326, -0.667861, 0.156391, 0.957849, 0.24097, 0.176455, -0.254658, -0.19646, 0.94624, 0.800055, 0.0, 0.0, 0.0, 1.0],
                [0.920021, -0.201396, 0.336155, -0.5789, 0.024684, 0.885908, 0.463204, 0.37206, -0.390858, -0.417603, 0.819545, 0.770163, 0.0, 0.0, 0.0, 1.0],
                [0.847804, -0.219757, 0.482634, -0.461337, -0.150233, 0.773287, 0.616001, 0.547248, -0.508286, -0.594396, 0.622219, 0.695576, 0.0, 0.0, 0.0, 1.0],
                [0.732508, -0.236966, 0.638184, -0.321058, -0.366698, 0.652483, 0.663172, 0.662314, -0.573219, -0.719367, 0.39083, 0.602206, 0.0, 0.0, 0.0, 1.0],
                [0.561783, -0.286747, 0.776, -0.173271, -0.551752, 0.569051, 0.609714, 0.705188, -0.616058, -0.770224, 0.161381, 0.512503, 0.0, 0.0, 0.0, 1.0],
                [0.354758, -0.355363, 0.864791, -0.037455, -0.694959, 0.518523, 0.498163, 0.686273, -0.62508, -0.777255, -0.06297, 0.433725, 0.0, 0.0, 0.0, 1.0],
                [0.132917, -0.452879, 0.881609, 0.067627, -0.778556, 0.50274, 0.375636, 0.62365, -0.612983, -0.735869, -0.285596, 0.363855, 0.0, 0.0, 0.0, 1.0],
                [-0.060408, -0.563802, 0.823698, 0.125102, -0.805079, 0.515351, 0.293703, 0.534703, -0.589743, -0.645012, -0.484746, 0.310333, 0.0, 0.0, 0.0, 1.0],
                [-0.212101, -0.671703, 0.709808, 0.14051, -0.78267, 0.551693, 0.288204, 0.442893, -0.584846, -0.494119, -0.642353, 0.274432, 0.0, 0.0, 0.0, 1.0],
                [-0.301066, -0.765259, 0.56898, 0.123978, -0.744068, 0.561694, 0.36175, 0.362231, -0.59608, -0.314257, -0.73807, 0.254784, 0.0, 0.0, 0.0, 1.0],
                [-0.331904, -0.837425, 0.434234, 0.091424, -0.706744, 0.525642, 0.473511, 0.291296, -0.624419, -0.149638, -0.76585, 0.24558, 0.0, 0.0, 0.0, 1.0],
                [-0.327342, -0.890076, 0.317195, 0.054785, -0.677452, 0.455087, 0.577888, 0.235692, -0.658333, -0.025697, -0.751501, 0.237772, 0.0, 0.0, 0.0, 1.0],
                [-0.305737, -0.926204, 0.220614, 0.020933, -0.646778, 0.372078, 0.665759, 0.195742, -0.698308, 0.060827, -0.712378, 0.23471, 0.0, 0.0, 0.0, 1.0],
                [-0.289299, -0.944985, 0.152673, -0.007674, -0.627156, 0.307608, 0.715578, 0.166736, -0.722753, 0.111204, -0.681232, 0.230426, 0.0, 0.0, 0.0, 1.0],
                [-0.280059, -0.95349, 0.111466, -0.025961, -0.617242, 0.267781, 0.739801, 0.152001, -0.734812, 0.138307, -0.663128, 0.23242, 0.0, 0.0, 0.0, 1.0],
                [-0.262373, -0.96128, 0.084271, -0.040784, -0.638516, 0.238427, 0.731744, 0.1464, -0.723082, 0.138102, -0.675941, 0.234262, 0.0, 0.0, 0.0, 1.0],
                [-0.248347, -0.966546, 0.064133, -0.054986, -0.690528, 0.223079, 0.688046, 0.155264, -0.67894, 0.126516, -0.722392, 0.229985, 0.0, 0.0, 0.0, 1.0],
                [-0.23659, -0.970435, 0.047756, -0.065519, -0.766999, 0.216713, 0.603943, 0.168576, -0.596092, 0.106197, -0.795118, 0.220132, 0.0, 0.0, 0.0, 1.0],
                [-0.230422, -0.972317, 0.038814, -0.075218, -0.842679, 0.219329, 0.491718, 0.190314, -0.48634, 0.08055, -0.869369, 0.205428, 0.0, 0.0, 0.0, 1.0],
                [-0.223951, -0.97425, 0.02614, -0.085062, -0.903191, 0.217545, 0.370027, 0.211625, -0.365978, 0.059226, -0.928099, 0.188726, 0.0, 0.0, 0.0, 1.0],
                [-0.224122, -0.974209, 0.026192, -0.090077, -0.938845, 0.22304, 0.262343, 0.225958, -0.261274, 0.034189, -0.964045, 0.172139, 0.0, 0.0, 0.0, 1.0],
                [-0.223894, -0.97426, 0.026234, -0.09014, -0.94863, 0.22402, 0.22342, 0.236143, -0.223424, 0.025123, -0.97379, 0.165564, 0.0, 0.0, 0.0, 1.0],
                [-0.223894, -0.97426, 0.026234, -0.09014, -0.94863, 0.22402, 0.22342, 0.236143, -0.223424, 0.025123, -0.97379, 0.165564, 0.0, 0.0, 0.0, 1.0],
                [0.527831, -0.809152, 0.258199, -0.070457, -0.837459, -0.445124, 0.31706, 0.235426, -0.141544, -0.383363, -0.912039, 0.170261, 0.0, 0.0, 0.0, 1.0],
                [0.996197, 0.021916, 0.084326, -0.022174, 0.03789, -0.98051, -0.19278, 0.233667, 0.078411, 0.195116, -0.977035, 0.181781, 0.0, 0.0, 0.0, 1.0],
                [0.996197, 0.021916, 0.084325, -0.022175, 0.03789, -0.98051, -0.19278, 0.233667, 0.078411, 0.195116, -0.977035, 0.181781, 0.0, 0.0, 0.0, 1.0],
                [0.999922, -6.8e-05, -0.012467, -0.016562, -0.003817, -0.953646, -0.300908, 0.254468, -0.011861, 0.300743, -0.95301, 0.149944, 0.0, 0.0, 0.0, 1.0],
                [0.996765, 0.006048, 0.080145, -0.008495, 0.007901, -0.999708, -0.022819, 0.284363, 0.079936, 0.023353, -0.995932, 0.10419, 0.0, 0.0, 0.0, 1.0],
                [0.977774, -0.074067, 0.196141, -0.001776, 0.048523, -0.830178, -0.555383, 0.309264, 0.203847, 0.552221, -0.80766, 0.066079, 0.0, 0.0, 0.0, 1.0],
                [0.977774, -0.074067, 0.196141, -0.001776, 0.048523, -0.830178, -0.555383, 0.309264, 0.203847, 0.552221, -0.80766, 0.066079, 0.0, 0.0, 0.0, 1.0],
                [0.97767, -0.086673, 0.191439, -0.014645, 0.01037, -0.889977, -0.455888, 0.282723, 0.209765, 0.447419, -0.868695, 0.157721, 0.0, 0.0, 0.0, 1.0]
            ]
        },
        {
            "name": "Elbow_R",
            "time": [0.0, 0.4167, 0.5333, 0.6, 1.3333],
            "transform": [
                [-1.0, 0.0, -0.0, 0.0, 0.0, -0.0, -1.0, 0.3, -0.0, -1.0, 0.0, 0.0, 0.0, 0.0, 0.0, 1.0],
                [-1.0, 0.0, -0.0, -0.0, 0.0, -0.0, -1.0, 0.3, -0.0, -1.0, 0.0, -0.0, 0.0, 0.0, 0.0, 1.0],
                [-1.0, 0.0, 0.0, 0.0, 0.0, -0.0, -1.0, 0.3, -0.0, -1.0, 0.0, -0.0, 0.0, 0.0, 0.0, 1.0],
                [-1.0, 0.0, 0.0, 0.0, 0.0, -0.0, -1.0, 0.3, -0.0, -1.0, 0.0, -0.0, 0.0, 0.0, 0.0, 1.0],
                [-1.0, 0.0, -0.0, -0.0, -0.0, -0.0, -1.0, 0.3, -0.0, -1.0, 0.0, 0.0, 0.0, 0.0, 0.0, 1.0]
            ]
        },
        {
            "name": "Shoulder_L",
            "time": [0.0, 0.2833, 0.4167, 0.5333, 0.6, 0.9, 1.3333],
            "transform": [
                [0.088499, -0.949454, -0.301172, 0.0, -0.003902, -0.302687, 0.953082, 0.4, -0.996068, -0.083172, -0.030493, 0.0, 0.0, 0.0, 0.0, 1.0],
                [0.611151, -0.731976, -0.301172, -0.0, 0.168379, -0.251561, 0.953082, 0.4, -0.773397, -0.633188, -0.030493, 0.0, 0.0, 0.0, 0.0, 1.0],
                [0.611151, -0.731976, -0.301172, 0.0, 0.168379, -0.251561, 0.953082, 0.4, -0.773397, -0.633188, -0.030493, 0.0, 0.0, 0.0, 0.0, 1.0],
                [0.363843, -0.881427, -0.301172, 0.0, 0.085298, -0.290446, 0.953082, 0.4, -0.927546, -0.372462, -0.030493, 0.0, 0.0, 0.0, 0.0, 1.0],
                [0.363843, -0.881427, -0.301172, 0.0, 0.085298, -0.290446, 0.953082, 0.4, -0.927546, -0.372462, -0.030493, -0.0, 0.0, 0.0, 0.0, 1.0],
                [-0.05619, -0.951913, -0.301172, -0.0, -0.04966, -0.298611, 0.953082, 0.4, -0.997184, 0.06851, -0.030493, 0.0, 0.0, 0.0, 0.0, 1.0],
                [-0.05619, -0.951913, -0.301172, -0.0, -0.04966, -0.298611, 0.953082, 0.4, -0.997184, 0.06851, -0.030493, -0.0, 0.0, 0.0, 0.0, 1.0]
            ]
        },
        {
            "name": "Arm_L",
            "time": [0.0, 0.2833, 0.4167, 0.5333, 0.6, 0.9, 1.3333],
            "transform": [
                [0.159466, -0.483621, 0.860628, -0.0, -0.915361, 0.254048, 0.312368, 0.39386, -0.369709, -0.837597, -0.402176, -0.0, 0.0, 0.0, 0.0, 1.0],
                [-0.271656, -0.483621, 0.832054, 0.0, -0.95326, 0.254048, -0.163566, 0.39386, -0.132278, -0.837597, -0.530031, -0.0, 0.0, 0.0, 0.0, 1.0],
                [-0.271656, -0.483621, 0.832054, 0.0, -0.95326, 0.254048, -0.163566, 0.39386, -0.132278, -0.837597, -0.530031, -0.0, 0.0, 0.0, 0.0, 1.0],
                [-0.374594, -0.409103, 0.832054, 0.0, -0.870425, 0.464334, -0.163566, 0.39386, -0.319435, -0.785511, -0.530031, 0.0, 0.0, 0.0, 0.0, 1.0],
                [-0.374594, -0.409103, 0.832054, -0.0, -0.870425, 0.464334, -0.163566, 0.39386, -0.319435, -0.785511, -0.530031, -0.0, 0.0, 0.0, 0.0, 1.0],
                [0.09087, -0.409104, 0.907952, -0.0, -0.835835, 0.464334, 0.292872, 0.39386, -0.541408, -0.785511, -0.299749, -0.0, 0.0, 0.0, 0.0, 1.0],
                [0.09087, -0.409104, 0.907952, -0.0, -0.835835, 0.464334, 0.292872, 0.39386, -0.541408, -0.785511, -0.299749, 0.0, 0.0, 0.0, 0.0, 1.0]
            ]
        },
        {
            "name": "Hand_L",
            "time": [0.0, 0.4167, 0.5333, 0.6, 1.3333],
            "transform": [
                [0.99932, -0.016342, 0.033063, -0.0, 0.03687, 0.465222, -0.884426, 0.3, -0.000929, 0.885044, 0.465508, -0.0, 0.0, 0.0, 0.0, 1.0],
                [0.99932, -0.016342, 0.033063, 0.0, 0.036869, 0.465222, -0.884426, 0.3, -0.000929, 0.885044, 0.465508, -0.0, 0.0, 0.0, 0.0, 1.0],
                [0.99932, -0.016342, 0.033063, 0.0, 0.036869, 0.465222, -0.884426, 0.3, -0.000928, 0.885044, 0.465508, 0.0, 0.0, 0.0, 0.0, 1.0],
                [0.99932, -0.016342, 0.033063, 0.0, 0.036869, 0.465222, -0.884426, 0.3, -0.000929, 0.885044, 0.465508, 0.0, 0.0, 0.0, 0.0, 1.0],
                [0.99932, -0.016342, 0.033063, 0.0, 0.03687, 0.465222, -0.884426, 0.3, -0.000929, 0.885044, 0.465508, 0.0, 0.0, 0.0, 0.0, 1.0]
            ]
        },
        {
            "name": "Tool_L",
            "time": [0.0, 0.4167, 0.5333, 0.6, 1.3333],
            "transform": [
                [1.0, -0.0, 0.0, -0.0, 0.0, -0.921969, -0.387263, 0.255033, 0.0, 0.387025, -0.921431, 0.181343, 0.0, 0.0, 0.0, 1.0],
                [1.0, -0.0, 0.0, 0.0, 0.0, -0.921969, -0.387263, 0.255033, 0.0, 0.387025, -0.921431, 0.181343, 0.0, 0.0, 0.0, 1.0],
                [1.0, -0.0, 0.0, 0.0, 0.0, -0.921969, -0.387263, 0.255033, 0.0, 0.387025, -0.921431, 0.181343, 0.0, 0.0, 0.0, 1.0],
                [1.0, -0.0, 0.0, 0.0, -0.0, -0.921969, -0.387263, 0.255033, 0.0, 0.387025, -0.921431, 0.181343, 0.0, 0.0, 0.0, 1.0],
                [1.0, -0.0, 0.0, -0.0, 0.0, -0.921969, -0.387263, 0.255033, 0.0, 0.387025, -0.921431, 0.181343, 0.0, 0.0, 0.0, 1.0]
            ]
        },
        {
            "name": "Elbow_L",
            "time": [0.0, 0.4167, 0.5333, 0.6, 1.3333],
            "transform": [
                [-1.0, 0.0, 0.0, -0.0, 0.0, 0.222608, -0.974908, 0.3, -0.0, -0.974908, -0.222608, -0.0, 0.0, 0.0, 0.0, 1.0],
                [-1.0, 0.0, 0.0, 0.0, 0.0, 0.222608, -0.974908, 0.3, -0.0, -0.974908, -0.222608, -0.0, 0.0, 0.0, 0.0, 1.0],
                [-1.0, 0.0, 0.0, 0.0, 0.0, 0.222608, -0.974908, 0.3, -0.0, -0.974908, -0.222608, 0.0, 0.0, 0.0, 0.0, 1.0],
                [-1.0, 0.0, 0.0, 0.0, 0.0, 0.222608, -0.974908, 0.3, -0.0, -0.974908, -0.222608, 0.0, 0.0, 0.0, 0.0, 1.0],
                [-1.0, 0.0, 0.0, 0.0, 0.0, 0.222608, -0.974908, 0.3, -0.0, -0.974908, -0.222608, 0.0, 0.0, 0.0, 0.0, 1.0]
            ]
        }
    ]
}