{
    
    "animation": [
        {
            "name": "Root",
            "time": [0.0, 0.1167, 0.25, 0.35, 0.5833],
            "transform": [
                [0.994333, 0.030206, -0.101931, -0.14853, -0.103346, 0.04973, -0.993401, -0.051282, -0.024938, 0.998306, 0.05257, 0.691925, 0.0, 0.0, 0.0, 1.0],
                [0.992395, 0.030206, 0.11933, -0.092895, 0.117745, 0.04973, -0.991798, 0.377433, -0.035893, 0.998306, 0.045795, 0.752847, 0.0, 0.0, 0.0, 1.0],
                [0.775187, 0.030206, 0.631009, -0.068946, 0.62935, 0.04973, -0.775529, 0.99248, -0.054806, 0.998306, 0.01954, 0.604144, 0.0, 0.0, 0.0, 1.0],
                [0.775617, 0.029781, 0.630501, -0.068946, 0.621281, 0.140405, -0.770907, 0.99248, -0.111484, 0.989646, 0.090398, 0.604144, 0.0, 0.0, 0.0, 1.0],
                [0.775617, 0.029781, 0.630501, -0.068946, 0.621281, 0.140405, -0.770907, 0.99248, -0.111484, 0.989646, 0.090398, 0.604144, 0.0, 0.0, 0.0, 1.0]
            ]
        },
        {
            "name": "Thigh_R",
            "time": [0.0, 0.1, 0.2, 0.35, 0.5833],
            "transform": [
                [0.998048, 0.060563, 0.015235, 0.124994, 0.062101, -0.988239, -0.139726, -0.002831, 0.006593, 0.1404, -0.990073, -1.2e-05, 0.0, 0.0, 0.0, 1.0],
                [0.980532, 0.177156, 0.084684, 0.124994, 0.119453, -0.880468, 0.458808, -0.002831, 0.155842, -0.439759, -0.884491, -1.2e-05, 0.0, 0.0, 0.0, 1.0],
                [0.898022, 0.388694, 0.206086, 0.124994, 0.015693, -0.496433, 0.867933, -0.002831, 0.439669, -0.776187, -0.451909, -1.2e-05, 0.0, 0.0, 0.0, 1.0],
                [0.775864, 0.596289, 0.206086, 0.124994, 0.136488, -0.47756, 0.867933, -0.002831, 0.615958, -0.645268, -0.451909, -1.2e-05, 0.0, 0.0, 0.0, 1.0],
                [0.775864, 0.596289, 0.206086, 0.124994, 0.136488, -0.47756, 0.867933, -0.002831, 0.615958, -0.645268, -0.451909, -1.2e-05, 0.0, 0.0, 0.0, 1.0]
            ]
        },
        {
            "name": "Leg_R",
            "time": [0.0, 0.1, 0.1667, 0.2167, 0.35, 0.5833],
            "transform": [
                [1.0, -1e-06, 2e-06, 0.0, -0.0, 0.840897, 0.541195, 0.37472, -2e-06, -0.541196, 0.840896, -0.0, 0.0, 0.0, 0.0, 1.0],
                [1.0, -2e-06, 1e-06, 0.0, -0.0, 0.097111, 0.995273, 0.37472, -2e-06, -0.995274, 0.097111, 0.0, 0.0, 0.0, 0.0, 1.0],
                [1.0, -2e-06, 0.0, -0.0, -0.0, 0.001266, 0.999998, 0.37472, -2e-06, -1.0, 0.001266, 0.0, 0.0, 0.0, 0.0, 1.0],
                [1.0, -1e-06, 2e-06, -0.0, -0.0, 0.689535, 0.724252, 0.37472, -2e-06, -0.724253, 0.689534, 0.0, 0.0, 0.0, 0.0, 1.0],
                [1.0, -1e-06, 1e-06, 0.0, -0.0, 0.559595, 0.828766, 0.37472, -2e-06, -0.828767, 0.559594, -0.0, 0.0, 0.0, 0.0, 1.0],
                [1.0, -1e-06, 1e-06, 0.0, -0.0, 0.650912, 0.759153, 0.37472, -2e-06, -0.759154, 0.650911, -0.0, 0.0, 0.0, 0.0, 1.0]
            ]
        },
        {
            "name": "Knee_R",
            "time": [0.0, 0.1, 0.35, 0.5833],
            "transform": [
                [1.0, 0.0, -0.0, 0.0, -0.0, 1e-06, -1.0, 0.37472, -0.0, 1.0, 1e-06, -0.0, 0.0, 0.0, 0.0, 1.0],
                [1.0, 0.0, -0.0, 0.0, -0.0, 0.510339, -0.859973, 0.37472, -0.0, 0.859973, 0.510339, 0.0, 0.0, 0.0, 0.0, 1.0],
                [1.0, 0.0, -0.0, 0.0, -0.0, 0.510339, -0.859973, 0.37472, -0.0, 0.859973, 0.510339, -0.0, 0.0, 0.0, 0.0, 1.0],
                [1.0, 0.0, -0.0, 0.0, -0.0, 0.510339, -0.859973, 0.37472, -0.0, 0.859973, 0.510339, -0.0, 0.0, 0.0, 0.0, 1.0]
            ]
        },
        {
            "name": "Thigh_L",
            "time": [0.0, 0.2, 0.35, 0.5833],
            "transform": [
                [0.993515, -0.028897, -0.109958, -0.125006, 0.051139, -0.750211, 0.659217, -0.002831, -0.101541, -0.660566, -0.743869, -1.2e-05, 0.0, 0.0, 0.0, 1.0],
                [0.971174, -0.085955, 0.222332, -0.125006, 0.002613, -0.928826, -0.370507, -0.002831, 0.238355, 0.360408, -0.901827, -1.2e-05, 0.0, 0.0, 0.0, 1.0],
                [0.841912, -0.387325, 0.375715, -0.125006, -0.162264, -0.845761, -0.50829, -0.002831, 0.514639, 0.366971, -0.774906, -1.2e-05, 0.0, 0.0, 0.0, 1.0],
                [0.841912, -0.339305, 0.419589, -0.125006, -0.162264, -0.900774, -0.402835, -0.002831, 0.514639, 0.271068, -0.81343, -1.2e-05, 0.0, 0.0, 0.0, 1.0]
            ]
        },
        {
            "name": "Leg_L",
            "time": [0.0, 0.35, 0.5833],
            "transform": [
                [1.0, -1e-06, 1e-06, -0.0, 0.0, 0.901739, 0.43228, 0.37472, -1e-06, -0.43228, 0.90174, -0.0, 0.0, 0.0, 0.0, 1.0],
                [1.0, -1e-06, 1e-06, 0.0, 0.0, 0.983572, 0.180516, 0.37472, -1e-06, -0.180516, 0.983572, 0.0, 0.0, 0.0, 0.0, 1.0],
                [1.0, -1e-06, 1e-06, 0.0, 0.0, 0.951836, 0.306606, 0.37472, -1e-06, -0.306606, 0.951837, -0.0, 0.0, 0.0, 0.0, 1.0]
            ]
        },
        {
            "name": "Knee_L",
            "time": [0.0, 0.35, 0.5833],
            "transform": [
                [1.0, 0.0, -0.0, -0.0, -0.0, 0.265511, -0.964108, 0.37472, -0.0, 0.964108, 0.265511, -0.0, 0.0, 0.0, 0.0, 1.0],
                [1.0, 0.0, -0.0, 0.0, -0.0, 0.265511, -0.964108, 0.37472, -0.0, 0.964108, 0.265511, 0.0, 0.0, 0.0, 0.0, 1.0],
                [1.0, 0.0, -0.0, 0.0, -0.0, 0.265511, -0.964108, 0.37472, -0.0, 0.964108, 0.265511, -0.0, 0.0, 0.0, 0.0, 1.0]
            ]
        },
        {
            "name": "Torso",
            "time": [0.0, 0.25, 0.35, 0.5833],
            "transform": [
                [0.993581, -0.072885, -0.086511, -0.0, 0.095661, 0.949545, 0.298686, 0.05, 0.060376, -0.305044, 0.950422, -0.0, 0.0, 0.0, 0.0, 1.0],
                [0.950031, -0.072885, 0.303527, -0.0, -0.026983, 0.949545, 0.312468, 0.05, -0.310987, -0.305044, 0.900131, -0.0, 0.0, 0.0, 0.0, 1.0],
                [0.950031, -0.072885, 0.303527, 0.0, -0.026983, 0.949545, 0.312468, 0.05, -0.310987, -0.305044, 0.900131, -0.0, 0.0, 0.0, 0.0, 1.0],
                [0.950031, -0.072885, 0.303527, 0.0, -0.026983, 0.949545, 0.312468, 0.05, -0.310987, -0.305044, 0.900131, -0.0, 0.0, 0.0, 0.0, 1.0]
            ]
        },
        {
            "name": "Chest",
            "time": [0.0, 0.25, 0.35, 0.5833],
            "transform": [
                [0.791626, 0.035458, -0.609976, -0.0, 0.049947, 0.991218, 0.122441, 0.3, 0.60896, -0.127394, 0.782904, -0.0, 0.0, 0.0, 0.0, 1.0],
                [0.839025, 0.035458, 0.542936, 0.0, -0.09878, 0.991218, 0.087915, 0.3, -0.535051, -0.127394, 0.83516, -0.0, 0.0, 0.0, 0.0, 1.0],
                [0.760542, 0.035458, 0.64832, -0.0, -0.10946, 0.991218, 0.074195, 0.3, -0.639996, -0.127394, 0.757744, 0.0, 0.0, 0.0, 0.0, 1.0],
                [0.831127, 0.035458, 0.554951, -0.0, -0.100035, 0.991218, 0.086484, 0.3, -0.547011, -0.127394, 0.827375, 0.0, 0.0, 0.0, 0.0, 1.0]
            ]
        },
        {
            "name": "Head",
            "time": [0.0, 0.25, 0.35, 0.5833],
            "transform": [
                [0.899137, 0.054882, 0.434212, 0.0, 0.142793, 0.901034, -0.409571, 0.4, -0.413718, 0.430263, 0.802316, 0.0, 0.0, 0.0, 0.0, 1.0],
                [0.530992, 0.054882, -0.845598, 0.0, -0.391266, 0.901034, -0.187215, 0.4, 0.751637, 0.430263, 0.499915, 0.0, 0.0, 0.0, 0.0, 1.0],
                [0.316575, 0.054882, -0.946978, 0.0, -0.424383, 0.901034, -0.089652, 0.4, 0.848339, 0.430263, 0.308536, 0.0, 0.0, 0.0, 0.0, 1.0],
                [0.316575, 0.054882, -0.946978, -0.0, -0.424383, 0.901034, -0.089652, 0.4, 0.848339, 0.430263, 0.308536, -0.0, 0.0, 0.0, 0.0, 1.0]
            ]
        },
        {
            "name": "Shoulder_R",
            "time": [0.0, 0.25, 0.35, 0.5833],
            "transform": [
                [-0.296525, 0.824231, 0.482407, 0.0, -0.160128, -0.540883, 0.825715, 0.4, 0.941505, 0.167598, 0.292368, 0.0, 0.0, 0.0, 0.0, 1.0],
                [0.159034, 0.784892, 0.598875, 0.0, -0.177231, -0.574045, 0.799413, 0.4, 0.971235, -0.233273, 0.047815, 0.0, 0.0, 0.0, 0.0, 1.0],
                [0.159034, 0.784892, 0.598876, 0.0, -0.177231, -0.574045, 0.799413, 0.4, 0.971235, -0.233273, 0.047815, 0.0, 0.0, 0.0, 0.0, 1.0],
                [0.159034, 0.784892, 0.598875, -0.0, -0.177231, -0.574045, 0.799413, 0.4, 0.971235, -0.233273, 0.047815, -0.0, 0.0, 0.0, 0.0, 1.0]
            ]
        },
        {
            "name": "Arm_R",
            "time": [0.0, 0.25, 0.35, 0.5833],
            "transform": [
                [0.253891, -0.617459, 0.744502, 0.0, 0.561984, 0.72064, 0.40602, 0.39386, -0.787219, 0.315313, 0.529966, 0.0, 0.0, 0.0, 0.0, 1.0],
                [0.258963, -0.900493, -0.349357, 0.0, 0.861356, 0.051644, 0.50537, 0.393861, -0.43704, -0.431793, 0.789019, -0.0, 0.0, 0.0, 0.0, 1.0],
                [0.258963, -0.788396, -0.558005, 0.0, 0.861356, -0.0729, 0.502744, 0.393861, -0.43704, -0.610833, 0.660211, -0.0, 0.0, 0.0, 0.0, 1.0],
                [0.258963, -0.85774, -0.444094, -0.0, 0.861356, -0.002958, 0.507993, 0.39386, -0.43704, -0.514074, 0.738054, -0.0, 0.0, 0.0, 0.0, 1.0]
            ]
        },
        {
            "name": "Hand_R",
            "time": [0.0, 0.25, 0.35, 0.5833],
            "transform": [
                [0.999984, 0.004238, 0.003586, 0.0, -0.00125, 0.8013, -0.598261, 0.3, -0.005409, 0.598248, 0.801293, 0.0, 0.0, 0.0, 0.0, 1.0],
                [0.999984, 0.001268, 0.005405, 0.0, -0.00125, 0.999994, -0.003265, 0.3, -0.005409, 0.003258, 0.99998, 0.0, 0.0, 0.0, 0.0, 1.0],
                [0.999985, 0.002516, 0.004949, 0.0, -0.00125, 0.970578, -0.240784, 0.3, -0.005409, 0.240774, 0.970566, 0.0, 0.0, 0.0, 0.0, 1.0],
                [0.999985, 0.002516, 0.004949, 0.0, -0.00125, 0.970578, -0.240784, 0.3, -0.005409, 0.240774, 0.970566, 0.0, 0.0, 0.0, 0.0, 1.0]
            ]
        },
        {
            "name": "Tool_R",
            "time": [0.0, 0.25, 0.35, 0.5833],
            "transform": [
                [0.999386, -0.000423, 0.035024, 0.017573, 0.001366, -0.998695, -0.05106, 0.237749, 0.034979, 0.051036, -0.997491, 0.20274, 0.0, 0.0, 0.0, 1.0],
                [0.977671, -0.09318, 0.188353, -0.014665, 0.010375, -0.87382, -0.486138, 0.235582, 0.209761, 0.476945, -0.852842, 0.16013, 0.0, 0.0, 0.0, 1.0],
                [0.977671, -0.09318, 0.188353, -0.014665, 0.010375, -0.87382, -0.486138, 0.235582, 0.209761, 0.476945, -0.852842, 0.16013, 0.0, 0.0, 0.0, 1.0],
                [0.977671, -0.09318, 0.188353, -0.014665, 0.010375, -0.87382, -0.486138, 0.235582, 0.209761, 0.476945, -0.852842, 0.16013, 0.0, 0.0, 0.0, 1.0]
            ]
        },
        {
            "name": "Elbow_R",
            "time": [0.0, 0.35, 0.5833],
            "transform": [
                [-1.0, 0.0, 0.0, 0.0, 0.0, 0.0, -1.0, 0.3, -0.0, -1.0, 0.0, 0.0, 0.0, 0.0, 0.0, 1.0],
                [-1.0, 0.0, -0.0, 0.0, 0.0, 0.0, -1.0, 0.3, -0.0, -1.0, 0.0, 0.0, 0.0, 0.0, 0.0, 1.0],
                [-1.0, 0.0, -0.0, 0.0, 0.0, 0.0, -1.0, 0.3, -0.0, -1.0, 0.0, 0.0, 0.0, 0.0, 0.0, 1.0]
            ]
        },
        {
            "name": "Shoulder_L",
            "time": [0.0, 0.35, 0.5833],
            "transform": [
                [-0.05619, -0.951913, -0.301172, 0.0, -0.04966, -0.298611, 0.953082, 0.4, -0.997184, 0.06851, -0.030493, 0.0, 0.0, 0.0, 0.0, 1.0],
                [-0.05619, -0.951913, -0.301172, 0.0, -0.04966, -0.298611, 0.953082, 0.4, -0.997184, 0.06851, -0.030493, 0.0, 0.0, 0.0, 0.0, 1.0],
                [-0.05619, -0.951913, -0.301172, -0.0, -0.04966, -0.298611, 0.953082, 0.4, -0.997184, 0.06851, -0.030493, -0.0, 0.0, 0.0, 0.0, 1.0]
            ]
        },
        {
            "name": "Arm_L",
            "time": [0.0, 0.35, 0.5833],
            "transform": [
                [0.09087, -0.409104, 0.907952, 0.0, -0.835835, 0.464334, 0.292872, 0.39386, -0.541408, -0.785511, -0.299749, -0.0, 0.0, 0.0, 0.0, 1.0],
                [0.09087, -0.409104, 0.907952, -0.0, -0.835835, 0.464334, 0.292872, 0.39386, -0.541408, -0.785511, -0.299749, 0.0, 0.0, 0.0, 0.0, 1.0],
                [0.09087, -0.409104, 0.907952, -0.0, -0.835835, 0.464334, 0.292872, 0.39386, -0.541407, -0.785511, -0.299749, -0.0, 0.0, 0.0, 0.0, 1.0]
            ]
        },
        {
            "name": "Hand_L",
            "time": [0.0, 0.35, 0.5833],
            "transform": [
                [0.99932, -0.016342, 0.033063, -0.0, 0.036869, 0.465222, -0.884426, 0.3, -0.000929, 0.885044, 0.465508, -0.0, 0.0, 0.0, 0.0, 1.0],
                [0.99932, -0.016342, 0.033063, 0.0, 0.03687, 0.465222, -0.884426, 0.3, -0.000929, 0.885044, 0.465508, 0.0, 0.0, 0.0, 0.0, 1.0],
                [0.99932, -0.02049, 0.030666, -0.0, 0.03687, 0.575935, -0.816664, 0.3, -0.000929, 0.817239, 0.576299, -0.0, 0.0, 0.0, 0.0, 1.0]
            ]
        },
        {
            "name": "Tool_L",
            "time": [0.0, 0.35, 0.5833],
            "transform": [
                [1.0, -0.0, 0.0, 0.0, 0.0, -0.921969, -0.387263, 0.255033, 0.0, 0.387025, -0.921431, 0.181343, 0.0, 0.0, 0.0, 1.0],
                [1.0, -0.0, 0.0, 0.0, -0.0, -0.921969, -0.387263, 0.255033, 0.0, 0.387025, -0.921431, 0.181343, 0.0, 0.0, 0.0, 1.0],
                [1.0, -0.0, 0.0, -0.0, -0.0, -0.921969, -0.387263, 0.255033, 0.0, 0.387025, -0.921431, 0.181343, 0.0, 0.0, 0.0, 1.0]
            ]
        },
        {
            "name": "Elbow_L",
            "time": [0.0, 0.35, 0.5833],
            "transform": [
                [-1.0, 0.0, -0.0, -0.0, 0.0, 0.222608, -0.974908, 0.3, -0.0, -0.974908, -0.222608, -0.0, 0.0, 0.0, 0.0, 1.0],
                [-1.0, 0.0, 0.0, 0.0, -0.0, 0.222608, -0.974908, 0.3, -0.0, -0.974908, -0.222608, 0.0, 0.0, 0.0, 0.0, 1.0],
                [-1.0, 0.0, -0.0, -0.0, -0.0, 0.222608, -0.974908, 0.3, -0.0, -0.974908, -0.222608, -0.0, 0.0, 0.0, 0.0, 1.0]
            ]
        }
    ]
}