{
    
    "animation": [
        {
            "name": "Root",
            "time": [0.0, 0.1833, 0.2667, 0.4833, 0.65, 0.7167, 1.15, 1.4333],
            "transform": [
                [0.854689, 0.030206, -0.51826, -0.000981, -0.51914, 0.04973, -0.853241, -0.000661, 0.0, 0.998306, 0.058185, 0.723465, 0.0, 0.0, 0.0, 1.0],
                [0.81523, 0.030206, -0.578349, -0.008206, -0.579123, 0.04973, -0.813722, -0.012556, 0.004182, 0.998306, 0.058035, 0.484675, 0.0, 0.0, 0.0, 1.0],
                [0.81523, 0.030206, -0.578349, -0.008206, -0.579123, 0.04973, -0.813722, -0.012556, 0.004182, 0.998306, 0.058035, 0.484675, 0.0, 0.0, 0.0, 1.0],
                [0.81523, 0.030206, -0.578349, -0.008206, -0.579123, 0.04973, -0.813722, -0.012556, 0.004182, 0.998306, 0.058035, 0.484675, 0.0, 0.0, 0.0, 1.0],
                [0.81523, 0.030206, -0.578349, -0.008206, -0.579123, 0.04973, -0.813722, -0.012556, 0.004182, 0.998306, 0.058035, 0.484675, 0.0, 0.0, 0.0, 1.0],
                [0.81523, 0.030206, -0.578349, -0.008206, -0.579123, 0.04973, -0.813722, -0.012556, 0.004182, 0.998306, 0.058035, 0.484675, 0.0, 0.0, 0.0, 1.0],
                [0.81523, 0.030206, -0.578349, -0.008206, -0.579123, 0.04973, -0.813722, -0.012556, 0.004182, 0.998306, 0.058035, 0.484675, 0.0, 0.0, 0.0, 1.0],
                [0.854689, 0.030206, -0.51826, -0.000981, -0.51914, 0.04973, -0.853241, -0.000661, 0.0, 0.998306, 0.058185, 0.723465, 0.0, 0.0, 0.0, 1.0]
            ]
        },
        {
            "name": "Thigh_R",
            "time": [0.0, 0.15, 0.2667, 0.4833, 0.65, 0.7167, 1.15, 1.4333],
            "transform": [
                [0.947355, 0.070886, -0.312238, 0.124994, 0.077288, -0.996973, 0.008159, -0.002831, -0.310716, -0.031861, -0.949969, -1.2e-05, 0.0, 0.0, 0.0, 1.0],
                [0.745512, 0.3772, -0.549483, 0.124994, 0.039998, -0.848273, -0.528044, -0.002831, -0.66529, 0.371685, -0.647487, -1.2e-05, 0.0, 0.0, 0.0, 1.0],
                [0.745512, 0.3772, -0.549483, 0.124994, 0.039998, -0.848273, -0.528044, -0.002831, -0.66529, 0.371685, -0.647487, -1.2e-05, 0.0, 0.0, 0.0, 1.0],
                [0.745512, 0.3772, -0.549483, 0.124994, 0.039998, -0.848273, -0.528044, -0.002831, -0.66529, 0.371685, -0.647487, -1.2e-05, 0.0, 0.0, 0.0, 1.0],
                [0.745512, 0.3772, -0.549483, 0.124994, 0.039998, -0.848273, -0.528044, -0.002831, -0.66529, 0.371685, -0.647487, -1.2e-05, 0.0, 0.0, 0.0, 1.0],
                [0.745512, 0.3772, -0.549483, 0.124994, 0.039998, -0.848273, -0.528044, -0.002831, -0.66529, 0.371685, -0.647487, -1.2e-05, 0.0, 0.0, 0.0, 1.0],
                [0.745512, 0.3772, -0.549483, 0.124994, 0.039998, -0.848273, -0.528044, -0.002831, -0.66529, 0.371685, -0.647487, -1.2e-05, 0.0, 0.0, 0.0, 1.0],
                [0.947355, 0.070886, -0.312238, 0.124994, 0.077288, -0.996973, 0.008159, -0.002831, -0.310716, -0.031861, -0.949969, -1.2e-05, 0.0, 0.0, 0.0, 1.0]
            ]
        },
        {
            "name": "Leg_R",
            "time": [0.0, 0.15, 0.2667, 0.4833, 0.65, 0.7167, 1.15, 1.4333],
            "transform": [
                [1.0, -0.0, 2e-06, -0.0, -0.0, 0.940085, 0.340943, 0.37472, -2e-06, -0.340944, 0.940083, -0.0, 0.0, 0.0, 0.0, 1.0],
                [1.0, -1e-06, 2e-06, 0.0, -0.0, 0.807949, 0.589252, 0.37472, -2e-06, -0.589253, 0.807948, 0.0, 0.0, 0.0, 0.0, 1.0],
                [1.0, -1e-06, 1e-06, -0.0, -0.0, 0.756448, 0.654054, 0.37472, -2e-06, -0.654055, 0.756447, -0.0, 0.0, 0.0, 0.0, 1.0],
                [1.0, -1e-06, 1e-06, -0.0, -0.0, 0.756448, 0.654054, 0.37472, -2e-06, -0.654055, 0.756447, -0.0, 0.0, 0.0, 0.0, 1.0],
                [1.0, -1e-06, 1e-06, -0.0, -0.0, 0.756448, 0.654054, 0.37472, -2e-06, -0.654055, 0.756447, -0.0, 0.0, 0.0, 0.0, 1.0],
                [1.0, -1e-06, 1e-06, -0.0, -0.0, 0.756448, 0.654054, 0.37472, -2e-06, -0.654055, 0.756447, -0.0, 0.0, 0.0, 0.0, 1.0],
                [1.0, -1e-06, 1e-06, -0.0, -0.0, 0.756448, 0.654054, 0.37472, -2e-06, -0.654055, 0.756447, -0.0, 0.0, 0.0, 0.0, 1.0],
                [1.0, -0.0, 2e-06, -0.0, -0.0, 0.940085, 0.340943, 0.37472, -2e-06, -0.340944, 0.940083, -0.0, 0.0, 0.0, 0.0, 1.0]
            ]
        },
        {
            "name": "Knee_R",
            "time": [0.0, 0.2667, 0.4833, 0.65, 0.7167, 1.15, 1.4333],
            "transform": [
                [1.0, 0.0, -0.0, -0.0, -0.0, 1e-06, -1.0, 0.37472, -0.0, 1.0, 1e-06, -0.0, 0.0, 0.0, 0.0, 1.0],
                [1.0, 0.0, -0.0, -0.0, -0.0, 1e-06, -1.0, 0.37472, -0.0, 1.0, 1e-06, -0.0, 0.0, 0.0, 0.0, 1.0],
                [1.0, 0.0, -0.0, -0.0, -0.0, 1e-06, -1.0, 0.37472, -0.0, 1.0, 1e-06, -0.0, 0.0, 0.0, 0.0, 1.0],
                [1.0, 0.0, -0.0, -0.0, -0.0, 1e-06, -1.0, 0.37472, -0.0, 1.0, 1e-06, -0.0, 0.0, 0.0, 0.0, 1.0],
                [1.0, 0.0, -0.0, -0.0, -0.0, 1e-06, -1.0, 0.37472, -0.0, 1.0, 1e-06, -0.0, 0.0, 0.0, 0.0, 1.0],
                [1.0, 0.0, -0.0, -0.0, -0.0, 1e-06, -1.0, 0.37472, -0.0, 1.0, 1e-06, -0.0, 0.0, 0.0, 0.0, 1.0],
                [1.0, 0.0, -0.0, -0.0, -0.0, 1e-06, -1.0, 0.37472, -0.0, 1.0, 1e-06, -0.0, 0.0, 0.0, 0.0, 1.0]
            ]
        },
        {
            "name": "Thigh_L",
            "time": [0.0, 0.15, 0.2667, 0.4833, 0.65, 0.7167, 1.15, 1.4333],
            "transform": [
                [0.866588, -0.273802, -0.4172, -0.125006, -0.027838, -0.861258, 0.507404, -0.002831, -0.498245, -0.428097, -0.753979, -1.2e-05, 0.0, 0.0, 0.0, 1.0],
                [0.711659, -0.683506, -0.162356, -0.125006, -0.00228, -0.233351, 0.972389, -0.002831, -0.70252, -0.69164, -0.167625, -1.2e-05, 0.0, 0.0, 0.0, 1.0],
                [0.711659, -0.683506, -0.162356, -0.125006, -0.00228, -0.233351, 0.972389, -0.002831, -0.70252, -0.691641, -0.167626, -1.2e-05, 0.0, 0.0, 0.0, 1.0],
                [0.711659, -0.683506, -0.162356, -0.125006, -0.00228, -0.233351, 0.972389, -0.002831, -0.70252, -0.691641, -0.167626, -1.2e-05, 0.0, 0.0, 0.0, 1.0],
                [0.711659, -0.683506, -0.162356, -0.125006, -0.00228, -0.233351, 0.972389, -0.002831, -0.70252, -0.691641, -0.167626, -1.2e-05, 0.0, 0.0, 0.0, 1.0],
                [0.711659, -0.683506, -0.162356, -0.125006, -0.00228, -0.233351, 0.972389, -0.002831, -0.70252, -0.691641, -0.167626, -1.2e-05, 0.0, 0.0, 0.0, 1.0],
                [0.711659, -0.683506, -0.162356, -0.125006, -0.00228, -0.233351, 0.972389, -0.002831, -0.70252, -0.691641, -0.167626, -1.2e-05, 0.0, 0.0, 0.0, 1.0],
                [0.866588, -0.273802, -0.4172, -0.125006, -0.027838, -0.861258, 0.507404, -0.002831, -0.498245, -0.428097, -0.753979, -1.2e-05, 0.0, 0.0, 0.0, 1.0]
            ]
        },
        {
            "name": "Leg_L",
            "time": [0.0, 0.15, 0.2667, 0.4833, 0.65, 0.7167, 1.15, 1.4333],
            "transform": [
                [1.0, -1e-06, 1e-06, -0.0, 0.0, 0.903297, 0.429015, 0.37472, -1e-06, -0.429015, 0.903298, 0.0, 0.0, 0.0, 0.0, 1.0],
                [0.997862, 0.0541, 0.036683, -0.0, -0.059043, 0.505279, 0.860934, 0.37472, 0.028041, -0.861258, 0.507393, 0.0, 0.0, 0.0, 0.0, 1.0],
                [0.997862, 0.043396, 0.04888, -0.0, -0.059043, 0.277619, 0.958876, 0.37472, 0.028041, -0.95971, 0.279587, -0.0, 0.0, 0.0, 0.0, 1.0],
                [0.997862, 0.043396, 0.04888, -0.0, -0.059043, 0.277619, 0.958876, 0.37472, 0.028041, -0.95971, 0.279587, -0.0, 0.0, 0.0, 0.0, 1.0],
                [0.997862, 0.043396, 0.04888, -0.0, -0.059043, 0.277619, 0.958876, 0.37472, 0.028041, -0.95971, 0.279587, -0.0, 0.0, 0.0, 0.0, 1.0],
                [0.997862, 0.043396, 0.04888, -0.0, -0.059043, 0.277619, 0.958876, 0.37472, 0.028041, -0.95971, 0.279587, -0.0, 0.0, 0.0, 0.0, 1.0],
                [0.997862, 0.043396, 0.04888, -0.0, -0.059043, 0.277619, 0.958876, 0.37472, 0.028041, -0.95971, 0.279587, -0.0, 0.0, 0.0, 0.0, 1.0],
                [1.0, -1e-06, 1e-06, -0.0, 0.0, 0.903297, 0.429015, 0.37472, -1e-06, -0.429015, 0.903298, 0.0, 0.0, 0.0, 0.0, 1.0]
            ]
        },
        {
            "name": "Knee_L",
            "time": [0.0, 0.2667, 0.4833, 0.65, 0.7167, 1.15, 1.4333],
            "transform": [
                [1.0, 0.0, -0.0, -0.0, -0.0, 0.265511, -0.964108, 0.37472, -0.0, 0.964108, 0.265511, 0.0, 0.0, 0.0, 0.0, 1.0],
                [1.0, 0.0, -0.0, -0.0, -0.0, 0.265511, -0.964108, 0.37472, -0.0, 0.964108, 0.265511, -0.0, 0.0, 0.0, 0.0, 1.0],
                [1.0, 0.0, -0.0, -0.0, -0.0, 0.265511, -0.964108, 0.37472, -0.0, 0.964108, 0.265511, -0.0, 0.0, 0.0, 0.0, 1.0],
                [1.0, 0.0, -0.0, -0.0, -0.0, 0.265511, -0.964108, 0.37472, -0.0, 0.964108, 0.265511, -0.0, 0.0, 0.0, 0.0, 1.0],
                [1.0, 0.0, -0.0, -0.0, -0.0, 0.265511, -0.964108, 0.37472, -0.0, 0.964108, 0.265511, -0.0, 0.0, 0.0, 0.0, 1.0],
                [1.0, 0.0, -0.0, -0.0, -0.0, 0.265511, -0.964108, 0.37472, -0.0, 0.964108, 0.265511, -0.0, 0.0, 0.0, 0.0, 1.0],
                [1.0, 0.0, -0.0, -0.0, -0.0, 0.265511, -0.964108, 0.37472, -0.0, 0.964108, 0.265511, 0.0, 0.0, 0.0, 0.0, 1.0]
            ]
        },
        {
            "name": "Torso",
            "time": [0.0, 0.15, 0.2667, 0.4833, 0.65, 0.7167, 1.15, 1.4333],
            "transform": [
                [0.99978, -0.020931, -0.001324, 0.0, 0.020971, 0.997148, 0.072506, 0.05, -0.000198, -0.072518, 0.997367, -0.0, 0.0, 0.0, 0.0, 1.0],
                [0.996589, -0.020931, -0.079824, 0.0, 0.0266, 0.997148, 0.070635, 0.05, 0.078118, -0.072518, 0.994303, 0.0, 0.0, 0.0, 0.0, 1.0],
                [0.996589, -0.020931, -0.079824, 0.0, 0.0266, 0.997148, 0.070635, 0.05, 0.078118, -0.072518, 0.994303, 0.0, 0.0, 0.0, 0.0, 1.0],
                [0.996589, -0.020931, -0.079824, 0.0, 0.0266, 0.997148, 0.070635, 0.05, 0.078118, -0.072518, 0.994303, 0.0, 0.0, 0.0, 0.0, 1.0],
                [0.996589, -0.020931, -0.079824, 0.0, 0.0266, 0.997148, 0.070635, 0.05, 0.078118, -0.072518, 0.994303, 0.0, 0.0, 0.0, 0.0, 1.0],
                [0.996589, -0.020931, -0.079824, 0.0, 0.0266, 0.997148, 0.070635, 0.05, 0.078118, -0.072518, 0.994303, 0.0, 0.0, 0.0, 0.0, 1.0],
                [0.996589, -0.020931, -0.079824, 0.0, 0.0266, 0.997148, 0.070635, 0.05, 0.078118, -0.072518, 0.994303, 0.0, 0.0, 0.0, 0.0, 1.0],
                [0.99978, -0.020931, -0.001324, 0.0, 0.020971, 0.997148, 0.072506, 0.05, -0.000198, -0.072518, 0.997367, -0.0, 0.0, 0.0, 0.0, 1.0]
            ]
        },
        {
            "name": "Chest",
            "time": [0.0, 0.2667, 0.4833, 0.65, 0.7167, 1.15, 1.4333],
            "transform": [
                [0.98202, -0.006367, 0.188669, -0.0, 0.017419, 0.998223, -0.056982, 0.3, -0.18797, 0.059244, 0.980386, 0.0, 0.0, 0.0, 0.0, 1.0],
                [0.62946, -0.246483, 0.736903, -0.0, -0.035609, 0.938208, 0.344234, 0.3, -0.776216, -0.242922, 0.581788, 0.0, 0.0, 0.0, 0.0, 1.0],
                [0.62946, -0.246483, 0.736903, -0.0, -0.035609, 0.938208, 0.344234, 0.3, -0.776216, -0.242922, 0.581788, 0.0, 0.0, 0.0, 0.0, 1.0],
                [0.778116, -0.155301, 0.608619, -0.0, 0.042157, 0.97968, 0.196086, 0.3, -0.626704, -0.12692, 0.768852, 0.0, 0.0, 0.0, 0.0, 1.0],
                [0.778116, -0.155301, 0.608619, -0.0, 0.042157, 0.97968, 0.196086, 0.3, -0.626704, -0.12692, 0.768852, 0.0, 0.0, 0.0, 0.0, 1.0],
                [0.778116, -0.246483, 0.577738, -0.0, 0.042158, 0.938208, 0.343493, 0.3, -0.626704, -0.242922, 0.740427, 0.0, 0.0, 0.0, 0.0, 1.0],
                [0.98202, -0.006367, 0.188669, -0.0, 0.017419, 0.998223, -0.056982, 0.3, -0.18797, 0.059244, 0.980386, 0.0, 0.0, 0.0, 0.0, 1.0]
            ]
        },
        {
            "name": "Head",
            "time": [0.0, 0.2667, 0.4833, 0.65, 0.7167, 1.15, 1.4333],
            "transform": [
                [0.956456, 0.037721, 0.289429, 0.0, -0.021673, 0.998055, -0.058455, 0.4, -0.291071, 0.049637, 0.955413, 0.0, 0.0, 0.0, 0.0, 1.0],
                [0.999287, 0.037721, 0.00185, -0.0, -0.037582, 0.998055, -0.049742, 0.4, -0.003722, 0.049637, 0.99876, -0.0, 0.0, 0.0, 0.0, 1.0],
                [0.999287, 0.037721, 0.00185, -0.0, -0.037582, 0.998055, -0.049742, 0.4, -0.003722, 0.049637, 0.99876, -0.0, 0.0, 0.0, 0.0, 1.0],
                [0.999287, 0.037721, 0.00185, 0.0, -0.037582, 0.998055, -0.049742, 0.4, -0.003722, 0.049637, 0.99876, 0.0, 0.0, 0.0, 0.0, 1.0],
                [0.999287, 0.037721, 0.00185, 0.0, -0.037582, 0.998055, -0.049742, 0.4, -0.003722, 0.049637, 0.99876, 0.0, 0.0, 0.0, 0.0, 1.0],
                [0.999287, 0.037721, 0.00185, 0.0, -0.037582, 0.998055, -0.049742, 0.4, -0.003722, 0.049637, 0.99876, -0.0, 0.0, 0.0, 0.0, 1.0],
                [0.956456, 0.037721, 0.289429, 0.0, -0.021673, 0.998055, -0.058455, 0.4, -0.291071, 0.049637, 0.955413, 0.0, 0.0, 0.0, 0.0, 1.0]
            ]
        },
        {
            "name": "Shoulder_R",
            "time": [0.0, 0.1833, 0.2667, 0.4833, 0.65, 0.7167, 1.15, 1.4333],
            "transform": [
                [0.089555, 0.949274, 0.301428, 0.0, -0.003656, -0.302328, 0.953197, 0.4, 0.995975, -0.086466, -0.023605, 0.0, 0.0, 0.0, 0.0, 1.0],
                [0.672204, 0.676226, 0.301428, 0.0, -0.194882, -0.231164, 0.953197, 0.4, 0.714256, -0.699486, -0.023605, -0.0, 0.0, 0.0, 0.0, 1.0],
                [0.672204, 0.676226, 0.301428, -0.0, -0.194882, -0.231164, 0.953197, 0.4, 0.714256, -0.699486, -0.023605, -0.0, 0.0, 0.0, 0.0, 1.0],
                [0.672204, 0.676226, 0.301428, -0.0, -0.194882, -0.231164, 0.953197, 0.4, 0.714256, -0.699486, -0.023605, -0.0, 0.0, 0.0, 0.0, 1.0],
                [0.731431, 0.672179, 0.114824, 0.0, -0.067444, -0.09625, 0.993069, 0.4, 0.678572, -0.734106, -0.025066, 0.0, 0.0, 0.0, 0.0, 1.0],
                [0.731431, 0.672179, 0.114824, 0.0, -0.067444, -0.09625, 0.993069, 0.4, 0.678572, -0.734106, -0.025066, 0.0, 0.0, 0.0, 0.0, 1.0],
                [0.672204, 0.676226, 0.301428, 0.0, -0.194882, -0.231164, 0.953197, 0.4, 0.714256, -0.699486, -0.023605, -0.0, 0.0, 0.0, 0.0, 1.0],
                [0.089555, 0.949274, 0.301428, 0.0, -0.003656, -0.302328, 0.953197, 0.4, 0.995975, -0.086466, -0.023605, 0.0, 0.0, 0.0, 0.0, 1.0]
            ]
        },
        {
            "name": "Arm_R",
            "time": [0.0, 0.2667, 0.4833, 0.65, 0.7167, 1.15, 1.4333],
            "transform": [
                [0.019786, 0.239566, -0.970678, -0.0, 0.913875, 0.389443, 0.114743, 0.39386, 0.405513, -0.889349, -0.211228, -0.0, 0.0, 0.0, 0.0, 1.0],
                [-0.354453, -0.922403, -0.15341, 0.0, -0.646085, 0.36019, -0.672931, 0.39386, 0.675971, -0.139407, -0.723622, 0.0, 0.0, 0.0, 0.0, 1.0],
                [-0.354453, -0.922403, -0.15341, 0.0, -0.646085, 0.36019, -0.672931, 0.39386, 0.675971, -0.139407, -0.723622, 0.0, 0.0, 0.0, 0.0, 1.0],
                [-0.283478, -0.797022, -0.533288, 0.0, -0.46269, 0.600766, -0.651919, 0.393861, 0.839975, 0.061943, -0.539078, 0.0, 0.0, 0.0, 0.0, 1.0],
                [-0.283478, -0.797022, -0.533288, 0.0, -0.46269, 0.600766, -0.651919, 0.393861, 0.839975, 0.061943, -0.539078, 0.0, 0.0, 0.0, 0.0, 1.0],
                [-0.354453, -0.922403, -0.15341, 0.0, -0.646085, 0.360191, -0.672932, 0.393861, 0.675971, -0.139407, -0.723622, 0.0, 0.0, 0.0, 0.0, 1.0],
                [0.019786, 0.239566, -0.970678, -0.0, 0.913875, 0.389443, 0.114743, 0.39386, 0.405513, -0.889349, -0.211228, -0.0, 0.0, 0.0, 0.0, 1.0]
            ]
        },
        {
            "name": "Hand_R",
            "time": [0.0, 0.1167, 0.1833, 0.2667, 0.4833, 0.6, 0.65, 0.7167, 1.15, 1.4333],
            "transform": [
                [0.999985, 0.002643, 0.004882, 0.0, -0.00125, 0.964008, -0.26587, 0.3, -0.005409, 0.26586, 0.963997, 0.0, 0.0, 0.0, 0.0, 1.0],
                [0.999985, 0.001225, 0.005415, -0.0, -0.00125, 0.999988, 0.00471, 0.3, -0.005409, -0.004717, 0.999974, 0.0, 0.0, 0.0, 0.0, 1.0],
                [0.999985, 0.004218, 0.00361, -0.0, -0.00125, 0.804641, -0.593761, 0.3, -0.005409, 0.593747, 0.804634, -0.0, 0.0, 0.0, 0.0, 1.0],
                [0.999985, 0.004218, 0.00361, 0.0, -0.00125, 0.804641, -0.593761, 0.3, -0.005409, 0.593747, 0.804634, -0.0, 0.0, 0.0, 0.0, 1.0],
                [0.999985, 0.004218, 0.00361, 0.0, -0.00125, 0.804641, -0.593761, 0.3, -0.005409, 0.593747, 0.804634, -0.0, 0.0, 0.0, 0.0, 1.0],
                [0.999435, -0.03353, -0.002425, 0.0, 0.027732, 0.863081, -0.504304, 0.3, 0.019003, 0.503951, 0.863523, -0.0, 0.0, 0.0, 0.0, 1.0],
                [0.998471, -0.051259, -0.020688, -0.0, 0.047215, 0.985495, -0.163008, 0.3, 0.028744, 0.161782, 0.986408, 0.0, 0.0, 0.0, 0.0, 1.0],
                [0.998471, -0.051259, -0.020688, -0.0, 0.047215, 0.985495, -0.163008, 0.3, 0.028744, 0.161782, 0.986408, 0.0, 0.0, 0.0, 0.0, 1.0],
                [0.999985, 0.004218, 0.00361, -0.0, -0.00125, 0.804641, -0.593761, 0.3, -0.005409, 0.593747, 0.804634, -0.0, 0.0, 0.0, 0.0, 1.0],
                [0.999985, 0.002643, 0.004882, 0.0, -0.00125, 0.964008, -0.26587, 0.3, -0.005409, 0.26586, 0.963997, 0.0, 0.0, 0.0, 0.0, 1.0]
            ]
        },
        {
            "name": "Tool_R",
            "time": [0.0, 0.0333, 0.05, 0.0667, 0.1, 0.1167, 0.1333, 0.15, 0.1667, 0.1833, 0.2, 0.2167, 0.2667, 0.4833, 0.5833, 0.6167, 0.6333, 0.65, 0.7167, 0.8333, 0.85, 0.8667, 0.8833, 0.9, 0.9167, 0.9667, 1.0167, 1.1167, 1.15, 1.1833, 1.2, 1.2167, 1.2333, 1.25, 1.2833, 1.3, 1.3167, 1.3333, 1.35, 1.3667, 1.4, 1.4333],
            "transform": [
                [0.975034, -0.216144, 0.050895, -0.776559, 0.221314, 0.964621, -0.143274, -0.109483, -0.018113, 0.150882, 0.987787, 0.746956, 0.0, 0.0, 0.0, 1.0],
                [0.961064, -0.223106, 0.163033, -0.705554, 0.24822, 0.956291, -0.154579, -0.14896, -0.121345, 0.188926, 0.973858, 0.7827, 0.0, 0.0, 0.0, 1.0],
                [0.924348, -0.234392, 0.301066, -0.612086, 0.288633, 0.945621, -0.149972, -0.189224, -0.249392, 0.2254, 0.941177, 0.81513, 0.0, 0.0, 0.0, 1.0],
                [0.840734, -0.259852, 0.47502, -0.481488, 0.349756, 0.930348, -0.1101, -0.225914, -0.413076, 0.258562, 0.872542, 0.841319, 0.0, 0.0, 0.0, 1.0],
                [0.471171, -0.35462, 0.807616, -0.161234, 0.406604, 0.899855, 0.157904, -0.197496, -0.782265, 0.253839, 0.56784, 0.817898, 0.0, 0.0, 0.0, 1.0],
                [0.207171, -0.437909, 0.874823, -0.023105, 0.320855, 0.875176, 0.362103, -0.111761, -0.923642, 0.205562, 0.32163, 0.752001, 0.0, 0.0, 0.0, 1.0],
                [-0.043644, -0.553663, 0.831596, 0.064901, 0.054162, 0.829854, 0.555346, 0.047869, -0.996987, 0.069246, -0.006222, 0.654759, 0.0, 0.0, 0.0, 1.0],
                [-0.242225, -0.670382, 0.701367, 0.097557, -0.359988, 0.733392, 0.576667, 0.245281, -0.900434, -0.112726, -0.41872, 0.497781, 0.0, 0.0, 0.0, 1.0],
                [-0.365708, -0.769863, 0.523039, 0.092188, -0.687942, 0.602102, 0.405227, 0.355232, -0.626528, -0.211494, -0.749366, 0.315255, 0.0, 0.0, 0.0, 1.0],
                [-0.423284, -0.837041, 0.346689, 0.068097, -0.814001, 0.519368, 0.260113, 0.368564, -0.397558, -0.171996, -0.900656, 0.20385, 0.0, 0.0, 0.0, 1.0],
                [-0.433052, -0.88019, 0.194245, 0.039226, -0.862931, 0.467104, 0.19278, 0.355114, -0.260271, -0.084082, -0.961252, 0.152868, 0.0, 0.0, 0.0, 1.0],
                [-0.424677, -0.90212, 0.076352, 0.012271, -0.892291, 0.431332, 0.133302, 0.340954, -0.153107, -0.011506, -0.987544, 0.119194, 0.0, 0.0, 0.0, 1.0],
                [-0.389151, -0.918624, -0.068501, -0.023711, -0.920855, 0.38598, 0.0552, 0.320372, -0.024264, 0.084515, -0.995532, 0.086022, 0.0, 0.0, 0.0, 1.0],
                [-0.389151, -0.918624, -0.068501, -0.023711, -0.920855, 0.38598, 0.0552, 0.320372, -0.024264, 0.084515, -0.995532, 0.086022, 0.0, 0.0, 0.0, 1.0],
                [-0.384981, -0.921338, -0.054087, -0.05755, -0.902223, 0.363356, 0.232307, 0.274449, -0.194275, 0.138154, -0.97056, 0.141322, 0.0, 0.0, 0.0, 1.0],
                [-0.389006, -0.92016, -0.044509, -0.070516, -0.84706, 0.338273, 0.409953, 0.243549, -0.361961, 0.197063, -0.910476, 0.15621, 0.0, 0.0, 0.0, 1.0],
                [-0.394897, -0.917825, -0.040674, -0.07432, -0.756999, 0.299976, 0.580488, 0.232581, -0.520285, 0.259873, -0.812764, 0.161904, 0.0, 0.0, 0.0, 1.0],
                [-0.397171, -0.916761, -0.042483, -0.075497, -0.715581, 0.280365, 0.639796, 0.22836, -0.574297, 0.284343, -0.766908, 0.164242, 0.0, 0.0, 0.0, 1.0],
                [-0.397171, -0.916761, -0.042483, -0.075497, -0.715581, 0.280365, 0.639796, 0.22836, -0.574297, 0.284343, -0.766908, 0.164242, 0.0, 0.0, 0.0, 1.0],
                [-0.379531, -0.922305, -0.072874, -0.081627, -0.812717, 0.294721, 0.502623, 0.214273, -0.441841, 0.249842, -0.860914, 0.13709, 0.0, 0.0, 0.0, 1.0],
                [-0.376094, -0.923539, -0.075031, -0.075651, -0.825402, 0.297131, 0.480026, 0.227303, -0.420788, 0.242325, -0.873517, 0.139507, 0.0, 0.0, 0.0, 1.0],
                [-0.369293, -0.924823, -0.091241, -0.083608, -0.855162, 0.299754, 0.4229, 0.209765, -0.363552, 0.234064, -0.901033, 0.125914, 0.0, 0.0, 0.0, 1.0],
                [-0.364972, -0.925764, -0.098775, -0.083792, -0.871842, 0.302624, 0.38511, 0.209408, -0.326445, 0.22654, -0.917022, 0.121453, 0.0, 0.0, 0.0, 1.0],
                [-0.36314, -0.926905, -0.094745, -0.074379, -0.875718, 0.304812, 0.374443, 0.233143, -0.318015, 0.218818, -0.921847, 0.125341, 0.0, 0.0, 0.0, 1.0],
                [-0.359032, -0.927856, -0.100889, -0.073933, -0.889474, 0.307413, 0.338133, 0.236091, -0.282566, 0.211017, -0.935117, 0.12024, 0.0, 0.0, 0.0, 1.0],
                [-0.350412, -0.929197, -0.117493, -0.071168, -0.920777, 0.318814, 0.224786, 0.244672, -0.17132, 0.186845, -0.966724, 0.107476, 0.0, 0.0, 0.0, 1.0],
                [-0.355379, -0.92724, -0.118031, -0.063096, -0.930736, 0.339382, 0.1362, 0.260749, -0.086191, 0.158168, -0.983041, 0.098684, 0.0, 0.0, 0.0, 1.0],
                [-0.377474, -0.921303, -0.093344, -0.039895, -0.926019, 0.375375, 0.03978, 0.296135, -0.00162, 0.101398, -0.99425, 0.086849, 0.0, 0.0, 0.0, 1.0],
                [-0.389151, -0.918624, -0.068501, -0.023711, -0.920855, 0.38598, 0.0552, 0.320372, -0.024264, 0.084515, -0.995532, 0.086021, 0.0, 0.0, 0.0, 1.0],
                [-0.430155, -0.90265, 0.013789, 0.009938, -0.895025, 0.428417, 0.124052, 0.351659, -0.117823, 0.041001, -0.991591, 0.104001, 0.0, 0.0, 0.0, 1.0],
                [-0.452441, -0.885229, 0.108015, 0.041074, -0.862034, 0.465152, 0.201325, 0.376715, -0.228336, -0.002019, -0.972972, 0.137816, 0.0, 0.0, 0.0, 1.0],
                [-0.458182, -0.857519, 0.233948, 0.07644, -0.805104, 0.51191, 0.299592, 0.401235, -0.376452, -0.051049, -0.924388, 0.196024, 0.0, 0.0, 0.0, 1.0],
                [-0.43345, -0.810758, 0.393436, 0.11153, -0.707648, 0.576538, 0.408459, 0.418275, -0.55767, -0.101302, -0.82314, 0.286064, 0.0, 0.0, 0.0, 1.0],
                [-0.355458, -0.749732, 0.558168, 0.129138, -0.572299, 0.646716, 0.504214, 0.41517, -0.738571, -0.140122, -0.658555, 0.405644, 0.0, 0.0, 0.0, 1.0],
                [0.009824, -0.585513, 0.810604, 0.062568, -0.206956, 0.7919, 0.574511, 0.323065, -0.977724, -0.173292, -0.113323, 0.698242, 0.0, 0.0, 0.0, 1.0],
                [0.25318, -0.496261, 0.830437, -0.040842, -0.014701, 0.856331, 0.516217, 0.234531, -0.966735, -0.14281, 0.209392, 0.821481, 0.0, 0.0, 0.0, 1.0],
                [0.485721, -0.415913, 0.768824, -0.178378, 0.133825, 0.904561, 0.404796, 0.137549, -0.863296, -0.093664, 0.494736, 0.896702, 0.0, 0.0, 0.0, 1.0],
                [0.67836, -0.352564, 0.644613, -0.328991, 0.22884, 0.935092, 0.270619, 0.050468, -0.697768, -0.036032, 0.714589, 0.921063, 0.0, 0.0, 0.0, 1.0],
                [0.816585, -0.301982, 0.491931, -0.468762, 0.267606, 0.95317, 0.140908, -0.016599, -0.511139, 0.01658, 0.858649, 0.904503, 0.0, 0.0, 0.0, 1.0],
                [0.901658, -0.26621, 0.3408, -0.585409, 0.272675, 0.961646, 0.029753, -0.063857, -0.335448, 0.066072, 0.939109, 0.865862, 0.0, 0.0, 0.0, 1.0],
                [0.964382, -0.232969, 0.125267, -0.731692, 0.246177, 0.963752, -0.102853, -0.102593, -0.096705, 0.129961, 0.986192, 0.781353, 0.0, 0.0, 0.0, 1.0],
                [0.975034, -0.216144, 0.050895, -0.776559, 0.221314, 0.964621, -0.143274, -0.109483, -0.018113, 0.150882, 0.987787, 0.746956, 0.0, 0.0, 0.0, 1.0]
            ]
        },
        {
            "name": "Elbow_R",
            "time": [0.0, 0.2667, 0.4833, 0.65, 0.7167, 1.15, 1.4333],
            "transform": [
                [-1.0, 0.0, -0.0, 0.0, 0.0, -0.0, -1.0, 0.3, -0.0, -1.0, 0.0, 0.0, 0.0, 0.0, 0.0, 1.0],
                [-1.0, 0.0, -0.0, 0.0, -0.0, -0.0, -1.0, 0.3, -0.0, -1.0, 0.0, -0.0, 0.0, 0.0, 0.0, 1.0],
                [-1.0, 0.0, -0.0, 0.0, -0.0, -0.0, -1.0, 0.3, -0.0, -1.0, 0.0, -0.0, 0.0, 0.0, 0.0, 1.0],
                [-1.0, 0.0, -0.0, -0.0, 0.0, -0.0, -1.0, 0.3, -0.0, -1.0, 0.0, 0.0, 0.0, 0.0, 0.0, 1.0],
                [-1.0, 0.0, -0.0, -0.0, 0.0, -0.0, -1.0, 0.3, -0.0, -1.0, 0.0, 0.0, 0.0, 0.0, 0.0, 1.0],
                [-1.0, 0.0, -0.0, -0.0, -0.0, -0.0, -1.0, 0.3, -0.0, -1.0, 0.0, -0.0, 0.0, 0.0, 0.0, 1.0],
                [-1.0, 0.0, -0.0, 0.0, 0.0, -0.0, -1.0, 0.3, -0.0, -1.0, 0.0, 0.0, 0.0, 0.0, 0.0, 1.0]
            ]
        },
        {
            "name": "Shoulder_L",
            "time": [0.0, 0.2667, 0.4833, 0.65, 0.7167, 1.15, 1.4333],
            "transform": [
                [0.088499, -0.949454, -0.301172, 0.0, -0.003902, -0.302687, 0.953082, 0.4, -0.996068, -0.083172, -0.030493, 0.0, 0.0, 0.0, 0.0, 1.0],
                [0.214893, -0.929041, -0.301172, -0.0, 0.036681, -0.300481, 0.953082, 0.4, -0.975949, -0.215858, -0.030493, -0.0, 0.0, 0.0, 0.0, 1.0],
                [0.214893, -0.929041, -0.301172, -0.0, 0.036681, -0.300481, 0.953082, 0.4, -0.975949, -0.215858, -0.030493, -0.0, 0.0, 0.0, 0.0, 1.0],
                [0.082661, -0.94998, -0.301172, 0.0, -0.005763, -0.302657, 0.953082, 0.4, -0.996561, -0.077047, -0.030493, 0.0, 0.0, 0.0, 0.0, 1.0],
                [0.082661, -0.94998, -0.301172, 0.0, -0.005763, -0.302657, 0.953082, 0.4, -0.996561, -0.077047, -0.030493, 0.0, 0.0, 0.0, 0.0, 1.0],
                [0.214893, -0.92904, -0.301172, 0.0, 0.036681, -0.300481, 0.953082, 0.4, -0.975948, -0.215858, -0.030493, -0.0, 0.0, 0.0, 0.0, 1.0],
                [0.088499, -0.949454, -0.301172, 0.0, -0.003902, -0.302687, 0.953082, 0.4, -0.996068, -0.083172, -0.030493, 0.0, 0.0, 0.0, 0.0, 1.0]
            ]
        },
        {
            "name": "Arm_L",
            "time": [0.0, 0.2667, 0.4833, 0.65, 0.7167, 1.15, 1.4333],
            "transform": [
                [0.159466, -0.483621, 0.860628, -0.0, -0.915361, 0.254048, 0.312368, 0.39386, -0.369709, -0.837597, -0.402176, -0.0, 0.0, 0.0, 0.0, 1.0],
                [-0.143941, -0.559551, 0.8162, -0.0, -0.943857, 0.325458, 0.056666, 0.39386, -0.297347, -0.762219, -0.574983, -0.0, 0.0, 0.0, 0.0, 1.0],
                [-0.143941, -0.559551, 0.8162, -0.0, -0.943857, 0.325458, 0.056666, 0.39386, -0.297347, -0.762219, -0.574983, -0.0, 0.0, 0.0, 0.0, 1.0],
                [-0.392391, -0.504126, 0.769341, 0.0, -0.872613, 0.468487, -0.138079, 0.39386, -0.290817, -0.725518, -0.623737, -0.0, 0.0, 0.0, 0.0, 1.0],
                [-0.392391, -0.504126, 0.769341, 0.0, -0.872613, 0.468487, -0.138079, 0.39386, -0.290817, -0.725518, -0.623737, -0.0, 0.0, 0.0, 0.0, 1.0],
                [-0.143941, -0.559551, 0.8162, 0.0, -0.943857, 0.325458, 0.056666, 0.39386, -0.297347, -0.76222, -0.574983, 0.0, 0.0, 0.0, 0.0, 1.0],
                [0.159466, -0.483621, 0.860628, -0.0, -0.915361, 0.254048, 0.312368, 0.39386, -0.369709, -0.837597, -0.402176, -0.0, 0.0, 0.0, 0.0, 1.0]
            ]
        },
        {
            "name": "Hand_L",
            "time": [0.0, 0.1833, 0.2667, 0.4833, 0.65, 0.7167, 1.15, 1.4333],
            "transform": [
                [0.99932, -0.016342, 0.033063, -0.0, 0.03687, 0.465222, -0.884426, 0.3, -0.000929, 0.885044, 0.465508, -0.0, 0.0, 0.0, 0.0, 1.0],
                [0.99932, -0.010063, 0.035482, 0.0, 0.036869, 0.296807, -0.954226, 0.3, -0.000929, 0.954885, 0.296977, 0.0, 0.0, 0.0, 0.0, 1.0],
                [0.99932, -0.010063, 0.035482, -0.0, 0.036869, 0.296807, -0.954226, 0.3, -0.000929, 0.954885, 0.296977, -0.0, 0.0, 0.0, 0.0, 1.0],
                [0.99932, -0.010063, 0.035482, -0.0, 0.036869, 0.296807, -0.954226, 0.3, -0.000929, 0.954885, 0.296977, -0.0, 0.0, 0.0, 0.0, 1.0],
                [0.99932, -0.010063, 0.035482, -0.0, 0.03687, 0.296807, -0.954226, 0.3, -0.000929, 0.954885, 0.296977, -0.0, 0.0, 0.0, 0.0, 1.0],
                [0.99932, -0.010063, 0.035482, -0.0, 0.03687, 0.296807, -0.954226, 0.3, -0.000929, 0.954885, 0.296977, -0.0, 0.0, 0.0, 0.0, 1.0],
                [0.99932, -0.010063, 0.035482, -0.0, 0.036869, 0.296807, -0.954226, 0.3, -0.000929, 0.954885, 0.296977, 0.0, 0.0, 0.0, 0.0, 1.0],
                [0.99932, -0.016342, 0.033063, -0.0, 0.03687, 0.465222, -0.884426, 0.3, -0.000929, 0.885044, 0.465508, -0.0, 0.0, 0.0, 0.0, 1.0]
            ]
        },
        {
            "name": "Tool_L",
            "time": [0.0, 0.2667, 0.4833, 0.65, 0.7167, 1.15, 1.4333],
            "transform": [
                [1.0, -0.0, 0.0, -0.0, 0.0, -0.921969, -0.387263, 0.255033, 0.0, 0.387025, -0.921431, 0.181343, 0.0, 0.0, 0.0, 1.0],
                [1.0, -0.0, 0.0, -0.0, 0.0, -0.921969, -0.387263, 0.255033, 0.0, 0.387025, -0.921431, 0.181343, 0.0, 0.0, 0.0, 1.0],
                [1.0, -0.0, 0.0, -0.0, 0.0, -0.921969, -0.387263, 0.255033, 0.0, 0.387025, -0.921431, 0.181343, 0.0, 0.0, 0.0, 1.0],
                [1.0, -0.0, 0.0, -0.0, 0.0, -0.921969, -0.387262, 0.255033, 0.0, 0.387025, -0.921431, 0.181343, 0.0, 0.0, 0.0, 1.0],
                [1.0, -0.0, 0.0, -0.0, 0.0, -0.921969, -0.387262, 0.255033, 0.0, 0.387025, -0.921431, 0.181343, 0.0, 0.0, 0.0, 1.0],
                [1.0, -0.0, 0.0, 0.0, 0.0, -0.921969, -0.387263, 0.255033, 0.0, 0.387025, -0.921431, 0.181343, 0.0, 0.0, 0.0, 1.0],
                [1.0, -0.0, 0.0, -0.0, 0.0, -0.921969, -0.387263, 0.255033, 0.0, 0.387025, -0.921431, 0.181343, 0.0, 0.0, 0.0, 1.0]
            ]
        },
        {
            "name": "Elbow_L",
            "time": [0.0, 0.2667, 0.4833, 0.65, 0.7167, 1.15, 1.4333],
            "transform": [
                [-1.0, 0.0, 0.0, -0.0, 0.0, 0.222608, -0.974908, 0.3, -0.0, -0.974908, -0.222608, -0.0, 0.0, 0.0, 0.0, 1.0],
                [-1.0, 0.0, 0.0, -0.0, 0.0, 0.222608, -0.974908, 0.3, -0.0, -0.974908, -0.222608, -0.0, 0.0, 0.0, 0.0, 1.0],
                [-1.0, 0.0, 0.0, -0.0, 0.0, 0.222608, -0.974908, 0.3, -0.0, -0.974908, -0.222608, -0.0, 0.0, 0.0, 0.0, 1.0],
                [-1.0, 0.0, 0.0, -0.0, -0.0, 0.222608, -0.974908, 0.3, -0.0, -0.974908, -0.222608, -0.0, 0.0, 0.0, 0.0, 1.0],
                [-1.0, 0.0, 0.0, -0.0, -0.0, 0.222608, -0.974908, 0.3, -0.0, -0.974908, -0.222608, -0.0, 0.0, 0.0, 0.0, 1.0],
                [-1.0, 0.0, -0.0, -0.0, 0.0, 0.222608, -0.974908, 0.3, -0.0, -0.974908, -0.222608, 0.0, 0.0, 0.0, 0.0, 1.0],
                [-1.0, 0.0, 0.0, -0.0, 0.0, 0.222608, -0.974908, 0.3, -0.0, -0.974908, -0.222608, -0.0, 0.0, 0.0, 0.0, 1.0]
            ]
        }
    ]
}