{
    
    "animation": [
        {
            "name": "Root",
            "time": [0.0, 0.3, 0.45],
            "transform": [
                [0.901927, 0.030206, -0.43083, -0.003332, -0.431849, 0.04973, -0.900574, -0.004532, -0.005778, 0.998306, 0.057898, 0.645742, 0.0, 0.0, 0.0, 1.0],
                [0.901927, 0.030206, -0.43083, 0.020256, -0.431849, 0.04973, -0.900574, -0.372065, -0.005778, 0.998306, 0.057898, 0.663337, 0.0, 0.0, 0.0, 1.0],
                [0.901927, 0.030206, -0.43083, 0.020256, -0.431849, 0.04973, -0.900574, -0.372065, -0.005778, 0.998306, 0.057898, 0.663337, 0.0, 0.0, 0.0, 1.0]
            ]
        },
        {
            "name": "Thigh_R",
            "time": [0.0, 0.1667, 0.45],
            "transform": [
                [0.924197, 0.226345, -0.307615, 0.124994, 0.077662, -0.900003, -0.428904, -0.002831, -0.373935, 0.372502, -0.849361, -1.2e-05, 0.0, 0.0, 0.0, 1.0],
                [0.924197, 0.129162, -0.359411, 0.124994, 0.077662, -0.984969, -0.154271, -0.002831, -0.373935, 0.114664, -0.92034, -1.2e-05, 0.0, 0.0, 0.0, 1.0],
                [0.924197, 0.226345, -0.307615, 0.124994, 0.077662, -0.900003, -0.428904, -0.002831, -0.373935, 0.372502, -0.849361, -1.2e-05, 0.0, 0.0, 0.0, 1.0]
            ]
        },
        {
            "name": "Leg_R",
            "time": [0.0, 0.1667, 0.45],
            "transform": [
                [1.0, -0.0, 2e-06, 0.0, -0.0, 0.940085, 0.340943, 0.37472, -2e-06, -0.340944, 0.940083, 0.0, 0.0, 0.0, 0.0, 1.0],
                [1.0, -1e-06, 2e-06, -0.0, -0.0, 0.846659, 0.532136, 0.37472, -2e-06, -0.532136, 0.846658, 0.0, 0.0, 0.0, 0.0, 1.0],
                [1.0, -0.0, 2e-06, -0.0, -0.0, 0.940085, 0.340943, 0.37472, -2e-06, -0.340944, 0.940083, 0.0, 0.0, 0.0, 0.0, 1.0]
            ]
        },
        {
            "name": "Knee_R",
            "time": [0.0, 0.45],
            "transform": [
                [1.0, 0.0, -0.0, 0.0, -0.0, 1e-06, -1.0, 0.37472, -0.0, 1.0, 1e-06, 0.0, 0.0, 0.0, 0.0, 1.0],
                [1.0, 0.0, -0.0, -0.0, -0.0, 1e-06, -1.0, 0.37472, -0.0, 1.0, 1e-06, 0.0, 0.0, 0.0, 0.0, 1.0]
            ]
        },
        {
            "name": "Thigh_L",
            "time": [0.0, 0.45],
            "transform": [
                [0.792769, -0.471939, -0.385732, -0.125006, 0.002878, -0.629941, 0.776637, -0.002831, -0.609514, -0.616805, -0.49804, -1.2e-05, 0.0, 0.0, 0.0, 1.0],
                [0.792769, -0.471939, -0.385732, -0.125006, 0.002878, -0.629941, 0.776637, -0.002831, -0.609514, -0.616805, -0.49804, -1.2e-05, 0.0, 0.0, 0.0, 1.0]
            ]
        },
        {
            "name": "Leg_L",
            "time": [0.0, 0.1667, 0.45],
            "transform": [
                [1.0, -1e-06, 1e-06, 0.0, 0.0, 0.788573, 0.614941, 0.37472, -1e-06, -0.614941, 0.788574, 0.0, 0.0, 0.0, 0.0, 1.0],
                [1.0, -1e-06, 0.0, 0.0, 0.0, 0.590263, 0.807211, 0.37472, -1e-06, -0.807211, 0.590264, -0.0, 0.0, 0.0, 0.0, 1.0],
                [1.0, -1e-06, 1e-06, 0.0, 0.0, 0.788573, 0.614941, 0.37472, -1e-06, -0.614941, 0.788574, 0.0, 0.0, 0.0, 0.0, 1.0]
            ]
        },
        {
            "name": "Knee_L",
            "time": [0.0, 0.45],
            "transform": [
                [1.0, 0.0, -0.0, 0.0, -0.0, 0.265511, -0.964108, 0.37472, -0.0, 0.964108, 0.265511, 0.0, 0.0, 0.0, 0.0, 1.0],
                [1.0, 0.0, -0.0, 0.0, -0.0, 0.265511, -0.964108, 0.37472, -0.0, 0.964108, 0.265511, 0.0, 0.0, 0.0, 0.0, 1.0]
            ]
        },
        {
            "name": "Torso",
            "time": [0.0, 0.45],
            "transform": [
                [0.973529, -0.21674, -0.072564, 0.0, 0.228555, 0.920237, 0.317689, 0.05, -0.00208, -0.325864, 0.945414, 0.0, 0.0, 0.0, 0.0, 1.0],
                [0.973529, -0.21674, -0.072564, -0.0, 0.228555, 0.920237, 0.317689, 0.05, -0.00208, -0.325864, 0.945414, -0.0, 0.0, 0.0, 0.0, 1.0]
            ]
        },
        {
            "name": "Chest",
            "time": [0.0, 0.1667, 0.45],
            "transform": [
                [0.787058, 0.133157, -0.602336, 0.0, -0.22839, 0.969938, -0.08401, 0.3, 0.573042, 0.203688, 0.79381, 0.0, 0.0, 0.0, 0.0, 1.0],
                [0.959538, 0.049881, -0.277125, 0.0, -0.024858, 0.995348, 0.093086, 0.3, 0.280479, -0.082431, 0.956314, 0.0, 0.0, 0.0, 0.0, 1.0],
                [0.787058, 0.133157, -0.602336, -0.0, -0.22839, 0.969938, -0.08401, 0.3, 0.573042, 0.203688, 0.79381, 0.0, 0.0, 0.0, 0.0, 1.0]
            ]
        },
        {
            "name": "Head",
            "time": [0.0, 0.1667, 0.45],
            "transform": [
                [0.580298, 0.037721, 0.81353, 0.0, 0.018561, 0.998055, -0.059516, 0.4, -0.814192, 0.049637, 0.578469, -0.0, 0.0, 0.0, 0.0, 1.0],
                [0.704486, 0.083141, 0.704832, 0.0, -0.045952, 0.996374, -0.071601, 0.4, -0.708229, 0.018053, 0.705752, -0.0, 0.0, 0.0, 0.0, 1.0],
                [0.580298, 0.037721, 0.81353, -0.0, 0.018561, 0.998055, -0.059516, 0.4, -0.814192, 0.049637, 0.578469, -0.0, 0.0, 0.0, 0.0, 1.0]
            ]
        },
        {
            "name": "Shoulder_R",
            "time": [0.0, 0.45],
            "transform": [
                [0.422283, 0.752195, 0.505845, 0.0, 0.119534, -0.599378, 0.791491, 0.4, 0.898548, -0.273767, -0.34302, -0.0, 0.0, 0.0, 0.0, 1.0],
                [0.422283, 0.752195, 0.505845, -0.0, 0.119534, -0.599378, 0.791491, 0.4, 0.898548, -0.273767, -0.34302, -0.0, 0.0, 0.0, 0.0, 1.0]
            ]
        },
        {
            "name": "Arm_R",
            "time": [0.0, 0.1667, 0.45],
            "transform": [
                [0.789214, -0.541013, -0.290597, -0.0, 0.280975, 0.738864, -0.612481, 0.393861, 0.546072, 0.401728, 0.735133, -0.0, 0.0, 0.0, 0.0, 1.0],
                [0.636111, -0.656304, -0.405743, 0.0, 0.501572, 0.751305, -0.428913, 0.39386, 0.586335, 0.069327, 0.807097, -0.0, 0.0, 0.0, 0.0, 1.0],
                [0.789214, -0.541013, -0.290597, -0.0, 0.280975, 0.738864, -0.612481, 0.393861, 0.546072, 0.401728, 0.735133, 0.0, 0.0, 0.0, 0.0, 1.0]
            ]
        },
        {
            "name": "Hand_R",
            "time": [0.0, 0.1667, 0.45],
            "transform": [
                [0.999985, 0.004762, -0.002853, 0.0, -0.00125, -0.307578, -0.951522, 0.3, -0.005409, 0.951511, -0.307568, -0.0, 0.0, 0.0, 0.0, 1.0],
                [0.999985, 0.005299, -0.001655, 0.0, -0.00125, -0.075454, -0.997149, 0.3, -0.005409, 0.997135, -0.075446, -0.0, 0.0, 0.0, 0.0, 1.0],
                [0.999985, 0.004762, -0.002853, -0.0, -0.00125, -0.307578, -0.951522, 0.3, -0.005409, 0.951511, -0.307568, -0.0, 0.0, 0.0, 0.0, 1.0]
            ]
        },
        {
            "name": "Tool_R",
            "time": [0.0, 0.1667, 0.45],
            "transform": [
                [0.33914, -0.340553, 0.876931, -0.063382, -0.192672, -0.93756, -0.289585, 0.360617, 0.920247, -0.070719, -0.383355, 0.035098, 0.0, 0.0, 0.0, 1.0],
                [0.413165, -0.092922, 0.905903, -0.063382, 0.055922, -0.990314, -0.127086, 0.360617, 0.9084, 0.103096, -0.403729, 0.035098, 0.0, 0.0, 0.0, 1.0],
                [0.33914, -0.340553, 0.876931, -0.063382, -0.192672, -0.93756, -0.289585, 0.360617, 0.920247, -0.070719, -0.383355, 0.035098, 0.0, 0.0, 0.0, 1.0]
            ]
        },
        {
            "name": "Elbow_R",
            "time": [0.0, 0.45],
            "transform": [
                [-1.0, 0.0, 0.0, 0.0, 0.0, 0.677619, -0.735413, 0.3, -0.0, -0.735413, -0.677619, -0.0, 0.0, 0.0, 0.0, 1.0],
                [-1.0, 0.0, 0.0, -0.0, 0.0, 0.677619, -0.735413, 0.3, -0.0, -0.735413, -0.677619, -0.0, 0.0, 0.0, 0.0, 1.0]
            ]
        },
        {
            "name": "Shoulder_L",
            "time": [0.0, 0.45],
            "transform": [
                [0.548082, -0.780321, -0.301172, 0.0, 0.146848, -0.264708, 0.953082, 0.4, -0.823433, -0.566594, -0.030493, -0.0, 0.0, 0.0, 0.0, 1.0],
                [0.548082, -0.780321, -0.301172, -0.0, 0.146848, -0.264708, 0.953082, 0.4, -0.823433, -0.566594, -0.030493, -0.0, 0.0, 0.0, 0.0, 1.0]
            ]
        },
        {
            "name": "Arm_L",
            "time": [0.0, 0.1667, 0.45],
            "transform": [
                [-0.589998, 0.518267, 0.619114, 0.0, -0.806426, -0.416008, -0.420256, 0.39386, 0.039752, -0.747219, 0.663388, 0.0, 0.0, 0.0, 0.0, 1.0],
                [-0.361833, 0.520153, 0.773639, -0.0, -0.911925, -0.369803, -0.177875, 0.39386, 0.193572, -0.769862, 0.608147, -0.0, 0.0, 0.0, 0.0, 1.0],
                [-0.589998, 0.518267, 0.619114, -0.0, -0.806426, -0.416008, -0.420256, 0.39386, 0.039752, -0.747219, 0.663388, -0.0, 0.0, 0.0, 0.0, 1.0]
            ]
        },
        {
            "name": "Hand_L",
            "time": [0.0, 0.45],
            "transform": [
                [0.930356, 0.17305, -0.323251, -0.0, -0.363783, 0.545836, -0.754802, 0.3, 0.045823, 0.819828, 0.570774, -0.0, 0.0, 0.0, 0.0, 1.0],
                [0.930356, 0.17305, -0.323251, 0.0, -0.363783, 0.545836, -0.754802, 0.3, 0.045823, 0.819828, 0.570774, 0.0, 0.0, 0.0, 0.0, 1.0]
            ]
        },
        {
            "name": "Tool_L",
            "time": [0.0, 0.45],
            "transform": [
                [1.0, -0.0, 0.0, 0.0, -0.0, -0.92197, -0.387262, 0.255033, 0.0, 0.387025, -0.921431, 0.181343, 0.0, 0.0, 0.0, 1.0],
                [1.0, -0.0, 0.0, 0.0, -0.0, -0.92197, -0.387262, 0.255033, 0.0, 0.387025, -0.921431, 0.181343, 0.0, 0.0, 0.0, 1.0]
            ]
        },
        {
            "name": "Elbow_L",
            "time": [0.0, 0.45],
            "transform": [
                [-0.999903, 0.003776, -0.013392, -0.0, 0.01097, 0.806034, -0.591768, 0.3, 0.00856, -0.591857, -0.805998, -0.0, 0.0, 0.0, 0.0, 1.0],
                [-0.999903, 0.003776, -0.013392, 0.0, 0.01097, 0.806034, -0.591768, 0.3, 0.00856, -0.591857, -0.805998, 0.0, 0.0, 0.0, 0.0, 1.0]
            ]
        }
    ]
}