{
    
    "animation": [
        {
            "name": "Root",
            "time": [0.0, 1.8167, 3.65],
            "transform": [
                [0.854689, 0.030206, -0.51826, -0.000981, -0.51914, 0.04973, -0.853241, -0.000661, 0.0, 0.998306, 0.058185, 0.723465, 0.0, 0.0, 0.0, 1.0],
                [0.854689, 0.030206, -0.51826, -0.000661, -0.51914, 0.04973, -0.853241, -0.000135, 0.0, 0.998306, 0.058185, 0.734024, 0.0, 0.0, 0.0, 1.0],
                [0.854689, 0.030206, -0.51826, -0.000981, -0.51914, 0.04973, -0.853241, -0.000661, 0.0, 0.998306, 0.058185, 0.723465, 0.0, 0.0, 0.0, 1.0]
            ]
        },
        {
            "name": "Thigh_R",
            "time": [0.0, 1.8, 3.65],
            "transform": [
                [0.947355, 0.070886, -0.312238, 0.124994, 0.077288, -0.996973, 0.008159, -0.002831, -0.310716, -0.031861, -0.949969, -1.2e-05, 0.0, 0.0, 0.0, 1.0],
                [0.947355, 0.052699, -0.315817, 0.124994, 0.077288, -0.99483, 0.065838, -0.002831, -0.310716, -0.08678, -0.946533, -1.2e-05, 0.0, 0.0, 0.0, 1.0],
                [0.947355, 0.070886, -0.312238, 0.124994, 0.077288, -0.996973, 0.008159, -0.002831, -0.310716, -0.031861, -0.949969, -1.2e-05, 0.0, 0.0, 0.0, 1.0]
            ]
        },
        {
            "name": "Leg_R",
            "time": [0.0, 3.65],
            "transform": [
                [1.0, -0.0, 2e-06, -0.0, -0.0, 0.940085, 0.340943, 0.37472, -2e-06, -0.340944, 0.940083, -0.0, 0.0, 0.0, 0.0, 1.0],
                [1.0, -0.0, 2e-06, -0.0, -0.0, 0.940085, 0.340943, 0.37472, -2e-06, -0.340944, 0.940083, -0.0, 0.0, 0.0, 0.0, 1.0]
            ]
        },
        {
            "name": "Knee_R",
            "time": [0.0, 3.65],
            "transform": [
                [1.0, 0.0, -0.0, -0.0, -0.0, 1e-06, -1.0, 0.37472, -0.0, 1.0, 1e-06, -0.0, 0.0, 0.0, 0.0, 1.0],
                [1.0, 0.0, -0.0, -0.0, -0.0, 1e-06, -1.0, 0.37472, -0.0, 1.0, 1e-06, -0.0, 0.0, 0.0, 0.0, 1.0]
            ]
        },
        {
            "name": "Thigh_L",
            "time": [0.0, 1.8, 3.65],
            "transform": [
                [0.866588, -0.273802, -0.4172, -0.125006, -0.027838, -0.861258, 0.507404, -0.002831, -0.498245, -0.428097, -0.753979, -1.2e-05, 0.0, 0.0, 0.0, 1.0],
                [0.866588, -0.249842, -0.431976, -0.125006, -0.027838, -0.888499, 0.458033, -0.002831, -0.498245, -0.384901, -0.776918, -1.2e-05, 0.0, 0.0, 0.0, 1.0],
                [0.866588, -0.273802, -0.4172, -0.125006, -0.027838, -0.861258, 0.507404, -0.002831, -0.498245, -0.428097, -0.753979, -1.2e-05, 0.0, 0.0, 0.0, 1.0]
            ]
        },
        {
            "name": "Leg_L",
            "time": [0.0, 3.65],
            "transform": [
                [1.0, -1e-06, 1e-06, -0.0, 0.0, 0.903297, 0.429015, 0.37472, -1e-06, -0.429015, 0.903298, 0.0, 0.0, 0.0, 0.0, 1.0],
                [1.0, -1e-06, 1e-06, -0.0, 0.0, 0.903297, 0.429015, 0.37472, -1e-06, -0.429015, 0.903298, 0.0, 0.0, 0.0, 0.0, 1.0]
            ]
        },
        {
            "name": "Knee_L",
            "time": [0.0, 3.65],
            "transform": [
                [1.0, 0.0, -0.0, -0.0, -0.0, 0.265511, -0.964108, 0.37472, -0.0, 0.964108, 0.265511, 0.0, 0.0, 0.0, 0.0, 1.0],
                [1.0, 0.0, -0.0, -0.0, -0.0, 0.265511, -0.964108, 0.37472, -0.0, 0.964108, 0.265511, 0.0, 0.0, 0.0, 0.0, 1.0]
            ]
        },
        {
            "name": "Torso",
            "time": [0.0, 3.65],
            "transform": [
                [0.99978, -0.020931, -0.001324, 0.0, 0.020971, 0.997148, 0.072506, 0.05, -0.000198, -0.072518, 0.997367, -0.0, 0.0, 0.0, 0.0, 1.0],
                [0.99978, -0.020931, -0.001324, 0.0, 0.020971, 0.997148, 0.072506, 0.05, -0.000198, -0.072518, 0.997367, -0.0, 0.0, 0.0, 0.0, 1.0]
            ]
        },
        {
            "name": "Chest",
            "time": [0.0, 1.8167, 3.65],
            "transform": [
                [0.98202, -0.006367, 0.188669, -0.0, 0.017419, 0.998223, -0.056982, 0.3, -0.18797, 0.059244, 0.980386, 0.0, 0.0, 0.0, 0.0, 1.0],
                [0.98202, -0.041652, 0.184124, -0.0, 0.017419, 0.991187, 0.131319, 0.3, -0.187971, -0.12575, 0.974092, -0.0, 0.0, 0.0, 0.0, 1.0],
                [0.98202, -0.006367, 0.188669, -0.0, 0.017419, 0.998223, -0.056982, 0.3, -0.18797, 0.059244, 0.980386, 0.0, 0.0, 0.0, 0.0, 1.0]
            ]
        },
        {
            "name": "Head",
            "time": [0.0, 1.8167, 3.65],
            "transform": [
                [0.956456, 0.037721, 0.289429, 0.0, -0.021673, 0.998055, -0.058455, 0.4, -0.291071, 0.049637, 0.955413, 0.0, 0.0, 0.0, 0.0, 1.0],
                [0.927296, 0.069907, 0.367743, -0.0, -0.016448, 0.989067, -0.146544, 0.4, -0.373967, 0.129841, 0.918308, -0.0, 0.0, 0.0, 0.0, 1.0],
                [0.956456, 0.037721, 0.289429, 0.0, -0.021673, 0.998055, -0.058455, 0.4, -0.291071, 0.049637, 0.955413, 0.0, 0.0, 0.0, 0.0, 1.0]
            ]
        },
        {
            "name": "Shoulder_R",
            "time": [0.0, 3.65],
            "transform": [
                [0.089555, 0.949274, 0.301428, 0.0, -0.003656, -0.302328, 0.953197, 0.4, 0.995975, -0.086466, -0.023605, 0.0, 0.0, 0.0, 0.0, 1.0],
                [0.089555, 0.949274, 0.301428, 0.0, -0.003656, -0.302328, 0.953197, 0.4, 0.995975, -0.086466, -0.023605, 0.0, 0.0, 0.0, 0.0, 1.0]
            ]
        },
        {
            "name": "Arm_R",
            "time": [0.0, 1.8167, 3.65],
            "transform": [
                [0.019786, 0.239566, -0.970678, -0.0, 0.913875, 0.389443, 0.114743, 0.39386, 0.405513, -0.889349, -0.211228, -0.0, 0.0, 0.0, 0.0, 1.0],
                [0.019786, 0.35669, -0.934013, -0.0, 0.913876, 0.37245, 0.161594, 0.39386, 0.405513, -0.856769, -0.318601, 0.0, 0.0, 0.0, 0.0, 1.0],
                [0.019786, 0.239566, -0.970678, -0.0, 0.913875, 0.389443, 0.114743, 0.39386, 0.405513, -0.889349, -0.211228, -0.0, 0.0, 0.0, 0.0, 1.0]
            ]
        },
        {
            "name": "Hand_R",
            "time": [0.0, 1.8167, 3.65],
            "transform": [
                [0.999985, 0.002643, 0.004882, 0.0, -0.00125, 0.964008, -0.26587, 0.3, -0.005409, 0.26586, 0.963997, 0.0, 0.0, 0.0, 0.0, 1.0],
                [0.999985, 0.004072, 0.003773, -0.0, -0.00125, 0.827435, -0.56156, 0.3, -0.005409, 0.561547, 0.827427, 0.0, 0.0, 0.0, 0.0, 1.0],
                [0.999985, 0.002643, 0.004882, 0.0, -0.00125, 0.964008, -0.26587, 0.3, -0.005409, 0.26586, 0.963997, 0.0, 0.0, 0.0, 0.0, 1.0]
            ]
        },
        {
            "name": "Tool_R",
            "time": [0.0, 1.8167, 3.65],
            "transform": [
                [0.975034, -0.216144, 0.050895, -0.776559, 0.221314, 0.964621, -0.143274, -0.109483, -0.018113, 0.150882, 0.987787, 0.746956, 0.0, 0.0, 0.0, 1.0],
                [0.976197, -0.200033, 0.083819, -0.744287, 0.206418, 0.975508, -0.076005, -0.077439, -0.066521, 0.091454, 0.992989, 0.765702, 0.0, 0.0, 0.0, 1.0],
                [0.975034, -0.216144, 0.050895, -0.776559, 0.221314, 0.964621, -0.143274, -0.109483, -0.018113, 0.150882, 0.987787, 0.746956, 0.0, 0.0, 0.0, 1.0]
            ]
        },
        {
            "name": "Elbow_R",
            "time": [0.0, 1.8167, 3.65],
            "transform": [
                [-1.0, 0.0, -0.0, 0.0, 0.0, -0.0, -1.0, 0.3, -0.0, -1.0, 0.0, 0.0, 0.0, 0.0, 0.0, 1.0],
                [-1.0, 0.0, -0.0, -0.0, 0.0, 0.259132, -0.965842, 0.3, -0.0, -0.965842, -0.259132, 0.0, 0.0, 0.0, 0.0, 1.0],
                [-1.0, 0.0, -0.0, 0.0, 0.0, -0.0, -1.0, 0.3, -0.0, -1.0, 0.0, 0.0, 0.0, 0.0, 0.0, 1.0]
            ]
        },
        {
            "name": "Shoulder_L",
            "time": [0.0, 3.65],
            "transform": [
                [0.088499, -0.949454, -0.301172, 0.0, -0.003902, -0.302687, 0.953082, 0.4, -0.996068, -0.083172, -0.030493, 0.0, 0.0, 0.0, 0.0, 1.0],
                [0.088499, -0.949454, -0.301172, 0.0, -0.003902, -0.302687, 0.953082, 0.4, -0.996068, -0.083172, -0.030493, 0.0, 0.0, 0.0, 0.0, 1.0]
            ]
        },
        {
            "name": "Arm_L",
            "time": [0.0, 1.8167, 3.65],
            "transform": [
                [0.159466, -0.483621, 0.860628, -0.0, -0.915361, 0.254048, 0.312368, 0.39386, -0.369709, -0.837597, -0.402176, -0.0, 0.0, 0.0, 0.0, 1.0],
                [0.159466, -0.619564, 0.768577, 0.0, -0.915361, 0.198767, 0.350151, 0.39386, -0.369709, -0.759363, -0.535428, -0.0, 0.0, 0.0, 0.0, 1.0],
                [0.159466, -0.483621, 0.860628, -0.0, -0.915361, 0.254048, 0.312368, 0.39386, -0.369709, -0.837597, -0.402176, -0.0, 0.0, 0.0, 0.0, 1.0]
            ]
        },
        {
            "name": "Hand_L",
            "time": [0.0, 1.8167, 3.65],
            "transform": [
                [0.99932, -0.016342, 0.033063, -0.0, 0.03687, 0.465222, -0.884426, 0.3, -0.000929, 0.885044, 0.465508, -0.0, 0.0, 0.0, 0.0, 1.0],
                [0.99932, -0.005591, 0.036455, 0.0, 0.03687, 0.176331, -0.983641, 0.3, -0.000928, 0.984315, 0.176417, -0.0, 0.0, 0.0, 0.0, 1.0],
                [0.99932, -0.016342, 0.033063, -0.0, 0.03687, 0.465222, -0.884426, 0.3, -0.000929, 0.885044, 0.465508, -0.0, 0.0, 0.0, 0.0, 1.0]
            ]
        },
        {
            "name": "Tool_L",
            "time": [0.0, 3.65],
            "transform": [
                [1.0, -0.0, 0.0, -0.0, 0.0, -0.921969, -0.387263, 0.255033, 0.0, 0.387025, -0.921431, 0.181343, 0.0, 0.0, 0.0, 1.0],
                [1.0, -0.0, 0.0, -0.0, 0.0, -0.921969, -0.387263, 0.255033, 0.0, 0.387025, -0.921431, 0.181343, 0.0, 0.0, 0.0, 1.0]
            ]
        },
        {
            "name": "Elbow_L",
            "time": [0.0, 1.8167, 3.65],
            "transform": [
                [-1.0, 0.0, 0.0, -0.0, 0.0, 0.222608, -0.974908, 0.3, -0.0, -0.974908, -0.222608, -0.0, 0.0, 0.0, 0.0, 1.0],
                [-1.0, 0.0, 0.0, 0.0, -0.0, 0.66544, -0.746452, 0.3, -0.0, -0.746451, -0.66544, -0.0, 0.0, 0.0, 0.0, 1.0],
                [-1.0, 0.0, 0.0, -0.0, 0.0, 0.222608, -0.974908, 0.3, -0.0, -0.974908, -0.222608, -0.0, 0.0, 0.0, 0.0, 1.0]
            ]
        }
    ]
}