{
    
    "animation": [
        {
            "name": "Root",
            "time": [0.0, 0.2333, 0.4667, 0.5, 0.85],
            "transform": [
                [0.868516, 0.169675, 0.465715, -0.009622, 0.387992, 0.351977, -0.851806, 1.015369, -0.308451, 0.920501, 0.239865, 0.558173, 0.0, 0.0, 0.0, 1.0],
                [0.882748, 0.066567, 0.465107, -0.009622, 0.416773, 0.346094, -0.840547, 1.219897, -0.216923, 0.935835, 0.277771, 0.740803, 0.0, 0.0, 0.0, 1.0],
                [0.884171, -0.105626, 0.455066, -0.009622, 0.462903, 0.329352, -0.822951, 1.558836, -0.062952, 0.938281, 0.340098, 0.693507, 0.0, 0.0, 0.0, 1.0],
                [0.884171, -0.105626, 0.455066, -0.009622, 0.462903, 0.329352, -0.822951, 1.558836, -0.062952, 0.938281, 0.340098, 0.693507, 0.0, 0.0, 0.0, 1.0],
                [0.884171, -0.105626, 0.455066, -0.009622, 0.462903, 0.329352, -0.822951, 1.558836, -0.062952, 0.938281, 0.340098, 0.693507, 0.0, 0.0, 0.0, 1.0]
            ]
        },
        {
            "name": "Thigh_R",
            "time": [0.0, 0.4667, 0.5, 0.85],
            "transform": [
                [0.89107, 0.445539, -0.08653, 0.124994, 0.18798, -0.188759, 0.963864, -0.002831, 0.413106, -0.875135, -0.251951, -1.2e-05, 0.0, 0.0, 0.0, 1.0],
                [0.912526, -0.026369, 0.408168, 0.124994, -0.058361, -0.996101, 0.066125, -0.002831, 0.404834, -0.084161, -0.910509, -1.2e-05, 0.0, 0.0, 0.0, 1.0],
                [0.912526, -0.026369, 0.408168, 0.124994, -0.058361, -0.996101, 0.066125, -0.002831, 0.404834, -0.084161, -0.910509, -1.2e-05, 0.0, 0.0, 0.0, 1.0],
                [0.912526, -0.026369, 0.408168, 0.124994, -0.058361, -0.996101, 0.066125, -0.002831, 0.404834, -0.084161, -0.910509, -1.2e-05, 0.0, 0.0, 0.0, 1.0]
            ]
        },
        {
            "name": "Leg_R",
            "time": [0.0, 0.85],
            "transform": [
                [1.0, -1e-06, 2e-06, 0.0, -0.0, 0.868624, 0.495472, 0.37472, -2e-06, -0.495473, 0.868623, 0.0, 0.0, 0.0, 0.0, 1.0],
                [1.0, -1e-06, 2e-06, -0.0, -0.0, 0.868624, 0.495472, 0.37472, -2e-06, -0.495473, 0.868623, 0.0, 0.0, 0.0, 0.0, 1.0]
            ]
        },
        {
            "name": "Knee_R",
            "time": [0.0, 0.85],
            "transform": [
                [1.0, 0.0, -0.0, 0.0, -0.0, 0.460258, -0.887785, 0.37472, -0.0, 0.887785, 0.460259, 0.0, 0.0, 0.0, 0.0, 1.0],
                [1.0, 0.0, -0.0, -0.0, -0.0, 0.460259, -0.887785, 0.37472, -0.0, 0.887785, 0.460258, 0.0, 0.0, 0.0, 0.0, 1.0]
            ]
        },
        {
            "name": "Thigh_L",
            "time": [0.0, 0.2667, 0.3667, 0.4667, 0.5, 0.85],
            "transform": [
                [0.840324, 0.027029, 0.54141, -0.125006, 0.158118, -0.967546, -0.197113, -0.002831, 0.518511, 0.251246, -0.817326, -1.2e-05, 0.0, 0.0, 0.0, 1.0],
                [0.893052, 0.344339, 0.289635, -0.125006, -0.101522, -0.4729, 0.875248, -0.002831, 0.43835, -0.811046, -0.387367, -1.2e-05, 0.0, 0.0, 0.0, 1.0],
                [0.907226, 0.324088, 0.268154, -0.125006, -0.120248, -0.411066, 0.90364, -0.002831, 0.403087, -0.852051, -0.333959, -1.2e-05, 0.0, 0.0, 0.0, 1.0],
                [0.915367, 0.243463, 0.320669, -0.125006, -0.149073, -0.534907, 0.831656, -0.002831, 0.374006, -0.809073, -0.453343, -1.2e-05, 0.0, 0.0, 0.0, 1.0],
                [0.915367, 0.243463, 0.320669, -0.125006, -0.149073, -0.534907, 0.831656, -0.002831, 0.374006, -0.809073, -0.453343, -1.2e-05, 0.0, 0.0, 0.0, 1.0],
                [0.915367, 0.243463, 0.320669, -0.125006, -0.149073, -0.534907, 0.831656, -0.002831, 0.374006, -0.809073, -0.453343, -1.2e-05, 0.0, 0.0, 0.0, 1.0]
            ]
        },
        {
            "name": "Leg_L",
            "time": [0.0, 0.2667, 0.4667, 0.85],
            "transform": [
                [1.0, -1e-06, 1e-06, 0.0, 0.0, 0.903297, 0.429015, 0.37472, -1e-06, -0.429015, 0.903297, 0.0, 0.0, 0.0, 0.0, 1.0],
                [1.0, -1e-06, -0.0, -0.0, 0.0, 0.066173, 0.997809, 0.37472, -1e-06, -0.997808, 0.066173, 0.0, 0.0, 0.0, 0.0, 1.0],
                [0.992687, 0.062073, 0.103539, 0.0, -0.102688, 0.88512, 0.453892, 0.37472, -0.06347, -0.461204, 0.885021, -0.0, 0.0, 0.0, 0.0, 1.0],
                [0.992687, 0.062073, 0.103539, 0.0, -0.102688, 0.88512, 0.453892, 0.37472, -0.06347, -0.461204, 0.885021, -0.0, 0.0, 0.0, 0.0, 1.0]
            ]
        },
        {
            "name": "Knee_L",
            "time": [0.0, 0.85],
            "transform": [
                [1.0, 0.0, -0.0, 0.0, -0.0, 0.265511, -0.964108, 0.37472, -0.0, 0.964108, 0.26551, 0.0, 0.0, 0.0, 0.0, 1.0],
                [1.0, 0.0, -0.0, 0.0, -0.0, 0.265511, -0.964108, 0.37472, -0.0, 0.964108, 0.265511, -0.0, 0.0, 0.0, 0.0, 1.0]
            ]
        },
        {
            "name": "Torso",
            "time": [0.0, 0.25, 0.4667, 0.5, 0.85],
            "transform": [
                [0.97904, 0.071647, 0.190648, -0.0, -0.101612, 0.983088, 0.152361, 0.05, -0.176507, -0.168539, 0.969763, 0.0, 0.0, 0.0, 0.0, 1.0],
                [0.9841, -0.145864, 0.10135, -0.0, 0.138112, 0.987202, 0.079735, 0.05, -0.111684, -0.06447, 0.99165, -0.0, 0.0, 0.0, 0.0, 1.0],
                [0.999811, 0.018893, 0.004469, 0.0, -0.017492, 0.976485, -0.214877, 0.05, -0.008424, 0.214758, 0.976631, 0.0, 0.0, 0.0, 0.0, 1.0],
                [0.999811, 0.018893, 0.004469, 0.0, -0.017492, 0.976485, -0.214877, 0.05, -0.008424, 0.214758, 0.976631, 0.0, 0.0, 0.0, 0.0, 1.0],
                [0.999811, 0.018893, 0.004469, 0.0, -0.017492, 0.976485, -0.214877, 0.05, -0.008424, 0.214758, 0.976631, 0.0, 0.0, 0.0, 0.0, 1.0]
            ]
        },
        {
            "name": "Chest",
            "time": [0.0, 0.25, 0.35, 0.4667, 0.6, 0.85],
            "transform": [
                [0.522451, 0.201727, 0.828463, 0.0, -0.201721, 0.973272, -0.109776, 0.3, -0.828465, -0.109765, 0.54918, 0.0, 0.0, 0.0, 0.0, 1.0],
                [0.539278, -0.237616, 0.807909, -0.0, 0.080274, 0.969503, 0.23156, 0.3, -0.838293, -0.060021, 0.541906, -0.0, 0.0, 0.0, 0.0, 1.0],
                [0.413571, -0.237616, 0.878919, -0.0, 0.045065, 0.969503, 0.2409, 0.3, -0.909356, -0.060021, 0.411666, 0.0, 0.0, 0.0, 0.0, 1.0],
                [0.309955, -0.237616, 0.92058, -0.0, 0.017116, 0.969503, 0.244481, 0.3, -0.950597, -0.060021, 0.30457, 0.0, 0.0, 0.0, 0.0, 1.0],
                [0.607672, -0.179106, 0.773729, -0.0, 0.034472, 0.979268, 0.199612, 0.3, -0.79344, -0.094627, 0.601248, 0.0, 0.0, 0.0, 0.0, 1.0],
                [0.998417, 0.056172, 0.002757, -0.0, -0.056234, 0.996462, 0.062464, 0.3, 0.000761, -0.06252, 0.998043, 0.0, 0.0, 0.0, 0.0, 1.0]
            ]
        },
        {
            "name": "Head",
            "time": [0.0, 0.25, 0.4667, 0.5, 0.85],
            "transform": [
                [-0.038188, 0.027667, -0.998887, -0.0, 0.191203, 0.981349, 0.019871, 0.4, 0.980807, -0.190231, -0.042766, 0.0, 0.0, 0.0, 0.0, 1.0],
                [0.978316, 0.022367, -0.205907, -0.0, 0.046621, 0.944857, 0.324146, 0.4, 0.201803, -0.326717, 0.923326, 0.0, 0.0, 0.0, 0.0, 1.0],
                [0.978316, 0.022367, -0.205907, -0.0, 0.046621, 0.944858, 0.324146, 0.4, 0.201803, -0.326717, 0.923326, 0.0, 0.0, 0.0, 0.0, 1.0],
                [0.978316, 0.022367, -0.205907, 0.0, 0.046621, 0.944857, 0.324146, 0.4, 0.201803, -0.326717, 0.923326, -0.0, 0.0, 0.0, 0.0, 1.0],
                [0.925365, 0.027806, -0.378055, -0.0, -0.031174, 0.99951, -0.002792, 0.4, 0.377792, 0.014369, 0.925779, 0.0, 0.0, 0.0, 0.0, 1.0]
            ]
        },
        {
            "name": "Shoulder_R",
            "time": [0.0, 0.25, 0.4667, 0.5, 0.85],
            "transform": [
                [-0.229652, 0.866766, 0.442692, -0.0, -0.20014, -0.487184, 0.850056, 0.4, 0.952472, 0.106617, 0.285357, 0.0, 0.0, 0.0, 0.0, 1.0],
                [-0.026699, 0.943202, 0.331146, -0.0, -0.331917, -0.320835, 0.887072, 0.4, 0.942931, -0.086229, 0.32163, 0.0, 0.0, 0.0, 0.0, 1.0],
                [-0.026699, 0.943201, 0.331146, -0.0, -0.331917, -0.320835, 0.887072, 0.4, 0.942931, -0.086229, 0.32163, 0.0, 0.0, 0.0, 0.0, 1.0],
                [-0.026699, 0.943201, 0.331146, 0.0, -0.331917, -0.320835, 0.887072, 0.4, 0.942931, -0.086229, 0.32163, -0.0, 0.0, 0.0, 0.0, 1.0],
                [-0.462123, 0.822669, 0.331146, -0.0, -0.144716, -0.438362, 0.887072, 0.4, 0.874928, 0.362014, 0.32163, 0.0, 0.0, 0.0, 0.0, 1.0]
            ]
        },
        {
            "name": "Arm_R",
            "time": [0.0, 0.25, 0.35, 0.4667, 0.5, 0.85],
            "transform": [
                [0.922345, 0.147324, -0.357178, 0.0, -0.093301, 0.982019, 0.164116, 0.393861, 0.374934, -0.118046, 0.919505, -0.0, 0.0, 0.0, 0.0, 1.0],
                [-0.252541, 0.049403, -0.966324, 0.0, -0.298803, 0.945901, 0.126448, 0.393861, 0.920294, 0.320673, -0.224117, 0.0, 0.0, 0.0, 0.0, 1.0],
                [-0.144539, -0.385772, -0.911202, 0.0, -0.415729, 0.859329, -0.297865, 0.39386, 0.89793, 0.33576, -0.284583, 0.0, 0.0, 0.0, 0.0, 1.0],
                [-0.387058, -0.725818, -0.56866, 0.0, -0.219461, 0.671526, -0.707735, 0.39386, 0.895557, -0.149135, -0.419208, -0.0, 0.0, 0.0, 0.0, 1.0],
                [-0.387058, -0.725818, -0.56866, -0.0, -0.219461, 0.671526, -0.707736, 0.39386, 0.895558, -0.149135, -0.419208, -0.0, 0.0, 0.0, 0.0, 1.0],
                [-0.081561, -0.032507, -0.996138, 0.0, 0.786958, 0.61121, -0.08438, 0.39386, 0.611592, -0.790801, -0.02427, 0.0, 0.0, 0.0, 0.0, 1.0]
            ]
        },
        {
            "name": "Hand_R",
            "time": [0.0, 0.25, 0.4667, 0.5, 0.85],
            "transform": [
                [0.999984, 0.004938, 0.002536, 0.0, -0.00125, 0.645415, -0.763831, 0.3, -0.005409, 0.763817, 0.645411, -0.0, 0.0, 0.0, 0.0, 1.0],
                [0.999985, 0.003906, 0.003945, 0.0, -0.00125, 0.850797, -0.525493, 0.3, -0.005409, 0.52548, 0.850789, 0.0, 0.0, 0.0, 0.0, 1.0],
                [0.999985, 0.003906, 0.003945, -0.0, -0.00125, 0.850797, -0.525493, 0.3, -0.005409, 0.52548, 0.850789, 0.0, 0.0, 0.0, 0.0, 1.0],
                [0.999984, 0.003906, 0.003945, 0.0, -0.00125, 0.850797, -0.525493, 0.3, -0.005409, 0.52548, 0.850789, 0.0, 0.0, 0.0, 0.0, 1.0],
                [0.999985, 0.003906, 0.003945, -0.0, -0.00125, 0.850797, -0.525493, 0.3, -0.005409, 0.52548, 0.850789, 0.0, 0.0, 0.0, 0.0, 1.0]
            ]
        },
        {
            "name": "Tool_R",
            "time": [0.0, 0.25, 0.35, 0.4167, 0.4667, 0.5, 0.5333, 0.5667, 0.5833, 0.6, 0.6167, 0.6333, 0.65, 0.6667, 0.6833, 0.7, 0.7167, 0.75, 0.7667, 0.8, 0.85],
            "transform": [
                [-0.99882, 0.032629, -0.03596, -0.016698, 0.047925, 0.781545, -0.622005, 0.307473, 0.007804, -0.622618, -0.78173, 0.0994, 0.0, 0.0, 0.0, 1.0],
                [-0.861027, -0.487017, 0.146448, -0.016697, -0.289409, 0.706025, 0.646352, 0.307473, -0.417936, 0.513846, -0.748404, 0.0994, 0.0, 0.0, 0.0, 1.0],
                [-0.726941, -0.668849, 0.155552, -0.016672, -0.562276, 0.709792, 0.424312, 0.308486, -0.393983, 0.220863, -0.891523, 0.099521, 0.0, 0.0, 0.0, 1.0],
                [-0.851575, -0.499333, 0.159641, -0.016672, -0.47835, 0.864727, 0.153066, 0.308486, -0.214355, 0.05396, -0.974657, 0.099521, 0.0, 0.0, 0.0, 1.0],
                [-0.90254, -0.411751, 0.126027, -0.043284, -0.417541, 0.908382, -0.022381, 0.328738, -0.105207, -0.072768, -0.991187, 0.172722, 0.0, 0.0, 0.0, 1.0],
                [-0.90254, -0.411751, 0.126027, -0.043284, -0.417541, 0.908382, -0.022381, 0.328738, -0.105207, -0.072768, -0.991188, 0.172723, 0.0, 0.0, 0.0, 1.0],
                [-0.873481, -0.427155, 0.233604, -0.03083, -0.418077, 0.903972, 0.0897, 0.360783, -0.249344, -0.019292, -0.967611, 0.231904, 0.0, 0.0, 0.0, 1.0],
                [-0.758723, -0.484483, 0.435449, -0.034275, -0.385092, 0.872743, 0.300038, 0.406385, -0.525092, 0.059932, -0.848235, 0.36712, 0.0, 0.0, 0.0, 1.0],
                [-0.659429, -0.525054, 0.538027, -0.05415, -0.344696, 0.847192, 0.40429, 0.417942, -0.667694, 0.081106, -0.739204, 0.446155, 0.0, 0.0, 0.0, 1.0],
                [-0.528527, -0.57042, 0.628713, -0.089136, -0.286533, 0.817013, 0.500388, 0.422703, -0.798628, 0.08428, -0.5949, 0.52886, 0.0, 0.0, 0.0, 1.0],
                [-0.375782, -0.613811, 0.694279, -0.139953, -0.215714, 0.786547, 0.578629, 0.415849, -0.900721, 0.067642, -0.427718, 0.604356, 0.0, 0.0, 0.0, 1.0],
                [-0.202695, -0.650018, 0.732388, -0.20568, -0.131901, 0.75922, 0.637328, 0.401485, -0.969745, 0.032569, -0.239479, 0.670478, 0.0, 0.0, 0.0, 1.0],
                [-0.022512, -0.675834, 0.73671, -0.282525, -0.045658, 0.736823, 0.674543, 0.380695, -0.998112, -0.018432, -0.04741, 0.72205, 0.0, 0.0, 0.0, 1.0],
                [0.153936, -0.6886, 0.708614, -0.368249, 0.030327, 0.720117, 0.69319, 0.355408, -0.98703, -0.085158, 0.131665, 0.754379, 0.0, 0.0, 0.0, 1.0],
                [0.331652, -0.683076, 0.650703, -0.45631, 0.102821, 0.711804, 0.694811, 0.329875, -0.937226, -0.163425, 0.306132, 0.768326, 0.0, 0.0, 0.0, 1.0],
                [0.484892, -0.661528, 0.572067, -0.542149, 0.162761, 0.710939, 0.68416, 0.302993, -0.858785, -0.238485, 0.452139, 0.763431, 0.0, 0.0, 0.0, 1.0],
                [0.609714, -0.630222, 0.480697, -0.622069, 0.216476, 0.71581, 0.663893, 0.280763, -0.762034, -0.300539, 0.572536, 0.744681, 0.0, 0.0, 0.0, 1.0],
                [0.793635, -0.540881, 0.278553, -0.755957, 0.287158, 0.736663, 0.612265, 0.243838, -0.536042, -0.405678, 0.739528, 0.678882, 0.0, 0.0, 0.0, 1.0],
                [0.852421, -0.48986, 0.182801, -0.807985, 0.304654, 0.749475, 0.587769, 0.232029, -0.424674, -0.445064, 0.787646, 0.63878, 0.0, 0.0, 0.0, 1.0],
                [0.917502, -0.396182, 0.03508, -0.878896, 0.314113, 0.775887, 0.547113, 0.21767, -0.243827, -0.490659, 0.835834, 0.56449, 0.0, 0.0, 0.0, 1.0],
                [0.93454, -0.349608, -0.066407, -0.915383, 0.331066, 0.785722, 0.522529, 0.211293, -0.130422, -0.509999, 0.849534, 0.512399, 0.0, 0.0, 0.0, 1.0]
            ]
        },
        {
            "name": "Elbow_R",
            "time": [0.0, 0.85],
            "transform": [
                [-1.0, 0.0, -0.0, 0.0, 0.0, -0.0, -1.0, 0.3, -0.0, -1.0, 0.0, -0.0, 0.0, 0.0, 0.0, 1.0],
                [-1.0, 0.0, -0.0, -0.0, 0.0, -0.0, -1.0, 0.3, -0.0, -1.0, 0.0, 0.0, 0.0, 0.0, 0.0, 1.0]
            ]
        },
        {
            "name": "Shoulder_L",
            "time": [0.0, 0.25, 0.4667, 0.5, 0.85],
            "transform": [
                [0.109627, -0.99134, -0.0723, -0.0, -0.001717, -0.072927, 0.997336, 0.4, -0.993971, -0.109211, -0.009697, 0.0, 0.0, 0.0, 0.0, 1.0],
                [0.705682, -0.69533, -0.136118, -0.0, 0.085599, -0.10704, 0.990563, 0.4, -0.703339, -0.710674, -0.016016, 0.0, 0.0, 0.0, 0.0, 1.0],
                [0.705682, -0.69533, -0.136118, -0.0, 0.085599, -0.10704, 0.990563, 0.4, -0.703339, -0.710675, -0.016016, 0.0, 0.0, 0.0, 0.0, 1.0],
                [0.705682, -0.69533, -0.136118, 0.0, 0.085599, -0.10704, 0.990563, 0.4, -0.703339, -0.710674, -0.016016, -0.0, 0.0, 0.0, 0.0, 1.0],
                [0.168618, -0.92351, -0.344524, -0.0, 0.007234, -0.34836, 0.937333, 0.4, -0.985655, -0.160544, -0.052059, 0.0, 0.0, 0.0, 0.0, 1.0]
            ]
        },
        {
            "name": "Arm_L",
            "time": [0.0, 0.25, 0.35, 0.4667, 0.5, 0.85],
            "transform": [
                [0.065997, 0.007792, 0.997789, -0.0, -0.914904, 0.399571, 0.057394, 0.39386, -0.39824, -0.916669, 0.033499, 0.0, 0.0, 0.0, 0.0, 1.0],
                [-0.419556, 0.54846, 0.723301, -0.0, -0.115188, 0.758215, -0.641749, 0.393861, -0.900391, -0.352565, -0.254938, 0.0, 0.0, 0.0, 0.0, 1.0],
                [-0.419556, 0.469168, 0.77708, -0.0, -0.115187, 0.821632, -0.558258, 0.39386, -0.900391, -0.32373, -0.290679, 0.0, 0.0, 0.0, 0.0, 1.0],
                [-0.419556, 0.469168, 0.77708, 0.0, -0.115187, 0.821632, -0.558258, 0.39386, -0.900391, -0.32373, -0.290679, -0.0, 0.0, 0.0, 0.0, 1.0],
                [-0.419556, 0.469168, 0.77708, 0.0, -0.115187, 0.821632, -0.558258, 0.39386, -0.900391, -0.32373, -0.290679, 0.0, 0.0, 0.0, 0.0, 1.0],
                [-0.207211, -0.142693, 0.967834, 0.0, -0.820342, 0.564355, -0.092427, 0.39386, -0.533013, -0.813106, -0.233997, 0.0, 0.0, 0.0, 0.0, 1.0]
            ]
        },
        {
            "name": "Hand_L",
            "time": [0.0, 0.25, 0.4667, 0.5, 0.85],
            "transform": [
                [0.99932, -0.016342, 0.033063, -0.0, 0.036869, 0.465222, -0.884426, 0.3, -0.000929, 0.885044, 0.465508, 0.0, 0.0, 0.0, 0.0, 1.0],
                [0.99932, -0.031036, 0.019924, 0.0, 0.03687, 0.854285, -0.518496, 0.3, -0.000928, 0.518878, 0.854848, -0.0, 0.0, 0.0, 0.0, 1.0],
                [0.99932, -0.031036, 0.019924, 0.0, 0.036869, 0.854285, -0.518496, 0.3, -0.000928, 0.518878, 0.854848, 0.0, 0.0, 0.0, 0.0, 1.0],
                [0.99932, -0.031036, 0.019924, 0.0, 0.03687, 0.854285, -0.518496, 0.3, -0.000928, 0.518878, 0.854848, -0.0, 0.0, 0.0, 0.0, 1.0],
                [0.99932, -0.031036, 0.019924, -0.0, 0.036869, 0.854285, -0.518496, 0.3, -0.000928, 0.518878, 0.854848, 0.0, 0.0, 0.0, 0.0, 1.0]
            ]
        },
        {
            "name": "Tool_L",
            "time": [0.0, 0.25, 0.4667, 0.5, 0.85],
            "transform": [
                [0.976285, -0.178492, 0.122507, -0.0, -0.068891, -0.792614, -0.60582, 0.255033, 0.205113, 0.582662, -0.785657, 0.181343, 0.0, 0.0, 0.0, 1.0],
                [0.976281, -0.113581, 0.18432, 0.0, -0.068946, -0.970121, -0.23262, 0.255033, 0.205112, 0.214258, -0.954383, 0.181343, 0.0, 0.0, 0.0, 1.0],
                [0.989619, -0.113568, 0.088072, 0.0, -0.091327, -0.970122, -0.224771, 0.255033, 0.110902, 0.214258, -0.969855, 0.181343, 0.0, 0.0, 0.0, 1.0],
                [0.989619, -0.113568, 0.088072, 0.0, -0.091327, -0.970122, -0.224771, 0.255033, 0.110902, 0.214258, -0.969855, 0.181343, 0.0, 0.0, 0.0, 1.0],
                [0.989619, -0.113568, 0.088072, 0.0, -0.091327, -0.970122, -0.224771, 0.255033, 0.110902, 0.214258, -0.969855, 0.181343, 0.0, 0.0, 0.0, 1.0]
            ]
        },
        {
            "name": "Elbow_L",
            "time": [0.0, 0.85],
            "transform": [
                [-1.0, 0.0, -0.0, -0.0, 0.0, 0.222608, -0.974908, 0.3, -0.0, -0.974908, -0.222608, 0.0, 0.0, 0.0, 0.0, 1.0],
                [-1.0, 0.0, 0.0, -0.0, 0.0, 0.222608, -0.974908, 0.3, -0.0, -0.974908, -0.222608, 0.0, 0.0, 0.0, 0.0, 1.0]
            ]
        }
    ]
}