{
    
    "animation": [
        {
            "name": "Root",
            "time": [0.0, 0.2, 0.35, 0.5, 0.65, 0.8],
            "transform": [
                [0.854689, 0.030206, -0.51826, -0.000981, -0.51914, 0.04973, -0.853241, -0.000661, 0.0, 0.998306, 0.058185, 0.723465, 0.0, 0.0, 0.0, 1.0],
                [-0.895859, 0.411928, -0.166591, -0.009622, -0.243821, -0.142294, 0.959325, 0.243163, 0.371468, 0.900038, 0.227912, 0.705474, 0.0, 0.0, 0.0, 1.0],
                [0.43032, 0.465419, 0.77344, -0.009622, 0.899878, -0.288597, -0.327003, 0.474674, 0.071019, 0.836718, -0.54301, 0.705474, 0.0, 0.0, 0.0, 1.0],
                [0.600983, 0.577782, 0.552256, -0.009622, 0.686096, -0.018501, -0.727276, 0.484929, -0.409989, 0.815981, -0.407533, 0.705474, 0.0, 0.0, 0.0, 1.0],
                [0.868516, 0.169675, 0.465715, -0.009622, 0.387992, 0.351977, -0.851806, 1.015369, -0.308451, 0.920501, 0.239865, 0.558173, 0.0, 0.0, 0.0, 1.0],
                [0.868516, 0.169675, 0.465715, -0.009622, 0.387992, 0.351977, -0.851806, 1.015369, -0.308451, 0.920501, 0.239865, 0.558173, 0.0, 0.0, 0.0, 1.0]
            ]
        },
        {
            "name": "Thigh_R",
            "time": [0.0, 0.15, 0.3333, 0.3667, 0.65, 0.8],
            "transform": [
                [0.947355, 0.070886, -0.312238, 0.124994, 0.077288, -0.996973, 0.008159, -0.002831, -0.310716, -0.031861, -0.949969, -1.2e-05, 0.0, 0.0, 0.0, 1.0],
                [0.894701, 0.40372, -0.191097, 0.124994, 0.444896, -0.767453, 0.461607, -0.002831, 0.039702, -0.498017, -0.866257, -1.2e-05, 0.0, 0.0, 0.0, 1.0],
                [0.996625, 0.053496, -0.062252, 0.124994, 0.080899, -0.512021, 0.855154, -0.002831, 0.013873, -0.857303, -0.514622, -1.2e-05, 0.0, 0.0, 0.0, 1.0],
                [0.998048, 0.049188, -0.038477, 0.124994, 0.062101, -0.716668, 0.694643, -0.002831, 0.006593, -0.695674, -0.718326, -1.2e-05, 0.0, 0.0, 0.0, 1.0],
                [0.89107, 0.445539, -0.08653, 0.124994, 0.18798, -0.188759, 0.963864, -0.002831, 0.413106, -0.875135, -0.251951, -1.2e-05, 0.0, 0.0, 0.0, 1.0],
                [0.89107, 0.445539, -0.08653, 0.124994, 0.18798, -0.188759, 0.963864, -0.002831, 0.413106, -0.875135, -0.251951, -1.2e-05, 0.0, 0.0, 0.0, 1.0]
            ]
        },
        {
            "name": "Leg_R",
            "time": [0.0, 0.15, 0.2, 0.3333, 0.3667, 0.8],
            "transform": [
                [1.0, -0.0, 2e-06, -0.0, -0.0, 0.940085, 0.340943, 0.37472, -2e-06, -0.340944, 0.940083, 0.0, 0.0, 0.0, 0.0, 1.0],
                [1.0, -2e-06, 0.0, 0.0, -0.0, -0.058164, 0.998306, 0.37472, -2e-06, -0.998308, -0.058164, 0.0, 0.0, 0.0, 0.0, 1.0],
                [1.0, -2e-06, 1e-06, -0.0, -0.0, 0.4462, 0.894933, 0.37472, -2e-06, -0.894934, 0.446199, 0.0, 0.0, 0.0, 0.0, 1.0],
                [1.0, -1e-06, 1e-06, 0.0, -0.0, 0.590763, 0.806845, 0.37472, -2e-06, -0.806846, 0.590762, 0.0, 0.0, 0.0, 0.0, 1.0],
                [1.0, -1e-06, 2e-06, 0.0, -0.0, 0.868624, 0.495472, 0.37472, -2e-06, -0.495473, 0.868623, 0.0, 0.0, 0.0, 0.0, 1.0],
                [1.0, -1e-06, 2e-06, 0.0, -0.0, 0.868624, 0.495472, 0.37472, -2e-06, -0.495473, 0.868623, 0.0, 0.0, 0.0, 0.0, 1.0]
            ]
        },
        {
            "name": "Knee_R",
            "time": [0.0, 0.15, 0.8],
            "transform": [
                [1.0, 0.0, -0.0, -0.0, -0.0, 1e-06, -1.0, 0.37472, -0.0, 1.0, 1e-06, 0.0, 0.0, 0.0, 0.0, 1.0],
                [1.0, 0.0, -0.0, 0.0, -0.0, 0.460259, -0.887785, 0.37472, -0.0, 0.887785, 0.460258, 0.0, 0.0, 0.0, 0.0, 1.0],
                [1.0, 0.0, -0.0, 0.0, -0.0, 0.460258, -0.887785, 0.37472, -0.0, 0.887785, 0.460259, 0.0, 0.0, 0.0, 0.0, 1.0]
            ]
        },
        {
            "name": "Thigh_L",
            "time": [0.0, 0.15, 0.3333, 0.5, 0.65, 0.8],
            "transform": [
                [0.866588, -0.273802, -0.4172, -0.125006, -0.027838, -0.861258, 0.507405, -0.002831, -0.498245, -0.428097, -0.753979, -1.2e-05, 0.0, 0.0, 0.0, 1.0],
                [-0.051314, -0.364879, -0.929639, -0.125006, 0.172063, -0.920177, 0.351667, -0.002831, -0.983748, -0.141911, 0.11, -1.2e-05, 0.0, 0.0, 0.0, 1.0],
                [0.944357, -0.316119, -0.090872, -0.125006, -0.327766, -0.927543, -0.179535, -0.002831, -0.027533, 0.19933, -0.979545, -1.2e-05, 0.0, 0.0, 0.0, 1.0],
                [0.953095, 0.288706, -0.090872, -0.125006, 0.269476, -0.946124, -0.179535, -0.002831, -0.137809, 0.146627, -0.979545, -1.2e-05, 0.0, 0.0, 0.0, 1.0],
                [0.840324, 0.027029, 0.54141, -0.125006, 0.158118, -0.967546, -0.197113, -0.002831, 0.518511, 0.251246, -0.817326, -1.2e-05, 0.0, 0.0, 0.0, 1.0],
                [0.840324, 0.027029, 0.54141, -0.125006, 0.158118, -0.967546, -0.197113, -0.002831, 0.518511, 0.251246, -0.817326, -1.2e-05, 0.0, 0.0, 0.0, 1.0]
            ]
        },
        {
            "name": "Leg_L",
            "time": [0.0, 0.8],
            "transform": [
                [1.0, -1e-06, 1e-06, -0.0, 0.0, 0.903297, 0.429015, 0.37472, -1e-06, -0.429015, 0.903297, -0.0, 0.0, 0.0, 0.0, 1.0],
                [1.0, -1e-06, 1e-06, 0.0, 0.0, 0.903297, 0.429015, 0.37472, -1e-06, -0.429015, 0.903297, 0.0, 0.0, 0.0, 0.0, 1.0]
            ]
        },
        {
            "name": "Knee_L",
            "time": [0.0, 0.8],
            "transform": [
                [1.0, 0.0, -0.0, -0.0, -0.0, 0.265511, -0.964108, 0.37472, -0.0, 0.964108, 0.265511, -0.0, 0.0, 0.0, 0.0, 1.0],
                [1.0, 0.0, -0.0, 0.0, -0.0, 0.265511, -0.964108, 0.37472, -0.0, 0.964108, 0.26551, 0.0, 0.0, 0.0, 0.0, 1.0]
            ]
        },
        {
            "name": "Torso",
            "time": [0.0, 0.3333, 0.8],
            "transform": [
                [0.99978, -0.020931, -0.001324, 0.0, 0.020971, 0.997148, 0.072506, 0.05, -0.000198, -0.072518, 0.997367, -0.0, 0.0, 0.0, 0.0, 1.0],
                [0.975727, -0.020931, 0.217988, -0.0, 0.004558, 0.997148, 0.07534, 0.05, -0.218943, -0.072518, 0.973039, -0.0, 0.0, 0.0, 0.0, 1.0],
                [0.97904, 0.071647, 0.190648, -0.0, -0.101612, 0.983088, 0.152361, 0.05, -0.176507, -0.168539, 0.969763, 0.0, 0.0, 0.0, 0.0, 1.0]
            ]
        },
        {
            "name": "Chest",
            "time": [0.0, 0.3333, 0.65, 0.8],
            "transform": [
                [0.98202, -0.006367, 0.188669, -0.0, 0.017419, 0.998223, -0.056982, 0.3, -0.18797, 0.059244, 0.980386, 0.0, 0.0, 0.0, 0.0, 1.0],
                [0.502314, -0.178889, 0.845978, 0.0, -0.357994, 0.847551, 0.391787, 0.3, -0.787096, -0.499656, 0.361696, -0.0, 0.0, 0.0, 0.0, 1.0],
                [0.67811, 0.201727, 0.706734, -0.0, -0.21965, 0.973272, -0.067052, 0.3, -0.70137, -0.109765, 0.704295, -0.0, 0.0, 0.0, 0.0, 1.0],
                [0.522451, 0.201727, 0.828463, 0.0, -0.201721, 0.973272, -0.109776, 0.3, -0.828465, -0.109765, 0.54918, 0.0, 0.0, 0.0, 0.0, 1.0]
            ]
        },
        {
            "name": "Head",
            "time": [0.0, 0.15, 0.3333, 0.5, 0.65, 0.8],
            "transform": [
                [0.956456, 0.037721, 0.289429, 0.0, -0.021673, 0.998055, -0.058455, 0.4, -0.291071, 0.049637, 0.955413, 0.0, 0.0, 0.0, 0.0, 1.0],
                [0.555953, 0.00059, -0.831214, -0.0, -0.240684, 0.957275, -0.160301, 0.4, 0.795605, 0.289179, 0.532341, 0.0, 0.0, 0.0, 0.0, 1.0],
                [-0.149415, 0.157109, -0.976213, -0.0, -0.260878, 0.946049, 0.192183, 0.4, 0.953739, 0.283387, -0.100367, -0.0, 0.0, 0.0, 0.0, 1.0],
                [-0.038188, 0.027667, -0.998887, -0.0, 0.191203, 0.981349, 0.019871, 0.4, 0.980807, -0.190231, -0.042766, -0.0, 0.0, 0.0, 0.0, 1.0],
                [0.117321, 0.021142, -0.992869, -0.0, 0.240433, 0.969425, 0.049053, 0.4, 0.96355, -0.244473, 0.108651, -0.0, 0.0, 0.0, 0.0, 1.0],
                [-0.106527, 0.027667, -0.993925, -0.0, 0.192115, 0.981349, 0.006726, 0.4, 0.975574, -0.190231, -0.109855, 0.0, 0.0, 0.0, 0.0, 1.0]
            ]
        },
        {
            "name": "Shoulder_R",
            "time": [0.0, 0.3333, 0.5, 0.8],
            "transform": [
                [0.089555, 0.949274, 0.301428, 0.0, -0.003656, -0.302328, 0.953197, 0.4, 0.995975, -0.086466, -0.023605, 0.0, 0.0, 0.0, 0.0, 1.0],
                [0.187128, 0.933326, 0.306406, -0.0, -0.318255, -0.237491, 0.917775, 0.4, 0.929353, -0.269257, 0.252594, -0.0, 0.0, 0.0, 0.0, 1.0],
                [0.315774, 0.897999, 0.306406, -0.0, -0.348332, -0.190665, 0.917775, 0.4, 0.882582, -0.39654, 0.252594, -0.0, 0.0, 0.0, 0.0, 1.0],
                [-0.229652, 0.866766, 0.442692, -0.0, -0.20014, -0.487184, 0.850056, 0.4, 0.952472, 0.106617, 0.285357, 0.0, 0.0, 0.0, 0.0, 1.0]
            ]
        },
        {
            "name": "Arm_R",
            "time": [0.0, 0.3333, 0.5, 0.65, 0.8],
            "transform": [
                [0.019786, 0.239566, -0.970678, -0.0, 0.913875, 0.389443, 0.114743, 0.39386, 0.405513, -0.889349, -0.211228, -0.0, 0.0, 0.0, 0.0, 1.0],
                [0.302899, -0.930584, -0.205587, 0.0, -0.350932, 0.091653, -0.931905, 0.39386, 0.886059, 0.35442, -0.29881, 0.0, 0.0, 0.0, 0.0, 1.0],
                [-0.213822, -0.855883, -0.470897, 0.0, -0.424406, 0.515565, -0.74436, 0.39386, 0.879864, 0.040691, -0.473481, 0.0, 0.0, 0.0, 0.0, 1.0],
                [0.842624, 0.401273, -0.359116, 0.0, -0.265098, 0.889579, 0.371986, 0.393861, 0.46873, -0.218244, 0.855957, -0.0, 0.0, 0.0, 0.0, 1.0],
                [0.922345, 0.114114, -0.369132, 0.0, -0.093301, 0.992898, 0.073815, 0.393861, 0.374934, -0.033642, 0.926441, -0.0, 0.0, 0.0, 0.0, 1.0]
            ]
        },
        {
            "name": "Hand_R",
            "time": [0.0, 0.3333, 0.5, 0.8],
            "transform": [
                [0.999985, 0.002643, 0.004882, 0.0, -0.00125, 0.964008, -0.26587, 0.3, -0.005409, 0.26586, 0.963997, 0.0, 0.0, 0.0, 0.0, 1.0],
                [0.999984, 0.000374, 0.005539, 0.0, -0.00125, 0.987255, 0.159144, 0.3, -0.005409, -0.159148, 0.98724, -0.0, 0.0, 0.0, 0.0, 1.0],
                [0.999985, 0.004259, 0.00356, 0.0, -0.00125, 0.797654, -0.603114, 0.3, -0.005409, 0.6031, 0.797647, -0.0, 0.0, 0.0, 0.0, 1.0],
                [0.999985, 0.004939, 0.002536, -0.0, -0.00125, 0.645415, -0.763832, 0.3, -0.005409, 0.763817, 0.645411, 0.0, 0.0, 0.0, 0.0, 1.0]
            ]
        },
        {
            "name": "Tool_R",
            "time": [0.0, 0.05, 0.0667, 0.0833, 0.1167, 0.15, 0.1667, 0.1833, 0.2, 0.2167, 0.2333, 0.2667, 0.3, 0.3167, 0.3333, 0.5, 0.65, 0.8],
            "transform": [
                [0.975034, -0.216144, 0.050895, -0.776559, 0.221314, 0.964621, -0.143274, -0.109483, -0.018113, 0.150882, 0.987787, 0.746956, 0.0, 0.0, 0.0, 1.0],
                [0.934628, -0.322579, 0.149712, -0.750589, 0.340558, 0.933098, -0.115532, -0.145193, -0.102363, 0.158881, 0.981374, 0.780403, 0.0, 0.0, 0.0, 1.0],
                [0.881618, -0.415115, 0.224563, -0.725842, 0.44234, 0.892671, -0.086452, -0.170828, -0.164471, 0.175457, 0.970042, 0.806401, 0.0, 0.0, 0.0, 1.0],
                [0.802396, -0.500878, 0.324472, -0.687458, 0.539714, 0.841063, -0.036349, -0.199509, -0.254538, 0.204176, 0.944637, 0.840685, 0.0, 0.0, 0.0, 1.0],
                [0.470095, -0.687606, 0.553362, -0.54636, 0.754615, 0.638299, 0.152084, -0.242411, -0.457505, 0.345883, 0.818456, 0.919072, 0.0, 0.0, 0.0, 1.0],
                [-0.060934, -0.687874, 0.723267, -0.32163, 0.79391, 0.405788, 0.452817, -0.204653, -0.604608, 0.601449, 0.52108, 0.95926, 0.0, 0.0, 0.0, 1.0],
                [-0.330697, -0.592585, 0.734495, -0.201056, 0.715498, 0.35007, 0.604577, -0.139149, -0.615016, 0.725035, 0.30805, 0.939999, 0.0, 0.0, 0.0, 1.0],
                [-0.568591, -0.454143, 0.6859, -0.099119, 0.594228, 0.349837, 0.724229, -0.052558, -0.568514, 0.818889, 0.070916, 0.882653, 0.0, 0.0, 0.0, 1.0],
                [0.257757, -0.796323, 0.547203, -0.026898, -0.514804, 0.36607, 0.775222, 0.038805, -0.817163, -0.481232, -0.315398, 0.791371, 0.0, 0.0, 0.0, 1.0],
                [0.125932, -0.90144, 0.414182, 0.013304, -0.578762, 0.27233, 0.768681, 0.119623, -0.805244, -0.336312, -0.487128, 0.68427, 0.0, 0.0, 0.0, 1.0],
                [0.032327, -0.953954, 0.298205, 0.032595, -0.670645, 0.20052, 0.714162, 0.179588, -0.740643, -0.222942, -0.6329, 0.576789, 0.0, 0.0, 0.0, 1.0],
                [-0.043233, -0.989784, 0.13586, 0.037198, -0.815411, 0.113532, 0.567641, 0.243721, -0.576933, -0.086189, -0.811502, 0.394683, 0.0, 0.0, 0.0, 1.0],
                [-0.074494, -0.994879, 0.068309, 0.040008, -0.890748, 0.097181, 0.443987, 0.264595, -0.448096, -0.027754, -0.892892, 0.274472, 0.0, 0.0, 0.0, 1.0],
                [-0.084089, -0.99491, 0.05553, 0.046611, -0.91, 0.099378, 0.402522, 0.269828, -0.405761, -0.016673, -0.913179, 0.237684, 0.0, 0.0, 0.0, 1.0],
                [-0.085387, -0.99491, 0.053511, 0.057374, -0.919327, 0.099378, 0.380739, 0.277398, -0.383901, -0.016673, -0.922582, 0.216685, 0.0, 0.0, 0.0, 1.0],
                [0.998363, 0.050663, 0.026557, -0.003357, 0.043471, -0.973755, 0.223409, 0.239922, 0.037157, -0.221768, -0.973784, 0.168795, 0.0, 0.0, 0.0, 1.0],
                [0.99437, 0.095059, 0.046822, -0.016698, 0.103016, -0.763711, -0.637286, 0.307473, -0.024806, 0.638135, -0.768755, 0.0994, 0.0, 0.0, 0.0, 1.0],
                [0.998832, -0.047619, -0.008159, -0.016698, -0.031466, -0.513038, -0.857789, 0.307473, 0.036639, 0.856531, -0.513643, 0.0994, 0.0, 0.0, 0.0, 1.0]
            ]
        },
        {
            "name": "Elbow_R",
            "time": [0.0, 0.8],
            "transform": [
                [-1.0, 0.0, -0.0, 0.0, 0.0, -0.0, -1.0, 0.3, -0.0, -1.0, 0.0, 0.0, 0.0, 0.0, 0.0, 1.0],
                [-1.0, 0.0, -0.0, -0.0, 0.0, -0.0, -1.0, 0.3, -0.0, -1.0, 0.0, 0.0, 0.0, 0.0, 0.0, 1.0]
            ]
        },
        {
            "name": "Shoulder_L",
            "time": [0.0, 0.3333, 0.5, 0.8],
            "transform": [
                [0.088499, -0.949454, -0.301172, 0.0, -0.003902, -0.302687, 0.953082, 0.4, -0.996068, -0.083172, -0.030493, 0.0, 0.0, 0.0, 0.0, 1.0],
                [0.611151, -0.731977, -0.301172, -0.0, 0.168379, -0.251561, 0.953082, 0.4, -0.773397, -0.633188, -0.030493, -0.0, 0.0, 0.0, 0.0, 1.0],
                [0.109627, -0.99134, -0.0723, -0.0, -0.001717, -0.072927, 0.997336, 0.4, -0.993971, -0.109211, -0.009697, -0.0, 0.0, 0.0, 0.0, 1.0],
                [0.109627, -0.99134, -0.0723, -0.0, -0.001717, -0.072927, 0.997336, 0.4, -0.993971, -0.109211, -0.009697, 0.0, 0.0, 0.0, 0.0, 1.0]
            ]
        },
        {
            "name": "Arm_L",
            "time": [0.0, 0.3333, 0.5, 0.65, 0.8],
            "transform": [
                [0.159466, -0.483621, 0.860628, -0.0, -0.915361, 0.254048, 0.312368, 0.39386, -0.369709, -0.837597, -0.402176, -0.0, 0.0, 0.0, 0.0, 1.0],
                [0.477724, -0.010347, 0.878449, -0.0, 0.620368, 0.711977, -0.328987, 0.39386, -0.622032, 0.702126, 0.346547, 0.0, 0.0, 0.0, 0.0, 1.0],
                [-0.161844, 0.471894, 0.866673, 0.0, 0.07321, 0.881573, -0.466335, 0.39386, -0.984097, -0.012024, -0.177225, -0.0, 0.0, 0.0, 0.0, 1.0],
                [0.065997, 0.007792, 0.997789, 0.0, -0.914904, 0.399571, 0.057394, 0.393861, -0.39824, -0.916669, 0.033499, 0.0, 0.0, 0.0, 0.0, 1.0],
                [0.065997, 0.007792, 0.997789, -0.0, -0.914904, 0.399571, 0.057394, 0.39386, -0.39824, -0.916669, 0.033499, 0.0, 0.0, 0.0, 0.0, 1.0]
            ]
        },
        {
            "name": "Hand_L",
            "time": [0.0, 0.8],
            "transform": [
                [0.99932, -0.016342, 0.033063, -0.0, 0.03687, 0.465222, -0.884426, 0.3, -0.000929, 0.885044, 0.465508, -0.0, 0.0, 0.0, 0.0, 1.0],
                [0.99932, -0.016342, 0.033063, -0.0, 0.036869, 0.465222, -0.884426, 0.3, -0.000929, 0.885044, 0.465508, 0.0, 0.0, 0.0, 0.0, 1.0]
            ]
        },
        {
            "name": "Tool_L",
            "time": [0.0, 0.5, 0.8],
            "transform": [
                [1.0, -0.0, 0.0, -0.0, 0.0, -0.921969, -0.387263, 0.255033, 0.0, 0.387025, -0.921431, 0.181343, 0.0, 0.0, 0.0, 1.0],
                [0.976285, -0.178492, 0.122507, -0.0, -0.068891, -0.792613, -0.60582, 0.255033, 0.205113, 0.582662, -0.785657, 0.181343, 0.0, 0.0, 0.0, 1.0],
                [0.976285, -0.178492, 0.122507, -0.0, -0.068891, -0.792614, -0.60582, 0.255033, 0.205113, 0.582662, -0.785657, 0.181343, 0.0, 0.0, 0.0, 1.0]
            ]
        },
        {
            "name": "Elbow_L",
            "time": [0.0, 0.8],
            "transform": [
                [-1.0, 0.0, 0.0, -0.0, 0.0, 0.222608, -0.974908, 0.3, -0.0, -0.974908, -0.222608, -0.0, 0.0, 0.0, 0.0, 1.0],
                [-1.0, 0.0, -0.0, -0.0, 0.0, 0.222608, -0.974908, 0.3, -0.0, -0.974908, -0.222608, 0.0, 0.0, 0.0, 0.0, 1.0]
            ]
        }
    ]
}