{
    
    "animation": [
        {
            "name": "Root",
            "time": [0.0, 0.15, 0.2667, 0.4167, 0.5333],
            "transform": [
                [0.983033, 0.030206, -0.180925, -0.004126, -0.182262, 0.04973, -0.981992, -0.005839, -0.020665, 0.998306, 0.054392, 0.619508, 0.0, 0.0, 0.0, 1.0],
                [0.983033, 0.030206, -0.180925, -0.000876, -0.182262, 0.04973, -0.981992, -0.000488, -0.020665, 0.998306, 0.054392, 0.726936, 0.0, 0.0, 0.0, 1.0],
                [0.983033, 0.030206, -0.180925, -0.003872, -0.182262, 0.04973, -0.981992, -0.00542, -0.020665, 0.998306, 0.054392, 0.627922, 0.0, 0.0, 0.0, 1.0],
                [0.983033, 0.030206, -0.180925, 7.4e-05, -0.182262, 0.04973, -0.981992, 0.001075, -0.020665, 0.998306, 0.054392, 0.758306, 0.0, 0.0, 0.0, 1.0],
                [0.983033, 0.030206, -0.180925, -0.004126, -0.182262, 0.04973, -0.981992, -0.005839, -0.020665, 0.998306, 0.054392, 0.619508, 0.0, 0.0, 0.0, 1.0]
            ]
        },
        {
            "name": "Thigh_R",
            "time": [0.0, 0.15, 0.2667, 0.4167, 0.5333],
            "transform": [
                [0.983488, 0.143648, -0.110076, 0.124994, 0.057103, -0.823485, -0.564455, -0.002831, -0.171728, 0.548848, -0.818092, -1.2e-05, 0.0, 0.0, 0.0, 1.0],
                [0.983487, -0.047973, -0.174499, 0.124994, 0.057103, -0.832708, 0.550758, -0.002831, -0.171729, -0.551627, -0.816221, -1.2e-05, 0.0, 0.0, 0.0, 1.0],
                [0.983488, -0.148111, -0.103993, 0.124994, 0.057103, -0.291306, 0.954924, -0.002831, -0.171729, -0.945093, -0.278039, -1.2e-05, 0.0, 0.0, 0.0, 1.0],
                [0.983488, 0.025585, -0.179156, 0.124994, 0.057103, -0.983254, 0.173048, -0.002831, -0.171728, -0.18042, -0.968482, -1.2e-05, 0.0, 0.0, 0.0, 1.0],
                [0.983488, 0.143648, -0.110076, 0.124994, 0.057103, -0.823485, -0.564455, -0.002831, -0.171728, 0.548848, -0.818092, -1.2e-05, 0.0, 0.0, 0.0, 1.0]
            ]
        },
        {
            "name": "Leg_R",
            "time": [0.0, 0.15, 0.2167, 0.2667, 0.4167, 0.5333],
            "transform": [
                [1.0, -1e-06, 1e-06, -0.0, -0.0, 0.732005, 0.681299, 0.37472, -2e-06, -0.6813, 0.732004, 0.0, 0.0, 0.0, 0.0, 1.0],
                [1.0, -2e-06, 0.0, -0.0, -0.0, -0.076087, 0.9971, 0.37472, -2e-06, -0.997102, -0.076087, 0.0, 0.0, 0.0, 0.0, 1.0],
                [1.0, -2e-06, 0.0, -0.0, -0.0, -0.084474, 0.996425, 0.37472, -2e-06, -0.996426, -0.084474, -0.0, 0.0, 0.0, 0.0, 1.0],
                [1.0, -1e-06, 2e-06, 0.0, -0.0, 0.877056, 0.480389, 0.37472, -2e-06, -0.48039, 0.877055, 0.0, 0.0, 0.0, 0.0, 1.0],
                [1.0, -0.0, 2e-06, -0.0, -0.0, 0.995916, 0.090297, 0.37472, -2e-06, -0.090297, 0.995914, 0.0, 0.0, 0.0, 0.0, 1.0],
                [1.0, -1e-06, 1e-06, -0.0, -0.0, 0.732005, 0.681299, 0.37472, -2e-06, -0.6813, 0.732004, 0.0, 0.0, 0.0, 0.0, 1.0]
            ]
        },
        {
            "name": "Knee_R",
            "time": [0.0, 0.15, 0.2667, 0.5333],
            "transform": [
                [1.0, 0.0, -0.0, -0.0, -0.0, 1e-06, -1.0, 0.37472, -0.0, 1.0, 1e-06, 0.0, 0.0, 0.0, 0.0, 1.0],
                [1.0, 0.0, -0.0, -0.0, -0.0, 0.80057, -0.599239, 0.37472, -0.0, 0.599239, 0.80057, 0.0, 0.0, 0.0, 0.0, 1.0],
                [1.0, 0.0, -0.0, 0.0, -0.0, 0.232164, -0.972677, 0.37472, -0.0, 0.972677, 0.232164, 0.0, 0.0, 0.0, 0.0, 1.0],
                [1.0, 0.0, -0.0, -0.0, -0.0, 1e-06, -1.0, 0.37472, -0.0, 1.0, 1e-06, 0.0, 0.0, 0.0, 0.0, 1.0]
            ]
        },
        {
            "name": "Thigh_L",
            "time": [0.0, 0.15, 0.2667, 0.4167, 0.5333],
            "transform": [
                [0.990029, -0.134396, -0.042175, -0.125006, 0.005858, -0.259876, 0.965624, -0.002831, -0.140737, -0.956244, -0.256498, -1.2e-05, 0.0, 0.0, 0.0, 1.0],
                [0.990029, -0.011793, -0.140364, -0.125006, 0.005858, -0.99218, 0.124674, -0.002831, -0.140736, -0.124252, -0.982219, -1.2e-05, 0.0, 0.0, 0.0, 1.0],
                [0.990029, 0.102412, -0.09671, -0.125006, 0.005858, -0.715914, -0.698163, -0.002831, -0.140736, 0.690637, -0.709376, -1.2e-05, 0.0, 0.0, 0.0, 1.0],
                [0.990029, -0.069829, -0.122332, -0.125006, 0.005858, -0.847314, 0.53106, -0.002831, -0.140736, -0.526482, -0.838457, -1.2e-05, 0.0, 0.0, 0.0, 1.0],
                [0.990029, -0.134396, -0.042175, -0.125006, 0.005858, -0.259876, 0.965624, -0.002831, -0.140737, -0.956244, -0.256498, -1.2e-05, 0.0, 0.0, 0.0, 1.0]
            ]
        },
        {
            "name": "Leg_L",
            "time": [0.0, 0.15, 0.1833, 0.2667, 0.4167, 0.4667, 0.5333],
            "transform": [
                [1.0, -1e-06, 1e-06, 0.0, 0.0, 0.859928, 0.510415, 0.37472, -1e-06, -0.510415, 0.859929, -0.0, 0.0, 0.0, 0.0, 1.0],
                [1.0, -0.0, 1e-06, 0.0, 0.0, 0.991492, 0.130164, 0.37472, -1e-06, -0.130164, 0.991493, 0.0, 0.0, 0.0, 0.0, 1.0],
                [1.0, -0.0, 1e-06, 0.0, 0.0, 0.991492, 0.130164, 0.37472, -1e-06, -0.130164, 0.991493, 0.0, 0.0, 0.0, 0.0, 1.0],
                [1.0, -1e-06, 0.0, 0.0, 0.0, 0.714439, 0.699698, 0.37472, -1e-06, -0.699697, 0.71444, 0.0, 0.0, 0.0, 0.0, 1.0],
                [1.0, -1e-06, -1e-06, -0.0, 0.0, -0.35598, 0.934494, 0.37472, -1e-06, -0.934493, -0.355981, -0.0, 0.0, 0.0, 0.0, 1.0],
                [1.0, -1e-06, -0.0, -0.0, 0.0, -0.050721, 0.998713, 0.37472, -1e-06, -0.998713, -0.05072, 0.0, 0.0, 0.0, 0.0, 1.0],
                [1.0, -1e-06, 1e-06, 0.0, 0.0, 0.859928, 0.510415, 0.37472, -1e-06, -0.510415, 0.859929, -0.0, 0.0, 0.0, 0.0, 1.0]
            ]
        },
        {
            "name": "Knee_L",
            "time": [0.0, 0.15, 0.4167, 0.4667, 0.5333],
            "transform": [
                [1.0, 0.0, -0.0, 0.0, -0.0, 0.395654, -0.9184, 0.37472, -0.0, 0.9184, 0.395654, -0.0, 0.0, 0.0, 0.0, 1.0],
                [1.0, 0.0, -0.0, 0.0, -0.0, 0.056444, -0.998406, 0.37472, -0.0, 0.998406, 0.056443, 0.0, 0.0, 0.0, 0.0, 1.0],
                [1.0, 0.0, -0.0, -0.0, -0.0, 0.678813, -0.734311, 0.37472, -0.0, 0.734311, 0.678813, -0.0, 0.0, 0.0, 0.0, 1.0],
                [1.0, 0.0, -0.0, -0.0, -0.0, 0.721307, -0.692615, 0.37472, -0.0, 0.692615, 0.721307, 0.0, 0.0, 0.0, 0.0, 1.0],
                [1.0, 0.0, -0.0, 0.0, -0.0, 0.395654, -0.9184, 0.37472, -0.0, 0.9184, 0.395654, -0.0, 0.0, 0.0, 0.0, 1.0]
            ]
        },
        {
            "name": "Torso",
            "time": [0.0, 0.2667, 0.5333],
            "transform": [
                [0.993716, -0.036411, -0.10584, 0.0, 0.080768, 0.887918, 0.452856, 0.05, 0.077488, -0.458559, 0.885279, -0.0, 0.0, 0.0, 0.0, 1.0],
                [0.909932, -0.036411, 0.413157, 0.0, -0.160251, 0.887918, 0.431186, 0.05, -0.382549, -0.458559, 0.80211, -0.0, 0.0, 0.0, 0.0, 1.0],
                [0.993716, -0.036411, -0.10584, 0.0, 0.080768, 0.887918, 0.452856, 0.05, 0.077488, -0.458559, 0.885279, -0.0, 0.0, 0.0, 0.0, 1.0]
            ]
        },
        {
            "name": "Chest",
            "time": [0.0, 0.15, 0.2667, 0.4167, 0.5333],
            "transform": [
                [0.962327, -0.035711, 0.269541, 0.0, 0.061683, 0.994164, -0.088508, 0.3, -0.264807, 0.101799, 0.958913, -0.0, 0.0, 0.0, 0.0, 1.0],
                [0.996011, -0.089184, 0.00294, 0.0, 0.089032, 0.991018, -0.099783, 0.3, 0.005985, 0.099647, 0.995005, 0.0, 0.0, 0.0, 0.0, 1.0],
                [0.961053, -0.072327, -0.266732, 0.0, 0.042979, 0.992519, -0.114273, 0.3, 0.273002, 0.098358, 0.956972, 0.0, 0.0, 0.0, 0.0, 1.0],
                [0.999358, -0.024898, 0.025781, -0.0, 0.027301, 0.99486, -0.097512, 0.3, -0.023221, 0.098153, 0.994901, 0.0, 0.0, 0.0, 0.0, 1.0],
                [0.962327, -0.035711, 0.269541, 0.0, 0.061683, 0.994164, -0.088508, 0.3, -0.264807, 0.101799, 0.958913, -0.0, 0.0, 0.0, 0.0, 1.0]
            ]
        },
        {
            "name": "Head",
            "time": [0.0, 0.5333],
            "transform": [
                [0.999977, -0.003059, 0.006142, 0.0, 0.004819, 0.95027, -0.31139, 0.4, -0.004884, 0.311413, 0.950262, -0.0, 0.0, 0.0, 0.0, 1.0],
                [0.999977, -0.003059, 0.006142, 0.0, 0.004819, 0.95027, -0.31139, 0.4, -0.004884, 0.311413, 0.950262, -0.0, 0.0, 0.0, 0.0, 1.0]
            ]
        },
        {
            "name": "Shoulder_R",
            "time": [0.0, 0.2667, 0.5333],
            "transform": [
                [0.249757, 0.920197, 0.301428, 0.0, -0.05504, -0.297298, 0.953197, 0.4, 0.966743, -0.254658, -0.023605, -0.0, 0.0, 0.0, 0.0, 1.0],
                [-0.188399, 0.934691, 0.301428, -0.0, 0.083808, -0.290503, 0.953197, 0.4, 0.97851, 0.204843, -0.023605, 0.0, 0.0, 0.0, 0.0, 1.0],
                [0.249757, 0.920197, 0.301428, 0.0, -0.05504, -0.297298, 0.953197, 0.4, 0.966743, -0.254658, -0.023605, -0.0, 0.0, 0.0, 0.0, 1.0]
            ]
        },
        {
            "name": "Arm_R",
            "time": [0.0, 0.15, 0.2667, 0.4167, 0.5333],
            "transform": [
                [-0.011064, -0.865268, -0.501188, -0.0, 0.845585, 0.259434, -0.466562, 0.393861, 0.533726, -0.428959, 0.728787, -0.0, 0.0, 0.0, 0.0, 1.0],
                [-0.020106, -0.050132, -0.99854, -0.0, 0.925429, 0.377055, -0.037564, 0.39386, 0.378388, -0.924833, 0.038812, -0.0, 0.0, 0.0, 0.0, 1.0],
                [-0.011064, 0.55516, -0.83167, 0.0, 0.845585, 0.449133, 0.288558, 0.39386, 0.533726, -0.700055, -0.474404, -0.0, 0.0, 0.0, 0.0, 1.0],
                [-0.066624, -0.387824, -0.919323, 0.0, 0.906005, 0.362467, -0.218568, 0.393861, 0.417991, -0.847473, 0.327221, 0.0, 0.0, 0.0, 0.0, 1.0],
                [-0.011064, -0.865268, -0.501188, -0.0, 0.845585, 0.259434, -0.466562, 0.393861, 0.533726, -0.428959, 0.728787, -0.0, 0.0, 0.0, 0.0, 1.0]
            ]
        },
        {
            "name": "Hand_R",
            "time": [0.0, 0.5333],
            "transform": [
                [0.999985, 0.002643, 0.004882, 0.0, -0.00125, 0.964008, -0.26587, 0.3, -0.005409, 0.26586, 0.963997, -0.0, 0.0, 0.0, 0.0, 1.0],
                [0.999985, 0.002643, 0.004882, 0.0, -0.00125, 0.964008, -0.26587, 0.3, -0.005409, 0.26586, 0.963997, -0.0, 0.0, 0.0, 0.0, 1.0]
            ]
        },
        {
            "name": "Tool_R",
            "time": [0.0, 0.0167, 0.0333, 0.05, 0.0667, 0.0833, 0.1, 0.1333, 0.15, 0.1667, 0.1833, 0.2, 0.2167, 0.2333, 0.25, 0.2667, 0.3, 0.3167, 0.3333, 0.35, 0.3667, 0.3833, 0.4, 0.4167, 0.4333, 0.45, 0.4667, 0.5, 0.5333],
            "transform": [
                [0.860215, -0.340877, 0.379254, -0.603187, -0.234518, 0.395957, 0.887817, 0.429082, -0.452539, -0.852146, 0.260522, 0.124336, 0.0, 0.0, 0.0, 1.0],
                [0.861116, -0.339476, 0.378463, -0.603858, -0.22711, 0.409155, 0.883749, 0.429014, -0.454595, -0.846458, 0.275078, 0.134251, 0.0, 0.0, 0.0, 1.0],
                [0.865686, -0.331644, 0.374967, -0.604057, -0.20011, 0.457333, 0.866489, 0.429892, -0.458581, -0.824648, 0.329356, 0.168728, 0.0, 0.0, 0.0, 1.0],
                [0.875276, -0.317134, 0.365127, -0.607909, -0.154466, 0.53212, 0.832459, 0.426304, -0.458023, -0.784561, 0.416528, 0.22687, 0.0, 0.0, 0.0, 1.0],
                [0.888941, -0.29542, 0.350015, -0.613746, -0.09316, 0.631594, 0.769682, 0.4099, -0.448182, -0.716378, 0.533621, 0.306563, 0.0, 0.0, 0.0, 1.0],
                [0.9077, -0.269356, 0.321758, -0.627936, -0.018112, 0.74092, 0.671349, 0.373918, -0.418981, -0.614839, 0.667266, 0.401356, 0.0, 0.0, 0.0, 1.0],
                [0.92593, -0.247243, 0.285525, -0.647022, 0.054828, 0.835948, 0.546063, 0.318923, -0.373472, -0.489663, 0.787125, 0.493617, 0.0, 0.0, 0.0, 1.0],
                [0.956473, -0.228252, 0.181827, -0.70862, 0.177643, 0.949737, 0.257766, 0.162189, -0.231385, -0.214109, 0.948385, 0.630348, 0.0, 0.0, 0.0, 1.0],
                [0.964459, -0.230364, 0.129426, -0.743893, 0.21429, 0.968486, 0.126944, 0.080999, -0.154497, -0.094631, 0.982849, 0.666068, 0.0, 0.0, 0.0, 1.0],
                [0.963177, -0.256524, 0.080539, -0.778477, 0.257512, 0.966273, -0.001959, -0.008805, -0.077271, 0.022623, 0.99616, 0.68906, 0.0, 0.0, 0.0, 1.0],
                [0.957158, -0.286678, 0.040795, -0.811719, 0.289551, 0.946115, -0.14501, -0.121689, 0.002976, 0.15053, 0.988002, 0.703774, 0.0, 0.0, 0.0, 1.0],
                [0.942906, -0.332552, 0.018372, -0.836821, 0.323986, 0.903036, -0.28206, -0.242539, 0.077167, 0.271757, 0.95865, 0.70469, 0.0, 0.0, 0.0, 1.0],
                [0.927296, -0.374326, 0.001723, -0.855051, 0.343138, 0.848177, -0.403548, -0.357724, 0.149512, 0.374586, 0.914411, 0.690526, 0.0, 0.0, 0.0, 1.0],
                [0.914938, -0.403592, 0.001607, -0.861975, 0.352446, 0.797037, -0.490421, -0.444712, 0.196536, 0.449014, 0.870963, 0.671626, 0.0, 0.0, 0.0, 1.0],
                [0.905518, -0.424307, 0.001015, -0.865378, 0.358689, 0.764198, -0.536043, -0.495046, 0.226541, 0.485481, 0.843684, 0.657644, 0.0, 0.0, 0.0, 1.0],
                [0.901696, -0.432363, 0.002575, -0.866046, 0.361551, 0.750724, -0.552897, -0.512212, 0.236982, 0.499189, 0.832746, 0.651649, 0.0, 0.0, 0.0, 1.0],
                [0.912482, -0.40889, 0.013611, -0.856437, 0.362749, 0.793233, -0.489075, -0.457111, 0.189073, 0.450951, 0.871614, 0.673953, 0.0, 0.0, 0.0, 1.0],
                [0.922135, -0.386181, 0.023048, -0.848364, 0.361906, 0.84005, -0.404153, -0.385404, 0.136638, 0.380809, 0.913855, 0.697762, 0.0, 0.0, 0.0, 1.0],
                [0.93268, -0.358063, 0.043573, -0.831347, 0.355313, 0.891205, -0.281968, -0.282976, 0.062097, 0.278313, 0.957863, 0.716693, 0.0, 0.0, 0.0, 1.0],
                [0.941989, -0.327489, 0.073538, -0.805373, 0.334539, 0.93384, -0.126595, -0.156869, -0.027194, 0.143778, 0.988638, 0.721386, 0.0, 0.0, 0.0, 1.0],
                [0.948908, -0.292627, 0.118083, -0.771497, 0.288351, 0.956101, 0.052196, -0.019843, -0.128094, -0.015461, 0.991044, 0.703949, 0.0, 0.0, 0.0, 1.0],
                [0.948852, -0.268152, 0.166656, -0.733543, 0.22981, 0.948549, 0.217815, 0.10614, -0.216358, -0.168265, 0.961089, 0.662684, 0.0, 0.0, 0.0, 1.0],
                [0.943039, -0.252596, 0.2165, -0.694607, 0.162347, 0.917441, 0.363242, 0.209881, -0.290206, -0.307212, 0.905659, 0.606743, 0.0, 0.0, 0.0, 1.0],
                [0.932455, -0.242297, 0.267991, -0.659298, 0.092031, 0.876599, 0.472339, 0.286622, -0.349159, -0.415516, 0.839196, 0.547403, 0.0, 0.0, 0.0, 1.0],
                [0.917256, -0.248061, 0.311619, -0.630238, 0.024935, 0.816608, 0.576654, 0.345571, -0.39728, -0.520852, 0.754784, 0.478626, 0.0, 0.0, 0.0, 1.0],
                [0.900832, -0.263162, 0.345322, -0.609557, -0.044051, 0.73586, 0.675699, 0.392712, -0.431672, -0.623526, 0.650915, 0.396703, 0.0, 0.0, 0.0, 1.0],
                [0.883631, -0.288891, 0.368427, -0.60001, -0.109945, 0.636881, 0.763082, 0.422424, -0.454823, -0.71436, 0.530699, 0.307386, 0.0, 0.0, 0.0, 1.0],
                [0.863418, -0.330478, 0.381173, -0.599657, -0.205095, 0.460366, 0.863712, 0.433897, -0.460646, -0.823429, 0.329523, 0.168767, 0.0, 0.0, 0.0, 1.0],
                [0.860215, -0.340877, 0.379254, -0.603187, -0.234518, 0.395957, 0.887817, 0.429082, -0.452539, -0.852146, 0.260522, 0.124336, 0.0, 0.0, 0.0, 1.0]
            ]
        },
        {
            "name": "Elbow_R",
            "time": [0.0, 0.5333],
            "transform": [
                [-1.0, 0.0, -0.0, 0.0, 0.0, -0.0, -1.0, 0.3, -0.0, -1.0, 0.0, -0.0, 0.0, 0.0, 0.0, 1.0],
                [-1.0, 0.0, -0.0, 0.0, 0.0, -0.0, -1.0, 0.3, -0.0, -1.0, 0.0, -0.0, 0.0, 0.0, 0.0, 1.0]
            ]
        },
        {
            "name": "Shoulder_L",
            "time": [0.0, 0.5333],
            "transform": [
                [0.088499, -0.949454, -0.301172, 0.0, -0.003902, -0.302687, 0.953082, 0.4, -0.996068, -0.083172, -0.030493, -0.0, 0.0, 0.0, 0.0, 1.0],
                [0.088499, -0.949454, -0.301172, 0.0, -0.003902, -0.302687, 0.953082, 0.4, -0.996068, -0.083172, -0.030493, -0.0, 0.0, 0.0, 0.0, 1.0]
            ]
        },
        {
            "name": "Arm_L",
            "time": [0.0, 0.5333],
            "transform": [
                [0.022957, -0.490115, 0.871355, 0.0, -0.901234, 0.36711, 0.230234, 0.39386, -0.432724, -0.79058, -0.433281, -0.0, 0.0, 0.0, 0.0, 1.0],
                [0.022957, -0.490115, 0.871355, 0.0, -0.901234, 0.36711, 0.230234, 0.39386, -0.432724, -0.79058, -0.433281, -0.0, 0.0, 0.0, 0.0, 1.0]
            ]
        },
        {
            "name": "Hand_L",
            "time": [0.0, 0.5333],
            "transform": [
                [0.99932, -0.016342, 0.033063, 0.0, 0.03687, 0.465222, -0.884426, 0.3, -0.000929, 0.885044, 0.465508, -0.0, 0.0, 0.0, 0.0, 1.0],
                [0.99932, -0.016342, 0.033063, 0.0, 0.03687, 0.465222, -0.884426, 0.3, -0.000929, 0.885044, 0.465508, -0.0, 0.0, 0.0, 0.0, 1.0]
            ]
        },
        {
            "name": "Tool_L",
            "time": [0.0, 0.5333],
            "transform": [
                [1.0, -0.0, 0.0, 0.0, 0.0, -0.921969, -0.387263, 0.255033, 0.0, 0.387025, -0.921431, 0.181343, 0.0, 0.0, 0.0, 1.0],
                [1.0, -0.0, 0.0, 0.0, 0.0, -0.921969, -0.387263, 0.255033, 0.0, 0.387025, -0.921431, 0.181343, 0.0, 0.0, 0.0, 1.0]
            ]
        },
        {
            "name": "Elbow_L",
            "time": [0.0, 0.5333],
            "transform": [
                [-1.0, 0.0, -0.0, 0.0, 0.0, 0.222608, -0.974908, 0.3, -0.0, -0.974908, -0.222608, -0.0, 0.0, 0.0, 0.0, 1.0],
                [-1.0, 0.0, -0.0, 0.0, 0.0, 0.222608, -0.974908, 0.3, -0.0, -0.974908, -0.222608, -0.0, 0.0, 0.0, 0.0, 1.0]
            ]
        }
    ]
}