{
    
    "animation": [
        {
            "name": "Root",
            "time": [0.0, 0.2, 0.4, 0.6, 0.8],
            "transform": [
                [0.983033, 0.030206, -0.180925, -0.000981, -0.182262, 0.04973, -0.981992, -0.000661, -0.020665, 0.998306, 0.054392, 0.723465, 0.0, 0.0, 0.0, 1.0],
                [0.983033, 0.030206, -0.180925, 0.000439, -0.182262, 0.04973, -0.981992, 0.001677, -0.020665, 0.998306, 0.054392, 0.770383, 0.0, 0.0, 0.0, 1.0],
                [0.983033, 0.030206, -0.180925, -0.001113, -0.182262, 0.04973, -0.981992, -0.000879, -0.020665, 0.998306, 0.054392, 0.71908, 0.0, 0.0, 0.0, 1.0],
                [0.983033, 0.030206, -0.180925, 0.000271, -0.182262, 0.04973, -0.981992, 0.0014, -0.020665, 0.998306, 0.054392, 0.764834, 0.0, 0.0, 0.0, 1.0],
                [0.983033, 0.030206, -0.180925, -0.000981, -0.182262, 0.04973, -0.981992, -0.000661, -0.020665, 0.998306, 0.054392, 0.723465, 0.0, 0.0, 0.0, 1.0]
            ]
        },
        {
            "name": "Thigh_R",
            "time": [0.0, 0.2, 0.4, 0.6, 0.8],
            "transform": [
                [0.983488, 0.073705, -0.165284, 0.124994, 0.057103, -0.993034, -0.103048, -0.002831, -0.171728, 0.091909, -0.980848, -1.2e-05, 0.0, 0.0, 0.0, 1.0],
                [0.983488, -0.036034, -0.17735, 0.124994, 0.057103, -0.868127, 0.493044, -0.002831, -0.171729, -0.495028, -0.851737, -1.2e-05, 0.0, 0.0, 0.0, 1.0],
                [0.983487, -0.059328, -0.170972, 0.124994, 0.057103, -0.794743, 0.604252, -0.002831, -0.171729, -0.604035, -0.778235, -1.2e-05, 0.0, 0.0, 0.0, 1.0],
                [0.983488, 0.01261, -0.180534, 0.124994, 0.057103, -0.96823, 0.243448, -0.002831, -0.171728, -0.249736, -0.952965, -1.2e-05, 0.0, 0.0, 0.0, 1.0],
                [0.983488, 0.073705, -0.165284, 0.124994, 0.057103, -0.993034, -0.103048, -0.002831, -0.171728, 0.091909, -0.980848, -1.2e-05, 0.0, 0.0, 0.0, 1.0]
            ]
        },
        {
            "name": "Leg_R",
            "time": [0.0, 0.2, 0.4, 0.6, 0.8],
            "transform": [
                [1.0, -0.0, 2e-06, 0.0, -0.0, 0.940085, 0.340943, 0.37472, -2e-06, -0.340944, 0.940083, 0.0, 0.0, 0.0, 0.0, 1.0],
                [1.0, -2e-06, 1e-06, 0.0, -0.0, 0.321142, 0.947031, 0.37472, -2e-06, -0.947032, 0.321141, 0.0, 0.0, 0.0, 0.0, 1.0],
                [1.0, -0.0, 2e-06, -0.0, -0.0, 0.956259, 0.292525, 0.37472, -2e-06, -0.292525, 0.956257, 0.0, 0.0, 0.0, 0.0, 1.0],
                [1.0, -0.0, 2e-06, -0.0, -0.0, 0.982124, 0.188239, 0.37472, -2e-06, -0.188239, 0.982122, 0.0, 0.0, 0.0, 0.0, 1.0],
                [1.0, -0.0, 2e-06, 0.0, -0.0, 0.940085, 0.340943, 0.37472, -2e-06, -0.340944, 0.940083, 0.0, 0.0, 0.0, 0.0, 1.0]
            ]
        },
        {
            "name": "Knee_R",
            "time": [0.0, 0.2, 0.6, 0.8],
            "transform": [
                [1.0, 0.0, -0.0, 0.0, -0.0, 1e-06, -1.0, 0.37472, -0.0, 1.0, 1e-06, 0.0, 0.0, 0.0, 0.0, 1.0],
                [1.0, 0.0, -0.0, 0.0, -0.0, 0.399663, -0.916662, 0.37472, -0.0, 0.916662, 0.399663, 0.0, 0.0, 0.0, 0.0, 1.0],
                [1.0, 0.0, -0.0, -0.0, -0.0, 0.124602, -0.992207, 0.37472, -0.0, 0.992207, 0.124602, 0.0, 0.0, 0.0, 0.0, 1.0],
                [1.0, 0.0, -0.0, 0.0, -0.0, 1e-06, -1.0, 0.37472, -0.0, 1.0, 1e-06, 0.0, 0.0, 0.0, 0.0, 1.0]
            ]
        },
        {
            "name": "Thigh_L",
            "time": [0.0, 0.2, 0.4, 0.6, 0.8],
            "transform": [
                [0.990029, -0.080044, -0.115905, -0.125006, 0.005858, -0.798742, 0.601645, -0.002831, -0.140736, -0.596326, -0.790309, -1.2e-05, 0.0, 0.0, 0.0, 1.0],
                [0.990029, -0.017428, -0.139776, -0.125006, 0.005858, -0.986364, 0.164475, -0.002831, -0.140736, -0.163653, -0.976427, -1.2e-05, 0.0, 0.0, 0.0, 1.0],
                [0.990029, 0.033187, -0.136893, -0.125006, 0.005858, -0.980708, -0.19539, -0.002831, -0.140736, 0.192641, -0.971124, -1.2e-05, 0.0, 0.0, 0.0, 1.0],
                [0.990029, -0.065665, -0.124616, -0.125006, 0.005858, -0.864732, 0.502198, -0.002831, -0.140736, -0.497921, -0.855726, -1.2e-05, 0.0, 0.0, 0.0, 1.0],
                [0.990029, -0.080044, -0.115905, -0.125006, 0.005858, -0.798742, 0.601645, -0.002831, -0.140736, -0.596326, -0.790309, -1.2e-05, 0.0, 0.0, 0.0, 1.0]
            ]
        },
        {
            "name": "Leg_L",
            "time": [0.0, 0.2, 0.4, 0.6, 0.8],
            "transform": [
                [1.0, -1e-06, 1e-06, -0.0, 0.0, 0.927167, 0.374647, 0.37472, -1e-06, -0.374647, 0.927168, -0.0, 0.0, 0.0, 0.0, 1.0],
                [1.0, -0.0, 1e-06, 0.0, 0.0, 0.992329, 0.123627, 0.37472, -1e-06, -0.123627, 0.992329, 0.0, 0.0, 0.0, 0.0, 1.0],
                [1.0, -1e-06, 0.0, 0.0, 0.0, 0.718099, 0.695941, 0.37472, -1e-06, -0.695941, 0.718099, 0.0, 0.0, 0.0, 0.0, 1.0],
                [1.0, -1e-06, -0.0, 0.0, 0.0, 0.246873, 0.969048, 0.37472, -1e-06, -0.969048, 0.246874, -0.0, 0.0, 0.0, 0.0, 1.0],
                [1.0, -1e-06, 1e-06, -0.0, 0.0, 0.927167, 0.374647, 0.37472, -1e-06, -0.374647, 0.927168, -0.0, 0.0, 0.0, 0.0, 1.0]
            ]
        },
        {
            "name": "Knee_L",
            "time": [0.0, 0.2, 0.4, 0.6, 0.8],
            "transform": [
                [1.0, 0.0, -0.0, -0.0, -0.0, 0.265511, -0.964108, 0.37472, -0.0, 0.964108, 0.265511, -0.0, 0.0, 0.0, 0.0, 1.0],
                [1.0, 0.0, -0.0, 0.0, -0.0, 0.075222, -0.997167, 0.37472, -0.0, 0.997167, 0.075222, 0.0, 0.0, 0.0, 0.0, 1.0],
                [1.0, 0.0, -0.0, 0.0, -0.0, 0.234736, -0.972059, 0.37472, -0.0, 0.972059, 0.234736, 0.0, 0.0, 0.0, 0.0, 1.0],
                [1.0, 0.0, -0.0, 0.0, -0.0, 0.590697, -0.806894, 0.37472, -0.0, 0.806894, 0.590697, -0.0, 0.0, 0.0, 0.0, 1.0],
                [1.0, 0.0, -0.0, -0.0, -0.0, 0.265511, -0.964108, 0.37472, -0.0, 0.964108, 0.265511, -0.0, 0.0, 0.0, 0.0, 1.0]
            ]
        },
        {
            "name": "Torso",
            "time": [0.0, 0.2, 0.4, 0.6, 0.8],
            "transform": [
                [0.995732, 1.5e-05, 0.092296, 0.0, -0.006707, 0.997368, 0.072196, 0.05, -0.092052, -0.072507, 0.993111, -0.0, 0.0, 0.0, 0.0, 1.0],
                [0.980451, 1.5e-05, 0.196763, 0.0, -0.014282, 0.997368, 0.071086, 0.05, -0.196244, -0.072507, 0.977871, -0.0, 0.0, 0.0, 0.0, 1.0],
                [0.958788, 1.5e-05, 0.284122, 0.0, -0.020616, 0.997368, 0.069514, 0.05, -0.283373, -0.072507, 0.956265, -0.0, 0.0, 0.0, 0.0, 1.0],
                [0.980451, 1.5e-05, 0.196763, 0.0, -0.014282, 0.997368, 0.071086, 0.05, -0.196244, -0.072507, 0.977871, -0.0, 0.0, 0.0, 0.0, 1.0],
                [0.995732, 1.5e-05, 0.092296, 0.0, -0.006707, 0.997368, 0.072196, 0.05, -0.092052, -0.072507, 0.993111, -0.0, 0.0, 0.0, 0.0, 1.0]
            ]
        },
        {
            "name": "Chest",
            "time": [0.0, 0.8],
            "transform": [
                [0.999979, -0.006367, -0.001484, 0.0, 0.006268, 0.998223, -0.059255, 0.3, 0.001858, 0.059244, 0.998242, -0.0, 0.0, 0.0, 0.0, 1.0],
                [0.999979, -0.006367, -0.001484, 0.0, 0.006268, 0.998223, -0.059255, 0.3, 0.001858, 0.059244, 0.998242, -0.0, 0.0, 0.0, 0.0, 1.0]
            ]
        },
        {
            "name": "Head",
            "time": [0.0, 0.4, 0.8],
            "transform": [
                [0.99517, -0.028362, 0.093979, -0.0, 0.033448, 0.998034, -0.052995, 0.4, -0.092291, 0.055883, 0.994163, 0.0, 0.0, 0.0, 0.0, 1.0],
                [0.9946, -0.035309, -0.097588, -0.0, 0.030957, 0.998473, -0.045756, 0.4, 0.099055, 0.042488, 0.994175, -0.0, 0.0, 0.0, 0.0, 1.0],
                [0.99517, -0.028362, 0.093979, -0.0, 0.033448, 0.998034, -0.052995, 0.4, -0.092291, 0.055883, 0.994163, 0.0, 0.0, 0.0, 0.0, 1.0]
            ]
        },
        {
            "name": "Shoulder_R",
            "time": [0.0, 0.8],
            "transform": [
                [0.089555, 0.949274, 0.301428, -0.0, -0.003656, -0.302328, 0.953197, 0.4, 0.995975, -0.086466, -0.023605, 0.0, 0.0, 0.0, 0.0, 1.0],
                [0.089555, 0.949274, 0.301428, -0.0, -0.003656, -0.302328, 0.953197, 0.4, 0.995975, -0.086466, -0.023605, 0.0, 0.0, 0.0, 0.0, 1.0]
            ]
        },
        {
            "name": "Arm_R",
            "time": [0.0, 0.4, 0.8],
            "transform": [
                [-0.073775, -0.339196, -0.937818, 0.0, 0.921734, 0.335828, -0.193974, 0.39386, 0.38074, -0.87873, 0.287873, -0.0, 0.0, 0.0, 0.0, 1.0],
                [0.054134, 0.510474, -0.858187, 0.0, 0.934539, 0.276827, 0.223615, 0.39386, 0.351719, -0.814115, -0.462072, -0.0, 0.0, 0.0, 0.0, 1.0],
                [-0.073775, -0.339196, -0.937818, 0.0, 0.921734, 0.335828, -0.193974, 0.39386, 0.38074, -0.87873, 0.287873, -0.0, 0.0, 0.0, 0.0, 1.0]
            ]
        },
        {
            "name": "Hand_R",
            "time": [0.0, 0.8],
            "transform": [
                [0.999985, 0.002643, 0.004882, 0.0, -0.00125, 0.964008, -0.26587, 0.3, -0.005409, 0.26586, 0.963997, 0.0, 0.0, 0.0, 0.0, 1.0],
                [0.999985, 0.002643, 0.004882, 0.0, -0.00125, 0.964008, -0.26587, 0.3, -0.005409, 0.26586, 0.963997, 0.0, 0.0, 0.0, 0.0, 1.0]
            ]
        },
        {
            "name": "Tool_R",
            "time": [0.0, 0.05, 0.1, 0.1167, 0.15, 0.2, 0.25, 0.3, 0.4, 0.5, 0.55, 0.5667, 0.6333, 0.6667, 0.7333, 0.8],
            "transform": [
                [0.938732, -0.203119, 0.278432, -0.638172, 0.068018, 0.901172, 0.428094, 0.291047, -0.337668, -0.382691, 0.85927, 0.562081, 0.0, 0.0, 0.0, 1.0],
                [0.939913, -0.202, 0.275244, -0.639958, 0.078509, 0.912463, 0.401556, 0.276629, -0.332067, -0.355599, 0.872982, 0.576678, 0.0, 0.0, 0.0, 1.0],
                [0.944565, -0.195595, 0.263702, -0.647395, 0.104813, 0.940791, 0.322376, 0.231065, -0.310958, -0.276692, 0.908605, 0.615976, 0.0, 0.0, 0.0, 1.0],
                [0.947042, -0.1919, 0.25746, -0.650271, 0.116037, 0.952122, 0.28284, 0.207976, -0.299232, -0.237835, 0.923424, 0.633465, 0.0, 0.0, 0.0, 1.0],
                [0.951648, -0.186994, 0.243719, -0.65875, 0.14265, 0.971657, 0.188503, 0.150539, -0.271897, -0.144526, 0.950789, 0.671094, 0.0, 0.0, 0.0, 1.0],
                [0.958282, -0.185326, 0.217602, -0.674925, 0.186213, 0.982369, 0.01661, 0.041746, -0.216713, 0.024599, 0.975318, 0.721282, 0.0, 0.0, 0.0, 1.0],
                [0.964788, -0.182589, 0.189328, -0.693716, 0.213228, 0.964383, -0.156524, -0.074822, -0.153911, 0.19128, 0.968782, 0.752102, 0.0, 0.0, 0.0, 1.0],
                [0.968638, -0.184661, 0.166254, -0.707429, 0.227774, 0.927269, -0.297138, -0.17339, -0.099231, 0.325505, 0.939689, 0.760613, 0.0, 0.0, 0.0, 1.0],
                [0.968746, -0.196062, 0.151958, -0.719707, 0.242096, 0.880769, -0.406983, -0.254033, -0.054012, 0.430806, 0.90017, 0.75619, 0.0, 0.0, 0.0, 1.0],
                [0.967351, -0.185073, 0.17315, -0.706173, 0.230328, 0.927021, -0.295939, -0.172546, -0.105678, 0.325975, 0.938823, 0.760135, 0.0, 0.0, 0.0, 1.0],
                [0.964183, -0.183654, 0.191372, -0.693159, 0.215011, 0.963667, -0.158477, -0.075591, -0.15522, 0.193843, 0.968064, 0.751378, 0.0, 0.0, 0.0, 1.0],
                [0.961903, -0.185719, 0.200627, -0.685868, 0.208754, 0.972806, -0.100349, -0.037047, -0.176428, 0.138337, 0.973937, 0.744032, 0.0, 0.0, 0.0, 1.0],
                [0.953526, -0.186548, 0.236617, -0.663847, 0.158339, 0.978352, 0.133251, 0.116264, -0.256199, -0.089529, 0.961854, 0.689865, 0.0, 0.0, 0.0, 1.0],
                [0.948379, -0.195247, 0.24991, -0.654451, 0.135208, 0.961739, 0.238278, 0.181072, -0.2867, -0.192064, 0.937939, 0.652184, 0.0, 0.0, 0.0, 1.0],
                [0.940645, -0.202279, 0.272524, -0.642092, 0.088506, 0.921396, 0.378412, 0.264579, -0.327453, -0.331625, 0.88409, 0.587296, 0.0, 0.0, 0.0, 1.0],
                [0.938732, -0.203119, 0.278432, -0.638172, 0.068018, 0.901172, 0.428094, 0.291047, -0.337668, -0.382691, 0.85927, 0.562081, 0.0, 0.0, 0.0, 1.0]
            ]
        },
        {
            "name": "Elbow_R",
            "time": [0.0, 0.8],
            "transform": [
                [-1.0, 0.0, -0.0, 0.0, 0.0, -0.0, -1.0, 0.3, -0.0, -1.0, 0.0, 0.0, 0.0, 0.0, 0.0, 1.0],
                [-1.0, 0.0, -0.0, 0.0, 0.0, -0.0, -1.0, 0.3, -0.0, -1.0, 0.0, 0.0, 0.0, 0.0, 0.0, 1.0]
            ]
        },
        {
            "name": "Shoulder_L",
            "time": [0.0, 0.8],
            "transform": [
                [0.088499, -0.949454, -0.301172, -0.0, -0.003902, -0.302687, 0.953082, 0.4, -0.996069, -0.083172, -0.030493, 0.0, 0.0, 0.0, 0.0, 1.0],
                [0.088499, -0.949454, -0.301172, -0.0, -0.003902, -0.302687, 0.953082, 0.4, -0.996069, -0.083172, -0.030493, 0.0, 0.0, 0.0, 0.0, 1.0]
            ]
        },
        {
            "name": "Arm_L",
            "time": [0.0, 0.8],
            "transform": [
                [0.022957, -0.490115, 0.871355, -0.0, -0.901234, 0.36711, 0.230234, 0.39386, -0.432724, -0.79058, -0.433281, 0.0, 0.0, 0.0, 0.0, 1.0],
                [0.022957, -0.490115, 0.871355, -0.0, -0.901234, 0.36711, 0.230234, 0.39386, -0.432724, -0.79058, -0.433281, 0.0, 0.0, 0.0, 0.0, 1.0]
            ]
        },
        {
            "name": "Hand_L",
            "time": [0.0, 0.8],
            "transform": [
                [0.99932, -0.016342, 0.033063, -0.0, 0.036869, 0.465222, -0.884426, 0.3, -0.000929, 0.885044, 0.465508, -0.0, 0.0, 0.0, 0.0, 1.0],
                [0.99932, -0.016342, 0.033063, -0.0, 0.036869, 0.465222, -0.884426, 0.3, -0.000929, 0.885044, 0.465508, -0.0, 0.0, 0.0, 0.0, 1.0]
            ]
        },
        {
            "name": "Tool_L",
            "time": [0.0, 0.8],
            "transform": [
                [1.0, -0.0, 0.0, -0.0, 0.0, -0.92197, -0.387263, 0.255033, 0.0, 0.387025, -0.921431, 0.181343, 0.0, 0.0, 0.0, 1.0],
                [1.0, -0.0, 0.0, -0.0, 0.0, -0.92197, -0.387263, 0.255033, 0.0, 0.387025, -0.921431, 0.181343, 0.0, 0.0, 0.0, 1.0]
            ]
        },
        {
            "name": "Elbow_L",
            "time": [0.0, 0.8],
            "transform": [
                [-1.0, 0.0, -0.0, -0.0, 0.0, 0.222608, -0.974908, 0.3, -0.0, -0.974908, -0.222608, -0.0, 0.0, 0.0, 0.0, 1.0],
                [-1.0, 0.0, -0.0, -0.0, 0.0, 0.222608, -0.974908, 0.3, -0.0, -0.974908, -0.222608, -0.0, 0.0, 0.0, 0.0, 1.0]
            ]
        }
    ]
}