{
    "animation": [
        {
            "name": "Root",
            "time": [0.0, 1.4, 3.1833],
            "transform": [
                [0.999974, 0.007246, 0.0, 0.01051, -0.007246, 0.999923, -0.010028, -0.335454, -7.3e-05, 0.010028, 0.99995, 0.469553, 0.0, 0.0, 0.0, 1.0],
                [0.999974, 0.007246, 0.0, 0.010628, -0.007246, 0.999923, -0.010028, -0.319205, -7.3e-05, 0.010028, 0.99995, 0.469716, 0.0, 0.0, 0.0, 1.0],
                [0.999974, 0.007246, 0.0, 0.01051, -0.007246, 0.999923, -0.010028, -0.335454, -7.3e-05, 0.010028, 0.99995, 0.469553, 0.0, 0.0, 0.0, 1.0]
            ]
        },
        {
            "name": "LowerTorso",
            "time": [0.0, 1.4, 3.1833],
            "transform": [
                [1.0, -6.9e-05, -0.000107, 0.0, 7e-05, 0.999941, 0.010897, 0.093686, 0.000107, -0.010897, 0.999941, 0.0, 0.0, 0.0, 0.0, 1.0],
                [1.0, -6.9e-05, -0.000107, -0.0, 7e-05, 0.999941, 0.010897, 0.093686, 0.000107, -0.010897, 0.999941, -0.0, 0.0, 0.0, 0.0, 1.0],
                [1.0, -6.9e-05, -0.000107, 0.0, 7e-05, 0.999941, 0.010897, 0.093686, 0.000107, -0.010897, 0.999941, 0.0, 0.0, 0.0, 0.0, 1.0]
            ]
        },
        {
            "name": "UpperTorso",
            "time": [0.0, 1.4, 3.1833],
            "transform": [
                [0.999999, -0.001364, 9e-05, 0.0, 0.001365, 0.999885, -0.015068, 0.278282, -7e-05, 0.015068, 0.999886, -0.0, 0.0, 0.0, 0.0, 1.0],
                [0.999999, -0.001366, 4.2e-05, 0.0, 0.001365, 0.999786, 0.020625, 0.278282, -7e-05, -0.020625, 0.999787, -0.0, 0.0, 0.0, 0.0, 1.0],
                [0.999999, -0.001364, 9e-05, 0.0, 0.001365, 0.999885, -0.015068, 0.278282, -7e-05, 0.015068, 0.999886, -0.0, 0.0, 0.0, 0.0, 1.0]
            ]
        },
        {
            "name": "Neck",
            "time": [0.0, 1.4, 3.1833],
            "transform": [
                [0.999816, 0.005675, -0.018314, -0.0, -0.011514, 0.941499, -0.336821, 0.249878, 0.015331, 0.33697, 0.941391, 0.0, 0.0, 0.0, 0.0, 1.0],
                [0.999816, 0.005675, -0.018314, 0.0, -0.011514, 0.941498, -0.336821, 0.249878, 0.015331, 0.33697, 0.941391, -0.0, 0.0, 0.0, 0.0, 1.0],
                [0.999816, 0.005675, -0.018314, -0.0, -0.011514, 0.941499, -0.336821, 0.249878, 0.015331, 0.33697, 0.941391, 0.0, 0.0, 0.0, 0.0, 1.0]
            ]
        },
        {
            "name": "Head",
            "time": [0.0, 1.4, 3.1833],
            "transform": [
                [0.997937, 0.006884, 0.063833, -0.0, 0.057667, 0.340937, -0.938316, 0.137004, -0.028222, 0.940061, 0.339836, 0.0, 0.0, 0.0, 0.0, 1.0],
                [0.997937, 0.000305, 0.064202, 0.0, 0.057667, 0.43531, -0.898432, 0.137004, -0.028222, 0.900281, 0.434394, -0.0, 0.0, 0.0, 0.0, 1.0],
                [0.997937, 0.006884, 0.063833, -0.0, 0.057667, 0.340937, -0.938316, 0.137004, -0.028222, 0.940061, 0.339836, 0.0, 0.0, 0.0, 0.0, 1.0]
            ]
        },
        {
            "name": "LeftEar",
            "time": [0.0, 1.4, 3.1833],
            "transform": [
                [-0.104439, -0.56692, 0.817126, -0.101367, -0.001239, 0.821693, 0.569929, 0.171563, -0.994531, 0.058511, -0.086519, -0.224689, 0.0, 0.0, 0.0, 1.0],
                [-0.104439, -0.56692, 0.817126, -0.101367, -0.001239, 0.821693, 0.569929, 0.171563, -0.994531, 0.058511, -0.086519, -0.224689, 0.0, 0.0, 0.0, 1.0],
                [-0.104439, -0.56692, 0.817126, -0.101367, -0.001239, 0.821693, 0.569929, 0.171563, -0.994531, 0.058511, -0.086519, -0.224689, 0.0, 0.0, 0.0, 1.0]
            ]
        },
        {
            "name": "Snout",
            "time": [0.0, 1.4, 3.1833],
            "transform": [
                [0.997057, 0.053128, 0.055261, 0.009731, -0.053866, -0.027342, 0.998174, -0.004657, 0.054542, -0.998213, -0.0244, -0.250305, 0.0, 0.0, 0.0, 1.0],
                [0.997057, 0.053128, 0.055261, 0.009731, -0.053866, -0.027342, 0.998174, -0.004657, 0.054542, -0.998213, -0.0244, -0.250305, 0.0, 0.0, 0.0, 1.0],
                [0.997057, 0.053128, 0.055261, 0.009731, -0.053866, -0.027342, 0.998174, -0.004657, 0.054542, -0.998213, -0.0244, -0.250305, 0.0, 0.0, 0.0, 1.0]
            ]
        },
        {
            "name": "RightEar",
            "time": [0.0, 1.4, 3.1833],
            "transform": [
                [-0.127356, 0.530476, 0.838079, 0.143667, 0.136172, 0.846309, -0.514992, 0.156261, -0.982465, 0.048536, -0.180019, -0.201967, 0.0, 0.0, 0.0, 1.0],
                [-0.127356, 0.530476, 0.838079, 0.143667, 0.136172, 0.846309, -0.514992, 0.156261, -0.982465, 0.048536, -0.180019, -0.201967, 0.0, 0.0, 0.0, 1.0],
                [-0.127356, 0.530476, 0.838079, 0.143667, 0.136172, 0.846309, -0.514992, 0.156261, -0.982465, 0.048536, -0.180019, -0.201967, 0.0, 0.0, 0.0, 1.0]
            ]
        },
        {
            "name": "LeftFrontLeg",
            "time": [0.0, 1.4, 3.1833],
            "transform": [
                [0.060829, -0.022415, -0.997896, -0.11554, 0.99811, -0.007361, 0.061008, 0.17835, -0.008713, -0.999722, 0.021925, -0.220825, 0.0, 0.0, 0.0, 1.0],
                [0.062824, -0.015992, -0.997896, -0.11554, 0.993501, 0.096089, 0.061008, 0.17835, 0.094911, -0.995244, 0.021925, -0.220825, 0.0, 0.0, 0.0, 1.0],
                [0.060829, -0.022415, -0.997896, -0.11554, 0.99811, -0.007361, 0.061008, 0.17835, -0.008713, -0.999722, 0.021925, -0.220825, 0.0, 0.0, 0.0, 1.0]
            ]
        },
        {
            "name": "LeftFrontPaw",
            "time": [0.0, 1.4, 3.1833],
            "transform": [
                [-0.999582, -0.00708, 0.028041, 0.0, -0.007943, 0.999495, -0.03077, 0.110027, -0.027809, -0.03098, -0.999133, 0.0, 0.0, 0.0, 0.0, 1.0],
                [-0.939736, -0.34075, 0.028041, -0.0, -0.341534, 0.939366, -0.03077, 0.110027, -0.015856, -0.038493, -0.999133, -0.0, 0.0, 0.0, 0.0, 1.0],
                [-0.999582, -0.00708, 0.028041, 0.0, -0.007943, 0.999495, -0.03077, 0.110027, -0.027809, -0.03098, -0.999133, 0.0, 0.0, 0.0, 0.0, 1.0]
            ]
        },
        {
            "name": "RightFrontLeg",
            "time": [0.0, 1.4, 3.1833],
            "transform": [
                [0.060829, -0.022415, -0.997897, 0.137821, 0.99811, -0.007361, 0.061008, 0.179823, -0.008713, -0.999722, 0.021925, -0.220836, 0.0, 0.0, 0.0, 1.0],
                [0.062254, -0.018085, -0.997897, 0.137821, 0.99616, 0.062791, 0.061008, 0.179823, 0.061556, -0.997863, 0.021925, -0.220836, 0.0, 0.0, 0.0, 1.0],
                [0.060829, -0.022415, -0.997897, 0.137821, 0.99811, -0.007361, 0.061008, 0.179823, -0.008713, -0.999722, 0.021925, -0.220836, 0.0, 0.0, 0.0, 1.0]
            ]
        },
        {
            "name": "RightFrontPaw",
            "time": [0.0, 1.4, 3.1833],
            "transform": [
                [-0.999582, -0.00708, 0.028041, -0.0, -0.007943, 0.999495, -0.03077, 0.110027, -0.027809, -0.03098, -0.999133, 0.0, 0.0, 0.0, 0.0, 1.0],
                [-0.983286, -0.179894, 0.028041, -0.0, -0.180728, 0.983052, -0.03077, 0.110027, -0.02203, -0.035324, -0.999133, 0.0, 0.0, 0.0, 0.0, 1.0],
                [-0.999582, -0.00708, 0.028041, -0.0, -0.007943, 0.999495, -0.03077, 0.110027, -0.027809, -0.03098, -0.999133, 0.0, 0.0, 0.0, 0.0, 1.0]
            ]
        },
        {
            "name": "RightBackLeg",
            "time": [0.0, 1.4, 3.1833],
            "transform": [
                [0.059398, -0.022389, -0.997983, 0.104078, 0.998224, -0.003223, 0.059484, 0.09519, -0.004548, -0.999744, 0.022157, -0.218526, 0.0, 0.0, 0.0, 1.0],
                [0.062001, -0.01361, -0.997983, 0.104078, 0.988302, 0.140434, 0.059484, 0.09519, 0.139341, -0.989997, 0.022157, -0.218526, 0.0, 0.0, 0.0, 1.0],
                [0.059398, -0.022389, -0.997983, 0.104078, 0.998224, -0.003223, 0.059484, 0.09519, -0.004548, -0.999744, 0.022157, -0.218526, 0.0, 0.0, 0.0, 1.0]
            ]
        },
        {
            "name": "RightBackPaw",
            "time": [0.0, 1.4, 3.1833],
            "transform": [
                [-0.999582, -0.00708, 0.028041, 0.0, -0.007943, 0.999495, -0.03077, 0.110027, -0.027809, -0.03098, -0.999133, 0.0, 0.0, 0.0, 0.0, 1.0],
                [-0.986231, -0.162976, 0.028041, -0.0, -0.163814, 0.986011, -0.03077, 0.110027, -0.022634, -0.03494, -0.999133, 0.0, 0.0, 0.0, 0.0, 1.0],
                [-0.999582, -0.00708, 0.028041, 0.0, -0.007943, 0.999495, -0.03077, 0.110027, -0.027809, -0.03098, -0.999133, 0.0, 0.0, 0.0, 0.0, 1.0]
            ]
        },
        {
            "name": "LeftBackLeg",
            "time": [0.0, 1.4, 3.1833],
            "transform": [
                [0.059398, -0.022389, -0.997984, -0.112098, 0.998224, -0.003223, 0.059484, 0.093623, -0.004548, -0.999744, 0.022157, -0.218526, 0.0, 0.0, 0.0, 1.0],
                [0.062885, -0.008647, -0.997984, -0.112098, 0.974042, 0.218411, 0.059484, 0.093623, 0.217456, -0.975819, 0.022157, -0.218526, 0.0, 0.0, 0.0, 1.0],
                [0.059398, -0.022389, -0.997984, -0.112098, 0.998224, -0.003223, 0.059484, 0.093623, -0.004548, -0.999744, 0.022157, -0.218526, 0.0, 0.0, 0.0, 1.0]
            ]
        },
        {
            "name": "LeftBackPaw",
            "time": [0.0, 1.4, 3.1833],
            "transform": [
                [-0.999582, -0.00708, 0.028041, 0.0, -0.007943, 0.999495, -0.03077, 0.110027, -0.027809, -0.03098, -0.999133, -0.0, 0.0, 0.0, 0.0, 1.0],
                [-0.91151, -0.41032, 0.028041, -0.0, -0.411074, 0.911083, -0.03077, 0.110027, -0.012922, -0.039574, -0.999133, -0.0, 0.0, 0.0, 0.0, 1.0],
                [-0.999582, -0.00708, 0.028041, 0.0, -0.007943, 0.999495, -0.03077, 0.110027, -0.027809, -0.03098, -0.999133, -0.0, 0.0, 0.0, 0.0, 1.0]
            ]
        },
        {
            "name": "Tail1",
            "time": [0.0, 0.8833, 3.1833],
            "transform": [
                [-0.996744, 0.072923, 0.034777, 6.5e-05, -0.080787, -0.903572, -0.420751, -0.008935, 0.000747, -0.422186, 0.90651, 9e-05, 0.0, 0.0, 0.0, 1.0],
                [-0.999016, -0.031144, 0.032006, 6.5e-05, 0.016368, -0.922178, -0.386419, -0.008935, 0.041555, -0.38551, 0.921768, 9e-05, 0.0, 0.0, 0.0, 1.0],
                [-0.996744, 0.072923, 0.034777, 6.5e-05, -0.080787, -0.903572, -0.420751, -0.008935, 0.000747, -0.422186, 0.90651, 9e-05, 0.0, 0.0, 0.0, 1.0]
            ]
        },
        {
            "name": "Tail2",
            "time": [0.0, 0.8833, 2.15, 3.1833],
            "transform": [
                [0.998885, 0.046647, -0.007238, 0.0, -0.047204, 0.988365, -0.144588, 0.159175, 0.000409, 0.144769, 0.989465, -0.0, 0.0, 0.0, 0.0, 1.0],
                [0.992685, 0.120516, -0.007238, 0.0, -0.120292, 0.982153, -0.144588, 0.159175, -0.010316, 0.144401, 0.989465, -0.0, 0.0, 0.0, 0.0, 1.0],
                [0.988872, -0.148589, -0.007238, 0.0, 0.145996, 0.978662, -0.144589, 0.159175, 0.028568, 0.141923, 0.989465, -0.0, 0.0, 0.0, 0.0, 1.0],
                [0.998885, 0.046647, -0.007238, 0.0, -0.047204, 0.988365, -0.144588, 0.159175, 0.000409, 0.144769, 0.989465, -0.0, 0.0, 0.0, 0.0, 1.0]
            ]
        },
        {
            "name": "Tail3",
            "time": [0.0, 0.8833, 2.15, 3.1833],
            "transform": [
                [0.995706, -0.090364, 0.0201, 0.0, 0.092572, 0.970989, -0.220478, 0.309241, 0.000407, 0.221392, 0.975185, 0.0, 0.0, 0.0, 0.0, 1.0],
                [0.997947, 0.060813, 0.0201, 0.0, -0.054903, 0.973846, -0.220478, 0.309241, -0.032982, 0.218922, 0.975185, 0.0, 0.0, 0.0, 0.0, 1.0],
                [0.969183, -0.245522, 0.0201, -0.0, 0.243823, 0.944426, -0.220479, 0.309241, 0.03515, 0.218585, 0.975185, 0.0, 0.0, 0.0, 0.0, 1.0],
                [0.995706, -0.090364, 0.0201, 0.0, 0.092572, 0.970989, -0.220478, 0.309241, 0.000407, 0.221392, 0.975185, 0.0, 0.0, 0.0, 0.0, 1.0]
            ]
        }
    ]
}