{
    
    "animation": [
        {
            "name": "Root",
            "time": [0.0, 0.2833, 0.3333, 0.6167, 0.7667, 0.9167],
            "transform": [
                [0.924689, 0.0, -0.380725, -0.007686, -0.380725, 0.0, -0.924689, -0.018381, 0.0, 1.0, 0.0, 0.611722, 0.0, 0.0, 0.0, 1.0],
                [-0.940536, 0.0, 0.339693, 0.085377, 0.339693, 0.0, 0.940536, 0.312384, 0.0, 1.0, 0.0, 0.611722, 0.0, 0.0, 0.0, 1.0],
                [-0.891446, 0.003808, 0.453112, 0.076723, 0.453109, -0.001507, 0.891454, -2.8665, 0.004078, 0.999992, -0.000382, 0.714852, 0.0, 0.0, 0.0, 1.0],
                [-0.842739, 0.074859, 0.533092, 0.056917, 0.532148, -0.033699, 0.84598, -6.91819, 0.081294, 0.996625, -0.011437, 0.601605, 0.0, 0.0, 0.0, 1.0],
                [-0.842739, 0.074859, 0.533092, 0.01558, 0.532148, -0.033699, 0.84598, -7.133666, 0.081294, 0.996625, -0.011437, 0.536305, 0.0, 0.0, 0.0, 1.0],
                [-0.842739, 0.074859, 0.533092, 0.01558, 0.532148, -0.033699, 0.84598, -7.133666, 0.081294, 0.996625, -0.011437, 0.536305, 0.0, 0.0, 0.0, 1.0]
            ]
        },
        {
            "name": "Thigh_R",
            "time": [0.0, 0.0667, 0.2833, 0.3833, 0.7667, 0.9167],
            "transform": [
                [0.898586, -0.345781, -0.270144, 0.124994, 0.091263, -0.454908, 0.88585, -0.002831, -0.429202, -0.820664, -0.377218, -1.2e-05, 0.0, 0.0, 0.0, 1.0],
                [0.898586, -0.255246, -0.356921, 0.124994, 0.091263, -0.686904, 0.720994, -0.002831, -0.429202, -0.680447, -0.593949, -1.2e-05, 0.0, 0.0, 0.0, 1.0],
                [0.949898, -0.26988, -0.157661, 0.124994, -0.019923, -0.555677, 0.831159, -0.002831, -0.311922, -0.786374, -0.533215, -1.2e-05, 0.0, 0.0, 0.0, 1.0],
                [0.863258, 0.447965, -0.23262, 0.124994, 0.10565, -0.610995, -0.784552, -0.002831, -0.493582, 0.652694, -0.574775, -1.2e-05, 0.0, 0.0, 0.0, 1.0],
                [0.863258, 0.230631, -0.448993, 0.124994, 0.10565, -0.952365, -0.286069, -0.002831, -0.493583, 0.199515, -0.846505, -1.2e-05, 0.0, 0.0, 0.0, 1.0],
                [0.863258, 0.230631, -0.448993, 0.124994, 0.10565, -0.952365, -0.286069, -0.002831, -0.493583, 0.199515, -0.846505, -1.2e-05, 0.0, 0.0, 0.0, 1.0]
            ]
        },
        {
            "name": "Leg_R",
            "time": [0.0, 0.0667, 0.2833, 0.3833, 0.7667, 0.9167],
            "transform": [
                [0.999551, -0.029466, 0.005374, -0.0, 0.013329, 0.59824, 0.801206, 0.37472, -0.026823, -0.800776, 0.598363, -0.0, 0.0, 0.0, 0.0, 1.0],
                [0.880128, -0.029166, -0.473839, -0.0, 0.4673, 0.229191, 0.853874, 0.37472, 0.083696, -0.972945, 0.215347, 0.0, 0.0, 0.0, 0.0, 1.0],
                [0.996692, -0.076704, 0.026882, -0.0, 0.034004, 0.693914, 0.719254, 0.37472, -0.073823, -0.715962, 0.694225, 0.0, 0.0, 0.0, 0.0, 1.0],
                [0.996692, -0.052742, 0.061841, -0.0, 0.034003, 0.961659, 0.272135, 0.374721, -0.073823, -0.269132, 0.960269, 0.0, 0.0, 0.0, 0.0, 1.0],
                [0.996692, -0.074179, 0.03322, 0.0, 0.034003, 0.751795, 0.658519, 0.37472, -0.073823, -0.655212, 0.751829, -0.0, 0.0, 0.0, 0.0, 1.0],
                [0.996692, -0.074179, 0.03322, 0.0, 0.034003, 0.751795, 0.658519, 0.37472, -0.073823, -0.655212, 0.751829, -0.0, 0.0, 0.0, 0.0, 1.0]
            ]
        },
        {
            "name": "Knee_R",
            "time": [0.0, 0.3833, 0.9167],
            "transform": [
                [1.0, 0.0, -0.0, -0.0, -0.0, 0.744649, -0.667457, 0.37472, -0.0, 0.667457, 0.744649, -0.0, 0.0, 0.0, 0.0, 1.0],
                [1.0, -0.0, -1e-06, -0.0, -1e-06, -0.048618, -0.998817, 0.374721, 0.0, 0.998817, -0.048618, 0.0, 0.0, 0.0, 0.0, 1.0],
                [1.0, -0.0, -1e-06, 0.0, -1e-06, -0.048618, -0.998817, 0.37472, 0.0, 0.998817, -0.048618, -0.0, 0.0, 0.0, 0.0, 1.0]
            ]
        },
        {
            "name": "Thigh_L",
            "time": [0.0, 0.0667, 0.2833, 0.3833, 0.7667, 0.9167],
            "transform": [
                [0.866588, 0.156521, -0.47384, -0.125006, -0.027838, -0.932895, -0.359071, -0.002831, -0.498245, 0.324359, -0.804079, -1.2e-05, 0.0, 0.0, 0.0, 1.0],
                [0.777556, -0.413377, -0.47384, -0.125006, -0.599223, -0.715541, -0.359071, -0.002831, -0.19062, 0.563135, -0.804079, -1.2e-05, 0.0, 0.0, 0.0, 1.0],
                [0.870234, -0.134786, -0.47384, -0.125006, -0.33069, -0.872761, -0.359071, -0.002831, -0.365151, 0.469171, -0.804079, -1.2e-05, 0.0, 0.0, 0.0, 1.0],
                [0.900111, -0.400269, -0.172003, -0.125006, -0.073626, -0.528892, 0.845489, -0.002831, -0.429394, -0.748371, -0.505532, -1.2e-05, 0.0, 0.0, 0.0, 1.0],
                [0.90011, -0.419185, -0.118676, -0.125006, -0.073626, -0.414851, 0.906905, -0.002831, -0.429394, -0.807578, -0.404275, -1.1e-05, 0.0, 0.0, 0.0, 1.0],
                [0.90011, -0.419185, -0.118676, -0.125006, -0.073626, -0.414851, 0.906905, -0.002831, -0.429394, -0.807578, -0.404275, -1.1e-05, 0.0, 0.0, 0.0, 1.0]
            ]
        },
        {
            "name": "Leg_L",
            "time": [0.0, 0.0667, 0.2833, 0.3833, 0.6167, 0.7667, 0.9167],
            "transform": [
                [1.0, -1e-06, 0.0, 0.0, 0.0, 0.697626, 0.716462, 0.37472, -1e-06, -0.716462, 0.697626, 0.0, 0.0, 0.0, 0.0, 1.0],
                [1.0, -1e-06, -0.0, -0.0, 0.0, -0.287142, 0.957889, 0.37472, -1e-06, -0.957888, -0.287142, 0.0, 0.0, 0.0, 0.0, 1.0],
                [1.0, -1e-06, 1e-06, 0.0, 0.0, 0.825721, 0.564078, 0.37472, -1e-06, -0.564078, 0.825722, -0.0, 0.0, 0.0, 0.0, 1.0],
                [1.0, -1e-06, -1e-06, 0.0, -0.0, -0.605806, 0.795613, 0.37472, -1e-06, -0.795612, -0.605806, 0.0, 0.0, 0.0, 0.0, 1.0],
                [1.0, -1e-06, 1e-06, -0.0, 0.0, 0.868311, 0.49602, 0.37472, -1e-06, -0.49602, 0.868311, -0.0, 0.0, 0.0, 0.0, 1.0],
                [1.0, -1e-06, 0.0, -0.0, 0.0, 0.452557, 0.891736, 0.374721, -1e-06, -0.891735, 0.452557, 0.0, 0.0, 0.0, 0.0, 1.0],
                [1.0, -1e-06, 0.0, -0.0, 0.0, 0.452557, 0.891736, 0.374721, -1e-06, -0.891735, 0.452557, 0.0, 0.0, 0.0, 0.0, 1.0]
            ]
        },
        {
            "name": "Knee_L",
            "time": [0.0, 0.2833, 0.3833, 0.9167],
            "transform": [
                [1.0, 0.0, -0.0, 0.0, -0.0, 1e-06, -1.0, 0.37472, -0.0, 1.0, 1e-06, 0.0, 0.0, 0.0, 0.0, 1.0],
                [1.0, 0.0, -0.0, 0.0, -0.0, 1e-06, -1.0, 0.37472, -0.0, 1.0, 1e-06, -0.0, 0.0, 0.0, 0.0, 1.0],
                [1.0, 0.0, -0.0, 0.0, -0.0, 0.797109, -0.603836, 0.37472, -0.0, 0.603836, 0.797109, 0.0, 0.0, 0.0, 0.0, 1.0],
                [1.0, 0.0, -0.0, -0.0, -0.0, 0.797109, -0.603836, 0.374721, -0.0, 0.603836, 0.797109, 0.0, 0.0, 0.0, 0.0, 1.0]
            ]
        },
        {
            "name": "Torso",
            "time": [0.0, 0.0833, 0.2833, 0.3833, 0.7333, 0.9167],
            "transform": [
                [0.92697, -0.082598, 0.365929, 0.0, -0.009329, 0.970082, 0.2426, 0.05, -0.375019, -0.228296, 0.898466, -0.0, 0.0, 0.0, 0.0, 1.0],
                [0.754862, -0.082598, 0.650662, 0.0, -0.088664, 0.970082, 0.226009, 0.05, -0.649863, -0.228297, 0.724954, 0.0, 0.0, 0.0, 0.0, 1.0],
                [0.987395, -0.141841, 0.070236, 0.0, 0.048624, 0.694127, 0.718208, 0.05, -0.150624, -0.70574, 0.692274, 0.0, 0.0, 0.0, 0.0, 1.0],
                [0.998146, -0.051932, 0.031744, 0.0, 0.018141, 0.751669, 0.659292, 0.05, -0.058099, -0.657494, 0.751217, -0.0, 0.0, 0.0, 0.0, 1.0],
                [0.88015, -0.082598, 0.467454, 0.0, -0.036443, 0.970082, 0.240028, 0.05, -0.473294, -0.228297, 0.850807, -0.0, 0.0, 0.0, 0.0, 1.0],
                [0.88015, -0.082598, 0.467454, -0.0, -0.036443, 0.970082, 0.240028, 0.05, -0.473294, -0.228297, 0.850807, 0.0, 0.0, 0.0, 0.0, 1.0]
            ]
        },
        {
            "name": "Chest",
            "time": [0.0, 0.0833, 0.2833, 0.3833, 0.9167],
            "transform": [
                [0.999512, -0.003521, 0.031044, 0.0, -0.006292, 0.950585, 0.3104, 0.3, -0.030603, -0.310444, 0.950099, 0.0, 0.0, 0.0, 0.0, 1.0],
                [0.517119, -0.001529, -0.855912, -0.0, 0.213958, 0.968481, 0.127537, 0.3, 0.82874, -0.249081, 0.501147, 0.0, 0.0, 0.0, 0.0, 1.0],
                [0.825951, 0.018233, 0.563448, 0.0, 0.216093, 0.912893, -0.346309, 0.3, -0.520682, 0.407791, 0.750065, -0.0, 0.0, 0.0, 0.0, 1.0],
                [0.870164, 0.09794, -0.482931, 0.0, -0.332821, 0.839536, -0.42943, 0.3, 0.36338, 0.534404, 0.76313, 0.0, 0.0, 0.0, 0.0, 1.0],
                [0.970374, 0.209576, -0.120219, 0.0, -0.161303, 0.932399, 0.32344, 0.3, 0.179877, -0.294465, 0.938581, -0.0, 0.0, 0.0, 0.0, 1.0]
            ]
        },
        {
            "name": "Head",
            "time": [0.0, 0.2833, 0.3833, 0.9167],
            "transform": [
                [0.989111, -0.08278, -0.12168, 0.0, 0.082027, 0.996567, -0.011196, 0.4, 0.122189, 0.001093, 0.992506, 0.0, 0.0, 0.0, 0.0, 1.0],
                [0.987887, -0.08278, 0.13125, -0.0, 0.082203, 0.996567, 0.009815, 0.4, -0.131612, 0.001093, 0.991301, 0.0, 0.0, 0.0, 0.0, 1.0],
                [0.559258, -0.08278, 0.82485, 0.0, 0.047363, 0.996567, 0.067901, 0.4, -0.827639, 0.001093, 0.561259, -0.0, 0.0, 0.0, 0.0, 1.0],
                [0.912627, -0.08278, 0.400324, 0.0, 0.076248, 0.996567, 0.032248, 0.4, -0.401619, 0.001093, 0.915806, -0.0, 0.0, 0.0, 0.0, 1.0]
            ]
        },
        {
            "name": "Shoulder_R",
            "time": [0.0, 0.9167],
            "transform": [
                [0.119332, 0.959595, 0.254826, 0.0, -0.011568, -0.255299, 0.966793, 0.4, 0.992787, -0.118318, -0.019364, 0.0, 0.0, 0.0, 0.0, 1.0],
                [0.119332, 0.959595, 0.254826, 0.0, -0.011568, -0.255299, 0.966793, 0.4, 0.992787, -0.118318, -0.019364, -0.0, 0.0, 0.0, 0.0, 1.0]
            ]
        },
        {
            "name": "Arm_R",
            "time": [0.0, 0.2833, 0.3333, 0.9167],
            "transform": [
                [-0.186157, 0.134366, -0.973289, -0.0, 0.886668, 0.449736, -0.107502, 0.39386, 0.423279, -0.882996, -0.20286, -0.0, 0.0, 0.0, 0.0, 1.0],
                [-0.20447, 0.328141, -0.922234, 0.0, 0.859966, 0.51027, -0.009104, 0.39386, 0.467601, -0.794951, -0.386525, -0.0, 0.0, 0.0, 0.0, 1.0],
                [-0.20447, 0.940104, -0.272758, -0.0, 0.859966, 0.305624, 0.40872, 0.39386, 0.467601, -0.150991, -0.870948, -0.0, 0.0, 0.0, 0.0, 1.0],
                [-0.20447, -0.282969, -0.937081, -0.0, 0.859966, 0.405371, -0.310053, 0.39386, 0.467601, -0.869254, 0.160458, -0.0, 0.0, 0.0, 0.0, 1.0]
            ]
        },
        {
            "name": "Hand_R",
            "time": [0.0, 0.2833, 0.3333, 0.9167],
            "transform": [
                [0.998137, -0.048915, 0.036462, -0.0, 0.060006, 0.895061, -0.441888, 0.3, -0.011021, 0.443253, 0.896329, 0.0, 0.0, 0.0, 0.0, 1.0],
                [0.998137, -0.034157, 0.050552, -0.0, 0.060006, 0.699302, -0.712303, 0.3, -0.011021, 0.714009, 0.700049, 0.0, 0.0, 0.0, 0.0, 1.0],
                [0.998137, -0.060969, 0.00222, -0.0, 0.060006, 0.987638, 0.144811, 0.3, -0.011021, -0.144408, 0.989457, -0.0, 0.0, 0.0, 0.0, 1.0],
                [0.998137, -0.054117, 0.02817, -0.0, 0.060006, 0.954211, -0.293052, 0.3, -0.011021, 0.294197, 0.955681, 0.0, 0.0, 0.0, 0.0, 1.0]
            ]
        },
        {
            "name": "Tool_R",
            "time": [0.0, 0.9167],
            "transform": [
                [1.0, 0.0, 0.0, -0.0, 0.0, -0.997235, 0.074311, 0.38343, 0.0, -0.074278, -0.996644, 0.024241, 0.0, 0.0, 0.0, 1.0],
                [1.0, 0.0, 0.0, 0.0, 0.0, -0.997235, 0.074311, 0.38343, 0.0, -0.074278, -0.996644, 0.02424, 0.0, 0.0, 0.0, 1.0]
            ]
        },
        {
            "name": "Elbow_R",
            "time": [0.0, 0.9167],
            "transform": [
                [-1.0, 0.0, -0.0, -0.0, -0.0, 0.0, -1.0, 0.3, -0.0, -1.0, 0.0, 0.0, 0.0, 0.0, 0.0, 1.0],
                [-1.0, 0.0, -0.0, -0.0, 0.0, 0.0, -1.0, 0.3, -0.0, -1.0, 0.0, 0.0, 0.0, 0.0, 0.0, 1.0]
            ]
        },
        {
            "name": "Shoulder_L",
            "time": [0.0, 0.2833, 0.45, 0.9167],
            "transform": [
                [-0.04416, -0.966112, -0.254316, 0.0, -0.03886, -0.252711, 0.966761, 0.4, -0.998268, 0.052575, -0.026383, 0.0, 0.0, 0.0, 0.0, 1.0],
                [0.128997, -0.951051, -0.280823, -0.0, -0.030123, -0.286816, 0.957512, 0.4, -0.991187, -0.115057, -0.065647, 0.0, 0.0, 0.0, 0.0, 1.0],
                [0.48259, -0.849795, -0.212025, 1e-06, 0.013274, -0.234956, 0.971915, 0.4, -0.875746, -0.471851, -0.102107, 0.0, 0.0, 0.0, 0.0, 1.0],
                [-0.20368, -0.955803, -0.212026, 0.0, -0.146136, -0.184458, 0.971915, 0.4, -0.96807, 0.228945, -0.102107, -0.0, 0.0, 0.0, 0.0, 1.0]
            ]
        },
        {
            "name": "Arm_L",
            "time": [0.0, 0.1333, 0.2833, 0.4667, 0.9167],
            "transform": [
                [-0.071169, 0.318208, 0.945346, -0.0, -0.954243, 0.254244, -0.157419, 0.39386, -0.29044, -0.913293, 0.285553, -0.0, 0.0, 0.0, 0.0, 1.0],
                [0.026844, -0.273713, 0.961437, -0.0, -0.429591, 0.865283, 0.258334, 0.39386, -0.902624, -0.419959, -0.094357, -0.0, 0.0, 0.0, 0.0, 1.0],
                [0.17059, -0.953478, 0.248552, 0.0, 0.974, 0.201337, 0.103864, 0.39386, -0.149075, 0.224371, 0.963034, 0.0, 0.0, 0.0, 0.0, 1.0],
                [0.391708, 0.919556, -0.031326, 0.0, -0.919975, 0.391969, 0.00241, 0.39386, 0.014495, 0.027875, 0.999506, 0.0, 0.0, 0.0, 0.0, 1.0],
                [0.071322, 0.464852, 0.882511, -0.0, -0.982813, 0.183785, -0.017378, 0.39386, -0.170271, -0.866104, 0.46997, -0.0, 0.0, 0.0, 0.0, 1.0]
            ]
        },
        {
            "name": "Hand_L",
            "time": [0.0, 0.45, 0.9167],
            "transform": [
                [0.99932, -0.036188, 0.007115, -0.0, 0.036869, 0.985095, -0.168014, 0.3, -0.000929, 0.168162, 0.985759, 0.0, 0.0, 0.0, 0.0, 1.0],
                [0.597827, 0.801623, -0.001775, -1e-06, -0.799395, 0.596328, 0.07322, 0.3, 0.059753, -0.042354, 0.997315, -0.0, 0.0, 0.0, 0.0, 1.0],
                [0.999205, 0.036803, -0.015316, -0.0, -0.039755, 0.948223, -0.315108, 0.3, 0.002926, 0.315466, 0.948933, 1e-06, 0.0, 0.0, 0.0, 1.0]
            ]
        },
        {
            "name": "Tool_L",
            "time": [0.0, 0.9167],
            "transform": [
                [1.0, 0.0, 0.0, 0.0, 0.0, -0.994551, 0.104255, 0.379125, 0.0, -0.104205, -0.993964, 0.040356, 0.0, 0.0, 0.0, 1.0],
                [1.0, 0.0, 0.0, -0.0, 0.0, -0.994551, 0.104255, 0.379125, 0.0, -0.104205, -0.993964, 0.040356, 0.0, 0.0, 0.0, 1.0]
            ]
        },
        {
            "name": "Elbow_L",
            "time": [0.0, 0.9167],
            "transform": [
                [-1.0, 0.0, -0.0, -0.0, 0.0, -0.0, -1.0, 0.3, -0.0, -1.0, -0.0, 0.0, 0.0, 0.0, 0.0, 1.0],
                [-1.0, 0.0, -0.0, -0.0, 0.0, -0.0, -1.0, 0.3, -0.0, -1.0, -0.0, 1e-06, 0.0, 0.0, 0.0, 1.0]
            ]
        }
    ]
}