{
    
    "animation": [
        {
            "name": "Root",
            "time": [0.0, 0.0333, 0.35, 0.8333, 0.9167, 1.05, 1.2333, 1.3667, 1.65],
            "transform": [
                [-0.750187, -0.058961, 0.658592, 0.021123, 0.659105, -0.146393, 0.737665, 0.133598, 0.05292, 0.987468, 0.148683, 0.576422, 0.0, 0.0, 0.0, 1.0],
                [-0.750187, -0.058961, 0.658592, 0.021123, 0.659105, -0.146393, 0.737665, 0.133598, 0.05292, 0.987468, 0.148683, 0.576422, 0.0, 0.0, 0.0, 1.0],
                [0.651225, -0.076265, -0.755043, 0.005685, -0.758589, -0.037614, -0.650483, 0.715391, 0.021209, 0.996378, -0.082349, 0.597203, 0.0, 0.0, 0.0, 1.0],
                [0.998948, -0.036143, 0.028241, -0.048859, 0.032684, 0.128914, -0.991117, 7.007735, 0.032182, 0.990997, 0.129959, 0.650067, 0.0, 0.0, 0.0, 1.0],
                [0.998948, -0.037946, 0.025768, -0.058242, 0.032684, 0.194708, -0.980317, 7.326738, 0.032182, 0.980127, 0.195743, 0.617344, 0.0, 0.0, 0.0, 1.0],
                [0.998948, -0.037946, 0.025768, -0.076448, 0.032684, 0.194708, -0.980317, 7.820367, 0.032182, 0.980127, 0.195743, 0.681123, 0.0, 0.0, 0.0, 1.0],
                [0.998948, -0.037946, 0.025768, -0.079568, 0.032684, 0.194708, -0.980317, 8.040916, 0.032182, 0.980127, 0.195743, 0.553986, 0.0, 0.0, 0.0, 1.0],
                [0.998948, -0.043513, 0.014508, -0.082437, 0.032684, 0.453343, -0.890737, 8.158304, 0.032182, 0.890273, 0.454288, 0.523817, 0.0, 0.0, 0.0, 1.0],
                [0.998948, -0.043513, 0.014508, -0.082437, 0.032684, 0.453343, -0.890737, 8.158304, 0.032182, 0.890273, 0.454288, 0.523817, 0.0, 0.0, 0.0, 1.0]
            ]
        },
        {
            "name": "Thigh_R",
            "time": [0.0, 0.0167, 0.1167, 0.1833, 0.35, 0.4833, 0.8333, 0.9167, 1.05, 1.2333, 1.3667, 1.65],
            "transform": [
                [0.863258, -0.067196, -0.500271, 0.124994, 0.10565, -0.945091, 0.309251, -0.002831, -0.493583, -0.319816, -0.80876, -1.2e-05, 0.0, 0.0, 0.0, 1.0],
                [0.863258, -0.067196, -0.500271, 0.124994, 0.10565, -0.945091, 0.309251, -0.002831, -0.493583, -0.319816, -0.80876, -1.2e-05, 0.0, 0.0, 0.0, 1.0],
                [0.91885, -0.089154, 0.384403, 0.124994, -0.066098, -0.995151, -0.072807, -0.002831, 0.389031, 0.041491, -0.92029, -1.2e-05, 0.0, 0.0, 0.0, 1.0],
                [0.5795, 0.187225, 0.793175, 0.124994, -0.315771, -0.845644, 0.430316, -0.002831, 0.751311, -0.499828, -0.430932, -1.2e-05, 0.0, 0.0, 0.0, 1.0],
                [0.942716, -0.028789, -0.332351, 0.124994, -0.064433, -0.993221, -0.096729, -0.002831, -0.327314, 0.112603, -0.938183, -1.2e-05, 0.0, 0.0, 0.0, 1.0],
                [0.996287, -0.040454, 0.075988, 0.124994, -0.084961, -0.31987, 0.943644, -0.002831, -0.013868, -0.946595, -0.322121, -1.1e-05, 0.0, 0.0, 0.0, 1.0],
                [0.984119, 0.163939, 0.068064, 0.124994, 0.01967, -0.481795, 0.876063, -0.002831, 0.176414, -0.860809, -0.47737, -1.2e-05, 0.0, 0.0, 0.0, 1.0],
                [0.996365, 0.064247, -0.055922, 0.124994, 0.081716, -0.535764, 0.840404, -0.002831, 0.024032, -0.841917, -0.539069, -1.2e-05, 0.0, 0.0, 0.0, 1.0],
                [0.996365, 0.084737, -0.008638, 0.124994, 0.081716, -0.922342, 0.37763, -0.002831, 0.024032, -0.376962, -0.925917, -1.2e-05, 0.0, 0.0, 0.0, 1.0],
                [0.996365, 0.063663, 0.056586, 0.124994, 0.081716, -0.901895, -0.424151, -0.002831, 0.024032, 0.427233, -0.903822, -1.2e-05, 0.0, 0.0, 0.0, 1.0],
                [0.996365, 0.074273, 0.041694, 0.124994, 0.081716, -0.971642, -0.221879, -0.002831, 0.024032, 0.22448, -0.974182, -1.1e-05, 0.0, 0.0, 0.0, 1.0],
                [0.996365, 0.074273, 0.041694, 0.124994, 0.081716, -0.971642, -0.221879, -0.002831, 0.024032, 0.22448, -0.974182, -1.1e-05, 0.0, 0.0, 0.0, 1.0]
            ]
        },
        {
            "name": "Leg_R",
            "time": [0.0, 0.0167, 0.1167, 0.1833, 0.2, 0.35, 0.4833, 0.8333, 0.9167, 1.05, 1.2333, 1.3667, 1.65],
            "transform": [
                [0.996692, -0.080613, -0.010375, -0.0, 0.034003, 0.297618, 0.954079, 0.37472, -0.073823, -0.951276, 0.299374, -0.0, 0.0, 0.0, 0.0, 1.0],
                [0.996692, -0.080613, -0.010375, -0.0, 0.034003, 0.297618, 0.954079, 0.37472, -0.073823, -0.951276, 0.299374, -0.0, 0.0, 0.0, 0.0, 1.0],
                [0.974459, 0.217616, -0.055435, -0.0, -0.084885, 0.585483, 0.806228, 0.37472, 0.207904, -0.780932, 0.589001, -0.0, 0.0, 0.0, 0.0, 1.0],
                [0.985832, 0.156886, 0.059346, 0.0, -0.067707, 0.048493, 0.996525, 0.37472, 0.153463, -0.986426, 0.058428, 0.0, 0.0, 0.0, 0.0, 1.0],
                [0.989195, 0.146587, 0.002302, 0.0, -0.062906, 0.410217, 0.909815, 0.37472, 0.132423, -0.900131, 0.415005, -0.0, 0.0, 0.0, 0.0, 1.0],
                [0.996692, -0.078379, 0.021515, 0.0, 0.034003, 0.642535, 0.765502, 0.37472, -0.073823, -0.762238, 0.643073, 0.0, 0.0, 0.0, 0.0, 1.0],
                [0.996692, -0.028603, -0.076079, -0.0, 0.034003, -0.703448, 0.709933, 0.374721, -0.073824, -0.710172, -0.700147, -0.0, 0.0, 0.0, 0.0, 1.0],
                [0.996692, -0.069972, 0.041353, 0.0, 0.034003, 0.821086, 0.569791, 0.37472, -0.073824, -0.5665, 0.820748, -0.0, 0.0, 0.0, 0.0, 1.0],
                [0.996692, -0.0612, 0.053486, 0.0, 0.034003, 0.911672, 0.409511, 0.37472, -0.073824, -0.406338, 0.910735, 1e-06, 0.0, 0.0, 0.0, 1.0],
                [0.996692, -0.044237, 0.068185, 0.0, 0.034003, 0.988916, 0.144537, 0.37472, -0.073824, -0.141741, 0.987146, 0.0, 0.0, 0.0, 0.0, 1.0],
                [0.996692, -0.052149, 0.062343, -0.0, 0.034003, 0.964217, 0.262928, 0.37472, -0.073824, -0.259939, 0.962798, 0.0, 0.0, 0.0, 0.0, 1.0],
                [0.996692, -0.068099, 0.044369, 0.0, 0.034003, 0.84519, 0.533384, 0.37472, -0.073824, -0.530112, 0.844708, -1e-06, 0.0, 0.0, 0.0, 1.0],
                [0.996692, -0.068099, 0.044369, 0.0, 0.034003, 0.84519, 0.533384, 0.37472, -0.073824, -0.530112, 0.844708, -1e-06, 0.0, 0.0, 0.0, 1.0]
            ]
        },
        {
            "name": "Knee_R",
            "time": [0.0, 0.0167, 0.45, 1.05, 1.65],
            "transform": [
                [1.0, -0.0, -1e-06, -0.0, -1e-06, -0.048618, -0.998817, 0.37472, 0.0, 0.998817, -0.048618, -0.0, 0.0, 0.0, 0.0, 1.0],
                [1.0, -0.0, -1e-06, -0.0, -1e-06, -0.048618, -0.998817, 0.37472, 0.0, 0.998817, -0.048618, -0.0, 0.0, 0.0, 0.0, 1.0],
                [1.0, 1e-06, -0.0, -0.0, -1e-06, 0.812966, -0.582311, 0.37472, -0.0, 0.582311, 0.812966, -0.0, 0.0, 0.0, 0.0, 1.0],
                [1.0, -0.0, -1e-06, 0.0, -1e-06, -0.122364, -0.992485, 0.37472, 0.0, 0.992485, -0.122364, 0.0, 0.0, 0.0, 0.0, 1.0],
                [1.0, -0.0, -1e-06, 0.0, -1e-06, -0.122364, -0.992485, 0.37472, 0.0, 0.992485, -0.122364, -1e-06, 0.0, 0.0, 0.0, 1.0]
            ]
        },
        {
            "name": "Thigh_L",
            "time": [0.0, 0.0167, 0.1, 0.35, 0.4833, 0.8333, 0.9167, 1.05, 1.2333, 1.3667, 1.5167, 1.65],
            "transform": [
                [0.90011, -0.426005, -0.091214, -0.125006, -0.073626, -0.355104, 0.931922, -0.002831, -0.429394, -0.832118, -0.350998, -1.2e-05, 0.0, 0.0, 0.0, 1.0],
                [0.90011, -0.426005, -0.091214, -0.125006, -0.073626, -0.355104, 0.931922, -0.002831, -0.429394, -0.832118, -0.350998, -1.2e-05, 0.0, 0.0, 0.0, 1.0],
                [0.363142, -0.861458, 0.35499, -0.125006, -0.902842, -0.419484, -0.09439, -0.002831, 0.230226, -0.286223, -0.930092, -1.2e-05, 0.0, 0.0, 0.0, 1.0],
                [0.7685, -0.604908, -0.20855, -0.125006, -0.148019, -0.485168, 0.861801, -0.002831, -0.622492, -0.631425, -0.462391, -1.2e-05, 0.0, 0.0, 0.0, 1.0],
                [0.993706, -0.094208, -0.060596, -0.125006, -0.103623, -0.567715, -0.816677, -0.002831, 0.042536, 0.817817, -0.573904, -1.1e-05, 0.0, 0.0, 0.0, 1.0],
                [0.993706, -0.10824, 0.02883, -0.125006, -0.103622, -0.986038, -0.130349, -0.002831, 0.042536, 0.126541, -0.991048, -1.2e-05, 0.0, 0.0, 0.0, 1.0],
                [0.993706, -0.109549, 0.023368, -0.125006, -0.103623, -0.978265, -0.17961, -0.002831, 0.042536, 0.176059, -0.98346, -1.2e-05, 0.0, 0.0, 0.0, 1.0],
                [0.993706, -0.027664, 0.108544, -0.125006, -0.103622, -0.595007, 0.797012, -0.002831, 0.042536, -0.803244, -0.594129, -1.2e-05, 0.0, 0.0, 0.0, 1.0],
                [0.993706, 0.005949, 0.111855, -0.125006, -0.103622, -0.330379, 0.938143, -0.002831, 0.042536, -0.943829, -0.327683, -1.1e-05, 0.0, 0.0, 0.0, 1.0],
                [0.993706, 0.05085, 0.099806, -0.125006, -0.103622, 0.078957, 0.991477, -0.002831, 0.042536, -0.99558, 0.083729, -1.2e-05, 0.0, 0.0, 0.0, 1.0],
                [0.993706, 0.057643, 0.096043, -0.125006, -0.103622, 0.147462, 0.983624, -0.002831, 0.042536, -0.987387, 0.152507, -1.2e-05, 0.0, 0.0, 0.0, 1.0],
                [0.993706, 0.057643, 0.096043, -0.125006, -0.103622, 0.147462, 0.983624, -0.002831, 0.042536, -0.987387, 0.152507, -1.2e-05, 0.0, 0.0, 0.0, 1.0]
            ]
        },
        {
            "name": "Leg_L",
            "time": [0.0, 0.0167, 0.1, 0.2667, 0.35, 0.4833, 0.8333, 0.9167, 1.05, 1.2333, 1.3667, 1.5167, 1.65],
            "transform": [
                [1.0, -1e-06, 0.0, 0.0, 0.0, 0.621229, 0.783629, 0.37472, -1e-06, -0.783629, 0.62123, -0.0, 0.0, 0.0, 0.0, 1.0],
                [1.0, -1e-06, 0.0, 0.0, 0.0, 0.621229, 0.783629, 0.37472, -1e-06, -0.783629, 0.62123, -0.0, 0.0, 0.0, 0.0, 1.0],
                [0.99985, 0.016083, -0.006421, 0.0, 0.011479, -0.337866, 0.941125, 0.37472, 0.012967, -0.941056, -0.338001, -0.0, 0.0, 0.0, 0.0, 1.0],
                [0.996577, 0.004326, -0.082557, 0.0, 0.063093, 0.605488, 0.79335, 0.37472, 0.053419, -0.795843, 0.603142, -0.0, 0.0, 0.0, 0.0, 1.0],
                [0.995358, 0.028481, -0.091927, -0.0, 0.069785, 0.44417, 0.893221, 0.37472, 0.066271, -0.895489, 0.440121, -0.0, 0.0, 0.0, 0.0, 1.0],
                [0.995358, -0.014249, -0.095177, -0.0, 0.069785, 0.787892, 0.611847, 0.37472, 0.066271, -0.615648, 0.78523, 0.0, 0.0, 0.0, 0.0, 1.0],
                [0.995358, 0.011878, -0.095502, 0.0, 0.069785, 0.594263, 0.801238, 0.37472, 0.066271, -0.804183, 0.590676, -0.0, 0.0, 0.0, 0.0, 1.0],
                [0.995358, 0.056662, -0.077789, 0.0, 0.069785, 0.131653, 0.988837, 0.37472, 0.066271, -0.989675, 0.127088, -1e-06, 0.0, 0.0, 0.0, 1.0],
                [0.995358, 0.07067, -0.065326, 0.0, 0.069785, -0.062583, 0.995597, 0.37472, 0.066271, -0.995534, -0.067225, -0.0, 0.0, 0.0, 0.0, 1.0],
                [0.995358, 0.013855, -0.095236, -0.0, 0.069785, 0.577532, 0.81338, 0.37472, 0.066271, -0.81625, 0.573885, -0.0, 0.0, 0.0, 0.0, 1.0],
                [0.995358, 0.015567, -0.094971, 0.0, 0.069785, 0.562793, 0.823647, 0.37472, 0.066271, -0.826451, 0.559094, 0.0, 0.0, 0.0, 0.0, 1.0],
                [0.995358, 0.031245, -0.091025, 0.0, 0.069785, 0.416984, 0.906231, 0.37472, 0.066271, -0.908376, 0.412869, 0.0, 0.0, 0.0, 0.0, 1.0],
                [0.995358, 0.031245, -0.091025, 0.0, 0.069785, 0.416984, 0.906231, 0.37472, 0.066271, -0.908376, 0.412869, 0.0, 0.0, 0.0, 0.0, 1.0]
            ]
        },
        {
            "name": "Knee_L",
            "time": [0.0, 0.0167, 0.45, 1.05, 1.65],
            "transform": [
                [1.0, 0.0, -0.0, 0.0, -0.0, 0.797109, -0.603836, 0.37472, -0.0, 0.603836, 0.797109, -0.0, 0.0, 0.0, 0.0, 1.0],
                [1.0, 0.0, -0.0, 0.0, -0.0, 0.797109, -0.603836, 0.37472, -0.0, 0.603836, 0.797109, -0.0, 0.0, 0.0, 0.0, 1.0],
                [1.0, 0.0, -0.0, 0.0, -1e-06, 0.187851, -0.982198, 0.37472, -0.0, 0.982198, 0.187851, 0.0, 0.0, 0.0, 0.0, 1.0],
                [1.0, 1e-06, -0.0, 0.0, -1e-06, 0.889839, -0.456274, 0.37472, -0.0, 0.456274, 0.889839, -0.0, 0.0, 0.0, 0.0, 1.0],
                [1.0, 1e-06, -0.0, 0.0, -1e-06, 0.889839, -0.456274, 0.37472, -0.0, 0.456274, 0.889839, 0.0, 0.0, 0.0, 0.0, 1.0]
            ]
        },
        {
            "name": "Torso",
            "time": [0.0, 0.0167, 0.1167, 0.35, 0.9167, 1.3667, 1.65],
            "transform": [
                [0.88015, -0.082598, 0.467454, -0.0, -0.036443, 0.970082, 0.240028, 0.05, -0.473294, -0.228297, 0.850807, -0.0, 0.0, 0.0, 0.0, 1.0],
                [0.88015, -0.082598, 0.467454, -0.0, -0.036443, 0.970082, 0.240028, 0.05, -0.473294, -0.228297, 0.850807, -0.0, 0.0, 0.0, 0.0, 1.0],
                [0.925487, 0.066794, 0.372844, -0.0, -0.064843, 0.997737, -0.017787, 0.05, -0.373189, -0.007715, 0.927723, 0.0, 0.0, 0.0, 0.0, 1.0],
                [0.863052, -0.167188, 0.476643, -0.0, -0.121062, 0.847665, 0.516534, 0.05, -0.490392, -0.503499, 0.71134, 0.0, 0.0, 0.0, 0.0, 1.0],
                [0.996492, 0.07583, 0.035391, 0.0, -0.082303, 0.964576, 0.250637, 0.05, -0.015132, -0.252671, 0.967434, -0.0, 0.0, 0.0, 0.0, 1.0],
                [0.996456, 0.073888, 0.040201, 0.0, -0.083443, 0.928611, 0.361551, 0.049999, -0.010617, -0.363624, 0.931485, 0.0, 0.0, 0.0, 0.0, 1.0],
                [0.996492, 0.082777, -0.012273, 0.0, -0.082303, 0.942947, -0.322611, 0.049999, -0.015132, 0.322489, 0.946452, 0.0, 0.0, 0.0, 0.0, 1.0]
            ]
        },
        {
            "name": "Chest",
            "time": [0.0, 0.0167, 0.1167, 0.35, 0.4833, 0.6167, 0.9167, 1.05, 1.65],
            "transform": [
                [0.982588, -0.141664, -0.120219, -0.0, 0.17368, 0.930173, 0.32344, 0.3, 0.066005, -0.338687, 0.938581, 0.0, 0.0, 0.0, 0.0, 1.0],
                [0.982588, -0.141664, -0.120219, -0.0, 0.17368, 0.930173, 0.32344, 0.3, 0.066005, -0.338687, 0.938581, 0.0, 0.0, 0.0, 0.0, 1.0],
                [0.913482, 0.209575, 0.348753, 0.0, -0.294116, 0.932399, 0.210066, 0.3, -0.281153, -0.294465, 0.913369, 0.0, 0.0, 0.0, 0.0, 1.0],
                [0.762388, 0.108982, -0.637877, -0.0, -0.088315, 0.994017, 0.064276, 0.3, 0.641065, 0.007331, 0.767451, 0.0, 0.0, 0.0, 0.0, 1.0],
                [0.452752, -0.128525, 0.882325, 0.0, 0.115806, 0.989651, 0.084735, 0.3, -0.884084, 0.063815, 0.46295, 0.0, 0.0, 0.0, 0.0, 1.0],
                [0.452752, -0.128525, 0.882325, -0.0, 0.115806, 0.989651, 0.084735, 0.3, -0.884084, 0.063815, 0.46295, 1e-06, 0.0, 0.0, 0.0, 1.0],
                [0.999676, 0.019342, -0.016561, -0.0, -0.004581, 0.776372, 0.630259, 0.3, 0.025048, -0.629978, 0.776209, -0.0, 0.0, 0.0, 0.0, 1.0],
                [0.999676, 0.018736, -0.017244, 0.0, -0.004581, 0.798476, 0.602009, 0.3, 0.025048, -0.601735, 0.798303, -1e-06, 0.0, 0.0, 0.0, 1.0],
                [0.999676, 0.003313, -0.025247, -0.0, -0.004581, 0.998723, -0.05031, 0.3, 0.025048, 0.050409, 0.998415, 1e-06, 0.0, 0.0, 0.0, 1.0]
            ]
        },
        {
            "name": "Head",
            "time": [0.0, 0.0167, 0.35, 0.5, 0.9167, 1.2333, 1.65],
            "transform": [
                [0.912627, -0.08278, 0.400324, 0.0, 0.076248, 0.996567, 0.032248, 0.4, -0.401619, 0.001093, 0.915806, 0.0, 0.0, 0.0, 0.0, 1.0],
                [0.912627, -0.08278, 0.400324, 0.0, 0.076248, 0.996567, 0.032248, 0.4, -0.401619, 0.001093, 0.915806, 0.0, 0.0, 0.0, 0.0, 1.0],
                [0.573247, -0.074802, 0.815961, 0.0, 0.315485, 0.939201, -0.135542, 0.4, -0.756212, 0.335123, 0.561993, -0.0, 0.0, 0.0, 0.0, 1.0],
                [0.669737, -0.063508, -0.739878, 0.0, -0.22624, 0.931522, -0.284751, 0.4, 0.707296, 0.358098, 0.609507, -0.0, 0.0, 0.0, 0.0, 1.0],
                [0.993215, -0.074802, 0.089038, -0.0, 0.100177, 0.9392, -0.328431, 0.4, -0.059058, 0.335123, 0.940322, -0.0, 0.0, 0.0, 0.0, 1.0],
                [0.993215, -0.112136, 0.0308, 0.0, 0.100177, 0.959553, 0.263101, 0.4, -0.059058, -0.25823, 0.964277, -0.0, 0.0, 0.0, 0.0, 1.0],
                [0.993215, -0.112136, 0.0308, 0.0, 0.100177, 0.959553, 0.263101, 0.4, -0.059058, -0.25823, 0.964277, -0.0, 0.0, 0.0, 0.0, 1.0]
            ]
        },
        {
            "name": "Shoulder_R",
            "time": [0.0, 0.0167, 0.35, 0.4833, 0.9167, 1.65],
            "transform": [
                [0.119332, 0.959595, 0.254826, 0.0, -0.011568, -0.255299, 0.966793, 0.4, 0.992787, -0.118318, -0.019364, 0.0, 0.0, 0.0, 0.0, 1.0],
                [0.119332, 0.959595, 0.254826, 0.0, -0.011568, -0.255299, 0.966793, 0.4, 0.992787, -0.118318, -0.019364, 0.0, 0.0, 0.0, 0.0, 1.0],
                [0.378845, 0.889685, 0.254826, 0.0, -0.081391, -0.242254, 0.966793, 0.4, 0.921874, -0.387005, -0.019365, -0.0, 0.0, 0.0, 0.0, 1.0],
                [0.549994, 0.795343, 0.254826, -0.0, -0.128438, -0.220942, 0.966793, 0.4, 0.825233, -0.56446, -0.019365, -0.0, 0.0, 0.0, 0.0, 1.0],
                [0.237022, 0.920253, 0.311374, -0.0, 0.004665, -0.321582, 0.94687, 0.4, 0.971493, -0.222977, -0.080515, -0.0, 0.0, 0.0, 0.0, 1.0],
                [0.237022, 0.920253, 0.311374, 0.0, 0.004665, -0.321582, 0.94687, 0.4, 0.971493, -0.222977, -0.080515, -0.0, 0.0, 0.0, 0.0, 1.0]
            ]
        },
        {
            "name": "Arm_R",
            "time": [0.0, 0.0167, 0.1167, 0.15, 0.35, 0.4833, 0.9167, 1.15, 1.65],
            "transform": [
                [-0.20447, -0.282969, -0.937081, 0.0, 0.859966, 0.405371, -0.310053, 0.393861, 0.467601, -0.869254, 0.160458, 0.0, 0.0, 0.0, 0.0, 1.0],
                [-0.20447, -0.282969, -0.937081, 0.0, 0.859966, 0.405371, -0.310053, 0.393861, 0.467601, -0.869254, 0.160458, 0.0, 0.0, 0.0, 0.0, 1.0],
                [-0.104875, -0.195499, -0.97508, 0.0, -0.226591, 0.959395, -0.167983, 0.39386, 0.968327, 0.203327, -0.144915, -0.0, 0.0, 0.0, 0.0, 1.0],
                [-0.211284, 0.069401, -0.974958, -0.0, 0.814078, 0.56455, -0.136233, 0.39386, 0.540958, -0.822476, -0.175778, -0.0, 0.0, 0.0, 0.0, 1.0],
                [0.417697, 0.073448, -0.905613, 0.0, -0.576578, 0.791748, -0.201723, 0.393861, 0.702202, 0.606415, 0.373059, 0.0, 0.0, 0.0, 0.0, 1.0],
                [-0.06965, 0.627443, -0.775541, -0.0, -0.586706, 0.602992, 0.540534, 0.39386, 0.806799, 0.492663, 0.326126, -0.0, 0.0, 0.0, 0.0, 1.0],
                [-0.222375, -0.002567, -0.974958, -0.0, 0.588084, 0.797244, -0.136233, 0.39386, 0.777629, -0.603652, -0.175778, -0.0, 0.0, 0.0, 0.0, 1.0],
                [0.399557, -0.678178, -0.616789, -0.0, 0.675508, 0.672663, -0.302017, 0.39386, 0.619712, -0.295972, 0.726882, 0.0, 0.0, 0.0, 0.0, 1.0],
                [0.399557, 0.260622, -0.87888, -1e-06, 0.675508, 0.564417, 0.474471, 0.39386, 0.619712, -0.783269, 0.049465, 0.0, 0.0, 0.0, 0.0, 1.0]
            ]
        },
        {
            "name": "Hand_R",
            "time": [0.0, 0.0167, 0.15, 0.35, 0.4833, 0.9167, 1.65],
            "transform": [
                [0.998137, -0.054117, 0.02817, -0.0, 0.060006, 0.954212, -0.293052, 0.3, -0.011021, 0.294197, 0.955681, -0.0, 0.0, 0.0, 0.0, 1.0],
                [0.998137, -0.054117, 0.02817, -0.0, 0.060006, 0.954212, -0.293052, 0.3, -0.011021, 0.294197, 0.955681, -0.0, 0.0, 0.0, 0.0, 1.0],
                [0.998137, -0.024626, 0.055819, 0.0, 0.060006, 0.561531, -0.825278, 0.3, -0.011021, 0.82709, 0.561962, 0.0, 0.0, 0.0, 0.0, 1.0],
                [0.998137, -0.037168, 0.048381, -0.0, 0.060006, 0.741331, -0.668451, 0.3, -0.011021, 0.670109, 0.742181, -0.0, 0.0, 0.0, 0.0, 1.0],
                [0.998137, -0.034081, 0.050603, 0.0, 0.060006, 0.698229, -0.713355, 0.3, -0.011021, 0.715063, 0.698973, 0.0, 0.0, 0.0, 0.0, 1.0],
                [0.998137, -0.041598, 0.044629, -0.0, 0.060006, 0.801508, -0.594966, 0.3, -0.011021, 0.596536, 0.802511, -0.0, 0.0, 0.0, 0.0, 1.0],
                [0.998137, -0.041598, 0.044629, -0.0, 0.060006, 0.801508, -0.594966, 0.3, -0.011021, 0.596536, 0.802511, 1e-06, 0.0, 0.0, 0.0, 1.0]
            ]
        },
        {
            "name": "Tool_R",
            "time": [0.0, 0.1167, 1.65],
            "transform": [
                [1.0, 0.0, 0.0, -0.0, 0.0, -0.997235, 0.074311, 0.280097, 0.0, -0.074278, -0.996644, 0.016544, 0.0, 0.0, 0.0, 1.0],
                [-0.999119, 0.040947, 0.009218, 0.0, -0.041971, -0.976136, -0.213064, 0.277948, 0.000273, -0.213147, 0.976414, 0.02648, 0.0, 0.0, 0.0, 1.0],
                [-0.999119, 0.040947, 0.009218, 0.0, -0.041971, -0.976136, -0.213064, 0.277948, 0.000273, -0.213147, 0.976414, 0.02648, 0.0, 0.0, 0.0, 1.0]
            ]
        },
        {
            "name": "Elbow_R",
            "time": [0.0, 0.0167, 1.65],
            "transform": [
                [-1.0, 0.0, -0.0, -0.0, 0.0, -0.0, -1.0, 0.3, -0.0, -1.0, 0.0, -0.0, 0.0, 0.0, 0.0, 1.0],
                [-1.0, 0.0, -0.0, -0.0, 0.0, -0.0, -1.0, 0.3, -0.0, -1.0, 0.0, -0.0, 0.0, 0.0, 0.0, 1.0],
                [-1.0, 0.0, 0.0, -0.0, 0.0, -0.0, -1.0, 0.3, -0.0, -1.0, 0.0, 1e-06, 0.0, 0.0, 0.0, 1.0]
            ]
        },
        {
            "name": "Shoulder_L",
            "time": [0.0, 0.0167, 0.35, 0.9167, 1.3667, 1.65],
            "transform": [
                [-0.20368, -0.955803, -0.212025, 0.0, -0.146136, -0.184458, 0.971915, 0.4, -0.968069, 0.228945, -0.102107, 0.0, 0.0, 0.0, 0.0, 1.0],
                [-0.20368, -0.955803, -0.212025, 0.0, -0.146136, -0.184458, 0.971915, 0.4, -0.968069, 0.228945, -0.102107, 0.0, 0.0, 0.0, 0.0, 1.0],
                [-0.295087, -0.931648, -0.212025, 0.0, -0.163276, -0.169474, 0.971915, 0.4, -0.941416, 0.321419, -0.102107, -0.0, 0.0, 0.0, 0.0, 1.0],
                [0.078625, -0.779566, -0.621365, -0.0, -0.408271, -0.593807, 0.693331, 0.4, -0.909469, 0.199172, -0.364962, -0.0, 0.0, 0.0, 0.0, 1.0],
                [0.155157, -0.938442, -0.30863, -0.0, -0.381569, -0.345097, 0.857504, 0.4, -0.911225, -0.015284, -0.411624, 0.0, 0.0, 0.0, 0.0, 1.0],
                [0.155157, -0.938442, -0.30863, 0.0, -0.381569, -0.345097, 0.857504, 0.4, -0.911225, -0.015284, -0.411624, -0.0, 0.0, 0.0, 0.0, 1.0]
            ]
        },
        {
            "name": "Arm_L",
            "time": [0.0, 0.0167, 0.35, 0.9167, 1.3667, 1.65],
            "transform": [
                [0.071322, 0.464852, 0.882511, -0.0, -0.982813, 0.183785, -0.017378, 0.39386, -0.170271, -0.866104, 0.46997, -0.0, 0.0, 0.0, 0.0, 1.0],
                [0.071322, 0.464852, 0.882511, -0.0, -0.982813, 0.183785, -0.017378, 0.39386, -0.170271, -0.866104, 0.46997, -0.0, 0.0, 0.0, 0.0, 1.0],
                [0.744741, 0.054515, 0.665123, -0.0, -0.612423, 0.451801, 0.648702, 0.39386, -0.265139, -0.890451, 0.369861, 0.0, 0.0, 0.0, 0.0, 1.0],
                [0.209702, 0.868434, 0.449275, -0.0, -0.749182, 0.43797, -0.496898, 0.393861, -0.628292, -0.232388, 0.742458, -1e-06, 0.0, 0.0, 0.0, 1.0],
                [0.22894, 0.973421, 0.00625, -0.0, -0.929339, 0.220474, -0.296178, 0.39386, -0.289683, 0.061998, 0.955113, -1e-06, 0.0, 0.0, 0.0, 1.0],
                [0.22894, 0.46313, 0.856211, 0.0, -0.929339, 0.365736, 0.050664, 0.393861, -0.289683, -0.807309, 0.514136, -1e-06, 0.0, 0.0, 0.0, 1.0]
            ]
        },
        {
            "name": "Hand_L",
            "time": [0.0, 0.0167, 0.35, 0.45, 1.65],
            "transform": [
                [0.999205, 0.036803, -0.015316, 0.0, -0.039755, 0.948223, -0.315107, 0.3, 0.002926, 0.315466, 0.948933, 0.0, 0.0, 0.0, 0.0, 1.0],
                [0.999205, 0.036803, -0.015316, 0.0, -0.039755, 0.948223, -0.315107, 0.3, 0.002926, 0.315466, 0.948933, 0.0, 0.0, 0.0, 0.0, 1.0],
                [0.999205, 0.028119, -0.028255, 0.0, -0.039755, 0.754973, -0.65455, 0.3, 0.002926, 0.655153, 0.755491, 0.0, 0.0, 0.0, 0.0, 1.0],
                [0.999205, 0.038627, -0.00985, -0.0, -0.039755, 0.983748, -0.175098, 0.300001, 0.002927, 0.17535, 0.984502, -0.0, 0.0, 0.0, 0.0, 1.0],
                [0.999205, 0.038627, -0.00985, -0.0, -0.039755, 0.983748, -0.175098, 0.3, 0.002927, 0.17535, 0.984502, 0.0, 0.0, 0.0, 0.0, 1.0]
            ]
        },
        {
            "name": "Tool_L",
            "time": [0.0, 0.0167, 1.65],
            "transform": [
                [1.0, 0.0, 0.0, 0.0, 0.0, -0.99455, 0.104255, 0.379125, 0.0, -0.104205, -0.993964, 0.040356, 0.0, 0.0, 0.0, 1.0],
                [1.0, 0.0, 0.0, 0.0, 0.0, -0.99455, 0.104255, 0.379125, 0.0, -0.104205, -0.993964, 0.040356, 0.0, 0.0, 0.0, 1.0],
                [1.0, 0.0, 0.0, -0.0, 0.0, -0.994551, 0.104255, 0.379125, 0.0, -0.104205, -0.993964, 0.040356, 0.0, 0.0, 0.0, 1.0]
            ]
        },
        {
            "name": "Elbow_L",
            "time": [0.0, 0.0167, 1.65],
            "transform": [
                [-1.0, 0.0, -0.0, 0.0, 0.0, -0.0, -1.0, 0.3, -0.0, -1.0, -0.0, 0.0, 0.0, 0.0, 0.0, 1.0],
                [-1.0, 0.0, -0.0, 0.0, 0.0, -0.0, -1.0, 0.3, -0.0, -1.0, -0.0, 0.0, 0.0, 0.0, 0.0, 1.0],
                [-1.0, 0.0, -0.0, -0.0, 0.0, -0.0, -1.0, 0.3, -0.0, -1.0, -0.0, 0.0, 0.0, 0.0, 0.0, 1.0]
            ]
        }
    ]
}