{
    
    "animation": [
        {
            "name": "Root",
            "time": [0.0, 0.25, 0.5667, 0.8, 1.0],
            "transform": [
                [0.854689, 0.0, -0.51914, -5e-06, -0.51914, 0.0, -0.854689, 0.000946, 0.0, 1.0, 0.0, 0.778809, 0.0, 0.0, 0.0, 1.0],
                [0.854689, 0.0, -0.51914, -5e-06, -0.51914, 0.0, -0.854689, 0.000946, 0.0, 1.0, 0.0, 0.611722, 0.0, 0.0, 0.0, 1.0],
                [0.924689, 0.0, -0.380725, 0.068334, -0.380725, 0.0, -0.924689, 6.570537, 0.0, 1.0, 0.0, 0.611722, 0.0, 0.0, 0.0, 1.0],
                [0.924689, 0.0, -0.380725, -0.01643, -0.380725, 0.0, -0.924689, 7.026688, 0.0, 1.0, 0.0, 0.544029, 0.0, 0.0, 0.0, 1.0],
                [0.924689, 0.0, -0.380725, -0.01643, -0.380725, 0.0, -0.924689, 7.026688, 0.0, 1.0, 0.0, 0.544029, 0.0, 0.0, 0.0, 1.0]
            ]
        },
        {
            "name": "Thigh_R",
            "time": [0.0, 0.25, 0.4333, 0.8333, 1.0],
            "transform": [
                [0.987312, 0.153797, 0.039507, 0.124994, 0.144458, -0.973248, 0.178653, -0.002831, 0.065927, -0.170679, -0.983119, -1.2e-05, 0.0, 0.0, 0.0, 1.0],
                [0.898586, 0.248407, -0.361714, 0.124994, 0.091263, -0.912103, -0.399669, -0.002831, -0.429201, 0.326126, -0.842276, -1.2e-05, 0.0, 0.0, 0.0, 1.0],
                [0.898586, -0.370735, -0.23473, 0.124994, 0.091263, -0.365337, 0.926391, -0.002831, -0.429202, -0.853862, -0.294453, -1.2e-05, 0.0, 0.0, 0.0, 1.0],
                [0.898586, -0.345781, -0.270144, 0.124994, 0.091263, -0.454908, 0.88585, -0.002831, -0.429202, -0.820664, -0.377218, -1.1e-05, 0.0, 0.0, 0.0, 1.0],
                [0.898586, -0.345781, -0.270144, 0.124994, 0.091263, -0.454908, 0.88585, -0.002831, -0.429202, -0.820664, -0.377218, -1.1e-05, 0.0, 0.0, 0.0, 1.0]
            ]
        },
        {
            "name": "Leg_R",
            "time": [0.0, 0.25, 0.4167, 0.65, 0.8333, 1.0],
            "transform": [
                [0.988594, -0.150125, -0.01203, 0.0, 0.149701, 0.970775, 0.187583, 0.37472, -0.016483, -0.187244, 0.982174, 0.0, 0.0, 0.0, 0.0, 1.0],
                [0.999551, -0.027492, 0.011889, 0.0, 0.013329, 0.763726, 0.645403, 0.37472, -0.026823, -0.644956, 0.763748, -0.0, 0.0, 0.0, 0.0, 1.0],
                [0.999552, -0.015355, -0.025717, 0.0, 0.013328, -0.5409, 0.840981, 0.37472, -0.026824, -0.840947, -0.540452, 0.0, 0.0, 0.0, 0.0, 1.0],
                [0.999551, -0.025812, 0.015194, -0.0, 0.013329, 0.837604, 0.546116, 0.37472, -0.026823, -0.545669, 0.837571, 0.0, 0.0, 0.0, 0.0, 1.0],
                [0.999551, -0.029466, 0.005374, -0.0, 0.013329, 0.59824, 0.801206, 0.37472, -0.026823, -0.800776, 0.598363, 0.0, 0.0, 0.0, 0.0, 1.0],
                [0.999551, -0.029466, 0.005374, -0.0, 0.013329, 0.59824, 0.801206, 0.37472, -0.026823, -0.800776, 0.598363, 0.0, 0.0, 0.0, 0.0, 1.0]
            ]
        },
        {
            "name": "Knee_R",
            "time": [0.0, 0.5667, 1.0],
            "transform": [
                [1.0, 0.0, -0.0, 0.0, -0.0, 1e-06, -1.0, 0.37472, -0.0, 1.0, 1e-06, 0.0, 0.0, 0.0, 0.0, 1.0],
                [1.0, 0.0, -0.0, -0.0, -0.0, 0.744649, -0.667457, 0.374721, -0.0, 0.667457, 0.744649, -0.0, 0.0, 0.0, 0.0, 1.0],
                [1.0, 0.0, -0.0, -0.0, -0.0, 0.744649, -0.667457, 0.37472, -0.0, 0.667457, 0.744649, 0.0, 0.0, 0.0, 0.0, 1.0]
            ]
        },
        {
            "name": "Thigh_L",
            "time": [0.0, 0.25, 0.4333, 0.7333, 0.8333, 1.0],
            "transform": [
                [0.866588, -0.176276, -0.466852, -0.125006, -0.027838, -0.951152, 0.307464, -0.002831, -0.498245, -0.253448, -0.829165, -1.2e-05, 0.0, 0.0, 0.0, 1.0],
                [0.866588, -0.378874, -0.324774, -0.125006, -0.027838, -0.686511, 0.726586, -0.002831, -0.498246, -0.62061, -0.60547, -1.2e-05, 0.0, 0.0, 0.0, 1.0],
                [0.866588, 0.36845, -0.336553, -0.125006, -0.027838, -0.63768, -0.769798, -0.002831, -0.498245, 0.676468, -0.542349, -1.2e-05, 0.0, 0.0, 0.0, 1.0],
                [0.866588, 0.248565, -0.432711, -0.125006, -0.027838, -0.841687, -0.539248, -0.002831, -0.498245, 0.479353, -0.722476, -1.2e-05, 0.0, 0.0, 0.0, 1.0],
                [0.866588, 0.156521, -0.47384, -0.125006, -0.027838, -0.932895, -0.359071, -0.002831, -0.498245, 0.324359, -0.804079, -1.1e-05, 0.0, 0.0, 0.0, 1.0],
                [0.866588, 0.156521, -0.47384, -0.125006, -0.027838, -0.932895, -0.359071, -0.002831, -0.498245, 0.324359, -0.804079, -1.1e-05, 0.0, 0.0, 0.0, 1.0]
            ]
        },
        {
            "name": "Leg_L",
            "time": [0.0, 0.25, 0.4333, 0.7333, 0.8333, 1.0],
            "transform": [
                [1.0, -0.0, 1e-06, -0.0, 0.0, 0.952451, 0.30469, 0.37472, -1e-06, -0.30469, 0.952452, -0.0, 0.0, 0.0, 0.0, 1.0],
                [1.0, -1e-06, 0.0, 0.0, 0.0, 0.653214, 0.757174, 0.37472, -1e-06, -0.757173, 0.653214, -0.0, 0.0, 0.0, 0.0, 1.0],
                [1.0, -0.0, 1e-06, -0.0, 0.0, 0.93928, 0.343151, 0.37472, -1e-06, -0.343151, 0.939281, -0.0, 0.0, 0.0, 0.0, 1.0],
                [1.0, -1e-06, 0.0, 0.0, 0.0, 0.75954, 0.65046, 0.37472, -1e-06, -0.65046, 0.759541, -1e-06, 0.0, 0.0, 0.0, 1.0],
                [1.0, -1e-06, 0.0, 0.0, 0.0, 0.697626, 0.716462, 0.37472, -1e-06, -0.716462, 0.697626, -0.0, 0.0, 0.0, 0.0, 1.0],
                [1.0, -1e-06, 0.0, 0.0, 0.0, 0.697626, 0.716462, 0.37472, -1e-06, -0.716462, 0.697626, -0.0, 0.0, 0.0, 0.0, 1.0]
            ]
        },
        {
            "name": "Knee_L",
            "time": [0.0, 1.0],
            "transform": [
                [1.0, 0.0, -0.0, -0.0, -0.0, 1e-06, -1.0, 0.37472, -0.0, 1.0, 1e-06, -0.0, 0.0, 0.0, 0.0, 1.0],
                [1.0, 0.0, -0.0, 0.0, -0.0, 1e-06, -1.0, 0.37472, -0.0, 1.0, 1e-06, -0.0, 0.0, 0.0, 0.0, 1.0]
            ]
        },
        {
            "name": "Torso",
            "time": [0.0, 0.25, 0.5, 0.8333, 1.0],
            "transform": [
                [0.99978, -0.020971, -0.000197, -0.0, 0.020971, 0.999603, 0.018833, 0.05, -0.000198, -0.018833, 0.999823, 0.0, 0.0, 0.0, 0.0, 1.0],
                [0.984146, -0.060504, 0.166719, -0.0, -0.018109, 0.90082, 0.433815, 0.05, -0.176431, -0.429956, 0.885443, 0.0, 0.0, 0.0, 0.0, 1.0],
                [0.984146, -0.092409, 0.151382, 0.0, -0.018109, 0.796719, 0.604079, 0.05, -0.176431, -0.597244, 0.782414, 0.0, 0.0, 0.0, 0.0, 1.0],
                [0.92998, -0.08196, 0.358358, 0.0, -0.131757, 0.83575, 0.533069, 0.05, -0.343187, -0.542959, 0.766432, 0.0, 0.0, 0.0, 0.0, 1.0],
                [0.92697, -0.082598, 0.365929, 0.0, -0.009329, 0.970082, 0.2426, 0.05, -0.375019, -0.228296, 0.898466, 0.0, 0.0, 0.0, 0.0, 1.0]
            ]
        },
        {
            "name": "Chest",
            "time": [0.0, 0.25, 0.3167, 0.5, 0.8333, 1.0],
            "transform": [
                [0.999771, -0.021411, -0.000206, 0.0, 0.021411, 0.999586, 0.019228, 0.3, -0.000206, -0.019228, 0.999815, -0.0, 0.0, 0.0, 0.0, 1.0],
                [0.867211, 0.06706, -0.493404, -0.0, 0.028139, 0.982706, 0.183019, 0.3, 0.497144, -0.1726, 0.850327, 0.0, 0.0, 0.0, 0.0, 1.0],
                [0.598585, 0.075119, 0.79753, -0.0, -0.214147, 0.974365, 0.068953, 0.3, -0.771905, -0.212063, 0.599326, 0.0, 0.0, 0.0, 0.0, 1.0],
                [0.596012, -0.016097, 0.802814, -0.0, -0.210279, 0.961779, 0.175396, 0.3, -0.774953, -0.273353, 0.569847, -0.0, 0.0, 0.0, 0.0, 1.0],
                [0.906161, -0.138785, 0.399513, 0.0, -0.030286, 0.920908, 0.388602, 0.3, -0.421847, -0.364236, 0.830288, -0.0, 0.0, 0.0, 0.0, 1.0],
                [0.999512, 0.004377, 0.030935, 0.0, -0.006292, 0.998051, 0.062087, 0.3, -0.030603, -0.062251, 0.997591, 0.0, 0.0, 0.0, 0.0, 1.0]
            ]
        },
        {
            "name": "Head",
            "time": [0.0, 0.25, 0.5667, 0.8333, 1.0],
            "transform": [
                [0.85311, 0.037721, 0.520365, -0.0, -0.006297, 0.998055, -0.062025, 0.4, -0.521693, 0.049637, 0.851688, 0.0, 0.0, 0.0, 0.0, 1.0],
                [0.952403, 0.001461, 0.304838, -0.0, 0.05884, 0.980303, -0.188532, 0.4, -0.299109, 0.197495, 0.933558, -0.0, 0.0, 0.0, 0.0, 1.0],
                [0.989111, -0.122804, -0.081103, 0.0, 0.082027, 0.917578, -0.389001, 0.4, 0.122189, 0.378113, 0.91766, 0.0, 0.0, 0.0, 0.0, 1.0],
                [0.989111, -0.032906, -0.143443, -0.0, 0.082027, 0.932515, 0.351693, 0.4, 0.122189, -0.35963, 0.92506, -0.0, 0.0, 0.0, 0.0, 1.0],
                [0.989111, -0.08278, -0.12168, -0.0, 0.082027, 0.996567, -0.011196, 0.4, 0.122189, 0.001093, 0.992506, -0.0, 0.0, 0.0, 0.0, 1.0]
            ]
        },
        {
            "name": "Shoulder_R",
            "time": [0.0, 0.5667, 0.8333, 1.0],
            "transform": [
                [0.089555, 0.962831, 0.254826, -0.0, -0.003656, -0.255535, 0.966793, 0.4, 0.995975, -0.087513, -0.019364, 0.0, 0.0, 0.0, 0.0, 1.0],
                [0.590575, 0.765692, 0.254826, 0.0, -0.139744, -0.21397, 0.966793, 0.4, 0.794791, -0.606574, -0.019364, 0.0, 0.0, 0.0, 0.0, 1.0],
                [0.119332, 0.959595, 0.254826, -0.0, -0.011568, -0.255299, 0.966793, 0.4, 0.992787, -0.118318, -0.019364, -0.0, 0.0, 0.0, 0.0, 1.0],
                [0.119332, 0.959595, 0.254826, -0.0, -0.011568, -0.255299, 0.966793, 0.4, 0.992787, -0.118318, -0.019364, -0.0, 0.0, 0.0, 0.0, 1.0]
            ]
        },
        {
            "name": "Arm_R",
            "time": [0.0, 0.25, 0.4, 0.5667, 0.85, 1.0],
            "transform": [
                [-0.080759, 0.106418, -0.991036, 0.0, 0.900883, 0.433229, -0.026893, 0.39386, 0.426484, -0.894979, -0.130857, -0.0, 0.0, 0.0, 0.0, 1.0],
                [-0.241246, 0.236119, -0.941301, 0.0, 0.540455, 0.838306, 0.07177, 0.39386, 0.806045, -0.491417, -0.329849, 0.0, 0.0, 0.0, 0.0, 1.0],
                [0.585474, -0.803949, 0.10434, 0.0, 0.788548, 0.534869, -0.303493, 0.39386, 0.188184, 0.259964, 0.947104, 0.0, 0.0, 0.0, 0.0, 1.0],
                [0.585474, -0.803949, 0.104341, 0.0, 0.788548, 0.534869, -0.303493, 0.393861, 0.188184, 0.259964, 0.947104, -1e-06, 0.0, 0.0, 0.0, 1.0],
                [-0.186157, 0.134366, -0.973289, -1e-06, 0.886668, 0.449736, -0.107502, 0.393861, 0.423279, -0.882996, -0.20286, -0.0, 0.0, 0.0, 0.0, 1.0],
                [-0.186157, 0.134366, -0.973289, -0.0, 0.886668, 0.449736, -0.107502, 0.39386, 0.423279, -0.882996, -0.20286, -0.0, 0.0, 0.0, 0.0, 1.0]
            ]
        },
        {
            "name": "Hand_R",
            "time": [0.0, 0.25, 0.4, 0.5667, 0.85, 1.0],
            "transform": [
                [0.999985, 0.001967, 0.005191, 0.0, -0.00125, 0.990903, -0.134572, 0.3, -0.005409, 0.134564, 0.99089, 0.0, 0.0, 0.0, 0.0, 1.0],
                [0.999985, 0.000533, 0.005526, -0.0, -0.00125, 0.991418, 0.130725, 0.3, -0.005409, -0.13073, 0.991403, -0.0, 0.0, 0.0, 0.0, 1.0],
                [0.883234, -0.4689, 0.005501, -0.0, 0.466501, 0.879786, 0.0914, 0.3, -0.047697, -0.078161, 0.995799, 0.0, 0.0, 0.0, 0.0, 1.0],
                [0.464865, -0.885365, 0.005501, 0.0, 0.881439, 0.463371, 0.0914, 0.3, -0.083471, -0.03764, 0.995799, -1e-06, 0.0, 0.0, 0.0, 1.0],
                [0.998137, -0.048915, 0.036462, -0.0, 0.060006, 0.895061, -0.441888, 0.3, -0.011021, 0.443253, 0.896329, 0.0, 0.0, 0.0, 0.0, 1.0],
                [0.998137, -0.048915, 0.036462, 0.0, 0.060006, 0.895061, -0.441888, 0.300001, -0.011021, 0.443253, 0.896329, 0.0, 0.0, 0.0, 0.0, 1.0]
            ]
        },
        {
            "name": "Tool_R",
            "time": [0.0, 1.0],
            "transform": [
                [1.0, 0.0, 0.0, -0.0, -0.0, -0.997235, 0.074311, 0.38343, 0.0, -0.074278, -0.996644, 0.024241, 0.0, 0.0, 0.0, 1.0],
                [1.0, 0.0, 0.0, 0.0, 0.0, -0.997235, 0.074311, 0.383429, 0.0, -0.074278, -0.996644, 0.024241, 0.0, 0.0, 0.0, 1.0]
            ]
        },
        {
            "name": "Elbow_R",
            "time": [0.0, 1.0],
            "transform": [
                [-1.0, 0.0, -0.0, 0.0, 0.0, -0.0, -1.0, 0.3, -0.0, -1.0, 0.0, 0.0, 0.0, 0.0, 0.0, 1.0],
                [-1.0, 0.0, -0.0, 0.0, 0.0, -0.0, -1.0, 0.300001, -0.0, -1.0, 0.0, 0.0, 0.0, 0.0, 0.0, 1.0]
            ]
        },
        {
            "name": "Shoulder_L",
            "time": [0.0, 0.25, 0.3333, 0.85, 1.0],
            "transform": [
                [0.088499, -0.963063, -0.254316, -0.0, -0.003902, -0.255651, 0.966761, 0.4, -0.996069, -0.084565, -0.026383, 0.0, 0.0, 0.0, 0.0, 1.0],
                [0.088499, -0.963063, -0.254316, -0.0, -0.003902, -0.255651, 0.966761, 0.4, -0.996069, -0.084565, -0.026383, -0.0, 0.0, 0.0, 0.0, 1.0],
                [-0.367472, -0.894588, -0.254316, -0.0, -0.121829, -0.22479, 0.966761, 0.4, -0.922021, 0.386241, -0.026383, 0.0, 0.0, 0.0, 0.0, 1.0],
                [-0.04416, -0.966112, -0.254316, 0.0, -0.03886, -0.252711, 0.966761, 0.4, -0.998268, 0.052575, -0.026383, -0.0, 0.0, 0.0, 0.0, 1.0],
                [-0.04416, -0.966112, -0.254316, -0.0, -0.03886, -0.252711, 0.966761, 0.4, -0.998268, 0.052575, -0.026383, -0.0, 0.0, 0.0, 0.0, 1.0]
            ]
        },
        {
            "name": "Arm_L",
            "time": [0.0, 0.25, 0.3333, 0.6833, 0.85, 1.0],
            "transform": [
                [0.159331, -0.028141, 0.986824, -0.0, -0.888795, 0.431012, 0.155794, 0.39386, -0.429717, -0.901907, 0.043662, 0.0, 0.0, 0.0, 0.0, 1.0],
                [0.359532, 0.216339, 0.907708, -0.0, -0.793516, 0.582718, 0.175419, 0.39386, -0.490988, -0.78335, 0.381174, 0.0, 0.0, 0.0, 0.0, 1.0],
                [0.499524, -0.670614, 0.548409, -0.0, -0.790393, -0.093668, 0.605396, 0.39386, -0.354619, -0.735869, -0.576838, 0.0, 0.0, 0.0, 0.0, 1.0],
                [-0.523407, -0.319506, 0.789912, -0.0, -0.721635, 0.659159, -0.211546, 0.393861, -0.453088, -0.680753, -0.575575, -0.0, 0.0, 0.0, 0.0, 1.0],
                [-0.071169, 0.318208, 0.945346, 0.0, -0.954243, 0.254244, -0.157419, 0.39386, -0.29044, -0.913293, 0.285553, 0.0, 0.0, 0.0, 0.0, 1.0],
                [-0.071169, 0.318208, 0.945346, -0.0, -0.954243, 0.254244, -0.157419, 0.39386, -0.29044, -0.913293, 0.285553, -0.0, 0.0, 0.0, 0.0, 1.0]
            ]
        },
        {
            "name": "Hand_L",
            "time": [0.0, 1.0],
            "transform": [
                [0.99932, -0.036188, 0.007115, -0.0, 0.03687, 0.985095, -0.168014, 0.3, -0.000929, 0.168162, 0.985759, 0.0, 0.0, 0.0, 0.0, 1.0],
                [0.99932, -0.036188, 0.007115, -0.0, 0.03687, 0.985095, -0.168014, 0.3, -0.000929, 0.168162, 0.985759, 0.0, 0.0, 0.0, 0.0, 1.0]
            ]
        },
        {
            "name": "Tool_L",
            "time": [0.0, 1.0],
            "transform": [
                [1.0, 0.0, 0.0, -0.0, 0.0, -0.994551, 0.104255, 0.379125, 0.0, -0.104205, -0.993964, 0.040356, 0.0, 0.0, 0.0, 1.0],
                [1.0, 0.0, 0.0, 0.0, 0.0, -0.994551, 0.104255, 0.379125, 0.0, -0.104205, -0.993964, 0.040356, 0.0, 0.0, 0.0, 1.0]
            ]
        },
        {
            "name": "Elbow_L",
            "time": [0.0, 1.0],
            "transform": [
                [-1.0, 0.0, -0.0, -0.0, 0.0, -0.0, -1.0, 0.3, -0.0, -1.0, -0.0, 0.0, 0.0, 0.0, 0.0, 1.0],
                [-1.0, 0.0, -0.0, -0.0, 0.0, -0.0, -1.0, 0.3, -0.0, -1.0, -0.0, 0.0, 0.0, 0.0, 0.0, 1.0]
            ]
        }
    ]
}