{
    
    "animation": [
        {
            "name": "Root",
            "time": [0.0, 0.0167, 0.1833, 0.2833, 0.4667, 0.5833, 0.7833],
            "transform": [
                [0.962231, 0.016609, -0.271727, 0.053273, -0.272201, 0.074377, -0.959362, 0.100806, 0.004276, 0.997092, 0.076089, 0.609904, 0.0, 0.0, 0.0, 1.0],
                [0.962231, 0.016609, -0.271727, 0.053273, -0.272201, 0.074377, -0.959362, 0.100806, 0.004276, 0.997092, 0.076089, 0.609904, 0.0, 0.0, 0.0, 1.0],
                [0.962231, 0.016609, -0.271727, 0.053273, -0.272201, 0.074377, -0.959362, 0.100806, 0.004276, 0.997092, 0.076089, 0.609904, 0.0, 0.0, 0.0, 1.0],
                [0.962231, 0.016609, -0.271727, 0.053273, -0.272201, 0.074377, -0.959362, 0.100806, 0.004276, 0.997092, 0.076089, 0.609904, 0.0, 0.0, 0.0, 1.0],
                [0.962231, 0.016609, -0.271727, -0.046539, -0.272201, 0.074377, -0.959362, -0.479417, 0.004276, 0.997092, 0.076089, 0.704257, 0.0, 0.0, 0.0, 1.0],
                [0.962231, 0.016609, -0.271727, -0.095611, -0.272201, 0.074377, -0.959362, -0.762529, 0.004276, 0.997092, 0.076089, 0.667736, 0.0, 0.0, 0.0, 1.0],
                [0.962231, 0.016609, -0.271727, -0.094882, -0.272201, 0.074377, -0.959362, -0.759263, 0.004276, 0.997092, 0.076089, 0.711517, 0.0, 0.0, 0.0, 1.0]
            ]
        },
        {
            "name": "Thigh_R",
            "time": [0.0, 0.1833, 0.2833, 0.5833, 0.7833],
            "transform": [
                [0.955641, -0.235298, -0.177156, 0.124994, 0.070393, -0.401586, 0.913112, -0.002831, -0.285998, -0.885076, -0.36721, -1.2e-05, 0.0, 0.0, 0.0, 1.0],
                [0.955641, -0.034693, -0.292483, 0.124994, 0.070393, -0.937356, 0.341183, -0.002831, -0.285998, -0.346636, -0.893336, -1.2e-05, 0.0, 0.0, 0.0, 1.0],
                [0.955641, -0.034693, -0.292483, 0.124994, 0.070393, -0.937356, 0.341183, -0.002831, -0.285998, -0.346636, -0.893336, -1.2e-05, 0.0, 0.0, 0.0, 1.0],
                [0.955641, -0.145863, -0.255879, 0.124994, 0.070393, -0.730471, 0.679304, -0.002831, -0.285998, -0.667182, -0.687803, -1.2e-05, 0.0, 0.0, 0.0, 1.0],
                [0.955641, -0.086593, -0.281517, 0.124994, 0.070393, -0.860955, 0.503783, -0.002831, -0.285998, -0.501252, -0.816671, -1.2e-05, 0.0, 0.0, 0.0, 1.0]
            ]
        },
        {
            "name": "Leg_R",
            "time": [0.0, 0.1833, 0.2833, 0.4833, 0.5833, 0.7833],
            "transform": [
                [0.988594, -0.118411, -0.093064, -0.0, 0.149701, 0.704964, 0.693264, 0.37472, -0.016483, -0.699289, 0.714649, 0.0, 0.0, 0.0, 0.0, 1.0],
                [0.988594, -0.073366, -0.131528, 0.0, 0.149701, 0.383107, 0.911492, 0.37472, -0.016483, -0.920787, 0.389719, -0.0, 0.0, 0.0, 0.0, 1.0],
                [0.988594, -0.085505, -0.12398, 0.0, 0.149701, 0.467796, 0.871066, 0.37472, -0.016483, -0.879691, 0.47526, -0.0, 0.0, 0.0, 0.0, 1.0],
                [0.988594, -0.134552, -0.067661, 0.0, 0.149701, 0.82874, 0.53924, 0.37472, -0.016483, -0.54322, 0.839428, 0.0, 0.0, 0.0, 0.0, 1.0],
                [0.988594, -0.150233, -0.010598, 0.0, 0.149701, 0.972519, 0.178321, 0.37472, -0.016483, -0.177874, 0.983914, -0.0, 0.0, 0.0, 0.0, 1.0],
                [0.988594, -0.150233, -0.010598, -0.0, 0.149701, 0.972519, 0.178321, 0.37472, -0.016483, -0.177874, 0.983914, 0.0, 0.0, 0.0, 0.0, 1.0]
            ]
        },
        {
            "name": "Knee_R",
            "time": [0.0, 0.2833, 0.7833],
            "transform": [
                [1.0, 0.0, -0.0, -0.0, -0.0, 1e-06, -1.0, 0.37472, -0.0, 1.0, 1e-06, 0.0, 0.0, 0.0, 0.0, 1.0],
                [1.0, 0.0, -0.0, 0.0, -0.0, 1e-06, -1.0, 0.37472, -0.0, 1.0, 1e-06, -0.0, 0.0, 0.0, 0.0, 1.0],
                [1.0, 0.0, -0.0, -0.0, -0.0, 1e-06, -1.0, 0.37472, -0.0, 1.0, 1e-06, 0.0, 0.0, 0.0, 0.0, 1.0]
            ]
        },
        {
            "name": "Thigh_L",
            "time": [0.0, 0.1833, 0.2833, 0.4833, 0.7833],
            "transform": [
                [0.870024, -0.016103, -0.492745, -0.125006, -0.306843, -0.799977, -0.51564, -0.002831, -0.385881, 0.599815, -0.70094, -1.2e-05, 0.0, 0.0, 0.0, 1.0],
                [0.940425, -0.233744, 0.246908, -0.125006, 0.008208, 0.741597, 0.670795, -0.002831, -0.3399, -0.628807, 0.699335, -1.2e-05, 0.0, 0.0, 0.0, 1.0],
                [0.940425, -0.233744, 0.246908, -0.125006, 0.008208, 0.741597, 0.670795, -0.002831, -0.3399, -0.628807, 0.699335, -1.2e-05, 0.0, 0.0, 0.0, 1.0],
                [0.940425, -0.337925, 0.037503, -0.125006, 0.008208, 0.132835, 0.991104, -0.002831, -0.3399, -0.931752, 0.127695, -1.2e-05, 0.0, 0.0, 0.0, 1.0],
                [0.940425, 0.048536, -0.336517, -0.125006, 0.008208, -0.992711, -0.120241, -0.002831, -0.3399, 0.110316, -0.933969, -1.2e-05, 0.0, 0.0, 0.0, 1.0]
            ]
        },
        {
            "name": "Leg_L",
            "time": [0.0, 0.1833, 0.2833, 0.4833, 0.7833],
            "transform": [
                [1.0, -0.0, 1e-06, -0.0, 0.0, 0.952451, 0.30469, 0.37472, -1e-06, -0.30469, 0.952452, -0.0, 0.0, 0.0, 0.0, 1.0],
                [1.0, -1e-06, 0.0, -0.0, 0.0, 0.24198, 0.970282, 0.37472, -1e-06, -0.970281, 0.241981, -0.0, 0.0, 0.0, 0.0, 1.0],
                [1.0, -1e-06, 0.0, -0.0, 0.0, 0.24198, 0.970282, 0.37472, -1e-06, -0.970281, 0.241981, -0.0, 0.0, 0.0, 0.0, 1.0],
                [1.0, -0.0, 1e-06, -0.0, 0.0, 0.983627, 0.180215, 0.37472, -1e-06, -0.180215, 0.983627, 0.0, 0.0, 0.0, 0.0, 1.0],
                [1.0, -0.0, 1e-06, 0.0, 0.0, 0.983627, 0.180215, 0.37472, -1e-06, -0.180215, 0.983628, 0.0, 0.0, 0.0, 0.0, 1.0]
            ]
        },
        {
            "name": "Knee_L",
            "time": [0.0, 0.1833, 0.2833, 0.5833, 0.7833],
            "transform": [
                [1.0, 0.0, -0.0, -0.0, -0.0, 1e-06, -1.0, 0.37472, -0.0, 1.0, 1e-06, -0.0, 0.0, 0.0, 0.0, 1.0],
                [1.0, 0.0, -0.0, -0.0, -0.0, 0.497839, -0.867269, 0.37472, -0.0, 0.867269, 0.497839, -0.0, 0.0, 0.0, 0.0, 1.0],
                [1.0, 0.0, -0.0, -0.0, -0.0, 0.497839, -0.867269, 0.37472, -0.0, 0.867269, 0.497839, -0.0, 0.0, 0.0, 0.0, 1.0],
                [1.0, 0.0, -0.0, -0.0, -0.0, 0.112262, -0.993679, 0.37472, -0.0, 0.993679, 0.112262, 0.0, 0.0, 0.0, 0.0, 1.0],
                [1.0, 0.0, -0.0, 0.0, -0.0, 0.112262, -0.993679, 0.37472, -0.0, 0.993679, 0.112262, 0.0, 0.0, 0.0, 0.0, 1.0]
            ]
        },
        {
            "name": "Torso",
            "time": [0.0, 0.1833, 0.2833, 0.7833],
            "transform": [
                [0.891025, -0.043806, 0.451836, 0.0, -0.095169, 0.955189, 0.280281, 0.05, -0.443867, -0.292738, 0.846928, -0.0, 0.0, 0.0, 0.0, 1.0],
                [0.992572, 0.120029, -0.019824, 0.0, -0.120523, 0.992371, -0.025978, 0.05, 0.016555, 0.028175, 0.999466, -0.0, 0.0, 0.0, 0.0, 1.0],
                [0.992572, 0.120029, -0.019824, 0.0, -0.120523, 0.992371, -0.025978, 0.05, 0.016555, 0.028175, 0.999466, -0.0, 0.0, 0.0, 0.0, 1.0],
                [0.992572, 0.120029, -0.019824, 0.0, -0.120523, 0.992371, -0.025978, 0.05, 0.016555, 0.028175, 0.999466, -0.0, 0.0, 0.0, 0.0, 1.0]
            ]
        },
        {
            "name": "Chest",
            "time": [0.0, 0.2833, 0.5833, 0.7833],
            "transform": [
                [0.479261, -0.021411, 0.877411, -0.0, -0.006616, 0.999586, 0.028007, 0.3, -0.877648, -0.019228, 0.47892, 0.0, 0.0, 0.0, 0.0, 1.0],
                [0.479261, -0.021411, 0.877411, 0.0, -0.006616, 0.999586, 0.028007, 0.3, -0.877648, -0.019228, 0.47892, 0.0, 0.0, 0.0, 0.0, 1.0],
                [0.992074, -0.057948, -0.111492, -0.0, 0.023624, 0.957505, -0.287447, 0.3, 0.123411, 0.282535, 0.951285, 0.0, 0.0, 0.0, 0.0, 1.0],
                [0.96354, -0.021411, 0.266706, 0.0, 0.015501, 0.999586, 0.024246, 0.3, -0.267115, -0.019228, 0.963473, 0.0, 0.0, 0.0, 0.0, 1.0]
            ]
        },
        {
            "name": "Head",
            "time": [0.0, 0.1833, 0.2833, 0.5833, 0.7833],
            "transform": [
                [0.385834, 0.037721, -0.921797, 0.0, -0.060367, 0.998055, 0.015574, 0.4, 0.920591, 0.049637, 0.38736, -0.0, 0.0, 0.0, 0.0, 1.0],
                [0.852859, 0.293291, -0.431986, 0.0, -0.058041, 0.87546, 0.479793, 0.4, 0.518905, -0.384123, 0.763667, 0.0, 0.0, 0.0, 0.0, 1.0],
                [0.852859, 0.293291, -0.431986, 0.0, -0.058041, 0.87546, 0.479793, 0.4, 0.518905, -0.384123, 0.763667, 0.0, 0.0, 0.0, 0.0, 1.0],
                [0.880916, -0.020571, 0.472825, -0.0, -0.093447, 0.971827, 0.216381, 0.4, -0.463955, -0.234798, 0.854176, 0.0, 0.0, 0.0, 0.0, 1.0],
                [0.880916, -0.020571, 0.472825, 0.0, -0.093447, 0.971826, 0.216381, 0.4, -0.463955, -0.234798, 0.854176, 0.0, 0.0, 0.0, 0.0, 1.0]
            ]
        },
        {
            "name": "Shoulder_R",
            "time": [0.0, 0.1833, 0.2833, 0.5833, 0.7833],
            "transform": [
                [0.089555, 0.962831, 0.254826, 0.0, -0.003656, -0.255535, 0.966793, 0.4, 0.995975, -0.087513, -0.019364, -0.0, 0.0, 0.0, 0.0, 1.0],
                [0.427942, 0.721934, 0.543761, 0.0, -0.094794, -0.562465, 0.821369, 0.4, 0.898821, -0.403044, -0.172268, 0.0, 0.0, 0.0, 0.0, 1.0],
                [0.427942, 0.721934, 0.543761, 0.0, -0.094794, -0.562465, 0.821369, 0.4, 0.898821, -0.403044, -0.172268, 0.0, 0.0, 0.0, 0.0, 1.0],
                [-0.363855, 0.756263, 0.543761, -0.0, 0.4157, -0.390571, 0.821369, 0.4, 0.833548, 0.524901, -0.172268, 0.0, 0.0, 0.0, 0.0, 1.0],
                [-0.140826, 0.82734, 0.543761, 0.0, 0.291657, -0.490192, 0.821369, 0.4, 0.946099, 0.274262, -0.172268, 0.0, 0.0, 0.0, 0.0, 1.0]
            ]
        },
        {
            "name": "Arm_R",
            "time": [0.0, 0.1833, 0.2833, 0.5833, 0.7833],
            "transform": [
                [0.875177, -0.428397, 0.224817, -0.0, 0.478484, 0.835148, -0.271258, 0.393861, -0.071549, 0.34497, 0.935883, -0.0, 0.0, 0.0, 0.0, 1.0],
                [0.875176, -0.478284, 0.072877, -0.0, 0.478484, 0.877954, 0.015821, 0.39386, -0.071549, 0.021024, 0.997215, -0.0, 0.0, 0.0, 0.0, 1.0],
                [0.875176, -0.478284, 0.072877, -0.0, 0.478484, 0.877954, 0.015821, 0.39386, -0.071549, 0.021024, 0.997215, -0.0, 0.0, 0.0, 0.0, 1.0],
                [0.987466, 0.139997, 0.072877, -0.0, -0.141498, 0.989812, 0.015821, 0.39386, -0.069919, -0.025935, 0.997216, -0.0, 0.0, 0.0, 0.0, 1.0],
                [-0.183342, -0.315875, -0.930918, -0.0, 0.586777, 0.724608, -0.361435, 0.393861, 0.788719, -0.612508, 0.052497, 0.0, 0.0, 0.0, 0.0, 1.0]
            ]
        },
        {
            "name": "Hand_R",
            "time": [0.0, 0.2833, 0.5833, 0.7833],
            "transform": [
                [0.972677, -0.232097, 0.00551, 0.0, 0.230259, 0.967465, 0.104848, 0.3, -0.029666, -0.100715, 0.994473, 0.0, 0.0, 0.0, 0.0, 1.0],
                [0.972677, -0.232097, 0.00551, 0.0, 0.230259, 0.967465, 0.104848, 0.3, -0.029666, -0.100715, 0.994473, -0.0, 0.0, 0.0, 0.0, 1.0],
                [0.662889, -0.748698, 0.00551, -0.0, 0.744199, 0.659677, 0.104848, 0.3, -0.082134, -0.065402, 0.994473, 0.0, 0.0, 0.0, 0.0, 1.0],
                [0.999382, -0.034718, 0.00551, 0.0, 0.03395, 0.993909, 0.104848, 0.3, -0.009117, -0.104596, 0.994473, 0.0, 0.0, 0.0, 0.0, 1.0]
            ]
        },
        {
            "name": "Tool_R",
            "time": [0.0, 0.2833, 0.7833],
            "transform": [
                [1.0, 0.0, 0.0, -0.0, 0.0, -0.997235, 0.074311, 0.38343, 0.0, -0.074278, -0.996644, 0.024241, 0.0, 0.0, 0.0, 1.0],
                [1.0, -0.0, 0.0, -0.0, 0.0, -0.997235, 0.074311, 0.38343, 0.0, -0.074278, -0.996644, 0.024241, 0.0, 0.0, 0.0, 1.0],
                [1.0, 0.0, 0.0, -0.0, 0.0, -0.997235, 0.074311, 0.38343, 0.0, -0.074278, -0.996644, 0.024241, 0.0, 0.0, 0.0, 1.0]
            ]
        },
        {
            "name": "Elbow_R",
            "time": [0.0, 0.2833, 0.7833],
            "transform": [
                [-1.0, 0.0, -0.0, 0.0, 0.0, 0.0, -1.0, 0.3, -0.0, -1.0, 0.0, 0.0, 0.0, 0.0, 0.0, 1.0],
                [-1.0, 0.0, -0.0, 0.0, -0.0, -0.0, -1.0, 0.3, -0.0, -1.0, 0.0, -0.0, 0.0, 0.0, 0.0, 1.0],
                [-1.0, 0.0, -0.0, 0.0, 0.0, -0.0, -1.0, 0.3, -0.0, -1.0, 0.0, 0.0, 0.0, 0.0, 0.0, 1.0]
            ]
        },
        {
            "name": "Shoulder_L",
            "time": [0.0, 0.2833, 0.7833],
            "transform": [
                [0.088499, -0.963063, -0.254316, 0.0, -0.003902, -0.255651, 0.966761, 0.4, -0.996069, -0.084565, -0.026383, -0.0, 0.0, 0.0, 0.0, 1.0],
                [0.088499, -0.963063, -0.254316, 0.0, -0.003902, -0.255651, 0.966761, 0.4, -0.996069, -0.084565, -0.026383, 0.0, 0.0, 0.0, 0.0, 1.0],
                [0.088499, -0.963063, -0.254316, 0.0, -0.003902, -0.255651, 0.966761, 0.4, -0.996069, -0.084565, -0.026383, 0.0, 0.0, 0.0, 0.0, 1.0]
            ]
        },
        {
            "name": "Arm_L",
            "time": [0.0, 0.1833, 0.2833, 0.5833, 0.7833],
            "transform": [
                [0.159331, -0.028141, 0.986824, -0.0, -0.888795, 0.431012, 0.155794, 0.39386, -0.429717, -0.901907, 0.043662, 0.0, 0.0, 0.0, 0.0, 1.0],
                [0.159331, -0.563686, 0.810476, -0.0, -0.888795, 0.275443, 0.366298, 0.39386, -0.429717, -0.77871, -0.457115, -0.0, 0.0, 0.0, 0.0, 1.0],
                [0.159331, -0.563686, 0.810476, -0.0, -0.888795, 0.275443, 0.366298, 0.39386, -0.429717, -0.77871, -0.457115, -0.0, 0.0, 0.0, 0.0, 1.0],
                [0.159331, -0.563686, 0.810476, 0.0, -0.888795, 0.275443, 0.366298, 0.39386, -0.429717, -0.77871, -0.457115, 0.0, 0.0, 0.0, 0.0, 1.0],
                [0.159331, -0.053714, 0.985763, 0.0, -0.888795, 0.426828, 0.166915, 0.39386, -0.429717, -0.902736, 0.020266, 0.0, 0.0, 0.0, 0.0, 1.0]
            ]
        },
        {
            "name": "Hand_L",
            "time": [0.0, 0.1833, 0.2833, 0.5833, 0.7833],
            "transform": [
                [0.99932, -0.036188, 0.007115, -0.0, 0.036869, 0.985095, -0.168014, 0.3, -0.000929, 0.168162, 0.985759, -0.0, 0.0, 0.0, 0.0, 1.0],
                [0.99932, -0.017046, 0.032706, 0.0, 0.03687, 0.484041, -0.874269, 0.3, -0.000928, 0.874879, 0.484341, -0.0, 0.0, 0.0, 0.0, 1.0],
                [0.99932, -0.017046, 0.032706, 0.0, 0.03687, 0.484041, -0.874269, 0.3, -0.000928, 0.874879, 0.484341, -0.0, 0.0, 0.0, 0.0, 1.0],
                [0.99932, -0.017046, 0.032706, 0.0, 0.03687, 0.484041, -0.874268, 0.3, -0.000928, 0.874879, 0.484341, -0.0, 0.0, 0.0, 0.0, 1.0],
                [0.99932, -0.036675, 0.003898, -0.0, 0.03687, 0.996068, -0.080564, 0.3, -0.000928, 0.080653, 0.996742, 0.0, 0.0, 0.0, 0.0, 1.0]
            ]
        },
        {
            "name": "Tool_L",
            "time": [0.0, 0.2833, 0.7833],
            "transform": [
                [1.0, 0.0, 0.0, -0.0, -0.0, -0.994551, 0.104255, 0.379125, 0.0, -0.104205, -0.993964, 0.040356, 0.0, 0.0, 0.0, 1.0],
                [1.0, 0.0, 0.0, -0.0, 0.0, -0.994551, 0.104255, 0.379125, 0.0, -0.104205, -0.993964, 0.040356, 0.0, 0.0, 0.0, 1.0],
                [1.0, 0.0, 0.0, 0.0, 0.0, -0.994551, 0.104255, 0.379125, 0.0, -0.104205, -0.993964, 0.040356, 0.0, 0.0, 0.0, 1.0]
            ]
        },
        {
            "name": "Elbow_L",
            "time": [0.0, 0.2833, 0.7833],
            "transform": [
                [-1.0, 0.0, -0.0, -0.0, 0.0, -0.0, -1.0, 0.3, -0.0, -1.0, -0.0, -0.0, 0.0, 0.0, 0.0, 1.0],
                [-1.0, 0.0, -0.0, 0.0, 0.0, -0.0, -1.0, 0.3, -0.0, -1.0, -0.0, -0.0, 0.0, 0.0, 0.0, 1.0],
                [-1.0, 0.0, -0.0, -0.0, 0.0, -0.0, -1.0, 0.3, -0.0, -1.0, -0.0, 0.0, 0.0, 0.0, 0.0, 1.0]
            ]
        }
    ]
}