{
    
    "animation": [
        {
            "name": "Root",
            "time": [0.0, 0.3333],
            "transform": [
                [0.854689, 0.072051, -0.514116, -0.003147, -0.51914, 0.118622, -0.846417, -0.004228, 0.0, 0.990322, 0.13879, 0.679857, 0.0, 0.0, 0.0, 1.0],
                [0.851821, 0.131282, -0.507116, -0.087465, -0.523323, 0.170546, -0.834893, -0.433947, -0.02312, 0.976565, 0.213978, 0.674973, 0.0, 0.0, 0.0, 1.0]
            ]
        },
        {
            "name": "Thigh_R",
            "time": [0.0, 0.3333],
            "transform": [
                [0.855967, 0.505342, -0.10931, 0.124994, 0.498767, -0.86276, -0.082903, -0.002831, -0.136203, 0.016443, -0.990545, -1.2e-05, 0.0, 0.0, 0.0, 1.0],
                [0.855967, 0.514859, -0.047317, 0.124994, 0.498767, -0.846374, -0.18676, -0.002831, -0.136203, 0.136261, -0.981266, -1.2e-05, 0.0, 0.0, 0.0, 1.0]
            ]
        },
        {
            "name": "Leg_R",
            "time": [0.0, 0.3333],
            "transform": [
                [0.988594, -0.150125, -0.01203, -0.0, 0.149701, 0.970775, 0.187583, 0.37472, -0.016483, -0.187244, 0.982174, -0.0, 0.0, 0.0, 0.0, 1.0],
                [0.988594, -0.145861, -0.037507, 0.0, 0.149701, 0.924439, 0.350718, 0.37472, -0.016483, -0.352333, 0.935729, 0.0, 0.0, 0.0, 0.0, 1.0]
            ]
        },
        {
            "name": "Knee_R",
            "time": [0.0, 0.3333],
            "transform": [
                [1.0, 0.0, -0.0, -0.0, -0.0, 1e-06, -1.0, 0.37472, -0.0, 1.0, 1e-06, -0.0, 0.0, 0.0, 0.0, 1.0],
                [1.0, 0.0, -0.0, 0.0, -0.0, 1e-06, -1.0, 0.37472, -0.0, 1.0, 1e-06, 0.0, 0.0, 0.0, 0.0, 1.0]
            ]
        },
        {
            "name": "Thigh_L",
            "time": [0.0, 0.3333],
            "transform": [
                [0.869268, -0.422987, -0.255842, -0.125006, -0.024783, -0.554181, 0.832026, -0.002831, -0.493719, -0.716914, -0.492215, -1.2e-05, 0.0, 0.0, 0.0, 1.0],
                [0.95029, -0.197265, -0.240902, -0.125006, 0.090322, -0.565783, 0.819592, -0.002831, -0.297975, -0.80061, -0.519841, -1.2e-05, 0.0, 0.0, 0.0, 1.0]
            ]
        },
        {
            "name": "Leg_L",
            "time": [0.0, 0.3333],
            "transform": [
                [1.0, -1e-06, 0.0, -0.0, 0.0, 0.659315, 0.751867, 0.37472, -1e-06, -0.751867, 0.659315, 0.0, 0.0, 0.0, 0.0, 1.0],
                [1.0, -1e-06, 0.0, 0.0, 0.0, 0.73665, 0.676274, 0.37472, -1e-06, -0.676273, 0.736651, 0.0, 0.0, 0.0, 0.0, 1.0]
            ]
        },
        {
            "name": "Knee_L",
            "time": [0.0, 0.3333],
            "transform": [
                [1.0, 0.0, -0.0, -0.0, -0.0, 1e-06, -1.0, 0.37472, -0.0, 1.0, 1e-06, 0.0, 0.0, 0.0, 0.0, 1.0],
                [1.0, 0.0, -0.0, 0.0, -0.0, 1e-06, -1.0, 0.37472, -0.0, 1.0, 1e-06, 0.0, 0.0, 0.0, 0.0, 1.0]
            ]
        },
        {
            "name": "Torso",
            "time": [0.0, 0.2, 0.3333],
            "transform": [
                [0.99978, -0.019674, -0.007266, 0.0, 0.020971, 0.934555, 0.3552, 0.05, -0.000198, -0.355274, 0.934762, -0.0, 0.0, 0.0, 0.0, 1.0],
                [0.99978, -0.020815, -0.002563, -0.0, 0.020971, 0.991091, 0.131524, 0.05, -0.000198, -0.131549, 0.99131, -0.0, 0.0, 0.0, 0.0, 1.0],
                [0.99978, -0.020815, -0.002563, 0.0, 0.020971, 0.991091, 0.131524, 0.05, -0.000198, -0.131548, 0.99131, 0.0, 0.0, 0.0, 0.0, 1.0]
            ]
        },
        {
            "name": "Chest",
            "time": [0.0, 0.2, 0.3333],
            "transform": [
                [0.999771, -0.021411, -0.000206, -0.0, 0.021411, 0.999586, 0.019228, 0.3, -0.000206, -0.019228, 0.999815, -0.0, 0.0, 0.0, 0.0, 1.0],
                [0.99551, -0.021394, 0.092205, -0.0, 0.024225, 0.999265, -0.029697, 0.3, -0.091502, 0.031798, 0.995297, 0.0, 0.0, 0.0, 0.0, 1.0],
                [0.999771, -0.021411, -0.000206, -0.0, 0.021411, 0.999586, 0.019228, 0.3, -0.000206, -0.019228, 0.999815, 0.0, 0.0, 0.0, 0.0, 1.0]
            ]
        },
        {
            "name": "Head",
            "time": [0.0, 0.3333],
            "transform": [
                [0.85311, 0.12314, 0.50699, -0.0, -0.006297, 0.974107, -0.226, 0.4, -0.521693, 0.18961, 0.831796, 0.0, 0.0, 0.0, 0.0, 1.0],
                [0.85311, 0.12314, 0.50699, 0.0, -0.006297, 0.974107, -0.226, 0.4, -0.521693, 0.18961, 0.831796, 0.0, 0.0, 0.0, 0.0, 1.0]
            ]
        },
        {
            "name": "Shoulder_R",
            "time": [0.0, 0.3333],
            "transform": [
                [0.669341, 0.560512, 0.487657, -0.0, -0.28574, -0.411675, 0.865376, 0.4, 0.68581, -0.718575, -0.11539, 0.0, 0.0, 0.0, 0.0, 1.0],
                [0.669341, 0.560512, 0.487657, 0.0, -0.28574, -0.411675, 0.865376, 0.4, 0.68581, -0.718575, -0.11539, 0.0, 0.0, 0.0, 0.0, 1.0]
            ]
        },
        {
            "name": "Arm_R",
            "time": [0.0, 0.2, 0.3333],
            "transform": [
                [0.340532, -0.910703, -0.233788, 0.0, 0.57823, 0.398915, -0.7117, 0.393861, 0.741409, 0.107173, 0.66244, 0.0, 0.0, 0.0, 0.0, 1.0],
                [-0.023779, -0.799805, -0.599788, -0.0, 0.693907, 0.41869, -0.585825, 0.39386, 0.719671, -0.430128, 0.545035, 0.0, 0.0, 0.0, 0.0, 1.0],
                [-0.023779, -0.799805, -0.599788, 0.0, 0.693908, 0.41869, -0.585825, 0.393861, 0.719671, -0.430128, 0.545035, -0.0, 0.0, 0.0, 0.0, 1.0]
            ]
        },
        {
            "name": "Hand_R",
            "time": [0.0, 0.2, 0.3333],
            "transform": [
                [0.999985, 0.005514, 0.00064, 0.0, -0.00125, 0.335993, -0.941864, 0.3, -0.005409, 0.941848, 0.335995, -0.0, 0.0, 0.0, 0.0, 1.0],
                [0.999984, 0.005107, -0.002176, 0.0, -0.00125, -0.174714, -0.984619, 0.3, -0.005409, 0.984606, -0.174705, -0.0, 0.0, 0.0, 0.0, 1.0],
                [0.999985, 0.005107, -0.002176, 0.0, -0.00125, -0.174714, -0.984619, 0.3, -0.005409, 0.984606, -0.174705, -0.0, 0.0, 0.0, 0.0, 1.0]
            ]
        },
        {
            "name": "Tool_R",
            "time": [0.0, 0.3333],
            "transform": [
                [1.0, 0.0, 0.0, -0.0, 0.0, -0.997235, 0.074311, 0.38343, 0.0, -0.074277, -0.996644, 0.024241, 0.0, 0.0, 0.0, 1.0],
                [1.0, 0.0, 0.0, -0.0, 0.0, -0.997235, 0.074311, 0.383429, 0.0, -0.074278, -0.996644, 0.024241, 0.0, 0.0, 0.0, 1.0]
            ]
        },
        {
            "name": "Elbow_R",
            "time": [0.0, 0.3333],
            "transform": [
                [-1.0, 0.0, 0.0, 0.0, -0.0, 0.698479, -0.71563, 0.3, -0.0, -0.71563, -0.698479, -0.0, 0.0, 0.0, 0.0, 1.0],
                [-1.0, 0.0, 0.0, 0.0, -0.0, 0.698479, -0.71563, 0.3, -0.0, -0.71563, -0.698479, -0.0, 0.0, 0.0, 0.0, 1.0]
            ]
        },
        {
            "name": "Shoulder_L",
            "time": [0.0, 0.3333],
            "transform": [
                [0.225135, -0.940552, -0.254316, -0.0, 0.032649, -0.253588, 0.966761, 0.4, -0.97378, -0.225955, -0.026383, 0.0, 0.0, 0.0, 0.0, 1.0],
                [0.225135, -0.940552, -0.254316, 0.0, 0.032649, -0.253588, 0.966761, 0.4, -0.97378, -0.225955, -0.026383, 0.0, 0.0, 0.0, 0.0, 1.0]
            ]
        },
        {
            "name": "Arm_L",
            "time": [0.0, 0.2, 0.3333],
            "transform": [
                [0.328127, 0.944632, 0.001588, 0.0, -0.850329, 0.296101, -0.435046, 0.39386, -0.411429, 0.1414, 0.900407, -0.0, 0.0, 0.0, 0.0, 1.0],
                [0.328127, 0.767195, 0.55113, 0.0, -0.850329, 0.493998, -0.181404, 0.39386, -0.411429, -0.409118, 0.814462, -0.0, 0.0, 0.0, 0.0, 1.0],
                [0.328127, 0.767195, 0.55113, 0.0, -0.850329, 0.493998, -0.181404, 0.39386, -0.411429, -0.409118, 0.814462, -0.0, 0.0, 0.0, 0.0, 1.0]
            ]
        },
        {
            "name": "Hand_L",
            "time": [0.0, 0.2, 0.3333],
            "transform": [
                [0.99932, -0.006883, 0.036233, 0.0, 0.036869, 0.211177, -0.976753, 0.3, -0.000928, 0.977424, 0.211287, 0.0, 0.0, 0.0, 0.0, 1.0],
                [0.99932, 0.014065, 0.034094, 0.0, 0.036869, -0.357718, -0.933102, 0.3, -0.000928, 0.933724, -0.357993, 0.0, 0.0, 0.0, 0.0, 1.0],
                [0.99932, 0.014065, 0.034094, 0.0, 0.036869, -0.357718, -0.933102, 0.3, -0.000928, 0.933724, -0.357993, 0.0, 0.0, 0.0, 0.0, 1.0]
            ]
        },
        {
            "name": "Tool_L",
            "time": [0.0, 0.3333],
            "transform": [
                [1.0, 0.0, 0.0, 0.0, 0.0, -0.99455, 0.104255, 0.379125, 0.0, -0.104204, -0.993964, 0.040356, 0.0, 0.0, 0.0, 1.0],
                [1.0, 0.0, 0.0, -0.0, 0.0, -0.994551, 0.104255, 0.379125, 0.0, -0.104205, -0.993964, 0.040356, 0.0, 0.0, 0.0, 1.0]
            ]
        },
        {
            "name": "Elbow_L",
            "time": [0.0, 0.3333],
            "transform": [
                [-1.0, 0.0, -0.0, 0.0, 0.0, -0.0, -1.0, 0.3, -0.0, -1.0, -0.0, 0.0, 0.0, 0.0, 0.0, 1.0],
                [-1.0, 0.0, -0.0, 0.0, 0.0, -0.0, -1.0, 0.3, -0.0, -1.0, -0.0, 0.0, 0.0, 0.0, 0.0, 1.0]
            ]
        }
    ]
}