{
    
    "animation": [
        {
            "name": "Root",
            "time": [0.0, 2.6667],
            "transform": [
                [0.854689, 0.0, -0.51914, -5e-06, -0.51914, 0.0, -0.854689, 0.000946, 0.0, 1.0, 0.0, 0.642941, 0.0, 0.0, 0.0, 1.0],
                [0.854689, 0.0, -0.51914, -5e-06, -0.51914, 0.0, -0.854689, 0.000946, 0.0, 1.0, 0.0, 0.642941, 0.0, 0.0, 0.0, 1.0]
            ]
        },
        {
            "name": "Thigh_R",
            "time": [0.0, 2.6667],
            "transform": [
                [0.857515, 0.511697, 0.053226, 0.124994, 0.466799, -0.730406, -0.498602, -0.002831, -0.216257, 0.452404, -0.865196, -1.2e-05, 0.0, 0.0, 0.0, 1.0],
                [0.857515, 0.511697, 0.053226, 0.124994, 0.466799, -0.730406, -0.498602, -0.002831, -0.216257, 0.452404, -0.865196, -1.2e-05, 0.0, 0.0, 0.0, 1.0]
            ]
        },
        {
            "name": "Leg_R",
            "time": [0.0, 2.6667],
            "transform": [
                [0.988594, -0.150125, -0.01203, 0.0, 0.149701, 0.970775, 0.187583, 0.37472, -0.016483, -0.187244, 0.982174, -0.0, 0.0, 0.0, 0.0, 1.0],
                [0.988594, -0.150125, -0.01203, 0.0, 0.149701, 0.970775, 0.187583, 0.37472, -0.016483, -0.187244, 0.982174, -0.0, 0.0, 0.0, 0.0, 1.0]
            ]
        },
        {
            "name": "Knee_R",
            "time": [0.0, 2.6667],
            "transform": [
                [1.0, 0.0, -0.0, 0.0, -0.0, 1e-06, -1.0, 0.37472, -0.0, 1.0, 1e-06, -0.0, 0.0, 0.0, 0.0, 1.0],
                [1.0, 0.0, -0.0, 0.0, -0.0, 1e-06, -1.0, 0.37472, -0.0, 1.0, 1e-06, -0.0, 0.0, 0.0, 0.0, 1.0]
            ]
        },
        {
            "name": "Thigh_L",
            "time": [0.0, 2.6667],
            "transform": [
                [0.866588, -0.389005, -0.312568, -0.125006, -0.027838, -0.663071, 0.748039, -0.002831, -0.498246, -0.639541, -0.585439, -1.2e-05, 0.0, 0.0, 0.0, 1.0],
                [0.866588, -0.389005, -0.312568, -0.125006, -0.027838, -0.663071, 0.748039, -0.002831, -0.498246, -0.639541, -0.585439, -1.2e-05, 0.0, 0.0, 0.0, 1.0]
            ]
        },
        {
            "name": "Leg_L",
            "time": [0.0, 2.6667],
            "transform": [
                [1.0, -1e-06, 0.0, 0.0, 0.0, 0.666754, 0.745278, 0.37472, -1e-06, -0.745278, 0.666754, -0.0, 0.0, 0.0, 0.0, 1.0],
                [1.0, -1e-06, 0.0, 0.0, 0.0, 0.666754, 0.745278, 0.37472, -1e-06, -0.745278, 0.666754, -0.0, 0.0, 0.0, 0.0, 1.0]
            ]
        },
        {
            "name": "Knee_L",
            "time": [0.0, 2.6667],
            "transform": [
                [1.0, 0.0, -0.0, 0.0, -0.0, 1e-06, -1.0, 0.37472, -0.0, 1.0, 1e-06, -0.0, 0.0, 0.0, 0.0, 1.0],
                [1.0, 0.0, -0.0, 0.0, -0.0, 1e-06, -1.0, 0.37472, -0.0, 1.0, 1e-06, -0.0, 0.0, 0.0, 0.0, 1.0]
            ]
        },
        {
            "name": "Torso",
            "time": [0.0, 2.6667],
            "transform": [
                [0.99978, -0.020971, -0.000197, -0.0, 0.020971, 0.999603, 0.018833, 0.05, -0.000198, -0.018833, 0.999823, 0.0, 0.0, 0.0, 0.0, 1.0],
                [0.99978, -0.020971, -0.000197, -0.0, 0.020971, 0.999603, 0.018833, 0.05, -0.000198, -0.018833, 0.999823, 0.0, 0.0, 0.0, 0.0, 1.0]
            ]
        },
        {
            "name": "Chest",
            "time": [0.0, 1.35, 2.6667],
            "transform": [
                [0.959268, -0.094927, 0.266071, 0.0, 0.015122, 0.957757, 0.287182, 0.3, -0.282093, -0.271461, 0.920181, -0.0, 0.0, 0.0, 0.0, 1.0],
                [0.959268, -0.133532, 0.248947, 0.0, 0.015122, 0.904241, 0.426755, 0.3, -0.282093, -0.405608, 0.869428, -0.0, 0.0, 0.0, 0.0, 1.0],
                [0.959268, -0.094927, 0.266071, 0.0, 0.015122, 0.957757, 0.287182, 0.3, -0.282093, -0.271461, 0.920181, -0.0, 0.0, 0.0, 0.0, 1.0]
            ]
        },
        {
            "name": "Head",
            "time": [0.0, 2.6667],
            "transform": [
                [0.959114, 0.037721, 0.280494, 0.0, -0.022217, 0.998055, -0.058251, 0.4, -0.282146, 0.049637, 0.958087, -0.0, 0.0, 0.0, 0.0, 1.0],
                [0.959114, 0.037721, 0.280494, 0.0, -0.022217, 0.998055, -0.058251, 0.4, -0.282146, 0.049637, 0.958087, -0.0, 0.0, 0.0, 0.0, 1.0]
            ]
        },
        {
            "name": "Shoulder_R",
            "time": [0.0, 2.6667],
            "transform": [
                [0.773907, 0.579769, 0.254826, 0.0, -0.191897, -0.16878, 0.966793, 0.4, 0.603526, -0.797108, -0.019364, -0.0, 0.0, 0.0, 0.0, 1.0],
                [0.773907, 0.579769, 0.254826, 0.0, -0.191897, -0.16878, 0.966793, 0.4, 0.603526, -0.797108, -0.019364, -0.0, 0.0, 0.0, 0.0, 1.0]
            ]
        },
        {
            "name": "Arm_R",
            "time": [0.0, 1.35, 2.6667],
            "transform": [
                [0.324789, -0.795702, -0.511243, -0.0, 0.792498, 0.523986, -0.312067, 0.393861, 0.516197, -0.303803, 0.800778, 0.0, 0.0, 0.0, 0.0, 1.0],
                [0.324789, -0.899854, -0.291162, 0.0, 0.792498, 0.426953, -0.435498, 0.393861, 0.516197, -0.0893, 0.851802, 0.0, 0.0, 0.0, 0.0, 1.0],
                [0.324789, -0.795702, -0.511243, -0.0, 0.792498, 0.523986, -0.312067, 0.393861, 0.516197, -0.303803, 0.800778, 0.0, 0.0, 0.0, 0.0, 1.0]
            ]
        },
        {
            "name": "Hand_R",
            "time": [0.0, 2.6667],
            "transform": [
                [0.999985, 0.005114, -0.002161, -0.0, -0.00125, -0.171793, -0.985132, 0.3, -0.005409, 0.98512, -0.171784, 0.0, 0.0, 0.0, 0.0, 1.0],
                [0.999985, 0.005114, -0.002161, -0.0, -0.00125, -0.171793, -0.985132, 0.3, -0.005409, 0.98512, -0.171784, 0.0, 0.0, 0.0, 0.0, 1.0]
            ]
        },
        {
            "name": "Tool_R",
            "time": [0.0, 2.6667],
            "transform": [
                [1.0, 0.0, 0.0, -0.0, 0.0, -0.997235, 0.074311, 0.38343, 0.0, -0.074278, -0.996644, 0.024241, 0.0, 0.0, 0.0, 1.0],
                [1.0, 0.0, 0.0, -0.0, 0.0, -0.997235, 0.074311, 0.38343, 0.0, -0.074278, -0.996644, 0.024241, 0.0, 0.0, 0.0, 1.0]
            ]
        },
        {
            "name": "Elbow_R",
            "time": [0.0, 2.6667],
            "transform": [
                [-1.0, 0.0, 0.0, -0.0, 0.0, -0.0, -1.0, 0.3, -0.0, -1.0, 0.0, 0.0, 0.0, 0.0, 0.0, 1.0],
                [-1.0, 0.0, 0.0, -0.0, 0.0, -0.0, -1.0, 0.3, -0.0, -1.0, 0.0, 0.0, 0.0, 0.0, 0.0, 1.0]
            ]
        },
        {
            "name": "Shoulder_L",
            "time": [0.0, 2.6667],
            "transform": [
                [0.572353, -0.779574, -0.254316, 0.0, 0.128461, -0.221067, 0.966761, 0.4, -0.809882, -0.585998, -0.026383, -0.0, 0.0, 0.0, 0.0, 1.0],
                [0.572353, -0.779574, -0.254316, 0.0, 0.128461, -0.221067, 0.966761, 0.4, -0.809882, -0.585998, -0.026383, -0.0, 0.0, 0.0, 0.0, 1.0]
            ]
        },
        {
            "name": "Arm_L",
            "time": [0.0, 1.35, 2.6667],
            "transform": [
                [0.620939, 0.587724, 0.518666, -0.0, -0.682868, 0.73047, -0.01021, 0.39386, -0.384871, -0.347841, 0.854916, 0.0, 0.0, 0.0, 0.0, 1.0],
                [0.620939, 0.710631, 0.330814, 0.0, -0.682869, 0.69762, -0.216832, 0.39386, -0.384871, -0.091263, 0.918447, -0.0, 0.0, 0.0, 0.0, 1.0],
                [0.620939, 0.587724, 0.518666, -0.0, -0.682868, 0.73047, -0.01021, 0.39386, -0.384871, -0.347841, 0.854916, 0.0, 0.0, 0.0, 0.0, 1.0]
            ]
        },
        {
            "name": "Hand_L",
            "time": [0.0, 2.6667],
            "transform": [
                [0.99932, 0.012053, 0.034856, -0.0, 0.036869, -0.302687, -0.952377, 0.3, -0.000928, 0.953014, -0.302926, -0.0, 0.0, 0.0, 0.0, 1.0],
                [0.99932, 0.012053, 0.034856, -0.0, 0.036869, -0.302687, -0.952377, 0.3, -0.000928, 0.953014, -0.302926, -0.0, 0.0, 0.0, 0.0, 1.0]
            ]
        },
        {
            "name": "Tool_L",
            "time": [0.0, 2.6667],
            "transform": [
                [1.0, 0.0, 0.0, -0.0, 0.0, -0.994551, 0.104255, 0.379125, 0.0, -0.104205, -0.993964, 0.040356, 0.0, 0.0, 0.0, 1.0],
                [1.0, 0.0, 0.0, -0.0, 0.0, -0.994551, 0.104255, 0.379125, 0.0, -0.104205, -0.993964, 0.040356, 0.0, 0.0, 0.0, 1.0]
            ]
        },
        {
            "name": "Elbow_L",
            "time": [0.0, 2.6667],
            "transform": [
                [-1.0, 0.0, -0.0, -0.0, 0.0, -0.0, -1.0, 0.3, -0.0, -1.0, -0.0, -0.0, 0.0, 0.0, 0.0, 1.0],
                [-1.0, 0.0, -0.0, -0.0, 0.0, -0.0, -1.0, 0.3, -0.0, -1.0, -0.0, -0.0, 0.0, 0.0, 0.0, 1.0]
            ]
        }
    ]
}