{
    
    "animation": [
        {
            "name": "Root",
            "time": [0.0, 1.3333, 2.6667],
            "transform": [
                [0.854689, 0.0, -0.51914, -5e-06, -0.51914, 0.0, -0.854689, 0.000946, 0.0, 1.0, 0.0, 0.778809, 0.0, 0.0, 0.0, 1.0],
                [0.854689, 0.0, -0.51914, -5e-06, -0.51914, 0.0, -0.854689, 0.000946, 0.0, 1.0, 0.0, 0.753087, 0.0, 0.0, 0.0, 1.0],
                [0.854689, 0.0, -0.51914, -5e-06, -0.51914, 0.0, -0.854689, 0.000946, 0.0, 1.0, 0.0, 0.778809, 0.0, 0.0, 0.0, 1.0]
            ]
        },
        {
            "name": "Thigh_R",
            "time": [0.0, 1.3333, 2.6667],
            "transform": [
                [0.987312, 0.153797, 0.039507, 0.124994, 0.144458, -0.973248, 0.178653, -0.002831, 0.065927, -0.170679, -0.983119, -1.2e-05, 0.0, 0.0, 0.0, 1.0],
                [0.973701, 0.226966, 0.019801, 0.124994, 0.214052, -0.941119, 0.261673, -0.002831, 0.078026, -0.250552, -0.964954, -1.2e-05, 0.0, 0.0, 0.0, 1.0],
                [0.987312, 0.153797, 0.039507, 0.124994, 0.144458, -0.973248, 0.178653, -0.002831, 0.065927, -0.170679, -0.983119, -1.2e-05, 0.0, 0.0, 0.0, 1.0]
            ]
        },
        {
            "name": "Leg_R",
            "time": [0.0, 1.3333, 2.6667],
            "transform": [
                [0.988594, -0.150125, -0.01203, 0.0, 0.149701, 0.970775, 0.187583, 0.37472, -0.016483, -0.187244, 0.982174, 0.0, 0.0, 0.0, 0.0, 1.0],
                [0.981563, -0.187112, -0.039038, -0.0, 0.190212, 0.936094, 0.295887, 0.37472, -0.018821, -0.297857, 0.954424, 0.0, 0.0, 0.0, 0.0, 1.0],
                [0.988594, -0.150125, -0.01203, 0.0, 0.149701, 0.970775, 0.187583, 0.37472, -0.016483, -0.187244, 0.982174, 0.0, 0.0, 0.0, 0.0, 1.0]
            ]
        },
        {
            "name": "Knee_R",
            "time": [0.0, 2.6667],
            "transform": [
                [1.0, 0.0, -0.0, 0.0, -0.0, 1e-06, -1.0, 0.37472, -0.0, 1.0, 1e-06, 0.0, 0.0, 0.0, 0.0, 1.0],
                [1.0, 0.0, -0.0, 0.0, -0.0, 1e-06, -1.0, 0.37472, -0.0, 1.0, 1e-06, 0.0, 0.0, 0.0, 0.0, 1.0]
            ]
        },
        {
            "name": "Thigh_L",
            "time": [0.0, 1.3333, 2.6667],
            "transform": [
                [0.866588, -0.176276, -0.466852, -0.125006, -0.027838, -0.951152, 0.307464, -0.002831, -0.498245, -0.253448, -0.829165, -1.2e-05, 0.0, 0.0, 0.0, 1.0],
                [0.866588, -0.254666, -0.429149, -0.125006, -0.027838, -0.883312, 0.467959, -0.002831, -0.498245, -0.393581, -0.772557, -1.2e-05, 0.0, 0.0, 0.0, 1.0],
                [0.866588, -0.176276, -0.466852, -0.125006, -0.027838, -0.951152, 0.307464, -0.002831, -0.498245, -0.253448, -0.829165, -1.2e-05, 0.0, 0.0, 0.0, 1.0]
            ]
        },
        {
            "name": "Leg_L",
            "time": [0.0, 1.3333, 2.6667],
            "transform": [
                [1.0, -0.0, 1e-06, -0.0, 0.0, 0.952451, 0.30469, 0.37472, -1e-06, -0.30469, 0.952452, -0.0, 0.0, 0.0, 0.0, 1.0],
                [1.0, -1e-06, 1e-06, 0.0, 0.0, 0.870617, 0.491962, 0.37472, -1e-06, -0.491961, 0.870617, 0.0, 0.0, 0.0, 0.0, 1.0],
                [1.0, -0.0, 1e-06, -0.0, 0.0, 0.952451, 0.30469, 0.37472, -1e-06, -0.30469, 0.952452, -0.0, 0.0, 0.0, 0.0, 1.0]
            ]
        },
        {
            "name": "Knee_L",
            "time": [0.0, 2.6667],
            "transform": [
                [1.0, 0.0, -0.0, -0.0, -0.0, 1e-06, -1.0, 0.37472, -0.0, 1.0, 1e-06, -0.0, 0.0, 0.0, 0.0, 1.0],
                [1.0, 0.0, -0.0, -0.0, -0.0, 1e-06, -1.0, 0.37472, -0.0, 1.0, 1e-06, -0.0, 0.0, 0.0, 0.0, 1.0]
            ]
        },
        {
            "name": "Torso",
            "time": [0.0, 2.6667],
            "transform": [
                [0.99978, -0.020971, -0.000197, -0.0, 0.020971, 0.999603, 0.018833, 0.05, -0.000198, -0.018833, 0.999823, 0.0, 0.0, 0.0, 0.0, 1.0],
                [0.99978, -0.020971, -0.000197, -0.0, 0.020971, 0.999603, 0.018833, 0.05, -0.000198, -0.018833, 0.999823, 0.0, 0.0, 0.0, 0.0, 1.0]
            ]
        },
        {
            "name": "Chest",
            "time": [0.0, 1.3333, 2.6667],
            "transform": [
                [0.999771, -0.021411, -0.000206, 0.0, 0.021411, 0.999586, 0.019228, 0.3, -0.000206, -0.019228, 0.999815, -0.0, 0.0, 0.0, 0.0, 1.0],
                [0.999996, 0.002829, -0.000646, 0.0, -0.002842, 0.999755, -0.021939, 0.3, 0.000584, 0.021941, 0.999759, -0.0, 0.0, 0.0, 0.0, 1.0],
                [0.999771, -0.021411, -0.000206, 0.0, 0.021411, 0.999586, 0.019228, 0.3, -0.000206, -0.019228, 0.999815, -0.0, 0.0, 0.0, 0.0, 1.0]
            ]
        },
        {
            "name": "Head",
            "time": [0.0, 1.3333, 2.6667],
            "transform": [
                [0.85311, 0.037721, 0.520365, -0.0, -0.006297, 0.998055, -0.062025, 0.4, -0.521693, 0.049637, 0.851688, 0.0, 0.0, 0.0, 0.0, 1.0],
                [0.865299, 0.010269, 0.501151, 0.0, -0.014862, 0.999876, 0.005173, 0.4, -0.501036, -0.011925, 0.865344, 0.0, 0.0, 0.0, 0.0, 1.0],
                [0.85311, 0.037721, 0.520365, -0.0, -0.006297, 0.998055, -0.062025, 0.4, -0.521693, 0.049637, 0.851688, 0.0, 0.0, 0.0, 0.0, 1.0]
            ]
        },
        {
            "name": "Shoulder_R",
            "time": [0.0, 2.6667],
            "transform": [
                [0.089555, 0.962831, 0.254826, -0.0, -0.003656, -0.255535, 0.966793, 0.4, 0.995975, -0.087513, -0.019364, 0.0, 0.0, 0.0, 0.0, 1.0],
                [0.089555, 0.962831, 0.254826, -0.0, -0.003656, -0.255535, 0.966793, 0.4, 0.995975, -0.087513, -0.019364, 0.0, 0.0, 0.0, 0.0, 1.0]
            ]
        },
        {
            "name": "Arm_R",
            "time": [0.0, 1.3333, 2.6667],
            "transform": [
                [-0.080759, 0.106418, -0.991036, 0.0, 0.900883, 0.433229, -0.026893, 0.39386, 0.426484, -0.894979, -0.130857, -0.0, 0.0, 0.0, 0.0, 1.0],
                [-0.107054, 0.17746, -0.978288, -0.0, 0.830105, 0.557512, 0.010294, 0.39386, 0.547235, -0.81098, -0.206994, -0.0, 0.0, 0.0, 0.0, 1.0],
                [-0.080759, 0.106418, -0.991036, 0.0, 0.900883, 0.433229, -0.026893, 0.39386, 0.426484, -0.894979, -0.130857, -0.0, 0.0, 0.0, 0.0, 1.0]
            ]
        },
        {
            "name": "Hand_R",
            "time": [0.0, 1.3333, 2.6667],
            "transform": [
                [0.999985, 0.001967, 0.005191, 0.0, -0.00125, 0.990903, -0.134572, 0.3, -0.005409, 0.134564, 0.99089, 0.0, 0.0, 0.0, 0.0, 1.0],
                [0.999985, 0.002546, 0.004933, -0.0, -0.00125, 0.969071, -0.246778, 0.3, -0.005409, 0.246768, 0.96906, -0.0, 0.0, 0.0, 0.0, 1.0],
                [0.999985, 0.001967, 0.005191, 0.0, -0.00125, 0.990903, -0.134572, 0.3, -0.005409, 0.134564, 0.99089, 0.0, 0.0, 0.0, 0.0, 1.0]
            ]
        },
        {
            "name": "Tool_R",
            "time": [0.0, 2.6667],
            "transform": [
                [1.0, 0.0, 0.0, -0.0, -0.0, -0.997235, 0.074311, 0.38343, 0.0, -0.074278, -0.996644, 0.024241, 0.0, 0.0, 0.0, 1.0],
                [1.0, 0.0, 0.0, -0.0, -0.0, -0.997235, 0.074311, 0.38343, 0.0, -0.074278, -0.996644, 0.024241, 0.0, 0.0, 0.0, 1.0]
            ]
        },
        {
            "name": "Elbow_R",
            "time": [0.0, 2.6667],
            "transform": [
                [-1.0, 0.0, -0.0, 0.0, 0.0, -0.0, -1.0, 0.3, -0.0, -1.0, 0.0, 0.0, 0.0, 0.0, 0.0, 1.0],
                [-1.0, 0.0, -0.0, 0.0, 0.0, -0.0, -1.0, 0.3, -0.0, -1.0, 0.0, 0.0, 0.0, 0.0, 0.0, 1.0]
            ]
        },
        {
            "name": "Shoulder_L",
            "time": [0.0, 2.6667],
            "transform": [
                [0.088499, -0.963063, -0.254316, -0.0, -0.003902, -0.255651, 0.966761, 0.4, -0.996069, -0.084565, -0.026383, 0.0, 0.0, 0.0, 0.0, 1.0],
                [0.088499, -0.963063, -0.254316, -0.0, -0.003902, -0.255651, 0.966761, 0.4, -0.996069, -0.084565, -0.026383, 0.0, 0.0, 0.0, 0.0, 1.0]
            ]
        },
        {
            "name": "Arm_L",
            "time": [0.0, 1.3333, 2.6667],
            "transform": [
                [0.159331, -0.028141, 0.986824, -0.0, -0.888795, 0.431012, 0.155794, 0.39386, -0.429717, -0.901907, 0.043662, 0.0, 0.0, 0.0, 0.0, 1.0],
                [0.12987, -0.280581, 0.951004, -0.0, -0.855171, 0.453717, 0.250646, 0.39386, -0.501813, -0.845822, -0.18102, 0.0, 0.0, 0.0, 0.0, 1.0],
                [0.159331, -0.028141, 0.986824, -0.0, -0.888795, 0.431012, 0.155794, 0.39386, -0.429717, -0.901907, 0.043662, 0.0, 0.0, 0.0, 0.0, 1.0]
            ]
        },
        {
            "name": "Hand_L",
            "time": [0.0, 1.3333, 2.6667],
            "transform": [
                [0.99932, -0.036188, 0.007115, -0.0, 0.03687, 0.985095, -0.168014, 0.3, -0.000929, 0.168162, 0.985759, 0.0, 0.0, 0.0, 0.0, 1.0],
                [0.99932, -0.035088, 0.01136, 0.0, 0.036869, 0.95819, -0.28375, 0.3, -0.000928, 0.283975, 0.958831, 0.0, 0.0, 0.0, 0.0, 1.0],
                [0.99932, -0.036188, 0.007115, -0.0, 0.03687, 0.985095, -0.168014, 0.3, -0.000929, 0.168162, 0.985759, 0.0, 0.0, 0.0, 0.0, 1.0]
            ]
        },
        {
            "name": "Tool_L",
            "time": [0.0, 2.6667],
            "transform": [
                [1.0, 0.0, 0.0, -0.0, 0.0, -0.994551, 0.104255, 0.379125, 0.0, -0.104205, -0.993964, 0.040356, 0.0, 0.0, 0.0, 1.0],
                [1.0, 0.0, 0.0, -0.0, 0.0, -0.994551, 0.104255, 0.379125, 0.0, -0.104205, -0.993964, 0.040356, 0.0, 0.0, 0.0, 1.0]
            ]
        },
        {
            "name": "Elbow_L",
            "time": [0.0, 2.6667],
            "transform": [
                [-1.0, 0.0, -0.0, -0.0, 0.0, -0.0, -1.0, 0.3, -0.0, -1.0, -0.0, 0.0, 0.0, 0.0, 0.0, 1.0],
                [-1.0, 0.0, -0.0, -0.0, 0.0, -0.0, -1.0, 0.3, -0.0, -1.0, -0.0, 0.0, 0.0, 0.0, 0.0, 1.0]
            ]
        }
    ]
}