{
    
    "animation": [
        {
            "name": "Root",
            "time": [0.0, 0.1667, 0.3333, 0.5, 0.6667],
            "transform": [
                [0.999547, 0.0, 0.030102, -0.000695, 0.030102, 0.0, -0.999547, -0.0974, 0.0, 1.0, 0.0, 0.821244, 0.0, 0.0, 0.0, 1.0],
                [0.999988, 0.0, -0.004855, -0.00035, -0.004855, 0.0, -0.999988, -0.108857, 0.0, 1.0, 0.0, 0.721093, 0.0, 0.0, 0.0, 1.0],
                [0.999207, 0.0, -0.039806, 0.001268, -0.039806, 0.0, -0.999207, -0.088359, 0.0, 1.0, 0.0, 0.866671, 0.0, 0.0, 0.0, 1.0],
                [0.999988, 0.0, -0.004855, 0.000632, -0.004855, 0.0, -0.999988, -0.104336, 0.0, 1.0, 0.0, 0.740897, 0.0, 0.0, 0.0, 1.0],
                [0.999547, 0.0, 0.030102, -0.000695, 0.030102, 0.0, -0.999547, -0.0974, 0.0, 1.0, 0.0, 0.821244, 0.0, 0.0, 0.0, 1.0]
            ]
        },
        {
            "name": "Thigh_R",
            "time": [0.0, 0.1667, 0.3333, 0.6667],
            "transform": [
                [0.999908, 0.010751, 0.008281, 0.124994, -0.000658, -0.571078, 0.820895, -0.002831, 0.013555, -0.820822, -0.57102, -1.2e-05, 0.0, 0.0, 0.0, 1.0],
                [0.999602, 0.027755, 0.004998, 0.124994, 0.020718, -0.842951, 0.537589, -0.002831, 0.019134, -0.53727, -0.843193, -1.2e-05, 0.0, 0.0, 0.0, 1.0],
                [0.997567, 0.042182, 0.0555, 0.124994, 0.066224, -0.822092, -0.565488, -0.002831, 0.021773, 0.567787, -0.822887, -1.2e-05, 0.0, 0.0, 0.0, 1.0],
                [0.999908, 0.010751, 0.008281, 0.124994, -0.000658, -0.571078, 0.820895, -0.002831, 0.013555, -0.820822, -0.57102, -1.2e-05, 0.0, 0.0, 0.0, 1.0]
            ]
        },
        {
            "name": "Leg_R",
            "time": [0.0, 0.1667, 0.3333, 0.5, 0.6667],
            "transform": [
                [1.0, 1e-06, 2e-06, -0.0, -1e-06, 0.971353, 0.237646, 0.37472, -1e-06, -0.237646, 0.971351, 0.0, 0.0, 0.0, 0.0, 1.0],
                [1.0, 1e-06, 2e-06, -0.0, -1e-06, 0.989863, 0.142029, 0.37472, -1e-06, -0.142029, 0.989862, -0.0, 0.0, 0.0, 0.0, 1.0],
                [1.0, -1e-06, 1e-06, 0.0, -1e-06, 0.047742, 0.998859, 0.37472, -2e-06, -0.998861, 0.047741, -0.0, 0.0, 0.0, 0.0, 1.0],
                [1.0, -2e-06, 1e-06, 0.0, -1e-06, -0.371752, 0.928331, 0.37472, -2e-06, -0.928333, -0.371752, -0.0, 0.0, 0.0, 0.0, 1.0],
                [1.0, 1e-06, 2e-06, -0.0, -1e-06, 0.971353, 0.237646, 0.37472, -1e-06, -0.237646, 0.971351, 0.0, 0.0, 0.0, 0.0, 1.0]
            ]
        },
        {
            "name": "Knee_R",
            "time": [0.0, 0.1667, 0.6667],
            "transform": [
                [1.0, 0.0, -0.0, -0.000179, -0.0, 0.573577, -0.819152, 0.436391, -0.0, 0.819152, 0.573577, -0.000613, 0.0, 0.0, 0.0, 1.0],
                [1.0, -0.0, -0.0, -0.000179, -0.0, -0.40534, -0.914166, 0.436391, -0.0, 0.914166, -0.405341, -0.000613, 0.0, 0.0, 0.0, 1.0],
                [1.0, 0.0, -0.0, -0.000179, -0.0, 0.573577, -0.819152, 0.436391, -0.0, 0.819152, 0.573577, -0.000613, 0.0, 0.0, 0.0, 1.0]
            ]
        },
        {
            "name": "Thigh_L",
            "time": [0.0, 0.1667, 0.3333, 0.5, 0.6667],
            "transform": [
                [0.999097, -0.035581, -0.023194, -0.125006, -0.04239, -0.869395, -0.492296, -0.002831, -0.002648, 0.492835, -0.870118, -1.2e-05, 0.0, 0.0, 0.0, 1.0],
                [0.99807, -0.058473, 0.020857, -0.125006, -0.060399, -0.836923, 0.543978, -0.002831, -0.014353, -0.544188, -0.83884, -1.2e-05, 0.0, 0.0, 0.0, 1.0],
                [0.999097, -0.029273, 0.030774, -0.125006, -0.04239, -0.642068, 0.765474, -0.002831, -0.002648, -0.766088, -0.64273, -1.2e-05, 0.0, 0.0, 0.0, 1.0],
                [0.999097, -0.041428, 0.009363, -0.125006, -0.04239, -0.958879, 0.280631, -0.002831, -0.002648, -0.280775, -0.95977, -1.2e-05, 0.0, 0.0, 0.0, 1.0],
                [0.999097, -0.035581, -0.023194, -0.125006, -0.04239, -0.869395, -0.492296, -0.002831, -0.002648, 0.492835, -0.870118, -1.2e-05, 0.0, 0.0, 0.0, 1.0]
            ]
        },
        {
            "name": "Leg_L",
            "time": [0.0, 0.1667, 0.3333, 0.5, 0.6667],
            "transform": [
                [1.0, -2e-06, -0.0, 0.0, 0.0, 0.15957, 0.987187, 0.37472, -1e-06, -0.987186, 0.15957, -0.0, 0.0, 0.0, 0.0, 1.0],
                [1.0, -2e-06, -0.0, 0.0, 0.0, -0.086164, 0.996282, 0.37472, -2e-06, -0.996281, -0.086164, 0.0, 0.0, 0.0, 0.0, 1.0],
                [1.0, -0.0, 1e-06, 0.0, 0.0, 0.989975, 0.141243, 0.37472, -1e-06, -0.141243, 0.989975, -0.0, 0.0, 0.0, 0.0, 1.0],
                [1.0, -1e-06, 1e-06, -0.0, 0.0, 0.975908, 0.218182, 0.37472, -1e-06, -0.218182, 0.975908, 0.0, 0.0, 0.0, 0.0, 1.0],
                [1.0, -2e-06, -0.0, 0.0, 0.0, 0.15957, 0.987187, 0.37472, -1e-06, -0.987186, 0.15957, -0.0, 0.0, 0.0, 0.0, 1.0]
            ]
        },
        {
            "name": "Knee_L",
            "time": [0.0, 0.6667],
            "transform": [
                [1.0, 0.0, -0.0, 0.0, -0.0, 1e-06, -1.0, 0.37472, -0.0, 1.0, 1e-06, -0.0, 0.0, 0.0, 0.0, 1.0],
                [1.0, 0.0, -0.0, 0.0, -0.0, 1e-06, -1.0, 0.37472, -0.0, 1.0, 1e-06, -0.0, 0.0, 0.0, 0.0, 1.0]
            ]
        },
        {
            "name": "Torso",
            "time": [0.0, 0.6667],
            "transform": [
                [1.0, 0.0, 0.0, 0.0, 0.0, 0.843738, 0.536756, 0.05, 0.0, -0.536756, 0.843738, 0.0, 0.0, 0.0, 0.0, 1.0],
                [1.0, 0.0, 0.0, 0.0, 0.0, 0.843738, 0.536756, 0.05, 0.0, -0.536756, 0.843738, 0.0, 0.0, 0.0, 0.0, 1.0]
            ]
        },
        {
            "name": "Chest",
            "time": [0.0, 0.1667, 0.3333, 0.5, 0.6667],
            "transform": [
                [0.999015, -0.009644, 0.043319, 0.0, 0.005585, 0.995663, 0.092867, 0.3, -0.044027, -0.092533, 0.994736, 0.0, 0.0, 0.0, 0.0, 1.0],
                [0.999956, -0.00016, -0.009367, 0.0, -0.001376, 0.986508, -0.16371, 0.3, 0.009267, 0.163716, 0.986464, 0.0, 0.0, 0.0, 0.0, 1.0],
                [0.999015, -0.009644, 0.043319, -0.0, 0.005585, 0.995663, 0.092867, 0.3, -0.044027, -0.092533, 0.994736, -0.0, 0.0, 0.0, 0.0, 1.0],
                [0.999956, -0.00016, -0.009367, -0.0, -0.001376, 0.986508, -0.16371, 0.3, 0.009267, 0.163716, 0.986464, 0.0, 0.0, 0.0, 0.0, 1.0],
                [0.999015, -0.009644, 0.043319, 0.0, 0.005585, 0.995663, 0.092867, 0.3, -0.044027, -0.092533, 0.994736, 0.0, 0.0, 0.0, 0.0, 1.0]
            ]
        },
        {
            "name": "Head",
            "time": [0.0, 0.1667, 0.3333, 0.5, 0.6667],
            "transform": [
                [1.0, -0.0, -0.0, 0.0, 0.0, 0.851491, -0.524369, 0.4, 0.0, 0.524369, 0.851491, -0.0, 0.0, 0.0, 0.0, 1.0],
                [1.0, 0.0, 0.0, 0.0, 0.0, 0.97836, -0.206909, 0.4, -0.0, 0.206909, 0.97836, -0.0, 0.0, 0.0, 0.0, 1.0],
                [1.0, -0.0, -0.0, 0.0, 0.0, 0.851491, -0.524369, 0.4, 0.0, 0.524369, 0.851491, -0.0, 0.0, 0.0, 0.0, 1.0],
                [1.0, 0.0, 0.0, -0.0, 0.0, 0.97836, -0.206909, 0.4, -0.0, 0.206909, 0.97836, -0.0, 0.0, 0.0, 0.0, 1.0],
                [1.0, -0.0, -0.0, 0.0, 0.0, 0.851491, -0.524369, 0.4, 0.0, 0.524369, 0.851491, -0.0, 0.0, 0.0, 0.0, 1.0]
            ]
        },
        {
            "name": "Shoulder_R",
            "time": [0.0, 0.6667],
            "transform": [
                [0.0, 0.952114, 0.305743, 0.0, -0.0, -0.305743, 0.952114, 0.4, 1.0, 0.0, -0.0, -0.0, 0.0, 0.0, 0.0, 1.0],
                [0.0, 0.952114, 0.305743, 0.0, -0.0, -0.305743, 0.952114, 0.4, 1.0, 0.0, -0.0, -0.0, 0.0, 0.0, 0.0, 1.0]
            ]
        },
        {
            "name": "Arm_R",
            "time": [0.0, 0.1667, 0.3333, 0.5, 0.6667],
            "transform": [
                [0.009706, 0.340676, -0.940131, -0.0, 0.87036, 0.460011, 0.17568, 0.39386, 0.492321, -0.819957, -0.292046, -0.0, 0.0, 0.0, 0.0, 1.0],
                [-0.025088, 0.33989, -0.94013, 0.0, 0.818909, 0.546374, 0.17568, 0.393861, 0.573374, -0.765474, -0.292046, -0.0, 0.0, 0.0, 0.0, 1.0],
                [0.012327, 0.193497, -0.981023, 0.0, 0.873874, 0.474761, 0.104623, 0.393861, 0.485996, -0.85858, -0.16324, -0.0, 0.0, 0.0, 0.0, 1.0],
                [-0.025088, 0.33989, -0.94013, -0.0, 0.818909, 0.546374, 0.17568, 0.39386, 0.573374, -0.765474, -0.292046, -0.0, 0.0, 0.0, 0.0, 1.0],
                [0.009706, 0.340676, -0.940131, -0.0, 0.87036, 0.460011, 0.17568, 0.39386, 0.492321, -0.819957, -0.292046, -0.0, 0.0, 0.0, 0.0, 1.0]
            ]
        },
        {
            "name": "Hand_R",
            "time": [0.0, 0.1667, 0.3333, 0.5, 0.6667],
            "transform": [
                [1.0, 0.0, 0.0, 0.0, -0.0, 0.9716, -0.23663, 0.3, -0.0, 0.23663, 0.9716, -0.0, 0.0, 0.0, 0.0, 1.0],
                [1.0, 0.0, 0.0, -0.0, -0.0, 0.93022, -0.367002, 0.3, -0.0, 0.367002, 0.93022, -0.0, 0.0, 0.0, 0.0, 1.0],
                [1.0, 0.0, 0.0, 0.0, -0.0, 0.996227, -0.086784, 0.3, -0.0, 0.086784, 0.996227, 0.0, 0.0, 0.0, 0.0, 1.0],
                [1.0, 0.0, 0.0, 0.0, -0.0, 0.93022, -0.367002, 0.3, -0.0, 0.367002, 0.93022, -0.0, 0.0, 0.0, 0.0, 1.0],
                [1.0, 0.0, 0.0, 0.0, -0.0, 0.9716, -0.23663, 0.3, -0.0, 0.23663, 0.9716, -0.0, 0.0, 0.0, 0.0, 1.0]
            ]
        },
        {
            "name": "Tool_R",
            "time": [0.0, 0.6667],
            "transform": [
                [1.0, 0.0, 0.0, 0.0, 0.0, -0.994551, 0.104255, 0.379125, 0.0, -0.104204, -0.993961, 0.040356, 0.0, 0.0, 0.0, 1.0],
                [1.0, 0.0, 0.0, 0.0, 0.0, -0.994551, 0.104255, 0.379125, 0.0, -0.104204, -0.993961, 0.040356, 0.0, 0.0, 0.0, 1.0]
            ]
        },
        {
            "name": "Elbow_R",
            "time": [0.0, 0.6667],
            "transform": [
                [-1.0, 0.0, -0.0, 0.000596, 0.0, -0.173648, -0.984808, 0.356449, -0.0, -0.984808, 0.173648, -0.00709, 0.0, 0.0, 0.0, 1.0],
                [-1.0, 0.0, -0.0, 0.000596, 0.0, -0.173648, -0.984808, 0.356449, -0.0, -0.984808, 0.173648, -0.00709, 0.0, 0.0, 0.0, 1.0]
            ]
        },
        {
            "name": "Shoulder_L",
            "time": [0.0, 0.6667],
            "transform": [
                [-0.0, -0.952114, -0.305743, 0.0, 0.0, -0.305743, 0.952114, 0.4, -1.0, 0.0, 0.0, -0.0, 0.0, 0.0, 0.0, 1.0],
                [-0.0, -0.952114, -0.305743, 0.0, 0.0, -0.305743, 0.952114, 0.4, -1.0, 0.0, 0.0, -0.0, 0.0, 0.0, 0.0, 1.0]
            ]
        },
        {
            "name": "Arm_L",
            "time": [0.0, 0.1667, 0.3333, 0.5, 0.6667],
            "transform": [
                [-0.059327, -0.195352, 0.978937, -0.0, -0.868932, 0.492819, 0.045684, 0.39386, -0.491363, -0.847919, -0.198985, 0.0, 0.0, 0.0, 0.0, 1.0],
                [-0.094819, -0.366882, 0.925423, -0.0, -0.819932, 0.555972, 0.136404, 0.39386, -0.564554, -0.74585, -0.353535, 0.0, 0.0, 0.0, 0.0, 1.0],
                [-0.059327, -0.195352, 0.978937, -0.0, -0.868932, 0.492819, 0.045684, 0.39386, -0.491363, -0.847919, -0.198985, -0.0, 0.0, 0.0, 0.0, 1.0],
                [-0.094819, -0.366882, 0.925423, -0.0, -0.819932, 0.555972, 0.136404, 0.39386, -0.564554, -0.74585, -0.353535, 0.0, 0.0, 0.0, 0.0, 1.0],
                [-0.059327, -0.195352, 0.978937, -0.0, -0.868932, 0.492819, 0.045684, 0.39386, -0.491363, -0.847919, -0.198985, 0.0, 0.0, 0.0, 0.0, 1.0]
            ]
        },
        {
            "name": "Hand_L",
            "time": [0.0, 0.1667, 0.3333, 0.5, 0.6667],
            "transform": [
                [1.0, -0.0, 0.0, -0.0, 0.0, 0.998394, 0.056666, 0.3, -0.0, -0.056666, 0.998394, 0.0, 0.0, 0.0, 0.0, 1.0],
                [1.0, -0.0, 0.0, 0.0, 0.0, 0.944481, -0.328566, 0.3, -0.0, 0.328566, 0.944481, 0.0, 0.0, 0.0, 0.0, 1.0],
                [1.0, -0.0, 0.0, 0.0, 0.0, 0.998393, 0.056666, 0.3, -0.0, -0.056666, 0.998394, 0.0, 0.0, 0.0, 0.0, 1.0],
                [1.0, -0.0, 0.0, -0.0, 0.0, 0.944481, -0.328566, 0.3, -0.0, 0.328566, 0.944481, -0.0, 0.0, 0.0, 0.0, 1.0],
                [1.0, -0.0, 0.0, -0.0, 0.0, 0.998394, 0.056666, 0.3, -0.0, -0.056666, 0.998394, 0.0, 0.0, 0.0, 0.0, 1.0]
            ]
        },
        {
            "name": "Tool_L",
            "time": [0.0, 0.6667],
            "transform": [
                [1.0, 0.0, 0.0, 0.0, 0.0, -0.99455, 0.104255, 0.379125, 0.0, -0.104205, -0.993964, 0.040356, 0.0, 0.0, 0.0, 1.0],
                [1.0, 0.0, 0.0, 0.0, 0.0, -0.99455, 0.104255, 0.379125, 0.0, -0.104205, -0.993964, 0.040356, 0.0, 0.0, 0.0, 1.0]
            ]
        },
        {
            "name": "Elbow_L",
            "time": [0.0, 0.6667],
            "transform": [
                [-1.0, 0.0, -0.0, 0.000227, 0.0, -0.0, -1.0, 0.323358, -0.0, -1.0, 0.0, -0.000541, 0.0, 0.0, 0.0, 1.0],
                [-1.0, 0.0, -0.0, 0.000227, 0.0, -0.0, -1.0, 0.323358, -0.0, -1.0, 0.0, -0.000541, 0.0, 0.0, 0.0, 1.0]
            ]
        }
    ]
}