{
    
    "animation": [
        {
            "name": "Root",
            "time": [0.0, 0.2167, 0.3833, 0.6, 0.7667],
            "transform": [
                [1.0, 0.0, 0.0, -5e-06, 0.0, 0.0, -1.0, 0.000946, 0.0, 1.0, 0.0, 0.735366, 0.0, 0.0, 0.0, 1.0],
                [1.0, 0.0, 0.0, -5e-06, 0.0, 0.0, -1.0, 0.000946, 0.0, 1.0, 0.0, 0.584068, 0.0, 0.0, 0.0, 1.0],
                [1.0, 0.0, 0.0, -5e-06, 0.0, 0.0, -1.0, 0.000946, 0.0, 1.0, 0.0, 0.735366, 0.0, 0.0, 0.0, 1.0],
                [1.0, 0.0, 0.0, -5e-06, 0.0, 0.0, -1.0, 0.000946, 0.0, 1.0, 0.0, 0.584068, 0.0, 0.0, 0.0, 1.0],
                [1.0, 0.0, 0.0, -5e-06, 0.0, 0.0, -1.0, 0.000946, 0.0, 1.0, 0.0, 0.735366, 0.0, 0.0, 0.0, 1.0]
            ]
        },
        {
            "name": "Thigh_R",
            "time": [0.0, 0.2167, 0.3833, 0.6, 0.7667],
            "transform": [
                [0.998384, 0.05422, 0.016987, 0.124994, 0.030002, -0.756949, 0.652784, -0.002831, 0.048252, -0.651218, -0.757355, -1.2e-05, 0.0, 0.0, 0.0, 1.0],
                [1.0, -0.0, -0.0, 0.124994, 0.0, -0.436229, 0.899836, -0.002831, -0.0, -0.899833, -0.43623, -1.2e-05, 0.0, 0.0, 0.0, 1.0],
                [1.0, -0.0, -0.0, 0.124994, 0.0, -0.903603, 0.428366, -0.002831, -0.0, -0.428365, -0.903606, -1.2e-05, 0.0, 0.0, 0.0, 1.0],
                [1.0, -0.0, -0.0, 0.124994, -0.0, -0.972798, -0.231646, -0.002831, -0.0, 0.231646, -0.9728, -1.2e-05, 0.0, 0.0, 0.0, 1.0],
                [0.998384, 0.05422, 0.016987, 0.124994, 0.030002, -0.756949, 0.652784, -0.002831, 0.048252, -0.651218, -0.757355, -1.2e-05, 0.0, 0.0, 0.0, 1.0]
            ]
        },
        {
            "name": "Leg_R",
            "time": [0.0, 0.1667, 0.2167, 0.3833, 0.6, 0.7667],
            "transform": [
                [1.0, -0.0, 1e-06, 0.0, -1e-06, 0.013508, 0.999908, 0.37472, -0.0, -0.99991, 0.013508, -0.0, 0.0, 0.0, 0.0, 1.0],
                [1.0, 0.0, 1e-06, 0.0, -1e-06, 0.596875, 0.802334, 0.37472, -0.0, -0.802335, 0.596874, -0.0, 0.0, 0.0, 0.0, 1.0],
                [1.0, -0.0, 1e-06, 0.0, -1e-06, 0.456432, 0.889758, 0.37472, -0.0, -0.889759, 0.456431, 0.0, 0.0, 0.0, 0.0, 1.0],
                [1.0, 0.0, 1e-06, 0.0, -0.0, 0.905651, 0.424025, 0.37472, -1e-06, -0.424026, 0.905649, -0.0, 0.0, 0.0, 0.0, 1.0],
                [1.0, -0.0, 1e-06, 0.0, -0.0, 0.555061, 0.831809, 0.37472, -1e-06, -0.831811, 0.55506, -0.0, 0.0, 0.0, 0.0, 1.0],
                [1.0, -0.0, 1e-06, 0.0, -1e-06, 0.013508, 0.999908, 0.37472, -0.0, -0.99991, 0.013508, -0.0, 0.0, 0.0, 0.0, 1.0]
            ]
        },
        {
            "name": "Knee_R",
            "time": [0.0, 0.2167, 0.3833, 0.6, 0.7667],
            "transform": [
                [1.0, 0.0, -0.0, 0.0, -0.0, 1e-06, -1.0, 0.471392, -0.0, 1.0, 1e-06, -0.004956, 0.0, 0.0, 0.0, 1.0],
                [1.0, 0.0, -0.0, 0.0, -0.0, 1e-06, -1.0, 0.427012, -0.0, 1.0, 1e-06, -0.001877, 0.0, 0.0, 0.0, 1.0],
                [1.0, 0.0, -0.0, 0.0, -0.0, 1e-06, -1.0, 0.37472, -0.0, 1.0, 1e-06, -0.0, 0.0, 0.0, 0.0, 1.0],
                [1.0, 0.0, -0.0, 0.0, -0.0, 1e-06, -1.0, 0.37472, -0.0, 1.0, 1e-06, -0.0, 0.0, 0.0, 0.0, 1.0],
                [1.0, 0.0, -0.0, 0.0, -0.0, 1e-06, -1.0, 0.471392, -0.0, 1.0, 1e-06, -0.004956, 0.0, 0.0, 0.0, 1.0]
            ]
        },
        {
            "name": "Thigh_L",
            "time": [0.0, 0.2167, 0.3833, 0.6, 0.7667],
            "transform": [
                [0.998807, -0.048827, 0.0, -0.125006, -0.044198, -0.904118, 0.42499, -0.002831, -0.020751, -0.424483, -0.905198, -1.2e-05, 0.0, 0.0, 0.0, 1.0],
                [0.999999, -0.000625, -0.000136, -0.125006, -0.000639, -0.970966, -0.239216, -0.002831, 1.8e-05, 0.239217, -0.970966, -1.2e-05, 0.0, 0.0, 0.0, 1.0],
                [0.999999, -0.0, 0.0, -0.125006, -0.0, -0.757491, 0.652845, -0.002831, -0.0, -0.652845, -0.757491, -1.2e-05, 0.0, 0.0, 0.0, 1.0],
                [0.999999, -0.0, 0.0, -0.125006, -0.0, -0.504049, 0.863675, -0.002831, -0.0, -0.863675, -0.504049, -1.2e-05, 0.0, 0.0, 0.0, 1.0],
                [0.998807, -0.048827, 0.0, -0.125006, -0.044198, -0.904118, 0.42499, -0.002831, -0.020751, -0.424483, -0.905198, -1.2e-05, 0.0, 0.0, 0.0, 1.0]
            ]
        },
        {
            "name": "Leg_L",
            "time": [0.0, 0.2167, 0.3833, 0.55, 0.6, 0.7667],
            "transform": [
                [1.0, -0.0, 1e-06, 0.0, -0.0, 0.909076, 0.416629, 0.37472, -1e-06, -0.416629, 0.909077, 0.0, 0.0, 0.0, 0.0, 1.0],
                [1.0, -0.0, 1e-06, -0.0, -1e-06, 0.57435, 0.81861, 0.37472, -1e-06, -0.818609, 0.574351, -0.0, 0.0, 0.0, 0.0, 1.0],
                [1.0, -0.0, 1e-06, -0.0, -1e-06, 0.013859, 0.999905, 0.37472, -0.0, -0.999904, 0.013859, 0.0, 0.0, 0.0, 0.0, 1.0],
                [1.0, 0.0, 1e-06, -0.0, -1e-06, 0.702241, 0.711939, 0.37472, -0.0, -0.711939, 0.702241, 0.0, 0.0, 0.0, 0.0, 1.0],
                [1.0, 0.0, 1e-06, 0.0, -1e-06, 0.563506, 0.826112, 0.37472, -0.0, -0.826111, 0.563507, -0.0, 0.0, 0.0, 0.0, 1.0],
                [1.0, -0.0, 1e-06, 0.0, -0.0, 0.909076, 0.416629, 0.37472, -1e-06, -0.416629, 0.909077, 0.0, 0.0, 0.0, 0.0, 1.0]
            ]
        },
        {
            "name": "Knee_L",
            "time": [0.0, 0.2167, 0.3833, 0.6, 0.7667],
            "transform": [
                [1.0, 0.0, -0.0, 0.0, -0.0, 1e-06, -1.0, 0.37472, -0.0, 1.0, 1e-06, 0.0, 0.0, 0.0, 0.0, 1.0],
                [1.0, 0.0, -0.0, 0.0, -0.0, 1e-06, -1.0, 0.385335, -0.0, 1.0, 1e-06, -0.001833, 0.0, 0.0, 0.0, 1.0],
                [1.0, 0.0, -0.0, 0.0, -0.0, 1e-06, -1.0, 0.476473, -0.0, 1.0, 1e-06, -0.000924, 0.0, 0.0, 0.0, 1.0],
                [1.0, 0.0, -0.0, 0.0, -0.0, 1e-06, -1.0, 0.432729, -0.0, 1.0, 1e-06, -0.003694, 0.0, 0.0, 0.0, 1.0],
                [1.0, 0.0, -0.0, 0.0, -0.0, 1e-06, -1.0, 0.37472, -0.0, 1.0, 1e-06, 0.0, 0.0, 0.0, 0.0, 1.0]
            ]
        },
        {
            "name": "Torso",
            "time": [0.0, 0.7667],
            "transform": [
                [1.0, 0.0, 0.0, 0.0, 0.0, 0.842598, 0.538544, 0.05, 0.0, -0.538544, 0.842597, 0.0, 0.0, 0.0, 0.0, 1.0],
                [1.0, 0.0, 0.0, 0.0, 0.0, 0.842598, 0.538544, 0.05, 0.0, -0.538544, 0.842597, 0.0, 0.0, 0.0, 0.0, 1.0]
            ]
        },
        {
            "name": "Chest",
            "time": [0.0, 0.2167, 0.3833, 0.6, 0.7667],
            "transform": [
                [1.0, 0.0, 0.0, 0.0, 0.0, 0.918942, 0.394393, 0.3, 0.0, -0.394393, 0.918942, 0.0, 0.0, 0.0, 0.0, 1.0],
                [1.0, 0.0, 0.0, 0.0, 0.0, 0.834161, 0.551521, 0.3, 0.0, -0.551521, 0.834161, 0.0, 0.0, 0.0, 0.0, 1.0],
                [1.0, 0.0, 0.0, 0.0, 0.0, 0.918942, 0.394393, 0.3, 0.0, -0.394393, 0.918942, 0.0, 0.0, 0.0, 0.0, 1.0],
                [1.0, 0.0, 0.0, 0.0, 0.0, 0.83531, 0.549779, 0.3, 0.0, -0.549779, 0.83531, 0.0, 0.0, 0.0, 0.0, 1.0],
                [1.0, 0.0, 0.0, 0.0, 0.0, 0.918942, 0.394393, 0.3, 0.0, -0.394393, 0.918942, 0.0, 0.0, 0.0, 0.0, 1.0]
            ]
        },
        {
            "name": "Head",
            "time": [0.0, 0.2167, 0.3833, 0.6, 0.7667],
            "transform": [
                [1.0, 0.0, 0.0, 0.0, 0.0, 0.60307, -0.797688, 0.4, 0.0, 0.797688, 0.60307, 0.0, 0.0, 0.0, 0.0, 1.0],
                [1.0, 0.0, 0.0, 0.0, 0.0, 0.491878, -0.870664, 0.4, 0.0, 0.870664, 0.491878, -0.0, 0.0, 0.0, 0.0, 1.0],
                [1.0, 0.0, 0.0, 0.0, 0.0, 0.56236, -0.826893, 0.4, 0.0, 0.826893, 0.56236, 0.0, 0.0, 0.0, 0.0, 1.0],
                [1.0, 0.0, 0.0, 0.0, 0.0, 0.542028, -0.84036, 0.4, 0.0, 0.84036, 0.542028, -0.0, 0.0, 0.0, 0.0, 1.0],
                [1.0, 0.0, 0.0, 0.0, 0.0, 0.60307, -0.797688, 0.4, 0.0, 0.797688, 0.60307, 0.0, 0.0, 0.0, 0.0, 1.0]
            ]
        },
        {
            "name": "Shoulder_R",
            "time": [0.0, 0.7667],
            "transform": [
                [-0.311556, 0.920234, 0.236859, 0.0, -0.51315, -0.372732, 0.773142, 0.4, 0.799756, 0.119333, 0.588345, 0.0, 0.0, 0.0, 0.0, 1.0],
                [-0.311556, 0.920234, 0.236859, 0.0, -0.51315, -0.372732, 0.773142, 0.4, 0.799756, 0.119333, 0.588345, 0.0, 0.0, 0.0, 0.0, 1.0]
            ]
        },
        {
            "name": "Arm_R",
            "time": [0.0, 0.2167, 0.3833, 0.6, 0.7667],
            "transform": [
                [-0.332486, 0.50221, -0.798272, 0.0, 0.845121, 0.53434, -0.015834, 0.39386, 0.418596, -0.679901, -0.602089, -0.0, 0.0, 0.0, 0.0, 1.0],
                [-0.382604, 0.50174, -0.775803, 0.0, 0.785378, 0.618881, 0.012927, 0.39386, 0.486616, -0.604353, -0.630842, 0.0, 0.0, 0.0, 0.0, 1.0],
                [-0.332486, 0.50221, -0.798272, 0.0, 0.845121, 0.53434, -0.015834, 0.39386, 0.418596, -0.679901, -0.602089, -0.0, 0.0, 0.0, 0.0, 1.0],
                [-0.382604, 0.50174, -0.775803, 0.0, 0.785378, 0.618881, 0.012927, 0.39386, 0.486616, -0.604353, -0.630842, -0.0, 0.0, 0.0, 0.0, 1.0],
                [-0.332486, 0.50221, -0.798272, 0.0, 0.845121, 0.53434, -0.015834, 0.39386, 0.418596, -0.679901, -0.602089, -0.0, 0.0, 0.0, 0.0, 1.0]
            ]
        },
        {
            "name": "Hand_R",
            "time": [0.0, 0.2167, 0.3833, 0.6, 0.7667],
            "transform": [
                [0.999439, -0.032794, 0.006737, 0.0, 0.025419, 0.612356, -0.790173, 0.3, 0.021788, 0.789901, 0.612847, -0.0, 0.0, 0.0, 0.0, 1.0],
                [0.999439, -0.033457, -0.001224, 0.0, 0.025419, 0.782124, -0.622604, 0.3, 0.021788, 0.622224, 0.782536, 0.0, 0.0, 0.0, 0.0, 1.0],
                [0.999439, -0.032794, 0.006737, 0.0, 0.025419, 0.612356, -0.790173, 0.3, 0.021788, 0.789901, 0.612847, -0.0, 0.0, 0.0, 0.0, 1.0],
                [0.999439, -0.033457, -0.001224, -0.0, 0.025419, 0.782124, -0.622604, 0.3, 0.021788, 0.622224, 0.782536, -0.0, 0.0, 0.0, 0.0, 1.0],
                [0.999439, -0.032794, 0.006737, 0.0, 0.025419, 0.612356, -0.790173, 0.3, 0.021788, 0.789901, 0.612847, -0.0, 0.0, 0.0, 0.0, 1.0]
            ]
        },
        {
            "name": "Tool_R",
            "time": [0.0, 0.7667],
            "transform": [
                [1.0, 0.0, 0.0, -0.0, 0.0, -0.997235, 0.074311, 0.38343, 0.0, -0.074278, -0.996644, 0.024241, 0.0, 0.0, 0.0, 1.0],
                [1.0, 0.0, 0.0, -0.0, 0.0, -0.997235, 0.074311, 0.38343, 0.0, -0.074278, -0.996644, 0.024241, 0.0, 0.0, 0.0, 1.0]
            ]
        },
        {
            "name": "Elbow_R",
            "time": [0.0, 0.2167, 0.3833, 0.6, 0.7667],
            "transform": [
                [-1.0, 0.0, -0.0, -0.001666, 0.0, -0.0, -1.0, 0.388537, -0.0, -1.0, 0.0, -0.002774, 0.0, 0.0, 0.0, 1.0],
                [-1.0, 0.0, -0.0, -0.001666, 0.0, -0.164088, -0.986446, 0.388537, -0.0, -0.986446, 0.164088, -0.002774, 0.0, 0.0, 0.0, 1.0],
                [-1.0, 0.0, -0.0, -0.001666, 0.0, -0.0, -1.0, 0.388537, -0.0, -1.0, 0.0, -0.002774, 0.0, 0.0, 0.0, 1.0],
                [-1.0, 0.0, -0.0, -0.001666, -0.0, -0.164088, -0.986446, 0.388537, -0.0, -0.986446, 0.164088, -0.002774, 0.0, 0.0, 0.0, 1.0],
                [-1.0, 0.0, -0.0, -0.001666, 0.0, -0.0, -1.0, 0.388537, -0.0, -1.0, 0.0, -0.002774, 0.0, 0.0, 0.0, 1.0]
            ]
        },
        {
            "name": "Shoulder_L",
            "time": [0.0, 0.7667],
            "transform": [
                [-0.124108, -0.90696, -0.402517, 0.0, -0.033277, -0.401621, 0.915201, 0.4, -0.99171, 0.126978, 0.019664, 0.0, 0.0, 0.0, 0.0, 1.0],
                [-0.124108, -0.90696, -0.402517, 0.0, -0.033277, -0.401621, 0.915201, 0.4, -0.99171, 0.126978, 0.019664, 0.0, 0.0, 0.0, 0.0, 1.0]
            ]
        },
        {
            "name": "Arm_L",
            "time": [0.0, 0.2167, 0.3833, 0.6, 0.7667],
            "transform": [
                [-0.033297, 0.04024, 0.998635, -0.0, -0.83242, 0.551885, -0.049993, 0.39386, -0.553143, -0.832949, 0.015121, 0.0, 0.0, 0.0, 0.0, 1.0],
                [-0.035782, -0.06582, 0.99719, -0.0, -0.776156, 0.630391, 0.013758, 0.39386, -0.629525, -0.773482, -0.073643, -0.0, 0.0, 0.0, 0.0, 1.0],
                [-0.033297, 0.04024, 0.998635, -0.0, -0.83242, 0.551885, -0.049993, 0.39386, -0.553143, -0.832949, 0.015121, 0.0, 0.0, 0.0, 0.0, 1.0],
                [-0.035782, -0.06582, 0.99719, -0.0, -0.776155, 0.630391, 0.013758, 0.39386, -0.629525, -0.773482, -0.073643, -0.0, 0.0, 0.0, 0.0, 1.0],
                [-0.033297, 0.04024, 0.998635, -0.0, -0.83242, 0.551885, -0.049993, 0.39386, -0.553143, -0.832949, 0.015121, 0.0, 0.0, 0.0, 0.0, 1.0]
            ]
        },
        {
            "name": "Hand_L",
            "time": [0.0, 0.2167, 0.3833, 0.6, 0.7667],
            "transform": [
                [0.999802, -0.014798, 0.013301, -0.0, 0.019896, 0.751415, -0.65953, 0.3, -0.000235, 0.659664, 0.751561, -0.0, 0.0, 0.0, 0.0, 1.0],
                [0.999802, -0.017056, 0.010246, -0.0, 0.019896, 0.863075, -0.504685, 0.3, -0.000235, 0.504788, 0.863243, -0.0, 0.0, 0.0, 0.0, 1.0],
                [0.999802, -0.014798, 0.013301, -0.0, 0.019896, 0.751415, -0.65953, 0.3, -0.000235, 0.659664, 0.751561, -0.0, 0.0, 0.0, 0.0, 1.0],
                [0.999802, -0.017056, 0.010246, -0.0, 0.019896, 0.863075, -0.504685, 0.3, -0.000235, 0.504788, 0.863243, -0.0, 0.0, 0.0, 0.0, 1.0],
                [0.999802, -0.014798, 0.013301, -0.0, 0.019896, 0.751415, -0.65953, 0.3, -0.000235, 0.659664, 0.751561, -0.0, 0.0, 0.0, 0.0, 1.0]
            ]
        },
        {
            "name": "Tool_L",
            "time": [0.0, 0.7667],
            "transform": [
                [1.0, 0.0, 0.0, -0.0, 0.0, -0.994551, 0.104255, 0.379125, 0.0, -0.104205, -0.993964, 0.040356, 0.0, 0.0, 0.0, 1.0],
                [1.0, 0.0, 0.0, -0.0, 0.0, -0.994551, 0.104255, 0.379125, 0.0, -0.104205, -0.993964, 0.040356, 0.0, 0.0, 0.0, 1.0]
            ]
        },
        {
            "name": "Elbow_L",
            "time": [0.0, 0.2167, 0.3833, 0.6, 0.7667],
            "transform": [
                [-1.0, 0.0, -0.0, -0.001234, 0.0, -0.0, -1.0, 0.368511, -0.0, -1.0, 0.0, -0.001546, 0.0, 0.0, 0.0, 1.0],
                [-1.0, 0.0, -0.0, -0.001234, 0.0, -0.123591, -0.992333, 0.368511, -0.0, -0.992333, 0.123591, -0.001546, 0.0, 0.0, 0.0, 1.0],
                [-1.0, 0.0, -0.0, -0.001234, 0.0, -0.0, -1.0, 0.368511, -0.0, -1.0, 0.0, -0.001546, 0.0, 0.0, 0.0, 1.0],
                [-1.0, 0.0, -0.0, -0.001234, 0.0, -0.123591, -0.992333, 0.368511, -0.0, -0.992333, 0.123591, -0.001546, 0.0, 0.0, 0.0, 1.0],
                [-1.0, 0.0, -0.0, -0.001234, 0.0, -0.0, -1.0, 0.368511, -0.0, -1.0, 0.0, -0.001546, 0.0, 0.0, 0.0, 1.0]
            ]
        }
    ]
}