{
    
    "animation": [
        {
            "name": "Root",
            "time": [0.0, 0.2, 0.4, 0.6, 0.8],
            "transform": [
                [1.0, 0.0, 0.0, -5e-06, 0.0, 0.0, -1.0, 0.000946, 0.0, 1.0, 0.0, 0.764948, 0.0, 0.0, 0.0, 1.0],
                [1.0, 0.0, 0.0, -5e-06, 0.0, 0.0, -1.0, 0.000946, 0.0, 1.0, 0.0, 0.679639, 0.0, 0.0, 0.0, 1.0],
                [1.0, 0.0, 0.0, -5e-06, 0.0, 0.0, -1.0, 0.000946, 0.0, 1.0, 0.0, 0.764948, 0.0, 0.0, 0.0, 1.0],
                [1.0, 0.0, 0.0, -5e-06, 0.0, 0.0, -1.0, 0.000946, 0.0, 1.0, 0.0, 0.679639, 0.0, 0.0, 0.0, 1.0],
                [1.0, 0.0, 0.0, -5e-06, 0.0, 0.0, -1.0, 0.000946, 0.0, 1.0, 0.0, 0.764948, 0.0, 0.0, 0.0, 1.0]
            ]
        },
        {
            "name": "Thigh_R",
            "time": [0.0, 0.2, 0.4, 0.6, 0.8],
            "transform": [
                [0.999003, 0.044623, -0.0, 0.124994, 0.03665, -0.820506, 0.570459, -0.002831, 0.025455, -0.569889, -0.821327, -1.2e-05, 0.0, 0.0, 0.0, 1.0],
                [0.997973, 0.063625, -0.0, 0.124994, 0.047274, -0.741502, 0.669282, -0.002831, 0.042583, -0.667924, -0.743009, -1.2e-05, 0.0, 0.0, 0.0, 1.0],
                [0.998047, 0.062464, -0.0, 0.124994, 0.062405, -0.997095, 0.04362, -0.002831, 0.002725, -0.043534, -0.999049, -1.2e-05, 0.0, 0.0, 0.0, 1.0],
                [0.999261, 0.038436, -0.0, 0.124994, 0.032443, -0.843448, -0.536228, -0.002831, -0.020611, 0.535831, -0.844073, -1.2e-05, 0.0, 0.0, 0.0, 1.0],
                [0.999283, 0.037862, -0.0, 0.124994, 0.031097, -0.820736, 0.570459, -0.002831, 0.021598, -0.570048, -0.821327, -1.2e-05, 0.0, 0.0, 0.0, 1.0]
            ]
        },
        {
            "name": "Leg_R",
            "time": [0.0, 0.2, 0.4, 0.6, 0.8],
            "transform": [
                [1.0, 0.0, 1e-06, 0.0, -1e-06, 0.510397, 0.859939, 0.37472, -0.0, -0.85994, 0.510396, -0.0, 0.0, 0.0, 0.0, 1.0],
                [0.99876, -0.049788, 1e-06, -0.0, 0.038533, 0.773006, 0.633228, 0.37472, -0.031527, -0.632444, 0.773964, 0.0, 0.0, 0.0, 0.0, 1.0],
                [0.998752, -0.049944, 1e-06, -0.0, 0.049754, 0.994952, 0.087156, 0.37472, -0.004354, -0.087047, 0.996194, -0.0, 0.0, 0.0, 0.0, 1.0],
                [1.0, 0.0, 1e-06, 0.0, -0.0, 0.996195, 0.087156, 0.37472, -1e-06, -0.087156, 0.996194, -0.0, 0.0, 0.0, 0.0, 1.0],
                [1.0, 0.0, 1e-06, 0.0, -1e-06, 0.510397, 0.859939, 0.37472, -0.0, -0.85994, 0.510396, 0.0, 0.0, 0.0, 0.0, 1.0]
            ]
        },
        {
            "name": "Knee_R",
            "time": [0.0, 0.2, 0.4, 0.6, 0.8],
            "transform": [
                [1.0, 0.0, -0.0, 0.0, -0.0, 1e-06, -1.0, 0.439324, -0.0, 1.0, 1e-06, -0.000954, 0.0, 0.0, 0.0, 1.0],
                [1.0, 0.0, -0.0, -0.0, -0.0, 1e-06, -1.0, 0.40073, -0.0, 1.0, 1e-06, -0.003832, 0.0, 0.0, 0.0, 1.0],
                [1.0, 0.0, -0.0, -0.0, -0.0, 1e-06, -1.0, 0.37472, -0.0, 1.0, 1e-06, -0.0, 0.0, 0.0, 0.0, 1.0],
                [1.0, 0.0, -0.0, 0.0, -0.0, 1e-06, -1.0, 0.37472, -0.0, 1.0, 1e-06, -0.0, 0.0, 0.0, 0.0, 1.0],
                [1.0, 0.0, -0.0, 0.0, -0.0, 1e-06, -1.0, 0.439324, -0.0, 1.0, 1e-06, -0.000954, 0.0, 0.0, 0.0, 1.0]
            ]
        },
        {
            "name": "Thigh_L",
            "time": [0.0, 0.2, 0.4, 0.6, 0.8],
            "transform": [
                [0.999722, -0.023564, -0.0, -0.125006, -0.023541, -0.998771, 0.04362, -0.002831, -0.001028, -0.043607, -0.999048, -1.2e-05, 0.0, 0.0, 0.0, 1.0],
                [0.999355, -0.035904, -0.0, -0.125006, -0.031971, -0.889895, -0.455043, -0.002831, 0.016338, 0.45475, -0.890469, -1.2e-05, 0.0, 0.0, 0.0, 1.0],
                [0.998575, -0.053354, -0.0, -0.125006, -0.049292, -0.922563, 0.382684, -0.002831, -0.020418, -0.382139, -0.923879, -1.2e-05, 0.0, 0.0, 0.0, 1.0],
                [0.997763, -0.066842, -0.0, -0.125006, -0.045646, -0.681372, 0.730512, -0.002831, -0.048829, -0.728878, -0.682899, -1.2e-05, 0.0, 0.0, 0.0, 1.0],
                [0.997996, -0.063273, -0.0, -0.125006, -0.063213, -0.997046, 0.04362, -0.002831, -0.00276, -0.043532, -0.999048, -1.2e-05, 0.0, 0.0, 0.0, 1.0]
            ]
        },
        {
            "name": "Leg_L",
            "time": [0.0, 0.2, 0.4, 0.6, 0.8],
            "transform": [
                [0.999674, 0.025533, 1e-06, 0.0, -0.025436, 0.99587, 0.087156, 0.37472, 0.002225, -0.087127, 0.996195, 0.0, 0.0, 0.0, 0.0, 1.0],
                [1.0, 0.0, 1e-06, 0.0, -0.0, 0.996194, 0.087156, 0.37472, -1e-06, -0.087156, 0.996195, -0.0, 0.0, 0.0, 0.0, 1.0],
                [1.0, -0.0, 1e-06, 0.0, -1e-06, 0.404571, 0.914507, 0.37472, -1e-06, -0.914506, 0.404572, -0.0, 0.0, 0.0, 0.0, 1.0],
                [1.0, 0.0, 1e-06, -0.0, -1e-06, 0.673715, 0.738992, 0.37472, -1e-06, -0.738991, 0.673715, -0.0, 0.0, 0.0, 0.0, 1.0],
                [0.999674, 0.025533, 1e-06, 0.0, -0.025436, 0.99587, 0.087156, 0.37472, 0.002225, -0.087127, 0.996195, 0.0, 0.0, 0.0, 0.0, 1.0]
            ]
        },
        {
            "name": "Knee_L",
            "time": [0.0, 0.2, 0.4, 0.6, 0.8],
            "transform": [
                [1.0, 0.0, -0.0, 0.0, -0.0, 1e-06, -1.0, 0.37472, -0.0, 1.0, 1e-06, 0.0, 0.0, 0.0, 0.0, 1.0],
                [1.0, 0.0, -0.0, 0.0, -0.0, 1e-06, -1.0, 0.37472, -0.0, 1.0, 1e-06, -0.0, 0.0, 0.0, 0.0, 1.0],
                [1.0, 0.0, -0.0, 0.0, -0.0, 1e-06, -1.0, 0.417962, -0.0, 1.0, 1e-06, -0.001644, 0.0, 0.0, 0.0, 1.0],
                [1.0, 0.0, -0.0, -0.0, -0.0, 1e-06, -1.0, 0.403148, -0.0, 1.0, 1e-06, -0.003028, 0.0, 0.0, 0.0, 1.0],
                [1.0, 0.0, -0.0, 0.0, -0.0, 1e-06, -1.0, 0.37472, -0.0, 1.0, 1e-06, 0.0, 0.0, 0.0, 0.0, 1.0]
            ]
        },
        {
            "name": "Torso",
            "time": [0.0, 0.2, 0.6, 0.8],
            "transform": [
                [1.0, 0.0, 0.0, 0.0, 0.0, 1.0, 0.0, 0.05, 0.0, 0.0, 1.0, 0.0, 0.0, 0.0, 0.0, 1.0],
                [0.99998, -0.006357, 0.0, 0.0, 0.006357, 0.99998, 0.0, 0.05, 0.0, 0.0, 1.0, 0.0, 0.0, 0.0, 0.0, 1.0],
                [0.999974, 0.007143, 0.0, 0.0, -0.007143, 0.999975, 0.0, 0.05, 0.0, 0.0, 1.0, 0.0, 0.0, 0.0, 0.0, 1.0],
                [1.0, 0.0, 0.0, 0.0, 0.0, 1.0, 0.0, 0.05, 0.0, 0.0, 1.0, 0.0, 0.0, 0.0, 0.0, 1.0]
            ]
        },
        {
            "name": "Chest",
            "time": [0.0, 0.2, 0.4, 0.6, 0.8],
            "transform": [
                [1.0, 0.0, 0.0, 0.0, 0.0, 1.0, 0.0, 0.3, 0.0, 0.0, 1.0, 0.0, 0.0, 0.0, 0.0, 1.0],
                [0.999772, -0.021275, -0.001989, 0.0, 0.021368, 0.995433, 0.093042, 0.3, 0.0, -0.093063, 0.99566, -0.0, 0.0, 0.0, 0.0, 1.0],
                [1.0, 0.0, 0.0, 0.0, -0.0, 1.0, 0.0, 0.3, 0.0, 0.0, 1.0, 0.0, 0.0, 0.0, 0.0, 1.0],
                [0.999718, 0.023759, 0.0, 0.0, -0.023742, 0.999004, 0.037781, 0.3, 0.000898, -0.03777, 0.999286, 0.0, 0.0, 0.0, 0.0, 1.0],
                [1.0, 0.0, 0.0, 0.0, 0.0, 1.0, 0.0, 0.3, 0.0, 0.0, 1.0, 0.0, 0.0, 0.0, 0.0, 1.0]
            ]
        },
        {
            "name": "Head",
            "time": [0.0, 0.2, 0.4, 0.6, 0.8],
            "transform": [
                [1.0, 0.0, 0.0, 0.0, 0.0, 0.999699, -0.024548, 0.4, 0.0, 0.024548, 0.999699, 0.0, 0.0, 0.0, 0.0, 1.0],
                [1.0, 0.0, 0.0, -0.0, -0.0, 0.998453, -0.055601, 0.4, 0.0, 0.055601, 0.998453, 0.0, 0.0, 0.0, 0.0, 1.0],
                [1.0, -0.0, 0.0, 0.0, 0.0, 0.999699, -0.024548, 0.4, 0.0, 0.024548, 0.999699, 0.0, 0.0, 0.0, 0.0, 1.0],
                [1.0, -0.0, 0.0, 0.0, -0.0, 0.998453, -0.055601, 0.4, -0.0, 0.055601, 0.998453, -0.0, 0.0, 0.0, 0.0, 1.0],
                [1.0, 0.0, 0.0, 0.0, 0.0, 0.999699, -0.024548, 0.4, 0.0, 0.024548, 0.999699, 0.0, 0.0, 0.0, 0.0, 1.0]
            ]
        },
        {
            "name": "Shoulder_R",
            "time": [0.0, 0.2, 0.4, 0.6, 0.8],
            "transform": [
                [-0.004613, 0.951979, 0.306128, 0.0, 0.000526, -0.306129, 0.95199, 0.4, 0.999989, 0.004553, 0.000911, 0.0, 0.0, 0.0, 0.0, 1.0],
                [0.0, 0.952114, 0.305743, -0.0, 0.0, -0.305743, 0.952114, 0.4, 1.0, -0.0, -0.0, 0.0, 0.0, 0.0, 0.0, 1.0],
                [-0.004613, 0.951979, 0.306128, 0.0, 0.000526, -0.306129, 0.95199, 0.4, 0.999989, 0.004553, 0.000911, 0.0, 0.0, 0.0, 0.0, 1.0],
                [0.0, 0.952114, 0.305743, 0.0, 0.0, -0.305743, 0.952114, 0.4, 1.0, 0.0, -0.0, -0.0, 0.0, 0.0, 0.0, 1.0],
                [-0.004613, 0.951979, 0.306128, 0.0, 0.000526, -0.306129, 0.95199, 0.4, 0.999989, 0.004553, 0.000911, 0.0, 0.0, 0.0, 0.0, 1.0]
            ]
        },
        {
            "name": "Arm_R",
            "time": [0.0, 0.2, 0.4, 0.6, 0.8],
            "transform": [
                [-0.012514, 0.171453, -0.985113, -0.0, 0.90129, 0.428591, 0.063144, 0.39386, 0.433037, -0.887082, -0.159892, -0.0, 0.0, 0.0, 0.0, 1.0],
                [-0.060335, 0.255016, -0.965052, 0.0, 0.888108, 0.455054, 0.064724, 0.39386, 0.455657, -0.853166, -0.253938, -0.0, 0.0, 0.0, 0.0, 1.0],
                [-0.00826, 0.195307, -0.980707, -0.0, 0.877045, 0.472518, 0.086715, 0.39386, 0.480338, -0.859408, -0.175196, -0.0, 0.0, 0.0, 0.0, 1.0],
                [0.052793, -0.002647, -0.998602, 0.0, 0.873327, 0.485062, 0.044884, 0.393861, 0.484265, -0.874476, 0.02792, -0.0, 0.0, 0.0, 0.0, 1.0],
                [-0.012514, 0.171453, -0.985113, -0.0, 0.90129, 0.428591, 0.063144, 0.39386, 0.433037, -0.887082, -0.159892, -0.0, 0.0, 0.0, 0.0, 1.0]
            ]
        },
        {
            "name": "Hand_R",
            "time": [0.0, 0.2, 0.4, 0.6, 0.8],
            "transform": [
                [1.0, 0.0, 0.0, 0.0, -0.0, 0.963611, -0.267311, 0.3, -0.0, 0.26731, 0.96361, -0.0, 0.0, 0.0, 0.0, 1.0],
                [1.0, 0.0, 0.0, -0.0, -0.0, 0.972273, -0.23385, 0.3, -0.0, 0.23385, 0.972273, 0.0, 0.0, 0.0, 0.0, 1.0],
                [1.0, 0.0, 0.0, -0.0, -0.0, 0.976409, -0.215931, 0.3, -0.0, 0.215931, 0.976409, -0.0, 0.0, 0.0, 0.0, 1.0],
                [1.0, 0.0, 0.0, -0.0, -0.0, 0.916972, -0.398952, 0.3, -0.0, 0.398952, 0.916972, -0.0, 0.0, 0.0, 0.0, 1.0],
                [1.0, 0.0, 0.0, 0.0, -0.0, 0.963611, -0.267311, 0.3, -0.0, 0.26731, 0.96361, -0.0, 0.0, 0.0, 0.0, 1.0]
            ]
        },
        {
            "name": "Tool_R",
            "time": [0.0, 0.8],
            "transform": [
                [1.0, 0.0, 0.0, -0.0, -0.0, -0.997235, 0.074311, 0.38343, 0.0, -0.074278, -0.996644, 0.024241, 0.0, 0.0, 0.0, 1.0],
                [1.0, 0.0, 0.0, -0.0, -0.0, -0.997235, 0.074311, 0.38343, 0.0, -0.074278, -0.996644, 0.024241, 0.0, 0.0, 0.0, 1.0]
            ]
        },
        {
            "name": "Elbow_R",
            "time": [0.0, 0.8],
            "transform": [
                [-1.0, 0.0, -0.0, 0.0, 0.0, -0.0, -1.0, 0.3, -0.0, -1.0, 0.0, -0.0, 0.0, 0.0, 0.0, 1.0],
                [-1.0, 0.0, -0.0, 0.0, 0.0, -0.0, -1.0, 0.3, -0.0, -1.0, 0.0, -0.0, 0.0, 0.0, 0.0, 1.0]
            ]
        },
        {
            "name": "Shoulder_L",
            "time": [0.0, 0.2, 0.4, 0.6, 0.8],
            "transform": [
                [0.004613, -0.952227, -0.305355, 0.0, 0.000524, -0.305355, 0.952238, 0.4, -0.999989, -0.004553, -0.00091, 0.0, 0.0, 0.0, 0.0, 1.0],
                [-0.0, -0.952114, -0.305743, -0.0, 0.0, -0.305743, 0.952114, 0.4, -1.0, -0.0, 0.0, 0.0, 0.0, 0.0, 0.0, 1.0],
                [0.004613, -0.952227, -0.305355, 0.0, 0.000524, -0.305355, 0.952238, 0.4, -0.999989, -0.004553, -0.00091, 0.0, 0.0, 0.0, 0.0, 1.0],
                [-0.0, -0.952114, -0.305743, 0.0, 0.0, -0.305743, 0.952114, 0.4, -1.0, -0.0, 0.0, -0.0, 0.0, 0.0, 0.0, 1.0],
                [0.004613, -0.952227, -0.305355, 0.0, 0.000524, -0.305355, 0.952238, 0.4, -0.999989, -0.004553, -0.00091, 0.0, 0.0, 0.0, 0.0, 1.0]
            ]
        },
        {
            "name": "Arm_L",
            "time": [0.0, 0.2, 0.4, 0.6, 0.8],
            "transform": [
                [-0.015167, -0.161825, 0.986703, -0.0, -0.892804, 0.446497, 0.059505, 0.39386, -0.450189, -0.88003, -0.15125, 0.0, 0.0, 0.0, 0.0, 1.0],
                [0.075807, 0.133248, 0.988179, 0.0, -0.856797, 0.515639, -0.003802, 0.39386, -0.510051, -0.846381, 0.153255, -0.0, 0.0, 0.0, 0.0, 1.0],
                [-0.007183, -0.153343, 0.988147, 0.0, -0.888816, 0.453779, 0.063957, 0.39386, -0.458208, -0.877821, -0.139553, 0.0, 0.0, 0.0, 0.0, 1.0],
                [-0.044383, -0.439671, 0.897061, 0.0, -0.913807, 0.380741, 0.141398, 0.39386, -0.403717, -0.813465, -0.418673, 0.0, 0.0, 0.0, 0.0, 1.0],
                [-0.015167, -0.161825, 0.986703, -0.0, -0.892804, 0.446497, 0.059505, 0.39386, -0.450189, -0.88003, -0.15125, 0.0, 0.0, 0.0, 0.0, 1.0]
            ]
        },
        {
            "name": "Hand_L",
            "time": [0.0, 0.2, 0.4, 0.6, 0.8],
            "transform": [
                [1.0, 0.0, 0.0, -0.0, -0.0, 0.975981, -0.217856, 0.3, -0.0, 0.217856, 0.975981, -0.0, 0.0, 0.0, 0.0, 1.0],
                [1.0, 0.0, 0.0, 0.0, -0.0, 0.958736, -0.284299, 0.3, -0.0, 0.284299, 0.958736, -0.0, 0.0, 0.0, 0.0, 1.0],
                [1.0, 0.0, 0.0, -0.0, -0.0, 0.9716, -0.23663, 0.3, -0.0, 0.23663, 0.9716, 0.0, 0.0, 0.0, 0.0, 1.0],
                [1.0, 0.0, 0.0, -0.0, -0.0, 0.890583, -0.45482, 0.3, -0.0, 0.45482, 0.890583, 0.0, 0.0, 0.0, 0.0, 1.0],
                [1.0, 0.0, 0.0, -0.0, -0.0, 0.975981, -0.217856, 0.3, -0.0, 0.217856, 0.975981, -0.0, 0.0, 0.0, 0.0, 1.0]
            ]
        },
        {
            "name": "Tool_L",
            "time": [0.0, 0.8],
            "transform": [
                [1.0, 0.0, 0.0, -0.0, 0.0, -0.994551, 0.104255, 0.379125, 0.0, -0.104205, -0.993965, 0.040356, 0.0, 0.0, 0.0, 1.0],
                [1.0, 0.0, 0.0, -0.0, 0.0, -0.994551, 0.104255, 0.379125, 0.0, -0.104205, -0.993965, 0.040356, 0.0, 0.0, 0.0, 1.0]
            ]
        },
        {
            "name": "Elbow_L",
            "time": [0.0, 0.8],
            "transform": [
                [-1.0, 0.0, -0.0, -0.0, 0.0, -0.0, -1.0, 0.3, -0.0, -1.0, -0.0, -0.0, 0.0, 0.0, 0.0, 1.0],
                [-1.0, 0.0, -0.0, -0.0, 0.0, -0.0, -1.0, 0.3, -0.0, -1.0, -0.0, -0.0, 0.0, 0.0, 0.0, 1.0]
            ]
        }
    ]
}