{
    "animation": [
        {
            "name": "Root",
            "time": [0.0, 0.1167, 0.2, 0.3167, 0.6333, 1.1833],
            "transform": [
                [0.999626, -0.020813, -0.017752, -0.055139, -0.006776, 0.440334, -0.897808, 0.07874, 0.026503, 0.897593, 0.440028, 0.693098, 0.0, 0.0, 0.0, 1.0],
                [0.781382, -0.025141, 0.623547, -0.055139, 0.585803, 0.373989, -0.719004, 0.530185, -0.215123, 0.927092, 0.306956, 0.693098, 0.0, 0.0, 0.0, 1.0],
                [0.944939, 0.323701, 0.048053, -0.063157, -0.061048, 0.31863, -0.945911, 1.060035, -0.321503, 0.890895, 0.320847, 0.72977, 0.0, 0.0, 0.0, 1.0],
                [0.388403, 0.281169, -0.877546, -0.058514, -0.91799, 0.035143, -0.395043, 1.886729, -0.080234, 0.959015, 0.27176, 0.498663, 0.0, 0.0, 0.0, 1.0],
                [0.387928, 0.248746, -0.887489, 0.019414, -0.921657, 0.112772, -0.371256, 2.192473, 0.007735, 0.961981, 0.273006, 0.494347, 0.0, 0.0, 0.0, 1.0],
                [0.999432, -0.003881, -0.033472, -0.005753, -0.032907, 0.101344, -0.994307, 1.806273, 0.007251, 0.994844, 0.101158, 0.637081, 0.0, 0.0, 0.0, 1.0]
            ]
        },
        {
            "name": "Torso",
            "time": [0.0, 0.1167, 0.3167, 0.6333, 1.1833],
            "transform": [
                [0.999418, 0.016074, -0.030095, 0.0, -0.015153, 0.999418, 0.030561, 0.083555, 0.030569, -0.030087, 0.99908, 0.0, 0.0, 0.0, 0.0, 1.0],
                [0.999418, 0.016074, -0.030095, -0.0, -0.015153, 0.999418, 0.030561, 0.083555, 0.030569, -0.030087, 0.99908, 0.0, 0.0, 0.0, 0.0, 1.0],
                [0.996243, 0.016074, 0.085101, -0.0, -0.018569, 0.999418, 0.028614, 0.083555, -0.084592, -0.030087, 0.995961, 0.0, 0.0, 0.0, 0.0, 1.0],
                [0.996243, 0.016074, 0.085101, 0.0, -0.018569, 0.999418, 0.028614, 0.083555, -0.084592, -0.030087, 0.995961, 0.0, 0.0, 0.0, 0.0, 1.0],
                [0.999418, 0.012176, -0.031872, 0.0, -0.015153, 0.995369, -0.094924, 0.083555, 0.030569, 0.095351, 0.994974, 0.0, 0.0, 0.0, 0.0, 1.0]
            ]
        },
        {
            "name": "Chest",
            "time": [0.0, 0.1167, 0.2, 0.3167, 0.6333, 1.1833],
            "transform": [
                [0.948549, -0.018521, -0.316087, -0.0, 0.063922, 0.988934, 0.133879, 0.314859, 0.31011, -0.147196, 0.939236, 0.0, 0.0, 0.0, 0.0, 1.0],
                [0.863652, -0.018521, 0.503748, -0.0, -0.058351, 0.988934, 0.1364, 0.314859, -0.500699, -0.147196, 0.853014, 0.0, 0.0, 0.0, 0.0, 1.0],
                [0.798193, -0.018519, 0.602117, 0.0, -0.074098, 0.988919, 0.128643, 0.314859, -0.597827, -0.147298, 0.787976, 0.0, 0.0, 0.0, 0.0, 1.0],
                [0.850003, -0.018521, -0.526452, -0.0, 0.093092, 0.988934, 0.115514, 0.314859, 0.518487, -0.147196, 0.842321, -0.0, 0.0, 0.0, 0.0, 1.0],
                [0.850003, 0.043132, -0.525009, 0.0, 0.093092, 0.968657, 0.230299, 0.314859, 0.518487, -0.244629, 0.819346, -0.0, 0.0, 0.0, 0.0, 1.0],
                [0.997739, -0.046021, 0.048981, -0.0, 0.030596, 0.959906, 0.278646, 0.314859, -0.059841, -0.276517, 0.959144, 0.0, 0.0, 0.0, 0.0, 1.0]
            ]
        },
        {
            "name": "LeftShoulder",
            "time": [0.0, 0.1167, 0.3167, 0.6333, 1.1833],
            "transform": [
                [-0.149743, -0.969532, -0.193867, -0.093367, -0.050077, -0.188389, 0.980817, 0.347989, -0.987456, 0.156578, -0.020341, -0.003363, 0.0, 0.0, 0.0, 1.0],
                [-0.149743, -0.969532, -0.193867, -0.093367, -0.050077, -0.188389, 0.980817, 0.347989, -0.987456, 0.156578, -0.020341, -0.003363, 0.0, 0.0, 0.0, 1.0],
                [0.821374, -0.536434, -0.193867, -0.093367, 0.150944, -0.123345, 0.980817, 0.347989, -0.550056, -0.83488, -0.020341, -0.003363, 0.0, 0.0, 0.0, 1.0],
                [0.821374, -0.536434, -0.193867, -0.093367, 0.150944, -0.123345, 0.980817, 0.347989, -0.550056, -0.83488, -0.020341, -0.003363, 0.0, 0.0, 0.0, 1.0],
                [-0.149743, -0.969532, -0.193867, -0.093367, -0.050077, -0.188389, 0.980817, 0.347989, -0.987456, 0.156578, -0.020341, -0.003363, 0.0, 0.0, 0.0, 1.0]
            ]
        },
        {
            "name": "LeftArm",
            "time": [0.0, 0.1167, 0.2, 0.3167, 0.6333, 1.1833],
            "transform": [
                [-0.152115, -0.175646, -0.97263, -0.0, 0.661115, 0.713438, -0.232234, 0.34013, 0.734703, -0.678347, 0.007598, 0.0, 0.0, 0.0, 0.0, 1.0],
                [-0.934145, -0.318872, -0.160292, -0.0, -0.336031, 0.937146, 0.094025, 0.34013, 0.120235, 0.141696, -0.982581, 0.0, 0.0, 0.0, 0.0, 1.0],
                [-0.964895, 0.106063, 0.240267, -0.0, 0.126471, 0.989417, 0.071133, 0.34013, -0.230179, 0.099023, -0.968097, 0.0, 0.0, 0.0, 0.0, 1.0],
                [-0.68025, 0.715239, -0.160291, 0.0, 0.710791, 0.697091, 0.094024, 0.34013, 0.178988, -0.049974, -0.982581, 0.0, 0.0, 0.0, 0.0, 1.0],
                [-0.526136, 0.798078, -0.293687, -0.0, 0.834112, 0.551577, 0.004581, 0.34013, 0.165647, -0.242557, -0.955891, 0.0, 0.0, 0.0, 0.0, 1.0],
                [-0.206164, 0.162019, -0.965011, -0.0, 0.915177, 0.380979, -0.131554, 0.34013, 0.346335, -0.910277, -0.22682, -0.0, 0.0, 0.0, 0.0, 1.0]
            ]
        },
        {
            "name": "LeftLowerArm",
            "time": [0.0, 0.1167, 0.3167, 0.6333, 1.1833],
            "transform": [
                [0.999992, -0.003699, 0.001812, -0.0, -0.001439, 0.098427, 0.995143, 0.312152, -0.003859, -0.995138, 0.09842, 0.0, 0.0, 0.0, 0.0, 1.0],
                [0.999992, 0.001136, 0.003959, 0.0, -0.001439, 0.996997, 0.077425, 0.312152, -0.003859, -0.07743, 0.99699, 0.0, 0.0, 0.0, 0.0, 1.0],
                [0.831531, -0.555464, 0.003959, 0.0, 0.553546, 0.829212, 0.077425, 0.312152, -0.046289, -0.06219, 0.99699, -0.0, 0.0, 0.0, 0.0, 1.0],
                [0.76485, -0.644197, 0.003959, -0.0, 0.642034, 0.762757, 0.077425, 0.312152, -0.052896, -0.056677, 0.99699, 0.0, 0.0, 0.0, 0.0, 1.0],
                [0.999992, 5.2e-05, 0.004118, -0.0, -0.001439, 0.941276, 0.337634, 0.312152, -0.003859, -0.337637, 0.941268, 0.0, 0.0, 0.0, 0.0, 1.0]
            ]
        },
        {
            "name": "RightShoulder",
            "time": [0.0, 0.1167, 0.3167, 0.6333, 1.1833],
            "transform": [
                [-0.038206, 0.944895, 0.325137, 0.095562, -0.001055, -0.325413, 0.945571, 0.352916, 0.999269, 0.035784, 0.01343, 0.00204, 0.0, 0.0, 0.0, 1.0],
                [-0.038206, 0.944895, 0.325137, 0.095562, -0.001055, -0.325413, 0.945572, 0.352916, 0.99927, 0.035784, 0.01343, 0.00204, 0.0, 0.0, 0.0, 1.0],
                [-0.038206, 0.944895, 0.325137, 0.095562, -0.001055, -0.325413, 0.945572, 0.352916, 0.999269, 0.035784, 0.01343, 0.00204, 0.0, 0.0, 0.0, 1.0],
                [-0.038206, 0.944895, 0.325137, 0.095562, -0.001055, -0.325413, 0.945571, 0.352916, 0.999269, 0.035784, 0.01343, 0.00204, 0.0, 0.0, 0.0, 1.0],
                [-0.038206, 0.944895, 0.325137, 0.095562, -0.001055, -0.325413, 0.945572, 0.352916, 0.999269, 0.035784, 0.01343, 0.00204, 0.0, 0.0, 0.0, 1.0]
            ]
        },
        {
            "name": "RightArm",
            "time": [0.0, 0.1167, 0.3167, 0.6333, 1.1833],
            "transform": [
                [-0.226386, 0.681872, 0.695557, 0.0, -0.423819, 0.573997, -0.700646, 0.293782, -0.876998, -0.453407, 0.159046, -0.0, 0.0, 0.0, 0.0, 1.0],
                [-0.226386, 0.681872, 0.695557, -0.0, -0.423819, 0.573997, -0.700646, 0.293782, -0.876998, -0.453407, 0.159046, 0.0, 0.0, 0.0, 0.0, 1.0],
                [-0.226386, 0.681872, 0.695557, 0.0, -0.42382, 0.573997, -0.700646, 0.293781, -0.876998, -0.453407, 0.159046, -0.0, 0.0, 0.0, 0.0, 1.0],
                [-0.226386, 0.681872, 0.695557, 0.0, -0.423819, 0.573997, -0.700646, 0.293782, -0.876998, -0.453407, 0.159046, -0.0, 0.0, 0.0, 0.0, 1.0],
                [0.02511, -0.317853, 0.947807, -0.0, -0.892775, 0.419464, 0.164322, 0.293782, -0.449802, -0.850305, -0.273238, 0.0, 0.0, 0.0, 0.0, 1.0]
            ]
        },
        {
            "name": "RightLowerArm",
            "time": [0.0, 0.1167, 0.3167, 0.6333, 1.1833],
            "transform": [
                [0.998152, -0.044488, 0.041384, 0.0, -0.027742, 0.272284, 0.961817, 0.320511, -0.054057, -0.961188, 0.270547, 0.0, 0.0, 0.0, 0.0, 1.0],
                [0.998152, -0.044488, 0.041384, -0.0, -0.027742, 0.272284, 0.961817, 0.320511, -0.054057, -0.961188, 0.270547, -0.0, 0.0, 0.0, 0.0, 1.0],
                [0.998152, -0.044488, 0.041384, 0.0, -0.027742, 0.272284, 0.961817, 0.320511, -0.054057, -0.961188, 0.270547, -0.0, 0.0, 0.0, 0.0, 1.0],
                [0.998152, -0.044488, 0.041384, 0.0, -0.027742, 0.272284, 0.961817, 0.320511, -0.054057, -0.961188, 0.270547, 0.0, 0.0, 0.0, 0.0, 1.0],
                [0.998152, 0.016618, 0.058443, 0.0, -0.027742, 0.980406, 0.195023, 0.320511, -0.054057, -0.196284, 0.979056, 0.0, 0.0, 0.0, 0.0, 1.0]
            ]
        },
        {
            "name": "Head",
            "time": [0.0, 0.1167, 0.3167, 0.6333, 1.1833],
            "transform": [
                [0.935612, 0.068358, 0.346349, 0.0, 0.011614, 0.974583, -0.223724, 0.325875, -0.35284, 0.213341, 0.911038, -0.0, 0.0, 0.0, 0.0, 1.0],
                [0.445406, 0.068358, -0.892715, 0.0, -0.22116, 0.974583, -0.035717, 0.325875, 0.867584, 0.213341, 0.449203, 0.0, 0.0, 0.0, 0.0, 1.0],
                [0.012647, 0.068358, 0.997581, 0.0, 0.212977, 0.974583, -0.069483, 0.325875, -0.976975, 0.213341, -0.002233, -0.0, 0.0, 0.0, 0.0, 1.0],
                [0.327328, 0.068358, 0.942435, -0.0, 0.180094, 0.974583, -0.133241, 0.325875, -0.92759, 0.213341, 0.306697, -0.0, 0.0, 0.0, 0.0, 1.0],
                [0.995079, -0.053581, -0.083353, 0.0, 0.045788, 0.994637, -0.092745, 0.325875, 0.087875, 0.088472, 0.992195, 0.0, 0.0, 0.0, 0.0, 1.0]
            ]
        },
        {
            "name": "RightLeg",
            "time": [0.0, 0.1167, 0.2, 0.3167, 0.6333, 1.1833],
            "transform": [
                [-0.995175, 0.074175, 0.064219, 0.124009, -0.072807, -0.11958, -0.990151, -0.021387, -0.065765, -0.990047, 0.124405, -0.001198, 0.0, 0.0, 0.0, 1.0],
                [-0.912619, 0.400846, 0.080303, 0.124009, -0.33341, -0.616129, -0.713598, -0.021387, -0.236565, -0.678014, 0.695936, -0.001198, 0.0, 0.0, 0.0, 1.0],
                [-0.936611, 0.347977, -0.040883, 0.124009, -0.272018, -0.795735, -0.54112, -0.021387, -0.220828, -0.495695, 0.839949, -0.001198, 0.0, 0.0, 0.0, 1.0],
                [-0.52899, 0.830885, -0.17263, 0.124009, -0.76946, -0.555406, -0.315365, -0.021387, -0.357909, -0.033992, 0.933134, -0.001198, 0.0, 0.0, 0.0, 1.0],
                [-0.52899, 0.830884, -0.17263, 0.124009, -0.76946, -0.555405, -0.315365, -0.021387, -0.357909, -0.033992, 0.933134, -0.001198, 0.0, 0.0, 0.0, 1.0],
                [-0.979083, 0.192197, -0.066759, 0.124009, -0.191345, -0.981339, -0.018987, -0.021387, -0.069162, -0.005814, 0.997585, -0.001198, 0.0, 0.0, 0.0, 1.0]
            ]
        },
        {
            "name": "RightFoot",
            "time": [0.0, 0.1167, 0.3167, 0.6333, 1.1833],
            "transform": [
                [0.997303, -0.006089, -0.073133, -0.0, -0.073125, 0.001527, -0.997322, 0.369915, 0.006184, 0.99998, 0.001078, 0.0, 0.0, 0.0, 0.0, 1.0],
                [0.997303, 0.067077, -0.029769, 0.0, -0.073126, 0.942505, -0.326093, 0.369915, 0.006184, 0.327391, 0.944869, -0.0, 0.0, 0.0, 0.0, 1.0],
                [0.997303, 0.067077, -0.029769, -0.0, -0.073126, 0.942505, -0.326093, 0.369915, 0.006184, 0.327391, 0.944869, -0.0, 0.0, 0.0, 0.0, 1.0],
                [0.997304, 0.067077, -0.029769, 0.0, -0.073126, 0.942505, -0.326093, 0.369914, 0.006184, 0.327391, 0.944869, 0.0, 0.0, 0.0, 0.0, 1.0],
                [0.998319, 0.057684, -0.005646, 0.0, -0.050045, 0.808758, -0.586008, 0.369915, -0.029237, 0.585305, 0.810286, -0.0, 0.0, 0.0, 0.0, 1.0]
            ]
        },
        {
            "name": "RightKnee",
            "time": [0.0, 0.1167, 0.3167, 0.6333, 1.1833],
            "transform": [
                [0.99525, 0.093147, -0.028313, 0.016302, -0.072727, 0.904682, 0.419834, 0.508521, 0.064721, -0.41578, 0.907159, -0.04184, 0.0, 0.0, 0.0, 1.0],
                [0.99525, 0.024909, 0.094115, 0.016302, -0.072727, -0.452443, 0.888823, 0.508521, 0.064721, -0.891446, -0.448482, -0.04184, 0.0, 0.0, 0.0, 1.0],
                [0.99525, 0.024909, 0.094115, 0.016301, -0.072727, -0.452443, 0.888823, 0.508521, 0.064721, -0.891446, -0.448482, -0.04184, 0.0, 0.0, 0.0, 1.0],
                [0.99525, 0.024909, 0.094115, 0.016302, -0.072727, -0.452443, 0.888823, 0.508521, 0.064721, -0.891446, -0.448482, -0.04184, 0.0, 0.0, 0.0, 1.0],
                [0.999907, -0.010759, 0.008368, 0.0, -0.006445, 0.167694, 0.985818, 0.369915, -0.012009, -0.98578, 0.167609, -0.0, 0.0, 0.0, 0.0, 1.0]
            ]
        },
        {
            "name": "LeftLeg",
            "time": [0.0, 0.1167, 0.3167, 0.6333, 1.1833],
            "transform": [
                [-0.997997, -0.058371, 0.024372, -0.152517, 0.057534, -0.997773, -0.033757, -0.056564, 0.026288, -0.032289, 0.999131, -0.00768, 0.0, 0.0, 0.0, 1.0],
                [-0.881708, -0.430031, -0.194072, -0.152517, 0.403475, -0.900488, 0.162262, -0.056564, -0.244536, 0.064763, 0.967473, -0.00768, 0.0, 0.0, 0.0, 1.0],
                [-0.669799, -0.686577, 0.282811, -0.152517, -0.038762, -0.34802, -0.936685, -0.056564, 0.741529, -0.638352, 0.206489, -0.00768, 0.0, 0.0, 0.0, 1.0],
                [-0.643688, -0.754055, 0.130637, -0.152517, 0.043493, -0.206472, -0.977485, -0.056564, 0.76405, -0.623513, 0.165698, -0.00768, 0.0, 0.0, 0.0, 1.0],
                [-0.998197, -0.054508, -0.025118, -0.152517, 0.05599, -0.695014, -0.716813, -0.056564, 0.021615, -0.716926, 0.696811, -0.00768, 0.0, 0.0, 0.0, 1.0]
            ]
        },
        {
            "name": "LeftFoot",
            "time": [0.0, 0.1167, 0.3167, 0.6333, 1.1833],
            "transform": [
                [0.999874, 0.007996, 0.013747, 0.0, -0.006445, 0.993979, -0.109382, 0.370083, -0.014539, 0.10928, 0.993905, 0.0, 0.0, 0.0, 0.0, 1.0],
                [0.999874, 0.015903, -4.4e-05, 0.0, -0.006444, 0.40263, -0.91534, 0.370083, -0.014539, 0.915225, 0.402682, 0.0, 0.0, 0.0, 0.0, 1.0],
                [0.999874, 0.015904, -4.4e-05, -0.0, -0.006444, 0.40263, -0.91534, 0.370083, -0.014539, 0.915225, 0.402682, 0.0, 0.0, 0.0, 0.0, 1.0],
                [0.999874, 0.015904, -4.4e-05, -0.0, -0.006444, 0.40263, -0.91534, 0.370083, -0.014539, 0.915225, 0.402682, -0.0, 0.0, 0.0, 0.0, 1.0],
                [0.999874, 0.013952, 0.007632, 0.0, -0.006445, 0.794213, -0.607606, 0.370083, -0.014539, 0.60748, 0.794202, -0.0, 0.0, 0.0, 0.0, 1.0]
            ]
        },
        {
            "name": "LeftKnee",
            "time": [0.0, 0.1167, 0.3167, 0.6333, 1.1833],
            "transform": [
                [-0.999873, -0.01092, -0.011563, 0.0, 0.006445, 0.386447, -0.922289, 0.370083, 0.01454, -0.922247, -0.386328, 0.0, 0.0, 0.0, 0.0, 1.0],
                [-0.999874, -0.01092, -0.011563, 0.0, 0.006445, 0.386447, -0.922289, 0.370083, 0.01454, -0.922247, -0.386328, 0.0, 0.0, 0.0, 0.0, 1.0],
                [-0.999873, -0.01092, -0.011563, -0.0, 0.006445, 0.386447, -0.922289, 0.370083, 0.01454, -0.922247, -0.386328, 0.0, 0.0, 0.0, 0.0, 1.0],
                [-0.999873, -0.01092, -0.011563, -0.0, 0.006445, 0.386447, -0.922289, 0.370083, 0.01454, -0.922247, -0.386328, -0.0, 0.0, 0.0, 0.0, 1.0],
                [-0.999873, -0.007352, -0.014103, 0.0, 0.006445, 0.623359, -0.781909, 0.370083, 0.01454, -0.781901, -0.623233, -0.0, 0.0, 0.0, 0.0, 1.0]
            ]
        }
    ]
}