{
    "animation": [
        {
            "name": "Root",
            "time": [0.0, 0.1167, 0.3167, 0.6333, 0.9, 1.0, 1.1833],
            "transform": [
                [0.999626, -0.020813, -0.017752, -0.055139, -0.006776, 0.440334, -0.897808, 0.07874, 0.026503, 0.897593, 0.440028, 0.693098, 0.0, 0.0, 0.0, 1.0],
                [0.733947, -0.319374, -0.599435, -0.05795, -0.451761, 0.429479, -0.781959, 0.543724, 0.507182, 0.844718, 0.170934, 0.743356, 0.0, 0.0, 0.0, 1.0],
                [0.649825, -0.156412, 0.743816, -0.058514, 0.755837, 0.236276, -0.610642, 1.886729, -0.080234, 0.959015, 0.27176, 0.498663, 0.0, 0.0, 0.0, 1.0],
                [0.456417, -0.207031, 0.865345, -0.058514, 0.886141, 0.193466, -0.421099, 2.153206, -0.080234, 0.959015, 0.27176, 0.481386, 0.0, 0.0, 0.0, 1.0],
                [0.834114, 0.05691, 0.548648, -0.056662, 0.532635, 0.175426, -0.827965, 2.577058, -0.143367, 0.982846, 0.116012, 0.676913, 0.0, 0.0, 0.0, 1.0],
                [0.920389, 0.055423, -0.387055, -0.171141, -0.391003, 0.132276, -0.910835, 2.716649, 0.000717, 0.989662, 0.143416, 0.66676, 0.0, 0.0, 0.0, 1.0],
                [0.999432, -0.003881, -0.033472, -0.211328, -0.032907, 0.101344, -0.994307, 2.859232, 0.007251, 0.994844, 0.101158, 0.637081, 0.0, 0.0, 0.0, 1.0]
            ]
        },
        {
            "name": "Torso",
            "time": [0.0, 0.1167, 0.3167, 0.6333, 1.1833],
            "transform": [
                [0.999418, 0.012176, -0.031872, 0.0, -0.015153, 0.995369, -0.094924, 0.083555, 0.030569, 0.095351, 0.994974, 0.0, 0.0, 0.0, 0.0, 1.0],
                [0.999418, 0.017314, -0.029399, -0.0, -0.015153, 0.997277, 0.072176, 0.083555, 0.030569, -0.071688, 0.996958, -0.0, 0.0, 0.0, 0.0, 1.0],
                [0.996243, 0.016074, 0.085101, 0.0, -0.018569, 0.999418, 0.028614, 0.083555, -0.084592, -0.030087, 0.995961, -0.0, 0.0, 0.0, 0.0, 1.0],
                [0.996243, 0.016074, 0.085101, 0.0, -0.018569, 0.999418, 0.028614, 0.083555, -0.084592, -0.030087, 0.995961, 0.0, 0.0, 0.0, 0.0, 1.0],
                [0.999418, 0.012176, -0.031872, 0.0, -0.015153, 0.995369, -0.094924, 0.083555, 0.030569, 0.095351, 0.994974, 0.0, 0.0, 0.0, 0.0, 1.0]
            ]
        },
        {
            "name": "Chest",
            "time": [0.0, 0.1167, 0.3167, 0.6333, 0.9, 1.0, 1.1833],
            "transform": [
                [0.96041, -0.026783, 0.277301, 0.0, -0.071662, 0.938124, 0.338803, 0.314859, -0.269217, -0.345262, 0.899064, 0.0, 0.0, 0.0, 0.0, 1.0],
                [0.860935, -0.033603, -0.507604, -0.0, -0.087201, 0.973299, -0.212332, 0.314859, 0.501186, 0.227067, 0.835017, -0.0, 0.0, 0.0, 0.0, 1.0],
                [0.833773, -0.116188, 0.539744, 0.0, -0.065974, 0.949635, 0.306336, 0.314859, -0.548152, -0.291023, 0.784114, -0.0, 0.0, 0.0, 0.0, 1.0],
                [0.837119, -0.088931, 0.539744, 0.0, -0.096913, 0.946977, 0.306336, 0.314859, -0.538368, -0.308748, 0.784114, 0.0, 0.0, 0.0, 0.0, 1.0],
                [0.947097, -0.115999, 0.29925, 0.0, -0.03399, 0.890904, 0.452918, 0.314859, -0.319141, -0.439128, 0.83983, -0.0, 0.0, 0.0, 0.0, 1.0],
                [0.83978, -0.247802, 0.483076, 0.0, 0.02401, 0.905845, 0.42293, 0.314859, -0.542395, -0.343569, 0.76666, 0.0, 0.0, 0.0, 0.0, 1.0],
                [0.997739, -0.046021, 0.048981, -0.0, 0.030596, 0.959906, 0.278646, 0.314859, -0.059841, -0.276517, 0.959144, 0.0, 0.0, 0.0, 0.0, 1.0]
            ]
        },
        {
            "name": "LeftShoulder",
            "time": [0.0, 0.1167, 0.3167, 0.6333, 1.1833],
            "transform": [
                [-0.149743, -0.969532, -0.193867, -0.093367, -0.050077, -0.188389, 0.980817, 0.347989, -0.987456, 0.156578, -0.020341, -0.003363, 0.0, 0.0, 0.0, 1.0],
                [-0.149743, -0.969532, -0.193867, -0.093367, -0.050077, -0.188389, 0.980817, 0.347989, -0.987456, 0.156578, -0.020341, -0.003363, 0.0, 0.0, 0.0, 1.0],
                [0.364617, -0.910752, -0.193867, -0.093367, 0.05279, -0.187647, 0.980817, 0.347989, -0.92966, -0.367857, -0.020341, -0.003363, 0.0, 0.0, 0.0, 1.0],
                [0.364617, -0.910752, -0.193867, -0.093367, 0.05279, -0.187647, 0.980817, 0.347989, -0.92966, -0.367857, -0.020341, -0.003363, 0.0, 0.0, 0.0, 1.0],
                [-0.149743, -0.969532, -0.193867, -0.093367, -0.050077, -0.188389, 0.980817, 0.347989, -0.987456, 0.156578, -0.020341, -0.003363, 0.0, 0.0, 0.0, 1.0]
            ]
        },
        {
            "name": "LeftArm",
            "time": [0.0, 0.1167, 0.3167, 0.6333, 1.1833],
            "transform": [
                [-0.206164, -0.280963, -0.937313, 0.0, 0.915177, 0.28367, -0.286326, 0.34013, 0.346335, -0.916838, 0.198648, -0.0, 0.0, 0.0, 0.0, 1.0],
                [0.062533, 0.914308, -0.400165, 0.0, 0.137315, 0.389255, 0.910838, 0.34013, 0.988552, -0.111906, -0.101207, -0.0, 0.0, 0.0, 0.0, 1.0],
                [-0.870095, -0.466093, -0.160291, -0.0, -0.48351, 0.870274, 0.094024, 0.34013, 0.095673, 0.159312, -0.982581, 0.0, 0.0, 0.0, 0.0, 1.0],
                [-0.825826, -0.540664, -0.160291, -0.0, -0.55803, 0.824477, 0.094024, 0.34013, 0.081321, 0.167095, -0.982581, 0.0, 0.0, 0.0, 0.0, 1.0],
                [-0.206164, 0.162019, -0.965011, 0.0, 0.915177, 0.380979, -0.131554, 0.34013, 0.346335, -0.910277, -0.22682, -0.0, 0.0, 0.0, 0.0, 1.0]
            ]
        },
        {
            "name": "LeftLowerArm",
            "time": [0.0, 0.1167, 0.3167, 0.6333, 1.1833],
            "transform": [
                [0.999992, -0.003423, 0.002291, -0.0, -0.001439, 0.23083, 0.972993, 0.312152, -0.003859, -0.972988, 0.230824, 0.0, 0.0, 0.0, 0.0, 1.0],
                [0.999992, -0.002039, 0.003578, -0.0, -0.001439, 0.641014, 0.767528, 0.312152, -0.003859, -0.767527, 0.641006, -0.0, 0.0, 0.0, 0.0, 1.0],
                [0.831532, -0.555463, 0.003959, 0.0, 0.553546, 0.829212, 0.077425, 0.312152, -0.046289, -0.06219, 0.99699, -0.0, 0.0, 0.0, 0.0, 1.0],
                [0.779818, -0.625994, 0.003959, 0.0, 0.623881, 0.777675, 0.077425, 0.312152, -0.051546, -0.057907, 0.99699, -0.0, 0.0, 0.0, 0.0, 1.0],
                [0.999992, 5.2e-05, 0.004118, -0.0, -0.001439, 0.941276, 0.337634, 0.312152, -0.003859, -0.337637, 0.941268, -0.0, 0.0, 0.0, 0.0, 1.0]
            ]
        },
        {
            "name": "RightShoulder",
            "time": [0.0, 0.1167, 0.3167, 0.6333, 1.1833],
            "transform": [
                [-0.038206, 0.944895, 0.325137, 0.095562, -0.001055, -0.325413, 0.945572, 0.352916, 0.999269, 0.035784, 0.01343, 0.00204, 0.0, 0.0, 0.0, 1.0],
                [-0.038206, 0.944895, 0.325137, 0.095562, -0.001055, -0.325413, 0.945572, 0.352916, 0.999269, 0.035784, 0.01343, 0.00204, 0.0, 0.0, 0.0, 1.0],
                [0.677471, 0.659787, 0.325137, 0.095562, -0.242811, -0.21665, 0.945571, 0.352916, 0.694317, -0.719544, 0.01343, 0.00204, 0.0, 0.0, 0.0, 1.0],
                [0.677471, 0.659787, 0.325137, 0.095562, -0.242811, -0.21665, 0.945571, 0.352916, 0.694317, -0.719544, 0.01343, 0.00204, 0.0, 0.0, 0.0, 1.0],
                [-0.038206, 0.944895, 0.325137, 0.095562, -0.001055, -0.325413, 0.945572, 0.352916, 0.999269, 0.035784, 0.01343, 0.00204, 0.0, 0.0, 0.0, 1.0]
            ]
        },
        {
            "name": "RightArm",
            "time": [0.0, 0.1167, 0.1833, 0.3167, 0.6333, 0.9, 1.1833],
            "transform": [
                [-0.038431, -0.219307, 0.974899, 0.0, -0.75343, 0.647233, 0.115897, 0.293782, -0.656404, -0.730064, -0.190106, 0.0, 0.0, 0.0, 0.0, 1.0],
                [-0.766919, 0.401858, 0.500345, 0.0, 0.085713, 0.836822, -0.540724, 0.293782, -0.635994, -0.371805, -0.676219, -0.0, 0.0, 0.0, 0.0, 1.0],
                [-0.752004, -0.458791, 0.473287, 0.0, -0.229185, 0.855206, 0.464861, 0.293782, -0.618033, 0.241107, -0.748267, -0.0, 0.0, 0.0, 0.0, 1.0],
                [0.061582, -0.8625, 0.502296, -0.0, -0.861904, 0.207823, 0.462526, 0.293782, -0.503318, -0.461414, -0.730594, 0.0, 0.0, 0.0, 0.0, 1.0],
                [0.145922, -0.852294, 0.502296, -0.0, -0.878138, 0.122241, 0.462526, 0.293782, -0.455609, -0.508578, -0.730594, 0.0, 0.0, 0.0, 0.0, 1.0],
                [-0.313283, -0.561853, 0.765621, 0.0, -0.53438, 0.770752, 0.346956, 0.293782, -0.785042, -0.300437, -0.541706, 0.0, 0.0, 0.0, 0.0, 1.0],
                [0.02511, -0.317853, 0.947807, 0.0, -0.892775, 0.419464, 0.164322, 0.293782, -0.449802, -0.850305, -0.273238, 0.0, 0.0, 0.0, 0.0, 1.0]
            ]
        },
        {
            "name": "RightLowerArm",
            "time": [0.0, 0.0667, 0.1167, 0.3167, 0.6333, 0.9, 1.1833],
            "transform": [
                [0.998152, -0.039229, 0.046399, -0.0, -0.027742, 0.385156, 0.922434, 0.320511, -0.054057, -0.922017, 0.383356, 0.0, 0.0, 0.0, 0.0, 1.0],
                [0.998152, -0.045214, 0.040589, 0.0, -0.027742, 0.255203, 0.96649, 0.320511, -0.054057, -0.96583, 0.253477, 0.0, 0.0, 0.0, 0.0, 1.0],
                [0.998152, -0.001385, 0.060744, -0.0, -0.027742, 0.879067, 0.47589, 0.320511, -0.054057, -0.476696, 0.877405, 0.0, 0.0, 0.0, 0.0, 1.0],
                [0.924545, 0.37721, 0.054129, -0.0, -0.377855, 0.925863, 0.001841, 0.320511, -0.049422, -0.022155, 0.998532, 0.0, 0.0, 0.0, 0.0, 1.0],
                [0.910784, 0.409318, 0.054129, 0.0, -0.41001, 0.912079, 0.001841, 0.320511, -0.048617, -0.02387, 0.998532, 0.0, 0.0, 0.0, 0.0, 1.0],
                [0.886724, 0.45756, 0.066036, -0.0, -0.462046, 0.881885, 0.093769, 0.320511, -0.015331, -0.113659, 0.993402, 0.0, 0.0, 0.0, 0.0, 1.0],
                [0.998152, 0.016618, 0.058443, 0.0, -0.027742, 0.980406, 0.195023, 0.320511, -0.054057, -0.196284, 0.979056, 0.0, 0.0, 0.0, 0.0, 1.0]
            ]
        },
        {
            "name": "Head",
            "time": [0.0, 0.1167, 0.3167, 0.6333, 1.0, 1.1833],
            "transform": [
                [0.967968, -0.117775, -0.221738, 0.0, 0.029971, 0.93104, -0.363685, 0.325875, 0.24928, 0.34539, 0.904746, 0.0, 0.0, 0.0, 0.0, 1.0],
                [0.784032, 0.068358, 0.616944, 0.0, 0.079759, 0.974583, -0.209346, 0.325875, -0.615574, 0.213341, 0.758653, -0.0, 0.0, 0.0, 0.0, 1.0],
                [0.184421, 0.068358, -0.980467, 0.0, -0.2225, 0.974583, 0.026097, 0.325875, 0.957331, 0.213341, 0.194943, 0.0, 0.0, 0.0, 0.0, 1.0],
                [0.184421, 0.174819, -0.967175, 0.0, -0.2225, 0.965932, 0.132168, 0.325875, 0.957331, 0.190822, 0.217035, 0.0, 0.0, 0.0, 0.0, 1.0],
                [0.987814, -0.106992, -0.11303, 0.0, 0.095765, 0.990319, -0.100489, 0.325875, 0.122688, 0.08844, 0.988497, -0.0, 0.0, 0.0, 0.0, 1.0],
                [0.995079, -0.053581, -0.083353, 0.0, 0.045788, 0.994637, -0.092745, 0.325875, 0.087875, 0.088472, 0.992195, -0.0, 0.0, 0.0, 0.0, 1.0]
            ]
        },
        {
            "name": "RightLeg",
            "time": [0.0, 0.1167, 0.1833, 0.3167, 0.6333, 0.9, 1.1833],
            "transform": [
                [-0.996491, 0.072003, -0.042682, 0.124009, -0.062809, -0.980287, -0.187328, -0.021387, -0.055329, -0.183988, 0.981367, -0.001198, 0.0, 0.0, 0.0, 1.0],
                [-0.912619, 0.372432, 0.168583, 0.124009, -0.33341, -0.439436, -0.834107, -0.021387, -0.236565, -0.817426, 0.52521, -0.001198, 0.0, 0.0, 0.0, 1.0],
                [-0.876438, 0.362652, 0.316764, 0.124009, -0.224645, 0.27391, -0.935151, -0.021387, -0.425898, -0.89076, -0.158595, -0.001198, 0.0, 0.0, 0.0, 1.0],
                [-0.616538, 0.730295, -0.294194, 0.124009, 0.093865, -0.302818, -0.948414, -0.021387, -0.781708, -0.612345, 0.118151, -0.001198, 0.0, 0.0, 0.0, 1.0],
                [-0.599953, 0.785781, -0.150348, 0.124009, 0.064829, -0.13956, -0.988089, -0.021387, -0.797402, -0.602552, 0.03279, -0.001198, 0.0, 0.0, 0.0, 1.0],
                [-0.883921, 0.336878, -0.32434, 0.124009, -0.041399, -0.747223, -0.663283, -0.021387, -0.465799, -0.572859, 0.674432, -0.001198, 0.0, 0.0, 0.0, 1.0],
                [-0.979083, 0.192197, -0.066759, 0.124009, -0.191345, -0.981339, -0.018987, -0.021387, -0.069162, -0.005814, 0.997585, -0.001198, 0.0, 0.0, 0.0, 1.0]
            ]
        },
        {
            "name": "RightFoot",
            "time": [0.0, 0.1167, 0.3167, 0.6333, 1.1833],
            "transform": [
                [0.989618, 0.135693, -0.047373, -0.0, -0.141356, 0.978508, -0.150133, 0.369915, 0.025982, 0.15527, 0.98753, -0.0, 0.0, 0.0, 0.0, 1.0],
                [0.997304, -0.00158, -0.073369, 0.0, -0.073125, 0.062864, -0.99534, 0.369915, 0.006185, 0.998021, 0.062579, 0.0, 0.0, 0.0, 0.0, 1.0],
                [0.997303, 0.035078, -0.064461, -0.0, -0.073126, 0.549032, -0.832596, 0.369915, 0.006185, 0.835065, 0.550116, 0.0, 0.0, 0.0, 0.0, 1.0],
                [0.997303, 0.035078, -0.064461, -0.0, -0.073126, 0.549032, -0.832596, 0.369914, 0.006185, 0.835065, 0.550117, -0.0, 0.0, 0.0, 0.0, 1.0],
                [0.998319, 0.057684, -0.005646, 0.0, -0.050045, 0.808758, -0.586008, 0.369915, -0.029237, 0.585305, 0.810286, -0.0, 0.0, 0.0, 0.0, 1.0]
            ]
        },
        {
            "name": "RightKnee",
            "time": [0.0, 0.1167, 0.3167, 0.6333, 1.1833],
            "transform": [
                [0.99525, 0.096519, 0.012731, -0.0, -0.072727, 0.650162, 0.756307, 0.369915, 0.064721, -0.75364, 0.654093, -0.0, 0.0, 0.0, 0.0, 1.0],
                [0.99525, 0.035983, -0.090464, 0.016302, -0.072726, 0.892525, -0.445096, 0.508521, 0.064725, 0.44956, 0.890902, -0.04184, 0.0, 0.0, 0.0, 1.0],
                [0.99525, 0.024909, 0.094115, 0.016302, -0.072727, -0.452443, 0.888823, 0.508521, 0.064721, -0.891446, -0.448482, -0.04184, 0.0, 0.0, 0.0, 1.0],
                [0.99525, 0.024909, 0.094115, 0.016302, -0.072727, -0.452443, 0.888823, 0.508521, 0.064721, -0.891445, -0.448482, -0.04184, 0.0, 0.0, 0.0, 1.0],
                [0.999907, -0.010759, 0.008368, 0.0, -0.006445, 0.167694, 0.985818, 0.369915, -0.012009, -0.98578, 0.167609, -0.0, 0.0, 0.0, 0.0, 1.0]
            ]
        },
        {
            "name": "LeftLeg",
            "time": [0.0, 0.1167, 0.1833, 0.3167, 0.6333, 1.0, 1.1833],
            "transform": [
                [-0.997713, -0.065892, -0.015065, -0.152517, 0.025231, -0.156302, -0.987387, -0.056564, 0.062706, -0.985507, 0.157605, -0.00768, 0.0, 0.0, 0.0, 1.0],
                [-0.768762, -0.480443, 0.422114, -0.152517, 0.213109, -0.814754, -0.539222, -0.056564, 0.602984, -0.324578, 0.728736, -0.00768, 0.0, 0.0, 0.0, 1.0],
                [-0.900053, -0.265364, 0.345667, -0.152517, 0.199184, -0.956021, -0.215287, -0.056564, 0.387595, -0.124919, 0.913324, -0.00768, 0.0, 0.0, 0.0, 1.0],
                [-0.804791, -0.586541, -0.090993, -0.152517, 0.54492, -0.790887, 0.278493, -0.056564, -0.235312, 0.174544, 0.956116, -0.00768, 0.0, 0.0, 0.0, 1.0],
                [-0.785807, -0.614711, -0.068103, -0.152517, 0.56882, -0.761556, 0.310607, -0.056564, -0.242796, 0.205337, 0.948094, -0.00768, 0.0, 0.0, 0.0, 1.0],
                [-0.978054, -0.139147, -0.155074, -0.152517, 0.207746, -0.594668, -0.776667, -0.056564, 0.015854, -0.791838, 0.610522, -0.00768, 0.0, 0.0, 0.0, 1.0],
                [-0.998197, -0.054508, -0.025118, -0.152517, 0.05599, -0.695014, -0.716813, -0.056564, 0.021615, -0.716926, 0.696811, -0.00768, 0.0, 0.0, 0.0, 1.0]
            ]
        },
        {
            "name": "LeftFoot",
            "time": [0.0, 0.1167, 0.1833, 0.3167, 0.6333, 1.1833],
            "transform": [
                [0.995879, 0.086945, 0.025817, 0.0, 0.050402, -0.293882, -0.954512, 0.370083, -0.075403, 0.951879, -0.297053, -0.0, 0.0, 0.0, 0.0, 1.0],
                [0.999874, 0.008515, 0.013432, -0.0, -0.006443, 0.989063, -0.147352, 0.370083, -0.014539, 0.147247, 0.988993, -0.0, 0.0, 0.0, 0.0, 1.0],
                [0.999874, 0.012045, 0.010385, 0.0, -0.006444, 0.903817, -0.427871, 0.370083, -0.014539, 0.42775, 0.90378, -0.0, 0.0, 0.0, 0.0, 1.0],
                [0.999874, 0.006157, 0.014664, 0.0, -0.006445, 0.999785, 0.019691, 0.370083, -0.01454, -0.019783, 0.999699, 0.0, 0.0, 0.0, 0.0, 1.0],
                [0.999874, 0.006157, 0.014664, -0.0, -0.006445, 0.999785, 0.019691, 0.370083, -0.014539, -0.019783, 0.999699, -0.0, 0.0, 0.0, 0.0, 1.0],
                [0.999874, 0.013952, 0.007632, 0.0, -0.006445, 0.794213, -0.607606, 0.370083, -0.014539, 0.60748, 0.794202, -0.0, 0.0, 0.0, 0.0, 1.0]
            ]
        },
        {
            "name": "LeftKnee",
            "time": [0.0, 0.1167, 0.3167, 0.6333, 1.1833],
            "transform": [
                [-0.997013, -0.059696, -0.049009, -0.00159, -0.031488, 0.893561, -0.447837, 0.391716, 0.070527, -0.444956, -0.892771, -0.079081, 0.0, 0.0, 0.0, 1.0],
                [-0.999873, -0.01092, -0.011563, -0.0, 0.006445, 0.386447, -0.922289, 0.370083, 0.01454, -0.922247, -0.386328, -0.0, 0.0, 0.0, 0.0, 1.0],
                [-0.999873, -0.01092, -0.011563, 0.0, 0.006445, 0.386447, -0.922289, 0.370083, 0.01454, -0.922247, -0.386328, 0.0, 0.0, 0.0, 0.0, 1.0],
                [-0.999873, -0.01092, -0.011563, -0.0, 0.006445, 0.386447, -0.922289, 0.370083, 0.01454, -0.922247, -0.386328, -0.0, 0.0, 0.0, 0.0, 1.0],
                [-0.999873, -0.007352, -0.014103, 0.0, 0.006445, 0.623359, -0.781909, 0.370083, 0.01454, -0.781901, -0.623233, -0.0, 0.0, 0.0, 0.0, 1.0]
            ]
        }
    ]
}