{
    "animation": [
        {
            "name": "Root",
            "time": [0.0, 0.1667, 0.3333, 1.5, 2.15],
            "transform": [
                [0.999432, -0.003881, -0.033472, -0.005753, -0.032907, 0.101344, -0.994307, -0.047813, 0.007251, 0.994844, 0.101158, 0.637081, 0.0, 0.0, 0.0, 1.0],
                [0.893343, -0.003881, -0.449359, -0.008367, -0.446697, 0.101344, -0.888927, -0.102516, 0.048989, 0.994844, 0.088801, 0.562434, 0.0, 0.0, 0.0, 1.0],
                [0.873747, -0.003881, -0.486364, -0.008622, -0.48352, 0.101344, -0.869447, -0.107853, 0.052664, 0.994844, 0.086672, 0.555152, 0.0, 0.0, 0.0, 1.0],
                [0.870689, -0.00536, -0.491806, -0.008842, -0.481493, 0.194689, -0.854553, -0.077843, 0.10033, 0.98085, 0.166933, 0.546596, 0.0, 0.0, 0.0, 1.0],
                [0.999432, -0.003881, -0.033472, -0.005753, -0.032907, 0.101344, -0.994307, 0.181111, 0.007251, 0.994844, 0.101158, 0.637081, 0.0, 0.0, 0.0, 1.0]
            ]
        },
        {
            "name": "Torso",
            "time": [0.0, 0.1667, 0.3333, 1.5, 2.15],
            "transform": [
                [0.999418, 0.012176, -0.031872, 0.0, -0.015153, 0.995369, -0.094924, 0.083555, 0.030569, 0.095351, 0.994974, 0.0, 0.0, 0.0, 0.0, 1.0],
                [0.995932, -0.079151, 0.043062, 0.0, 0.06643, 0.967852, 0.242588, 0.083555, -0.060879, -0.238741, 0.969173, -0.0, 0.0, 0.0, 0.0, 1.0],
                [0.994827, -0.089218, 0.048575, -0.0, 0.072569, 0.958772, 0.274755, 0.083555, -0.071085, -0.269808, 0.960286, 0.0, 0.0, 0.0, 0.0, 1.0],
                [0.991128, -0.122817, 0.050809, -0.0, 0.09973, 0.939903, 0.326552, 0.083555, -0.087862, -0.318588, 0.943813, -0.0, 0.0, 0.0, 0.0, 1.0],
                [0.999418, 0.012176, -0.031872, -0.0, -0.015153, 0.995369, -0.094924, 0.083555, 0.030569, 0.095351, 0.994974, 0.0, 0.0, 0.0, 0.0, 1.0]
            ]
        },
        {
            "name": "Chest",
            "time": [0.0, 0.0833, 0.1667, 0.3333, 0.9167, 0.9833, 1.0667, 1.5, 2.15],
            "transform": [
                [0.997739, -0.046021, 0.048981, -0.0, 0.030596, 0.959906, 0.278646, 0.314859, -0.059841, -0.276517, 0.959144, 0.0, 0.0, 0.0, 0.0, 1.0],
                [0.79531, -0.045328, -0.604505, 0.0, 0.076759, 0.996704, 0.02625, 0.314859, 0.601323, -0.067278, 0.796168, 0.0, 0.0, 0.0, 0.0, 1.0],
                [0.998166, -0.050823, -0.032897, 0.0, 0.047041, 0.993146, -0.107001, 0.314859, 0.03811, 0.105257, 0.993715, -0.0, 0.0, 0.0, 0.0, 1.0],
                [0.997079, -0.043551, 0.062738, 0.0, 0.04997, 0.993251, -0.104673, 0.314859, -0.057756, 0.107502, 0.992526, -0.0, 0.0, 0.0, 0.0, 1.0],
                [0.99708, -0.049107, 0.058479, 0.0, 0.049955, 0.998665, -0.01312, 0.314859, -0.057757, 0.016003, 0.998202, 0.0, 0.0, 0.0, 0.0, 1.0],
                [0.993637, 0.096319, 0.058378, 0.0, -0.095833, 0.995336, -0.011076, 0.314859, -0.059173, 0.005411, 0.998233, 0.0, 0.0, 0.0, 0.0, 1.0],
                [0.979769, -0.191409, 0.058437, 0.0, 0.19221, 0.981318, -0.008343, 0.314859, -0.055749, 0.019407, 0.998256, 0.0, 0.0, 0.0, 0.0, 1.0],
                [0.997079, -0.050395, 0.057385, -0.0, 0.04997, 0.998712, 0.008834, 0.314859, -0.057756, -0.005941, 0.998313, -0.0, 0.0, 0.0, 0.0, 1.0],
                [0.997739, -0.046021, 0.048981, -0.0, 0.030596, 0.959906, 0.278646, 0.314859, -0.059841, -0.276517, 0.959144, 0.0, 0.0, 0.0, 0.0, 1.0]
            ]
        },
        {
            "name": "LeftShoulder",
            "time": [0.0, 0.1667, 0.3333, 1.5, 2.15],
            "transform": [
                [0.364617, -0.910752, -0.193867, -0.093367, 0.05279, -0.187647, 0.980817, 0.347989, -0.92966, -0.367857, -0.020341, -0.003363, 0.0, 0.0, 0.0, 1.0],
                [0.531771, -0.8244, -0.193867, -0.093367, 0.08764, -0.174119, 0.980817, 0.347989, -0.842342, -0.53856, -0.020341, -0.003363, 0.0, 0.0, 0.0, 1.0],
                [0.547102, -0.814307, -0.193867, -0.093367, 0.090882, -0.172449, 0.980817, 0.347989, -0.832118, -0.554226, -0.020341, -0.003363, 0.0, 0.0, 0.0, 1.0],
                [0.547101, -0.814307, -0.193867, -0.093367, 0.090882, -0.172449, 0.980817, 0.347989, -0.832118, -0.554226, -0.020341, -0.003363, 0.0, 0.0, 0.0, 1.0],
                [0.364617, -0.910752, -0.193867, -0.093367, 0.05279, -0.187647, 0.980817, 0.347989, -0.92966, -0.367857, -0.020341, -0.003363, 0.0, 0.0, 0.0, 1.0]
            ]
        },
        {
            "name": "LeftArm",
            "time": [0.0, 0.0833, 0.1667, 0.3333, 1.5, 2.15],
            "transform": [
                [-0.206164, 0.162019, -0.965011, 0.0, 0.915177, 0.380979, -0.131554, 0.34013, 0.346335, -0.910277, -0.22682, 0.0, 0.0, 0.0, 0.0, 1.0],
                [-0.432909, 0.621173, -0.653249, 0.0, 0.604688, 0.737554, 0.300611, 0.34013, 0.668538, -0.264874, -0.69491, 0.0, 0.0, 0.0, 0.0, 1.0],
                [-0.333498, 0.937045, 0.103568, 0.0, 0.921279, 0.300617, 0.246728, 0.34013, 0.200061, 0.177699, -0.963535, 0.0, 0.0, 0.0, 0.0, 1.0],
                [-0.289073, 0.9483, 0.131011, -0.0, 0.945213, 0.26105, 0.196023, 0.34013, 0.151688, 0.180498, -0.971808, -0.0, 0.0, 0.0, 0.0, 1.0],
                [-0.364466, 0.900319, 0.237887, 0.0, 0.853347, 0.220644, 0.472352, 0.34013, 0.372779, 0.375156, -0.848702, -0.0, 0.0, 0.0, 0.0, 1.0],
                [-0.206164, 0.162019, -0.965011, 0.0, 0.915177, 0.380979, -0.131554, 0.34013, 0.346335, -0.910277, -0.22682, 0.0, 0.0, 0.0, 0.0, 1.0]
            ]
        },
        {
            "name": "LeftLowerArm",
            "time": [0.0, 0.1667, 0.3333, 1.5, 2.15, 0.3833, 0.9, 2.0],
            "transform": [
                [0.999992, 5.2e-05, 0.004118, 0.0, -0.001439, 0.941276, 0.337634, 0.312152, -0.003859, -0.337637, 0.941268, 0.0, 0.0, 0.0, 0.0, 1.0],
                [0.633843, -0.755354, 0.166384, -0.0, 0.737065, 0.655088, 0.166117, 0.312152, -0.234473, 0.017344, 0.971968, -0.0, 0.0, 0.0, 0.0, 1.0],
                [0.56775, -0.801468, 0.187907, 0.0, 0.787964, 0.59517, 0.157755, 0.312152, -0.238272, 0.058499, 0.969435, 0.0, 0.0, 0.0, 0.0, 1.0],
                [0.590234, -0.807222, 0.003959, -0.0, 0.804624, 0.588715, 0.077425, 0.312152, -0.06483, -0.042513, 0.99699, -0.0, 0.0, 0.0, 0.0, 1.0],
                [0.459408, -0.888216, 0.003959, -0.0, 0.885416, 0.458305, 0.077425, 0.312152, -0.070584, -0.032064, 0.99699, 0.0, 0.0, 0.0, 0.0, 1.0],
                [0.374538, -0.907972, 0.187908, -0.0, 0.900928, 0.40428, 0.157755, 0.312152, -0.219204, 0.110206, 0.969435, 0.0, 0.0, 0.0, 0.0, 1.0],
                [0.990263, 0.13915, 0.003959, -0.0, -0.139037, 0.987256, 0.077425, 0.312152, 0.006865, -0.077221, 0.99699, 0.0, 0.0, 0.0, 0.0, 1.0],
                [0.972981, 0.134156, 0.187908, 0.0, -0.164714, 0.973644, 0.157755, 0.312152, -0.161791, -0.184444, 0.969435, -0.0, 0.0, 0.0, 0.0, 1.0]
            ]
        },
        {
            "name": "RightShoulder",
            "time": [0.0, 0.1667, 0.3333, 1.5, 2.15],
            "transform": [
                [-0.258216, 0.878947, 0.400971, 0.095562, -0.285669, -0.465953, 0.837426, 0.352916, 0.922886, 0.101691, 0.371404, 0.00204, 0.0, 0.0, 0.0, 1.0],
                [-0.258216, 0.878947, 0.400971, 0.095562, -0.285669, -0.465953, 0.837426, 0.352916, 0.922886, 0.101692, 0.371404, 0.00204, 0.0, 0.0, 0.0, 1.0],
                [-0.258216, 0.878947, 0.400971, 0.095562, -0.285669, -0.465953, 0.837426, 0.352916, 0.922886, 0.101691, 0.371404, 0.00204, 0.0, 0.0, 0.0, 1.0],
                [-0.258216, 0.878947, 0.400971, 0.095562, -0.285669, -0.465953, 0.837426, 0.352916, 0.922886, 0.101691, 0.371404, 0.00204, 0.0, 0.0, 0.0, 1.0],
                [-0.258216, 0.878947, 0.400971, 0.095562, -0.285669, -0.465953, 0.837426, 0.352916, 0.922886, 0.101691, 0.371404, 0.00204, 0.0, 0.0, 0.0, 1.0]
            ]
        },
        {
            "name": "RightArm",
            "time": [0.0, 0.1667, 0.3333, 1.5, 2.15],
            "transform": [
                [0.02511, -0.317853, 0.947807, -0.0, -0.892775, 0.419464, 0.164322, 0.293782, -0.449802, -0.850305, -0.273238, -0.0, 0.0, 0.0, 0.0, 1.0],
                [0.684941, -0.3767, 0.623661, -0.0, -0.184405, 0.738476, 0.648574, 0.293782, -0.704876, -0.559241, 0.436347, 0.0, 0.0, 0.0, 0.0, 1.0],
                [0.721982, -0.398198, 0.565844, 0.0, -0.096202, 0.752084, 0.652008, 0.293782, -0.685191, -0.525173, 0.504684, -0.0, 0.0, 0.0, 0.0, 1.0],
                [0.876907, -0.195562, 0.439078, -0.0, -0.045473, 0.875639, 0.48082, 0.293782, -0.478504, -0.441601, 0.758961, -0.0, 0.0, 0.0, 0.0, 1.0],
                [0.02511, -0.317853, 0.947807, -0.0, -0.892775, 0.419464, 0.164322, 0.293782, -0.449802, -0.850305, -0.273238, -0.0, 0.0, 0.0, 0.0, 1.0]
            ]
        },
        {
            "name": "RightLowerArm",
            "time": [0.0, 0.1667, 0.3333, 1.5, 2.15],
            "transform": [
                [0.998152, 0.016618, 0.058443, 0.0, -0.027742, 0.980406, 0.195023, 0.320511, -0.054057, -0.196284, 0.979056, 0.0, 0.0, 0.0, 0.0, 1.0],
                [0.998152, -0.020812, 0.057085, 0.0, -0.027742, 0.679764, 0.732906, 0.320511, -0.054057, -0.733136, 0.677931, 0.0, 0.0, 0.0, 0.0, 1.0],
                [0.998152, -0.024206, 0.05573, 0.0, -0.027742, 0.634477, 0.772444, 0.320511, -0.054057, -0.772563, 0.632633, -0.0, 0.0, 0.0, 0.0, 1.0],
                [0.998152, -0.011978, 0.059568, 0.0, -0.027742, 0.782385, 0.622177, 0.320511, -0.054057, -0.62268, 0.780607, 0.0, 0.0, 0.0, 0.0, 1.0],
                [0.998152, 0.016618, 0.058443, 0.0, -0.027742, 0.980406, 0.195023, 0.320511, -0.054057, -0.196284, 0.979056, 0.0, 0.0, 0.0, 0.0, 1.0]
            ]
        },
        {
            "name": "Head",
            "time": [0.0, 0.0833, 0.1667, 0.3333, 0.8667, 0.9833, 1.0667, 1.1667, 1.5, 2.15],
            "transform": [
                [0.995079, -0.053581, -0.083353, 0.0, 0.045788, 0.994637, -0.092745, 0.325875, 0.087875, 0.088472, 0.992195, -0.0, 0.0, 0.0, 0.0, 1.0],
                [0.63511, 0.052559, 0.770631, -0.0, 0.008384, 0.997154, -0.074919, 0.325875, -0.772376, 0.054043, 0.632862, -0.0, 0.0, 0.0, 0.0, 1.0],
                [0.872203, 0.126628, 0.47247, 0.0, -0.110215, 0.991948, -0.062392, 0.325875, -0.476566, 0.002345, 0.879135, -0.0, 0.0, 0.0, 0.0, 1.0],
                [0.899394, 0.129388, 0.41755, 0.0, -0.115647, 0.991586, -0.058165, 0.325875, -0.421563, 0.004024, 0.90679, 0.0, 0.0, 0.0, 0.0, 1.0],
                [0.90004, 0.192151, 0.391159, -0.0, -0.116798, 0.971071, -0.208278, 0.325875, -0.419864, 0.141772, 0.896445, -0.0, 0.0, 0.0, 0.0, 1.0],
                [0.816858, 0.424414, 0.390662, -0.0, -0.369029, 0.905015, -0.211581, 0.325875, -0.443352, 0.028666, 0.895889, 0.0, 0.0, 0.0, 0.0, 1.0],
                [0.915586, -0.005354, 0.402086, 0.0, 0.192114, 0.884242, -0.425686, 0.325875, -0.353262, 0.466998, 0.810628, 0.0, 0.0, 0.0, 0.0, 1.0],
                [0.774513, 0.397883, 0.49175, 0.0, -0.138088, 0.865, -0.482396, 0.325875, -0.617302, 0.305717, 0.724897, -0.0, 0.0, 0.0, 0.0, 1.0],
                [0.899394, 0.20554, 0.385801, 0.0, -0.115647, 0.962995, -0.243446, 0.325875, -0.421563, 0.174337, 0.889883, 0.0, 0.0, 0.0, 0.0, 1.0],
                [0.995079, -0.053581, -0.083353, 0.0, 0.045788, 0.994637, -0.092745, 0.325875, 0.087875, 0.088472, 0.992195, -0.0, 0.0, 0.0, 0.0, 1.0]
            ]
        },
        {
            "name": "RightLeg",
            "time": [0.0, 0.1667, 0.3333, 1.5, 2.15],
            "transform": [
                [-0.979083, 0.192197, -0.066759, 0.124009, -0.191345, -0.981339, -0.018987, -0.021387, -0.069162, -0.005814, 0.997585, -0.001198, 0.0, 0.0, 0.0, 1.0],
                [-0.864798, 0.396007, -0.308713, 0.124009, -0.468238, -0.858036, 0.211013, -0.021387, -0.181323, 0.327036, 0.92745, -0.001198, 0.0, 0.0, 0.0, 1.0],
                [-0.848893, 0.409722, -0.333929, 0.124009, -0.494598, -0.838561, 0.228444, -0.021387, -0.18642, 0.359086, 0.914494, -0.001198, 0.0, 0.0, 0.0, 1.0],
                [-0.925335, 0.278033, -0.257787, 0.124009, -0.305786, -0.949232, 0.073848, -0.021387, -0.224166, 0.147163, 0.963372, -0.001198, 0.0, 0.0, 0.0, 1.0],
                [-0.979083, 0.192197, -0.066759, 0.124009, -0.191345, -0.981339, -0.018987, -0.021387, -0.069162, -0.005814, 0.997585, -0.001198, 0.0, 0.0, 0.0, 1.0]
            ]
        },
        {
            "name": "RightFoot",
            "time": [0.0, 0.1667, 0.3333, 1.5, 2.15],
            "transform": [
                [0.998319, 0.057684, -0.005646, -0.0, -0.050045, 0.808758, -0.586008, 0.369915, -0.029237, 0.585305, 0.810286, 0.0, 0.0, 0.0, 0.0, 1.0],
                [0.998319, 0.055978, 0.015029, 0.0, -0.050045, 0.963313, -0.263673, 0.369915, -0.029237, 0.262478, 0.964495, -0.0, 0.0, 0.0, 0.0, 1.0],
                [0.998319, 0.055419, 0.016974, 0.0, -0.050045, 0.971932, -0.22988, 0.369915, -0.029237, 0.228644, 0.973071, -0.0, 0.0, 0.0, 0.0, 1.0],
                [0.998319, 0.056157, -0.014342, -0.0, -0.050045, 0.710367, -0.70205, 0.369915, -0.029237, 0.701588, 0.711983, 0.0, 0.0, 0.0, 0.0, 1.0],
                [0.998319, 0.057684, -0.005646, -0.0, -0.050045, 0.808758, -0.586008, 0.369915, -0.029237, 0.585305, 0.810286, -0.0, 0.0, 0.0, 0.0, 1.0]
            ]
        },
        {
            "name": "RightKnee",
            "time": [0.0, 0.1667, 0.3333, 1.5, 2.15],
            "transform": [
                [0.999907, -0.010759, 0.008368, -0.0, -0.006445, 0.167694, 0.985818, 0.369915, -0.012009, -0.98578, 0.167609, 0.0, 0.0, 0.0, 0.0, 1.0],
                [0.999907, -0.010759, 0.008368, 0.0, -0.006445, 0.167694, 0.985818, 0.369915, -0.012009, -0.98578, 0.167609, -0.0, 0.0, 0.0, 0.0, 1.0],
                [0.999907, -0.010759, 0.008368, 0.0, -0.006445, 0.167694, 0.985818, 0.369915, -0.012009, -0.98578, 0.167609, -0.0, 0.0, 0.0, 0.0, 1.0],
                [0.999907, -0.010759, 0.008368, -0.0, -0.006445, 0.167694, 0.985818, 0.369915, -0.012009, -0.98578, 0.167609, 0.0, 0.0, 0.0, 0.0, 1.0],
                [0.999907, -0.010759, 0.008368, -0.0, -0.006445, 0.167694, 0.985818, 0.369915, -0.012009, -0.98578, 0.167609, -0.0, 0.0, 0.0, 0.0, 1.0]
            ]
        },
        {
            "name": "LeftLeg",
            "time": [0.0, 0.1667, 0.3333, 1.5, 2.15],
            "transform": [
                [-0.998197, -0.054508, -0.025118, -0.152517, 0.05599, -0.695014, -0.716813, -0.056564, 0.021615, -0.716926, 0.696811, -0.00768, 0.0, 0.0, 0.0, 1.0],
                [-0.857572, -0.448329, 0.252133, -0.152517, -0.046775, -0.42018, -0.906234, -0.056564, 0.512232, -0.788954, 0.339362, -0.00768, 0.0, 0.0, 0.0, 1.0],
                [-0.831495, -0.486544, 0.268123, -0.152517, -0.065319, -0.39367, -0.916928, -0.056564, 0.551677, -0.779934, 0.295552, -0.00768, 0.0, 0.0, 0.0, 1.0],
                [-0.831495, -0.519128, 0.197793, -0.152517, -0.065319, -0.262213, -0.962797, -0.056564, 0.551677, -0.813479, 0.184119, -0.00768, 0.0, 0.0, 0.0, 1.0],
                [-0.998197, -0.054508, -0.025118, -0.152517, 0.05599, -0.695014, -0.716813, -0.056564, 0.021615, -0.716926, 0.696811, -0.00768, 0.0, 0.0, 0.0, 1.0]
            ]
        },
        {
            "name": "LeftFoot",
            "time": [0.0, 0.1667, 0.3333, 1.5, 2.15],
            "transform": [
                [0.999874, 0.013952, 0.007632, 0.0, -0.006445, 0.794213, -0.607606, 0.370083, -0.014539, 0.60748, 0.794202, 0.0, 0.0, 0.0, 0.0, 1.0],
                [0.999874, 0.015483, 0.003634, -0.0, -0.006445, 0.603396, -0.797416, 0.370083, -0.014539, 0.797292, 0.603419, 0.0, 0.0, 0.0, 0.0, 1.0],
                [0.999874, 0.015573, 0.003226, -0.0, -0.006445, 0.58225, -0.812984, 0.370083, -0.014539, 0.812861, 0.582277, 0.0, 0.0, 0.0, 0.0, 1.0],
                [0.999874, 0.015573, 0.003226, 0.0, -0.006445, 0.58225, -0.812984, 0.370083, -0.014539, 0.812861, 0.582277, 0.0, 0.0, 0.0, 0.0, 1.0],
                [0.999874, 0.013952, 0.007632, 0.0, -0.006445, 0.794213, -0.607606, 0.370083, -0.014539, 0.60748, 0.794202, -0.0, 0.0, 0.0, 0.0, 1.0]
            ]
        },
        {
            "name": "LeftKnee",
            "time": [0.0, 0.1667, 0.3333, 1.5, 2.15],
            "transform": [
                [-0.999873, -0.007352, -0.014103, 0.0, 0.006445, 0.623359, -0.781909, 0.370083, 0.01454, -0.781901, -0.623233, 0.0, 0.0, 0.0, 0.0, 1.0],
                [-0.999873, -0.003774, -0.01545, -0.0, 0.006445, 0.791956, -0.610544, 0.370083, 0.01454, -0.610566, -0.791832, 0.0, 0.0, 0.0, 0.0, 1.0],
                [-0.999873, -0.00341, -0.015534, -0.0, 0.006445, 0.806057, -0.591803, 0.370083, 0.01454, -0.591828, -0.805933, 0.0, 0.0, 0.0, 0.0, 1.0],
                [-0.999873, -0.00341, -0.015534, 0.0, 0.006445, 0.806057, -0.591803, 0.370083, 0.01454, -0.591828, -0.805933, 0.0, 0.0, 0.0, 0.0, 1.0],
                [-0.999873, -0.007352, -0.014103, 0.0, 0.006445, 0.623359, -0.781909, 0.370083, 0.01454, -0.781901, -0.623233, -0.0, 0.0, 0.0, 0.0, 1.0]
            ]
        }
    ]
}