{
    "animation": [
        {
            "name": "Root",
            "time": [0.0, 0.2667, 0.4167, 0.5167, 0.5833, 0.7333, 1.1667, 1.9, 2.2667],
            "transform": [
                [0.999626, -0.020813, -0.017752, -0.055139, -0.006776, 0.440334, -0.897808, 0.07874, 0.026503, 0.897593, 0.440028, 0.693098, 0.0, 0.0, 0.0, 1.0],
                [0.600936, 0.337462, -0.724566, -0.023535, -0.798858, 0.283632, -0.530452, 0.7745, 0.026503, 0.897593, 0.440028, 0.638089, 0.0, 0.0, 0.0, 1.0],
                [0.600936, 0.337462, -0.724566, -0.073604, -0.798858, 0.283632, -0.530452, 1.041138, 0.026503, 0.897593, 0.440028, 0.477944, 0.0, 0.0, 0.0, 1.0],
                [0.600864, 0.334759, -0.725878, -0.073604, -0.729532, 0.600817, -0.326805, 3.327965, 0.326718, 0.725917, 0.605227, 0.832239, 0.0, 0.0, 0.0, 1.0],
                [0.600473, 0.333553, -0.726757, -0.073604, -0.651156, 0.731491, -0.202282, 3.947641, 0.464143, 0.594697, 0.656435, 1.020401, 0.0, 0.0, 0.0, 1.0],
                [0.902026, -0.043334, 0.429501, -0.06662, 0.335646, 0.696072, -0.634685, 7.119044, -0.27146, 0.716663, 0.64242, 0.466637, 0.0, 0.0, 0.0, 1.0],
                [0.784966, -0.137007, 0.6042, -0.065384, 0.507524, 0.701518, -0.500292, 7.769641, -0.355314, 0.699358, 0.620202, 0.365848, 0.0, 0.0, 0.0, 1.0],
                [0.970871, 0.002097, 0.239594, -0.028441, 0.222159, 0.366679, -0.903433, 8.431491, -0.089748, 0.930345, 0.355532, 0.652314, 0.0, 0.0, 0.0, 1.0],
                [0.999432, -0.003881, -0.033472, -0.005753, -0.032907, 0.101344, -0.994307, 8.680695, 0.007251, 0.994844, 0.101158, 0.637081, 0.0, 0.0, 0.0, 1.0]
            ]
        },
        {
            "name": "Torso",
            "time": [0.0, 0.2667, 0.4167, 0.5833, 0.7333, 1.1667, 1.9, 2.2667],
            "transform": [
                [0.999418, 0.012176, -0.031872, 0.0, -0.015153, 0.995369, -0.094924, 0.083555, 0.030569, 0.095351, 0.994974, 0.0, 0.0, 0.0, 0.0, 1.0],
                [0.999418, 0.016074, -0.030095, -0.0, -0.015153, 0.999418, 0.030561, 0.083555, 0.030569, -0.030087, 0.99908, -0.0, 0.0, 0.0, 0.0, 1.0],
                [0.999418, 0.016074, -0.030095, -0.0, -0.015153, 0.999418, 0.030561, 0.083555, 0.030569, -0.030087, 0.99908, 0.0, 0.0, 0.0, 0.0, 1.0],
                [0.999418, 0.003606, -0.033928, 0.0, -0.015154, 0.93785, -0.346709, 0.083555, 0.030569, 0.347021, 0.937359, -0.0, 0.0, 0.0, 0.0, 1.0],
                [0.97202, 0.052476, 0.228963, 0.0, 0.017383, 0.955985, -0.292899, 0.083555, -0.234255, 0.288684, 0.928324, -1e-06, 0.0, 0.0, 0.0, 1.0],
                [0.959864, 0.059235, 0.27414, -0.0, 0.021408, 0.959116, -0.282201, 0.083555, -0.279648, 0.276743, 0.919353, -1e-06, 0.0, 0.0, 0.0, 1.0],
                [0.989879, 0.066661, 0.125283, 0.0, -0.076926, 0.993906, 0.078956, 0.083555, -0.119256, -0.087794, 0.988974, 0.0, 0.0, 0.0, 0.0, 1.0],
                [0.999418, 0.012176, -0.031872, -0.0, -0.015153, 0.995369, -0.094924, 0.083555, 0.030569, 0.095351, 0.994974, 1e-06, 0.0, 0.0, 0.0, 1.0]
            ]
        },
        {
            "name": "Chest",
            "time": [0.0, 0.2667, 0.4167, 0.5833, 0.7333, 1.1667, 1.9, 2.2667],
            "transform": [
                [0.96041, -0.026783, 0.277301, 0.0, -0.071662, 0.938124, 0.338803, 0.314859, -0.269217, -0.345262, 0.899064, 0.0, 0.0, 0.0, 0.0, 1.0],
                [0.907345, -0.321994, 0.270267, -0.0, 0.291728, 0.945186, 0.146693, 0.314859, -0.302687, -0.054256, 0.951545, 0.0, 0.0, 0.0, 0.0, 1.0],
                [0.907345, -0.372185, 0.195455, -0.0, 0.291728, 0.892227, 0.344711, 0.314859, -0.302687, -0.255752, 0.918135, 0.0, 0.0, 0.0, 0.0, 1.0],
                [0.907345, -0.235274, 0.348383, -0.0, 0.291728, 0.94909, -0.11884, 0.314859, -0.302687, 0.209462, 0.929788, -0.0, 0.0, 0.0, 0.0, 1.0],
                [0.907345, -0.406038, 0.108893, -0.0, 0.291728, 0.794672, 0.532345, 0.314859, -0.302687, -0.451254, 0.839494, -0.0, 0.0, 0.0, 0.0, 1.0],
                [0.948691, -0.280799, 0.145386, -0.0, 0.102864, 0.708839, 0.697829, 0.314859, -0.299005, -0.64707, 0.701354, 0.0, 0.0, 0.0, 0.0, 1.0],
                [0.988125, -0.118703, 0.097562, -0.0, 0.051516, 0.854151, 0.517467, 0.314859, -0.144758, -0.506296, 0.850123, 1e-06, 0.0, 0.0, 0.0, 1.0],
                [0.997739, -0.046021, 0.048981, 0.0, 0.030596, 0.959906, 0.278646, 0.314859, -0.059841, -0.276517, 0.959144, 2e-06, 0.0, 0.0, 0.0, 1.0]
            ]
        },
        {
            "name": "LeftShoulder",
            "time": [0.0, 0.2667, 0.4167, 0.5833, 0.7333, 1.1667, 2.2667],
            "transform": [
                [-0.149743, -0.969532, -0.193867, -0.093367, -0.050077, -0.188389, 0.980817, 0.347989, -0.987456, 0.156578, -0.020341, -0.003363, 0.0, 0.0, 0.0, 1.0],
                [-0.149743, -0.969532, -0.193867, -0.093367, -0.050077, -0.188389, 0.980817, 0.347989, -0.987456, 0.156578, -0.020341, -0.003363, 0.0, 0.0, 0.0, 1.0],
                [-0.149743, -0.969532, -0.193867, -0.093367, -0.050077, -0.188389, 0.980817, 0.347989, -0.987456, 0.156578, -0.020341, -0.003363, 0.0, 0.0, 0.0, 1.0],
                [-0.149743, -0.969532, -0.193867, -0.093367, -0.050077, -0.188389, 0.980817, 0.347989, -0.987456, 0.156578, -0.020341, -0.003363, 0.0, 0.0, 0.0, 1.0],
                [-0.149743, -0.969532, -0.193867, -0.093368, -0.050077, -0.188389, 0.980817, 0.347989, -0.987456, 0.156578, -0.020341, -0.003363, 0.0, 0.0, 0.0, 1.0],
                [-0.149743, -0.969532, -0.193867, -0.093367, -0.050077, -0.188389, 0.980817, 0.347989, -0.987456, 0.156578, -0.020341, -0.003363, 0.0, 0.0, 0.0, 1.0],
                [0.364617, -0.910752, -0.193867, -0.093367, 0.05279, -0.187647, 0.980817, 0.347989, -0.92966, -0.367857, -0.020341, -0.003362, 0.0, 0.0, 0.0, 1.0]
            ]
        },
        {
            "name": "LeftArm",
            "time": [0.0, 0.2667, 0.4167, 0.5833, 0.7333, 1.1667, 1.9, 2.2667],
            "transform": [
                [-0.206164, -0.280963, -0.937313, 0.0, 0.915177, 0.28367, -0.286326, 0.34013, 0.346335, -0.916838, 0.198648, -0.0, 0.0, 0.0, 0.0, 1.0],
                [-0.152115, -0.175646, -0.97263, -0.0, 0.661115, 0.713438, -0.232234, 0.34013, 0.734703, -0.678347, 0.007598, 0.0, 0.0, 0.0, 0.0, 1.0],
                [-0.152115, -0.175646, -0.97263, -0.0, 0.661115, 0.713438, -0.232234, 0.34013, 0.734702, -0.678347, 0.007598, 0.0, 0.0, 0.0, 0.0, 1.0],
                [0.010566, 0.319669, -0.947471, -0.0, -0.588526, 0.768018, 0.252559, 0.34013, 0.808409, 0.554943, 0.196248, -0.0, 0.0, 0.0, 0.0, 1.0],
                [-0.330155, -0.063213, -0.941808, -0.0, 0.510584, 0.827229, -0.23451, 0.34013, 0.793915, -0.558297, -0.240839, 0.0, 0.0, 0.0, 0.0, 1.0],
                [-0.413395, -0.074222, -0.907522, -0.0, 0.633238, 0.692754, -0.34511, 0.34013, 0.654304, -0.717344, -0.23938, 0.0, 0.0, 0.0, 0.0, 1.0],
                [-0.300864, 0.821039, -0.485157, 0.0, 0.84391, 0.466157, 0.265545, 0.34013, 0.444182, -0.329535, -0.833132, -1e-06, 0.0, 0.0, 0.0, 1.0],
                [-0.206164, 0.162019, -0.965011, 0.0, 0.915177, 0.380979, -0.131554, 0.34013, 0.346335, -0.910277, -0.22682, 0.0, 0.0, 0.0, 0.0, 1.0]
            ]
        },
        {
            "name": "LeftLowerArm",
            "time": [0.0, 0.2667, 0.4167, 0.5833, 0.7333, 1.1667, 2.2667],
            "transform": [
                [0.999992, -0.003423, 0.002291, -0.0, -0.001439, 0.23083, 0.972993, 0.312152, -0.003859, -0.972988, 0.230824, 0.0, 0.0, 0.0, 0.0, 1.0],
                [0.999992, -0.003699, 0.001812, 0.0, -0.001439, 0.098427, 0.995143, 0.312152, -0.003859, -0.995137, 0.098421, -0.0, 0.0, 0.0, 0.0, 1.0],
                [0.999992, -0.003699, 0.001812, -0.0, -0.001439, 0.098427, 0.995143, 0.312152, -0.003859, -0.995138, 0.098421, -0.0, 0.0, 0.0, 0.0, 1.0],
                [0.999992, -0.003699, 0.001812, 0.0, -0.001439, 0.098427, 0.995143, 0.312152, -0.003859, -0.995137, 0.098421, 0.0, 0.0, 0.0, 0.0, 1.0],
                [0.999991, -0.001018, 0.003991, -0.0, -0.001439, 0.821441, 0.570292, 0.312152, -0.003859, -0.570293, 0.821432, -0.0, 0.0, 0.0, 0.0, 1.0],
                [0.999992, -0.000417, 0.004098, 0.0, -0.001439, 0.896787, 0.442461, 0.312152, -0.003859, -0.442463, 0.896779, -0.0, 0.0, 0.0, 0.0, 1.0],
                [0.999992, 5.2e-05, 0.004118, 0.0, -0.001439, 0.941276, 0.337634, 0.312152, -0.003859, -0.337637, 0.941268, -0.0, 0.0, 0.0, 0.0, 1.0]
            ]
        },
        {
            "name": "RightShoulder",
            "time": [0.0, 0.2667, 0.4167, 0.5833, 0.7333, 1.1667, 2.2667],
            "transform": [
                [-0.038206, 0.944895, 0.325137, 0.095562, -0.001055, -0.325413, 0.945572, 0.352916, 0.999269, 0.035784, 0.01343, 0.00204, 0.0, 0.0, 0.0, 1.0],
                [-0.038206, 0.944895, 0.325137, 0.095562, -0.001055, -0.325413, 0.945572, 0.352916, 0.99927, 0.035784, 0.013429, 0.00204, 0.0, 0.0, 0.0, 1.0],
                [-0.038206, 0.944895, 0.325137, 0.095562, -0.001055, -0.325413, 0.945571, 0.352916, 0.999269, 0.035784, 0.01343, 0.00204, 0.0, 0.0, 0.0, 1.0],
                [-0.038206, 0.944895, 0.325137, 0.095562, -0.001055, -0.325413, 0.945571, 0.352916, 0.999269, 0.035784, 0.01343, 0.00204, 0.0, 0.0, 0.0, 1.0],
                [0.607157, 0.725015, 0.325137, 0.095561, -0.219618, -0.24013, 0.945572, 0.352916, 0.763629, -0.645516, 0.01343, 0.00204, 0.0, 0.0, 0.0, 1.0],
                [0.694518, 0.641819, 0.325137, 0.095561, -0.248402, -0.210217, 0.945571, 0.352915, 0.675235, -0.737481, 0.01343, 0.00204, 0.0, 0.0, 0.0, 1.0],
                [-0.258216, 0.878947, 0.400971, 0.095562, -0.285669, -0.465953, 0.837426, 0.352916, 0.922886, 0.101691, 0.371404, 0.00204, 0.0, 0.0, 0.0, 1.0]
            ]
        },
        {
            "name": "RightArm",
            "time": [0.0, 0.2667, 0.4167, 0.5833, 0.7333, 1.1667, 1.9, 2.2667],
            "transform": [
                [-0.038431, -0.219307, 0.974899, 0.0, -0.75343, 0.647233, 0.115897, 0.293782, -0.656404, -0.730064, -0.190106, 0.0, 0.0, 0.0, 0.0, 1.0],
                [-0.22216, 0.450377, 0.864757, 0.0, -0.676345, 0.567649, -0.469395, 0.293782, -0.702284, -0.689155, 0.178501, 0.0, 0.0, 0.0, 0.0, 1.0],
                [-0.22216, 0.450377, 0.864757, 0.0, -0.676345, 0.567649, -0.469395, 0.293782, -0.702284, -0.689155, 0.178501, -0.0, 0.0, 0.0, 0.0, 1.0],
                [-0.832649, 0.491528, -0.255141, -0.0, 0.503003, 0.863981, 0.02291, 0.293781, 0.231698, -0.109261, -0.966632, 0.0, 0.0, 0.0, 0.0, 1.0],
                [-0.535619, -0.786605, -0.30719, -0.0, -0.833563, 0.550735, 0.043172, 0.293782, 0.135221, 0.279186, -0.950669, 1e-06, 0.0, 0.0, 0.0, 1.0],
                [-0.364697, -0.895488, -0.255141, 0.0, -0.92816, 0.371475, 0.02291, 0.293782, 0.074263, 0.245167, -0.966632, -0.0, 0.0, 0.0, 0.0, 1.0],
                [-0.444126, -0.73651, 0.5102, 0.0, -0.724021, 0.630457, 0.279854, 0.293782, -0.527774, -0.245105, -0.813251, -0.0, 0.0, 0.0, 0.0, 1.0],
                [0.02511, -0.317853, 0.947807, 1e-06, -0.892775, 0.419464, 0.164322, 0.293782, -0.449802, -0.850305, -0.273238, -0.0, 0.0, 0.0, 0.0, 1.0]
            ]
        },
        {
            "name": "RightLowerArm",
            "time": [0.0, 0.2667, 0.4167, 0.5833, 0.7333, 1.1667, 2.2667],
            "transform": [
                [0.998152, -0.039229, 0.046399, -0.0, -0.027742, 0.385156, 0.922434, 0.320511, -0.054057, -0.922017, 0.383356, 0.0, 0.0, 0.0, 0.0, 1.0],
                [0.998152, -0.044488, 0.041384, -0.0, -0.027742, 0.272284, 0.961817, 0.320511, -0.054057, -0.961188, 0.270547, 0.0, 0.0, 0.0, 0.0, 1.0],
                [0.998152, -0.044488, 0.041384, -0.0, -0.027742, 0.272284, 0.961817, 0.320511, -0.054057, -0.961188, 0.270547, 0.0, 0.0, 0.0, 0.0, 1.0],
                [0.984658, -0.165158, 0.05632, 0.0, 0.159842, 0.983162, 0.088559, 0.320511, -0.069998, -0.078199, 0.994478, -0.0, 0.0, 0.0, 0.0, 1.0],
                [0.801787, 0.594978, 0.056025, -1e-06, -0.597563, 0.797011, 0.087706, 0.320511, 0.00753, -0.1038, 0.99457, 1e-06, 0.0, 0.0, 0.0, 1.0],
                [0.711889, 0.700031, 0.056319, -1e-06, -0.701942, 0.706707, 0.08856, 0.320511, 0.022193, -0.102577, 0.994477, -1e-06, 0.0, 0.0, 0.0, 1.0],
                [0.998152, 0.016618, 0.058443, 0.0, -0.027742, 0.980406, 0.195023, 0.320511, -0.054057, -0.196284, 0.979056, 0.0, 0.0, 0.0, 0.0, 1.0]
            ]
        },
        {
            "name": "Head",
            "time": [0.0, 0.2667, 0.4167, 0.5833, 0.7333, 1.1667, 1.9, 2.2667],
            "transform": [
                [0.967968, -0.117775, -0.221738, 0.0, 0.029971, 0.93104, -0.363685, 0.325875, 0.24928, 0.34539, 0.904746, 0.0, 0.0, 0.0, 0.0, 1.0],
                [0.935612, 0.163629, 0.31282, -0.0, 0.011614, 0.871353, -0.49052, 0.325875, -0.35284, 0.462569, 0.813347, -0.0, 0.0, 0.0, 0.0, 1.0],
                [0.935612, 0.163629, 0.31282, 0.0, 0.011614, 0.871353, -0.49052, 0.325875, -0.35284, 0.462569, 0.813347, 0.0, 0.0, 0.0, 0.0, 1.0],
                [0.935612, 0.163629, 0.31282, 0.0, 0.011614, 0.871353, -0.49052, 0.325875, -0.35284, 0.462569, 0.813347, -0.0, 0.0, 0.0, 0.0, 1.0],
                [0.64112, 0.163629, -0.749794, -0.0, -0.450298, 0.871353, -0.194875, 0.325875, 0.621448, 0.462569, 0.632323, -0.0, 0.0, 0.0, 0.0, 1.0],
                [0.481017, 0.163629, -0.861306, -0.0, -0.479844, 0.871353, -0.102443, 0.325875, 0.733739, 0.462569, 0.497652, -0.0, 0.0, 0.0, 0.0, 1.0],
                [0.898574, 0.238362, -0.36844, -0.0, -0.15803, 0.959052, 0.235046, 0.325875, 0.409379, -0.152981, 0.899447, -0.0, 0.0, 0.0, 0.0, 1.0],
                [0.995079, -0.053581, -0.083353, 0.0, 0.045788, 0.994637, -0.092745, 0.325876, 0.087875, 0.088472, 0.992195, 0.0, 0.0, 0.0, 0.0, 1.0]
            ]
        },
        {
            "name": "RightLeg",
            "time": [0.0, 0.2667, 0.4167, 0.4833, 0.5833, 0.6667, 0.7333, 1.1667, 2.2667],
            "transform": [
                [-0.996491, 0.072003, -0.042682, 0.124009, -0.062809, -0.980287, -0.187328, -0.021387, -0.055329, -0.183988, 0.981367, -0.001198, 0.0, 0.0, 0.0, 1.0],
                [-0.995175, 0.096683, 0.016686, 0.124009, -0.072807, -0.613745, -0.786139, -0.021387, -0.065765, -0.783558, 0.617823, -0.001198, 0.0, 0.0, 0.0, 1.0],
                [-0.995175, 0.074175, 0.064219, 0.124009, -0.072807, -0.11958, -0.990151, -0.021387, -0.065765, -0.990047, 0.124405, -0.001198, 0.0, 0.0, 0.0, 1.0],
                [-0.80042, 0.445341, 0.401247, 0.124009, -0.536372, -0.830957, -0.147698, -0.021387, 0.267644, -0.333435, 0.903981, -0.001198, 0.0, 0.0, 0.0, 1.0],
                [-0.769036, 0.483316, -0.418318, 0.124009, -0.169828, -0.785405, -0.595229, -0.021387, -0.616231, -0.386708, 0.686084, -0.001198, 0.0, 0.0, 0.0, 1.0],
                [-0.984056, 0.113832, 0.136657, 0.124009, -0.08651, 0.364992, -0.926983, -0.021387, -0.155399, -0.924024, -0.349322, -0.001198, 0.0, 0.0, 0.0, 1.0],
                [-0.756624, 0.51837, 0.398513, 0.124009, -0.18202, 0.418406, -0.889834, -0.021388, -0.628002, -0.745805, -0.22222, -0.001198, 0.0, 0.0, 0.0, 1.0],
                [-0.736661, 0.335903, 0.586941, 0.124009, -0.161945, 0.755043, -0.635361, -0.021387, -0.656583, -0.563098, -0.50181, -0.001198, 0.0, 0.0, 0.0, 1.0],
                [-0.979083, 0.192197, -0.066759, 0.124009, -0.191345, -0.981339, -0.018987, -0.021387, -0.069162, -0.005814, 0.997585, -0.001197, 0.0, 0.0, 0.0, 1.0]
            ]
        },
        {
            "name": "RightFoot",
            "time": [0.0, 0.2667, 0.4167, 0.4833, 0.5833, 0.6667, 0.7333, 1.1667, 2.2667],
            "transform": [
                [0.989618, 0.135693, -0.047373, -0.0, -0.141356, 0.978508, -0.150133, 0.369915, 0.025982, 0.15527, 0.98753, -0.0, 0.0, 0.0, 0.0, 1.0],
                [0.997304, 0.048973, -0.054655, -0.0, -0.073125, 0.725929, -0.683871, 0.369915, 0.006184, 0.686024, 0.727553, -0.0, 0.0, 0.0, 0.0, 1.0],
                [0.997304, -0.006089, -0.073133, -0.0, -0.073125, 0.001527, -0.997322, 0.369915, 0.006184, 0.99998, 0.001078, 0.0, 0.0, 0.0, 0.0, 1.0],
                [0.997304, 0.070207, -0.021366, -0.0, -0.073126, 0.975237, -0.208721, 0.369915, 0.006183, 0.209721, 0.977742, 0.0, 0.0, 0.0, 0.0, 1.0],
                [0.997303, 0.071444, -0.016778, -0.0, -0.073127, 0.986699, -0.145183, 0.369915, 0.006182, 0.146018, 0.989263, 0.0, 0.0, 0.0, 0.0, 1.0],
                [0.997303, -0.003896, -0.073285, -0.0, -0.073127, 0.031371, -0.996829, 0.369914, 0.006183, 0.9995, 0.031001, -1e-06, 0.0, 0.0, 0.0, 1.0],
                [0.997303, 0.045778, -0.05736, 0.0, -0.073127, 0.685744, -0.72416, 0.369915, 0.006183, 0.726402, 0.687242, 0.0, 0.0, 0.0, 0.0, 1.0],
                [0.997303, 0.024949, -0.069018, 0.0, -0.073127, 0.417075, -0.905926, 0.369915, 0.006184, 0.90853, 0.417774, 0.0, 0.0, 0.0, 0.0, 1.0],
                [0.998319, 0.057684, -0.005646, 0.0, -0.050045, 0.808758, -0.586008, 0.369915, -0.029237, 0.585305, 0.810286, 1e-06, 0.0, 0.0, 0.0, 1.0]
            ]
        },
        {
            "name": "RightKnee",
            "time": [0.0, 0.2667, 0.4167, 0.5833, 0.6667, 0.7333, 1.1667, 2.2667],
            "transform": [
                [0.99525, 0.096519, 0.012731, -0.0, -0.072727, 0.650162, 0.756307, 0.369915, 0.064721, -0.75364, 0.654093, -0.0, 0.0, 0.0, 0.0, 1.0],
                [0.99525, 0.027796, 0.093303, 0.016302, -0.072727, -0.424853, 0.902336, 0.508521, 0.064721, -0.904835, -0.420814, -0.04184, 0.0, 0.0, 0.0, 1.0],
                [0.99525, 0.093147, -0.028313, 0.016302, -0.072727, 0.904683, 0.419834, 0.508521, 0.064721, -0.41578, 0.907159, -0.04184, 0.0, 0.0, 0.0, 1.0],
                [0.99525, -0.015952, 0.096039, 0.016302, -0.07273, -0.777602, 0.624536, 0.508522, 0.064717, -0.628555, -0.775068, -0.04184, 0.0, 0.0, 0.0, 1.0],
                [0.99525, 0.096532, -0.012638, 0.016302, -0.07273, 0.82351, 0.56262, 0.508521, 0.064719, -0.559029, 0.826619, -0.041841, 0.0, 0.0, 0.0, 1.0],
                [0.99525, -0.015952, 0.096039, 0.016302, -0.07273, -0.777602, 0.624536, 0.508521, 0.064717, -0.628555, -0.775068, -0.04184, 0.0, 0.0, 0.0, 1.0],
                [0.99525, -0.015952, 0.096039, 0.016302, -0.07273, -0.777602, 0.624536, 0.508521, 0.064717, -0.628555, -0.775068, -0.04184, 0.0, 0.0, 0.0, 1.0],
                [0.999907, -0.010759, 0.008368, 0.0, -0.006445, 0.167694, 0.985818, 0.369915, -0.012009, -0.98578, 0.167609, 1e-06, 0.0, 0.0, 0.0, 1.0]
            ]
        },
        {
            "name": "LeftLeg",
            "time": [0.0, 0.2667, 0.4167, 0.4833, 0.5833, 0.7333, 1.1667, 2.2667],
            "transform": [
                [-0.997713, -0.065892, -0.015065, -0.152517, 0.025231, -0.156302, -0.987387, -0.056564, 0.062706, -0.985507, 0.157605, -0.00768, 0.0, 0.0, 0.0, 1.0],
                [-0.562739, -0.711592, 0.420668, -0.152517, 0.00617, -0.512494, -0.858669, -0.056564, 0.82661, -0.48061, 0.292789, -0.00768, 0.0, 0.0, 0.0, 1.0],
                [-0.562739, -0.815612, 0.134542, -0.152517, 0.00617, -0.166899, -0.985955, -0.056564, 0.82661, -0.554004, 0.098951, -0.00768, 0.0, 0.0, 0.0, 1.0],
                [-0.68705, 0.231881, 0.688617, -0.152517, 0.068439, -0.922847, 0.379037, -0.056564, 0.723378, 0.307544, 0.618171, -0.00768, 0.0, 0.0, 0.0, 1.0],
                [-0.586991, 0.031132, 0.808994, -0.152516, -0.326507, -0.923495, -0.201369, -0.056564, 0.740832, -0.382345, 0.552247, -0.00768, 0.0, 0.0, 0.0, 1.0],
                [-0.489298, -0.306387, 0.816526, -0.152517, 0.317292, -0.934635, -0.16057, -0.056565, 0.812349, 0.180509, 0.554528, -0.00768, 0.0, 0.0, 0.0, 1.0],
                [-0.509857, -0.316643, 0.799865, -0.152517, 0.291256, -0.938421, -0.185838, -0.056564, 0.809453, 0.138214, 0.570683, -0.007681, 0.0, 0.0, 0.0, 1.0],
                [-0.998197, -0.054508, -0.025118, -0.152517, 0.05599, -0.695014, -0.716813, -0.056564, 0.021615, -0.716926, 0.696811, -0.007679, 0.0, 0.0, 0.0, 1.0]
            ]
        },
        {
            "name": "LeftFoot",
            "time": [0.0, 0.2667, 0.4167, 0.4833, 0.5833, 0.7333, 1.1667, 2.2667],
            "transform": [
                [0.995879, 0.086945, 0.025817, 0.0, 0.050402, -0.293882, -0.954512, 0.370083, -0.075403, 0.951879, -0.297053, -0.0, 0.0, 0.0, 0.0, 1.0],
                [0.999874, 0.014086, 0.007385, 0.0, -0.006445, 0.783376, -0.621514, 0.370083, -0.01454, 0.621388, 0.783368, -0.0, 0.0, 0.0, 0.0, 1.0],
                [0.999874, 0.015231, -0.004581, 0.0, -0.006446, 0.124725, -0.992171, 0.370083, -0.01454, 0.992075, 0.124807, 0.0, 0.0, 0.0, 0.0, 1.0],
                [0.99985, 0.002141, 0.017159, 0.0, -0.005291, 0.98259, 0.185709, 0.370083, -0.016462, -0.185773, 0.982455, -0.0, 0.0, 0.0, 0.0, 1.0],
                [0.999767, 0.007666, 0.020198, -0.0, -0.005895, 0.996252, -0.086302, 0.370083, -0.020784, 0.086163, 0.996064, -0.0, 0.0, 0.0, 0.0, 1.0],
                [0.999767, 0.007666, 0.020198, -0.0, -0.005895, 0.996252, -0.086302, 0.370083, -0.020784, 0.086163, 0.996064, -0.0, 0.0, 0.0, 0.0, 1.0],
                [0.999767, 0.007666, 0.020198, 0.0, -0.005895, 0.996252, -0.086302, 0.370084, -0.020784, 0.086163, 0.996064, -0.0, 0.0, 0.0, 0.0, 1.0],
                [0.999874, 0.013952, 0.007632, 0.0, -0.006445, 0.794213, -0.607606, 0.370083, -0.014539, 0.60748, 0.794202, -1e-06, 0.0, 0.0, 0.0, 1.0]
            ]
        },
        {
            "name": "LeftKnee",
            "time": [0.0, 0.2667, 0.4167, 0.5833, 0.7333, 1.1667, 2.2667],
            "transform": [
                [-0.997013, -0.059696, -0.049009, -0.00159, -0.031488, 0.893561, -0.447837, 0.391716, 0.070527, -0.444956, -0.892771, -0.079081, 0.0, 0.0, 0.0, 1.0],
                [-0.999873, 0.001765, -0.015807, 0.0, 0.006446, 0.953521, -0.301257, 0.370083, 0.014541, -0.301321, -0.953412, -0.0, 0.0, 0.0, 0.0, 1.0],
                [-0.999873, 0.001765, -0.015807, 0.0, 0.006446, 0.953521, -0.301257, 0.370083, 0.014541, -0.301321, -0.953412, 0.0, 0.0, 0.0, 0.0, 1.0],
                [-0.999873, 0.001765, -0.015807, -0.0, 0.006446, 0.953521, -0.301257, 0.370083, 0.014541, -0.301321, -0.953412, -0.0, 0.0, 0.0, 0.0, 1.0],
                [-0.999873, 0.001765, -0.015807, -0.0, 0.006446, 0.953521, -0.301257, 0.370083, 0.014541, -0.301321, -0.953412, -0.0, 0.0, 0.0, 0.0, 1.0],
                [-0.999873, 0.001765, -0.015807, 0.0, 0.006446, 0.953521, -0.301257, 0.370084, 0.014541, -0.301321, -0.953412, -0.0, 0.0, 0.0, 0.0, 1.0],
                [-0.999873, -0.007352, -0.014103, 0.0, 0.006445, 0.623359, -0.781909, 0.370083, 0.01454, -0.781901, -0.623233, -1e-06, 0.0, 0.0, 0.0, 1.0]
            ]
        }
    ]
}