{
    "animation": [
        {
            "name": "Root",
            "time": [0.0, 0.0833, 0.2333, 0.4167, 0.65, 0.9333],
            "transform": [
                [0.999432, -0.003881, -0.033472, -0.005753, -0.032907, 0.101344, -0.994307, -0.047813, 0.007251, 0.994844, 0.101158, 0.637081, 0.0, 0.0, 0.0, 1.0],
                [0.999428, -0.003909, -0.033578, -0.005753, -0.030908, -0.507975, -0.860817, -1.52605, -0.013692, 0.861363, -0.507806, 0.709421, 0.0, 0.0, 0.0, 1.0],
                [0.999432, -0.003881, -0.033472, -0.005753, -0.028809, -0.613642, -0.789059, -2.206993, -0.017478, 0.789575, -0.613405, 0.720869, 0.0, 0.0, 0.0, 1.0],
                [0.877579, -0.237305, 0.416584, -0.003166, 0.471813, 0.273178, -0.838311, -3.18272, 0.085134, 0.932234, 0.351699, 0.605941, 0.0, 0.0, 0.0, 1.0],
                [0.96301, -0.127268, 0.237518, -0.002718, 0.260604, 0.215679, -0.941046, -2.895544, 0.068538, 0.968135, 0.240868, 0.706952, 0.0, 0.0, 0.0, 1.0],
                [0.999432, -0.003881, -0.033472, -0.005753, -0.032907, 0.101344, -0.994307, -2.816773, 0.007251, 0.994844, 0.101158, 0.637081, 0.0, 0.0, 0.0, 1.0]
            ]
        },
        {
            "name": "Torso",
            "time": [0.0, 0.0833, 0.2333, 0.4167, 0.9333],
            "transform": [
                [0.999418, 0.012176, -0.031872, 0.0, -0.015153, 0.995369, -0.094924, 0.083555, 0.030569, 0.095351, 0.994974, 0.0, 0.0, 0.0, 0.0, 1.0],
                [0.999418, 0.015908, -0.030183, 0.0, -0.015153, 0.999571, 0.025082, 0.083555, 0.030569, -0.02461, 0.99923, 0.0, 0.0, 0.0, 0.0, 1.0],
                [0.999418, 0.018125, -0.028906, -0.0, -0.015153, 0.994882, 0.0999, 0.083555, 0.030569, -0.099404, 0.994578, 0.0, 0.0, 0.0, 0.0, 1.0],
                [0.920785, 0.356954, -0.15729, 0.0, -0.297154, 0.903115, 0.309972, 0.083555, 0.252696, -0.238678, 0.937645, 0.0, 0.0, 0.0, 0.0, 1.0],
                [0.999418, 0.012176, -0.031872, -0.0, -0.015153, 0.995369, -0.094924, 0.083555, 0.030569, 0.095351, 0.994974, 0.0, 0.0, 0.0, 0.0, 1.0]
            ]
        },
        {
            "name": "Chest",
            "time": [0.0, 0.0833, 0.2333, 0.4167, 0.9333],
            "transform": [
                [0.997739, -0.046021, 0.048981, -0.0, 0.030596, 0.959906, 0.278646, 0.314859, -0.059841, -0.276517, 0.959144, 0.0, 0.0, 0.0, 0.0, 1.0],
                [0.997739, -0.054547, 0.039265, -0.0, 0.030596, 0.888807, 0.45726, 0.314859, -0.059841, -0.455025, 0.888466, 0.0, 0.0, 0.0, 0.0, 1.0],
                [0.997739, -0.056051, 0.037086, -0.0, 0.030596, 0.870109, 0.491908, 0.314859, -0.059841, -0.489661, 0.869857, -0.0, 0.0, 0.0, 0.0, 1.0],
                [0.984259, 0.003778, -0.176692, -0.0, 0.072156, 0.904056, 0.421279, 0.314859, 0.161331, -0.427397, 0.889553, -0.0, 0.0, 0.0, 0.0, 1.0],
                [0.997739, -0.046021, 0.048981, 0.0, 0.030596, 0.959906, 0.278646, 0.314859, -0.059841, -0.276517, 0.959144, 0.0, 0.0, 0.0, 0.0, 1.0]
            ]
        },
        {
            "name": "LeftShoulder",
            "time": [0.0, 0.0833, 0.2333, 0.4167, 0.9333],
            "transform": [
                [0.364617, -0.910752, -0.193867, -0.093367, 0.05279, -0.187647, 0.980817, 0.347989, -0.92966, -0.367857, -0.020341, -0.003363, 0.0, 0.0, 0.0, 1.0],
                [-0.045586, -0.988581, 0.143629, -0.093367, -0.044823, 0.145658, 0.988319, 0.347989, -0.997955, 0.038615, -0.050951, -0.003363, 0.0, 0.0, 0.0, 1.0],
                [-0.132686, -0.969121, 0.207843, -0.093367, -0.046759, 0.215584, 0.975365, 0.347989, -0.990055, 0.119698, -0.07392, -0.003363, 0.0, 0.0, 0.0, 1.0],
                [0.364617, -0.910753, -0.193867, -0.093367, 0.05279, -0.187647, 0.980817, 0.347989, -0.92966, -0.367857, -0.020341, -0.003363, 0.0, 0.0, 0.0, 1.0],
                [0.364617, -0.910752, -0.193867, -0.093367, 0.05279, -0.187647, 0.980817, 0.347989, -0.92966, -0.367857, -0.020341, -0.003363, 0.0, 0.0, 0.0, 1.0]
            ]
        },
        {
            "name": "LeftArm",
            "time": [0.0, 0.0833, 0.2333, 0.4167, 0.9333],
            "transform": [
                [-0.206164, 0.162019, -0.965011, 0.0, 0.915177, 0.380979, -0.131554, 0.34013, 0.346335, -0.910277, -0.22682, 0.0, 0.0, 0.0, 0.0, 1.0],
                [0.288372, -0.058547, -0.955727, 0.0, 0.785159, 0.58576, 0.201023, 0.34013, 0.548057, -0.808367, 0.214885, 0.0, 0.0, 0.0, 0.0, 1.0],
                [0.389429, -0.085922, -0.91704, 0.0, 0.732807, 0.632064, 0.251971, 0.34013, 0.557978, -0.770138, 0.309108, 0.0, 0.0, 0.0, 0.0, 1.0],
                [-0.450964, 0.641458, -0.620616, -0.0, 0.854279, 0.511618, -0.091952, 0.34013, 0.258535, -0.571646, -0.778705, 0.0, 0.0, 0.0, 0.0, 1.0],
                [-0.078607, -0.243849, -0.966622, -0.0, 0.912223, 0.373483, -0.168402, 0.34013, 0.402082, -0.895013, 0.193086, -0.0, 0.0, 0.0, 0.0, 1.0]
            ]
        },
        {
            "name": "LeftLowerArm",
            "time": [0.0, 0.0833, 0.2333, 0.4167, 0.9333],
            "transform": [
                [0.999992, 5.2e-05, 0.004118, 0.0, -0.001439, 0.941276, 0.337634, 0.312152, -0.003859, -0.337637, 0.941268, 0.0, 0.0, 0.0, 0.0, 1.0],
                [0.999992, -0.001527, 0.003825, 0.0, -0.001439, 0.740647, 0.671893, 0.312152, -0.003859, -0.671893, 0.740638, -0.0, 0.0, 0.0, 0.0, 1.0],
                [0.999992, -0.001827, 0.003691, 0.0, -0.001439, 0.684685, 0.728837, 0.312152, -0.003859, -0.728837, 0.684677, -0.0, 0.0, 0.0, 0.0, 1.0],
                [0.999992, 5.2e-05, 0.004118, 0.0, -0.001439, 0.941276, 0.337634, 0.312152, -0.003859, -0.337637, 0.941268, -0.0, 0.0, 0.0, 0.0, 1.0],
                [0.999992, 5.2e-05, 0.004118, -0.0, -0.001439, 0.941276, 0.337634, 0.312152, -0.003859, -0.337637, 0.941268, -0.0, 0.0, 0.0, 0.0, 1.0]
            ]
        },
        {
            "name": "RightShoulder",
            "time": [0.0, 0.0833, 0.2333, 0.4167, 0.9333],
            "transform": [
                [-0.258216, 0.878947, 0.400971, 0.095562, -0.285669, -0.465953, 0.837426, 0.352916, 0.922886, 0.101691, 0.371404, 0.00204, 0.0, 0.0, 0.0, 1.0],
                [0.028722, 0.999406, -0.019057, 0.095562, -0.430716, 0.029578, 0.902003, 0.352916, 0.90203, -0.017699, 0.43131, 0.00204, 0.0, 0.0, 0.0, 1.0],
                [0.093301, 0.990197, -0.103946, 0.095562, -0.440645, 0.134686, 0.88752, 0.352916, 0.89282, -0.037003, 0.448892, 0.00204, 0.0, 0.0, 0.0, 1.0],
                [-0.258216, 0.878947, 0.400971, 0.095562, -0.285669, -0.465953, 0.837426, 0.352916, 0.922886, 0.101691, 0.371404, 0.00204, 0.0, 0.0, 0.0, 1.0],
                [-0.258216, 0.878947, 0.400971, 0.095562, -0.285669, -0.465953, 0.837426, 0.352916, 0.922886, 0.101691, 0.371404, 0.002039, 0.0, 0.0, 0.0, 1.0]
            ]
        },
        {
            "name": "RightArm",
            "time": [0.0, 0.0833, 0.2333, 0.4167, 0.9333],
            "transform": [
                [0.02511, -0.317853, 0.947807, -0.0, -0.892775, 0.419464, 0.164322, 0.293782, -0.449802, -0.850305, -0.273238, -0.0, 0.0, 0.0, 0.0, 1.0],
                [0.452962, 0.490808, 0.744267, -0.0, -0.689956, 0.721681, -0.056006, 0.293782, -0.564611, -0.488143, 0.66553, -0.0, 0.0, 0.0, 0.0, 1.0],
                [0.539149, 0.588006, 0.602965, 0.0, -0.657746, 0.741117, -0.134598, 0.293782, -0.526012, -0.324029, 0.786331, 0.0, 0.0, 0.0, 0.0, 1.0],
                [0.170262, -0.757393, 0.63037, -0.0, -0.881432, 0.168945, 0.441062, 0.293782, -0.440555, -0.630724, -0.638825, -0.0, 0.0, 0.0, 0.0, 1.0],
                [-0.04707, 0.214763, 0.975531, -0.0, -0.836176, 0.52578, -0.156096, 0.293782, -0.546438, -0.823063, 0.154831, -0.0, 0.0, 0.0, 0.0, 1.0]
            ]
        },
        {
            "name": "RightLowerArm",
            "time": [0.0, 0.0833, 0.2333, 0.4167, 0.9333],
            "transform": [
                [0.998152, 0.016618, 0.058443, 0.0, -0.027742, 0.980406, 0.195023, 0.320511, -0.054057, -0.196284, 0.979056, 0.0, 0.0, 0.0, 0.0, 1.0],
                [0.998152, -0.013682, 0.059199, 0.0, -0.027742, 0.764207, 0.644374, 0.320511, -0.054057, -0.644825, 0.762416, -0.0, 0.0, 0.0, 0.0, 1.0],
                [0.998152, -0.019651, 0.057494, 0.0, -0.027742, 0.694475, 0.718982, 0.320511, -0.054057, -0.719249, 0.692647, 0.0, 0.0, 0.0, 0.0, 1.0],
                [0.998152, 0.016618, 0.058443, -0.0, -0.027742, 0.980406, 0.195023, 0.320511, -0.054057, -0.196284, 0.979056, 0.0, 0.0, 0.0, 0.0, 1.0],
                [0.998152, 0.016618, 0.058443, -0.0, -0.027742, 0.980406, 0.195023, 0.320511, -0.054057, -0.196284, 0.979056, -0.0, 0.0, 0.0, 0.0, 1.0]
            ]
        },
        {
            "name": "Head",
            "time": [0.0, 0.0833, 0.2333, 0.4167, 0.9333],
            "transform": [
                [0.995079, -0.053581, -0.083353, 0.0, 0.045788, 0.994637, -0.092745, 0.325875, 0.087875, 0.088472, 0.992195, -0.0, 0.0, 0.0, 0.0, 1.0],
                [0.995111, -0.020221, -0.096673, -0.0, 0.044949, 0.964293, 0.260994, 0.325875, 0.087944, -0.264064, 0.960488, -0.0, 0.0, 0.0, 0.0, 1.0],
                [0.995078, -0.013572, -0.098155, 0.0, 0.045788, 0.941455, 0.334016, 0.325875, 0.087875, -0.336867, 0.937443, -0.0, 0.0, 0.0, 0.0, 1.0],
                [0.970022, -0.224078, 0.094054, 0.0, 0.211973, 0.590895, -0.778402, 0.325876, 0.118847, 0.775005, 0.62068, -0.0, 0.0, 0.0, 0.0, 1.0],
                [0.995079, -0.053581, -0.083353, 0.0, 0.045788, 0.994637, -0.092745, 0.325875, 0.087875, 0.088472, 0.992195, -0.0, 0.0, 0.0, 0.0, 1.0]
            ]
        },
        {
            "name": "RightLeg",
            "time": [0.0, 0.0833, 0.2333, 0.3167, 0.4167, 0.65, 0.9333],
            "transform": [
                [-0.979083, 0.192197, -0.066759, 0.124009, -0.191345, -0.981339, -0.018987, -0.021387, -0.069162, -0.005814, 0.997585, -0.001198, 0.0, 0.0, 0.0, 1.0],
                [-0.999689, 0.024938, -0.00059, 0.124009, -0.023515, -0.950022, -0.311296, -0.021387, -0.008323, -0.311183, 0.95031, -0.001198, 0.0, 0.0, 0.0, 1.0],
                [-0.999913, -0.011448, 0.006536, 0.124009, 0.008226, -0.929262, -0.369328, -0.021387, 0.010301, -0.36924, 0.929274, -0.001197, 0.0, 0.0, 0.0, 1.0],
                [-0.996738, 0.075973, -0.027229, 0.124009, -0.070952, -0.985683, -0.152954, -0.021387, -0.038459, -0.150521, 0.987855, -0.001198, 0.0, 0.0, 0.0, 1.0],
                [-0.875405, 0.367609, -0.313895, 0.124009, 0.187724, -0.339859, -0.92155, -0.021387, -0.44545, -0.865652, 0.228506, -0.001198, 0.0, 0.0, 0.0, 1.0],
                [-0.942631, 0.096875, -0.319471, 0.124009, 0.073513, -0.873243, -0.481707, -0.021387, -0.32564, -0.477554, 0.816023, -0.001197, 0.0, 0.0, 0.0, 1.0],
                [-0.979083, 0.192197, -0.066759, 0.124009, -0.191345, -0.981339, -0.018987, -0.021387, -0.069162, -0.005814, 0.997585, -0.001197, 0.0, 0.0, 0.0, 1.0]
            ]
        },
        {
            "name": "RightFoot",
            "time": [0.0, 0.0833, 0.2333, 0.3167, 0.4167, 0.65, 0.9333],
            "transform": [
                [0.998319, 0.057684, -0.005646, -0.0, -0.050045, 0.808758, -0.586008, 0.369915, -0.029237, 0.585305, 0.810286, 0.0, 0.0, 0.0, 0.0, 1.0],
                [0.998319, 0.054326, 0.020201, 0.0, -0.050045, 0.983761, -0.172367, 0.369915, -0.029237, 0.171066, 0.984826, -0.0, 0.0, 0.0, 0.0, 1.0],
                [0.998319, 0.052237, 0.025114, 0.0, -0.050045, 0.995446, -0.081131, 0.369915, -0.029237, 0.079738, 0.996387, -0.0, 0.0, 0.0, 0.0, 1.0],
                [0.998319, 0.052852, -0.023792, 0.0, -0.050045, 0.578963, -0.813816, 0.369915, -0.029237, 0.813639, 0.580635, -0.0, 0.0, 0.0, 0.0, 1.0],
                [0.998319, 0.054308, -0.020248, -0.0, -0.050045, 0.631461, -0.773791, 0.369914, -0.029237, 0.773504, 0.633117, -0.0, 0.0, 0.0, 0.0, 1.0],
                [0.998322, 0.056953, 0.010506, -0.0, -0.050002, 0.939164, -0.339809, 0.369915, -0.02922, 0.338713, 0.940436, -0.0, 0.0, 0.0, 0.0, 1.0],
                [0.998319, 0.057684, -0.005646, -0.0, -0.050045, 0.808758, -0.586008, 0.369915, -0.029237, 0.585305, 0.810286, 0.0, 0.0, 0.0, 0.0, 1.0]
            ]
        },
        {
            "name": "RightKnee",
            "time": [0.0, 0.0833, 0.2333, 0.4167, 0.9333],
            "transform": [
                [0.999907, -0.010759, 0.008368, -0.0, -0.006445, 0.167694, 0.985818, 0.369915, -0.012009, -0.98578, 0.167609, 0.0, 0.0, 0.0, 0.0, 1.0],
                [0.999907, -0.010759, 0.008368, 0.0, -0.006445, 0.167694, 0.985818, 0.369915, -0.012009, -0.98578, 0.167609, -0.0, 0.0, 0.0, 0.0, 1.0],
                [0.999907, -0.010759, 0.008368, 0.0, -0.006445, 0.167694, 0.985818, 0.369915, -0.012009, -0.98578, 0.167609, -0.0, 0.0, 0.0, 0.0, 1.0],
                [0.999907, -0.000433, 0.013622, -0.0, -0.006445, 0.86566, 0.500591, 0.369914, -0.012009, -0.500632, 0.865577, -0.0, 0.0, 0.0, 0.0, 1.0],
                [0.999907, -0.010759, 0.008368, -0.0, -0.006445, 0.167694, 0.985818, 0.369915, -0.012009, -0.98578, 0.167609, 0.0, 0.0, 0.0, 0.0, 1.0]
            ]
        },
        {
            "name": "LeftLeg",
            "time": [0.0, 0.0833, 0.2333, 0.3167, 0.4167, 0.65, 0.9333],
            "transform": [
                [-0.998197, -0.054508, -0.025118, -0.152517, 0.05599, -0.695014, -0.716813, -0.056564, 0.021615, -0.716926, 0.696811, -0.00768, 0.0, 0.0, 0.0, 1.0],
                [-0.998197, -0.038506, -0.046037, -0.152517, 0.05599, -0.321197, -0.945356, -0.056564, 0.021615, -0.946228, 0.322772, -0.00768, 0.0, 0.0, 0.0, 1.0],
                [-0.998197, -0.034217, -0.049308, -0.152517, 0.05599, -0.235026, -0.970375, -0.056564, 0.021615, -0.971385, 0.236516, -0.00768, 0.0, 0.0, 0.0, 1.0],
                [-0.991889, -0.125245, 0.021663, -0.152517, 0.036913, -0.446933, -0.893806, -0.056564, 0.121627, -0.885755, 0.447929, -0.00768, 0.0, 0.0, 0.0, 1.0],
                [-0.895299, -0.445429, 0.005719, -0.152517, 0.422434, -0.844866, 0.328254, -0.056564, -0.141381, 0.2963, 0.944571, -0.00768, 0.0, 0.0, 0.0, 1.0],
                [-0.955694, -0.183839, -0.229895, -0.152517, 0.29374, -0.646298, -0.704284, -0.056564, -0.019105, -0.740608, 0.671662, -0.00768, 0.0, 0.0, 0.0, 1.0],
                [-0.998197, -0.054508, -0.025118, -0.152517, 0.05599, -0.695014, -0.716813, -0.056564, 0.021615, -0.716926, 0.696811, -0.00768, 0.0, 0.0, 0.0, 1.0]
            ]
        },
        {
            "name": "LeftFoot",
            "time": [0.0, 0.0833, 0.2333, 0.3167, 0.4167, 0.65, 0.9333],
            "transform": [
                [0.999874, 0.013952, 0.007632, 0.0, -0.006445, 0.794213, -0.607606, 0.370083, -0.014539, 0.60748, 0.794202, 0.0, 0.0, 0.0, 0.0, 1.0],
                [0.999874, 0.015873, -0.000975, 0.0, -0.006445, 0.348377, -0.937332, 0.370083, -0.014539, 0.93722, 0.348435, 0.0, 0.0, 0.0, 0.0, 1.0],
                [0.999874, 0.015018, -0.005232, -0.0, -0.006445, 0.081887, -0.996621, 0.370083, -0.014538, 0.996528, 0.081974, -0.0, 0.0, 0.0, 0.0, 1.0],
                [0.999874, 0.013521, -0.008372, 0.0, -0.006445, -0.136764, -0.990583, 0.370083, -0.014539, 0.990511, -0.13666, 0.0, 0.0, 0.0, 0.0, 1.0],
                [0.999874, 0.006653, 0.014445, -0.0, -0.006446, 0.999876, -0.014346, 0.370083, -0.014538, 0.014251, 0.999793, 0.0, 0.0, 0.0, 0.0, 1.0],
                [0.999874, 0.015733, -0.002317, 0.0, -0.006445, 0.267679, -0.963486, 0.370083, -0.014538, 0.96338, 0.267747, -0.0, 0.0, 0.0, 0.0, 1.0],
                [0.999874, 0.013952, 0.007632, 0.0, -0.006445, 0.794213, -0.607606, 0.370083, -0.014539, 0.60748, 0.794202, 0.0, 0.0, 0.0, 0.0, 1.0]
            ]
        },
        {
            "name": "LeftKnee",
            "time": [0.0, 0.0833, 0.2333, 0.3167, 0.4167, 0.65, 0.9333],
            "transform": [
                [-0.999873, -0.007352, -0.014103, 0.0, 0.006445, 0.623359, -0.781909, 0.370083, 0.01454, -0.781901, -0.623233, 0.0, 0.0, 0.0, 0.0, 1.0],
                [-0.996779, 0.068565, 0.041605, 0.0, 0.063194, 0.990886, -0.11896, 0.370083, -0.049382, -0.115948, -0.992027, 0.0, 0.0, 0.0, 0.0, 1.0],
                [-0.995015, 0.077576, 0.062662, -0.0, 0.082933, 0.992665, 0.087966, 0.370083, -0.055378, 0.092725, -0.994151, -0.0, 0.0, 0.0, 0.0, 1.0],
                [-0.998483, 0.037355, 0.040443, 0.0, 0.042154, 0.99124, 0.125167, 0.370083, -0.035414, 0.126682, -0.991311, 0.0, 0.0, 0.0, 0.0, 1.0],
                [-0.999873, -0.007352, -0.014103, -0.0, 0.006445, 0.623359, -0.781909, 0.370083, 0.01454, -0.781901, -0.623233, 0.0, 0.0, 0.0, 0.0, 1.0],
                [-0.966071, 0.014337, -0.257879, 0.0, 0.086997, 0.958175, -0.27264, 0.370083, 0.243185, -0.285825, -0.926912, -0.0, 0.0, 0.0, 0.0, 1.0],
                [-0.999873, -0.007352, -0.014103, 0.0, 0.006445, 0.623359, -0.781909, 0.370083, 0.01454, -0.781901, -0.623233, 0.0, 0.0, 0.0, 0.0, 1.0]
            ]
        }
    ]
}