{
    "animation": [
        {
            "name": "Root",
            "time": [0.0, 0.3333, 0.4167, 0.5, 1.0, 1.2167, 1.8, 2.65],
            "transform": [
                [0.870689, -0.00536, -0.491806, -0.008842, -0.481493, 0.194689, -0.854553, -0.077843, 0.10033, 0.98085, 0.166933, 0.546596, 0.0, 0.0, 0.0, 1.0],
                [0.311908, 0.020719, -0.949886, -0.008842, -0.948277, 0.068901, -0.309877, -0.553761, 0.059028, 0.997408, 0.041138, 0.484108, 0.0, 0.0, 0.0, 1.0],
                [0.811212, 0.000283, -0.584752, -0.088601, -0.584699, 0.013859, -0.811132, -0.035232, 0.007875, 0.999904, 0.011408, 0.672002, 0.0, 0.0, 0.0, 1.0],
                [0.988776, 0.007179, 0.14923, -0.008842, 0.149388, -0.03334, -0.988217, 0.50125, -0.002119, 0.999418, -0.034038, 0.484108, 0.0, 0.0, 0.0, 1.0],
                [0.936811, 0.012382, 0.349616, -0.008842, 0.34982, -0.042398, -0.935857, 0.670553, 0.003235, 0.999024, -0.04405, 0.484108, 0.0, 0.0, 0.0, 1.0],
                [0.566792, 0.012653, 0.823764, -0.008842, 0.823401, -0.042103, -0.565895, 0.670553, 0.027523, 0.999033, -0.034282, 0.484108, 0.0, 0.0, 0.0, 1.0],
                [0.498683, 0.012382, 0.866696, -0.008842, 0.866245, -0.042398, -0.497817, 0.670553, 0.030582, 0.999024, -0.031869, 0.484108, 0.0, 0.0, 0.0, 1.0],
                [0.999432, -0.003881, -0.033472, -0.005753, -0.032907, 0.101344, -0.994307, -0.047813, 0.007251, 0.994844, 0.101158, 0.637081, 0.0, 0.0, 0.0, 1.0]
            ]
        },
        {
            "name": "Torso",
            "time": [0.0, 0.3333, 0.5, 1.0, 1.2167, 1.8, 2.65],
            "transform": [
                [0.991128, -0.122817, 0.050809, -0.0, 0.09973, 0.939903, 0.326552, 0.083555, -0.087862, -0.318588, 0.943813, -0.0, 0.0, 0.0, 0.0, 1.0],
                [0.941394, -0.101141, 0.32179, -0.0, 0.091878, 0.994803, 0.043886, 0.083555, -0.324556, -0.011748, 0.945794, -0.0, 0.0, 0.0, 0.0, 1.0],
                [0.941394, -0.101141, 0.32179, 0.0, 0.091878, 0.994803, 0.043886, 0.083555, -0.324556, -0.011748, 0.945794, -0.0, 0.0, 0.0, 0.0, 1.0],
                [0.941393, -0.101141, 0.32179, 0.0, 0.091878, 0.994803, 0.043886, 0.083555, -0.324556, -0.011748, 0.945794, 0.0, 0.0, 0.0, 0.0, 1.0],
                [0.670324, -0.101141, 0.735144, 0.0, 0.059416, 0.994803, 0.082688, 0.083555, -0.739686, -0.011748, 0.67285, -0.0, 0.0, 0.0, 0.0, 1.0],
                [0.604877, -0.101141, 0.78987, -0.0, 0.052113, 0.994803, 0.087474, 0.083555, -0.794612, -0.011748, 0.607004, 0.0, 0.0, 0.0, 0.0, 1.0],
                [0.999418, 0.012176, -0.031872, 0.0, -0.015153, 0.995369, -0.094924, 0.083555, 0.030569, 0.095351, 0.994974, 0.0, 0.0, 0.0, 0.0, 1.0]
            ]
        },
        {
            "name": "Chest",
            "time": [0.0, 0.3333, 0.5, 1.0, 1.1167, 1.2167, 1.8, 2.65],
            "transform": [
                [0.816357, -0.050396, -0.575345, -0.0, 0.044619, 0.998712, -0.024169, 0.314859, 0.575822, -0.005941, 0.817554, -0.0, 0.0, 0.0, 0.0, 1.0],
                [0.986002, -0.096529, 0.135946, -0.0, 0.048806, 0.946747, 0.318259, 0.314859, -0.159427, -0.307169, 0.938206, 0.0, 0.0, 0.0, 0.0, 1.0],
                [0.937537, -0.096563, 0.334214, -0.0, -0.017171, 0.946689, 0.321691, 0.314859, -0.34746, -0.307336, 0.885899, 0.0, 0.0, 0.0, 0.0, 1.0],
                [0.926029, -0.096529, 0.364901, 0.0, -0.027716, 0.946747, 0.320784, 0.314859, -0.376434, -0.307169, 0.874039, -0.0, 0.0, 0.0, 0.0, 1.0],
                [0.966944, 0.082207, -0.241375, -0.0, -0.012512, 0.960762, 0.277091, 0.314859, 0.254683, -0.264911, 0.930031, 0.0, 0.0, 0.0, 0.0, 1.0],
                [0.790848, -0.09652, 0.604353, -0.0, -0.114422, 0.946756, 0.300935, 0.314859, -0.601221, -0.307145, 0.737696, 0.0, 0.0, 0.0, 0.0, 1.0],
                [0.764473, -0.096529, 0.637388, -0.0, -0.127106, 0.946747, 0.295829, 0.314859, -0.632001, -0.307169, 0.711493, -0.0, 0.0, 0.0, 0.0, 1.0],
                [0.997739, -0.046021, 0.048981, -0.0, 0.030596, 0.959906, 0.278646, 0.314859, -0.059841, -0.276517, 0.959144, 0.0, 0.0, 0.0, 0.0, 1.0]
            ]
        },
        {
            "name": "LeftShoulder",
            "time": [0.0, 0.3333, 0.5, 1.0, 1.2167, 1.8, 2.65],
            "transform": [
                [0.594167, -0.780628, -0.193867, -0.093367, 0.100893, -0.16679, 0.980817, 0.347989, -0.797989, -0.602329, -0.020341, -0.003363, 0.0, 0.0, 0.0, 1.0],
                [-0.416068, -0.888427, -0.193867, -0.093367, -0.100981, -0.166736, 0.980817, 0.347989, -0.903709, 0.427663, -0.020341, -0.003363, 0.0, 0.0, 0.0, 1.0],
                [-0.416068, -0.888427, -0.193867, -0.093367, -0.100981, -0.166736, 0.980817, 0.347989, -0.903709, 0.427663, -0.020341, -0.003363, 0.0, 0.0, 0.0, 1.0],
                [-0.416068, -0.888427, -0.193867, -0.093367, -0.100981, -0.166736, 0.980817, 0.347989, -0.903709, 0.427663, -0.020341, -0.003363, 0.0, 0.0, 0.0, 1.0],
                [0.000105, -0.981028, -0.193867, -0.093367, -0.020714, -0.193828, 0.980817, 0.347989, -0.999786, 0.003912, -0.020341, -0.003363, 0.0, 0.0, 0.0, 1.0],
                [0.073637, -0.97826, -0.193867, -0.093367, -0.006127, -0.194835, 0.980817, 0.347989, -0.997266, -0.071037, -0.020341, -0.003363, 0.0, 0.0, 0.0, 1.0],
                [0.364617, -0.910752, -0.193867, -0.093367, 0.05279, -0.187647, 0.980817, 0.347989, -0.92966, -0.367857, -0.020341, -0.003363, 0.0, 0.0, 0.0, 1.0]
            ]
        },
        {
            "name": "LeftArm",
            "time": [0.0, 0.3333, 0.5, 1.0, 1.2167, 1.8, 2.65],
            "transform": [
                [-0.364466, 0.900319, 0.237887, -0.0, 0.853347, 0.220644, 0.472352, 0.34013, 0.372779, 0.375156, -0.848702, 0.0, 0.0, 0.0, 0.0, 1.0],
                [-0.821986, -0.517445, 0.237887, -0.0, -0.367595, 0.801098, 0.472351, 0.34013, -0.434986, 0.30082, -0.848702, 0.0, 0.0, 0.0, 0.0, 1.0],
                [-0.972191, 0.233928, 0.011105, 0.0, 0.213287, 0.904, -0.370529, 0.34013, -0.096716, -0.357857, -0.928754, -0.0, 0.0, 0.0, 0.0, 1.0],
                [-0.943593, 0.321849, -0.077756, -0.0, 0.319577, 0.823828, -0.468165, 0.34013, -0.086621, -0.466606, -0.880213, -0.0, 0.0, 0.0, 0.0, 1.0],
                [-0.943593, 0.321849, -0.077756, -0.0, 0.319577, 0.823828, -0.468165, 0.34013, -0.086621, -0.466606, -0.880213, -0.0, 0.0, 0.0, 0.0, 1.0],
                [-0.943593, 0.321849, -0.077756, -0.0, 0.319577, 0.823828, -0.468165, 0.34013, -0.086621, -0.466606, -0.880213, -0.0, 0.0, 0.0, 0.0, 1.0],
                [-0.206164, 0.162019, -0.965011, 0.0, 0.915177, 0.380979, -0.131554, 0.34013, 0.346335, -0.910277, -0.22682, 0.0, 0.0, 0.0, 0.0, 1.0]
            ]
        },
        {
            "name": "LeftLowerArm",
            "time": [0.0, 0.3333, 0.5, 1.0, 1.2167, 1.8, 2.65],
            "transform": [
                [0.374538, -0.907972, 0.187908, 0.0, 0.900928, 0.40428, 0.157755, 0.312152, -0.219204, 0.110206, 0.969435, 0.0, 0.0, 0.0, 0.0, 1.0],
                [0.472755, -0.860926, 0.187908, -0.0, 0.850633, 0.501535, 0.157755, 0.312152, -0.230058, 0.085261, 0.969435, 0.0, 0.0, 0.0, 0.0, 1.0],
                [0.835159, -0.516914, 0.187908, -0.0, 0.493793, 0.85515, 0.157755, 0.312152, -0.242235, -0.038963, 0.969435, 0.0, 0.0, 0.0, 0.0, 1.0],
                [0.874542, -0.447065, 0.187908, -0.0, 0.422391, 0.89258, 0.157755, 0.312152, -0.238249, -0.058593, 0.969435, -0.0, 0.0, 0.0, 0.0, 1.0],
                [0.874542, -0.447065, 0.187908, -0.0, 0.422391, 0.89258, 0.157755, 0.312152, -0.238249, -0.058593, 0.969435, -0.0, 0.0, 0.0, 0.0, 1.0],
                [0.874542, -0.447066, 0.187908, 0.0, 0.422391, 0.89258, 0.157755, 0.312152, -0.238249, -0.058593, 0.969435, 0.0, 0.0, 0.0, 0.0, 1.0],
                [0.999992, 5.2e-05, 0.004118, 0.0, -0.001439, 0.941276, 0.337634, 0.312152, -0.003859, -0.337637, 0.941268, 0.0, 0.0, 0.0, 0.0, 1.0]
            ]
        },
        {
            "name": "RightShoulder",
            "time": [0.0, 0.3333, 0.4167, 0.5, 1.0, 1.1167, 1.2167, 1.8, 2.65],
            "transform": [
                [-0.258215, 0.878947, 0.400971, 0.095562, -0.285669, -0.465953, 0.837426, 0.352916, 0.922886, 0.101691, 0.371404, 0.00204, 0.0, 0.0, 0.0, 1.0],
                [-0.730193, 0.553209, 0.400971, 0.095562, 0.047333, -0.544498, 0.837426, 0.352916, 0.681599, 0.630462, 0.371404, 0.00204, 0.0, 0.0, 0.0, 1.0],
                [-0.1225, 0.907864, 0.400971, 0.095562, -0.352767, -0.417461, 0.837426, 0.352916, 0.927658, -0.038865, 0.371404, 0.00204, 0.0, 0.0, 0.0, 1.0],
                [-0.093814, 0.911275, 0.400971, 0.095562, -0.365755, -0.406131, 0.837426, 0.352916, 0.925971, -0.068095, 0.371404, 0.00204, 0.0, 0.0, 0.0, 1.0],
                [0.023277, 0.915795, 0.400971, 0.095562, -0.414605, -0.356119, 0.837426, 0.352916, 0.909704, -0.185738, 0.371404, 0.00204, 0.0, 0.0, 0.0, 1.0],
                [0.384501, 0.831494, 0.400971, 0.095562, -0.521827, -0.162528, 0.837426, 0.352916, 0.761483, -0.531228, 0.371404, 0.00204, 0.0, 0.0, 0.0, 1.0],
                [0.023277, 0.915795, 0.400971, 0.095562, -0.414605, -0.35612, 0.837426, 0.352916, 0.909704, -0.185738, 0.371404, 0.00204, 0.0, 0.0, 0.0, 1.0],
                [0.023277, 0.915795, 0.400971, 0.095562, -0.414605, -0.35612, 0.837426, 0.352916, 0.909704, -0.185738, 0.371404, 0.00204, 0.0, 0.0, 0.0, 1.0],
                [-0.258216, 0.878947, 0.400971, 0.095562, -0.285669, -0.465953, 0.837426, 0.352916, 0.922886, 0.101691, 0.371404, 0.00204, 0.0, 0.0, 0.0, 1.0]
            ]
        },
        {
            "name": "RightArm",
            "time": [0.0, 0.3333, 0.4167, 0.5, 1.0, 1.1167, 1.2167, 1.8, 2.65],
            "transform": [
                [0.876907, -0.195562, 0.439078, 0.0, -0.045473, 0.875639, 0.48082, 0.293782, -0.478504, -0.441601, 0.758961, -0.0, 0.0, 0.0, 0.0, 1.0],
                [0.250861, 0.786349, 0.564557, 0.0, 0.148792, 0.544953, -0.825159, 0.293782, -0.956519, 0.291002, 0.019705, 0.0, 0.0, 0.0, 0.0, 1.0],
                [0.159522, -0.144484, 0.976564, -0.0, 0.461527, 0.885382, 0.055603, 0.293782, -0.872666, 0.44184, 0.207921, 0.0, 0.0, 0.0, 0.0, 1.0],
                [-0.448374, -0.825935, 0.341748, 0.0, -0.691093, 0.562807, 0.453475, 0.293782, -0.566879, -0.032853, -0.823145, -0.0, 0.0, 0.0, 0.0, 1.0],
                [-0.720724, -0.396262, 0.5688, -0.0, -0.310679, 0.918137, 0.245972, 0.293782, -0.619705, 0.000563, -0.784834, -0.0, 0.0, 0.0, 0.0, 1.0],
                [-0.81842, 0.191614, 0.54173, 0.0, 0.084864, 0.972731, -0.215853, 0.293782, -0.568318, -0.130685, -0.812364, -0.0, 0.0, 0.0, 0.0, 1.0],
                [-0.545396, -0.615015, 0.569473, -0.0, -0.601072, 0.760502, 0.245661, 0.293782, -0.58417, -0.208312, -0.784443, -0.0, 0.0, 0.0, 0.0, 1.0],
                [-0.061747, -0.820155, 0.5688, 0.0, -0.93877, 0.241264, 0.245972, 0.293782, -0.338966, -0.518784, -0.784834, 0.0, 0.0, 0.0, 0.0, 1.0],
                [0.02511, -0.317853, 0.947807, -0.0, -0.892775, 0.419464, 0.164322, 0.293782, -0.449802, -0.850305, -0.273238, -0.0, 0.0, 0.0, 0.0, 1.0]
            ]
        },
        {
            "name": "RightLowerArm",
            "time": [0.0, 0.3333, 0.4167, 0.5, 1.0, 1.1167, 1.2167, 1.8, 2.65],
            "transform": [
                [0.998152, -0.011978, 0.059568, 0.0, -0.027742, 0.782385, 0.622177, 0.320511, -0.054057, -0.62268, 0.780607, -0.0, 0.0, 0.0, 0.0, 1.0],
                [0.998152, -0.060352, 0.00703, 0.0, -0.027742, -0.349743, 0.936435, 0.320511, -0.054057, -0.9349, -0.350771, -0.0, 0.0, 0.0, 0.0, 1.0],
                [0.998152, -0.056755, 0.021694, 0.0, -0.027742, -0.108034, 0.99376, 0.320511, -0.054057, -0.992526, -0.109409, 0.0, 0.0, 0.0, 0.0, 1.0],
                [0.998152, 0.023273, 0.056126, -0.0, -0.027742, 0.996392, 0.080214, 0.320511, -0.054057, -0.081623, 0.995196, -0.0, 0.0, 0.0, 0.0, 1.0],
                [0.998152, 0.017124, 0.058297, -0.0, -0.027742, 0.982058, 0.186526, 0.320511, -0.054057, -0.187799, 0.980719, -0.0, 0.0, 0.0, 0.0, 1.0],
                [0.991926, -0.112629, 0.058297, -0.0, 0.100011, 0.977346, 0.186526, 0.320511, -0.077984, -0.17919, 0.980719, -0.0, 0.0, 0.0, 0.0, 1.0],
                [0.863834, 0.500393, 0.058297, 0.0, -0.501843, 0.844607, 0.186526, 0.320511, 0.044098, -0.190384, 0.980719, 0.0, 0.0, 0.0, 0.0, 1.0],
                [0.817235, 0.573349, 0.058297, -0.0, -0.573129, 0.797955, 0.186526, 0.320511, 0.060426, -0.185847, 0.980719, -0.0, 0.0, 0.0, 0.0, 1.0],
                [0.998152, 0.016618, 0.058443, 0.0, -0.027742, 0.980406, 0.195023, 0.320511, -0.054057, -0.196284, 0.979056, 0.0, 0.0, 0.0, 0.0, 1.0]
            ]
        },
        {
            "name": "Head",
            "time": [0.0, 0.3333, 0.4167, 0.5, 1.0, 1.2167, 1.8, 2.65],
            "transform": [
                [0.899394, 0.20554, 0.385801, 0.0, -0.115647, 0.962995, -0.243446, 0.325875, -0.421563, 0.174337, 0.889883, 0.0, 0.0, 0.0, 0.0, 1.0],
                [0.772649, 0.391571, 0.499685, -0.0, -0.244118, 0.909853, -0.33552, 0.325875, -0.58602, 0.137257, 0.798587, 0.0, 0.0, 0.0, 0.0, 1.0],
                [0.906418, 0.391571, 0.158359, 0.0, -0.355741, 0.909853, -0.213579, 0.325875, -0.227715, 0.137257, 0.964005, 0.0, 0.0, 0.0, 0.0, 1.0],
                [0.726841, 0.038848, -0.685706, 0.0, -0.084536, 0.995868, -0.033187, 0.325875, 0.681583, 0.082089, 0.727122, -0.0, 0.0, 0.0, 0.0, 1.0],
                [0.726841, 0.038848, -0.685706, 0.0, -0.084536, 0.995868, -0.033187, 0.325875, 0.681583, 0.082089, 0.727121, -0.0, 0.0, 0.0, 0.0, 1.0],
                [0.738763, 0.341628, -0.580964, -0.0, -0.353245, 0.930393, 0.097912, 0.325875, 0.573974, 0.132889, 0.808019, -0.0, 0.0, 0.0, 0.0, 1.0],
                [0.731415, 0.391571, -0.558305, 0.0, -0.398282, 0.909853, 0.116357, 0.325875, 0.553538, 0.137257, 0.821436, 0.0, 0.0, 0.0, 0.0, 1.0],
                [0.995079, -0.053581, -0.083353, 0.0, 0.045788, 0.994637, -0.092745, 0.325875, 0.087875, 0.088472, 0.992195, -0.0, 0.0, 0.0, 0.0, 1.0]
            ]
        },
        {
            "name": "RightLeg",
            "time": [0.0, 0.3333, 0.4167, 0.5, 1.0, 1.2167, 1.8, 2.65],
            "transform": [
                [-0.925335, 0.278033, -0.257787, 0.124009, -0.305786, -0.949232, 0.073848, -0.021387, -0.224166, 0.147163, 0.963372, -0.001198, 0.0, 0.0, 0.0, 1.0],
                [-0.745658, 0.664176, -0.053524, 0.124009, -0.624913, -0.724928, -0.289762, -0.021387, -0.231253, -0.182614, 0.955598, -0.001198, 0.0, 0.0, 0.0, 1.0],
                [-0.782427, -0.078677, 0.617753, 0.124009, -0.427918, -0.652766, -0.625125, -0.021387, 0.452431, -0.753459, 0.477074, -0.001198, 0.0, 0.0, 0.0, 1.0],
                [-0.916331, 0.386279, -0.105479, 0.124009, -0.092784, -0.46108, -0.882494, -0.021387, -0.389522, -0.798867, 0.458343, -0.001198, 0.0, 0.0, 0.0, 1.0],
                [-0.927681, 0.345596, -0.141323, 0.124009, -0.008406, -0.397736, -0.917461, -0.021387, -0.373279, -0.84992, 0.371878, -0.001198, 0.0, 0.0, 0.0, 1.0],
                [-0.796531, 0.591576, -0.124804, 0.124009, -0.524016, -0.778464, -0.345544, -0.021387, -0.30157, -0.209835, 0.930064, -0.001198, 0.0, 0.0, 0.0, 1.0],
                [-0.770045, 0.590186, -0.242303, 0.124009, -0.56892, -0.807103, -0.157844, -0.021387, -0.288719, 0.016306, 0.957272, -0.001198, 0.0, 0.0, 0.0, 1.0],
                [-0.979083, 0.192197, -0.066759, 0.124009, -0.191345, -0.981339, -0.018987, -0.021387, -0.069162, -0.005814, 0.997585, -0.001198, 0.0, 0.0, 0.0, 1.0]
            ]
        },
        {
            "name": "RightFoot",
            "time": [0.0, 0.3333, 0.4167, 0.5, 1.0, 1.2167, 1.8, 2.65],
            "transform": [
                [0.998319, 0.056157, -0.014342, -0.0, -0.050045, 0.710367, -0.70205, 0.369915, -0.029237, 0.701588, 0.711983, 0.0, 0.0, 0.0, 0.0, 1.0],
                [0.998319, 0.055337, -0.017236, 0.0, -0.050045, 0.672996, -0.737952, 0.369915, -0.029237, 0.737574, 0.674633, 0.0, 0.0, 0.0, 0.0, 1.0],
                [0.998319, 0.023718, -0.052884, -0.0, -0.050045, -0.107516, -0.992943, 0.369915, -0.029237, 0.993921, -0.106148, 0.0, 0.0, 0.0, 0.0, 1.0],
                [0.998319, 0.055337, -0.017236, 0.0, -0.050045, 0.672996, -0.737952, 0.369915, -0.029237, 0.737574, 0.674634, -0.0, 0.0, 0.0, 0.0, 1.0],
                [0.998319, 0.055337, -0.017236, 0.0, -0.050045, 0.672996, -0.737952, 0.369915, -0.029237, 0.737574, 0.674633, 0.0, 0.0, 0.0, 0.0, 1.0],
                [0.998319, 0.057887, -0.0029, -0.0, -0.050045, 0.835675, -0.54694, 0.369915, -0.029237, 0.546165, 0.837167, -0.0, 0.0, 0.0, 0.0, 1.0],
                [0.998319, 0.057958, -0.000388, -0.0, -0.050045, 0.858597, -0.510202, 0.369915, -0.029237, 0.509364, 0.860054, -0.0, 0.0, 0.0, 0.0, 1.0],
                [0.998319, 0.057684, -0.005646, -0.0, -0.050045, 0.808758, -0.586008, 0.369915, -0.029237, 0.585305, 0.810286, 0.0, 0.0, 0.0, 0.0, 1.0]
            ]
        },
        {
            "name": "RightKnee",
            "time": [0.0, 0.3333, 0.4167, 0.5, 1.0, 1.2167, 1.8, 2.65],
            "transform": [
                [0.999907, -0.010759, 0.008368, -0.0, -0.006445, 0.167694, 0.985818, 0.369915, -0.012009, -0.98578, 0.167609, 0.0, 0.0, 0.0, 0.0, 1.0],
                [0.999907, -0.004201, 0.012965, 0.0, -0.006445, 0.692495, 0.721394, 0.369915, -0.012009, -0.721411, 0.692403, 0.0, 0.0, 0.0, 0.0, 1.0],
                [0.999907, 0.006405, 0.01203, -0.0, -0.006445, 0.999974, 0.003253, 0.369915, -0.012009, -0.00333, 0.999922, 0.0, 0.0, 0.0, 0.0, 1.0],
                [0.999907, -0.004201, 0.012965, 0.0, -0.006445, 0.692495, 0.721394, 0.369915, -0.012009, -0.721411, 0.692403, -0.0, 0.0, 0.0, 0.0, 1.0],
                [0.999907, -0.004201, 0.012965, 0.0, -0.006445, 0.692495, 0.721394, 0.369915, -0.012009, -0.721411, 0.692403, 0.0, 0.0, 0.0, 0.0, 1.0],
                [0.999907, -0.004201, 0.012965, -0.0, -0.006445, 0.692495, 0.721394, 0.369915, -0.012009, -0.721411, 0.692403, -0.0, 0.0, 0.0, 0.0, 1.0],
                [0.999907, -0.004201, 0.012966, -0.0, -0.006445, 0.692495, 0.721394, 0.369915, -0.012009, -0.721411, 0.692403, -0.0, 0.0, 0.0, 0.0, 1.0],
                [0.999907, -0.010759, 0.008368, -0.0, -0.006445, 0.167694, 0.985818, 0.369915, -0.012009, -0.98578, 0.167609, 0.0, 0.0, 0.0, 0.0, 1.0]
            ]
        },
        {
            "name": "LeftLeg",
            "time": [0.0, 0.3333, 0.4167, 0.5, 1.0, 1.2167, 1.8, 2.65],
            "transform": [
                [-0.831495, -0.519128, 0.197793, -0.152517, -0.065319, -0.262213, -0.962797, -0.056564, 0.551677, -0.813479, 0.184119, -0.00768, 0.0, 0.0, 0.0, 1.0],
                [-0.514083, -0.823518, 0.239869, -0.152517, 0.046136, -0.305796, -0.950979, -0.056564, 0.856497, -0.477814, 0.195196, -0.00768, 0.0, 0.0, 0.0, 1.0],
                [-0.828332, -0.158308, 0.537406, -0.152517, 0.10652, -0.986251, -0.126344, -0.056564, 0.550017, -0.047412, 0.833804, -0.00768, 0.0, 0.0, 0.0, 1.0],
                [-0.936278, -0.248644, 0.248114, -0.152517, 0.350551, -0.706283, 0.615043, -0.056564, 0.022312, 0.662826, 0.748439, -0.00768, 0.0, 0.0, 0.0, 1.0],
                [-0.966466, -0.211119, 0.146191, -0.152517, 0.243305, -0.570753, 0.784247, -0.056564, -0.08213, 0.793515, 0.602979, -0.00768, 0.0, 0.0, 0.0, 1.0],
                [-0.596746, -0.786474, 0.159226, -0.152517, 0.756759, -0.617579, -0.21427, -0.056564, 0.266853, -0.007369, 0.963707, -0.00768, 0.0, 0.0, 0.0, 1.0],
                [-0.522344, -0.847997, 0.089764, -0.152517, 0.769664, -0.514158, -0.378495, -0.056564, 0.367116, -0.128617, 0.921238, -0.00768, 0.0, 0.0, 0.0, 1.0],
                [-0.998197, -0.054508, -0.025118, -0.152517, 0.05599, -0.695014, -0.716813, -0.056564, 0.021615, -0.716926, 0.696811, -0.00768, 0.0, 0.0, 0.0, 1.0]
            ]
        },
        {
            "name": "LeftFoot",
            "time": [0.0, 0.3333, 0.4167, 0.5, 1.0, 1.2167, 1.8, 2.65],
            "transform": [
                [0.999874, 0.015573, 0.003226, 0.0, -0.006445, 0.58225, -0.812984, 0.370083, -0.014539, 0.812861, 0.582277, 0.0, 0.0, 0.0, 0.0, 1.0],
                [0.999874, 0.014449, -0.006646, -0.0, -0.006446, -0.013866, -0.999883, 0.370083, -0.014539, 0.9998, -0.013772, 0.0, 0.0, 0.0, 0.0, 1.0],
                [0.999874, 0.011374, 0.011116, 0.0, -0.006445, 0.928767, -0.370608, 0.370083, -0.014539, 0.37049, 0.928723, 0.0, 0.0, 0.0, 0.0, 1.0],
                [0.999874, 0.010911, 0.011571, -0.0, -0.006446, 0.943152, -0.3323, 0.370083, -0.014539, 0.332183, 0.943103, 0.0, 0.0, 0.0, 0.0, 1.0],
                [0.999874, 0.008562, 0.013402, 0.0, -0.006446, 0.988568, -0.150639, 0.370083, -0.014539, 0.150533, 0.988498, 0.0, 0.0, 0.0, 0.0, 1.0],
                [0.999874, 0.014767, 0.005903, 0.0, -0.006445, 0.715625, -0.698455, 0.370083, -0.014539, 0.698328, 0.71563, -0.0, 0.0, 0.0, 0.0, 1.0],
                [0.999874, 0.015308, 0.004313, -0.0, -0.006446, 0.637955, -0.770047, 0.370083, -0.014539, 0.769922, 0.637972, 0.0, 0.0, 0.0, 0.0, 1.0],
                [0.999874, 0.013952, 0.007632, 0.0, -0.006445, 0.794213, -0.607606, 0.370083, -0.014539, 0.60748, 0.794202, 0.0, 0.0, 0.0, 0.0, 1.0]
            ]
        },
        {
            "name": "LeftKnee",
            "time": [0.0, 0.3333, 0.5, 1.0, 1.2167, 1.8, 2.65],
            "transform": [
                [-0.999873, -0.00341, -0.015534, 0.0, 0.006445, 0.806057, -0.591803, 0.370083, 0.01454, -0.591828, -0.805933, 0.0, 0.0, 0.0, 0.0, 1.0],
                [-0.999873, -0.00341, -0.015534, 0.001092, 0.006445, 0.806057, -0.591803, 0.46585, 0.01454, -0.591828, -0.805933, 0.032626, 0.0, 0.0, 0.0, 1.0],
                [-0.999873, -0.011075, -0.011414, 0.001092, 0.006445, 0.373951, -0.927426, 0.46585, 0.01454, -0.927382, -0.373832, 0.032626, 0.0, 0.0, 0.0, 1.0],
                [-0.999873, -0.012034, -0.010399, 0.001092, 0.006445, 0.291157, -0.956654, 0.46585, 0.01454, -0.9566, -0.291042, 0.032626, 0.0, 0.0, 0.0, 1.0],
                [-0.999873, -0.012034, -0.010399, 0.001092, 0.006445, 0.291157, -0.956654, 0.46585, 0.01454, -0.9566, -0.291042, 0.032626, 0.0, 0.0, 0.0, 1.0],
                [-0.999873, -0.012034, -0.010399, 0.001092, 0.006445, 0.291157, -0.956654, 0.46585, 0.01454, -0.9566, -0.291042, 0.032626, 0.0, 0.0, 0.0, 1.0],
                [-0.999873, -0.007352, -0.014103, 0.0, 0.006445, 0.623359, -0.781909, 0.370083, 0.01454, -0.781901, -0.623233, 0.0, 0.0, 0.0, 0.0, 1.0]
            ]
        }
    ]
}