{
    "animation": [
        {
            "name": "Root",
            "time": [0.0, 2.2, 4.5333],
            "transform": [
                [0.999432, -0.003881, -0.033472, -0.005753, -0.032907, 0.101344, -0.994307, -0.047813, 0.007251, 0.994844, 0.101158, 0.637081, 0.0, 0.0, 0.0, 1.0],
                [0.999432, -0.003881, -0.033472, -0.005753, -0.032907, 0.101344, -0.994307, -0.047813, 0.007251, 0.994844, 0.101158, 0.637081, 0.0, 0.0, 0.0, 1.0],
                [0.999432, -0.003881, -0.033472, -0.005753, -0.032907, 0.101344, -0.994307, -0.047813, 0.007251, 0.994844, 0.101158, 0.637081, 0.0, 0.0, 0.0, 1.0]
            ]
        },
        {
            "name": "Torso",
            "time": [0.0, 4.5333],
            "transform": [
                [0.999418, 0.012176, -0.031872, 0.0, -0.015153, 0.995369, -0.094924, 0.083555, 0.030569, 0.095351, 0.994974, 0.0, 0.0, 0.0, 0.0, 1.0],
                [0.999418, 0.012176, -0.031872, 0.0, -0.015153, 0.995369, -0.094924, 0.083555, 0.030569, 0.095351, 0.994974, 0.0, 0.0, 0.0, 0.0, 1.0]
            ]
        },
        {
            "name": "Chest",
            "time": [0.0, 2.2, 2.9833, 3.0667, 3.15, 3.4167, 4.5333],
            "transform": [
                [0.997739, -0.046021, 0.048981, -0.0, 0.030596, 0.959906, 0.278646, 0.314859, -0.059841, -0.276517, 0.959144, 0.0, 0.0, 0.0, 0.0, 1.0],
                [0.997739, -0.050512, 0.044335, -0.0, 0.030596, 0.928706, 0.369553, 0.314859, -0.059841, -0.367361, 0.928151, 0.0, 0.0, 0.0, 0.0, 1.0],
                [0.997739, -0.051681, 0.042967, -0.0, 0.030596, 0.91848, 0.394283, 0.314859, -0.059841, -0.392076, 0.917984, 0.0, 0.0, 0.0, 0.0, 1.0],
                [0.982736, -0.176829, 0.054415, -0.0, 0.166643, 0.973782, 0.154852, 0.314859, -0.08037, -0.143111, 0.986438, 0.0, 0.0, 0.0, 0.0, 1.0],
                [0.997739, -0.051681, 0.042967, -0.0, 0.030596, 0.91848, 0.394283, 0.314859, -0.059841, -0.392076, 0.917984, 0.0, 0.0, 0.0, 0.0, 1.0],
                [0.997739, -0.051886, 0.042719, -0.0, 0.030596, 0.916582, 0.398675, 0.314859, -0.059841, -0.396467, 0.916097, 0.0, 0.0, 0.0, 0.0, 1.0],
                [0.997739, -0.046021, 0.048981, -0.0, 0.030596, 0.959906, 0.278646, 0.314859, -0.059841, -0.276517, 0.959144, 0.0, 0.0, 0.0, 0.0, 1.0]
            ]
        },
        {
            "name": "LeftShoulder",
            "time": [0.0, 4.5333],
            "transform": [
                [0.364617, -0.910752, -0.193867, -0.093367, 0.05279, -0.187647, 0.980817, 0.347989, -0.92966, -0.367857, -0.020341, -0.003363, 0.0, 0.0, 0.0, 1.0],
                [0.364617, -0.910752, -0.193867, -0.093367, 0.05279, -0.187647, 0.980817, 0.347989, -0.92966, -0.367857, -0.020341, -0.003363, 0.0, 0.0, 0.0, 1.0]
            ]
        },
        {
            "name": "LeftArm",
            "time": [0.0, 2.2, 4.5333],
            "transform": [
                [-0.206164, 0.162019, -0.965011, 0.0, 0.915177, 0.380979, -0.131554, 0.34013, 0.346335, -0.910277, -0.22682, 0.0, 0.0, 0.0, 0.0, 1.0],
                [-0.206164, 0.072076, -0.975859, 0.0, 0.915177, 0.36718, -0.166225, 0.34013, 0.346335, -0.927353, -0.141662, 0.0, 0.0, 0.0, 0.0, 1.0],
                [-0.206164, 0.162019, -0.965011, 0.0, 0.915177, 0.380979, -0.131554, 0.34013, 0.346335, -0.910277, -0.22682, 0.0, 0.0, 0.0, 0.0, 1.0]
            ]
        },
        {
            "name": "LeftLowerArm",
            "time": [0.0, 2.2, 4.5333],
            "transform": [
                [0.999992, 5.2e-05, 0.004118, 0.0, -0.001439, 0.941276, 0.337634, 0.312152, -0.003859, -0.337637, 0.941268, 0.0, 0.0, 0.0, 0.0, 1.0],
                [0.999991, -0.000361, 0.004103, -0.0, -0.001439, 0.902744, 0.430176, 0.312152, -0.003859, -0.430179, 0.902736, 0.0, 0.0, 0.0, 0.0, 1.0],
                [0.999992, 5.2e-05, 0.004118, 0.0, -0.001439, 0.941276, 0.337634, 0.312152, -0.003859, -0.337637, 0.941268, 0.0, 0.0, 0.0, 0.0, 1.0]
            ]
        },
        {
            "name": "RightShoulder",
            "time": [0.0, 4.5333],
            "transform": [
                [-0.258216, 0.878947, 0.400971, 0.095562, -0.285669, -0.465953, 0.837426, 0.352916, 0.922886, 0.101691, 0.371404, 0.00204, 0.0, 0.0, 0.0, 1.0],
                [-0.258216, 0.878947, 0.400971, 0.095562, -0.285669, -0.465953, 0.837426, 0.352916, 0.922886, 0.101691, 0.371404, 0.00204, 0.0, 0.0, 0.0, 1.0]
            ]
        },
        {
            "name": "RightArm",
            "time": [0.0, 2.2, 4.5333],
            "transform": [
                [0.02511, -0.317853, 0.947807, -0.0, -0.892775, 0.419464, 0.164322, 0.293782, -0.449802, -0.850305, -0.273238, -0.0, 0.0, 0.0, 0.0, 1.0],
                [-0.001154, -0.318841, 0.947807, 0.0, -0.855194, 0.49157, 0.164322, 0.293782, -0.518306, -0.81037, -0.273238, -0.0, 0.0, 0.0, 0.0, 1.0],
                [0.02511, -0.317853, 0.947807, -0.0, -0.892775, 0.419464, 0.164322, 0.293782, -0.449802, -0.850305, -0.273238, -0.0, 0.0, 0.0, 0.0, 1.0]
            ]
        },
        {
            "name": "RightLowerArm",
            "time": [0.0, 2.2, 4.5333],
            "transform": [
                [0.998152, 0.016618, 0.058443, 0.0, -0.027742, 0.980406, 0.195023, 0.320511, -0.054057, -0.196284, 0.979056, 0.0, 0.0, 0.0, 0.0, 1.0],
                [0.998152, 0.010361, 0.05987, 0.0, -0.027742, 0.954368, 0.297342, 0.320511, -0.054057, -0.298454, 0.952892, 0.0, 0.0, 0.0, 0.0, 1.0],
                [0.998152, 0.016618, 0.058443, 0.0, -0.027742, 0.980406, 0.195023, 0.320511, -0.054057, -0.196284, 0.979056, 0.0, 0.0, 0.0, 0.0, 1.0]
            ]
        },
        {
            "name": "Head",
            "time": [0.0, 2.2, 2.8833, 3.0, 3.1167, 3.2167, 4.5333],
            "transform": [
                [0.995079, -0.053581, -0.083353, 0.0, 0.045788, 0.994637, -0.092745, 0.325875, 0.087875, 0.088472, 0.992195, -0.0, 0.0, 0.0, 0.0, 1.0],
                [0.995079, -0.042957, -0.089293, 0.0, 0.045788, 0.998504, 0.029903, 0.325875, 0.087875, -0.033844, 0.995556, 0.0, 0.0, 0.0, 0.0, 1.0],
                [0.995079, -0.045012, -0.088275, -0.0, 0.045788, 0.998928, 0.006784, 0.325875, 0.087875, -0.010793, 0.996073, -0.0, 0.0, 0.0, 0.0, 1.0],
                [0.970864, -0.223169, -0.087287, 0.0, 0.222744, 0.974766, -0.014705, 0.325875, 0.088366, -0.005166, 0.996075, -0.0, 0.0, 0.0, 0.0, 1.0],
                [0.982575, 0.150579, -0.108957, 0.0, -0.142258, 0.986548, 0.080536, 0.325875, 0.119619, -0.063633, 0.990779, 0.0, 0.0, 0.0, 0.0, 1.0],
                [0.995079, -0.045012, -0.088275, 0.0, 0.045788, 0.998928, 0.006784, 0.325875, 0.087875, -0.010793, 0.996073, 0.0, 0.0, 0.0, 0.0, 1.0],
                [0.995079, -0.053581, -0.083353, 0.0, 0.045788, 0.994637, -0.092745, 0.325875, 0.087875, 0.088472, 0.992195, -0.0, 0.0, 0.0, 0.0, 1.0]
            ]
        },
        {
            "name": "RightLeg",
            "time": [0.0, 2.2, 4.5333],
            "transform": [
                [-0.979083, 0.192197, -0.066759, 0.124009, -0.191345, -0.981339, -0.018987, -0.021387, -0.069162, -0.005814, 0.997585, -0.001198, 0.0, 0.0, 0.0, 1.0],
                [-0.979083, 0.187625, -0.078697, 0.124009, -0.191345, -0.980594, 0.042682, -0.021387, -0.069162, 0.056849, 0.995981, -0.001198, 0.0, 0.0, 0.0, 1.0],
                [-0.979083, 0.192197, -0.066759, 0.124009, -0.191345, -0.981339, -0.018987, -0.021387, -0.069162, -0.005814, 0.997585, -0.001198, 0.0, 0.0, 0.0, 1.0]
            ]
        },
        {
            "name": "RightFoot",
            "time": [0.0, 2.2, 4.5333],
            "transform": [
                [0.998319, 0.057684, -0.005646, -0.0, -0.050045, 0.808758, -0.586008, 0.369915, -0.029237, 0.585305, 0.810286, 0.0, 0.0, 0.0, 0.0, 1.0],
                [0.99753, 0.070247, 0.000295, 0.0, -0.059195, 0.842828, -0.534918, 0.369915, -0.037825, 0.533579, 0.844904, -0.0, 0.0, 0.0, 0.0, 1.0],
                [0.998319, 0.057684, -0.005646, -0.0, -0.050045, 0.808758, -0.586008, 0.369915, -0.029237, 0.585305, 0.810286, 0.0, 0.0, 0.0, 0.0, 1.0]
            ]
        },
        {
            "name": "RightKnee",
            "time": [0.0, 2.2, 4.5333],
            "transform": [
                [0.999907, -0.010759, 0.008368, -0.0, -0.006445, 0.167694, 0.985818, 0.369915, -0.012009, -0.98578, 0.167609, 0.0, 0.0, 0.0, 0.0, 1.0],
                [0.999907, -0.010759, 0.008368, 0.0, -0.006445, 0.167694, 0.985818, 0.369915, -0.012009, -0.98578, 0.167609, -0.0, 0.0, 0.0, 0.0, 1.0],
                [0.999907, -0.010759, 0.008368, -0.0, -0.006445, 0.167694, 0.985818, 0.369915, -0.012009, -0.98578, 0.167609, 0.0, 0.0, 0.0, 0.0, 1.0]
            ]
        },
        {
            "name": "LeftLeg",
            "time": [0.0, 2.2, 4.5333],
            "transform": [
                [-0.998197, -0.054508, -0.025118, -0.152517, 0.05599, -0.695014, -0.716813, -0.056564, 0.021615, -0.716926, 0.696811, -0.00768, 0.0, 0.0, 0.0, 1.0],
                [-0.998197, -0.052509, -0.029067, -0.152517, 0.05599, -0.640289, -0.766091, -0.056564, 0.021615, -0.766336, 0.642072, -0.00768, 0.0, 0.0, 0.0, 1.0],
                [-0.998197, -0.054508, -0.025118, -0.152517, 0.05599, -0.695014, -0.716813, -0.056564, 0.021615, -0.716926, 0.696811, -0.00768, 0.0, 0.0, 0.0, 1.0]
            ]
        },
        {
            "name": "LeftFoot",
            "time": [0.0, 2.2, 4.5333],
            "transform": [
                [0.999874, 0.013952, 0.007632, 0.0, -0.006445, 0.794213, -0.607606, 0.370083, -0.014539, 0.60748, 0.794202, 0.0, 0.0, 0.0, 0.0, 1.0],
                [0.999874, 0.014936, 0.005462, -0.0, -0.006445, 0.694529, -0.719436, 0.370083, -0.014539, 0.719309, 0.694538, 0.0, 0.0, 0.0, 0.0, 1.0],
                [0.999874, 0.013952, 0.007632, 0.0, -0.006445, 0.794213, -0.607606, 0.370083, -0.014539, 0.60748, 0.794202, 0.0, 0.0, 0.0, 0.0, 1.0]
            ]
        },
        {
            "name": "LeftKnee",
            "time": [0.0, 2.2, 4.5333],
            "transform": [
                [-0.999873, -0.007352, -0.014103, 0.0, 0.006445, 0.623359, -0.781909, 0.370083, 0.01454, -0.781901, -0.623233, 0.0, 0.0, 0.0, 0.0, 1.0],
                [-0.999873, -0.007352, -0.014103, -0.0, 0.006445, 0.623359, -0.781909, 0.370083, 0.01454, -0.781901, -0.623233, 0.0, 0.0, 0.0, 0.0, 1.0],
                [-0.999873, -0.007352, -0.014103, 0.0, 0.006445, 0.623359, -0.781909, 0.370083, 0.01454, -0.781901, -0.623233, 0.0, 0.0, 0.0, 0.0, 1.0]
            ]
        }
    ]
}