{
    "animation": [
        {
            "name": "Root",
            "time": [0.0, 0.0833, 0.1833, 0.3, 0.4, 0.4833, 1.5, 2.5167, 2.8167],
            "transform": [
                [0.999432, -0.003881, -0.033472, -0.005753, -0.033636, -0.17393, -0.984183, -0.1155, -0.002003, 0.98475, -0.173962, 0.637081, 0.0, 0.0, 0.0, 1.0],
                [0.999432, -0.003881, -0.033472, -0.005753, -0.031504, -0.460005, -0.887357, -0.1155, -0.011954, 0.887908, -0.459866, 0.637081, 0.0, 0.0, 0.0, 1.0],
                [0.99944, -0.010815, -0.03166, -0.006144, -0.030287, -0.694496, -0.718859, -0.108981, -0.014214, 0.719416, -0.694434, 0.587259, 0.0, 0.0, 0.0, 1.0],
                [0.999432, -0.032788, -0.007769, -0.009059, -0.031504, -0.991048, 0.129739, -0.060293, -0.011954, -0.129421, -0.991518, 0.215162, 0.0, 0.0, 0.0, 1.0],
                [0.999432, -0.031848, -0.011005, -0.007579, -0.031504, -0.99905, 0.030108, -0.064343, -0.011954, -0.029744, -0.999486, 0.34962, 0.0, 0.0, 0.0, 1.0],
                [0.999432, -0.032788, -0.007769, -0.009059, -0.031504, -0.991048, 0.129739, -0.060293, -0.011954, -0.129421, -0.991518, 0.215162, 0.0, 0.0, 0.0, 1.0],
                [0.999432, -0.032788, -0.007769, -0.009059, -0.031504, -0.991048, 0.129739, -0.060293, -0.011954, -0.129421, -0.991518, 0.215162, 0.0, 0.0, 0.0, 1.0],
                [0.999432, -0.003881, -0.033472, -0.005753, -0.032907, 0.101344, -0.994307, -0.047813, 0.007251, 0.994844, 0.101158, 0.637081, 0.0, 0.0, 0.0, 1.0],
                [0.999432, -0.003881, -0.033472, -0.005753, -0.032907, 0.101344, -0.994307, -0.047813, 0.007251, 0.994844, 0.101158, 0.637081, 0.0, 0.0, 0.0, 1.0]
            ]
        },
        {
            "name": "Torso",
            "time": [0.0, 0.0833, 0.1833, 0.3, 0.4833, 1.0667, 1.5, 2.5167, 2.8167],
            "transform": [
                [0.999418, 0.012176, -0.031872, -0.0, -0.015153, 0.995369, -0.094924, 0.083555, 0.030569, 0.095351, 0.994974, -0.0, 0.0, 0.0, 0.0, 1.0],
                [0.999418, 0.005153, -0.033727, -0.0, -0.015153, 0.952721, -0.303468, 0.083555, 0.030569, 0.303803, 0.952244, 0.0, 0.0, 0.0, 0.0, 1.0],
                [0.999418, 0.006267, -0.033538, -0.0, -0.015153, 0.96225, -0.271746, 0.083555, 0.030569, 0.272096, 0.961784, 0.0, 0.0, 0.0, 0.0, 1.0],
                [0.999418, 0.014309, -0.030973, -0.0, -0.015153, 0.999515, -0.027191, 0.083555, 0.030569, 0.027645, 0.99915, -0.0, 0.0, 0.0, 0.0, 1.0],
                [0.999418, 0.014309, -0.030973, -0.0, -0.015153, 0.999515, -0.027191, 0.083555, 0.030569, 0.027645, 0.99915, -0.0, 0.0, 0.0, 0.0, 1.0],
                [0.999418, 0.019457, -0.028027, -0.0, -0.015153, 0.989122, 0.146315, 0.083555, 0.030569, -0.145805, 0.988841, -0.0, 0.0, 0.0, 0.0, 1.0],
                [0.999418, 0.014309, -0.030973, -0.0, -0.015153, 0.999515, -0.027191, 0.083555, 0.030569, 0.027645, 0.99915, -0.0, 0.0, 0.0, 0.0, 1.0],
                [0.999418, 0.012176, -0.031872, 0.0, -0.015153, 0.995369, -0.094924, 0.083555, 0.030569, 0.095351, 0.994974, 0.0, 0.0, 0.0, 0.0, 1.0],
                [0.999418, 0.012176, -0.031872, 0.0, -0.015153, 0.995369, -0.094924, 0.083555, 0.030569, 0.095351, 0.994974, 0.0, 0.0, 0.0, 0.0, 1.0]
            ]
        },
        {
            "name": "Chest",
            "time": [0.0, 0.0833, 0.1833, 0.3, 0.4, 0.4833, 1.0667, 1.5, 2.2167, 2.5167, 2.8167],
            "transform": [
                [0.997739, -0.053583, 0.04057, 0.0, 0.030596, 0.899584, 0.435676, 0.314859, -0.059841, -0.433449, 0.899189, 0.0, 0.0, 0.0, 0.0, 1.0],
                [0.997739, -0.060861, 0.028514, 0.0, 0.030596, 0.789047, 0.61357, 0.314859, -0.059841, -0.61131, 0.789125, -0.0, 0.0, 0.0, 0.0, 1.0],
                [0.997739, -0.060861, 0.028514, 0.0, 0.030596, 0.789047, 0.61357, 0.314859, -0.059841, -0.61131, 0.789125, 0.0, 0.0, 0.0, 0.0, 1.0],
                [0.997739, -0.060861, 0.028514, -0.0, 0.030596, 0.789047, 0.61357, 0.314859, -0.059841, -0.611311, 0.789125, -0.0, 0.0, 0.0, 0.0, 1.0],
                [0.997739, -0.021323, 0.063737, 0.0, 0.030596, 0.988475, -0.14826, 0.314859, -0.059841, 0.149875, 0.986892, -0.0, 0.0, 0.0, 0.0, 1.0],
                [0.997739, -0.039722, 0.054215, -0.0, 0.030596, 0.98667, 0.159833, 0.314859, -0.059841, -0.157813, 0.985654, -0.0, 0.0, 0.0, 0.0, 1.0],
                [0.997739, -0.023442, 0.062988, -0.0, 0.030596, 0.992879, -0.115131, 0.314859, -0.059841, 0.116797, 0.991351, 0.0, 0.0, 0.0, 0.0, 1.0],
                [0.997739, -0.039722, 0.054215, -0.0, 0.030596, 0.98667, 0.159833, 0.314859, -0.059841, -0.157813, 0.985654, -0.0, 0.0, 0.0, 0.0, 1.0],
                [0.997739, 0.001324, 0.067196, 0.0, 0.030596, 0.881249, -0.471661, 0.314859, -0.059841, 0.47265, 0.879216, -0.0, 0.0, 0.0, 0.0, 1.0],
                [0.997739, -0.055813, 0.037442, -0.0, 0.030596, 0.873223, 0.486359, 0.314859, -0.059841, -0.484114, 0.872956, 0.0, 0.0, 0.0, 0.0, 1.0],
                [0.997739, -0.046021, 0.048981, -0.0, 0.030596, 0.959906, 0.278646, 0.314859, -0.059841, -0.276517, 0.959144, 0.0, 0.0, 0.0, 0.0, 1.0]
            ]
        },
        {
            "name": "LeftShoulder",
            "time": [0.0, 0.4833, 1.5, 2.2167, 2.5167, 2.8167],
            "transform": [
                [0.018324, -0.980857, -0.193867, -0.093367, -0.017111, -0.194179, 0.980817, 0.347989, -0.999686, -0.014655, -0.020341, -0.003363, 0.0, 0.0, 0.0, 1.0],
                [0.018324, -0.980857, -0.193867, -0.093367, -0.017111, -0.194179, 0.980817, 0.347989, -0.999686, -0.014655, -0.020341, -0.003363, 0.0, 0.0, 0.0, 1.0],
                [0.018324, -0.980857, -0.193867, -0.093367, -0.017111, -0.194179, 0.980817, 0.347989, -0.999686, -0.014655, -0.020341, -0.003363, 0.0, 0.0, 0.0, 1.0],
                [0.018324, -0.980857, -0.193867, -0.093367, -0.017111, -0.194179, 0.980817, 0.347989, -0.999686, -0.014655, -0.020341, -0.003363, 0.0, 0.0, 0.0, 1.0],
                [0.018324, -0.980857, -0.193867, -0.093367, -0.017111, -0.194179, 0.980817, 0.347989, -0.999686, -0.014655, -0.020341, -0.003363, 0.0, 0.0, 0.0, 1.0],
                [0.018324, -0.980857, -0.193867, -0.093367, -0.017111, -0.194179, 0.980817, 0.347989, -0.999686, -0.014655, -0.020341, -0.003363, 0.0, 0.0, 0.0, 1.0]
            ]
        },
        {
            "name": "LeftArm",
            "time": [0.0, 0.0833, 0.1833, 0.3, 0.4, 0.4833, 1.0667, 1.5, 2.2167, 2.5167, 2.8167],
            "transform": [
                [0.600809, 0.631528, -0.490104, 0.0, 0.294847, 0.3948, 0.870171, 0.34013, 0.74303, -0.667312, 0.050995, 0.0, 0.0, 0.0, 0.0, 1.0],
                [0.214114, 0.973108, 0.084954, -0.0, 0.39726, -0.166202, 0.90253, 0.34013, 0.892379, -0.159496, -0.422163, 0.0, 0.0, 0.0, 0.0, 1.0],
                [0.086355, 0.98681, -0.136929, -0.0, 0.406442, 0.090589, 0.909175, 0.34013, 0.909587, -0.134165, -0.393258, 0.0, 0.0, 0.0, 0.0, 1.0],
                [0.14909, -0.155119, -0.976581, 0.0, -0.222445, 0.957043, -0.185975, 0.34013, 0.963478, 0.244962, 0.10818, -0.0, 0.0, 0.0, 0.0, 1.0],
                [0.14909, -0.44296, -0.884058, -0.0, -0.222445, 0.85611, -0.46647, 0.34013, 0.963478, 0.2662, 0.029103, -0.0, 0.0, 0.0, 0.0, 1.0],
                [0.14909, -0.027319, -0.988446, 0.0, -0.222445, 0.97307, -0.060446, 0.34013, 0.963478, 0.228887, 0.138998, -0.0, 0.0, 0.0, 0.0, 1.0],
                [0.146284, -0.106465, -0.983497, 0.0, -0.140303, 0.981909, -0.127162, 0.34013, 0.979243, 0.156589, 0.1287, -0.0, 0.0, 0.0, 0.0, 1.0],
                [0.14909, -0.027319, -0.988446, 0.0, -0.222445, 0.97307, -0.060446, 0.34013, 0.963478, 0.228887, 0.138998, -0.0, 0.0, 0.0, 0.0, 1.0],
                [-0.102466, -0.963688, -0.246588, -0.0, 0.435174, 0.179485, -0.882275, 0.34013, 0.894497, -0.197711, 0.400981, -0.0, 0.0, 0.0, 0.0, 1.0],
                [-0.206164, 0.458121, -0.864651, 0.0, 0.915177, 0.403026, -0.004675, 0.34013, 0.346335, -0.792272, -0.502351, -0.0, 0.0, 0.0, 0.0, 1.0],
                [-0.206164, 0.162019, -0.965011, 0.0, 0.915177, 0.380979, -0.131554, 0.34013, 0.346335, -0.910277, -0.22682, -0.0, 0.0, 0.0, 0.0, 1.0]
            ]
        },
        {
            "name": "LeftLowerArm",
            "time": [0.0, 0.0833, 0.1833, 0.3, 0.4833, 1.5, 2.5167, 2.8167],
            "transform": [
                [0.999992, -0.00037, 0.004102, -0.0, -0.001439, 0.901745, 0.432267, 0.312152, -0.003859, -0.432269, 0.901736, -0.0, 0.0, 0.0, 0.0, 1.0],
                [0.904371, -0.426728, 0.004102, 0.0, 0.383199, 0.816275, 0.432267, 0.312152, -0.187809, -0.389357, 0.901736, -0.0, 0.0, 0.0, 0.0, 1.0],
                [0.904371, -0.426728, 0.004102, 0.0, 0.383199, 0.816275, 0.432267, 0.312152, -0.187809, -0.389357, 0.901736, -0.0, 0.0, 0.0, 0.0, 1.0],
                [0.904371, -0.426728, 0.004102, 0.0, 0.383199, 0.816275, 0.432267, 0.312152, -0.187809, -0.389357, 0.901736, -0.0, 0.0, 0.0, 0.0, 1.0],
                [0.904371, -0.390474, 0.172174, 0.0, 0.383199, 0.920612, 0.075046, 0.312152, -0.187809, -0.001893, 0.982204, -0.0, 0.0, 0.0, 0.0, 1.0],
                [0.904371, -0.390474, 0.172174, 0.0, 0.383199, 0.920612, 0.075046, 0.312152, -0.187809, -0.001893, 0.982204, -0.0, 0.0, 0.0, 0.0, 1.0],
                [0.999992, 5.2e-05, 0.004118, -0.0, -0.001439, 0.941276, 0.337634, 0.312152, -0.003859, -0.337637, 0.941268, -0.0, 0.0, 0.0, 0.0, 1.0],
                [0.999992, 5.2e-05, 0.004118, 0.0, -0.001439, 0.941276, 0.337634, 0.312152, -0.003859, -0.337637, 0.941268, 0.0, 0.0, 0.0, 0.0, 1.0]
            ]
        },
        {
            "name": "RightShoulder",
            "time": [0.0, 0.4833, 1.5, 2.2167, 2.5167, 2.8167],
            "transform": [
                [-0.038206, 0.944895, 0.325137, 0.095562, -0.001055, -0.325413, 0.945571, 0.352916, 0.999269, 0.035784, 0.01343, 0.00204, 0.0, 0.0, 0.0, 1.0],
                [-0.038206, 0.944895, 0.325137, 0.095562, -0.001055, -0.325413, 0.945571, 0.352916, 0.999269, 0.035784, 0.01343, 0.00204, 0.0, 0.0, 0.0, 1.0],
                [-0.038206, 0.944895, 0.325137, 0.095562, -0.001055, -0.325413, 0.945571, 0.352916, 0.999269, 0.035784, 0.01343, 0.00204, 0.0, 0.0, 0.0, 1.0],
                [-0.038206, 0.944895, 0.325137, 0.095562, -0.001055, -0.325413, 0.945571, 0.352916, 0.999269, 0.035784, 0.01343, 0.00204, 0.0, 0.0, 0.0, 1.0],
                [-0.038206, 0.944895, 0.325137, 0.095562, -0.001055, -0.325413, 0.945571, 0.352916, 0.99927, 0.035784, 0.013429, 0.00204, 0.0, 0.0, 0.0, 1.0],
                [-0.038206, 0.944895, 0.325137, 0.095562, -0.001055, -0.325413, 0.945572, 0.352916, 0.999269, 0.035784, 0.01343, 0.00204, 0.0, 0.0, 0.0, 1.0]
            ]
        },
        {
            "name": "RightArm",
            "time": [0.0, 0.0833, 0.1833, 0.3, 0.4, 0.4833, 1.0667, 1.5, 2.2167, 2.5167, 2.8167],
            "transform": [
                [0.02511, -0.317853, 0.947807, -0.0, -0.892775, 0.419464, 0.164322, 0.293782, -0.449802, -0.850305, -0.273238, 0.0, 0.0, 0.0, 0.0, 1.0],
                [0.312795, -0.723347, 0.615572, -0.0, -0.082926, 0.62482, 0.776352, 0.293782, -0.946194, -0.293886, 0.135456, 0.0, 0.0, 0.0, 0.0, 1.0],
                [0.273453, -0.653219, 0.706066, 0.0, -0.017804, 0.73048, 0.682701, 0.293782, -0.96172, -0.199257, 0.188123, -0.0, 0.0, 0.0, 0.0, 1.0],
                [0.312795, 0.119568, 0.942265, -0.0, -0.082926, 0.991694, -0.098313, 0.293782, -0.946194, -0.047386, 0.320112, 0.0, 0.0, 0.0, 0.0, 1.0],
                [0.312794, 0.262821, 0.912735, -0.0, -0.082926, 0.964842, -0.249407, 0.293782, -0.946194, 0.002324, 0.323592, 0.0, 0.0, 0.0, 0.0, 1.0],
                [0.312795, -0.058604, 0.948011, 0.0, -0.082926, 0.992598, 0.088722, 0.293782, -0.946194, -0.106366, 0.30562, 0.0, 0.0, 0.0, 0.0, 1.0],
                [0.312795, 0.051415, 0.948428, 0.0, -0.082926, 0.996199, -0.026655, 0.293782, -0.946194, -0.070312, 0.315869, -0.0, 0.0, 0.0, 0.0, 1.0],
                [0.312795, -0.058604, 0.948011, 0.0, -0.082926, 0.992598, 0.088722, 0.293782, -0.946194, -0.106366, 0.30562, 0.0, 0.0, 0.0, 0.0, 1.0],
                [0.115865, 0.952391, -0.282006, 0.0, -0.866005, -0.042179, -0.498253, 0.293782, -0.486426, 0.301948, 0.819888, -0.0, 0.0, 0.0, 0.0, 1.0],
                [0.02511, -0.569835, 0.821375, 0.0, -0.892775, 0.356906, 0.2749, 0.293782, -0.449802, -0.740207, -0.499772, 0.0, 0.0, 0.0, 0.0, 1.0],
                [0.02511, -0.317853, 0.947807, -0.0, -0.892775, 0.419464, 0.164322, 0.293782, -0.449802, -0.850305, -0.273238, 0.0, 0.0, 0.0, 0.0, 1.0]
            ]
        },
        {
            "name": "RightLowerArm",
            "time": [0.0, 0.0833, 0.1833, 0.3, 0.4833, 1.5, 2.5167, 2.8167],
            "transform": [
                [0.998152, 0.016618, 0.058443, 0.0, -0.027742, 0.980406, 0.195023, 0.320511, -0.054057, -0.196284, 0.979056, 0.0, 0.0, 0.0, 0.0, 1.0],
                [0.998152, -0.060746, 0.001334, -0.0, -0.027742, -0.436089, 0.899476, 0.320511, -0.054057, -0.897851, -0.436968, 0.0, 0.0, 0.0, 0.0, 1.0],
                [0.998152, -0.058976, 0.014617, -0.0, -0.027742, -0.228318, 0.973191, 0.320511, -0.054057, -0.971799, -0.229532, 0.0, 0.0, 0.0, 0.0, 1.0],
                [0.998152, 0.034683, 0.049889, 0.0, -0.027742, 0.99064, -0.133654, 0.320511, -0.054057, 0.132023, 0.989771, 0.0, 0.0, 0.0, 0.0, 1.0],
                [0.998152, 0.034683, 0.049889, 0.0, -0.027742, 0.99064, -0.133654, 0.320511, -0.054057, 0.132023, 0.989772, 0.0, 0.0, 0.0, 0.0, 1.0],
                [0.998152, 0.034683, 0.049889, 0.0, -0.027742, 0.99064, -0.133654, 0.320511, -0.054057, 0.132023, 0.989772, 0.0, 0.0, 0.0, 0.0, 1.0],
                [0.998152, 0.016618, 0.058443, 0.0, -0.027742, 0.980406, 0.195023, 0.320511, -0.054057, -0.196284, 0.979056, 0.0, 0.0, 0.0, 0.0, 1.0],
                [0.998152, 0.016618, 0.058443, 0.0, -0.027742, 0.980406, 0.195023, 0.320511, -0.054057, -0.196284, 0.979056, 0.0, 0.0, 0.0, 0.0, 1.0]
            ]
        },
        {
            "name": "Head",
            "time": [0.0, 0.0833, 0.1833, 0.3, 0.4833, 1.5, 2.5167, 2.8167],
            "transform": [
                [0.995079, -0.037064, -0.091896, 0.0, 0.045788, 0.994451, 0.094718, 0.325875, 0.087875, -0.098459, 0.991254, 0.0, 0.0, 0.0, 0.0, 1.0],
                [0.995079, -0.037064, -0.091896, 0.0, 0.045788, 0.994451, 0.094718, 0.325875, 0.087875, -0.098459, 0.991254, -0.0, 0.0, 0.0, 0.0, 1.0],
                [0.995079, -0.037064, -0.091896, 0.0, 0.045788, 0.994451, 0.094718, 0.325875, 0.087875, -0.098459, 0.991254, 0.0, 0.0, 0.0, 0.0, 1.0],
                [0.995079, -0.037064, -0.091896, 0.0, 0.045788, 0.994451, 0.094718, 0.325875, 0.087875, -0.098459, 0.991254, -0.0, 0.0, 0.0, 0.0, 1.0],
                [0.995079, -0.037064, -0.091896, 0.0, 0.045788, 0.994451, 0.094718, 0.325875, 0.087875, -0.098459, 0.991253, 0.0, 0.0, 0.0, 0.0, 1.0],
                [0.995079, -0.037064, -0.091896, 0.0, 0.045788, 0.994451, 0.094718, 0.325875, 0.087875, -0.098459, 0.991253, 0.0, 0.0, 0.0, 0.0, 1.0],
                [0.995079, -0.053581, -0.083353, 0.0, 0.045788, 0.994637, -0.092745, 0.325875, 0.087875, 0.088472, 0.992195, 0.0, 0.0, 0.0, 0.0, 1.0],
                [0.995079, -0.053581, -0.083353, 0.0, 0.045788, 0.994637, -0.092745, 0.325875, 0.087875, 0.088472, 0.992195, -0.0, 0.0, 0.0, 0.0, 1.0]
            ]
        },
        {
            "name": "RightLeg",
            "time": [0.0, 0.0833, 0.1833, 0.3, 0.4, 0.4833, 1.5, 1.9333, 2.2167, 2.5167, 2.8167],
            "transform": [
                [-0.979083, 0.192197, -0.066759, 0.124009, -0.191345, -0.981339, -0.018987, -0.021387, -0.069162, -0.005814, 0.997585, -0.001198, 0.0, 0.0, 0.0, 1.0],
                [-0.979083, 0.192197, -0.066759, 0.124009, -0.191345, -0.981339, -0.018987, -0.021387, -0.069162, -0.005814, 0.997585, -0.001198, 0.0, 0.0, 0.0, 1.0],
                [-0.979083, 0.192197, -0.066759, 0.124009, -0.191345, -0.981339, -0.018987, -0.021387, -0.069162, -0.005814, 0.997585, -0.001198, 0.0, 0.0, 0.0, 1.0],
                [-0.979083, 0.192197, -0.066759, 0.124009, -0.191345, -0.981339, -0.018987, -0.021387, -0.069162, -0.005814, 0.997585, -0.001198, 0.0, 0.0, 0.0, 1.0],
                [-0.979083, 0.177491, -0.099464, 0.124009, -0.191345, -0.96943, 0.153594, -0.021387, -0.069162, 0.169415, 0.983112, -0.001198, 0.0, 0.0, 0.0, 1.0],
                [-0.979083, 0.192197, -0.066759, 0.124009, -0.191345, -0.981339, -0.018987, -0.021387, -0.069162, -0.005814, 0.997585, -0.001198, 0.0, 0.0, 0.0, 1.0],
                [-0.979083, 0.192197, -0.066759, 0.124009, -0.191345, -0.981339, -0.018987, -0.021387, -0.069162, -0.005814, 0.997585, -0.001198, 0.0, 0.0, 0.0, 1.0],
                [-0.979083, 0.203427, -0.003758, 0.124009, -0.191346, -0.926902, -0.322861, -0.021387, -0.069161, -0.315386, 0.946437, -0.001198, 0.0, 0.0, 0.0, 1.0],
                [-0.979083, 0.098705, -0.177916, 0.124009, -0.191346, -0.74394, 0.640265, -0.021387, -0.069161, 0.660916, 0.747262, -0.001198, 0.0, 0.0, 0.0, 1.0],
                [-0.979083, 0.192197, -0.066759, 0.124009, -0.191345, -0.981339, -0.018987, -0.021387, -0.069162, -0.005814, 0.997585, -0.001198, 0.0, 0.0, 0.0, 1.0],
                [-0.979083, 0.192197, -0.066759, 0.124009, -0.191345, -0.981339, -0.018987, -0.021387, -0.069162, -0.005814, 0.997585, -0.001198, 0.0, 0.0, 0.0, 1.0]
            ]
        },
        {
            "name": "RightFoot",
            "time": [0.0, 0.0833, 0.1833, 0.3, 0.4833, 1.5, 1.9333, 2.2167, 2.5167, 2.8167],
            "transform": [
                [0.970715, 0.236061, -0.044575, -0.0, -0.234699, 0.892291, -0.385659, 0.369915, -0.051265, 0.384827, 0.921564, -0.0, 0.0, 0.0, 0.0, 1.0],
                [0.970716, 0.236061, -0.044575, 0.0, -0.234699, 0.892291, -0.385659, 0.369915, -0.051265, 0.384827, 0.921564, 0.0, 0.0, 0.0, 0.0, 1.0],
                [0.970715, 0.236061, -0.044575, -0.0, -0.234699, 0.892291, -0.385659, 0.369915, -0.051265, 0.384827, 0.921564, -0.0, 0.0, 0.0, 0.0, 1.0],
                [0.970716, 0.236061, -0.044575, -0.0, -0.234699, 0.892291, -0.385659, 0.369915, -0.051265, 0.384827, 0.921564, 0.0, 0.0, 0.0, 0.0, 1.0],
                [0.970716, 0.236061, -0.044575, -0.0, -0.234699, 0.892291, -0.385659, 0.369915, -0.051265, 0.384827, 0.921564, 0.0, 0.0, 0.0, 0.0, 1.0],
                [0.970716, 0.236061, -0.044575, -0.0, -0.234699, 0.892291, -0.385659, 0.369915, -0.051265, 0.384827, 0.921564, 0.0, 0.0, 0.0, 0.0, 1.0],
                [0.997764, -0.062556, -0.023554, 0.0, -0.04655, -0.397386, -0.91647, 0.369915, 0.047971, 0.915517, -0.39941, 0.0, 0.0, 0.0, 0.0, 1.0],
                [0.999341, 0.030846, -0.019119, -0.0, -0.034663, 0.967302, -0.251247, 0.369915, 0.010744, 0.251744, 0.967734, -0.0, 0.0, 0.0, 0.0, 1.0],
                [0.998319, 0.057684, -0.005646, -0.0, -0.050045, 0.808758, -0.586008, 0.369915, -0.029237, 0.585305, 0.810286, 0.0, 0.0, 0.0, 0.0, 1.0],
                [0.998319, 0.057684, -0.005646, -0.0, -0.050045, 0.808758, -0.586008, 0.369915, -0.029237, 0.585305, 0.810286, 0.0, 0.0, 0.0, 0.0, 1.0]
            ]
        },
        {
            "name": "RightKnee",
            "time": [0.0, 0.0833, 0.1833, 0.3, 0.4833, 1.5, 2.5167, 2.8167],
            "transform": [
                [0.999907, -0.010759, 0.008368, -0.0, -0.006445, 0.167694, 0.985818, 0.369915, -0.012009, -0.98578, 0.167609, -0.0, 0.0, 0.0, 0.0, 1.0],
                [0.999907, -0.010759, 0.008368, 0.0, -0.006445, 0.167694, 0.985818, 0.369915, -0.012009, -0.98578, 0.167609, 0.0, 0.0, 0.0, 0.0, 1.0],
                [0.999907, -0.010759, 0.008368, -0.0, -0.006445, 0.167694, 0.985818, 0.369915, -0.012009, -0.985781, 0.167609, -0.0, 0.0, 0.0, 0.0, 1.0],
                [0.999907, -0.010759, 0.008368, -0.0, -0.006445, 0.167694, 0.985818, 0.369915, -0.012009, -0.98578, 0.167609, 0.0, 0.0, 0.0, 0.0, 1.0],
                [0.999907, -0.010759, 0.008368, -0.0, -0.006445, 0.167694, 0.985818, 0.369915, -0.012009, -0.98578, 0.167609, 0.0, 0.0, 0.0, 0.0, 1.0],
                [0.999907, -0.010759, 0.008368, -0.0, -0.006445, 0.167694, 0.985818, 0.369915, -0.012009, -0.98578, 0.167609, 0.0, 0.0, 0.0, 0.0, 1.0],
                [0.999907, -0.010759, 0.008368, -0.0, -0.006445, 0.167694, 0.985818, 0.369915, -0.012009, -0.98578, 0.167609, 0.0, 0.0, 0.0, 0.0, 1.0],
                [0.999907, -0.010759, 0.008368, -0.0, -0.006445, 0.167694, 0.985818, 0.369915, -0.012009, -0.98578, 0.167609, 0.0, 0.0, 0.0, 0.0, 1.0]
            ]
        },
        {
            "name": "LeftLeg",
            "time": [0.0, 0.0833, 0.1833, 0.3, 0.4, 0.4833, 1.5, 2.2167, 2.5167, 2.8167],
            "transform": [
                [-0.998197, -0.053043, -0.028081, -0.152517, 0.05599, -0.654497, -0.753988, -0.056564, 0.021615, -0.754201, 0.656285, -0.00768, 0.0, 0.0, 0.0, 1.0],
                [-0.998197, -0.053043, -0.028081, -0.152517, 0.05599, -0.654497, -0.753988, -0.056564, 0.021615, -0.754201, 0.656285, -0.00768, 0.0, 0.0, 0.0, 1.0],
                [-0.989125, -0.137193, -0.053015, -0.152517, 0.13534, -0.707875, -0.69325, -0.056564, 0.057581, -0.692886, 0.718742, -0.00768, 0.0, 0.0, 0.0, 1.0],
                [-0.692344, -0.721365, 0.017085, -0.152517, 0.7182, -0.691205, -0.080146, -0.056564, 0.069625, -0.043219, 0.996634, -0.00768, 0.0, 0.0, 0.0, 1.0],
                [-0.692345, -0.670401, 0.266873, -0.152517, 0.7182, -0.675937, 0.165222, -0.056564, 0.069625, 0.306057, 0.949462, -0.00768, 0.0, 0.0, 0.0, 1.0],
                [-0.692344, -0.721365, 0.017085, -0.152517, 0.7182, -0.691205, -0.080146, -0.056564, 0.069625, -0.043219, 0.996634, -0.00768, 0.0, 0.0, 0.0, 1.0],
                [-0.692344, -0.721365, 0.017085, -0.152517, 0.7182, -0.691205, -0.080146, -0.056564, 0.069625, -0.043219, 0.996634, -0.00768, 0.0, 0.0, 0.0, 1.0],
                [-0.992814, -0.085011, -0.084227, -0.152517, 0.105818, -0.952335, -0.286111, -0.056564, -0.05589, -0.292968, 0.954485, -0.00768, 0.0, 0.0, 0.0, 1.0],
                [-0.998197, -0.054508, -0.025118, -0.152517, 0.05599, -0.695014, -0.716813, -0.056564, 0.021615, -0.716926, 0.696811, -0.00768, 0.0, 0.0, 0.0, 1.0],
                [-0.998197, -0.054508, -0.025118, -0.152517, 0.05599, -0.695014, -0.716813, -0.056564, 0.021615, -0.716926, 0.696811, -0.00768, 0.0, 0.0, 0.0, 1.0]
            ]
        },
        {
            "name": "LeftFoot",
            "time": [0.0, 0.0833, 0.1833, 0.3, 0.4833, 1.5, 2.5167, 2.8167],
            "transform": [
                [0.999874, 0.015182, -0.004734, 0.0, -0.006445, 0.114705, -0.993379, 0.370083, -0.014539, 0.993284, 0.114788, 0.0, 0.0, 0.0, 0.0, 1.0],
                [0.999874, 0.015182, -0.004734, 0.0, -0.006445, 0.114705, -0.993379, 0.370083, -0.014539, 0.993284, 0.114788, 0.0, 0.0, 0.0, 0.0, 1.0],
                [0.999874, 0.015182, -0.004734, 0.0, -0.006445, 0.114705, -0.993379, 0.370083, -0.014539, 0.993284, 0.114788, -0.0, 0.0, 0.0, 0.0, 1.0],
                [0.999874, 0.015182, -0.004734, -0.0, -0.006445, 0.114705, -0.993379, 0.370083, -0.014539, 0.993284, 0.114788, 0.0, 0.0, 0.0, 0.0, 1.0],
                [0.999874, 0.015182, -0.004734, -0.0, -0.006445, 0.114705, -0.993379, 0.370083, -0.014539, 0.993284, 0.114788, 0.0, 0.0, 0.0, 0.0, 1.0],
                [0.999874, 0.015182, -0.004734, -0.0, -0.006445, 0.114705, -0.993379, 0.370083, -0.014539, 0.993284, 0.114788, 0.0, 0.0, 0.0, 0.0, 1.0],
                [0.999874, 0.013952, 0.007632, 0.0, -0.006445, 0.794213, -0.607606, 0.370083, -0.014539, 0.60748, 0.794202, 0.0, 0.0, 0.0, 0.0, 1.0],
                [0.999874, 0.013952, 0.007632, 0.0, -0.006445, 0.794213, -0.607606, 0.370083, -0.014539, 0.60748, 0.794202, 0.0, 0.0, 0.0, 0.0, 1.0]
            ]
        },
        {
            "name": "LeftKnee",
            "time": [0.0, 0.0833, 0.1833, 0.3, 0.4833, 1.5, 2.5167, 2.8167],
            "transform": [
                [-0.999873, 0.002671, -0.015678, -0.000196, 0.006445, 0.969282, -0.245866, 0.401515, 0.01454, -0.245936, -0.969177, -0.027407, 0.0, 0.0, 0.0, 1.0],
                [-0.999873, 0.002671, -0.015678, -0.000196, 0.006445, 0.969282, -0.245866, 0.401515, 0.01454, -0.245936, -0.969177, -0.027407, 0.0, 0.0, 0.0, 1.0],
                [-0.999873, 0.002671, -0.015678, -0.000196, 0.006445, 0.969282, -0.245866, 0.401515, 0.01454, -0.245936, -0.969177, -0.027407, 0.0, 0.0, 0.0, 1.0],
                [-0.999873, 0.002671, -0.015678, -0.000196, 0.006445, 0.969282, -0.245866, 0.401515, 0.01454, -0.245936, -0.969177, -0.027407, 0.0, 0.0, 0.0, 1.0],
                [-0.999873, 0.002671, -0.015678, -0.000196, 0.006445, 0.969282, -0.245866, 0.401515, 0.01454, -0.245936, -0.969177, -0.027407, 0.0, 0.0, 0.0, 1.0],
                [-0.999873, 0.002671, -0.015678, -0.000196, 0.006445, 0.969282, -0.245866, 0.401515, 0.01454, -0.245936, -0.969177, -0.027407, 0.0, 0.0, 0.0, 1.0],
                [-0.999873, -0.007352, -0.014103, 0.0, 0.006445, 0.623359, -0.781909, 0.370083, 0.01454, -0.781901, -0.623233, 0.0, 0.0, 0.0, 0.0, 1.0],
                [-0.999873, -0.007352, -0.014103, 0.0, 0.006445, 0.623359, -0.781909, 0.370083, 0.01454, -0.781901, -0.623233, 0.0, 0.0, 0.0, 0.0, 1.0]
            ]
        }
    ]
}