{
    "animation": [
        {
            "name": "Root",
            "time": [0.0, 0.0833, 0.2333, 0.4167, 0.5333, 0.75],
            "transform": [
                [0.999432, -0.003881, -0.033472, -0.005753, -0.033636, -0.17393, -0.984183, -0.1155, -0.002003, 0.98475, -0.173962, 0.637081, 0.0, 0.0, 0.0, 1.0],
                [0.999432, -0.003881, -0.033472, -0.006041, -0.031504, -0.460005, -0.887357, -0.149646, -0.011954, 0.887908, -0.459866, 0.702989, 0.0, 0.0, 0.0, 1.0],
                [0.999434, -0.007547, -0.032771, -0.011395, -0.031768, -0.531532, -0.846442, -0.177004, -0.011031, 0.847004, -0.531472, 0.637081, 0.0, 0.0, 0.0, 1.0],
                [0.999434, -0.003877, -0.033421, -0.005753, -0.03362, -0.153512, -0.987575, -0.077699, -0.001302, 0.988139, -0.153555, 0.637081, 0.0, 0.0, 0.0, 1.0],
                [0.999433, -0.003879, -0.033433, -0.005753, -0.033625, -0.071223, -0.996894, -0.068076, 0.001486, 0.997453, -0.071313, 0.637081, 0.0, 0.0, 0.0, 1.0],
                [0.999432, -0.003881, -0.033472, -0.005753, -0.032907, 0.101344, -0.994307, -0.047813, 0.007251, 0.994844, 0.101158, 0.637081, 0.0, 0.0, 0.0, 1.0]
            ]
        },
        {
            "name": "Torso",
            "time": [0.0, 0.0833, 0.2333, 0.4167, 0.5333, 0.75],
            "transform": [
                [0.999418, 0.012176, -0.031872, -0.0, -0.015153, 0.995369, -0.094924, 0.083555, 0.030569, 0.095351, 0.994974, -0.0, 0.0, 0.0, 0.0, 1.0],
                [0.999418, 0.005153, -0.033727, 0.0, -0.015153, 0.952721, -0.303468, 0.083555, 0.030569, 0.303803, 0.952244, 0.0, 0.0, 0.0, 0.0, 1.0],
                [0.999418, 0.002409, -0.034033, -0.0, -0.015153, 0.92506, -0.379519, 0.083555, 0.030569, 0.379814, 0.924558, -0.0, 0.0, 0.0, 0.0, 1.0],
                [0.999418, 0.016125, -0.030067, -0.0, -0.015153, 0.999364, 0.032274, 0.083555, 0.030569, -0.0318, 0.999027, -0.0, 0.0, 0.0, 0.0, 1.0],
                [0.999418, 0.017068, -0.029543, 0.0, -0.015153, 0.997844, 0.063852, 0.083555, 0.030569, -0.063367, 0.997522, 0.0, 0.0, 0.0, 0.0, 1.0],
                [0.999418, 0.012176, -0.031872, 0.0, -0.015153, 0.995369, -0.094924, 0.083555, 0.030569, 0.095351, 0.994974, 0.0, 0.0, 0.0, 0.0, 1.0]
            ]
        },
        {
            "name": "Chest",
            "time": [0.0, 0.0833, 0.2333, 0.4167, 0.5333, 0.75],
            "transform": [
                [0.997739, -0.053583, 0.04057, 0.0, 0.030596, 0.899584, 0.435676, 0.314859, -0.059841, -0.433449, 0.899189, 0.0, 0.0, 0.0, 0.0, 1.0],
                [0.997739, -0.060861, 0.028514, 0.0, 0.030596, 0.789047, 0.61357, 0.314859, -0.059841, -0.61131, 0.789125, -0.0, 0.0, 0.0, 0.0, 1.0],
                [0.997739, -0.060848, 0.028542, 0.0, 0.030596, 0.789331, 0.613206, 0.314859, -0.059841, -0.610946, 0.789408, -0.0, 0.0, 0.0, 0.0, 1.0],
                [0.997739, -0.059476, 0.031299, -0.0, 0.030596, 0.816596, 0.576399, 0.314859, -0.059841, -0.574138, 0.816569, -0.0, 0.0, 0.0, 0.0, 1.0],
                [0.997739, -0.057987, 0.033979, -0.0, 0.030596, 0.842029, 0.538564, 0.314859, -0.059841, -0.536307, 0.841899, 0.0, 0.0, 0.0, 0.0, 1.0],
                [0.997739, -0.046021, 0.048981, -0.0, 0.030596, 0.959906, 0.278646, 0.314859, -0.059841, -0.276517, 0.959144, 0.0, 0.0, 0.0, 0.0, 1.0]
            ]
        },
        {
            "name": "LeftShoulder",
            "time": [0.0, 0.75],
            "transform": [
                [0.018324, -0.980857, -0.193867, -0.093367, -0.017111, -0.194179, 0.980817, 0.347989, -0.999686, -0.014655, -0.020341, -0.003363, 0.0, 0.0, 0.0, 1.0],
                [0.018324, -0.980857, -0.193867, -0.093367, -0.017111, -0.194179, 0.980817, 0.347989, -0.999686, -0.014655, -0.020341, -0.003363, 0.0, 0.0, 0.0, 1.0]
            ]
        },
        {
            "name": "LeftArm",
            "time": [0.0, 0.0833, 0.2333, 0.4167, 0.5333, 0.75],
            "transform": [
                [0.600809, 0.631528, -0.490104, 0.0, 0.294847, 0.3948, 0.870171, 0.34013, 0.74303, -0.667312, 0.050995, 0.0, 0.0, 0.0, 0.0, 1.0],
                [0.214114, 0.973108, 0.084954, -0.0, 0.39726, -0.166202, 0.90253, 0.34013, 0.892379, -0.159496, -0.422163, 0.0, 0.0, 0.0, 0.0, 1.0],
                [0.202175, 0.978891, -0.029974, 0.0, 0.485142, -0.073518, 0.871339, 0.34013, 0.850742, -0.190705, -0.489765, -0.0, 0.0, 0.0, 0.0, 1.0],
                [0.047995, 0.168573, -0.98452, 0.0, 0.82697, 0.546089, 0.133818, 0.34013, 0.560194, -0.820591, -0.113195, -0.0, 0.0, 0.0, 0.0, 1.0],
                [-0.066157, 0.017507, -0.997656, -0.0, 0.861083, 0.506174, -0.048218, 0.34013, 0.504143, -0.862254, -0.048562, 0.0, 0.0, 0.0, 0.0, 1.0],
                [-0.206164, 0.162019, -0.965011, 0.0, 0.915177, 0.380979, -0.131554, 0.34013, 0.346335, -0.910277, -0.22682, -0.0, 0.0, 0.0, 0.0, 1.0]
            ]
        },
        {
            "name": "LeftLowerArm",
            "time": [0.0, 0.0833, 0.2333, 0.4167, 0.5333, 0.75],
            "transform": [
                [0.999992, -0.00037, 0.004102, -0.0, -0.001439, 0.901745, 0.432267, 0.312152, -0.003859, -0.432269, 0.901736, -0.0, 0.0, 0.0, 0.0, 1.0],
                [0.904371, -0.426728, 0.004102, -0.0, 0.383199, 0.816275, 0.432267, 0.312152, -0.187809, -0.389357, 0.901736, -0.0, 0.0, 0.0, 0.0, 1.0],
                [0.913354, -0.407111, 0.006765, 0.0, 0.366688, 0.829661, 0.420954, 0.312152, -0.176987, -0.381999, 0.907057, -0.0, 0.0, 0.0, 0.0, 1.0],
                [0.981075, -0.193351, 0.010386, -0.0, 0.175563, 0.910878, 0.373469, 0.312152, -0.081671, -0.364578, 0.927585, -0.0, 0.0, 0.0, 0.0, 1.0],
                [0.991308, -0.131237, 0.009214, 0.0, 0.119075, 0.924805, 0.361326, 0.312152, -0.05594, -0.357088, 0.932394, 0.0, 0.0, 0.0, 0.0, 1.0],
                [0.999992, 5.2e-05, 0.004118, 0.0, -0.001439, 0.941276, 0.337634, 0.312152, -0.003859, -0.337637, 0.941268, 0.0, 0.0, 0.0, 0.0, 1.0]
            ]
        },
        {
            "name": "RightShoulder",
            "time": [0.0, 0.75],
            "transform": [
                [-0.038206, 0.944895, 0.325137, 0.095562, -0.001055, -0.325413, 0.945571, 0.352916, 0.999269, 0.035784, 0.01343, 0.00204, 0.0, 0.0, 0.0, 1.0],
                [-0.038206, 0.944895, 0.325137, 0.095562, -0.001055, -0.325413, 0.945572, 0.352916, 0.999269, 0.035784, 0.01343, 0.00204, 0.0, 0.0, 0.0, 1.0]
            ]
        },
        {
            "name": "RightArm",
            "time": [0.0, 0.0833, 0.2333, 0.4167, 0.5333, 0.75],
            "transform": [
                [0.02511, -0.317853, 0.947807, -0.0, -0.892775, 0.419464, 0.164322, 0.293782, -0.449802, -0.850305, -0.273238, 0.0, 0.0, 0.0, 0.0, 1.0],
                [0.312795, -0.723347, 0.615572, 0.0, -0.082926, 0.62482, 0.776352, 0.293782, -0.946194, -0.293886, 0.135456, 0.0, 0.0, 0.0, 0.0, 1.0],
                [0.323686, -0.686353, 0.651265, 0.0, -0.113653, 0.655133, 0.746916, 0.293782, -0.939313, -0.315785, 0.134051, -0.0, 0.0, 0.0, 0.0, 1.0],
                [0.237953, -0.107297, 0.965332, -0.0, -0.643766, 0.726787, 0.23947, 0.293782, -0.727286, -0.67843, 0.103867, -0.0, 0.0, 0.0, 0.0, 1.0],
                [0.150206, -0.024848, 0.988342, 0.0, -0.750732, 0.647614, 0.130376, 0.293782, -0.643304, -0.761563, 0.078621, -0.0, 0.0, 0.0, 0.0, 1.0],
                [0.02511, -0.317853, 0.947807, -0.0, -0.892775, 0.419464, 0.164322, 0.293782, -0.449802, -0.850305, -0.273238, 0.0, 0.0, 0.0, 0.0, 1.0]
            ]
        },
        {
            "name": "RightLowerArm",
            "time": [0.0, 0.0833, 0.2333, 0.4167, 0.5333, 0.75],
            "transform": [
                [0.998152, 0.016618, 0.058443, 0.0, -0.027742, 0.980406, 0.195023, 0.320511, -0.054057, -0.196284, 0.979056, 0.0, 0.0, 0.0, 0.0, 1.0],
                [0.998152, -0.060746, 0.001334, -0.0, -0.027742, -0.436089, 0.899476, 0.320511, -0.054057, -0.897851, -0.436968, 0.0, 0.0, 0.0, 0.0, 1.0],
                [0.998152, -0.06044, 0.006226, -0.0, -0.027742, -0.362167, 0.9317, 0.320511, -0.054057, -0.930152, -0.363175, -0.0, 0.0, 0.0, 0.0, 1.0],
                [0.998152, -0.030253, 0.052693, 0.0, -0.027742, 0.544654, 0.838202, 0.320511, -0.054057, -0.838115, 0.542808, 0.0, 0.0, 0.0, 0.0, 1.0],
                [0.998152, -0.014843, 0.058919, -0.0, -0.027742, 0.751394, 0.65927, 0.320511, -0.054057, -0.659687, 0.749594, 0.0, 0.0, 0.0, 0.0, 1.0],
                [0.998152, 0.016618, 0.058443, 0.0, -0.027742, 0.980406, 0.195023, 0.320511, -0.054057, -0.196284, 0.979056, 0.0, 0.0, 0.0, 0.0, 1.0]
            ]
        },
        {
            "name": "Head",
            "time": [0.0, 0.0833, 0.2333, 0.4167, 0.5333, 0.75],
            "transform": [
                [0.995079, -0.037064, -0.091896, 0.0, 0.045788, 0.994451, 0.094718, 0.325875, 0.087875, -0.098459, 0.991254, 0.0, 0.0, 0.0, 0.0, 1.0],
                [0.995079, -0.037064, -0.091896, 0.0, 0.045788, 0.994451, 0.094718, 0.325875, 0.087875, -0.098459, 0.991254, 0.0, 0.0, 0.0, 0.0, 1.0],
                [0.995079, -0.037925, -0.091544, -0.0, 0.045788, 0.995296, 0.085377, 0.325875, 0.087875, -0.089148, 0.992134, 0.0, 0.0, 0.0, 0.0, 1.0],
                [0.995079, -0.046488, -0.087507, -0.0, 0.045788, 0.998901, -0.009994, 0.325875, 0.087875, 0.005938, 0.996114, 0.0, 0.0, 0.0, 0.0, 1.0],
                [0.995079, -0.048811, -0.086233, 0.0, 0.045788, 0.998277, -0.036691, 0.325875, 0.087875, 0.032562, 0.995599, -0.0, 0.0, 0.0, 0.0, 1.0],
                [0.995079, -0.053581, -0.083353, 0.0, 0.045788, 0.994637, -0.092745, 0.325875, 0.087875, 0.088472, 0.992195, -0.0, 0.0, 0.0, 0.0, 1.0]
            ]
        },
        {
            "name": "RightLeg",
            "time": [0.0, 0.0833, 0.2333, 0.4167, 0.5333, 0.75],
            "transform": [
                [-0.979083, 0.192197, -0.066759, 0.124009, -0.191345, -0.981339, -0.018987, -0.021387, -0.069162, -0.005814, 0.997585, -0.001198, 0.0, 0.0, 0.0, 1.0],
                [-0.979083, 0.192197, -0.066759, 0.124009, -0.191345, -0.981339, -0.018987, -0.021387, -0.069162, -0.005814, 0.997585, -0.001198, 0.0, 0.0, 0.0, 1.0],
                [-0.979083, 0.202475, -0.020005, 0.124009, -0.191345, -0.94974, -0.247749, -0.021387, -0.069162, -0.238736, 0.968615, -0.001198, 0.0, 0.0, 0.0, 1.0],
                [-0.979083, 0.165213, -0.118748, 0.124009, -0.191345, -0.94608, 0.26138, -0.021387, -0.069162, 0.278635, 0.9579, -0.001198, 0.0, 0.0, 0.0, 1.0],
                [-0.979083, 0.161968, -0.123138, 0.124009, -0.191345, -0.938727, 0.286667, -0.021387, -0.069162, 0.304233, 0.95008, -0.001198, 0.0, 0.0, 0.0, 1.0],
                [-0.979083, 0.192197, -0.066759, 0.124009, -0.191345, -0.981339, -0.018987, -0.021387, -0.069162, -0.005814, 0.997585, -0.001198, 0.0, 0.0, 0.0, 1.0]
            ]
        },
        {
            "name": "RightFoot",
            "time": [0.0, 0.0833, 0.2333, 0.4167, 0.5333, 0.75, 0.3333],
            "transform": [
                [0.970715, 0.172021, -0.167691, -0.0, -0.234699, 0.530122, -0.814793, 0.369915, -0.051265, 0.830289, 0.554971, -0.0, 0.0, 0.0, 0.0, 1.0],
                [0.970716, 0.236061, -0.044575, -0.0, -0.234699, 0.892291, -0.385659, 0.369915, -0.051265, 0.384827, 0.921564, 0.0, 0.0, 0.0, 0.0, 1.0],
                [0.972148, 0.16873, -0.162658, -0.0, -0.228766, 0.532343, -0.815032, 0.369915, -0.05093, 0.829542, 0.556116, 0.0, 0.0, 0.0, 0.0, 1.0],
                [0.983889, 0.128611, -0.124189, -0.0, -0.174616, 0.542162, -0.821931, 0.369915, -0.038378, 0.830373, 0.555884, 0.0, 0.0, 0.0, 0.0, 1.0],
                [0.991011, 0.128453, -0.037391, -0.0, -0.126768, 0.812297, -0.5693, 0.369915, -0.042755, 0.568923, 0.821279, 0.0, 0.0, 0.0, 0.0, 1.0],
                [0.994336, 0.106173, 0.004886, -0.0, -0.098777, 0.940086, -0.326314, 0.369915, -0.039239, 0.323983, 0.945249, 0.0, 0.0, 0.0, 0.0, 1.0],
                [0.998319, 0.057684, -0.005646, -0.0, -0.050045, 0.808758, -0.586008, 0.369915, -0.029237, 0.585305, 0.810286, 0.0, 0.0, 0.0, 0.0, 1.0]
            ]
        },
        {
            "name": "RightKnee",
            "time": [0.0, 0.0833, 0.2333, 0.4167, 0.5333, 0.75],
            "transform": [
                [0.999907, -0.010759, 0.008368, -0.0, -0.006445, 0.167694, 0.985818, 0.369915, -0.012009, -0.98578, 0.167609, -0.0, 0.0, 0.0, 0.0, 1.0],
                [0.999907, -0.010759, 0.008368, -0.0, -0.006445, 0.167694, 0.985818, 0.369915, -0.012009, -0.98578, 0.167609, 0.0, 0.0, 0.0, 0.0, 1.0],
                [0.999831, 0.017995, -0.003845, -0.0, -0.015739, 0.944565, 0.327948, 0.369915, 0.009533, -0.327832, 0.944688, 0.0, 0.0, 0.0, 0.0, 1.0],
                [0.999907, -0.010759, 0.008368, -0.0, -0.006445, 0.167694, 0.985818, 0.369915, -0.012009, -0.98578, 0.167609, 0.0, 0.0, 0.0, 0.0, 1.0],
                [0.999907, -0.010759, 0.008368, -0.0, -0.006445, 0.167694, 0.985818, 0.369915, -0.012009, -0.98578, 0.167609, 0.0, 0.0, 0.0, 0.0, 1.0],
                [0.999907, -0.010759, 0.008368, -0.0, -0.006445, 0.167694, 0.985818, 0.369915, -0.012009, -0.98578, 0.167609, 0.0, 0.0, 0.0, 0.0, 1.0]
            ]
        },
        {
            "name": "LeftLeg",
            "time": [0.0, 0.0833, 0.2333, 0.4167, 0.5333, 0.75],
            "transform": [
                [-0.998197, -0.053043, -0.028081, -0.152517, 0.05599, -0.654497, -0.753988, -0.056564, 0.021615, -0.754201, 0.656285, -0.00768, 0.0, 0.0, 0.0, 1.0],
                [-0.998197, -0.053043, -0.028081, -0.152517, 0.05599, -0.654497, -0.753988, -0.056564, 0.021615, -0.754201, 0.656285, -0.00768, 0.0, 0.0, 0.0, 1.0],
                [-0.998197, -0.020808, -0.056295, -0.152517, 0.05599, 0.014964, -0.998319, -0.056564, 0.021615, -0.999669, -0.013774, -0.00768, 0.0, 0.0, 0.0, 1.0],
                [-0.998197, -0.057168, -0.018272, -0.152517, 0.05599, -0.777366, -0.626552, -0.056564, 0.021615, -0.626445, 0.779163, -0.00768, 0.0, 0.0, 0.0, 1.0],
                [-0.998197, -0.058803, -0.012011, -0.152517, 0.05599, -0.840298, -0.539225, -0.056564, 0.021615, -0.538925, 0.842074, -0.00768, 0.0, 0.0, 0.0, 1.0],
                [-0.998197, -0.054508, -0.025118, -0.152517, 0.05599, -0.695014, -0.716813, -0.056564, 0.021615, -0.716926, 0.696811, -0.00768, 0.0, 0.0, 0.0, 1.0]
            ]
        },
        {
            "name": "LeftFoot",
            "time": [0.0, 0.0833, 0.2333, 0.4167, 0.5333, 0.75],
            "transform": [
                [0.999874, 0.015182, -0.004734, 0.0, -0.006445, 0.114705, -0.993379, 0.370083, -0.014539, 0.993284, 0.114788, 0.0, 0.0, 0.0, 0.0, 1.0],
                [0.999874, 0.015182, -0.004734, -0.0, -0.006445, 0.114705, -0.993379, 0.370083, -0.014539, 0.993284, 0.114788, -0.0, 0.0, 0.0, 0.0, 1.0],
                [0.999874, 0.01551, -0.003512, -0.0, -0.006445, 0.193334, -0.981112, 0.370083, -0.014539, 0.98101, 0.193409, 0.0, 0.0, 0.0, 0.0, 1.0],
                [0.999874, 0.012348, 0.010021, -0.0, -0.006445, 0.890714, -0.454517, 0.370083, -0.014538, 0.454395, 0.890682, 0.0, 0.0, 0.0, 0.0, 1.0],
                [0.999874, 0.011404, 0.011084, -0.0, -0.006445, 0.927765, -0.373111, 0.370083, -0.014539, 0.372992, 0.927721, 0.0, 0.0, 0.0, 0.0, 1.0],
                [0.999874, 0.013952, 0.007632, 0.0, -0.006445, 0.794213, -0.607606, 0.370083, -0.014539, 0.60748, 0.794202, 0.0, 0.0, 0.0, 0.0, 1.0]
            ]
        },
        {
            "name": "LeftKnee",
            "time": [0.0, 0.0833, 0.2333, 0.4167, 0.5333, 0.75],
            "transform": [
                [-0.999873, 0.002671, -0.015678, -0.000196, 0.006445, 0.969282, -0.245866, 0.401515, 0.01454, -0.245936, -0.969177, -0.027407, 0.0, 0.0, 0.0, 1.0],
                [-0.999873, 0.002671, -0.015678, -0.000196, 0.006445, 0.969282, -0.245866, 0.401515, 0.01454, -0.245936, -0.969177, -0.027407, 0.0, 0.0, 0.0, 1.0],
                [-0.999873, 0.002169, -0.015755, -0.000186, 0.006445, 0.960921, -0.276747, 0.399943, 0.01454, -0.276813, -0.960814, -0.026036, 0.0, 0.0, 0.0, 1.0],
                [-0.999873, -0.003069, -0.015605, -8.7e-05, 0.006445, 0.818838, -0.573988, 0.383961, 0.01454, -0.574016, -0.818715, -0.012101, 0.0, 0.0, 0.0, 1.0],
                [-0.999873, -0.004504, -0.015253, -5.9e-05, 0.006445, 0.76203, -0.64751, 0.379493, 0.01454, -0.647526, -0.761905, -0.008205, 0.0, 0.0, 0.0, 1.0],
                [-0.999873, -0.007352, -0.014103, 0.0, 0.006445, 0.623359, -0.781909, 0.370083, 0.01454, -0.781901, -0.623233, 0.0, 0.0, 0.0, 0.0, 1.0]
            ]
        }
    ]
}