{
    "animation": [
        {
            "name": "Root",
            "time": [0.0, 0.1667, 0.3167, 0.45, 0.5833],
            "transform": [
                [0.999626, -0.020813, -0.017752, -0.055139, -0.006776, 0.440334, -0.897808, 0.07874, 0.026503, 0.897593, 0.440028, 0.693098, 0.0, 0.0, 0.0, 1.0],
                [0.974953, -0.094895, 0.201151, -0.055139, 0.220952, 0.309823, -0.924765, 0.07874, 0.025434, 0.946047, 0.32303, 0.589166, 0.0, 0.0, 0.0, 1.0],
                [0.999626, -0.020813, -0.017752, -0.055139, -0.006776, 0.440334, -0.897808, 0.07874, 0.026503, 0.897593, 0.440028, 0.693098, 0.0, 0.0, 0.0, 1.0],
                [0.950747, 0.076965, -0.300261, -0.055139, -0.308923, 0.314757, -0.897494, 0.07874, 0.025434, 0.946047, 0.32303, 0.589166, 0.0, 0.0, 0.0, 1.0],
                [0.999626, -0.020813, -0.017752, -0.055139, -0.006776, 0.440334, -0.897808, 0.07874, 0.026503, 0.897593, 0.440028, 0.693098, 0.0, 0.0, 0.0, 1.0]
            ]
        },
        {
            "name": "Torso",
            "time": [0.0, 0.3167, 0.45, 0.5833],
            "transform": [
                [0.999418, 0.016074, -0.030095, 0.0, -0.015153, 0.999418, 0.030561, 0.083555, 0.030569, -0.030087, 0.99908, 0.0, 0.0, 0.0, 0.0, 1.0],
                [0.999418, 0.012176, -0.031872, 0.0, -0.015153, 0.995369, -0.094924, 0.083555, 0.030569, 0.095351, 0.994974, 0.0, 0.0, 0.0, 0.0, 1.0],
                [0.998507, -0.011554, 0.053386, -0.0, 0.013391, 0.999326, -0.03417, 0.083555, -0.052956, 0.034834, 0.997989, -0.0, 0.0, 0.0, 0.0, 1.0],
                [0.999418, 0.016074, -0.030095, 0.0, -0.015153, 0.999418, 0.030561, 0.083555, 0.030569, -0.030087, 0.99908, 0.0, 0.0, 0.0, 0.0, 1.0]
            ]
        },
        {
            "name": "Chest",
            "time": [0.0, 0.1667, 0.3167, 0.45, 0.5833],
            "transform": [
                [0.948549, -0.018521, -0.316087, -0.0, 0.063922, 0.988934, 0.133879, 0.314859, 0.31011, -0.147196, 0.939236, 0.0, 0.0, 0.0, 0.0, 1.0],
                [0.955945, 0.120285, -0.267768, 0.0, -0.033694, 0.951124, 0.306965, 0.314859, 0.291604, -0.28442, 0.913276, 0.0, 0.0, 0.0, 0.0, 1.0],
                [0.96041, -0.026783, 0.277301, 0.0, -0.071662, 0.938124, 0.338803, 0.314859, -0.269217, -0.345262, 0.899064, 0.0, 0.0, 0.0, 0.0, 1.0],
                [0.6899, -0.08433, 0.718976, -0.0, 0.062524, 0.996422, 0.056876, 0.314859, -0.7212, 0.005715, 0.692704, 0.0, 0.0, 0.0, 0.0, 1.0],
                [0.948549, -0.018521, -0.316087, -0.0, 0.063922, 0.988934, 0.133879, 0.314859, 0.31011, -0.147196, 0.939236, 0.0, 0.0, 0.0, 0.0, 1.0]
            ]
        },
        {
            "name": "LeftShoulder",
            "time": [0.0, 0.5833],
            "transform": [
                [0.026786, -0.980662, -0.193867, -0.093367, -0.015435, -0.194319, 0.980817, 0.347989, -0.999522, -0.02328, -0.020341, -0.003363, 0.0, 0.0, 0.0, 1.0],
                [0.026786, -0.980662, -0.193867, -0.093367, -0.015435, -0.194319, 0.980817, 0.347989, -0.999522, -0.02328, -0.020341, -0.003363, 0.0, 0.0, 0.0, 1.0]
            ]
        },
        {
            "name": "LeftArm",
            "time": [0.0, 0.1667, 0.3167, 0.45, 0.5833],
            "transform": [
                [-0.152115, -0.175646, -0.97263, -0.0, 0.661115, 0.713438, -0.232234, 0.34013, 0.734703, -0.678347, 0.007598, 0.0, 0.0, 0.0, 0.0, 1.0],
                [0.113287, 0.86739, -0.484562, -0.0, 0.52541, 0.36163, 0.770174, 0.34013, 0.843274, -0.341844, -0.414768, 0.0, 0.0, 0.0, 0.0, 1.0],
                [-0.206164, -0.280963, -0.937313, 0.0, 0.915177, 0.28367, -0.286326, 0.34013, 0.346335, -0.916838, 0.198648, -0.0, 0.0, 0.0, 0.0, 1.0],
                [-0.107285, -0.764896, -0.635157, 0.0, 0.75322, 0.354461, -0.554091, 0.34013, 0.64896, -0.537859, 0.538107, -0.0, 0.0, 0.0, 0.0, 1.0],
                [-0.152115, -0.175646, -0.97263, -0.0, 0.661115, 0.713438, -0.232234, 0.34013, 0.734703, -0.678347, 0.007598, 0.0, 0.0, 0.0, 0.0, 1.0]
            ]
        },
        {
            "name": "LeftLowerArm",
            "time": [0.0, 0.3167, 0.45, 0.5833],
            "transform": [
                [0.999992, -0.003699, 0.001812, 0.0, -0.001439, 0.098427, 0.995143, 0.312152, -0.003859, -0.995137, 0.09842, -0.0, 0.0, 0.0, 0.0, 1.0],
                [0.999991, -0.003423, 0.002291, 0.0, -0.001439, 0.230831, 0.972993, 0.312152, -0.003859, -0.972988, 0.230824, -0.0, 0.0, 0.0, 0.0, 1.0],
                [0.994374, -0.046162, -0.095339, -0.0, 0.084363, 0.889416, 0.449246, 0.312152, 0.064057, -0.454762, 0.888307, 0.0, 0.0, 0.0, 0.0, 1.0],
                [0.999992, -0.003699, 0.001812, 0.0, -0.001439, 0.098427, 0.995143, 0.312152, -0.003859, -0.995137, 0.09842, -0.0, 0.0, 0.0, 0.0, 1.0]
            ]
        },
        {
            "name": "RightShoulder",
            "time": [0.1667, 0.0, 0.5833],
            "transform": [
                [-0.038206, 0.944895, 0.325137, 0.095562, -0.001055, -0.325413, 0.945571, 0.352916, 0.999269, 0.035784, 0.01343, 0.00204, 0.0, 0.0, 0.0, 1.0],
                [-0.038206, 0.990264, 0.133856, 0.095562, -0.001055, -0.133994, 0.990982, 0.352916, 0.99927, 0.03772, 0.006164, 0.00204, 0.0, 0.0, 0.0, 1.0],
                [-0.038206, 0.944895, 0.325137, 0.095562, -0.001055, -0.325413, 0.945571, 0.352916, 0.999269, 0.035784, 0.01343, 0.00204, 0.0, 0.0, 0.0, 1.0]
            ]
        },
        {
            "name": "RightArm",
            "time": [0.0, 0.1667, 0.3167, 0.45, 0.5833],
            "transform": [
                [-0.226386, 0.681872, 0.695557, 0.0, -0.423819, 0.573997, -0.700646, 0.293782, -0.876998, -0.453407, 0.159046, -0.0, 0.0, 0.0, 0.0, 1.0],
                [-0.108392, 0.852012, 0.512179, 0.0, -0.391365, 0.437036, -0.809835, 0.293782, -0.91383, -0.288229, 0.286076, -0.0, 0.0, 0.0, 0.0, 1.0],
                [-0.038431, -0.219307, 0.974899, 0.0, -0.75343, 0.647233, 0.115897, 0.293782, -0.656404, -0.730064, -0.190106, -0.0, 0.0, 0.0, 0.0, 1.0],
                [-0.260833, -0.885205, 0.385199, -0.0, -0.5207, 0.464996, 0.715996, 0.293782, -0.812919, -0.013818, -0.582212, -0.0, 0.0, 0.0, 0.0, 1.0],
                [-0.226386, 0.681872, 0.695557, 0.0, -0.423819, 0.573997, -0.700646, 0.293782, -0.876998, -0.453407, 0.159046, -0.0, 0.0, 0.0, 0.0, 1.0]
            ]
        },
        {
            "name": "RightLowerArm",
            "time": [0.0, 0.1667, 0.3167, 0.45, 0.5833],
            "transform": [
                [0.998152, -0.044488, 0.041384, 0.0, -0.027742, 0.272284, 0.961817, 0.320511, -0.054057, -0.961188, 0.270547, 0.0, 0.0, 0.0, 0.0, 1.0],
                [0.998152, 0.005479, 0.060512, 0.0, -0.027742, 0.927152, 0.373657, 0.320511, -0.054057, -0.374645, 0.925591, 0.0, 0.0, 0.0, 0.0, 1.0],
                [0.998152, -0.039229, 0.046399, 0.0, -0.027742, 0.385156, 0.922434, 0.320511, -0.054057, -0.922017, 0.383356, 0.0, 0.0, 0.0, 0.0, 1.0],
                [0.991717, -0.052662, 0.117153, -0.0, -0.055498, 0.646874, 0.760575, 0.320511, -0.115836, -0.760777, 0.638593, 0.0, 0.0, 0.0, 0.0, 1.0],
                [0.998152, -0.044488, 0.041384, 0.0, -0.027742, 0.272284, 0.961817, 0.320511, -0.054057, -0.961188, 0.270547, 0.0, 0.0, 0.0, 0.0, 1.0]
            ]
        },
        {
            "name": "Head",
            "time": [0.0, 0.1667, 0.3167, 0.45, 0.5833],
            "transform": [
                [0.935612, 0.068358, 0.346349, 0.0, 0.011614, 0.974583, -0.223724, 0.325875, -0.35284, 0.213341, 0.911038, -0.0, 0.0, 0.0, 0.0, 1.0],
                [0.976311, -0.053581, 0.209631, 0.0, 0.07078, 0.994637, -0.07542, 0.325875, -0.204466, 0.088472, 0.974867, 0.0, 0.0, 0.0, 0.0, 1.0],
                [0.967968, -0.117775, -0.221738, 0.0, 0.029971, 0.93104, -0.363685, 0.325875, 0.24928, 0.34539, 0.904746, 0.0, 0.0, 0.0, 0.0, 1.0],
                [0.884281, 0.025726, -0.466247, 0.0, -0.068586, 0.994808, -0.075191, 0.325875, 0.461891, 0.098468, 0.881454, -0.0, 0.0, 0.0, 0.0, 1.0],
                [0.935612, 0.068358, 0.346349, 0.0, 0.011614, 0.974583, -0.223724, 0.325875, -0.35284, 0.213341, 0.911038, -0.0, 0.0, 0.0, 0.0, 1.0]
            ]
        },
        {
            "name": "RightLeg",
            "time": [0.0, 0.1667, 0.3167, 0.45, 0.5833],
            "transform": [
                [-0.995175, 0.074175, 0.064219, 0.124009, -0.072807, -0.11958, -0.990151, -0.021387, -0.065765, -0.990047, 0.124405, -0.001198, 0.0, 0.0, 0.0, 1.0],
                [-0.967331, 0.252194, -0.025873, 0.124009, -0.043697, -0.266392, -0.962873, -0.021387, -0.249723, -0.930283, 0.26871, -0.001198, 0.0, 0.0, 0.0, 1.0],
                [-0.996445, 0.074924, -0.038518, 0.124009, -0.074881, -0.997189, -0.002579, -0.021387, -0.038603, 0.000316, 0.999251, -0.001198, 0.0, 0.0, 0.0, 1.0],
                [-0.976588, 0.186317, 0.10753, 0.124009, -0.099492, -0.834377, 0.54214, -0.021387, 0.19073, 0.518749, 0.833376, -0.001198, 0.0, 0.0, 0.0, 1.0],
                [-0.995175, 0.074175, 0.064219, 0.124009, -0.072807, -0.11958, -0.990151, -0.021387, -0.065765, -0.990047, 0.124405, -0.001198, 0.0, 0.0, 0.0, 1.0]
            ]
        },
        {
            "name": "RightFoot",
            "time": [0.0, 0.1667, 0.3167, 0.45, 0.5833],
            "transform": [
                [0.997303, -0.006089, -0.073133, -0.0, -0.073125, 0.001527, -0.997322, 0.369915, 0.006184, 0.99998, 0.001078, 0.0, 0.0, 0.0, 0.0, 1.0],
                [0.996428, 0.071969, -0.044182, 0.0, -0.081533, 0.956156, -0.281278, 0.369915, 0.022002, 0.283875, 0.958609, -0.0, 0.0, 0.0, 0.0, 1.0],
                [0.998432, -0.025283, -0.049946, -0.0, 0.016784, 0.986352, -0.163795, 0.369915, 0.053405, 0.1627, 0.985229, 0.0, 0.0, 0.0, 0.0, 1.0],
                [0.992547, -0.106491, -0.059244, 0.0, 0.09641, 0.983553, -0.152735, 0.369915, 0.074534, 0.145885, 0.98649, -0.0, 0.0, 0.0, 0.0, 1.0],
                [0.997303, -0.006089, -0.073133, -0.0, -0.073125, 0.001527, -0.997322, 0.369915, 0.006184, 0.99998, 0.001078, 0.0, 0.0, 0.0, 0.0, 1.0]
            ]
        },
        {
            "name": "RightKnee",
            "time": [0.0, 0.3167, 0.45, 0.5833],
            "transform": [
                [0.99525, 0.093147, -0.028313, 0.016302, -0.072727, 0.904682, 0.419834, 0.508521, 0.064721, -0.41578, 0.907159, -0.04184, 0.0, 0.0, 0.0, 1.0],
                [0.99525, 0.096519, 0.012731, -0.0, -0.072727, 0.650162, 0.756307, 0.369915, 0.064721, -0.75364, 0.654093, 0.0, 0.0, 0.0, 0.0, 1.0],
                [0.998227, 0.046259, 0.037451, 0.0, -0.050174, 0.315556, 0.94758, 0.369915, 0.032017, -0.947779, 0.317318, -0.0, 0.0, 0.0, 0.0, 1.0],
                [0.99525, 0.093147, -0.028313, 0.016302, -0.072727, 0.904682, 0.419834, 0.508521, 0.064721, -0.41578, 0.907159, -0.04184, 0.0, 0.0, 0.0, 1.0]
            ]
        },
        {
            "name": "LeftLeg",
            "time": [0.0, 0.1667, 0.3167, 0.45, 0.5833],
            "transform": [
                [-0.997997, -0.058371, 0.024372, -0.152517, 0.057534, -0.997773, -0.033757, -0.056564, 0.026288, -0.032289, 0.999131, -0.00768, 0.0, 0.0, 0.0, 1.0],
                [-0.979966, -0.199153, 0.002341, -0.152517, 0.159423, -0.777313, 0.608579, -0.056564, -0.11938, 0.596758, 0.793489, -0.00768, 0.0, 0.0, 0.0, 1.0],
                [-0.997713, -0.065892, -0.015065, -0.152517, 0.025231, -0.156302, -0.987387, -0.056564, 0.062706, -0.985507, 0.157605, -0.00768, 0.0, 0.0, 0.0, 1.0],
                [-0.917444, -0.29434, 0.267697, -0.152517, -0.217348, -0.192787, -0.956866, -0.056564, 0.333252, -0.936052, 0.112896, -0.00768, 0.0, 0.0, 0.0, 1.0],
                [-0.997997, -0.058371, 0.024372, -0.152517, 0.057534, -0.997773, -0.033757, -0.056564, 0.026288, -0.032289, 0.999131, -0.00768, 0.0, 0.0, 0.0, 1.0]
            ]
        },
        {
            "name": "LeftFoot",
            "time": [0.0, 0.1667, 0.3167, 0.45, 0.5833],
            "transform": [
                [0.999874, 0.007996, 0.013747, 0.0, -0.006445, 0.993979, -0.109382, 0.370083, -0.014539, 0.10928, 0.993905, 0.0, 0.0, 0.0, 0.0, 1.0],
                [0.999683, 0.004256, 0.024819, -0.0, 0.000112, 0.984851, -0.173403, 0.370083, -0.025181, 0.173351, 0.984538, 0.0, 0.0, 0.0, 0.0, 1.0],
                [0.995879, 0.086945, 0.025817, 0.0, 0.050402, -0.293882, -0.954512, 0.370083, -0.075403, 0.951879, -0.297053, -0.0, 0.0, 0.0, 0.0, 1.0],
                [0.997228, 0.054048, 0.05113, 0.0, -0.031949, 0.931721, -0.361766, 0.370083, -0.067192, 0.35913, 0.930866, 0.0, 0.0, 0.0, 0.0, 1.0],
                [0.999874, 0.007996, 0.013747, 0.0, -0.006445, 0.993979, -0.109382, 0.370083, -0.014539, 0.10928, 0.993905, 0.0, 0.0, 0.0, 0.0, 1.0]
            ]
        },
        {
            "name": "LeftKnee",
            "time": [0.0, 0.1667, 0.3167, 0.45, 0.5833],
            "transform": [
                [-0.999873, -0.01092, -0.011563, 0.0, 0.006445, 0.386447, -0.922289, 0.370083, 0.01454, -0.922247, -0.386328, 0.0, 0.0, 0.0, 0.0, 1.0],
                [-0.998202, -0.034852, -0.048755, 0.011332, -0.019699, 0.959125, -0.282298, 0.285866, 0.056601, -0.28083, -0.958087, -0.081328, 0.0, 0.0, 0.0, 1.0],
                [-0.997013, -0.059696, -0.049009, -0.00159, -0.031488, 0.893561, -0.447837, 0.391716, 0.070527, -0.444956, -0.892771, -0.079081, 0.0, 0.0, 0.0, 1.0],
                [-0.997625, -0.055019, -0.041445, -0.004558, 0.060326, -0.407404, -0.911253, 0.437118, 0.033252, -0.911589, 0.409755, -0.070958, 0.0, 0.0, 0.0, 1.0],
                [-0.999873, -0.01092, -0.011563, 0.0, 0.006445, 0.386447, -0.922289, 0.370083, 0.01454, -0.922247, -0.386328, 0.0, 0.0, 0.0, 0.0, 1.0]
            ]
        }
    ]
}