{
    "animation": [
        {
            "name": "Root",
            "time": [0.0, 0.1, 0.2333, 2.4, 2.6667, 2.7833, 3.0],
            "transform": [
                [0.999432, -0.003881, -0.033472, -0.005753, -0.033636, -0.17393, -0.984183, -0.1155, -0.002003, 0.98475, -0.173962, 0.637081, 0.0, 0.0, 0.0, 1.0],
                [0.999434, -0.003872, -0.033424, -0.005753, -0.032529, -0.365141, -0.930384, -0.932524, -0.008602, 0.930944, -0.36506, 0.637081, 0.0, 0.0, 0.0, 1.0],
                [0.999434, -0.003866, -0.033406, -0.005753, -0.031768, -0.434387, -0.900166, -1.24268, -0.011031, 0.900718, -0.434264, 0.637081, 0.0, 0.0, 0.0, 1.0],
                [0.999434, -0.003866, -0.033406, -0.005753, -0.029861, -0.55888, -0.828711, -1.24268, -0.015466, 0.829239, -0.55868, 0.637081, 0.0, 0.0, 0.0, 1.0],
                [0.999434, -0.003877, -0.033421, -0.005753, -0.03331, 0.0257, -0.999115, -1.249188, 0.004732, 0.999662, 0.025556, 0.637081, 0.0, 0.0, 0.0, 1.0],
                [0.999433, -0.003879, -0.033433, -0.005753, -0.033625, -0.071223, -0.996894, -1.196686, 0.001486, 0.997453, -0.071313, 0.637081, 0.0, 0.0, 0.0, 1.0],
                [0.999432, -0.003881, -0.033472, -0.005753, -0.032907, 0.101344, -0.994307, -1.161775, 0.007251, 0.994844, 0.101158, 0.637081, 0.0, 0.0, 0.0, 1.0]
            ]
        },
        {
            "name": "Torso",
            "time": [0.0, 0.1, 0.2333, 2.4, 2.6667, 2.7833, 3.0],
            "transform": [
                [0.999418, 0.012176, -0.031872, -0.0, -0.015153, 0.995369, -0.094924, 0.083555, 0.030569, 0.095351, 0.994974, -0.0, 0.0, 0.0, 0.0, 1.0],
                [0.999418, 0.007821, -0.03321, 0.0, -0.015153, 0.97385, -0.226687, 0.083555, 0.030569, 0.227058, 0.973401, -0.0, 0.0, 0.0, 0.0, 1.0],
                [0.999418, 0.006125, -0.033564, -0.0, -0.015153, 0.961092, -0.275814, 0.083555, 0.030569, 0.276162, 0.960625, 0.0, 0.0, 0.0, 0.0, 1.0],
                [0.999418, 0.006125, -0.033564, -0.0, -0.015153, 0.961092, -0.275814, 0.083555, 0.030569, 0.276162, 0.960625, -0.0, 0.0, 0.0, 0.0, 1.0],
                [0.999418, 0.016125, -0.030067, -0.0, -0.015153, 0.999364, 0.032274, 0.083555, 0.030569, -0.0318, 0.999027, -0.0, 0.0, 0.0, 0.0, 1.0],
                [0.999418, 0.017068, -0.029543, 0.0, -0.015153, 0.997844, 0.063852, 0.083555, 0.030569, -0.063367, 0.997522, -0.0, 0.0, 0.0, 0.0, 1.0],
                [0.999418, 0.012176, -0.031872, 0.0, -0.015153, 0.995369, -0.094924, 0.083555, 0.030569, 0.095351, 0.994974, -0.0, 0.0, 0.0, 0.0, 1.0]
            ]
        },
        {
            "name": "Chest",
            "time": [0.0, 0.1, 0.2333, 2.4, 2.6667, 2.7833, 3.0],
            "transform": [
                [0.997739, -0.053583, 0.04057, 0.0, 0.030596, 0.899584, 0.435676, 0.314859, -0.059841, -0.433449, 0.899189, 0.0, 0.0, 0.0, 0.0, 1.0],
                [0.997739, -0.059104, 0.031997, -0.0, 0.030596, 0.823324, 0.566747, 0.314859, -0.059841, -0.564486, 0.82327, 0.0, 0.0, 0.0, 0.0, 1.0],
                [0.997739, -0.060848, 0.028542, 0.0, 0.030596, 0.78933, 0.613206, 0.314859, -0.059841, -0.610946, 0.789407, 0.0, 0.0, 0.0, 0.0, 1.0],
                [0.997739, -0.060848, 0.028542, 0.0, 0.030596, 0.78933, 0.613206, 0.314859, -0.059841, -0.610946, 0.789407, -0.0, 0.0, 0.0, 0.0, 1.0],
                [0.997739, -0.059476, 0.031299, 0.0, 0.030596, 0.816596, 0.576399, 0.31486, -0.059841, -0.574138, 0.816569, 0.0, 0.0, 0.0, 0.0, 1.0],
                [0.997739, -0.057987, 0.033979, 0.0, 0.030596, 0.842029, 0.538564, 0.314859, -0.059841, -0.536307, 0.841899, -0.0, 0.0, 0.0, 0.0, 1.0],
                [0.997739, -0.046021, 0.048981, -0.0, 0.030596, 0.959906, 0.278646, 0.314859, -0.059841, -0.276517, 0.959144, 0.0, 0.0, 0.0, 0.0, 1.0]
            ]
        },
        {
            "name": "LeftShoulder",
            "time": [0.0, 3.0],
            "transform": [
                [0.018324, -0.980857, -0.193867, -0.093367, -0.017111, -0.194179, 0.980817, 0.347989, -0.999686, -0.014655, -0.020341, -0.003363, 0.0, 0.0, 0.0, 1.0],
                [0.018324, -0.980857, -0.193867, -0.093367, -0.017111, -0.194179, 0.980817, 0.347989, -0.999686, -0.014655, -0.020341, -0.003363, 0.0, 0.0, 0.0, 1.0]
            ]
        },
        {
            "name": "LeftArm",
            "time": [0.0, 0.1, 0.2333, 2.4, 2.6667, 2.7833, 3.0],
            "transform": [
                [0.600809, 0.631528, -0.490104, 0.0, 0.294847, 0.3948, 0.870171, 0.34013, 0.74303, -0.667312, 0.050995, 0.0, 0.0, 0.0, 0.0, 1.0],
                [0.313164, 0.929898, -0.192921, -0.0, 0.414205, 0.049064, 0.90886, 0.34013, 0.854612, -0.364531, -0.369803, 0.0, 0.0, 0.0, 0.0, 1.0],
                [0.202175, 0.978891, -0.029974, -0.0, 0.485142, -0.073518, 0.871339, 0.34013, 0.850742, -0.190705, -0.489765, 0.0, 0.0, 0.0, 0.0, 1.0],
                [-0.263241, 0.895256, 0.359473, 0.0, 0.464634, -0.2089, 0.860509, 0.34013, 0.84547, 0.393544, -0.360975, -0.0, 0.0, 0.0, 0.0, 1.0],
                [0.047995, 0.168573, -0.98452, 0.0, 0.82697, 0.546089, 0.133818, 0.34013, 0.560194, -0.820591, -0.113195, -0.0, 0.0, 0.0, 0.0, 1.0],
                [-0.066157, 0.017507, -0.997656, -0.0, 0.861083, 0.506174, -0.048218, 0.34013, 0.504143, -0.862254, -0.048562, 0.0, 0.0, 0.0, 0.0, 1.0],
                [-0.206164, 0.162019, -0.965011, -0.0, 0.915177, 0.380979, -0.131554, 0.34013, 0.346335, -0.910277, -0.22682, -0.0, 0.0, 0.0, 0.0, 1.0]
            ]
        },
        {
            "name": "LeftLowerArm",
            "time": [0.0, 0.1, 0.2333, 2.4, 2.6667, 2.7833, 3.0],
            "transform": [
                [0.999992, -0.00037, 0.004102, -0.0, -0.001439, 0.901745, 0.432267, 0.312152, -0.003859, -0.432269, 0.901736, -0.0, 0.0, 0.0, 0.0, 1.0],
                [0.954091, -0.299465, 0.005513, 0.0, 0.268993, 0.864814, 0.423956, 0.312152, -0.131728, -0.40301, 0.905666, -0.0, 0.0, 0.0, 0.0, 1.0],
                [0.913354, -0.407111, 0.006765, 0.0, 0.366688, 0.829661, 0.420954, 0.312152, -0.176987, -0.381999, 0.907057, 0.0, 0.0, 0.0, 0.0, 1.0],
                [0.913354, -0.40711, 0.006765, 0.0, 0.366688, 0.829661, 0.420954, 0.312152, -0.176987, -0.381999, 0.907057, -0.0, 0.0, 0.0, 0.0, 1.0],
                [0.981075, -0.193351, 0.010386, 0.0, 0.175563, 0.910878, 0.373469, 0.312152, -0.081671, -0.364578, 0.927585, 0.0, 0.0, 0.0, 0.0, 1.0],
                [0.991308, -0.131237, 0.009214, 0.0, 0.119075, 0.924805, 0.361326, 0.312152, -0.05594, -0.357088, 0.932394, 0.0, 0.0, 0.0, 0.0, 1.0],
                [0.999992, 5.2e-05, 0.004118, 0.0, -0.001439, 0.941276, 0.337634, 0.312152, -0.003859, -0.337637, 0.941268, 0.0, 0.0, 0.0, 0.0, 1.0]
            ]
        },
        {
            "name": "RightShoulder",
            "time": [0.0, 3.0],
            "transform": [
                [-0.038206, 0.944895, 0.325137, 0.095562, -0.001055, -0.325413, 0.945571, 0.352916, 0.999269, 0.035784, 0.01343, 0.00204, 0.0, 0.0, 0.0, 1.0],
                [-0.038206, 0.944895, 0.325137, 0.095562, -0.001055, -0.325413, 0.945572, 0.352916, 0.999269, 0.035784, 0.01343, 0.00204, 0.0, 0.0, 0.0, 1.0]
            ]
        },
        {
            "name": "RightArm",
            "time": [0.0, 0.1, 0.2333, 2.4, 2.6667, 2.7833, 3.0],
            "transform": [
                [0.02511, -0.317853, 0.947807, -0.0, -0.892775, 0.419464, 0.164322, 0.293782, -0.449802, -0.850305, -0.273238, 0.0, 0.0, 0.0, 0.0, 1.0],
                [0.292538, -0.57695, 0.762594, 0.0, -0.380068, 0.661634, 0.646365, 0.293782, -0.877479, -0.478924, -0.025727, 0.0, 0.0, 0.0, 0.0, 1.0],
                [0.323686, -0.686353, 0.651265, -0.0, -0.113653, 0.655133, 0.746916, 0.293782, -0.939313, -0.315785, 0.134051, 0.0, 0.0, 0.0, 0.0, 1.0],
                [0.540751, -0.839008, 0.060452, -0.0, 0.035123, 0.094323, 0.994922, 0.293782, -0.840449, -0.535881, 0.080473, -0.0, 0.0, 0.0, 0.0, 1.0],
                [0.237952, -0.107297, 0.965332, 0.0, -0.643766, 0.726787, 0.23947, 0.293782, -0.727286, -0.67843, 0.103867, -0.0, 0.0, 0.0, 0.0, 1.0],
                [0.150206, -0.024848, 0.988342, -0.0, -0.750732, 0.647614, 0.130376, 0.293782, -0.643304, -0.761563, 0.078621, -0.0, 0.0, 0.0, 0.0, 1.0],
                [0.02511, -0.317853, 0.947807, 0.0, -0.892775, 0.419464, 0.164322, 0.293782, -0.449802, -0.850305, -0.273238, 0.0, 0.0, 0.0, 0.0, 1.0]
            ]
        },
        {
            "name": "RightLowerArm",
            "time": [0.0, 0.1, 0.2333, 2.4, 2.6667, 2.7833, 3.0],
            "transform": [
                [0.998152, 0.016618, 0.058443, 0.0, -0.027742, 0.980406, 0.195023, 0.320511, -0.054057, -0.196284, 0.979056, 0.0, 0.0, 0.0, 0.0, 1.0],
                [0.998152, -0.051199, 0.032718, -0.0, -0.027742, 0.095057, 0.995085, 0.320511, -0.054057, -0.994154, 0.093461, -0.0, 0.0, 0.0, 0.0, 1.0],
                [0.998152, -0.06044, 0.006226, 0.0, -0.027742, -0.362167, 0.9317, 0.320511, -0.054057, -0.930152, -0.363175, -0.0, 0.0, 0.0, 0.0, 1.0],
                [0.998152, -0.044338, 0.041544, 0.0, -0.027742, 0.275743, 0.960831, 0.320511, -0.054057, -0.960208, 0.274003, 0.0, 0.0, 0.0, 0.0, 1.0],
                [0.998152, -0.030253, 0.052693, -0.0, -0.027742, 0.544654, 0.838202, 0.320511, -0.054057, -0.838115, 0.542808, -0.0, 0.0, 0.0, 0.0, 1.0],
                [0.998152, -0.014843, 0.058919, -0.0, -0.027742, 0.751394, 0.65927, 0.320511, -0.054057, -0.659687, 0.749594, 0.0, 0.0, 0.0, 0.0, 1.0],
                [0.998152, 0.016618, 0.058443, 0.0, -0.027742, 0.980406, 0.195023, 0.320511, -0.054057, -0.196284, 0.979056, -0.0, 0.0, 0.0, 0.0, 1.0]
            ]
        },
        {
            "name": "Head",
            "time": [0.0, 0.1, 0.2333, 2.4, 2.6667, 2.7833, 3.0],
            "transform": [
                [0.995079, -0.037064, -0.091896, 0.0, 0.045788, 0.994451, 0.094718, 0.325875, 0.087875, -0.098459, 0.991254, 0.0, 0.0, 0.0, 0.0, 1.0],
                [0.995079, -0.037689, -0.091641, -0.0, 0.045788, 0.995072, 0.087948, 0.325875, 0.087875, -0.091711, 0.991901, 0.0, 0.0, 0.0, 0.0, 1.0],
                [0.995079, -0.037925, -0.091544, -0.0, 0.045788, 0.995296, 0.085377, 0.325875, 0.087875, -0.089148, 0.992134, 0.0, 0.0, 0.0, 0.0, 1.0],
                [0.995079, -0.037925, -0.091544, 0.0, 0.045788, 0.995296, 0.085377, 0.325875, 0.087875, -0.089148, 0.992134, -0.0, 0.0, 0.0, 0.0, 1.0],
                [0.995079, -0.046488, -0.087507, -0.0, 0.045788, 0.998901, -0.009994, 0.325875, 0.087875, 0.005938, 0.996114, 0.0, 0.0, 0.0, 0.0, 1.0],
                [0.995079, -0.048811, -0.086233, -0.0, 0.045788, 0.998277, -0.036691, 0.325875, 0.087875, 0.032562, 0.995599, 0.0, 0.0, 0.0, 0.0, 1.0],
                [0.995079, -0.053581, -0.083353, 0.0, 0.045788, 0.994637, -0.092745, 0.325875, 0.087875, 0.088472, 0.992195, -0.0, 0.0, 0.0, 0.0, 1.0]
            ]
        },
        {
            "name": "RightLeg",
            "time": [0.0, 0.1, 0.2333, 2.4, 2.6667, 2.7833, 3.0],
            "transform": [
                [-0.979083, 0.192197, -0.066759, 0.124009, -0.191345, -0.981339, -0.018987, -0.021387, -0.069162, -0.005814, 0.997585, -0.001198, 0.0, 0.0, 0.0, 1.0],
                [-0.979083, 0.190976, -0.070174, 0.124009, -0.191345, -0.981521, -0.001493, -0.021387, -0.069162, 0.011968, 0.997531, -0.001198, 0.0, 0.0, 0.0, 1.0],
                [-0.979083, 0.190497, -0.071466, 0.124009, -0.191345, -0.981509, 0.005155, -0.021387, -0.069162, 0.018723, 0.997427, -0.001198, 0.0, 0.0, 0.0, 1.0],
                [-0.979083, 0.190497, -0.071466, 0.124009, -0.191345, -0.981509, 0.005155, -0.021387, -0.069162, 0.018724, 0.997427, -0.001198, 0.0, 0.0, 0.0, 1.0],
                [-0.979083, 0.165213, -0.118748, 0.124009, -0.191345, -0.94608, 0.26138, -0.021387, -0.069162, 0.278635, 0.9579, -0.001198, 0.0, 0.0, 0.0, 1.0],
                [-0.979083, 0.161968, -0.123138, 0.124009, -0.191345, -0.938727, 0.286667, -0.021387, -0.069162, 0.304233, 0.95008, -0.001198, 0.0, 0.0, 0.0, 1.0],
                [-0.979083, 0.192197, -0.066759, 0.124009, -0.191345, -0.981339, -0.018987, -0.021387, -0.069162, -0.005814, 0.997585, -0.001198, 0.0, 0.0, 0.0, 1.0]
            ]
        },
        {
            "name": "RightFoot",
            "time": [0.0, 0.1, 0.2333, 2.4, 2.6667, 2.7833, 3.0],
            "transform": [
                [0.970715, 0.236061, -0.044575, -0.0, -0.234699, 0.892291, -0.385659, 0.369915, -0.051265, 0.384827, 0.921564, -0.0, 0.0, 0.0, 0.0, 1.0],
                [0.971758, 0.232177, -0.042199, -0.0, -0.230399, 0.89482, -0.382379, 0.369915, -0.051019, 0.381302, 0.923042, 0.0, 0.0, 0.0, 0.0, 1.0],
                [0.972148, 0.230699, -0.0413, 0.0, -0.228766, 0.895772, -0.381129, 0.369915, -0.05093, 0.379962, 0.923599, 0.0, 0.0, 0.0, 0.0, 1.0],
                [0.972148, 0.230699, -0.0413, 0.0, -0.228766, 0.895772, -0.381129, 0.369915, -0.05093, 0.379962, 0.923599, -0.0, 0.0, 0.0, 0.0, 1.0],
                [0.99101, 0.133773, -0.001695, 0.0, -0.126768, 0.934915, -0.331457, 0.369915, -0.042755, 0.328692, 0.943469, -0.0, 0.0, 0.0, 0.0, 1.0],
                [0.994336, 0.106173, 0.004886, 0.0, -0.098777, 0.940086, -0.326314, 0.369915, -0.039239, 0.323983, 0.945249, -0.0, 0.0, 0.0, 0.0, 1.0],
                [0.998319, 0.057684, -0.005646, 0.0, -0.050045, 0.808758, -0.586008, 0.369915, -0.029237, 0.585305, 0.810286, 0.0, 0.0, 0.0, 0.0, 1.0]
            ]
        },
        {
            "name": "RightKnee",
            "time": [0.0, 0.1, 0.2333, 2.4, 2.6667, 2.7833, 3.0],
            "transform": [
                [0.999907, -0.010759, 0.008368, -0.0, -0.006445, 0.167694, 0.985818, 0.369915, -0.012009, -0.98578, 0.167609, -0.0, 0.0, 0.0, 0.0, 1.0],
                [0.999907, -0.010759, 0.008368, -0.0, -0.006445, 0.167694, 0.985818, 0.369915, -0.012009, -0.98578, 0.167609, 0.0, 0.0, 0.0, 0.0, 1.0],
                [0.999907, -0.010759, 0.008368, 0.0, -0.006445, 0.167694, 0.985818, 0.369915, -0.012009, -0.98578, 0.167609, 0.0, 0.0, 0.0, 0.0, 1.0],
                [0.999907, -0.010759, 0.008368, 0.0, -0.006445, 0.167694, 0.985818, 0.369915, -0.012009, -0.98578, 0.167609, -0.0, 0.0, 0.0, 0.0, 1.0],
                [0.999907, -0.010759, 0.008368, 0.0, -0.006445, 0.167694, 0.985818, 0.369915, -0.012009, -0.98578, 0.167609, -0.0, 0.0, 0.0, 0.0, 1.0],
                [0.999907, -0.010759, 0.008368, 0.0, -0.006445, 0.167694, 0.985818, 0.369915, -0.012009, -0.98578, 0.167609, -0.0, 0.0, 0.0, 0.0, 1.0],
                [0.999907, -0.010759, 0.008368, 0.0, -0.006445, 0.167694, 0.985818, 0.369915, -0.012009, -0.98578, 0.167609, 0.0, 0.0, 0.0, 0.0, 1.0]
            ]
        },
        {
            "name": "LeftLeg",
            "time": [0.0, 0.1, 0.2333, 2.4, 2.6667, 2.7833, 3.0],
            "transform": [
                [-0.998197, -0.053043, -0.028081, -0.152517, 0.05599, -0.654497, -0.753988, -0.056564, 0.021615, -0.754201, 0.656285, -0.00768, 0.0, 0.0, 0.0, 1.0],
                [-0.998197, -0.03155, -0.051056, -0.152517, 0.05599, -0.183151, -0.981489, -0.056564, 0.021615, -0.982576, 0.184586, -0.00768, 0.0, 0.0, 0.0, 1.0],
                [-0.998197, -0.020808, -0.056295, -0.152517, 0.05599, 0.014964, -0.998319, -0.056564, 0.021615, -0.999669, -0.013774, -0.00768, 0.0, 0.0, 0.0, 1.0],
                [-0.998197, -0.020808, -0.056295, -0.152517, 0.05599, 0.014964, -0.998319, -0.056564, 0.021615, -0.999669, -0.013774, -0.00768, 0.0, 0.0, 0.0, 1.0],
                [-0.998197, -0.057168, -0.018272, -0.152517, 0.05599, -0.777366, -0.626552, -0.056564, 0.021615, -0.626445, 0.779163, -0.00768, 0.0, 0.0, 0.0, 1.0],
                [-0.998197, -0.058803, -0.012011, -0.152517, 0.05599, -0.840298, -0.539225, -0.056564, 0.021615, -0.538925, 0.842074, -0.00768, 0.0, 0.0, 0.0, 1.0],
                [-0.998197, -0.054508, -0.025118, -0.152517, 0.05599, -0.695014, -0.716813, -0.056564, 0.021615, -0.716926, 0.696811, -0.00768, 0.0, 0.0, 0.0, 1.0]
            ]
        },
        {
            "name": "LeftFoot",
            "time": [0.0, 0.1, 0.2333, 2.4, 2.6667, 2.7833, 3.0],
            "transform": [
                [0.999874, 0.015182, -0.004734, 0.0, -0.006445, 0.114705, -0.993379, 0.370083, -0.014539, 0.993284, 0.114788, 0.0, 0.0, 0.0, 0.0, 1.0],
                [0.999874, 0.015429, -0.003853, 0.0, -0.006445, 0.171624, -0.985141, 0.370083, -0.014539, 0.985042, 0.171701, 0.0, 0.0, 0.0, 0.0, 1.0],
                [0.999874, 0.01551, -0.003512, -0.0, -0.006445, 0.193334, -0.981112, 0.370083, -0.014539, 0.98101, 0.193409, 0.0, 0.0, 0.0, 0.0, 1.0],
                [0.999874, 0.01551, -0.003512, -0.0, -0.006445, 0.193334, -0.981112, 0.370083, -0.014539, 0.98101, 0.193409, 0.0, 0.0, 0.0, 0.0, 1.0],
                [0.999874, 0.012348, 0.010021, 0.0, -0.006445, 0.890715, -0.454517, 0.370083, -0.014538, 0.454395, 0.890681, -0.0, 0.0, 0.0, 0.0, 1.0],
                [0.999874, 0.011404, 0.011084, -0.0, -0.006445, 0.927765, -0.373111, 0.370083, -0.014539, 0.372992, 0.927721, 0.0, 0.0, 0.0, 0.0, 1.0],
                [0.999874, 0.013952, 0.007632, -0.0, -0.006445, 0.794213, -0.607606, 0.370083, -0.014539, 0.60748, 0.794202, 0.0, 0.0, 0.0, 0.0, 1.0]
            ]
        },
        {
            "name": "LeftKnee",
            "time": [0.0, 0.1, 0.2333, 2.4, 2.6667, 2.7833, 3.0],
            "transform": [
                [-0.999873, 0.002671, -0.015678, -0.000196, 0.006445, 0.969282, -0.245866, 0.401515, 0.01454, -0.245936, -0.969177, -0.027407, 0.0, 0.0, 0.0, 1.0],
                [-0.999873, 0.002307, -0.015736, -0.000189, 0.006445, 0.963325, -0.268261, 0.400375, 0.01454, -0.268329, -0.963218, -0.026413, 0.0, 0.0, 0.0, 1.0],
                [-0.999873, 0.002169, -0.015755, -0.000186, 0.006445, 0.960921, -0.276747, 0.399943, 0.01454, -0.276813, -0.960814, -0.026036, 0.0, 0.0, 0.0, 1.0],
                [-0.999873, 0.002169, -0.015755, -0.000186, 0.006445, 0.960921, -0.276747, 0.399943, 0.01454, -0.276813, -0.960814, -0.026036, 0.0, 0.0, 0.0, 1.0],
                [-0.999873, -0.003069, -0.015605, -8.6e-05, 0.006445, 0.818838, -0.573988, 0.383962, 0.01454, -0.574016, -0.818715, -0.012101, 0.0, 0.0, 0.0, 1.0],
                [-0.999873, -0.004504, -0.015253, -5.9e-05, 0.006445, 0.76203, -0.64751, 0.379493, 0.01454, -0.647526, -0.761905, -0.008205, 0.0, 0.0, 0.0, 1.0],
                [-0.999873, -0.007352, -0.014103, -0.0, 0.006445, 0.623359, -0.781909, 0.370083, 0.01454, -0.781901, -0.623233, 0.0, 0.0, 0.0, 0.0, 1.0]
            ]
        }
    ]
}