{
    "animation": [
        {
            "name": "Root",
            "time": [0.0, 0.1167, 0.2667, 0.4833, 1.5167, 2.6167, 2.7, 2.8, 2.9167, 3.1833, 3.4667],
            "transform": [
                [0.999432, -0.003881, -0.033472, -0.005753, -0.032907, 0.101344, -0.994307, -0.047813, 0.007251, 0.994844, 0.101158, 0.637081, 0.0, 0.0, 0.0, 1.0],
                [0.999432, 0.016479, -0.029392, -0.007595, -0.032907, 0.665, -0.746118, -0.050084, 0.007251, 0.746661, 0.665165, 1.745633, 0.0, 0.0, 0.0, 1.0],
                [0.999432, 0.033555, -0.003078, -0.011777, -0.032907, 0.991595, 0.125125, -0.053515, 0.007251, -0.124953, 0.992136, 2.108749, 0.0, 0.0, 0.0, 1.0],
                [0.999432, 0.033555, -0.003078, -0.011777, -0.032907, 0.991595, 0.125125, -0.053515, 0.007251, -0.124953, 0.992136, 2.108749, 0.0, 0.0, 0.0, 1.0],
                [0.999432, 0.033555, -0.003078, -0.011777, -0.033188, 0.964443, -0.262201, -0.053515, -0.00583, 0.262154, 0.965008, 2.046389, 0.0, 0.0, 0.0, 1.0],
                [0.999432, 0.033555, -0.003078, -0.011777, -0.032907, 0.991595, 0.125125, -0.053515, 0.007251, -0.124953, 0.992136, 2.108749, 0.0, 0.0, 0.0, 1.0],
                [0.999432, 0.033555, -0.003078, -0.011777, -0.031856, 0.911125, -0.410897, -0.053515, -0.010983, 0.410761, 0.911677, 0.360764, 0.0, 0.0, 0.0, 1.0],
                [0.999432, 0.033555, -0.003078, -0.011777, -0.031856, 0.911125, -0.410897, -0.053515, -0.010983, 0.410761, 0.911677, 0.360764, 0.0, 0.0, 0.0, 1.0],
                [0.999432, 0.033555, -0.003078, -0.011777, -0.031856, 0.911125, -0.410897, -0.053515, -0.010983, 0.410761, 0.911677, 0.360764, 0.0, 0.0, 0.0, 1.0],
                [0.99955, 0.019891, -0.022463, -0.008915, -0.029922, 0.60566, -0.795161, -0.050806, -0.002212, 0.795475, 0.605983, 0.666396, 0.0, 0.0, 0.0, 1.0],
                [0.999432, -0.003881, -0.033472, -0.005753, -0.032907, 0.101344, -0.994307, -0.047813, 0.007251, 0.994844, 0.101158, 0.637081, 0.0, 0.0, 0.0, 1.0]
            ]
        },
        {
            "name": "Torso",
            "time": [0.0, 0.1167, 0.2667, 0.4833, 1.5167, 2.6167, 2.7, 2.8, 2.9167, 3.4667],
            "transform": [
                [0.999418, 0.012176, -0.031872, 0.0, -0.015153, 0.995369, -0.094924, 0.083555, 0.030569, 0.095351, 0.994974, 0.0, 0.0, 0.0, 0.0, 1.0],
                [0.999418, 0.021563, -0.026441, 0.0, -0.015153, 0.97487, 0.222258, 0.083555, 0.030569, -0.221728, 0.974629, -0.0, 0.0, 0.0, 0.0, 1.0],
                [0.999418, 0.012176, -0.031872, -0.0, -0.015153, 0.995369, -0.094924, 0.083555, 0.030569, 0.095351, 0.994974, -0.0, 0.0, 0.0, 0.0, 1.0],
                [0.999418, 0.012537, -0.031731, -0.0, -0.015153, 0.996385, -0.083592, 0.083555, 0.030569, 0.084024, 0.995995, -0.0, 0.0, 0.0, 0.0, 1.0],
                [0.999418, 0.015493, -0.030398, 0.0, -0.015153, 0.999821, 0.011364, 0.083555, 0.030569, -0.010897, 0.999473, 0.0, 0.0, 0.0, 0.0, 1.0],
                [0.999418, 0.012176, -0.031872, -0.0, -0.015153, 0.995369, -0.094924, 0.083555, 0.030569, 0.095351, 0.994974, -0.0, 0.0, 0.0, 0.0, 1.0],
                [0.999418, 0.012176, -0.031872, 0.0, -0.015153, 0.995369, -0.094923, 0.083555, 0.030569, 0.095351, 0.994974, -0.0, 0.0, 0.0, 0.0, 1.0],
                [0.999418, 0.016296, -0.029975, 0.0, -0.015153, 0.999164, 0.037958, 0.083555, 0.030569, -0.037481, 0.99883, -0.0, 0.0, 0.0, 0.0, 1.0],
                [0.999418, 0.017161, -0.029488, 0.0, -0.015153, 0.997637, 0.067013, 0.083555, 0.030569, -0.066527, 0.997316, -0.0, 0.0, 0.0, 0.0, 1.0],
                [0.999418, 0.012176, -0.031872, 0.0, -0.015153, 0.995369, -0.094924, 0.083555, 0.030569, 0.095351, 0.994974, 0.0, 0.0, 0.0, 0.0, 1.0]
            ]
        },
        {
            "name": "Chest",
            "time": [0.0, 0.1167, 0.2667, 0.4833, 1.5167, 2.6167, 2.7, 2.8, 2.9167, 3.1167, 3.4667],
            "transform": [
                [0.997739, -0.046021, 0.048981, -0.0, 0.030596, 0.959906, 0.278646, 0.314859, -0.059841, -0.276517, 0.959144, 0.0, 0.0, 0.0, 0.0, 1.0],
                [0.997739, -0.065275, 0.016007, 0.0, 0.030596, 0.653191, 0.756575, 0.314859, -0.059841, -0.754374, 0.653711, -0.0, 0.0, 0.0, 0.0, 1.0],
                [0.997739, -0.060515, 0.029242, -0.0, 0.030596, 0.796351, 0.604061, 0.314859, -0.059841, -0.6018, 0.796402, -0.0, 0.0, 0.0, 0.0, 1.0],
                [0.997739, -0.060849, 0.028538, -0.0, 0.030596, 0.789295, 0.613252, 0.314859, -0.059841, -0.610992, 0.789372, -0.0, 0.0, 0.0, 0.0, 1.0],
                [0.997739, -0.063332, 0.022498, 0.0, 0.030596, 0.726054, 0.686957, 0.314859, -0.059841, -0.684715, 0.72635, 0.0, 0.0, 0.0, 0.0, 1.0],
                [0.997739, -0.060515, 0.029242, -0.0, 0.030596, 0.796351, 0.604061, 0.314859, -0.059841, -0.6018, 0.796402, -0.0, 0.0, 0.0, 0.0, 1.0],
                [0.997739, -0.044528, 0.050342, -0.0, 0.030596, 0.967844, 0.249683, 0.314859, -0.059841, -0.247578, 0.967018, -0.0, 0.0, 0.0, 0.0, 1.0],
                [0.997739, -0.043984, 0.050818, -0.0, 0.030596, 0.970475, 0.239253, 0.314859, -0.059841, -0.237157, 0.969626, -0.0, 0.0, 0.0, 0.0, 1.0],
                [0.997739, -0.043973, 0.050828, -0.0, 0.030596, 0.970527, 0.239043, 0.314859, -0.059841, -0.236947, 0.969678, 0.0, 0.0, 0.0, 0.0, 1.0],
                [0.997739, -0.058642, 0.032836, 0.0, 0.030596, 0.831318, 0.554955, 0.314859, -0.059841, -0.552696, 0.831232, 0.0, 0.0, 0.0, 0.0, 1.0],
                [0.997739, -0.046021, 0.048981, -0.0, 0.030596, 0.959906, 0.278646, 0.314859, -0.059841, -0.276517, 0.959144, 0.0, 0.0, 0.0, 0.0, 1.0]
            ]
        },
        {
            "name": "LeftShoulder",
            "time": [0.0, 3.4667],
            "transform": [
                [0.018324, -0.980857, -0.193867, -0.093367, -0.017111, -0.194179, 0.980817, 0.347989, -0.999686, -0.014655, -0.020341, -0.003363, 0.0, 0.0, 0.0, 1.0],
                [0.018324, -0.980857, -0.193867, -0.093367, -0.017111, -0.194179, 0.980817, 0.347989, -0.999686, -0.014655, -0.020341, -0.003363, 0.0, 0.0, 0.0, 1.0]
            ]
        },
        {
            "name": "LeftArm",
            "time": [0.0, 0.1167, 0.2667, 0.4833, 1.5167, 2.6167, 2.7, 2.8, 2.9167, 3.1167, 3.4667],
            "transform": [
                [-0.206164, 0.162019, -0.965011, 0.0, 0.915177, 0.380979, -0.131554, 0.34013, 0.346335, -0.910277, -0.22682, -0.0, 0.0, 0.0, 0.0, 1.0],
                [0.260059, 0.936767, -0.234175, -0.0, 0.936502, -0.185613, 0.297509, 0.34013, 0.23523, -0.296675, -0.925554, -0.0, 0.0, 0.0, 0.0, 1.0],
                [0.02756, 0.998938, 0.036929, 0.0, 0.945279, -0.038059, 0.324035, 0.34013, 0.325096, 0.025978, -0.945324, -0.0, 0.0, 0.0, 0.0, 1.0],
                [0.023571, 0.991103, 0.130995, 0.0, 0.945173, -0.064784, 0.320081, 0.34013, 0.32572, 0.116269, -0.93829, 0.0, 0.0, 0.0, 0.0, 1.0],
                [0.02756, 0.973545, 0.22683, -0.0, 0.945279, -0.09918, 0.310822, 0.34013, 0.325096, 0.205851, -0.923005, 0.0, 0.0, 0.0, 0.0, 1.0],
                [0.02756, 0.998938, 0.036929, 0.0, 0.945279, -0.038059, 0.324035, 0.34013, 0.325096, 0.025978, -0.945324, -0.0, 0.0, 0.0, 0.0, 1.0],
                [0.02756, 0.96251, -0.269842, 0.0, 0.945279, 0.062697, 0.320181, 0.34013, 0.325096, -0.263901, -0.908113, -0.0, 0.0, 0.0, 0.0, 1.0],
                [-0.411934, 0.910996, -0.019924, -0.0, 0.858673, 0.395406, 0.326091, 0.34013, 0.304946, 0.11722, -0.945128, -0.0, 0.0, 0.0, 0.0, 1.0],
                [-0.494616, 0.868444, 0.034049, -0.0, 0.823326, 0.455652, 0.338403, 0.34013, 0.27837, 0.195413, -0.940385, -0.0, 0.0, 0.0, 0.0, 1.0],
                [-0.007364, 0.808944, -0.58784, 0.0, 0.932371, 0.218028, 0.288353, 0.34013, 0.361427, -0.545962, -0.755841, -0.0, 0.0, 0.0, 0.0, 1.0],
                [-0.206164, 0.162019, -0.965011, 0.0, 0.915177, 0.380979, -0.131554, 0.34013, 0.346335, -0.910277, -0.22682, -0.0, 0.0, 0.0, 0.0, 1.0]
            ]
        },
        {
            "name": "LeftLowerArm",
            "time": [0.0, 0.2667, 0.4833, 2.6167, 2.7, 2.8, 2.9167, 3.4667],
            "transform": [
                [0.999992, 5.2e-05, 0.004118, 0.0, -0.001439, 0.941276, 0.337634, 0.312152, -0.003859, -0.337637, 0.941268, 0.0, 0.0, 0.0, 0.0, 1.0],
                [0.999992, 5.2e-05, 0.004118, 0.0, -0.001439, 0.941277, 0.337634, 0.312152, -0.003859, -0.337637, 0.941268, 0.0, 0.0, 0.0, 0.0, 1.0],
                [0.999991, 5.2e-05, 0.004118, 0.0, -0.001439, 0.941276, 0.337634, 0.312152, -0.003859, -0.337637, 0.941268, 0.0, 0.0, 0.0, 0.0, 1.0],
                [0.999992, 5.2e-05, 0.004118, 0.0, -0.001439, 0.941277, 0.337634, 0.312152, -0.003859, -0.337637, 0.941268, 0.0, 0.0, 0.0, 0.0, 1.0],
                [0.999992, -0.001103, 0.003968, -0.0, -0.001439, 0.809081, 0.587695, 0.312152, -0.003859, -0.587696, 0.809073, 0.0, 0.0, 0.0, 0.0, 1.0],
                [0.999992, -0.001103, 0.003968, 0.0, -0.001439, 0.809081, 0.587695, 0.312152, -0.003859, -0.587696, 0.809073, 0.0, 0.0, 0.0, 0.0, 1.0],
                [0.999992, -0.001103, 0.003968, 0.0, -0.001439, 0.809081, 0.587695, 0.312152, -0.003859, -0.587696, 0.809073, -0.0, 0.0, 0.0, 0.0, 1.0],
                [0.999992, 5.2e-05, 0.004118, 0.0, -0.001439, 0.941276, 0.337634, 0.312152, -0.003859, -0.337637, 0.941268, 0.0, 0.0, 0.0, 0.0, 1.0]
            ]
        },
        {
            "name": "RightShoulder",
            "time": [0.0, 3.4667],
            "transform": [
                [-0.038206, 0.944895, 0.325137, 0.095562, -0.001055, -0.325413, 0.945572, 0.352916, 0.999269, 0.035784, 0.01343, 0.00204, 0.0, 0.0, 0.0, 1.0],
                [-0.038206, 0.944895, 0.325137, 0.095562, -0.001055, -0.325413, 0.945572, 0.352916, 0.999269, 0.035784, 0.01343, 0.00204, 0.0, 0.0, 0.0, 1.0]
            ]
        },
        {
            "name": "RightArm",
            "time": [0.0, 0.1167, 0.2667, 0.4833, 1.5167, 2.6167, 2.7, 2.8, 2.9167, 3.1167, 3.4667],
            "transform": [
                [0.02511, -0.317853, 0.947807, -0.0, -0.892775, 0.419464, 0.164322, 0.293782, -0.449802, -0.850305, -0.273238, 0.0, 0.0, 0.0, 0.0, 1.0],
                [0.311782, -0.944164, 0.106514, -0.0, -0.861972, -0.233901, 0.449772, 0.293782, -0.399745, -0.232043, -0.886769, 0.0, 0.0, 0.0, 0.0, 1.0],
                [-0.10368, -0.977209, -0.185236, 0.0, -0.882102, 0.004301, 0.471039, 0.293782, -0.459507, 0.212234, -0.862444, 0.0, 0.0, 0.0, 0.0, 1.0],
                [-0.11081, -0.940492, -0.32124, 0.0, -0.886753, -0.052391, 0.459265, 0.293782, -0.448765, 0.335751, -0.828179, -0.0, 0.0, 0.0, 0.0, 1.0],
                [-0.10368, -0.884132, -0.455587, -0.0, -0.882102, -0.129882, 0.452799, 0.293782, -0.459507, 0.448821, -0.766429, 0.0, 0.0, 0.0, 0.0, 1.0],
                [-0.10368, -0.977209, -0.185236, 0.0, -0.882102, 0.004301, 0.471039, 0.293782, -0.459507, 0.212234, -0.862444, 0.0, 0.0, 0.0, 0.0, 1.0],
                [-0.218304, -0.958139, -0.185236, -0.0, -0.875427, 0.108393, 0.471039, 0.293782, -0.431243, 0.26499, -0.862444, 0.0, 0.0, 0.0, 0.0, 1.0],
                [-0.394551, -0.77947, -0.486575, -0.0, -0.86925, 0.144952, 0.472645, 0.293782, -0.297883, 0.609438, -0.734745, 0.0, 0.0, 0.0, 0.0, 1.0],
                [-0.413428, -0.730895, -0.543019, -0.0, -0.870096, 0.141364, 0.472175, 0.293782, -0.268347, 0.667689, -0.694392, -0.0, 0.0, 0.0, 0.0, 1.0],
                [0.060747, -0.989583, 0.130519, -0.0, -0.894951, 0.003905, 0.446147, 0.293782, -0.442009, -0.14391, -0.885391, 0.0, 0.0, 0.0, 0.0, 1.0],
                [0.02511, -0.317853, 0.947807, -0.0, -0.892775, 0.419464, 0.164322, 0.293782, -0.449802, -0.850305, -0.273238, 0.0, 0.0, 0.0, 0.0, 1.0]
            ]
        },
        {
            "name": "RightLowerArm",
            "time": [0.0, 0.2667, 0.4833, 2.6167, 2.7, 2.8, 2.9167, 3.4667],
            "transform": [
                [0.998152, 0.016618, 0.058443, 0.0, -0.027742, 0.980406, 0.195023, 0.320511, -0.054057, -0.196284, 0.979056, 0.0, 0.0, 0.0, 0.0, 1.0],
                [0.998152, 0.016618, 0.058443, 0.0, -0.027742, 0.980406, 0.195023, 0.320511, -0.054057, -0.196284, 0.979056, -0.0, 0.0, 0.0, 0.0, 1.0],
                [0.998152, 0.016618, 0.058443, -0.0, -0.027742, 0.980406, 0.195023, 0.320511, -0.054057, -0.196284, 0.979056, -0.0, 0.0, 0.0, 0.0, 1.0],
                [0.998152, 0.016618, 0.058443, 0.0, -0.027742, 0.980406, 0.195023, 0.320511, -0.054057, -0.196284, 0.979056, -0.0, 0.0, 0.0, 0.0, 1.0],
                [0.998152, 0.016618, 0.058443, -0.0, -0.027742, 0.980406, 0.195023, 0.320511, -0.054057, -0.196284, 0.979056, -0.0, 0.0, 0.0, 0.0, 1.0],
                [0.998152, 0.016618, 0.058443, 0.0, -0.027742, 0.980406, 0.195023, 0.320511, -0.054057, -0.196284, 0.979056, 0.0, 0.0, 0.0, 0.0, 1.0],
                [0.998152, 0.016618, 0.058443, 0.0, -0.027742, 0.980406, 0.195023, 0.320511, -0.054057, -0.196284, 0.979056, -0.0, 0.0, 0.0, 0.0, 1.0],
                [0.998152, 0.016618, 0.058443, 0.0, -0.027742, 0.980406, 0.195023, 0.320511, -0.054057, -0.196284, 0.979056, 0.0, 0.0, 0.0, 0.0, 1.0]
            ]
        },
        {
            "name": "Head",
            "time": [0.0, 0.1167, 0.2667, 0.4833, 1.5167, 2.6167, 2.7, 2.8, 2.9167, 3.4667],
            "transform": [
                [0.995079, -0.053581, -0.083353, 0.0, 0.045788, 0.994637, -0.092745, 0.325875, 0.087875, 0.088472, 0.992195, -0.0, 0.0, 0.0, 0.0, 1.0],
                [0.995079, 6e-05, -0.099089, -0.0, 0.045788, 0.886556, 0.46035, 0.325875, 0.087875, -0.462622, 0.88219, 0.0, 0.0, 0.0, 0.0, 1.0],
                [0.995079, -0.053581, -0.083353, 0.0, 0.045788, 0.994637, -0.092745, 0.325875, 0.087875, 0.088472, 0.992195, 0.0, 0.0, 0.0, 0.0, 1.0],
                [0.995079, -0.051265, -0.084797, 0.0, 0.045788, 0.996813, -0.065318, 0.325875, 0.087875, 0.061114, 0.994255, 0.0, 0.0, 0.0, 0.0, 1.0],
                [0.995078, -0.030455, -0.094292, 0.0, 0.045788, 0.985232, 0.164987, 0.325875, 0.087875, -0.168493, 0.981778, 0.0, 0.0, 0.0, 0.0, 1.0],
                [0.995079, -0.053581, -0.083353, 0.0, 0.045788, 0.994637, -0.092745, 0.325875, 0.087875, 0.088472, 0.992195, 0.0, 0.0, 0.0, 0.0, 1.0],
                [0.995079, -0.053581, -0.083353, -0.0, 0.045788, 0.994637, -0.092745, 0.325875, 0.087875, 0.088472, 0.992195, 0.0, 0.0, 0.0, 0.0, 1.0],
                [0.995079, -0.053581, -0.083353, 0.0, 0.045788, 0.994636, -0.092745, 0.325875, 0.087875, 0.088472, 0.992195, 0.0, 0.0, 0.0, 0.0, 1.0],
                [0.995079, -0.053581, -0.083353, -0.0, 0.045788, 0.994637, -0.092745, 0.325875, 0.087875, 0.088472, 0.992195, 0.0, 0.0, 0.0, 0.0, 1.0],
                [0.995079, -0.053581, -0.083353, 0.0, 0.045788, 0.994637, -0.092745, 0.325875, 0.087875, 0.088472, 0.992195, -0.0, 0.0, 0.0, 0.0, 1.0]
            ]
        },
        {
            "name": "RightLeg",
            "time": [0.0, 0.1167, 0.2667, 0.4833, 1.5167, 2.6167, 2.7, 2.8, 2.9167, 3.1167, 3.4667],
            "transform": [
                [-0.979083, 0.192197, -0.066759, 0.124009, -0.191345, -0.981339, -0.018987, -0.021387, -0.069162, -0.005814, 0.997585, -0.001198, 0.0, 0.0, 0.0, 1.0],
                [-0.979083, 0.103452, 0.175197, 0.124009, -0.191345, -0.175474, -0.96571, -0.021387, -0.069161, -0.97903, 0.191599, -0.001198, 0.0, 0.0, 0.0, 1.0],
                [-0.979083, 0.099631, 0.177398, 0.124009, -0.191345, -0.154507, -0.969285, -0.021387, -0.069161, -0.982952, 0.17034, -0.001198, 0.0, 0.0, 0.0, 1.0],
                [-0.979083, 0.096167, 0.179299, 0.124009, -0.191345, -0.135654, -0.972103, -0.021387, -0.069161, -0.986075, 0.151219, -0.001198, 0.0, 0.0, 0.0, 1.0],
                [-0.979083, 0.085475, 0.184635, 0.124009, -0.191345, -0.078351, -0.97839, -0.021387, -0.069161, -0.993252, 0.093069, -0.001198, 0.0, 0.0, 0.0, 1.0],
                [-0.979083, 0.099631, 0.177398, 0.124009, -0.191345, -0.154507, -0.969285, -0.021387, -0.069161, -0.982952, 0.17034, -0.001198, 0.0, 0.0, 0.0, 1.0],
                [-0.994884, -0.038311, -0.093477, 0.124009, 0.020268, 0.830792, -0.556213, -0.021387, 0.098969, -0.555262, -0.825762, -0.001198, 0.0, 0.0, 0.0, 1.0],
                [-0.994884, -0.038311, -0.093477, 0.124009, 0.020268, 0.830792, -0.556213, -0.021387, 0.098969, -0.555262, -0.825762, -0.001198, 0.0, 0.0, 0.0, 1.0],
                [-0.994884, -0.038311, -0.093477, 0.124009, 0.020268, 0.830792, -0.556213, -0.021387, 0.098969, -0.555262, -0.825762, -0.001198, 0.0, 0.0, 0.0, 1.0],
                [-0.999679, -0.009618, -0.023434, 0.124009, 0.024101, -0.076374, -0.996788, -0.021387, 0.007798, -0.99703, 0.076583, -0.001198, 0.0, 0.0, 0.0, 1.0],
                [-0.979083, 0.192197, -0.066759, 0.124009, -0.191345, -0.981339, -0.018987, -0.021387, -0.069162, -0.005814, 0.997585, -0.001198, 0.0, 0.0, 0.0, 1.0]
            ]
        },
        {
            "name": "RightFoot",
            "time": [0.0, 0.1167, 0.2667, 0.4833, 1.5167, 2.6167, 2.7, 2.8, 2.9167, 3.4667],
            "transform": [
                [0.998319, 0.057684, -0.005646, -0.0, -0.050045, 0.808758, -0.586008, 0.369915, -0.029237, 0.585305, 0.810286, 0.0, 0.0, 0.0, 0.0, 1.0],
                [0.998319, 0.037651, -0.044065, -0.0, -0.050045, 0.176461, -0.983034, 0.369914, -0.029237, 0.983587, 0.178049, -0.0, 0.0, 0.0, 0.0, 1.0],
                [0.998319, 0.057684, -0.005646, -0.0, -0.050045, 0.808759, -0.586008, 0.369915, -0.029237, 0.585305, 0.810286, 0.0, 0.0, 0.0, 0.0, 1.0],
                [0.998292, 0.058243, 0.00463, -0.0, -0.050521, 0.900305, -0.432319, 0.369915, -0.029348, 0.431346, 0.901709, -0.0, 0.0, 0.0, 0.0, 1.0],
                [0.998319, 0.055919, 0.015245, 0.0, -0.050045, 0.964325, -0.259947, 0.369915, -0.029237, 0.258747, 0.965503, -0.0, 0.0, 0.0, 0.0, 1.0],
                [0.998319, 0.057684, -0.005646, -0.0, -0.050045, 0.808759, -0.586008, 0.369915, -0.029237, 0.585305, 0.810286, 0.0, 0.0, 0.0, 0.0, 1.0],
                [0.998319, 0.043313, -0.038513, -0.0, -0.050045, 0.308982, -0.94975, 0.369915, -0.029237, 0.950081, 0.31063, 0.0, 0.0, 0.0, 0.0, 1.0],
                [0.998319, 0.043313, -0.038513, -0.0, -0.050045, 0.308982, -0.94975, 0.369915, -0.029237, 0.950081, 0.31063, 0.0, 0.0, 0.0, 0.0, 1.0],
                [0.998319, 0.043313, -0.038513, -0.0, -0.050045, 0.308982, -0.94975, 0.369915, -0.029237, 0.950081, 0.31063, 0.0, 0.0, 0.0, 0.0, 1.0],
                [0.998319, 0.057684, -0.005646, -0.0, -0.050045, 0.808758, -0.586008, 0.369915, -0.029237, 0.585305, 0.810286, 0.0, 0.0, 0.0, 0.0, 1.0]
            ]
        },
        {
            "name": "RightKnee",
            "time": [0.0, 0.1167, 0.2667, 0.4833, 2.6167, 2.7, 2.8, 2.9167, 3.4667],
            "transform": [
                [0.999907, -0.010759, 0.008368, -0.0, -0.006445, 0.167694, 0.985818, 0.369915, -0.012009, -0.98578, 0.167609, 0.0, 0.0, 0.0, 0.0, 1.0],
                [0.999907, 0.006127, 0.012174, -0.000342, -0.006445, 0.999633, 0.026291, 0.426882, -0.012009, -0.026367, 0.99958, -0.059063, 0.0, 0.0, 0.0, 1.0],
                [0.999907, -0.010759, 0.008368, -0.0, -0.006445, 0.167694, 0.985818, 0.369915, -0.012009, -0.98578, 0.167609, 0.0, 0.0, 0.0, 0.0, 1.0],
                [0.999907, -0.010759, 0.008368, -0.0, -0.006445, 0.167694, 0.985818, 0.369915, -0.012009, -0.985781, 0.167609, -0.0, 0.0, 0.0, 0.0, 1.0],
                [0.999907, -0.010759, 0.008368, -0.0, -0.006445, 0.167694, 0.985818, 0.369915, -0.012009, -0.98578, 0.167609, 0.0, 0.0, 0.0, 0.0, 1.0],
                [0.999907, 0.001065, 0.013588, 8.9e-05, -0.006445, 0.915372, 0.402557, 0.446198, -0.01201, -0.402607, 0.915294, -0.033552, 0.0, 0.0, 0.0, 1.0],
                [0.999907, 0.001065, 0.013588, 8.9e-05, -0.006445, 0.915372, 0.402557, 0.446198, -0.01201, -0.402607, 0.915294, -0.033552, 0.0, 0.0, 0.0, 1.0],
                [0.999907, 0.001065, 0.013588, 8.9e-05, -0.006445, 0.915372, 0.402557, 0.446198, -0.01201, -0.402607, 0.915294, -0.033552, 0.0, 0.0, 0.0, 1.0],
                [0.999907, -0.010759, 0.008368, -0.0, -0.006445, 0.167694, 0.985818, 0.369915, -0.012009, -0.98578, 0.167609, 0.0, 0.0, 0.0, 0.0, 1.0]
            ]
        },
        {
            "name": "LeftLeg",
            "time": [0.0, 0.1167, 0.2667, 0.4833, 1.5167, 2.6167, 2.7, 2.8, 2.9167, 3.1167, 3.4667],
            "transform": [
                [-0.998197, -0.054508, -0.025118, -0.152517, 0.05599, -0.695014, -0.716813, -0.056564, 0.021615, -0.716926, 0.696811, -0.00768, 0.0, 0.0, 0.0, 1.0],
                [-0.997188, -0.068215, 0.031036, -0.152517, 0.008517, -0.514597, -0.85739, -0.056564, 0.074457, -0.854713, 0.513729, -0.00768, 0.0, 0.0, 0.0, 1.0],
                [-0.998197, -0.023385, -0.055274, -0.152517, 0.05599, -0.03116, -0.997945, -0.056564, 0.021615, -0.999239, 0.032412, -0.00768, 0.0, 0.0, 0.0, 1.0],
                [-0.998191, -0.021584, -0.056119, -0.152517, 0.056069, 0.002889, -0.998423, -0.056564, 0.021712, -0.999761, -0.001675, -0.00768, 0.0, 0.0, 0.0, 1.0],
                [-0.998197, -0.01951, -0.056758, -0.152517, 0.05599, 0.037876, -0.997712, -0.056564, 0.021615, -0.99909, -0.036717, -0.00768, 0.0, 0.0, 0.0, 1.0],
                [-0.998197, -0.023385, -0.055274, -0.152517, 0.05599, -0.03116, -0.997945, -0.056564, 0.021615, -0.999239, 0.032412, -0.00768, 0.0, 0.0, 0.0, 1.0],
                [-0.998197, -0.059904, -0.003681, -0.152517, 0.05599, -0.907371, -0.416585, -0.056564, 0.021615, -0.41604, 0.909087, -0.00768, 0.0, 0.0, 0.0, 1.0],
                [-0.998197, -0.058832, 0.011869, -0.152517, 0.05599, -0.984045, -0.168882, -0.056564, 0.021615, -0.167914, 0.985563, -0.00768, 0.0, 0.0, 0.0, 1.0],
                [-0.998197, -0.058769, 0.012176, -0.152517, 0.05599, -0.984914, -0.163737, -0.056564, 0.021615, -0.162762, 0.986427, -0.00768, 0.0, 0.0, 0.0, 1.0],
                [-0.998197, -0.051805, -0.030305, -0.152517, 0.05599, -0.621937, -0.781063, -0.056564, 0.021615, -0.781351, 0.623715, -0.00768, 0.0, 0.0, 0.0, 1.0],
                [-0.998197, -0.054508, -0.025118, -0.152517, 0.05599, -0.695014, -0.716813, -0.056564, 0.021615, -0.716926, 0.696811, -0.00768, 0.0, 0.0, 0.0, 1.0]
            ]
        },
        {
            "name": "LeftFoot",
            "time": [0.0, 0.1167, 0.2667, 0.4833, 1.5167, 2.6167, 2.7, 2.8, 2.9167, 3.1167, 3.4667],
            "transform": [
                [0.999874, 0.013952, 0.007632, 0.0, -0.006445, 0.794213, -0.607606, 0.370083, -0.014539, 0.60748, 0.794202, 0.0, 0.0, 0.0, 0.0, 1.0],
                [0.999874, 0.008252, 0.013594, -0.0, -0.006445, 0.991755, -0.12799, 0.370083, -0.014539, 0.127886, 0.991682, 0.0, 0.0, 0.0, 0.0, 1.0],
                [0.999873, 0.013952, 0.007632, 0.0, -0.006445, 0.794213, -0.607606, 0.370083, -0.014539, 0.60748, 0.794202, -0.0, 0.0, 0.0, 0.0, 1.0],
                [0.999874, 0.013687, 0.008098, 0.0, -0.006445, 0.814245, -0.580485, 0.370083, -0.014539, 0.580359, 0.814231, 0.0, 0.0, 0.0, 0.0, 1.0],
                [0.999874, 0.010875, 0.011603, 0.0, -0.006445, 0.944131, -0.329507, 0.370083, -0.014539, 0.32939, 0.944082, -0.0, 0.0, 0.0, 0.0, 1.0],
                [0.999873, 0.013952, 0.007632, 0.0, -0.006445, 0.794213, -0.607606, 0.370083, -0.014539, 0.60748, 0.794202, -0.0, 0.0, 0.0, 0.0, 1.0],
                [0.999874, 0.013952, 0.007632, 0.0, -0.006445, 0.794213, -0.607606, 0.370083, -0.014539, 0.60748, 0.794202, 0.0, 0.0, 0.0, 0.0, 1.0],
                [0.999874, 0.009606, 0.012674, -0.0, -0.006445, 0.973348, -0.229242, 0.370083, -0.014539, 0.229132, 0.973287, 0.0, 0.0, 0.0, 0.0, 1.0],
                [0.999874, 0.008405, 0.0135, 0.0, -0.006445, 0.990245, -0.139191, 0.370083, -0.014539, 0.139087, 0.990173, -0.0, 0.0, 0.0, 0.0, 1.0],
                [0.999874, 0.015741, 0.002264, -0.0, -0.006445, 0.531225, -0.847206, 0.370083, -0.014539, 0.847085, 0.531259, 0.0, 0.0, 0.0, 0.0, 1.0],
                [0.999874, 0.013952, 0.007632, 0.0, -0.006445, 0.794213, -0.607606, 0.370083, -0.014539, 0.60748, 0.794202, 0.0, 0.0, 0.0, 0.0, 1.0]
            ]
        },
        {
            "name": "LeftKnee",
            "time": [0.0, 0.2667, 0.4833, 2.6167, 2.7, 2.8, 2.9167, 3.4667],
            "transform": [
                [-0.999873, -0.007352, -0.014103, 0.0, 0.006445, 0.623359, -0.781909, 0.370083, 0.01454, -0.781901, -0.623233, 0.0, 0.0, 0.0, 0.0, 1.0],
                [-0.999873, -0.007352, -0.014103, 0.0, 0.006445, 0.623359, -0.781909, 0.370083, 0.01454, -0.781901, -0.623233, -0.0, 0.0, 0.0, 0.0, 1.0],
                [-0.999873, -0.007352, -0.014103, 0.0, 0.006445, 0.623359, -0.781909, 0.370083, 0.01454, -0.781901, -0.623233, 0.0, 0.0, 0.0, 0.0, 1.0],
                [-0.999873, -0.007352, -0.014103, 0.0, 0.006445, 0.623359, -0.781909, 0.370083, 0.01454, -0.781901, -0.623233, -0.0, 0.0, 0.0, 0.0, 1.0],
                [-0.999873, -0.007352, -0.014103, 0.0, 0.006445, 0.623359, -0.781909, 0.370083, 0.01454, -0.781901, -0.623233, 0.0, 0.0, 0.0, 0.0, 1.0],
                [-0.999873, -0.007352, -0.014103, -0.0, 0.006445, 0.623359, -0.781909, 0.370083, 0.01454, -0.781901, -0.623233, 0.0, 0.0, 0.0, 0.0, 1.0],
                [-0.999873, -0.007352, -0.014103, 0.0, 0.006445, 0.623359, -0.781909, 0.370083, 0.01454, -0.781901, -0.623233, -0.0, 0.0, 0.0, 0.0, 1.0],
                [-0.999873, -0.007352, -0.014103, 0.0, 0.006445, 0.623359, -0.781909, 0.370083, 0.01454, -0.781901, -0.623233, 0.0, 0.0, 0.0, 0.0, 1.0]
            ]
        }
    ]
}