{
    "animation": [
        {
            "name": "Root",
            "time": [0.0, 0.05, 0.1333, 0.2167, 0.4667, 1.65, 2.3833, 2.65],
            "transform": [
                [0.999432, -0.003881, -0.033472, -0.005753, -0.032907, 0.101344, -0.994307, -0.047813, 0.007251, 0.994844, 0.101158, 0.637081, 0.0, 0.0, 0.0, 1.0],
                [0.999432, -0.032236, -0.00981, -0.007125, -0.032907, -0.871097, -0.490007, -0.049531, 0.007251, 0.490051, -0.871663, 0.211074, 0.0, 0.0, 0.0, 1.0],
                [0.999432, -0.033507, 0.003561, -0.007125, -0.032907, -0.993296, -0.11082, 0.286961, 0.007251, 0.11064, -0.993834, 0.169368, 0.0, 0.0, 0.0, 1.0],
                [0.999432, -0.033507, 0.003561, -0.007125, -0.032907, -0.993296, -0.11082, 0.286961, 0.007251, 0.11064, -0.993834, 0.277678, 0.0, 0.0, 0.0, 1.0],
                [0.999432, -0.033507, 0.003561, -0.007125, -0.032907, -0.993296, -0.11082, 0.286961, 0.007251, 0.11064, -0.993834, 0.169368, 0.0, 0.0, 0.0, 1.0],
                [0.999432, -0.033507, 0.003561, -0.007125, -0.032907, -0.993296, -0.11082, 0.286961, 0.007251, 0.11064, -0.993834, 0.169368, 0.0, 0.0, 0.0, 1.0],
                [0.999432, -0.003881, -0.033472, -0.005753, -0.032907, 0.101344, -0.994307, -0.047813, 0.007251, 0.994844, 0.101158, 0.637081, 0.0, 0.0, 0.0, 1.0],
                [0.999432, -0.003881, -0.033472, -0.005753, -0.032907, 0.101344, -0.994307, -0.047813, 0.007251, 0.994844, 0.101158, 0.637081, 0.0, 0.0, 0.0, 1.0]
            ]
        },
        {
            "name": "Torso",
            "time": [0.0, 0.05, 0.1333, 0.2167, 0.4667, 1.65, 2.3833, 2.65],
            "transform": [
                [0.999418, 0.012176, -0.031872, 0.0, -0.015153, 0.995369, -0.094924, 0.083555, 0.030569, 0.095351, 0.994974, 0.0, 0.0, 0.0, 0.0, 1.0],
                [0.999418, 0.021563, -0.026441, 0.0, -0.015153, 0.97487, 0.222258, 0.083555, 0.030569, -0.221728, 0.974629, -0.0, 0.0, 0.0, 0.0, 1.0],
                [0.999418, 0.012176, -0.031872, 0.0, -0.015153, 0.995369, -0.094924, 0.083555, 0.030569, 0.095351, 0.994974, -0.0, 0.0, 0.0, 0.0, 1.0],
                [0.999418, 0.012176, -0.031872, -0.0, -0.015153, 0.995369, -0.094924, 0.083555, 0.030569, 0.095351, 0.994974, -0.0, 0.0, 0.0, 0.0, 1.0],
                [0.999418, 0.012537, -0.031731, 0.0, -0.015153, 0.996385, -0.083592, 0.083555, 0.030569, 0.084024, 0.995995, -0.0, 0.0, 0.0, 0.0, 1.0],
                [0.999418, 0.012537, -0.031731, 0.0, -0.015153, 0.996385, -0.083592, 0.083555, 0.030569, 0.084024, 0.995995, -0.0, 0.0, 0.0, 0.0, 1.0],
                [0.999418, 0.012176, -0.031872, 0.0, -0.015153, 0.995369, -0.094924, 0.083555, 0.030569, 0.095351, 0.994974, 0.0, 0.0, 0.0, 0.0, 1.0],
                [0.999418, 0.012176, -0.031872, 0.0, -0.015153, 0.995369, -0.094924, 0.083555, 0.030569, 0.095351, 0.994974, 0.0, 0.0, 0.0, 0.0, 1.0]
            ]
        },
        {
            "name": "Chest",
            "time": [0.0, 0.05, 0.1333, 0.2167, 0.4667, 1.05, 1.65, 2.15, 2.3833, 2.65],
            "transform": [
                [0.997739, -0.046021, 0.048981, -0.0, 0.030596, 0.959906, 0.278646, 0.314859, -0.059841, -0.276517, 0.959144, 0.0, 0.0, 0.0, 0.0, 1.0],
                [0.997739, -0.065275, 0.016007, 0.0, 0.030596, 0.653191, 0.756575, 0.314859, -0.059841, -0.754374, 0.653711, 0.0, 0.0, 0.0, 0.0, 1.0],
                [0.997739, -0.060515, 0.029242, 0.0, 0.030596, 0.796351, 0.604061, 0.314859, -0.059841, -0.6018, 0.796402, -0.0, 0.0, 0.0, 0.0, 1.0],
                [0.997482, -0.064651, 0.029159, -0.0, 0.025781, 0.713535, 0.700145, 0.314859, -0.066071, -0.697631, 0.713405, -0.0, 0.0, 0.0, 0.0, 1.0],
                [0.996797, -0.047328, 0.064467, 0.0, 0.047424, 0.998875, 3.2e-05, 0.314859, -0.064396, 0.003026, 0.99792, -0.0, 0.0, 0.0, 0.0, 1.0],
                [0.996995, -0.045401, 0.062773, 0.0, 0.05029, 0.995634, -0.078633, 0.314859, -0.058929, 0.081553, 0.994925, -0.0, 0.0, 0.0, 0.0, 1.0],
                [0.996797, -0.047328, 0.064467, 0.0, 0.047424, 0.998875, 3.2e-05, 0.314859, -0.064396, 0.003026, 0.99792, -0.0, 0.0, 0.0, 0.0, 1.0],
                [0.997739, 0.001324, 0.067196, -0.0, 0.030596, 0.881249, -0.471661, 0.314859, -0.059841, 0.47265, 0.879216, -0.0, 0.0, 0.0, 0.0, 1.0],
                [0.997739, -0.055813, 0.037442, -0.0, 0.030596, 0.873223, 0.486359, 0.314859, -0.059841, -0.484114, 0.872956, 0.0, 0.0, 0.0, 0.0, 1.0],
                [0.997739, -0.046021, 0.048981, -0.0, 0.030596, 0.959906, 0.278646, 0.314859, -0.059841, -0.276517, 0.959144, 0.0, 0.0, 0.0, 0.0, 1.0]
            ]
        },
        {
            "name": "LeftShoulder",
            "time": [0.0, 2.65],
            "transform": [
                [0.018324, -0.980857, -0.193867, -0.093367, -0.017111, -0.194179, 0.980817, 0.347989, -0.999686, -0.014655, -0.020341, -0.003363, 0.0, 0.0, 0.0, 1.0],
                [0.018324, -0.980857, -0.193867, -0.093367, -0.017111, -0.194179, 0.980817, 0.347989, -0.999686, -0.014655, -0.020341, -0.003363, 0.0, 0.0, 0.0, 1.0]
            ]
        },
        {
            "name": "LeftArm",
            "time": [0.0, 0.05, 0.1333, 0.2167, 0.4667, 1.05, 1.65, 2.15, 2.3833, 2.65],
            "transform": [
                [-0.206164, 0.162019, -0.965011, 0.0, 0.915177, 0.380979, -0.131554, 0.34013, 0.346335, -0.910277, -0.22682, -0.0, 0.0, 0.0, 0.0, 1.0],
                [0.260059, 0.936767, -0.234175, 0.0, 0.936502, -0.185613, 0.297509, 0.34013, 0.23523, -0.296675, -0.925554, 0.0, 0.0, 0.0, 0.0, 1.0],
                [0.02756, 0.998938, 0.03693, 0.0, 0.945279, -0.038059, 0.324035, 0.34013, 0.325096, 0.025978, -0.945324, 0.0, 0.0, 0.0, 0.0, 1.0],
                [-0.003823, 0.84311, 0.537728, 0.0, 0.952916, -0.159976, 0.257602, 0.34013, 0.30321, 0.513394, -0.802801, -0.0, 0.0, 0.0, 0.0, 1.0],
                [-0.98208, 0.135498, 0.130995, -0.0, 0.171252, 0.931784, 0.320081, 0.34013, -0.078689, 0.336778, -0.93829, 0.0, 0.0, 0.0, 0.0, 1.0],
                [-0.980576, 0.141498, 0.135823, 0.0, 0.190841, 0.848153, 0.494183, 0.34013, -0.045273, 0.510504, -0.858682, 0.0, 0.0, 0.0, 0.0, 1.0],
                [-0.98208, 0.135498, 0.130995, -0.0, 0.171252, 0.931784, 0.320081, 0.34013, -0.078689, 0.336778, -0.93829, 0.0, 0.0, 0.0, 0.0, 1.0],
                [-0.102466, -0.963688, -0.246588, -0.0, 0.435174, 0.179485, -0.882275, 0.34013, 0.894497, -0.197712, 0.400981, -0.0, 0.0, 0.0, 0.0, 1.0],
                [-0.206164, 0.458121, -0.864651, 0.0, 0.915177, 0.403026, -0.004675, 0.34013, 0.346335, -0.792272, -0.502351, -0.0, 0.0, 0.0, 0.0, 1.0],
                [-0.206164, 0.162019, -0.965011, 0.0, 0.915177, 0.380979, -0.131554, 0.34013, 0.346335, -0.910277, -0.22682, -0.0, 0.0, 0.0, 0.0, 1.0]
            ]
        },
        {
            "name": "LeftLowerArm",
            "time": [0.0, 0.1333, 0.2167, 0.4667, 1.65, 2.3833, 2.65],
            "transform": [
                [0.999992, 5.2e-05, 0.004118, 0.0, -0.001439, 0.941276, 0.337634, 0.312152, -0.003859, -0.337637, 0.941268, 0.0, 0.0, 0.0, 0.0, 1.0],
                [0.999992, 5.2e-05, 0.004118, 0.0, -0.001439, 0.941276, 0.337634, 0.312152, -0.003859, -0.337637, 0.941268, 0.0, 0.0, 0.0, 0.0, 1.0],
                [0.999991, 5.2e-05, 0.004118, -0.0, -0.001439, 0.941276, 0.337634, 0.312152, -0.003859, -0.337637, 0.941268, -0.0, 0.0, 0.0, 0.0, 1.0],
                [0.999992, 5.2e-05, 0.004118, -0.0, -0.001439, 0.941276, 0.337634, 0.312152, -0.003859, -0.337637, 0.941268, 0.0, 0.0, 0.0, 0.0, 1.0],
                [0.999992, 5.2e-05, 0.004118, -0.0, -0.001439, 0.941276, 0.337634, 0.312152, -0.003859, -0.337637, 0.941268, 0.0, 0.0, 0.0, 0.0, 1.0],
                [0.999992, 5.2e-05, 0.004118, -0.0, -0.001439, 0.941276, 0.337634, 0.312152, -0.003859, -0.337637, 0.941268, -0.0, 0.0, 0.0, 0.0, 1.0],
                [0.999992, 5.2e-05, 0.004118, 0.0, -0.001439, 0.941276, 0.337634, 0.312152, -0.003859, -0.337637, 0.941268, 0.0, 0.0, 0.0, 0.0, 1.0]
            ]
        },
        {
            "name": "RightShoulder",
            "time": [0.0, 2.65],
            "transform": [
                [-0.038206, 0.944895, 0.325137, 0.095562, -0.001055, -0.325413, 0.945572, 0.352916, 0.999269, 0.035784, 0.01343, 0.00204, 0.0, 0.0, 0.0, 1.0],
                [-0.038206, 0.944895, 0.325137, 0.095562, -0.001055, -0.325413, 0.945572, 0.352916, 0.999269, 0.035784, 0.01343, 0.00204, 0.0, 0.0, 0.0, 1.0]
            ]
        },
        {
            "name": "RightArm",
            "time": [0.0, 0.05, 0.1333, 0.2167, 0.4667, 1.05, 1.65, 2.15, 2.3833, 2.65],
            "transform": [
                [0.02511, -0.317853, 0.947807, -0.0, -0.892775, 0.419464, 0.164322, 0.293782, -0.449802, -0.850305, -0.273238, 0.0, 0.0, 0.0, 0.0, 1.0],
                [0.311782, -0.944164, 0.106514, 0.0, -0.861972, -0.233901, 0.449772, 0.293782, -0.399745, -0.232043, -0.886769, 0.0, 0.0, 0.0, 0.0, 1.0],
                [-0.10368, -0.977209, -0.185235, 0.0, -0.882102, 0.004301, 0.471039, 0.293782, -0.459507, 0.212234, -0.862444, -0.0, 0.0, 0.0, 0.0, 1.0],
                [-0.187755, -0.749308, -0.635048, -0.0, -0.911656, -0.107684, 0.396595, 0.293782, -0.365556, 0.653408, -0.662893, -0.0, 0.0, 0.0, 0.0, 1.0],
                [-0.94648, 0.031312, -0.32124, 0.0, -0.12679, 0.879204, 0.459265, 0.293782, 0.296816, 0.475415, -0.828179, 0.0, 0.0, 0.0, 0.0, 1.0],
                [-0.94626, 0.027291, -0.322253, 0.0, -0.152604, 0.840847, 0.519316, 0.293782, 0.285138, 0.540585, -0.791495, 0.0, 0.0, 0.0, 0.0, 1.0],
                [-0.94648, 0.031312, -0.32124, 0.0, -0.12679, 0.879204, 0.459265, 0.293782, 0.296816, 0.475415, -0.828179, 0.0, 0.0, 0.0, 0.0, 1.0],
                [0.115865, 0.952391, -0.282006, 0.0, -0.866005, -0.042179, -0.498253, 0.293782, -0.486427, 0.301948, 0.819888, 0.0, 0.0, 0.0, 0.0, 1.0],
                [0.02511, -0.569835, 0.821375, 0.0, -0.892775, 0.356906, 0.2749, 0.293782, -0.449802, -0.740207, -0.499772, 0.0, 0.0, 0.0, 0.0, 1.0],
                [0.02511, -0.317853, 0.947807, -0.0, -0.892775, 0.419464, 0.164322, 0.293782, -0.449802, -0.850305, -0.273238, 0.0, 0.0, 0.0, 0.0, 1.0]
            ]
        },
        {
            "name": "RightLowerArm",
            "time": [0.0, 0.1333, 0.2167, 0.4667, 1.65, 2.3833, 2.65],
            "transform": [
                [0.998152, 0.016618, 0.058443, 0.0, -0.027742, 0.980406, 0.195023, 0.320511, -0.054057, -0.196284, 0.979056, 0.0, 0.0, 0.0, 0.0, 1.0],
                [0.998152, 0.016618, 0.058443, -0.0, -0.027742, 0.980406, 0.195023, 0.320511, -0.054057, -0.196284, 0.979056, 0.0, 0.0, 0.0, 0.0, 1.0],
                [0.998152, 0.016618, 0.058443, 0.0, -0.027742, 0.980406, 0.195023, 0.320511, -0.054057, -0.196284, 0.979056, 0.0, 0.0, 0.0, 0.0, 1.0],
                [0.998152, 0.016618, 0.058443, 0.0, -0.027742, 0.980406, 0.195023, 0.320511, -0.054057, -0.196284, 0.979056, 0.0, 0.0, 0.0, 0.0, 1.0],
                [0.998152, 0.016618, 0.058443, 0.0, -0.027742, 0.980406, 0.195023, 0.320511, -0.054057, -0.196284, 0.979056, 0.0, 0.0, 0.0, 0.0, 1.0],
                [0.998152, 0.016618, 0.058443, 0.0, -0.027742, 0.980406, 0.195023, 0.320511, -0.054057, -0.196284, 0.979056, 0.0, 0.0, 0.0, 0.0, 1.0],
                [0.998152, 0.016618, 0.058443, 0.0, -0.027742, 0.980406, 0.195023, 0.320511, -0.054057, -0.196284, 0.979056, 0.0, 0.0, 0.0, 0.0, 1.0]
            ]
        },
        {
            "name": "Head",
            "time": [0.0, 0.05, 0.1333, 0.2167, 0.4667, 1.05, 1.65, 2.3833, 2.65],
            "transform": [
                [0.995079, -0.053581, -0.083353, 0.0, 0.045788, 0.994637, -0.092745, 0.325875, 0.087875, 0.088472, 0.992195, -0.0, 0.0, 0.0, 0.0, 1.0],
                [0.995078, 6e-05, -0.099089, 0.0, 0.045788, 0.886556, 0.46035, 0.325875, 0.087875, -0.462622, 0.88219, 0.0, 0.0, 0.0, 0.0, 1.0],
                [0.995079, -0.053581, -0.083353, -0.0, 0.045788, 0.994637, -0.092745, 0.325875, 0.087875, 0.088472, 0.992195, 0.0, 0.0, 0.0, 0.0, 1.0],
                [0.995079, -0.053581, -0.083353, -0.0, 0.045788, 0.994637, -0.092745, 0.325875, 0.087875, 0.088472, 0.992195, -0.0, 0.0, 0.0, 0.0, 1.0],
                [0.995078, -0.051265, -0.084797, -0.0, 0.045788, 0.996813, -0.065318, 0.325875, 0.087875, 0.061114, 0.994255, -0.0, 0.0, 0.0, 0.0, 1.0],
                [0.996419, -0.044378, -0.071968, -0.0, 0.05286, 0.991293, 0.120598, 0.325875, 0.06599, -0.12397, 0.990089, -0.0, 0.0, 0.0, 0.0, 1.0],
                [0.995078, -0.051265, -0.084797, -0.0, 0.045788, 0.996813, -0.065318, 0.325875, 0.087875, 0.061114, 0.994255, -0.0, 0.0, 0.0, 0.0, 1.0],
                [0.995079, -0.053581, -0.083353, 0.0, 0.045788, 0.994637, -0.092745, 0.325875, 0.087875, 0.088472, 0.992195, 0.0, 0.0, 0.0, 0.0, 1.0],
                [0.995079, -0.053581, -0.083353, 0.0, 0.045788, 0.994637, -0.092745, 0.325875, 0.087875, 0.088472, 0.992195, -0.0, 0.0, 0.0, 0.0, 1.0]
            ]
        },
        {
            "name": "RightLeg",
            "time": [0.0, 0.05, 0.1333, 0.2167, 0.4667, 1.05, 1.65, 1.8667, 2.15, 2.3833, 2.65],
            "transform": [
                [-0.979083, 0.192197, -0.066759, 0.124009, -0.191345, -0.981339, -0.018987, -0.021387, -0.069162, -0.005814, 0.997585, -0.001198, 0.0, 0.0, 0.0, 1.0],
                [-0.979083, 0.103452, 0.175197, 0.124009, -0.191345, -0.175473, -0.96571, -0.021387, -0.069161, -0.97903, 0.191599, -0.001198, 0.0, 0.0, 0.0, 1.0],
                [-0.979083, 0.099631, 0.177398, 0.124009, -0.191345, -0.154507, -0.969285, -0.021387, -0.069161, -0.982952, 0.17034, -0.001198, 0.0, 0.0, 0.0, 1.0],
                [-0.97781, 0.109995, 0.178294, 0.124009, -0.160347, 0.154753, -0.974854, -0.021387, -0.13482, -0.981808, -0.13368, -0.001198, 0.0, 0.0, 0.0, 1.0],
                [-0.892215, 0.435669, 0.118929, 0.124009, -0.449752, -0.881043, -0.146577, -0.021387, 0.040923, -0.184264, 0.982021, -0.001198, 0.0, 0.0, 0.0, 1.0],
                [-0.892045, 0.437137, 0.114749, 0.124009, -0.451392, -0.849171, -0.27414, -0.021387, -0.022394, -0.29634, 0.954817, -0.001198, 0.0, 0.0, 0.0, 1.0],
                [-0.892215, 0.412932, 0.182863, 0.124009, -0.449752, -0.849137, -0.276929, -0.021387, 0.040923, -0.32932, 0.943328, -0.001198, 0.0, 0.0, 0.0, 1.0],
                [-0.979083, 0.203427, -0.003758, 0.124009, -0.191346, -0.926902, -0.322861, -0.021387, -0.069161, -0.315386, 0.946437, -0.001198, 0.0, 0.0, 0.0, 1.0],
                [-0.979083, 0.098705, -0.177916, 0.124009, -0.191346, -0.74394, 0.640266, -0.021387, -0.069161, 0.660916, 0.747262, -0.001198, 0.0, 0.0, 0.0, 1.0],
                [-0.979083, 0.192197, -0.066759, 0.124009, -0.191345, -0.981339, -0.018987, -0.021387, -0.069162, -0.005814, 0.997585, -0.001198, 0.0, 0.0, 0.0, 1.0],
                [-0.979083, 0.192197, -0.066759, 0.124009, -0.191345, -0.981339, -0.018987, -0.021387, -0.069162, -0.005814, 0.997585, -0.001198, 0.0, 0.0, 0.0, 1.0]
            ]
        },
        {
            "name": "RightFoot",
            "time": [0.0, 0.05, 0.1333, 0.2167, 0.4667, 1.05, 1.65, 1.8667, 2.15, 2.3833, 2.65],
            "transform": [
                [0.998319, 0.057684, -0.005646, -0.0, -0.050045, 0.808758, -0.586008, 0.369915, -0.029237, 0.585305, 0.810286, 0.0, 0.0, 0.0, 0.0, 1.0],
                [0.998319, 0.037651, -0.044065, -0.0, -0.050045, 0.176462, -0.983034, 0.369915, -0.029237, 0.983587, 0.178049, 0.0, 0.0, 0.0, 0.0, 1.0],
                [0.998319, 0.057684, -0.005646, -0.0, -0.050045, 0.808759, -0.586008, 0.369915, -0.029237, 0.585305, 0.810286, 0.0, 0.0, 0.0, 0.0, 1.0],
                [0.998319, 0.057684, -0.005646, -0.0, -0.050045, 0.808759, -0.586008, 0.369915, -0.029237, 0.585305, 0.810286, 0.0, 0.0, 0.0, 0.0, 1.0],
                [0.998292, 0.058243, 0.00463, 0.0, -0.050521, 0.900305, -0.432319, 0.369915, -0.029348, 0.431346, 0.901709, -0.0, 0.0, 0.0, 0.0, 1.0],
                [0.993121, 0.021641, -0.115074, 0.0, -0.089139, 0.776987, -0.623174, 0.369915, 0.075925, 0.629145, 0.773571, -0.0, 0.0, 0.0, 0.0, 1.0],
                [0.998292, 0.050391, -0.02957, -0.0, -0.050521, 0.490281, -0.870099, 0.369915, -0.029348, 0.870106, 0.491989, 0.0, 0.0, 0.0, 0.0, 1.0],
                [0.997764, -0.062556, -0.023554, 0.0, -0.04655, -0.397386, -0.91647, 0.369915, 0.047971, 0.915517, -0.399409, 0.0, 0.0, 0.0, 0.0, 1.0],
                [0.999341, 0.030846, -0.019119, 0.0, -0.034663, 0.967302, -0.251247, 0.369915, 0.010744, 0.251744, 0.967734, 0.0, 0.0, 0.0, 0.0, 1.0],
                [0.998319, 0.057684, -0.005646, -0.0, -0.050045, 0.808758, -0.586008, 0.369915, -0.029237, 0.585305, 0.810286, 0.0, 0.0, 0.0, 0.0, 1.0],
                [0.998319, 0.057684, -0.005646, -0.0, -0.050045, 0.808758, -0.586008, 0.369915, -0.029237, 0.585305, 0.810286, 0.0, 0.0, 0.0, 0.0, 1.0]
            ]
        },
        {
            "name": "RightKnee",
            "time": [0.0, 0.05, 0.1333, 0.2167, 0.4667, 1.65, 2.3833, 2.65],
            "transform": [
                [0.999907, -0.010759, 0.008368, -0.0, -0.006445, 0.167694, 0.985818, 0.369915, -0.012009, -0.98578, 0.167609, 0.0, 0.0, 0.0, 0.0, 1.0],
                [0.999907, 0.006127, 0.012174, -0.000342, -0.006445, 0.999634, 0.026291, 0.426882, -0.012009, -0.026368, 0.99958, -0.059063, 0.0, 0.0, 0.0, 1.0],
                [0.999907, -0.010759, 0.008368, -0.0, -0.006445, 0.167694, 0.985818, 0.369915, -0.012009, -0.98578, 0.167609, 0.0, 0.0, 0.0, 0.0, 1.0],
                [0.999907, -0.010759, 0.008368, -0.0, -0.006445, 0.167694, 0.985818, 0.369915, -0.012009, -0.98578, 0.167609, 0.0, 0.0, 0.0, 0.0, 1.0],
                [0.999907, -0.010759, 0.008368, 0.0, -0.006445, 0.167694, 0.985818, 0.369915, -0.012009, -0.98578, 0.167609, -0.0, 0.0, 0.0, 0.0, 1.0],
                [0.999907, -0.000158, 0.013629, -1.2e-05, -0.006445, 0.875593, 0.483007, 0.43654, -0.012009, -0.48305, 0.875511, -0.036756, 0.0, 0.0, 0.0, 1.0],
                [0.999907, -0.010759, 0.008368, -0.0, -0.006445, 0.167694, 0.985818, 0.369915, -0.012009, -0.98578, 0.167609, 0.0, 0.0, 0.0, 0.0, 1.0],
                [0.999907, -0.010759, 0.008368, -0.0, -0.006445, 0.167694, 0.985818, 0.369915, -0.012009, -0.98578, 0.167609, 0.0, 0.0, 0.0, 0.0, 1.0]
            ]
        },
        {
            "name": "LeftLeg",
            "time": [0.0, 0.05, 0.1333, 0.2167, 0.4667, 1.65, 2.15, 2.3833, 2.65],
            "transform": [
                [-0.998197, -0.054508, -0.025118, -0.152517, 0.05599, -0.695014, -0.716813, -0.056564, 0.021615, -0.716926, 0.696811, -0.00768, 0.0, 0.0, 0.0, 1.0],
                [-0.997188, -0.068215, 0.031036, -0.152517, 0.008517, -0.514597, -0.85739, -0.056564, 0.074458, -0.854713, 0.513729, -0.00768, 0.0, 0.0, 0.0, 1.0],
                [-0.998197, -0.023385, -0.055274, -0.152517, 0.05599, -0.03116, -0.997945, -0.056564, 0.021615, -0.999239, 0.032412, -0.00768, 0.0, 0.0, 0.0, 1.0],
                [-0.998485, -0.014017, -0.053216, -0.152517, 0.047986, 0.251621, -0.966635, -0.056564, 0.02694, -0.967722, -0.250568, -0.00768, 0.0, 0.0, 0.0, 1.0],
                [-0.938612, -0.329074, -0.103528, -0.152517, 0.344108, -0.871837, -0.348554, -0.056564, 0.024441, -0.362782, 0.931551, -0.00768, 0.0, 0.0, 0.0, 1.0],
                [-0.938612, -0.329074, -0.103528, -0.152517, 0.344108, -0.871837, -0.348554, -0.056564, 0.024441, -0.362782, 0.931551, -0.00768, 0.0, 0.0, 0.0, 1.0],
                [-0.992814, -0.085011, -0.084227, -0.152517, 0.105818, -0.952335, -0.286111, -0.056564, -0.05589, -0.292968, 0.954485, -0.00768, 0.0, 0.0, 0.0, 1.0],
                [-0.998197, -0.054508, -0.025118, -0.152517, 0.05599, -0.695014, -0.716813, -0.056564, 0.021615, -0.716926, 0.696811, -0.00768, 0.0, 0.0, 0.0, 1.0],
                [-0.998197, -0.054508, -0.025118, -0.152517, 0.05599, -0.695014, -0.716813, -0.056564, 0.021615, -0.716926, 0.696811, -0.00768, 0.0, 0.0, 0.0, 1.0]
            ]
        },
        {
            "name": "LeftFoot",
            "time": [0.0, 0.05, 0.1333, 0.2167, 0.4667, 1.65, 2.3833, 2.65],
            "transform": [
                [0.999874, 0.013952, 0.007632, 0.0, -0.006445, 0.794213, -0.607606, 0.370083, -0.014539, 0.60748, 0.794202, 0.0, 0.0, 0.0, 0.0, 1.0],
                [0.999874, 0.008252, 0.013594, -0.0, -0.006445, 0.991755, -0.12799, 0.370083, -0.014539, 0.127886, 0.991682, 0.0, 0.0, 0.0, 0.0, 1.0],
                [0.999874, 0.013952, 0.007632, 0.0, -0.006445, 0.794213, -0.607606, 0.370083, -0.014539, 0.60748, 0.794202, -0.0, 0.0, 0.0, 0.0, 1.0],
                [0.999874, 0.013952, 0.007632, 0.0, -0.006445, 0.794213, -0.607606, 0.370083, -0.014539, 0.60748, 0.794202, 0.0, 0.0, 0.0, 0.0, 1.0],
                [0.999873, 0.013687, 0.008098, 0.0, -0.006445, 0.814245, -0.580485, 0.370083, -0.014539, 0.580359, 0.814231, -0.0, 0.0, 0.0, 0.0, 1.0],
                [0.999873, 0.013687, 0.008098, 0.0, -0.006445, 0.814245, -0.580485, 0.370083, -0.014539, 0.580359, 0.814231, -0.0, 0.0, 0.0, 0.0, 1.0],
                [0.999874, 0.013952, 0.007632, 0.0, -0.006445, 0.794213, -0.607606, 0.370083, -0.014539, 0.60748, 0.794202, 0.0, 0.0, 0.0, 0.0, 1.0],
                [0.999874, 0.013952, 0.007632, 0.0, -0.006445, 0.794213, -0.607606, 0.370083, -0.014539, 0.60748, 0.794202, 0.0, 0.0, 0.0, 0.0, 1.0]
            ]
        },
        {
            "name": "LeftKnee",
            "time": [0.0, 0.1333, 0.2167, 0.4667, 1.65, 2.3833, 2.65],
            "transform": [
                [-0.999873, -0.007352, -0.014103, 0.0, 0.006445, 0.623359, -0.781909, 0.370083, 0.01454, -0.781901, -0.623233, 0.0, 0.0, 0.0, 0.0, 1.0],
                [-0.999873, -0.007352, -0.014103, 0.0, 0.006445, 0.623359, -0.781909, 0.370083, 0.01454, -0.781901, -0.623233, -0.0, 0.0, 0.0, 0.0, 1.0],
                [-0.999873, -0.007352, -0.014103, 0.0, 0.006445, 0.623359, -0.781909, 0.370083, 0.01454, -0.781901, -0.623233, 0.0, 0.0, 0.0, 0.0, 1.0],
                [-0.999873, -0.007352, -0.014103, 0.0, 0.006445, 0.623359, -0.781909, 0.370083, 0.01454, -0.781901, -0.623233, -0.0, 0.0, 0.0, 0.0, 1.0],
                [-0.999873, -0.007352, -0.014103, 0.0, 0.006445, 0.623359, -0.781909, 0.370083, 0.01454, -0.781901, -0.623233, -0.0, 0.0, 0.0, 0.0, 1.0],
                [-0.999873, -0.007352, -0.014103, 0.0, 0.006445, 0.623359, -0.781909, 0.370083, 0.01454, -0.781901, -0.623233, 0.0, 0.0, 0.0, 0.0, 1.0],
                [-0.999873, -0.007352, -0.014103, 0.0, 0.006445, 0.623359, -0.781909, 0.370083, 0.01454, -0.781901, -0.623233, 0.0, 0.0, 0.0, 0.0, 1.0]
            ]
        }
    ]
}