{
    "animation": [
        {
            "name": "Root",
            "time": [0.0, 0.3833, 0.7833, 1.1667, 1.6],
            "transform": [
                [0.996396, 0.001639, -0.084809, -0.000528, -0.084554, 0.099021, -0.991487, -0.044482, 0.006773, 0.995084, 0.098802, 0.738712, 0.0, 0.0, 0.0, 1.0],
                [0.988513, -0.028087, 0.148502, 0.004231, 0.15113, 0.175819, -0.972753, -0.008715, 0.001212, 0.984022, 0.178044, 0.692681, 0.0, 0.0, 0.0, 1.0],
                [0.996563, 0.043784, 0.070319, 0.000737, 0.060197, 0.200358, -0.977872, -0.042625, -0.056904, 0.978744, 0.197034, 0.725828, 0.0, 0.0, 0.0, 1.0],
                [0.999941, -0.00882, -0.00636, 0.001619, -0.004459, 0.200871, -0.979608, 0.0358, 0.009917, 0.979578, 0.20082, 0.672153, 0.0, 0.0, 0.0, 1.0],
                [0.996396, 0.001639, -0.084809, -0.000528, -0.084554, 0.099021, -0.991487, -0.044482, 0.006773, 0.995084, 0.098802, 0.738712, 0.0, 0.0, 0.0, 1.0]
            ]
        },
        {
            "name": "Torso",
            "time": [0.0, 0.7833, 1.6],
            "transform": [
                [0.999418, 0.012176, -0.031872, -0.0, -0.015153, 0.995369, -0.094924, 0.083555, 0.030569, 0.095351, 0.994974, 0.0, 0.0, 0.0, 0.0, 1.0],
                [0.999418, 0.012176, -0.031872, 0.0, -0.015153, 0.995369, -0.094924, 0.083555, 0.030569, 0.095351, 0.994974, -0.0, 0.0, 0.0, 0.0, 1.0],
                [0.999418, 0.012176, -0.031872, -0.0, -0.015153, 0.995369, -0.094924, 0.083555, 0.030569, 0.095351, 0.994974, 0.0, 0.0, 0.0, 0.0, 1.0]
            ]
        },
        {
            "name": "Chest",
            "time": [0.0, 0.3833, 0.7833, 1.1667, 1.6],
            "transform": [
                [0.997026, 0.027047, 0.072165, 0.0, -0.04615, 0.959471, 0.278002, 0.314859, -0.061721, -0.280505, 0.957866, 0.0, 0.0, 0.0, 0.0, 1.0],
                [0.99816, -0.002465, 0.06058, 0.0, -0.008553, 0.983456, 0.180945, 0.314859, -0.060024, -0.18113, 0.981626, 0.0, 0.0, 0.0, 0.0, 1.0],
                [0.998176, -0.026783, 0.05411, -0.0, 0.006402, 0.938124, 0.34624, 0.314859, -0.060035, -0.345262, 0.936584, -0.0, 0.0, 0.0, 0.0, 1.0],
                [0.997106, 0.024067, 0.072116, -0.0, -0.042295, 0.963833, 0.26313, 0.314859, -0.063175, -0.265419, 0.962061, -0.0, 0.0, 0.0, 0.0, 1.0],
                [0.997026, 0.027047, 0.072165, 0.0, -0.04615, 0.959471, 0.278002, 0.314859, -0.061721, -0.280505, 0.957866, 0.0, 0.0, 0.0, 0.0, 1.0]
            ]
        },
        {
            "name": "LeftShoulder",
            "time": [0.0, 1.6],
            "transform": [
                [0.026786, -0.980662, -0.193867, -0.093367, -0.015435, -0.194319, 0.980817, 0.347989, -0.999522, -0.02328, -0.020341, -0.003363, 0.0, 0.0, 0.0, 1.0],
                [0.026786, -0.980662, -0.193867, -0.093367, -0.015435, -0.194319, 0.980817, 0.347989, -0.999522, -0.02328, -0.020341, -0.003363, 0.0, 0.0, 0.0, 1.0]
            ]
        },
        {
            "name": "LeftArm",
            "time": [0.0, 0.3833, 0.7833, 1.1667, 1.6],
            "transform": [
                [-0.206164, 0.162019, -0.965011, 0.0, 0.915177, 0.380979, -0.131554, 0.34013, 0.346335, -0.910277, -0.22682, 0.0, 0.0, 0.0, 0.0, 1.0],
                [0.005077, 0.370407, -0.928856, 0.0, 0.953846, 0.277105, 0.115717, 0.34013, 0.300253, -0.886573, -0.351905, 0.0, 0.0, 0.0, 0.0, 1.0],
                [-0.206164, 0.162019, -0.965011, 0.0, 0.915177, 0.380979, -0.131554, 0.34013, 0.346335, -0.910277, -0.22682, -0.0, 0.0, 0.0, 0.0, 1.0],
                [-0.114573, -0.215991, -0.96965, -0.0, 0.897486, 0.395963, -0.194248, 0.34013, 0.425901, -0.892503, 0.148482, 0.0, 0.0, 0.0, 0.0, 1.0],
                [-0.206164, 0.162019, -0.965011, 0.0, 0.915177, 0.380979, -0.131554, 0.34013, 0.346335, -0.910277, -0.22682, 0.0, 0.0, 0.0, 0.0, 1.0]
            ]
        },
        {
            "name": "LeftLowerArm",
            "time": [0.0, 0.7833, 1.1667, 1.6],
            "transform": [
                [0.999992, 5.2e-05, 0.004118, 0.0, -0.001439, 0.941276, 0.337634, 0.312152, -0.003859, -0.337637, 0.941268, 0.0, 0.0, 0.0, 0.0, 1.0],
                [0.999992, 5.2e-05, 0.004118, -0.0, -0.001439, 0.941276, 0.337634, 0.312152, -0.003859, -0.337637, 0.941268, 0.0, 0.0, 0.0, 0.0, 1.0],
                [0.994374, -0.025648, -0.102775, 0.0, 0.084363, 0.778491, 0.62196, 0.312152, 0.064057, -0.627131, 0.776275, 0.0, 0.0, 0.0, 0.0, 1.0],
                [0.999992, 5.2e-05, 0.004118, 0.0, -0.001439, 0.941276, 0.337634, 0.312152, -0.003859, -0.337637, 0.941268, 0.0, 0.0, 0.0, 0.0, 1.0]
            ]
        },
        {
            "name": "RightShoulder",
            "time": [0.0, 1.6],
            "transform": [
                [-0.038206, 0.944895, 0.325137, 0.095562, -0.001055, -0.325413, 0.945572, 0.352916, 0.999269, 0.035784, 0.01343, 0.00204, 0.0, 0.0, 0.0, 1.0],
                [-0.038206, 0.944895, 0.325137, 0.095562, -0.001055, -0.325413, 0.945572, 0.352916, 0.999269, 0.035784, 0.01343, 0.00204, 0.0, 0.0, 0.0, 1.0]
            ]
        },
        {
            "name": "RightArm",
            "time": [0.0, 0.3833, 0.7833, 1.1667, 1.6],
            "transform": [
                [0.02511, -0.317853, 0.947807, -0.0, -0.892775, 0.419464, 0.164322, 0.293782, -0.449802, -0.850305, -0.273238, 0.0, 0.0, 0.0, 0.0, 1.0],
                [0.135274, 0.277462, 0.951165, -0.0, -0.875012, 0.483813, -0.016688, 0.293782, -0.464817, -0.830024, 0.30823, -0.0, 0.0, 0.0, 0.0, 1.0],
                [0.02511, -0.317853, 0.947807, 0.0, -0.892775, 0.419464, 0.164322, 0.293782, -0.449802, -0.850305, -0.273238, 0.0, 0.0, 0.0, 0.0, 1.0],
                [-0.000803, -0.089678, 0.99597, -0.0, -0.819458, 0.570889, 0.050743, 0.293782, -0.573139, -0.816115, -0.073945, 0.0, 0.0, 0.0, 0.0, 1.0],
                [0.02511, -0.317853, 0.947807, -0.0, -0.892775, 0.419464, 0.164322, 0.293782, -0.449802, -0.850305, -0.273238, 0.0, 0.0, 0.0, 0.0, 1.0]
            ]
        },
        {
            "name": "RightLowerArm",
            "time": [0.0, 0.7833, 1.1667, 1.6],
            "transform": [
                [0.998152, 0.016618, 0.058443, 0.0, -0.027742, 0.980406, 0.195023, 0.320511, -0.054057, -0.196284, 0.979056, -0.0, 0.0, 0.0, 0.0, 1.0],
                [0.998152, 0.016618, 0.058443, -0.0, -0.027742, 0.980406, 0.195023, 0.320511, -0.054057, -0.196284, 0.979056, -0.0, 0.0, 0.0, 0.0, 1.0],
                [0.991717, 0.000181, 0.128445, 0.0, -0.055498, 0.902441, 0.427225, 0.320511, -0.115836, -0.430814, 0.894975, -0.0, 0.0, 0.0, 0.0, 1.0],
                [0.998152, 0.016618, 0.058443, 0.0, -0.027742, 0.980406, 0.195023, 0.320511, -0.054057, -0.196284, 0.979056, -0.0, 0.0, 0.0, 0.0, 1.0]
            ]
        },
        {
            "name": "Head",
            "time": [0.0, 0.7833, 1.6],
            "transform": [
                [0.995079, -0.053581, -0.083353, 0.0, 0.045788, 0.994637, -0.092745, 0.325875, 0.087875, 0.088472, 0.992195, 0.0, 0.0, 0.0, 0.0, 1.0],
                [0.995079, -0.053581, -0.083353, -0.0, 0.045788, 0.994636, -0.092745, 0.325875, 0.087875, 0.088472, 0.992195, 0.0, 0.0, 0.0, 0.0, 1.0],
                [0.995079, -0.053581, -0.083353, 0.0, 0.045788, 0.994637, -0.092745, 0.325875, 0.087875, 0.088472, 0.992195, 0.0, 0.0, 0.0, 0.0, 1.0]
            ]
        },
        {
            "name": "RightLeg",
            "time": [0.0, 0.1833, 0.3833, 0.7833, 1.1667, 1.6],
            "transform": [
                [-0.995814, 0.072254, 0.055984, 0.124009, -0.091381, -0.772893, -0.627921, -0.021387, -0.002101, -0.630405, 0.776259, -0.001198, 0.0, 0.0, 0.0, 1.0],
                [-0.989834, 0.092432, 0.108095, 0.124009, -0.141989, -0.598373, -0.788535, -0.021387, -0.008205, -0.795864, 0.605414, -0.001198, 0.0, 0.0, 0.0, 1.0],
                [-0.997988, 0.05643, -0.028896, 0.124009, -0.020707, -0.720931, -0.692697, -0.021387, -0.05992, -0.690702, 0.720648, -0.001198, 0.0, 0.0, 0.0, 1.0],
                [-0.996723, 0.073462, -0.033848, 0.124009, -0.060933, -0.957164, -0.283061, -0.021387, -0.053193, -0.280068, 0.958502, -0.001198, 0.0, 0.0, 0.0, 1.0],
                [-0.99656, 0.082682, -0.00562, 0.124009, -0.081083, -0.958765, 0.272386, -0.021387, 0.017133, 0.271905, 0.962168, -0.001198, 0.0, 0.0, 0.0, 1.0],
                [-0.995814, 0.072254, 0.055984, 0.124009, -0.091381, -0.772893, -0.627921, -0.021387, -0.002101, -0.630405, 0.776259, -0.001198, 0.0, 0.0, 0.0, 1.0]
            ]
        },
        {
            "name": "RightFoot",
            "time": [0.0, 0.3833, 0.7833, 1.1667, 1.6],
            "transform": [
                [0.998891, 0.043809, -0.017222, -0.0, -0.032974, 0.39009, -0.920186, 0.369915, -0.033594, 0.919734, 0.391102, 0.0, 0.0, 0.0, 0.0, 1.0],
                [0.998476, 0.054706, 0.007271, -0.0, -0.050432, 0.957981, -0.282362, 0.369915, -0.022412, 0.281565, 0.95928, 0.0, 0.0, 0.0, 0.0, 1.0],
                [0.998518, 0.050999, 0.019012, 0.0, -0.046906, 0.983505, -0.174694, 0.369915, -0.027608, 0.173543, 0.984439, -0.0, 0.0, 0.0, 0.0, 1.0],
                [0.99858, 0.046284, 0.02637, 0.0, -0.041472, 0.986175, -0.160431, 0.369915, -0.03343, 0.15911, 0.986695, 0.0, 0.0, 0.0, 0.0, 1.0],
                [0.998891, 0.043809, -0.017222, -0.0, -0.032974, 0.39009, -0.920186, 0.369915, -0.033594, 0.919734, 0.391102, 0.0, 0.0, 0.0, 0.0, 1.0]
            ]
        },
        {
            "name": "RightKnee",
            "time": [0.0, 0.7833, 1.1667, 1.6],
            "transform": [
                [0.99525, 0.093147, -0.028313, -0.0, -0.072727, 0.904682, 0.419834, 0.369915, 0.064721, -0.41578, 0.907159, 0.0, 0.0, 0.0, 0.0, 1.0],
                [0.99525, 0.096519, 0.012731, 0.0, -0.072727, 0.650162, 0.756307, 0.369915, 0.064721, -0.75364, 0.654093, -0.0, 0.0, 0.0, 0.0, 1.0],
                [0.998227, 0.046259, 0.037451, 0.0, -0.050174, 0.315556, 0.947579, 0.369915, 0.032017, -0.947779, 0.317318, 0.0, 0.0, 0.0, 0.0, 1.0],
                [0.99525, 0.093147, -0.028313, -0.0, -0.072727, 0.904682, 0.419834, 0.369915, 0.064721, -0.41578, 0.907159, 0.0, 0.0, 0.0, 0.0, 1.0]
            ]
        },
        {
            "name": "LeftLeg",
            "time": [0.0, 0.3833, 0.7833, 1.0333, 1.1667, 1.6],
            "transform": [
                [-0.998197, -0.059316, 0.009152, -0.152517, 0.05599, -0.975242, -0.213937, -0.056564, 0.021615, -0.213039, 0.976802, -0.00768, 0.0, 0.0, 0.0, 1.0],
                [-0.998272, -0.041815, 0.041285, -0.152517, 0.051698, -0.958966, 0.278768, -0.056564, 0.027934, 0.280419, 0.959469, -0.00768, 0.0, 0.0, 0.0, 1.0],
                [-0.998329, -0.057661, -0.003727, -0.152517, 0.049096, -0.812504, -0.580884, -0.056564, 0.030467, -0.580096, 0.813976, -0.00768, 0.0, 0.0, 0.0, 1.0],
                [-0.999363, -0.024236, -0.026199, -0.152517, 0.035356, -0.572166, -0.819375, -0.056564, 0.004869, -0.819779, 0.572656, -0.00768, 0.0, 0.0, 0.0, 1.0],
                [-0.999657, -0.009047, -0.024582, -0.152517, 0.023897, -0.699284, -0.714445, -0.056564, -0.010726, -0.714786, 0.699257, -0.00768, 0.0, 0.0, 0.0, 1.0],
                [-0.998197, -0.059316, 0.009152, -0.152517, 0.05599, -0.975242, -0.213937, -0.056564, 0.021615, -0.213039, 0.976802, -0.00768, 0.0, 0.0, 0.0, 1.0]
            ]
        },
        {
            "name": "LeftFoot",
            "time": [0.0, 0.3833, 0.7833, 1.6],
            "transform": [
                [0.999874, 0.007996, 0.013747, -0.0, -0.006445, 0.993979, -0.109382, 0.370083, -0.014539, 0.10928, 0.993905, 0.0, 0.0, 0.0, 0.0, 1.0],
                [0.999683, 0.004256, 0.024819, -0.0, 0.000112, 0.984851, -0.173403, 0.370083, -0.025181, 0.173351, 0.984538, -0.0, 0.0, 0.0, 0.0, 1.0],
                [0.998772, 0.044016, 0.022732, 0.0, 0.009286, 0.28438, -0.958667, 0.370083, -0.048661, 0.957701, 0.283622, -0.0, 0.0, 0.0, 0.0, 1.0],
                [0.999874, 0.007996, 0.013747, -0.0, -0.006445, 0.993979, -0.109382, 0.370083, -0.014539, 0.10928, 0.993905, 0.0, 0.0, 0.0, 0.0, 1.0]
            ]
        },
        {
            "name": "LeftKnee",
            "time": [0.0, 0.7833, 1.6],
            "transform": [
                [-0.999873, -0.01092, -0.011563, -0.0, 0.006445, 0.386447, -0.922289, 0.370083, 0.01454, -0.922247, -0.386328, 0.0, 0.0, 0.0, 0.0, 1.0],
                [-0.99933, -0.015491, -0.033166, 0.0, 0.002427, 0.876011, -0.482284, 0.370083, 0.036525, -0.482041, -0.875387, -0.0, 0.0, 0.0, 0.0, 1.0],
                [-0.999873, -0.01092, -0.011563, -0.0, 0.006445, 0.386447, -0.922289, 0.370083, 0.01454, -0.922247, -0.386328, 0.0, 0.0, 0.0, 0.0, 1.0]
            ]
        }
    ]
}