{
    "animation": [
        {
            "name": "Root",
            "time": [0.0, 0.2167, 0.3667, 0.4833, 0.5667, 0.8, 1.0167],
            "transform": [
                [0.719954, 0.015077, -0.693858, 0.000573, -0.694018, 0.012061, -0.719857, -0.000709, -0.002484, 0.999814, 0.019147, 0.646176, 0.0, 0.0, 0.0, 1.0],
                [0.32025, 0.018934, -0.947144, 0.000573, -0.94733, 0.003779, -0.320238, -0.292726, -0.002484, 0.999814, 0.019147, 0.646176, 0.0, 0.0, 0.0, 1.0],
                [0.199647, 0.018934, -0.979685, 0.000573, -0.979868, 0.003779, -0.199611, -0.292726, -7.7e-05, 0.999814, 0.019308, 0.646176, 0.0, 0.0, 0.0, 1.0],
                [0.882951, 0.017614, -0.469134, 0.097483, -0.469341, 0.010171, -0.882958, 0.732523, -0.010781, 0.999793, 0.017248, 0.755109, 0.0, 0.0, 0.0, 1.0],
                [0.999864, 0.014691, 0.00748, 0.000573, 0.007296, 0.012529, -0.999895, 0.935992, -0.014783, 0.999814, 0.01242, 0.646176, 0.0, 0.0, 0.0, 1.0],
                [0.981, 0.016906, -0.193268, 0.000573, -0.193442, 0.009327, -0.981067, 0.599022, -0.014783, 0.999814, 0.01242, 0.719152, 0.0, 0.0, 0.0, 1.0],
                [0.981, 0.016906, -0.193268, 0.000573, -0.193442, 0.009327, -0.981067, 0.599022, -0.014783, 0.999814, 0.01242, 0.719152, 0.0, 0.0, 0.0, 1.0]
            ]
        },
        {
            "name": "Thigh_R",
            "time": [0.0, 0.2167, 0.3667, 0.4833, 0.5667, 0.8, 1.0167],
            "transform": [
                [0.859297, 0.361235, -0.362101, 0.124994, 0.142636, -0.849108, -0.508593, -0.002831, -0.491185, 0.385383, -0.781163, -1.2e-05, 0.0, 0.0, 0.0, 1.0],
                [0.741755, 0.352877, -0.570331, 0.124994, 0.455935, -0.888975, 0.042944, -0.002831, -0.491857, -0.291886, -0.820292, -1.2e-05, 0.0, 0.0, 0.0, 1.0],
                [0.741755, 0.352877, -0.570331, 0.124994, 0.455935, -0.888974, 0.042944, -0.002831, -0.491857, -0.291886, -0.820292, -1.2e-05, 0.0, 0.0, 0.0, 1.0],
                [0.827003, -0.475081, -0.300604, 0.124994, 0.018894, -0.510905, 0.859429, -0.002831, -0.561879, -0.716428, -0.413546, -1.2e-05, 0.0, 0.0, 0.0, 1.0],
                [0.987055, -0.118143, -0.108458, 0.124994, 0.003156, -0.661828, 0.749648, -0.002831, -0.160347, -0.740285, -0.65289, -1.2e-05, 0.0, 0.0, 0.0, 1.0],
                [0.973169, 0.005631, -0.23002, 0.124994, 0.096786, -0.91697, 0.387033, -0.002831, -0.208742, -0.39891, -0.892915, -1.2e-05, 0.0, 0.0, 0.0, 1.0],
                [0.973169, 0.005631, -0.23002, 0.124994, 0.096786, -0.91697, 0.387033, -0.002831, -0.208742, -0.39891, -0.892915, -1.2e-05, 0.0, 0.0, 0.0, 1.0]
            ]
        },
        {
            "name": "Leg_R",
            "time": [0.0, 0.2167, 0.3667, 0.4833, 0.5667, 0.8, 1.0167],
            "transform": [
                [0.998294, -0.055914, -0.016795, 0.0, 0.058094, 0.922886, 0.380666, 0.37472, -0.005785, -0.380993, 0.924559, 0.0, 0.0, 0.0, 0.0, 1.0],
                [0.997826, 0.064252, 0.014693, -0.0, -0.060075, 0.794901, 0.603759, 0.37472, 0.027114, -0.603329, 0.797031, 0.0, 0.0, 0.0, 0.0, 1.0],
                [0.997826, 0.064252, 0.014693, 0.0, -0.060075, 0.794901, 0.603759, 0.37472, 0.027114, -0.603329, 0.797031, -0.0, 0.0, 0.0, 0.0, 1.0],
                [0.997826, 0.028902, 0.059236, -0.0, -0.060075, 0.029098, 0.997769, 0.37472, 0.027114, -0.999159, 0.030771, -0.0, 0.0, 0.0, 0.0, 1.0],
                [0.997826, 0.065882, -0.001944, 0.0, -0.060075, 0.921225, 0.384364, 0.37472, 0.027114, -0.383412, 0.923179, 0.0, 0.0, 0.0, 0.0, 1.0],
                [0.997826, 0.065882, -0.001944, 0.0, -0.060075, 0.921226, 0.384364, 0.37472, 0.027114, -0.383412, 0.923179, -0.0, 0.0, 0.0, 0.0, 1.0],
                [0.997826, 0.065882, -0.001944, 0.0, -0.060075, 0.921226, 0.384364, 0.37472, 0.027114, -0.383412, 0.923179, -0.0, 0.0, 0.0, 0.0, 1.0]
            ]
        },
        {
            "name": "Knee_R",
            "time": [0.0, 0.3667, 0.4833, 0.5667, 0.8, 1.0167],
            "transform": [
                [1.0, 0.0, -0.0, 0.0, -0.0, 1e-06, -1.0, 0.37472, -0.0, 1.0, 1e-06, 0.0, 0.0, 0.0, 0.0, 1.0],
                [1.0, 0.0, -0.0, 0.0, -0.0, 1e-06, -1.0, 0.37472, -0.0, 1.0, 1e-06, -0.0, 0.0, 0.0, 0.0, 1.0],
                [1.0, 0.0, -0.0, -0.0, -0.0, 0.544892, -0.838506, 0.37472, -0.0, 0.838506, 0.544892, -0.0, 0.0, 0.0, 0.0, 1.0],
                [1.0, 0.0, -0.0, 0.0, -0.0, 0.544892, -0.838506, 0.37472, -0.0, 0.838506, 0.544892, 0.0, 0.0, 0.0, 0.0, 1.0],
                [1.0, 0.0, -0.0, 0.0, -0.0, 0.544892, -0.838506, 0.37472, -0.0, 0.838506, 0.544892, -0.0, 0.0, 0.0, 0.0, 1.0],
                [1.0, 0.0, -0.0, 0.0, -0.0, 0.544892, -0.838506, 0.37472, -0.0, 0.838506, 0.544892, -0.0, 0.0, 0.0, 0.0, 1.0]
            ]
        },
        {
            "name": "Thigh_L",
            "time": [0.0, 0.2167, 0.3667, 0.4833, 0.5667, 0.8, 1.0167],
            "transform": [
                [0.718711, -0.538736, -0.439565, -0.109662, -0.025944, -0.652526, 0.757322, -0.002831, -0.694824, -0.532892, -0.482955, 0.02525, 0.0, 0.0, 0.0, 1.0],
                [0.45439, -0.597591, -0.660616, -0.109662, -0.174839, -0.787001, 0.591659, -0.002831, -0.873476, -0.153342, -0.462088, 0.02525, 0.0, 0.0, 0.0, 1.0],
                [0.45439, -0.597592, -0.660616, -0.109662, -0.174839, -0.787001, 0.591659, -0.002831, -0.873476, -0.153342, -0.462088, 0.02525, 0.0, 0.0, 0.0, 1.0],
                [0.874457, -0.079709, -0.478509, -0.109662, -0.154333, -0.980869, -0.118647, -0.002831, -0.459897, 0.177602, -0.87003, 0.02525, 0.0, 0.0, 0.0, 1.0],
                [0.969435, -0.130763, -0.207596, -0.109662, -0.222128, -0.827085, -0.516322, -0.002831, -0.104183, 0.546654, -0.830852, 0.02525, 0.0, 0.0, 0.0, 1.0],
                [0.969435, -0.198403, -0.144331, -0.109662, -0.222127, -0.959559, -0.172934, -0.002831, -0.104183, 0.199709, -0.974301, 0.02525, 0.0, 0.0, 0.0, 1.0],
                [0.969435, -0.198403, -0.144331, -0.109662, -0.222127, -0.959559, -0.172934, -0.002831, -0.104183, 0.199709, -0.974301, 0.02525, 0.0, 0.0, 0.0, 1.0]
            ]
        },
        {
            "name": "Leg_L",
            "time": [0.0, 0.3667, 0.5667, 0.8, 1.0167],
            "transform": [
                [0.997933, 0.060078, 0.022828, 0.0, -0.064028, 0.960118, 0.272163, 0.37472, -0.005566, -0.273062, 0.961981, -0.0, 0.0, 0.0, 0.0, 1.0],
                [0.997933, 0.060078, 0.022828, 0.0, -0.064028, 0.960118, 0.272163, 0.37472, -0.005566, -0.273062, 0.961981, 0.0, 0.0, 0.0, 0.0, 1.0],
                [0.997933, 0.060078, 0.022828, 0.0, -0.064028, 0.960118, 0.272163, 0.37472, -0.005566, -0.273062, 0.961981, 0.0, 0.0, 0.0, 0.0, 1.0],
                [0.997933, 0.060078, 0.022828, 0.0, -0.064028, 0.960118, 0.272163, 0.37472, -0.005566, -0.273062, 0.961981, 0.0, 0.0, 0.0, 0.0, 1.0],
                [0.997933, 0.060078, 0.022828, 0.0, -0.064028, 0.960118, 0.272163, 0.37472, -0.005566, -0.273062, 0.961981, 0.0, 0.0, 0.0, 0.0, 1.0]
            ]
        },
        {
            "name": "Knee_L",
            "time": [0.0, 0.3667, 0.5667, 0.8, 1.0167],
            "transform": [
                [1.0, 0.0, -0.0, 0.0, -0.0, 1e-06, -1.0, 0.37472, -0.0, 1.0, 1e-06, -0.0, 0.0, 0.0, 0.0, 1.0],
                [1.0, 0.0, -0.0, 0.0, -0.0, 1e-06, -1.0, 0.37472, -0.0, 1.0, 1e-06, 0.0, 0.0, 0.0, 0.0, 1.0],
                [1.0, 0.0, -0.0, 0.0, -0.0, 1e-06, -1.0, 0.37472, -0.0, 1.0, 1e-06, 0.0, 0.0, 0.0, 0.0, 1.0],
                [1.0, 0.0, -0.0, 0.0, -0.0, 1e-06, -1.0, 0.37472, -0.0, 1.0, 1e-06, 0.0, 0.0, 0.0, 0.0, 1.0],
                [1.0, 0.0, -0.0, 0.0, -0.0, 1e-06, -1.0, 0.37472, -0.0, 1.0, 1e-06, 0.0, 0.0, 0.0, 0.0, 1.0]
            ]
        },
        {
            "name": "Torso",
            "time": [0.0, 0.2167, 0.3667, 0.5667, 0.8, 1.0167],
            "transform": [
                [0.973222, -0.025127, -0.22849, 0.0, 0.027377, 0.999603, 0.006683, 0.05, 0.228232, -0.012759, 0.973523, 0.0, 0.0, 0.0, 0.0, 1.0],
                [0.999683, -0.025127, 0.001595, -0.0, 0.025104, 0.999603, 0.012803, 0.05, -0.001916, -0.012759, 0.999917, -0.0, 0.0, 0.0, 0.0, 1.0],
                [0.999683, -0.025127, 0.001595, -0.0, 0.025104, 0.999603, 0.012803, 0.05, -0.001916, -0.012759, 0.999917, -0.0, 0.0, 0.0, 0.0, 1.0],
                [0.89184, -0.060538, 0.448282, 0.0, -0.078881, 0.955008, 0.285899, 0.05, -0.44542, -0.290337, 0.846939, 0.0, 0.0, 0.0, 0.0, 1.0],
                [0.99856, 0.028928, 0.045169, 0.0, -0.02934, 0.999533, 0.008502, 0.05, -0.044902, -0.009815, 0.998943, -0.0, 0.0, 0.0, 0.0, 1.0],
                [0.99856, 0.028928, 0.045169, 0.0, -0.02934, 0.999533, 0.008502, 0.05, -0.044902, -0.009815, 0.998943, -0.0, 0.0, 0.0, 0.0, 1.0]
            ]
        },
        {
            "name": "Chest",
            "time": [0.0, 0.2167, 0.3667, 0.5667, 0.8, 1.0167],
            "transform": [
                [0.782455, 0.004657, -0.62269, 0.0, 0.21147, 0.938557, 0.272747, 0.3, 0.5857, -0.345092, 0.733394, 0.0, 0.0, 0.0, 0.0, 1.0],
                [0.710654, -0.149052, -0.687572, 0.0, 0.389451, 0.897249, 0.208019, 0.3, 0.585918, -0.415605, 0.695682, -0.0, 0.0, 0.0, 0.0, 1.0],
                [0.724672, 0.046641, -0.687514, -0.0, 0.190658, 0.945188, 0.265084, 0.3, 0.662193, -0.323178, 0.676059, 0.0, 0.0, 0.0, 0.0, 1.0],
                [0.193657, 0.090146, -0.976919, 0.0, 0.149362, 0.981453, 0.120173, 0.3, 0.969633, -0.169187, 0.176601, 0.0, 0.0, 0.0, 0.0, 1.0],
                [0.604422, 0.090146, -0.791548, -0.0, 0.081102, 0.981453, 0.173703, 0.3, 0.792525, -0.169187, 0.585901, 0.0, 0.0, 0.0, 0.0, 1.0],
                [0.604422, 0.090146, -0.791548, -0.0, 0.081102, 0.981453, 0.173703, 0.3, 0.792525, -0.169187, 0.585901, 0.0, 0.0, 0.0, 0.0, 1.0]
            ]
        },
        {
            "name": "Head",
            "time": [0.0, 0.2167, 0.3667, 0.5667, 0.8, 1.0167],
            "transform": [
                [0.171881, 0.03176, 0.984606, -0.0, 0.027097, 0.99895, -0.036953, 0.4, -0.984745, 0.033031, 0.17084, -0.0, 0.0, 0.0, 0.0, 1.0],
                [0.171881, -0.069904, 0.982634, -0.0, 0.027097, 0.997437, 0.066217, 0.4, -0.984745, 0.015245, 0.173334, -0.0, 0.0, 0.0, 0.0, 1.0],
                [0.171881, -0.069904, 0.982635, 0.0, 0.027097, 0.997437, 0.066217, 0.4, -0.984745, 0.015245, 0.173334, -0.0, 0.0, 0.0, 0.0, 1.0],
                [0.516733, -0.069904, 0.853288, 0.0, 0.049278, 0.997437, 0.051872, 0.4, -0.854727, 0.015245, 0.518853, -0.0, 0.0, 0.0, 0.0, 1.0],
                [0.516733, -0.069904, 0.853288, -0.0, 0.049278, 0.997437, 0.051872, 0.4, -0.854727, 0.015245, 0.518853, 0.0, 0.0, 0.0, 0.0, 1.0],
                [0.516733, -0.069904, 0.853288, -0.0, 0.049278, 0.997437, 0.051872, 0.4, -0.854727, 0.015245, 0.518853, 0.0, 0.0, 0.0, 0.0, 1.0]
            ]
        },
        {
            "name": "Shoulder_R",
            "time": [0.0, 0.3667, 0.5667, 0.8, 1.0167],
            "transform": [
                [-0.059544, 0.923942, 0.37787, -0.0, -0.044266, -0.380613, 0.923674, 0.4, 0.997243, 0.038273, 0.063562, -0.0, 0.0, 0.0, 0.0, 1.0],
                [-0.059544, 0.923942, 0.37787, 0.0, -0.044266, -0.380613, 0.923674, 0.4, 0.997244, 0.038273, 0.063562, -0.0, 0.0, 0.0, 0.0, 1.0],
                [-0.059544, 0.923942, 0.37787, 0.0, -0.044266, -0.380613, 0.923674, 0.4, 0.997244, 0.038273, 0.063562, -0.0, 0.0, 0.0, 0.0, 1.0],
                [0.222401, 0.89875, 0.37787, -0.0, -0.157197, -0.34945, 0.923674, 0.4, 0.962199, -0.264826, 0.063562, 0.0, 0.0, 0.0, 0.0, 1.0],
                [0.222401, 0.89875, 0.37787, -0.0, -0.157197, -0.34945, 0.923674, 0.4, 0.962199, -0.264826, 0.063562, 0.0, 0.0, 0.0, 0.0, 1.0]
            ]
        },
        {
            "name": "Arm_R",
            "time": [0.0, 0.3667, 0.5667, 0.8, 1.0167],
            "transform": [
                [0.05783, -0.00684, -0.998303, -0.0, 0.522309, 0.852407, 0.024416, 0.39386, 0.850793, -0.522835, 0.052867, 0.0, 0.0, 0.0, 0.0, 1.0],
                [0.05783, -0.00684, -0.998303, 0.0, 0.522309, 0.852407, 0.024416, 0.39386, 0.850793, -0.522835, 0.052867, 0.0, 0.0, 0.0, 0.0, 1.0],
                [0.064904, 0.184537, -0.98068, -0.0, 0.311912, 0.929759, 0.195598, 0.393861, 0.947892, -0.318581, 0.002785, -0.0, 0.0, 0.0, 0.0, 1.0],
                [0.064904, 0.184537, -0.98068, 0.0, 0.311912, 0.929759, 0.195598, 0.39386, 0.947891, -0.318581, 0.002785, -0.0, 0.0, 0.0, 0.0, 1.0],
                [0.064904, 0.184537, -0.98068, 0.0, 0.311912, 0.929759, 0.195598, 0.39386, 0.947891, -0.318581, 0.002785, -0.0, 0.0, 0.0, 0.0, 1.0]
            ]
        },
        {
            "name": "Hand_R",
            "time": [0.0, 0.3667, 0.5667, 0.8, 1.0167],
            "transform": [
                [0.999599, -0.025064, -0.013173, -0.0, 0.023395, 0.993155, -0.114439, 0.3, 0.015951, 0.114085, 0.993343, 0.0, 0.0, 0.0, 0.0, 1.0],
                [0.999599, -0.025065, -0.013173, 0.0, 0.023395, 0.993155, -0.114439, 0.3, 0.015951, 0.114085, 0.993343, -0.0, 0.0, 0.0, 0.0, 1.0],
                [0.999599, -0.025065, -0.013173, 0.0, 0.023395, 0.993155, -0.114439, 0.3, 0.015951, 0.114085, 0.993343, 0.0, 0.0, 0.0, 0.0, 1.0],
                [0.999599, -0.025065, -0.013173, -0.0, 0.023395, 0.993155, -0.114439, 0.3, 0.015951, 0.114085, 0.993343, -0.0, 0.0, 0.0, 0.0, 1.0],
                [0.999599, -0.025065, -0.013173, -0.0, 0.023395, 0.993155, -0.114439, 0.3, 0.015951, 0.114085, 0.993343, -0.0, 0.0, 0.0, 0.0, 1.0]
            ]
        },
        {
            "name": "Tool_R",
            "time": [0.0, 0.3667, 0.5667, 0.8, 1.0167],
            "transform": [
                [1.0, 0.0, 0.0, -0.0, -0.0, -0.999836, 0.018122, 0.272858, 0.0, -0.018122, -0.999244, 0.0, 0.0, 0.0, 0.0, 1.0],
                [1.0, -0.0, 0.0, -0.0, -0.0, -0.999836, 0.018122, 0.272858, 0.0, -0.018122, -0.999244, 0.0, 0.0, 0.0, 0.0, 1.0],
                [1.0, -0.0, 0.0, -0.0, 0.0, -0.999836, 0.018122, 0.272858, 0.0, -0.018122, -0.999244, 0.0, 0.0, 0.0, 0.0, 1.0],
                [1.0, 0.0, 0.0, -0.0, -0.0, -0.999836, 0.018122, 0.272858, 0.0, -0.018122, -0.999244, 0.0, 0.0, 0.0, 0.0, 1.0],
                [1.0, 0.0, 0.0, -0.0, -0.0, -0.999836, 0.018122, 0.272858, 0.0, -0.018122, -0.999244, 0.0, 0.0, 0.0, 0.0, 1.0]
            ]
        },
        {
            "name": "Elbow_R",
            "time": [0.0, 0.3667, 0.5667, 0.8, 1.0167],
            "transform": [
                [-1.0, 0.0, 0.0, -0.0, -0.0, -0.0, -1.0, 0.3, -0.0, -1.0, 0.0, 0.0, 0.0, 0.0, 0.0, 1.0],
                [-1.0, 0.0, 0.0, 0.0, -0.0, 0.0, -1.0, 0.3, -0.0, -1.0, 0.0, -0.0, 0.0, 0.0, 0.0, 1.0],
                [-1.0, 0.0, 0.0, 0.0, 0.0, -0.0, -1.0, 0.3, -0.0, -1.0, 0.0, 0.0, 0.0, 0.0, 0.0, 1.0],
                [-1.0, 0.0, 0.0, -0.0, 0.0, -0.0, -1.0, 0.3, -0.0, -1.0, 0.0, -0.0, 0.0, 0.0, 0.0, 1.0],
                [-1.0, 0.0, 0.0, -0.0, 0.0, -0.0, -1.0, 0.3, -0.0, -1.0, 0.0, -0.0, 0.0, 0.0, 0.0, 1.0]
            ]
        },
        {
            "name": "Shoulder_L",
            "time": [0.0, 0.3667, 0.5667, 0.8, 1.0167],
            "transform": [
                [0.138826, -0.94236, -0.304441, -0.0, -0.041269, -0.312656, 0.948969, 0.4, -0.989457, -0.119177, -0.082295, -0.0, 0.0, 0.0, 0.0, 1.0],
                [0.138826, -0.94236, -0.304441, 0.0, -0.041269, -0.312656, 0.948969, 0.4, -0.989457, -0.119177, -0.082295, -0.0, 0.0, 0.0, 0.0, 1.0],
                [0.309409, -0.900878, -0.304441, 0.0, 0.01681, -0.314919, 0.948969, 0.4, -0.95078, -0.298738, -0.082295, -0.0, 0.0, 0.0, 0.0, 1.0],
                [0.067712, -0.950121, -0.304441, -0.0, -0.064617, -0.308677, 0.948969, 0.4, -0.99561, -0.044585, -0.082295, 0.0, 0.0, 0.0, 0.0, 1.0],
                [0.067712, -0.950121, -0.304441, -0.0, -0.064617, -0.308677, 0.948969, 0.4, -0.99561, -0.044585, -0.082295, 0.0, 0.0, 0.0, 0.0, 1.0]
            ]
        },
        {
            "name": "Arm_L",
            "time": [0.0, 0.2167, 0.3667, 0.5667, 0.8, 1.0167],
            "transform": [
                [0.13699, 0.545825, 0.826625, 0.0, -0.001416, 0.834599, -0.550856, 0.39386, -0.990571, 0.074292, 0.115105, -0.0, 0.0, 0.0, 0.0, 1.0],
                [0.156798, 0.536916, 0.828936, 0.0, 0.549594, 0.649923, -0.524926, 0.393861, -0.820586, 0.537885, -0.193179, -0.0, 0.0, 0.0, 0.0, 1.0],
                [0.156798, 0.876028, 0.456058, 0.0, 0.549594, 0.306273, -0.777267, 0.39386, -0.820586, 0.372521, -0.433437, 0.0, 0.0, 0.0, 0.0, 1.0],
                [0.195521, 0.76109, 0.618477, 0.0, 0.667092, 0.359056, -0.652739, 0.393861, -0.718861, 0.540205, -0.437514, 0.0, 0.0, 0.0, 0.0, 1.0],
                [0.141134, 0.977867, 0.15446, -0.0, 0.427337, 0.080562, -0.900496, 0.39386, -0.893009, 0.193097, -0.406508, -0.0, 0.0, 0.0, 0.0, 1.0],
                [0.141134, 0.977867, 0.15446, -0.0, 0.427337, 0.080562, -0.900496, 0.39386, -0.893009, 0.193097, -0.406508, -0.0, 0.0, 0.0, 0.0, 1.0]
            ]
        },
        {
            "name": "Hand_L",
            "time": [0.0, 0.2167, 0.3667, 0.5667, 0.8, 1.0167],
            "transform": [
                [0.99991, 0.012413, -0.005165, -0.0, -0.012582, 0.728532, -0.684896, 0.3, -0.004739, 0.684899, 0.728622, 0.0, 0.0, 0.0, 0.0, 1.0],
                [0.99991, 0.00753, -0.011138, -0.0, -0.012582, 0.232074, -0.972617, 0.3, -0.004739, 0.972669, 0.232147, -0.0, 0.0, 0.0, 0.0, 1.0],
                [0.99991, 0.00753, -0.011138, 0.0, -0.012582, 0.232074, -0.972617, 0.3, -0.004739, 0.972669, 0.232148, -0.0, 0.0, 0.0, 0.0, 1.0],
                [0.99991, 0.00753, -0.011138, 0.0, -0.012582, 0.232074, -0.972617, 0.3, -0.004739, 0.972669, 0.232148, 0.0, 0.0, 0.0, 0.0, 1.0],
                [0.99991, 0.012161, -0.005734, -0.0, -0.012582, 0.696035, -0.717898, 0.3, -0.004739, 0.717905, 0.696125, -0.0, 0.0, 0.0, 0.0, 1.0],
                [0.99991, 0.012161, -0.005734, -0.0, -0.012582, 0.696035, -0.717898, 0.3, -0.004739, 0.717905, 0.696125, -0.0, 0.0, 0.0, 0.0, 1.0]
            ]
        },
        {
            "name": "Tool_L",
            "time": [0.0, 0.3667, 0.5667, 0.8, 1.0167],
            "transform": [
                [1.0, 0.0, 0.0, 0.0, 0.0, -0.999836, 0.018122, 0.272858, 0.0, -0.018122, -0.999247, 0.0, 0.0, 0.0, 0.0, 1.0],
                [1.0, 0.0, 0.0, 0.0, 0.0, -0.999836, 0.018122, 0.272858, 0.0, -0.018122, -0.999247, 0.0, 0.0, 0.0, 0.0, 1.0],
                [1.0, 0.0, 0.0, 0.0, 0.0, -0.999836, 0.018122, 0.272858, 0.0, -0.018122, -0.999247, -0.0, 0.0, 0.0, 0.0, 1.0],
                [1.0, 0.0, 0.0, -0.0, -0.0, -0.999836, 0.018122, 0.272858, 0.0, -0.018122, -0.999247, 0.0, 0.0, 0.0, 0.0, 1.0],
                [1.0, 0.0, 0.0, -0.0, -0.0, -0.999836, 0.018122, 0.272858, 0.0, -0.018122, -0.999247, 0.0, 0.0, 0.0, 0.0, 1.0]
            ]
        },
        {
            "name": "Elbow_L",
            "time": [0.0, 0.2167, 0.3667, 0.5667, 0.8, 1.0167],
            "transform": [
                [-0.998967, -0.043093, -0.01444, 0.00533, 0.028309, -0.34145, -0.939473, 0.367045, 0.035554, -0.938911, 0.342317, -0.016093, 0.0, 0.0, 0.0, 1.0],
                [-0.998967, -0.016051, -0.042519, -4.9e-05, 0.028309, 0.512133, -0.858439, 0.367197, 0.035554, -0.858756, -0.51115, -0.015902, 0.0, 0.0, 0.0, 1.0],
                [-0.998967, -0.016051, -0.042519, -4.8e-05, 0.028309, 0.512133, -0.858439, 0.367197, 0.035554, -0.858756, -0.51115, -0.015902, 0.0, 0.0, 0.0, 1.0],
                [-0.998967, -0.016051, -0.042519, -4.8e-05, 0.028309, 0.512133, -0.858439, 0.367197, 0.035554, -0.858756, -0.51115, -0.015902, 0.0, 0.0, 0.0, 1.0],
                [-0.998967, -0.043494, -0.013184, -4.9e-05, 0.028309, -0.368549, -0.929177, 0.367197, 0.035554, -0.92859, 0.369399, -0.015902, 0.0, 0.0, 0.0, 1.0],
                [-0.998967, -0.043494, -0.013184, -4.9e-05, 0.028309, -0.368549, -0.929177, 0.367197, 0.035554, -0.92859, 0.369399, -0.015902, 0.0, 0.0, 0.0, 1.0]
            ]
        }
    ]
}