{
    "animation": [
        {
            "name": "Root",
            "time": [0.0, 0.3333, 0.5833, 0.65, 0.75, 1.2167],
            "transform": [
                [0.854689, 0.010023, -0.519043, -5e-06, -0.51914, 0.016502, -0.85453, 0.030328, -0.0, 0.999814, 0.019308, 0.771957, 0.0, 0.0, 0.0, 1.0],
                [0.911203, -0.007954, 0.411882, 0.00195, 0.411959, 0.017593, -0.911033, 0.489656, -0.0, 0.999814, 0.019308, 0.725515, 0.0, 0.0, 0.0, 1.0],
                [0.911203, -0.007954, 0.411882, 0.00195, 0.411959, 0.017593, -0.911033, 0.568331, -0.0, 0.999814, 0.019308, 0.725515, 0.0, 0.0, 0.0, 1.0],
                [0.910134, -0.007242, 0.414251, 0.00195, 0.411213, -0.10632, -0.905317, 0.386923, 0.0506, 0.994306, -0.093788, 0.672225, 0.0, 0.0, 0.0, 1.0],
                [0.909942, -0.007146, 0.414673, 0.00195, 0.410997, -0.118398, -0.903916, 0.342691, 0.055556, 0.99294, -0.104798, 0.667026, 0.0, 0.0, 0.0, 1.0],
                [0.854689, 0.010023, -0.519043, -5e-06, -0.51914, 0.016502, -0.85453, 0.030328, -0.0, 0.999814, 0.019308, 0.771957, 0.0, 0.0, 0.0, 1.0]
            ]
        },
        {
            "name": "Thigh_R",
            "time": [0.0, 0.1333, 0.3333, 0.5833, 0.75, 1.2167],
            "transform": [
                [0.996122, 0.056223, -0.067664, 0.124994, 0.068868, -0.976941, 0.202086, -0.002831, -0.054742, -0.205961, -0.977028, -1.2e-05, 0.0, 0.0, 0.0, 1.0],
                [0.990654, 0.04326, -0.129357, 0.124994, 0.118764, -0.739981, 0.662059, -0.002831, -0.067081, -0.671232, -0.738205, -1.2e-05, 0.0, 0.0, 0.0, 1.0],
                [0.964639, 0.197049, -0.17505, 0.124994, 0.255313, -0.863532, 0.434885, -0.002831, -0.065468, -0.464198, -0.883309, -1.2e-05, 0.0, 0.0, 0.0, 1.0],
                [0.952296, 0.23381, -0.196125, 0.124994, 0.302239, -0.811531, 0.500067, -0.002831, -0.042242, -0.535487, -0.843486, -1.2e-05, 0.0, 0.0, 0.0, 1.0],
                [0.968831, 0.21327, 0.126024, 0.124994, 0.076992, -0.74277, 0.665104, -0.002831, 0.235454, -0.634669, -0.736041, -1.2e-05, 0.0, 0.0, 0.0, 1.0],
                [0.996122, 0.056223, -0.067664, 0.124994, 0.068868, -0.976941, 0.202086, -0.002831, -0.054742, -0.205961, -0.977028, -1.2e-05, 0.0, 0.0, 0.0, 1.0]
            ]
        },
        {
            "name": "Leg_R",
            "time": [0.0, 0.1333, 0.3333, 0.5833, 0.75, 1.2167],
            "transform": [
                [0.998294, -0.058059, -0.006132, 0.0, 0.058094, 0.97748, 0.202875, 0.37472, -0.005785, -0.202886, 0.979185, -0.0, 0.0, 0.0, 0.0, 1.0],
                [0.998294, -0.042604, -0.039917, -0.0, 0.058094, 0.657168, 0.751502, 0.37472, -0.005785, -0.75254, 0.658521, -0.0, 0.0, 0.0, 0.0, 1.0],
                [0.998294, -0.058059, -0.006132, -0.0, 0.058095, 0.97748, 0.202875, 0.37472, -0.005785, -0.202886, 0.979185, 0.0, 0.0, 0.0, 0.0, 1.0],
                [0.998294, -0.058059, -0.006132, -0.0, 0.058094, 0.97748, 0.202875, 0.37472, -0.005785, -0.202886, 0.979185, -0.0, 0.0, 0.0, 0.0, 1.0],
                [0.998294, -0.046536, -0.035254, -0.0, 0.058094, 0.731976, 0.678849, 0.37472, -0.005785, -0.679741, 0.73343, -0.0, 0.0, 0.0, 0.0, 1.0],
                [0.998294, -0.058059, -0.006132, 0.0, 0.058094, 0.97748, 0.202875, 0.37472, -0.005785, -0.202886, 0.979185, -0.0, 0.0, 0.0, 0.0, 1.0]
            ]
        },
        {
            "name": "Knee_R",
            "time": [0.0, 0.3333, 0.5833, 1.2167],
            "transform": [
                [1.0, 0.0, -0.0, 0.0, -0.0, 1e-06, -1.0, 0.37472, -0.0, 1.0, 1e-06, -0.0, 0.0, 0.0, 0.0, 1.0],
                [1.0, 0.0, -0.0, -0.0, -0.0, 1e-06, -1.0, 0.37472, -0.0, 1.0, 1e-06, 0.0, 0.0, 0.0, 0.0, 1.0],
                [1.0, 0.0, -0.0, -0.0, -0.0, 1e-06, -1.0, 0.37472, -0.0, 1.0, 1e-06, -0.0, 0.0, 0.0, 0.0, 1.0],
                [1.0, 0.0, -0.0, 0.0, -0.0, 1e-06, -1.0, 0.37472, -0.0, 1.0, 1e-06, -0.0, 0.0, 0.0, 0.0, 1.0]
            ]
        },
        {
            "name": "Thigh_L",
            "time": [0.0, 0.3333, 0.5833, 0.75, 1.2167],
            "transform": [
                [0.862919, -0.126282, -0.489308, -0.109662, -0.086164, -0.990862, 0.103769, -0.002831, -0.497941, -0.047383, -0.865915, 0.02525, 0.0, 0.0, 0.0, 1.0],
                [0.820735, -0.349474, -0.451952, -0.109662, -0.413518, -0.909237, -0.047869, -0.002831, -0.394202, 0.226179, -0.890757, 0.02525, 0.0, 0.0, 0.0, 1.0],
                [0.807097, -0.377739, -0.45377, -0.109662, -0.462157, -0.882481, -0.087399, -0.002831, -0.367429, 0.280253, -0.886822, 0.02525, 0.0, 0.0, 0.0, 1.0],
                [0.519313, -0.442588, -0.731047, -0.109662, -0.597248, -0.799812, 0.059952, -0.002831, -0.611234, 0.405484, -0.679688, 0.02525, 0.0, 0.0, 0.0, 1.0],
                [0.862919, -0.126282, -0.489308, -0.109662, -0.086164, -0.990862, 0.103769, -0.002831, -0.497941, -0.047383, -0.865915, 0.02525, 0.0, 0.0, 0.0, 1.0]
            ]
        },
        {
            "name": "Leg_L",
            "time": [0.0, 0.3333, 0.5833, 0.75, 1.2167],
            "transform": [
                [0.997933, 0.063289, 0.011181, 0.0, -0.064028, 0.994089, 0.087675, 0.37472, -0.005566, -0.088209, 0.996087, -0.0, 0.0, 0.0, 0.0, 1.0],
                [0.997933, 0.063289, 0.011181, -0.0, -0.064028, 0.994089, 0.087675, 0.37472, -0.005566, -0.088209, 0.996087, -0.0, 0.0, 0.0, 0.0, 1.0],
                [0.997933, 0.063289, 0.011181, 0.0, -0.064028, 0.994089, 0.087675, 0.37472, -0.005566, -0.088209, 0.996087, 0.0, 0.0, 0.0, 0.0, 1.0],
                [0.997933, 0.05995, 0.023163, -0.0, -0.064027, 0.958584, 0.277518, 0.37472, -0.005566, -0.278427, 0.960442, 0.0, 0.0, 0.0, 0.0, 1.0],
                [0.997933, 0.063289, 0.011181, 0.0, -0.064028, 0.994089, 0.087675, 0.37472, -0.005566, -0.088209, 0.996087, -0.0, 0.0, 0.0, 0.0, 1.0]
            ]
        },
        {
            "name": "Knee_L",
            "time": [0.0, 0.3333, 0.5833, 1.2167],
            "transform": [
                [1.0, 0.0, -0.0, 0.0, -0.0, 1e-06, -1.0, 0.37472, -0.0, 1.0, 1e-06, -0.0, 0.0, 0.0, 0.0, 1.0],
                [1.0, 0.0, -0.0, -0.0, -0.0, 1e-06, -1.0, 0.37472, -0.0, 1.0, 1e-06, -0.0, 0.0, 0.0, 0.0, 1.0],
                [1.0, 0.0, -0.0, 0.0, -0.0, 1e-06, -1.0, 0.37472, -0.0, 1.0, 1e-06, 0.0, 0.0, 0.0, 0.0, 1.0],
                [1.0, 0.0, -0.0, 0.0, -0.0, 1e-06, -1.0, 0.37472, -0.0, 1.0, 1e-06, -0.0, 0.0, 0.0, 0.0, 1.0]
            ]
        },
        {
            "name": "Torso",
            "time": [0.0, 0.3333, 0.5833, 0.75, 1.2167],
            "transform": [
                [0.965662, -0.025127, 0.258583, -0.0, 0.020968, 0.999603, 0.018828, 0.05, -0.258953, -0.012759, 0.965806, 0.0, 0.0, 0.0, 0.0, 1.0],
                [0.965662, -0.025127, 0.258583, 0.0, 0.020968, 0.999603, 0.018828, 0.05, -0.258953, -0.012759, 0.965806, -0.0, 0.0, 0.0, 0.0, 1.0],
                [0.965662, -0.025127, 0.258583, -0.0, 0.020968, 0.999603, 0.018828, 0.05, -0.258953, -0.012759, 0.965806, -0.0, 0.0, 0.0, 0.0, 1.0],
                [0.965662, 0.075965, 0.248446, -0.0, 0.020968, 0.930388, -0.365976, 0.05, -0.258953, 0.358619, 0.896848, 0.0, 0.0, 0.0, 0.0, 1.0],
                [0.965662, -0.025127, 0.258583, -0.0, 0.020968, 0.999603, 0.018828, 0.05, -0.258953, -0.012759, 0.965806, 0.0, 0.0, 0.0, 0.0, 1.0]
            ]
        },
        {
            "name": "Chest",
            "time": [0.0, 0.1, 0.2, 0.3333, 0.45, 0.5833, 0.75, 1.0333, 1.2167],
            "transform": [
                [0.997431, -0.023894, 0.067533, -0.0, 0.022738, 0.999582, 0.017843, 0.3, -0.067931, -0.016261, 0.997558, -0.0, 0.0, 0.0, 0.0, 1.0],
                [0.712788, -0.199316, 0.672463, 0.0, 0.018834, 0.963865, 0.265723, 0.3, -0.701127, -0.176739, 0.690785, 0.0, 0.0, 0.0, 0.0, 1.0],
                [0.629776, -0.0375, 0.775871, -0.0, 0.019573, 0.999283, 0.032411, 0.3, -0.77653, -0.005225, 0.630059, 0.0, 0.0, 0.0, 0.0, 1.0],
                [0.864065, -0.054031, 0.500471, 0.0, 0.054804, 0.99841, 0.013171, 0.3, -0.500387, 0.016047, 0.865653, 0.0, 0.0, 0.0, 0.0, 1.0],
                [0.864065, -0.076106, 0.497593, 0.0, 0.054804, 0.996852, 0.0573, 0.3, -0.500387, -0.022241, 0.865516, 0.0, 0.0, 0.0, 0.0, 1.0],
                [0.864065, -0.054031, 0.500471, -0.0, 0.054804, 0.99841, 0.013171, 0.3, -0.500387, 0.016047, 0.865653, 0.0, 0.0, 0.0, 0.0, 1.0],
                [0.996226, -0.079611, 0.034594, 0.0, 0.054992, 0.88721, 0.458077, 0.3, -0.06716, -0.454446, 0.888239, 0.0, 0.0, 0.0, 0.0, 1.0],
                [0.996225, -0.07796, 0.03817, 0.0, 0.054992, 0.907073, 0.417366, 0.3, -0.06716, -0.413692, 0.907937, -0.0, 0.0, 0.0, 0.0, 1.0],
                [0.997431, -0.023894, 0.067533, -0.0, 0.022738, 0.999582, 0.017843, 0.3, -0.067931, -0.016261, 0.997558, -0.0, 0.0, 0.0, 0.0, 1.0]
            ]
        },
        {
            "name": "Head",
            "time": [0.0, 0.1333, 0.3333, 0.5833, 0.75, 0.8667, 1.2167],
            "transform": [
                [0.989016, 0.03176, 0.144357, 0.0, -0.026637, 0.99895, -0.037285, 0.4, -0.145389, 0.033031, 0.988823, -0.0, 0.0, 0.0, 0.0, 1.0],
                [0.78179, 0.079849, -0.618408, 0.0, -0.107644, 0.99416, -0.007716, 0.4, 0.61418, 0.0726, 0.78582, -0.0, 0.0, 0.0, 0.0, 1.0],
                [0.482192, 0.105917, -0.869639, -0.0, -0.194994, 0.980739, 0.011329, 0.4, 0.854089, 0.164112, 0.493558, -0.0, 0.0, 0.0, 0.0, 1.0],
                [0.482192, 0.121401, -0.867613, 0.0, -0.194994, 0.980381, 0.028809, 0.4, 0.854089, 0.155288, 0.496404, -0.0, 0.0, 0.0, 0.0, 1.0],
                [0.835757, -0.027987, -0.548386, -0.0, -0.03076, 0.994746, -0.097645, 0.4, 0.548238, 0.098476, 0.830505, 0.0, 0.0, 0.0, 0.0, 1.0],
                [0.821403, -0.009854, -0.570263, -0.0, -0.045202, 0.995581, -0.082313, 0.4, 0.568554, 0.093389, 0.817327, 0.0, 0.0, 0.0, 0.0, 1.0],
                [0.989016, 0.03176, 0.144357, 0.0, -0.026637, 0.99895, -0.037285, 0.4, -0.145389, 0.033031, 0.988823, -0.0, 0.0, 0.0, 0.0, 1.0]
            ]
        },
        {
            "name": "Shoulder_R",
            "time": [0.0, 0.3333, 0.5833, 1.2167],
            "transform": [
                [-0.059544, 0.923942, 0.37787, 0.0, -0.044266, -0.380613, 0.923674, 0.4, 0.997244, 0.038273, 0.063562, -0.0, 0.0, 0.0, 0.0, 1.0],
                [-0.059544, 0.923942, 0.37787, -0.0, -0.044266, -0.380613, 0.923674, 0.4, 0.997243, 0.038273, 0.063562, -0.0, 0.0, 0.0, 0.0, 1.0],
                [-0.059544, 0.923942, 0.37787, 0.0, -0.044266, -0.380613, 0.923674, 0.4, 0.997243, 0.038273, 0.063562, -0.0, 0.0, 0.0, 0.0, 1.0],
                [-0.059544, 0.923942, 0.37787, 0.0, -0.044266, -0.380613, 0.923674, 0.4, 0.997244, 0.038273, 0.063562, -0.0, 0.0, 0.0, 0.0, 1.0]
            ]
        },
        {
            "name": "Arm_R",
            "time": [0.0, 0.1333, 0.2667, 0.3333, 0.5833, 0.75, 1.0333, 1.2167],
            "transform": [
                [0.047157, -0.034167, -0.998303, -0.0, 0.871616, 0.489581, 0.024416, 0.39386, 0.487916, -0.871288, 0.052867, 0.0, 0.0, 0.0, 0.0, 1.0],
                [0.564643, -0.456483, -0.687606, -0.0, 0.080463, 0.8596, -0.504592, 0.393861, 0.821403, 0.229588, 0.522097, -0.0, 0.0, 0.0, 0.0, 1.0],
                [0.936426, -0.309632, -0.165025, 0.0, 0.229415, 0.896204, -0.37972, 0.393861, 0.26547, 0.317721, 0.910263, -0.0, 0.0, 0.0, 0.0, 1.0],
                [0.872943, -0.483382, -0.065676, 0.0, 0.445118, 0.844358, -0.29821, 0.393861, 0.199603, 0.231087, 0.952238, -0.0, 0.0, 0.0, 0.0, 1.0],
                [0.872943, -0.485025, -0.05217, 0.0, 0.445118, 0.835713, -0.321641, 0.393861, 0.199603, 0.257552, 0.945423, -0.0, 0.0, 0.0, 0.0, 1.0],
                [0.537058, -0.353321, 0.765985, 0.0, 0.839761, 0.13803, -0.525117, 0.39386, 0.079806, 0.925263, 0.370835, 0.0, 0.0, 0.0, 0.0, 1.0],
                [0.658362, -0.077266, -0.748725, -0.0, 0.534502, 0.74836, 0.392765, 0.393861, 0.529969, -0.658777, 0.53399, 0.0, 0.0, 0.0, 0.0, 1.0],
                [0.047157, -0.034167, -0.998303, -0.0, 0.871616, 0.489581, 0.024416, 0.39386, 0.487916, -0.871288, 0.052867, 0.0, 0.0, 0.0, 0.0, 1.0]
            ]
        },
        {
            "name": "Hand_R",
            "time": [0.0, 0.1333, 0.3333, 0.5833, 0.85, 1.2167],
            "transform": [
                [0.999599, -0.023996, -0.015032, 0.0, 0.023395, 0.998967, -0.038953, 0.3, 0.015951, 0.038585, 0.999128, 0.0, 0.0, 0.0, 0.0, 1.0],
                [0.999419, -0.033564, 0.005946, 0.0, 0.031454, 0.840862, -0.540335, 0.3, 0.013137, 0.540208, 0.841429, -0.0, 0.0, 0.0, 0.0, 1.0],
                [0.999012, -0.043257, -0.010191, 0.0, 0.04366, 0.998109, 0.043284, 0.3, 0.0083, -0.043686, 0.999011, -0.0, 0.0, 0.0, 0.0, 1.0],
                [0.999012, -0.043257, -0.010191, 0.0, 0.04366, 0.998108, 0.043284, 0.3, 0.0083, -0.043686, 0.999011, 0.0, 0.0, 0.0, 0.0, 1.0],
                [0.999012, -0.037853, 0.023285, 0.0, 0.04366, 0.738095, -0.673283, 0.3, 0.0083, 0.673634, 0.739018, -0.0, 0.0, 0.0, 0.0, 1.0],
                [0.999599, -0.023996, -0.015032, 0.0, 0.023395, 0.998967, -0.038953, 0.3, 0.015951, 0.038585, 0.999128, 0.0, 0.0, 0.0, 0.0, 1.0]
            ]
        },
        {
            "name": "Tool_R",
            "time": [0.0, 0.3333, 0.5833, 1.2167],
            "transform": [
                [1.0, 0.0, 0.0, 0.0, 0.0, -0.999836, 0.018122, 0.272858, 0.0, -0.018122, -0.999244, 0.0, 0.0, 0.0, 0.0, 1.0],
                [1.0, 0.0, 0.0, 0.0, 0.0, -0.999836, 0.018122, 0.272858, 0.0, -0.018122, -0.999244, 0.0, 0.0, 0.0, 0.0, 1.0],
                [1.0, 0.0, 0.0, -0.0, 0.0, -0.999836, 0.018122, 0.272858, 0.0, -0.018122, -0.999244, 0.0, 0.0, 0.0, 0.0, 1.0],
                [1.0, 0.0, 0.0, 0.0, 0.0, -0.999836, 0.018122, 0.272858, 0.0, -0.018122, -0.999244, 0.0, 0.0, 0.0, 0.0, 1.0]
            ]
        },
        {
            "name": "Elbow_R",
            "time": [0.0, 0.3333, 0.5833, 1.2167],
            "transform": [
                [-1.0, 0.0, -0.0, 0.0, 0.0, -0.0, -1.0, 0.3, -0.0, -1.0, 0.0, 0.0, 0.0, 0.0, 0.0, 1.0],
                [-1.0, 0.0, -0.0, 0.0, 0.0, -0.0, -1.0, 0.3, -0.0, -1.0, 0.0, -0.0, 0.0, 0.0, 0.0, 1.0],
                [-1.0, 0.0, -0.0, 0.0, 0.0, -0.0, -1.0, 0.3, -0.0, -1.0, 0.0, 0.0, 0.0, 0.0, 0.0, 1.0],
                [-1.0, 0.0, -0.0, 0.0, 0.0, -0.0, -1.0, 0.3, -0.0, -1.0, 0.0, 0.0, 0.0, 0.0, 0.0, 1.0]
            ]
        },
        {
            "name": "Shoulder_L",
            "time": [0.0, 0.3333, 0.5833, 1.2167],
            "transform": [
                [-0.007939, -0.952498, -0.304441, 0.0, -0.088921, -0.302572, 0.948969, 0.4, -0.996007, 0.034605, -0.082295, -0.0, 0.0, 0.0, 0.0, 1.0],
                [-0.007939, -0.952498, -0.304441, -0.0, -0.088921, -0.302572, 0.948969, 0.4, -0.996007, 0.034605, -0.082295, -0.0, 0.0, 0.0, 0.0, 1.0],
                [-0.007939, -0.952498, -0.304441, 0.0, -0.088921, -0.302572, 0.948969, 0.4, -0.996007, 0.034605, -0.082295, -0.0, 0.0, 0.0, 0.0, 1.0],
                [-0.007939, -0.952498, -0.304441, 0.0, -0.088921, -0.302572, 0.948969, 0.4, -0.996007, 0.034605, -0.082295, -0.0, 0.0, 0.0, 0.0, 1.0]
            ]
        },
        {
            "name": "Arm_L",
            "time": [0.0, 0.1333, 0.3333, 0.5833, 1.2167],
            "transform": [
                [0.2326, 0.109416, 0.966398, 0.0, -0.875693, 0.455886, 0.159153, 0.39386, -0.423154, -0.883287, 0.201854, 0.0, 0.0, 0.0, 0.0, 1.0],
                [0.464498, 0.406214, 0.786913, -0.0, -0.796557, 0.579928, 0.170825, 0.39386, -0.386961, -0.706168, 0.592948, 0.0, 0.0, 0.0, 0.0, 1.0],
                [0.761509, 0.168895, 0.625763, 0.0, -0.592014, 0.57428, 0.56544, 0.39386, -0.263863, -0.801047, 0.537308, 0.0, 0.0, 0.0, 0.0, 1.0],
                [0.768551, 0.156039, 0.620469, 0.0, -0.572852, 0.599694, 0.558756, 0.39386, -0.284904, -0.784869, 0.550282, -0.0, 0.0, 0.0, 0.0, 1.0],
                [0.2326, 0.109416, 0.966398, 0.0, -0.875693, 0.455886, 0.159153, 0.39386, -0.423154, -0.883287, 0.201854, 0.0, 0.0, 0.0, 0.0, 1.0]
            ]
        },
        {
            "name": "Hand_L",
            "time": [0.0, 0.3333, 0.5833, 1.2167],
            "transform": [
                [0.99991, 0.013059, 0.003198, 0.0, -0.012582, 0.992716, -0.119824, 0.3, -0.004739, 0.119773, 0.99279, -0.0, 0.0, 0.0, 0.0, 1.0],
                [0.99991, 0.012437, 0.005109, -0.0, -0.012582, 0.999486, 0.0295, 0.3, -0.004739, -0.029561, 0.999552, -0.0, 0.0, 0.0, 0.0, 1.0],
                [0.99991, 0.012437, 0.005109, 0.0, -0.012582, 0.999486, 0.0295, 0.3, -0.004739, -0.029561, 0.999552, 0.0, 0.0, 0.0, 0.0, 1.0],
                [0.99991, 0.013059, 0.003198, 0.0, -0.012582, 0.992716, -0.119824, 0.3, -0.004739, 0.119773, 0.99279, -0.0, 0.0, 0.0, 0.0, 1.0]
            ]
        },
        {
            "name": "Tool_L",
            "time": [0.0, 0.3333, 0.5833, 1.2167],
            "transform": [
                [1.0, 0.0, 0.0, 0.0, 0.0, -0.999836, 0.018122, 0.272858, 0.0, -0.018122, -0.999247, -0.0, 0.0, 0.0, 0.0, 1.0],
                [1.0, 0.0, 0.0, 0.0, 0.0, -0.999836, 0.018122, 0.272858, 0.0, -0.018122, -0.999247, -0.0, 0.0, 0.0, 0.0, 1.0],
                [1.0, 0.0, 0.0, 0.0, 0.0, -0.999836, 0.018122, 0.272858, 0.0, -0.018122, -0.999247, 0.0, 0.0, 0.0, 0.0, 1.0],
                [1.0, 0.0, 0.0, 0.0, 0.0, -0.999836, 0.018122, 0.272858, 0.0, -0.018122, -0.999247, -0.0, 0.0, 0.0, 0.0, 1.0]
            ]
        },
        {
            "name": "Elbow_L",
            "time": [0.0, 1.2167],
            "transform": [
                [-1.0, 0.0, -0.0, 0.0, 0.0, -0.0, -1.0, 0.3, -0.0, -1.0, -0.0, -0.0, 0.0, 0.0, 0.0, 1.0],
                [-1.0, 0.0, -0.0, 0.0, 0.0, -0.0, -1.0, 0.3, -0.0, -1.0, -0.0, -0.0, 0.0, 0.0, 0.0, 1.0]
            ]
        }
    ]
}