{
    "animation": [
        {
            "name": "Root",
            "time": [0.0, 0.1, 0.2, 0.3667, 0.5167, 0.6167, 0.85, 1.05, 1.3833],
            "transform": [
                [0.981, 0.016906, -0.193268, 0.000573, -0.193442, 0.009327, -0.981067, 0.599022, -0.014783, 0.999814, 0.01242, 0.719152, 0.0, 0.0, 0.0, 1.0],
                [0.897281, 0.018746, -0.441062, 0.000573, -0.441213, 0.004624, -0.897391, 0.208583, -0.014783, 0.999814, 0.01242, 0.755574, 0.0, 0.0, 0.0, 1.0],
                [0.752174, 0.019304, -0.658682, 0.000573, -0.658799, -0.000396, -0.752319, -0.181856, -0.014783, 0.999814, 0.01242, 0.632408, 0.0, 0.0, 0.0, 1.0],
                [0.649294, 0.019304, -0.760292, 0.000573, -0.760429, -0.000396, -0.649421, -0.286186, -0.012837, 0.999814, 0.014422, 0.632408, 0.0, 0.0, 0.0, 1.0],
                [0.999221, 0.01205, 0.03758, 0.000573, 0.037392, 0.015463, -0.999181, 0.664012, -0.012622, 0.999808, 0.015, 0.709387, 0.0, 0.0, 0.0, 1.0],
                [0.882928, 0.004564, 0.469485, 0.000573, 0.469332, 0.018761, -0.882822, 1.530505, -0.012837, 0.999814, 0.014422, 0.632408, 0.0, 0.0, 0.0, 1.0],
                [0.882928, 0.004564, 0.469485, 0.000573, 0.469332, 0.018761, -0.882822, 1.66092, -0.012837, 0.999814, 0.014422, 0.581232, 0.0, 0.0, 0.0, 1.0],
                [0.882928, 0.004564, 0.469485, 0.000573, 0.469332, 0.018761, -0.882822, 1.66092, -0.012837, 0.999814, 0.014422, 0.581232, 0.0, 0.0, 0.0, 1.0],
                [0.854689, 0.010023, -0.519043, -5e-06, -0.51914, 0.016502, -0.85453, 1.253416, -0.0, 0.999814, 0.019308, 0.771957, 0.0, 0.0, 0.0, 1.0]
            ]
        },
        {
            "name": "Thigh_R",
            "time": [0.0, 0.1, 0.2, 0.3667, 0.5167, 0.6167, 0.85, 1.05, 1.1667, 1.3833],
            "transform": [
                [0.973169, 0.005631, -0.23002, 0.124994, 0.096786, -0.91697, 0.387033, -0.002831, -0.208742, -0.39891, -0.892915, -1.2e-05, 0.0, 0.0, 0.0, 1.0],
                [0.959688, 0.114244, -0.256799, 0.124994, 0.185291, -0.944169, 0.27241, -0.002831, -0.211341, -0.309011, -0.92728, -1.2e-05, 0.0, 0.0, 0.0, 1.0],
                [0.933826, 0.306234, -0.184903, 0.124994, 0.266627, -0.940425, -0.210965, -0.002831, -0.238492, 0.147704, -0.959846, -1.2e-05, 0.0, 0.0, 0.0, 1.0],
                [0.933826, 0.306234, -0.184903, 0.124994, 0.266627, -0.940425, -0.210965, -0.002831, -0.238493, 0.147705, -0.959846, -1.2e-05, 0.0, 0.0, 0.0, 1.0],
                [0.994423, 0.097696, -0.03971, 0.124994, 0.102324, -0.802723, 0.587506, -0.002831, 0.02552, -0.588291, -0.808246, -1.2e-05, 0.0, 0.0, 0.0, 1.0],
                [0.880453, 0.382989, 0.279502, 0.124994, 0.090316, -0.714179, 0.69411, -0.002831, 0.465452, -0.585887, -0.663393, -1.2e-05, 0.0, 0.0, 0.0, 1.0],
                [0.870838, 0.442911, 0.213237, 0.124994, 0.122848, -0.61611, 0.77802, -0.002831, 0.475972, -0.651332, -0.590945, -1.2e-05, 0.0, 0.0, 0.0, 1.0],
                [0.870838, 0.442911, 0.213237, 0.124994, 0.122848, -0.61611, 0.77802, -0.002831, 0.475972, -0.651332, -0.590945, -1.2e-05, 0.0, 0.0, 0.0, 1.0],
                [0.988986, 0.14102, -0.044939, 0.124994, 0.131532, -0.69818, 0.703734, -0.002831, 0.067865, -0.701892, -0.709041, -1.2e-05, 0.0, 0.0, 0.0, 1.0],
                [0.996122, 0.056223, -0.067664, 0.124994, 0.068868, -0.976941, 0.202086, -0.002831, -0.054742, -0.205961, -0.977028, -1.2e-05, 0.0, 0.0, 0.0, 1.0]
            ]
        },
        {
            "name": "Leg_R",
            "time": [0.0, 0.1, 0.2, 0.3667, 0.5167, 0.6167, 0.85, 1.05, 1.1667, 1.3833],
            "transform": [
                [0.997826, 0.065882, -0.001944, 0.0, -0.060075, 0.921226, 0.384364, 0.37472, 0.027114, -0.383412, 0.923179, -0.0, 0.0, 0.0, 0.0, 1.0],
                [0.997826, 0.051431, 0.04122, -0.0, -0.060075, 0.452414, 0.889782, 0.37472, 0.027114, -0.890325, 0.454519, -0.0, 0.0, 0.0, 0.0, 1.0],
                [0.997826, 0.065882, -0.001944, -0.0, -0.060075, 0.921225, 0.384364, 0.37472, 0.027114, -0.383412, 0.923179, 0.0, 0.0, 0.0, 0.0, 1.0],
                [0.997826, 0.065882, -0.001944, -0.0, -0.060075, 0.921225, 0.384364, 0.37472, 0.027114, -0.383412, 0.923179, 0.0, 0.0, 0.0, 0.0, 1.0],
                [0.997826, 0.030808, 0.058267, 0.0, -0.060075, 0.06145, 0.9963, 0.37472, 0.027114, -0.997635, 0.063167, -0.0, 0.0, 0.0, 0.0, 1.0],
                [0.997826, 0.065882, -0.001944, -0.0, -0.060075, 0.921226, 0.384364, 0.37472, 0.027114, -0.383412, 0.923179, 0.0, 0.0, 0.0, 0.0, 1.0],
                [0.997826, 0.065882, -0.001944, 0.0, -0.060075, 0.921226, 0.384364, 0.37472, 0.027114, -0.383412, 0.923179, -0.0, 0.0, 0.0, 0.0, 1.0],
                [0.997826, 0.065882, -0.001944, 0.0, -0.060075, 0.921226, 0.384364, 0.37472, 0.027114, -0.383412, 0.923179, -0.0, 0.0, 0.0, 0.0, 1.0],
                [0.975178, -0.221306, -0.007137, 0.0, 0.11511, 0.479165, 0.870143, 0.37472, -0.189148, -0.849368, 0.492745, -0.0, 0.0, 0.0, 0.0, 1.0],
                [0.998294, -0.058059, -0.006132, -0.0, 0.058094, 0.97748, 0.202875, 0.37472, -0.005785, -0.202886, 0.979185, -0.0, 0.0, 0.0, 0.0, 1.0]
            ]
        },
        {
            "name": "Knee_R",
            "time": [0.0, 0.2, 0.3667, 0.6167, 0.85, 1.05, 1.3833],
            "transform": [
                [1.0, 0.0, -0.0, 0.0, -0.0, 0.544892, -0.838506, 0.37472, -0.0, 0.838506, 0.544892, -0.0, 0.0, 0.0, 0.0, 1.0],
                [1.0, 0.0, -0.0, -0.0, -0.0, 0.544892, -0.838506, 0.37472, -0.0, 0.838506, 0.544892, 0.0, 0.0, 0.0, 0.0, 1.0],
                [1.0, 0.0, -0.0, -0.0, -0.0, 0.544892, -0.838506, 0.37472, -0.0, 0.838506, 0.544892, 0.0, 0.0, 0.0, 0.0, 1.0],
                [1.0, 0.0, -0.0, -0.0, -0.0, 0.544892, -0.838506, 0.37472, -0.0, 0.838506, 0.544892, 0.0, 0.0, 0.0, 0.0, 1.0],
                [1.0, 0.0, -0.0, 0.0, -0.0, 0.544893, -0.838506, 0.37472, -0.0, 0.838506, 0.544892, -0.0, 0.0, 0.0, 0.0, 1.0],
                [1.0, 0.0, -0.0, 0.0, -0.0, 0.544893, -0.838506, 0.37472, -0.0, 0.838506, 0.544892, -0.0, 0.0, 0.0, 0.0, 1.0],
                [1.0, 0.0, -0.0, -0.0, -0.0, 1e-06, -1.0, 0.37472, -0.0, 1.0, 1e-06, -0.0, 0.0, 0.0, 0.0, 1.0]
            ]
        },
        {
            "name": "Thigh_L",
            "time": [0.0, 0.2, 0.3667, 0.5167, 0.6167, 0.85, 1.05, 1.3833],
            "transform": [
                [0.969435, -0.198403, -0.144331, -0.109662, -0.222127, -0.959559, -0.172934, -0.002831, -0.104183, 0.199709, -0.974301, 0.02525, 0.0, 0.0, 0.0, 1.0],
                [0.824334, -0.502497, -0.260709, -0.109662, -0.27359, -0.756808, 0.593625, -0.002831, -0.495601, -0.418018, -0.761341, 0.02525, 0.0, 0.0, 0.0, 1.0],
                [0.824334, -0.502497, -0.260709, -0.109662, -0.27359, -0.756808, 0.593625, -0.002831, -0.495601, -0.418018, -0.761341, 0.02525, 0.0, 0.0, 0.0, 1.0],
                [0.999467, -0.032044, 0.006144, -0.109662, -0.030895, -0.990018, -0.137516, -0.002831, 0.010489, 0.137253, -0.99048, 0.02525, 0.0, 0.0, 0.0, 1.0],
                [0.92166, -0.347657, 0.172266, -0.109662, -0.224615, -0.840111, -0.493722, -0.002831, 0.316368, 0.416351, -0.852386, 0.02525, 0.0, 0.0, 0.0, 1.0],
                [0.903879, -0.406402, 0.133563, -0.109662, -0.265048, -0.777102, -0.570843, -0.002831, 0.335784, 0.480573, -0.810122, 0.02525, 0.0, 0.0, 0.0, 1.0],
                [0.903879, -0.406402, 0.133563, -0.109662, -0.265048, -0.777102, -0.570843, -0.002831, 0.335784, 0.480573, -0.810122, 0.02525, 0.0, 0.0, 0.0, 1.0],
                [0.862919, -0.126282, -0.489308, -0.109662, -0.086164, -0.990862, 0.103769, -0.002831, -0.497941, -0.047383, -0.865915, 0.02525, 0.0, 0.0, 0.0, 1.0]
            ]
        },
        {
            "name": "Leg_L",
            "time": [0.0, 0.2, 0.3667, 0.6167, 0.85, 1.05, 1.3833],
            "transform": [
                [0.997933, 0.060078, 0.022828, 0.0, -0.064028, 0.960118, 0.272163, 0.37472, -0.005566, -0.273062, 0.961981, 0.0, 0.0, 0.0, 0.0, 1.0],
                [0.997933, 0.060078, 0.022828, 0.0, -0.064028, 0.960118, 0.272163, 0.37472, -0.005566, -0.273062, 0.961981, -0.0, 0.0, 0.0, 0.0, 1.0],
                [0.997933, 0.060078, 0.022828, -0.0, -0.064028, 0.960118, 0.272163, 0.37472, -0.005566, -0.273062, 0.961981, -0.0, 0.0, 0.0, 0.0, 1.0],
                [0.997933, 0.060078, 0.022828, -0.0, -0.064028, 0.960118, 0.272163, 0.37472, -0.005566, -0.273062, 0.961981, -0.0, 0.0, 0.0, 0.0, 1.0],
                [0.997933, 0.060078, 0.022828, -0.0, -0.064028, 0.960118, 0.272163, 0.37472, -0.005566, -0.273062, 0.961981, -0.0, 0.0, 0.0, 0.0, 1.0],
                [0.997933, 0.060078, 0.022828, -0.0, -0.064028, 0.960118, 0.272163, 0.37472, -0.005566, -0.273062, 0.961981, -0.0, 0.0, 0.0, 0.0, 1.0],
                [0.997933, 0.063289, 0.011181, -0.0, -0.064028, 0.994089, 0.087675, 0.37472, -0.005566, -0.088209, 0.996087, -0.0, 0.0, 0.0, 0.0, 1.0]
            ]
        },
        {
            "name": "Knee_L",
            "time": [0.0, 0.2, 0.3667, 0.6167, 0.85, 1.05, 1.3833],
            "transform": [
                [1.0, 0.0, -0.0, 0.0, -0.0, 1e-06, -1.0, 0.37472, -0.0, 1.0, 1e-06, 0.0, 0.0, 0.0, 0.0, 1.0],
                [1.0, 0.0, -0.0, 0.0, -0.0, 1e-06, -1.0, 0.37472, -0.0, 1.0, 1e-06, -0.0, 0.0, 0.0, 0.0, 1.0],
                [1.0, 0.0, -0.0, -0.0, -0.0, 1e-06, -1.0, 0.37472, -0.0, 1.0, 1e-06, -0.0, 0.0, 0.0, 0.0, 1.0],
                [1.0, 0.0, -0.0, -0.0, -0.0, 1e-06, -1.0, 0.37472, -0.0, 1.0, 0.0, -0.0, 0.0, 0.0, 0.0, 1.0],
                [1.0, 0.0, -0.0, -0.0, -0.0, 1e-06, -1.0, 0.37472, -0.0, 1.0, 1e-06, -0.0, 0.0, 0.0, 0.0, 1.0],
                [1.0, 0.0, -0.0, -0.0, -0.0, 1e-06, -1.0, 0.37472, -0.0, 1.0, 1e-06, -0.0, 0.0, 0.0, 0.0, 1.0],
                [1.0, 0.0, -0.0, -0.0, -0.0, 1e-06, -1.0, 0.37472, -0.0, 1.0, 1e-06, -0.0, 0.0, 0.0, 0.0, 1.0]
            ]
        },
        {
            "name": "Torso",
            "time": [0.0, 0.2, 0.3667, 0.6167, 0.85, 1.05, 1.3833],
            "transform": [
                [0.99856, 0.028928, 0.045169, 0.0, -0.02934, 0.999533, 0.008502, 0.05, -0.044902, -0.009815, 0.998943, -0.0, 0.0, 0.0, 0.0, 1.0],
                [0.982576, 0.028928, -0.183598, -0.0, -0.026631, 0.999533, 0.014965, 0.05, 0.183946, -0.009815, 0.982888, 0.0, 0.0, 0.0, 0.0, 1.0],
                [0.982576, 0.028928, -0.183598, 0.0, -0.026631, 0.999533, 0.014965, 0.05, 0.183946, -0.009815, 0.982888, 0.0, 0.0, 0.0, 0.0, 1.0],
                [0.934873, 0.028928, 0.353802, -0.0, -0.030529, 0.999533, -0.001055, 0.05, -0.353668, -0.009815, 0.93532, -0.0, 0.0, 0.0, 0.0, 1.0],
                [0.934873, 0.028928, 0.353802, 0.0, -0.030529, 0.999533, -0.001055, 0.05, -0.353668, -0.009815, 0.93532, -0.0, 0.0, 0.0, 0.0, 1.0],
                [0.934873, 0.028928, 0.353802, 0.0, -0.030529, 0.999533, -0.001055, 0.05, -0.353668, -0.009815, 0.93532, -0.0, 0.0, 0.0, 0.0, 1.0],
                [0.965662, -0.025127, 0.258583, 0.0, 0.020968, 0.999603, 0.018828, 0.05, -0.258953, -0.012759, 0.965806, -0.0, 0.0, 0.0, 0.0, 1.0]
            ]
        },
        {
            "name": "Chest",
            "time": [0.0, 0.2, 0.3667, 0.6167, 0.85, 1.05, 1.1833, 1.3833],
            "transform": [
                [0.604422, 0.090146, -0.791548, -0.0, 0.081102, 0.981453, 0.173703, 0.3, 0.792525, -0.169187, 0.585901, 0.0, 0.0, 0.0, 0.0, 1.0],
                [0.604422, 0.090146, -0.791548, -0.0, 0.081102, 0.981453, 0.173703, 0.3, 0.792525, -0.169187, 0.585901, -0.0, 0.0, 0.0, 0.0, 1.0],
                [0.604422, 0.090146, -0.791548, -0.0, 0.081102, 0.981453, 0.173703, 0.3, 0.792525, -0.169187, 0.585901, 0.0, 0.0, 0.0, 0.0, 1.0],
                [0.766468, -0.00477, 0.642265, -0.0, -0.17684, 0.959756, 0.218165, 0.3, -0.617458, -0.280794, 0.734779, -0.0, 0.0, 0.0, 0.0, 1.0],
                [0.690077, -0.03842, 0.722716, -0.0, -0.179822, 0.958174, 0.222637, 0.3, -0.701041, -0.283596, 0.654305, 0.0, 0.0, 0.0, 0.0, 1.0],
                [0.690077, -0.03842, 0.722716, -0.0, -0.179822, 0.958174, 0.222637, 0.3, -0.701041, -0.283596, 0.654305, 0.0, 0.0, 0.0, 0.0, 1.0],
                [0.905367, -0.160614, 0.393083, -0.0, -0.059771, 0.868286, 0.492449, 0.3, -0.420403, -0.469342, 0.776518, 0.0, 0.0, 0.0, 0.0, 1.0],
                [0.997431, -0.023894, 0.067533, 0.0, 0.022738, 0.999582, 0.017843, 0.3, -0.067931, -0.016261, 0.997558, 0.0, 0.0, 0.0, 0.0, 1.0]
            ]
        },
        {
            "name": "Head",
            "time": [0.0, 0.2, 0.3667, 0.6167, 0.85, 1.05, 1.3833],
            "transform": [
                [0.516733, -0.069904, 0.853288, -0.0, 0.049278, 0.997437, 0.051872, 0.4, -0.854727, 0.015245, 0.518853, 0.0, 0.0, 0.0, 0.0, 1.0],
                [0.516733, -0.069904, 0.853288, 0.0, 0.049278, 0.997437, 0.051872, 0.4, -0.854727, 0.015245, 0.518853, 0.0, 0.0, 0.0, 0.0, 1.0],
                [0.516733, -0.069904, 0.853288, -0.0, 0.049278, 0.997437, 0.051872, 0.4, -0.854727, 0.015245, 0.518853, -0.0, 0.0, 0.0, 0.0, 1.0],
                [0.510564, -0.069904, -0.856993, -0.0, 0.022645, 0.997437, -0.067869, 0.4, 0.859542, 0.015245, 0.510839, 0.0, 0.0, 0.0, 0.0, 1.0],
                [0.510564, -0.069904, -0.856993, -0.0, 0.022645, 0.997437, -0.067869, 0.4, 0.859541, 0.015245, 0.510839, 0.0, 0.0, 0.0, 0.0, 1.0],
                [0.510564, -0.069904, -0.856993, -0.0, 0.022645, 0.997437, -0.067869, 0.4, 0.859541, 0.015245, 0.510839, 0.0, 0.0, 0.0, 0.0, 1.0],
                [0.989016, 0.03176, 0.144357, 0.0, -0.026637, 0.99895, -0.037285, 0.4, -0.145389, 0.033031, 0.988823, 0.0, 0.0, 0.0, 0.0, 1.0]
            ]
        },
        {
            "name": "Shoulder_R",
            "time": [0.0, 0.2, 0.3667, 0.6167, 0.85, 1.05, 1.3833],
            "transform": [
                [0.222401, 0.89875, 0.37787, -0.0, -0.157197, -0.34945, 0.923674, 0.4, 0.962199, -0.264826, 0.063562, 0.0, 0.0, 0.0, 0.0, 1.0],
                [0.222401, 0.89875, 0.37787, 0.0, -0.157197, -0.34945, 0.923674, 0.4, 0.962199, -0.264826, 0.063562, 0.0, 0.0, 0.0, 0.0, 1.0],
                [0.222401, 0.89875, 0.37787, -0.0, -0.157197, -0.34945, 0.923674, 0.4, 0.962199, -0.264826, 0.063562, -0.0, 0.0, 0.0, 0.0, 1.0],
                [0.222401, 0.89875, 0.37787, -0.0, -0.157197, -0.34945, 0.923674, 0.4, 0.962199, -0.264826, 0.063562, 0.0, 0.0, 0.0, 0.0, 1.0],
                [0.222401, 0.89875, 0.37787, -0.0, -0.157197, -0.34945, 0.923674, 0.4, 0.962199, -0.264826, 0.063562, 0.0, 0.0, 0.0, 0.0, 1.0],
                [0.222401, 0.89875, 0.37787, -0.0, -0.157197, -0.34945, 0.923674, 0.4, 0.962199, -0.264826, 0.063562, 0.0, 0.0, 0.0, 0.0, 1.0],
                [-0.059544, 0.923942, 0.37787, 0.0, -0.044266, -0.380613, 0.923674, 0.4, 0.997244, 0.038273, 0.063562, 0.0, 0.0, 0.0, 0.0, 1.0]
            ]
        },
        {
            "name": "Arm_R",
            "time": [0.0, 0.2, 0.3667, 0.6167, 0.85, 1.05, 1.1833, 1.3833],
            "transform": [
                [0.064904, 0.184537, -0.98068, 0.0, 0.311912, 0.929759, 0.195598, 0.39386, 0.947891, -0.318581, 0.002785, -0.0, 0.0, 0.0, 0.0, 1.0],
                [0.064904, 0.184537, -0.98068, 0.0, 0.311912, 0.929759, 0.195598, 0.393861, 0.947892, -0.318581, 0.002785, -0.0, 0.0, 0.0, 0.0, 1.0],
                [0.064904, 0.184537, -0.98068, 0.0, 0.311912, 0.929759, 0.195598, 0.393861, 0.947892, -0.318581, 0.002785, 0.0, 0.0, 0.0, 0.0, 1.0],
                [-0.054284, -0.245178, -0.967957, 0.0, -0.285788, 0.932649, -0.220208, 0.39386, 0.956754, 0.264677, -0.120697, 0.0, 0.0, 0.0, 0.0, 1.0],
                [-0.101925, -0.37802, -0.92017, 0.0, -0.293424, 0.895258, -0.335284, 0.39386, 0.950533, 0.235826, -0.202169, 0.0, 0.0, 0.0, 0.0, 1.0],
                [-0.101925, -0.37802, -0.92017, 0.0, -0.293424, 0.895258, -0.335284, 0.39386, 0.950533, 0.235826, -0.202169, 0.0, 0.0, 0.0, 0.0, 1.0],
                [-0.003687, 0.238931, -0.97103, 0.0, 0.134197, 0.962371, 0.236291, 0.393861, 0.990948, -0.129438, -0.035612, -0.0, 0.0, 0.0, 0.0, 1.0],
                [0.047157, -0.034167, -0.998303, 0.0, 0.871616, 0.489581, 0.024416, 0.39386, 0.487916, -0.871288, 0.052867, 0.0, 0.0, 0.0, 0.0, 1.0]
            ]
        },
        {
            "name": "Hand_R",
            "time": [0.0, 0.2, 0.3667, 0.6167, 0.85, 1.05, 1.3833],
            "transform": [
                [0.999599, -0.025065, -0.013173, -0.0, 0.023395, 0.993155, -0.114439, 0.3, 0.015951, 0.114085, 0.993343, -0.0, 0.0, 0.0, 0.0, 1.0],
                [0.999599, -0.025065, -0.013173, 0.0, 0.023395, 0.993155, -0.114439, 0.3, 0.015951, 0.114085, 0.993343, -0.0, 0.0, 0.0, 0.0, 1.0],
                [0.999599, -0.025065, -0.013173, -0.0, 0.023395, 0.993155, -0.114439, 0.3, 0.015951, 0.114085, 0.993343, 0.0, 0.0, 0.0, 0.0, 1.0],
                [0.999599, -0.024497, 0.0142, 0.0, 0.023395, 0.432029, -0.901556, 0.3, 0.015951, 0.901527, 0.432429, -0.0, 0.0, 0.0, 0.0, 1.0],
                [0.999599, -0.024497, 0.0142, 0.0, 0.023395, 0.432029, -0.901556, 0.3, 0.015951, 0.901527, 0.432429, 0.0, 0.0, 0.0, 0.0, 1.0],
                [0.999599, -0.024497, 0.0142, 0.0, 0.023395, 0.432029, -0.901556, 0.3, 0.015951, 0.901527, 0.432429, 0.0, 0.0, 0.0, 0.0, 1.0],
                [0.999599, -0.023996, -0.015032, -0.0, 0.023395, 0.998967, -0.038953, 0.3, 0.015951, 0.038585, 0.999128, 0.0, 0.0, 0.0, 0.0, 1.0]
            ]
        },
        {
            "name": "Tool_R",
            "time": [0.0, 0.2, 0.3667, 0.6167, 0.85, 1.05, 1.3833],
            "transform": [
                [1.0, 0.0, 0.0, -0.0, -0.0, -0.999836, 0.018122, 0.272858, 0.0, -0.018122, -0.999244, 0.0, 0.0, 0.0, 0.0, 1.0],
                [1.0, 0.0, 0.0, -0.0, -0.0, -0.999836, 0.018122, 0.272858, 0.0, -0.018122, -0.999244, 0.0, 0.0, 0.0, 0.0, 1.0],
                [1.0, 0.0, 0.0, -0.0, -0.0, -0.999836, 0.018122, 0.272858, 0.0, -0.018122, -0.999244, -0.0, 0.0, 0.0, 0.0, 1.0],
                [1.0, 0.0, 0.0, -0.0, 0.0, -0.999836, 0.018122, 0.272858, 0.0, -0.018122, -0.999244, 0.0, 0.0, 0.0, 0.0, 1.0],
                [1.0, 0.0, 0.0, -0.0, 0.0, -0.999836, 0.018122, 0.272858, 0.0, -0.018122, -0.999244, 0.0, 0.0, 0.0, 0.0, 1.0],
                [1.0, 0.0, 0.0, -0.0, 0.0, -0.999836, 0.018122, 0.272858, 0.0, -0.018122, -0.999244, 0.0, 0.0, 0.0, 0.0, 1.0],
                [1.0, 0.0, 0.0, 0.0, 0.0, -0.999836, 0.018122, 0.272858, 0.0, -0.018122, -0.999244, 0.0, 0.0, 0.0, 0.0, 1.0]
            ]
        },
        {
            "name": "Elbow_R",
            "time": [0.0, 0.2, 0.3667, 0.6167, 0.85, 1.05, 1.3833],
            "transform": [
                [-1.0, 0.0, 0.0, -0.0, 0.0, -0.0, -1.0, 0.3, -0.0, -1.0, 0.0, -0.0, 0.0, 0.0, 0.0, 1.0],
                [-1.0, 0.0, -0.0, 0.0, -0.0, -0.0, -1.0, 0.3, -0.0, -1.0, 0.0, -0.0, 0.0, 0.0, 0.0, 1.0],
                [-1.0, 0.0, -0.0, -0.0, 0.0, -0.0, -1.0, 0.3, -0.0, -1.0, 0.0, 0.0, 0.0, 0.0, 0.0, 1.0],
                [-1.0, 0.0, -0.0, 0.0, 0.0, -0.0, -1.0, 0.3, -0.0, -1.0, 0.0, -0.0, 0.0, 0.0, 0.0, 1.0],
                [-1.0, 0.0, 0.0, 0.0, 0.0, -0.0, -1.0, 0.3, -0.0, -1.0, 0.0, 0.0, 0.0, 0.0, 0.0, 1.0],
                [-1.0, 0.0, 0.0, 0.0, 0.0, -0.0, -1.0, 0.3, -0.0, -1.0, 0.0, 0.0, 0.0, 0.0, 0.0, 1.0],
                [-1.0, 0.0, -0.0, -0.0, 0.0, -0.0, -1.0, 0.3, -0.0, -1.0, 0.0, 0.0, 0.0, 0.0, 0.0, 1.0]
            ]
        },
        {
            "name": "Shoulder_L",
            "time": [0.0, 0.2, 0.3667, 0.6167, 0.85, 1.05, 1.3833],
            "transform": [
                [0.067712, -0.950121, -0.304441, -0.0, -0.064617, -0.308677, 0.948969, 0.4, -0.99561, -0.044585, -0.082295, 0.0, 0.0, 0.0, 0.0, 1.0],
                [0.067712, -0.950121, -0.304441, 0.0, -0.064617, -0.308677, 0.94897, 0.4, -0.99561, -0.044585, -0.082295, 0.0, 0.0, 0.0, 0.0, 1.0],
                [0.067712, -0.950121, -0.304441, -0.0, -0.064617, -0.308677, 0.94897, 0.4, -0.99561, -0.044585, -0.082295, -0.0, 0.0, 0.0, 0.0, 1.0],
                [0.067712, -0.950121, -0.304441, -0.0, -0.064617, -0.308677, 0.94897, 0.4, -0.99561, -0.044585, -0.082295, 0.0, 0.0, 0.0, 0.0, 1.0],
                [0.067712, -0.950121, -0.304441, -0.0, -0.064617, -0.308677, 0.948969, 0.4, -0.99561, -0.044585, -0.082295, 0.0, 0.0, 0.0, 0.0, 1.0],
                [0.067712, -0.950121, -0.304441, -0.0, -0.064617, -0.308677, 0.948969, 0.4, -0.99561, -0.044585, -0.082295, 0.0, 0.0, 0.0, 0.0, 1.0],
                [-0.007939, -0.952498, -0.304441, 0.0, -0.088921, -0.302572, 0.948969, 0.4, -0.996007, 0.034605, -0.082295, 0.0, 0.0, 0.0, 0.0, 1.0]
            ]
        },
        {
            "name": "Arm_L",
            "time": [0.0, 0.3667, 0.6167, 1.3833],
            "transform": [
                [0.141134, 0.977867, 0.15446, -0.0, 0.427337, 0.080562, -0.900496, 0.39386, -0.893009, 0.193097, -0.406508, -0.0, 0.0, 0.0, 0.0, 1.0],
                [0.141134, -0.017536, 0.989835, -0.0, 0.427337, 0.902975, -0.044934, 0.39386, -0.893009, 0.429335, 0.134934, 0.0, 0.0, 0.0, 0.0, 1.0],
                [0.141134, 0.046745, 0.988886, -0.0, 0.427336, 0.898155, -0.103445, 0.39386, -0.893009, 0.437187, 0.106785, 0.0, 0.0, 0.0, 0.0, 1.0],
                [0.2326, 0.109416, 0.966398, -0.0, -0.875693, 0.455886, 0.159153, 0.39386, -0.423154, -0.883287, 0.201854, 0.0, 0.0, 0.0, 0.0, 1.0]
            ]
        },
        {
            "name": "Hand_L",
            "time": [0.0, 0.2, 0.3667, 0.6167, 0.85, 1.05, 1.3833],
            "transform": [
                [0.99991, 0.012161, -0.005734, -0.0, -0.012582, 0.696035, -0.717898, 0.3, -0.004739, 0.717905, 0.696125, -0.0, 0.0, 0.0, 0.0, 1.0],
                [0.99991, 0.012161, -0.005734, 0.0, -0.012582, 0.696035, -0.717898, 0.3, -0.004739, 0.717905, 0.696125, 0.0, 0.0, 0.0, 0.0, 1.0],
                [0.99991, 0.012161, -0.005734, -0.0, -0.012582, 0.696035, -0.717898, 0.3, -0.004739, 0.717905, 0.696125, 0.0, 0.0, 0.0, 0.0, 1.0],
                [0.99991, 0.012161, -0.005734, 0.0, -0.012582, 0.696035, -0.717898, 0.3, -0.004739, 0.717905, 0.696125, -0.0, 0.0, 0.0, 0.0, 1.0],
                [0.99991, 0.012161, -0.005734, 0.0, -0.012582, 0.696035, -0.717898, 0.3, -0.004739, 0.717905, 0.696125, -0.0, 0.0, 0.0, 0.0, 1.0],
                [0.99991, 0.012161, -0.005734, 0.0, -0.012582, 0.696035, -0.717898, 0.3, -0.004739, 0.717905, 0.696125, -0.0, 0.0, 0.0, 0.0, 1.0],
                [0.99991, 0.013059, 0.003198, 0.0, -0.012582, 0.992716, -0.119824, 0.3, -0.004739, 0.119773, 0.99279, 0.0, 0.0, 0.0, 0.0, 1.0]
            ]
        },
        {
            "name": "Tool_L",
            "time": [0.0, 0.2, 0.3667, 0.6167, 0.85, 1.05, 1.3833],
            "transform": [
                [1.0, 0.0, 0.0, -0.0, -0.0, -0.999836, 0.018122, 0.272858, 0.0, -0.018122, -0.999247, 0.0, 0.0, 0.0, 0.0, 1.0],
                [1.0, 0.0, 0.0, -0.0, 0.0, -0.999836, 0.018122, 0.272858, 0.0, -0.018122, -0.999247, 0.0, 0.0, 0.0, 0.0, 1.0],
                [1.0, 0.0, 0.0, -0.0, 0.0, -0.999836, 0.018122, 0.272858, 0.0, -0.018122, -0.999247, 0.0, 0.0, 0.0, 0.0, 1.0],
                [1.0, 0.0, 0.0, -0.0, 0.0, -0.999836, 0.018122, 0.272858, 0.0, -0.018122, -0.999247, 0.0, 0.0, 0.0, 0.0, 1.0],
                [1.0, 0.0, 0.0, 0.0, 0.0, -0.999836, 0.018122, 0.272858, 0.0, -0.018122, -0.999248, 0.0, 0.0, 0.0, 0.0, 1.0],
                [1.0, 0.0, 0.0, -0.0, 0.0, -0.999836, 0.018122, 0.272858, 0.0, -0.018122, -0.999247, 0.0, 0.0, 0.0, 0.0, 1.0],
                [1.0, 0.0, 0.0, 0.0, 0.0, -0.999836, 0.018122, 0.272858, 0.0, -0.018122, -0.999247, 0.0, 0.0, 0.0, 0.0, 1.0]
            ]
        },
        {
            "name": "Elbow_L",
            "time": [0.0, 0.2, 0.3667, 0.6167, 0.85, 1.05, 1.3833],
            "transform": [
                [-0.998967, -0.043494, -0.013184, -4.9e-05, 0.028309, -0.368549, -0.929177, 0.367197, 0.035554, -0.92859, 0.369399, -0.015902, 0.0, 0.0, 0.0, 1.0],
                [-0.998967, -0.043494, -0.013184, -4.9e-05, 0.028309, -0.368549, -0.929177, 0.367197, 0.035554, -0.928591, 0.369399, -0.015902, 0.0, 0.0, 0.0, 1.0],
                [-0.998967, -0.043494, -0.013184, -4.9e-05, 0.028309, -0.368549, -0.929177, 0.367197, 0.035554, -0.92859, 0.369399, -0.015902, 0.0, 0.0, 0.0, 1.0],
                [-0.998967, -0.043494, -0.013184, -4.9e-05, 0.028309, -0.368549, -0.929177, 0.367197, 0.035554, -0.92859, 0.369399, -0.015902, 0.0, 0.0, 0.0, 1.0],
                [-0.998967, -0.043494, -0.013184, -4.9e-05, 0.028309, -0.368549, -0.929177, 0.367197, 0.035554, -0.928591, 0.369399, -0.015902, 0.0, 0.0, 0.0, 1.0],
                [-0.998967, -0.043494, -0.013184, -4.9e-05, 0.028309, -0.368549, -0.929177, 0.367197, 0.035554, -0.92859, 0.369399, -0.015902, 0.0, 0.0, 0.0, 1.0],
                [-0.998967, -0.043093, -0.01444, -4.9e-05, 0.028309, -0.34145, -0.939473, 0.367197, 0.035554, -0.938911, 0.342317, -0.015902, 0.0, 0.0, 0.0, 1.0]
            ]
        }
    ]
}