{
    "animation": [
        {
            "name": "Root",
            "time": [0.0, 0.2, 0.3833, 0.5667, 0.7167, 0.9667, 1.1167],
            "transform": [
                [0.854689, 0.010023, -0.519043, -5e-06, -0.51914, 0.016502, -0.85453, 0.030328, -0.0, 0.999814, 0.019308, 0.771957, 0.0, 0.0, 0.0, 1.0],
                [0.851023, -0.006236, 0.525092, 0.000573, 0.525111, 0.018273, -0.850838, 0.028637, -0.00429, 0.999814, 0.018825, 0.679391, 0.0, 0.0, 0.0, 1.0],
                [0.768609, -0.006236, 0.639689, 0.000573, 0.639682, 0.018273, -0.768422, 0.028637, -0.006897, 0.999814, 0.018034, 0.679391, 0.0, 0.0, 0.0, 1.0],
                [0.719954, 0.015077, -0.693858, 0.000573, -0.694018, 0.012061, -0.719857, 0.663059, -0.002484, 0.999814, 0.019147, 0.679391, 0.0, 0.0, 0.0, 1.0],
                [0.719954, 0.015077, -0.693858, 0.000573, -0.694018, 0.012061, -0.719857, 0.77803, -0.002484, 0.999814, 0.019147, 0.646176, 0.0, 0.0, 0.0, 1.0],
                [0.719954, 0.015077, -0.693858, 0.000573, -0.694018, 0.012061, -0.719857, 0.898755, -0.002484, 0.999814, 0.019147, 0.646176, 0.0, 0.0, 0.0, 1.0],
                [0.719954, 0.015077, -0.693858, 0.000573, -0.694018, 0.012061, -0.719857, 0.898755, -0.002484, 0.999814, 0.019147, 0.646176, 0.0, 0.0, 0.0, 1.0]
            ]
        },
        {
            "name": "Thigh_R",
            "time": [0.0, 0.2, 0.3833, 0.5667, 0.7167, 0.9667, 1.1167],
            "transform": [
                [0.996122, 0.056223, -0.067664, 0.124994, 0.068868, -0.976941, 0.202086, -0.002831, -0.054742, -0.205961, -0.977028, -1.2e-05, 0.0, 0.0, 0.0, 1.0],
                [0.956447, 0.24758, 0.154636, 0.124994, 0.108088, -0.792472, 0.600252, -0.002831, 0.271155, -0.557393, -0.784721, -1.2e-05, 0.0, 0.0, 0.0, 1.0],
                [0.956447, 0.259892, 0.132907, 0.124994, 0.108088, -0.738263, 0.665794, -0.002831, 0.271155, -0.62243, -0.734203, -1.2e-05, 0.0, 0.0, 0.0, 1.0],
                [0.870536, 0.270098, -0.411356, 0.124994, 0.137959, -0.936339, -0.32285, -0.002831, -0.472371, 0.224302, -0.852382, -1.2e-05, 0.0, 0.0, 0.0, 1.0],
                [0.859297, 0.319455, -0.399445, 0.124994, 0.142636, -0.89965, -0.412653, -0.002831, -0.491185, 0.297616, -0.818634, -1.2e-05, 0.0, 0.0, 0.0, 1.0],
                [0.859297, 0.361235, -0.362101, 0.124994, 0.142636, -0.849108, -0.508593, -0.002831, -0.491185, 0.385383, -0.781163, -1.2e-05, 0.0, 0.0, 0.0, 1.0],
                [0.859297, 0.361235, -0.362101, 0.124994, 0.142636, -0.849108, -0.508593, -0.002831, -0.491185, 0.385383, -0.781163, -1.2e-05, 0.0, 0.0, 0.0, 1.0]
            ]
        },
        {
            "name": "Leg_R",
            "time": [0.0, 0.3833, 0.7167, 0.9667, 1.1167],
            "transform": [
                [0.998294, -0.058059, -0.006132, 0.0, 0.058094, 0.97748, 0.202875, 0.37472, -0.005785, -0.202886, 0.979185, -0.0, 0.0, 0.0, 0.0, 1.0],
                [0.998294, -0.055914, -0.016795, -0.0, 0.058094, 0.922886, 0.380666, 0.37472, -0.005785, -0.380993, 0.924559, -0.0, 0.0, 0.0, 0.0, 1.0],
                [0.998295, -0.055914, -0.016795, 0.0, 0.058095, 0.922886, 0.380666, 0.37472, -0.005785, -0.380993, 0.924559, -0.0, 0.0, 0.0, 0.0, 1.0],
                [0.998294, -0.055914, -0.016795, 0.0, 0.058094, 0.922886, 0.380666, 0.37472, -0.005785, -0.380993, 0.924559, -0.0, 0.0, 0.0, 0.0, 1.0],
                [0.998294, -0.055914, -0.016795, 0.0, 0.058094, 0.922886, 0.380666, 0.37472, -0.005785, -0.380993, 0.924559, -0.0, 0.0, 0.0, 0.0, 1.0]
            ]
        },
        {
            "name": "Knee_R",
            "time": [0.0, 0.3833, 0.7167, 0.9667, 1.1167],
            "transform": [
                [1.0, 0.0, -0.0, 0.0, -0.0, 1e-06, -1.0, 0.37472, -0.0, 1.0, 1e-06, -0.0, 0.0, 0.0, 0.0, 1.0],
                [1.0, 0.0, -0.0, -0.0, -0.0, 1e-06, -1.0, 0.37472, -0.0, 1.0, 1e-06, -0.0, 0.0, 0.0, 0.0, 1.0],
                [1.0, 0.0, -0.0, 0.0, -0.0, 1e-06, -1.0, 0.37472, -0.0, 1.0, 1e-06, -0.0, 0.0, 0.0, 0.0, 1.0],
                [1.0, 0.0, -0.0, 0.0, -0.0, 1e-06, -1.0, 0.37472, -0.0, 1.0, 1e-06, -0.0, 0.0, 0.0, 0.0, 1.0],
                [1.0, 0.0, -0.0, 0.0, -0.0, 1e-06, -1.0, 0.37472, -0.0, 1.0, 1e-06, -0.0, 0.0, 0.0, 0.0, 1.0]
            ]
        },
        {
            "name": "Thigh_L",
            "time": [0.0, 0.2, 0.3833, 0.5667, 0.7167, 0.9667, 1.1167],
            "transform": [
                [0.862919, -0.126282, -0.489308, -0.109662, -0.086164, -0.990862, 0.103769, -0.002831, -0.497941, -0.047383, -0.865915, 0.02525, 0.0, 0.0, 0.0, 1.0],
                [0.739503, -0.432657, -0.515696, -0.109662, -0.502325, -0.864664, 0.005102, -0.002831, -0.448111, 0.255275, -0.856756, 0.02525, 0.0, 0.0, 0.0, 1.0],
                [0.694474, -0.498399, -0.518945, -0.109662, -0.579697, -0.814803, 0.006767, -0.002831, -0.42621, 0.296133, -0.85478, 0.02525, 0.0, 0.0, 0.0, 1.0],
                [0.718711, -0.45508, -0.525695, -0.109662, -0.025944, -0.773087, 0.633769, -0.002831, -0.694824, -0.441859, -0.567433, 0.02525, 0.0, 0.0, 0.0, 1.0],
                [0.718711, -0.49642, -0.486848, -0.109662, -0.025944, -0.718849, 0.694681, -0.002831, -0.694824, -0.486645, -0.529524, 0.02525, 0.0, 0.0, 0.0, 1.0],
                [0.718711, -0.538736, -0.439565, -0.109662, -0.025944, -0.652526, 0.757322, -0.002831, -0.694824, -0.532892, -0.482955, 0.02525, 0.0, 0.0, 0.0, 1.0],
                [0.718711, -0.538736, -0.439565, -0.109662, -0.025944, -0.652526, 0.757322, -0.002831, -0.694824, -0.532892, -0.482955, 0.02525, 0.0, 0.0, 0.0, 1.0]
            ]
        },
        {
            "name": "Leg_L",
            "time": [0.0, 0.2, 0.3833, 0.7167, 0.9667, 1.1167],
            "transform": [
                [0.997933, 0.063289, 0.011181, 0.0, -0.064028, 0.994089, 0.087675, 0.37472, -0.005566, -0.088209, 0.996087, -0.0, 0.0, 0.0, 0.0, 1.0],
                [0.997933, 0.060078, 0.022828, 0.0, -0.064028, 0.960118, 0.272163, 0.37472, -0.005566, -0.273062, 0.961981, 0.0, 0.0, 0.0, 0.0, 1.0],
                [0.997933, 0.060078, 0.022828, -0.0, -0.064028, 0.960118, 0.272163, 0.37472, -0.005566, -0.273062, 0.961981, 0.0, 0.0, 0.0, 0.0, 1.0],
                [0.997933, 0.060078, 0.022828, 0.0, -0.064028, 0.960118, 0.272163, 0.37472, -0.005566, -0.273062, 0.961981, -0.0, 0.0, 0.0, 0.0, 1.0],
                [0.997933, 0.060078, 0.022828, 0.0, -0.064028, 0.960118, 0.272163, 0.37472, -0.005566, -0.273062, 0.961981, -0.0, 0.0, 0.0, 0.0, 1.0],
                [0.997933, 0.060078, 0.022828, 0.0, -0.064028, 0.960118, 0.272163, 0.37472, -0.005566, -0.273062, 0.961981, -0.0, 0.0, 0.0, 0.0, 1.0]
            ]
        },
        {
            "name": "Knee_L",
            "time": [0.0, 0.3833, 0.7167, 0.9667, 1.1167],
            "transform": [
                [1.0, 0.0, -0.0, 0.0, -0.0, 1e-06, -1.0, 0.37472, -0.0, 1.0, 1e-06, -0.0, 0.0, 0.0, 0.0, 1.0],
                [1.0, 0.0, -0.0, -0.0, -0.0, 1e-06, -1.0, 0.37472, -0.0, 1.0, 1e-06, 0.0, 0.0, 0.0, 0.0, 1.0],
                [1.0, 0.0, -0.0, 0.0, -0.0, 1e-06, -1.0, 0.37472, -0.0, 1.0, 1e-06, -0.0, 0.0, 0.0, 0.0, 1.0],
                [1.0, 0.0, -0.0, 0.0, -0.0, 1e-06, -1.0, 0.37472, -0.0, 1.0, 1e-06, -0.0, 0.0, 0.0, 0.0, 1.0],
                [1.0, 0.0, -0.0, 0.0, -0.0, 1e-06, -1.0, 0.37472, -0.0, 1.0, 1e-06, -0.0, 0.0, 0.0, 0.0, 1.0]
            ]
        },
        {
            "name": "Torso",
            "time": [0.0, 0.3833, 0.5667, 0.7167, 0.9667, 1.1167],
            "transform": [
                [0.965662, -0.025127, 0.258583, -0.0, 0.020968, 0.999603, 0.018828, 0.05, -0.258953, -0.012759, 0.965806, 0.0, 0.0, 0.0, 0.0, 1.0],
                [0.965662, -0.025127, 0.258582, 0.0, 0.020968, 0.999603, 0.018828, 0.05, -0.258953, -0.012759, 0.965806, 0.0, 0.0, 0.0, 0.0, 1.0],
                [0.973222, -0.025127, -0.22849, 0.0, 0.027377, 0.999603, 0.006683, 0.05, 0.228232, -0.012759, 0.973523, 0.0, 0.0, 0.0, 0.0, 1.0],
                [0.973222, -0.025127, -0.22849, -0.0, 0.027377, 0.999603, 0.006683, 0.05, 0.228232, -0.012759, 0.973523, -0.0, 0.0, 0.0, 0.0, 1.0],
                [0.973222, -0.025127, -0.22849, 0.0, 0.027377, 0.999603, 0.006683, 0.05, 0.228232, -0.012759, 0.973523, 0.0, 0.0, 0.0, 0.0, 1.0],
                [0.973222, -0.025127, -0.22849, 0.0, 0.027377, 0.999603, 0.006683, 0.05, 0.228232, -0.012759, 0.973523, 0.0, 0.0, 0.0, 0.0, 1.0]
            ]
        },
        {
            "name": "Chest",
            "time": [0.0, 0.2, 0.3833, 0.5667, 0.7167, 0.9667, 1.1167],
            "transform": [
                [0.997431, -0.023894, 0.067533, -0.0, 0.022738, 0.999582, 0.017843, 0.3, -0.067931, -0.016261, 0.997558, -0.0, 0.0, 0.0, 0.0, 1.0],
                [0.878707, -0.023894, 0.476764, 0.0, 0.013242, 0.999582, 0.025691, 0.3, -0.477178, -0.016261, 0.878656, 0.0, 0.0, 0.0, 0.0, 1.0],
                [0.836503, 0.0987, 0.539001, 0.0, 0.011084, 0.980395, -0.196729, 0.3, -0.547851, 0.170538, 0.819009, -0.0, 0.0, 0.0, 0.0, 1.0],
                [0.917205, 0.004657, -0.398389, 0.0, 0.133475, 0.938557, 0.318268, 0.3, 0.375393, -0.345092, 0.860228, -0.0, 0.0, 0.0, 0.0, 1.0],
                [0.816041, 0.004657, -0.577975, 0.0, 0.195892, 0.938557, 0.284142, 0.3, 0.543786, -0.345092, 0.764989, -0.0, 0.0, 0.0, 0.0, 1.0],
                [0.782455, 0.004657, -0.62269, 0.0, 0.21147, 0.938557, 0.272747, 0.3, 0.5857, -0.345092, 0.733394, 0.0, 0.0, 0.0, 0.0, 1.0],
                [0.782455, 0.004657, -0.62269, 0.0, 0.21147, 0.938557, 0.272747, 0.3, 0.5857, -0.345092, 0.733394, 0.0, 0.0, 0.0, 0.0, 1.0]
            ]
        },
        {
            "name": "Head",
            "time": [0.0, 0.2, 0.3833, 0.5, 0.7167, 0.9667, 1.1167],
            "transform": [
                [0.989016, 0.03176, 0.144357, 0.0, -0.026637, 0.99895, -0.037285, 0.4, -0.145389, 0.033031, 0.988823, -0.0, 0.0, 0.0, 0.0, 1.0],
                [0.909225, 0.03176, -0.415091, -0.0, -0.0426, 0.99895, -0.01688, 0.4, 0.414119, 0.033031, 0.909623, 0.0, 0.0, 0.0, 0.0, 1.0],
                [0.799684, 0.03176, -0.59958, 0.0, -0.045221, 0.998949, -0.007399, 0.4, 0.598715, 0.033031, 0.80028, -0.0, 0.0, 0.0, 0.0, 1.0],
                [0.895106, 0.032438, 0.444672, -0.0, -0.013969, 0.998901, -0.044749, 0.4, -0.445634, 0.033843, 0.894575, -0.0, 0.0, 0.0, 0.0, 1.0],
                [0.171881, 0.03176, 0.984606, -0.0, 0.027097, 0.99895, -0.036953, 0.4, -0.984745, 0.033031, 0.17084, 0.0, 0.0, 0.0, 0.0, 1.0],
                [0.171881, 0.03176, 0.984606, 0.0, 0.027097, 0.99895, -0.036953, 0.4, -0.984745, 0.033031, 0.17084, -0.0, 0.0, 0.0, 0.0, 1.0],
                [0.171881, 0.03176, 0.984606, 0.0, 0.027097, 0.99895, -0.036953, 0.4, -0.984745, 0.033031, 0.17084, -0.0, 0.0, 0.0, 0.0, 1.0]
            ]
        },
        {
            "name": "Shoulder_R",
            "time": [0.0, 0.3833, 0.7167, 0.9667, 1.1167],
            "transform": [
                [-0.059544, 0.923942, 0.37787, 0.0, -0.044266, -0.380613, 0.923674, 0.4, 0.997244, 0.038273, 0.063562, -0.0, 0.0, 0.0, 0.0, 1.0],
                [-0.059544, 0.923942, 0.37787, 0.0, -0.044266, -0.380613, 0.923674, 0.4, 0.997243, 0.038273, 0.063562, -0.0, 0.0, 0.0, 0.0, 1.0],
                [-0.059544, 0.923942, 0.37787, -0.0, -0.044266, -0.380613, 0.923674, 0.4, 0.997244, 0.038273, 0.063562, 0.0, 0.0, 0.0, 0.0, 1.0],
                [-0.059544, 0.923942, 0.37787, 0.0, -0.044266, -0.380613, 0.923674, 0.4, 0.997243, 0.038273, 0.063562, -0.0, 0.0, 0.0, 0.0, 1.0],
                [-0.059544, 0.923942, 0.37787, 0.0, -0.044266, -0.380613, 0.923674, 0.4, 0.997243, 0.038273, 0.063562, -0.0, 0.0, 0.0, 0.0, 1.0]
            ]
        },
        {
            "name": "Arm_R",
            "time": [0.0, 0.2, 0.3833, 0.5667, 0.7167, 0.9667, 1.1167],
            "transform": [
                [0.047157, -0.034167, -0.998303, -0.0, 0.871616, 0.489581, 0.024416, 0.39386, 0.487916, -0.871288, 0.052867, 0.0, 0.0, 0.0, 0.0, 1.0],
                [0.054751, -0.019836, -0.998303, 0.0, 0.70278, 0.710989, 0.024416, 0.39386, 0.709298, -0.702924, 0.052867, -0.0, 0.0, 0.0, 0.0, 1.0],
                [0.054751, -0.019836, -0.998303, 0.0, 0.70278, 0.710989, 0.024416, 0.39386, 0.709298, -0.702924, 0.052867, -0.0, 0.0, 0.0, 0.0, 1.0],
                [0.05783, -0.00684, -0.998303, -0.0, 0.522309, 0.852407, 0.024416, 0.393861, 0.850793, -0.522835, 0.052867, 0.0, 0.0, 0.0, 0.0, 1.0],
                [0.05783, -0.00684, -0.998303, 0.0, 0.522309, 0.852407, 0.024416, 0.393861, 0.850793, -0.522835, 0.052867, -0.0, 0.0, 0.0, 0.0, 1.0],
                [0.05783, -0.00684, -0.998303, -0.0, 0.522309, 0.852407, 0.024416, 0.39386, 0.850793, -0.522835, 0.052867, 0.0, 0.0, 0.0, 0.0, 1.0],
                [0.05783, -0.00684, -0.998303, -0.0, 0.522309, 0.852407, 0.024416, 0.39386, 0.850793, -0.522835, 0.052867, 0.0, 0.0, 0.0, 0.0, 1.0]
            ]
        },
        {
            "name": "Hand_R",
            "time": [0.0, 0.2, 0.3833, 0.7167, 0.9667, 1.1167],
            "transform": [
                [0.999599, -0.023996, -0.015032, 0.0, 0.023395, 0.998967, -0.038953, 0.3, 0.015951, 0.038585, 0.999128, 0.0, 0.0, 0.0, 0.0, 1.0],
                [0.999599, -0.025064, -0.013173, 0.0, 0.023395, 0.993155, -0.114439, 0.3, 0.015951, 0.114085, 0.993343, -0.0, 0.0, 0.0, 0.0, 1.0],
                [0.999599, -0.025065, -0.013173, -0.0, 0.023395, 0.993155, -0.114439, 0.3, 0.015951, 0.114085, 0.993343, 0.0, 0.0, 0.0, 0.0, 1.0],
                [0.999599, -0.025064, -0.013173, -0.0, 0.023395, 0.993155, -0.114439, 0.3, 0.015951, 0.114085, 0.993343, 0.0, 0.0, 0.0, 0.0, 1.0],
                [0.999599, -0.025064, -0.013173, -0.0, 0.023395, 0.993155, -0.114439, 0.3, 0.015951, 0.114085, 0.993343, 0.0, 0.0, 0.0, 0.0, 1.0],
                [0.999599, -0.025064, -0.013173, -0.0, 0.023395, 0.993155, -0.114439, 0.3, 0.015951, 0.114085, 0.993343, 0.0, 0.0, 0.0, 0.0, 1.0]
            ]
        },
        {
            "name": "Tool_R",
            "time": [0.0, 0.3833, 0.7167, 0.9667, 1.1167],
            "transform": [
                [1.0, 0.0, 0.0, 0.0, 0.0, -0.999836, 0.018122, 0.272858, 0.0, -0.018122, -0.999244, 0.0, 0.0, 0.0, 0.0, 1.0],
                [1.0, -0.0, 0.0, -0.0, 0.0, -0.999836, 0.018122, 0.272858, 0.0, -0.018122, -0.999244, -0.0, 0.0, 0.0, 0.0, 1.0],
                [1.0, -0.0, 0.0, 0.0, -0.0, -0.999836, 0.018122, 0.272858, 0.0, -0.018122, -0.999244, -0.0, 0.0, 0.0, 0.0, 1.0],
                [1.0, 0.0, 0.0, -0.0, -0.0, -0.999836, 0.018122, 0.272858, 0.0, -0.018122, -0.999244, 0.0, 0.0, 0.0, 0.0, 1.0],
                [1.0, 0.0, 0.0, -0.0, -0.0, -0.999836, 0.018122, 0.272858, 0.0, -0.018122, -0.999244, 0.0, 0.0, 0.0, 0.0, 1.0]
            ]
        },
        {
            "name": "Elbow_R",
            "time": [0.0, 0.3833, 0.7167, 0.9667, 1.1167],
            "transform": [
                [-1.0, 0.0, -0.0, 0.0, 0.0, -0.0, -1.0, 0.3, -0.0, -1.0, 0.0, 0.0, 0.0, 0.0, 0.0, 1.0],
                [-1.0, 0.0, 0.0, -0.0, 0.0, -0.0, -1.0, 0.3, -0.0, -1.0, 0.0, 0.0, 0.0, 0.0, 0.0, 1.0],
                [-1.0, 0.0, -0.0, -0.0, 0.0, -0.0, -1.0, 0.3, -0.0, -1.0, 0.0, 0.0, 0.0, 0.0, 0.0, 1.0],
                [-1.0, 0.0, 0.0, -0.0, -0.0, -0.0, -1.0, 0.3, -0.0, -1.0, 0.0, 0.0, 0.0, 0.0, 0.0, 1.0],
                [-1.0, 0.0, 0.0, -0.0, -0.0, -0.0, -1.0, 0.3, -0.0, -1.0, 0.0, 0.0, 0.0, 0.0, 0.0, 1.0]
            ]
        },
        {
            "name": "Shoulder_L",
            "time": [0.0, 0.3833, 0.5667, 0.7167, 0.9667, 1.1167],
            "transform": [
                [-0.007939, -0.952498, -0.304441, 0.0, -0.088921, -0.302572, 0.948969, 0.4, -0.996007, 0.034605, -0.082295, -0.0, 0.0, 0.0, 0.0, 1.0],
                [-0.007939, -0.952498, -0.304441, 0.0, -0.088921, -0.302572, 0.948969, 0.4, -0.996007, 0.034605, -0.082295, -0.0, 0.0, 0.0, 0.0, 1.0],
                [0.138826, -0.94236, -0.304441, 0.0, -0.041269, -0.312656, 0.948969, 0.4, -0.989457, -0.119177, -0.082295, -0.0, 0.0, 0.0, 0.0, 1.0],
                [0.138826, -0.94236, -0.304441, -0.0, -0.041269, -0.312656, 0.948969, 0.4, -0.989456, -0.119177, -0.082295, 0.0, 0.0, 0.0, 0.0, 1.0],
                [0.138826, -0.94236, -0.304441, 0.0, -0.041269, -0.312656, 0.948969, 0.4, -0.989457, -0.119177, -0.082295, -0.0, 0.0, 0.0, 0.0, 1.0],
                [0.138826, -0.94236, -0.304441, 0.0, -0.041269, -0.312656, 0.948969, 0.4, -0.989457, -0.119177, -0.082295, -0.0, 0.0, 0.0, 0.0, 1.0]
            ]
        },
        {
            "name": "Arm_L",
            "time": [0.0, 0.2, 0.3833, 0.5667, 0.7167, 0.9667, 1.1167],
            "transform": [
                [0.2326, 0.109416, 0.966398, 0.0, -0.875693, 0.455886, 0.159153, 0.39386, -0.423154, -0.883287, 0.201854, 0.0, 0.0, 0.0, 0.0, 1.0],
                [0.239554, -0.093213, 0.966398, 0.0, -0.272862, 0.948797, 0.159153, 0.39386, -0.931751, -0.301819, 0.201854, -0.0, 0.0, 0.0, 0.0, 1.0],
                [0.232983, -0.144497, 0.961686, -0.0, -0.228052, 0.953206, 0.198472, 0.39386, -0.945363, -0.265555, 0.189128, -0.0, 0.0, 0.0, 0.0, 1.0],
                [0.13699, 0.491422, 0.86008, 0.0, -0.001416, 0.868362, -0.495928, 0.39386, -0.990571, 0.06672, 0.119653, -0.0, 0.0, 0.0, 0.0, 1.0],
                [0.13699, 0.545825, 0.826625, 0.0, -0.001416, 0.834599, -0.550856, 0.39386, -0.990571, 0.074292, 0.115105, -0.0, 0.0, 0.0, 0.0, 1.0],
                [0.13699, 0.545825, 0.826625, -0.0, -0.001416, 0.834599, -0.550856, 0.39386, -0.990571, 0.074292, 0.115105, -0.0, 0.0, 0.0, 0.0, 1.0],
                [0.13699, 0.545825, 0.826625, -0.0, -0.001416, 0.834599, -0.550856, 0.39386, -0.990571, 0.074292, 0.115105, -0.0, 0.0, 0.0, 0.0, 1.0]
            ]
        },
        {
            "name": "Hand_L",
            "time": [0.0, 0.2, 0.3833, 0.7167, 0.9667, 1.1167],
            "transform": [
                [0.99991, 0.013059, 0.003198, 0.0, -0.012582, 0.992716, -0.119824, 0.3, -0.004739, 0.119773, 0.99279, -0.0, 0.0, 0.0, 0.0, 1.0],
                [0.99991, 0.012413, -0.005165, -0.0, -0.012582, 0.728532, -0.684896, 0.3, -0.004739, 0.684899, 0.728623, -0.0, 0.0, 0.0, 0.0, 1.0],
                [0.99991, 0.012413, -0.005165, 0.0, -0.012582, 0.728532, -0.684896, 0.3, -0.004739, 0.684899, 0.728623, -0.0, 0.0, 0.0, 0.0, 1.0],
                [0.99991, 0.012413, -0.005165, 0.0, -0.012582, 0.728532, -0.684896, 0.3, -0.004739, 0.684899, 0.728623, -0.0, 0.0, 0.0, 0.0, 1.0],
                [0.99991, 0.012413, -0.005165, -0.0, -0.012582, 0.728532, -0.684896, 0.3, -0.004739, 0.684899, 0.728622, 0.0, 0.0, 0.0, 0.0, 1.0],
                [0.99991, 0.012413, -0.005165, -0.0, -0.012582, 0.728532, -0.684896, 0.3, -0.004739, 0.684899, 0.728622, 0.0, 0.0, 0.0, 0.0, 1.0]
            ]
        },
        {
            "name": "Tool_L",
            "time": [0.0, 0.3833, 0.7167, 0.9667, 1.1167],
            "transform": [
                [1.0, 0.0, 0.0, 0.0, 0.0, -0.999836, 0.018122, 0.272858, 0.0, -0.018122, -0.999247, -0.0, 0.0, 0.0, 0.0, 1.0],
                [1.0, 0.0, 0.0, -0.0, 0.0, -0.999836, 0.018122, 0.272858, 0.0, -0.018122, -0.999247, 0.0, 0.0, 0.0, 0.0, 1.0],
                [1.0, 0.0, 0.0, 0.0, 0.0, -0.999836, 0.018122, 0.272858, 0.0, -0.018122, -0.999247, 0.0, 0.0, 0.0, 0.0, 1.0],
                [1.0, 0.0, 0.0, 0.0, 0.0, -0.999836, 0.018122, 0.272858, 0.0, -0.018122, -0.999247, -0.0, 0.0, 0.0, 0.0, 1.0],
                [1.0, 0.0, 0.0, 0.0, 0.0, -0.999836, 0.018122, 0.272858, 0.0, -0.018122, -0.999247, -0.0, 0.0, 0.0, 0.0, 1.0]
            ]
        },
        {
            "name": "Elbow_L",
            "time": [0.0, 0.3833, 0.7167, 0.9667, 1.1167],
            "transform": [
                [-0.998967, -0.043093, -0.01444, 0.00533, 0.028309, -0.34145, -0.939473, 0.367045, 0.035554, -0.938911, 0.342317, -0.016093, 0.0, 0.0, 0.0, 1.0],
                [-0.998967, -0.043093, -0.01444, 0.00533, 0.028309, -0.34145, -0.939473, 0.367045, 0.035554, -0.938911, 0.342317, -0.016093, 0.0, 0.0, 0.0, 1.0],
                [-0.998967, -0.043093, -0.01444, 0.00533, 0.028309, -0.34145, -0.939474, 0.367045, 0.035554, -0.938911, 0.342317, -0.016093, 0.0, 0.0, 0.0, 1.0],
                [-0.998967, -0.043093, -0.01444, 0.00533, 0.028309, -0.34145, -0.939473, 0.367045, 0.035554, -0.938911, 0.342317, -0.016093, 0.0, 0.0, 0.0, 1.0],
                [-0.998967, -0.043093, -0.01444, 0.00533, 0.028309, -0.34145, -0.939473, 0.367045, 0.035554, -0.938911, 0.342317, -0.016093, 0.0, 0.0, 0.0, 1.0]
            ]
        }
    ]
}