{
    "animation": [
        {
            "name": "Root",
            "time": [0.0, 0.35, 0.5167, 0.6833, 1.15],
            "transform": [
                [0.854689, 0.010023, -0.519043, -5e-06, -0.51914, 0.016502, -0.85453, 0.030328, -0.0, 0.999814, 0.019308, 0.771957, 0.0, 0.0, 0.0, 1.0],
                [0.275538, -0.041348, -0.960401, 0.010179, -0.961276, -0.006473, -0.275511, 0.446749, 0.005176, 0.999124, -0.04153, 0.682393, 0.0, 0.0, 0.0, 1.0],
                [0.275538, -0.041348, -0.960401, 0.010179, -0.961276, -0.006473, -0.275511, 0.525281, 0.005176, 0.999124, -0.04153, 0.682393, 0.0, 0.0, 0.0, 1.0],
                [0.288858, -0.01529, -0.95725, 0.010179, -0.939371, -0.197508, -0.280309, 0.188752, -0.184778, 0.980182, -0.071415, 0.635888, 0.0, 0.0, 0.0, 1.0],
                [0.854689, 0.010023, -0.519043, -5e-06, -0.51914, 0.016502, -0.85453, 0.030328, -0.0, 0.999814, 0.019308, 0.771957, 0.0, 0.0, 0.0, 1.0]
            ]
        },
        {
            "name": "Thigh_R",
            "time": [0.0, 0.35, 0.5167, 0.6833, 1.15],
            "transform": [
                [0.996122, 0.056223, -0.067664, 0.124994, 0.068868, -0.976941, 0.202086, -0.002831, -0.054742, -0.205961, -0.977028, -1.2e-05, 0.0, 0.0, 0.0, 1.0],
                [0.91669, 0.383826, -0.111157, 0.124994, 0.399064, -0.893712, 0.204997, -0.002831, -0.020659, -0.232277, -0.97243, -1.2e-05, 0.0, 0.0, 0.0, 1.0],
                [0.866115, 0.497079, -0.052493, 0.124994, 0.499804, -0.859918, 0.103603, -0.002831, 0.006359, -0.115968, -0.993233, -1.2e-05, 0.0, 0.0, 0.0, 1.0],
                [0.721791, 0.6863, -0.089486, 0.124994, 0.69211, -0.715861, 0.092321, -0.002831, -0.0007, -0.12857, -0.991701, -1.2e-05, 0.0, 0.0, 0.0, 1.0],
                [0.996122, 0.056223, -0.067664, 0.124994, 0.068868, -0.976941, 0.202086, -0.002831, -0.054742, -0.205961, -0.977028, -1.2e-05, 0.0, 0.0, 0.0, 1.0]
            ]
        },
        {
            "name": "Leg_R",
            "time": [0.0, 0.35, 0.5167, 0.6833, 1.15],
            "transform": [
                [0.998294, -0.058059, -0.006132, 0.0, 0.058094, 0.97748, 0.202875, 0.37472, -0.005785, -0.202886, 0.979185, -0.0, 0.0, 0.0, 0.0, 1.0],
                [0.998294, -0.055786, -0.017217, -0.0, 0.058095, 0.919983, 0.38763, 0.37472, -0.005785, -0.387969, 0.921654, -0.0, 0.0, 0.0, 0.0, 1.0],
                [0.998294, -0.055786, -0.017217, 0.0, 0.058095, 0.919983, 0.38763, 0.37472, -0.005785, -0.387969, 0.921654, -0.0, 0.0, 0.0, 0.0, 1.0],
                [0.998294, -0.057246, -0.011461, -0.0, 0.058094, 0.954598, 0.29218, 0.37472, -0.005785, -0.292347, 0.956294, 0.0, 0.0, 0.0, 0.0, 1.0],
                [0.998294, -0.058059, -0.006132, 0.0, 0.058094, 0.97748, 0.202875, 0.37472, -0.005785, -0.202886, 0.979185, -0.0, 0.0, 0.0, 0.0, 1.0]
            ]
        },
        {
            "name": "Knee_R",
            "time": [0.0, 0.35, 0.5167, 1.15],
            "transform": [
                [1.0, 0.0, -0.0, 0.0, -0.0, 1e-06, -1.0, 0.37472, -0.0, 1.0, 1e-06, -0.0, 0.0, 0.0, 0.0, 1.0],
                [1.0, 0.0, -0.0, -0.0, -0.0, 1e-06, -1.0, 0.37472, -0.0, 1.0, 1e-06, -0.0, 0.0, 0.0, 0.0, 1.0],
                [1.0, 0.0, -0.0, 0.0, -0.0, 1e-06, -1.0, 0.37472, -0.0, 1.0, 1e-06, -0.0, 0.0, 0.0, 0.0, 1.0],
                [1.0, 0.0, -0.0, 0.0, -0.0, 1e-06, -1.0, 0.37472, -0.0, 1.0, 1e-06, -0.0, 0.0, 0.0, 0.0, 1.0]
            ]
        },
        {
            "name": "Thigh_L",
            "time": [0.0, 0.2167, 0.35, 0.5167, 1.15],
            "transform": [
                [0.862919, -0.126282, -0.489308, -0.109662, -0.086164, -0.990862, 0.103769, -0.002831, -0.497941, -0.047383, -0.865915, 0.02525, 0.0, 0.0, 0.0, 1.0],
                [0.793344, -0.510709, -0.331332, -0.109662, -0.265886, -0.780291, 0.566084, -0.002831, -0.54764, -0.361003, -0.754829, 0.02525, 0.0, 0.0, 0.0, 1.0],
                [0.40083, -0.633073, -0.662234, -0.109662, -0.247728, -0.770811, 0.586925, -0.002831, -0.882023, -0.071203, -0.465794, 0.02525, 0.0, 0.0, 0.0, 1.0],
                [0.40083, -0.633073, -0.662234, -0.109662, -0.247728, -0.770811, 0.586925, -0.002831, -0.882023, -0.071203, -0.465794, 0.02525, 0.0, 0.0, 0.0, 1.0],
                [0.862919, -0.126282, -0.489308, -0.109662, -0.086164, -0.990862, 0.103769, -0.002831, -0.497941, -0.047383, -0.865915, 0.02525, 0.0, 0.0, 0.0, 1.0]
            ]
        },
        {
            "name": "Leg_L",
            "time": [0.0, 0.2167, 0.35, 0.5167, 0.6833, 1.15],
            "transform": [
                [0.997933, 0.063289, 0.011181, 0.0, -0.064028, 0.994089, 0.087675, 0.37472, -0.005566, -0.088209, 0.996087, -0.0, 0.0, 0.0, 0.0, 1.0],
                [0.997933, 0.032747, 0.0553, -0.0, -0.064028, 0.581094, 0.811314, 0.37472, -0.005567, -0.813177, 0.58199, -0.0, 0.0, 0.0, 0.0, 1.0],
                [0.997933, 0.063289, 0.011181, -0.0, -0.064028, 0.994089, 0.087675, 0.37472, -0.005566, -0.088209, 0.996087, -0.0, 0.0, 0.0, 0.0, 1.0],
                [0.997933, 0.063289, 0.011181, 0.0, -0.064028, 0.994089, 0.087675, 0.37472, -0.005566, -0.088209, 0.996087, -0.0, 0.0, 0.0, 0.0, 1.0],
                [0.997933, 0.03476, 0.054058, -0.0, -0.064028, 0.610561, 0.789377, 0.37472, -0.005567, -0.791206, 0.611525, 0.0, 0.0, 0.0, 0.0, 1.0],
                [0.997933, 0.063289, 0.011181, 0.0, -0.064028, 0.994089, 0.087675, 0.37472, -0.005566, -0.088209, 0.996087, -0.0, 0.0, 0.0, 0.0, 1.0]
            ]
        },
        {
            "name": "Knee_L",
            "time": [0.0, 0.35, 0.5167, 1.15],
            "transform": [
                [1.0, 0.0, -0.0, 0.0, -0.0, 1e-06, -1.0, 0.37472, -0.0, 1.0, 1e-06, -0.0, 0.0, 0.0, 0.0, 1.0],
                [1.0, 0.0, -0.0, -0.0, -0.0, 1e-06, -1.0, 0.37472, -0.0, 1.0, 1e-06, -0.0, 0.0, 0.0, 0.0, 1.0],
                [1.0, 0.0, -0.0, 0.0, -0.0, 1e-06, -1.0, 0.37472, -0.0, 1.0, 1e-06, -0.0, 0.0, 0.0, 0.0, 1.0],
                [1.0, 0.0, -0.0, 0.0, -0.0, 1e-06, -1.0, 0.37472, -0.0, 1.0, 1e-06, -0.0, 0.0, 0.0, 0.0, 1.0]
            ]
        },
        {
            "name": "Torso",
            "time": [0.0, 0.35, 0.5167, 0.6833, 1.15],
            "transform": [
                [0.965662, -0.025127, 0.258583, -0.0, 0.020968, 0.999603, 0.018828, 0.05, -0.258953, -0.012759, 0.965806, 0.0, 0.0, 0.0, 0.0, 1.0],
                [0.906359, -0.025127, 0.42176, -0.0, 0.017394, 0.999603, 0.022172, 0.05, -0.422149, -0.012759, 0.906437, 0.0, 0.0, 0.0, 0.0, 1.0],
                [0.906359, -0.025127, 0.42176, 0.0, 0.017394, 0.999603, 0.022172, 0.05, -0.422149, -0.012759, 0.906437, -0.0, 0.0, 0.0, 0.0, 1.0],
                [0.84088, 0.194201, 0.50518, -0.0, -0.143631, 0.980011, -0.137658, 0.05, -0.521815, 0.043195, 0.851964, -0.0, 0.0, 0.0, 0.0, 1.0],
                [0.965662, -0.025127, 0.258583, -0.0, 0.020968, 0.999603, 0.018828, 0.05, -0.258953, -0.012759, 0.965806, 0.0, 0.0, 0.0, 0.0, 1.0]
            ]
        },
        {
            "name": "Chest",
            "time": [0.0, 0.1167, 0.2167, 0.35, 0.4333, 0.5167, 0.6833, 0.8333, 1.15],
            "transform": [
                [0.997431, -0.023894, 0.067533, -0.0, 0.022738, 0.999582, 0.017843, 0.3, -0.067931, -0.016261, 0.997558, -0.0, 0.0, 0.0, 0.0, 1.0],
                [0.85357, 0.090988, -0.512971, 0.0, 0.028866, 0.974859, 0.220947, 0.3, 0.520178, -0.203401, 0.829484, 0.0, 0.0, 0.0, 0.0, 1.0],
                [0.920197, -0.052022, -0.387984, 0.0, 0.019069, 0.995911, -0.088308, 0.3, 0.390991, 0.073863, 0.917426, 0.0, 0.0, 0.0, 0.0, 1.0],
                [0.978636, -0.023894, -0.204208, 0.0, 0.02671, 0.999582, 0.011043, 0.3, 0.203859, -0.016261, 0.978865, 0.0, 0.0, 0.0, 0.0, 1.0],
                [0.980245, -0.069776, -0.185068, 0.0, 0.079955, 0.995637, 0.048109, 0.3, 0.180903, -0.061956, 0.981547, -0.0, 0.0, 0.0, 0.0, 1.0],
                [0.978636, -0.023894, -0.204208, 0.0, 0.02671, 0.999582, 0.011043, 0.3, 0.203859, -0.016261, 0.978865, -0.0, 0.0, 0.0, 0.0, 1.0],
                [0.972785, -0.124827, -0.195212, 0.0, 0.13804, 0.988867, 0.055559, 0.3, 0.186104, -0.080994, 0.979186, -0.0, 0.0, 0.0, 0.0, 1.0],
                [0.874006, -0.167704, 0.456058, 0.0, 0.030962, 0.955868, 0.29216, 0.3, -0.484927, -0.241229, 0.840627, 0.0, 0.0, 0.0, 0.0, 1.0],
                [0.997431, -0.023894, 0.067533, -0.0, 0.022738, 0.999582, 0.017843, 0.3, -0.067931, -0.016261, 0.997558, -0.0, 0.0, 0.0, 0.0, 1.0]
            ]
        },
        {
            "name": "Head",
            "time": [0.0, 0.35, 0.4333, 0.5167, 0.8667, 1.15],
            "transform": [
                [0.989016, 0.03176, 0.144357, 0.0, -0.026637, 0.99895, -0.037285, 0.4, -0.145389, 0.033031, 0.988823, -0.0, 0.0, 0.0, 0.0, 1.0],
                [0.550739, 0.079041, 0.830926, -0.0, -0.07544, 0.996145, -0.044755, 0.4, -0.831261, -0.038037, 0.554579, -0.0, 0.0, 0.0, 0.0, 1.0],
                [0.550739, 0.098031, 0.828901, -0.0, -0.07544, 0.994861, -0.067534, 0.4, -0.831261, -0.025339, 0.555305, -0.0, 0.0, 0.0, 0.0, 1.0],
                [0.550739, 0.079041, 0.830926, -0.0, -0.07544, 0.996145, -0.044755, 0.4, -0.831261, -0.038037, 0.554579, -0.0, 0.0, 0.0, 0.0, 1.0],
                [0.99729, 0.049876, 0.054084, 0.0, -0.049033, 0.998656, -0.016812, 0.4, -0.054849, 0.014114, 0.998395, -0.0, 0.0, 0.0, 0.0, 1.0],
                [0.989016, 0.03176, 0.144357, 0.0, -0.026637, 0.99895, -0.037285, 0.4, -0.145389, 0.033031, 0.988823, -0.0, 0.0, 0.0, 0.0, 1.0]
            ]
        },
        {
            "name": "Shoulder_R",
            "time": [0.0, 0.35, 0.5167, 1.15],
            "transform": [
                [-0.059544, 0.923942, 0.37787, 0.0, -0.044266, -0.380613, 0.923674, 0.4, 0.997244, 0.038273, 0.063562, -0.0, 0.0, 0.0, 0.0, 1.0],
                [-0.059544, 0.923942, 0.37787, -0.0, -0.044266, -0.380613, 0.923674, 0.4, 0.997244, 0.038273, 0.063562, -0.0, 0.0, 0.0, 0.0, 1.0],
                [-0.059544, 0.923942, 0.37787, -0.0, -0.044266, -0.380613, 0.923674, 0.4, 0.997244, 0.038273, 0.063562, -0.0, 0.0, 0.0, 0.0, 1.0],
                [-0.059544, 0.923942, 0.37787, 0.0, -0.044266, -0.380613, 0.923674, 0.4, 0.997244, 0.038273, 0.063562, -0.0, 0.0, 0.0, 0.0, 1.0]
            ]
        },
        {
            "name": "Arm_R",
            "time": [0.0, 0.35, 0.4333, 0.5167, 0.6833, 1.15],
            "transform": [
                [0.047157, -0.034167, -0.998303, -0.0, 0.871616, 0.489581, 0.024416, 0.39386, 0.487916, -0.871288, 0.052867, 0.0, 0.0, 0.0, 0.0, 1.0],
                [0.054938, -0.019313, -0.998303, 0.0, 0.695975, 0.717651, 0.024416, 0.39386, 0.715961, -0.696135, 0.052867, 0.0, 0.0, 0.0, 0.0, 1.0],
                [0.05536, -0.018067, -0.998303, 0.0, 0.679582, 0.733193, 0.024416, 0.393861, 0.731508, -0.67978, 0.052867, -0.0, 0.0, 0.0, 0.0, 1.0],
                [0.054938, -0.019313, -0.998303, 0.0, 0.695975, 0.717651, 0.024416, 0.39386, 0.715961, -0.696135, 0.052867, 0.0, 0.0, 0.0, 0.0, 1.0],
                [0.056628, -0.013582, -0.998303, -0.0, 0.618771, 0.785192, 0.024416, 0.39386, 0.783527, -0.619104, 0.052867, -0.0, 0.0, 0.0, 0.0, 1.0],
                [0.047157, -0.034167, -0.998303, -0.0, 0.871616, 0.489581, 0.024416, 0.39386, 0.487916, -0.871288, 0.052867, 0.0, 0.0, 0.0, 0.0, 1.0]
            ]
        },
        {
            "name": "Hand_R",
            "time": [0.0, 0.35, 0.5167, 1.15],
            "transform": [
                [0.999599, -0.023996, -0.015032, 0.0, 0.023395, 0.998967, -0.038953, 0.3, 0.015951, 0.038585, 0.999128, 0.0, 0.0, 0.0, 0.0, 1.0],
                [0.999599, -0.023996, -0.015032, -0.0, 0.023395, 0.998967, -0.038953, 0.3, 0.015951, 0.038585, 0.999128, 0.0, 0.0, 0.0, 0.0, 1.0],
                [0.999599, -0.023996, -0.015032, -0.0, 0.023395, 0.998967, -0.038953, 0.3, 0.015951, 0.038585, 0.999128, 0.0, 0.0, 0.0, 0.0, 1.0],
                [0.999599, -0.023996, -0.015032, 0.0, 0.023395, 0.998967, -0.038953, 0.3, 0.015951, 0.038585, 0.999128, 0.0, 0.0, 0.0, 0.0, 1.0]
            ]
        },
        {
            "name": "Tool_R",
            "time": [0.0, 0.35, 0.5167, 1.15],
            "transform": [
                [1.0, 0.0, 0.0, 0.0, 0.0, -0.999836, 0.018122, 0.272858, 0.0, -0.018122, -0.999244, 0.0, 0.0, 0.0, 0.0, 1.0],
                [1.0, -0.0, 0.0, -0.0, 0.0, -0.999836, 0.018122, 0.272858, 0.0, -0.018122, -0.999244, 0.0, 0.0, 0.0, 0.0, 1.0],
                [1.0, -0.0, 0.0, -0.0, 0.0, -0.999836, 0.018122, 0.272858, 0.0, -0.018122, -0.999244, 0.0, 0.0, 0.0, 0.0, 1.0],
                [1.0, 0.0, 0.0, 0.0, 0.0, -0.999836, 0.018122, 0.272858, 0.0, -0.018122, -0.999244, 0.0, 0.0, 0.0, 0.0, 1.0]
            ]
        },
        {
            "name": "Elbow_R",
            "time": [0.0, 0.35, 0.5167, 1.15],
            "transform": [
                [-1.0, 0.0, -0.0, 0.0, 0.0, -0.0, -1.0, 0.3, -0.0, -1.0, 0.0, 0.0, 0.0, 0.0, 0.0, 1.0],
                [-1.0, 0.0, -0.0, -0.0, 0.0, -0.0, -1.0, 0.3, -0.0, -1.0, 0.0, 0.0, 0.0, 0.0, 0.0, 1.0],
                [-1.0, 0.0, -0.0, -0.0, 0.0, -0.0, -1.0, 0.3, -0.0, -1.0, 0.0, 0.0, 0.0, 0.0, 0.0, 1.0],
                [-1.0, 0.0, -0.0, 0.0, 0.0, -0.0, -1.0, 0.3, -0.0, -1.0, 0.0, 0.0, 0.0, 0.0, 0.0, 1.0]
            ]
        },
        {
            "name": "Shoulder_L",
            "time": [0.0, 0.35, 0.5167, 1.15],
            "transform": [
                [-0.007939, -0.952498, -0.304441, 0.0, -0.088921, -0.302572, 0.948969, 0.4, -0.996007, 0.034605, -0.082295, -0.0, 0.0, 0.0, 0.0, 1.0],
                [-0.007939, -0.952498, -0.304441, -0.0, -0.088921, -0.302572, 0.948969, 0.4, -0.996007, 0.034605, -0.082295, -0.0, 0.0, 0.0, 0.0, 1.0],
                [-0.007939, -0.952498, -0.304441, -0.0, -0.088921, -0.302572, 0.948969, 0.4, -0.996007, 0.034605, -0.082295, -0.0, 0.0, 0.0, 0.0, 1.0],
                [-0.007939, -0.952498, -0.304441, 0.0, -0.088921, -0.302572, 0.948969, 0.4, -0.996007, 0.034605, -0.082295, -0.0, 0.0, 0.0, 0.0, 1.0]
            ]
        },
        {
            "name": "Arm_L",
            "time": [0.0, 0.1167, 0.35, 0.4333, 0.5167, 0.6833, 1.15],
            "transform": [
                [0.2326, 0.109416, 0.966398, 0.0, -0.875693, 0.455886, 0.159153, 0.39386, -0.423154, -0.883287, 0.201854, 0.0, 0.0, 0.0, 0.0, 1.0],
                [0.224709, 0.726948, 0.648886, -0.0, -0.374017, 0.679254, -0.631447, 0.39386, -0.899787, -0.100803, 0.424525, -0.0, 0.0, 0.0, 0.0, 1.0],
                [0.847771, 0.495791, 0.188348, -0.0, -0.377107, 0.813216, -0.44325, 0.39386, -0.372927, 0.304747, 0.876387, -0.0, 0.0, 0.0, 0.0, 1.0],
                [0.847771, 0.490123, 0.20264, 0.0, -0.377106, 0.825723, -0.419492, 0.39386, -0.372927, 0.279216, 0.884853, -0.0, 0.0, 0.0, 0.0, 1.0],
                [0.847771, 0.495791, 0.188348, -0.0, -0.377107, 0.813216, -0.44325, 0.39386, -0.372927, 0.304747, 0.876387, -0.0, 0.0, 0.0, 0.0, 1.0],
                [0.863956, 0.226414, -0.449796, 0.0, -0.497485, 0.245357, -0.832051, 0.39386, -0.078027, 0.942622, 0.324616, 0.0, 0.0, 0.0, 0.0, 1.0],
                [0.2326, 0.109416, 0.966398, 0.0, -0.875693, 0.455886, 0.159153, 0.39386, -0.423154, -0.883287, 0.201854, 0.0, 0.0, 0.0, 0.0, 1.0]
            ]
        },
        {
            "name": "Hand_L",
            "time": [0.0, 0.1167, 0.35, 0.4333, 0.5167, 0.6833, 1.15],
            "transform": [
                [0.99991, 0.013059, 0.003198, 0.0, -0.012582, 0.992716, -0.119824, 0.3, -0.004739, 0.119773, 0.99279, -0.0, 0.0, 0.0, 0.0, 1.0],
                [0.99991, 0.013043, -0.003261, 0.0, -0.012582, 0.822277, -0.568949, 0.3, -0.004739, 0.568939, 0.822366, 0.0, 0.0, 0.0, 0.0, 1.0],
                [0.99991, 0.012187, 0.005678, 0.0, -0.012582, 0.997052, 0.075686, 0.3, -0.004739, -0.075751, 0.997116, -0.0, 0.0, 0.0, 0.0, 1.0],
                [0.99991, 0.012444, 0.005089, -0.0, -0.012582, 0.99953, 0.02797, 0.3, -0.004739, -0.028031, 0.999596, -0.0, 0.0, 0.0, 0.0, 1.0],
                [0.99991, 0.012187, 0.005678, 0.0, -0.012582, 0.997052, 0.075686, 0.3, -0.004739, -0.075751, 0.997116, 0.0, 0.0, 0.0, 0.0, 1.0],
                [0.99991, 0.012925, -0.003703, 0.0, -0.012582, 0.802485, -0.59654, 0.3, -0.004739, 0.596533, 0.802575, 0.0, 0.0, 0.0, 0.0, 1.0],
                [0.99991, 0.013059, 0.003198, 0.0, -0.012582, 0.992716, -0.119824, 0.3, -0.004739, 0.119773, 0.99279, -0.0, 0.0, 0.0, 0.0, 1.0]
            ]
        },
        {
            "name": "Tool_L",
            "time": [0.0, 0.35, 0.5167, 1.15],
            "transform": [
                [1.0, 0.0, 0.0, 0.0, 0.0, -0.999836, 0.018122, 0.272858, 0.0, -0.018122, -0.999247, -0.0, 0.0, 0.0, 0.0, 1.0],
                [1.0, 0.0, 0.0, -0.0, 0.0, -0.999836, 0.018122, 0.272858, 0.0, -0.018122, -0.999247, -0.0, 0.0, 0.0, 0.0, 1.0],
                [1.0, 0.0, 0.0, -0.0, 0.0, -0.999836, 0.018122, 0.272858, 0.0, -0.018122, -0.999247, -0.0, 0.0, 0.0, 0.0, 1.0],
                [1.0, 0.0, 0.0, 0.0, 0.0, -0.999836, 0.018122, 0.272858, 0.0, -0.018122, -0.999247, -0.0, 0.0, 0.0, 0.0, 1.0]
            ]
        },
        {
            "name": "Elbow_L",
            "time": [0.0, 1.15],
            "transform": [
                [-1.0, 0.0, -0.0, 0.0, 0.0, -0.0, -1.0, 0.3, -0.0, -1.0, -0.0, -0.0, 0.0, 0.0, 0.0, 1.0],
                [-1.0, 0.0, -0.0, 0.0, 0.0, -0.0, -1.0, 0.3, -0.0, -1.0, -0.0, -0.0, 0.0, 0.0, 0.0, 1.0]
            ]
        }
    ]
}