{
    "animation": [
        {
            "name": "Root",
            "time": [0.0, 0.1667, 0.4167, 0.55, 0.85],
            "transform": [
                [0.854689, 0.010023, -0.519043, -5e-06, -0.51914, 0.016502, -0.85453, 0.030328, -0.0, 0.999814, 0.019308, 0.771957, 0.0, 0.0, 0.0, 1.0],
                [0.328071, 0.015196, -0.944531, 0.005277, -0.94463, 0.012207, -0.327909, -2.346995, 0.006547, 0.99981, 0.018359, 0.645862, 0.0, 0.0, 0.0, 1.0],
                [0.22365, 0.015692, -0.974543, 0.006124, -0.974641, 0.011249, -0.223492, -2.728498, 0.007456, 0.999814, 0.01781, 0.625627, 0.0, 0.0, 0.0, 1.0],
                [0.22365, 0.015692, -0.974543, 0.006124, -0.974641, 0.011249, -0.223492, -2.728498, 0.007456, 0.999814, 0.01781, 0.625627, 0.0, 0.0, 0.0, 1.0],
                [0.854689, 0.010023, -0.519043, -5e-06, -0.51914, 0.016502, -0.85453, -3.331772, -0.0, 0.999814, 0.019308, 0.771957, 0.0, 0.0, 0.0, 1.0]
            ]
        },
        {
            "name": "Thigh_R",
            "time": [0.0, 0.1, 0.1667, 0.4167, 0.55, 0.85],
            "transform": [
                [0.996122, 0.056223, -0.067664, 0.124994, 0.068868, -0.976941, 0.202086, -0.002831, -0.054742, -0.205961, -0.977028, -1.2e-05, 0.0, 0.0, 0.0, 1.0],
                [0.697302, 0.583384, -0.416451, 0.124994, 0.649139, -0.760357, 0.021766, -0.002831, -0.303954, -0.285511, -0.908898, -1.2e-05, 0.0, 0.0, 0.0, 1.0],
                [0.727798, 0.462528, -0.506338, 0.124994, 0.503449, -0.861687, -0.063489, -0.002831, -0.465671, -0.208708, -0.859995, -1.2e-05, 0.0, 0.0, 0.0, 1.0],
                [0.706142, 0.479146, -0.521327, 0.124994, 0.518262, -0.851419, -0.080543, -0.002831, -0.482461, -0.213309, -0.849548, -1.2e-05, 0.0, 0.0, 0.0, 1.0],
                [0.706142, 0.479146, -0.521327, 0.124994, 0.518262, -0.851419, -0.080543, -0.002831, -0.482461, -0.213309, -0.849548, -1.2e-05, 0.0, 0.0, 0.0, 1.0],
                [0.996122, 0.056223, -0.067664, 0.124994, 0.068868, -0.976941, 0.202086, -0.002831, -0.054742, -0.205961, -0.977028, -1.2e-05, 0.0, 0.0, 0.0, 1.0]
            ]
        },
        {
            "name": "Leg_R",
            "time": [0.0, 0.1, 0.4167, 0.55, 0.85],
            "transform": [
                [0.998294, -0.058059, -0.006132, 0.0, 0.058094, 0.97748, 0.202875, 0.37472, -0.005785, -0.202886, 0.979185, -0.0, 0.0, 0.0, 0.0, 1.0],
                [0.998294, -0.042659, -0.039857, -0.0, 0.058095, 0.658211, 0.750589, 0.37472, -0.005785, -0.751625, 0.659565, -0.0, 0.0, 0.0, 0.0, 1.0],
                [0.998294, -0.058059, -0.006132, 0.0, 0.058095, 0.97748, 0.202875, 0.37472, -0.005785, -0.202886, 0.979185, -0.0, 0.0, 0.0, 0.0, 1.0],
                [0.998294, -0.058059, -0.006132, 0.0, 0.058095, 0.97748, 0.202875, 0.37472, -0.005785, -0.202886, 0.979185, -0.0, 0.0, 0.0, 0.0, 1.0],
                [0.998294, -0.058059, -0.006132, -0.0, 0.058094, 0.97748, 0.202875, 0.37472, -0.005785, -0.202886, 0.979185, 0.0, 0.0, 0.0, 0.0, 1.0]
            ]
        },
        {
            "name": "Knee_R",
            "time": [0.0, 0.4167, 0.55, 0.85],
            "transform": [
                [1.0, 0.0, -0.0, 0.0, -0.0, 1e-06, -1.0, 0.37472, -0.0, 1.0, 1e-06, -0.0, 0.0, 0.0, 0.0, 1.0],
                [1.0, 0.0, -0.0, 0.0, -0.0, 1e-06, -1.0, 0.37472, -0.0, 1.0, 1e-06, -0.0, 0.0, 0.0, 0.0, 1.0],
                [1.0, 0.0, -0.0, 0.0, -0.0, 1e-06, -1.0, 0.37472, -0.0, 1.0, 1e-06, -0.0, 0.0, 0.0, 0.0, 1.0],
                [1.0, 0.0, -0.0, -0.0, -0.0, 1e-06, -1.0, 0.37472, -0.0, 1.0, 1e-06, 0.0, 0.0, 0.0, 0.0, 1.0]
            ]
        },
        {
            "name": "Thigh_L",
            "time": [0.0, 0.1667, 0.4167, 0.55, 0.85],
            "transform": [
                [0.862919, -0.126282, -0.489308, -0.109662, -0.086164, -0.990862, 0.103769, -0.002831, -0.497941, -0.047383, -0.865915, 0.02525, 0.0, 0.0, 0.0, 1.0],
                [0.277287, -0.699648, -0.658486, -0.109662, -0.163227, -0.709703, 0.685331, -0.002831, -0.946819, -0.08255, -0.310993, 0.02525, 0.0, 0.0, 0.0, 1.0],
                [0.244707, -0.720375, -0.648983, -0.109662, -0.154633, -0.689761, 0.707331, -0.002831, -0.957186, -0.072735, -0.280183, 0.02525, 0.0, 0.0, 0.0, 1.0],
                [0.244707, -0.720375, -0.648983, -0.109662, -0.154633, -0.689761, 0.707331, -0.002831, -0.957186, -0.072735, -0.280183, 0.02525, 0.0, 0.0, 0.0, 1.0],
                [0.862919, -0.126282, -0.489308, -0.109662, -0.086164, -0.990862, 0.103769, -0.002831, -0.497941, -0.047383, -0.865915, 0.02525, 0.0, 0.0, 0.0, 1.0]
            ]
        },
        {
            "name": "Leg_L",
            "time": [0.0, 0.4167, 0.55, 0.85],
            "transform": [
                [0.997933, 0.063289, 0.011181, 0.0, -0.064028, 0.994089, 0.087675, 0.37472, -0.005566, -0.088209, 0.996087, -0.0, 0.0, 0.0, 0.0, 1.0],
                [0.997933, 0.058076, 0.027525, 0.0, -0.064028, 0.935483, 0.347524, 0.37472, -0.005566, -0.348567, 0.937268, 0.0, 0.0, 0.0, 0.0, 1.0],
                [0.997933, 0.058076, 0.027525, 0.0, -0.064028, 0.935483, 0.347524, 0.37472, -0.005566, -0.348567, 0.937268, 0.0, 0.0, 0.0, 0.0, 1.0],
                [0.997933, 0.063289, 0.011181, 0.0, -0.064028, 0.994089, 0.087675, 0.37472, -0.005566, -0.088209, 0.996087, 0.0, 0.0, 0.0, 0.0, 1.0]
            ]
        },
        {
            "name": "Knee_L",
            "time": [0.0, 0.4167, 0.55, 0.85],
            "transform": [
                [1.0, 0.0, -0.0, 0.0, -0.0, 1e-06, -1.0, 0.37472, -0.0, 1.0, 1e-06, -0.0, 0.0, 0.0, 0.0, 1.0],
                [1.0, 0.0, -0.0, 0.0, -0.0, 1e-06, -1.0, 0.37472, -0.0, 1.0, 1e-06, 0.0, 0.0, 0.0, 0.0, 1.0],
                [1.0, 0.0, -0.0, 0.0, -0.0, 1e-06, -1.0, 0.37472, -0.0, 1.0, 1e-06, 0.0, 0.0, 0.0, 0.0, 1.0],
                [1.0, 0.0, -0.0, 0.0, -0.0, 1e-06, -1.0, 0.37472, -0.0, 1.0, 1e-06, 0.0, 0.0, 0.0, 0.0, 1.0]
            ]
        },
        {
            "name": "Torso",
            "time": [0.0, 0.4167, 0.55, 0.85],
            "transform": [
                [0.923727, -0.025127, 0.382228, -0.0, 0.018336, 0.999603, 0.0214, 0.05, -0.382613, -0.012759, 0.92382, 0.0, 0.0, 0.0, 0.0, 1.0],
                [0.965662, -0.025127, 0.258583, 0.0, 0.020968, 0.999603, 0.018828, 0.05, -0.258953, -0.012759, 0.965806, -0.0, 0.0, 0.0, 0.0, 1.0],
                [0.965662, -0.025127, 0.258583, 0.0, 0.020968, 0.999603, 0.018828, 0.05, -0.258953, -0.012759, 0.965806, -0.0, 0.0, 0.0, 0.0, 1.0],
                [0.965662, -0.025127, 0.258583, 0.0, 0.020968, 0.999603, 0.018828, 0.05, -0.258953, -0.012759, 0.965806, -0.0, 0.0, 0.0, 0.0, 1.0]
            ]
        },
        {
            "name": "Chest",
            "time": [0.0, 0.1667, 0.4167, 0.55, 0.85],
            "transform": [
                [0.844429, -0.023894, 0.535135, 0.0, 0.011473, 0.999582, 0.026528, 0.3, -0.535545, -0.016261, 0.84435, -0.0, 0.0, 0.0, 0.0, 1.0],
                [0.95527, -0.023894, -0.294767, -0.0, 0.027625, 0.999582, 0.008498, 0.3, 0.294441, -0.016261, 0.955531, 0.0, 0.0, 0.0, 0.0, 1.0],
                [0.931232, -0.023894, -0.363643, -0.0, 0.028171, 0.999582, 0.006461, 0.3, 0.363337, -0.016261, 0.931516, 0.0, 0.0, 0.0, 0.0, 1.0],
                [0.908996, -0.22476, -0.351012, -0.0, 0.235546, 0.971786, -0.012274, 0.3, 0.343868, -0.071523, 0.936291, 0.0, 0.0, 0.0, 0.0, 1.0],
                [0.997431, -0.023894, 0.067533, 0.0, 0.022738, 0.999582, 0.017843, 0.3, -0.067931, -0.016261, 0.997558, -0.0, 0.0, 0.0, 0.0, 1.0]
            ]
        },
        {
            "name": "Head",
            "time": [0.0, 0.1667, 0.4167, 0.55, 0.85],
            "transform": [
                [0.913243, 0.03176, -0.406176, 0.0, -0.042433, 0.99895, -0.017296, 0.4, 0.4052, 0.033031, 0.913631, 0.0, 0.0, 0.0, 0.0, 1.0],
                [0.610424, 0.03176, 0.791438, 0.0, 0.006782, 0.99895, -0.045318, 0.4, -0.792046, 0.033031, 0.609567, 0.0, 0.0, 0.0, 0.0, 1.0],
                [0.326157, 0.03176, 0.944782, -0.0, 0.02088, 0.99895, -0.040789, 0.4, -0.945085, 0.033031, 0.325151, -0.0, 0.0, 0.0, 0.0, 1.0],
                [0.326157, 0.03176, 0.944782, 0.0, 0.02088, 0.99895, -0.040789, 0.4, -0.945085, 0.033031, 0.325151, 0.0, 0.0, 0.0, 0.0, 1.0],
                [0.989016, 0.03176, 0.144357, -0.0, -0.026637, 0.99895, -0.037285, 0.4, -0.145389, 0.033031, 0.988823, 0.0, 0.0, 0.0, 0.0, 1.0]
            ]
        },
        {
            "name": "Shoulder_R",
            "time": [0.0, 0.4167, 0.55, 0.85],
            "transform": [
                [-0.059544, 0.923942, 0.37787, 0.0, -0.044266, -0.380613, 0.923674, 0.4, 0.997243, 0.038273, 0.063562, 0.0, 0.0, 0.0, 0.0, 1.0],
                [-0.059544, 0.923942, 0.37787, -0.0, -0.044266, -0.380613, 0.923674, 0.4, 0.997244, 0.038273, 0.063562, -0.0, 0.0, 0.0, 0.0, 1.0],
                [-0.059544, 0.923942, 0.37787, 0.0, -0.044266, -0.380613, 0.923674, 0.4, 0.997244, 0.038273, 0.063562, 0.0, 0.0, 0.0, 0.0, 1.0],
                [-0.059544, 0.923942, 0.37787, -0.0, -0.044266, -0.380613, 0.923674, 0.4, 0.997244, 0.038273, 0.063562, 0.0, 0.0, 0.0, 0.0, 1.0]
            ]
        },
        {
            "name": "Arm_R",
            "time": [0.0, 0.1667, 0.4167, 0.55, 0.85],
            "transform": [
                [0.053896, -0.381368, -0.922851, 0.0, 0.731212, 0.644456, -0.223617, 0.393861, 0.680017, -0.662748, 0.313594, 0.0, 0.0, 0.0, 0.0, 1.0],
                [0.050598, -0.022371, -0.998469, -0.0, 0.734857, 0.677864, 0.022052, 0.393861, 0.676332, -0.734847, 0.050738, -0.0, 0.0, 0.0, 0.0, 1.0],
                [0.050598, -0.022371, -0.998469, -0.0, 0.734857, 0.677863, 0.022052, 0.393861, 0.676332, -0.734847, 0.050738, -0.0, 0.0, 0.0, 0.0, 1.0],
                [0.050598, -0.137517, -0.989206, -0.0, 0.734857, 0.675875, -0.056371, 0.39386, 0.676332, -0.724073, 0.135253, -0.0, 0.0, 0.0, 0.0, 1.0],
                [0.047157, -0.034167, -0.998303, -0.0, 0.871616, 0.489581, 0.024416, 0.39386, 0.487916, -0.871288, 0.052867, 0.0, 0.0, 0.0, 0.0, 1.0]
            ]
        },
        {
            "name": "Hand_R",
            "time": [0.0, 0.4167, 0.55, 0.85],
            "transform": [
                [0.999599, -0.027555, 0.006517, -0.0, 0.023395, 0.674079, -0.738289, 0.3, 0.015951, 0.738146, 0.674453, 0.0, 0.0, 0.0, 0.0, 1.0],
                [0.999599, -0.023996, -0.015032, 0.0, 0.023395, 0.998967, -0.038953, 0.3, 0.015951, 0.038585, 0.999128, 0.0, 0.0, 0.0, 0.0, 1.0],
                [0.999599, -0.028108, -0.003417, 0.0, 0.023395, 0.887848, -0.459542, 0.3, 0.015951, 0.459278, 0.888149, -0.0, 0.0, 0.0, 0.0, 1.0],
                [0.999599, -0.023996, -0.015032, 0.0, 0.023395, 0.998967, -0.038953, 0.3, 0.015951, 0.038585, 0.999128, -0.0, 0.0, 0.0, 0.0, 1.0]
            ]
        },
        {
            "name": "Tool_R",
            "time": [0.0, 0.4167, 0.55, 0.85],
            "transform": [
                [1.0, 0.0, 0.0, -0.0, 0.0, -0.999836, 0.018122, 0.272858, 0.0, -0.018122, -0.999244, 0.0, 0.0, 0.0, 0.0, 1.0],
                [1.0, 0.0, 0.0, -1e-06, 0.0, -0.999836, 0.018122, 0.272858, 0.0, -0.018122, -0.999244, 0.0, 0.0, 0.0, 0.0, 1.0],
                [1.0, 0.0, 0.0, 0.0, 0.0, -0.999836, 0.018122, 0.272858, 0.0, -0.018122, -0.999244, -0.0, 0.0, 0.0, 0.0, 1.0],
                [1.0, 0.0, 0.0, 0.0, 0.0, -0.999836, 0.018122, 0.272858, 0.0, -0.018122, -0.999244, -0.0, 0.0, 0.0, 0.0, 1.0]
            ]
        },
        {
            "name": "Elbow_R",
            "time": [0.0, 0.4167, 0.55, 0.85],
            "transform": [
                [-1.0, 0.0, 0.0, -0.0, 0.0, -0.0, -1.0, 0.3, -0.0, -1.0, 0.0, 0.0, 0.0, 0.0, 0.0, 1.0],
                [-1.0, 0.0, -0.0, 0.0, 0.0, -0.0, -1.0, 0.3, -0.0, -1.0, 0.0, 0.0, 0.0, 0.0, 0.0, 1.0],
                [-1.0, 0.0, 0.0, 0.0, 0.0, -0.0, -1.0, 0.3, -0.0, -1.0, 0.0, -0.0, 0.0, 0.0, 0.0, 1.0],
                [-1.0, 0.0, -0.0, 0.0, 0.0, -0.0, -1.0, 0.3, -0.0, -1.0, 0.0, -0.0, 0.0, 0.0, 0.0, 1.0]
            ]
        },
        {
            "name": "Shoulder_L",
            "time": [0.0, 0.4167, 0.55, 0.85],
            "transform": [
                [-0.007939, -0.952498, -0.304441, 0.0, -0.088921, -0.302572, 0.948969, 0.4, -0.996007, 0.034605, -0.082295, 0.0, 0.0, 0.0, 0.0, 1.0],
                [-0.007939, -0.952498, -0.304441, -0.0, -0.088921, -0.302572, 0.94897, 0.4, -0.996007, 0.034605, -0.082295, -0.0, 0.0, 0.0, 0.0, 1.0],
                [-0.007939, -0.952498, -0.304441, 0.0, -0.088921, -0.302572, 0.94897, 0.4, -0.996007, 0.034605, -0.082295, 0.0, 0.0, 0.0, 0.0, 1.0],
                [-0.007939, -0.952498, -0.304441, -0.0, -0.088921, -0.302572, 0.948969, 0.4, -0.996007, 0.034605, -0.082295, 0.0, 0.0, 0.0, 0.0, 1.0]
            ]
        },
        {
            "name": "Arm_L",
            "time": [0.0, 0.1667, 0.4167, 0.55, 0.7, 0.85],
            "transform": [
                [0.256122, -0.377143, 0.890037, -0.0, -0.529491, 0.715593, 0.455594, 0.39386, -0.808728, -0.587954, -0.016415, -0.0, 0.0, 0.0, 0.0, 1.0],
                [0.345983, 0.742705, 0.573311, -0.0, -0.277778, 0.664739, -0.693514, 0.393861, -0.896178, 0.080691, 0.436296, -0.0, 0.0, 0.0, 0.0, 1.0],
                [0.345983, 0.803565, 0.484334, -0.0, -0.277778, 0.580801, -0.765186, 0.39386, -0.896178, 0.130204, 0.42416, 0.0, 0.0, 0.0, 0.0, 1.0],
                [0.345983, 0.659574, 0.667277, -0.0, -0.277778, 0.751325, -0.598624, 0.39386, -0.896178, 0.021759, 0.443161, 0.0, 0.0, 0.0, 0.0, 1.0],
                [0.607658, 0.156667, 0.778593, 0.0, -0.143349, 0.985885, -0.0865, 0.39386, -0.781155, -0.059048, 0.621539, -0.0, 0.0, 0.0, 0.0, 1.0],
                [0.2326, 0.109416, 0.966398, 0.0, -0.875693, 0.455886, 0.159153, 0.39386, -0.423154, -0.883287, 0.201854, 0.0, 0.0, 0.0, 0.0, 1.0]
            ]
        },
        {
            "name": "Hand_L",
            "time": [0.0, 0.1667, 0.4167, 0.55, 0.7, 0.85],
            "transform": [
                [0.99991, 0.012923, -0.00371, 0.0, -0.012582, 0.802125, -0.597025, 0.3, -0.004739, 0.597017, 0.802215, 0.0, 0.0, 0.0, 0.0, 1.0],
                [0.99991, 0.012965, -0.00356, -0.0, -0.012582, 0.808988, -0.587691, 0.3, -0.004739, 0.587682, 0.809078, 0.0, 0.0, 0.0, 0.0, 1.0],
                [0.99991, 0.012965, -0.00356, 0.0, -0.012582, 0.808988, -0.58769, 0.3, -0.004739, 0.587682, 0.809078, 0.0, 0.0, 0.0, 0.0, 1.0],
                [0.99991, 0.011635, -0.006738, 0.0, -0.012582, 0.633079, -0.773985, 0.3, -0.004739, 0.774, 0.633168, 0.0, 0.0, 0.0, 0.0, 1.0],
                [0.99991, 0.011841, -0.006368, 0.0, -0.012582, 0.657181, -0.753628, 0.3, -0.004739, 0.75364, 0.657271, -0.0, 0.0, 0.0, 0.0, 1.0],
                [0.99991, 0.013059, 0.003198, 0.0, -0.012582, 0.992716, -0.119824, 0.3, -0.004739, 0.119773, 0.99279, -0.0, 0.0, 0.0, 0.0, 1.0]
            ]
        },
        {
            "name": "Tool_L",
            "time": [0.0, 0.1667, 0.4167, 0.55, 0.6167, 0.7, 0.7833, 0.85],
            "transform": [
                [1.0, -0.0, 0.0, 0.0, -0.0, -0.999836, 0.018122, 0.272858, 0.0, -0.018122, -0.999247, 0.0, 0.0, 0.0, 0.0, 1.0],
                [1.0, -0.0, 0.0, 0.0, 0.0, 0.148803, -0.988867, 0.229912, 0.0, 0.988287, 0.148705, 0.201773, 0.0, 0.0, 0.0, 1.0],
                [1.0, -0.0, 0.0, -0.0, 0.0, 0.148803, -0.988867, 0.229913, 0.0, 0.988287, 0.148705, 0.201773, 0.0, 0.0, 0.0, 1.0],
                [1.0, -0.0, 0.0, -0.0, 0.0, 0.148803, -0.988867, 0.229913, 0.0, 0.988287, 0.148705, 0.201773, 0.0, 0.0, 0.0, 1.0],
                [1.0, 0.0, 0.0, -0.0, 0.0, -0.914559, -0.404453, 0.23373, 0.0, 0.404205, -0.914025, 0.183838, 0.0, 0.0, 0.0, 1.0],
                [1.0, 0.0, -0.0, 0.0, 0.0, 0.390074, 0.920784, 0.247895, 0.0, -0.920238, 0.389855, 0.117285, 0.0, 0.0, 0.0, 1.0],
                [1.0, -0.0, 0.0, -0.0, 0.0, 0.139487, -0.990224, 0.247895, 0.0, 0.989643, 0.139395, 0.117285, 0.0, 0.0, 0.0, 1.0],
                [1.0, 0.0, 0.0, 0.0, 0.0, -0.994902, -0.100841, 0.235713, 0.0, 0.100771, -0.994318, -0.002833, 0.0, 0.0, 0.0, 1.0]
            ]
        },
        {
            "name": "Elbow_L",
            "time": [0.0, 0.4167, 0.55, 0.85],
            "transform": [
                [-1.0, 0.0, 0.0, 0.0, 0.0, -0.0, -1.0, 0.3, -0.0, -1.0, 0.0, 0.0, 0.0, 0.0, 0.0, 1.0],
                [-1.0, 0.0, 0.0, 0.0, 0.0, -0.0, -1.0, 0.3, -0.0, -1.0, -0.0, 0.0, 0.0, 0.0, 0.0, 1.0],
                [-1.0, 0.0, -0.0, 0.0, 0.0, 0.0, -1.0, 0.3, -0.0, -1.0, -0.0, 0.0, 0.0, 0.0, 0.0, 1.0],
                [-1.0, 0.0, -0.0, 0.0, 0.0, -0.0, -1.0, 0.3, -0.0, -1.0, -0.0, -0.0, 0.0, 0.0, 0.0, 1.0]
            ]
        }
    ]
}