{
    "animation": [
        {
            "name": "Root",
            "time": [0.0, 0.15, 0.3833, 0.5833, 0.7667, 0.8833, 1.3333],
            "transform": [
                [0.992531, 0.010023, 0.121582, -5e-06, 0.121407, 0.016502, -0.992466, 0.030328, -0.011954, 0.999814, 0.015162, 0.771957, 0.0, 0.0, 0.0, 1.0],
                [0.811544, 0.010023, -0.584206, -0.041884, -0.58429, 0.016502, -0.811377, -0.362609, 0.001508, 0.999814, 0.019249, 0.702942, 0.0, 0.0, 0.0, 1.0],
                [0.811544, 0.010023, -0.584206, -0.041884, -0.58429, 0.016502, -0.811377, -0.362609, 0.001508, 0.999814, 0.019249, 0.702942, 0.0, 0.0, 0.0, 1.0],
                [0.999942, 0.010023, 0.003833, -0.017308, 0.003667, 0.016502, -0.999857, -0.370193, -0.010085, 0.999814, 0.016464, 0.644508, 0.0, 0.0, 0.0, 1.0],
                [0.999942, 0.010023, 0.003833, 0.01781, 0.003667, 0.016502, -0.999857, -0.439774, -0.010085, 0.999814, 0.016464, 0.582637, 0.0, 0.0, 0.0, 1.0],
                [0.909942, -0.007146, 0.414673, 0.00195, 0.410997, -0.118398, -0.903916, -2.12931, 0.055556, 0.99294, -0.104798, 0.667026, 0.0, 0.0, 0.0, 1.0],
                [0.854689, 0.010023, -0.519043, -5e-06, -0.51914, 0.016502, -0.85453, -2.864852, -0.0, 0.999814, 0.019308, 0.771957, 0.0, 0.0, 0.0, 1.0]
            ]
        },
        {
            "name": "Thigh_R",
            "time": [0.0, 0.15, 0.3833, 0.5833, 0.7667, 0.8833, 1.1333, 1.3333],
            "transform": [
                [0.996122, 0.056223, -0.067664, 0.124994, 0.068868, -0.976941, 0.202086, -0.002831, -0.054742, -0.205961, -0.977028, -1.2e-05, 0.0, 0.0, 0.0, 1.0],
                [0.772505, 0.376812, -0.511124, 0.124994, 0.188828, -0.904808, -0.381658, -0.002831, -0.606283, 0.198318, -0.770124, -1.2e-05, 0.0, 0.0, 0.0, 1.0],
                [0.772505, 0.376812, -0.511124, 0.124994, 0.188828, -0.904808, -0.381658, -0.002831, -0.606283, 0.198318, -0.770124, -1.2e-05, 0.0, 0.0, 0.0, 1.0],
                [0.971257, 0.137341, 0.194411, 0.124994, 0.212912, -0.86645, -0.451585, -0.002831, 0.106426, 0.479997, -0.87079, -1.2e-05, 0.0, 0.0, 0.0, 1.0],
                [0.971257, 0.096451, 0.217613, 0.124994, 0.212912, -0.760791, -0.613076, -0.002831, 0.106426, 0.641787, -0.759462, -1.2e-05, 0.0, 0.0, 0.0, 1.0],
                [0.968831, 0.21327, 0.126024, 0.124994, 0.076992, -0.74277, 0.665104, -0.002831, 0.235454, -0.634669, -0.736041, -1.2e-05, 0.0, 0.0, 0.0, 1.0],
                [0.994625, 0.103271, -0.007478, 0.124994, 0.082807, -0.750008, 0.656223, -0.002831, 0.06216, -0.653314, -0.75453, -1.2e-05, 0.0, 0.0, 0.0, 1.0],
                [0.996122, 0.056223, -0.067664, 0.124994, 0.068868, -0.976941, 0.202086, -0.002831, -0.054742, -0.205961, -0.977028, -1.2e-05, 0.0, 0.0, 0.0, 1.0]
            ]
        },
        {
            "name": "Leg_R",
            "time": [0.0, 0.3833, 0.7667, 0.8833, 1.1333, 1.3333],
            "transform": [
                [0.998294, -0.058059, -0.006132, 0.0, 0.058095, 0.97748, 0.202875, 0.37472, -0.005785, -0.202886, 0.979185, -0.0, 0.0, 0.0, 0.0, 1.0],
                [0.998294, -0.058059, -0.006132, -0.0, 0.058095, 0.97748, 0.202875, 0.37472, -0.005785, -0.202886, 0.979185, -0.0, 0.0, 0.0, 0.0, 1.0],
                [0.998294, -0.058059, -0.006132, -0.0, 0.058095, 0.97748, 0.202875, 0.37472, -0.005785, -0.202886, 0.979185, -0.0, 0.0, 0.0, 0.0, 1.0],
                [0.996599, 0.056253, -0.060214, 0.0, -0.02867, 0.921785, 0.38664, 0.37472, 0.077254, -0.3836, 0.920262, 0.0, 0.0, 0.0, 0.0, 1.0],
                [0.998294, -0.033337, -0.047927, 0.0, 0.058094, 0.485895, 0.872084, 0.37472, -0.005785, -0.873382, 0.487003, -0.0, 0.0, 0.0, 0.0, 1.0],
                [0.998294, -0.058059, -0.006132, 0.0, 0.058094, 0.97748, 0.202875, 0.37472, -0.005785, -0.202886, 0.979185, 0.0, 0.0, 0.0, 0.0, 1.0]
            ]
        },
        {
            "name": "Knee_R",
            "time": [0.0, 0.3833, 0.7667, 0.8833, 1.3333],
            "transform": [
                [1.0, 0.0, -0.0, 0.0, -0.0, 1e-06, -1.0, 0.37472, -0.0, 1.0, 1e-06, -0.0, 0.0, 0.0, 0.0, 1.0],
                [1.0, 0.0, -0.0, -0.0, -0.0, 1e-06, -1.0, 0.37472, -0.0, 1.0, 1e-06, -0.0, 0.0, 0.0, 0.0, 1.0],
                [1.0, 0.0, -0.0, -0.0, -0.0, 1e-06, -1.0, 0.37472, -0.0, 1.0, 1e-06, -0.0, 0.0, 0.0, 0.0, 1.0],
                [1.0, 0.0, -0.0, 0.0, -0.0, 1e-06, -1.0, 0.37472, -0.0, 1.0, 1e-06, 0.0, 0.0, 0.0, 0.0, 1.0],
                [1.0, 0.0, -0.0, 0.0, -0.0, 1e-06, -1.0, 0.37472, -0.0, 1.0, 1e-06, 0.0, 0.0, 0.0, 0.0, 1.0]
            ]
        },
        {
            "name": "Thigh_L",
            "time": [0.0, 0.15, 0.3833, 0.5833, 0.7667, 0.8833, 1.3333],
            "transform": [
                [0.862919, -0.126282, -0.489308, -0.109662, -0.086164, -0.990862, 0.103769, -0.002831, -0.497941, -0.047383, -0.865915, 0.02525, 0.0, 0.0, 0.0, 1.0],
                [0.916057, -0.335626, -0.219528, -0.109662, -0.145232, -0.787858, 0.598487, -0.002831, -0.373825, -0.516366, -0.770468, 0.02525, 0.0, 0.0, 0.0, 1.0],
                [0.916057, -0.335626, -0.219528, -0.109662, -0.145232, -0.787858, 0.598487, -0.002831, -0.373825, -0.516366, -0.770468, 0.02525, 0.0, 0.0, 0.0, 1.0],
                [0.996401, -0.076817, 0.035807, -0.109662, -0.078328, -0.673307, 0.735202, -0.002831, -0.032367, -0.735361, -0.676902, 0.02525, 0.0, 0.0, 0.0, 1.0],
                [0.996401, -0.071145, 0.046059, -0.109662, -0.078328, -0.565478, 0.821035, -0.002831, -0.032367, -0.821689, -0.569016, 0.02525, 0.0, 0.0, 0.0, 1.0],
                [0.447729, -0.520764, -0.726872, -0.109662, -0.694029, -0.714945, 0.084719, -0.002831, -0.563791, 0.46654, -0.681527, 0.02525, 0.0, 0.0, 0.0, 1.0],
                [0.862919, -0.126282, -0.489308, -0.109662, -0.086164, -0.990862, 0.103769, -0.002831, -0.497941, -0.047383, -0.865915, 0.02525, 0.0, 0.0, 0.0, 1.0]
            ]
        },
        {
            "name": "Leg_L",
            "time": [0.0, 0.15, 0.3833, 0.7667, 0.8833, 1.3333],
            "transform": [
                [0.997933, 0.063289, 0.011181, 0.0, -0.064028, 0.994089, 0.087675, 0.37472, -0.005566, -0.088209, 0.996087, -0.0, 0.0, 0.0, 0.0, 1.0],
                [0.997933, 0.052354, 0.037277, 0.0, -0.064028, 0.860102, 0.506088, 0.37472, -0.005566, -0.507429, 0.861676, 0.0, 0.0, 0.0, 0.0, 1.0],
                [0.997933, 0.052354, 0.037277, 0.0, -0.064028, 0.860102, 0.506088, 0.37472, -0.005566, -0.507429, 0.861676, 0.0, 0.0, 0.0, 0.0, 1.0],
                [0.997933, 0.052354, 0.037277, 0.0, -0.064028, 0.860101, 0.506088, 0.37472, -0.005566, -0.507429, 0.861676, -0.0, 0.0, 0.0, 0.0, 1.0],
                [0.997933, 0.055578, 0.032274, 0.0, -0.064027, 0.903233, 0.424347, 0.37472, -0.005566, -0.425536, 0.904925, -0.0, 0.0, 0.0, 0.0, 1.0],
                [0.997933, 0.063289, 0.011181, -0.0, -0.064028, 0.994089, 0.087675, 0.37472, -0.005566, -0.088209, 0.996087, 0.0, 0.0, 0.0, 0.0, 1.0]
            ]
        },
        {
            "name": "Knee_L",
            "time": [0.0, 0.3833, 0.7667, 0.8833, 1.3333],
            "transform": [
                [1.0, 0.0, -0.0, 0.0, -0.0, 1e-06, -1.0, 0.37472, -0.0, 1.0, 1e-06, -0.0, 0.0, 0.0, 0.0, 1.0],
                [1.0, 0.0, -0.0, 0.0, -0.0, 1e-06, -1.0, 0.37472, -0.0, 1.0, 1e-06, 0.0, 0.0, 0.0, 0.0, 1.0],
                [1.0, 0.0, -0.0, 0.0, -0.0, 1e-06, -1.0, 0.37472, -0.0, 1.0, 1e-06, -0.0, 0.0, 0.0, 0.0, 1.0],
                [1.0, 0.0, -0.0, 0.0, -0.0, 1e-06, -1.0, 0.37472, -0.0, 1.0, 1e-06, -0.0, 0.0, 0.0, 0.0, 1.0],
                [1.0, 0.0, -0.0, -0.0, -0.0, 1e-06, -1.0, 0.37472, -0.0, 1.0, 1e-06, 0.0, 0.0, 0.0, 0.0, 1.0]
            ]
        },
        {
            "name": "Torso",
            "time": [0.0, 0.3833, 0.5833, 0.7667, 0.8833, 1.3333],
            "transform": [
                [0.965662, -0.025127, 0.258583, -0.0, 0.020968, 0.999603, 0.018828, 0.05, -0.258953, -0.012759, 0.965806, -0.0, 0.0, 0.0, 0.0, 1.0],
                [0.965662, -0.025127, 0.258583, 0.0, 0.020968, 0.999603, 0.018828, 0.05, -0.258953, -0.012759, 0.965806, 0.0, 0.0, 0.0, 0.0, 1.0],
                [0.878541, -0.025127, -0.477006, 0.0, 0.02817, 0.999603, -0.000772, 0.05, 0.476836, -0.012759, 0.8789, -0.0, 0.0, 0.0, 0.0, 1.0],
                [0.878541, -0.025127, -0.477006, -0.0, 0.02817, 0.999603, -0.000772, 0.05, 0.476836, -0.012759, 0.8789, -0.0, 0.0, 0.0, 0.0, 1.0],
                [0.965662, 0.006327, 0.259723, -0.0, 0.020968, 0.994544, -0.102188, 0.05, -0.258953, 0.104125, 0.960261, -0.0, 0.0, 0.0, 0.0, 1.0],
                [0.965662, -0.025127, 0.258583, 0.0, 0.020968, 0.999603, 0.018828, 0.05, -0.258953, -0.012759, 0.965806, -0.0, 0.0, 0.0, 0.0, 1.0]
            ]
        },
        {
            "name": "Chest",
            "time": [0.0, 0.15, 0.2833, 0.3833, 0.5833, 0.7667, 0.8833, 1.3333],
            "transform": [
                [0.957879, -0.023894, 0.286176, 0.0, 0.018235, 0.999582, 0.022424, 0.3, -0.286592, -0.016261, 0.957915, 0.0, 0.0, 0.0, 0.0, 1.0],
                [0.672968, -0.023894, -0.739286, 0.0, 0.028111, 0.999582, -0.006718, 0.3, 0.739138, -0.016261, 0.673358, 0.0, 0.0, 0.0, 0.0, 1.0],
                [0.606743, -0.023894, -0.794539, 0.0, 0.027427, 0.999582, -0.009116, 0.3, 0.794425, -0.016261, 0.607145, 0.0, 0.0, 0.0, 0.0, 1.0],
                [0.672968, -0.023894, -0.739286, 0.0, 0.028111, 0.999582, -0.006718, 0.3, 0.739138, -0.016261, 0.673358, 0.0, 0.0, 0.0, 0.0, 1.0],
                [0.795662, 0.067719, 0.601944, -0.0, -0.16935, 0.978974, 0.113715, 0.3, -0.581587, -0.192418, 0.7904, 0.0, 0.0, 0.0, 0.0, 1.0],
                [0.795662, 0.067719, 0.601944, -0.0, -0.16935, 0.978974, 0.113715, 0.3, -0.581587, -0.192418, 0.7904, 0.0, 0.0, 0.0, 0.0, 1.0],
                [0.996226, -0.063035, 0.059677, 0.0, 0.054992, 0.990255, 0.127947, 0.3, -0.06716, -0.124182, 0.989984, -0.0, 0.0, 0.0, 0.0, 1.0],
                [0.997431, -0.023894, 0.067533, 0.0, 0.022738, 0.999582, 0.017843, 0.3, -0.067931, -0.016261, 0.997558, -0.0, 0.0, 0.0, 0.0, 1.0]
            ]
        },
        {
            "name": "Head",
            "time": [0.0, 0.15, 0.3833, 0.5833, 0.7667, 0.8833, 1.3333],
            "transform": [
                [0.916978, 0.03176, -0.397672, 0.0, -0.042271, 0.99895, -0.01769, 0.4, 0.396692, 0.033031, 0.917357, -0.0, 0.0, 0.0, 0.0, 1.0],
                [0.869642, 0.03176, 0.492661, -0.0, -0.011329, 0.99895, -0.0444, 0.4, -0.493554, 0.033031, 0.869088, -0.0, 0.0, 0.0, 0.0, 1.0],
                [0.869642, 0.03176, 0.492661, -0.0, -0.011329, 0.99895, -0.0444, 0.4, -0.493554, 0.033031, 0.869088, -0.0, 0.0, 0.0, 0.0, 1.0],
                [0.989668, 0.03176, 0.139819, 0.0, -0.026807, 0.99895, -0.037163, 0.4, -0.140852, 0.033031, 0.989479, 0.0, 0.0, 0.0, 0.0, 1.0],
                [0.989668, 0.03176, 0.139819, 0.0, -0.026807, 0.99895, -0.037163, 0.4, -0.140852, 0.033031, 0.989479, 0.0, 0.0, 0.0, 0.0, 1.0],
                [0.931696, -0.027987, -0.36216, 0.0, -0.009733, 0.994746, -0.101911, 0.4, 0.363109, 0.098476, 0.926528, 0.0, 0.0, 0.0, 0.0, 1.0],
                [0.989016, 0.03176, 0.144357, -0.0, -0.026637, 0.99895, -0.037285, 0.4, -0.145389, 0.033031, 0.988823, -0.0, 0.0, 0.0, 0.0, 1.0]
            ]
        },
        {
            "name": "Shoulder_R",
            "time": [0.0, 0.3833, 0.5833, 0.7667, 0.8833, 1.3333],
            "transform": [
                [-0.059544, 0.923942, 0.37787, 0.0, -0.044266, -0.380613, 0.923674, 0.4, 0.997244, 0.038273, 0.063562, -0.0, 0.0, 0.0, 0.0, 1.0],
                [-0.059544, 0.923942, 0.37787, -0.0, -0.044266, -0.380613, 0.923674, 0.4, 0.997244, 0.038273, 0.063562, -0.0, 0.0, 0.0, 0.0, 1.0],
                [0.186363, 0.906908, 0.37787, 0.0, -0.143128, -0.355444, 0.923674, 0.4, 0.971999, -0.226223, 0.063562, 0.0, 0.0, 0.0, 0.0, 1.0],
                [0.186363, 0.906908, 0.37787, 0.0, -0.143128, -0.355444, 0.923674, 0.4, 0.971999, -0.226223, 0.063562, 0.0, 0.0, 0.0, 0.0, 1.0],
                [-0.059544, 0.923942, 0.37787, 0.0, -0.044266, -0.380613, 0.923674, 0.4, 0.997244, 0.038273, 0.063562, 0.0, 0.0, 0.0, 0.0, 1.0],
                [-0.059544, 0.923942, 0.37787, -0.0, -0.044266, -0.380613, 0.923674, 0.4, 0.997244, 0.038273, 0.063562, -0.0, 0.0, 0.0, 0.0, 1.0]
            ]
        },
        {
            "name": "Arm_R",
            "time": [0.0, 0.3833, 0.5833, 0.7667, 0.8833, 0.9833, 1.1167, 1.3333],
            "transform": [
                [0.055018, -0.352677, -0.934126, 0.0, 0.692956, 0.687048, -0.21858, 0.393861, 0.718878, -0.635282, 0.28219, 0.0, 0.0, 0.0, 0.0, 1.0],
                [0.190315, -0.190074, -0.963147, -0.0, 0.363832, 0.924872, -0.110628, 0.39386, 0.911815, -0.32937, 0.245172, 0.0, 0.0, 0.0, 0.0, 1.0],
                [0.036301, -0.82434, -0.56493, 0.0, 0.118732, 0.564856, -0.816603, 0.39386, 0.992263, -0.037432, 0.11838, -0.0, 0.0, 0.0, 0.0, 1.0],
                [0.036301, -0.804935, -0.592251, 0.0, 0.118732, 0.591918, -0.797205, 0.39386, 0.992263, -0.04138, 0.117059, -0.0, 0.0, 0.0, 0.0, 1.0],
                [0.537058, -0.353321, 0.765985, -0.0, 0.839761, 0.13803, -0.525117, 0.393861, 0.079806, 0.925263, 0.370835, -0.0, 0.0, 0.0, 0.0, 1.0],
                [0.456423, -0.567073, 0.685643, -0.0, 0.88158, 0.183946, -0.434719, 0.393861, 0.120396, 0.802865, 0.583877, 0.0, 0.0, 0.0, 0.0, 1.0],
                [0.367492, -0.897387, -0.244227, -0.0, 0.849804, 0.430702, -0.303857, 0.393861, 0.377866, -0.09588, 0.920882, 0.0, 0.0, 0.0, 0.0, 1.0],
                [0.047157, -0.034167, -0.998303, -0.0, 0.871616, 0.489581, 0.024416, 0.39386, 0.487916, -0.871288, 0.052867, 0.0, 0.0, 0.0, 0.0, 1.0]
            ]
        },
        {
            "name": "Hand_R",
            "time": [0.0, 0.1667, 0.3833, 0.5833, 0.7667, 0.8833, 1.3333],
            "transform": [
                [0.999599, -0.023996, -0.015032, 0.0, 0.023395, 0.998967, -0.038953, 0.3, 0.015951, 0.038585, 0.999128, 0.0, 0.0, 0.0, 0.0, 1.0],
                [0.997468, 0.021642, -0.067741, -0.0, -0.060556, 0.75792, -0.649531, 0.3, 0.037285, 0.651989, 0.757311, 0.0, 0.0, 0.0, 0.0, 1.0],
                [0.99172, 0.106829, -0.071263, -0.0, -0.119593, 0.970473, -0.209475, 0.3, 0.046781, 0.216264, 0.975214, 0.0, 0.0, 0.0, 0.0, 1.0],
                [0.99172, 0.076265, -0.103318, 0.0, -0.119593, 0.841589, -0.526713, 0.3, 0.046781, 0.534707, 0.843741, 0.0, 0.0, 0.0, 0.0, 1.0],
                [0.99172, 0.094481, -0.086972, 0.0, -0.119593, 0.926231, -0.357483, 0.3, 0.046781, 0.364924, 0.929861, -0.0, 0.0, 0.0, 0.0, 1.0],
                [0.999012, -0.042224, 0.013863, 0.0, 0.04366, 0.874202, -0.483596, 0.3, 0.0083, 0.483724, 0.875181, -0.0, 0.0, 0.0, 0.0, 1.0],
                [0.999599, -0.023996, -0.015032, 0.0, 0.023395, 0.998967, -0.038953, 0.3, 0.015951, 0.038585, 0.999128, -0.0, 0.0, 0.0, 0.0, 1.0]
            ]
        },
        {
            "name": "Tool_R",
            "time": [0.0, 0.1, 0.1833, 0.3833, 0.7667, 0.8833, 1.3333],
            "transform": [
                [1.0, 0.0, 0.0, 0.0, 0.0, -0.999836, 0.018122, 0.272858, 0.0, -0.018122, -0.999244, -0.0, 0.0, 0.0, 0.0, 1.0],
                [1.0, 0.0, 0.0, 0.0, 0.0, -0.511419, 0.859331, 0.272858, 0.0, -0.858829, -0.511107, 0.0, 0.0, 0.0, 0.0, 1.0],
                [1.0, -1e-06, -1e-06, -0.0, 0.0, 0.903349, -0.428907, 0.272858, 1e-06, 0.428663, 0.902809, 0.0, 0.0, 0.0, 0.0, 1.0],
                [1.0, 1e-06, 1e-06, 0.0, 1e-06, -0.994046, 0.108965, 0.272858, 1e-06, -0.108911, -0.993456, 0.0, 0.0, 0.0, 0.0, 1.0],
                [1.0, 1e-06, 1e-06, -0.0, 1e-06, -0.994046, 0.108965, 0.272858, 1e-06, -0.108911, -0.993456, 0.0, 0.0, 0.0, 0.0, 1.0],
                [1.0, 0.0, 0.0, -0.0, 0.0, -0.999836, 0.018122, 0.272858, 0.0, -0.018122, -0.999244, 0.0, 0.0, 0.0, 0.0, 1.0],
                [1.0, 0.0, 0.0, 0.0, 0.0, -0.999836, 0.018122, 0.272858, 0.0, -0.018122, -0.999244, -0.0, 0.0, 0.0, 0.0, 1.0]
            ]
        },
        {
            "name": "Elbow_R",
            "time": [0.0, 0.3833, 0.7667, 0.8833, 1.3333],
            "transform": [
                [-1.0, 0.0, -0.0, 0.0, 0.0, -0.0, -1.0, 0.3, -0.0, -1.0, 0.0, 0.0, 0.0, 0.0, 0.0, 1.0],
                [-1.0, 0.0, 0.0, -0.0, -0.0, -0.0, -1.0, 0.3, -0.0, -1.0, 0.0, 0.0, 0.0, 0.0, 0.0, 1.0],
                [-1.0, 0.0, -0.0, 0.0, 0.0, 0.0, -1.0, 0.3, -0.0, -1.0, 0.0, -0.0, 0.0, 0.0, 0.0, 1.0],
                [-1.0, 0.0, -0.0, 0.0, 0.0, -0.0, -1.0, 0.3, -0.0, -1.0, 0.0, -0.0, 0.0, 0.0, 0.0, 1.0],
                [-1.0, 0.0, -0.0, 0.0, 0.0, -0.0, -1.0, 0.3, -0.0, -1.0, 0.0, -0.0, 0.0, 0.0, 0.0, 1.0]
            ]
        },
        {
            "name": "Shoulder_L",
            "time": [0.0, 0.3833, 0.7667, 0.8833, 1.3333],
            "transform": [
                [-0.007939, -0.952498, -0.304441, 0.0, -0.088921, -0.302572, 0.94897, 0.4, -0.996007, 0.034605, -0.082295, -0.0, 0.0, 0.0, 0.0, 1.0],
                [-0.007939, -0.952498, -0.304441, -0.0, -0.088921, -0.302572, 0.94897, 0.4, -0.996007, 0.034605, -0.082295, -0.0, 0.0, 0.0, 0.0, 1.0],
                [-0.007939, -0.952498, -0.304441, 0.0, -0.088921, -0.302572, 0.94897, 0.4, -0.996007, 0.034605, -0.082295, 0.0, 0.0, 0.0, 0.0, 1.0],
                [-0.007939, -0.952498, -0.304441, 0.0, -0.088921, -0.302572, 0.94897, 0.4, -0.996007, 0.034605, -0.082295, 0.0, 0.0, 0.0, 0.0, 1.0],
                [-0.007939, -0.952498, -0.304441, -0.0, -0.088921, -0.302572, 0.948969, 0.4, -0.996007, 0.034605, -0.082295, -0.0, 0.0, 0.0, 0.0, 1.0]
            ]
        },
        {
            "name": "Arm_L",
            "time": [0.0, 0.15, 0.3833, 0.5833, 0.7667, 0.8833, 1.3333],
            "transform": [
                [0.256684, -0.22668, 0.939537, 0.0, -0.639386, 0.689157, 0.340953, 0.39386, -0.724775, -0.688244, 0.03196, -0.0, 0.0, 0.0, 0.0, 1.0],
                [0.33235, 0.707312, 0.623901, -0.0, 0.190371, 0.59758, -0.778882, 0.39386, -0.923743, 0.377634, 0.063954, -0.0, 0.0, 0.0, 0.0, 1.0],
                [0.33235, 0.763569, 0.553629, -0.0, 0.190371, 0.520604, -0.832304, 0.39386, -0.923744, 0.382011, 0.027662, -0.0, 0.0, 0.0, 0.0, 1.0],
                [8e-05, 0.962574, -0.271019, 0.0, 0.182734, -0.26647, -0.946363, 0.39386, -0.983162, -0.049449, -0.175916, -0.0, 0.0, 0.0, 0.0, 1.0],
                [8e-05, 0.962574, -0.271019, -0.0, 0.182734, -0.26647, -0.946363, 0.39386, -0.983162, -0.049449, -0.175916, -0.0, 0.0, 0.0, 0.0, 1.0],
                [0.702883, 0.156452, 0.693887, 0.0, -0.635094, 0.577347, 0.513152, 0.39386, -0.32033, -0.801369, 0.505169, -0.0, 0.0, 0.0, 0.0, 1.0],
                [0.2326, 0.109416, 0.966398, 0.0, -0.875693, 0.455886, 0.159153, 0.39386, -0.423154, -0.883287, 0.201854, 0.0, 0.0, 0.0, 0.0, 1.0]
            ]
        },
        {
            "name": "Hand_L",
            "time": [0.0, 0.3833, 0.7667, 0.8833, 1.3333],
            "transform": [
                [0.99991, 0.013395, -0.001155, 0.0, -0.012582, 0.90201, -0.431532, 0.3, -0.004739, 0.431507, 0.902097, 0.0, 0.0, 0.0, 0.0, 1.0],
                [0.99991, 0.013395, -0.001155, 0.0, -0.012582, 0.90201, -0.431532, 0.3, -0.004739, 0.431507, 0.902097, -0.0, 0.0, 0.0, 0.0, 1.0],
                [0.99991, 0.013395, -0.001155, -0.0, -0.012582, 0.90201, -0.431532, 0.3, -0.004739, 0.431507, 0.902097, -0.0, 0.0, 0.0, 0.0, 1.0],
                [0.99991, 0.01255, 0.004823, 0.0, -0.012582, 0.999899, 0.006635, 0.3, -0.004739, -0.006695, 0.999967, -0.0, 0.0, 0.0, 0.0, 1.0],
                [0.99991, 0.013059, 0.003198, 0.0, -0.012582, 0.992716, -0.119824, 0.3, -0.004739, 0.119773, 0.99279, -0.0, 0.0, 0.0, 0.0, 1.0]
            ]
        },
        {
            "name": "Tool_L",
            "time": [0.0, 0.15, 0.3833, 0.7667, 0.8833, 1.3333],
            "transform": [
                [1.0, 0.0, 0.0, -0.0, -0.0, -0.999836, 0.018122, 0.272858, 0.0, -0.018122, -0.999247, 0.0, 0.0, 0.0, 0.0, 1.0],
                [1.0, -0.0, 0.0, -0.0, 0.0, 0.416885, -0.908959, 0.232669, 0.0, 0.908429, 0.41663, 0.328005, 0.0, 0.0, 0.0, 1.0],
                [1.0, -0.0, 0.0, 0.0, 0.0, 0.416885, -0.908959, 0.232669, 0.0, 0.908429, 0.41663, 0.328005, 0.0, 0.0, 0.0, 1.0],
                [1.0, -0.0, 0.0, -0.0, 0.0, 0.416885, -0.908959, 0.232669, -0.0, 0.908429, 0.41663, 0.328005, 0.0, 0.0, 0.0, 1.0],
                [1.0, 0.0, 0.0, 0.0, 0.0, -0.999836, 0.018122, 0.272858, 0.0, -0.018122, -0.999247, -0.0, 0.0, 0.0, 0.0, 1.0],
                [1.0, 0.0, 0.0, 0.0, 0.0, -0.999836, 0.018122, 0.272858, 0.0, -0.018122, -0.999247, 0.0, 0.0, 0.0, 0.0, 1.0]
            ]
        },
        {
            "name": "Elbow_L",
            "time": [0.0, 0.3833, 0.7667, 0.8833, 1.3333],
            "transform": [
                [-1.0, 0.0, -0.0, 0.0, 0.0, -0.0, -1.0, 0.3, -0.0, -1.0, -0.0, 0.0, 0.0, 0.0, 0.0, 1.0],
                [-1.0, 0.0, -0.0, 0.0, 0.0, -0.0, -1.0, 0.3, -0.0, -1.0, 0.0, -0.0, 0.0, 0.0, 0.0, 1.0],
                [-1.0, 0.0, -0.0, -0.0, 0.0, -0.0, -1.0, 0.3, -0.0, -1.0, -0.0, -0.0, 0.0, 0.0, 0.0, 1.0],
                [-1.0, 0.0, -0.0, 0.0, 0.0, -0.0, -1.0, 0.3, -0.0, -1.0, -0.0, -0.0, 0.0, 0.0, 0.0, 1.0],
                [-1.0, 0.0, -0.0, 0.0, 0.0, -0.0, -1.0, 0.3, -0.0, -1.0, -0.0, -0.0, 0.0, 0.0, 0.0, 1.0]
            ]
        }
    ]
}