{
    
    "animation": [
        {
            "name": "Root",
            "time": [0.0, 1.3167, 2.6667],
            "transform": [
                [0.991696, 0.0, -0.128603, -5e-06, -0.128603, 0.0, -0.991696, 0.000946, 0.0, 1.0, 0.0, 0.755725, 0.0, 0.0, 0.0, 1.0],
                [0.991696, 0.0, -0.128603, -5e-06, -0.128603, 0.0, -0.991696, 0.000946, 0.0, 1.0, 0.0, 0.747803, 0.0, 0.0, 0.0, 1.0],
                [0.991696, 0.0, -0.128603, -5e-06, -0.128603, 0.0, -0.991696, 0.000946, 0.0, 1.0, 0.0, 0.755725, 0.0, 0.0, 0.0, 1.0]
            ]
        },
        {
            "name": "Thigh_R",
            "time": [0.0, 1.3167, 2.6667],
            "transform": [
                [0.864378, 0.107235, 0.491276, 0.124994, 0.198861, -0.970246, -0.138102, -0.002831, 0.46185, 0.217068, -0.859986, -1.2e-05, 0.0, 0.0, 0.0, 1.0],
                [0.864377, 0.066562, 0.498418, 0.124994, 0.198861, -0.955643, -0.21725, -0.002831, 0.46185, 0.286901, -0.839275, -1.2e-05, 0.0, 0.0, 0.0, 1.0],
                [0.864378, 0.107235, 0.491276, 0.124994, 0.198861, -0.970246, -0.138102, -0.002831, 0.46185, 0.217068, -0.859986, -1.2e-05, 0.0, 0.0, 0.0, 1.0]
            ]
        },
        {
            "name": "Leg_R",
            "time": [0.0, 2.6667],
            "transform": [
                [1.0, -0.0, 2e-06, 0.0, -0.0, 0.966099, 0.258173, 0.37472, -2e-06, -0.258173, 0.966098, 0.0, 0.0, 0.0, 0.0, 1.0],
                [1.0, -0.0, 2e-06, 0.0, -0.0, 0.966099, 0.258173, 0.37472, -2e-06, -0.258173, 0.966098, 0.0, 0.0, 0.0, 0.0, 1.0]
            ]
        },
        {
            "name": "Knee_R",
            "time": [0.0, 2.6667],
            "transform": [
                [1.0, 0.0, -0.0, 0.0, -0.0, 1e-06, -1.0, 0.37472, -0.0, 1.0, 1e-06, 0.0, 0.0, 0.0, 0.0, 1.0],
                [1.0, 0.0, -0.0, 0.0, -0.0, 1e-06, -1.0, 0.37472, -0.0, 1.0, 1e-06, 0.0, 0.0, 0.0, 0.0, 1.0]
            ]
        },
        {
            "name": "Thigh_L",
            "time": [0.0, 1.3167, 2.6667],
            "transform": [
                [0.980512, -0.091834, -0.173673, -0.125006, -0.00329, -0.891574, 0.452862, -0.002831, -0.19643, -0.443466, -0.874502, -1.2e-05, 0.0, 0.0, 0.0, 1.0],
                [0.980512, -0.086392, -0.176443, -0.125006, -0.00329, -0.905217, 0.424936, -0.002831, -0.19643, -0.416074, -0.887861, -1.2e-05, 0.0, 0.0, 0.0, 1.0],
                [0.980512, -0.091834, -0.173673, -0.125006, -0.00329, -0.891574, 0.452862, -0.002831, -0.19643, -0.443466, -0.874502, -1.2e-05, 0.0, 0.0, 0.0, 1.0]
            ]
        },
        {
            "name": "Leg_L",
            "time": [0.0, 2.6667],
            "transform": [
                [1.0, -1e-06, 1e-06, -0.0, 0.0, 0.909188, 0.416386, 0.37472, -1e-06, -0.416385, 0.909188, 0.0, 0.0, 0.0, 0.0, 1.0],
                [1.0, -1e-06, 1e-06, -0.0, 0.0, 0.909188, 0.416386, 0.37472, -1e-06, -0.416385, 0.909188, 0.0, 0.0, 0.0, 0.0, 1.0]
            ]
        },
        {
            "name": "Knee_L",
            "time": [0.0, 2.6667],
            "transform": [
                [1.0, 0.0, -0.0, -0.0, -0.0, 1e-06, -1.0, 0.37472, -0.0, 1.0, 1e-06, 0.0, 0.0, 0.0, 0.0, 1.0],
                [1.0, 0.0, -0.0, -0.0, -0.0, 1e-06, -1.0, 0.37472, -0.0, 1.0, 1e-06, 0.0, 0.0, 0.0, 0.0, 1.0]
            ]
        },
        {
            "name": "Torso",
            "time": [0.0, 2.6667],
            "transform": [
                [0.953545, -0.020971, -0.30052, -0.0, 0.02566, 0.999603, 0.011664, 0.05, 0.300156, -0.018833, 0.953704, 0.0, 0.0, 0.0, 0.0, 1.0],
                [0.953545, -0.020971, -0.30052, -0.0, 0.02566, 0.999603, 0.011664, 0.05, 0.300156, -0.018833, 0.953704, 0.0, 0.0, 0.0, 0.0, 1.0]
            ]
        },
        {
            "name": "Chest",
            "time": [0.0, 1.3167, 2.6667],
            "transform": [
                [0.954866, -0.021411, 0.296263, 0.0, 0.014747, 0.999586, 0.024712, 0.3, -0.296669, -0.019228, 0.954787, -0.0, 0.0, 0.0, 0.0, 1.0],
                [0.954866, -0.043271, 0.293867, 0.0, 0.014747, 0.995018, 0.098595, 0.3, -0.296669, -0.089811, 0.950748, -0.0, 0.0, 0.0, 0.0, 1.0],
                [0.954866, -0.021411, 0.296263, 0.0, 0.014747, 0.999586, 0.024712, 0.3, -0.296669, -0.019228, 0.954787, -0.0, 0.0, 0.0, 0.0, 1.0]
            ]
        },
        {
            "name": "Head",
            "time": [0.0, 2.6667],
            "transform": [
                [0.992524, 0.037721, 0.116071, 0.0, -0.03165, 0.998055, -0.053712, 0.4, -0.117871, 0.049637, 0.991787, 0.0, 0.0, 0.0, 0.0, 1.0],
                [0.992524, 0.037721, 0.116071, 0.0, -0.03165, 0.998055, -0.053712, 0.4, -0.117871, 0.049637, 0.991787, 0.0, 0.0, 0.0, 0.0, 1.0]
            ]
        },
        {
            "name": "Shoulder_R",
            "time": [0.0, 2.6667],
            "transform": [
                [0.640634, 0.706208, 0.301428, 0.0, -0.184127, -0.239819, 0.953197, 0.4, 0.745443, -0.666151, -0.023605, 0.0, 0.0, 0.0, 0.0, 1.0],
                [0.640634, 0.706208, 0.301428, 0.0, -0.184127, -0.239819, 0.953197, 0.4, 0.745443, -0.666151, -0.023605, 0.0, 0.0, 0.0, 0.0, 1.0]
            ]
        },
        {
            "name": "Arm_R",
            "time": [0.0, 1.3167, 2.6667],
            "transform": [
                [0.22059, -0.937747, -0.268273, -0.0, 0.903841, 0.299915, -0.30516, 0.39386, 0.366622, -0.175161, 0.913732, 0.0, 0.0, 0.0, 0.0, 1.0],
                [0.22059, -0.905671, -0.362076, -0.0, 0.903841, 0.329342, -0.27314, 0.393861, 0.366622, -0.267007, 0.891232, 0.0, 0.0, 0.0, 0.0, 1.0],
                [0.22059, -0.937747, -0.268273, -0.0, 0.903841, 0.299915, -0.30516, 0.39386, 0.366622, -0.175161, 0.913732, 0.0, 0.0, 0.0, 0.0, 1.0]
            ]
        },
        {
            "name": "Hand_R",
            "time": [0.0, 1.3167, 2.6667],
            "transform": [
                [0.999985, 0.00555, 0.000143, -0.0, -0.00125, 0.25027, -0.968175, 0.3, -0.005409, 0.96816, 0.250274, -0.0, 0.0, 0.0, 0.0, 1.0],
                [0.999985, 0.005428, -0.001163, 0.0, -0.00125, 0.016024, -0.999871, 0.3, -0.005409, 0.999857, 0.016031, 0.0, 0.0, 0.0, 0.0, 1.0],
                [0.999985, 0.00555, 0.000143, -0.0, -0.00125, 0.25027, -0.968175, 0.3, -0.005409, 0.96816, 0.250274, -0.0, 0.0, 0.0, 0.0, 1.0]
            ]
        },
        {
            "name": "Tool_R",
            "time": [0.0, 2.6667],
            "transform": [
                [1.0, 0.0, 0.0, -0.0, 0.0, -0.999836, 0.018122, 0.272858, 0.0, -0.018122, -0.999244, 0.0, 0.0, 0.0, 0.0, 1.0],
                [1.0, 0.0, 0.0, -0.0, 0.0, -0.999836, 0.018122, 0.272858, 0.0, -0.018122, -0.999244, 0.0, 0.0, 0.0, 0.0, 1.0]
            ]
        },
        {
            "name": "Elbow_R",
            "time": [0.0, 2.6667],
            "transform": [
                [-1.0, 0.0, 0.0, -0.0, -0.0, 0.752098, -0.659051, 0.3, -0.0, -0.659051, -0.752098, -0.0, 0.0, 0.0, 0.0, 1.0],
                [-1.0, 0.0, 0.0, -0.0, -0.0, 0.752098, -0.659051, 0.3, -0.0, -0.659051, -0.752098, -0.0, 0.0, 0.0, 0.0, 1.0]
            ]
        },
        {
            "name": "Shoulder_L",
            "time": [0.0, 2.6667],
            "transform": [
                [0.474242, -0.827279, -0.301172, 0.0, 0.121964, -0.277055, 0.953082, 0.4, -0.871906, -0.488724, -0.030493, 0.0, 0.0, 0.0, 0.0, 1.0],
                [0.474242, -0.827279, -0.301172, 0.0, 0.121964, -0.277055, 0.953082, 0.4, -0.871906, -0.488724, -0.030493, 0.0, 0.0, 0.0, 0.0, 1.0]
            ]
        },
        {
            "name": "Arm_L",
            "time": [0.0, 1.3167, 2.6667],
            "transform": [
                [0.402193, 0.915517, 0.008275, 0.0, -0.848136, 0.375966, -0.373249, 0.39386, -0.344827, 0.1431, 0.927694, 0.0, 0.0, 0.0, 0.0, 1.0],
                [0.402193, 0.901843, 0.157858, 0.0, -0.848136, 0.431935, -0.306752, 0.39386, -0.344827, -0.010512, 0.938608, -0.0, 0.0, 0.0, 0.0, 1.0],
                [0.402193, 0.915517, 0.008275, 0.0, -0.848136, 0.375966, -0.373249, 0.39386, -0.344827, 0.1431, 0.927694, 0.0, 0.0, 0.0, 0.0, 1.0]
            ]
        },
        {
            "name": "Hand_L",
            "time": [0.0, 1.3167, 2.6667],
            "transform": [
                [0.99932, -0.012006, 0.034872, -0.0, 0.036869, 0.348999, -0.936398, 0.3, -0.000928, 0.937047, 0.349204, 0.0, 0.0, 0.0, 0.0, 1.0],
                [0.99932, -0.0052, 0.036513, -0.0, 0.036869, 0.165789, -0.985472, 0.3, -0.000928, 0.986148, 0.165868, 0.0, 0.0, 0.0, 0.0, 1.0],
                [0.99932, -0.012006, 0.034872, -0.0, 0.036869, 0.348999, -0.936398, 0.3, -0.000928, 0.937047, 0.349204, 0.0, 0.0, 0.0, 0.0, 1.0]
            ]
        },
        {
            "name": "Tool_L",
            "time": [0.0, 2.6667],
            "transform": [
                [1.0, 0.0, 0.0, -0.0, 0.0, -0.999836, 0.018122, 0.272858, 0.0, -0.018122, -0.999247, -0.0, 0.0, 0.0, 0.0, 1.0],
                [1.0, 0.0, 0.0, -0.0, 0.0, -0.999836, 0.018122, 0.272858, 0.0, -0.018122, -0.999247, -0.0, 0.0, 0.0, 0.0, 1.0]
            ]
        },
        {
            "name": "Elbow_L",
            "time": [0.0, 2.6667],
            "transform": [
                [-1.0, 0.0, 0.0, -0.0, 0.0, 0.931138, -0.364666, 0.3, -0.0, -0.364666, -0.931138, 0.0, 0.0, 0.0, 0.0, 1.0],
                [-1.0, 0.0, 0.0, -0.0, 0.0, 0.931138, -0.364666, 0.3, -0.0, -0.364666, -0.931138, 0.0, 0.0, 0.0, 0.0, 1.0]
            ]
        }
    ]
}