{
    
    "animation": [
        {
            "name": "Root",
            "time": [0.0, 0.0833, 0.3167, 0.4],
            "transform": [
                [0.991696, 0.016879, -0.127491, -5e-06, -0.128603, 0.130157, -0.983118, 0.000946, 0.0, 0.99135, 0.131247, 0.755725, 0.0, 0.0, 0.0, 1.0],
                [0.991696, 0.016879, -0.127491, -5e-06, -0.128603, 0.130157, -0.983118, 0.000946, 0.0, 0.99135, 0.131247, 0.755725, 0.0, 0.0, 0.0, 1.0],
                [0.991696, 6.5e-05, -0.128603, 0.024614, -0.128603, 0.000499, -0.991696, -0.301818, 0.0, 1.0, 0.000503, 0.676498, 0.0, 0.0, 0.0, 1.0],
                [0.991696, 6.5e-05, -0.128603, 0.024614, -0.128603, 0.000499, -0.991696, -0.301818, 0.0, 1.0, 0.000503, 0.676498, 0.0, 0.0, 0.0, 1.0]
            ]
        },
        {
            "name": "Thigh_R",
            "time": [0.0, 0.0833, 0.2667, 0.4],
            "transform": [
                [0.864378, 0.107235, 0.491276, 0.124994, 0.198861, -0.970246, -0.138102, -0.002831, 0.46185, 0.217068, -0.859986, -1.2e-05, 0.0, 0.0, 0.0, 1.0],
                [0.864378, 0.107235, 0.491276, 0.124994, 0.198861, -0.970246, -0.138102, -0.002831, 0.46185, 0.217068, -0.859986, -1.2e-05, 0.0, 0.0, 0.0, 1.0],
                [0.969977, 0.107235, 0.218277, 0.124994, 0.150027, -0.970246, -0.190026, -0.002831, 0.191405, 0.217068, -0.957207, -1.2e-05, 0.0, 0.0, 0.0, 1.0],
                [0.864377, 0.107235, 0.491276, 0.124994, 0.198861, -0.970246, -0.138102, -0.002831, 0.46185, 0.217068, -0.859986, -1.2e-05, 0.0, 0.0, 0.0, 1.0]
            ]
        },
        {
            "name": "Leg_R",
            "time": [0.0, 0.0833, 0.2667, 0.4],
            "transform": [
                [1.0, -0.0, 2e-06, -0.0, -0.0, 0.966099, 0.258173, 0.37472, -2e-06, -0.258173, 0.966098, -0.0, 0.0, 0.0, 0.0, 1.0],
                [1.0, -0.0, 2e-06, -0.0, -0.0, 0.966099, 0.258173, 0.37472, -2e-06, -0.258173, 0.966098, -0.0, 0.0, 0.0, 0.0, 1.0],
                [1.0, -1e-06, 2e-06, -0.0, -0.0, 0.797067, 0.603892, 0.37472, -2e-06, -0.603893, 0.797065, -0.0, 0.0, 0.0, 0.0, 1.0],
                [1.0, -0.0, 2e-06, 0.0, -0.0, 0.966099, 0.258173, 0.37472, -2e-06, -0.258173, 0.966098, -0.0, 0.0, 0.0, 0.0, 1.0]
            ]
        },
        {
            "name": "Knee_R",
            "time": [0.0, 0.0833, 0.4],
            "transform": [
                [1.0, 0.0, -0.0, -0.0, -0.0, 1e-06, -1.0, 0.37472, -0.0, 1.0, 1e-06, -0.0, 0.0, 0.0, 0.0, 1.0],
                [1.0, 0.0, -0.0, -0.0, -0.0, 1e-06, -1.0, 0.37472, -0.0, 1.0, 1e-06, -0.0, 0.0, 0.0, 0.0, 1.0],
                [1.0, 0.0, -0.0, 0.0, -0.0, 1e-06, -1.0, 0.37472, -0.0, 1.0, 1e-06, -0.0, 0.0, 0.0, 0.0, 1.0]
            ]
        },
        {
            "name": "Thigh_L",
            "time": [0.0, 0.0833, 0.2667, 0.4],
            "transform": [
                [0.980512, -0.091834, -0.173673, -0.125006, -0.00329, -0.891574, 0.452862, -0.002831, -0.19643, -0.443466, -0.874502, -1.2e-05, 0.0, 0.0, 0.0, 1.0],
                [0.980512, -0.091834, -0.173673, -0.125006, -0.00329, -0.891574, 0.452862, -0.002831, -0.19643, -0.443466, -0.874502, -1.2e-05, 0.0, 0.0, 0.0, 1.0],
                [0.980512, -0.126872, -0.149997, -0.125006, -0.00329, -0.774008, 0.633167, -0.002831, -0.19643, -0.620334, -0.759342, -1.2e-05, 0.0, 0.0, 0.0, 1.0],
                [0.980512, -0.126872, -0.149997, -0.125006, -0.00329, -0.774008, 0.633167, -0.002831, -0.19643, -0.620334, -0.759342, -1.2e-05, 0.0, 0.0, 0.0, 1.0]
            ]
        },
        {
            "name": "Leg_L",
            "time": [0.0, 0.0833, 0.2667, 0.4],
            "transform": [
                [1.0, -1e-06, 1e-06, 0.0, 0.0, 0.909188, 0.416386, 0.37472, -1e-06, -0.416385, 0.909189, 0.0, 0.0, 0.0, 0.0, 1.0],
                [1.0, -1e-06, 1e-06, 0.0, 0.0, 0.909188, 0.416386, 0.37472, -1e-06, -0.416385, 0.909189, 0.0, 0.0, 0.0, 0.0, 1.0],
                [1.0, -1e-06, 0.0, 0.0, 0.0, 0.820206, 0.572068, 0.37472, -1e-06, -0.572068, 0.820207, -0.0, 0.0, 0.0, 0.0, 1.0],
                [1.0, -1e-06, 1e-06, -0.0, 0.0, 0.909188, 0.416386, 0.37472, -1e-06, -0.416385, 0.909189, 0.0, 0.0, 0.0, 0.0, 1.0]
            ]
        },
        {
            "name": "Knee_L",
            "time": [0.0, 0.0833, 0.4],
            "transform": [
                [1.0, 0.0, -0.0, 0.0, -0.0, 1e-06, -1.0, 0.37472, -0.0, 1.0, 1e-06, 0.0, 0.0, 0.0, 0.0, 1.0],
                [1.0, 0.0, -0.0, 0.0, -0.0, 1e-06, -1.0, 0.37472, -0.0, 1.0, 1e-06, 0.0, 0.0, 0.0, 0.0, 1.0],
                [1.0, 0.0, -0.0, -0.0, -0.0, 1e-06, -1.0, 0.37472, -0.0, 1.0, 1e-06, 0.0, 0.0, 0.0, 0.0, 1.0]
            ]
        },
        {
            "name": "Torso",
            "time": [0.0, 0.0833, 0.4],
            "transform": [
                [0.953545, -0.012265, -0.301001, 0.0, 0.02566, 0.998847, 0.040588, 0.05, 0.300156, -0.046426, 0.95276, -0.0, 0.0, 0.0, 0.0, 1.0],
                [0.953545, -0.012265, -0.301001, 0.0, 0.02566, 0.998847, 0.040588, 0.05, 0.300156, -0.046426, 0.95276, -0.0, 0.0, 0.0, 0.0, 1.0],
                [0.953545, -0.012265, -0.301001, 0.0, 0.02566, 0.998847, 0.040588, 0.05, 0.300156, -0.046426, 0.95276, -0.0, 0.0, 0.0, 0.0, 1.0]
            ]
        },
        {
            "name": "Chest",
            "time": [0.0, 0.0833, 0.35, 0.4],
            "transform": [
                [0.954866, -0.010804, 0.296839, 0.0, 0.014747, 0.99983, -0.011046, 0.3, -0.296669, 0.014925, 0.954864, 0.0, 0.0, 0.0, 0.0, 1.0],
                [0.954866, 0.03925, 0.294431, 0.0, 0.014747, 0.983744, -0.178967, 0.3, -0.296669, 0.175232, 0.938766, 0.0, 0.0, 0.0, 0.0, 1.0],
                [0.954866, -0.09469, 0.281538, 0.0, 0.014747, 0.961771, 0.273457, 0.3, -0.296669, -0.256963, 0.919759, -0.0, 0.0, 0.0, 0.0, 1.0],
                [0.954866, -0.09469, 0.281538, 0.0, 0.014747, 0.961771, 0.273457, 0.3, -0.296669, -0.256963, 0.919759, -0.0, 0.0, 0.0, 0.0, 1.0]
            ]
        },
        {
            "name": "Head",
            "time": [0.0, 0.0833, 0.35, 0.4],
            "transform": [
                [0.992524, 0.013094, 0.121342, -0.0, -0.03165, 0.98783, 0.152284, 0.4, -0.117871, -0.154986, 0.98086, -0.0, 0.0, 0.0, 0.0, 1.0],
                [0.992524, 0.013094, 0.121342, 0.0, -0.03165, 0.98783, 0.152284, 0.4, -0.117871, -0.154986, 0.98086, -0.0, 0.0, 0.0, 0.0, 1.0],
                [0.992524, 0.045979, 0.113054, -0.0, -0.03165, 0.991599, -0.125422, 0.4, -0.117871, 0.120906, 0.985641, -0.0, 0.0, 0.0, 0.0, 1.0],
                [0.992524, 0.045979, 0.113054, -0.0, -0.03165, 0.991599, -0.125422, 0.4, -0.117871, 0.120906, 0.985641, -0.0, 0.0, 0.0, 0.0, 1.0]
            ]
        },
        {
            "name": "Shoulder_R",
            "time": [0.0, 0.0833, 0.35, 0.4],
            "transform": [
                [0.640634, 0.706208, 0.301428, -0.0, -0.184127, -0.239819, 0.953197, 0.4, 0.745443, -0.666151, -0.023605, -0.0, 0.0, 0.0, 0.0, 1.0],
                [0.640634, 0.706208, 0.301428, 0.0, -0.184127, -0.239819, 0.953197, 0.4, 0.745443, -0.666151, -0.023605, -0.0, 0.0, 0.0, 0.0, 1.0],
                [0.516325, 0.801592, 0.301428, -0.0, -0.142364, -0.266736, 0.953197, 0.4, 0.844477, -0.535072, -0.023605, -0.0, 0.0, 0.0, 0.0, 1.0],
                [0.516325, 0.801592, 0.301428, -0.0, -0.142364, -0.266736, 0.953197, 0.4, 0.844477, -0.535072, -0.023605, -0.0, 0.0, 0.0, 0.0, 1.0]
            ]
        },
        {
            "name": "Arm_R",
            "time": [0.0, 0.0833, 0.35, 0.4],
            "transform": [
                [0.245078, -0.750565, -0.613668, -0.0, 0.830572, 0.489042, -0.266435, 0.393861, 0.500086, -0.444398, 0.743252, 0.0, 0.0, 0.0, 0.0, 1.0],
                [-0.04381, -0.788347, -0.613668, -0.0, 0.951385, 0.154528, -0.266435, 0.393861, 0.304872, -0.595508, 0.743252, 0.0, 0.0, 0.0, 0.0, 1.0],
                [0.07014, -0.960786, -0.268273, 0.0, 0.939797, 0.153815, -0.30516, 0.393861, 0.334458, -0.230719, 0.913732, 0.0, 0.0, 0.0, 0.0, 1.0],
                [0.07014, -0.960786, -0.268273, 0.0, 0.939797, 0.153815, -0.30516, 0.393861, 0.334458, -0.230719, 0.913732, 0.0, 0.0, 0.0, 0.0, 1.0]
            ]
        },
        {
            "name": "Hand_R",
            "time": [0.0, 0.0833, 0.35, 0.4],
            "transform": [
                [0.999985, 0.005009, -0.002393, 0.0, -0.00125, -0.216731, -0.976231, 0.3, -0.005409, 0.976219, -0.216721, 0.0, 0.0, 0.0, 0.0, 1.0],
                [0.999985, 0.004798, -0.002793, 0.0, -0.00125, -0.295556, -0.955325, 0.3, -0.005409, 0.955313, -0.295546, 0.0, 0.0, 0.0, 0.0, 1.0],
                [0.999985, 0.00543, -0.001155, 0.0, -0.00125, 0.017634, -0.999844, 0.3, -0.005409, 0.99983, 0.017641, 0.0, 0.0, 0.0, 0.0, 1.0],
                [0.999985, 0.00543, -0.001155, 0.0, -0.00125, 0.017634, -0.999844, 0.3, -0.005409, 0.99983, 0.017641, 0.0, 0.0, 0.0, 0.0, 1.0]
            ]
        },
        {
            "name": "Tool_R",
            "time": [0.0, 0.0833, 0.4],
            "transform": [
                [1.0, 0.0, 0.0, 0.0, 0.0, -0.999836, 0.018122, 0.272858, 0.0, -0.018122, -0.999244, 0.0, 0.0, 0.0, 0.0, 1.0],
                [1.0, 0.0, 0.0, 0.0, 0.0, -0.999836, 0.018122, 0.272858, 0.0, -0.018122, -0.999244, -0.0, 0.0, 0.0, 0.0, 1.0],
                [1.0, 0.0, 0.0, 0.0, 0.0, -0.999836, 0.018122, 0.272858, 0.0, -0.018122, -0.999244, 0.0, 0.0, 0.0, 0.0, 1.0]
            ]
        },
        {
            "name": "Elbow_R",
            "time": [0.0, 0.0833, 0.4],
            "transform": [
                [-1.0, 0.0, 0.0, 0.0, -0.0, 0.752098, -0.659051, 0.3, -0.0, -0.659051, -0.752098, 0.0, 0.0, 0.0, 0.0, 1.0],
                [-1.0, 0.0, 0.0, 0.0, -0.0, 0.752098, -0.659051, 0.3, -0.0, -0.659051, -0.752098, 0.0, 0.0, 0.0, 0.0, 1.0],
                [-1.0, 0.0, 0.0, 0.0, -0.0, 0.752098, -0.659051, 0.3, -0.0, -0.659051, -0.752098, 0.0, 0.0, 0.0, 0.0, 1.0]
            ]
        },
        {
            "name": "Shoulder_L",
            "time": [0.0, 0.0833, 0.35, 0.4],
            "transform": [
                [0.474242, -0.827278, -0.301172, -0.0, 0.121964, -0.277055, 0.953082, 0.4, -0.871906, -0.488724, -0.030493, -0.0, 0.0, 0.0, 0.0, 1.0],
                [0.474242, -0.827278, -0.301172, 0.0, 0.121964, -0.277055, 0.953082, 0.4, -0.871906, -0.488724, -0.030493, -0.0, 0.0, 0.0, 0.0, 1.0],
                [0.268621, -0.914953, -0.301172, -0.0, 0.054114, -0.297836, 0.953082, 0.4, -0.961725, -0.272315, -0.030493, -0.0, 0.0, 0.0, 0.0, 1.0],
                [0.268621, -0.914953, -0.301172, -0.0, 0.054114, -0.297836, 0.953082, 0.4, -0.961725, -0.272315, -0.030493, -0.0, 0.0, 0.0, 0.0, 1.0]
            ]
        },
        {
            "name": "Arm_L",
            "time": [0.0, 0.0833, 0.35, 0.4],
            "transform": [
                [0.451859, 0.780104, 0.432738, 0.0, -0.814814, 0.558393, -0.155807, 0.39386, -0.363184, -0.282198, 0.887954, 0.0, 0.0, 0.0, 0.0, 1.0],
                [0.243507, 0.86801, 0.432738, 0.0, -0.928141, 0.338051, -0.155807, 0.39386, -0.28153, -0.363702, 0.887954, -0.0, 0.0, 0.0, 0.0, 1.0],
                [0.208805, 0.977922, 0.008275, 0.0, -0.90663, 0.196741, -0.373249, 0.39386, -0.366636, 0.070434, 0.927694, -0.0, 0.0, 0.0, 0.0, 1.0],
                [0.208805, 0.977922, 0.008275, 0.0, -0.90663, 0.196741, -0.373249, 0.39386, -0.366636, 0.070434, 0.927694, -0.0, 0.0, 0.0, 0.0, 1.0]
            ]
        },
        {
            "name": "Hand_L",
            "time": [0.0, 0.0833, 0.35, 0.4],
            "transform": [
                [0.99932, 0.005657, 0.036445, -0.0, 0.036869, -0.128364, -0.991042, 0.3, -0.000928, 0.991711, -0.128485, -0.0, 0.0, 0.0, 0.0, 1.0],
                [0.99932, 0.006007, 0.036389, 0.0, 0.036869, -0.137884, -0.989762, 0.3, -0.000928, 0.990431, -0.138012, 0.0, 0.0, 0.0, 0.0, 1.0],
                [0.99932, -0.006371, 0.036327, 0.0, 0.036869, 0.197365, -0.979637, 0.3, -0.000928, 0.98031, 0.197465, -0.0, 0.0, 0.0, 0.0, 1.0],
                [0.99932, -0.006371, 0.036327, 0.0, 0.036869, 0.197365, -0.979637, 0.3, -0.000928, 0.98031, 0.197465, -0.0, 0.0, 0.0, 0.0, 1.0]
            ]
        },
        {
            "name": "Tool_L",
            "time": [0.0, 0.0833, 0.4],
            "transform": [
                [1.0, 0.0, 0.0, -0.0, 0.0, -0.999836, 0.018122, 0.272858, 0.0, -0.018122, -0.999248, 0.0, 0.0, 0.0, 0.0, 1.0],
                [1.0, 0.0, 0.0, -0.0, 0.0, -0.999836, 0.018122, 0.272858, 0.0, -0.018122, -0.999247, -0.0, 0.0, 0.0, 0.0, 1.0],
                [1.0, 0.0, 0.0, 0.0, 0.0, -0.999836, 0.018122, 0.272858, 0.0, -0.018122, -0.999247, 0.0, 0.0, 0.0, 0.0, 1.0]
            ]
        },
        {
            "name": "Elbow_L",
            "time": [0.0, 0.0833, 0.4],
            "transform": [
                [-1.0, 0.0, 0.0, -0.0, 0.0, 0.931138, -0.364666, 0.3, -0.0, -0.364666, -0.931138, -0.0, 0.0, 0.0, 0.0, 1.0],
                [-1.0, 0.0, 0.0, 0.0, 0.0, 0.931139, -0.364666, 0.3, -0.0, -0.364666, -0.931139, 0.0, 0.0, 0.0, 0.0, 1.0],
                [-1.0, 0.0, 0.0, 0.0, 0.0, 0.931139, -0.364666, 0.3, -0.0, -0.364666, -0.931139, -0.0, 0.0, 0.0, 0.0, 1.0]
            ]
        }
    ]
}