{
    
    "animation": [
        {
            "name": "Root",
            "time": [0.0, 0.1833, 0.5, 0.8667, 1.0],
            "transform": [
                [0.991696, 0.016879, -0.127491, -5e-06, -0.128603, 0.130157, -0.983118, 0.000946, 0.0, 0.99135, 0.131247, 0.755725, 0.0, 0.0, 0.0, 1.0],
                [0.991696, 0.016879, -0.127491, -0.001967, -0.128603, 0.130157, -0.983118, -0.014185, 0.0, 0.99135, 0.131247, 0.640475, 0.0, 0.0, 0.0, 1.0],
                [0.991696, -0.029105, -0.125267, -0.052013, -0.128603, -0.224436, -0.965966, -4.081372, 0.0, 0.974054, -0.226315, 0.548773, 0.0, 0.0, 0.0, 1.0],
                [0.991696, -0.029105, -0.125267, -0.125641, -0.128603, -0.224436, -0.965966, -4.649137, 0.0, 0.974054, -0.226315, 0.547016, 0.0, 0.0, 0.0, 1.0],
                [0.991696, -0.029105, -0.125267, -0.125641, -0.128603, -0.224436, -0.965966, -4.649137, 0.0, 0.974054, -0.226315, 0.547016, 0.0, 0.0, 0.0, 1.0]
            ]
        },
        {
            "name": "Thigh_R",
            "time": [0.0, 0.1, 0.3167, 0.5333, 0.8333, 1.0],
            "transform": [
                [0.864378, 0.107235, 0.491276, 0.124994, 0.198861, -0.970246, -0.138102, -0.002831, 0.46185, 0.217068, -0.859986, -1.2e-05, 0.0, 0.0, 0.0, 1.0],
                [0.864378, 0.046859, 0.500655, 0.124994, 0.198861, -0.946334, -0.25476, -0.002831, 0.46185, 0.319769, -0.82731, -1.2e-05, 0.0, 0.0, 0.0, 1.0],
                [0.997022, -0.02663, -0.072374, 0.124994, 0.069059, -0.109382, 0.991598, -0.002831, -0.034323, -0.993641, -0.107218, -1.2e-05, 0.0, 0.0, 0.0, 1.0],
                [0.997022, 0.012649, -0.076073, 0.124994, 0.069059, -0.585486, 0.807735, -0.002831, -0.034323, -0.810581, -0.584618, -1.2e-05, 0.0, 0.0, 0.0, 1.0],
                [0.997022, 0.074958, 0.018121, 0.124994, 0.069059, -0.763253, -0.642396, -0.002831, -0.034322, 0.641734, -0.766158, -1.1e-05, 0.0, 0.0, 0.0, 1.0],
                [0.997022, 0.074958, 0.018121, 0.124994, 0.069059, -0.763253, -0.642396, -0.002831, -0.034322, 0.641734, -0.766158, -1.1e-05, 0.0, 0.0, 0.0, 1.0]
            ]
        },
        {
            "name": "Leg_R",
            "time": [0.0, 0.1, 0.3167, 0.5333, 0.6333, 0.75, 1.0],
            "transform": [
                [1.0, -0.0, 2e-06, -0.0, -0.0, 0.966099, 0.258173, 0.37472, -2e-06, -0.258173, 0.966098, -0.0, 0.0, 0.0, 0.0, 1.0],
                [1.0, -1e-06, 2e-06, 0.0, -0.0, 0.822154, 0.569266, 0.37472, -2e-06, -0.569266, 0.822153, 0.0, 0.0, 0.0, 0.0, 1.0],
                [1.0, -0.0, 2e-06, 0.0, -0.0, 0.997759, 0.066929, 0.37472, -2e-06, -0.066929, 0.997757, 0.0, 0.0, 0.0, 0.0, 1.0],
                [1.0, -1e-06, 1e-06, -0.0, -0.0, 0.7474, 0.664374, 0.37472, -2e-06, -0.664375, 0.747399, 0.0, 0.0, 0.0, 0.0, 1.0],
                [1.0, -2e-06, 0.0, -0.0, -0.0, 0.144103, 0.989562, 0.37472, -2e-06, -0.989563, 0.144103, 0.0, 0.0, 0.0, 0.0, 1.0],
                [1.0, -1e-06, 1e-06, 0.0, -0.0, 0.695256, 0.718762, 0.37472, -2e-06, -0.718763, 0.695255, -0.0, 0.0, 0.0, 0.0, 1.0],
                [1.0, -1e-06, 1e-06, -0.0, -0.0, 0.695256, 0.718762, 0.37472, -2e-06, -0.718763, 0.695255, 1e-06, 0.0, 0.0, 0.0, 1.0]
            ]
        },
        {
            "name": "Knee_R",
            "time": [0.0, 1.0],
            "transform": [
                [1.0, 0.0, -0.0, -0.0, -0.0, 1e-06, -1.0, 0.37472, -0.0, 1.0, 1e-06, -0.0, 0.0, 0.0, 0.0, 1.0],
                [1.0, 0.0, -0.0, -0.0, -0.0, 1e-06, -1.0, 0.37472, -0.0, 1.0, 1e-06, 1e-06, 0.0, 0.0, 0.0, 1.0]
            ]
        },
        {
            "name": "Thigh_L",
            "time": [0.0, 0.1, 0.3167, 0.4333, 0.5333, 0.8333, 1.0],
            "transform": [
                [0.980512, -0.091834, -0.173673, -0.125006, -0.00329, -0.891574, 0.452862, -0.002831, -0.19643, -0.443466, -0.874502, -1.2e-05, 0.0, 0.0, 0.0, 1.0],
                [0.980512, -0.125461, -0.151179, -0.125006, -0.00329, -0.779907, 0.625887, -0.002831, -0.19643, -0.613192, -0.765121, -1.2e-05, 0.0, 0.0, 0.0, 1.0],
                [0.980512, -0.179778, -0.07922, -0.125006, -0.00329, -0.418212, 0.908343, -0.002831, -0.19643, -0.890381, -0.410654, -1.2e-05, 0.0, 0.0, 0.0, 1.0],
                [0.980512, 0.07255, -0.182571, -0.125006, -0.00329, -0.923118, -0.384503, -0.002831, -0.19643, 0.377611, -0.904889, -1.2e-05, 0.0, 0.0, 0.0, 1.0],
                [0.980512, 0.129183, -0.148011, -0.125006, -0.00329, -0.742497, -0.669841, -0.002831, -0.19643, 0.657275, -0.727602, -1.2e-05, 0.0, 0.0, 0.0, 1.0],
                [0.980512, -0.137017, -0.14079, -0.125006, -0.00329, -0.727997, 0.685572, -0.002831, -0.19643, -0.671748, -0.714261, -1.2e-05, 0.0, 0.0, 0.0, 1.0],
                [0.980512, -0.137017, -0.14079, -0.125006, -0.00329, -0.727997, 0.685572, -0.002831, -0.19643, -0.671748, -0.714261, -1.2e-05, 0.0, 0.0, 0.0, 1.0]
            ]
        },
        {
            "name": "Leg_L",
            "time": [0.0, 0.1, 0.3167, 0.35, 0.45, 0.5333, 0.6333, 0.75, 0.8333, 1.0],
            "transform": [
                [1.0, -1e-06, 1e-06, 0.0, 0.0, 0.909188, 0.416386, 0.37472, -1e-06, -0.416385, 0.909189, 0.0, 0.0, 0.0, 0.0, 1.0],
                [1.0, -1e-06, 0.0, 0.0, 0.0, 0.825298, 0.564698, 0.37472, -1e-06, -0.564698, 0.825298, -0.0, 0.0, 0.0, 0.0, 1.0],
                [1.0, -0.0, 1e-06, -0.0, 0.0, 0.984544, 0.175138, 0.37472, -1e-06, -0.175138, 0.984544, -0.0, 0.0, 0.0, 0.0, 1.0],
                [1.0, -1e-06, -1e-06, 0.0, 0.0, -0.459561, 0.888146, 0.374721, -1e-06, -0.888146, -0.459561, -0.0, 0.0, 0.0, 0.0, 1.0],
                [1.0, -1e-06, -0.0, 0.0, 0.0, 0.099227, 0.995065, 0.37472, -1e-06, -0.995064, 0.099227, -0.0, 0.0, 0.0, 0.0, 1.0],
                [1.0, -1e-06, 0.0, -0.0, 0.0, 0.799537, 0.600617, 0.37472, -1e-06, -0.600616, 0.799538, 0.0, 0.0, 0.0, 0.0, 1.0],
                [1.0, -1e-06, 0.0, 0.0, 0.0, 0.572726, 0.819747, 0.37472, -1e-06, -0.819747, 0.572726, 0.0, 0.0, 0.0, 0.0, 1.0],
                [1.0, -1e-06, -0.0, -0.0, 0.0, 0.123541, 0.99234, 0.374721, -1e-06, -0.992339, 0.123541, 0.0, 0.0, 0.0, 0.0, 1.0],
                [1.0, -1e-06, 0.0, -0.0, 0.0, 0.768522, 0.639823, 0.37472, -1e-06, -0.639822, 0.768523, -1e-06, 0.0, 0.0, 0.0, 1.0],
                [1.0, -1e-06, 0.0, 0.0, 0.0, 0.768522, 0.639823, 0.37472, -1e-06, -0.639822, 0.768523, -0.0, 0.0, 0.0, 0.0, 1.0]
            ]
        },
        {
            "name": "Knee_L",
            "time": [0.0, 0.3167, 1.0],
            "transform": [
                [1.0, 0.0, -0.0, 0.0, -0.0, 1e-06, -1.0, 0.37472, -0.0, 1.0, 1e-06, 0.0, 0.0, 0.0, 0.0, 1.0],
                [1.0, 0.0, -0.0, -0.0, -0.0, 0.650894, -0.759168, 0.37472, -0.0, 0.759169, 0.650894, -0.0, 0.0, 0.0, 0.0, 1.0],
                [1.0, 0.0, -0.0, 0.0, -0.0, 0.650894, -0.759168, 0.37472, -0.0, 0.759168, 0.650894, -0.0, 0.0, 0.0, 0.0, 1.0]
            ]
        },
        {
            "name": "Torso",
            "time": [0.0, 0.1833, 0.25, 0.3833, 1.0],
            "transform": [
                [0.990053, -0.012265, -0.140162, 0.0, 0.018639, 0.998847, 0.044254, 0.05, 0.139458, -0.046426, 0.989139, -0.0, 0.0, 0.0, 0.0, 1.0],
                [0.848557, -0.012265, -0.528962, -0.0, 0.034959, 0.998847, 0.03292, 0.05, 0.527948, -0.046426, 0.848007, -0.0, 0.0, 0.0, 0.0, 1.0],
                [0.977326, 0.175931, 0.117824, -0.0, 0.00216, 0.548141, -0.836383, 0.05, -0.211729, 0.817674, 0.535333, -0.0, 0.0, 0.0, 0.0, 1.0],
                [0.977326, 0.03221, 0.209276, 0.0, 0.00216, 0.986794, -0.161966, 0.05, -0.211729, 0.158745, 0.96435, -0.0, 0.0, 0.0, 0.0, 1.0],
                [0.977326, 0.03221, 0.209276, -0.0, 0.00216, 0.986794, -0.161965, 0.05, -0.211729, 0.158745, 0.96435, 1e-06, 0.0, 0.0, 0.0, 1.0]
            ]
        },
        {
            "name": "Chest",
            "time": [0.0, 0.2167, 0.2667, 0.4333, 0.4833, 0.5667, 0.7167, 1.0],
            "transform": [
                [0.68548, -0.010804, 0.728012, 0.0, 0.018273, 0.99983, -0.002367, 0.3, -0.727862, 0.014925, 0.685561, 0.0, 0.0, 0.0, 0.0, 1.0],
                [0.879047, -0.010804, -0.476612, -0.0, 0.002382, 0.99983, -0.018271, 0.3, 0.476728, 0.014925, 0.878924, 0.0, 0.0, 0.0, 0.0, 1.0],
                [0.991392, 0.111722, -0.068265, -0.0, -0.03225, 0.713709, 0.6997, 0.3, 0.126894, -0.691475, 0.711168, -0.0, 0.0, 0.0, 0.0, 1.0],
                [0.933138, 0.035003, 0.357811, 0.0, -0.139579, 0.952453, 0.270835, 0.3, -0.331318, -0.302669, 0.893655, 0.0, 0.0, 0.0, 0.0, 1.0],
                [0.933138, 0.035003, 0.357811, 0.0, -0.139579, 0.952453, 0.270835, 0.3, -0.331318, -0.302669, 0.893655, 0.0, 0.0, 0.0, 0.0, 1.0],
                [0.933138, 0.195761, 0.301549, -0.0, -0.139579, 0.970227, -0.197932, 0.3, -0.331318, 0.142608, 0.93268, -0.0, 0.0, 0.0, 0.0, 1.0],
                [0.933138, -0.010745, 0.359359, -0.0, -0.139579, 0.910319, 0.389661, 0.3, -0.331318, -0.413767, 0.847954, -0.0, 0.0, 0.0, 0.0, 1.0],
                [0.933138, -0.010745, 0.359359, -0.0, -0.139579, 0.910319, 0.389661, 0.3, -0.331318, -0.413767, 0.847954, 0.0, 0.0, 0.0, 0.0, 1.0]
            ]
        },
        {
            "name": "Head",
            "time": [0.0, 0.2167, 0.4333, 0.5333, 0.7167, 1.0],
            "transform": [
                [0.9079, 0.047242, -0.416515, -0.0, -0.09764, 0.990131, -0.100528, 0.4, 0.407656, 0.131938, 0.903553, 0.0, 0.0, 0.0, 0.0, 1.0],
                [0.645378, 0.047242, 0.762401, -0.0, 0.070559, 0.990131, -0.121082, 0.4, -0.760598, 0.131938, 0.635675, -0.0, 0.0, 0.0, 0.0, 1.0],
                [0.862085, -0.170221, -0.47732, -0.0, 0.053245, 0.96711, -0.248723, 0.4, 0.503959, 0.189006, 0.842794, -0.0, 0.0, 0.0, 0.0, 1.0],
                [0.929043, 0.037059, -0.368111, -0.0, 0.093566, 0.939092, 0.330684, 0.4, 0.357945, -0.341662, 0.868989, 0.0, 0.0, 0.0, 0.0, 1.0],
                [0.929043, -0.140861, -0.342107, 0.0, 0.093566, 0.984081, -0.151098, 0.4, 0.357945, 0.108367, 0.927433, -0.0, 0.0, 0.0, 0.0, 1.0],
                [0.929043, -0.140861, -0.342107, -0.0, 0.093566, 0.984081, -0.151098, 0.4, 0.357945, 0.108367, 0.927433, -0.0, 0.0, 0.0, 0.0, 1.0]
            ]
        },
        {
            "name": "Shoulder_R",
            "time": [0.0, 0.05, 0.45, 0.6167, 0.8167, 1.0],
            "transform": [
                [0.185588, 0.935253, 0.301428, -0.0, -0.03437, -0.300391, 0.953197, 0.4, 0.982026, -0.187262, -0.023605, 0.0, 0.0, 0.0, 0.0, 1.0],
                [0.056385, 0.95182, 0.301428, -0.0, 0.006893, -0.302272, 0.953197, 0.4, 0.998385, -0.051668, -0.023605, -0.0, 0.0, 0.0, 0.0, 1.0],
                [0.495262, 0.814774, 0.301428, -0.0, -0.135365, -0.270355, 0.953197, 0.4, 0.858132, -0.512885, -0.023605, -0.0, 0.0, 0.0, 0.0, 1.0],
                [0.495262, 0.814774, 0.301428, -0.0, -0.135365, -0.270355, 0.953197, 0.4, 0.858132, -0.512885, -0.023605, -0.0, 0.0, 0.0, 0.0, 1.0],
                [0.019574, 0.953288, 0.301428, 0.0, 0.018565, -0.30178, 0.953197, 0.4, 0.999636, -0.013062, -0.023605, -1e-06, 0.0, 0.0, 0.0, 1.0],
                [0.019574, 0.953288, 0.301428, -0.0, 0.018565, -0.30178, 0.953197, 0.4, 0.999636, -0.013062, -0.023605, -0.0, 0.0, 0.0, 0.0, 1.0]
            ]
        },
        {
            "name": "Arm_R",
            "time": [0.0, 0.05, 0.2167, 0.35, 0.4833, 0.5833, 1.0],
            "transform": [
                [-0.276164, 0.003254, -0.961105, -0.0, 0.824252, 0.515109, -0.235097, 0.393861, 0.494309, -0.857118, -0.144937, -0.0, 0.0, 0.0, 0.0, 1.0],
                [-0.276164, 0.232347, -0.932603, 0.0, 0.824252, 0.556311, -0.105481, 0.39386, 0.494309, -0.79783, -0.345145, 0.0, 0.0, 0.0, 0.0, 1.0],
                [-0.631641, -0.672053, -0.38649, -0.0, 0.763597, -0.453164, -0.459959, 0.39386, 0.133973, -0.585652, 0.799414, -0.0, 0.0, 0.0, 0.0, 1.0],
                [0.697828, -0.716262, 0.002155, 0.0, 0.623325, 0.605795, -0.494448, 0.39386, 0.352848, 0.346383, 0.869205, 0.0, 0.0, 0.0, 0.0, 1.0],
                [0.793483, -0.592049, -0.140938, 0.0, 0.573699, 0.804942, -0.151449, 0.39386, 0.203112, 0.039316, 0.978366, -0.0, 0.0, 0.0, 0.0, 1.0],
                [0.793482, -0.597773, 0.11425, 0.0, 0.573699, 0.672037, -0.468225, 0.39386, 0.203112, 0.437074, 0.876192, 0.0, 0.0, 0.0, 0.0, 1.0],
                [0.793483, -0.597773, 0.11425, -0.0, 0.573699, 0.672037, -0.468225, 0.393861, 0.203112, 0.437074, 0.876192, -0.0, 0.0, 0.0, 0.0, 1.0]
            ]
        },
        {
            "name": "Hand_R",
            "time": [0.0, 0.4833, 0.5833, 0.7167, 1.0],
            "transform": [
                [0.999985, 0.00223, 0.005084, -0.0, -0.00125, 0.982729, -0.185046, 0.3, -0.005409, 0.185037, 0.982717, -0.0, 0.0, 0.0, 0.0, 1.0],
                [0.999984, 0.000612, 0.005518, 0.0, -0.00125, 0.993195, 0.116454, 0.3, -0.005409, -0.116459, 0.993181, -0.0, 0.0, 0.0, 0.0, 1.0],
                [0.999985, 0.004434, 0.00334, -0.0, -0.00125, 0.766116, -0.642702, 0.3, -0.005409, 0.642688, 0.766109, -0.0, 0.0, 0.0, 0.0, 1.0],
                [0.999985, 0.004011, 0.003838, 0.0, -0.00125, 0.836271, -0.548315, 0.3, -0.005409, 0.548302, 0.836263, -0.0, 0.0, 0.0, 0.0, 1.0],
                [0.999985, 0.004011, 0.003838, -0.0, -0.00125, 0.836271, -0.548315, 0.3, -0.005409, 0.548302, 0.836263, 0.0, 0.0, 0.0, 0.0, 1.0]
            ]
        },
        {
            "name": "Tool_R",
            "time": [0.0, 1.0],
            "transform": [
                [1.0, 0.0, 0.0, 0.0, 0.0, -0.999836, 0.018122, 0.272858, 0.0, -0.018122, -0.999244, 0.0, 0.0, 0.0, 0.0, 1.0],
                [1.0, 0.0, 0.0, -0.0, 0.0, -0.999836, 0.018122, 0.272858, 0.0, -0.018122, -0.999244, 0.0, 0.0, 0.0, 0.0, 1.0]
            ]
        },
        {
            "name": "Elbow_R",
            "time": [0.0, 1.0],
            "transform": [
                [-1.0, 0.0, 0.0, -0.0, -0.0, 0.752098, -0.659051, 0.3, -0.0, -0.659051, -0.752098, -0.0, 0.0, 0.0, 0.0, 1.0],
                [-1.0, 0.0, 0.0, -0.0, 0.0, 0.752098, -0.659051, 0.3, -0.0, -0.659051, -0.752098, 0.0, 0.0, 0.0, 0.0, 1.0]
            ]
        },
        {
            "name": "Shoulder_L",
            "time": [0.0, 0.2167, 0.35, 0.4333, 1.0],
            "transform": [
                [0.0794, -0.951245, -0.298039, -0.0, -0.006802, -0.299493, 0.954074, 0.4, -0.996819, -0.073726, -0.03025, 0.0, 0.0, 0.0, 0.0, 1.0],
                [0.512908, -0.805045, -0.298039, -0.0, 0.133337, -0.26826, 0.954074, 0.4, -0.848025, -0.529092, -0.03025, -0.0, 0.0, 0.0, 0.0, 1.0],
                [-0.209144, -0.93136, -0.298039, -0.0, -0.096188, -0.283708, 0.954074, 0.4, -0.973143, 0.228207, -0.03025, 0.0, 0.0, 0.0, 0.0, 1.0],
                [-0.248674, -0.921593, -0.298039, -0.0, -0.1082, -0.279348, 0.954074, 0.4, -0.962525, 0.269501, -0.03025, -0.0, 0.0, 0.0, 0.0, 1.0],
                [-0.248674, -0.921593, -0.298039, -0.0, -0.1082, -0.279348, 0.954074, 0.4, -0.962525, 0.269501, -0.03025, -0.0, 0.0, 0.0, 0.0, 1.0]
            ]
        },
        {
            "name": "Arm_L",
            "time": [0.0, 0.2167, 0.4333, 0.5333, 0.8333, 1.0],
            "transform": [
                [0.298046, 0.499295, 0.813556, -0.0, -0.546114, 0.788218, -0.283676, 0.39386, -0.782897, -0.359746, 0.507597, -0.0, 0.0, 0.0, 0.0, 1.0],
                [0.208404, 0.95242, 0.222406, 0.0, 0.011855, 0.224922, -0.974305, 0.39386, -0.977971, 0.205686, 0.035584, 0.0, 0.0, 0.0, 0.0, 1.0],
                [0.208404, 0.224916, 0.95183, -0.0, 0.011855, 0.972546, -0.232407, 0.39386, -0.977971, 0.059719, 0.200016, 0.0, 0.0, 0.0, 0.0, 1.0],
                [0.208404, -0.300472, 0.930744, 0.0, 0.011855, 0.952345, 0.304792, 0.39386, -0.977971, -0.052486, 0.202035, -0.0, 0.0, 0.0, 0.0, 1.0],
                [0.024423, 0.034147, 0.999118, 0.0, -0.878537, 0.477646, 0.005151, 0.393861, -0.477049, -0.877889, 0.041665, 0.0, 0.0, 0.0, 0.0, 1.0],
                [0.024423, 0.034147, 0.999118, 0.0, -0.878537, 0.477646, 0.005151, 0.393861, -0.477049, -0.877889, 0.041665, 0.0, 0.0, 0.0, 0.0, 1.0]
            ]
        },
        {
            "name": "Hand_L",
            "time": [0.0, 0.2167, 0.4333, 1.0],
            "transform": [
                [0.99932, -0.019741, 0.031153, 0.0, 0.03687, 0.555987, -0.830373, 0.3, -0.000928, 0.830957, 0.556336, -0.0, 0.0, 0.0, 0.0, 1.0],
                [0.99932, -0.033901, 0.014524, 0.0, 0.03687, 0.928197, -0.37026, 0.3, -0.000929, 0.370544, 0.928815, 0.0, 0.0, 0.0, 0.0, 1.0],
                [0.99932, -0.021945, 0.029642, -0.0, 0.03687, 0.614657, -0.787933, 0.3, -0.000929, 0.788489, 0.615048, 0.0, 0.0, 0.0, 0.0, 1.0],
                [0.99932, -0.021945, 0.029642, -0.0, 0.03687, 0.614657, -0.787933, 0.3, -0.000929, 0.788489, 0.615048, 0.0, 0.0, 0.0, 0.0, 1.0]
            ]
        },
        {
            "name": "Tool_L",
            "time": [0.0, 1.0],
            "transform": [
                [1.0, 0.0, 0.0, -0.0, 0.0, -0.999836, 0.018122, 0.272858, 0.0, -0.018122, -0.999247, 0.0, 0.0, 0.0, 0.0, 1.0],
                [1.0, 0.0, 0.0, 0.0, 0.0, -0.999836, 0.018122, 0.272858, 0.0, -0.018122, -0.999247, -0.0, 0.0, 0.0, 0.0, 1.0]
            ]
        },
        {
            "name": "Elbow_L",
            "time": [0.0, 1.0],
            "transform": [
                [-1.0, 0.0, 0.0, 0.0, 0.0, 0.931138, -0.364666, 0.3, -0.0, -0.364666, -0.931139, -0.0, 0.0, 0.0, 0.0, 1.0],
                [-1.0, 0.0, 0.0, -0.0, 0.0, 0.931138, -0.364666, 0.3, -0.0, -0.364666, -0.931139, 0.0, 0.0, 0.0, 0.0, 1.0]
            ]
        }
    ]
}