{
    "animation": [
        {
            "name": "Root",
            "time": [0.0, 0.2667, 0.3, 0.3667, 0.4667, 0.9],
            "transform": [
                [0.854689, 0.010023, -0.519043, -5e-06, -0.51914, 0.016502, -0.85453, 0.030328, -0.0, 0.999814, 0.019308, 0.771957, 0.0, 0.0, 0.0, 1.0],
                [0.997703, 0.032031, 0.059688, -0.033655, 0.056837, 0.083544, -0.994882, -0.033682, -0.036854, 0.995989, 0.081532, 1.053228, 0.0, 0.0, 0.0, 1.0],
                [0.997703, 0.032031, 0.059688, -0.033655, 0.056837, 0.083544, -0.994882, -0.033682, -0.036854, 0.995989, 0.081532, 1.053228, 0.0, 0.0, 0.0, 1.0],
                [0.859569, -0.104938, -0.500129, -0.033655, -0.510999, -0.185127, -0.839409, -0.723137, -0.004502, 0.977096, -0.212752, 1.161181, 0.0, 0.0, 0.0, 1.0],
                [0.808129, -0.139602, -0.572222, -0.033655, -0.588799, -0.217198, -0.778551, -0.952849, -0.015598, 0.966093, -0.257722, 1.169208, 0.0, 0.0, 0.0, 1.0],
                [0.874539, -0.031891, -0.483905, -0.033655, -0.484954, -0.055706, -0.872764, -1.890203, 0.000877, 0.997938, -0.064183, 1.053228, 0.0, 0.0, 0.0, 1.0]
            ]
        },
        {
            "name": "Thigh_R",
            "time": [0.0, 0.2667, 0.3, 0.4667, 0.9],
            "transform": [
                [0.996122, 0.056223, -0.067664, 0.124994, 0.068868, -0.976941, 0.202086, -0.002831, -0.054742, -0.205961, -0.977028, -1.2e-05, 0.0, 0.0, 0.0, 1.0],
                [0.958532, -0.145369, -0.24512, 0.124994, 0.111464, -0.60036, 0.791923, -0.002831, -0.262281, -0.786404, -0.559263, -1.2e-05, 0.0, 0.0, 0.0, 1.0],
                [0.958532, -0.145369, -0.24512, 0.124994, 0.111464, -0.60036, 0.791923, -0.002831, -0.262281, -0.786404, -0.559263, -1.2e-05, 0.0, 0.0, 0.0, 1.0],
                [0.958532, -0.145369, -0.24512, 0.124994, 0.111464, -0.60036, 0.791923, -0.002831, -0.262281, -0.786404, -0.559263, -1.2e-05, 0.0, 0.0, 0.0, 1.0],
                [0.996122, 0.056223, -0.067664, 0.124994, 0.068868, -0.976941, 0.202086, -0.002831, -0.054742, -0.205961, -0.977028, -1.2e-05, 0.0, 0.0, 0.0, 1.0]
            ]
        },
        {
            "name": "Leg_R",
            "time": [0.0, 0.2667, 0.3, 0.4667, 0.9],
            "transform": [
                [0.998294, -0.058059, -0.006132, 0.0, 0.058094, 0.97748, 0.202875, 0.37472, -0.005785, -0.202886, 0.979185, -0.0, 0.0, 0.0, 0.0, 1.0],
                [0.998294, -0.052906, -0.024685, 0.0, 0.058095, 0.858316, 0.509823, 0.37472, -0.005785, -0.510388, 0.859924, 0.0, 0.0, 0.0, 0.0, 1.0],
                [0.998294, -0.052906, -0.024685, 0.0, 0.058095, 0.858316, 0.509823, 0.37472, -0.005785, -0.510388, 0.859924, 0.0, 0.0, 0.0, 0.0, 1.0],
                [0.998294, -0.052906, -0.024685, -0.0, 0.058095, 0.858316, 0.509823, 0.37472, -0.005785, -0.510388, 0.859924, 0.0, 0.0, 0.0, 0.0, 1.0],
                [0.998294, -0.058059, -0.006132, -0.0, 0.058094, 0.97748, 0.202875, 0.37472, -0.005785, -0.202886, 0.979185, 0.0, 0.0, 0.0, 0.0, 1.0]
            ]
        },
        {
            "name": "Knee_R",
            "time": [0.0, 0.2667, 0.3, 0.4667, 0.9],
            "transform": [
                [1.0, 0.0, -0.0, 0.0, -0.0, 1e-06, -1.0, 0.37472, -0.0, 1.0, 1e-06, -0.0, 0.0, 0.0, 0.0, 1.0],
                [1.0, 0.0, -0.0, 0.0, -0.0, 1e-06, -1.0, 0.37472, -0.0, 1.0, 1e-06, 0.0, 0.0, 0.0, 0.0, 1.0],
                [1.0, 0.0, -0.0, 0.0, -0.0, 1e-06, -1.0, 0.37472, -0.0, 1.0, 1e-06, 0.0, 0.0, 0.0, 0.0, 1.0],
                [1.0, 0.0, -0.0, -0.0, -0.0, 1e-06, -1.0, 0.37472, -0.0, 1.0, 1e-06, 0.0, 0.0, 0.0, 0.0, 1.0],
                [1.0, 0.0, -0.0, -0.0, -0.0, 1e-06, -1.0, 0.37472, -0.0, 1.0, 1e-06, 0.0, 0.0, 0.0, 0.0, 1.0]
            ]
        },
        {
            "name": "Thigh_L",
            "time": [0.0, 0.2667, 0.3, 0.4, 0.4667, 0.9],
            "transform": [
                [0.862919, -0.126282, -0.489308, -0.109662, -0.086164, -0.990862, 0.103769, -0.002831, -0.497941, -0.047383, -0.865915, 0.02525, 0.0, 0.0, 0.0, 1.0],
                [0.819191, 0.087429, -0.566817, -0.109662, -0.233554, -0.851796, -0.46893, -0.002831, -0.52381, 0.516526, -0.677365, 0.02525, 0.0, 0.0, 0.0, 1.0],
                [0.819191, 0.087429, -0.566817, -0.109662, -0.233554, -0.851796, -0.46893, -0.002831, -0.52381, 0.516526, -0.677365, 0.02525, 0.0, 0.0, 0.0, 1.0],
                [0.682152, -0.702273, -0.20367, -0.109662, -0.367, -0.569741, 0.735327, -0.002831, -0.632439, -0.426858, -0.646384, 0.02525, 0.0, 0.0, 0.0, 1.0],
                [0.819191, -0.499003, -0.282704, -0.109662, -0.233554, -0.740458, 0.630217, -0.002831, -0.523811, -0.450241, -0.723121, 0.02525, 0.0, 0.0, 0.0, 1.0],
                [0.862919, -0.126282, -0.489308, -0.109662, -0.086164, -0.990862, 0.103769, -0.002831, -0.497941, -0.047383, -0.865915, 0.02525, 0.0, 0.0, 0.0, 1.0]
            ]
        },
        {
            "name": "Leg_L",
            "time": [0.0, 0.2667, 0.3, 0.4667, 0.9],
            "transform": [
                [0.997933, 0.063289, 0.011181, 0.0, -0.064028, 0.994089, 0.087675, 0.37472, -0.005566, -0.088209, 0.996087, -0.0, 0.0, 0.0, 0.0, 1.0],
                [0.998872, 0.040201, 0.025276, 0.0, -0.046968, 0.914875, 0.400995, 0.37472, -0.007004, -0.40173, 0.915732, 0.0, 0.0, 0.0, 0.0, 1.0],
                [0.998872, 0.040201, 0.025276, 0.0, -0.046968, 0.914875, 0.400995, 0.37472, -0.007004, -0.40173, 0.915732, 0.0, 0.0, 0.0, 0.0, 1.0],
                [0.998872, 0.022983, 0.041555, -0.0, -0.046968, 0.607216, 0.793148, 0.37472, -0.007004, -0.794204, 0.607611, 0.0, 0.0, 0.0, 0.0, 1.0],
                [0.997933, 0.063289, 0.011181, -0.0, -0.064028, 0.994089, 0.087675, 0.37472, -0.005566, -0.088209, 0.996087, 0.0, 0.0, 0.0, 0.0, 1.0]
            ]
        },
        {
            "name": "Knee_L",
            "time": [0.0, 0.2667, 0.3, 0.4667, 0.9],
            "transform": [
                [1.0, 0.0, -0.0, 0.0, -0.0, 1e-06, -1.0, 0.37472, -0.0, 1.0, 1e-06, -0.0, 0.0, 0.0, 0.0, 1.0],
                [1.0, 0.0, -0.0, 0.0, -0.0, 1e-06, -1.0, 0.37472, -0.0, 1.0, 1e-06, 0.0, 0.0, 0.0, 0.0, 1.0],
                [1.0, 0.0, -0.0, 0.0, -0.0, 1e-06, -1.0, 0.37472, -0.0, 1.0, 1e-06, 0.0, 0.0, 0.0, 0.0, 1.0],
                [1.0, 0.0, -0.0, -0.0, -0.0, 1e-06, -1.0, 0.37472, -0.0, 1.0, 1e-06, 0.0, 0.0, 0.0, 0.0, 1.0],
                [1.0, 0.0, -0.0, -0.0, -0.0, 1e-06, -1.0, 0.37472, -0.0, 1.0, 1e-06, 0.0, 0.0, 0.0, 0.0, 1.0]
            ]
        },
        {
            "name": "Torso",
            "time": [0.0, 0.2667, 0.3, 0.4667, 0.9],
            "transform": [
                [0.965662, -0.025127, 0.258583, -0.0, 0.020968, 0.999603, 0.018828, 0.05, -0.258953, -0.012759, 0.965806, 0.0, 0.0, 0.0, 0.0, 1.0],
                [0.591383, -0.002379, 0.806387, -0.0, -0.176442, 0.975383, 0.132276, 0.05, -0.786851, -0.220507, 0.576405, 0.0, 0.0, 0.0, 0.0, 1.0],
                [0.591383, -0.002379, 0.806387, -0.0, -0.176442, 0.975383, 0.132276, 0.05, -0.786851, -0.220507, 0.576405, 0.0, 0.0, 0.0, 0.0, 1.0],
                [0.591383, -0.002379, 0.806388, 0.0, -0.176442, 0.975383, 0.132276, 0.05, -0.786851, -0.220507, 0.576405, -0.0, 0.0, 0.0, 0.0, 1.0],
                [0.965662, -0.025127, 0.258583, -0.0, 0.020968, 0.999603, 0.018828, 0.05, -0.258953, -0.012759, 0.965806, -0.0, 0.0, 0.0, 0.0, 1.0]
            ]
        },
        {
            "name": "Chest",
            "time": [0.0, 0.1167, 0.2667, 0.3, 0.4667, 0.9],
            "transform": [
                [0.997431, -0.023894, 0.067533, -0.0, 0.022738, 0.999582, 0.017843, 0.3, -0.067931, -0.016261, 0.997558, -0.0, 0.0, 0.0, 0.0, 1.0],
                [0.877977, -0.24952, 0.408529, -0.0, -0.028661, 0.824478, 0.565168, 0.3, -0.477844, -0.507913, 0.716721, 0.0, 0.0, 0.0, 0.0, 1.0],
                [0.926665, -0.168591, 0.335959, 0.0, 0.014073, 0.908709, 0.417193, 0.3, -0.375623, -0.38187, 0.844442, 0.0, 0.0, 0.0, 0.0, 1.0],
                [0.926665, -0.168591, 0.335959, 0.0, 0.014073, 0.908709, 0.417193, 0.3, -0.375623, -0.38187, 0.844442, 0.0, 0.0, 0.0, 0.0, 1.0],
                [0.563521, 0.102801, -0.819681, 0.0, 0.085087, 0.979727, 0.181369, 0.3, 0.821708, -0.171949, 0.54335, 0.0, 0.0, 0.0, 0.0, 1.0],
                [0.997431, -0.023894, 0.067533, 0.0, 0.022738, 0.999582, 0.017843, 0.3, -0.067931, -0.016261, 0.997558, -0.0, 0.0, 0.0, 0.0, 1.0]
            ]
        },
        {
            "name": "Head",
            "time": [0.0, 0.2667, 0.3, 0.35, 0.4667, 0.9],
            "transform": [
                [0.989016, 0.03176, 0.144357, 0.0, -0.026637, 0.99895, -0.037285, 0.4, -0.145389, 0.033031, 0.988823, -0.0, 0.0, 0.0, 0.0, 1.0],
                [0.312635, 0.03176, -0.949342, 0.0, -0.041318, 0.99895, 0.019813, 0.4, 0.948974, 0.033031, 0.313619, 0.0, 0.0, 0.0, 0.0, 1.0],
                [0.312635, 0.03176, -0.949342, 0.0, -0.041318, 0.99895, 0.019813, 0.4, 0.948974, 0.033031, 0.313619, 0.0, 0.0, 0.0, 0.0, 1.0],
                [0.897303, 0.025545, -0.440675, 0.0, -0.034966, 0.9993, -0.01327, 0.4, 0.440028, 0.027316, 0.897568, 0.0, 0.0, 0.0, 0.0, 1.0],
                [0.697542, 0.011031, 0.716459, 0.0, 0.013327, 0.999509, -0.028363, 0.4, -0.71642, 0.029333, 0.697052, 0.0, 0.0, 0.0, 0.0, 1.0],
                [0.989016, 0.03176, 0.144357, 0.0, -0.026637, 0.99895, -0.037285, 0.4, -0.145389, 0.033031, 0.988823, 0.0, 0.0, 0.0, 0.0, 1.0]
            ]
        },
        {
            "name": "Shoulder_R",
            "time": [0.0, 0.2667, 0.3, 0.4667, 0.9],
            "transform": [
                [-0.059544, 0.923942, 0.37787, 0.0, -0.044266, -0.380613, 0.923674, 0.4, 0.997244, 0.038273, 0.063562, -0.0, 0.0, 0.0, 0.0, 1.0],
                [-0.059544, 0.923942, 0.37787, 0.0, -0.044266, -0.380613, 0.923674, 0.4, 0.997244, 0.038273, 0.063562, 0.0, 0.0, 0.0, 0.0, 1.0],
                [-0.059544, 0.923942, 0.37787, 0.0, -0.044266, -0.380613, 0.923674, 0.4, 0.997244, 0.038273, 0.063562, 0.0, 0.0, 0.0, 0.0, 1.0],
                [-0.059544, 0.923942, 0.37787, 0.0, -0.044266, -0.380613, 0.923674, 0.4, 0.997244, 0.038273, 0.063562, 0.0, 0.0, 0.0, 0.0, 1.0],
                [-0.059544, 0.923942, 0.37787, 0.0, -0.044266, -0.380613, 0.923674, 0.4, 0.997243, 0.038273, 0.063562, 0.0, 0.0, 0.0, 0.0, 1.0]
            ]
        },
        {
            "name": "Arm_R",
            "time": [0.0, 0.1167, 0.2667, 0.3, 0.4667, 0.6333, 0.7667, 0.9],
            "transform": [
                [0.047157, -0.034167, -0.998303, -0.0, 0.871616, 0.489581, 0.024416, 0.39386, 0.487916, -0.871288, 0.052867, 0.0, 0.0, 0.0, 0.0, 1.0],
                [0.397178, -0.768818, -0.501167, 0.0, 0.411537, 0.637307, -0.651519, 0.393861, 0.820297, 0.05252, 0.569521, 0.0, 0.0, 0.0, 0.0, 1.0],
                [0.969641, -0.16472, 0.180729, -0.0, 0.229824, 0.866331, -0.443454, 0.39386, -0.083525, 0.471527, 0.877887, 0.0, 0.0, 0.0, 0.0, 1.0],
                [0.969641, -0.16472, 0.180729, -0.0, 0.229824, 0.866331, -0.443454, 0.39386, -0.083525, 0.471527, 0.877887, 0.0, 0.0, 0.0, 0.0, 1.0],
                [-0.148674, -0.521854, 0.839978, 0.0, 0.987179, -0.028437, 0.157061, 0.39386, -0.058077, 0.85256, 0.519392, -0.0, 0.0, 0.0, 0.0, 1.0],
                [-0.019771, -0.959682, 0.280391, -0.0, 0.991474, -0.054946, -0.11815, 0.393861, 0.128793, 0.275665, 0.952587, -0.0, 0.0, 0.0, 0.0, 1.0],
                [0.089238, -0.571336, -0.81585, -0.0, 0.9209, 0.359386, -0.150947, 0.393861, 0.379446, -0.737846, 0.558214, 0.0, 0.0, 0.0, 0.0, 1.0],
                [0.047157, -0.034167, -0.998303, 0.0, 0.871616, 0.489581, 0.024416, 0.39386, 0.487916, -0.871288, 0.052867, 0.0, 0.0, 0.0, 0.0, 1.0]
            ]
        },
        {
            "name": "Hand_R",
            "time": [0.0, 0.1167, 0.2667, 0.3, 0.4667, 0.6333, 0.9],
            "transform": [
                [0.999599, -0.023996, -0.015032, 0.0, 0.023395, 0.998967, -0.038953, 0.3, 0.015951, 0.038585, 0.999128, 0.0, 0.0, 0.0, 0.0, 1.0],
                [0.999599, -0.027445, 0.006967, -0.0, 0.023395, 0.661896, -0.74923, 0.3, 0.015951, 0.749093, 0.662273, -0.0, 0.0, 0.0, 0.0, 1.0],
                [0.999599, -0.022982, -0.01654, -0.0, 0.023395, 0.999408, 0.025218, 0.3, 0.015951, -0.025595, 0.999545, -0.0, 0.0, 0.0, 0.0, 1.0],
                [0.999599, -0.022982, -0.01654, -0.0, 0.023395, 0.999408, 0.025218, 0.3, 0.015951, -0.025595, 0.999545, -0.0, 0.0, 0.0, 0.0, 1.0],
                [0.999599, -0.028206, 0.002483, -0.0, 0.023395, 0.773318, -0.633586, 0.3, 0.015951, 0.63339, 0.773668, 0.0, 0.0, 0.0, 0.0, 1.0],
                [0.999599, -0.028126, -0.00327, 0.0, 0.023395, 0.885424, -0.464195, 0.3, 0.015951, 0.463933, 0.885727, 0.0, 0.0, 0.0, 0.0, 1.0],
                [0.999599, -0.023996, -0.015032, 0.0, 0.023395, 0.998967, -0.038953, 0.3, 0.015951, 0.038585, 0.999128, 0.0, 0.0, 0.0, 0.0, 1.0]
            ]
        },
        {
            "name": "Tool_R",
            "time": [0.0, 0.2667, 0.3, 0.4667, 0.9],
            "transform": [
                [1.0, 0.0, 0.0, 0.0, 0.0, -0.999836, 0.018122, 0.272858, 0.0, -0.018122, -0.999244, 0.0, 0.0, 0.0, 0.0, 1.0],
                [1.0, 0.0, 0.0, 0.0, 0.0, -0.999836, 0.018122, 0.272858, 0.0, -0.018122, -0.999244, -0.0, 0.0, 0.0, 0.0, 1.0],
                [1.0, 0.0, 0.0, 0.0, 0.0, -0.999836, 0.018122, 0.272858, 0.0, -0.018122, -0.999244, -0.0, 0.0, 0.0, 0.0, 1.0],
                [1.0, 0.0, 0.0, -0.0, 0.0, -0.999836, 0.018122, 0.272858, 0.0, -0.018122, -0.999244, -0.0, 0.0, 0.0, 0.0, 1.0],
                [1.0, -0.0, 0.0, -0.0, 0.0, -0.999836, 0.018122, 0.272858, 0.0, -0.018122, -0.999244, -0.0, 0.0, 0.0, 0.0, 1.0]
            ]
        },
        {
            "name": "Elbow_R",
            "time": [0.0, 0.2667, 0.3, 0.4667, 0.9],
            "transform": [
                [-1.0, 0.0, -0.0, 0.0, 0.0, -0.0, -1.0, 0.3, -0.0, -1.0, 0.0, 0.0, 0.0, 0.0, 0.0, 1.0],
                [-1.0, 0.0, -0.0, -0.0, 0.0, -0.0, -1.0, 0.3, -0.0, -1.0, 0.0, -0.0, 0.0, 0.0, 0.0, 1.0],
                [-1.0, 0.0, -0.0, -0.0, 0.0, -0.0, -1.0, 0.3, -0.0, -1.0, 0.0, -0.0, 0.0, 0.0, 0.0, 1.0],
                [-1.0, 0.0, 0.0, -0.0, 0.0, 0.0, -1.0, 0.3, -0.0, -1.0, 0.0, 0.0, 0.0, 0.0, 0.0, 1.0],
                [-1.0, 0.0, -0.0, 0.0, 0.0, -0.0, -1.0, 0.3, -0.0, -1.0, 0.0, 0.0, 0.0, 0.0, 0.0, 1.0]
            ]
        },
        {
            "name": "Shoulder_L",
            "time": [0.0, 0.2667, 0.3, 0.4667, 0.9],
            "transform": [
                [-0.007939, -0.952498, -0.304441, 0.0, -0.088921, -0.302572, 0.948969, 0.4, -0.996007, 0.034605, -0.082295, -0.0, 0.0, 0.0, 0.0, 1.0],
                [-0.007939, -0.952498, -0.304441, 0.0, -0.088921, -0.302572, 0.94897, 0.4, -0.996007, 0.034605, -0.082295, 0.0, 0.0, 0.0, 0.0, 1.0],
                [-0.007939, -0.952498, -0.304441, 0.0, -0.088921, -0.302572, 0.94897, 0.4, -0.996007, 0.034605, -0.082295, 0.0, 0.0, 0.0, 0.0, 1.0],
                [-0.007939, -0.952498, -0.304441, 0.0, -0.088921, -0.302572, 0.94897, 0.4, -0.996007, 0.034605, -0.082295, 0.0, 0.0, 0.0, 0.0, 1.0],
                [-0.007939, -0.952498, -0.304441, 0.0, -0.088921, -0.302572, 0.94897, 0.4, -0.996007, 0.034605, -0.082295, 0.0, 0.0, 0.0, 0.0, 1.0]
            ]
        },
        {
            "name": "Arm_L",
            "time": [0.0, 0.2667, 0.3, 0.4667, 0.9],
            "transform": [
                [0.2326, 0.109416, 0.966398, 0.0, -0.875693, 0.455886, 0.159153, 0.39386, -0.423154, -0.883287, 0.201854, 0.0, 0.0, 0.0, 0.0, 1.0],
                [0.172236, 0.26131, 0.949764, -0.0, -0.772497, 0.634087, -0.034369, 0.39386, -0.611214, -0.72777, 0.311074, 0.0, 0.0, 0.0, 0.0, 1.0],
                [0.172236, 0.26131, 0.949764, -0.0, -0.772497, 0.634087, -0.034369, 0.39386, -0.611214, -0.72777, 0.311074, 0.0, 0.0, 0.0, 0.0, 1.0],
                [0.172236, 0.26131, 0.949764, 0.0, -0.772497, 0.634087, -0.034369, 0.39386, -0.611214, -0.72777, 0.311074, 0.0, 0.0, 0.0, 0.0, 1.0],
                [0.2326, 0.109416, 0.966398, -0.0, -0.875693, 0.455886, 0.159153, 0.39386, -0.423154, -0.883287, 0.201854, -0.0, 0.0, 0.0, 0.0, 1.0]
            ]
        },
        {
            "name": "Hand_L",
            "time": [0.0, 0.2667, 0.3, 0.4667, 0.9],
            "transform": [
                [0.99991, 0.013059, 0.003198, 0.0, -0.012582, 0.992716, -0.119824, 0.3, -0.004739, 0.119773, 0.99279, -0.0, 0.0, 0.0, 0.0, 1.0],
                [0.99991, 0.013441, -0.000302, 0.0, -0.012582, 0.927568, -0.373443, 0.3, -0.004739, 0.373413, 0.927653, 0.0, 0.0, 0.0, 0.0, 1.0],
                [0.99991, 0.013441, -0.000302, 0.0, -0.012582, 0.927568, -0.373443, 0.3, -0.004739, 0.373413, 0.927653, 0.0, 0.0, 0.0, 0.0, 1.0],
                [0.99991, 0.013441, -0.000302, 0.0, -0.012582, 0.927568, -0.373443, 0.3, -0.004739, 0.373413, 0.927653, 0.0, 0.0, 0.0, 0.0, 1.0],
                [0.99991, 0.013059, 0.003198, -0.0, -0.012582, 0.992716, -0.119824, 0.3, -0.004739, 0.119773, 0.99279, -0.0, 0.0, 0.0, 0.0, 1.0]
            ]
        },
        {
            "name": "Tool_L",
            "time": [0.0, 0.2667, 0.3, 0.4667, 0.9],
            "transform": [
                [1.0, 0.0, 0.0, 0.0, 0.0, -0.999836, 0.018122, 0.272858, 0.0, -0.018122, -0.999247, -0.0, 0.0, 0.0, 0.0, 1.0],
                [1.0, -0.0, 0.0, 0.0, 0.0, -0.999836, 0.018122, 0.272858, 0.0, -0.018122, -0.999247, -0.0, 0.0, 0.0, 0.0, 1.0],
                [1.0, -0.0, 0.0, 0.0, 0.0, -0.999836, 0.018122, 0.272858, 0.0, -0.018122, -0.999247, -0.0, 0.0, 0.0, 0.0, 1.0],
                [1.0, 0.0, 0.0, 0.0, 0.0, -0.999836, 0.018122, 0.272858, 0.0, -0.018122, -0.999247, 0.0, 0.0, 0.0, 0.0, 1.0],
                [1.0, 0.0, 0.0, 0.0, 0.0, -0.999836, 0.018122, 0.272858, 0.0, -0.018122, -0.999248, -0.0, 0.0, 0.0, 0.0, 1.0]
            ]
        },
        {
            "name": "Elbow_L",
            "time": [0.0, 0.2667, 0.3, 0.4667, 0.9],
            "transform": [
                [-0.998967, -0.043093, -0.01444, -4.9e-05, 0.028309, -0.34145, -0.939473, 0.367197, 0.035554, -0.938911, 0.342317, -0.015902, 0.0, 0.0, 0.0, 1.0],
                [-0.998967, -0.043093, -0.01444, -4.9e-05, 0.028309, -0.34145, -0.939474, 0.367197, 0.035554, -0.938911, 0.342317, -0.015902, 0.0, 0.0, 0.0, 1.0],
                [-0.998967, -0.043093, -0.01444, -4.9e-05, 0.028309, -0.34145, -0.939474, 0.367197, 0.035554, -0.938911, 0.342317, -0.015902, 0.0, 0.0, 0.0, 1.0],
                [-0.998967, -0.043093, -0.01444, -4.9e-05, 0.028309, -0.34145, -0.939473, 0.367197, 0.035554, -0.938911, 0.342317, -0.015902, 0.0, 0.0, 0.0, 1.0],
                [-0.998967, -0.043093, -0.01444, -4.9e-05, 0.028309, -0.34145, -0.939473, 0.367197, 0.035554, -0.938911, 0.342317, -0.015902, 0.0, 0.0, 0.0, 1.0]
            ]
        }
    ]
}