{
    "animation": [
        {
            "name": "Root",
            "time": [0.0, 0.2333, 0.45, 0.6333, 0.9],
            "transform": [
                [0.854689, 0.010023, -0.519043, -5e-06, -0.51914, 0.016502, -0.85453, 0.030328, -0.0, 0.999814, 0.019308, 0.771957, 0.0, 0.0, 0.0, 1.0],
                [0.960442, 0.201363, 0.192366, 0.001409, 0.141717, 0.241223, -0.960067, 0.041259, -0.239725, 0.94935, 0.203144, 0.822275, 0.0, 0.0, 0.0, 1.0],
                [0.904361, -0.284457, -0.318142, 0.001409, -0.373087, -0.888925, -0.265743, -0.210135, -0.207212, 0.359022, -0.910037, 0.822275, 0.0, 0.0, 0.0, 1.0],
                [0.941601, -0.205955, -0.266401, 0.001409, -0.329446, -0.727111, -0.602308, -0.204594, -0.069655, 0.654899, -0.7525, 0.822275, 0.0, 0.0, 0.0, 1.0],
                [0.996171, 0.001688, -0.087412, -5e-06, -0.087428, 0.019234, -0.995985, -0.578313, -0.0, 0.999814, 0.019308, 0.771957, 0.0, 0.0, 0.0, 1.0]
            ]
        },
        {
            "name": "Thigh_R",
            "time": [0.0, 0.2333, 0.45, 0.6333, 0.9],
            "transform": [
                [0.996122, 0.056223, -0.067664, 0.124994, 0.068868, -0.976941, 0.202086, -0.002831, -0.054742, -0.205961, -0.977028, -1.2e-05, 0.0, 0.0, 0.0, 1.0],
                [0.975727, 0.217457, 0.025837, 0.124994, 0.163672, -0.802554, 0.573687, -0.002831, 0.145488, -0.555532, -0.818668, -1.2e-05, 0.0, 0.0, 0.0, 1.0],
                [0.972115, 0.197472, -0.126475, 0.124994, 0.065967, -0.747831, -0.660602, -0.002831, -0.225033, 0.633838, -0.740006, -1.2e-05, 0.0, 0.0, 0.0, 1.0],
                [0.972115, 0.189044, -0.138757, 0.124994, 0.065967, -0.788264, -0.611788, -0.002831, -0.225033, 0.585575, -0.778756, -1.2e-05, 0.0, 0.0, 0.0, 1.0],
                [0.996122, 0.056223, -0.067664, 0.124994, 0.068868, -0.976941, 0.202086, -0.002831, -0.054742, -0.205961, -0.977028, -1.2e-05, 0.0, 0.0, 0.0, 1.0]
            ]
        },
        {
            "name": "Leg_R",
            "time": [0.0, 0.2333, 0.45, 0.6333, 0.9],
            "transform": [
                [0.998294, -0.058059, -0.006132, 0.0, 0.058094, 0.97748, 0.202875, 0.37472, -0.005785, -0.202886, 0.979185, -0.0, 0.0, 0.0, 0.0, 1.0],
                [0.998294, -0.058059, -0.006132, -0.0, 0.058095, 0.97748, 0.202875, 0.37472, -0.005785, -0.202886, 0.979185, 0.0, 0.0, 0.0, 0.0, 1.0],
                [0.998294, -0.047471, -0.033985, 0.0, 0.058094, 0.750046, 0.65883, 0.37472, -0.005785, -0.659681, 0.751523, 0.0, 0.0, 0.0, 0.0, 1.0],
                [0.998294, -0.047471, -0.033985, 0.0, 0.058094, 0.750046, 0.65883, 0.37472, -0.005785, -0.659681, 0.751523, -0.0, 0.0, 0.0, 0.0, 1.0],
                [0.998294, -0.058059, -0.006132, 0.0, 0.058095, 0.97748, 0.202875, 0.37472, -0.005785, -0.202886, 0.979185, 0.0, 0.0, 0.0, 0.0, 1.0]
            ]
        },
        {
            "name": "Knee_R",
            "time": [0.0, 0.2333, 0.6333, 0.9],
            "transform": [
                [1.0, 0.0, -0.0, 0.0, -0.0, 1e-06, -1.0, 0.37472, -0.0, 1.0, 1e-06, -0.0, 0.0, 0.0, 0.0, 1.0],
                [1.0, 0.0, -0.0, -0.0, -0.0, 1e-06, -1.0, 0.37472, -0.0, 1.0, 1e-06, 0.0, 0.0, 0.0, 0.0, 1.0],
                [1.0, 0.0, -0.0, 0.0, -0.0, 1e-06, -1.0, 0.37472, -0.0, 1.0, 1e-06, -0.0, 0.0, 0.0, 0.0, 1.0],
                [1.0, 0.0, -0.0, 0.0, -0.0, 1e-06, -1.0, 0.37472, -0.0, 1.0, 1e-06, 0.0, 0.0, 0.0, 0.0, 1.0]
            ]
        },
        {
            "name": "Thigh_L",
            "time": [0.0, 0.2333, 0.3, 0.35, 0.45, 0.6333, 0.9],
            "transform": [
                [0.862919, -0.126282, -0.489308, -0.109662, -0.086164, -0.990862, 0.103769, -0.002831, -0.497941, -0.047383, -0.865915, 0.02525, 0.0, 0.0, 0.0, 1.0],
                [0.863576, -0.259194, -0.432497, -0.109662, -0.441996, -0.801916, -0.401959, -0.002831, -0.242641, 0.538285, -0.807078, 0.02525, 0.0, 0.0, 0.0, 1.0],
                [0.996932, -0.025547, -0.073981, -0.109662, -0.001677, -0.951989, 0.306127, -0.002831, -0.078249, -0.305064, -0.949111, 0.02525, 0.0, 0.0, 0.0, 1.0],
                [0.971268, -0.222329, -0.084894, -0.109662, -0.094788, -0.688604, 0.718915, -0.002831, -0.218294, -0.690213, -0.689894, 0.02525, 0.0, 0.0, 0.0, 1.0],
                [0.873064, -0.485358, -0.046764, -0.109662, -0.301916, -0.613403, 0.729782, -0.002831, -0.382891, -0.623028, -0.682078, 0.02525, 0.0, 0.0, 0.0, 1.0],
                [0.863576, -0.4858, 0.135034, -0.109662, -0.441995, -0.600482, 0.666379, -0.002831, -0.242641, -0.635154, -0.733283, 0.02525, 0.0, 0.0, 0.0, 1.0],
                [0.862919, -0.126282, -0.489308, -0.109662, -0.086164, -0.990862, 0.103769, -0.002831, -0.497941, -0.047383, -0.865915, 0.02525, 0.0, 0.0, 0.0, 1.0]
            ]
        },
        {
            "name": "Leg_L",
            "time": [0.0, 0.2333, 0.45, 0.6333, 0.75, 0.9],
            "transform": [
                [0.997933, 0.063289, 0.011181, 0.0, -0.064028, 0.994089, 0.087675, 0.37472, -0.005566, -0.088209, 0.996087, -0.0, 0.0, 0.0, 0.0, 1.0],
                [0.997933, 0.033694, 0.054728, 0.0, -0.064027, 0.594979, 0.801187, 0.37472, -0.005566, -0.803035, 0.595906, -0.0, 0.0, 0.0, 0.0, 1.0],
                [0.997933, 0.063539, 0.009657, 0.0, -0.064027, 0.995909, 0.063766, 0.37472, -0.005566, -0.064252, 0.997918, -0.0, 0.0, 0.0, 0.0, 1.0],
                [0.997933, 0.051585, 0.038334, 0.0, -0.064027, 0.849635, 0.523469, 0.37472, -0.005566, -0.524841, 0.851182, -0.0, 0.0, 0.0, 0.0, 1.0],
                [0.979163, -0.118827, 0.164681, 0.0, -0.124663, 0.288438, 0.949349, 0.37472, -0.160309, -0.950096, 0.267615, -0.0, 0.0, 0.0, 0.0, 1.0],
                [0.997933, 0.063289, 0.011181, -0.0, -0.064028, 0.994089, 0.087675, 0.37472, -0.005566, -0.088209, 0.996087, 0.0, 0.0, 0.0, 0.0, 1.0]
            ]
        },
        {
            "name": "Knee_L",
            "time": [0.0, 0.2333, 0.6333, 0.9],
            "transform": [
                [1.0, 0.0, -0.0, 0.0, -0.0, 1e-06, -1.0, 0.37472, -0.0, 1.0, 1e-06, -0.0, 0.0, 0.0, 0.0, 1.0],
                [1.0, 0.0, -0.0, 0.0, -0.0, 1e-06, -1.0, 0.37472, -0.0, 1.0, 1e-06, -0.0, 0.0, 0.0, 0.0, 1.0],
                [1.0, 0.0, -0.0, 0.0, -0.0, 1e-06, -1.0, 0.37472, -0.0, 1.0, 1e-06, -0.0, 0.0, 0.0, 0.0, 1.0],
                [1.0, 0.0, -0.0, -0.0, -0.0, 1e-06, -1.0, 0.37472, -0.0, 1.0, 1e-06, 0.0, 0.0, 0.0, 0.0, 1.0]
            ]
        },
        {
            "name": "Torso",
            "time": [0.0, 0.2333, 0.45, 0.6333, 0.9],
            "transform": [
                [0.965662, -0.025127, 0.258583, -0.0, 0.020968, 0.999603, 0.018828, 0.05, -0.258953, -0.012759, 0.965806, 0.0, 0.0, 0.0, 0.0, 1.0],
                [0.965662, -0.025127, 0.258583, 0.0, 0.020968, 0.999603, 0.018828, 0.05, -0.258953, -0.012759, 0.965806, -0.0, 0.0, 0.0, 0.0, 1.0],
                [0.965662, -0.08677, 0.244882, 0.0, 0.020968, 0.965533, 0.259436, 0.05, -0.258953, -0.245393, 0.934198, -0.0, 0.0, 0.0, 0.0, 1.0],
                [0.965662, -0.138819, 0.219603, -0.0, 0.020968, 0.884162, 0.466709, 0.05, -0.258953, -0.446079, 0.856713, 0.0, 0.0, 0.0, 0.0, 1.0],
                [0.965662, -0.025127, 0.258583, -0.0, 0.020968, 0.999603, 0.018828, 0.05, -0.258953, -0.012759, 0.965806, -0.0, 0.0, 0.0, 0.0, 1.0]
            ]
        },
        {
            "name": "Chest",
            "time": [0.0, 0.2333, 0.45, 0.6333, 0.9],
            "transform": [
                [0.997431, -0.023894, 0.067533, -0.0, 0.022738, 0.999582, 0.017843, 0.3, -0.067931, -0.016261, 0.997558, -0.0, 0.0, 0.0, 0.0, 1.0],
                [0.997431, -0.032302, 0.063939, 0.0, 0.022738, 0.989167, 0.145024, 0.3, -0.067931, -0.143197, 0.98736, -0.0, 0.0, 0.0, 0.0, 1.0],
                [0.997431, -0.060368, 0.038566, 0.0, 0.022738, 0.77732, 0.628695, 0.3, -0.067931, -0.626202, 0.776696, -0.0, 0.0, 0.0, 0.0, 1.0],
                [0.997431, -0.060368, 0.038566, 0.0, 0.022738, 0.77732, 0.628695, 0.3, -0.067931, -0.626202, 0.776696, -0.0, 0.0, 0.0, 0.0, 1.0],
                [0.997431, -0.023894, 0.067533, -0.0, 0.022738, 0.999582, 0.017843, 0.3, -0.067931, -0.016261, 0.997558, 0.0, 0.0, 0.0, 0.0, 1.0]
            ]
        },
        {
            "name": "Head",
            "time": [0.0, 0.2333, 0.6333, 0.9],
            "transform": [
                [0.989016, 0.03176, 0.144357, 0.0, -0.026637, 0.99895, -0.037285, 0.4, -0.145389, 0.033031, 0.988823, -0.0, 0.0, 0.0, 0.0, 1.0],
                [0.989016, 0.03176, 0.144357, 0.0, -0.026637, 0.99895, -0.037286, 0.4, -0.145389, 0.033031, 0.988823, 0.0, 0.0, 0.0, 0.0, 1.0],
                [0.989016, 0.03176, 0.144357, 0.0, -0.026637, 0.998949, -0.037285, 0.4, -0.145389, 0.033031, 0.988823, -0.0, 0.0, 0.0, 0.0, 1.0],
                [0.989016, 0.03176, 0.144357, 0.0, -0.026637, 0.99895, -0.037286, 0.4, -0.145389, 0.033031, 0.988823, -0.0, 0.0, 0.0, 0.0, 1.0]
            ]
        },
        {
            "name": "Shoulder_R",
            "time": [0.0, 0.2333, 0.6333, 0.9],
            "transform": [
                [-0.059544, 0.923942, 0.37787, 0.0, -0.044266, -0.380613, 0.923674, 0.4, 0.997244, 0.038273, 0.063562, -0.0, 0.0, 0.0, 0.0, 1.0],
                [-0.059544, 0.923942, 0.37787, 0.0, -0.044266, -0.380613, 0.923674, 0.4, 0.997244, 0.038273, 0.063562, 0.0, 0.0, 0.0, 0.0, 1.0],
                [-0.059544, 0.923942, 0.37787, 0.0, -0.044266, -0.380613, 0.923674, 0.4, 0.997244, 0.038273, 0.063562, -0.0, 0.0, 0.0, 0.0, 1.0],
                [-0.059544, 0.923942, 0.37787, 0.0, -0.044266, -0.380613, 0.923674, 0.4, 0.997244, 0.038273, 0.063562, -0.0, 0.0, 0.0, 0.0, 1.0]
            ]
        },
        {
            "name": "Arm_R",
            "time": [0.0, 0.2333, 0.45, 0.6333, 0.9],
            "transform": [
                [0.047157, -0.034167, -0.998303, -0.0, 0.871616, 0.489581, 0.024416, 0.39386, 0.487916, -0.871288, 0.052867, 0.0, 0.0, 0.0, 0.0, 1.0],
                [0.047157, -0.034167, -0.998303, 0.0, 0.871616, 0.489581, 0.024416, 0.39386, 0.487916, -0.871288, 0.052867, -0.0, 0.0, 0.0, 0.0, 1.0],
                [0.055772, -0.01675, -0.998303, -0.0, 0.662021, 0.749087, 0.024416, 0.393861, 0.747407, -0.66226, 0.052867, -0.0, 0.0, 0.0, 0.0, 1.0],
                [0.051896, -0.026419, -0.998303, 0.0, 0.784885, 0.619161, 0.024416, 0.393861, 0.617465, -0.78482, 0.052867, 0.0, 0.0, 0.0, 0.0, 1.0],
                [0.047157, -0.034167, -0.998303, 0.0, 0.871616, 0.489581, 0.024416, 0.393861, 0.487916, -0.871288, 0.052867, 0.0, 0.0, 0.0, 0.0, 1.0]
            ]
        },
        {
            "name": "Hand_R",
            "time": [0.0, 0.2333, 0.6333, 0.9],
            "transform": [
                [0.999599, -0.023996, -0.015032, 0.0, 0.023395, 0.998967, -0.038953, 0.3, 0.015951, 0.038585, 0.999128, 0.0, 0.0, 0.0, 0.0, 1.0],
                [0.999599, -0.028289, -0.001218, -0.0, 0.023395, 0.849372, -0.527277, 0.3, 0.015951, 0.527037, 0.849693, -0.0, 0.0, 0.0, 0.0, 1.0],
                [0.999599, -0.028289, -0.001218, 0.0, 0.023395, 0.849372, -0.527277, 0.3, 0.015951, 0.527037, 0.849693, 0.0, 0.0, 0.0, 0.0, 1.0],
                [0.999599, -0.023996, -0.015032, 0.0, 0.023395, 0.998967, -0.038953, 0.3, 0.015951, 0.038585, 0.999128, -0.0, 0.0, 0.0, 0.0, 1.0]
            ]
        },
        {
            "name": "Tool_R",
            "time": [0.0, 0.2333, 0.6333, 0.9],
            "transform": [
                [1.0, 0.0, 0.0, 0.0, 0.0, -0.999836, 0.018122, 0.272858, 0.0, -0.018122, -0.999244, 0.0, 0.0, 0.0, 0.0, 1.0],
                [1.0, 0.0, 0.0, 0.0, -0.0, -0.999836, 0.018122, 0.272858, 0.0, -0.018122, -0.999244, -0.0, 0.0, 0.0, 0.0, 1.0],
                [1.0, 0.0, 0.0, 0.0, 0.0, -0.999836, 0.018122, 0.272858, 0.0, -0.018122, -0.999244, 0.0, 0.0, 0.0, 0.0, 1.0],
                [1.0, 0.0, 0.0, 0.0, 0.0, -0.999836, 0.018122, 0.272858, 0.0, -0.018122, -0.999244, 0.0, 0.0, 0.0, 0.0, 1.0]
            ]
        },
        {
            "name": "Elbow_R",
            "time": [0.0, 0.2333, 0.6333, 0.9],
            "transform": [
                [-1.0, 0.0, -0.0, 0.0, 0.0, -0.0, -1.0, 0.3, -0.0, -1.0, 0.0, 0.0, 0.0, 0.0, 0.0, 1.0],
                [-1.0, 0.0, -0.0, -0.0, 0.0, -0.0, -1.0, 0.3, -0.0, -1.0, 0.0, -0.0, 0.0, 0.0, 0.0, 1.0],
                [-1.0, 0.0, -0.0, 0.0, 0.0, -0.0, -1.0, 0.3, -0.0, -1.0, 0.0, 0.0, 0.0, 0.0, 0.0, 1.0],
                [-1.0, 0.0, -0.0, 0.0, 0.0, -0.0, -1.0, 0.3, -0.0, -1.0, 0.0, -0.0, 0.0, 0.0, 0.0, 1.0]
            ]
        },
        {
            "name": "Shoulder_L",
            "time": [0.0, 0.2333, 0.6333, 0.9],
            "transform": [
                [-0.007939, -0.952498, -0.304441, 0.0, -0.088921, -0.302572, 0.948969, 0.4, -0.996007, 0.034605, -0.082295, -0.0, 0.0, 0.0, 0.0, 1.0],
                [-0.007939, -0.952498, -0.304441, 0.0, -0.088921, -0.302572, 0.94897, 0.4, -0.996007, 0.034605, -0.082295, 0.0, 0.0, 0.0, 0.0, 1.0],
                [-0.007939, -0.952498, -0.304441, 0.0, -0.088921, -0.302572, 0.948969, 0.4, -0.996007, 0.034605, -0.082295, -0.0, 0.0, 0.0, 0.0, 1.0],
                [-0.007939, -0.952498, -0.304441, 0.0, -0.088921, -0.302572, 0.94897, 0.4, -0.996007, 0.034605, -0.082295, -0.0, 0.0, 0.0, 0.0, 1.0]
            ]
        },
        {
            "name": "Arm_L",
            "time": [0.0, 0.2333, 0.4333, 0.6333, 0.9],
            "transform": [
                [0.2326, 0.109416, 0.966398, 0.0, -0.875693, 0.455886, 0.159153, 0.39386, -0.423154, -0.883287, 0.201854, 0.0, 0.0, 0.0, 0.0, 1.0],
                [0.25705, -0.425295, 0.867784, -0.0, -0.599771, 0.633887, 0.488325, 0.39386, -0.75776, -0.645996, -0.09214, 0.0, 0.0, 0.0, 0.0, 1.0],
                [0.28761, 0.129754, 0.948917, 0.0, -0.759924, 0.633942, 0.143643, 0.39386, -0.58292, -0.762418, 0.280931, 0.0, 0.0, 0.0, 0.0, 1.0],
                [0.255557, 0.027663, 0.966398, 0.0, -0.679381, 0.716318, 0.159153, 0.39386, -0.687846, -0.697225, 0.201854, 0.0, 0.0, 0.0, 0.0, 1.0],
                [0.2326, 0.109416, 0.966398, 0.0, -0.875693, 0.455886, 0.159153, 0.39386, -0.423154, -0.883287, 0.201854, 0.0, 0.0, 0.0, 0.0, 1.0]
            ]
        },
        {
            "name": "Hand_L",
            "time": [0.0, 0.2333, 0.6333, 0.9],
            "transform": [
                [0.99991, 0.013059, 0.003198, 0.0, -0.012582, 0.992716, -0.119824, 0.3, -0.004739, 0.119773, 0.99279, -0.0, 0.0, 0.0, 0.0, 1.0],
                [0.99991, 0.013059, 0.003198, -0.0, -0.012582, 0.992716, -0.119824, 0.3, -0.004739, 0.119773, 0.99279, 0.0, 0.0, 0.0, 0.0, 1.0],
                [0.99991, 0.013059, 0.003198, -0.0, -0.012582, 0.992716, -0.119824, 0.3, -0.004739, 0.119773, 0.99279, 0.0, 0.0, 0.0, 0.0, 1.0],
                [0.99991, 0.013059, 0.003198, -0.0, -0.012582, 0.992716, -0.119824, 0.3, -0.004739, 0.119773, 0.99279, 0.0, 0.0, 0.0, 0.0, 1.0]
            ]
        },
        {
            "name": "Tool_L",
            "time": [0.0, 0.2333, 0.6333, 0.9],
            "transform": [
                [1.0, 0.0, 0.0, 0.0, 0.0, -0.999836, 0.018122, 0.272858, 0.0, -0.018122, -0.999247, -0.0, 0.0, 0.0, 0.0, 1.0],
                [1.0, -0.0, 0.0, -0.0, 0.0, -0.999836, 0.018122, 0.272858, 0.0, -0.018122, -0.999247, -0.0, 0.0, 0.0, 0.0, 1.0],
                [1.0, 0.0, 0.0, 0.0, 0.0, -0.999836, 0.018122, 0.272858, 0.0, -0.018122, -0.999247, 0.0, 0.0, 0.0, 0.0, 1.0],
                [1.0, 0.0, 0.0, 0.0, 0.0, -0.999836, 0.018122, 0.272858, 0.0, -0.018122, -0.999247, -0.0, 0.0, 0.0, 0.0, 1.0]
            ]
        },
        {
            "name": "Elbow_L",
            "time": [0.0, 0.2333, 0.6333, 0.9],
            "transform": [
                [-0.998967, -0.043093, -0.01444, -4.9e-05, 0.028309, -0.34145, -0.939473, 0.367197, 0.035554, -0.938911, 0.342317, -0.015902, 0.0, 0.0, 0.0, 1.0],
                [-0.998967, -0.043093, -0.01444, -4.9e-05, 0.028309, -0.34145, -0.939474, 0.367197, 0.035554, -0.938912, 0.342317, -0.015902, 0.0, 0.0, 0.0, 1.0],
                [-0.998967, -0.043093, -0.01444, -4.9e-05, 0.028309, -0.34145, -0.939473, 0.367197, 0.035554, -0.938911, 0.342317, -0.015902, 0.0, 0.0, 0.0, 1.0],
                [-0.998967, -0.043093, -0.01444, -4.9e-05, 0.028309, -0.34145, -0.939473, 0.367197, 0.035554, -0.938911, 0.342317, -0.015902, 0.0, 0.0, 0.0, 1.0]
            ]
        }
    ]
}