{
    "animation": [
        {
            "name": "Root",
            "time": [0.0, 0.2333, 0.2667, 0.4667, 0.9],
            "transform": [
                [0.854689, 0.010023, -0.519043, -5e-06, -0.51914, 0.016502, -0.85453, 0.030328, -0.0, 0.999814, 0.019308, 0.771957, 0.0, 0.0, 0.0, 1.0],
                [0.128817, 0.006373, -0.991648, -0.036826, -0.986415, -0.101972, -0.128793, -0.052342, -0.101941, 0.994767, -0.006849, 1.085718, 0.0, 0.0, 0.0, 1.0],
                [0.128817, 0.006373, -0.991648, -0.033655, -0.986415, -0.101972, -0.128793, -0.033682, -0.101941, 0.994767, -0.006849, 1.053228, 0.0, 0.0, 0.0, 1.0],
                [0.959088, 0.238495, 0.152545, -0.033655, 0.119354, 0.147977, -0.981762, -1.216313, -0.256719, 0.959804, 0.113458, 1.245857, 0.0, 0.0, 0.0, 1.0],
                [0.874539, -0.031891, -0.483905, -0.033655, -0.484954, -0.055706, -0.872764, -1.890203, 0.000877, 0.997938, -0.064183, 1.053228, 0.0, 0.0, 0.0, 1.0]
            ]
        },
        {
            "name": "Thigh_R",
            "time": [0.0, 0.1167, 0.2333, 0.2667, 0.4667, 0.9],
            "transform": [
                [0.996122, 0.056223, -0.067664, 0.124994, 0.068868, -0.976941, 0.202086, -0.002831, -0.054742, -0.205961, -0.977028, -1.2e-05, 0.0, 0.0, 0.0, 1.0],
                [0.796519, 0.427593, -0.427459, 0.124994, 0.419745, -0.899928, -0.11807, -0.002831, -0.435169, -0.085378, -0.896292, -1.2e-05, 0.0, 0.0, 0.0, 1.0],
                [0.54777, 0.149721, -0.823123, 0.124994, 0.309894, -0.950182, 0.033395, -0.002831, -0.777118, -0.273373, -0.566881, -1.2e-05, 0.0, 0.0, 0.0, 1.0],
                [0.54777, 0.149721, -0.823123, 0.124994, 0.309894, -0.950182, 0.033395, -0.002831, -0.777118, -0.273373, -0.566881, -1.2e-05, 0.0, 0.0, 0.0, 1.0],
                [0.908948, 0.300047, -0.289455, 0.124994, 0.40968, -0.514095, 0.75357, -0.002831, 0.077298, -0.803538, -0.590211, -1.2e-05, 0.0, 0.0, 0.0, 1.0],
                [0.996122, 0.056223, -0.067664, 0.124994, 0.068868, -0.976941, 0.202086, -0.002831, -0.054742, -0.205961, -0.977028, -1.2e-05, 0.0, 0.0, 0.0, 1.0]
            ]
        },
        {
            "name": "Leg_R",
            "time": [0.0, 0.2333, 0.2667, 0.4667, 0.9],
            "transform": [
                [0.998294, -0.058059, -0.006132, 0.0, 0.058094, 0.97748, 0.202875, 0.37472, -0.005785, -0.202886, 0.979185, -0.0, 0.0, 0.0, 0.0, 1.0],
                [0.998294, -0.036093, -0.045889, -0.0, 0.058095, 0.536235, 0.842066, 0.37472, -0.005785, -0.843297, 0.537417, -0.0, 0.0, 0.0, 0.0, 1.0],
                [0.998294, -0.036093, -0.045889, 0.0, 0.058095, 0.536235, 0.842066, 0.37472, -0.005785, -0.843297, 0.537417, 0.0, 0.0, 0.0, 0.0, 1.0],
                [0.998294, -0.051464, -0.027566, -0.0, 0.058095, 0.828887, 0.556391, 0.37472, -0.005785, -0.557044, 0.830462, 0.0, 0.0, 0.0, 0.0, 1.0],
                [0.998294, -0.058059, -0.006132, -0.0, 0.058094, 0.97748, 0.202875, 0.37472, -0.005785, -0.202886, 0.979185, 0.0, 0.0, 0.0, 0.0, 1.0]
            ]
        },
        {
            "name": "Knee_R",
            "time": [0.0, 0.2667, 0.4667, 0.9],
            "transform": [
                [1.0, 0.0, -0.0, 0.0, -0.0, 1e-06, -1.0, 0.37472, -0.0, 1.0, 1e-06, -0.0, 0.0, 0.0, 0.0, 1.0],
                [1.0, 0.0, -0.0, 0.0, -0.0, 1e-06, -1.0, 0.37472, -0.0, 1.0, 1e-06, 0.0, 0.0, 0.0, 0.0, 1.0],
                [1.0, 0.0, -0.0, -0.0, -0.0, 1e-06, -1.0, 0.37472, -0.0, 1.0, 1e-06, 0.0, 0.0, 0.0, 0.0, 1.0],
                [1.0, 0.0, -0.0, -0.0, -0.0, 1e-06, -1.0, 0.37472, -0.0, 1.0, 1e-06, 0.0, 0.0, 0.0, 0.0, 1.0]
            ]
        },
        {
            "name": "Thigh_L",
            "time": [0.0, 0.1167, 0.2333, 0.2667, 0.4667, 0.9],
            "transform": [
                [0.862919, -0.126282, -0.489308, -0.109662, -0.086164, -0.990862, 0.103769, -0.002831, -0.497941, -0.047383, -0.865915, 0.02525, 0.0, 0.0, 0.0, 1.0],
                [0.522548, -0.790375, -0.319766, -0.109662, -0.463275, -0.578057, 0.671733, -0.002831, -0.715764, -0.202873, -0.668225, 0.02525, 0.0, 0.0, 0.0, 1.0],
                [0.5846, -0.604794, -0.540802, -0.109662, -0.375966, -0.792623, 0.479998, -0.002831, -0.718952, -0.077284, -0.69075, 0.02525, 0.0, 0.0, 0.0, 1.0],
                [0.5846, -0.604794, -0.540802, -0.109662, -0.375966, -0.792623, 0.479998, -0.002831, -0.718952, -0.077284, -0.69075, 0.02525, 0.0, 0.0, 0.0, 1.0],
                [0.931674, 0.086312, -0.352891, -0.109662, 0.344121, -0.521051, 0.78108, -0.002831, -0.116458, -0.84915, -0.515152, 0.02525, 0.0, 0.0, 0.0, 1.0],
                [0.862919, -0.126282, -0.489308, -0.109662, -0.086164, -0.990862, 0.103769, -0.002831, -0.497941, -0.047383, -0.865915, 0.02525, 0.0, 0.0, 0.0, 1.0]
            ]
        },
        {
            "name": "Leg_L",
            "time": [0.0, 0.2333, 0.2667, 0.4667, 0.9],
            "transform": [
                [0.997933, 0.063289, 0.011181, 0.0, -0.064028, 0.994089, 0.087675, 0.37472, -0.005566, -0.088209, 0.996087, -0.0, 0.0, 0.0, 0.0, 1.0],
                [0.997933, 0.041872, 0.048757, 0.0, -0.064028, 0.713433, 0.697792, 0.37472, -0.005567, -0.699471, 0.714639, -0.0, 0.0, 0.0, 0.0, 1.0],
                [0.997933, 0.041872, 0.048757, 0.0, -0.064028, 0.713433, 0.697792, 0.37472, -0.005567, -0.699471, 0.714639, -0.0, 0.0, 0.0, 0.0, 1.0],
                [0.997933, 0.05873, 0.026102, -0.0, -0.064028, 0.943674, 0.324621, 0.37472, -0.005567, -0.325621, 0.945484, 0.0, 0.0, 0.0, 0.0, 1.0],
                [0.997933, 0.063289, 0.011181, -0.0, -0.064028, 0.994089, 0.087675, 0.37472, -0.005566, -0.088209, 0.996087, 0.0, 0.0, 0.0, 0.0, 1.0]
            ]
        },
        {
            "name": "Knee_L",
            "time": [0.0, 0.2667, 0.4667, 0.9],
            "transform": [
                [1.0, 0.0, -0.0, 0.0, -0.0, 1e-06, -1.0, 0.37472, -0.0, 1.0, 1e-06, -0.0, 0.0, 0.0, 0.0, 1.0],
                [1.0, 0.0, -0.0, 0.0, -0.0, 1e-06, -1.0, 0.37472, -0.0, 1.0, 1e-06, -0.0, 0.0, 0.0, 0.0, 1.0],
                [1.0, 0.0, -0.0, -0.0, -0.0, 1e-06, -1.0, 0.37472, -0.0, 1.0, 1e-06, 0.0, 0.0, 0.0, 0.0, 1.0],
                [1.0, 0.0, -0.0, -0.0, -0.0, 1e-06, -1.0, 0.37472, -0.0, 1.0, 1e-06, 0.0, 0.0, 0.0, 0.0, 1.0]
            ]
        },
        {
            "name": "Torso",
            "time": [0.0, 0.2333, 0.2667, 0.4667, 0.9],
            "transform": [
                [0.965662, -0.025127, 0.258583, -0.0, 0.020968, 0.999603, 0.018828, 0.05, -0.258953, -0.012759, 0.965806, 0.0, 0.0, 0.0, 0.0, 1.0],
                [0.931854, -0.244163, 0.268389, 0.0, 0.222207, 0.968793, 0.109834, 0.05, -0.286831, -0.042711, 0.957029, -0.0, 0.0, 0.0, 0.0, 1.0],
                [0.931854, -0.244163, 0.268389, 0.0, 0.222207, 0.968793, 0.109834, 0.05, -0.286831, -0.042711, 0.957029, 0.0, 0.0, 0.0, 0.0, 1.0],
                [0.931854, -0.244163, 0.268389, 0.0, 0.222207, 0.968793, 0.109834, 0.05, -0.286831, -0.042711, 0.957029, 0.0, 0.0, 0.0, 0.0, 1.0],
                [0.965662, -0.025127, 0.258583, -0.0, 0.020968, 0.999603, 0.018828, 0.05, -0.258953, -0.012759, 0.965806, -0.0, 0.0, 0.0, 0.0, 1.0]
            ]
        },
        {
            "name": "Chest",
            "time": [0.0, 0.1167, 0.2333, 0.2667, 0.3833, 0.4667, 0.9],
            "transform": [
                [0.997431, -0.023894, 0.067533, -0.0, 0.022738, 0.999582, 0.017843, 0.3, -0.067931, -0.016261, 0.997558, -0.0, 0.0, 0.0, 0.0, 1.0],
                [0.977193, -0.092887, -0.190958, 0.0, 0.158204, 0.918301, 0.362896, 0.3, 0.141648, -0.38483, 0.912054, 0.0, 0.0, 0.0, 0.0, 1.0],
                [0.964452, -0.115024, 0.23791, -0.0, 0.018767, 0.927838, 0.37251, 0.3, -0.26359, -0.354803, 0.897015, -0.0, 0.0, 0.0, 0.0, 1.0],
                [0.963726, -0.168591, 0.206903, 0.0, 0.070641, 0.908709, 0.411409, 0.3, -0.257375, -0.38187, 0.887656, 0.0, 0.0, 0.0, 0.0, 1.0],
                [0.704311, -0.090731, 0.70407, 0.0, -0.159977, 0.946001, 0.28194, 0.3, -0.691631, -0.311208, 0.651764, 0.0, 0.0, 0.0, 0.0, 1.0],
                [0.963726, -0.168591, 0.206903, 0.0, 0.070641, 0.908709, 0.411409, 0.3, -0.257375, -0.38187, 0.887656, -0.0, 0.0, 0.0, 0.0, 1.0],
                [0.997431, -0.023894, 0.067533, 0.0, 0.022738, 0.999582, 0.017843, 0.3, -0.067931, -0.016261, 0.997558, -0.0, 0.0, 0.0, 0.0, 1.0]
            ]
        },
        {
            "name": "Head",
            "time": [0.0, 0.1167, 0.2333, 0.2667, 0.4667, 0.9],
            "transform": [
                [0.989016, 0.03176, 0.144357, 0.0, -0.026637, 0.99895, -0.037285, 0.4, -0.145389, 0.033031, 0.988823, -0.0, 0.0, 0.0, 0.0, 1.0],
                [0.509418, 0.03176, 0.859933, 0.0, 0.012255, 0.99895, -0.044154, 0.4, -0.860432, 0.033031, 0.508494, 0.0, 0.0, 0.0, 0.0, 1.0],
                [0.684768, 0.03176, 0.728069, -0.0, 0.002326, 0.99895, -0.045764, 0.4, -0.728757, 0.033031, 0.683975, -0.0, 0.0, 0.0, 0.0, 1.0],
                [0.684768, 0.03176, 0.728069, -0.0, 0.002326, 0.99895, -0.045764, 0.4, -0.728757, 0.033031, 0.683975, -0.0, 0.0, 0.0, 0.0, 1.0],
                [0.927208, -0.03044, -0.373309, 0.0, -0.041786, 0.982063, -0.183866, 0.4, 0.372209, 0.186081, 0.909304, 0.0, 0.0, 0.0, 0.0, 1.0],
                [0.989016, 0.03176, 0.144357, 0.0, -0.026637, 0.99895, -0.037285, 0.4, -0.145389, 0.033031, 0.988823, 0.0, 0.0, 0.0, 0.0, 1.0]
            ]
        },
        {
            "name": "Shoulder_R",
            "time": [0.0, 0.2667, 0.4667, 0.9],
            "transform": [
                [-0.059544, 0.923942, 0.37787, 0.0, -0.044266, -0.380613, 0.923674, 0.4, 0.997244, 0.038273, 0.063562, -0.0, 0.0, 0.0, 0.0, 1.0],
                [-0.059544, 0.923942, 0.37787, -0.0, -0.044266, -0.380613, 0.923674, 0.4, 0.997244, 0.038273, 0.063562, -0.0, 0.0, 0.0, 0.0, 1.0],
                [-0.059544, 0.923942, 0.37787, 0.0, -0.044266, -0.380613, 0.923674, 0.4, 0.997244, 0.038273, 0.063562, 0.0, 0.0, 0.0, 0.0, 1.0],
                [-0.059544, 0.923942, 0.37787, 0.0, -0.044266, -0.380613, 0.923674, 0.4, 0.997243, 0.038273, 0.063562, 0.0, 0.0, 0.0, 0.0, 1.0]
            ]
        },
        {
            "name": "Arm_R",
            "time": [0.0, 0.2333, 0.2667, 0.4667, 0.9],
            "transform": [
                [0.047157, -0.034167, -0.998303, -0.0, 0.871616, 0.489581, 0.024416, 0.39386, 0.487916, -0.871288, 0.052867, 0.0, 0.0, 0.0, 0.0, 1.0],
                [-0.41286, 0.486226, -0.77015, 0.0, 0.788603, 0.613895, -0.035176, 0.39386, 0.455688, -0.621866, -0.636892, -0.0, 0.0, 0.0, 0.0, 1.0],
                [-0.511589, 0.442163, -0.736728, -0.0, 0.649749, 0.760132, 0.005018, 0.39386, 0.56223, -0.476121, -0.67617, 0.0, 0.0, 0.0, 0.0, 1.0],
                [0.241555, -0.453833, -0.857722, 0.0, 0.316399, 0.872427, -0.372508, 0.393861, 0.917356, -0.181402, 0.354331, -0.0, 0.0, 0.0, 0.0, 1.0],
                [0.047157, -0.034167, -0.998303, 0.0, 0.871616, 0.489581, 0.024416, 0.39386, 0.487916, -0.871288, 0.052867, 0.0, 0.0, 0.0, 0.0, 1.0]
            ]
        },
        {
            "name": "Hand_R",
            "time": [0.0, 0.2333, 0.2667, 0.4667, 0.9],
            "transform": [
                [0.999599, -0.023996, -0.015032, 0.0, 0.023395, 0.998967, -0.038953, 0.3, 0.015951, 0.038585, 0.999128, 0.0, 0.0, 0.0, 0.0, 1.0],
                [0.999599, -0.027465, -0.006888, -0.0, 0.023395, 0.93812, -0.34552, 0.3, 0.015951, 0.34522, 0.938386, 0.0, 0.0, 0.0, 0.0, 1.0],
                [0.999599, -0.027465, -0.006888, 0.0, 0.023395, 0.93812, -0.34552, 0.3, 0.015951, 0.34522, 0.938386, -0.0, 0.0, 0.0, 0.0, 1.0],
                [0.999599, -0.027465, -0.006888, -0.0, 0.023395, 0.93812, -0.34552, 0.3, 0.015951, 0.34522, 0.938386, 0.0, 0.0, 0.0, 0.0, 1.0],
                [0.999599, -0.023996, -0.015032, 0.0, 0.023395, 0.998967, -0.038953, 0.3, 0.015951, 0.038585, 0.999128, 0.0, 0.0, 0.0, 0.0, 1.0]
            ]
        },
        {
            "name": "Tool_R",
            "time": [0.0, 0.2667, 0.4667, 0.9],
            "transform": [
                [1.0, 0.0, 0.0, 0.0, 0.0, -0.999836, 0.018122, 0.272858, 0.0, -0.018122, -0.999244, 0.0, 0.0, 0.0, 0.0, 1.0],
                [1.0, 0.0, 0.0, -0.0, 0.0, -0.999836, 0.018122, 0.272858, 0.0, -0.018122, -0.999244, 0.0, 0.0, 0.0, 0.0, 1.0],
                [1.0, 0.0, 0.0, -0.0, 0.0, -0.999836, 0.018122, 0.272858, 0.0, -0.018122, -0.999244, 0.0, 0.0, 0.0, 0.0, 1.0],
                [1.0, -0.0, 0.0, -0.0, 0.0, -0.999836, 0.018122, 0.272858, 0.0, -0.018122, -0.999244, -0.0, 0.0, 0.0, 0.0, 1.0]
            ]
        },
        {
            "name": "Elbow_R",
            "time": [0.0, 0.2667, 0.4667, 0.9],
            "transform": [
                [-1.0, 0.0, -0.0, 0.0, 0.0, -0.0, -1.0, 0.3, -0.0, -1.0, 0.0, 0.0, 0.0, 0.0, 0.0, 1.0],
                [-1.0, 0.0, 0.0, 0.0, 0.0, -0.0, -1.0, 0.3, -0.0, -1.0, 0.0, -0.0, 0.0, 0.0, 0.0, 1.0],
                [-1.0, 0.0, -0.0, -0.0, -0.0, 0.0, -1.0, 0.3, -0.0, -1.0, 0.0, 0.0, 0.0, 0.0, 0.0, 1.0],
                [-1.0, 0.0, -0.0, 0.0, 0.0, -0.0, -1.0, 0.3, -0.0, -1.0, 0.0, 0.0, 0.0, 0.0, 0.0, 1.0]
            ]
        },
        {
            "name": "Shoulder_L",
            "time": [0.0, 0.2667, 0.4667, 0.9],
            "transform": [
                [-0.007939, -0.952498, -0.304441, 0.0, -0.088921, -0.302572, 0.948969, 0.4, -0.996007, 0.034605, -0.082295, -0.0, 0.0, 0.0, 0.0, 1.0],
                [-0.007939, -0.952498, -0.304441, -0.0, -0.088921, -0.302572, 0.94897, 0.4, -0.996007, 0.034605, -0.082295, -0.0, 0.0, 0.0, 0.0, 1.0],
                [-0.007939, -0.952498, -0.304441, 0.0, -0.088921, -0.302572, 0.94897, 0.4, -0.996007, 0.034605, -0.082295, 0.0, 0.0, 0.0, 0.0, 1.0],
                [-0.007939, -0.952498, -0.304441, 0.0, -0.088921, -0.302572, 0.94897, 0.4, -0.996007, 0.034605, -0.082295, 0.0, 0.0, 0.0, 0.0, 1.0]
            ]
        },
        {
            "name": "Arm_L",
            "time": [0.0, 0.1167, 0.2333, 0.2667, 0.3833, 0.4667, 0.5833, 0.7333, 0.9],
            "transform": [
                [0.2326, 0.109416, 0.966398, 0.0, -0.875693, 0.455886, 0.159153, 0.39386, -0.423154, -0.883287, 0.201854, 0.0, 0.0, 0.0, 0.0, 1.0],
                [0.429426, 0.850571, 0.303515, 0.0, -0.589913, 0.518661, -0.618864, 0.39386, -0.68381, 0.086709, 0.724489, -0.0, 0.0, 0.0, 0.0, 1.0],
                [0.676077, 0.675412, -0.294515, 0.0, -0.72021, 0.69016, -0.070541, 0.39386, 0.155618, 0.259804, 0.95304, 0.0, 0.0, 0.0, 0.0, 1.0],
                [0.676077, 0.608674, -0.415255, -0.0, -0.72021, 0.664914, -0.197956, 0.39386, 0.155618, 0.432904, 0.887906, -0.0, 0.0, 0.0, 0.0, 1.0],
                [0.377981, -0.305099, -0.874097, -0.0, -0.923454, -0.056886, -0.379469, 0.39386, 0.066051, 0.95062, -0.303247, -0.0, 0.0, 0.0, 0.0, 1.0],
                [0.25946, -0.239635, -0.935551, 0.0, -0.961269, -0.157336, -0.226292, 0.39386, -0.092968, 0.958029, -0.271176, -0.0, 0.0, 0.0, 0.0, 1.0],
                [0.263486, 0.229469, -0.936974, 0.0, -0.9584, -0.048231, -0.281323, 0.39386, -0.109746, 0.97212, 0.207215, -0.0, 0.0, 0.0, 0.0, 1.0],
                [0.346849, 0.835494, 0.426198, -0.0, -0.882725, 0.444372, -0.152742, 0.39386, -0.317005, -0.323237, 0.891642, 0.0, 0.0, 0.0, 0.0, 1.0],
                [0.2326, 0.109416, 0.966398, -0.0, -0.875693, 0.455886, 0.159153, 0.39386, -0.423154, -0.883287, 0.201854, -0.0, 0.0, 0.0, 0.0, 1.0]
            ]
        },
        {
            "name": "Hand_L",
            "time": [0.0, 0.2333, 0.2667, 0.4667, 0.9],
            "transform": [
                [0.99991, 0.013059, 0.003198, 0.0, -0.012582, 0.992716, -0.119824, 0.3, -0.004739, 0.119773, 0.99279, -0.0, 0.0, 0.0, 0.0, 1.0],
                [0.99991, 0.012143, 0.005772, -0.0, -0.012582, 0.99644, 0.083358, 0.3, -0.004739, -0.083423, 0.996503, -0.0, 0.0, 0.0, 0.0, 1.0],
                [0.99991, 0.012143, 0.005772, -0.0, -0.012582, 0.996441, 0.083358, 0.3, -0.004739, -0.083423, 0.996503, 0.0, 0.0, 0.0, 0.0, 1.0],
                [0.99991, 0.013165, -0.002728, 0.0, -0.012582, 0.844735, -0.535037, 0.3, -0.004739, 0.535023, 0.844825, -0.0, 0.0, 0.0, 0.0, 1.0],
                [0.99991, 0.013059, 0.003198, -0.0, -0.012582, 0.992716, -0.119824, 0.3, -0.004739, 0.119773, 0.99279, -0.0, 0.0, 0.0, 0.0, 1.0]
            ]
        },
        {
            "name": "Tool_L",
            "time": [0.0, 0.2667, 0.4667, 0.9],
            "transform": [
                [1.0, 0.0, 0.0, 0.0, 0.0, -0.999836, 0.018122, 0.272858, 0.0, -0.018122, -0.999247, -0.0, 0.0, 0.0, 0.0, 1.0],
                [1.0, 0.0, 0.0, -0.0, 0.0, -0.999836, 0.018122, 0.272858, 0.0, -0.018122, -0.999247, -0.0, 0.0, 0.0, 0.0, 1.0],
                [1.0, 0.0, 0.0, -0.0, 0.0, -0.999836, 0.018122, 0.272858, 0.0, -0.018122, -0.999247, 0.0, 0.0, 0.0, 0.0, 1.0],
                [1.0, 0.0, 0.0, 0.0, 0.0, -0.999836, 0.018122, 0.272858, 0.0, -0.018122, -0.999248, -0.0, 0.0, 0.0, 0.0, 1.0]
            ]
        },
        {
            "name": "Elbow_L",
            "time": [0.0, 0.2667, 0.4667, 0.9],
            "transform": [
                [-0.998967, -0.043093, -0.01444, -4.9e-05, 0.028309, -0.34145, -0.939473, 0.367197, 0.035554, -0.938911, 0.342317, -0.015902, 0.0, 0.0, 0.0, 1.0],
                [-0.998967, -0.043093, -0.01444, -4.9e-05, 0.028309, -0.34145, -0.939474, 0.367197, 0.035554, -0.938912, 0.342317, -0.015901, 0.0, 0.0, 0.0, 1.0],
                [-0.998967, -0.043093, -0.01444, -4.9e-05, 0.028309, -0.34145, -0.939474, 0.367197, 0.035554, -0.938912, 0.342317, -0.015902, 0.0, 0.0, 0.0, 1.0],
                [-0.998967, -0.043093, -0.01444, -4.9e-05, 0.028309, -0.34145, -0.939473, 0.367197, 0.035554, -0.938911, 0.342317, -0.015902, 0.0, 0.0, 0.0, 1.0]
            ]
        }
    ]
}