{
    
    "animation": [
        {
            "name": "Root",
            "time": [0.0, 0.3, 0.3667, 0.5667, 0.7167, 0.8833],
            "transform": [
                [0.854689, 0.0, -0.51914, -5e-06, -0.51914, 0.0, -0.854689, 0.000946, 0.0, 1.0, 0.0, 0.755725, 0.0, 0.0, 0.0, 1.0],
                [0.81609, 0.0, 0.577925, -5e-06, 0.577925, 0.0, -0.81609, 0.000946, 0.0, 1.0, 0.0, 0.71461, 0.0, 0.0, 0.0, 1.0],
                [0.81609, 0.0, 0.577925, -5e-06, 0.577925, 0.0, -0.81609, 0.000946, 0.0, 1.0, 0.0, 0.659512, 0.0, 0.0, 0.0, 1.0],
                [0.81609, 0.0, 0.577925, -5e-06, 0.577925, 0.0, -0.81609, 0.000946, 0.0, 1.0, 0.0, 0.659512, 0.0, 0.0, 0.0, 1.0],
                [0.81609, 0.0, 0.577925, -0.08231, 0.577925, 0.0, -0.81609, -0.39165, 0.0, 1.0, 0.0, 0.600931, 0.0, 0.0, 0.0, 1.0],
                [0.81609, 0.0, 0.577925, -0.08231, 0.577925, 0.0, -0.81609, -0.39165, 0.0, 1.0, 0.0, 0.600931, 0.0, 0.0, 0.0, 1.0]
            ]
        },
        {
            "name": "Thigh_R",
            "time": [0.0, 0.3, 0.3667, 0.5667, 0.7167, 0.8833],
            "transform": [
                [0.996122, 0.056386, -0.067528, 0.124994, 0.068868, -0.977426, 0.199728, -0.002831, -0.054742, -0.203604, -0.977522, -1.2e-05, 0.0, 0.0, 0.0, 1.0],
                [0.859829, 0.363959, 0.358087, 0.124994, 0.014776, -0.718774, 0.695085, -0.002831, 0.510367, -0.592362, -0.623403, -1.2e-05, 0.0, 0.0, 0.0, 1.0],
                [0.806939, 0.421312, 0.413937, 0.124994, 0.032677, -0.731605, 0.680943, -0.002831, 0.589729, -0.535953, -0.60413, -1.2e-05, 0.0, 0.0, 0.0, 1.0],
                [0.857507, 0.363749, 0.363824, 0.124994, 0.012886, -0.722141, 0.691624, -0.002831, 0.514311, -0.588383, -0.62393, -1.2e-05, 0.0, 0.0, 0.0, 1.0],
                [0.85983, 0.43941, 0.260021, 0.124994, 0.014776, -0.530466, 0.847577, -0.002831, 0.510367, -0.724928, -0.462605, -1.2e-05, 0.0, 0.0, 0.0, 1.0],
                [0.85983, 0.43941, 0.260021, 0.124994, 0.014776, -0.530466, 0.847577, -0.002831, 0.510367, -0.724928, -0.462605, -1.2e-05, 0.0, 0.0, 0.0, 1.0]
            ]
        },
        {
            "name": "Leg_R",
            "time": [0.0, 0.3, 0.3667, 0.5667, 0.7167, 0.8833],
            "transform": [
                [1.0, -0.0, 2e-06, -0.0, -0.0, 0.9661, 0.258173, 0.37472, -2e-06, -0.258173, 0.966098, -0.0, 0.0, 0.0, 0.0, 1.0],
                [1.0, -1e-06, 2e-06, -0.0, -0.0, 0.916428, 0.400201, 0.37472, -2e-06, -0.400202, 0.916426, -0.0, 0.0, 0.0, 0.0, 1.0],
                [1.0, -1e-06, 1e-06, 0.0, -0.0, 0.735595, 0.677421, 0.37472, -2e-06, -0.677422, 0.735594, 0.0, 0.0, 0.0, 0.0, 1.0],
                [1.0, -1e-06, 1e-06, 0.0, -0.0, 0.735595, 0.677421, 0.37472, -2e-06, -0.677422, 0.735594, 0.0, 0.0, 0.0, 0.0, 1.0],
                [1.0, -1e-06, 2e-06, -0.0, -0.0, 0.821068, 0.57083, 0.37472, -2e-06, -0.570831, 0.821067, -0.0, 0.0, 0.0, 0.0, 1.0],
                [1.0, -1e-06, 2e-06, -0.0, -0.0, 0.821068, 0.57083, 0.37472, -2e-06, -0.570831, 0.821067, -0.0, 0.0, 0.0, 0.0, 1.0]
            ]
        },
        {
            "name": "Knee_R",
            "time": [0.0, 0.7167, 0.8833],
            "transform": [
                [1.0, 0.0, -0.0, -0.0, -0.0, 1e-06, -1.0, 0.37472, -0.0, 1.0, 1e-06, -0.0, 0.0, 0.0, 0.0, 1.0],
                [1.0, 0.0, -0.0, -0.0, -0.0, 0.566145, -0.824306, 0.37472, -0.0, 0.824306, 0.566145, -0.0, 0.0, 0.0, 0.0, 1.0],
                [1.0, 0.0, -0.0, -0.0, -0.0, 0.566145, -0.824306, 0.37472, -0.0, 0.824306, 0.566145, -0.0, 0.0, 0.0, 0.0, 1.0]
            ]
        },
        {
            "name": "Thigh_L",
            "time": [0.0, 0.3, 0.5667, 0.7167, 0.8833],
            "transform": [
                [0.866588, -0.133703, -0.480778, -0.125006, -0.027838, -0.974891, 0.220935, -0.002831, -0.498245, -0.178075, -0.848552, -1.2e-05, 0.0, 0.0, 0.0, 1.0],
                [0.756123, -0.372275, -0.538226, -0.125006, -0.391652, -0.91631, 0.083573, -0.002831, -0.524294, 0.147607, -0.838646, -1.2e-05, 0.0, 0.0, 0.0, 1.0],
                [0.756123, -0.372275, -0.538226, -0.125006, -0.391652, -0.91631, 0.083573, -0.002831, -0.524294, 0.147607, -0.838646, -1.2e-05, 0.0, 0.0, 0.0, 1.0],
                [0.647852, -0.55918, -0.517306, -0.125006, -0.664742, -0.74664, -0.02542, -0.002831, -0.372026, 0.360344, -0.855423, -1.2e-05, 0.0, 0.0, 0.0, 1.0],
                [0.647852, -0.55918, -0.517306, -0.125006, -0.664742, -0.74664, -0.02542, -0.002831, -0.372026, 0.360344, -0.855423, -1.2e-05, 0.0, 0.0, 0.0, 1.0]
            ]
        },
        {
            "name": "Leg_L",
            "time": [0.0, 0.1667, 0.3, 0.3667, 0.5667, 0.8833],
            "transform": [
                [1.0, -0.0, 1e-06, 0.0, 0.0, 0.984973, 0.172708, 0.37472, -1e-06, -0.172708, 0.984973, 0.0, 0.0, 0.0, 0.0, 1.0],
                [1.0, -1e-06, 0.0, -0.0, 0.0, 0.388746, 0.921345, 0.37472, -1e-06, -0.921345, 0.388746, -0.0, 0.0, 0.0, 0.0, 1.0],
                [1.0, -1e-06, 1e-06, 0.0, 0.0, 0.89727, 0.441482, 0.37472, -1e-06, -0.441482, 0.897271, -0.0, 0.0, 0.0, 0.0, 1.0],
                [1.0, -1e-06, 0.0, -0.0, 0.0, 0.780409, 0.625269, 0.37472, -1e-06, -0.625269, 0.78041, -0.0, 0.0, 0.0, 0.0, 1.0],
                [1.0, -1e-06, 0.0, -0.0, 0.0, 0.780409, 0.625269, 0.37472, -1e-06, -0.625269, 0.78041, -0.0, 0.0, 0.0, 0.0, 1.0],
                [1.0, -1e-06, 1e-06, 0.0, 0.0, 0.780409, 0.625269, 0.37472, -1e-06, -0.625268, 0.78041, -0.0, 0.0, 0.0, 0.0, 1.0]
            ]
        },
        {
            "name": "Knee_L",
            "time": [0.0, 0.8833],
            "transform": [
                [1.0, 0.0, -0.0, 0.0, -0.0, 1e-06, -1.0, 0.37472, -0.0, 1.0, 1e-06, 0.0, 0.0, 0.0, 0.0, 1.0],
                [1.0, 0.0, -0.0, 0.0, -0.0, 1e-06, -1.0, 0.37472, -0.0, 1.0, 1e-06, -0.0, 0.0, 0.0, 0.0, 1.0]
            ]
        },
        {
            "name": "Torso",
            "time": [0.0, 0.3, 0.8833],
            "transform": [
                [0.99978, -0.020971, -0.000197, -0.0, 0.020971, 0.999603, 0.018833, 0.05, -0.000198, -0.018833, 0.999823, 0.0, 0.0, 0.0, 0.0, 1.0],
                [0.915286, -0.020971, 0.402259, 0.0, 0.011616, 0.999603, 0.025682, 0.05, -0.402638, -0.018833, 0.915166, -0.0, 0.0, 0.0, 0.0, 1.0],
                [0.915286, -0.020971, 0.402259, 0.0, 0.011616, 0.999603, 0.025682, 0.05, -0.402638, -0.018833, 0.915166, -0.0, 0.0, 0.0, 0.0, 1.0]
            ]
        },
        {
            "name": "Chest",
            "time": [0.0, 0.3, 0.3667, 0.5667, 0.7167, 0.8833],
            "transform": [
                [0.999771, -0.021411, -0.000206, 0.0, 0.021411, 0.999586, 0.019228, 0.3, -0.000206, -0.019228, 0.999815, 0.0, 0.0, 0.0, 0.0, 1.0],
                [0.783267, -0.021411, 0.621316, -0.0, 0.00482, 0.999586, 0.028371, 0.3, -0.621666, -0.019228, 0.783046, -0.0, 0.0, 0.0, 0.0, 1.0],
                [0.844909, -0.021411, 0.534481, -0.0, 0.00781, 0.999586, 0.027698, 0.3, -0.534853, -0.019228, 0.844727, -0.0, 0.0, 0.0, 0.0, 1.0],
                [0.844909, -0.021411, 0.534481, -0.0, 0.00781, 0.999586, 0.027698, 0.3, -0.534853, -0.019228, 0.844727, -0.0, 0.0, 0.0, 0.0, 1.0],
                [0.809813, -0.241934, 0.534481, -0.0, 0.269315, 0.962654, 0.027698, 0.3, -0.521221, 0.121514, 0.844727, -0.0, 0.0, 0.0, 0.0, 1.0],
                [0.851949, -0.112856, 0.511319, -0.0, 0.116814, 0.992851, 0.024505, 0.3, -0.510429, 0.038853, 0.859042, -0.0, 0.0, 0.0, 0.0, 1.0]
            ]
        },
        {
            "name": "Head",
            "time": [0.0, 0.3, 0.5667, 0.7167, 0.8833],
            "transform": [
                [0.85311, 0.037721, 0.520365, -0.0, -0.006297, 0.998055, -0.062025, 0.4, -0.521693, 0.049637, 0.851688, 0.0, 0.0, 0.0, 0.0, 1.0],
                [0.022861, 0.037721, -0.999027, 0.0, -0.050521, 0.998055, 0.036528, 0.4, 0.998461, 0.049637, 0.024722, -0.0, 0.0, 0.0, 0.0, 1.0],
                [0.022861, 0.037721, -0.999027, 0.0, -0.050521, 0.998055, 0.036528, 0.4, 0.998461, 0.049637, 0.024722, 0.0, 0.0, 0.0, 0.0, 1.0],
                [0.022861, 0.260496, -0.965204, 0.0, -0.050521, 0.964524, 0.259116, 0.4, 0.998461, 0.04284, 0.03521, 0.0, 0.0, 0.0, 0.0, 1.0],
                [0.022861, 0.260496, -0.965204, 0.0, -0.050521, 0.964524, 0.259116, 0.4, 0.998461, 0.04284, 0.03521, 0.0, 0.0, 0.0, 0.0, 1.0]
            ]
        },
        {
            "name": "Shoulder_R",
            "time": [0.0, 0.3, 0.8833],
            "transform": [
                [0.089555, 0.949274, 0.301428, -0.0, -0.003656, -0.302328, 0.953197, 0.4, 0.995975, -0.086466, -0.023605, 0.0, 0.0, 0.0, 0.0, 1.0],
                [-0.142441, 0.942789, 0.301428, 0.0, 0.069495, -0.294255, 0.953197, 0.4, 0.98736, 0.156722, -0.023605, -0.0, 0.0, 0.0, 0.0, 1.0],
                [-0.142441, 0.942789, 0.301428, 0.0, 0.069495, -0.294255, 0.953197, 0.4, 0.98736, 0.156722, -0.023605, 0.0, 0.0, 0.0, 0.0, 1.0]
            ]
        },
        {
            "name": "Arm_R",
            "time": [0.0, 0.3, 0.5667, 0.7167, 0.8833],
            "transform": [
                [0.021071, 0.013447, -0.999687, -0.0, 0.946416, 0.322036, 0.02428, 0.39386, 0.322262, -0.946632, -0.005941, -0.0, 0.0, 0.0, 0.0, 1.0],
                [0.99839, -0.05407, -0.01714, -0.0, 0.047903, 0.965573, -0.255684, 0.393861, 0.030374, 0.254452, 0.966608, -0.0, 0.0, 0.0, 0.0, 1.0],
                [0.99839, -0.05407, -0.01714, -0.0, 0.047903, 0.965573, -0.255684, 0.39386, 0.030374, 0.254452, 0.966608, -0.0, 0.0, 0.0, 0.0, 1.0],
                [0.99839, -0.047769, -0.030584, 0.0, 0.047903, 0.998845, 0.00366, 0.39386, 0.030374, -0.005119, 0.999525, 0.0, 0.0, 0.0, 0.0, 1.0],
                [0.99839, -0.047769, -0.030584, 0.0, 0.047903, 0.998845, 0.00366, 0.39386, 0.030374, -0.005119, 0.999526, 0.0, 0.0, 0.0, 0.0, 1.0]
            ]
        },
        {
            "name": "Hand_R",
            "time": [0.0, 0.5667, 0.7167, 0.8833],
            "transform": [
                [0.999985, 0.001325, 0.005391, -0.0, -0.00125, 0.999903, -0.013885, 0.3, -0.005409, 0.013878, 0.999889, 0.0, 0.0, 0.0, 0.0, 1.0],
                [0.999985, 0.001325, 0.005391, -0.0, -0.00125, 0.999903, -0.013885, 0.3, -0.005409, 0.013878, 0.999889, -0.0, 0.0, 0.0, 0.0, 1.0],
                [0.999985, 0.005032, 0.002344, -0.0, -0.00125, 0.615585, -0.78807, 0.3, -0.005409, 0.788054, 0.615582, 0.0, 0.0, 0.0, 0.0, 1.0],
                [0.999985, 0.001717, 0.005279, 0.0, -0.00125, 0.996189, -0.087212, 0.3, -0.005409, 0.087204, 0.996176, -0.0, 0.0, 0.0, 0.0, 1.0]
            ]
        },
        {
            "name": "Tool_R",
            "time": [0.0, 0.8833],
            "transform": [
                [1.0, 0.0, 0.0, 0.0, 0.0, -0.999836, 0.018122, 0.272858, 0.0, -0.018122, -0.999244, 0.0, 0.0, 0.0, 0.0, 1.0],
                [1.0, 0.0, 0.0, -0.0, 0.0, -0.999836, 0.018122, 0.272858, 0.0, -0.018122, -0.999244, 0.0, 0.0, 0.0, 0.0, 1.0]
            ]
        },
        {
            "name": "Elbow_R",
            "time": [0.0, 0.5667, 0.7167, 0.8833],
            "transform": [
                [-1.0, 0.0, -0.0, -0.0, 0.0, -0.0, -1.0, 0.3, -0.0, -1.0, 0.0, 0.0, 0.0, 0.0, 0.0, 1.0],
                [-1.0, 0.0, -0.0, -0.0, 0.0, -0.0, -1.0, 0.3, -0.0, -1.0, 0.0, -0.0, 0.0, 0.0, 0.0, 1.0],
                [-1.0, 0.0, 0.0, -0.0, -0.0, 0.563503, -0.826114, 0.3, -0.0, -0.826114, -0.563503, 0.0, 0.0, 0.0, 0.0, 1.0],
                [-1.0, 0.0, 0.0, 0.0, -0.0, 0.563503, -0.826114, 0.3, -0.0, -0.826114, -0.563503, -0.0, 0.0, 0.0, 0.0, 1.0]
            ]
        },
        {
            "name": "Shoulder_L",
            "time": [0.0, 0.8833],
            "transform": [
                [0.088499, -0.949454, -0.301172, -0.0, -0.003902, -0.302687, 0.953082, 0.4, -0.996068, -0.083172, -0.030493, 0.0, 0.0, 0.0, 0.0, 1.0],
                [0.088499, -0.949454, -0.301172, 0.0, -0.003902, -0.302687, 0.953082, 0.4, -0.996069, -0.083172, -0.030493, 0.0, 0.0, 0.0, 0.0, 1.0]
            ]
        },
        {
            "name": "Arm_L",
            "time": [0.0, 0.3, 0.3667, 0.5667, 0.7167, 0.8833],
            "transform": [
                [0.159467, 0.003163, 0.987198, -0.0, -0.915361, 0.374973, 0.146661, 0.39386, -0.369709, -0.92703, 0.062691, -0.0, 0.0, 0.0, 0.0, 1.0],
                [0.156318, -0.031692, 0.987198, 0.0, -0.811545, 0.565583, 0.146661, 0.39386, -0.562991, -0.824082, 0.062691, 0.0, 0.0, 0.0, 0.0, 1.0],
                [0.156318, -0.031692, 0.987198, 0.0, -0.811545, 0.565583, 0.146661, 0.39386, -0.562991, -0.824082, 0.062691, -0.0, 0.0, 0.0, 0.0, 1.0],
                [0.156318, -0.031692, 0.987198, 0.0, -0.811545, 0.565583, 0.146661, 0.39386, -0.562991, -0.824082, 0.062691, -0.0, 0.0, 0.0, 0.0, 1.0],
                [0.143207, -0.089192, 0.985665, 0.0, -0.552357, 0.819187, 0.15438, 0.39386, -0.821214, -0.566548, 0.068047, 0.0, 0.0, 0.0, 0.0, 1.0],
                [0.143207, -0.089192, 0.985666, 0.0, -0.552357, 0.819187, 0.15438, 0.39386, -0.821214, -0.566548, 0.068047, -0.0, 0.0, 0.0, 0.0, 1.0]
            ]
        },
        {
            "name": "Hand_L",
            "time": [0.0, 0.3667, 0.5667, 0.8833],
            "transform": [
                [0.99932, -0.036878, 0.000448, 0.0, 0.03687, 0.999235, 0.013035, 0.3, -0.000928, -0.013009, 0.999915, 0.0, 0.0, 0.0, 0.0, 1.0],
                [0.99932, -0.032666, 0.017121, 0.0, 0.03687, 0.896523, -0.44146, 0.3, -0.000928, 0.441791, 0.897118, -0.0, 0.0, 0.0, 0.0, 1.0],
                [0.99932, -0.032666, 0.017121, 0.0, 0.03687, 0.896523, -0.44146, 0.3, -0.000928, 0.441791, 0.897118, -0.0, 0.0, 0.0, 0.0, 1.0],
                [0.99932, -0.032666, 0.017121, 0.0, 0.036869, 0.896523, -0.44146, 0.3, -0.000928, 0.441791, 0.897118, 0.0, 0.0, 0.0, 0.0, 1.0]
            ]
        },
        {
            "name": "Tool_L",
            "time": [0.0, 0.8833],
            "transform": [
                [1.0, 0.0, 0.0, -0.0, 0.0, -0.999836, 0.018122, 0.272858, 0.0, -0.018122, -0.999247, -0.0, 0.0, 0.0, 0.0, 1.0],
                [1.0, 0.0, 0.0, -0.0, -0.0, -0.999836, 0.018122, 0.272858, 0.0, -0.018122, -0.999247, -0.0, 0.0, 0.0, 0.0, 1.0]
            ]
        },
        {
            "name": "Elbow_L",
            "time": [0.0, 0.8833],
            "transform": [
                [-1.0, 0.0, -0.0, 0.0, 0.0, -0.0, -1.0, 0.3, -0.0, -1.0, -0.0, 0.0, 0.0, 0.0, 0.0, 1.0],
                [-1.0, 0.0, -0.0, 0.0, 0.0, -0.0, -1.0, 0.3, -0.0, -1.0, -0.0, 0.0, 0.0, 0.0, 0.0, 1.0]
            ]
        }
    ]
}