{
    "animation": [
        {
            "name": "Root",
            "time": [0.0, 0.2833, 0.35, 0.5667, 0.8833, 1.1],
            "transform": [
                [0.602922, 0.010193, -0.797735, -5e-06, -0.79777, 0.016398, -0.602739, -0.027869, 0.006938, 0.999814, 0.018018, 0.591802, 0.0, 0.0, 0.0, 1.0],
                [0.854689, 0.010023, -0.519043, -5e-06, -0.491127, -0.308379, -0.814676, 0.452312, -0.168228, 0.951211, -0.258645, 0.712977, 0.0, 0.0, 0.0, 1.0],
                [0.854689, 0.010023, -0.519043, -5e-06, -0.51914, 0.016502, -0.85453, 0.452312, -0.0, 0.999814, 0.019308, 0.657415, 0.0, 0.0, 0.0, 1.0],
                [0.99665, -0.002758, -0.081744, 0.021934, -0.081676, 0.019383, -0.99647, -2.04547, 0.004332, 0.999808, 0.019093, 0.651905, 0.0, 0.0, 0.0, 1.0],
                [0.886291, -0.000652, -0.463128, -0.007342, -0.463031, 0.019297, -0.886132, -2.298753, 0.009515, 0.999814, 0.016801, 0.710023, 0.0, 0.0, 0.0, 1.0],
                [0.854689, 0.010023, -0.519043, -5e-06, -0.51914, 0.016502, -0.85453, -2.150033, -0.0, 0.999814, 0.019308, 0.771957, 0.0, 0.0, 0.0, 1.0]
            ]
        },
        {
            "name": "Thigh_R",
            "time": [0.0, 0.1667, 0.2833, 0.4167, 0.8833, 1.1],
            "transform": [
                [0.687938, 0.333769, -0.644468, 0.124994, 0.024448, -0.89813, -0.439046, -0.002831, -0.725357, 0.28628, -0.626019, -1.2e-05, 0.0, 0.0, 0.0, 1.0],
                [0.954274, 0.289455, -0.074666, 0.124994, 0.297471, -0.894858, 0.332772, -0.002831, 0.029507, -0.339766, -0.940047, -1.2e-05, 0.0, 0.0, 0.0, 1.0],
                [0.954274, 0.29181, -0.064857, 0.124994, 0.297471, -0.905576, 0.302388, -0.002831, 0.029507, -0.307853, -0.950976, -1.2e-05, 0.0, 0.0, 0.0, 1.0],
                [0.98264, 0.179429, -0.047142, 0.124994, 0.158529, -0.680129, 0.715746, -0.002831, 0.096363, -0.710792, -0.696769, -1.2e-05, 0.0, 0.0, 0.0, 1.0],
                [0.857482, 0.222991, -0.463681, 0.124994, 0.270085, -0.962132, 0.03676, -0.002831, -0.437926, -0.156754, -0.88524, -1.2e-05, 0.0, 0.0, 0.0, 1.0],
                [0.996122, 0.056223, -0.067664, 0.124994, 0.068868, -0.976941, 0.202086, -0.002831, -0.054742, -0.205961, -0.977028, -1.2e-05, 0.0, 0.0, 0.0, 1.0]
            ]
        },
        {
            "name": "Leg_R",
            "time": [0.0, 0.1667, 0.2833, 0.4167, 0.5667, 0.8833, 1.1],
            "transform": [
                [0.998294, -0.053602, -0.023136, 0.0, 0.058094, 0.872778, 0.484649, 0.37472, -0.005785, -0.485167, 0.874402, 0.0, 0.0, 0.0, 0.0, 1.0],
                [0.998294, -0.045849, -0.036143, -0.0, 0.058094, 0.718789, 0.692796, 0.37472, -0.005785, -0.693715, 0.720226, 0.0, 0.0, 0.0, 0.0, 1.0],
                [0.998294, -0.045849, -0.036143, 0.0, 0.058094, 0.71879, 0.692796, 0.37472, -0.005785, -0.693715, 0.720226, -0.0, 0.0, 0.0, 0.0, 1.0],
                [0.998294, -0.05794, -0.007168, -0.0, 0.058094, 0.9737, 0.220305, 0.37472, -0.005785, -0.220346, 0.975404, -0.0, 0.0, 0.0, 0.0, 1.0],
                [0.998294, -0.051522, -0.027457, 0.0, 0.058094, 0.83006, 0.55464, 0.37472, -0.005785, -0.55529, 0.831636, 0.0, 0.0, 0.0, 0.0, 1.0],
                [0.998294, -0.05794, -0.007168, 0.0, 0.058095, 0.9737, 0.220305, 0.37472, -0.005785, -0.220346, 0.975404, -0.0, 0.0, 0.0, 0.0, 1.0],
                [0.998294, -0.058059, -0.006132, 0.0, 0.058094, 0.97748, 0.202875, 0.37472, -0.005785, -0.202886, 0.979185, -0.0, 0.0, 0.0, 0.0, 1.0]
            ]
        },
        {
            "name": "Knee_R",
            "time": [0.0, 0.2833, 0.8833, 1.1],
            "transform": [
                [1.0, 0.0, -0.0, 0.0, -0.0, 1e-06, -1.0, 0.37472, -0.0, 1.0, 1e-06, 0.0, 0.0, 0.0, 0.0, 1.0],
                [1.0, 0.0, -0.0, 0.0, -0.0, 1e-06, -1.0, 0.37472, -0.0, 1.0, 1e-06, -0.0, 0.0, 0.0, 0.0, 1.0],
                [1.0, 0.0, -0.0, 0.0, -0.0, 1e-06, -1.0, 0.37472, -0.0, 1.0, 1e-06, -0.0, 0.0, 0.0, 0.0, 1.0],
                [1.0, 0.0, -0.0, 0.0, -0.0, 1e-06, -1.0, 0.37472, -0.0, 1.0, 1e-06, -0.0, 0.0, 0.0, 0.0, 1.0]
            ]
        },
        {
            "name": "Thigh_L",
            "time": [0.0, 0.1667, 0.2833, 0.3833, 0.4167, 0.5667, 0.8833, 1.1],
            "transform": [
                [0.557828, -0.607397, -0.565593, -0.109662, -0.019408, -0.690834, 0.722752, -0.002831, -0.829729, -0.392195, -0.397156, 0.02525, 0.0, 0.0, 0.0, 1.0],
                [0.862919, -0.352175, -0.362413, -0.109662, -0.086164, -0.809201, 0.58118, -0.002831, -0.497941, -0.470284, -0.728619, 0.02525, 0.0, 0.0, 0.0, 1.0],
                [0.862919, -0.380125, -0.332979, -0.109662, -0.086164, -0.759946, 0.64425, -0.002831, -0.497941, -0.527245, -0.688525, 0.02525, 0.0, 0.0, 0.0, 1.0],
                [0.548576, -0.746292, -0.376979, -0.109662, -0.818467, -0.571435, -0.059778, -0.002831, -0.170807, 0.341338, -0.92429, 0.02525, 0.0, 0.0, 0.0, 1.0],
                [0.874014, -0.38082, -0.301787, -0.109662, -0.430154, -0.895263, -0.116067, -0.002831, -0.225978, 0.231259, -0.946284, 0.02525, 0.0, 0.0, 0.0, 1.0],
                [0.958871, -0.249401, -0.135512, -0.109662, -0.165002, -0.878255, 0.448824, -0.002831, -0.230951, -0.408005, -0.883286, 0.02525, 0.0, 0.0, 0.0, 1.0],
                [0.838787, -0.26564, -0.475258, -0.109662, -0.057875, -0.911457, 0.407304, -0.002831, -0.541373, -0.314136, -0.779893, 0.02525, 0.0, 0.0, 0.0, 1.0],
                [0.862919, -0.126282, -0.489308, -0.109662, -0.086164, -0.990862, 0.103769, -0.002831, -0.497941, -0.047383, -0.865915, 0.02525, 0.0, 0.0, 0.0, 1.0]
            ]
        },
        {
            "name": "Leg_L",
            "time": [0.0, 0.1667, 0.2833, 0.4167, 0.5667, 0.8833, 1.1],
            "transform": [
                [0.997933, 0.058257, 0.02714, 0.0, -0.064028, 0.937762, 0.341324, 0.37472, -0.005566, -0.342356, 0.939554, 0.0, 0.0, 0.0, 0.0, 1.0],
                [0.997933, 0.042412, 0.048288, -0.0, -0.064028, 0.721155, 0.689809, 0.37472, -0.005567, -0.691474, 0.72238, -0.0, 0.0, 0.0, 0.0, 1.0],
                [0.997933, 0.042412, 0.048288, 0.0, -0.064028, 0.721155, 0.689809, 0.37472, -0.005567, -0.691474, 0.72238, -0.0, 0.0, 0.0, 0.0, 1.0],
                [0.997933, 0.040137, 0.050195, -0.0, -0.064028, 0.688526, 0.72238, 0.37472, -0.005567, -0.7241, 0.689672, -0.0, 0.0, 0.0, 0.0, 1.0],
                [0.997933, 0.019732, 0.061165, 0.0, -0.064028, 0.387664, 0.919575, 0.37472, -0.005567, -0.921589, 0.388127, 0.0, 0.0, 0.0, 0.0, 1.0],
                [0.997933, 0.060902, 0.020528, -0.0, -0.064027, 0.969769, 0.235475, 0.37472, -0.005566, -0.236303, 0.971664, -0.0, 0.0, 0.0, 0.0, 1.0],
                [0.997933, 0.063289, 0.011181, -0.0, -0.064028, 0.994089, 0.087675, 0.37472, -0.005566, -0.088209, 0.996087, -0.0, 0.0, 0.0, 0.0, 1.0]
            ]
        },
        {
            "name": "Knee_L",
            "time": [0.0, 0.2833, 0.4167, 0.8833, 1.1],
            "transform": [
                [1.0, 0.0, -0.0, 0.0, -0.0, 1e-06, -1.0, 0.37472, -0.0, 1.0, 1e-06, 0.0, 0.0, 0.0, 0.0, 1.0],
                [1.0, 0.0, -0.0, 0.0, -0.0, 1e-06, -1.0, 0.37472, -0.0, 1.0, 1e-06, -0.0, 0.0, 0.0, 0.0, 1.0],
                [1.0, 0.0, -0.0, -0.0, -0.0, 0.443789, -0.896131, 0.37472, -0.0, 0.896132, 0.443789, -0.0, 0.0, 0.0, 0.0, 1.0],
                [1.0, 0.0, -0.0, -0.0, -0.0, 0.222669, -0.974894, 0.37472, -0.0, 0.974894, 0.222669, -0.0, 0.0, 0.0, 0.0, 1.0],
                [1.0, 0.0, -0.0, -0.0, -0.0, 1e-06, -1.0, 0.37472, -0.0, 1.0, 1e-06, -0.0, 0.0, 0.0, 0.0, 1.0]
            ]
        },
        {
            "name": "Torso",
            "time": [0.0, 0.1667, 0.2833, 0.4167, 0.8833, 1.1],
            "transform": [
                [0.965662, -0.025127, 0.258583, -0.0, 0.020968, 0.999603, 0.018828, 0.05, -0.258953, -0.012759, 0.965806, 0.0, 0.0, 0.0, 0.0, 1.0],
                [0.965662, 0.010195, 0.2596, -0.0, 0.020968, 0.992912, -0.11699, 0.05, -0.258953, 0.118416, 0.958604, -0.0, 0.0, 0.0, 0.0, 1.0],
                [0.91179, -0.029975, 0.409562, -0.0, 0.01467, 0.999074, 0.040461, 0.05, -0.410395, -0.030883, 0.911385, 0.0, 0.0, 0.0, 0.0, 1.0],
                [0.965662, -0.063899, 0.25182, -0.0, 0.020968, 0.985288, 0.16961, 0.05, -0.258953, -0.158506, 0.952796, -0.0, 0.0, 0.0, 0.0, 1.0],
                [0.965662, 0.010195, 0.2596, 0.0, 0.020968, 0.992912, -0.11699, 0.05, -0.258953, 0.118416, 0.958604, 0.0, 0.0, 0.0, 0.0, 1.0],
                [0.965662, -0.025127, 0.258583, 0.0, 0.020968, 0.999603, 0.018828, 0.05, -0.258953, -0.012759, 0.965806, -0.0, 0.0, 0.0, 0.0, 1.0]
            ]
        },
        {
            "name": "Chest",
            "time": [0.0, 0.1667, 0.2833, 0.4167, 0.8833, 1.1],
            "transform": [
                [0.965523, -0.038073, -0.257519, 0.0, 0.041708, 0.999092, 0.008665, 0.3, 0.256955, -0.019107, 0.966234, -0.0, 0.0, 0.0, 0.0, 1.0],
                [0.997431, -0.041541, 0.058361, 0.0, 0.022738, 0.956157, 0.291971, 0.3, -0.067931, -0.289894, 0.954645, -0.0, 0.0, 0.0, 0.0, 1.0],
                [0.997431, -0.015271, 0.069989, 0.0, 0.022738, 0.993981, -0.107164, 0.3, -0.067931, 0.10848, 0.991775, 0.0, 0.0, 0.0, 0.0, 1.0],
                [0.997431, -0.059747, 0.039522, -0.0, 0.022738, 0.787227, 0.616244, 0.3, -0.067931, -0.613762, 0.786563, 0.0, 0.0, 0.0, 0.0, 1.0],
                [0.997431, -0.031185, 0.064492, 0.0, 0.022738, 0.991541, 0.127788, 0.3, -0.067931, -0.125993, 0.989703, 0.0, 0.0, 0.0, 0.0, 1.0],
                [0.997431, -0.023894, 0.067533, 0.0, 0.022738, 0.999582, 0.017843, 0.3, -0.067931, -0.016261, 0.997558, 0.0, 0.0, 0.0, 0.0, 1.0]
            ]
        },
        {
            "name": "Head",
            "time": [0.0, 0.2833, 0.4167, 0.5167, 0.8833, 1.1],
            "transform": [
                [0.629795, 0.03176, 0.776112, 0.0, 0.00566, 0.99895, -0.045472, 0.4, -0.776741, 0.033031, 0.628953, -0.0, 0.0, 0.0, 0.0, 1.0],
                [0.989016, 0.017674, 0.146749, 0.0, -0.026637, 0.997883, 0.059335, 0.4, -0.145389, -0.062593, 0.987393, 0.0, 0.0, 0.0, 0.0, 1.0],
                [0.989016, 0.112459, 0.09592, -0.0, -0.026637, 0.773922, -0.63272, 0.4, -0.145389, 0.623215, 0.768417, -0.0, 0.0, 0.0, 0.0, 1.0],
                [0.939451, 0.104654, -0.326311, 0.0, -0.266855, 0.820813, -0.50503, 0.4, 0.214987, 0.561529, 0.799041, 0.0, 0.0, 0.0, 0.0, 1.0],
                [0.989016, 0.012776, 0.147256, -0.0, -0.026637, 0.995353, 0.09254, 0.4, -0.145389, -0.095446, 0.98476, -0.0, 0.0, 0.0, 0.0, 1.0],
                [0.989016, 0.03176, 0.144357, -0.0, -0.026637, 0.99895, -0.037285, 0.4, -0.145389, 0.033031, 0.988823, -0.0, 0.0, 0.0, 0.0, 1.0]
            ]
        },
        {
            "name": "Shoulder_R",
            "time": [0.0, 0.1667, 0.2833, 0.4167, 0.8833, 1.1],
            "transform": [
                [-0.059544, 0.923942, 0.37787, 0.0, -0.044266, -0.380613, 0.923674, 0.4, 0.997243, 0.038273, 0.063562, -0.0, 0.0, 0.0, 0.0, 1.0],
                [0.289185, 0.879537, 0.37787, 0.0, -0.182964, -0.336675, 0.923674, 0.4, 0.939626, -0.336249, 0.063562, 0.0, 0.0, 0.0, 0.0, 1.0],
                [0.725215, 0.575567, 0.37787, 0.0, -0.337961, -0.180577, 0.923674, 0.4, 0.599871, -0.797567, 0.063562, 0.0, 0.0, 0.0, 0.0, 1.0],
                [0.161571, 0.911652, 0.37787, -0.0, -0.133385, -0.359213, 0.923674, 0.4, 0.977805, -0.199641, 0.063562, -0.0, 0.0, 0.0, 0.0, 1.0],
                [0.161571, 0.911652, 0.37787, -0.0, -0.133385, -0.359213, 0.923674, 0.4, 0.977805, -0.199641, 0.063562, -0.0, 0.0, 0.0, 0.0, 1.0],
                [-0.059544, 0.923942, 0.37787, -0.0, -0.044266, -0.380613, 0.923674, 0.4, 0.997244, 0.038273, 0.063562, -0.0, 0.0, 0.0, 0.0, 1.0]
            ]
        },
        {
            "name": "Arm_R",
            "time": [0.0, 0.1667, 0.2833, 0.4167, 0.5833, 0.7167, 0.8833, 1.1],
            "transform": [
                [-0.022302, 0.165848, -0.985899, 0.0, 0.695569, 0.710913, 0.103855, 0.393861, 0.718113, -0.683445, -0.131214, 0.0, 0.0, 0.0, 0.0, 1.0],
                [-0.646908, -0.762518, 0.008772, -0.0, 0.360877, -0.316256, -0.877354, 0.39386, 0.671772, -0.564401, 0.479764, -0.0, 0.0, 0.0, 0.0, 1.0],
                [-0.331407, -0.937118, 0.109452, 0.0, 0.526029, -0.279828, -0.803112, 0.393861, 0.783239, -0.208582, 0.585688, -0.0, 0.0, 0.0, 0.0, 1.0],
                [-0.159876, 0.291911, -0.942988, 0.0, 0.513165, 0.840629, 0.173222, 0.393861, 0.843268, -0.456214, -0.284195, 0.0, 0.0, 0.0, 0.0, 1.0],
                [-0.12516, 0.303316, -0.944634, -0.0, 0.560933, 0.806973, 0.184792, 0.39386, 0.818345, -0.506748, -0.271141, -0.0, 0.0, 0.0, 0.0, 1.0],
                [-0.108488, 0.6475, -0.754304, 0.0, 0.61573, 0.639478, 0.460374, 0.39386, 0.780453, -0.414503, -0.468061, 0.0, 0.0, 0.0, 0.0, 1.0],
                [-0.079331, 0.323232, -0.942989, 0.0, 0.712294, 0.68017, 0.173222, 0.39386, 0.697384, -0.657943, -0.284195, 0.0, 0.0, 0.0, 0.0, 1.0],
                [0.047157, -0.034167, -0.998303, 0.0, 0.871616, 0.489581, 0.024416, 0.39386, 0.487916, -0.871288, 0.052867, 0.0, 0.0, 0.0, 0.0, 1.0]
            ]
        },
        {
            "name": "Hand_R",
            "time": [0.0, 0.2833, 0.5833, 0.7167, 0.8833, 1.1],
            "transform": [
                [0.999599, -0.023996, -0.015032, -0.0, 0.023395, 0.998967, -0.038953, 0.3, 0.015951, 0.038585, 0.999128, -0.0, 0.0, 0.0, 0.0, 1.0],
                [0.999599, -0.023996, -0.015032, -0.0, 0.023395, 0.998967, -0.038953, 0.3, 0.015951, 0.038585, 0.999128, -0.0, 0.0, 0.0, 0.0, 1.0],
                [0.999599, -0.023996, -0.015032, -0.0, 0.023395, 0.998967, -0.038953, 0.3, 0.015951, 0.038585, 0.999128, 0.0, 0.0, 0.0, 0.0, 1.0],
                [0.999599, -0.027997, 0.004231, -0.0, 0.023395, 0.73246, -0.680409, 0.3, 0.015951, 0.680235, 0.732821, -0.0, 0.0, 0.0, 0.0, 1.0],
                [0.999599, -0.023996, -0.015032, -0.0, 0.023395, 0.998967, -0.038953, 0.3, 0.015951, 0.038585, 0.999128, -0.0, 0.0, 0.0, 0.0, 1.0],
                [0.999599, -0.023996, -0.015032, 0.0, 0.023395, 0.998967, -0.038953, 0.3, 0.015951, 0.038585, 0.999128, -0.0, 0.0, 0.0, 0.0, 1.0]
            ]
        },
        {
            "name": "Tool_R",
            "time": [0.0, 0.2833, 0.5833, 0.7, 0.8167, 0.8833, 0.9, 1.1],
            "transform": [
                [1.0, 0.0, 0.0, -0.0, 0.0, -0.999836, 0.018122, 0.272858, 0.0, -0.018122, -0.999244, -0.0, 0.0, 0.0, 0.0, 1.0],
                [1.0, 0.0, 0.0, 0.0, 0.0, -0.999836, 0.018122, 0.272858, 0.0, -0.018122, -0.999244, -0.0, 0.0, 0.0, 0.0, 1.0],
                [1.0, -0.0, 0.0, 0.0, 0.0, -0.374305, -0.927306, 0.272858, 0.0, 0.926753, -0.374093, -0.0, 0.0, 0.0, 0.0, 1.0],
                [1.0, -0.0, -0.0, -0.0, 0.0, 0.972159, 0.234326, 0.272858, 0.0, -0.234177, 0.971585, -0.0, 0.0, 0.0, 0.0, 1.0],
                [1.0, -0.0, -0.0, -0.0, 0.0, 0.246806, 0.969065, 0.272858, -0.0, -0.968489, 0.246671, 0.0, 0.0, 0.0, 0.0, 1.0],
                [1.0, 0.0, -0.0, 0.0, 0.0, -0.992665, 0.120905, 0.272858, -0.0, -0.120844, -0.992075, -0.0, 0.0, 0.0, 0.0, 1.0],
                [1.0, 0.0, 0.0, -0.0, 0.0, -0.999836, 0.018122, 0.272858, 0.0, -0.018122, -0.999244, -0.0, 0.0, 0.0, 0.0, 1.0],
                [1.0, 0.0, 0.0, -0.0, 0.0, -0.999836, 0.018122, 0.272858, 0.0, -0.018122, -0.999244, -0.0, 0.0, 0.0, 0.0, 1.0]
            ]
        },
        {
            "name": "Elbow_R",
            "time": [0.0, 0.2833, 0.8833, 1.1],
            "transform": [
                [-1.0, 0.0, -0.0, -0.0, -0.0, 0.0, -1.0, 0.3, -0.0, -1.0, 0.0, -0.0, 0.0, 0.0, 0.0, 1.0],
                [-1.0, 0.0, -0.0, -0.0, 0.0, 0.0, -1.0, 0.3, -0.0, -1.0, 0.0, -0.0, 0.0, 0.0, 0.0, 1.0],
                [-1.0, 0.0, 0.0, -0.0, 0.0, -0.0, -1.0, 0.3, -0.0, -1.0, 0.0, -0.0, 0.0, 0.0, 0.0, 1.0],
                [-1.0, 0.0, -0.0, 0.0, 0.0, -0.0, -1.0, 0.3, -0.0, -1.0, 0.0, -0.0, 0.0, 0.0, 0.0, 1.0]
            ]
        },
        {
            "name": "Shoulder_L",
            "time": [0.0, 0.1667, 0.2833, 0.4167, 0.8833, 1.1],
            "transform": [
                [0.267306, -0.914256, -0.304441, 0.0, 0.00219, -0.31536, 0.948969, 0.4, -0.963609, -0.254332, -0.082295, -0.0, 0.0, 0.0, 0.0, 1.0],
                [0.318928, -0.897552, -0.304441, 0.0, 0.020143, -0.314724, 0.94897, 0.4, -0.947565, -0.308786, -0.082295, 0.0, 0.0, 0.0, 0.0, 1.0],
                [0.318928, -0.897552, -0.304441, 0.0, 0.020143, -0.314724, 0.948969, 0.4, -0.947565, -0.308786, -0.082295, 0.0, 0.0, 0.0, 0.0, 1.0],
                [0.074836, -0.949587, -0.304441, -0.0, -0.0623, -0.309153, 0.948969, 0.4, -0.995248, -0.052051, -0.082295, -0.0, 0.0, 0.0, 0.0, 1.0],
                [0.074836, -0.949587, -0.304441, -0.0, -0.0623, -0.309153, 0.948969, 0.4, -0.995248, -0.052051, -0.082295, -0.0, 0.0, 0.0, 0.0, 1.0],
                [-0.007939, -0.952498, -0.304441, -0.0, -0.088921, -0.302572, 0.948969, 0.4, -0.996007, 0.034605, -0.082295, -0.0, 0.0, 0.0, 0.0, 1.0]
            ]
        },
        {
            "name": "Arm_L",
            "time": [0.0, 0.1667, 0.2833, 0.4167, 0.5, 0.65, 0.8833, 1.1],
            "transform": [
                [0.867407, 0.497302, -0.017182, -0.0, -0.488905, 0.845316, -0.215434, 0.39386, -0.092611, 0.195269, 0.976367, -0.0, 0.0, 0.0, 0.0, 1.0],
                [-0.187793, 0.932982, -0.307046, -0.0, -0.427429, -0.359082, -0.829677, 0.39386, -0.884329, -0.024567, 0.466217, -0.0, 0.0, 0.0, 0.0, 1.0],
                [-0.187793, 0.872252, -0.451564, -0.0, -0.427429, -0.486502, -0.761984, 0.39386, -0.884329, 0.049916, 0.464188, -0.0, 0.0, 0.0, 0.0, 1.0],
                [-0.187793, -0.033523, 0.981636, 0.0, -0.427429, 0.902613, -0.050945, 0.39386, -0.884329, -0.429147, -0.183833, 0.0, 0.0, 0.0, 0.0, 1.0],
                [-0.189991, 0.133542, 0.972661, 0.0, -0.464253, 0.860725, -0.208857, 0.39386, -0.865085, -0.491241, -0.101533, 0.0, 0.0, 0.0, 0.0, 1.0],
                [-0.178143, -0.369015, 0.912191, -0.0, -0.532624, 0.815637, 0.225938, 0.39386, -0.827392, -0.445605, -0.341846, -0.0, 0.0, 0.0, 0.0, 1.0],
                [-0.175995, -0.073594, 0.981636, -0.0, -0.61364, 0.787941, -0.050945, 0.39386, -0.769722, -0.611337, -0.183833, -0.0, 0.0, 0.0, 0.0, 1.0],
                [0.2326, 0.109416, 0.966398, 0.0, -0.875693, 0.455886, 0.159153, 0.39386, -0.423154, -0.883287, 0.201854, 0.0, 0.0, 0.0, 0.0, 1.0]
            ]
        },
        {
            "name": "Hand_L",
            "time": [0.0, 0.2833, 0.8833, 1.1],
            "transform": [
                [0.99991, 0.007771, -0.010972, 0.0, -0.012582, 0.253187, -0.967336, 0.3, -0.004739, 0.967386, 0.253262, -0.0, 0.0, 0.0, 0.0, 1.0],
                [0.99991, 0.013059, 0.003198, 0.0, -0.012582, 0.992715, -0.119824, 0.3, -0.004739, 0.119773, 0.99279, 0.0, 0.0, 0.0, 0.0, 1.0],
                [0.99991, 0.013059, 0.003198, -0.0, -0.012582, 0.992716, -0.119824, 0.3, -0.004739, 0.119773, 0.99279, 0.0, 0.0, 0.0, 0.0, 1.0],
                [0.99991, 0.013059, 0.003198, -0.0, -0.012582, 0.992716, -0.119824, 0.3, -0.004739, 0.119773, 0.99279, -0.0, 0.0, 0.0, 0.0, 1.0]
            ]
        },
        {
            "name": "Tool_L",
            "time": [0.0, 0.2833, 0.5, 0.5833, 0.7, 0.8167, 0.8833, 0.9, 1.1],
            "transform": [
                [1.0, 0.0, 0.0, -0.0, 0.0, -0.999836, 0.018122, 0.272858, 0.0, -0.018122, -0.999247, 0.0, 0.0, 0.0, 0.0, 1.0],
                [1.0, 0.0, 0.0, 0.0, -0.0, -0.999836, 0.018122, 0.272858, 0.0, -0.018122, -0.999247, 0.0, 0.0, 0.0, 0.0, 1.0],
                [1.0, 0.0, 0.0, 0.0, 0.0, -0.999836, 0.018122, 0.272858, 0.0, -0.018122, -0.999247, 0.0, 0.0, 0.0, 0.0, 1.0],
                [1.0, -0.0, 0.0, -0.0, 0.0, -0.374304, -0.927306, 0.272858, 0.0, 0.926756, -0.374094, 0.0, 0.0, 0.0, 0.0, 1.0],
                [1.0, -0.0, -0.0, -0.0, 0.0, 0.972158, 0.234326, 0.272858, 0.0, -0.234178, 0.971589, -0.0, 0.0, 0.0, 0.0, 1.0],
                [1.0, -0.0, -0.0, 0.0, 0.0, 0.246806, 0.969065, 0.272858, 0.0, -0.968492, 0.246671, -0.0, 0.0, 0.0, 0.0, 1.0],
                [1.0, 0.0, -0.0, -0.0, 0.0, -0.992664, 0.120905, 0.272858, -0.0, -0.120845, -0.992079, -0.0, 0.0, 0.0, 0.0, 1.0],
                [1.0, 0.0, 0.0, 0.0, 0.0, -0.999836, 0.018122, 0.272858, 0.0, -0.018122, -0.999247, 0.0, 0.0, 0.0, 0.0, 1.0],
                [1.0, 0.0, 0.0, 0.0, 0.0, -0.999836, 0.018122, 0.272858, 0.0, -0.018122, -0.999247, -0.0, 0.0, 0.0, 0.0, 1.0]
            ]
        },
        {
            "name": "Elbow_L",
            "time": [0.0, 0.2833, 0.8833, 1.1],
            "transform": [
                [-0.998967, -0.043093, -0.01444, -4.9e-05, 0.028309, -0.34145, -0.939473, 0.367197, 0.035554, -0.938912, 0.342317, -0.015902, 0.0, 0.0, 0.0, 1.0],
                [-0.998967, -0.043093, -0.01444, -4.8e-05, 0.028309, -0.34145, -0.939473, 0.367197, 0.035554, -0.938911, 0.342317, -0.015902, 0.0, 0.0, 0.0, 1.0],
                [-0.998967, -0.043093, -0.01444, -4.9e-05, 0.028309, -0.34145, -0.939473, 0.367197, 0.035554, -0.938911, 0.342317, -0.015901, 0.0, 0.0, 0.0, 1.0],
                [-0.998967, -0.043093, -0.01444, -4.9e-05, 0.028309, -0.34145, -0.939473, 0.367197, 0.035554, -0.938911, 0.342317, -0.015902, 0.0, 0.0, 0.0, 1.0]
            ]
        }
    ]
}