{
    "animation": [
        {
            "name": "Root",
            "time": [0.0, 0.15, 0.3333, 0.4, 0.4333, 0.7, 1.1],
            "transform": [
                [0.854689, 0.010023, -0.519043, -5e-06, -0.51914, 0.016502, -0.85453, 0.030328, -0.0, 0.999814, 0.019308, 0.771957, 0.0, 0.0, 0.0, 1.0],
                [0.980815, -0.003764, 0.194905, -5e-06, 0.194941, 0.018937, -0.980632, -0.589536, -0.0, 0.999814, 0.019308, 0.719094, 0.0, 0.0, 0.0, 1.0],
                [0.982606, -0.007519, 0.18555, 0.018135, 0.185447, 0.092187, -0.978321, -0.739186, -0.009749, 0.995713, 0.091978, 0.559654, 0.0, 0.0, 0.0, 1.0],
                [0.84855, 0.004429, -0.529097, 0.006299, -0.510693, 0.268422, -0.816788, 0.326384, 0.138403, 0.963291, 0.230031, 0.660435, 0.0, 0.0, 0.0, 1.0],
                [0.694638, 0.012654, -0.719248, 0.002074, -0.7193, 0.025101, -0.694246, 0.706817, 0.009269, 0.999605, 0.026538, 0.692532, 0.0, 0.0, 0.0, 1.0],
                [0.602922, 0.010193, -0.797735, -5e-06, -0.79777, 0.016398, -0.602739, 0.893924, 0.006938, 0.999814, 0.018018, 0.591802, 0.0, 0.0, 0.0, 1.0],
                [0.602922, 0.010193, -0.797735, -5e-06, -0.79777, 0.016398, -0.602739, 0.893924, 0.006938, 0.999814, 0.018018, 0.591802, 0.0, 0.0, 0.0, 1.0]
            ]
        },
        {
            "name": "Thigh_R",
            "time": [0.0, 0.15, 0.3333, 0.5333, 0.7, 1.1],
            "transform": [
                [0.996122, 0.056223, -0.067664, 0.124994, 0.068868, -0.976941, 0.202086, -0.002831, -0.054742, -0.205961, -0.977028, -1.2e-05, 0.0, 0.0, 0.0, 1.0],
                [0.996122, 0.024109, -0.084606, 0.124994, 0.068868, -0.812126, 0.579401, -0.002831, -0.054742, -0.58298, -0.81064, -1.2e-05, 0.0, 0.0, 0.0, 1.0],
                [0.996122, -0.020427, -0.08557, 0.124994, 0.068868, -0.42418, 0.902955, -0.002831, -0.054742, -0.905345, -0.42113, -1.2e-05, 0.0, 0.0, 0.0, 1.0],
                [0.687495, 0.170635, -0.705858, 0.124994, -0.009536, -0.969795, -0.243729, -0.002831, -0.726127, 0.174293, -0.665103, -1.2e-05, 0.0, 0.0, 0.0, 1.0],
                [0.687938, 0.333769, -0.644468, 0.124994, 0.024448, -0.89813, -0.439046, -0.002831, -0.725357, 0.28628, -0.626019, -1.2e-05, 0.0, 0.0, 0.0, 1.0],
                [0.68736, 0.363013, -0.629092, 0.124994, 0.029051, -0.879186, -0.475589, -0.002831, -0.725735, 0.308625, -0.614865, -1.2e-05, 0.0, 0.0, 0.0, 1.0]
            ]
        },
        {
            "name": "Leg_R",
            "time": [0.0, 0.15, 0.3333, 0.7, 1.1],
            "transform": [
                [0.998294, -0.058059, -0.006132, 0.0, 0.058094, 0.97748, 0.202875, 0.37472, -0.005785, -0.202886, 0.979185, -0.0, 0.0, 0.0, 0.0, 1.0],
                [0.998294, -0.053602, -0.023136, 0.0, 0.058094, 0.872778, 0.484649, 0.37472, -0.005785, -0.485167, 0.874402, 0.0, 0.0, 0.0, 0.0, 1.0],
                [0.998294, -0.038363, -0.044008, -0.0, 0.058094, 0.578061, 0.813923, 0.37472, -0.005785, -0.815092, 0.579302, -0.0, 0.0, 0.0, 0.0, 1.0],
                [0.998294, -0.053602, -0.023136, -0.0, 0.058094, 0.872778, 0.484649, 0.37472, -0.005785, -0.485167, 0.874402, 0.0, 0.0, 0.0, 0.0, 1.0],
                [0.998294, -0.053602, -0.023136, -0.0, 0.058094, 0.872778, 0.484649, 0.37472, -0.005785, -0.485168, 0.874402, -0.0, 0.0, 0.0, 0.0, 1.0]
            ]
        },
        {
            "name": "Knee_R",
            "time": [0.0, 0.3333, 0.7, 1.1],
            "transform": [
                [1.0, 0.0, -0.0, 0.0, -0.0, 1e-06, -1.0, 0.37472, -0.0, 1.0, 1e-06, -0.0, 0.0, 0.0, 0.0, 1.0],
                [1.0, 0.0, -0.0, -0.0, -0.0, 1e-06, -1.0, 0.37472, -0.0, 1.0, 1e-06, -0.0, 0.0, 0.0, 0.0, 1.0],
                [1.0, 0.0, -0.0, -0.0, -0.0, 1e-06, -1.0, 0.37472, -0.0, 1.0, 1e-06, 0.0, 0.0, 0.0, 0.0, 1.0],
                [1.0, 0.0, -0.0, -0.0, -0.0, 1e-06, -1.0, 0.37472, -0.0, 1.0, 1e-06, -0.0, 0.0, 0.0, 0.0, 1.0]
            ]
        },
        {
            "name": "Thigh_L",
            "time": [0.0, 0.15, 0.3333, 0.5333, 0.7, 1.1],
            "transform": [
                [0.862919, -0.126282, -0.489308, -0.109662, -0.086164, -0.990862, 0.103769, -0.002831, -0.497941, -0.047383, -0.865915, 0.02525, 0.0, 0.0, 0.0, 1.0],
                [0.888512, -0.15127, -0.433201, -0.109662, -0.335319, -0.858511, -0.387969, -0.002831, -0.313219, 0.489977, -0.813521, 0.02525, 0.0, 0.0, 0.0, 1.0],
                [0.576163, -0.314116, -0.754564, -0.109662, -0.650767, -0.734862, -0.190993, -0.002831, -0.494506, 0.60109, -0.627817, 0.02525, 0.0, 0.0, 0.0, 1.0],
                [0.557828, -0.544078, -0.626743, -0.109662, -0.019408, -0.763497, 0.645519, -0.002831, -0.829729, -0.347925, -0.43646, 0.02525, 0.0, 0.0, 0.0, 1.0],
                [0.557828, -0.607397, -0.565593, -0.109662, -0.019408, -0.690834, 0.722752, -0.002831, -0.829729, -0.392195, -0.397156, 0.02525, 0.0, 0.0, 0.0, 1.0],
                [0.556707, -0.633936, -0.536844, -0.109662, -0.016662, -0.65464, 0.755756, -0.002831, -0.830541, -0.41179, -0.375006, 0.02525, 0.0, 0.0, 0.0, 1.0]
            ]
        },
        {
            "name": "Leg_L",
            "time": [0.0, 0.3333, 0.7, 1.1],
            "transform": [
                [0.997933, 0.063289, 0.011181, 0.0, -0.064028, 0.994089, 0.087675, 0.37472, -0.005566, -0.088209, 0.996087, -0.0, 0.0, 0.0, 0.0, 1.0],
                [0.997933, 0.051196, 0.038852, 0.0, -0.064027, 0.844308, 0.532019, 0.37472, -0.005566, -0.533406, 0.845841, 0.0, 0.0, 0.0, 0.0, 1.0],
                [0.997933, 0.058257, 0.02714, 0.0, -0.064028, 0.937762, 0.341324, 0.37472, -0.005566, -0.342356, 0.939554, -0.0, 0.0, 0.0, 0.0, 1.0],
                [0.997933, 0.058257, 0.02714, -0.0, -0.064028, 0.937762, 0.341324, 0.37472, -0.005566, -0.342355, 0.939554, -0.0, 0.0, 0.0, 0.0, 1.0]
            ]
        },
        {
            "name": "Knee_L",
            "time": [0.0, 0.3333, 0.7, 1.1],
            "transform": [
                [1.0, 0.0, -0.0, 0.0, -0.0, 1e-06, -1.0, 0.37472, -0.0, 1.0, 1e-06, -0.0, 0.0, 0.0, 0.0, 1.0],
                [1.0, 0.0, -0.0, 0.0, -0.0, 1e-06, -1.0, 0.37472, -0.0, 1.0, 1e-06, 0.0, 0.0, 0.0, 0.0, 1.0],
                [1.0, 0.0, -0.0, 0.0, -0.0, 1e-06, -1.0, 0.37472, -0.0, 1.0, 1e-06, -0.0, 0.0, 0.0, 0.0, 1.0],
                [1.0, 0.0, -0.0, -0.0, -0.0, 1e-06, -1.0, 0.37472, -0.0, 1.0, 1e-06, -0.0, 0.0, 0.0, 0.0, 1.0]
            ]
        },
        {
            "name": "Torso",
            "time": [0.0, 0.3333, 0.7, 1.1],
            "transform": [
                [0.965662, -0.025127, 0.258583, -0.0, 0.020968, 0.999603, 0.018828, 0.05, -0.258953, -0.012759, 0.965806, 0.0, 0.0, 0.0, 0.0, 1.0],
                [0.965662, -0.025127, 0.258583, -0.0, 0.020968, 0.999603, 0.018828, 0.05, -0.258953, -0.012759, 0.965806, 0.0, 0.0, 0.0, 0.0, 1.0],
                [0.965662, -0.025127, 0.258583, 0.0, 0.020968, 0.999603, 0.018828, 0.05, -0.258953, -0.012759, 0.965806, -0.0, 0.0, 0.0, 0.0, 1.0],
                [0.965662, -0.025127, 0.258583, 0.0, 0.020968, 0.999603, 0.018828, 0.05, -0.258953, -0.012759, 0.965806, -0.0, 0.0, 0.0, 0.0, 1.0]
            ]
        },
        {
            "name": "Chest",
            "time": [0.0, 0.15, 0.3333, 0.4, 0.45, 0.5333, 0.7, 1.1],
            "transform": [
                [0.997431, -0.023894, 0.067533, -0.0, 0.022738, 0.999582, 0.017843, 0.3, -0.067931, -0.016261, 0.997558, -0.0, 0.0, 0.0, 0.0, 1.0],
                [0.896636, -0.109147, 0.429105, -0.0, 0.014234, 0.975745, 0.218448, 0.3, -0.44254, -0.18976, 0.876441, 0.0, 0.0, 0.0, 0.0, 1.0],
                [0.766102, 0.049599, 0.640802, 0.0, -0.241112, 0.946381, 0.215007, 0.3, -0.595779, -0.319222, 0.736983, 0.0, 0.0, 0.0, 0.0, 1.0],
                [0.824684, -0.198905, 0.529465, -0.0, -0.095049, 0.874071, 0.476409, 0.3, -0.55755, -0.443212, 0.701927, 0.0, 0.0, 0.0, 0.0, 1.0],
                [0.957375, -0.144003, -0.250394, 0.0, 0.22696, 0.911232, 0.343723, 0.3, 0.178669, -0.385901, 0.905074, 0.0, 0.0, 0.0, 0.0, 1.0],
                [0.978158, -0.038073, -0.204346, 0.0, 0.041172, 0.999092, 0.010932, 0.3, 0.203744, -0.019107, 0.978838, 0.0, 0.0, 0.0, 0.0, 1.0],
                [0.965523, -0.038073, -0.257519, -0.0, 0.041708, 0.999092, 0.008665, 0.3, 0.256955, -0.019107, 0.966234, -0.0, 0.0, 0.0, 0.0, 1.0],
                [0.964412, -0.054569, -0.25871, -0.0, 0.064665, 0.997435, 0.030671, 0.3, 0.256373, -0.046309, 0.965468, -0.0, 0.0, 0.0, 0.0, 1.0]
            ]
        },
        {
            "name": "Head",
            "time": [0.0, 0.3333, 0.5333, 0.7, 1.1],
            "transform": [
                [0.989016, 0.03176, 0.144357, 0.0, -0.026637, 0.99895, -0.037285, 0.4, -0.145389, 0.033031, 0.988823, -0.0, 0.0, 0.0, 0.0, 1.0],
                [0.743735, 0.03176, -0.66772, -0.0, -0.045698, 0.99895, -0.003385, 0.4, 0.666911, 0.033031, 0.744405, 0.0, 0.0, 0.0, 0.0, 1.0],
                [0.629794, 0.03176, 0.776112, 0.0, 0.00566, 0.998949, -0.045472, 0.4, -0.776741, 0.033031, 0.628953, 0.0, 0.0, 0.0, 0.0, 1.0],
                [0.629795, 0.03176, 0.776112, -0.0, 0.00566, 0.99895, -0.045472, 0.4, -0.776741, 0.033031, 0.628953, -0.0, 0.0, 0.0, 0.0, 1.0],
                [0.629442, 0.008711, 0.776999, -0.0, 0.00661, 0.999841, -0.016564, 0.4, -0.77702, 0.015562, 0.629284, 0.0, 0.0, 0.0, 0.0, 1.0]
            ]
        },
        {
            "name": "Shoulder_R",
            "time": [0.0, 0.3333, 0.7, 1.1],
            "transform": [
                [-0.059544, 0.923942, 0.37787, 0.0, -0.044266, -0.380613, 0.923674, 0.4, 0.997244, 0.038273, 0.063562, -0.0, 0.0, 0.0, 0.0, 1.0],
                [-0.059544, 0.923942, 0.37787, -0.0, -0.044266, -0.380613, 0.923674, 0.4, 0.997244, 0.038273, 0.063562, 0.0, 0.0, 0.0, 0.0, 1.0],
                [-0.059544, 0.923942, 0.37787, -0.0, -0.044266, -0.380613, 0.923674, 0.4, 0.997243, 0.038273, 0.063562, -0.0, 0.0, 0.0, 0.0, 1.0],
                [-0.059544, 0.923942, 0.37787, -0.0, -0.044266, -0.380613, 0.923674, 0.4, 0.997244, 0.038273, 0.063562, 0.0, 0.0, 0.0, 0.0, 1.0]
            ]
        },
        {
            "name": "Arm_R",
            "time": [0.0, 0.15, 0.3333, 0.4, 0.7, 1.1],
            "transform": [
                [0.047157, -0.034167, -0.998303, -0.0, 0.871616, 0.489581, 0.024416, 0.39386, 0.487916, -0.871288, 0.052867, 0.0, 0.0, 0.0, 0.0, 1.0],
                [0.0538, -0.022286, -0.998303, -0.0, 0.734151, 0.678547, 0.024416, 0.39386, 0.676851, -0.734219, 0.052867, 0.0, 0.0, 0.0, 0.0, 1.0],
                [0.01891, 0.091696, -0.995607, 0.0, 0.406239, 0.909179, 0.091452, 0.39386, 0.913571, -0.406184, -0.020058, 0.0, 0.0, 0.0, 0.0, 1.0],
                [0.007862, 0.829522, -0.558419, -0.0, 0.42979, 0.501421, 0.750904, 0.39386, 0.902894, -0.245907, -0.352578, 0.0, 0.0, 0.0, 0.0, 1.0],
                [-0.022302, 0.165848, -0.985899, 0.0, 0.695569, 0.710913, 0.103855, 0.39386, 0.718113, -0.683445, -0.131214, 0.0, 0.0, 0.0, 0.0, 1.0],
                [-0.05016, 0.21718, -0.974842, 0.0, 0.644593, 0.752602, 0.134501, 0.393861, 0.762879, -0.621629, -0.177743, 0.0, 0.0, 0.0, 0.0, 1.0]
            ]
        },
        {
            "name": "Hand_R",
            "time": [0.0, 0.3333, 0.7, 1.1],
            "transform": [
                [0.999599, -0.023996, -0.015032, 0.0, 0.023395, 0.998967, -0.038953, 0.3, 0.015951, 0.038585, 0.999128, 0.0, 0.0, 0.0, 0.0, 1.0],
                [0.999599, -0.028279, -0.001425, -0.0, 0.023395, 0.853196, -0.521066, 0.3, 0.015951, 0.520823, 0.853516, -0.0, 0.0, 0.0, 0.0, 1.0],
                [0.999599, -0.023996, -0.015032, -0.0, 0.023395, 0.998967, -0.038953, 0.3, 0.015951, 0.038585, 0.999128, -0.0, 0.0, 0.0, 0.0, 1.0],
                [0.999599, -0.023996, -0.015032, -0.0, 0.023395, 0.998967, -0.038953, 0.3, 0.015951, 0.038585, 0.999128, 0.0, 0.0, 0.0, 0.0, 1.0]
            ]
        },
        {
            "name": "Tool_R",
            "time": [0.0, 0.3333, 0.7, 1.1],
            "transform": [
                [1.0, 0.0, 0.0, 0.0, 0.0, -0.999836, 0.018122, 0.272858, 0.0, -0.018122, -0.999244, 0.0, 0.0, 0.0, 0.0, 1.0],
                [1.0, 0.0, 0.0, 0.0, 0.0, -0.999836, 0.018122, 0.272858, 0.0, -0.018122, -0.999244, -0.0, 0.0, 0.0, 0.0, 1.0],
                [1.0, 0.0, 0.0, 0.0, 0.0, -0.999836, 0.018122, 0.272858, 0.0, -0.018122, -0.999244, -0.0, 0.0, 0.0, 0.0, 1.0],
                [1.0, 0.0, 0.0, 0.0, 0.0, -0.999836, 0.018122, 0.272858, 0.0, -0.018122, -0.999243, -0.0, 0.0, 0.0, 0.0, 1.0]
            ]
        },
        {
            "name": "Elbow_R",
            "time": [0.0, 0.3333, 0.7, 1.1],
            "transform": [
                [-1.0, 0.0, -0.0, 0.0, 0.0, -0.0, -1.0, 0.3, -0.0, -1.0, 0.0, 0.0, 0.0, 0.0, 0.0, 1.0],
                [-1.0, 0.0, 0.0, -0.0, 0.0, 0.0, -1.0, 0.3, -0.0, -1.0, -0.0, -0.0, 0.0, 0.0, 0.0, 1.0],
                [-1.0, 0.0, -0.0, -0.0, -0.0, 0.0, -1.0, 0.3, -0.0, -1.0, 0.0, -0.0, 0.0, 0.0, 0.0, 1.0],
                [-1.0, 0.0, 0.0, -0.0, -0.0, 0.0, -1.0, 0.3, -0.0, -1.0, 0.0, 0.0, 0.0, 0.0, 0.0, 1.0]
            ]
        },
        {
            "name": "Shoulder_L",
            "time": [0.0, 0.3333, 0.5333, 0.7, 1.1],
            "transform": [
                [-0.007939, -0.952498, -0.304441, 0.0, -0.088921, -0.302572, 0.948969, 0.4, -0.996007, 0.034605, -0.082295, -0.0, 0.0, 0.0, 0.0, 1.0],
                [-0.007939, -0.952498, -0.304441, -0.0, -0.088921, -0.302572, 0.94897, 0.4, -0.996007, 0.034605, -0.082295, 0.0, 0.0, 0.0, 0.0, 1.0],
                [0.267306, -0.914255, -0.304441, 0.0, 0.00219, -0.31536, 0.948969, 0.4, -0.963609, -0.254332, -0.082295, 0.0, 0.0, 0.0, 0.0, 1.0],
                [0.267306, -0.914256, -0.304441, -0.0, 0.00219, -0.31536, 0.948969, 0.4, -0.963609, -0.254332, -0.082295, -0.0, 0.0, 0.0, 0.0, 1.0],
                [0.267306, -0.914256, -0.304441, -0.0, 0.00219, -0.31536, 0.94897, 0.4, -0.963609, -0.254332, -0.082295, 0.0, 0.0, 0.0, 0.0, 1.0]
            ]
        },
        {
            "name": "Arm_L",
            "time": [0.0, 0.15, 0.3333, 0.4, 0.45, 0.5333, 0.7, 1.1],
            "transform": [
                [0.2326, 0.109416, 0.966398, 0.0, -0.875693, 0.455886, 0.159153, 0.39386, -0.423154, -0.883287, 0.201854, 0.0, 0.0, 0.0, 0.0, 1.0],
                [0.286497, -0.182196, 0.940598, 0.0, -0.663328, 0.670673, 0.331955, 0.39386, -0.691314, -0.719029, 0.07129, 0.0, 0.0, 0.0, 0.0, 1.0],
                [0.286497, -0.455533, 0.842857, 0.0, -0.663328, 0.540471, 0.517578, 0.39386, -0.691314, -0.707376, -0.147324, -0.0, 0.0, 0.0, 0.0, 1.0],
                [-0.062947, -0.000285, 0.998017, -0.0, -0.852719, 0.51961, -0.053634, 0.39386, -0.518564, -0.854403, -0.03295, 0.0, 0.0, 0.0, 0.0, 1.0],
                [0.65528, 0.340087, 0.674499, 0.0, -0.709782, 0.582759, 0.395727, 0.39386, -0.258489, -0.738059, 0.623259, 0.0, 0.0, 0.0, 0.0, 1.0],
                [0.890071, 0.436226, 0.132214, 0.0, -0.434073, 0.899691, -0.046233, 0.39386, -0.13912, -0.01624, 0.990143, 0.0, 0.0, 0.0, 0.0, 1.0],
                [0.867407, 0.497302, -0.017182, 0.0, -0.488905, 0.845316, -0.215434, 0.39386, -0.092611, 0.195269, 0.976367, 0.0, 0.0, 0.0, 0.0, 1.0],
                [0.871252, 0.490295, 0.023035, -0.0, -0.484961, 0.867115, -0.113685, 0.39386, -0.075713, 0.087877, 0.99325, -0.0, 0.0, 0.0, 0.0, 1.0]
            ]
        },
        {
            "name": "Hand_L",
            "time": [0.0, 0.15, 0.3333, 0.5333, 0.7, 1.1],
            "transform": [
                [0.99991, 0.013059, 0.003198, 0.0, -0.012582, 0.992716, -0.119824, 0.3, -0.004739, 0.119773, 0.99279, -0.0, 0.0, 0.0, 0.0, 1.0],
                [0.99991, 0.013442, -0.000277, -0.0, -0.012582, 0.928271, -0.371693, 0.3, -0.004739, 0.371663, 0.928356, -0.0, 0.0, 0.0, 0.0, 1.0],
                [0.99991, 0.012094, -0.005875, -0.0, -0.012582, 0.687665, -0.725919, 0.3, -0.004739, 0.725927, 0.687755, -0.0, 0.0, 0.0, 0.0, 1.0],
                [0.99991, 0.007771, -0.010972, -0.0, -0.012582, 0.253187, -0.967336, 0.3, -0.004739, 0.967386, 0.253262, -0.0, 0.0, 0.0, 0.0, 1.0],
                [0.99991, 0.007771, -0.010972, 0.0, -0.012582, 0.253187, -0.967336, 0.3, -0.004739, 0.967386, 0.253262, -0.0, 0.0, 0.0, 0.0, 1.0],
                [0.99991, 0.007771, -0.010972, 0.0, -0.012582, 0.253187, -0.967336, 0.3, -0.004739, 0.967386, 0.253262, 0.0, 0.0, 0.0, 0.0, 1.0]
            ]
        },
        {
            "name": "Tool_L",
            "time": [0.0, 0.3333, 0.7, 1.1],
            "transform": [
                [1.0, 0.0, 0.0, 0.0, 0.0, -0.999836, 0.018122, 0.272858, 0.0, -0.018122, -0.999247, -0.0, 0.0, 0.0, 0.0, 1.0],
                [1.0, -2e-06, -0.0, -0.0, 0.0, 0.138652, -0.990341, 0.090345, 2e-06, 0.98976, 0.13856, 0.256157, 0.0, 0.0, 0.0, 1.0],
                [1.0, -2e-06, -0.0, -1e-06, 0.0, 0.138652, -0.990341, 0.090345, 2e-06, 0.98976, 0.13856, 0.256157, 0.0, 0.0, 0.0, 1.0],
                [1.0, 0.0, 0.0, 0.0, 0.0, -0.999836, 0.018122, 0.272858, 0.0, -0.018122, -0.999248, -0.0, 0.0, 0.0, 0.0, 1.0]
            ]
        },
        {
            "name": "Elbow_L",
            "time": [0.0, 0.3333, 0.7, 1.1],
            "transform": [
                [-0.998967, -0.043093, -0.01444, -4.9e-05, 0.028309, -0.34145, -0.939473, 0.367197, 0.035554, -0.938911, 0.342317, -0.015902, 0.0, 0.0, 0.0, 1.0],
                [-0.998967, -0.043093, -0.01444, -4.9e-05, 0.028309, -0.34145, -0.939473, 0.367197, 0.035554, -0.938912, 0.342317, -0.015902, 0.0, 0.0, 0.0, 1.0],
                [-0.998967, -0.043093, -0.01444, -4.9e-05, 0.028309, -0.34145, -0.939473, 0.367197, 0.035554, -0.938912, 0.342317, -0.015902, 0.0, 0.0, 0.0, 1.0],
                [-0.998967, -0.043093, -0.01444, -4.9e-05, 0.028309, -0.34145, -0.939474, 0.367197, 0.035554, -0.938912, 0.342317, -0.015902, 0.0, 0.0, 0.0, 1.0]
            ]
        }
    ]
}