{
    "animation": [
        {
            "name": "Root",
            "time": [0.0, 0.2833, 0.5167, 0.6667, 0.7667, 0.9167, 1.1, 1.5167, 1.9833],
            "transform": [
                [0.854689, 0.010023, -0.519043, -5e-06, -0.51914, 0.016502, -0.85453, 0.030328, -0.0, 0.999814, 0.019308, 0.771957, 0.0, 0.0, 0.0, 1.0],
                [0.254102, 0.018674, -0.966997, 0.007421, -0.967178, 0.004906, -0.254054, 0.646517, -0.0, 0.999814, 0.019308, 0.711008, 0.0, 0.0, 0.0, 1.0],
                [0.254102, 0.018674, -0.966997, 0.018935, -0.967178, 0.004906, -0.254054, 0.718774, -0.0, 0.999814, 0.019308, 0.665719, 0.0, 0.0, 0.0, 1.0],
                [0.983731, 0.007471, 0.17949, 0.018935, 0.179329, 0.018383, -0.983617, -0.084878, -0.010648, 0.999803, 0.016744, 0.665719, 0.0, 0.0, 0.0, 1.0],
                [0.946357, 0.00556, 0.323074, 0.018935, 0.322926, 0.01849, -0.946244, -0.172623, -0.011235, 0.999814, 0.015702, 0.665719, 0.0, 0.0, 0.0, 1.0],
                [-0.554652, 0.049127, 0.830631, -0.027709, 0.828378, -0.061492, 0.556784, -1.35182, 0.078431, 0.996898, -0.006589, 0.608666, 0.0, 0.0, 0.0, 1.0],
                [-0.718408, 0.051936, -0.69368, -0.027709, -0.691186, 0.059139, 0.720253, -2.25766, 0.078431, 0.996898, -0.006589, 0.608666, 0.0, 0.0, 0.0, 1.0],
                [0.485221, 0.026081, -0.874003, -0.017345, -0.874392, 0.014945, -0.484991, -2.595362, 0.000413, 0.999548, 0.030057, 0.652274, 0.0, 0.0, 0.0, 1.0],
                [0.905557, 0.012377, -0.424044, -0.027709, -0.424224, 0.027393, -0.905143, -3.086482, 0.000413, 0.999548, 0.030057, 0.766533, 0.0, 0.0, 0.0, 1.0]
            ]
        },
        {
            "name": "Thigh_R",
            "time": [0.0, 0.1333, 0.2833, 0.5167, 0.7667, 1.0, 1.0833, 1.5167, 1.9833],
            "transform": [
                [0.996122, 0.056223, -0.067664, 0.124994, 0.068868, -0.976941, 0.202086, -0.002831, -0.054742, -0.205961, -0.977028, -1.2e-05, 0.0, 0.0, 0.0, 1.0],
                [0.906303, 0.422573, 0.006827, 0.124994, 0.421918, -0.905595, 0.043355, -0.002831, 0.024503, -0.036412, -0.999037, -1.2e-05, 0.0, 0.0, 0.0, 1.0],
                [0.864881, 0.501929, 0.006827, 0.124994, 0.501214, -0.864235, 0.043355, -0.002831, 0.027661, -0.034075, -0.999037, -1.2e-05, 0.0, 0.0, 0.0, 1.0],
                [0.80964, 0.586886, 0.006827, 0.124994, 0.586109, -0.80907, 0.043355, -0.002831, 0.030968, -0.0311, -0.999037, -1.2e-05, 0.0, 0.0, 0.0, 1.0],
                [0.986452, 0.162885, 0.019488, 0.124994, 0.124552, -0.820968, 0.557222, -0.002831, 0.106762, -0.547244, -0.830136, -1.2e-05, 0.0, 0.0, 0.0, 1.0],
                [0.894479, 0.445683, -0.035663, 0.124994, 0.411641, -0.789762, 0.45478, -0.002831, 0.174522, -0.421471, -0.88989, -1.2e-05, 0.0, 0.0, 0.0, 1.0],
                [0.715325, 0.240889, -0.65596, 0.124994, 0.577541, -0.732252, 0.360902, -0.002831, -0.393392, -0.637004, -0.662923, -1.2e-05, 0.0, 0.0, 0.0, 1.0],
                [0.854759, 0.415558, -0.310963, 0.124994, 0.403027, -0.908929, -0.10684, -0.002831, -0.327042, -0.034004, -0.944398, -1.2e-05, 0.0, 0.0, 0.0, 1.0],
                [0.996122, 0.056223, -0.067664, 0.124994, 0.068868, -0.976941, 0.202086, -0.002831, -0.054742, -0.205961, -0.977028, -1.2e-05, 0.0, 0.0, 0.0, 1.0]
            ]
        },
        {
            "name": "Leg_R",
            "time": [0.0, 0.2833, 0.5167, 0.7667, 0.8667, 1.0, 1.0833, 1.5167, 1.9833],
            "transform": [
                [0.998294, -0.058059, -0.006132, 0.0, 0.058094, 0.97748, 0.202875, 0.37472, -0.005785, -0.202886, 0.979185, -0.0, 0.0, 0.0, 0.0, 1.0],
                [0.998294, -0.058059, -0.006132, 0.0, 0.058094, 0.97748, 0.202875, 0.37472, -0.005785, -0.202886, 0.979185, 0.0, 0.0, 0.0, 0.0, 1.0],
                [0.998295, -0.058059, -0.006132, -0.0, 0.058095, 0.97748, 0.202875, 0.37472, -0.005785, -0.202886, 0.979185, 0.0, 0.0, 0.0, 0.0, 1.0],
                [0.998294, -0.058059, -0.006132, -0.0, 0.058095, 0.97748, 0.202875, 0.37472, -0.005785, -0.202886, 0.979185, 0.0, 0.0, 0.0, 0.0, 1.0],
                [0.998294, -0.051915, -0.026707, 0.0, 0.058095, 0.838018, 0.542541, 0.37472, -0.005785, -0.543168, 0.839604, 0.0, 0.0, 0.0, 0.0, 1.0],
                [0.998294, -0.058059, -0.006132, -0.0, 0.058095, 0.97748, 0.202875, 0.37472, -0.005785, -0.202886, 0.979185, -0.0, 0.0, 0.0, 0.0, 1.0],
                [0.998294, -0.041915, -0.04064, -0.0, 0.058094, 0.644209, 0.76264, 0.37472, -0.005785, -0.763701, 0.645544, -0.0, 0.0, 0.0, 0.0, 1.0],
                [0.998294, -0.041914, -0.04064, 0.0, 0.058094, 0.644209, 0.76264, 0.37472, -0.005785, -0.763701, 0.645544, 0.0, 0.0, 0.0, 0.0, 1.0],
                [0.998294, -0.058059, -0.006132, 0.0, 0.058095, 0.97748, 0.202875, 0.37472, -0.005785, -0.202886, 0.979185, 0.0, 0.0, 0.0, 0.0, 1.0]
            ]
        },
        {
            "name": "Knee_R",
            "time": [0.0, 0.2833, 0.5167, 0.7667, 1.0, 1.5167, 1.9833],
            "transform": [
                [1.0, 0.0, -0.0, 0.0, -0.0, 1e-06, -1.0, 0.37472, -0.0, 1.0, 1e-06, -0.0, 0.0, 0.0, 0.0, 1.0],
                [1.0, 0.0, -0.0, 0.0, -0.0, 1e-06, -1.0, 0.37472, -0.0, 1.0, 1e-06, 0.0, 0.0, 0.0, 0.0, 1.0],
                [1.0, 0.0, -0.0, -0.0, -0.0, 1e-06, -1.0, 0.37472, -0.0, 1.0, 1e-06, 0.0, 0.0, 0.0, 0.0, 1.0],
                [1.0, 0.0, -0.0, -0.0, -0.0, 1e-06, -1.0, 0.37472, -0.0, 1.0, 1e-06, 0.0, 0.0, 0.0, 0.0, 1.0],
                [1.0, 0.0, -0.0, -0.0, -0.0, 1e-06, -1.0, 0.37472, -0.0, 1.0, 1e-06, -0.0, 0.0, 0.0, 0.0, 1.0],
                [1.0, 0.0, -0.0, 0.0, -0.0, 1e-06, -1.0, 0.37472, -0.0, 1.0, 1e-06, 0.0, 0.0, 0.0, 0.0, 1.0],
                [1.0, 0.0, -0.0, 0.0, -0.0, 1e-06, -1.0, 0.37472, -0.0, 1.0, 1e-06, 0.0, 0.0, 0.0, 0.0, 1.0]
            ]
        },
        {
            "name": "Thigh_L",
            "time": [0.0, 0.1333, 0.2833, 0.5167, 0.6, 0.7667, 0.8667, 1.0, 1.0833, 1.5167, 1.9833],
            "transform": [
                [0.862919, -0.126282, -0.489308, -0.109662, -0.086164, -0.990862, 0.103769, -0.002831, -0.497941, -0.047383, -0.865915, 0.02525, 0.0, 0.0, 0.0, 1.0],
                [0.364888, -0.424863, -0.828461, -0.109662, -0.083734, -0.901182, 0.425276, -0.002831, -0.927278, -0.085807, -0.364406, 0.02525, 0.0, 0.0, 0.0, 1.0],
                [0.364887, -0.492112, -0.790368, -0.109662, -0.083734, -0.862804, 0.498555, -0.002831, -0.927278, -0.115735, -0.356033, 0.02525, 0.0, 0.0, 0.0, 1.0],
                [0.364887, -0.598656, -0.713069, -0.109662, -0.083734, -0.783872, 0.61525, -0.002831, -0.927278, -0.164788, -0.336153, 0.02525, 0.0, 0.0, 0.0, 1.0],
                [0.304355, -0.616504, -0.726147, -0.109662, -0.403788, -0.773934, 0.487833, -0.002831, -0.862741, 0.144736, -0.484488, 0.02525, 0.0, 0.0, 0.0, 1.0],
                [0.70797, -0.276109, -0.650032, -0.109662, -0.386016, -0.922043, -0.028773, -0.002831, -0.591412, 0.271294, -0.759362, 0.02525, 0.0, 0.0, 0.0, 1.0],
                [0.415623, -0.623243, -0.662439, -0.109662, -0.677694, -0.697963, 0.23147, -0.002831, -0.606619, 0.352727, -0.712457, 0.02525, 0.0, 0.0, 0.0, 1.0],
                [0.430653, -0.697234, -0.573064, -0.109662, -0.341666, -0.713654, 0.611525, -0.002831, -0.835345, -0.067558, -0.545558, 0.02525, 0.0, 0.0, 0.0, 1.0],
                [0.540767, -0.680921, -0.493879, -0.109662, -0.272588, -0.697304, 0.662919, -0.002831, -0.795779, -0.223859, -0.562691, 0.02525, 0.0, 0.0, 0.0, 1.0],
                [0.47267, -0.677073, -0.564051, -0.109662, -0.123235, -0.684563, 0.718461, -0.002831, -0.872579, -0.270084, -0.407013, 0.02525, 0.0, 0.0, 0.0, 1.0],
                [0.862919, -0.126282, -0.489308, -0.109662, -0.086164, -0.990862, 0.103769, -0.002831, -0.497941, -0.047383, -0.865915, 0.02525, 0.0, 0.0, 0.0, 1.0]
            ]
        },
        {
            "name": "Leg_L",
            "time": [0.0, 0.1333, 0.2833, 0.5167, 0.6, 0.7667, 0.8667, 1.0, 1.0833, 1.5167, 1.9833],
            "transform": [
                [0.997933, 0.063289, 0.011181, 0.0, -0.064028, 0.994089, 0.087675, 0.37472, -0.005566, -0.088209, 0.996087, -0.0, 0.0, 0.0, 0.0, 1.0],
                [0.997933, 0.051386, 0.0386, -0.0, -0.064028, 0.846913, 0.527862, 0.37472, -0.005567, -0.529242, 0.848453, -0.0, 0.0, 0.0, 0.0, 1.0],
                [0.997933, 0.051386, 0.0386, 0.0, -0.064028, 0.846913, 0.527862, 0.37472, -0.005567, -0.529242, 0.848453, -0.0, 0.0, 0.0, 0.0, 1.0],
                [0.997933, 0.051386, 0.0386, 0.0, -0.064028, 0.846913, 0.527862, 0.37472, -0.005567, -0.529242, 0.848453, -0.0, 0.0, 0.0, 0.0, 1.0],
                [0.997933, 0.0211, 0.060707, 0.0, -0.064028, 0.408213, 0.910639, 0.37472, -0.005567, -0.912643, 0.40872, -0.0, 0.0, 0.0, 0.0, 1.0],
                [0.997933, 0.051386, 0.0386, 0.0, -0.064028, 0.846913, 0.527862, 0.37472, -0.005567, -0.529242, 0.848453, -0.0, 0.0, 0.0, 0.0, 1.0],
                [0.997933, 0.027266, 0.058199, 0.0, -0.064028, 0.500213, 0.863532, 0.37472, -0.005567, -0.865472, 0.500925, -0.0, 0.0, 0.0, 0.0, 1.0],
                [0.997933, 0.038232, 0.051661, 0.0, -0.064028, 0.661038, 0.747616, 0.37472, -0.005567, -0.749378, 0.662119, 0.0, 0.0, 0.0, 0.0, 1.0],
                [0.997933, 0.008993, 0.063637, 0.0, -0.064028, 0.22487, 0.972283, 0.37472, -0.005567, -0.974347, 0.224981, 0.0, 0.0, 0.0, 0.0, 1.0],
                [0.997933, 0.05168, 0.038205, 0.0, -0.064028, 0.850935, 0.521354, 0.37472, -0.005567, -0.522722, 0.852485, -0.0, 0.0, 0.0, 0.0, 1.0],
                [0.997933, 0.063289, 0.011181, -0.0, -0.064028, 0.994089, 0.087675, 0.37472, -0.005566, -0.088209, 0.996087, -0.0, 0.0, 0.0, 0.0, 1.0]
            ]
        },
        {
            "name": "Knee_L",
            "time": [0.0, 0.2833, 0.5167, 0.7667, 1.0, 1.5167, 1.9833],
            "transform": [
                [1.0, 0.0, -0.0, 0.0, -0.0, 1e-06, -1.0, 0.37472, -0.0, 1.0, 1e-06, -0.0, 0.0, 0.0, 0.0, 1.0],
                [1.0, 0.0, -0.0, 0.0, -0.0, 1e-06, -1.0, 0.37472, -0.0, 1.0, 1e-06, -0.0, 0.0, 0.0, 0.0, 1.0],
                [1.0, 0.0, -0.0, 0.0, -0.0, 1e-06, -1.0, 0.37472, -0.0, 1.0, 1e-06, -0.0, 0.0, 0.0, 0.0, 1.0],
                [1.0, 0.0, -0.0, 0.0, -0.0, 1e-06, -1.0, 0.37472, -0.0, 1.0, 1e-06, -0.0, 0.0, 0.0, 0.0, 1.0],
                [1.0, 0.0, -0.0, 0.0, -0.0, 1e-06, -1.0, 0.37472, -0.0, 1.0, 1e-06, 0.0, 0.0, 0.0, 0.0, 1.0],
                [1.0, 0.0, -0.0, 0.0, -0.0, 1e-06, -1.0, 0.37472, -0.0, 1.0, 1e-06, -0.0, 0.0, 0.0, 0.0, 1.0],
                [1.0, 0.0, -0.0, -0.0, -0.0, 1e-06, -1.0, 0.37472, -0.0, 1.0, 1e-06, -0.0, 0.0, 0.0, 0.0, 1.0]
            ]
        },
        {
            "name": "Torso",
            "time": [0.0, 0.2833, 0.5167, 0.7667, 1.0, 1.5167, 1.6833, 1.9833],
            "transform": [
                [0.965662, -0.025127, 0.258583, -0.0, 0.020968, 0.999603, 0.018828, 0.05, -0.258953, -0.012759, 0.965806, 0.0, 0.0, 0.0, 0.0, 1.0],
                [0.965662, -0.025127, 0.258583, -0.0, 0.020968, 0.999603, 0.018828, 0.05, -0.258953, -0.012759, 0.965806, -0.0, 0.0, 0.0, 0.0, 1.0],
                [0.965662, -0.025127, 0.258583, 0.0, 0.020968, 0.999603, 0.018828, 0.05, -0.258953, -0.012759, 0.965806, -0.0, 0.0, 0.0, 0.0, 1.0],
                [0.965662, -0.025127, 0.258583, 0.0, 0.020968, 0.999603, 0.018828, 0.05, -0.258953, -0.012759, 0.965806, -0.0, 0.0, 0.0, 0.0, 1.0],
                [0.965662, -0.025127, 0.258583, -0.0, 0.020968, 0.999603, 0.018828, 0.05, -0.258953, -0.012759, 0.965806, 0.0, 0.0, 0.0, 0.0, 1.0],
                [0.965662, -0.025127, 0.258583, -0.0, 0.020968, 0.999603, 0.018828, 0.05, -0.258953, -0.012759, 0.965806, 0.0, 0.0, 0.0, 0.0, 1.0],
                [0.965662, 0.033505, 0.257631, 0.0, 0.020968, 0.978364, -0.205828, 0.05, -0.258953, 0.204163, 0.944066, -0.0, 0.0, 0.0, 0.0, 1.0],
                [0.965662, -0.025127, 0.258583, 0.0, 0.020968, 0.999603, 0.018828, 0.05, -0.258953, -0.012759, 0.965806, -0.0, 0.0, 0.0, 0.0, 1.0]
            ]
        },
        {
            "name": "Chest",
            "time": [0.0, 0.1333, 0.2833, 0.5167, 0.6333, 0.7667, 1.0, 1.2, 1.5167, 1.6833, 1.9833],
            "transform": [
                [0.997431, -0.023894, 0.067533, -0.0, 0.022738, 0.999582, 0.017843, 0.3, -0.067931, -0.016261, 0.997558, -0.0, 0.0, 0.0, 0.0, 1.0],
                [0.986376, 0.043327, -0.158696, 0.0, 0.026221, 0.91095, 0.411684, 0.3, 0.162401, -0.410236, 0.897403, 0.0, 0.0, 0.0, 0.0, 1.0],
                [0.982183, -0.063259, -0.17696, 0.0, 0.098839, 0.974771, 0.200129, 0.3, 0.159836, -0.214054, 0.963656, 0.0, 0.0, 0.0, 0.0, 1.0],
                [0.985309, -0.040105, -0.166009, 0.0, 0.071, 0.980247, 0.184592, 0.3, 0.155326, -0.193667, 0.968693, -0.0, 0.0, 0.0, 0.0, 1.0],
                [0.920705, 0.074064, 0.383168, 0.0, -0.039047, 0.994382, -0.098381, 0.3, -0.388302, 0.075619, 0.918425, -0.0, 0.0, 0.0, 0.0, 1.0],
                [0.589017, -0.1363, 0.796544, -0.0, 0.017569, 0.987601, 0.156001, 0.3, -0.80793, -0.077893, 0.584108, -0.0, 0.0, 0.0, 0.0, 1.0],
                [0.589017, -0.1363, 0.796544, 0.0, 0.017569, 0.987601, 0.156001, 0.3, -0.80793, -0.077893, 0.584108, -0.0, 0.0, 0.0, 0.0, 1.0],
                [0.88969, -0.235181, 0.391333, -0.0, 0.03565, 0.890292, 0.453993, 0.3, -0.455171, -0.389962, 0.800468, 0.0, 0.0, 0.0, 0.0, 1.0],
                [0.997431, -0.042465, 0.057692, -0.0, 0.022738, 0.951386, 0.307161, 0.3, -0.067931, -0.30506, 0.949907, 0.0, 0.0, 0.0, 0.0, 1.0],
                [0.997569, -0.051545, 0.046897, -0.0, 0.019804, 0.854918, 0.518386, 0.3, -0.066813, -0.516197, 0.85386, -0.0, 0.0, 0.0, 0.0, 1.0],
                [0.997431, -0.023894, 0.067533, -0.0, 0.022738, 0.999582, 0.017843, 0.3, -0.067931, -0.016261, 0.997558, 0.0, 0.0, 0.0, 0.0, 1.0]
            ]
        },
        {
            "name": "Head",
            "time": [0.0, 0.1333, 0.2833, 0.5167, 0.6333, 0.7667, 1.0, 1.2, 1.5167, 1.6833, 1.9833],
            "transform": [
                [0.989016, 0.03176, 0.144357, 0.0, -0.026637, 0.99895, -0.037285, 0.4, -0.145389, 0.033031, 0.988823, -0.0, 0.0, 0.0, 0.0, 1.0],
                [0.681333, -0.025227, 0.731538, 0.0, 0.116404, 0.990422, -0.07426, 0.4, -0.722658, 0.13575, 0.677744, -0.0, 0.0, 0.0, 0.0, 1.0],
                [0.407008, -0.025227, 0.913076, -0.0, 0.134204, 0.990422, -0.032458, 0.4, -0.903512, 0.13575, 0.406495, 0.0, 0.0, 0.0, 0.0, 1.0],
                [0.407008, 0.023255, 0.913129, 0.0, 0.134204, 0.987305, -0.084963, 0.4, -0.903512, 0.157126, 0.39872, 0.0, 0.0, 0.0, 0.0, 1.0],
                [0.996431, 0.023255, 0.081151, 0.0, -0.010132, 0.987305, -0.158514, 0.4, -0.083807, 0.157126, 0.984016, 0.0, 0.0, 0.0, 0.0, 1.0],
                [0.186821, 0.023255, -0.982119, 0.0, -0.158692, 0.987305, -0.006809, 0.4, 0.969492, 0.157126, 0.18814, -0.0, 0.0, 0.0, 0.0, 1.0],
                [0.699276, 0.023255, -0.714473, -0.0, -0.128387, 0.987305, -0.093521, 0.4, 0.703228, 0.157126, 0.693384, -0.0, 0.0, 0.0, 0.0, 1.0],
                [0.671618, 0.039825, 0.739827, -0.0, 0.037509, 0.995446, -0.087636, 0.4, -0.739948, 0.086608, 0.667065, -0.0, 0.0, 0.0, 0.0, 1.0],
                [0.989016, 0.03176, 0.144357, 0.0, -0.026637, 0.99895, -0.037286, 0.4, -0.145389, 0.033031, 0.988823, 0.0, 0.0, 0.0, 0.0, 1.0],
                [0.86743, 0.03176, 0.496545, 0.0, -0.01113, 0.99895, -0.04445, 0.4, -0.497435, 0.033031, 0.866872, -0.0, 0.0, 0.0, 0.0, 1.0],
                [0.989016, 0.03176, 0.144357, -0.0, -0.026637, 0.99895, -0.037286, 0.4, -0.145389, 0.033031, 0.988823, 0.0, 0.0, 0.0, 0.0, 1.0]
            ]
        },
        {
            "name": "Shoulder_R",
            "time": [0.0, 0.2833, 0.5167, 0.7667, 1.0, 1.5167, 1.9833],
            "transform": [
                [-0.059544, 0.923942, 0.37787, 0.0, -0.044266, -0.380613, 0.923674, 0.4, 0.997244, 0.038273, 0.063562, -0.0, 0.0, 0.0, 0.0, 1.0],
                [-0.059544, 0.923942, 0.37787, -0.0, -0.044266, -0.380613, 0.923674, 0.4, 0.997243, 0.038273, 0.063562, 0.0, 0.0, 0.0, 0.0, 1.0],
                [-0.059544, 0.923942, 0.37787, 0.0, -0.044266, -0.380613, 0.923674, 0.4, 0.997243, 0.038273, 0.063562, 0.0, 0.0, 0.0, 0.0, 1.0],
                [-0.059544, 0.923942, 0.37787, 0.0, -0.044266, -0.380613, 0.923674, 0.4, 0.997244, 0.038273, 0.063562, -0.0, 0.0, 0.0, 0.0, 1.0],
                [-0.059544, 0.923942, 0.37787, -0.0, -0.044266, -0.380613, 0.923674, 0.4, 0.997244, 0.038273, 0.063562, -0.0, 0.0, 0.0, 0.0, 1.0],
                [-0.059544, 0.923942, 0.37787, 0.0, -0.044266, -0.380613, 0.923674, 0.4, 0.997244, 0.038273, 0.063562, 0.0, 0.0, 0.0, 0.0, 1.0],
                [-0.059544, 0.923942, 0.37787, -0.0, -0.044266, -0.380613, 0.923674, 0.4, 0.997243, 0.038273, 0.063562, 0.0, 0.0, 0.0, 0.0, 1.0]
            ]
        },
        {
            "name": "Arm_R",
            "time": [0.0, 0.2833, 0.5167, 0.6333, 0.7667, 1.0, 1.1667, 1.5167, 1.6833, 1.7833, 1.9833],
            "transform": [
                [0.047157, -0.034167, -0.998303, -0.0, 0.871616, 0.489581, 0.024416, 0.39386, 0.487916, -0.871288, 0.052867, 0.0, 0.0, 0.0, 0.0, 1.0],
                [0.049616, -0.030486, -0.998303, 0.0, 0.831909, 0.554375, 0.024416, 0.39386, 0.55269, -0.831708, 0.052867, 0.0, 0.0, 0.0, 0.0, 1.0],
                [0.052971, -0.02419, -0.998303, -0.0, 0.757876, 0.651941, 0.024416, 0.39386, 0.650244, -0.757884, 0.052867, 0.0, 0.0, 0.0, 0.0, 1.0],
                [-0.128864, -0.92346, -0.361407, 0.0, 0.400353, 0.284978, -0.870922, 0.393861, 0.907255, -0.256921, 0.332987, 0.0, 0.0, 0.0, 0.0, 1.0],
                [0.962494, -0.180878, 0.202211, 0.0, 0.220004, 0.956498, -0.1916, 0.393861, -0.158758, 0.228901, 0.960417, 0.0, 0.0, 0.0, 0.0, 1.0],
                [0.962494, 0.106558, 0.249502, 0.0, 0.220004, 0.231592, -0.947609, 0.39386, -0.158758, 0.96696, 0.199463, -0.0, 0.0, 0.0, 0.0, 1.0],
                [0.555203, -0.194734, -0.808597, -0.0, 0.265128, 0.962924, -0.049857, 0.39386, 0.788325, -0.186701, 0.586247, -0.0, 0.0, 0.0, 0.0, 1.0],
                [0.056416, -0.014433, -0.998303, 0.0, 0.630524, 0.775786, 0.024416, 0.393861, 0.774117, -0.630831, 0.052868, -0.0, 0.0, 0.0, 0.0, 1.0],
                [0.501902, -0.133714, -0.854526, -0.0, 0.502726, 0.849051, 0.162417, 0.393861, 0.703819, -0.51111, 0.493362, -0.0, 0.0, 0.0, 0.0, 1.0],
                [0.331288, 0.284858, -0.899502, 0.0, 0.669724, 0.600533, 0.43684, 0.39386, 0.664618, -0.747138, 0.008174, -0.0, 0.0, 0.0, 0.0, 1.0],
                [0.047157, -0.034167, -0.998303, 0.0, 0.871616, 0.489581, 0.024416, 0.39386, 0.487916, -0.871288, 0.052867, 0.0, 0.0, 0.0, 0.0, 1.0]
            ]
        },
        {
            "name": "Hand_R",
            "time": [0.0, 0.1333, 0.2833, 0.5167, 0.6333, 0.7667, 1.0, 1.1667, 1.5167, 1.6833, 1.7833, 1.9833],
            "transform": [
                [0.999599, -0.023996, -0.015032, 0.0, 0.023395, 0.998967, -0.038953, 0.3, 0.015951, 0.038585, 0.999128, 0.0, 0.0, 0.0, 0.0, 1.0],
                [0.999599, -0.027334, 0.007389, 0.0, 0.023395, 0.650264, -0.759348, 0.3, 0.015951, 0.759216, 0.650643, 0.0, 0.0, 0.0, 0.0, 1.0],
                [0.999599, -0.027334, 0.007389, 0.0, 0.023395, 0.650264, -0.759348, 0.3, 0.015951, 0.759217, 0.650643, 0.0, 0.0, 0.0, 0.0, 1.0],
                [0.999599, -0.027334, 0.007389, 0.0, 0.023395, 0.650264, -0.759348, 0.3, 0.015951, 0.759216, 0.650643, -0.0, 0.0, 0.0, 0.0, 1.0],
                [0.999599, -0.026202, -0.010733, 0.0, 0.023395, 0.977801, -0.208226, 0.3, 0.015951, 0.207891, 0.978022, -0.0, 0.0, 0.0, 0.0, 1.0],
                [0.999599, -0.02422, -0.014668, 0.0, 0.023395, 0.998265, -0.054044, 0.3, 0.015951, 0.053679, 0.998431, 0.0, 0.0, 0.0, 0.0, 1.0],
                [0.999599, -0.027929, 0.004661, -0.0, 0.023395, 0.721902, -0.6916, 0.3, 0.015951, 0.691432, 0.722265, 0.0, 0.0, 0.0, 0.0, 1.0],
                [0.999599, -0.025612, 0.012074, -0.0, 0.023395, 0.506822, -0.861733, 0.3, 0.015951, 0.86167, 0.507218, 0.0, 0.0, 0.0, 0.0, 1.0],
                [0.999599, -0.023996, -0.015032, 0.0, 0.023395, 0.998967, -0.038953, 0.3, 0.015951, 0.038585, 0.999128, 0.0, 0.0, 0.0, 0.0, 1.0],
                [0.999599, -0.028152, 0.003041, -0.0, 0.023395, 0.760615, -0.648782, 0.3, 0.015951, 0.648593, 0.760968, -0.0, 0.0, 0.0, 0.0, 1.0],
                [0.999599, -0.026347, 0.010374, 0.0, 0.023395, 0.562086, -0.826748, 0.3, 0.015951, 0.826659, 0.562477, -0.0, 0.0, 0.0, 0.0, 1.0],
                [0.999599, -0.023996, -0.015032, 0.0, 0.023395, 0.998967, -0.038953, 0.3, 0.015951, 0.038585, 0.999128, -0.0, 0.0, 0.0, 0.0, 1.0]
            ]
        },
        {
            "name": "Tool_R",
            "time": [0.0, 0.2833, 0.5167, 0.7667, 1.0, 1.4167, 1.5667, 1.6833, 1.8167, 1.9167, 1.9833],
            "transform": [
                [1.0, 0.0, 0.0, 0.0, 0.0, -0.999836, 0.018122, 0.272858, 0.0, -0.018122, -0.999244, 0.0, 0.0, 0.0, 0.0, 1.0],
                [1.0, 0.0, 0.0, -0.0, 0.0, -0.999836, 0.018122, 0.272858, 0.0, -0.018122, -0.999244, 0.0, 0.0, 0.0, 0.0, 1.0],
                [1.0, -0.0, 0.0, 0.0, 0.0, -0.999836, 0.018122, 0.272858, 0.0, -0.018122, -0.999244, 0.0, 0.0, 0.0, 0.0, 1.0],
                [1.0, 0.0, 0.0, -0.0, 0.0, -0.999836, 0.018122, 0.272858, 0.0, -0.018122, -0.999244, 0.0, 0.0, 0.0, 0.0, 1.0],
                [1.0, 0.0, 0.0, -0.0, 0.0, -0.999836, 0.018122, 0.272858, 0.0, -0.018122, -0.999243, 0.0, 0.0, 0.0, 0.0, 1.0],
                [1.0, -0.0, 0.0, 0.0, 0.0, -0.999836, 0.018122, 0.272858, 0.0, -0.018122, -0.999244, 0.0, 0.0, 0.0, 0.0, 1.0],
                [1.0, -0.0, 0.0, -0.0, -0.0, -0.144667, -0.98948, 0.272858, 0.0, 0.988893, -0.144592, -0.0, 0.0, 0.0, 0.0, 1.0],
                [1.0, -0.0, -0.0, 0.0, 0.0, 0.940103, -0.340892, 0.272858, 0.0, 0.340701, 0.939542, -0.0, 0.0, 0.0, 0.0, 1.0],
                [1.0, 1e-06, -0.0, 0.0, -0.0, 0.238677, 0.971099, 0.272858, 1e-06, -0.970522, 0.238546, -0.0, 0.0, 0.0, 0.0, 1.0],
                [1.0, -0.0, 1e-06, -0.0, -0.0, -0.999674, 0.025545, 0.272858, 1e-06, -0.025541, -0.999082, 0.0, 0.0, 0.0, 0.0, 1.0],
                [1.0, -0.0, 1e-06, 0.0, -0.0, -0.999674, 0.025545, 0.272858, 1e-06, -0.025541, -0.999081, 0.0, 0.0, 0.0, 0.0, 1.0]
            ]
        },
        {
            "name": "Elbow_R",
            "time": [0.0, 0.2833, 0.5167, 0.7667, 1.0, 1.5167, 1.9833],
            "transform": [
                [-1.0, 0.0, -0.0, 0.0, 0.0, -0.0, -1.0, 0.3, -0.0, -1.0, 0.0, 0.0, 0.0, 0.0, 0.0, 1.0],
                [-1.0, 0.0, 0.0, 0.0, 0.0, -0.0, -1.0, 0.3, -0.0, -1.0, 0.0, 0.0, 0.0, 0.0, 0.0, 1.0],
                [-1.0, 0.0, 0.0, 0.0, 0.0, -0.0, -1.0, 0.3, -0.0, -1.0, 0.0, -0.0, 0.0, 0.0, 0.0, 1.0],
                [-1.0, 0.0, -0.0, 0.0, 0.0, -0.0, -1.0, 0.3, -0.0, -1.0, 0.0, 0.0, 0.0, 0.0, 0.0, 1.0],
                [-1.0, 0.0, -0.0, -0.0, 0.0, 0.0, -1.0, 0.3, -0.0, -1.0, -0.0, 0.0, 0.0, 0.0, 0.0, 1.0],
                [-1.0, 0.0, -0.0, 0.0, 0.0, -0.0, -1.0, 0.3, -0.0, -1.0, 0.0, 0.0, 0.0, 0.0, 0.0, 1.0],
                [-1.0, 0.0, -0.0, 0.0, 0.0, -0.0, -1.0, 0.3, -0.0, -1.0, 0.0, -0.0, 0.0, 0.0, 0.0, 1.0]
            ]
        },
        {
            "name": "Shoulder_L",
            "time": [0.0, 0.2833, 0.5167, 0.7667, 1.0, 1.5167, 1.9833],
            "transform": [
                [-0.007939, -0.952498, -0.304441, 0.0, -0.088921, -0.302572, 0.948969, 0.4, -0.996007, 0.034605, -0.082295, -0.0, 0.0, 0.0, 0.0, 1.0],
                [-0.007939, -0.952498, -0.304441, -0.0, -0.088921, -0.302572, 0.948969, 0.4, -0.996007, 0.034605, -0.082295, 0.0, 0.0, 0.0, 0.0, 1.0],
                [-0.007939, -0.952498, -0.304441, 0.0, -0.088921, -0.302572, 0.948969, 0.4, -0.996007, 0.034605, -0.082295, 0.0, 0.0, 0.0, 0.0, 1.0],
                [-0.007939, -0.952498, -0.304441, 0.0, -0.088921, -0.302572, 0.948969, 0.4, -0.996007, 0.034605, -0.082295, -0.0, 0.0, 0.0, 0.0, 1.0],
                [-0.007939, -0.952498, -0.304441, -0.0, -0.088921, -0.302572, 0.94897, 0.4, -0.996007, 0.034605, -0.082295, -0.0, 0.0, 0.0, 0.0, 1.0],
                [-0.007939, -0.952498, -0.304441, 0.0, -0.088921, -0.302572, 0.948969, 0.4, -0.996007, 0.034605, -0.082295, 0.0, 0.0, 0.0, 0.0, 1.0],
                [-0.007939, -0.952498, -0.304441, -0.0, -0.088921, -0.302572, 0.94897, 0.4, -0.996007, 0.034605, -0.082295, 0.0, 0.0, 0.0, 0.0, 1.0]
            ]
        },
        {
            "name": "Arm_L",
            "time": [0.0, 0.1333, 0.2833, 0.5167, 0.6333, 0.7667, 0.9167, 1.0, 1.1667, 1.5167, 1.6833, 1.7833, 1.9833],
            "transform": [
                [0.2326, 0.109416, 0.966398, 0.0, -0.875693, 0.455886, 0.159153, 0.39386, -0.423154, -0.883287, 0.201854, 0.0, 0.0, 0.0, 0.0, 1.0],
                [0.61475, 0.554883, 0.560525, 0.0, -0.470902, 0.828324, -0.303529, 0.39386, -0.632719, -0.077358, 0.770507, -0.0, 0.0, 0.0, 0.0, 1.0],
                [0.906153, 0.389462, -0.164943, -0.0, -0.422926, 0.83854, -0.343489, 0.39386, 0.004535, 0.381012, 0.924559, 0.0, 0.0, 0.0, 0.0, 1.0],
                [0.906153, 0.391245, -0.160668, -0.0, -0.422926, 0.842251, -0.334286, 0.39386, 0.004535, 0.370865, 0.928676, 0.0, 0.0, 0.0, 0.0, 1.0],
                [0.343562, 0.756705, -0.556204, 0.0, -0.901, 0.098538, -0.42248, 0.39386, -0.264885, 0.646287, 0.715646, 0.0, 0.0, 0.0, 0.0, 1.0],
                [0.342503, 0.628092, -0.698708, 0.0, -0.93643, 0.167988, -0.308024, 0.39386, -0.076093, 0.75979, 0.645701, 0.0, 0.0, 0.0, 0.0, 1.0],
                [0.222817, 0.384635, 0.895773, -0.0, -0.534512, 0.816641, -0.217701, 0.39386, -0.81526, -0.430294, 0.387553, 0.0, 0.0, 0.0, 0.0, 1.0],
                [0.222817, 0.384635, 0.895773, 0.0, -0.534512, 0.816641, -0.217701, 0.39386, -0.81526, -0.430294, 0.387553, -0.0, 0.0, 0.0, 0.0, 1.0],
                [0.211076, 0.401002, 0.891428, 0.0, -0.617951, 0.761351, -0.196167, 0.39386, -0.757353, -0.509453, 0.408502, -0.0, 0.0, 0.0, 0.0, 1.0],
                [0.255431, 0.028807, 0.966398, -0.0, -0.682581, 0.71327, 0.159153, 0.39386, -0.684718, -0.700297, 0.201854, 0.0, 0.0, 0.0, 0.0, 1.0],
                [0.438907, 0.319709, 0.83973, 0.0, -0.55929, 0.828648, -0.023162, 0.39386, -0.703247, -0.459486, 0.542509, 0.0, 0.0, 0.0, 0.0, 1.0],
                [0.302631, -0.003826, 0.9531, 0.0, -0.657905, 0.722704, 0.211801, 0.39386, -0.689619, -0.691147, 0.216196, 0.0, 0.0, 0.0, 0.0, 1.0],
                [0.2326, 0.109416, 0.966398, -0.0, -0.875693, 0.455886, 0.159153, 0.39386, -0.423154, -0.883287, 0.201854, -0.0, 0.0, 0.0, 0.0, 1.0]
            ]
        },
        {
            "name": "Hand_L",
            "time": [0.0, 0.1333, 0.2833, 0.5167, 0.6333, 0.7667, 1.0, 1.1667, 1.5167, 1.6833, 1.7833, 1.9833],
            "transform": [
                [0.99991, 0.013059, 0.003198, 0.0, -0.012582, 0.992716, -0.119824, 0.3, -0.004739, 0.119773, 0.99279, -0.0, 0.0, 0.0, 0.0, 1.0],
                [0.99991, 0.012856, -0.003935, 0.0, -0.012582, 0.791622, -0.610883, 0.3, -0.004739, 0.610877, 0.791712, -0.0, 0.0, 0.0, 0.0, 1.0],
                [0.99991, 0.012571, 0.004768, -0.0, -0.012582, 0.999918, 0.002278, 0.3, -0.004739, -0.002338, 0.999986, -0.0, 0.0, 0.0, 0.0, 1.0],
                [0.99991, 0.012571, 0.004768, 0.0, -0.012582, 0.999918, 0.002278, 0.3, -0.004739, -0.002338, 0.999986, -0.0, 0.0, 0.0, 0.0, 1.0],
                [0.99991, 0.01295, -0.003615, 0.0, -0.012582, 0.806503, -0.591097, 0.3, -0.004739, 0.591089, 0.806593, 0.0, 0.0, 0.0, 0.0, 1.0],
                [0.99991, 0.01295, -0.003615, -0.0, -0.012582, 0.806503, -0.591097, 0.3, -0.004739, 0.591089, 0.806593, 0.0, 0.0, 0.0, 0.0, 1.0],
                [0.99991, 0.01295, -0.003615, -0.0, -0.012582, 0.806503, -0.591097, 0.3, -0.004739, 0.591089, 0.806593, 0.0, 0.0, 0.0, 0.0, 1.0],
                [0.99991, 0.011938, -0.006184, -0.0, -0.012582, 0.668733, -0.743396, 0.3, -0.004739, 0.743407, 0.668823, -0.0, 0.0, 0.0, 0.0, 1.0],
                [0.99991, 0.013059, 0.003198, 0.0, -0.012582, 0.992716, -0.119824, 0.3, -0.004739, 0.119773, 0.99279, 0.0, 0.0, 0.0, 0.0, 1.0],
                [0.99991, 0.01291, -0.003755, 0.0, -0.012582, 0.800055, -0.599795, 0.3, -0.004739, 0.599788, 0.800145, -0.0, 0.0, 0.0, 0.0, 1.0],
                [0.99991, 0.011993, -0.006078, 0.0, -0.012582, 0.675317, -0.737421, 0.3, -0.004739, 0.73743, 0.675407, -0.0, 0.0, 0.0, 0.0, 1.0],
                [0.99991, 0.013059, 0.003198, -0.0, -0.012582, 0.992716, -0.119824, 0.3, -0.004739, 0.119773, 0.99279, 0.0, 0.0, 0.0, 0.0, 1.0]
            ]
        },
        {
            "name": "Tool_L",
            "time": [0.0, 0.2833, 0.5167, 0.7667, 1.0, 1.4167, 1.5667, 1.6833, 1.8167, 1.9167, 1.9833],
            "transform": [
                [1.0, 0.0, 0.0, 0.0, 0.0, -0.999836, 0.018122, 0.272858, 0.0, -0.018122, -0.999247, -0.0, 0.0, 0.0, 0.0, 1.0],
                [1.0, 0.0, 0.0, -0.0, 0.0, -0.999836, 0.018122, 0.272858, 0.0, -0.018122, -0.999247, -0.0, 0.0, 0.0, 0.0, 1.0],
                [1.0, 0.0, 0.0, -0.0, 0.0, -0.999836, 0.018122, 0.272858, 0.0, -0.018122, -0.999247, -0.0, 0.0, 0.0, 0.0, 1.0],
                [1.0, 0.0, 0.0, -0.0, -0.0, -0.999836, 0.018122, 0.272858, 0.0, -0.018122, -0.999247, -0.0, 0.0, 0.0, 0.0, 1.0],
                [1.0, 0.0, 0.0, 0.0, -0.0, -0.999836, 0.018122, 0.272858, 0.0, -0.018122, -0.999247, -0.0, 0.0, 0.0, 0.0, 1.0],
                [1.0, 0.0, 0.0, -0.0, 0.0, -0.999836, 0.018122, 0.272858, 0.0, -0.018122, -0.999247, -0.0, 0.0, 0.0, 0.0, 1.0],
                [1.0, -0.0, 0.0, 0.0, -0.0, -0.144667, -0.98948, 0.272858, 0.0, 0.988897, -0.144593, 0.0, 0.0, 0.0, 0.0, 1.0],
                [1.0, -0.0, -0.0, -0.0, 0.0, 0.940102, -0.340892, 0.272858, 0.0, 0.340702, 0.939546, 0.0, 0.0, 0.0, 0.0, 1.0],
                [1.0, 1e-06, -0.0, -0.0, -0.0, 0.238676, 0.971099, 0.272858, 1e-06, -0.970525, 0.238546, 0.0, 0.0, 0.0, 0.0, 1.0],
                [1.0, -0.0, 1e-06, -0.0, -0.0, -0.999674, 0.025545, 0.272858, 1e-06, -0.025541, -0.999085, 0.0, 0.0, 0.0, 0.0, 1.0],
                [1.0, -0.0, 1e-06, -0.0, -0.0, -0.999674, 0.025545, 0.272858, 1e-06, -0.025541, -0.999085, -0.0, 0.0, 0.0, 0.0, 1.0]
            ]
        },
        {
            "name": "Elbow_L",
            "time": [0.0, 1.9833],
            "transform": [
                [-1.0, 0.0, -0.0, 0.0, 0.0, -0.0, -1.0, 0.3, -0.0, -1.0, -0.0, -0.0, 0.0, 0.0, 0.0, 1.0],
                [-1.0, 0.0, -0.0, -0.0, 0.0, -0.0, -1.0, 0.3, -0.0, -1.0, -0.0, 0.0, 0.0, 0.0, 0.0, 1.0]
            ]
        }
    ]
}