{
    "animation": [
        {
            "name": "Root",
            "time": [0.0, 0.2, 0.4, 0.6, 0.8],
            "transform": [
                [0.999993, 0.0, 0.00369, -5e-06, 0.00369, 0.0, -0.999993, 0.000946, 0.0, 1.0, 0.0, 0.777146, 0.0, 0.0, 0.0, 1.0],
                [0.999993, 0.0, 0.00369, -5e-06, 0.00369, 0.0, -0.999993, 0.000946, 0.0, 1.0, 0.0, 0.709599, 0.0, 0.0, 0.0, 1.0],
                [0.999993, 0.0, 0.00369, -5e-06, 0.00369, 0.0, -0.999993, 0.000946, 0.0, 1.0, 0.0, 0.764637, 0.0, 0.0, 0.0, 1.0],
                [0.999993, 0.0, 0.00369, -5e-06, 0.00369, 0.0, -0.999993, 0.000946, 0.0, 1.0, 0.0, 0.70782, 0.0, 0.0, 0.0, 1.0],
                [0.999993, 0.0, 0.00369, -5e-06, 0.00369, 0.0, -0.999993, 0.000946, 0.0, 1.0, 0.0, 0.777146, 0.0, 0.0, 0.0, 1.0]
            ]
        },
        {
            "name": "Thigh_R",
            "time": [0.0, 0.2, 0.4, 0.6, 0.8],
            "transform": [
                [1.0, -0.0, -0.0, 0.124994, 0.0, -0.821325, 0.570459, -0.002831, -0.0, -0.570457, -0.821327, -1.2e-05, 0.0, 0.0, 0.0, 1.0],
                [1.0, -0.0, -0.0, 0.124994, 0.0, -0.773347, 0.633981, -0.002831, -0.0, -0.633979, -0.773349, -1.2e-05, 0.0, 0.0, 0.0, 1.0],
                [1.0, -0.0, -0.0, 0.124994, 0.0, -0.999046, 0.04362, -0.002831, -0.0, -0.043619, -0.999049, -1.2e-05, 0.0, 0.0, 0.0, 1.0],
                [1.0, -0.0, -0.0, 0.124994, 0.0, -0.914725, -0.404072, -0.002831, 0.0, 0.404071, -0.914727, -1.2e-05, 0.0, 0.0, 0.0, 1.0],
                [1.0, -0.0, -0.0, 0.124994, 0.0, -0.821325, 0.570459, -0.002831, -0.0, -0.570457, -0.821327, -1.2e-05, 0.0, 0.0, 0.0, 1.0]
            ]
        },
        {
            "name": "Leg_R",
            "time": [0.0, 0.2, 0.4, 0.6, 0.8],
            "transform": [
                [1.0, 0.0, 1e-06, -0.0, -1e-06, 0.375306, 0.9269, 0.37472, -0.0, -0.926902, 0.375306, -0.0, 0.0, 0.0, 0.0, 1.0],
                [1.0, 0.0, 1e-06, -0.0, -1e-06, 0.773965, 0.633228, 0.37472, -1e-06, -0.633229, 0.773964, 0.0, 0.0, 0.0, 0.0, 1.0],
                [1.0, 0.0, 1e-06, 0.0, -0.0, 0.996195, 0.087156, 0.37472, -1e-06, -0.087156, 0.996194, 0.0, 0.0, 0.0, 0.0, 1.0],
                [1.0, 0.0, 1e-06, 0.0, -0.0, 0.996195, 0.087156, 0.37472, -1e-06, -0.087156, 0.996194, -0.0, 0.0, 0.0, 0.0, 1.0],
                [1.0, 0.0, 1e-06, -0.0, -1e-06, 0.375306, 0.9269, 0.37472, -0.0, -0.926902, 0.375306, -0.0, 0.0, 0.0, 0.0, 1.0]
            ]
        },
        {
            "name": "Knee_R",
            "time": [0.0, 0.8],
            "transform": [
                [1.0, 0.0, -0.0, -0.0, -0.0, 1e-06, -1.0, 0.37472, -0.0, 1.0, 1e-06, -0.0, 0.0, 0.0, 0.0, 1.0],
                [1.0, 0.0, -0.0, -0.0, -0.0, 1e-06, -1.0, 0.37472, -0.0, 1.0, 1e-06, -0.0, 0.0, 0.0, 0.0, 1.0]
            ]
        },
        {
            "name": "Thigh_L",
            "time": [0.0, 0.2, 0.4, 0.6, 0.8],
            "transform": [
                [0.999999, -0.0, -0.0, -0.125006, 0.0, -0.999048, 0.04362, -0.002831, -0.0, -0.04362, -0.999048, -1.2e-05, 0.0, 0.0, 0.0, 1.0],
                [0.999999, -0.0, -0.0, -0.125006, 0.0, -0.916029, -0.401111, -0.002831, 0.0, 0.401112, -0.916029, -1.2e-05, 0.0, 0.0, 0.0, 1.0],
                [0.999999, -0.0, -0.0, -0.125006, 0.0, -0.923879, 0.382684, -0.002831, -0.0, -0.382684, -0.923879, -1.2e-05, 0.0, 0.0, 0.0, 1.0],
                [0.999999, -0.0, -0.0, -0.125006, 0.0, -0.769842, 0.638235, -0.002831, -0.0, -0.638235, -0.769842, -1.2e-05, 0.0, 0.0, 0.0, 1.0],
                [0.999999, -0.0, -0.0, -0.125006, 0.0, -0.999048, 0.04362, -0.002831, -0.0, -0.04362, -0.999048, -1.2e-05, 0.0, 0.0, 0.0, 1.0]
            ]
        },
        {
            "name": "Leg_L",
            "time": [0.0, 0.2, 0.4, 0.6, 0.8],
            "transform": [
                [1.0, 0.0, 1e-06, 0.0, -0.0, 0.996194, 0.087156, 0.37472, -1e-06, -0.087156, 0.996195, 0.0, 0.0, 0.0, 0.0, 1.0],
                [1.0, 0.0, 1e-06, 0.0, -0.0, 0.996194, 0.087156, 0.37472, -1e-06, -0.087156, 0.996195, -0.0, 0.0, 0.0, 0.0, 1.0],
                [1.0, -0.0, 1e-06, 0.0, -1e-06, 0.573576, 0.819152, 0.37472, -0.0, -0.819152, 0.573577, -0.0, 0.0, 0.0, 0.0, 1.0],
                [1.0, 0.0, 1e-06, -0.0, -1e-06, 0.769068, 0.639167, 0.37472, -1e-06, -0.639166, 0.769069, 0.0, 0.0, 0.0, 0.0, 1.0],
                [1.0, 0.0, 1e-06, 0.0, -0.0, 0.996194, 0.087156, 0.37472, -1e-06, -0.087156, 0.996195, 0.0, 0.0, 0.0, 0.0, 1.0]
            ]
        },
        {
            "name": "Knee_L",
            "time": [0.0, 0.8],
            "transform": [
                [1.0, 0.0, -0.0, 0.0, -0.0, 1e-06, -1.0, 0.37472, -0.0, 1.0, 1e-06, 0.0, 0.0, 0.0, 0.0, 1.0],
                [1.0, 0.0, -0.0, 0.0, -0.0, 1e-06, -1.0, 0.37472, -0.0, 1.0, 1e-06, 0.0, 0.0, 0.0, 0.0, 1.0]
            ]
        },
        {
            "name": "Torso",
            "time": [0.0, 0.2, 0.4, 0.6, 0.8],
            "transform": [
                [0.996095, -0.025127, 0.084634, 0.0, 0.023954, 0.999603, 0.014845, 0.05, -0.084973, -0.012759, 0.996302, 0.0, 0.0, 0.0, 0.0, 1.0],
                [0.989336, -0.025127, 0.143467, 0.0, 0.023033, 0.999603, 0.016237, 0.05, -0.143818, -0.012759, 0.989522, 0.0, 0.0, 0.0, 0.0, 1.0],
                [0.996095, -0.025127, 0.084634, 0.0, 0.023954, 0.999603, 0.014845, 0.05, -0.084973, -0.012759, 0.996302, 0.0, 0.0, 0.0, 0.0, 1.0],
                [0.999605, -0.025127, -0.012611, 0.0, 0.025284, 0.999603, 0.012445, 0.05, 0.012293, -0.012759, 0.999843, 0.0, 0.0, 0.0, 0.0, 1.0],
                [0.996095, -0.025127, 0.084634, 0.0, 0.023954, 0.999603, 0.014845, 0.05, -0.084973, -0.012759, 0.996302, 0.0, 0.0, 0.0, 0.0, 1.0]
            ]
        },
        {
            "name": "Chest",
            "time": [0.0, 0.2, 0.4, 0.6, 0.8],
            "transform": [
                [0.997431, -0.032906, 0.063631, -0.0, 0.022738, 0.98775, 0.154376, 0.3, -0.067931, -0.152533, 0.985961, -0.0, 0.0, 0.0, 0.0, 1.0],
                [0.997431, -0.023894, 0.067533, 0.0, 0.022738, 0.999582, 0.017843, 0.3, -0.067931, -0.016261, 0.997558, 0.0, 0.0, 0.0, 0.0, 1.0],
                [0.997431, -0.031207, 0.064481, -0.0, 0.022738, 0.991496, 0.128136, 0.3, -0.067931, -0.12634, 0.989658, -0.0, 0.0, 0.0, 0.0, 1.0],
                [0.997431, -0.023894, 0.067533, -0.0, 0.022738, 0.999582, 0.017843, 0.3, -0.067931, -0.016261, 0.997558, -0.0, 0.0, 0.0, 0.0, 1.0],
                [0.997431, -0.032906, 0.063631, -0.0, 0.022738, 0.98775, 0.154376, 0.3, -0.067931, -0.152533, 0.985961, -0.0, 0.0, 0.0, 0.0, 1.0]
            ]
        },
        {
            "name": "Head",
            "time": [0.0, 0.2, 0.6, 0.8],
            "transform": [
                [0.997046, 0.034857, -0.068439, -0.0, -0.036749, 0.998971, -0.026592, 0.4, 0.067442, 0.029028, 0.997301, -0.0, 0.0, 0.0, 0.0, 1.0],
                [0.980583, 0.034857, -0.192979, 0.0, -0.039795, 0.998971, -0.021771, 0.4, 0.192022, 0.029028, 0.980961, 0.0, 0.0, 0.0, 0.0, 1.0],
                [0.997589, 0.034857, -0.060007, 0.0, -0.036523, 0.998971, -0.026902, 0.4, 0.059008, 0.029028, 0.997835, 0.0, 0.0, 0.0, 0.0, 1.0],
                [0.997046, 0.034857, -0.068439, -0.0, -0.036749, 0.998971, -0.026592, 0.4, 0.067442, 0.029028, 0.997301, -0.0, 0.0, 0.0, 0.0, 1.0]
            ]
        },
        {
            "name": "Shoulder_R",
            "time": [0.0, 0.2, 0.6, 0.8],
            "transform": [
                [-0.059544, 0.923942, 0.37787, -0.0, -0.044266, -0.380613, 0.923674, 0.4, 0.997244, 0.038273, 0.063562, -0.0, 0.0, 0.0, 0.0, 1.0],
                [-0.305404, 0.874038, 0.37787, 0.0, 0.05954, -0.378525, 0.923674, 0.4, 0.95036, 0.304592, 0.063562, 0.0, 0.0, 0.0, 0.0, 1.0],
                [0.082657, 0.922161, 0.37787, 0.0, -0.102033, -0.369344, 0.923674, 0.4, 0.991341, -0.114904, 0.063562, 0.0, 0.0, 0.0, 0.0, 1.0],
                [-0.059544, 0.923942, 0.37787, -0.0, -0.044266, -0.380613, 0.923674, 0.4, 0.997244, 0.038273, 0.063562, -0.0, 0.0, 0.0, 0.0, 1.0]
            ]
        },
        {
            "name": "Arm_R",
            "time": [0.0, 0.2, 0.4, 0.6, 0.8],
            "transform": [
                [0.047157, 0.061432, -0.996997, 0.0, 0.871616, 0.485004, 0.071111, 0.39386, 0.487916, -0.872351, -0.030674, -0.0, 0.0, 0.0, 0.0, 1.0],
                [-0.131935, 0.095989, -0.9866, -0.0, 0.854248, 0.515906, -0.064042, 0.393861, 0.502845, -0.85125, -0.150064, 0.0, 0.0, 0.0, 0.0, 1.0],
                [-0.031778, 0.123836, -0.991794, -0.0, 0.827903, 0.559198, 0.043295, 0.393861, 0.55997, -0.819733, -0.120295, -0.0, 0.0, 0.0, 0.0, 1.0],
                [0.078941, 0.304107, -0.949361, 0.0, 0.797492, 0.552149, 0.243182, 0.393861, 0.598143, -0.776305, -0.198936, -0.0, 0.0, 0.0, 0.0, 1.0],
                [0.047157, 0.061432, -0.996997, 0.0, 0.871616, 0.485004, 0.071111, 0.39386, 0.487916, -0.872351, -0.030674, -0.0, 0.0, 0.0, 0.0, 1.0]
            ]
        },
        {
            "name": "Hand_R",
            "time": [0.0, 0.2, 0.6, 0.8],
            "transform": [
                [0.999599, -0.027616, -0.006253, 0.0, 0.023395, 0.929913, -0.367036, 0.3, 0.015951, 0.366743, 0.930186, 0.0, 0.0, 0.0, 0.0, 1.0],
                [0.999599, -0.027528, -0.006632, 0.0, 0.023395, 0.934864, -0.354235, 0.3, 0.015951, 0.353937, 0.935133, 0.0, 0.0, 0.0, 0.0, 1.0],
                [0.999599, -0.028274, -0.001527, 0.0, 0.023395, 0.855076, -0.517975, 0.3, 0.015951, 0.517731, 0.855395, 0.0, 0.0, 0.0, 0.0, 1.0],
                [0.999599, -0.027616, -0.006253, 0.0, 0.023395, 0.929913, -0.367036, 0.3, 0.015951, 0.366743, 0.930186, 0.0, 0.0, 0.0, 0.0, 1.0]
            ]
        },
        {
            "name": "Tool_R",
            "time": [0.0, 0.8],
            "transform": [
                [1.0, 0.0, 0.0, 0.0, 0.0, -0.999836, 0.018122, 0.272858, 0.0, -0.018122, -0.999244, -0.0, 0.0, 0.0, 0.0, 1.0],
                [1.0, 0.0, 0.0, 0.0, 0.0, -0.999836, 0.018122, 0.272858, 0.0, -0.018122, -0.999244, -0.0, 0.0, 0.0, 0.0, 1.0]
            ]
        },
        {
            "name": "Elbow_R",
            "time": [0.0, 0.8],
            "transform": [
                [-1.0, 0.0, -0.0, 0.0, 0.0, -0.0, -1.0, 0.3, -0.0, -1.0, 0.0, 0.0, 0.0, 0.0, 0.0, 1.0],
                [-1.0, 0.0, -0.0, 0.0, 0.0, -0.0, -1.0, 0.3, -0.0, -1.0, 0.0, 0.0, 0.0, 0.0, 0.0, 1.0]
            ]
        },
        {
            "name": "Shoulder_L",
            "time": [0.0, 0.8],
            "transform": [
                [-0.007939, -0.952498, -0.304441, -0.0, -0.088921, -0.302572, 0.94897, 0.4, -0.996007, 0.034605, -0.082295, -0.0, 0.0, 0.0, 0.0, 1.0],
                [-0.007939, -0.952498, -0.304441, -0.0, -0.088921, -0.302572, 0.94897, 0.4, -0.996007, 0.034605, -0.082295, -0.0, 0.0, 0.0, 0.0, 1.0]
            ]
        },
        {
            "name": "Arm_L",
            "time": [0.0, 0.2, 0.6, 0.8],
            "transform": [
                [0.2326, 0.015173, 0.972454, -0.0, -0.875693, 0.438302, 0.202617, 0.39386, -0.423154, -0.8987, 0.115236, 0.0, 0.0, 0.0, 0.0, 1.0],
                [-0.033929, 0.096517, 0.994753, -0.0, -0.883233, 0.462891, -0.075038, 0.39386, -0.467705, -0.881145, 0.069542, 0.0, 0.0, 0.0, 0.0, 1.0],
                [0.186419, -0.23853, 0.953075, 0.0, -0.841458, 0.461986, 0.28021, 0.39386, -0.507146, -0.854208, -0.114589, 0.0, 0.0, 0.0, 0.0, 1.0],
                [0.2326, 0.015173, 0.972454, -0.0, -0.875693, 0.438302, 0.202617, 0.39386, -0.423154, -0.8987, 0.115236, 0.0, 0.0, 0.0, 0.0, 1.0]
            ]
        },
        {
            "name": "Hand_L",
            "time": [0.0, 0.2, 0.6, 0.8],
            "transform": [
                [0.99991, 0.013443, -0.000247, -0.0, -0.012582, 0.929109, -0.369592, 0.3, -0.004739, 0.369562, 0.929194, -0.0, 0.0, 0.0, 0.0, 1.0],
                [0.993903, -0.108127, 0.021593, -0.0, 0.104336, 0.858939, -0.501336, 0.3, 0.035661, 0.500532, 0.864983, 0.0, 0.0, 0.0, 0.0, 1.0],
                [0.99991, 0.013341, -0.001667, -0.0, -0.012582, 0.884805, -0.465792, 0.3, -0.004739, 0.465771, 0.884893, 0.0, 0.0, 0.0, 0.0, 1.0],
                [0.99991, 0.013443, -0.000247, -0.0, -0.012582, 0.929109, -0.369592, 0.3, -0.004739, 0.369562, 0.929194, -0.0, 0.0, 0.0, 0.0, 1.0]
            ]
        },
        {
            "name": "Tool_L",
            "time": [0.0, 0.8],
            "transform": [
                [1.0, 0.0, 0.0, -0.0, -0.0, -0.999835, 0.018122, 0.272858, 0.0, -0.018122, -0.999247, -0.0, 0.0, 0.0, 0.0, 1.0],
                [1.0, 0.0, 0.0, -0.0, -0.0, -0.999835, 0.018122, 0.272858, 0.0, -0.018122, -0.999247, -0.0, 0.0, 0.0, 0.0, 1.0]
            ]
        },
        {
            "name": "Elbow_L",
            "time": [0.0, 0.8],
            "transform": [
                [-1.0, 0.0, -0.0, -0.0, 0.0, -0.0, -1.0, 0.3, -0.0, -1.0, -0.0, -0.0, 0.0, 0.0, 0.0, 1.0],
                [-1.0, 0.0, -0.0, -0.0, 0.0, -0.0, -1.0, 0.3, -0.0, -1.0, -0.0, -0.0, 0.0, 0.0, 0.0, 1.0]
            ]
        }
    ]
}