{
    "animation": [
        {
            "name": "Root",
            "time": [0.0, 0.1167, 0.3667, 0.6, 0.7667],
            "transform": [
                [0.976247, -0.044948, 0.211945, -0.008526, 0.188365, -0.307259, -0.932797, -0.000867, 0.107049, 0.950564, -0.291494, 0.667791, 0.0, 0.0, 0.0, 1.0],
                [0.976247, -0.044948, 0.211945, -0.008526, 0.188365, -0.307259, -0.932797, -0.000867, 0.107049, 0.950564, -0.291494, 0.667791, 0.0, 0.0, 0.0, 1.0],
                [0.769392, -0.07355, 0.634529, -0.008526, 0.638153, 0.0446, -0.768616, 1.407113, 0.028231, 0.996294, 0.081251, 0.667791, 0.0, 0.0, 0.0, 1.0],
                [0.769392, -0.07355, 0.634529, -0.008526, 0.630441, -0.072529, -0.772842, 1.498705, 0.102864, 0.994651, -0.009435, 0.608821, 0.0, 0.0, 0.0, 1.0],
                [0.769392, -0.07355, 0.634529, -0.008526, 0.630441, -0.072529, -0.772842, 1.498705, 0.102864, 0.994651, -0.009435, 0.608821, 0.0, 0.0, 0.0, 1.0]
            ]
        },
        {
            "name": "Thigh_R",
            "time": [0.0, 0.15, 0.2333, 0.3667, 0.6, 0.7667],
            "transform": [
                [0.895366, -0.19989, 0.397948, 0.124994, 0.199856, -0.618198, -0.76019, -0.002831, 0.397965, 0.760179, -0.513565, -1.2e-05, 0.0, 0.0, 0.0, 1.0],
                [0.895366, -0.19989, 0.397948, 0.124994, 0.199856, -0.618198, -0.76019, -0.002831, 0.397965, 0.760179, -0.513565, -1.2e-05, 0.0, 0.0, 0.0, 1.0],
                [0.968579, 0.158284, 0.191835, 0.124994, 0.088836, -0.940632, 0.327591, -0.002831, 0.232299, -0.300255, -0.92514, -1.2e-05, 0.0, 0.0, 0.0, 1.0],
                [0.782021, 0.472439, 0.4065, 0.124994, 0.043458, -0.69197, 0.720616, -0.002831, 0.621734, -0.54587, -0.561668, -1.2e-05, 0.0, 0.0, 0.0, 1.0],
                [0.643541, 0.574077, 0.50625, 0.124994, 0.029793, -0.679693, 0.73289, -0.002831, 0.764831, -0.456561, -0.454516, -1.2e-05, 0.0, 0.0, 0.0, 1.0],
                [0.643541, 0.574077, 0.50625, 0.124994, 0.029793, -0.679693, 0.73289, -0.002831, 0.764831, -0.456561, -0.454516, -1.2e-05, 0.0, 0.0, 0.0, 1.0]
            ]
        },
        {
            "name": "Leg_R",
            "time": [0.0, 0.15, 0.2333, 0.3667, 0.6, 0.7667],
            "transform": [
                [0.996317, -0.071578, 0.047216, 0.0, 0.061413, 0.979929, 0.189656, 0.37472, -0.059844, -0.186058, 0.980714, 0.0, 0.0, 0.0, 0.0, 1.0],
                [0.996317, -0.071578, 0.047216, 0.0, 0.061413, 0.979929, 0.189656, 0.37472, -0.059844, -0.186058, 0.980714, -0.0, 0.0, 0.0, 0.0, 1.0],
                [0.996317, -0.073805, -0.043654, 0.0, 0.061413, 0.258869, 0.963957, 0.37472, -0.059844, -0.963089, 0.262448, 0.0, 0.0, 0.0, 0.0, 1.0],
                [0.996317, -0.083961, -0.017415, 0.0, 0.061413, 0.556947, 0.828274, 0.37472, -0.059844, -0.826294, 0.560051, -0.0, 0.0, 0.0, 0.0, 1.0],
                [0.996317, -0.083961, -0.017415, 0.0, 0.061413, 0.556947, 0.828274, 0.37472, -0.059844, -0.826294, 0.560051, -0.0, 0.0, 0.0, 0.0, 1.0],
                [0.996317, -0.083961, -0.017415, 0.0, 0.061413, 0.556947, 0.828274, 0.37472, -0.059844, -0.826294, 0.560051, -0.0, 0.0, 0.0, 0.0, 1.0]
            ]
        },
        {
            "name": "Knee_R",
            "time": [0.0, 0.15, 0.2333, 0.3667, 0.6, 0.7667],
            "transform": [
                [1.0, 0.0, -0.0, 0.0, -0.0, 1e-06, -1.0, 0.37472, -0.0, 1.0, 1e-06, 0.0, 0.0, 0.0, 0.0, 1.0],
                [1.0, 0.0, -0.0, 0.0, -0.0, 1e-06, -1.0, 0.37472, -0.0, 1.0, 1e-06, -0.0, 0.0, 0.0, 0.0, 1.0],
                [1.0, 0.0, -0.0, 0.0, -0.0, 0.291711, -0.956506, 0.37472, -0.0, 0.956506, 0.291711, 0.0, 0.0, 0.0, 0.0, 1.0],
                [1.0, 0.0, -0.0, 0.0, -0.0, 0.291711, -0.956507, 0.37472, -0.0, 0.956506, 0.291711, -0.0, 0.0, 0.0, 0.0, 1.0],
                [1.0, 0.0, -0.0, 0.0, -0.0, 0.291711, -0.956506, 0.37472, -0.0, 0.956506, 0.291711, -0.0, 0.0, 0.0, 0.0, 1.0],
                [1.0, 0.0, -0.0, 0.0, -0.0, 0.291711, -0.956506, 0.37472, -0.0, 0.956506, 0.291711, -0.0, 0.0, 0.0, 0.0, 1.0]
            ]
        },
        {
            "name": "Thigh_L",
            "time": [0.0, 0.15, 0.3667, 0.6, 0.7667],
            "transform": [
                [0.956251, 0.027629, 0.291239, -0.125006, -0.137321, -0.836645, 0.530252, -0.002831, 0.258314, -0.547047, -0.796249, -1.2e-05, 0.0, 0.0, 0.0, 1.0],
                [0.956251, -0.050195, 0.288208, -0.125006, -0.137321, -0.946907, 0.290707, -0.002831, 0.258314, -0.317566, -0.912373, -1.2e-05, 0.0, 0.0, 0.0, 1.0],
                [0.830088, -0.403847, 0.384526, -0.125006, -0.216365, -0.868804, -0.445382, -0.002831, 0.513944, 0.286509, -0.808562, -1.2e-05, 0.0, 0.0, 0.0, 1.0],
                [0.777641, -0.576512, 0.250814, -0.125006, -0.450267, -0.789118, -0.417794, -0.002831, 0.438785, 0.211961, -0.873235, -1.2e-05, 0.0, 0.0, 0.0, 1.0],
                [0.777641, -0.576512, 0.250814, -0.125006, -0.450267, -0.789118, -0.417794, -0.002831, 0.438785, 0.211961, -0.873235, -1.2e-05, 0.0, 0.0, 0.0, 1.0]
            ]
        },
        {
            "name": "Leg_L",
            "time": [0.0, 0.15, 0.3667, 0.6, 0.7667],
            "transform": [
                [0.999625, 0.023845, 0.013445, -0.0, -0.027322, 0.899396, 0.436281, 0.37472, -0.001689, -0.436484, 0.899711, 0.0, 0.0, 0.0, 0.0, 1.0],
                [0.999625, 0.023845, 0.013445, 0.0, -0.027322, 0.899396, 0.436281, 0.37472, -0.001689, -0.436484, 0.899711, 0.0, 0.0, 0.0, 0.0, 1.0],
                [0.999625, 0.025104, 0.010915, 0.0, -0.027322, 0.939579, 0.341239, 0.37472, -0.001689, -0.341409, 0.939914, -0.0, 0.0, 0.0, 0.0, 1.0],
                [0.999625, 0.025104, 0.010915, -0.0, -0.027322, 0.939579, 0.341239, 0.37472, -0.001689, -0.341409, 0.939914, 0.0, 0.0, 0.0, 0.0, 1.0],
                [0.999625, 0.025104, 0.010915, -0.0, -0.027322, 0.939579, 0.341239, 0.37472, -0.001689, -0.341409, 0.939914, 0.0, 0.0, 0.0, 0.0, 1.0]
            ]
        },
        {
            "name": "Knee_L",
            "time": [0.0, 0.15, 0.3667, 0.6, 0.7667],
            "transform": [
                [1.0, 0.0, -0.0, -0.0, -0.0, 1e-06, -1.0, 0.37472, -0.0, 1.0, 1e-06, 0.0, 0.0, 0.0, 0.0, 1.0],
                [1.0, 0.0, -0.0, 0.0, -0.0, 1e-06, -1.0, 0.37472, -0.0, 1.0, 1e-06, 0.0, 0.0, 0.0, 0.0, 1.0],
                [1.0, 0.0, -0.0, 0.0, -0.0, 1e-06, -1.0, 0.37472, -0.0, 1.0, 1e-06, -0.0, 0.0, 0.0, 0.0, 1.0],
                [1.0, 0.0, -0.0, -0.0, -0.0, 1e-06, -1.0, 0.37472, -0.0, 1.0, 1e-06, 0.0, 0.0, 0.0, 0.0, 1.0],
                [1.0, 0.0, -0.0, -0.0, -0.0, 1e-06, -1.0, 0.37472, -0.0, 1.0, 1e-06, 0.0, 0.0, 0.0, 0.0, 1.0]
            ]
        },
        {
            "name": "Torso",
            "time": [0.0, 0.15, 0.3667, 0.6, 0.7667],
            "transform": [
                [0.889297, -0.020934, -0.45685, 0.0, 0.05067, 0.997312, 0.052936, 0.05, 0.454514, -0.070225, 0.887967, -0.0, 0.0, 0.0, 0.0, 1.0],
                [0.889297, -0.020934, -0.45685, -0.0, 0.05067, 0.997312, 0.052936, 0.05, 0.454514, -0.070225, 0.887967, -0.0, 0.0, 0.0, 0.0, 1.0],
                [0.959956, 0.09834, 0.262322, 0.0, -0.169504, 0.949407, 0.264377, 0.05, -0.223051, -0.298255, 0.928058, -0.0, 0.0, 0.0, 0.0, 1.0],
                [0.959956, 0.098341, 0.262322, -0.0, -0.169504, 0.949407, 0.264377, 0.05, -0.223051, -0.298255, 0.928058, -0.0, 0.0, 0.0, 0.0, 1.0],
                [0.959956, 0.098341, 0.262322, -0.0, -0.169504, 0.949407, 0.264377, 0.05, -0.223051, -0.298255, 0.928058, -0.0, 0.0, 0.0, 0.0, 1.0]
            ]
        },
        {
            "name": "Chest",
            "time": [0.0, 0.15, 0.3667, 0.6, 0.7667],
            "transform": [
                [0.944109, -0.042546, 0.326877, 0.0, 0.101696, 0.980858, -0.166056, 0.3, -0.313555, 0.190017, 0.930364, 0.0, 0.0, 0.0, 0.0, 1.0],
                [0.944109, -0.007326, 0.329553, 0.0, 0.101696, 0.95746, -0.270054, 0.3, -0.313555, 0.288474, 0.904691, -0.0, 0.0, 0.0, 0.0, 1.0],
                [0.944109, -0.192637, 0.267488, -0.0, 0.101696, 0.942101, 0.319537, 0.3, -0.313555, -0.274475, 0.909036, -0.0, 0.0, 0.0, 0.0, 1.0],
                [0.873556, -0.192637, 0.446979, 0.0, 0.037234, 0.942101, 0.333256, 0.3, -0.485296, -0.274475, 0.830151, -0.0, 0.0, 0.0, 0.0, 1.0],
                [0.873556, -0.192637, 0.446979, 0.0, 0.037234, 0.942101, 0.333256, 0.3, -0.485296, -0.274475, 0.830151, -0.0, 0.0, 0.0, 0.0, 1.0]
            ]
        },
        {
            "name": "Head",
            "time": [0.0, 0.15, 0.3667, 0.6, 0.7667],
            "transform": [
                [0.917951, -0.009843, -0.396573, -0.0, 0.016063, 0.999794, 0.012367, 0.4, 0.39637, -0.017723, 0.91792, 0.0, 0.0, 0.0, 0.0, 1.0],
                [0.999862, -0.009843, -0.01337, -0.0, 0.010077, 0.999794, 0.017591, 0.4, 0.013194, -0.017723, 0.999756, -0.0, 0.0, 0.0, 0.0, 1.0],
                [-0.062754, -0.123723, -0.990331, 0.0, -0.135456, 0.98416, -0.114369, 0.4, 0.988794, 0.126969, -0.07852, 0.0, 0.0, 0.0, 0.0, 1.0],
                [-0.062754, -0.123724, -0.99033, 0.0, -0.135456, 0.98416, -0.114369, 0.4, 0.988794, 0.126969, -0.07852, 0.0, 0.0, 0.0, 0.0, 1.0],
                [-0.062754, -0.123724, -0.99033, 0.0, -0.135456, 0.98416, -0.114369, 0.4, 0.988794, 0.126969, -0.07852, 0.0, 0.0, 0.0, 0.0, 1.0]
            ]
        },
        {
            "name": "Shoulder_R",
            "time": [0.0, 0.15, 0.3667, 0.6, 0.7667],
            "transform": [
                [-0.074859, 0.996847, -0.026302, -0.0, 0.129801, 0.035892, 0.99089, 0.4, 0.98871, 0.070764, -0.132078, 0.0, 0.0, 0.0, 0.0, 1.0],
                [-0.074859, 0.996847, -0.026302, -0.0, 0.129801, 0.035892, 0.99089, 0.4, 0.98871, 0.070764, -0.132078, -0.0, 0.0, 0.0, 0.0, 1.0],
                [0.288862, 0.957009, -0.026302, 0.0, 0.134021, -0.01322, 0.99089, 0.4, 0.947943, -0.289756, -0.132078, 0.0, 0.0, 0.0, 0.0, 1.0],
                [0.288862, 0.957009, -0.026302, 0.0, 0.134021, -0.01322, 0.99089, 0.4, 0.947943, -0.289756, -0.132078, 0.0, 0.0, 0.0, 0.0, 1.0],
                [0.288862, 0.957009, -0.026302, 0.0, 0.134021, -0.01322, 0.99089, 0.4, 0.947943, -0.289756, -0.132078, 0.0, 0.0, 0.0, 0.0, 1.0]
            ]
        },
        {
            "name": "Arm_R",
            "time": [0.0, 0.15, 0.2833, 0.3667, 0.6, 0.7667],
            "transform": [
                [-0.514756, -0.146996, -0.844641, -0.0, -0.821248, 0.367375, 0.436564, 0.39386, 0.246127, 0.918383, -0.309828, 0.0, 0.0, 0.0, 0.0, 1.0],
                [-0.101287, -0.146996, -0.983938, 0.0, -0.929179, 0.367375, 0.040766, 0.39386, 0.355481, 0.918384, -0.173796, 0.0, 0.0, 0.0, 0.0, 1.0],
                [-0.59749, -0.801391, 0.027895, -0.0, -0.580109, 0.407969, -0.705007, 0.393861, 0.553606, -0.437417, -0.708651, 0.0, 0.0, 0.0, 0.0, 1.0],
                [-0.008518, -0.827126, 0.561953, 0.0, -0.630955, -0.431533, -0.644729, 0.393861, 0.775773, -0.360058, -0.518203, -0.0, 0.0, 0.0, 0.0, 1.0],
                [-0.008518, -0.827126, 0.561952, -0.0, -0.630955, -0.431533, -0.644729, 0.393861, 0.775773, -0.360058, -0.518203, 0.0, 0.0, 0.0, 0.0, 1.0],
                [-0.008518, -0.827126, 0.561952, -0.0, -0.630955, -0.431533, -0.644729, 0.393861, 0.775773, -0.360058, -0.518203, 0.0, 0.0, 0.0, 0.0, 1.0]
            ]
        },
        {
            "name": "Hand_R",
            "time": [0.0, 0.15, 0.3667, 0.6, 0.7667],
            "transform": [
                [0.999998, -0.001257, 0.001321, -0.0, 0.000868, 0.965308, 0.261111, 0.3, -0.001603, -0.26111, 0.965308, 0.0, 0.0, 0.0, 0.0, 1.0],
                [0.999998, -0.001257, 0.001321, 0.0, 0.000868, 0.965308, 0.261111, 0.3, -0.001603, -0.26111, 0.965308, 0.0, 0.0, 0.0, 0.0, 1.0],
                [0.999998, -0.000999, 0.001525, 0.0, 0.000868, 0.996478, 0.083855, 0.3, -0.001603, -0.083854, 0.996477, -0.0, 0.0, 0.0, 0.0, 1.0],
                [0.999998, -0.000999, 0.001525, -0.0, 0.000868, 0.996478, 0.083855, 0.3, -0.001603, -0.083854, 0.996477, -0.0, 0.0, 0.0, 0.0, 1.0],
                [0.999998, -0.000999, 0.001525, -0.0, 0.000868, 0.996478, 0.083855, 0.3, -0.001603, -0.083854, 0.996477, -0.0, 0.0, 0.0, 0.0, 1.0]
            ]
        },
        {
            "name": "Tool_R",
            "time": [0.0, 0.15, 0.3667, 0.6, 0.7667],
            "transform": [
                [0.995877, 0.000444, 0.090712, 0.003259, 0.084798, 0.350633, -0.932666, 0.295618, -0.032201, 0.935962, 0.348933, 0.027105, 0.0, 0.0, 0.0, 1.0],
                [0.995877, 0.000444, 0.090712, 0.003259, 0.084798, 0.350633, -0.932666, 0.295618, -0.032201, 0.935962, 0.348933, 0.027105, 0.0, 0.0, 0.0, 1.0],
                [0.995877, 0.000444, 0.090712, 0.003259, 0.084798, 0.350633, -0.932666, 0.295618, -0.032201, 0.935962, 0.348933, 0.027105, 0.0, 0.0, 0.0, 1.0],
                [0.995877, 0.018824, 0.088743, 0.003259, 0.084802, 0.154284, -0.98438, 0.295618, -0.032201, 0.987264, 0.151951, 0.027105, 0.0, 0.0, 0.0, 1.0],
                [0.995877, 0.018824, 0.088743, 0.003259, 0.084802, 0.154284, -0.98438, 0.295618, -0.032201, 0.987264, 0.151951, 0.027105, 0.0, 0.0, 0.0, 1.0]
            ]
        },
        {
            "name": "Elbow_R",
            "time": [0.0, 0.15, 0.3667, 0.6, 0.7667],
            "transform": [
                [-1.0, 0.0, -0.0, -0.0, 0.0, -0.0, -1.0, 0.429832, -0.0, -1.0, 0.0, 0.0, 0.0, 0.0, 0.0, 1.0],
                [-1.0, 0.0, -0.0, 0.0, 0.0, -0.0, -1.0, 0.429832, -0.0, -1.0, 0.0, 0.0, 0.0, 0.0, 0.0, 1.0],
                [-1.0, 0.0, -0.0, 0.0, 0.0, 0.0, -1.0, 0.429832, -0.0, -1.0, 0.0, -0.0, 0.0, 0.0, 0.0, 1.0],
                [-1.0, 0.0, -0.0, -0.0, 0.0, 0.0, -1.0, 0.429832, -0.0, -1.0, 0.0, 0.0, 0.0, 0.0, 0.0, 1.0],
                [-1.0, 0.0, -0.0, -0.0, 0.0, 0.0, -1.0, 0.429832, -0.0, -1.0, 0.0, 0.0, 0.0, 0.0, 0.0, 1.0]
            ]
        },
        {
            "name": "Shoulder_L",
            "time": [0.0, 0.15, 0.3667, 0.6, 0.7667],
            "transform": [
                [-0.226937, -0.879834, -0.417602, -0.0, -0.021067, -0.424255, 0.905298, 0.4, -0.973682, 0.214243, 0.077744, 0.0, 0.0, 0.0, 0.0, 1.0],
                [-0.226937, -0.879834, -0.417602, -0.0, -0.021067, -0.424255, 0.905298, 0.4, -0.973681, 0.214243, 0.077744, -0.0, 0.0, 0.0, 0.0, 1.0],
                [-0.226937, -0.879834, -0.417602, 0.0, -0.021067, -0.424255, 0.905298, 0.4, -0.973681, 0.214243, 0.077744, 0.0, 0.0, 0.0, 0.0, 1.0],
                [-0.226937, -0.879834, -0.417602, 0.0, -0.021067, -0.424255, 0.905298, 0.4, -0.973681, 0.214243, 0.077744, 0.0, 0.0, 0.0, 0.0, 1.0],
                [-0.226937, -0.879834, -0.417602, 0.0, -0.021067, -0.424255, 0.905298, 0.4, -0.973681, 0.214243, 0.077744, 0.0, 0.0, 0.0, 0.0, 1.0]
            ]
        },
        {
            "name": "Arm_L",
            "time": [0.0, 0.15, 0.3667, 0.6, 0.7667],
            "transform": [
                [-0.415007, -0.145116, 0.898171, 0.0, -0.142523, 0.985379, 0.093352, 0.39386, -0.898586, -0.089268, -0.429622, 0.0, 0.0, 0.0, 0.0, 1.0],
                [-0.415007, -0.388232, 0.822828, 0.0, -0.142523, 0.920962, 0.362651, 0.39386, -0.898586, 0.033231, -0.437538, -0.0, 0.0, 0.0, 0.0, 1.0],
                [-0.415007, -0.388232, 0.822828, 0.0, -0.142523, 0.920962, 0.362651, 0.39386, -0.898586, 0.033231, -0.437538, -0.0, 0.0, 0.0, 0.0, 1.0],
                [-0.415007, -0.388232, 0.822828, 0.0, -0.142523, 0.920962, 0.362651, 0.39386, -0.898586, 0.033231, -0.437538, -0.0, 0.0, 0.0, 0.0, 1.0],
                [-0.415007, -0.388232, 0.822828, 0.0, -0.142523, 0.920962, 0.362651, 0.39386, -0.898586, 0.033231, -0.437538, -0.0, 0.0, 0.0, 0.0, 1.0]
            ]
        },
        {
            "name": "Hand_L",
            "time": [0.0, 0.15, 0.3667, 0.6, 0.7667],
            "transform": [
                [0.999993, -0.001878, -0.0033, -0.0, 0.000938, 0.964374, -0.26454, 0.3, 0.003679, 0.264535, 0.964369, 0.0, 0.0, 0.0, 0.0, 1.0],
                [0.999993, -0.001878, -0.0033, 0.0, 0.000938, 0.964374, -0.26454, 0.3, 0.003679, 0.264535, 0.964369, 0.0, 0.0, 0.0, 0.0, 1.0],
                [0.999993, -0.001878, -0.0033, 0.0, 0.000938, 0.964374, -0.26454, 0.3, 0.003679, 0.264535, 0.964369, 0.0, 0.0, 0.0, 0.0, 1.0],
                [0.999993, -0.001878, -0.0033, 0.0, 0.000938, 0.964374, -0.26454, 0.3, 0.003679, 0.264535, 0.964369, 0.0, 0.0, 0.0, 0.0, 1.0],
                [0.999993, -0.001878, -0.0033, 0.0, 0.000938, 0.964374, -0.26454, 0.3, 0.003679, 0.264535, 0.964369, 0.0, 0.0, 0.0, 0.0, 1.0]
            ]
        },
        {
            "name": "Tool_L",
            "time": [0.0, 0.15, 0.3667, 0.6, 0.7667],
            "transform": [
                [0.997004, 0.01104, -0.076554, 0.0, -0.036659, -0.804079, -0.593391, 0.272858, -0.068067, 0.594062, -0.8008, -0.0, 0.0, 0.0, 0.0, 1.0],
                [0.997004, 0.01104, -0.076554, 0.0, -0.036659, -0.804079, -0.593391, 0.272858, -0.068067, 0.594062, -0.8008, -0.0, 0.0, 0.0, 0.0, 1.0],
                [0.997004, 0.01104, -0.076554, -0.0, -0.036659, -0.804079, -0.593391, 0.272858, -0.068067, 0.594062, -0.8008, -0.0, 0.0, 0.0, 0.0, 1.0],
                [0.997004, 0.01104, -0.076554, -0.0, -0.036659, -0.804079, -0.593391, 0.272858, -0.068067, 0.594062, -0.8008, -0.0, 0.0, 0.0, 0.0, 1.0],
                [0.997004, 0.01104, -0.076554, -0.0, -0.036659, -0.804079, -0.593391, 0.272858, -0.068067, 0.594062, -0.8008, -0.0, 0.0, 0.0, 0.0, 1.0]
            ]
        },
        {
            "name": "Elbow_L",
            "time": [0.0, 0.15, 0.3667, 0.6, 0.7667],
            "transform": [
                [-1.0, 0.0, -0.0, 2.7e-05, 0.0, -0.0, -1.0, 0.396148, -0.0, -1.0, -0.0, -0.002121, 0.0, 0.0, 0.0, 1.0],
                [-1.0, 0.0, -0.0, 2.7e-05, 0.0, -0.0, -1.0, 0.396148, -0.0, -1.0, -0.0, -0.002121, 0.0, 0.0, 0.0, 1.0],
                [-1.0, 0.0, -0.0, 2.7e-05, 0.0, 0.0, -1.0, 0.396148, -0.0, -1.0, -0.0, -0.002121, 0.0, 0.0, 0.0, 1.0],
                [-1.0, 0.0, -0.0, 2.7e-05, 0.0, -0.0, -1.0, 0.396148, -0.0, -1.0, -0.0, -0.002121, 0.0, 0.0, 0.0, 1.0],
                [-1.0, 0.0, -0.0, 2.7e-05, 0.0, -0.0, -1.0, 0.396148, -0.0, -1.0, -0.0, -0.002121, 0.0, 0.0, 0.0, 1.0]
            ]
        }
    ]
}