{
    "animation": [
        {
            "name": "Root",
            "time": [0.0, 0.2667, 0.3667, 0.6833, 0.85, 0.95, 1.15, 1.2167, 1.2833, 1.3667, 1.7333, 1.95],
            "transform": [
                [0.309677, -0.231069, -0.922338, 0.024745, -0.912359, -0.345384, -0.219799, -0.253912, -0.267772, 0.90957, -0.317776, 0.722364, 0.0, 0.0, 0.0, 1.0],
                [-0.024473, -0.058697, -0.997976, 0.025835, -0.998227, -0.052743, 0.027582, -0.419765, -0.054255, 0.996882, -0.057302, 0.685894, 0.0, 0.0, 0.0, 1.0],
                [-0.024473, -0.058697, -0.997976, 0.008718, -0.998227, -0.052743, 0.027582, -0.288826, -0.054255, 0.996882, -0.057302, 0.734263, 0.0, 0.0, 0.0, 1.0],
                [0.551387, -0.058697, 0.832182, 0.006653, 0.830742, -0.052743, -0.554153, 3.900993, 0.076419, 0.996882, 0.01968, 0.675199, 0.0, 0.0, 0.0, 1.0],
                [0.551387, -0.058697, 0.832182, 0.006653, 0.830742, -0.052743, -0.554153, 3.951066, 0.076419, 0.996882, 0.01968, 0.675199, 0.0, 0.0, 0.0, 1.0],
                [0.551387, -0.058697, 0.832182, 0.006653, 0.830742, -0.052743, -0.554153, 3.951066, 0.076419, 0.996882, 0.01968, 0.675199, 0.0, 0.0, 0.0, 1.0],
                [0.775756, -0.071844, 0.62693, -0.120005, 0.626389, -0.032642, -0.778827, 3.656651, 0.076419, 0.996882, 0.01968, 0.675199, 0.0, 0.0, 0.0, 1.0],
                [0.775756, -0.071844, 0.62693, -0.120005, 0.626389, -0.032642, -0.778827, 3.656651, 0.076419, 0.996882, 0.01968, 0.675199, 0.0, 0.0, 0.0, 1.0],
                [0.775756, -0.071844, 0.62693, -0.120005, 0.626389, -0.032642, -0.778827, 3.656651, 0.076419, 0.996882, 0.01968, 0.675199, 0.0, 0.0, 0.0, 1.0],
                [0.551387, -0.058697, 0.832182, 0.006653, 0.830742, -0.052743, -0.554153, 3.951066, 0.076419, 0.996882, 0.01968, 0.675199, 0.0, 0.0, 0.0, 1.0],
                [0.551387, -0.058697, 0.832182, 0.006653, 0.830742, -0.052743, -0.554153, 3.951066, 0.076419, 0.996882, 0.01968, 0.675199, 0.0, 0.0, 0.0, 1.0],
                [0.854689, 0.0, -0.51914, -5e-06, -0.51914, 0.0, -0.854689, 3.263182, 0.0, 1.0, 0.0, 0.743765, 0.0, 0.0, 0.0, 1.0]
            ]
        },
        {
            "name": "Thigh_R",
            "time": [0.0, 0.2667, 0.3667, 0.3833, 0.4167, 0.5333, 0.6833, 0.85, 0.95, 1.15, 1.2167, 1.2833, 1.3667, 1.7333, 1.95],
            "transform": [
                [0.857883, -0.448142, -0.251404, 0.124994, 0.121777, -0.298005, 0.946765, -0.002831, -0.499206, -0.842827, -0.201081, -1.2e-05, 0.0, 0.0, 0.0, 1.0],
                [0.790865, 0.610388, -0.044238, 0.124994, 0.610315, -0.781291, 0.130757, -0.002831, 0.045249, -0.130409, -0.990427, -1.2e-05, 0.0, 0.0, 0.0, 1.0],
                [0.867467, 0.496557, -0.030516, 0.124994, 0.497026, -0.862354, 0.09647, -0.002831, 0.021587, -0.098851, -0.994868, -1.2e-05, 0.0, 0.0, 0.0, 1.0],
                [0.623999, -0.357058, -0.695079, 0.124994, 0.053278, -0.86799, 0.493713, -0.002831, -0.779606, -0.345108, -0.522603, -1.2e-05, 0.0, 0.0, 0.0, 1.0],
                [0.992425, 0.108466, 0.05768, 0.124994, 0.117777, -0.97358, -0.195621, -0.002831, 0.034937, 0.200932, -0.978982, -1.1e-05, 0.0, 0.0, 0.0, 1.0],
                [0.623213, 0.744496, 0.239434, 0.124994, 0.276632, -0.496228, 0.822941, -0.002831, 0.731491, -0.446631, -0.515209, -1.2e-05, 0.0, 0.0, 0.0, 1.0],
                [0.730186, 0.432724, 0.52875, 0.124994, 0.056914, -0.809708, 0.584064, -0.002831, 0.680873, -0.396381, -0.615868, -1.2e-05, 0.0, 0.0, 0.0, 1.0],
                [0.730186, 0.4984, 0.467359, 0.124994, 0.056914, -0.726015, 0.685318, -0.002831, 0.680873, -0.473809, -0.558494, -1.2e-05, 0.0, 0.0, 0.0, 1.0],
                [0.730186, 0.4984, 0.467359, 0.124994, 0.056914, -0.726015, 0.685318, -0.002831, 0.680873, -0.473809, -0.558494, -1.2e-05, 0.0, 0.0, 0.0, 1.0],
                [0.730186, 0.24948, 0.636072, 0.124994, 0.056914, -0.949925, 0.307246, -0.002831, 0.680873, -0.188145, -0.707823, -1.2e-05, 0.0, 0.0, 0.0, 1.0],
                [0.730186, 0.24948, 0.636072, 0.124994, 0.056914, -0.949925, 0.307246, -0.002831, 0.680873, -0.188145, -0.707823, -1.2e-05, 0.0, 0.0, 0.0, 1.0],
                [0.730186, 0.24948, 0.636072, 0.124994, 0.056914, -0.949925, 0.307246, -0.002831, 0.680873, -0.188145, -0.707823, -1.2e-05, 0.0, 0.0, 0.0, 1.0],
                [0.730186, 0.4984, 0.467359, 0.124994, 0.056914, -0.726015, 0.685318, -0.002831, 0.680873, -0.473809, -0.558494, -1.2e-05, 0.0, 0.0, 0.0, 1.0],
                [0.730186, 0.4984, 0.467359, 0.124994, 0.056914, -0.726015, 0.685318, -0.002831, 0.680873, -0.473809, -0.558494, -1.2e-05, 0.0, 0.0, 0.0, 1.0],
                [0.992811, 0.11785, -0.020883, 0.124994, 0.118536, -0.992318, 0.035348, -0.002831, -0.016557, -0.037569, -0.999157, -1.2e-05, 0.0, 0.0, 0.0, 1.0]
            ]
        },
        {
            "name": "Leg_R",
            "time": [0.0, 0.2667, 0.3667, 0.3833, 0.6833, 0.85, 0.95, 1.2167, 1.2833, 1.3667, 1.7333, 1.95],
            "transform": [
                [1.0, -1e-06, -0.0, -0.0, -0.0, -0.600247, 0.799815, 0.37472, -1e-06, -0.799816, -0.600246, 0.0, 0.0, 0.0, 0.0, 1.0],
                [1.0, -0.0, 1e-06, -0.0, 0.0, 0.916072, 0.401016, 0.37472, -1e-06, -0.401017, 0.91607, -0.0, 0.0, 0.0, 0.0, 1.0],
                [1.0, -0.0, 1e-06, -0.0, 0.0, 0.916071, 0.401016, 0.37472, -1e-06, -0.401017, 0.91607, 0.0, 0.0, 0.0, 0.0, 1.0],
                [1.0, -1e-06, 0.0, 0.0, -0.0, -0.010404, 0.999945, 0.37472, -1e-06, -0.999947, -0.010404, 0.0, 0.0, 0.0, 0.0, 1.0],
                [1.0, -0.0, 1e-06, -0.0, 0.0, 0.950247, 0.3115, 0.37472, -1e-06, -0.3115, 0.950245, -0.0, 0.0, 0.0, 0.0, 1.0],
                [1.0, -0.0, 1e-06, 0.0, 0.0, 0.820893, 0.571082, 0.374721, -1e-06, -0.571083, 0.820892, 0.0, 0.0, 0.0, 0.0, 1.0],
                [1.0, -0.0, 1e-06, 0.0, 0.0, 0.820893, 0.571082, 0.374721, -1e-06, -0.571083, 0.820892, 0.0, 0.0, 0.0, 0.0, 1.0],
                [1.0, -0.0, 1e-06, 0.0, 0.0, 0.820893, 0.571082, 0.37472, -1e-06, -0.571083, 0.820892, -0.0, 0.0, 0.0, 0.0, 1.0],
                [1.0, -0.0, 1e-06, 0.0, 0.0, 0.820893, 0.571082, 0.37472, -1e-06, -0.571083, 0.820892, -0.0, 0.0, 0.0, 0.0, 1.0],
                [1.0, -0.0, 1e-06, 0.0, 0.0, 0.820893, 0.571082, 0.374721, -1e-06, -0.571083, 0.820892, 0.0, 0.0, 0.0, 0.0, 1.0],
                [0.999089, -0.039562, -0.01601, 0.0, 0.039616, 0.720129, 0.692708, 0.374721, -0.015876, -0.692712, 0.72104, 0.0, 0.0, 0.0, 0.0, 1.0],
                [1.0, -0.0, 1e-06, -0.0, 0.0, 0.997612, 0.069073, 0.37472, -1e-06, -0.069073, 0.997611, 1e-06, 0.0, 0.0, 0.0, 1.0]
            ]
        },
        {
            "name": "Knee_R",
            "time": [0.0, 0.2667, 0.3667, 0.3833, 0.6833, 0.85, 0.95, 1.2167, 1.2833, 1.3667, 1.7333, 1.95],
            "transform": [
                [1.0, 1e-06, -0.0, -0.0, -1e-06, 0.905838, -0.423625, 0.37472, -0.0, 0.423625, 0.905838, 0.0, 0.0, 0.0, 0.0, 1.0],
                [1.0, 0.0, -0.0, -0.0, -0.0, 1e-06, -1.0, 0.37472, -0.0, 1.0, 1e-06, -0.0, 0.0, 0.0, 0.0, 1.0],
                [1.0, 0.0, -0.0, -0.0, -0.0, 1e-06, -1.0, 0.37472, -0.0, 1.0, 1e-06, 0.0, 0.0, 0.0, 0.0, 1.0],
                [1.0, 0.0, 0.0, 0.0, -0.0, 0.79077, -0.612114, 0.37472, -0.0, 0.612114, 0.79077, 0.0, 0.0, 0.0, 0.0, 1.0],
                [1.0, 0.0, 0.0, -0.0, -0.0, 0.79077, -0.612114, 0.37472, -0.0, 0.612114, 0.79077, -0.0, 0.0, 0.0, 0.0, 1.0],
                [1.0, 0.0, -0.0, 0.0, -0.0, 0.302674, -0.953094, 0.374721, -0.0, 0.953094, 0.302674, 0.0, 0.0, 0.0, 0.0, 1.0],
                [1.0, 0.0, -0.0, 0.0, -0.0, 0.302674, -0.953094, 0.374721, -0.0, 0.953094, 0.302674, 0.0, 0.0, 0.0, 0.0, 1.0],
                [1.0, 1e-06, -0.0, 0.0, -0.0, 0.302674, -0.953094, 0.37472, -0.0, 0.953094, 0.302674, -0.0, 0.0, 0.0, 0.0, 1.0],
                [1.0, 1e-06, -0.0, 0.0, -0.0, 0.302674, -0.953094, 0.37472, -0.0, 0.953094, 0.302674, -0.0, 0.0, 0.0, 0.0, 1.0],
                [1.0, 0.0, -0.0, 0.0, -0.0, 0.302674, -0.953094, 0.374721, -0.0, 0.953094, 0.302674, 0.0, 0.0, 0.0, 0.0, 1.0],
                [1.0, 0.0, -0.0, 0.0, -0.0, 0.302674, -0.953094, 0.374721, -0.0, 0.953094, 0.302674, 0.0, 0.0, 0.0, 0.0, 1.0],
                [1.0, 0.0, -0.0, -0.0, -0.0, 1e-06, -1.0, 0.37472, -0.0, 1.0, 1e-06, 1e-06, 0.0, 0.0, 0.0, 1.0]
            ]
        },
        {
            "name": "Thigh_L",
            "time": [0.0, 0.2667, 0.3667, 0.3833, 0.4167, 0.6833, 0.85, 0.95, 1.15, 1.2167, 1.2833, 1.3667, 1.7333, 1.95],
            "transform": [
                [0.629352, 0.003686, -0.777111, -0.125006, -0.198463, -0.966067, -0.16531, -0.002831, -0.75135, 0.258267, -0.607264, -1.2e-05, 0.0, 0.0, 0.0, 1.0],
                [0.613355, -0.483442, -0.624563, -0.125006, -0.173718, -0.853991, 0.490429, -0.002831, -0.770465, -0.192309, -0.607783, -1.2e-05, 0.0, 0.0, 0.0, 1.0],
                [0.630772, -0.362498, -0.686092, -0.125006, -0.05796, -0.903715, 0.424192, -0.002831, -0.7738, -0.227802, -0.591049, -1.2e-05, 0.0, 0.0, 0.0, 1.0],
                [0.55262, 0.401941, -0.730106, -0.125006, -0.151669, -0.812894, -0.562317, -0.002831, -0.819516, 0.421482, -0.388259, -1.2e-05, 0.0, 0.0, 0.0, 1.0],
                [0.886522, -0.338073, -0.315886, -0.125006, -0.24379, -0.921572, 0.302113, -0.002831, -0.393248, -0.190819, -0.899413, -1.2e-05, 0.0, 0.0, 0.0, 1.0],
                [0.65515, -0.38001, 0.65297, -0.125006, -0.056419, -0.886486, -0.459302, -0.002831, 0.753388, 0.264073, -0.602222, -1.2e-05, 0.0, 0.0, 0.0, 1.0],
                [0.65515, -0.469934, 0.591557, -0.125006, -0.056419, -0.811249, -0.581972, -0.002831, 0.753388, 0.347905, -0.558003, -1.2e-05, 0.0, 0.0, 0.0, 1.0],
                [0.65515, -0.469934, 0.591557, -0.125006, -0.056419, -0.811249, -0.581972, -0.002831, 0.753388, 0.347905, -0.558003, -1.2e-05, 0.0, 0.0, 0.0, 1.0],
                [0.65515, -0.270162, 0.705542, -0.125006, -0.056419, -0.948765, -0.310906, -0.002831, 0.753388, 0.163885, -0.636826, -1.2e-05, 0.0, 0.0, 0.0, 1.0],
                [0.65515, -0.270162, 0.705542, -0.125006, -0.056419, -0.948765, -0.310906, -0.002831, 0.753388, 0.163885, -0.636826, -1.2e-05, 0.0, 0.0, 0.0, 1.0],
                [0.65515, -0.270162, 0.705542, -0.125006, -0.056419, -0.948765, -0.310906, -0.002831, 0.753388, 0.163885, -0.636826, -1.2e-05, 0.0, 0.0, 0.0, 1.0],
                [0.65515, -0.469934, 0.591557, -0.125006, -0.056419, -0.811249, -0.581972, -0.002831, 0.753388, 0.347905, -0.558003, -1.2e-05, 0.0, 0.0, 0.0, 1.0],
                [0.654967, -0.415958, 0.630869, -0.125006, -0.04588, -0.855212, -0.516243, -0.002831, 0.754262, 0.309179, -0.57922, -1.2e-05, 0.0, 0.0, 0.0, 1.0],
                [0.869242, -0.05516, -0.491298, -0.125006, -0.021407, -0.997024, 0.074063, -0.002831, -0.493921, -0.053862, -0.867837, -1.2e-05, 0.0, 0.0, 0.0, 1.0]
            ]
        },
        {
            "name": "Leg_L",
            "time": [0.0, 0.2667, 0.3667, 0.3833, 0.6833, 0.85, 0.95, 1.2167, 1.2833, 1.3667, 1.7333, 1.95],
            "transform": [
                [0.999989, -0.003209, -0.003379, 0.0, 0.003782, 0.982549, 0.185963, 0.37472, 0.002723, -0.185973, 0.982551, 0.0, 0.0, 0.0, 0.0, 1.0],
                [0.999989, -0.002243, -0.004085, -0.0, 0.003782, 0.902704, 0.430245, 0.37472, 0.002722, -0.430256, 0.902703, 0.0, 0.0, 0.0, 0.0, 1.0],
                [0.999989, -0.002243, -0.004085, 0.0, 0.003782, 0.902704, 0.430245, 0.37472, 0.002722, -0.430256, 0.902703, 0.0, 0.0, 0.0, 0.0, 1.0],
                [0.999989, -0.003282, -0.003308, -0.0, 0.003782, 0.986355, 0.164585, 0.37472, 0.002722, -0.164596, 0.986358, 0.0, 0.0, 0.0, 0.0, 1.0],
                [0.999989, -0.003282, -0.003308, -0.0, 0.003782, 0.986355, 0.164585, 0.37472, 0.002722, -0.164596, 0.986358, 0.0, 0.0, 0.0, 0.0, 1.0],
                [0.999989, -0.003282, -0.003308, 0.0, 0.003782, 0.986355, 0.164585, 0.37472, 0.002722, -0.164596, 0.986358, 0.0, 0.0, 0.0, 0.0, 1.0],
                [0.999989, -0.003282, -0.003308, 0.0, 0.003782, 0.986355, 0.164585, 0.37472, 0.002722, -0.164596, 0.986358, 0.0, 0.0, 0.0, 0.0, 1.0],
                [0.999989, -0.003282, -0.003308, -0.0, 0.003782, 0.986355, 0.164585, 0.37472, 0.002722, -0.164596, 0.986358, -0.0, 0.0, 0.0, 0.0, 1.0],
                [0.999989, -0.003282, -0.003308, -0.0, 0.003782, 0.986355, 0.164585, 0.37472, 0.002722, -0.164596, 0.986358, -0.0, 0.0, 0.0, 0.0, 1.0],
                [0.999989, -0.003282, -0.003308, 0.0, 0.003782, 0.986355, 0.164585, 0.37472, 0.002722, -0.164596, 0.986358, 0.0, 0.0, 0.0, 0.0, 1.0],
                [0.999989, -0.003283, -0.003308, -0.0, 0.003782, 0.986355, 0.164585, 0.37472, 0.002722, -0.164596, 0.986358, -1e-06, 0.0, 0.0, 0.0, 1.0],
                [0.999989, -0.003452, -0.00313, 0.0, 0.003782, 0.993653, 0.112423, 0.37472, 0.002722, -0.112434, 0.993656, 0.0, 0.0, 0.0, 0.0, 1.0]
            ]
        },
        {
            "name": "Knee_L",
            "time": [0.0, 0.2667, 0.3667, 0.6833, 0.85, 0.95, 1.2167, 1.2833, 1.3667, 1.7333, 1.95],
            "transform": [
                [1.0, -0.0, -1e-06, 0.0, -1e-06, -0.06479, -0.997899, 0.37472, 0.0, 0.997899, -0.06479, 0.0, 0.0, 0.0, 0.0, 1.0],
                [1.0, 0.0, -0.0, -0.0, -0.0, 1e-06, -1.0, 0.37472, -0.0, 1.0, 1e-06, 0.0, 0.0, 0.0, 0.0, 1.0],
                [1.0, 0.0, -0.0, 0.0, -0.0, 1e-06, -1.0, 0.37472, -0.0, 1.0, 1e-06, 0.0, 0.0, 0.0, 0.0, 1.0],
                [1.0, 0.0, -0.0, -0.0, -0.0, 1e-06, -1.0, 0.37472, -0.0, 1.0, 1e-06, 0.0, 0.0, 0.0, 0.0, 1.0],
                [1.0, 0.0, -0.0, 0.0, -0.0, 1e-06, -1.0, 0.37472, -0.0, 1.0, 1e-06, 0.0, 0.0, 0.0, 0.0, 1.0],
                [1.0, 0.0, -0.0, 0.0, -0.0, 1e-06, -1.0, 0.37472, -0.0, 1.0, 1e-06, 0.0, 0.0, 0.0, 0.0, 1.0],
                [1.0, 0.0, -0.0, -0.0, -0.0, 1e-06, -1.0, 0.37472, -0.0, 1.0, 1e-06, -0.0, 0.0, 0.0, 0.0, 1.0],
                [1.0, 0.0, -0.0, -0.0, -0.0, 1e-06, -1.0, 0.37472, -0.0, 1.0, 1e-06, -0.0, 0.0, 0.0, 0.0, 1.0],
                [1.0, 0.0, -0.0, 0.0, -0.0, 1e-06, -1.0, 0.37472, -0.0, 1.0, 1e-06, 0.0, 0.0, 0.0, 0.0, 1.0],
                [1.0, 0.0, -0.0, -0.0, -0.0, 1e-06, -1.0, 0.37472, -0.0, 1.0, 1e-06, -1e-06, 0.0, 0.0, 0.0, 1.0],
                [1.0, 0.0, -0.0, 0.0, -0.0, 1e-06, -1.0, 0.37472, -0.0, 1.0, 1e-06, 0.0, 0.0, 0.0, 0.0, 1.0]
            ]
        },
        {
            "name": "Torso",
            "time": [0.0, 0.2667, 0.3667, 0.6833, 0.85, 0.95, 1.15, 1.2167, 1.2833, 1.3667, 1.7333, 1.95],
            "transform": [
                [0.856034, 0.060471, 0.51337, -0.0, 0.008221, 0.991416, -0.13049, 0.05, -0.516854, 0.115925, 0.848188, -0.0, 0.0, 0.0, 0.0, 1.0],
                [0.995765, -0.020548, 0.089614, 0.0, 0.001233, 0.977603, 0.210456, 0.05, -0.091932, -0.209454, 0.973487, -0.0, 0.0, 0.0, 0.0, 1.0],
                [0.995765, -0.020548, 0.089614, -0.0, 0.001233, 0.977603, 0.210456, 0.05, -0.091932, -0.209454, 0.973487, 0.0, 0.0, 0.0, 0.0, 1.0],
                [0.993368, 0.033466, 0.110001, -0.0, -0.037604, 0.998653, 0.035755, 0.05, -0.108656, -0.039654, 0.993288, -0.0, 0.0, 0.0, 0.0, 1.0],
                [0.98943, 0.121212, 0.079594, 0.0, -0.12481, 0.991296, 0.041883, 0.05, -0.073824, -0.051375, 0.995947, -0.0, 0.0, 0.0, 0.0, 1.0],
                [0.98943, 0.121212, 0.079594, 0.0, -0.12481, 0.991296, 0.041883, 0.05, -0.073824, -0.051375, 0.995947, -0.0, 0.0, 0.0, 0.0, 1.0],
                [0.906537, 0.121212, -0.404349, -0.0, -0.089468, 0.991296, 0.096577, 0.05, 0.412536, -0.051375, 0.909491, 0.0, 0.0, 0.0, 0.0, 1.0],
                [0.969106, 0.121212, -0.214803, -0.0, -0.106981, 0.991296, 0.076725, 0.05, 0.222233, -0.051375, 0.973639, 0.0, 0.0, 0.0, 0.0, 1.0],
                [0.969106, 0.121212, -0.214803, -0.0, -0.106981, 0.991296, 0.076725, 0.05, 0.222233, -0.051375, 0.973639, 0.0, 0.0, 0.0, 0.0, 1.0],
                [0.98943, 0.121212, 0.079594, 0.0, -0.12481, 0.991296, 0.041883, 0.05, -0.073824, -0.051375, 0.995947, -0.0, 0.0, 0.0, 0.0, 1.0],
                [0.98943, 0.121212, 0.079594, 0.0, -0.12481, 0.991296, 0.041883, 0.05, -0.073824, -0.051375, 0.995947, -0.0, 0.0, 0.0, 0.0, 1.0],
                [0.99978, -0.020971, -0.000197, -0.0, 0.020971, 0.999603, 0.018833, 0.05, -0.000198, -0.018833, 0.999823, 0.0, 0.0, 0.0, 0.0, 1.0]
            ]
        },
        {
            "name": "Chest",
            "time": [0.0, 0.2667, 0.3667, 0.4167, 0.6833, 0.85, 0.95, 1.15, 1.2167, 1.2833, 1.3667, 1.7333, 1.95],
            "transform": [
                [0.993182, 0.041758, -0.108835, 0.0, 0.03302, 0.794617, 0.606212, 0.3, 0.111796, -0.605673, 0.787821, -0.0, 0.0, 0.0, 0.0, 1.0],
                [0.957176, -0.002408, -0.289497, 0.0, 0.098895, 0.942533, 0.319141, 0.3, 0.272092, -0.334104, 0.902408, 0.0, 0.0, 0.0, 0.0, 1.0],
                [0.861572, 0.040079, -0.506051, -0.0, 0.011255, 0.995125, 0.097977, 0.3, 0.507511, -0.090109, 0.856921, 0.0, 0.0, 0.0, 0.0, 1.0],
                [0.933077, 0.049808, 0.356211, 0.0, -0.076241, 0.995249, 0.060547, 0.3, -0.351503, -0.083653, 0.932442, -0.0, 0.0, 0.0, 0.0, 1.0],
                [0.974574, 0.040079, 0.220451, 0.0, -0.058829, 0.995125, 0.079153, 0.3, -0.216204, -0.09011, 0.972181, -0.0, 0.0, 0.0, 0.0, 1.0],
                [0.96251, 0.158037, 0.220451, 0.0, -0.179141, 0.980634, 0.079153, 0.3, -0.203673, -0.115678, 0.972181, -0.0, 0.0, 0.0, 0.0, 1.0],
                [0.96251, 0.158037, 0.220451, 0.0, -0.179141, 0.980634, 0.079153, 0.3, -0.203673, -0.115678, 0.972181, -0.0, 0.0, 0.0, 0.0, 1.0],
                [0.918216, 0.157232, 0.363533, -0.0, -0.23397, 0.955899, 0.177526, 0.3, -0.319589, -0.248063, 0.91451, 0.0, 0.0, 0.0, 0.0, 1.0],
                [0.978571, 0.204522, 0.023885, -0.0, -0.205906, 0.971066, 0.120973, 0.3, 0.001548, -0.123298, 0.992369, -0.0, 0.0, 0.0, 0.0, 1.0],
                [0.978571, 0.204522, 0.023885, -0.0, -0.205906, 0.971066, 0.120973, 0.3, 0.001548, -0.123298, 0.992369, -0.0, 0.0, 0.0, 0.0, 1.0],
                [0.96251, 0.158037, 0.220451, 0.0, -0.179141, 0.980634, 0.079153, 0.3, -0.203673, -0.115678, 0.972181, -0.0, 0.0, 0.0, 0.0, 1.0],
                [0.948859, 0.217942, 0.228404, 0.0, -0.24534, 0.964367, 0.099022, 0.3, -0.198684, -0.149994, 0.968518, -0.0, 0.0, 0.0, 0.0, 1.0],
                [0.999771, -0.021316, -0.002029, -0.0, 0.021411, 0.994316, 0.104295, 0.3, -0.000206, -0.104315, 0.994544, -0.0, 0.0, 0.0, 0.0, 1.0]
            ]
        },
        {
            "name": "Head",
            "time": [0.0, 0.2667, 0.3667, 0.4167, 0.6833, 0.85, 0.95, 1.15, 1.2167, 1.2833, 1.3667, 1.7333, 1.95],
            "transform": [
                [0.85311, -0.1468, 0.500652, -0.0, -0.006297, 0.956632, 0.291232, 0.4, -0.521692, -0.251605, 0.815188, -0.0, 0.0, 0.0, 0.0, 1.0],
                [0.85311, 0.037721, 0.520365, -0.0, -0.006297, 0.998055, -0.062025, 0.4, -0.521692, 0.049637, 0.851689, 0.0, 0.0, 0.0, 0.0, 1.0],
                [0.551548, 0.037721, 0.83329, -0.0, 0.020627, 0.998055, -0.058832, 0.4, -0.833888, 0.049637, 0.549697, -0.0, 0.0, 0.0, 0.0, 1.0],
                [0.997356, 0.037721, -0.062115, 0.0, -0.040689, 0.998055, -0.047235, 0.4, 0.060213, 0.049637, 0.996951, -0.0, 0.0, 0.0, 0.0, 1.0],
                [0.378968, 0.037721, -0.924641, -0.0, -0.06025, 0.998055, 0.016022, 0.4, 0.923446, 0.049637, 0.380503, -0.0, 0.0, 0.0, 0.0, 1.0],
                [0.378968, 0.037721, -0.924641, -0.0, -0.06025, 0.998055, 0.016022, 0.4, 0.923446, 0.049637, 0.380503, 0.0, 0.0, 0.0, 0.0, 1.0],
                [0.378968, 0.037721, -0.924641, -0.0, -0.06025, 0.998055, 0.016022, 0.4, 0.923446, 0.049637, 0.380503, 0.0, 0.0, 0.0, 0.0, 1.0],
                [0.925715, 0.037721, -0.376336, 0.0, -0.053608, 0.998055, -0.031827, 0.4, 0.374403, 0.049637, 0.925936, 0.0, 0.0, 0.0, 0.0, 1.0],
                [0.925715, 0.037721, -0.376336, -0.0, -0.053608, 0.998055, -0.031827, 0.4, 0.374403, 0.049637, 0.925936, 0.0, 0.0, 0.0, 0.0, 1.0],
                [0.925715, 0.037721, -0.376336, -0.0, -0.053608, 0.998055, -0.031827, 0.4, 0.374403, 0.049637, 0.925936, 0.0, 0.0, 0.0, 0.0, 1.0],
                [0.378968, 0.037721, -0.924641, -0.0, -0.06025, 0.998055, 0.016022, 0.4, 0.923446, 0.049637, 0.380503, 0.0, 0.0, 0.0, 0.0, 1.0],
                [0.377943, 0.151367, -0.913372, -0.0, -0.070243, 0.988389, 0.134734, 0.4, 0.923161, 0.013236, 0.384187, -0.0, 0.0, 0.0, 0.0, 1.0],
                [0.853111, 0.037721, 0.520365, 0.0, -0.006297, 0.998055, -0.062025, 0.4, -0.521692, 0.049637, 0.851689, -0.0, 0.0, 0.0, 0.0, 1.0]
            ]
        },
        {
            "name": "Shoulder_R",
            "time": [0.0, 0.2667, 0.3667, 0.6833, 0.85, 0.95, 1.15, 1.2167, 1.2833, 1.3667, 1.7333, 1.95],
            "transform": [
                [-0.159653, 0.952384, 0.259762, -0.0, 0.162345, -0.234224, 0.958532, 0.4, 0.973732, 0.195203, -0.11722, -0.0, 0.0, 0.0, 0.0, 1.0],
                [0.110305, 0.959352, 0.259762, -0.0, 0.091141, -0.270019, 0.958532, 0.4, 0.98971, -0.082056, -0.11722, 0.0, 0.0, 0.0, 0.0, 1.0],
                [0.110305, 0.959352, 0.259762, -0.0, 0.091141, -0.270019, 0.958532, 0.4, 0.98971, -0.082056, -0.11722, -0.0, 0.0, 0.0, 0.0, 1.0],
                [0.110305, 0.959352, 0.259762, -0.0, 0.091141, -0.270019, 0.958532, 0.4, 0.98971, -0.082056, -0.11722, -0.0, 0.0, 0.0, 0.0, 1.0],
                [0.110305, 0.959352, 0.259762, -0.0, 0.091141, -0.270019, 0.958532, 0.4, 0.98971, -0.082056, -0.11722, 0.0, 0.0, 0.0, 0.0, 1.0],
                [0.110305, 0.959352, 0.259762, -0.0, 0.091141, -0.270019, 0.958532, 0.4, 0.98971, -0.082056, -0.11722, 0.0, 0.0, 0.0, 0.0, 1.0],
                [0.110305, 0.959352, 0.259762, 0.0, 0.091141, -0.270018, 0.958532, 0.4, 0.98971, -0.082056, -0.11722, 0.0, 0.0, 0.0, 0.0, 1.0],
                [0.110305, 0.959352, 0.259762, -0.0, 0.091141, -0.270018, 0.958532, 0.4, 0.98971, -0.082056, -0.11722, 0.0, 0.0, 0.0, 0.0, 1.0],
                [0.110305, 0.959352, 0.259762, -0.0, 0.091141, -0.270018, 0.958532, 0.4, 0.98971, -0.082056, -0.11722, 0.0, 0.0, 0.0, 0.0, 1.0],
                [0.110305, 0.959352, 0.259762, -0.0, 0.091141, -0.270019, 0.958532, 0.4, 0.98971, -0.082056, -0.11722, 0.0, 0.0, 0.0, 0.0, 1.0],
                [0.110305, 0.959352, 0.259762, -0.0, 0.091141, -0.270019, 0.958532, 0.4, 0.98971, -0.082056, -0.11722, -0.0, 0.0, 0.0, 0.0, 1.0],
                [0.110305, 0.959352, 0.259762, 0.0, 0.091141, -0.270019, 0.958532, 0.4, 0.98971, -0.082056, -0.11722, -0.0, 0.0, 0.0, 0.0, 1.0]
            ]
        },
        {
            "name": "Arm_R",
            "time": [0.0, 0.2667, 0.3667, 0.4167, 0.6833, 0.85, 0.95, 1.15, 1.2167, 1.2833, 1.3667, 1.7333, 1.95],
            "transform": [
                [-0.269191, -0.411265, -0.87086, -0.0, 0.604639, 0.631657, -0.485202, 0.39386, 0.749631, -0.657168, 0.078631, 0.0, 0.0, 0.0, 0.0, 1.0],
                [0.17791, -0.0243, -0.983746, 0.0, 0.533864, 0.842171, 0.075746, 0.393861, 0.826642, -0.538663, 0.162804, -0.0, 0.0, 0.0, 0.0, 1.0],
                [0.25164, 0.023157, -0.967544, -0.0, 0.310243, 0.945028, 0.103306, 0.39386, 0.916748, -0.32617, 0.230623, 0.0, 0.0, 0.0, 0.0, 1.0],
                [-0.063868, -0.264779, -0.962192, 0.0, -0.066808, 0.963132, -0.260603, 0.393861, 0.995719, 0.047638, -0.079203, -0.0, 0.0, 0.0, 0.0, 1.0],
                [0.221208, -0.172906, -0.959776, 0.0, -0.094977, 0.975659, -0.197658, 0.393861, 0.970591, 0.13488, 0.199402, 0.0, 0.0, 0.0, 0.0, 1.0],
                [0.270704, -0.074492, -0.959776, 0.0, -0.463032, 0.864021, -0.197658, 0.393861, 0.843991, 0.497914, 0.199402, -0.0, 0.0, 0.0, 0.0, 1.0],
                [0.270704, -0.074492, -0.959776, 0.0, -0.463032, 0.864021, -0.197658, 0.393861, 0.843991, 0.497914, 0.199402, -0.0, 0.0, 0.0, 0.0, 1.0],
                [0.270704, -0.933344, -0.235773, -0.0, -0.463031, 0.088486, -0.881914, 0.39386, 0.843991, 0.347908, -0.408214, -0.0, 0.0, 0.0, 0.0, 1.0],
                [0.270704, -0.933344, -0.235773, 0.0, -0.463032, 0.088486, -0.881914, 0.39386, 0.843991, 0.347908, -0.408214, 0.0, 0.0, 0.0, 0.0, 1.0],
                [0.270704, -0.933344, -0.235773, 0.0, -0.463032, 0.088486, -0.881914, 0.39386, 0.843991, 0.347908, -0.408214, 0.0, 0.0, 0.0, 0.0, 1.0],
                [0.270704, -0.074492, -0.959776, 0.0, -0.463032, 0.864021, -0.197658, 0.393861, 0.843991, 0.497914, 0.199402, -0.0, 0.0, 0.0, 0.0, 1.0],
                [0.280375, -0.061285, -0.957932, -0.0, -0.519167, 0.829714, -0.205036, 0.393861, 0.807375, 0.554814, 0.200814, -1e-06, 0.0, 0.0, 0.0, 1.0],
                [0.043023, -0.059379, -0.997308, 0.0, 0.813119, 0.582097, 0.00042, 0.39386, 0.580505, -0.810948, 0.073326, 0.0, 0.0, 0.0, 0.0, 1.0]
            ]
        },
        {
            "name": "Hand_R",
            "time": [0.0, 0.2667, 0.3667, 0.4167, 0.4833, 0.6833, 0.85, 0.95, 1.15, 1.2167, 1.2833, 1.3667, 1.7333, 1.95],
            "transform": [
                [0.999998, -0.00064, 0.001708, -0.0, 0.000868, 0.990517, -0.137389, 0.3, -0.001604, 0.137391, 0.990516, -0.0, 0.0, 0.0, 0.0, 1.0],
                [0.999998, -0.000848, 0.001614, -0.0, 0.000868, 0.999919, -0.012686, 0.3, -0.001603, 0.012688, 0.999918, 0.0, 0.0, 0.0, 0.0, 1.0],
                [0.999998, -0.000848, 0.001614, -0.0, 0.000868, 0.999919, -0.012686, 0.3, -0.001603, 0.012688, 0.999918, -0.0, 0.0, 0.0, 0.0, 1.0],
                [0.999998, 0.000618, 0.001715, -0.0, 0.000868, 0.666013, -0.74594, 0.3, -0.001603, 0.74594, 0.666011, -0.0, 0.0, 0.0, 0.0, 1.0],
                [0.999998, -0.000341, 0.001791, 0.0, 0.000868, 0.952924, -0.30321, 0.3, -0.001603, 0.303211, 0.952922, 0.0, 0.0, 0.0, 0.0, 1.0],
                [0.999998, -0.00093, 0.001568, 0.0, 0.000868, 0.999239, 0.039003, 0.3, -0.001603, -0.039002, 0.999238, 0.0, 0.0, 0.0, 0.0, 1.0],
                [0.999998, -0.00093, 0.001568, 0.0, 0.000868, 0.999239, 0.039003, 0.3, -0.001603, -0.039002, 0.999238, -0.0, 0.0, 0.0, 0.0, 1.0],
                [0.999998, -0.00093, 0.001568, 0.0, 0.000868, 0.999239, 0.039003, 0.3, -0.001603, -0.039002, 0.999238, -0.0, 0.0, 0.0, 0.0, 1.0],
                [0.999998, 0.001034, 0.001502, -0.0, 0.000868, 0.454471, -0.890761, 0.3, -0.001603, 0.890761, 0.454469, 0.0, 0.0, 0.0, 0.0, 1.0],
                [0.999998, 0.001197, 0.001376, -0.0, 0.000868, 0.350986, -0.936381, 0.3, -0.001603, 0.93638, 0.350984, 0.0, 0.0, 0.0, 0.0, 1.0],
                [0.999998, 0.001197, 0.001376, -0.0, 0.000868, 0.350986, -0.936381, 0.3, -0.001603, 0.93638, 0.350984, 0.0, 0.0, 0.0, 0.0, 1.0],
                [0.999998, -0.00093, 0.001568, 0.0, 0.000868, 0.999239, 0.039003, 0.3, -0.001603, -0.039002, 0.999238, -0.0, 0.0, 0.0, 0.0, 1.0],
                [0.999998, -0.00093, 0.001568, 0.0, 0.000868, 0.999239, 0.039003, 0.300001, -0.001603, -0.039002, 0.999238, 0.0, 0.0, 0.0, 0.0, 1.0],
                [0.999998, -0.000848, 0.001614, 0.0, 0.000868, 0.999919, -0.012686, 0.3, -0.001603, 0.012688, 0.999918, 0.0, 0.0, 0.0, 0.0, 1.0]
            ]
        },
        {
            "name": "Tool_R",
            "time": [0.0, 0.2667, 0.3667, 0.4167, 0.4833, 0.6833, 0.85, 0.95, 1.15, 1.2167, 1.2833, 1.3167, 1.3667, 1.7333, 1.95],
            "transform": [
                [0.993313, -0.077163, -0.085881, -0.005462, -0.088202, -0.987154, -0.133217, 0.227549, -0.074455, 0.139808, -0.986776, 0.086956, 0.0, 0.0, 0.0, 1.0],
                [0.993314, -0.054493, -0.101777, 0.010704, -0.088154, -0.927265, -0.36388, 0.330594, -0.074502, 0.37019, -0.925324, 0.180402, 0.0, 0.0, 0.0, 1.0],
                [0.974421, -0.15668, 0.161106, -0.012071, -0.211653, -0.880811, 0.423526, 0.20256, 0.075499, -0.446536, -0.89091, 0.115494, 0.0, 0.0, 0.0, 1.0],
                [0.972789, -0.14537, -0.180415, -0.011809, -0.219334, -0.32686, -0.919269, 0.202952, 0.074617, 0.933269, -0.349653, 0.096831, 0.0, 0.0, 0.0, 1.0],
                [0.973063, -0.05465, -0.223968, -0.010691, -0.215612, 0.128161, -0.968032, 0.203624, 0.081556, 0.989662, 0.112848, 0.07251, 0.0, 0.0, 0.0, 1.0],
                [0.974415, -0.084933, -0.208093, -0.007341, -0.211681, -0.035586, -0.976691, 0.204541, 0.075501, 0.995161, -0.052633, 0.060072, 0.0, 0.0, 0.0, 1.0],
                [0.996284, -0.084936, -0.014279, -0.007341, -0.017354, -0.035576, -0.999216, 0.204541, 0.084311, 0.995161, -0.036906, 0.060073, 0.0, 0.0, 0.0, 1.0],
                [0.996284, -0.084936, -0.014279, -0.007341, -0.017354, -0.035576, -0.999216, 0.204541, 0.084311, 0.995161, -0.036906, 0.060073, 0.0, 0.0, 0.0, 1.0],
                [0.999672, -0.006852, -0.024691, -0.007341, 0.005013, 0.997263, -0.07376, 0.204541, 0.025114, 0.073579, 0.996379, 0.060072, 0.0, 0.0, 0.0, 1.0],
                [0.999672, 0.000622, -0.025618, -0.007341, 0.005018, 0.975596, 0.219516, 0.204541, 0.025114, -0.219432, 0.974698, 0.060074, 0.0, 0.0, 0.0, 1.0],
                [0.999672, 0.000622, -0.025618, -0.007341, 0.005018, 0.975596, 0.219516, 0.204541, 0.025114, -0.219432, 0.974698, 0.060074, 0.0, 0.0, 0.0, 1.0],
                [0.998869, -0.001795, -0.047517, -0.007341, -0.011337, 0.961479, -0.274645, 0.204537, 0.046152, 0.274721, 0.959799, 0.060317, 0.0, 0.0, 0.0, 1.0],
                [0.996284, -0.084936, -0.014279, -0.007341, -0.017354, -0.035576, -0.999216, 0.204541, 0.084311, 0.995161, -0.036906, 0.060073, 0.0, 0.0, 0.0, 1.0],
                [0.996284, -0.084936, -0.014279, -0.007341, -0.017354, -0.035576, -0.999216, 0.204542, 0.084311, 0.995161, -0.036906, 0.060073, 0.0, 0.0, 0.0, 1.0],
                [0.993314, -0.054493, -0.101777, 0.010704, -0.088154, -0.927265, -0.363881, 0.330594, -0.074502, 0.37019, -0.925324, 0.180402, 0.0, 0.0, 0.0, 1.0]
            ]
        },
        {
            "name": "Elbow_R",
            "time": [0.0, 0.2667, 0.3667, 0.6833, 0.85, 0.95, 1.2167, 1.2833, 1.3667, 1.7333, 1.95],
            "transform": [
                [-1.0, 0.0, -0.0, 0.0, 0.0, -0.0, -1.0, 0.30582, -0.0, -1.0, 0.0, -0.0, 0.0, 0.0, 0.0, 1.0],
                [-1.0, 0.0, -0.0, -0.0, 0.0, -0.0, -1.0, 0.429832, -0.0, -1.0, 0.0, 0.0, 0.0, 0.0, 0.0, 1.0],
                [-1.0, 0.0, 0.0, 0.0, 0.0, -0.0, -1.0, 0.297548, -0.0, -1.0, 0.0, 0.0, 0.0, 0.0, 0.0, 1.0],
                [-1.0, 0.0, -0.0, 0.0, 0.0, -0.0, -1.0, 0.297548, -0.0, -1.0, 0.0, 0.0, 0.0, 0.0, 0.0, 1.0],
                [-1.0, 0.0, -0.0, 0.0, 0.0, -0.0, -1.0, 0.297548, -0.0, -1.0, 0.0, -0.0, 0.0, 0.0, 0.0, 1.0],
                [-1.0, 0.0, -0.0, 0.0, 0.0, -0.0, -1.0, 0.297548, -0.0, -1.0, 0.0, -0.0, 0.0, 0.0, 0.0, 1.0],
                [-1.0, 0.0, -0.0, -0.0, 0.0, -0.0, -1.0, 0.297548, -0.0, -1.0, 0.0, -0.0, 0.0, 0.0, 0.0, 1.0],
                [-1.0, 0.0, -0.0, -0.0, 0.0, -0.0, -1.0, 0.297548, -0.0, -1.0, 0.0, -0.0, 0.0, 0.0, 0.0, 1.0],
                [-1.0, 0.0, -0.0, 0.0, 0.0, -0.0, -1.0, 0.297548, -0.0, -1.0, 0.0, -0.0, 0.0, 0.0, 0.0, 1.0],
                [-1.0, 0.0, -0.0, 0.0, 0.0, -0.0, -1.0, 0.297549, -0.0, -1.0, 0.0, 0.0, 0.0, 0.0, 0.0, 1.0],
                [-1.0, 0.0, -0.0, 0.0, 0.0, 0.0, -1.0, 0.429832, -0.0, -1.0, 0.0, 0.0, 0.0, 0.0, 0.0, 1.0]
            ]
        },
        {
            "name": "Shoulder_L",
            "time": [0.0, 0.2667, 0.3667, 0.6833, 0.85, 0.95, 1.2167, 1.2833, 1.3667, 1.7333, 1.95],
            "transform": [
                [-0.226937, -0.959593, -0.166373, -0.0, -0.021067, -0.165953, 0.985909, 0.4, -0.973681, 0.227244, 0.017445, -0.0, 0.0, 0.0, 0.0, 1.0],
                [-0.226937, -0.879834, -0.417602, -0.0, -0.021067, -0.424255, 0.905298, 0.4, -0.973681, 0.214243, 0.077744, 0.0, 0.0, 0.0, 0.0, 1.0],
                [-0.226937, -0.879834, -0.417602, -0.0, -0.021067, -0.424255, 0.905298, 0.4, -0.973681, 0.214243, 0.077744, -0.0, 0.0, 0.0, 0.0, 1.0],
                [-0.226937, -0.879834, -0.417602, -0.0, -0.021067, -0.424255, 0.905298, 0.4, -0.973681, 0.214243, 0.077744, -0.0, 0.0, 0.0, 0.0, 1.0],
                [-0.226937, -0.879834, -0.417602, -0.0, -0.021067, -0.424255, 0.905298, 0.4, -0.973682, 0.214243, 0.077744, 0.0, 0.0, 0.0, 0.0, 1.0],
                [-0.226937, -0.879834, -0.417602, -0.0, -0.021067, -0.424255, 0.905298, 0.4, -0.973682, 0.214243, 0.077744, 0.0, 0.0, 0.0, 0.0, 1.0],
                [-0.226937, -0.879834, -0.417602, -0.0, -0.021067, -0.424255, 0.905298, 0.4, -0.973681, 0.214243, 0.077744, 0.0, 0.0, 0.0, 0.0, 1.0],
                [-0.226937, -0.879834, -0.417602, -0.0, -0.021067, -0.424255, 0.905298, 0.4, -0.973681, 0.214243, 0.077744, 0.0, 0.0, 0.0, 0.0, 1.0],
                [-0.226937, -0.879834, -0.417602, -0.0, -0.021067, -0.424255, 0.905298, 0.4, -0.973682, 0.214243, 0.077744, 0.0, 0.0, 0.0, 0.0, 1.0],
                [-0.226937, -0.879834, -0.417602, -0.0, -0.021067, -0.424255, 0.905298, 0.4, -0.973681, 0.214243, 0.077744, -0.0, 0.0, 0.0, 0.0, 1.0],
                [-0.226937, -0.879834, -0.417602, 0.0, -0.021067, -0.424255, 0.905298, 0.4, -0.973681, 0.214243, 0.077744, -0.0, 0.0, 0.0, 0.0, 1.0]
            ]
        },
        {
            "name": "Arm_L",
            "time": [0.0, 0.2667, 0.3667, 0.6833, 0.85, 0.95, 1.2167, 1.2833, 1.3667, 1.7333, 1.95],
            "transform": [
                [0.408188, 0.898882, -0.159351, 0.0, -0.295401, -0.035108, -0.954728, 0.39386, -0.863783, 0.436781, 0.2512, 0.0, 0.0, 0.0, 0.0, 1.0],
                [0.053729, 0.034132, 0.997972, -0.0, -0.618699, 0.785602, 0.006442, 0.39386, -0.783789, -0.61779, 0.063327, 0.0, 0.0, 0.0, 0.0, 1.0],
                [0.053729, 0.034132, 0.997972, 0.0, -0.618699, 0.785602, 0.006442, 0.39386, -0.783789, -0.61779, 0.063327, 0.0, 0.0, 0.0, 0.0, 1.0],
                [0.063473, -0.004789, 0.997972, 0.0, -0.02585, 0.999645, 0.006442, 0.39386, -0.997649, -0.026206, 0.063327, -0.0, 0.0, 0.0, 0.0, 1.0],
                [0.062086, 0.014042, 0.997972, 0.0, -0.317973, 0.948078, 0.006442, 0.393861, -0.946065, -0.317728, 0.063327, -0.0, 0.0, 0.0, 0.0, 1.0],
                [0.047937, 0.070992, 0.996324, 0.0, -0.760274, 0.64953, -0.009702, 0.393861, -0.647832, -0.757014, 0.08511, -0.0, 0.0, 0.0, 0.0, 1.0],
                [0.053103, -0.226056, 0.972666, 0.0, -0.709669, 0.676717, 0.196019, 0.39386, -0.702531, -0.70068, -0.12449, -0.0, 0.0, 0.0, 0.0, 1.0],
                [0.053103, -0.226056, 0.972666, 0.0, -0.709669, 0.676717, 0.196019, 0.39386, -0.702531, -0.70068, -0.12449, -0.0, 0.0, 0.0, 0.0, 1.0],
                [0.047937, 0.070992, 0.996324, 0.0, -0.760274, 0.64953, -0.009702, 0.393861, -0.647832, -0.757014, 0.08511, -0.0, 0.0, 0.0, 0.0, 1.0],
                [0.055993, 0.054407, 0.996948, -0.0, -0.64077, 0.76771, -0.005909, 0.393861, -0.765688, -0.638484, 0.077849, 0.0, 0.0, 0.0, 0.0, 1.0],
                [0.036604, 0.052076, 0.997972, 0.0, -0.871994, 0.489475, 0.006442, 0.39386, -0.488147, -0.870461, 0.063327, -0.0, 0.0, 0.0, 0.0, 1.0]
            ]
        },
        {
            "name": "Hand_L",
            "time": [0.0, 0.2667, 0.3667, 0.6833, 0.85, 0.95, 1.2167, 1.2833, 1.3667, 1.7333, 1.95],
            "transform": [
                [0.999993, -0.002781, -0.002585, -0.0, 0.000938, 0.840669, -0.54155, 0.3, 0.003679, 0.541543, 0.840665, 0.0, 0.0, 0.0, 0.0, 1.0],
                [0.999993, -0.001541, -0.00347, 0.0, 0.000938, 0.985901, -0.167329, 0.3, 0.003679, 0.167324, 0.985895, -0.0, 0.0, 0.0, 0.0, 1.0],
                [0.999993, -0.001541, -0.00347, 0.0, 0.000938, 0.985901, -0.167329, 0.3, 0.003679, 0.167324, 0.985895, 0.0, 0.0, 0.0, 0.0, 1.0],
                [0.999993, -0.001541, -0.00347, 0.0, 0.000938, 0.985901, -0.167329, 0.3, 0.003679, 0.167324, 0.985895, 0.0, 0.0, 0.0, 0.0, 1.0],
                [0.999993, -0.001541, -0.00347, 0.0, 0.000938, 0.985901, -0.167329, 0.3, 0.003679, 0.167324, 0.985895, -0.0, 0.0, 0.0, 0.0, 1.0],
                [0.999993, -0.001541, -0.00347, 0.0, 0.000938, 0.985901, -0.167329, 0.3, 0.003679, 0.167324, 0.985895, 0.0, 0.0, 0.0, 0.0, 1.0],
                [0.999993, -0.00154, -0.00347, -0.0, 0.000938, 0.985901, -0.167329, 0.3, 0.003679, 0.167324, 0.985895, 0.0, 0.0, 0.0, 0.0, 1.0],
                [0.999993, -0.00154, -0.00347, -0.0, 0.000938, 0.985901, -0.167329, 0.3, 0.003679, 0.167324, 0.985895, 0.0, 0.0, 0.0, 0.0, 1.0],
                [0.999993, -0.001541, -0.00347, 0.0, 0.000938, 0.985901, -0.167329, 0.3, 0.003679, 0.167324, 0.985895, 0.0, 0.0, 0.0, 0.0, 1.0],
                [0.999993, -0.001541, -0.00347, -0.0, 0.000938, 0.985901, -0.167329, 0.3, 0.003679, 0.167324, 0.985895, -0.0, 0.0, 0.0, 0.0, 1.0],
                [0.999993, -0.001541, -0.00347, 0.0, 0.000938, 0.985901, -0.167329, 0.3, 0.003679, 0.167324, 0.985895, -0.0, 0.0, 0.0, 0.0, 1.0]
            ]
        },
        {
            "name": "Tool_L",
            "time": [0.0, 0.2667, 0.3667, 0.6833, 0.85, 0.95, 1.2167, 1.2833, 1.3667, 1.7333, 1.95],
            "transform": [
                [0.997004, 0.01104, -0.076554, 0.0, -0.036659, -0.804079, -0.593391, 0.272858, -0.068067, 0.594062, -0.8008, -0.0, 0.0, 0.0, 0.0, 1.0],
                [0.997004, 0.01104, -0.076554, 0.0, -0.036659, -0.804079, -0.593391, 0.272858, -0.068067, 0.594062, -0.8008, -0.0, 0.0, 0.0, 0.0, 1.0],
                [0.997004, 0.01104, -0.076554, -0.0, -0.036659, -0.804079, -0.593391, 0.272858, -0.068067, 0.594062, -0.8008, -0.0, 0.0, 0.0, 0.0, 1.0],
                [0.997004, 0.01104, -0.076554, 0.0, -0.036659, -0.804079, -0.593391, 0.272858, -0.068067, 0.594062, -0.8008, -0.0, 0.0, 0.0, 0.0, 1.0],
                [0.997004, 0.01104, -0.076554, 0.0, -0.036659, -0.804079, -0.593391, 0.272858, -0.068067, 0.594062, -0.8008, -0.0, 0.0, 0.0, 0.0, 1.0],
                [0.997004, 0.01104, -0.076554, 0.0, -0.036659, -0.804079, -0.593391, 0.272858, -0.068067, 0.594062, -0.8008, -0.0, 0.0, 0.0, 0.0, 1.0],
                [0.997004, 0.01104, -0.076554, 0.0, -0.036659, -0.804079, -0.593391, 0.272858, -0.068067, 0.594062, -0.8008, -0.0, 0.0, 0.0, 0.0, 1.0],
                [0.997004, 0.01104, -0.076554, 0.0, -0.036659, -0.804079, -0.593391, 0.272858, -0.068067, 0.594062, -0.8008, -0.0, 0.0, 0.0, 0.0, 1.0],
                [0.997004, 0.01104, -0.076554, 0.0, -0.036659, -0.804079, -0.593391, 0.272858, -0.068067, 0.594062, -0.8008, -0.0, 0.0, 0.0, 0.0, 1.0],
                [0.997004, 0.01104, -0.076554, -0.0, -0.036659, -0.804079, -0.593391, 0.272858, -0.068067, 0.594062, -0.8008, -0.0, 0.0, 0.0, 0.0, 1.0],
                [0.997004, 0.01104, -0.076554, -0.0, -0.036659, -0.804079, -0.593391, 0.272858, -0.068067, 0.594062, -0.8008, -1e-06, 0.0, 0.0, 0.0, 1.0]
            ]
        },
        {
            "name": "Elbow_L",
            "time": [0.0, 0.2667, 0.3667, 0.6833, 0.85, 0.95, 1.2167, 1.2833, 1.3667, 1.7333, 1.95],
            "transform": [
                [-1.0, 0.0, -0.0, 2.7e-05, 0.0, -0.257132, -0.966376, 0.396148, -0.0, -0.966376, 0.257133, -0.002121, 0.0, 0.0, 0.0, 1.0],
                [-1.0, 0.0, -0.0, 2.7e-05, 0.0, -0.0, -1.0, 0.396148, -0.0, -1.0, -0.0, -0.002121, 0.0, 0.0, 0.0, 1.0],
                [-1.0, 0.0, 0.0, 2.7e-05, 0.0, -0.0, -1.0, 0.396148, -0.0, -1.0, -0.0, -0.002121, 0.0, 0.0, 0.0, 1.0],
                [-1.0, 0.0, -0.0, 2.7e-05, 0.0, -0.0, -1.0, 0.396148, -0.0, -1.0, -0.0, -0.002121, 0.0, 0.0, 0.0, 1.0],
                [-1.0, 0.0, -0.0, 2.7e-05, 0.0, -0.0, -1.0, 0.396148, -0.0, -1.0, -0.0, -0.002121, 0.0, 0.0, 0.0, 1.0],
                [-1.0, 0.0, -0.0, 2.7e-05, 0.0, -0.0, -1.0, 0.396147, -0.0, -1.0, -0.0, -0.002121, 0.0, 0.0, 0.0, 1.0],
                [-1.0, 0.0, -0.0, 2.7e-05, 0.0, 0.0, -1.0, 0.396147, -0.0, -1.0, 0.0, -0.00212, 0.0, 0.0, 0.0, 1.0],
                [-1.0, 0.0, -0.0, 2.7e-05, 0.0, 0.0, -1.0, 0.396147, -0.0, -1.0, 0.0, -0.00212, 0.0, 0.0, 0.0, 1.0],
                [-1.0, 0.0, -0.0, 2.7e-05, 0.0, -0.0, -1.0, 0.396147, -0.0, -1.0, -0.0, -0.002121, 0.0, 0.0, 0.0, 1.0],
                [-1.0, 0.0, -0.0, 2.7e-05, 0.0, -0.0, -1.0, 0.396148, -0.0, -1.0, -0.0, -0.002121, 0.0, 0.0, 0.0, 1.0],
                [-1.0, 0.0, -0.0, 2.7e-05, 0.0, -0.0, -1.0, 0.396148, -0.0, -1.0, -0.0, -0.002121, 0.0, 0.0, 0.0, 1.0]
            ]
        }
    ]
}