{
    "animation": [
        {
            "name": "Root",
            "time": [0.0, 0.1333, 0.2667, 0.3333, 0.5833, 0.95],
            "transform": [
                [0.854689, 0.0, -0.51914, -5e-06, -0.51914, 0.0, -0.854689, 0.000946, 0.0, 1.0, 0.0, 0.743765, 0.0, 0.0, 0.0, 1.0],
                [0.74155, 0.0, -0.670898, -5e-06, -0.670898, 0.0, -0.74155, -0.301463, 0.0, 1.0, 0.0, 0.743765, 0.0, 0.0, 0.0, 1.0],
                [0.74155, 0.0, -0.670898, -5e-06, -0.670898, 0.0, -0.74155, -0.434566, 0.0, 1.0, 0.0, 0.716262, 0.0, 0.0, 0.0, 1.0],
                [0.74155, 0.0, -0.670898, -5e-06, -0.670898, 0.0, -0.74155, -0.434566, 0.0, 1.0, 0.0, 0.716262, 0.0, 0.0, 0.0, 1.0],
                [0.539729, 0.0, 0.841839, -5e-06, 0.841839, 0.0, -0.539729, 2.720031, 0.0, 1.0, 0.0, 0.716262, 0.0, 0.0, 0.0, 1.0],
                [0.539729, 0.0, 0.841839, -5e-06, 0.841839, 0.0, -0.539729, 2.808931, 0.0, 1.0, 0.0, 0.716262, 0.0, 0.0, 0.0, 1.0]
            ]
        },
        {
            "name": "Thigh_R",
            "time": [0.0, 0.1333, 0.2667, 0.3333, 0.5833, 0.95],
            "transform": [
                [0.992811, 0.11785, -0.020883, 0.124994, 0.118536, -0.992318, 0.035348, -0.002831, -0.016557, -0.037569, -0.999157, -1.2e-05, 0.0, 0.0, 0.0, 1.0],
                [0.967655, 0.251816, -0.015209, 0.124994, 0.248344, -0.961443, -0.118101, -0.002831, -0.044362, 0.110504, -0.992885, -1.2e-05, 0.0, 0.0, 0.0, 1.0],
                [0.950025, 0.312155, 0.003239, 0.124994, 0.307166, -0.932886, -0.188065, -0.002831, -0.055684, 0.179662, -0.982151, -1.2e-05, 0.0, 0.0, 0.0, 1.0],
                [0.950025, 0.312155, 0.003239, 0.124994, 0.307166, -0.932886, -0.188065, -0.002831, -0.055684, 0.179662, -0.982151, -1.2e-05, 0.0, 0.0, 0.0, 1.0],
                [0.559337, 0.476805, 0.678084, 0.124994, 0.131255, -0.858635, 0.495495, -0.002831, 0.818482, -0.188146, -0.542851, -1.2e-05, 0.0, 0.0, 0.0, 1.0],
                [0.559337, 0.476805, 0.678084, 0.124994, 0.131255, -0.858635, 0.495495, -0.002831, 0.818482, -0.188146, -0.542851, -1.2e-05, 0.0, 0.0, 0.0, 1.0]
            ]
        },
        {
            "name": "Leg_R",
            "time": [0.0, 0.1333, 0.2667, 0.3333, 0.5833, 0.95],
            "transform": [
                [1.0, -0.0, 1e-06, -0.0, 0.0, 0.997612, 0.069073, 0.37472, -1e-06, -0.069073, 0.997611, -0.0, 0.0, 0.0, 0.0, 1.0],
                [1.0, -0.0, 1e-06, 0.0, 0.0, 0.98757, 0.157184, 0.37472, -1e-06, -0.157185, 0.987568, -0.0, 0.0, 0.0, 0.0, 1.0],
                [1.0, -0.0, 1e-06, -0.0, 0.0, 0.98757, 0.157184, 0.37472, -1e-06, -0.157185, 0.987568, -0.0, 0.0, 0.0, 0.0, 1.0],
                [1.0, -0.0, 1e-06, -0.0, 0.0, 0.98757, 0.157184, 0.37472, -1e-06, -0.157185, 0.987568, -0.0, 0.0, 0.0, 0.0, 1.0],
                [1.0, -0.0, 1e-06, 0.0, 0.0, 0.924635, 0.380856, 0.37472, -1e-06, -0.380857, 0.924634, -0.0, 0.0, 0.0, 0.0, 1.0],
                [1.0, -0.0, 1e-06, 0.0, 0.0, 0.924635, 0.380856, 0.37472, -1e-06, -0.380857, 0.924634, -0.0, 0.0, 0.0, 0.0, 1.0]
            ]
        },
        {
            "name": "Knee_R",
            "time": [0.0, 0.2667, 0.3333, 0.5833, 0.95],
            "transform": [
                [1.0, 0.0, -0.0, -0.0, -0.0, 1e-06, -1.0, 0.37472, -0.0, 1.0, 1e-06, -0.0, 0.0, 0.0, 0.0, 1.0],
                [1.0, 0.0, -0.0, -0.0, -0.0, 1e-06, -1.0, 0.37472, -0.0, 1.0, 1e-06, -0.0, 0.0, 0.0, 0.0, 1.0],
                [1.0, 0.0, -0.0, -0.0, -0.0, 1e-06, -1.0, 0.37472, -0.0, 1.0, 1e-06, -0.0, 0.0, 0.0, 0.0, 1.0],
                [1.0, 0.0, -0.0, 0.0, -0.0, 1e-06, -1.0, 0.37472, -0.0, 1.0, 1e-06, -0.0, 0.0, 0.0, 0.0, 1.0],
                [1.0, 0.0, -0.0, 0.0, -0.0, 1e-06, -1.0, 0.37472, -0.0, 1.0, 1e-06, -0.0, 0.0, 0.0, 0.0, 1.0]
            ]
        },
        {
            "name": "Thigh_L",
            "time": [0.0, 0.1333, 0.2667, 0.3333, 0.5833, 0.95],
            "transform": [
                [0.869242, -0.05516, -0.491298, -0.125006, -0.021407, -0.997024, 0.074063, -0.002831, -0.493921, -0.053862, -0.867837, -1.2e-05, 0.0, 0.0, 0.0, 1.0],
                [0.865129, -0.160487, -0.475179, -0.125006, -0.055503, -0.972239, 0.227313, -0.002831, -0.498468, -0.170281, -0.85002, -1.2e-05, 0.0, 0.0, 0.0, 1.0],
                [0.748318, -0.39534, -0.532659, -0.125006, -0.041869, -0.829545, 0.556868, -0.002831, -0.662017, -0.394412, -0.637316, -1.2e-05, 0.0, 0.0, 0.0, 1.0],
                [0.748318, -0.39534, -0.532659, -0.125006, -0.041869, -0.829545, 0.556868, -0.002831, -0.662017, -0.394412, -0.637316, -1.2e-05, 0.0, 0.0, 0.0, 1.0],
                [0.681573, -0.424435, 0.596081, -0.125006, -0.238006, -0.898888, -0.367904, -0.002831, 0.691961, 0.108883, -0.713676, -1.2e-05, 0.0, 0.0, 0.0, 1.0],
                [0.681573, -0.424435, 0.596081, -0.125006, -0.238006, -0.898888, -0.367904, -0.002831, 0.691961, 0.108883, -0.713676, -1.2e-05, 0.0, 0.0, 0.0, 1.0]
            ]
        },
        {
            "name": "Leg_L",
            "time": [0.0, 0.2667, 0.3333, 0.5833, 0.95],
            "transform": [
                [0.999989, -0.003452, -0.00313, -0.0, 0.003782, 0.993653, 0.112423, 0.37472, 0.002722, -0.112434, 0.993656, 0.0, 0.0, 0.0, 0.0, 1.0],
                [0.999989, -0.00167, -0.004351, -0.0, 0.003782, 0.836242, 0.548348, 0.37472, 0.002722, -0.548358, 0.83624, -0.0, 0.0, 0.0, 0.0, 1.0],
                [0.999989, -0.00167, -0.004351, -0.0, 0.003782, 0.836242, 0.548348, 0.37472, 0.002722, -0.548358, 0.83624, -0.0, 0.0, 0.0, 0.0, 1.0],
                [0.999989, -0.002493, -0.003937, -0.0, 0.003782, 0.927792, 0.373079, 0.37472, 0.002722, -0.37309, 0.927792, 0.0, 0.0, 0.0, 0.0, 1.0],
                [0.999989, -0.002493, -0.003937, -0.0, 0.003782, 0.927792, 0.373079, 0.37472, 0.002722, -0.37309, 0.927792, -0.0, 0.0, 0.0, 0.0, 1.0]
            ]
        },
        {
            "name": "Knee_L",
            "time": [0.0, 0.2667, 0.3333, 0.5833, 0.95],
            "transform": [
                [1.0, 0.0, -0.0, -0.0, -0.0, 1e-06, -1.0, 0.37472, -0.0, 1.0, 1e-06, 0.0, 0.0, 0.0, 0.0, 1.0],
                [1.0, 0.0, -0.0, -0.0, -0.0, 1e-06, -1.0, 0.37472, -0.0, 1.0, 1e-06, -0.0, 0.0, 0.0, 0.0, 1.0],
                [1.0, 0.0, -0.0, -0.0, -0.0, 1e-06, -1.0, 0.37472, -0.0, 1.0, 1e-06, -0.0, 0.0, 0.0, 0.0, 1.0],
                [1.0, 0.0, -0.0, -0.0, -0.0, 1e-06, -1.0, 0.37472, -0.0, 1.0, 1e-06, 0.0, 0.0, 0.0, 0.0, 1.0],
                [1.0, 0.0, -0.0, -0.0, -0.0, 1e-06, -1.0, 0.37472, -0.0, 1.0, 1e-06, -0.0, 0.0, 0.0, 0.0, 1.0]
            ]
        },
        {
            "name": "Torso",
            "time": [0.0, 0.1333, 0.2667, 0.3333, 0.4, 0.5833, 0.95],
            "transform": [
                [0.99978, -0.020971, -0.000197, -0.0, 0.020971, 0.999603, 0.018833, 0.05, -0.000198, -0.018833, 0.999823, 0.0, 0.0, 0.0, 0.0, 1.0],
                [0.99719, -0.020971, -0.071926, -0.0, 0.022269, 0.999603, 0.01728, 0.05, 0.071535, -0.018833, 0.99726, 0.0, 0.0, 0.0, 0.0, 1.0],
                [0.958182, -0.256735, -0.126391, 0.0, 0.272279, 0.953847, 0.126653, 0.05, 0.088042, -0.15577, 0.983862, -0.0, 0.0, 0.0, 0.0, 1.0],
                [0.958182, -0.256735, -0.126391, 0.0, 0.272279, 0.953847, 0.126653, 0.05, 0.088042, -0.15577, 0.983862, -0.0, 0.0, 0.0, 0.0, 1.0],
                [0.992727, -0.039369, -0.113768, 0.0, 0.052967, 0.99147, 0.119089, 0.05, 0.108109, -0.124249, 0.986344, 0.0, 0.0, 0.0, 0.0, 1.0],
                [0.998636, -0.008323, -0.051552, -0.0, 0.011906, 0.997504, 0.069599, 0.05, 0.050845, -0.070118, 0.996242, 0.0, 0.0, 0.0, 0.0, 1.0],
                [0.998636, -0.008323, -0.051552, -0.0, 0.011906, 0.997504, 0.069599, 0.05, 0.050845, -0.070118, 0.996242, -0.0, 0.0, 0.0, 0.0, 1.0]
            ]
        },
        {
            "name": "Chest",
            "time": [0.0, 0.1333, 0.2667, 0.3333, 0.4, 0.5833, 0.95],
            "transform": [
                [0.999771, -0.021316, -0.002029, 0.0, 0.021411, 0.994316, 0.104295, 0.3, -0.000206, -0.104315, 0.994544, 0.0, 0.0, 0.0, 0.0, 1.0],
                [0.901743, -0.021316, -0.431747, 0.0, 0.064179, 0.994316, 0.084953, 0.3, 0.427482, -0.104315, 0.897985, -0.0, 0.0, 0.0, 0.0, 1.0],
                [0.84574, -0.156473, -0.510137, 0.0, 0.262282, 0.954477, 0.142064, 0.3, 0.464684, -0.253949, 0.84828, 0.0, 0.0, 0.0, 0.0, 1.0],
                [0.84574, -0.156473, -0.510137, 0.0, 0.262282, 0.954477, 0.142064, 0.3, 0.464684, -0.253949, 0.84828, 0.0, 0.0, 0.0, 0.0, 1.0],
                [0.975573, -0.011684, 0.219364, -0.0, -0.026222, 0.985251, 0.169095, 0.3, -0.218104, -0.170717, 0.960878, 0.0, 0.0, 0.0, 0.0, 1.0],
                [0.896065, -0.054944, 0.440509, -0.0, 0.0074, 0.994022, 0.10893, 0.3, -0.44386, -0.094349, 0.891115, 0.0, 0.0, 0.0, 0.0, 1.0],
                [0.896065, -0.054944, 0.440509, 0.0, 0.0074, 0.994022, 0.10893, 0.3, -0.44386, -0.094349, 0.891115, 0.0, 0.0, 0.0, 0.0, 1.0]
            ]
        },
        {
            "name": "Head",
            "time": [0.0, 0.2667, 0.3333, 0.4, 0.5833, 0.95],
            "transform": [
                [0.853111, 0.037721, 0.520365, -0.0, -0.006297, 0.998055, -0.062025, 0.4, -0.521692, 0.049637, 0.851689, -0.0, 0.0, 0.0, 0.0, 1.0],
                [0.073012, 0.384361, 0.920291, 0.0, 0.017476, 0.922119, -0.386511, 0.4, -0.997178, 0.044303, 0.060609, -0.0, 0.0, 0.0, 0.0, 1.0],
                [0.073012, 0.384361, 0.920291, 0.0, 0.017476, 0.922119, -0.386511, 0.4, -0.997178, 0.044303, 0.060609, -0.0, 0.0, 0.0, 0.0, 1.0],
                [0.906084, 0.158135, -0.392435, 0.0, -0.191718, 0.980293, -0.047636, 0.4, 0.377168, 0.118399, 0.918545, 0.0, 0.0, 0.0, 0.0, 1.0],
                [0.175436, 0.093454, -0.980045, 0.0, -0.330831, 0.94319, 0.030719, 0.4, 0.92724, 0.31884, 0.196387, 0.0, 0.0, 0.0, 0.0, 1.0],
                [0.175436, 0.093454, -0.980045, 0.0, -0.330831, 0.94319, 0.030719, 0.4, 0.92724, 0.31884, 0.196387, -0.0, 0.0, 0.0, 0.0, 1.0]
            ]
        },
        {
            "name": "Shoulder_R",
            "time": [0.0, 0.1333, 0.2667, 0.3333, 0.4, 0.5833, 0.95],
            "transform": [
                [0.110305, 0.959352, 0.259762, -0.0, 0.091141, -0.270019, 0.958532, 0.4, 0.98971, -0.082056, -0.11722, -0.0, 0.0, 0.0, 0.0, 1.0],
                [0.110305, 0.883723, 0.454826, 0.0, 0.091141, -0.464684, 0.880773, 0.4, 0.98971, -0.0557, -0.1318, -0.0, 0.0, 0.0, 0.0, 1.0],
                [0.110305, 0.883723, 0.454826, 0.0, 0.091141, -0.464684, 0.880774, 0.4, 0.98971, -0.0557, -0.1318, -0.0, 0.0, 0.0, 0.0, 1.0],
                [0.110305, 0.883723, 0.454826, 0.0, 0.091141, -0.464684, 0.880774, 0.4, 0.98971, -0.0557, -0.1318, -0.0, 0.0, 0.0, 0.0, 1.0],
                [0.18757, 0.871402, 0.453294, 0.0, 0.050106, -0.469372, 0.881578, 0.4, 0.980972, -0.142645, -0.131703, 0.0, 0.0, 0.0, 0.0, 1.0],
                [0.110305, 0.888691, 0.44504, 0.0, 0.091141, -0.45493, 0.885851, 0.4, 0.98971, -0.057152, -0.131177, 0.0, 0.0, 0.0, 0.0, 1.0],
                [0.110305, 0.888691, 0.44504, 0.0, 0.091141, -0.45493, 0.885851, 0.4, 0.98971, -0.057152, -0.131177, -0.0, 0.0, 0.0, 0.0, 1.0]
            ]
        },
        {
            "name": "Arm_R",
            "time": [0.0, 0.1333, 0.2667, 0.3333, 0.4, 0.5833, 0.95],
            "transform": [
                [0.043023, -0.059379, -0.997308, 0.0, 0.813119, 0.582097, 0.00042, 0.39386, 0.580505, -0.810948, 0.073326, 0.0, 0.0, 0.0, 0.0, 1.0],
                [0.073325, -0.000656, -0.997308, 0.0, 0.014654, 0.999893, 0.00042, 0.39386, 0.9972, -0.014646, 0.073326, 0.0, 0.0, 0.0, 0.0, 1.0],
                [0.026969, 0.129168, -0.991256, -0.0, 0.020748, 0.991331, 0.129743, 0.39386, 0.999421, -0.024066, 0.024055, 0.0, 0.0, 0.0, 0.0, 1.0],
                [0.026969, 0.129168, -0.991256, -0.0, 0.020748, 0.991331, 0.129743, 0.39386, 0.999421, -0.024066, 0.024055, 0.0, 0.0, 0.0, 0.0, 1.0],
                [0.102123, -0.843143, -0.527903, 0.0, -0.279993, 0.48486, -0.828562, 0.39386, 0.954555, 0.232424, -0.186558, -0.0, 0.0, 0.0, 0.0, 1.0],
                [0.991378, -0.096724, 0.088398, -0.0, 0.122701, 0.921991, -0.367256, 0.39386, -0.04598, 0.374936, 0.92591, -0.0, 0.0, 0.0, 0.0, 1.0],
                [0.991378, -0.096724, 0.088398, 0.0, 0.122701, 0.921991, -0.367256, 0.39386, -0.04598, 0.374936, 0.92591, -0.0, 0.0, 0.0, 0.0, 1.0]
            ]
        },
        {
            "name": "Hand_R",
            "time": [0.0, 0.1333, 0.2667, 0.3333, 0.4, 0.5833, 0.95],
            "transform": [
                [0.999998, -0.000848, 0.001614, -0.0, 0.000868, 0.999919, -0.012686, 0.3, -0.001603, 0.012688, 0.999918, 0.0, 0.0, 0.0, 0.0, 1.0],
                [0.999998, 5.5e-05, 0.001822, -0.0, 0.000868, 0.86453, -0.50258, 0.3, -0.001603, 0.502581, 0.864529, -0.0, 0.0, 0.0, 0.0, 1.0],
                [0.999998, 5.5e-05, 0.001822, 0.0, 0.000868, 0.86453, -0.50258, 0.3, -0.001603, 0.502581, 0.864529, 0.0, 0.0, 0.0, 0.0, 1.0],
                [0.999998, 5.5e-05, 0.001822, 0.0, 0.000868, 0.86453, -0.50258, 0.3, -0.001603, 0.502581, 0.864529, 0.0, 0.0, 0.0, 0.0, 1.0],
                [0.999998, -0.000962, 0.001549, 0.0, 0.000868, 0.998215, 0.059721, 0.3, -0.001603, -0.059719, 0.998214, -0.0, 0.0, 0.0, 0.0, 1.0],
                [0.999998, -0.000937, 0.001564, 0.0, 0.000868, 0.999038, 0.043853, 0.3, -0.001603, -0.043852, 0.999037, 0.0, 0.0, 0.0, 0.0, 1.0],
                [0.999998, -0.000937, 0.001564, -0.0, 0.000868, 0.999038, 0.043853, 0.3, -0.001603, -0.043852, 0.999037, 0.0, 0.0, 0.0, 0.0, 1.0]
            ]
        },
        {
            "name": "Tool_R",
            "time": [0.0, 0.1333, 0.2667, 0.3333, 0.4, 0.5833, 0.95],
            "transform": [
                [0.993314, -0.054493, -0.101777, 0.010704, -0.088154, -0.927265, -0.363881, 0.330594, -0.074502, 0.37019, -0.925324, 0.180402, 0.0, 0.0, 0.0, 1.0],
                [0.993316, -0.102362, -0.053331, 0.000547, -0.088126, -0.97099, 0.222289, 0.234243, -0.074495, -0.215986, -0.972942, 0.15897, 0.0, 0.0, 0.0, 1.0],
                [0.993317, -0.102362, -0.053331, 0.000547, -0.088126, -0.97099, 0.222289, 0.234243, -0.074495, -0.215986, -0.972942, 0.15897, 0.0, 0.0, 0.0, 1.0],
                [0.993317, -0.102362, -0.053331, 0.000547, -0.088126, -0.97099, 0.222289, 0.234243, -0.074495, -0.215986, -0.972942, 0.15897, 0.0, 0.0, 0.0, 1.0],
                [0.995681, 0.068933, -0.062197, -0.004773, -0.070883, 0.131715, -0.98875, 0.255311, -0.059931, 0.988304, 0.135941, 0.065814, 0.0, 0.0, 0.0, 1.0],
                [0.995479, 0.083422, 0.04542, -0.007072, 0.049709, -0.050081, -0.997507, 0.290336, -0.080891, 0.994665, -0.053981, 0.09379, 0.0, 0.0, 0.0, 1.0],
                [0.995479, 0.083422, 0.04542, -0.007072, 0.049709, -0.050081, -0.997507, 0.290337, -0.080891, 0.994665, -0.053981, 0.09379, 0.0, 0.0, 0.0, 1.0]
            ]
        },
        {
            "name": "Elbow_R",
            "time": [0.0, 0.1333, 0.2667, 0.3333, 0.5833, 0.95],
            "transform": [
                [-1.0, 0.0, -0.0, -0.0, 0.0, 0.0, -1.0, 0.429832, -0.0, -1.0, 0.0, 0.0, 0.0, 0.0, 0.0, 1.0],
                [-1.0, 0.0, -0.0, -0.0, 0.0, -0.0, -1.0, 0.316992, -0.0, -1.0, 0.0, -0.0, 0.0, 0.0, 0.0, 1.0],
                [-1.0, 0.0, -0.0, 0.0, 0.0, -0.0, -1.0, 0.316992, -0.0, -1.0, 0.0, 0.0, 0.0, 0.0, 0.0, 1.0],
                [-1.0, 0.0, -0.0, 0.0, 0.0, -0.0, -1.0, 0.316992, -0.0, -1.0, 0.0, 0.0, 0.0, 0.0, 0.0, 1.0],
                [-1.0, 0.0, -0.0, -0.0, 0.0, -0.0, -1.0, 0.316992, -0.0, -1.0, 0.0, 0.0, 0.0, 0.0, 0.0, 1.0],
                [-1.0, 0.0, -0.0, -0.0, 0.0, -0.0, -1.0, 0.316991, -0.0, -1.0, 0.0, 0.0, 0.0, 0.0, 0.0, 1.0]
            ]
        },
        {
            "name": "Shoulder_L",
            "time": [0.0, 0.2667, 0.3333, 0.5833, 0.95],
            "transform": [
                [-0.226937, -0.879834, -0.417602, -0.0, -0.021067, -0.424255, 0.905298, 0.4, -0.973681, 0.214243, 0.077744, -0.0, 0.0, 0.0, 0.0, 1.0],
                [-0.226937, -0.879834, -0.417602, 0.0, -0.021067, -0.424255, 0.905298, 0.4, -0.973681, 0.214243, 0.077744, -0.0, 0.0, 0.0, 0.0, 1.0],
                [-0.226937, -0.879834, -0.417602, 0.0, -0.021067, -0.424255, 0.905298, 0.4, -0.973681, 0.214243, 0.077744, -0.0, 0.0, 0.0, 0.0, 1.0],
                [-0.226937, -0.879834, -0.417602, 0.0, -0.021067, -0.424255, 0.905298, 0.4, -0.973681, 0.214243, 0.077744, 0.0, 0.0, 0.0, 0.0, 1.0],
                [-0.226937, -0.879834, -0.417602, 0.0, -0.021067, -0.424255, 0.905298, 0.4, -0.973681, 0.214243, 0.077744, -0.0, 0.0, 0.0, 0.0, 1.0]
            ]
        },
        {
            "name": "Arm_L",
            "time": [0.0, 0.1333, 0.2667, 0.3333, 0.5833, 0.95],
            "transform": [
                [0.036604, 0.052076, 0.997972, 0.0, -0.871994, 0.489475, 0.006442, 0.39386, -0.488147, -0.870461, 0.063327, -0.0, 0.0, 0.0, 0.0, 1.0],
                [0.045851, 0.044153, 0.997972, 0.0, -0.762825, 0.646572, 0.006442, 0.39386, -0.644977, -0.761574, 0.063327, -0.0, 0.0, 0.0, 0.0, 1.0],
                [0.066152, 0.043548, 0.996859, 0.0, -0.683789, 0.729554, 0.013506, 0.39386, -0.726675, -0.682535, 0.07804, -0.0, 0.0, 0.0, 0.0, 1.0],
                [0.066152, 0.043548, 0.996859, 0.0, -0.683789, 0.729554, 0.013506, 0.39386, -0.726675, -0.682535, 0.07804, -0.0, 0.0, 0.0, 0.0, 1.0],
                [0.066152, 0.043548, 0.996859, -0.0, -0.683789, 0.729554, 0.013506, 0.39386, -0.726675, -0.682535, 0.07804, 0.0, 0.0, 0.0, 0.0, 1.0],
                [0.066152, 0.043548, 0.996859, -0.0, -0.683789, 0.729554, 0.013506, 0.39386, -0.726675, -0.682535, 0.07804, 0.0, 0.0, 0.0, 0.0, 1.0]
            ]
        },
        {
            "name": "Hand_L",
            "time": [0.0, 0.2667, 0.3333, 0.5833, 0.95],
            "transform": [
                [0.999993, -0.001541, -0.00347, -0.0, 0.000938, 0.985901, -0.167329, 0.3, 0.003679, 0.167324, 0.985895, 0.0, 0.0, 0.0, 0.0, 1.0],
                [0.999993, -0.001541, -0.00347, 0.0, 0.000938, 0.985901, -0.167329, 0.3, 0.003679, 0.167324, 0.985895, -0.0, 0.0, 0.0, 0.0, 1.0],
                [0.999993, -0.001541, -0.00347, 0.0, 0.000938, 0.985901, -0.167329, 0.3, 0.003679, 0.167324, 0.985895, -0.0, 0.0, 0.0, 0.0, 1.0],
                [0.999993, -0.001541, -0.00347, -0.0, 0.000938, 0.985901, -0.167329, 0.3, 0.003679, 0.167324, 0.985895, 0.0, 0.0, 0.0, 0.0, 1.0],
                [0.999993, -0.001541, -0.00347, -0.0, 0.000938, 0.985901, -0.167329, 0.3, 0.003679, 0.167324, 0.985895, 0.0, 0.0, 0.0, 0.0, 1.0]
            ]
        },
        {
            "name": "Tool_L",
            "time": [0.0, 0.2667, 0.3333, 0.5833, 0.95],
            "transform": [
                [0.997004, 0.01104, -0.076554, -0.0, -0.036659, -0.804079, -0.593391, 0.272858, -0.068067, 0.594062, -0.8008, -0.0, 0.0, 0.0, 0.0, 1.0],
                [0.997004, 0.01104, -0.076554, 0.0, -0.036659, -0.804079, -0.593391, 0.272858, -0.068067, 0.594062, -0.8008, -0.0, 0.0, 0.0, 0.0, 1.0],
                [0.997004, 0.01104, -0.076554, 0.0, -0.036659, -0.804079, -0.593391, 0.272858, -0.068067, 0.594062, -0.8008, -0.0, 0.0, 0.0, 0.0, 1.0],
                [0.997004, 0.01104, -0.076554, 0.0, -0.036659, -0.804079, -0.593391, 0.272858, -0.068067, 0.594062, -0.8008, -0.0, 0.0, 0.0, 0.0, 1.0],
                [0.997004, 0.01104, -0.076554, 0.0, -0.036659, -0.804079, -0.593391, 0.272858, -0.068067, 0.594062, -0.8008, -0.0, 0.0, 0.0, 0.0, 1.0]
            ]
        },
        {
            "name": "Elbow_L",
            "time": [0.0, 0.1333, 0.2667, 0.3333, 0.5833, 0.95],
            "transform": [
                [-1.0, 0.0, -0.0, 2.7e-05, 0.0, -0.0, -1.0, 0.396148, -0.0, -1.0, -0.0, -0.002121, 0.0, 0.0, 0.0, 1.0],
                [-1.0, 0.0, -0.0, 2.7e-05, 0.0, -0.0, -1.0, 0.297755, -0.0, -1.0, -0.0, -0.002121, 0.0, 0.0, 0.0, 1.0],
                [-1.0, 0.0, -0.0, 2.7e-05, 0.0, -0.0, -1.0, 0.297755, -0.0, -1.0, -0.0, -0.002121, 0.0, 0.0, 0.0, 1.0],
                [-1.0, 0.0, -0.0, 2.7e-05, 0.0, -0.0, -1.0, 0.297755, -0.0, -1.0, -0.0, -0.002121, 0.0, 0.0, 0.0, 1.0],
                [-1.0, 0.0, -0.0, 2.7e-05, 0.0, -0.0, -1.0, 0.297755, -0.0, -1.0, -0.0, -0.002121, 0.0, 0.0, 0.0, 1.0],
                [-1.0, 0.0, -0.0, 2.7e-05, 0.0, -0.0, -1.0, 0.297755, -0.0, -1.0, -0.0, -0.002121, 0.0, 0.0, 0.0, 1.0]
            ]
        }
    ]
}