{
    "animation": [
        {
            "name": "Root",
            "time": [0.0, 0.1667, 0.5833, 0.7333, 0.9833, 1.1667],
            "transform": [
                [0.910684, -0.126523, 0.393252, -5e-06, 0.411881, 0.351286, -0.840805, 0.000946, -0.031763, 0.92768, 0.372022, 0.661651, 0.0, 0.0, 0.0, 1.0],
                [0.910684, -0.126523, 0.393252, -5e-06, 0.411881, 0.351286, -0.840805, 0.000946, -0.031763, 0.92768, 0.372022, 0.661651, 0.0, 0.0, 0.0, 1.0],
                [0.732097, -0.126523, 0.669347, -5e-06, 0.66411, 0.351286, -0.659967, 0.000946, -0.151631, 0.92768, 0.3412, 0.661651, 0.0, 0.0, 0.0, 1.0],
                [0.732097, -0.126523, 0.669347, -5e-06, 0.66411, 0.351286, -0.659967, 0.000946, -0.151631, 0.92768, 0.3412, 0.661651, 0.0, 0.0, 0.0, 1.0],
                [0.985902, -0.126523, -0.109497, -5e-06, -0.058699, 0.351286, -0.934427, 0.000946, 0.156691, 0.92768, 0.338906, 0.661651, 0.0, 0.0, 0.0, 1.0],
                [0.985902, -0.126523, -0.109497, -5e-06, -0.058699, 0.351286, -0.934427, 0.000946, 0.156691, 0.92768, 0.338906, 0.661651, 0.0, 0.0, 0.0, 1.0]
            ]
        },
        {
            "name": "Thigh_R",
            "time": [0.0, 0.1667, 0.5833, 0.7333, 0.9833, 1.1667],
            "transform": [
                [0.973736, 0.215836, 0.072465, 0.124994, 0.051884, -0.520263, 0.852428, -0.002831, 0.221686, -0.826278, -0.5178, -1.2e-05, 0.0, 0.0, 0.0, 1.0],
                [0.973736, 0.221939, 0.050788, 0.124994, 0.051884, -0.433509, 0.899654, -0.002831, 0.221686, -0.873389, -0.43364, -1.2e-05, 0.0, 0.0, 0.0, 1.0],
                [0.973736, 0.221939, 0.050788, 0.124994, 0.051884, -0.433509, 0.899654, -0.002831, 0.221686, -0.873389, -0.43364, -1.2e-05, 0.0, 0.0, 0.0, 1.0],
                [0.973736, 0.221939, 0.050788, 0.124994, 0.051884, -0.433509, 0.899654, -0.002831, 0.221686, -0.873389, -0.43364, -1.2e-05, 0.0, 0.0, 0.0, 1.0],
                [0.982593, -0.088324, 0.163427, 0.124994, -0.185175, -0.395517, 0.899598, -0.002831, -0.014818, -0.9142, -0.404989, -1.2e-05, 0.0, 0.0, 0.0, 1.0],
                [0.985994, -0.044737, 0.160669, 0.124994, -0.162784, -0.467762, 0.868734, -0.002831, 0.036291, -0.882719, -0.468494, -1.2e-05, 0.0, 0.0, 0.0, 1.0]
            ]
        },
        {
            "name": "Leg_R",
            "time": [0.0, 0.1667, 0.5833, 0.7333, 0.9833, 1.1667],
            "transform": [
                [1.0, -0.0, 1e-06, 0.0, -0.0, 0.898537, 0.438898, 0.37472, -1e-06, -0.438899, 0.898536, -0.0, 0.0, 0.0, 0.0, 1.0],
                [1.0, -0.0, 1e-06, -0.0, -0.0, 0.898537, 0.438898, 0.37472, -1e-06, -0.438899, 0.898536, 0.0, 0.0, 0.0, 0.0, 1.0],
                [1.0, 0.0, 1e-06, 0.0, -0.0, 0.898537, 0.438898, 0.37472, -1e-06, -0.438899, 0.898536, 0.0, 0.0, 0.0, 0.0, 1.0],
                [1.0, 0.0, 1e-06, 0.0, -0.0, 0.898537, 0.438898, 0.37472, -1e-06, -0.438899, 0.898536, 0.0, 0.0, 0.0, 0.0, 1.0],
                [1.0, -0.0, 1e-06, -0.0, -0.0, 0.898537, 0.438898, 0.37472, -1e-06, -0.438899, 0.898536, -0.0, 0.0, 0.0, 0.0, 1.0],
                [1.0, -0.0, 1e-06, -0.0, -0.0, 0.898537, 0.438899, 0.37472, -1e-06, -0.438899, 0.898536, -0.0, 0.0, 0.0, 0.0, 1.0]
            ]
        },
        {
            "name": "Knee_R",
            "time": [0.0, 0.1667, 0.5833, 0.7333, 0.9833, 1.1667],
            "transform": [
                [1.0, 0.0, -0.0, 0.0, -0.0, 1e-06, -1.0, 0.383077, -0.0, 1.0, 1e-06, -0.001653, 0.0, 0.0, 0.0, 1.0],
                [1.0, 0.0, -0.0, -0.0, -0.0, 1e-06, -1.0, 0.383077, -0.0, 1.0, 1e-06, -0.001653, 0.0, 0.0, 0.0, 1.0],
                [1.0, 0.0, -0.0, 0.0, -0.0, 1e-06, -1.0, 0.383077, -0.0, 1.0, 1e-06, -0.001653, 0.0, 0.0, 0.0, 1.0],
                [1.0, 0.0, -0.0, 0.0, -0.0, 1e-06, -1.0, 0.383077, -0.0, 1.0, 1e-06, -0.001653, 0.0, 0.0, 0.0, 1.0],
                [1.0, 0.0, -0.0, 0.0, -0.0, 1e-06, -1.0, 0.383077, -0.0, 1.0, 1e-06, -0.001653, 0.0, 0.0, 0.0, 1.0],
                [1.0, 0.0, -0.0, -0.0, -0.0, 1e-06, -1.0, 0.383077, -0.0, 1.0, 1e-06, -0.001653, 0.0, 0.0, 0.0, 1.0]
            ]
        },
        {
            "name": "Thigh_L",
            "time": [0.0, 0.1667, 0.5833, 0.7333, 0.9833, 1.1667],
            "transform": [
                [0.941485, -0.150217, 0.301727, -0.125006, -0.095372, -0.977338, -0.188983, -0.002831, 0.323278, 0.149149, -0.934476, -1.2e-05, 0.0, 0.0, 0.0, 1.0],
                [0.941485, -0.171773, 0.289998, -0.125006, -0.095372, -0.960997, -0.259593, -0.002831, 0.323278, 0.216746, -0.921147, -1.2e-05, 0.0, 0.0, 0.0, 1.0],
                [0.941485, -0.171773, 0.289998, -0.125006, -0.095372, -0.960997, -0.259593, -0.002831, 0.323278, 0.216746, -0.921147, -1.2e-05, 0.0, 0.0, 0.0, 1.0],
                [0.941485, -0.171773, 0.289998, -0.125006, -0.095372, -0.960997, -0.259593, -0.002831, 0.323278, 0.216746, -0.921147, -1.2e-05, 0.0, 0.0, 0.0, 1.0],
                [0.957558, -0.192184, -0.214818, -0.125006, -0.237221, -0.948795, -0.208598, -0.002831, -0.163729, 0.250705, -0.954117, -1.2e-05, 0.0, 0.0, 0.0, 1.0],
                [0.957558, -0.192184, -0.214818, -0.125006, -0.237221, -0.948795, -0.208598, -0.002831, -0.163729, 0.250705, -0.954117, -1.2e-05, 0.0, 0.0, 0.0, 1.0]
            ]
        },
        {
            "name": "Leg_L",
            "time": [0.0, 0.1667, 0.5833, 0.7333, 0.9833, 1.1667],
            "transform": [
                [1.0, -0.0, 1e-06, -0.0, -0.0, 0.968399, 0.249405, 0.37472, -1e-06, -0.249405, 0.9684, -0.0, 0.0, 0.0, 0.0, 1.0],
                [1.0, -0.0, 1e-06, 0.0, -0.0, 0.968399, 0.249405, 0.37472, -1e-06, -0.249405, 0.9684, 0.0, 0.0, 0.0, 0.0, 1.0],
                [1.0, -0.0, 1e-06, 0.0, -0.0, 0.968399, 0.249405, 0.37472, -1e-06, -0.249405, 0.9684, -0.0, 0.0, 0.0, 0.0, 1.0],
                [1.0, -0.0, 1e-06, 0.0, -0.0, 0.968399, 0.249405, 0.37472, -1e-06, -0.249405, 0.9684, -0.0, 0.0, 0.0, 0.0, 1.0],
                [1.0, -0.0, 1e-06, 0.0, -0.0, 0.968399, 0.249405, 0.37472, -1e-06, -0.249405, 0.9684, 0.0, 0.0, 0.0, 0.0, 1.0],
                [1.0, -0.0, 1e-06, 0.0, -0.0, 0.968399, 0.249405, 0.37472, -1e-06, -0.249405, 0.9684, 0.0, 0.0, 0.0, 0.0, 1.0]
            ]
        },
        {
            "name": "Knee_L",
            "time": [0.0, 0.1667, 0.5833, 0.7333, 0.9833, 1.1667],
            "transform": [
                [1.0, 0.0, -0.0, -0.0, -0.0, 1e-06, -1.0, 0.37472, -0.0, 1.0, 1e-06, -0.0, 0.0, 0.0, 0.0, 1.0],
                [1.0, 0.0, -0.0, 0.0, -0.0, 1e-06, -1.0, 0.37472, -0.0, 1.0, 1e-06, 0.0, 0.0, 0.0, 0.0, 1.0],
                [1.0, 0.0, -0.0, 0.0, -0.0, 1e-06, -1.0, 0.37472, -0.0, 1.0, 1e-06, -0.0, 0.0, 0.0, 0.0, 1.0],
                [1.0, 0.0, -0.0, 0.0, -0.0, 1e-06, -1.0, 0.37472, -0.0, 1.0, 1e-06, -0.0, 0.0, 0.0, 0.0, 1.0],
                [1.0, 0.0, -0.0, 0.0, -0.0, 1e-06, -1.0, 0.37472, -0.0, 1.0, 1e-06, 0.0, 0.0, 0.0, 0.0, 1.0],
                [1.0, 0.0, -0.0, 0.0, -0.0, 1e-06, -1.0, 0.37472, -0.0, 1.0, 1e-06, 0.0, 0.0, 0.0, 0.0, 1.0]
            ]
        },
        {
            "name": "Torso",
            "time": [0.0, 0.1667, 0.4, 0.5833, 0.7333, 0.9833, 1.1667],
            "transform": [
                [0.999835, -0.012129, -0.013542, -0.0, 0.013962, 0.98938, 0.144681, 0.05, 0.011643, -0.144846, 0.989386, 0.0, 0.0, 0.0, 0.0, 1.0],
                [0.999549, -0.010496, -0.028138, -0.0, 0.016034, 0.978737, 0.204489, 0.05, 0.025393, -0.204848, 0.978464, 0.0, 0.0, 0.0, 0.0, 1.0],
                [0.916794, -0.017296, 0.398986, -0.0, 0.035913, 0.998585, -0.039231, 0.05, -0.397742, 0.050296, 0.916118, 0.0, 0.0, 0.0, 0.0, 1.0],
                [0.825599, -0.074429, 0.559326, -0.0, 0.199457, 0.965761, -0.165899, 0.05, -0.527828, 0.248528, 0.812177, 0.0, 0.0, 0.0, 0.0, 1.0],
                [0.825599, -0.074429, 0.559326, -0.0, 0.199457, 0.965761, -0.165899, 0.05, -0.527828, 0.248528, 0.812177, 0.0, 0.0, 0.0, 0.0, 1.0],
                [0.97928, -0.074429, -0.188336, 0.0, 0.023716, 0.965761, -0.258347, 0.05, 0.201116, 0.248528, 0.947516, 0.0, 0.0, 0.0, 0.0, 1.0],
                [0.97928, -0.074429, -0.188336, 0.0, 0.023716, 0.965761, -0.258347, 0.05, 0.201116, 0.248528, 0.947516, 0.0, 0.0, 0.0, 0.0, 1.0]
            ]
        },
        {
            "name": "Chest",
            "time": [0.0, 0.1667, 0.4, 0.5833, 0.7333, 0.9833, 1.1667],
            "transform": [
                [0.887592, 0.025113, 0.459945, -0.0, -0.167788, 0.94754, 0.272057, 0.3, -0.428984, -0.318649, 0.845243, 0.0, 0.0, 0.0, 0.0, 1.0],
                [0.895287, 0.032301, 0.444318, -0.0, -0.20236, 0.91802, 0.341012, 0.3, -0.396878, -0.395215, 0.828428, -0.0, 0.0, 0.0, 0.0, 1.0],
                [0.700339, 0.152961, 0.697229, 0.0, -0.216164, 0.976352, 0.002933, 0.3, -0.680293, -0.15277, 0.716842, 0.0, 0.0, 0.0, 0.0, 1.0],
                [0.623983, 0.152961, 0.766321, 0.0, -0.215296, 0.976353, -0.019577, 0.3, -0.751194, -0.15277, 0.64216, -0.0, 0.0, 0.0, 0.0, 1.0],
                [0.447806, 0.152961, 0.88095, 0.0, -0.206286, 0.976353, -0.064666, 0.3, -0.870009, -0.15277, 0.46877, -0.0, 0.0, 0.0, 0.0, 1.0],
                [0.777535, 0.200148, -0.596137, 0.0, -0.025403, 0.957219, 0.288245, 0.3, 0.628326, -0.208978, 0.749357, -0.0, 0.0, 0.0, 0.0, 1.0],
                [0.776572, 0.166696, -0.607576, 0.0, 0.032666, 0.952412, 0.303058, 0.3, 0.629181, -0.255193, 0.734172, -0.0, 0.0, 0.0, 0.0, 1.0]
            ]
        },
        {
            "name": "Head",
            "time": [0.0, 0.1667, 0.4, 0.5833, 0.7333, 0.9833, 1.1667],
            "transform": [
                [0.608351, -0.0, -0.793668, 0.0, -0.019483, 0.999699, -0.014934, 0.4, 0.793429, 0.024548, 0.608168, 0.0, 0.0, 0.0, 0.0, 1.0],
                [0.608351, 0.0, -0.793668, -0.0, -0.019483, 0.999699, -0.014934, 0.4, 0.793429, 0.024548, 0.608168, -0.0, 0.0, 0.0, 0.0, 1.0],
                [0.608351, -0.0, -0.793668, -0.0, -0.019483, 0.999699, -0.014934, 0.4, 0.793429, 0.024548, 0.608168, 0.0, 0.0, 0.0, 0.0, 1.0],
                [0.608351, -0.0, -0.793668, 0.0, -0.019483, 0.999699, -0.014934, 0.4, 0.793429, 0.024548, 0.608168, 0.0, 0.0, 0.0, 0.0, 1.0],
                [0.608351, -0.0, -0.793668, 0.0, -0.019483, 0.999699, -0.014934, 0.4, 0.793429, 0.024548, 0.608168, -0.0, 0.0, 0.0, 0.0, 1.0],
                [0.526126, -0.0, 0.850406, 0.0, 0.020876, 0.999699, -0.012915, 0.4, -0.85015, 0.024548, 0.525968, -0.0, 0.0, 0.0, 0.0, 1.0],
                [0.526126, -0.0, 0.850407, 0.0, 0.020876, 0.999699, -0.012915, 0.4, -0.85015, 0.024548, 0.525968, -0.0, 0.0, 0.0, 0.0, 1.0]
            ]
        },
        {
            "name": "Shoulder_R",
            "time": [0.0, 0.1667, 0.5833, 0.7333, 0.9833, 1.1667],
            "transform": [
                [-0.004613, 0.899921, 0.436029, 0.0, 0.000526, -0.436031, 0.899931, 0.4, 0.999989, 0.004381, 0.001538, 0.0, 0.0, 0.0, 0.0, 1.0],
                [-0.004613, 0.899921, 0.436029, -0.0, 0.000526, -0.436031, 0.899931, 0.4, 0.999989, 0.004381, 0.001538, -0.0, 0.0, 0.0, 0.0, 1.0],
                [0.193895, 0.878796, 0.436029, 0.0, -0.095614, -0.425419, 0.899931, 0.4, 0.976352, -0.216183, 0.001538, 0.0, 0.0, 0.0, 0.0, 1.0],
                [0.193895, 0.878796, 0.436029, 0.0, -0.095614, -0.425419, 0.899931, 0.4, 0.976352, -0.216183, 0.001538, -0.0, 0.0, 0.0, 0.0, 1.0],
                [-0.004613, 0.899921, 0.436029, 0.0, 0.000526, -0.436031, 0.899931, 0.4, 0.999989, 0.004381, 0.001538, -0.0, 0.0, 0.0, 0.0, 1.0],
                [-0.004613, 0.899921, 0.436029, 0.0, 0.000526, -0.436031, 0.899931, 0.4, 0.999989, 0.004381, 0.001538, -0.0, 0.0, 0.0, 0.0, 1.0]
            ]
        },
        {
            "name": "Arm_R",
            "time": [0.0, 0.1667, 0.4, 0.5833, 0.7333, 0.9833, 1.1667],
            "transform": [
                [0.119659, -0.703074, -0.700977, 0.0, -0.359098, 0.627598, -0.690774, 0.393861, 0.925597, 0.334377, -0.177375, 0.0, 0.0, 0.0, 0.0, 1.0],
                [0.294623, -0.649483, -0.700977, -0.0, -0.506975, 0.515565, -0.690774, 0.39386, 0.810045, 0.558896, -0.177375, 0.0, 0.0, 0.0, 0.0, 1.0],
                [0.119658, -0.986335, -0.113247, -0.0, -0.359098, 0.063346, -0.931148, 0.39386, 0.925597, 0.152087, -0.346611, -0.0, 0.0, 0.0, 0.0, 1.0],
                [0.119658, -0.936652, -0.329188, 0.0, -0.359098, 0.268289, -0.893907, 0.393861, 0.925597, 0.225174, -0.304247, 0.0, 0.0, 0.0, 0.0, 1.0],
                [0.119658, -0.992675, -0.016721, 0.0, -0.359098, -0.027572, -0.932893, 0.393861, 0.925597, 0.117633, -0.359767, 0.0, 0.0, 0.0, 0.0, 1.0],
                [0.119658, -0.22957, -0.965909, 0.0, -0.359098, 0.897022, -0.257683, 0.393861, 0.925597, 0.37769, 0.024898, 0.0, 0.0, 0.0, 0.0, 1.0],
                [0.078847, -0.246584, -0.965909, 0.0, -0.201213, 0.945046, -0.257683, 0.393861, 0.976369, 0.214671, 0.024898, -0.0, 0.0, 0.0, 0.0, 1.0]
            ]
        },
        {
            "name": "Hand_R",
            "time": [0.0, 0.1667, 0.4, 0.5833, 0.7333, 0.9833, 1.1667],
            "transform": [
                [1.0, -0.0, -0.0, 0.0, 0.0, 0.999957, -0.009275, 0.3, 0.0, 0.009275, 0.999957, -0.0, 0.0, 0.0, 0.0, 1.0],
                [1.0, -0.0, -0.0, 0.0, 0.0, 0.999957, -0.009275, 0.3, 0.0, 0.009275, 0.999957, -0.0, 0.0, 0.0, 0.0, 1.0],
                [1.0, -0.0, 0.0, -0.0, 0.0, 0.970749, -0.240096, 0.3, 0.0, 0.240096, 0.970749, 0.0, 0.0, 0.0, 0.0, 1.0],
                [1.0, -0.0, 0.0, -0.0, 0.0, 0.904053, -0.427421, 0.3, 0.0, 0.427421, 0.904053, -0.0, 0.0, 0.0, 0.0, 1.0],
                [1.0, -0.0, 0.0, 0.0, 0.0, 0.904053, -0.427421, 0.3, 0.0, 0.42742, 0.904053, -0.0, 0.0, 0.0, 0.0, 1.0],
                [1.0, -0.0, -0.0, 0.0, 0.0, 0.996496, 0.083639, 0.3, 0.0, -0.083639, 0.996496, -0.0, 0.0, 0.0, 0.0, 1.0],
                [1.0, -0.0, -0.0, -0.0, 0.0, 0.996496, 0.083639, 0.3, 0.0, -0.083639, 0.996496, -0.0, 0.0, 0.0, 0.0, 1.0]
            ]
        },
        {
            "name": "Tool_R",
            "time": [0.0, 0.1667, 0.2833, 0.5833, 0.7333, 0.9833, 1.1667],
            "transform": [
                [1.0, -0.0, 0.0, -0.0, 0.0, 0.071814, -0.997418, 0.272858, 0.0, 0.996828, 0.071761, 0.0, 0.0, 0.0, 0.0, 1.0],
                [1.0, -0.0, 0.0, -0.0, 0.0, 0.071814, -0.997418, 0.272858, 0.0, 0.996828, 0.071761, 0.0, 0.0, 0.0, 0.0, 1.0],
                [1.0, 0.0, -0.0, 0.0, 0.0, 0.92784, -0.372979, 0.272858, 0.0, 0.372768, 0.927287, -0.0, 0.0, 0.0, 0.0, 1.0],
                [1.0, -0.0, -0.0, -0.0, -0.0, -0.97459, -0.223998, 0.272858, -0.0, 0.223855, -0.974015, 0.0, 0.0, 0.0, 0.0, 1.0],
                [1.0, -0.0, -0.0, -0.0, -0.0, -0.97459, -0.223998, 0.272858, -0.0, 0.223855, -0.974015, 0.0, 0.0, 0.0, 0.0, 1.0],
                [1.0, -0.0, -0.0, -0.0, -0.0, -0.800623, -0.599169, 0.272858, -0.0, 0.598806, -0.800155, -0.0, 0.0, 0.0, 0.0, 1.0],
                [1.0, -0.0, -0.0, -0.0, -0.0, -0.800623, -0.599169, 0.272858, -0.0, 0.598806, -0.800155, 0.0, 0.0, 0.0, 0.0, 1.0]
            ]
        },
        {
            "name": "Elbow_R",
            "time": [0.0, 0.1667, 0.5833, 0.7333, 0.9833, 1.1667],
            "transform": [
                [-1.0, 0.0, 0.0, 0.0, 0.0, 0.36455, -0.931184, 0.3, -0.0, -0.931184, -0.36455, -0.0, 0.0, 0.0, 0.0, 1.0],
                [-1.0, 0.0, 0.0, 0.0, -0.0, 0.36455, -0.931184, 0.3, -0.0, -0.931184, -0.36455, -0.0, 0.0, 0.0, 0.0, 1.0],
                [-1.0, 0.0, 0.0, -0.0, -0.0, 0.36455, -0.931184, 0.3, -0.0, -0.931184, -0.36455, -0.0, 0.0, 0.0, 0.0, 1.0],
                [-1.0, 0.0, 0.0, 0.0, 0.0, 0.36455, -0.931184, 0.3, -0.0, -0.931184, -0.36455, -0.0, 0.0, 0.0, 0.0, 1.0],
                [-1.0, 0.0, 0.0, 0.0, -0.0, 0.36455, -0.931184, 0.3, -0.0, -0.931184, -0.36455, -0.0, 0.0, 0.0, 0.0, 1.0],
                [-1.0, 0.0, 0.0, -0.0, -0.0, 0.36455, -0.931184, 0.3, -0.0, -0.931184, -0.36455, -0.0, 0.0, 0.0, 0.0, 1.0]
            ]
        },
        {
            "name": "Shoulder_L",
            "time": [0.0, 0.1667, 0.5833, 0.7333, 0.9833, 1.1667],
            "transform": [
                [-0.194097, -0.878877, -0.435778, 0.0, -0.095645, -0.425155, 0.900053, 0.4, -0.976308, 0.216378, -0.001539, 0.0, 0.0, 0.0, 0.0, 1.0],
                [-0.194097, -0.878877, -0.435778, -0.0, -0.095645, -0.425155, 0.900053, 0.4, -0.976309, 0.216378, -0.001539, -0.0, 0.0, 0.0, 0.0, 1.0],
                [-0.194097, -0.878877, -0.435778, 0.0, -0.095645, -0.425155, 0.900053, 0.4, -0.976309, 0.216378, -0.001539, 0.0, 0.0, 0.0, 0.0, 1.0],
                [-0.194097, -0.878877, -0.435778, 0.0, -0.095645, -0.425155, 0.900053, 0.4, -0.976308, 0.216378, -0.001539, -0.0, 0.0, 0.0, 0.0, 1.0],
                [-0.248442, -0.865086, -0.435778, 0.0, -0.12193, -0.418375, 0.900053, 0.4, -0.960942, 0.276745, -0.001539, -0.0, 0.0, 0.0, 0.0, 1.0],
                [-0.248442, -0.865086, -0.435778, 0.0, -0.121931, -0.418375, 0.900053, 0.4, -0.960942, 0.276745, -0.001539, -0.0, 0.0, 0.0, 0.0, 1.0]
            ]
        },
        {
            "name": "Arm_L",
            "time": [0.0, 0.1667, 0.4, 0.5833, 0.7333, 0.9833, 1.1667],
            "transform": [
                [0.338143, 0.271606, 0.901049, -0.0, -0.101193, 0.96239, -0.252121, 0.39386, -0.935638, -0.005926, 0.35291, -0.0, 0.0, 0.0, 0.0, 1.0],
                [0.338143, 0.271606, 0.901049, 0.0, -0.101193, 0.96239, -0.252121, 0.39386, -0.935638, -0.005926, 0.35291, -0.0, 0.0, 0.0, 0.0, 1.0],
                [0.053341, 0.430425, 0.901049, -0.0, -0.743092, 0.619878, -0.252121, 0.39386, -0.66706, -0.656114, 0.35291, -0.0, 0.0, 0.0, 0.0, 1.0],
                [0.053341, 0.430425, 0.901049, -0.0, -0.743092, 0.619878, -0.252121, 0.39386, -0.66706, -0.656114, 0.35291, 0.0, 0.0, 0.0, 0.0, 1.0],
                [0.053341, 0.430425, 0.901049, -0.0, -0.743092, 0.619878, -0.252121, 0.39386, -0.66706, -0.656114, 0.35291, -0.0, 0.0, 0.0, 0.0, 1.0],
                [0.053341, 0.430425, 0.901049, 0.0, -0.743092, 0.619878, -0.252121, 0.39386, -0.66706, -0.656114, 0.35291, -0.0, 0.0, 0.0, 0.0, 1.0],
                [0.09613, 0.452318, 0.886661, 0.0, -0.699245, 0.664647, -0.26325, 0.39386, -0.708389, -0.594687, 0.380174, 0.0, 0.0, 0.0, 0.0, 1.0]
            ]
        },
        {
            "name": "Hand_L",
            "time": [0.0, 0.1667, 0.5833, 0.7333, 0.9833, 1.1667],
            "transform": [
                [1.0, 0.0, 0.0, 0.0, -0.0, 0.908319, -0.418279, 0.3, -0.0, 0.418279, 0.908319, -0.0, 0.0, 0.0, 0.0, 1.0],
                [1.0, 0.0, 0.0, -0.0, -0.0, 0.908319, -0.418279, 0.3, -0.0, 0.418279, 0.908319, 0.0, 0.0, 0.0, 0.0, 1.0],
                [1.0, 0.0, 0.0, -0.0, -0.0, 0.908319, -0.418279, 0.3, -0.0, 0.418279, 0.908319, 0.0, 0.0, 0.0, 0.0, 1.0],
                [1.0, 0.0, 0.0, -0.0, -0.0, 0.908319, -0.418279, 0.3, -0.0, 0.418279, 0.908319, 0.0, 0.0, 0.0, 0.0, 1.0],
                [1.0, 0.0, 0.0, 0.0, -0.0, 0.908319, -0.418279, 0.3, -0.0, 0.418279, 0.908319, 0.0, 0.0, 0.0, 0.0, 1.0],
                [1.0, 0.0, 0.0, 0.0, -0.0, 0.908319, -0.418279, 0.3, -0.0, 0.418279, 0.908319, 0.0, 0.0, 0.0, 0.0, 1.0]
            ]
        },
        {
            "name": "Tool_L",
            "time": [0.0, 0.1667, 0.5833, 0.7333, 0.9833, 1.1667],
            "transform": [
                [1.0, 0.0, 0.0, 0.0, 0.0, -0.999836, 0.018122, 0.272858, 0.0, -0.018122, -0.999247, 0.0, 0.0, 0.0, 0.0, 1.0],
                [1.0, 0.0, 0.0, 0.0, 0.0, -0.999836, 0.018122, 0.272858, 0.0, -0.018122, -0.999247, 0.0, 0.0, 0.0, 0.0, 1.0],
                [1.0, 0.0, 0.0, 0.0, 0.0, -0.999836, 0.018122, 0.272858, 0.0, -0.018122, -0.999247, -0.0, 0.0, 0.0, 0.0, 1.0],
                [1.0, 0.0, 0.0, 0.0, 0.0, -0.999836, 0.018122, 0.272858, 0.0, -0.018122, -0.999247, 0.0, 0.0, 0.0, 0.0, 1.0],
                [1.0, 0.0, 0.0, 0.0, 0.0, -0.999836, 0.018122, 0.272858, 0.0, -0.018122, -0.999248, 0.0, 0.0, 0.0, 0.0, 1.0],
                [1.0, 0.0, 0.0, 0.0, 0.0, -0.999836, 0.018122, 0.272858, 0.0, -0.018122, -0.999248, 0.0, 0.0, 0.0, 0.0, 1.0]
            ]
        },
        {
            "name": "Elbow_L",
            "time": [0.0, 0.1667, 0.5833, 0.7333, 0.9833, 1.1667],
            "transform": [
                [-1.0, 0.0, -0.0, 0.0, 0.0, 0.31776, -0.948171, 0.3, -0.0, -0.948171, -0.31776, -0.0, 0.0, 0.0, 0.0, 1.0],
                [-1.0, 0.0, 0.0, -0.0, 0.0, 0.31776, -0.948171, 0.3, -0.0, -0.948171, -0.31776, 0.0, 0.0, 0.0, 0.0, 1.0],
                [-1.0, 0.0, 0.0, -0.0, 0.0, 0.31776, -0.948171, 0.3, -0.0, -0.948171, -0.31776, 0.0, 0.0, 0.0, 0.0, 1.0],
                [-1.0, 0.0, 0.0, -0.0, 0.0, 0.31776, -0.948171, 0.3, -0.0, -0.948171, -0.31776, 0.0, 0.0, 0.0, 0.0, 1.0],
                [-1.0, 0.0, -0.0, 0.0, 0.0, 0.31776, -0.948171, 0.3, -0.0, -0.948171, -0.31776, 0.0, 0.0, 0.0, 0.0, 1.0],
                [-1.0, 0.0, -0.0, 0.0, 0.0, 0.31776, -0.948171, 0.3, -0.0, -0.948171, -0.31776, 0.0, 0.0, 0.0, 0.0, 1.0]
            ]
        }
    ]
}