{
    "animation": [
        {
            "name": "Root",
            "time": [0.0, 0.1, 0.3, 0.3667, 0.7167, 0.8, 0.8833, 1.2667, 1.5667, 1.85],
            "transform": [
                [0.898622, 0.0, -0.438723, -5e-06, -0.438723, 0.0, -0.898622, -0.013229, 0.0, 1.0, 0.0, 0.622968, 0.0, 0.0, 0.0, 1.0],
                [0.765978, -0.114913, -0.632513, -0.085856, -0.642457, -0.171957, -0.746779, -0.565974, -0.02295, 0.978379, -0.205542, 0.708887, 0.0, 0.0, 0.0, 1.0],
                [0.726744, -0.148708, -0.670618, -0.106967, -0.685956, -0.208497, -0.697132, -0.72897, -0.036153, 0.966651, -0.253531, 0.730015, 0.0, 0.0, 0.0, 1.0],
                [0.726744, -0.148708, -0.670618, -0.106967, -0.685956, -0.208497, -0.697132, -0.72897, -0.036153, 0.966651, -0.253531, 0.730015, 0.0, 0.0, 0.0, 1.0],
                [0.981852, 0.030209, 0.187228, -0.063493, 0.155058, 0.440561, -0.88423, -0.100585, -0.109197, 0.897214, 0.427882, 0.570026, 0.0, 0.0, 0.0, 1.0],
                [0.982038, 0.030488, 0.186203, -0.063493, 0.154054, 0.440243, -0.884564, -0.099983, -0.108943, 0.897361, 0.427638, 0.548738, 0.0, 0.0, 0.0, 1.0],
                [0.981852, 0.030209, 0.187228, -0.063493, 0.155058, 0.440561, -0.88423, -0.100585, -0.109197, 0.897214, 0.427882, 0.570026, 0.0, 0.0, 0.0, 1.0],
                [0.086468, -0.188322, 0.978293, 0.031169, 0.996214, 0.025223, -0.083196, -0.285921, -0.009008, 0.981783, 0.18979, 0.713109, 0.0, 0.0, 0.0, 1.0],
                [0.086468, -0.188322, 0.978293, 0.031169, 0.996214, 0.025223, -0.083196, -0.285921, -0.009008, 0.981783, 0.18979, 0.713109, 0.0, 0.0, 0.0, 1.0],
                [0.854689, 0.0, -0.51914, -5e-06, -0.51914, 0.0, -0.854689, 0.000946, 0.0, 1.0, 0.0, 0.743765, 0.0, 0.0, 0.0, 1.0]
            ]
        },
        {
            "name": "Thigh_R",
            "time": [0.0, 0.1, 0.3, 0.3667, 0.7167, 0.8, 0.8833, 1.0167, 1.2667, 1.5667, 1.85],
            "transform": [
                [0.952522, 0.281894, -0.115052, 0.124994, 0.224498, -0.905523, -0.360035, -0.002831, -0.205674, 0.317113, -0.925817, -1.2e-05, 0.0, 0.0, 0.0, 1.0],
                [0.983505, 0.083866, -0.160261, 0.124994, 0.047694, -0.974895, -0.217488, -0.002831, -0.174477, 0.206257, -0.962817, -1.2e-05, 0.0, 0.0, 0.0, 1.0],
                [0.985428, 0.033789, -0.166703, 0.124994, 0.003151, -0.983527, -0.180725, -0.002831, -0.170064, 0.177566, -0.969303, -1.2e-05, 0.0, 0.0, 0.0, 1.0],
                [0.985428, 0.033789, -0.166703, 0.124994, 0.003151, -0.983527, -0.180725, -0.002831, -0.170064, 0.177566, -0.969303, -1.2e-05, 0.0, 0.0, 0.0, 1.0],
                [0.97676, -0.010669, 0.214069, 0.124994, 0.012431, -0.994257, -0.106271, -0.002831, 0.213974, 0.106462, -0.971021, -1.2e-05, 0.0, 0.0, 0.0, 1.0],
                [0.97676, -0.020533, 0.213349, 0.124994, 0.012431, -0.988297, -0.152023, -0.002831, 0.213974, 0.151142, -0.965076, -1.2e-05, 0.0, 0.0, 0.0, 1.0],
                [0.97676, -0.010669, 0.214069, 0.124994, 0.012431, -0.994257, -0.106271, -0.002831, 0.213974, 0.106462, -0.971021, -1.2e-05, 0.0, 0.0, 0.0, 1.0],
                [0.890522, 0.36849, 0.266804, 0.124994, 0.029089, -0.631378, 0.774928, -0.002831, 0.454008, -0.682328, -0.572977, -1.2e-05, 0.0, 0.0, 0.0, 1.0],
                [0.713891, 0.292913, 0.636051, 0.124994, -0.040967, -0.889284, 0.455513, -0.002831, 0.699057, -0.351243, -0.622854, -1.2e-05, 0.0, 0.0, 0.0, 1.0],
                [0.713891, 0.292913, 0.636051, 0.124994, -0.040967, -0.889284, 0.455513, -0.002831, 0.699057, -0.351243, -0.622854, -1.2e-05, 0.0, 0.0, 0.0, 1.0],
                [0.992811, 0.11785, -0.020883, 0.124994, 0.118536, -0.992318, 0.035348, -0.002831, -0.016557, -0.037569, -0.999157, -1.2e-05, 0.0, 0.0, 0.0, 1.0]
            ]
        },
        {
            "name": "Leg_R",
            "time": [0.0, 0.1, 0.3, 0.3667, 0.7167, 0.8, 0.8833, 1.0167, 1.2667, 1.5667, 1.85],
            "transform": [
                [1.0, -1e-06, 1e-06, 0.0, 0.0, 0.859626, 0.510924, 0.37472, -1e-06, -0.510925, 0.859625, 0.0, 0.0, 0.0, 0.0, 1.0],
                [1.0, -1e-06, 1e-06, -0.0, 0.0, 0.859626, 0.510924, 0.37472, -1e-06, -0.510925, 0.859625, -0.0, 0.0, 0.0, 0.0, 1.0],
                [1.0, -1e-06, 1e-06, 0.0, 0.0, 0.859626, 0.510924, 0.37472, -1e-06, -0.510925, 0.859625, 0.0, 0.0, 0.0, 0.0, 1.0],
                [1.0, -1e-06, 1e-06, 0.0, 0.0, 0.859626, 0.510924, 0.37472, -1e-06, -0.510925, 0.859625, 0.0, 0.0, 0.0, 0.0, 1.0],
                [1.0, -0.0, 1e-06, 0.0, 0.0, 0.937624, 0.347652, 0.37472, -1e-06, -0.347653, 0.937623, -0.0, 0.0, 0.0, 0.0, 1.0],
                [1.0, -0.0, 1e-06, 0.0, 0.0, 0.937624, 0.347652, 0.37472, -1e-06, -0.347653, 0.937623, -0.0, 0.0, 0.0, 0.0, 1.0],
                [1.0, -0.0, 1e-06, 0.0, 0.0, 0.937624, 0.347652, 0.37472, -1e-06, -0.347653, 0.937623, -0.0, 0.0, 0.0, 0.0, 1.0],
                [1.0, -1e-06, 0.0, -0.0, 0.0, 0.216498, 0.976282, 0.37472, -1e-06, -0.976284, 0.216498, -0.0, 0.0, 0.0, 0.0, 1.0],
                [1.0, -0.0, 1e-06, 0.0, 0.0, 0.937624, 0.347652, 0.37472, -1e-06, -0.347653, 0.937623, -0.0, 0.0, 0.0, 0.0, 1.0],
                [1.0, -0.0, 1e-06, 0.0, 0.0, 0.937624, 0.347652, 0.37472, -1e-06, -0.347653, 0.937623, -0.0, 0.0, 0.0, 0.0, 1.0],
                [1.0, -0.0, 1e-06, -0.0, 0.0, 0.997612, 0.069073, 0.37472, -1e-06, -0.069073, 0.997611, -0.0, 0.0, 0.0, 0.0, 1.0]
            ]
        },
        {
            "name": "Knee_R",
            "time": [0.0, 0.1, 0.3, 0.3667, 0.7167, 0.8, 0.8833, 1.2667, 1.5667, 1.85],
            "transform": [
                [1.0, 0.0, -0.0, 0.0, -0.0, 1e-06, -1.0, 0.37472, -0.0, 1.0, 1e-06, 0.0, 0.0, 0.0, 0.0, 1.0],
                [1.0, 0.0, -0.0, -0.0, -0.0, 1e-06, -1.0, 0.37472, -0.0, 1.0, 1e-06, -0.0, 0.0, 0.0, 0.0, 1.0],
                [1.0, -0.0, -0.0, 0.0, -0.0, 1e-06, -1.0, 0.37472, -0.0, 1.0, 1e-06, 0.0, 0.0, 0.0, 0.0, 1.0],
                [1.0, -0.0, -0.0, 0.0, -0.0, 1e-06, -1.0, 0.37472, -0.0, 1.0, 1e-06, 0.0, 0.0, 0.0, 0.0, 1.0],
                [1.0, 0.0, -0.0, 0.0, -0.0, 1e-06, -1.0, 0.37472, -0.0, 1.0, 1e-06, -0.0, 0.0, 0.0, 0.0, 1.0],
                [1.0, 0.0, -0.0, 0.0, -0.0, 1e-06, -1.0, 0.37472, -0.0, 1.0, 1e-06, -0.0, 0.0, 0.0, 0.0, 1.0],
                [1.0, 0.0, -0.0, 0.0, -0.0, 1e-06, -1.0, 0.37472, -0.0, 1.0, 1e-06, -0.0, 0.0, 0.0, 0.0, 1.0],
                [1.0, 0.0, -0.0, 0.0, -0.0, 1e-06, -1.0, 0.37472, -0.0, 1.0, 1e-06, -0.0, 0.0, 0.0, 0.0, 1.0],
                [1.0, 0.0, -0.0, 0.0, -0.0, 1e-06, -1.0, 0.37472, -0.0, 1.0, 1e-06, -0.0, 0.0, 0.0, 0.0, 1.0],
                [1.0, 0.0, -0.0, -0.0, -0.0, 1e-06, -1.0, 0.37472, -0.0, 1.0, 1e-06, -0.0, 0.0, 0.0, 0.0, 1.0]
            ]
        },
        {
            "name": "Thigh_L",
            "time": [0.0, 0.1, 0.3, 0.3667, 0.45, 0.7167, 0.8, 0.8833, 1.0167, 1.2667, 1.5667, 1.85],
            "transform": [
                [0.866338, -0.372354, -0.33288, -0.125006, 0.004035, -0.661246, 0.750158, -0.002831, -0.49944, -0.651234, -0.571361, -1.2e-05, 0.0, 0.0, 0.0, 1.0],
                [0.782029, -0.478442, -0.399405, -0.125006, -0.178273, -0.785795, 0.592236, -0.002831, -0.597201, -0.391943, -0.699808, -1.2e-05, 0.0, 0.0, 0.0, 1.0],
                [0.758394, -0.499041, -0.41928, -0.125006, -0.22577, -0.804576, 0.549258, -0.002831, -0.611445, -0.321893, -0.722855, -1.2e-05, 0.0, 0.0, 0.0, 1.0],
                [0.758394, -0.499041, -0.41928, -0.125006, -0.22577, -0.804576, 0.549258, -0.002831, -0.611445, -0.321893, -0.722855, -1.2e-05, 0.0, 0.0, 0.0, 1.0],
                [0.983845, -0.097576, 0.150086, -0.125006, -0.178124, -0.449996, 0.875086, -0.002831, -0.017849, -0.887684, -0.460108, -1.2e-05, 0.0, 0.0, 0.0, 1.0],
                [0.980494, 0.17338, 0.09257, -0.125006, -0.057657, -0.196529, 0.978801, -0.002831, 0.187897, -0.965047, -0.1827, -1.2e-05, 0.0, 0.0, 0.0, 1.0],
                [0.980494, 0.174645, 0.090159, -0.125006, -0.057657, -0.182951, 0.98143, -0.002831, 0.187897, -0.967485, -0.169313, -1.2e-05, 0.0, 0.0, 0.0, 1.0],
                [0.980494, 0.17338, 0.09257, -0.125006, -0.057657, -0.196529, 0.978801, -0.002831, 0.187897, -0.965047, -0.1827, -1.2e-05, 0.0, 0.0, 0.0, 1.0],
                [0.999662, -0.014789, 0.021354, -0.125006, -0.024255, -0.825648, 0.563663, -0.002831, 0.009295, -0.563991, -0.825729, -1.2e-05, 0.0, 0.0, 0.0, 1.0],
                [0.975696, -0.166323, -0.142666, -0.125006, -0.080807, -0.87828, 0.47127, -0.002831, -0.203684, -0.448287, -0.870374, -1.2e-05, 0.0, 0.0, 0.0, 1.0],
                [0.975696, -0.166323, -0.142666, -0.125006, -0.080807, -0.87828, 0.47127, -0.002831, -0.203684, -0.448287, -0.870374, -1.2e-05, 0.0, 0.0, 0.0, 1.0],
                [0.869242, -0.05516, -0.491298, -0.125006, -0.021407, -0.997024, 0.074063, -0.002831, -0.493921, -0.053862, -0.867837, -1.2e-05, 0.0, 0.0, 0.0, 1.0]
            ]
        },
        {
            "name": "Leg_L",
            "time": [0.0, 0.1, 0.3, 0.3667, 0.7167, 0.8, 0.8833, 1.0167, 1.2667, 1.5667, 1.85],
            "transform": [
                [0.999877, -0.0146, -0.005697, 0.0, 0.012447, 0.518957, 0.85471, 0.37472, -0.009522, -0.854675, 0.519075, 0.0, 0.0, 0.0, 0.0, 1.0],
                [0.999877, -0.015575, 0.001742, -0.0, 0.012447, 0.856759, 0.515566, 0.37472, -0.009522, -0.51548, 0.856849, -0.0, 0.0, 0.0, 0.0, 1.0],
                [0.999877, -0.015262, 0.00356, -0.0, 0.012447, 0.911409, 0.411312, 0.37472, -0.009522, -0.411217, 0.911488, 0.0, 0.0, 0.0, 0.0, 1.0],
                [0.999877, -0.015262, 0.00356, -0.0, 0.012447, 0.911409, 0.411312, 0.37472, -0.009522, -0.411217, 0.911488, 0.0, 0.0, 0.0, 0.0, 1.0],
                [0.999877, -0.015667, 0.000392, 0.0, 0.012447, 0.809111, 0.587524, 0.37472, -0.009522, -0.587447, 0.809207, -0.0, 0.0, 0.0, 0.0, 1.0],
                [0.999877, -0.015667, 0.000392, -0.0, 0.012447, 0.80911, 0.587525, 0.37472, -0.009522, -0.587447, 0.809207, -0.0, 0.0, 0.0, 0.0, 1.0],
                [0.999877, -0.015667, 0.000392, 0.0, 0.012447, 0.809111, 0.587524, 0.37472, -0.009522, -0.587447, 0.809207, -0.0, 0.0, 0.0, 0.0, 1.0],
                [0.999877, -0.01441, 0.00616, 0.0, 0.012447, 0.969059, 0.246513, 0.37472, -0.009522, -0.246405, 0.96912, -0.0, 0.0, 0.0, 0.0, 1.0],
                [0.999877, -0.01441, 0.00616, -0.0, 0.012447, 0.969059, 0.246513, 0.37472, -0.009522, -0.246405, 0.96912, -0.0, 0.0, 0.0, 0.0, 1.0],
                [0.999877, -0.01441, 0.00616, -0.0, 0.012447, 0.969059, 0.246513, 0.37472, -0.009522, -0.246405, 0.96912, -0.0, 0.0, 0.0, 0.0, 1.0],
                [0.999989, -0.003452, -0.00313, -0.0, 0.003782, 0.993653, 0.112423, 0.37472, 0.002722, -0.112434, 0.993656, 0.0, 0.0, 0.0, 0.0, 1.0]
            ]
        },
        {
            "name": "Knee_L",
            "time": [0.0, 0.1, 0.3, 0.3667, 0.7167, 0.8, 0.8833, 1.2667, 1.5667, 1.85],
            "transform": [
                [1.0, -0.0, -0.0, 0.0, -0.0, 0.143771, -0.989611, 0.37472, 0.0, 0.989611, 0.143771, 0.0, 0.0, 0.0, 0.0, 1.0],
                [1.0, -0.0, -0.0, -0.0, -0.0, 0.143771, -0.989611, 0.37472, 0.0, 0.989611, 0.143771, -0.0, 0.0, 0.0, 0.0, 1.0],
                [1.0, -0.0, -0.0, -0.0, -0.0, 0.143772, -0.989611, 0.37472, 0.0, 0.989611, 0.143771, 0.0, 0.0, 0.0, 0.0, 1.0],
                [1.0, -0.0, -0.0, -0.0, -0.0, 0.143772, -0.989611, 0.37472, 0.0, 0.989611, 0.143771, 0.0, 0.0, 0.0, 0.0, 1.0],
                [1.0, 0.0, -0.0, 0.0, -0.0, 0.646483, -0.762929, 0.37472, -0.0, 0.762929, 0.646483, -0.0, 0.0, 0.0, 0.0, 1.0],
                [1.0, 0.0, -0.0, -0.0, -0.0, 0.646483, -0.762928, 0.37472, -0.0, 0.762928, 0.646483, -0.0, 0.0, 0.0, 0.0, 1.0],
                [1.0, 0.0, -0.0, 0.0, -0.0, 0.646483, -0.762929, 0.37472, -0.0, 0.762929, 0.646483, -0.0, 0.0, 0.0, 0.0, 1.0],
                [1.0, 0.0, -0.0, -0.0, -0.0, 0.646483, -0.762929, 0.37472, -0.0, 0.762928, 0.646483, -0.0, 0.0, 0.0, 0.0, 1.0],
                [1.0, 0.0, -0.0, -0.0, -0.0, 0.646483, -0.762929, 0.37472, -0.0, 0.762928, 0.646483, -0.0, 0.0, 0.0, 0.0, 1.0],
                [1.0, 0.0, -0.0, -0.0, -0.0, 1e-06, -1.0, 0.37472, -0.0, 1.0, 1e-06, 0.0, 0.0, 0.0, 0.0, 1.0]
            ]
        },
        {
            "name": "Torso",
            "time": [0.0, 0.1, 0.3, 0.3667, 0.7167, 0.8, 0.8833, 1.2667, 1.5667, 1.85],
            "transform": [
                [0.999139, -0.020971, -0.035785, 0.0, 0.021629, 0.999603, 0.018075, 0.05, 0.035392, -0.018833, 0.999196, 0.0, 0.0, 0.0, 0.0, 1.0],
                [0.99914, -0.020971, -0.035785, -0.0, 0.021629, 0.999603, 0.018075, 0.05, 0.035392, -0.018833, 0.999196, 0.0, 0.0, 0.0, 0.0, 1.0],
                [0.999139, -0.020971, -0.035785, 0.0, 0.021629, 0.999603, 0.018075, 0.05, 0.035392, -0.018833, 0.999196, 0.0, 0.0, 0.0, 0.0, 1.0],
                [0.999139, -0.020971, -0.035785, 0.0, 0.021629, 0.999603, 0.018075, 0.05, 0.035392, -0.018833, 0.999196, 0.0, 0.0, 0.0, 0.0, 1.0],
                [0.94995, -0.060248, -0.306536, 0.0, -0.002269, 0.979871, -0.19962, 0.05, 0.312393, 0.190325, 0.930692, -0.0, 0.0, 0.0, 0.0, 1.0],
                [0.94995, -0.060248, -0.306536, -0.0, -0.002269, 0.979871, -0.19962, 0.05, 0.312393, 0.190325, 0.930692, -0.0, 0.0, 0.0, 0.0, 1.0],
                [0.94995, -0.060248, -0.306536, 0.0, -0.002269, 0.979871, -0.19962, 0.05, 0.312393, 0.190325, 0.930692, -0.0, 0.0, 0.0, 0.0, 1.0],
                [0.937681, 0.074007, -0.339526, -0.0, -0.131266, 0.980103, -0.148887, 0.05, 0.321752, 0.184177, 0.928738, -0.0, 0.0, 0.0, 0.0, 1.0],
                [0.937681, 0.074007, -0.339526, -0.0, -0.131266, 0.980103, -0.148887, 0.05, 0.321752, 0.184177, 0.928738, -0.0, 0.0, 0.0, 0.0, 1.0],
                [0.99978, -0.020971, -0.000197, -0.0, 0.020971, 0.999603, 0.018833, 0.05, -0.000198, -0.018833, 0.999823, 0.0, 0.0, 0.0, 0.0, 1.0]
            ]
        },
        {
            "name": "Chest",
            "time": [0.0, 0.1, 0.3, 0.3667, 0.7167, 0.8, 0.8833, 1.0, 1.2667, 1.5667, 1.85],
            "transform": [
                [0.925176, -0.039852, -0.377441, 0.0, 0.113379, 0.978083, 0.17464, 0.3, 0.362209, -0.204366, 0.909417, 0.0, 0.0, 0.0, 0.0, 1.0],
                [0.920007, 0.047229, -0.389045, -0.0, -0.040826, 0.998861, 0.024715, 0.3, 0.389769, -0.006854, 0.920887, 0.0, 0.0, 0.0, 0.0, 1.0],
                [0.916645, 0.068056, -0.393866, -0.0, -0.079168, 0.996789, -0.012012, 0.3, 0.391784, 0.042192, 0.91909, 0.0, 0.0, 0.0, 0.0, 1.0],
                [0.916645, 0.068056, -0.393866, -0.0, -0.079168, 0.996789, -0.012012, 0.3, 0.391784, 0.042192, 0.91909, 0.0, 0.0, 0.0, 0.0, 1.0],
                [0.822161, -0.550414, 0.145246, 0.0, 0.40191, 0.74195, 0.536637, 0.3, -0.403137, -0.382826, 0.831219, -0.0, 0.0, 0.0, 0.0, 1.0],
                [0.822424, -0.551871, 0.138049, -0.0, 0.40167, 0.73518, 0.546051, 0.3, -0.40284, -0.393635, 0.8263, -0.0, 0.0, 0.0, 0.0, 1.0],
                [0.822161, -0.550414, 0.145246, 0.0, 0.40191, 0.74195, 0.536637, 0.3, -0.403137, -0.382826, 0.831219, -0.0, 0.0, 0.0, 0.0, 1.0],
                [0.975145, -0.199453, 0.09649, 0.0, 0.106106, 0.802686, 0.586887, 0.3, -0.194507, -0.562062, 0.803899, -0.0, 0.0, 0.0, 0.0, 1.0],
                [0.968559, -0.146555, 0.201035, 0.0, 0.125279, 0.985455, 0.114821, 0.3, -0.214939, -0.086026, 0.972831, -0.0, 0.0, 0.0, 0.0, 1.0],
                [0.968559, -0.146555, 0.201035, 0.0, 0.125279, 0.985455, 0.114821, 0.3, -0.214939, -0.086026, 0.972831, -0.0, 0.0, 0.0, 0.0, 1.0],
                [0.999771, -0.021316, -0.002029, 0.0, 0.021411, 0.994316, 0.104295, 0.3, -0.000206, -0.104315, 0.994544, 0.0, 0.0, 0.0, 0.0, 1.0]
            ]
        },
        {
            "name": "Head",
            "time": [0.0, 0.1, 0.3, 0.3667, 0.7167, 0.8, 0.8833, 1.1, 1.2667, 1.5667, 1.85],
            "transform": [
                [0.634327, 0.037721, 0.772144, 0.0, 0.014467, 0.998055, -0.060642, 0.4, -0.77293, 0.049637, 0.632547, -0.0, 0.0, 0.0, 0.0, 1.0],
                [0.634327, 0.037721, 0.772144, -0.0, 0.014467, 0.998055, -0.060642, 0.4, -0.77293, 0.049637, 0.632547, -0.0, 0.0, 0.0, 0.0, 1.0],
                [0.634327, 0.037721, 0.772144, -0.0, 0.014467, 0.998055, -0.060642, 0.4, -0.77293, 0.049637, 0.632547, 0.0, 0.0, 0.0, 0.0, 1.0],
                [0.634327, 0.037721, 0.772144, -0.0, 0.014467, 0.998055, -0.060642, 0.4, -0.77293, 0.049637, 0.632547, 0.0, 0.0, 0.0, 0.0, 1.0],
                [0.995934, 0.037721, 0.081811, -0.0, -0.033481, 0.998055, -0.05259, 0.4, -0.083635, 0.049637, 0.995259, -0.0, 0.0, 0.0, 0.0, 1.0],
                [0.995934, 0.037721, 0.08181, -0.0, -0.033481, 0.998055, -0.05259, 0.4, -0.083635, 0.049637, 0.995259, 0.0, 0.0, 0.0, 0.0, 1.0],
                [0.995934, 0.037721, 0.081811, -0.0, -0.033481, 0.998055, -0.05259, 0.4, -0.083635, 0.049637, 0.995259, -0.0, 0.0, 0.0, 0.0, 1.0],
                [0.686656, 0.037721, -0.726003, -0.0, -0.061976, 0.998055, -0.006761, 0.4, 0.724336, 0.049637, 0.687658, -0.0, 0.0, 0.0, 0.0, 1.0],
                [0.338392, 0.037721, -0.940249, 0.0, -0.059495, 0.998055, 0.018628, 0.4, 0.939122, 0.049637, 0.339978, -0.0, 0.0, 0.0, 0.0, 1.0],
                [0.338392, 0.037721, -0.940249, 0.0, -0.059495, 0.998055, 0.018628, 0.4, 0.939122, 0.049637, 0.339978, -0.0, 0.0, 0.0, 0.0, 1.0],
                [0.853111, 0.037721, 0.520365, -0.0, -0.006297, 0.998055, -0.062025, 0.4, -0.521692, 0.049637, 0.851689, -0.0, 0.0, 0.0, 0.0, 1.0]
            ]
        },
        {
            "name": "Shoulder_R",
            "time": [0.0, 0.1, 0.3, 0.3667, 0.7167, 0.8, 0.8833, 1.2667, 1.5667, 1.85],
            "transform": [
                [0.209258, 0.942727, 0.259762, 0.0, 0.06263, -0.278018, 0.958532, 0.4, 0.975852, -0.184312, -0.11722, -0.0, 0.0, 0.0, 0.0, 1.0],
                [0.209258, 0.974102, 0.085649, -0.0, 0.06263, -0.100759, 0.992938, 0.4, 0.975853, -0.202416, -0.082092, -0.0, 0.0, 0.0, 0.0, 1.0],
                [0.209258, 0.976948, 0.042237, -0.0, 0.06263, -0.056495, 0.996437, 0.4, 0.975852, -0.205867, -0.073008, 0.0, 0.0, 0.0, 0.0, 1.0],
                [0.209258, 0.976948, 0.042237, -0.0, 0.06263, -0.056495, 0.996437, 0.4, 0.975852, -0.205867, -0.073008, 0.0, 0.0, 0.0, 0.0, 1.0],
                [0.456557, 0.888691, 0.042237, -0.0, 0.045748, -0.070861, 0.996437, 0.4, 0.888517, -0.452998, -0.073008, -0.0, 0.0, 0.0, 0.0, 1.0],
                [0.456558, 0.888691, 0.042237, -0.0, 0.045748, -0.070861, 0.996436, 0.4, 0.888517, -0.452998, -0.073008, 0.0, 0.0, 0.0, 0.0, 1.0],
                [0.456557, 0.888691, 0.042237, -0.0, 0.045748, -0.070861, 0.996437, 0.4, 0.888517, -0.452998, -0.073008, -0.0, 0.0, 0.0, 0.0, 1.0],
                [0.115371, 0.922008, 0.36958, 0.0, 0.06772, -0.3785, 0.923121, 0.4, 0.991011, -0.081474, -0.106106, -0.0, 0.0, 0.0, 0.0, 1.0],
                [0.115371, 0.922008, 0.36958, 0.0, 0.06772, -0.3785, 0.923121, 0.4, 0.991011, -0.081474, -0.106106, -0.0, 0.0, 0.0, 0.0, 1.0],
                [0.110305, 0.959352, 0.259762, -0.0, 0.091141, -0.270019, 0.958532, 0.4, 0.98971, -0.082056, -0.11722, -0.0, 0.0, 0.0, 0.0, 1.0]
            ]
        },
        {
            "name": "Arm_R",
            "time": [0.0, 0.1, 0.3, 0.3667, 0.7167, 0.8, 0.8833, 1.0, 1.1, 1.1667, 1.2667, 1.5667, 1.6667, 1.85],
            "transform": [
                [0.34844, -0.123811, -0.929118, 0.0, -0.826268, 0.427454, -0.36683, 0.39386, 0.442572, 0.895519, 0.046641, 0.0, 0.0, 0.0, 0.0, 1.0],
                [0.34844, 0.069203, -0.934773, -0.0, -0.826268, 0.493551, -0.271457, 0.39386, 0.442572, 0.866959, 0.229153, 0.0, 0.0, 0.0, 0.0, 1.0],
                [0.34844, 0.342292, -0.872597, -0.0, -0.826268, 0.55172, -0.113519, 0.39386, 0.442572, 0.760554, 0.475067, 0.0, 0.0, 0.0, 0.0, 1.0],
                [0.34844, 0.116452, -0.930069, -0.0, -0.826268, 0.506665, -0.246114, 0.39386, 0.442572, 0.854242, 0.272763, 0.0, 0.0, 0.0, 0.0, 1.0],
                [-0.413546, -0.570969, -0.709207, 0.0, -0.820831, 0.570853, 0.019051, 0.39386, 0.393975, 0.590017, -0.704743, 0.0, 0.0, 0.0, 0.0, 1.0],
                [-0.413546, -0.582641, -0.699649, -0.0, -0.820831, 0.571091, 0.00959, 0.39386, 0.393975, 0.57826, -0.714422, 0.0, 0.0, 0.0, 0.0, 1.0],
                [-0.413546, -0.570969, -0.709207, 0.0, -0.820831, 0.570853, 0.019051, 0.39386, 0.393975, 0.590017, -0.704743, 0.0, 0.0, 0.0, 0.0, 1.0],
                [-0.449145, -0.674107, -0.586386, -0.0, -0.885704, 0.422218, 0.193029, 0.39386, 0.11746, 0.606062, -0.786696, 0.0, 0.0, 0.0, 0.0, 1.0],
                [-0.754458, -0.503168, -0.421443, 0.0, -0.63818, 0.712403, 0.291905, 0.39386, 0.15336, 0.489187, -0.85859, 0.0, 0.0, 0.0, 0.0, 1.0],
                [-0.918076, -0.283716, -0.276843, -0.0, -0.373291, 0.853765, 0.362958, 0.39386, 0.133382, 0.436566, -0.88973, 0.0, 0.0, 0.0, 0.0, 1.0],
                [-0.963848, -0.213373, -0.159586, -0.0, -0.237284, 0.959822, 0.149794, 0.39386, 0.121213, 0.182246, -0.975753, 0.0, 0.0, 0.0, 0.0, 1.0],
                [-0.963848, -0.213373, -0.159586, -0.0, -0.237284, 0.959822, 0.149794, 0.39386, 0.121213, 0.182246, -0.975753, 0.0, 0.0, 0.0, 0.0, 1.0],
                [-0.853483, -0.355525, -0.381009, -0.0, -0.521088, 0.574175, 0.631498, 0.393861, -0.005747, 0.737512, -0.675309, -0.0, 0.0, 0.0, 0.0, 1.0],
                [0.043023, -0.059379, -0.997308, 0.0, 0.813119, 0.582097, 0.00042, 0.39386, 0.580505, -0.810948, 0.073326, 0.0, 0.0, 0.0, 0.0, 1.0]
            ]
        },
        {
            "name": "Hand_R",
            "time": [0.0, 0.1, 0.3, 0.3667, 0.7167, 0.8, 0.8833, 1.0833, 1.1667, 1.2667, 1.5667, 1.75, 1.85],
            "transform": [
                [0.999998, -0.000204, 0.001812, 0.0, 0.000868, 0.92726, -0.374417, 0.3, -0.001603, 0.374418, 0.927259, -0.0, 0.0, 0.0, 0.0, 1.0],
                [0.999998, -0.000204, 0.001812, 0.0, 0.000868, 0.92726, -0.374417, 0.3, -0.001603, 0.374418, 0.927259, -0.0, 0.0, 0.0, 0.0, 1.0],
                [0.999998, -0.000205, 0.001812, 0.0, 0.000868, 0.92726, -0.374417, 0.3, -0.001603, 0.374418, 0.927259, 0.0, 0.0, 0.0, 0.0, 1.0],
                [0.999998, -0.000205, 0.001812, -0.0, 0.000868, 0.92726, -0.374417, 0.3, -0.001603, 0.374418, 0.927259, 0.0, 0.0, 0.0, 0.0, 1.0],
                [0.999998, -0.000907, 0.001582, 0.0, 0.000868, 0.999702, 0.024404, 0.3, -0.001603, -0.024403, 0.999701, -0.0, 0.0, 0.0, 0.0, 1.0],
                [0.999998, -0.000907, 0.001582, 0.0, 0.000868, 0.999702, 0.024404, 0.3, -0.001603, -0.024403, 0.999701, 0.0, 0.0, 0.0, 0.0, 1.0],
                [0.999998, -0.000907, 0.001582, 0.0, 0.000868, 0.999702, 0.024404, 0.3, -0.001603, -0.024403, 0.999701, -0.0, 0.0, 0.0, 0.0, 1.0],
                [0.999998, -0.000987, 0.001533, 0.0, 0.000868, 0.997145, 0.075514, 0.3, -0.001603, -0.075512, 0.997144, -0.0, 0.0, 0.0, 0.0, 1.0],
                [0.999998, -0.001434, 0.001126, 0.0, 0.000868, 0.917464, 0.397818, 0.3, -0.001603, -0.397817, 0.917464, 0.0, 0.0, 0.0, 0.0, 1.0],
                [0.999998, -0.000998, 0.001526, 0.0, 0.000868, 0.996578, 0.082649, 0.3, -0.001603, -0.082647, 0.996578, -0.0, 0.0, 0.0, 0.0, 1.0],
                [0.999998, -0.000998, 0.001526, 0.0, 0.000868, 0.996578, 0.082649, 0.3, -0.001603, -0.082647, 0.996578, -0.0, 0.0, 0.0, 0.0, 1.0],
                [0.999998, 0.000161, 0.001816, -0.0, 0.000868, 0.834062, -0.55167, 0.3, -0.001603, 0.551671, 0.83406, -0.0, 0.0, 0.0, 0.0, 1.0],
                [0.999998, -0.000848, 0.001614, -0.0, 0.000868, 0.999919, -0.012686, 0.3, -0.001603, 0.012688, 0.999918, 0.0, 0.0, 0.0, 0.0, 1.0]
            ]
        },
        {
            "name": "Tool_R",
            "time": [0.0, 0.1, 0.3, 0.3667, 0.7167, 0.8, 0.8833, 1.0833, 1.1667, 1.2667, 1.5667, 1.6667, 1.85],
            "transform": [
                [0.993314, -0.054493, -0.101777, 0.010704, -0.088154, -0.927265, -0.363881, 0.330594, -0.074502, 0.37019, -0.925324, 0.180402, 0.0, 0.0, 0.0, 1.0],
                [0.993314, -0.054493, -0.101777, 0.010704, -0.088154, -0.927265, -0.363881, 0.330594, -0.074502, 0.37019, -0.925324, 0.180402, 0.0, 0.0, 0.0, 1.0],
                [0.993314, -0.054493, -0.101777, 0.010704, -0.088154, -0.927265, -0.363881, 0.330594, -0.074502, 0.37019, -0.925324, 0.180402, 0.0, 0.0, 0.0, 1.0],
                [0.993314, -0.054493, -0.101777, 0.010704, -0.088154, -0.927265, -0.363881, 0.330594, -0.074502, 0.37019, -0.925324, 0.180402, 0.0, 0.0, 0.0, 1.0],
                [0.995585, 0.087729, -0.033379, 0.007964, 0.07406, -0.95266, -0.294878, 0.206916, -0.057633, 0.290922, -0.954389, -0.160909, 0.0, 0.0, 0.0, 1.0],
                [0.995585, 0.087729, -0.033379, -0.003436, 0.07406, -0.95266, -0.294878, 0.2309, -0.057633, 0.290922, -0.954389, -0.220856, 0.0, 0.0, 0.0, 1.0],
                [0.995585, 0.087729, -0.033379, 0.007964, 0.07406, -0.95266, -0.294878, 0.206916, -0.057633, 0.290922, -0.954389, -0.160909, 0.0, 0.0, 0.0, 1.0],
                [0.995585, 0.087445, -0.034116, 0.007964, 0.074061, -0.95511, -0.286843, 0.206916, -0.057633, 0.282872, -0.956806, -0.160909, 0.0, 0.0, 0.0, 1.0],
                [0.994827, 0.094114, 0.038232, -0.024429, 0.086491, -0.982135, 0.16712, 0.318333, 0.053247, -0.162863, -0.98461, -0.143277, 0.0, 0.0, 0.0, 1.0],
                [0.995585, 0.087445, -0.034116, 0.000755, 0.074061, -0.95511, -0.286843, 0.303678, -0.057633, 0.282872, -0.956806, -0.173177, 0.0, 0.0, 0.0, 1.0],
                [0.995585, 0.087445, -0.034116, 0.000755, 0.074061, -0.95511, -0.286843, 0.303678, -0.057633, 0.282872, -0.956806, -0.173177, 0.0, 0.0, 0.0, 1.0],
                [0.9975, 0.006, -0.070411, 0.003433, 0.030619, -0.934694, 0.354131, 0.310921, -0.06365, -0.355202, -0.931985, -0.078023, 0.0, 0.0, 0.0, 1.0],
                [0.993314, -0.054493, -0.101777, 0.010704, -0.088154, -0.927265, -0.363881, 0.330594, -0.074502, 0.37019, -0.925324, 0.180402, 0.0, 0.0, 0.0, 1.0]
            ]
        },
        {
            "name": "Elbow_R",
            "time": [0.0, 0.1, 0.3, 0.3667, 0.7167, 0.8, 0.8833, 1.2667, 1.5667, 1.75, 1.85],
            "transform": [
                [-1.0, 0.0, -0.0, 0.0, -0.0, -0.0, -1.0, 0.314053, -0.0, -1.0, 0.0, -0.0, 0.0, 0.0, 0.0, 1.0],
                [-1.0, 0.0, -0.0, 0.0, 0.0, 0.0, -1.0, 0.314054, -0.0, -1.0, 0.0, -0.0, 0.0, 0.0, 0.0, 1.0],
                [-1.0, 0.0, -0.0, 0.0, 0.0, 0.0, -1.0, 0.314053, -0.0, -1.0, 0.0, 0.0, 0.0, 0.0, 0.0, 1.0],
                [-1.0, 0.0, 0.0, -0.0, 0.0, -0.0, -1.0, 0.314054, -0.0, -1.0, 0.0, 0.0, 0.0, 0.0, 0.0, 1.0],
                [-1.0, 0.0, -0.0, 0.0, 0.0, -0.0, -1.0, 0.314053, -0.0, -1.0, 0.0, 0.0, 0.0, 0.0, 0.0, 1.0],
                [-1.0, 0.0, -0.0, 0.0, 0.0, -0.0, -1.0, 0.314053, -0.0, -1.0, 0.0, 0.0, 0.0, 0.0, 0.0, 1.0],
                [-1.0, 0.0, -0.0, 0.0, 0.0, -0.0, -1.0, 0.314053, -0.0, -1.0, 0.0, 0.0, 0.0, 0.0, 0.0, 1.0],
                [-1.0, 0.0, -0.0, 0.0, 0.0, -0.0, -1.0, 0.314053, -0.0, -1.0, 0.0, 0.0, 0.0, 0.0, 0.0, 1.0],
                [-1.0, 0.0, -0.0, 0.0, 0.0, -0.0, -1.0, 0.314053, -0.0, -1.0, 0.0, 0.0, 0.0, 0.0, 0.0, 1.0],
                [-1.0, 0.0, -0.0, -0.0, 0.0, -0.0, -1.0, 0.309061, -0.0, -1.0, 0.0, -0.0, 0.0, 0.0, 0.0, 1.0],
                [-1.0, 0.0, -0.0, -0.0, 0.0, 0.0, -1.0, 0.429832, -0.0, -1.0, 0.0, 0.0, 0.0, 0.0, 0.0, 1.0]
            ]
        },
        {
            "name": "Shoulder_L",
            "time": [0.0, 0.1, 0.3, 0.3667, 0.7167, 0.8, 0.8833, 1.2667, 1.5667, 1.85],
            "transform": [
                [-0.226937, -0.879834, -0.417602, 0.0, -0.021067, -0.424255, 0.905298, 0.4, -0.973681, 0.214243, 0.077744, -0.0, 0.0, 0.0, 0.0, 1.0],
                [-0.226937, -0.879834, -0.417602, -0.0, -0.021067, -0.424255, 0.905298, 0.4, -0.973682, 0.214243, 0.077744, -0.0, 0.0, 0.0, 0.0, 1.0],
                [-0.226937, -0.879834, -0.417602, -0.0, -0.021067, -0.424255, 0.905298, 0.4, -0.973681, 0.214243, 0.077744, 0.0, 0.0, 0.0, 0.0, 1.0],
                [-0.226937, -0.879834, -0.417602, -0.0, -0.021067, -0.424255, 0.905298, 0.4, -0.973681, 0.214243, 0.077744, 0.0, 0.0, 0.0, 0.0, 1.0],
                [-0.226937, -0.879834, -0.417602, -0.0, -0.021067, -0.424255, 0.905298, 0.4, -0.973681, 0.214243, 0.077744, -0.0, 0.0, 0.0, 0.0, 1.0],
                [-0.226937, -0.879834, -0.417602, -0.0, -0.021067, -0.424255, 0.905298, 0.4, -0.973681, 0.214243, 0.077744, 0.0, 0.0, 0.0, 0.0, 1.0],
                [-0.226937, -0.879834, -0.417602, -0.0, -0.021067, -0.424255, 0.905298, 0.4, -0.973681, 0.214243, 0.077744, -0.0, 0.0, 0.0, 0.0, 1.0],
                [-0.226937, -0.879834, -0.417602, 0.0, -0.021067, -0.424255, 0.905298, 0.4, -0.973681, 0.214243, 0.077744, -0.0, 0.0, 0.0, 0.0, 1.0],
                [-0.226937, -0.879834, -0.417602, 0.0, -0.021067, -0.424255, 0.905298, 0.4, -0.973681, 0.214243, 0.077744, -0.0, 0.0, 0.0, 0.0, 1.0],
                [-0.226937, -0.879834, -0.417602, -0.0, -0.021067, -0.424255, 0.905298, 0.4, -0.973681, 0.214243, 0.077744, -0.0, 0.0, 0.0, 0.0, 1.0]
            ]
        },
        {
            "name": "Arm_L",
            "time": [0.0, 0.1, 0.3, 0.3667, 0.7167, 0.8, 0.8833, 1.1167, 1.2667, 1.5667, 1.85],
            "transform": [
                [0.059949, 0.021399, 0.997972, -0.0, -0.429565, 0.903013, 0.006442, 0.39386, -0.901044, -0.42908, 0.063327, 0.0, 0.0, 0.0, 0.0, 1.0],
                [0.059949, 0.383996, 0.921387, 0.0, -0.429565, 0.843129, -0.323432, 0.39386, -0.901044, -0.376406, 0.215496, 0.0, 0.0, 0.0, 0.0, 1.0],
                [0.059949, 0.466427, 0.882526, -0.0, -0.429565, 0.810117, -0.398978, 0.39386, -0.901044, -0.355184, 0.248927, -0.0, 0.0, 0.0, 0.0, 1.0],
                [0.059949, 0.466427, 0.882526, -0.0, -0.429565, 0.810117, -0.398978, 0.39386, -0.901044, -0.355184, 0.248927, -0.0, 0.0, 0.0, 0.0, 1.0],
                [0.059949, 0.466427, 0.882526, 0.0, -0.429565, 0.810118, -0.398978, 0.39386, -0.901044, -0.355184, 0.248927, 0.0, 0.0, 0.0, 0.0, 1.0],
                [0.059949, 0.466427, 0.882526, 0.0, -0.429565, 0.810117, -0.398978, 0.39386, -0.901044, -0.355184, 0.248926, 0.0, 0.0, 0.0, 0.0, 1.0],
                [0.059949, 0.466427, 0.882526, 0.0, -0.429565, 0.810118, -0.398978, 0.39386, -0.901044, -0.355184, 0.248927, 0.0, 0.0, 0.0, 0.0, 1.0],
                [0.059949, 0.466427, 0.882526, 0.0, -0.429565, 0.810117, -0.398978, 0.39386, -0.901044, -0.355184, 0.248927, 0.0, 0.0, 0.0, 0.0, 1.0],
                [-0.455396, 0.248528, 0.854896, 0.0, -0.69629, 0.498963, -0.515962, 0.39386, -0.554793, -0.830222, -0.054178, 0.0, 0.0, 0.0, 0.0, 1.0],
                [-0.455396, 0.248528, 0.854896, 0.0, -0.69629, 0.498963, -0.515962, 0.39386, -0.554793, -0.830222, -0.054178, 0.0, 0.0, 0.0, 0.0, 1.0],
                [0.036604, 0.052076, 0.997972, 0.0, -0.871994, 0.489475, 0.006442, 0.39386, -0.488147, -0.870461, 0.063327, -0.0, 0.0, 0.0, 0.0, 1.0]
            ]
        },
        {
            "name": "Hand_L",
            "time": [0.0, 0.1, 0.3, 0.3667, 0.7167, 0.8, 0.8833, 1.2667, 1.5667, 1.85],
            "transform": [
                [0.999993, -0.001541, -0.00347, -0.0, 0.000938, 0.985901, -0.167329, 0.3, 0.003679, 0.167324, 0.985895, -0.0, 0.0, 0.0, 0.0, 1.0],
                [0.999993, -0.002691, -0.002679, -0.0, 0.000938, 0.858761, -0.512376, 0.3, 0.003679, 0.51237, 0.858757, -0.0, 0.0, 0.0, 0.0, 1.0],
                [0.999993, -0.002922, -0.002425, -0.0, 0.000938, 0.808965, -0.587857, 0.3, 0.003679, 0.58785, 0.808962, 0.0, 0.0, 0.0, 0.0, 1.0],
                [0.999993, -0.002922, -0.002425, -0.0, 0.000938, 0.808965, -0.587857, 0.3, 0.003679, 0.58785, 0.808962, 0.0, 0.0, 0.0, 0.0, 1.0],
                [0.999993, -0.002922, -0.002425, -0.0, 0.000938, 0.808965, -0.587857, 0.3, 0.003679, 0.58785, 0.808962, 0.0, 0.0, 0.0, 0.0, 1.0],
                [0.999993, -0.002922, -0.002425, 0.0, 0.000938, 0.808965, -0.587857, 0.3, 0.003679, 0.58785, 0.808962, 0.0, 0.0, 0.0, 0.0, 1.0],
                [0.999993, -0.002922, -0.002425, -0.0, 0.000938, 0.808965, -0.587857, 0.3, 0.003679, 0.58785, 0.808962, 0.0, 0.0, 0.0, 0.0, 1.0],
                [0.999993, -0.001272, -0.003578, -0.0, 0.000938, 0.99579, -0.091665, 0.3, 0.003679, 0.091661, 0.995784, -0.0, 0.0, 0.0, 0.0, 1.0],
                [0.999993, -0.001272, -0.003578, -0.0, 0.000938, 0.99579, -0.091665, 0.3, 0.003679, 0.091661, 0.995784, -0.0, 0.0, 0.0, 0.0, 1.0],
                [0.999993, -0.001541, -0.00347, -0.0, 0.000938, 0.985901, -0.167329, 0.3, 0.003679, 0.167324, 0.985895, 0.0, 0.0, 0.0, 0.0, 1.0]
            ]
        },
        {
            "name": "Tool_L",
            "time": [0.0, 0.1, 0.3, 0.3667, 0.7167, 0.8, 0.8833, 1.2667, 1.5667, 1.85],
            "transform": [
                [0.997004, 0.01104, -0.076554, 0.0, -0.036659, -0.804079, -0.593391, 0.272858, -0.068067, 0.594062, -0.8008, -0.0, 0.0, 0.0, 0.0, 1.0],
                [0.997004, 0.01104, -0.076554, 0.0, -0.036659, -0.804079, -0.593391, 0.272858, -0.068067, 0.594062, -0.8008, -0.0, 0.0, 0.0, 0.0, 1.0],
                [0.997004, 0.01104, -0.076554, 0.0, -0.036659, -0.804079, -0.593391, 0.272858, -0.068067, 0.594062, -0.8008, -0.0, 0.0, 0.0, 0.0, 1.0],
                [0.997004, 0.01104, -0.076554, 0.0, -0.036659, -0.804079, -0.593391, 0.272858, -0.068067, 0.594062, -0.8008, -0.0, 0.0, 0.0, 0.0, 1.0],
                [0.997004, 0.01104, -0.076554, -0.0, -0.036659, -0.804079, -0.593391, 0.272858, -0.068067, 0.594062, -0.8008, -0.0, 0.0, 0.0, 0.0, 1.0],
                [0.997004, 0.01104, -0.076554, 0.0, -0.036659, -0.804079, -0.593391, 0.272858, -0.068067, 0.594062, -0.8008, -0.0, 0.0, 0.0, 0.0, 1.0],
                [0.997004, 0.01104, -0.076554, -0.0, -0.036659, -0.804079, -0.593391, 0.272858, -0.068067, 0.594062, -0.8008, -0.0, 0.0, 0.0, 0.0, 1.0],
                [0.997004, 0.01104, -0.076554, 0.0, -0.036659, -0.804079, -0.593391, 0.272858, -0.068067, 0.594062, -0.8008, -0.0, 0.0, 0.0, 0.0, 1.0],
                [0.997004, 0.01104, -0.076554, 0.0, -0.036659, -0.804079, -0.593391, 0.272858, -0.068067, 0.594062, -0.8008, -0.0, 0.0, 0.0, 0.0, 1.0],
                [0.997004, 0.01104, -0.076554, -0.0, -0.036659, -0.804079, -0.593391, 0.272858, -0.068067, 0.594062, -0.8008, -0.0, 0.0, 0.0, 0.0, 1.0]
            ]
        },
        {
            "name": "Elbow_L",
            "time": [0.0, 0.1, 0.3, 0.3667, 0.7167, 0.8, 0.8833, 1.2667, 1.5667, 1.85],
            "transform": [
                [-1.0, 0.0, 0.0, 2.7e-05, 0.0, -0.0, -1.0, 0.396148, -0.0, -1.0, 0.0, -0.002121, 0.0, 0.0, 0.0, 1.0],
                [-1.0, 0.0, -0.0, 2.7e-05, -0.0, 0.0, -1.0, 0.343178, -0.0, -1.0, 0.0, -0.002121, 0.0, 0.0, 0.0, 1.0],
                [-1.0, 0.0, -0.0, 2.7e-05, 0.0, -0.0, -1.0, 0.330152, -0.0, -1.0, -0.0, -0.002121, 0.0, 0.0, 0.0, 1.0],
                [-1.0, 0.0, -0.0, 2.7e-05, 0.0, -0.0, -1.0, 0.330152, -0.0, -1.0, -0.0, -0.002121, 0.0, 0.0, 0.0, 1.0],
                [-1.0, 0.0, -0.0, 2.7e-05, 0.0, -0.0, -1.0, 0.330152, -0.0, -1.0, -0.0, -0.002121, 0.0, 0.0, 0.0, 1.0],
                [-1.0, 0.0, -0.0, 2.7e-05, 0.0, -0.0, -1.0, 0.330152, -0.0, -1.0, -0.0, -0.002121, 0.0, 0.0, 0.0, 1.0],
                [-1.0, 0.0, -0.0, 2.7e-05, 0.0, -0.0, -1.0, 0.330152, -0.0, -1.0, -0.0, -0.002121, 0.0, 0.0, 0.0, 1.0],
                [-1.0, 0.0, -0.0, 2.7e-05, 0.0, -0.0, -1.0, 0.330152, -0.0, -1.0, -0.0, -0.002121, 0.0, 0.0, 0.0, 1.0],
                [-1.0, 0.0, -0.0, 2.7e-05, 0.0, -0.0, -1.0, 0.330152, -0.0, -1.0, -0.0, -0.002121, 0.0, 0.0, 0.0, 1.0],
                [-1.0, 0.0, -0.0, 2.7e-05, 0.0, -0.0, -1.0, 0.396148, -0.0, -1.0, -0.0, -0.002121, 0.0, 0.0, 0.0, 1.0]
            ]
        }
    ]
}