{
    "animation": [
        {
            "name": "Root",
            "time": [0.0, 0.3, 0.5, 0.6167, 0.7333, 0.8167, 1.0667, 1.3333, 1.4333, 1.4667, 1.5, 1.5833, 2.1333, 2.4167],
            "transform": [
                [0.086468, -0.188322, 0.978293, 0.031169, 0.996214, 0.025223, -0.083196, 0.028869, -0.009008, 0.981783, 0.18979, 0.713109, 0.0, 0.0, 0.0, 1.0],
                [0.086468, -0.188322, 0.978293, 0.031169, 0.996214, 0.025223, -0.083196, 0.028869, -0.009008, 0.981783, 0.18979, 0.713109, 0.0, 0.0, 0.0, 1.0],
                [0.489257, -0.161098, 0.857132, 0.023411, 0.872086, 0.101234, -0.478766, 0.369924, -0.009643, 0.981733, 0.19002, 0.713109, 0.0, 0.0, 0.0, 1.0],
                [0.489257, -0.161098, 0.857132, 0.023411, 0.872086, 0.101234, -0.478766, 0.596963, -0.009643, 0.981733, 0.19002, 0.713109, 0.0, 0.0, 0.0, 1.0],
                [0.913859, -0.068687, 0.40018, 0.012122, 0.405921, 0.177583, -0.896489, 0.66652, -0.009488, 0.981706, 0.190167, 0.713109, 0.0, 0.0, 0.0, 1.0],
                [0.943259, -0.054661, 0.327529, 0.010726, 0.331936, 0.181971, -0.925583, 0.665313, -0.009008, 0.981783, 0.18979, 0.713109, 0.0, 0.0, 0.0, 1.0],
                [0.943259, -0.054661, 0.327529, 0.010726, 0.322979, -0.078056, -0.943182, 0.65089, 0.077121, 0.995449, -0.055973, 0.752425, 0.0, 0.0, 0.0, 1.0],
                [0.943259, -0.035873, 0.330115, 0.010726, 0.322979, -0.131774, -0.937187, 0.642459, 0.077121, 0.99063, -0.112711, 0.752425, 0.0, 0.0, 0.0, 1.0],
                [0.943259, -0.054661, 0.327529, 0.010726, 0.331936, 0.181971, -0.925583, 1.015523, -0.009008, 0.981783, 0.18979, 0.638991, 0.0, 0.0, 0.0, 1.0],
                [0.943259, -0.054661, 0.327529, 0.010726, 0.331936, 0.181971, -0.925583, 0.88034, -0.009008, 0.981783, 0.18979, 0.56503, 0.0, 0.0, 0.0, 1.0],
                [0.943259, -0.054661, 0.327529, 0.010726, 0.331936, 0.181971, -0.925583, 0.883596, -0.009008, 0.981783, 0.18979, 0.731826, 0.0, 0.0, 0.0, 1.0],
                [0.943259, -0.054661, 0.327529, 0.010726, 0.331936, 0.181971, -0.925583, 1.013983, -0.009008, 0.981783, 0.18979, 0.638991, 0.0, 0.0, 0.0, 1.0],
                [0.943259, -0.054661, 0.327529, 0.010726, 0.331936, 0.181971, -0.925583, 1.002889, -0.009008, 0.981783, 0.18979, 0.638991, 0.0, 0.0, 0.0, 1.0],
                [0.854689, 0.0, -0.51914, -5e-06, -0.51914, 0.0, -0.854689, 0.647514, 0.0, 1.0, 0.0, 0.743765, 0.0, 0.0, 0.0, 1.0]
            ]
        },
        {
            "name": "Thigh_R",
            "time": [0.0, 0.3, 0.5, 0.6167, 0.7333, 0.8167, 1.0667, 1.3333, 1.4333, 1.5833, 2.1333, 2.4167],
            "transform": [
                [0.713891, 0.292913, 0.636051, 0.124994, -0.040967, -0.889284, 0.455513, -0.002831, 0.699057, -0.351243, -0.622854, -1.2e-05, 0.0, 0.0, 0.0, 1.0],
                [0.713891, 0.292913, 0.636051, 0.124994, -0.040967, -0.889284, 0.455513, -0.002831, 0.699057, -0.351243, -0.622854, -1.2e-05, 0.0, 0.0, 0.0, 1.0],
                [0.802113, 0.276266, 0.529425, 0.124994, -0.042356, -0.857999, 0.511899, -0.002831, 0.595667, -0.433024, -0.676513, -1.2e-05, 0.0, 0.0, 0.0, 1.0],
                [0.863322, 0.256008, 0.434895, 0.124994, -0.039504, -0.824841, 0.563981, -0.002831, 0.503103, -0.504076, -0.701992, -1.2e-05, 0.0, 0.0, 0.0, 1.0],
                [0.907348, 0.233831, 0.349345, 0.124994, -0.034127, -0.787305, 0.615617, -0.002831, 0.418992, -0.5705, -0.706381, -1.2e-05, 0.0, 0.0, 0.0, 1.0],
                [0.919204, 0.228421, 0.320761, 0.124994, -0.034749, -0.764332, 0.643884, -0.002831, 0.392245, -0.603005, -0.694642, -1.2e-05, 0.0, 0.0, 0.0, 1.0],
                [0.919204, 0.249088, 0.30499, 0.124994, -0.034749, -0.720181, 0.692914, -0.002831, 0.392245, -0.647525, -0.65334, -1.2e-05, 0.0, 0.0, 0.0, 1.0],
                [0.919204, 0.249088, 0.30499, 0.124994, -0.034749, -0.720181, 0.692914, -0.002831, 0.392245, -0.647525, -0.65334, -1.2e-05, 0.0, 0.0, 0.0, 1.0],
                [0.917026, 0.319733, 0.238399, 0.124994, -0.061192, -0.477873, 0.876295, -0.002831, 0.394105, -0.818171, -0.418658, -1.2e-05, 0.0, 0.0, 0.0, 1.0],
                [0.917026, 0.319733, 0.238399, 0.124994, -0.061192, -0.477873, 0.876295, -0.002831, 0.394105, -0.818171, -0.418658, -1.2e-05, 0.0, 0.0, 0.0, 1.0],
                [0.917026, 0.319733, 0.238399, 0.124994, -0.061192, -0.477873, 0.876295, -0.002831, 0.394105, -0.818171, -0.418658, -1.2e-05, 0.0, 0.0, 0.0, 1.0],
                [0.992811, 0.11785, -0.020883, 0.124994, 0.118536, -0.992318, 0.035348, -0.002831, -0.016557, -0.037569, -0.999157, -1.2e-05, 0.0, 0.0, 0.0, 1.0]
            ]
        },
        {
            "name": "Leg_R",
            "time": [0.0, 0.3, 0.5, 0.6167, 0.7333, 1.0667, 1.3333, 1.4333, 1.5833, 2.1333, 2.4167],
            "transform": [
                [1.0, -0.0, 1e-06, 0.0, 0.0, 0.937624, 0.347652, 0.37472, -1e-06, -0.347653, 0.937623, 0.0, 0.0, 0.0, 0.0, 1.0],
                [1.0, -0.0, 1e-06, 0.0, 0.0, 0.937624, 0.347652, 0.37472, -1e-06, -0.347653, 0.937623, 0.0, 0.0, 0.0, 0.0, 1.0],
                [1.0, -0.0, 1e-06, -0.0, 0.0, 0.937624, 0.347652, 0.37472, -1e-06, -0.347653, 0.937623, 0.0, 0.0, 0.0, 0.0, 1.0],
                [1.0, -0.0, 1e-06, 0.0, 0.0, 0.937624, 0.347652, 0.37472, -1e-06, -0.347653, 0.937623, -0.0, 0.0, 0.0, 0.0, 1.0],
                [1.0, -0.0, 1e-06, 0.0, 0.0, 0.937624, 0.347652, 0.37472, -1e-06, -0.347653, 0.937623, -0.0, 0.0, 0.0, 0.0, 1.0],
                [1.0, -0.0, 1e-06, -0.0, 0.0, 0.937624, 0.347652, 0.37472, -1e-06, -0.347653, 0.937623, 0.0, 0.0, 0.0, 0.0, 1.0],
                [1.0, -0.0, 1e-06, 0.0, 0.0, 0.937624, 0.347652, 0.37472, -1e-06, -0.347653, 0.937623, -0.0, 0.0, 0.0, 0.0, 1.0],
                [1.0, -1e-06, 0.0, -0.0, 0.0, 0.613843, 0.789428, 0.37472, -1e-06, -0.789429, 0.613842, -0.0, 0.0, 0.0, 0.0, 1.0],
                [1.0, -1e-06, 0.0, -0.0, 0.0, 0.613843, 0.789428, 0.37472, -1e-06, -0.789429, 0.613842, -0.0, 0.0, 0.0, 0.0, 1.0],
                [1.0, -1e-06, 0.0, -0.0, 0.0, 0.613843, 0.789428, 0.37472, -1e-06, -0.789429, 0.613842, -0.0, 0.0, 0.0, 0.0, 1.0],
                [1.0, -0.0, 1e-06, 0.0, 0.0, 0.997612, 0.069073, 0.37472, -1e-06, -0.069073, 0.997611, -0.0, 0.0, 0.0, 0.0, 1.0]
            ]
        },
        {
            "name": "Knee_R",
            "time": [0.0, 0.3, 0.5, 0.6167, 0.7333, 1.0667, 1.3333, 1.4333, 1.5833, 2.1333, 2.4167],
            "transform": [
                [1.0, 0.0, -0.0, 0.0, -0.0, 1e-06, -1.0, 0.37472, -0.0, 1.0, 1e-06, 0.0, 0.0, 0.0, 0.0, 1.0],
                [1.0, 0.0, -0.0, 0.0, -0.0, 1e-06, -1.0, 0.37472, -0.0, 1.0, 1e-06, 0.0, 0.0, 0.0, 0.0, 1.0],
                [1.0, 0.0, -0.0, -0.0, -0.0, 1e-06, -1.0, 0.37472, -0.0, 1.0, 1e-06, 0.0, 0.0, 0.0, 0.0, 1.0],
                [1.0, 0.0, -0.0, 0.0, -0.0, 1e-06, -1.0, 0.37472, -0.0, 1.0, 1e-06, -0.0, 0.0, 0.0, 0.0, 1.0],
                [1.0, 0.0, -0.0, 0.0, -0.0, 1e-06, -1.0, 0.37472, -0.0, 1.0, 1e-06, -0.0, 0.0, 0.0, 0.0, 1.0],
                [1.0, 0.0, -0.0, -0.0, -0.0, 1e-06, -1.0, 0.37472, -0.0, 1.0, 1e-06, 0.0, 0.0, 0.0, 0.0, 1.0],
                [1.0, 0.0, -0.0, 0.0, -0.0, 1e-06, -1.0, 0.37472, -0.0, 1.0, 1e-06, -0.0, 0.0, 0.0, 0.0, 1.0],
                [1.0, 0.0, -0.0, -0.0, -0.0, 1e-06, -1.0, 0.37472, -0.0, 1.0, 1e-06, -0.0, 0.0, 0.0, 0.0, 1.0],
                [1.0, 0.0, -0.0, -0.0, -0.0, 1e-06, -1.0, 0.37472, -0.0, 1.0, 1e-06, -0.0, 0.0, 0.0, 0.0, 1.0],
                [1.0, 0.0, -0.0, -0.0, -0.0, 1e-06, -1.0, 0.37472, -0.0, 1.0, 1e-06, -0.0, 0.0, 0.0, 0.0, 1.0],
                [1.0, 0.0, -0.0, 0.0, -0.0, 1e-06, -1.0, 0.37472, -0.0, 1.0, 1e-06, -0.0, 0.0, 0.0, 0.0, 1.0]
            ]
        },
        {
            "name": "Thigh_L",
            "time": [0.0, 0.3, 0.5, 0.6167, 0.7333, 0.8167, 1.0667, 1.3333, 1.4333, 1.5833, 2.1333, 2.4167],
            "transform": [
                [0.975696, -0.166323, -0.142666, -0.125006, -0.080807, -0.87828, 0.47127, -0.002831, -0.203684, -0.448287, -0.870374, -1.2e-05, 0.0, 0.0, 0.0, 1.0],
                [0.975696, -0.166323, -0.142666, -0.125006, -0.080807, -0.87828, 0.47127, -0.002831, -0.203684, -0.448287, -0.870374, -1.2e-05, 0.0, 0.0, 0.0, 1.0],
                [0.988399, -0.150983, -0.016439, -0.125006, -0.136449, -0.930325, 0.340408, -0.002831, -0.06669, -0.334216, -0.940134, -1.2e-05, 0.0, 0.0, 0.0, 1.0],
                [0.98493, -0.150218, 0.085706, -0.125006, -0.16609, -0.959727, 0.226581, -0.002831, 0.048218, -0.237401, -0.970214, -1.2e-05, 0.0, 0.0, 0.0, 1.0],
                [0.972923, -0.157344, 0.169302, -0.125006, -0.180008, -0.975296, 0.128041, -0.002831, 0.144973, -0.155049, -0.977211, -1.2e-05, 0.0, 0.0, 0.0, 1.0],
                [0.968337, -0.160361, 0.191328, -0.125006, -0.181939, -0.978107, 0.101024, -0.002831, 0.170938, -0.132635, -0.976313, -1.2e-05, 0.0, 0.0, 0.0, 1.0],
                [0.986828, -0.064195, 0.148486, -0.125006, -0.09269, -0.976657, 0.193777, -0.002831, 0.132581, -0.204987, -0.969743, -1.2e-05, 0.0, 0.0, 0.0, 1.0],
                [0.986828, -0.097509, 0.129077, -0.125006, -0.09269, -0.994773, -0.042846, -0.002831, 0.132581, 0.030318, -0.990708, -1.2e-05, 0.0, 0.0, 0.0, 1.0],
                [0.950028, -0.271401, 0.154232, -0.125006, -0.217595, -0.93001, -0.296199, -0.002831, 0.223826, 0.247838, -0.942591, -1.2e-05, 0.0, 0.0, 0.0, 1.0],
                [0.950028, -0.271401, 0.154232, -0.125006, -0.217595, -0.93001, -0.296199, -0.002831, 0.223826, 0.247838, -0.942591, -1.2e-05, 0.0, 0.0, 0.0, 1.0],
                [0.950028, -0.271401, 0.154232, -0.125006, -0.217595, -0.93001, -0.296199, -0.002831, 0.223826, 0.247838, -0.942591, -1.2e-05, 0.0, 0.0, 0.0, 1.0],
                [0.869242, -0.05516, -0.491298, -0.125006, -0.021407, -0.997024, 0.074063, -0.002831, -0.493921, -0.053862, -0.867837, -1.2e-05, 0.0, 0.0, 0.0, 1.0]
            ]
        },
        {
            "name": "Leg_L",
            "time": [0.0, 0.3, 0.5, 0.6167, 0.7333, 1.0667, 1.3333, 1.4333, 1.5833, 2.1333, 2.4167],
            "transform": [
                [0.999877, -0.01441, 0.00616, -0.0, 0.012447, 0.969059, 0.246513, 0.37472, -0.009522, -0.246405, 0.96912, -0.0, 0.0, 0.0, 0.0, 1.0],
                [0.999877, -0.01441, 0.00616, -0.0, 0.012447, 0.969059, 0.246513, 0.37472, -0.009522, -0.246405, 0.96912, -0.0, 0.0, 0.0, 0.0, 1.0],
                [0.999877, -0.01441, 0.00616, -0.0, 0.012447, 0.969059, 0.246513, 0.37472, -0.009522, -0.246405, 0.969121, -0.0, 0.0, 0.0, 0.0, 1.0],
                [0.999877, -0.01441, 0.00616, -0.0, 0.012447, 0.969059, 0.246513, 0.37472, -0.009522, -0.246405, 0.96912, 0.0, 0.0, 0.0, 0.0, 1.0],
                [0.999877, -0.01441, 0.00616, -0.0, 0.012447, 0.969059, 0.246513, 0.37472, -0.009522, -0.246405, 0.96912, 0.0, 0.0, 0.0, 0.0, 1.0],
                [0.999877, -0.01441, 0.00616, 0.0, 0.012447, 0.969059, 0.246513, 0.37472, -0.009522, -0.246405, 0.96912, -0.0, 0.0, 0.0, 0.0, 1.0],
                [0.999877, -0.01441, 0.00616, -0.0, 0.012447, 0.969059, 0.246513, 0.37472, -0.009522, -0.246405, 0.96912, -0.0, 0.0, 0.0, 0.0, 1.0],
                [0.999877, -0.01441, 0.00616, -0.0, 0.012447, 0.969059, 0.246513, 0.37472, -0.009522, -0.246405, 0.96912, 0.0, 0.0, 0.0, 0.0, 1.0],
                [0.999877, -0.01441, 0.00616, -0.0, 0.012447, 0.969059, 0.246513, 0.37472, -0.009522, -0.246405, 0.96912, -0.0, 0.0, 0.0, 0.0, 1.0],
                [0.999877, -0.01441, 0.00616, -0.0, 0.012447, 0.969059, 0.246513, 0.37472, -0.009522, -0.246405, 0.96912, 0.0, 0.0, 0.0, 0.0, 1.0],
                [0.999989, -0.003452, -0.00313, 0.0, 0.003782, 0.993653, 0.112423, 0.37472, 0.002722, -0.112434, 0.993656, 0.0, 0.0, 0.0, 0.0, 1.0]
            ]
        },
        {
            "name": "Knee_L",
            "time": [0.0, 0.3, 0.5, 0.6167, 0.7333, 1.0667, 1.3333, 1.4333, 1.5833, 2.1333, 2.4167],
            "transform": [
                [1.0, 0.0, -0.0, -0.0, -0.0, 0.646483, -0.762929, 0.37472, -0.0, 0.762928, 0.646483, -0.0, 0.0, 0.0, 0.0, 1.0],
                [1.0, 0.0, -0.0, -0.0, -0.0, 0.646483, -0.762929, 0.37472, -0.0, 0.762928, 0.646483, -0.0, 0.0, 0.0, 0.0, 1.0],
                [1.0, 0.0, -0.0, -0.0, -0.0, 0.646483, -0.762928, 0.37472, -0.0, 0.762928, 0.646483, -0.0, 0.0, 0.0, 0.0, 1.0],
                [1.0, 0.0, -0.0, -0.0, -0.0, 0.646483, -0.762928, 0.37472, -0.0, 0.762929, 0.646483, 0.0, 0.0, 0.0, 0.0, 1.0],
                [1.0, 0.0, -0.0, -0.0, -0.0, 0.646483, -0.762928, 0.37472, -0.0, 0.762928, 0.646483, 0.0, 0.0, 0.0, 0.0, 1.0],
                [1.0, 0.0, -0.0, 0.0, -0.0, 0.646483, -0.762928, 0.37472, -0.0, 0.762928, 0.646483, -0.0, 0.0, 0.0, 0.0, 1.0],
                [1.0, 0.0, -0.0, -0.0, -0.0, 0.646483, -0.762929, 0.37472, -0.0, 0.762928, 0.646483, -0.0, 0.0, 0.0, 0.0, 1.0],
                [1.0, 0.0, -0.0, -0.0, -0.0, 0.646483, -0.762928, 0.37472, -0.0, 0.762929, 0.646483, 0.0, 0.0, 0.0, 0.0, 1.0],
                [1.0, 0.0, -0.0, -0.0, -0.0, 0.646483, -0.762928, 0.37472, -0.0, 0.762929, 0.646483, -0.0, 0.0, 0.0, 0.0, 1.0],
                [1.0, 0.0, -0.0, -0.0, -0.0, 0.646483, -0.762928, 0.37472, -0.0, 0.762929, 0.646483, 0.0, 0.0, 0.0, 0.0, 1.0],
                [1.0, 0.0, -0.0, 0.0, -0.0, 1e-06, -1.0, 0.37472, -0.0, 1.0, 1e-06, 0.0, 0.0, 0.0, 0.0, 1.0]
            ]
        },
        {
            "name": "Torso",
            "time": [0.0, 0.3, 0.5, 0.6167, 0.7333, 0.8167, 1.0667, 1.3333, 1.4333, 1.5833, 2.1333, 2.4167],
            "transform": [
                [0.937681, 0.074007, -0.339526, 0.0, -0.131266, 0.980103, -0.148887, 0.05, 0.321752, 0.184177, 0.928738, -0.0, 0.0, 0.0, 0.0, 1.0],
                [0.937681, 0.074007, -0.339526, 0.0, -0.131266, 0.980103, -0.148887, 0.05, 0.321752, 0.184177, 0.928738, -0.0, 0.0, 0.0, 0.0, 1.0],
                [0.96632, 0.037897, -0.254539, 0.0, -0.080613, 0.983893, -0.159548, 0.05, 0.244393, 0.174693, 0.95381, -0.0, 0.0, 0.0, 0.0, 1.0],
                [0.977806, 0.006446, -0.209414, -0.0, -0.041636, 0.985569, -0.164075, 0.05, 0.205334, 0.169152, 0.963963, 0.0, 0.0, 0.0, 0.0, 1.0],
                [0.979856, -0.022227, -0.198465, 0.0, -0.011277, 0.986043, -0.166108, 0.05, 0.199387, 0.165, 0.96593, 0.0, 0.0, 0.0, 0.0, 1.0],
                [0.979757, -0.030206, -0.1979, -0.0, -0.003247, 0.986023, -0.166576, 0.05, 0.200166, 0.163847, 0.965965, 0.0, 0.0, 0.0, 0.0, 1.0],
                [0.979757, -0.030206, -0.1979, 0.0, -0.003247, 0.986023, -0.166576, 0.05, 0.200165, 0.163847, 0.965965, -0.0, 0.0, 0.0, 0.0, 1.0],
                [0.979757, -0.030206, -0.1979, -0.0, -0.003247, 0.986023, -0.166576, 0.05, 0.200166, 0.163847, 0.965965, 0.0, 0.0, 0.0, 0.0, 1.0],
                [0.979757, -0.030206, -0.1979, 0.0, -0.003247, 0.986023, -0.166576, 0.05, 0.200166, 0.163847, 0.965965, 0.0, 0.0, 0.0, 0.0, 1.0],
                [0.979757, -0.008681, -0.200004, 0.0, -0.003247, 0.998239, -0.059236, 0.05, 0.200166, 0.058686, 0.978003, 0.0, 0.0, 0.0, 0.0, 1.0],
                [0.979757, -0.008681, -0.200004, 0.0, -0.003247, 0.998239, -0.059236, 0.05, 0.200166, 0.058686, 0.978003, 0.0, 0.0, 0.0, 0.0, 1.0],
                [0.99978, -0.020971, -0.000197, -0.0, 0.020971, 0.999603, 0.018833, 0.05, -0.000198, -0.018833, 0.999823, 0.0, 0.0, 0.0, 0.0, 1.0]
            ]
        },
        {
            "name": "Chest",
            "time": [0.0, 0.3, 0.5, 0.6167, 0.7333, 1.0667, 1.3333, 1.4333, 1.5833, 2.1333, 2.4167],
            "transform": [
                [0.968559, -0.146555, 0.201035, -0.0, 0.125279, 0.985455, 0.114821, 0.3, -0.214939, -0.086026, 0.972831, -0.0, 0.0, 0.0, 0.0, 1.0],
                [0.968559, -0.146555, 0.201035, -0.0, 0.125279, 0.985455, 0.114821, 0.3, -0.214939, -0.086026, 0.972831, -0.0, 0.0, 0.0, 0.0, 1.0],
                [0.70484, -0.118529, -0.699394, 0.0, -0.05214, 0.974618, -0.217719, 0.3, 0.707448, 0.189923, 0.680769, 0.0, 0.0, 0.0, 0.0, 1.0],
                [0.81972, -0.132695, -0.557182, -0.0, -0.071835, 0.941294, -0.329856, 0.3, 0.568242, 0.310415, 0.762065, -0.0, 0.0, 0.0, 0.0, 1.0],
                [0.917083, -0.116181, -0.381394, -0.0, -0.059644, 0.905858, -0.419361, 0.3, 0.39421, 0.407337, 0.823817, 0.0, 0.0, 0.0, 0.0, 1.0],
                [0.999673, -0.022377, 0.012381, -0.0, 0.025519, 0.841181, -0.540151, 0.3, 0.001672, 0.54029, 0.841477, -0.0, 0.0, 0.0, 0.0, 1.0],
                [0.999673, -0.022377, 0.012381, 0.0, 0.025519, 0.841185, -0.540145, 0.3, 0.001672, 0.540284, 0.841481, -0.0, 0.0, 0.0, 0.0, 1.0],
                [0.999673, -0.0212, -0.014303, -0.0, 0.025519, 0.863503, 0.503698, 0.3, 0.001672, -0.503898, 0.863762, -0.0, 0.0, 0.0, 0.0, 1.0],
                [0.999673, -0.020264, -0.015601, 0.0, 0.025519, 0.830304, 0.556726, 0.3, 0.001672, -0.556942, 0.83055, -0.0, 0.0, 0.0, 0.0, 1.0],
                [0.999673, -0.020264, -0.015601, -0.0, 0.025519, 0.830304, 0.556726, 0.3, 0.001672, -0.556942, 0.83055, 0.0, 0.0, 0.0, 0.0, 1.0],
                [0.999771, -0.021316, -0.002029, -0.0, 0.021411, 0.994316, 0.104295, 0.3, -0.000206, -0.104315, 0.994544, 0.0, 0.0, 0.0, 0.0, 1.0]
            ]
        },
        {
            "name": "Head",
            "time": [0.0, 0.3, 0.5, 0.6167, 0.7333, 0.8167, 1.0667, 1.3333, 1.4333, 1.5833, 2.1333, 2.4167],
            "transform": [
                [0.338392, 0.037721, -0.940249, 0.0, -0.059495, 0.998055, 0.018628, 0.4, 0.939122, 0.049637, 0.339978, -0.0, 0.0, 0.0, 0.0, 1.0],
                [0.338392, 0.037721, -0.940249, 0.0, -0.059495, 0.998055, 0.018628, 0.4, 0.939122, 0.049637, 0.339978, -0.0, 0.0, 0.0, 0.0, 1.0],
                [0.995131, 0.037721, -0.091054, -0.0, -0.042044, 0.998055, -0.046033, 0.4, 0.089141, 0.049637, 0.994781, 0.0, 0.0, 0.0, 0.0, 1.0],
                [0.998738, 0.037721, -0.033165, -0.0, -0.039302, 0.998055, -0.048395, 0.4, 0.031275, 0.049637, 0.998278, -0.0, 0.0, 0.0, 0.0, 1.0],
                [0.999282, 0.037721, -0.003455, -0.0, -0.037846, 0.998055, -0.049542, 0.4, 0.001579, 0.049637, 0.998766, 0.0, 0.0, 0.0, 0.0, 1.0],
                [0.999287, 0.037721, 0.001442, -0.0, -0.037603, 0.998055, -0.049727, 0.4, -0.003315, 0.049637, 0.998762, 0.0, 0.0, 0.0, 0.0, 1.0],
                [0.999287, 0.037721, 0.001442, -0.0, -0.037603, 0.998055, -0.049727, 0.4, -0.003315, 0.049637, 0.998762, 0.0, 0.0, 0.0, 0.0, 1.0],
                [0.999287, 0.037721, 0.001442, 0.0, -0.037603, 0.998055, -0.049727, 0.4, -0.003315, 0.049637, 0.998762, 0.0, 0.0, 0.0, 0.0, 1.0],
                [0.999287, 0.037721, 0.001442, 0.0, -0.037603, 0.998055, -0.049727, 0.4, -0.003315, 0.049637, 0.998762, 0.0, 0.0, 0.0, 0.0, 1.0],
                [0.999287, 0.037721, 0.001442, 0.0, -0.037603, 0.998055, -0.049727, 0.4, -0.003315, 0.049637, 0.998762, -0.0, 0.0, 0.0, 0.0, 1.0],
                [0.999287, 0.037721, 0.001442, 0.0, -0.037603, 0.998055, -0.049727, 0.4, -0.003315, 0.049637, 0.998762, -0.0, 0.0, 0.0, 0.0, 1.0],
                [0.853111, 0.037721, 0.520365, -0.0, -0.006297, 0.998055, -0.062025, 0.4, -0.521692, 0.049637, 0.851689, -0.0, 0.0, 0.0, 0.0, 1.0]
            ]
        },
        {
            "name": "Shoulder_R",
            "time": [0.0, 0.3, 0.5, 0.6167, 0.7333, 0.8167, 1.0667, 1.3333, 1.4333, 1.5833, 2.1333, 2.4167],
            "transform": [
                [0.115371, 0.922008, 0.36958, 0.0, 0.06772, -0.3785, 0.923121, 0.4, 0.991011, -0.081474, -0.106106, -0.0, 0.0, 0.0, 0.0, 1.0],
                [0.115371, 0.922008, 0.36958, 0.0, 0.06772, -0.3785, 0.923121, 0.4, 0.991011, -0.081474, -0.106106, -0.0, 0.0, 0.0, 0.0, 1.0],
                [0.254076, 0.893787, 0.36958, -0.0, 0.009444, -0.384394, 0.923121, 0.4, 0.967138, -0.231053, -0.106106, 0.0, 0.0, 0.0, 0.0, 1.0],
                [0.360465, 0.856431, 0.36958, -0.0, -0.037185, -0.382708, 0.923121, 0.4, 0.932031, -0.346496, -0.106106, -0.0, 0.0, 0.0, 0.0, 1.0],
                [0.444964, 0.815731, 0.36958, -0.0, -0.075576, -0.37701, 0.923121, 0.4, 0.892353, -0.438687, -0.106106, 0.0, 0.0, 0.0, 0.0, 1.0],
                [0.467084, 0.80327, 0.36958, -0.0, -0.085848, -0.374804, 0.923121, 0.4, 0.880035, -0.462903, -0.106106, 0.0, 0.0, 0.0, 0.0, 1.0],
                [0.467084, 0.80327, 0.36958, -0.0, -0.085848, -0.374804, 0.923121, 0.4, 0.880035, -0.462903, -0.106106, 0.0, 0.0, 0.0, 0.0, 1.0],
                [0.467084, 0.80327, 0.36958, 0.0, -0.085848, -0.374804, 0.923121, 0.4, 0.880035, -0.462903, -0.106106, 0.0, 0.0, 0.0, 0.0, 1.0],
                [0.467084, 0.80327, 0.36958, 0.0, -0.085848, -0.374804, 0.923121, 0.4, 0.880035, -0.462903, -0.106106, 0.0, 0.0, 0.0, 0.0, 1.0],
                [0.467084, 0.80327, 0.36958, 0.0, -0.085848, -0.374804, 0.923121, 0.4, 0.880035, -0.462903, -0.106106, -0.0, 0.0, 0.0, 0.0, 1.0],
                [0.467084, 0.80327, 0.36958, 0.0, -0.085848, -0.374804, 0.923121, 0.4, 0.880035, -0.462903, -0.106106, -0.0, 0.0, 0.0, 0.0, 1.0],
                [0.110305, 0.959352, 0.259762, -0.0, 0.091141, -0.270019, 0.958532, 0.4, 0.98971, -0.082056, -0.11722, -0.0, 0.0, 0.0, 0.0, 1.0]
            ]
        },
        {
            "name": "Arm_R",
            "time": [0.0, 0.3, 0.5, 0.6167, 0.7333, 0.8167, 1.0667, 1.3333, 1.4333, 1.5833, 2.1333, 2.2833, 2.4167],
            "transform": [
                [-0.963848, -0.213373, -0.159586, -0.0, -0.237284, 0.959822, 0.149794, 0.39386, 0.121213, 0.182246, -0.975753, 0.0, 0.0, 0.0, 0.0, 1.0],
                [-0.963848, -0.213373, -0.159586, -0.0, -0.237284, 0.959822, 0.149794, 0.39386, 0.121213, 0.182246, -0.975753, 0.0, 0.0, 0.0, 0.0, 1.0],
                [-0.128927, -0.964342, -0.23113, -0.0, 0.206599, 0.201841, -0.95738, 0.39386, 0.969894, -0.171183, 0.173209, 0.0, 0.0, 0.0, 0.0, 1.0],
                [0.063498, -0.933124, 0.353903, 0.0, 0.778177, -0.175728, -0.602959, 0.393861, 0.624826, 0.313686, 0.714978, -0.0, 0.0, 0.0, 0.0, 1.0],
                [0.05663, -0.898211, 0.435903, -0.0, 0.837194, -0.195158, -0.510901, 0.39386, 0.543967, 0.393867, 0.740924, 0.0, 0.0, 0.0, 0.0, 1.0],
                [0.057232, -0.895157, 0.442062, -0.0, 0.839558, -0.196454, -0.506505, 0.39386, 0.540247, 0.400125, 0.740293, -0.0, 0.0, 0.0, 0.0, 1.0],
                [0.057232, -0.659186, 0.749799, -0.0, 0.839558, -0.37463, -0.393439, 0.39386, 0.540246, 0.652017, 0.531984, 0.0, 0.0, 0.0, 0.0, 1.0],
                [0.111696, -0.659186, 0.743638, 0.0, 0.80867, -0.374629, -0.453548, 0.39386, 0.577561, 0.652017, 0.49122, 0.0, 0.0, 0.0, 0.0, 1.0],
                [0.121245, -0.953736, 0.275114, -0.0, 0.924083, 0.007248, -0.382124, 0.393861, 0.362451, 0.300559, 0.882209, 0.0, 0.0, 0.0, 0.0, 1.0],
                [0.121245, -0.953736, 0.275114, 0.0, 0.924083, 0.007248, -0.382124, 0.39386, 0.362451, 0.300559, 0.882209, -0.0, 0.0, 0.0, 0.0, 1.0],
                [0.121245, -0.953736, 0.275114, 0.0, 0.924083, 0.007248, -0.382124, 0.39386, 0.362451, 0.300559, 0.882209, -0.0, 0.0, 0.0, 0.0, 1.0],
                [0.147721, -0.89967, 0.410819, 0.0, 0.890896, -0.059347, -0.450313, 0.39386, 0.429514, 0.432518, 0.792746, -0.0, 0.0, 0.0, 0.0, 1.0],
                [0.043023, -0.059379, -0.997308, 0.0, 0.813119, 0.582097, 0.00042, 0.39386, 0.580505, -0.810948, 0.073326, 0.0, 0.0, 0.0, 0.0, 1.0]
            ]
        },
        {
            "name": "Hand_R",
            "time": [0.0, 0.3, 0.5, 0.6167, 0.7333, 1.0667, 1.3333, 1.4333, 1.5833, 2.1333, 2.4167],
            "transform": [
                [0.999998, -0.000998, 0.001526, -0.0, 0.000868, 0.996578, 0.082649, 0.3, -0.001603, -0.082647, 0.996578, -0.0, 0.0, 0.0, 0.0, 1.0],
                [0.999998, -0.000998, 0.001526, -0.0, 0.000868, 0.996578, 0.082649, 0.3, -0.001603, -0.082647, 0.996578, -0.0, 0.0, 0.0, 0.0, 1.0],
                [0.999998, -0.000998, 0.001526, 0.0, 0.000868, 0.996578, 0.082649, 0.3, -0.001603, -0.082647, 0.996578, -0.0, 0.0, 0.0, 0.0, 1.0],
                [0.999998, -0.000997, 0.001526, -0.0, 0.000868, 0.996578, 0.082649, 0.3, -0.001603, -0.082647, 0.996577, -0.0, 0.0, 0.0, 0.0, 1.0],
                [0.999998, -0.000997, 0.001526, 0.0, 0.000868, 0.996578, 0.082649, 0.3, -0.001603, -0.082647, 0.996578, -0.0, 0.0, 0.0, 0.0, 1.0],
                [0.999998, -0.000998, 0.001526, -0.0, 0.000868, 0.996578, 0.082649, 0.3, -0.001603, -0.082647, 0.996578, 0.0, 0.0, 0.0, 0.0, 1.0],
                [0.999998, -0.000997, 0.001526, -0.0, 0.000868, 0.996578, 0.082649, 0.3, -0.001603, -0.082647, 0.996578, -0.0, 0.0, 0.0, 0.0, 1.0],
                [0.999998, -0.000998, 0.001526, -0.0, 0.000868, 0.996578, 0.082649, 0.3, -0.001603, -0.082647, 0.996578, -0.0, 0.0, 0.0, 0.0, 1.0],
                [0.999998, -0.000997, 0.001526, 0.0, 0.000868, 0.996578, 0.082649, 0.3, -0.001603, -0.082647, 0.996578, -0.0, 0.0, 0.0, 0.0, 1.0],
                [0.999998, -0.000997, 0.001526, -0.0, 0.000868, 0.996578, 0.082649, 0.3, -0.001603, -0.082647, 0.996578, 0.0, 0.0, 0.0, 0.0, 1.0],
                [0.999998, -0.000848, 0.001614, 0.0, 0.000868, 0.999919, -0.012686, 0.3, -0.001603, 0.012688, 0.999918, 0.0, 0.0, 0.0, 0.0, 1.0]
            ]
        },
        {
            "name": "Tool_R",
            "time": [0.0, 0.3, 0.3333, 0.3667, 0.4, 0.4167, 0.4333, 0.45, 0.4667, 0.4833, 0.5, 0.5333, 0.55, 0.5667, 0.6167, 0.65, 0.7, 0.7167, 0.7333, 0.7833, 0.8167, 0.8667, 0.9167, 0.95, 0.9833, 1.0167, 1.0667, 1.15, 1.3333, 1.35, 1.3667, 1.3833, 1.4, 1.4167, 1.4333, 1.5, 1.5833, 2.1333, 2.2833, 2.4167],
            "transform": [
                [0.995585, 0.087445, -0.034116, 0.000755, 0.074061, -0.95511, -0.286843, 0.303678, -0.057633, 0.282872, -0.956806, -0.173177, 0.0, 0.0, 0.0, 1.0],
                [0.995585, 0.087445, -0.034116, 0.000755, 0.074061, -0.95511, -0.286843, 0.303678, -0.057633, 0.282872, -0.956806, -0.173177, 0.0, 0.0, 0.0, 1.0],
                [0.998476, 0.00641, 0.054808, 0.070132, 0.021491, -0.959979, -0.279246, 0.303569, 0.050794, 0.279822, -0.95809, -0.186046, 0.0, 0.0, 0.0, 1.0],
                [0.958478, -0.207968, 0.195114, 0.263769, -0.136576, -0.93541, -0.326121, 0.28032, 0.250185, 0.285753, -0.924429, -0.170281, 0.0, 0.0, 0.0, 1.0],
                [0.743906, -0.459305, 0.48543, 0.515165, -0.226502, -0.856678, -0.463465, 0.246539, 0.628354, 0.234676, -0.740888, -0.02894, 0.0, 0.0, 0.0, 1.0],
                [0.543028, -0.549523, 0.634938, 0.571873, -0.203955, -0.819806, -0.53509, 0.255067, 0.814085, 0.160966, -0.556931, 0.1187, 0.0, 0.0, 0.0, 1.0],
                [0.28707, -0.551524, 0.783206, 0.550711, -0.159836, -0.833737, -0.528522, 0.307747, 0.94392, 0.026514, -0.327306, 0.289462, 0.0, 0.0, 0.0, 1.0],
                [0.031523, -0.500168, 0.865354, 0.440734, -0.0531, -0.8654, -0.49826, 0.397052, 0.9975, -0.030235, -0.053813, 0.420452, 0.0, 0.0, 0.0, 1.0],
                [-0.243597, -0.444674, 0.861932, 0.285345, -0.00885, -0.887646, -0.460442, 0.498613, 0.969262, -0.119729, 0.212162, 0.470178, 0.0, 0.0, 0.0, 1.0],
                [-0.42173, -0.347058, 0.837672, 0.117031, 0.027349, -0.928296, -0.370836, 0.596037, 0.905773, -0.133414, 0.400741, 0.44601, 0.0, 0.0, 0.0, 1.0],
                [-0.564563, -0.248745, 0.787017, -0.022989, 0.097706, -0.966945, -0.235524, 0.671252, 0.819103, -0.056049, 0.569865, 0.358456, 0.0, 0.0, 0.0, 1.0],
                [-0.772731, -0.170006, 0.611543, -0.132514, 0.250805, -0.96684, 0.048135, 0.719998, 0.582739, 0.19045, 0.789279, 0.015208, 0.0, 0.0, 0.0, 1.0],
                [-0.826887, -0.245618, 0.505896, -0.137373, 0.373229, -0.912591, 0.166969, 0.697004, 0.42042, 0.326676, 0.845782, -0.162212, 0.0, 0.0, 0.0, 1.0],
                [-0.867181, -0.277136, 0.413754, -0.111834, 0.408077, -0.871663, 0.271435, 0.650161, 0.285265, 0.403978, 0.868471, -0.309388, 0.0, 0.0, 0.0, 1.0],
                [-0.890727, -0.383236, 0.244408, 0.052226, 0.453996, -0.723829, 0.519577, 0.462297, -0.022193, 0.573414, 0.818242, -0.537746, 0.0, 0.0, 0.0, 1.0],
                [-0.876866, -0.425394, 0.223933, 0.084567, 0.465893, -0.637114, 0.614027, 0.436612, -0.118457, 0.642361, 0.75641, -0.63608, 0.0, 0.0, 0.0, 1.0],
                [-0.950123, -0.195465, 0.243023, -0.120169, 0.30793, -0.711509, 0.631613, 0.554506, 0.049429, 0.674536, 0.735781, -0.834341, 0.0, 0.0, 0.0, 1.0],
                [-0.948941, -0.159098, 0.272396, -0.186988, 0.305227, -0.681176, 0.665459, 0.534428, 0.079633, 0.714193, 0.694553, -0.844095, 0.0, 0.0, 0.0, 1.0],
                [-0.956502, -0.086056, 0.278746, -0.222315, 0.257271, -0.699313, 0.666913, 0.531558, 0.13746, 0.709189, 0.690632, -0.864138, 0.0, 0.0, 0.0, 1.0],
                [-0.939683, -0.166, 0.299064, -0.1798, 0.331814, -0.654652, 0.679213, 0.486954, 0.082987, 0.737035, 0.669857, -0.903329, 0.0, 0.0, 0.0, 1.0],
                [-0.936778, -0.156572, 0.312942, -0.128365, 0.338385, -0.633108, 0.696182, 0.46119, 0.089074, 0.757608, 0.645688, -0.939087, 0.0, 0.0, 0.0, 1.0],
                [-0.895777, -0.297179, 0.330557, -0.058432, 0.441069, -0.501987, 0.743953, 0.345499, -0.055114, 0.811729, 0.580409, -0.999836, 0.0, 0.0, 0.0, 1.0],
                [-0.882215, -0.308539, 0.355669, 0.002873, 0.449642, -0.327929, 0.830833, 0.154443, -0.139623, 0.892365, 0.427792, -1.136111, 0.0, 0.0, 0.0, 1.0],
                [-0.867258, -0.319674, 0.381671, 0.028796, 0.455281, -0.199033, 0.867816, -0.027076, -0.201329, 0.925837, 0.317975, -1.219033, 0.0, 0.0, 0.0, 1.0],
                [-0.857696, -0.315917, 0.405653, 0.044291, 0.449574, -0.077978, 0.889833, -0.221095, -0.249329, 0.945017, 0.208795, -1.269843, 0.0, 0.0, 0.0, 1.0],
                [-0.859111, -0.293238, 0.419452, 0.048901, 0.433991, 0.016976, 0.900757, -0.372487, -0.271092, 0.955323, 0.112621, -1.299911, 0.0, 0.0, 0.0, 1.0],
                [-0.842985, -0.289575, 0.453347, 0.03811, 0.429431, 0.145315, 0.891332, -0.48466, -0.32379, 0.945502, 0.001862, -1.319345, 0.0, 0.0, 0.0, 1.0],
                [-0.865486, -0.232595, 0.443661, -0.027392, 0.416128, 0.159233, 0.895256, -0.523915, -0.278708, 0.958884, -0.04099, -1.367548, 0.0, 0.0, 0.0, 1.0],
                [-0.884235, -0.191213, 0.426104, -0.084947, 0.402552, 0.150568, 0.902929, -0.543163, -0.236665, 0.969358, -0.056121, -1.350319, 0.0, 0.0, 0.0, 1.0],
                [-0.883769, -0.231215, 0.406807, -0.026264, 0.411163, 0.031303, 0.911024, -0.386006, -0.22324, 0.971823, 0.067373, -1.317524, 0.0, 0.0, 0.0, 1.0],
                [-0.878736, -0.343218, 0.331698, 0.093504, 0.437438, -0.301051, 0.847358, 0.004843, -0.190854, 0.889172, 0.414445, -1.114667, 0.0, 0.0, 0.0, 1.0],
                [-0.872662, -0.464137, 0.151781, 0.154313, 0.469827, -0.713282, 0.520087, 0.359342, -0.133045, 0.524853, 0.840027, -0.626536, 0.0, 0.0, 0.0, 1.0],
                [-0.869911, -0.491782, -0.037487, 0.069828, 0.486336, -0.867953, 0.100675, 0.406462, -0.081993, 0.069297, 0.993625, -0.067689, 0.0, 0.0, 0.0, 1.0],
                [-0.874892, -0.450972, -0.1766, -0.03455, 0.481258, -0.850429, -0.212512, 0.262345, -0.054311, -0.270764, 0.960496, 0.174525, 0.0, 0.0, 0.0, 1.0],
                [-0.880772, -0.409789, -0.237307, -0.064489, 0.471242, -0.807817, -0.354066, 0.185054, -0.046575, -0.423438, 0.904073, 0.244159, 0.0, 0.0, 0.0, 1.0],
                [-0.881607, -0.399496, -0.251343, -0.029221, 0.46994, -0.792498, -0.388719, 0.2645, -0.043866, -0.460549, 0.885882, 0.281849, 0.0, 0.0, 0.0, 1.0],
                [-0.878405, -0.368455, -0.304377, -0.138733, 0.476296, -0.727332, -0.494096, 0.066317, -0.039303, -0.578655, 0.813898, 0.373294, 0.0, 0.0, 0.0, 1.0],
                [-0.878405, -0.368455, -0.304377, -0.138733, 0.476296, -0.727332, -0.494096, 0.066317, -0.039303, -0.578655, 0.813898, 0.373294, 0.0, 0.0, 0.0, 1.0],
                [-0.520865, -0.847277, -0.104026, -0.009639, 0.772881, -0.416335, -0.478874, 0.242179, 0.362223, -0.329637, 0.871177, 0.133699, 0.0, 0.0, 0.0, 1.0],
                [0.993314, -0.054493, -0.101777, 0.010704, -0.088154, -0.927265, -0.363881, 0.330594, -0.074502, 0.37019, -0.925324, 0.180402, 0.0, 0.0, 0.0, 1.0]
            ]
        },
        {
            "name": "Elbow_R",
            "time": [0.0, 0.3, 0.5, 0.6167, 0.7333, 1.0667, 1.3333, 1.4333, 1.5833, 2.1333, 2.4167],
            "transform": [
                [-1.0, 0.0, -0.0, -0.0, 0.0, -0.0, -1.0, 0.314053, -0.0, -1.0, 0.0, 0.0, 0.0, 0.0, 0.0, 1.0],
                [-1.0, 0.0, -0.0, -0.0, 0.0, -0.0, -1.0, 0.314053, -0.0, -1.0, 0.0, 0.0, 0.0, 0.0, 0.0, 1.0],
                [-1.0, 0.0, -0.0, 0.0, 0.0, -0.0, -1.0, 0.314053, -0.0, -1.0, 0.0, -0.0, 0.0, 0.0, 0.0, 1.0],
                [-1.0, 0.0, -0.0, -0.0, 0.0, 0.0, -1.0, 0.314053, -0.0, -1.0, 0.0, 0.0, 0.0, 0.0, 0.0, 1.0],
                [-1.0, 0.0, -0.0, 0.0, 0.0, -0.0, -1.0, 0.314053, -0.0, -1.0, 0.0, 0.0, 0.0, 0.0, 0.0, 1.0],
                [-1.0, 0.0, -0.0, -0.0, 0.0, -0.0, -1.0, 0.314053, -0.0, -1.0, 0.0, 0.0, 0.0, 0.0, 0.0, 1.0],
                [-1.0, 0.0, 0.0, -0.0, -0.0, -0.0, -1.0, 0.314054, -0.0, -1.0, 0.0, -0.0, 0.0, 0.0, 0.0, 1.0],
                [-1.0, 0.0, -0.0, -0.0, 0.0, -0.0, -1.0, 0.314053, -0.0, -1.0, 0.0, -0.0, 0.0, 0.0, 0.0, 1.0],
                [-1.0, 0.0, -0.0, 0.0, 0.0, -0.0, -1.0, 0.314054, -0.0, -1.0, 0.0, -0.0, 0.0, 0.0, 0.0, 1.0],
                [-1.0, 0.0, -0.0, -0.0, 0.0, -0.0, -1.0, 0.314053, -0.0, -1.0, 0.0, 0.0, 0.0, 0.0, 0.0, 1.0],
                [-1.0, 0.0, -0.0, 0.0, 0.0, 0.0, -1.0, 0.429832, -0.0, -1.0, 0.0, 0.0, 0.0, 0.0, 0.0, 1.0]
            ]
        },
        {
            "name": "Shoulder_L",
            "time": [0.0, 0.3, 0.5, 0.6167, 0.7333, 0.8167, 1.0667, 1.3333, 1.4333, 1.5833, 2.1333, 2.4167],
            "transform": [
                [-0.226937, -0.879834, -0.417602, 0.0, -0.021067, -0.424255, 0.905298, 0.4, -0.973681, 0.214243, 0.077744, -0.0, 0.0, 0.0, 0.0, 1.0],
                [-0.226937, -0.879834, -0.417602, 0.0, -0.021067, -0.424255, 0.905298, 0.4, -0.973681, 0.214243, 0.077744, -0.0, 0.0, 0.0, 0.0, 1.0],
                [-0.027543, -0.908212, -0.417602, -0.0, 0.07291, -0.418473, 0.905298, 0.4, -0.996958, -0.005513, 0.077744, 0.0, 0.0, 0.0, 0.0, 1.0],
                [0.133418, -0.898781, -0.417602, -0.0, 0.145728, -0.398998, 0.905298, 0.4, -0.980287, -0.181639, 0.077744, -0.0, 0.0, 0.0, 0.0, 1.0],
                [0.263759, -0.869505, -0.417602, -0.0, 0.202655, -0.373318, 0.905298, 0.4, -0.94306, -0.32341, 0.077744, 0.0, 0.0, 0.0, 0.0, 1.0],
                [0.297977, -0.858381, -0.417602, -0.0, 0.217277, -0.365002, 0.905298, 0.4, -0.929516, -0.360494, 0.077744, 0.0, 0.0, 0.0, 0.0, 1.0],
                [0.297977, -0.858381, -0.417602, -0.0, 0.217277, -0.365002, 0.905298, 0.4, -0.929516, -0.360494, 0.077744, 0.0, 0.0, 0.0, 0.0, 1.0],
                [0.297977, -0.858381, -0.417602, 0.0, 0.217277, -0.365002, 0.905298, 0.4, -0.929516, -0.360494, 0.077744, 0.0, 0.0, 0.0, 0.0, 1.0],
                [0.297977, -0.858381, -0.417602, 0.0, 0.217277, -0.365002, 0.905298, 0.4, -0.929516, -0.360494, 0.077744, 0.0, 0.0, 0.0, 0.0, 1.0],
                [0.297977, -0.858381, -0.417602, 0.0, 0.217277, -0.365002, 0.905298, 0.4, -0.929516, -0.360494, 0.077744, -0.0, 0.0, 0.0, 0.0, 1.0],
                [0.297977, -0.858381, -0.417602, 0.0, 0.217277, -0.365002, 0.905298, 0.4, -0.929516, -0.360494, 0.077744, -0.0, 0.0, 0.0, 0.0, 1.0],
                [-0.226937, -0.879834, -0.417602, -0.0, -0.021067, -0.424255, 0.905298, 0.4, -0.973681, 0.214243, 0.077744, -0.0, 0.0, 0.0, 0.0, 1.0]
            ]
        },
        {
            "name": "Arm_L",
            "time": [0.0, 0.3, 0.5, 0.6167, 0.7333, 0.8167, 1.0667, 1.3333, 1.4333, 1.5833, 2.1333, 2.4167],
            "transform": [
                [-0.455396, 0.248528, 0.854896, 0.0, -0.69629, 0.498963, -0.515962, 0.39386, -0.554793, -0.830222, -0.054178, 0.0, 0.0, 0.0, 0.0, 1.0],
                [-0.455396, 0.248528, 0.854896, 0.0, -0.69629, 0.498963, -0.515962, 0.39386, -0.554793, -0.830222, -0.054178, 0.0, 0.0, 0.0, 0.0, 1.0],
                [-0.23874, 0.90469, 0.352902, -0.0, -0.809588, 0.015256, -0.5868, 0.39386, -0.536256, -0.425798, 0.728784, -0.0, 0.0, 0.0, 0.0, 1.0],
                [-0.174954, 0.980529, -0.089186, 0.0, -0.878069, -0.196365, -0.436389, 0.39386, -0.445405, 0.001963, 0.895327, 0.0, 0.0, 0.0, 0.0, 1.0],
                [-0.169841, 0.969823, -0.174919, 0.0, -0.889505, -0.227269, -0.396395, 0.39386, -0.424187, 0.088267, 0.901263, 0.0, 0.0, 0.0, 0.0, 1.0],
                [-0.169958, 0.968451, -0.182252, -0.0, -0.890874, -0.230055, -0.391687, 0.39386, -0.421258, 0.095793, 0.901868, 0.0, 0.0, 0.0, 0.0, 1.0],
                [-0.169958, 0.968451, -0.182252, -0.0, -0.890874, -0.230055, -0.391687, 0.39386, -0.421258, 0.095793, 0.901868, 0.0, 0.0, 0.0, 0.0, 1.0],
                [-0.151715, 0.959738, -0.236399, 0.0, -0.88229, -0.239312, -0.405331, 0.39386, -0.445585, 0.147078, 0.883075, 0.0, 0.0, 0.0, 0.0, 1.0],
                [-0.237866, 0.971297, -0.001447, 0.0, -0.878035, -0.215663, -0.427251, 0.39386, -0.4153, -0.100359, 0.904132, 0.0, 0.0, 0.0, 0.0, 1.0],
                [-0.237866, 0.971297, -0.001447, 0.0, -0.878035, -0.215663, -0.427251, 0.39386, -0.4153, -0.100359, 0.904132, 0.0, 0.0, 0.0, 0.0, 1.0],
                [-0.237866, 0.971297, -0.001447, -0.0, -0.878035, -0.215663, -0.427251, 0.39386, -0.4153, -0.100359, 0.904132, -0.0, 0.0, 0.0, 0.0, 1.0],
                [0.036604, 0.052076, 0.997972, 0.0, -0.871994, 0.489475, 0.006442, 0.39386, -0.488147, -0.870461, 0.063327, -0.0, 0.0, 0.0, 0.0, 1.0]
            ]
        },
        {
            "name": "Hand_L",
            "time": [0.0, 0.3, 0.5, 0.6167, 0.7333, 1.0667, 1.3333, 1.4333, 1.5833, 2.1333, 2.4167],
            "transform": [
                [0.999993, -0.001272, -0.003578, -0.0, 0.000938, 0.99579, -0.091665, 0.3, 0.003679, 0.091661, 0.995784, -0.0, 0.0, 0.0, 0.0, 1.0],
                [0.999993, -0.001272, -0.003578, -0.0, 0.000938, 0.99579, -0.091665, 0.3, 0.003679, 0.091661, 0.995784, -0.0, 0.0, 0.0, 0.0, 1.0],
                [0.999993, -0.001271, -0.003578, -0.0, 0.000938, 0.99579, -0.091665, 0.3, 0.003679, 0.091661, 0.995784, 0.0, 0.0, 0.0, 0.0, 1.0],
                [0.999993, -0.001272, -0.003578, -0.0, 0.000938, 0.99579, -0.091665, 0.3, 0.003679, 0.091661, 0.995784, 0.0, 0.0, 0.0, 0.0, 1.0],
                [0.999993, -0.001272, -0.003578, -0.0, 0.000938, 0.99579, -0.091665, 0.3, 0.003679, 0.091661, 0.995784, 0.0, 0.0, 0.0, 0.0, 1.0],
                [0.999993, -0.001272, -0.003578, 0.0, 0.000938, 0.99579, -0.091665, 0.3, 0.003679, 0.091661, 0.995784, -0.0, 0.0, 0.0, 0.0, 1.0],
                [0.999993, -0.001271, -0.003578, 0.0, 0.000938, 0.99579, -0.091665, 0.3, 0.003679, 0.091661, 0.995784, 0.0, 0.0, 0.0, 0.0, 1.0],
                [0.999993, -0.001271, -0.003578, -0.0, 0.000938, 0.99579, -0.091665, 0.3, 0.003679, 0.091661, 0.995784, -0.0, 0.0, 0.0, 0.0, 1.0],
                [0.999993, -0.001271, -0.003578, -0.0, 0.000938, 0.99579, -0.091665, 0.3, 0.003679, 0.091661, 0.995784, 0.0, 0.0, 0.0, 0.0, 1.0],
                [0.999993, -0.001271, -0.003578, -0.0, 0.000938, 0.99579, -0.091665, 0.3, 0.003679, 0.091661, 0.995784, 0.0, 0.0, 0.0, 0.0, 1.0],
                [0.999993, -0.001541, -0.00347, -0.0, 0.000938, 0.985901, -0.167329, 0.3, 0.003679, 0.167324, 0.985895, -0.0, 0.0, 0.0, 0.0, 1.0]
            ]
        },
        {
            "name": "Tool_L",
            "time": [0.0, 0.3, 0.5, 0.6167, 0.7333, 1.0667, 1.3333, 1.4333, 1.5833, 2.1333, 2.4167],
            "transform": [
                [0.997004, 0.01104, -0.076554, -0.0, -0.036659, -0.804079, -0.593391, 0.272858, -0.068067, 0.594062, -0.8008, -0.0, 0.0, 0.0, 0.0, 1.0],
                [0.997004, 0.01104, -0.076554, -0.0, -0.036659, -0.804079, -0.593391, 0.272858, -0.068067, 0.594062, -0.8008, -0.0, 0.0, 0.0, 0.0, 1.0],
                [0.997004, 0.01104, -0.076554, -0.0, -0.036659, -0.804079, -0.593391, 0.272858, -0.068067, 0.594062, -0.8008, -0.0, 0.0, 0.0, 0.0, 1.0],
                [0.997004, 0.01104, -0.076554, 0.0, -0.036659, -0.804079, -0.593391, 0.272858, -0.068067, 0.594062, -0.8008, -0.0, 0.0, 0.0, 0.0, 1.0],
                [0.997004, 0.01104, -0.076554, -0.0, -0.036659, -0.804079, -0.593391, 0.272858, -0.068067, 0.594062, -0.8008, -0.0, 0.0, 0.0, 0.0, 1.0],
