{
    "animation": [
        {
            "name": "Root",
            "time": [0.0, 0.2333, 0.4667, 0.7, 0.9333],
            "transform": [
                [0.996276, 0.029404, -0.081058, -5e-06, -0.086227, 0.339743, -0.936557, 0.000946, -0.0, 0.940058, 0.341013, 0.743765, 0.0, 0.0, 0.0, 1.0],
                [0.996276, 0.029404, -0.081058, -5e-06, -0.086227, 0.339743, -0.936557, 0.000946, -0.0, 0.940058, 0.341013, 0.587449, 0.0, 0.0, 0.0, 1.0],
                [0.996276, 0.029404, -0.081058, -5e-06, -0.086227, 0.339743, -0.936557, 0.000946, -0.0, 0.940058, 0.341013, 0.791647, 0.0, 0.0, 0.0, 1.0],
                [0.996276, 0.029404, -0.081058, -5e-06, -0.086227, 0.339743, -0.936557, 0.000946, -0.0, 0.940058, 0.341013, 0.598826, 0.0, 0.0, 0.0, 1.0],
                [0.996276, 0.029404, -0.081058, -5e-06, -0.086227, 0.339743, -0.936557, 0.000946, -0.0, 0.940058, 0.341013, 0.743765, 0.0, 0.0, 0.0, 1.0]
            ]
        },
        {
            "name": "Thigh_R",
            "time": [0.0, 0.2333, 0.4667, 0.7, 0.9333],
            "transform": [
                [0.999125, 0.035212, -0.022566, 0.124994, 0.036959, -0.995918, 0.082324, -0.002831, -0.019575, -0.083085, -0.996351, -1.2e-05, 0.0, 0.0, 0.0, 1.0],
                [0.993473, 0.106204, -0.041611, 0.124994, 0.067375, -0.840737, -0.537232, -0.002831, -0.09204, 0.530921, -0.842408, -1.2e-05, 0.0, 0.0, 0.0, 1.0],
                [0.997278, -0.051434, -0.052826, 0.124994, 0.015785, -0.550935, 0.834398, -0.002831, -0.07202, -0.832959, -0.548626, -1.2e-05, 0.0, 0.0, 0.0, 1.0],
                [0.993473, -0.071774, -0.088653, 0.124994, 0.067375, -0.257904, 0.963818, -0.002831, -0.092041, -0.963499, -0.251386, -1.2e-05, 0.0, 0.0, 0.0, 1.0],
                [0.999125, 0.035212, -0.022566, 0.124994, 0.036959, -0.995918, 0.082324, -0.002831, -0.019575, -0.083085, -0.996351, -1.2e-05, 0.0, 0.0, 0.0, 1.0]
            ]
        },
        {
            "name": "Leg_R",
            "time": [0.0, 0.2333, 0.4667, 0.6167, 0.7, 0.9333],
            "transform": [
                [1.0, -0.0, 1e-06, -0.0, 0.0, 0.997612, 0.069073, 0.37472, -1e-06, -0.069073, 0.997611, 0.0, 0.0, 0.0, 0.0, 1.0],
                [1.0, -0.0, 1e-06, -0.0, 0.0, 0.997612, 0.069073, 0.37472, -1e-06, -0.069073, 0.997611, 0.0, 0.0, 0.0, 0.0, 1.0],
                [1.0, -1e-06, 0.0, -0.0, -0.0, -0.144033, 0.989572, 0.37472, -1e-06, -0.989574, -0.144033, 0.0, 0.0, 0.0, 0.0, 1.0],
                [1.0, -0.0, 1e-06, 0.0, 0.0, 0.948623, 0.31641, 0.37472, -1e-06, -0.316411, 0.948622, -0.0, 0.0, 0.0, 0.0, 1.0],
                [1.0, -0.0, 1e-06, -0.0, 0.0, 0.898424, 0.439131, 0.37472, -1e-06, -0.439132, 0.898422, 0.0, 0.0, 0.0, 0.0, 1.0],
                [1.0, -0.0, 1e-06, -0.0, 0.0, 0.997612, 0.069073, 0.37472, -1e-06, -0.069073, 0.997611, 0.0, 0.0, 0.0, 0.0, 1.0]
            ]
        },
        {
            "name": "Knee_R",
            "time": [0.0, 0.2333, 0.4667, 0.7, 0.9333],
            "transform": [
                [1.0, 0.0, -0.0, -0.0, -0.0, 1e-06, -1.0, 0.37472, -0.0, 1.0, 1e-06, 0.0, 0.0, 0.0, 0.0, 1.0],
                [1.0, 0.0, -0.0, -0.0, -0.0, 1e-06, -1.0, 0.37472, -0.0, 1.0, 1e-06, 0.0, 0.0, 0.0, 0.0, 1.0],
                [1.0, 0.0, -0.0, -0.0, -0.0, 0.629944, -0.776641, 0.37472, -0.0, 0.776641, 0.629944, 0.0, 0.0, 0.0, 0.0, 1.0],
                [1.0, 0.0, -0.0, -0.0, -0.0, 1e-06, -1.0, 0.37472, -0.0, 1.0, 1e-06, 0.0, 0.0, 0.0, 0.0, 1.0],
                [1.0, 0.0, -0.0, -0.0, -0.0, 1e-06, -1.0, 0.37472, -0.0, 1.0, 1e-06, 0.0, 0.0, 0.0, 0.0, 1.0]
            ]
        },
        {
            "name": "Thigh_L",
            "time": [0.0, 0.2333, 0.4667, 0.7, 0.9333],
            "transform": [
                [0.997238, -0.065025, 0.035863, -0.125006, -0.052324, -0.272621, 0.960697, -0.002831, -0.052692, -0.959922, -0.275271, -1.2e-05, 0.0, 0.0, 0.0, 1.0],
                [0.997238, -0.066838, 0.032358, -0.125006, -0.052324, -0.323267, 0.94486, -0.002831, -0.052692, -0.943944, -0.325872, -1.2e-05, 0.0, 0.0, 0.0, 1.0],
                [0.997238, -0.068368, -0.028987, -0.125006, -0.052324, -0.923918, 0.378995, -0.002831, -0.052692, -0.376431, -0.924945, -1.2e-05, 0.0, 0.0, 0.0, 1.0],
                [0.997238, -0.023492, -0.070445, -0.125006, -0.052324, -0.89543, -0.442117, -0.002831, -0.052692, 0.444583, -0.894186, -1.2e-05, 0.0, 0.0, 0.0, 1.0],
                [0.997238, -0.070021, 0.024727, -0.125006, -0.052324, -0.4263, 0.903067, -0.002831, -0.052692, -0.901868, -0.428787, -1.2e-05, 0.0, 0.0, 0.0, 1.0]
            ]
        },
        {
            "name": "Leg_L",
            "time": [0.0, 0.15, 0.2333, 0.4667, 0.7, 0.9333],
            "transform": [
                [0.999989, 0.003287, -0.003303, 0.0, 0.003782, -0.158539, 0.987346, 0.37472, 0.002722, -0.987347, -0.15855, -0.0, 0.0, 0.0, 0.0, 1.0],
                [0.999989, -0.001896, -0.004257, -0.0, 0.003782, 0.863871, 0.503698, 0.37472, 0.002722, -0.503708, 0.86387, -0.0, 0.0, 0.0, 0.0, 1.0],
                [0.999989, -0.002947, -0.00361, 0.0, 0.003782, 0.965758, 0.259415, 0.37472, 0.002722, -0.259425, 0.96576, -0.0, 0.0, 0.0, 0.0, 1.0],
                [0.999989, -0.002947, -0.00361, -0.0, 0.003782, 0.965758, 0.259415, 0.37472, 0.002722, -0.259425, 0.96576, -0.0, 0.0, 0.0, 0.0, 1.0],
                [0.999989, -0.002947, -0.00361, -0.0, 0.003782, 0.965758, 0.259415, 0.37472, 0.002722, -0.259425, 0.96576, -0.0, 0.0, 0.0, 0.0, 1.0],
                [0.999989, 0.003287, -0.003303, -0.0, 0.003782, -0.158539, 0.987346, 0.37472, 0.002722, -0.987347, -0.15855, -0.0, 0.0, 0.0, 0.0, 1.0]
            ]
        },
        {
            "name": "Knee_L",
            "time": [0.0, 0.2333, 0.4667, 0.7, 0.9333],
            "transform": [
                [1.0, 0.0, -0.0, 0.0, -0.0, 0.410561, -0.911833, 0.37472, -0.0, 0.911833, 0.410561, -0.0, 0.0, 0.0, 0.0, 1.0],
                [1.0, 0.0, -0.0, 0.0, -0.0, 0.410561, -0.911833, 0.37472, -0.0, 0.911833, 0.410561, -0.0, 0.0, 0.0, 0.0, 1.0],
                [1.0, 0.0, -0.0, -0.0, -0.0, 0.410561, -0.911833, 0.37472, -0.0, 0.911833, 0.410561, -0.0, 0.0, 0.0, 0.0, 1.0],
                [1.0, 0.0, -0.0, -0.0, -0.0, 0.410561, -0.911833, 0.37472, -0.0, 0.911833, 0.410561, -0.0, 0.0, 0.0, 0.0, 1.0],
                [1.0, 0.0, -0.0, -0.0, -0.0, 0.410561, -0.911833, 0.37472, -0.0, 0.911833, 0.410561, -0.0, 0.0, 0.0, 0.0, 1.0]
            ]
        },
        {
            "name": "Torso",
            "time": [0.0, 0.2333, 0.4667, 0.7, 0.9333],
            "transform": [
                [0.99978, -0.020814, -0.00257, 0.0, 0.020971, 0.991049, 0.13184, 0.05, -0.000198, -0.131865, 0.991268, -0.0, 0.0, 0.0, 0.0, 1.0],
                [0.940652, -0.020814, -0.338733, 0.0, 0.064099, 0.991049, 0.117102, 0.05, 0.333264, -0.131865, 0.933567, -0.0, 0.0, 0.0, 0.0, 1.0],
                [0.99978, -0.020814, -0.00257, 0.0, 0.020971, 0.991049, 0.13184, 0.05, -0.000198, -0.131865, 0.991268, 0.0, 0.0, 0.0, 0.0, 1.0],
                [0.929586, -0.020814, 0.368018, -0.0, -0.029366, 0.991049, 0.130228, 0.05, -0.367435, -0.131865, 0.920654, -0.0, 0.0, 0.0, 0.0, 1.0],
                [0.99978, -0.020814, -0.00257, 0.0, 0.020971, 0.991049, 0.13184, 0.05, -0.000198, -0.131865, 0.991268, -0.0, 0.0, 0.0, 0.0, 1.0]
            ]
        },
        {
            "name": "Chest",
            "time": [0.0, 0.2333, 0.4667, 0.7, 0.9333],
            "transform": [
                [0.999771, -0.021316, -0.002029, 0.0, 0.021411, 0.994316, 0.104295, 0.3, -0.000206, -0.104315, 0.994544, 0.0, 0.0, 0.0, 0.0, 1.0],
                [0.993363, -0.021316, 0.113029, 0.0, 0.009268, 0.994316, 0.106066, 0.3, -0.114648, -0.104315, 0.987914, -0.0, 0.0, 0.0, 0.0, 1.0],
                [0.999771, -0.021316, -0.002029, -0.0, 0.021411, 0.994316, 0.104295, 0.3, -0.000206, -0.104315, 0.994544, 0.0, 0.0, 0.0, 0.0, 1.0],
                [0.985692, -0.021316, -0.167203, -0.0, 0.038351, 0.994316, 0.099324, 0.3, 0.164136, -0.104315, 0.980907, -0.0, 0.0, 0.0, 0.0, 1.0],
                [0.999771, -0.021316, -0.002029, 0.0, 0.021411, 0.994316, 0.104295, 0.3, -0.000206, -0.104315, 0.994544, 0.0, 0.0, 0.0, 0.0, 1.0]
            ]
        },
        {
            "name": "Head",
            "time": [0.0, 0.2333, 0.4667, 0.7, 0.9333],
            "transform": [
                [0.997758, 0.037721, 0.05528, 0.0, -0.034869, 0.998055, -0.051681, 0.4, -0.057122, 0.049637, 0.997133, -0.0, 0.0, 0.0, 0.0, 1.0],
                [0.959559, 0.037721, 0.278969, -0.0, -0.02231, 0.998055, -0.058215, 0.4, -0.280623, 0.049637, 0.958534, 0.0, 0.0, 0.0, 0.0, 1.0],
                [0.997758, 0.037721, 0.05528, 0.0, -0.034869, 0.998055, -0.051681, 0.4, -0.057122, 0.049637, 0.997133, -0.0, 0.0, 0.0, 0.0, 1.0],
                [0.993241, 0.037721, -0.109772, 0.0, -0.042903, 0.998055, -0.045233, 0.4, 0.107852, 0.049637, 0.992927, -0.0, 0.0, 0.0, 0.0, 1.0],
                [0.997758, 0.037721, 0.05528, 0.0, -0.034869, 0.998055, -0.051681, 0.4, -0.057122, 0.049637, 0.997133, -0.0, 0.0, 0.0, 0.0, 1.0]
            ]
        },
        {
            "name": "Shoulder_R",
            "time": [0.0, 0.2333, 0.4667, 0.7, 0.9333],
            "transform": [
                [0.110305, 0.959352, 0.259762, 0.0, 0.091141, -0.270019, 0.958532, 0.4, 0.98971, -0.082056, -0.11722, -0.0, 0.0, 0.0, 0.0, 1.0],
                [0.110305, 0.959352, 0.259762, -0.0, 0.09114, -0.270019, 0.958532, 0.4, 0.98971, -0.082056, -0.11722, 0.0, 0.0, 0.0, 0.0, 1.0],
                [0.110305, 0.959352, 0.259762, 0.0, 0.091141, -0.270019, 0.958532, 0.4, 0.98971, -0.082056, -0.11722, -0.0, 0.0, 0.0, 0.0, 1.0],
                [0.110305, 0.959352, 0.259762, 0.0, 0.09114, -0.270019, 0.958532, 0.4, 0.98971, -0.082056, -0.11722, -0.0, 0.0, 0.0, 0.0, 1.0],
                [0.110305, 0.959352, 0.259762, 0.0, 0.091141, -0.270019, 0.958532, 0.4, 0.98971, -0.082056, -0.11722, -0.0, 0.0, 0.0, 0.0, 1.0]
            ]
        },
        {
            "name": "Arm_R",
            "time": [0.0, 0.2333, 0.4667, 0.7, 0.9333],
            "transform": [
                [0.445237, 0.087903, -0.891088, 0.0, 0.827163, 0.340702, 0.446905, 0.39386, 0.34288, -0.936053, 0.078983, -0.0, 0.0, 0.0, 0.0, 1.0],
                [0.440162, -0.148063, -0.885627, -0.0, 0.874243, 0.295666, 0.385073, 0.39386, 0.204835, -0.943747, 0.259584, -0.0, 0.0, 0.0, 0.0, 1.0],
                [0.445237, 0.087903, -0.891088, 0.0, 0.827163, 0.340702, 0.446905, 0.39386, 0.34288, -0.936053, 0.078983, -0.0, 0.0, 0.0, 0.0, 1.0],
                [0.657629, 0.203863, -0.725234, -0.0, 0.659301, 0.310018, 0.684989, 0.39386, 0.36448, -0.928616, 0.06947, -0.0, 0.0, 0.0, 0.0, 1.0],
                [0.445237, 0.087903, -0.891088, 0.0, 0.827163, 0.340702, 0.446905, 0.39386, 0.34288, -0.936053, 0.078983, -0.0, 0.0, 0.0, 0.0, 1.0]
            ]
        },
        {
            "name": "Hand_R",
            "time": [0.0, 0.2333, 0.4667, 0.7, 0.9333],
            "transform": [
                [0.999998, -0.000848, 0.001614, -0.0, 0.000868, 0.999919, -0.012686, 0.3, -0.001603, 0.012688, 0.999918, -0.0, 0.0, 0.0, 0.0, 1.0],
                [0.999998, -0.000848, 0.001614, 0.0, 0.000868, 0.999919, -0.012686, 0.3, -0.001603, 0.012688, 0.999918, -0.0, 0.0, 0.0, 0.0, 1.0],
                [0.999998, -0.000848, 0.001614, -0.0, 0.000868, 0.999919, -0.012686, 0.3, -0.001603, 0.012688, 0.999918, -0.0, 0.0, 0.0, 0.0, 1.0],
                [0.999998, -0.000848, 0.001614, -0.0, 0.000868, 0.999919, -0.012686, 0.3, -0.001603, 0.012688, 0.999918, -0.0, 0.0, 0.0, 0.0, 1.0],
                [0.999998, -0.000848, 0.001614, -0.0, 0.000868, 0.999919, -0.012686, 0.3, -0.001603, 0.012688, 0.999918, -0.0, 0.0, 0.0, 0.0, 1.0]
            ]
        },
        {
            "name": "Tool_R",
            "time": [0.0, 0.2333, 0.4667, 0.7, 0.9333],
            "transform": [
                [0.993315, -0.087738, -0.075015, 0.002764, -0.088137, -0.996106, -0.002028, 0.240447, -0.074501, 0.00861, -0.99659, 0.181181, 0.0, 0.0, 0.0, 1.0],
                [0.993315, -0.087738, -0.075015, 0.002764, -0.088137, -0.996106, -0.002028, 0.240447, -0.074501, 0.00861, -0.99659, 0.181181, 0.0, 0.0, 0.0, 1.0],
                [0.993315, -0.087738, -0.075015, 0.002764, -0.088137, -0.996106, -0.002028, 0.240447, -0.074501, 0.00861, -0.99659, 0.181181, 0.0, 0.0, 0.0, 1.0],
                [0.993315, -0.087738, -0.075014, 0.002764, -0.088137, -0.996106, -0.002028, 0.240447, -0.074501, 0.00861, -0.99659, 0.181181, 0.0, 0.0, 0.0, 1.0],
                [0.993315, -0.087738, -0.075015, 0.002764, -0.088137, -0.996106, -0.002028, 0.240447, -0.074501, 0.00861, -0.99659, 0.181181, 0.0, 0.0, 0.0, 1.0]
            ]
        },
        {
            "name": "Elbow_R",
            "time": [0.0, 0.2333, 0.4667, 0.7, 0.9333],
            "transform": [
                [-1.0, 0.0, -0.0, -0.0, 0.0, -0.0, -1.0, 0.429832, -0.0, -1.0, -0.0, -0.0, 0.0, 0.0, 0.0, 1.0],
                [-1.0, 0.0, -0.0, -0.0, 0.0, -0.0, -1.0, 0.429832, -0.0, -1.0, 0.0, -0.0, 0.0, 0.0, 0.0, 1.0],
                [-1.0, 0.0, -0.0, 0.0, 0.0, -0.0, -1.0, 0.429832, -0.0, -1.0, -0.0, -0.0, 0.0, 0.0, 0.0, 1.0],
                [-1.0, 0.0, 0.0, -0.0, 0.0, -0.0, -1.0, 0.429832, -0.0, -1.0, 0.0, 0.0, 0.0, 0.0, 0.0, 1.0],
                [-1.0, 0.0, -0.0, -0.0, 0.0, -0.0, -1.0, 0.429832, -0.0, -1.0, -0.0, -0.0, 0.0, 0.0, 0.0, 1.0]
            ]
        },
        {
            "name": "Shoulder_L",
            "time": [0.0, 0.2333, 0.4667, 0.7, 0.9333],
            "transform": [
                [-0.226937, -0.879834, -0.417602, 0.0, -0.021067, -0.424255, 0.905298, 0.4, -0.973681, 0.214243, 0.077744, -0.0, 0.0, 0.0, 0.0, 1.0],
                [-0.226937, -0.879834, -0.417602, -0.0, -0.021067, -0.424255, 0.905298, 0.4, -0.973681, 0.214243, 0.077744, 0.0, 0.0, 0.0, 0.0, 1.0],
                [-0.226937, -0.879834, -0.417602, 0.0, -0.021067, -0.424255, 0.905298, 0.4, -0.973681, 0.214243, 0.077744, -0.0, 0.0, 0.0, 0.0, 1.0],
                [-0.226937, -0.879834, -0.417602, 0.0, -0.021067, -0.424255, 0.905298, 0.4, -0.973681, 0.214243, 0.077744, -0.0, 0.0, 0.0, 0.0, 1.0],
                [-0.226937, -0.879834, -0.417602, 0.0, -0.021067, -0.424255, 0.905298, 0.4, -0.973681, 0.214243, 0.077744, -0.0, 0.0, 0.0, 0.0, 1.0]
            ]
        },
        {
            "name": "Arm_L",
            "time": [0.0, 0.2333, 0.4667, 0.7, 0.9333],
            "transform": [
                [-0.101359, 0.000607, 0.99485, -0.0, -0.819184, 0.567374, -0.083808, 0.39386, -0.564503, -0.82346, -0.057011, 0.0, 0.0, 0.0, 0.0, 1.0],
                [-0.101359, -0.093246, 0.99047, -0.0, -0.819184, 0.57275, -0.02991, 0.39386, -0.564503, -0.814409, -0.134439, 0.0, 0.0, 0.0, 0.0, 1.0],
                [-0.101359, 0.000607, 0.99485, -0.0, -0.819184, 0.567374, -0.083808, 0.39386, -0.564503, -0.82346, -0.057011, 0.0, 0.0, 0.0, 0.0, 1.0],
                [-0.101359, 0.438266, 0.893112, -0.0, -0.819184, 0.47263, -0.324897, 0.39386, -0.564503, -0.764554, 0.311116, -0.0, 0.0, 0.0, 0.0, 1.0],
                [-0.101359, 0.000607, 0.99485, -0.0, -0.819184, 0.567374, -0.083808, 0.39386, -0.564503, -0.82346, -0.057011, 0.0, 0.0, 0.0, 0.0, 1.0]
            ]
        },
        {
            "name": "Hand_L",
            "time": [0.0, 0.2333, 0.4667, 0.7, 0.9333],
            "transform": [
                [0.999993, -0.001541, -0.00347, 0.0, 0.000938, 0.985901, -0.167329, 0.3, 0.003679, 0.167324, 0.985895, -0.0, 0.0, 0.0, 0.0, 1.0],
                [0.999993, -0.001541, -0.00347, -0.0, 0.000938, 0.985901, -0.167329, 0.3, 0.003679, 0.167324, 0.985895, 0.0, 0.0, 0.0, 0.0, 1.0],
                [0.999993, -0.001541, -0.00347, -0.0, 0.000938, 0.985901, -0.167329, 0.3, 0.003679, 0.167324, 0.985895, -0.0, 0.0, 0.0, 0.0, 1.0],
                [0.999993, -0.001541, -0.00347, 0.0, 0.000938, 0.985901, -0.167329, 0.3, 0.003679, 0.167324, 0.985895, 0.0, 0.0, 0.0, 0.0, 1.0],
                [0.999993, -0.001541, -0.00347, 0.0, 0.000938, 0.985901, -0.167329, 0.3, 0.003679, 0.167324, 0.985895, -0.0, 0.0, 0.0, 0.0, 1.0]
            ]
        },
        {
            "name": "Tool_L",
            "time": [0.0, 0.2333, 0.4667, 0.7, 0.9333],
            "transform": [
                [0.997004, 0.01104, -0.076554, -0.0, -0.036659, -0.804079, -0.593391, 0.272858, -0.068067, 0.594062, -0.8008, -0.0, 0.0, 0.0, 0.0, 1.0],
                [0.997004, 0.01104, -0.076554, 0.0, -0.036659, -0.804079, -0.593391, 0.272858, -0.068067, 0.594062, -0.8008, -0.0, 0.0, 0.0, 0.0, 1.0],
                [0.997004, 0.01104, -0.076554, -0.0, -0.036659, -0.804079, -0.593391, 0.272858, -0.068067, 0.594062, -0.8008, -0.0, 0.0, 0.0, 0.0, 1.0],
                [0.997004, 0.01104, -0.076554, -0.0, -0.036659, -0.804079, -0.593391, 0.272858, -0.068067, 0.594062, -0.8008, -0.0, 0.0, 0.0, 0.0, 1.0],
                [0.997004, 0.01104, -0.076554, -0.0, -0.036659, -0.804079, -0.593391, 0.272858, -0.068067, 0.594062, -0.8008, -0.0, 0.0, 0.0, 0.0, 1.0]
            ]
        },
        {
            "name": "Elbow_L",
            "time": [0.0, 0.2333, 0.4667, 0.7, 0.9333],
            "transform": [
                [-1.0, 0.0, -0.0, 2.7e-05, 0.0, -0.0, -1.0, 0.396148, -0.0, -1.0, -0.0, -0.002121, 0.0, 0.0, 0.0, 1.0],
                [-1.0, 0.0, -0.0, 2.7e-05, 0.0, -0.0, -1.0, 0.396148, -0.0, -1.0, -0.0, -0.002121, 0.0, 0.0, 0.0, 1.0],
                [-1.0, 0.0, -0.0, 2.7e-05, 0.0, -0.0, -1.0, 0.396148, -0.0, -1.0, -0.0, -0.002121, 0.0, 0.0, 0.0, 1.0],
                [-1.0, 0.0, -0.0, 2.7e-05, 0.0, -0.0, -1.0, 0.396147, -0.0, -1.0, -0.0, -0.002121, 0.0, 0.0, 0.0, 1.0],
                [-1.0, 0.0, -0.0, 2.7e-05, 0.0, -0.0, -1.0, 0.396148, -0.0, -1.0, -0.0, -0.002121, 0.0, 0.0, 0.0, 1.0]
            ]
        }
    ]
}