{
    "animation": [
        {
            "name": "Root",
            "time": [0.0, 0.15, 0.3, 0.45, 0.6667, 0.8, 1.1167, 1.3],
            "transform": [
                [0.854339, 0.028643, -0.518927, -5e-06, -0.51914, 0.0, -0.854689, 0.000946, -0.024481, 0.99959, 0.01487, 0.753683, 0.0, 0.0, 0.0, 1.0],
                [0.81201, 0.032703, -0.582727, -0.005078, -0.582569, -0.015152, -0.81264, -0.079491, -0.035406, 0.99935, 0.006748, 0.71506, 0.0, 0.0, 0.0, 1.0],
                [0.411158, 0.028603, -0.911115, -0.003113, -0.903377, -0.12087, -0.41146, -0.496927, -0.121896, 0.992256, -0.023858, 0.623143, 0.0, 0.0, 0.0, 1.0],
                [0.551054, 0.05797, -0.832454, 0.02017, -0.825586, -0.107306, -0.55398, -0.462724, -0.121442, 0.992535, -0.011272, 0.594778, 0.0, 0.0, 0.0, 1.0],
                [0.961519, 0.118549, -0.247845, 0.067177, -0.26008, 0.102035, -0.960181, -0.300734, -0.08854, 0.987692, 0.128941, 0.648898, 0.0, 0.0, 0.0, 1.0],
                [0.064664, -0.012525, 0.997828, 0.180593, 0.977204, 0.203416, -0.060774, 0.105661, -0.202213, 0.979012, 0.025393, 0.557569, 0.0, 0.0, 0.0, 1.0],
                [0.032597, -0.055508, 0.997926, 0.201583, 0.9821, 0.187109, -0.021672, 0.19201, -0.185518, 0.98077, 0.060614, 0.566301, 0.0, 0.0, 0.0, 1.0],
                [0.032597, -0.055508, 0.997926, 0.201583, 0.9821, 0.187109, -0.021672, 0.19201, -0.185518, 0.98077, 0.060614, 0.566301, 0.0, 0.0, 0.0, 1.0]
            ]
        },
        {
            "name": "Thigh_R",
            "time": [0.0, 0.15, 0.3, 0.45, 0.6667, 0.8, 1.1167, 1.3],
            "transform": [
                [0.960515, 0.273283, -0.052206, 0.124994, 0.274652, -0.961312, 0.020994, -0.002831, -0.044449, -0.034503, -0.998416, -1.2e-05, 0.0, 0.0, 0.0, 1.0],
                [0.94656, 0.313584, 0.075416, 0.124994, 0.322526, -0.919832, -0.223343, -0.002831, -0.000667, 0.235731, -0.971818, -1.2e-05, 0.0, 0.0, 0.0, 1.0],
                [0.629123, 0.749077, 0.20757, 0.124994, 0.737628, -0.659555, 0.144531, -0.002831, 0.245169, 0.062182, -0.967484, -1.2e-05, 0.0, 0.0, 0.0, 1.0],
                [0.547853, 0.810588, 0.206884, 0.124994, 0.729642, -0.583958, 0.355828, -0.002831, 0.409242, -0.04399, -0.911365, -1.2e-05, 0.0, 0.0, 0.0, 1.0],
                [0.497953, 0.357693, -0.789999, 0.124994, 0.866612, -0.23891, 0.43807, -0.002831, -0.032044, -0.902759, -0.428948, -1.2e-05, 0.0, 0.0, 0.0, 1.0],
                [0.410762, 0.896481, 0.166113, 0.124994, 0.213604, -0.271744, 0.938365, -0.002831, 0.886367, -0.349961, -0.303116, -1.2e-05, 0.0, 0.0, 0.0, 1.0],
                [0.396391, 0.905606, 0.150823, 0.124994, 0.117879, -0.213124, 0.969888, -0.002831, 0.910482, -0.366676, -0.191234, -1.2e-05, 0.0, 0.0, 0.0, 1.0],
                [0.396391, 0.905606, 0.150823, 0.124994, 0.117879, -0.213124, 0.969888, -0.002831, 0.910482, -0.366676, -0.191234, -1.2e-05, 0.0, 0.0, 0.0, 1.0]
            ]
        },
        {
            "name": "Leg_R",
            "time": [0.0, 0.15, 0.3, 0.45, 0.6667, 0.8, 1.1167, 1.3],
            "transform": [
                [1.0, -0.0, 1e-06, -0.0, 0.0, 0.977553, 0.210691, 0.37472, -1e-06, -0.210691, 0.977552, -0.0, 0.0, 0.0, 0.0, 1.0],
                [1.0, -1e-06, 1e-06, 0.0, 0.0, 0.778433, 0.627728, 0.37472, -1e-06, -0.627729, 0.778432, 0.0, 0.0, 0.0, 0.0, 1.0],
                [1.0, -1e-06, 1e-06, -0.0, 0.0, 0.72693, 0.686712, 0.37472, -1e-06, -0.686713, 0.726929, -0.0, 0.0, 0.0, 0.0, 1.0],
                [1.0, -1e-06, 1e-06, -0.0, 0.0, 0.692841, 0.721091, 0.37472, -1e-06, -0.721092, 0.69284, 0.0, 0.0, 0.0, 0.0, 1.0],
                [1.0, -1e-06, -0.0, -0.0, 0.0, -0.208691, 0.977981, 0.37472, -1e-06, -0.977982, -0.208691, 0.0, 0.0, 0.0, 0.0, 1.0],
                [1.0, -1e-06, 0.0, -0.0, 0.0, 0.419401, 0.9078, 0.37472, -1e-06, -0.907802, 0.419401, 0.0, 0.0, 0.0, 0.0, 1.0],
                [1.0, -1e-06, 0.0, 0.0, 0.0, 0.375148, 0.926964, 0.37472, -1e-06, -0.926966, 0.375147, 0.0, 0.0, 0.0, 0.0, 1.0],
                [1.0, -1e-06, 0.0, 0.0, 0.0, 0.375148, 0.926964, 0.37472, -1e-06, -0.926966, 0.375147, 0.0, 0.0, 0.0, 0.0, 1.0]
            ]
        },
        {
            "name": "Knee_R",
            "time": [0.0, 0.15, 0.3, 0.45, 0.6667, 0.8, 1.1167, 1.3],
            "transform": [
                [1.0, 0.0, -0.0, -0.0, -0.0, 1e-06, -1.0, 0.37472, -0.0, 1.0, 1e-06, -0.0, 0.0, 0.0, 0.0, 1.0],
                [1.0, 0.0, -0.0, 0.0, -0.0, 1e-06, -1.0, 0.37472, -0.0, 1.0, 1e-06, 0.0, 0.0, 0.0, 0.0, 1.0],
                [1.0, 0.0, -0.0, -0.0, -0.0, 1e-06, -1.0, 0.37472, -0.0, 1.0, 1e-06, -0.0, 0.0, 0.0, 0.0, 1.0],
                [1.0, 0.0, -0.0, -0.0, -0.0, 1e-06, -1.0, 0.37472, -0.0, 1.0, 1e-06, 0.0, 0.0, 0.0, 0.0, 1.0],
                [1.0, 0.0, -0.0, -0.0, -0.0, 1e-06, -1.0, 0.37472, -0.0, 1.0, 1e-06, 0.0, 0.0, 0.0, 0.0, 1.0],
                [1.0, 0.0, -0.0, -0.0, -0.0, 1e-06, -1.0, 0.37472, -0.0, 1.0, 1e-06, 0.0, 0.0, 0.0, 0.0, 1.0],
                [1.0, 0.0, -0.0, 0.0, -0.0, 1e-06, -1.0, 0.37472, -0.0, 1.0, 1e-06, 0.0, 0.0, 0.0, 0.0, 1.0],
                [1.0, 0.0, -0.0, 0.0, -0.0, 1e-06, -1.0, 0.37472, -0.0, 1.0, 1e-06, 0.0, 0.0, 0.0, 0.0, 1.0]
            ]
        },
        {
            "name": "Thigh_L",
            "time": [0.0, 0.15, 0.3, 0.45, 0.6667, 0.8, 1.1167, 1.3],
            "transform": [
                [0.74123, -0.283974, -0.608224, -0.125006, -0.051449, -0.927475, 0.370329, -0.002831, -0.669276, -0.243206, -0.702082, -1.2e-05, 0.0, 0.0, 0.0, 1.0],
                [0.746006, -0.410199, -0.524605, -0.125006, -0.060828, -0.826448, 0.559717, -0.002831, -0.663154, -0.385642, -0.641487, -1.2e-05, 0.0, 0.0, 0.0, 1.0],
                [0.738611, -0.525316, -0.422488, -0.125006, -0.156339, -0.743109, 0.650651, -0.002831, -0.655751, -0.414527, -0.630997, -1.2e-05, 0.0, 0.0, 0.0, 1.0],
                [0.770737, -0.536169, -0.344217, -0.125006, -0.222035, -0.732398, 0.643656, -0.002831, -0.597212, -0.419662, -0.683536, -1.2e-05, 0.0, 0.0, 0.0, 1.0],
                [0.963766, -0.087465, -0.252, -0.125006, -0.026165, -0.971156, 0.237005, -0.002831, -0.265461, -0.221823, -0.938256, -1.2e-05, 0.0, 0.0, 0.0, 1.0],
                [0.862399, -0.480204, 0.160223, -0.125006, -0.495325, -0.735113, 0.462884, -0.002831, -0.104497, -0.478553, -0.871818, -1.2e-05, 0.0, 0.0, 0.0, 1.0],
                [0.851481, -0.469712, 0.23313, -0.125006, -0.523646, -0.738061, 0.425512, -0.002831, -0.027803, -0.484393, -0.874408, -1.2e-05, 0.0, 0.0, 0.0, 1.0],
                [0.851481, -0.469712, 0.23313, -0.125006, -0.523646, -0.738061, 0.425512, -0.002831, -0.027803, -0.484393, -0.874408, -1.2e-05, 0.0, 0.0, 0.0, 1.0]
            ]
        },
        {
            "name": "Leg_L",
            "time": [0.0, 0.15, 0.3, 0.45, 0.6667, 0.8, 1.1167, 1.3],
            "transform": [
                [0.998576, 0.053293, 0.002315, -0.0, -0.051599, 0.954021, 0.295265, 0.37472, 0.013527, -0.294964, 0.955413, -0.0, 0.0, 0.0, 0.0, 1.0],
                [0.998576, 0.047989, 0.023292, 0.0, -0.051599, 0.75826, 0.649908, 0.37472, 0.013527, -0.650184, 0.759657, -0.0, 0.0, 0.0, 0.0, 1.0],
                [0.998576, 0.049084, 0.020887, 0.0, -0.051599, 0.789518, 0.611555, 0.37472, 0.013527, -0.611762, 0.790927, 0.0, 0.0, 0.0, 0.0, 1.0],
                [0.998576, 0.049234, 0.020531, -0.0, -0.051599, 0.793921, 0.605827, 0.37472, 0.013527, -0.606023, 0.795332, -0.0, 0.0, 0.0, 0.0, 1.0],
                [0.998576, 0.044888, 0.028819, -0.0, -0.051599, 0.675835, 0.735245, 0.37472, 0.013527, -0.735685, 0.677189, -0.0, 0.0, 0.0, 0.0, 1.0],
                [0.998576, 0.049233, 0.020531, 0.0, -0.051599, 0.793921, 0.605827, 0.37472, 0.013527, -0.606024, 0.795332, -0.0, 0.0, 0.0, 0.0, 1.0],
                [0.998576, 0.049233, 0.020531, 0.0, -0.051599, 0.793921, 0.605827, 0.37472, 0.013527, -0.606024, 0.795332, 0.0, 0.0, 0.0, 0.0, 1.0],
                [0.998576, 0.049233, 0.020531, 0.0, -0.051599, 0.793921, 0.605827, 0.37472, 0.013527, -0.606024, 0.795332, 0.0, 0.0, 0.0, 0.0, 1.0]
            ]
        },
        {
            "name": "Knee_L",
            "time": [0.0, 0.15, 0.3, 0.45, 0.6667, 0.8, 1.1167, 1.3],
            "transform": [
                [1.0, 0.0, -0.0, -0.0, -0.0, 1e-06, -1.0, 0.37472, -0.0, 1.0, 1e-06, -0.0, 0.0, 0.0, 0.0, 1.0],
                [1.0, 0.0, -0.0, 0.0, -0.0, 1e-06, -1.0, 0.37472, -0.0, 1.0, 1e-06, -0.0, 0.0, 0.0, 0.0, 1.0],
                [1.0, 0.0, -0.0, 0.0, -0.0, 1e-06, -1.0, 0.37472, -0.0, 1.0, 1e-06, 0.0, 0.0, 0.0, 0.0, 1.0],
                [1.0, 0.0, -0.0, -0.0, -0.0, 1e-06, -1.0, 0.37472, -0.0, 1.0, 1e-06, -0.0, 0.0, 0.0, 0.0, 1.0],
                [1.0, 0.0, -0.0, -0.0, -0.0, 1e-06, -1.0, 0.37472, -0.0, 1.0, 1e-06, -0.0, 0.0, 0.0, 0.0, 1.0],
                [1.0, 0.0, -0.0, 0.0, -0.0, 1e-06, -1.0, 0.37472, -0.0, 1.0, 1e-06, -0.0, 0.0, 0.0, 0.0, 1.0],
                [1.0, 0.0, -0.0, 0.0, -0.0, 1e-06, -1.0, 0.37472, -0.0, 1.0, 1e-06, 0.0, 0.0, 0.0, 0.0, 1.0],
                [1.0, 0.0, -0.0, 0.0, -0.0, 1e-06, -1.0, 0.37472, -0.0, 1.0, 1e-06, 0.0, 0.0, 0.0, 0.0, 1.0]
            ]
        },
        {
            "name": "Torso",
            "time": [0.0, 0.15, 0.3, 0.45, 0.6667, 0.8, 1.1167, 1.3],
            "transform": [
                [0.999042, -0.043673, -0.002705, 0.0, 0.04367, 0.999045, -0.001423, 0.05, 0.002765, 0.001304, 0.999995, -0.0, 0.0, 0.0, 0.0, 1.0],
                [0.999345, -0.036096, -0.002706, 0.0, 0.036092, 0.999348, -0.001423, 0.05, 0.002755, 0.001325, 0.999995, -0.0, 0.0, 0.0, 0.0, 1.0],
                [0.999885, 0.014931, -0.002706, 0.0, -0.014934, 0.999888, -0.001423, 0.05, 0.002684, 0.001464, 0.999995, 0.0, 0.0, 0.0, 0.0, 1.0],
                [0.999785, 0.020538, -0.002706, -0.0, -0.020541, 0.999788, -0.001423, 0.05, 0.002676, 0.001479, 0.999995, 0.0, 0.0, 0.0, 0.0, 1.0],
                [0.999786, 0.020538, -0.002706, 0.0, -0.020541, 0.999788, -0.001423, 0.05, 0.002676, 0.001479, 0.999995, -0.0, 0.0, 0.0, 0.0, 1.0],
                [0.999785, 0.020538, -0.002706, 0.0, -0.020541, 0.999788, -0.001423, 0.05, 0.002676, 0.001479, 0.999995, 0.0, 0.0, 0.0, 0.0, 1.0],
                [0.999785, 0.020538, -0.002706, -0.0, -0.020541, 0.999788, -0.001423, 0.05, 0.002676, 0.001479, 0.999995, 0.0, 0.0, 0.0, 0.0, 1.0],
                [0.999785, 0.020538, -0.002706, -0.0, -0.020541, 0.999788, -0.001423, 0.05, 0.002676, 0.001479, 0.999995, 0.0, 0.0, 0.0, 0.0, 1.0]
            ]
        },
        {
            "name": "Chest",
            "time": [0.0, 0.15, 0.3, 0.45, 0.6667, 0.75, 0.8, 1.1167, 1.3],
            "transform": [
                [0.999771, -0.021316, -0.002029, 0.0, 0.021411, 0.994316, 0.104295, 0.3, -0.000206, -0.104315, 0.994544, 0.0, 0.0, 0.0, 0.0, 1.0],
                [0.998182, -0.013594, -0.058724, -0.0, 0.02705, 0.97165, 0.234873, 0.3, 0.053866, -0.236035, 0.970251, -0.0, 0.0, 0.0, 0.0, 1.0],
                [0.910608, -0.016619, -0.412938, 0.0, 0.064954, 0.992528, 0.103292, 0.3, 0.408136, -0.12088, 0.904883, 0.0, 0.0, 0.0, 0.0, 1.0],
                [0.941258, -0.101123, -0.322192, 0.0, 0.057575, 0.988198, -0.141953, 0.3, 0.332744, 0.115064, 0.935971, 0.0, 0.0, 0.0, 0.0, 1.0],
                [0.962436, -0.269716, -0.031141, -0.0, 0.270525, 0.962375, 0.025519, 0.3, 0.023086, -0.032985, 0.999189, -0.0, 0.0, 0.0, 0.0, 1.0],
                [0.941276, -0.126951, 0.312862, 0.0, -0.01908, 0.90514, 0.424686, 0.3, -0.337098, -0.405716, 0.849564, 0.0, 0.0, 0.0, 0.0, 1.0],
                [0.84025, 0.051431, 0.539754, 0.0, -0.237571, 0.929765, 0.28124, 0.3, -0.48738, -0.364542, 0.793454, -0.0, 0.0, 0.0, 0.0, 1.0],
                [0.767715, -0.069205, 0.637044, -0.0, -0.107157, 0.966287, 0.234109, 0.3, -0.631769, -0.247993, 0.734417, 0.0, 0.0, 0.0, 0.0, 1.0],
                [0.767715, -0.069205, 0.637044, -0.0, -0.107157, 0.966287, 0.234109, 0.3, -0.631769, -0.247993, 0.734417, 0.0, 0.0, 0.0, 0.0, 1.0]
            ]
        },
        {
            "name": "Head",
            "time": [0.0, 0.15, 0.3, 0.45, 0.6667, 0.8, 1.1167, 1.3],
            "transform": [
                [0.85311, 0.037721, 0.520365, -0.0, -0.006297, 0.998055, -0.062025, 0.4, -0.521692, 0.049637, 0.851689, -0.0, 0.0, 0.0, 0.0, 1.0],
                [0.79872, 0.037721, 0.600519, -0.0, -0.000262, 0.998055, -0.062343, 0.4, -0.601702, 0.049637, 0.797177, 0.0, 0.0, 0.0, 0.0, 1.0],
                [0.253888, 0.037721, 0.966498, 0.0, 0.038471, 0.998055, -0.049058, 0.4, -0.966468, 0.049637, 0.251942, -0.0, 0.0, 0.0, 0.0, 1.0],
                [0.405923, 0.037902, 0.913121, -0.0, 0.030072, 0.998045, -0.054795, 0.4, -0.913412, 0.049702, 0.40399, -0.0, 0.0, 0.0, 0.0, 1.0],
                [0.94676, 0.037422, -0.319757, -0.0, -0.051287, 0.998069, -0.035049, 0.4, 0.317828, 0.049582, 0.946851, 0.0, 0.0, 0.0, 0.0, 1.0],
                [0.394631, 0.037724, -0.918065, -0.0, -0.06055, 0.998053, 0.014983, 0.4, 0.916843, 0.049676, 0.396147, -0.0, 0.0, 0.0, 0.0, 1.0],
                [0.16017, 0.037721, -0.986368, -0.0, -0.05507, 0.998055, 0.029226, 0.4, 0.985552, 0.049638, 0.161935, 0.0, 0.0, 0.0, 0.0, 1.0],
                [0.16017, 0.037721, -0.986368, -0.0, -0.05507, 0.998055, 0.029226, 0.4, 0.985552, 0.049638, 0.161935, 0.0, 0.0, 0.0, 0.0, 1.0]
            ]
        },
        {
            "name": "Shoulder_R",
            "time": [0.0, 0.15, 0.3, 0.45, 0.6667, 0.8, 1.1167, 1.3],
            "transform": [
                [0.110305, 0.959352, 0.259762, -0.0, 0.091141, -0.270019, 0.958532, 0.4, 0.98971, -0.082056, -0.11722, -0.0, 0.0, 0.0, 0.0, 1.0],
                [0.110305, 0.959352, 0.259762, -0.0, 0.091141, -0.270019, 0.958532, 0.4, 0.98971, -0.082056, -0.11722, 0.0, 0.0, 0.0, 0.0, 1.0],
                [0.110305, 0.959352, 0.259762, 0.0, 0.091141, -0.270019, 0.958532, 0.4, 0.98971, -0.082056, -0.11722, -0.0, 0.0, 0.0, 0.0, 1.0],
                [0.136083, 0.956036, 0.259762, -0.0, 0.083841, -0.272373, 0.958532, 0.4, 0.987143, -0.108661, -0.11722, -0.0, 0.0, 0.0, 0.0, 1.0],
                [0.249619, 0.932853, 0.259762, -0.0, 0.050612, -0.280455, 0.958532, 0.4, 0.96702, -0.226121, -0.11722, 0.0, 0.0, 0.0, 0.0, 1.0],
                [0.31532, 0.912741, 0.259762, -0.0, 0.030541, -0.283344, 0.958532, 0.4, 0.948494, -0.294311, -0.11722, -0.0, 0.0, 0.0, 0.0, 1.0],
                [0.340651, 0.903593, 0.259762, -0.0, 0.022628, -0.284086, 0.958532, 0.4, 0.939917, -0.320647, -0.11722, 0.0, 0.0, 0.0, 0.0, 1.0],
                [0.340651, 0.903593, 0.259762, -0.0, 0.022628, -0.284086, 0.958532, 0.4, 0.939917, -0.320647, -0.11722, 0.0, 0.0, 0.0, 0.0, 1.0]
            ]
        },
        {
            "name": "Arm_R",
            "time": [0.0, 0.15, 0.2167, 0.3, 0.45, 0.6667, 0.75, 0.8, 1.1167, 1.3],
            "transform": [
                [0.029874, -0.10887, -0.993607, -0.0, 0.907206, 0.420268, -0.018773, 0.393861, 0.419625, -0.900845, 0.111322, 0.0, 0.0, 0.0, 0.0, 1.0],
                [0.029709, 0.138806, -0.989874, -0.0, 0.772737, 0.624975, 0.11083, 0.393861, 0.634031, -0.768205, -0.088693, -0.0, 0.0, 0.0, 0.0, 1.0],
                [0.781948, 0.439568, -0.441969, -0.0, -0.098886, 0.787526, 0.608295, 0.39386, 0.615449, -0.431951, 0.659273, -0.0, 0.0, 0.0, 0.0, 1.0],
                [0.344689, -0.377926, 0.859279, -0.0, 0.745417, 0.666572, -0.005845, 0.39386, -0.570563, 0.642537, 0.511473, 0.0, 0.0, 0.0, 0.0, 1.0],
                [-0.166595, -0.336412, 0.926862, 0.0, 0.879222, 0.374817, 0.294075, 0.393861, -0.446334, 0.86391, 0.233338, -0.0, 0.0, 0.0, 0.0, 1.0],
                [-0.307493, -0.75614, 0.577668, -0.0, 0.869887, 0.022681, 0.492729, 0.39386, -0.385674, 0.654017, 0.650782, -0.0, 0.0, 0.0, 0.0, 1.0],
                [0.755788, -0.653117, 0.04715, 0.0, 0.49208, 0.613989, 0.61715, 0.39386, -0.432021, -0.443233, 0.785431, 0.0, 0.0, 0.0, 0.0, 1.0],
                [0.606571, -0.779971, -0.154002, 0.0, 0.599669, 0.321675, 0.73275, 0.393861, -0.521985, -0.536815, 0.662843, -0.0, 0.0, 0.0, 0.0, 1.0],
                [0.606571, -0.763045, -0.223234, -0.0, 0.599669, 0.254761, 0.758613, 0.39386, -0.521985, -0.59402, 0.612105, -0.0, 0.0, 0.0, 0.0, 1.0],
                [0.606571, -0.763045, -0.223234, -0.0, 0.599669, 0.254761, 0.758613, 0.39386, -0.521985, -0.59402, 0.612105, -0.0, 0.0, 0.0, 0.0, 1.0]
            ]
        },
        {
            "name": "Hand_R",
            "time": [0.0, 0.15, 0.3, 0.45, 0.6667, 0.8, 1.1167, 1.3],
            "transform": [
                [0.999998, -0.000884, 0.001595, 0.0, 0.000868, 0.999949, 0.010043, 0.3, -0.001603, -0.010042, 0.999948, -0.0, 0.0, 0.0, 0.0, 1.0],
                [0.999998, -0.000789, 0.001644, 0.0, 0.000868, 0.998824, -0.048476, 0.3, -0.001603, 0.048477, 0.998823, 0.0, 0.0, 0.0, 0.0, 1.0],
                [0.999998, -9.2e-05, 0.001821, 0.0, 0.000868, 0.902212, -0.431291, 0.3, -0.001603, 0.431292, 0.902211, -0.0, 0.0, 0.0, 0.0, 1.0],
                [0.999998, -0.00011, 0.00182, 0.0, 0.000868, 0.906614, -0.42196, 0.3, -0.001603, 0.421961, 0.906613, -0.0, 0.0, 0.0, 0.0, 1.0],
                [0.999998, -0.000546, 0.001739, -0.0, 0.000868, 0.981638, -0.190751, 0.3, -0.001603, 0.190752, 0.981637, 0.0, 0.0, 0.0, 0.0, 1.0],
                [0.999998, -0.000783, 0.001647, -0.0, 0.000868, 0.998629, -0.052343, 0.3, -0.001603, 0.052344, 0.998628, -0.0, 0.0, 0.0, 0.0, 1.0],
                [0.999998, -0.000527, 0.001746, -0.0, 0.000868, 0.979432, -0.201774, 0.3, -0.001603, 0.201775, 0.979431, 0.0, 0.0, 0.0, 0.0, 1.0],
                [0.999998, -0.000527, 0.001746, -0.0, 0.000868, 0.979432, -0.201774, 0.3, -0.001603, 0.201775, 0.979431, 0.0, 0.0, 0.0, 0.0, 1.0]
            ]
        },
        {
            "name": "Tool_R",
            "time": [0.0, 0.15, 0.3, 0.45, 0.6667, 0.8, 1.1167, 1.3],
            "transform": [
                [0.965322, -0.063715, -0.25317, 0.015054, -0.130905, -0.957169, -0.258245, 0.243316, -0.22574, 0.282253, -0.931768, 0.024459, 0.0, 0.0, 0.0, 1.0],
                [0.977723, -0.063725, -0.199993, 0.015054, -0.116594, -0.957168, -0.265019, 0.243316, -0.174436, 0.282256, -0.942719, 0.024459, 0.0, 0.0, 0.0, 1.0],
                [0.98369, -0.063792, 0.16818, 0.015054, -0.012614, -0.957163, -0.289276, 0.243316, 0.179323, 0.282259, -0.941801, 0.024459, 0.0, 0.0, 0.0, 1.0],
                [0.976092, -0.078672, 0.202623, 0.015054, -0.000766, -0.933439, -0.358734, 0.243316, 0.21723, 0.349785, -0.910647, 0.024459, 0.0, 0.0, 0.0, 1.0],
                [0.976047, -0.136658, 0.169281, 0.015054, 0.002826, -0.770067, -0.637957, 0.243316, 0.217411, 0.622777, -0.750798, 0.024459, 0.0, 0.0, 0.0, 1.0],
                [0.97609, -0.16858, 0.137221, 0.015054, -0.000802, -0.634073, -0.773273, 0.243316, 0.217238, 0.75422, -0.618689, 0.024459, 0.0, 0.0, 0.0, 1.0],
                [0.976088, -0.178312, 0.124326, 0.015054, -0.000817, -0.574945, -0.818191, 0.243316, 0.217246, 0.798046, -0.561019, 0.024459, 0.0, 0.0, 0.0, 1.0],
                [0.976088, -0.178312, 0.124326, 0.015054, -0.000817, -0.574945, -0.818191, 0.243316, 0.217246, 0.798046, -0.561019, 0.024459, 0.0, 0.0, 0.0, 1.0]
            ]
        },
        {
            "name": "Elbow_R",
            "time": [0.0, 0.15, 0.3, 0.45, 0.6667, 0.8, 1.1167, 1.3],
            "transform": [
                [-1.0, 0.0, -0.0, 0.0, 0.0, -0.0, -1.0, 0.341622, -0.0, -1.0, 0.0, 0.0, 0.0, 0.0, 0.0, 1.0],
                [-1.0, 0.0, -0.0, 0.0, -0.0, -0.0, -1.0, 0.341622, -0.0, -1.0, 0.0, 0.0, 0.0, 0.0, 0.0, 1.0],
                [-1.0, 0.0, -0.0, 0.0, -0.0, -0.0, -1.0, 0.341622, -0.0, -1.0, 0.0, -0.0, 0.0, 0.0, 0.0, 1.0],
                [-1.0, 0.0, -0.0, 0.0, -0.0, 0.0, -1.0, 0.341622, -0.0, -1.0, 0.0, 0.0, 0.0, 0.0, 0.0, 1.0],
                [-1.0, 0.0, 0.0, -0.0, 0.0, -0.0, -1.0, 0.341622, -0.0, -1.0, 0.0, 0.0, 0.0, 0.0, 0.0, 1.0],
                [-1.0, 0.0, -0.0, -0.0, -0.0, -0.0, -1.0, 0.341622, -0.0, -1.0, -0.0, -0.0, 0.0, 0.0, 0.0, 1.0],
                [-1.0, 0.0, -0.0, -0.0, 0.0, -0.0, -1.0, 0.341622, -0.0, -1.0, 0.0, -0.0, 0.0, 0.0, 0.0, 1.0],
                [-1.0, 0.0, -0.0, -0.0, 0.0, -0.0, -1.0, 0.341622, -0.0, -1.0, 0.0, -0.0, 0.0, 0.0, 0.0, 1.0]
            ]
        },
        {
            "name": "Shoulder_L",
            "time": [0.0, 0.15, 0.3, 0.45, 0.6667, 0.75, 0.8, 1.1167, 1.3],
            "transform": [
                [-0.226937, -0.947819, -0.223918, -0.0, -0.021067, -0.225085, 0.974111, 0.4, -0.973681, 0.225779, 0.031113, -0.0, 0.0, 0.0, 0.0, 1.0],
                [-0.226937, -0.947819, -0.223918, -0.0, -0.021067, -0.225085, 0.974111, 0.4, -0.973682, 0.225779, 0.031113, 0.0, 0.0, 0.0, 0.0, 1.0],
                [-0.226937, -0.947819, -0.223918, 0.0, -0.021067, -0.225085, 0.974111, 0.4, -0.973682, 0.225779, 0.031113, -0.0, 0.0, 0.0, 0.0, 1.0],
                [-0.125179, -0.966536, -0.223918, -0.0, 0.002913, -0.22605, 0.974111, 0.4, -0.99213, 0.121286, 0.031113, -0.0, 0.0, 0.0, 0.0, 1.0],
                [0.965047, -0.136183, -0.223918, -0.0, 0.226069, 0.000338, 0.974111, 0.4, -0.132582, -0.990684, 0.031113, 0.0, 0.0, 0.0, 0.0, 1.0],
                [0.988299, 0.015307, -0.151761, 0.0, 0.152507, -0.116729, 0.981385, 0.4, -0.002693, -0.993046, -0.117697, 0.0, 0.0, 0.0, 0.0, 1.0],
                [0.917435, -0.375751, -0.130862, -0.0, 0.041939, -0.23574, 0.970911, 0.4, -0.39567, -0.896235, -0.200517, -0.0, 0.0, 0.0, 0.0, 1.0],
                [0.917435, -0.375751, -0.130862, -0.0, 0.041939, -0.23574, 0.970911, 0.4, -0.39567, -0.896235, -0.200517, 0.0, 0.0, 0.0, 0.0, 1.0],
                [0.917435, -0.375751, -0.130862, -0.0, 0.041939, -0.23574, 0.970911, 0.4, -0.39567, -0.896235, -0.200517, 0.0, 0.0, 0.0, 0.0, 1.0]
            ]
        },
        {
            "name": "Arm_L",
            "time": [0.0, 0.15, 0.3, 0.45, 0.6667, 0.75, 0.8, 1.1167, 1.3],
            "transform": [
                [-0.440424, 0.111403, 0.890851, 0.0, -0.817245, 0.361034, -0.449183, 0.39386, -0.371668, -0.925875, -0.067964, -0.0, 0.0, 0.0, 0.0, 1.0],
                [-0.421698, 0.185273, 0.887606, 0.0, -0.755002, 0.470356, -0.456878, 0.39386, -0.502138, -0.862809, -0.058467, 0.0, 0.0, 0.0, 0.0, 1.0],
                [-0.032349, 0.53035, 0.847161, -0.0, 0.0168, 0.847774, -0.530092, 0.39386, -0.999335, -0.002916, -0.036335, 0.0, 0.0, 0.0, 0.0, 1.0],
                [0.001688, 0.942898, 0.333078, 0.0, 0.032792, 0.332847, -0.94241, 0.39386, -0.999461, 0.012514, -0.030358, -0.0, 0.0, 0.0, 0.0, 1.0],
                [0.409223, 0.807341, 0.425133, 0.0, 0.118914, 0.414769, -0.902123, 0.39386, -0.904652, 0.419723, 0.073728, -0.0, 0.0, 0.0, 0.0, 1.0],
                [-0.551236, 0.630182, 0.546818, -0.0, -0.391168, 0.383695, -0.83652, 0.39386, -0.736971, -0.675018, 0.035, 0.0, 0.0, 0.0, 0.0, 1.0],
                [-0.343532, 0.737715, 0.581173, -0.0, -0.399956, 0.444987, -0.801262, 0.39386, -0.849718, -0.507703, 0.142186, -0.0, 0.0, 0.0, 0.0, 1.0],
                [-0.398785, 0.733523, 0.550376, 0.0, -0.442495, 0.371758, -0.816085, 0.39386, -0.803224, -0.568981, 0.176329, -0.0, 0.0, 0.0, 0.0, 1.0],
                [-0.398785, 0.733523, 0.550376, 0.0, -0.442495, 0.371758, -0.816085, 0.39386, -0.803224, -0.568981, 0.176329, -0.0, 0.0, 0.0, 0.0, 1.0]
            ]
        },
        {
            "name": "Hand_L",
            "time": [0.0, 0.15, 0.3, 0.45, 0.6667, 0.75, 0.8, 1.1167, 1.3],
            "transform": [
                [0.999993, -0.001541, -0.00347, -0.0, 0.000938, 0.985901, -0.167329, 0.3, 0.003679, 0.167324, 0.985895, -0.0, 0.0, 0.0, 0.0, 1.0],
                [0.999993, -0.002764, -0.002603, 0.0, 0.000938, 0.844156, -0.536098, 0.3, 0.003679, 0.536091, 0.844152, 0.0, 0.0, 0.0, 0.0, 1.0],
                [0.999993, -0.003734, -0.000686, 0.0, 0.000938, 0.418113, -0.908395, 0.3, 0.003679, 0.908388, 0.418113, 0.0, 0.0, 0.0, 0.0, 1.0],
                [0.999993, -0.003712, -0.000798, -0.0, 0.000938, 0.445235, -0.895413, 0.3, 0.003679, 0.895406, 0.445236, 0.0, 0.0, 0.0, 0.0, 1.0],
                [0.999993, -0.001963, -0.00325, 0.0, 0.000938, 0.957142, -0.289618, 0.3, 0.003679, 0.289613, 0.957137, 0.0, 0.0, 0.0, 0.0, 1.0],
                [0.999993, -0.000951, -0.003676, 0.0, 0.000938, 0.999994, -0.003425, 0.3, 0.003679, 0.003422, 0.999988, 0.0, 0.0, 0.0, 0.0, 1.0],
                [0.999993, -0.002728, -0.002641, 0.0, 0.000938, 0.851574, -0.524235, 0.3, 0.003679, 0.524228, 0.85157, 0.0, 0.0, 0.0, 0.0, 1.0],
                [0.999993, -0.002816, -0.002547, -0.0, 0.000938, 0.833197, -0.552976, 0.3, 0.003679, 0.55297, 0.833193, -0.0, 0.0, 0.0, 0.0, 1.0],
                [0.999993, -0.002816, -0.002547, -0.0, 0.000938, 0.833197, -0.552976, 0.3, 0.003679, 0.55297, 0.833193, -0.0, 0.0, 0.0, 0.0, 1.0]
            ]
        },
        {
            "name": "Tool_L",
            "time": [0.0, 0.15, 0.3, 0.45, 0.6667, 0.8, 1.1167, 1.3],
            "transform": [
                [0.997004, 0.01104, -0.076554, 0.0, -0.036659, -0.804079, -0.593391, 0.272858, -0.068067, 0.594062, -0.8008, -0.0, 0.0, 0.0, 0.0, 1.0],
                [0.997004, 0.01104, -0.076554, 0.0, -0.036659, -0.804079, -0.593391, 0.272858, -0.068067, 0.594062, -0.8008, -0.0, 0.0, 0.0, 0.0, 1.0],
                [0.997004, 0.01104, -0.076554, -0.0, -0.036659, -0.804079, -0.593391, 0.272858, -0.068067, 0.594062, -0.8008, -0.0, 0.0, 0.0, 0.0, 1.0],
                [0.997004, 0.01104, -0.076554, 0.0, -0.036659, -0.804079, -0.593391, 0.272858, -0.068067, 0.594062, -0.8008, -0.0, 0.0, 0.0, 0.0, 1.0],
                [0.997004, 0.01104, -0.076554, -0.0, -0.036659, -0.804079, -0.593391, 0.272858, -0.068067, 0.594062, -0.8008, -0.0, 0.0, 0.0, 0.0, 1.0],
                [0.997004, 0.01104, -0.076554, -0.0, -0.036659, -0.804079, -0.593391, 0.272858, -0.068067, 0.594062, -0.8008, -0.0, 0.0, 0.0, 0.0, 1.0],
                [0.997004, 0.01104, -0.076554, -0.0, -0.036659, -0.804079, -0.593391, 0.272858, -0.068067, 0.594062, -0.8008, -0.0, 0.0, 0.0, 0.0, 1.0],
                [0.997004, 0.01104, -0.076554, -0.0, -0.036659, -0.804079, -0.593391, 0.272858, -0.068067, 0.594062, -0.8008, -0.0, 0.0, 0.0, 0.0, 1.0]
            ]
        },
        {
            "name": "Elbow_L",
            "time": [0.0, 0.15, 0.3, 0.45, 0.6667, 0.8, 1.1167, 1.3],
            "transform": [
                [-1.0, 0.0, -0.0, 2.7e-05, 0.0, -0.0, -1.0, 0.334301, -0.0, -1.0, -0.0, -0.002121, 0.0, 0.0, 0.0, 1.0],
                [-1.0, 0.0, -0.0, 2.7e-05, 0.0, -0.0, -1.0, 0.334302, -0.0, -1.0, -0.0, -0.002121, 0.0, 0.0, 0.0, 1.0],
                [-1.0, 0.0, -0.0, 2.7e-05, 0.0, -0.0, -1.0, 0.334301, -0.0, -1.0, -0.0, -0.002121, 0.0, 0.0, 0.0, 1.0],
                [-1.0, 0.0, -0.0, 2.7e-05, 0.0, -0.0, -1.0, 0.334301, -0.0, -1.0, -0.0, -0.002121, 0.0, 0.0, 0.0, 1.0],
                [-1.0, 0.0, -0.0, 2.7e-05, 0.0, -0.0, -1.0, 0.334301, -0.0, -1.0, -0.0, -0.002121, 0.0, 0.0, 0.0, 1.0],
                [-1.0, 0.0, -0.0, 2.7e-05, 0.0, -0.0, -1.0, 0.334301, -0.0, -1.0, -0.0, -0.002121, 0.0, 0.0, 0.0, 1.0],
                [-1.0, 0.0, -0.0, 2.7e-05, 0.0, -0.0, -1.0, 0.334302, -0.0, -1.0, -0.0, -0.002121, 0.0, 0.0, 0.0, 1.0],
                [-1.0, 0.0, -0.0, 2.7e-05, 0.0, -0.0, -1.0, 0.334302, -0.0, -1.0, -0.0, -0.002121, 0.0, 0.0, 0.0, 1.0]
            ]
        }
    ]
}