{
    "animation": [
        {
            "name": "Root",
            "time": [0.0, 0.2333, 0.3667, 0.45, 0.5667, 0.7167, 0.9333],
            "transform": [
                [0.03397, -0.054679, 0.997926, 0.20155, 0.977133, 0.211524, -0.021672, -0.049597, -0.2099, 0.975842, 0.060614, 0.566879, 0.0, 0.0, 0.0, 1.0],
                [0.03397, -0.054679, 0.997926, 0.174433, 0.977133, 0.211524, -0.021672, -0.197565, -0.2099, 0.975842, 0.060614, 0.469067, 0.0, 0.0, 0.0, 1.0],
                [0.17292, -0.030476, 0.984465, 0.167576, 0.961662, 0.221225, -0.162066, -0.144906, -0.212849, 0.974746, 0.067562, 0.474602, 0.0, 0.0, 0.0, 1.0],
                [0.675226, 0.074661, 0.733822, 0.139311, 0.705847, 0.2234, -0.672214, 0.282897, -0.214124, 0.971863, 0.098146, 0.760983, 0.0, 0.0, 0.0, 1.0],
                [0.810174, 0.247232, -0.531502, 0.096012, -0.544212, -0.019707, -0.838716, 0.670466, -0.217832, 0.968756, 0.11858, 0.605011, 0.0, 0.0, 0.0, 1.0],
                [0.847129, 0.232531, -0.47781, 0.089265, -0.492426, 0.005559, -0.870337, 0.734892, -0.199725, 0.972573, 0.119213, 0.564241, 0.0, 0.0, 0.0, 1.0],
                [0.904217, 0.209242, -0.372302, 0.086554, -0.392378, 0.062847, -0.917655, 0.760775, -0.168614, 0.975842, 0.13893, 0.547862, 0.0, 0.0, 0.0, 1.0]
            ]
        },
        {
            "name": "Thigh_R",
            "time": [0.0, 0.2333, 0.3667, 0.45, 0.5667, 0.7167, 0.9333],
            "transform": [
                [0.396391, 0.905606, 0.150823, 0.124994, 0.117879, -0.213124, 0.969888, -0.002831, 0.910482, -0.366676, -0.191234, -1.2e-05, 0.0, 0.0, 0.0, 1.0],
                [0.396391, 0.913874, -0.087779, 0.124994, 0.117879, 0.044157, 0.992046, -0.002831, 0.910482, -0.403585, -0.090224, -1.2e-05, 0.0, 0.0, 0.0, 1.0],
                [0.387044, 0.921698, -0.025808, 0.124994, 0.187041, -0.051073, 0.981024, -0.002831, 0.902891, -0.384526, -0.192164, -1.2e-05, 0.0, 0.0, 0.0, 1.0],
                [0.506831, 0.498085, 0.703586, 0.124994, 0.076538, -0.838957, 0.538786, -0.002831, 0.85864, -0.219222, -0.463333, -1.2e-05, 0.0, 0.0, 0.0, 1.0],
                [0.442937, 0.660791, 0.605938, 0.124994, 0.717446, -0.666548, 0.202442, -0.002831, 0.537659, 0.345058, -0.769323, -1.2e-05, 0.0, 0.0, 0.0, 1.0],
                [0.483604, 0.589632, 0.646885, 0.124994, 0.732904, -0.676821, 0.06901, -0.002831, 0.478516, 0.440731, -0.759459, -1.2e-05, 0.0, 0.0, 0.0, 1.0],
                [0.534515, 0.529387, 0.658819, 0.124994, 0.703656, -0.710539, 5.6e-05, -0.002831, 0.468146, 0.463551, -0.752302, -1.2e-05, 0.0, 0.0, 0.0, 1.0]
            ]
        },
        {
            "name": "Leg_R",
            "time": [0.0, 0.2333, 0.3667, 0.45, 0.5667, 0.7167, 0.9333],
            "transform": [
                [1.0, -1e-06, 0.0, -0.0, 0.0, 0.375148, 0.926964, 0.37472, -1e-06, -0.926966, 0.375147, -0.0, 0.0, 0.0, 0.0, 1.0],
                [1.0, -1e-06, 0.0, 0.0, 0.0, 0.077814, 0.996967, 0.37472, -1e-06, -0.996969, 0.077814, -0.0, 0.0, 0.0, 0.0, 1.0],
                [1.0, -1e-06, 0.0, 0.0, 0.0, 0.172006, 0.985095, 0.37472, -1e-06, -0.985097, 0.172005, 0.0, 0.0, 0.0, 0.0, 1.0],
                [1.0, -1e-06, 1e-06, -0.0, 0.0, 0.69662, 0.717441, 0.37472, -1e-06, -0.717442, 0.696619, -0.0, 0.0, 0.0, 0.0, 1.0],
                [1.0, -1e-06, 1e-06, -0.0, 0.0, 0.888684, 0.458521, 0.37472, -1e-06, -0.458522, 0.888683, 0.0, 0.0, 0.0, 0.0, 1.0],
                [1.0, -1e-06, 1e-06, -0.0, 0.0, 0.939936, 0.341353, 0.37472, -1e-06, -0.341353, 0.939934, -0.0, 0.0, 0.0, 0.0, 1.0],
                [1.0, -1e-06, 1e-06, -0.0, 0.0, 0.955882, 0.293752, 0.37472, -1e-06, -0.293752, 0.955881, 0.0, 0.0, 0.0, 0.0, 1.0]
            ]
        },
        {
            "name": "Knee_R",
            "time": [0.0, 0.2333, 0.3667, 0.5667, 0.7167, 0.9333],
            "transform": [
                [1.0, 0.0, -0.0, -0.0, -0.0, 1e-06, -1.0, 0.37472, -0.0, 1.0, 1e-06, -0.0, 0.0, 0.0, 0.0, 1.0],
                [1.0, 0.0, -0.0, 0.0, -0.0, 1e-06, -1.0, 0.37472, -0.0, 1.0, 1e-06, -0.0, 0.0, 0.0, 0.0, 1.0],
                [1.0, 0.0, -0.0, 0.0, -0.0, 1e-06, -1.0, 0.37472, -0.0, 1.0, 1e-06, 0.0, 0.0, 0.0, 0.0, 1.0],
                [1.0, 0.0, -0.0, -0.0, -0.0, 1e-06, -1.0, 0.37472, -0.0, 1.0, 1e-06, 0.0, 0.0, 0.0, 0.0, 1.0],
                [1.0, 0.0, -0.0, -0.0, -0.0, 1e-06, -1.0, 0.37472, -0.0, 1.0, 1e-06, -0.0, 0.0, 0.0, 0.0, 1.0],
                [1.0, 0.0, -0.0, -0.0, -0.0, 1e-06, -1.0, 0.37472, -0.0, 1.0, 1e-06, 0.0, 0.0, 0.0, 0.0, 1.0]
            ]
        },
        {
            "name": "Thigh_L",
            "time": [0.0, 0.2333, 0.3667, 0.45, 0.5667, 0.7167, 0.9333],
            "transform": [
                [0.851481, -0.469712, 0.23313, -0.125006, -0.523646, -0.738061, 0.425512, -0.002831, -0.027803, -0.484393, -0.874408, -1.2e-05, 0.0, 0.0, 0.0, 1.0],
                [0.851481, -0.406198, 0.331636, -0.125006, -0.523646, -0.625113, 0.578816, -0.002831, -0.027803, -0.666512, -0.744976, -1.2e-05, 0.0, 0.0, 0.0, 1.0],
                [0.87875, -0.380861, 0.287649, -0.125006, -0.469287, -0.579645, 0.666168, -0.002831, -0.086983, -0.720386, -0.688097, -1.2e-05, 0.0, 0.0, 0.0, 1.0],
                [0.75486, 0.242136, 0.609554, -0.125006, -0.543282, -0.289849, 0.787929, -0.002831, 0.367464, -0.925936, -0.087248, -1.2e-05, 0.0, 0.0, 0.0, 1.0],
                [0.87737, -0.38302, -0.288991, -0.125006, 0.008476, -0.589835, 0.807479, -0.002831, -0.479737, -0.710908, -0.514257, -1.2e-05, 0.0, 0.0, 0.0, 1.0],
                [0.856682, -0.396717, -0.329714, -0.125006, 0.057234, -0.562128, 0.825068, -0.002831, -0.512659, -0.725691, -0.458859, -1.2e-05, 0.0, 0.0, 0.0, 1.0],
                [0.854642, -0.391196, -0.341395, -0.125006, 0.133937, -0.469162, 0.872896, -0.002831, -0.501643, -0.79174, -0.34857, -1.2e-05, 0.0, 0.0, 0.0, 1.0]
            ]
        },
        {
            "name": "Leg_L",
            "time": [0.0, 0.2333, 0.3667, 0.45, 0.5667, 0.7167, 0.9333],
            "transform": [
                [0.998576, 0.049233, 0.020531, 0.0, -0.051599, 0.793921, 0.605827, 0.37472, 0.013527, -0.606024, 0.795332, 0.0, 0.0, 0.0, 0.0, 1.0],
                [0.998576, 0.040224, 0.035036, -0.0, -0.051599, 0.561822, 0.825648, 0.37472, 0.013527, -0.826279, 0.563098, 0.0, 0.0, 0.0, 0.0, 1.0],
                [0.998576, 0.041198, 0.033885, 0.0, -0.051599, 0.584935, 0.809437, 0.37472, 0.013527, -0.810033, 0.586228, 0.0, 0.0, 0.0, 0.0, 1.0],
                [0.998576, -0.006957, 0.052887, -0.0, -0.051599, -0.3774, 0.924612, 0.37472, 0.013527, -0.926024, -0.377222, 0.0, 0.0, 0.0, 0.0, 1.0],
                [0.998576, 0.052547, 0.009179, 0.0, -0.051599, 0.90789, 0.416019, 0.37472, 0.013527, -0.4159, 0.90931, -0.0, 0.0, 0.0, 0.0, 1.0],
                [0.998575, 0.05199, 0.012041, 0.0, -0.051622, 0.883815, 0.46498, 0.37472, 0.013533, -0.464938, 0.88524, 0.0, 0.0, 0.0, 0.0, 1.0],
                [0.998576, 0.04962, 0.019578, -0.0, -0.051599, 0.805453, 0.590409, 0.37472, 0.013527, -0.590578, 0.806867, 0.0, 0.0, 0.0, 0.0, 1.0]
            ]
        },
        {
            "name": "Knee_L",
            "time": [0.0, 0.2333, 0.3667, 0.5667, 0.7167, 0.9333],
            "transform": [
                [1.0, 0.0, -0.0, 0.0, -0.0, 1e-06, -1.0, 0.37472, -0.0, 1.0, 1e-06, 0.0, 0.0, 0.0, 0.0, 1.0],
                [1.0, 0.0, -0.0, -0.0, -0.0, 1e-06, -1.0, 0.37472, -0.0, 1.0, 1e-06, 0.0, 0.0, 0.0, 0.0, 1.0],
                [1.0, 0.0, -0.0, 0.0, -0.0, 1e-06, -1.0, 0.37472, -0.0, 1.0, 1e-06, 0.0, 0.0, 0.0, 0.0, 1.0],
                [1.0, 0.0, -0.0, 0.0, -0.0, 1e-06, -1.0, 0.37472, -0.0, 1.0, 1e-06, -0.0, 0.0, 0.0, 0.0, 1.0],
                [1.0, 0.0, -0.0, 0.0, -0.0, 1e-06, -1.0, 0.37472, -0.0, 1.0, 1e-06, 0.0, 0.0, 0.0, 0.0, 1.0],
                [1.0, 0.0, -0.0, -0.0, -0.0, 1e-06, -1.0, 0.37472, -0.0, 1.0, 1e-06, 0.0, 0.0, 0.0, 0.0, 1.0]
            ]
        },
        {
            "name": "Torso",
            "time": [0.0, 0.2333, 0.3667, 0.5667, 0.7167, 0.9333],
            "transform": [
                [0.999785, 0.020538, -0.002706, 0.0, -0.020541, 0.999788, -0.001423, 0.05, 0.002676, 0.001479, 0.999995, 0.0, 0.0, 0.0, 0.0, 1.0],
                [0.999785, 0.020711, -0.00042, 0.0, -0.020542, 0.993823, 0.109056, 0.05, 0.002676, -0.109024, 0.994036, 0.0, 0.0, 0.0, 0.0, 1.0],
                [0.999972, -0.005118, -0.005507, -0.0, 0.005541, 0.996811, 0.079614, 0.05, 0.005082, -0.079642, 0.99681, -0.0, 0.0, 0.0, 0.0, 1.0],
                [0.969429, -0.244885, -0.015426, 0.0, 0.237202, 0.951392, -0.196439, 0.05, 0.062781, 0.186775, 0.980395, -0.0, 0.0, 0.0, 0.0, 1.0],
                [0.96042, -0.278325, -0.011322, -0.0, 0.267974, 0.934272, -0.235214, 0.05, 0.076044, 0.22287, 0.971878, -0.0, 0.0, 0.0, 0.0, 1.0],
                [0.956507, -0.291562, -0.009296, 0.0, 0.280043, 0.926706, -0.250582, 0.05, 0.081675, 0.23708, 0.968051, 0.0, 0.0, 0.0, 0.0, 1.0]
            ]
        },
        {
            "name": "Chest",
            "time": [0.0, 0.2333, 0.3667, 0.45, 0.5667, 0.7167, 0.9333],
            "transform": [
                [0.767715, -0.069205, 0.637044, 0.0, -0.107157, 0.966287, 0.234109, 0.3, -0.631769, -0.247993, 0.734417, -0.0, 0.0, 0.0, 0.0, 1.0],
                [0.615434, -0.069205, 0.785144, 0.0, -0.154293, 0.966287, 0.206115, 0.3, -0.772939, -0.247993, 0.584008, 0.0, 0.0, 0.0, 0.0, 1.0],
                [0.671943, -0.05373, 0.738651, 0.0, -0.140528, 0.969995, 0.198395, 0.3, -0.727148, -0.237111, 0.644232, -0.0, 0.0, 0.0, 0.0, 1.0],
                [0.847557, -0.092603, 0.522563, -0.0, -0.097869, 0.940497, 0.325401, 0.3, -0.521603, -0.326939, 0.788062, 0.0, 0.0, 0.0, 0.0, 1.0],
                [0.9825, 0.143783, 0.118411, 0.0, -0.140452, 0.989431, -0.036056, 0.3, -0.122343, 0.018794, 0.99231, 0.0, 0.0, 0.0, 0.0, 1.0],
                [0.993051, 0.11487, 0.025583, -0.0, -0.114953, 0.993369, 0.001773, 0.3, -0.02521, -0.004702, 0.999671, -0.0, 0.0, 0.0, 0.0, 1.0],
                [0.99897, 0.044137, -0.010496, 0.0, -0.043075, 0.995371, 0.085917, 0.3, 0.01424, -0.085376, 0.996247, 0.0, 0.0, 0.0, 0.0, 1.0]
            ]
        },
        {
            "name": "Head",
            "time": [0.0, 0.2333, 0.3667, 0.45, 0.5667, 0.7167, 0.9333],
            "transform": [
                [0.16017, 0.037721, -0.986368, -0.0, -0.05507, 0.998055, 0.029226, 0.4, 0.985552, 0.049638, 0.161936, 0.0, 0.0, 0.0, 0.0, 1.0],
                [-0.200023, 0.058595, -0.978038, 0.0, 0.061933, 0.99697, 0.047063, 0.4, 0.977832, -0.05116, -0.203046, 0.0, 0.0, 0.0, 0.0, 1.0],
                [-0.04494, 0.058595, -0.99727, 0.0, 0.05383, 0.99697, 0.056152, 0.4, 0.997538, -0.05116, -0.047958, 0.0, 0.0, 0.0, 0.0, 1.0],
                [0.583533, -0.099846, -0.805928, -0.0, 0.007375, 0.993024, -0.117685, 0.4, 0.812056, 0.06273, 0.580198, -0.0, 0.0, 0.0, 0.0, 1.0],
                [0.889048, 0.035272, 0.456454, -0.0, -0.063313, 0.99692, 0.04628, 0.4, -0.453416, -0.070044, 0.888543, 0.0, 0.0, 0.0, 0.0, 1.0],
                [0.892652, 0.050338, 0.447927, 0.0, -0.073908, 0.996641, 0.035287, 0.4, -0.444646, -0.064605, 0.893374, 0.0, 0.0, 0.0, 0.0, 1.0],
                [0.893901, 0.058595, 0.444417, -0.0, -0.075214, 0.99697, 0.019838, 0.4, -0.441908, -0.051159, 0.8956, 0.0, 0.0, 0.0, 0.0, 1.0]
            ]
        },
        {
            "name": "Shoulder_R",
            "time": [0.0, 0.2333, 0.3667, 0.5667, 0.7167, 0.9333],
            "transform": [
                [0.340651, 0.903593, 0.259762, -0.0, 0.022628, -0.284086, 0.958532, 0.4, 0.939917, -0.320647, -0.11722, 0.0, 0.0, 0.0, 0.0, 1.0],
                [0.340651, 0.903593, 0.259762, 0.0, 0.022628, -0.284086, 0.958532, 0.4, 0.939918, -0.320647, -0.11722, 0.0, 0.0, 0.0, 0.0, 1.0],
                [0.31045, 0.92075, 0.236303, 0.0, 0.03692, -0.260077, 0.964882, 0.4, 0.949872, -0.290824, -0.114736, 0.0, 0.0, 0.0, 0.0, 1.0],
                [0.006073, 0.999887, 0.013742, -0.0, 0.128039, -0.014406, 0.991665, 0.4, 0.99175, -0.004263, -0.128112, 0.0, 0.0, 0.0, 0.0, 1.0],
                [-0.039747, 0.99905, -0.017876, 0.0, 0.13456, 0.023079, 0.990637, 0.4, 0.990108, 0.03697, -0.135349, 0.0, 0.0, 0.0, 0.0, 1.0],
                [-0.058112, 0.997846, -0.03042, -0.0, 0.136683, 0.038137, 0.98988, 0.4, 0.988909, 0.053366, -0.138605, 0.0, 0.0, 0.0, 0.0, 1.0]
            ]
        },
        {
            "name": "Arm_R",
            "time": [0.0, 0.2333, 0.3667, 0.45, 0.5, 0.5667, 0.7167, 0.9333],
            "transform": [
                [0.606571, -0.763045, -0.223234, 0.0, 0.599669, 0.254761, 0.758613, 0.393861, -0.521985, -0.59402, 0.612105, -0.0, 0.0, 0.0, 0.0, 1.0],
                [-0.293783, -0.768278, -0.568718, -0.0, 0.063231, 0.578051, -0.813547, 0.39386, 0.953778, -0.274967, -0.121243, 0.0, 0.0, 0.0, 0.0, 1.0],
                [-0.201091, -0.676756, -0.708211, 0.0, -0.082873, 0.732141, -0.676092, 0.39386, 0.976061, -0.077265, -0.203312, 0.0, 0.0, 0.0, 0.0, 1.0],
                [0.101676, -0.358109, -0.928127, -0.0, -0.496428, 0.790235, -0.359288, 0.393861, 0.862103, 0.497279, -0.097428, -0.0, 0.0, 0.0, 0.0, 1.0],
                [0.06709, -0.05605, -0.996171, -0.0, -0.551656, 0.829847, -0.083844, 0.39386, 0.831369, 0.555169, 0.024754, 0.0, 0.0, 0.0, 0.0, 1.0],
                [0.134177, 0.252801, -0.958169, 0.0, -0.638466, 0.761528, 0.111512, 0.39386, 0.757863, 0.596796, 0.263585, 0.0, 0.0, 0.0, 0.0, 1.0],
                [0.230848, 0.351554, -0.907259, -0.0, -0.579254, 0.798854, 0.16216, 0.393861, 0.781776, 0.488099, 0.388054, 0.0, 0.0, 0.0, 0.0, 1.0],
                [0.315336, 0.348066, -0.882844, 0.0, -0.381753, 0.89824, 0.217781, 0.393861, 0.868808, 0.268355, 0.416123, 0.0, 0.0, 0.0, 0.0, 1.0]
            ]
        },
        {
            "name": "Hand_R",
            "time": [0.0, 0.2333, 0.3667, 0.5667, 0.7167, 0.9333],
            "transform": [
                [0.999998, -0.000527, 0.001746, -0.0, 0.000868, 0.979432, -0.201774, 0.3, -0.001603, 0.201775, 0.979431, 0.0, 0.0, 0.0, 0.0, 1.0],
                [0.999998, -0.000527, 0.001746, -0.0, 0.000868, 0.979432, -0.201774, 0.3, -0.001603, 0.201775, 0.979431, 0.0, 0.0, 0.0, 0.0, 1.0],
                [0.999998, -0.000527, 0.001745, -0.0, 0.000868, 0.979432, -0.201774, 0.3, -0.001603, 0.201775, 0.979431, -0.0, 0.0, 0.0, 0.0, 1.0],
                [0.999998, -0.000527, 0.001746, 0.0, 0.000868, 0.979432, -0.201774, 0.3, -0.001603, 0.201775, 0.979431, -0.0, 0.0, 0.0, 0.0, 1.0],
                [0.999999, -0.00041, 0.001776, -0.0, 0.000868, 0.963987, -0.26595, 0.3, -0.001603, 0.265951, 0.963985, -0.0, 0.0, 0.0, 0.0, 1.0],
                [0.999998, -8.7e-05, 0.001821, -0.0, 0.000868, 0.90101, -0.433797, 0.3, -0.001603, 0.433798, 0.901009, 0.0, 0.0, 0.0, 0.0, 1.0]
            ]
        },
        {
            "name": "Tool_R",
            "time": [0.0, 0.2333, 0.3667, 0.45, 0.5667, 0.7167, 0.9333],
            "transform": [
                [0.976088, -0.178312, 0.124326, 0.015054, -0.000817, -0.574945, -0.818192, 0.243316, 0.217246, 0.798046, -0.561019, 0.024459, 0.0, 0.0, 0.0, 1.0],
                [0.976088, -0.178312, 0.124326, 0.015054, -0.000817, -0.574945, -0.818191, 0.243316, 0.217246, 0.798047, -0.561019, 0.024459, 0.0, 0.0, 0.0, 1.0],
                [0.976088, -0.178312, 0.124326, 0.015054, -0.000817, -0.574945, -0.818191, 0.243316, 0.217246, 0.798046, -0.561019, 0.024459, 0.0, 0.0, 0.0, 1.0],
                [0.976099, 0.018699, 0.216523, 0.015053, -0.000987, -0.9959, 0.09046, 0.243316, 0.217198, -0.08847, -0.971501, 0.024459, 0.0, 0.0, 0.0, 1.0],
                [0.976088, -0.178312, 0.124326, 0.015054, -0.000817, -0.574945, -0.818191, 0.243316, 0.217245, 0.798046, -0.561019, 0.024459, 0.0, 0.0, 0.0, 1.0],
                [0.976088, -0.178312, 0.124326, 0.015054, -0.000817, -0.574945, -0.818191, 0.243316, 0.217245, 0.798046, -0.561019, 0.024459, 0.0, 0.0, 0.0, 1.0],
                [0.976088, -0.178312, 0.124326, 0.015054, -0.000817, -0.574945, -0.818191, 0.243316, 0.217246, 0.798047, -0.561019, 0.024459, 0.0, 0.0, 0.0, 1.0]
            ]
        },
        {
            "name": "Elbow_R",
            "time": [0.0, 0.2333, 0.3667, 0.5667, 0.7167, 0.9333],
            "transform": [
                [-1.0, 0.0, 0.0, -0.0, 0.0, -0.0, -1.0, 0.341622, -0.0, -1.0, 0.0, 0.0, 0.0, 0.0, 0.0, 1.0],
                [-1.0, 0.0, -0.0, -0.0, 0.0, 0.0, -1.0, 0.341622, -0.0, -1.0, 0.0, -0.0, 0.0, 0.0, 0.0, 1.0],
                [-1.0, 0.0, -0.0, -0.0, 0.0, -0.0, -1.0, 0.341622, -0.0, -1.0, 0.0, -0.0, 0.0, 0.0, 0.0, 1.0],
                [-1.0, 0.0, 0.0, -0.0, -0.0, -0.0, -1.0, 0.341622, -0.0, -1.0, 0.0, -0.0, 0.0, 0.0, 0.0, 1.0],
                [-1.0, 0.0, 0.0, -0.0, 0.0, -0.0, -1.0, 0.341622, -0.0, -1.0, 0.0, -0.0, 0.0, 0.0, 0.0, 1.0],
                [-1.0, 0.0, 0.0, -0.0, 0.0, 0.0, -1.0, 0.341622, -0.0, -1.0, 0.0, 0.0, 0.0, 0.0, 0.0, 1.0]
            ]
        },
        {
            "name": "Shoulder_L",
            "time": [0.0, 0.2333, 0.3667, 0.45, 0.5667, 0.7167, 0.9333],
            "transform": [
                [0.917435, -0.375751, -0.130862, -0.0, 0.041939, -0.23574, 0.970911, 0.4, -0.39567, -0.896235, -0.200517, 0.0, 0.0, 0.0, 0.0, 1.0],
                [0.917435, -0.375751, -0.130862, 0.0, 0.041939, -0.23574, 0.970911, 0.4, -0.39567, -0.896235, -0.200517, 0.0, 0.0, 0.0, 0.0, 1.0],
                [0.898433, -0.419158, -0.130862, 0.0, 0.030627, -0.237475, 0.970911, 0.4, -0.438041, -0.876306, -0.200517, 0.0, 0.0, 0.0, 0.0, 1.0],
                [0.879907, 0.45677, -0.130862, -0.0, 0.206931, -0.120465, 0.970911, 0.4, 0.427718, -0.881391, -0.200518, -0.0, 0.0, 0.0, 0.0, 1.0],
                [0.631647, -0.764131, -0.130862, -0.0, -0.074239, -0.227642, 0.970911, 0.4, -0.771693, -0.603558, -0.200517, 0.0, 0.0, 0.0, 0.0, 1.0],
                [0.581838, -0.802707, -0.130862, 0.0, -0.088547, -0.222467, 0.970911, 0.4, -0.80847, -0.553326, -0.200517, 0.0, 0.0, 0.0, 0.0, 1.0],
                [0.561272, -0.81722, -0.130862, -0.0, -0.094167, -0.220147, 0.970911, 0.4, -0.822256, -0.532623, -0.200517, 0.0, 0.0, 0.0, 0.0, 1.0]
            ]
        },
        {
            "name": "Arm_L",
            "time": [0.0, 0.2333, 0.3667, 0.45, 0.5667, 0.7167, 0.9333],
            "transform": [
                [-0.398785, 0.733523, 0.550376, 0.0, -0.442495, 0.371758, -0.816085, 0.39386, -0.803224, -0.568981, 0.176329, -0.0, 0.0, 0.0, 0.0, 1.0],
                [-0.398785, 0.494146, 0.772522, 0.0, -0.442495, 0.63416, -0.634065, 0.39386, -0.803224, -0.594693, -0.034236, -0.0, 0.0, 0.0, 0.0, 1.0],
                [-0.340966, 0.513159, 0.787661, -0.0, -0.386235, 0.687417, -0.615045, 0.39386, -0.857067, -0.513932, -0.036186, 0.0, 0.0, 0.0, 0.0, 1.0],
                [0.095575, 0.790031, 0.605571, 0.0, 0.075289, 0.600876, -0.795789, 0.39386, -0.992571, 0.12165, -0.002052, 0.0, 0.0, 0.0, 0.0, 1.0],
                [0.121892, 0.973421, -0.193888, -0.0, -0.104822, -0.181627, -0.977764, 0.39386, -0.986993, 0.139505, 0.079897, -0.0, 0.0, 0.0, 0.0, 1.0],
                [0.080926, 0.992449, 0.092173, -0.0, -0.065753, 0.09759, -0.993052, 0.39386, -0.994549, 0.074303, 0.073154, -0.0, 0.0, 0.0, 0.0, 1.0],
                [-0.070012, 0.631117, 0.772522, 0.0, -0.031465, 0.772639, -0.634065, 0.39386, -0.99705, -0.0687, -0.034236, 0.0, 0.0, 0.0, 0.0, 1.0]
            ]
        },
        {
            "name": "Hand_L",
            "time": [0.0, 0.2333, 0.3667, 0.45, 0.5667, 0.7167, 0.9333],
            "transform": [
                [0.999993, -0.002816, -0.002547, -0.0, 0.000938, 0.833197, -0.552976, 0.3, 0.003679, 0.55297, 0.833193, 0.0, 0.0, 0.0, 0.0, 1.0],
                [0.999993, -0.002816, -0.002547, -0.0, 0.000938, 0.833197, -0.552976, 0.3, 0.003679, 0.55297, 0.833193, -0.0, 0.0, 0.0, 0.0, 1.0],
                [0.999993, -0.002977, -0.002356, 0.0, 0.000938, 0.795052, -0.606541, 0.3, 0.003679, 0.606535, 0.795049, -0.0, 0.0, 0.0, 0.0, 1.0],
                [0.999993, -0.001783, -0.003352, -0.0, 0.000938, 0.971507, -0.237011, 0.3, 0.003679, 0.237006, 0.971502, -0.0, 0.0, 0.0, 0.0, 1.0],
                [0.999993, -0.0025, -0.002858, 0.0, 0.000938, 0.89206, -0.451916, 0.3, 0.003679, 0.45191, 0.892056, -0.0, 0.0, 0.0, 0.0, 1.0],
                [0.999993, -0.00336, -0.001742, -0.0, 0.000941, 0.666654, -0.745367, 0.3, 0.003666, 0.74536, 0.666653, -0.0, 0.0, 0.0, 0.0, 1.0],
                [0.999993, -0.003787, 0.000271, -0.0, 0.000938, 0.177363, -0.984146, 0.3, 0.003679, 0.984139, 0.177365, 0.0, 0.0, 0.0, 0.0, 1.0]
            ]
        },
        {
            "name": "Tool_L",
            "time": [0.0, 0.2333, 0.3667, 0.5667, 0.7167, 0.9333],
            "transform": [
                [0.997004, 0.01104, -0.076554, -0.0, -0.036659, -0.804079, -0.593391, 0.272858, -0.068067, 0.594062, -0.8008, -0.0, 0.0, 0.0, 0.0, 1.0],
                [0.997004, 0.01104, -0.076554, -0.0, -0.036659, -0.804079, -0.593391, 0.272858, -0.068067, 0.594062, -0.8008, -0.0, 0.0, 0.0, 0.0, 1.0],
                [0.997004, 0.01104, -0.076554, 0.0, -0.036659, -0.804079, -0.593391, 0.272858, -0.068067, 0.594062, -0.8008, -0.0, 0.0, 0.0, 0.0, 1.0],
                [0.997004, 0.01104, -0.076554, -0.0, -0.036659, -0.804079, -0.593391, 0.272858, -0.068067, 0.594062, -0.8008, -0.0, 0.0, 0.0, 0.0, 1.0],
                [0.997004, 0.01104, -0.076554, 0.0, -0.036659, -0.804079, -0.593391, 0.272858, -0.068067, 0.594062, -0.8008, -0.0, 0.0, 0.0, 0.0, 1.0],
                [0.997004, 0.01104, -0.076554, -0.0, -0.036659, -0.804079, -0.593391, 0.272858, -0.068067, 0.594062, -0.8008, -0.0, 0.0, 0.0, 0.0, 1.0]
            ]
        },
        {
            "name": "Elbow_L",
            "time": [0.0, 0.2333, 0.3667, 0.5667, 0.7167, 0.9333],
            "transform": [
                [-1.0, 0.0, -0.0, 2.7e-05, 0.0, -0.0, -1.0, 0.334301, -0.0, -1.0, -0.0, -0.002121, 0.0, 0.0, 0.0, 1.0],
                [-1.0, 0.0, 0.0, 2.7e-05, 0.0, -0.0, -1.0, 0.334301, -0.0, -1.0, -0.0, -0.002121, 0.0, 0.0, 0.0, 1.0],
                [-1.0, 0.0, -0.0, 2.7e-05, 0.0, 0.034353, -0.99941, 0.334301, -0.0, -0.99941, -0.034353, -0.002121, 0.0, 0.0, 0.0, 1.0],
                [-1.0, 0.0, -0.0, 2.7e-05, 0.0, -0.080605, -0.996746, 0.334301, -0.0, -0.996746, 0.080605, -0.002121, 0.0, 0.0, 0.0, 1.0],
                [-1.0, 0.0, -0.0, 2.7e-05, 0.0, 0.052532, -0.998619, 0.334301, -0.0, -0.998619, -0.052532, -0.002121, 0.0, 0.0, 0.0, 1.0],
                [-1.0, 0.0, 0.0, 2.7e-05, 0.0, 0.403111, -0.915151, 0.334302, -0.0, -0.915151, -0.403111, -0.002121, 0.0, 0.0, 0.0, 1.0]
            ]
        }
    ]
}