{
    "animation": [
        {
            "name": "Root",
            "time": [0.0, 0.1167, 0.3, 0.5167, 0.5833, 0.7, 1.0667, 1.3333],
            "transform": [
                [0.904217, 0.209242, -0.372302, 0.086554, -0.392378, 0.062847, -0.917655, 0.020228, -0.168614, 0.975842, 0.13893, 0.547862, 0.0, 0.0, 0.0, 1.0],
                [0.410145, 0.235212, -0.881168, 0.095153, -0.89775, -0.066126, -0.435514, 0.040326, -0.160706, 0.969692, 0.18404, 0.542822, 0.0, 0.0, 0.0, 1.0],
                [-0.075265, 0.186152, -0.979634, 0.097892, -0.985533, -0.163495, 0.044651, 0.046727, -0.151853, 0.968822, 0.195764, 0.541217, 0.0, 0.0, 0.0, 1.0],
                [0.280803, 0.265234, -0.922388, 0.099211, -0.947908, -0.073957, -0.309839, 0.157429, -0.150397, 0.961343, 0.23065, 0.536407, 0.0, 0.0, 0.0, 1.0],
                [0.930847, 0.20795, -0.300467, 0.027966, -0.344198, 0.222911, -0.912052, 0.348348, -0.122684, 0.952401, 0.279072, 0.742817, 0.0, 0.0, 0.0, 1.0],
                [0.152255, -0.174429, 0.972827, 0.09895, 0.927072, 0.366378, -0.079402, 0.656694, -0.342573, 0.91397, 0.217491, 0.489808, 0.0, 0.0, 0.0, 1.0],
                [0.223719, -0.01745, 0.974497, 0.10158, 0.916928, 0.342751, -0.204365, 0.708079, -0.330443, 0.939264, 0.09268, 0.518466, 0.0, 0.0, 0.0, 1.0],
                [0.223719, -0.01745, 0.974497, 0.10158, 0.916928, 0.342751, -0.204365, 0.708079, -0.330443, 0.939264, 0.09268, 0.518466, 0.0, 0.0, 0.0, 1.0]
            ]
        },
        {
            "name": "Thigh_R",
            "time": [0.0, 0.1167, 0.3, 0.4333, 0.55, 0.6167, 0.7, 1.0667, 1.3333],
            "transform": [
                [0.534515, 0.529387, 0.658819, 0.124994, 0.703656, -0.710539, 5.6e-05, -0.002831, 0.468146, 0.463551, -0.752302, -1.2e-05, 0.0, 0.0, 0.0, 1.0],
                [0.447638, 0.848057, 0.283578, 0.124994, 0.595113, -0.519229, 0.613384, -0.002831, 0.667428, -0.105812, -0.737119, -1.2e-05, 0.0, 0.0, 0.0, 1.0],
                [0.534967, 0.841061, -0.080151, 0.124994, 0.388968, -0.160964, 0.90708, -0.002831, 0.750009, -0.516433, -0.413258, -1.2e-05, 0.0, 0.0, 0.0, 1.0],
                [0.506648, 0.851987, -0.131992, 0.124994, 0.310281, -0.037351, 0.949911, -0.002831, 0.804383, -0.522224, -0.28328, -1.2e-05, 0.0, 0.0, 0.0, 1.0],
                [0.621484, 0.655065, -0.429705, 0.124994, 0.295539, -0.704002, -0.645784, -0.002831, -0.725544, 0.274349, -0.631124, -1.2e-05, 0.0, 0.0, 0.0, 1.0],
                [0.686607, 0.558316, -0.465674, 0.124994, 0.726222, -0.496531, 0.475454, -0.002831, 0.034232, -0.664632, -0.746386, -1.2e-05, 0.0, 0.0, 0.0, 1.0],
                [0.449199, 0.830404, -0.329615, 0.124994, 0.342858, 0.180463, 0.921891, -0.002831, 0.825026, -0.527123, -0.203647, -1.2e-05, 0.0, 0.0, 0.0, 1.0],
                [0.322325, 0.936249, -0.139789, 0.124994, 0.140968, 0.098551, 0.985097, -0.002831, 0.936073, -0.337227, -0.100216, -1.2e-05, 0.0, 0.0, 0.0, 1.0],
                [0.322325, 0.936249, -0.139789, 0.124994, 0.140968, 0.098551, 0.985097, -0.002831, 0.936073, -0.337227, -0.100216, -1.2e-05, 0.0, 0.0, 0.0, 1.0]
            ]
        },
        {
            "name": "Leg_R",
            "time": [0.0, 0.1167, 0.3, 0.4333, 0.55, 0.7, 1.0667, 1.3333],
            "transform": [
                [1.0, -1e-06, 1e-06, -0.0, 0.0, 0.955882, 0.293752, 0.37472, -1e-06, -0.293752, 0.955881, 0.0, 0.0, 0.0, 0.0, 1.0],
                [1.0, -1e-06, 0.0, 0.0, 0.0, 0.48118, 0.876622, 0.37472, -1e-06, -0.876623, 0.481179, -0.0, 0.0, 0.0, 0.0, 1.0],
                [1.0, -1e-06, 0.0, 0.0, 0.0, 0.259026, 0.96587, 0.37472, -1e-06, -0.965871, 0.259026, 0.0, 0.0, 0.0, 0.0, 1.0],
                [1.0, -1e-06, 0.0, -0.0, 0.0, 0.224628, 0.974444, 0.37472, -1e-06, -0.974445, 0.224628, -0.0, 0.0, 0.0, 0.0, 1.0],
                [0.994882, -0.068744, -0.074057, 0.0, 0.087373, 0.953401, 0.28878, 0.37472, 0.050754, -0.293773, 0.954526, 0.0, 0.0, 0.0, 0.0, 1.0],
                [1.0, -1e-06, -0.0, -0.0, 0.0, 0.182919, 0.983127, 0.37472, -1e-06, -0.983129, 0.182919, -0.0, 0.0, 0.0, 0.0, 1.0],
                [1.0, -1e-06, 0.0, -0.0, 0.0, 0.205646, 0.978626, 0.37472, -1e-06, -0.978627, 0.205645, -0.0, 0.0, 0.0, 0.0, 1.0],
                [1.0, -1e-06, 0.0, -0.0, 0.0, 0.205646, 0.978626, 0.37472, -1e-06, -0.978627, 0.205645, -0.0, 0.0, 0.0, 0.0, 1.0]
            ]
        },
        {
            "name": "Knee_R",
            "time": [0.0, 0.1167, 0.3, 0.5167, 0.7, 1.0667, 1.3333],
            "transform": [
                [1.0, 0.0, -0.0, -0.0, -0.0, 1e-06, -1.0, 0.37472, -0.0, 1.0, 1e-06, 0.0, 0.0, 0.0, 0.0, 1.0],
                [1.0, 0.0, -0.0, 0.0, -0.0, 1e-06, -1.0, 0.37472, -0.0, 1.0, 1e-06, -0.0, 0.0, 0.0, 0.0, 1.0],
                [1.0, 0.0, -0.0, 0.0, -0.0, 1e-06, -1.0, 0.37472, -0.0, 1.0, 1e-06, 0.0, 0.0, 0.0, 0.0, 1.0],
                [1.0, 0.0, -0.0, 0.0, -0.0, 1e-06, -1.0, 0.37472, -0.0, 1.0, 1e-06, 0.0, 0.0, 0.0, 0.0, 1.0],
                [1.0, 0.0, -0.0, -0.0, -0.0, 1e-06, -1.0, 0.37472, -0.0, 1.0, 1e-06, -0.0, 0.0, 0.0, 0.0, 1.0],
                [1.0, 0.0, -0.0, -0.0, -0.0, 1e-06, -1.0, 0.37472, -0.0, 1.0, 1e-06, -0.0, 0.0, 0.0, 0.0, 1.0],
                [1.0, 0.0, -0.0, -0.0, -0.0, 1e-06, -1.0, 0.37472, -0.0, 1.0, 1e-06, -0.0, 0.0, 0.0, 0.0, 1.0]
            ]
        },
        {
            "name": "Thigh_L",
            "time": [0.0, 0.1167, 0.3, 0.5167, 0.5833, 0.7, 1.0667, 1.3333],
            "transform": [
                [0.854642, -0.391196, -0.341395, -0.125006, 0.133937, -0.469162, 0.872896, -0.002831, -0.501643, -0.79174, -0.34857, -1.2e-05, 0.0, 0.0, 0.0, 1.0],
                [0.854642, -0.391196, -0.341395, -0.125006, 0.133937, -0.469162, 0.872896, -0.002831, -0.501643, -0.79174, -0.34857, -1.2e-05, 0.0, 0.0, 0.0, 1.0],
                [0.426367, -0.687041, -0.588376, -0.125006, 0.145832, -0.589744, 0.794314, -0.002831, -0.892717, -0.424473, -0.151255, -1.2e-05, 0.0, 0.0, 0.0, 1.0],
                [0.509317, -0.663779, -0.547716, -0.125006, -0.00543, -0.638917, 0.769256, -0.002831, -0.860561, -0.388821, -0.329017, -1.2e-05, 0.0, 0.0, 0.0, 1.0],
                [0.82726, -0.021113, -0.561421, -0.125006, 0.115398, -0.971601, 0.206578, -0.002831, -0.549839, -0.23568, -0.801331, -1.2e-05, 0.0, 0.0, 0.0, 1.0],
                [0.860563, -0.474446, -0.185289, -0.125006, -0.188949, -0.635191, 0.748886, -0.002831, -0.472999, -0.609453, -0.636268, -1.2e-05, 0.0, 0.0, 0.0, 1.0],
                [0.885616, -0.460637, -0.059129, -0.125006, -0.369809, -0.776485, 0.510208, -0.002831, -0.280933, -0.429982, -0.858016, -1.2e-05, 0.0, 0.0, 0.0, 1.0],
                [0.885616, -0.460637, -0.059129, -0.125006, -0.369809, -0.776485, 0.510208, -0.002831, -0.280933, -0.429982, -0.858016, -1.2e-05, 0.0, 0.0, 0.0, 1.0]
            ]
        },
        {
            "name": "Leg_L",
            "time": [0.0, 0.1167, 0.3, 0.5167, 0.5833, 0.7, 1.0667, 1.3333],
            "transform": [
                [0.998576, 0.04962, 0.019578, -0.0, -0.051599, 0.805453, 0.590409, 0.37472, 0.013527, -0.590578, 0.806867, 0.0, 0.0, 0.0, 0.0, 1.0],
                [0.998576, 0.040627, 0.034568, -0.0, -0.051599, 0.571338, 0.819092, 0.37472, 0.013527, -0.819709, 0.572621, -0.0, 0.0, 0.0, 0.0, 1.0],
                [0.998577, 0.047825, 0.023628, -0.0, -0.051599, 0.753686, 0.655205, 0.37472, 0.013527, -0.655491, 0.755082, 0.0, 0.0, 0.0, 0.0, 1.0],
                [0.998576, 0.047527, 0.024221, 0.0, -0.051599, 0.745475, 0.664533, 0.37472, 0.013527, -0.664836, 0.746867, -0.0, 0.0, 0.0, 0.0, 1.0],
                [0.998576, 0.053309, 0.001893, -0.0, -0.051599, 0.956325, 0.287716, 0.37472, 0.013527, -0.287403, 0.957714, -0.0, 0.0, 0.0, 0.0, 1.0],
                [0.998577, 0.033401, 0.04158, -0.0, -0.051591, 0.407245, 0.911861, 0.37472, 0.013524, -0.912708, 0.408389, -0.0, 0.0, 0.0, 0.0, 1.0],
                [0.998576, 0.045849, 0.027264, -0.0, -0.051599, 0.700628, 0.711659, 0.37472, 0.013527, -0.712052, 0.701996, 0.0, 0.0, 0.0, 0.0, 1.0],
                [0.998576, 0.045849, 0.027264, -0.0, -0.051599, 0.700628, 0.711659, 0.37472, 0.013527, -0.712052, 0.701996, 0.0, 0.0, 0.0, 0.0, 1.0]
            ]
        },
        {
            "name": "Knee_L",
            "time": [0.0, 0.1167, 0.3, 0.5167, 0.7, 1.0667, 1.3333],
            "transform": [
                [1.0, 0.0, -0.0, -0.0, -0.0, 1e-06, -1.0, 0.37472, -0.0, 1.0, 1e-06, 0.0, 0.0, 0.0, 0.0, 1.0],
                [1.0, 0.0, -0.0, -0.0, -0.0, 1e-06, -1.0, 0.37472, -0.0, 1.0, 1e-06, -0.0, 0.0, 0.0, 0.0, 1.0],
                [1.0, 0.0, -0.0, -0.0, -0.0, 1e-06, -1.0, 0.37472, -0.0, 1.0, 1e-06, 0.0, 0.0, 0.0, 0.0, 1.0],
                [1.0, 0.0, -0.0, 0.0, -0.0, 1e-06, -1.0, 0.37472, -0.0, 1.0, 1e-06, -0.0, 0.0, 0.0, 0.0, 1.0],
                [1.0, 0.0, -0.0, -0.0, -0.0, 1e-06, -1.0, 0.37472, -0.0, 1.0, 1e-06, -0.0, 0.0, 0.0, 0.0, 1.0],
                [1.0, 0.0, -0.0, -0.0, -0.0, 1e-06, -1.0, 0.37472, -0.0, 1.0, 1e-06, 0.0, 0.0, 0.0, 0.0, 1.0],
                [1.0, 0.0, -0.0, -0.0, -0.0, 1e-06, -1.0, 0.37472, -0.0, 1.0, 1e-06, 0.0, 0.0, 0.0, 0.0, 1.0]
            ]
        },
        {
            "name": "Torso",
            "time": [0.0, 0.1167, 0.3, 0.5167, 0.7, 1.0667, 1.3333],
            "transform": [
                [0.956507, -0.291562, -0.009296, 0.0, 0.280043, 0.926706, -0.250582, 0.05, 0.081675, 0.23708, 0.968051, 0.0, 0.0, 0.0, 0.0, 1.0],
                [0.944454, -0.328458, -0.011051, -0.0, 0.319686, 0.925988, -0.200867, 0.05, 0.076209, 0.186177, 0.979556, -0.0, 0.0, 0.0, 0.0, 1.0],
                [0.940319, -0.34008, -0.012025, -0.0, 0.332146, 0.92492, -0.184938, 0.05, 0.074015, 0.169907, 0.982677, 0.0, 0.0, 0.0, 0.0, 1.0],
                [0.940319, -0.34008, -0.012025, -0.0, 0.332146, 0.92492, -0.184938, 0.05, 0.074015, 0.169907, 0.982677, -0.0, 0.0, 0.0, 0.0, 1.0],
                [0.940319, -0.337684, -0.042059, -0.0, 0.332146, 0.937653, -0.102401, 0.05, 0.074015, 0.08232, 0.993854, -0.0, 0.0, 0.0, 0.0, 1.0],
                [0.940319, -0.34008, -0.012025, 0.0, 0.332146, 0.92492, -0.184938, 0.05, 0.074015, 0.169907, 0.982677, 0.0, 0.0, 0.0, 0.0, 1.0],
                [0.940319, -0.34008, -0.012025, 0.0, 0.332146, 0.92492, -0.184938, 0.05, 0.074015, 0.169907, 0.982677, 0.0, 0.0, 0.0, 0.0, 1.0]
            ]
        },
        {
            "name": "Chest",
            "time": [0.0, 0.1167, 0.3, 0.5167, 0.5833, 0.7, 1.0667, 1.3333],
            "transform": [
                [0.99897, 0.044137, -0.010496, -0.0, -0.043075, 0.995371, 0.085917, 0.3, 0.01424, -0.085376, 0.996247, 0.0, 0.0, 0.0, 0.0, 1.0],
                [0.86455, 4.1e-05, -0.502546, 0.0, 0.008085, 0.999869, 0.01399, 0.3, 0.502481, -0.016158, 0.864437, 0.0, 0.0, 0.0, 0.0, 1.0],
                [0.698635, -0.020545, -0.715183, -0.0, 0.014349, 0.999789, -0.014704, 0.3, 0.715335, 1.1e-05, 0.698782, -0.0, 0.0, 0.0, 0.0, 1.0],
                [0.845192, -0.010809, -0.534353, -0.0, 0.037047, 0.998575, 0.038398, 0.3, 0.533177, -0.052249, 0.844389, -0.0, 0.0, 0.0, 0.0, 1.0],
                [0.81855, -0.014943, -0.574241, 0.0, 0.088057, 0.99111, 0.09973, 0.3, 0.567646, -0.1322, 0.81259, -0.0, 0.0, 0.0, 0.0, 1.0],
                [0.876439, -0.094506, 0.472147, -0.0, -0.042487, 0.961547, 0.271333, 0.3, -0.479634, -0.257867, 0.838723, 0.0, 0.0, 0.0, 0.0, 1.0],
                [0.707968, -0.149789, 0.690177, -0.0, -0.096071, 0.94774, 0.304235, 0.3, -0.699679, -0.281695, 0.656579, 0.0, 0.0, 0.0, 0.0, 1.0],
                [0.707968, -0.149789, 0.690177, -0.0, -0.096071, 0.94774, 0.304235, 0.3, -0.699679, -0.281695, 0.656579, 0.0, 0.0, 0.0, 0.0, 1.0]
            ]
        },
        {
            "name": "Head",
            "time": [0.0, 0.1167, 0.3, 0.5167, 0.7, 1.0667, 1.3333],
            "transform": [
                [0.893901, 0.058595, 0.444417, 0.0, -0.075214, 0.99697, 0.019838, 0.4, -0.441908, -0.051159, 0.8956, 0.0, 0.0, 0.0, 0.0, 1.0],
                [0.317905, 0.058595, 0.94631, 0.0, -0.067215, 0.99697, -0.039152, 0.4, -0.945737, -0.051159, 0.32088, -0.0, 0.0, 0.0, 0.0, 1.0],
                [0.079533, 0.058595, 0.995109, 0.0, -0.055747, 0.99697, -0.054249, 0.4, -0.995272, -0.051159, 0.082558, -0.0, 0.0, 0.0, 0.0, 1.0],
                [0.425868, 0.058869, 0.902868, 0.0, -0.072269, 0.996906, -0.030912, 0.4, -0.901895, -0.052085, 0.428805, -0.0, 0.0, 0.0, 0.0, 1.0],
                [0.281705, 0.058831, -0.957696, -0.0, 0.032602, 0.996955, 0.070832, 0.4, 0.958947, -0.051177, 0.27893, 0.0, 0.0, 0.0, 0.0, 1.0],
                [0.005819, 0.058595, -0.998265, 0.0, 0.050905, 0.99697, 0.058816, 0.4, 0.998687, -0.051159, 0.002819, -0.0, 0.0, 0.0, 0.0, 1.0],
                [0.005819, 0.058595, -0.998265, 0.0, 0.050905, 0.99697, 0.058816, 0.4, 0.998687, -0.051159, 0.002819, -0.0, 0.0, 0.0, 0.0, 1.0]
            ]
        },
        {
            "name": "Shoulder_R",
            "time": [0.0, 0.1167, 0.3, 0.5167, 0.7, 1.0667, 1.3333],
            "transform": [
                [-0.058112, 0.997846, -0.03042, 0.0, 0.136683, 0.038137, 0.98988, 0.4, 0.988909, 0.053366, -0.138605, 0.0, 0.0, 0.0, 0.0, 1.0],
                [0.503309, 0.863571, -0.03042, 0.0, 0.134976, -0.043798, 0.98988, 0.4, 0.853499, -0.502322, -0.138605, -0.0, 0.0, 0.0, 0.0, 1.0],
                [0.65296, 0.756781, -0.03042, 0.0, 0.124671, -0.067778, 0.98988, 0.4, 0.747061, -0.650145, -0.138605, -0.0, 0.0, 0.0, 0.0, 1.0],
                [0.65296, 0.756781, -0.03042, 0.0, 0.124671, -0.067778, 0.98988, 0.4, 0.747061, -0.650145, -0.138605, -0.0, 0.0, 0.0, 0.0, 1.0],
                [0.65296, 0.756781, -0.03042, -0.0, 0.124671, -0.067778, 0.98988, 0.4, 0.747061, -0.650145, -0.138605, 0.0, 0.0, 0.0, 0.0, 1.0],
                [0.65296, 0.756781, -0.03042, 0.0, 0.124671, -0.067778, 0.98988, 0.4, 0.747061, -0.650145, -0.138605, -0.0, 0.0, 0.0, 0.0, 1.0],
                [0.65296, 0.756781, -0.03042, 0.0, 0.124671, -0.067778, 0.98988, 0.4, 0.747061, -0.650145, -0.138605, -0.0, 0.0, 0.0, 0.0, 1.0]
            ]
        },
        {
            "name": "Arm_R",
            "time": [0.0, 0.1167, 0.3, 0.5167, 0.7, 1.0667, 1.3333],
            "transform": [
                [0.315336, 0.348066, -0.882844, -0.0, -0.381753, 0.89824, 0.217781, 0.39386, 0.868808, 0.268355, 0.416123, -0.0, 0.0, 0.0, 0.0, 1.0],
                [0.691548, -0.216824, 0.68902, -0.0, 0.137195, 0.975948, 0.169417, 0.39386, -0.709181, -0.022631, 0.704662, 0.0, 0.0, 0.0, 0.0, 1.0],
                [0.21289, -0.356564, 0.909692, -0.0, 0.20304, 0.926855, 0.315775, 0.39386, -0.955747, 0.117479, 0.269715, 0.0, 0.0, 0.0, 0.0, 1.0],
                [0.222815, -0.533931, 0.815641, -0.0, 0.145265, 0.845518, 0.513806, 0.39386, -0.963977, 0.004, 0.265956, 0.0, 0.0, 0.0, 0.0, 1.0],
                [0.521896, -0.833042, 0.183482, -0.0, 0.080685, 0.262346, 0.961595, 0.39386, -0.849184, -0.487048, 0.204131, -0.0, 0.0, 0.0, 0.0, 1.0],
                [0.668885, -0.741871, 0.047122, -0.0, 0.05643, 0.11388, 0.991891, 0.39386, -0.741221, -0.660802, 0.118037, 0.0, 0.0, 0.0, 0.0, 1.0],
                [0.668885, -0.741871, 0.047122, -0.0, 0.05643, 0.11388, 0.991891, 0.39386, -0.741221, -0.660802, 0.118037, 0.0, 0.0, 0.0, 0.0, 1.0]
            ]
        },
        {
            "name": "Hand_R",
            "time": [0.0, 0.1167, 0.3, 0.5167, 0.7, 1.0667, 1.3333],
            "transform": [
                [0.999998, -8.7e-05, 0.001821, -0.0, 0.000868, 0.90101, -0.433797, 0.3, -0.001603, 0.433798, 0.901009, 0.0, 0.0, 0.0, 0.0, 1.0],
                [0.999998, -8.7e-05, 0.001821, 0.0, 0.000868, 0.90101, -0.433797, 0.3, -0.001603, 0.433798, 0.901009, 0.0, 0.0, 0.0, 0.0, 1.0],
                [0.999998, -8.7e-05, 0.001821, 0.0, 0.000868, 0.90101, -0.433797, 0.3, -0.001603, 0.433798, 0.901009, -0.0, 0.0, 0.0, 0.0, 1.0],
                [0.999998, -0.000203, 0.001812, 0.0, 0.000868, 0.926999, -0.375063, 0.3, -0.001603, 0.375064, 0.926998, 0.0, 0.0, 0.0, 0.0, 1.0],
                [0.999998, -0.000709, 0.00168, 0.0, 0.000868, 0.995299, -0.096843, 0.3, -0.001603, 0.096844, 0.995298, -0.0, 0.0, 0.0, 0.0, 1.0],
                [0.999998, -0.000792, 0.001642, 0.0, 0.000868, 0.998913, -0.046617, 0.3, -0.001603, 0.046618, 0.998911, 0.0, 0.0, 0.0, 0.0, 1.0],
                [0.999998, -0.000792, 0.001642, 0.0, 0.000868, 0.998913, -0.046617, 0.3, -0.001603, 0.046618, 0.998911, 0.0, 0.0, 0.0, 0.0, 1.0]
            ]
        },
        {
            "name": "Tool_R",
            "time": [0.0, 0.1167, 0.3, 0.5167, 0.7, 1.0667, 1.3333],
            "transform": [
                [0.976088, -0.178312, 0.124326, 0.015054, -0.000817, -0.574945, -0.818191, 0.243316, 0.217246, 0.798047, -0.561019, 0.024459, 0.0, 0.0, 0.0, 1.0],
                [0.976088, -0.178312, 0.124326, 0.015054, -0.000817, -0.574945, -0.818191, 0.243316, 0.217245, 0.798046, -0.561019, 0.024459, 0.0, 0.0, 0.0, 1.0],
                [0.976091, -0.059142, 0.209163, 0.015054, -0.00092, -0.963388, -0.268108, 0.243316, 0.217233, 0.26134, -0.939855, 0.024459, 0.0, 0.0, 0.0, 1.0],
                [0.976088, -0.178312, 0.124326, 0.015054, -0.000817, -0.574945, -0.818192, 0.243316, 0.217245, 0.798046, -0.561019, 0.024459, 0.0, 0.0, 0.0, 1.0],
                [0.976088, -0.104258, 0.19074, 0.015054, -0.000884, -0.879371, -0.476137, 0.243316, 0.217244, 0.464298, -0.857933, 0.024459, 0.0, 0.0, 0.0, 1.0],
                [0.976089, -0.081609, 0.201468, 0.015054, -0.000901, -0.928357, -0.371689, 0.243316, 0.217239, 0.362396, -0.9057, 0.024459, 0.0, 0.0, 0.0, 1.0],
                [0.976089, -0.081609, 0.201468, 0.015054, -0.000901, -0.928357, -0.371689, 0.243316, 0.217239, 0.362396, -0.9057, 0.024459, 0.0, 0.0, 0.0, 1.0]
            ]
        },
        {
            "name": "Elbow_R",
            "time": [0.0, 0.1167, 0.3, 0.5167, 0.7, 1.0667, 1.3333],
            "transform": [
                [-1.0, 0.0, 0.0, -0.0, 0.0, 0.0, -1.0, 0.341622, -0.0, -1.0, 0.0, 0.0, 0.0, 0.0, 0.0, 1.0],
                [-1.0, 0.0, -0.0, 0.0, -0.0, -0.0, -1.0, 0.341622, -0.0, -1.0, 0.0, 0.0, 0.0, 0.0, 0.0, 1.0],
                [-1.0, 0.0, 0.0, -0.0, 0.0, -0.0, -1.0, 0.341622, -0.0, -1.0, 0.0, -0.0, 0.0, 0.0, 0.0, 1.0],
                [-1.0, 0.0, -0.0, 0.0, 0.0, -0.0, -1.0, 0.341622, -0.0, -1.0, 0.0, 0.0, 0.0, 0.0, 0.0, 1.0],
                [-1.0, 0.0, 0.0, -0.0, 0.0, -0.0, -1.0, 0.341622, -0.0, -1.0, 0.0, -0.0, 0.0, 0.0, 0.0, 1.0],
                [-1.0, 0.0, -0.0, 0.0, -0.0, -0.0, -1.0, 0.341622, -0.0, -1.0, 0.0, 0.0, 0.0, 0.0, 0.0, 1.0],
                [-1.0, 0.0, -0.0, 0.0, -0.0, -0.0, -1.0, 0.341622, -0.0, -1.0, 0.0, 0.0, 0.0, 0.0, 0.0, 1.0]
            ]
        },
        {
            "name": "Shoulder_L",
            "time": [0.0, 0.1167, 0.3, 0.5167, 0.7, 1.0667, 1.3333],
            "transform": [
                [0.561272, -0.81722, -0.130862, 0.0, -0.094167, -0.220147, 0.970911, 0.4, -0.822256, -0.532623, -0.200517, 0.0, 0.0, 0.0, 0.0, 1.0],
                [0.921975, -0.245969, -0.299101, 0.0, 0.238856, -0.246746, 0.939183, 0.4, -0.304812, -0.937345, -0.168743, -0.0, 0.0, 0.0, 0.0, 1.0],
                [0.936681, -0.030387, -0.348861, 0.0, 0.335652, -0.20609, 0.919165, 0.4, -0.099827, -0.978061, -0.182841, -0.0, 0.0, 0.0, 0.0, 1.0],
                [0.930901, -0.117291, -0.345928, 0.0, 0.315992, -0.216466, 0.923738, 0.4, -0.183228, -0.969219, -0.164445, -0.0, 0.0, 0.0, 0.0, 1.0],
                [0.82023, -0.485162, -0.303052, -0.0, 0.202357, -0.249432, 0.947014, 0.4, -0.535046, -0.838094, -0.106416, 0.0, 0.0, 0.0, 0.0, 1.0],
                [0.786795, -0.54319, -0.293085, 0.0, 0.181258, -0.250566, 0.95098, 0.4, -0.59, -0.801349, -0.098687, -0.0, 0.0, 0.0, 0.0, 1.0],
                [0.786795, -0.54319, -0.293085, 0.0, 0.181258, -0.250566, 0.95098, 0.4, -0.59, -0.801349, -0.098687, -0.0, 0.0, 0.0, 0.0, 1.0]
            ]
        },
        {
            "name": "Arm_L",
            "time": [0.0, 0.1167, 0.3, 0.5167, 0.7, 1.0667, 1.3333],
            "transform": [
                [-0.070012, 0.631117, 0.772522, 0.0, -0.031465, 0.772639, -0.634065, 0.39386, -0.99705, -0.0687, -0.034236, 0.0, 0.0, 0.0, 0.0, 1.0],
                [-0.070012, 0.740211, 0.668719, -0.0, -0.031465, 0.668392, -0.743143, 0.39386, -0.99705, -0.07307, -0.023505, 0.0, 0.0, 0.0, 0.0, 1.0],
                [-0.070012, 0.771497, 0.632369, 0.0, -0.031464, 0.631902, -0.77441, 0.39386, -0.99705, -0.074115, -0.019966, -0.0, 0.0, 0.0, 0.0, 1.0],
                [-0.0646, 0.769603, 0.635246, -0.0, -0.171759, 0.6185, -0.766783, 0.39386, -0.983019, -0.158643, 0.092231, -0.0, 0.0, 0.0, 0.0, 1.0],
                [-0.002283, 0.650151, 0.759802, 0.0, -0.624534, 0.592476, -0.508851, 0.39386, -0.780994, -0.475684, 0.404689, -0.0, 0.0, 0.0, 0.0, 1.0],
                [-0.025059, 0.325198, 0.945314, 0.0, -0.762013, 0.605861, -0.228623, 0.39386, -0.647076, -0.72607, 0.232623, 0.0, 0.0, 0.0, 0.0, 1.0],
                [-0.025059, 0.325198, 0.945314, 0.0, -0.762013, 0.605861, -0.228623, 0.39386, -0.647076, -0.72607, 0.232623, 0.0, 0.0, 0.0, 0.0, 1.0]
            ]
        },
        {
            "name": "Hand_L",
            "time": [0.0, 0.1167, 0.3, 0.5167, 0.7, 1.0667, 1.3333],
            "transform": [
                [0.999993, -0.003787, 0.000271, -0.0, 0.000938, 0.177363, -0.984146, 0.3, 0.003679, 0.984139, 0.177365, 0.0, 0.0, 0.0, 0.0, 1.0],
                [0.999993, -0.002358, -0.002976, -0.0, 0.000938, 0.912895, -0.408193, 0.3, 0.003679, 0.408187, 0.912891, -0.0, 0.0, 0.0, 0.0, 1.0],
                [0.999993, -0.001378, -0.003538, 0.0, 0.000938, 0.992587, -0.121536, 0.3, 0.003679, 0.121532, 0.992581, -0.0, 0.0, 0.0, 0.0, 1.0],
                [0.999993, -0.001378, -0.003538, -0.0, 0.000938, 0.992587, -0.121536, 0.3, 0.003679, 0.121532, 0.992581, -0.0, 0.0, 0.0, 0.0, 1.0],
                [0.999993, -0.001378, -0.003538, -0.0, 0.000938, 0.992587, -0.121536, 0.3, 0.003679, 0.121532, 0.992581, 0.0, 0.0, 0.0, 0.0, 1.0],
                [0.999993, -0.002614, -0.002753, -0.0, 0.000938, 0.872825, -0.488034, 0.3, 0.003679, 0.488028, 0.872821, 0.0, 0.0, 0.0, 0.0, 1.0],
                [0.999993, -0.002614, -0.002753, -0.0, 0.000938, 0.872825, -0.488034, 0.3, 0.003679, 0.488028, 0.872821, 0.0, 0.0, 0.0, 0.0, 1.0]
            ]
        },
        {
            "name": "Tool_L",
            "time": [0.0, 0.1167, 0.3, 0.5167, 0.7, 1.0667, 1.3333],
            "transform": [
                [0.997004, 0.01104, -0.076554, 0.0, -0.036659, -0.804079, -0.593391, 0.272858, -0.068067, 0.594062, -0.8008, -0.0, 0.0, 0.0, 0.0, 1.0],
                [0.997004, 0.01104, -0.076554, 0.0, -0.036659, -0.804079, -0.593391, 0.272858, -0.068067, 0.594062, -0.8008, -0.0, 0.0, 0.0, 0.0, 1.0],
                [0.997004, 0.01104, -0.076554, 0.0, -0.036659, -0.804079, -0.593391, 0.272858, -0.068067, 0.594062, -0.8008, -0.0, 0.0, 0.0, 0.0, 1.0],
                [0.997004, 0.01104, -0.076554, -0.0, -0.036659, -0.804079, -0.593391, 0.272858, -0.068067, 0.594062, -0.8008, -0.0, 0.0, 0.0, 0.0, 1.0],
                [0.997004, 0.01104, -0.076554, -0.0, -0.036659, -0.804079, -0.593391, 0.272858, -0.068067, 0.594062, -0.8008, -0.0, 0.0, 0.0, 0.0, 1.0],
                [0.997004, 0.01104, -0.076554, 0.0, -0.036659, -0.804079, -0.593391, 0.272858, -0.068067, 0.594062, -0.8008, -0.0, 0.0, 0.0, 0.0, 1.0],
                [0.997004, 0.01104, -0.076554, 0.0, -0.036659, -0.804079, -0.593391, 0.272858, -0.068067, 0.594062, -0.8008, -0.0, 0.0, 0.0, 0.0, 1.0]
            ]
        },
        {
            "name": "Elbow_L",
            "time": [0.0, 0.1167, 0.3, 0.5167, 0.7, 1.0667, 1.3333],
            "transform": [
                [-1.0, 0.0, 0.0, 2.7e-05, 0.0, 0.403111, -0.915151, 0.334302, -0.0, -0.915151, -0.403111, -0.002121, 0.0, 0.0, 0.0, 1.0],
                [-1.0, 0.0, -0.0, 2.7e-05, 0.0, 0.007101, -0.999975, 0.334301, -0.0, -0.999975, -0.007101, -0.002121, 0.0, 0.0, 0.0, 1.0],
                [-1.0, 0.0, -0.0, 2.7e-05, 0.0, -0.12167, -0.992571, 0.334301, -0.0, -0.992571, 0.12167, -0.002121, 0.0, 0.0, 0.0, 1.0],
                [-1.0, 0.0, -0.0, 2.7e-05, 0.0, -0.12167, -0.992571, 0.334301, -0.0, -0.992571, 0.12167, -0.002121, 0.0, 0.0, 0.0, 1.0],
                [-1.0, 0.0, -0.0, 2.7e-05, 0.0, -0.12167, -0.992571, 0.334301, -0.0, -0.992571, 0.12167, -0.00212, 0.0, 0.0, 0.0, 1.0],
                [-1.0, 0.0, -0.0, 2.7e-05, 0.0, -0.12167, -0.992571, 0.334301, -0.0, -0.992571, 0.12167, -0.002121, 0.0, 0.0, 0.0, 1.0],
                [-1.0, 0.0, -0.0, 2.7e-05, 0.0, -0.12167, -0.992571, 0.334301, -0.0, -0.992571, 0.12167, -0.002121, 0.0, 0.0, 0.0, 1.0]
            ]
        }
    ]
}