{
    "animation": [
        {
            "name": "Root",
            "time": [0.0, 0.1333, 0.3, 0.4333, 0.5167, 0.6167, 0.8833, 1.05, 1.2167, 1.4333],
            "transform": [
                [0.89632, -0.0, -0.443408, -5e-06, -0.437627, 0.160952, -0.884634, 0.155693, 0.071367, 0.986962, 0.144264, 0.765508, 0.0, 0.0, 0.0, 1.0],
                [0.544469, -0.095135, -0.833368, 0.046701, -0.800211, 0.238904, -0.550079, 0.395616, 0.251427, 0.966372, 0.053948, 0.496377, 0.0, 0.0, 0.0, 1.0],
                [0.422642, -0.111588, -0.899401, 0.074248, -0.859432, 0.265645, -0.436818, 0.455174, 0.287665, 0.957591, 0.016371, 0.535548, 0.0, 0.0, 0.0, 1.0],
                [0.610769, -0.169906, -0.773365, 0.057822, -0.630602, 0.486298, -0.60486, 0.676112, 0.478855, 0.857115, 0.189873, 0.726602, 0.0, 0.0, 0.0, 1.0],
                [0.921347, -0.34963, 0.169936, 0.204025, 0.246084, 0.186156, -0.951204, 1.033619, 0.300935, 0.918207, 0.257552, 0.79669, 0.0, 0.0, 0.0, 1.0],
                [0.731802, -0.158996, 0.662712, 0.080627, 0.576611, -0.373918, -0.726434, 1.108927, 0.3633, 0.913732, -0.181954, 0.7739, 0.0, 0.0, 0.0, 1.0],
                [0.740899, -0.113342, 0.661984, 0.098171, 0.585169, -0.374798, -0.719099, 1.182533, 0.329615, 0.920152, -0.211363, 0.771869, 0.0, 0.0, 0.0, 1.0],
                [0.916085, 0.016476, 0.400645, 0.010786, 0.400236, 0.02343, -0.916113, 1.438569, -0.024481, 0.99959, 0.01487, 0.568925, 0.0, 0.0, 0.0, 1.0],
                [0.996398, 0.035753, -0.076893, -0.001834, -0.080577, 0.116644, -0.9899, 1.733629, -0.026423, 0.99253, 0.119105, 0.711242, 0.0, 0.0, 0.0, 1.0],
                [0.854339, 0.028643, -0.518927, -5e-06, -0.51914, 0.0, -0.854689, 2.013232, -0.024481, 0.99959, 0.01487, 0.753683, 0.0, 0.0, 0.0, 1.0]
            ]
        },
        {
            "name": "Thigh_R",
            "time": [0.0, 0.1333, 0.3, 0.4333, 0.5167, 0.6167, 0.8833, 1.05, 1.2167, 1.4333],
            "transform": [
                [0.893621, 0.080884, -0.441473, 0.124994, 0.086795, -0.996201, -0.006829, -0.002831, -0.440348, -0.032215, -0.897249, -1.2e-05, 0.0, 0.0, 0.0, 1.0],
                [0.829636, 0.531585, 0.170645, 0.124994, 0.484193, -0.837243, 0.254121, -0.002831, 0.277959, -0.128202, -0.952, -1.2e-05, 0.0, 0.0, 0.0, 1.0],
                [0.815135, 0.341018, 0.468254, 0.124994, 0.167296, -0.912491, 0.373321, -0.002831, 0.554587, -0.225969, -0.800856, -1.2e-05, 0.0, 0.0, 0.0, 1.0],
                [0.45998, 0.786109, 0.412854, 0.13643, 0.585039, -0.618084, 0.525071, -0.011078, 0.667943, 1.4e-05, -0.744213, -0.014333, 0.0, 0.0, 0.0, 1.0],
                [0.46486, 0.23325, -0.854107, 0.164432, 0.739845, 0.427567, 0.519437, -0.031271, 0.486347, -0.873371, 0.026189, -0.049399, 0.0, 0.0, 0.0, 1.0],
                [0.78414, 0.620582, -0.000288, 0.203099, 0.227184, -0.286626, 0.930717, -0.058719, 0.577504, -0.729876, -0.365742, -0.098578, 0.0, 0.0, 0.0, 1.0],
                [0.815135, 0.569043, 0.108369, 0.207695, 0.167296, -0.410362, 0.896445, -0.06247, 0.554587, -0.712593, -0.429701, -0.103576, 0.0, 0.0, 0.0, 1.0],
                [0.973808, 0.160735, -0.160817, 0.124994, 0.214571, -0.415685, 0.883835, -0.002831, 0.075214, -0.89519, -0.439288, -1.2e-05, 0.0, 0.0, 0.0, 1.0],
                [0.967613, 0.235819, -0.090076, 0.124994, 0.249969, -0.845296, 0.472215, -0.002831, 0.035216, -0.479436, -0.87687, -1.2e-05, 0.0, 0.0, 0.0, 1.0],
                [0.960515, 0.273283, -0.052206, 0.124994, 0.274652, -0.961312, 0.020994, -0.002831, -0.044449, -0.034503, -0.998416, -1.2e-05, 0.0, 0.0, 0.0, 1.0]
            ]
        },
        {
            "name": "Leg_R",
            "time": [0.0, 0.1333, 0.3, 0.4333, 0.6167, 0.8833, 1.05, 1.2167, 1.4333],
            "transform": [
                [1.0, 0.0, 1e-06, 0.0, -0.0, 0.953718, 0.300706, 0.37472, -1e-06, -0.300706, 0.953716, -0.0, 0.0, 0.0, 0.0, 1.0],
                [1.0, -0.0, 1e-06, 0.0, -1e-06, 0.450266, 0.892894, 0.37472, -0.0, -0.892895, 0.450265, 0.0, 0.0, 0.0, 0.0, 1.0],
                [1.0, -0.0, 1e-06, -0.0, -1e-06, 0.260518, 0.965468, 0.37472, -0.0, -0.96547, 0.260518, 0.0, 0.0, 0.0, 0.0, 1.0],
                [1.0, -0.0, 1e-06, 0.0, -1e-06, -0.038428, 0.99926, 0.37472, -0.0, -0.999262, -0.038428, -0.0, 0.0, 0.0, 0.0, 1.0],
                [1.0, 1e-06, 0.0, 0.0, -1e-06, 0.997659, 0.06839, 0.374721, -0.0, -0.06839, 0.997658, 0.0, 0.0, 0.0, 0.0, 1.0],
                [1.0, 1e-06, 1e-06, 0.0, -1e-06, 0.967632, 0.252366, 0.37472, -0.0, -0.252367, 0.967631, 0.0, 0.0, 0.0, 0.0, 1.0],
                [1.0, -1e-06, 1e-06, -0.0, -0.0, 0.525066, 0.851061, 0.37472, -1e-06, -0.851062, 0.525065, -0.0, 0.0, 0.0, 0.0, 1.0],
                [1.0, -0.0, 1e-06, 0.0, 0.0, 0.955822, 0.293947, 0.37472, -1e-06, -0.293947, 0.955821, 0.0, 0.0, 0.0, 0.0, 1.0],
                [1.0, -0.0, 1e-06, 0.0, 0.0, 0.977553, 0.210691, 0.37472, -1e-06, -0.210691, 0.977552, -0.0, 0.0, 0.0, 0.0, 1.0]
            ]
        },
        {
            "name": "Knee_R",
            "time": [0.0, 0.1333, 0.3, 0.4333, 0.6167, 0.8833, 1.05, 1.4333],
            "transform": [
                [1.0, 0.0, -0.0, 0.0, -0.0, 1e-06, -1.0, 0.37472, -0.0, 1.0, 1e-06, -0.0, 0.0, 0.0, 0.0, 1.0],
                [1.0, 0.0, -0.0, 0.0, -0.0, -0.212336, -0.977197, 0.394659, -0.0, 0.977197, -0.212336, 0.001381, 0.0, 0.0, 0.0, 1.0],
                [1.0, -0.0, -0.0, 0.0, -0.0, -0.266541, -0.963824, 0.399872, 0.0, 0.963824, -0.266541, 0.001742, 0.0, 0.0, 0.0, 1.0],
                [1.0, -0.0, -0.0, 0.0, -0.0, -0.266541, -0.963824, 0.399872, -0.0, 0.963824, -0.266541, 0.001742, 0.0, 0.0, 0.0, 1.0],
                [1.0, -0.0, -0.0, 0.0, -0.0, -0.266541, -0.963824, 0.399873, 0.0, 0.963824, -0.266541, 0.001742, 0.0, 0.0, 0.0, 1.0],
                [1.0, -0.0, -0.0, 0.0, -0.0, -0.266541, -0.963824, 0.399872, 0.0, 0.963824, -0.266541, 0.001742, 0.0, 0.0, 0.0, 1.0],
                [1.0, 0.0, -0.0, -0.0, -0.0, 1e-06, -1.0, 0.37472, -0.0, 1.0, 1e-06, -0.0, 0.0, 0.0, 0.0, 1.0],
                [1.0, 0.0, -0.0, 0.0, -0.0, 1e-06, -1.0, 0.37472, -0.0, 1.0, 1e-06, -0.0, 0.0, 0.0, 0.0, 1.0]
            ]
        },
        {
            "name": "Thigh_L",
            "time": [0.0, 0.1333, 0.3, 0.4333, 0.6167, 0.8833, 1.05, 1.2167, 1.4333],
            "transform": [
                [0.854613, -0.409765, -0.318949, -0.125006, -0.087524, -0.719117, 0.689355, -0.002831, -0.511835, -0.561216, -0.650431, -1.2e-05, 0.0, 0.0, 0.0, 1.0],
                [0.736126, -0.67535, 0.044939, -0.125006, -0.055882, 0.005525, 0.998422, -0.002831, -0.674532, -0.737477, -0.033673, -1.2e-05, 0.0, 0.0, 0.0, 1.0],
                [0.65848, -0.75087, -0.050973, -0.125006, -0.067912, -0.126737, 0.989608, -0.002831, -0.749527, -0.648176, -0.134447, -1.2e-05, 0.0, 0.0, 0.0, 1.0],
                [0.592312, -0.788211, -0.167002, -0.125006, -0.184373, -0.334371, 0.92423, -0.002831, -0.784329, -0.516643, -0.343377, -1.2e-05, 0.0, 0.0, 0.0, 1.0],
                [0.536561, -0.590307, -0.603025, -0.125006, -0.571687, -0.77991, 0.254782, -0.002831, -0.620704, 0.208036, -0.755941, -1.2e-05, 0.0, 0.0, 0.0, 1.0],
                [0.497626, -0.694589, -0.519532, -0.125006, -0.620355, -0.703625, 0.346513, -0.002831, -0.606239, 0.149861, -0.781034, -1.2e-05, 0.0, 0.0, 0.0, 1.0],
                [0.656909, -0.492106, -0.571228, -0.125006, -0.660749, -0.74066, -0.12179, -0.002831, -0.363152, 0.457444, -0.811705, -1.2e-05, 0.0, 0.0, 0.0, 1.0],
                [0.801042, -0.401738, -0.443776, -0.125006, -0.274406, -0.905306, 0.324227, -0.002831, -0.532007, -0.137944, -0.835427, -1.2e-05, 0.0, 0.0, 0.0, 1.0],
                [0.74123, -0.283974, -0.608224, -0.125006, -0.051449, -0.927475, 0.370329, -0.002831, -0.669276, -0.243206, -0.702082, -1.2e-05, 0.0, 0.0, 0.0, 1.0]
            ]
        },
        {
            "name": "Leg_L",
            "time": [0.0, 0.1333, 0.3, 0.4333, 0.6167, 0.8833, 1.05, 1.2167, 1.4333],
            "transform": [
                [1.0, -1e-06, 1e-06, -0.0, -1e-06, -0.474771, 0.880109, 0.37472, -1e-06, -0.880109, -0.474771, 0.0, 0.0, 0.0, 0.0, 1.0],
                [1.0, -0.0, 1e-06, -0.0, -1e-06, 0.427793, 0.903877, 0.37472, -1e-06, -0.903876, 0.427793, 0.0, 0.0, 0.0, 0.0, 1.0],
                [1.0, -0.0, 1e-06, -0.0, -1e-06, 0.17055, 0.985349, 0.37472, -1e-06, -0.985349, 0.17055, -0.0, 0.0, 0.0, 0.0, 1.0],
                [1.0, 0.0, 1e-06, 0.0, -1e-06, 0.764345, 0.644807, 0.37472, -1e-06, -0.644807, 0.764346, 0.0, 0.0, 0.0, 0.0, 1.0],
                [1.0, 1e-06, 0.0, 0.0, -1e-06, 0.994825, 0.101597, 0.37472, -0.0, -0.101597, 0.994826, 0.0, 0.0, 0.0, 0.0, 1.0],
                [1.0, 1e-06, 1e-06, -0.0, -1e-06, 0.896246, 0.443556, 0.37472, -0.0, -0.443556, 0.896247, -0.0, 0.0, 0.0, 0.0, 1.0],
                [0.998576, 0.053293, 0.002315, -0.0, -0.051599, 0.954021, 0.295265, 0.37472, 0.013527, -0.294964, 0.955413, 0.0, 0.0, 0.0, 0.0, 1.0],
                [0.998576, 0.032153, 0.042563, 0.0, -0.051599, 0.379892, 0.923591, 0.37472, 0.013527, -0.924472, 0.38101, -0.0, 0.0, 0.0, 0.0, 1.0],
                [0.998576, 0.053293, 0.002315, -0.0, -0.051599, 0.954021, 0.295265, 0.37472, 0.013527, -0.294964, 0.955413, 0.0, 0.0, 0.0, 0.0, 1.0]
            ]
        },
        {
            "name": "Knee_L",
            "time": [0.0, 0.1333, 0.3, 0.4333, 0.6167, 0.8833, 1.05, 1.4333],
            "transform": [
                [1.0, 0.0, -0.0, -0.0001, -0.0, 1e-06, -1.0, 0.433466, -0.0, 1.0, 1e-06, -0.000823, 0.0, 0.0, 0.0, 1.0],
                [1.0, 0.0, -0.0, -0.000256, -0.0, -0.0537, -0.998557, 0.393585, -0.0, 0.998557, -0.053701, 0.00157, 0.0, 0.0, 0.0, 1.0],
                [1.0, 0.0, -0.0, -0.000258, -0.0, 1e-06, -1.0, 0.391327, -0.0, 1.0, 1e-06, 0.001626, 0.0, 0.0, 0.0, 1.0],
                [1.0, 0.0, -0.0, -0.000258, -0.0, 1e-06, -1.0, 0.391327, -0.0, 1.0, 1e-06, 0.001626, 0.0, 0.0, 0.0, 1.0],
                [1.0, 0.0, -0.0, -0.000258, -0.0, 1e-06, -1.0, 0.391327, -0.0, 1.0, 1e-06, 0.001626, 0.0, 0.0, 0.0, 1.0],
                [1.0, 0.0, -0.0, -0.000259, -0.0, 1e-06, -1.0, 0.391327, -0.0, 1.0, 1e-06, 0.001626, 0.0, 0.0, 0.0, 1.0],
                [1.0, 0.0, -0.0, -0.0, -0.0, 1e-06, -1.0, 0.37472, -0.0, 1.0, 1e-06, 0.0, 0.0, 0.0, 0.0, 1.0],
                [1.0, 0.0, -0.0, -0.0, -0.0, 1e-06, -1.0, 0.37472, -0.0, 1.0, 1e-06, 0.0, 0.0, 0.0, 0.0, 1.0]
            ]
        },
        {
            "name": "Torso",
            "time": [0.0, 0.1333, 0.3, 0.4333, 0.6167, 0.8833, 1.05, 1.4333],
            "transform": [
                [0.939763, -0.163159, 0.300373, 0.0, 0.009832, 0.891269, 0.453368, 0.05, -0.341684, -0.423106, 0.839186, 0.0, 0.0, 0.0, 0.0, 1.0],
                [0.909821, -0.174205, 0.376668, 0.0, -0.037441, 0.869473, 0.492559, 0.05, -0.413309, -0.462243, 0.784542, 0.0, 0.0, 0.0, 0.0, 1.0],
                [0.900587, -0.125229, 0.416246, 0.0, -0.048996, 0.922253, 0.38347, 0.05, -0.431906, -0.365743, 0.824433, -0.0, 0.0, 0.0, 0.0, 1.0],
                [0.893865, -0.066274, 0.443411, 0.0, -0.023222, 0.980842, 0.193415, 0.05, -0.447735, -0.183184, 0.875201, -0.0, 0.0, 0.0, 0.0, 1.0],
                [0.868126, -0.259386, 0.423174, 0.0, 0.10138, 0.927274, 0.360397, 0.05, -0.48588, -0.269969, 0.831287, 0.0, 0.0, 0.0, 0.0, 1.0],
                [0.863055, -0.286139, 0.416246, 0.0, 0.118711, 0.915892, 0.38347, 0.05, -0.490962, -0.281543, 0.824433, -0.0, 0.0, 0.0, 0.0, 1.0],
                [0.999042, -0.042363, -0.010959, 0.0, 0.04367, 0.981098, 0.188521, 0.05, 0.002765, -0.188819, 0.982008, 0.0, 0.0, 0.0, 0.0, 1.0],
                [0.999042, -0.043673, -0.002705, 0.0, 0.04367, 0.999045, -0.001423, 0.05, 0.002765, 0.001304, 0.999995, -0.0, 0.0, 0.0, 0.0, 1.0]
            ]
        },
        {
            "name": "Chest",
            "time": [0.0, 0.1333, 0.3, 0.4333, 0.6167, 0.8833, 1.05, 1.4333],
            "transform": [
                [0.961962, -0.139387, 0.234947, -0.0, 0.078414, 0.964731, 0.251289, 0.3, -0.261687, -0.223308, 0.938964, -0.0, 0.0, 0.0, 0.0, 1.0],
                [0.997297, -0.07291, 0.009094, 0.0, 0.063767, 0.920364, 0.385829, 0.3, -0.036501, -0.384206, 0.922526, 0.0, 0.0, 0.0, 0.0, 1.0],
                [0.997909, -0.052048, -0.038316, 0.0, 0.060356, 0.962498, 0.264489, 0.3, 0.023113, -0.266249, 0.963627, 0.0, 0.0, 0.0, 0.0, 1.0],
                [0.998648, 0.024486, -0.045849, -0.0, -0.001501, 0.895307, 0.445447, 0.3, 0.051956, -0.444776, 0.894134, 0.0, 0.0, 0.0, 0.0, 1.0],
                [0.949268, 0.312402, -0.035991, -0.0, -0.289486, 0.912818, 0.288028, 0.3, 0.122834, -0.262997, 0.956945, 0.0, 0.0, 0.0, 0.0, 1.0],
                [0.95619, 0.279889, -0.085807, 0.0, -0.249534, 0.932518, 0.261041, 0.3, 0.153079, -0.228192, 0.961507, 0.0, 0.0, 0.0, 0.0, 1.0],
                [0.999771, -0.02049, -0.006216, -0.0, 0.021411, 0.953881, 0.299421, 0.3, -0.000206, -0.299485, 0.954101, 0.0, 0.0, 0.0, 0.0, 1.0],
                [0.999771, -0.021316, -0.002029, 0.0, 0.021411, 0.994316, 0.104295, 0.3, -0.000206, -0.104315, 0.994544, 0.0, 0.0, 0.0, 0.0, 1.0]
            ]
        },
        {
            "name": "Head",
            "time": [0.0, 0.1333, 0.3, 0.4333, 0.6167, 0.8833, 1.05, 1.4333],
            "transform": [
                [0.978104, -0.054919, -0.200741, 0.0, -0.087728, 0.765872, -0.63698, 0.4, 0.188724, 0.640643, 0.744285, -0.0, 0.0, 0.0, 0.0, 1.0],
                [0.855628, -0.020277, 0.517194, 0.0, 0.247899, 0.893225, -0.375095, 0.4, -0.454365, 0.449153, 0.769295, 0.0, 0.0, 0.0, 0.0, 1.0],
                [0.742106, -0.039371, 0.669125, -0.0, 0.292636, 0.91714, -0.27059, 0.4, -0.603028, 0.396617, 0.692136, -0.0, 0.0, 0.0, 0.0, 1.0],
                [0.742106, 0.194181, 0.641539, -0.0, 0.292636, 0.767221, -0.570733, 0.4, -0.603028, 0.611282, 0.512535, -0.0, 0.0, 0.0, 0.0, 1.0],
                [0.531955, -0.009801, -0.846716, -0.0, -0.356679, 0.904303, -0.234554, 0.4, 0.767987, 0.426778, 0.477553, 0.0, 0.0, 0.0, 0.0, 1.0],
                [0.531955, -0.009801, -0.846716, -0.0, -0.356679, 0.904303, -0.234554, 0.4, 0.767987, 0.426778, 0.477553, -0.0, 0.0, 0.0, 0.0, 1.0],
                [0.962757, 0.069689, -0.261233, -0.0, -0.049605, 0.995338, 0.082709, 0.4, 0.265779, -0.066671, 0.961726, 0.0, 0.0, 0.0, 0.0, 1.0],
                [0.85311, 0.037721, 0.520365, 0.0, -0.006297, 0.998055, -0.062025, 0.4, -0.521692, 0.049637, 0.851689, -0.0, 0.0, 0.0, 0.0, 1.0]
            ]
        },
        {
            "name": "Shoulder_R",
            "time": [0.0, 0.1333, 0.3, 0.4333, 0.6167, 0.8833, 1.05, 1.4333],
            "transform": [
                [-0.561445, 0.729356, 0.390921, 0.0, 0.038966, -0.448579, 0.892893, 0.4, 0.826596, 0.516543, 0.223432, -0.0, 0.0, 0.0, 0.0, 1.0],
                [-0.625786, 0.674783, 0.391228, 0.0, 0.079872, -0.443504, 0.892706, 0.4, 0.775894, 0.589892, 0.223643, 0.0, 0.0, 0.0, 0.0, 1.0],
                [-0.641755, 0.659569, 0.391304, -0.0, 0.090471, -0.441562, 0.892658, 0.4, 0.761554, 0.60827, 0.223703, -0.0, 0.0, 0.0, 0.0, 1.0],
                [-0.641755, 0.659569, 0.391304, -0.0, 0.090471, -0.441562, 0.892658, 0.4, 0.761554, 0.60827, 0.223703, -0.0, 0.0, 0.0, 0.0, 1.0],
                [-0.641755, 0.659568, 0.391304, -0.0, 0.090471, -0.441562, 0.892658, 0.4, 0.761554, 0.60827, 0.223703, 0.0, 0.0, 0.0, 0.0, 1.0],
                [-0.641755, 0.659569, 0.391304, -0.0, 0.090471, -0.441562, 0.892658, 0.4, 0.761554, 0.60827, 0.223703, -0.0, 0.0, 0.0, 0.0, 1.0],
                [0.110305, 0.959352, 0.259762, -0.0, 0.091141, -0.270019, 0.958532, 0.4, 0.98971, -0.082056, -0.11722, 0.0, 0.0, 0.0, 0.0, 1.0],
                [0.110305, 0.959352, 0.259762, 0.0, 0.091141, -0.270019, 0.958532, 0.4, 0.98971, -0.082056, -0.11722, -0.0, 0.0, 0.0, 0.0, 1.0]
            ]
        },
        {
            "name": "Arm_R",
            "time": [0.0, 0.1333, 0.3, 0.4333, 0.6167, 0.8833, 1.05, 1.4333],
            "transform": [
                [0.506729, 0.228527, -0.831264, 0.0, 0.670014, 0.502369, 0.546541, 0.39386, 0.542501, -0.833907, 0.101449, -0.0, 0.0, 0.0, 0.0, 1.0],
                [0.274777, 0.078265, -0.958317, -0.0, 0.454433, 0.867768, 0.201168, 0.393861, 0.847342, -0.490768, 0.202876, 0.0, 0.0, 0.0, 0.0, 1.0],
                [0.231609, -0.042187, -0.971894, 0.0, 0.578399, 0.809263, 0.102709, 0.39386, 0.782184, -0.58593, 0.211833, -0.0, 0.0, 0.0, 0.0, 1.0],
                [0.150336, -0.223393, -0.963065, 0.0, 0.569321, 0.815962, -0.100399, 0.393861, 0.808253, -0.5332, 0.249851, -0.0, 0.0, 0.0, 0.0, 1.0],
                [-0.010251, 0.855308, -0.518019, -0.0, 0.36758, 0.484998, 0.793512, 0.393861, 0.929936, -0.182279, -0.319365, -0.0, 0.0, 0.0, 0.0, 1.0],
                [-0.143597, 0.843229, -0.518019, 0.0, 0.287391, 0.536418, 0.793512, 0.39386, 0.946988, -0.034928, -0.319365, 0.0, 0.0, 0.0, 0.0, 1.0],
                [0.08219, -0.077394, -0.993607, -0.0, 0.555715, 0.831161, -0.018773, 0.39386, 0.8273, -0.550619, 0.111322, -0.0, 0.0, 0.0, 0.0, 1.0],
                [0.029874, -0.10887, -0.993607, 0.0, 0.907206, 0.420268, -0.018773, 0.39386, 0.419625, -0.900845, 0.111322, 0.0, 0.0, 0.0, 0.0, 1.0]
            ]
        },
        {
            "name": "Hand_R",
            "time": [0.0, 0.1333, 0.3, 0.4333, 0.6167, 0.8833, 1.05, 1.4333],
            "transform": [
                [1.0, 0.0, -0.0, 0.0, -0.0, 0.812073, -0.583555, 0.3, 0.0, 0.583555, 0.812073, -0.0, 0.0, 0.0, 0.0, 1.0],
                [0.999998, -0.000963, 0.001676, -0.0, 0.001289, 0.978332, -0.207041, 0.3, -0.001441, 0.207043, 0.978331, 0.0, 0.0, 0.0, 0.0, 1.0],
                [0.999997, -0.001319, 0.002035, -0.0, 0.001517, 0.994919, -0.100672, 0.3, -0.001892, 0.100675, 0.994918, 0.0, 0.0, 0.0, 0.0, 1.0],
                [0.999997, -0.001098, 0.002251, 0.0, 0.001522, 0.980211, -0.197951, 0.3, -0.001989, 0.197954, 0.980209, -0.0, 0.0, 0.0, 0.0, 1.0],
                [0.999997, 0.000222, 0.00243, -0.0, 0.001522, 0.721349, -0.69257, 0.3, -0.001907, 0.692571, 0.721347, 0.0, 0.0, 0.0, 0.0, 1.0],
                [0.999997, 0.000354, 0.002399, 0.0, 0.001517, 0.680478, -0.732767, 0.3, -0.001892, 0.732769, 0.680475, 0.0, 0.0, 0.0, 0.0, 1.0],
                [0.999998, -0.000117, 0.001819, -0.0, 0.000868, 0.908045, -0.418872, 0.3, -0.001603, 0.418872, 0.908044, 0.0, 0.0, 0.0, 0.0, 1.0],
                [0.999998, -0.000884, 0.001595, 0.0, 0.000868, 0.999949, 0.010043, 0.3, -0.001603, -0.010042, 0.999948, -0.0, 0.0, 0.0, 0.0, 1.0]
            ]
        },
        {
            "name": "Tool_R",
            "time": [0.0, 0.1333, 0.3, 0.4333, 0.6167, 0.8833, 1.05, 1.4333],
            "transform": [
                [1.0, -0.0, 0.0, -0.0, 0.0, -0.89969, -0.436529, 0.217385, 0.0, 0.43626, -0.899162, -0.114263, 0.0, 0.0, 0.0, 1.0],
                [1.0, -0.0, 0.0, 0.0, 0.0, -0.820249, -0.572007, 0.19582, 0.0, 0.571659, -0.819769, -0.109843, 0.0, 0.0, 0.0, 1.0],
                [1.0, -0.0, 0.0, -0.0, 0.0, -0.796077, -0.605195, 0.190183, 0.0, 0.604829, -0.795612, -0.108688, 0.0, 0.0, 0.0, 1.0],
                [1.0, -0.0, 0.0, -0.0, 0.0, -0.796077, -0.605195, 0.190183, 0.0, 0.604829, -0.795612, -0.108688, 0.0, 0.0, 0.0, 1.0],
                [1.0, -0.0, 0.0, 0.0, 0.0, -0.796077, -0.605195, 0.190183, 0.0, 0.604829, -0.795612, -0.108688, 0.0, 0.0, 0.0, 1.0],
                [1.0, -0.0, 0.0, -0.0, 0.0, -0.796077, -0.605195, 0.190183, 0.0, 0.604829, -0.795612, -0.108688, 0.0, 0.0, 0.0, 1.0],
                [0.965321, -0.063715, -0.25317, 0.015054, -0.130905, -0.957169, -0.258245, 0.243316, -0.22574, 0.282253, -0.931768, 0.024459, 0.0, 0.0, 0.0, 1.0],
                [0.965322, -0.063715, -0.25317, 0.015054, -0.130905, -0.957169, -0.258245, 0.243316, -0.22574, 0.282253, -0.931768, 0.024459, 0.0, 0.0, 0.0, 1.0]
            ]
        },
        {
            "name": "Elbow_R",
            "time": [0.0, 0.1333, 0.3, 0.4333, 0.6167, 0.8833, 1.05, 1.4333],
            "transform": [
                [-1.0, 0.0, 0.0, 0.0, 0.0, -0.0, -1.0, 0.3, -0.0, -1.0, 0.0, -0.0, 0.0, 0.0, 0.0, 1.0],
                [-1.0, 0.0, -0.0, 0.000784, 0.0, -0.0, -1.0, 0.349473, -0.0, -1.0, 0.0, -0.001607, 0.0, 0.0, 0.0, 1.0],
                [-1.0, 0.0, -0.0, 0.000989, 0.0, -0.0, -1.0, 0.362407, -0.0, -1.0, 0.0, -0.002027, 0.0, 0.0, 0.0, 1.0],
                [-1.0, 0.0, -0.0, 0.000989, 0.0, -0.0, -1.0, 0.362407, -0.0, -1.0, 0.0, -0.002027, 0.0, 0.0, 0.0, 1.0],
                [-1.0, 0.0, 0.0, 0.000989, 0.0, -0.0, -1.0, 0.362407, -0.0, -1.0, 0.0, -0.002027, 0.0, 0.0, 0.0, 1.0],
                [-1.0, 0.0, -0.0, 0.000989, 0.0, -0.0, -1.0, 0.362407, -0.0, -1.0, 0.0, -0.002027, 0.0, 0.0, 0.0, 1.0],
                [-1.0, 0.0, 0.0, -0.0, -0.0, -0.0, -1.0, 0.341622, -0.0, -1.0, 0.0, 0.0, 0.0, 0.0, 0.0, 1.0],
                [-1.0, 0.0, -0.0, 0.0, 0.0, -0.0, -1.0, 0.341622, -0.0, -1.0, 0.0, 0.0, 0.0, 0.0, 0.0, 1.0]
            ]
        },
        {
            "name": "Shoulder_L",
            "time": [0.0, 0.1333, 0.3, 0.4333, 0.6167, 0.8833, 1.05, 1.4333],
            "transform": [
                [-0.207765, -0.929169, -0.305743, 0.0, -0.066718, -0.298375, 0.952114, 0.4, -0.975901, 0.218214, 0.0, -0.0, 0.0, 0.0, 0.0, 1.0],
                [-0.135814, -0.951878, -0.274742, 0.0, -0.084021, -0.265247, 0.960513, 0.4, -0.987165, 0.153535, -0.043954, 0.0, 0.0, 0.0, 0.0, 1.0],
                [-0.116977, -0.956833, -0.266059, -0.0, -0.088945, -0.256728, 0.962382, 0.4, -0.989144, 0.136242, -0.055074, -0.0, 0.0, 0.0, 0.0, 1.0],
                [-0.116977, -0.956833, -0.266059, -0.0, -0.088945, -0.256728, 0.962382, 0.4, -0.989144, 0.136242, -0.055074, -0.0, 0.0, 0.0, 0.0, 1.0],
                [-0.116977, -0.956833, -0.266059, -0.0, -0.088945, -0.256728, 0.962382, 0.4, -0.989144, 0.136241, -0.055074, 0.0, 0.0, 0.0, 0.0, 1.0],
                [-0.116977, -0.956833, -0.266059, -0.0, -0.088945, -0.256728, 0.962382, 0.4, -0.989144, 0.136241, -0.055074, -0.0, 0.0, 0.0, 0.0, 1.0],
                [-0.226937, -0.947819, -0.223918, -0.0, -0.021067, -0.225085, 0.974111, 0.4, -0.973681, 0.225779, 0.031113, 0.0, 0.0, 0.0, 0.0, 1.0],
                [-0.226937, -0.947819, -0.223918, 0.0, -0.021067, -0.225085, 0.974111, 0.4, -0.973681, 0.225779, 0.031113, -0.0, 0.0, 0.0, 0.0, 1.0]
            ]
        },
        {
            "name": "Arm_L",
            "time": [0.0, 0.1333, 0.3, 0.4333, 0.6167, 0.8833, 1.05, 1.4333],
            "transform": [
                [0.382421, -0.610814, 0.693297, 0.0, -0.65635, 0.348545, 0.66912, 0.39386, -0.650353, -0.71093, -0.267617, 0.0, 0.0, 0.0, 0.0, 1.0],
                [0.459038, 0.787992, 0.410308, 0.0, -0.032824, 0.47657, -0.878524, 0.39386, -0.88781, 0.389808, 0.244628, -0.0, 0.0, 0.0, 0.0, 1.0],
                [0.638255, 0.619332, 0.457229, -0.0, -0.264743, 0.734299, -0.625073, 0.39386, -0.72287, 0.277908, 0.632634, -0.0, 0.0, 0.0, 0.0, 1.0],
                [0.678907, 0.497803, 0.539701, -0.0, -0.305918, 0.860005, -0.408418, 0.39386, -0.667457, 0.112174, 0.736151, -0.0, 0.0, 0.0, 0.0, 1.0],
                [0.647563, -0.102581, 0.755076, 0.0, -0.266733, 0.897695, 0.35071, 0.39386, -0.713804, -0.428511, 0.553952, 0.0, 0.0, 0.0, 0.0, 1.0],
                [0.650029, -0.203291, 0.732213, -0.0, -0.201579, 0.882904, 0.424083, 0.39386, -0.732686, -0.423265, 0.532934, 0.0, 0.0, 0.0, 0.0, 1.0],
                [-0.322704, 0.31976, 0.890851, -0.0, -0.520385, 0.726247, -0.449183, 0.39386, -0.790609, -0.608538, -0.067964, -0.0, 0.0, 0.0, 0.0, 1.0],
                [-0.440424, 0.111403, 0.890851, 0.0, -0.817245, 0.361034, -0.449183, 0.39386, -0.371668, -0.925875, -0.067964, 0.0, 0.0, 0.0, 0.0, 1.0]
            ]
        },
        {
            "name": "Hand_L",
            "time": [0.0, 0.1333, 0.3, 0.4333, 0.6167, 0.8833, 1.05, 1.4333],
            "transform": [
                [0.999999, 0.000374, 0.001657, 0.0, 0.00016, 0.950471, -0.310814, 0.3, -0.001691, 0.310814, 0.95047, -0.0, 0.0, 0.0, 0.0, 1.0],
                [0.999997, 0.001497, 0.00181, -0.0, -1e-06, 0.770811, -0.637064, 0.3, -0.002349, 0.637062, 0.770809, -0.0, 0.0, 0.0, 0.0, 1.0],
                [0.999997, 0.001777, 0.001782, 0.0, -2e-06, 0.70891, -0.705299, 0.3, -0.002517, 0.705297, 0.708908, -0.0, 0.0, 0.0, 0.0, 1.0],
                [0.999997, 0.001776, 0.001782, 0.0, -2e-06, 0.70891, -0.705299, 0.3, -0.002517, 0.705297, 0.708908, 0.0, 0.0, 0.0, 0.0, 1.0],
                [0.999997, 0.001777, 0.001782, -0.0, -2e-06, 0.70891, -0.705299, 0.3, -0.002517, 0.705297, 0.708908, 0.0, 0.0, 0.0, 0.0, 1.0],
                [0.999997, 0.001777, 0.001783, -0.0, -2e-06, 0.70891, -0.705299, 0.3, -0.002517, 0.705297, 0.708908, -0.0, 0.0, 0.0, 0.0, 1.0],
                [0.999993, -0.002772, -0.002594, -0.0, 0.000938, 0.842556, -0.538608, 0.3, 0.003679, 0.538601, 0.842553, 0.0, 0.0, 0.0, 0.0, 1.0],
                [0.999993, -0.001541, -0.00347, -0.0, 0.000938, 0.985901, -0.167329, 0.3, 0.003679, 0.167324, 0.985895, 0.0, 0.0, 0.0, 0.0, 1.0]
            ]
        },
        {
            "name": "Tool_L",
            "time": [0.0, 0.1333, 0.3, 0.4333, 0.6167, 0.8833, 1.05, 1.4333],
            "transform": [
                [1.0, 0.0, 0.0, -0.0, 0.0, -0.999836, 0.018122, 0.272858, 0.0, -0.018122, -0.999247, 0.0, 0.0, 0.0, 0.0, 1.0],
                [1.0, 0.0, 0.0, 0.0, 0.0, -0.999836, 0.018122, 0.272858, 0.0, -0.018122, -0.999247, -0.0, 0.0, 0.0, 0.0, 1.0],
                [1.0, 0.0, 0.0, -0.0, 0.0, -0.999836, 0.018122, 0.272858, 0.0, -0.018122, -0.999247, -0.0, 0.0, 0.0, 0.0, 1.0],
                [1.0, 0.0, 0.0, 0.0, -0.0, -0.999835, 0.018122, 0.272858, 0.0, -0.018122, -0.999247, -0.0, 0.0, 0.0, 0.0, 1.0],
                [1.0, -0.0, 0.0, 0.0, -0.0, -0.999836, 0.018122, 0.272858, 0.0, -0.018122, -0.999248, -0.0, 0.0, 0.0, 0.0, 1.0],
                [1.0, -0.0, 0.0, 0.0, 0.0, -0.999836, 0.018122, 0.272858, 0.0, -0.018122, -0.999247, 0.0, 0.0, 0.0, 0.0, 1.0],
                [0.997004, 0.01104, -0.076554, 0.0, -0.036659, -0.804079, -0.593391, 0.272858, -0.068067, 0.594062, -0.8008, -0.0, 0.0, 0.0, 0.0, 1.0],
                [0.997004, 0.01104, -0.076554, -0.0, -0.036659, -0.804079, -0.593391, 0.272858, -0.068067, 0.594062, -0.8008, -0.0, 0.0, 0.0, 0.0, 1.0]
            ]
        },
        {
            "name": "Elbow_L",
            "time": [0.0, 0.1333, 0.3, 0.4333, 0.6167, 0.8833, 1.05, 1.4333],
            "transform": [
                [-1.0, 0.0, -0.0, 4.4e-05, 0.0, -0.0, -1.0, 0.393784, -0.0, -1.0, -0.0, -9.6e-05, 0.0, 0.0, 0.0, 1.0],
                [-1.0, 0.0, -0.0, 2e-05, 0.0, -0.306115, -0.951994, 0.416521, -0.0, -0.951995, 0.306115, -4.6e-05, 0.0, 0.0, 0.0, 1.0],
                [-1.0, 0.0, -0.0, 1.4e-05, 0.0, -0.382164, -0.924094, 0.422465, -0.0, -0.924094, 0.382164, -3.4e-05, 0.0, 0.0, 0.0, 1.0],
                [-1.0, 0.0, -0.0, 1.4e-05, 0.0, -0.382164, -0.924094, 0.422465, -0.0, -0.924095, 0.382164, -3.3e-05, 0.0, 0.0, 0.0, 1.0],
                [-1.0, 0.0, -0.0, 1.4e-05, 0.0, -0.382164, -0.924094, 0.422465, -0.0, -0.924095, 0.382164, -3.3e-05, 0.0, 0.0, 0.0, 1.0],
                [-1.0, 0.0, -0.0, 1.4e-05, 0.0, -0.382164, -0.924094, 0.422465, -0.0, -0.924094, 0.382164, -3.3e-05, 0.0, 0.0, 0.0, 1.0],
                [-1.0, 0.0, -0.0, 2.7e-05, 0.0, 0.0, -1.0, 0.334302, -0.0, -1.0, -0.0, -0.002121, 0.0, 0.0, 0.0, 1.0],
                [-1.0, 0.0, -0.0, 2.7e-05, 0.0, -0.0, -1.0, 0.334302, -0.0, -1.0, -0.0, -0.002121, 0.0, 0.0, 0.0, 1.0]
            ]
        }
    ]
}