{
    "animation": [
        {
            "name": "Root",
            "time": [0.0, 0.3667, 0.5833, 0.8, 1.4333],
            "transform": [
                [0.854339, 0.028643, -0.518927, -5e-06, -0.51914, 0.0, -0.854689, 0.000946, -0.024481, 0.99959, 0.01487, 0.753683, 0.0, 0.0, 0.0, 1.0],
                [0.854339, 0.028643, -0.518927, -0.02911, -0.51914, 0.0, -0.854689, -0.124557, -0.024481, 0.99959, 0.01487, 0.706623, 0.0, 0.0, 0.0, 1.0],
                [0.854339, 0.028643, -0.518927, -0.02911, -0.51914, 0.0, -0.854689, -0.124557, -0.024481, 0.99959, 0.01487, 0.706623, 0.0, 0.0, 0.0, 1.0],
                [0.854339, 0.028643, -0.518927, -0.02911, -0.51914, 0.0, -0.854689, -0.124557, -0.024481, 0.99959, 0.01487, 0.706623, 0.0, 0.0, 0.0, 1.0],
                [0.854339, 0.028643, -0.518927, 0.001997, -0.51914, 0.0, -0.854689, -0.007876, -0.024481, 0.99959, 0.01487, 0.719525, 0.0, 0.0, 0.0, 1.0]
            ]
        },
        {
            "name": "Thigh_R",
            "time": [0.0, 0.1667, 0.3667, 0.5833, 0.8, 1.0667, 1.4333],
            "transform": [
                [0.960515, 0.273283, -0.052206, 0.124994, 0.274652, -0.961312, 0.020994, -0.002831, -0.044449, -0.034503, -0.998416, -1.2e-05, 0.0, 0.0, 0.0, 1.0],
                [0.933657, 0.351756, 0.067463, 0.124994, 0.340767, -0.930391, 0.135077, -0.002831, 0.110281, -0.103126, -0.988536, -1.2e-05, 0.0, 0.0, 0.0, 1.0],
                [0.850896, 0.412394, 0.325432, 0.124994, 0.426405, -0.90401, 0.03068, -0.002831, 0.306846, 0.112661, -0.945068, -1.2e-05, 0.0, 0.0, 0.0, 1.0],
                [0.850896, 0.412394, 0.325432, 0.124994, 0.426405, -0.90401, 0.03068, -0.002831, 0.306846, 0.112661, -0.945068, -1.2e-05, 0.0, 0.0, 0.0, 1.0],
                [0.850896, 0.412394, 0.325432, 0.124994, 0.426405, -0.90401, 0.03068, -0.002831, 0.306846, 0.112661, -0.945068, -1.2e-05, 0.0, 0.0, 0.0, 1.0],
                [0.93021, 0.366234, 0.024072, 0.124994, 0.341821, -0.888349, 0.30658, -0.002831, 0.133665, -0.276954, -0.951541, -1.2e-05, 0.0, 0.0, 0.0, 1.0],
                [0.960515, 0.260119, -0.098729, 0.124994, 0.274652, -0.943162, 0.187102, -0.002831, -0.044449, -0.206829, -0.977367, -1.2e-05, 0.0, 0.0, 0.0, 1.0]
            ]
        },
        {
            "name": "Leg_R",
            "time": [0.0, 0.1667, 0.3667, 0.5833, 0.8, 1.0667, 1.4333],
            "transform": [
                [1.0, -0.0, 1e-06, -0.0, 0.0, 0.977553, 0.210691, 0.37472, -1e-06, -0.210691, 0.977552, -0.0, 0.0, 0.0, 0.0, 1.0],
                [1.0, -1e-06, 1e-06, 0.0, 0.0, 0.770882, 0.636978, 0.37472, -1e-06, -0.636979, 0.770881, 0.0, 0.0, 0.0, 0.0, 1.0],
                [1.0, -0.0, 1e-06, 0.0, 0.0, 0.961087, 0.276247, 0.37472, -1e-06, -0.276247, 0.961086, -0.0, 0.0, 0.0, 0.0, 1.0],
                [1.0, -0.0, 1e-06, 0.0, 0.0, 0.961087, 0.276247, 0.37472, -1e-06, -0.276247, 0.961086, -0.0, 0.0, 0.0, 0.0, 1.0],
                [1.0, -0.0, 1e-06, 0.0, 0.0, 0.961087, 0.276247, 0.37472, -1e-06, -0.276247, 0.961086, -0.0, 0.0, 0.0, 0.0, 1.0],
                [1.0, -1e-06, 1e-06, 0.0, 0.0, 0.675725, 0.737154, 0.37472, -1e-06, -0.737155, 0.675724, 0.0, 0.0, 0.0, 0.0, 1.0],
                [1.0, -1e-06, 1e-06, 0.0, 0.0, 0.851802, 0.523865, 0.37472, -1e-06, -0.523866, 0.8518, 0.0, 0.0, 0.0, 0.0, 1.0]
            ]
        },
        {
            "name": "Knee_R",
            "time": [0.0, 0.3667, 0.5833, 0.8, 1.4333],
            "transform": [
                [1.0, 0.0, -0.0, -0.0, -0.0, 1e-06, -1.0, 0.37472, -0.0, 1.0, 1e-06, -0.0, 0.0, 0.0, 0.0, 1.0],
                [1.0, 0.0, -0.0, 0.0, -0.0, 1e-06, -1.0, 0.37472, -0.0, 1.0, 1e-06, -0.0, 0.0, 0.0, 0.0, 1.0],
                [1.0, 0.0, -0.0, 0.0, -0.0, 1e-06, -1.0, 0.37472, -0.0, 1.0, 1e-06, -0.0, 0.0, 0.0, 0.0, 1.0],
                [1.0, 0.0, -0.0, 0.0, -0.0, 1e-06, -1.0, 0.37472, -0.0, 1.0, 1e-06, -0.0, 0.0, 0.0, 0.0, 1.0],
                [1.0, 0.0, -0.0, 0.0, -0.0, 1e-06, -1.0, 0.37472, -0.0, 1.0, 1e-06, 0.0, 0.0, 0.0, 0.0, 1.0]
            ]
        },
        {
            "name": "Thigh_L",
            "time": [0.0, 0.3667, 0.5833, 0.8, 1.4333],
            "transform": [
                [0.74123, -0.283974, -0.608224, -0.125006, -0.051449, -0.927475, 0.370329, -0.002831, -0.669276, -0.243206, -0.702082, -1.2e-05, 0.0, 0.0, 0.0, 1.0],
                [0.74123, -0.395959, -0.542028, -0.125006, -0.051449, -0.838626, 0.542271, -0.002831, -0.669276, -0.374061, -0.641987, -1.2e-05, 0.0, 0.0, 0.0, 1.0],
                [0.74123, -0.39593, -0.542049, -0.125006, -0.051449, -0.838656, 0.542226, -0.002831, -0.669276, -0.374027, -0.642007, -1.2e-05, 0.0, 0.0, 0.0, 1.0],
                [0.74123, -0.394804, -0.54287, -0.125006, -0.051449, -0.83978, 0.540484, -0.002831, -0.669276, -0.372693, -0.642782, -1.2e-05, 0.0, 0.0, 0.0, 1.0],
                [0.74123, -0.361254, -0.56575, -0.125006, -0.051449, -0.870926, 0.488713, -0.002831, -0.669276, -0.333141, -0.664143, -1.2e-05, 0.0, 0.0, 0.0, 1.0]
            ]
        },
        {
            "name": "Leg_L",
            "time": [0.0, 0.3667, 0.5833, 0.8, 1.4333],
            "transform": [
                [0.998576, 0.053293, 0.002315, -0.0, -0.051599, 0.954021, 0.295265, 0.37472, 0.013527, -0.294964, 0.955413, -0.0, 0.0, 0.0, 0.0, 1.0],
                [0.998576, 0.053293, 0.002315, -0.0, -0.051599, 0.954021, 0.295265, 0.37472, 0.013527, -0.294964, 0.955413, -0.0, 0.0, 0.0, 0.0, 1.0],
                [0.998576, 0.053291, 0.002351, -0.0, -0.051599, 0.953822, 0.295906, 0.37472, 0.013527, -0.295606, 0.955215, 0.0, 0.0, 0.0, 0.0, 1.0],
                [0.998576, 0.053212, 0.003738, -0.0, -0.051599, 0.945787, 0.32066, 0.37472, 0.013527, -0.320396, 0.947187, 0.0, 0.0, 0.0, 0.0, 1.0],
                [0.998576, 0.049769, 0.019197, -0.0, -0.051599, 0.809961, 0.58421, 0.37472, 0.013527, -0.584368, 0.811376, -0.0, 0.0, 0.0, 0.0, 1.0]
            ]
        },
        {
            "name": "Knee_L",
            "time": [0.0, 0.3667, 0.5833, 0.8, 1.4333],
            "transform": [
                [1.0, 0.0, -0.0, -0.0, -0.0, 1e-06, -1.0, 0.37472, -0.0, 1.0, 1e-06, -0.0, 0.0, 0.0, 0.0, 1.0],
                [1.0, 0.0, -0.0, -0.0, -0.0, 1e-06, -1.0, 0.37472, -0.0, 1.0, 1e-06, -0.0, 0.0, 0.0, 0.0, 1.0],
                [1.0, 0.0, -0.0, -0.0, -0.0, 1e-06, -1.0, 0.37472, -0.0, 1.0, 1e-06, 0.0, 0.0, 0.0, 0.0, 1.0],
                [1.0, 0.0, -0.0, -0.0, -0.0, 1e-06, -1.0, 0.37472, -0.0, 1.0, 1e-06, 0.0, 0.0, 0.0, 0.0, 1.0],
                [1.0, 0.0, -0.0, -0.0, -0.0, 1e-06, -1.0, 0.37472, -0.0, 1.0, 1e-06, -0.0, 0.0, 0.0, 0.0, 1.0]
            ]
        },
        {
            "name": "Torso",
            "time": [0.0, 0.3667, 0.5833, 0.8, 1.4333],
            "transform": [
                [0.999042, -0.043673, -0.002705, 0.0, 0.04367, 0.999045, -0.001423, 0.05, 0.002765, 0.001304, 0.999995, -0.0, 0.0, 0.0, 0.0, 1.0],
                [0.999042, -0.043673, -0.002705, 0.0, 0.04367, 0.999045, -0.001423, 0.05, 0.002765, 0.001304, 0.999995, 0.0, 0.0, 0.0, 0.0, 1.0],
                [0.999042, -0.043673, -0.002705, 0.0, 0.04367, 0.999045, -0.001423, 0.05, 0.002765, 0.001304, 0.999995, 0.0, 0.0, 0.0, 0.0, 1.0],
                [0.999042, -0.043673, -0.002705, 0.0, 0.04367, 0.999045, -0.001423, 0.05, 0.002765, 0.001304, 0.999995, 0.0, 0.0, 0.0, 0.0, 1.0],
                [0.999042, -0.043673, -0.002705, 0.0, 0.04367, 0.999045, -0.001423, 0.05, 0.002765, 0.001304, 0.999995, 0.0, 0.0, 0.0, 0.0, 1.0]
            ]
        },
        {
            "name": "Chest",
            "time": [0.0, 0.3667, 0.5833, 0.8, 1.05, 1.1833, 1.4333],
            "transform": [
                [0.999771, -0.021316, -0.002029, 0.0, 0.021411, 0.994316, 0.104295, 0.3, -0.000206, -0.104315, 0.994544, 0.0, 0.0, 0.0, 0.0, 1.0],
                [0.949854, 0.099335, -0.296496, -0.0, -0.074688, 0.992827, 0.093358, 0.3, 0.303643, -0.066531, 0.95046, 0.0, 0.0, 0.0, 0.0, 1.0],
                [0.94838, 0.116274, -0.295053, -0.0, -0.091676, 0.991158, 0.095922, 0.3, 0.303597, -0.063921, 0.950654, 0.0, 0.0, 0.0, 0.0, 1.0],
                [0.953371, 0.129023, -0.272831, -0.0, -0.105961, 0.989559, 0.097699, 0.3, 0.282588, -0.064233, 0.957089, 0.0, 0.0, 0.0, 0.0, 1.0],
                [0.951883, 0.253026, -0.172904, -0.0, -0.236118, 0.965184, 0.112549, 0.3, 0.195362, -0.066307, 0.978487, -0.0, 0.0, 0.0, 0.0, 1.0],
                [0.980803, 0.162294, -0.1081, -0.0, -0.148428, 0.980874, 0.125913, 0.3, 0.126468, -0.107451, 0.986134, 0.0, 0.0, 0.0, 0.0, 1.0],
                [0.999771, -0.021171, -0.003206, -0.0, 0.021411, 0.987018, 0.159175, 0.3, -0.000206, -0.159207, 0.987245, -0.0, 0.0, 0.0, 0.0, 1.0]
            ]
        },
        {
            "name": "Head",
            "time": [0.0, 0.3667, 0.5833, 0.8, 1.1833, 1.4333],
            "transform": [
                [0.85311, 0.037721, 0.520365, -0.0, -0.006297, 0.998055, -0.062025, 0.4, -0.521692, 0.049637, 0.851689, -0.0, 0.0, 0.0, 0.0, 1.0],
                [0.666221, 0.037721, 0.744799, 0.0, 0.011905, 0.998055, -0.061196, 0.4, -0.745659, 0.049637, 0.664476, -0.0, 0.0, 0.0, 0.0, 1.0],
                [0.666837, 0.02964, 0.744614, -0.0, 0.023183, 0.9979, -0.060483, 0.4, -0.744843, 0.057595, 0.664749, 0.0, 0.0, 0.0, 0.0, 1.0],
                [0.685155, -0.008751, 0.728345, 0.0, 0.083862, 0.994226, -0.066944, 0.4, -0.723554, 0.106948, 0.681932, 0.0, 0.0, 0.0, 0.0, 1.0],
                [0.788917, -0.110147, 0.604547, -0.0, 0.220971, 0.968846, -0.11184, 0.4, -0.573395, 0.22182, 0.788679, -0.0, 0.0, 0.0, 0.0, 1.0],
                [0.85311, 0.07244, 0.516677, -0.0, -0.006297, 0.991672, -0.128639, 0.4, -0.521692, 0.10649, 0.846461, 0.0, 0.0, 0.0, 0.0, 1.0]
            ]
        },
        {
            "name": "Shoulder_R",
            "time": [0.0, 0.3667, 0.5833, 0.8, 1.4333],
            "transform": [
                [0.110305, 0.959352, 0.259762, -0.0, 0.091141, -0.270019, 0.958532, 0.4, 0.98971, -0.082056, -0.11722, -0.0, 0.0, 0.0, 0.0, 1.0],
                [0.110305, 0.959352, 0.259762, 0.0, 0.091141, -0.270019, 0.958532, 0.4, 0.98971, -0.082056, -0.11722, -0.0, 0.0, 0.0, 0.0, 1.0],
                [0.110305, 0.959352, 0.259762, -0.0, 0.091141, -0.270019, 0.958532, 0.4, 0.98971, -0.082056, -0.11722, 0.0, 0.0, 0.0, 0.0, 1.0],
                [0.110305, 0.959352, 0.259762, 0.0, 0.091141, -0.270019, 0.958532, 0.4, 0.98971, -0.082056, -0.11722, 0.0, 0.0, 0.0, 0.0, 1.0],
                [0.110305, 0.959352, 0.259762, -0.0, 0.091141, -0.270019, 0.958532, 0.4, 0.98971, -0.082056, -0.11722, 0.0, 0.0, 0.0, 0.0, 1.0]
            ]
        },
        {
            "name": "Arm_R",
            "time": [0.0, 0.15, 0.3667, 0.5833, 0.8, 1.0667, 1.4333],
            "transform": [
                [0.029874, -0.10887, -0.993607, -0.0, 0.907206, 0.420268, -0.018773, 0.393861, 0.419625, -0.900845, 0.111322, 0.0, 0.0, 0.0, 0.0, 1.0],
                [-0.567619, 0.734203, -0.372498, 0.0, 0.793007, 0.365989, -0.487023, 0.393861, -0.221243, -0.571837, -0.789971, -0.0, 0.0, 0.0, 0.0, 1.0],
                [-0.391862, 0.86539, -0.312321, -0.0, 0.648593, 0.019084, -0.760896, 0.393861, -0.652512, -0.500735, -0.568764, 0.0, 0.0, 0.0, 0.0, 1.0],
                [-0.452501, 0.891731, -0.007605, 0.0, 0.555359, 0.275119, -0.784784, 0.39386, -0.697724, -0.359339, -0.619723, -0.0, 0.0, 0.0, 0.0, 1.0],
                [-0.599884, 0.100115, 0.793798, 0.0, 0.693245, 0.56036, 0.453221, 0.39386, -0.399438, 0.822177, -0.405555, 0.0, 0.0, 0.0, 0.0, 1.0],
                [-0.291948, -0.429718, -0.854464, -0.0, -0.554767, 0.803826, -0.214702, 0.393861, 0.779102, 0.411347, -0.473068, 0.0, 0.0, 0.0, 0.0, 1.0],
                [0.029873, -0.030998, -0.999073, -0.0, 0.907206, 0.420451, 0.014081, 0.39386, 0.419625, -0.906786, 0.040682, -0.0, 0.0, 0.0, 0.0, 1.0]
            ]
        },
        {
            "name": "Hand_R",
            "time": [0.0, 0.15, 0.3667, 0.5833, 0.8, 1.0667, 1.4333],
            "transform": [
                [0.999998, -0.000884, 0.001595, 0.0, 0.000868, 0.999949, 0.010043, 0.3, -0.001603, -0.010042, 0.999948, -0.0, 0.0, 0.0, 0.0, 1.0],
                [0.999998, -0.000469, 0.001762, 0.0, 0.000868, 0.972329, -0.233614, 0.3, -0.001603, 0.233615, 0.972328, 0.0, 0.0, 0.0, 0.0, 1.0],
                [0.999998, 0.000608, 0.001719, 0.0, 0.000868, 0.670399, -0.742001, 0.3, -0.001603, 0.742001, 0.670397, 0.0, 0.0, 0.0, 0.0, 1.0],
                [0.999998, 0.00044, 0.001766, -0.0, 0.000867, 0.738315, -0.674455, 0.3, -0.001601, 0.674456, 0.738314, 0.0, 0.0, 0.0, 0.0, 1.0],
                [0.999998, -0.000435, 0.00177, 0.0, 0.000868, 0.967565, -0.252619, 0.3, -0.001603, 0.25262, 0.967564, -0.0, 0.0, 0.0, 0.0, 1.0],
                [0.999998, 5.4e-05, 0.001822, -0.0, 0.000868, 0.864881, -0.501977, 0.3, -0.001603, 0.501978, 0.864879, -0.0, 0.0, 0.0, 0.0, 1.0],
                [0.999998, -0.00078, 0.001648, -0.0, 0.000868, 0.998534, -0.054124, 0.3, -0.001603, 0.054126, 0.998533, -0.0, 0.0, 0.0, 0.0, 1.0]
            ]
        },
        {
            "name": "Tool_R",
            "time": [0.0, 0.3667, 0.5833, 0.8, 1.4333],
            "transform": [
                [0.011753, -0.000776, -0.003083, 0.015054, -0.001594, -0.011654, -0.003144, 0.243316, -0.002749, 0.003437, -0.011345, 0.024459, 0.0, 0.0, 0.0, 1.0],
                [0.011753, -0.000776, -0.003083, 0.015054, -0.001594, -0.011654, -0.003144, 0.243316, -0.002749, 0.003437, -0.011345, 0.024459, 0.0, 0.0, 0.0, 1.0],
                [0.211415, -0.020319, -0.044009, 0.015054, -0.02835, -0.211564, -0.038511, 0.243316, -0.039296, 0.043261, -0.208745, 0.024459, 0.0, 0.0, 0.0, 1.0],
                [0.986305, -0.16448, 0.01216, 0.015054, -0.164584, -0.976793, 0.137068, 0.243316, -0.010663, -0.137121, -0.989899, 0.024459, 0.0, 0.0, 0.0, 1.0],
                [0.96532, -0.047641, -0.256685, 0.015054, -0.130913, -0.938991, -0.318053, 0.243316, -0.22574, 0.340415, -0.912127, 0.024459, 0.0, 0.0, 0.0, 1.0]
            ]
        },
        {
            "name": "Elbow_R",
            "time": [0.0, 0.3667, 0.5833, 0.8, 1.4333],
            "transform": [
                [-1.0, 0.0, -0.0, 0.0, 0.0, -0.0, -1.0, 0.341622, -0.0, -1.0, 0.0, 0.0, 0.0, 0.0, 0.0, 1.0],
                [-1.0, 0.0, -0.0, 0.0, 0.0, -0.0, -1.0, 0.341622, -0.0, -1.0, -0.0, 0.0, 0.0, 0.0, 0.0, 1.0],
                [-1.0, 0.0, -0.0, -0.0, 0.0, -0.0, -1.0, 0.341622, -0.0, -1.0, 0.0, 0.0, 0.0, 0.0, 0.0, 1.0],
                [-1.0, 0.0, -0.0, 0.0, 0.0, -0.0, -1.0, 0.341622, -0.0, -1.0, 0.0, -0.0, 0.0, 0.0, 0.0, 1.0],
                [-1.0, 0.0, -0.0, -0.0, 0.0, -0.0, -1.0, 0.341622, -0.0, -1.0, 0.0, -0.0, 0.0, 0.0, 0.0, 1.0]
            ]
        },
        {
            "name": "Shoulder_L",
            "time": [0.0, 0.3667, 0.5833, 0.8, 1.0667, 1.4333],
            "transform": [
                [-0.226937, -0.947819, -0.223918, -0.0, -0.021067, -0.225085, 0.974111, 0.4, -0.973681, 0.225779, 0.031113, -0.0, 0.0, 0.0, 0.0, 1.0],
                [-0.226937, -0.947819, -0.223918, 0.0, -0.021067, -0.225085, 0.974111, 0.4, -0.973681, 0.225779, 0.031113, -0.0, 0.0, 0.0, 0.0, 1.0],
                [-0.226937, -0.947819, -0.223918, -0.0, -0.021067, -0.225085, 0.974111, 0.4, -0.973681, 0.225779, 0.031113, 0.0, 0.0, 0.0, 0.0, 1.0],
                [-0.226937, -0.947819, -0.223918, 0.0, -0.021067, -0.225085, 0.974111, 0.4, -0.973681, 0.225779, 0.031113, 0.0, 0.0, 0.0, 0.0, 1.0],
                [-0.226937, -0.897822, -0.377379, 0.0, -0.021067, -0.382873, 0.923561, 0.4, -0.973681, 0.217541, 0.067974, -0.0, 0.0, 0.0, 0.0, 1.0],
                [-0.226937, -0.947819, -0.223918, -0.0, -0.021067, -0.225085, 0.974111, 0.4, -0.973681, 0.225779, 0.031113, 0.0, 0.0, 0.0, 0.0, 1.0]
            ]
        },
        {
            "name": "Arm_L",
            "time": [0.0, 0.3667, 0.5833, 0.8, 1.4333],
            "transform": [
                [-0.440424, 0.111403, 0.890851, 0.0, -0.817245, 0.361034, -0.449183, 0.39386, -0.371668, -0.925875, -0.067964, -0.0, 0.0, 0.0, 0.0, 1.0],
                [-0.359005, 0.278388, 0.890851, 0.0, -0.604392, 0.657986, -0.449183, 0.39386, -0.711215, -0.699682, -0.067964, 0.0, 0.0, 0.0, 0.0, 1.0],
                [-0.336633, 0.302036, 0.891882, -0.0, -0.547819, 0.707556, -0.446384, 0.39386, -0.765881, -0.638856, -0.072725, 0.0, 0.0, 0.0, 0.0, 1.0],
                [-0.32005, 0.316918, 0.892822, -0.0, -0.504743, 0.740472, -0.443775, 0.39386, -0.80175, -0.592675, -0.077026, 0.0, 0.0, 0.0, 0.0, 1.0],
                [-0.436223, 0.047558, 0.898581, -0.0, -0.78007, 0.477799, -0.403978, 0.39386, -0.448554, -0.877181, -0.171328, -0.0, 0.0, 0.0, 0.0, 1.0]
            ]
        },
        {
            "name": "Hand_L",
            "time": [0.0, 0.3667, 0.5833, 0.8, 1.4333],
            "transform": [
                [0.999993, -0.001541, -0.00347, -0.0, 0.000938, 0.985901, -0.167329, 0.3, 0.003679, 0.167324, 0.985895, -0.0, 0.0, 0.0, 0.0, 1.0],
                [0.999993, -0.002535, -0.002827, 0.0, 0.000938, 0.886448, -0.462828, 0.3, 0.003679, 0.462822, 0.886444, 0.0, 0.0, 0.0, 0.0, 1.0],
                [0.999993, -0.002534, -0.002827, 0.0, 0.000938, 0.886469, -0.462787, 0.3, 0.003679, 0.462781, 0.886465, -0.0, 0.0, 0.0, 0.0, 1.0],
                [0.999993, -0.002529, -0.002832, -0.0, 0.000938, 0.887304, -0.461184, 0.3, 0.003679, 0.461178, 0.8873, -0.0, 0.0, 0.0, 0.0, 1.0],
                [0.999993, -0.002294, -0.003025, -0.0, 0.000938, 0.921362, -0.388706, 0.3, 0.003679, 0.388701, 0.921357, -0.0, 0.0, 0.0, 0.0, 1.0]
            ]
        },
        {
            "name": "Tool_L",
            "time": [0.0, 0.3667, 0.5833, 0.8, 1.4333],
            "transform": [
                [0.997004, 0.01104, -0.076554, 0.0, -0.036659, -0.804079, -0.593391, 0.272858, -0.068067, 0.594062, -0.8008, -0.0, 0.0, 0.0, 0.0, 1.0],
                [0.997004, 0.01104, -0.076554, 0.0, -0.036659, -0.804079, -0.593391, 0.272858, -0.068067, 0.594062, -0.8008, -0.0, 0.0, 0.0, 0.0, 1.0],
                [0.997004, 0.01104, -0.076554, 0.0, -0.036659, -0.804079, -0.593391, 0.272858, -0.068067, 0.594062, -0.800801, -0.0, 0.0, 0.0, 0.0, 1.0],
                [0.997004, 0.01104, -0.076554, -0.0, -0.036659, -0.804079, -0.593391, 0.272858, -0.068067, 0.594062, -0.8008, -0.0, 0.0, 0.0, 0.0, 1.0],
                [0.997004, 0.01104, -0.076554, 0.0, -0.036659, -0.804079, -0.593391, 0.272858, -0.068067, 0.594062, -0.8008, -0.0, 0.0, 0.0, 0.0, 1.0]
            ]
        },
        {
            "name": "Elbow_L",
            "time": [0.0, 0.3667, 0.5833, 0.8, 1.4333],
            "transform": [
                [-1.0, 0.0, -0.0, 2.7e-05, 0.0, -0.0, -1.0, 0.334301, -0.0, -1.0, -0.0, -0.002121, 0.0, 0.0, 0.0, 1.0],
                [-1.0, 0.0, 0.0, 2.7e-05, 0.0, -0.0, -1.0, 0.334301, -0.0, -1.0, -0.0, -0.002121, 0.0, 0.0, 0.0, 1.0],
                [-1.0, 0.0, -0.0, 2.7e-05, 0.0, -0.0, -1.0, 0.334301, -0.0, -1.0, 0.0, -0.002121, 0.0, 0.0, 0.0, 1.0],
                [-1.0, 0.0, -0.0, 2.7e-05, 0.0, -0.0, -1.0, 0.334301, -0.0, -1.0, 0.0, -0.002121, 0.0, 0.0, 0.0, 1.0],
                [-1.0, 0.0, -0.0, 2.7e-05, 0.0, -0.0, -1.0, 0.334302, -0.0, -1.0, -0.0, -0.002121, 0.0, 0.0, 0.0, 1.0]
            ]
        }
    ]
}