{
    "animation": [
        {
            "name": "Root",
            "time": [0.0, 0.05, 0.1, 0.15, 0.3167, 1.8167, 2.0667, 2.35, 2.75, 3.1333],
            "transform": [
                [0.720335, 0.00764, -0.693584, -0.003101, -0.691297, 0.089784, -0.716971, -0.008805, 0.056795, 0.995932, 0.069955, 0.627408, 0.0, 0.0, 0.0, 1.0],
                [0.459395, 0.055676, -0.886485, -0.011603, -0.885092, 0.112543, -0.451605, -0.25494, 0.074624, 0.992086, 0.100981, 0.435427, 0.0, 0.0, 0.0, 1.0],
                [0.459395, 0.055676, -0.886485, -0.011603, -0.885092, 0.112543, -0.451605, -0.25494, 0.074624, 0.992086, 0.100981, 0.579141, 0.0, 0.0, 0.0, 1.0],
                [0.459395, 0.055676, -0.886485, -0.011603, -0.885092, 0.112543, -0.451605, -0.25494, 0.074624, 0.992086, 0.100981, 0.435427, 0.0, 0.0, 0.0, 1.0],
                [0.945302, 0.179547, -0.272334, 0.040795, -0.181243, -0.405043, -0.896154, -3.103903, -0.271209, 0.896495, -0.350347, 0.740043, 0.0, 0.0, 0.0, 1.0],
                [0.746502, 0.492662, 0.447234, 0.052008, 0.603712, -0.218892, -0.766562, -3.831227, -0.27976, 0.842241, -0.46083, 0.743717, 0.0, 0.0, 0.0, 1.0],
                [0.324537, -0.106346, 0.939876, 0.111116, 0.931374, 0.209242, -0.297926, -4.192337, -0.164978, 0.972064, 0.166955, 0.451878, 0.0, 0.0, 0.0, 1.0],
                [0.324537, -0.106346, 0.939876, -0.017896, 0.931374, 0.209242, -0.297926, -4.202289, -0.164978, 0.972064, 0.166955, 0.538985, 0.0, 0.0, 0.0, 1.0],
                [0.948667, -0.125524, 0.290302, -0.008638, 0.306091, 0.133301, -0.942624, -4.533082, 0.079624, 0.983094, 0.16488, 0.682632, 0.0, 0.0, 0.0, 1.0],
                [0.854339, 0.028643, -0.518927, -5e-06, -0.51914, 0.0, -0.854689, -4.822103, -0.024481, 0.99959, 0.01487, 0.753683, 0.0, 0.0, 0.0, 1.0]
            ]
        },
        {
            "name": "Thigh_R",
            "time": [0.0, 0.05, 0.15, 0.3167, 1.8167, 2.0667, 2.35, 2.75, 3.1333],
            "transform": [
                [0.907163, 0.396473, -0.140941, 0.124994, 0.401647, -0.915747, 0.009144, -0.002831, -0.125441, -0.064903, -0.989976, -1.2e-05, 0.0, 0.0, 0.0, 1.0],
                [0.902373, 0.427298, -0.056022, 0.124994, 0.40452, -0.795002, 0.452031, -0.002831, 0.148614, -0.430561, -0.890242, -1.2e-05, 0.0, 0.0, 0.0, 1.0],
                [0.902373, 0.427298, -0.056022, 0.124994, 0.40452, -0.795002, 0.452031, -0.002831, 0.148614, -0.430561, -0.890242, -1.2e-05, 0.0, 0.0, 0.0, 1.0],
                [0.956401, 0.276718, -0.093392, 0.124994, 0.281324, -0.958771, 0.040134, -0.002831, -0.078435, -0.064657, -0.994821, -1.2e-05, 0.0, 0.0, 0.0, 1.0],
                [0.781596, 0.503943, 0.367625, 0.124994, 0.474163, -0.862911, 0.174787, -0.002831, 0.405311, 0.037702, -0.913401, -1.2e-05, 0.0, 0.0, 0.0, 1.0],
                [0.483307, 0.872212, -0.075219, 0.124994, 0.216923, -0.036072, 0.975522, -0.002831, 0.84815, -0.487792, -0.206638, -1.2e-05, 0.0, 0.0, 0.0, 1.0],
                [0.483307, 0.87364, 0.056259, 0.124994, 0.216923, -0.181767, 0.959117, -0.002831, 0.84815, -0.451343, -0.277363, -1.2e-05, 0.0, 0.0, 0.0, 1.0],
                [0.958339, 0.266621, 0.102464, 0.124994, 0.117509, -0.694979, 0.709361, -0.002831, 0.260341, -0.667767, -0.697358, -1.2e-05, 0.0, 0.0, 0.0, 1.0],
                [0.960515, 0.273283, -0.052206, 0.124994, 0.274652, -0.961312, 0.020994, -0.002831, -0.044449, -0.034503, -0.998416, -1.1e-05, 0.0, 0.0, 0.0, 1.0]
            ]
        },
        {
            "name": "Leg_R",
            "time": [0.0, 0.05, 0.15, 0.3167, 1.8167, 2.0667, 2.35, 2.75, 3.1333],
            "transform": [
                [1.0, -1e-06, 1e-06, 0.0, 0.0, 0.851828, 0.523823, 0.37472, -1e-06, -0.523824, 0.851826, -0.0, 0.0, 0.0, 0.0, 1.0],
                [1.0, -1e-06, 0.0, 0.0, -0.0, 0.248224, 0.968702, 0.37472, -1e-06, -0.968703, 0.248224, -0.0, 0.0, 0.0, 0.0, 1.0],
                [1.0, -1e-06, 0.0, 0.0, -0.0, 0.248224, 0.968702, 0.37472, -1e-06, -0.968703, 0.248224, -0.0, 0.0, 0.0, 0.0, 1.0],
                [1.0, -0.0, 1e-06, 0.0, -0.0, 0.944525, 0.328441, 0.37472, -1e-06, -0.328442, 0.944524, -0.0, 0.0, 0.0, 0.0, 1.0],
                [1.0, -0.0, 1e-06, -0.0, 0.0, 0.983026, 0.183471, 0.37472, -1e-06, -0.183471, 0.983024, 0.0, 0.0, 0.0, 0.0, 1.0],
                [1.0, -0.0, 0.0, -0.0, 0.0, 0.582058, 0.813147, 0.37472, -1e-06, -0.813148, 0.582057, 0.0, 0.0, 0.0, 0.0, 1.0],
                [1.0, -1e-06, 0.0, -0.0, 0.0, 0.582058, 0.813147, 0.37472, -1e-06, -0.813148, 0.582057, -0.0, 0.0, 0.0, 0.0, 1.0],
                [1.0, -1e-06, 0.0, -0.0, -0.0, 0.512155, 0.858892, 0.37472, -1e-06, -0.858894, 0.512155, -0.0, 0.0, 0.0, 0.0, 1.0],
                [1.0, -0.0, 1e-06, 0.0, 0.0, 0.977553, 0.210691, 0.37472, -1e-06, -0.210691, 0.977552, 0.0, 0.0, 0.0, 0.0, 1.0]
            ]
        },
        {
            "name": "Knee_R",
            "time": [0.0, 0.05, 0.15, 0.3167, 1.8167, 2.0667, 2.35, 3.1333],
            "transform": [
                [1.0, 0.0, -0.0, 0.0, -0.0, 1e-06, -1.0, 0.37472, -0.0, 1.0, 1e-06, -0.0, 0.0, 0.0, 0.0, 1.0],
                [1.0, 0.0, -0.0, 0.0, -0.0, 1e-06, -1.0, 0.37472, -0.0, 1.0, 1e-06, -0.0, 0.0, 0.0, 0.0, 1.0],
                [1.0, 0.0, -0.0, 0.0, -0.0, 1e-06, -1.0, 0.37472, -0.0, 1.0, 1e-06, -0.0, 0.0, 0.0, 0.0, 1.0],
                [1.0, 0.0, -0.0, 0.0, -0.0, 1e-06, -1.0, 0.37472, -0.0, 1.0, 1e-06, -0.0, 0.0, 0.0, 0.0, 1.0],
                [1.0, 0.0, -0.0, -0.0, -0.0, 1e-06, -1.0, 0.37472, -0.0, 1.0, 1e-06, 0.0, 0.0, 0.0, 0.0, 1.0],
                [1.0, 0.0, -0.0, -0.0, -0.0, 1e-06, -1.0, 0.37472, -0.0, 1.0, 1e-06, 0.0, 0.0, 0.0, 0.0, 1.0],
                [1.0, 0.0, -0.0, -0.0, -0.0, 1e-06, -1.0, 0.37472, -0.0, 1.0, 1e-06, -0.0, 0.0, 0.0, 0.0, 1.0],
                [1.0, 0.0, -0.0, 0.0, -0.0, 1e-06, -1.0, 0.37472, -0.0, 1.0, 1e-06, 0.0, 0.0, 0.0, 0.0, 1.0]
            ]
        },
        {
            "name": "Thigh_L",
            "time": [0.0, 0.05, 0.15, 0.3167, 1.8167, 2.0667, 2.35, 2.75, 3.1333],
            "transform": [
                [0.74123, -0.507175, -0.439717, -0.125006, -0.051449, -0.69607, 0.716128, -0.002831, -0.669276, -0.508192, -0.542042, -1.2e-05, 0.0, 0.0, 0.0, 1.0],
                [0.673656, -0.736682, -0.059041, -0.125006, -0.109367, -0.178381, 0.977864, -0.002831, -0.730907, -0.652288, -0.200736, -1.2e-05, 0.0, 0.0, 0.0, 1.0],
                [0.673656, -0.736682, -0.059041, -0.125006, -0.109367, -0.178381, 0.977864, -0.002831, -0.730907, -0.652288, -0.200736, -1.2e-05, 0.0, 0.0, 0.0, 1.0],
                [0.948277, -0.233281, -0.215288, -0.125006, 0.088634, -0.456652, 0.885219, -0.002831, -0.304816, -0.858516, -0.412356, -1.2e-05, 0.0, 0.0, 0.0, 1.0],
                [0.959197, -0.149191, -0.24017, -0.125006, 0.140096, -0.487045, 0.862067, -0.002831, -0.245586, -0.86054, -0.446271, -1.2e-05, 0.0, 0.0, 0.0, 1.0],
                [0.876393, -0.481251, -0.01822, -0.125006, -0.218103, -0.430344, 0.87592, -0.002831, -0.429377, -0.763677, -0.482113, -1.2e-05, 0.0, 0.0, 0.0, 1.0],
                [0.86738, -0.49764, -0.002263, -0.125006, -0.457269, -0.798794, 0.390938, -0.002831, -0.196354, -0.338057, -0.920414, -1.2e-05, 0.0, 0.0, 0.0, 1.0],
                [0.884895, -0.285754, -0.367837, -0.125006, -0.121639, -0.904072, 0.409703, -0.002831, -0.449625, -0.317801, -0.834769, -1.2e-05, 0.0, 0.0, 0.0, 1.0],
                [0.74123, -0.283974, -0.608224, -0.125006, -0.051449, -0.927475, 0.370329, -0.002831, -0.669276, -0.243206, -0.702082, -1.1e-05, 0.0, 0.0, 0.0, 1.0]
            ]
        },
        {
            "name": "Leg_L",
            "time": [0.0, 0.05, 0.15, 0.3167, 1.8167, 2.0667, 2.35, 2.75, 3.1333],
            "transform": [
                [0.998576, 0.053001, -0.006029, -0.0, -0.051599, 0.988408, 0.142782, 0.37472, 0.013527, -0.142268, 0.989736, 0.0, 0.0, 0.0, 0.0, 1.0],
                [0.998576, 0.038326, 0.037103, -0.0, -0.051599, 0.517626, 0.85405, 0.37472, 0.013527, -0.854748, 0.518867, 0.0, 0.0, 0.0, 0.0, 1.0],
                [0.998576, 0.038326, 0.037103, -0.0, -0.051599, 0.517626, 0.85405, 0.37472, 0.013527, -0.854748, 0.518867, 0.0, 0.0, 0.0, 0.0, 1.0],
                [0.998576, 0.04233, 0.03246, 0.0, -0.051599, 0.612198, 0.78902, 0.37472, 0.013527, -0.789571, 0.613511, -0.0, 0.0, 0.0, 0.0, 1.0],
                [0.998576, 0.042914, 0.031683, -0.0, -0.051599, 0.626474, 0.777732, 0.37472, 0.013527, -0.778259, 0.627797, -0.0, 0.0, 0.0, 0.0, 1.0],
                [0.998576, 0.026175, 0.046479, -0.0, -0.051599, 0.253021, 0.966084, 0.37472, 0.013527, -0.967106, 0.254011, -0.0, 0.0, 0.0, 0.0, 1.0],
                [0.998576, 0.042914, 0.031683, 1e-06, -0.051599, 0.626474, 0.777732, 0.37472, 0.013527, -0.778259, 0.627797, -0.0, 0.0, 0.0, 0.0, 1.0],
                [0.9986, 0.052843, 0.002277, -0.0, -0.05116, 0.95408, 0.295149, 0.37472, 0.013424, -0.294852, 0.955449, -0.0, 0.0, 0.0, 0.0, 1.0],
                [0.998576, 0.053293, 0.002315, -0.0, -0.051599, 0.954021, 0.295265, 0.37472, 0.013527, -0.294964, 0.955413, 0.0, 0.0, 0.0, 0.0, 1.0]
            ]
        },
        {
            "name": "Knee_L",
            "time": [0.0, 0.05, 0.15, 0.3167, 1.8167, 2.0667, 2.35, 3.1333],
            "transform": [
                [1.0, 0.0, -0.0, -0.0, -0.0, 1e-06, -1.0, 0.37472, -0.0, 1.0, 1e-06, 0.0, 0.0, 0.0, 0.0, 1.0],
                [1.0, 0.0, -0.0, -0.0, -0.0, 1e-06, -1.0, 0.37472, -0.0, 1.0, 1e-06, 0.0, 0.0, 0.0, 0.0, 1.0],
                [1.0, 0.0, -0.0, -0.0, -0.0, 1e-06, -1.0, 0.37472, -0.0, 1.0, 1e-06, 0.0, 0.0, 0.0, 0.0, 1.0],
                [1.0, 0.0, -0.0, 0.0, -0.0, 1e-06, -1.0, 0.37472, -0.0, 1.0, 1e-06, -0.0, 0.0, 0.0, 0.0, 1.0],
                [1.0, 0.0, -0.0, -0.0, -0.0, 1e-06, -1.0, 0.37472, -0.0, 1.0, 1e-06, -0.0, 0.0, 0.0, 0.0, 1.0],
                [1.0, 0.0, -0.0, -0.0, -0.0, 1e-06, -1.0, 0.37472, -0.0, 1.0, 1e-06, -0.0, 0.0, 0.0, 0.0, 1.0],
                [1.0, 0.0, -0.0, 1e-06, -0.0, 1e-06, -1.0, 0.37472, -0.0, 1.0, 1e-06, -0.0, 0.0, 0.0, 0.0, 1.0],
                [1.0, 0.0, -0.0, -0.0, -0.0, 1e-06, -1.0, 0.37472, -0.0, 1.0, 1e-06, 0.0, 0.0, 0.0, 0.0, 1.0]
            ]
        },
        {
            "name": "Torso",
            "time": [0.0, 0.05, 0.15, 0.3167, 1.8167, 2.0667, 2.35, 3.1333],
            "transform": [
                [0.999042, -0.043673, -0.002706, 0.0, 0.04367, 0.999045, -0.001423, 0.05, 0.002765, 0.001304, 0.999995, 0.0, 0.0, 0.0, 0.0, 1.0],
                [0.999042, -0.043673, -0.002706, -0.0, 0.04367, 0.999045, -0.001423, 0.05, 0.002765, 0.001304, 0.999995, 0.0, 0.0, 0.0, 0.0, 1.0],
                [0.999042, -0.043673, -0.002706, -0.0, 0.04367, 0.999045, -0.001423, 0.05, 0.002765, 0.001304, 0.999995, 0.0, 0.0, 0.0, 0.0, 1.0],
                [0.999042, -0.039981, -0.017782, -0.0, 0.04367, 0.936684, 0.347441, 0.05, 0.002765, -0.347885, 0.937533, -0.0, 0.0, 0.0, 0.0, 1.0],
                [0.999042, -0.043277, 0.006463, -0.0, 0.04367, 0.976777, -0.209762, 0.05, 0.002765, 0.209844, 0.977731, -0.0, 0.0, 0.0, 0.0, 1.0],
                [0.999042, -0.043277, 0.006463, -0.0, 0.04367, 0.976777, -0.209762, 0.05, 0.002765, 0.209844, 0.977731, -0.0, 0.0, 0.0, 0.0, 1.0],
                [0.999042, -0.043277, 0.006463, 0.0, 0.04367, 0.976777, -0.209762, 0.05, 0.002765, 0.209844, 0.977731, -0.0, 0.0, 0.0, 0.0, 1.0],
                [0.999042, -0.043673, -0.002705, 0.0, 0.04367, 0.999045, -0.001423, 0.05, 0.002765, 0.001304, 0.999995, 0.0, 0.0, 0.0, 0.0, 1.0]
            ]
        },
        {
            "name": "Chest",
            "time": [0.0, 0.05, 0.15, 0.3167, 1.8167, 2.0667, 2.35, 3.1333],
            "transform": [
                [0.962136, -0.021171, 0.271748, -0.0, -0.023167, 0.987019, 0.158921, 0.3, -0.271585, -0.159199, 0.949156, -0.0, 0.0, 0.0, 0.0, 1.0],
                [0.969063, -0.186992, 0.161094, -0.0, 0.07484, 0.844586, 0.530163, 0.3, -0.235194, -0.501705, 0.832452, 0.0, 0.0, 0.0, 0.0, 1.0],
                [0.969063, -0.186992, 0.161094, -0.0, 0.07484, 0.844586, 0.530163, 0.3, -0.235194, -0.501705, 0.832452, 0.0, 0.0, 0.0, 0.0, 1.0],
                [0.96382, -0.119038, 0.238496, -0.0, -0.009913, 0.878116, 0.478345, 0.3, -0.266368, -0.463403, 0.845166, 0.0, 0.0, 0.0, 0.0, 1.0],
                [0.910344, -0.187354, 0.369016, 0.0, 0.076894, 0.952705, 0.294007, 0.3, -0.406646, -0.239272, 0.881696, 0.0, 0.0, 0.0, 0.0, 1.0],
                [0.962136, -0.107867, 0.25032, 0.0, -0.023167, 0.882678, 0.469407, 0.3, -0.271585, -0.457432, 0.846757, -0.0, 0.0, 0.0, 0.0, 1.0],
                [0.962136, -0.116021, 0.246646, 1e-06, -0.023167, 0.866802, 0.498114, 0.3, -0.271585, -0.484967, 0.831293, -0.0, 0.0, 0.0, 0.0, 1.0],
                [0.999771, -0.021316, -0.002029, 0.0, 0.021411, 0.994316, 0.104295, 0.3, -0.000206, -0.104315, 0.994544, 0.0, 0.0, 0.0, 0.0, 1.0]
            ]
        },
        {
            "name": "Head",
            "time": [0.0, 0.05, 0.15, 0.3167, 1.8167, 2.0667, 2.35, 3.1333],
            "transform": [
                [0.856171, -0.003896, 0.516677, -0.0, 0.082121, 0.988287, -0.12863, 0.4, -0.510124, 0.152559, 0.846463, -0.0, 0.0, 0.0, 0.0, 1.0],
                [0.425963, -0.003896, 0.904732, -0.0, 0.139667, 0.988287, -0.061502, 0.4, -0.893895, 0.152559, 0.421518, -0.0, 0.0, 0.0, 0.0, 1.0],
                [0.425963, -0.003896, 0.904732, -0.0, 0.139667, 0.988287, -0.061502, 0.4, -0.893895, 0.152559, 0.421518, -0.0, 0.0, 0.0, 0.0, 1.0],
                [0.986976, 0.004923, -0.160793, 0.0, 0.07083, 0.884131, 0.461838, 0.4, 0.144436, -0.467212, 0.872268, 0.0, 0.0, 0.0, 0.0, 1.0],
                [0.940002, 0.070563, -0.333791, -0.0, 0.116992, 0.852384, 0.50966, 0.4, 0.320481, -0.518133, 0.792988, -0.0, 0.0, 0.0, 0.0, 1.0],
                [0.940002, 0.070563, -0.333791, 0.0, 0.116992, 0.852384, 0.50966, 0.4, 0.320482, -0.518133, 0.792988, -0.0, 0.0, 0.0, 0.0, 1.0],
                [0.940002, 0.070563, -0.333791, 1e-06, 0.116992, 0.852384, 0.509661, 0.4, 0.320482, -0.518133, 0.792988, 0.0, 0.0, 0.0, 0.0, 1.0],
                [0.85311, 0.037721, 0.520365, 0.0, -0.006297, 0.998055, -0.062025, 0.4, -0.521692, 0.049637, 0.851689, -1e-06, 0.0, 0.0, 0.0, 1.0]
            ]
        },
        {
            "name": "Shoulder_R",
            "time": [0.0, 0.05, 0.15, 0.3167, 1.8167, 2.0667, 2.35, 3.1333],
            "transform": [
                [0.110305, 0.959352, 0.259762, -0.0, 0.091141, -0.270019, 0.958532, 0.4, 0.98971, -0.082056, -0.11722, -0.0, 0.0, 0.0, 0.0, 1.0],
                [0.86121, 0.436854, 0.259762, -0.0, -0.175035, -0.224898, 0.958532, 0.4, 0.477158, -0.870964, -0.11722, -0.0, 0.0, 0.0, 0.0, 1.0],
                [0.86121, 0.436854, 0.259762, -0.0, -0.175035, -0.224898, 0.958532, 0.4, 0.477158, -0.870964, -0.11722, -0.0, 0.0, 0.0, 0.0, 1.0],
                [0.240282, 0.947213, -0.212252, 0.0, 0.086162, 0.196984, 0.976613, 0.4, 0.966872, -0.25295, -0.034282, 0.0, 0.0, 0.0, 0.0, 1.0],
                [0.110305, 0.952936, -0.282392, -0.0, 0.091141, 0.27323, 0.957621, 0.4, 0.98971, -0.131367, -0.056713, -0.0, 0.0, 0.0, 0.0, 1.0],
                [0.110305, 0.952936, -0.282392, 0.0, 0.091141, 0.27323, 0.957621, 0.4, 0.98971, -0.131367, -0.056713, -0.0, 0.0, 0.0, 0.0, 1.0],
                [0.110305, 0.952936, -0.282392, 1e-06, 0.091141, 0.27323, 0.957621, 0.4, 0.98971, -0.131367, -0.056713, 0.0, 0.0, 0.0, 0.0, 1.0],
                [0.110305, 0.959352, 0.259762, 0.0, 0.091141, -0.270019, 0.958532, 0.4, 0.98971, -0.082056, -0.11722, -1e-06, 0.0, 0.0, 0.0, 1.0]
            ]
        },
        {
            "name": "Arm_R",
            "time": [0.0, 0.05, 0.15, 0.3167, 1.8167, 2.0667, 2.35, 3.1333],
            "transform": [
                [-0.354384, -0.795097, -0.492171, -0.0, 0.202992, 0.448367, -0.870495, 0.39386, 0.912801, -0.408396, 0.002504, -0.0, 0.0, 0.0, 0.0, 1.0],
                [0.032497, -0.726126, -0.686793, -0.0, 0.031652, 0.687559, -0.725439, 0.393861, 0.99897, 0.001837, 0.045327, -0.0, 0.0, 0.0, 0.0, 1.0],
                [0.032497, -0.726126, -0.686793, -0.0, 0.031652, 0.687559, -0.725439, 0.393861, 0.99897, 0.001837, 0.045327, -0.0, 0.0, 0.0, 0.0, 1.0],
                [0.158107, -0.912967, -0.376155, -0.0, -0.082864, 0.367335, -0.92639, 0.393861, 0.983939, 0.177639, -0.017574, 0.0, 0.0, 0.0, 0.0, 1.0],
                [0.173041, -0.928895, -0.327431, 0.0, -0.086242, 0.316879, -0.944537, 0.393861, 0.981131, 0.191681, -0.025276, 0.0, 0.0, 0.0, 0.0, 1.0],
                [0.173041, -0.928895, -0.327431, 0.0, -0.086242, 0.316879, -0.944537, 0.393861, 0.981132, 0.191682, -0.025276, 0.0, 0.0, 0.0, 0.0, 1.0],
                [0.173041, -0.834591, -0.522987, 0.0, -0.086242, 0.516118, -0.852165, 0.39386, 0.981132, 0.192563, 0.017333, -0.0, 0.0, 0.0, 0.0, 1.0],
                [0.029874, -0.10887, -0.993607, 0.0, 0.907206, 0.420268, -0.018773, 0.39386, 0.419625, -0.900845, 0.111322, 0.0, 0.0, 0.0, 0.0, 1.0]
            ]
        },
        {
            "name": "Hand_R",
            "time": [0.0, 0.05, 0.15, 0.3167, 1.8167, 2.0667, 2.35, 3.1333],
            "transform": [
                [0.999998, 0.000725, 0.001673, 0.0, 0.000868, 0.617608, -0.786486, 0.3, -0.001603, 0.786486, 0.617606, 0.0, 0.0, 0.0, 0.0, 1.0],
                [0.999998, 0.000725, 0.001673, 0.0, 0.000868, 0.617608, -0.786486, 0.3, -0.001603, 0.786486, 0.617606, -0.0, 0.0, 0.0, 0.0, 1.0],
                [0.999998, 0.000725, 0.001673, 0.0, 0.000868, 0.617608, -0.786486, 0.3, -0.001603, 0.786486, 0.617606, -0.0, 0.0, 0.0, 0.0, 1.0],
                [0.999998, 0.001171, 0.001398, 0.0, 0.000868, 0.368354, -0.929685, 0.3, -0.001603, 0.929685, 0.368352, 0.0, 0.0, 0.0, 0.0, 1.0],
                [0.999998, 0.001233, 0.001343, 0.0, 0.000868, 0.325604, -0.945506, 0.3, -0.001603, 0.945505, 0.325603, -0.0, 0.0, 0.0, 0.0, 1.0],
                [0.999998, 0.001233, 0.001343, -0.0, 0.000868, 0.325604, -0.945506, 0.3, -0.001603, 0.945505, 0.325603, 0.0, 0.0, 0.0, 0.0, 1.0],
                [0.999998, 0.001233, 0.001343, 0.0, 0.000868, 0.325604, -0.945506, 0.3, -0.001603, 0.945505, 0.325603, 0.0, 0.0, 0.0, 0.0, 1.0],
                [0.999998, -0.000884, 0.001595, -0.0, 0.000868, 0.999949, 0.010043, 0.3, -0.001603, -0.010042, 0.999948, 1e-06, 0.0, 0.0, 0.0, 1.0]
            ]
        },
        {
            "name": "Tool_R",
            "time": [0.0, 0.05, 0.15, 0.3167, 1.8167, 2.0667, 2.35, 3.1333],
            "transform": [
                [0.97596, -0.208198, 0.064458, 0.015053, -0.177441, -0.930757, -0.319697, 0.243316, 0.126479, 0.300386, -0.944769, 0.024459, 0.0, 0.0, 0.0, 1.0],
                [0.97596, -0.208198, 0.064458, 0.015054, -0.177441, -0.930757, -0.319697, 0.243316, 0.126479, 0.300386, -0.944768, 0.024459, 0.0, 0.0, 0.0, 1.0],
                [0.97596, -0.208198, 0.064458, 0.015054, -0.177441, -0.930757, -0.319697, 0.243316, 0.126479, 0.300386, -0.944768, 0.024459, 0.0, 0.0, 0.0, 1.0],
                [0.975966, -0.217239, -0.017238, 0.015054, -0.177411, -0.746108, -0.641754, 0.243316, 0.126476, 0.629008, -0.76627, 0.024459, 0.0, 0.0, 0.0, 1.0],
                [0.975967, -0.215816, -0.030194, 0.015053, -0.177406, -0.706404, -0.685215, 0.243316, 0.126474, 0.673698, -0.727291, 0.024459, 0.0, 0.0, 0.0, 1.0],
                [0.975967, -0.215816, -0.030194, 0.015054, -0.177406, -0.706404, -0.685215, 0.243316, 0.126474, 0.673698, -0.727291, 0.024459, 0.0, 0.0, 0.0, 1.0],
                [0.975967, -0.215816, -0.030194, 0.015054, -0.177406, -0.706404, -0.685215, 0.243316, 0.126474, 0.673698, -0.727291, 0.02446, 0.0, 0.0, 0.0, 1.0],
                [0.965322, -0.063715, -0.25317, 0.015053, -0.130905, -0.957169, -0.258245, 0.243316, -0.22574, 0.282253, -0.931768, 0.024459, 0.0, 0.0, 0.0, 1.0]
            ]
        },
        {
            "name": "Elbow_R",
            "time": [0.0, 0.05, 0.15, 0.3167, 1.8167, 2.0667, 2.35, 3.1333],
            "transform": [
                [-1.0, 0.0, -0.0, 0.0, 0.0, -0.0, -1.0, 0.341622, -0.0, -1.0, 0.0, 0.0, 0.0, 0.0, 0.0, 1.0],
                [-1.0, 0.0, -0.0, -0.0, 0.0, 0.0, -1.0, 0.341622, -0.0, -1.0, 0.0, -0.0, 0.0, 0.0, 0.0, 1.0],
                [-1.0, 0.0, -0.0, -0.0, 0.0, 0.0, -1.0, 0.341622, -0.0, -1.0, 0.0, -0.0, 0.0, 0.0, 0.0, 1.0],
                [-1.0, 0.0, -0.0, -0.0, -0.0, -0.0, -1.0, 0.341622, -0.0, -1.0, 0.0, 0.0, 0.0, 0.0, 0.0, 1.0],
                [-1.0, 0.0, -0.0, 0.0, 0.0, -0.0, -1.0, 0.341622, -0.0, -1.0, 0.0, -0.0, 0.0, 0.0, 0.0, 1.0],
                [-1.0, 0.0, -0.0, -0.0, 0.0, -0.0, -1.0, 0.341622, -0.0, -1.0, 0.0, -0.0, 0.0, 0.0, 0.0, 1.0],
                [-1.0, 0.0, -0.0, -0.0, 0.0, 0.0, -1.0, 0.341622, -0.0, -1.0, 0.0, 0.0, 0.0, 0.0, 0.0, 1.0],
                [-1.0, 0.0, -0.0, -0.0, 0.0, -0.0, -1.0, 0.341622, -0.0, -1.0, 0.0, 0.0, 0.0, 0.0, 0.0, 1.0]
            ]
        },
        {
            "name": "Shoulder_L",
            "time": [0.0, 0.05, 0.15, 0.3167, 1.8167, 2.0667, 2.35, 3.1333],
            "transform": [
                [-0.226937, -0.947819, -0.223918, -0.0, -0.021067, -0.225085, 0.974111, 0.4, -0.973682, 0.225779, 0.031113, -0.0, 0.0, 0.0, 0.0, 1.0],
                [-0.226937, -0.947819, -0.223918, -0.0, -0.021067, -0.225085, 0.974111, 0.4, -0.973681, 0.225779, 0.031113, -0.0, 0.0, 0.0, 0.0, 1.0],
                [-0.226937, -0.947819, -0.223918, -0.0, -0.021067, -0.225085, 0.974111, 0.4, -0.973681, 0.225779, 0.031113, -0.0, 0.0, 0.0, 0.0, 1.0],
                [-0.050368, -0.946904, -0.317545, 0.0, 0.101127, -0.32115, 0.941613, 0.4, -0.993598, 0.015314, 0.111933, 0.0, 0.0, 0.0, 0.0, 1.0],
                [-0.023247, -0.942518, -0.333345, -0.0, 0.121913, -0.333619, 0.934792, 0.4, -0.992268, -0.018908, 0.122661, -0.0, 0.0, 0.0, 0.0, 1.0],
                [-0.023247, -0.942518, -0.333344, 0.0, 0.121913, -0.333619, 0.934792, 0.4, -0.992268, -0.018908, 0.122661, -0.0, 0.0, 0.0, 0.0, 1.0],
                [-0.023247, -0.942518, -0.333344, 1e-06, 0.121913, -0.333619, 0.934792, 0.4, -0.992269, -0.018908, 0.122661, 0.0, 0.0, 0.0, 0.0, 1.0],
                [-0.226937, -0.947819, -0.223918, 0.0, -0.021067, -0.225085, 0.974111, 0.4, -0.973681, 0.225779, 0.031113, -1e-06, 0.0, 0.0, 0.0, 1.0]
            ]
        },
        {
            "name": "Arm_L",
            "time": [0.0, 0.05, 0.15, 0.3167, 1.8167, 2.0667, 2.35, 3.1333],
            "transform": [
                [0.251573, 0.561952, 0.787985, 0.0, 0.424657, 0.667523, -0.611621, 0.39386, -0.8697, 0.488491, -0.070706, -0.0, 0.0, 0.0, 0.0, 1.0],
                [0.49413, 0.400834, 0.771471, 0.0, 0.270914, 0.772197, -0.574733, 0.39386, -0.8261, 0.492995, 0.272974, 0.0, 0.0, 0.0, 0.0, 1.0],
                [0.49413, 0.400834, 0.771471, 0.0, 0.270914, 0.772197, -0.574733, 0.39386, -0.8261, 0.492995, 0.272974, 0.0, 0.0, 0.0, 0.0, 1.0],
                [0.317413, -0.305383, 0.897769, -0.0, 0.416896, 0.895269, 0.157136, 0.39386, -0.851731, 0.3244, 0.411483, 0.0, 0.0, 0.0, 0.0, 1.0],
                [0.251573, -0.38145, 0.889498, 0.0, 0.424657, 0.869369, 0.252714, 0.39386, -0.8697, 0.314156, 0.380695, -0.0, 0.0, 0.0, 0.0, 1.0],
                [-0.063852, 0.350272, 0.934469, 0.0, -0.447765, 0.82678, -0.340502, 0.393861, -0.891868, -0.440164, 0.104048, -0.0, 0.0, 0.0, 0.0, 1.0],
                [-0.063852, 0.350272, 0.934469, 0.0, -0.447765, 0.82678, -0.340502, 0.39386, -0.891868, -0.440165, 0.104048, 0.0, 0.0, 0.0, 0.0, 1.0],
                [-0.440424, 0.111403, 0.890851, 0.0, -0.817245, 0.361034, -0.449183, 0.39386, -0.371668, -0.925875, -0.067964, -0.0, 0.0, 0.0, 0.0, 1.0]
            ]
        },
        {
            "name": "Hand_L",
            "time": [0.0, 0.05, 0.15, 0.3167, 1.8167, 2.0667, 2.35, 3.1333],
            "transform": [
                [0.999993, -0.003718, 0.00077, 0.0, 0.000938, 0.045366, -0.998971, 0.3, 0.003679, 0.998964, 0.04537, 0.0, 0.0, 0.0, 0.0, 1.0],
                [0.999993, -0.003242, 0.001977, -0.0, 0.000938, -0.293468, -0.955969, 0.3, 0.003679, 0.955964, -0.293462, -0.0, 0.0, 0.0, 0.0, 1.0],
                [0.999993, -0.003242, 0.001977, -0.0, 0.000938, -0.293468, -0.955969, 0.3, 0.003679, 0.955964, -0.293462, -0.0, 0.0, 0.0, 0.0, 1.0],
                [0.999993, -0.003419, -0.001652, -0.0, 0.000938, 0.64409, -0.764949, 0.3, 0.003679, 0.764942, 0.644089, -0.0, 0.0, 0.0, 0.0, 1.0],
                [0.999993, -0.003129, -0.00215, -0.0, 0.000938, 0.752403, -0.658702, 0.3, 0.003679, 0.658695, 0.752401, -0.0, 0.0, 0.0, 0.0, 1.0],
                [0.999993, -0.003129, -0.00215, 1e-06, 0.000938, 0.752403, -0.658702, 0.3, 0.003679, 0.658695, 0.752401, 0.0, 0.0, 0.0, 0.0, 1.0],
                [0.999993, -0.003129, -0.00215, -0.0, 0.000938, 0.752403, -0.658702, 0.3, 0.003679, 0.658695, 0.752401, -0.0, 0.0, 0.0, 0.0, 1.0],
                [0.999993, -0.001541, -0.00347, -0.0, 0.000938, 0.985901, -0.167329, 0.3, 0.003679, 0.167324, 0.985895, -0.0, 0.0, 0.0, 0.0, 1.0]
            ]
        },
        {
            "name": "Tool_L",
            "time": [0.0, 0.05, 0.15, 0.3167, 1.8167, 2.0667, 2.35, 3.1333],
            "transform": [
                [0.997004, 0.01104, -0.076554, 0.0, -0.036659, -0.804079, -0.593391, 0.272858, -0.068067, 0.594062, -0.8008, -0.0, 0.0, 0.0, 0.0, 1.0],
                [0.997004, 0.01104, -0.076554, 0.0, -0.036659, -0.804079, -0.593391, 0.272858, -0.068067, 0.594062, -0.8008, -0.0, 0.0, 0.0, 0.0, 1.0],
                [0.997004, 0.01104, -0.076554, 0.0, -0.036659, -0.804079, -0.593391, 0.272858, -0.068067, 0.594062, -0.8008, -0.0, 0.0, 0.0, 0.0, 1.0],
                [0.997004, 0.01104, -0.076554, -0.0, -0.036659, -0.804079, -0.593392, 0.272858, -0.068067, 0.594062, -0.800801, -0.0, 0.0, 0.0, 0.0, 1.0],
                [0.997004, 0.01104, -0.076554, -0.0, -0.036659, -0.804079, -0.593391, 0.272858, -0.068067, 0.594062, -0.8008, -0.0, 0.0, 0.0, 0.0, 1.0],
                [0.997004, 0.01104, -0.076554, 1e-06, -0.036659, -0.804079, -0.593391, 0.272858, -0.068067, 0.594062, -0.8008, -0.0, 0.0, 0.0, 0.0, 1.0],
                [0.997004, 0.01104, -0.076554, 0.0, -0.036659, -0.804079, -0.593391, 0.272858, -0.068067, 0.594062, -0.8008, -0.0, 0.0, 0.0, 0.0, 1.0],
                [0.997004, 0.01104, -0.076554, -0.0, -0.036659, -0.804079, -0.593391, 0.272858, -0.068067, 0.594062, -0.8008, -0.0, 0.0, 0.0, 0.0, 1.0]
            ]
        },
        {
            "name": "Elbow_L",
            "time": [0.0, 0.05, 0.15, 0.3167, 1.8167, 2.0667, 2.35, 3.1333],
            "transform": [
                [-1.0, 0.0, -0.0, 2.7e-05, 0.0, 0.0, -1.0, 0.334301, -0.0, -1.0, 0.0, -0.002121, 0.0, 0.0, 0.0, 1.0],
                [-1.0, 0.0, 0.0, 2.7e-05, -0.0, 0.816961, -0.576693, 0.334301, -0.0, -0.576693, -0.816961, -0.002121, 0.0, 0.0, 0.0, 1.0],
                [-1.0, 0.0, 0.0, 2.7e-05, -0.0, 0.816961, -0.576693, 0.334301, -0.0, -0.576693, -0.816961, -0.002121, 0.0, 0.0, 0.0, 1.0],
                [-1.0, 0.0, 0.0, 2.7e-05, -0.0, 0.127376, -0.991855, 0.334301, -0.0, -0.991855, -0.127376, -0.002121, 0.0, 0.0, 0.0, 1.0],
                [-1.0, 0.0, -0.0, 2.7e-05, 0.0, -0.0, -1.0, 0.334301, -0.0, -1.0, -0.0, -0.002121, 0.0, 0.0, 0.0, 1.0],
                [-1.0, 0.0, -0.0, 2.8e-05, 0.0, -0.0, -1.0, 0.334301, -0.0, -1.0, -0.0, -0.00212, 0.0, 0.0, 0.0, 1.0],
                [-1.0, 0.0, -0.0, 2.7e-05, 0.0, -0.0, -1.0, 0.334302, -0.0, -1.0, -0.0, -0.002121, 0.0, 0.0, 0.0, 1.0],
                [-1.0, 0.0, -0.0, 2.7e-05, 0.0, -0.0, -1.0, 0.334301, -0.0, -1.0, -0.0, -0.002121, 0.0, 0.0, 0.0, 1.0]
            ]
        }
    ]
}