{
    "animation": [
        {
            "name": "Root",
            "time": [0.0, 1.7333, 3.6667],
            "transform": [
                [0.720335, 0.00764, -0.693584, -0.003101, -0.691297, 0.089784, -0.716971, -0.008805, 0.056795, 0.995932, 0.069955, 0.627408, 0.0, 0.0, 0.0, 1.0],
                [0.720335, 0.00764, -0.693584, -0.006145, -0.691297, 0.089784, -0.716971, -0.003213, 0.056795, 0.995932, 0.069955, 0.582649, 0.0, 0.0, 0.0, 1.0],
                [0.720335, 0.00764, -0.693584, -0.003101, -0.691297, 0.089784, -0.716971, -0.008805, 0.056795, 0.995932, 0.069955, 0.627408, 0.0, 0.0, 0.0, 1.0]
            ]
        },
        {
            "name": "Thigh_R",
            "time": [0.0, 1.7333, 3.6667],
            "transform": [
                [0.907163, 0.396473, -0.140941, 0.124994, 0.401647, -0.915747, 0.009144, -0.002831, -0.125441, -0.064903, -0.989976, -1.2e-05, 0.0, 0.0, 0.0, 1.0],
                [0.886702, 0.456159, -0.075343, 0.124994, 0.461388, -0.883501, 0.080892, -0.002831, -0.029666, -0.106489, -0.993871, -1.2e-05, 0.0, 0.0, 0.0, 1.0],
                [0.907163, 0.396473, -0.140941, 0.124994, 0.401647, -0.915747, 0.009144, -0.002831, -0.125441, -0.064903, -0.989976, -1.2e-05, 0.0, 0.0, 0.0, 1.0]
            ]
        },
        {
            "name": "Leg_R",
            "time": [0.0, 1.7333, 3.6667],
            "transform": [
                [1.0, -1e-06, 1e-06, 0.0, 0.0, 0.851828, 0.523823, 0.37472, -1e-06, -0.523824, 0.851826, -0.0, 0.0, 0.0, 0.0, 1.0],
                [1.0, -1e-06, 1e-06, 0.0, 0.0, 0.752355, 0.658758, 0.37472, -1e-06, -0.658759, 0.752354, 0.0, 0.0, 0.0, 0.0, 1.0],
                [1.0, -1e-06, 1e-06, 0.0, 0.0, 0.851828, 0.523823, 0.37472, -1e-06, -0.523824, 0.851826, -0.0, 0.0, 0.0, 0.0, 1.0]
            ]
        },
        {
            "name": "Knee_R",
            "time": [0.0, 1.7333, 3.6667],
            "transform": [
                [1.0, 0.0, -0.0, 0.0, -0.0, 1e-06, -1.0, 0.37472, -0.0, 1.0, 1e-06, -0.0, 0.0, 0.0, 0.0, 1.0],
                [1.0, 0.0, -0.0, 0.0, -0.0, 1e-06, -1.0, 0.37472, -0.0, 1.0, 1e-06, 0.0, 0.0, 0.0, 0.0, 1.0],
                [1.0, 0.0, -0.0, 0.0, -0.0, 1e-06, -1.0, 0.37472, -0.0, 1.0, 1e-06, -0.0, 0.0, 0.0, 0.0, 1.0]
            ]
        },
        {
            "name": "Thigh_L",
            "time": [0.0, 1.7333, 3.6667],
            "transform": [
                [0.74123, -0.507175, -0.439717, -0.125006, -0.051449, -0.69607, 0.716128, -0.002831, -0.669276, -0.508192, -0.542042, -1.2e-05, 0.0, 0.0, 0.0, 1.0],
                [0.74123, -0.59069, -0.318846, -0.125006, -0.051449, -0.5236, 0.850409, -0.002831, -0.669276, -0.613944, -0.418499, -1.2e-05, 0.0, 0.0, 0.0, 1.0],
                [0.74123, -0.507175, -0.439717, -0.125006, -0.051449, -0.69607, 0.716128, -0.002831, -0.669276, -0.508192, -0.542042, -1.2e-05, 0.0, 0.0, 0.0, 1.0]
            ]
        },
        {
            "name": "Leg_L",
            "time": [0.0, 1.7333, 3.6667],
            "transform": [
                [0.998576, 0.053001, -0.006029, -0.0, -0.051599, 0.988408, 0.142782, 0.37472, 0.013527, -0.142268, 0.989736, 0.0, 0.0, 0.0, 0.0, 1.0],
                [0.998576, 0.050228, 0.017963, -0.0, -0.051599, 0.82413, 0.564045, 0.37472, 0.013527, -0.564169, 0.825549, 0.0, 0.0, 0.0, 0.0, 1.0],
                [0.998576, 0.053001, -0.006029, -0.0, -0.051599, 0.988408, 0.142782, 0.37472, 0.013527, -0.142268, 0.989736, 0.0, 0.0, 0.0, 0.0, 1.0]
            ]
        },
        {
            "name": "Knee_L",
            "time": [0.0, 1.7333, 3.6667],
            "transform": [
                [1.0, 0.0, -0.0, -0.0, -0.0, 1e-06, -1.0, 0.37472, -0.0, 1.0, 1e-06, 0.0, 0.0, 0.0, 0.0, 1.0],
                [1.0, 0.0, -0.0, -0.0, -0.0, 1e-06, -1.0, 0.37472, -0.0, 1.0, 1e-06, 0.0, 0.0, 0.0, 0.0, 1.0],
                [1.0, 0.0, -0.0, -0.0, -0.0, 1e-06, -1.0, 0.37472, -0.0, 1.0, 1e-06, 0.0, 0.0, 0.0, 0.0, 1.0]
            ]
        },
        {
            "name": "Torso",
            "time": [0.0, 1.7333, 3.6667],
            "transform": [
                [0.999042, -0.043673, -0.002706, 0.0, 0.04367, 0.999045, -0.001423, 0.05, 0.002765, 0.001304, 0.999995, 0.0, 0.0, 0.0, 0.0, 1.0],
                [0.999042, -0.043673, -0.002706, 0.0, 0.04367, 0.999045, -0.001423, 0.05, 0.002765, 0.001304, 0.999995, 0.0, 0.0, 0.0, 0.0, 1.0],
                [0.999042, -0.043673, -0.002706, 0.0, 0.04367, 0.999045, -0.001423, 0.05, 0.002765, 0.001304, 0.999995, 0.0, 0.0, 0.0, 0.0, 1.0]
            ]
        },
        {
            "name": "Chest",
            "time": [0.0, 1.7333, 3.6667],
            "transform": [
                [0.962136, -0.021171, 0.271748, -0.0, -0.023167, 0.987019, 0.158921, 0.3, -0.271585, -0.159199, 0.949156, -0.0, 0.0, 0.0, 0.0, 1.0],
                [0.962136, -0.04103, 0.269466, -0.0, -0.023167, 0.972718, 0.230829, 0.3, -0.271585, -0.228332, 0.934937, 0.0, 0.0, 0.0, 0.0, 1.0],
                [0.962136, -0.021171, 0.271748, -0.0, -0.023167, 0.987019, 0.158921, 0.3, -0.271585, -0.159199, 0.949156, -0.0, 0.0, 0.0, 0.0, 1.0]
            ]
        },
        {
            "name": "Head",
            "time": [0.0, 1.7333, 3.6667],
            "transform": [
                [0.856171, -0.003896, 0.516677, -0.0, 0.082121, 0.988287, -0.12863, 0.4, -0.510124, 0.152559, 0.846463, -0.0, 0.0, 0.0, 0.0, 1.0],
                [0.856171, 0.03873, 0.515239, 0.0, 0.082121, 0.974311, -0.2097, 0.4, -0.510124, 0.221851, 0.830997, -0.0, 0.0, 0.0, 0.0, 1.0],
                [0.856171, -0.003896, 0.516677, -0.0, 0.082121, 0.988287, -0.12863, 0.4, -0.510124, 0.152559, 0.846463, -0.0, 0.0, 0.0, 0.0, 1.0]
            ]
        },
        {
            "name": "Shoulder_R",
            "time": [0.0, 1.7333, 3.6667],
            "transform": [
                [0.110305, 0.959352, 0.259762, -0.0, 0.091141, -0.270019, 0.958532, 0.4, 0.98971, -0.082056, -0.11722, -0.0, 0.0, 0.0, 0.0, 1.0],
                [0.110305, 0.959352, 0.259762, 0.0, 0.091141, -0.270019, 0.958532, 0.4, 0.98971, -0.082056, -0.11722, -0.0, 0.0, 0.0, 0.0, 1.0],
                [0.110305, 0.959352, 0.259762, -0.0, 0.091141, -0.270019, 0.958532, 0.4, 0.98971, -0.082056, -0.11722, -0.0, 0.0, 0.0, 0.0, 1.0]
            ]
        },
        {
            "name": "Arm_R",
            "time": [0.0, 1.7333, 3.6667],
            "transform": [
                [-0.354384, -0.795097, -0.492171, -0.0, 0.202992, 0.448367, -0.870495, 0.39386, 0.912801, -0.408396, 0.002504, -0.0, 0.0, 0.0, 0.0, 1.0],
                [-0.354384, -0.79136, -0.498158, -0.0, 0.202992, 0.454924, -0.867086, 0.393861, 0.912801, -0.408403, -0.000579, 0.0, 0.0, 0.0, 0.0, 1.0],
                [-0.354384, -0.795097, -0.492171, -0.0, 0.202992, 0.448367, -0.870495, 0.39386, 0.912801, -0.408396, 0.002504, -0.0, 0.0, 0.0, 0.0, 1.0]
            ]
        },
        {
            "name": "Hand_R",
            "time": [0.0, 1.7333, 3.6667],
            "transform": [
                [0.999998, 0.000725, 0.001673, 0.0, 0.000868, 0.617608, -0.786486, 0.3, -0.001603, 0.786486, 0.617606, 0.0, 0.0, 0.0, 0.0, 1.0],
                [0.999998, 0.000725, 0.001673, -0.0, 0.000868, 0.617608, -0.786486, 0.3, -0.001603, 0.786486, 0.617606, 0.0, 0.0, 0.0, 0.0, 1.0],
                [0.999998, 0.000725, 0.001673, 0.0, 0.000868, 0.617608, -0.786486, 0.3, -0.001603, 0.786486, 0.617606, 0.0, 0.0, 0.0, 0.0, 1.0]
            ]
        },
        {
            "name": "Tool_R",
            "time": [0.0, 1.7333, 3.6667],
            "transform": [
                [0.97596, -0.208198, 0.064458, 0.015053, -0.177441, -0.930757, -0.319697, 0.243316, 0.126479, 0.300386, -0.944769, 0.024459, 0.0, 0.0, 0.0, 1.0],
                [0.97596, -0.208198, 0.064458, 0.015054, -0.17744, -0.930757, -0.319697, 0.243316, 0.126479, 0.300386, -0.944769, 0.024459, 0.0, 0.0, 0.0, 1.0],
                [0.97596, -0.208198, 0.064458, 0.015053, -0.177441, -0.930757, -0.319697, 0.243316, 0.126479, 0.300386, -0.944769, 0.024459, 0.0, 0.0, 0.0, 1.0]
            ]
        },
        {
            "name": "Elbow_R",
            "time": [0.0, 1.7333, 3.6667],
            "transform": [
                [-1.0, 0.0, -0.0, 0.0, 0.0, -0.0, -1.0, 0.341622, -0.0, -1.0, 0.0, 0.0, 0.0, 0.0, 0.0, 1.0],
                [-1.0, 0.0, 0.0, -0.0, 0.0, -0.0, -1.0, 0.341622, -0.0, -1.0, 0.0, 0.0, 0.0, 0.0, 0.0, 1.0],
                [-1.0, 0.0, -0.0, 0.0, 0.0, -0.0, -1.0, 0.341622, -0.0, -1.0, 0.0, 0.0, 0.0, 0.0, 0.0, 1.0]
            ]
        },
        {
            "name": "Shoulder_L",
            "time": [0.0, 1.7333, 3.6667],
            "transform": [
                [-0.226937, -0.947819, -0.223918, -0.0, -0.021067, -0.225085, 0.974111, 0.4, -0.973682, 0.225779, 0.031113, -0.0, 0.0, 0.0, 0.0, 1.0],
                [-0.226937, -0.947819, -0.223918, 0.0, -0.021067, -0.225085, 0.974111, 0.4, -0.973681, 0.225779, 0.031113, -0.0, 0.0, 0.0, 0.0, 1.0],
                [-0.226937, -0.947819, -0.223918, -0.0, -0.021067, -0.225085, 0.974111, 0.4, -0.973682, 0.225779, 0.031113, -0.0, 0.0, 0.0, 0.0, 1.0]
            ]
        },
        {
            "name": "Arm_L",
            "time": [0.0, 1.7333, 3.6667],
            "transform": [
                [0.251573, 0.561952, 0.787985, 0.0, 0.424657, 0.667523, -0.611621, 0.39386, -0.8697, 0.488491, -0.070706, -0.0, 0.0, 0.0, 0.0, 1.0],
                [0.296008, 0.522534, 0.799586, -0.0, 0.433491, 0.672441, -0.599924, 0.39386, -0.851155, 0.524196, -0.027466, -0.0, 0.0, 0.0, 0.0, 1.0],
                [0.251573, 0.561952, 0.787985, 0.0, 0.424657, 0.667523, -0.611621, 0.39386, -0.8697, 0.488491, -0.070706, -0.0, 0.0, 0.0, 0.0, 1.0]
            ]
        },
        {
            "name": "Hand_L",
            "time": [0.0, 1.7333, 3.6667],
            "transform": [
                [0.999993, -0.003718, 0.00077, 0.0, 0.000938, 0.045366, -0.998971, 0.3, 0.003679, 0.998964, 0.04537, 0.0, 0.0, 0.0, 0.0, 1.0],
                [0.999993, -0.003718, 0.00077, -0.0, 0.000938, 0.045366, -0.99897, 0.3, 0.003679, 0.998964, 0.04537, 0.0, 0.0, 0.0, 0.0, 1.0],
                [0.999993, -0.003718, 0.00077, 0.0, 0.000938, 0.045366, -0.998971, 0.3, 0.003679, 0.998964, 0.04537, 0.0, 0.0, 0.0, 0.0, 1.0]
            ]
        },
        {
            "name": "Tool_L",
            "time": [0.0, 1.7333, 3.6667],
            "transform": [
                [0.997004, 0.01104, -0.076554, 0.0, -0.036659, -0.804079, -0.593391, 0.272858, -0.068067, 0.594062, -0.8008, -0.0, 0.0, 0.0, 0.0, 1.0],
                [0.997004, 0.01104, -0.076554, 0.0, -0.036659, -0.804079, -0.593391, 0.272858, -0.068067, 0.594062, -0.8008, -0.0, 0.0, 0.0, 0.0, 1.0],
                [0.997004, 0.01104, -0.076554, 0.0, -0.036659, -0.804079, -0.593391, 0.272858, -0.068067, 0.594062, -0.8008, -0.0, 0.0, 0.0, 0.0, 1.0]
            ]
        },
        {
            "name": "Elbow_L",
            "time": [0.0, 1.7333, 3.6667],
            "transform": [
                [-1.0, 0.0, -0.0, 2.7e-05, 0.0, 0.0, -1.0, 0.334301, -0.0, -1.0, 0.0, -0.002121, 0.0, 0.0, 0.0, 1.0],
                [-1.0, 0.0, -0.0, 2.7e-05, 0.0, -0.0, -1.0, 0.334301, -0.0, -1.0, -0.0, -0.002121, 0.0, 0.0, 0.0, 1.0],
                [-1.0, 0.0, -0.0, 2.7e-05, 0.0, 0.0, -1.0, 0.334301, -0.0, -1.0, 0.0, -0.002121, 0.0, 0.0, 0.0, 1.0]
            ]
        }
    ]
}