{
    "animation": [
        {
            "name": "Root",
            "time": [0.0, 0.2667, 0.3833, 0.4667, 0.5833, 0.6667, 0.8, 0.9333, 1.0667, 1.3, 1.5667],
            "transform": [
                [0.854339, 0.028643, -0.518927, -5e-06, -0.51914, 0.0, -0.854689, 0.000946, -0.024481, 0.99959, 0.01487, 0.753683, 0.0, 0.0, 0.0, 1.0],
                [0.694654, 0.127464, -0.707961, -0.016169, -0.713973, 0.242207, -0.656946, 0.191436, 0.087736, 0.961815, 0.259256, 0.490891, 0.0, 0.0, 0.0, 1.0],
                [-0.861967, 0.407709, -0.301306, -0.038733, -0.207469, 0.258599, 0.943442, 0.655932, 0.462567, 0.875728, -0.138317, 1.174841, 0.0, 0.0, 0.0, 1.0],
                [-0.772304, 0.31105, 0.55389, -0.015176, 0.635093, 0.358477, 0.684216, 0.812789, 0.014268, 0.880194, -0.474399, 1.246867, 0.0, 0.0, 0.0, 1.0],
                [-0.583775, 0.166437, 0.794673, -0.017471, 0.738426, 0.515744, 0.434438, 0.810926, -0.337541, 0.840421, -0.42398, 1.253972, 0.0, 0.0, 0.0, 1.0],
                [0.013258, 0.211174, 0.977359, -0.085293, 0.397012, 0.895985, -0.198977, 0.805076, -0.917718, 0.390662, -0.071959, 1.257233, 0.0, 0.0, 0.0, 1.0],
                [0.175687, 0.887804, 0.425368, -0.307524, -0.374636, 0.459873, -0.805087, 0.890562, -0.910375, -0.017915, 0.413397, 1.093548, 0.0, 0.0, 0.0, 1.0],
                [0.118916, 0.564897, -0.816548, -0.219622, -0.855431, -0.359222, -0.373092, 1.245401, -0.504081, 0.742867, 0.440512, 0.800911, 0.0, 0.0, 0.0, 1.0],
                [0.645055, 0.249489, -0.72226, -0.353846, -0.73964, -0.033552, -0.672166, 1.395012, -0.191931, 0.967796, 0.162889, 0.464639, 0.0, 0.0, 0.0, 1.0],
                [0.774742, 0.13613, -0.61745, -0.361517, -0.625494, 0.022351, -0.779908, 1.402731, -0.092369, 0.990439, 0.102465, 0.497882, 0.0, 0.0, 0.0, 1.0],
                [0.608481, 0.024346, -0.793195, -0.368607, -0.793568, 0.017213, -0.608238, 1.409864, -0.001155, 0.999555, 0.029794, 0.740073, 0.0, 0.0, 0.0, 1.0]
            ]
        },
        {
            "name": "Thigh_R",
            "time": [0.0, 0.2667, 0.3833, 0.4667, 0.5833, 0.8, 0.9333, 1.0667, 1.3, 1.5667],
            "transform": [
                [0.960515, 0.273283, -0.052206, 0.124994, 0.274652, -0.961312, 0.020994, -0.002831, -0.044449, -0.034503, -0.998416, -1.2e-05, 0.0, 0.0, 0.0, 1.0],
                [0.744291, 0.649551, 0.155283, 0.124994, 0.545148, -0.725203, 0.420585, -0.002831, 0.385803, -0.228385, -0.893866, -1.2e-05, 0.0, 0.0, 0.0, 1.0],
                [0.95486, -0.029913, 0.295544, 0.124994, -0.121021, -0.947777, 0.295074, -0.002831, 0.271284, -0.31752, -0.908618, -1.2e-05, 0.0, 0.0, 0.0, 1.0],
                [0.926223, -0.221621, 0.304951, 0.124994, -0.302488, -0.919679, 0.250373, -0.002831, 0.22497, -0.324145, -0.918868, -1.2e-05, 0.0, 0.0, 0.0, 1.0],
                [0.954443, -0.130076, 0.268547, 0.124994, -0.213101, -0.927104, 0.308322, -0.002831, 0.208866, -0.351502, -0.91259, -1.2e-05, 0.0, 0.0, 0.0, 1.0],
                [0.576883, 0.76366, -0.289873, 0.124994, 0.715682, -0.301501, 0.629996, -0.002831, 0.393707, -0.57089, -0.720471, -1.2e-05, 0.0, 0.0, 0.0, 1.0],
                [0.720844, 0.651388, 0.236801, 0.124994, 0.359535, -0.64352, 0.675733, -0.002831, 0.592551, -0.401959, -0.698077, -1.2e-05, 0.0, 0.0, 0.0, 1.0],
                [0.096291, 0.909599, 0.404172, 0.124994, 0.678402, -0.357108, 0.642062, -0.002831, 0.728353, 0.212366, -0.651462, -1.2e-05, 0.0, 0.0, 0.0, 1.0],
                [0.229018, 0.856241, 0.463033, 0.124994, 0.742515, -0.461256, 0.485708, -0.002831, 0.629461, 0.232573, -0.74141, -1.2e-05, 0.0, 0.0, 0.0, 1.0],
                [0.960515, 0.273283, -0.052206, 0.124994, 0.274652, -0.961312, 0.020994, -0.002831, -0.044449, -0.034503, -0.998416, -1.2e-05, 0.0, 0.0, 0.0, 1.0]
            ]
        },
        {
            "name": "Leg_R",
            "time": [0.0, 0.2667, 0.3833, 0.4667, 0.5833, 0.8, 0.9333, 1.0667, 1.3, 1.5667],
            "transform": [
                [1.0, -0.0, 1e-06, -0.0, 0.0, 0.977553, 0.210691, 0.37472, -1e-06, -0.210691, 0.977552, -0.0, 0.0, 0.0, 0.0, 1.0],
                [1.0, -1e-06, 0.0, -0.0, -0.0, 0.475843, 0.87953, 0.37472, -1e-06, -0.879531, 0.475842, 0.0, 0.0, 0.0, 0.0, 1.0],
                [1.0, -0.0, 1e-06, -0.0, 0.0, 0.897015, 0.442001, 0.37472, -1e-06, -0.442002, 0.897013, -0.0, 0.0, 0.0, 0.0, 1.0],
                [1.0, -0.0, 1e-06, -0.0, 0.0, 0.956749, 0.290916, 0.37472, -1e-06, -0.290916, 0.956748, 0.0, 0.0, 0.0, 0.0, 1.0],
                [1.0, -0.0, 1e-06, 0.0, 0.0, 0.94942, 0.31401, 0.37472, -1e-06, -0.31401, 0.949419, 0.0, 0.0, 0.0, 0.0, 1.0],
                [1.0, -0.0, 1e-06, 0.0, 0.0, 0.841462, 0.540316, 0.37472, -1e-06, -0.540317, 0.841461, 0.0, 0.0, 0.0, 0.0, 1.0],
                [1.0, -0.0, 1e-06, 0.0, -0.0, 0.931588, 0.363517, 0.37472, -1e-06, -0.363518, 0.931587, -0.0, 0.0, 0.0, 0.0, 1.0],
                [1.0, -1e-06, 0.0, 0.0, 0.0, 0.616333, 0.787485, 0.37472, -1e-06, -0.787486, 0.616333, -0.0, 0.0, 0.0, 0.0, 1.0],
                [1.0, -1e-06, 0.0, 0.0, 0.0, 0.67927, 0.733889, 0.37472, -1e-06, -0.73389, 0.679269, 0.0, 0.0, 0.0, 0.0, 1.0],
                [1.0, -0.0, 1e-06, 0.0, 0.0, 0.977553, 0.210691, 0.37472, -1e-06, -0.210691, 0.977552, -0.0, 0.0, 0.0, 0.0, 1.0]
            ]
        },
        {
            "name": "Knee_R",
            "time": [0.0, 0.2667, 0.3833, 0.4667, 0.5833, 0.8, 1.0667, 1.3, 1.5667],
            "transform": [
                [1.0, 0.0, -0.0, -0.0, -0.0, 1e-06, -1.0, 0.37472, -0.0, 1.0, 1e-06, -0.0, 0.0, 0.0, 0.0, 1.0],
                [1.0, 0.0, -0.0, -0.0, -0.0, 1e-06, -1.0, 0.37472, -0.0, 1.0, 1e-06, 0.0, 0.0, 0.0, 0.0, 1.0],
                [1.0, 0.0, -0.0, -0.0, -0.0, 1e-06, -1.0, 0.37472, -0.0, 1.0, 1e-06, -0.0, 0.0, 0.0, 0.0, 1.0],
                [1.0, 0.0, -0.0, -0.0, -0.0, 1e-06, -1.0, 0.37472, -0.0, 1.0, 1e-06, 0.0, 0.0, 0.0, 0.0, 1.0],
                [1.0, 0.0, -0.0, 0.0, -0.0, 1e-06, -1.0, 0.37472, -0.0, 1.0, 1e-06, 0.0, 0.0, 0.0, 0.0, 1.0],
                [1.0, 0.0, -0.0, 0.0, -0.0, 1e-06, -1.0, 0.37472, -0.0, 1.0, 1e-06, 0.0, 0.0, 0.0, 0.0, 1.0],
                [1.0, 0.0, -0.0, 0.0, -0.0, 1e-06, -1.0, 0.37472, -0.0, 1.0, 1e-06, -0.0, 0.0, 0.0, 0.0, 1.0],
                [1.0, 0.0, -0.0, 0.0, -0.0, 1e-06, -1.0, 0.37472, -0.0, 1.0, 1e-06, 0.0, 0.0, 0.0, 0.0, 1.0],
                [1.0, 0.0, -0.0, 0.0, -0.0, 1e-06, -1.0, 0.37472, -0.0, 1.0, 1e-06, -0.0, 0.0, 0.0, 0.0, 1.0]
            ]
        },
        {
            "name": "Thigh_L",
            "time": [0.0, 0.2667, 0.3833, 0.4667, 0.5833, 0.8, 0.9333, 1.0667, 1.3, 1.5667],
            "transform": [
                [0.74123, -0.283974, -0.608224, -0.125006, -0.051449, -0.927475, 0.370329, -0.002831, -0.669276, -0.243206, -0.702082, -1.2e-05, 0.0, 0.0, 0.0, 1.0],
                [0.715706, -0.691464, 0.098192, -0.125006, -0.04388, 0.095797, 0.994433, -0.002831, -0.697021, -0.716031, 0.038221, -1.2e-05, 0.0, 0.0, 0.0, 1.0],
                [0.734054, -0.520052, -0.436704, -0.125006, -0.505634, -0.847833, 0.159729, -0.002831, -0.453319, 0.103563, -0.885311, -1.2e-05, 0.0, 0.0, 0.0, 1.0],
                [0.636673, -0.671165, -0.379716, -0.125006, -0.73378, -0.678691, -0.030721, -0.002831, -0.237091, 0.298189, -0.924592, -1.2e-05, 0.0, 0.0, 0.0, 1.0],
                [0.639219, -0.718534, -0.274058, -0.125006, -0.749904, -0.661374, -0.015087, -0.002831, -0.170414, 0.215162, -0.961594, -1.2e-05, 0.0, 0.0, 0.0, 1.0],
                [0.62745, -0.68135, 0.376918, -0.125006, -0.748452, -0.394233, 0.533291, -0.002831, -0.214765, -0.616719, -0.75732, -1.2e-05, 0.0, 0.0, 0.0, 1.0],
                [0.856189, -0.17367, 0.486597, -0.125006, -0.474449, -0.637136, 0.607416, -0.002831, 0.204539, -0.75093, -0.627908, -1.2e-05, 0.0, 0.0, 0.0, 1.0],
                [0.937721, -0.286725, -0.196129, -0.125006, 0.14662, -0.185166, 0.971707, -0.002831, -0.314929, -0.939948, -0.131595, -1.2e-05, 0.0, 0.0, 0.0, 1.0],
                [0.857045, -0.38389, -0.343659, -0.125006, 0.22375, -0.323512, 0.919388, -0.002831, -0.464122, -0.864852, -0.191369, -1.2e-05, 0.0, 0.0, 0.0, 1.0],
                [0.74123, -0.283974, -0.608224, -0.125006, -0.051449, -0.927475, 0.370329, -0.002831, -0.669276, -0.243206, -0.702082, -1.2e-05, 0.0, 0.0, 0.0, 1.0]
            ]
        },
        {
            "name": "Leg_L",
            "time": [0.0, 0.2667, 0.3833, 0.4667, 0.5833, 0.8, 0.9333, 1.0667, 1.3, 1.5667],
            "transform": [
                [0.998576, 0.053293, 0.002315, -0.0, -0.051599, 0.954021, 0.295265, 0.37472, 0.013527, -0.294964, 0.955413, -0.0, 0.0, 0.0, 0.0, 1.0],
                [0.998576, 0.025005, 0.047119, 0.0, -0.051599, 0.228797, 0.972106, 0.37472, 0.013527, -0.973153, 0.229762, -0.0, 0.0, 0.0, 0.0, 1.0],
                [0.998576, 0.051883, -0.012395, 0.0, -0.051599, 0.998421, 0.022211, 0.37472, 0.013527, -0.02154, 0.999677, -0.0, 0.0, 0.0, 0.0, 1.0],
                [0.998576, 0.052829, 0.007389, 0.0, -0.051599, 0.921497, 0.384942, 0.37472, 0.013527, -0.384775, 0.922912, 0.0, 0.0, 0.0, 0.0, 1.0],
                [0.998626, 0.049331, 0.017666, -0.0, -0.050732, 0.825889, 0.561546, 0.37472, 0.013112, -0.56167, 0.827258, 0.0, 0.0, 0.0, 0.0, 1.0],
                [0.998576, 0.033487, 0.041522, 0.0, -0.051599, 0.408991, 0.911079, 0.37472, 0.013527, -0.911923, 0.410137, 0.0, 0.0, 0.0, 0.0, 1.0],
                [0.998576, 0.053187, 0.004075, 0.0, -0.051599, 0.943738, 0.326643, 0.37472, 0.013527, -0.326388, 0.945139, 0.0, 0.0, 0.0, 0.0, 1.0],
                [0.998576, 0.040994, 0.034132, -0.0, -0.0516, 0.58006, 0.812938, 0.37472, 0.013527, -0.813541, 0.581349, 0.0, 0.0, 0.0, 0.0, 1.0],
                [0.998576, 0.043518, 0.03085, 0.0, -0.051599, 0.64136, 0.765503, 0.37472, 0.013527, -0.766005, 0.642693, 0.0, 0.0, 0.0, 0.0, 1.0],
                [0.998576, 0.053293, 0.002315, -0.0, -0.051599, 0.954021, 0.295265, 0.37472, 0.013527, -0.294964, 0.955413, -0.0, 0.0, 0.0, 0.0, 1.0]
            ]
        },
        {
            "name": "Knee_L",
            "time": [0.0, 0.2667, 0.3833, 0.4667, 0.5833, 0.8, 1.0667, 1.3, 1.5667],
            "transform": [
                [1.0, 0.0, -0.0, -0.0, -0.0, 1e-06, -1.0, 0.37472, -0.0, 1.0, 1e-06, -0.0, 0.0, 0.0, 0.0, 1.0],
                [1.0, 0.0, -0.0, 0.0, -0.0, 1e-06, -1.0, 0.37472, -0.0, 1.0, 1e-06, -0.0, 0.0, 0.0, 0.0, 1.0],
                [1.0, 0.0, -0.0, 0.0, -0.0, 1e-06, -1.0, 0.37472, -0.0, 1.0, 1e-06, -0.0, 0.0, 0.0, 0.0, 1.0],
                [1.0, 0.0, -0.0, 0.0, -0.0, 1e-06, -1.0, 0.37472, -0.0, 1.0, 1e-06, 0.0, 0.0, 0.0, 0.0, 1.0],
                [1.0, 0.0, -0.0, -0.0, -0.0, 1e-06, -1.0, 0.37472, -0.0, 1.0, 1e-06, 0.0, 0.0, 0.0, 0.0, 1.0],
                [1.0, 0.0, -0.0, 0.0, -0.0, 1e-06, -1.0, 0.37472, -0.0, 1.0, 1e-06, 0.0, 0.0, 0.0, 0.0, 1.0],
                [1.0, 0.0, -0.0, -0.0, -0.0, 1e-06, -1.0, 0.37472, -0.0, 1.0, 1e-06, 0.0, 0.0, 0.0, 0.0, 1.0],
                [1.0, 0.0, -0.0, 0.0, -0.0, 1e-06, -1.0, 0.37472, -0.0, 1.0, 1e-06, 0.0, 0.0, 0.0, 0.0, 1.0],
                [1.0, 0.0, -0.0, -0.0, -0.0, 1e-06, -1.0, 0.37472, -0.0, 1.0, 1e-06, -0.0, 0.0, 0.0, 0.0, 1.0]
            ]
        },
        {
            "name": "Torso",
            "time": [0.0, 0.2667, 0.3833, 0.4667, 0.5833, 0.8, 1.0667, 1.3, 1.5667],
            "transform": [
                [0.999042, -0.043673, -0.002705, 0.0, 0.04367, 0.999045, -0.001423, 0.05, 0.002765, 0.001304, 0.999995, -0.0, 0.0, 0.0, 0.0, 1.0],
                [0.999042, -0.043243, -0.006688, 0.0, 0.04367, 0.994989, 0.08994, 0.05, 0.002765, -0.090146, 0.995925, 0.0, 0.0, 0.0, 0.0, 1.0],
                [0.999042, -0.043612, -0.003559, -0.0, 0.04367, 0.998882, 0.018107, 0.05, 0.002765, -0.018245, 0.99983, 0.0, 0.0, 0.0, 0.0, 1.0],
                [0.999042, -0.043673, -0.002706, -0.0, 0.04367, 0.999045, -0.001423, 0.05, 0.002765, 0.001304, 0.999995, 0.0, 0.0, 0.0, 0.0, 1.0],
                [0.999042, -0.043673, -0.002706, -0.0, 0.04367, 0.999045, -0.001423, 0.05, 0.002765, 0.001304, 0.999995, -0.0, 0.0, 0.0, 0.0, 1.0],
                [0.999042, -0.043673, -0.002706, 0.0, 0.04367, 0.999045, -0.001423, 0.05, 0.002765, 0.001304, 0.999995, 0.0, 0.0, 0.0, 0.0, 1.0],
                [0.962093, -0.253439, -0.100729, -0.0, 0.272706, 0.898062, 0.345133, 0.05, 0.002991, -0.359519, 0.933133, 0.0, 0.0, 0.0, 0.0, 1.0],
                [0.969255, -0.230873, -0.085099, -0.0, 0.245942, 0.919567, 0.306445, 0.05, 0.007504, -0.317952, 0.948077, -0.0, 0.0, 0.0, 0.0, 1.0],
                [0.999042, -0.043673, -0.002705, -0.0, 0.04367, 0.999045, -0.001423, 0.05, 0.002765, 0.001304, 0.999995, 0.0, 0.0, 0.0, 0.0, 1.0]
            ]
        },
        {
            "name": "Chest",
            "time": [0.0, 0.2667, 0.3833, 0.4667, 0.5833, 0.6667, 0.8, 1.0667, 1.3, 1.5667],
            "transform": [
                [0.999771, -0.021316, -0.002029, 0.0, 0.021411, 0.994316, 0.104295, 0.3, -0.000206, -0.104315, 0.994544, 0.0, 0.0, 0.0, 0.0, 1.0],
                [0.999767, -0.017268, -0.012987, 0.0, 0.021605, 0.792177, 0.609909, 0.3, -0.000244, -0.610047, 0.792366, -0.0, 0.0, 0.0, 0.0, 1.0],
                [0.869107, -0.080972, 0.487951, -0.0, -0.054738, 0.964705, 0.25758, 0.3, -0.491586, -0.250574, 0.834, -0.0, 0.0, 0.0, 0.0, 1.0],
                [0.792162, -0.021409, 0.609935, 0.0, 0.001016, 0.999429, 0.033762, 0.3, -0.61031, -0.026126, 0.791732, 0.0, 0.0, 0.0, 0.0, 1.0],
                [0.823544, -0.056166, 0.564465, 0.0, 0.099102, 0.994028, -0.045679, 0.3, -0.558528, 0.093558, 0.824192, -0.0, 0.0, 0.0, 0.0, 1.0],
                [0.916982, -0.274267, 0.289691, 0.0, 0.313045, 0.944835, -0.096377, 0.3, -0.247278, 0.179063, 0.952255, -0.0, 0.0, 0.0, 0.0, 1.0],
                [0.939164, -0.021376, -0.342803, -0.0, 0.028644, 0.999459, 0.016153, 0.3, 0.342272, -0.02499, 0.939269, 0.0, 0.0, 0.0, 0.0, 1.0],
                [0.999521, -0.00711, -0.030106, -0.0, 0.02198, 0.848036, 0.529482, 0.3, 0.021766, -0.52989, 0.847787, 0.0, 0.0, 0.0, 0.0, 1.0],
                [0.999782, -0.012071, -0.017018, 0.0, 0.018787, 0.875587, 0.482695, 0.3, 0.009074, -0.482909, 0.875624, -0.0, 0.0, 0.0, 0.0, 1.0],
                [0.999771, -0.021316, -0.002029, 0.0, 0.021411, 0.994316, 0.104295, 0.3, -0.000206, -0.104315, 0.994545, -0.0, 0.0, 0.0, 0.0, 1.0]
            ]
        },
        {
            "name": "Head",
            "time": [0.0, 0.2667, 0.3833, 0.4667, 0.5833, 0.6667, 0.8, 1.0667, 1.3, 1.5667],
            "transform": [
                [0.85311, 0.037721, 0.520365, -0.0, -0.006297, 0.998055, -0.062025, 0.4, -0.521692, 0.049637, 0.851689, -0.0, 0.0, 0.0, 0.0, 1.0],
                [0.854487, 0.139969, 0.50026, 0.0, 0.01842, 0.954246, -0.298454, 0.4, -0.519146, 0.26424, 0.812813, -0.0, 0.0, 0.0, 0.0, 1.0],
                [0.78267, 0.175054, -0.597314, 0.0, -0.303341, 0.945238, -0.120454, 0.4, 0.543518, 0.275466, 0.79291, -0.0, 0.0, 0.0, 0.0, 1.0],
                [0.563273, 0.171606, -0.808255, 0.0, -0.329846, 0.943573, -0.029533, 0.4, 0.757579, 0.283235, 0.588092, -0.0, 0.0, 0.0, 0.0, 1.0],
                [0.588093, 0.033784, -0.808088, 0.0, -0.26048, 0.953805, -0.14969, 0.4, 0.7657, 0.298522, 0.569726, -0.0, 0.0, 0.0, 0.0, 1.0],
                [0.720228, -0.371059, -0.586163, 0.0, 0.015649, 0.853409, -0.521006, 0.4, 0.693561, 0.36607, 0.620456, -0.0, 0.0, 0.0, 0.0, 1.0],
                [0.917454, 0.171606, 0.358928, -0.0, -0.048319, 0.943573, -0.327622, 0.4, -0.394896, 0.283235, 0.873976, -0.0, 0.0, 0.0, 0.0, 1.0],
                [0.842258, 0.171606, 0.511031, 0.0, 0.008615, 0.943573, -0.331054, 0.4, -0.539006, 0.283235, 0.793253, -0.0, 0.0, 0.0, 0.0, 1.0],
                [0.892647, 0.171748, 0.416754, 0.0, -0.053324, 0.95831, -0.280712, 0.4, -0.447591, 0.228354, 0.864591, 0.0, 0.0, 0.0, 0.0, 1.0],
                [0.853111, 0.037721, 0.520365, -0.0, -0.006297, 0.998055, -0.062025, 0.4, -0.521692, 0.049637, 0.851689, -0.0, 0.0, 0.0, 0.0, 1.0]
            ]
        },
        {
            "name": "Shoulder_R",
            "time": [0.0, 0.2667, 0.3833, 0.4667, 0.5833, 0.6667, 0.8, 1.0667, 1.3, 1.5667],
            "transform": [
                [0.110305, 0.959352, 0.259762, -0.0, 0.091141, -0.270019, 0.958532, 0.4, 0.98971, -0.082056, -0.11722, -0.0, 0.0, 0.0, 0.0, 1.0],
                [0.110305, 0.959352, 0.259762, 0.0, 0.091141, -0.270019, 0.958532, 0.4, 0.98971, -0.082056, -0.11722, -0.0, 0.0, 0.0, 0.0, 1.0],
                [0.110305, 0.959352, 0.259762, 0.0, 0.091141, -0.270019, 0.958532, 0.4, 0.98971, -0.082056, -0.11722, -0.0, 0.0, 0.0, 0.0, 1.0],
                [0.110305, 0.959352, 0.259762, 0.0, 0.091141, -0.270018, 0.958532, 0.4, 0.98971, -0.082056, -0.11722, -0.0, 0.0, 0.0, 0.0, 1.0],
                [0.081318, 0.962243, 0.259762, 0.0, 0.099243, -0.267147, 0.958532, 0.4, 0.991735, -0.052166, -0.11722, -0.0, 0.0, 0.0, 0.0, 1.0],
                [0.641837, 0.721505, 0.259762, 0.0, -0.08068, -0.273326, 0.958532, 0.4, 0.762585, -0.636178, -0.11722, -0.0, 0.0, 0.0, 0.0, 1.0],
                [-0.265858, 0.928355, 0.259762, -0.0, 0.187682, -0.214458, 0.958532, 0.4, 0.945566, 0.303586, -0.11722, -0.0, 0.0, 0.0, 0.0, 1.0],
                [-0.365201, 0.893953, 0.259761, 0.0, 0.209883, -0.192784, 0.958532, 0.4, 0.90696, 0.404576, -0.11722, -0.0, 0.0, 0.0, 0.0, 1.0],
                [-0.310756, 0.914305, 0.259761, 0.0, 0.197904, -0.205062, 0.958532, 0.4, 0.929658, 0.349278, -0.11722, 0.0, 0.0, 0.0, 0.0, 1.0],
                [0.110305, 0.959352, 0.259762, -0.0, 0.091141, -0.270019, 0.958532, 0.4, 0.98971, -0.082056, -0.11722, -0.0, 0.0, 0.0, 0.0, 1.0]
            ]
        },
        {
            "name": "Arm_R",
            "time": [0.0, 0.2667, 0.3833, 0.4667, 0.5833, 0.6667, 0.8, 1.0667, 1.3, 1.5667],
            "transform": [
                [0.029874, -0.10887, -0.993607, -0.0, 0.907206, 0.420268, -0.018773, 0.393861, 0.419625, -0.900845, 0.111322, 0.0, 0.0, 0.0, 0.0, 1.0],
                [0.08542, -0.072835, -0.993679, 0.0, 0.566468, 0.824, -0.011702, 0.393861, 0.819644, -0.561888, 0.111645, 0.0, 0.0, 0.0, 0.0, 1.0],
                [-0.06349, -0.770691, -0.634038, -0.0, -0.120886, 0.636581, -0.761677, 0.393861, 0.990634, 0.028287, -0.133583, 0.0, 0.0, 0.0, 0.0, 1.0],
                [0.107234, -0.885796, -0.451516, 0.0, -0.465257, 0.356634, -0.810153, 0.39386, 0.878656, 0.296947, -0.37388, -0.0, 0.0, 0.0, 0.0, 1.0],
                [0.179557, -0.856879, -0.483236, -0.0, -0.562277, 0.313679, -0.765147, 0.393861, 0.80722, 0.4091, -0.42548, -0.0, 0.0, 0.0, 0.0, 1.0],
                [0.302142, -0.7712, -0.560322, 0.0, -0.626339, 0.282502, -0.726562, 0.39386, 0.718617, 0.570476, -0.397677, 0.0, 0.0, 0.0, 0.0, 1.0],
                [0.531842, 0.406247, -0.743039, -0.0, -0.149891, 0.908727, 0.389547, 0.39386, 0.833473, -0.095802, 0.544192, -0.0, 0.0, 0.0, 0.0, 1.0],
                [0.712433, 0.368258, -0.597349, -0.0, 0.434904, 0.436346, 0.787693, 0.393861, 0.550726, -0.820967, 0.150711, -0.0, 0.0, 0.0, 0.0, 1.0],
                [0.661187, 0.278272, -0.696704, -0.0, 0.579444, 0.400449, 0.709849, 0.393861, 0.476525, -0.873044, 0.103529, -0.0, 0.0, 0.0, 0.0, 1.0],
                [0.029874, -0.10887, -0.993607, -0.0, 0.907206, 0.420268, -0.018773, 0.39386, 0.419625, -0.900845, 0.111322, -0.0, 0.0, 0.0, 0.0, 1.0]
            ]
        },
        {
            "name": "Hand_R",
            "time": [0.0, 0.2667, 0.3833, 0.4667, 0.5833, 0.8, 1.0667, 1.3, 1.5667],
            "transform": [
                [0.999998, -0.000884, 0.001595, 0.0, 0.000868, 0.999949, 0.010043, 0.3, -0.001603, -0.010042, 0.999948, -0.0, 0.0, 0.0, 0.0, 1.0],
                [0.999998, -0.000359, 0.001787, -0.0, 0.000868, 0.956006, -0.293347, 0.3, -0.001603, 0.293348, 0.956004, -0.0, 0.0, 0.0, 0.0, 1.0],
                [0.999998, -0.000143, 0.001818, -0.0, 0.000868, 0.913945, -0.405837, 0.3, -0.001603, 0.405838, 0.913944, 0.0, 0.0, 0.0, 0.0, 1.0],
                [0.999998, -0.00012, 0.001819, 0.0, 0.000868, 0.908943, -0.416919, 0.3, -0.001603, 0.41692, 0.908942, 0.0, 0.0, 0.0, 0.0, 1.0],
                [0.999998, -0.000152, 0.001817, -0.0, 0.000868, 0.916008, -0.401158, 0.3, -0.001603, 0.401159, 0.916007, 0.0, 0.0, 0.0, 0.0, 1.0],
                [0.999998, -0.000521, 0.001747, -0.0, 0.000868, 0.978787, -0.204878, 0.3, -0.001603, 0.204879, 0.978786, 0.0, 0.0, 0.0, 0.0, 1.0],
                [0.999998, -0.000629, 0.001711, -0.0, 0.000868, 0.989629, -0.143647, 0.3, -0.001603, 0.143648, 0.989628, 0.0, 0.0, 0.0, 0.0, 1.0],
                [0.999998, -0.000696, 0.001685, 0.0, 0.000868, 0.994546, -0.104296, 0.3, -0.001603, 0.104297, 0.994545, 0.0, 0.0, 0.0, 0.0, 1.0],
                [0.999998, -0.000884, 0.001595, 0.0, 0.000868, 0.999949, 0.010043, 0.3, -0.001603, -0.010042, 0.999948, -0.0, 0.0, 0.0, 0.0, 1.0]
            ]
        },
        {
            "name": "Tool_R",
            "time": [0.0, 0.2667, 0.3833, 0.4667, 0.5833, 0.8, 1.0667, 1.3, 1.5667],
            "transform": [
                [0.965322, -0.063715, -0.25317, 0.015054, -0.130905, -0.957169, -0.258245, 0.243316, -0.22574, 0.282253, -0.931768, 0.024459, 0.0, 0.0, 0.0, 1.0],
                [0.965321, -0.063715, -0.25317, 0.015054, -0.130905, -0.957169, -0.258245, 0.243316, -0.22574, 0.282253, -0.931768, 0.024459, 0.0, 0.0, 0.0, 1.0],
                [0.965322, -0.063715, -0.25317, 0.015054, -0.130905, -0.957169, -0.258245, 0.243316, -0.22574, 0.282253, -0.931768, 0.024459, 0.0, 0.0, 0.0, 1.0],
                [0.965322, -0.063715, -0.25317, 0.015053, -0.130905, -0.957169, -0.258245, 0.243316, -0.22574, 0.282253, -0.931768, 0.024459, 0.0, 0.0, 0.0, 1.0],
                [0.965322, -0.070144, -0.251463, 0.015053, -0.130902, -0.963442, -0.233762, 0.243316, -0.22574, 0.258409, -0.93866, 0.024459, 0.0, 0.0, 0.0, 1.0],
                [0.965328, -0.142593, -0.218652, 0.015054, -0.130859, -0.989113, 0.067313, 0.243316, -0.225738, -0.036356, -0.972901, 0.024459, 0.0, 0.0, 0.0, 1.0],
                [0.96533, -0.162053, -0.204636, 0.015053, -0.130847, -0.978757, 0.157839, 0.243316, -0.225735, -0.125527, -0.965455, 0.024459, 0.0, 0.0, 0.0, 1.0],
                [0.965329, -0.151449, -0.212609, 0.015054, -0.130854, -0.985514, 0.107888, 0.243316, -0.225737, -0.076292, -0.970587, 0.024459, 0.0, 0.0, 0.0, 1.0],
                [0.965321, -0.063715, -0.25317, 0.015054, -0.130905, -0.957169, -0.258245, 0.243316, -0.22574, 0.282253, -0.931768, 0.024459, 0.0, 0.0, 0.0, 1.0]
            ]
        },
        {
            "name": "Elbow_R",
            "time": [0.0, 0.2667, 0.3833, 0.4667, 0.5833, 0.8, 1.0667, 1.3, 1.5667],
            "transform": [
                [-1.0, 0.0, -0.0, 0.0, 0.0, -0.0, -1.0, 0.341622, -0.0, -1.0, 0.0, 0.0, 0.0, 0.0, 0.0, 1.0],
                [-1.0, 0.0, -0.0, -0.0, 0.0, -0.0, -1.0, 0.341622, -0.0, -1.0, 0.0, -0.0, 0.0, 0.0, 0.0, 1.0],
                [-1.0, 0.0, -0.0, -0.0, 0.0, -0.0, -1.0, 0.341622, -0.0, -1.0, 0.0, 0.0, 0.0, 0.0, 0.0, 1.0],
                [-1.0, 0.0, -0.0, -0.0, 0.0, -0.0, -1.0, 0.341622, -0.0, -1.0, 0.0, 0.0, 0.0, 0.0, 0.0, 1.0],
                [-1.0, 0.0, 0.0, 0.0, 0.0, -0.0, -1.0, 0.341622, -0.0, -1.0, 0.0, 0.0, 0.0, 0.0, 0.0, 1.0],
                [-1.0, 0.0, -0.0, -0.0, -0.0, -0.0, -1.0, 0.341622, -0.0, -1.0, 0.0, 0.0, 0.0, 0.0, 0.0, 1.0],
                [-1.0, 0.0, -0.0, -0.0, 0.0, 0.0, -1.0, 0.341622, -0.0, -1.0, 0.0, 0.0, 0.0, 0.0, 0.0, 1.0],
                [-1.0, 0.0, -0.0, 0.0, 0.0, -0.0, -1.0, 0.341622, -0.0, -1.0, 0.0, 0.0, 0.0, 0.0, 0.0, 1.0],
                [-1.0, 0.0, -0.0, 0.0, 0.0, -0.0, -1.0, 0.341622, -0.0, -1.0, 0.0, -0.0, 0.0, 0.0, 0.0, 1.0]
            ]
        },
        {
            "name": "Shoulder_L",
            "time": [0.0, 0.2667, 0.3833, 0.4667, 0.5833, 0.8, 1.0667, 1.3, 1.5667],
            "transform": [
                [-0.226937, -0.947819, -0.223918, -0.0, -0.021067, -0.225085, 0.974111, 0.4, -0.973681, 0.225779, 0.031113, -0.0, 0.0, 0.0, 0.0, 1.0],
                [-0.226937, -0.947819, -0.223918, 0.0, -0.021067, -0.225085, 0.974111, 0.4, -0.973681, 0.225779, 0.031113, -0.0, 0.0, 0.0, 0.0, 1.0],
                [-0.226937, -0.947819, -0.223918, 0.0, -0.021067, -0.225085, 0.974111, 0.4, -0.973681, 0.225779, 0.031113, -0.0, 0.0, 0.0, 0.0, 1.0],
                [-0.226937, -0.947819, -0.223918, 0.0, -0.021067, -0.225085, 0.974111, 0.4, -0.973681, 0.225779, 0.031113, -0.0, 0.0, 0.0, 0.0, 1.0],
                [-0.226937, -0.947819, -0.223918, 0.0, -0.021067, -0.225085, 0.974111, 0.4, -0.973681, 0.225779, 0.031113, -0.0, 0.0, 0.0, 0.0, 1.0],
                [0.079551, -0.971356, -0.223918, -0.0, 0.050084, -0.220451, 0.974111, 0.4, -0.995572, -0.088706, 0.031112, -0.0, 0.0, 0.0, 0.0, 1.0],
                [0.201927, -0.95346, -0.223918, 0.0, 0.0776, -0.212333, 0.974111, 0.4, -0.976322, -0.214075, 0.031113, -0.0, 0.0, 0.0, 0.0, 1.0],
                [0.150915, -0.962856, -0.223901, 0.0, 0.066199, -0.216143, 0.974115, 0.4, -0.986327, -0.161831, 0.03112, 0.0, 0.0, 0.0, 0.0, 1.0],
                [-0.226937, -0.947819, -0.223918, -0.0, -0.021067, -0.225085, 0.974111, 0.4, -0.973682, 0.225779, 0.031113, -0.0, 0.0, 0.0, 0.0, 1.0]
            ]
        },
        {
            "name": "Arm_L",
            "time": [0.0, 0.2667, 0.3833, 0.4667, 0.5833, 0.8, 1.0667, 1.3, 1.5667],
            "transform": [
                [-0.440424, 0.111403, 0.890851, 0.0, -0.817245, 0.361034, -0.449183, 0.39386, -0.371668, -0.925875, -0.067964, -0.0, 0.0, 0.0, 0.0, 1.0],
                [-0.183315, 0.437949, 0.880111, -0.0, -0.178146, 0.86566, -0.467864, 0.39386, -0.966778, -0.242554, -0.08067, 0.0, 0.0, 0.0, 0.0, 1.0],
                [-0.200659, -0.619185, 0.759175, 0.0, -0.216104, 0.783823, 0.582169, 0.39386, -0.955529, -0.047243, -0.291089, 0.0, 0.0, 0.0, 0.0, 1.0],
                [-0.19899, -0.809139, 0.552898, -0.0, -0.25133, 0.587447, 0.769246, 0.39386, -0.947226, 0.014113, -0.320257, 0.0, 0.0, 0.0, 0.0, 1.0],
                [-0.197337, -0.764347, 0.613866, 0.0, -0.259947, 0.644562, 0.719004, 0.39386, -0.945243, -0.017686, -0.325886, 0.0, 0.0, 0.0, 0.0, 1.0],
                [-0.02895, 0.355927, 0.934065, 0.0, 0.232722, 0.911178, -0.339993, 0.39386, -0.972112, 0.207535, -0.10921, 0.0, 0.0, 0.0, 0.0, 1.0],
                [-0.159801, 0.775373, 0.61095, 0.0, -0.258887, 0.564323, -0.783912, 0.39386, -0.952597, -0.283437, 0.110555, 0.0, 0.0, 0.0, 0.0, 1.0],
                [-0.275956, 0.698678, 0.660074, 0.0, -0.442843, 0.517088, -0.732469, 0.39386, -0.853076, -0.494438, 0.166711, -0.0, 0.0, 0.0, 0.0, 1.0],
                [-0.440425, 0.111403, 0.890851, 0.0, -0.817245, 0.361034, -0.449183, 0.39386, -0.371668, -0.925875, -0.067964, 0.0, 0.0, 0.0, 0.0, 1.0]
            ]
        },
        {
            "name": "Hand_L",
            "time": [0.0, 0.2667, 0.3833, 0.4667, 0.5833, 0.8, 1.0667, 1.3, 1.5667],
            "transform": [
                [0.999993, -0.001541, -0.00347, -0.0, 0.000938, 0.985901, -0.167329, 0.3, 0.003679, 0.167324, 0.985895, -0.0, 0.0, 0.0, 0.0, 1.0],
                [0.999993, -0.001541, -0.00347, 0.0, 0.000938, 0.985901, -0.167329, 0.3, 0.003679, 0.167324, 0.985895, 0.0, 0.0, 0.0, 0.0, 1.0],
                [0.999993, -0.001541, -0.00347, 0.0, 0.000938, 0.985901, -0.167329, 0.3, 0.003679, 0.167324, 0.985895, 0.0, 0.0, 0.0, 0.0, 1.0],
                [0.999993, -0.001541, -0.00347, 0.0, 0.000938, 0.985901, -0.167329, 0.3, 0.003679, 0.167324, 0.985895, 0.0, 0.0, 0.0, 0.0, 1.0],
                [0.999993, -0.001541, -0.00347, 0.0, 0.000938, 0.985901, -0.167329, 0.3, 0.003679, 0.167324, 0.985895, 0.0, 0.0, 0.0, 0.0, 1.0],
                [0.999993, -0.001541, -0.00347, -0.0, 0.000938, 0.985901, -0.167329, 0.3, 0.003679, 0.167324, 0.985895, 0.0, 0.0, 0.0, 0.0, 1.0],
                [0.999993, -0.002559, -0.002805, 0.0, 0.000938, 0.882336, -0.47062, 0.3, 0.003679, 0.470614, 0.882332, -0.0, 0.0, 0.0, 0.0, 1.0],
                [0.999993, -0.002449, -0.002902, -0.0, 0.000938, 0.899899, -0.436098, 0.3, 0.003679, 0.436092, 0.899895, -0.0, 0.0, 0.0, 0.0, 1.0],
                [0.999993, -0.001541, -0.00347, -0.0, 0.000938, 0.985901, -0.167329, 0.3, 0.003679, 0.167324, 0.985895, 0.0, 0.0, 0.0, 0.0, 1.0]
            ]
        },
        {
            "name": "Tool_L",
            "time": [0.0, 0.2667, 0.3833, 0.4667, 0.5833, 0.8, 1.0667, 1.3, 1.5667],
            "transform": [
                [0.997004, 0.01104, -0.076554, 0.0, -0.036659, -0.804079, -0.593391, 0.272858, -0.068067, 0.594062, -0.8008, -0.0, 0.0, 0.0, 0.0, 1.0],
                [0.997004, 0.01104, -0.076554, -0.0, -0.036659, -0.804079, -0.593391, 0.272858, -0.068067, 0.594062, -0.8008, -0.0, 0.0, 0.0, 0.0, 1.0],
                [0.997004, 0.01104, -0.076554, -0.0, -0.036659, -0.804079, -0.593391, 0.272858, -0.068067, 0.594062, -0.8008, -0.0, 0.0, 0.0, 0.0, 1.0],
                [0.997004, 0.01104, -0.076554, 0.0, -0.036659, -0.804079, -0.593391, 0.272858, -0.068067, 0.594062, -0.800801, -0.0, 0.0, 0.0, 0.0, 1.0],
                [0.997004, 0.01104, -0.076554, -0.0, -0.036659, -0.804079, -0.593391, 0.272858, -0.068067, 0.594062, -0.8008, -0.0, 0.0, 0.0, 0.0, 1.0],
                [0.997004, 0.01104, -0.076554, 0.0, -0.036659, -0.804079, -0.593391, 0.272858, -0.068067, 0.594062, -0.8008, -0.0, 0.0, 0.0, 0.0, 1.0],
                [0.997004, 0.01104, -0.076554, -0.0, -0.036659, -0.804079, -0.593391, 0.272858, -0.068067, 0.594062, -0.8008, -0.0, 0.0, 0.0, 0.0, 1.0],
                [0.997004, 0.01104, -0.076554, 0.0, -0.036659, -0.804079, -0.593391, 0.272858, -0.068067, 0.594062, -0.8008, -0.0, 0.0, 0.0, 0.0, 1.0],
                [0.997004, 0.01104, -0.076554, 0.0, -0.036659, -0.804079, -0.593391, 0.272858, -0.068067, 0.594062, -0.8008, -0.0, 0.0, 0.0, 0.0, 1.0]
            ]
        },
        {
            "name": "Elbow_L",
            "time": [0.0, 0.2667, 0.3833, 0.4667, 0.5833, 0.8, 1.0667, 1.3, 1.5667],
            "transform": [
                [-1.0, 0.0, -0.0, 2.7e-05, 0.0, -0.0, -1.0, 0.334301, -0.0, -1.0, -0.0, -0.002121, 0.0, 0.0, 0.0, 1.0],
                [-1.0, 0.0, -0.0, 2.7e-05, 0.0, -0.0, -1.0, 0.334301, -0.0, -1.0, 0.0, -0.002121, 0.0, 0.0, 0.0, 1.0],
                [-1.0, 0.0, -0.0, 2.7e-05, 0.0, -0.0, -1.0, 0.334302, -0.0, -1.0, -0.0, -0.002121, 0.0, 0.0, 0.0, 1.0],
                [-1.0, 0.0, 0.0, 2.7e-05, -0.0, -0.0, -1.0, 0.334301, -0.0, -1.0, -0.0, -0.00212, 0.0, 0.0, 0.0, 1.0],
                [-1.0, 0.0, -0.0, 2.7e-05, 0.0, -0.0, -1.0, 0.334302, -0.0, -1.0, -0.0, -0.00212, 0.0, 0.0, 0.0, 1.0],
                [-1.0, 0.0, -0.0, 2.7e-05, 0.0, -0.0, -1.0, 0.334301, -0.0, -1.0, -0.0, -0.002121, 0.0, 0.0, 0.0, 1.0],
                [-1.0, 0.0, -0.0, 2.7e-05, 0.0, -0.0, -1.0, 0.334302, -0.0, -1.0, -0.0, -0.002121, 0.0, 0.0, 0.0, 1.0],
                [-1.0, 0.0, -0.0, 2.7e-05, 0.0, -0.0, -1.0, 0.334301, -0.0, -1.0, -0.0, -0.002121, 0.0, 0.0, 0.0, 1.0],
                [-1.0, 0.0, -0.0, 2.7e-05, 0.0, -0.0, -1.0, 0.334302, -0.0, -1.0, -0.0, -0.002121, 0.0, 0.0, 0.0, 1.0]
            ]
        }
    ]
}