{
    "animation": [
        {
            "name": "Root",
            "time": [0.0, 0.2667, 0.5, 0.6667, 1.0333, 1.25, 1.4833, 1.75],
            "transform": [
                [0.999992, 0.003801, -0.00152, -5e-06, -0.001831, 0.083256, -0.996526, 0.000946, -0.003661, 0.996521, 0.083263, 0.521938, 0.0, 0.0, 0.0, 1.0],
                [0.923746, -0.358301, -0.135327, -0.087309, -0.098224, 0.119893, -0.987916, 0.427417, 0.370196, 0.925876, 0.075557, 0.79525, 0.0, 0.0, 0.0, 1.0],
                [0.947659, -0.289662, -0.134308, -0.076058, -0.107025, 0.108133, -0.988359, 0.509382, 0.300814, 0.951001, 0.071473, 0.718965, 0.0, 0.0, 0.0, 1.0],
                [0.989726, -0.046147, -0.135327, -0.037384, -0.131235, 0.08246, -0.987916, 0.617079, 0.056749, 0.995525, 0.075557, 0.456681, 0.0, 0.0, 0.0, 1.0],
                [0.989726, -0.046147, -0.135327, -0.043083, -0.131235, 0.08246, -0.987916, 0.612411, 0.056749, 0.995525, 0.075557, 0.619312, 0.0, 0.0, 0.0, 1.0],
                [0.989726, -0.046147, -0.135327, -0.044476, -0.131235, 0.08246, -0.987916, 0.606406, 0.056749, 0.995525, 0.075557, 0.651666, 0.0, 0.0, 0.0, 1.0],
                [0.974284, -0.0374, -0.2222, -0.056995, -0.221536, 0.021098, -0.974924, 0.477087, 0.04115, 0.999078, 0.01227, 0.765809, 0.0, 0.0, 0.0, 1.0],
                [0.854339, 0.028643, -0.518927, -5e-06, -0.51914, 0.0, -0.854689, 0.173922, -0.024481, 0.99959, 0.01487, 0.753683, 0.0, 0.0, 0.0, 1.0]
            ]
        },
        {
            "name": "Thigh_R",
            "time": [0.0, 0.2667, 0.5, 0.6667, 1.0333, 1.25, 1.4833, 1.75],
            "transform": [
                [0.972241, 0.170843, -0.159872, 0.124994, 0.233692, -0.742908, 0.627274, -0.002831, -0.011605, -0.647221, -0.762213, -1.2e-05, 0.0, 0.0, 0.0, 1.0],
                [0.955344, 0.020551, -0.294779, 0.124994, 0.187666, -0.812762, 0.551539, -0.002831, -0.228251, -0.582229, -0.780327, -1.2e-05, 0.0, 0.0, 0.0, 1.0],
                [0.955427, -0.062001, -0.288642, 0.124994, 0.187391, -0.628135, 0.755202, -0.002831, -0.22813, -0.775627, -0.58852, -1.2e-05, 0.0, 0.0, 0.0, 1.0],
                [0.955344, -0.201153, -0.216458, 0.124994, 0.187666, -0.152811, 0.970274, -0.002831, -0.228251, -0.967565, -0.108238, -1.2e-05, 0.0, 0.0, 0.0, 1.0],
                [0.955344, -0.074562, -0.285933, 0.124994, 0.187666, -0.594347, 0.782005, -0.002831, -0.228251, -0.800742, -0.553815, -1.2e-05, 0.0, 0.0, 0.0, 1.0],
                [0.955344, -0.038587, -0.292964, 0.124994, 0.187666, -0.686594, 0.702402, -0.002831, -0.228251, -0.726013, -0.648694, -1.2e-05, 0.0, 0.0, 0.0, 1.0],
                [0.963546, -0.004805, -0.267497, 0.124994, 0.194368, -0.674483, 0.712245, -0.002831, -0.183844, -0.738272, -0.648964, -1.2e-05, 0.0, 0.0, 0.0, 1.0],
                [0.960515, 0.273283, -0.052206, 0.124994, 0.274652, -0.961312, 0.020994, -0.002831, -0.044449, -0.034503, -0.998416, -1.2e-05, 0.0, 0.0, 0.0, 1.0]
            ]
        },
        {
            "name": "Leg_R",
            "time": [0.0, 0.2667, 0.5, 0.6667, 1.0333, 1.25, 1.4833, 1.75],
            "transform": [
                [1.0, 0.0, 1e-06, -0.0, -1e-06, 0.576348, 0.817204, 0.37472, -0.0, -0.817205, 0.576347, -0.0, 0.0, 0.0, 0.0, 1.0],
                [1.0, -1e-06, 0.0, 0.0, 0.0, 0.485332, 0.874329, 0.37472, -1e-06, -0.874331, 0.485331, 0.0, 0.0, 0.0, 0.0, 1.0],
                [1.0, -1e-06, 0.0, -0.0, 0.0, 0.485332, 0.87433, 0.37472, -1e-06, -0.874331, 0.485331, -0.0, 0.0, 0.0, 0.0, 1.0],
                [1.0, -1e-06, 0.0, 0.0, 0.0, 0.485332, 0.87433, 0.37472, -1e-06, -0.874331, 0.485331, -0.0, 0.0, 0.0, 0.0, 1.0],
                [1.0, -1e-06, 1e-06, 0.0, 0.0, 0.848003, 0.529992, 0.37472, -1e-06, -0.529993, 0.848002, 0.0, 0.0, 0.0, 0.0, 1.0],
                [1.0, -1e-06, 1e-06, 0.0, 0.0, 0.848003, 0.529992, 0.37472, -1e-06, -0.529993, 0.848002, -0.0, 0.0, 0.0, 0.0, 1.0],
                [1.0, -1e-06, 0.0, 0.0, 0.0, 0.473041, 0.88104, 0.37472, -1e-06, -0.881041, 0.47304, -0.0, 0.0, 0.0, 0.0, 1.0],
                [1.0, -0.0, 1e-06, 0.0, 0.0, 0.977553, 0.210691, 0.37472, -1e-06, -0.210691, 0.977552, 0.0, 0.0, 0.0, 0.0, 1.0]
            ]
        },
        {
            "name": "Knee_R",
            "time": [0.0, 0.2667, 0.5, 0.6667, 1.0333, 1.25, 1.4833, 1.75],
            "transform": [
                [1.0, 0.0, -0.0, 0.000476, -0.0, -0.153666, -0.988123, 0.457311, -0.0, 0.988123, -0.153666, -0.002008, 0.0, 0.0, 0.0, 1.0],
                [1.0, 0.0, -0.0, 0.0, -0.0, 1e-06, -1.0, 0.37472, -0.0, 1.0, 1e-06, 0.0, 0.0, 0.0, 0.0, 1.0],
                [1.0, 0.0, -0.0, -0.0, -0.0, 1e-06, -1.0, 0.37472, -0.0, 1.0, 1e-06, -0.0, 0.0, 0.0, 0.0, 1.0],
                [1.0, 0.0, -0.0, 0.0, -0.0, 1e-06, -1.0, 0.37472, -0.0, 1.0, 1e-06, -0.0, 0.0, 0.0, 0.0, 1.0],
                [1.0, 0.0, -0.0, 0.0, -0.0, 1e-06, -1.0, 0.37472, -0.0, 1.0, 1e-06, 0.0, 0.0, 0.0, 0.0, 1.0],
                [1.0, 0.0, -0.0, 0.0, -0.0, 1e-06, -1.0, 0.37472, -0.0, 1.0, 1e-06, -0.0, 0.0, 0.0, 0.0, 1.0],
                [1.0, 0.0, -0.0, 0.0, -0.0, 1e-06, -1.0, 0.37472, -0.0, 1.0, 1e-06, -0.0, 0.0, 0.0, 0.0, 1.0],
                [1.0, 0.0, -0.0, 0.0, -0.0, 1e-06, -1.0, 0.37472, -0.0, 1.0, 1e-06, 0.0, 0.0, 0.0, 0.0, 1.0]
            ]
        },
        {
            "name": "Thigh_L",
            "time": [0.0, 0.2667, 0.5, 0.6667, 1.0333, 1.25, 1.4833, 1.75],
            "transform": [
                [0.924644, -0.21435, 0.314779, -0.125006, -0.380795, -0.50919, 0.771829, -0.002831, -0.005159, -0.833534, -0.552444, -1.2e-05, 0.0, 0.0, 0.0, 1.0],
                [0.861557, -0.433758, -0.263766, -0.125006, -0.382924, -0.896383, 0.223309, -0.002831, -0.333297, -0.091391, -0.938382, -1.2e-05, 0.0, 0.0, 0.0, 1.0],
                [0.812025, -0.405843, -0.419411, -0.125006, -0.465909, -0.88358, -0.047056, -0.002831, -0.351486, 0.233619, -0.906575, -1.2e-05, 0.0, 0.0, 0.0, 1.0],
                [0.703686, -0.242068, -0.668003, -0.125006, -0.6289, -0.649693, -0.427063, -0.002831, -0.330619, 0.720627, -0.609416, -1.2e-05, 0.0, 0.0, 0.0, 1.0],
                [0.730332, -0.274184, -0.625649, -0.125006, -0.436242, -0.892016, -0.118318, -0.002831, -0.525648, 0.359347, -0.771079, -1.2e-05, 0.0, 0.0, 0.0, 1.0],
                [0.721103, -0.291879, -0.628344, -0.125006, -0.397007, -0.917341, -0.029493, -0.002831, -0.567797, 0.270725, -0.777376, -1.2e-05, 0.0, 0.0, 0.0, 1.0],
                [0.733478, -0.110051, -0.670745, -0.125006, -0.151726, -0.988415, -0.003745, -0.002831, -0.662562, 0.104517, -0.741678, -1.2e-05, 0.0, 0.0, 0.0, 1.0],
                [0.74123, -0.283974, -0.608224, -0.125006, -0.051449, -0.927475, 0.370329, -0.002831, -0.669276, -0.243206, -0.702082, -1.2e-05, 0.0, 0.0, 0.0, 1.0]
            ]
        },
        {
            "name": "Leg_L",
            "time": [0.0, 0.2667, 0.5, 0.6667, 1.0333, 1.25, 1.4833, 1.75],
            "transform": [
                [1.0, -1e-06, 0.0, -0.0, -1e-06, -0.12364, 0.992327, 0.37472, -1e-06, -0.992327, -0.12364, -0.0, 0.0, 0.0, 0.0, 1.0],
                [0.998576, 0.053293, 0.002315, -0.0, -0.051599, 0.954021, 0.295265, 0.37472, 0.013527, -0.294964, 0.955413, 0.0, 0.0, 0.0, 0.0, 1.0],
                [0.998576, 0.053293, 0.002315, 0.0, -0.051599, 0.954021, 0.295265, 0.37472, 0.013527, -0.294964, 0.955413, -0.0, 0.0, 0.0, 0.0, 1.0],
                [0.998576, 0.053293, 0.002315, -0.0, -0.051599, 0.954021, 0.295265, 0.37472, 0.013527, -0.294964, 0.955413, 0.0, 0.0, 0.0, 0.0, 1.0],
                [0.998576, 0.051673, 0.013243, -0.0, -0.051599, 0.872737, 0.485455, 0.37472, 0.013527, -0.485447, 0.874162, 0.0, 0.0, 0.0, 0.0, 1.0],
                [0.998576, 0.053293, 0.002315, -0.0, -0.051599, 0.954021, 0.295265, 0.37472, 0.013527, -0.294964, 0.955413, -0.0, 0.0, 0.0, 0.0, 1.0],
                [0.998576, 0.052316, -0.010418, 0.0, -0.051599, 0.996861, 0.060051, 0.37472, 0.013527, -0.059428, 0.998141, -0.0, 0.0, 0.0, 0.0, 1.0],
                [0.998576, 0.053293, 0.002315, -0.0, -0.051599, 0.954021, 0.295265, 0.37472, 0.013527, -0.294964, 0.955413, -0.0, 0.0, 0.0, 0.0, 1.0]
            ]
        },
        {
            "name": "Knee_L",
            "time": [0.0, 0.2667, 0.5, 0.6667, 1.0333, 1.25, 1.4833, 1.75],
            "transform": [
                [1.0, 0.0, -0.0, -0.000586, -0.0, 1e-06, -1.0, 0.485315, 0.0, 1.0, 1e-06, -0.001802, 0.0, 0.0, 0.0, 1.0],
                [1.0, 0.0, -0.0, -0.0, -0.0, 1e-06, -1.0, 0.37472, -0.0, 1.0, 1e-06, 0.0, 0.0, 0.0, 0.0, 1.0],
                [1.0, 0.0, -0.0, 0.0, -0.0, 1e-06, -1.0, 0.37472, -0.0, 1.0, 1e-06, -0.0, 0.0, 0.0, 0.0, 1.0],
                [1.0, 0.0, -0.0, -0.0, -0.0, 1e-06, -1.0, 0.37472, -0.0, 1.0, 1e-06, 0.0, 0.0, 0.0, 0.0, 1.0],
                [1.0, 0.0, -0.0, -0.0, -0.0, 1e-06, -1.0, 0.37472, -0.0, 1.0, 1e-06, 0.0, 0.0, 0.0, 0.0, 1.0],
                [1.0, 0.0, -0.0, -0.0, -0.0, 1e-06, -1.0, 0.37472, -0.0, 1.0, 1e-06, -0.0, 0.0, 0.0, 0.0, 1.0],
                [1.0, 0.0, -0.0, 0.0, -0.0, 1e-06, -1.0, 0.37472, -0.0, 1.0, 1e-06, -0.0, 0.0, 0.0, 0.0, 1.0],
                [1.0, 0.0, -0.0, -0.0, -0.0, 1e-06, -1.0, 0.37472, -0.0, 1.0, 1e-06, -0.0, 0.0, 0.0, 0.0, 1.0]
            ]
        },
        {
            "name": "Torso",
            "time": [0.0, 0.2667, 0.5, 0.6667, 1.0333, 1.25, 1.4833, 1.75],
            "transform": [
                [1.0, -0.0, 0.0, 0.0, 0.0, 0.999577, 0.029094, 0.05, -0.0, -0.029094, 0.999577, 0.0, 0.0, 0.0, 0.0, 1.0],
                [0.950191, 0.254497, 0.17991, 0.0, -0.239869, 0.965721, -0.099225, 0.05, -0.198995, 0.051128, 0.978666, 0.0, 0.0, 0.0, 0.0, 1.0],
                [0.968138, 0.173863, 0.180225, -0.0, -0.183295, 0.982363, 0.036946, 0.05, -0.170623, -0.068803, 0.982931, 0.0, 0.0, 0.0, 0.0, 1.0],
                [0.983652, -0.145037, 0.106743, 0.0, 0.026118, 0.701377, 0.712312, 0.05, -0.178178, -0.697879, 0.693699, -0.0, 0.0, 0.0, 0.0, 1.0],
                [0.989782, -0.011379, 0.142135, -0.0, -0.065504, 0.849118, 0.524126, 0.05, -0.126654, -0.528081, 0.839696, 0.0, 0.0, 0.0, 0.0, 1.0],
                [0.989354, -0.031233, 0.142135, 0.0, -0.048456, 0.850261, 0.524126, 0.05, -0.137222, -0.525434, 0.839696, 0.0, 0.0, 0.0, 0.0, 1.0],
                [0.992719, -0.060596, 0.104102, 0.0, -0.000825, 0.860807, 0.508931, 0.05, -0.120451, -0.505311, 0.85449, -0.0, 0.0, 0.0, 0.0, 1.0],
                [0.999042, -0.043673, -0.002705, -0.0, 0.04367, 0.999045, -0.001423, 0.05, 0.002765, 0.001304, 0.999995, -0.0, 0.0, 0.0, 0.0, 1.0]
            ]
        },
        {
            "name": "Chest",
            "time": [0.0, 0.2667, 0.5, 0.6667, 1.0333, 1.25, 1.4833, 1.75],
            "transform": [
                [0.999924, -0.012041, -0.002498, 0.0, 0.012297, 0.977947, 0.208491, 0.3, -6.8e-05, -0.208506, 0.978021, -0.0, 0.0, 0.0, 0.0, 1.0],
                [0.992777, 0.071694, -0.096192, 0.0, -0.099557, 0.939731, -0.327099, 0.3, 0.066944, 0.334313, 0.940082, 0.0, 0.0, 0.0, 0.0, 1.0],
                [0.99916, 0.006331, -0.04048, -0.0, -0.011424, 0.991857, -0.126841, 0.3, 0.039347, 0.127197, 0.991097, -0.0, 0.0, 0.0, 0.0, 1.0],
                [0.99082, 0.093296, 0.097835, 0.0, -0.123026, 0.922263, 0.366463, 0.3, -0.05604, -0.375136, 0.925274, -0.0, 0.0, 0.0, 0.0, 1.0],
                [0.987801, 0.000347, 0.155721, -0.0, -0.093412, 0.801419, 0.590763, 0.3, -0.124593, -0.598103, 0.791675, 0.0, 0.0, 0.0, 0.0, 1.0],
                [0.987401, 0.028116, 0.155721, -0.0, -0.115905, 0.798477, 0.590763, 0.3, -0.10773, -0.601369, 0.791675, 0.0, 0.0, 0.0, 0.0, 1.0],
                [0.993863, -0.00533, 0.11049, 0.0, -0.050849, 0.86504, 0.499119, 0.3, -0.098238, -0.501674, 0.859461, -0.0, 0.0, 0.0, 0.0, 1.0],
                [0.999771, -0.021316, -0.002029, -0.0, 0.021411, 0.994316, 0.104295, 0.3, -0.000206, -0.104315, 0.994544, -0.0, 0.0, 0.0, 0.0, 1.0]
            ]
        },
        {
            "name": "Head",
            "time": [0.0, 0.2667, 0.5, 0.6667, 1.0333, 1.25, 1.4833, 1.75],
            "transform": [
                [0.999902, 0.014021, 0.00026, 0.0, -0.013982, 0.998211, -0.058135, 0.4, -0.001075, 0.058125, 0.998309, -0.0, 0.0, 0.0, 0.0, 1.0],
                [0.985545, -0.012675, 0.16894, -0.0, -0.028946, 0.969935, 0.241635, 0.4, -0.166924, -0.243033, 0.955548, -0.0, 0.0, 0.0, 0.0, 1.0],
                [0.985545, 0.021999, 0.167981, -0.0, -0.028946, 0.998819, 0.039021, 0.4, -0.166924, -0.043319, 0.985018, 0.0, 0.0, 0.0, 0.0, 1.0],
                [0.985545, 0.127208, 0.111891, -0.0, -0.028946, 0.777182, -0.62861, 0.4, -0.166924, 0.616285, 0.76963, 0.0, 0.0, 0.0, 0.0, 1.0],
                [0.985545, 0.127208, 0.111891, 0.0, -0.028946, 0.777182, -0.62861, 0.4, -0.166924, 0.616285, 0.769629, -0.0, 0.0, 0.0, 0.0, 1.0],
                [0.985545, 0.127208, 0.111891, -0.0, -0.028946, 0.777182, -0.62861, 0.4, -0.166924, 0.616285, 0.76963, 0.0, 0.0, 0.0, 0.0, 1.0],
                [0.969197, 0.068049, 0.236701, 0.0, -0.003802, 0.965092, -0.261883, 0.4, -0.246259, 0.252917, 0.935623, 0.0, 0.0, 0.0, 0.0, 1.0],
                [0.85311, 0.037721, 0.520365, -0.0, -0.006297, 0.998055, -0.062025, 0.4, -0.521692, 0.049637, 0.851689, -0.0, 0.0, 0.0, 0.0, 1.0]
            ]
        },
        {
            "name": "Shoulder_R",
            "time": [0.0, 0.2667, 0.5, 0.6667, 1.0333, 1.25, 1.4833, 1.75],
            "transform": [
                [0.0, 0.952114, 0.305743, 0.0, -0.0, -0.305743, 0.952114, 0.4, 1.0, 0.0, -0.0, -0.0, 0.0, 0.0, 0.0, 1.0],
                [0.005677, 0.981778, -0.189947, -0.0, 0.119869, 0.187912, 0.974844, 0.4, 0.992773, -0.028303, -0.116618, -0.0, 0.0, 0.0, 0.0, 1.0],
                [0.124687, 0.973844, -0.189947, -0.0, 0.141771, 0.17199, 0.974844, 0.4, 0.982015, -0.148479, -0.116618, 0.0, 0.0, 0.0, 0.0, 1.0],
                [0.5115, 0.838026, -0.189947, -0.0, 0.199646, 0.099102, 0.974844, 0.4, 0.835769, -0.536555, -0.116618, 0.0, 0.0, 0.0, 0.0, 1.0],
                [0.5115, 0.838026, -0.189947, 0.0, 0.199646, 0.099102, 0.974844, 0.4, 0.835768, -0.536555, -0.116618, -0.0, 0.0, 0.0, 0.0, 1.0],
                [0.5115, 0.838026, -0.189947, -0.0, 0.199646, 0.099102, 0.974844, 0.4, 0.835769, -0.536555, -0.116618, 0.0, 0.0, 0.0, 0.0, 1.0],
                [0.434839, 0.89578, -0.092152, 0.0, 0.162424, 0.022635, 0.986461, 0.4, 0.885739, -0.443919, -0.135654, 0.0, 0.0, 0.0, 0.0, 1.0],
                [0.110305, 0.959352, 0.259762, -0.0, 0.091141, -0.270019, 0.958532, 0.4, 0.98971, -0.082056, -0.11722, -0.0, 0.0, 0.0, 0.0, 1.0]
            ]
        },
        {
            "name": "Arm_R",
            "time": [0.0, 0.2667, 0.5, 0.6667, 1.0333, 1.25, 1.4833, 1.75],
            "transform": [
                [-0.015712, 0.293875, -0.955715, 0.0, 0.718174, 0.668358, 0.193708, 0.393861, 0.695686, -0.683326, -0.221555, 0.0, 0.0, 0.0, 0.0, 1.0],
                [0.196084, 0.192025, 0.961602, -0.0, 0.913827, -0.39143, -0.108176, 0.39386, 0.355627, 0.89995, -0.252231, -0.0, 0.0, 0.0, 0.0, 1.0],
                [0.155211, -0.219265, 0.963241, 0.0, 0.911914, -0.343165, -0.225056, 0.393861, 0.379897, 0.913324, 0.146688, -0.0, 0.0, 0.0, 0.0, 1.0],
                [0.028536, -0.973307, -0.227724, 0.0, 0.943336, 0.101571, -0.315912, 0.39386, 0.33061, -0.205805, 0.921054, -0.0, 0.0, 0.0, 0.0, 1.0],
                [0.158711, -0.981139, -0.110351, 0.0, 0.919326, 0.187615, -0.345891, 0.393861, 0.360071, -0.046552, 0.931763, -0.0, 0.0, 0.0, 0.0, 1.0],
                [0.158711, -0.981139, -0.110351, 0.0, 0.919326, 0.187615, -0.345891, 0.39386, 0.360071, -0.046552, 0.931763, 0.0, 0.0, 0.0, 0.0, 1.0],
                [0.140183, -0.702565, -0.697675, 0.0, 0.911786, 0.3663, -0.185664, 0.393861, 0.385999, -0.610104, 0.691938, 0.0, 0.0, 0.0, 0.0, 1.0],
                [0.029874, -0.10887, -0.993607, -0.0, 0.907206, 0.420268, -0.018773, 0.39386, 0.419625, -0.900845, 0.111322, 0.0, 0.0, 0.0, 0.0, 1.0]
            ]
        },
        {
            "name": "Hand_R",
            "time": [0.0, 0.2667, 0.5, 0.6667, 1.0333, 1.25, 1.4833, 1.75],
            "transform": [
                [1.0, -0.0, 0.0, 0.0, -0.0, 0.782245, -0.622971, 0.3, -0.0, 0.622971, 0.782245, -0.0, 0.0, 0.0, 0.0, 1.0],
                [0.999998, -0.000188, 0.001814, -0.0, 0.000868, 0.923765, -0.38296, 0.3, -0.001603, 0.382961, 0.923763, 0.0, 0.0, 0.0, 0.0, 1.0],
                [0.999998, -0.000188, 0.001814, -0.0, 0.000868, 0.923765, -0.38296, 0.3, -0.001603, 0.382961, 0.923763, 0.0, 0.0, 0.0, 0.0, 1.0],
                [0.999998, -0.000188, 0.001814, -0.0, 0.000868, 0.923765, -0.38296, 0.3, -0.001603, 0.382961, 0.923763, 0.0, 0.0, 0.0, 0.0, 1.0],
                [0.999998, -0.00092, 0.001574, -0.0, 0.000868, 0.999462, 0.032791, 0.3, -0.001603, -0.032789, 0.999461, 0.0, 0.0, 0.0, 0.0, 1.0],
                [0.999998, -0.00092, 0.001574, 0.0, 0.000868, 0.999462, 0.032791, 0.3, -0.001603, -0.032789, 0.999461, 0.0, 0.0, 0.0, 0.0, 1.0],
                [0.999998, -0.000912, 0.001579, 0.0, 0.000868, 0.999614, 0.027764, 0.3, -0.001603, -0.027763, 0.999613, 0.0, 0.0, 0.0, 0.0, 1.0],
                [0.999998, -0.000884, 0.001595, 0.0, 0.000868, 0.999949, 0.010043, 0.3, -0.001603, -0.010042, 0.999948, -0.0, 0.0, 0.0, 0.0, 1.0]
            ]
        },
        {
            "name": "Tool_R",
            "time": [0.0, 0.2667, 0.5, 0.6667, 1.0333, 1.25, 1.4833, 1.75],
            "transform": [
                [1.0, 0.0, 0.0, 0.0, 0.0, -0.999836, 0.018122, 0.272858, 0.0, -0.018122, -0.999244, -0.0, 0.0, 0.0, 0.0, 1.0],
                [0.965319, -0.026987, -0.259677, 0.015053, -0.13093, -0.910563, -0.392088, 0.243316, -0.225738, 0.412236, -0.881998, 0.024459, 0.0, 0.0, 0.0, 1.0],
                [0.937639, -0.10443, -0.331554, 0.015054, -0.237452, -0.88901, -0.391506, 0.243316, -0.253722, 0.445546, -0.857864, 0.024459, 0.0, 0.0, 0.0, 1.0],
                [0.75467, -0.415775, -0.507547, 0.015054, -0.577346, -0.788315, -0.212677, 0.243316, -0.311503, 0.453254, -0.834472, 0.024459, 0.0, 0.0, 0.0, 1.0],
                [0.709005, -0.281423, -0.646617, 0.015054, -0.442519, -0.891473, -0.097225, 0.243316, -0.54876, 0.354853, -0.756147, 0.024459, 0.0, 0.0, 0.0, 1.0],
                [0.680426, -0.336217, -0.651136, 0.015054, -0.511198, -0.854416, -0.093012, 0.243316, -0.524763, 0.395903, -0.752795, 0.024459, 0.0, 0.0, 0.0, 1.0],
                [0.827917, -0.341833, -0.44464, 0.015054, -0.478155, -0.84455, -0.241045, 0.243316, -0.292955, 0.411919, -0.862158, 0.024459, 0.0, 0.0, 0.0, 1.0],
                [0.965322, -0.063715, -0.25317, 0.015054, -0.130905, -0.957169, -0.258245, 0.243316, -0.22574, 0.282253, -0.931768, 0.024459, 0.0, 0.0, 0.0, 1.0]
            ]
        },
        {
            "name": "Elbow_R",
            "time": [0.0, 0.2667, 0.5, 0.6667, 1.0333, 1.25, 1.4833, 1.75],
            "transform": [
                [-1.0, 0.0, 0.0, 0.000534, 0.0, -0.0, -1.0, 0.37122, -0.0, -1.0, 0.0, 0.001571, 0.0, 0.0, 0.0, 1.0],
                [-1.0, 0.0, 0.0, -0.0, 0.0, -0.0, -1.0, 0.341622, -0.0, -1.0, 0.0, 0.0, 0.0, 0.0, 0.0, 1.0],
                [-1.0, 0.0, -0.0, -0.0, 0.0, -0.0, -1.0, 0.341622, -0.0, -1.0, 0.0, 0.0, 0.0, 0.0, 0.0, 1.0],
                [-1.0, 0.0, -0.0, -0.0, 0.0, -0.0, -1.0, 0.341622, -0.0, -1.0, 0.0, 0.0, 0.0, 0.0, 0.0, 1.0],
                [-1.0, 0.0, -0.0, -0.0, 0.0, -0.0, -1.0, 0.341622, -0.0, -1.0, 0.0, 0.0, 0.0, 0.0, 0.0, 1.0],
                [-1.0, 0.0, -0.0, -0.0, 0.0, -0.0, -1.0, 0.341622, -0.0, -1.0, 0.0, 0.0, 0.0, 0.0, 0.0, 1.0],
                [-1.0, 0.0, -0.0, 0.0, 0.0, -0.0, -1.0, 0.341622, -0.0, -1.0, 0.0, -0.0, 0.0, 0.0, 0.0, 1.0],
                [-1.0, 0.0, -0.0, 0.0, 0.0, -0.0, -1.0, 0.341622, -0.0, -1.0, 0.0, -0.0, 0.0, 0.0, 0.0, 1.0]
            ]
        },
        {
            "name": "Shoulder_L",
            "time": [0.0, 0.2667, 0.5, 0.6667, 1.0333, 1.25, 1.4833, 1.75],
            "transform": [
                [-0.0, -0.952114, -0.305743, 0.0, 0.0, -0.305743, 0.952114, 0.4, -1.0, 0.0, 0.0, -0.0, 0.0, 0.0, 0.0, 1.0],
                [0.015751, -0.911906, 0.410097, -0.0, 0.035536, 0.4104, 0.911213, 0.4, -0.999244, 0.00022, 0.03887, -0.0, 0.0, 0.0, 0.0, 1.0],
                [-0.025019, -0.868826, 0.494485, -0.0, -0.379956, 0.465784, 0.799174, 0.4, -0.924666, -0.167888, -0.341769, 0.0, 0.0, 0.0, 0.0, 1.0],
                [-0.369602, -0.785437, 0.496472, -0.0, -0.829649, 0.03835, -0.556967, 0.4, 0.418423, -0.617753, -0.665811, 0.0, 0.0, 0.0, 0.0, 1.0],
                [-0.369601, -0.785437, 0.496472, 0.0, -0.829649, 0.03835, -0.556967, 0.4, 0.418423, -0.617753, -0.665811, -0.0, 0.0, 0.0, 0.0, 1.0],
                [-0.369601, -0.785437, 0.496472, -0.0, -0.829649, 0.03835, -0.556967, 0.4, 0.418423, -0.617753, -0.665811, 0.0, 0.0, 0.0, 0.0, 1.0],
                [0.139097, -0.891623, 0.430882, 0.0, -0.959232, -0.22941, -0.165059, 0.4, 0.24602, -0.390357, -0.887184, 0.0, 0.0, 0.0, 0.0, 1.0],
                [-0.226937, -0.947819, -0.223918, -0.0, -0.021067, -0.225085, 0.974111, 0.4, -0.973681, 0.225779, 0.031113, -0.0, 0.0, 0.0, 0.0, 1.0]
            ]
        },
        {
            "name": "Arm_L",
            "time": [0.0, 0.2667, 0.5, 0.6667, 1.0333, 1.25, 1.4833, 1.75],
            "transform": [
                [0.172569, -0.141537, 0.974775, 0.0, -0.795967, 0.562907, 0.222648, 0.39386, -0.580221, -0.814311, -0.015518, -0.0, 0.0, 0.0, 0.0, 1.0],
                [0.35509, 0.008891, -0.93479, -0.0, -0.920586, -0.17058, -0.351317, 0.39386, -0.16258, 0.985304, -0.052387, 0.0, 0.0, 0.0, 0.0, 1.0],
                [0.37138, -0.204983, -0.905571, -0.0, -0.928479, -0.083997, -0.361761, 0.39386, -0.00191, 0.975155, -0.221517, -0.0, 0.0, 0.0, 0.0, 1.0],
                [0.322204, -0.431133, -0.842799, -0.0, -0.835783, 0.288546, -0.467127, 0.39386, 0.44458, 0.854907, -0.267363, -0.0, 0.0, 0.0, 0.0, 1.0],
                [0.424147, -0.376333, -0.823695, 0.0, -0.844279, 0.164663, -0.509979, 0.39386, 0.327554, 0.911734, -0.247888, 0.0, 0.0, 0.0, 0.0, 1.0],
                [0.424147, -0.376333, -0.823695, 0.0, -0.844279, 0.164663, -0.509979, 0.39386, 0.327554, 0.911734, -0.247888, 0.0, 0.0, 0.0, 0.0, 1.0],
                [0.546438, 0.27706, -0.790344, -0.0, -0.785046, 0.498176, -0.368136, 0.39386, 0.291735, 0.821619, 0.489727, -0.0, 0.0, 0.0, 0.0, 1.0],
                [-0.440424, 0.111403, 0.890851, 0.0, -0.817245, 0.361034, -0.449183, 0.39386, -0.371668, -0.925875, -0.067964, -0.0, 0.0, 0.0, 0.0, 1.0]
            ]
        },
        {
            "name": "Hand_L",
            "time": [0.0, 0.2667, 0.5, 0.6667, 1.0333, 1.25, 1.4833, 1.75],
            "transform": [
                [1.0, 0.0, -0.0, -0.0, -0.0, 0.782245, -0.622971, 0.3, -0.0, 0.62297, 0.782246, 0.0, 0.0, 0.0, 0.0, 1.0],
                [0.999993, -0.003581, -0.001262, -0.0, 0.000938, 0.555102, -0.831782, 0.3, 0.003679, 0.831775, 0.555101, 0.0, 0.0, 0.0, 0.0, 1.0],
                [0.999993, -0.003379, -0.001733, 0.0, 0.000938, 0.662028, -0.749478, 0.3, 0.003679, 0.749471, 0.662027, 0.0, 0.0, 0.0, 0.0, 1.0],
                [0.999993, -0.002234, -0.00307, -0.0, 0.000938, 0.928952, -0.370199, 0.3, 0.003679, 0.370193, 0.928948, 0.0, 0.0, 0.0, 0.0, 1.0],
                [0.999993, -0.0006, -0.003749, 0.0, 0.000938, 0.995863, 0.09087, 0.3, 0.003679, -0.090873, 0.995856, -0.0, 0.0, 0.0, 0.0, 1.0],
                [0.999993, -0.0006, -0.003749, 0.0, 0.000938, 0.995863, 0.09087, 0.3, 0.003679, -0.090873, 0.995856, 0.0, 0.0, 0.0, 0.0, 1.0],
                [0.999993, -0.000813, -0.003709, 0.0, 0.000938, 0.999429, 0.033786, 0.3, 0.003679, -0.033789, 0.999423, 0.0, 0.0, 0.0, 0.0, 1.0],
                [0.999993, -0.001541, -0.00347, -0.0, 0.000938, 0.985901, -0.167329, 0.3, 0.003679, 0.167324, 0.985895, 0.0, 0.0, 0.0, 0.0, 1.0]
            ]
        },
        {
            "name": "Tool_L",
            "time": [0.0, 0.2667, 0.5, 0.6667, 1.0333, 1.25, 1.4833, 1.75],
            "transform": [
                [1.0, -0.0, 0.0, 0.0, 0.0, -0.999836, 0.018122, 0.272858, 0.0, -0.018122, -0.999247, -0.0, 0.0, 0.0, 0.0, 1.0],
                [0.997004, 0.01104, -0.076554, 0.0, -0.036659, -0.804079, -0.593391, 0.272858, -0.068067, 0.594062, -0.8008, -0.0, 0.0, 0.0, 0.0, 1.0],
                [0.997004, 0.01104, -0.076554, -0.0, -0.036659, -0.804079, -0.593391, 0.272858, -0.068067, 0.594062, -0.8008, -0.0, 0.0, 0.0, 0.0, 1.0],
                [0.997004, 0.01104, -0.076554, 0.0, -0.036659, -0.804079, -0.593391, 0.272858, -0.068067, 0.594062, -0.8008, -1e-06, 0.0, 0.0, 0.0, 1.0],
                [0.997004, 0.01104, -0.076554, -0.0, -0.036659, -0.804079, -0.593391, 0.272858, -0.068067, 0.594062, -0.8008, -0.0, 0.0, 0.0, 0.0, 1.0],
                [0.997004, 0.01104, -0.076554, -0.0, -0.036659, -0.804079, -0.593391, 0.272858, -0.068067, 0.594062, -0.8008, -0.0, 0.0, 0.0, 0.0, 1.0],
                [0.997004, 0.01104, -0.076554, 0.0, -0.036659, -0.804079, -0.593391, 0.272858, -0.068067, 0.594062, -0.8008, -0.0, 0.0, 0.0, 0.0, 1.0],
                [0.997004, 0.01104, -0.076554, -0.0, -0.036659, -0.804079, -0.593391, 0.272858, -0.068067, 0.594062, -0.8008, -0.0, 0.0, 0.0, 0.0, 1.0]
            ]
        },
        {
            "name": "Elbow_L",
            "time": [0.0, 0.2667, 0.5, 0.6667, 1.0333, 1.25, 1.4833, 1.75],
            "transform": [
                [-1.0, 0.0, -0.0, 0.001869, 0.0, -0.0, -1.0, 0.376914, -0.0, -1.0, -0.0, 0.001919, 0.0, 0.0, 0.0, 1.0],
                [-1.0, 0.0, 0.0, 2.7e-05, -0.0, 0.519315, -0.854583, 0.334301, -0.0, -0.854583, -0.519315, -0.002121, 0.0, 0.0, 0.0, 1.0],
                [-1.0, 0.0, 0.0, 2.7e-05, -0.0, 0.519315, -0.854583, 0.334301, -0.0, -0.854583, -0.519315, -0.002121, 0.0, 0.0, 0.0, 1.0],
                [-1.0, 0.0, 0.0, 2.7e-05, -0.0, 0.519315, -0.854583, 0.334301, -0.0, -0.854583, -0.519315, -0.00212, 0.0, 0.0, 0.0, 1.0],
                [-1.0, 0.0, 0.0, 2.7e-05, -0.0, 0.052698, -0.998611, 0.334301, -0.0, -0.998611, -0.052698, -0.002121, 0.0, 0.0, 0.0, 1.0],
                [-1.0, 0.0, 0.0, 2.7e-05, -0.0, 0.052698, -0.998611, 0.334301, -0.0, -0.998611, -0.052698, -0.002121, 0.0, 0.0, 0.0, 1.0],
                [-1.0, 0.0, 0.0, 2.7e-05, -0.0, 0.041058, -0.999157, 0.334301, -0.0, -0.999157, -0.041058, -0.002121, 0.0, 0.0, 0.0, 1.0],
                [-1.0, 0.0, -0.0, 2.7e-05, 0.0, -0.0, -1.0, 0.334301, -0.0, -1.0, -0.0, -0.002121, 0.0, 0.0, 0.0, 1.0]
            ]
        }
    ]
}