{
    "animation": [
        {
            "name": "Root",
            "time": [0.0, 0.1167, 0.2, 0.25, 0.3667, 0.4167, 0.4667],
            "transform": [
                [0.89632, 0.0, -0.443408, -5e-06, -0.432742, 0.218019, -0.874759, 0.152767, 0.096671, 0.975945, 0.195415, 0.709658, 0.0, 0.0, 0.0, 1.0],
                [0.991661, -0.006485, -0.12871, -5e-06, -0.126951, 0.122688, -0.984292, 0.0836, 0.022174, 0.992424, 0.120842, 0.501285, 0.0, 0.0, 0.0, 1.0],
                [0.936054, -0.003328, -0.351842, -5e-06, -0.347412, 0.149716, -0.925684, 0.133968, 0.055757, 0.988723, 0.138986, 0.736846, 0.0, 0.0, 0.0, 1.0],
                [0.89632, -0.0, -0.443408, -5e-06, -0.437627, 0.160952, -0.884634, 0.155693, 0.071367, 0.986962, 0.144264, 0.765508, 0.0, 0.0, 0.0, 1.0],
                [0.89632, 0.0, -0.443408, -5e-06, -0.441304, 0.097303, -0.892067, 0.060558, 0.043145, 0.995255, 0.087215, 0.569897, 0.0, 0.0, 0.0, 1.0],
                [0.89632, 0.0, -0.443408, -5e-06, -0.437841, 0.157956, -0.885068, 0.106662, 0.070039, 0.987446, 0.141579, 0.751221, 0.0, 0.0, 0.0, 1.0],
                [0.89632, 0.0, -0.443408, -5e-06, -0.432742, 0.218019, -0.874759, 0.152767, 0.096671, 0.975945, 0.195415, 0.709658, 0.0, 0.0, 0.0, 1.0]
            ]
        },
        {
            "name": "Thigh_R",
            "time": [0.0, 0.0667, 0.1167, 0.2, 0.25, 0.3667, 0.4667],
            "transform": [
                [0.918972, -0.225248, -0.323654, 0.124994, 0.110295, -0.641194, 0.75941, -0.002831, -0.378582, -0.733572, -0.564398, -1.2e-05, 0.0, 0.0, 0.0, 1.0],
                [0.951843, -0.274836, -0.135865, 0.124994, 0.078603, -0.209578, 0.974628, -0.002831, -0.296337, -0.93837, -0.177883, -1.2e-05, 0.0, 0.0, 0.0, 1.0],
                [0.984045, -0.17225, -0.04454, 0.124994, 0.0, -0.250342, 0.968157, -0.002831, -0.177915, -0.952709, -0.246349, -1.2e-05, 0.0, 0.0, 0.0, 1.0],
                [0.940107, -0.144853, -0.308571, 0.124994, 0.038721, -0.853982, 0.518857, -0.002831, -0.338673, -0.499728, -0.797228, -1.2e-05, 0.0, 0.0, 0.0, 1.0],
                [0.893621, 0.080884, -0.441473, 0.124994, 0.086795, -0.996201, -0.006829, -0.002831, -0.440348, -0.032215, -0.897249, -1.2e-05, 0.0, 0.0, 0.0, 1.0],
                [0.892818, 0.265224, -0.364049, 0.124994, 0.001463, -0.80995, -0.586495, -0.002831, -0.450414, 0.5231, -0.723528, -1.2e-05, 0.0, 0.0, 0.0, 1.0],
                [0.918972, -0.225248, -0.323654, 0.124994, 0.110295, -0.641194, 0.75941, -0.002831, -0.378582, -0.733572, -0.564398, -1.2e-05, 0.0, 0.0, 0.0, 1.0]
            ]
        },
        {
            "name": "Leg_R",
            "time": [0.0, 0.0667, 0.1167, 0.25, 0.3667, 0.4667],
            "transform": [
                [1.0, -1e-06, 1e-06, -0.0, -1e-06, -0.091644, 0.995791, 0.37472, -0.0, -0.995793, -0.091644, -0.0, 0.0, 0.0, 0.0, 1.0],
                [1.0, 0.0, 1e-06, 0.0, -1e-06, 0.791818, 0.610757, 0.37472, -0.0, -0.610758, 0.791817, -0.0, 0.0, 0.0, 0.0, 1.0],
                [1.0, 0.0, 1e-06, 0.0, -1e-06, 0.819152, 0.573576, 0.37472, -1e-06, -0.573577, 0.819151, -0.0, 0.0, 0.0, 0.0, 1.0],
                [1.0, 0.0, 1e-06, 0.0, -0.0, 0.953718, 0.300706, 0.37472, -1e-06, -0.300706, 0.953716, -0.0, 0.0, 0.0, 0.0, 1.0],
                [1.0, 1e-06, 1e-06, -0.0, -1e-06, 0.974253, 0.225462, 0.37472, -0.0, -0.225463, 0.974251, -0.0, 0.0, 0.0, 0.0, 1.0],
                [1.0, -1e-06, 1e-06, -0.0, -1e-06, -0.091644, 0.995791, 0.37472, -0.0, -0.995793, -0.091644, -0.0, 0.0, 0.0, 0.0, 1.0]
            ]
        },
        {
            "name": "Knee_R",
            "time": [0.0, 0.0667, 0.1167, 0.25, 0.3667, 0.4667],
            "transform": [
                [1.0, 0.0, -0.0, -0.000179, -0.0, 1e-06, -1.0, 0.436391, -0.0, 1.0, 1e-06, -0.000613, 0.0, 0.0, 0.0, 1.0],
                [1.0, 0.0, -0.0, -0.000234, -0.0, -0.124768, -0.992186, 0.423801, -0.0, 0.992186, -0.124768, -0.000249, 0.0, 0.0, 0.0, 1.0],
                [1.0, 0.0, -0.0, -0.000322, -0.0, 1e-06, -1.0, 0.39431, -0.0, 1.0, 1e-06, 0.000335, 0.0, 0.0, 0.0, 1.0],
                [1.0, 0.0, -0.0, 0.0, -0.0, 1e-06, -1.0, 0.37472, -0.0, 1.0, 1e-06, -0.0, 0.0, 0.0, 0.0, 1.0],
                [1.0, -0.0, -0.0, 0.0, -0.0, -0.266541, -0.963824, 0.399872, 0.0, 0.963824, -0.266541, 0.001742, 0.0, 0.0, 0.0, 1.0],
                [1.0, 0.0, -0.0, -0.000179, -0.0, 1e-06, -1.0, 0.436391, -0.0, 1.0, 1e-06, -0.000613, 0.0, 0.0, 0.0, 1.0]
            ]
        },
        {
            "name": "Thigh_L",
            "time": [0.0, 0.1167, 0.25, 0.3167, 0.3667, 0.4667],
            "transform": [
                [0.887332, 0.08605, -0.45303, -0.125006, -0.066843, -0.948056, -0.311001, -0.002831, -0.456259, 0.306244, -0.835489, -1.2e-05, 0.0, 0.0, 0.0, 1.0],
                [0.988065, 0.11271, -0.104988, -0.125006, 0.005106, -0.705185, -0.709004, -0.002831, -0.153948, 0.700008, -0.697344, -1.2e-05, 0.0, 0.0, 0.0, 1.0],
                [0.854613, -0.409765, -0.318949, -0.125006, -0.087524, -0.719117, 0.689355, -0.002831, -0.511835, -0.561216, -0.650431, -1.2e-05, 0.0, 0.0, 0.0, 1.0],
                [0.884062, -0.442115, -0.151549, -0.125006, -0.011335, -0.344448, 0.938736, -0.002831, -0.46723, -0.828185, -0.309526, -1.2e-05, 0.0, 0.0, 0.0, 1.0],
                [0.895891, -0.41581, -0.15646, -0.125006, -0.006683, -0.364746, 0.931083, -0.002831, -0.444221, -0.833104, -0.329552, -1.2e-05, 0.0, 0.0, 0.0, 1.0],
                [0.887332, 0.08605, -0.45303, -0.125006, -0.066843, -0.948056, -0.311001, -0.002831, -0.456259, 0.306244, -0.835489, -1.2e-05, 0.0, 0.0, 0.0, 1.0]
            ]
        },
        {
            "name": "Leg_L",
            "time": [0.0, 0.1167, 0.25, 0.3167, 0.3667, 0.4667],
            "transform": [
                [1.0, 0.0, 1e-06, -0.0, -0.0, 0.984272, 0.176659, 0.37472, -1e-06, -0.17666, 0.984272, 0.0, 0.0, 0.0, 0.0, 1.0],
                [1.0, 1e-06, 1e-06, 0.0, -1e-06, 0.994353, 0.106117, 0.37472, -0.0, -0.106117, 0.994354, 0.0, 0.0, 0.0, 0.0, 1.0],
                [1.0, -1e-06, 1e-06, -0.0, -1e-06, -0.474771, 0.880109, 0.37472, -1e-06, -0.880109, -0.474771, 0.0, 0.0, 0.0, 0.0, 1.0],
                [1.0, 0.0, 1e-06, -0.0, -1e-06, 0.839728, 0.543007, 0.37472, -0.0, -0.543006, 0.839729, 0.0, 0.0, 0.0, 0.0, 1.0],
                [1.0, 0.0, 1e-06, -0.0, -1e-06, 0.819152, 0.573577, 0.37472, -1e-06, -0.573576, 0.819152, -0.0, 0.0, 0.0, 0.0, 1.0],
                [1.0, 0.0, 1e-06, -0.0, -0.0, 0.984272, 0.176659, 0.37472, -1e-06, -0.17666, 0.984272, 0.0, 0.0, 0.0, 0.0, 1.0]
            ]
        },
        {
            "name": "Knee_L",
            "time": [0.0, 0.1167, 0.25, 0.3167, 0.3667, 0.4667],
            "transform": [
                [1.0, 0.0, -0.0, -0.0, -0.0, 1e-06, -1.0, 0.37472, -0.0, 1.0, 1e-06, 0.0, 0.0, 0.0, 0.0, 1.0],
                [1.0, -0.0, -0.0, 2.5e-05, -0.0, -0.273199, -0.961958, 0.399689, -0.0, 0.961958, -0.273199, -7e-06, 0.0, 0.0, 0.0, 1.0],
                [1.0, 0.0, -0.0, -0.0001, -0.0, 1e-06, -1.0, 0.433466, -0.0, 1.0, 1e-06, -0.000823, 0.0, 0.0, 0.0, 1.0],
                [1.0, 0.0, -0.0, -0.000214, -0.0, -0.157737, -0.987481, 0.412589, -0.0, 0.987481, -0.157737, 0.000686, 0.0, 0.0, 0.0, 1.0],
                [1.0, 0.0, -0.0, -0.000258, -0.0, 1e-06, -1.0, 0.391327, -0.0, 1.0, 1e-06, 0.001626, 0.0, 0.0, 0.0, 1.0],
                [1.0, 0.0, -0.0, -0.0, -0.0, 1e-06, -1.0, 0.37472, -0.0, 1.0, 1e-06, 0.0, 0.0, 0.0, 0.0, 1.0]
            ]
        },
        {
            "name": "Torso",
            "time": [0.0, 0.1167, 0.25, 0.3667, 0.4667],
            "transform": [
                [0.821391, -0.101156, 0.561323, 0.0, 0.02962, 0.990385, 0.135134, 0.05, -0.569595, -0.094371, 0.81649, 0.0, 0.0, 0.0, 0.0, 1.0],
                [0.998572, 0.006271, 0.053046, 0.0, -0.021921, 0.953712, 0.299922, 0.05, -0.04871, -0.300656, 0.952488, -0.0, 0.0, 0.0, 0.0, 1.0],
                [0.939763, -0.163159, 0.300373, 0.0, 0.009832, 0.891269, 0.453368, 0.05, -0.341684, -0.423106, 0.839186, 0.0, 0.0, 0.0, 0.0, 1.0],
                [0.900587, -0.125229, 0.416246, -0.0, -0.048996, 0.922253, 0.38347, 0.05, -0.431906, -0.365743, 0.824433, -0.0, 0.0, 0.0, 0.0, 1.0],
                [0.821391, -0.101156, 0.561323, 0.0, 0.02962, 0.990385, 0.135134, 0.05, -0.569595, -0.094371, 0.81649, 0.0, 0.0, 0.0, 0.0, 1.0]
            ]
        },
        {
            "name": "Chest",
            "time": [0.0, 0.1167, 0.25, 0.3667, 0.4667],
            "transform": [
                [0.884031, 0.091616, -0.458362, 0.0, 0.009654, 0.976816, 0.213863, 0.3, 0.467329, -0.193487, 0.862651, -0.0, 0.0, 0.0, 0.0, 1.0],
                [0.941387, 0.035905, -0.335412, 0.0, 0.000573, 0.994147, 0.108029, 0.3, 0.337328, -0.10189, 0.935857, 0.0, 0.0, 0.0, 0.0, 1.0],
                [0.961962, -0.139387, 0.234947, -0.0, 0.078414, 0.964731, 0.251289, 0.3, -0.261687, -0.223308, 0.938964, -0.0, 0.0, 0.0, 0.0, 1.0],
                [0.997909, -0.060454, -0.022857, 0.0, 0.060356, 0.998165, -0.004925, 0.3, 0.023113, 0.003535, 0.999727, 0.0, 0.0, 0.0, 0.0, 1.0],
                [0.884031, 0.091616, -0.458362, 0.0, 0.009654, 0.976816, 0.213863, 0.3, 0.467329, -0.193487, 0.862651, -0.0, 0.0, 0.0, 0.0, 1.0]
            ]
        },
        {
            "name": "Head",
            "time": [0.0, 0.1167, 0.25, 0.3667, 0.4667],
            "transform": [
                [0.934546, 0.097842, 0.342128, 0.0, -0.005598, 0.96538, -0.260789, 0.4, -0.355799, 0.241804, 0.902739, -0.0, 0.0, 0.0, 0.0, 1.0],
                [0.92378, 0.029514, 0.381784, -0.0, 0.121523, 0.922889, -0.365387, 0.4, -0.363128, 0.383933, 0.84896, -0.0, 0.0, 0.0, 0.0, 1.0],
                [0.978104, -0.054919, -0.200741, 0.0, -0.087728, 0.765872, -0.63698, 0.4, 0.188724, 0.640643, 0.744285, -0.0, 0.0, 0.0, 0.0, 1.0],
                [0.998797, -0.039371, 0.029247, 0.0, 0.047739, 0.91714, -0.395697, 0.4, -0.011245, 0.396617, 0.917915, -0.0, 0.0, 0.0, 0.0, 1.0],
                [0.934546, 0.097842, 0.342128, 0.0, -0.005598, 0.96538, -0.260789, 0.4, -0.355799, 0.241804, 0.902739, -0.0, 0.0, 0.0, 0.0, 1.0]
            ]
        },
        {
            "name": "Shoulder_R",
            "time": [0.0, 0.1167, 0.25, 0.3667, 0.4667],
            "transform": [
                [-0.401321, 0.828144, 0.391304, 0.0, -0.053227, -0.447581, 0.892658, 0.4, 0.914389, 0.337415, 0.223703, -0.0, 0.0, 0.0, 0.0, 1.0],
                [-0.401321, 0.808639, 0.430167, -0.0, -0.053226, -0.489443, 0.87041, 0.4, 0.914389, 0.326418, 0.239465, -0.0, 0.0, 0.0, 0.0, 1.0],
                [-0.561445, 0.729356, 0.390921, 0.0, 0.038966, -0.448579, 0.892893, 0.4, 0.826596, 0.516543, 0.223432, -0.0, 0.0, 0.0, 0.0, 1.0],
                [-0.641755, 0.659569, 0.391304, 0.0, 0.090471, -0.441562, 0.892658, 0.4, 0.761554, 0.60827, 0.223703, -0.0, 0.0, 0.0, 0.0, 1.0],
                [-0.401321, 0.828144, 0.391304, 0.0, -0.053227, -0.447581, 0.892658, 0.4, 0.914389, 0.337415, 0.223703, -0.0, 0.0, 0.0, 0.0, 1.0]
            ]
        },
        {
            "name": "Arm_R",
            "time": [0.0, 0.1167, 0.25, 0.3667, 0.4667],
            "transform": [
                [0.248557, 0.13085, -0.959738, 0.0, 0.643055, 0.718684, 0.264526, 0.39386, 0.724361, -0.682914, 0.09449, 0.0, 0.0, 0.0, 0.0, 1.0],
                [0.295356, 0.103162, -0.949801, -0.0, 0.478518, 0.844493, 0.240526, 0.393861, 0.826913, -0.525538, 0.200061, 0.0, 0.0, 0.0, 0.0, 1.0],
                [0.506729, 0.228527, -0.831264, 0.0, 0.670014, 0.502369, 0.546541, 0.39386, 0.542501, -0.833907, 0.101449, -0.0, 0.0, 0.0, 0.0, 1.0],
                [0.231609, -0.042187, -0.971894, 0.0, 0.578398, 0.809263, 0.102709, 0.393861, 0.782184, -0.58593, 0.211833, 0.0, 0.0, 0.0, 0.0, 1.0],
                [0.248557, 0.13085, -0.959738, 0.0, 0.643055, 0.718684, 0.264526, 0.39386, 0.724361, -0.682914, 0.09449, 0.0, 0.0, 0.0, 0.0, 1.0]
            ]
        },
        {
            "name": "Hand_R",
            "time": [0.0, 0.1167, 0.25, 0.3667, 0.4667],
            "transform": [
                [1.0, 0.0, -0.0, 0.0, -0.0, 0.919945, -0.392049, 0.3, 0.0, 0.392049, 0.919945, 0.0, 0.0, 0.0, 0.0, 1.0],
                [0.999997, -0.000853, 0.002391, 0.0, 0.001602, 0.942689, -0.33367, 0.3, -0.00197, 0.333673, 0.942687, -0.0, 0.0, 0.0, 0.0, 1.0],
                [1.0, 0.0, -0.0, 0.0, -0.0, 0.812073, -0.583555, 0.3, 0.0, 0.583555, 0.812073, -0.0, 0.0, 0.0, 0.0, 1.0],
                [0.999997, -0.001319, 0.002035, -0.0, 0.001517, 0.994919, -0.100672, 0.3, -0.001892, 0.100675, 0.994918, 0.0, 0.0, 0.0, 0.0, 1.0],
                [1.0, 0.0, -0.0, 0.0, -0.0, 0.919945, -0.392049, 0.3, 0.0, 0.392049, 0.919945, 0.0, 0.0, 0.0, 0.0, 1.0]
            ]
        },
        {
            "name": "Tool_R",
            "time": [0.0, 0.1167, 0.25, 0.3667, 0.4667],
            "transform": [
                [1.0, -0.0, 0.0, 0.0, 0.0, -0.662363, -0.749183, 0.191114, 0.0, 0.748733, -0.661979, -0.021672, 0.0, 0.0, 0.0, 1.0],
                [1.0, -0.0, 0.0, -0.0, 0.0, -0.824515, -0.56584, 0.217385, 0.0, 0.565496, -0.824033, -0.114263, 0.0, 0.0, 0.0, 1.0],
                [1.0, -0.0, 0.0, -0.0, 0.0, -0.89969, -0.436529, 0.217385, 0.0, 0.43626, -0.899162, -0.114263, 0.0, 0.0, 0.0, 1.0],
                [1.0, -0.0, 0.0, 0.0, 0.0, -0.796077, -0.605195, 0.190183, 0.0, 0.604829, -0.795612, -0.108688, 0.0, 0.0, 0.0, 1.0],
                [1.0, -0.0, 0.0, 0.0, 0.0, -0.662363, -0.749183, 0.191114, 0.0, 0.748733, -0.661979, -0.021672, 0.0, 0.0, 0.0, 1.0]
            ]
        },
        {
            "name": "Elbow_R",
            "time": [0.0, 0.1167, 0.25, 0.3667, 0.4667],
            "transform": [
                [-1.0, 0.0, 0.0, 0.0, -0.0, 0.0, -1.0, 0.3, -0.0, -1.0, 0.0, 0.0, 0.0, 0.0, 0.0, 1.0],
                [-1.0, 0.0, -0.0, 0.000989, 0.0, -0.164249, -0.986419, 0.362407, -0.0, -0.986419, 0.164249, -0.002027, 0.0, 0.0, 0.0, 1.0],
                [-1.0, 0.0, 0.0, 0.0, 0.0, -0.0, -1.0, 0.3, -0.0, -1.0, 0.0, -0.0, 0.0, 0.0, 0.0, 1.0],
                [-1.0, 0.0, 0.0, 0.000989, -0.0, -0.0, -1.0, 0.362407, -0.0, -1.0, 0.0, -0.002027, 0.0, 0.0, 0.0, 1.0],
                [-1.0, 0.0, 0.0, 0.0, -0.0, 0.0, -1.0, 0.3, -0.0, -1.0, 0.0, 0.0, 0.0, 0.0, 0.0, 1.0]
            ]
        },
        {
            "name": "Shoulder_L",
            "time": [0.0, 0.1167, 0.25, 0.3667, 0.4667],
            "transform": [
                [0.171841, -0.98211, -0.077003, 0.0, 0.055182, -0.068447, 0.996127, 0.4, -0.983578, -0.175425, 0.042433, -0.0, 0.0, 0.0, 0.0, 1.0],
                [-0.165933, -0.929556, -0.32923, -0.0, -0.002445, -0.333469, 0.942758, 0.4, -0.986134, 0.157239, 0.053061, -0.0, 0.0, 0.0, 0.0, 1.0],
                [-0.207765, -0.929169, -0.305743, 0.0, -0.066718, -0.298375, 0.952114, 0.4, -0.975901, 0.218214, 0.0, -0.0, 0.0, 0.0, 0.0, 1.0],
                [-0.116977, -0.956833, -0.266059, 0.0, -0.088945, -0.256728, 0.962382, 0.4, -0.989144, 0.136241, -0.055074, -0.0, 0.0, 0.0, 0.0, 1.0],
                [0.171841, -0.98211, -0.077003, 0.0, 0.055182, -0.068447, 0.996127, 0.4, -0.983578, -0.175425, 0.042433, -0.0, 0.0, 0.0, 0.0, 1.0]
            ]
        },
        {
            "name": "Arm_L",
            "time": [0.0, 0.1167, 0.25, 0.3667, 0.4667],
            "transform": [
                [0.323482, 0.906835, 0.270202, 0.0, -0.725284, 0.421021, -0.544706, 0.39386, -0.607719, -0.019771, 0.793906, 0.0, 0.0, 0.0, 0.0, 1.0],
                [0.100255, 0.747905, 0.656191, 0.0, -0.678263, 0.533896, -0.504891, 0.39386, -0.727948, -0.394452, 0.560802, 0.0, 0.0, 0.0, 0.0, 1.0],
                [0.382421, -0.610814, 0.693297, 0.0, -0.65635, 0.348545, 0.66912, 0.39386, -0.650353, -0.71093, -0.267617, 0.0, 0.0, 0.0, 0.0, 1.0],
                [-0.02409, -0.621719, 0.78287, -0.0, -0.858044, 0.414712, 0.302942, 0.39386, -0.51301, -0.664439, -0.543452, -0.0, 0.0, 0.0, 0.0, 1.0],
                [0.323482, 0.906835, 0.270202, 0.0, -0.725284, 0.421021, -0.544706, 0.39386, -0.607719, -0.019771, 0.793906, 0.0, 0.0, 0.0, 0.0, 1.0]
            ]
        },
        {
            "name": "Hand_L",
            "time": [0.0, 0.1167, 0.25, 0.3667, 0.4667],
            "transform": [
                [0.999999, 0.00013, 0.001191, -0.0, 0.000555, 0.8308, -0.556571, 0.3, -0.001061, 0.556571, 0.830799, -0.0, 0.0, 0.0, 0.0, 1.0],
                [0.999999, 0.000331, 0.001707, 0.0, 0.00087, 0.754806, -0.655948, 0.3, -0.001505, 0.655949, 0.754804, -0.0, 0.0, 0.0, 0.0, 1.0],
                [0.999999, 0.000374, 0.001657, 0.0, 0.00016, 0.950471, -0.310814, 0.3, -0.001691, 0.310814, 0.95047, -0.0, 0.0, 0.0, 0.0, 1.0],
                [0.999997, 0.001776, 0.001782, -0.0, -2e-06, 0.70891, -0.705299, 0.3, -0.002517, 0.705297, 0.708908, 0.0, 0.0, 0.0, 0.0, 1.0],
                [0.999999, 0.00013, 0.001191, -0.0, 0.000555, 0.8308, -0.556571, 0.3, -0.001061, 0.556571, 0.830799, -0.0, 0.0, 0.0, 0.0, 1.0]
            ]
        },
        {
            "name": "Tool_L",
            "time": [0.0, 0.1167, 0.25, 0.3667, 0.4667],
            "transform": [
                [1.0, 0.0, 0.0, 0.0, 0.0, -0.999836, 0.018122, 0.272858, 0.0, -0.018122, -0.999247, 0.0, 0.0, 0.0, 0.0, 1.0],
                [1.0, 0.0, 0.0, 0.0, 0.0, -0.999836, 0.018122, 0.272858, 0.0, -0.018122, -0.999247, -0.0, 0.0, 0.0, 0.0, 1.0],
                [1.0, 0.0, 0.0, -0.0, 0.0, -0.999836, 0.018122, 0.272858, 0.0, -0.018122, -0.999247, 0.0, 0.0, 0.0, 0.0, 1.0],
                [1.0, 0.0, 0.0, 0.0, 0.0, -0.999836, 0.018122, 0.272858, 0.0, -0.018122, -0.999248, -0.0, 0.0, 0.0, 0.0, 1.0],
                [1.0, 0.0, 0.0, 0.0, 0.0, -0.999836, 0.018122, 0.272858, 0.0, -0.018122, -0.999247, 0.0, 0.0, 0.0, 0.0, 1.0]
            ]
        },
        {
            "name": "Elbow_L",
            "time": [0.0, 0.1167, 0.25, 0.3667, 0.4667],
            "transform": [
                [-1.0, 0.0, 0.0, -0.0, 0.0, 0.55053, -0.834815, 0.3, -0.0, -0.834815, -0.55053, -0.0, 0.0, 0.0, 0.0, 1.0],
                [-1.0, 0.0, -0.0, 0.0, 0.0, -0.0, -1.0, 0.3, -0.0, -1.0, 0.0, -0.0, 0.0, 0.0, 0.0, 1.0],
                [-1.0, 0.0, -0.0, 4.4e-05, 0.0, -0.0, -1.0, 0.393784, -0.0, -1.0, -0.0, -9.6e-05, 0.0, 0.0, 0.0, 1.0],
                [-1.0, 0.0, -0.0, 1.4e-05, 0.0, -0.382164, -0.924094, 0.422465, -0.0, -0.924095, 0.382164, -3.3e-05, 0.0, 0.0, 0.0, 1.0],
                [-1.0, 0.0, 0.0, -0.0, 0.0, 0.55053, -0.834815, 0.3, -0.0, -0.834815, -0.55053, -0.0, 0.0, 0.0, 0.0, 1.0]
            ]
        }
    ]
}