{
    "animation": [
        {
            "name": "Root",
            "time": [0.0, 0.1667, 0.3, 0.4833, 0.6, 0.7333, 1.05, 1.3667, 1.6833, 2.0667],
            "transform": [
                [0.854339, 0.028643, -0.518927, -5e-06, -0.51914, 0.0, -0.854689, 0.000946, -0.024481, 0.99959, 0.01487, 0.753683, 0.0, 0.0, 0.0, 1.0],
                [0.923408, 0.037393, 0.381995, -0.069579, 0.381869, 0.010733, -0.924154, 0.462089, -0.038657, 0.999243, -0.004369, 0.70672, 0.0, 0.0, 0.0, 1.0],
                [0.247638, -0.064299, 0.966716, -0.102839, 0.968423, -0.01327, -0.248958, 0.719946, 0.028836, 0.997842, 0.058983, 0.581253, 0.0, 0.0, 0.0, 1.0],
                [0.721714, 0.065273, 0.689107, -0.080111, 0.682889, 0.095531, -0.724249, 0.773587, -0.113105, 0.993284, 0.024372, 0.608163, 0.0, 0.0, 0.0, 1.0],
                [0.955364, 0.244519, 0.165804, -0.045634, 0.13648, 0.132462, -0.981747, 0.99123, -0.262019, 0.960554, 0.093177, 0.816231, 0.0, 0.0, 0.0, 1.0],
                [0.188676, -0.033578, -0.981465, -0.05666, -0.982035, -0.003306, -0.188672, 1.36158, 0.003091, 0.999431, -0.033598, 0.517617, 0.0, 0.0, 0.0, 1.0],
                [0.137969, -0.0417, -0.989558, -0.101197, -0.990352, 0.007225, -0.138384, 1.422804, 0.01292, 0.999104, -0.0403, 0.577386, 0.0, 0.0, 0.0, 1.0],
                [0.04525, -0.03923, -0.998205, -0.099086, -0.998296, 0.035084, -0.046632, 1.443958, 0.03685, 0.998614, -0.037576, 0.570305, 0.0, 0.0, 0.0, 1.0],
                [0.440806, 0.001408, -0.897601, -0.025418, -0.895588, 0.067638, -0.439712, 1.782476, 0.060093, 0.997709, 0.031077, 0.754622, 0.0, 0.0, 0.0, 1.0],
                [0.854339, 0.028643, -0.518927, -5e-06, -0.51914, 0.0, -0.854689, 1.995506, -0.024481, 0.99959, 0.01487, 0.753683, 0.0, 0.0, 0.0, 1.0]
            ]
        },
        {
            "name": "Thigh_R",
            "time": [0.0, 0.1667, 0.3, 0.4833, 0.6, 0.7333, 1.05, 1.3667, 1.6833, 1.85, 2.0667],
            "transform": [
                [0.960515, 0.273283, -0.052206, 0.124994, 0.274652, -0.961312, 0.020994, -0.002831, -0.044449, -0.034503, -0.998416, -1.2e-05, 0.0, 0.0, 0.0, 1.0],
                [0.869984, 0.492807, 0.016353, 0.124994, 0.29326, -0.543801, 0.786307, -0.002831, 0.396391, -0.679277, -0.617621, -1.2e-05, 0.0, 0.0, 0.0, 1.0],
                [0.799033, 0.553852, 0.234079, 0.124994, 0.130387, -0.539631, 0.831743, -0.002831, 0.586979, -0.634068, -0.5034, -1.2e-05, 0.0, 0.0, 0.0, 1.0],
                [0.792651, 0.606929, 0.057784, 0.124994, 0.264201, -0.427363, 0.864615, -0.002831, 0.549455, -0.67007, -0.499103, -1.2e-05, 0.0, 0.0, 0.0, 1.0],
                [0.824154, 0.49541, 0.274475, 0.124994, 0.382443, -0.844247, 0.375474, -0.002831, 0.417739, -0.204477, -0.885259, -1.2e-05, 0.0, 0.0, 0.0, 1.0],
                [0.684133, 0.700254, -0.20397, 0.124994, 0.69848, -0.54852, 0.45962, -0.002831, 0.209969, -0.456909, -0.864377, -1.2e-05, 0.0, 0.0, 0.0, 1.0],
                [0.781357, 0.554753, -0.285882, 0.124994, 0.62363, -0.676571, 0.391581, -0.002831, 0.023811, -0.484248, -0.874606, -1.2e-05, 0.0, 0.0, 0.0, 1.0],
                [0.781357, 0.554753, -0.285882, 0.124994, 0.623629, -0.676571, 0.391581, -0.002831, 0.023811, -0.484248, -0.874606, -1.2e-05, 0.0, 0.0, 0.0, 1.0],
                [0.965825, 0.008363, -0.259059, 0.124994, 0.118377, -0.903382, 0.412171, -0.002831, -0.230583, -0.428751, -0.873501, -1.2e-05, 0.0, 0.0, 0.0, 1.0],
                [0.968296, 0.108035, -0.225235, 0.124994, 0.123683, -0.990709, 0.05652, -0.002831, -0.217037, -0.082585, -0.972664, -1.2e-05, 0.0, 0.0, 0.0, 1.0],
                [0.960515, 0.273283, -0.052206, 0.124994, 0.274652, -0.961312, 0.020994, -0.002831, -0.044449, -0.034503, -0.998416, -1.2e-05, 0.0, 0.0, 0.0, 1.0]
            ]
        },
        {
            "name": "Leg_R",
            "time": [0.0, 0.1667, 0.3, 0.4833, 0.6, 0.7333, 1.05, 1.3667, 1.6833, 1.85, 2.0667],
            "transform": [
                [1.0, -0.0, 1e-06, -0.0, 0.0, 0.977553, 0.210691, 0.37472, -1e-06, -0.210691, 0.977552, -0.0, 0.0, 0.0, 0.0, 1.0],
                [1.0, -1e-06, 0.0, 0.0, 0.0, 0.082175, 0.996617, 0.37472, -1e-06, -0.996618, 0.082175, 0.0, 0.0, 0.0, 0.0, 1.0],
                [1.0, -1e-06, 1e-06, 0.0, 0.0, 0.675514, 0.737347, 0.37472, -1e-06, -0.737348, 0.675513, 0.0, 0.0, 0.0, 0.0, 1.0],
                [1.0, -1e-06, 0.0, -0.0, 0.0, 0.373358, 0.927687, 0.37472, -1e-06, -0.927688, 0.373358, -0.0, 0.0, 0.0, 0.0, 1.0],
                [1.0, -0.0, 1e-06, 0.0, 0.0, 0.967324, 0.253547, 0.37472, -1e-06, -0.253547, 0.967322, -0.0, 0.0, 0.0, 0.0, 1.0],
                [1.0, -1e-06, 0.0, -0.0, 0.0, 0.675514, 0.737347, 0.37472, -1e-06, -0.737348, 0.675513, 0.0, 0.0, 0.0, 0.0, 1.0],
                [1.0, -1e-06, 0.0, 0.0, 0.0, 0.675514, 0.737347, 0.37472, -1e-06, -0.737348, 0.675513, 0.0, 0.0, 0.0, 0.0, 1.0],
                [1.0, -1e-06, 0.0, -0.0, 0.0, 0.675514, 0.737347, 0.37472, -1e-06, -0.737348, 0.675513, -0.0, 0.0, 0.0, 0.0, 1.0],
                [1.0, -1e-06, 0.0, -0.0, 0.0, 0.498827, 0.866701, 0.37472, -1e-06, -0.866703, 0.498826, 0.0, 0.0, 0.0, 0.0, 1.0],
                [1.0, -0.0, 1e-06, 0.0, 0.0, 0.989953, 0.141398, 0.37472, -1e-06, -0.141399, 0.989952, 0.0, 0.0, 0.0, 0.0, 1.0],
                [1.0, -0.0, 1e-06, -0.0, 0.0, 0.977553, 0.210691, 0.37472, -1e-06, -0.210691, 0.977552, 0.0, 0.0, 0.0, 0.0, 1.0]
            ]
        },
        {
            "name": "Knee_R",
            "time": [0.0, 0.1667, 0.3, 0.4833, 0.7333, 1.05, 1.3667, 2.0667],
            "transform": [
                [1.0, 0.0, -0.0, -0.0, -0.0, 1e-06, -1.0, 0.37472, -0.0, 1.0, 1e-06, -0.0, 0.0, 0.0, 0.0, 1.0],
                [1.0, 0.0, -0.0, 0.0, -0.0, 0.400979, -0.916087, 0.37472, -0.0, 0.916087, 0.400979, 0.0, 0.0, 0.0, 0.0, 1.0],
                [1.0, 0.0, -0.0, 0.0, -0.0, 1e-06, -1.0, 0.37472, -0.0, 1.0, 1e-06, 0.0, 0.0, 0.0, 0.0, 1.0],
                [1.0, 0.0, -0.0, -0.0, -0.0, 1e-06, -1.0, 0.37472, -0.0, 1.0, 1e-06, -0.0, 0.0, 0.0, 0.0, 1.0],
                [1.0, 0.0, -0.0, -0.0, -0.0, 1e-06, -1.0, 0.37472, -0.0, 1.0, 1e-06, 0.0, 0.0, 0.0, 0.0, 1.0],
                [1.0, 0.0, -0.0, 0.0, -0.0, 1e-06, -1.0, 0.37472, -0.0, 1.0, 1e-06, 0.0, 0.0, 0.0, 0.0, 1.0],
                [1.0, 0.0, -0.0, -0.0, -0.0, 1e-06, -1.0, 0.37472, -0.0, 1.0, 1e-06, -0.0, 0.0, 0.0, 0.0, 1.0],
                [1.0, 0.0, -0.0, -0.0, -0.0, 1e-06, -1.0, 0.37472, -0.0, 1.0, 1e-06, 0.0, 0.0, 0.0, 0.0, 1.0]
            ]
        },
        {
            "name": "Thigh_L",
            "time": [0.0, 0.1667, 0.3, 0.4833, 0.6, 0.7333, 1.05, 1.3667, 1.6833, 2.0667],
            "transform": [
                [0.74123, -0.283974, -0.608224, -0.125006, -0.051449, -0.927475, 0.370329, -0.002831, -0.669276, -0.243206, -0.702082, -1.2e-05, 0.0, 0.0, 0.0, 1.0],
                [0.836462, -0.185581, -0.515645, -0.125006, -0.174888, -0.982114, 0.069763, -0.002831, -0.519369, 0.031827, -0.853957, -1.2e-05, 0.0, 0.0, 0.0, 1.0],
                [0.726058, -0.499602, -0.472479, -0.125006, -0.568317, -0.822803, -0.003298, -0.002831, -0.387109, 0.270913, -0.881335, -1.2e-05, 0.0, 0.0, 0.0, 1.0],
                [0.732915, -0.491306, -0.470589, -0.125006, -0.525774, -0.848021, 0.06649, -0.002831, -0.431736, 0.198692, -0.879844, -1.2e-05, 0.0, 0.0, 0.0, 1.0],
                [0.858584, -0.239819, -0.453122, -0.125006, -0.153455, -0.963538, 0.219192, -0.002831, -0.489167, -0.118661, -0.86408, -1.2e-05, 0.0, 0.0, 0.0, 1.0],
                [0.473819, -0.842895, -0.254998, -0.125006, -0.626647, -0.526169, 0.574856, -0.002831, -0.618714, -0.112584, -0.777507, -1.2e-05, 0.0, 0.0, 0.0, 1.0],
                [0.5309, -0.770254, -0.353347, -0.125006, -0.567564, -0.632816, 0.526701, -0.002831, -0.629296, -0.079078, -0.773131, -1.2e-05, 0.0, 0.0, 0.0, 1.0],
                [0.5309, -0.770254, -0.353347, -0.125006, -0.567564, -0.632816, 0.5267, -0.002831, -0.629296, -0.079078, -0.773131, -1.2e-05, 0.0, 0.0, 0.0, 1.0],
                [0.727411, -0.372108, -0.576548, -0.125006, -0.284357, -0.928126, 0.240255, -0.002831, -0.62451, -0.010818, -0.780941, -1.2e-05, 0.0, 0.0, 0.0, 1.0],
                [0.74123, -0.283974, -0.608224, -0.125006, -0.051449, -0.927475, 0.370329, -0.002831, -0.669276, -0.243206, -0.702082, -1.2e-05, 0.0, 0.0, 0.0, 1.0]
            ]
        },
        {
            "name": "Leg_L",
            "time": [0.0, 0.3, 0.4833, 0.6, 0.7333, 1.05, 1.3667, 2.0667],
            "transform": [
                [0.998576, 0.053293, 0.002315, -0.0, -0.051599, 0.954021, 0.295265, 0.37472, 0.013527, -0.294964, 0.955413, -0.0, 0.0, 0.0, 0.0, 1.0],
                [0.998576, 0.053293, 0.002315, 0.0, -0.051599, 0.954021, 0.295265, 0.37472, 0.013527, -0.294964, 0.955413, -0.0, 0.0, 0.0, 0.0, 1.0],
                [0.998576, 0.053293, 0.002315, -0.0, -0.051599, 0.954021, 0.295265, 0.37472, 0.013527, -0.294964, 0.955413, -0.0, 0.0, 0.0, 0.0, 1.0],
                [0.998576, 0.014857, 0.051232, 0.0, -0.051599, 0.025481, 0.998343, 0.37472, 0.013527, -0.999565, 0.026211, -0.0, 0.0, 0.0, 0.0, 1.0],
                [0.998576, 0.052324, 0.010377, 0.0, -0.051599, 0.898152, 0.436647, 0.37472, 0.013527, -0.436561, 0.899573, 0.0, 0.0, 0.0, 0.0, 1.0],
                [0.998576, 0.053292, 0.002315, -0.0, -0.051599, 0.954021, 0.295265, 0.37472, 0.013527, -0.294964, 0.955413, -0.0, 0.0, 0.0, 0.0, 1.0],
                [0.998576, 0.053293, 0.002315, -0.0, -0.051599, 0.954021, 0.295265, 0.37472, 0.013527, -0.294964, 0.955413, -0.0, 0.0, 0.0, 0.0, 1.0],
                [0.998576, 0.053293, 0.002315, -0.0, -0.051599, 0.954021, 0.295265, 0.37472, 0.013527, -0.294964, 0.955413, -0.0, 0.0, 0.0, 0.0, 1.0]
            ]
        },
        {
            "name": "Knee_L",
            "time": [0.0, 0.3, 0.4833, 0.7333, 1.05, 1.3667, 2.0667],
            "transform": [
                [1.0, 0.0, -0.0, -0.0, -0.0, 1e-06, -1.0, 0.37472, -0.0, 1.0, 1e-06, -0.0, 0.0, 0.0, 0.0, 1.0],
                [1.0, 0.0, -0.0, 0.0, -0.0, 1e-06, -1.0, 0.37472, -0.0, 1.0, 1e-06, -0.0, 0.0, 0.0, 0.0, 1.0],
                [1.0, 0.0, -0.0, -0.0, -0.0, 1e-06, -1.0, 0.37472, -0.0, 1.0, 1e-06, -0.0, 0.0, 0.0, 0.0, 1.0],
                [1.0, 0.0, -0.0, 0.0, -0.0, 1e-06, -1.0, 0.37472, -0.0, 1.0, 1e-06, 0.0, 0.0, 0.0, 0.0, 1.0],
                [1.0, 0.0, -0.0, -0.0, -0.0, 1e-06, -1.0, 0.37472, -0.0, 1.0, 1e-06, -0.0, 0.0, 0.0, 0.0, 1.0],
                [1.0, 0.0, -0.0, -0.0, -0.0, 1e-06, -1.0, 0.37472, -0.0, 1.0, 1e-06, -0.0, 0.0, 0.0, 0.0, 1.0],
                [1.0, 0.0, -0.0, -0.0, -0.0, 1e-06, -1.0, 0.37472, -0.0, 1.0, 1e-06, -0.0, 0.0, 0.0, 0.0, 1.0]
            ]
        },
        {
            "name": "Torso",
            "time": [0.0, 0.3, 0.4833, 0.7333, 1.05, 1.3667, 2.0667],
            "transform": [
                [0.999042, -0.043673, -0.002705, 0.0, 0.04367, 0.999045, -0.001423, 0.05, 0.002765, 0.001304, 0.999995, -0.0, 0.0, 0.0, 0.0, 1.0],
                [0.951882, -0.043238, 0.3034, -0.0, 0.013421, 0.994929, 0.099683, 0.05, -0.306171, -0.090814, 0.947635, 0.0, 0.0, 0.0, 0.0, 1.0],
                [0.951882, -0.043238, 0.303399, 0.0, 0.013421, 0.994929, 0.099683, 0.05, -0.306171, -0.090814, 0.947635, 0.0, 0.0, 0.0, 0.0, 1.0],
                [0.951882, 0.014564, 0.306119, -0.0, 0.013421, 0.995931, -0.089115, 0.05, -0.306171, 0.088935, 0.947813, -0.0, 0.0, 0.0, 0.0, 1.0],
                [0.951882, -0.045962, 0.302999, 0.0, 0.013421, 0.993993, 0.108617, 0.05, -0.306171, -0.099324, 0.946781, 0.0, 0.0, 0.0, 0.0, 1.0],
                [0.951882, -0.045962, 0.302999, 0.0, 0.013421, 0.993993, 0.108617, 0.05, -0.306171, -0.099323, 0.946781, 0.0, 0.0, 0.0, 0.0, 1.0],
                [0.999042, -0.043673, -0.002705, -0.0, 0.04367, 0.999045, -0.001423, 0.05, 0.002765, 0.001304, 0.999995, -0.0, 0.0, 0.0, 0.0, 1.0]
            ]
        },
        {
            "name": "Chest",
            "time": [0.0, 0.3, 0.4833, 0.6, 0.7333, 1.05, 1.3667, 2.0667],
            "transform": [
                [0.999771, -0.021316, -0.002029, 0.0, 0.021411, 0.994316, 0.104295, 0.3, -0.000206, -0.104315, 0.994544, 0.0, 0.0, 0.0, 0.0, 1.0],
                [0.890178, -0.117146, 0.440296, -0.0, -0.028621, 0.950093, 0.31065, 0.3, -0.454714, -0.289135, 0.842399, -0.0, 0.0, 0.0, 0.0, 1.0],
                [0.911089, -0.084489, 0.403458, 0.0, -0.006959, 0.975477, 0.219992, 0.3, -0.412151, -0.20324, 0.888159, -0.0, 0.0, 0.0, 0.0, 1.0],
                [0.671146, -0.290603, -0.681991, 0.0, 0.440399, 0.896326, 0.051462, 0.3, 0.596331, -0.334887, 0.729548, 0.0, 0.0, 0.0, 0.0, 1.0],
                [0.918839, -0.102232, -0.381161, 0.0, 0.123091, 0.991921, 0.030684, 0.3, 0.374944, -0.075111, 0.924, -0.0, 0.0, 0.0, 0.0, 1.0],
                [0.994529, -0.102687, -0.019144, -0.0, 0.101613, 0.99354, -0.05053, 0.3, 0.024209, 0.048309, 0.998539, 0.0, 0.0, 0.0, 0.0, 1.0],
                [0.994529, -0.102044, -0.022322, -0.0, 0.101613, 0.99463, -0.019663, 0.3, 0.024209, 0.017287, 0.999558, 0.0, 0.0, 0.0, 0.0, 1.0],
                [0.999771, -0.021316, -0.002029, 0.0, 0.021411, 0.994316, 0.104295, 0.3, -0.000206, -0.104315, 0.994544, -0.0, 0.0, 0.0, 0.0, 1.0]
            ]
        },
        {
            "name": "Head",
            "time": [0.0, 0.3, 0.4833, 0.7333, 1.05, 1.3667, 2.0667],
            "transform": [
                [0.85311, 0.037721, 0.520365, -0.0, -0.006297, 0.998055, -0.062025, 0.4, -0.521692, 0.049637, 0.851689, -0.0, 0.0, 0.0, 0.0, 1.0],
                [0.046513, 0.037721, -0.998205, -0.0, -0.051372, 0.998055, 0.035322, 0.4, 0.997596, 0.049637, 0.048361, -0.0, 0.0, 0.0, 0.0, 1.0],
                [0.232123, 0.037721, -0.971955, -0.0, -0.057065, 0.998055, 0.025106, 0.4, 0.971011, 0.049637, 0.233824, -0.0, 0.0, 0.0, 0.0, 1.0],
                [0.338102, 0.037721, 0.940353, -0.0, 0.033996, 0.998055, -0.052259, 0.4, -0.940495, 0.049637, 0.336162, 0.0, 0.0, 0.0, 0.0, 1.0],
                [0.714097, 0.037721, 0.699029, -0.0, 0.007825, 0.998055, -0.061851, 0.4, -0.700003, 0.049637, 0.712413, 0.0, 0.0, 0.0, 0.0, 1.0],
                [0.684594, 0.037721, 0.727948, 0.0, 0.010375, 0.998055, -0.061474, 0.4, -0.728851, 0.049637, 0.682871, -0.0, 0.0, 0.0, 0.0, 1.0],
                [0.85311, 0.037721, 0.520365, -0.0, -0.006297, 0.998055, -0.062025, 0.4, -0.521692, 0.049637, 0.851689, -0.0, 0.0, 0.0, 0.0, 1.0]
            ]
        },
        {
            "name": "Shoulder_R",
            "time": [0.0, 0.3, 0.4, 0.4833, 0.7333, 1.05, 1.3667, 2.0667],
            "transform": [
                [0.110305, 0.959352, 0.259762, -0.0, 0.091141, -0.270019, 0.958532, 0.4, 0.98971, -0.082056, -0.11722, -0.0, 0.0, 0.0, 0.0, 1.0],
                [0.607648, 0.750525, 0.259762, -0.0, -0.067903, -0.276777, 0.958532, 0.4, 0.791298, -0.600088, -0.11722, -0.0, 0.0, 0.0, 0.0, 1.0],
                [0.697327, 0.669697, 0.255421, -0.0, -0.099936, -0.262034, 0.95987, 0.4, 0.709752, -0.694869, -0.115797, 0.0, 0.0, 0.0, 0.0, 1.0],
                [0.560169, 0.794133, 0.235718, -0.0, -0.042465, -0.25665, 0.965571, 0.4, 0.827289, -0.550893, -0.110044, -0.0, 0.0, 0.0, 0.0, 1.0],
                [0.106496, 0.993692, 0.035142, -0.0, 0.104183, -0.0463, 0.99348, 0.4, 0.98884, -0.102141, -0.108457, 0.0, 0.0, 0.0, 0.0, 1.0],
                [0.005677, 0.999974, -0.004318, -0.0, 0.119869, 0.003606, 0.992783, 0.4, 0.992773, -0.006153, -0.119846, 0.0, 0.0, 0.0, 0.0, 1.0],
                [0.005677, 0.999974, -0.004318, 0.0, 0.119869, 0.003606, 0.992783, 0.4, 0.992773, -0.006153, -0.119846, -0.0, 0.0, 0.0, 0.0, 1.0],
                [0.110305, 0.959352, 0.259762, -0.0, 0.091141, -0.270019, 0.958532, 0.4, 0.98971, -0.082056, -0.11722, -0.0, 0.0, 0.0, 0.0, 1.0]
            ]
        },
        {
            "name": "Arm_R",
            "time": [0.0, 0.3, 0.4, 0.4833, 0.5333, 0.6, 0.7333, 1.05, 1.3667, 1.65, 2.0667],
            "transform": [
                [0.029874, -0.10887, -0.993607, -0.0, 0.907206, 0.420268, -0.018773, 0.393861, 0.419625, -0.900845, 0.111322, 0.0, 0.0, 0.0, 0.0, 1.0],
                [0.131903, -0.817321, -0.560881, 0.0, -0.419906, 0.46648, -0.778508, 0.393861, 0.897931, 0.338205, -0.281668, 0.0, 0.0, 0.0, 0.0, 1.0],
                [-0.424457, -0.794841, -0.433662, 0.0, -0.105703, 0.519172, -0.848108, 0.39386, 0.899257, -0.314146, -0.304383, 0.0, 0.0, 0.0, 0.0, 1.0],
                [-0.224134, -0.701529, -0.676476, 0.0, -0.154349, 0.710928, -0.686117, 0.39386, 0.962258, -0.049369, -0.267623, -0.0, 0.0, 0.0, 0.0, 1.0],
                [-0.349713, -0.5862, -0.730801, -0.0, -0.331278, 0.807036, -0.488822, 0.39386, 0.876331, 0.071151, -0.476426, 0.0, 0.0, 0.0, 0.0, 1.0],
                [0.057932, -0.48229, -0.874094, -0.0, -0.94481, 0.256319, -0.204046, 0.39386, 0.322456, 0.837674, -0.440823, 0.0, 0.0, 0.0, 0.0, 1.0],
                [0.000895, 0.036257, -0.999342, 0.0, -0.640407, 0.767551, 0.027274, 0.393861, 0.768035, 0.639962, 0.023906, -0.0, 0.0, 0.0, 0.0, 1.0],
                [0.022827, 0.287364, -0.957549, 0.0, -0.354634, 0.897841, 0.260991, 0.393861, 0.934726, 0.333622, 0.122405, 0.0, 0.0, 0.0, 0.0, 1.0],
                [0.053066, 0.261947, -0.963622, 0.0, -0.22163, 0.944004, 0.244409, 0.39386, 0.973686, 0.200597, 0.10815, 0.0, 0.0, 0.0, 0.0, 1.0],
                [-0.715067, 0.104465, -0.691206, 0.0, 0.323101, 0.926209, -0.194272, 0.39386, 0.619907, -0.362247, -0.696055, 0.0, 0.0, 0.0, 0.0, 1.0],
                [0.029874, -0.10887, -0.993607, 0.0, 0.907206, 0.420268, -0.018773, 0.39386, 0.419625, -0.900845, 0.111322, 0.0, 0.0, 0.0, 0.0, 1.0]
            ]
        },
        {
            "name": "Hand_R",
            "time": [0.0, 0.3, 0.4833, 0.6, 0.7333, 1.05, 1.3667, 1.65, 2.0667],
            "transform": [
                [0.999998, -0.000884, 0.001595, 0.0, 0.000868, 0.999949, 0.010043, 0.3, -0.001603, -0.010042, 0.999948, -0.0, 0.0, 0.0, 0.0, 1.0],
                [0.999998, -4e-06, 0.001823, -0.0, 0.000868, 0.880348, -0.474328, 0.3, -0.001603, 0.474328, 0.880346, -0.0, 0.0, 0.0, 0.0, 1.0],
                [0.999998, -7.7e-05, 0.001822, -0.0, 0.000868, 0.898739, -0.438483, 0.3, -0.001603, 0.438484, 0.898738, 0.0, 0.0, 0.0, 0.0, 1.0],
                [0.999998, -0.000819, 0.001629, 0.0, 0.000868, 0.999549, -0.030015, 0.3, -0.001603, 0.030016, 0.999548, 0.0, 0.0, 0.0, 0.0, 1.0],
                [0.999998, -0.000633, 0.00171, 0.0, 0.000868, 0.990029, -0.140862, 0.3, -0.001603, 0.140864, 0.990028, -0.0, 0.0, 0.0, 0.0, 1.0],
                [0.999998, -0.000188, 0.001814, 0.0, 0.000868, 0.923765, -0.38296, 0.3, -0.001603, 0.382961, 0.923763, -0.0, 0.0, 0.0, 0.0, 1.0],
                [0.999998, -0.000188, 0.001814, -0.0, 0.000868, 0.923765, -0.38296, 0.3, -0.001603, 0.382961, 0.923763, -0.0, 0.0, 0.0, 0.0, 1.0],
                [0.999998, 0.000167, 0.001816, 0.0, 0.000868, 0.832099, -0.554627, 0.3, -0.001603, 0.554627, 0.832097, -0.0, 0.0, 0.0, 0.0, 1.0],
                [0.999998, -0.000884, 0.001595, 0.0, 0.000868, 0.999949, 0.010043, 0.3, -0.001603, -0.010042, 0.999948, 0.0, 0.0, 0.0, 0.0, 1.0]
            ]
        },
        {
            "name": "Tool_R",
            "time": [0.0, 0.3, 0.4833, 0.6, 0.7333, 1.05, 1.3667, 1.65, 2.0667],
            "transform": [
                [0.965322, -0.063715, -0.25317, 0.015054, -0.130905, -0.957169, -0.258245, 0.243316, -0.22574, 0.282253, -0.931768, 0.024459, 0.0, 0.0, 0.0, 1.0],
                [0.965328, -0.142573, -0.218665, 0.015054, -0.130861, -0.989119, 0.067219, 0.243316, -0.225737, -0.036262, -0.972905, 0.024459, 0.0, 0.0, 0.0, 1.0],
                [0.990904, -0.13241, -0.024027, 0.015054, -0.132571, -0.99116, -0.005248, 0.243316, -0.023108, 0.00837, -0.999106, 0.024459, 0.0, 0.0, 0.0, 1.0],
                [0.994868, 0.085777, -0.053669, 0.015054, 0.016034, -0.657353, -0.753412, 0.243316, -0.099846, 0.748235, -0.654975, 0.024459, 0.0, 0.0, 0.0, 1.0],
                [0.96532, -0.04563, -0.257053, 0.015054, -0.130919, -0.936465, -0.325413, 0.243316, -0.22574, 0.347565, -0.909426, 0.024459, 0.0, 0.0, 0.0, 1.0],
                [0.965319, -0.026987, -0.259677, 0.015054, -0.13093, -0.910563, -0.392088, 0.243316, -0.225738, 0.412236, -0.881998, 0.024459, 0.0, 0.0, 0.0, 1.0],
                [0.965318, -0.026987, -0.259677, 0.015053, -0.13093, -0.910562, -0.392088, 0.243316, -0.225738, 0.412236, -0.881998, 0.024459, 0.0, 0.0, 0.0, 1.0],
                [0.995163, -0.039894, 0.089775, 0.015054, -0.003824, -0.928876, -0.370372, 0.243316, 0.098107, 0.368009, -0.923992, 0.024459, 0.0, 0.0, 0.0, 1.0],
                [0.965322, -0.063715, -0.25317, 0.015054, -0.130905, -0.957169, -0.258245, 0.243316, -0.22574, 0.282253, -0.931768, 0.024459, 0.0, 0.0, 0.0, 1.0]
            ]
        },
        {
            "name": "Elbow_R",
            "time": [0.0, 0.3, 0.4833, 0.7333, 1.05, 1.3667, 2.0667],
            "transform": [
                [-1.0, 0.0, -0.0, 0.0, 0.0, -0.0, -1.0, 0.341622, -0.0, -1.0, 0.0, 0.0, 0.0, 0.0, 0.0, 1.0],
                [-1.0, 0.0, -0.0, -0.0, 0.0, -0.0, -1.0, 0.341622, -0.0, -1.0, 0.0, -0.0, 0.0, 0.0, 0.0, 1.0],
                [-1.0, 0.0, -0.0, -0.0, 0.0, -0.0, -1.0, 0.341622, -0.0, -1.0, 0.0, 0.0, 0.0, 0.0, 0.0, 1.0],
                [-1.0, 0.0, -0.0, 0.0, 0.0, -0.0, -1.0, 0.341622, -0.0, -1.0, 0.0, 0.0, 0.0, 0.0, 0.0, 1.0],
                [-1.0, 0.0, -0.0, 0.0, 0.0, -0.0, -1.0, 0.341622, -0.0, -1.0, 0.0, -0.0, 0.0, 0.0, 0.0, 1.0],
                [-1.0, 0.0, -0.0, -0.0, 0.0, -0.0, -1.0, 0.341622, -0.0, -1.0, 0.0, 0.0, 0.0, 0.0, 0.0, 1.0],
                [-1.0, 0.0, -0.0, 0.0, 0.0, -0.0, -1.0, 0.341622, -0.0, -1.0, 0.0, 0.0, 0.0, 0.0, 0.0, 1.0]
            ]
        },
        {
            "name": "Shoulder_L",
            "time": [0.0, 0.3, 0.4833, 0.7333, 1.05, 1.3667, 2.0667],
            "transform": [
                [-0.226937, -0.947819, -0.223918, -0.0, -0.021067, -0.225085, 0.974111, 0.4, -0.973681, 0.225779, 0.031113, -0.0, 0.0, 0.0, 0.0, 1.0],
                [-0.226937, -0.947819, -0.223918, -0.0, -0.021067, -0.225085, 0.974111, 0.4, -0.973681, 0.225779, 0.031113, -0.0, 0.0, 0.0, 0.0, 1.0],
                [-0.203752, -0.953072, -0.223918, -0.0, -0.015571, -0.225532, 0.974111, 0.4, -0.978899, 0.201964, 0.031113, -0.0, 0.0, 0.0, 0.0, 1.0],
                [-0.021628, -0.974368, -0.223918, -0.0, 0.026949, -0.224457, 0.974111, 0.4, -0.999403, 0.015034, 0.031113, 0.0, 0.0, 0.0, 0.0, 1.0],
                [0.015752, -0.974481, -0.223918, -0.0, 0.035536, -0.223258, 0.974111, 0.4, -0.999244, -0.023301, 0.031113, 0.0, 0.0, 0.0, 0.0, 1.0],
                [0.015751, -0.974481, -0.223918, 0.0, 0.035536, -0.223258, 0.974111, 0.4, -0.999244, -0.023301, 0.031113, -0.0, 0.0, 0.0, 0.0, 1.0],
                [-0.226937, -0.947819, -0.223918, -0.0, -0.021067, -0.225085, 0.974111, 0.4, -0.973681, 0.225779, 0.031113, -0.0, 0.0, 0.0, 0.0, 1.0]
            ]
        },
        {
            "name": "Arm_L",
            "time": [0.0, 0.3, 0.4833, 0.7333, 1.05, 1.3667, 2.0667],
            "transform": [
                [-0.440424, 0.111403, 0.890851, 0.0, -0.817245, 0.361034, -0.449183, 0.39386, -0.371668, -0.925875, -0.067964, -0.0, 0.0, 0.0, 0.0, 1.0],
                [-0.415633, -0.335707, 0.845311, -0.0, -0.653455, 0.75668, -0.020791, 0.39386, -0.63265, -0.561014, -0.53387, 0.0, 0.0, 0.0, 0.0, 1.0],
                [-0.400992, -0.188208, 0.896539, 0.0, -0.628932, 0.768136, -0.120048, 0.39386, -0.66607, -0.612, -0.426387, 0.0, 0.0, 0.0, 0.0, 1.0],
                [-0.455991, -0.009673, 0.889932, 0.0, -0.225137, 0.968671, -0.104829, 0.39386, -0.861037, -0.248157, -0.443883, -0.0, 0.0, 0.0, 0.0, 1.0],
                [-0.457948, 0.024924, 0.88863, 0.0, -0.136036, 0.985869, -0.097756, 0.39386, -0.878509, -0.165653, -0.448086, -0.0, 0.0, 0.0, 0.0, 1.0],
                [-0.457948, 0.024924, 0.88863, -0.0, -0.136036, 0.985869, -0.097756, 0.39386, -0.878509, -0.165653, -0.448086, -0.0, 0.0, 0.0, 0.0, 1.0],
                [-0.440424, 0.111403, 0.890851, 0.0, -0.817245, 0.361034, -0.449183, 0.39386, -0.371668, -0.925875, -0.067964, 0.0, 0.0, 0.0, 0.0, 1.0]
            ]
        },
        {
            "name": "Hand_L",
            "time": [0.0, 0.3, 0.4833, 0.7333, 1.05, 1.3667, 2.0667],
            "transform": [
                [0.999993, -0.001541, -0.00347, -0.0, 0.000938, 0.985901, -0.167329, 0.3, 0.003679, 0.167324, 0.985895, -0.0, 0.0, 0.0, 0.0, 1.0],
                [0.999993, -0.001541, -0.00347, -0.0, 0.000938, 0.985901, -0.167329, 0.3, 0.003679, 0.167324, 0.985895, -0.0, 0.0, 0.0, 0.0, 1.0],
                [0.999993, -0.001897, -0.003289, -0.0, 0.000938, 0.962831, -0.270102, 0.3, 0.003679, 0.270097, 0.962826, -0.0, 0.0, 0.0, 0.0, 1.0],
                [0.999993, -0.003726, -0.00073, 0.0, 0.000938, 0.42884, -0.90338, 0.3, 0.003679, 0.903373, 0.428841, -0.0, 0.0, 0.0, 0.0, 1.0],
                [0.999993, -0.003581, -0.001262, -0.0, 0.000938, 0.555102, -0.831782, 0.3, 0.003679, 0.831775, 0.555101, 0.0, 0.0, 0.0, 0.0, 1.0],
                [0.999993, -0.003653, -0.001035, -0.0, 0.000938, 0.50189, -0.864931, 0.3, 0.003679, 0.864924, 0.50189, 0.0, 0.0, 0.0, 0.0, 1.0],
                [0.999993, -0.001541, -0.00347, 0.0, 0.000938, 0.985901, -0.167329, 0.3, 0.003679, 0.167324, 0.985895, 0.0, 0.0, 0.0, 0.0, 1.0]
            ]
        },
        {
            "name": "Tool_L",
            "time": [0.0, 0.3, 0.4833, 0.7333, 1.05, 1.3667, 2.0667],
            "transform": [
                [0.997004, 0.01104, -0.076554, 0.0, -0.036659, -0.804079, -0.593391, 0.272858, -0.068067, 0.594062, -0.8008, -0.0, 0.0, 0.0, 0.0, 1.0],
                [0.997004, 0.01104, -0.076554, -0.0, -0.036659, -0.804079, -0.593391, 0.272858, -0.068067, 0.594062, -0.8008, -0.0, 0.0, 0.0, 0.0, 1.0],
                [0.997004, 0.01104, -0.076554, 0.0, -0.036659, -0.804079, -0.593391, 0.272858, -0.068067, 0.594062, -0.8008, -0.0, 0.0, 0.0, 0.0, 1.0],
                [0.997004, 0.01104, -0.076554, -0.0, -0.036659, -0.804079, -0.593392, 0.272858, -0.068067, 0.594062, -0.8008, -0.0, 0.0, 0.0, 0.0, 1.0],
                [0.997004, 0.01104, -0.076554, -0.0, -0.036659, -0.804079, -0.593391, 0.272858, -0.068067, 0.594062, -0.8008, -0.0, 0.0, 0.0, 0.0, 1.0],
                [0.997004, 0.01104, -0.076554, 0.0, -0.036659, -0.804079, -0.593391, 0.272858, -0.068067, 0.594062, -0.8008, -0.0, 0.0, 0.0, 0.0, 1.0],
                [0.997004, 0.01104, -0.076554, -0.0, -0.036659, -0.804079, -0.593391, 0.272858, -0.068067, 0.594062, -0.8008, -0.0, 0.0, 0.0, 0.0, 1.0]
            ]
        },
        {
            "name": "Elbow_L",
            "time": [0.0, 0.3, 0.4833, 0.7333, 1.05, 1.3667, 2.0667],
            "transform": [
                [-1.0, 0.0, -0.0, 2.7e-05, 0.0, -0.0, -1.0, 0.334301, -0.0, -1.0, -0.0, -0.002121, 0.0, 0.0, 0.0, 1.0],
                [-1.0, 0.0, -0.0, 2.7e-05, 0.0, -0.0, -1.0, 0.334301, -0.0, -1.0, -0.0, -0.002121, 0.0, 0.0, 0.0, 1.0],
                [-1.0, 0.0, 0.0, 2.7e-05, 0.0, 0.052627, -0.998614, 0.334301, -0.0, -0.998614, -0.052627, -0.002121, 0.0, 0.0, 0.0, 1.0],
                [-1.0, 0.0, 0.0, 2.7e-05, 0.0, 0.446763, -0.894652, 0.334301, -0.0, -0.894652, -0.446763, -0.002121, 0.0, 0.0, 0.0, 1.0],
                [-1.0, 0.0, 0.0, 2.7e-05, 0.0, 0.519315, -0.854583, 0.334301, -0.0, -0.854583, -0.519315, -0.00212, 0.0, 0.0, 0.0, 1.0],
                [-1.0, 0.0, 0.0, 2.7e-05, 0.0, 0.519315, -0.854583, 0.334301, -0.0, -0.854583, -0.519315, -0.00212, 0.0, 0.0, 0.0, 1.0],
                [-1.0, 0.0, -0.0, 2.7e-05, 0.0, -0.0, -1.0, 0.334301, -0.0, -1.0, -0.0, -0.002121, 0.0, 0.0, 0.0, 1.0]
            ]
        }
    ]
}