{
    "animation": [
        {
            "name": "Root",
            "time": [0.0, 0.15, 0.3, 0.5667, 0.7167, 0.8333, 0.8833, 0.9333, 1.0167, 1.2, 1.4167, 1.65, 1.8833, 2.2],
            "transform": [
                [0.989726, -0.046147, -0.135327, -0.043083, -0.131235, 0.08246, -0.987916, -0.029044, 0.056749, 0.995525, 0.075557, 0.619312, 0.0, 0.0, 0.0, 1.0],
                [0.702357, -0.137992, -0.698321, -0.033791, -0.690849, 0.104252, -0.715443, -0.445787, 0.171527, 0.984931, -0.02211, 0.582192, 0.0, 0.0, 0.0, 1.0],
                [0.903291, -0.397707, -0.160917, -0.082029, -0.1222, 0.121037, -0.985098, -0.405252, 0.411258, 0.909494, 0.060732, 0.793647, 0.0, 0.0, 0.0, 1.0],
                [0.877683, -0.457477, -0.142783, -0.087309, -0.098224, 0.119893, -0.987916, -0.300107, 0.469068, 0.881102, 0.060293, 0.79525, 0.0, 0.0, 0.0, 1.0],
                [0.947659, -0.289662, -0.134308, -0.076058, -0.107025, 0.108133, -0.988359, -0.124616, 0.300814, 0.951001, 0.071473, 0.718965, 0.0, 0.0, 0.0, 1.0],
                [0.989726, -0.035212, -0.138575, -0.040376, -0.131235, 0.160955, -0.978198, 0.219742, 0.056749, 0.986333, 0.154681, 0.521236, 0.0, 0.0, 0.0, 1.0],
                [0.989739, -0.035652, -0.138364, -0.040449, -0.13115, 0.157623, -0.978752, 0.217431, 0.056704, 0.986856, 0.15133, 0.438256, 0.0, 0.0, 0.0, 1.0],
                [0.989742, -0.037199, -0.137936, -0.040716, -0.131132, 0.146611, -0.980464, 0.208894, 0.056695, 0.988495, 0.140229, 0.604723, 0.0, 0.0, 0.0, 1.0],
                [0.989739, -0.040643, -0.136988, -0.041404, -0.131156, 0.122081, -0.983816, 0.185884, 0.056709, 0.991688, 0.115498, 0.564109, 0.0, 0.0, 0.0, 1.0],
                [0.989726, -0.046147, -0.135327, -0.043083, -0.131235, 0.08246, -0.987916, 0.126043, 0.056749, 0.995525, 0.075557, 0.619312, 0.0, 0.0, 0.0, 1.0],
                [0.989726, -0.046147, -0.135327, -0.044476, -0.131235, 0.08246, -0.987916, 0.061716, 0.056749, 0.995525, 0.075557, 0.651666, 0.0, 0.0, 0.0, 1.0],
                [0.974284, -0.0374, -0.2222, -0.056995, -0.221536, 0.021098, -0.974924, -0.235995, 0.04115, 0.999078, 0.01227, 0.765809, 0.0, 0.0, 0.0, 1.0],
                [0.924912, -0.004234, -0.380157, -0.0355, -0.380098, 0.010573, -0.924886, -0.286421, 0.007935, 0.999935, 0.008169, 0.761235, 0.0, 0.0, 0.0, 1.0],
                [0.854339, 0.028643, -0.518927, -5e-06, -0.51914, 0.0, -0.854689, -0.271946, -0.024481, 0.99959, 0.01487, 0.753683, 0.0, 0.0, 0.0, 1.0]
            ]
        },
        {
            "name": "Thigh_R",
            "time": [0.0, 0.15, 0.3, 0.5667, 0.7167, 0.8333, 1.2, 1.4167, 1.65, 2.2],
            "transform": [
                [0.955344, -0.074562, -0.285933, 0.124994, 0.187666, -0.594347, 0.782005, -0.002831, -0.228251, -0.800742, -0.553815, -1.2e-05, 0.0, 0.0, 0.0, 1.0],
                [0.786557, -0.545372, -0.289648, 0.124994, -0.169856, -0.642034, 0.747623, -0.002831, -0.593697, -0.538848, -0.597633, -1.2e-05, 0.0, 0.0, 0.0, 1.0],
                [0.988599, 0.057812, 0.139028, 0.124994, -0.130653, -0.129565, 0.982926, -0.002831, 0.074838, -0.989882, -0.120535, -1.2e-05, 0.0, 0.0, 0.0, 1.0],
                [0.95028, 0.156632, 0.269133, 0.124994, -0.281624, 0.063516, 0.95742, -0.002831, 0.132869, -0.985611, 0.10447, -1.2e-05, 0.0, 0.0, 0.0, 1.0],
                [0.968368, -0.006094, 0.24945, 0.124994, -0.246546, 0.130628, 0.960287, -0.002831, -0.038437, -0.991411, 0.124993, -1.2e-05, 0.0, 0.0, 0.0, 1.0],
                [0.955344, -0.199855, -0.217657, 0.124994, 0.187666, -0.158609, 0.969342, -0.002831, -0.228251, -0.966901, -0.114021, -1.2e-05, 0.0, 0.0, 0.0, 1.0],
                [0.955344, -0.074562, -0.285933, 0.124994, 0.187666, -0.594347, 0.782005, -0.002831, -0.228251, -0.800742, -0.553815, -1.2e-05, 0.0, 0.0, 0.0, 1.0],
                [0.955344, -0.038587, -0.292964, 0.124994, 0.187666, -0.686594, 0.702402, -0.002831, -0.228251, -0.726013, -0.648694, -1.2e-05, 0.0, 0.0, 0.0, 1.0],
                [0.963546, -0.004805, -0.267497, 0.124994, 0.194368, -0.674483, 0.712245, -0.002831, -0.183844, -0.738272, -0.648964, -1.2e-05, 0.0, 0.0, 0.0, 1.0],
                [0.960515, 0.273283, -0.052206, 0.124994, 0.274652, -0.961312, 0.020994, -0.002831, -0.044449, -0.034503, -0.998416, -1.2e-05, 0.0, 0.0, 0.0, 1.0]
            ]
        },
        {
            "name": "Leg_R",
            "time": [0.0, 0.15, 0.4, 0.5667, 0.7167, 0.8333, 1.2, 1.4167, 1.65, 2.2],
            "transform": [
                [1.0, -1e-06, 1e-06, -0.0, 0.0, 0.848003, 0.529992, 0.37472, -1e-06, -0.529993, 0.848002, 0.0, 0.0, 0.0, 0.0, 1.0],
                [1.0, -0.0, 1e-06, 0.0, 0.0, 0.994917, 0.100703, 0.37472, -1e-06, -0.100703, 0.994916, -0.0, 0.0, 0.0, 0.0, 1.0],
                [1.0, -1e-06, -0.0, -0.0, 0.0, 0.016941, 0.999856, 0.37472, -1e-06, -0.999857, 0.016941, -0.0, 0.0, 0.0, 0.0, 1.0],
                [1.0, -1e-06, -0.0, -0.0, -0.0, 0.006293, 0.99998, 0.37472, -1e-06, -0.999981, 0.006293, 0.0, 0.0, 0.0, 0.0, 1.0],
                [1.0, -1e-06, 0.0, 0.0, 0.0, 0.485332, 0.87433, 0.37472, -1e-06, -0.874331, 0.485331, 0.0, 0.0, 0.0, 0.0, 1.0],
                [1.0, -1e-06, 0.0, -0.0, 0.0, 0.485332, 0.87433, 0.37472, -1e-06, -0.874331, 0.485331, 0.0, 0.0, 0.0, 0.0, 1.0],
                [1.0, -1e-06, 1e-06, -0.0, 0.0, 0.848003, 0.529992, 0.37472, -1e-06, -0.529993, 0.848002, 0.0, 0.0, 0.0, 0.0, 1.0],
                [1.0, -1e-06, 1e-06, -0.0, 0.0, 0.848003, 0.529992, 0.37472, -1e-06, -0.529993, 0.848002, 0.0, 0.0, 0.0, 0.0, 1.0],
                [1.0, -1e-06, 0.0, -0.0, 0.0, 0.473041, 0.88104, 0.37472, -1e-06, -0.881041, 0.47304, -0.0, 0.0, 0.0, 0.0, 1.0],
                [1.0, -0.0, 1e-06, -0.0, 0.0, 0.977553, 0.210691, 0.37472, -1e-06, -0.210691, 0.977552, 0.0, 0.0, 0.0, 0.0, 1.0]
            ]
        },
        {
            "name": "Knee_R",
            "time": [0.0, 0.3, 0.5667, 0.7167, 0.8333, 1.2, 1.4167, 1.65, 2.2],
            "transform": [
                [1.0, 0.0, -0.0, -0.0, -0.0, 1e-06, -1.0, 0.37472, -0.0, 1.0, 1e-06, 0.0, 0.0, 0.0, 0.0, 1.0],
                [1.0, 0.0, -0.0, 0.0, -0.0, 1e-06, -1.0, 0.37472, -0.0, 1.0, 1e-06, 0.0, 0.0, 0.0, 0.0, 1.0],
                [1.0, 0.0, -0.0, -0.0, -0.0, 1e-06, -1.0, 0.37472, -0.0, 1.0, 1e-06, 0.0, 0.0, 0.0, 0.0, 1.0],
                [1.0, 0.0, -0.0, 0.0, -0.0, 1e-06, -1.0, 0.37472, -0.0, 1.0, 1e-06, 0.0, 0.0, 0.0, 0.0, 1.0],
                [1.0, 0.0, -0.0, -0.0, -0.0, 1e-06, -1.0, 0.37472, -0.0, 1.0, 1e-06, 0.0, 0.0, 0.0, 0.0, 1.0],
                [1.0, 0.0, -0.0, -0.0, -0.0, 1e-06, -1.0, 0.37472, -0.0, 1.0, 1e-06, 0.0, 0.0, 0.0, 0.0, 1.0],
                [1.0, 0.0, -0.0, -0.0, -0.0, 1e-06, -1.0, 0.37472, -0.0, 1.0, 1e-06, 0.0, 0.0, 0.0, 0.0, 1.0],
                [1.0, 0.0, -0.0, -0.0, -0.0, 1e-06, -1.0, 0.37472, -0.0, 1.0, 1e-06, -0.0, 0.0, 0.0, 0.0, 1.0],
                [1.0, 0.0, -0.0, -0.0, -0.0, 1e-06, -1.0, 0.37472, -0.0, 1.0, 1e-06, 0.0, 0.0, 0.0, 0.0, 1.0]
            ]
        },
        {
            "name": "Thigh_L",
            "time": [0.0, 0.15, 0.3, 0.5667, 0.7167, 0.8333, 1.2, 1.4167, 1.65, 2.2],
            "transform": [
                [0.730332, -0.274184, -0.625649, -0.125006, -0.436242, -0.892016, -0.118318, -0.002831, -0.525648, 0.359347, -0.771079, -1.2e-05, 0.0, 0.0, 0.0, 1.0],
                [0.72599, -0.531752, -0.436094, -0.125006, -0.437261, -0.846366, 0.304084, -0.002831, -0.530792, -0.030074, -0.846968, -1.2e-05, 0.0, 0.0, 0.0, 1.0],
                [0.834511, -0.473024, -0.282558, -0.125006, -0.379712, -0.865321, 0.327165, -0.002831, -0.399261, -0.165732, -0.901733, -1.2e-05, 0.0, 0.0, 0.0, 1.0],
                [0.825534, -0.498918, -0.263766, -0.125006, -0.450922, -0.864177, 0.223309, -0.002831, -0.339353, -0.065411, -0.938382, -1.2e-05, 0.0, 0.0, 0.0, 1.0],
                [0.812025, -0.405843, -0.419411, -0.125006, -0.465909, -0.88358, -0.047056, -0.002831, -0.351486, 0.233619, -0.906575, -1.2e-05, 0.0, 0.0, 0.0, 1.0],
                [0.685035, -0.263599, -0.679148, -0.125006, -0.564342, -0.78155, -0.265891, -0.002831, -0.460699, 0.565417, -0.684149, -1.2e-05, 0.0, 0.0, 0.0, 1.0],
                [0.730332, -0.274184, -0.625649, -0.125006, -0.436242, -0.892016, -0.118318, -0.002831, -0.525648, 0.359347, -0.771079, -1.2e-05, 0.0, 0.0, 0.0, 1.0],
                [0.721103, -0.291879, -0.628344, -0.125006, -0.397007, -0.917341, -0.029493, -0.002831, -0.567797, 0.270725, -0.777376, -1.2e-05, 0.0, 0.0, 0.0, 1.0],
                [0.733478, -0.110051, -0.670745, -0.125006, -0.151726, -0.988415, -0.003745, -0.002831, -0.662562, 0.104517, -0.741678, -1.2e-05, 0.0, 0.0, 0.0, 1.0],
                [0.74123, -0.283974, -0.608224, -0.125006, -0.051449, -0.927475, 0.370329, -0.002831, -0.669276, -0.243206, -0.702082, -1.2e-05, 0.0, 0.0, 0.0, 1.0]
            ]
        },
        {
            "name": "Leg_L",
            "time": [0.0, 0.15, 0.3, 0.5667, 0.7167, 0.8333, 1.2, 1.4167, 1.65, 2.2],
            "transform": [
                [0.998576, 0.051673, 0.013243, 0.0, -0.051599, 0.872737, 0.485455, 0.37472, 0.013527, -0.485447, 0.874162, 0.0, 0.0, 0.0, 0.0, 1.0],
                [0.998576, 0.039498, 0.035852, 0.0, -0.051599, 0.544798, 0.836979, 0.37472, 0.013527, -0.837636, 0.546061, 0.0, 0.0, 0.0, 0.0, 1.0],
                [0.996438, 0.08342, 0.012339, 0.0, -0.084154, 0.993076, 0.081955, 0.37472, -0.005417, -0.082702, 0.99656, -0.0, 0.0, 0.0, 0.0, 1.0],
                [0.995246, 0.095297, 0.02008, -0.0, -0.096602, 0.992153, 0.079368, 0.37472, -0.012359, -0.08093, 0.996644, 0.0, 0.0, 0.0, 0.0, 1.0],
                [0.998576, 0.053293, 0.002315, 0.0, -0.051599, 0.954021, 0.295265, 0.37472, 0.013527, -0.294964, 0.955413, 0.0, 0.0, 0.0, 0.0, 1.0],
                [0.998576, 0.053293, 0.002315, 0.0, -0.051599, 0.954021, 0.295265, 0.37472, 0.013527, -0.294964, 0.955413, -0.0, 0.0, 0.0, 0.0, 1.0],
                [0.998576, 0.051673, 0.013243, 0.0, -0.051599, 0.872737, 0.485455, 0.37472, 0.013527, -0.485447, 0.874162, -0.0, 0.0, 0.0, 0.0, 1.0],
                [0.998576, 0.053293, 0.002315, -0.0, -0.051599, 0.954021, 0.295265, 0.37472, 0.013527, -0.294964, 0.955413, 0.0, 0.0, 0.0, 0.0, 1.0],
                [0.998576, 0.052316, -0.010418, 0.0, -0.051599, 0.996861, 0.060051, 0.37472, 0.013527, -0.059428, 0.998141, -0.0, 0.0, 0.0, 0.0, 1.0],
                [0.998576, 0.053293, 0.002315, -0.0, -0.051599, 0.954021, 0.295265, 0.37472, 0.013527, -0.294964, 0.955413, -0.0, 0.0, 0.0, 0.0, 1.0]
            ]
        },
        {
            "name": "Knee_L",
            "time": [0.0, 0.3, 0.5667, 0.7167, 0.8333, 1.2, 1.4167, 1.65, 2.2],
            "transform": [
                [1.0, 0.0, -0.0, 0.0, -0.0, 1e-06, -1.0, 0.37472, -0.0, 1.0, 1e-06, 0.0, 0.0, 0.0, 0.0, 1.0],
                [1.0, 0.0, -0.0, 0.0, -0.0, 1e-06, -1.0, 0.37472, -0.0, 1.0, 1e-06, -0.0, 0.0, 0.0, 0.0, 1.0],
                [1.0, 0.0, -0.0, -0.0, -0.0, 1e-06, -1.0, 0.37472, -0.0, 1.0, 1e-06, 0.0, 0.0, 0.0, 0.0, 1.0],
                [1.0, 0.0, -0.0, 0.0, -0.0, 1e-06, -1.0, 0.37472, -0.0, 1.0, 1e-06, 0.0, 0.0, 0.0, 0.0, 1.0],
                [1.0, 0.0, -0.0, 0.0, -0.0, 1e-06, -1.0, 0.37472, -0.0, 1.0, 1e-06, -0.0, 0.0, 0.0, 0.0, 1.0],
                [1.0, 0.0, -0.0, 0.0, -0.0, 1e-06, -1.0, 0.37472, -0.0, 1.0, 1e-06, -0.0, 0.0, 0.0, 0.0, 1.0],
                [1.0, 0.0, -0.0, -0.0, -0.0, 1e-06, -1.0, 0.37472, -0.0, 1.0, 1e-06, 0.0, 0.0, 0.0, 0.0, 1.0],
                [1.0, 0.0, -0.0, 0.0, -0.0, 1e-06, -1.0, 0.37472, -0.0, 1.0, 1e-06, -0.0, 0.0, 0.0, 0.0, 1.0],
                [1.0, 0.0, -0.0, -0.0, -0.0, 1e-06, -1.0, 0.37472, -0.0, 1.0, 1e-06, -0.0, 0.0, 0.0, 0.0, 1.0]
            ]
        },
        {
            "name": "Torso",
            "time": [0.0, 0.3, 0.5667, 0.7167, 0.8333, 1.2, 1.4167, 1.65, 1.8833, 2.2],
            "transform": [
                [0.999912, 0.011084, 0.007318, -0.0, -0.013278, 0.847413, 0.530769, 0.05, -0.000318, -0.530819, 0.847485, -0.0, 0.0, 0.0, 0.0, 1.0],
                [0.961761, 0.216004, 0.168397, 0.0, -0.202643, 0.974821, -0.093061, 0.05, -0.184259, 0.055378, 0.981317, 0.0, 0.0, 0.0, 0.0, 1.0],
                [0.894925, 0.420146, 0.15029, 0.0, -0.387136, 0.898553, -0.206706, 0.05, -0.221891, 0.126804, 0.966791, 0.0, 0.0, 0.0, 0.0, 1.0],
                [0.968138, 0.173863, 0.180225, 0.0, -0.183295, 0.982363, 0.036946, 0.05, -0.170623, -0.068803, 0.982931, -0.0, 0.0, 0.0, 0.0, 1.0],
                [0.983652, -0.163774, 0.074884, -0.0, 0.026118, 0.54118, 0.840501, 0.05, -0.178178, -0.824804, 0.53661, 0.0, 0.0, 0.0, 0.0, 1.0],
                [0.999887, -0.012294, 0.00864, -0.0, 0.005878, 0.849178, 0.528074, 0.05, -0.013829, -0.527964, 0.849154, 0.0, 0.0, 0.0, 0.0, 1.0],
                [0.98935, -0.031372, 0.142135, 0.0, -0.048337, 0.850268, 0.524126, 0.05, -0.137296, -0.525415, 0.839696, 0.0, 0.0, 0.0, 0.0, 1.0],
                [0.989083, -0.104296, 0.104102, 0.0, 0.03712, 0.860007, 0.50893, 0.05, -0.142608, -0.49951, 0.85449, -0.0, 0.0, 0.0, 0.0, 1.0],
                [0.996208, -0.048725, 0.072073, 0.0, 0.052785, 0.99706, -0.055539, 0.05, -0.069155, 0.059132, 0.995852, 0.0, 0.0, 0.0, 0.0, 1.0],
                [0.999042, -0.043673, -0.002705, 0.0, 0.04367, 0.999045, -0.001423, 0.05, 0.002765, 0.001304, 0.999995, -0.0, 0.0, 0.0, 0.0, 1.0]
            ]
        },
        {
            "name": "Chest",
            "time": [0.0, 0.15, 0.3, 0.5667, 0.7167, 0.8333, 1.2, 1.4167, 1.65, 1.8833, 2.2],
            "transform": [
                [0.986345, -0.053613, 0.155721, -0.0, -0.049494, 0.805325, 0.590764, 0.3, -0.157079, -0.590404, 0.791675, -0.0, 0.0, 0.0, 0.0, 1.0],
                [0.966215, 0.09133, -0.241012, -0.0, -0.005085, 0.941685, 0.336457, 0.3, 0.257686, -0.323865, 0.910335, 0.0, 0.0, 0.0, 0.0, 1.0],
                [0.96292, 0.259474, -0.073883, -0.0, -0.269726, 0.931759, -0.24305, 0.3, 0.005776, 0.253965, 0.967196, -0.0, 0.0, 0.0, 0.0, 1.0],
                [0.993488, 0.007484, -0.113693, -0.0, -0.051573, 0.919305, -0.390152, 0.3, 0.101598, 0.393475, 0.913704, -0.0, 0.0, 0.0, 0.0, 1.0],
                [0.994318, 0.098449, -0.04048, -0.0, -0.102846, 0.986577, -0.126841, 0.3, 0.027449, 0.130284, 0.991097, -0.0, 0.0, 0.0, 0.0, 1.0],
                [0.998976, -0.013541, 0.043179, 0.0, 0.005915, 0.985067, 0.172072, 0.3, -0.044864, -0.17164, 0.984138, -0.0, 0.0, 0.0, 0.0, 1.0],
                [0.985663, -0.064953, 0.155721, 0.0, -0.040229, 0.805841, 0.590763, 0.3, -0.163859, -0.588558, 0.791675, -0.0, 0.0, 0.0, 0.0, 1.0],
                [0.987769, 0.008005, 0.155721, -0.0, -0.099622, 0.800671, 0.590763, 0.3, -0.119952, -0.599051, 0.791675, 0.0, 0.0, 0.0, 0.0, 1.0],
                [0.978168, 0.176009, 0.11049, 0.0, -0.207753, 0.84126, 0.499119, 0.3, -0.005101, -0.511176, 0.859461, 0.0, 0.0, 0.0, 0.0, 1.0],
                [0.995882, 0.089941, 0.011342, -0.0, -0.089392, 0.995108, -0.042061, 0.3, -0.01507, 0.040873, 0.999051, -0.0, 0.0, 0.0, 0.0, 1.0],
                [0.999771, -0.021316, -0.002029, -0.0, 0.021411, 0.994316, 0.104295, 0.3, -0.000206, -0.104315, 0.994544, 0.0, 0.0, 0.0, 0.0, 1.0]
            ]
        },
        {
            "name": "Head",
            "time": [0.0, 0.15, 0.3, 0.5667, 0.7167, 0.8333, 1.2, 1.4167, 1.65, 2.2],
            "transform": [
                [0.985545, 0.127208, 0.111891, -0.0, -0.028946, 0.777182, -0.62861, 0.4, -0.166924, 0.616285, 0.769629, -0.0, 0.0, 0.0, 0.0, 1.0],
                [0.573806, 0.084363, 0.814635, 0.0, 0.229427, 0.938296, -0.258772, 0.4, -0.7862, 0.335385, 0.519045, 0.0, 0.0, 0.0, 0.0, 1.0],
                [0.985545, 0.011023, 0.169056, 0.0, -0.028946, 0.994164, 0.103925, 0.4, -0.166924, -0.107317, 0.980112, -0.0, 0.0, 0.0, 0.0, 1.0],
                [0.985545, -0.012675, 0.16894, -0.0, -0.028946, 0.969935, 0.241635, 0.4, -0.166924, -0.243033, 0.955548, -0.0, 0.0, 0.0, 0.0, 1.0],
                [0.985545, 0.021999, 0.167981, -0.0, -0.028946, 0.998819, 0.039021, 0.4, -0.166924, -0.043319, 0.985018, 0.0, 0.0, 0.0, 0.0, 1.0],
                [0.985545, 0.127208, 0.111891, 0.0, -0.028946, 0.777182, -0.62861, 0.4, -0.166924, 0.616285, 0.76963, -0.0, 0.0, 0.0, 0.0, 1.0],
                [0.985545, 0.127208, 0.111891, -0.0, -0.028946, 0.777182, -0.62861, 0.4, -0.166924, 0.616285, 0.76963, 0.0, 0.0, 0.0, 0.0, 1.0],
                [0.985545, 0.127208, 0.111891, -0.0, -0.028946, 0.777182, -0.62861, 0.4, -0.166924, 0.616285, 0.76963, -0.0, 0.0, 0.0, 0.0, 1.0],
                [0.969197, 0.068049, 0.236701, 0.0, -0.003802, 0.965092, -0.261884, 0.4, -0.246259, 0.252917, 0.935623, 0.0, 0.0, 0.0, 0.0, 1.0],
                [0.85311, 0.037721, 0.520365, 0.0, -0.006297, 0.998055, -0.062025, 0.4, -0.521692, 0.049637, 0.851689, 0.0, 0.0, 0.0, 0.0, 1.0]
            ]
        },
        {
            "name": "Shoulder_R",
            "time": [0.0, 0.3, 0.5667, 0.7167, 0.8333, 1.2, 1.4167, 1.65, 1.8833, 2.2],
            "transform": [
                [0.5115, 0.838026, -0.189947, -0.0, 0.199646, 0.099102, 0.974844, 0.4, 0.835769, -0.536555, -0.116618, -0.0, 0.0, 0.0, 0.0, 1.0],
                [0.087328, 0.977903, -0.189947, 0.0, 0.135086, 0.17729, 0.974844, 0.4, 0.986978, -0.11079, -0.116618, -0.0, 0.0, 0.0, 0.0, 1.0],
                [0.005677, 0.981778, -0.189947, -0.0, 0.119869, 0.187912, 0.974844, 0.4, 0.992773, -0.028303, -0.116618, -0.0, 0.0, 0.0, 0.0, 1.0],
                [0.124687, 0.973844, -0.189947, -0.0, 0.141771, 0.17199, 0.974844, 0.4, 0.982015, -0.148479, -0.116618, 0.0, 0.0, 0.0, 0.0, 1.0],
                [0.5115, 0.838026, -0.189947, 0.0, 0.199646, 0.099102, 0.974844, 0.4, 0.835768, -0.536555, -0.116618, -0.0, 0.0, 0.0, 0.0, 1.0],
                [0.5115, 0.838026, -0.189947, -0.0, 0.199646, 0.099102, 0.974844, 0.4, 0.835769, -0.536555, -0.116618, 0.0, 0.0, 0.0, 0.0, 1.0],
                [0.5115, 0.838026, -0.189947, -0.0, 0.199646, 0.099102, 0.974844, 0.4, 0.835768, -0.536555, -0.116618, -0.0, 0.0, 0.0, 0.0, 1.0],
                [0.434839, 0.895781, -0.092152, 0.0, 0.162424, 0.022635, 0.986461, 0.4, 0.885739, -0.443919, -0.135654, 0.0, 0.0, 0.0, 0.0, 1.0],
                [-0.104353, 0.988257, 0.111619, -0.0, 0.153293, -0.094908, 0.983613, 0.4, 0.982655, 0.119753, -0.141589, -0.0, 0.0, 0.0, 0.0, 1.0],
                [0.110305, 0.959352, 0.259762, 0.0, 0.091141, -0.270019, 0.958532, 0.4, 0.98971, -0.082056, -0.11722, 0.0, 0.0, 0.0, 0.0, 1.0]
            ]
        },
        {
            "name": "Arm_R",
            "time": [0.0, 0.3, 0.5667, 0.7167, 0.8333, 1.2, 1.4167, 1.65, 1.8833, 2.2],
            "transform": [
                [0.158711, -0.981139, -0.110351, -0.0, 0.919326, 0.187615, -0.345891, 0.39386, 0.360071, -0.046552, 0.931763, 0.0, 0.0, 0.0, 0.0, 1.0],
                [0.192113, -0.067631, 0.979039, 0.0, 0.912832, -0.353972, -0.203573, 0.393861, 0.36032, 0.932807, -0.006267, 0.0, 0.0, 0.0, 0.0, 1.0],
                [0.196084, 0.192025, 0.961602, -0.0, 0.913827, -0.39143, -0.108176, 0.39386, 0.355627, 0.89995, -0.252231, -0.0, 0.0, 0.0, 0.0, 1.0],
                [0.155211, -0.219265, 0.963241, 0.0, 0.911914, -0.343165, -0.225056, 0.39386, 0.379897, 0.913324, 0.146688, -0.0, 0.0, 0.0, 0.0, 1.0],
                [0.028536, -0.973307, -0.227724, 0.0, 0.943336, 0.101571, -0.315912, 0.39386, 0.33061, -0.205805, 0.921054, -0.0, 0.0, 0.0, 0.0, 1.0],
                [0.158711, -0.981139, -0.110351, 0.0, 0.919326, 0.187615, -0.345891, 0.39386, 0.360071, -0.046552, 0.931763, 0.0, 0.0, 0.0, 0.0, 1.0],
                [0.158711, -0.981139, -0.110351, -0.0, 0.919326, 0.187615, -0.345891, 0.39386, 0.360071, -0.046552, 0.931763, -0.0, 0.0, 0.0, 0.0, 1.0],
                [0.140183, -0.702565, -0.697675, -0.0, 0.911786, 0.366299, -0.185664, 0.393861, 0.385999, -0.610103, 0.691938, 0.0, 0.0, 0.0, 0.0, 1.0],
                [0.082187, -0.034879, -0.996006, 0.0, 0.907346, 0.416038, 0.060302, 0.39386, 0.412273, -0.908678, 0.06584, -0.0, 0.0, 0.0, 0.0, 1.0],
                [0.029874, -0.10887, -0.993607, 0.0, 0.907206, 0.420268, -0.018773, 0.393861, 0.419625, -0.900845, 0.111322, 0.0, 0.0, 0.0, 0.0, 1.0]
            ]
        },
        {
            "name": "Hand_R",
            "time": [0.0, 0.3, 0.5667, 0.7167, 0.8333, 1.2, 1.4167, 1.65, 2.2],
            "transform": [
                [0.999998, -0.00092, 0.001574, -0.0, 0.000868, 0.999462, 0.032791, 0.3, -0.001603, -0.032789, 0.999461, 0.0, 0.0, 0.0, 0.0, 1.0],
                [0.999998, -0.000306, 0.001797, -0.0, 0.000868, 0.946876, -0.321598, 0.3, -0.001603, 0.321599, 0.946875, -0.0, 0.0, 0.0, 0.0, 1.0],
                [0.999998, -0.000188, 0.001814, 0.0, 0.000868, 0.923765, -0.38296, 0.3, -0.001603, 0.382961, 0.923763, 0.0, 0.0, 0.0, 0.0, 1.0],
                [0.999998, -0.000188, 0.001814, -0.0, 0.000868, 0.923765, -0.38296, 0.3, -0.001603, 0.382961, 0.923763, 0.0, 0.0, 0.0, 0.0, 1.0],
                [0.999998, -0.000188, 0.001814, -0.0, 0.000868, 0.923765, -0.38296, 0.3, -0.001603, 0.382961, 0.923763, 0.0, 0.0, 0.0, 0.0, 1.0],
                [0.999998, -0.00092, 0.001574, -0.0, 0.000868, 0.999462, 0.032791, 0.3, -0.001603, -0.032789, 0.999461, -0.0, 0.0, 0.0, 0.0, 1.0],
                [0.999998, -0.00092, 0.001574, -0.0, 0.000868, 0.999462, 0.032791, 0.3, -0.001603, -0.032789, 0.999461, -0.0, 0.0, 0.0, 0.0, 1.0],
                [0.999998, -0.000912, 0.001579, 0.0, 0.000868, 0.999614, 0.027764, 0.3, -0.001603, -0.027763, 0.999613, -0.0, 0.0, 0.0, 0.0, 1.0],
                [0.999998, -0.000884, 0.001595, 0.0, 0.000868, 0.999949, 0.010043, 0.3, -0.001603, -0.010042, 0.999948, -0.0, 0.0, 0.0, 0.0, 1.0]
            ]
        },
        {
            "name": "Tool_R",
            "time": [0.0, 0.3, 0.5667, 0.7167, 0.8333, 1.2, 1.4167, 1.65, 2.2],
            "transform": [
                [0.766927, -0.40863, -0.494818, 0.015054, -0.566488, -0.793373, -0.222826, 0.243316, -0.301349, 0.450924, -0.839448, 0.024459, 0.0, 0.0, 0.0, 1.0],
                [0.949376, -0.090163, -0.300926, 0.015054, -0.202527, -0.907945, -0.366905, 0.243316, -0.240003, 0.409025, -0.879724, 0.024459, 0.0, 0.0, 0.0, 1.0],
                [0.965318, -0.026987, -0.259677, 0.015054, -0.13093, -0.910562, -0.392088, 0.243316, -0.225738, 0.412236, -0.881998, 0.024459, 0.0, 0.0, 0.0, 1.0],
                [0.937639, -0.10443, -0.331554, 0.015054, -0.237452, -0.889011, -0.391506, 0.243316, -0.253722, 0.445546, -0.857864, 0.024459, 0.0, 0.0, 0.0, 1.0],
                [0.754674, -0.432202, -0.493628, 0.015054, -0.577341, -0.794872, -0.186696, 0.243316, -0.311503, 0.425626, -0.848896, 0.024459, 0.0, 0.0, 0.0, 1.0],
                [0.766945, -0.489459, -0.415, 0.015054, -0.566463, -0.820249, -0.079441, 0.243316, -0.301348, 0.295825, -0.905811, 0.024459, 0.0, 0.0, 0.0, 1.0],
                [0.766927, -0.40863, -0.494818, 0.015054, -0.566488, -0.793373, -0.222826, 0.243316, -0.301349, 0.450924, -0.839448, 0.024459, 0.0, 0.0, 0.0, 1.0],
                [0.827917, -0.341833, -0.44464, 0.015054, -0.478156, -0.84455, -0.241045, 0.243316, -0.292955, 0.411919, -0.862158, 0.024459, 0.0, 0.0, 0.0, 1.0],
                [0.965322, -0.063715, -0.25317, 0.015054, -0.130905, -0.957169, -0.258245, 0.243316, -0.22574, 0.282253, -0.931768, 0.024459, 0.0, 0.0, 0.0, 1.0]
            ]
        },
        {
            "name": "Elbow_R",
            "time": [0.0, 0.3, 0.5667, 0.7167, 0.8333, 1.2, 1.4167, 1.65, 2.2],
            "transform": [
                [-1.0, 0.0, -0.0, -0.0, 0.0, -0.0, -1.0, 0.341622, -0.0, -1.0, 0.0, 0.0, 0.0, 0.0, 0.0, 1.0],
                [-1.0, 0.0, 0.0, -0.0, 0.0, -0.0, -1.0, 0.341622, -0.0, -1.0, 0.0, -0.0, 0.0, 0.0, 0.0, 1.0],
                [-1.0, 0.0, 0.0, 0.0, 0.0, -0.0, -1.0, 0.341622, -0.0, -1.0, 0.0, 0.0, 0.0, 0.0, 0.0, 1.0],
                [-1.0, 0.0, -0.0, -0.0, 0.0, -0.0, -1.0, 0.341622, -0.0, -1.0, 0.0, 0.0, 0.0, 0.0, 0.0, 1.0],
                [-1.0, 0.0, -0.0, -0.0, 0.0, 0.0, -1.0, 0.341622, -0.0, -1.0, 0.0, 0.0, 0.0, 0.0, 0.0, 1.0],
                [-1.0, 0.0, -0.0, -0.0, 0.0, -0.0, -1.0, 0.341622, -0.0, -1.0, 0.0, -0.0, 0.0, 0.0, 0.0, 1.0],
                [-1.0, 0.0, 0.0, -0.0, 0.0, -0.0, -1.0, 0.341622, -0.0, -1.0, 0.0, -0.0, 0.0, 0.0, 0.0, 1.0],
                [-1.0, 0.0, -0.0, -0.0, 0.0, 0.0, -1.0, 0.341622, -0.0, -1.0, 0.0, -0.0, 0.0, 0.0, 0.0, 1.0],
                [-1.0, 0.0, -0.0, 0.0, 0.0, -0.0, -1.0, 0.341622, -0.0, -1.0, 0.0, -0.0, 0.0, 0.0, 0.0, 1.0]
            ]
        },
        {
            "name": "Shoulder_L",
            "time": [0.0, 0.3, 0.5667, 0.7167, 0.8333, 1.2, 1.4167, 1.65, 1.8833, 2.2],
            "transform": [
                [-0.369602, -0.785437, 0.496472, -0.0, -0.829649, 0.03835, -0.556967, 0.4, 0.418423, -0.617753, -0.665811, -0.0, 0.0, 0.0, 0.0, 1.0],
                [-0.006922, -0.883373, 0.46862, 0.0, -0.245437, 0.455797, 0.855576, 0.4, -0.969388, -0.109094, -0.219967, -0.0, 0.0, 0.0, 0.0, 1.0],
                [0.015751, -0.911906, 0.410097, -0.0, 0.035536, 0.4104, 0.911213, 0.4, -0.999244, 0.00022, 0.03887, -0.0, 0.0, 0.0, 0.0, 1.0],
                [-0.025019, -0.868826, 0.494485, -0.0, -0.379956, 0.465784, 0.799174, 0.4, -0.924666, -0.167887, -0.341769, 0.0, 0.0, 0.0, 0.0, 1.0],
                [-0.369602, -0.785437, 0.496472, 0.0, -0.829649, 0.03835, -0.556967, 0.4, 0.418423, -0.617753, -0.665811, -0.0, 0.0, 0.0, 0.0, 1.0],
                [-0.369602, -0.785437, 0.496472, -0.0, -0.829649, 0.03835, -0.556967, 0.4, 0.418423, -0.617753, -0.665811, 0.0, 0.0, 0.0, 0.0, 1.0],
                [-0.369601, -0.785437, 0.496472, -0.0, -0.829649, 0.03835, -0.556967, 0.4, 0.418423, -0.617753, -0.665811, -0.0, 0.0, 0.0, 0.0, 1.0],
                [0.139097, -0.891623, 0.430882, 0.0, -0.959232, -0.22941, -0.165059, 0.4, 0.24602, -0.390357, -0.887184, 0.0, 0.0, 0.0, 0.0, 1.0],
                [-0.114749, -0.989825, -0.084139, -0.0, -0.656071, 0.011913, 0.754605, 0.4, -0.745924, 0.141792, -0.650762, -0.0, 0.0, 0.0, 0.0, 1.0],
                [-0.226937, -0.947819, -0.223918, 0.0, -0.021067, -0.225085, 0.974111, 0.4, -0.973681, 0.225779, 0.031113, 0.0, 0.0, 0.0, 0.0, 1.0]
            ]
        },
        {
            "name": "Arm_L",
            "time": [0.0, 0.3, 0.5667, 0.7167, 0.8333, 1.2, 1.4167, 1.65, 1.8833, 2.2],
            "transform": [
                [0.424147, -0.376333, -0.823695, -0.0, -0.844279, 0.164663, -0.509979, 0.39386, 0.327554, 0.911734, -0.247888, -0.0, 0.0, 0.0, 0.0, 1.0],
                [0.378759, -0.048802, -0.924208, -0.0, -0.921263, -0.115268, -0.371466, 0.39386, -0.088403, 0.992135, -0.088618, -0.0, 0.0, 0.0, 0.0, 1.0],
                [0.35509, 0.008891, -0.93479, 0.0, -0.920586, -0.17058, -0.351317, 0.39386, -0.16258, 0.985304, -0.052387, -0.0, 0.0, 0.0, 0.0, 1.0],
                [0.37138, -0.204983, -0.905571, -0.0, -0.928479, -0.083997, -0.361761, 0.39386, -0.00191, 0.975155, -0.221517, 0.0, 0.0, 0.0, 0.0, 1.0],
                [0.322204, -0.431132, -0.842799, 0.0, -0.835783, 0.288546, -0.467127, 0.39386, 0.44458, 0.854907, -0.267363, 0.0, 0.0, 0.0, 0.0, 1.0],
                [0.424147, -0.376333, -0.823695, 0.0, -0.844279, 0.164663, -0.509979, 0.39386, 0.327554, 0.911734, -0.247889, -0.0, 0.0, 0.0, 0.0, 1.0],
                [0.424147, -0.376333, -0.823695, -0.0, -0.844279, 0.164663, -0.509979, 0.39386, 0.327554, 0.911734, -0.247888, 0.0, 0.0, 0.0, 0.0, 1.0],
                [0.546438, 0.27706, -0.790344, 0.0, -0.785046, 0.498176, -0.368136, 0.39386, 0.291735, 0.821619, 0.489727, 0.0, 0.0, 0.0, 0.0, 1.0],
                [0.076595, 0.44063, 0.894415, -0.0, -0.980565, 0.195798, -0.012487, 0.39386, -0.180627, -0.876075, 0.447064, -0.0, 0.0, 0.0, 0.0, 1.0],
                [-0.440424, 0.111403, 0.890851, -0.0, -0.817245, 0.361034, -0.449183, 0.39386, -0.371668, -0.925875, -0.067964, -0.0, 0.0, 0.0, 0.0, 1.0]
            ]
        },
        {
            "name": "Hand_L",
            "time": [0.0, 0.3, 0.5667, 0.7167, 0.8333, 1.2, 1.4167, 1.65, 1.8833, 2.2],
            "transform": [
                [0.999993, -0.0006, -0.003749, 0.0, 0.000938, 0.995862, 0.09087, 0.3, 0.003679, -0.090873, 0.995856, 0.0, 0.0, 0.0, 0.0, 1.0],
                [0.999993, -0.003332, -0.001821, 0.0, 0.000938, 0.681522, -0.731798, 0.3, 0.003679, 0.731791, 0.68152, 0.0, 0.0, 0.0, 0.0, 1.0],
                [0.999993, -0.003581, -0.001262, -0.0, 0.000938, 0.555102, -0.831782, 0.3, 0.003679, 0.831775, 0.555101, -0.0, 0.0, 0.0, 0.0, 1.0],
                [0.999993, -0.003378, -0.001733, -0.0, 0.000938, 0.662028, -0.749478, 0.3, 0.003679, 0.749471, 0.662027, 0.0, 0.0, 0.0, 0.0, 1.0],
                [0.999993, -0.002234, -0.00307, -0.0, 0.000938, 0.928952, -0.370199, 0.3, 0.003679, 0.370193, 0.928948, 0.0, 0.0, 0.0, 0.0, 1.0],
                [0.999993, -0.0006, -0.003749, 0.0, 0.000938, 0.995862, 0.09087, 0.3, 0.003679, -0.090873, 0.995856, -0.0, 0.0, 0.0, 0.0, 1.0],
                [0.999993, -0.0006, -0.003749, -0.0, 0.000938, 0.995863, 0.09087, 0.3, 0.003679, -0.090873, 0.995856, -0.0, 0.0, 0.0, 0.0, 1.0],
                [0.999993, -0.000813, -0.003709, 0.0, 0.000938, 0.999429, 0.033786, 0.3, 0.003679, -0.033789, 0.999422, 0.0, 0.0, 0.0, 0.0, 1.0],
                [0.999993, -0.003035, -0.002282, 0.0, 0.000938, 0.779895, -0.62591, 0.3, 0.003679, 0.625904, 0.779892, 0.0, 0.0, 0.0, 0.0, 1.0],
                [0.999993, -0.001541, -0.00347, -0.0, 0.000938, 0.985901, -0.167329, 0.3, 0.003679, 0.167324, 0.985895, 0.0, 0.0, 0.0, 0.0, 1.0]
            ]
        },
        {
            "name": "Tool_L",
            "time": [0.0, 0.3, 0.5667, 0.7167, 0.8333, 1.2, 1.4167, 1.65, 2.2],
            "transform": [
                [0.997004, 0.01104, -0.076554, 0.0, -0.036659, -0.804079, -0.593391, 0.272858, -0.068067, 0.594062, -0.8008, -0.0, 0.0, 0.0, 0.0, 1.0],
                [0.997004, 0.01104, -0.076554, 0.0, -0.036659, -0.804079, -0.593391, 0.272858, -0.068067, 0.594062, -0.8008, -0.0, 0.0, 0.0, 0.0, 1.0],
                [0.997004, 0.01104, -0.076554, 0.0, -0.036659, -0.804079, -0.593391, 0.272858, -0.068067, 0.594062, -0.8008, -0.0, 0.0, 0.0, 0.0, 1.0],
                [0.997004, 0.01104, -0.076554, -0.0, -0.036659, -0.804079, -0.593391, 0.272858, -0.068067, 0.594062, -0.8008, -0.0, 0.0, 0.0, 0.0, 1.0],
                [0.997004, 0.01104, -0.076554, 0.0, -0.036659, -0.804079, -0.593391, 0.272858, -0.068067, 0.594062, -0.8008, -0.0, 0.0, 0.0, 0.0, 1.0],
                [0.997004, 0.01104, -0.076554, -0.0, -0.036659, -0.804079, -0.593391, 0.272858, -0.068067, 0.594062, -0.8008, -0.0, 0.0, 0.0, 0.0, 1.0],
                [0.997004, 0.01104, -0.076554, -0.0, -0.036659, -0.804079, -0.593391, 0.272858, -0.068067, 0.594062, -0.8008, -0.0, 0.0, 0.0, 0.0, 1.0],
                [0.997004, 0.01104, -0.076554, 0.0, -0.036659, -0.804079, -0.593391, 0.272858, -0.068067, 0.594062, -0.8008, -0.0, 0.0, 0.0, 0.0, 1.0],
                [0.997004, 0.01104, -0.076554, 0.0, -0.036659, -0.804079, -0.593391, 0.272858, -0.068067, 0.594062, -0.8008, -0.0, 0.0, 0.0, 0.0, 1.0]
            ]
        },
        {
            "name": "Elbow_L",
            "time": [0.0, 0.3, 0.5667, 0.7167, 0.8333, 1.2, 1.4167, 1.65, 2.2],
            "transform": [
                [-1.0, 0.0, 0.0, 2.7e-05, -0.0, 0.052698, -0.998611, 0.334301, -0.0, -0.998611, -0.052698, -0.002121, 0.0, 0.0, 0.0, 1.0],
                [-1.0, 0.0, 0.0, 2.7e-05, -0.0, 0.453049, -0.891486, 0.334301, -0.0, -0.891486, -0.453049, -0.00212, 0.0, 0.0, 0.0, 1.0],
                [-1.0, 0.0, 0.0, 2.7e-05, -0.0, 0.519315, -0.854583, 0.334301, -0.0, -0.854583, -0.519315, -0.002121, 0.0, 0.0, 0.0, 1.0],
                [-1.0, 0.0, 0.0, 2.7e-05, -0.0, 0.519315, -0.854583, 0.334302, -0.0, -0.854583, -0.519315, -0.002121, 0.0, 0.0, 0.0, 1.0],
                [-1.0, 0.0, 0.0, 2.7e-05, -0.0, 0.519315, -0.854583, 0.334301, -0.0, -0.854583, -0.519315, -0.002121, 0.0, 0.0, 0.0, 1.0],
                [-1.0, 0.0, 0.0, 2.7e-05, -0.0, 0.052698, -0.99861, 0.334301, -0.0, -0.99861, -0.052698, -0.002121, 0.0, 0.0, 0.0, 1.0],
                [-1.0, 0.0, 0.0, 2.7e-05, -0.0, 0.052698, -0.998611, 0.334301, -0.0, -0.998611, -0.052698, -0.002121, 0.0, 0.0, 0.0, 1.0],
                [-1.0, 0.0, 0.0, 2.7e-05, -0.0, 0.041058, -0.999157, 0.334301, -0.0, -0.999157, -0.041058, -0.002121, 0.0, 0.0, 0.0, 1.0],
                [-1.0, 0.0, -0.0, 2.7e-05, 0.0, -0.0, -1.0, 0.334301, -0.0, -1.0, -0.0, -0.002121, 0.0, 0.0, 0.0, 1.0]
            ]
        }
    ]
}