{
    "animation": [
        {
            "name": "Root",
            "time": [0.0, 0.2333, 0.4667, 0.7, 0.9333],
            "transform": [
                [0.996276, 0.0, -0.086227, -5e-06, -0.086227, 0.0, -0.996276, 0.000946, 0.0, 1.0, 0.0, 0.743765, 0.0, 0.0, 0.0, 1.0],
                [0.97819, -0.032659, -0.205128, -5e-06, -0.205013, 0.006845, -0.978735, 0.000946, 0.033369, 0.999443, 0.0, 0.698873, 0.0, 0.0, 0.0, 1.0],
                [0.996276, 0.0, -0.086227, -5e-06, -0.086227, 0.0, -0.996276, 0.000946, 0.0, 1.0, 0.0, 0.743765, 0.0, 0.0, 0.0, 1.0],
                [0.999222, 0.032085, 0.022923, -5e-06, 0.022911, 0.000736, -0.999737, 0.000946, -0.032093, 0.999485, 0.0, 0.67533, 0.0, 0.0, 0.0, 1.0],
                [0.996276, 0.0, -0.086227, -5e-06, -0.086227, 0.0, -0.996276, 0.000946, 0.0, 1.0, 0.0, 0.743765, 0.0, 0.0, 0.0, 1.0]
            ]
        },
        {
            "name": "Thigh_R",
            "time": [0.0, 0.2333, 0.4667, 0.7, 0.9333],
            "transform": [
                [0.999125, 0.039328, -0.014227, 0.124994, 0.036959, -0.989491, -0.139777, -0.002831, -0.019575, 0.139129, -0.990081, -1.2e-05, 0.0, 0.0, 0.0, 1.0],
                [0.976023, 0.09377, -0.196432, 0.124994, 0.025372, -0.945304, -0.325197, -0.002831, -0.216182, 0.312415, -0.92502, -1.2e-05, 0.0, 0.0, 0.0, 1.0],
                [0.989784, -0.016296, -0.141638, 0.124994, 0.070971, -0.805301, 0.588601, -0.002831, -0.123653, -0.592639, -0.795919, -1.2e-05, 0.0, 0.0, 0.0, 1.0],
                [0.995431, 0.095148, 0.007963, 0.124994, 0.076247, -0.84233, 0.533538, -0.002831, 0.057473, -0.530492, -0.845739, -1.2e-05, 0.0, 0.0, 0.0, 1.0],
                [0.999125, 0.039328, -0.014227, 0.124994, 0.036959, -0.989491, -0.139777, -0.002831, -0.019575, 0.139129, -0.990081, -1.2e-05, 0.0, 0.0, 0.0, 1.0]
            ]
        },
        {
            "name": "Leg_R",
            "time": [0.0, 0.2333, 0.4667, 0.7, 0.9333],
            "transform": [
                [1.0, -0.0, 1e-06, -0.0, 0.0, 0.997612, 0.069073, 0.37472, -1e-06, -0.069073, 0.997611, -0.0, 0.0, 0.0, 0.0, 1.0],
                [0.999948, -0.004772, 0.009002, -0.0, 0.002312, 0.966751, 0.255712, 0.37472, -0.009923, -0.255678, 0.96671, 0.0, 0.0, 0.0, 0.0, 1.0],
                [1.0, -1e-06, 0.0, 0.0, 0.0, 0.376571, 0.926387, 0.37472, -1e-06, -0.926388, 0.376571, 0.0, 0.0, 0.0, 0.0, 1.0],
                [1.0, -0.0, 1e-06, -0.0, 0.0, 0.97873, 0.205157, 0.37472, -1e-06, -0.205157, 0.978728, 0.0, 0.0, 0.0, 0.0, 1.0],
                [1.0, -0.0, 1e-06, -0.0, 0.0, 0.997612, 0.069073, 0.37472, -1e-06, -0.069073, 0.997611, -0.0, 0.0, 0.0, 0.0, 1.0]
            ]
        },
        {
            "name": "Knee_R",
            "time": [0.0, 0.2333, 0.4667, 0.7, 0.9333],
            "transform": [
                [1.0, 0.0, -0.0, -0.0, -0.0, 1e-06, -1.0, 0.37472, -0.0, 1.0, 1e-06, -0.0, 0.0, 0.0, 0.0, 1.0],
                [1.0, 0.0, -0.0, -0.0, -0.0, 0.038306, -0.999266, 0.37472, -0.0, 0.999266, 0.038306, 0.0, 0.0, 0.0, 0.0, 1.0],
                [1.0, 0.0, -0.0, 0.0, -0.0, 0.076556, -0.997065, 0.37472, -0.0, 0.997065, 0.076556, 0.0, 0.0, 0.0, 0.0, 1.0],
                [1.0, 0.0, -0.0, -0.0, -0.0, 0.038306, -0.999266, 0.37472, -0.0, 0.999266, 0.038306, 0.0, 0.0, 0.0, 0.0, 1.0],
                [1.0, 0.0, -0.0, -0.0, -0.0, 1e-06, -1.0, 0.37472, -0.0, 1.0, 1e-06, -0.0, 0.0, 0.0, 0.0, 1.0]
            ]
        },
        {
            "name": "Thigh_L",
            "time": [0.0, 0.2333, 0.4, 0.4667, 0.7, 0.9333],
            "transform": [
                [0.99569, -0.081037, -0.045082, -0.125006, -0.046348, -0.85596, 0.514959, -0.002831, -0.080319, -0.510651, -0.856028, -1.2e-05, 0.0, 0.0, 0.0, 1.0],
                [0.970523, -0.170948, -0.169882, -0.125006, -0.075879, -0.885786, 0.457848, -0.002831, -0.228747, -0.431462, -0.872648, -1.2e-05, 0.0, 0.0, 0.0, 1.0],
                [0.985816, -0.047733, -0.160895, -0.125006, -0.045009, -0.998775, 0.020533, -0.002831, -0.161678, -0.013, -0.986758, -1.2e-05, 0.0, 0.0, 0.0, 1.0],
                [0.991726, -0.009267, -0.128033, -0.125006, -0.029608, -0.987011, -0.157901, -0.002831, -0.124906, 0.160386, -0.979119, -1.2e-05, 0.0, 0.0, 0.0, 1.0],
                [0.999699, -0.00853, 0.022975, -0.125006, 0.002437, -0.898222, -0.439534, -0.002831, 0.024386, 0.439459, -0.897931, -1.2e-05, 0.0, 0.0, 0.0, 1.0],
                [0.99569, -0.081037, -0.045082, -0.125006, -0.046348, -0.85596, 0.514959, -0.002831, -0.080319, -0.510651, -0.856028, -1.2e-05, 0.0, 0.0, 0.0, 1.0]
            ]
        },
        {
            "name": "Leg_L",
            "time": [0.0, 0.2333, 0.4667, 0.7, 0.9333],
            "transform": [
                [0.999989, 0.001721, -0.004331, -0.0, 0.003782, 0.243162, 0.969979, 0.37472, 0.002722, -0.969984, 0.243153, 0.0, 0.0, 0.0, 0.0, 1.0],
                [0.999989, -0.003317, -0.003274, 0.0, 0.003782, 0.988, 0.154406, 0.37472, 0.002722, -0.154417, 0.988002, 0.0, 0.0, 0.0, 0.0, 1.0],
                [0.999989, -0.003642, -0.002907, 0.0, 0.003782, 0.998758, 0.049672, 0.37472, 0.002722, -0.049683, 0.998762, -0.0, 0.0, 0.0, 0.0, 1.0],
                [0.999989, -0.003136, -0.003447, -0.0, 0.003782, 0.978283, 0.20724, 0.37472, 0.002722, -0.207251, 0.978284, -0.0, 0.0, 0.0, 0.0, 1.0],
                [0.999989, 0.001721, -0.004331, -0.0, 0.003782, 0.243162, 0.969979, 0.37472, 0.002722, -0.969984, 0.243153, 0.0, 0.0, 0.0, 0.0, 1.0]
            ]
        },
        {
            "name": "Knee_L",
            "time": [0.0, 0.2333, 0.4667, 0.7, 0.9333],
            "transform": [
                [1.0, 0.0, -0.0, -0.0, -0.0, 0.410561, -0.911833, 0.37472, -0.0, 0.911833, 0.410561, 0.0, 0.0, 0.0, 0.0, 1.0],
                [1.0, 0.0, -0.0, 0.0, -0.0, 0.115137, -0.99335, 0.37472, -0.0, 0.99335, 0.115137, 0.0, 0.0, 0.0, 0.0, 1.0],
                [1.0, 0.0, -0.0, 0.0, -0.0, 0.115137, -0.99335, 0.37472, -0.0, 0.99335, 0.115137, -0.0, 0.0, 0.0, 0.0, 1.0],
                [1.0, 0.0, -0.0, -0.0, -0.0, 0.265991, -0.963976, 0.37472, -0.0, 0.963976, 0.265991, -0.0, 0.0, 0.0, 0.0, 1.0],
                [1.0, 0.0, -0.0, -0.0, -0.0, 0.410561, -0.911833, 0.37472, -0.0, 0.911833, 0.410561, 0.0, 0.0, 0.0, 0.0, 1.0]
            ]
        },
        {
            "name": "Torso",
            "time": [0.0, 0.2333, 0.4667, 0.7, 0.9333],
            "transform": [
                [0.999779, 0.020465, 0.004748, -0.0, -0.020565, 0.999545, 0.022049, 0.05, -0.004295, -0.022142, 0.999746, -0.0, 0.0, 0.0, 0.0, 1.0],
                [0.998401, 0.055623, 0.010053, 0.0, -0.055933, 0.997864, 0.033756, 0.05, -0.008154, -0.034264, 0.999379, 0.0, 0.0, 0.0, 0.0, 1.0],
                [0.999632, 0.025748, 0.00854, -0.0, -0.026005, 0.999164, 0.03155, 0.05, -0.007721, -0.03176, 0.999466, -0.0, 0.0, 0.0, 0.0, 1.0],
                [0.999775, 0.020928, 0.003539, -0.0, -0.02099, 0.999609, 0.018492, 0.05, -0.00315, -0.018562, 0.999823, 0.0, 0.0, 0.0, 0.0, 1.0],
                [0.999779, 0.020465, 0.004748, -0.0, -0.020565, 0.999545, 0.022049, 0.05, -0.004295, -0.022142, 0.999746, -0.0, 0.0, 0.0, 0.0, 1.0]
            ]
        },
        {
            "name": "Chest",
            "time": [0.0, 0.2333, 0.4667, 0.7, 0.9333],
            "transform": [
                [0.999195, 0.040061, -0.002029, 0.0, -0.039631, 0.993756, 0.104295, 0.3, 0.006195, -0.104131, 0.994544, 0.0, 0.0, 0.0, 0.0, 1.0],
                [0.983792, 0.037637, 0.17532, 0.0, -0.056946, 0.992687, 0.106439, 0.3, -0.170032, -0.114698, 0.978741, -0.0, 0.0, 0.0, 0.0, 1.0],
                [0.999771, -0.021316, -0.002029, -0.0, 0.021411, 0.994316, 0.104295, 0.3, -0.000206, -0.104315, 0.994545, -0.0, 0.0, 0.0, 0.0, 1.0],
                [0.993124, 0.033296, -0.112236, 0.0, -0.022086, 0.994774, 0.099685, 0.3, 0.114969, -0.09652, 0.988669, -0.0, 0.0, 0.0, 0.0, 1.0],
                [0.999195, 0.040061, -0.002029, 0.0, -0.039631, 0.993756, 0.104295, 0.3, 0.006195, -0.104131, 0.994544, 0.0, 0.0, 0.0, 0.0, 1.0]
            ]
        },
        {
            "name": "Head",
            "time": [0.0, 0.2333, 0.4667, 0.7, 0.9333],
            "transform": [
                [0.998458, -0.005005, 0.05528, -0.0, 0.007867, 0.998633, -0.051681, 0.4, -0.054946, 0.052036, 0.997132, 0.0, 0.0, 0.0, 0.0, 1.0],
                [0.998092, -0.027486, 0.05528, -0.0, 0.030351, 0.998202, -0.051681, 0.4, -0.05376, 0.05326, 0.997132, 0.0, 0.0, 0.0, 0.0, 1.0],
                [0.997758, 0.037721, 0.05528, -0.0, -0.034869, 0.998055, -0.051681, 0.4, -0.057122, 0.049637, 0.997132, -0.0, 0.0, 0.0, 0.0, 1.0],
                [0.997758, 0.037721, 0.05528, -0.0, -0.034869, 0.998055, -0.051681, 0.4, -0.057122, 0.049637, 0.997132, 0.0, 0.0, 0.0, 0.0, 1.0],
                [0.998458, -0.005005, 0.05528, -0.0, 0.007867, 0.998633, -0.051681, 0.4, -0.054946, 0.052036, 0.997132, 0.0, 0.0, 0.0, 0.0, 1.0]
            ]
        },
        {
            "name": "Shoulder_R",
            "time": [0.0, 0.2333, 0.4667, 0.7, 0.9333],
            "transform": [
                [-0.03192, 0.965145, 0.259762, -0.0, 0.129844, -0.253687, 0.958532, 0.4, 0.99102, 0.064325, -0.11722, 0.0, 0.0, 0.0, 0.0, 1.0],
                [-0.147027, 0.954414, 0.259762, -0.0, 0.159229, -0.236353, 0.958532, 0.4, 0.976232, 0.182291, -0.11722, 0.0, 0.0, 0.0, 0.0, 1.0],
                [-0.0944, 0.961047, 0.259762, -0.0, 0.146011, -0.244739, 0.958532, 0.4, 0.984769, 0.128414, -0.11722, -0.0, 0.0, 0.0, 0.0, 1.0],
                [-0.179984, 0.948751, 0.259762, -0.0, 0.167317, -0.230698, 0.958532, 0.4, 0.969335, 0.215983, -0.11722, 0.0, 0.0, 0.0, 0.0, 1.0],
                [-0.03192, 0.965145, 0.259762, -0.0, 0.129844, -0.253687, 0.958532, 0.4, 0.99102, 0.064325, -0.11722, 0.0, 0.0, 0.0, 0.0, 1.0]
            ]
        },
        {
            "name": "Arm_R",
            "time": [0.0, 0.2333, 0.4667, 0.7, 0.9333],
            "transform": [
                [0.322684, 0.105976, -0.940555, 0.0, 0.837709, 0.430586, 0.335916, 0.39386, 0.440589, -0.896306, 0.050166, 0.0, 0.0, 0.0, 0.0, 1.0],
                [0.255547, 0.060898, -0.964876, -0.0, 0.884258, 0.388774, 0.258733, 0.39386, 0.390876, -0.919318, 0.0455, -0.0, 0.0, 0.0, 0.0, 1.0],
                [0.128506, -0.046869, -0.9906, 0.0, 0.869219, 0.486212, 0.089755, 0.393861, 0.477435, -0.872583, 0.103221, -0.0, 0.0, 0.0, 0.0, 1.0],
                [0.164329, 0.194916, -0.966956, -0.0, 0.885755, 0.402236, 0.231611, 0.39386, 0.434089, -0.894547, -0.106549, 0.0, 0.0, 0.0, 0.0, 1.0],
                [0.322684, 0.105976, -0.940555, 0.0, 0.837709, 0.430586, 0.335916, 0.39386, 0.440589, -0.896306, 0.050166, 0.0, 0.0, 0.0, 0.0, 1.0]
            ]
        },
        {
            "name": "Hand_R",
            "time": [0.0, 0.2333, 0.4667, 0.7, 0.9333],
            "transform": [
                [0.999998, -0.000848, 0.001614, -0.0, 0.000868, 0.999919, -0.012686, 0.3, -0.001603, 0.012688, 0.999918, 0.0, 0.0, 0.0, 0.0, 1.0],
                [0.999998, -0.000692, 0.001687, -0.0, 0.000868, 0.994318, -0.106447, 0.3, -0.001603, 0.106448, 0.994317, -0.0, 0.0, 0.0, 0.0, 1.0],
                [0.999998, -0.000741, 0.001666, 0.0, 0.000868, 0.996969, -0.077794, 0.3, -0.001603, 0.077795, 0.996968, 0.0, 0.0, 0.0, 0.0, 1.0],
                [0.999998, -0.00056, 0.001735, 0.0, 0.000868, 0.983068, -0.183237, 0.3, -0.001603, 0.183238, 0.983067, 0.0, 0.0, 0.0, 0.0, 1.0],
                [0.999998, -0.000848, 0.001614, -0.0, 0.000868, 0.999919, -0.012686, 0.3, -0.001603, 0.012688, 0.999918, 0.0, 0.0, 0.0, 0.0, 1.0]
            ]
        },
        {
            "name": "Tool_R",
            "time": [0.0, 0.2333, 0.4667, 0.7, 0.9333],
            "transform": [
                [0.993314, -0.07299, -0.089437, -0.004571, -0.088145, -0.979835, -0.179316, 0.299968, -0.074502, 0.18588, -0.97914, 0.013172, 0.0, 0.0, 0.0, 1.0],
                [0.993314, -0.07299, -0.089437, -0.004571, -0.088145, -0.979835, -0.179316, 0.299968, -0.074502, 0.18588, -0.97914, 0.013172, 0.0, 0.0, 0.0, 1.0],
                [0.993315, -0.078434, -0.0847, -0.00564, -0.088143, -0.989125, -0.117737, 0.286485, -0.074501, 0.124332, -0.988841, 0.014866, 0.0, 0.0, 0.0, 1.0],
                [0.993314, -0.07299, -0.089437, -0.004571, -0.088145, -0.979835, -0.179316, 0.299968, -0.074502, 0.18588, -0.97914, 0.013172, 0.0, 0.0, 0.0, 1.0],
                [0.993314, -0.07299, -0.089437, -0.004571, -0.088145, -0.979835, -0.179316, 0.299968, -0.074502, 0.18588, -0.97914, 0.013172, 0.0, 0.0, 0.0, 1.0]
            ]
        },
        {
            "name": "Elbow_R",
            "time": [0.0, 0.2333, 0.4667, 0.7, 0.9333],
            "transform": [
                [-1.0, 0.0, -0.0, -0.0, 0.0, 0.0, -1.0, 0.327556, -0.0, -1.0, 0.0, 0.0, 0.0, 0.0, 0.0, 1.0],
                [-1.0, 0.0, -0.0, -0.0, -0.0, 0.0, -1.0, 0.327556, -0.0, -1.0, 0.0, 0.0, 0.0, 0.0, 0.0, 1.0],
                [-1.0, 0.0, 0.0, 0.0, 0.0, -0.0, -1.0, 0.327556, -0.0, -1.0, 0.0, 0.0, 0.0, 0.0, 0.0, 1.0],
                [-1.0, 0.0, -0.0, 0.0, 0.0, -0.0, -1.0, 0.327556, -0.0, -1.0, 0.0, 0.0, 0.0, 0.0, 0.0, 1.0],
                [-1.0, 0.0, -0.0, -0.0, 0.0, 0.0, -1.0, 0.327556, -0.0, -1.0, 0.0, 0.0, 0.0, 0.0, 0.0, 1.0]
            ]
        },
        {
            "name": "Shoulder_L",
            "time": [0.0, 0.2333, 0.4667, 0.7, 0.9333],
            "transform": [
                [-0.226937, -0.950164, -0.213747, -0.0, -0.021067, -0.214633, 0.976468, 0.4, -0.973681, 0.2261, 0.028691, 0.0, 0.0, 0.0, 0.0, 1.0],
                [-0.226937, -0.950164, -0.213747, -0.0, -0.021067, -0.214633, 0.976467, 0.4, -0.973681, 0.2261, 0.028691, 0.0, 0.0, 0.0, 0.0, 1.0],
                [-0.226937, -0.950164, -0.213747, -0.0, -0.021067, -0.214633, 0.976467, 0.4, -0.973681, 0.2261, 0.028691, -0.0, 0.0, 0.0, 0.0, 1.0],
                [-0.082755, -0.973377, -0.213747, -0.0, 0.011165, -0.215375, 0.976468, 0.4, -0.996507, 0.078421, 0.028691, 0.0, 0.0, 0.0, 0.0, 1.0],
                [-0.226937, -0.950164, -0.213747, -0.0, -0.021067, -0.214633, 0.976468, 0.4, -0.973681, 0.2261, 0.028691, 0.0, 0.0, 0.0, 0.0, 1.0]
            ]
        },
        {
            "name": "Arm_L",
            "time": [0.0, 0.2333, 0.4667, 0.7, 0.9333],
            "transform": [
                [0.028182, 0.057075, 0.997972, 0.0, -0.936759, 0.349916, 0.006442, 0.39386, -0.348839, -0.93504, 0.063327, 0.0, 0.0, 0.0, 0.0, 1.0],
                [0.06386, -0.169477, 0.983463, 0.0, -0.935492, 0.333015, 0.118132, 0.39386, -0.347529, -0.927566, -0.137278, -0.0, 0.0, 0.0, 0.0, 1.0],
                [0.062482, 0.058466, 0.996332, 0.0, -0.926005, 0.375788, 0.03602, 0.39386, -0.372304, -0.924859, 0.07762, -0.0, 0.0, 0.0, 0.0, 1.0],
                [-0.072584, 0.298523, 0.951639, -0.0, -0.948824, 0.273368, -0.158123, 0.39386, -0.30735, -0.914415, 0.263403, 0.0, 0.0, 0.0, 0.0, 1.0],
                [0.028182, 0.057075, 0.997972, 0.0, -0.936759, 0.349916, 0.006442, 0.39386, -0.348839, -0.93504, 0.063327, 0.0, 0.0, 0.0, 0.0, 1.0]
            ]
        },
        {
            "name": "Hand_L",
            "time": [0.0, 0.2333, 0.4667, 0.7, 0.9333],
            "transform": [
                [0.999993, -0.001541, -0.00347, 0.0, 0.000938, 0.985901, -0.167329, 0.3, 0.003679, 0.167324, 0.985895, 0.0, 0.0, 0.0, 0.0, 1.0],
                [0.999993, -0.001136, -0.003623, -0.0, 0.000938, 0.998527, -0.054254, 0.3, 0.003679, 0.05425, 0.998521, 0.0, 0.0, 0.0, 0.0, 1.0],
                [0.999993, -0.001541, -0.00347, -0.0, 0.000938, 0.985901, -0.167329, 0.3, 0.003679, 0.167324, 0.985895, -0.0, 0.0, 0.0, 0.0, 1.0],
                [0.999993, -0.001541, -0.00347, -0.0, 0.000938, 0.985901, -0.167329, 0.3, 0.003679, 0.167324, 0.985895, -0.0, 0.0, 0.0, 0.0, 1.0],
                [0.999993, -0.001541, -0.00347, 0.0, 0.000938, 0.985901, -0.167329, 0.3, 0.003679, 0.167324, 0.985895, 0.0, 0.0, 0.0, 0.0, 1.0]
            ]
        },
        {
            "name": "Tool_L",
            "time": [0.0, 0.2333, 0.4667, 0.7, 0.9333],
            "transform": [
                [0.997004, 0.01104, -0.076554, 0.0, -0.036659, -0.804079, -0.593391, 0.272858, -0.068067, 0.594062, -0.8008, -0.0, 0.0, 0.0, 0.0, 1.0],
                [0.997004, 0.01104, -0.076554, 0.0, -0.036659, -0.804079, -0.593391, 0.272858, -0.068067, 0.594062, -0.8008, -0.0, 0.0, 0.0, 0.0, 1.0],
                [0.997004, 0.01104, -0.076554, 0.0, -0.036659, -0.804079, -0.593391, 0.272858, -0.068067, 0.594062, -0.8008, -0.0, 0.0, 0.0, 0.0, 1.0],
                [0.997004, 0.01104, -0.076554, 0.0, -0.036659, -0.804079, -0.593391, 0.272858, -0.068067, 0.594062, -0.8008, -0.0, 0.0, 0.0, 0.0, 1.0],
                [0.997004, 0.01104, -0.076554, 0.0, -0.036659, -0.804079, -0.593391, 0.272858, -0.068067, 0.594062, -0.8008, -0.0, 0.0, 0.0, 0.0, 1.0]
            ]
        },
        {
            "name": "Elbow_L",
            "time": [0.0, 0.2333, 0.4667, 0.7, 0.9333],
            "transform": [
                [-1.0, 0.0, -0.0, 2.7e-05, 0.0, -0.0, -1.0, 0.33151, -0.0, -1.0, -0.0, -0.002121, 0.0, 0.0, 0.0, 1.0],
                [-1.0, 0.0, -0.0, 2.7e-05, 0.0, -0.0, -1.0, 0.33151, -0.0, -1.0, 0.0, -0.002121, 0.0, 0.0, 0.0, 1.0],
                [-1.0, 0.0, -0.0, 2.7e-05, 0.0, -0.0, -1.0, 0.33151, -0.0, -1.0, -0.0, -0.002121, 0.0, 0.0, 0.0, 1.0],
                [-1.0, 0.0, -0.0, 2.7e-05, 0.0, -0.0, -1.0, 0.33151, -0.0, -1.0, -0.0, -0.002121, 0.0, 0.0, 0.0, 1.0],
                [-1.0, 0.0, -0.0, 2.7e-05, 0.0, -0.0, -1.0, 0.33151, -0.0, -1.0, -0.0, -0.002121, 0.0, 0.0, 0.0, 1.0]
            ]
        }
    ]
}