{
    "animation": [
        {
            "name": "Root",
            "time": [0.0, 0.2167, 0.2833, 0.35, 0.6833, 0.95],
            "transform": [
                [0.99307, 0.0, 0.117525, -5e-06, 0.117272, 0.065644, -0.990928, 0.066967, -0.007715, 0.997843, 0.065189, 0.611345, 0.0, 0.0, 0.0, 1.0],
                [0.828677, -0.018002, 0.559437, -5e-06, 0.559354, 0.063127, -0.826522, -0.158706, -0.020437, 0.997843, 0.062382, 0.611345, 0.0, 0.0, 0.0, 1.0],
                [0.999369, 0.01002, -0.034073, -5e-06, -0.03512, 0.135995, -0.990087, 0.390568, -0.005287, 0.990659, 0.136261, 0.700371, 0.0, 0.0, 0.0, 1.0],
                [0.911901, 0.04993, -0.407361, -5e-06, -0.409973, 0.065071, -0.909773, 1.086693, -0.018918, 0.996631, 0.079809, 0.63514, 0.0, 0.0, 0.0, 1.0],
                [0.905383, 0.050353, -0.421599, -5e-06, -0.423693, 0.042457, -0.90481, 1.125353, -0.02766, 0.997829, 0.059775, 0.604744, 0.0, 0.0, 0.0, 1.0],
                [0.905383, 0.050353, -0.421599, -5e-06, -0.423693, 0.042457, -0.90481, 1.125353, -0.02766, 0.997829, 0.059775, 0.604744, 0.0, 0.0, 0.0, 1.0]
            ]
        },
        {
            "name": "Thigh_R",
            "time": [0.0, 0.2167, 0.2833, 0.35, 0.6833, 0.95],
            "transform": [
                [0.989653, 0.123394, 0.073209, 0.124994, -0.004555, -0.482967, 0.875626, -0.002831, 0.143405, -0.866898, -0.477409, -1.2e-05, 0.0, 0.0, 0.0, 1.0],
                [0.873772, 0.452932, 0.177126, 0.124994, 0.012671, -0.385281, 0.922712, -0.002831, 0.48617, -0.803994, -0.342388, -1.2e-05, 0.0, 0.0, 0.0, 1.0],
                [0.991865, 0.115234, -0.054082, 0.124994, 0.126538, -0.846321, 0.517422, -0.002831, 0.013854, -0.520054, -0.854021, -1.2e-05, 0.0, 0.0, 0.0, 1.0],
                [0.958119, 0.285758, -0.018696, 0.124994, 0.267831, -0.917287, -0.294699, -0.002831, -0.101363, 0.277349, -0.955407, -1.2e-05, 0.0, 0.0, 0.0, 1.0],
                [0.941399, 0.337289, 0.001688, 0.124994, 0.314402, -0.875682, -0.36651, -0.002831, -0.122142, 0.345562, -0.930413, -1.2e-05, 0.0, 0.0, 0.0, 1.0],
                [0.941399, 0.337289, 0.001688, 0.124994, 0.314402, -0.875682, -0.36651, -0.002831, -0.122142, 0.345562, -0.930413, -1.2e-05, 0.0, 0.0, 0.0, 1.0]
            ]
        },
        {
            "name": "Leg_R",
            "time": [0.0, 0.2167, 0.35, 0.6833, 0.95],
            "transform": [
                [0.998295, -0.036028, -0.045939, -0.0, 0.058094, 0.535052, 0.842819, 0.37472, -0.005785, -0.844051, 0.536232, -0.0, 0.0, 0.0, 0.0, 1.0],
                [0.998294, -0.036028, -0.045939, -0.0, 0.058094, 0.535052, 0.842819, 0.37472, -0.005785, -0.844051, 0.536232, 0.0, 0.0, 0.0, 0.0, 1.0],
                [0.998294, -0.054259, -0.021549, 0.0, 0.058094, 0.886666, 0.458747, 0.37472, -0.005785, -0.459217, 0.888305, -0.0, 0.0, 0.0, 0.0, 1.0],
                [0.998294, -0.057086, -0.012229, -0.0, 0.058094, 0.95059, 0.304965, 0.37472, -0.005785, -0.305156, 0.952284, 0.0, 0.0, 0.0, 0.0, 1.0],
                [0.998294, -0.057086, -0.012229, -0.0, 0.058094, 0.95059, 0.304965, 0.37472, -0.005785, -0.305156, 0.952284, 0.0, 0.0, 0.0, 0.0, 1.0]
            ]
        },
        {
            "name": "Knee_R",
            "time": [0.0, 0.2167, 0.35, 0.6833, 0.95],
            "transform": [
                [1.0, 0.0, -0.0, -0.0, -0.0, 1e-06, -1.0, 0.37472, -0.0, 1.0, 1e-06, -0.0, 0.0, 0.0, 0.0, 1.0],
                [1.0, 0.0, -0.0, -0.0, -0.0, 1e-06, -1.0, 0.37472, -0.0, 1.0, 1e-06, 0.0, 0.0, 0.0, 0.0, 1.0],
                [1.0, 0.0, -0.0, 0.0, -0.0, 1e-06, -1.0, 0.37472, -0.0, 1.0, 1e-06, -0.0, 0.0, 0.0, 0.0, 1.0],
                [1.0, 0.0, -0.0, -0.0, -0.0, 1e-06, -1.0, 0.37472, -0.0, 1.0, 1e-06, 0.0, 0.0, 0.0, 0.0, 1.0],
                [1.0, 0.0, -0.0, -0.0, -0.0, 1e-06, -1.0, 0.37472, -0.0, 1.0, 1e-06, 0.0, 0.0, 0.0, 0.0, 1.0]
            ]
        },
        {
            "name": "Thigh_L",
            "time": [0.0, 0.2167, 0.2833, 0.35, 0.6833, 0.95],
            "transform": [
                [0.654866, -0.363438, -0.662618, -0.109662, -0.569286, -0.813883, -0.116222, -0.002831, -0.497054, 0.45333, -0.739885, 0.02525, 0.0, 0.0, 0.0, 1.0],
                [0.370725, -0.61646, -0.694651, -0.109662, -0.518038, -0.758041, 0.396245, -0.002831, -0.770842, 0.212958, -0.600375, 0.02525, 0.0, 0.0, 0.0, 1.0],
                [0.896186, -0.407098, -0.176414, -0.109662, -0.362152, -0.900903, 0.239206, -0.002831, -0.256312, -0.150484, -0.954808, 0.02525, 0.0, 0.0, 0.0, 1.0],
                [0.877599, -0.397991, -0.267249, -0.109662, -0.077742, -0.668244, 0.739869, -0.002831, -0.473049, -0.628532, -0.617391, 0.02525, 0.0, 0.0, 0.0, 1.0],
                [0.851136, -0.437672, -0.289846, -0.109662, -0.001635, -0.554353, 0.83228, -0.002831, -0.524942, -0.70791, -0.472545, 0.02525, 0.0, 0.0, 0.0, 1.0],
                [0.851136, -0.437672, -0.289846, -0.109662, -0.001635, -0.554353, 0.83228, -0.002831, -0.524942, -0.70791, -0.472545, 0.02525, 0.0, 0.0, 0.0, 1.0]
            ]
        },
        {
            "name": "Leg_L",
            "time": [0.0, 0.2167, 0.2833, 0.35, 0.6833, 0.95],
            "transform": [
                [0.997933, 0.05699, 0.029709, -0.0, -0.064028, 0.921625, 0.382762, 0.37472, -0.005566, -0.383872, 0.92337, 0.0, 0.0, 0.0, 0.0, 1.0],
                [0.997933, 0.037391, 0.052273, 0.0, -0.064028, 0.648848, 0.75822, 0.37472, -0.005567, -0.759999, 0.649901, -0.0, 0.0, 0.0, 0.0, 1.0],
                [0.997933, 0.017711, 0.06178, 0.0, -0.064028, 0.357241, 0.931816, 0.37472, -0.005567, -0.933844, 0.357636, 0.0, 0.0, 0.0, 0.0, 1.0],
                [0.997933, 0.03965, 0.05058, -0.0, -0.064028, 0.681518, 0.728995, 0.37472, -0.005567, -0.730726, 0.682648, 0.0, 0.0, 0.0, 0.0, 1.0],
                [0.997933, 0.046314, 0.044559, -0.0, -0.064028, 0.776484, 0.626875, 0.37472, -0.005567, -0.628432, 0.777845, -0.0, 0.0, 0.0, 0.0, 1.0],
                [0.997933, 0.046314, 0.044559, -0.0, -0.064028, 0.776484, 0.626875, 0.37472, -0.005567, -0.628432, 0.777845, -0.0, 0.0, 0.0, 0.0, 1.0]
            ]
        },
        {
            "name": "Knee_L",
            "time": [0.0, 0.2167, 0.35, 0.6833, 0.95],
            "transform": [
                [1.0, 0.0, -0.0, -0.0, -0.0, 1e-06, -1.0, 0.37472, -0.0, 1.0, 1e-06, 0.0, 0.0, 0.0, 0.0, 1.0],
                [1.0, 0.0, -0.0, 0.0, -0.0, 1e-06, -1.0, 0.37472, -0.0, 1.0, 1e-06, -0.0, 0.0, 0.0, 0.0, 1.0],
                [1.0, 0.0, -0.0, -0.0, -0.0, 1e-06, -1.0, 0.37472, -0.0, 1.0, 1e-06, 0.0, 0.0, 0.0, 0.0, 1.0],
                [1.0, 0.0, -0.0, -0.0, -0.0, 1e-06, -1.0, 0.37472, -0.0, 1.0, 1e-06, -0.0, 0.0, 0.0, 0.0, 1.0],
                [1.0, 0.0, -0.0, -0.0, -0.0, 1e-06, -1.0, 0.37472, -0.0, 1.0, 1e-06, -0.0, 0.0, 0.0, 0.0, 1.0]
            ]
        },
        {
            "name": "Torso",
            "time": [0.0, 0.2167, 0.35, 0.6833, 0.95],
            "transform": [
                [0.965662, -0.025127, 0.258583, 0.0, 0.020968, 0.999603, 0.018828, 0.05, -0.258953, -0.012759, 0.965806, 0.0, 0.0, 0.0, 0.0, 1.0],
                [0.965662, -0.025127, 0.258583, -0.0, 0.020968, 0.999603, 0.018828, 0.05, -0.258953, -0.012759, 0.965806, 0.0, 0.0, 0.0, 0.0, 1.0],
                [0.992226, -0.064959, 0.106153, -0.0, 0.06153, 0.997482, 0.035272, 0.05, -0.108176, -0.028467, 0.993724, 0.0, 0.0, 0.0, 0.0, 1.0],
                [0.995409, -0.077062, 0.056773, -0.0, 0.074906, 0.996421, 0.039163, 0.05, -0.059588, -0.03473, 0.997619, -0.0, 0.0, 0.0, 0.0, 1.0],
                [0.995409, -0.077062, 0.056773, -0.0, 0.074906, 0.996421, 0.039163, 0.05, -0.059588, -0.03473, 0.997619, -0.0, 0.0, 0.0, 0.0, 1.0]
            ]
        },
        {
            "name": "Chest",
            "time": [0.0, 0.2167, 0.2833, 0.35, 0.5333, 0.6833, 0.95],
            "transform": [
                [0.858889, -0.043502, 0.510311, 0.0, 0.006316, 0.99721, 0.074377, 0.3, -0.512123, -0.060658, 0.856768, -0.0, 0.0, 0.0, 0.0, 1.0],
                [0.713551, 0.142927, 0.68587, -0.0, -0.002041, 0.97939, -0.20197, 0.3, -0.700601, 0.142716, 0.699136, 0.0, 0.0, 0.0, 0.0, 1.0],
                [0.996387, 0.067169, -0.05197, 0.0, -0.069838, 0.996235, -0.051368, 0.3, 0.048324, 0.054812, 0.997327, 0.0, 0.0, 0.0, 0.0, 1.0],
                [0.8302, 0.008246, -0.557404, -0.0, 0.002295, 0.999831, 0.018208, 0.3, 0.55746, -0.016396, 0.830042, -0.0, 0.0, 0.0, 0.0, 1.0],
                [0.903963, -0.011497, -0.427456, 0.0, 0.068004, 0.990782, 0.117162, 0.3, 0.422168, -0.134979, 0.896412, -0.0, 0.0, 0.0, 0.0, 1.0],
                [0.887666, 0.002604, -0.46048, -0.0, 0.018917, 0.998934, 0.042115, 0.3, 0.460099, -0.046095, 0.886671, -0.0, 0.0, 0.0, 0.0, 1.0],
                [0.887666, 0.002604, -0.46048, -0.0, 0.018917, 0.998934, 0.042115, 0.3, 0.460099, -0.046095, 0.886671, -0.0, 0.0, 0.0, 0.0, 1.0]
            ]
        },
        {
            "name": "Head",
            "time": [0.0, 0.2167, 0.2833, 0.35, 0.6833, 0.95],
            "transform": [
                [0.63065, 0.03176, -0.775417, -0.0, -0.045667, 0.998949, 0.003774, 0.4, 0.774722, 0.033031, 0.631438, 0.0, 0.0, 0.0, 0.0, 1.0],
                [0.63065, 0.03176, -0.775417, -0.0, -0.045667, 0.99895, 0.003774, 0.4, 0.774722, 0.033031, 0.631438, 0.0, 0.0, 0.0, 0.0, 1.0],
                [0.989425, 0.03176, -0.141525, 0.0, -0.036102, 0.99895, -0.02822, 0.4, 0.14048, 0.033031, 0.989532, -0.0, 0.0, 0.0, 0.0, 1.0],
                [0.718456, 0.03176, 0.694847, -0.0, 0.000157, 0.99895, -0.045822, 0.4, -0.695572, 0.033031, 0.717697, -0.0, 0.0, 0.0, 0.0, 1.0],
                [0.800413, 0.03176, 0.598607, -0.0, -0.005628, 0.99895, -0.045476, 0.4, -0.599422, 0.033031, 0.799751, -0.0, 0.0, 0.0, 0.0, 1.0],
                [0.800413, 0.03176, 0.598607, -0.0, -0.005628, 0.99895, -0.045476, 0.4, -0.599422, 0.033031, 0.799751, -0.0, 0.0, 0.0, 0.0, 1.0]
            ]
        },
        {
            "name": "Shoulder_R",
            "time": [0.0, 0.2167, 0.35, 0.6833, 0.95],
            "transform": [
                [-0.059544, 0.923942, 0.37787, -0.0, -0.044266, -0.380613, 0.923674, 0.4, 0.997243, 0.038273, 0.063562, 0.0, 0.0, 0.0, 0.0, 1.0],
                [-0.233346, 0.895971, 0.37787, -0.0, 0.028574, -0.382112, 0.923674, 0.4, 0.971974, 0.226333, 0.063562, 0.0, 0.0, 0.0, 0.0, 1.0],
                [-0.104812, 0.919907, 0.37787, -0.0, -0.025535, -0.382327, 0.923674, 0.4, 0.994164, 0.087163, 0.063562, -0.0, 0.0, 0.0, 0.0, 1.0],
                [-0.063309, 0.923691, 0.37787, -0.0, -0.042714, -0.38079, 0.923674, 0.4, 0.997079, 0.042337, 0.063562, -0.0, 0.0, 0.0, 0.0, 1.0],
                [-0.063309, 0.923691, 0.37787, -0.0, -0.042714, -0.38079, 0.923674, 0.4, 0.997079, 0.042337, 0.063562, -0.0, 0.0, 0.0, 0.0, 1.0]
            ]
        },
        {
            "name": "Arm_R",
            "time": [0.0, 0.2167, 0.35, 0.5333, 0.6833, 0.95],
            "transform": [
                [0.445382, -0.63387, -0.632332, 0.0, 0.029075, 0.716114, -0.697377, 0.39386, 0.894868, 0.292214, 0.337375, 0.0, 0.0, 0.0, 0.0, 1.0],
                [0.123164, -0.525252, -0.841987, 0.0, -0.279533, 0.79573, -0.537285, 0.393861, 0.952204, 0.301537, -0.04882, 0.0, 0.0, 0.0, 0.0, 1.0],
                [0.079514, 0.089566, -0.992802, -0.0, -0.282952, 0.957018, 0.063676, 0.39386, 0.955833, 0.275852, 0.101439, -0.0, 0.0, 0.0, 0.0, 1.0],
                [0.097012, 0.201487, -0.974675, -0.0, -0.292899, 0.941708, 0.165519, 0.39386, 0.951209, 0.269424, 0.150372, 0.0, 0.0, 0.0, 0.0, 1.0],
                [0.123164, 0.230507, -0.965245, 0.0, -0.279533, 0.941325, 0.189127, 0.393861, 0.952204, 0.246524, 0.180371, 0.0, 0.0, 0.0, 0.0, 1.0],
                [0.123164, 0.230507, -0.965245, 0.0, -0.279533, 0.941325, 0.189127, 0.393861, 0.952204, 0.246524, 0.180371, 0.0, 0.0, 0.0, 0.0, 1.0]
            ]
        },
        {
            "name": "Hand_R",
            "time": [0.0, 0.2167, 0.35, 0.6833, 0.95],
            "transform": [
                [0.999599, -0.024902, -0.013478, 0.0, 0.023395, 0.994478, -0.102309, 0.3, 0.015951, 0.101953, 0.994661, -0.0, 0.0, 0.0, 0.0, 1.0],
                [0.999599, -0.027702, -0.005864, -0.0, 0.023395, 0.924649, -0.380101, 0.3, 0.015951, 0.379811, 0.924926, 0.0, 0.0, 0.0, 0.0, 1.0],
                [0.999599, -0.023837, 0.015283, 0.0, 0.023395, 0.391223, -0.919999, 0.3, 0.015951, 0.919987, 0.391624, 0.0, 0.0, 0.0, 0.0, 1.0],
                [0.999599, -0.021111, 0.018871, -0.0, 0.023395, 0.240316, -0.970413, 0.3, 0.015951, 0.970465, 0.240713, 0.0, 0.0, 0.0, 0.0, 1.0],
                [0.999599, -0.021111, 0.018871, -0.0, 0.023395, 0.240316, -0.970413, 0.3, 0.015951, 0.970465, 0.240713, 0.0, 0.0, 0.0, 0.0, 1.0]
            ]
        },
        {
            "name": "Tool_R",
            "time": [0.0, 0.2167, 0.35, 0.6833, 0.95],
            "transform": [
                [0.999822, 0.009713, 0.016189, -0.017311, 0.006818, -0.985396, 0.17014, 0.36637, 0.017594, -0.169909, -0.984702, 0.051121, 0.0, 0.0, 0.0, 1.0],
                [0.999822, 0.009713, 0.016189, -0.017312, 0.006818, -0.985396, 0.17014, 0.36637, 0.017595, -0.169909, -0.984702, 0.051121, 0.0, 0.0, 0.0, 1.0],
                [0.999822, 0.009713, 0.016189, -0.017312, 0.006818, -0.985396, 0.17014, 0.36637, 0.017595, -0.169909, -0.984702, 0.051121, 0.0, 0.0, 0.0, 1.0],
                [0.999822, 0.009713, 0.016189, -0.017312, 0.006818, -0.985396, 0.17014, 0.36637, 0.017595, -0.169909, -0.984702, 0.051121, 0.0, 0.0, 0.0, 1.0],
                [0.999822, 0.009713, 0.016189, -0.017312, 0.006818, -0.985396, 0.17014, 0.36637, 0.017595, -0.169909, -0.984702, 0.051121, 0.0, 0.0, 0.0, 1.0]
            ]
        },
        {
            "name": "Elbow_R",
            "time": [0.0, 0.2167, 0.35, 0.6833, 0.95],
            "transform": [
                [-1.0, 0.0, -0.0, -0.0, 0.0, -0.366805, -0.930298, 0.332805, -0.0, -0.930298, 0.366805, -0.022554, 0.0, 0.0, 0.0, 1.0],
                [-1.0, 0.0, -0.0, -0.0, 0.0, -0.366805, -0.930298, 0.332805, -1e-06, -0.930298, 0.366805, -0.022554, 0.0, 0.0, 0.0, 1.0],
                [-1.0, 0.0, -0.0, 0.0, 0.0, -0.366805, -0.930298, 0.332805, -1e-06, -0.930298, 0.366805, -0.022554, 0.0, 0.0, 0.0, 1.0],
                [-1.0, 0.0, -0.0, -0.0, 0.0, -0.366805, -0.930298, 0.332805, -1e-06, -0.930298, 0.366805, -0.022554, 0.0, 0.0, 0.0, 1.0],
                [-1.0, 0.0, -0.0, -0.0, 0.0, -0.366805, -0.930298, 0.332805, -1e-06, -0.930298, 0.366805, -0.022554, 0.0, 0.0, 0.0, 1.0]
            ]
        },
        {
            "name": "Shoulder_L",
            "time": [0.0, 0.2167, 0.35, 0.6833, 0.95],
            "transform": [
                [-0.007939, -0.952498, -0.304441, -0.0, -0.088921, -0.302572, 0.948969, 0.4, -0.996007, 0.034605, -0.082295, 0.0, 0.0, 0.0, 0.0, 1.0],
                [-0.007939, -0.952498, -0.304441, -0.0, -0.088921, -0.302572, 0.94897, 0.4, -0.996007, 0.034605, -0.082295, 0.0, 0.0, 0.0, 0.0, 1.0],
                [0.047021, -0.95137, -0.304441, -0.0, -0.071319, -0.307198, 0.948969, 0.4, -0.996345, -0.02291, -0.082295, -0.0, 0.0, 0.0, 0.0, 1.0],
                [0.064501, -0.950345, -0.304441, -0.0, -0.06566, -0.308457, 0.948969, 0.4, -0.995755, -0.04122, -0.082295, -0.0, 0.0, 0.0, 0.0, 1.0],
                [0.064501, -0.950345, -0.304441, -0.0, -0.06566, -0.308457, 0.948969, 0.4, -0.995755, -0.04122, -0.082295, -0.0, 0.0, 0.0, 0.0, 1.0]
            ]
        },
        {
            "name": "Arm_L",
            "time": [0.0, 0.2167, 0.35, 0.5333, 0.6833, 0.95],
            "transform": [
                [-0.030479, 0.077973, 0.996489, -0.0, 0.335564, 0.93989, -0.06328, 0.39386, -0.941524, 0.332457, -0.054811, 0.0, 0.0, 0.0, 0.0, 1.0],
                [-0.030479, -0.096593, 0.994857, -0.0, 0.335564, 0.936564, 0.101214, 0.39386, -0.941524, 0.336923, 0.003868, -0.0, 0.0, 0.0, 0.0, 1.0],
                [0.282231, 0.43191, 0.856621, 0.0, 0.284377, 0.815123, -0.504681, 0.39386, -0.916229, 0.38604, 0.107227, 0.0, 0.0, 0.0, 0.0, 1.0],
                [0.414037, 0.478987, 0.774044, -0.0, 0.323543, 0.717386, -0.61699, 0.39386, -0.850819, 0.505894, 0.142052, 0.0, 0.0, 0.0, 0.0, 1.0],
                [0.369948, 0.532864, 0.761048, 0.0, 0.237123, 0.737879, -0.631908, 0.39386, -0.898282, 0.414235, 0.146623, -0.0, 0.0, 0.0, 0.0, 1.0],
                [0.369948, 0.532864, 0.761048, 0.0, 0.237123, 0.737879, -0.631908, 0.39386, -0.898282, 0.414235, 0.146623, -0.0, 0.0, 0.0, 0.0, 1.0]
            ]
        },
        {
            "name": "Hand_L",
            "time": [0.0, 0.2167, 0.2833, 0.35, 0.6833, 0.95],
            "transform": [
                [0.99991, 0.009759, -0.009248, 0.0, -0.012582, 0.436767, -0.899487, 0.3, -0.004739, 0.899522, 0.43685, 0.0, 0.0, 0.0, 0.0, 1.0],
                [0.99991, 0.00212, -0.013277, 0.0, -0.012582, -0.200547, -0.979604, 0.3, -0.004739, 0.979682, -0.200502, -0.0, 0.0, 0.0, 0.0, 1.0],
                [0.999911, -2.2e-05, -0.013346, -0.0, -0.012491, -0.353704, -0.935274, 0.3, -0.004699, 0.935358, -0.353673, -0.0, 0.0, 0.0, 0.0, 1.0],
                [0.999911, 0.012797, 0.003926, -0.0, -0.012519, 0.997865, -0.064101, 0.3, -0.004738, 0.064046, 0.997936, -0.0, 0.0, 0.0, 0.0, 1.0],
                [0.99991, 0.012467, 0.004914, 0.0, -0.012536, 0.999822, 0.014145, 0.3, -0.004737, -0.014206, 0.999888, -0.0, 0.0, 0.0, 0.0, 1.0],
                [0.99991, 0.012467, 0.004914, 0.0, -0.012536, 0.999822, 0.014145, 0.3, -0.004737, -0.014206, 0.999888, -0.0, 0.0, 0.0, 0.0, 1.0]
            ]
        },
        {
            "name": "Tool_L",
            "time": [0.0, 0.2167, 0.35, 0.6833, 0.95],
            "transform": [
                [0.998658, 0.039723, -0.033233, -0.012677, 0.043929, -0.98956, 0.137266, 0.208813, -0.027417, -0.138471, -0.989393, 0.160811, 0.0, 0.0, 0.0, 1.0],
                [0.998658, 0.039723, -0.033233, -0.012677, 0.043929, -0.98956, 0.137266, 0.208813, -0.027417, -0.138471, -0.989393, 0.160811, 0.0, 0.0, 0.0, 1.0],
                [0.998658, 0.039723, -0.033233, -0.012677, 0.043929, -0.989559, 0.137266, 0.208813, -0.027417, -0.138471, -0.989393, 0.160811, 0.0, 0.0, 0.0, 1.0],
                [0.998658, 0.039723, -0.033233, -0.012677, 0.043929, -0.98956, 0.137266, 0.208813, -0.027417, -0.138471, -0.989393, 0.160811, 0.0, 0.0, 0.0, 1.0],
                [0.998658, 0.039723, -0.033233, -0.012677, 0.043929, -0.98956, 0.137266, 0.208813, -0.027417, -0.138471, -0.989393, 0.160811, 0.0, 0.0, 0.0, 1.0]
            ]
        },
        {
            "name": "Elbow_L",
            "time": [0.0, 0.2167, 0.2833, 0.35, 0.6833, 0.95],
            "transform": [
                [-0.999641, -0.010931, -0.024478, -0.001644, 0.023045, 0.116083, -0.992972, 0.298484, 0.013695, -0.99318, -0.115789, -0.001028, 0.0, 0.0, 0.0, 1.0],
                [-0.999641, -0.01093, -0.024478, -0.001644, 0.023045, 0.116082, -0.992972, 0.298484, 0.013695, -0.99318, -0.115789, -0.001028, 0.0, 0.0, 0.0, 1.0],
                [-0.999641, 0.000677, -0.026799, -0.001644, 0.023045, 0.532409, -0.846174, 0.298484, 0.013695, -0.846487, -0.532233, -0.001028, 0.0, 0.0, 0.0, 1.0],
                [-0.999641, -0.007956, -0.0256, -0.001644, 0.023045, 0.232823, -0.972246, 0.298484, 0.013695, -0.972487, -0.232556, -0.001028, 0.0, 0.0, 0.0, 1.0],
                [-0.999641, -0.010931, -0.024478, -0.001644, 0.023045, 0.116082, -0.992972, 0.298484, 0.013695, -0.99318, -0.115789, -0.001028, 0.0, 0.0, 0.0, 1.0],
                [-0.999641, -0.010931, -0.024478, -0.001644, 0.023045, 0.116082, -0.992972, 0.298484, 0.013695, -0.99318, -0.115789, -0.001028, 0.0, 0.0, 0.0, 1.0]
            ]
        }
    ]
}