{
    "animation": [
        {
            "name": "Root",
            "time": [0.0, 0.15, 0.3833, 0.55, 0.9, 1.15, 1.5],
            "transform": [
                [0.854689, 0.0, -0.51914, -5e-06, -0.51914, 0.0, -0.854689, 0.000946, 0.0, 1.0, 0.0, 0.777146, 0.0, 0.0, 0.0, 1.0],
                [0.533224, 0.0, -0.845974, -5e-06, -0.845974, 0.0, -0.533224, -0.118493, 0.0, 1.0, 0.0, 0.697163, 0.0, 0.0, 0.0, 1.0],
                [0.307784, 0.0, -0.951456, -5e-06, -0.951456, 0.0, -0.307784, -0.144634, 0.0, 1.0, 0.0, 0.673238, 0.0, 0.0, 0.0, 1.0],
                [0.997181, 0.005552, -0.07483, -5e-06, -0.075025, 0.057394, -0.995529, 0.480409, -0.001232, 0.998336, 0.057649, 0.637129, 0.0, 0.0, 0.0, 1.0],
                [0.99307, 0.0, 0.117525, -5e-06, 0.117272, 0.065644, -0.990928, 0.527366, -0.007715, 0.997843, 0.065189, 0.611345, 0.0, 0.0, 0.0, 1.0],
                [0.99307, 0.0, 0.117525, -5e-06, 0.117272, 0.065644, -0.990928, 0.527366, -0.007715, 0.997843, 0.065189, 0.611345, 0.0, 0.0, 0.0, 1.0],
                [0.99307, 0.0, 0.117525, -5e-06, 0.117272, 0.065644, -0.990928, 0.527366, -0.007715, 0.997843, 0.065189, 0.611345, 0.0, 0.0, 0.0, 1.0]
            ]
        },
        {
            "name": "Thigh_R",
            "time": [0.0, 0.15, 0.3833, 0.55, 0.9, 1.15, 1.5],
            "transform": [
                [0.987912, 0.153416, 0.022211, 0.124994, 0.152036, -0.986881, 0.054282, -0.002831, 0.030247, -0.050248, -0.998279, -1.2e-05, 0.0, 0.0, 0.0, 1.0],
                [0.860653, 0.467137, -0.202629, 0.124994, 0.50613, -0.828399, 0.239969, -0.002831, -0.055759, -0.309086, -0.949398, -1.2e-05, 0.0, 0.0, 0.0, 1.0],
                [0.809357, 0.512858, -0.286209, 0.124994, 0.58046, -0.772745, 0.256767, -0.002831, -0.089482, -0.373948, -0.923123, -1.2e-05, 0.0, 0.0, 0.0, 1.0],
                [0.967658, 0.190451, -0.165427, 0.124994, 0.249861, -0.633269, 0.732488, -0.002831, 0.034743, -0.75013, -0.660376, -1.2e-05, 0.0, 0.0, 0.0, 1.0],
                [0.989653, 0.123394, 0.073209, 0.124994, -0.004555, -0.482967, 0.875626, -0.002831, 0.143405, -0.866898, -0.477409, -1.2e-05, 0.0, 0.0, 0.0, 1.0],
                [0.989653, 0.123394, 0.073209, 0.124994, -0.004555, -0.482967, 0.875626, -0.002831, 0.143405, -0.866898, -0.477409, -1.2e-05, 0.0, 0.0, 0.0, 1.0],
                [0.989653, 0.123394, 0.073209, 0.124994, -0.004555, -0.482967, 0.875626, -0.002831, 0.143405, -0.866898, -0.477409, -1.2e-05, 0.0, 0.0, 0.0, 1.0]
            ]
        },
        {
            "name": "Leg_R",
            "time": [0.0, 0.15, 0.3833, 0.45, 0.55, 0.9, 1.15, 1.5],
            "transform": [
                [0.998294, -0.058382, 2e-06, -0.0, 0.058095, 0.993385, 0.099059, 0.37472, -0.005785, -0.09889, 0.995081, -0.0, 0.0, 0.0, 0.0, 1.0],
                [0.998294, -0.052197, -0.026151, 0.0, 0.058094, 0.84376, 0.533567, 0.37472, -0.005785, -0.534177, 0.845352, 0.0, 0.0, 0.0, 0.0, 1.0],
                [0.998295, -0.049301, -0.031271, -0.0, 0.058094, 0.78579, 0.61576, 0.37472, -0.005785, -0.616527, 0.787312, -0.0, 0.0, 0.0, 0.0, 1.0],
                [0.998294, -0.007318, -0.057921, -0.0, 0.058094, 0.026211, 0.997966, 0.37472, -0.005785, -0.999631, 0.026592, -0.0, 0.0, 0.0, 0.0, 1.0],
                [0.998294, -0.049301, -0.031271, 0.0, 0.058094, 0.78579, 0.61576, 0.37472, -0.005785, -0.616527, 0.787312, 0.0, 0.0, 0.0, 0.0, 1.0],
                [0.998295, -0.036028, -0.045939, -0.0, 0.058094, 0.535052, 0.842819, 0.37472, -0.005785, -0.844051, 0.536232, -0.0, 0.0, 0.0, 0.0, 1.0],
                [0.998295, -0.036028, -0.045939, -0.0, 0.058094, 0.535052, 0.842819, 0.37472, -0.005785, -0.844051, 0.536232, -0.0, 0.0, 0.0, 0.0, 1.0],
                [0.998295, -0.036028, -0.045939, -0.0, 0.058094, 0.535052, 0.842819, 0.37472, -0.005785, -0.844051, 0.536232, -0.0, 0.0, 0.0, 0.0, 1.0]
            ]
        },
        {
            "name": "Knee_R",
            "time": [0.0, 0.15, 0.3833, 0.45, 0.55, 0.9, 1.15, 1.5],
            "transform": [
                [1.0, 0.0, -0.0, -0.0, -0.0, 1e-06, -1.0, 0.37472, -0.0, 1.0, 1e-06, -0.0, 0.0, 0.0, 0.0, 1.0],
                [1.0, 0.0, -0.0, 0.0, -0.0, 1e-06, -1.0, 0.37472, -0.0, 1.0, 1e-06, 0.0, 0.0, 0.0, 0.0, 1.0],
                [1.0, 0.0, -0.0, -0.0, -0.0, 1e-06, -1.0, 0.37472, -0.0, 1.0, 1e-06, -0.0, 0.0, 0.0, 0.0, 1.0],
                [1.0, 0.0, -0.0, -0.0, -0.0, 0.440557, -0.897725, 0.37472, -0.0, 0.897725, 0.440557, -0.0, 0.0, 0.0, 0.0, 1.0],
                [1.0, 0.0, -0.0, 0.0, -0.0, 1e-06, -1.0, 0.37472, -0.0, 1.0, 1e-06, 0.0, 0.0, 0.0, 0.0, 1.0],
                [1.0, 0.0, -0.0, -0.0, -0.0, 1e-06, -1.0, 0.37472, -0.0, 1.0, 1e-06, -0.0, 0.0, 0.0, 0.0, 1.0],
                [1.0, 0.0, -0.0, -0.0, -0.0, 1e-06, -1.0, 0.37472, -0.0, 1.0, 1e-06, -0.0, 0.0, 0.0, 0.0, 1.0],
                [1.0, 0.0, -0.0, -0.0, -0.0, 1e-06, -1.0, 0.37472, -0.0, 1.0, 1e-06, -0.0, 0.0, 0.0, 0.0, 1.0]
            ]
        },
        {
            "name": "Thigh_L",
            "time": [0.0, 0.15, 0.3833, 0.55, 0.9, 1.15, 1.5],
            "transform": [
                [0.779746, -0.258577, -0.570204, -0.109662, -0.133597, -0.958473, 0.251956, -0.002831, -0.611675, -0.120283, -0.781911, 0.02525, 0.0, 0.0, 0.0, 1.0],
                [0.413909, -0.64185, -0.645528, -0.109662, -0.116753, -0.740698, 0.661615, -0.002831, -0.902799, -0.198481, -0.38152, 0.02525, 0.0, 0.0, 0.0, 1.0],
                [0.324892, -0.713745, -0.620494, -0.109662, -0.084694, -0.675408, 0.732565, -0.002831, -0.94195, -0.185452, -0.279885, 0.02525, 0.0, 0.0, 0.0, 1.0],
                [0.602153, -0.406492, -0.68715, -0.109662, -0.538986, -0.841921, 0.025732, -0.002831, -0.588986, 0.35487, -0.72606, 0.02525, 0.0, 0.0, 0.0, 1.0],
                [0.654866, -0.363438, -0.662618, -0.109662, -0.569286, -0.813883, -0.116222, -0.002831, -0.497054, 0.45333, -0.739885, 0.02525, 0.0, 0.0, 0.0, 1.0],
                [0.654866, -0.363438, -0.662618, -0.109662, -0.569286, -0.813883, -0.116222, -0.002831, -0.497054, 0.45333, -0.739885, 0.02525, 0.0, 0.0, 0.0, 1.0],
                [0.654866, -0.363438, -0.662618, -0.109662, -0.569286, -0.813883, -0.116222, -0.002831, -0.497054, 0.45333, -0.739885, 0.02525, 0.0, 0.0, 0.0, 1.0]
            ]
        },
        {
            "name": "Leg_L",
            "time": [0.0, 0.15, 0.3833, 0.55, 0.9, 1.15, 1.5],
            "transform": [
                [0.997933, 0.060521, 0.021628, 0.0, -0.064028, 0.965345, 0.252999, 0.37472, -0.005566, -0.25386, 0.967225, 0.0, 0.0, 0.0, 0.0, 1.0],
                [0.997933, 0.046805, 0.044044, -0.0, -0.064028, 0.783379, 0.618238, 0.37472, -0.005567, -0.61978, 0.784757, 0.0, 0.0, 0.0, 0.0, 1.0],
                [0.997933, 0.042679, 0.048052, -0.0, -0.064028, 0.724969, 0.685799, 0.37472, -0.005567, -0.687458, 0.726203, 0.0, 0.0, 0.0, 0.0, 1.0],
                [0.997933, 0.055324, 0.032708, 0.0, -0.064028, 0.899883, 0.431406, 0.37472, -0.005567, -0.432608, 0.901565, 0.0, 0.0, 0.0, 0.0, 1.0],
                [0.997933, 0.05699, 0.029709, 0.0, -0.064028, 0.921625, 0.382762, 0.37472, -0.005566, -0.383872, 0.92337, -0.0, 0.0, 0.0, 0.0, 1.0],
                [0.997933, 0.05699, 0.029709, 0.0, -0.064028, 0.921625, 0.382762, 0.37472, -0.005566, -0.383872, 0.92337, -0.0, 0.0, 0.0, 0.0, 1.0],
                [0.997933, 0.05699, 0.029709, 0.0, -0.064028, 0.921625, 0.382762, 0.37472, -0.005566, -0.383872, 0.92337, -0.0, 0.0, 0.0, 0.0, 1.0]
            ]
        },
        {
            "name": "Knee_L",
            "time": [0.0, 0.15, 0.3833, 0.55, 0.9, 1.15, 1.5],
            "transform": [
                [1.0, 0.0, -0.0, 0.0, -0.0, 1e-06, -1.0, 0.37472, -0.0, 1.0, 1e-06, 0.0, 0.0, 0.0, 0.0, 1.0],
                [1.0, 0.0, -0.0, -0.0, -0.0, 1e-06, -1.0, 0.37472, -0.0, 1.0, 1e-06, 0.0, 0.0, 0.0, 0.0, 1.0],
                [1.0, 0.0, -0.0, -0.0, -0.0, 1e-06, -1.0, 0.37472, -0.0, 1.0, 1e-06, 0.0, 0.0, 0.0, 0.0, 1.0],
                [1.0, 0.0, -0.0, 0.0, -0.0, 1e-06, -1.0, 0.37472, -0.0, 1.0, 1e-06, 0.0, 0.0, 0.0, 0.0, 1.0],
                [1.0, 0.0, -0.0, 0.0, -0.0, 1e-06, -1.0, 0.37472, -0.0, 1.0, 1e-06, -0.0, 0.0, 0.0, 0.0, 1.0],
                [1.0, 0.0, -0.0, 0.0, -0.0, 1e-06, -1.0, 0.37472, -0.0, 1.0, 1e-06, -0.0, 0.0, 0.0, 0.0, 1.0],
                [1.0, 0.0, -0.0, 0.0, -0.0, 1e-06, -1.0, 0.37472, -0.0, 1.0, 1e-06, -0.0, 0.0, 0.0, 0.0, 1.0]
            ]
        },
        {
            "name": "Torso",
            "time": [0.0, 0.15, 0.3833, 0.55, 0.9, 1.15, 1.5],
            "transform": [
                [0.965662, -0.025127, 0.258583, -0.0, 0.020968, 0.999603, 0.018828, 0.05, -0.258953, -0.012759, 0.965806, 0.0, 0.0, 0.0, 0.0, 1.0],
                [0.965662, -0.025127, 0.258583, 0.0, 0.020968, 0.999603, 0.018828, 0.05, -0.258953, -0.012759, 0.965806, -0.0, 0.0, 0.0, 0.0, 1.0],
                [0.965662, -0.025127, 0.258583, -0.0, 0.020968, 0.999603, 0.018828, 0.05, -0.258953, -0.012759, 0.965806, -0.0, 0.0, 0.0, 0.0, 1.0],
                [0.965662, -0.025127, 0.258583, 0.0, 0.020968, 0.999603, 0.018828, 0.05, -0.258953, -0.012759, 0.965806, -0.0, 0.0, 0.0, 0.0, 1.0],
                [0.965662, -0.025127, 0.258583, -0.0, 0.020968, 0.999603, 0.018828, 0.05, -0.258953, -0.012759, 0.965806, 0.0, 0.0, 0.0, 0.0, 1.0],
                [0.965662, -0.025127, 0.258583, -0.0, 0.020968, 0.999603, 0.018828, 0.05, -0.258953, -0.012759, 0.965806, 0.0, 0.0, 0.0, 0.0, 1.0],
                [0.965662, -0.025127, 0.258583, -0.0, 0.020968, 0.999603, 0.018828, 0.05, -0.258953, -0.012759, 0.965806, 0.0, 0.0, 0.0, 0.0, 1.0]
            ]
        },
        {
            "name": "Chest",
            "time": [0.0, 0.15, 0.3833, 0.45, 0.55, 0.9, 1.15, 1.5],
            "transform": [
                [0.986768, -0.023894, -0.160365, -0.0, 0.026191, 0.999582, 0.012223, 0.3, 0.160006, -0.016261, 0.986982, -0.0, 0.0, 0.0, 0.0, 1.0],
                [0.922216, -0.023829, -0.385941, 0.0, 0.028232, 0.999585, 0.005745, 0.3, 0.385644, -0.016194, 0.922506, -0.0, 0.0, 0.0, 0.0, 1.0],
                [0.900502, -0.095885, -0.42415, 0.0, 0.028585, 0.986329, -0.162287, 0.3, 0.433912, 0.134015, 0.890932, -0.0, 0.0, 0.0, 0.0, 1.0],
                [0.984752, -0.057896, -0.164047, -0.0, 0.037609, 0.991547, -0.124175, 0.3, 0.169849, 0.116112, 0.978606, -0.0, 0.0, 0.0, 0.0, 1.0],
                [0.748772, -0.018596, 0.662566, 0.0, 0.017572, 0.999812, 0.008202, 0.3, -0.662594, 0.005501, 0.748958, -0.0, 0.0, 0.0, 0.0, 1.0],
                [0.866164, -0.026039, 0.499081, 0.0, -0.051181, 0.988769, 0.140413, 0.3, -0.497132, -0.147165, 0.855104, -0.0, 0.0, 0.0, 0.0, 1.0],
                [0.858889, -0.043502, 0.510311, 0.0, 0.006316, 0.99721, 0.074377, 0.3, -0.512123, -0.060658, 0.856768, -0.0, 0.0, 0.0, 0.0, 1.0],
                [0.858889, -0.043502, 0.510311, 0.0, 0.006316, 0.99721, 0.074377, 0.3, -0.512123, -0.060658, 0.856768, -0.0, 0.0, 0.0, 0.0, 1.0]
            ]
        },
        {
            "name": "Head",
            "time": [0.0, 0.15, 0.3833, 0.55, 0.9, 1.15, 1.5],
            "transform": [
                [0.907906, 0.03176, 0.417969, -0.0, -0.015014, 0.99895, -0.043293, 0.4, -0.418905, 0.033031, 0.907429, -0.0, 0.0, 0.0, 0.0, 1.0],
                [0.590417, 0.031659, 0.806477, -0.0, 0.007946, 0.998954, -0.045032, 0.4, -0.807059, 0.032996, 0.589548, -0.0, 0.0, 0.0, 0.0, 1.0],
                [0.496167, 0.03176, 0.867646, 0.0, 0.01293, 0.99895, -0.04396, 0.4, -0.868131, 0.033031, 0.495235, -0.0, 0.0, 0.0, 0.0, 1.0],
                [0.698779, 0.031772, -0.714632, -0.0, -0.045851, 0.998948, -0.000422, 0.4, 0.713867, 0.033062, 0.699501, -0.0, 0.0, 0.0, 0.0, 1.0],
                [0.63065, 0.03176, -0.775417, -0.0, -0.045667, 0.99895, 0.003774, 0.4, 0.774722, 0.033031, 0.631438, 0.0, 0.0, 0.0, 0.0, 1.0],
                [0.63065, 0.03176, -0.775417, -0.0, -0.045667, 0.998949, 0.003774, 0.4, 0.774722, 0.033031, 0.631438, 0.0, 0.0, 0.0, 0.0, 1.0],
                [0.63065, 0.03176, -0.775417, -0.0, -0.045667, 0.998949, 0.003774, 0.4, 0.774722, 0.033031, 0.631438, 0.0, 0.0, 0.0, 0.0, 1.0]
            ]
        },
        {
            "name": "Shoulder_R",
            "time": [0.0, 0.15, 0.3833, 0.55, 0.9, 1.15, 1.5],
            "transform": [
                [-0.059544, 0.923942, 0.37787, -0.0, -0.044266, -0.380613, 0.923674, 0.4, 0.997244, 0.038273, 0.063562, -0.0, 0.0, 0.0, 0.0, 1.0],
                [-0.059544, 0.923942, 0.37787, -0.0, -0.044266, -0.380613, 0.923674, 0.4, 0.997243, 0.038273, 0.063562, -0.0, 0.0, 0.0, 0.0, 1.0],
                [-0.059544, 0.923942, 0.37787, 0.0, -0.044266, -0.380613, 0.923674, 0.4, 0.997244, 0.038273, 0.063562, -0.0, 0.0, 0.0, 0.0, 1.0],
                [-0.059544, 0.923942, 0.37787, -0.0, -0.044266, -0.380613, 0.923674, 0.4, 0.997244, 0.038273, 0.063562, -0.0, 0.0, 0.0, 0.0, 1.0],
                [-0.059544, 0.923942, 0.37787, -0.0, -0.044266, -0.380613, 0.923674, 0.4, 0.997244, 0.038273, 0.063562, 0.0, 0.0, 0.0, 0.0, 1.0],
                [-0.059544, 0.923942, 0.37787, -0.0, -0.044266, -0.380613, 0.923674, 0.4, 0.997243, 0.038273, 0.063562, 0.0, 0.0, 0.0, 0.0, 1.0],
                [-0.059544, 0.923942, 0.37787, -0.0, -0.044266, -0.380613, 0.923674, 0.4, 0.997243, 0.038273, 0.063562, 0.0, 0.0, 0.0, 0.0, 1.0]
            ]
        },
        {
            "name": "Arm_R",
            "time": [0.0, 0.15, 0.3833, 0.45, 0.55, 0.9, 1.15, 1.5],
            "transform": [
                [0.37979, -0.51784, -0.766552, 0.0, 0.848036, 0.525955, 0.064856, 0.39386, 0.369587, -0.674695, 0.638899, -0.0, 0.0, 0.0, 0.0, 1.0],
                [-0.096854, -0.035161, -0.994677, -0.0, 0.321562, 0.944675, -0.064704, 0.39386, 0.941922, -0.326117, -0.080189, -0.0, 0.0, 0.0, 0.0, 1.0],
                [-0.318997, -0.043143, -0.946773, 0.0, 0.067866, 0.995359, -0.068223, 0.39386, 0.945323, -0.086016, -0.314589, 0.0, 0.0, 0.0, 0.0, 1.0],
                [-0.297351, -0.30234, -0.905634, -0.0, -0.276356, 0.935189, -0.22147, 0.393861, 0.913898, 0.184422, -0.361633, 0.0, 0.0, 0.0, 0.0, 1.0],
                [0.190976, -0.71644, -0.671001, -0.0, -0.046059, 0.676289, -0.735195, 0.39386, 0.980513, 0.17131, 0.096156, -0.0, 0.0, 0.0, 0.0, 1.0],
                [0.488039, -0.623799, -0.610485, -0.0, -0.065239, 0.671411, -0.738208, 0.39386, 0.87038, 0.400101, 0.286979, 0.0, 0.0, 0.0, 0.0, 1.0],
                [0.445382, -0.63387, -0.632332, 0.0, 0.029075, 0.716114, -0.697377, 0.39386, 0.894868, 0.292214, 0.337375, 0.0, 0.0, 0.0, 0.0, 1.0],
                [0.445382, -0.63387, -0.632332, 0.0, 0.029075, 0.716114, -0.697377, 0.39386, 0.894868, 0.292214, 0.337375, 0.0, 0.0, 0.0, 0.0, 1.0]
            ]
        },
        {
            "name": "Hand_R",
            "time": [0.0, 0.15, 0.3833, 0.45, 0.55, 0.9, 1.15, 1.5],
            "transform": [
                [0.999599, -0.000132, 0.028315, 0.0, 0.023395, -0.559493, -0.828505, 0.3, 0.015951, 0.828835, -0.559265, 0.0, 0.0, 0.0, 0.0, 1.0],
                [0.999605, -0.011631, 0.025574, -0.0, 0.02324, -0.169156, -0.985315, 0.3, 0.015787, 0.985521, -0.168819, -0.0, 0.0, 0.0, 0.0, 1.0],
                [0.999599, -0.01872, 0.021244, -0.0, 0.023395, 0.123361, -0.992086, 0.3, 0.015951, 0.992185, 0.123749, -0.0, 0.0, 0.0, 0.0, 1.0],
                [0.999597, -0.007575, 0.027373, 0.0, 0.023431, -0.324759, -0.945507, 0.3, 0.016052, 0.945766, -0.324451, -0.0, 0.0, 0.0, 0.0, 1.0],
                [0.999596, -0.022492, -0.017366, 0.0, 0.023512, 0.997865, 0.060932, 0.3, 0.015959, -0.061316, 0.997991, -0.0, 0.0, 0.0, 0.0, 1.0],
                [0.999599, -0.024902, -0.013478, 0.0, 0.023395, 0.994478, -0.102309, 0.3, 0.015951, 0.101953, 0.994661, -0.0, 0.0, 0.0, 0.0, 1.0],
                [0.999599, -0.024902, -0.013478, 0.0, 0.023395, 0.994478, -0.102309, 0.3, 0.015951, 0.101953, 0.994661, 0.0, 0.0, 0.0, 0.0, 1.0],
                [0.999599, -0.024902, -0.013478, 0.0, 0.023395, 0.994478, -0.102309, 0.3, 0.015951, 0.101953, 0.994661, 0.0, 0.0, 0.0, 0.0, 1.0]
            ]
        },
        {
            "name": "Tool_R",
            "time": [0.0, 0.15, 0.3833, 0.55, 0.9, 1.15, 1.5],
            "transform": [
                [0.999822, 0.009713, 0.016189, -0.017311, 0.006818, -0.985396, 0.17014, 0.36637, 0.017595, -0.169909, -0.984702, 0.051121, 0.0, 0.0, 0.0, 1.0],
                [0.999822, 0.009713, 0.016189, -0.017312, 0.006818, -0.985396, 0.17014, 0.36637, 0.017595, -0.169909, -0.984702, 0.051121, 0.0, 0.0, 0.0, 1.0],
                [0.999822, 0.009713, 0.016189, -0.017312, 0.006818, -0.985396, 0.17014, 0.36637, 0.017595, -0.169909, -0.984702, 0.051121, 0.0, 0.0, 0.0, 1.0],
                [0.999822, 0.009713, 0.016189, -0.017311, 0.006818, -0.985396, 0.17014, 0.36637, 0.017595, -0.169909, -0.984702, 0.051121, 0.0, 0.0, 0.0, 1.0],
                [0.999822, 0.009713, 0.016189, -0.017311, 0.006818, -0.985396, 0.17014, 0.36637, 0.017594, -0.169909, -0.984702, 0.051121, 0.0, 0.0, 0.0, 1.0],
                [0.999822, 0.009713, 0.016189, -0.017312, 0.006818, -0.985396, 0.17014, 0.36637, 0.017594, -0.169909, -0.984702, 0.051121, 0.0, 0.0, 0.0, 1.0],
                [0.999822, 0.009713, 0.016189, -0.017312, 0.006818, -0.985396, 0.17014, 0.36637, 0.017594, -0.169909, -0.984702, 0.051121, 0.0, 0.0, 0.0, 1.0]
            ]
        },
        {
            "name": "Elbow_R",
            "time": [0.0, 0.15, 0.3833, 0.55, 0.9, 1.15, 1.5],
            "transform": [
                [-1.0, 0.0, 0.0, 0.0, 0.0, 0.914649, -0.404248, 0.332805, -0.0, -0.404248, -0.914649, -0.022554, 0.0, 0.0, 0.0, 1.0],
                [-1.0, 0.0, 0.0, -0.0, 0.0, 0.914649, -0.404248, 0.332805, -0.0, -0.404248, -0.914649, -0.022554, 0.0, 0.0, 0.0, 1.0],
                [-1.0, 0.0, 0.0, -0.0, 0.0, 0.914649, -0.404248, 0.332805, -0.0, -0.404248, -0.914649, -0.022554, 0.0, 0.0, 0.0, 1.0],
                [-1.0, 0.0, -0.0, 0.0, 0.0, -0.163029, -0.986621, 0.332805, -0.0, -0.986621, 0.163029, -0.022554, 0.0, 0.0, 0.0, 1.0],
                [-1.0, 0.0, -0.0, 0.0, 0.0, -0.366805, -0.930298, 0.332805, -1e-06, -0.930298, 0.366805, -0.022554, 0.0, 0.0, 0.0, 1.0],
                [-1.0, 0.0, -0.0, 0.0, 0.0, -0.366805, -0.930298, 0.332805, -0.0, -0.930298, 0.366805, -0.022554, 0.0, 0.0, 0.0, 1.0],
                [-1.0, 0.0, -0.0, 0.0, 0.0, -0.366805, -0.930298, 0.332805, -0.0, -0.930298, 0.366805, -0.022554, 0.0, 0.0, 0.0, 1.0]
            ]
        },
        {
            "name": "Shoulder_L",
            "time": [0.0, 0.15, 0.3833, 0.55, 0.9, 1.15, 1.5],
            "transform": [
                [-0.007939, -0.952498, -0.304441, -0.0, -0.088921, -0.302572, 0.94897, 0.4, -0.996007, 0.034605, -0.082295, -0.0, 0.0, 0.0, 0.0, 1.0],
                [-0.007939, -0.952498, -0.304441, -0.0, -0.088921, -0.302572, 0.94897, 0.4, -0.996007, 0.034605, -0.082295, -0.0, 0.0, 0.0, 0.0, 1.0],
                [-0.007939, -0.952498, -0.304441, 0.0, -0.088921, -0.302572, 0.94897, 0.4, -0.996007, 0.034605, -0.082295, -0.0, 0.0, 0.0, 0.0, 1.0],
                [-0.007939, -0.952498, -0.304441, -0.0, -0.088921, -0.302572, 0.94897, 0.4, -0.996007, 0.034605, -0.082295, -0.0, 0.0, 0.0, 0.0, 1.0],
                [-0.007939, -0.952498, -0.304441, -0.0, -0.088921, -0.302572, 0.948969, 0.4, -0.996007, 0.034605, -0.082295, 0.0, 0.0, 0.0, 0.0, 1.0],
                [-0.007939, -0.952498, -0.304441, -0.0, -0.088921, -0.302572, 0.948969, 0.4, -0.996007, 0.034605, -0.082295, 0.0, 0.0, 0.0, 0.0, 1.0],
                [-0.007939, -0.952498, -0.304441, -0.0, -0.088921, -0.302572, 0.948969, 0.4, -0.996007, 0.034605, -0.082295, 0.0, 0.0, 0.0, 0.0, 1.0]
            ]
        },
        {
            "name": "Arm_L",
            "time": [0.0, 0.15, 0.3833, 0.55, 0.9, 1.15, 1.5],
            "transform": [
                [0.23308, -0.066353, 0.970191, -0.0, -0.85088, 0.469118, 0.2365, 0.39386, -0.470827, -0.880639, 0.052883, -0.0, 0.0, 0.0, 0.0, 1.0],
                [-0.00424, 0.028272, 0.999591, -0.0, 0.099764, 0.994625, -0.027709, 0.39386, -0.995002, 0.099606, -0.007038, -0.0, 0.0, 0.0, 0.0, 1.0],
                [-0.030479, 0.077973, 0.996489, 0.0, 0.335564, 0.93989, -0.06328, 0.39386, -0.941524, 0.332457, -0.054811, -0.0, 0.0, 0.0, 0.0, 1.0],
                [-0.030479, 0.077973, 0.996489, 0.0, 0.335564, 0.93989, -0.06328, 0.39386, -0.941524, 0.332457, -0.054811, -0.0, 0.0, 0.0, 0.0, 1.0],
                [-0.030479, 0.077973, 0.996489, 0.0, 0.335564, 0.93989, -0.06328, 0.39386, -0.941524, 0.332457, -0.054811, -0.0, 0.0, 0.0, 0.0, 1.0],
                [-0.030479, 0.077973, 0.996489, -0.0, 0.335564, 0.93989, -0.06328, 0.39386, -0.941524, 0.332457, -0.054811, 0.0, 0.0, 0.0, 0.0, 1.0],
                [-0.030479, 0.077973, 0.996489, -0.0, 0.335564, 0.93989, -0.06328, 0.39386, -0.941524, 0.332457, -0.054811, 0.0, 0.0, 0.0, 0.0, 1.0]
            ]
        },
        {
            "name": "Hand_L",
            "time": [0.0, 0.15, 0.3833, 0.55, 0.9, 1.15, 1.5],
            "transform": [
                [0.99991, 0.013113, 0.002967, 0.0, -0.012582, 0.990454, -0.137273, 0.3, -0.004739, 0.137223, 0.990529, 0.0, 0.0, 0.0, 0.0, 1.0],
                [0.99991, 0.013113, 0.002967, -0.0, -0.012582, 0.990454, -0.137273, 0.3, -0.004739, 0.137223, 0.990529, -0.0, 0.0, 0.0, 0.0, 1.0],
                [0.99991, 0.013113, 0.002967, -0.0, -0.012582, 0.990454, -0.137273, 0.3, -0.004739, 0.137223, 0.990529, 0.0, 0.0, 0.0, 0.0, 1.0],
                [0.99991, 0.010961, -0.007786, 0.0, -0.012582, 0.558749, -0.829242, 0.3, -0.004739, 0.829265, 0.558836, 0.0, 0.0, 0.0, 0.0, 1.0],
                [0.99991, 0.009759, -0.009248, 0.0, -0.012582, 0.436766, -0.899487, 0.3, -0.004739, 0.899522, 0.43685, -0.0, 0.0, 0.0, 0.0, 1.0],
                [0.99991, 0.009759, -0.009248, 0.0, -0.012582, 0.436767, -0.899487, 0.3, -0.004739, 0.899522, 0.43685, 0.0, 0.0, 0.0, 0.0, 1.0],
                [0.99991, 0.009759, -0.009248, 0.0, -0.012582, 0.436767, -0.899487, 0.3, -0.004739, 0.899522, 0.43685, 0.0, 0.0, 0.0, 0.0, 1.0]
            ]
        },
        {
            "name": "Tool_L",
            "time": [0.0, 0.15, 0.3833, 0.55, 0.9, 1.15, 1.5],
            "transform": [
                [0.998658, 0.039723, -0.033233, -0.012677, 0.043929, -0.98956, 0.137266, 0.208813, -0.027417, -0.138471, -0.989393, 0.160811, 0.0, 0.0, 0.0, 1.0],
                [0.998658, 0.039723, -0.033233, -0.012677, 0.043929, -0.98956, 0.137266, 0.208813, -0.027417, -0.138471, -0.989393, 0.160811, 0.0, 0.0, 0.0, 1.0],
                [0.998658, 0.039723, -0.033233, -0.012677, 0.043929, -0.98956, 0.137266, 0.208813, -0.027417, -0.138471, -0.989393, 0.160811, 0.0, 0.0, 0.0, 1.0],
                [0.998658, 0.039723, -0.033233, -0.012677, 0.043929, -0.98956, 0.137266, 0.208813, -0.027417, -0.138471, -0.989393, 0.160811, 0.0, 0.0, 0.0, 1.0],
                [0.998658, 0.039723, -0.033233, -0.012677, 0.043929, -0.98956, 0.137266, 0.208813, -0.027417, -0.138471, -0.989393, 0.160811, 0.0, 0.0, 0.0, 1.0],
                [0.998658, 0.039723, -0.033233, -0.012677, 0.043929, -0.98956, 0.137266, 0.208813, -0.027417, -0.138471, -0.989393, 0.160811, 0.0, 0.0, 0.0, 1.0],
                [0.998658, 0.039723, -0.033233, -0.012677, 0.043929, -0.98956, 0.137266, 0.208813, -0.027417, -0.138471, -0.989393, 0.160811, 0.0, 0.0, 0.0, 1.0]
            ]
        },
        {
            "name": "Elbow_L",
            "time": [0.0, 0.15, 0.3833, 0.55, 0.9, 1.15, 1.5],
            "transform": [
                [-0.999641, -0.01093, -0.024478, -0.001644, 0.023045, 0.116082, -0.992972, 0.298484, 0.013695, -0.99318, -0.115789, -0.001028, 0.0, 0.0, 0.0, 1.0],
                [-0.999641, -0.01093, -0.024478, -0.001644, 0.023045, 0.116083, -0.992972, 0.298484, 0.013695, -0.99318, -0.115789, -0.001028, 0.0, 0.0, 0.0, 1.0],
                [-0.999641, -0.01093, -0.024478, -0.001644, 0.023045, 0.116082, -0.992972, 0.298484, 0.013695, -0.99318, -0.115789, -0.001028, 0.0, 0.0, 0.0, 1.0],
                [-0.999641, -0.01093, -0.024478, -0.001644, 0.023045, 0.116083, -0.992972, 0.298484, 0.013695, -0.99318, -0.115789, -0.001028, 0.0, 0.0, 0.0, 1.0],
                [-0.999641, -0.01093, -0.024478, -0.001644, 0.023045, 0.116083, -0.992972, 0.298484, 0.013695, -0.99318, -0.115789, -0.001028, 0.0, 0.0, 0.0, 1.0],
                [-0.999641, -0.010931, -0.024478, -0.001644, 0.023045, 0.116083, -0.992972, 0.298484, 0.013695, -0.99318, -0.115789, -0.001028, 0.0, 0.0, 0.0, 1.0],
                [-0.999641, -0.010931, -0.024478, -0.001644, 0.023045, 0.116083, -0.992972, 0.298484, 0.013695, -0.99318, -0.115789, -0.001028, 0.0, 0.0, 0.0, 1.0]
            ]
        }
    ]
}