{
    "animation": [
        {
            "name": "Root",
            "time": [0.0, 0.1167, 0.25, 0.3, 0.35, 0.65, 1.0167, 1.2333],
            "transform": [
                [0.905383, 0.050353, -0.421599, -5e-06, -0.423693, 0.042457, -0.90481, -0.008199, -0.02766, 0.997829, 0.059775, 0.604744, 0.0, 0.0, 0.0, 1.0],
                [0.82973, 0.06009, -0.554921, 0.008163, -0.555974, 0.000967, -0.831199, -0.208485, -0.04941, 0.998192, 0.034211, 0.622775, 0.0, 0.0, 0.0, 1.0],
                [0.639031, 0.057294, -0.767044, 0.010171, -0.767189, -0.024253, -0.640963, -0.446715, -0.055326, 0.998063, 0.028457, 0.627209, 0.0, 0.0, 0.0, 1.0],
                [0.960319, -0.083316, -0.266167, 0.009441, -0.260606, 0.071904, -0.962764, 0.052735, 0.099352, 0.993926, 0.047338, 0.75685, 0.0, 0.0, 0.0, 1.0],
                [0.969619, 0.032388, 0.242467, 0.010171, 0.234334, 0.161436, -0.958659, 0.461069, -0.070192, 0.986352, 0.148942, 0.627209, 0.0, 0.0, 0.0, 1.0],
                [0.924139, 0.008086, 0.38197, 0.010171, 0.375553, 0.164454, -0.912094, 0.714188, -0.070192, 0.986352, 0.148942, 0.627209, 0.0, 0.0, 0.0, 1.0],
                [0.959944, 0.015098, -0.279786, 0.003008, -0.280186, 0.044795, -0.9589, 0.431038, -0.001944, 0.998882, 0.047231, 0.732756, 0.0, 0.0, 0.0, 1.0],
                [0.854689, 0.0, -0.51914, -5e-06, -0.51914, 0.0, -0.854689, 0.248377, 0.0, 1.0, 0.0, 0.777146, 0.0, 0.0, 0.0, 1.0]
            ]
        },
        {
            "name": "Thigh_R",
            "time": [0.0, 0.1167, 0.25, 0.3, 0.35, 0.65, 1.0167, 1.2333],
            "transform": [
                [0.941399, 0.337289, 0.001688, 0.124994, 0.314402, -0.875682, -0.36651, -0.002831, -0.122142, 0.345562, -0.930413, -1.2e-05, 0.0, 0.0, 0.0, 1.0],
                [0.941399, 0.307678, -0.138207, 0.124994, 0.314402, -0.948838, 0.029231, -0.002831, -0.122142, -0.07097, -0.989972, -1.2e-05, 0.0, 0.0, 0.0, 1.0],
                [0.941399, 0.291617, -0.169488, 0.124994, 0.314402, -0.940639, 0.127855, -0.002831, -0.122142, -0.173649, -0.977204, -1.2e-05, 0.0, 0.0, 0.0, 1.0],
                [0.956594, 0.257995, -0.135516, 0.124994, 0.286668, -0.749408, 0.59683, -0.002831, 0.052423, -0.609771, -0.790841, -1.2e-05, 0.0, 0.0, 0.0, 1.0],
                [0.949373, 0.310522, 0.047596, 0.124994, 0.180708, -0.663734, 0.72581, -0.002831, 0.256971, -0.680462, -0.686247, -1.2e-05, 0.0, 0.0, 0.0, 1.0],
                [0.935304, 0.3384, 0.103397, 0.124994, 0.112267, -0.56091, 0.820229, -0.002831, 0.335562, -0.755554, -0.562614, -1.2e-05, 0.0, 0.0, 0.0, 1.0],
                [0.983731, 0.15398, 0.09254, 0.124994, 0.076232, -0.824231, 0.561096, -0.002831, 0.162672, -0.544912, -0.822562, -1.2e-05, 0.0, 0.0, 0.0, 1.0],
                [0.987912, 0.153416, 0.022211, 0.124994, 0.152036, -0.986881, 0.054282, -0.002831, 0.030247, -0.050248, -0.998279, -1.2e-05, 0.0, 0.0, 0.0, 1.0]
            ]
        },
        {
            "name": "Leg_R",
            "time": [0.0, 0.1167, 0.25, 0.3, 0.35, 0.65, 1.0167, 1.2333],
            "transform": [
                [0.998294, -0.057086, -0.012229, 0.0, 0.058094, 0.95059, 0.304965, 0.37472, -0.005785, -0.305156, 0.952284, 0.0, 0.0, 0.0, 0.0, 1.0],
                [0.998294, -0.046717, -0.035013, -0.0, 0.058094, 0.73548, 0.675051, 0.37472, -0.005785, -0.675935, 0.736939, -0.0, 0.0, 0.0, 0.0, 1.0],
                [0.998294, -0.042771, -0.039738, 0.0, 0.058094, 0.660313, 0.74874, 0.37472, -0.005785, -0.749773, 0.66167, 0.0, 0.0, 0.0, 0.0, 1.0],
                [0.998294, -0.030132, -0.050005, 0.0, 0.058094, 0.427834, 0.901988, 0.37472, -0.005785, -0.903356, 0.428854, 0.0, 0.0, 0.0, 0.0, 1.0],
                [0.998295, -0.046298, -0.035565, -0.0, 0.058094, 0.727418, 0.683732, 0.37472, -0.005785, -0.684633, 0.728865, -0.0, 0.0, 0.0, 0.0, 1.0],
                [0.998294, -0.047187, -0.034377, -0.0, 0.058094, 0.744554, 0.66503, 0.37472, -0.005785, -0.665894, 0.746024, -0.0, 0.0, 0.0, 0.0, 1.0],
                [0.998294, -0.046563, -0.035218, -0.0, 0.058094, 0.732511, 0.678272, 0.37472, -0.005785, -0.679162, 0.733965, -0.0, 0.0, 0.0, 0.0, 1.0],
                [0.998294, -0.058382, 2e-06, -0.0, 0.058095, 0.993385, 0.099059, 0.37472, -0.005785, -0.09889, 0.995081, -0.0, 0.0, 0.0, 0.0, 1.0]
            ]
        },
        {
            "name": "Knee_R",
            "time": [0.0, 0.1167, 0.25, 0.35, 0.65, 1.2333],
            "transform": [
                [1.0, 0.0, -0.0, 0.0, -0.0, 1e-06, -1.0, 0.37472, -0.0, 1.0, 1e-06, 0.0, 0.0, 0.0, 0.0, 1.0],
                [1.0, 0.0, -0.0, -0.0, -0.0, 1e-06, -1.0, 0.37472, -0.0, 1.0, 1e-06, -0.0, 0.0, 0.0, 0.0, 1.0],
                [1.0, 0.0, -0.0, 0.0, -0.0, 1e-06, -1.0, 0.37472, -0.0, 1.0, 1e-06, 0.0, 0.0, 0.0, 0.0, 1.0],
                [1.0, 0.0, -0.0, -0.0, -0.0, 1e-06, -1.0, 0.37472, -0.0, 1.0, 1e-06, -0.0, 0.0, 0.0, 0.0, 1.0],
                [1.0, 0.0, -0.0, -0.0, -0.0, 1e-06, -1.0, 0.37472, -0.0, 1.0, 1e-06, -0.0, 0.0, 0.0, 0.0, 1.0],
                [1.0, 0.0, -0.0, -0.0, -0.0, 1e-06, -1.0, 0.37472, -0.0, 1.0, 1e-06, -0.0, 0.0, 0.0, 0.0, 1.0]
            ]
        },
        {
            "name": "Thigh_L",
            "time": [0.0, 0.1167, 0.25, 0.3, 0.35, 0.65, 1.0167, 1.2333],
            "transform": [
                [0.851136, -0.437672, -0.289846, -0.109662, -0.001635, -0.554353, 0.83228, -0.002831, -0.524942, -0.70791, -0.472545, 0.02525, 0.0, 0.0, 0.0, 1.0],
                [0.851136, -0.367971, -0.374386, -0.109662, -0.001635, -0.715046, 0.699076, -0.002831, -0.524942, -0.594396, -0.609203, 0.02525, 0.0, 0.0, 0.0, 1.0],
                [0.851135, -0.348276, -0.392773, -0.109662, -0.001635, -0.749973, 0.661466, -0.002831, -0.524942, -0.562356, -0.638898, 0.02525, 0.0, 0.0, 0.0, 1.0],
                [0.946722, -0.188991, -0.260764, -0.109662, -0.114694, -0.954475, 0.275358, -0.002831, -0.300933, -0.23078, -0.925299, 0.02525, 0.0, 0.0, 0.0, 1.0],
                [0.990751, -0.12683, 0.048219, -0.109662, -0.118425, -0.981726, -0.148961, -0.002831, 0.066231, 0.141874, -0.987666, 0.02525, 0.0, 0.0, 0.0, 1.0],
                [0.972844, -0.102507, 0.207524, -0.109662, -0.063608, -0.980467, -0.186116, -0.002831, 0.222549, 0.167862, -0.960361, 0.02525, 0.0, 0.0, 0.0, 1.0],
                [0.983392, -0.170586, -0.061967, -0.109662, -0.135114, -0.916066, 0.377581, -0.002831, -0.121176, -0.362937, -0.923901, 0.02525, 0.0, 0.0, 0.0, 1.0],
                [0.779746, -0.258577, -0.570204, -0.109662, -0.133597, -0.958473, 0.251956, -0.002831, -0.611675, -0.120283, -0.781911, 0.02525, 0.0, 0.0, 0.0, 1.0]
            ]
        },
        {
            "name": "Leg_L",
            "time": [0.0, 0.1167, 0.25, 0.3, 0.35, 0.65, 1.0167, 1.2333],
            "transform": [
                [0.997933, 0.046314, 0.044559, -0.0, -0.064028, 0.776484, 0.626875, 0.37472, -0.005567, -0.628432, 0.777845, -0.0, 0.0, 0.0, 0.0, 1.0],
                [0.997933, 0.056448, 0.030727, 0.0, -0.064028, 0.914604, 0.399249, 0.37472, -0.005566, -0.400391, 0.916328, -0.0, 0.0, 0.0, 0.0, 1.0],
                [0.997933, 0.058341, 0.02696, -0.0, -0.064028, 0.938815, 0.338417, 0.37472, -0.005566, -0.339443, 0.94061, -0.0, 0.0, 0.0, 0.0, 1.0],
                [0.997933, 0.059489, 0.024322, 0.0, -0.064028, 0.953016, 0.296075, 0.37472, -0.005566, -0.297021, 0.954855, 0.0, 0.0, 0.0, 0.0, 1.0],
                [0.997933, 0.061753, 0.017805, 0.0, -0.064028, 0.979263, 0.192209, 0.37472, -0.005566, -0.192952, 0.981193, 0.0, 0.0, 0.0, 0.0, 1.0],
                [0.999748, 0.020784, 0.008555, -0.0, -0.022299, 0.964827, 0.261937, 0.37472, -0.00281, -0.262062, 0.965047, -0.0, 0.0, 0.0, 0.0, 1.0],
                [0.999241, 0.018247, 0.03441, -0.0, -0.038757, 0.553252, 0.832112, 0.37472, -0.003854, -0.832814, 0.553539, -0.0, 0.0, 0.0, 0.0, 1.0],
                [0.997933, 0.060521, 0.021628, 0.0, -0.064028, 0.965345, 0.252999, 0.37472, -0.005566, -0.25386, 0.967225, 0.0, 0.0, 0.0, 0.0, 1.0]
            ]
        },
        {
            "name": "Knee_L",
            "time": [0.0, 0.1167, 0.25, 0.35, 0.65, 1.2333],
            "transform": [
                [1.0, 0.0, -0.0, -0.0, -0.0, 1e-06, -1.0, 0.37472, -0.0, 1.0, 1e-06, -0.0, 0.0, 0.0, 0.0, 1.0],
                [1.0, 0.0, -0.0, 0.0, -0.0, 1e-06, -1.0, 0.37472, -0.0, 1.0, 1e-06, -0.0, 0.0, 0.0, 0.0, 1.0],
                [1.0, 0.0, -0.0, -0.0, -0.0, 1e-06, -1.0, 0.37472, -0.0, 1.0, 1e-06, -0.0, 0.0, 0.0, 0.0, 1.0],
                [1.0, 0.0, -0.0, 0.0, -0.0, 1e-06, -1.0, 0.37472, -0.0, 1.0, 1e-06, 0.0, 0.0, 0.0, 0.0, 1.0],
                [1.0, 0.0, -0.0, -0.0, -0.0, 1e-06, -1.0, 0.37472, -0.0, 1.0, 1e-06, -0.0, 0.0, 0.0, 0.0, 1.0],
                [1.0, 0.0, -0.0, 0.0, -0.0, 1e-06, -1.0, 0.37472, -0.0, 1.0, 1e-06, 0.0, 0.0, 0.0, 0.0, 1.0]
            ]
        },
        {
            "name": "Torso",
            "time": [0.0, 0.1167, 0.25, 0.3, 0.35, 0.65, 1.2333],
            "transform": [
                [0.995409, -0.077062, 0.056773, 0.0, 0.074906, 0.996421, 0.039163, 0.05, -0.059588, -0.03473, 0.997619, -0.0, 0.0, 0.0, 0.0, 1.0],
                [0.995409, -0.077062, 0.056773, -0.0, 0.074906, 0.996421, 0.039163, 0.05, -0.059588, -0.03473, 0.997619, 0.0, 0.0, 0.0, 0.0, 1.0],
                [0.995409, -0.077062, 0.056773, -0.0, 0.074906, 0.996421, 0.039163, 0.05, -0.059588, -0.03473, 0.997619, -0.0, 0.0, 0.0, 0.0, 1.0],
                [0.918956, -0.081811, 0.385781, 0.0, -0.036826, 0.956169, 0.290491, 0.05, -0.392637, -0.281155, 0.875665, -0.0, 0.0, 0.0, 0.0, 1.0],
                [0.997051, -0.067517, 0.03647, 0.0, 0.062848, 0.991171, 0.116753, 0.05, -0.044031, -0.114116, 0.992491, -0.0, 0.0, 0.0, 0.0, 1.0],
                [0.997424, -0.064648, 0.031091, 0.0, 0.059787, 0.988661, 0.137748, 0.05, -0.039644, -0.135534, 0.989979, -0.0, 0.0, 0.0, 0.0, 1.0],
                [0.965662, -0.025127, 0.258583, -0.0, 0.020968, 0.999603, 0.018828, 0.05, -0.258953, -0.012759, 0.965806, 0.0, 0.0, 0.0, 0.0, 1.0]
            ]
        },
        {
            "name": "Chest",
            "time": [0.0, 0.1167, 0.25, 0.3, 0.35, 0.65, 1.0167, 1.2333],
            "transform": [
                [0.887666, 0.002604, -0.46048, 0.0, 0.018917, 0.998934, 0.042115, 0.3, 0.460099, -0.046095, 0.886671, 0.0, 0.0, 0.0, 0.0, 1.0],
                [0.811486, -0.065611, -0.580676, -0.0, -0.000393, 0.993615, -0.11282, 0.3, 0.584371, 0.09178, 0.80628, 0.0, 0.0, 0.0, 0.0, 1.0],
                [0.790373, -0.085221, -0.606669, 0.0, -0.008558, 0.988645, -0.150028, 0.3, 0.612566, 0.12377, 0.780669, -0.0, 0.0, 0.0, 0.0, 1.0],
                [0.745423, -0.023015, 0.666194, -0.0, 0.096386, 0.992622, -0.073557, 0.3, -0.659586, 0.119043, 0.742142, 0.0, 0.0, 0.0, 0.0, 1.0],
                [0.955614, 0.051262, 0.290128, 0.0, -0.029443, 0.996433, -0.079078, 0.3, -0.293147, 0.067026, 0.953715, -0.0, 0.0, 0.0, 0.0, 1.0],
                [0.812891, 0.128307, 0.568107, -0.0, -0.142889, 0.989556, -0.019036, 0.3, -0.564616, -0.065702, 0.822735, 0.0, 0.0, 0.0, 0.0, 1.0],
                [0.964816, -0.024009, 0.261826, 0.0, -0.023615, 0.983884, 0.177239, 0.3, -0.261862, -0.177187, 0.948701, -0.0, 0.0, 0.0, 0.0, 1.0],
                [0.986768, -0.023894, -0.160365, 0.0, 0.026191, 0.999582, 0.012223, 0.3, 0.160006, -0.016261, 0.986982, -0.0, 0.0, 0.0, 0.0, 1.0]
            ]
        },
        {
            "name": "Head",
            "time": [0.0, 0.1167, 0.25, 0.3, 0.35, 0.65, 1.2333],
            "transform": [
                [0.800413, 0.03176, 0.598607, -0.0, -0.005628, 0.99895, -0.045476, 0.4, -0.599422, 0.033031, 0.799751, -0.0, 0.0, 0.0, 0.0, 1.0],
                [0.800413, 0.03176, 0.598607, 0.0, -0.005628, 0.99895, -0.045476, 0.4, -0.599422, 0.033031, 0.799751, 0.0, 0.0, 0.0, 0.0, 1.0],
                [0.800413, 0.03176, 0.598607, -0.0, -0.005628, 0.99895, -0.045476, 0.4, -0.599422, 0.033031, 0.799751, 0.0, 0.0, 0.0, 0.0, 1.0],
                [0.897496, 0.0308, -0.439946, -0.0, -0.085148, 0.990891, -0.104332, 0.4, 0.432725, 0.131098, 0.891943, 0.0, 0.0, 0.0, 0.0, 1.0],
                [0.937837, -0.025986, -0.346103, 0.0, -0.056409, 0.972523, -0.22587, 0.4, 0.342463, 0.231353, 0.910602, -0.0, 0.0, 0.0, 0.0, 1.0],
                [0.817373, -0.070431, -0.571787, -0.0, -0.096406, 0.961782, -0.256283, 0.4, 0.567985, 0.264603, 0.779345, -0.0, 0.0, 0.0, 0.0, 1.0],
                [0.907906, 0.03176, 0.417969, -0.0, -0.015014, 0.99895, -0.043293, 0.4, -0.418905, 0.033031, 0.907429, -0.0, 0.0, 0.0, 0.0, 1.0]
            ]
        },
        {
            "name": "Shoulder_R",
            "time": [0.0, 0.1167, 0.25, 0.3, 0.35, 0.65, 1.2333],
            "transform": [
                [-0.063309, 0.923691, 0.37787, -0.0, -0.042714, -0.38079, 0.923674, 0.4, 0.997079, 0.042337, 0.063562, -0.0, 0.0, 0.0, 0.0, 1.0],
                [-0.063309, 0.923691, 0.37787, 0.0, -0.042714, -0.38079, 0.923674, 0.4, 0.997079, 0.042337, 0.063562, 0.0, 0.0, 0.0, 0.0, 1.0],
                [-0.063309, 0.923691, 0.37787, -0.0, -0.042714, -0.38079, 0.923674, 0.4, 0.997079, 0.042337, 0.063562, 0.0, 0.0, 0.0, 0.0, 1.0],
                [-0.295919, 0.877295, 0.37787, -0.0, 0.055437, -0.379147, 0.923674, 0.4, 0.953603, 0.294281, 0.063562, 0.0, 0.0, 0.0, 0.0, 1.0],
                [0.065231, 0.923558, 0.37787, 0.0, -0.095041, -0.371205, 0.923674, 0.4, 0.993334, -0.096165, 0.063562, -0.0, 0.0, 0.0, 0.0, 1.0],
                [0.099989, 0.920443, 0.37787, -0.0, -0.108963, -0.367359, 0.923674, 0.4, 0.989004, -0.133531, 0.063562, -0.0, 0.0, 0.0, 0.0, 1.0],
                [-0.059544, 0.923942, 0.37787, -0.0, -0.044266, -0.380613, 0.923674, 0.4, 0.997244, 0.038273, 0.063562, -0.0, 0.0, 0.0, 0.0, 1.0]
            ]
        },
        {
            "name": "Arm_R",
            "time": [0.0, 0.1167, 0.25, 0.3, 0.35, 0.65, 1.2333],
            "transform": [
                [0.123164, 0.230507, -0.965245, 0.0, -0.279533, 0.941325, 0.189127, 0.393861, 0.952204, 0.246524, 0.180371, 0.0, 0.0, 0.0, 0.0, 1.0],
                [0.123164, 0.319966, -0.939389, 0.0, -0.279533, 0.919453, 0.276526, 0.393861, 0.952204, 0.228533, 0.202684, 0.0, 0.0, 0.0, 0.0, 1.0],
                [0.123164, 0.341556, -0.931756, 0.0, -0.279533, 0.912828, 0.297667, 0.393861, 0.952204, 0.223795, 0.207903, 0.0, 0.0, 0.0, 0.0, 1.0],
                [0.041619, -0.15685, -0.986745, -0.0, -0.409118, 0.898335, -0.160052, 0.393861, 0.911532, 0.410356, -0.026782, 0.0, 0.0, 0.0, 0.0, 1.0],
                [0.060215, -0.778329, -0.624963, 0.0, -0.559469, 0.492196, -0.666886, 0.39386, 0.826661, 0.389804, -0.405813, -0.0, 0.0, 0.0, 0.0, 1.0],
                [0.075156, -0.393597, -0.916206, 0.0, -0.625891, 0.696653, -0.35062, 0.393861, 0.776281, 0.599796, -0.193991, 0.0, 0.0, 0.0, 0.0, 1.0],
                [0.37979, -0.51784, -0.766552, 0.0, 0.848036, 0.525955, 0.064856, 0.39386, 0.369587, -0.674695, 0.638899, 0.0, 0.0, 0.0, 0.0, 1.0]
            ]
        },
        {
            "name": "Hand_R",
            "time": [0.0, 0.1167, 0.25, 0.3, 0.35, 0.65, 1.0167, 1.2333],
            "transform": [
                [0.999599, -0.021111, 0.018871, -0.0, 0.023395, 0.240316, -0.970413, 0.3, 0.015951, 0.970465, 0.240713, 0.0, 0.0, 0.0, 0.0, 1.0],
                [0.999599, -0.008657, 0.02696, -0.0, 0.023395, -0.283867, -0.958578, 0.3, 0.015951, 0.958825, -0.283551, -0.0, 0.0, 0.0, 0.0, 1.0],
                [0.999599, -0.005115, 0.027849, -0.0, 0.023395, -0.404875, -0.914073, 0.3, 0.015951, 0.914358, -0.404593, 0.0, 0.0, 0.0, 0.0, 1.0],
                [0.999603, -0.028001, 0.003062, 0.0, 0.023275, 0.75981, -0.649729, 0.3, 0.015866, 0.649542, 0.76016, 0.0, 0.0, 0.0, 0.0, 1.0],
                [0.999601, -0.022766, -0.016717, -0.0, 0.023315, 0.999168, 0.033456, 0.3, 0.015941, -0.033833, 0.9993, -0.0, 0.0, 0.0, 0.0, 1.0],
                [0.999599, -0.022772, -0.016829, 0.0, 0.023395, 0.999011, 0.037812, 0.3, 0.015951, -0.038191, 0.999143, 0.0, 0.0, 0.0, 0.0, 1.0],
                [0.999599, -0.024987, 0.01332, 0.0, 0.023395, 0.463796, -0.885633, 0.3, 0.015951, 0.88559, 0.464194, 0.0, 0.0, 0.0, 0.0, 1.0],
                [0.999599, -0.000132, 0.028315, 0.0, 0.023395, -0.559493, -0.828505, 0.3, 0.015951, 0.828835, -0.559265, 0.0, 0.0, 0.0, 0.0, 1.0]
            ]
        },
        {
            "name": "Tool_R",
            "time": [0.0, 0.1167, 0.25, 0.35, 0.65, 1.2333],
            "transform": [
                [0.999822, 0.009713, 0.016189, -0.017311, 0.006818, -0.985396, 0.17014, 0.36637, 0.017595, -0.169909, -0.984702, 0.051121, 0.0, 0.0, 0.0, 1.0],
                [0.999822, 0.009713, 0.016189, -0.017311, 0.006818, -0.985396, 0.17014, 0.36637, 0.017595, -0.169909, -0.984702, 0.051121, 0.0, 0.0, 0.0, 1.0],
                [0.999822, 0.009713, 0.016189, -0.017311, 0.006818, -0.985396, 0.17014, 0.36637, 0.017595, -0.169909, -0.984702, 0.051121, 0.0, 0.0, 0.0, 1.0],
                [0.999822, 0.009713, 0.016189, -0.017311, 0.006818, -0.985396, 0.17014, 0.36637, 0.017595, -0.169909, -0.984702, 0.051121, 0.0, 0.0, 0.0, 1.0],
                [0.999822, 0.009713, 0.016189, -0.017311, 0.006818, -0.985396, 0.17014, 0.36637, 0.017595, -0.169909, -0.984702, 0.051121, 0.0, 0.0, 0.0, 1.0],
                [0.999822, 0.009713, 0.016189, -0.017311, 0.006818, -0.985396, 0.17014, 0.36637, 0.017595, -0.169909, -0.984702, 0.051121, 0.0, 0.0, 0.0, 1.0]
            ]
        },
        {
            "name": "Elbow_R",
            "time": [0.0, 0.1167, 0.25, 0.35, 0.65, 1.2333],
            "transform": [
                [-1.0, 0.0, -0.0, -0.0, 0.0, -0.366805, -0.930298, 0.332805, -1e-06, -0.930298, 0.366805, -0.022554, 0.0, 0.0, 0.0, 1.0],
                [-1.0, 0.0, -0.0, -0.0, 0.0, -0.366805, -0.930298, 0.332805, -1e-06, -0.930298, 0.366805, -0.022554, 0.0, 0.0, 0.0, 1.0],
                [-1.0, 0.0, -0.0, -0.0, 0.0, -0.366805, -0.930298, 0.332805, -1e-06, -0.930298, 0.366805, -0.022554, 0.0, 0.0, 0.0, 1.0],
                [-1.0, 0.0, -0.0, 0.0, 0.0, -0.366805, -0.930298, 0.332805, -1e-06, -0.930298, 0.366805, -0.022554, 0.0, 0.0, 0.0, 1.0],
                [-1.0, 0.0, -0.0, 0.0, 0.0, -0.366805, -0.930298, 0.332805, -1e-06, -0.930298, 0.366805, -0.022554, 0.0, 0.0, 0.0, 1.0],
                [-1.0, 0.0, 0.0, 0.0, 0.0, 0.914649, -0.404248, 0.332805, -0.0, -0.404248, -0.914649, -0.022554, 0.0, 0.0, 0.0, 1.0]
            ]
        },
        {
            "name": "Shoulder_L",
            "time": [0.0, 0.1167, 0.25, 0.35, 0.65, 1.2333],
            "transform": [
                [0.064501, -0.950345, -0.304441, -0.0, -0.06566, -0.308457, 0.948969, 0.4, -0.995755, -0.04122, -0.082295, -0.0, 0.0, 0.0, 0.0, 1.0],
                [0.064502, -0.950345, -0.304441, 0.0, -0.06566, -0.308457, 0.94897, 0.4, -0.995755, -0.04122, -0.082295, 0.0, 0.0, 0.0, 0.0, 1.0],
                [0.064502, -0.950345, -0.304441, -0.0, -0.06566, -0.308457, 0.94897, 0.4, -0.995755, -0.04122, -0.082295, 0.0, 0.0, 0.0, 0.0, 1.0],
                [0.064501, -0.950345, -0.304441, 0.0, -0.06566, -0.308457, 0.948969, 0.4, -0.995755, -0.04122, -0.082295, -0.0, 0.0, 0.0, 0.0, 1.0],
                [0.064501, -0.950345, -0.304441, -0.0, -0.06566, -0.308457, 0.94897, 0.4, -0.995755, -0.04122, -0.082295, -0.0, 0.0, 0.0, 0.0, 1.0],
                [-0.007939, -0.952498, -0.304441, -0.0, -0.088921, -0.302572, 0.94897, 0.4, -0.996007, 0.034605, -0.082295, -0.0, 0.0, 0.0, 0.0, 1.0]
            ]
        },
        {
            "name": "Arm_L",
            "time": [0.0, 0.1167, 0.25, 0.35, 0.65, 1.2333],
            "transform": [
                [0.369948, 0.532864, 0.761048, -0.0, 0.237123, 0.737879, -0.631908, 0.39386, -0.898282, 0.414235, 0.146623, 0.0, 0.0, 0.0, 0.0, 1.0],
                [0.369948, 0.532864, 0.761048, -0.0, 0.237123, 0.737879, -0.631908, 0.39386, -0.898282, 0.414235, 0.146623, -0.0, 0.0, 0.0, 0.0, 1.0],
                [0.369948, 0.532864, 0.761048, -0.0, 0.237123, 0.737879, -0.631908, 0.39386, -0.898282, 0.414235, 0.146623, -0.0, 0.0, 0.0, 0.0, 1.0],
                [0.23645, -0.097121, 0.966778, -0.0, 0.09359, 0.992642, 0.07683, 0.39386, -0.967126, 0.072314, 0.2438, -0.0, 0.0, 0.0, 0.0, 1.0],
                [0.173489, -0.353839, 0.919076, 0.0, 0.154266, 0.931471, 0.329491, 0.39386, -0.972679, 0.084619, 0.216185, 0.0, 0.0, 0.0, 0.0, 1.0],
                [0.23308, -0.066353, 0.970191, -0.0, -0.85088, 0.469118, 0.2365, 0.39386, -0.470827, -0.880639, 0.052883, -0.0, 0.0, 0.0, 0.0, 1.0]
            ]
        },
        {
            "name": "Hand_L",
            "time": [0.0, 0.1167, 0.25, 0.35, 0.65, 1.2333],
            "transform": [
                [0.99991, 0.012467, 0.004914, 0.0, -0.012536, 0.999822, 0.014145, 0.3, -0.004737, -0.014206, 0.999888, -0.0, 0.0, 0.0, 0.0, 1.0],
                [0.99991, 0.012825, -0.003886, 0.0, -0.012536, 0.792686, -0.609502, 0.3, -0.004737, 0.609496, 0.792776, 0.0, 0.0, 0.0, 0.0, 1.0],
                [0.99991, 0.012032, -0.005901, -0.0, -0.012536, 0.684156, -0.729229, 0.3, -0.004737, 0.729237, 0.684245, 0.0, 0.0, 0.0, 0.0, 1.0],
                [0.99991, 0.012032, -0.005901, -0.0, -0.012536, 0.684156, -0.729228, 0.3, -0.004737, 0.729237, 0.684245, 0.0, 0.0, 0.0, 0.0, 1.0],
                [0.99991, 0.012032, -0.005901, 0.0, -0.012536, 0.684156, -0.729228, 0.3, -0.004737, 0.729237, 0.684245, -0.0, 0.0, 0.0, 0.0, 1.0],
                [0.99991, 0.013113, 0.002967, 0.0, -0.012582, 0.990454, -0.137273, 0.3, -0.004739, 0.137223, 0.990529, -0.0, 0.0, 0.0, 0.0, 1.0]
            ]
        },
        {
            "name": "Tool_L",
            "time": [0.0, 0.1167, 0.25, 0.35, 0.65, 1.2333],
            "transform": [
                [0.998658, 0.039723, -0.033233, -0.012677, 0.043929, -0.98956, 0.137266, 0.208813, -0.027417, -0.138471, -0.989393, 0.160811, 0.0, 0.0, 0.0, 1.0],
                [0.998658, 0.039723, -0.033233, -0.012677, 0.043929, -0.98956, 0.137266, 0.208813, -0.027417, -0.138471, -0.989393, 0.160811, 0.0, 0.0, 0.0, 1.0],
                [0.998658, 0.039723, -0.033233, -0.012677, 0.043929, -0.98956, 0.137266, 0.208813, -0.027417, -0.138471, -0.989393, 0.160811, 0.0, 0.0, 0.0, 1.0],
                [0.998658, 0.039723, -0.033233, -0.012677, 0.043929, -0.98956, 0.137266, 0.208813, -0.027417, -0.138471, -0.989393, 0.160811, 0.0, 0.0, 0.0, 1.0],
                [0.998658, 0.039723, -0.033233, -0.012677, 0.043929, -0.98956, 0.137266, 0.208813, -0.027417, -0.138471, -0.989393, 0.160811, 0.0, 0.0, 0.0, 1.0],
                [0.998658, 0.039723, -0.033233, -0.012677, 0.043929, -0.98956, 0.137266, 0.208813, -0.027417, -0.138471, -0.989393, 0.160811, 0.0, 0.0, 0.0, 1.0]
            ]
        },
        {
            "name": "Elbow_L",
            "time": [0.0, 0.1167, 0.25, 0.35, 0.65, 1.2333],
            "transform": [
                [-0.999641, -0.010931, -0.024478, -0.001644, 0.023045, 0.116082, -0.992972, 0.298484, 0.013695, -0.99318, -0.115789, -0.001028, 0.0, 0.0, 0.0, 1.0],
                [-0.999641, -0.01093, -0.024478, -0.001644, 0.023045, 0.116083, -0.992972, 0.298484, 0.013695, -0.99318, -0.115789, -0.001028, 0.0, 0.0, 0.0, 1.0],
                [-0.999641, -0.01093, -0.024478, -0.001644, 0.023045, 0.116083, -0.992972, 0.298484, 0.013695, -0.99318, -0.115789, -0.001028, 0.0, 0.0, 0.0, 1.0],
                [-0.999641, -0.01093, -0.024478, -0.001644, 0.023045, 0.116082, -0.992972, 0.298484, 0.013695, -0.99318, -0.115789, -0.001028, 0.0, 0.0, 0.0, 1.0],
                [-0.999641, -0.01093, -0.024478, -0.001644, 0.023045, 0.116082, -0.992972, 0.298484, 0.013695, -0.993179, -0.115789, -0.001028, 0.0, 0.0, 0.0, 1.0],
                [-0.999641, -0.01093, -0.024478, -0.001644, 0.023045, 0.116082, -0.992972, 0.298484, 0.013695, -0.99318, -0.115789, -0.001028, 0.0, 0.0, 0.0, 1.0]
            ]
        }
    ]
}