{
    "animation": [
        {
            "name": "Root",
            "time": [0.0, 0.1, 0.4, 0.4667, 0.55, 0.9, 1.4167],
            "transform": [
                [0.984196, 0.093894, -0.150138, -5e-06, -0.166203, 0.197227, -0.966167, 0.000946, -0.061106, 0.975851, 0.209716, 0.695056, 0.0, 0.0, 0.0, 1.0],
                [0.936167, 0.033467, -0.34996, -5e-06, -0.351294, 0.127519, -0.92754, 0.693262, 0.013584, 0.991271, 0.131136, 0.605009, 0.0, 0.0, 0.0, 1.0],
                [0.907001, 0.006908, -0.421071, -5e-06, -0.419442, 0.104181, -0.901784, 0.956076, 0.037638, 0.994534, 0.09739, 0.570826, 0.0, 0.0, 0.0, 1.0],
                [0.998257, 0.005185, 0.05879, -5e-06, 0.057211, 0.159593, -0.985524, 1.703914, -0.014493, 0.987169, 0.159018, 0.686047, 0.0, 0.0, 0.0, 1.0],
                [0.918028, -0.012157, 0.396329, -5e-06, 0.390951, 0.194625, -0.899599, 2.152705, -0.066199, 0.980802, 0.183424, 0.570826, 0.0, 0.0, 0.0, 1.0],
                [0.785029, -0.032463, 0.618608, -5e-06, 0.604082, 0.261244, -0.752885, 2.521323, -0.137167, 0.964727, 0.224695, 0.570826, 0.0, 0.0, 0.0, 1.0],
                [0.854689, 0.0, -0.51914, -5e-06, -0.51914, 0.0, -0.854689, 3.016408, 0.0, 1.0, 0.0, 0.777146, 0.0, 0.0, 0.0, 1.0]
            ]
        },
        {
            "name": "Thigh_R",
            "time": [0.0, 0.1, 0.4, 0.4667, 0.55, 0.9, 1.1, 1.4167],
            "transform": [
                [0.978403, 0.152037, -0.140038, 0.124994, 0.164166, -0.983222, 0.079502, -0.002831, -0.125601, -0.100773, -0.98695, -1.2e-05, 0.0, 0.0, 0.0, 1.0],
                [0.951914, 0.250949, 0.175735, 0.124994, 0.299416, -0.883518, -0.360199, -0.002831, 0.064874, 0.395496, -0.916174, -1.2e-05, 0.0, 0.0, 0.0, 1.0],
                [0.976596, 0.198802, 0.082074, 0.124994, 0.205047, -0.975772, -0.076292, -0.002831, 0.064918, 0.091336, -0.993702, -1.2e-05, 0.0, 0.0, 0.0, 1.0],
                [0.958205, 0.285721, -0.01436, 0.124994, 0.178592, -0.558204, 0.810254, -0.002831, 0.223491, -0.778952, -0.585904, -1.2e-05, 0.0, 0.0, 0.0, 1.0],
                [0.881588, 0.471766, 0.01544, 0.124994, 0.086807, -0.194192, 0.977115, -0.002831, 0.463969, -0.860071, -0.212151, -1.2e-05, 0.0, 0.0, 0.0, 1.0],
                [0.769735, 0.633197, 0.081043, 0.124994, 0.028424, -0.160825, 0.986574, -0.002831, 0.63773, -0.757095, -0.141792, -1.2e-05, 0.0, 0.0, 0.0, 1.0],
                [0.953507, 0.279059, 0.113796, 0.124994, 0.112608, -0.68015, 0.724371, -0.002831, 0.279541, -0.677877, -0.679955, -1.2e-05, 0.0, 0.0, 0.0, 1.0],
                [0.987912, 0.153416, 0.022211, 0.124994, 0.152036, -0.986881, 0.054282, -0.002831, 0.030247, -0.050248, -0.998279, -1.2e-05, 0.0, 0.0, 0.0, 1.0]
            ]
        },
        {
            "name": "Leg_R",
            "time": [0.0, 0.1, 0.4, 0.4667, 0.55, 0.9, 1.1, 1.4167],
            "transform": [
                [0.999395, -0.034514, 0.004231, 0.0, 0.034355, 0.998858, 0.033237, 0.37472, -0.005373, -0.033072, 0.999438, -0.0, 0.0, 0.0, 0.0, 1.0],
                [0.999954, -0.009514, 0.001026, 0.0, 0.009431, 0.99801, 0.06236, 0.37472, -0.001618, -0.062347, 0.998052, -0.0, 0.0, 0.0, 0.0, 1.0],
                [1.0, 0.0, 2e-06, 0.0, -2e-06, 0.683131, 0.730295, 0.37472, -1e-06, -0.730296, 0.68313, -0.0, 0.0, 0.0, 0.0, 1.0],
                [1.0, -1e-06, 2e-06, 0.0, -2e-06, 0.030247, 0.999542, 0.37472, -1e-06, -0.999543, 0.030247, 0.0, 0.0, 0.0, 0.0, 1.0],
                [1.0, 1e-06, 2e-06, 0.0, -2e-06, 0.727007, 0.68663, 0.37472, -1e-06, -0.686631, 0.727006, -0.0, 0.0, 0.0, 0.0, 1.0],
                [1.0, 0.0, 2e-06, -0.0, -2e-06, 0.567702, 0.823234, 0.374721, -1e-06, -0.823235, 0.567701, -0.0, 0.0, 0.0, 0.0, 1.0],
                [0.999819, -0.014847, -0.011937, -0.0, 0.017578, 0.477424, 0.878496, 0.37472, -0.007344, -0.878548, 0.477598, 0.0, 0.0, 0.0, 0.0, 1.0],
                [0.998294, -0.058382, 2e-06, 0.0, 0.058095, 0.993385, 0.099059, 0.37472, -0.005785, -0.09889, 0.995081, 0.0, 0.0, 0.0, 0.0, 1.0]
            ]
        },
        {
            "name": "Knee_R",
            "time": [0.0, 0.1, 0.4, 0.55, 0.9, 1.4167],
            "transform": [
                [1.0, -0.0, -0.0, -0.000179, -0.0, -0.260585, -0.965451, 0.436391, -0.0, 0.965451, -0.260585, -0.000613, 0.0, 0.0, 0.0, 1.0],
                [1.0, -0.0, -0.0, -0.000179, -0.0, -0.276463, -0.961025, 0.436391, -0.0, 0.961025, -0.276463, -0.000613, 0.0, 0.0, 0.0, 1.0],
                [1.0, -0.0, -0.0, -0.000179, -0.0, -0.282471, -0.959276, 0.436391, -0.0, 0.959276, -0.282471, -0.000613, 0.0, 0.0, 0.0, 1.0],
                [1.0, -0.0, -0.0, -0.000179, -0.0, -0.282471, -0.959276, 0.436391, -0.0, 0.959276, -0.282471, -0.000614, 0.0, 0.0, 0.0, 1.0],
                [1.0, -0.0, -0.0, -0.000179, -0.0, -0.282471, -0.959276, 0.436391, -0.0, 0.959276, -0.282471, -0.000614, 0.0, 0.0, 0.0, 1.0],
                [1.0, 0.0, -0.0, 0.0, -0.0, 1e-06, -1.0, 0.37472, -0.0, 1.0, 1e-06, 0.0, 0.0, 0.0, 0.0, 1.0]
            ]
        },
        {
            "name": "Thigh_L",
            "time": [0.0, 0.1, 0.4, 0.4667, 0.55, 0.9, 1.1, 1.2833, 1.4167],
            "transform": [
                [0.981707, -0.186942, -0.036084, -0.125006, -0.011385, -0.246828, 0.968992, -0.002831, -0.190052, -0.950857, -0.244442, -1.2e-05, 0.0, 0.0, 0.0, 1.0],
                [0.984731, -0.160515, -0.067375, -0.125006, 0.015158, -0.306503, 0.951748, -0.002831, -0.17342, -0.938238, -0.299391, -1.2e-05, 0.0, 0.0, 0.0, 1.0],
                [0.954951, -0.265676, 0.132226, -0.125006, -0.205075, -0.268729, 0.941131, -0.002831, -0.214503, -0.925852, -0.311107, -1.2e-05, 0.0, 0.0, 0.0, 1.0],
                [0.99354, -0.042524, 0.105207, -0.125006, -0.08782, -0.875289, 0.47556, -0.002831, 0.071864, -0.481727, -0.873369, -1.2e-05, 0.0, 0.0, 0.0, 1.0],
                [0.961201, -0.142283, 0.236322, -0.125006, -0.135634, -0.989771, -0.044245, -0.002831, 0.2402, 0.010476, -0.970667, -1.2e-05, 0.0, 0.0, 0.0, 1.0],
                [0.896257, -0.251482, 0.365349, -0.125006, -0.259831, -0.965276, -0.027025, -0.002831, 0.359458, -0.070708, -0.930478, -1.2e-05, 0.0, 0.0, 0.0, 1.0],
                [0.992844, -0.068907, 0.097532, -0.120103, -0.107515, -0.87124, 0.478938, -0.002831, 0.051971, -0.485997, -0.872414, 0.00806, 0.0, 0.0, 0.0, 1.0],
                [0.884759, -0.363403, -0.291785, -0.112477, -0.101157, -0.760903, 0.640931, -0.002831, -0.454937, -0.537554, -0.709977, 0.020616, 0.0, 0.0, 0.0, 1.0],
                [0.779746, -0.258577, -0.570204, -0.109662, -0.133597, -0.958473, 0.251956, -0.002831, -0.611675, -0.120283, -0.781911, 0.02525, 0.0, 0.0, 0.0, 1.0]
            ]
        },
        {
            "name": "Leg_L",
            "time": [0.0, 0.1, 0.4, 0.55, 0.9, 1.1, 1.4167],
            "transform": [
                [0.998876, -0.041922, 0.022113, 0.0, -0.038489, -0.445202, 0.894603, 0.37472, -0.027659, -0.894448, -0.446316, 0.0, 0.0, 0.0, 0.0, 1.0],
                [0.999911, -0.009017, 0.009831, 0.0, -0.007582, 0.222187, 0.974975, 0.37472, -0.010976, -0.974962, 0.222099, -0.0, 0.0, 0.0, 0.0, 1.0],
                [1.0, -1e-06, 1e-06, -0.0, -0.0, 0.461873, 0.886946, 0.37472, -1e-06, -0.886946, 0.461873, 0.0, 0.0, 0.0, 0.0, 1.0],
                [1.0, -1e-06, 1e-06, -0.0, 0.0, 0.866395, 0.499358, 0.37472, -1e-06, -0.499358, 0.866396, -0.0, 0.0, 0.0, 0.0, 1.0],
                [1.0, -0.0, 1e-06, 0.0, -0.0, 0.922521, 0.385945, 0.37472, -1e-06, -0.385945, 0.922522, 0.0, 0.0, 0.0, 0.0, 1.0],
                [0.999789, 0.004478, 0.02004, -0.0, -0.020505, 0.269526, 0.962775, 0.37472, -0.00109, -0.962982, 0.269561, 0.0, 0.0, 0.0, 0.0, 1.0],
                [0.997933, 0.060521, 0.021628, 0.0, -0.064028, 0.965345, 0.252999, 0.37472, -0.005566, -0.25386, 0.967225, -0.0, 0.0, 0.0, 0.0, 1.0]
            ]
        },
        {
            "name": "Knee_L",
            "time": [0.0, 0.1, 0.4, 0.55, 0.9, 1.4167],
            "transform": [
                [0.999765, 0.020014, 0.008299, 0.0, -0.007895, 0.693204, -0.720698, 0.37472, -0.020177, 0.720464, 0.693199, 0.0, 0.0, 0.0, 0.0, 1.0],
                [0.999982, 0.006011, 0.000692, 0.0, -0.000571, 0.207555, -0.978223, 0.37472, -0.006023, 0.978205, 0.207555, -0.0, 0.0, 0.0, 0.0, 1.0],
                [1.0, 0.0, -0.0, -0.0, -0.0, 1e-06, -1.0, 0.37472, -0.0, 1.0, 1e-06, 0.0, 0.0, 0.0, 0.0, 1.0],
                [1.0, 0.0, -0.0, -0.0, -0.0, 1e-06, -1.0, 0.37472, -0.0, 1.0, 1e-06, -0.0, 0.0, 0.0, 0.0, 1.0],
                [1.0, 0.0, -0.0, 0.0, -0.0, 1e-06, -1.0, 0.37472, -0.0, 1.0, 1e-06, 0.0, 0.0, 0.0, 0.0, 1.0],
                [1.0, 0.0, -0.0, 0.0, -0.0, 1e-06, -1.0, 0.37472, -0.0, 1.0, 1e-06, -0.0, 0.0, 0.0, 0.0, 1.0]
            ]
        },
        {
            "name": "Torso",
            "time": [0.0, 0.1, 0.4, 0.55, 0.9, 1.4167],
            "transform": [
                [0.988045, -0.080186, -0.13167, 0.0, 0.1033, 0.978346, 0.179356, 0.05, 0.114437, -0.190814, 0.974933, -0.0, 0.0, 0.0, 0.0, 1.0],
                [0.982916, -0.123908, -0.1361, 0.0, 0.139221, 0.984197, 0.109422, 0.05, 0.120391, -0.126501, 0.984634, -0.0, 0.0, 0.0, 0.0, 1.0],
                [0.980559, -0.140516, -0.136965, -0.0, 0.152676, 0.98481, 0.082696, 0.05, 0.123265, -0.102, 0.987118, -0.0, 0.0, 0.0, 0.0, 1.0],
                [0.980559, -0.140516, -0.136965, -0.0, 0.152676, 0.984811, 0.082696, 0.05, 0.123265, -0.102, 0.987118, 0.0, 0.0, 0.0, 0.0, 1.0],
                [0.986737, -0.076401, -0.143226, -0.0, 0.102183, 0.977914, 0.182324, 0.05, 0.126133, -0.194541, 0.972751, -0.0, 0.0, 0.0, 0.0, 1.0],
                [0.965662, -0.025127, 0.258583, -0.0, 0.020968, 0.999603, 0.018828, 0.05, -0.258953, -0.012759, 0.965806, 0.0, 0.0, 0.0, 0.0, 1.0]
            ]
        },
        {
            "name": "Chest",
            "time": [0.0, 0.1, 0.4, 0.4667, 0.55, 0.9, 1.4167],
            "transform": [
                [0.993455, 0.082248, 0.079257, 0.0, -0.07911, 0.995982, -0.041962, 0.3, -0.082389, 0.035418, 0.995971, 0.0, 0.0, 0.0, 0.0, 1.0],
                [0.930885, -0.02433, -0.364502, -0.0, -0.027823, 0.99016, -0.137148, 0.3, 0.364252, 0.13781, 0.921048, 0.0, 0.0, 0.0, 0.0, 1.0],
                [0.85728, 0.035027, -0.513658, -0.0, -0.145891, 0.973317, -0.177116, 0.3, 0.493748, 0.226776, 0.839515, 0.0, 0.0, 0.0, 0.0, 1.0],
                [0.892568, -0.025565, 0.450187, 0.0, 0.047711, 0.998141, -0.037912, 0.3, -0.448381, 0.055317, 0.892129, -0.0, 0.0, 0.0, 0.0, 1.0],
                [0.964203, -0.023549, 0.264116, -0.0, 0.015145, 0.999313, 0.033812, 0.3, -0.264731, -0.028602, 0.963898, -0.0, 0.0, 0.0, 0.0, 1.0],
                [0.853427, 0.054937, 0.518308, -0.0, -0.191574, 0.957884, 0.213911, 0.3, -0.484728, -0.281852, 0.828009, -0.0, 0.0, 0.0, 0.0, 1.0],
                [0.986768, -0.023894, -0.160365, -0.0, 0.026191, 0.999582, 0.012223, 0.3, 0.160006, -0.016261, 0.986982, 0.0, 0.0, 0.0, 0.0, 1.0]
            ]
        },
        {
            "name": "Head",
            "time": [0.0, 0.1, 0.4, 0.4667, 0.55, 0.9, 1.4167],
            "transform": [
                [0.958484, -0.0, 0.285145, 0.0, 0.05354, 0.982214, -0.17997, 0.4, -0.280073, 0.187765, 0.941437, 0.0, 0.0, 0.0, 0.0, 1.0],
                [0.774194, -0.0, 0.632948, -0.0, 0.118846, 0.982214, -0.145367, 0.4, -0.621691, 0.187765, 0.760424, -0.0, 0.0, 0.0, 0.0, 1.0],
                [0.67124, -0.086177, 0.736214, 0.0, 0.139179, 0.990206, -0.010989, 0.4, -0.728057, 0.109842, 0.67666, 0.0, 0.0, 0.0, 0.0, 1.0],
                [0.949345, -0.0, -0.314235, -0.0, -0.059002, 0.982214, -0.178254, 0.4, 0.308646, 0.187765, 0.93246, 0.0, 0.0, 0.0, 0.0, 1.0],
                [0.95366, -0.0, -0.300886, -0.0, -0.056496, 0.982214, -0.179064, 0.4, 0.295534, 0.187765, 0.936698, -0.0, 0.0, 0.0, 0.0, 1.0],
                [0.79535, -0.0, -0.60615, -0.0, -0.113814, 0.982214, -0.149339, 0.4, 0.595369, 0.187765, 0.781204, 0.0, 0.0, 0.0, 0.0, 1.0],
                [0.907906, 0.03176, 0.417969, 0.0, -0.015014, 0.99895, -0.043293, 0.4, -0.418905, 0.033031, 0.907429, 0.0, 0.0, 0.0, 0.0, 1.0]
            ]
        },
        {
            "name": "Shoulder_R",
            "time": [0.0, 0.1, 0.4, 0.55, 0.9, 1.4167],
            "transform": [
                [0.0, 0.952847, 0.30345, 0.0, -0.0, -0.30345, 0.952847, 0.4, 1.0, -0.0, 0.0, 0.0, 0.0, 0.0, 0.0, 1.0],
                [0.050344, 0.969824, 0.238553, -0.0, 0.061415, -0.24141, 0.968478, 0.4, 0.996842, -0.034107, -0.071715, -0.0, 0.0, 0.0, 0.0, 1.0],
                [0.068311, 0.974721, 0.212728, 0.0, 0.085484, -0.21816, 0.972162, 0.4, 0.993995, -0.048225, -0.098226, 0.0, 0.0, 0.0, 0.0, 1.0],
                [0.157694, 0.964358, 0.212475, -0.0, 0.066042, -0.224984, 0.972122, 0.4, 0.985277, -0.139265, -0.099167, -0.0, 0.0, 0.0, 0.0, 1.0],
                [0.181597, 0.960088, 0.212728, -0.0, 0.05944, -0.226646, 0.972162, 0.4, 0.981575, -0.163897, -0.098226, 0.0, 0.0, 0.0, 0.0, 1.0],
                [-0.059544, 0.923942, 0.37787, 0.0, -0.044266, -0.380613, 0.923674, 0.4, 0.997244, 0.038273, 0.063562, 0.0, 0.0, 0.0, 0.0, 1.0]
            ]
        },
        {
            "name": "Arm_R",
            "time": [0.0, 0.1, 0.4, 0.4667, 0.55, 0.9, 1.4167],
            "transform": [
                [0.110171, 0.506842, -0.85497, -0.0, 0.852652, 0.393828, 0.343341, 0.393861, 0.510731, -0.766819, -0.388771, 0.0, 0.0, 0.0, 0.0, 1.0],
                [0.018089, 0.420853, -0.906949, -0.0, 0.278812, 0.868991, 0.4088, 0.39386, 0.960175, -0.260263, -0.101619, -0.0, 0.0, 0.0, 0.0, 1.0],
                [0.006367, 0.496378, -0.868083, -0.0, 0.003014, 0.868088, 0.496402, 0.393861, 0.999975, -0.005777, 0.004031, -0.0, 0.0, 0.0, 0.0, 1.0],
                [0.180931, -0.563283, -0.806211, -0.0, -0.201578, 0.781098, -0.590975, 0.39386, 0.962616, 0.26944, 0.02778, 0.0, 0.0, 0.0, 0.0, 1.0],
                [0.317268, -0.678609, -0.662443, 0.0, -0.255446, 0.61156, -0.748827, 0.39386, 0.913284, 0.406797, 0.020681, 0.0, 0.0, 0.0, 0.0, 1.0],
                [0.496458, -0.11505, -0.860403, 0.0, -0.514554, 0.759269, -0.398428, 0.39386, 0.699116, 0.640527, 0.317746, -0.0, 0.0, 0.0, 0.0, 1.0],
                [0.37979, -0.51784, -0.766552, -0.0, 0.848036, 0.525955, 0.064856, 0.393861, 0.369587, -0.674695, 0.638899, 0.0, 0.0, 0.0, 0.0, 1.0]
            ]
        },
        {
            "name": "Hand_R",
            "time": [0.0, 0.1, 0.4, 0.4667, 0.55, 0.9, 1.4167],
            "transform": [
                [1.0, -0.0, 0.0, 0.0, 0.0, 0.715575, -0.698537, 0.3, -0.0, 0.698536, 0.715574, -0.0, 0.0, 0.0, 0.0, 1.0],
                [1.0, -0.0, 0.0, 0.0, 0.0, 0.284714, -0.958612, 0.3, 0.0, 0.958612, 0.284714, 0.0, 0.0, 0.0, 0.0, 1.0],
                [1.0, 0.0, 0.0, 0.0, 0.0, 0.097214, -0.995264, 0.3, -0.0, 0.995264, 0.097214, 0.0, 0.0, 0.0, 0.0, 1.0],
                [1.0, -0.0, 0.0, 0.0, 0.0, 0.976587, -0.215124, 0.3, -0.0, 0.215124, 0.976587, -0.0, 0.0, 0.0, 0.0, 1.0],
                [1.0, -0.0, -0.0, 0.0, 0.0, 0.999138, 0.041523, 0.3, 0.0, -0.041524, 0.999138, -0.0, 0.0, 0.0, 0.0, 1.0],
                [1.0, -0.0, -0.0, -0.0, 0.0, 0.946409, -0.322972, 0.300001, 0.0, 0.322972, 0.946408, 0.0, 0.0, 0.0, 0.0, 1.0],
                [0.999599, -0.000132, 0.028315, 0.0, 0.023395, -0.559493, -0.828505, 0.3, 0.015951, 0.828835, -0.559265, -0.0, 0.0, 0.0, 0.0, 1.0]
            ]
        },
        {
            "name": "Tool_R",
            "time": [0.0, 0.1, 0.4, 0.55, 0.9, 1.4167],
            "transform": [
                [0.999822, 0.009713, 0.016189, -0.017311, 0.006818, -0.985396, 0.17014, 0.36637, 0.017595, -0.169909, -0.984702, 0.051121, 0.0, 0.0, 0.0, 1.0],
                [0.999822, 0.009713, 0.016189, -0.017312, 0.006818, -0.985396, 0.17014, 0.36637, 0.017595, -0.169909, -0.984702, 0.051121, 0.0, 0.0, 0.0, 1.0],
                [0.999822, 0.009713, 0.016189, -0.017311, 0.006818, -0.985396, 0.17014, 0.36637, 0.017595, -0.169909, -0.984702, 0.051121, 0.0, 0.0, 0.0, 1.0],
                [0.999822, 0.009713, 0.016189, -0.017312, 0.006818, -0.985396, 0.17014, 0.36637, 0.017595, -0.169909, -0.984702, 0.051121, 0.0, 0.0, 0.0, 1.0],
                [0.999822, 0.009713, 0.016189, -0.017312, 0.006818, -0.985396, 0.17014, 0.36637, 0.017595, -0.169909, -0.984702, 0.051121, 0.0, 0.0, 0.0, 1.0],
                [0.999822, 0.009713, 0.016189, -0.017311, 0.006818, -0.985396, 0.17014, 0.36637, 0.017595, -0.169909, -0.984702, 0.051121, 0.0, 0.0, 0.0, 1.0]
            ]
        },
        {
            "name": "Elbow_R",
            "time": [0.0, 0.1, 0.4, 0.55, 0.9, 1.4167],
            "transform": [
                [-1.0, 0.0, 0.0, 0.000596, -0.0, 0.367435, -0.930049, 0.384548, -0.0, -0.93005, -0.367434, 0.001187, 0.0, 0.0, 0.0, 1.0],
                [-1.0, 0.0, 0.0, 0.000596, -0.0, 0.17532, -0.984511, 0.384548, -0.0, -0.984512, -0.17532, 0.001188, 0.0, 0.0, 0.0, 1.0],
                [-1.0, 0.0, 0.0, 0.000596, -0.0, 0.10024, -0.994963, 0.384548, -0.0, -0.994963, -0.10024, 0.001188, 0.0, 0.0, 0.0, 1.0],
                [-1.0, 0.0, 0.0, 0.000596, -0.0, -0.149599, -0.988747, 0.384548, -0.0, -0.988747, 0.149599, 0.001188, 0.0, 0.0, 0.0, 1.0],
                [-1.0, 0.0, -0.0, 0.000596, -0.0, -0.206703, -0.978404, 0.384549, -0.0, -0.978404, 0.206703, 0.001188, 0.0, 0.0, 0.0, 1.0],
                [-1.0, 0.0, 0.0, 0.0, 0.0, 0.914649, -0.404248, 0.332805, -0.0, -0.404248, -0.914649, -0.022555, 0.0, 0.0, 0.0, 1.0]
            ]
        },
        {
            "name": "Shoulder_L",
            "time": [0.0, 0.1, 0.4, 0.55, 0.9, 1.4167],
            "transform": [
                [0.114511, -0.945203, -0.305743, 0.0, 0.036772, -0.303524, 0.952114, 0.4, -0.992741, -0.12027, 0.0, 0.0, 0.0, 0.0, 0.0, 1.0],
                [-0.03354, -0.951523, -0.305743, -0.0, -0.01077, -0.305554, 0.952114, 0.4, -0.999379, 0.035227, 0.0, -0.0, 0.0, 0.0, 0.0, 1.0],
                [-0.089675, -0.947881, -0.305743, 0.0, -0.028797, -0.304384, 0.952114, 0.4, -0.995555, 0.094186, 0.0, 0.0, 0.0, 0.0, 0.0, 1.0],
                [-0.089676, -0.947881, -0.305743, -0.0, -0.028797, -0.304384, 0.952114, 0.4, -0.995555, 0.094186, 0.0, -0.0, 0.0, 0.0, 0.0, 1.0],
                [-0.089676, -0.947881, -0.305743, -0.0, -0.028797, -0.304384, 0.952114, 0.4, -0.995555, 0.094186, 0.0, 0.0, 0.0, 0.0, 0.0, 1.0],
                [-0.007939, -0.952498, -0.304441, 0.0, -0.088921, -0.302572, 0.94897, 0.4, -0.996007, 0.034605, -0.082295, 0.0, 0.0, 0.0, 0.0, 1.0]
            ]
        },
        {
            "name": "Arm_L",
            "time": [0.0, 0.1, 0.4, 0.55, 0.9, 1.4167],
            "transform": [
                [0.348546, -0.3125, 0.883662, -0.0, -0.797294, 0.396822, 0.454813, 0.39386, -0.492786, -0.863062, -0.110844, 0.0, 0.0, 0.0, 0.0, 1.0],
                [0.056908, 0.401019, 0.9143, 0.0, -0.206632, 0.900686, -0.382187, 0.39386, -0.976762, -0.167174, 0.13412, 0.0, 0.0, 0.0, 0.0, 1.0],
                [0.160624, 0.632069, 0.758082, 0.0, 0.154412, 0.742506, -0.651799, 0.39386, -0.974862, 0.221751, 0.021665, 0.0, 0.0, 0.0, 0.0, 1.0],
                [0.112825, -0.302108, 0.946573, 0.0, 0.098358, 0.951373, 0.291917, 0.39386, -0.988735, 0.060167, 0.137053, -0.0, 0.0, 0.0, 0.0, 1.0],
                [0.112825, 0.173077, 0.978425, -0.0, 0.098358, 0.97793, -0.184332, 0.39386, -0.988735, 0.117033, 0.093311, -0.0, 0.0, 0.0, 0.0, 1.0],
                [0.23308, -0.066353, 0.970191, -0.0, -0.85088, 0.469118, 0.2365, 0.39386, -0.470827, -0.880639, 0.052883, 0.0, 0.0, 0.0, 0.0, 1.0]
            ]
        },
        {
            "name": "Hand_L",
            "time": [0.0, 0.1, 0.4, 0.55, 0.9, 1.4167],
            "transform": [
                [1.0, -0.0, 0.0, -0.0, 0.0, 0.796158, -0.605089, 0.3, -0.0, 0.605089, 0.796158, 0.0, 0.0, 0.0, 0.0, 1.0],
                [1.0, -0.0, 0.0, -0.0, 0.0, 0.935731, -0.352715, 0.3, -0.0, 0.352715, 0.935731, -0.0, 0.0, 0.0, 0.0, 1.0],
                [1.0, -0.0, -0.0, -0.0, 0.0, 0.968681, -0.248311, 0.3, 0.0, 0.248311, 0.968681, -0.0, 0.0, 0.0, 0.0, 1.0],
                [1.0, -0.0, -0.0, 0.0, 0.0, 0.968681, -0.248311, 0.3, 0.0, 0.248311, 0.968681, -0.0, 0.0, 0.0, 0.0, 1.0],
                [1.0, -0.0, -0.0, -0.0, 0.0, 0.968681, -0.248311, 0.3, 0.0, 0.248311, 0.968681, 0.0, 0.0, 0.0, 0.0, 1.0],
                [0.99991, 0.013113, 0.002967, 0.0, -0.012582, 0.990454, -0.137273, 0.3, -0.004739, 0.137223, 0.990529, -0.0, 0.0, 0.0, 0.0, 1.0]
            ]
        },
        {
            "name": "Tool_L",
            "time": [0.0, 0.1, 0.4, 0.55, 0.9, 1.4167],
            "transform": [
                [1.0, 0.0, 0.0, -0.0, 0.0, -0.999836, 0.018122, 0.272858, 0.0, -0.018122, -0.999247, 0.0, 0.0, 0.0, 0.0, 1.0],
                [1.0, 0.0, 0.0, 0.0, 0.0, -0.999836, 0.018122, 0.272858, 0.0, -0.018122, -0.999247, -0.0, 0.0, 0.0, 0.0, 1.0],
                [1.0, 0.0, 0.0, 0.0, 0.0, -0.999836, 0.018122, 0.272858, 0.0, -0.018122, -0.999247, 0.0, 0.0, 0.0, 0.0, 1.0],
                [1.0, 0.0, 0.0, 0.0, 0.0, -0.999836, 0.018122, 0.272858, 0.0, -0.018122, -0.999247, 0.0, 0.0, 0.0, 0.0, 1.0],
                [1.0, 0.0, 0.0, 0.0, 0.0, -0.999836, 0.018122, 0.272858, 0.0, -0.018122, -0.999247, 0.0, 0.0, 0.0, 0.0, 1.0],
                [0.998658, 0.039723, -0.033233, -0.012677, 0.043929, -0.98956, 0.137266, 0.208813, -0.027417, -0.138471, -0.989393, 0.160811, 0.0, 0.0, 0.0, 1.0]
            ]
        },
        {
            "name": "Elbow_L",
            "time": [0.0, 0.1, 0.4, 0.55, 0.9, 1.4167],
            "transform": [
                [-1.0, 0.0, -0.0, 0.000227, 0.0, -0.0, -1.0, 0.380328, -0.0, -1.0, 0.0, -0.000541, 0.0, 0.0, 0.0, 1.0],
                [-1.0, 0.0, -0.0, 0.000227, 0.0, -0.116797, -0.993156, 0.380327, -0.0, -0.993156, 0.116796, -0.000541, 0.0, 0.0, 0.0, 1.0],
                [-1.0, 0.0, -0.0, 0.000226, 0.0, -0.16078, -0.98699, 0.380328, -0.0, -0.98699, 0.16078, -0.000541, 0.0, 0.0, 0.0, 1.0],
                [-1.0, 0.0, -0.0, 0.000227, 0.0, -0.16078, -0.98699, 0.380328, -0.0, -0.98699, 0.16078, -0.000541, 0.0, 0.0, 0.0, 1.0],
                [-1.0, 0.0, -0.0, 0.000227, 0.0, -0.16078, -0.98699, 0.380328, -0.0, -0.98699, 0.16078, -0.000541, 0.0, 0.0, 0.0, 1.0],
                [-0.999641, -0.01093, -0.024478, -0.001644, 0.023045, 0.116082, -0.992972, 0.298484, 0.013695, -0.99318, -0.115789, -0.001028, 0.0, 0.0, 0.0, 1.0]
            ]
        }
    ]
}