{
    "animation": [
        {
            "name": "Root",
            "time": [0.0, 0.1667, 0.3333, 0.4167, 0.4667, 0.5167, 0.6, 0.75, 0.95, 1.0833, 1.35],
            "transform": [
                [0.854689, 0.0, -0.51914, -5e-06, -0.51914, 0.0, -0.854689, 0.000946, 0.0, 1.0, 0.0, 0.777146, 0.0, 0.0, 0.0, 1.0],
                [0.85486, 0.00013, -0.518858, -7e-06, -0.518858, 0.001531, -0.854859, -0.00197, 0.000683, 0.999999, 0.001377, 0.775199, 0.0, 0.0, 0.0, 1.0],
                [0.85486, 0.00013, -0.518858, -7e-06, -0.518858, 0.001531, -0.854859, -0.00197, 0.000683, 0.999999, 0.001377, 0.775199, 0.0, 0.0, 0.0, 1.0],
                [0.85486, 0.00013, -0.518858, -7e-06, -0.518858, 0.001531, -0.854859, -0.00197, 0.000683, 0.999999, 0.001377, 0.775199, 0.0, 0.0, 0.0, 1.0],
                [0.85486, 0.00013, -0.518858, -7e-06, -0.518858, 0.001531, -0.854859, -0.00197, 0.000683, 0.999999, 0.001377, 0.775199, 0.0, 0.0, 0.0, 1.0],
                [0.85486, 0.00013, -0.518858, -7e-06, -0.518858, 0.001531, -0.854859, -0.00197, 0.000683, 0.999999, 0.001377, 0.775199, 0.0, 0.0, 0.0, 1.0],
                [0.85486, 0.00013, -0.518858, -7e-06, -0.518858, 0.001531, -0.854859, -0.00197, 0.000683, 0.999999, 0.001377, 0.775199, 0.0, 0.0, 0.0, 1.0],
                [0.85486, 0.00013, -0.518858, -7e-06, -0.518858, 0.001531, -0.854859, -0.00197, 0.000683, 0.999999, 0.001377, 0.775199, 0.0, 0.0, 0.0, 1.0],
                [0.85486, 0.00013, -0.518858, -7e-06, -0.518858, 0.001531, -0.854859, -0.00197, 0.000683, 0.999999, 0.001377, 0.775199, 0.0, 0.0, 0.0, 1.0],
                [0.85486, 0.00013, -0.518858, -7e-06, -0.518858, 0.001531, -0.854859, -0.00197, 0.000683, 0.999999, 0.001377, 0.775199, 0.0, 0.0, 0.0, 1.0],
                [0.854689, 0.0, -0.51914, -5e-06, -0.51914, 0.0, -0.854689, 0.000946, 0.0, 1.0, 0.0, 0.777146, 0.0, 0.0, 0.0, 1.0]
            ]
        },
        {
            "name": "Thigh_R",
            "time": [0.0, 0.1667, 0.3333, 0.4167, 0.4667, 0.5167, 0.6, 0.75, 0.95, 1.0833, 1.35],
            "transform": [
                [0.987912, 0.153416, 0.022211, 0.124994, 0.152036, -0.986881, 0.054282, -0.002831, 0.030247, -0.050248, -0.998279, -1.2e-05, 0.0, 0.0, 0.0, 1.0],
                [0.987912, 0.153883, 0.018704, 0.124994, 0.152036, -0.985385, 0.076788, -0.002831, 0.030247, -0.073015, -0.996872, -1.2e-05, 0.0, 0.0, 0.0, 1.0],
                [0.987912, 0.153883, 0.018704, 0.124994, 0.152036, -0.985385, 0.076788, -0.002831, 0.030247, -0.073015, -0.996872, -1.2e-05, 0.0, 0.0, 0.0, 1.0],
                [0.987912, 0.153883, 0.018704, 0.124994, 0.152036, -0.985385, 0.076788, -0.002831, 0.030247, -0.073015, -0.996872, -1.2e-05, 0.0, 0.0, 0.0, 1.0],
                [0.987912, 0.153883, 0.018704, 0.124994, 0.152036, -0.985385, 0.076788, -0.002831, 0.030247, -0.073015, -0.996872, -1.2e-05, 0.0, 0.0, 0.0, 1.0],
                [0.987912, 0.153883, 0.018704, 0.124994, 0.152036, -0.985385, 0.076788, -0.002831, 0.030247, -0.073015, -0.996872, -1.2e-05, 0.0, 0.0, 0.0, 1.0],
                [0.987912, 0.153883, 0.018704, 0.124994, 0.152036, -0.985385, 0.076788, -0.002831, 0.030247, -0.073015, -0.996872, -1.2e-05, 0.0, 0.0, 0.0, 1.0],
                [0.987912, 0.153883, 0.018704, 0.124994, 0.152036, -0.985385, 0.076788, -0.002831, 0.030247, -0.073015, -0.996872, -1.2e-05, 0.0, 0.0, 0.0, 1.0],
                [0.987912, 0.153883, 0.018704, 0.124994, 0.152036, -0.985385, 0.076788, -0.002831, 0.030247, -0.073015, -0.996872, -1.2e-05, 0.0, 0.0, 0.0, 1.0],
                [0.987912, 0.153883, 0.018704, 0.124994, 0.152036, -0.985385, 0.076788, -0.002831, 0.030247, -0.073015, -0.996872, -1.2e-05, 0.0, 0.0, 0.0, 1.0],
                [0.987912, 0.153416, 0.022211, 0.124994, 0.152036, -0.986881, 0.054282, -0.002831, 0.030247, -0.050248, -0.998279, -1.2e-05, 0.0, 0.0, 0.0, 1.0]
            ]
        },
        {
            "name": "Leg_R",
            "time": [0.0, 0.1667, 0.3333, 0.4167, 0.4667, 0.5167, 0.6, 0.75, 0.95, 1.0833, 1.35],
            "transform": [
                [0.998294, -0.058382, 2e-06, -0.0, 0.058095, 0.993385, 0.099059, 0.37472, -0.005785, -0.09889, 0.995081, -0.0, 0.0, 0.0, 0.0, 1.0],
                [0.998294, -0.058363, -0.001476, -0.0, 0.058094, 0.990558, 0.12418, 0.37472, -0.005785, -0.124054, 0.992258, 0.0, 0.0, 0.0, 0.0, 1.0],
                [0.998294, -0.058363, -0.001476, -0.0, 0.058094, 0.990558, 0.12418, 0.37472, -0.005785, -0.124054, 0.992258, 0.0, 0.0, 0.0, 0.0, 1.0],
                [0.998294, -0.058363, -0.001476, -0.0, 0.058094, 0.990558, 0.12418, 0.37472, -0.005785, -0.124054, 0.992258, 0.0, 0.0, 0.0, 0.0, 1.0],
                [0.998294, -0.058363, -0.001476, -0.0, 0.058094, 0.990558, 0.12418, 0.37472, -0.005785, -0.124054, 0.992258, 0.0, 0.0, 0.0, 0.0, 1.0],
                [0.998294, -0.058363, -0.001476, -0.0, 0.058094, 0.990558, 0.12418, 0.37472, -0.005785, -0.124054, 0.992258, 0.0, 0.0, 0.0, 0.0, 1.0],
                [0.998294, -0.058363, -0.001476, -0.0, 0.058094, 0.990558, 0.12418, 0.37472, -0.005785, -0.124054, 0.992258, 0.0, 0.0, 0.0, 0.0, 1.0],
                [0.998294, -0.058363, -0.001476, -0.0, 0.058094, 0.990558, 0.12418, 0.37472, -0.005785, -0.124054, 0.992258, 0.0, 0.0, 0.0, 0.0, 1.0],
                [0.998294, -0.058363, -0.001476, -0.0, 0.058094, 0.990558, 0.12418, 0.37472, -0.005785, -0.124054, 0.992258, 0.0, 0.0, 0.0, 0.0, 1.0],
                [0.998294, -0.058363, -0.001476, -0.0, 0.058094, 0.990558, 0.12418, 0.37472, -0.005785, -0.124054, 0.992258, 0.0, 0.0, 0.0, 0.0, 1.0],
                [0.998294, -0.058382, 2e-06, -0.0, 0.058095, 0.993385, 0.099059, 0.37472, -0.005785, -0.09889, 0.995081, -0.0, 0.0, 0.0, 0.0, 1.0]
            ]
        },
        {
            "name": "Knee_R",
            "time": [0.0, 0.1667, 0.3333, 0.4167, 0.4667, 0.5167, 0.6, 0.75, 0.95, 1.0833, 1.35],
            "transform": [
                [1.0, 0.0, -0.0, -0.0, -0.0, 1e-06, -1.0, 0.37472, -0.0, 1.0, 1e-06, -0.0, 0.0, 0.0, 0.0, 1.0],
                [1.0, 0.0, -0.0, -0.0, -0.0, 1e-06, -1.0, 0.37472, -0.0, 1.0, 1e-06, 0.0, 0.0, 0.0, 0.0, 1.0],
                [1.0, 0.0, -0.0, -0.0, -0.0, 1e-06, -1.0, 0.37472, -0.0, 1.0, 1e-06, 0.0, 0.0, 0.0, 0.0, 1.0],
                [1.0, 0.0, -0.0, -0.0, -0.0, 1e-06, -1.0, 0.37472, -0.0, 1.0, 1e-06, 0.0, 0.0, 0.0, 0.0, 1.0],
                [1.0, 0.0, -0.0, -0.0, -0.0, 1e-06, -1.0, 0.37472, -0.0, 1.0, 1e-06, 0.0, 0.0, 0.0, 0.0, 1.0],
                [1.0, 0.0, -0.0, -0.0, -0.0, 1e-06, -1.0, 0.37472, -0.0, 1.0, 1e-06, 0.0, 0.0, 0.0, 0.0, 1.0],
                [1.0, 0.0, -0.0, -0.0, -0.0, 1e-06, -1.0, 0.37472, -0.0, 1.0, 1e-06, 0.0, 0.0, 0.0, 0.0, 1.0],
                [1.0, 0.0, -0.0, -0.0, -0.0, 1e-06, -1.0, 0.37472, -0.0, 1.0, 1e-06, 0.0, 0.0, 0.0, 0.0, 1.0],
                [1.0, 0.0, -0.0, -0.0, -0.0, 1e-06, -1.0, 0.37472, -0.0, 1.0, 1e-06, 0.0, 0.0, 0.0, 0.0, 1.0],
                [1.0, 0.0, -0.0, -0.0, -0.0, 1e-06, -1.0, 0.37472, -0.0, 1.0, 1e-06, 0.0, 0.0, 0.0, 0.0, 1.0],
                [1.0, 0.0, -0.0, -0.0, -0.0, 1e-06, -1.0, 0.37472, -0.0, 1.0, 1e-06, -0.0, 0.0, 0.0, 0.0, 1.0]
            ]
        },
        {
            "name": "Thigh_L",
            "time": [0.0, 0.1667, 0.3333, 0.4167, 0.4667, 0.5167, 0.6, 0.75, 0.95, 1.0833, 1.35],
            "transform": [
                [0.779746, -0.258577, -0.570204, -0.109662, -0.133597, -0.958473, 0.251956, -0.002831, -0.611675, -0.120283, -0.781911, 0.02525, 0.0, 0.0, 0.0, 1.0],
                [0.779746, -0.267301, -0.566167, -0.109662, -0.133597, -0.954492, 0.266641, -0.002831, -0.611675, -0.132274, -0.779972, 0.02525, 0.0, 0.0, 0.0, 1.0],
                [0.779746, -0.267301, -0.566167, -0.109662, -0.133597, -0.954492, 0.266641, -0.002831, -0.611675, -0.132274, -0.779972, 0.02525, 0.0, 0.0, 0.0, 1.0],
                [0.779746, -0.267301, -0.566167, -0.109662, -0.133597, -0.954492, 0.266641, -0.002831, -0.611675, -0.132274, -0.779972, 0.02525, 0.0, 0.0, 0.0, 1.0],
                [0.779746, -0.267301, -0.566167, -0.109662, -0.133597, -0.954492, 0.266641, -0.002831, -0.611675, -0.132274, -0.779972, 0.02525, 0.0, 0.0, 0.0, 1.0],
                [0.779746, -0.267301, -0.566167, -0.109662, -0.133597, -0.954492, 0.266641, -0.002831, -0.611675, -0.132274, -0.779972, 0.02525, 0.0, 0.0, 0.0, 1.0],
                [0.779746, -0.267301, -0.566167, -0.109662, -0.133597, -0.954492, 0.266641, -0.002831, -0.611675, -0.132274, -0.779972, 0.02525, 0.0, 0.0, 0.0, 1.0],
                [0.779746, -0.267301, -0.566167, -0.109662, -0.133597, -0.954492, 0.266641, -0.002831, -0.611675, -0.132274, -0.779972, 0.02525, 0.0, 0.0, 0.0, 1.0],
                [0.779746, -0.267301, -0.566167, -0.109662, -0.133597, -0.954492, 0.266641, -0.002831, -0.611675, -0.132274, -0.779972, 0.02525, 0.0, 0.0, 0.0, 1.0],
                [0.779746, -0.267301, -0.566167, -0.109662, -0.133597, -0.954492, 0.266641, -0.002831, -0.611675, -0.132274, -0.779972, 0.02525, 0.0, 0.0, 0.0, 1.0],
                [0.779746, -0.258577, -0.570204, -0.109662, -0.133597, -0.958473, 0.251956, -0.002831, -0.611675, -0.120283, -0.781911, 0.02525, 0.0, 0.0, 0.0, 1.0]
            ]
        },
        {
            "name": "Leg_L",
            "time": [0.0, 0.1667, 0.3333, 0.4167, 0.4667, 0.5167, 0.6, 0.75, 0.95, 1.0833, 1.35],
            "transform": [
                [0.997933, 0.060521, 0.021628, 0.0, -0.064028, 0.965345, 0.252999, 0.37472, -0.005566, -0.25386, 0.967225, 0.0, 0.0, 0.0, 0.0, 1.0],
                [0.997933, 0.060156, 0.022623, -0.0, -0.064028, 0.961041, 0.268887, 0.37472, -0.005566, -0.269779, 0.962906, -0.0, 0.0, 0.0, 0.0, 1.0],
                [0.997933, 0.060156, 0.022623, -0.0, -0.064028, 0.961041, 0.268887, 0.37472, -0.005566, -0.269779, 0.962906, -0.0, 0.0, 0.0, 0.0, 1.0],
                [0.997933, 0.060156, 0.022623, -0.0, -0.064028, 0.961041, 0.268887, 0.37472, -0.005566, -0.269779, 0.962906, -0.0, 0.0, 0.0, 0.0, 1.0],
                [0.997933, 0.060156, 0.022623, -0.0, -0.064028, 0.961041, 0.268887, 0.37472, -0.005566, -0.269779, 0.962906, -0.0, 0.0, 0.0, 0.0, 1.0],
                [0.997933, 0.060156, 0.022623, -0.0, -0.064028, 0.961041, 0.268887, 0.37472, -0.005566, -0.269779, 0.962906, -0.0, 0.0, 0.0, 0.0, 1.0],
                [0.997933, 0.060156, 0.022623, -0.0, -0.064028, 0.961041, 0.268887, 0.37472, -0.005566, -0.269779, 0.962906, -0.0, 0.0, 0.0, 0.0, 1.0],
                [0.997933, 0.060156, 0.022623, -0.0, -0.064028, 0.961041, 0.268887, 0.37472, -0.005566, -0.269779, 0.962906, -0.0, 0.0, 0.0, 0.0, 1.0],
                [0.997933, 0.060156, 0.022623, -0.0, -0.064028, 0.961041, 0.268887, 0.37472, -0.005566, -0.269779, 0.962906, -0.0, 0.0, 0.0, 0.0, 1.0],
                [0.997933, 0.060156, 0.022623, -0.0, -0.064028, 0.961041, 0.268887, 0.37472, -0.005566, -0.269779, 0.962906, -0.0, 0.0, 0.0, 0.0, 1.0],
                [0.997933, 0.060521, 0.021628, 0.0, -0.064028, 0.965345, 0.252999, 0.37472, -0.005566, -0.25386, 0.967225, 0.0, 0.0, 0.0, 0.0, 1.0]
            ]
        },
        {
            "name": "Knee_L",
            "time": [0.0, 0.1667, 0.3333, 0.4167, 0.4667, 0.5167, 0.6, 0.75, 0.95, 1.0833, 1.35],
            "transform": [
                [1.0, 0.0, -0.0, 0.0, -0.0, 1e-06, -1.0, 0.37472, -0.0, 1.0, 1e-06, 0.0, 0.0, 0.0, 0.0, 1.0],
                [1.0, 0.0, -0.0, -0.0, -0.0, 1e-06, -1.0, 0.37472, -0.0, 1.0, 1e-06, -0.0, 0.0, 0.0, 0.0, 1.0],
                [1.0, 0.0, -0.0, -0.0, -0.0, 1e-06, -1.0, 0.37472, -0.0, 1.0, 1e-06, -0.0, 0.0, 0.0, 0.0, 1.0],
                [1.0, 0.0, -0.0, -0.0, -0.0, 1e-06, -1.0, 0.37472, -0.0, 1.0, 1e-06, -0.0, 0.0, 0.0, 0.0, 1.0],
                [1.0, 0.0, -0.0, -0.0, -0.0, 1e-06, -1.0, 0.37472, -0.0, 1.0, 1e-06, -0.0, 0.0, 0.0, 0.0, 1.0],
                [1.0, 0.0, -0.0, -0.0, -0.0, 1e-06, -1.0, 0.37472, -0.0, 1.0, 1e-06, -0.0, 0.0, 0.0, 0.0, 1.0],
                [1.0, 0.0, -0.0, -0.0, -0.0, 1e-06, -1.0, 0.37472, -0.0, 1.0, 1e-06, -0.0, 0.0, 0.0, 0.0, 1.0],
                [1.0, 0.0, -0.0, -0.0, -0.0, 1e-06, -1.0, 0.37472, -0.0, 1.0, 1e-06, -0.0, 0.0, 0.0, 0.0, 1.0],
                [1.0, 0.0, -0.0, -0.0, -0.0, 1e-06, -1.0, 0.37472, -0.0, 1.0, 1e-06, -0.0, 0.0, 0.0, 0.0, 1.0],
                [1.0, 0.0, -0.0, -0.0, -0.0, 1e-06, -1.0, 0.37472, -0.0, 1.0, 1e-06, -0.0, 0.0, 0.0, 0.0, 1.0],
                [1.0, 0.0, -0.0, 0.0, -0.0, 1e-06, -1.0, 0.37472, -0.0, 1.0, 1e-06, 0.0, 0.0, 0.0, 0.0, 1.0]
            ]
        },
        {
            "name": "Torso",
            "time": [0.0, 0.1667, 0.3333, 0.4167, 0.4667, 0.5167, 0.6, 0.75, 0.95, 1.0833, 1.35],
            "transform": [
                [0.965662, -0.025127, 0.258583, -0.0, 0.020968, 0.999603, 0.018828, 0.05, -0.258953, -0.012759, 0.965806, 0.0, 0.0, 0.0, 0.0, 1.0],
                [0.965662, -0.025127, 0.258583, -0.0, 0.020968, 0.999603, 0.018828, 0.05, -0.258953, -0.012759, 0.965806, 0.0, 0.0, 0.0, 0.0, 1.0],
                [0.965662, -0.025127, 0.258583, -0.0, 0.020968, 0.999603, 0.018828, 0.05, -0.258953, -0.012759, 0.965806, 0.0, 0.0, 0.0, 0.0, 1.0],
                [0.965662, -0.025127, 0.258583, -0.0, 0.020968, 0.999603, 0.018828, 0.05, -0.258953, -0.012759, 0.965806, 0.0, 0.0, 0.0, 0.0, 1.0],
                [0.965662, -0.025127, 0.258583, -0.0, 0.020968, 0.999603, 0.018828, 0.05, -0.258953, -0.012759, 0.965806, 0.0, 0.0, 0.0, 0.0, 1.0],
                [0.965662, -0.025127, 0.258583, -0.0, 0.020968, 0.999603, 0.018828, 0.05, -0.258953, -0.012759, 0.965806, 0.0, 0.0, 0.0, 0.0, 1.0],
                [0.965662, -0.025127, 0.258583, -0.0, 0.020968, 0.999603, 0.018828, 0.05, -0.258953, -0.012759, 0.965806, 0.0, 0.0, 0.0, 0.0, 1.0],
                [0.965662, -0.025127, 0.258583, -0.0, 0.020968, 0.999603, 0.018828, 0.05, -0.258953, -0.012759, 0.965806, 0.0, 0.0, 0.0, 0.0, 1.0],
                [0.957281, -0.025127, 0.288065, -0.0, 0.020381, 0.999603, 0.019462, 0.05, -0.28844, -0.012759, 0.957413, 0.0, 0.0, 0.0, 0.0, 1.0],
                [0.913993, -0.025127, 0.404951, -0.0, 0.017801, 0.999603, 0.021847, 0.05, -0.405339, -0.012759, 0.914077, 0.0, 0.0, 0.0, 0.0, 1.0],
                [0.965662, -0.025127, 0.258583, -0.0, 0.020968, 0.999603, 0.018828, 0.05, -0.258953, -0.012759, 0.965806, 0.0, 0.0, 0.0, 0.0, 1.0]
            ]
        },
        {
            "name": "Chest",
            "time": [0.0, 0.1667, 0.3333, 0.4167, 0.4667, 0.5167, 0.6, 0.75, 0.95, 1.0833, 1.35],
            "transform": [
                [0.986768, -0.023894, -0.160365, -0.0, 0.026191, 0.999582, 0.012223, 0.3, 0.160006, -0.016261, 0.986982, -0.0, 0.0, 0.0, 0.0, 1.0],
                [0.913375, -0.104289, -0.393536, -0.0, 0.028932, 0.980817, -0.192771, 0.3, 0.406091, 0.164686, 0.898871, -0.0, 0.0, 0.0, 0.0, 1.0],
                [0.931387, -0.079582, -0.355225, -0.0, 0.027838, 0.988525, -0.14847, 0.3, 0.362965, 0.128394, 0.922915, -0.0, 0.0, 0.0, 0.0, 1.0],
                [0.998563, 0.053147, -0.006851, -0.0, -0.05088, 0.980462, 0.190014, 0.3, 0.016816, -0.189393, 0.981758, -0.0, 0.0, 0.0, 0.0, 1.0],
                [0.998544, 0.051041, -0.017425, -0.0, -0.047053, 0.982341, 0.181086, 0.3, 0.02636, -0.180003, 0.983313, -0.0, 0.0, 0.0, 0.0, 1.0],
                [0.991862, 0.023407, -0.125149, -0.0, -0.012684, 0.996231, 0.085807, 0.3, 0.126685, -0.083521, 0.988421, -0.0, 0.0, 0.0, 0.0, 1.0],
                [0.998563, 0.053147, -0.006851, -0.0, -0.05088, 0.980462, 0.190014, 0.3, 0.016816, -0.189393, 0.981758, -0.0, 0.0, 0.0, 0.0, 1.0],
                [0.998563, 0.053147, -0.006851, -0.0, -0.05088, 0.980462, 0.190014, 0.3, 0.016816, -0.189393, 0.981758, -0.0, 0.0, 0.0, 0.0, 1.0],
                [0.990061, 0.05982, 0.127286, -0.0, -0.073407, 0.991772, 0.104876, 0.3, -0.119965, -0.113177, 0.986306, -0.0, 0.0, 0.0, 0.0, 1.0],
                [0.768818, 0.18998, 0.610596, -0.0, -0.037499, 0.9666, -0.25353, 0.3, -0.638368, 0.172021, 0.750264, -0.0, 0.0, 0.0, 0.0, 1.0],
                [0.986768, -0.023894, -0.160365, -0.0, 0.026191, 0.999582, 0.012223, 0.3, 0.160006, -0.016261, 0.986982, -0.0, 0.0, 0.0, 0.0, 1.0]
            ]
        },
        {
            "name": "Head",
            "time": [0.0, 0.1667, 0.3333, 0.4167, 0.4667, 0.5167, 0.6, 0.75, 0.95, 1.0833, 1.35],
            "transform": [
                [0.907906, 0.03176, 0.417969, -0.0, -0.015014, 0.99895, -0.043293, 0.4, -0.418905, 0.033031, 0.907429, -0.0, 0.0, 0.0, 0.0, 1.0],
                [0.907906, -0.05969, 0.414903, 0.0, -0.015014, 0.984543, 0.174496, 0.4, -0.418905, -0.164655, 0.892976, 0.0, 0.0, 0.0, 0.0, 1.0],
                [0.907906, -0.05969, 0.414903, -0.0, -0.015014, 0.984543, 0.174496, 0.399999, -0.418905, -0.164655, 0.892976, -0.0, 0.0, 0.0, 0.0, 1.0],
                [0.907906, -0.05969, 0.414903, 0.0, -0.015014, 0.984543, 0.174496, 0.4, -0.418905, -0.164655, 0.892976, -0.0, 0.0, 0.0, 0.0, 1.0],
                [0.907906, -0.05969, 0.414903, 0.0, -0.015014, 0.984543, 0.174496, 0.4, -0.418905, -0.164655, 0.892976, -0.0, 0.0, 0.0, 0.0, 1.0],
                [0.907906, -0.05969, 0.414903, -0.0, -0.015014, 0.984543, 0.174496, 0.4, -0.418905, -0.164655, 0.892976, -0.0, 0.0, 0.0, 0.0, 1.0],
                [0.907906, -0.05969, 0.414903, 0.0, -0.015014, 0.984543, 0.174496, 0.4, -0.418905, -0.164655, 0.892976, -0.0, 0.0, 0.0, 0.0, 1.0],
                [0.907906, -0.05969, 0.414903, 0.0, -0.015014, 0.984543, 0.174496, 0.4, -0.418905, -0.164655, 0.892976, -0.0, 0.0, 0.0, 0.0, 1.0],
                [0.955123, -0.060685, 0.289926, 0.0, -0.002906, 0.976822, 0.214034, 0.4, -0.296194, -0.205271, 0.932809, -0.0, 0.0, 0.0, 0.0, 1.0],
                [0.968036, -0.008136, -0.25068, 0.0, 0.097347, 0.933308, 0.34563, 0.4, 0.231149, -0.358985, 0.904268, 0.0, 0.0, 0.0, 0.0, 1.0],
                [0.907906, 0.03176, 0.417969, -0.0, -0.015014, 0.99895, -0.043293, 0.4, -0.418905, 0.033031, 0.907429, -0.0, 0.0, 0.0, 0.0, 1.0]
            ]
        },
        {
            "name": "Shoulder_R",
            "time": [0.0, 0.1667, 0.3333, 0.4167, 0.4667, 0.5167, 0.6, 0.75, 0.95, 1.0833, 1.35],
            "transform": [
                [-0.059544, 0.923942, 0.37787, -0.0, -0.044266, -0.380613, 0.923674, 0.4, 0.997244, 0.038273, 0.063562, -0.0, 0.0, 0.0, 0.0, 1.0],
                [-0.059544, 0.923942, 0.37787, 0.0, -0.044266, -0.380613, 0.923674, 0.4, 0.997243, 0.038273, 0.063562, 0.0, 0.0, 0.0, 0.0, 1.0],
                [0.023776, 0.925553, 0.37787, -0.0, -0.078311, -0.375091, 0.923674, 0.399999, 0.996645, -0.051553, 0.063562, -0.0, 0.0, 0.0, 0.0, 1.0],
                [0.621654, 0.686119, 0.37787, 0.0, -0.303992, -0.233269, 0.923674, 0.4, 0.721896, -0.689076, 0.063562, -0.0, 0.0, 0.0, 0.0, 1.0],
                [0.607991, 0.698255, 0.37787, 0.0, -0.299329, -0.239224, 0.923674, 0.4, 0.735356, -0.674693, 0.063562, -0.0, 0.0, 0.0, 0.0, 1.0],
                [0.452299, 0.807861, 0.37787, -0.0, -0.244064, -0.295396, 0.923674, 0.4, 0.857822, -0.510002, 0.063562, -0.0, 0.0, 0.0, 0.0, 1.0],
                [0.621654, 0.686119, 0.37787, 0.0, -0.303992, -0.233269, 0.923674, 0.4, 0.721896, -0.689076, 0.063562, -0.0, 0.0, 0.0, 0.0, 1.0],
                [0.621654, 0.686119, 0.37787, 0.0, -0.303992, -0.233269, 0.923674, 0.4, 0.721896, -0.689076, 0.063562, -0.0, 0.0, 0.0, 0.0, 1.0],
                [0.558533, 0.738414, 0.37787, 0.0, -0.282169, -0.259242, 0.923674, 0.4, 0.780014, -0.622525, 0.063562, -0.0, 0.0, 0.0, 0.0, 1.0],
                [0.260825, 0.888361, 0.37787, 0.0, -0.172071, -0.34237, 0.923674, 0.4, 0.949927, -0.305937, 0.063562, 0.0, 0.0, 0.0, 0.0, 1.0],
                [-0.059544, 0.923942, 0.37787, -0.0, -0.044266, -0.380613, 0.923674, 0.4, 0.997244, 0.038273, 0.063562, -0.0, 0.0, 0.0, 0.0, 1.0]
            ]
        },
        {
            "name": "Arm_R",
            "time": [0.0, 0.1667, 0.3333, 0.4167, 0.4667, 0.5167, 0.6, 0.75, 0.95, 1.0833, 1.35],
            "transform": [
                [0.37979, -0.51784, -0.766552, 0.0, 0.848036, 0.525955, 0.064856, 0.39386, 0.369587, -0.674695, 0.638899, -0.0, 0.0, 0.0, 0.0, 1.0],
                [-0.443619, -0.476674, -0.758936, 0.0, -0.324566, 0.87479, -0.359722, 0.39386, 0.83538, 0.086746, -0.542786, -0.0, 0.0, 0.0, 0.0, 1.0],
                [-0.439583, -0.553662, -0.707266, 0.0, -0.371877, 0.828951, -0.417789, 0.39386, 0.817603, 0.079363, -0.570287, -0.0, 0.0, 0.0, 0.0, 1.0],
                [-0.226058, -0.866021, -0.445989, 0.0, -0.470347, 0.497973, -0.728558, 0.39386, 0.853037, 0.045073, -0.519901, -0.0, 0.0, 0.0, 0.0, 1.0],
                [-0.23317, -0.859319, -0.455194, 0.0, -0.469724, 0.509394, -0.721025, 0.39386, 0.851464, 0.045694, -0.522418, -0.0, 0.0, 0.0, 0.0, 1.0],
                [-0.305813, -0.781425, -0.543925, -0.0, -0.457475, 0.621625, -0.635845, 0.393861, 0.834982, 0.054382, -0.547583, 0.0, 0.0, 0.0, 0.0, 1.0],
                [-0.190042, -0.866021, -0.462485, 0.0, -0.411194, 0.497973, -0.763507, 0.39386, 0.891517, 0.045073, -0.450738, -0.0, 0.0, 0.0, 0.0, 1.0],
                [-0.226058, -0.866021, -0.445989, 0.0, -0.470347, 0.497973, -0.728558, 0.39386, 0.853037, 0.045073, -0.519901, -0.0, 0.0, 0.0, 0.0, 1.0],
                [-0.004161, -0.856543, -0.516059, -0.0, -0.295136, 0.494127, -0.817761, 0.39386, 0.955446, 0.148905, -0.254853, -0.0, 0.0, 0.0, 0.0, 1.0],
                [0.799266, -0.594413, -0.088587, 0.0, 0.444214, 0.683608, -0.579098, 0.393861, 0.404782, 0.423502, 0.81043, -0.0, 0.0, 0.0, 0.0, 1.0],
                [0.37979, -0.51784, -0.766552, 0.0, 0.848036, 0.525955, 0.064856, 0.39386, 0.369587, -0.674695, 0.638899, -0.0, 0.0, 0.0, 0.0, 1.0]
            ]
        },
        {
            "name": "Hand_R",
            "time": [0.0, 0.1667, 0.3333, 0.4167, 0.4667, 0.5167, 0.6, 0.75, 0.95, 1.0833, 1.35],
            "transform": [
                [0.999599, -0.000132, 0.028315, 0.0, 0.023395, -0.559493, -0.828505, 0.3, 0.015951, 0.828835, -0.559265, 0.0, 0.0, 0.0, 0.0, 1.0],
                [0.999599, -0.022616, 0.017037, -0.0, 0.023395, 0.320713, -0.946887, 0.3, 0.015951, 0.946906, 0.321113, -0.0, 0.0, 0.0, 0.0, 1.0],
                [0.999599, -0.022616, 0.017037, 0.0, 0.023395, 0.320713, -0.946887, 0.3, 0.015951, 0.946906, 0.321114, -0.0, 0.0, 0.0, 0.0, 1.0],
                [0.999599, -0.022616, 0.017037, 0.0, 0.023395, 0.320713, -0.946888, 0.3, 0.015951, 0.946906, 0.321114, 0.0, 0.0, 0.0, 0.0, 1.0],
                [0.999599, -0.022616, 0.017037, 0.0, 0.023395, 0.320713, -0.946887, 0.3, 0.015951, 0.946906, 0.321114, -0.0, 0.0, 0.0, 0.0, 1.0],
                [0.999599, -0.022616, 0.017037, 0.0, 0.023395, 0.320713, -0.946888, 0.3, 0.015951, 0.946906, 0.321113, -0.0, 0.0, 0.0, 0.0, 1.0],
                [0.999599, -0.018601, 0.021349, 0.0, 0.023395, 0.117822, -0.992759, 0.3, 0.015951, 0.99286, 0.11821, 0.0, 0.0, 0.0, 0.0, 1.0],
                [0.999599, -0.022616, 0.017037, 0.0, 0.023395, 0.320713, -0.946888, 0.3, 0.015951, 0.946906, 0.321114, 0.0, 0.0, 0.0, 0.0, 1.0],
                [0.999599, -0.024182, 0.014773, 0.0, 0.023414, 0.411159, -0.911263, 0.3, 0.015962, 0.911243, 0.41156, 0.0, 0.0, 0.0, 0.0, 1.0],
                [0.999599, -0.02618, 0.010787, 0.0, 0.023395, 0.549006, -0.835491, 0.3, 0.015951, 0.835408, 0.549398, -0.0, 0.0, 0.0, 0.0, 1.0],
                [0.999599, -0.000132, 0.028315, 0.0, 0.023395, -0.559493, -0.828505, 0.3, 0.015951, 0.828835, -0.559265, 0.0, 0.0, 0.0, 0.0, 1.0]
            ]
        },
        {
            "name": "Tool_R",
            "time": [0.0, 0.1667, 0.3333, 0.4167, 0.4667, 0.5167, 0.6, 0.75, 0.95, 1.0833, 1.35],
            "transform": [
                [0.999822, 0.009713, 0.016189, -0.017311, 0.006818, -0.985396, 0.17014, 0.36637, 0.017595, -0.169909, -0.984702, 0.051121, 0.0, 0.0, 0.0, 1.0],
                [0.999822, 0.009713, 0.016189, -0.017311, 0.006818, -0.985396, 0.17014, 0.36637, 0.017595, -0.169909, -0.984702, 0.051121, 0.0, 0.0, 0.0, 1.0],
                [0.999822, 0.009713, 0.016189, -0.017311, 0.006818, -0.985396, 0.17014, 0.36637, 0.017595, -0.169909, -0.984702, 0.051121, 0.0, 0.0, 0.0, 1.0],
                [0.999822, 0.009713, 0.016189, -0.017311, 0.006818, -0.985396, 0.17014, 0.36637, 0.017595, -0.169909, -0.984702, 0.051121, 0.0, 0.0, 0.0, 1.0],
                [0.999822, 0.009713, 0.016189, -0.017311, 0.006818, -0.985396, 0.17014, 0.36637, 0.017595, -0.169909, -0.984702, 0.051121, 0.0, 0.0, 0.0, 1.0],
                [0.999822, 0.009713, 0.016189, -0.017312, 0.006818, -0.985396, 0.17014, 0.36637, 0.017595, -0.169909, -0.984702, 0.051121, 0.0, 0.0, 0.0, 1.0],
                [0.999822, 0.009713, 0.016189, -0.017312, 0.006818, -0.985396, 0.17014, 0.36637, 0.017595, -0.169909, -0.984702, 0.051121, 0.0, 0.0, 0.0, 1.0],
                [0.999822, 0.009713, 0.016189, -0.017311, 0.006818, -0.985396, 0.17014, 0.36637, 0.017595, -0.169909, -0.984702, 0.051121, 0.0, 0.0, 0.0, 1.0],
                [0.999822, 0.009713, 0.016189, -0.017311, 0.006818, -0.985396, 0.17014, 0.36637, 0.017595, -0.169909, -0.984702, 0.051121, 0.0, 0.0, 0.0, 1.0],
                [0.999822, 0.009713, 0.016189, -0.017311, 0.006818, -0.985396, 0.17014, 0.36637, 0.017595, -0.169909, -0.984702, 0.051121, 0.0, 0.0, 0.0, 1.0],
                [0.999822, 0.009713, 0.016189, -0.017311, 0.006818, -0.985396, 0.17014, 0.36637, 0.017595, -0.169909, -0.984702, 0.051121, 0.0, 0.0, 0.0, 1.0]
            ]
        },
        {
            "name": "Elbow_R",
            "time": [0.0, 0.1667, 0.3333, 0.4167, 0.4667, 0.5167, 0.6, 0.75, 0.95, 1.0833, 1.35],
            "transform": [
                [-1.0, 0.0, 0.0, 0.0, 0.0, 0.914649, -0.404248, 0.332805, -0.0, -0.404248, -0.914649, -0.022554, 0.0, 0.0, 0.0, 1.0],
                [-1.0, 0.0, 0.0, -0.0, 0.0, 0.624932, -0.780679, 0.332805, -0.0, -0.780679, -0.624932, -0.022554, 0.0, 0.0, 0.0, 1.0],
                [-1.0, 0.0, 0.0, 0.0, 0.0, 0.624932, -0.780679, 0.332805, -0.0, -0.780679, -0.624932, -0.022554, 0.0, 0.0, 0.0, 1.0],
                [-1.0, 0.0, 0.0, 0.0, 0.0, 0.624932, -0.780679, 0.332805, -0.0, -0.78068, -0.624932, -0.022554, 0.0, 0.0, 0.0, 1.0],
                [-1.0, 0.0, 0.0, 0.0, 0.0, 0.624932, -0.780679, 0.332805, -0.0, -0.78068, -0.624932, -0.022554, 0.0, 0.0, 0.0, 1.0],
                [-1.0, 0.0, 0.0, -0.0, 0.0, 0.624932, -0.780679, 0.332805, -0.0, -0.78068, -0.624932, -0.022554, 0.0, 0.0, 0.0, 1.0],
                [-1.0, 0.0, 0.0, -0.0, 0.0, 0.624932, -0.780679, 0.332805, -0.0, -0.780679, -0.624932, -0.022554, 0.0, 0.0, 0.0, 1.0],
                [-1.0, 0.0, 0.0, 0.0, 0.0, 0.624932, -0.780679, 0.332805, -0.0, -0.78068, -0.624932, -0.022554, 0.0, 0.0, 0.0, 1.0],
                [-1.0, 0.0, 0.0, 0.001724, 0.0, 0.611868, -0.79096, 0.329242, -0.0, -0.79096, -0.611868, -0.019972, 0.0, 0.0, 0.0, 1.0],
                [-1.0, 0.0, 0.0, 0.008735, 0.0, 0.557031, -0.830492, 0.314756, -0.0, -0.830492, -0.557031, -0.00947, 0.0, 0.0, 0.0, 1.0],
                [-1.0, 0.0, 0.0, 0.0, 0.0, 0.914649, -0.404248, 0.332805, -0.0, -0.404248, -0.914649, -0.022554, 0.0, 0.0, 0.0, 1.0]
            ]
        },
        {
            "name": "Shoulder_L",
            "time": [0.0, 0.1667, 0.3333, 0.4167, 0.4667, 0.5167, 0.6, 0.75, 1.0833, 1.35],
            "transform": [
                [-0.007939, -0.952498, -0.304441, -0.0, -0.088921, -0.302572, 0.94897, 0.4, -0.996007, 0.034605, -0.082295, -0.0, 0.0, 0.0, 0.0, 1.0],
                [-0.007939, -0.952498, -0.304441, 0.0, -0.088921, -0.302572, 0.948969, 0.4, -0.996007, 0.034605, -0.082295, 0.0, 0.0, 0.0, 0.0, 1.0],
                [0.03522, -0.95188, -0.304441, -0.0, -0.075123, -0.30629, 0.948969, 0.399999, -0.996552, -0.010553, -0.082295, -0.0, 0.0, 0.0, 0.0, 1.0],
                [0.361257, -0.881367, -0.304441, 0.0, 0.035089, -0.31341, 0.948969, 0.4, -0.931805, -0.353505, -0.082295, -0.0, 0.0, 0.0, 0.0, 1.0],
                [0.352441, -0.88493, -0.304441, 0.0, 0.031958, -0.313744, 0.94897, 0.4, -0.935288, -0.344185, -0.082295, -0.0, 0.0, 0.0, 0.0, 1.0],
                [0.259786, -0.916421, -0.304441, -0.0, -0.000401, -0.315367, 0.948969, 0.4, -0.965666, -0.246407, -0.082295, -0.0, 0.0, 0.0, 0.0, 1.0],
                [0.361257, -0.881367, -0.304441, 0.0, 0.035089, -0.31341, 0.948969, 0.4, -0.931805, -0.353505, -0.082295, -0.0, 0.0, 0.0, 0.0, 1.0],
                [0.361257, -0.881367, -0.304441, 0.0, 0.035089, -0.31341, 0.948969, 0.4, -0.931805, -0.353505, -0.082295, -0.0, 0.0, 0.0, 0.0, 1.0],
                [0.262424, -0.915669, -0.304441, 0.0, 0.000507, -0.315367, 0.948969, 0.4, -0.964953, -0.249187, -0.082295, 0.0, 0.0, 0.0, 0.0, 1.0],
                [-0.007939, -0.952498, -0.304441, -0.0, -0.088921, -0.302572, 0.94897, 0.4, -0.996007, 0.034605, -0.082295, -0.0, 0.0, 0.0, 0.0, 1.0]
            ]
        },
        {
            "name": "Arm_L",
            "time": [0.0, 0.1667, 0.3333, 0.4167, 0.4667, 0.5167, 0.6, 0.75, 1.0833, 1.35],
            "transform": [
                [0.23308, -0.066353, 0.970191, -0.0, -0.85088, 0.469118, 0.2365, 0.39386, -0.470827, -0.880639, 0.052883, -0.0, 0.0, 0.0, 0.0, 1.0],
                [-0.297714, -0.239269, 0.924184, -0.0, -0.049991, 0.970661, 0.235198, 0.39386, -0.953345, 0.023821, -0.30094, -0.0, 0.0, 0.0, 0.0, 1.0],
                [-0.302728, -0.103285, 0.947464, 0.0, 0.0391, 0.991928, 0.120626, 0.39386, -0.952275, 0.073563, -0.296246, 0.0, 0.0, 0.0, 0.0, 1.0],
                [0.059276, 0.686147, 0.725044, 0.0, 0.255665, 0.69166, -0.675457, 0.39386, -0.964947, 0.225406, -0.134425, 0.0, 0.0, 0.0, 0.0, 1.0],
                [0.047315, 0.669668, 0.741152, 0.0, 0.254928, 0.709316, -0.657177, 0.39386, -0.965802, 0.220035, -0.137155, -0.0, 0.0, 0.0, 0.0, 1.0],
                [-0.076543, 0.468791, 0.879986, 0.0, 0.228707, 0.867298, -0.442138, 0.39386, -0.970481, 0.167416, -0.173601, 0.0, 0.0, 0.0, 0.0, 1.0],
                [0.059276, 0.726343, 0.684771, 0.0, 0.255665, 0.652051, -0.713768, 0.39386, -0.964947, 0.217381, -0.147049, 0.0, 0.0, 0.0, 0.0, 1.0],
                [0.059276, 0.686147, 0.725044, 0.0, 0.255665, 0.69166, -0.675457, 0.39386, -0.964947, 0.225406, -0.134425, 0.0, 0.0, 0.0, 0.0, 1.0],
                [0.639062, -0.307447, 0.705036, 0.0, -0.52424, 0.496636, 0.691754, 0.39386, -0.562824, -0.811682, 0.156206, -0.0, 0.0, 0.0, 0.0, 1.0],
                [0.23308, -0.066353, 0.970191, -0.0, -0.85088, 0.469118, 0.2365, 0.39386, -0.470827, -0.880639, 0.052883, -0.0, 0.0, 0.0, 0.0, 1.0]
            ]
        },
        {
            "name": "Hand_L",
            "time": [0.0, 0.1667, 0.3333, 0.4167, 0.4667, 0.5167, 0.6, 0.75, 0.95, 1.0833, 1.35],
            "transform": [
                [0.99991, 0.013113, 0.002967, 0.0, -0.012582, 0.990454, -0.137273, 0.3, -0.004739, 0.137223, 0.990529, 0.0, 0.0, 0.0, 0.0, 1.0],
                [0.99991, 0.006341, -0.011856, -0.0, -0.012582, 0.130526, -0.991365, 0.3, -0.004739, 0.991425, 0.130594, 0.0, 0.0, 0.0, 0.0, 1.0],
                [0.99991, 0.006341, -0.011856, -0.0, -0.012582, 0.130526, -0.991365, 0.3, -0.004739, 0.991425, 0.130594, -0.0, 0.0, 0.0, 0.0, 1.0],
                [0.99991, 0.006341, -0.011856, 0.0, -0.012582, 0.130526, -0.991365, 0.3, -0.004739, 0.991425, 0.130594, -0.0, 0.0, 0.0, 0.0, 1.0],
                [0.99991, 0.006341, -0.011855, 0.0, -0.012582, 0.130526, -0.991365, 0.3, -0.004739, 0.991425, 0.130594, 0.0, 0.0, 0.0, 0.0, 1.0],
                [0.99991, 0.006341, -0.011856, -0.0, -0.012582, 0.130526, -0.991365, 0.3, -0.004739, 0.991425, 0.130594, 0.0, 0.0, 0.0, 0.0, 1.0],
                [0.99991, 0.004228, -0.012763, 0.0, -0.012582, -0.040353, -0.999106, 0.3, -0.004739, 0.999177, -0.040296, -0.0, 0.0, 0.0, 0.0, 1.0],
                [0.99991, 0.006341, -0.011856, 0.0, -0.012582, 0.130526, -0.991365, 0.3, -0.004739, 0.991425, 0.130594, -0.0, 0.0, 0.0, 0.0, 1.0],
                [0.99991, 0.00873, -0.010225, 0.0, -0.012582, 0.339547, -0.940505, 0.3, -0.004739, 0.940549, 0.339626, 0.0, 0.0, 0.0, 0.0, 1.0],
                [0.99991, 0.012452, -0.00507, -0.0, -0.012582, 0.733725, -0.67933, 0.3, -0.004739, 0.679332, 0.733816, 0.0, 0.0, 0.0, 0.0, 1.0],
                [0.99991, 0.013113, 0.002967, 0.0, -0.012582, 0.990454, -0.137273, 0.3, -0.004739, 0.137223, 0.990529, 0.0, 0.0, 0.0, 0.0, 1.0]
            ]
        },
        {
            "name": "Tool_L",
            "time": [0.0, 0.1667, 0.3333, 0.4167, 0.4667, 0.5167, 0.6, 0.75, 0.95, 1.0833, 1.35],
            "transform": [
                [0.998658, 0.039723, -0.033233, -0.012677, 0.043929, -0.98956, 0.137266, 0.208813, -0.027417, -0.138471, -0.989393, 0.160811, 0.0, 0.0, 0.0, 1.0],
                [0.998658, 0.039723, -0.033233, -0.012677, 0.043929, -0.98956, 0.137266, 0.208813, -0.027417, -0.138471, -0.989393, 0.160811, 0.0, 0.0, 0.0, 1.0],
                [0.998658, 0.039723, -0.033233, -0.012677, 0.043929, -0.98956, 0.137266, 0.208813, -0.027417, -0.138471, -0.989393, 0.160811, 0.0, 0.0, 0.0, 1.0],
                [0.998658, 0.039723, -0.033233, -0.012677, 0.043929, -0.989559, 0.137266, 0.208813, -0.027417, -0.138471, -0.989393, 0.160811, 0.0, 0.0, 0.0, 1.0],
                [0.998658, 0.039723, -0.033233, -0.012677, 0.043929, -0.98956, 0.137266, 0.208813, -0.027417, -0.138471, -0.989393, 0.160811, 0.0, 0.0, 0.0, 1.0],
                [0.998658, 0.039723, -0.033233, -0.012677, 0.043929, -0.98956, 0.137266, 0.208813, -0.027417, -0.138471, -0.989393, 0.160811, 0.0, 0.0, 0.0, 1.0],
                [0.998658, 0.039723, -0.033233, -0.012677, 0.043929, -0.98956, 0.137266, 0.208813, -0.027417, -0.138471, -0.989393, 0.160811, 0.0, 0.0, 0.0, 1.0],
                [0.998658, 0.039723, -0.033233, -0.012677, 0.043929, -0.989559, 0.137266, 0.208813, -0.027417, -0.138471, -0.989393, 0.160811, 0.0, 0.0, 0.0, 1.0],
                [0.998658, 0.039723, -0.033233, -0.012677, 0.043929, -0.98956, 0.137266, 0.208813, -0.027417, -0.138471, -0.989393, 0.160811, 0.0, 0.0, 0.0, 1.0],
                [0.998658, 0.039723, -0.033233, -0.012677, 0.043929, -0.98956, 0.137266, 0.208813, -0.027417, -0.138471, -0.989393, 0.160811, 0.0, 0.0, 0.0, 1.0],
                [0.998658, 0.039723, -0.033233, -0.012677, 0.043929, -0.98956, 0.137266, 0.208813, -0.027417, -0.138471, -0.989393, 0.160811, 0.0, 0.0, 0.0, 1.0]
            ]
        },
        {
            "name": "Elbow_L",
            "time": [0.0, 0.1667, 0.3333, 0.4167, 0.4667, 0.5167, 0.6, 0.75, 0.95, 1.0833, 1.35],
            "transform": [
                [-0.999641, -0.01093, -0.024478, -0.001644, 0.023045, 0.116082, -0.992972, 0.298484, 0.013695, -0.99318, -0.115789, -0.001028, 0.0, 0.0, 0.0, 1.0],
                [-0.999641, 0.003271, -0.026607, -0.001644, 0.023045, 0.611905, -0.790596, 0.298484, 0.013695, -0.790925, -0.61176, -0.001028, 0.0, 0.0, 0.0, 1.0],
                [-0.999643, 0.00657, -0.02591, -0.001644, 0.022973, 0.706699, -0.707141, 0.298484, 0.013665, -0.707483, -0.706598, -0.001028, 0.0, 0.0, 0.0, 1.0],
                [-0.999641, 0.01262, -0.023651, -0.001644, 0.023045, 0.855277, -0.517658, 0.298484, 0.013695, -0.518017, -0.855261, -0.001028, 0.0, 0.0, 0.0, 1.0],
                [-0.999641, 0.01248, -0.023721, -0.001644, 0.023042, 0.85222, -0.522677, 0.298484, 0.013692, -0.523035, -0.852201, -0.001028, 0.0, 0.0, 0.0, 1.0],
                [-0.999642, 0.01102, -0.024391, -0.001644, 0.023013, 0.819204, -0.573041, 0.298484, 0.013666, -0.573397, -0.819164, -0.001028, 0.0, 0.0, 0.0, 1.0],
                [-0.999641, 0.01262, -0.023651, -0.001644, 0.023045, 0.855277, -0.517658, 0.298484, 0.013695, -0.518017, -0.855261, -0.001028, 0.0, 0.0, 0.0, 1.0],
                [-0.999641, 0.01262, -0.023651, -0.001644, 0.023045, 0.855277, -0.517658, 0.298484, 0.013695, -0.518017, -0.855261, -0.001028, 0.0, 0.0, 0.0, 1.0],
                [-0.999641, 0.01262, -0.023651, -0.001644, 0.023045, 0.855277, -0.517658, 0.298484, 0.013695, -0.518017, -0.855261, -0.001028, 0.0, 0.0, 0.0, 1.0],
                [-0.999641, 0.01262, -0.023651, -0.001644, 0.023045, 0.855277, -0.517658, 0.298484, 0.013695, -0.518017, -0.855261, -0.001028, 0.0, 0.0, 0.0, 1.0],
                [-0.999641, -0.01093, -0.024478, -0.001644, 0.023045, 0.116082, -0.992972, 0.298484, 0.013695, -0.99318, -0.115789, -0.001028, 0.0, 0.0, 0.0, 1.0]
            ]
        }
    ]
}