{
    "animation": [
        {
            "name": "Root",
            "time": [0.0, 0.2833, 0.6333, 1.1833, 1.8, 1.9667, 2.2],
            "transform": [
                [0.854689, 0.0, -0.51914, -5e-06, -0.51914, 0.0, -0.854689, 0.000946, 0.0, 1.0, 0.0, 0.777146, 0.0, 0.0, 0.0, 1.0],
                [0.479744, -0.0, -0.877409, -5e-06, -0.876267, 0.050989, -0.47912, 0.170023, 0.044738, 0.998699, 0.024462, 0.694871, 0.0, 0.0, 0.0, 1.0],
                [0.479744, -0.0, -0.877409, -5e-06, -0.876267, 0.050989, -0.47912, 0.170023, 0.044738, 0.998699, 0.024462, 0.677021, 0.0, 0.0, 0.0, 1.0],
                [0.478118, -0.001763, -0.878294, -5e-06, -0.871222, 0.125706, -0.474521, 0.137821, 0.111243, 0.992066, 0.058567, 0.677021, 0.0, 0.0, 0.0, 1.0],
                [0.479744, -0.0, -0.877409, -5e-06, -0.876267, 0.050989, -0.47912, 0.170023, 0.044738, 0.998699, 0.024462, 0.677021, 0.0, 0.0, 0.0, 1.0],
                [0.628921, 0.036927, -0.776592, 0.001501, -0.776321, -0.024445, -0.629864, 0.107277, -0.042243, 0.999019, 0.013293, 0.754318, 0.0, 0.0, 0.0, 1.0],
                [0.854689, 0.0, -0.51914, -5e-06, -0.51914, 0.0, -0.854689, 0.000946, 0.0, 1.0, 0.0, 0.777146, 0.0, 0.0, 0.0, 1.0]
            ]
        },
        {
            "name": "Thigh_R",
            "time": [0.0, 0.2833, 0.6333, 1.1833, 1.8, 1.9667, 2.2],
            "transform": [
                [0.987912, 0.153416, 0.022211, 0.124994, 0.152036, -0.986881, 0.054282, -0.002831, 0.030247, -0.050248, -0.998279, -1.2e-05, 0.0, 0.0, 0.0, 1.0],
                [0.937302, 0.347448, 0.027263, 0.124994, 0.318572, -0.885867, 0.337266, -0.002831, 0.141334, -0.307434, -0.941015, -1.2e-05, 0.0, 0.0, 0.0, 1.0],
                [0.908525, 0.416992, -0.026435, 0.124994, 0.405139, -0.863687, 0.29984, -0.002831, 0.102199, -0.283121, -0.953624, -1.2e-05, 0.0, 0.0, 0.0, 1.0],
                [0.952823, 0.293022, -0.07915, 0.124994, 0.296107, -0.840082, 0.45451, -0.002831, 0.066689, -0.456504, -0.887218, -1.2e-05, 0.0, 0.0, 0.0, 1.0],
                [0.908525, 0.416992, -0.026435, 0.124994, 0.405139, -0.863687, 0.29984, -0.002831, 0.102199, -0.283121, -0.953624, -1.2e-05, 0.0, 0.0, 0.0, 1.0],
                [0.975757, 0.216654, 0.030958, 0.124994, 0.205929, -0.956785, 0.20531, -0.002831, 0.074101, -0.193957, -0.978208, -1.2e-05, 0.0, 0.0, 0.0, 1.0],
                [0.987912, 0.153416, 0.022211, 0.124994, 0.152036, -0.986881, 0.054282, -0.002831, 0.030247, -0.050248, -0.998279, -1.2e-05, 0.0, 0.0, 0.0, 1.0]
            ]
        },
        {
            "name": "Leg_R",
            "time": [0.0, 0.2833, 0.6333, 1.1833, 1.8, 2.2],
            "transform": [
                [0.998294, -0.058382, 2e-06, -0.0, 0.058095, 0.993385, 0.099059, 0.37472, -0.005785, -0.09889, 0.995081, -0.0, 0.0, 0.0, 0.0, 1.0],
                [0.998294, -0.054913, -0.019825, -0.0, 0.058095, 0.900709, 0.430522, 0.37472, -0.005785, -0.43094, 0.902361, 0.0, 0.0, 0.0, 0.0, 1.0],
                [0.998294, -0.054913, -0.019825, 0.0, 0.058095, 0.900709, 0.430522, 0.37472, -0.005785, -0.43094, 0.902361, -0.0, 0.0, 0.0, 0.0, 1.0],
                [0.998294, -0.051053, -0.028321, 0.0, 0.058094, 0.820604, 0.568537, 0.37472, -0.005785, -0.569214, 0.822169, -0.0, 0.0, 0.0, 0.0, 1.0],
                [0.998294, -0.054913, -0.019825, 0.0, 0.058095, 0.900709, 0.430522, 0.37472, -0.005785, -0.43094, 0.902361, -0.0, 0.0, 0.0, 0.0, 1.0],
                [0.998294, -0.058382, 2e-06, -0.0, 0.058095, 0.993385, 0.099059, 0.37472, -0.005785, -0.09889, 0.995081, -0.0, 0.0, 0.0, 0.0, 1.0]
            ]
        },
        {
            "name": "Knee_R",
            "time": [0.0, 0.2833, 0.6333, 1.8, 2.2],
            "transform": [
                [1.0, 0.0, -0.0, -0.0, -0.0, 1e-06, -1.0, 0.37472, -0.0, 1.0, 1e-06, -0.0, 0.0, 0.0, 0.0, 1.0],
                [1.0, 0.0, -0.0, -0.0, -0.0, 1e-06, -1.0, 0.37472, -0.0, 1.0, 1e-06, 0.0, 0.0, 0.0, 0.0, 1.0],
                [1.0, 0.0, -0.0, 0.0, -0.0, 1e-06, -1.0, 0.37472, -0.0, 1.0, 1e-06, -0.0, 0.0, 0.0, 0.0, 1.0],
                [1.0, 0.0, -0.0, 0.0, -0.0, 1e-06, -1.0, 0.37472, -0.0, 1.0, 1e-06, -0.0, 0.0, 0.0, 0.0, 1.0],
                [1.0, 0.0, -0.0, -0.0, -0.0, 1e-06, -1.0, 0.37472, -0.0, 1.0, 1e-06, -0.0, 0.0, 0.0, 0.0, 1.0]
            ]
        },
        {
            "name": "Thigh_L",
            "time": [0.0, 0.1333, 0.2833, 0.6333, 1.1833, 1.8, 1.9667, 2.2],
            "transform": [
                [0.779746, -0.258577, -0.570204, -0.109662, -0.133597, -0.958473, 0.251956, -0.002831, -0.611675, -0.120283, -0.781911, 0.02525, 0.0, 0.0, 0.0, 1.0],
                [0.679551, -0.46681, -0.565949, -0.109662, -0.139392, -0.839544, 0.525105, -0.002831, -0.720263, -0.277947, -0.635583, 0.02525, 0.0, 0.0, 0.0, 1.0],
                [0.523304, -0.577683, -0.626446, -0.109662, -0.10464, -0.773139, 0.625545, -0.002831, -0.845696, -0.261799, -0.465036, 0.02525, 0.0, 0.0, 0.0, 1.0],
                [0.523304, -0.635062, -0.568197, -0.109662, -0.10464, -0.709628, 0.696763, -0.002831, -0.845696, -0.305162, -0.437805, 0.02525, 0.0, 0.0, 0.0, 1.0],
                [0.523304, -0.648341, -0.552998, -0.109662, -0.10464, -0.692927, 0.713373, -0.002831, -0.845696, -0.315445, -0.430455, 0.02525, 0.0, 0.0, 0.0, 1.0],
                [0.523304, -0.613193, -0.591732, -0.109662, -0.10464, -0.735388, 0.669518, -0.002831, -0.845696, -0.288443, -0.448997, 0.02525, 0.0, 0.0, 0.0, 1.0],
                [0.679551, -0.519081, -0.518426, -0.109662, -0.139392, -0.785145, 0.603421, -0.002831, -0.720263, -0.337791, -0.605902, 0.02525, 0.0, 0.0, 0.0, 1.0],
                [0.779746, -0.258577, -0.570204, -0.109662, -0.133597, -0.958473, 0.251956, -0.002831, -0.611675, -0.120283, -0.781911, 0.02525, 0.0, 0.0, 0.0, 1.0]
            ]
        },
        {
            "name": "Leg_L",
            "time": [0.0, 0.1333, 0.2833, 0.6333, 1.1833, 1.8, 1.9667, 2.2],
            "transform": [
                [0.997933, 0.060521, 0.021628, 0.0, -0.064028, 0.965345, 0.252999, 0.37472, -0.005566, -0.25386, 0.967225, 0.0, 0.0, 0.0, 0.0, 1.0],
                [0.997933, 0.037814, 0.051967, 0.0, -0.064028, 0.654983, 0.752926, 0.37472, -0.005567, -0.754696, 0.656051, -0.0, 0.0, 0.0, 0.0, 1.0],
                [0.997933, 0.054636, 0.033845, -0.0, -0.064028, 0.890771, 0.449918, 0.37472, -0.005566, -0.451155, 0.892429, -0.0, 0.0, 0.0, 0.0, 1.0],
                [0.997933, 0.047181, 0.04364, -0.0, -0.064028, 0.788656, 0.611492, 0.37472, -0.005567, -0.613022, 0.790047, -0.0, 0.0, 0.0, 0.0, 1.0],
                [0.997933, 0.051192, 0.038858, 0.0, -0.064028, 0.844255, 0.532103, 0.37472, -0.005567, -0.533491, 0.845788, -0.0, 0.0, 0.0, 0.0, 1.0],
                [0.997933, 0.047181, 0.04364, 0.0, -0.064028, 0.788656, 0.611492, 0.37472, -0.005567, -0.613022, 0.790047, -0.0, 0.0, 0.0, 0.0, 1.0],
                [0.997933, 0.019624, 0.0612, 0.0, -0.064028, 0.386042, 0.920257, 0.37472, -0.005567, -0.922272, 0.3865, 0.0, 0.0, 0.0, 0.0, 1.0],
                [0.997933, 0.060521, 0.021628, 0.0, -0.064028, 0.965345, 0.252999, 0.37472, -0.005566, -0.25386, 0.967225, 0.0, 0.0, 0.0, 0.0, 1.0]
            ]
        },
        {
            "name": "Knee_L",
            "time": [0.0, 0.2833, 0.6333, 1.8, 2.2],
            "transform": [
                [1.0, 0.0, -0.0, 0.0, -0.0, 1e-06, -1.0, 0.37472, -0.0, 1.0, 1e-06, 0.0, 0.0, 0.0, 0.0, 1.0],
                [1.0, 0.0, -0.0, -0.0, -0.0, 1e-06, -1.0, 0.37472, -0.0, 1.0, 1e-06, -0.0, 0.0, 0.0, 0.0, 1.0],
                [1.0, 0.0, -0.0, -0.0, -0.0, 1e-06, -1.0, 0.37472, -0.0, 1.0, 1e-06, -0.0, 0.0, 0.0, 0.0, 1.0],
                [1.0, 0.0, -0.0, 0.0, -0.0, 1e-06, -1.0, 0.37472, -0.0, 1.0, 1e-06, -0.0, 0.0, 0.0, 0.0, 1.0],
                [1.0, 0.0, -0.0, 0.0, -0.0, 1e-06, -1.0, 0.37472, -0.0, 1.0, 1e-06, 0.0, 0.0, 0.0, 0.0, 1.0]
            ]
        },
        {
            "name": "Torso",
            "time": [0.0, 0.2833, 0.6333, 1.1833, 1.8, 2.2],
            "transform": [
                [0.965662, -0.025127, 0.258583, -0.0, 0.020968, 0.999603, 0.018828, 0.05, -0.258953, -0.012759, 0.965806, 0.0, 0.0, 0.0, 0.0, 1.0],
                [0.965662, -0.025127, 0.258583, 0.0, 0.020968, 0.999603, 0.018828, 0.05, -0.258953, -0.012759, 0.965806, 0.0, 0.0, 0.0, 0.0, 1.0],
                [0.969383, 0.060251, 0.238048, 0.0, -0.053086, 0.997926, -0.036405, 0.05, -0.239748, 0.022653, 0.970571, 0.0, 0.0, 0.0, 0.0, 1.0],
                [0.965142, 0.11391, 0.235637, -0.0, -0.098578, 0.992231, -0.075896, 0.05, -0.242451, 0.050022, 0.968873, 0.0, 0.0, 0.0, 0.0, 1.0],
                [0.969383, 0.060251, 0.238048, 0.0, -0.053086, 0.997926, -0.036405, 0.05, -0.239748, 0.022653, 0.970571, 0.0, 0.0, 0.0, 0.0, 1.0],
                [0.965662, -0.025127, 0.258583, -0.0, 0.020968, 0.999603, 0.018828, 0.05, -0.258953, -0.012759, 0.965806, 0.0, 0.0, 0.0, 0.0, 1.0]
            ]
        },
        {
            "name": "Chest",
            "time": [0.0, 0.1333, 0.2833, 0.6333, 1.1833, 1.8, 1.9667, 2.2],
            "transform": [
                [0.986768, -0.023894, -0.160365, -0.0, 0.026191, 0.999582, 0.012223, 0.3, 0.160006, -0.016261, 0.986982, -0.0, 0.0, 0.0, 0.0, 1.0],
                [0.986768, 0.005012, -0.162058, 0.0, 0.026191, 0.981467, 0.18983, 0.3, 0.160006, -0.191563, 0.96835, 0.0, 0.0, 0.0, 0.0, 1.0],
                [0.986768, -0.023894, -0.160365, -0.0, 0.026191, 0.999582, 0.012223, 0.3, 0.160006, -0.016261, 0.986982, -0.0, 0.0, 0.0, 0.0, 1.0],
                [0.986832, -0.04939, -0.154024, 0.0, 0.05418, 0.998164, 0.027058, 0.3, 0.152405, -0.035047, 0.987697, 0.0, 0.0, 0.0, 0.0, 1.0],
                [0.979984, -0.10023, -0.172005, -0.0, 0.111316, 0.992204, 0.05604, 0.3, 0.165047, -0.074065, 0.983501, -0.0, 0.0, 0.0, 0.0, 1.0],
                [0.986832, -0.04939, -0.154024, 0.0, 0.05418, 0.998164, 0.027058, 0.3, 0.152405, -0.035047, 0.987697, 0.0, 0.0, 0.0, 0.0, 1.0],
                [0.986768, 0.005012, -0.162058, -0.0, 0.026191, 0.981467, 0.18983, 0.3, 0.160006, -0.191563, 0.96835, 0.0, 0.0, 0.0, 0.0, 1.0],
                [0.986768, -0.023894, -0.160365, -0.0, 0.026191, 0.999582, 0.012223, 0.3, 0.160006, -0.016261, 0.986982, -0.0, 0.0, 0.0, 0.0, 1.0]
            ]
        },
        {
            "name": "Head",
            "time": [0.0, 0.2833, 0.6333, 1.1833, 1.8, 2.2],
            "transform": [
                [0.907906, 0.03176, 0.417969, -0.0, -0.015014, 0.99895, -0.043293, 0.4, -0.418905, 0.033031, 0.907429, -0.0, 0.0, 0.0, 0.0, 1.0],
                [0.588951, 0.03176, 0.807545, 0.0, 0.007997, 0.99895, -0.04512, 0.4, -0.808129, 0.033031, 0.588078, -0.0, 0.0, 0.0, 0.0, 1.0],
                [0.588951, 0.03176, 0.807545, 0.0, 0.007997, 0.99895, -0.04512, 0.4, -0.808129, 0.033031, 0.588078, 0.0, 0.0, 0.0, 0.0, 1.0],
                [0.588951, 0.070647, 0.805075, -0.0, 0.007997, 0.995614, -0.093217, 0.4, -0.808129, 0.061338, 0.585802, 0.0, 0.0, 0.0, 0.0, 1.0],
                [0.588951, 0.03176, 0.807545, 0.0, 0.007997, 0.99895, -0.04512, 0.4, -0.808129, 0.033031, 0.588078, 0.0, 0.0, 0.0, 0.0, 1.0],
                [0.907906, 0.03176, 0.417969, -0.0, -0.015014, 0.99895, -0.043293, 0.4, -0.418905, 0.033031, 0.907429, -0.0, 0.0, 0.0, 0.0, 1.0]
            ]
        },
        {
            "name": "Shoulder_R",
            "time": [0.0, 0.2833, 0.6333, 1.8, 2.2],
            "transform": [
                [-0.059544, 0.923942, 0.37787, -0.0, -0.044266, -0.380613, 0.923674, 0.4, 0.997244, 0.038273, 0.063562, -0.0, 0.0, 0.0, 0.0, 1.0],
                [-0.059544, 0.923942, 0.37787, 0.0, -0.044266, -0.380613, 0.923674, 0.4, 0.997244, 0.038273, 0.063562, -0.0, 0.0, 0.0, 0.0, 1.0],
                [-0.059544, 0.923942, 0.37787, 0.0, -0.044266, -0.380613, 0.923674, 0.4, 0.997243, 0.038273, 0.063562, 0.0, 0.0, 0.0, 0.0, 1.0],
                [-0.059544, 0.923942, 0.37787, 0.0, -0.044266, -0.380613, 0.923674, 0.4, 0.997243, 0.038273, 0.063562, 0.0, 0.0, 0.0, 0.0, 1.0],
                [-0.059544, 0.923942, 0.37787, -0.0, -0.044266, -0.380613, 0.923674, 0.4, 0.997244, 0.038273, 0.063562, -0.0, 0.0, 0.0, 0.0, 1.0]
            ]
        },
        {
            "name": "Arm_R",
            "time": [0.0, 0.1333, 0.2833, 0.6333, 1.1833, 1.8, 1.9667, 2.2],
            "transform": [
                [0.37979, -0.51784, -0.766552, 0.0, 0.848036, 0.525955, 0.064856, 0.39386, 0.369587, -0.674695, 0.638899, -0.0, 0.0, 0.0, 0.0, 1.0],
                [0.314553, -0.474137, -0.822345, -0.0, 0.408199, 0.849691, -0.333764, 0.393861, 0.856989, -0.230694, 0.460815, -0.0, 0.0, 0.0, 0.0, 1.0],
                [-0.286908, -0.439708, -0.851082, -0.0, -0.191743, 0.896814, -0.398697, 0.39386, 0.938573, 0.0488, -0.341614, 0.0, 0.0, 0.0, 0.0, 1.0],
                [-0.286908, -0.337381, -0.896581, -0.0, -0.191743, 0.937215, -0.291313, 0.393861, 0.938573, 0.088334, -0.333585, -0.0, 0.0, 0.0, 0.0, 1.0],
                [-0.337085, -0.298405, -0.892932, -0.0, -0.291512, 0.934912, -0.202388, 0.39386, 0.895206, 0.192078, -0.402134, 0.0, 0.0, 0.0, 0.0, 1.0],
                [-0.286908, -0.337381, -0.896581, -0.0, -0.191743, 0.937215, -0.291313, 0.393861, 0.938573, 0.088334, -0.333585, -0.0, 0.0, 0.0, 0.0, 1.0],
                [0.314553, -0.474137, -0.822344, 0.0, 0.408199, 0.849691, -0.333764, 0.39386, 0.856988, -0.230694, 0.460815, 0.0, 0.0, 0.0, 0.0, 1.0],
                [0.37979, -0.51784, -0.766552, 0.0, 0.848036, 0.525955, 0.064856, 0.39386, 0.369587, -0.674695, 0.638899, -0.0, 0.0, 0.0, 0.0, 1.0]
            ]
        },
        {
            "name": "Hand_R",
            "time": [0.0, 0.2833, 0.6333, 1.8, 2.2],
            "transform": [
                [0.999599, -0.000132, 0.028315, 0.0, 0.023395, -0.559493, -0.828505, 0.3, 0.015951, 0.828835, -0.559265, 0.0, 0.0, 0.0, 0.0, 1.0],
                [0.999599, -0.016727, 0.022847, 0.0, 0.023395, 0.033345, -0.99917, 0.3, 0.015951, 0.999304, 0.033723, 0.0, 0.0, 0.0, 0.0, 1.0],
                [0.999599, -0.016727, 0.022847, 0.0, 0.023395, 0.033345, -0.99917, 0.3, 0.015951, 0.999304, 0.033723, 0.0, 0.0, 0.0, 0.0, 1.0],
                [0.999599, -0.016727, 0.022847, 0.0, 0.023395, 0.033345, -0.99917, 0.3, 0.015951, 0.999304, 0.033723, 0.0, 0.0, 0.0, 0.0, 1.0],
                [0.999599, -0.000132, 0.028315, 0.0, 0.023395, -0.559493, -0.828505, 0.3, 0.015951, 0.828835, -0.559265, 0.0, 0.0, 0.0, 0.0, 1.0]
            ]
        },
        {
            "name": "Tool_R",
            "time": [0.0, 0.2833, 0.6333, 1.8, 2.2],
            "transform": [
                [0.999822, 0.009713, 0.016189, -0.017311, 0.006818, -0.985396, 0.17014, 0.36637, 0.017595, -0.169909, -0.984702, 0.051121, 0.0, 0.0, 0.0, 1.0],
                [0.999822, 0.009713, 0.016189, -0.017312, 0.006818, -0.985396, 0.17014, 0.36637, 0.017595, -0.169909, -0.984702, 0.051121, 0.0, 0.0, 0.0, 1.0],
                [0.999822, 0.009713, 0.016189, -0.017311, 0.006818, -0.985396, 0.17014, 0.36637, 0.017595, -0.169909, -0.984702, 0.051121, 0.0, 0.0, 0.0, 1.0],
                [0.999822, 0.009713, 0.016189, -0.017311, 0.006818, -0.985396, 0.17014, 0.36637, 0.017595, -0.169909, -0.984702, 0.051121, 0.0, 0.0, 0.0, 1.0],
                [0.999822, 0.009713, 0.016189, -0.017311, 0.006818, -0.985396, 0.17014, 0.36637, 0.017595, -0.169909, -0.984702, 0.051121, 0.0, 0.0, 0.0, 1.0]
            ]
        },
        {
            "name": "Elbow_R",
            "time": [0.0, 0.2833, 0.6333, 1.8, 2.2],
            "transform": [
                [-1.0, 0.0, 0.0, 0.0, 0.0, 0.914649, -0.404248, 0.332805, -0.0, -0.404248, -0.914649, -0.022554, 0.0, 0.0, 0.0, 1.0],
                [-1.0, 0.0, 0.0, 0.0, 0.0, 0.914649, -0.404248, 0.332805, -0.0, -0.404248, -0.914649, -0.022554, 0.0, 0.0, 0.0, 1.0],
                [-1.0, 0.0, 0.0, 0.0, 0.0, 0.91465, -0.404248, 0.332805, -0.0, -0.404248, -0.914649, -0.022554, 0.0, 0.0, 0.0, 1.0],
                [-1.0, 0.0, 0.0, 0.0, 0.0, 0.91465, -0.404248, 0.332805, -0.0, -0.404248, -0.914649, -0.022554, 0.0, 0.0, 0.0, 1.0],
                [-1.0, 0.0, 0.0, 0.0, 0.0, 0.914649, -0.404248, 0.332805, -0.0, -0.404248, -0.914649, -0.022554, 0.0, 0.0, 0.0, 1.0]
            ]
        },
        {
            "name": "Shoulder_L",
            "time": [0.0, 0.2833, 0.6333, 1.8, 2.2],
            "transform": [
                [-0.007939, -0.952498, -0.304441, -0.0, -0.088921, -0.302572, 0.94897, 0.4, -0.996007, 0.034605, -0.082295, -0.0, 0.0, 0.0, 0.0, 1.0],
                [-0.007939, -0.952498, -0.304441, 0.0, -0.088921, -0.302572, 0.94897, 0.4, -0.996007, 0.034605, -0.082295, -0.0, 0.0, 0.0, 0.0, 1.0],
                [-0.007939, -0.952498, -0.304441, 0.0, -0.088921, -0.302572, 0.948969, 0.4, -0.996007, 0.034605, -0.082295, 0.0, 0.0, 0.0, 0.0, 1.0],
                [-0.007939, -0.952498, -0.304441, 0.0, -0.088921, -0.302572, 0.948969, 0.4, -0.996007, 0.034605, -0.082295, 0.0, 0.0, 0.0, 0.0, 1.0],
                [-0.007939, -0.952498, -0.304441, -0.0, -0.088921, -0.302572, 0.94897, 0.4, -0.996007, 0.034605, -0.082295, -0.0, 0.0, 0.0, 0.0, 1.0]
            ]
        },
        {
            "name": "Arm_L",
            "time": [0.0, 0.1333, 0.2833, 0.6333, 1.1833, 1.8, 1.9667, 2.2],
            "transform": [
                [0.23308, -0.066353, 0.970191, -0.0, -0.85088, 0.469118, 0.2365, 0.39386, -0.470827, -0.880639, 0.052883, -0.0, 0.0, 0.0, 0.0, 1.0],
                [-0.013797, -0.093828, 0.995493, -0.0, -0.53552, 0.841457, 0.071888, 0.39386, -0.84441, -0.532114, -0.061856, 0.0, 0.0, 0.0, 0.0, 1.0],
                [-0.181078, 0.413945, 0.89211, 0.0, -0.112431, 0.892445, -0.436921, 0.39386, -0.977021, -0.179418, -0.115062, -0.0, 0.0, 0.0, 0.0, 1.0],
                [-0.136144, 0.430818, 0.89211, -0.0, -0.017124, 0.899337, -0.436921, 0.39386, -0.990541, -0.074761, -0.115062, 0.0, 0.0, 0.0, 0.0, 1.0],
                [-0.073469, 0.445805, 0.89211, -0.0, 0.110994, 0.892625, -0.436921, 0.39386, -0.991102, 0.066919, -0.115062, -0.0, 0.0, 0.0, 0.0, 1.0],
                [-0.136144, 0.430818, 0.89211, -0.0, -0.017124, 0.899337, -0.436921, 0.39386, -0.990541, -0.074761, -0.115062, 0.0, 0.0, 0.0, 0.0, 1.0],
                [-0.013797, -0.093828, 0.995493, -0.0, -0.53552, 0.841457, 0.071888, 0.39386, -0.84441, -0.532114, -0.061856, -0.0, 0.0, 0.0, 0.0, 1.0],
                [0.23308, -0.066353, 0.970191, -0.0, -0.85088, 0.469118, 0.2365, 0.39386, -0.470827, -0.880639, 0.052883, -0.0, 0.0, 0.0, 0.0, 1.0]
            ]
        },
        {
            "name": "Hand_L",
            "time": [0.0, 0.2833, 0.6333, 1.8, 2.2],
            "transform": [
                [0.99991, 0.013113, 0.002967, 0.0, -0.012582, 0.990454, -0.137273, 0.3, -0.004739, 0.137223, 0.990529, 0.0, 0.0, 0.0, 0.0, 1.0],
                [0.99991, 0.010944, -0.007809, -0.0, -0.012582, 0.55696, -0.830444, 0.3, -0.004739, 0.830467, 0.557047, 0.0, 0.0, 0.0, 0.0, 1.0],
                [0.99991, 0.010944, -0.007809, 0.0, -0.012582, 0.55696, -0.830445, 0.3, -0.004739, 0.830467, 0.557047, 0.0, 0.0, 0.0, 0.0, 1.0],
                [0.99991, 0.010944, -0.007809, 0.0, -0.012582, 0.55696, -0.830445, 0.3, -0.004739, 0.830467, 0.557047, 0.0, 0.0, 0.0, 0.0, 1.0],
                [0.99991, 0.013113, 0.002967, 0.0, -0.012582, 0.990454, -0.137273, 0.3, -0.004739, 0.137223, 0.990529, 0.0, 0.0, 0.0, 0.0, 1.0]
            ]
        },
        {
            "name": "Tool_L",
            "time": [0.0, 0.2833, 0.6333, 1.8, 2.2],
            "transform": [
                [0.998658, 0.039723, -0.033233, -0.012677, 0.043929, -0.98956, 0.137266, 0.208813, -0.027417, -0.138471, -0.989393, 0.160811, 0.0, 0.0, 0.0, 1.0],
                [0.998658, 0.039723, -0.033233, -0.012677, 0.043929, -0.98956, 0.137266, 0.208813, -0.027417, -0.138471, -0.989393, 0.160811, 0.0, 0.0, 0.0, 1.0],
                [0.998658, 0.039723, -0.033233, -0.012677, 0.043929, -0.98956, 0.137266, 0.208813, -0.027417, -0.138471, -0.989393, 0.160811, 0.0, 0.0, 0.0, 1.0],
                [0.998658, 0.039723, -0.033233, -0.012677, 0.043929, -0.98956, 0.137266, 0.208813, -0.027417, -0.138471, -0.989393, 0.160811, 0.0, 0.0, 0.0, 1.0],
                [0.998658, 0.039723, -0.033233, -0.012677, 0.043929, -0.98956, 0.137266, 0.208813, -0.027417, -0.138471, -0.989393, 0.160811, 0.0, 0.0, 0.0, 1.0]
            ]
        },
        {
            "name": "Elbow_L",
            "time": [0.0, 0.2833, 0.6333, 1.8, 2.2],
            "transform": [
                [-0.999641, -0.01093, -0.024478, -0.001644, 0.023045, 0.116082, -0.992972, 0.298484, 0.013695, -0.99318, -0.115789, -0.001028, 0.0, 0.0, 0.0, 1.0],
                [-0.999641, -0.01093, -0.024478, -0.001644, 0.023045, 0.116082, -0.992972, 0.298484, 0.013695, -0.99318, -0.115789, -0.001028, 0.0, 0.0, 0.0, 1.0],
                [-0.999641, -0.01093, -0.024478, -0.001644, 0.023045, 0.116083, -0.992972, 0.298484, 0.013695, -0.99318, -0.115789, -0.001028, 0.0, 0.0, 0.0, 1.0],
                [-0.999641, -0.01093, -0.024478, -0.001644, 0.023045, 0.116083, -0.992972, 0.298484, 0.013695, -0.99318, -0.115789, -0.001028, 0.0, 0.0, 0.0, 1.0],
                [-0.999641, -0.01093, -0.024478, -0.001644, 0.023045, 0.116082, -0.992972, 0.298484, 0.013695, -0.99318, -0.115789, -0.001028, 0.0, 0.0, 0.0, 1.0]
            ]
        }
    ]
}