{
    "animation": [
        {
            "name": "Root",
            "time": [0.0, 0.15, 0.1833, 0.2167, 0.2667, 0.3167, 0.3667, 0.75, 1.15],
            "transform": [
                [0.478118, -0.001763, -0.878294, -5e-06, -0.871222, 0.125706, -0.474521, 0.137821, 0.111243, 0.992066, 0.058567, 0.677021, 0.0, 0.0, 0.0, 1.0],
                [0.84127, -0.173031, 0.512177, -5e-06, 0.538304, 0.180598, -0.823172, -0.251501, 0.049936, 0.968217, 0.245075, 0.545433, 0.0, 0.0, 0.0, 1.0],
                [0.85682, -0.159381, 0.490364, -5e-06, 0.513155, 0.170803, -0.841129, -0.63143, 0.050304, 0.972329, 0.228135, 0.708881, 0.0, 0.0, 0.0, 1.0],
                [0.88561, -0.132697, 0.44507, -5e-06, 0.461793, 0.149611, -0.874279, -1.151747, 0.049427, 0.9798, 0.193775, 0.610462, 0.0, 0.0, 0.0, 1.0],
                [0.913498, -0.104991, 0.393064, -5e-06, 0.40422, 0.124665, -0.906126, -1.713344, 0.046134, 0.986628, 0.15632, 0.647105, 0.0, 0.0, 0.0, 1.0],
                [0.907857, -0.1053, 0.405841, -5e-06, 0.416884, 0.123398, -0.900545, -1.845797, 0.044747, 0.986755, 0.155925, 0.692294, 0.0, 0.0, 0.0, 1.0],
                [0.895306, -0.1068, 0.432459, -5e-06, 0.443448, 0.121707, -0.887999, -1.910253, 0.042205, 0.986804, 0.156325, 0.656275, 0.0, 0.0, 0.0, 1.0],
                [0.785021, -0.117338, 0.608255, -5e-06, 0.618988, 0.109905, -0.777673, -2.057989, 0.0244, 0.986992, 0.158908, 0.53662, 0.0, 0.0, 0.0, 1.0],
                [0.854689, 0.0, -0.51914, -5e-06, -0.51914, 0.0, -0.854689, -2.758991, 0.0, 1.0, 0.0, 0.777146, 0.0, 0.0, 0.0, 1.0]
            ]
        },
        {
            "name": "Thigh_R",
            "time": [0.0, 0.15, 0.2667, 0.75, 0.9167, 1.15],
            "transform": [
                [0.952823, 0.293022, -0.07915, 0.124994, 0.296107, -0.840082, 0.45451, -0.002831, 0.066689, -0.456504, -0.887218, -1.2e-05, 0.0, 0.0, 0.0, 1.0],
                [0.978683, 0.173672, -0.109617, 0.124994, 0.184156, -0.505853, 0.842733, -0.002831, 0.090909, -0.844953, -0.527055, -1.2e-05, 0.0, 0.0, 0.0, 1.0],
                [0.990079, 0.138043, -0.026193, 0.124994, 0.101935, -0.577395, 0.810076, -0.002831, 0.096702, -0.804708, -0.58574, -1.2e-05, 0.0, 0.0, 0.0, 1.0],
                [0.983737, 0.152702, -0.094563, 0.124994, 0.13455, -0.277764, 0.95118, -0.002831, 0.118981, -0.948433, -0.293794, -1.2e-05, 0.0, 0.0, 0.0, 1.0],
                [0.97693, 0.175741, 0.121336, 0.124994, 0.000592, -0.570384, 0.821377, -0.002831, 0.213558, -0.802354, -0.557331, -1.2e-05, 0.0, 0.0, 0.0, 1.0],
                [0.987912, 0.153416, 0.022211, 0.124994, 0.152036, -0.986881, 0.054282, -0.002831, 0.030247, -0.050248, -0.998279, -1.2e-05, 0.0, 0.0, 0.0, 1.0]
            ]
        },
        {
            "name": "Leg_R",
            "time": [0.0, 0.15, 0.2667, 0.75, 0.9167, 1.15],
            "transform": [
                [0.998294, -0.051053, -0.028321, 0.0, 0.058094, 0.820604, 0.568537, 0.37472, -0.005785, -0.569214, 0.822169, -0.0, 0.0, 0.0, 0.0, 1.0],
                [0.998294, -0.013266, -0.056855, 0.0, 0.058094, 0.129216, 0.989912, 0.37472, -0.005785, -0.991528, 0.129766, -0.0, 0.0, 0.0, 0.0, 1.0],
                [0.998295, -0.038994, -0.04345, 0.0, 0.058094, 0.589738, 0.805502, 0.37472, -0.005785, -0.806653, 0.590997, 0.0, 0.0, 0.0, 0.0, 1.0],
                [0.998294, -0.03624, -0.045772, -0.0, 0.058094, 0.538941, 0.840337, 0.37472, -0.005785, -0.841564, 0.540127, 0.0, 0.0, 0.0, 0.0, 1.0],
                [0.998294, -0.033068, -0.048114, 0.0, 0.058094, 0.480999, 0.874794, 0.37472, -0.005785, -0.876098, 0.482099, 0.0, 0.0, 0.0, 0.0, 1.0],
                [0.998294, -0.058382, 2e-06, -0.0, 0.058095, 0.993385, 0.099059, 0.37472, -0.005785, -0.09889, 0.995081, -0.0, 0.0, 0.0, 0.0, 1.0]
            ]
        },
        {
            "name": "Knee_R",
            "time": [0.0, 0.2667, 0.75, 1.15],
            "transform": [
                [1.0, 0.0, -0.0, 0.0, -0.0, 1e-06, -1.0, 0.37472, 0.0, 1.0, 1e-06, -0.0, 0.0, 0.0, 0.0, 1.0],
                [1.0, 0.0, -0.0, 0.0, -0.0, 1e-06, -1.0, 0.37472, -0.0, 1.0, 1e-06, 0.0, 0.0, 0.0, 0.0, 1.0],
                [1.0, 0.0, -0.0, -0.0, -0.0, 1e-06, -1.0, 0.37472, -0.0, 1.0, 1e-06, 0.0, 0.0, 0.0, 0.0, 1.0],
                [1.0, 0.0, -0.0, -0.0, -0.0, 1e-06, -1.0, 0.37472, -0.0, 1.0, 1e-06, -0.0, 0.0, 0.0, 0.0, 1.0]
            ]
        },
        {
            "name": "Thigh_L",
            "time": [0.0, 0.15, 0.2667, 0.75, 0.9167, 1.15],
            "transform": [
                [0.523304, -0.648341, -0.552998, -0.109662, -0.10464, -0.692927, 0.713373, -0.002831, -0.845696, -0.315445, -0.430455, 0.02525, 0.0, 0.0, 0.0, 1.0],
                [0.497119, -0.791277, -0.356025, -0.109662, -0.345813, -0.557001, 0.755091, -0.002831, -0.795791, -0.252252, -0.550531, 0.02525, 0.0, 0.0, 0.0, 1.0],
                [0.609354, -0.535818, -0.584454, -0.109662, -0.389668, -0.844326, 0.367793, -0.002831, -0.69054, 0.003628, -0.723285, 0.02525, 0.0, 0.0, 0.0, 1.0],
                [0.587337, -0.612338, -0.529222, -0.109662, -0.678124, -0.729266, 0.091207, -0.002831, -0.441793, 0.305309, -0.843566, 0.02525, 0.0, 0.0, 0.0, 1.0],
                [0.778966, -0.417974, -0.467449, -0.109662, -0.363588, -0.908413, 0.206374, -0.002831, -0.510895, 0.009201, -0.859593, 0.02525, 0.0, 0.0, 0.0, 1.0],
                [0.779746, -0.258577, -0.570204, -0.109662, -0.133597, -0.958473, 0.251956, -0.002831, -0.611675, -0.120283, -0.781911, 0.02525, 0.0, 0.0, 0.0, 1.0]
            ]
        },
        {
            "name": "Leg_L",
            "time": [0.0, 0.2667, 0.75, 0.9167, 1.15],
            "transform": [
                [0.997933, 0.051192, 0.038858, 0.0, -0.064028, 0.844255, 0.532103, 0.37472, -0.005567, -0.533491, 0.845788, -0.0, 0.0, 0.0, 0.0, 1.0],
                [0.997933, 0.03341, 0.054903, 0.0, -0.064028, 0.590814, 0.804264, 0.37472, -0.005567, -0.806116, 0.591732, 0.0, 0.0, 0.0, 0.0, 1.0],
                [0.997933, 0.051192, 0.038858, -0.0, -0.064028, 0.844255, 0.532103, 0.37472, -0.005567, -0.533491, 0.845788, 0.0, 0.0, 0.0, 0.0, 1.0],
                [0.997933, 0.036316, 0.053025, 0.0, -0.064028, 0.633235, 0.771307, 0.37472, -0.005566, -0.773107, 0.634251, -0.0, 0.0, 0.0, 0.0, 1.0],
                [0.997933, 0.060521, 0.021628, -0.0, -0.064028, 0.965345, 0.252999, 0.37472, -0.005566, -0.25386, 0.967225, -0.0, 0.0, 0.0, 0.0, 1.0]
            ]
        },
        {
            "name": "Knee_L",
            "time": [0.0, 0.2667, 0.75, 1.15],
            "transform": [
                [1.0, 0.0, -0.0, 0.0, -0.0, 1e-06, -1.0, 0.37472, -0.0, 1.0, 1e-06, -0.0, 0.0, 0.0, 0.0, 1.0],
                [1.0, 0.0, -0.0, 0.0, -0.0, 1e-06, -1.0, 0.37472, -0.0, 1.0, 1e-06, 0.0, 0.0, 0.0, 0.0, 1.0],
                [1.0, 0.0, -0.0, -0.0, -0.0, 1e-06, -1.0, 0.37472, -0.0, 1.0, 1e-06, 0.0, 0.0, 0.0, 0.0, 1.0],
                [1.0, 0.0, -0.0, -0.0, -0.0, 1e-06, -1.0, 0.37472, -0.0, 1.0, 1e-06, -0.0, 0.0, 0.0, 0.0, 1.0]
            ]
        },
        {
            "name": "Torso",
            "time": [0.0, 0.2667, 0.75, 1.15],
            "transform": [
                [0.965142, 0.11391, 0.235637, -0.0, -0.098578, 0.992231, -0.075896, 0.05, -0.242451, 0.050022, 0.968873, 0.0, 0.0, 0.0, 0.0, 1.0],
                [0.974406, -0.01358, 0.224383, -0.0, 0.06683, 0.970543, -0.231476, 0.05, -0.21463, 0.240547, 0.94661, 0.0, 0.0, 0.0, 0.0, 1.0],
                [0.965142, 0.11391, 0.235637, 0.0, -0.098578, 0.992231, -0.075896, 0.05, -0.242451, 0.050022, 0.968873, -0.0, 0.0, 0.0, 0.0, 1.0],
                [0.965662, -0.025127, 0.258583, -0.0, 0.020968, 0.999603, 0.018828, 0.05, -0.258953, -0.012759, 0.965806, 0.0, 0.0, 0.0, 0.0, 1.0]
            ]
        },
        {
            "name": "Chest",
            "time": [0.0, 0.2667, 0.75, 0.9167, 1.15],
            "transform": [
                [0.979984, -0.10023, -0.172005, -0.0, 0.111316, 0.992204, 0.05604, 0.3, 0.165047, -0.074065, 0.983501, -0.0, 0.0, 0.0, 0.0, 1.0],
                [0.677276, -0.033906, 0.734947, 0.0, -0.364813, 0.852007, 0.375493, 0.3, -0.638912, -0.522431, 0.564675, -0.0, 0.0, 0.0, 0.0, 1.0],
                [0.926558, -0.227574, 0.2995, -0.0, 0.065955, 0.882177, 0.466276, 0.3, -0.370324, -0.412278, 0.832399, 0.0, 0.0, 0.0, 0.0, 1.0],
                [0.974012, -0.059538, 0.218532, 0.0, -0.064687, 0.851525, 0.520309, 0.3, -0.217063, -0.520923, 0.825544, -0.0, 0.0, 0.0, 0.0, 1.0],
                [0.986768, -0.023894, -0.160365, 0.0, 0.026191, 0.999582, 0.012223, 0.3, 0.160006, -0.016261, 0.986982, -0.0, 0.0, 0.0, 0.0, 1.0]
            ]
        },
        {
            "name": "Head",
            "time": [0.0, 0.15, 0.2667, 0.75, 0.9167, 1.15],
            "transform": [
                [0.588951, 0.070647, 0.805075, -0.0, 0.007997, 0.995614, -0.093217, 0.4, -0.808129, 0.061338, 0.585802, 0.0, 0.0, 0.0, 0.0, 1.0],
                [0.957678, 0.070647, -0.279036, -0.0, -0.084899, 0.995614, -0.039312, 0.4, 0.275035, 0.061338, 0.959476, -0.0, 0.0, 0.0, 0.0, 1.0],
                [0.864242, 0.070647, -0.498092, 0.0, -0.091798, 0.995614, -0.018067, 0.4, 0.494631, 0.061338, 0.866936, -0.0, 0.0, 0.0, 0.0, 1.0],
                [0.714673, 0.070647, -0.695881, -0.0, -0.093418, 0.995614, 0.005135, 0.4, 0.693192, 0.061338, 0.718138, -0.0, 0.0, 0.0, 0.0, 1.0],
                [0.942299, -0.078125, -0.32553, -0.0, -0.072492, 0.9017, -0.426241, 0.4, 0.32683, 0.425245, 0.844007, 0.0, 0.0, 0.0, 0.0, 1.0],
                [0.907906, 0.03176, 0.417969, 0.0, -0.015014, 0.99895, -0.043293, 0.4, -0.418905, 0.033031, 0.907429, 0.0, 0.0, 0.0, 0.0, 1.0]
            ]
        },
        {
            "name": "Shoulder_R",
            "time": [0.0, 0.2667, 0.75, 1.15],
            "transform": [
                [-0.059544, 0.923942, 0.37787, -0.0, -0.044266, -0.380613, 0.923674, 0.4, 0.997244, 0.038273, 0.063562, 0.0, 0.0, 0.0, 0.0, 1.0],
                [-0.059544, 0.923942, 0.37787, 0.0, -0.044266, -0.380613, 0.923674, 0.4, 0.997244, 0.038273, 0.063562, -0.0, 0.0, 0.0, 0.0, 1.0],
                [-0.059544, 0.923942, 0.37787, -0.0, -0.044266, -0.380613, 0.923674, 0.4, 0.997244, 0.038273, 0.063562, -0.0, 0.0, 0.0, 0.0, 1.0],
                [-0.059544, 0.923942, 0.37787, 0.0, -0.044266, -0.380613, 0.923674, 0.4, 0.997244, 0.038273, 0.063562, 0.0, 0.0, 0.0, 0.0, 1.0]
            ]
        },
        {
            "name": "Arm_R",
            "time": [0.0, 0.15, 0.2667, 0.75, 1.15],
            "transform": [
                [-0.337085, -0.298405, -0.892932, -0.0, -0.291512, 0.934912, -0.202388, 0.39386, 0.895206, 0.192078, -0.402134, 0.0, 0.0, 0.0, 0.0, 1.0],
                [-0.022711, -0.817071, -0.57609, 0.0, -0.208145, 0.567475, -0.796648, 0.393861, 0.977834, 0.101818, -0.182957, -0.0, 0.0, 0.0, 0.0, 1.0],
                [0.230818, -0.298405, -0.926108, 0.0, -0.124584, 0.934912, -0.332293, 0.39386, 0.964988, 0.192078, 0.178618, 0.0, 0.0, 0.0, 0.0, 1.0],
                [0.332006, -0.298405, -0.894833, -0.0, -0.087001, 0.934912, -0.34405, 0.393861, 0.939256, 0.192078, 0.284435, 0.0, 0.0, 0.0, 0.0, 1.0],
                [0.37979, -0.51784, -0.766552, 0.0, 0.848036, 0.525955, 0.064856, 0.39386, 0.369587, -0.674695, 0.638899, -0.0, 0.0, 0.0, 0.0, 1.0]
            ]
        },
        {
            "name": "Hand_R",
            "time": [0.0, 0.2667, 0.75, 1.15],
            "transform": [
                [0.999599, -0.016727, 0.022847, -0.0, 0.023395, 0.033345, -0.99917, 0.3, 0.015951, 0.999304, 0.033723, -0.0, 0.0, 0.0, 0.0, 1.0],
                [0.551579, -0.016727, 0.833955, 0.0, 0.833915, 0.033345, -0.550884, 0.3, -0.018594, 0.999304, 0.032341, -0.0, 0.0, 0.0, 0.0, 1.0],
                [0.400015, -0.016727, 0.916356, -0.0, 0.916198, 0.033345, -0.399338, 0.3, -0.023876, 0.999304, 0.028663, -0.0, 0.0, 0.0, 0.0, 1.0],
                [0.999599, -0.000132, 0.028315, 0.0, 0.023395, -0.559493, -0.828505, 0.3, 0.015951, 0.828835, -0.559265, 0.0, 0.0, 0.0, 0.0, 1.0]
            ]
        },
        {
            "name": "Tool_R",
            "time": [0.0, 0.2667, 0.75, 1.15],
            "transform": [
                [0.999822, 0.009713, 0.016189, -0.017311, 0.006818, -0.985396, 0.17014, 0.36637, 0.017595, -0.169909, -0.984702, 0.051121, 0.0, 0.0, 0.0, 1.0],
                [0.999822, 0.009713, 0.016189, -0.017312, 0.006818, -0.985396, 0.17014, 0.36637, 0.017595, -0.169909, -0.984702, 0.051121, 0.0, 0.0, 0.0, 1.0],
                [0.999822, 0.009713, 0.016189, -0.017311, 0.006818, -0.985396, 0.17014, 0.36637, 0.017595, -0.169909, -0.984702, 0.051121, 0.0, 0.0, 0.0, 1.0],
                [0.999822, 0.009713, 0.016189, -0.017312, 0.006818, -0.985396, 0.17014, 0.36637, 0.017595, -0.169909, -0.984702, 0.051122, 0.0, 0.0, 0.0, 1.0]
            ]
        },
        {
            "name": "Elbow_R",
            "time": [0.0, 0.2667, 0.75, 1.15],
            "transform": [
                [-1.0, 0.0, 0.0, -0.0, 0.0, 0.914649, -0.404248, 0.332805, -0.0, -0.404248, -0.914649, -0.022554, 0.0, 0.0, 0.0, 1.0],
                [-1.0, 0.0, 0.0, 0.0, 0.0, 0.914649, -0.404248, 0.332805, -0.0, -0.404248, -0.914649, -0.022554, 0.0, 0.0, 0.0, 1.0],
                [-1.0, 0.0, 0.0, -0.0, 0.0, 0.914649, -0.404248, 0.332805, -0.0, -0.404248, -0.914649, -0.022554, 0.0, 0.0, 0.0, 1.0],
                [-1.0, 0.0, 0.0, 0.0, 0.0, 0.914649, -0.404248, 0.332805, -0.0, -0.404248, -0.914649, -0.022554, 0.0, 0.0, 0.0, 1.0]
            ]
        },
        {
            "name": "Shoulder_L",
            "time": [0.0, 0.2667, 0.75, 1.15],
            "transform": [
                [-0.007939, -0.952498, -0.304441, -0.0, -0.088921, -0.302572, 0.94897, 0.4, -0.996007, 0.034605, -0.082295, 0.0, 0.0, 0.0, 0.0, 1.0],
                [-0.007939, -0.952498, -0.304441, 0.0, -0.088921, -0.302572, 0.94897, 0.4, -0.996007, 0.034605, -0.082295, -0.0, 0.0, 0.0, 0.0, 1.0],
                [-0.007939, -0.952498, -0.304441, -0.0, -0.088921, -0.302572, 0.94897, 0.4, -0.996007, 0.034605, -0.082295, -0.0, 0.0, 0.0, 0.0, 1.0],
                [-0.007939, -0.952498, -0.304441, 0.0, -0.088921, -0.302572, 0.94897, 0.4, -0.996007, 0.034605, -0.082295, 0.0, 0.0, 0.0, 0.0, 1.0]
            ]
        },
        {
            "name": "Arm_L",
            "time": [0.0, 0.2667, 0.75, 0.9167, 1.15],
            "transform": [
                [-0.073469, 0.445805, 0.89211, -0.0, 0.110994, 0.892625, -0.436921, 0.39386, -0.991102, 0.066919, -0.115062, -0.0, 0.0, 0.0, 0.0, 1.0],
                [-0.073469, 0.445805, 0.89211, 0.0, 0.110994, 0.892625, -0.436921, 0.393861, -0.991102, 0.066919, -0.115062, 0.0, 0.0, 0.0, 0.0, 1.0],
                [-0.073469, 0.445805, 0.89211, -0.0, 0.110994, 0.892625, -0.436921, 0.39386, -0.991102, 0.066919, -0.115062, 0.0, 0.0, 0.0, 0.0, 1.0],
                [0.185196, -0.035392, 0.982064, -0.0, -0.149965, 0.986628, 0.063836, 0.39386, -0.971191, -0.159098, 0.177412, 0.0, 0.0, 0.0, 0.0, 1.0],
                [0.23308, -0.066353, 0.970191, 0.0, -0.85088, 0.469118, 0.2365, 0.393861, -0.470827, -0.880639, 0.052883, 0.0, 0.0, 0.0, 0.0, 1.0]
            ]
        },
        {
            "name": "Hand_L",
            "time": [0.0, 0.2667, 0.75, 1.15],
            "transform": [
                [0.99991, 0.010944, -0.007809, -0.0, -0.012582, 0.55696, -0.830444, 0.3, -0.004739, 0.830468, 0.557047, -0.0, 0.0, 0.0, 0.0, 1.0],
                [0.99991, 0.010944, -0.007809, -0.0, -0.012582, 0.55696, -0.830444, 0.3, -0.004739, 0.830467, 0.557047, -0.0, 0.0, 0.0, 0.0, 1.0],
                [0.99991, 0.010944, -0.00781, 0.0, -0.012582, 0.55696, -0.830444, 0.3, -0.004739, 0.830467, 0.557047, 0.0, 0.0, 0.0, 0.0, 1.0],
                [0.99991, 0.013113, 0.002967, 0.0, -0.012582, 0.990454, -0.137273, 0.3, -0.004739, 0.137223, 0.990529, -0.0, 0.0, 0.0, 0.0, 1.0]
            ]
        },
        {
            "name": "Tool_L",
            "time": [0.0, 0.2667, 0.75, 1.15],
            "transform": [
                [0.998658, 0.039723, -0.033233, -0.012677, 0.043929, -0.98956, 0.137266, 0.208813, -0.027417, -0.138471, -0.989393, 0.160811, 0.0, 0.0, 0.0, 1.0],
                [0.998658, 0.039723, -0.033233, -0.012677, 0.043929, -0.98956, 0.137266, 0.208813, -0.027417, -0.138471, -0.989393, 0.160811, 0.0, 0.0, 0.0, 1.0],
                [0.998658, 0.039723, -0.033233, -0.012677, 0.043929, -0.98956, 0.137266, 0.208813, -0.027417, -0.138471, -0.989393, 0.160811, 0.0, 0.0, 0.0, 1.0],
                [0.998658, 0.039723, -0.033233, -0.012677, 0.043929, -0.98956, 0.137266, 0.208813, -0.027417, -0.138471, -0.989393, 0.160811, 0.0, 0.0, 0.0, 1.0]
            ]
        },
        {
            "name": "Elbow_L",
            "time": [0.0, 0.2667, 0.75, 1.15],
            "transform": [
                [-0.999641, -0.01093, -0.024478, -0.001644, 0.023045, 0.116082, -0.992972, 0.298484, 0.013695, -0.99318, -0.115789, -0.001028, 0.0, 0.0, 0.0, 1.0],
                [-0.999641, -0.01093, -0.024478, -0.001644, 0.023045, 0.116083, -0.992972, 0.298484, 0.013695, -0.99318, -0.115789, -0.001028, 0.0, 0.0, 0.0, 1.0],
                [-0.999641, -0.01093, -0.024478, -0.001644, 0.023045, 0.116083, -0.992972, 0.298484, 0.013695, -0.99318, -0.115789, -0.001028, 0.0, 0.0, 0.0, 1.0],
                [-0.999641, -0.01093, -0.024478, -0.001644, 0.023045, 0.116082, -0.992972, 0.298484, 0.013695, -0.99318, -0.115789, -0.001028, 0.0, 0.0, 0.0, 1.0]
            ]
        }
    ]
}