{
    "animation": [
        {
            "name": "Root",
            "time": [0.0, 0.15],
            "transform": [
                [0.732552, 0.0, 0.680712, -5e-06, 0.674783, 0.131687, -0.726172, 0.000946, -0.089641, 0.991291, 0.096468, 0.665901, 0.0, 0.0, 0.0, 1.0],
                [0.732552, 0.0, 0.680712, -5e-06, 0.674783, 0.131687, -0.726172, 0.000946, -0.089641, 0.991291, 0.096468, 0.665901, 0.0, 0.0, 0.0, 1.0]
            ]
        },
        {
            "name": "Thigh_R",
            "time": [0.0, 0.15],
            "transform": [
                [0.751084, 0.577925, 0.319178, 0.124994, 0.085506, -0.564531, 0.82097, -0.002831, 0.654646, -0.589325, -0.473428, -1.2e-05, 0.0, 0.0, 0.0, 1.0],
                [0.751084, 0.577925, 0.319178, 0.124994, 0.085506, -0.564531, 0.82097, -0.002831, 0.654646, -0.589325, -0.473428, -1.2e-05, 0.0, 0.0, 0.0, 1.0]
            ]
        },
        {
            "name": "Leg_R",
            "time": [0.0, 0.15],
            "transform": [
                [0.998294, -0.04394, -0.038441, -0.0, 0.058095, 0.682411, 0.728656, 0.37472, -0.005785, -0.729647, 0.683799, -0.0, 0.0, 0.0, 0.0, 1.0],
                [0.998294, -0.04394, -0.038441, -0.0, 0.058095, 0.682411, 0.728656, 0.37472, -0.005785, -0.729647, 0.683799, -0.0, 0.0, 0.0, 0.0, 1.0]
            ]
        },
        {
            "name": "Knee_R",
            "time": [0.0, 0.15],
            "transform": [
                [1.0, 0.0, -0.0, -0.0, -0.0, 1e-06, -1.0, 0.37472, -0.0, 1.0, 1e-06, -0.0, 0.0, 0.0, 0.0, 1.0],
                [1.0, 0.0, -0.0, -0.0, -0.0, 1e-06, -1.0, 0.37472, -0.0, 1.0, 1e-06, -0.0, 0.0, 0.0, 0.0, 1.0]
            ]
        },
        {
            "name": "Thigh_L",
            "time": [0.0, 0.15],
            "transform": [
                [0.936096, -0.320642, 0.144608, -0.109662, -0.284354, -0.931834, -0.225451, -0.002831, 0.20704, 0.169925, -0.963462, 0.02525, 0.0, 0.0, 0.0, 1.0],
                [0.936096, -0.320642, 0.144608, -0.109662, -0.284354, -0.931834, -0.225451, -0.002831, 0.20704, 0.169925, -0.963462, 0.02525, 0.0, 0.0, 0.0, 1.0]
            ]
        },
        {
            "name": "Leg_L",
            "time": [0.0, 0.15],
            "transform": [
                [0.997933, 0.060521, 0.021628, -0.0, -0.064028, 0.965345, 0.252999, 0.37472, -0.005566, -0.25386, 0.967225, 0.0, 0.0, 0.0, 0.0, 1.0],
                [0.997933, 0.060521, 0.021628, -0.0, -0.064028, 0.965345, 0.252999, 0.37472, -0.005566, -0.25386, 0.967225, 0.0, 0.0, 0.0, 0.0, 1.0]
            ]
        },
        {
            "name": "Knee_L",
            "time": [0.0, 0.15],
            "transform": [
                [1.0, 0.0, -0.0, -0.0, -0.0, 1e-06, -1.0, 0.37472, -0.0, 1.0, 1e-06, 0.0, 0.0, 0.0, 0.0, 1.0],
                [1.0, 0.0, -0.0, -0.0, -0.0, 1e-06, -1.0, 0.37472, -0.0, 1.0, 1e-06, 0.0, 0.0, 0.0, 0.0, 1.0]
            ]
        },
        {
            "name": "Torso",
            "time": [0.0, 0.15],
            "transform": [
                [0.965662, -0.025127, 0.258583, -0.0, 0.020968, 0.999603, 0.018828, 0.05, -0.258953, -0.012759, 0.965806, 0.0, 0.0, 0.0, 0.0, 1.0],
                [0.965662, -0.025127, 0.258583, -0.0, 0.020968, 0.999603, 0.018828, 0.05, -0.258953, -0.012759, 0.965806, 0.0, 0.0, 0.0, 0.0, 1.0]
            ]
        },
        {
            "name": "Chest",
            "time": [0.0, 0.15],
            "transform": [
                [0.985396, 0.026063, -0.168273, 0.0, -0.017236, 0.998408, 0.053706, 0.3, 0.169405, -0.050022, 0.984276, 0.0, 0.0, 0.0, 0.0, 1.0],
                [0.986768, -0.023894, -0.160365, 0.0, 0.026191, 0.999582, 0.012223, 0.3, 0.160006, -0.016261, 0.986982, 0.0, 0.0, 0.0, 0.0, 1.0]
            ]
        },
        {
            "name": "Head",
            "time": [0.0, 0.15],
            "transform": [
                [0.64568, 0.077891, -0.759625, -0.0, -0.045732, 0.996943, 0.063354, 0.4, 0.762238, -0.006167, 0.647268, 0.0, 0.0, 0.0, 0.0, 1.0],
                [0.64568, 0.03176, -0.762948, -0.0, -0.045732, 0.99895, 0.002881, 0.4, 0.762238, 0.033031, 0.646454, 0.0, 0.0, 0.0, 0.0, 1.0]
            ]
        },
        {
            "name": "Shoulder_R",
            "time": [0.0, 0.15],
            "transform": [
                [-0.059544, 0.923942, 0.37787, -0.0, -0.044266, -0.380613, 0.923674, 0.4, 0.997244, 0.038273, 0.063562, 0.0, 0.0, 0.0, 0.0, 1.0],
                [-0.059544, 0.923942, 0.37787, -0.0, -0.044266, -0.380613, 0.923674, 0.4, 0.997244, 0.038273, 0.063562, 0.0, 0.0, 0.0, 0.0, 1.0]
            ]
        },
        {
            "name": "Arm_R",
            "time": [0.0, 0.15],
            "transform": [
                [0.203038, -0.813858, -0.544436, 0.0, 0.377882, 0.578071, -0.723214, 0.393861, 0.903317, -0.058892, 0.424913, 0.0, 0.0, 0.0, 0.0, 1.0],
                [0.159438, -0.648954, -0.743935, -0.0, 0.439482, 0.721441, -0.535143, 0.39386, 0.883988, -0.241623, 0.400228, -0.0, 0.0, 0.0, 0.0, 1.0]
            ]
        },
        {
            "name": "Hand_R",
            "time": [0.0, 0.15],
            "transform": [
                [0.459771, 0.037188, 0.887259, 0.0, 0.8878, -0.042388, -0.458275, 0.3, 0.020566, 0.998409, -0.052505, -0.0, 0.0, 0.0, 0.0, 1.0],
                [0.461101, -0.012578, 0.887258, 0.0, 0.878061, -0.13782, -0.458275, 0.3, 0.128046, 0.990377, -0.052505, -0.0, 0.0, 0.0, 0.0, 1.0]
            ]
        },
        {
            "name": "Tool_R",
            "time": [0.0, 0.15],
            "transform": [
                [0.999822, 0.009713, 0.016189, -0.017311, 0.006818, -0.985396, 0.17014, 0.36637, 0.017595, -0.169909, -0.984702, 0.051121, 0.0, 0.0, 0.0, 1.0],
                [0.999822, 0.009713, 0.016189, -0.017312, 0.006818, -0.985396, 0.17014, 0.36637, 0.017595, -0.169909, -0.984702, 0.051121, 0.0, 0.0, 0.0, 1.0]
            ]
        },
        {
            "name": "Elbow_R",
            "time": [0.0, 0.15],
            "transform": [
                [-1.0, 0.0, 0.0, 0.0, 0.0, 0.91465, -0.404248, 0.332805, -0.0, -0.404248, -0.914649, -0.022554, 0.0, 0.0, 0.0, 1.0],
                [-1.0, 0.0, 0.0, 0.0, 0.0, 0.91465, -0.404248, 0.332805, -0.0, -0.404248, -0.914649, -0.022554, 0.0, 0.0, 0.0, 1.0]
            ]
        },
        {
            "name": "Shoulder_L",
            "time": [0.0, 0.15],
            "transform": [
                [-0.007939, -0.952498, -0.304441, -0.0, -0.088921, -0.302572, 0.94897, 0.4, -0.996007, 0.034605, -0.082295, 0.0, 0.0, 0.0, 0.0, 1.0],
                [-0.007939, -0.952498, -0.304441, -0.0, -0.088921, -0.302572, 0.94897, 0.4, -0.996007, 0.034605, -0.082295, 0.0, 0.0, 0.0, 0.0, 1.0]
            ]
        },
        {
            "name": "Arm_L",
            "time": [0.0, 0.15],
            "transform": [
                [0.192251, -0.198965, 0.960964, 0.0, -0.592371, 0.757176, 0.275282, 0.39386, -0.782391, -0.622171, 0.027707, 0.0, 0.0, 0.0, 0.0, 1.0],
                [0.196396, -0.141977, 0.970191, 0.0, -0.639463, 0.731543, 0.2365, 0.39386, -0.743314, -0.666849, 0.052883, 0.0, 0.0, 0.0, 0.0, 1.0]
            ]
        },
        {
            "name": "Hand_L",
            "time": [0.0, 0.15],
            "transform": [
                [0.99991, 0.013113, 0.002967, 0.0, -0.012582, 0.990454, -0.137273, 0.3, -0.004739, 0.137223, 0.990529, -0.0, 0.0, 0.0, 0.0, 1.0],
                [0.99991, 0.013113, 0.002967, 0.0, -0.012582, 0.990454, -0.137273, 0.3, -0.004739, 0.137223, 0.990529, 0.0, 0.0, 0.0, 0.0, 1.0]
            ]
        },
        {
            "name": "Tool_L",
            "time": [0.0, 0.15],
            "transform": [
                [0.998658, 0.039723, -0.033233, -0.012677, 0.043929, -0.989559, 0.137266, 0.208813, -0.027417, -0.138471, -0.989393, 0.160811, 0.0, 0.0, 0.0, 1.0],
                [0.998658, 0.039723, -0.033233, -0.012677, 0.043929, -0.98956, 0.137266, 0.208813, -0.027417, -0.138471, -0.989393, 0.160811, 0.0, 0.0, 0.0, 1.0]
            ]
        },
        {
            "name": "Elbow_L",
            "time": [0.0, 0.15],
            "transform": [
                [-0.999641, -0.01093, -0.024478, -0.001644, 0.023045, 0.116082, -0.992972, 0.298484, 0.013695, -0.99318, -0.115789, -0.001028, 0.0, 0.0, 0.0, 1.0],
                [-0.999641, -0.01093, -0.024478, -0.001644, 0.023045, 0.116082, -0.992972, 0.298484, 0.013695, -0.99318, -0.115789, -0.001028, 0.0, 0.0, 0.0, 1.0]
            ]
        }
    ]
}