{
    "animation": [
        {
            "name": "Root",
            "time": [0.0, 0.2, 0.3167, 0.8, 1.1167],
            "transform": [
                [0.911829, 0.111329, -0.395189, -0.166588, -0.389773, -0.067743, -0.918416, 0.124048, -0.129018, 0.991472, -0.018376, 0.613028, 0.0, 0.0, 0.0, 1.0],
                [0.561849, 0.057817, -0.825217, -0.166588, -0.807485, -0.178376, -0.562273, -0.137313, -0.179708, 0.982262, -0.053534, 0.613028, 0.0, 0.0, 0.0, 1.0],
                [0.929837, 0.154781, 0.333836, -0.166588, 0.323165, 0.090379, -0.942017, 2.217455, -0.175978, 0.983806, 0.034018, 0.613028, 0.0, 0.0, 0.0, 1.0],
                [0.856577, 0.136243, 0.497708, -0.166588, 0.48283, 0.128707, -0.866204, 2.595338, -0.182073, 0.982279, 0.044465, 0.613028, 0.0, 0.0, 0.0, 1.0],
                [0.854689, 0.0, -0.51914, -5e-06, -0.51914, 0.0, -0.854689, 2.41342, 0.0, 1.0, 0.0, 0.777146, 0.0, 0.0, 0.0, 1.0]
            ]
        },
        {
            "name": "Thigh_R",
            "time": [0.0, 0.2, 0.3167, 0.8, 1.1167],
            "transform": [
                [0.757916, 0.651108, -0.040242, 0.124994, 0.603464, -0.676351, 0.42235, -0.002831, 0.247777, -0.34439, -0.90554, -1.2e-05, 0.0, 0.0, 0.0, 1.0],
                [0.757916, 0.628227, -0.175757, 0.124994, 0.603464, -0.572859, 0.554673, -0.002831, 0.247777, -0.526458, -0.813294, -1.2e-05, 0.0, 0.0, 0.0, 1.0],
                [0.782741, 0.61869, -0.067357, 0.124994, 0.362001, -0.364585, 0.857923, -0.002831, 0.506232, -0.695913, -0.509345, -1.2e-05, 0.0, 0.0, 0.0, 1.0],
                [0.809852, 0.586441, -0.01498, 0.124994, 0.284683, -0.370551, 0.884108, -0.002831, 0.512926, -0.72026, -0.467044, -1.2e-05, 0.0, 0.0, 0.0, 1.0],
                [0.987912, 0.153416, 0.022211, 0.124994, 0.152036, -0.986881, 0.054282, -0.002831, 0.030247, -0.050248, -0.998279, -1.2e-05, 0.0, 0.0, 0.0, 1.0]
            ]
        },
        {
            "name": "Leg_R",
            "time": [0.0, 0.2, 0.3167, 0.8, 1.1167],
            "transform": [
                [0.999075, -0.041449, -0.011428, -0.0, 0.042956, 0.973596, 0.224205, 0.37472, 0.001833, -0.224489, 0.974474, 0.0, 0.0, 0.0, 0.0, 1.0],
                [0.999076, -0.012005, -0.041285, 0.0, 0.042956, 0.319644, 0.946563, 0.37472, 0.001833, -0.947462, 0.319863, -0.0, 0.0, 0.0, 0.0, 1.0],
                [0.999536, -0.004111, -0.030177, 0.0, 0.027229, 0.564504, 0.824981, 0.37472, 0.013644, -0.825421, 0.564353, 0.0, 0.0, 0.0, 0.0, 1.0],
                [0.999597, -0.006645, -0.027598, 0.0, 0.023968, 0.718471, 0.695144, 0.37472, 0.01521, -0.695527, 0.718339, -0.0, 0.0, 0.0, 0.0, 1.0],
                [0.998294, -0.058382, 2e-06, 0.0, 0.058095, 0.993385, 0.099059, 0.37472, -0.005785, -0.09889, 0.995081, -0.0, 0.0, 0.0, 0.0, 1.0]
            ]
        },
        {
            "name": "Knee_R",
            "time": [0.0, 0.2, 0.3167, 0.8, 1.1167],
            "transform": [
                [1.0, 0.0, -0.0, -0.0, -0.0, 1e-06, -1.0, 0.37472, -0.0, 1.0, 1e-06, 0.0, 0.0, 0.0, 0.0, 1.0],
                [1.0, 0.0, -0.0, 0.0, -0.0, 1e-06, -1.0, 0.37472, -0.0, 1.0, 1e-06, -0.0, 0.0, 0.0, 0.0, 1.0],
                [1.0, 0.0, -0.0, 0.0, -0.0, 1e-06, -1.0, 0.37472, -0.0, 1.0, 1e-06, 0.0, 0.0, 0.0, 0.0, 1.0],
                [1.0, 0.0, -0.0, 0.0, -0.0, 1e-06, -1.0, 0.37472, -0.0, 1.0, 1e-06, -0.0, 0.0, 0.0, 0.0, 1.0],
                [1.0, 0.0, -0.0, 0.0, -0.0, 1e-06, -1.0, 0.37472, -0.0, 1.0, 1e-06, -0.0, 0.0, 0.0, 0.0, 1.0]
            ]
        },
        {
            "name": "Thigh_L",
            "time": [0.0, 0.2, 0.3167, 0.8, 1.1167],
            "transform": [
                [0.874021, -0.314787, -0.370128, -0.109662, -0.351816, -0.935405, -0.035236, -0.002831, -0.335128, 0.161015, -0.928312, 0.02525, 0.0, 0.0, 0.0, 1.0],
                [0.850488, -0.394696, -0.347684, -0.109662, -0.209938, -0.860792, 0.463641, -0.002831, -0.48228, -0.321329, -0.814955, 0.02525, 0.0, 0.0, 0.0, 1.0],
                [0.983336, -0.025809, 0.179951, -0.109662, 0.015166, -0.974774, -0.222676, -0.002831, 0.181159, 0.221695, -0.95814, 0.02525, 0.0, 0.0, 0.0, 1.0],
                [0.962744, -0.011155, 0.270183, -0.109662, 0.074228, -0.949869, -0.30371, -0.002831, 0.260026, 0.31245, -0.913652, 0.02525, 0.0, 0.0, 0.0, 1.0],
                [0.779746, -0.258577, -0.570204, -0.109662, -0.133597, -0.958473, 0.251956, -0.002831, -0.611675, -0.120283, -0.781911, 0.02525, 0.0, 0.0, 0.0, 1.0]
            ]
        },
        {
            "name": "Leg_L",
            "time": [0.0, 0.2, 0.3167, 0.8, 1.1167],
            "transform": [
                [0.997933, 0.060521, 0.021628, -0.0, -0.064028, 0.965345, 0.252999, 0.37472, -0.005566, -0.25386, 0.967225, 0.0, 0.0, 0.0, 0.0, 1.0],
                [0.997933, 0.060521, 0.021628, 0.0, -0.064028, 0.965345, 0.252999, 0.37472, -0.005566, -0.253861, 0.967225, 0.0, 0.0, 0.0, 0.0, 1.0],
                [0.997933, 0.060521, 0.021628, 0.0, -0.064028, 0.965345, 0.252999, 0.37472, -0.005566, -0.25386, 0.967225, -0.0, 0.0, 0.0, 0.0, 1.0],
                [0.997933, 0.060521, 0.021628, 0.0, -0.064028, 0.965345, 0.252999, 0.37472, -0.005566, -0.25386, 0.967225, 0.0, 0.0, 0.0, 0.0, 1.0],
                [0.997933, 0.060521, 0.021628, 0.0, -0.064028, 0.965345, 0.252999, 0.37472, -0.005566, -0.25386, 0.967225, -1e-06, 0.0, 0.0, 0.0, 1.0]
            ]
        },
        {
            "name": "Knee_L",
            "time": [0.0, 0.2, 0.3167, 0.8, 1.1167],
            "transform": [
                [1.0, 0.0, -0.0, -0.0, -0.0, 1e-06, -1.0, 0.37472, -0.0, 1.0, 1e-06, 0.0, 0.0, 0.0, 0.0, 1.0],
                [1.0, 0.0, -0.0, 0.0, -0.0, 1e-06, -1.0, 0.37472, -0.0, 1.0, 1e-06, 0.0, 0.0, 0.0, 0.0, 1.0],
                [1.0, 0.0, -0.0, 0.0, -0.0, 1e-06, -1.0, 0.37472, -0.0, 1.0, 1e-06, -0.0, 0.0, 0.0, 0.0, 1.0],
                [1.0, 0.0, -0.0, 0.0, -0.0, 1e-06, -1.0, 0.37472, -0.0, 1.0, 1e-06, 0.0, 0.0, 0.0, 0.0, 1.0],
                [1.0, 0.0, -0.0, 0.0, -0.0, 1e-06, -1.0, 0.37472, -0.0, 1.0, 1e-06, -1e-06, 0.0, 0.0, 0.0, 1.0]
            ]
        },
        {
            "name": "Torso",
            "time": [0.0, 0.2, 0.3167, 0.8, 1.1167],
            "transform": [
                [0.982675, -0.115286, 0.145117, 0.0, 0.103471, 0.990863, 0.086512, 0.05, -0.153765, -0.069998, 0.985625, -0.0, 0.0, 0.0, 0.0, 1.0],
                [0.982675, -0.115286, 0.145117, 0.0, 0.103471, 0.990863, 0.086512, 0.05, -0.153765, -0.069998, 0.985625, -0.0, 0.0, 0.0, 0.0, 1.0],
                [0.978927, -0.1421, 0.146664, 0.0, 0.120995, 0.982154, 0.143993, 0.05, -0.164508, -0.123213, 0.97865, -0.0, 0.0, 0.0, 0.0, 1.0],
                [0.977134, -0.146862, 0.153758, 0.0, 0.123185, 0.980424, 0.153606, 0.05, -0.173307, -0.131153, 0.976096, 0.0, 0.0, 0.0, 0.0, 1.0],
                [0.965662, -0.025127, 0.258583, -0.0, 0.020968, 0.999603, 0.018828, 0.05, -0.258953, -0.012759, 0.965806, 0.0, 0.0, 0.0, 0.0, 1.0]
            ]
        },
        {
            "name": "Chest",
            "time": [0.0, 0.2, 0.3167, 0.8, 1.1167],
            "transform": [
                [0.997411, 0.054241, 0.047206, 0.0, -0.063925, 0.969477, 0.236702, 0.3, -0.032927, -0.239107, 0.970435, 0.0, 0.0, 0.0, 0.0, 1.0],
                [0.997411, 0.054241, 0.047206, -0.0, -0.063925, 0.969477, 0.236702, 0.3, -0.032927, -0.239107, 0.970435, 0.0, 0.0, 0.0, 0.0, 1.0],
                [0.937847, 0.157742, 0.309127, 0.0, -0.207777, 0.968666, 0.136072, 0.3, -0.277976, -0.191845, 0.941236, -0.0, 0.0, 0.0, 0.0, 1.0],
                [0.906208, 0.240138, 0.348024, -0.0, -0.298897, 0.94599, 0.125552, 0.3, -0.299077, -0.217799, 0.929041, -0.0, 0.0, 0.0, 0.0, 1.0],
                [0.986768, -0.023894, -0.160365, 0.0, 0.026191, 0.999582, 0.012223, 0.3, 0.160006, -0.016261, 0.986982, 0.0, 0.0, 0.0, 0.0, 1.0]
            ]
        },
        {
            "name": "Head",
            "time": [0.0, 0.2, 0.3167, 0.8, 1.1167],
            "transform": [
                [0.9917, 0.03178, 0.124581, -0.0, -0.027393, 0.998948, -0.036767, 0.4, -0.125619, 0.033049, 0.991528, 0.0, 0.0, 0.0, 0.0, 1.0],
                [0.9917, 0.03178, 0.124581, -0.0, -0.027393, 0.998948, -0.036767, 0.4, -0.125619, 0.033049, 0.991528, 0.0, 0.0, 0.0, 0.0, 1.0],
                [0.720779, 0.031933, -0.692429, -0.0, -0.046209, 0.99893, -0.002032, 0.4, 0.691623, 0.033461, 0.721483, 0.0, 0.0, 0.0, 0.0, 1.0],
                [0.637712, -0.242981, -0.730947, -0.0, -0.045987, 0.935241, -0.351012, 0.4, 0.768901, 0.257459, 0.585241, 0.0, 0.0, 0.0, 0.0, 1.0],
                [0.907906, 0.03176, 0.417969, 0.0, -0.015014, 0.99895, -0.043293, 0.4, -0.418905, 0.033031, 0.907429, 0.0, 0.0, 0.0, 0.0, 1.0]
            ]
        },
        {
            "name": "Shoulder_R",
            "time": [0.0, 0.2, 0.3167, 0.8, 1.1167],
            "transform": [
                [0.106048, 0.974944, 0.195543, -0.0, -0.077082, -0.188, 0.97914, 0.4, 0.991369, -0.118909, 0.055213, 0.0, 0.0, 0.0, 0.0, 1.0],
                [0.106048, 0.974944, 0.195543, -0.0, -0.077082, -0.188, 0.97914, 0.4, 0.991369, -0.118909, 0.055213, 0.0, 0.0, 0.0, 0.0, 1.0],
                [0.295303, 0.934728, 0.197684, -0.0, -0.113241, -0.171209, 0.978705, 0.4, 0.948669, -0.3114, 0.055291, 0.0, 0.0, 0.0, 0.0, 1.0],
                [0.018196, 0.998248, 0.056306, -0.0, -0.146208, -0.053053, 0.98783, 0.4, 0.989086, -0.026206, 0.144986, 0.0, 0.0, 0.0, 0.0, 1.0],
                [-0.059544, 0.923942, 0.37787, 0.0, -0.044266, -0.380613, 0.923674, 0.4, 0.997244, 0.038273, 0.063562, 0.0, 0.0, 0.0, 0.0, 1.0]
            ]
        },
        {
            "name": "Arm_R",
            "time": [0.0, 0.2, 0.3167, 0.8, 1.1167],
            "transform": [
                [-0.07101, 0.07529, -0.99463, 0.0, 0.342557, 0.938342, 0.046573, 0.39386, 0.93681, -0.337411, -0.092423, 0.0, 0.0, 0.0, 0.0, 1.0],
                [-0.07101, 0.07529, -0.99463, 0.0, 0.342557, 0.938342, 0.046573, 0.393861, 0.93681, -0.337411, -0.092423, 0.0, 0.0, 0.0, 0.0, 1.0],
                [-0.041533, -0.528234, -0.848082, 0.0, -0.463461, 0.762158, -0.452018, 0.39386, 0.885144, 0.374279, -0.27647, 0.0, 0.0, 0.0, 0.0, 1.0],
                [-0.112269, -0.487965, -0.865613, 0.0, -0.390033, 0.822849, -0.413272, 0.39386, 0.913931, 0.29122, -0.282703, 0.0, 0.0, 0.0, 0.0, 1.0],
                [0.37979, -0.51784, -0.766552, -0.0, 0.848036, 0.525955, 0.064856, 0.393861, 0.369587, -0.674695, 0.638899, -0.0, 0.0, 0.0, 0.0, 1.0]
            ]
        },
        {
            "name": "Hand_R",
            "time": [0.0, 0.2, 0.2667, 0.3167, 0.8, 1.1167],
            "transform": [
                [0.999599, -0.009976, 0.0265, -0.0, 0.023395, -0.236225, -0.971417, 0.3, 0.015951, 0.971647, -0.235897, 0.0, 0.0, 0.0, 0.0, 1.0],
                [0.999599, -0.009976, 0.0265, 0.0, 0.023395, -0.236225, -0.971417, 0.3, 0.015951, 0.971647, -0.235897, 0.0, 0.0, 0.0, 0.0, 1.0],
                [0.999599, -0.028262, 0.001736, -0.0, 0.023395, 0.789797, -0.612922, 0.3, 0.015951, 0.612717, 0.790141, 0.0, 0.0, 0.0, 0.0, 1.0],
                [0.999599, -0.023046, -0.016452, 0.0, 0.023395, 0.999498, 0.021377, 0.3, 0.015951, -0.021753, 0.999636, 0.0, 0.0, 0.0, 0.0, 1.0],
                [0.999598, -0.028078, -0.003984, -0.0, 0.023431, 0.896837, -0.44174, 0.3, 0.015976, 0.441469, 0.897134, -0.0, 0.0, 0.0, 0.0, 1.0],
                [0.999599, -0.000132, 0.028315, -0.0, 0.023395, -0.559493, -0.828505, 0.3, 0.015951, 0.828835, -0.559265, -0.0, 0.0, 0.0, 0.0, 1.0]
            ]
        },
        {
            "name": "Tool_R",
            "time": [0.0, 0.2, 0.3167, 0.8, 1.1167],
            "transform": [
                [0.999822, 0.009713, 0.016189, -0.017312, 0.006818, -0.985396, 0.17014, 0.36637, 0.017595, -0.169909, -0.984702, 0.051121, 0.0, 0.0, 0.0, 1.0],
                [0.999822, 0.009713, 0.016189, -0.017312, 0.006818, -0.985396, 0.17014, 0.36637, 0.017595, -0.169909, -0.984702, 0.051121, 0.0, 0.0, 0.0, 1.0],
                [0.999822, 0.009713, 0.016189, -0.017311, 0.006818, -0.985396, 0.17014, 0.366371, 0.017595, -0.169909, -0.984702, 0.051121, 0.0, 0.0, 0.0, 1.0],
                [0.999822, 0.009713, 0.016189, -0.017312, 0.006818, -0.985396, 0.17014, 0.36637, 0.017595, -0.169909, -0.984702, 0.051121, 0.0, 0.0, 0.0, 1.0],
                [0.999822, 0.009713, 0.016189, -0.017312, 0.006818, -0.985396, 0.17014, 0.36637, 0.017595, -0.169909, -0.984702, 0.051121, 0.0, 0.0, 0.0, 1.0]
            ]
        },
        {
            "name": "Elbow_R",
            "time": [0.0, 0.2, 0.3167, 0.8, 1.1167],
            "transform": [
                [-1.0, 0.0, 0.0, -0.0, 0.0, 0.838635, -0.544695, 0.332805, -0.0, -0.544695, -0.838635, -0.022554, 0.0, 0.0, 0.0, 1.0],
                [-1.0, 0.0, 0.0, 0.0, -0.0, 0.838634, -0.544694, 0.332805, -0.0, -0.544695, -0.838634, -0.022554, 0.0, 0.0, 0.0, 1.0],
                [-1.0, 0.0, 0.0, 0.0, -0.0, 0.722766, -0.691093, 0.332805, -0.0, -0.691093, -0.722766, -0.022554, 0.0, 0.0, 0.0, 1.0],
                [-1.0, 0.0, 0.0, 0.0, -0.0, 0.70183, -0.712344, 0.332805, -0.0, -0.712345, -0.70183, -0.022554, 0.0, 0.0, 0.0, 1.0],
                [-1.0, 0.0, 0.0, -0.0, 0.0, 0.914649, -0.404248, 0.332805, -0.0, -0.404248, -0.914649, -0.022554, 0.0, 0.0, 0.0, 1.0]
            ]
        },
        {
            "name": "Shoulder_L",
            "time": [0.0, 0.2, 0.3167, 0.8, 1.1167],
            "transform": [
                [-0.007939, -0.952498, -0.304441, -0.0, -0.088921, -0.302572, 0.948969, 0.4, -0.996007, 0.034605, -0.082295, 0.0, 0.0, 0.0, 0.0, 1.0],
                [-0.007939, -0.952498, -0.304441, -0.0, -0.088921, -0.302572, 0.948969, 0.4, -0.996007, 0.034605, -0.082295, 0.0, 0.0, 0.0, 0.0, 1.0],
                [-0.007939, -0.952498, -0.304441, -0.0, -0.088921, -0.302572, 0.948969, 0.4, -0.996007, 0.034605, -0.082295, 0.0, 0.0, 0.0, 0.0, 1.0],
                [-0.007939, -0.952498, -0.304441, -0.0, -0.088921, -0.302572, 0.94897, 0.4, -0.996007, 0.034605, -0.082295, 0.0, 0.0, 0.0, 0.0, 1.0],
                [-0.007939, -0.952498, -0.304441, 0.0, -0.088921, -0.302572, 0.94897, 0.4, -0.996007, 0.034605, -0.082295, 0.0, 0.0, 0.0, 0.0, 1.0]
            ]
        },
        {
            "name": "Arm_L",
            "time": [0.0, 0.2, 0.3167, 0.8, 1.1167],
            "transform": [
                [0.413039, 0.043348, 0.909681, -0.0, -0.203837, 0.977926, 0.045952, 0.39386, -0.887609, -0.204406, 0.412757, -0.0, 0.0, 0.0, 0.0, 1.0],
                [0.413038, 0.337411, 0.845904, -0.0, -0.203837, 0.939523, -0.275223, 0.39386, -0.887609, -0.058748, 0.456836, 0.0, 0.0, 0.0, 0.0, 1.0],
                [0.416719, -0.173559, 0.892313, 0.0, -0.150102, 0.954992, 0.25585, 0.39386, -0.896557, -0.240555, 0.371912, -0.0, 0.0, 0.0, 0.0, 1.0],
                [0.413038, -0.249998, 0.875728, 0.0, -0.203837, 0.911812, 0.356439, 0.39386, -0.887609, -0.325729, 0.325655, 0.0, 0.0, 0.0, 0.0, 1.0],
                [0.23308, -0.066353, 0.970191, -0.0, -0.85088, 0.469118, 0.2365, 0.39386, -0.470827, -0.880639, 0.052883, -0.0, 0.0, 0.0, 0.0, 1.0]
            ]
        },
        {
            "name": "Hand_L",
            "time": [0.0, 0.2, 0.3167, 0.8, 1.1167],
            "transform": [
                [0.99991, 0.013113, 0.002967, 0.0, -0.012582, 0.990454, -0.137273, 0.3, -0.004739, 0.137223, 0.990529, 0.0, 0.0, 0.0, 0.0, 1.0],
                [0.99991, 0.013113, 0.002967, 0.0, -0.012582, 0.990454, -0.137273, 0.3, -0.004739, 0.137223, 0.990529, 0.0, 0.0, 0.0, 0.0, 1.0],
                [0.99991, 0.013113, 0.002967, 0.0, -0.012582, 0.990454, -0.137273, 0.3, -0.004739, 0.137223, 0.990529, 0.0, 0.0, 0.0, 0.0, 1.0],
                [0.99991, 0.013113, 0.002967, -0.0, -0.012582, 0.990454, -0.137273, 0.3, -0.004739, 0.137223, 0.990529, 0.0, 0.0, 0.0, 0.0, 1.0],
                [0.99991, 0.013113, 0.002967, -0.0, -0.012582, 0.990454, -0.137273, 0.3, -0.004739, 0.137223, 0.990529, -0.0, 0.0, 0.0, 0.0, 1.0]
            ]
        },
        {
            "name": "Tool_L",
            "time": [0.0, 0.2, 0.3167, 0.8, 1.1167],
            "transform": [
                [0.998658, 0.039723, -0.033233, -0.012677, 0.043929, -0.98956, 0.137266, 0.208813, -0.027417, -0.138471, -0.989393, 0.160811, 0.0, 0.0, 0.0, 1.0],
                [0.998658, 0.039723, -0.033233, -0.012677, 0.043929, -0.98956, 0.137266, 0.208813, -0.027417, -0.138471, -0.989393, 0.160811, 0.0, 0.0, 0.0, 1.0],
                [0.998658, 0.039723, -0.033233, -0.012677, 0.043929, -0.98956, 0.137266, 0.208813, -0.027417, -0.138471, -0.989393, 0.160811, 0.0, 0.0, 0.0, 1.0],
                [0.998658, 0.039723, -0.033233, -0.012677, 0.043929, -0.98956, 0.137266, 0.208813, -0.027417, -0.138471, -0.989393, 0.160811, 0.0, 0.0, 0.0, 1.0],
                [0.998658, 0.039723, -0.033233, -0.012677, 0.043929, -0.98956, 0.137266, 0.208813, -0.027417, -0.138471, -0.989393, 0.160811, 0.0, 0.0, 0.0, 1.0]
            ]
        },
        {
            "name": "Elbow_L",
            "time": [0.0, 0.2, 0.3167, 0.8, 1.1167],
            "transform": [
                [-0.999641, -0.01093, -0.024478, -0.001644, 0.023045, 0.116082, -0.992972, 0.298484, 0.013695, -0.99318, -0.115789, -0.001028, 0.0, 0.0, 0.0, 1.0],
                [-0.999641, -0.01093, -0.024478, -0.001644, 0.023045, 0.116082, -0.992972, 0.298484, 0.013695, -0.99318, -0.115789, -0.001028, 0.0, 0.0, 0.0, 1.0],
                [-0.999641, -0.01093, -0.024478, -0.001644, 0.023045, 0.116082, -0.992972, 0.298484, 0.013695, -0.99318, -0.115789, -0.001028, 0.0, 0.0, 0.0, 1.0],
                [-0.999641, -0.01093, -0.024478, -0.001644, 0.023045, 0.116082, -0.992972, 0.298484, 0.013695, -0.99318, -0.115789, -0.001028, 0.0, 0.0, 0.0, 1.0],
                [-0.999641, -0.01093, -0.024478, -0.001644, 0.023045, 0.116082, -0.992972, 0.298484, 0.013695, -0.99318, -0.115789, -0.001028, 0.0, 0.0, 0.0, 1.0]
            ]
        }
    ]
}