{
    "animation": [
        {
            "name": "Root",
            "time": [0.0, 0.15, 0.4833, 0.6167, 1.1167, 1.5667],
            "transform": [
                [0.854689, 0.0, -0.51914, -5e-06, -0.51914, 0.0, -0.854689, 0.000946, 0.0, 1.0, 0.0, 0.777146, 0.0, 0.0, 0.0, 1.0],
                [0.574479, -0.001398, -0.818518, -0.130297, -0.812639, -0.120623, -0.570147, -1.041527, -0.097935, 0.992697, -0.070431, 0.648782, 0.0, 0.0, 0.0, 1.0],
                [0.477689, -0.01054, -0.878466, -0.166588, -0.868978, -0.152708, -0.470698, -1.331896, -0.129187, 0.988215, -0.082106, 0.613028, 0.0, 0.0, 0.0, 1.0],
                [0.933141, 0.147342, 0.327931, -0.166588, 0.317714, 0.088894, -0.94401, 1.749217, -0.168243, 0.985083, 0.036138, 0.613028, 0.0, 0.0, 0.0, 1.0],
                [0.856577, 0.136243, 0.497708, -0.166588, 0.48283, 0.128707, -0.866204, 2.595338, -0.182073, 0.982279, 0.044465, 0.613028, 0.0, 0.0, 0.0, 1.0],
                [0.854689, 0.0, -0.51914, -5e-06, -0.51914, 0.0, -0.854689, 2.41342, 0.0, 1.0, 0.0, 0.777146, 0.0, 0.0, 0.0, 1.0]
            ]
        },
        {
            "name": "Thigh_R",
            "time": [0.0, 0.0667, 0.15, 0.4833, 0.6167, 1.1167, 1.5667],
            "transform": [
                [0.987912, 0.153416, 0.022211, 0.124994, 0.152036, -0.986881, 0.054282, -0.002831, 0.030247, -0.050248, -0.998279, -1.2e-05, 0.0, 0.0, 0.0, 1.0],
                [0.945746, -0.083205, -0.314069, 0.124994, 0.173556, -0.687805, 0.704841, -0.002831, -0.274666, -0.721108, -0.636051, -1.2e-05, 0.0, 0.0, 0.0, 1.0],
                [0.812341, 0.582826, -0.020353, 0.124994, 0.577724, -0.80901, -0.108325, -0.002831, -0.0796, 0.076239, -0.993908, -1.2e-05, 0.0, 0.0, 0.0, 1.0],
                [0.730057, 0.68314, -0.018292, 0.124994, 0.67296, -0.723317, -0.154712, -0.002831, -0.118921, 0.100639, -0.98779, -1.2e-05, 0.0, 0.0, 0.0, 1.0],
                [0.793119, 0.608301, -0.030512, 0.124994, 0.323589, -0.378402, 0.867238, -0.002831, 0.515996, -0.697695, -0.496959, -1.2e-05, 0.0, 0.0, 0.0, 1.0],
                [0.809852, 0.586441, -0.01498, 0.124994, 0.284683, -0.370551, 0.884108, -0.002831, 0.512926, -0.72026, -0.467044, -1.2e-05, 0.0, 0.0, 0.0, 1.0],
                [0.987912, 0.153416, 0.022211, 0.124994, 0.152036, -0.986881, 0.054282, -0.002831, 0.030247, -0.050248, -0.998279, -1.2e-05, 0.0, 0.0, 0.0, 1.0]
            ]
        },
        {
            "name": "Leg_R",
            "time": [0.0, 0.0667, 0.15, 0.4833, 0.6167, 1.1167, 1.5667],
            "transform": [
                [0.998294, -0.058382, 2e-06, -0.0, 0.058095, 0.993385, 0.099059, 0.37472, -0.005785, -0.09889, 0.995081, -0.0, 0.0, 0.0, 0.0, 1.0],
                [0.998294, -0.04509, -0.037085, -0.0, 0.058094, 0.704278, 0.707543, 0.37472, -0.005785, -0.708492, 0.705695, -0.0, 0.0, 0.0, 0.0, 1.0],
                [0.998294, -0.058382, 2e-06, 0.0, 0.058095, 0.993385, 0.099059, 0.37472, -0.005785, -0.09889, 0.995081, 0.0, 0.0, 0.0, 0.0, 1.0],
                [0.998294, -0.058382, 2e-06, 0.0, 0.058095, 0.993385, 0.099059, 0.37472, -0.005785, -0.09889, 0.995081, 0.0, 0.0, 0.0, 0.0, 1.0],
                [0.999542, -0.020661, -0.022094, 0.0, 0.027799, 0.915401, 0.401583, 0.37472, 0.011928, -0.402014, 0.915555, 0.0, 0.0, 0.0, 0.0, 1.0],
                [0.999597, -0.006645, -0.027598, 0.0, 0.023968, 0.718471, 0.695144, 0.37472, 0.01521, -0.695527, 0.718339, -0.0, 0.0, 0.0, 0.0, 1.0],
                [0.998294, -0.058382, 2e-06, 0.0, 0.058095, 0.993385, 0.099059, 0.37472, -0.005785, -0.09889, 0.995081, -0.0, 0.0, 0.0, 0.0, 1.0]
            ]
        },
        {
            "name": "Knee_R",
            "time": [0.0, 0.15, 0.4833, 0.6167, 1.1167, 1.5667],
            "transform": [
                [1.0, 0.0, -0.0, -0.0, -0.0, 1e-06, -1.0, 0.37472, -0.0, 1.0, 1e-06, -0.0, 0.0, 0.0, 0.0, 1.0],
                [1.0, -0.0, -0.0, 0.0, -0.0, 1e-06, -1.0, 0.37472, -0.0, 1.0, 1e-06, 0.0, 0.0, 0.0, 0.0, 1.0],
                [1.0, 0.0, -0.0, 0.0, -0.0, 1e-06, -1.0, 0.37472, -0.0, 1.0, 1e-06, 0.0, 0.0, 0.0, 0.0, 1.0],
                [1.0, 0.0, -0.0, 0.0, -0.0, 1e-06, -1.0, 0.37472, -0.0, 1.0, 1e-06, 0.0, 0.0, 0.0, 0.0, 1.0],
                [1.0, 0.0, -0.0, 0.0, -0.0, 1e-06, -1.0, 0.37472, -0.0, 1.0, 1e-06, -0.0, 0.0, 0.0, 0.0, 1.0],
                [1.0, 0.0, -0.0, 0.0, -0.0, 1e-06, -1.0, 0.37472, -0.0, 1.0, 1e-06, -0.0, 0.0, 0.0, 0.0, 1.0]
            ]
        },
        {
            "name": "Thigh_L",
            "time": [0.0, 0.0667, 0.15, 0.4833, 0.6167, 1.1167, 1.5667],
            "transform": [
                [0.779746, -0.258577, -0.570204, -0.109662, -0.133597, -0.958473, 0.251956, -0.002831, -0.611675, -0.120283, -0.781911, 0.02525, 0.0, 0.0, 0.0, 1.0],
                [0.727475, -0.377808, -0.572749, -0.109662, -0.021257, -0.846757, 0.531554, -0.002831, -0.685804, -0.374517, -0.624026, 0.02525, 0.0, 0.0, 0.0, 1.0],
                [0.637637, -0.442158, -0.630805, -0.109662, -0.166297, -0.87857, 0.447728, -0.002831, -0.752172, -0.180587, -0.633738, 0.02525, 0.0, 0.0, 0.0, 1.0],
                [0.59345, -0.491907, -0.637058, -0.109662, -0.167736, -0.849712, 0.499853, -0.002831, -0.787197, -0.18978, -0.586773, 0.02525, 0.0, 0.0, 0.0, 1.0],
                [0.958825, -0.267586, 0.095139, -0.109662, -0.163282, -0.793516, -0.586234, -0.002831, 0.232362, 0.546563, -0.804535, 0.02525, 0.0, 0.0, 0.0, 1.0],
                [0.962744, -0.011155, 0.270183, -0.109662, 0.074228, -0.949869, -0.30371, -0.002831, 0.260026, 0.31245, -0.913652, 0.02525, 0.0, 0.0, 0.0, 1.0],
                [0.779746, -0.258577, -0.570204, -0.109662, -0.133597, -0.958473, 0.251956, -0.002831, -0.611675, -0.120283, -0.781911, 0.02525, 0.0, 0.0, 0.0, 1.0]
            ]
        },
        {
            "name": "Leg_L",
            "time": [0.0, 0.15, 0.4833, 0.6167, 1.1167, 1.5667],
            "transform": [
                [0.997933, 0.060521, 0.021628, 0.0, -0.064028, 0.965345, 0.252999, 0.37472, -0.005566, -0.25386, 0.967225, 0.0, 0.0, 0.0, 0.0, 1.0],
                [0.997933, 0.060521, 0.021628, 0.0, -0.064028, 0.965345, 0.252999, 0.37472, -0.005566, -0.25386, 0.967225, -0.0, 0.0, 0.0, 0.0, 1.0],
                [0.997933, 0.060521, 0.021628, -0.0, -0.064028, 0.965345, 0.252999, 0.37472, -0.005566, -0.25386, 0.967225, -0.0, 0.0, 0.0, 0.0, 1.0],
                [0.997933, 0.060521, 0.021628, 0.0, -0.064028, 0.965345, 0.252999, 0.37472, -0.005566, -0.25386, 0.967225, 0.0, 0.0, 0.0, 0.0, 1.0],
                [0.997933, 0.060521, 0.021628, 0.0, -0.064028, 0.965345, 0.252999, 0.37472, -0.005566, -0.25386, 0.967225, 0.0, 0.0, 0.0, 0.0, 1.0],
                [0.997933, 0.060521, 0.021628, 0.0, -0.064028, 0.965345, 0.252999, 0.37472, -0.005566, -0.25386, 0.967225, -1e-06, 0.0, 0.0, 0.0, 1.0]
            ]
        },
        {
            "name": "Knee_L",
            "time": [0.0, 0.15, 0.4833, 0.6167, 1.1167, 1.5667],
            "transform": [
                [1.0, 0.0, -0.0, 0.0, -0.0, 1e-06, -1.0, 0.37472, -0.0, 1.0, 1e-06, 0.0, 0.0, 0.0, 0.0, 1.0],
                [1.0, 0.0, -0.0, 0.0, -0.0, 1e-06, -1.0, 0.37472, -0.0, 1.0, 1e-06, -0.0, 0.0, 0.0, 0.0, 1.0],
                [1.0, 0.0, -0.0, -0.0, -0.0, 1e-06, -1.0, 0.37472, -0.0, 1.0, 1e-06, -0.0, 0.0, 0.0, 0.0, 1.0],
                [1.0, 0.0, -0.0, 0.0, -0.0, 1e-06, -1.0, 0.37472, -0.0, 1.0, 1e-06, 0.0, 0.0, 0.0, 0.0, 1.0],
                [1.0, 0.0, -0.0, 0.0, -0.0, 1e-06, -1.0, 0.37472, -0.0, 1.0, 1e-06, 0.0, 0.0, 0.0, 0.0, 1.0],
                [1.0, 0.0, -0.0, 0.0, -0.0, 1e-06, -1.0, 0.37472, -0.0, 1.0, 1e-06, -1e-06, 0.0, 0.0, 0.0, 1.0]
            ]
        },
        {
            "name": "Torso",
            "time": [0.0, 0.15, 0.4833, 0.6167, 1.1167, 1.5667],
            "transform": [
                [0.965662, -0.025127, 0.258583, -0.0, 0.020968, 0.999603, 0.018828, 0.05, -0.258953, -0.012759, 0.965806, 0.0, 0.0, 0.0, 0.0, 1.0],
                [0.986034, -0.031592, 0.16352, -0.0, 0.022105, 0.997983, 0.059515, 0.05, -0.16507, -0.055069, 0.984743, 0.0, 0.0, 0.0, 0.0, 1.0],
                [0.990074, -0.032656, 0.136704, 0.0, 0.023117, 0.997223, 0.070791, 0.05, -0.138636, -0.066928, 0.988079, -0.0, 0.0, 0.0, 0.0, 1.0],
                [0.968464, -0.197028, 0.152504, -0.0, 0.182437, 0.977647, 0.104517, 0.05, -0.169688, -0.073399, 0.982761, -0.0, 0.0, 0.0, 0.0, 1.0],
                [0.977134, -0.146862, 0.153758, 0.0, 0.123185, 0.980424, 0.153606, 0.05, -0.173307, -0.131153, 0.976096, 0.0, 0.0, 0.0, 0.0, 1.0],
                [0.965662, -0.025127, 0.258583, -0.0, 0.020968, 0.999603, 0.018828, 0.05, -0.258953, -0.012759, 0.965806, 0.0, 0.0, 0.0, 0.0, 1.0]
            ]
        },
        {
            "name": "Chest",
            "time": [0.0, 0.0833, 0.15, 0.4833, 0.6167, 1.1167, 1.5667],
            "transform": [
                [0.986768, -0.023894, -0.160365, -0.0, 0.026191, 0.999582, 0.012223, 0.3, 0.160006, -0.016261, 0.986982, -0.0, 0.0, 0.0, 0.0, 1.0],
                [0.96846, -0.037151, -0.246383, -0.0, 0.11094, 0.949694, 0.292872, 0.3, 0.223108, -0.310968, 0.923862, -0.0, 0.0, 0.0, 0.0, 1.0],
                [0.982707, 0.024428, -0.183547, -0.0, 0.025626, 0.963779, 0.265468, 0.3, 0.183384, -0.265581, 0.946487, 0.0, 0.0, 0.0, 0.0, 1.0],
                [0.981462, 0.038757, -0.187698, 0.0, 0.026549, 0.942405, 0.333419, 0.3, 0.18981, -0.332221, 0.923905, 0.0, 0.0, 0.0, 0.0, 1.0],
                [0.951411, 0.105327, 0.289349, -0.0, -0.143466, 0.983081, 0.113878, 0.3, -0.272459, -0.149856, 0.950426, 0.0, 0.0, 0.0, 0.0, 1.0],
                [0.920902, 0.180402, 0.345536, -0.0, -0.223062, 0.970859, 0.087613, 0.3, -0.319661, -0.157759, 0.934307, -0.0, 0.0, 0.0, 0.0, 1.0],
                [0.986768, -0.023894, -0.160365, 0.0, 0.026191, 0.999582, 0.012223, 0.3, 0.160006, -0.016261, 0.986982, 0.0, 0.0, 0.0, 0.0, 1.0]
            ]
        },
        {
            "name": "Head",
            "time": [0.0, 0.15, 0.4833, 0.6167, 1.1167, 1.5667],
            "transform": [
                [0.907906, 0.03176, 0.417969, -0.0, -0.015014, 0.99895, -0.043293, 0.4, -0.418905, 0.033031, 0.907429, -0.0, 0.0, 0.0, 0.0, 1.0],
                [0.577755, 0.03176, 0.815592, -0.0, 0.008618, 0.99895, -0.045005, 0.4, -0.816165, 0.033031, 0.576874, 0.0, 0.0, 0.0, 0.0, 1.0],
                [0.4546, 0.03176, 0.890129, 0.0, 0.014994, 0.99895, -0.0433, 0.4, -0.89057, 0.033031, 0.453646, -0.0, 0.0, 0.0, 0.0, 1.0],
                [0.656753, 0.03176, -0.753436, 0.0, -0.045769, 0.99895, 0.002213, 0.4, 0.752715, 0.033031, 0.657517, -0.0, 0.0, 0.0, 0.0, 1.0],
                [0.637538, 0.03176, -0.769764, -0.0, -0.045699, 0.99895, 0.003367, 0.4, 0.769062, 0.033031, 0.63832, 0.0, 0.0, 0.0, 0.0, 1.0],
                [0.907906, 0.03176, 0.417969, 0.0, -0.015014, 0.99895, -0.043293, 0.4, -0.418905, 0.033031, 0.907429, 0.0, 0.0, 0.0, 0.0, 1.0]
            ]
        },
        {
            "name": "Shoulder_R",
            "time": [0.0, 0.15, 0.4833, 0.6167, 1.1167, 1.5667],
            "transform": [
                [-0.059544, 0.923942, 0.37787, -0.0, -0.044266, -0.380613, 0.923674, 0.4, 0.997244, 0.038273, 0.063562, -0.0, 0.0, 0.0, 0.0, 1.0],
                [-0.059544, 0.969437, 0.238003, -0.0, -0.044266, -0.240756, 0.969576, 0.4, 0.997244, 0.047197, 0.057249, 0.0, 0.0, 0.0, 0.0, 1.0],
                [-0.059544, 0.978386, 0.198025, 0.0, -0.044266, -0.20077, 0.978638, 0.4, 0.997243, 0.049507, 0.055264, -0.0, 0.0, 0.0, 0.0, 1.0],
                [0.278222, 0.940103, 0.196973, 0.0, -0.10991, -0.172563, 0.978847, 0.4, 0.954207, -0.293986, 0.055315, -0.0, 0.0, 0.0, 0.0, 1.0],
                [0.324595, 0.924891, 0.198025, -0.0, -0.118672, -0.167884, 0.978638, 0.4, 0.938379, -0.341161, 0.055264, 0.0, 0.0, 0.0, 0.0, 1.0],
                [-0.059544, 0.923942, 0.37787, 0.0, -0.044266, -0.380613, 0.923674, 0.4, 0.997244, 0.038273, 0.063562, 0.0, 0.0, 0.0, 0.0, 1.0]
            ]
        },
        {
            "name": "Arm_R",
            "time": [0.0, 0.15, 0.4833, 0.6167, 1.1167, 1.5667],
            "transform": [
                [0.37979, -0.51784, -0.766552, 0.0, 0.848036, 0.525955, 0.064856, 0.39386, 0.369587, -0.674695, 0.638899, -0.0, 0.0, 0.0, 0.0, 1.0],
                [0.309731, 0.275638, -0.909995, -0.0, 0.511112, 0.758759, 0.403794, 0.39386, 0.801767, -0.590177, 0.094129, -0.0, 0.0, 0.0, 0.0, 1.0],
                [0.216259, 0.473028, -0.854094, 0.0, 0.418834, 0.745265, 0.518805, 0.393861, 0.881935, -0.46992, -0.03695, 0.0, 0.0, 0.0, 0.0, 1.0],
                [-0.089774, -0.498641, -0.862147, 0.0, -0.272495, 0.84491, -0.460297, 0.39386, 0.95796, 0.193608, -0.211728, 0.0, 0.0, 0.0, 0.0, 1.0],
                [-0.350061, -0.517182, -0.781012, -0.0, 0.076104, 0.815309, -0.574004, 0.393861, 0.93363, -0.260374, -0.246048, -0.0, 0.0, 0.0, 0.0, 1.0],
                [0.37979, -0.51784, -0.766552, -0.0, 0.848036, 0.525955, 0.064856, 0.393861, 0.369587, -0.674695, 0.638899, -0.0, 0.0, 0.0, 0.0, 1.0]
            ]
        },
        {
            "name": "Hand_R",
            "time": [0.0, 0.15, 0.4833, 0.6167, 1.1167, 1.5667],
            "transform": [
                [0.999599, -0.000132, 0.028315, 0.0, 0.023395, -0.559493, -0.828505, 0.3, 0.015951, 0.828835, -0.559265, 0.0, 0.0, 0.0, 0.0, 1.0],
                [0.999599, -0.000132, 0.028315, 0.0, 0.023395, -0.559493, -0.828505, 0.3, 0.015951, 0.828835, -0.559266, -0.0, 0.0, 0.0, 0.0, 1.0],
                [0.999599, -0.000132, 0.028315, 0.0, 0.023395, -0.559493, -0.828505, 0.3, 0.015951, 0.828835, -0.559266, -0.0, 0.0, 0.0, 0.0, 1.0],
                [0.999599, -0.019102, 0.020902, 0.0, 0.023395, 0.141311, -0.989689, 0.3, 0.015951, 0.989781, 0.141701, 0.0, 0.0, 0.0, 0.0, 1.0],
                [0.999599, -0.021157, 0.018819, -0.0, 0.023395, 0.242682, -0.969824, 0.3, 0.015951, 0.969875, 0.243079, -0.0, 0.0, 0.0, 0.0, 1.0],
                [0.999599, -0.000132, 0.028315, -0.0, 0.023395, -0.559493, -0.828505, 0.3, 0.015951, 0.828835, -0.559265, -0.0, 0.0, 0.0, 0.0, 1.0]
            ]
        },
        {
            "name": "Tool_R",
            "time": [0.0, 0.15, 0.4833, 0.6167, 1.1167, 1.5667],
            "transform": [
                [0.999822, 0.009713, 0.016189, -0.017311, 0.006818, -0.985396, 0.17014, 0.36637, 0.017595, -0.169909, -0.984702, 0.051121, 0.0, 0.0, 0.0, 1.0],
                [0.999822, 0.009713, 0.016189, -0.017312, 0.006818, -0.985396, 0.17014, 0.36637, 0.017595, -0.169909, -0.984702, 0.051121, 0.0, 0.0, 0.0, 1.0],
                [0.999822, 0.009713, 0.016189, -0.017311, 0.006818, -0.985396, 0.17014, 0.36637, 0.017595, -0.169909, -0.984702, 0.051121, 0.0, 0.0, 0.0, 1.0],
                [0.999822, 0.009713, 0.016189, -0.017311, 0.006818, -0.985396, 0.17014, 0.36637, 0.017595, -0.169909, -0.984702, 0.051121, 0.0, 0.0, 0.0, 1.0],
                [0.999822, 0.009713, 0.016189, -0.017311, 0.006818, -0.985396, 0.17014, 0.36637, 0.017595, -0.169909, -0.984702, 0.051121, 0.0, 0.0, 0.0, 1.0],
                [0.999822, 0.009713, 0.016189, -0.017312, 0.006818, -0.985396, 0.17014, 0.36637, 0.017595, -0.169909, -0.984702, 0.051121, 0.0, 0.0, 0.0, 1.0]
            ]
        },
        {
            "name": "Elbow_R",
            "time": [0.0, 0.15, 0.4833, 0.6167, 1.1167, 1.5667],
            "transform": [
                [-1.0, 0.0, 0.0, 0.0, 0.0, 0.914649, -0.404248, 0.332805, -0.0, -0.404248, -0.914649, -0.022554, 0.0, 0.0, 0.0, 1.0],
                [-1.0, 0.0, 0.0, -0.0, -0.0, 0.91465, -0.404248, 0.332805, -0.0, -0.404248, -0.914649, -0.022554, 0.0, 0.0, 0.0, 1.0],
                [-1.0, 0.0, 0.0, 0.0, 0.0, 0.914649, -0.404248, 0.332805, -0.0, -0.404248, -0.914649, -0.022554, 0.0, 0.0, 0.0, 1.0],
                [-1.0, 0.0, 0.0, 0.0, -0.0, 0.734611, -0.678489, 0.332805, -0.0, -0.678489, -0.734611, -0.022554, 0.0, 0.0, 0.0, 1.0],
                [-1.0, 0.0, 0.0, 0.0, -0.0, 0.70183, -0.712344, 0.332805, -0.0, -0.712345, -0.70183, -0.022554, 0.0, 0.0, 0.0, 1.0],
                [-1.0, 0.0, 0.0, -0.0, 0.0, 0.914649, -0.404248, 0.332805, -0.0, -0.404248, -0.914649, -0.022554, 0.0, 0.0, 0.0, 1.0]
            ]
        },
        {
            "name": "Shoulder_L",
            "time": [0.0, 0.15, 0.4833, 0.6167, 1.1167, 1.5667],
            "transform": [
                [-0.007939, -0.952498, -0.304441, -0.0, -0.088921, -0.302572, 0.94897, 0.4, -0.996007, 0.034605, -0.082295, -0.0, 0.0, 0.0, 0.0, 1.0],
                [-0.007939, -0.952498, -0.304441, -0.0, -0.088921, -0.302572, 0.948969, 0.4, -0.996007, 0.034605, -0.082295, 0.0, 0.0, 0.0, 0.0, 1.0],
                [-0.007939, -0.952498, -0.304441, 0.0, -0.088921, -0.302572, 0.948969, 0.4, -0.996007, 0.034605, -0.082295, -0.0, 0.0, 0.0, 0.0, 1.0],
                [-0.007939, -0.952498, -0.304441, 0.0, -0.088921, -0.302572, 0.948969, 0.4, -0.996007, 0.034605, -0.082295, -0.0, 0.0, 0.0, 0.0, 1.0],
                [-0.007939, -0.952498, -0.304441, -0.0, -0.088921, -0.302572, 0.948969, 0.4, -0.996007, 0.034605, -0.082295, 0.0, 0.0, 0.0, 0.0, 1.0],
                [-0.007939, -0.952498, -0.304441, 0.0, -0.088921, -0.302572, 0.94897, 0.4, -0.996007, 0.034605, -0.082295, 0.0, 0.0, 0.0, 0.0, 1.0]
            ]
        },
        {
            "name": "Arm_L",
            "time": [0.0, 0.15, 0.4833, 0.6167, 1.1167, 1.5667],
            "transform": [
                [0.23308, -0.066353, 0.970191, -0.0, -0.85088, 0.469118, 0.2365, 0.39386, -0.470827, -0.880639, 0.052883, -0.0, 0.0, 0.0, 0.0, 1.0],
                [0.354207, 0.209346, 0.911434, 0.0, -0.367499, 0.927371, -0.070187, 0.39386, -0.859931, -0.310091, 0.405416, 0.0, 0.0, 0.0, 0.0, 1.0],
                [0.413038, 0.258239, 0.873334, 0.0, -0.203837, 0.960841, -0.187711, 0.39386, -0.887609, -0.100486, 0.449503, 0.0, 0.0, 0.0, 0.0, 1.0],
                [0.413038, -0.187761, 0.891148, -0.0, -0.203837, 0.934632, 0.291399, 0.39386, -0.887609, -0.302008, 0.347766, -0.0, 0.0, 0.0, 0.0, 1.0],
                [0.413038, -0.249998, 0.875728, 0.0, -0.203837, 0.911812, 0.356439, 0.39386, -0.887609, -0.325729, 0.325655, 0.0, 0.0, 0.0, 0.0, 1.0],
                [0.23308, -0.066353, 0.970191, -0.0, -0.85088, 0.469118, 0.2365, 0.39386, -0.470827, -0.880639, 0.052883, -0.0, 0.0, 0.0, 0.0, 1.0]
            ]
        },
        {
            "name": "Hand_L",
            "time": [0.0, 0.15, 0.4833, 0.6167, 1.1167, 1.5667],
            "transform": [
                [0.99991, 0.013113, 0.002967, 0.0, -0.012582, 0.990454, -0.137273, 0.3, -0.004739, 0.137223, 0.990529, 0.0, 0.0, 0.0, 0.0, 1.0],
                [0.99991, 0.013113, 0.002967, 0.0, -0.012582, 0.990454, -0.137273, 0.3, -0.004739, 0.137223, 0.990529, -0.0, 0.0, 0.0, 0.0, 1.0],
                [0.99991, 0.013113, 0.002967, 0.0, -0.012582, 0.990454, -0.137273, 0.3, -0.004739, 0.137223, 0.990529, -0.0, 0.0, 0.0, 0.0, 1.0],
                [0.99991, 0.013113, 0.002967, -0.0, -0.012582, 0.990453, -0.137273, 0.3, -0.004739, 0.137223, 0.990529, -0.0, 0.0, 0.0, 0.0, 1.0],
                [0.99991, 0.013113, 0.002967, -0.0, -0.012582, 0.990454, -0.137273, 0.3, -0.004739, 0.137223, 0.990529, -0.0, 0.0, 0.0, 0.0, 1.0],
                [0.99991, 0.013113, 0.002967, -0.0, -0.012582, 0.990454, -0.137273, 0.3, -0.004739, 0.137223, 0.990529, -0.0, 0.0, 0.0, 0.0, 1.0]
            ]
        },
        {
            "name": "Tool_L",
            "time": [0.0, 0.15, 0.4833, 0.6167, 1.1167, 1.5667],
            "transform": [
                [0.998658, 0.039723, -0.033233, -0.012677, 0.043929, -0.98956, 0.137266, 0.208813, -0.027417, -0.138471, -0.989393, 0.160811, 0.0, 0.0, 0.0, 1.0],
                [0.998658, 0.039723, -0.033233, -0.012677, 0.043929, -0.98956, 0.137266, 0.208813, -0.027417, -0.13847, -0.989393, 0.160811, 0.0, 0.0, 0.0, 1.0],
                [0.998658, 0.039723, -0.033233, -0.012677, 0.043929, -0.98956, 0.137266, 0.208813, -0.027417, -0.138471, -0.989393, 0.160811, 0.0, 0.0, 0.0, 1.0],
                [0.998658, 0.039723, -0.033233, -0.012677, 0.043929, -0.989559, 0.137266, 0.208813, -0.027417, -0.13847, -0.989393, 0.160811, 0.0, 0.0, 0.0, 1.0],
                [0.998658, 0.039723, -0.033233, -0.012677, 0.043929, -0.98956, 0.137266, 0.208813, -0.027417, -0.138471, -0.989393, 0.160811, 0.0, 0.0, 0.0, 1.0],
                [0.998658, 0.039723, -0.033233, -0.012677, 0.043929, -0.98956, 0.137266, 0.208813, -0.027417, -0.138471, -0.989393, 0.160811, 0.0, 0.0, 0.0, 1.0]
            ]
        },
        {
            "name": "Elbow_L",
            "time": [0.0, 0.15, 0.4833, 0.6167, 1.1167, 1.5667],
            "transform": [
                [-0.999641, -0.01093, -0.024478, -0.001644, 0.023045, 0.116082, -0.992972, 0.298484, 0.013695, -0.99318, -0.115789, -0.001028, 0.0, 0.0, 0.0, 1.0],
                [-0.999641, -0.01093, -0.024478, -0.001644, 0.023045, 0.116083, -0.992972, 0.298484, 0.013695, -0.99318, -0.115789, -0.001028, 0.0, 0.0, 0.0, 1.0],
                [-0.999641, -0.01093, -0.024478, -0.001644, 0.023045, 0.116083, -0.992972, 0.298484, 0.013695, -0.99318, -0.115789, -0.001028, 0.0, 0.0, 0.0, 1.0],
                [-0.999641, -0.010931, -0.024478, -0.001644, 0.023045, 0.116082, -0.992972, 0.298484, 0.013695, -0.99318, -0.115789, -0.001028, 0.0, 0.0, 0.0, 1.0],
                [-0.999641, -0.01093, -0.024478, -0.001644, 0.023045, 0.116082, -0.992972, 0.298484, 0.013695, -0.99318, -0.115789, -0.001028, 0.0, 0.0, 0.0, 1.0],
                [-0.999641, -0.01093, -0.024478, -0.001644, 0.023045, 0.116082, -0.992972, 0.298484, 0.013695, -0.99318, -0.115789, -0.001028, 0.0, 0.0, 0.0, 1.0]
            ]
        }
    ]
}