{
    "animation": [
        {
            "name": "Root",
            "time": [0.0, 0.1, 0.1833, 0.3333],
            "transform": [
                [0.988959, 0.032802, -0.144511, -5e-06, -0.145278, 0.406893, -0.90185, 0.000946, 0.029218, 0.912887, 0.407166, 0.371319, 0.0, 0.0, 0.0, 1.0],
                [0.997913, 0.010231, -0.063759, -5e-06, -0.064425, 0.224943, -0.97224, 0.000946, 0.004395, 0.974318, 0.225133, 0.553244, 0.0, 0.0, 0.0, 1.0],
                [0.999992, 0.003801, -0.00152, -5e-06, -0.001831, 0.083256, -0.996526, 0.000946, -0.003661, 0.996521, 0.083263, 0.688122, 0.0, 0.0, 0.0, 1.0],
                [0.999992, 0.003801, -0.00152, -5e-06, -0.001831, 0.083256, -0.996526, 0.000946, -0.003661, 0.996521, 0.083263, 0.521938, 0.0, 0.0, 0.0, 1.0]
            ]
        },
        {
            "name": "Thigh_R",
            "time": [0.0, 0.1, 0.1833, 0.3333],
            "transform": [
                [0.998328, 0.007975, -0.057237, 0.124994, 0.038324, -0.832676, 0.552429, -0.002831, -0.043255, -0.553698, -0.831593, -1.2e-05, 0.0, 0.0, 0.0, 1.0],
                [0.987497, 0.071231, 0.140623, 0.124994, 0.072125, -0.997393, -0.001258, -0.002831, 0.140167, 0.011385, -0.990063, -1.2e-05, 0.0, 0.0, 0.0, 1.0],
                [0.961173, 0.211974, 0.176672, 0.124994, 0.109692, -0.880984, 0.460252, -0.002831, 0.253207, -0.423001, -0.870032, -1.2e-05, 0.0, 0.0, 0.0, 1.0],
                [0.991927, 0.096632, -0.082114, 0.124994, 0.126417, -0.702687, 0.700177, -0.002831, 0.009959, -0.704903, -0.709232, -1.2e-05, 0.0, 0.0, 0.0, 1.0]
            ]
        },
        {
            "name": "Leg_R",
            "time": [0.0, 0.1, 0.1833, 0.3333],
            "transform": [
                [1.0, -1e-06, 2e-06, -0.0, -2e-06, -0.220957, 0.975283, 0.37472, -0.0, -0.975285, -0.220956, -0.0, 0.0, 0.0, 0.0, 1.0],
                [1.0, -0.0, 3e-06, -0.0, 0.0, 0.99995, 0.010037, 0.37472, -3e-06, -0.010037, 0.999949, 0.0, 0.0, 0.0, 0.0, 1.0],
                [1.0, -1e-06, 1e-06, -0.0, -0.0, 0.348471, 0.937319, 0.37472, -1e-06, -0.93732, 0.348471, -0.0, 0.0, 0.0, 0.0, 1.0],
                [1.0, -0.0, 1e-06, -0.0, -1e-06, -0.310651, 0.950524, 0.37472, -0.0, -0.950525, -0.310651, -0.0, 0.0, 0.0, 0.0, 1.0]
            ]
        },
        {
            "name": "Knee_R",
            "time": [0.0, 0.1, 0.1833, 0.3333],
            "transform": [
                [1.0, 0.0, -0.0, -0.001056, -0.0, 1e-06, -1.0, 0.467709, -0.0, 1.0, 1e-06, -0.000189, 0.0, 0.0, 0.0, 1.0],
                [1.0, 0.0, -0.0, -0.0, -0.0, 1e-06, -1.0, 0.37472, -0.0, 1.0, 1e-06, 0.0, 0.0, 0.0, 0.0, 1.0],
                [1.0, 0.0, -0.0, 0.000436, -0.0, 1e-06, -1.0, 0.444163, -0.0, 1.0, 1e-06, -0.000106, 0.0, 0.0, 0.0, 1.0],
                [1.0, 0.0, -0.0, 0.000476, -0.0, 1e-06, -1.0, 0.457311, -0.0, 1.0, 1e-06, -0.002008, 0.0, 0.0, 0.0, 1.0]
            ]
        },
        {
            "name": "Thigh_L",
            "time": [0.0, 0.1, 0.1833, 0.3333],
            "transform": [
                [0.997651, -0.052419, 0.044093, -0.125006, -0.013473, 0.480968, 0.876634, -0.002831, -0.06716, -0.87517, 0.479132, -1.2e-05, 0.0, 0.0, 0.0, 1.0],
                [0.995645, -0.035504, -0.086192, -0.125006, -0.009422, -0.958223, 0.285867, -0.002831, -0.092741, -0.28381, -0.954385, -1.2e-05, 0.0, 0.0, 0.0, 1.0],
                [0.995422, -0.070306, -0.064735, -0.125006, -0.016449, -0.793293, 0.608617, -0.002831, -0.094144, -0.604766, -0.790819, -1.2e-05, 0.0, 0.0, 0.0, 1.0],
                [0.987173, -0.15248, 0.047314, -0.125006, -0.072379, -0.16329, 0.983919, -0.002831, -0.142301, -0.974724, -0.172233, -1.2e-05, 0.0, 0.0, 0.0, 1.0]
            ]
        },
        {
            "name": "Leg_L",
            "time": [0.0, 0.1, 0.1833, 0.3333],
            "transform": [
                [1.0, -1e-06, 1e-06, 0.0, -1e-06, -0.015418, 0.999882, 0.37472, -1e-06, -0.999881, -0.015418, -0.0, 0.0, 0.0, 0.0, 1.0],
                [1.0, -0.0, 1e-06, -0.0, 0.0, 0.999941, 0.01082, 0.37472, -1e-06, -0.01082, 0.999942, -0.0, 0.0, 0.0, 0.0, 1.0],
                [1.0, -1e-06, 1e-06, 0.0, -0.0, 0.639273, 0.76898, 0.37472, -1e-06, -0.768979, 0.639274, 0.0, 0.0, 0.0, 0.0, 1.0],
                [1.0, -1e-06, 0.0, 0.0, -1e-06, -0.12364, 0.992327, 0.37472, -1e-06, -0.992327, -0.12364, -0.0, 0.0, 0.0, 0.0, 1.0]
            ]
        },
        {
            "name": "Knee_L",
            "time": [0.0, 0.1, 0.1833, 0.3333],
            "transform": [
                [1.0, 0.0, -0.0, 8.3e-05, -0.0, 1e-06, -1.0, 0.481575, -0.0, 1.0, 1e-06, -0.001102, 0.0, 0.0, 0.0, 1.0],
                [1.0, 0.0, -0.0, -0.0, -0.0, 1e-06, -1.0, 0.37472, -0.0, 1.0, 1e-06, -0.0, 0.0, 0.0, 0.0, 1.0],
                [1.0, 0.0, -0.0, 0.000249, -0.0, 1e-06, -1.0, 0.419266, -0.0, 1.0, 1e-06, 0.000893, 0.0, 0.0, 0.0, 1.0],
                [1.0, 0.0, -0.0, -0.000586, -0.0, 1e-06, -1.0, 0.485315, -0.0, 1.0, 1e-06, -0.001802, 0.0, 0.0, 0.0, 1.0]
            ]
        },
        {
            "name": "Torso",
            "time": [0.0, 0.1, 0.1833, 0.3333],
            "transform": [
                [0.99978, -0.020971, -0.000197, 0.0, 0.020971, 0.999603, 0.018833, 0.05, -0.000198, -0.018833, 0.999823, -0.0, 0.0, 0.0, 0.0, 1.0],
                [0.999904, -0.013857, -0.000155, -0.0, 0.013857, 0.999655, 0.022315, 0.05, -0.000155, -0.022315, 0.999751, -0.0, 0.0, 0.0, 0.0, 1.0],
                [0.999995, -0.003292, -4.5e-05, 0.0, 0.003292, 0.999617, 0.027484, 0.05, -4.5e-05, -0.027484, 0.999622, 0.0, 0.0, 0.0, 0.0, 1.0],
                [1.0, -0.0, 0.0, 0.0, 0.0, 0.999577, 0.029094, 0.05, -0.0, -0.029094, 0.999577, 0.0, 0.0, 0.0, 0.0, 1.0]
            ]
        },
        {
            "name": "Chest",
            "time": [0.0, 0.1, 0.1833, 0.3333],
            "transform": [
                [0.999771, -0.01782, -0.011872, -0.0, 0.021411, 0.82665, 0.562308, 0.3, -0.000206, -0.562433, 0.826843, 0.0, 0.0, 0.0, 0.0, 1.0],
                [0.999808, -0.019569, -0.001316, -0.0, 0.019613, 0.996926, 0.075855, 0.3, -0.000173, -0.075866, 0.997118, -0.0, 0.0, 0.0, 0.0, 1.0],
                [0.99987, -0.016111, -0.000117, -0.0, 0.016111, 0.999766, 0.014466, 0.3, -0.000117, -0.014466, 0.999896, -0.0, 0.0, 0.0, 0.0, 1.0],
                [0.999924, -0.011803, -0.00345, 0.0, 0.012297, 0.958197, 0.285847, 0.3, -6.8e-05, -0.285868, 0.958269, -0.0, 0.0, 0.0, 0.0, 1.0]
            ]
        },
        {
            "name": "Head",
            "time": [0.0, 0.1, 0.1833, 0.3333],
            "transform": [
                [0.996759, 0.025388, 0.076342, -0.0, -0.002167, 0.957033, -0.289972, 0.4, -0.080423, 0.288866, 0.953985, 0.0, 0.0, 0.0, 0.0, 1.0],
                [0.998489, 0.017963, 0.051928, 0.0, -0.009467, 0.987163, -0.159437, 0.4, -0.054125, 0.158704, 0.985841, -0.0, 0.0, 0.0, 0.0, 1.0],
                [0.999807, 0.016312, 0.01097, -0.0, -0.014093, 0.983827, -0.178566, 0.4, -0.013705, 0.178376, 0.983867, -0.0, 0.0, 0.0, 0.0, 1.0],
                [0.999902, 0.014009, -0.000628, -0.0, -0.013982, 0.992529, -0.121205, 0.4, -0.001075, 0.121202, 0.992627, -0.0, 0.0, 0.0, 0.0, 1.0]
            ]
        },
        {
            "name": "Shoulder_R",
            "time": [0.0, 0.1, 0.1833, 0.3333],
            "transform": [
                [0.0, 0.952114, 0.305743, -0.0, -0.0, -0.305743, 0.952114, 0.4, 1.0, 0.0, 0.0, 0.0, 0.0, 0.0, 0.0, 1.0],
                [0.0, 0.952114, 0.305743, 0.0, 0.0, -0.305743, 0.952114, 0.4, 1.0, 0.0, -0.0, -0.0, 0.0, 0.0, 0.0, 1.0],
                [0.0, 0.952114, 0.305743, -0.0, 0.0, -0.305743, 0.952114, 0.4, 1.0, -0.0, -0.0, -0.0, 0.0, 0.0, 0.0, 1.0],
                [0.0, 0.952114, 0.305743, -0.0, 0.0, -0.305743, 0.952114, 0.4, 1.0, -0.0, -0.0, -0.0, 0.0, 0.0, 0.0, 1.0]
            ]
        },
        {
            "name": "Arm_R",
            "time": [0.0, 0.1, 0.1833, 0.3333],
            "transform": [
                [-0.001145, 0.85639, -0.516327, 0.0, 0.941805, 0.174492, 0.287326, 0.393861, 0.336158, -0.485951, -0.806753, 0.0, 0.0, 0.0, 0.0, 1.0],
                [-0.299511, 0.030669, -0.9536, -0.0, 0.727252, 0.654293, -0.207375, 0.39386, 0.617574, -0.755619, -0.218272, 0.0, 0.0, 0.0, 0.0, 1.0],
                [-0.162805, 0.191498, -0.967896, -0.0, 0.412344, 0.904414, 0.10958, 0.39386, 0.896363, -0.381266, -0.226206, -0.0, 0.0, 0.0, 0.0, 1.0],
                [-0.132092, 0.66638, -0.733819, -0.0, 0.553508, 0.663723, 0.503091, 0.39386, 0.822302, -0.33972, -0.456519, 0.0, 0.0, 0.0, 0.0, 1.0]
            ]
        },
        {
            "name": "Hand_R",
            "time": [0.0, 0.1, 0.1833, 0.3333],
            "transform": [
                [1.0, 0.0, 0.0, 0.0, 0.0, 0.479915, -0.877315, 0.3, -0.0, 0.877315, 0.479915, -0.0, 0.0, 0.0, 0.0, 1.0],
                [1.0, -0.0, 0.0, -0.0, 0.0, 0.924981, -0.380014, 0.3, -0.0, 0.380014, 0.924981, -0.0, 0.0, 0.0, 0.0, 1.0],
                [1.0, 0.0, 0.0, 0.0, 0.0, 0.954066, -0.299599, 0.3, -0.0, 0.299598, 0.954065, 0.0, 0.0, 0.0, 0.0, 1.0],
                [1.0, -0.0, 0.0, 0.0, 0.0, 0.782245, -0.622971, 0.3, -0.0, 0.622971, 0.782245, -0.0, 0.0, 0.0, 0.0, 1.0]
            ]
        },
        {
            "name": "Tool_R",
            "time": [0.0, 0.1, 0.1833, 0.3333],
            "transform": [
                [0.999822, 0.009713, 0.016189, -0.017311, 0.006818, -0.985396, 0.17014, 0.36637, 0.017595, -0.169909, -0.984702, 0.051121, 0.0, 0.0, 0.0, 1.0],
                [0.999822, 0.009713, 0.016189, -0.017312, 0.006818, -0.985396, 0.17014, 0.36637, 0.017595, -0.169909, -0.984702, 0.051121, 0.0, 0.0, 0.0, 1.0],
                [0.999822, 0.009713, 0.016189, -0.017312, 0.006818, -0.985396, 0.17014, 0.36637, 0.017595, -0.169909, -0.984702, 0.051121, 0.0, 0.0, 0.0, 1.0],
                [0.999822, 0.009713, 0.016189, -0.017312, 0.006818, -0.985396, 0.17014, 0.36637, 0.017595, -0.169909, -0.984702, 0.051121, 0.0, 0.0, 0.0, 1.0]
            ]
        },
        {
            "name": "Elbow_R",
            "time": [0.0, 0.1, 0.1833, 0.3333],
            "transform": [
                [-1.0, 0.0, -0.0, -0.000726, 0.0, 0.0, -1.0, 0.405975, -0.0, -1.0, 0.0, 0.00022, 0.0, 0.0, 0.0, 1.0],
                [-1.0, 0.0, -0.0, -0.0, 0.0, 0.0, -1.0, 0.3, -0.0, -1.0, 0.0, -0.0, 0.0, 0.0, 0.0, 1.0],
                [-1.0, 0.0, -0.0, 0.0, -0.0, -0.0, -1.0, 0.3, -0.0, -1.0, 0.0, 0.0, 0.0, 0.0, 0.0, 1.0],
                [-1.0, 0.0, -0.0, 0.000534, -0.0, -0.0, -1.0, 0.37122, -0.0, -1.0, 0.0, 0.001571, 0.0, 0.0, 0.0, 1.0]
            ]
        },
        {
            "name": "Shoulder_L",
            "time": [0.0, 0.1, 0.1833, 0.3333],
            "transform": [
                [-0.149577, -0.942391, -0.299208, -0.0, 0.003199, -0.303072, 0.952962, 0.4, -0.988745, 0.141584, 0.048347, 0.0, 0.0, 0.0, 0.0, 1.0],
                [-0.12023, -0.945992, -0.301071, 0.0, 0.002535, -0.303563, 0.952808, 0.4, -0.992743, 0.113793, 0.038895, -0.0, 0.0, 0.0, 0.0, 1.0],
                [-0.062772, -0.950636, -0.303894, -0.0, 0.001287, -0.304571, 0.952489, 0.4, -0.998027, 0.059399, 0.020342, -0.0, 0.0, 0.0, 0.0, 1.0],
                [-0.0, -0.952114, -0.305743, -0.0, 0.0, -0.305743, 0.952114, 0.4, -1.0, -0.0, 0.0, -0.0, 0.0, 0.0, 0.0, 1.0]
            ]
        },
        {
            "name": "Arm_L",
            "time": [0.0, 0.1, 0.1833, 0.3333],
            "transform": [
                [0.02932, -0.876512, 0.480487, -0.0, -0.94769, 0.128475, 0.292196, 0.39386, -0.317844, -0.46392, -0.826894, 0.0, 0.0, 0.0, 0.0, 1.0],
                [0.159908, 0.219587, 0.962399, -0.0, -0.765905, 0.642662, -0.019374, 0.39386, -0.622752, -0.734007, 0.270949, -0.0, 0.0, 0.0, 0.0, 1.0],
                [-0.214266, -0.082607, 0.973276, -0.0, -0.432312, 0.901531, -0.018656, 0.39386, -0.875898, -0.424756, -0.228879, 0.0, 0.0, 0.0, 0.0, 1.0],
                [0.03442, -0.654551, 0.755234, 0.0, -0.659263, 0.553077, 0.509391, 0.39386, -0.751125, -0.51543, -0.412484, 0.0, 0.0, 0.0, 0.0, 1.0]
            ]
        },
        {
            "name": "Hand_L",
            "time": [0.0, 0.1, 0.1833, 0.3333],
            "transform": [
                [1.0, 0.0, -0.0, -0.0, -0.0, 0.479915, -0.877315, 0.3, -0.0, 0.877315, 0.479915, 0.0, 0.0, 0.0, 0.0, 1.0],
                [1.0, 0.0, 0.0, -0.0, -0.0, 0.924981, -0.380014, 0.3, -0.0, 0.380014, 0.924981, 0.0, 0.0, 0.0, 0.0, 1.0],
                [1.0, 0.0, 0.0, -0.0, 0.0, 0.907121, -0.42087, 0.3, -0.0, 0.42087, 0.907121, 0.0, 0.0, 0.0, 0.0, 1.0],
                [1.0, 0.0, -0.0, 0.0, -0.0, 0.782246, -0.622971, 0.3, 0.0, 0.62297, 0.782246, -0.0, 0.0, 0.0, 0.0, 1.0]
            ]
        },
        {
            "name": "Tool_L",
            "time": [0.0, 0.1, 0.1833, 0.3333],
            "transform": [
                [1.0, 0.0, 0.0, -0.0, 0.0, -0.999836, 0.018122, 0.272858, 0.0, -0.018122, -0.999247, -0.0, 0.0, 0.0, 0.0, 1.0],
                [1.0, 0.0, 0.0, 0.0, 0.0, -0.999836, 0.018122, 0.272858, 0.0, -0.018122, -0.999247, -0.0, 0.0, 0.0, 0.0, 1.0],
                [1.0, -0.0, 0.0, -0.0, 0.0, -0.999836, 0.018122, 0.272858, 0.0, -0.018122, -0.999247, -0.0, 0.0, 0.0, 0.0, 1.0],
                [1.0, 0.0, 0.0, -0.0, -0.0, -0.999836, 0.018122, 0.272858, 0.0, -0.018122, -0.999248, -0.0, 0.0, 0.0, 0.0, 1.0]
            ]
        },
        {
            "name": "Elbow_L",
            "time": [0.0, 0.1, 0.1833, 0.3333],
            "transform": [
                [-1.0, 0.0, -0.0, 5.2e-05, 0.0, -0.0, -1.0, 0.410113, -0.0, -1.0, 0.0, 0.00061, 0.0, 0.0, 0.0, 1.0],
                [-1.0, 0.0, -0.0, -0.000172, 0.0, -0.0, -1.0, 0.349804, -0.0, -1.0, -0.0, -0.003053, 0.0, 0.0, 0.0, 1.0],
                [-1.0, 0.0, -0.0, -0.0, 0.0, -0.0, -1.0, 0.3, -0.0, -1.0, -0.0, 0.0, 0.0, 0.0, 0.0, 1.0],
                [-1.0, 0.0, -0.0, 0.001869, 0.0, -0.0, -1.0, 0.376914, -0.0, -1.0, 0.0, 0.001919, 0.0, 0.0, 0.0, 1.0]
            ]
        }
    ]
}