{
    "animation": [
        {
            "name": "Root",
            "time": [0.0, 1.3333, 2.6667],
            "transform": [
                [1.0, 0.0, 0.0, -5e-06, 0.0, 0.0, -1.0, 0.000946, 0.0, 1.0, 0.0, 0.465974, 0.0, 0.0, 0.0, 1.0],
                [0.999944, -0.006761, 0.008157, -5e-06, 0.008449, 0.044291, -0.998983, -0.005781, 0.006393, 0.998996, 0.044346, 0.465974, 0.0, 0.0, 0.0, 1.0],
                [1.0, 0.0, 0.0, -5e-06, 0.0, 0.0, -1.0, 0.000946, 0.0, 1.0, 0.0, 0.465974, 0.0, 0.0, 0.0, 1.0]
            ]
        },
        {
            "name": "Thigh_R",
            "time": [0.0, 1.3333, 2.6667],
            "transform": [
                [0.973801, 0.220324, 0.056291, 0.124994, 0.222245, -0.974514, -0.030421, -0.002831, 0.048154, 0.042135, -0.997951, -1.2e-05, 0.0, 0.0, 0.0, 1.0],
                [0.973801, 0.218753, 0.062117, 0.124994, 0.222245, -0.973364, -0.056266, -0.002831, 0.048154, 0.068597, -0.996482, -1.2e-05, 0.0, 0.0, 0.0, 1.0],
                [0.973801, 0.220324, 0.056291, 0.124994, 0.222245, -0.974514, -0.030421, -0.002831, 0.048154, 0.042135, -0.997951, -1.2e-05, 0.0, 0.0, 0.0, 1.0]
            ]
        },
        {
            "name": "Leg_R",
            "time": [0.0, 1.3333, 2.6667],
            "transform": [
                [1.0, 0.0, 1e-06, 0.0, -1e-06, 0.045062, 0.998984, 0.37472, 0.0, -0.998985, 0.045062, 0.0, 0.0, 0.0, 0.0, 1.0],
                [0.999585, -0.028796, 0.000725, 0.0, 0.002532, 0.112906, 0.993602, 0.37472, -0.028693, -0.993189, 0.112932, -0.0, 0.0, 0.0, 0.0, 1.0],
                [1.0, 0.0, 1e-06, 0.0, -1e-06, 0.045062, 0.998984, 0.37472, 0.0, -0.998985, 0.045062, 0.0, 0.0, 0.0, 0.0, 1.0]
            ]
        },
        {
            "name": "Knee_R",
            "time": [0.0, 1.3333, 2.6667],
            "transform": [
                [1.0, 0.0, -0.0, 0.0, -0.0, -0.086378, -0.996262, 0.486932, -0.0, 0.996262, -0.086378, -0.001311, 0.0, 0.0, 0.0, 1.0],
                [1.0, 0.0, -0.0, 0.0, -0.0, -0.11687, -0.993147, 0.486932, -0.0, 0.993147, -0.11687, -0.001311, 0.0, 0.0, 0.0, 1.0],
                [1.0, 0.0, -0.0, 0.0, -0.0, -0.086378, -0.996262, 0.486932, -0.0, 0.996262, -0.086378, -0.001311, 0.0, 0.0, 0.0, 1.0]
            ]
        },
        {
            "name": "Thigh_L",
            "time": [0.0, 1.3333, 2.6667],
            "transform": [
                [0.994525, -0.006877, 0.104266, -0.125006, -0.103948, -0.16677, 0.980501, -0.002831, 0.010645, -0.985972, -0.166573, -1.2e-05, 0.0, 0.0, 0.0, 1.0],
                [0.994525, -4.9e-05, 0.104492, -0.125006, -0.103948, -0.102343, 0.989303, -0.002831, 0.010645, -0.994749, -0.101788, -1.2e-05, 0.0, 0.0, 0.0, 1.0],
                [0.994525, -0.006877, 0.104266, -0.125006, -0.103948, -0.16677, 0.980501, -0.002831, 0.010645, -0.985972, -0.166573, -1.2e-05, 0.0, 0.0, 0.0, 1.0]
            ]
        },
        {
            "name": "Leg_L",
            "time": [0.0, 2.6667],
            "transform": [
                [1.0, -0.0, 1e-06, 0.0, -1e-06, 0.198242, 0.980153, 0.37472, -0.0, -0.980153, 0.198242, 0.0, 0.0, 0.0, 0.0, 1.0],
                [1.0, -0.0, 1e-06, 0.0, -1e-06, 0.198242, 0.980153, 0.37472, -0.0, -0.980153, 0.198242, 0.0, 0.0, 0.0, 0.0, 1.0]
            ]
        },
        {
            "name": "Knee_L",
            "time": [0.0, 2.6667],
            "transform": [
                [1.0, 0.0, -0.0, 0.0, -0.0, 1e-06, -1.0, 0.459884, -0.0, 1.0, 1e-06, -0.004006, 0.0, 0.0, 0.0, 1.0],
                [1.0, 0.0, -0.0, 0.0, -0.0, 1e-06, -1.0, 0.459884, -0.0, 1.0, 1e-06, -0.004006, 0.0, 0.0, 0.0, 1.0]
            ]
        },
        {
            "name": "Torso",
            "time": [0.0, 2.6667],
            "transform": [
                [1.0, 0.0, 0.0, 0.0, 0.0, 0.997743, 0.067156, 0.05, 0.0, -0.067156, 0.997742, 0.0, 0.0, 0.0, 0.0, 1.0],
                [1.0, 0.0, 0.0, 0.0, 0.0, 0.997743, 0.067156, 0.05, 0.0, -0.067156, 0.997742, 0.0, 0.0, 0.0, 0.0, 1.0]
            ]
        },
        {
            "name": "Chest",
            "time": [0.0, 1.3333, 2.6667],
            "transform": [
                [1.0, 0.0, 0.0, 0.0, 0.0, 0.857411, 0.514632, 0.3, 0.0, -0.514632, 0.857411, 0.0, 0.0, 0.0, 0.0, 1.0],
                [1.0, -0.0, 0.0, -0.0, -0.0, 0.834171, 0.551506, 0.3, -0.0, -0.551506, 0.834171, -0.0, 0.0, 0.0, 0.0, 1.0],
                [1.0, 0.0, 0.0, 0.0, 0.0, 0.857411, 0.514632, 0.3, 0.0, -0.514632, 0.857411, 0.0, 0.0, 0.0, 0.0, 1.0]
            ]
        },
        {
            "name": "Head",
            "time": [0.0, 2.6667],
            "transform": [
                [1.0, 0.0, 0.0, 0.0, 0.0, 0.906204, -0.422842, 0.4, 0.0, 0.422842, 0.906204, -0.0, 0.0, 0.0, 0.0, 1.0],
                [1.0, 0.0, 0.0, 0.0, 0.0, 0.906204, -0.422842, 0.4, 0.0, 0.422842, 0.906204, -0.0, 0.0, 0.0, 0.0, 1.0]
            ]
        },
        {
            "name": "Shoulder_R",
            "time": [0.0, 2.6667],
            "transform": [
                [0.0, 0.952114, 0.305743, 0.0, -0.0, -0.305743, 0.952114, 0.4, 1.0, 0.0, -0.0, -0.0, 0.0, 0.0, 0.0, 1.0],
                [0.0, 0.952114, 0.305743, 0.0, -0.0, -0.305743, 0.952114, 0.4, 1.0, 0.0, -0.0, -0.0, 0.0, 0.0, 0.0, 1.0]
            ]
        },
        {
            "name": "Arm_R",
            "time": [0.0, 1.3333, 2.0667, 2.6667],
            "transform": [
                [0.083344, -0.230325, -0.969538, -0.0, 0.884375, 0.465497, -0.034561, 0.393861, 0.459277, -0.854554, 0.24249, -0.0, 0.0, 0.0, 0.0, 1.0],
                [0.089439, -0.101854, -0.990771, 0.0, 0.855671, 0.516959, 0.024099, 0.393861, 0.509733, -0.849929, 0.13339, 0.0, 0.0, 0.0, 0.0, 1.0],
                [0.086815, -0.224578, -0.970581, -0.0, 0.872707, 0.487015, -0.034628, 0.39386, 0.480464, -0.844027, 0.238271, -0.0, 0.0, 0.0, 0.0, 1.0],
                [0.083344, -0.230325, -0.969538, -0.0, 0.884375, 0.465497, -0.034561, 0.393861, 0.459277, -0.854554, 0.24249, -0.0, 0.0, 0.0, 0.0, 1.0]
            ]
        },
        {
            "name": "Hand_R",
            "time": [0.0, 1.3333, 2.0667, 2.6667],
            "transform": [
                [1.0, 0.0, 0.0, -0.0, -0.0, 0.937778, -0.347236, 0.3, -0.0, 0.347236, 0.937778, -0.0, 0.0, 0.0, 0.0, 1.0],
                [1.0, 0.0, -0.0, -0.0, -0.0, 0.858716, -0.512452, 0.3, -0.0, 0.512452, 0.858716, 0.0, 0.0, 0.0, 0.0, 1.0],
                [1.0, 0.0, -0.0, 0.0, -0.0, 0.931713, -0.363194, 0.3, -0.0, 0.363194, 0.931713, -0.0, 0.0, 0.0, 0.0, 1.0],
                [1.0, 0.0, 0.0, -0.0, -0.0, 0.937778, -0.347236, 0.3, -0.0, 0.347236, 0.937778, -0.0, 0.0, 0.0, 0.0, 1.0]
            ]
        },
        {
            "name": "Tool_R",
            "time": [0.0, 2.6667],
            "transform": [
                [0.999822, 0.009713, 0.016189, -0.017311, 0.006818, -0.985396, 0.17014, 0.36637, 0.017595, -0.169909, -0.984702, 0.051121, 0.0, 0.0, 0.0, 1.0],
                [0.999822, 0.009713, 0.016189, -0.017311, 0.006818, -0.985396, 0.17014, 0.36637, 0.017595, -0.169909, -0.984702, 0.051121, 0.0, 0.0, 0.0, 1.0]
            ]
        },
        {
            "name": "Elbow_R",
            "time": [0.0, 2.6667],
            "transform": [
                [-1.0, 0.0, -0.0, -0.0, 0.0, -0.0, -1.0, 0.3, -0.0, -1.0, 0.0, -0.0, 0.0, 0.0, 0.0, 1.0],
                [-1.0, 0.0, -0.0, -0.0, 0.0, -0.0, -1.0, 0.3, -0.0, -1.0, 0.0, -0.0, 0.0, 0.0, 0.0, 1.0]
            ]
        },
        {
            "name": "Shoulder_L",
            "time": [0.0, 2.6667],
            "transform": [
                [0.333884, -0.907681, -0.254238, 0.0, -0.006095, -0.27179, 0.962337, 0.4, -0.942594, -0.319759, -0.096279, -0.0, 0.0, 0.0, 0.0, 1.0],
                [0.333884, -0.907681, -0.254238, 0.0, -0.006095, -0.27179, 0.962337, 0.4, -0.942594, -0.319759, -0.096279, -0.0, 0.0, 0.0, 0.0, 1.0]
            ]
        },
        {
            "name": "Arm_L",
            "time": [0.0, 1.3333, 2.6667],
            "transform": [
                [-0.50872, 0.576765, 0.639176, -0.0, -0.222489, 0.629129, -0.744779, 0.39386, -0.831687, -0.521093, -0.191726, 0.0, 0.0, 0.0, 0.0, 1.0],
                [-0.523047, 0.663536, 0.534922, -0.0, -0.133912, 0.555845, -0.820429, 0.39386, -0.841718, -0.500755, -0.201877, 0.0, 0.0, 0.0, 0.0, 1.0],
                [-0.50872, 0.576765, 0.639176, -0.0, -0.222489, 0.629129, -0.744779, 0.39386, -0.831687, -0.521093, -0.191726, 0.0, 0.0, 0.0, 0.0, 1.0]
            ]
        },
        {
            "name": "Hand_L",
            "time": [0.0, 2.6667],
            "transform": [
                [0.998421, -0.050771, -0.024055, 0.0, -0.000423, 0.42136, -0.906894, 0.3, 0.05618, 0.905472, 0.420673, -0.0, 0.0, 0.0, 0.0, 1.0],
                [0.998421, -0.050771, -0.024055, 0.0, -0.000423, 0.42136, -0.906894, 0.3, 0.05618, 0.905472, 0.420673, -0.0, 0.0, 0.0, 0.0, 1.0]
            ]
        },
        {
            "name": "Tool_L",
            "time": [0.0, 2.6667],
            "transform": [
                [1.0, 0.0, 0.0, -0.0, 0.0, -0.999836, 0.018122, 0.272858, 0.0, -0.018122, -0.999247, 0.0, 0.0, 0.0, 0.0, 1.0],
                [1.0, 0.0, 0.0, -0.0, 0.0, -0.999836, 0.018122, 0.272858, 0.0, -0.018122, -0.999247, 0.0, 0.0, 0.0, 0.0, 1.0]
            ]
        },
        {
            "name": "Elbow_L",
            "time": [0.0, 2.6667],
            "transform": [
                [-1.0, 0.0, -0.0, 0.0, 0.0, -0.293251, -0.956035, 0.416895, -0.0, -0.956036, 0.293251, 0.0, 0.0, 0.0, 0.0, 1.0],
                [-1.0, 0.0, -0.0, 0.0, 0.0, -0.293251, -0.956035, 0.416895, -0.0, -0.956036, 0.293251, 0.0, 0.0, 0.0, 0.0, 1.0]
            ]
        }
    ]
}