{
    "animation": [
        {
            "name": "Root",
            "time": [0.0, 0.15, 0.2167, 0.2667, 0.3333, 0.4167, 0.5333],
            "transform": [
                [0.960075, 0.0, 0.279741, -5e-06, 0.272986, 0.218437, -0.936891, 0.000946, -0.061106, 0.975851, 0.209716, 0.797984, 0.0, 0.0, 0.0, 1.0],
                [0.929117, -0.021159, 0.36918, -5e-06, 0.364702, 0.21741, -0.905387, 0.000946, -0.061106, 0.975851, 0.209716, 0.589331, 0.0, 0.0, 0.0, 1.0],
                [0.997323, 0.051242, 0.052156, -0.003126, 0.04015, 0.212341, -0.97637, -0.011989, -0.061106, 0.975851, 0.209716, 0.734653, 0.0, 0.0, 0.0, 1.0],
                [0.984196, 0.093894, -0.150138, -5e-06, -0.166203, 0.197227, -0.966167, 0.000946, -0.061106, 0.975851, 0.209716, 0.695056, 0.0, 0.0, 0.0, 1.0],
                [0.984196, 0.115134, -0.134542, 0.012124, -0.166203, 0.338419, -0.926201, 0.026423, -0.061106, 0.933925, 0.352207, 0.734946, 0.0, 0.0, 0.0, 1.0],
                [0.984196, 0.093894, -0.150138, -5e-06, -0.166203, 0.197227, -0.966167, 0.000946, -0.061106, 0.975851, 0.209716, 0.538921, 0.0, 0.0, 0.0, 1.0],
                [0.960075, 0.0, 0.279741, -5e-06, 0.272986, 0.218437, -0.936891, 0.000946, -0.061106, 0.975851, 0.209716, 0.797984, 0.0, 0.0, 0.0, 1.0]
            ]
        },
        {
            "name": "Thigh_R",
            "time": [0.0, 0.0833, 0.15, 0.2667, 0.3333, 0.4167, 0.4667, 0.5333],
            "transform": [
                [0.973617, 0.224496, 0.040881, 0.124994, 0.061261, -0.429728, 0.900877, -0.002831, 0.219811, -0.874603, -0.432145, -1.2e-05, 0.0, 0.0, 0.0, 1.0],
                [0.940084, 0.331577, 0.079351, 0.124994, -0.019798, -0.179256, 0.983604, -0.002831, 0.340365, -0.92624, -0.161952, -1.2e-05, 0.0, 0.0, 0.0, 1.0],
                [0.90513, 0.362766, 0.221673, 0.124994, -0.078689, -0.369453, 0.925912, -0.002831, 0.417788, -0.855512, -0.305859, -1.2e-05, 0.0, 0.0, 0.0, 1.0],
                [0.978403, 0.152037, -0.140038, 0.124994, 0.164166, -0.983222, 0.079502, -0.002831, -0.125601, -0.100773, -0.98695, -1.2e-05, 0.0, 0.0, 0.0, 1.0],
                [0.971802, 0.234893, -0.020617, 0.124994, 0.174671, -0.775854, -0.606249, -0.002831, -0.1584, 0.585552, -0.795008, -1.2e-05, 0.0, 0.0, 0.0, 1.0],
                [0.986654, 0.15327, -0.05497, 0.124994, 0.095148, -0.816655, -0.569227, -0.002831, -0.132137, 0.556399, -0.820341, -1.2e-05, 0.0, 0.0, 0.0, 1.0],
                [0.996199, 0.086978, -0.004615, 0.124994, 0.087099, -0.995128, 0.046156, -0.002831, -0.000578, -0.046382, -0.998924, -1.2e-05, 0.0, 0.0, 0.0, 1.0],
                [0.973617, 0.224496, 0.040881, 0.124994, 0.061261, -0.429728, 0.900877, -0.002831, 0.219811, -0.874603, -0.432145, -1.2e-05, 0.0, 0.0, 0.0, 1.0]
            ]
        },
        {
            "name": "Leg_R",
            "time": [0.0, 0.0833, 0.15, 0.2667, 0.4167, 0.5333],
            "transform": [
                [1.0, -2e-06, 1e-06, 0.0, -2e-06, -0.50759, 0.861598, 0.37472, -1e-06, -0.8616, -0.507589, 0.0, 0.0, 0.0, 0.0, 1.0],
                [1.0, 1e-06, 2e-06, -0.0, -1e-06, 0.867029, 0.498258, 0.37472, -1e-06, -0.498259, 0.867028, -0.0, 0.0, 0.0, 0.0, 1.0],
                [1.0, 1e-06, 2e-06, -0.0, -1e-06, 0.888926, 0.458051, 0.37472, -1e-06, -0.458052, 0.888925, 0.0, 0.0, 0.0, 0.0, 1.0],
                [0.999395, -0.034514, 0.004231, 0.0, 0.034355, 0.998858, 0.033237, 0.37472, -0.005373, -0.033072, 0.999438, -0.0, 0.0, 0.0, 0.0, 1.0],
                [0.999395, -0.034514, 0.004231, -0.0, 0.034355, 0.998858, 0.033237, 0.37472, -0.005373, -0.033072, 0.999438, -0.0, 0.0, 0.0, 0.0, 1.0],
                [1.0, -2e-06, 1e-06, 0.0, -2e-06, -0.50759, 0.861598, 0.37472, -1e-06, -0.8616, -0.507589, 0.0, 0.0, 0.0, 0.0, 1.0]
            ]
        },
        {
            "name": "Knee_R",
            "time": [0.0, 0.0833, 0.15, 0.2667, 0.4167, 0.5333],
            "transform": [
                [1.0, 0.0, -0.0, -0.000179, -0.0, 1e-06, -1.0, 0.436391, -0.0, 1.0, 1e-06, -0.000613, 0.0, 0.0, 0.0, 1.0],
                [1.0, -0.0, -0.0, -0.000179, -0.0, -0.361492, -0.932375, 0.436391, -0.0, 0.932375, -0.361492, -0.000613, 0.0, 0.0, 0.0, 1.0],
                [1.0, -0.0, -0.0, -0.000179, -0.0, -0.260585, -0.965451, 0.436391, -0.0, 0.965451, -0.260585, -0.000613, 0.0, 0.0, 0.0, 1.0],
                [1.0, -0.0, -0.0, -0.000179, -0.0, -0.260585, -0.965451, 0.436391, -0.0, 0.965451, -0.260585, -0.000613, 0.0, 0.0, 0.0, 1.0],
                [1.0, -0.0, -0.0, -0.000179, -0.0, -0.260585, -0.965451, 0.436391, -0.0, 0.965451, -0.260585, -0.000613, 0.0, 0.0, 0.0, 1.0],
                [1.0, 0.0, -0.0, -0.000179, -0.0, 1e-06, -1.0, 0.436391, -0.0, 1.0, 1e-06, -0.000613, 0.0, 0.0, 0.0, 1.0]
            ]
        },
        {
            "name": "Thigh_L",
            "time": [0.0, 0.0833, 0.15, 0.2167, 0.2667, 0.3333, 0.4167, 0.4667, 0.5333],
            "transform": [
                [0.959241, -0.005375, 0.282535, -0.125006, -0.02173, -0.998261, 0.054788, -0.002831, 0.281749, -0.058694, -0.957691, -1.2e-05, 0.0, 0.0, 0.0, 1.0],
                [0.941384, -0.256407, 0.219204, -0.125006, -0.044293, -0.738139, -0.673193, -0.002831, 0.334414, 0.624025, -0.706229, -1.2e-05, 0.0, 0.0, 0.0, 1.0],
                [0.92261, -0.240952, 0.301219, -0.125006, -0.045785, -0.843784, -0.534726, -0.002831, 0.383007, 0.479553, -0.789515, -1.2e-05, 0.0, 0.0, 0.0, 1.0],
                [0.99851, 0.004564, 0.054369, -0.125006, -0.020863, -0.888819, 0.457784, -0.002831, 0.050413, -0.458236, -0.887399, -1.2e-05, 0.0, 0.0, 0.0, 1.0],
                [0.981707, -0.186942, -0.036084, -0.125006, -0.011385, -0.246828, 0.968992, -0.002831, -0.190052, -0.950857, -0.244442, -1.2e-05, 0.0, 0.0, 0.0, 1.0],
                [0.981182, -0.192463, 0.015425, -0.125006, -0.004573, 0.056702, 0.99838, -0.002831, -0.193026, -0.979665, 0.054755, -1.2e-05, 0.0, 0.0, 0.0, 1.0],
                [0.981707, -0.179616, -0.063144, -0.125006, -0.011385, -0.386442, 0.922243, -0.002831, -0.190052, -0.904655, -0.381418, -1.2e-05, 0.0, 0.0, 0.0, 1.0],
                [0.999807, 0.019486, 0.002156, -0.125006, 0.014694, -0.817605, 0.575592, -0.002831, 0.012979, -0.57545, -0.817734, -1.2e-05, 0.0, 0.0, 0.0, 1.0],
                [0.959241, -0.005375, 0.282535, -0.125006, -0.02173, -0.998261, 0.054788, -0.002831, 0.281749, -0.058694, -0.957691, -1.2e-05, 0.0, 0.0, 0.0, 1.0]
            ]
        },
        {
            "name": "Leg_L",
            "time": [0.0, 0.15, 0.2667, 0.3333, 0.4167, 0.5333],
            "transform": [
                [1.0, -0.0, 1e-06, -0.0, 0.0, 0.999948, 0.010137, 0.37472, -1e-06, -0.010137, 0.999949, -0.0, 0.0, 0.0, 0.0, 1.0],
                [1.0, -0.0, 1e-06, -0.0, 0.0, 0.999948, 0.010137, 0.37472, -1e-06, -0.010137, 0.999949, -0.0, 0.0, 0.0, 0.0, 1.0],
                [0.998876, -0.041922, 0.022113, 0.0, -0.038489, -0.445202, 0.894603, 0.37472, -0.027659, -0.894448, -0.446316, 0.0, 0.0, 0.0, 0.0, 1.0],
                [0.998769, 0.001629, 0.049571, -0.0, -0.041242, 0.582467, 0.811808, 0.37472, -0.027551, -0.812853, 0.581817, 0.0, 0.0, 0.0, 0.0, 1.0],
                [0.998876, 0.022708, 0.041603, 0.0, -0.038489, 0.900853, 0.432415, 0.37472, -0.027659, -0.43353, 0.900715, 0.0, 0.0, 0.0, 0.0, 1.0],
                [1.0, -0.0, 1e-06, -0.0, 0.0, 0.999948, 0.010137, 0.37472, -1e-06, -0.010137, 0.999949, -0.0, 0.0, 0.0, 0.0, 1.0]
            ]
        },
        {
            "name": "Knee_L",
            "time": [0.0, 0.15, 0.2667, 0.4167, 0.5333],
            "transform": [
                [1.0, 0.0, -0.0, -0.0, -0.0, 1e-06, -1.0, 0.37472, -0.0, 1.0, 1e-06, -0.0, 0.0, 0.0, 0.0, 1.0],
                [1.0, 0.0, -0.0, -0.0, -0.0, 1e-06, -1.0, 0.37472, -0.0, 1.0, 1e-06, -0.0, 0.0, 0.0, 0.0, 1.0],
                [0.999765, 0.020014, 0.008299, 0.0, -0.007895, 0.693204, -0.720698, 0.37472, -0.020177, 0.720464, 0.693199, 0.0, 0.0, 0.0, 0.0, 1.0],
                [0.999765, 0.020014, 0.008299, 0.0, -0.007895, 0.693204, -0.720698, 0.37472, -0.020177, 0.720464, 0.693199, 0.0, 0.0, 0.0, 0.0, 1.0],
                [1.0, 0.0, -0.0, -0.0, -0.0, 1e-06, -1.0, 0.37472, -0.0, 1.0, 1e-06, -0.0, 0.0, 0.0, 0.0, 1.0]
            ]
        },
        {
            "name": "Torso",
            "time": [0.0, 0.15, 0.2667, 0.4167, 0.5333],
            "transform": [
                [1.0, 0.0, 0.0, -0.0, 0.0, 0.979725, 0.200346, 0.05, 0.0, -0.200346, 0.979725, 0.0, 0.0, 0.0, 0.0, 1.0],
                [0.99453, 0.084526, 0.061366, 0.0, -0.093798, 0.981209, 0.168613, 0.05, -0.045961, -0.173447, 0.98377, -0.0, 0.0, 0.0, 0.0, 1.0],
                [0.988045, -0.080186, -0.13167, 0.0, 0.1033, 0.978346, 0.179356, 0.05, 0.114437, -0.190814, 0.974933, -0.0, 0.0, 0.0, 0.0, 1.0],
                [0.987018, -0.153679, -0.04667, 0.0, 0.159852, 0.968164, 0.192632, 0.05, 0.015581, -0.197591, 0.980161, -0.0, 0.0, 0.0, 0.0, 1.0],
                [1.0, 0.0, 0.0, -0.0, 0.0, 0.979725, 0.200346, 0.05, 0.0, -0.200346, 0.979725, 0.0, 0.0, 0.0, 0.0, 1.0]
            ]
        },
        {
            "name": "Chest",
            "time": [0.0, 0.15, 0.2667, 0.4167, 0.5333],
            "transform": [
                [0.964142, 0.013848, -0.265025, 0.0, -0.017768, 0.999765, -0.0124, 0.3, 0.264791, 0.016665, 0.964162, -0.0, 0.0, 0.0, 0.0, 1.0],
                [0.862801, -0.012057, -0.505399, 0.0, 0.020489, 0.999728, 0.011128, 0.3, 0.505128, -0.019957, 0.862814, -0.0, 0.0, 0.0, 0.0, 1.0],
                [0.993455, 0.082248, 0.079257, 0.0, -0.07911, 0.995982, -0.041962, 0.3, -0.082389, 0.035418, 0.995971, 0.0, 0.0, 0.0, 0.0, 1.0],
                [0.816966, -0.023374, 0.576212, -0.0, 0.08149, 0.993831, -0.075225, 0.3, -0.570899, 0.108412, 0.813831, -0.0, 0.0, 0.0, 0.0, 1.0],
                [0.964142, 0.013848, -0.265025, 0.0, -0.017768, 0.999765, -0.0124, 0.3, 0.264791, 0.016665, 0.964162, -0.0, 0.0, 0.0, 0.0, 1.0]
            ]
        },
        {
            "name": "Head",
            "time": [0.0, 0.15, 0.2667, 0.4167, 0.5333],
            "transform": [
                [0.99796, -0.0, 0.063842, 0.0, 0.011987, 0.982214, -0.187382, 0.4, -0.062706, 0.187765, 0.98021, -0.0, 0.0, 0.0, 0.0, 1.0],
                [0.996981, 0.0, 0.077641, 0.0, 0.014578, 0.982214, -0.187199, 0.4, -0.07626, 0.187765, 0.979249, 0.0, 0.0, 0.0, 0.0, 1.0],
                [0.958484, -0.0, 0.285145, 0.0, 0.05354, 0.982214, -0.17997, 0.4, -0.280073, 0.187765, 0.941437, 0.0, 0.0, 0.0, 0.0, 1.0],
                [0.906603, 0.019799, -0.421521, -0.0, -0.088465, 0.985619, -0.143975, 0.4, 0.412609, 0.167818, 0.895316, -0.0, 0.0, 0.0, 0.0, 1.0],
                [0.99796, -0.0, 0.063842, 0.0, 0.011987, 0.982214, -0.187382, 0.4, -0.062706, 0.187765, 0.98021, -0.0, 0.0, 0.0, 0.0, 1.0]
            ]
        },
        {
            "name": "Shoulder_R",
            "time": [0.0, 0.15, 0.2667, 0.4167, 0.5333],
            "transform": [
                [0.068311, 0.974721, 0.212728, 0.0, 0.085484, -0.21816, 0.972162, 0.4, 0.993995, -0.048225, -0.098226, -0.0, 0.0, 0.0, 0.0, 1.0],
                [-0.309134, 0.947305, 0.083955, 0.0, 0.026045, -0.079813, 0.99647, 0.4, 0.950662, 0.310229, -0.0, 0.0, 0.0, 0.0, 0.0, 1.0],
                [0.0, 0.952847, 0.30345, 0.0, -0.0, -0.30345, 0.952847, 0.4, 1.0, -0.0, 0.0, 0.0, 0.0, 0.0, 0.0, 1.0],
                [0.047555, 0.981131, 0.187402, -0.0, -0.009073, -0.187182, 0.982283, 0.4, 0.998827, -0.048413, 0.0, -0.0, 0.0, 0.0, 0.0, 1.0],
                [0.068311, 0.974721, 0.212728, 0.0, 0.085484, -0.21816, 0.972162, 0.4, 0.993995, -0.048225, -0.098226, -0.0, 0.0, 0.0, 0.0, 1.0]
            ]
        },
        {
            "name": "Arm_R",
            "time": [0.0, 0.15, 0.4167, 0.5333],
            "transform": [
                [0.110171, 0.506842, -0.85497, -0.0, 0.852652, 0.393828, 0.343341, 0.393861, 0.510731, -0.766818, -0.388771, 0.0, 0.0, 0.0, 0.0, 1.0],
                [0.100168, 0.625549, -0.773728, 0.0, 0.747624, 0.465799, 0.473381, 0.393861, 0.656524, -0.625875, -0.421017, -0.0, 0.0, 0.0, 0.0, 1.0],
                [0.139017, -0.691531, -0.708844, -0.0, 0.686226, 0.583344, -0.434515, 0.39386, 0.71398, -0.426022, 0.555641, -0.0, 0.0, 0.0, 0.0, 1.0],
                [0.110171, 0.506842, -0.85497, -0.0, 0.852652, 0.393828, 0.343341, 0.393861, 0.510731, -0.766818, -0.388771, 0.0, 0.0, 0.0, 0.0, 1.0]
            ]
        },
        {
            "name": "Hand_R",
            "time": [0.0, 0.15, 0.4167, 0.5333],
            "transform": [
                [1.0, -0.0, 0.0, 0.0, 0.0, 0.715575, -0.698536, 0.3, -0.0, 0.698537, 0.715575, -0.0, 0.0, 0.0, 0.0, 1.0],
                [1.0, -0.0, 0.0, -0.0, 0.0, 0.954894, -0.296948, 0.3, -0.0, 0.296948, 0.954894, -0.0, 0.0, 0.0, 0.0, 1.0],
                [1.0, 0.0, -0.0, -0.0, -0.0, 0.579245, -0.815154, 0.3, -0.0, 0.815153, 0.579245, 0.0, 0.0, 0.0, 0.0, 1.0],
                [1.0, -0.0, 0.0, 0.0, 0.0, 0.715575, -0.698536, 0.3, -0.0, 0.698537, 0.715575, -0.0, 0.0, 0.0, 0.0, 1.0]
            ]
        },
        {
            "name": "Tool_R",
            "time": [0.0, 0.15, 0.2667, 0.4167, 0.5333],
            "transform": [
                [0.999822, 0.009713, 0.016189, -0.017311, 0.006819, -0.985396, 0.17014, 0.36637, 0.017595, -0.169909, -0.984702, 0.051121, 0.0, 0.0, 0.0, 1.0],
                [0.999822, 0.009713, 0.016189, -0.017311, 0.006818, -0.985396, 0.17014, 0.36637, 0.017595, -0.169909, -0.984702, 0.051121, 0.0, 0.0, 0.0, 1.0],
                [0.999822, 0.009714, 0.016189, -0.017311, 0.006818, -0.985396, 0.17014, 0.36637, 0.017595, -0.169909, -0.984702, 0.051121, 0.0, 0.0, 0.0, 1.0],
                [0.999822, 0.009714, 0.016189, -0.017312, 0.006818, -0.985396, 0.17014, 0.36637, 0.017594, -0.169909, -0.984702, 0.051121, 0.0, 0.0, 0.0, 1.0],
                [0.999822, 0.009713, 0.016189, -0.017311, 0.006819, -0.985396, 0.17014, 0.36637, 0.017595, -0.169909, -0.984702, 0.051121, 0.0, 0.0, 0.0, 1.0]
            ]
        },
        {
            "name": "Elbow_R",
            "time": [0.0, 0.15, 0.2667, 0.4167, 0.5333],
            "transform": [
                [-1.0, 0.0, 0.0, 0.000596, -0.0, 0.10024, -0.994963, 0.384548, -0.0, -0.994963, -0.10024, 0.001188, 0.0, 0.0, 0.0, 1.0],
                [-1.0, 0.0, 0.0, 0.000596, -0.0, -0.222949, -0.97483, 0.384548, -0.0, -0.97483, 0.222949, 0.001188, 0.0, 0.0, 0.0, 1.0],
                [-1.0, 0.0, 0.0, 0.000596, -0.0, 0.367434, -0.930049, 0.384548, -0.0, -0.93005, -0.367434, 0.001188, 0.0, 0.0, 0.0, 1.0],
                [-1.0, 0.0, 0.0, 0.000596, -0.0, 0.367434, -0.930049, 0.384548, -0.0, -0.93005, -0.367434, 0.001188, 0.0, 0.0, 0.0, 1.0],
                [-1.0, 0.0, 0.0, 0.000596, -0.0, 0.10024, -0.994963, 0.384548, -0.0, -0.994963, -0.10024, 0.001188, 0.0, 0.0, 0.0, 1.0]
            ]
        },
        {
            "name": "Shoulder_L",
            "time": [0.0, 0.15, 0.2667, 0.4167, 0.5333],
            "transform": [
                [-0.089676, -0.947881, -0.305743, 0.0, -0.028797, -0.304384, 0.952114, 0.4, -0.995555, 0.094186, -0.0, -0.0, 0.0, 0.0, 0.0, 1.0],
                [0.324105, -0.895252, -0.305743, 0.0, 0.104077, -0.287484, 0.952114, 0.4, -0.940278, -0.340406, 0.0, 0.0, 0.0, 0.0, 0.0, 1.0],
                [0.114511, -0.945203, -0.305743, 0.0, 0.036772, -0.303524, 0.952114, 0.4, -0.992741, -0.12027, 0.0, 0.0, 0.0, 0.0, 0.0, 1.0],
                [-0.113922, -0.945274, -0.305743, -0.0, -0.036583, -0.303547, 0.952114, 0.4, -0.992816, 0.119651, 0.0, -0.0, 0.0, 0.0, 0.0, 1.0],
                [-0.089676, -0.947881, -0.305743, 0.0, -0.028797, -0.304384, 0.952114, 0.4, -0.995555, 0.094186, -0.0, -0.0, 0.0, 0.0, 0.0, 1.0]
            ]
        },
        {
            "name": "Arm_L",
            "time": [0.0, 0.15, 0.2667, 0.4167, 0.5333],
            "transform": [
                [-0.000873, 0.123879, 0.992297, 0.0, -0.867426, 0.493639, -0.06239, 0.39386, -0.497566, -0.860798, 0.107025, 0.0, 0.0, 0.0, 0.0, 1.0],
                [-0.035397, 0.79046, 0.61149, 0.0, -0.604719, 0.470202, -0.642826, 0.39386, -0.795652, -0.392533, 0.461362, 0.0, 0.0, 0.0, 0.0, 1.0],
                [0.348546, -0.3125, 0.883662, -0.0, -0.797294, 0.396822, 0.454813, 0.39386, -0.492786, -0.863062, -0.110844, 0.0, 0.0, 0.0, 0.0, 1.0],
                [-0.35152, -0.652722, 0.671109, -0.0, -0.700129, 0.659183, 0.274402, 0.39386, -0.621492, -0.373405, -0.688706, 0.0, 0.0, 0.0, 0.0, 1.0],
                [-0.000873, 0.123879, 0.992297, 0.0, -0.867426, 0.493639, -0.06239, 0.39386, -0.497566, -0.860798, 0.107025, 0.0, 0.0, 0.0, 0.0, 1.0]
            ]
        },
        {
            "name": "Hand_L",
            "time": [0.0, 0.15, 0.2667, 0.4167, 0.5333],
            "transform": [
                [1.0, -0.0, 0.0, -0.0, 0.0, 0.7026, -0.711585, 0.3, -0.0, 0.711585, 0.7026, -0.0, 0.0, 0.0, 0.0, 1.0],
                [1.0, 0.0, 0.0, -0.0, 0.0, 0.565949, -0.824441, 0.3, 0.0, 0.82444, 0.565949, -0.0, 0.0, 0.0, 0.0, 1.0],
                [1.0, -0.0, 0.0, -0.0, 0.0, 0.796158, -0.605089, 0.3, -0.0, 0.605089, 0.796158, 0.0, 0.0, 0.0, 0.0, 1.0],
                [1.0, 0.0, 0.0, -0.0, 0.0, 0.858665, -0.512537, 0.3, -0.0, 0.512537, 0.858665, 0.0, 0.0, 0.0, 0.0, 1.0],
                [1.0, -0.0, 0.0, -0.0, 0.0, 0.7026, -0.711585, 0.3, -0.0, 0.711585, 0.7026, -0.0, 0.0, 0.0, 0.0, 1.0]
            ]
        },
        {
            "name": "Tool_L",
            "time": [0.0, 0.15, 0.2667, 0.4167, 0.5333],
            "transform": [
                [1.0, 0.0, 0.0, 0.0, 0.0, -0.999836, 0.018122, 0.272858, 0.0, -0.018122, -0.999247, 0.0, 0.0, 0.0, 0.0, 1.0],
                [1.0, -0.0, 0.0, 0.0, -0.0, -0.999836, 0.018122, 0.272858, 0.0, -0.018122, -0.999247, -0.0, 0.0, 0.0, 0.0, 1.0],
                [1.0, 0.0, 0.0, -0.0, 0.0, -0.999836, 0.018122, 0.272858, 0.0, -0.018122, -0.999247, 0.0, 0.0, 0.0, 0.0, 1.0],
                [1.0, 0.0, 0.0, -0.0, 0.0, -0.999836, 0.018122, 0.272858, 0.0, -0.018122, -0.999247, -0.0, 0.0, 0.0, 0.0, 1.0],
                [1.0, 0.0, 0.0, 0.0, 0.0, -0.999836, 0.018122, 0.272858, 0.0, -0.018122, -0.999247, 0.0, 0.0, 0.0, 0.0, 1.0]
            ]
        },
        {
            "name": "Elbow_L",
            "time": [0.0, 0.15, 0.2667, 0.4167, 0.5333],
            "transform": [
                [-1.0, 0.0, -0.0, 0.000227, 0.0, -0.0, -1.0, 0.380327, -0.0, -1.0, -0.0, -0.000541, 0.0, 0.0, 0.0, 1.0],
                [-1.0, 0.0, -0.0, 0.000227, -0.0, -0.0, -1.0, 0.380328, -0.0, -1.0, -0.0, -0.000541, 0.0, 0.0, 0.0, 1.0],
                [-1.0, 0.0, -0.0, 0.000227, 0.0, -0.0, -1.0, 0.380328, -0.0, -1.0, 0.0, -0.000541, 0.0, 0.0, 0.0, 1.0],
                [-1.0, 0.0, -0.0, 0.000226, 0.0, -0.174027, -0.984741, 0.380328, -0.0, -0.984741, 0.174027, -0.000541, 0.0, 0.0, 0.0, 1.0],
                [-1.0, 0.0, -0.0, 0.000227, 0.0, -0.0, -1.0, 0.380327, -0.0, -1.0, -0.0, -0.000541, 0.0, 0.0, 0.0, 1.0]
            ]
        }
    ]
}