{
    "animation": [
        {
            "name": "Root",
            "time": [0.0, 0.1333, 0.2167, 0.3833, 0.4667, 0.6, 0.7667],
            "transform": [
                [1.0, 0.0, 0.0, -5e-06, 0.0, 0.0, -1.0, 0.000946, 0.0, 1.0, 0.0, 0.673071, 0.0, 0.0, 0.0, 1.0],
                [1.0, 0.0, 0.0, -5e-06, 0.0, 0.078757, -0.996894, 0.000946, 0.0, 0.996894, 0.078757, 0.649192, 0.0, 0.0, 0.0, 1.0],
                [1.0, 0.0, 0.0, -5e-06, 0.0, 0.0, -1.0, 0.000946, 0.0, 1.0, 0.0, 0.584068, 0.0, 0.0, 0.0, 1.0],
                [1.0, 0.0, 0.0, -5e-06, 0.0, 0.0, -1.0, 0.000946, 0.0, 1.0, 0.0, 0.735366, 0.0, 0.0, 0.0, 1.0],
                [1.0, 0.0, 0.0, -5e-06, 0.0, 0.13074, -0.991417, 0.000946, 0.0, 0.991417, 0.13074, 0.733455, 0.0, 0.0, 0.0, 1.0],
                [1.0, 0.0, 0.0, -5e-06, 0.0, 0.0, -1.0, 0.000946, 0.0, 1.0, 0.0, 0.584068, 0.0, 0.0, 0.0, 1.0],
                [1.0, 0.0, 0.0, -5e-06, 0.0, 0.0, -1.0, 0.000946, 0.0, 1.0, 0.0, 0.673071, 0.0, 0.0, 0.0, 1.0]
            ]
        },
        {
            "name": "Thigh_R",
            "time": [0.0, 0.15, 0.2167, 0.3833, 0.6, 0.7667],
            "transform": [
                [1.0, -0.0, -0.0, 0.124994, 0.0, -0.597884, 0.801582, -0.002831, -0.0, -0.80158, -0.597886, -1.2e-05, 0.0, 0.0, 0.0, 1.0],
                [1.0, -0.0, 0.0, 0.124994, 0.0, -0.407157, 0.913358, -0.002831, -0.0, -0.913356, -0.407158, -1.2e-05, 0.0, 0.0, 0.0, 1.0],
                [1.0, -0.0, -0.0, 0.124994, 0.0, -0.518795, 0.854898, -0.002831, -0.0, -0.854896, -0.518796, -1.2e-05, 0.0, 0.0, 0.0, 1.0],
                [1.0, -0.0, -0.0, 0.124994, 0.0, -0.903603, 0.428366, -0.002831, -0.0, -0.428365, -0.903606, -1.2e-05, 0.0, 0.0, 0.0, 1.0],
                [1.0, -0.0, -0.0, 0.124994, -0.0, -0.916024, -0.40112, -0.002831, -0.0, 0.401119, -0.916026, -1.2e-05, 0.0, 0.0, 0.0, 1.0],
                [1.0, -0.0, -0.0, 0.124994, 0.0, -0.597884, 0.801582, -0.002831, -0.0, -0.80158, -0.597886, -1.2e-05, 0.0, 0.0, 0.0, 1.0]
            ]
        },
        {
            "name": "Leg_R",
            "time": [0.0, 0.15, 0.2167, 0.3833, 0.6, 0.7667],
            "transform": [
                [1.0, -0.0, 1e-06, 0.0, -1e-06, 0.013508, 0.999908, 0.37472, -0.0, -0.99991, 0.013508, -0.0, 0.0, 0.0, 0.0, 1.0],
                [1.0, 0.0, 1e-06, 0.0, -1e-06, 0.538653, 0.842527, 0.37472, -0.0, -0.842529, 0.538652, -0.0, 0.0, 0.0, 0.0, 1.0],
                [1.0, 0.0, 1e-06, 0.0, -1e-06, 0.52004, 0.854141, 0.37472, -0.0, -0.854143, 0.520039, -0.0, 0.0, 0.0, 0.0, 1.0],
                [1.0, 0.0, 1e-06, 0.0, -0.0, 0.905651, 0.424025, 0.37472, -1e-06, -0.424026, 0.905649, -0.0, 0.0, 0.0, 0.0, 1.0],
                [1.0, 0.0, 1e-06, 0.0, -0.0, 0.876461, 0.481474, 0.37472, -0.0, -0.481474, 0.87646, -0.0, 0.0, 0.0, 0.0, 1.0],
                [1.0, -0.0, 1e-06, 0.0, -1e-06, 0.013508, 0.999908, 0.37472, -0.0, -0.99991, 0.013508, -0.0, 0.0, 0.0, 0.0, 1.0]
            ]
        },
        {
            "name": "Knee_R",
            "time": [0.0, 0.15, 0.2167, 0.3833, 0.6, 0.7667],
            "transform": [
                [1.0, 0.0, -0.0, 0.0, -0.0, 1e-06, -1.0, 0.471392, -0.0, 1.0, 1e-06, -0.004956, 0.0, 0.0, 0.0, 1.0],
                [0.999701, 0.007514, -0.02325, 0.0, -0.022512, -0.086677, -0.995982, 0.445846, -0.009499, 0.996208, -0.086482, -0.002989, 0.0, 0.0, 0.0, 1.0],
                [1.0, 0.0, -0.0, 0.0, -0.0, 1e-06, -1.0, 0.427012, -0.0, 1.0, 1e-06, -0.001877, 0.0, 0.0, 0.0, 1.0],
                [1.0, 0.0, -0.0, 0.0, -0.0, 1e-06, -1.0, 0.37472, -0.0, 1.0, 1e-06, -0.0, 0.0, 0.0, 0.0, 1.0],
                [1.0, 0.0, -0.0, 0.0, -0.0, 1e-06, -1.0, 0.37472, -0.0, 1.0, 1e-06, -0.0, 0.0, 0.0, 0.0, 1.0],
                [1.0, 0.0, -0.0, 0.0, -0.0, 1e-06, -1.0, 0.471392, -0.0, 1.0, 1e-06, -0.004956, 0.0, 0.0, 0.0, 1.0]
            ]
        },
        {
            "name": "Thigh_L",
            "time": [0.0, 0.2167, 0.3833, 0.4667, 0.6, 0.7667],
            "transform": [
                [0.999999, -0.0, 0.0, -0.125006, -0.0, -0.807612, 0.589714, -0.002831, -0.0, -0.589714, -0.807612, -1.2e-05, 0.0, 0.0, 0.0, 1.0],
                [0.999999, -0.0, -0.0, -0.125006, 0.0, -0.973363, -0.22927, -0.002831, 0.0, 0.22927, -0.973362, -1.2e-05, 0.0, 0.0, 0.0, 1.0],
                [0.999999, -0.0, 0.0, -0.125006, -0.0, -0.757491, 0.652845, -0.002831, -0.0, -0.652845, -0.757491, -1.2e-05, 0.0, 0.0, 0.0, 1.0],
                [0.999999, -0.0, 0.0, -0.125006, -0.0, -0.514808, 0.857305, -0.002831, -0.0, -0.857305, -0.514808, -1.2e-05, 0.0, 0.0, 0.0, 1.0],
                [0.999999, -0.0, 0.0, -0.125006, -0.0, -0.504049, 0.863675, -0.002831, -0.0, -0.863675, -0.504049, -1.2e-05, 0.0, 0.0, 0.0, 1.0],
                [0.999999, -0.0, 0.0, -0.125006, -0.0, -0.807612, 0.589714, -0.002831, -0.0, -0.589714, -0.807612, -1.2e-05, 0.0, 0.0, 0.0, 1.0]
            ]
        },
        {
            "name": "Leg_L",
            "time": [0.0, 0.2167, 0.3833, 0.5333, 0.6, 0.7667],
            "transform": [
                [1.0, -0.0, 1e-06, 0.0, -0.0, 0.691111, 0.722749, 0.37472, -1e-06, -0.722749, 0.691111, 0.0, 0.0, 0.0, 0.0, 1.0],
                [1.0, 0.0, 1e-06, 0.0, -1e-06, 0.762295, 0.64723, 0.37472, -1e-06, -0.647229, 0.762296, 0.0, 0.0, 0.0, 0.0, 1.0],
                [1.0, -0.0, 1e-06, -0.0, -1e-06, 0.013859, 0.999905, 0.37472, -0.0, -0.999904, 0.013859, 0.0, 0.0, 0.0, 0.0, 1.0],
                [1.0, 0.0, 1e-06, 0.0, -1e-06, 0.626086, 0.779754, 0.37472, -0.0, -0.779753, 0.626087, 0.0, 0.0, 0.0, 0.0, 1.0],
                [1.0, 0.0, 1e-06, 0.0, -1e-06, 0.487709, 0.873007, 0.37472, -0.0, -0.873006, 0.487709, -0.0, 0.0, 0.0, 0.0, 1.0],
                [1.0, -0.0, 1e-06, 0.0, -0.0, 0.691111, 0.722749, 0.37472, -1e-06, -0.722749, 0.691111, 0.0, 0.0, 0.0, 0.0, 1.0]
            ]
        },
        {
            "name": "Knee_L",
            "time": [0.0, 0.2167, 0.3833, 0.5333, 0.6, 0.7667],
            "transform": [
                [1.0, 0.0, -0.0, 0.0, -0.0, 1e-06, -1.0, 0.37472, -0.0, 1.0, 1e-06, 0.0, 0.0, 0.0, 0.0, 1.0],
                [1.0, 0.0, -0.0, 0.0, -0.0, 1e-06, -1.0, 0.385335, -0.0, 1.0, 1e-06, -0.001833, 0.0, 0.0, 0.0, 1.0],
                [1.0, 0.0, -0.0, 0.0, -0.0, 1e-06, -1.0, 0.476473, -0.0, 1.0, 1e-06, -0.000924, 0.0, 0.0, 0.0, 1.0],
                [1.0, -0.0, -0.0, 0.0, -0.0, -0.32732, -0.944914, 0.452015, -0.0, 0.944914, -0.32732, -0.00312, 0.0, 0.0, 0.0, 1.0],
                [1.0, 0.0, -0.0, 0.0, -0.0, 1e-06, -1.0, 0.432729, -0.0, 1.0, 1e-06, -0.003694, 0.0, 0.0, 0.0, 1.0],
                [1.0, 0.0, -0.0, 0.0, -0.0, 1e-06, -1.0, 0.37472, -0.0, 1.0, 1e-06, 0.0, 0.0, 0.0, 0.0, 1.0]
            ]
        },
        {
            "name": "Torso",
            "time": [0.0, 0.2167, 0.3833, 0.6, 0.7667],
            "transform": [
                [1.0, 0.0, 0.0, 0.0, 0.0, 0.933509, 0.358554, 0.05, 0.0, -0.358554, 0.933509, 0.0, 0.0, 0.0, 0.0, 1.0],
                [1.0, 0.0, 0.0, 0.0, 0.0, 0.866264, 0.499587, 0.05, 0.0, -0.499587, 0.866264, 0.0, 0.0, 0.0, 0.0, 1.0],
                [1.0, 0.0, 0.0, 0.0, 0.0, 0.858739, 0.512414, 0.05, 0.0, -0.512414, 0.858739, 0.0, 0.0, 0.0, 0.0, 1.0],
                [1.0, 0.0, 0.0, 0.0, 0.0, 0.866264, 0.499587, 0.05, 0.0, -0.499587, 0.866264, 0.0, 0.0, 0.0, 0.0, 1.0],
                [1.0, 0.0, 0.0, 0.0, 0.0, 0.933509, 0.358554, 0.05, 0.0, -0.358554, 0.933509, 0.0, 0.0, 0.0, 0.0, 1.0]
            ]
        },
        {
            "name": "Chest",
            "time": [0.0, 0.2167, 0.3833, 0.6, 0.7667],
            "transform": [
                [1.0, 0.0, 0.0, -0.0, 0.0, 0.918942, 0.394393, 0.3, 0.0, -0.394393, 0.918942, 0.0, 0.0, 0.0, 0.0, 1.0],
                [1.0, 0.0, 0.0, 0.0, 0.0, 0.8431, 0.537757, 0.3, 0.0, -0.537757, 0.8431, 0.0, 0.0, 0.0, 0.0, 1.0],
                [1.0, 0.0, 0.0, -0.0, 0.0, 0.918942, 0.394393, 0.3, 0.0, -0.394393, 0.918942, -0.0, 0.0, 0.0, 0.0, 1.0],
                [1.0, 0.0, 0.0, 0.0, 0.0, 0.8431, 0.537757, 0.3, 0.0, -0.537757, 0.8431, 0.0, 0.0, 0.0, 0.0, 1.0],
                [1.0, 0.0, 0.0, -0.0, 0.0, 0.918942, 0.394393, 0.3, 0.0, -0.394393, 0.918942, 0.0, 0.0, 0.0, 0.0, 1.0]
            ]
        },
        {
            "name": "Head",
            "time": [0.0, 0.2167, 0.3833, 0.6, 0.7667],
            "transform": [
                [1.0, 0.0, 0.0, 0.0, 0.0, 0.754687, -0.656084, 0.4, 0.0, 0.656084, 0.754687, -0.0, 0.0, 0.0, 0.0, 1.0],
                [1.0, 0.0, 0.0, 0.0, 0.0, 0.536012, -0.84421, 0.4, 0.0, 0.84421, 0.536012, -0.0, 0.0, 0.0, 0.0, 1.0],
                [1.0, 0.0, 0.0, 0.0, 0.0, 0.715328, -0.698789, 0.4, 0.0, 0.698789, 0.715328, -0.0, 0.0, 0.0, 0.0, 1.0],
                [1.0, 0.0, 0.0, 0.0, 0.0, 0.536012, -0.84421, 0.4, 0.0, 0.84421, 0.536012, -0.0, 0.0, 0.0, 0.0, 1.0],
                [1.0, 0.0, 0.0, 0.0, 0.0, 0.754687, -0.656084, 0.4, 0.0, 0.656084, 0.754687, -0.0, 0.0, 0.0, 0.0, 1.0]
            ]
        },
        {
            "name": "Shoulder_R",
            "time": [0.0, 0.2167, 0.3833, 0.6, 0.7667],
            "transform": [
                [-0.345806, 0.748341, 0.566042, 0.0, 0.065933, -0.582389, 0.810232, 0.4, 0.935986, 0.317504, 0.152053, -0.0, 0.0, 0.0, 0.0, 1.0],
                [-0.404592, 0.759711, 0.509062, 0.0, 0.044636, -0.539588, 0.840745, 0.4, 0.913407, 0.362881, 0.184403, -0.0, 0.0, 0.0, 0.0, 1.0],
                [-0.345806, 0.748341, 0.566042, 0.0, 0.065934, -0.582389, 0.810232, 0.4, 0.935987, 0.317504, 0.152053, -0.0, 0.0, 0.0, 0.0, 1.0],
                [-0.404592, 0.759711, 0.509062, 0.0, 0.044636, -0.539588, 0.840745, 0.4, 0.913407, 0.362881, 0.184403, -0.0, 0.0, 0.0, 0.0, 1.0],
                [-0.345806, 0.748341, 0.566042, 0.0, 0.065933, -0.582389, 0.810232, 0.4, 0.935986, 0.317504, 0.152053, -0.0, 0.0, 0.0, 0.0, 1.0]
            ]
        },
        {
            "name": "Arm_R",
            "time": [0.0, 0.2167, 0.3833, 0.6, 0.7667],
            "transform": [
                [-0.127383, -0.33096, -0.935008, -0.0, 0.455704, 0.817771, -0.351546, 0.393861, 0.88097, -0.470867, 0.04665, -0.0, 0.0, 0.0, 0.0, 1.0],
                [0.090075, -0.242924, -0.965854, -0.0, 0.611708, 0.778806, -0.138831, 0.39386, 0.785939, -0.578316, 0.218749, 0.0, 0.0, 0.0, 0.0, 1.0],
                [-0.127383, -0.33096, -0.935008, 0.0, 0.455704, 0.817771, -0.351546, 0.39386, 0.88097, -0.470867, 0.04665, -0.0, 0.0, 0.0, 0.0, 1.0],
                [0.090075, -0.242924, -0.965854, -0.0, 0.611708, 0.778806, -0.138831, 0.39386, 0.785939, -0.578316, 0.218749, 0.0, 0.0, 0.0, 0.0, 1.0],
                [-0.127383, -0.33096, -0.935008, -0.0, 0.455704, 0.817771, -0.351546, 0.393861, 0.88097, -0.470867, 0.04665, -0.0, 0.0, 0.0, 0.0, 1.0]
            ]
        },
        {
            "name": "Hand_R",
            "time": [0.0, 0.3833, 0.6, 0.7667],
            "transform": [
                [0.999439, -0.03305, -0.005342, 0.0, 0.025419, 0.852953, -0.521368, 0.3, 0.021788, 0.52094, 0.853315, -0.0, 0.0, 0.0, 0.0, 1.0],
                [0.999439, -0.03305, -0.005342, -0.0, 0.025419, 0.852953, -0.521368, 0.3, 0.021788, 0.52094, 0.853315, 0.0, 0.0, 0.0, 0.0, 1.0],
                [0.999439, -0.032395, -0.008452, 0.0, 0.025419, 0.898542, -0.438151, 0.3, 0.021788, 0.437691, 0.898861, -0.0, 0.0, 0.0, 0.0, 1.0],
                [0.999439, -0.03305, -0.005342, 0.0, 0.025419, 0.852953, -0.521368, 0.3, 0.021788, 0.52094, 0.853315, -0.0, 0.0, 0.0, 0.0, 1.0]
            ]
        },
        {
            "name": "Tool_R",
            "time": [0.0, 0.7667],
            "transform": [
                [0.999822, 0.009713, 0.016189, -0.017311, 0.006818, -0.985396, 0.17014, 0.36637, 0.017595, -0.169909, -0.984702, 0.051121, 0.0, 0.0, 0.0, 1.0],
                [0.999822, 0.009713, 0.016189, -0.017311, 0.006818, -0.985396, 0.17014, 0.36637, 0.017595, -0.169909, -0.984702, 0.051121, 0.0, 0.0, 0.0, 1.0]
            ]
        },
        {
            "name": "Elbow_R",
            "time": [0.0, 0.7667],
            "transform": [
                [-1.0, 0.0, -0.0, -0.001666, 0.0, -0.0, -1.0, 0.388537, -0.0, -1.0, 0.0, -0.002774, 0.0, 0.0, 0.0, 1.0],
                [-1.0, 0.0, -0.0, -0.001666, 0.0, -0.0, -1.0, 0.388537, -0.0, -1.0, 0.0, -0.002774, 0.0, 0.0, 0.0, 1.0]
            ]
        },
        {
            "name": "Shoulder_L",
            "time": [0.0, 0.2167, 0.3833, 0.6, 0.7667],
            "transform": [
                [0.354942, -0.934421, 0.029548, 0.0, -0.060484, 0.008588, 0.998132, 0.4, -0.93293, -0.356066, -0.053469, -0.0, 0.0, 0.0, 0.0, 1.0],
                [0.244728, -0.961553, 0.124595, 0.0, -0.091025, 0.10515, 0.990282, 0.4, -0.96531, -0.253691, -0.061793, -0.0, 0.0, 0.0, 0.0, 1.0],
                [0.354942, -0.934421, 0.029548, 0.0, -0.060484, 0.008588, 0.998132, 0.4, -0.93293, -0.356066, -0.053469, -0.0, 0.0, 0.0, 0.0, 1.0],
                [0.244728, -0.961553, 0.124595, 0.0, -0.091025, 0.10515, 0.990282, 0.4, -0.96531, -0.253691, -0.061793, -0.0, 0.0, 0.0, 0.0, 1.0],
                [0.354942, -0.934421, 0.029548, 0.0, -0.060484, 0.008588, 0.998132, 0.4, -0.93293, -0.356066, -0.053469, -0.0, 0.0, 0.0, 0.0, 1.0]
            ]
        },
        {
            "name": "Arm_L",
            "time": [0.0, 0.2167, 0.3833, 0.6, 0.7667],
            "transform": [
                [0.260801, 0.903137, 0.341066, -0.0, -0.499127, 0.428553, -0.753137, 0.39386, -0.826351, 0.026183, 0.562547, 0.0, 0.0, 0.0, 0.0, 1.0],
                [0.570786, 0.719022, 0.396498, -0.0, -0.228936, 0.603097, -0.764109, 0.39386, -0.788538, 0.34537, 0.508849, 0.0, 0.0, 0.0, 0.0, 1.0],
                [0.260801, 0.903137, 0.341066, 0.0, -0.499127, 0.428553, -0.753137, 0.39386, -0.826351, 0.026183, 0.562547, -0.0, 0.0, 0.0, 0.0, 1.0],
                [0.570786, 0.719022, 0.396498, -0.0, -0.228936, 0.603097, -0.764109, 0.39386, -0.788538, 0.34537, 0.508849, 0.0, 0.0, 0.0, 0.0, 1.0],
                [0.260801, 0.903137, 0.341066, -0.0, -0.499127, 0.428553, -0.753137, 0.39386, -0.826351, 0.026183, 0.562547, 0.0, 0.0, 0.0, 0.0, 1.0]
            ]
        },
        {
            "name": "Hand_L",
            "time": [0.0, 0.7667],
            "transform": [
                [0.999802, -0.014798, 0.013301, 0.0, 0.019896, 0.751415, -0.65953, 0.3, -0.000235, 0.659664, 0.751561, -0.0, 0.0, 0.0, 0.0, 1.0],
                [0.999802, -0.014798, 0.013301, 0.0, 0.019896, 0.751415, -0.65953, 0.3, -0.000235, 0.659664, 0.751561, -0.0, 0.0, 0.0, 0.0, 1.0]
            ]
        },
        {
            "name": "Tool_L",
            "time": [0.0, 0.7667],
            "transform": [
                [1.0, 0.0, 0.0, 0.0, 0.0, -0.999836, 0.018122, 0.272858, 0.0, -0.018122, -0.999247, -0.0, 0.0, 0.0, 0.0, 1.0],
                [1.0, 0.0, 0.0, 0.0, 0.0, -0.999836, 0.018122, 0.272858, 0.0, -0.018122, -0.999247, -0.0, 0.0, 0.0, 0.0, 1.0]
            ]
        },
        {
            "name": "Elbow_L",
            "time": [0.0, 0.7667],
            "transform": [
                [-1.0, 0.0, -0.0, -0.001234, 0.0, -0.0, -1.0, 0.368511, -0.0, -1.0, -0.0, -0.001546, 0.0, 0.0, 0.0, 1.0],
                [-1.0, 0.0, -0.0, -0.001234, 0.0, -0.0, -1.0, 0.368511, -0.0, -1.0, -0.0, -0.001546, 0.0, 0.0, 0.0, 1.0]
            ]
        }
    ]
}