{
    "animation": [
        {
            "name": "Root",
            "time": [0.0, 0.2917, 0.4583, 0.7917, 1.0417],
            "transform": [
                [0.869101, 0.08842, -0.486668, -0.063582, -0.494635, 0.155359, -0.855102, 0.019322, -0.0, 0.983893, 0.178759, 0.706736, 0.0, 0.0, 0.0, 1.0],
                [0.869101, 0.08842, -0.486668, -0.063582, -0.494635, 0.155359, -0.855102, 0.285136, -0.0, 0.983893, 0.178759, 0.828431, 0.0, 0.0, 0.0, 1.0],
                [0.869101, 0.08842, -0.486668, -0.063582, -0.494635, 0.155359, -0.855102, 0.285136, -0.0, 0.983893, 0.178759, 0.828431, 0.0, 0.0, 0.0, 1.0],
                [0.999832, 0.003274, -0.018019, -0.029085, -0.018314, 0.178729, -0.983728, 0.828855, -0.0, 0.983893, 0.178759, 0.706736, 0.0, 0.0, 0.0, 1.0],
                [0.999832, 0.003274, -0.018019, -0.029085, -0.018314, 0.178729, -0.983728, 0.828855, -0.0, 0.983893, 0.178759, 0.706736, 0.0, 0.0, 0.0, 1.0]
            ]
        },
        {
            "name": "Torso",
            "time": [0.0, 0.2917, 0.4583, 0.7917, 1.0417],
            "transform": [
                [0.999794, -0.005792, 0.019434, 0.0, 0.003938, 0.995555, 0.094098, 0.115569, -0.019893, -0.094002, 0.995373, -0.0, 0.0, 0.0, 0.0, 1.0],
                [0.999794, -0.005792, 0.019434, 0.0, 0.003938, 0.995555, 0.094098, 0.115569, -0.019893, -0.094002, 0.995373, -0.0, 0.0, 0.0, 0.0, 1.0],
                [0.999794, -0.005792, 0.019434, 0.0, 0.003938, 0.995555, 0.094098, 0.115569, -0.019893, -0.094002, 0.995373, -0.0, 0.0, 0.0, 0.0, 1.0],
                [0.999794, -0.005792, 0.019434, 0.0, 0.003938, 0.995555, 0.094098, 0.115569, -0.019892, -0.094002, 0.995373, 0.0, 0.0, 0.0, 0.0, 1.0],
                [0.999794, -0.005792, 0.019434, 0.0, 0.003938, 0.995555, 0.094098, 0.115569, -0.019892, -0.094002, 0.995373, 0.0, 0.0, 0.0, 0.0, 1.0]
            ]
        },
        {
            "name": "Chest",
            "time": [0.0, 0.2917, 0.4583, 0.7917, 1.0417],
            "transform": [
                [0.92554, -0.023006, -0.377949, -0.0, 0.067715, 0.992118, 0.105432, 0.22241, 0.372545, -0.123174, 0.919804, -0.0, 0.0, 0.0, 0.0, 1.0],
                [0.795234, -0.09137, -0.599379, -0.0, 0.092827, 0.995272, -0.02856, 0.22241, 0.599155, -0.032927, 0.799956, -0.0, 0.0, 0.0, 0.0, 1.0],
                [0.795234, -0.09137, -0.599379, -0.0, 0.092827, 0.995272, -0.02856, 0.22241, 0.599155, -0.032927, 0.799956, -0.0, 0.0, 0.0, 0.0, 1.0],
                [0.8399, -0.313368, 0.443135, 0.0, 0.315955, 0.94617, 0.070248, 0.22241, -0.441294, 0.081009, 0.893698, -0.0, 0.0, 0.0, 0.0, 1.0],
                [0.8399, -0.313368, 0.443135, 0.0, 0.315955, 0.94617, 0.070248, 0.22241, -0.441294, 0.081009, 0.893698, -0.0, 0.0, 0.0, 0.0, 1.0]
            ]
        },
        {
            "name": "Head",
            "time": [0.0, 0.2917, 0.4583, 0.7917, 1.0417],
            "transform": [
                [0.590815, -0.002813, 0.806802, 0.0, -0.314702, 0.919981, 0.233661, 0.585241, -0.7429, -0.391953, 0.542654, 0.0, 0.0, 0.0, 0.0, 1.0],
                [0.590815, -0.002813, 0.806802, -0.0, -0.314702, 0.919981, 0.233661, 0.585241, -0.7429, -0.391953, 0.542654, 0.0, 0.0, 0.0, 0.0, 1.0],
                [0.489716, -0.330528, 0.806802, -0.0, 0.249353, 0.939801, 0.233661, 0.585241, -0.835465, 0.086751, 0.542654, 0.0, 0.0, 0.0, 0.0, 1.0],
                [0.855156, 0.493112, -0.159839, 0.0, -0.358103, 0.784921, 0.505631, 0.585241, 0.374793, -0.375154, 0.847814, 0.0, 0.0, 0.0, 0.0, 1.0],
                [0.855156, 0.493112, -0.159839, 0.0, -0.358103, 0.784921, 0.505631, 0.585241, 0.374793, -0.375154, 0.847814, 0.0, 0.0, 0.0, 0.0, 1.0]
            ]
        },
        {
            "name": "Arm_L",
            "time": [0.0, 0.2917, 0.4583, 0.5417, 0.7917, 1.0417],
            "transform": [
                [0.628669, -0.369094, -0.684504, -0.20071, 0.744805, 0.032576, 0.666486, 0.58598, -0.223698, -0.92882, 0.295383, -0.002076, 0.0, 0.0, 0.0, 1.0],
                [0.520894, -0.242428, -0.818473, -0.20071, 0.853304, 0.174018, 0.491518, 0.58598, 0.023272, -0.954435, 0.29751, -0.002076, 0.0, 0.0, 0.0, 1.0],
                [0.865733, 0.146959, -0.478445, -0.20071, 0.472205, 0.077071, 0.878113, 0.58598, 0.16592, -0.986135, -0.002672, -0.002076, 0.0, 0.0, 0.0, 1.0],
                [0.451679, -0.832982, -0.319574, -0.20071, 0.437924, -0.10508, 0.89285, 0.58598, -0.777308, -0.54323, 0.31732, -0.002076, 0.0, 0.0, 0.0, 1.0],
                [-0.125716, -0.953651, -0.273397, -0.20071, 0.35206, -0.300533, 0.886416, 0.58598, -0.927496, 0.015185, 0.373524, -0.002076, 0.0, 0.0, 0.0, 1.0],
                [-0.125716, -0.953651, -0.273397, -0.20071, 0.35206, -0.300533, 0.886416, 0.58598, -0.927496, 0.015185, 0.373524, -0.002076, 0.0, 0.0, 0.0, 1.0]
            ]
        },
        {
            "name": "Blade",
            "time": [0.0, 0.2917, 0.4583, 0.7917, 1.0417],
            "transform": [
                [0.000494, 0.827263, 0.561815, 0.0, -0.4854, 0.491389, -0.723135, 0.779125, -0.874292, -0.272348, 0.401796, 0.0, 0.0, 0.0, 0.0, 1.0],
                [0.000494, 0.827263, 0.561815, 0.0, -0.4854, 0.491389, -0.723135, 0.779125, -0.874292, -0.272348, 0.401796, 0.0, 0.0, 0.0, 0.0, 1.0],
                [0.000494, 0.827263, 0.561815, 0.0, -0.4854, 0.491388, -0.723135, 0.779125, -0.874292, -0.272348, 0.401796, 0.0, 0.0, 0.0, 0.0, 1.0],
                [0.502574, 0.238548, 0.830972, -0.0, -0.234931, 0.962693, -0.134274, 0.779125, -0.832002, -0.127738, 0.539867, 0.0, 0.0, 0.0, 0.0, 1.0],
                [0.502574, 0.238548, 0.830972, -0.0, -0.234931, 0.962693, -0.134274, 0.779125, -0.832002, -0.127738, 0.539867, 0.0, 0.0, 0.0, 0.0, 1.0]
            ]
        },
        {
            "name": "Cloth",
            "time": [0.0, 0.2917, 0.4583, 0.7917, 1.0417],
            "transform": [
                [-0.965403, -0.231269, 0.120469, 0.001532, 0.174161, -0.915684, -0.362201, 0.625485, 0.194076, -0.328689, 0.924284, -0.133792, 0.0, 0.0, 0.0, 1.0],
                [-0.965403, -0.208009, 0.157259, 0.001532, 0.174161, -0.963175, -0.204844, 0.625485, 0.194076, -0.170368, 0.966081, -0.133792, 0.0, 0.0, 0.0, 1.0],
                [-0.965403, -0.207845, 0.157475, 0.001532, 0.174161, -0.963388, -0.203841, 0.625485, 0.194076, -0.169362, 0.966258, -0.133792, 0.0, 0.0, 0.0, 1.0],
                [-0.755126, 0.26117, -0.601312, 0.001532, 0.095459, -0.863642, -0.494985, 0.625485, -0.648595, -0.431176, 0.627228, -0.133792, 0.0, 0.0, 0.0, 1.0],
                [-0.755126, 0.26117, -0.601312, 0.001532, 0.095459, -0.863642, -0.494985, 0.625485, -0.648595, -0.431176, 0.627228, -0.133792, 0.0, 0.0, 0.0, 1.0]
            ]
        },
        {
            "name": "LowerCloth",
            "time": [0.0, 0.2917, 0.4583, 0.7917, 1.0417],
            "transform": [
                [0.991727, 0.011836, 0.127818, -0.0, -0.029337, 0.990286, 0.13592, 0.627449, -0.124967, -0.138545, 0.98244, 0.0, 0.0, 0.0, 0.0, 1.0],
                [0.991727, 0.011836, 0.127818, -0.0, -0.029337, 0.990286, 0.13592, 0.627449, -0.124967, -0.138545, 0.98244, 0.0, 0.0, 0.0, 0.0, 1.0],
                [0.991727, 0.011836, 0.127818, -0.0, -0.029337, 0.990286, 0.13592, 0.627449, -0.124967, -0.138545, 0.98244, 0.0, 0.0, 0.0, 0.0, 1.0],
                [0.657074, 0.052333, 0.752008, 0.0, 0.105608, 0.981358, -0.160569, 0.627449, -0.746392, 0.184924, 0.639298, -0.0, 0.0, 0.0, 0.0, 1.0],
                [0.657074, 0.052333, 0.752008, 0.0, 0.105608, 0.981358, -0.160569, 0.627449, -0.746392, 0.184924, 0.639298, -0.0, 0.0, 0.0, 0.0, 1.0]
            ]
        },
        {
            "name": "Leg_L",
            "time": [0.0, 0.2917, 0.4583, 0.7917, 1.0417],
            "transform": [
                [-0.917022, -0.338531, 0.210874, -0.207806, -0.241504, 0.050542, -0.969083, 0.115569, 0.317407, -0.939597, -0.128105, -0.0, 0.0, 0.0, 0.0, 1.0],
                [-0.858594, -0.233587, 0.456347, -0.207806, -0.308268, -0.476008, -0.823643, 0.115569, 0.409617, -0.847852, 0.33669, -0.0, 0.0, 0.0, 0.0, 1.0],
                [-0.858594, -0.233587, 0.456347, -0.207806, -0.308268, -0.476008, -0.823643, 0.115569, 0.409617, -0.847852, 0.33669, -0.0, 0.0, 0.0, 0.0, 1.0],
                [-0.986887, -0.038406, 0.156775, -0.207806, -0.160361, 0.122737, -0.979398, 0.115569, 0.018373, -0.991696, -0.127287, -0.0, 0.0, 0.0, 0.0, 1.0],
                [-0.986887, -0.038406, 0.156775, -0.207806, -0.160361, 0.122737, -0.979398, 0.115569, 0.018373, -0.991696, -0.127287, -0.0, 0.0, 0.0, 0.0, 1.0]
            ]
        },
        {
            "name": "Shin_L",
            "time": [0.0, 0.2917, 0.4583, 0.7917, 1.0417],
            "transform": [
                [0.978659, 0.190258, -0.077644, 0.0, -0.025139, -0.26416, -0.964151, 0.509061, -0.203948, 0.945527, -0.25374, 0.0, 0.0, 0.0, 0.0, 1.0],
                [0.978659, 0.190258, -0.077644, -0.0, -0.025139, -0.26416, -0.964151, 0.509061, -0.203948, 0.945527, -0.25374, 0.0, 0.0, 0.0, 0.0, 1.0],
                [0.978659, 0.190258, -0.077644, -0.0, -0.025139, -0.26416, -0.964151, 0.509061, -0.203948, 0.945527, -0.25374, 0.0, 0.0, 0.0, 0.0, 1.0],
                [0.978659, 0.190258, -0.077644, -0.0, -0.025139, -0.26416, -0.964151, 0.509061, -0.203948, 0.945527, -0.25374, 0.0, 0.0, 0.0, 0.0, 1.0],
                [0.978659, 0.190258, -0.077644, -0.0, -0.025139, -0.26416, -0.964151, 0.509061, -0.203948, 0.945527, -0.25374, 0.0, 0.0, 0.0, 0.0, 1.0]
            ]
        },
        {
            "name": "Foot_L",
            "time": [0.0, 0.2917, 0.4583, 0.7917, 1.0417],
            "transform": [
                [0.99669, 0.027962, 0.076337, -0.0, -0.070447, 0.765716, 0.639309, 0.436117, -0.040576, -0.642571, 0.765151, -0.0, 0.0, 0.0, 0.0, 1.0],
                [0.991165, 0.088374, 0.0989, 0.0, -0.127187, 0.421858, 0.897697, 0.436117, 0.037612, -0.902345, 0.429371, 0.0, 0.0, 0.0, 0.0, 1.0],
                [0.991165, 0.088374, 0.0989, 0.0, -0.127187, 0.421858, 0.897697, 0.436117, 0.037612, -0.902345, 0.429371, 0.0, 0.0, 0.0, 0.0, 1.0],
                [0.99669, 0.027962, 0.076337, 0.0, -0.070447, 0.765716, 0.639309, 0.436117, -0.040576, -0.642571, 0.765151, 0.0, 0.0, 0.0, 0.0, 1.0],
                [0.99669, 0.027962, 0.076337, 0.0, -0.070447, 0.765716, 0.639309, 0.436117, -0.040576, -0.642571, 0.765151, 0.0, 0.0, 0.0, 0.0, 1.0]
            ]
        },
        {
            "name": "Leg_R",
            "time": [0.0, 0.2917, 0.4583, 0.7917, 1.0417],
            "transform": [
                [-0.907102, 0.052284, 0.41765, 0.191296, -0.240643, -0.878514, -0.41268, 0.113517, 0.345335, -0.474847, 0.809484, 0.00081, 0.0, 0.0, 0.0, 1.0],
                [-0.903643, 0.070898, 0.422378, 0.191296, -0.246097, -0.893091, -0.376595, 0.113517, 0.350522, -0.444254, 0.824483, 0.00081, 0.0, 0.0, 0.0, 1.0],
                [-0.903643, 0.070898, 0.422378, 0.191296, -0.246097, -0.893091, -0.376595, 0.113517, 0.350522, -0.444254, 0.824483, 0.00081, 0.0, 0.0, 0.0, 1.0],
                [-0.974347, 0.052284, 0.218894, 0.191296, -0.149102, -0.878514, -0.453852, 0.113517, 0.168572, -0.474847, 0.863773, 0.00081, 0.0, 0.0, 0.0, 1.0],
                [-0.974347, 0.052284, 0.218894, 0.191296, -0.149102, -0.878514, -0.453852, 0.113517, 0.168572, -0.474847, 0.863773, 0.00081, 0.0, 0.0, 0.0, 1.0]
            ]
        },
        {
            "name": "Shin_R",
            "time": [0.0, 0.2917, 0.4583, 0.7917, 1.0417],
            "transform": [
                [0.978659, 0.190258, -0.077644, -0.0, -0.025139, -0.26416, -0.964151, 0.509061, -0.203948, 0.945527, -0.253739, -0.0, 0.0, 0.0, 0.0, 1.0],
                [0.961663, 0.252859, -0.106144, 0.0, -0.122713, 0.050637, -0.991149, 0.509061, -0.245246, 0.966177, 0.079725, -0.0, 0.0, 0.0, 0.0, 1.0],
                [0.961663, 0.252859, -0.106144, 0.0, -0.122713, 0.050637, -0.991149, 0.509061, -0.245246, 0.966177, 0.079725, -0.0, 0.0, 0.0, 0.0, 1.0],
                [0.978659, 0.190258, -0.077644, 0.0, -0.025139, -0.26416, -0.964151, 0.509061, -0.203948, 0.945527, -0.253739, -0.0, 0.0, 0.0, 0.0, 1.0],
                [0.978659, 0.190258, -0.077644, 0.0, -0.025139, -0.26416, -0.964151, 0.509061, -0.203948, 0.945527, -0.253739, -0.0, 0.0, 0.0, 0.0, 1.0]
            ]
        },
        {
            "name": "Foot_R",
            "time": [0.0, 0.2917, 0.4583, 0.7917, 1.0417],
            "transform": [
                [0.99669, 0.017068, 0.079485, 0.0, -0.070447, 0.669314, 0.739632, 0.436117, -0.040576, -0.742783, 0.668301, 0.0, 0.0, 0.0, 0.0, 1.0],
                [0.99669, 0.017068, 0.079485, -0.0, -0.070447, 0.669314, 0.739632, 0.436117, -0.040576, -0.742783, 0.668301, -0.0, 0.0, 0.0, 0.0, 1.0],
                [0.99669, 0.017068, 0.079485, -0.0, -0.070447, 0.669314, 0.739632, 0.436117, -0.040576, -0.742783, 0.668301, -0.0, 0.0, 0.0, 0.0, 1.0],
                [0.99669, 0.017068, 0.079485, 0.0, -0.070447, 0.669315, 0.739632, 0.436117, -0.040576, -0.742783, 0.668302, 0.0, 0.0, 0.0, 0.0, 1.0],
                [0.99669, 0.017068, 0.079485, 0.0, -0.070447, 0.669315, 0.739632, 0.436117, -0.040576, -0.742783, 0.668302, 0.0, 0.0, 0.0, 0.0, 1.0]
            ]
        }
    ]
}