{
    "animation": [
        {
            "name": "Root",
            "time": [0.0, 0.25, 0.5417, 1.0, 1.25, 1.5417, 1.75],
            "transform": [
                [1.0, 0.0, 0.0, 0.0, 0.0, 0.178759, -0.983893, -0.158286, -0.0, 0.983893, 0.178759, 0.8563, 0.0, 0.0, 0.0, 1.0],
                [0.993022, -0.021081, 0.11603, 0.014062, 0.117929, 0.177511, -0.977027, -1.200714, -0.0, 0.983893, 0.178759, 0.800368, 0.0, 0.0, 0.0, 1.0],
                [0.913213, -0.072841, 0.400918, 0.078042, 0.407482, 0.163245, -0.898504, -1.529579, -0.0, 0.983893, 0.178759, 0.778717, 0.0, 0.0, 0.0, 1.0],
                [0.803474, -0.106422, 0.58575, 0.163858, 0.595339, 0.143628, -0.790533, -1.703367, -0.0, 0.983893, 0.178759, 0.733796, 0.0, 0.0, 0.0, 1.0],
                [0.926659, -0.067196, 0.369847, 0.137256, 0.375902, 0.165649, -0.911734, 0.294275, -0.0, 0.983893, 0.178759, 0.921596, 0.0, 0.0, 0.0, 1.0],
                [0.990172, 0.105553, -0.091748, 0.021553, -0.109559, 0.177683, -0.97797, 0.719028, -0.086925, 0.978411, 0.187501, 0.674116, 0.0, 0.0, 0.0, 1.0],
                [0.990172, 0.105553, -0.091748, 0.021553, -0.109559, 0.177683, -0.97797, 0.719028, -0.086925, 0.978411, 0.187501, 0.674116, 0.0, 0.0, 0.0, 1.0]
            ]
        },
        {
            "name": "Torso",
            "time": [0.0, 0.5417, 1.0, 1.5417, 1.75],
            "transform": [
                [0.999794, -0.005792, 0.019434, 0.0, 0.003938, 0.995555, 0.094098, 0.115569, -0.019892, -0.094002, 0.995373, 0.0, 0.0, 0.0, 0.0, 1.0],
                [0.999794, -0.005792, 0.019434, -0.0, 0.003938, 0.995555, 0.094098, 0.115569, -0.019893, -0.094002, 0.995373, 0.0, 0.0, 0.0, 0.0, 1.0],
                [0.999794, -0.005792, 0.019434, 0.0, 0.003938, 0.995555, 0.094098, 0.115569, -0.019892, -0.094002, 0.995373, -0.0, 0.0, 0.0, 0.0, 1.0],
                [0.999794, -0.005792, 0.019434, -0.0, 0.003938, 0.995555, 0.094098, 0.115569, -0.019893, -0.094002, 0.995373, 0.0, 0.0, 0.0, 0.0, 1.0],
                [0.999794, -0.005792, 0.019434, -0.0, 0.003938, 0.995555, 0.094098, 0.115569, -0.019893, -0.094002, 0.995373, 0.0, 0.0, 0.0, 0.0, 1.0]
            ]
        },
        {
            "name": "Chest",
            "time": [0.0, 0.5417, 1.0, 1.5417, 1.75],
            "transform": [
                [0.999957, 0.002468, -0.008984, 0.0, -0.002303, 0.99983, 0.018279, 0.222409, 0.009028, -0.018257, 0.999793, -0.0, 0.0, 0.0, 0.0, 1.0],
                [0.809006, 0.368867, 0.457652, 0.0, -0.339477, 0.928815, -0.148519, 0.222409, -0.479858, -0.035209, 0.876639, -0.0, 0.0, 0.0, 0.0, 1.0],
                [0.809007, 0.368867, 0.457652, -0.0, -0.339477, 0.928815, -0.148519, 0.222409, -0.479858, -0.035209, 0.876639, -0.0, 0.0, 0.0, 0.0, 1.0],
                [0.953131, -0.032509, -0.300808, 0.0, 0.133501, 0.937382, 0.321702, 0.22241, 0.271514, -0.346782, 0.897788, 0.0, 0.0, 0.0, 0.0, 1.0],
                [0.953131, -0.032509, -0.300808, 0.0, 0.133501, 0.937382, 0.321702, 0.22241, 0.271514, -0.346782, 0.897788, 0.0, 0.0, 0.0, 0.0, 1.0]
            ]
        },
        {
            "name": "Head",
            "time": [0.0, 0.5417, 1.0, 1.5417, 1.75],
            "transform": [
                [0.999241, -0.002813, 0.038845, -0.0, -0.01264, 0.919981, 0.391759, 0.585241, -0.036838, -0.391953, 0.919247, -0.0, 0.0, 0.0, 0.0, 1.0],
                [0.50714, -0.186586, -0.841424, -0.0, 0.629703, 0.746799, 0.21393, 0.585241, 0.588459, -0.638339, 0.496225, 0.0, 0.0, 0.0, 0.0, 1.0],
                [0.77959, 0.55279, -0.294386, 0.0, -0.533863, 0.832316, 0.149132, 0.585241, 0.327461, 0.0409, 0.943979, -0.0, 0.0, 0.0, 0.0, 1.0],
                [0.851893, -0.028579, 0.522936, -0.0, 0.029058, 0.999551, 0.007289, 0.585241, -0.52291, 0.008986, 0.85234, 0.0, 0.0, 0.0, 0.0, 1.0],
                [0.851893, -0.028579, 0.522936, -0.0, 0.029058, 0.999551, 0.007289, 0.585241, -0.52291, 0.008986, 0.85234, 0.0, 0.0, 0.0, 0.0, 1.0]
            ]
        },
        {
            "name": "Arm_L",
            "time": [0.0, 0.5417, 1.0, 1.0833, 1.2083, 1.5417, 1.75],
            "transform": [
                [-0.178362, -0.590178, -0.787323, -0.20071, 0.074787, -0.805969, 0.587214, 0.585979, -0.981118, 0.045855, 0.187892, -0.002076, 0.0, 0.0, 0.0, 1.0],
                [-0.806268, -0.590178, -0.04027, -0.20071, 0.585659, -0.805969, 0.086124, 0.58598, -0.083285, 0.045855, 0.99547, -0.002076, 0.0, 0.0, 0.0, 1.0],
                [-0.806268, -0.590178, -0.04027, -0.200709, 0.585658, -0.805969, 0.086124, 0.585979, -0.083285, 0.045855, 0.99547, -0.002076, 0.0, 0.0, 0.0, 1.0],
                [0.196622, -0.90933, 0.366686, -0.200709, 0.906901, 0.310812, 0.284477, 0.58598, -0.372654, 0.276613, 0.885784, -0.002076, 0.0, 0.0, 0.0, 1.0],
                [0.783977, -0.00696, 0.62075, -0.20071, -0.051263, 0.995796, 0.075907, 0.585979, -0.618669, -0.091331, 0.780324, -0.002076, 0.0, 0.0, 0.0, 1.0],
                [-0.096786, -0.338902, 0.93583, -0.20071, -0.526186, 0.815529, 0.240916, 0.585979, -0.844843, -0.469103, -0.257258, -0.002076, 0.0, 0.0, 0.0, 1.0],
                [-0.096786, -0.338902, 0.93583, -0.20071, -0.526186, 0.815529, 0.240916, 0.585979, -0.844843, -0.469103, -0.257258, -0.002076, 0.0, 0.0, 0.0, 1.0]
            ]
        },
        {
            "name": "Blade",
            "time": [0.0, 0.5417, 1.0, 1.5417, 1.75],
            "transform": [
                [-0.085499, 0.980987, 0.174225, -0.0, -0.642637, 0.079332, -0.762052, 0.779125, -0.761385, -0.177119, 0.623636, -0.0, 0.0, 0.0, 0.0, 1.0],
                [-0.295122, 0.946047, -0.133782, -0.0, -0.62746, -0.297494, -0.719577, 0.779125, -0.720553, -0.12842, 0.681404, 0.0, 0.0, 0.0, 0.0, 1.0],
                [-0.295122, 0.946047, -0.133782, 0.0, -0.62746, -0.297494, -0.719577, 0.779125, -0.720554, -0.12842, 0.681404, -0.0, 0.0, 0.0, 0.0, 1.0],
                [-0.066269, 0.99659, 0.049167, 0.0, -0.526296, 0.006952, -0.850273, 0.779125, -0.847715, -0.082224, 0.52404, -0.0, 0.0, 0.0, 0.0, 1.0],
                [-0.066269, 0.99659, 0.049167, 0.0, -0.526296, 0.006952, -0.850273, 0.779125, -0.847715, -0.082224, 0.52404, -0.0, 0.0, 0.0, 0.0, 1.0]
            ]
        },
        {
            "name": "Cloth",
            "time": [0.0, 0.5417, 1.0, 1.2083, 1.5417, 1.75],
            "transform": [
                [-0.992195, 0.032201, 0.120469, 0.001532, -0.074132, -0.929147, -0.362202, 0.625485, 0.100269, -0.368305, 0.924284, -0.133792, 0.0, 0.0, 0.0, 1.0],
                [-0.73177, 0.524916, -0.434713, 0.001532, -0.260824, -0.804957, -0.53293, 0.625485, -0.629671, -0.276598, 0.725956, -0.133792, 0.0, 0.0, 0.0, 1.0],
                [-0.705587, 0.610925, -0.359051, 0.001532, -0.325617, -0.729548, -0.601442, 0.625485, -0.629383, -0.307456, 0.713689, -0.133792, 0.0, 0.0, 0.0, 1.0],
                [-0.382185, 0.442218, -0.811405, 0.001532, 0.067601, -0.86233, -0.501813, 0.625485, -0.921612, -0.246636, 0.299675, -0.133792, 0.0, 0.0, 0.0, 1.0],
                [-0.899927, 0.033998, -0.434714, 0.001532, 0.226636, -0.815244, -0.53293, 0.625485, -0.372518, -0.578119, 0.725956, -0.133792, 0.0, 0.0, 0.0, 1.0],
                [-0.899927, 0.033998, -0.434714, 0.001532, 0.226636, -0.815244, -0.53293, 0.625485, -0.372518, -0.578119, 0.725956, -0.133792, 0.0, 0.0, 0.0, 1.0]
            ]
        },
        {
            "name": "LowerCloth",
            "time": [0.0, 0.5417, 1.0, 1.2083, 1.5417, 1.75],
            "transform": [
                [0.991727, 0.011836, 0.127818, -0.0, -0.029337, 0.990286, 0.13592, 0.627449, -0.124967, -0.138545, 0.98244, -0.0, 0.0, 0.0, 0.0, 1.0],
                [0.991727, 0.011836, 0.127818, -0.0, -0.029337, 0.990285, 0.13592, 0.627449, -0.124967, -0.138545, 0.98244, -0.0, 0.0, 0.0, 0.0, 1.0],
                [0.982234, -0.143943, -0.120406, -0.0, 0.147331, 0.988891, 0.019682, 0.627449, 0.116235, -0.037071, 0.99253, 0.0, 0.0, 0.0, 0.0, 1.0],
                [0.929697, -0.085444, 0.358277, -0.0, 0.037108, 0.9895, 0.139691, 0.627449, -0.36645, -0.116575, 0.923106, 0.0, 0.0, 0.0, 0.0, 1.0],
                [0.978869, 0.163944, -0.122218, -0.0, -0.14507, 0.977988, 0.149982, 0.627449, 0.144116, -0.129082, 0.981106, -0.0, 0.0, 0.0, 0.0, 1.0],
                [0.978869, 0.163944, -0.122218, -0.0, -0.14507, 0.977988, 0.149982, 0.627449, 0.144116, -0.129082, 0.981106, -0.0, 0.0, 0.0, 0.0, 1.0]
            ]
        },
        {
            "name": "Leg_L",
            "time": [0.0, 0.2917, 0.5417, 1.0, 1.0833, 1.5417, 1.75],
            "transform": [
                [-0.978688, 0.025622, 0.203749, -0.207806, -0.19538, -0.421642, -0.885463, 0.115569, 0.063222, -0.906401, 0.417662, -0.0, 0.0, 0.0, 0.0, 1.0],
                [-0.998731, -0.036701, 0.034483, -0.207806, 0.016745, -0.887803, -0.459919, 0.115569, 0.047493, -0.458758, 0.887291, -0.0, 0.0, 0.0, 0.0, 1.0],
                [-0.988537, -0.056044, -0.14019, -0.207806, 0.124309, -0.829108, -0.545094, 0.115569, -0.085683, -0.556273, 0.826571, 0.0, 0.0, 0.0, 0.0, 1.0],
                [-0.926696, -0.144752, -0.346816, -0.207806, 0.303513, -0.832476, -0.463536, 0.115569, -0.221618, -0.53482, 0.815386, -0.0, 0.0, 0.0, 0.0, 1.0],
                [-0.94492, 0.26136, -0.197023, -0.207806, 0.121202, -0.279756, -0.95239, 0.115569, -0.304035, -0.923812, 0.23267, -0.0, 0.0, 0.0, 0.0, 1.0],
                [-0.94347, -0.155712, 0.292606, -0.207806, -0.286704, -0.059617, -0.956163, 0.115569, 0.16633, -0.986002, 0.011603, -0.0, 0.0, 0.0, 0.0, 1.0],
                [-0.94347, -0.155712, 0.292606, -0.207806, -0.286704, -0.059617, -0.956163, 0.115569, 0.16633, -0.986002, 0.011603, -0.0, 0.0, 0.0, 0.0, 1.0]
            ]
        },
        {
            "name": "Shin_L",
            "time": [0.0, 0.5417, 1.0, 1.0833, 1.5417, 1.75],
            "transform": [
                [0.978659, 0.190258, -0.077644, -0.0, -0.025139, -0.26416, -0.964151, 0.509061, -0.203948, 0.945527, -0.25374, 0.0, 0.0, 0.0, 0.0, 1.0],
                [0.978659, 0.190258, -0.077644, -0.0, -0.025139, -0.26416, -0.964151, 0.509061, -0.203948, 0.945527, -0.25374, -0.0, 0.0, 0.0, 0.0, 1.0],
                [0.978659, 0.190258, -0.077644, 0.0, -0.025139, -0.26416, -0.964151, 0.509061, -0.203948, 0.945527, -0.25374, 0.0, 0.0, 0.0, 0.0, 1.0],
                [0.978819, 0.152121, -0.137014, -0.0, -0.02448, -0.57748, -0.816038, 0.509061, -0.20326, 0.802107, -0.561525, -0.0, 0.0, 0.0, 0.0, 1.0],
                [0.982057, 0.188232, -0.011553, -0.0, -0.006509, -0.027391, -0.999604, 0.509061, -0.188474, 0.981743, -0.025675, -0.0, 0.0, 0.0, 0.0, 1.0],
                [0.982057, 0.188232, -0.011553, -0.0, -0.006509, -0.027391, -0.999604, 0.509061, -0.188474, 0.981743, -0.025675, -0.0, 0.0, 0.0, 0.0, 1.0]
            ]
        },
        {
            "name": "Foot_L",
            "time": [0.0, 0.2917, 0.5417, 1.0, 1.0833, 1.5417, 1.75],
            "transform": [
                [0.99669, 0.017068, 0.079485, -0.0, -0.070447, 0.669315, 0.739632, 0.436117, -0.040576, -0.742783, 0.668302, 0.0, 0.0, 0.0, 0.0, 1.0],
                [0.998493, -0.028611, 0.046817, 0.0, -0.046418, 0.014466, 0.998817, 0.436117, -0.029254, -0.999486, 0.013116, 0.0, 0.0, 0.0, 0.0, 1.0],
                [0.99669, -0.038746, 0.07147, 0.0, -0.070447, 0.02715, 0.997146, 0.436117, -0.040576, -0.99888, 0.024331, 0.0, 0.0, 0.0, 0.0, 1.0],
                [0.99669, -0.038746, 0.07147, 0.0, -0.070447, 0.02715, 0.997146, 0.436117, -0.040576, -0.99888, 0.024331, -0.0, 0.0, 0.0, 0.0, 1.0],
                [0.996684, 0.031407, 0.075059, 0.0, -0.070692, 0.791004, 0.607713, 0.436117, -0.040286, -0.611005, 0.790601, 0.0, 0.0, 0.0, 0.0, 1.0],
                [0.996336, 0.006352, 0.085289, -0.0, -0.078127, 0.473312, 0.877423, 0.436117, -0.034795, -0.880872, 0.472074, 0.0, 0.0, 0.0, 0.0, 1.0],
                [0.996336, 0.006352, 0.085289, -0.0, -0.078127, 0.473312, 0.877423, 0.436117, -0.034795, -0.880872, 0.472074, 0.0, 0.0, 0.0, 0.0, 1.0]
            ]
        },
        {
            "name": "Leg_R",
            "time": [0.0, 0.2917, 0.5417, 1.0, 1.0833, 1.2917, 1.5417, 1.75],
            "transform": [
                [-0.978688, 0.025622, 0.203749, 0.191296, -0.19538, -0.421642, -0.885463, 0.113517, 0.063222, -0.9064, 0.417662, 0.00081, 0.0, 0.0, 0.0, 1.0],
                [-0.957401, 0.05279, 0.283894, 0.191296, -0.288424, -0.127368, -0.948994, 0.113517, -0.013939, -0.99045, 0.137168, 0.00081, 0.0, 0.0, 0.0, 1.0],
                [-0.875746, 0.412246, 0.251241, 0.191296, -0.289032, -0.03087, -0.956822, 0.113517, -0.38669, -0.91055, 0.146186, 0.00081, 0.0, 0.0, 0.0, 1.0],
                [-0.859564, 0.421382, 0.289115, 0.191296, -0.315754, 0.006897, -0.948816, 0.113517, -0.401808, -0.906857, 0.127125, 0.00081, 0.0, 0.0, 0.0, 1.0],
                [-0.799549, 0.527039, -0.288014, 0.191296, -0.063136, -0.550641, -0.832351, 0.113517, -0.597274, -0.647321, 0.473539, 0.00081, 0.0, 0.0, 0.0, 1.0],
                [-0.997222, -0.058526, 0.046081, 0.191296, 0.062009, -0.995008, 0.078189, 0.113517, 0.041275, 0.080829, 0.995873, 0.00081, 0.0, 0.0, 0.0, 1.0],
                [-0.914398, 0.15116, 0.375535, 0.191296, -0.115515, -0.986529, 0.115828, 0.113517, 0.387985, 0.062533, 0.919542, 0.00081, 0.0, 0.0, 0.0, 1.0],
                [-0.914398, 0.15116, 0.375535, 0.191296, -0.115515, -0.986529, 0.115828, 0.113517, 0.387985, 0.062533, 0.919542, 0.00081, 0.0, 0.0, 0.0, 1.0]
            ]
        },
        {
            "name": "Shin_R",
            "time": [0.0, 0.2917, 0.5417, 1.0, 1.0833, 1.2917, 1.5417, 1.75],
            "transform": [
                [0.978659, 0.190258, -0.077644, -0.0, -0.025139, -0.26416, -0.964151, 0.509061, -0.203948, 0.945527, -0.253739, -0.0, 0.0, 0.0, 0.0, 1.0],
                [0.985385, 0.15687, 0.06639, -0.0, 0.0237, 0.259704, -0.965397, 0.509062, -0.168683, 0.952862, 0.252191, 0.0, 0.0, 0.0, 0.0, 1.0],
                [0.978659, 0.205489, -0.000896, 0.0, -0.025139, 0.115397, -0.993001, 0.509061, -0.203948, 0.971832, 0.1181, -0.0, 0.0, 0.0, 0.0, 1.0],
                [0.978659, 0.205489, -0.000896, -0.0, -0.025139, 0.115397, -0.993001, 0.509061, -0.203948, 0.971832, 0.1181, -0.0, 0.0, 0.0, 0.0, 1.0],
                [0.978643, 0.192638, -0.07175, -0.0, -0.026467, -0.228052, -0.973289, 0.509061, -0.203855, 0.954402, -0.218083, 0.0, 0.0, 0.0, 0.0, 1.0],
                [0.977943, 0.201458, 0.05515, -0.0, -0.041197, 0.444896, -0.894634, 0.509061, -0.204767, 0.872629, 0.443383, 0.0, 0.0, 0.0, 0.0, 1.0],
                [0.977134, 0.200644, -0.070364, 0.0, -0.058804, -0.063009, -0.996279, 0.509061, -0.204331, 0.977636, -0.04977, 0.0, 0.0, 0.0, 0.0, 1.0],
                [0.977134, 0.200644, -0.070364, 0.0, -0.058804, -0.063009, -0.996279, 0.509061, -0.204331, 0.977636, -0.04977, 0.0, 0.0, 0.0, 0.0, 1.0]
            ]
        },
        {
            "name": "Foot_R",
            "time": [0.0, 0.5417, 1.0, 1.0833, 1.5417, 1.75],
            "transform": [
                [0.99669, 0.017068, 0.079485, -0.0, -0.070447, 0.669315, 0.739632, 0.436117, -0.040576, -0.742783, 0.668301, -0.0, 0.0, 0.0, 0.0, 1.0],
                [0.99669, 0.034663, 0.073537, -0.0, -0.070447, 0.819717, 0.568421, 0.436117, -0.040576, -0.571719, 0.819445, -0.0, 0.0, 0.0, 0.0, 1.0],
                [0.99669, 0.034663, 0.073536, 0.0, -0.070447, 0.819716, 0.56842, 0.436117, -0.040576, -0.571719, 0.819445, -0.0, 0.0, 0.0, 0.0, 1.0],
                [0.99643, -0.029058, 0.079267, -0.0, -0.071635, 0.205855, 0.975957, 0.436117, -0.044677, -0.978151, 0.203039, 0.0, 0.0, 0.0, 0.0, 1.0],
                [0.982577, -0.115198, 0.145846, -0.0, -0.141572, 0.044501, 0.988927, 0.436117, -0.120413, -0.992345, 0.027416, -0.0, 0.0, 0.0, 0.0, 1.0],
                [0.982577, -0.115198, 0.145846, -0.0, -0.141572, 0.044501, 0.988927, 0.436117, -0.120413, -0.992345, 0.027416, -0.0, 0.0, 0.0, 0.0, 1.0]
            ]
        }
    ]
}