{
    "animation": [
        {
            "name": "Root",
            "time": [0.0, 0.25, 0.4167, 0.5417, 0.6667, 1.0, 1.1667],
            "transform": [
                [1.0, 0.0, 0.0, 0.0, 0.0, 0.178759, -0.983893, -0.158286, -0.0, 0.983893, 0.178759, 0.8563, 0.0, 0.0, 0.0, 1.0],
                [0.951824, -0.054815, 0.301706, 0.0, 0.306645, 0.170147, -0.936493, -0.158286, -0.0, 0.983893, 0.178759, 0.811712, 0.0, 0.0, 0.0, 1.0],
                [0.921186, -0.069559, 0.382855, 0.0, 0.389123, 0.16467, -0.906348, -0.158286, -0.0, 0.983893, 0.178759, 0.752669, 0.0, 0.0, 0.0, 1.0],
                [0.998262, 0.010535, -0.057985, 0.095645, -0.058766, 0.252361, -0.965847, 0.478203, 0.004458, 0.967576, 0.252542, 0.858447, 0.0, 0.0, 0.0, 1.0],
                [0.869101, 0.08842, -0.486668, 0.172714, -0.494635, 0.155359, -0.855102, 0.916197, -0.0, 0.983893, 0.178759, 0.792345, 0.0, 0.0, 0.0, 1.0],
                [0.869101, 0.08842, -0.486668, 0.152535, -0.494635, 0.155359, -0.855102, 1.132824, -0.0, 0.983893, 0.178759, 0.706736, 0.0, 0.0, 0.0, 1.0],
                [0.869101, 0.08842, -0.486668, 0.152535, -0.494635, 0.155359, -0.855102, 1.132824, -0.0, 0.983893, 0.178759, 0.706736, 0.0, 0.0, 0.0, 1.0]
            ]
        },
        {
            "name": "Torso",
            "time": [0.0, 0.25, 0.4167, 0.6667, 1.0, 1.1667],
            "transform": [
                [0.999794, -0.005792, 0.019434, 0.0, 0.003938, 0.995555, 0.094098, 0.115569, -0.019892, -0.094002, 0.995373, 0.0, 0.0, 0.0, 0.0, 1.0],
                [0.999794, -0.005792, 0.019434, -0.0, 0.003938, 0.995555, 0.094098, 0.115569, -0.019893, -0.094002, 0.995373, 0.0, 0.0, 0.0, 0.0, 1.0],
                [0.999794, -0.005792, 0.019434, -0.0, 0.003938, 0.995555, 0.094098, 0.115569, -0.019893, -0.094002, 0.995373, 0.0, 0.0, 0.0, 0.0, 1.0],
                [0.999794, -0.005792, 0.019434, -0.0, 0.003938, 0.995555, 0.094098, 0.115569, -0.019893, -0.094002, 0.995373, -0.0, 0.0, 0.0, 0.0, 1.0],
                [0.999794, -0.005792, 0.019434, 0.0, 0.003938, 0.995555, 0.094098, 0.115569, -0.019893, -0.094002, 0.995373, 0.0, 0.0, 0.0, 0.0, 1.0],
                [0.999794, -0.005792, 0.019434, 0.0, 0.003938, 0.995555, 0.094098, 0.115569, -0.019893, -0.094002, 0.995373, 0.0, 0.0, 0.0, 0.0, 1.0]
            ]
        },
        {
            "name": "Chest",
            "time": [0.0, 0.25, 0.4167, 0.6667, 1.0, 1.1667],
            "transform": [
                [0.999957, 0.002468, -0.008984, 0.0, -0.002303, 0.99983, 0.018279, 0.222409, 0.009028, -0.018257, 0.999793, -0.0, 0.0, 0.0, 0.0, 1.0],
                [0.999957, 0.002468, -0.008984, -0.0, -0.002303, 0.99983, 0.018279, 0.22241, 0.009028, -0.018257, 0.999793, 0.0, 0.0, 0.0, 0.0, 1.0],
                [0.962631, 0.002468, 0.270805, 0.0, -0.007319, 0.99983, 0.016907, 0.22241, -0.270717, -0.018257, 0.962486, 0.0, 0.0, 0.0, 0.0, 1.0],
                [0.949145, 0.074496, -0.3059, -0.0, -0.072423, 0.997209, 0.018137, 0.222409, 0.306397, 0.00494, 0.951891, -0.0, 0.0, 0.0, 0.0, 1.0],
                [0.92554, -0.023006, -0.377949, -0.0, 0.067715, 0.992118, 0.105432, 0.222409, 0.372545, -0.123174, 0.919804, -0.0, 0.0, 0.0, 0.0, 1.0],
                [0.92554, -0.023006, -0.377949, -0.0, 0.067715, 0.992118, 0.105432, 0.222409, 0.372545, -0.123174, 0.919804, -0.0, 0.0, 0.0, 0.0, 1.0]
            ]
        },
        {
            "name": "Head",
            "time": [0.0, 0.25, 0.4167, 0.6667, 1.0, 1.1667],
            "transform": [
                [0.999241, -0.002813, 0.038845, -0.0, -0.01264, 0.919981, 0.391759, 0.585241, -0.036838, -0.391953, 0.919247, -0.0, 0.0, 0.0, 0.0, 1.0],
                [0.980438, 0.151227, -0.125982, -0.0, -0.091504, 0.916892, 0.388505, 0.585241, 0.174264, -0.369378, 0.912793, 0.0, 0.0, 0.0, 0.0, 1.0],
                [0.649988, 0.091501, -0.754416, 0.0, 0.35602, 0.840381, 0.408667, 0.585241, 0.67139, -0.534216, 0.513662, -0.0, 0.0, 0.0, 0.0, 1.0],
                [0.590815, -0.002813, 0.806802, -0.0, -0.314702, 0.919981, 0.233661, 0.585241, -0.7429, -0.391953, 0.542654, -0.0, 0.0, 0.0, 0.0, 1.0],
                [0.590815, -0.002813, 0.806802, -0.0, -0.314702, 0.919981, 0.233661, 0.585241, -0.7429, -0.391953, 0.542654, 0.0, 0.0, 0.0, 0.0, 1.0],
                [0.590815, -0.002813, 0.806802, -0.0, -0.314702, 0.919981, 0.233661, 0.585241, -0.7429, -0.391953, 0.542654, 0.0, 0.0, 0.0, 0.0, 1.0]
            ]
        },
        {
            "name": "Arm_L",
            "time": [0.0, 0.25, 0.4167, 0.6667, 1.0, 1.1667],
            "transform": [
                [-0.178362, -0.590178, -0.787323, -0.20071, 0.074787, -0.805969, 0.587214, 0.585979, -0.981118, 0.045855, 0.187892, -0.002076, 0.0, 0.0, 0.0, 1.0],
                [-0.178362, -0.590178, -0.787322, -0.20071, 0.074787, -0.805969, 0.587214, 0.585979, -0.981118, 0.045855, 0.187892, -0.002076, 0.0, 0.0, 0.0, 1.0],
                [-0.511256, -0.716444, -0.474685, -0.20071, -0.01713, -0.543722, 0.83909, 0.585979, -0.859257, 0.437121, 0.265708, -0.002076, 0.0, 0.0, 0.0, 1.0],
                [0.496682, -0.533631, -0.684504, -0.20071, 0.722954, -0.182024, 0.666486, 0.585979, -0.480254, -0.825896, 0.295383, -0.002076, 0.0, 0.0, 0.0, 1.0],
                [0.628669, -0.369094, -0.684504, -0.20071, 0.744805, 0.032576, 0.666486, 0.585979, -0.223698, -0.92882, 0.295383, -0.002076, 0.0, 0.0, 0.0, 1.0],
                [0.628669, -0.369094, -0.684504, -0.20071, 0.744805, 0.032576, 0.666486, 0.585979, -0.223698, -0.92882, 0.295383, -0.002076, 0.0, 0.0, 0.0, 1.0]
            ]
        },
        {
            "name": "Blade",
            "time": [0.0, 0.25, 0.4167, 0.6667, 1.0, 1.1667],
            "transform": [
                [-0.085499, 0.980987, 0.174225, -0.0, -0.642637, 0.079332, -0.762052, 0.779125, -0.761385, -0.177119, 0.623636, -0.0, 0.0, 0.0, 0.0, 1.0],
                [-0.085499, 0.980987, 0.174225, -0.0, -0.642637, 0.079332, -0.762052, 0.779125, -0.761385, -0.177118, 0.623636, -0.0, 0.0, 0.0, 0.0, 1.0],
                [-0.085499, 0.980987, 0.174225, -0.0, -0.642637, 0.079332, -0.762052, 0.779125, -0.761385, -0.177119, 0.623636, -0.0, 0.0, 0.0, 0.0, 1.0],
                [-0.085499, 0.980987, 0.174225, 0.0, -0.642637, 0.079332, -0.762052, 0.779125, -0.761385, -0.177119, 0.623636, -0.0, 0.0, 0.0, 0.0, 1.0],
                [0.000494, 0.827263, 0.561815, -0.0, -0.4854, 0.491389, -0.723135, 0.779125, -0.874292, -0.272348, 0.401796, 0.0, 0.0, 0.0, 0.0, 1.0],
                [0.000494, 0.827263, 0.561815, -0.0, -0.4854, 0.491389, -0.723135, 0.779125, -0.874292, -0.272348, 0.401796, 0.0, 0.0, 0.0, 0.0, 1.0]
            ]
        },
        {
            "name": "Cloth",
            "time": [0.0, 0.25, 0.4167, 0.6667, 1.0, 1.1667],
            "transform": [
                [-0.992195, 0.032201, 0.120469, 0.001532, -0.074132, -0.929147, -0.362202, 0.625485, 0.100269, -0.368305, 0.924284, -0.133792, 0.0, 0.0, 0.0, 1.0],
                [-0.992195, 0.032201, 0.120469, 0.001532, -0.074132, -0.929147, -0.362202, 0.625485, 0.100269, -0.368305, 0.924284, -0.133792, 0.0, 0.0, 0.0, 1.0],
                [-0.903393, 0.34539, 0.254141, 0.001532, -0.406712, -0.877951, -0.25256, 0.625485, 0.135892, -0.331523, 0.933611, -0.133792, 0.0, 0.0, 0.0, 1.0],
                [-0.998321, 0.032201, -0.048146, 0.001532, -0.012149, -0.929147, -0.36951, 0.625485, -0.056635, -0.368305, 0.92798, -0.133792, 0.0, 0.0, 0.0, 1.0],
                [-0.965403, -0.231269, 0.120469, 0.001532, 0.174161, -0.915684, -0.362201, 0.625485, 0.194076, -0.328689, 0.924284, -0.133792, 0.0, 0.0, 0.0, 1.0],
                [-0.965403, -0.231269, 0.120469, 0.001532, 0.174161, -0.915684, -0.362201, 0.625485, 0.194076, -0.328689, 0.924284, -0.133792, 0.0, 0.0, 0.0, 1.0]
            ]
        },
        {
            "name": "LowerCloth",
            "time": [0.0, 0.25, 0.4167, 0.6667, 1.0, 1.1667],
            "transform": [
                [0.991727, 0.011836, 0.127818, -0.0, -0.029337, 0.990286, 0.13592, 0.627449, -0.124967, -0.138545, 0.98244, -0.0, 0.0, 0.0, 0.0, 1.0],
                [0.991727, 0.011836, 0.127818, 0.0, -0.029337, 0.990286, 0.13592, 0.627449, -0.124967, -0.138545, 0.98244, 0.0, 0.0, 0.0, 0.0, 1.0],
                [0.936007, 0.011836, -0.351783, -0.0, 0.037772, 0.990285, 0.133821, 0.627449, 0.349949, -0.138545, 0.926467, -0.0, 0.0, 0.0, 0.0, 1.0],
                [0.650814, 0.007746, 0.759198, 0.0, -0.133942, 0.985436, 0.104766, 0.627449, -0.747329, -0.169871, 0.642373, -0.0, 0.0, 0.0, 0.0, 1.0],
                [0.991727, 0.011836, 0.127818, 0.0, -0.029337, 0.990286, 0.13592, 0.62745, -0.124967, -0.138545, 0.98244, -0.0, 0.0, 0.0, 0.0, 1.0],
                [0.991727, 0.011836, 0.127818, 0.0, -0.029337, 0.990286, 0.13592, 0.62745, -0.124967, -0.138545, 0.98244, -0.0, 0.0, 0.0, 0.0, 1.0]
            ]
        },
        {
            "name": "Leg_L",
            "time": [0.0, 0.25, 0.4167, 0.5417, 0.6667, 1.0, 1.1667],
            "transform": [
                [-0.978688, 0.025622, 0.203749, -0.207806, -0.19538, -0.421642, -0.885463, 0.115569, 0.063222, -0.906401, 0.417662, -0.0, 0.0, 0.0, 0.0, 1.0],
                [-0.997814, -0.001261, -0.066074, -0.207806, 0.041661, -0.788129, -0.614099, 0.115569, -0.0513, -0.615509, 0.786459, 0.0, 0.0, 0.0, 0.0, 1.0],
                [-0.997814, -0.012411, -0.06491, -0.207806, 0.041661, -0.880587, -0.47205, 0.115569, -0.0513, -0.473722, 0.879179, -0.0, 0.0, 0.0, 0.0, 1.0],
                [-0.994917, 0.012531, 0.099913, -0.207806, -0.099759, -0.25774, -0.961051, 0.115569, 0.013709, -0.966133, 0.25768, -0.0, 0.0, 0.0, 0.0, 1.0],
                [-0.917022, -0.289018, 0.274845, -0.207806, -0.241504, -0.14604, -0.959348, 0.115569, 0.317407, -0.946119, 0.064122, -0.0, 0.0, 0.0, 0.0, 1.0],
                [-0.917022, -0.338531, 0.210874, -0.207806, -0.241504, 0.050542, -0.969083, 0.115569, 0.317407, -0.939597, -0.128105, -0.0, 0.0, 0.0, 0.0, 1.0],
                [-0.917022, -0.338531, 0.210874, -0.207806, -0.241504, 0.050542, -0.969083, 0.115569, 0.317407, -0.939597, -0.128105, -0.0, 0.0, 0.0, 0.0, 1.0]
            ]
        },
        {
            "name": "Shin_L",
            "time": [0.0, 0.25, 0.4167, 0.5417, 0.6667, 1.0, 1.1667],
            "transform": [
                [0.978659, 0.190258, -0.077644, -0.0, -0.025139, -0.26416, -0.964151, 0.509061, -0.203948, 0.945527, -0.25374, 0.0, 0.0, 0.0, 0.0, 1.0],
                [0.978659, 0.190258, -0.077644, 0.0, -0.025139, -0.26416, -0.964151, 0.509061, -0.203948, 0.945527, -0.25374, -0.0, 0.0, 0.0, 0.0, 1.0],
                [0.978659, 0.190258, -0.077644, 0.0, -0.025139, -0.26416, -0.964151, 0.509061, -0.203948, 0.945527, -0.25374, 0.0, 0.0, 0.0, 0.0, 1.0],
                [0.978659, 0.156457, -0.133221, 0.0, -0.025139, -0.55228, -0.83328, 0.509061, -0.203948, 0.818846, -0.536561, 0.0, 0.0, 0.0, 0.0, 1.0],
                [0.978659, 0.190258, -0.077644, 0.0, -0.025139, -0.26416, -0.964151, 0.509061, -0.203948, 0.945527, -0.25374, -0.0, 0.0, 0.0, 0.0, 1.0],
                [0.978659, 0.190258, -0.077644, 0.0, -0.025139, -0.26416, -0.964151, 0.509061, -0.203948, 0.945527, -0.25374, 0.0, 0.0, 0.0, 0.0, 1.0],
                [0.978659, 0.190258, -0.077644, 0.0, -0.025139, -0.26416, -0.964151, 0.509061, -0.203948, 0.945527, -0.25374, 0.0, 0.0, 0.0, 0.0, 1.0]
            ]
        },
        {
            "name": "Foot_L",
            "time": [0.0, 0.25, 0.4167, 0.5417, 0.6667, 1.0, 1.1667],
            "transform": [
                [0.99669, 0.017068, 0.079485, -0.0, -0.070447, 0.669315, 0.739632, 0.436117, -0.040576, -0.742783, 0.668302, 0.0, 0.0, 0.0, 0.0, 1.0],
                [0.99669, -0.031517, 0.074939, 0.0, -0.070447, 0.125249, 0.989621, 0.436117, -0.040576, -0.991625, 0.122615, 0.0, 0.0, 0.0, 0.0, 1.0],
                [0.99669, -0.031517, 0.074939, -0.0, -0.070447, 0.125249, 0.989621, 0.436117, -0.040576, -0.991624, 0.122615, 0.0, 0.0, 0.0, 0.0, 1.0],
                [0.99669, 0.044867, 0.067795, 0.0, -0.070447, 0.892868, 0.444774, 0.436117, -0.040576, -0.448077, 0.893073, -0.0, 0.0, 0.0, 0.0, 1.0],
                [0.99669, 0.027962, 0.076337, -0.0, -0.070447, 0.765716, 0.639309, 0.436117, -0.040576, -0.642571, 0.765151, 0.0, 0.0, 0.0, 0.0, 1.0],
                [0.99669, 0.027962, 0.076337, -0.0, -0.070447, 0.765716, 0.639309, 0.436117, -0.040576, -0.642571, 0.765151, -0.0, 0.0, 0.0, 0.0, 1.0],
                [0.99669, 0.027962, 0.076337, -0.0, -0.070447, 0.765716, 0.639309, 0.436117, -0.040576, -0.642571, 0.765151, -0.0, 0.0, 0.0, 0.0, 1.0]
            ]
        },
        {
            "name": "Leg_R",
            "time": [0.0, 0.25, 0.4167, 0.6667, 1.0, 1.1667],
            "transform": [
                [-0.978688, 0.025622, 0.203749, 0.191296, -0.19538, -0.421642, -0.885463, 0.113517, 0.063222, -0.9064, 0.417662, 0.00081, 0.0, 0.0, 0.0, 1.0],
                [-0.955447, 0.282519, 0.085469, 0.191296, -0.130234, -0.143654, -0.981021, 0.113517, -0.264879, -0.948444, 0.174047, 0.00081, 0.0, 0.0, 0.0, 1.0],
                [-0.955447, 0.264585, 0.13083, 0.191296, -0.130234, 0.019873, -0.991284, 0.113517, -0.264879, -0.964158, 0.01547, 0.00081, 0.0, 0.0, 0.0, 1.0],
                [-0.933813, -0.038242, 0.355712, 0.191296, -0.181978, -0.805264, -0.5643, 0.113517, 0.308022, -0.591682, 0.745006, 0.00081, 0.0, 0.0, 0.0, 1.0],
                [-0.907102, 0.052284, 0.41765, 0.191296, -0.240643, -0.878514, -0.41268, 0.113517, 0.345335, -0.474847, 0.809484, 0.00081, 0.0, 0.0, 0.0, 1.0],
                [-0.907102, 0.052284, 0.41765, 0.191296, -0.240643, -0.878514, -0.41268, 0.113517, 0.345335, -0.474847, 0.809484, 0.00081, 0.0, 0.0, 0.0, 1.0]
            ]
        },
        {
            "name": "Shin_R",
            "time": [0.0, 0.25, 0.4167, 0.6667, 1.0, 1.1667],
            "transform": [
                [0.978659, 0.190258, -0.077644, -0.0, -0.025139, -0.26416, -0.964151, 0.509061, -0.203948, 0.945527, -0.253739, -0.0, 0.0, 0.0, 0.0, 1.0],
                [0.978659, 0.190258, -0.077644, 0.0, -0.025139, -0.26416, -0.964151, 0.509062, -0.203948, 0.945527, -0.253739, 0.0, 0.0, 0.0, 0.0, 1.0],
                [0.978659, 0.190258, -0.077644, 0.0, -0.025139, -0.26416, -0.964151, 0.509061, -0.203948, 0.945527, -0.253739, 0.0, 0.0, 0.0, 0.0, 1.0],
                [0.978659, 0.190258, -0.077644, 0.0, -0.025139, -0.26416, -0.964151, 0.509061, -0.203948, 0.945527, -0.253739, -0.0, 0.0, 0.0, 0.0, 1.0],
                [0.978659, 0.190258, -0.077644, -0.0, -0.025139, -0.26416, -0.964151, 0.509061, -0.203948, 0.945527, -0.253739, 0.0, 0.0, 0.0, 0.0, 1.0],
                [0.978659, 0.190258, -0.077644, -0.0, -0.025139, -0.26416, -0.964151, 0.509061, -0.203948, 0.945527, -0.253739, 0.0, 0.0, 0.0, 0.0, 1.0]
            ]
        },
        {
            "name": "Foot_R",
            "time": [0.0, 0.25, 0.4167, 0.6667, 1.0, 1.1667],
            "transform": [
                [0.99669, 0.017068, 0.079485, -0.0, -0.070447, 0.669315, 0.739632, 0.436117, -0.040576, -0.742783, 0.668301, -0.0, 0.0, 0.0, 0.0, 1.0],
                [0.99669, 0.017068, 0.079485, 0.0, -0.070447, 0.669315, 0.739632, 0.436117, -0.040576, -0.742783, 0.668301, 0.0, 0.0, 0.0, 0.0, 1.0],
                [0.99669, 0.017068, 0.079485, -0.0, -0.070447, 0.669314, 0.739632, 0.436117, -0.040576, -0.742783, 0.668301, -0.0, 0.0, 0.0, 0.0, 1.0],
                [0.99669, 0.017068, 0.079485, 0.0, -0.070447, 0.669314, 0.739632, 0.436117, -0.040576, -0.742783, 0.668301, 0.0, 0.0, 0.0, 0.0, 1.0],
                [0.99669, 0.017068, 0.079485, 0.0, -0.070447, 0.669314, 0.739632, 0.436117, -0.040576, -0.742783, 0.668301, 0.0, 0.0, 0.0, 0.0, 1.0],
                [0.99669, 0.017068, 0.079485, 0.0, -0.070447, 0.669314, 0.739632, 0.436117, -0.040576, -0.742783, 0.668301, 0.0, 0.0, 0.0, 0.0, 1.0]
            ]
        }
    ]
}