{
    "animation": [
        {
            "name": "Root",
            "time": [0.0, 0.2083, 0.375, 0.625, 0.75, 1.0417],
            "transform": [
                [1.0, 0.0, 0.0, 0.0, 0.0, 0.178759, -0.983893, -0.158286, -0.0, 0.983893, 0.178759, 0.8563, 0.0, 0.0, 0.0, 1.0],
                [0.946435, -0.0, -0.322894, 0.0, -0.317693, 0.178759, -0.931191, -0.481933, 0.05772, 0.983893, 0.169184, 0.8563, 0.0, 0.0, 0.0, 1.0],
                [0.946435, -0.0, -0.322894, 0.0, -0.317693, 0.178759, -0.931191, -0.481933, 0.05772, 0.983893, 0.169184, 0.8563, 0.0, 0.0, 0.0, 1.0],
                [0.844073, -0.214314, 0.491538, 0.0, 0.46202, -0.174601, -0.869513, 0.773812, 0.272171, 0.961033, -0.048359, 0.930943, 0.0, 0.0, 0.0, 1.0],
                [0.844073, -0.214314, 0.491538, 0.0, 0.46202, -0.174601, -0.869513, 0.773812, 0.272171, 0.961033, -0.048359, 0.930943, 0.0, 0.0, 0.0, 1.0],
                [0.832348, -0.211309, 0.512392, 0.0, 0.53686, 0.077588, -0.840096, 0.848079, 0.137765, 0.974335, 0.178023, 0.854291, 0.0, 0.0, 0.0, 1.0]
            ]
        },
        {
            "name": "Torso",
            "time": [0.0, 0.375, 0.625, 0.75, 1.0417],
            "transform": [
                [0.999794, -0.005792, 0.019434, 0.0, 0.003938, 0.995555, 0.094098, 0.115569, -0.019892, -0.094002, 0.995373, 0.0, 0.0, 0.0, 0.0, 1.0],
                [0.999794, -0.005792, 0.019434, -0.0, 0.003938, 0.995555, 0.094098, 0.115569, -0.019893, -0.094002, 0.995373, 0.0, 0.0, 0.0, 0.0, 1.0],
                [0.999794, -0.005792, 0.019434, -0.0, 0.003938, 0.995555, 0.094098, 0.115569, -0.019892, -0.094002, 0.995373, -0.0, 0.0, 0.0, 0.0, 1.0],
                [0.999794, -0.005792, 0.019434, -0.0, 0.003938, 0.995555, 0.094098, 0.115569, -0.019892, -0.094002, 0.995373, -0.0, 0.0, 0.0, 0.0, 1.0],
                [0.999794, -0.005792, 0.019434, -0.0, 0.003938, 0.995555, 0.094098, 0.115569, -0.019892, -0.094002, 0.995373, 0.0, 0.0, 0.0, 0.0, 1.0]
            ]
        },
        {
            "name": "Chest",
            "time": [0.0, 0.2083, 0.375, 0.625, 0.75, 1.0417],
            "transform": [
                [0.999957, 0.002468, -0.008984, 0.0, -0.002303, 0.99983, 0.018279, 0.222409, 0.009028, -0.018257, 0.999793, -0.0, 0.0, 0.0, 0.0, 1.0],
                [0.944427, 0.171323, -0.280548, -0.0, -0.097144, 0.960789, 0.259706, 0.22241, 0.314041, -0.21802, 0.924038, 0.0, 0.0, 0.0, 0.0, 1.0],
                [0.944427, 0.202809, -0.258703, -0.0, -0.097144, 0.924035, 0.369759, 0.22241, 0.314041, -0.324079, 0.892385, 0.0, 0.0, 0.0, 0.0, 1.0],
                [0.944796, 0.202809, 0.257349, -0.0, -0.271631, 0.924035, 0.269026, 0.22241, -0.183238, -0.324079, 0.928115, -0.0, 0.0, 0.0, 0.0, 1.0],
                [0.944796, 0.202809, 0.257349, -0.0, -0.271631, 0.924035, 0.269026, 0.22241, -0.183238, -0.324079, 0.928115, -0.0, 0.0, 0.0, 0.0, 1.0],
                [0.944796, 0.202809, 0.257349, -0.0, -0.271631, 0.924035, 0.269026, 0.22241, -0.183238, -0.324079, 0.928115, -0.0, 0.0, 0.0, 0.0, 1.0]
            ]
        },
        {
            "name": "Head",
            "time": [0.0, 0.2083, 0.375, 0.625, 0.75, 1.0417],
            "transform": [
                [0.999241, -0.002813, 0.038845, -0.0, -0.01264, 0.919981, 0.391759, 0.585241, -0.036838, -0.391953, 0.919247, -0.0, 0.0, 0.0, 0.0, 1.0],
                [0.856154, -0.233211, 0.4611, 0.0, 0.066663, 0.934751, 0.348993, 0.585241, -0.512402, -0.268054, 0.815838, -0.0, 0.0, 0.0, 0.0, 1.0],
                [0.833227, -0.552357, 0.025192, -0.0, 0.549746, 0.83245, 0.069326, 0.585241, -0.059264, -0.043915, 0.997276, 0.0, 0.0, 0.0, 0.0, 1.0],
                [0.768748, 0.325209, -0.550695, 0.0, -0.078463, 0.902517, 0.423445, 0.585241, 0.634721, -0.282314, 0.719325, -0.0, 0.0, 0.0, 0.0, 1.0],
                [0.768748, 0.325209, -0.550695, 0.0, -0.078463, 0.902517, 0.423445, 0.585241, 0.634721, -0.282314, 0.719325, -0.0, 0.0, 0.0, 0.0, 1.0],
                [0.735191, 0.336399, -0.588498, 0.0, -0.126094, 0.920886, 0.368874, 0.585241, 0.666029, -0.196987, 0.719445, 0.0, 0.0, 0.0, 0.0, 1.0]
            ]
        },
        {
            "name": "Arm_L",
            "time": [0.0, 0.2083, 0.375, 0.625, 0.75, 1.0417],
            "transform": [
                [-0.178362, -0.590178, -0.787323, -0.20071, 0.074787, -0.805969, 0.587214, 0.585979, -0.981118, 0.045855, 0.187892, -0.002076, 0.0, 0.0, 0.0, 1.0],
                [-0.178362, -0.819827, -0.544124, -0.20071, 0.074787, -0.562687, 0.82328, 0.58598, -0.981118, 0.106149, 0.161674, -0.002076, 0.0, 0.0, 0.0, 1.0],
                [-0.178362, -0.819827, -0.544124, -0.20071, 0.074787, -0.562687, 0.82328, 0.58598, -0.981118, 0.106149, 0.161674, -0.002076, 0.0, 0.0, 0.0, 1.0],
                [-0.401736, -0.736571, -0.544124, -0.20071, -0.086486, -0.561008, 0.82328, 0.585979, -0.911662, 0.3778, 0.161674, -0.002076, 0.0, 0.0, 0.0, 1.0],
                [-0.401736, -0.736571, -0.544124, -0.20071, -0.086486, -0.561008, 0.82328, 0.585979, -0.911662, 0.3778, 0.161674, -0.002076, 0.0, 0.0, 0.0, 1.0],
                [-0.401736, -0.736571, -0.544124, -0.200709, -0.086485, -0.561008, 0.82328, 0.585979, -0.911662, 0.377801, 0.161674, -0.002076, 0.0, 0.0, 0.0, 1.0]
            ]
        },
        {
            "name": "Blade",
            "time": [0.0, 0.375, 0.625, 0.75, 1.0417],
            "transform": [
                [-0.085499, 0.980987, 0.174225, -0.0, -0.642637, 0.079332, -0.762052, 0.779125, -0.761385, -0.177119, 0.623636, -0.0, 0.0, 0.0, 0.0, 1.0],
                [-0.085499, 0.980987, 0.174225, 0.0, -0.642637, 0.079332, -0.762052, 0.779125, -0.761385, -0.177119, 0.623636, 0.0, 0.0, 0.0, 0.0, 1.0],
                [0.269028, 0.796546, 0.541422, -0.0, -0.55032, 0.588475, -0.592322, 0.779125, -0.790425, -0.138604, 0.596672, 0.0, 0.0, 0.0, 0.0, 1.0],
                [0.269028, 0.796546, 0.541422, -0.0, -0.55032, 0.588475, -0.592322, 0.779125, -0.790425, -0.138604, 0.596672, 0.0, 0.0, 0.0, 0.0, 1.0],
                [0.269028, 0.796546, 0.541422, -0.0, -0.55032, 0.588475, -0.592322, 0.779125, -0.790425, -0.138604, 0.596671, 0.0, 0.0, 0.0, 0.0, 1.0]
            ]
        },
        {
            "name": "Cloth",
            "time": [0.0, 0.375, 0.625, 1.0417],
            "transform": [
                [-0.992195, 0.032201, 0.120469, 0.001532, -0.074132, -0.929147, -0.362202, 0.625485, 0.100269, -0.368305, 0.924284, -0.133792, 0.0, 0.0, 0.0, 1.0],
                [-0.992195, 0.006637, 0.124522, 0.001532, -0.074132, -0.834354, -0.546222, 0.625485, 0.100269, -0.551189, 0.828336, -0.133792, 0.0, 0.0, 0.0, 1.0],
                [-0.811824, -0.158099, 0.562092, 0.001532, -0.32633, -0.675427, -0.661292, 0.625485, 0.484202, -0.720281, 0.496737, -0.133792, 0.0, 0.0, 0.0, 1.0],
                [-0.982885, 0.135766, 0.124522, 0.001532, -0.182136, -0.817599, -0.546222, 0.625485, 0.02765, -0.559553, 0.828336, -0.133792, 0.0, 0.0, 0.0, 1.0]
            ]
        },
        {
            "name": "LowerCloth",
            "time": [0.0, 0.375, 0.625, 1.0417],
            "transform": [
                [0.991727, 0.011836, 0.127818, -0.0, -0.029337, 0.990286, 0.13592, 0.627449, -0.124967, -0.138545, 0.98244, -0.0, 0.0, 0.0, 0.0, 1.0],
                [0.991727, 0.011836, 0.127818, 0.0, -0.029337, 0.990285, 0.13592, 0.627449, -0.124967, -0.138545, 0.98244, 0.0, 0.0, 0.0, 0.0, 1.0],
                [0.991727, -0.01587, 0.12738, -0.0, -0.029337, 0.938044, 0.345272, 0.627449, -0.124967, -0.346152, 0.929818, -0.0, 0.0, 0.0, 0.0, 1.0],
                [0.985011, -0.11583, 0.127818, 0.0, 0.09829, 0.985832, 0.13592, 0.627449, -0.14175, -0.121319, 0.98244, 0.0, 0.0, 0.0, 0.0, 1.0]
            ]
        },
        {
            "name": "Leg_L",
            "time": [0.0, 0.2083, 0.375, 0.625, 0.75, 1.0417],
            "transform": [
                [-0.978688, 0.025622, 0.203749, -0.207806, -0.19538, -0.421642, -0.885463, 0.115569, 0.063222, -0.906401, 0.417662, -0.0, 0.0, 0.0, 0.0, 1.0],
                [-0.938675, -0.268747, 0.216017, -0.207806, -0.189325, -0.121884, -0.974321, 0.115569, 0.288175, -0.955468, 0.063529, 0.0, 0.0, 0.0, 0.0, 1.0],
                [-0.938675, -0.268747, 0.216017, -0.207806, -0.189325, -0.121884, -0.974321, 0.115569, 0.288175, -0.955468, 0.063529, 0.0, 0.0, 0.0, 0.0, 1.0],
                [-0.982681, 0.017606, -0.184467, -0.207806, 0.088689, -0.829368, -0.551619, 0.115569, -0.162703, -0.558426, 0.813442, -0.0, 0.0, 0.0, 0.0, 1.0],
                [-0.982681, 0.017606, -0.184467, -0.207806, 0.088689, -0.829368, -0.551619, 0.115569, -0.162703, -0.558426, 0.813442, -0.0, 0.0, 0.0, 0.0, 1.0],
                [-0.982681, 0.017606, -0.184467, -0.207806, 0.08869, -0.829368, -0.551619, 0.115569, -0.162703, -0.558426, 0.813442, -0.0, 0.0, 0.0, 0.0, 1.0]
            ]
        },
        {
            "name": "Shin_L",
            "time": [0.0, 0.2083, 0.375, 0.625, 0.75, 1.0417],
            "transform": [
                [0.978659, 0.190258, -0.077644, -0.0, -0.025139, -0.26416, -0.964151, 0.509061, -0.203948, 0.945527, -0.25374, 0.0, 0.0, 0.0, 0.0, 1.0],
                [0.977362, 0.207531, -0.041163, -0.0, -0.030004, -0.056636, -0.997944, 0.509061, -0.209436, 0.976588, -0.049128, 0.0, 0.0, 0.0, 0.0, 1.0],
                [0.977362, 0.207531, -0.041163, -0.0, -0.030004, -0.056636, -0.997944, 0.509061, -0.209436, 0.976588, -0.049128, 0.0, 0.0, 0.0, 0.0, 1.0],
                [0.972154, 0.191254, -0.135417, 0.0, -0.091105, -0.223951, -0.970333, 0.509061, -0.215907, 0.955651, -0.200291, -0.0, 0.0, 0.0, 0.0, 1.0],
                [0.972154, 0.191254, -0.135417, 0.0, -0.091105, -0.223951, -0.970333, 0.509061, -0.215907, 0.955651, -0.200291, -0.0, 0.0, 0.0, 0.0, 1.0],
                [0.972154, 0.191254, -0.135417, 0.0, -0.091105, -0.223951, -0.970333, 0.509061, -0.215907, 0.955651, -0.200291, 0.0, 0.0, 0.0, 0.0, 1.0]
            ]
        },
        {
            "name": "Foot_L",
            "time": [0.0, 0.2083, 0.375, 0.625, 0.75, 1.0417],
            "transform": [
                [0.99669, 0.017068, 0.079485, -0.0, -0.070447, 0.669315, 0.739632, 0.436117, -0.040576, -0.742783, 0.668302, 0.0, 0.0, 0.0, 0.0, 1.0],
                [0.996684, 0.00819, 0.080961, -0.0, -0.051345, 0.835161, 0.547604, 0.436117, -0.063131, -0.549945, 0.832811, 0.0, 0.0, 0.0, 0.0, 1.0],
                [0.996684, 0.00819, 0.080961, -0.0, -0.051345, 0.835161, 0.547604, 0.436117, -0.063131, -0.549945, 0.832811, 0.0, 0.0, 0.0, 0.0, 1.0],
                [0.996684, -0.050558, 0.063762, 0.0, -0.051345, 0.217176, 0.974781, 0.436117, -0.063131, -0.974822, 0.21386, 0.0, 0.0, 0.0, 0.0, 1.0],
                [0.996684, -0.050558, 0.063762, 0.0, -0.051345, 0.217176, 0.974781, 0.436117, -0.063131, -0.974822, 0.21386, 0.0, 0.0, 0.0, 0.0, 1.0],
                [0.996684, -0.050558, 0.063762, -0.0, -0.051345, 0.217176, 0.974781, 0.436117, -0.063131, -0.974822, 0.21386, -0.0, 0.0, 0.0, 0.0, 1.0]
            ]
        },
        {
            "name": "Leg_R",
            "time": [0.0, 0.2083, 0.375, 0.4583, 0.625, 0.75, 1.0417],
            "transform": [
                [-0.978688, 0.025622, 0.203749, 0.191296, -0.19538, -0.421642, -0.885463, 0.113517, 0.063222, -0.9064, 0.417662, 0.00081, 0.0, 0.0, 0.0, 1.0],
                [-0.926428, 0.314474, 0.206972, 0.191296, -0.376333, -0.75862, -0.531854, 0.113517, -0.010241, -0.570615, 0.821154, 0.00081, 0.0, 0.0, 0.0, 1.0],
                [-0.926428, 0.314474, 0.206972, 0.191296, -0.376333, -0.75862, -0.531854, 0.113517, -0.010241, -0.570615, 0.821154, 0.00081, 0.0, 0.0, 0.0, 1.0],
                [-0.655972, 0.04138, 0.75365, 0.191296, -0.753693, -0.089609, -0.651089, 0.113517, 0.040592, -0.995117, 0.089969, 0.00081, 0.0, 0.0, 0.0, 1.0],
                [-0.774141, -0.269466, 0.572795, 0.191296, -0.552837, -0.152966, -0.819129, 0.113517, 0.308345, -0.950784, -0.030553, 0.00081, 0.0, 0.0, 0.0, 1.0],
                [-0.774141, -0.269466, 0.572795, 0.191296, -0.552837, -0.152966, -0.819129, 0.113517, 0.308345, -0.950784, -0.030553, 0.00081, 0.0, 0.0, 0.0, 1.0],
                [-0.95889, 0.281246, -0.037818, 0.191296, -0.06193, -0.337451, -0.939304, 0.113517, -0.276937, -0.898347, 0.340996, 0.00081, 0.0, 0.0, 0.0, 1.0]
            ]
        },
        {
            "name": "Shin_R",
            "time": [0.0, 0.2083, 0.375, 0.625, 0.75, 1.0417],
            "transform": [
                [0.978659, 0.190258, -0.077644, -0.0, -0.025139, -0.26416, -0.964151, 0.509061, -0.203948, 0.945527, -0.253739, -0.0, 0.0, 0.0, 0.0, 1.0],
                [0.978659, 0.205462, -0.003474, -0.0, -0.025139, 0.10293, -0.994371, 0.509061, -0.203948, 0.973237, 0.105899, -0.0, 0.0, 0.0, 0.0, 1.0],
                [0.978659, 0.205462, -0.003474, -0.0, -0.025139, 0.10293, -0.994371, 0.509061, -0.203948, 0.973237, 0.105899, -0.0, 0.0, 0.0, 0.0, 1.0],
                [0.978659, 0.122898, 0.16469, -0.0, -0.025139, 0.86703, -0.497622, 0.509061, -0.203948, 0.482862, 0.851616, -0.0, 0.0, 0.0, 0.0, 1.0],
                [0.978659, 0.122898, 0.16469, -0.0, -0.025139, 0.86703, -0.497622, 0.509061, -0.203948, 0.482862, 0.851616, -0.0, 0.0, 0.0, 0.0, 1.0],
                [0.978659, 0.205277, -0.009382, -0.0, -0.025139, 0.074284, -0.99692, 0.509061, -0.203948, 0.975881, 0.07786, -0.0, 0.0, 0.0, 0.0, 1.0]
            ]
        },
        {
            "name": "Foot_R",
            "time": [0.0, 0.2083, 0.375, 0.625, 0.75, 1.0417],
            "transform": [
                [0.99669, 0.017068, 0.079485, -0.0, -0.070447, 0.669315, 0.739632, 0.436117, -0.040576, -0.742783, 0.668301, -0.0, 0.0, 0.0, 0.0, 1.0],
                [0.99669, 0.037597, 0.072081, -0.0, -0.070447, 0.841948, 0.534939, 0.436117, -0.040576, -0.538246, 0.84181, -0.0, 0.0, 0.0, 0.0, 1.0],
                [0.99669, 0.037597, 0.072081, -0.0, -0.070447, 0.841948, 0.534939, 0.436117, -0.040576, -0.538246, 0.84181, -0.0, 0.0, 0.0, 0.0, 1.0],
                [0.99669, 0.037597, 0.072081, -0.0, -0.070447, 0.841948, 0.534939, 0.436117, -0.040576, -0.538246, 0.84181, 0.0, 0.0, 0.0, 0.0, 1.0],
                [0.99669, 0.037597, 0.072081, -0.0, -0.070447, 0.841948, 0.534939, 0.436117, -0.040576, -0.538246, 0.84181, 0.0, 0.0, 0.0, 0.0, 1.0],
                [0.99669, 0.017118, 0.079474, -0.0, -0.070447, 0.669773, 0.739217, 0.436117, -0.040576, -0.742368, 0.668762, 0.0, 0.0, 0.0, 0.0, 1.0]
            ]
        }
    ]
}