{
    "animation": [
        {
            "name": "Root",
            "time": [0.0, 0.3333, 0.5417, 0.7083, 0.8333, 1.2083, 1.375],
            "transform": [
                [1.0, 0.0, 0.0, 0.0, 0.0, 0.178759, -0.983893, -0.158286, -0.0, 0.983893, 0.178759, 0.8563, 0.0, 0.0, 0.0, 1.0],
                [0.963324, -0.047968, 0.26402, 0.04779, 0.268342, 0.172203, -0.947807, 0.155426, -0.0, 0.983893, 0.178759, 0.841285, 0.0, 0.0, 0.0, 1.0],
                [0.963324, -0.047968, 0.26402, 0.042707, 0.268342, 0.172203, -0.947807, 0.155426, -0.0, 0.983893, 0.178759, 0.77335, 0.0, 0.0, 0.0, 1.0],
                [0.99974, -0.004075, 0.022429, 0.021656, 0.021927, 0.440987, -0.897245, 1.246966, -0.006235, 0.897504, 0.440962, 0.912783, 0.0, 0.0, 0.0, 1.0],
                [0.960172, 0.049947, -0.27491, 0.042707, -0.279411, 0.171639, -0.944706, 2.57837, -0.0, 0.983893, 0.178759, 0.77335, 0.0, 0.0, 0.0, 1.0],
                [0.960172, 0.049947, -0.27491, 0.042707, -0.279411, 0.171639, -0.944706, 3.040183, -0.0, 0.983893, 0.178759, 0.77335, 0.0, 0.0, 0.0, 1.0],
                [0.960172, 0.049947, -0.27491, 0.042707, -0.279411, 0.171639, -0.944706, 3.040183, -0.0, 0.983893, 0.178759, 0.77335, 0.0, 0.0, 0.0, 1.0]
            ]
        },
        {
            "name": "Torso",
            "time": [0.0, 0.3333, 0.5417, 0.8333, 1.2083, 1.375],
            "transform": [
                [0.999794, -0.005792, 0.019434, 0.0, 0.003938, 0.995555, 0.094098, 0.115569, -0.019892, -0.094002, 0.995373, 0.0, 0.0, 0.0, 0.0, 1.0],
                [0.999794, -0.005792, 0.019434, 0.0, 0.003938, 0.995555, 0.094098, 0.115569, -0.019892, -0.094002, 0.995373, -0.0, 0.0, 0.0, 0.0, 1.0],
                [0.999794, -0.005792, 0.019434, -0.0, 0.003938, 0.995555, 0.094098, 0.115569, -0.019892, -0.094002, 0.995373, -0.0, 0.0, 0.0, 0.0, 1.0],
                [0.999794, -0.005792, 0.019431, -0.0, 0.003938, 0.995555, 0.094098, 0.115569, -0.01989, -0.094002, 0.995373, 0.0, 0.0, 0.0, 0.0, 1.0],
                [0.999794, -0.005792, 0.019431, -0.0, 0.003938, 0.995555, 0.094098, 0.115569, -0.01989, -0.094002, 0.995373, 0.0, 0.0, 0.0, 0.0, 1.0],
                [0.999794, -0.005792, 0.019431, -0.0, 0.003938, 0.995555, 0.094098, 0.115569, -0.01989, -0.094002, 0.995373, 0.0, 0.0, 0.0, 0.0, 1.0]
            ]
        },
        {
            "name": "Chest",
            "time": [0.0, 0.3333, 0.5417, 0.8333, 1.2083, 1.375],
            "transform": [
                [0.999957, 0.002468, -0.008984, 0.0, -0.002303, 0.99983, 0.018279, 0.222409, 0.009028, -0.018257, 0.999793, -0.0, 0.0, 0.0, 0.0, 1.0],
                [0.979037, 0.002468, 0.203668, -0.0, -0.006134, 0.99983, 0.017372, 0.222409, -0.20359, -0.018257, 0.978886, 0.0, 0.0, 0.0, 0.0, 1.0],
                [0.975067, -0.003142, 0.22189, -0.0, -0.000985, 0.999829, 0.018487, 0.222409, -0.221911, -0.018245, 0.974896, -0.0, 0.0, 0.0, 0.0, 1.0],
                [0.814389, -0.003142, -0.580311, -0.0, 0.013146, 0.999829, 0.013035, 0.22241, 0.580171, -0.018245, 0.814291, 0.0, 0.0, 0.0, 0.0, 1.0],
                [0.814389, -0.003142, -0.580311, -0.0, 0.013146, 0.999829, 0.013035, 0.22241, 0.580171, -0.018245, 0.814291, -0.0, 0.0, 0.0, 0.0, 1.0],
                [0.814389, -0.003142, -0.580311, -0.0, 0.013146, 0.999829, 0.013035, 0.22241, 0.580171, -0.018245, 0.814291, -0.0, 0.0, 0.0, 0.0, 1.0]
            ]
        },
        {
            "name": "Head",
            "time": [0.0, 0.3333, 0.5417, 0.8333, 1.2083, 1.375],
            "transform": [
                [0.999241, -0.002813, 0.038845, -0.0, -0.01264, 0.919981, 0.391759, 0.585241, -0.036838, -0.391953, 0.919247, -0.0, 0.0, 0.0, 0.0, 1.0],
                [0.959341, 0.141107, -0.244445, -0.0, -0.039285, 0.924386, 0.379431, 0.585241, 0.279502, -0.354401, 0.892344, 0.0, 0.0, 0.0, 0.0, 1.0],
                [0.840095, 0.171976, -0.514457, 0.0, 0.047947, 0.921157, 0.386227, 0.585241, 0.540317, -0.349133, 0.765613, 0.0, 0.0, 0.0, 0.0, 1.0],
                [0.741658, 0.171976, 0.648357, -0.0, -0.354334, 0.921157, 0.160988, 0.585241, -0.569552, -0.349133, 0.744121, 0.0, 0.0, 0.0, 0.0, 1.0],
                [0.851117, -0.190111, 0.489344, -0.0, 0.01987, 0.943124, 0.331846, 0.585241, -0.5246, -0.272716, 0.806486, 0.0, 0.0, 0.0, 0.0, 1.0],
                [0.851117, -0.190111, 0.489344, -0.0, 0.01987, 0.943124, 0.331846, 0.585241, -0.5246, -0.272716, 0.806486, 0.0, 0.0, 0.0, 0.0, 1.0]
            ]
        },
        {
            "name": "Arm_L",
            "time": [0.0, 0.3333, 0.5417, 0.7083, 0.8333, 1.0, 1.2083, 1.375],
            "transform": [
                [-0.178362, -0.590178, -0.787323, -0.20071, 0.074787, -0.805969, 0.587214, 0.585979, -0.981118, 0.045855, 0.187892, -0.002076, 0.0, 0.0, 0.0, 1.0],
                [-0.360731, -0.872447, -0.329711, -0.20071, 0.003672, -0.354838, 0.93492, 0.585979, -0.932662, 0.336044, 0.131205, -0.002076, 0.0, 0.0, 0.0, 1.0],
                [-0.454386, -0.822167, -0.342892, -0.20071, -0.014605, -0.377996, 0.925692, 0.58598, -0.890684, 0.42563, 0.159749, -0.002076, 0.0, 0.0, 0.0, 1.0],
                [0.15834, -0.982367, -0.099419, -0.20071, 0.474666, -0.012559, 0.880076, 0.58598, -0.865806, -0.186541, 0.464308, -0.002076, 0.0, 0.0, 0.0, 1.0],
                [0.627463, -0.741292, -0.238279, -0.20071, 0.352259, -0.002665, 0.935899, 0.58598, -0.694409, -0.671177, 0.259454, -0.002076, 0.0, 0.0, 0.0, 1.0],
                [0.510365, -0.849776, -0.131942, -0.20071, 0.297337, 0.030408, 0.954288, 0.58598, -0.806919, -0.526266, 0.268189, -0.002076, 0.0, 0.0, 0.0, 1.0],
                [0.510365, -0.849776, -0.131942, -0.20071, 0.297337, 0.030408, 0.954288, 0.585979, -0.806919, -0.526266, 0.268189, -0.002076, 0.0, 0.0, 0.0, 1.0],
                [0.510365, -0.849776, -0.131942, -0.20071, 0.297337, 0.030408, 0.954288, 0.585979, -0.806919, -0.526266, 0.268189, -0.002076, 0.0, 0.0, 0.0, 1.0]
            ]
        },
        {
            "name": "Blade",
            "time": [0.0, 0.3333, 0.5417, 0.625, 0.7083, 0.8333, 1.0, 1.2083, 1.375],
            "transform": [
                [-0.085499, 0.980987, 0.174225, -0.0, -0.642637, 0.079332, -0.762052, 0.779125, -0.761385, -0.177119, 0.623636, -0.0, 0.0, 0.0, 0.0, 1.0],
                [-0.554, 0.754658, -0.351533, 0.0, -0.384955, -0.606611, -0.695581, 0.779125, -0.73817, -0.250027, 0.626571, -0.0, 0.0, 0.0, 0.0, 1.0],
                [-0.617336, 0.662472, -0.424295, 0.0, -0.284137, -0.690688, -0.664994, 0.779125, -0.733595, -0.289967, 0.614619, -0.0, 0.0, 0.0, 0.0, 1.0],
                [-0.608097, 0.649809, -0.456034, 0.0, -0.228, -0.693204, -0.683729, 0.779125, -0.760417, -0.311797, 0.569691, -0.0, 0.0, 0.0, 0.0, 1.0],
                [-0.112439, 0.985505, 0.127033, -0.0, -0.269271, 0.09284, -0.958579, 0.779125, -0.956478, -0.141988, 0.254929, -0.0, 0.0, 0.0, 0.0, 1.0],
                [0.120796, 0.096042, 0.98802, -0.0, 0.007673, 0.995189, -0.097676, 0.779125, -0.992648, 0.019381, 0.119478, -0.0, 0.0, 0.0, 0.0, 1.0],
                [0.215572, 0.267141, 0.939236, -0.0, -0.136858, 0.960623, -0.241813, 0.779125, -0.96685, -0.076413, 0.243644, -0.0, 0.0, 0.0, 0.0, 1.0],
                [0.215572, 0.267141, 0.939236, 0.0, -0.136858, 0.960623, -0.241813, 0.779125, -0.96685, -0.076413, 0.243644, -0.0, 0.0, 0.0, 0.0, 1.0],
                [0.215572, 0.267141, 0.939236, 0.0, -0.136858, 0.960623, -0.241813, 0.779125, -0.96685, -0.076413, 0.243644, -0.0, 0.0, 0.0, 0.0, 1.0]
            ]
        },
        {
            "name": "Cloth",
            "time": [0.0, 0.3333, 0.5417, 0.75, 1.2083, 1.375],
            "transform": [
                [-0.992195, 0.032201, 0.120469, 0.001532, -0.074132, -0.929147, -0.362202, 0.625485, 0.100269, -0.368305, 0.924284, -0.133792, 0.0, 0.0, 0.0, 1.0],
                [-0.992195, 0.032201, 0.120469, 0.001532, -0.074132, -0.929147, -0.362202, 0.625485, 0.100269, -0.368305, 0.924284, -0.133792, 0.0, 0.0, 0.0, 1.0],
                [-0.992195, 0.032201, 0.120469, 0.001532, -0.074132, -0.929147, -0.362202, 0.625485, 0.100269, -0.368305, 0.924284, -0.133792, 0.0, 0.0, 0.0, 1.0],
                [-0.977813, -0.138367, 0.157276, 0.001532, 0.084638, -0.947746, -0.307594, 0.625485, 0.191617, -0.287458, 0.938432, -0.133791, 0.0, 0.0, 0.0, 1.0],
                [-0.977813, -0.138367, 0.157276, 0.001531, 0.084638, -0.947746, -0.307594, 0.625485, 0.191617, -0.287458, 0.938432, -0.133792, 0.0, 0.0, 0.0, 1.0],
                [-0.977813, -0.138367, 0.157276, 0.001531, 0.084638, -0.947746, -0.307594, 0.625485, 0.191617, -0.287458, 0.938432, -0.133792, 0.0, 0.0, 0.0, 1.0]
            ]
        },
        {
            "name": "LowerCloth",
            "time": [0.0, 0.3333, 0.5417, 0.75, 1.0833, 1.2083, 1.375],
            "transform": [
                [0.991727, 0.011836, 0.127818, -0.0, -0.029337, 0.990286, 0.13592, 0.627449, -0.124967, -0.138545, 0.98244, -0.0, 0.0, 0.0, 0.0, 1.0],
                [0.991727, 0.011836, 0.127818, -0.0, -0.029337, 0.990285, 0.13592, 0.627449, -0.124967, -0.138545, 0.98244, 0.0, 0.0, 0.0, 0.0, 1.0],
                [0.991727, 0.011836, 0.127818, 0.0, -0.029337, 0.990285, 0.13592, 0.627449, -0.124967, -0.138545, 0.98244, 0.0, 0.0, 0.0, 0.0, 1.0],
                [0.883301, 0.034534, 0.467532, 0.0, -0.240216, 0.889755, 0.388114, 0.627449, -0.402586, -0.45513, 0.794217, -0.0, 0.0, 0.0, 0.0, 1.0],
                [0.951725, 0.088478, 0.293923, 0.0, -0.16826, 0.95125, 0.258479, 0.627449, -0.256725, -0.295457, 0.920216, 0.0, 0.0, 0.0, 0.0, 1.0],
                [0.951725, 0.123662, 0.280939, -0.0, -0.16826, 0.975672, 0.140542, 0.627449, -0.256725, -0.181028, 0.949379, 0.0, 0.0, 0.0, 0.0, 1.0],
                [0.951725, 0.123662, 0.280939, -0.0, -0.16826, 0.975672, 0.140542, 0.627449, -0.256725, -0.181028, 0.949379, 0.0, 0.0, 0.0, 0.0, 1.0]
            ]
        },
        {
            "name": "Leg_L",
            "time": [0.0, 0.3333, 0.5417, 0.625, 0.8333, 1.0, 1.2083, 1.375],
            "transform": [
                [-0.978688, 0.025622, 0.203749, -0.207806, -0.19538, -0.421642, -0.885463, 0.115569, 0.063222, -0.906401, 0.417662, -0.0, 0.0, 0.0, 0.0, 1.0],
                [-0.978688, 0.087989, 0.185548, -0.207806, -0.19538, -0.677151, -0.709432, 0.115569, 0.063222, -0.730564, 0.679911, -0.0, 0.0, 0.0, 0.0, 1.0],
                [-0.986678, 0.040153, 0.157652, -0.207806, -0.123966, -0.813109, -0.568759, 0.115569, 0.105351, -0.580725, 0.807255, -0.0, 0.0, 0.0, 0.0, 1.0],
                [-0.956412, 0.072442, 0.282893, -0.207806, -0.291419, -0.298971, -0.908676, 0.115569, 0.01875, -0.951509, 0.307051, -0.0, 0.0, 0.0, 0.0, 1.0],
                [-0.906038, -0.174725, 0.385443, -0.207806, -0.353678, -0.187525, -0.916377, 0.115569, 0.232394, -0.966595, 0.108108, 0.0, 0.0, 0.0, 0.0, 1.0],
                [-0.906038, -0.118076, 0.40639, -0.207806, -0.353678, -0.316067, -0.880349, 0.115569, 0.232394, -0.941361, 0.244607, -0.0, 0.0, 0.0, 0.0, 1.0],
                [-0.910856, -0.124601, 0.393466, -0.207806, -0.364512, -0.204275, -0.908517, 0.115569, 0.193577, -0.970951, 0.140647, 0.0, 0.0, 0.0, 0.0, 1.0],
                [-0.910856, -0.124601, 0.393466, -0.207806, -0.364512, -0.204275, -0.908517, 0.115569, 0.193577, -0.970951, 0.140647, 0.0, 0.0, 0.0, 0.0, 1.0]
            ]
        },
        {
            "name": "Shin_L",
            "time": [0.0, 0.3333, 0.5417, 0.625, 0.8333, 1.0, 1.2083, 1.375],
            "transform": [
                [0.978659, 0.190258, -0.077644, -0.0, -0.025139, -0.26416, -0.964151, 0.509061, -0.203948, 0.945527, -0.25374, 0.0, 0.0, 0.0, 0.0, 1.0],
                [0.978659, 0.185687, -0.088017, 0.0, -0.025139, -0.316921, -0.948119, 0.509061, -0.203948, 0.930097, -0.30549, -0.0, 0.0, 0.0, 0.0, 1.0],
                [0.978659, 0.185687, -0.088017, 0.0, -0.025139, -0.316921, -0.948119, 0.509061, -0.203948, 0.930097, -0.30549, -0.0, 0.0, 0.0, 0.0, 1.0],
                [0.957273, 0.145106, -0.250144, 0.0, -0.08861, -0.676208, -0.731363, 0.509061, -0.275274, 0.722279, -0.634458, 0.0, 0.0, 0.0, 0.0, 1.0],
                [0.978659, 0.197114, -0.058075, -0.0, -0.025139, -0.165648, -0.985864, 0.509061, -0.203948, 0.966285, -0.157158, -0.0, 0.0, 0.0, 0.0, 1.0],
                [0.976264, 0.182457, -0.116695, -0.0, -0.050847, -0.33066, -0.942379, 0.509061, -0.21053, 0.925945, -0.313534, 0.0, 0.0, 0.0, 0.0, 1.0],
                [0.976264, 0.182457, -0.116695, -0.0, -0.050847, -0.33066, -0.942379, 0.509062, -0.21053, 0.925945, -0.313534, 0.0, 0.0, 0.0, 0.0, 1.0],
                [0.976264, 0.182457, -0.116695, -0.0, -0.050847, -0.33066, -0.942379, 0.509062, -0.21053, 0.925945, -0.313534, 0.0, 0.0, 0.0, 0.0, 1.0]
            ]
        },
        {
            "name": "Foot_L",
            "time": [0.0, 0.3333, 0.5417, 0.625, 1.0, 1.2083, 1.375],
            "transform": [
                [0.99669, 0.017068, 0.079485, -0.0, -0.070447, 0.669315, 0.739632, 0.436117, -0.040576, -0.742783, 0.668302, 0.0, 0.0, 0.0, 0.0, 1.0],
                [0.99669, -0.009528, 0.080736, 0.0, -0.070447, 0.394444, 0.916216, 0.436117, -0.040576, -0.91887, 0.392467, -0.0, 0.0, 0.0, 0.0, 1.0],
                [0.99735, 0.033099, 0.064781, -0.0, -0.072079, 0.57003, 0.818456, 0.436117, -0.009837, -0.820957, 0.570906, -0.0, 0.0, 0.0, 0.0, 1.0],
                [0.992167, 0.123617, 0.018003, -0.0, -0.116657, 0.86532, 0.487455, 0.436117, 0.044679, -0.485736, 0.872963, -0.0, 0.0, 0.0, 0.0, 1.0],
                [0.99735, 0.011927, 0.071763, -0.0, -0.072079, 0.29541, 0.952648, 0.436117, -0.009837, -0.955296, 0.295487, -0.0, 0.0, 0.0, 0.0, 1.0],
                [0.99742, 0.032181, 0.064175, 0.0, -0.071769, 0.42445, 0.902602, 0.436117, 0.001808, -0.904879, 0.425664, -0.0, 0.0, 0.0, 0.0, 1.0],
                [0.99742, 0.032181, 0.064175, 0.0, -0.071769, 0.42445, 0.902602, 0.436117, 0.001808, -0.904879, 0.425664, -0.0, 0.0, 0.0, 0.0, 1.0]
            ]
        },
        {
            "name": "Leg_R",
            "time": [0.0, 0.3333, 0.5417, 0.8333, 1.0, 1.2083, 1.375],
            "transform": [
                [-0.978688, 0.025622, 0.203749, 0.191296, -0.19538, -0.421642, -0.885463, 0.113517, 0.063222, -0.9064, 0.417662, 0.00081, 0.0, 0.0, 0.0, 1.0],
                [-0.976982, 0.213104, 0.00966, 0.191296, -0.057775, -0.220736, -0.973621, 0.113517, -0.20535, -0.951768, 0.227967, 0.00081, 0.0, 0.0, 0.0, 1.0],
                [-0.970353, 0.230817, 0.071686, 0.191296, -0.069121, 0.019194, -0.997424, 0.113517, -0.231599, -0.972808, -0.002671, 0.00081, 0.0, 0.0, 0.0, 1.0],
                [-0.972951, 0.106667, 0.204911, 0.191296, -0.202863, -0.818839, -0.536982, 0.113517, 0.110511, -0.564026, 0.818329, 0.00081, 0.0, 0.0, 0.0, 1.0],
                [-0.972951, 0.068736, 0.220548, 0.191296, -0.202863, -0.710934, -0.673364, 0.113517, 0.110511, -0.699892, 0.705648, 0.00081, 0.0, 0.0, 0.0, 1.0],
                [-0.970257, 0.081625, 0.227902, 0.191296, -0.203579, -0.784534, -0.585715, 0.113517, 0.130988, -0.61469, 0.777817, 0.00081, 0.0, 0.0, 0.0, 1.0],
                [-0.970257, 0.081625, 0.227902, 0.191296, -0.203579, -0.784534, -0.585715, 0.113517, 0.130988, -0.61469, 0.777817, 0.00081, 0.0, 0.0, 0.0, 1.0]
            ]
        },
        {
            "name": "Shin_R",
            "time": [0.0, 0.3333, 0.5417, 0.8333, 1.0, 1.2083, 1.375],
            "transform": [
                [0.978659, 0.190258, -0.077644, -0.0, -0.025139, -0.26416, -0.964151, 0.509061, -0.203948, 0.945527, -0.253739, -0.0, 0.0, 0.0, 0.0, 1.0],
                [0.978659, 0.190258, -0.077644, -0.0, -0.025139, -0.26416, -0.964151, 0.509061, -0.203948, 0.945527, -0.253739, -0.0, 0.0, 0.0, 0.0, 1.0],
                [0.998403, 0.049578, -0.027064, 0.0, -0.030135, 0.062275, -0.997604, 0.509061, -0.047774, 0.996827, 0.06367, 0.0, 0.0, 0.0, 0.0, 1.0],
                [0.977895, 0.192085, -0.082613, 0.0, -0.02813, -0.27065, -0.962267, 0.509061, -0.207196, 0.94332, -0.259263, 0.0, 0.0, 0.0, 0.0, 1.0],
                [0.980852, 0.172954, -0.089528, -0.0, -0.018064, -0.376922, -0.926069, 0.509061, -0.193912, 0.909954, -0.366581, 0.0, 0.0, 0.0, 0.0, 1.0],
                [0.980852, 0.172954, -0.089528, 0.0, -0.018064, -0.376922, -0.926069, 0.509061, -0.193912, 0.909954, -0.366581, -0.0, 0.0, 0.0, 0.0, 1.0],
                [0.980852, 0.172954, -0.089528, 0.0, -0.018064, -0.376922, -0.926069, 0.509061, -0.193912, 0.909954, -0.366581, -0.0, 0.0, 0.0, 0.0, 1.0]
            ]
        },
        {
            "name": "Foot_R",
            "time": [0.0, 0.3333, 0.5417, 0.8333, 1.2083, 1.375],
            "transform": [
                [0.99669, 0.017068, 0.079485, -0.0, -0.070447, 0.669315, 0.739632, 0.436117, -0.040576, -0.742783, 0.668301, -0.0, 0.0, 0.0, 0.0, 1.0],
                [0.99669, 0.030778, 0.075245, 0.0, -0.070447, 0.788932, 0.610429, 0.436117, -0.040576, -0.613709, 0.788489, -0.0, 0.0, 0.0, 0.0, 1.0],
                [0.994163, 0.039383, 0.100442, 0.0, -0.076286, 0.914937, 0.396322, 0.436117, -0.07629, -0.401671, 0.912601, 0.0, 0.0, 0.0, 0.0, 1.0],
                [0.994163, -0.041458, 0.099604, 0.0, -0.076285, 0.382708, 0.920714, 0.436118, -0.07629, -0.922939, 0.377311, 0.0, 0.0, 0.0, 0.0, 1.0],
                [0.994163, -0.041458, 0.099604, -0.0, -0.076286, 0.382708, 0.920715, 0.436117, -0.07629, -0.922939, 0.377311, -0.0, 0.0, 0.0, 0.0, 1.0],
                [0.994163, -0.041458, 0.099604, -0.0, -0.076286, 0.382708, 0.920715, 0.436117, -0.07629, -0.922939, 0.377311, -0.0, 0.0, 0.0, 0.0, 1.0]
            ]
        }
    ]
}