{
    "animation": [
        {
            "name": "Root",
            "time": [0.0, 0.125, 0.4583, 0.7083, 1.0, 1.5833, 2.0833],
            "transform": [
                [1.0, 0.0, 0.0, 0.0, 0.0, 0.178759, -0.983893, -0.158286, -0.0, 0.983893, 0.178759, 0.8563, 0.0, 0.0, 0.0, 1.0],
                [1.0, 0.0, 0.0, 0.0, 0.0, -0.311341, -0.950298, -0.158286, 0.0, 0.950298, -0.311341, 0.8563, 0.0, 0.0, 0.0, 1.0],
                [1.0, 0.0, 0.0, 0.0, 0.0, -0.355218, -0.934784, -0.158286, 0.0, 0.934784, -0.355218, 0.8563, 0.0, 0.0, 0.0, 1.0],
                [1.0, 0.0, 0.0, 0.0, 0.0, 0.363625, -0.931546, -0.158286, -0.0, 0.931546, 0.363625, 0.567555, 0.0, 0.0, 0.0, 1.0],
                [1.0, 0.0, 0.0, 0.0, 0.0, 0.363625, -0.931546, -0.158286, -0.0, 0.931546, 0.363625, 0.514059, 0.0, 0.0, 0.0, 1.0],
                [1.0, 0.0, 0.0, 0.0, 0.0, 0.363625, -0.931546, -0.158286, -0.0, 0.931546, 0.363625, 0.514059, 0.0, 0.0, 0.0, 1.0],
                [1.0, 0.0, 0.0, 0.0, 0.0, 0.178759, -0.983893, -0.158286, -0.0, 0.983893, 0.178759, 0.8563, 0.0, 0.0, 0.0, 1.0]
            ]
        },
        {
            "name": "Torso",
            "time": [0.0, 0.125, 0.4583, 1.0, 1.5833, 2.0833],
            "transform": [
                [0.999794, -0.005792, 0.019434, 0.0, 0.003938, 0.995555, 0.094098, 0.115569, -0.019892, -0.094002, 0.995373, 0.0, 0.0, 0.0, 0.0, 1.0],
                [0.999794, -0.005792, 0.019434, 0.0, 0.010739, 0.964144, -0.265162, 0.115569, -0.017201, 0.265317, 0.964008, 0.0, 0.0, 0.0, 0.0, 1.0],
                [0.999794, -0.005792, 0.019434, -0.0, 0.010739, 0.964144, -0.265162, 0.115569, -0.017201, 0.265317, 0.964008, 0.0, 0.0, 0.0, 0.0, 1.0],
                [0.999794, -0.005792, 0.019434, 0.0, 0.010739, 0.964144, -0.265162, 0.115569, -0.017201, 0.265317, 0.964008, -0.0, 0.0, 0.0, 0.0, 1.0],
                [0.999794, -0.005792, 0.019434, 0.0, 0.010739, 0.964144, -0.265162, 0.115569, -0.017201, 0.265317, 0.964008, -0.0, 0.0, 0.0, 0.0, 1.0],
                [0.999794, -0.005792, 0.019434, 0.0, 0.003938, 0.995555, 0.094098, 0.115569, -0.019892, -0.094002, 0.995373, 0.0, 0.0, 0.0, 0.0, 1.0]
            ]
        },
        {
            "name": "Chest",
            "time": [0.0, 0.125, 0.4583, 0.7083, 1.0, 1.5833, 1.7917, 2.0833],
            "transform": [
                [0.999957, 0.002468, -0.008984, 0.0, -0.002303, 0.99983, 0.018279, 0.222409, 0.009028, -0.018257, 0.999793, -0.0, 0.0, 0.0, 0.0, 1.0],
                [0.999935, 0.010713, -0.003947, 0.0, -0.007515, 0.877888, 0.478807, 0.22241, 0.008594, -0.478746, 0.877911, -0.0, 0.0, 0.0, 0.0, 1.0],
                [0.999952, -0.000941, -0.009752, -0.0, -0.000568, 0.988125, -0.153648, 0.222409, 0.009781, 0.153646, 0.988078, -0.0, 0.0, 0.0, 0.0, 1.0],
                [0.99994, 0.009874, -0.004745, 0.0, -0.006894, 0.903781, 0.427939, 0.22241, 0.008514, -0.427881, 0.903795, 0.0, 0.0, 0.0, 0.0, 1.0],
                [0.999924, 0.012146, -0.002342, 0.0, -0.008654, 0.8222, 0.569133, 0.222409, 0.008838, -0.56907, 0.822242, 0.0, 0.0, 0.0, 0.0, 1.0],
                [0.999924, 0.012146, -0.002342, 0.0, -0.008654, 0.8222, 0.569133, 0.222409, 0.008838, -0.56907, 0.822242, 0.0, 0.0, 0.0, 0.0, 1.0],
                [0.999912, 0.013238, -0.000843, -0.0, -0.00961, 0.766766, 0.641855, 0.22241, 0.009144, -0.64179, 0.766826, -0.0, 0.0, 0.0, 0.0, 1.0],
                [0.999957, 0.002468, -0.008984, 0.0, -0.002303, 0.99983, 0.018279, 0.222409, 0.009028, -0.018257, 0.999793, -0.0, 0.0, 0.0, 0.0, 1.0]
            ]
        },
        {
            "name": "Head",
            "time": [0.0, 0.125, 0.4583, 0.7083, 1.0, 1.5833, 1.7917, 2.0833],
            "transform": [
                [0.999241, -0.002813, 0.038845, -0.0, -0.01264, 0.919981, 0.391759, 0.585241, -0.036838, -0.391953, 0.919247, -0.0, 0.0, 0.0, 0.0, 1.0],
                [0.999107, -0.000314, 0.04225, -0.0, -0.029794, 0.703773, 0.709799, 0.585241, -0.029957, -0.710424, 0.703136, 0.0, 0.0, 0.0, 0.0, 1.0],
                [0.999206, -0.001899, 0.039794, 0.0, -0.018229, 0.866373, 0.499065, 0.585241, -0.035424, -0.499394, 0.86565, -0.0, 0.0, 0.0, 0.0, 1.0],
                [0.999104, -0.000276, 0.042331, 0.0, -0.030124, 0.697923, 0.715539, 0.585241, -0.029742, -0.716173, 0.697289, 0.0, 0.0, 0.0, 0.0, 1.0],
                [0.999182, -0.001417, 0.0404, 0.0, -0.021421, 0.828982, 0.558864, 0.585241, -0.034283, -0.559273, 0.828274, -0.0, 0.0, 0.0, 0.0, 1.0],
                [0.999182, -0.001417, 0.0404, 0.0, -0.021421, 0.828982, 0.558864, 0.585241, -0.034283, -0.559273, 0.828274, -0.0, 0.0, 0.0, 0.0, 1.0],
                [0.999118, -0.000442, 0.041986, -0.0, -0.028708, 0.722517, 0.690757, 0.585241, -0.030641, -0.691353, 0.721867, -0.0, 0.0, 0.0, 0.0, 1.0],
                [0.999241, -0.002813, 0.038845, -0.0, -0.01264, 0.919981, 0.391759, 0.585241, -0.036838, -0.391953, 0.919247, -0.0, 0.0, 0.0, 0.0, 1.0]
            ]
        },
        {
            "name": "Arm_L",
            "time": [0.0, 0.125, 0.4583, 0.7083, 1.0, 1.5833, 1.7917, 2.0833],
            "transform": [
                [-0.178362, -0.590178, -0.787323, -0.20071, 0.074787, -0.805969, 0.587214, 0.585979, -0.981118, 0.045855, 0.187892, -0.002076, 0.0, 0.0, 0.0, 1.0],
                [-0.178554, -0.585012, -0.791125, -0.20071, 0.609602, -0.69691, 0.377759, 0.585979, -0.772337, -0.41482, 0.481061, -0.002076, 0.0, 0.0, 0.0, 1.0],
                [-0.180278, -0.582213, -0.792798, -0.20071, 0.830438, -0.522041, 0.194538, 0.58598, -0.527135, -0.623298, 0.577604, -0.002076, 0.0, 0.0, 0.0, 1.0],
                [-0.203592, -0.349201, -0.914663, -0.20071, 0.563261, -0.805916, 0.182309, 0.585979, -0.800804, -0.478077, 0.36077, -0.002076, 0.0, 0.0, 0.0, 1.0],
                [-0.204337, -0.347299, -0.915221, -0.20071, 0.706159, -0.699786, 0.107887, 0.585979, -0.677927, -0.624245, 0.388241, -0.002076, 0.0, 0.0, 0.0, 1.0],
                [-0.204337, -0.347299, -0.915221, -0.20071, 0.706159, -0.699786, 0.107887, 0.585979, -0.677927, -0.624245, 0.388241, -0.002076, 0.0, 0.0, 0.0, 1.0],
                [-0.173452, -0.435213, -0.883461, -0.20071, 0.792429, -0.594332, 0.137203, 0.585979, -0.584782, -0.676282, 0.447964, -0.002076, 0.0, 0.0, 0.0, 1.0],
                [-0.178362, -0.590178, -0.787323, -0.20071, 0.074787, -0.805969, 0.587214, 0.585979, -0.981118, 0.045855, 0.187892, -0.002076, 0.0, 0.0, 0.0, 1.0]
            ]
        },
        {
            "name": "Blade",
            "time": [0.0, 0.4583, 0.7083, 1.0, 1.5833, 2.0833],
            "transform": [
                [-0.085499, 0.980987, 0.174225, -0.0, -0.642637, 0.079332, -0.762052, 0.779125, -0.761385, -0.177119, 0.623636, -0.0, 0.0, 0.0, 0.0, 1.0],
                [-0.085499, 0.980987, 0.174225, 0.0, -0.642637, 0.079332, -0.762052, 0.779125, -0.761385, -0.177118, 0.623636, -0.0, 0.0, 0.0, 0.0, 1.0],
                [0.029428, 0.85242, 0.522029, -0.0, -0.584815, 0.438224, -0.682607, 0.779125, -0.810633, -0.285203, 0.511404, 0.0, 0.0, 0.0, 0.0, 1.0],
                [0.029428, 0.85242, 0.522029, -0.0, -0.584815, 0.438224, -0.682607, 0.779125, -0.810633, -0.285203, 0.511404, -0.0, 0.0, 0.0, 0.0, 1.0],
                [0.029428, 0.85242, 0.522029, -0.0, -0.584815, 0.438224, -0.682607, 0.779125, -0.810633, -0.285203, 0.511404, -0.0, 0.0, 0.0, 0.0, 1.0],
                [-0.085499, 0.980987, 0.174225, -0.0, -0.642637, 0.079332, -0.762052, 0.779125, -0.761385, -0.177119, 0.623636, -0.0, 0.0, 0.0, 0.0, 1.0]
            ]
        },
        {
            "name": "Cloth",
            "time": [0.0, 0.25, 0.4583, 0.7083, 1.0, 1.5833, 2.0833],
            "transform": [
                [-0.992195, 0.032201, 0.120469, 0.001532, -0.074132, -0.929147, -0.362202, 0.625485, 0.100269, -0.368305, 0.924284, -0.133792, 0.0, 0.0, 0.0, 1.0],
                [-0.991906, 0.036665, 0.121569, 0.001532, -0.112634, -0.696088, -0.709066, 0.625485, 0.058624, -0.71702, 0.694586, -0.133792, 0.0, 0.0, 0.0, 1.0],
                [-0.991906, 0.036665, 0.121569, 0.001532, -0.112634, -0.696088, -0.709066, 0.625485, 0.058624, -0.71702, 0.694586, -0.133792, 0.0, 0.0, 0.0, 1.0],
                [-0.991803, 0.037648, 0.12211, 0.001532, -0.119082, -0.618885, -0.776403, 0.625485, 0.046341, -0.78458, 0.618297, -0.133792, 0.0, 0.0, 0.0, 1.0],
                [-0.99166, 0.038775, 0.122912, 0.001532, -0.125254, -0.514659, -0.848197, 0.625485, 0.030368, -0.856519, 0.515225, -0.133792, 0.0, 0.0, 0.0, 1.0],
                [-0.99166, 0.038775, 0.122912, 0.001532, -0.125254, -0.514659, -0.848197, 0.625485, 0.030368, -0.856519, 0.515225, -0.133792, 0.0, 0.0, 0.0, 1.0],
                [-0.992195, 0.032201, 0.120469, 0.001532, -0.074132, -0.929147, -0.362202, 0.625485, 0.100269, -0.368305, 0.924284, -0.133792, 0.0, 0.0, 0.0, 1.0]
            ]
        },
        {
            "name": "LowerCloth",
            "time": [0.0, 0.4583, 0.7083, 1.0, 1.5833, 2.0833],
            "transform": [
                [0.991727, 0.011836, 0.127818, -0.0, -0.029337, 0.990286, 0.13592, 0.627449, -0.124967, -0.138545, 0.98244, -0.0, 0.0, 0.0, 0.0, 1.0],
                [0.991639, 0.084268, 0.097732, 0.0, -0.033332, 0.89891, -0.436863, 0.627449, -0.124666, 0.429953, 0.894203, 0.0, 0.0, 0.0, 0.0, 1.0],
                [0.991709, -0.002254, 0.128481, 0.0, -0.028679, 0.970746, 0.238392, 0.627449, -0.12526, -0.2401, 0.962633, -0.0, 0.0, 0.0, 0.0, 1.0],
                [0.991729, 0.013589, 0.127631, 0.0, -0.029421, 0.991972, 0.122991, 0.627449, -0.124935, -0.125729, 0.984166, 0.0, 0.0, 0.0, 0.0, 1.0],
                [0.991729, 0.013589, 0.127631, 0.0, -0.029421, 0.991972, 0.122991, 0.627449, -0.124935, -0.125729, 0.984166, 0.0, 0.0, 0.0, 0.0, 1.0],
                [0.991727, 0.011836, 0.127818, -0.0, -0.029337, 0.990286, 0.13592, 0.627449, -0.124967, -0.138545, 0.98244, -0.0, 0.0, 0.0, 0.0, 1.0]
            ]
        },
        {
            "name": "Leg_L",
            "time": [0.0, 0.125, 0.4583, 0.7083, 1.0, 1.5833, 2.0833],
            "transform": [
                [-0.978688, 0.025622, 0.203749, -0.207806, -0.19538, -0.421642, -0.885463, 0.115569, 0.063222, -0.906401, 0.417662, -0.0, 0.0, 0.0, 0.0, 1.0],
                [-0.978688, 0.025622, 0.203749, -0.207806, -0.2049, -0.187809, -0.960596, 0.115569, 0.013653, -0.981872, 0.189056, -0.0, 0.0, 0.0, 0.0, 1.0],
                [-0.978688, 0.025622, 0.203749, -0.207806, -0.199569, 0.115177, -0.973091, 0.115569, -0.0484, -0.993015, -0.107609, -0.0, 0.0, 0.0, 0.0, 1.0],
                [-0.978688, 0.025622, 0.203749, -0.207806, -0.180354, 0.367202, -0.912489, 0.115569, -0.098197, -0.929788, -0.354755, -0.0, 0.0, 0.0, 0.0, 1.0],
                [-0.978688, 0.025622, 0.20375, -0.207806, -0.163423, 0.503636, -0.848318, 0.115569, -0.124351, -0.863536, -0.488715, -0.0, 0.0, 0.0, 0.0, 1.0],
                [-0.978688, 0.025622, 0.20375, -0.207806, -0.163423, 0.503636, -0.848318, 0.115569, -0.124351, -0.863536, -0.488715, -0.0, 0.0, 0.0, 0.0, 1.0],
                [-0.978688, 0.025622, 0.203749, -0.207806, -0.19538, -0.421642, -0.885463, 0.115569, 0.063222, -0.906401, 0.417662, -0.0, 0.0, 0.0, 0.0, 1.0]
            ]
        },
        {
            "name": "Shin_L",
            "time": [0.0, 0.4583, 1.0, 1.5833, 2.0833],
            "transform": [
                [0.978659, 0.190258, -0.077644, -0.0, -0.025139, -0.26416, -0.964151, 0.509061, -0.203948, 0.945527, -0.25374, 0.0, 0.0, 0.0, 0.0, 1.0],
                [0.978627, 0.205307, -0.01177, 0.0, -0.02523, 0.063068, -0.99769, 0.509061, -0.20409, 0.976664, 0.066899, -0.0, 0.0, 0.0, 0.0, 1.0],
                [0.97865, 0.196522, -0.060198, -0.0, -0.025159, -0.176141, -0.984044, 0.509061, -0.20399, 0.964548, -0.167436, 0.0, 0.0, 0.0, 0.0, 1.0],
                [0.97865, 0.196522, -0.060198, -0.0, -0.025159, -0.176141, -0.984044, 0.509061, -0.20399, 0.964548, -0.167436, 0.0, 0.0, 0.0, 0.0, 1.0],
                [0.978659, 0.190258, -0.077644, -0.0, -0.025139, -0.26416, -0.964151, 0.509061, -0.203948, 0.945527, -0.25374, 0.0, 0.0, 0.0, 0.0, 1.0]
            ]
        },
        {
            "name": "Foot_L",
            "time": [0.0, 0.4583, 1.0, 1.5833, 2.0833],
            "transform": [
                [0.99669, 0.017068, 0.079485, -0.0, -0.070447, 0.669315, 0.739632, 0.436117, -0.040576, -0.742783, 0.668302, 0.0, 0.0, 0.0, 0.0, 1.0],
                [0.99669, 0.017068, 0.079485, -0.0, -0.070447, 0.669315, 0.739632, 0.436117, -0.040576, -0.742783, 0.668302, -0.0, 0.0, 0.0, 0.0, 1.0],
                [0.99669, 0.017068, 0.079485, 0.0, -0.070447, 0.669315, 0.739632, 0.436117, -0.040576, -0.742783, 0.668302, 0.0, 0.0, 0.0, 0.0, 1.0],
                [0.99669, 0.017068, 0.079485, 0.0, -0.070447, 0.669315, 0.739632, 0.436117, -0.040576, -0.742783, 0.668302, 0.0, 0.0, 0.0, 0.0, 1.0],
                [0.99669, 0.017068, 0.079485, -0.0, -0.070447, 0.669315, 0.739632, 0.436117, -0.040576, -0.742783, 0.668302, 0.0, 0.0, 0.0, 0.0, 1.0]
            ]
        },
        {
            "name": "Leg_R",
            "time": [0.0, 0.125, 0.4583, 0.7083, 1.0, 1.5833, 2.0833],
            "transform": [
                [-0.978688, 0.025622, 0.203749, 0.191296, -0.19538, -0.421642, -0.885463, 0.113517, 0.063222, -0.9064, 0.417662, 0.00081, 0.0, 0.0, 0.0, 1.0],
                [-0.978688, 0.025622, 0.203749, 0.191296, -0.057658, -0.986559, -0.152892, 0.113517, 0.197093, -0.161381, 0.967011, 0.00081, 0.0, 0.0, 0.0, 1.0],
                [-0.978688, 0.025622, 0.203749, 0.191296, -0.057658, -0.986559, -0.152892, 0.113517, 0.197093, -0.161381, 0.967011, 0.00081, 0.0, 0.0, 0.0, 1.0],
                [-0.978688, 0.025622, 0.203749, 0.191296, -0.106115, -0.91255, -0.394957, 0.113517, 0.175812, -0.408161, 0.895821, 0.00081, 0.0, 0.0, 0.0, 1.0],
                [-0.978688, 0.025622, 0.203749, 0.191296, -0.086324, -0.951595, -0.294983, 0.113517, 0.186329, -0.306284, 0.933527, 0.00081, 0.0, 0.0, 0.0, 1.0],
                [-0.978688, 0.025622, 0.203749, 0.191296, -0.086324, -0.951595, -0.294983, 0.113517, 0.186329, -0.306284, 0.933527, 0.00081, 0.0, 0.0, 0.0, 1.0],
                [-0.978688, 0.025622, 0.203749, 0.191296, -0.19538, -0.421642, -0.885463, 0.113517, 0.063222, -0.9064, 0.417662, 0.00081, 0.0, 0.0, 0.0, 1.0]
            ]
        },
        {
            "name": "Shin_R",
            "time": [0.0, 0.4583, 1.0, 1.5833, 2.0833],
            "transform": [
                [0.978659, 0.190258, -0.077644, -0.0, -0.025139, -0.26416, -0.964151, 0.509061, -0.203948, 0.945527, -0.253739, -0.0, 0.0, 0.0, 0.0, 1.0],
                [0.978659, 0.190258, -0.077644, 0.0, -0.025139, -0.26416, -0.964151, 0.509062, -0.203948, 0.945527, -0.253739, 0.0, 0.0, 0.0, 0.0, 1.0],
                [0.978656, 0.192619, -0.07163, -0.0, -0.025145, -0.233696, -0.971985, 0.509061, -0.203963, 0.953039, -0.223864, -0.0, 0.0, 0.0, 0.0, 1.0],
                [0.978656, 0.192619, -0.07163, -0.0, -0.025145, -0.233696, -0.971985, 0.509061, -0.203963, 0.953039, -0.223864, -0.0, 0.0, 0.0, 0.0, 1.0],
                [0.978659, 0.190258, -0.077644, -0.0, -0.025139, -0.26416, -0.964151, 0.509061, -0.203948, 0.945527, -0.253739, -0.0, 0.0, 0.0, 0.0, 1.0]
            ]
        },
        {
            "name": "Foot_R",
            "time": [0.0, 0.4583, 1.0, 1.5833, 2.0833],
            "transform": [
                [0.99669, 0.017068, 0.079485, -0.0, -0.070447, 0.669315, 0.739632, 0.436117, -0.040576, -0.742783, 0.668301, -0.0, 0.0, 0.0, 0.0, 1.0],
                [0.996683, 0.017227, 0.07954, 0.0, -0.079806, 0.398434, 0.913718, 0.436117, -0.015951, -0.917035, 0.398487, -0.0, 0.0, 0.0, 0.0, 1.0],
                [0.996683, 0.017227, 0.07954, 0.0, -0.079806, 0.398434, 0.913718, 0.436117, -0.015951, -0.917035, 0.398487, 0.0, 0.0, 0.0, 0.0, 1.0],
                [0.996683, 0.017227, 0.07954, 0.0, -0.079806, 0.398434, 0.913718, 0.436117, -0.015951, -0.917035, 0.398487, 0.0, 0.0, 0.0, 0.0, 1.0],
                [0.99669, 0.017068, 0.079485, -0.0, -0.070447, 0.669315, 0.739632, 0.436117, -0.040576, -0.742783, 0.668301, -0.0, 0.0, 0.0, 0.0, 1.0]
            ]
        }
    ]
}