{
    "animation": [
        {
            "name": "Root",
            "time": [0.0, 0.0417, 0.3333],
            "transform": [
                [1.0, 0.0, 0.0, 0.0, 0.0, 0.178759, -0.983893, -0.158286, -0.0, 0.983893, 0.178759, 0.8563, 0.0, 0.0, 0.0, 1.0],
                [1.0, 0.0, 0.0, 0.0, 0.0, -0.127236, -0.991872, -0.158286, 0.0, 0.991872, -0.127236, 0.8563, 0.0, 0.0, 0.0, 1.0],
                [1.0, 0.0, 0.0, 0.0, 0.0, 0.178759, -0.983893, -0.158286, -0.0, 0.983893, 0.178759, 0.8563, 0.0, 0.0, 0.0, 1.0]
            ]
        },
        {
            "name": "Torso",
            "time": [0.0, 0.3333],
            "transform": [
                [0.999794, -0.005792, 0.019434, 0.0, 0.003938, 0.995555, 0.094098, 0.115569, -0.019892, -0.094002, 0.995373, 0.0, 0.0, 0.0, 0.0, 1.0],
                [0.999794, -0.005792, 0.019434, 0.0, 0.003938, 0.995555, 0.094098, 0.115569, -0.019892, -0.094002, 0.995373, 0.0, 0.0, 0.0, 0.0, 1.0]
            ]
        },
        {
            "name": "Chest",
            "time": [0.0, 0.0417, 0.3333],
            "transform": [
                [0.999957, 0.002468, -0.008984, 0.0, -0.002303, 0.99983, 0.018279, 0.222409, 0.009028, -0.018257, 0.999793, -0.0, 0.0, 0.0, 0.0, 1.0],
                [0.96346, 0.074457, -0.257296, -0.0, -0.023247, 0.980207, 0.196607, 0.22241, 0.266842, -0.183441, 0.946121, -0.0, 0.0, 0.0, 0.0, 1.0],
                [0.999957, 0.002468, -0.008984, 0.0, -0.002303, 0.99983, 0.018279, 0.222409, 0.009028, -0.018257, 0.999793, -0.0, 0.0, 0.0, 0.0, 1.0]
            ]
        },
        {
            "name": "Head",
            "time": [0.0, 0.0417, 0.3333],
            "transform": [
                [0.999241, -0.002813, 0.038845, -0.0, -0.01264, 0.919981, 0.391759, 0.585241, -0.036838, -0.391953, 0.919247, -0.0, 0.0, 0.0, 0.0, 1.0],
                [0.924679, -0.28073, 0.257216, -0.0, -0.039829, 0.600528, 0.798611, 0.585241, -0.378659, -0.748704, 0.544114, 0.0, 0.0, 0.0, 0.0, 1.0],
                [0.999241, -0.002813, 0.038845, -0.0, -0.01264, 0.919981, 0.391759, 0.585241, -0.036838, -0.391953, 0.919247, -0.0, 0.0, 0.0, 0.0, 1.0]
            ]
        },
        {
            "name": "Arm_L",
            "time": [0.0, 0.0417, 0.3333],
            "transform": [
                [-0.178362, -0.590178, -0.787323, -0.20071, 0.074787, -0.805969, 0.587214, 0.585979, -0.981118, 0.045855, 0.187892, -0.002076, 0.0, 0.0, 0.0, 1.0],
                [-0.154779, -0.660927, -0.734315, -0.20071, 0.378177, -0.726297, 0.573999, 0.58598, -0.912702, -0.188858, 0.362363, -0.002076, 0.0, 0.0, 0.0, 1.0],
                [-0.178362, -0.590178, -0.787323, -0.20071, 0.074787, -0.805969, 0.587214, 0.585979, -0.981118, 0.045855, 0.187892, -0.002076, 0.0, 0.0, 0.0, 1.0]
            ]
        },
        {
            "name": "Blade",
            "time": [0.0, 0.0417, 0.3333],
            "transform": [
                [-0.085499, 0.980987, 0.174225, -0.0, -0.642637, 0.079332, -0.762052, 0.779125, -0.761385, -0.177119, 0.623636, -0.0, 0.0, 0.0, 0.0, 1.0],
                [0.302753, 0.849117, 0.43283, 0.0, -0.429027, 0.526948, -0.733663, 0.779125, -0.851045, 0.036423, 0.523828, -0.0, 0.0, 0.0, 0.0, 1.0],
                [-0.085499, 0.980987, 0.174225, -0.0, -0.642637, 0.079332, -0.762052, 0.779125, -0.761385, -0.177119, 0.623636, -0.0, 0.0, 0.0, 0.0, 1.0]
            ]
        },
        {
            "name": "Cloth",
            "time": [0.0, 0.0417, 0.3333],
            "transform": [
                [-0.992195, 0.032201, 0.120469, 0.001532, -0.074132, -0.929147, -0.362202, 0.625485, 0.100269, -0.368305, 0.924284, -0.133792, 0.0, 0.0, 0.0, 1.0],
                [-0.990547, 0.049353, 0.127993, 0.001532, -0.104422, -0.876349, -0.470223, 0.625485, 0.088959, -0.479143, 0.87322, -0.133792, 0.0, 0.0, 0.0, 1.0],
                [-0.992195, 0.032201, 0.120469, 0.001532, -0.074132, -0.929147, -0.362202, 0.625485, 0.100269, -0.368305, 0.924284, -0.133792, 0.0, 0.0, 0.0, 1.0]
            ]
        },
        {
            "name": "LowerCloth",
            "time": [0.0, 0.3333],
            "transform": [
                [0.991727, 0.011836, 0.127818, -0.0, -0.029337, 0.990286, 0.13592, 0.627449, -0.124967, -0.138545, 0.98244, -0.0, 0.0, 0.0, 0.0, 1.0],
                [0.991727, 0.011836, 0.127818, -0.0, -0.029337, 0.990286, 0.13592, 0.627449, -0.124967, -0.138545, 0.98244, -0.0, 0.0, 0.0, 0.0, 1.0]
            ]
        },
        {
            "name": "Leg_L",
            "time": [0.0, 0.0417, 0.3333],
            "transform": [
                [-0.978688, 0.025622, 0.203749, -0.207806, -0.19538, -0.421642, -0.885463, 0.115569, 0.063222, -0.906401, 0.417662, -0.0, 0.0, 0.0, 0.0, 1.0],
                [-0.944818, -0.177638, 0.275252, -0.207806, -0.055986, -0.740301, -0.669941, 0.115569, 0.322777, -0.648382, 0.689504, -0.0, 0.0, 0.0, 0.0, 1.0],
                [-0.978688, 0.025622, 0.203749, -0.207806, -0.19538, -0.421642, -0.885463, 0.115569, 0.063222, -0.906401, 0.417662, -0.0, 0.0, 0.0, 0.0, 1.0]
            ]
        },
        {
            "name": "Shin_L",
            "time": [0.0, 0.0417, 0.3333],
            "transform": [
                [0.978659, 0.190258, -0.077644, -0.0, -0.025139, -0.26416, -0.964151, 0.509061, -0.203948, 0.945527, -0.25374, 0.0, 0.0, 0.0, 0.0, 1.0],
                [0.981581, 0.184585, -0.049274, 0.0, -0.019617, -0.15917, -0.987056, 0.509061, -0.190038, 0.969842, -0.152617, 0.0, 0.0, 0.0, 0.0, 1.0],
                [0.978659, 0.190258, -0.077644, -0.0, -0.025139, -0.26416, -0.964151, 0.509061, -0.203948, 0.945527, -0.25374, 0.0, 0.0, 0.0, 0.0, 1.0]
            ]
        },
        {
            "name": "Foot_L",
            "time": [0.0, 0.0417, 0.3333],
            "transform": [
                [0.99669, 0.017068, 0.079485, -0.0, -0.070447, 0.669315, 0.739632, 0.436117, -0.040576, -0.742783, 0.668302, 0.0, 0.0, 0.0, 0.0, 1.0],
                [0.998332, 0.016646, 0.055281, 0.0, -0.05763, 0.344321, 0.937081, 0.436117, -0.003436, -0.938704, 0.344706, 0.0, 0.0, 0.0, 0.0, 1.0],
                [0.99669, 0.017068, 0.079485, -0.0, -0.070447, 0.669315, 0.739632, 0.436117, -0.040576, -0.742783, 0.668302, 0.0, 0.0, 0.0, 0.0, 1.0]
            ]
        },
        {
            "name": "Leg_R",
            "time": [0.0, 0.0417, 0.3333],
            "transform": [
                [-0.978688, 0.025622, 0.203749, 0.191296, -0.19538, -0.421642, -0.885463, 0.113517, 0.063222, -0.9064, 0.417662, 0.00081, 0.0, 0.0, 0.0, 1.0],
                [-0.987583, -0.000897, 0.157097, 0.191296, -0.106602, -0.730703, -0.674321, 0.113517, 0.115396, -0.682695, 0.721534, 0.00081, 0.0, 0.0, 0.0, 1.0],
                [-0.978688, 0.025622, 0.203749, 0.191296, -0.19538, -0.421642, -0.885463, 0.113517, 0.063222, -0.9064, 0.417662, 0.00081, 0.0, 0.0, 0.0, 1.0]
            ]
        },
        {
            "name": "Shin_R",
            "time": [0.0, 0.0417, 0.3333],
            "transform": [
                [0.978659, 0.190258, -0.077644, -0.0, -0.025139, -0.26416, -0.964151, 0.509061, -0.203948, 0.945527, -0.253739, -0.0, 0.0, 0.0, 0.0, 1.0],
                [0.981861, 0.183834, -0.046416, -0.0, -0.018968, -0.148339, -0.988755, 0.509061, -0.188652, 0.9717, -0.142161, 0.0, 0.0, 0.0, 0.0, 1.0],
                [0.978659, 0.190258, -0.077644, -0.0, -0.025139, -0.26416, -0.964151, 0.509061, -0.203948, 0.945527, -0.253739, -0.0, 0.0, 0.0, 0.0, 1.0]
            ]
        },
        {
            "name": "Foot_R",
            "time": [0.0, 0.0417, 0.3333],
            "transform": [
                [0.99669, 0.017068, 0.079485, -0.0, -0.070447, 0.669315, 0.739632, 0.436117, -0.040576, -0.742783, 0.668301, -0.0, 0.0, 0.0, 0.0, 1.0],
                [0.997939, -0.03511, 0.053715, -0.0, -0.039941, 0.31532, 0.948144, 0.436117, -0.050227, -0.948335, 0.313268, -0.0, 0.0, 0.0, 0.0, 1.0],
                [0.99669, 0.017068, 0.079485, -0.0, -0.070447, 0.669315, 0.739632, 0.436117, -0.040576, -0.742783, 0.668301, -0.0, 0.0, 0.0, 0.0, 1.0]
            ]
        }
    ]
}