{
    
    "animation": [
        {
            "name": "Root",
            "time": [0.0, 0.3333, 0.6167, 0.8667, 1.1],
            "transform": [
                [0.962132, -0.004694, 0.272545, 0.137022, 0.272055, 0.07888, -0.959043, 0.081139, -0.016997, 0.996873, 0.07717, 0.714127, 0.0, 0.0, 0.0, 1.0],
                [0.654649, -0.004694, 0.755918, 0.033157, 0.753813, 0.07888, -0.652337, 0.050891, -0.056565, 0.996873, 0.055178, 0.686275, 0.0, 0.0, 0.0, 1.0],
                [0.955183, -0.004694, -0.29598, 0.020479, -0.294707, 0.07888, -0.952326, 0.415205, 0.027817, 0.996873, 0.073962, 0.683516, 0.0, 0.0, 0.0, 1.0],
                [0.955183, -0.004694, -0.29598, 0.019227, -0.294707, 0.07888, -0.952326, 0.485508, 0.027817, 0.996873, 0.073962, 0.654593, 0.0, 0.0, 0.0, 1.0],
                [0.955183, -0.004694, -0.29598, 0.019227, -0.294707, 0.07888, -0.952326, 0.485508, 0.027817, 0.996873, 0.073962, 0.654593, 0.0, 0.0, 0.0, 1.0]
            ]
        },
        {
            "name": "Thigh_R",
            "time": [0.0, 0.3333, 0.45, 0.6167, 0.8667, 1.1],
            "transform": [
                [0.933597, 0.23879, 0.267161, 0.124994, -0.034178, -0.682841, 0.729766, -0.002831, 0.35669, -0.690437, -0.629339, -1.2e-05, 0.0, 0.0, 0.0, 1.0],
                [0.851257, 0.451646, 0.267161, 0.124994, 0.127364, -0.671728, 0.729766, -0.002831, 0.509056, -0.587191, -0.629339, -1.2e-05, 0.0, 0.0, 0.0, 1.0],
                [0.932171, 0.162067, 0.323716, 0.124994, 0.062704, -0.952959, 0.296536, -0.002831, 0.356547, -0.256123, -0.898485, -1.2e-05, 0.0, 0.0, 0.0, 1.0],
                [0.972548, -0.017519, 0.232041, 0.124994, 0.05557, -0.950826, -0.304693, -0.002831, 0.225969, 0.309222, -0.923753, -1.2e-05, 0.0, 0.0, 0.0, 1.0],
                [0.957843, 0.060916, 0.280758, 0.124994, 0.181149, -0.886566, -0.425654, -0.002831, 0.222981, 0.458568, -0.860229, -1.2e-05, 0.0, 0.0, 0.0, 1.0],
                [0.957843, 0.060916, 0.280758, 0.124994, 0.181149, -0.886566, -0.425654, -0.002831, 0.222981, 0.458568, -0.860229, -1.2e-05, 0.0, 0.0, 0.0, 1.0]
            ]
        },
        {
            "name": "Leg_R",
            "time": [0.0, 0.3333, 0.8667, 1.1],
            "transform": [
                [1.0, -1e-06, 2e-06, -0.0, -0.0, 0.847124, 0.531395, 0.37472, -2e-06, -0.531396, 0.847123, -0.0, 0.0, 0.0, 0.0, 1.0],
                [1.0, -0.0, 2e-06, 0.0, -0.0, 0.958578, 0.284831, 0.37472, -2e-06, -0.284831, 0.958577, -0.0, 0.0, 0.0, 0.0, 1.0],
                [1.0, -0.0, 2e-06, 0.0, -0.0, 0.958578, 0.284831, 0.37472, -2e-06, -0.284831, 0.958577, -0.0, 0.0, 0.0, 0.0, 1.0],
                [1.0, -0.0, 2e-06, 0.0, -0.0, 0.958578, 0.284831, 0.37472, -2e-06, -0.284831, 0.958577, -0.0, 0.0, 0.0, 0.0, 1.0]
            ]
        },
        {
            "name": "Knee_R",
            "time": [0.0, 0.3333, 0.8667, 1.1],
            "transform": [
                [1.0, 0.0, -0.0, -0.0, -0.0, 1e-06, -1.0, 0.37472, -0.0, 1.0, 1e-06, -0.0, 0.0, 0.0, 0.0, 1.0],
                [1.0, 0.0, -0.0, 0.0, -0.0, 1e-06, -1.0, 0.37472, -0.0, 1.0, 1e-06, -0.0, 0.0, 0.0, 0.0, 1.0],
                [1.0, 0.0, -0.0, 0.0, -0.0, 1e-06, -1.0, 0.37472, -0.0, 1.0, 1e-06, -0.0, 0.0, 0.0, 0.0, 1.0],
                [1.0, 0.0, -0.0, 0.0, -0.0, 1e-06, -1.0, 0.37472, -0.0, 1.0, 1e-06, -0.0, 0.0, 0.0, 0.0, 1.0]
            ]
        },
        {
            "name": "Thigh_L",
            "time": [0.0, 0.3333, 0.45, 0.6167, 0.8667, 1.1],
            "transform": [
                [0.963835, -0.209415, 0.164824, -0.125006, -0.103358, -0.863811, -0.493101, -0.002831, 0.245639, 0.458233, -0.854215, -1.2e-05, 0.0, 0.0, 0.0, 1.0],
                [0.808626, -0.235327, 0.539206, -0.125006, -0.044608, -0.938403, -0.342652, -0.002831, 0.586628, 0.253025, -0.769315, -1.2e-05, 0.0, 0.0, 0.0, 1.0],
                [0.922162, 0.127024, 0.365352, -0.125006, -0.128139, -0.790883, 0.598401, -0.002831, 0.364962, -0.598639, -0.713046, -1.2e-05, 0.0, 0.0, 0.0, 1.0],
                [0.996331, -0.003712, 0.085491, -0.125006, -0.056199, -0.781778, 0.621019, -0.002831, 0.06453, -0.623545, -0.779119, -1.2e-05, 0.0, 0.0, 0.0, 1.0],
                [0.992559, -0.048182, 0.11182, -0.125006, -0.111997, -0.721575, 0.683217, -0.002831, 0.047768, -0.690657, -0.721603, -1.2e-05, 0.0, 0.0, 0.0, 1.0],
                [0.992559, -0.048182, 0.11182, -0.125006, -0.111997, -0.721575, 0.683217, -0.002831, 0.047768, -0.690657, -0.721603, -1.2e-05, 0.0, 0.0, 0.0, 1.0]
            ]
        },
        {
            "name": "Leg_L",
            "time": [0.0, 0.3333, 0.45, 0.6167, 0.8667, 1.1],
            "transform": [
                [1.0, -0.0, 1e-06, 0.0, 0.0, 0.985637, 0.168874, 0.37472, -1e-06, -0.168874, 0.985638, -0.0, 0.0, 0.0, 0.0, 1.0],
                [1.0, -0.0, 1e-06, 0.0, 0.0, 0.985637, 0.168874, 0.37472, -1e-06, -0.168874, 0.985638, -0.0, 0.0, 0.0, 0.0, 1.0],
                [1.0, -1e-06, 0.0, -0.0, 0.0, 0.23892, 0.971039, 0.37472, -1e-06, -0.971039, 0.23892, 0.0, 0.0, 0.0, 0.0, 1.0],
                [1.0, -0.0, 1e-06, -0.0, 0.0, 0.92916, 0.369677, 0.37472, -1e-06, -0.369676, 0.929161, 0.0, 0.0, 0.0, 0.0, 1.0],
                [1.0, -0.0, 1e-06, -0.0, 0.0, 0.92916, 0.369677, 0.37472, -1e-06, -0.369676, 0.929161, 0.0, 0.0, 0.0, 0.0, 1.0],
                [1.0, -0.0, 1e-06, -0.0, 0.0, 0.92916, 0.369677, 0.37472, -1e-06, -0.369676, 0.929161, 0.0, 0.0, 0.0, 0.0, 1.0]
            ]
        },
        {
            "name": "Knee_L",
            "time": [0.0, 0.3333, 0.45, 0.8667, 1.1],
            "transform": [
                [1.0, 0.0, -0.0, 0.0, -0.0, 1e-06, -1.0, 0.37472, -0.0, 1.0, 1e-06, -0.0, 0.0, 0.0, 0.0, 1.0],
                [1.0, 0.0, -0.0, 0.0, -0.0, 1e-06, -1.0, 0.37472, -0.0, 1.0, 1e-06, -0.0, 0.0, 0.0, 0.0, 1.0],
                [1.0, 0.0, -0.0, -0.0, -0.0, 0.33299, -0.94293, 0.37472, -0.0, 0.942931, 0.33299, 0.0, 0.0, 0.0, 0.0, 1.0],
                [1.0, 0.0, -0.0, -0.0, -0.0, 0.33299, -0.94293, 0.37472, -0.0, 0.94293, 0.332989, 0.0, 0.0, 0.0, 0.0, 1.0],
                [1.0, 0.0, -0.0, -0.0, -0.0, 0.33299, -0.94293, 0.37472, -0.0, 0.94293, 0.332989, 0.0, 0.0, 0.0, 0.0, 1.0]
            ]
        },
        {
            "name": "Torso",
            "time": [0.0, 0.3333, 0.5167, 0.8667, 1.1],
            "transform": [
                [0.975861, 0.0108, 0.218127, 0.0, -0.002643, 0.999287, -0.037655, 0.05, -0.218378, 0.036169, 0.975194, -0.0, 0.0, 0.0, 0.0, 1.0],
                [0.975861, 0.0108, 0.218127, 0.0, -0.002643, 0.999287, -0.037655, 0.05, -0.218378, 0.036169, 0.975194, -0.0, 0.0, 0.0, 0.0, 1.0],
                [0.885481, 0.0108, -0.46455, -0.0, -0.026362, 0.999287, -0.027017, 0.05, 0.463927, 0.036169, 0.885135, -0.0, 0.0, 0.0, 0.0, 1.0],
                [0.873169, -0.124413, -0.471271, -0.0, 0.07761, 0.990028, -0.117567, 0.05, 0.481198, 0.06608, 0.874117, -0.0, 0.0, 0.0, 0.0, 1.0],
                [0.873169, -0.124413, -0.471271, -0.0, 0.07761, 0.990028, -0.117567, 0.05, 0.481198, 0.06608, 0.874117, -0.0, 0.0, 0.0, 0.0, 1.0]
            ]
        },
        {
            "name": "Chest",
            "time": [0.0, 0.3333, 0.5, 0.8667, 1.1],
            "transform": [
                [0.701401, -0.122288, 0.702198, 0.0, -0.379785, 0.769554, 0.513372, 0.3, -0.603159, -0.626763, 0.493323, -0.0, 0.0, 0.0, 0.0, 1.0],
                [0.983382, 0.043441, 0.176275, -0.0, -0.128564, 0.852184, 0.507201, 0.3, -0.128186, -0.521435, 0.843608, -0.0, 0.0, 0.0, 0.0, 1.0],
                [0.999812, 0.018531, -0.005645, 0.0, -0.016535, 0.96818, 0.249709, 0.3, 0.010093, -0.249568, 0.968305, -0.0, 0.0, 0.0, 0.0, 1.0],
                [0.93226, 0.356321, 0.062658, 0.0, -0.360133, 0.897424, 0.254823, 0.3, 0.034568, -0.260127, 0.964956, 0.0, 0.0, 0.0, 0.0, 1.0],
                [0.93226, 0.356321, 0.062658, 0.0, -0.360133, 0.897424, 0.254823, 0.3, 0.034568, -0.260127, 0.964956, 0.0, 0.0, 0.0, 0.0, 1.0]
            ]
        },
        {
            "name": "Head",
            "time": [0.0, 0.3333, 0.6167, 0.8667, 1.1],
            "transform": [
                [0.277869, 0.000135, -0.960619, -0.0, -0.313214, 0.945364, -0.090468, 0.4, 0.908122, 0.326017, 0.26273, 0.0, 0.0, 0.0, 0.0, 1.0],
                [0.277869, 0.000135, -0.960619, -0.0, -0.313214, 0.945364, -0.090468, 0.4, 0.908122, 0.326017, 0.26273, 0.0, 0.0, 0.0, 0.0, 1.0],
                [0.688525, -0.012587, 0.725103, 0.0, 0.057302, 0.997668, -0.037092, 0.4, -0.722945, 0.067089, 0.68764, -0.0, 0.0, 0.0, 0.0, 1.0],
                [0.663501, -0.287728, 0.690637, 0.0, 0.304972, 0.946935, 0.101515, 0.4, -0.683198, 0.14327, 0.716041, 0.0, 0.0, 0.0, 0.0, 1.0],
                [0.663501, -0.287728, 0.690637, 0.0, 0.304972, 0.946935, 0.101515, 0.4, -0.683198, 0.14327, 0.716041, 0.0, 0.0, 0.0, 0.0, 1.0]
            ]
        },
        {
            "name": "Shoulder_R",
            "time": [0.0, 0.3333, 0.6167, 0.8667, 1.1],
            "transform": [
                [0.460879, 0.834704, 0.301428, -0.0, -0.123982, -0.275761, 0.953197, 0.4, 0.87876, -0.47668, -0.023605, 0.0, 0.0, 0.0, 0.0, 1.0],
                [0.460879, 0.834704, 0.301428, -0.0, -0.123982, -0.275761, 0.953197, 0.4, 0.87876, -0.47668, -0.023605, 0.0, 0.0, 0.0, 0.0, 1.0],
                [-0.17331, 0.937606, 0.301428, 0.0, 0.079115, -0.291816, 0.953197, 0.4, 0.981684, 0.189046, -0.023605, -0.0, 0.0, 0.0, 0.0, 1.0],
                [-0.17331, 0.937606, 0.301428, 0.0, 0.079115, -0.291816, 0.953197, 0.4, 0.981684, 0.189046, -0.023605, 0.0, 0.0, 0.0, 0.0, 1.0],
                [-0.17331, 0.937606, 0.301428, 0.0, 0.079115, -0.291816, 0.953197, 0.4, 0.981684, 0.189046, -0.023605, 0.0, 0.0, 0.0, 0.0, 1.0]
            ]
        },
        {
            "name": "Arm_R",
            "time": [0.0, 0.3333, 0.6167, 0.8667, 1.1],
            "transform": [
                [0.305657, -0.744018, -0.594147, 0.0, 0.675163, -0.270631, 0.686232, 0.393861, -0.671364, -0.610897, 0.419613, 0.0, 0.0, 0.0, 0.0, 1.0],
                [-0.495647, -0.86702, -0.051093, -0.0, -0.389589, 0.274522, -0.879124, 0.393861, 0.776244, -0.41583, -0.473847, -0.0, 0.0, 0.0, 0.0, 1.0],
                [0.083636, 0.151943, -0.984844, 0.0, -0.838438, 0.544845, 0.012856, 0.393861, 0.538541, 0.824656, 0.172963, -0.0, 0.0, 0.0, 0.0, 1.0],
                [0.089684, 0.148453, -0.984844, 0.0, -0.81583, 0.578148, 0.012856, 0.39386, 0.571295, 0.802313, 0.172963, 0.0, 0.0, 0.0, 0.0, 1.0],
                [0.089684, 0.148453, -0.984844, 0.0, -0.81583, 0.578148, 0.012856, 0.39386, 0.571295, 0.802313, 0.172963, 0.0, 0.0, 0.0, 0.0, 1.0]
            ]
        },
        {
            "name": "Hand_R",
            "time": [0.0, 0.3333, 0.6167, 0.8667, 1.1],
            "transform": [
                [0.999985, 0.002675, 0.004864, -0.0, -0.00125, 0.96224, -0.2722, 0.3, -0.005409, 0.27219, 0.962228, -0.0, 0.0, 0.0, 0.0, 1.0],
                [0.999985, 0.002675, 0.004864, 0.0, -0.00125, 0.96224, -0.2722, 0.3, -0.005409, 0.27219, 0.962228, -0.0, 0.0, 0.0, 0.0, 1.0],
                [0.999985, 0.001047, 0.005452, -0.0, -0.00125, 0.999302, 0.037347, 0.3, -0.005409, -0.037354, 0.999288, 0.0, 0.0, 0.0, 0.0, 1.0],
                [0.999985, 0.002955, 0.0047, -0.0, -0.00125, 0.944685, -0.327976, 0.3, -0.005409, 0.327965, 0.944675, -0.0, 0.0, 0.0, 0.0, 1.0],
                [0.999985, 0.002955, 0.0047, -0.0, -0.00125, 0.944685, -0.327976, 0.3, -0.005409, 0.327965, 0.944675, -0.0, 0.0, 0.0, 0.0, 1.0]
            ]
        },
        {
            "name": "Tool_R",
            "time": [0.0, 0.3333, 0.8667, 1.1],
            "transform": [
                [1.0, -0.0, 0.0, 0.0, 0.0, -0.628743, -0.777613, 0.272858, 0.0, 0.777146, -0.628379, 0.0, 0.0, 0.0, 0.0, 1.0],
                [1.0, -0.0, 0.0, 0.0, 0.0, -0.628743, -0.777613, 0.272858, 0.0, 0.777146, -0.628379, 0.0, 0.0, 0.0, 0.0, 1.0],
                [1.0, -0.0, 0.0, -0.0, 0.0, -0.628743, -0.777614, 0.272858, 0.0, 0.777146, -0.628379, -0.0, 0.0, 0.0, 0.0, 1.0],
                [1.0, -0.0, 0.0, -0.0, 0.0, -0.628743, -0.777614, 0.272858, 0.0, 0.777146, -0.628379, -0.0, 0.0, 0.0, 0.0, 1.0]
            ]
        },
        {
            "name": "Elbow_R",
            "time": [0.0, 0.3333, 0.8667, 1.1],
            "transform": [
                [-1.0, 0.0, -0.0, -0.0, -0.0, -0.0, -1.0, 0.3, -0.0, -1.0, 0.0, -0.0, 0.0, 0.0, 0.0, 1.0],
                [-1.0, 0.0, 0.0, 0.0, 0.0, -0.0, -1.0, 0.3, -0.0, -1.0, 0.0, -0.0, 0.0, 0.0, 0.0, 1.0],
                [-1.0, 0.0, -0.0, -0.0, 0.0, -0.0, -1.0, 0.3, -0.0, -1.0, 0.0, -0.0, 0.0, 0.0, 0.0, 1.0],
                [-1.0, 0.0, -0.0, -0.0, 0.0, -0.0, -1.0, 0.3, -0.0, -1.0, 0.0, -0.0, 0.0, 0.0, 0.0, 1.0]
            ]
        },
        {
            "name": "Shoulder_L",
            "time": [0.0, 0.3333, 0.6167, 0.8667, 1.1],
            "transform": [
                [-0.027182, -0.953182, -0.301172, -0.0, -0.040545, -0.299984, 0.953082, 0.4, -0.998808, 0.038117, -0.030493, 0.0, 0.0, 0.0, 0.0, 1.0],
                [-0.027182, -0.953182, -0.301172, -0.0, -0.040545, -0.299984, 0.953082, 0.4, -0.998808, 0.038117, -0.030493, 0.0, 0.0, 0.0, 0.0, 1.0],
                [-0.027182, -0.918897, -0.39356, 0.0, -0.040545, -0.392368, 0.918914, 0.4, -0.998808, 0.040935, -0.026592, -0.0, 0.0, 0.0, 0.0, 1.0],
                [-0.027182, -0.810335, -0.585337, 0.0, -0.040545, -0.584178, 0.810613, 0.4, -0.998808, 0.045766, -0.016976, 0.0, 0.0, 0.0, 0.0, 1.0],
                [-0.027182, -0.810335, -0.585337, 0.0, -0.040545, -0.584178, 0.810613, 0.4, -0.998808, 0.045766, -0.016976, 0.0, 0.0, 0.0, 0.0, 1.0]
            ]
        },
        {
            "name": "Arm_L",
            "time": [0.0, 0.3333, 0.6167, 0.8667, 1.1],
            "transform": [
                [-0.143364, 0.153672, 0.977666, 0.0, 0.263321, 0.958185, -0.111997, 0.39386, -0.953996, 0.241384, -0.177834, -0.0, 0.0, 0.0, 0.0, 1.0],
                [-0.143363, 0.153672, 0.977666, 0.0, 0.263321, 0.958185, -0.111997, 0.39386, -0.953996, 0.241384, -0.177834, 0.0, 0.0, 0.0, 0.0, 1.0],
                [-0.143364, 0.795474, 0.588786, 0.0, 0.263321, 0.604146, -0.75211, 0.39386, -0.953996, 0.047215, -0.296078, -0.0, 0.0, 0.0, 0.0, 1.0],
                [-0.143364, 0.795473, 0.588786, 0.0, 0.263321, 0.604146, -0.75211, 0.39386, -0.953996, 0.047214, -0.296078, 0.0, 0.0, 0.0, 0.0, 1.0],
                [-0.143364, 0.795473, 0.588786, 0.0, 0.263321, 0.604146, -0.75211, 0.39386, -0.953996, 0.047214, -0.296078, 0.0, 0.0, 0.0, 0.0, 1.0]
            ]
        },
        {
            "name": "Hand_L",
            "time": [0.0, 0.3333, 0.8667, 1.1],
            "transform": [
                [0.99932, -0.029144, 0.022602, -0.0, 0.03687, 0.804855, -0.592326, 0.3, -0.000928, 0.592756, 0.805382, -0.0, 0.0, 0.0, 0.0, 1.0],
                [0.99932, -0.029144, 0.022602, -0.0, 0.03687, 0.804855, -0.592326, 0.3, -0.000928, 0.592756, 0.805382, 0.0, 0.0, 0.0, 0.0, 1.0],
                [0.99932, -0.029144, 0.022602, -0.0, 0.03687, 0.804855, -0.592326, 0.3, -0.000929, 0.592756, 0.805382, 0.0, 0.0, 0.0, 0.0, 1.0],
                [0.99932, -0.029144, 0.022602, -0.0, 0.03687, 0.804855, -0.592326, 0.3, -0.000929, 0.592756, 0.805382, 0.0, 0.0, 0.0, 0.0, 1.0]
            ]
        },
        {
            "name": "Tool_L",
            "time": [0.0, 0.3333, 0.8667, 1.1],
            "transform": [
                [1.0, -0.0, 0.0, -0.0, -0.0, -0.999836, 0.018122, 0.272858, 0.0, -0.018122, -0.999247, 0.0, 0.0, 0.0, 0.0, 1.0],
                [1.0, 0.0, 0.0, 0.0, -0.0, -0.999836, 0.018122, 0.272858, 0.0, -0.018122, -0.999247, 0.0, 0.0, 0.0, 0.0, 1.0],
                [1.0, 0.0, 0.0, 0.0, 0.0, -0.999836, 0.018122, 0.272858, 0.0, -0.018122, -0.999248, 0.0, 0.0, 0.0, 0.0, 1.0],
                [1.0, 0.0, 0.0, 0.0, 0.0, -0.999836, 0.018122, 0.272858, 0.0, -0.018122, -0.999248, 0.0, 0.0, 0.0, 0.0, 1.0]
            ]
        },
        {
            "name": "Elbow_L",
            "time": [0.0, 0.3333, 0.8667, 1.1],
            "transform": [
                [-1.0, 0.0, -0.0, -0.0, 0.0, -0.0, -1.0, 0.3, -0.0, -1.0, -0.0, -0.0, 0.0, 0.0, 0.0, 1.0],
                [-1.0, 0.0, -0.0, -0.0, 0.0, -0.0, -1.0, 0.3, -0.0, -1.0, -0.0, 0.0, 0.0, 0.0, 0.0, 1.0],
                [-1.0, 0.0, -0.0, -0.0, 0.0, -0.0, -1.0, 0.3, -0.0, -1.0, -0.0, 0.0, 0.0, 0.0, 0.0, 1.0],
                [-1.0, 0.0, -0.0, -0.0, 0.0, -0.0, -1.0, 0.3, -0.0, -1.0, -0.0, 0.0, 0.0, 0.0, 0.0, 1.0]
            ]
        }
    ]
}