{
    "animation": [
        {
            "name": "Root",
            "time": [0.0, 0.4, 0.6833, 0.8333, 1.0],
            "transform": [
                [0.955183, -0.004694, -0.29598, 0.062931, -0.294707, 0.07888, -0.952326, -0.040387, 0.027817, 0.996873, 0.073962, 0.662735, 0.0, 0.0, 0.0, 1.0],
                [0.674722, -0.141971, 0.724289, 0.105191, 0.730592, -0.010882, -0.682728, 0.444562, 0.104809, 0.989811, 0.09638, 0.77626, 0.0, 0.0, 0.0, 1.0],
                [0.674722, -0.141971, 0.724289, 0.098632, 0.730592, -0.010882, -0.682728, 1.11649, 0.104809, 0.989811, 0.09638, 0.571718, 0.0, 0.0, 0.0, 1.0],
                [0.674722, -0.141971, 0.724289, 0.098632, 0.730592, -0.010882, -0.682728, 1.11649, 0.104809, 0.989811, 0.09638, 0.571718, 0.0, 0.0, 0.0, 1.0],
                [0.674722, -0.141971, 0.724289, 0.122535, 0.730592, -0.010882, -0.682728, 1.191112, 0.104809, 0.989811, 0.09638, 0.577924, 0.0, 0.0, 0.0, 1.0]
            ]
        },
        {
            "name": "Thigh_R",
            "time": [0.0, 0.4, 0.8333, 1.0],
            "transform": [
                [0.957843, 0.060916, 0.280758, 0.124994, 0.181149, -0.886566, -0.425654, -0.002831, 0.222981, 0.458568, -0.860229, -1.2e-05, 0.0, 0.0, 0.0, 1.0],
                [0.700315, 0.530613, 0.477502, 0.124994, -0.020632, -0.653598, 0.756559, -0.002831, 0.713535, -0.53968, -0.446778, -1.2e-05, 0.0, 0.0, 0.0, 1.0],
                [0.678726, 0.524793, 0.513733, 0.124994, -0.085722, -0.638138, 0.765134, -0.002831, 0.72937, -0.563353, -0.388137, -1.2e-05, 0.0, 0.0, 0.0, 1.0],
                [0.678726, 0.524793, 0.513733, 0.124994, -0.085722, -0.638138, 0.765134, -0.002831, 0.72937, -0.563353, -0.388137, -1.2e-05, 0.0, 0.0, 0.0, 1.0]
            ]
        },
        {
            "name": "Leg_R",
            "time": [0.0, 0.4, 0.4833, 0.8333, 1.0],
            "transform": [
                [1.0, -0.0, 2e-06, 0.0, -0.0, 0.958578, 0.284831, 0.37472, -2e-06, -0.284831, 0.958577, 0.0, 0.0, 0.0, 0.0, 1.0],
                [1.0, -0.0, 2e-06, 0.0, -0.0, 0.958578, 0.284831, 0.37472, -2e-06, -0.284831, 0.958577, 0.0, 0.0, 0.0, 0.0, 1.0],
                [1.0, -1e-06, 2e-06, 0.0, -0.0, 0.854553, 0.519364, 0.37472, -2e-06, -0.519365, 0.854552, 0.0, 0.0, 0.0, 0.0, 1.0],
                [1.0, -1e-06, 2e-06, 0.0, -0.0, 0.806502, 0.591232, 0.37472, -2e-06, -0.591232, 0.806501, -0.0, 0.0, 0.0, 0.0, 1.0],
                [1.0, -1e-06, 1e-06, -0.0, -0.0, 0.65521, 0.755446, 0.37472, -2e-06, -0.755447, 0.655209, -0.0, 0.0, 0.0, 0.0, 1.0]
            ]
        },
        {
            "name": "Knee_R",
            "time": [0.0, 0.4, 0.8333, 1.0],
            "transform": [
                [1.0, 0.0, -0.0, 0.0, -0.0, 1e-06, -1.0, 0.37472, -0.0, 1.0, 1e-06, 0.0, 0.0, 0.0, 0.0, 1.0],
                [1.0, 0.0, -0.0, 0.0, -0.0, 1e-06, -1.0, 0.37472, -0.0, 1.0, 1e-06, 0.0, 0.0, 0.0, 0.0, 1.0],
                [1.0, 0.0, -0.0, 0.0, -0.0, 1e-06, -1.0, 0.37472, -0.0, 1.0, 1e-06, -0.0, 0.0, 0.0, 0.0, 1.0],
                [1.0, 0.0, -0.0, -0.0, -0.0, 1e-06, -1.0, 0.37472, -0.0, 1.0, 1e-06, -0.0, 0.0, 0.0, 0.0, 1.0]
            ]
        },
        {
            "name": "Thigh_L",
            "time": [0.0, 0.4, 0.6833, 0.8333, 1.0],
            "transform": [
                [0.992559, -0.048182, 0.11182, -0.125006, -0.111997, -0.721575, 0.683217, -0.002831, 0.047768, -0.690657, -0.721603, -1.2e-05, 0.0, 0.0, 0.0, 1.0],
                [0.855573, -0.057, 0.514533, -0.125006, -0.21665, -0.942118, 0.255882, -0.002831, 0.470165, -0.330399, -0.818401, -1.2e-05, 0.0, 0.0, 0.0, 1.0],
                [0.697319, -0.571558, 0.432511, -0.125006, -0.297132, -0.779646, -0.551238, -0.002831, 0.65227, 0.255877, -0.713491, -1.2e-05, 0.0, 0.0, 0.0, 1.0],
                [0.697319, -0.571558, 0.432511, -0.125006, -0.297132, -0.779646, -0.551238, -0.002831, 0.65227, 0.255877, -0.713491, -1.2e-05, 0.0, 0.0, 0.0, 1.0],
                [0.697319, -0.535023, 0.476964, -0.125006, -0.297132, -0.821351, -0.486923, -0.002831, 0.65227, 0.19782, -0.731717, -1.2e-05, 0.0, 0.0, 0.0, 1.0]
            ]
        },
        {
            "name": "Leg_L",
            "time": [0.0, 0.4, 0.8333, 1.0],
            "transform": [
                [1.0, -0.0, 1e-06, -0.0, 0.0, 0.92916, 0.369677, 0.37472, -1e-06, -0.369676, 0.929161, -0.0, 0.0, 0.0, 0.0, 1.0],
                [1.0, -0.0, 1e-06, 0.0, 0.0, 0.92916, 0.369677, 0.37472, -1e-06, -0.369676, 0.929161, -0.0, 0.0, 0.0, 0.0, 1.0],
                [1.0, -0.0, 1e-06, 0.0, 0.0, 0.92916, 0.369677, 0.37472, -1e-06, -0.369676, 0.929161, 0.0, 0.0, 0.0, 0.0, 1.0],
                [1.0, -0.0, 1e-06, -0.0, 0.0, 0.92916, 0.369677, 0.37472, -1e-06, -0.369676, 0.929161, 0.0, 0.0, 0.0, 0.0, 1.0]
            ]
        },
        {
            "name": "Knee_L",
            "time": [0.0, 0.4, 0.8333, 1.0],
            "transform": [
                [1.0, 0.0, -0.0, -0.0, -0.0, 0.33299, -0.942931, 0.37472, -0.0, 0.94293, 0.33299, -0.0, 0.0, 0.0, 0.0, 1.0],
                [1.0, 0.0, -0.0, 0.0, -0.0, 0.33299, -0.942931, 0.37472, -0.0, 0.942931, 0.33299, -0.0, 0.0, 0.0, 0.0, 1.0],
                [1.0, 0.0, -0.0, 0.0, -0.0, 0.33299, -0.942931, 0.37472, -0.0, 0.942931, 0.33299, 0.0, 0.0, 0.0, 0.0, 1.0],
                [1.0, 0.0, -0.0, -0.0, -0.0, 0.33299, -0.942931, 0.37472, -0.0, 0.942931, 0.33299, 0.0, 0.0, 0.0, 0.0, 1.0]
            ]
        },
        {
            "name": "Torso",
            "time": [0.0, 0.4, 0.6833, 0.8333, 1.0],
            "transform": [
                [0.885481, 0.0108, -0.464549, -0.0, -0.026362, 0.999287, -0.027017, 0.05, 0.463927, 0.036169, 0.885135, -0.0, 0.0, 0.0, 0.0, 1.0],
                [0.885481, 0.0108, -0.46455, 0.0, -0.026362, 0.999287, -0.027017, 0.05, 0.463927, 0.036169, 0.885135, 0.0, 0.0, 0.0, 0.0, 1.0],
                [0.885481, 0.321752, -0.335259, 0.0, -0.026362, 0.755112, 0.655065, 0.05, 0.463927, -0.57121, 0.67712, 0.0, 0.0, 0.0, 0.0, 1.0],
                [0.885481, 0.321752, -0.335259, 0.0, -0.026362, 0.755112, 0.655065, 0.05, 0.463927, -0.57121, 0.67712, 0.0, 0.0, 0.0, 0.0, 1.0],
                [0.885481, 0.321752, -0.335259, 0.0, -0.026362, 0.755112, 0.655065, 0.05, 0.463927, -0.57121, 0.67712, 0.0, 0.0, 0.0, 0.0, 1.0]
            ]
        },
        {
            "name": "Chest",
            "time": [0.0, 0.4, 0.6833, 0.8333, 1.0],
            "transform": [
                [0.976071, 0.217379, -0.005645, -0.0, -0.20912, 0.94547, 0.249709, 0.3, 0.059619, -0.242553, 0.968305, -0.0, 0.0, 0.0, 0.0, 1.0],
                [0.950333, -0.11931, 0.287459, 0.0, 0.12652, 0.991942, -0.006566, 0.3, -0.284359, 0.042609, 0.957771, 0.0, 0.0, 0.0, 0.0, 1.0],
                [0.409486, 0.299345, 0.861809, 0.0, -0.529443, 0.847268, -0.042731, 0.3, -0.742974, -0.438781, 0.505431, -0.0, 0.0, 0.0, 0.0, 1.0],
                [0.409486, 0.299345, 0.861809, 0.0, -0.529443, 0.847268, -0.042731, 0.3, -0.742974, -0.438781, 0.505431, -0.0, 0.0, 0.0, 0.0, 1.0],
                [0.44534, 0.309377, 0.840213, -0.0, -0.481077, 0.874124, -0.066877, 0.3, -0.75514, -0.374424, 0.538117, -0.0, 0.0, 0.0, 0.0, 1.0]
            ]
        },
        {
            "name": "Head",
            "time": [0.0, 0.4, 0.6833, 0.8333, 1.0],
            "transform": [
                [0.680002, -0.18999, 0.708167, -0.0, 0.196227, 0.97777, 0.073897, 0.4, -0.706464, 0.088711, 0.702167, 0.0, 0.0, 0.0, 0.0, 1.0],
                [0.965461, -0.18999, -0.178291, 0.0, 0.169658, 0.97777, -0.123215, 0.4, 0.197738, 0.088711, 0.976232, 0.0, 0.0, 0.0, 0.0, 1.0],
                [0.958333, -0.18999, -0.21331, -0.0, 0.165061, 0.97777, -0.129308, 0.4, 0.233135, 0.088711, 0.968389, 0.0, 0.0, 0.0, 0.0, 1.0],
                [0.958333, -0.18999, -0.21331, -0.0, 0.165061, 0.97777, -0.129308, 0.4, 0.233135, 0.088711, 0.968389, 0.0, 0.0, 0.0, 0.0, 1.0],
                [0.749614, -0.18999, -0.634021, 0.0, 0.086117, 0.97777, -0.19118, 0.4, 0.656249, 0.088711, 0.749311, 0.0, 0.0, 0.0, 0.0, 1.0]
            ]
        },
        {
            "name": "Shoulder_R",
            "time": [0.0, 0.4, 0.6833, 0.8333, 1.0],
            "transform": [
                [-0.17331, 0.937606, 0.301428, -0.0, 0.079115, -0.291816, 0.953197, 0.4, 0.981684, 0.189046, -0.023605, 0.0, 0.0, 0.0, 0.0, 1.0],
                [-0.17331, 0.984158, 0.03737, 0.0, 0.079115, -0.02391, 0.996579, 0.4, 0.981684, 0.175673, -0.073718, 0.0, 0.0, 0.0, 0.0, 1.0],
                [-0.074451, 0.996524, 0.03737, -0.0, 0.076341, -0.031669, 0.996579, 0.4, 0.994298, 0.077049, -0.073718, 0.0, 0.0, 0.0, 0.0, 1.0],
                [-0.074451, 0.996524, 0.03737, -0.0, 0.076341, -0.031669, 0.996579, 0.4, 0.994298, 0.077049, -0.073718, 0.0, 0.0, 0.0, 0.0, 1.0],
                [-0.074451, 0.996524, 0.03737, 0.0, 0.076341, -0.031669, 0.996579, 0.4, 0.994298, 0.07705, -0.073718, 0.0, 0.0, 0.0, 0.0, 1.0]
            ]
        },
        {
            "name": "Arm_R",
            "time": [0.0, 0.1, 0.4, 0.6833, 0.8333, 1.0],
            "transform": [
                [0.141591, 0.100169, -0.984844, 0.0, -0.516355, 0.856279, 0.012856, 0.39386, 0.84459, 0.506709, 0.172963, -0.0, 0.0, 0.0, 0.0, 1.0],
                [0.984658, 0.042871, 0.169153, 0.0, 0.11935, 0.541723, -0.832041, 0.39386, -0.127304, 0.839464, 0.528295, -0.0, 0.0, 0.0, 0.0, 1.0],
                [0.32853, -0.241547, 0.913085, 0.0, 0.936382, 0.209729, -0.281431, 0.393861, -0.123522, 0.947455, 0.295082, -0.0, 0.0, 0.0, 0.0, 1.0],
                [0.874165, -0.442112, 0.200929, -0.0, 0.483343, 0.832185, -0.271752, 0.39386, -0.047066, 0.334674, 0.941158, 0.0, 0.0, 0.0, 0.0, 1.0],
                [0.874165, -0.429165, 0.227274, -0.0, 0.483343, 0.814245, -0.321535, 0.39386, -0.047066, 0.390927, 0.919218, 0.0, 0.0, 0.0, 0.0, 1.0],
                [0.870608, -0.461238, 0.171178, 0.0, 0.489765, 0.845506, -0.212724, 0.39386, -0.046615, 0.269036, 0.962001, -0.0, 0.0, 0.0, 0.0, 1.0]
            ]
        },
        {
            "name": "Hand_R",
            "time": [0.0, 0.4, 0.6833, 0.8333, 1.0],
            "transform": [
                [0.999985, 0.002955, 0.0047, -0.0, -0.00125, 0.944686, -0.327976, 0.3, -0.005409, 0.327965, 0.944674, -0.0, 0.0, 0.0, 0.0, 1.0],
                [0.999985, 0.00355, 0.004268, 0.0, -0.00125, 0.893075, -0.449906, 0.3, -0.005409, 0.449894, 0.893066, 0.0, 0.0, 0.0, 0.0, 1.0],
                [0.999985, 0.000842, 0.005487, -0.0, -0.00125, 0.997196, 0.074829, 0.3, -0.005409, -0.074834, 0.997181, -0.0, 0.0, 0.0, 0.0, 1.0],
                [0.999985, 0.001468, 0.005354, -0.0, -0.00125, 0.99918, -0.040475, 0.3, -0.005409, 0.040467, 0.999166, -0.0, 0.0, 0.0, 0.0, 1.0],
                [0.99994, 0.010864, 0.001305, -0.0, -0.010313, 0.975593, -0.219345, 0.3, -0.003656, 0.219318, 0.975646, -0.0, 0.0, 0.0, 0.0, 1.0]
            ]
        },
        {
            "name": "Tool_R",
            "time": [0.0, 0.4, 0.6833, 0.8333, 1.0],
            "transform": [
                [1.0, -0.0, 0.0, -0.0, 0.0, -0.628743, -0.777625, 0.272858, 0.0, 0.777147, -0.628388, -0.0, 0.0, 0.0, 0.0, 1.0],
                [1.0, 0.0, 0.0, 0.0, 0.0, -0.993369, 0.11498, 0.272858, 0.0, -0.114921, -0.992794, -0.0, 0.0, 0.0, 0.0, 1.0],
                [1.0, 0.0, 0.0, 0.0, 0.0, -0.76067, -0.649149, 0.272858, 0.0, 0.648746, -0.760238, -0.0, 0.0, 0.0, 0.0, 1.0],
                [1.0, 0.0, 0.0, -0.0, 0.0, -0.76067, -0.649149, 0.272858, 0.0, 0.648746, -0.760238, -0.0, 0.0, 0.0, 0.0, 1.0],
                [1.0, 0.0, 0.0, -0.0, 0.0, -0.76067, -0.649149, 0.272858, 0.0, 0.648746, -0.760238, 0.0, 0.0, 0.0, 0.0, 1.0]
            ]
        },
        {
            "name": "Elbow_R",
            "time": [0.0, 0.4, 0.8333, 1.0],
            "transform": [
                [-1.0, 0.0, -0.0, -0.0, 0.0, -0.0, -1.0, 0.3, -0.0, -1.0, 0.0, -0.0, 0.0, 0.0, 0.0, 1.0],
                [-1.0, 0.0, -0.0, 0.0, 0.0, -0.0, -1.0, 0.3, -0.0, -1.0, 0.0, 0.0, 0.0, 0.0, 0.0, 1.0],
                [-1.0, 0.0, -0.0, -0.0, 0.0, 0.0, -1.0, 0.3, -0.0, -1.0, 0.0, -0.0, 0.0, 0.0, 0.0, 1.0],
                [-1.0, 0.0, -0.0, -0.0, 0.0, 0.0, -1.0, 0.3, -0.0, -1.0, 0.0, -0.0, 0.0, 0.0, 0.0, 1.0]
            ]
        },
        {
            "name": "Shoulder_L",
            "time": [0.0, 0.4, 0.8333, 1.0],
            "transform": [
                [-0.027182, -0.810334, -0.585337, -0.0, -0.040545, -0.584177, 0.810612, 0.4, -0.998807, 0.045766, -0.016976, 0.0, 0.0, 0.0, 0.0, 1.0],
                [-0.0911, -0.805656, -0.585337, 0.0, -0.086558, -0.57915, 0.810613, 0.4, -0.992072, 0.124512, -0.016976, 0.0, 0.0, 0.0, 0.0, 1.0],
                [-0.091099, -0.805656, -0.585337, -0.0, -0.086558, -0.57915, 0.810612, 0.4, -0.992072, 0.124512, -0.016976, 0.0, 0.0, 0.0, 0.0, 1.0],
                [-0.0911, -0.805656, -0.585337, 0.0, -0.086558, -0.57915, 0.810613, 0.4, -0.992072, 0.124512, -0.016976, 0.0, 0.0, 0.0, 0.0, 1.0]
            ]
        },
        {
            "name": "Arm_L",
            "time": [0.0, 0.4, 0.8333, 1.0],
            "transform": [
                [-0.143364, 0.795473, 0.588786, 0.0, 0.263321, 0.604146, -0.75211, 0.39386, -0.953996, 0.047215, -0.296078, -0.0, 0.0, 0.0, 0.0, 1.0],
                [-0.143364, 0.061602, 0.987751, 0.0, 0.263321, 0.964459, -0.02193, 0.39386, -0.953996, 0.256952, -0.154489, 0.0, 0.0, 0.0, 0.0, 1.0],
                [-0.143364, 0.061602, 0.987751, -0.0, 0.263321, 0.964459, -0.02193, 0.39386, -0.953996, 0.256952, -0.154489, -0.0, 0.0, 0.0, 0.0, 1.0],
                [-0.139005, 0.070891, 0.987751, -0.0, 0.326138, 0.945067, -0.02193, 0.39386, -0.935046, 0.319095, -0.154489, -0.0, 0.0, 0.0, 0.0, 1.0]
            ]
        },
        {
            "name": "Hand_L",
            "time": [0.0, 0.4, 0.8333, 1.0],
            "transform": [
                [0.99932, -0.029144, 0.022602, 0.0, 0.03687, 0.804855, -0.592326, 0.3, -0.000929, 0.592756, 0.805382, 0.0, 0.0, 0.0, 0.0, 1.0],
                [0.99932, -0.029144, 0.022602, -0.0, 0.03687, 0.804855, -0.592325, 0.3, -0.000928, 0.592756, 0.805382, -0.0, 0.0, 0.0, 0.0, 1.0],
                [0.99932, -0.029144, 0.022602, -0.0, 0.03687, 0.804855, -0.592326, 0.3, -0.000928, 0.592756, 0.805382, 0.0, 0.0, 0.0, 0.0, 1.0],
                [0.99932, -0.02246, 0.029254, -0.0, 0.03687, 0.628339, -0.777066, 0.3, -0.000929, 0.777616, 0.628739, -0.0, 0.0, 0.0, 0.0, 1.0]
            ]
        },
        {
            "name": "Tool_L",
            "time": [0.0, 0.4, 0.8333, 1.0],
            "transform": [
                [1.0, 0.0, 0.0, -0.0, 0.0, -0.999836, 0.018123, 0.272858, 0.0, -0.018122, -0.999267, 0.0, 0.0, 0.0, 0.0, 1.0],
                [1.0, 0.0, 0.0, -0.0, 0.0, -0.999836, 0.018123, 0.272858, 0.0, -0.018122, -0.999267, 0.0, 0.0, 0.0, 0.0, 1.0],
                [1.0, 0.0, 0.0, -0.0, 0.0, -0.999836, 0.018123, 0.272858, 0.0, -0.018122, -0.999267, 0.0, 0.0, 0.0, 0.0, 1.0],
                [1.0, 0.0, 0.0, 0.0, 0.0, -0.999836, 0.018123, 0.272858, 0.0, -0.018122, -0.999267, -0.0, 0.0, 0.0, 0.0, 1.0]
            ]
        },
        {
            "name": "Elbow_L",
            "time": [0.0, 0.4, 0.8333, 1.0],
            "transform": [
                [-1.0, 0.0, -0.0, 0.0, 0.0, -0.0, -1.0, 0.3, -0.0, -1.0, -0.0, 0.0, 0.0, 0.0, 0.0, 1.0],
                [-1.0, 0.0, -0.0, -0.0, 0.0, -0.0, -1.0, 0.3, -0.0, -1.0, -0.0, -0.0, 0.0, 0.0, 0.0, 1.0],
                [-1.0, 0.0, 0.0, -0.0, 0.0, -0.0, -1.0, 0.3, -0.0, -1.0, 0.0, 0.0, 0.0, 0.0, 0.0, 1.0],
                [-1.0, 0.0, -0.0, -0.0, 0.0, -0.0, -1.0, 0.3, -0.0, -1.0, -0.0, -0.0, 0.0, 0.0, 0.0, 1.0]
            ]
        }
    ]
}