{
    
    "animation": [
        {
            "name": "Root",
            "time": [0.0, 0.3167, 1.1167, 1.2667, 1.65],
            "transform": [
                [0.834853, 0.0, -0.550472, -5e-06, -0.550472, 0.0, -0.834853, 0.000946, 0.0, 1.0, 0.0, 0.755725, 0.0, 0.0, 0.0, 1.0],
                [0.834853, 0.0, -0.550472, -5e-06, -0.550472, 0.0, -0.834853, 0.000946, 0.0, 1.0, 0.0, 0.755725, 0.0, 0.0, 0.0, 1.0],
                [0.962132, -0.004694, 0.272545, -0.02711, 0.272055, 0.07888, -0.959043, 0.622552, -0.016997, 0.996873, 0.07717, 0.719198, 0.0, 0.0, 0.0, 1.0],
                [0.962132, -0.004694, 0.272545, 0.015032, 0.272055, 0.07888, -0.959043, 0.684845, -0.016997, 0.996873, 0.07717, 0.664923, 0.0, 0.0, 0.0, 1.0],
                [0.962132, -0.004694, 0.272545, 0.015032, 0.272055, 0.07888, -0.959043, 0.684845, -0.016997, 0.996873, 0.07717, 0.664923, 0.0, 0.0, 0.0, 1.0]
            ]
        },
        {
            "name": "Thigh_R",
            "time": [0.0, 0.3167, 0.5167, 1.1167, 1.2667, 1.65],
            "transform": [
                [0.996122, 0.062436, -0.061977, 0.124994, 0.068868, -0.99179, 0.107731, -0.002831, -0.054742, -0.11158, -0.992247, -1.2e-05, 0.0, 0.0, 0.0, 1.0],
                [0.945744, 0.1058, -0.307203, 0.124994, -0.009612, -0.935971, -0.35194, -0.002831, -0.324769, 0.335798, -0.884175, -1.2e-05, 0.0, 0.0, 0.0, 1.0],
                [0.993058, 0.105875, 0.051238, 0.124994, 0.054839, -0.802123, 0.594633, -0.002831, 0.104057, -0.587694, -0.802364, -1.2e-05, 0.0, 0.0, 0.0, 1.0],
                [0.933597, 0.190975, 0.303191, 0.124994, -0.034178, -0.794815, 0.605887, -0.002831, 0.35669, -0.576015, -0.735512, -1.2e-05, 0.0, 0.0, 0.0, 1.0],
                [0.933597, 0.23879, 0.267161, 0.124994, -0.034178, -0.682841, 0.729766, -0.002831, 0.35669, -0.690437, -0.629339, -1.2e-05, 0.0, 0.0, 0.0, 1.0],
                [0.933597, 0.23879, 0.267161, 0.124994, -0.034178, -0.682841, 0.729766, -0.002831, 0.35669, -0.690437, -0.629339, -1.2e-05, 0.0, 0.0, 0.0, 1.0]
            ]
        },
        {
            "name": "Leg_R",
            "time": [0.0, 0.3167, 0.5167, 1.1167, 1.2667, 1.65],
            "transform": [
                [1.0, -0.0, 2e-06, -0.0, -0.0, 0.987268, 0.15907, 0.37472, -2e-06, -0.15907, 0.987267, 0.0, 0.0, 0.0, 0.0, 1.0],
                [1.0, -0.0, 2e-06, 0.0, -0.0, 0.987268, 0.15907, 0.37472, -2e-06, -0.15907, 0.987267, -0.0, 0.0, 0.0, 0.0, 1.0],
                [1.0, -2e-06, 1e-06, 0.0, -0.0, 0.188805, 0.982014, 0.37472, -2e-06, -0.982015, 0.188805, 0.0, 0.0, 0.0, 0.0, 1.0],
                [1.0, -1e-06, 2e-06, -0.0, -0.0, 0.847124, 0.531395, 0.37472, -2e-06, -0.531396, 0.847123, 0.0, 0.0, 0.0, 0.0, 1.0],
                [1.0, -1e-06, 2e-06, -0.0, -0.0, 0.847124, 0.531395, 0.37472, -2e-06, -0.531396, 0.847123, 0.0, 0.0, 0.0, 0.0, 1.0],
                [1.0, -1e-06, 2e-06, -0.0, -0.0, 0.847124, 0.531395, 0.37472, -2e-06, -0.531396, 0.847123, 0.0, 0.0, 0.0, 0.0, 1.0]
            ]
        },
        {
            "name": "Knee_R",
            "time": [0.0, 0.3167, 1.2667, 1.65],
            "transform": [
                [1.0, 0.0, -0.0, -0.0, -0.0, 1e-06, -1.0, 0.37472, 0.0, 1.0, 1e-06, 0.0, 0.0, 0.0, 0.0, 1.0],
                [1.0, 0.0, -0.0, 0.0, -0.0, 1e-06, -1.0, 0.37472, -0.0, 1.0, 1e-06, -0.0, 0.0, 0.0, 0.0, 1.0],
                [1.0, 0.0, -0.0, -0.0, -0.0, 1e-06, -1.0, 0.37472, -0.0, 1.0, 1e-06, 0.0, 0.0, 0.0, 0.0, 1.0],
                [1.0, 0.0, -0.0, -0.0, -0.0, 1e-06, -1.0, 0.37472, -0.0, 1.0, 1e-06, 0.0, 0.0, 0.0, 0.0, 1.0]
            ]
        },
        {
            "name": "Thigh_L",
            "time": [0.0, 0.3167, 1.1167, 1.2667, 1.65],
            "transform": [
                [0.866588, -0.188811, -0.461924, -0.125006, -0.027838, -0.942508, 0.333022, -0.002831, -0.498245, -0.275734, -0.822023, -1.2e-05, 0.0, 0.0, 0.0, 1.0],
                [0.866588, -0.246609, -0.433829, -0.125006, -0.027838, -0.891895, 0.451385, -0.002831, -0.498245, -0.379088, -0.779771, -1.2e-05, 0.0, 0.0, 0.0, 1.0],
                [0.963835, -0.169506, 0.205643, -0.125006, -0.103358, -0.949012, -0.297815, -0.002831, 0.245639, 0.26579, -0.93221, -1.2e-05, 0.0, 0.0, 0.0, 1.0],
                [0.963835, -0.209415, 0.164824, -0.125006, -0.103358, -0.863811, -0.493101, -0.002831, 0.245639, 0.458233, -0.854215, -1.2e-05, 0.0, 0.0, 0.0, 1.0],
                [0.963835, -0.209415, 0.164824, -0.125006, -0.103358, -0.863811, -0.493101, -0.002831, 0.245639, 0.458233, -0.854215, -1.2e-05, 0.0, 0.0, 0.0, 1.0]
            ]
        },
        {
            "name": "Leg_L",
            "time": [0.0, 0.3167, 1.1167, 1.2667, 1.65],
            "transform": [
                [1.0, -0.0, 1e-06, -0.0, 0.0, 0.978347, 0.206971, 0.37472, -1e-06, -0.206971, 0.978347, 0.0, 0.0, 0.0, 0.0, 1.0],
                [1.0, -1e-06, 0.0, -0.0, 0.0, 0.799589, 0.600548, 0.37472, -1e-06, -0.600547, 0.799589, -0.0, 0.0, 0.0, 0.0, 1.0],
                [1.0, -0.0, 1e-06, 0.0, 0.0, 0.985637, 0.168874, 0.37472, -1e-06, -0.168874, 0.985638, -0.0, 0.0, 0.0, 0.0, 1.0],
                [1.0, -0.0, 1e-06, 0.0, 0.0, 0.985637, 0.168874, 0.37472, -1e-06, -0.168874, 0.985638, -0.0, 0.0, 0.0, 0.0, 1.0],
                [1.0, -0.0, 1e-06, 0.0, 0.0, 0.985637, 0.168874, 0.37472, -1e-06, -0.168874, 0.985638, -0.0, 0.0, 0.0, 0.0, 1.0]
            ]
        },
        {
            "name": "Knee_L",
            "time": [0.0, 0.3167, 1.2667, 1.65],
            "transform": [
                [1.0, 0.0, -0.0, -0.0, -0.0, 1e-06, -1.0, 0.37472, -0.0, 1.0, 1e-06, 0.0, 0.0, 0.0, 0.0, 1.0],
                [1.0, 0.0, -0.0, -0.0, -0.0, 1e-06, -1.0, 0.37472, -0.0, 1.0, 1e-06, -0.0, 0.0, 0.0, 0.0, 1.0],
                [1.0, 0.0, -0.0, 0.0, -0.0, 1e-06, -1.0, 0.37472, -0.0, 1.0, 1e-06, -0.0, 0.0, 0.0, 0.0, 1.0],
                [1.0, 0.0, -0.0, 0.0, -0.0, 1e-06, -1.0, 0.37472, -0.0, 1.0, 1e-06, -0.0, 0.0, 0.0, 0.0, 1.0]
            ]
        },
        {
            "name": "Torso",
            "time": [0.0, 0.3167, 1.1167, 1.2667, 1.65],
            "transform": [
                [0.981277, 0.0108, -0.192301, -0.0, -0.017548, 0.999287, -0.033421, 0.05, 0.191803, 0.036169, 0.980767, -0.0, 0.0, 0.0, 0.0, 1.0],
                [0.996724, 0.0108, 0.080153, -0.0, -0.007859, 0.999287, -0.03692, 0.05, -0.080495, 0.036169, 0.996099, -0.0, 0.0, 0.0, 0.0, 1.0],
                [0.975861, 0.0108, 0.218127, 0.0, -0.002643, 0.999287, -0.037655, 0.05, -0.218378, 0.036169, 0.975194, -0.0, 0.0, 0.0, 0.0, 1.0],
                [0.975861, 0.0108, 0.218127, 0.0, -0.002643, 0.999287, -0.037655, 0.05, -0.218378, 0.036169, 0.975194, 0.0, 0.0, 0.0, 0.0, 1.0],
                [0.975861, 0.0108, 0.218127, 0.0, -0.002643, 0.999287, -0.037655, 0.05, -0.218378, 0.036169, 0.975194, 0.0, 0.0, 0.0, 0.0, 1.0]
            ]
        },
        {
            "name": "Chest",
            "time": [0.0, 0.3167, 0.5833, 1.2667, 1.65],
            "transform": [
                [0.999771, -0.020499, -0.006186, 0.0, 0.021411, 0.954317, 0.298026, 0.3, -0.000206, -0.29809, 0.954538, -0.0, 0.0, 0.0, 0.0, 1.0],
                [0.398838, -0.020499, -0.916793, 0.0, 0.281208, 0.954318, 0.100997, 0.3, 0.872841, -0.29809, 0.386383, -0.0, 0.0, 0.0, 0.0, 1.0],
                [0.712948, -0.020499, 0.700917, -0.0, -0.195071, 0.954317, 0.22633, 0.3, -0.673537, -0.29809, 0.67638, -0.0, 0.0, 0.0, 0.0, 1.0],
                [0.701401, -0.122288, 0.702198, -0.0, -0.379785, 0.769554, 0.513372, 0.3, -0.603159, -0.626763, 0.493323, -0.0, 0.0, 0.0, 0.0, 1.0],
                [0.701401, -0.122288, 0.702198, -0.0, -0.379785, 0.769554, 0.513372, 0.3, -0.603159, -0.626763, 0.493323, -0.0, 0.0, 0.0, 0.0, 1.0]
            ]
        },
        {
            "name": "Head",
            "time": [0.0, 0.3167, 0.4, 1.1167, 1.2667, 1.65],
            "transform": [
                [0.692979, -0.013322, 0.720835, -0.0, 0.203294, 0.962868, -0.177643, 0.4, -0.691702, 0.269644, 0.669955, -0.0, 0.0, 0.0, 0.0, 1.0],
                [0.449102, 0.268623, 0.852144, -0.0, 0.565951, 0.652479, -0.503954, 0.4, -0.69138, 0.708599, 0.141002, 0.0, 0.0, 0.0, 0.0, 1.0],
                [0.867238, -0.203735, 0.454301, -0.0, 0.21479, 0.976265, 0.02779, 0.4, -0.44918, 0.073478, 0.890414, -0.0, 0.0, 0.0, 0.0, 1.0],
                [0.277869, 0.000135, -0.960619, -0.0, -0.313214, 0.945364, -0.090468, 0.4, 0.908122, 0.326017, 0.26273, 0.0, 0.0, 0.0, 0.0, 1.0],
                [0.277869, 0.000135, -0.960619, -0.0, -0.313214, 0.945364, -0.090468, 0.4, 0.908122, 0.326017, 0.26273, -0.0, 0.0, 0.0, 0.0, 1.0],
                [0.277869, 0.000135, -0.960619, -0.0, -0.313214, 0.945364, -0.090468, 0.4, 0.908122, 0.326017, 0.26273, -0.0, 0.0, 0.0, 0.0, 1.0]
            ]
        },
        {
            "name": "Shoulder_R",
            "time": [0.0, 0.3167, 1.1167, 1.2667, 1.65],
            "transform": [
                [0.225029, 0.926554, 0.301428, -0.0, -0.04706, -0.298666, 0.953197, 0.4, 0.973215, -0.228682, -0.023605, -0.0, 0.0, 0.0, 0.0, 1.0],
                [0.225029, 0.926554, 0.301428, -0.0, -0.04706, -0.298666, 0.953197, 0.4, 0.973215, -0.228682, -0.023605, 0.0, 0.0, 0.0, 0.0, 1.0],
                [0.460879, 0.834704, 0.301428, -0.0, -0.123982, -0.275761, 0.953197, 0.4, 0.87876, -0.47668, -0.023605, 0.0, 0.0, 0.0, 0.0, 1.0],
                [0.460879, 0.834704, 0.301428, -0.0, -0.123982, -0.275761, 0.953197, 0.4, 0.87876, -0.47668, -0.023605, -0.0, 0.0, 0.0, 0.0, 1.0],
                [0.460879, 0.834704, 0.301428, -0.0, -0.123982, -0.275761, 0.953197, 0.4, 0.87876, -0.47668, -0.023605, -0.0, 0.0, 0.0, 0.0, 1.0]
            ]
        },
        {
            "name": "Arm_R",
            "time": [0.0, 0.3167, 0.3833, 1.1167, 1.2667, 1.65],
            "transform": [
                [0.134014, 0.008048, -0.990947, 0.0, 0.883404, 0.452144, 0.123142, 0.393861, 0.449042, -0.891909, 0.053483, -0.0, 0.0, 0.0, 0.0, 1.0],
                [0.577682, -0.050228, 0.814715, 0.0, 0.413087, 0.878846, -0.238722, 0.393861, -0.704019, 0.474454, 0.528442, 0.0, 0.0, 0.0, 0.0, 1.0],
                [0.12956, -0.965209, 0.227123, 0.0, 0.753549, 0.244721, 0.610144, 0.393861, -0.644499, 0.092099, 0.759038, -0.0, 0.0, 0.0, 0.0, 1.0],
                [0.305657, -0.744018, -0.594147, 0.0, 0.675162, -0.270631, 0.686232, 0.39386, -0.671364, -0.610897, 0.419613, -0.0, 0.0, 0.0, 0.0, 1.0],
                [0.305657, -0.744018, -0.594147, 0.0, 0.675163, -0.270631, 0.686232, 0.39386, -0.671364, -0.610897, 0.419613, -0.0, 0.0, 0.0, 0.0, 1.0],
                [0.305657, -0.744018, -0.594147, 0.0, 0.675163, -0.270631, 0.686232, 0.39386, -0.671364, -0.610897, 0.419613, -0.0, 0.0, 0.0, 0.0, 1.0]
            ]
        },
        {
            "name": "Hand_R",
            "time": [0.0, 0.3167, 1.2667, 1.65],
            "transform": [
                [0.999985, 0.001325, 0.005391, -0.0, -0.00125, 0.999903, -0.013885, 0.3, -0.005409, 0.013878, 0.999889, -0.0, 0.0, 0.0, 0.0, 1.0],
                [0.999985, 0.001325, 0.005391, 0.0, -0.00125, 0.999903, -0.013885, 0.3, -0.005409, 0.013878, 0.999889, -0.0, 0.0, 0.0, 0.0, 1.0],
                [0.999985, 0.002675, 0.004864, -0.0, -0.00125, 0.96224, -0.2722, 0.3, -0.005409, 0.27219, 0.962228, -0.0, 0.0, 0.0, 0.0, 1.0],
                [0.999985, 0.002675, 0.004864, -0.0, -0.00125, 0.96224, -0.2722, 0.3, -0.005409, 0.27219, 0.962228, -0.0, 0.0, 0.0, 0.0, 1.0]
            ]
        },
        {
            "name": "Tool_R",
            "time": [0.0, 0.3167, 1.1167, 1.2667, 1.65],
            "transform": [
                [1.0, -0.0, 0.0, -0.0, 0.0, -0.944043, -0.329823, 0.272858, 0.0, 0.329618, -0.943487, -0.0, 0.0, 0.0, 0.0, 1.0],
                [1.0, 0.0, 0.0, 0.0, 0.0, -0.944043, -0.329823, 0.272858, 0.0, 0.329618, -0.943487, 0.0, 0.0, 0.0, 0.0, 1.0],
                [1.0, -0.0, 0.0, -0.0, 0.0, -0.628743, -0.777613, 0.272858, 0.0, 0.777146, -0.628379, 0.0, 0.0, 0.0, 0.0, 1.0],
                [1.0, -0.0, 0.0, 0.0, 0.0, -0.628743, -0.777613, 0.272858, 0.0, 0.777146, -0.628379, -0.0, 0.0, 0.0, 0.0, 1.0],
                [1.0, -0.0, 0.0, 0.0, 0.0, -0.628743, -0.777613, 0.272858, 0.0, 0.777146, -0.628379, -0.0, 0.0, 0.0, 0.0, 1.0]
            ]
        },
        {
            "name": "Elbow_R",
            "time": [0.0, 0.3167, 1.2667, 1.65],
            "transform": [
                [-1.0, 0.0, -0.0, -0.0, 0.0, -0.0, -1.0, 0.3, -0.0, -1.0, 0.0, -0.0, 0.0, 0.0, 0.0, 1.0],
                [-1.0, 0.0, -0.0, 0.0, 0.0, 0.0, -1.0, 0.3, -0.0, -1.0, 0.0, -0.0, 0.0, 0.0, 0.0, 1.0],
                [-1.0, 0.0, -0.0, -0.0, -0.0, -0.0, -1.0, 0.3, -0.0, -1.0, 0.0, -0.0, 0.0, 0.0, 0.0, 1.0],
                [-1.0, 0.0, -0.0, -0.0, -0.0, -0.0, -1.0, 0.3, -0.0, -1.0, 0.0, -0.0, 0.0, 0.0, 0.0, 1.0]
            ]
        },
        {
            "name": "Shoulder_L",
            "time": [0.0, 0.3167, 1.2667, 1.65],
            "transform": [
                [-0.027182, -0.953182, -0.301172, -0.0, -0.040545, -0.299984, 0.953082, 0.4, -0.998808, 0.038118, -0.030493, -0.0, 0.0, 0.0, 0.0, 1.0],
                [-0.027182, -0.953182, -0.301172, -0.0, -0.040545, -0.299984, 0.953082, 0.4, -0.998808, 0.038117, -0.030493, 0.0, 0.0, 0.0, 0.0, 1.0],
                [-0.027182, -0.953182, -0.301172, -0.0, -0.040545, -0.299984, 0.953082, 0.4, -0.998808, 0.038117, -0.030493, -0.0, 0.0, 0.0, 0.0, 1.0],
                [-0.027182, -0.953182, -0.301172, -0.0, -0.040545, -0.299984, 0.953082, 0.4, -0.998808, 0.038117, -0.030493, -0.0, 0.0, 0.0, 0.0, 1.0]
            ]
        },
        {
            "name": "Arm_L",
            "time": [0.0, 0.3167, 1.1167, 1.2667, 1.65],
            "transform": [
                [-0.31706, -0.03265, 0.947844, -0.0, -0.817821, 0.51549, -0.255809, 0.39386, -0.480252, -0.856273, -0.190143, 0.0, 0.0, 0.0, 0.0, 1.0],
                [-0.164615, 0.272937, 0.947843, -0.0, 0.117953, 0.959504, -0.25581, 0.39386, -0.97928, 0.069691, -0.190143, 0.0, 0.0, 0.0, 0.0, 1.0],
                [-0.164615, 0.130652, 0.977666, 0.0, 0.117952, 0.986683, -0.111997, 0.39386, -0.97928, 0.096882, -0.177834, 0.0, 0.0, 0.0, 0.0, 1.0],
                [-0.143364, 0.153672, 0.977666, -0.0, 0.263321, 0.958185, -0.111997, 0.39386, -0.953996, 0.241384, -0.177834, 0.0, 0.0, 0.0, 0.0, 1.0],
                [-0.143364, 0.153672, 0.977666, -0.0, 0.263321, 0.958185, -0.111997, 0.39386, -0.953996, 0.241384, -0.177834, 0.0, 0.0, 0.0, 0.0, 1.0]
            ]
        },
        {
            "name": "Hand_L",
            "time": [0.0, 0.3167, 1.1167, 1.2667, 1.65],
            "transform": [
                [0.99932, -0.035435, 0.010227, 0.0, 0.03687, 0.966806, -0.25284, 0.3, -0.000928, 0.253045, 0.967454, -0.0, 0.0, 0.0, 0.0, 1.0],
                [0.99932, -0.035435, 0.010227, 0.0, 0.03687, 0.966806, -0.25284, 0.3, -0.000928, 0.253045, 0.967454, 0.0, 0.0, 0.0, 0.0, 1.0],
                [0.99932, -0.029144, 0.022602, 0.0, 0.036869, 0.804855, -0.592326, 0.3, -0.000929, 0.592756, 0.805382, -0.0, 0.0, 0.0, 0.0, 1.0],
                [0.99932, -0.029144, 0.022602, -0.0, 0.03687, 0.804855, -0.592326, 0.3, -0.000928, 0.592756, 0.805382, 0.0, 0.0, 0.0, 0.0, 1.0],
                [0.99932, -0.029144, 0.022602, -0.0, 0.03687, 0.804855, -0.592326, 0.3, -0.000928, 0.592756, 0.805382, 0.0, 0.0, 0.0, 0.0, 1.0]
            ]
        },
        {
            "name": "Tool_L",
            "time": [0.0, 0.3167, 1.2667, 1.65],
            "transform": [
                [1.0, 0.0, 0.0, 0.0, 0.0, -0.999836, 0.018122, 0.272858, 0.0, -0.018122, -0.999248, -0.0, 0.0, 0.0, 0.0, 1.0],
                [1.0, -0.0, 0.0, 0.0, 0.0, -0.999835, 0.018122, 0.272858, 0.0, -0.018122, -0.999247, 0.0, 0.0, 0.0, 0.0, 1.0],
                [1.0, -0.0, 0.0, -0.0, -0.0, -0.999836, 0.018122, 0.272858, 0.0, -0.018122, -0.999247, -0.0, 0.0, 0.0, 0.0, 1.0],
                [1.0, -0.0, 0.0, -0.0, -0.0, -0.999836, 0.018122, 0.272858, 0.0, -0.018122, -0.999247, -0.0, 0.0, 0.0, 0.0, 1.0]
            ]
        },
        {
            "name": "Elbow_L",
            "time": [0.0, 0.3167, 1.2667, 1.65],
            "transform": [
                [-1.0, 0.0, -0.0, 0.0, 0.0, -0.0, -1.0, 0.3, -0.0, -1.0, -0.0, -0.0, 0.0, 0.0, 0.0, 1.0],
                [-1.0, 0.0, 0.0, 0.0, 0.0, -0.0, -1.0, 0.3, -0.0, -1.0, -0.0, 0.0, 0.0, 0.0, 0.0, 1.0],
                [-1.0, 0.0, -0.0, -0.0, 0.0, -0.0, -1.0, 0.3, -0.0, -1.0, -0.0, 0.0, 0.0, 0.0, 0.0, 1.0],
                [-1.0, 0.0, -0.0, -0.0, 0.0, -0.0, -1.0, 0.3, -0.0, -1.0, -0.0, 0.0, 0.0, 0.0, 0.0, 1.0]
            ]
        }
    ]
}