{
    
    "animation": [
        {
            "name": "Root",
            "time": [0.0, 0.2833, 0.3667, 0.4333, 0.9, 1.3333],
            "transform": [
                [0.834853, 0.0, -0.550472, -5e-06, -0.550472, 0.0, -0.834853, 0.000946, 0.0, 1.0, 0.0, 0.755725, 0.0, 0.0, 0.0, 1.0],
                [0.754756, 0.000279, -0.656006, -0.038028, -0.656006, 0.000933, -0.754755, -0.303959, 0.000402, 1.0, 0.000887, 0.716254, 0.0, 0.0, 0.0, 1.0],
                [0.754756, 0.000279, -0.656006, -0.038028, -0.656006, 0.000933, -0.754755, -0.303959, 0.000402, 1.0, 0.000887, 0.716254, 0.0, 0.0, 0.0, 1.0],
                [0.862489, 0.000779, 0.506076, 0.072023, 0.506074, 0.001887, -0.862488, 1.051767, -0.001627, 0.999998, 0.001234, 0.670419, 0.0, 0.0, 0.0, 1.0],
                [0.848605, 0.00704, 0.528981, 0.17375, 0.528754, 0.02086, -0.848519, 3.05562, -0.017008, 0.999758, 0.013979, 0.609223, 0.0, 0.0, 0.0, 1.0],
                [0.848605, 0.00704, 0.528981, 0.176296, 0.528754, 0.02086, -0.848519, 3.371077, -0.017008, 0.999758, 0.013979, 0.716654, 0.0, 0.0, 0.0, 1.0]
            ]
        },
        {
            "name": "Thigh_R",
            "time": [0.0, 0.2833, 0.3667, 0.4, 0.4333, 0.9, 1.3333],
            "transform": [
                [0.996122, 0.062436, -0.061977, 0.124994, 0.068868, -0.99179, 0.107731, -0.002831, -0.054742, -0.11158, -0.992247, -1.2e-05, 0.0, 0.0, 0.0, 1.0],
                [0.9351, 0.329201, -0.131204, 0.124994, 0.300734, -0.933004, -0.197632, -0.002831, -0.187475, 0.145348, -0.971456, -1.2e-05, 0.0, 0.0, 0.0, 1.0],
                [0.9351, 0.329201, -0.131204, 0.124994, 0.300734, -0.933004, -0.197632, -0.002831, -0.187475, 0.145348, -0.971456, -1.2e-05, 0.0, 0.0, 0.0, 1.0],
                [0.996486, -0.08328, -0.008922, 0.124994, -0.057682, -0.759598, 0.647828, -0.002831, -0.060728, -0.645035, -0.761735, -1.2e-05, 0.0, 0.0, 0.0, 1.0],
                [0.858108, 0.282023, 0.429084, 0.124994, 0.030228, -0.861953, 0.506084, -0.002831, 0.512578, -0.421303, -0.748176, -1.2e-05, 0.0, 0.0, 0.0, 1.0],
                [0.909795, 0.363344, 0.200631, 0.124994, 0.070093, -0.610937, 0.788569, -0.002831, 0.409096, -0.703372, -0.581298, -1.2e-05, 0.0, 0.0, 0.0, 1.0],
                [0.909795, 0.240854, 0.338026, 0.124994, 0.070093, -0.891867, 0.44683, -0.002831, 0.409096, -0.38283, -0.8283, -1.2e-05, 0.0, 0.0, 0.0, 1.0]
            ]
        },
        {
            "name": "Leg_R",
            "time": [0.0, 0.2833, 0.3667, 0.4, 0.6333, 0.9, 1.3333],
            "transform": [
                [1.0, -0.0, 2e-06, -0.0, -0.0, 0.987268, 0.15907, 0.37472, -2e-06, -0.15907, 0.987267, 0.0, 0.0, 0.0, 0.0, 1.0],
                [1.0, -0.0, 2e-06, 0.0, -0.0, 0.987295, 0.158902, 0.37472, -2e-06, -0.158902, 0.987294, -0.0, 0.0, 0.0, 0.0, 1.0],
                [1.0, -0.0, 2e-06, 0.0, -0.0, 0.987295, 0.158902, 0.37472, -2e-06, -0.158902, 0.987294, -0.0, 0.0, 0.0, 0.0, 1.0],
                [1.0, -2e-06, 0.0, 0.0, -0.0, -0.139094, 0.990278, 0.37472, -2e-06, -0.99028, -0.139094, -0.0, 0.0, 0.0, 0.0, 1.0],
                [1.0, -1e-06, 2e-06, -0.0, -0.0, 0.88878, 0.458335, 0.37472, -2e-06, -0.458336, 0.888779, 0.0, 0.0, 0.0, 0.0, 1.0],
                [1.0, -1e-06, 1e-06, 0.0, -0.0, 0.804838, 0.593495, 0.37472, -2e-06, -0.593496, 0.804837, 0.0, 0.0, 0.0, 0.0, 1.0],
                [1.0, -1e-06, 2e-06, 0.0, -0.0, 0.906929, 0.421285, 0.37472, -2e-06, -0.421285, 0.906928, -0.0, 0.0, 0.0, 0.0, 1.0]
            ]
        },
        {
            "name": "Knee_R",
            "time": [0.0, 0.2833, 0.3667, 1.3333],
            "transform": [
                [1.0, 0.0, -0.0, -0.0, -0.0, 1e-06, -1.0, 0.37472, 0.0, 1.0, 1e-06, 0.0, 0.0, 0.0, 0.0, 1.0],
                [1.0, -0.0, -0.0, 0.0, -0.0, 1e-06, -1.0, 0.374713, -0.0, 1.0, 1e-06, 1e-06, 0.0, 0.0, 0.0, 1.0],
                [1.0, -0.0, -0.0, 0.0, -0.0, 1e-06, -1.0, 0.374713, -0.0, 1.0, 1e-06, 1e-06, 0.0, 0.0, 0.0, 1.0],
                [1.0, 0.0, -0.0, 0.0, -0.0, 1e-06, -1.0, 0.374713, -0.0, 1.0, 1e-06, 1e-06, 0.0, 0.0, 0.0, 1.0]
            ]
        },
        {
            "name": "Thigh_L",
            "time": [0.0, 0.2833, 0.3667, 0.4333, 0.9, 1.3333],
            "transform": [
                [0.866588, -0.188811, -0.461924, -0.125006, -0.027838, -0.942508, 0.333022, -0.002831, -0.498245, -0.275734, -0.822023, -1.2e-05, 0.0, 0.0, 0.0, 1.0],
                [0.880611, -0.306352, -0.361485, -0.125006, -0.086059, -0.853604, 0.513764, -0.002831, -0.465958, -0.421318, -0.778058, -1.2e-05, 0.0, 0.0, 0.0, 1.0],
                [0.880611, -0.306352, -0.361485, -0.125006, -0.086059, -0.853604, 0.513764, -0.002831, -0.465958, -0.421318, -0.778058, -1.2e-05, 0.0, 0.0, 0.0, 1.0],
                [0.902199, -0.368706, 0.223811, -0.125006, -0.392532, -0.916933, 0.071775, -0.002831, 0.178756, -0.152609, -0.971986, -1.2e-05, 0.0, 0.0, 0.0, 1.0],
                [0.962304, -0.186172, -0.198267, -0.125006, -0.241189, -0.92105, -0.305769, -0.002831, -0.125688, 0.342064, -0.931233, -1.2e-05, 0.0, 0.0, 0.0, 1.0],
                [0.98191, 0.043253, 0.184335, -0.125006, 0.071031, -0.986602, -0.146869, -0.002831, 0.175513, 0.157306, -0.971828, -1.2e-05, 0.0, 0.0, 0.0, 1.0]
            ]
        },
        {
            "name": "Leg_L",
            "time": [0.0, 0.2833, 0.3667, 0.4, 1.3333],
            "transform": [
                [1.0, -0.0, 1e-06, -0.0, 0.0, 0.978347, 0.206971, 0.37472, -1e-06, -0.206971, 0.978347, 0.0, 0.0, 0.0, 0.0, 1.0],
                [1.0, -0.0, 1e-06, -0.0, 0.0, 0.978392, 0.206755, 0.37472, -1e-06, -0.206755, 0.978393, 0.0, 0.0, 0.0, 0.0, 1.0],
                [1.0, -0.0, 1e-06, -0.0, 0.0, 0.978392, 0.206755, 0.37472, -1e-06, -0.206755, 0.978393, 0.0, 0.0, 0.0, 0.0, 1.0],
                [1.0, -0.0, 1e-06, -0.0, 0.0, 0.996287, 0.086092, 0.37472, -1e-06, -0.086092, 0.996288, -0.0, 0.0, 0.0, 0.0, 1.0],
                [1.0, -1e-06, 0.0, -0.0, 0.0, 0.824226, 0.566261, 0.37472, -1e-06, -0.566261, 0.824226, -0.0, 0.0, 0.0, 0.0, 1.0]
            ]
        },
        {
            "name": "Knee_L",
            "time": [0.0, 0.2833, 0.3667, 1.3333],
            "transform": [
                [1.0, 0.0, -0.0, -0.0, -0.0, 1e-06, -1.0, 0.37472, -0.0, 1.0, 1e-06, 0.0, 0.0, 0.0, 0.0, 1.0],
                [1.0, 0.0, -0.0, 1e-06, -0.0, 1e-06, -1.0, 0.374721, -0.0, 1.0, 1e-06, -0.0, 0.0, 0.0, 0.0, 1.0],
                [1.0, 0.0, -0.0, 1e-06, -0.0, 1e-06, -1.0, 0.374721, -0.0, 1.0, 1e-06, -0.0, 0.0, 0.0, 0.0, 1.0],
                [1.0, 0.0, -0.0, 1e-06, -0.0, 1e-06, -1.0, 0.374721, -0.0, 1.0, 1e-06, -1e-06, 0.0, 0.0, 0.0, 1.0]
            ]
        },
        {
            "name": "Torso",
            "time": [0.0, 0.2833, 0.3667, 0.9, 1.3333],
            "transform": [
                [0.981277, 0.0108, -0.192301, -0.0, -0.017548, 0.999287, -0.033421, 0.05, 0.191803, 0.036169, 0.980767, -0.0, 0.0, 0.0, 0.0, 1.0],
                [0.981316, 0.010811, -0.192099, -0.0, -0.017507, 0.999296, -0.033195, 0.05, 0.191605, 0.035938, 0.980814, 0.0, 0.0, 0.0, 0.0, 1.0],
                [0.981316, 0.010811, -0.192099, -0.0, -0.017507, 0.999296, -0.033195, 0.05, 0.191605, 0.035938, 0.980814, 0.0, 0.0, 0.0, 0.0, 1.0],
                [0.923266, 0.011543, 0.383987, 0.0, -0.004066, 0.999786, -0.020277, 0.05, -0.384139, 0.01716, 0.923116, 0.0, 0.0, 0.0, 0.0, 1.0],
                [0.930169, 0.076197, 0.359136, 0.0, -0.098245, 0.99421, 0.043517, 0.05, -0.353741, -0.075762, 0.93227, -0.0, 0.0, 0.0, 0.0, 1.0]
            ]
        },
        {
            "name": "Chest",
            "time": [0.0, 0.2833, 0.3667, 0.4333, 0.9, 1.3333],
            "transform": [
                [0.999771, -0.020499, -0.006186, 0.0, 0.021411, 0.954317, 0.298026, 0.3, -0.000206, -0.29809, 0.954538, -0.0, 0.0, 0.0, 0.0, 1.0],
                [0.892927, -0.020414, -0.449739, -0.0, 0.151219, 0.954532, 0.256907, 0.3, 0.424046, -0.297408, 0.855414, 0.0, 0.0, 0.0, 0.0, 1.0],
                [0.892927, -0.020414, -0.449739, -0.0, 0.151219, 0.954532, 0.256907, 0.3, 0.424046, -0.297408, 0.855414, 0.0, 0.0, 0.0, 0.0, 1.0],
                [0.99812, -0.020826, 0.057639, -0.0, 0.002758, 0.954801, 0.297233, 0.3, -0.061224, -0.296515, 0.953064, 0.0, 0.0, 0.0, 0.0, 1.0],
                [0.990301, -0.022992, 0.137025, -0.0, -0.016279, 0.960221, 0.278767, 0.3, -0.137984, -0.278293, 0.950533, -0.0, 0.0, 0.0, 0.0, 1.0],
                [0.979555, 0.064034, 0.190715, -0.0, -0.157302, 0.834763, 0.527662, 0.3, -0.125414, -0.546874, 0.827769, 0.0, 0.0, 0.0, 0.0, 1.0]
            ]
        },
        {
            "name": "Head",
            "time": [0.0, 0.2833, 0.3667, 0.9, 1.3333],
            "transform": [
                [0.692979, -0.013322, 0.720835, -0.0, 0.203294, 0.962868, -0.177643, 0.4, -0.691702, 0.269644, 0.669955, -0.0, 0.0, 0.0, 0.0, 1.0],
                [0.669729, 0.010205, 0.742536, 0.0, 0.514811, 0.714249, -0.474149, 0.4, -0.535194, 0.699817, 0.4731, -0.0, 0.0, 0.0, 0.0, 1.0],
                [0.669729, 0.010205, 0.742536, 0.0, 0.514811, 0.714249, -0.474149, 0.4, -0.535194, 0.699817, 0.4731, -0.0, 0.0, 0.0, 0.0, 1.0],
                [0.993808, -0.07649, -0.080592, 0.0, 0.096251, 0.955019, 0.280491, 0.4, 0.055512, -0.286511, 0.956467, 0.0, 0.0, 0.0, 0.0, 1.0],
                [0.801084, -0.076491, -0.593645, 0.0, 0.22995, 0.955019, 0.187249, 0.4, 0.552619, -0.286511, 0.782639, -0.0, 0.0, 0.0, 0.0, 1.0]
            ]
        },
        {
            "name": "Shoulder_R",
            "time": [0.0, 0.2833, 0.3667, 0.9, 1.3333],
            "transform": [
                [0.225029, 0.926554, 0.301428, -0.0, -0.04706, -0.298666, 0.953197, 0.4, 0.973215, -0.228682, -0.023605, -0.0, 0.0, 0.0, 0.0, 1.0],
                [0.224795, 0.926609, 0.301435, 0.0, -0.047011, -0.298679, 0.953195, 0.4, 0.973271, -0.228444, -0.02358, -0.0, 0.0, 0.0, 0.0, 1.0],
                [0.224795, 0.926609, 0.301435, 0.0, -0.047011, -0.298679, 0.953195, 0.4, 0.973271, -0.228444, -0.02358, -0.0, 0.0, 0.0, 0.0, 1.0],
                [0.378153, 0.875092, 0.302016, 0.0, -0.098976, -0.286153, 0.953058, 0.4, 0.920437, -0.390294, -0.021596, 0.0, 0.0, 0.0, 0.0, 1.0],
                [-0.069688, 0.950752, 0.302016, 0.0, 0.044666, -0.299474, 0.953058, 0.4, 0.996568, 0.079907, -0.021596, -0.0, 0.0, 0.0, 0.0, 1.0]
            ]
        },
        {
            "name": "Arm_R",
            "time": [0.0, 0.2833, 0.3667, 0.4333, 0.9, 1.3333],
            "transform": [
                [0.134014, 0.008048, -0.990947, 0.0, 0.883404, 0.452144, 0.123142, 0.393861, 0.449042, -0.891909, 0.053483, -0.0, 0.0, 0.0, 0.0, 1.0],
                [0.105167, 0.083176, -0.99097, -0.0, 0.48828, 0.863786, 0.12432, 0.393861, 0.866327, -0.496945, 0.050229, -0.0, 0.0, 0.0, 0.0, 1.0],
                [0.05474, 0.122401, -0.99097, -0.0, 0.033141, 0.991688, 0.12432, 0.393861, 0.99795, -0.039647, 0.050229, -0.0, 0.0, 0.0, 0.0, 1.0],
                [0.063459, -0.765433, -0.640379, 0.0, -0.084042, 0.635295, -0.767683, 0.39386, 0.994439, 0.102535, -0.024013, 0.0, 0.0, 0.0, 0.0, 1.0],
                [0.35852, -0.11217, -0.926758, 0.0, -0.255564, 0.943035, -0.213006, 0.393861, 0.897859, 0.313213, 0.309431, -0.0, 0.0, 0.0, 0.0, 1.0],
                [-0.027477, -0.446237, -0.894493, -0.0, 0.608162, 0.702708, -0.369243, 0.39386, 0.793337, -0.554143, 0.252076, -0.0, 0.0, 0.0, 0.0, 1.0]
            ]
        },
        {
            "name": "Hand_R",
            "time": [0.0, 0.2833, 0.3667, 0.4333, 0.9, 1.3333],
            "transform": [
                [0.999985, 0.001325, 0.005391, -0.0, -0.00125, 0.999903, -0.013885, 0.3, -0.005409, 0.013878, 0.999889, -0.0, 0.0, 0.0, 0.0, 1.0],
                [0.999985, 0.001326, 0.005385, 0.0, -0.001247, 0.999891, -0.014713, 0.3, -0.005404, 0.014706, 0.999877, -0.0, 0.0, 0.0, 0.0, 1.0],
                [0.999985, 0.005542, -0.000198, -0.0, -0.001247, 0.189881, -0.981806, 0.3, -0.005404, 0.981791, 0.189885, -0.0, 0.0, 0.0, 0.0, 1.0],
                [0.999985, 0.001087, 0.005415, 0.0, -0.00125, 0.999544, 0.030163, 0.3, -0.00538, -0.030169, 0.99953, 0.0, 0.0, 0.0, 0.0, 1.0],
                [0.999987, 0.000113, 0.005098, 0.0, -0.000978, 0.985443, 0.170002, 0.3, -0.005005, -0.170005, 0.985431, -0.0, 0.0, 0.0, 0.0, 1.0],
                [0.999987, 0.004282, 0.002769, 0.0, -0.000978, 0.69389, -0.720081, 0.3, -0.005005, 0.720068, 0.693885, -0.0, 0.0, 0.0, 0.0, 1.0]
            ]
        },
        {
            "name": "Tool_R",
            "time": [0.0, 0.2833, 0.3667, 0.4333, 0.9, 1.3333],
            "transform": [
                [1.0, -0.0, 0.0, -0.0, 0.0, -0.944043, -0.329823, 0.272858, 0.0, 0.329618, -0.943487, -0.0, 0.0, 0.0, 0.0, 1.0],
                [1.0, -0.0, 0.0, 0.0, -0.0, -0.944166, -0.32947, 0.272858, 0.0, 0.329265, -0.943611, -0.0, 0.0, 0.0, 0.0, 1.0],
                [1.0, -0.0, 0.0, 0.0, 0.0, -0.944166, -0.32947, 0.272858, 0.0, 0.329264, -0.943611, -0.0, 0.0, 0.0, 0.0, 1.0],
                [1.0, -0.0, 0.0, -0.0, 0.0, -0.021676, -0.999765, 0.272858, 0.0, 0.999173, -0.021674, 0.0, 0.0, 0.0, 0.0, 1.0],
                [1.0, -0.0, 0.0, 0.0, 0.0, -0.000558, -1.0, 0.272858, 0.0, 0.999408, -0.000569, -0.0, 0.0, 0.0, 0.0, 1.0],
                [1.0, -0.0, 0.0, 0.0, 0.0, -0.856182, -0.516674, 0.272858, 0.0, 0.516359, -0.855681, -0.0, 0.0, 0.0, 0.0, 1.0]
            ]
        },
        {
            "name": "Elbow_R",
            "time": [0.0, 0.2833, 0.3667, 1.3333],
            "transform": [
                [-1.0, 0.0, -0.0, -0.0, 0.0, -0.0, -1.0, 0.3, -0.0, -1.0, 0.0, -0.0, 0.0, 0.0, 0.0, 1.0],
                [-1.0, 0.0, -0.0, 1e-06, 0.0, -0.0, -1.0, 0.300092, -0.0, -1.0, 0.0, 1e-06, 0.0, 0.0, 0.0, 1.0],
                [-1.0, 0.0, -0.0, 0.0, 0.0, -0.0, -1.0, 0.300092, -0.0, -1.0, 0.0, 1e-06, 0.0, 0.0, 0.0, 1.0],
                [-1.0, 0.0, -0.0, 1e-06, 0.0, -0.0, -1.0, 0.300092, -0.0, -1.0, 0.0, 1e-06, 0.0, 0.0, 0.0, 1.0]
            ]
        },
        {
            "name": "Shoulder_L",
            "time": [0.0, 0.2833, 0.3667, 1.3333],
            "transform": [
                [-0.027182, -0.953182, -0.301172, -0.0, -0.040545, -0.299984, 0.953082, 0.4, -0.998808, 0.038118, -0.030493, -0.0, 0.0, 0.0, 0.0, 1.0],
                [-0.027153, -0.953182, -0.301177, 0.0, -0.040502, -0.299991, 0.953082, 0.4, -0.99881, 0.038077, -0.03046, -0.0, 0.0, 0.0, 0.0, 1.0],
                [-0.027153, -0.953182, -0.301177, 0.0, -0.040502, -0.299991, 0.953082, 0.4, -0.99881, 0.038077, -0.03046, -0.0, 0.0, 0.0, 0.0, 1.0],
                [-0.027153, -0.953182, -0.301177, 0.0, -0.040502, -0.299991, 0.953082, 0.4, -0.99881, 0.038077, -0.03046, -0.0, 0.0, 0.0, 0.0, 1.0]
            ]
        },
        {
            "name": "Arm_L",
            "time": [0.0, 0.2833, 0.3667, 0.4333, 0.9, 1.3333],
            "transform": [
                [-0.31706, -0.03265, 0.947844, -0.0, -0.817821, 0.51549, -0.255809, 0.39386, -0.480252, -0.856273, -0.190143, 0.0, 0.0, 0.0, 0.0, 1.0],
                [-0.314547, 0.034862, 0.948601, 0.0, -0.683937, 0.684655, -0.251949, 0.39386, -0.658248, -0.728033, -0.191513, 0.0, 0.0, 0.0, 0.0, 1.0],
                [-0.314547, 0.034862, 0.948601, 0.0, -0.683937, 0.684655, -0.251949, 0.39386, -0.658248, -0.728033, -0.191513, 0.0, 0.0, 0.0, 0.0, 1.0],
                [-0.311946, -0.308534, 0.898608, 0.0, -0.663193, 0.747976, 0.026592, 0.39386, -0.680342, -0.587655, -0.437946, 0.0, 0.0, 0.0, 0.0, 1.0],
                [-0.346052, -0.244004, 0.90593, 0.0, -0.143843, 0.967971, 0.205769, 0.39386, -0.927123, -0.059105, -0.370067, -0.0, 0.0, 0.0, 0.0, 1.0],
                [-0.704233, 0.029056, 0.709375, -0.0, -0.551753, 0.606389, -0.572591, 0.39386, -0.446794, -0.794637, -0.411007, 0.0, 0.0, 0.0, 0.0, 1.0]
            ]
        },
        {
            "name": "Hand_L",
            "time": [0.0, 0.2833, 0.3667, 1.3333],
            "transform": [
                [0.99932, -0.035435, 0.010227, 0.0, 0.03687, 0.966806, -0.25284, 0.3, -0.000928, 0.253045, 0.967454, -0.0, 0.0, 0.0, 0.0, 1.0],
                [0.999321, -0.035396, 0.01022, 0.0, 0.036831, 0.966751, -0.253053, 0.3, -0.000923, 0.253258, 0.967399, 0.0, 0.0, 0.0, 0.0, 1.0],
                [0.999321, -0.035396, 0.01022, 0.0, 0.036831, 0.966751, -0.253053, 0.3, -0.000923, 0.253258, 0.967399, 0.0, 0.0, 0.0, 0.0, 1.0],
                [0.999321, -0.035396, 0.01022, -0.0, 0.036831, 0.966751, -0.253053, 0.3, -0.000923, 0.253258, 0.967399, 0.0, 0.0, 0.0, 0.0, 1.0]
            ]
        },
        {
            "name": "Tool_L",
            "time": [0.0, 0.2833, 0.3667, 1.3333],
            "transform": [
                [1.0, 0.0, 0.0, 0.0, 0.0, -0.999836, 0.018122, 0.272858, 0.0, -0.018122, -0.999248, -0.0, 0.0, 0.0, 0.0, 1.0],
                [1.0, 0.0, 0.0, 0.0, 0.0, -0.999836, 0.018122, 0.272858, 0.0, -0.018122, -0.999247, 0.0, 0.0, 0.0, 0.0, 1.0],
                [1.0, 0.0, 0.0, 0.0, 0.0, -0.999836, 0.018122, 0.272858, 0.0, -0.018122, -0.999247, 0.0, 0.0, 0.0, 0.0, 1.0],
                [1.0, 0.0, 0.0, 0.0, 0.0, -0.999836, 0.018122, 0.272858, 0.0, -0.018122, -0.999247, -0.0, 0.0, 0.0, 0.0, 1.0]
            ]
        },
        {
            "name": "Elbow_L",
            "time": [0.0, 0.2833, 0.3667, 1.3333],
            "transform": [
                [-1.0, 0.0, -0.0, 0.0, 0.0, -0.0, -1.0, 0.3, -0.0, -1.0, -0.0, -0.0, 0.0, 0.0, 0.0, 1.0],
                [-1.0, 0.0, 0.0, -1e-06, 0.0, -0.0, -1.0, 0.300063, -0.0, -1.0, 0.0, 1e-06, 0.0, 0.0, 0.0, 1.0],
                [-1.0, 0.0, 0.0, -1e-06, 0.0, -0.0, -1.0, 0.300063, -0.0, -1.0, 0.0, 1e-06, 0.0, 0.0, 0.0, 1.0],
                [-1.0, 0.0, -0.0, -2e-06, 0.0, -0.0, -1.0, 0.300064, -0.0, -1.0, 0.0, 1e-06, 0.0, 0.0, 0.0, 1.0]
            ]
        }
    ]
}