{
    "animation": [
        {
            "name": "Root",
            "time": [0.0, 0.1833, 0.3667, 0.4667, 0.5667, 0.6667, 1.05, 1.1333, 1.3, 1.4167, 1.7833],
            "transform": [
                [0.834853, 0.0, -0.550472, -5e-06, -0.550472, 0.0, -0.834853, 0.000946, 0.0, 1.0, 0.0, 0.755725, 0.0, 0.0, 0.0, 1.0],
                [0.852143, -0.008332, -0.523242, -0.041699, -0.520561, 0.088821, -0.849192, 0.178137, 0.053551, 0.996013, 0.071351, 0.679283, 0.0, 0.0, 0.0, 1.0],
                [0.920599, -0.01322, -0.390286, -0.041699, -0.387715, 0.08842, -0.917529, 0.289856, 0.046639, 0.995996, 0.076274, 0.679283, 0.0, 0.0, 0.0, 1.0],
                [0.988789, -0.088788, 0.120053, 0.032397, 0.127024, 0.07753, -0.988865, 0.589656, 0.078492, 0.993029, 0.087939, 0.758552, 0.0, 0.0, 0.0, 1.0],
                [0.842772, -0.036, 0.537065, -0.081207, 0.538218, 0.070152, -0.839881, 0.823224, -0.00744, 0.996886, 0.078498, 0.649329, 0.0, 0.0, 0.0, 1.0],
                [0.842772, -0.036, 0.537065, -0.086177, 0.538218, 0.070152, -0.839881, 0.823216, -0.00744, 0.996886, 0.078498, 0.690906, 0.0, 0.0, 0.0, 1.0],
                [0.842772, -0.036, 0.537065, -0.086177, 0.538218, 0.070152, -0.839881, 0.823216, -0.00744, 0.996886, 0.078498, 0.690906, 0.0, 0.0, 0.0, 1.0],
                [0.842772, -0.036, 0.537065, -0.086177, 0.538218, 0.070152, -0.839881, 0.823216, -0.00744, 0.996886, 0.078498, 0.690906, 0.0, 0.0, 0.0, 1.0],
                [0.842772, -0.036, 0.537065, -0.086177, 0.538218, 0.070152, -0.839881, 0.823216, -0.00744, 0.996886, 0.078498, 0.690906, 0.0, 0.0, 0.0, 1.0],
                [0.746514, -0.048764, 0.66358, -0.099923, 0.665224, 0.033857, -0.745876, 0.736435, 0.013905, 0.998236, 0.057713, 0.705939, 0.0, 0.0, 0.0, 1.0],
                [0.834853, 0.0, -0.550472, -5e-06, -0.550472, 0.0, -0.834853, 0.000946, 0.0, 1.0, 0.0, 0.755725, 0.0, 0.0, 0.0, 1.0]
            ]
        },
        {
            "name": "Thigh_R",
            "time": [0.0, 0.1833, 0.3667, 0.4667, 0.5667, 0.6667, 1.05, 1.1333, 1.3, 1.4167, 1.7833],
            "transform": [
                [0.996122, 0.062436, -0.061977, 0.124994, 0.068868, -0.99179, 0.107731, -0.002831, -0.054742, -0.11158, -0.992247, -1.2e-05, 0.0, 0.0, 0.0, 1.0],
                [0.918085, 0.355177, -0.175975, 0.124994, 0.320443, -0.926359, -0.19792, -0.002831, -0.233313, 0.125318, -0.964293, -1.2e-05, 0.0, 0.0, 0.0, 1.0],
                [0.924169, 0.34125, -0.171637, 0.132692, 0.324322, -0.938378, -0.11941, -0.004842, -0.20181, 0.05469, -0.977897, -0.007682, 0.0, 0.0, 0.0, 1.0],
                [0.946399, 0.232656, -0.224052, 0.162372, 0.31424, -0.823654, 0.472064, -0.012596, -0.074714, -0.517165, -0.852618, -0.037256, 0.0, 0.0, 0.0, 1.0],
                [0.962248, 0.203346, -0.180908, 0.18628, 0.271549, -0.672335, 0.68864, -0.018842, 0.018401, -0.711767, -0.702174, -0.061078, 0.0, 0.0, 0.0, 1.0],
                [0.962248, 0.234954, -0.137382, 0.18628, 0.271549, -0.79464, 0.54296, -0.018842, 0.018401, -0.559767, -0.828445, -0.061078, 0.0, 0.0, 0.0, 1.0],
                [0.962248, 0.234954, -0.137382, 0.18628, 0.271549, -0.79464, 0.54296, -0.018842, 0.018401, -0.559767, -0.828445, -0.061078, 0.0, 0.0, 0.0, 1.0],
                [0.962248, 0.234954, -0.137382, 0.18628, 0.271549, -0.79464, 0.54296, -0.018842, 0.018401, -0.559767, -0.828445, -0.061078, 0.0, 0.0, 0.0, 1.0],
                [0.962248, 0.234954, -0.137382, 0.18628, 0.271549, -0.79464, 0.54296, -0.018842, 0.018401, -0.559767, -0.828445, -0.061078, 0.0, 0.0, 0.0, 1.0],
                [0.973105, 0.212126, -0.089824, 0.169628, 0.228436, -0.838276, 0.495084, -0.029352, 0.029723, -0.502286, -0.86419, -0.056855, 0.0, 0.0, 0.0, 1.0],
                [0.996122, 0.062436, -0.061977, 0.124994, 0.068868, -0.99179, 0.107731, -0.002831, -0.054742, -0.11158, -0.992247, -1.2e-05, 0.0, 0.0, 0.0, 1.0]
            ]
        },
        {
            "name": "Leg_R",
            "time": [0.0, 0.1833, 0.3667, 0.4667, 0.5667, 0.6667, 1.05, 1.1333, 1.3, 1.4167, 1.7833],
            "transform": [
                [1.0, -0.0, 2e-06, -0.0, -0.0, 0.987268, 0.15907, 0.37472, -2e-06, -0.15907, 0.987267, 0.0, 0.0, 0.0, 0.0, 1.0],
                [1.0, -0.0, 2e-06, -0.0, -0.0, 0.987268, 0.15907, 0.37472, -2e-06, -0.15907, 0.987267, 0.0, 0.0, 0.0, 0.0, 1.0],
                [1.0, -0.0, 2e-06, 0.0, -0.0, 0.987268, 0.15907, 0.37472, -2e-06, -0.15907, 0.987266, 0.0, 0.0, 0.0, 0.0, 1.0],
                [1.0, -2e-06, 1e-06, -0.0, -0.0, 0.386066, 0.922471, 0.37472, -2e-06, -0.922472, 0.386065, 0.0, 0.0, 0.0, 0.0, 1.0],
                [1.0, -1e-06, 2e-06, -0.0, -0.0, 0.868425, 0.495821, 0.37472, -2e-06, -0.495822, 0.868424, 0.0, 0.0, 0.0, 0.0, 1.0],
                [1.0, -1e-06, 2e-06, -0.0, -0.0, 0.868425, 0.495821, 0.37472, -2e-06, -0.495822, 0.868424, -0.0, 0.0, 0.0, 0.0, 1.0],
                [1.0, -1e-06, 2e-06, -0.0, -0.0, 0.868425, 0.495821, 0.37472, -2e-06, -0.495822, 0.868424, -0.0, 0.0, 0.0, 0.0, 1.0],
                [1.0, -1e-06, 2e-06, -0.0, -0.0, 0.868425, 0.495821, 0.37472, -2e-06, -0.495822, 0.868424, -0.0, 0.0, 0.0, 0.0, 1.0],
                [1.0, -1e-06, 2e-06, -0.0, -0.0, 0.868425, 0.495821, 0.37472, -2e-06, -0.495822, 0.868424, -0.0, 0.0, 0.0, 0.0, 1.0],
                [1.0, -1e-06, 2e-06, -0.0, -0.0, 0.893931, 0.448205, 0.37472, -2e-06, -0.448205, 0.89393, -0.0, 0.0, 0.0, 0.0, 1.0],
                [1.0, -0.0, 2e-06, -0.0, -0.0, 0.987268, 0.15907, 0.37472, -2e-06, -0.15907, 0.987267, 0.0, 0.0, 0.0, 0.0, 1.0]
            ]
        },
        {
            "name": "Knee_R",
            "time": [0.0, 0.1833, 0.3667, 0.5667, 0.6667, 1.05, 1.1333, 1.3, 1.4167, 1.7833],
            "transform": [
                [1.0, 0.0, -0.0, -0.0, -0.0, 1e-06, -1.0, 0.37472, 0.0, 1.0, 1e-06, 0.0, 0.0, 0.0, 0.0, 1.0],
                [1.0, 0.0, -0.0, -0.0, -0.0, 1e-06, -1.0, 0.37472, -0.0, 1.0, 1e-06, 0.0, 0.0, 0.0, 0.0, 1.0],
                [1.0, 0.0, -0.0, 0.0, -0.0, 1e-06, -1.0, 0.37472, -0.0, 1.0, 1e-06, 0.0, 0.0, 0.0, 0.0, 1.0],
                [1.0, 0.0, -0.0, -0.0, -0.0, 1e-06, -1.0, 0.37472, -0.0, 1.0, 1e-06, 0.0, 0.0, 0.0, 0.0, 1.0],
                [1.0, -0.0, -0.0, -0.0, -0.0, 1e-06, -1.0, 0.37472, -0.0, 1.0, 1e-06, -0.0, 0.0, 0.0, 0.0, 1.0],
                [1.0, -0.0, -0.0, -0.0, -0.0, 1e-06, -1.0, 0.37472, -0.0, 1.0, 1e-06, -0.0, 0.0, 0.0, 0.0, 1.0],
                [1.0, -0.0, -0.0, -0.0, -0.0, 1e-06, -1.0, 0.37472, -0.0, 1.0, 1e-06, -0.0, 0.0, 0.0, 0.0, 1.0],
                [1.0, -0.0, -0.0, -0.0, -0.0, 1e-06, -1.0, 0.37472, -0.0, 1.0, 1e-06, -0.0, 0.0, 0.0, 0.0, 1.0],
                [1.0, 0.0, -0.0, -0.0, -0.0, 1e-06, -1.0, 0.37472, -0.0, 1.0, 1e-06, -0.0, 0.0, 0.0, 0.0, 1.0],
                [1.0, 0.0, -0.0, -0.0, -0.0, 1e-06, -1.0, 0.37472, 0.0, 1.0, 1e-06, 0.0, 0.0, 0.0, 0.0, 1.0]
            ]
        },
        {
            "name": "Thigh_L",
            "time": [0.0, 0.1833, 0.3667, 0.5667, 0.6667, 1.05, 1.1333, 1.3, 1.4167, 1.7833],
            "transform": [
                [0.866588, -0.188811, -0.461924, -0.125006, -0.027838, -0.942508, 0.333022, -0.002831, -0.498245, -0.275734, -0.822023, -1.2e-05, 0.0, 0.0, 0.0, 1.0],
                [0.866588, -0.302095, -0.397193, -0.17604, -0.027838, -0.823969, 0.565951, 0.035182, -0.498245, -0.479389, -0.722452, -0.062514, 0.0, 0.0, 0.0, 1.0],
                [0.866831, -0.279164, -0.413123, -0.171787, -0.052468, -0.875036, 0.481205, 0.029484, -0.495832, -0.395448, -0.773156, -0.051279, 0.0, 0.0, 0.0, 1.0],
                [0.855693, -0.215973, -0.47026, -0.191088, -0.387431, -0.869805, -0.305508, -0.014919, -0.343053, 0.443616, -0.827961, 0.082416, 0.0, 0.0, 0.0, 1.0],
                [0.877684, -0.138673, -0.458738, -0.191088, -0.27178, -0.932435, -0.238118, -0.014919, -0.394722, 0.333669, -0.856072, 0.082416, 0.0, 0.0, 0.0, 1.0],
                [0.877684, -0.138673, -0.458738, -0.191088, -0.27178, -0.932435, -0.238118, -0.014919, -0.394722, 0.333669, -0.856072, 0.082416, 0.0, 0.0, 0.0, 1.0],
                [0.877684, -0.138673, -0.458738, -0.191088, -0.27178, -0.932435, -0.238118, -0.014919, -0.394722, 0.333669, -0.856072, 0.082416, 0.0, 0.0, 0.0, 1.0],
                [0.877684, -0.138673, -0.458738, -0.191088, -0.27178, -0.932435, -0.238118, -0.014919, -0.394722, 0.333669, -0.856072, 0.082416, 0.0, 0.0, 0.0, 1.0],
                [0.87871, -0.142885, -0.455468, -0.191088, -0.243304, -0.95497, -0.169812, -0.014919, -0.410694, 0.260033, -0.873906, 0.082416, 0.0, 0.0, 0.0, 1.0],
                [0.866588, -0.188811, -0.461924, -0.125006, -0.027838, -0.942508, 0.333022, -0.002831, -0.498245, -0.275734, -0.822023, -1.2e-05, 0.0, 0.0, 0.0, 1.0]
            ]
        },
        {
            "name": "Leg_L",
            "time": [0.0, 0.1833, 0.3667, 0.5667, 0.6667, 1.05, 1.1333, 1.3, 1.4167, 1.7833],
            "transform": [
                [1.0, -0.0, 1e-06, -0.0, 0.0, 0.978347, 0.206971, 0.37472, -1e-06, -0.206971, 0.978347, 0.0, 0.0, 0.0, 0.0, 1.0],
                [1.0, -1e-06, 1e-06, -0.0, 0.0, 0.857156, 0.515057, 0.37472, -1e-06, -0.515056, 0.857156, -0.0, 0.0, 0.0, 0.0, 1.0],
                [1.0, -1e-06, 1e-06, 0.0, 0.0, 0.883426, 0.468571, 0.37472, -1e-06, -0.46857, 0.883426, 0.0, 0.0, 0.0, 0.0, 1.0],
                [1.0, -0.0, 1e-06, 0.0, 0.0, 0.993532, 0.113549, 0.37472, -1e-06, -0.113549, 0.993533, 0.0, 0.0, 0.0, 0.0, 1.0],
                [1.0, -0.0, 1e-06, -0.0, 0.0, 0.993532, 0.113549, 0.37472, -1e-06, -0.113549, 0.993533, 0.0, 0.0, 0.0, 0.0, 1.0],
                [1.0, -0.0, 1e-06, -0.0, 0.0, 0.993532, 0.113549, 0.37472, -1e-06, -0.113549, 0.993533, 0.0, 0.0, 0.0, 0.0, 1.0],
                [1.0, -0.0, 1e-06, -0.0, 0.0, 0.993532, 0.113549, 0.37472, -1e-06, -0.113549, 0.993533, 0.0, 0.0, 0.0, 0.0, 1.0],
                [1.0, -0.0, 1e-06, -0.0, 0.0, 0.993532, 0.113549, 0.37472, -1e-06, -0.113549, 0.993533, 0.0, 0.0, 0.0, 0.0, 1.0],
                [1.0, -0.0, 1e-06, 0.0, 0.0, 0.982014, 0.188807, 0.37472, -1e-06, -0.188807, 0.982014, -0.0, 0.0, 0.0, 0.0, 1.0],
                [1.0, -0.0, 1e-06, -0.0, 0.0, 0.978347, 0.206971, 0.37472, -1e-06, -0.206971, 0.978347, 0.0, 0.0, 0.0, 0.0, 1.0]
            ]
        },
        {
            "name": "Knee_L",
            "time": [0.0, 0.1833, 0.3667, 0.5667, 0.6667, 1.05, 1.1333, 1.3, 1.4167, 1.7833],
            "transform": [
                [1.0, 0.0, -0.0, -0.0, -0.0, 1e-06, -1.0, 0.37472, -0.0, 1.0, 1e-06, 0.0, 0.0, 0.0, 0.0, 1.0],
                [1.0, 0.0, -0.0, -0.0, -0.0, 1e-06, -1.0, 0.37472, -0.0, 1.0, 1e-06, -0.0, 0.0, 0.0, 0.0, 1.0],
                [1.0, 0.0, -0.0, 0.0, -0.0, 1e-06, -1.0, 0.37472, -0.0, 1.0, 1e-06, 0.0, 0.0, 0.0, 0.0, 1.0],
                [1.0, 0.0, -0.0, 0.0, -0.0, 1e-06, -1.0, 0.37472, -0.0, 1.0, 1e-06, 0.0, 0.0, 0.0, 0.0, 1.0],
                [1.0, 0.0, -0.0, -0.0, -0.0, 1e-06, -1.0, 0.37472, -0.0, 1.0, 1e-06, 0.0, 0.0, 0.0, 0.0, 1.0],
                [1.0, 0.0, -0.0, -0.0, -0.0, 1e-06, -1.0, 0.37472, -0.0, 1.0, 1e-06, 0.0, 0.0, 0.0, 0.0, 1.0],
                [1.0, 0.0, -0.0, -0.0, -0.0, 1e-06, -1.0, 0.37472, -0.0, 1.0, 1e-06, 0.0, 0.0, 0.0, 0.0, 1.0],
                [1.0, 0.0, -0.0, -0.0, -0.0, 1e-06, -1.0, 0.37472, -0.0, 1.0, 1e-06, 0.0, 0.0, 0.0, 0.0, 1.0],
                [1.0, 0.0, -0.0, 0.0, -0.0, 1e-06, -1.0, 0.37472, -0.0, 1.0, 1e-06, -0.0, 0.0, 0.0, 0.0, 1.0],
                [1.0, 0.0, -0.0, -0.0, -0.0, 1e-06, -1.0, 0.37472, -0.0, 1.0, 1e-06, 0.0, 0.0, 0.0, 0.0, 1.0]
            ]
        },
        {
            "name": "Torso",
            "time": [0.0, 0.1833, 0.3667, 0.5667, 0.6667, 1.05, 1.1333, 1.3, 1.4167, 1.7833],
            "transform": [
                [0.981277, 0.0108, -0.192301, -0.0, -0.017548, 0.999287, -0.033421, 0.05, 0.191803, 0.036169, 0.980767, -0.0, 0.0, 0.0, 0.0, 1.0],
                [0.981277, 0.05329, -0.185085, -0.0, -0.017548, 0.981701, 0.189617, 0.05, 0.191803, -0.182819, 0.964256, 0.0, 0.0, 0.0, 0.0, 1.0],
                [0.986211, 0.055924, -0.155761, -0.0, -0.028868, 0.984878, 0.170831, 0.05, 0.162959, -0.163979, 0.972911, -0.0, 0.0, 0.0, 0.0, 1.0],
                [0.997467, 0.059745, 0.038599, 0.0, -0.060968, 0.997648, 0.031321, 0.05, -0.036636, -0.033595, 0.998764, 0.0, 0.0, 0.0, 0.0, 1.0],
                [0.997467, 0.059745, 0.038599, 0.0, -0.060968, 0.997648, 0.031321, 0.05, -0.036636, -0.033595, 0.998764, 0.0, 0.0, 0.0, 0.0, 1.0],
                [0.997467, 0.059745, 0.038599, 0.0, -0.060968, 0.997648, 0.031321, 0.05, -0.036636, -0.033595, 0.998764, 0.0, 0.0, 0.0, 0.0, 1.0],
                [0.997467, 0.059745, 0.038599, 0.0, -0.060968, 0.997648, 0.031321, 0.05, -0.036636, -0.033595, 0.998764, 0.0, 0.0, 0.0, 0.0, 1.0],
                [0.997467, 0.059745, 0.038599, 0.0, -0.060968, 0.997648, 0.031321, 0.05, -0.036636, -0.033595, 0.998764, 0.0, 0.0, 0.0, 0.0, 1.0],
                [0.997467, 0.059745, 0.038599, -0.0, -0.060968, 0.997648, 0.031321, 0.05, -0.036636, -0.033595, 0.998764, 0.0, 0.0, 0.0, 0.0, 1.0],
                [0.981277, 0.0108, -0.192301, -0.0, -0.017548, 0.999287, -0.033421, 0.05, 0.191803, 0.036169, 0.980767, -0.0, 0.0, 0.0, 0.0, 1.0]
            ]
        },
        {
            "name": "Chest",
            "time": [0.0, 0.1833, 0.3667, 0.4833, 0.5667, 0.6667, 0.8833, 1.05, 1.1333, 1.3, 1.4167, 1.7833],
            "transform": [
                [0.999771, -0.020499, -0.006186, 0.0, 0.021411, 0.954317, 0.298026, 0.3, -0.000206, -0.29809, 0.954538, -0.0, 0.0, 0.0, 0.0, 1.0],
                [0.999771, -0.015949, -0.014287, 0.0, 0.021411, 0.738243, 0.674195, 0.3, -0.000206, -0.674346, 0.738415, -0.0, 0.0, 0.0, 0.0, 1.0],
                [0.998787, -0.017886, 0.045868, -0.0, -0.015035, 0.776352, 0.630121, 0.3, -0.04688, -0.630046, 0.775141, 0.0, 0.0, 0.0, 0.0, 1.0],
                [0.947909, -0.10567, 0.300503, 0.0, -0.141747, 0.704897, 0.695002, 0.3, -0.285265, -0.701394, 0.6532, 0.0, 0.0, 0.0, 0.0, 1.0],
                [0.894678, 0.062235, 0.442355, -0.0, -0.175878, 0.959342, 0.22075, 0.3, -0.410631, -0.2753, 0.869248, -0.0, 0.0, 0.0, 0.0, 1.0],
                [0.894251, 0.067556, 0.442438, 0.0, -0.184177, 0.956508, 0.226209, 0.3, -0.407914, -0.283775, 0.867801, 0.0, 0.0, 0.0, 0.0, 1.0],
                [0.894737, 0.06672, 0.441581, 0.0, -0.188152, 0.953057, 0.237236, 0.3, -0.405023, -0.295349, 0.865289, 0.0, 0.0, 0.0, 0.0, 1.0],
                [0.894698, 0.063317, 0.442161, 0.0, -0.178854, 0.957864, 0.224739, 0.3, -0.4093, -0.280156, 0.868324, 0.0, 0.0, 0.0, 0.0, 1.0],
                [0.894678, 0.062235, 0.442355, 0.0, -0.175878, 0.959342, 0.22075, 0.3, -0.410631, -0.2753, 0.869248, 0.0, 0.0, 0.0, 0.0, 1.0],
                [0.894678, 0.062235, 0.442355, 0.0, -0.175878, 0.959342, 0.22075, 0.3, -0.410631, -0.2753, 0.869248, 0.0, 0.0, 0.0, 0.0, 1.0],
                [0.894678, 0.062235, 0.442355, 0.0, -0.175878, 0.959342, 0.22075, 0.3, -0.410631, -0.275301, 0.869248, -0.0, 0.0, 0.0, 0.0, 1.0],
                [0.999771, -0.020499, -0.006186, 0.0, 0.021411, 0.954317, 0.298026, 0.3, -0.000206, -0.29809, 0.954538, -0.0, 0.0, 0.0, 0.0, 1.0]
            ]
        },
        {
            "name": "Head",
            "time": [0.0, 0.1833, 0.3667, 0.4833, 0.5667, 0.6667, 0.8833, 1.05, 1.1333, 1.3, 1.4167, 1.7833],
            "transform": [
                [0.692979, -0.013322, 0.720835, -0.0, 0.203294, 0.962868, -0.177643, 0.4, -0.691702, 0.269644, 0.669955, -0.0, 0.0, 0.0, 0.0, 1.0],
                [0.692979, -0.013322, 0.720835, -0.0, 0.203294, 0.962868, -0.177643, 0.4, -0.691703, 0.269644, 0.669955, -0.0, 0.0, 0.0, 0.0, 1.0],
                [0.692979, -0.037096, 0.720003, 0.0, 0.203294, 0.968205, -0.145779, 0.4, -0.691703, 0.247394, 0.678487, 0.0, 0.0, 0.0, 0.0, 1.0],
                [0.917744, -0.364954, -0.156697, -0.0, 0.190149, 0.750113, -0.633383, 0.4, 0.348696, 0.551488, 0.757807, 0.0, 0.0, 0.0, 0.0, 1.0],
                [0.538986, -0.264719, -0.799636, -0.0, 0.156572, 0.964273, -0.213687, 0.4, 0.827635, -0.010027, 0.561177, 0.0, 0.0, 0.0, 0.0, 1.0],
                [0.538986, -0.277919, -0.795145, -0.0, 0.156572, 0.960604, -0.229618, 0.4, 0.827635, -0.000736, 0.561266, 0.0, 0.0, 0.0, 0.0, 1.0],
                [0.538986, -0.29893, -0.787487, -0.0, 0.156572, 0.95417, -0.255039, 0.4, 0.827635, 0.014164, 0.561088, 0.0, 0.0, 0.0, 0.0, 1.0],
                [0.538986, -0.27303, -0.796837, 0.0, 0.156572, 0.961996, -0.223714, 0.4, 0.827635, -0.004183, 0.561251, 0.0, 0.0, 0.0, 0.0, 1.0],
                [0.538986, -0.264719, -0.799636, -0.0, 0.156572, 0.964273, -0.213687, 0.4, 0.827635, -0.010027, 0.561177, 0.0, 0.0, 0.0, 0.0, 1.0],
                [0.538986, -0.264719, -0.799636, -0.0, 0.156572, 0.964273, -0.213687, 0.4, 0.827635, -0.010027, 0.561177, 0.0, 0.0, 0.0, 0.0, 1.0],
                [0.463623, -0.264719, -0.845564, 0.0, 0.13638, 0.964273, -0.227106, 0.4, 0.875474, -0.010027, 0.483161, -0.0, 0.0, 0.0, 0.0, 1.0],
                [0.692979, -0.013322, 0.720835, -0.0, 0.203294, 0.962868, -0.177643, 0.4, -0.691702, 0.269644, 0.669955, -0.0, 0.0, 0.0, 0.0, 1.0]
            ]
        },
        {
            "name": "Shoulder_R",
            "time": [0.0, 0.1833, 0.3667, 0.5667, 0.6667, 0.8333, 0.8833, 1.05, 1.1333, 1.3, 1.4167, 1.7833],
            "transform": [
                [0.225029, 0.926554, 0.301428, -0.0, -0.04706, -0.298666, 0.953197, 0.4, 0.973215, -0.228682, -0.023605, -0.0, 0.0, 0.0, 0.0, 1.0],
                [0.225029, 0.926554, 0.301428, -0.0, -0.04706, -0.298666, 0.953197, 0.4, 0.973215, -0.228682, -0.023605, -0.0, 0.0, 0.0, 0.0, 1.0],
                [0.225029, 0.926554, 0.301428, 0.0, -0.04706, -0.298666, 0.953197, 0.4, 0.973215, -0.228682, -0.023605, 0.0, 0.0, 0.0, 0.0, 1.0],
                [0.225029, 0.973502, -0.040674, -0.0, -0.04706, 0.052555, 0.997508, 0.4, 0.973215, -0.222554, 0.05764, 0.0, 0.0, 0.0, 0.0, 1.0],
                [0.225029, 0.973502, -0.040674, -0.0, -0.04706, 0.052555, 0.997508, 0.4, 0.973215, -0.222554, 0.05764, 0.0, 0.0, 0.0, 0.0, 1.0],
                [0.225029, 0.974241, 0.014719, -0.0, -0.04706, -0.004222, 0.998883, 0.4, 0.973215, -0.22547, 0.044898, -0.0, 0.0, 0.0, 0.0, 1.0],
                [0.225029, 0.972997, -0.051372, -0.0, -0.04706, 0.063516, 0.996871, 0.4, 0.973215, -0.221907, 0.060082, 0.0, 0.0, 0.0, 0.0, 1.0],
                [0.225029, 0.973391, -0.043259, 0.0, -0.04706, 0.055204, 0.997365, 0.4, 0.973215, -0.2224, 0.05823, 0.0, 0.0, 0.0, 0.0, 1.0],
                [0.225029, 0.973502, -0.040674, -0.0, -0.04706, 0.052555, 0.997508, 0.4, 0.973215, -0.222554, 0.05764, 0.0, 0.0, 0.0, 0.0, 1.0],
                [0.225029, 0.973502, -0.040674, -0.0, -0.04706, 0.052555, 0.997508, 0.4, 0.973215, -0.222554, 0.05764, 0.0, 0.0, 0.0, 0.0, 1.0],
                [0.225029, 0.973503, -0.040674, 0.0, -0.04706, 0.052555, 0.997508, 0.4, 0.973215, -0.222554, 0.05764, -0.0, 0.0, 0.0, 0.0, 1.0],
                [0.225029, 0.926554, 0.301428, -0.0, -0.04706, -0.298666, 0.953197, 0.4, 0.973215, -0.228682, -0.023605, -0.0, 0.0, 0.0, 0.0, 1.0]
            ]
        },
        {
            "name": "Arm_R",
            "time": [0.0, 0.1833, 0.3667, 0.4833, 0.5667, 0.6667, 0.7333, 0.7833, 0.8333, 0.8833, 0.9333, 0.9833, 1.05, 1.1333, 1.3, 1.4167, 1.7833],
            "transform": [
                [0.134014, 0.008048, -0.990947, 0.0, 0.883404, 0.452144, 0.123142, 0.393861, 0.449042, -0.891909, 0.053483, -0.0, 0.0, 0.0, 0.0, 1.0],
                [0.134014, -0.745114, -0.653334, 0.0, 0.883404, 0.388565, -0.261945, 0.393861, 0.449041, -0.542053, 0.71031, 0.0, 0.0, 0.0, 0.0, 1.0],
                [0.285775, -0.82684, -0.484425, -0.0, 0.832207, 0.464773, -0.302355, 0.39386, 0.475147, -0.316736, 0.820922, -0.0, 0.0, 0.0, 0.0, 1.0],
                [0.818714, -0.542496, 0.188165, 0.0, 0.482043, 0.471301, -0.738587, 0.39386, 0.311998, 0.695395, 0.647367, -0.0, 0.0, 0.0, 0.0, 1.0],
                [0.957244, -0.276627, -0.084628, 0.0, 0.247861, 0.935141, -0.253134, 0.393861, 0.149163, 0.221335, 0.963723, 0.0, 0.0, 0.0, 0.0, 1.0],
                [0.958767, -0.274107, -0.075039, -0.0, 0.245432, 0.931736, -0.26764, 0.39386, 0.143278, 0.238188, 0.960592, 0.0, 0.0, 0.0, 0.0, 1.0],
                [0.959435, -0.277208, -0.05138, -0.0, 0.245559, 0.911203, -0.33077, 0.393861, 0.13851, 0.304736, 0.942311, 0.0, 0.0, 0.0, 0.0, 1.0],
                [0.959734, -0.269359, -0.079728, 0.0, 0.245744, 0.94256, -0.226251, 0.39386, 0.136092, 0.197548, 0.9708, 0.0, 0.0, 0.0, 0.0, 1.0],
                [0.959915, -0.268486, -0.080488, -0.0, 0.246486, 0.945304, -0.213645, 0.39386, 0.133446, 0.185242, 0.97359, -0.0, 0.0, 0.0, 0.0, 1.0],
                [0.960064, -0.269895, -0.073713, 0.0, 0.24731, 0.941855, -0.227478, 0.393861, 0.130822, 0.200164, 0.970989, 0.0, 0.0, 0.0, 0.0, 1.0],
                [0.959397, -0.25929, -0.111025, -0.0, 0.247874, 0.962887, -0.106801, 0.39386, 0.134597, 0.074944, 0.988062, 0.0, 0.0, 0.0, 0.0, 1.0],
                [0.95908, -0.280341, -0.039687, -0.0, 0.248003, 0.899405, -0.359952, 0.39386, 0.136604, 0.335381, 0.932126, 0.0, 0.0, 0.0, 0.0, 1.0],
                [0.958392, -0.279472, -0.05814, -0.0, 0.247772, 0.915578, -0.316743, 0.393861, 0.141752, 0.289159, 0.946728, 0.0, 0.0, 0.0, 0.0, 1.0],
                [0.957244, -0.276627, -0.084628, 0.0, 0.247861, 0.935141, -0.253134, 0.393861, 0.149163, 0.221335, 0.963723, 0.0, 0.0, 0.0, 0.0, 1.0],
                [0.957244, -0.276627, -0.084628, 0.0, 0.247861, 0.935141, -0.253134, 0.393861, 0.149163, 0.221335, 0.963723, 0.0, 0.0, 0.0, 0.0, 1.0],
                [0.844242, -0.496292, -0.202359, -0.0, 0.358848, 0.80386, -0.47438, 0.393861, 0.3981, 0.327876, 0.856746, -0.0, 0.0, 0.0, 0.0, 1.0],
                [0.134014, 0.008048, -0.990947, 0.0, 0.883404, 0.452144, 0.123142, 0.393861, 0.449042, -0.891909, 0.053483, -0.0, 0.0, 0.0, 0.0, 1.0]
            ]
        },
        {
            "name": "Hand_R",
            "time": [0.0, 0.1833, 0.3667, 0.5667, 0.6667, 0.7333, 0.7833, 0.8333, 0.8833, 0.9333, 0.9833, 1.05, 1.1333, 1.3, 1.4167, 1.7833],
            "transform": [
                [0.999985, 0.001325, 0.005391, -0.0, -0.00125, 0.999903, -0.013885, 0.3, -0.005409, 0.013878, 0.999889, -0.0, 0.0, 0.0, 0.0, 1.0],
                [0.999985, 0.001325, 0.005391, -0.0, -0.00125, 0.999903, -0.013885, 0.3, -0.005409, 0.013878, 0.999889, 0.0, 0.0, 0.0, 0.0, 1.0],
                [0.999985, 0.001325, 0.005391, 0.0, -0.00125, 0.999903, -0.013885, 0.3, -0.005409, 0.013878, 0.999889, -0.0, 0.0, 0.0, 0.0, 1.0],
                [0.999985, 0.001325, 0.005391, -0.0, -0.00125, 0.999903, -0.013885, 0.3, -0.005409, 0.013878, 0.999889, -0.0, 0.0, 0.0, 0.0, 1.0],
                [0.999985, 0.001325, 0.005391, 0.0, -0.00125, 0.999903, -0.013885, 0.3, -0.005409, 0.013878, 0.999889, 0.0, 0.0, 0.0, 0.0, 1.0],
                [0.999985, 0.000576, 0.005522, 0.0, -0.00125, 0.99242, 0.122886, 0.3, -0.005409, -0.122891, 0.992405, -0.0, 0.0, 0.0, 0.0, 1.0],
                [0.999985, 0.001512, 0.005342, -0.0, -0.00125, 0.998818, -0.048594, 0.3, -0.005409, 0.048587, 0.998804, -0.0, 0.0, 0.0, 0.0, 1.0],
                [0.999985, 0.001812, 0.005247, 0.0, -0.00125, 0.994457, -0.105138, 0.3, -0.005409, 0.10513, 0.994444, -0.0, 0.0, 0.0, 0.0, 1.0],
                [0.999985, 0.001428, 0.005365, -0.0, -0.00125, 0.999458, -0.032905, 0.3, -0.005409, 0.032898, 0.999444, -0.0, 0.0, 0.0, 0.0, 1.0],
                [0.999985, 0.001937, 0.005203, -0.0, -0.00125, 0.99166, -0.128874, 0.3, -0.005409, 0.128866, 0.991647, -0.0, 0.0, 0.0, 0.0, 1.0],
                [0.999985, 0.000561, 0.005523, 0.0, -0.00125, 0.992069, 0.125688, 0.3, -0.005409, -0.125693, 0.992054, -0.0, 0.0, 0.0, 0.0, 1.0],
                [0.999985, 0.000876, 0.005482, 0.0, -0.00125, 0.997638, 0.068681, 0.3, -0.005409, -0.068687, 0.997624, -0.0, 0.0, 0.0, 0.0, 1.0],
                [0.999985, 0.001325, 0.005391, 0.0, -0.00125, 0.999903, -0.013885, 0.3, -0.005409, 0.013878, 0.999889, -0.0, 0.0, 0.0, 0.0, 1.0],
                [0.999985, 0.001325, 0.005391, 0.0, -0.00125, 0.999903, -0.013885, 0.3, -0.005409, 0.013878, 0.999889, -0.0, 0.0, 0.0, 0.0, 1.0],
                [0.999985, 0.001325, 0.005391, 0.0, -0.00125, 0.999903, -0.013885, 0.3, -0.005409, 0.013878, 0.999889, -0.0, 0.0, 0.0, 0.0, 1.0],
                [0.999985, 0.001325, 0.005391, -0.0, -0.00125, 0.999903, -0.013885, 0.3, -0.005409, 0.013878, 0.999889, -0.0, 0.0, 0.0, 0.0, 1.0]
            ]
        },
        {
            "name": "Tool_R",
            "time": [0.0, 0.1833, 0.3667, 0.5667, 0.6667, 1.05, 1.1333, 1.3, 1.4167, 1.7833],
            "transform": [
                [0.120004, -0.0, 0.0, -0.0, 0.0, -0.113289, -0.03958, 0.272858, 0.0, 0.039556, -0.113223, -0.0, 0.0, 0.0, 0.0, 1.0],
                [0.120004, 0.0, 0.0, 0.0, 0.0, -0.113289, -0.03958, 0.272858, 0.0, 0.039556, -0.113223, -0.0, 0.0, 0.0, 0.0, 1.0],
                [0.120004, -0.0, 0.0, 0.0, 0.0, -0.107399, -0.053539, 0.272858, 0.0, 0.053507, -0.107336, 0.0, 0.0, 0.0, 0.0, 1.0],
                [0.120004, -0.0, 0.0, 0.0, 0.0, -0.02365, -0.117651, 0.272858, 0.0, 0.117581, -0.023637, 0.0, 0.0, 0.0, 0.0, 1.0],
                [0.255523, -0.0, 0.0, -0.0, 0.0, -0.050357, -0.250511, 0.272858, 0.0, 0.250362, -0.05033, 0.0, 0.0, 0.0, 0.0, 1.0],
                [1.059318, -0.0, 0.0, 0.0, -0.0, -0.208766, -1.038543, 0.272858, 0.0, 1.037926, -0.208653, -0.0, 0.0, 0.0, 0.0, 1.0],
                [1.1, -0.0, 0.0, 0.0, 0.0, -0.216783, -1.078427, 0.272858, 0.0, 1.077786, -0.216667, -0.0, 0.0, 0.0, 0.0, 1.0],
                [1.0, -0.0, 0.0, 0.0, -0.0, -0.197076, -0.980388, 0.272858, 0.0, 0.979806, -0.19697, -0.0, 0.0, 0.0, 0.0, 1.0],
                [1.0, -0.0, 0.0, 0.0, -0.0, -0.412415, -0.910996, 0.272858, 0.0, 0.910452, -0.412181, -0.0, 0.0, 0.0, 0.0, 1.0],
                [1.0, -0.0, 0.0, -0.0, 0.0, -0.944043, -0.329823, 0.272858, 0.0, 0.329618, -0.943487, -0.0, 0.0, 0.0, 0.0, 1.0]
            ]
        },
        {
            "name": "Elbow_R",
            "time": [0.0, 0.1833, 0.3667, 0.5667, 0.6667, 1.05, 1.1333, 1.3, 1.4167, 1.7833],
            "transform": [
                [-1.0, 0.0, -0.0, -0.0, 0.0, -0.0, -1.0, 0.3, -0.0, -1.0, 0.0, -0.0, 0.0, 0.0, 0.0, 1.0],
                [-1.0, 0.0, -0.0, -0.0, 0.0, -0.0, -1.0, 0.3, -0.0, -1.0, 0.0, 0.0, 0.0, 0.0, 0.0, 1.0],
                [-1.0, 0.0, -0.0, 0.0, 0.0, -0.0, -1.0, 0.3, -0.0, -1.0, 0.0, -0.0, 0.0, 0.0, 0.0, 1.0],
                [-1.0, 0.0, -0.0, -0.0, 0.0, -0.0, -1.0, 0.3, -0.0, -1.0, 0.0, -0.0, 0.0, 0.0, 0.0, 1.0],
                [-1.0, 0.0, -0.0, 0.0, 0.0, -0.0, -1.0, 0.3, -0.0, -1.0, 0.0, 0.0, 0.0, 0.0, 0.0, 1.0],
                [-1.0, 0.0, -0.0, 0.0, 0.0, -0.0, -1.0, 0.3, -0.0, -1.0, 0.0, -0.0, 0.0, 0.0, 0.0, 1.0],
                [-1.0, 0.0, -0.0, 0.0, 0.0, -0.0, -1.0, 0.3, -0.0, -1.0, 0.0, -0.0, 0.0, 0.0, 0.0, 1.0],
                [-1.0, 0.0, -0.0, 0.0, 0.0, -0.0, -1.0, 0.3, -0.0, -1.0, 0.0, -0.0, 0.0, 0.0, 0.0, 1.0],
                [-1.0, 0.0, -0.0, 0.0, 0.0, -0.0, -1.0, 0.3, -0.0, -1.0, 0.0, -0.0, 0.0, 0.0, 0.0, 1.0],
                [-1.0, 0.0, -0.0, -0.0, 0.0, -0.0, -1.0, 0.3, -0.0, -1.0, 0.0, -0.0, 0.0, 0.0, 0.0, 1.0]
            ]
        },
        {
            "name": "Shoulder_L",
            "time": [0.0, 0.1833, 0.3667, 0.5667, 0.6667, 1.05, 1.1333, 1.3, 1.4167, 1.7833],
            "transform": [
                [-0.027182, -0.953182, -0.301172, -0.0, -0.040545, -0.299984, 0.953082, 0.4, -0.998808, 0.038118, -0.030493, -0.0, 0.0, 0.0, 0.0, 1.0],
                [-0.027182, -0.953182, -0.301172, -0.0, -0.040545, -0.299984, 0.953082, 0.4, -0.998808, 0.038117, -0.030493, -0.0, 0.0, 0.0, 0.0, 1.0],
                [-0.027182, -0.942175, -0.334016, 0.0, -0.040545, -0.332825, 0.942117, 0.4, -0.998808, 0.039151, -0.029154, 0.0, 0.0, 0.0, 0.0, 1.0],
                [-0.027182, -0.834781, -0.549911, -0.0, -0.040545, -0.548741, 0.835009, 0.4, -0.998808, 0.044993, -0.018931, 0.0, 0.0, 0.0, 0.0, 1.0],
                [-0.027182, -0.834781, -0.549911, -0.0, -0.040545, -0.548741, 0.835008, 0.4, -0.998808, 0.044993, -0.018931, 0.0, 0.0, 0.0, 0.0, 1.0],
                [-0.027182, -0.834781, -0.549911, 0.0, -0.040545, -0.548741, 0.835008, 0.4, -0.998808, 0.044993, -0.018931, 0.0, 0.0, 0.0, 0.0, 1.0],
                [-0.027182, -0.834781, -0.549911, -0.0, -0.040545, -0.548741, 0.835009, 0.4, -0.998808, 0.044993, -0.018931, 0.0, 0.0, 0.0, 0.0, 1.0],
                [-0.027182, -0.834781, -0.549911, -0.0, -0.040545, -0.548741, 0.835009, 0.4, -0.998808, 0.044993, -0.018931, 0.0, 0.0, 0.0, 0.0, 1.0],
                [-0.027182, -0.834781, -0.549911, 0.0, -0.040545, -0.548741, 0.835008, 0.4, -0.998808, 0.044993, -0.01893, -0.0, 0.0, 0.0, 0.0, 1.0],
                [-0.027182, -0.953182, -0.301172, -0.0, -0.040545, -0.299984, 0.953082, 0.4, -0.998808, 0.038118, -0.030493, -0.0, 0.0, 0.0, 0.0, 1.0]
            ]
        },
        {
            "name": "Arm_L",
            "time": [0.0, 0.1833, 0.3667, 0.5667, 0.6667, 0.8833, 1.05, 1.1333, 1.3, 1.4167, 1.7833],
            "transform": [
                [-0.31706, -0.03265, 0.947844, -0.0, -0.817821, 0.51549, -0.255809, 0.39386, -0.480252, -0.856273, -0.190143, 0.0, 0.0, 0.0, 0.0, 1.0],
                [-0.066759, 0.465002, 0.882789, -0.0, -0.73153, 0.578873, -0.360237, 0.39386, -0.678533, -0.669835, 0.301518, -0.0, 0.0, 0.0, 0.0, 1.0],
                [-0.044685, 0.408564, 0.911635, 0.0, -0.728106, 0.611493, -0.309739, 0.39386, -0.684007, -0.677608, 0.270153, 0.0, 0.0, 0.0, 0.0, 1.0],
                [-0.066759, 0.014456, 0.997664, -0.0, -0.73153, 0.67927, -0.058793, 0.39386, -0.678533, -0.733746, -0.034772, 0.0, 0.0, 0.0, 0.0, 1.0],
                [-0.066759, 0.098622, 0.992883, -0.0, -0.73153, 0.671882, -0.115923, 0.39386, -0.678533, -0.734062, 0.027291, -0.0, 0.0, 0.0, 0.0, 1.0],
                [-0.066759, 0.231957, 0.970432, 0.0, -0.73153, 0.65004, -0.205699, 0.393861, -0.678533, -0.723632, 0.126288, 0.0, 0.0, 0.0, 0.0, 1.0],
                [-0.066759, 0.067418, 0.995489, 0.0, -0.73153, 0.675189, -0.094784, 0.39386, -0.678533, -0.734557, 0.004244, 0.0, 0.0, 0.0, 0.0, 1.0],
                [-0.066759, 0.014456, 0.997664, 0.0, -0.73153, 0.67927, -0.058793, 0.39386, -0.678533, -0.733746, -0.034772, -0.0, 0.0, 0.0, 0.0, 1.0],
                [-0.066759, 0.014456, 0.997664, 0.0, -0.73153, 0.67927, -0.058793, 0.39386, -0.678533, -0.733746, -0.034772, -0.0, 0.0, 0.0, 0.0, 1.0],
                [-0.063354, 0.025533, 0.997664, -0.0, -0.606178, 0.793153, -0.058793, 0.39386, -0.792801, -0.608487, -0.034772, 0.0, 0.0, 0.0, 0.0, 1.0],
                [-0.31706, -0.03265, 0.947844, -0.0, -0.817821, 0.51549, -0.255809, 0.39386, -0.480252, -0.856273, -0.190143, 0.0, 0.0, 0.0, 0.0, 1.0]
            ]
        },
        {
            "name": "Hand_L",
            "time": [0.0, 0.1833, 0.3667, 0.5667, 0.6667, 1.05, 1.1333, 1.3, 1.4167, 1.7833],
            "transform": [
                [0.99932, -0.035435, 0.010227, 0.0, 0.03687, 0.966806, -0.25284, 0.3, -0.000928, 0.253045, 0.967454, -0.0, 0.0, 0.0, 0.0, 1.0],
                [0.99932, -0.035435, 0.010227, -0.0, 0.03687, 0.966806, -0.25284, 0.3, -0.000929, 0.253045, 0.967454, 0.0, 0.0, 0.0, 0.0, 1.0],
                [0.99932, -0.035435, 0.010227, 0.0, 0.036869, 0.966806, -0.25284, 0.3, -0.000928, 0.253045, 0.967454, 0.0, 0.0, 0.0, 0.0, 1.0],
                [0.99932, -0.035435, 0.010227, -0.0, 0.03687, 0.966806, -0.25284, 0.3, -0.000929, 0.253045, 0.967454, 0.0, 0.0, 0.0, 0.0, 1.0],
                [0.99932, -0.035435, 0.010227, 0.0, 0.036869, 0.966806, -0.25284, 0.3, -0.000928, 0.253045, 0.967454, -0.0, 0.0, 0.0, 0.0, 1.0],
                [0.99932, -0.035435, 0.010227, 0.0, 0.03687, 0.966806, -0.25284, 0.3, -0.000929, 0.253045, 0.967455, 0.0, 0.0, 0.0, 0.0, 1.0],
                [0.99932, -0.035435, 0.010227, 0.0, 0.03687, 0.966806, -0.25284, 0.3, -0.000929, 0.253045, 0.967454, 0.0, 0.0, 0.0, 0.0, 1.0],
                [0.99932, -0.035435, 0.010227, 0.0, 0.03687, 0.966806, -0.25284, 0.3, -0.000929, 0.253045, 0.967454, 0.0, 0.0, 0.0, 0.0, 1.0],
                [0.99932, -0.034436, 0.013206, -0.0, 0.036869, 0.941779, -0.334205, 0.3, -0.000928, 0.334464, 0.942408, 0.0, 0.0, 0.0, 0.0, 1.0],
                [0.99932, -0.035435, 0.010227, 0.0, 0.03687, 0.966806, -0.25284, 0.3, -0.000928, 0.253045, 0.967454, -0.0, 0.0, 0.0, 0.0, 1.0]
            ]
        },
        {
            "name": "Tool_L",
            "time": [0.0, 0.1833, 0.3667, 0.5667, 0.6667, 1.05, 1.1333, 1.3, 1.4167, 1.7833],
            "transform": [
                [1.0, 0.0, 0.0, 0.0, 0.0, -0.999836, 0.018122, 0.272858, 0.0, -0.018122, -0.999248, -0.0, 0.0, 0.0, 0.0, 1.0],
                [1.0, 0.0, 0.0, -0.0, 0.0, -0.999836, 0.018122, 0.272858, 0.0, -0.018122, -0.999247, -0.0, 0.0, 0.0, 0.0, 1.0],
                [1.0, 0.0, 0.0, -0.0, 0.0, -0.999836, 0.018122, 0.272858, 0.0, -0.018122, -0.999247, -0.0, 0.0, 0.0, 0.0, 1.0],
                [1.0, -0.0, 0.0, 0.0, 0.0, -0.999836, 0.018122, 0.272858, 0.0, -0.018122, -0.999247, 0.0, 0.0, 0.0, 0.0, 1.0],
                [1.0, 0.0, 0.0, 0.0, 0.0, -0.999836, 0.018122, 0.272858, 0.0, -0.018122, -0.999247, -0.0, 0.0, 0.0, 0.0, 1.0],
                [1.0, 0.0, 0.0, 0.0, 0.0, -0.999836, 0.018122, 0.272858, 0.0, -0.018122, -0.999247, 0.0, 0.0, 0.0, 0.0, 1.0],
                [1.0, -0.0, 0.0, 0.0, 0.0, -0.999836, 0.018122, 0.272858, 0.0, -0.018122, -0.999247, 0.0, 0.0, 0.0, 0.0, 1.0],
                [1.0, -0.0, 0.0, 0.0, 0.0, -0.999836, 0.018122, 0.272858, 0.0, -0.018122, -0.999247, 0.0, 0.0, 0.0, 0.0, 1.0],
                [1.0, 0.0, 0.0, -0.0, 0.0, -0.999836, 0.018122, 0.272858, 0.0, -0.018122, -0.999248, 0.0, 0.0, 0.0, 0.0, 1.0],
                [1.0, 0.0, 0.0, 0.0, 0.0, -0.999836, 0.018122, 0.272858, 0.0, -0.018122, -0.999248, -0.0, 0.0, 0.0, 0.0, 1.0]
            ]
        },
        {
            "name": "Elbow_L",
            "time": [0.0, 0.1833, 0.3667, 0.5667, 0.6667, 1.05, 1.1333, 1.3, 1.4167, 1.7833],
            "transform": [
                [-1.0, 0.0, -0.0, 0.0, 0.0, -0.0, -1.0, 0.3, -0.0, -1.0, -0.0, -0.0, 0.0, 0.0, 0.0, 1.0],
                [-1.0, 0.0, -0.0, -0.0, 0.0, -0.0, -1.0, 0.3, -0.0, -1.0, -0.0, 0.0, 0.0, 0.0, 0.0, 1.0],
                [-1.0, 0.0, -0.0, 0.0, 0.0, -0.0, -1.0, 0.3, -0.0, -1.0, 0.0, 0.0, 0.0, 0.0, 0.0, 1.0],
                [-1.0, 0.0, -0.0, -0.0, -0.0, -0.0, -1.0, 0.3, -0.0, -1.0, 0.0, 0.0, 0.0, 0.0, 0.0, 1.0],
                [-1.0, 0.0, 0.0, 0.0, 0.0, -0.0, -1.0, 0.3, -0.0, -1.0, -0.0, -0.0, 0.0, 0.0, 0.0, 1.0],
                [-1.0, 0.0, -0.0, 0.0, 0.0, -0.0, -1.0, 0.3, -0.0, -1.0, -0.0, 0.0, 0.0, 0.0, 0.0, 1.0],
                [-1.0, 0.0, -0.0, 0.0, -0.0, -0.0, -1.0, 0.3, -0.0, -1.0, 0.0, 0.0, 0.0, 0.0, 0.0, 1.0],
                [-1.0, 0.0, -0.0, 0.0, -0.0, -0.0, -1.0, 0.3, -0.0, -1.0, 0.0, 0.0, 0.0, 0.0, 0.0, 1.0],
                [-1.0, 0.0, -0.0, -0.0, 0.0, -0.0, -1.0, 0.3, -0.0, -1.0, -0.0, 0.0, 0.0, 0.0, 0.0, 1.0],
                [-1.0, 0.0, -0.0, 0.0, 0.0, -0.0, -1.0, 0.3, -0.0, -1.0, -0.0, -0.0, 0.0, 0.0, 0.0, 1.0]
            ]
        }
    ]
}