{
    "animation": [
        {
            "name": "Root",
            "time": [0.0, 0.0667, 0.45, 0.5667, 0.7, 0.7833, 0.9333, 1.1, 1.35, 1.65],
            "transform": [
                [0.834853, 0.0, -0.550472, -5e-06, -0.550472, 0.0, -0.834853, 0.000946, 0.0, 1.0, 0.0, 0.755725, 0.0, 0.0, 0.0, 1.0],
                [0.83071, 0.010398, -0.556609, -0.002119, -0.556264, 0.055357, -0.82916, 0.014372, 0.02219, 0.998412, 0.05177, 0.593023, 0.0, 0.0, 0.0, 1.0],
                [0.829283, 0.002832, -0.558821, -0.002793, -0.557374, 0.076284, -0.826749, 0.026418, 0.040288, 0.997082, 0.064839, 0.541205, 0.0, 0.0, 0.0, 1.0],
                [0.846694, -0.047, -0.53, 0.007486, -0.525784, 0.078879, -0.846953, 0.047686, 0.081613, 0.995776, 0.042074, 0.675298, 0.0, 0.0, 0.0, 1.0],
                [0.88888, -0.413878, 0.196463, -0.085827, 0.128461, -0.186463, -0.974027, 0.57005, 0.439762, 0.891031, -0.112576, 0.902835, 0.0, 0.0, 0.0, 1.0],
                [0.844097, -0.491858, 0.379934, -0.077821, 0.327703, -0.255861, -0.924053, 0.767642, 0.424395, 1.175845, -0.042145, 0.984374, 0.0, 0.0, 0.0, 1.0],
                [0.23525, -0.25638, 0.937511, 0.103209, 0.971934, 0.060539, -0.227332, 1.344331, 0.001528, 0.964679, 0.263426, 0.530334, 0.0, 0.0, 0.0, 1.0],
                [0.065316, -0.261463, 0.963001, 0.140831, 0.991082, 0.129325, -0.032108, 1.446113, -0.116146, 0.95651, 0.267578, 0.453759, 0.0, 0.0, 0.0, 1.0],
                [0.050802, -0.258221, 0.964749, 0.144319, 0.990071, 0.139793, -0.014719, 1.45524, -0.131064, 0.955918, 0.262759, 0.446713, 0.0, 0.0, 0.0, 1.0],
                [0.834853, 0.0, -0.550472, 0.051783, -0.550472, 0.0, -0.834853, 1.087117, 0.0, 1.0, 0.0, 0.769479, 0.0, 0.0, 0.0, 1.0]
            ]
        },
        {
            "name": "Thigh_R",
            "time": [0.0, 0.0667, 0.45, 0.5667, 0.7, 0.7833, 0.9333, 1.1, 1.35, 1.65],
            "transform": [
                [0.996122, 0.062436, -0.061977, 0.124994, 0.068868, -0.99179, 0.107731, -0.002831, -0.054742, -0.11158, -0.992247, -1.2e-05, 0.0, 0.0, 0.0, 1.0],
                [0.913939, 0.387385, 0.121024, 0.155435, 0.396782, -0.91555, -0.065788, 0.056056, 0.085318, 0.108147, -0.990467, 0.020994, 0.0, 0.0, 0.0, 1.0],
                [0.851168, 0.469828, 0.234036, 0.165131, 0.500809, -0.860427, -0.094082, 0.07481, 0.157169, 0.197286, -0.967665, 0.027684, 0.0, 0.0, 0.0, 1.0],
                [0.913702, 0.299022, 0.275196, 0.124994, 0.291317, -0.954098, 0.069478, -0.002831, 0.28334, 0.016688, -0.958875, -1.2e-05, 0.0, 0.0, 0.0, 1.0],
                [0.929903, 0.224864, 0.29106, 0.124994, -0.276549, -0.09426, 0.956366, -0.002831, 0.242488, -0.969818, -0.025467, -1.2e-05, 0.0, 0.0, 0.0, 1.0],
                [0.903159, 0.29877, 0.308286, 0.12887, -0.302552, -0.066498, 0.95081, -0.00492, 0.304574, -0.952003, 0.030334, -0.001356, 0.0, 0.0, 0.0, 1.0],
                [0.324603, 0.933144, 0.154502, 0.168515, -0.212436, -0.087247, 0.973272, -0.026283, 0.921685, -0.348748, 0.169913, -0.015103, 0.0, 0.0, 0.0, 1.0],
                [0.143357, 0.983361, 0.111567, 0.176941, -0.169804, -0.086619, 0.981664, -0.030824, 0.974995, -0.159672, 0.154561, -0.018025, 0.0, 0.0, 0.0, 1.0],
                [0.11576, 0.986131, 0.11892, 0.177727, -0.155966, -0.100193, 0.982668, -0.031248, 0.980955, -0.132301, 0.142204, -0.018298, 0.0, 0.0, 0.0, 1.0],
                [0.996122, 0.062436, -0.061977, 0.124994, 0.068868, -0.99179, 0.107731, -0.002831, -0.054742, -0.11158, -0.992247, -1.2e-05, 0.0, 0.0, 0.0, 1.0]
            ]
        },
        {
            "name": "Leg_R",
            "time": [0.0, 0.0667, 0.45, 0.5667, 0.7, 0.7833, 0.9333, 1.1, 1.35, 1.65],
            "transform": [
                [1.0, -0.0, 2e-06, -0.0, -0.0, 0.987268, 0.15907, 0.37472, -2e-06, -0.15907, 0.987267, 0.0, 0.0, 0.0, 0.0, 1.0],
                [1.0, -0.0, 2e-06, 0.0, -0.0, 0.941187, 0.337887, 0.37472, -2e-06, -0.337887, 0.941186, 0.0, 0.0, 0.0, 0.0, 1.0],
                [1.0, -1e-06, 2e-06, 0.0, -0.0, 0.881333, 0.472496, 0.37472, -2e-06, -0.472497, 0.881332, 0.0, 0.0, 0.0, 0.0, 1.0],
                [1.0, -1e-06, 2e-06, 0.0, -0.0, 0.751078, 0.660213, 0.37472, -2e-06, -0.660214, 0.751077, 0.0, 0.0, 0.0, 0.0, 1.0],
                [1.0, -2e-06, -0.0, -0.0, -1e-06, -0.305494, 0.952194, 0.37472, -2e-06, -0.952195, -0.305493, 0.0, 0.0, 0.0, 0.0, 1.0],
                [1.0, -2e-06, 0.0, 0.0, -1e-06, -0.259902, 0.965634, 0.37472, -2e-06, -0.965636, -0.259902, 0.0, 0.0, 0.0, 0.0, 1.0],
                [1.0, -2e-06, 1e-06, 0.0, -1e-06, 0.18655, 0.982445, 0.37472, -2e-06, -0.982446, 0.18655, -0.0, 0.0, 0.0, 0.0, 1.0],
                [1.0, -2e-06, 1e-06, 0.0, -1e-06, 0.293861, 0.955847, 0.37472, -2e-06, -0.955849, 0.293861, -0.0, 0.0, 0.0, 0.0, 1.0],
                [1.0, -2e-06, 1e-06, 0.0, -1e-06, 0.338696, 0.940895, 0.37472, -2e-06, -0.940897, 0.338695, 0.0, 0.0, 0.0, 0.0, 1.0],
                [1.0, -0.0, 2e-06, -0.0, -0.0, 0.987268, 0.15907, 0.37472, -2e-06, -0.15907, 0.987267, -0.0, 0.0, 0.0, 0.0, 1.0]
            ]
        },
        {
            "name": "Knee_R",
            "time": [0.0, 0.0667, 0.45, 0.5667, 0.7, 0.7833, 0.9333, 1.1, 1.35, 1.65],
            "transform": [
                [1.0, 0.0, -0.0, -0.0, -0.0, 1e-06, -1.0, 0.37472, 0.0, 1.0, 1e-06, 0.0, 0.0, 0.0, 0.0, 1.0],
                [1.0, 0.0, -0.0, 0.0, -0.0, 1e-06, -1.0, 0.37472, -0.0, 1.0, 1e-06, 0.0, 0.0, 0.0, 0.0, 1.0],
                [1.0, 0.0, -0.0, 0.0, -0.0, 1e-06, -1.0, 0.37472, -0.0, 1.0, 1e-06, 0.0, 0.0, 0.0, 0.0, 1.0],
                [1.0, 0.0, -0.0, 0.0, -0.0, 0.032882, -0.999459, 0.37472, -0.0, 0.999459, 0.032882, 0.0, 0.0, 0.0, 0.0, 1.0],
                [1.0, 0.0, -0.0, -0.0, -0.0, 0.633057, -0.774106, 0.37472, -0.0, 0.774105, 0.633057, 0.0, 0.0, 0.0, 0.0, 1.0],
                [1.0, 0.0, -0.0, 0.0, -0.0, 0.633057, -0.774105, 0.37472, -0.0, 0.774105, 0.633057, 0.0, 0.0, 0.0, 0.0, 1.0],
                [1.0, 0.0, -0.0, 0.0, -0.0, 0.633057, -0.774105, 0.37472, -0.0, 0.774105, 0.633057, -0.0, 0.0, 0.0, 0.0, 1.0],
                [1.0, 0.0, -0.0, 0.0, -0.0, 0.633057, -0.774105, 0.37472, -0.0, 0.774105, 0.633057, -0.0, 0.0, 0.0, 0.0, 1.0],
                [1.0, 0.0, -0.0, 0.0, -0.0, 0.633057, -0.774105, 0.37472, -0.0, 0.774105, 0.633057, 0.0, 0.0, 0.0, 0.0, 1.0],
                [1.0, 0.0, -0.0, -0.0, -0.0, 1e-06, -1.0, 0.37472, 0.0, 1.0, 1e-06, -0.0, 0.0, 0.0, 0.0, 1.0]
            ]
        },
        {
            "name": "Thigh_L",
            "time": [0.0, 0.0667, 0.45, 0.5667, 0.7, 0.7833, 0.9333, 1.1, 1.35, 1.65],
            "transform": [
                [0.866588, -0.188811, -0.461924, -0.125006, -0.027838, -0.942508, 0.333022, -0.002831, -0.498245, -0.275734, -0.822023, -1.2e-05, 0.0, 0.0, 0.0, 1.0],
                [0.860789, -0.41528, -0.294251, -0.13949, -0.021976, -0.607928, 0.793688, 0.036235, -0.508486, -0.676732, -0.532424, -0.011078, 0.0, 0.0, 0.0, 1.0],
                [0.866588, -0.455295, -0.20428, -0.144102, -0.027838, -0.45283, 0.891162, 0.048677, -0.498245, -0.766584, -0.405093, -0.014603, 0.0, 0.0, 0.0, 1.0],
                [0.883238, -0.399151, -0.246105, -0.125006, -0.109343, -0.685671, 0.719652, -0.002831, -0.455997, -0.608714, -0.649256, -1.2e-05, 0.0, 0.0, 0.0, 1.0],
                [0.928339, -0.368058, 0.052151, -0.125006, -0.338473, -0.89492, -0.290781, -0.002831, 0.153695, 0.252292, -0.955367, -1.2e-05, 0.0, 0.0, 0.0, 1.0],
                [0.907313, -0.4203, 0.01141, -0.125006, -0.403533, -0.878099, -0.257105, -0.002831, 0.118081, 0.228672, -0.966315, -1.2e-05, 0.0, 0.0, 0.0, 1.0],
                [0.717153, -0.637363, -0.281886, -0.125006, -0.469416, -0.740732, 0.480587, -0.002831, -0.51511, -0.212332, -0.830407, -1.2e-05, 0.0, 0.0, 0.0, 1.0],
                [0.654833, -0.690792, -0.306594, -0.144021, -0.404289, -0.662923, 0.630145, -0.065667, -0.638547, -0.288687, -0.713384, -0.014756, 0.0, 0.0, 0.0, 1.0],
                [0.649027, -0.695545, -0.308189, -0.125006, -0.397352, -0.655386, 0.642324, -0.002831, -0.648747, -0.294426, -0.70174, -1.2e-05, 0.0, 0.0, 0.0, 1.0],
                [0.866588, -0.188811, -0.461924, -0.125006, -0.027838, -0.942508, 0.333022, -0.002831, -0.498245, -0.275734, -0.822023, -1.2e-05, 0.0, 0.0, 0.0, 1.0]
            ]
        },
        {
            "name": "Leg_L",
            "time": [0.0, 0.0667, 0.45, 0.5667, 0.7, 0.7833, 0.9333, 1.1, 1.35, 1.65],
            "transform": [
                [1.0, -0.0, 1e-06, -0.0, 0.0, 0.978347, 0.206971, 0.37472, -1e-06, -0.206971, 0.978347, 0.0, 0.0, 0.0, 0.0, 1.0],
                [1.0, -1e-06, 0.0, 0.0, 0.0, 0.79382, 0.608153, 0.37472, -1e-06, -0.608152, 0.793821, 0.0, 0.0, 0.0, 0.0, 1.0],
                [1.0, -1e-06, 0.0, 0.0, 0.0, 0.700652, 0.713503, 0.37472, -1e-06, -0.713503, 0.700653, -0.0, 0.0, 0.0, 0.0, 1.0],
                [1.0, -1e-06, 0.0, 0.0, 0.0, 0.729066, 0.684443, 0.37472, -1e-06, -0.684443, 0.729066, 0.0, 0.0, 0.0, 0.0, 1.0],
                [1.0, -0.0, 1e-06, 0.0, 0.0, 0.998152, -0.060771, 0.37472, -1e-06, 0.060771, 0.998152, -0.0, 0.0, 0.0, 0.0, 1.0],
                [0.999982, -0.005798, 0.001451, 0.0, 0.00584, 0.999525, -0.03027, 0.37472, -0.001275, 0.030278, 0.999541, -0.0, 0.0, 0.0, 0.0, 1.0],
                [0.997741, -0.066923, 0.005884, -0.0, 0.062583, 0.957719, 0.280815, 0.37472, -0.024428, -0.279812, 0.959744, -0.0, 0.0, 0.0, 0.0, 1.0],
                [0.9968, -0.079817, 0.004346, 0.0, 0.073455, 0.936073, 0.344052, 0.37472, -0.031529, -0.342632, 0.938941, -0.0, 0.0, 0.0, 0.0, 1.0],
                [0.996705, -0.08101, 0.004159, 0.0, 0.074441, 0.933841, 0.349857, 0.37472, -0.032226, -0.348394, 0.936794, -0.0, 0.0, 0.0, 0.0, 1.0],
                [1.0, -0.0, 1e-06, -0.0, 0.0, 0.978347, 0.206971, 0.37472, -1e-06, -0.206971, 0.978347, 0.0, 0.0, 0.0, 0.0, 1.0]
            ]
        },
        {
            "name": "Knee_L",
            "time": [0.0, 0.0667, 0.45, 0.5667, 0.7, 0.7833, 0.9333, 1.1, 1.35, 1.65],
            "transform": [
                [1.0, 0.0, -0.0, -0.0, -0.0, 1e-06, -1.0, 0.37472, -0.0, 1.0, 1e-06, 0.0, 0.0, 0.0, 0.0, 1.0],
                [1.0, 0.0, -0.0, 0.0, -0.0, 1e-06, -1.0, 0.37472, -0.0, 1.0, 1e-06, 0.0, 0.0, 0.0, 0.0, 1.0],
                [1.0, 0.0, -0.0, 0.0, -0.0, 1e-06, -1.0, 0.37472, -0.0, 1.0, 1e-06, -0.0, 0.0, 0.0, 0.0, 1.0],
                [1.0, 0.0, -0.0, 0.0, -0.0, 1e-06, -1.0, 0.37472, -0.0, 1.0, 1e-06, 0.0, 0.0, 0.0, 0.0, 1.0],
                [1.0, 0.0, -0.0, 0.0, -0.0, 1e-06, -1.0, 0.37472, -0.0, 1.0, 1e-06, -0.0, 0.0, 0.0, 0.0, 1.0],
                [1.0, 0.0, -0.0, 0.0, -0.0, 1e-06, -1.0, 0.37472, -0.0, 1.0, 1e-06, -0.0, 0.0, 0.0, 0.0, 1.0],
                [1.0, 0.0, -0.0, -0.0, -0.0, 1e-06, -1.0, 0.37472, -0.0, 1.0, 1e-06, -0.0, 0.0, 0.0, 0.0, 1.0],
                [1.0, 0.0, -0.0, 0.0, -0.0, 1e-06, -1.0, 0.37472, -0.0, 1.0, 1e-06, -0.0, 0.0, 0.0, 0.0, 1.0],
                [1.0, 0.0, -0.0, 0.0, -0.0, 1e-06, -1.0, 0.37472, -0.0, 1.0, 1e-06, -0.0, 0.0, 0.0, 0.0, 1.0],
                [1.0, 0.0, -0.0, -0.0, -0.0, 1e-06, -1.0, 0.37472, -0.0, 1.0, 1e-06, 0.0, 0.0, 0.0, 0.0, 1.0]
            ]
        },
        {
            "name": "Torso",
            "time": [0.0, 0.0667, 0.45, 0.5667, 0.7, 0.7833, 0.9333, 1.1, 1.35, 1.65],
            "transform": [
                [0.981277, 0.0108, -0.192301, -0.0, -0.017548, 0.999287, -0.033421, 0.05, 0.191803, 0.036169, 0.980767, -0.0, 0.0, 0.0, 0.0, 1.0],
                [0.981277, 0.0108, -0.192301, -0.0, -0.017548, 0.999287, -0.033421, 0.05, 0.191803, 0.036169, 0.980767, -0.0, 0.0, 0.0, 0.0, 1.0],
                [0.981277, 0.0108, -0.192301, -0.0, -0.017548, 0.999287, -0.033421, 0.05, 0.191803, 0.036169, 0.980767, -0.0, 0.0, 0.0, 0.0, 1.0],
                [0.981277, 0.0108, -0.192301, -0.0, -0.017548, 0.999287, -0.033421, 0.05, 0.191803, 0.036169, 0.980767, -0.0, 0.0, 0.0, 0.0, 1.0],
                [0.981277, 0.0108, -0.192301, 0.0, -0.017548, 0.999287, -0.033421, 0.05, 0.191803, 0.036169, 0.980767, -0.0, 0.0, 0.0, 0.0, 1.0],
                [0.981277, 0.013947, -0.192098, -0.0, -0.017548, 0.999701, -0.017058, 0.05, 0.191803, 0.020109, 0.981227, 0.0, 0.0, 0.0, 0.0, 1.0],
                [0.980778, 0.035628, -0.191845, 0.0, -0.002111, 0.985069, 0.172148, 0.05, 0.195114, -0.168434, 0.966209, -0.0, 0.0, 0.0, 0.0, 1.0],
                [0.980694, 0.040181, -0.191378, -0.0, 0.001552, 0.977032, 0.213088, 0.05, 0.195544, -0.209271, 0.958107, 0.0, 0.0, 0.0, 0.0, 1.0],
                [0.980687, 0.040599, -0.191322, -0.0, 0.001891, 0.976204, 0.216845, 0.05, 0.195573, -0.213019, 0.957274, 0.0, 0.0, 0.0, 0.0, 1.0],
                [0.981277, 0.0108, -0.192301, -0.0, -0.017548, 0.999287, -0.033421, 0.05, 0.191803, 0.036169, 0.980767, 0.0, 0.0, 0.0, 0.0, 1.0]
            ]
        },
        {
            "name": "Chest",
            "time": [0.0, 0.0667, 0.45, 0.5667, 0.7, 0.7833, 0.9333, 1.1, 1.35, 1.65],
            "transform": [
                [0.999771, -0.020499, -0.006186, 0.0, 0.021411, 0.954317, 0.298026, 0.3, -0.000206, -0.29809, 0.954538, -0.0, 0.0, 0.0, 0.0, 1.0],
                [0.983395, -0.163415, -0.078927, 0.0, 0.181303, 0.865601, 0.46676, 0.3, -0.007957, -0.473319, 0.880855, 0.0, 0.0, 0.0, 0.0, 1.0],
                [0.972885, -0.204902, -0.107282, -0.0, 0.230678, 0.825946, 0.514393, 0.3, -0.016791, -0.525193, 0.850818, 0.0, 0.0, 0.0, 0.0, 1.0],
                [0.975204, -0.19672, -0.101381, -0.0, 0.220814, 0.834361, 0.505057, 0.3, -0.014767, -0.51492, 0.857111, -0.0, 0.0, 0.0, 0.0, 1.0],
                [0.562465, 0.084599, -0.822482, -0.0, -0.063169, 0.996241, 0.059273, 0.3, 0.824404, 0.018616, 0.565695, -0.0, 0.0, 0.0, 0.0, 1.0],
                [0.997323, 0.005022, 0.072948, 0.0, -0.02641, 0.955034, 0.295318, 0.3, -0.068185, -0.296454, 0.95261, -0.0, 0.0, 0.0, 0.0, 1.0],
                [0.886385, -0.02665, 0.46218, 0.0, -0.128684, 0.944814, 0.301275, 0.3, -0.444703, -0.326521, 0.83404, 0.0, 0.0, 0.0, 0.0, 1.0],
                [0.847323, -0.038041, 0.529713, -0.0, -0.145646, 0.942544, 0.300662, 0.3, -0.510716, -0.331908, 0.793099, -0.0, 0.0, 0.0, 0.0, 1.0],
                [0.843658, -0.038979, 0.535464, 0.0, -0.147204, 0.942345, 0.300528, 0.3, -0.516306, -0.332365, 0.789279, -0.0, 0.0, 0.0, 0.0, 1.0],
                [0.999771, -0.020499, -0.006186, 0.0, 0.021411, 0.954317, 0.298026, 0.3, -0.000206, -0.29809, 0.954538, 0.0, 0.0, 0.0, 0.0, 1.0]
            ]
        },
        {
            "name": "Head",
            "time": [0.0, 0.0667, 0.45, 0.5667, 0.7, 0.7833, 0.9333, 1.1, 1.35, 1.65],
            "transform": [
                [0.692979, -0.013322, 0.720835, -0.0, 0.203294, 0.962868, -0.177643, 0.4, -0.691702, 0.269644, 0.669955, -0.0, 0.0, 0.0, 0.0, 1.0],
                [0.692979, -0.013322, 0.720835, -0.0, 0.203294, 0.962868, -0.177643, 0.4, -0.691702, 0.269644, 0.669955, 0.0, 0.0, 0.0, 0.0, 1.0],
                [0.692979, -0.013322, 0.720835, 0.0, 0.203294, 0.962868, -0.177643, 0.4, -0.691702, 0.269644, 0.669955, 0.0, 0.0, 0.0, 0.0, 1.0],
                [0.717851, -0.018509, 0.69595, 0.0, 0.187548, 0.967832, -0.167709, 0.4, -0.670459, 0.250914, 0.698231, 0.0, 0.0, 0.0, 0.0, 1.0],
                [0.997693, 0.024992, 0.063124, 0.0, -0.033363, 0.990249, 0.135255, 0.4, -0.059128, -0.137049, 0.988798, 0.0, 0.0, 0.0, 0.0, 1.0],
                [0.988006, 0.035495, -0.150283, -0.0, -0.014546, 0.990289, 0.138261, 0.4, 0.153732, -0.134417, 0.978927, 0.0, 0.0, 0.0, 0.0, 1.0],
                [0.788598, 0.031669, -0.614093, -0.0, 0.057588, 0.99048, 0.125032, 0.4, 0.612207, -0.133965, 0.779267, -0.0, 0.0, 0.0, 0.0, 1.0],
                [0.733212, 0.028278, -0.679412, 0.0, 0.071621, 0.990366, 0.118513, 0.4, 0.676218, -0.135555, 0.724123, 0.0, 0.0, 0.0, 0.0, 1.0],
                [0.727296, 0.024992, -0.685868, -0.0, 0.076046, 0.990249, 0.116722, 0.4, 0.682097, -0.137049, 0.718304, 0.0, 0.0, 0.0, 0.0, 1.0],
                [0.692979, -0.013322, 0.720835, -0.0, 0.203294, 0.962868, -0.177643, 0.4, -0.691702, 0.269644, 0.669955, 0.0, 0.0, 0.0, 0.0, 1.0]
            ]
        },
        {
            "name": "Shoulder_R",
            "time": [0.0, 0.0667, 0.45, 0.5667, 0.7, 0.7833, 0.9333, 1.1, 1.35, 1.65],
            "transform": [
                [0.225029, 0.926554, 0.301428, -0.0, -0.04706, -0.298666, 0.953197, 0.4, 0.973215, -0.228682, -0.023605, -0.0, 0.0, 0.0, 0.0, 1.0],
                [0.225029, 0.926554, 0.301428, -0.0, -0.04706, -0.298666, 0.953197, 0.4, 0.973215, -0.228682, -0.023605, 0.0, 0.0, 0.0, 0.0, 1.0],
                [0.225029, 0.926554, 0.301428, 0.0, -0.04706, -0.298666, 0.953197, 0.4, 0.973215, -0.228682, -0.023605, 0.0, 0.0, 0.0, 0.0, 1.0],
                [0.225029, 0.934551, 0.275636, 0.0, -0.04706, -0.272137, 0.961107, 0.4, 0.973215, -0.229248, -0.017259, 0.0, 0.0, 0.0, 0.0, 1.0],
                [0.225029, 0.94154, -0.250726, 0.0, -0.04706, 0.267528, 0.9624, 0.4, 0.973215, -0.204769, 0.10451, 0.0, 0.0, 0.0, 0.0, 1.0],
                [0.225029, 0.948191, -0.224265, -0.0, -0.04706, 0.240476, 0.969514, 0.4, 0.973215, -0.207615, 0.098736, 0.0, 0.0, 0.0, 0.0, 1.0],
                [0.589464, 0.476874, 0.652014, -0.0, -0.499324, -0.419382, 0.758152, 0.4, 0.634986, -0.77247, -0.009095, -0.0, 0.0, 0.0, 0.0, 1.0],
                [0.572328, 0.235748, 0.785407, 0.0, -0.636004, -0.476973, 0.606626, 0.4, 0.517629, -0.846711, -0.123048, 0.0, 0.0, 0.0, 0.0, 1.0],
                [0.568523, 0.21452, 0.794205, -0.0, -0.647072, -0.479552, 0.592729, 0.4, 0.508015, -0.850888, -0.133826, 0.0, 0.0, 0.0, 0.0, 1.0],
                [0.225029, 0.926554, 0.301428, -0.0, -0.04706, -0.298666, 0.953197, 0.4, 0.973215, -0.228682, -0.023605, 0.0, 0.0, 0.0, 0.0, 1.0]
            ]
        },
        {
            "name": "Arm_R",
            "time": [0.0, 0.0667, 0.45, 0.5667, 0.7, 0.7833, 0.8667, 0.9333, 1.1, 1.35, 1.65],
            "transform": [
                [0.134014, 0.008048, -0.990947, 0.0, 0.883404, 0.452144, 0.123142, 0.393861, 0.449042, -0.891909, 0.053483, -0.0, 0.0, 0.0, 0.0, 1.0],
                [0.42868, 0.316594, -0.846168, -0.0, 0.429351, 0.752679, 0.499131, 0.393861, 0.794916, -0.577271, 0.186729, -0.0, 0.0, 0.0, 0.0, 1.0],
                [0.757914, 0.313174, -0.572266, -0.0, 0.512955, 0.255879, 0.819392, 0.39386, 0.403043, -0.914575, 0.033291, -0.0, 0.0, 0.0, 0.0, 1.0],
                [-0.497681, 0.849087, -0.177098, -0.0, 0.74243, 0.522592, 0.419161, 0.393861, 0.448455, 0.077126, -0.890472, -0.0, 0.0, 0.0, 0.0, 1.0],
                [-0.020304, 0.182709, 0.982957, -0.0, 0.715588, 0.689266, -0.113337, 0.39386, -0.698227, 0.701092, -0.14474, 0.0, 0.0, 0.0, 0.0, 1.0],
                [0.189085, -0.13694, 0.972365, -0.0, 0.596071, 0.802927, -0.002834, 0.39386, -0.78035, 0.580134, 0.233447, 0.0, 0.0, 0.0, 0.0, 1.0],
                [0.814792, -0.366646, 0.449093, 0.0, 0.006881, 0.780689, 0.624881, 0.39386, -0.579713, -0.506058, 0.638622, 0.0, 0.0, 0.0, 0.0, 1.0],
                [0.823073, -0.509804, 0.2503, 0.0, -0.223205, 0.114888, 0.967977, 0.393861, -0.522235, -0.852585, -0.019229, -0.0, 0.0, 0.0, 0.0, 1.0],
                [0.86015, -0.50079, -0.096701, 0.0, 0.008463, -0.175556, 0.984433, 0.393861, -0.509971, -0.847579, -0.146767, 0.0, 0.0, 0.0, 0.0, 1.0],
                [0.871236, -0.472203, -0.134062, 0.0, 0.04073, -0.202629, 0.978408, 0.39386, -0.489172, -0.857884, -0.157305, -0.0, 0.0, 0.0, 0.0, 1.0],
                [-0.329415, -0.30616, -0.893169, -0.0, 0.820056, 0.376079, -0.431362, 0.393861, 0.467968, -0.874546, 0.127182, 0.0, 0.0, 0.0, 0.0, 1.0]
            ]
        },
        {
            "name": "Hand_R",
            "time": [0.0, 0.0667, 0.45, 0.5667, 0.7, 0.7833, 0.9333, 1.1, 1.35, 1.65],
            "transform": [
                [0.999985, 0.001325, 0.005391, -0.0, -0.00125, 0.999903, -0.013885, 0.3, -0.005409, 0.013878, 0.999889, -0.0, 0.0, 0.0, 0.0, 1.0],
                [0.999985, 0.001325, 0.005391, 0.0, -0.00125, 0.999903, -0.013885, 0.3, -0.005409, 0.013878, 0.999889, -0.0, 0.0, 0.0, 0.0, 1.0],
                [0.999985, 0.001325, 0.005391, 0.0, -0.00125, 0.999903, -0.013885, 0.3, -0.005409, 0.013878, 0.999889, -0.0, 0.0, 0.0, 0.0, 1.0],
                [0.999985, 0.001325, 0.005391, -0.0, -0.00125, 0.999903, -0.013885, 0.3, -0.005409, 0.013878, 0.999889, -0.0, 0.0, 0.0, 0.0, 1.0],
                [0.999985, 0.001325, 0.005391, -0.0, -0.00125, 0.999903, -0.013885, 0.3, -0.005409, 0.013878, 0.999889, -0.0, 0.0, 0.0, 0.0, 1.0],
                [0.999985, 0.001325, 0.005391, -0.0, -0.00125, 0.999903, -0.013885, 0.3, -0.005409, 0.013878, 0.999889, -0.0, 0.0, 0.0, 0.0, 1.0],
                [0.999985, 0.001325, 0.005391, 0.0, -0.00125, 0.999903, -0.013885, 0.3, -0.005409, 0.013878, 0.999889, 0.0, 0.0, 0.0, 0.0, 1.0],
                [0.999985, 0.001325, 0.005391, -0.0, -0.00125, 0.999903, -0.013885, 0.3, -0.005409, 0.013878, 0.999889, -0.0, 0.0, 0.0, 0.0, 1.0],
                [0.999985, 0.001325, 0.005391, 0.0, -0.00125, 0.999903, -0.013885, 0.3, -0.005409, 0.013878, 0.999889, -0.0, 0.0, 0.0, 0.0, 1.0],
                [0.999985, 0.001325, 0.005391, -0.0, -0.00125, 0.999903, -0.013885, 0.3, -0.005409, 0.013878, 0.999889, 0.0, 0.0, 0.0, 0.0, 1.0]
            ]
        },
        {
            "name": "Tool_R",
            "time": [0.0, 0.0667, 0.1167, 0.1667, 0.2167, 0.2667, 0.45, 0.5667, 0.7, 0.7833, 0.9333, 1.1, 1.35, 1.65],
            "transform": [
                [1.0, -0.0, 0.0, -0.0, 0.0, -0.944043, -0.329823, 0.272858, 0.0, 0.329618, -0.943487, -0.0, 0.0, 0.0, 0.0, 1.0],
                [1.0, -0.0, 0.0, 0.0, 0.0, -0.674785, -0.738014, 0.272858, 0.0, 0.73757, -0.674394, -0.0, 0.0, 0.0, 0.0, 1.0],
                [1.0, -0.0, 0.0, -0.016922, 0.0, -0.447259, -0.441534, 0.283673, 0.0, 0.476468, -0.413977, 0.003615, 0.0, 0.0, 0.0, 1.0],
                [1.0, -0.0, 0.0, 0.037884, 0.0, -0.728671, -0.770309, 0.248195, 0.0, 0.725765, -0.772478, -0.019616, 0.0, 0.0, 0.0, 1.0],
                [1.0, -0.0, 0.0, -0.067166, 0.0, -0.576073, -0.939595, 0.236008, 0.0, 0.521321, -1.037044, 0.039809, 0.0, 0.0, 0.0, 1.0],
                [1.0, -0.0, 0.0, 0.043601, 0.0, -0.606243, -0.315851, 0.256409, 0.0, 0.48595, -0.393568, -0.019179, 0.0, 0.0, 0.0, 1.0],
                [1.0, 0.0, 0.0, -0.0, 0.0, -0.905105, -0.425189, 0.272858, 0.0, 0.424928, -0.904573, 0.0, 0.0, 0.0, 0.0, 1.0],
                [1.0, -0.0, 0.0, -0.0, 0.0, -0.944043, -0.329823, 0.272858, 0.0, 0.329618, -0.943487, -0.0, 0.0, 0.0, 0.0, 1.0],
                [1.0, -0.0, 0.0, 0.0, -0.0, -0.944043, -0.329823, 0.272858, 0.0, 0.329618, -0.943487, 0.0, 0.0, 0.0, 0.0, 1.0],
                [1.0, -0.0, 0.0, -0.0, 0.0, -0.944043, -0.329823, 0.272858, 0.0, 0.329618, -0.943487, -0.0, 0.0, 0.0, 0.0, 1.0],
                [1.0, -0.0, 0.0, -0.0, 0.0, -0.601823, -0.79863, 0.272858, 0.0, 0.79815, -0.601475, -0.0, 0.0, 0.0, 0.0, 1.0],
                [1.0, -0.0, 0.0, 0.0, 0.0, -0.468024, -0.883716, 0.272858, 0.0, 0.883188, -0.467756, -0.0, 0.0, 0.0, 0.0, 1.0],
                [1.0, -0.0, 0.0, -0.0, 0.0, -0.455945, -0.890008, 0.272858, 0.0, 0.889476, -0.455685, 0.0, 0.0, 0.0, 0.0, 1.0],
                [1.0, -0.0, 0.0, 0.0, 0.0, -0.944043, -0.329823, 0.272858, 0.0, 0.329618, -0.943487, -0.0, 0.0, 0.0, 0.0, 1.0]
            ]
        },
        {
            "name": "Elbow_R",
            "time": [0.0, 0.0667, 0.45, 0.5667, 0.7, 0.7833, 0.9333, 1.1, 1.35, 1.65],
            "transform": [
                [-1.0, 0.0, -0.0, -0.0, 0.0, -0.0, -1.0, 0.3, -0.0, -1.0, 0.0, -0.0, 0.0, 0.0, 0.0, 1.0],
                [-1.0, 0.0, -0.0, 0.0, 0.0, 0.0, -1.0, 0.3, -0.0, -1.0, 0.0, -0.0, 0.0, 0.0, 0.0, 1.0],
                [-1.0, 0.0, -0.0, 0.0, -0.0, -0.0, -1.0, 0.3, -0.0, -1.0, 0.0, -0.0, 0.0, 0.0, 0.0, 1.0],
                [-1.0, 0.0, -0.0, -0.0, 0.0, -0.0, -1.0, 0.3, -0.0, -1.0, 0.0, -0.0, 0.0, 0.0, 0.0, 1.0],
                [-1.0, 0.0, 0.0, -0.0, 0.0, 0.0, -1.0, 0.3, -0.0, -1.0, 0.0, -0.0, 0.0, 0.0, 0.0, 1.0],
                [-1.0, 0.0, -0.0, -0.0, 0.0, -0.0, -1.0, 0.3, -0.0, -1.0, 0.0, -0.0, 0.0, 0.0, 0.0, 1.0],
                [-1.0, 0.0, -0.0, 0.0, 0.0, -0.0, -1.0, 0.3, -0.0, -1.0, 0.0, 0.0, 0.0, 0.0, 0.0, 1.0],
                [-1.0, 0.0, -0.0, -0.0, 0.0, 0.0, -1.0, 0.3, -0.0, -1.0, 0.0, -0.0, 0.0, 0.0, 0.0, 1.0],
                [-1.0, 0.0, 0.0, 0.0, 0.0, -0.0, -1.0, 0.3, -0.0, -1.0, 0.0, -0.0, 0.0, 0.0, 0.0, 1.0],
                [-1.0, 0.0, -0.0, -0.0, 0.0, -0.0, -1.0, 0.3, -0.0, -1.0, 0.0, 0.0, 0.0, 0.0, 0.0, 1.0]
            ]
        },
        {
            "name": "Shoulder_L",
            "time": [0.0, 0.0667, 0.45, 0.5667, 0.7, 0.7833, 0.9333, 1.1, 1.35, 1.65],
            "transform": [
                [-0.027182, -0.953182, -0.301172, -0.0, -0.040545, -0.299984, 0.953082, 0.4, -0.998808, 0.038118, -0.030493, -0.0, 0.0, 0.0, 0.0, 1.0],
                [-0.027182, -0.953182, -0.301172, -0.0, -0.040545, -0.299984, 0.953082, 0.4, -0.998808, 0.038117, -0.030493, 0.0, 0.0, 0.0, 0.0, 1.0],
                [-0.027182, -0.953182, -0.301172, 0.0, -0.040545, -0.299984, 0.953082, 0.4, -0.998808, 0.038117, -0.030493, 0.0, 0.0, 0.0, 0.0, 1.0],
                [-0.000903, -0.953569, -0.301172, 0.0, -0.032262, -0.300988, 0.953082, 0.4, -0.999479, 0.010577, -0.030493, 0.0, 0.0, 0.0, 0.0, 1.0],
                [0.492746, -0.816393, -0.301172, 0.0, 0.12817, -0.274239, 0.953082, 0.4, -0.860682, -0.508228, -0.030493, 0.0, 0.0, 0.0, 0.0, 1.0],
                [0.492746, -0.816393, -0.301172, -0.0, 0.12817, -0.274239, 0.953082, 0.4, -0.860682, -0.508228, -0.030493, 0.0, 0.0, 0.0, 0.0, 1.0],
                [0.17558, -0.937265, -0.301173, -0.0, 0.024009, -0.301758, 0.953082, 0.4, -0.984172, -0.174573, -0.030479, -0.0, 0.0, 0.0, 0.0, 1.0],
                [0.0806, -0.950157, -0.301173, 0.0, -0.006408, -0.302643, 0.953082, 0.4, -0.996726, -0.074889, -0.030481, 0.0, 0.0, 0.0, 0.0, 1.0],
                [0.065925, -0.951288, -0.301172, -0.0, -0.01109, -0.302509, 0.953082, 0.4, -0.997763, -0.059491, -0.030493, 0.0, 0.0, 0.0, 0.0, 1.0],
                [-0.027182, -0.953182, -0.301172, -0.0, -0.040545, -0.299984, 0.953082, 0.4, -0.998808, 0.038118, -0.030493, 0.0, 0.0, 0.0, 0.0, 1.0]
            ]
        },
        {
            "name": "Arm_L",
            "time": [0.0, 0.0667, 0.45, 0.5667, 0.7, 0.7833, 0.9333, 1.1, 1.35, 1.65],
            "transform": [
                [-0.31706, -0.03265, 0.947844, -0.0, -0.817821, 0.51549, -0.255809, 0.39386, -0.480252, -0.856273, -0.190143, 0.0, 0.0, 0.0, 0.0, 1.0],
                [-0.152328, -0.121233, 0.980866, 0.0, -0.726272, 0.686841, -0.027897, 0.39386, -0.670318, -0.716625, -0.192673, 0.0, 0.0, 0.0, 0.0, 1.0],
                [-0.109187, -0.152929, 0.982187, -0.0, -0.627508, 0.776924, 0.05121, 0.39386, -0.770917, -0.610738, -0.180794, -0.0, 0.0, 0.0, 0.0, 1.0],
                [-0.153059, -0.094831, 0.983656, 0.0, -0.506499, 0.86223, 0.004313, 0.39386, -0.848547, -0.497561, -0.180004, 0.0, 0.0, 0.0, 0.0, 1.0],
                [-0.403306, 0.863866, 0.301794, 0.0, 0.237521, 0.41733, -0.877166, 0.39386, -0.883701, -0.282083, -0.373498, -0.0, 0.0, 0.0, 0.0, 1.0],
                [-0.410903, 0.83672, 0.36202, -0.0, 0.147034, 0.452714, -0.879449, 0.39386, -0.899744, -0.308139, -0.309048, -0.0, 0.0, 0.0, 0.0, 1.0],
                [-0.08472, -0.501928, 0.86075, -0.0, -0.676228, 0.663418, 0.3203, 0.39386, -0.731805, -0.554928, -0.395623, 0.0, 0.0, 0.0, 0.0, 1.0],
                [0.10267, -0.737316, 0.6677, -0.0, -0.70811, 0.417248, 0.569636, 0.39386, -0.698598, -0.531289, -0.479262, 0.0, 0.0, 0.0, 0.0, 1.0],
                [0.123394, -0.748464, 0.651594, 0.0, -0.715186, 0.388125, 0.581264, 0.39386, -0.687955, -0.537736, -0.487399, -0.0, 0.0, 0.0, 0.0, 1.0],
                [-0.31706, -0.03265, 0.947844, -0.0, -0.817821, 0.51549, -0.255809, 0.39386, -0.480252, -0.856273, -0.190143, 0.0, 0.0, 0.0, 0.0, 1.0]
            ]
        },
        {
            "name": "Hand_L",
            "time": [0.0, 0.0667, 0.45, 0.5667, 0.7, 0.7833, 0.9333, 1.1, 1.35, 1.65],
            "transform": [
                [0.99932, -0.035435, 0.010227, 0.0, 0.03687, 0.966806, -0.25284, 0.3, -0.000928, 0.253045, 0.967454, -0.0, 0.0, 0.0, 0.0, 1.0],
                [0.99932, -0.035435, 0.010227, 0.0, 0.036869, 0.966806, -0.25284, 0.3, -0.000928, 0.253045, 0.967454, 0.0, 0.0, 0.0, 0.0, 1.0],
                [0.99932, -0.035435, 0.010227, -0.0, 0.036869, 0.966806, -0.25284, 0.3, -0.000928, 0.253045, 0.967455, -0.0, 0.0, 0.0, 0.0, 1.0],
                [0.99932, -0.034724, 0.012428, 0.0, 0.036869, 0.949055, -0.312947, 0.3, -0.000929, 0.313193, 0.949689, -0.0, 0.0, 0.0, 0.0, 1.0],
                [0.99932, 0.003255, 0.036737, -0.0, 0.036869, -0.063096, -0.997327, 0.3, -0.000929, 0.998002, -0.063173, 0.0, 0.0, 0.0, 0.0, 1.0],
                [0.99932, -0.000494, 0.036878, -0.0, 0.036869, 0.038544, -0.998577, 0.3, -0.000929, 0.999257, 0.038536, -0.0, 0.0, 0.0, 0.0, 1.0],
                [0.99932, -0.033775, 0.014814, -0.0, 0.036869, 0.924984, -0.378214, 0.3, -0.000928, 0.378503, 0.9256, -0.0, 0.0, 0.0, 0.0, 1.0],
                [0.99932, -0.036245, 0.006822, -0.0, 0.036869, 0.986422, -0.160036, 0.3, -0.000928, 0.160179, 0.987088, 0.0, 0.0, 0.0, 0.0, 1.0],
                [0.99932, -0.036376, 0.006083, -0.0, 0.036869, 0.989472, -0.139951, 0.3, -0.000929, 0.14008, 0.99014, -0.0, 0.0, 0.0, 0.0, 1.0],
                [0.99932, -0.035435, 0.010227, 0.0, 0.03687, 0.966806, -0.25284, 0.3, -0.000928, 0.253045, 0.967454, 0.0, 0.0, 0.0, 0.0, 1.0]
            ]
        },
        {
            "name": "Tool_L",
            "time": [0.0, 0.0667, 0.45, 0.5667, 0.7, 0.7833, 0.9333, 1.1, 1.35, 1.65],
            "transform": [
                [1.0, 0.0, 0.0, 0.0, 0.0, -0.999836, 0.018122, 0.272858, 0.0, -0.018122, -0.999248, -0.0, 0.0, 0.0, 0.0, 1.0],
                [1.0, 0.0, 0.0, 0.0, 0.0, -0.999836, 0.018122, 0.272858, 0.0, -0.018122, -0.999248, -0.0, 0.0, 0.0, 0.0, 1.0],
                [1.0, 0.0, 0.0, 0.0, 0.0, -0.999836, 0.018122, 0.272858, 0.0, -0.018122, -0.999247, -0.0, 0.0, 0.0, 0.0, 1.0],
                [1.0, 0.0, 0.0, -0.0, 0.0, -0.999836, 0.018122, 0.272858, 0.0, -0.018122, -0.999247, -0.0, 0.0, 0.0, 0.0, 1.0],
                [1.0, 0.0, 0.0, -0.0, 0.0, -0.999836, 0.018122, 0.272858, 0.0, -0.018122, -0.999247, -0.0, 0.0, 0.0, 0.0, 1.0],
                [1.0, 0.0, 0.0, 0.0, 0.0, -0.999993, -0.003671, 0.272858, 0.0, 0.003658, -0.999405, 0.0, 0.0, 0.0, 0.0, 1.0],
                [1.0, -0.0, 0.0, -0.0, 0.0, -0.974259, -0.225433, 0.272858, 0.0, 0.22529, -0.973688, 0.0, 0.0, 0.0, 0.0, 1.0],
                [1.0, -0.0, 0.0, 0.0, 0.0, -0.962474, -0.271373, 0.272858, 0.0, 0.271203, -0.961911, 0.0, 0.0, 0.0, 0.0, 1.0],
                [1.0, 0.0, 0.0, 0.0, 0.0, -0.961266, -0.275621, 0.272858, 0.0, 0.275449, -0.960704, -0.0, 0.0, 0.0, 0.0, 1.0],
                [1.0, -0.0, 0.0, 0.0, 0.0, -0.961266, -0.275621, 0.272858, 0.0, 0.275449, -0.960704, -0.0, 0.0, 0.0, 0.0, 1.0]
            ]
        },
        {
            "name": "Elbow_L",
            "time": [0.0, 0.0667, 0.45, 0.5667, 0.7, 0.7833, 0.9333, 1.1, 1.35, 1.65],
            "transform": [
                [-1.0, 0.0, -0.0, 0.0, 0.0, -0.0, -1.0, 0.3, -0.0, -1.0, -0.0, -0.0, 0.0, 0.0, 0.0, 1.0],
                [-1.0, 0.0, -0.0, 0.0, 0.0, -0.0, -1.0, 0.3, -0.0, -1.0, 0.0, 0.0, 0.0, 0.0, 0.0, 1.0],
                [-1.0, 0.0, -0.0, -0.0, 0.0, -0.0, -1.0, 0.3, -0.0, -1.0, -0.0, -0.0, 0.0, 0.0, 0.0, 1.0],
                [-1.0, 0.0, -0.0, 0.0, 0.0, 0.02152, -0.999768, 0.3, -0.0, -0.999768, -0.02152, -0.0, 0.0, 0.0, 0.0, 1.0],
                [-1.0, 0.0, -0.0, -0.0, 0.0, 0.429751, -0.902948, 0.3, -0.0, -0.902948, -0.429751, 0.0, 0.0, 0.0, 0.0, 1.0],
                [-1.0, 0.0, -0.0, -0.0, 0.0, 0.429751, -0.902948, 0.3, -0.0, -0.902948, -0.429751, -0.0, 0.0, 0.0, 0.0, 1.0],
                [-1.0, 0.0, 0.0, -0.0, 0.0, 0.429751, -0.902948, 0.3, -0.0, -0.902948, -0.429751, -0.0, 0.0, 0.0, 0.0, 1.0],
                [-1.0, 0.0, 0.0, -0.0, 0.0, 0.429751, -0.902948, 0.3, -0.0, -0.902948, -0.429751, 0.0, 0.0, 0.0, 0.0, 1.0],
                [-1.0, 0.0, -0.0, -0.0, 0.0, 0.429751, -0.902948, 0.3, -0.0, -0.902948, -0.429751, -0.0, 0.0, 0.0, 0.0, 1.0],
                [-1.0, 0.0, -0.0, 0.0, 0.0, -0.0, -1.0, 0.3, -0.0, -1.0, -0.0, 0.0, 0.0, 0.0, 0.0, 1.0]
            ]
        }
    ]
}