{
    
    "animation": [
        {
            "name": "Root",
            "time": [0.0, 0.25, 0.3333, 0.7833, 1.1333, 1.4167],
            "transform": [
                [0.834853, 0.0, -0.550472, -5e-06, -0.550472, 0.0, -0.834853, 0.000946, 0.0, 1.0, 0.0, 0.755725, 0.0, 0.0, 0.0, 1.0],
                [0.807678, 0.038114, 0.588391, -0.050663, 0.571055, 0.197899, -0.796701, 0.32274, -0.146807, 0.979481, 0.138073, 0.6919, 0.0, 0.0, 0.0, 1.0],
                [0.797245, 0.049816, 0.601597, -0.050663, 0.574072, 0.24559, -0.781106, 0.32274, -0.186658, 0.968093, 0.167198, 0.6919, 0.0, 0.0, 0.0, 1.0],
                [0.992683, 0.023567, 0.118431, -0.001847, 0.119193, -0.348382, -0.929744, 0.782278, 0.019348, 0.937056, -0.348641, 0.805546, 0.0, 0.0, 0.0, 1.0],
                [0.999814, -0.001906, 0.019198, 0.108313, 0.019293, 0.098762, -0.994924, 1.213057, -0.0, 0.995109, 0.09878, 0.651538, 0.0, 0.0, 0.0, 1.0],
                [0.999814, -0.001906, 0.019198, 0.108313, 0.019293, 0.098762, -0.994924, 1.213057, -0.0, 0.995109, 0.09878, 0.651538, 0.0, 0.0, 0.0, 1.0]
            ]
        },
        {
            "name": "Thigh_R",
            "time": [0.0, 0.25, 0.3333, 0.7833, 1.1333, 1.4167],
            "transform": [
                [0.996122, 0.062436, -0.061977, 0.124994, 0.068868, -0.99179, 0.107731, -0.002831, -0.054742, -0.11158, -0.992247, -1.2e-05, 0.0, 0.0, 0.0, 1.0],
                [0.791355, 0.45879, 0.404064, 0.124994, 0.012589, -0.673017, 0.739519, -0.002831, 0.611226, -0.580134, -0.538373, -1.2e-05, 0.0, 0.0, 0.0, 1.0],
                [0.791355, 0.518561, 0.323806, 0.124994, 0.012589, -0.543359, 0.839405, -0.002831, 0.611227, -0.66019, -0.43652, -1.2e-05, 0.0, 0.0, 0.0, 1.0],
                [0.996304, -0.008045, 0.085519, 0.124994, 0.015383, -0.962798, -0.269777, -0.002831, 0.084508, 0.270096, -0.959118, -1.2e-05, 0.0, 0.0, 0.0, 1.0],
                [0.996304, -0.028856, 0.080905, 0.124994, 0.015383, -0.866718, -0.498557, -0.002831, 0.084508, 0.497959, -0.863073, -1.2e-05, 0.0, 0.0, 0.0, 1.0],
                [0.996304, -0.028856, 0.080905, 0.124994, 0.015383, -0.866718, -0.498557, -0.002831, 0.084508, 0.497959, -0.863073, -1.2e-05, 0.0, 0.0, 0.0, 1.0]
            ]
        },
        {
            "name": "Leg_R",
            "time": [0.0, 0.25, 0.3333, 0.7833, 1.4167],
            "transform": [
                [1.0, -0.0, 2e-06, -0.0, -0.0, 0.987268, 0.15907, 0.37472, -2e-06, -0.15907, 0.987267, 0.0, 0.0, 0.0, 0.0, 1.0],
                [1.0, -1e-06, 1e-06, 0.0, -0.0, 0.60915, 0.793055, 0.37472, -2e-06, -0.793056, 0.609149, -0.0, 0.0, 0.0, 0.0, 1.0],
                [1.0, -1e-06, 1e-06, 0.0, -0.0, 0.524595, 0.851351, 0.37472, -2e-06, -0.851353, 0.524594, 0.0, 0.0, 0.0, 0.0, 1.0],
                [1.0, -0.0, 2e-06, -0.0, -0.0, 0.987268, 0.15907, 0.37472, -2e-06, -0.15907, 0.987267, 0.0, 0.0, 0.0, 0.0, 1.0],
                [1.0, -0.0, 2e-06, 0.0, -0.0, 0.987268, 0.15907, 0.37472, -2e-06, -0.15907, 0.987267, -0.0, 0.0, 0.0, 0.0, 1.0]
            ]
        },
        {
            "name": "Knee_R",
            "time": [0.0, 0.25, 0.3333, 0.7833, 1.4167],
            "transform": [
                [1.0, 0.0, -0.0, -0.0, -0.0, 1e-06, -1.0, 0.37472, 0.0, 1.0, 1e-06, 0.0, 0.0, 0.0, 0.0, 1.0],
                [1.0, 0.0, -0.0, 0.0, -0.0, 1e-06, -1.0, 0.37472, -0.0, 1.0, 1e-06, -0.0, 0.0, 0.0, 0.0, 1.0],
                [1.0, 0.0, -0.0, 0.0, -0.0, 1e-06, -1.0, 0.37472, -0.0, 1.0, 1e-06, 0.0, 0.0, 0.0, 0.0, 1.0],
                [1.0, 0.0, -0.0, -0.0, -0.0, 1e-06, -1.0, 0.37472, -0.0, 1.0, 1e-06, 0.0, 0.0, 0.0, 0.0, 1.0],
                [1.0, 0.0, -0.0, 0.0, -0.0, 1e-06, -1.0, 0.37472, -0.0, 1.0, 1e-06, -0.0, 0.0, 0.0, 0.0, 1.0]
            ]
        },
        {
            "name": "Thigh_L",
            "time": [0.0, 0.25, 0.3333, 0.7833, 1.1333, 1.4167],
            "transform": [
                [0.866588, -0.188811, -0.461924, -0.125006, -0.027838, -0.942508, 0.333022, -0.002831, -0.498245, -0.275734, -0.822023, -1.2e-05, 0.0, 0.0, 0.0, 1.0],
                [0.814176, -0.168475, 0.555636, -0.125006, -0.05206, -0.974305, -0.219135, -0.002831, 0.578278, 0.149489, -0.802027, -1.2e-05, 0.0, 0.0, 0.0, 1.0],
                [0.814177, -0.168475, 0.555636, -0.125006, -0.05206, -0.974305, -0.219135, -0.002831, 0.578278, 0.149489, -0.802027, -1.2e-05, 0.0, 0.0, 0.0, 1.0],
                [0.999901, -0.004895, -0.013117, -0.125006, 0.006225, -0.683735, 0.729704, -0.002831, -0.01254, -0.729714, -0.683637, -1.2e-05, 0.0, 0.0, 0.0, 1.0],
                [0.999901, -0.005295, -0.01296, -0.125006, 0.006225, -0.661021, 0.750341, -0.002831, -0.01254, -0.750348, -0.660924, -1.2e-05, 0.0, 0.0, 0.0, 1.0],
                [0.999901, -0.005295, -0.01296, -0.125006, 0.006225, -0.661021, 0.750341, -0.002831, -0.01254, -0.750348, -0.660924, -1.2e-05, 0.0, 0.0, 0.0, 1.0]
            ]
        },
        {
            "name": "Leg_L",
            "time": [0.0, 0.25, 0.3333, 0.7833, 0.9667, 1.4167],
            "transform": [
                [1.0, -0.0, 1e-06, -0.0, 0.0, 0.978347, 0.206971, 0.37472, -1e-06, -0.206971, 0.978347, 0.0, 0.0, 0.0, 0.0, 1.0],
                [1.0, -0.0, 1e-06, 0.0, 0.0, 0.978347, 0.206971, 0.37472, -1e-06, -0.206971, 0.978347, -0.0, 0.0, 0.0, 0.0, 1.0],
                [1.0, -0.0, 1e-06, -0.0, 0.0, 0.978347, 0.206971, 0.37472, -1e-06, -0.206971, 0.978347, 0.0, 0.0, 0.0, 0.0, 1.0],
                [1.0, -1e-06, 0.0, 0.0, 0.0, 0.799735, 0.600353, 0.37472, -1e-06, -0.600353, 0.799735, -0.0, 0.0, 0.0, 0.0, 1.0],
                [1.0, -0.0, 1e-06, -0.0, 0.0, 0.958376, 0.285509, 0.37472, -1e-06, -0.285509, 0.958377, 0.0, 0.0, 0.0, 0.0, 1.0],
                [1.0, -0.0, 1e-06, -0.0, 0.0, 0.958376, 0.285509, 0.37472, -1e-06, -0.285508, 0.958377, 0.0, 0.0, 0.0, 0.0, 1.0]
            ]
        },
        {
            "name": "Knee_L",
            "time": [0.0, 0.25, 0.3333, 0.7833, 1.4167],
            "transform": [
                [1.0, 0.0, -0.0, -0.0, -0.0, 1e-06, -1.0, 0.37472, -0.0, 1.0, 1e-06, 0.0, 0.0, 0.0, 0.0, 1.0],
                [1.0, 0.0, -0.0, 0.0, -0.0, 1e-06, -1.0, 0.37472, -0.0, 1.0, 1e-06, -0.0, 0.0, 0.0, 0.0, 1.0],
                [1.0, 0.0, -0.0, -0.0, -0.0, 1e-06, -1.0, 0.37472, -0.0, 1.0, 1e-06, 0.0, 0.0, 0.0, 0.0, 1.0],
                [1.0, 0.0, -0.0, 0.0, -0.0, 1e-06, -1.0, 0.37472, -0.0, 1.0, 1e-06, -0.0, 0.0, 0.0, 0.0, 1.0],
                [1.0, 0.0, -0.0, -0.0, -0.0, 1e-06, -1.0, 0.37472, -0.0, 1.0, 1e-06, 0.0, 0.0, 0.0, 0.0, 1.0]
            ]
        },
        {
            "name": "Torso",
            "time": [0.0, 0.25, 0.3333, 0.7833, 1.4167],
            "transform": [
                [0.981277, 0.0108, -0.192301, -0.0, -0.017548, 0.999287, -0.033421, 0.05, 0.191803, 0.036169, 0.980767, -0.0, 0.0, 0.0, 0.0, 1.0],
                [0.99103, 0.0108, 0.133199, 0.0, -0.005879, 0.999287, -0.037287, 0.05, -0.133507, 0.036169, 0.990387, 0.0, 0.0, 0.0, 0.0, 1.0],
                [0.99103, 0.0108, 0.133199, 0.0, -0.005879, 0.999287, -0.037287, 0.05, -0.133507, 0.036169, 0.990388, -0.0, 0.0, 0.0, 0.0, 1.0],
                [0.887092, 0.0108, -0.461466, -0.0, -0.026268, 0.999287, -0.027108, 0.05, 0.460844, 0.036169, 0.886744, 0.0, 0.0, 0.0, 0.0, 1.0],
                [0.887092, 0.0108, -0.461466, 0.0, -0.026268, 0.999287, -0.027108, 0.05, 0.460844, 0.036169, 0.886744, 0.0, 0.0, 0.0, 0.0, 1.0]
            ]
        },
        {
            "name": "Chest",
            "time": [0.0, 0.25, 0.3333, 0.7833, 1.1333, 1.4167],
            "transform": [
                [0.999771, -0.020499, -0.006186, 0.0, 0.021411, 0.954317, 0.298026, 0.3, -0.000206, -0.29809, 0.954538, -0.0, 0.0, 0.0, 0.0, 1.0],
                [0.844958, -0.280938, 0.455104, -0.0, -0.046684, 0.808939, 0.586036, 0.3, -0.532791, -0.516421, 0.670405, -0.0, 0.0, 0.0, 0.0, 1.0],
                [0.844958, -0.280938, 0.455104, 0.0, -0.046684, 0.808939, 0.586036, 0.3, -0.532791, -0.516421, 0.670405, -0.0, 0.0, 0.0, 0.0, 1.0],
                [0.424646, -0.026508, 0.904971, -0.0, 0.251294, 0.963747, -0.089687, 0.3, -0.869786, 0.265499, 0.415913, -0.0, 0.0, 0.0, 0.0, 1.0],
                [0.802104, -0.048308, -0.595227, -0.0, 0.398976, 0.784986, 0.473936, 0.3, 0.44435, -0.617628, 0.648914, -0.0, 0.0, 0.0, 0.0, 1.0],
                [0.806378, -0.026634, -0.5908, -0.0, 0.347423, 0.829768, 0.436787, 0.3, 0.478593, -0.557473, 0.67836, -0.0, 0.0, 0.0, 0.0, 1.0]
            ]
        },
        {
            "name": "Head",
            "time": [0.0, 0.25, 0.3333, 0.7833, 1.1333, 1.4167],
            "transform": [
                [0.692979, -0.013322, 0.720835, -0.0, 0.203294, 0.962868, -0.177643, 0.4, -0.691702, 0.269644, 0.669955, -0.0, 0.0, 0.0, 0.0, 1.0],
                [0.634735, -0.013322, -0.772615, 0.0, -0.200225, 0.962868, -0.181095, 0.4, 0.746339, 0.269644, 0.608498, -0.0, 0.0, 0.0, 0.0, 1.0],
                [0.634735, -0.013321, -0.772615, 0.0, -0.200225, 0.962868, -0.181095, 0.4, 0.746339, 0.269644, 0.608498, -0.0, 0.0, 0.0, 0.0, 1.0],
                [0.660428, 0.455427, -0.59701, -0.0, -0.275598, 0.8866, 0.371466, 0.4, 0.698485, -0.080791, 0.71105, 0.0, 0.0, 0.0, 0.0, 1.0],
                [0.766483, 0.172524, 0.61866, -0.0, 0.006789, 0.961017, -0.276407, 0.4, -0.642229, 0.216061, 0.735431, 0.0, 0.0, 0.0, 0.0, 1.0],
                [0.766482, 0.172524, 0.61866, 0.0, 0.006789, 0.961017, -0.276407, 0.4, -0.642229, 0.216061, 0.735431, -0.0, 0.0, 0.0, 0.0, 1.0]
            ]
        },
        {
            "name": "Shoulder_R",
            "time": [0.0, 0.25, 0.3333, 0.6167, 0.7833, 1.1333, 1.4167],
            "transform": [
                [0.225029, 0.926554, 0.301428, -0.0, -0.04706, -0.298666, 0.953197, 0.4, 0.973215, -0.228682, -0.023605, -0.0, 0.0, 0.0, 0.0, 1.0],
                [0.427475, 0.852295, 0.301428, 0.0, -0.112968, -0.280453, 0.953197, 0.4, 0.896941, -0.44152, -0.023605, -0.0, 0.0, 0.0, 0.0, 1.0],
                [0.427475, 0.852295, 0.301428, 0.0, -0.112968, -0.280453, 0.953197, 0.4, 0.896941, -0.44152, -0.023605, -0.0, 0.0, 0.0, 0.0, 1.0],
                [0.016597, 0.998119, 0.059013, 0.0, -0.043849, -0.058238, 0.997339, 0.4, 0.9989, -0.01914, 0.0428, -0.0, 0.0, 0.0, 0.0, 1.0],
                [-0.121623, 0.9457, 0.301428, -0.0, 0.062991, -0.295716, 0.953197, 0.4, 0.990575, 0.134918, -0.023605, 0.0, 0.0, 0.0, 0.0, 1.0],
                [0.00362, 0.953482, 0.301428, -0.0, 0.023612, -0.301427, 0.953197, 0.4, 0.999714, 0.003667, -0.023605, 0.0, 0.0, 0.0, 0.0, 1.0],
                [0.00362, 0.953482, 0.301428, 0.0, 0.023612, -0.301427, 0.953197, 0.4, 0.999715, 0.003667, -0.023605, -0.0, 0.0, 0.0, 0.0, 1.0]
            ]
        },
        {
            "name": "Arm_R",
            "time": [0.0, 0.25, 0.3333, 0.4333, 0.55, 0.7833, 1.1333, 1.4167],
            "transform": [
                [0.134014, 0.008048, -0.990947, 0.0, 0.883404, 0.452144, 0.123142, 0.393861, 0.449042, -0.891909, 0.053483, -0.0, 0.0, 0.0, 0.0, 1.0],
                [-0.64274, -0.759894, 0.097187, 0.0, -0.239183, 0.078531, -0.967794, 0.39386, 0.727789, -0.645285, -0.232229, 0.0, 0.0, 0.0, 0.0, 1.0],
                [-0.64274, -0.759894, 0.097187, 0.0, -0.239183, 0.078531, -0.967794, 0.39386, 0.727789, -0.645285, -0.232229, -0.0, 0.0, 0.0, 0.0, 1.0],
                [-0.967913, -0.218845, -0.123495, 0.0, -0.085744, 0.749593, -0.656322, 0.39386, 0.236204, -0.624673, -0.744306, 0.0, 0.0, 0.0, 0.0, 1.0],
                [-0.590505, -0.05956, -0.804833, -0.0, -0.759338, 0.378764, 0.529096, 0.393861, 0.273328, 0.923575, -0.268889, 0.0, 0.0, 0.0, 0.0, 1.0],
                [0.065853, 0.670976, -0.738549, -0.0, -0.95648, 0.253308, 0.144847, 0.39386, 0.284269, 0.696869, 0.658456, 0.0, 0.0, 0.0, 0.0, 1.0],
                [0.381343, 0.766065, -0.517417, -0.0, -0.715657, 0.598939, 0.359314, 0.393861, 0.585159, 0.233272, 0.776642, 0.0, 0.0, 0.0, 0.0, 1.0],
                [0.381343, 0.766065, -0.517418, 0.0, -0.715657, 0.598939, 0.359314, 0.393861, 0.585159, 0.233272, 0.776642, 0.0, 0.0, 0.0, 0.0, 1.0]
            ]
        },
        {
            "name": "Hand_R",
            "time": [0.0, 0.25, 0.3333, 0.7833, 1.1333, 1.4167],
            "transform": [
                [0.999985, 0.001325, 0.005391, -0.0, -0.00125, 0.999903, -0.013885, 0.3, -0.005409, 0.013878, 0.999889, -0.0, 0.0, 0.0, 0.0, 1.0],
                [0.999985, 0.001325, 0.005391, -0.0, -0.00125, 0.999903, -0.013885, 0.3, -0.005409, 0.013878, 0.999889, 0.0, 0.0, 0.0, 0.0, 1.0],
                [0.999985, 0.001325, 0.005391, -0.0, -0.00125, 0.999903, -0.013885, 0.3, -0.005409, 0.013878, 0.999889, -0.0, 0.0, 0.0, 0.0, 1.0],
                [0.999985, 0.001325, 0.005391, -0.0, -0.00125, 0.999903, -0.013885, 0.3, -0.005409, 0.013878, 0.999889, 0.0, 0.0, 0.0, 0.0, 1.0],
                [0.999985, 0.003476, 0.004329, -0.0, -0.00125, 0.900714, -0.434411, 0.3, -0.005409, 0.434399, 0.900705, 0.0, 0.0, 0.0, 0.0, 1.0],
                [0.999985, 0.003476, 0.004329, 0.0, -0.00125, 0.900714, -0.434411, 0.3, -0.005409, 0.434399, 0.900704, 0.0, 0.0, 0.0, 0.0, 1.0]
            ]
        },
        {
            "name": "Tool_R",
            "time": [0.0, 0.25, 0.3333, 0.7833, 1.4167],
            "transform": [
                [1.0, -0.0, 0.0, -0.0, 0.0, -0.944043, -0.329823, 0.272858, 0.0, 0.329618, -0.943487, -0.0, 0.0, 0.0, 0.0, 1.0],
                [1.0, -0.0, 0.0, -0.0, -0.0, -0.944043, -0.329823, 0.272858, 0.0, 0.329618, -0.943487, -0.0, 0.0, 0.0, 0.0, 1.0],
                [1.0, -0.0, 0.0, 0.0, 0.0, -0.944043, -0.329823, 0.272858, 0.0, 0.329618, -0.943487, 0.0, 0.0, 0.0, 0.0, 1.0],
                [1.0, -0.0, 0.0, -0.0, 0.0, -0.944043, -0.329823, 0.272858, 0.0, 0.329618, -0.943487, -0.0, 0.0, 0.0, 0.0, 1.0],
                [1.0, -0.0, 0.0, 0.0, -0.0, -0.944043, -0.329823, 0.272858, 0.0, 0.329618, -0.943487, 0.0, 0.0, 0.0, 0.0, 1.0]
            ]
        },
        {
            "name": "Elbow_R",
            "time": [0.0, 0.25, 0.3333, 0.7833, 1.4167],
            "transform": [
                [-1.0, 0.0, -0.0, -0.0, 0.0, -0.0, -1.0, 0.3, -0.0, -1.0, 0.0, -0.0, 0.0, 0.0, 0.0, 1.0],
                [-1.0, 0.0, -0.0, -0.0, 0.0, -0.0, -1.0, 0.3, -0.0, -1.0, 0.0, 0.0, 0.0, 0.0, 0.0, 1.0],
                [-1.0, 0.0, -0.0, -0.0, 0.0, -0.0, -1.0, 0.3, -0.0, -1.0, 0.0, -0.0, 0.0, 0.0, 0.0, 1.0],
                [-1.0, 0.0, 0.0, -0.0, 0.0, -0.0, -1.0, 0.3, -0.0, -1.0, 0.0, 0.0, 0.0, 0.0, 0.0, 1.0],
                [-1.0, 0.0, -0.0, 0.0, -0.0, -0.0, -1.0, 0.3, -0.0, -1.0, 0.0, 0.0, 0.0, 0.0, 0.0, 1.0]
            ]
        },
        {
            "name": "Shoulder_L",
            "time": [0.0, 0.25, 0.3333, 0.7833, 1.4167],
            "transform": [
                [-0.027182, -0.953182, -0.301172, -0.0, -0.040545, -0.299984, 0.953082, 0.4, -0.998808, 0.038118, -0.030493, -0.0, 0.0, 0.0, 0.0, 1.0],
                [-0.027182, -0.953182, -0.301172, 0.0, -0.040545, -0.299984, 0.953082, 0.4, -0.998808, 0.038117, -0.030493, -0.0, 0.0, 0.0, 0.0, 1.0],
                [-0.027182, -0.953182, -0.301172, 0.0, -0.040545, -0.299984, 0.953082, 0.4, -0.998808, 0.038117, -0.030493, -0.0, 0.0, 0.0, 0.0, 1.0],
                [-0.027182, -0.953182, -0.301172, -0.0, -0.040545, -0.299984, 0.953082, 0.4, -0.998808, 0.038117, -0.030493, 0.0, 0.0, 0.0, 0.0, 1.0],
                [-0.027182, -0.953182, -0.301172, 0.0, -0.040545, -0.299984, 0.953082, 0.4, -0.998808, 0.038117, -0.030493, -0.0, 0.0, 0.0, 0.0, 1.0]
            ]
        },
        {
            "name": "Arm_L",
            "time": [0.0, 0.25, 0.3333, 0.7833, 1.1333, 1.4167],
            "transform": [
                [-0.31706, -0.03265, 0.947844, -0.0, -0.817821, 0.51549, -0.255809, 0.39386, -0.480252, -0.856273, -0.190143, 0.0, 0.0, 0.0, 0.0, 1.0],
                [-0.118127, 0.039287, 0.992221, -0.0, -0.915024, 0.383826, -0.124134, 0.39386, -0.385717, -0.922569, -0.009392, 0.0, 0.0, 0.0, 0.0, 1.0],
                [-0.118127, 0.039287, 0.992221, -0.0, -0.915024, 0.383826, -0.124134, 0.39386, -0.385717, -0.922569, -0.009392, -0.0, 0.0, 0.0, 0.0, 1.0],
                [-0.052252, 0.112992, 0.992221, 0.0, -0.346803, 0.929688, -0.124134, 0.39386, -0.936482, -0.350591, -0.009392, -0.0, 0.0, 0.0, 0.0, 1.0],
                [-0.070585, 0.102544, 0.992221, -0.0, -0.498838, 0.857759, -0.124134, 0.39386, -0.863816, -0.50372, -0.009392, 0.0, 0.0, 0.0, 0.0, 1.0],
                [-0.070585, 0.102544, 0.992221, 0.0, -0.498838, 0.857759, -0.124134, 0.39386, -0.863816, -0.50372, -0.009392, 0.0, 0.0, 0.0, 0.0, 1.0]
            ]
        },
        {
            "name": "Hand_L",
            "time": [0.0, 0.25, 0.3333, 0.7833, 1.4167],
            "transform": [
                [0.99932, -0.035435, 0.010227, 0.0, 0.03687, 0.966806, -0.25284, 0.3, -0.000928, 0.253045, 0.967454, -0.0, 0.0, 0.0, 0.0, 1.0],
                [0.99932, -0.035435, 0.010227, -0.0, 0.036869, 0.966806, -0.25284, 0.3, -0.000929, 0.253045, 0.967454, 0.0, 0.0, 0.0, 0.0, 1.0],
                [0.99932, -0.035435, 0.010227, -0.0, 0.036869, 0.966806, -0.25284, 0.3, -0.000928, 0.253045, 0.967454, 0.0, 0.0, 0.0, 0.0, 1.0],
                [0.99932, -0.035435, 0.010227, -0.0, 0.03687, 0.966806, -0.25284, 0.3, -0.000928, 0.253045, 0.967454, 0.0, 0.0, 0.0, 0.0, 1.0],
                [0.99932, -0.035435, 0.010227, 0.0, 0.03687, 0.966806, -0.25284, 0.3, -0.000928, 0.253045, 0.967454, -0.0, 0.0, 0.0, 0.0, 1.0]
            ]
        },
        {
            "name": "Tool_L",
            "time": [0.0, 0.25, 0.3333, 0.7833, 1.4167],
            "transform": [
                [1.0, 0.0, 0.0, 0.0, 0.0, -0.999836, 0.018122, 0.272858, 0.0, -0.018122, -0.999248, -0.0, 0.0, 0.0, 0.0, 1.0],
                [1.0, -0.0, 0.0, -0.0, 0.0, -0.999836, 0.018122, 0.272858, 0.0, -0.018122, -0.999248, -0.0, 0.0, 0.0, 0.0, 1.0],
                [1.0, -0.0, 0.0, -0.0, 0.0, -0.999836, 0.018122, 0.272858, 0.0, -0.018122, -0.999247, -0.0, 0.0, 0.0, 0.0, 1.0],
                [1.0, 0.0, 0.0, 0.0, 0.0, -0.999836, 0.018122, 0.272858, 0.0, -0.018122, -0.999247, -0.0, 0.0, 0.0, 0.0, 1.0],
                [1.0, 0.0, 0.0, 0.0, 0.0, -0.999836, 0.018122, 0.272858, 0.0, -0.018122, -0.999247, 0.0, 0.0, 0.0, 0.0, 1.0]
            ]
        },
        {
            "name": "Elbow_L",
            "time": [0.0, 0.25, 0.3333, 0.7833, 1.4167],
            "transform": [
                [-1.0, 0.0, -0.0, 0.0, 0.0, -0.0, -1.0, 0.3, -0.0, -1.0, -0.0, -0.0, 0.0, 0.0, 0.0, 1.0],
                [-1.0, 0.0, -0.0, -0.0, 0.0, -0.0, -1.0, 0.3, -0.0, -1.0, 0.0, 0.0, 0.0, 0.0, 0.0, 1.0],
                [-1.0, 0.0, -0.0, -0.0, 0.0, -0.0, -1.0, 0.3, -0.0, -1.0, 0.0, 0.0, 0.0, 0.0, 0.0, 1.0],
                [-1.0, 0.0, -0.0, -0.0, 0.0, -0.0, -1.0, 0.3, -0.0, -1.0, -0.0, 0.0, 0.0, 0.0, 0.0, 1.0],
                [-1.0, 0.0, -0.0, 0.0, 0.0, -0.0, -1.0, 0.3, -0.0, -1.0, -0.0, -0.0, 0.0, 0.0, 0.0, 1.0]
            ]
        }
    ]
}