{
    "animation": [
        {
            "name": "Root",
            "time": [0.0, 0.0667, 0.2667, 0.3167, 0.5333, 0.65, 0.75, 1.0667, 1.1833, 1.3667],
            "transform": [
                [0.834853, 0.0, -0.550472, -5e-06, -0.550472, 0.0, -0.834853, 0.000946, 0.0, 1.0, 0.0, 0.755725, 0.0, 0.0, 0.0, 1.0],
                [0.83071, 0.010398, -0.556609, -0.002119, -0.556264, 0.055357, -0.82916, 0.014372, 0.02219, 0.998412, 0.05177, 0.593023, 0.0, 0.0, 0.0, 1.0],
                [0.829283, 0.002832, -0.558821, -0.002793, -0.557374, 0.076284, -0.826749, 0.026418, 0.040288, 0.997082, 0.064839, 0.541205, 0.0, 0.0, 0.0, 1.0],
                [0.846694, -0.047, -0.53, 0.007486, -0.525784, 0.078879, -0.846953, 0.047686, 0.081613, 0.995776, 0.042074, 0.675298, 0.0, 0.0, 0.0, 1.0],
                [0.88888, -0.413878, 0.196463, -0.085827, 0.128461, -0.186463, -0.974027, 0.57005, 0.439762, 0.891031, -0.112576, 0.902835, 0.0, 0.0, 0.0, 1.0],
                [0.844097, -0.378352, 0.379934, -0.070137, 0.327703, -0.196816, -0.924053, 0.767371, 0.424395, 0.904496, -0.042145, 0.874659, 0.0, 0.0, 0.0, 1.0],
                [0.618815, -0.258221, 0.741883, 0.144319, 0.783778, 0.139793, -0.605103, 1.45524, 0.052541, 0.955918, 0.288894, 0.446713, 0.0, 0.0, 0.0, 1.0],
                [0.618815, -0.258221, 0.741883, 0.127626, 0.783778, 0.139793, -0.605103, 1.41771, 0.052541, 0.955918, 0.288894, 0.519514, 0.0, 0.0, 0.0, 1.0],
                [0.90177, -0.155863, 0.403134, 0.087143, 0.417624, 0.073901, -0.90561, 1.256276, 0.111359, 0.98501, 0.131734, 0.758841, 0.0, 0.0, 0.0, 1.0],
                [0.834853, 0.0, -0.550472, 0.051783, -0.550472, 0.0, -0.834853, 1.087117, 0.0, 1.0, 0.0, 0.769479, 0.0, 0.0, 0.0, 1.0]
            ]
        },
        {
            "name": "Thigh_R",
            "time": [0.0, 0.0667, 0.2667, 0.3167, 0.5333, 0.65, 0.75, 1.0667, 1.3667],
            "transform": [
                [0.996122, 0.062436, -0.061977, 0.124994, 0.068868, -0.99179, 0.107731, -0.002831, -0.054742, -0.11158, -0.992247, -1.2e-05, 0.0, 0.0, 0.0, 1.0],
                [0.913939, 0.387385, 0.121024, 0.155435, 0.396782, -0.91555, -0.065788, 0.056056, 0.085318, 0.108147, -0.990467, 0.020994, 0.0, 0.0, 0.0, 1.0],
                [0.851168, 0.469828, 0.234036, 0.165131, 0.500809, -0.860427, -0.094082, 0.07481, 0.157169, 0.197286, -0.967665, 0.027684, 0.0, 0.0, 0.0, 1.0],
                [0.913702, 0.299022, 0.275196, 0.124994, 0.291317, -0.954098, 0.069478, -0.002831, 0.28334, 0.016688, -0.958875, -1.2e-05, 0.0, 0.0, 0.0, 1.0],
                [0.929903, 0.224864, 0.29106, 0.124994, -0.276549, -0.09426, 0.956366, -0.002831, 0.242488, -0.969818, -0.025467, -1.2e-05, 0.0, 0.0, 0.0, 1.0],
                [0.903159, 0.29877, 0.308286, 0.12887, -0.302552, -0.066498, 0.95081, -0.00492, 0.304574, -0.952003, 0.030335, -0.001356, 0.0, 0.0, 0.0, 1.0],
                [0.671032, 0.731827, 0.11892, 0.177727, -0.185103, 0.010045, 0.982668, -0.031248, 0.71795, -0.681413, 0.142204, -0.018298, 0.0, 0.0, 0.0, 1.0],
                [0.671032, 0.721292, 0.171613, 0.177727, -0.185103, -0.061153, 0.980815, -0.031248, 0.71795, -0.689923, 0.092477, -0.018298, 0.0, 0.0, 0.0, 1.0],
                [0.996122, 0.062436, -0.061977, 0.124994, 0.068868, -0.99179, 0.107731, -0.002831, -0.054742, -0.11158, -0.992247, -1.2e-05, 0.0, 0.0, 0.0, 1.0]
            ]
        },
        {
            "name": "Leg_R",
            "time": [0.0, 0.0667, 0.2667, 0.3167, 0.5333, 0.65, 0.75, 1.0667, 1.1833, 1.3667],
            "transform": [
                [1.0, -0.0, 2e-06, -0.0, -0.0, 0.987268, 0.15907, 0.37472, -2e-06, -0.15907, 0.987267, 0.0, 0.0, 0.0, 0.0, 1.0],
                [1.0, -0.0, 2e-06, 0.0, -0.0, 0.941187, 0.337887, 0.37472, -2e-06, -0.337887, 0.941186, 0.0, 0.0, 0.0, 0.0, 1.0],
                [1.0, -1e-06, 2e-06, 0.0, -0.0, 0.881333, 0.472496, 0.37472, -2e-06, -0.472497, 0.881332, 0.0, 0.0, 0.0, 0.0, 1.0],
                [1.0, -1e-06, 2e-06, 0.0, -0.0, 0.751078, 0.660213, 0.37472, -2e-06, -0.660214, 0.751077, 0.0, 0.0, 0.0, 0.0, 1.0],
                [1.0, -2e-06, -0.0, -0.0, -1e-06, -0.305494, 0.952194, 0.37472, -2e-06, -0.952195, -0.305493, 0.0, 0.0, 0.0, 0.0, 1.0],
                [1.0, -2e-06, 0.0, -0.0, -1e-06, -0.259902, 0.965634, 0.37472, -2e-06, -0.965636, -0.259902, -0.0, 0.0, 0.0, 0.0, 1.0],
                [1.0, -2e-06, 1e-06, 0.0, -1e-06, 0.338696, 0.940895, 0.37472, -2e-06, -0.940897, 0.338695, -0.0, 0.0, 0.0, 0.0, 1.0],
                [1.0, -2e-06, 1e-06, 0.0, -1e-06, 0.338696, 0.940895, 0.37472, -2e-06, -0.940897, 0.338695, -0.0, 0.0, 0.0, 0.0, 1.0],
                [1.0, -2e-06, 1e-06, -0.0, -0.0, 0.165761, 0.986165, 0.37472, -2e-06, -0.986167, 0.165761, 0.0, 0.0, 0.0, 0.0, 1.0],
                [1.0, -0.0, 2e-06, -0.0, -0.0, 0.987268, 0.15907, 0.37472, -2e-06, -0.15907, 0.987267, -0.0, 0.0, 0.0, 0.0, 1.0]
            ]
        },
        {
            "name": "Knee_R",
            "time": [0.0, 0.0667, 0.2667, 0.3167, 0.5333, 0.65, 0.75, 1.0667, 1.3667],
            "transform": [
                [1.0, 0.0, -0.0, -0.0, -0.0, 1e-06, -1.0, 0.37472, 0.0, 1.0, 1e-06, 0.0, 0.0, 0.0, 0.0, 1.0],
                [1.0, 0.0, -0.0, 0.0, -0.0, 1e-06, -1.0, 0.37472, -0.0, 1.0, 1e-06, 0.0, 0.0, 0.0, 0.0, 1.0],
                [1.0, 0.0, -0.0, 0.0, -0.0, 1e-06, -1.0, 0.37472, -0.0, 1.0, 1e-06, 0.0, 0.0, 0.0, 0.0, 1.0],
                [1.0, 0.0, -0.0, 0.0, -0.0, 0.032882, -0.999459, 0.37472, -0.0, 0.999459, 0.032882, 0.0, 0.0, 0.0, 0.0, 1.0],
                [1.0, 0.0, -0.0, -0.0, -0.0, 0.633057, -0.774106, 0.37472, -0.0, 0.774105, 0.633057, 0.0, 0.0, 0.0, 0.0, 1.0],
                [1.0, 0.0, -0.0, -0.0, -0.0, 0.633057, -0.774105, 0.37472, -0.0, 0.774106, 0.633057, -0.0, 0.0, 0.0, 0.0, 1.0],
                [1.0, 0.0, -0.0, 0.0, -0.0, 0.633057, -0.774105, 0.37472, -0.0, 0.774105, 0.633057, -0.0, 0.0, 0.0, 0.0, 1.0],
                [1.0, 0.0, -0.0, 0.0, -0.0, 0.633057, -0.774105, 0.37472, -0.0, 0.774105, 0.633057, -0.0, 0.0, 0.0, 0.0, 1.0],
                [1.0, 0.0, -0.0, -0.0, -0.0, 1e-06, -1.0, 0.37472, 0.0, 1.0, 1e-06, -0.0, 0.0, 0.0, 0.0, 1.0]
            ]
        },
        {
            "name": "Thigh_L",
            "time": [0.0, 0.0667, 0.2667, 0.3167, 0.5333, 0.65, 0.75, 1.0667, 1.1833, 1.3667],
            "transform": [
                [0.866588, -0.188811, -0.461924, -0.125006, -0.027838, -0.942508, 0.333022, -0.002831, -0.498245, -0.275734, -0.822023, -1.2e-05, 0.0, 0.0, 0.0, 1.0],
                [0.860789, -0.41528, -0.294251, -0.13949, -0.021976, -0.607928, 0.793688, 0.036235, -0.508486, -0.676732, -0.532424, -0.011078, 0.0, 0.0, 0.0, 1.0],
                [0.866588, -0.455295, -0.20428, -0.144102, -0.027838, -0.45283, 0.891162, 0.048677, -0.498245, -0.766584, -0.405093, -0.014603, 0.0, 0.0, 0.0, 1.0],
                [0.883238, -0.399151, -0.246105, -0.125006, -0.109343, -0.685671, 0.719652, -0.002831, -0.455997, -0.608714, -0.649256, -1.2e-05, 0.0, 0.0, 0.0, 1.0],
                [0.928339, -0.368058, 0.052151, -0.125006, -0.338473, -0.89492, -0.290781, -0.002831, 0.153695, 0.252292, -0.955367, -1.2e-05, 0.0, 0.0, 0.0, 1.0],
                [0.907313, -0.4203, 0.01141, -0.125006, -0.403533, -0.878099, -0.257106, -0.002831, 0.118081, 0.228672, -0.966316, -1.2e-05, 0.0, 0.0, 0.0, 1.0],
                [0.55528, -0.760809, -0.335906, -0.125006, -0.73226, -0.638742, 0.236228, -0.002831, -0.394281, 0.114799, -0.911791, -1.2e-05, 0.0, 0.0, 0.0, 1.0],
                [0.656697, -0.669624, -0.346918, -0.125006, -0.621141, -0.741135, 0.254758, -0.002831, -0.427705, 0.048187, -0.902633, -1.2e-05, 0.0, 0.0, 0.0, 1.0],
                [0.82362, -0.362681, -0.436018, -0.125006, -0.181764, -0.897049, 0.40282, -0.002831, -0.537225, -0.252518, -0.80475, -1.2e-05, 0.0, 0.0, 0.0, 1.0],
                [0.866588, -0.188811, -0.461924, -0.125006, -0.027838, -0.942508, 0.333022, -0.002831, -0.498245, -0.275734, -0.822023, -1.2e-05, 0.0, 0.0, 0.0, 1.0]
            ]
        },
        {
            "name": "Leg_L",
            "time": [0.0, 0.0667, 0.2667, 0.3167, 0.5333, 0.65, 0.75, 1.0667, 1.3667],
            "transform": [
                [1.0, -0.0, 1e-06, -0.0, 0.0, 0.978347, 0.206971, 0.37472, -1e-06, -0.206971, 0.978347, 0.0, 0.0, 0.0, 0.0, 1.0],
                [1.0, -1e-06, 0.0, 0.0, 0.0, 0.79382, 0.608153, 0.37472, -1e-06, -0.608152, 0.793821, 0.0, 0.0, 0.0, 0.0, 1.0],
                [1.0, -1e-06, 0.0, 0.0, 0.0, 0.700652, 0.713503, 0.37472, -1e-06, -0.713503, 0.700653, -0.0, 0.0, 0.0, 0.0, 1.0],
                [1.0, -1e-06, 0.0, 0.0, 0.0, 0.729066, 0.684443, 0.37472, -1e-06, -0.684443, 0.729066, 0.0, 0.0, 0.0, 0.0, 1.0],
                [1.0, -0.0, 1e-06, 0.0, 0.0, 0.998152, -0.060771, 0.37472, -1e-06, 0.060771, 0.998152, -0.0, 0.0, 0.0, 0.0, 1.0],
                [0.999982, -0.005798, 0.001451, -0.0, 0.00584, 0.999524, -0.03027, 0.37472, -0.001275, 0.030278, 0.999541, 0.0, 0.0, 0.0, 0.0, 1.0],
                [0.996705, -0.08101, 0.004159, 0.0, 0.074441, 0.933841, 0.349857, 0.37472, -0.032226, -0.348394, 0.936794, -0.0, 0.0, 0.0, 0.0, 1.0],
                [0.996705, -0.08101, 0.004159, -0.0, 0.074441, 0.933841, 0.349857, 0.37472, -0.032226, -0.348394, 0.936794, -0.0, 0.0, 0.0, 0.0, 1.0],
                [1.0, -0.0, 1e-06, -0.0, 0.0, 0.978347, 0.206971, 0.37472, -1e-06, -0.206971, 0.978347, 0.0, 0.0, 0.0, 0.0, 1.0]
            ]
        },
        {
            "name": "Knee_L",
            "time": [0.0, 0.0667, 0.2667, 0.3167, 0.5333, 0.65, 0.75, 1.0667, 1.3667],
            "transform": [
                [1.0, 0.0, -0.0, -0.0, -0.0, 1e-06, -1.0, 0.37472, -0.0, 1.0, 1e-06, 0.0, 0.0, 0.0, 0.0, 1.0],
                [1.0, 0.0, -0.0, 0.0, -0.0, 1e-06, -1.0, 0.37472, -0.0, 1.0, 1e-06, 0.0, 0.0, 0.0, 0.0, 1.0],
                [1.0, 0.0, -0.0, 0.0, -0.0, 1e-06, -1.0, 0.37472, -0.0, 1.0, 1e-06, -0.0, 0.0, 0.0, 0.0, 1.0],
                [1.0, 0.0, -0.0, 0.0, -0.0, 1e-06, -1.0, 0.37472, -0.0, 1.0, 1e-06, 0.0, 0.0, 0.0, 0.0, 1.0],
                [1.0, 0.0, -0.0, 0.0, -0.0, 1e-06, -1.0, 0.37472, -0.0, 1.0, 1e-06, -0.0, 0.0, 0.0, 0.0, 1.0],
                [1.0, 0.0, -0.0, -0.0, -0.0, 1e-06, -1.0, 0.37472, -0.0, 1.0, 1e-06, 0.0, 0.0, 0.0, 0.0, 1.0],
                [1.0, 0.0, -0.0, 0.0, -0.0, 1e-06, -1.0, 0.37472, -0.0, 1.0, 1e-06, -0.0, 0.0, 0.0, 0.0, 1.0],
                [1.0, 0.0, -0.0, -0.0, -0.0, 1e-06, -1.0, 0.37472, -0.0, 1.0, 1e-06, -0.0, 0.0, 0.0, 0.0, 1.0],
                [1.0, 0.0, -0.0, -0.0, -0.0, 1e-06, -1.0, 0.37472, -0.0, 1.0, 1e-06, 0.0, 0.0, 0.0, 0.0, 1.0]
            ]
        },
        {
            "name": "Torso",
            "time": [0.0, 0.0667, 0.2667, 0.3167, 0.5333, 0.65, 0.75, 1.0667, 1.1833, 1.3667],
            "transform": [
                [0.981277, 0.0108, -0.192301, -0.0, -0.017548, 0.999287, -0.033421, 0.05, 0.191803, 0.036169, 0.980767, -0.0, 0.0, 0.0, 0.0, 1.0],
                [0.981277, 0.0108, -0.192301, -0.0, -0.017548, 0.999287, -0.033421, 0.05, 0.191803, 0.036169, 0.980767, -0.0, 0.0, 0.0, 0.0, 1.0],
                [0.981277, 0.0108, -0.192301, -0.0, -0.017548, 0.999287, -0.033421, 0.05, 0.191803, 0.036169, 0.980767, -0.0, 0.0, 0.0, 0.0, 1.0],
                [0.981277, 0.0108, -0.192301, -0.0, -0.017548, 0.999287, -0.033421, 0.05, 0.191803, 0.036169, 0.980767, -0.0, 0.0, 0.0, 0.0, 1.0],
                [0.981277, 0.0108, -0.192301, 0.0, -0.017548, 0.999287, -0.033421, 0.05, 0.191803, 0.036169, 0.980767, -0.0, 0.0, 0.0, 0.0, 1.0],
                [0.981277, 0.013947, -0.192098, 0.0, -0.017548, 0.999701, -0.017058, 0.05, 0.191803, 0.020109, 0.981228, -0.0, 0.0, 0.0, 0.0, 1.0],
                [0.980687, 0.040599, -0.191322, -0.0, 0.001891, 0.976204, 0.216845, 0.05, 0.195573, -0.213019, 0.957275, 0.0, 0.0, 0.0, 0.0, 1.0],
                [0.981277, 0.053076, -0.185146, 0.0, -0.017548, 0.981919, 0.188486, 0.05, 0.191803, -0.181708, 0.964466, -0.0, 0.0, 0.0, 0.0, 1.0],
                [0.983073, 0.06947, -0.169534, -0.0, -0.036286, 0.980822, 0.191499, 0.05, 0.179586, -0.182105, 0.96674, 0.0, 0.0, 0.0, 0.0, 1.0],
                [0.981277, 0.0108, -0.192301, -0.0, -0.017548, 0.999287, -0.033421, 0.05, 0.191803, 0.036169, 0.980767, 0.0, 0.0, 0.0, 0.0, 1.0]
            ]
        },
        {
            "name": "Chest",
            "time": [0.0, 0.0667, 0.2667, 0.3167, 0.5333, 0.65, 0.75, 1.0667, 1.1833, 1.3667],
            "transform": [
                [0.999771, -0.020499, -0.006186, 0.0, 0.021411, 0.954317, 0.298026, 0.3, -0.000206, -0.29809, 0.954538, -0.0, 0.0, 0.0, 0.0, 1.0],
                [0.983395, -0.163415, -0.078927, 0.0, 0.181303, 0.865601, 0.46676, 0.3, -0.007957, -0.473319, 0.880855, 0.0, 0.0, 0.0, 0.0, 1.0],
                [0.972885, -0.204902, -0.107282, -0.0, 0.230678, 0.825946, 0.514393, 0.3, -0.016791, -0.525193, 0.850818, 0.0, 0.0, 0.0, 0.0, 1.0],
                [0.975204, -0.19672, -0.101381, -0.0, 0.220814, 0.834361, 0.505057, 0.3, -0.014767, -0.51492, 0.857111, -0.0, 0.0, 0.0, 0.0, 1.0],
                [0.999771, -0.020499, -0.006186, -0.0, 0.021411, 0.954317, 0.298026, 0.3, -0.000206, -0.29809, 0.954538, -0.0, 0.0, 0.0, 0.0, 1.0],
                [0.997323, 0.005022, 0.072948, -0.0, -0.02641, 0.955034, 0.295318, 0.3, -0.068185, -0.296454, 0.95261, 0.0, 0.0, 0.0, 0.0, 1.0],
                [0.843658, -0.038979, 0.535464, 0.0, -0.147204, 0.942345, 0.300528, 0.3, -0.516306, -0.332365, 0.789279, 0.0, 0.0, 0.0, 0.0, 1.0],
                [0.835343, -0.020499, 0.549346, -0.0, -0.147475, 0.954317, 0.259864, 0.3, -0.529578, -0.29809, 0.79416, -0.0, 0.0, 0.0, 0.0, 1.0],
                [0.9195, -0.010584, 0.392948, -0.0, -0.131417, 0.933841, 0.332671, 0.3, -0.370472, -0.357531, 0.857276, 0.0, 0.0, 0.0, 0.0, 1.0],
                [0.999771, -0.020499, -0.006186, 0.0, 0.021411, 0.954317, 0.298026, 0.3, -0.000206, -0.29809, 0.954538, 0.0, 0.0, 0.0, 0.0, 1.0]
            ]
        },
        {
            "name": "Head",
            "time": [0.0, 0.0667, 0.2667, 0.3167, 0.5333, 0.65, 0.75, 1.0667, 1.3667],
            "transform": [
                [0.692979, -0.013322, 0.720835, -0.0, 0.203294, 0.962868, -0.177643, 0.4, -0.691702, 0.269644, 0.669955, -0.0, 0.0, 0.0, 0.0, 1.0],
                [0.692979, -0.013322, 0.720835, -0.0, 0.203294, 0.962868, -0.177643, 0.4, -0.691702, 0.269644, 0.669955, 0.0, 0.0, 0.0, 0.0, 1.0],
                [0.692979, -0.013322, 0.720835, 0.0, 0.203294, 0.962868, -0.177643, 0.4, -0.691702, 0.269644, 0.669955, 0.0, 0.0, 0.0, 0.0, 1.0],
                [0.717851, -0.018509, 0.69595, 0.0, 0.187548, 0.967832, -0.167709, 0.4, -0.670459, 0.250914, 0.698231, 0.0, 0.0, 0.0, 0.0, 1.0],
                [0.997693, 0.024992, 0.063124, 0.0, -0.033363, 0.990249, 0.135255, 0.4, -0.059128, -0.137049, 0.988798, 0.0, 0.0, 0.0, 0.0, 1.0],
                [0.988006, 0.035495, -0.150283, -0.0, -0.014547, 0.990289, 0.138261, 0.4, 0.153732, -0.134417, 0.978927, 0.0, 0.0, 0.0, 0.0, 1.0],
                [0.727297, 0.024992, -0.685868, 0.0, 0.076046, 0.990249, 0.116722, 0.4, 0.682097, -0.137049, 0.718304, -0.0, 0.0, 0.0, 0.0, 1.0],
                [0.727297, 0.024992, -0.685868, -0.0, 0.076046, 0.990249, 0.116722, 0.4, 0.682097, -0.137049, 0.718304, -0.0, 0.0, 0.0, 0.0, 1.0],
                [0.692979, -0.013322, 0.720835, -0.0, 0.203294, 0.962868, -0.177643, 0.4, -0.691702, 0.269644, 0.669955, 0.0, 0.0, 0.0, 0.0, 1.0]
            ]
        },
        {
            "name": "Shoulder_R",
            "time": [0.0, 0.0667, 0.2667, 0.3167, 0.5333, 0.65, 0.75, 1.0667, 1.3667],
            "transform": [
                [0.225029, 0.926554, 0.301428, -0.0, -0.04706, -0.298666, 0.953197, 0.4, 0.973215, -0.228682, -0.023605, -0.0, 0.0, 0.0, 0.0, 1.0],
                [0.225029, 0.926554, 0.301428, -0.0, -0.04706, -0.298666, 0.953197, 0.4, 0.973215, -0.228682, -0.023605, 0.0, 0.0, 0.0, 0.0, 1.0],
                [0.225029, 0.926554, 0.301428, 0.0, -0.04706, -0.298666, 0.953197, 0.4, 0.973215, -0.228682, -0.023605, 0.0, 0.0, 0.0, 0.0, 1.0],
                [0.225029, 0.934551, 0.275636, 0.0, -0.04706, -0.272137, 0.961107, 0.4, 0.973215, -0.229248, -0.017259, 0.0, 0.0, 0.0, 0.0, 1.0],
                [0.225029, 0.94154, -0.250725, 0.0, -0.04706, 0.267528, 0.9624, 0.4, 0.973215, -0.204769, 0.104511, 0.0, 0.0, 0.0, 0.0, 1.0],
                [0.225029, 0.948191, -0.224265, -0.0, -0.04706, 0.240476, 0.969513, 0.4, 0.973215, -0.207615, 0.098736, 0.0, 0.0, 0.0, 0.0, 1.0],
                [0.225029, 0.967043, 0.11912, 0.0, -0.04706, -0.111325, 0.992669, 0.4, 0.973215, -0.228985, 0.020458, -0.0, 0.0, 0.0, 0.0, 1.0],
                [0.225029, 0.967043, 0.11912, -0.0, -0.04706, -0.111326, 0.992669, 0.4, 0.973215, -0.228985, 0.020458, -0.0, 0.0, 0.0, 0.0, 1.0],
                [0.225029, 0.926554, 0.301428, -0.0, -0.04706, -0.298666, 0.953197, 0.4, 0.973215, -0.228682, -0.023605, 0.0, 0.0, 0.0, 0.0, 1.0]
            ]
        },
        {
            "name": "Arm_R",
            "time": [0.0, 0.0667, 0.2667, 0.3167, 0.5333, 0.65, 0.75, 1.0667, 1.1833, 1.3667],
            "transform": [
                [0.134014, 0.008048, -0.990947, 0.0, 0.883404, 0.452144, 0.123142, 0.393861, 0.449042, -0.891909, 0.053483, -0.0, 0.0, 0.0, 0.0, 1.0],
                [0.42868, 0.316594, -0.846168, -0.0, 0.429351, 0.752679, 0.499131, 0.393861, 0.794916, -0.577271, 0.186729, -0.0, 0.0, 0.0, 0.0, 1.0],
                [0.173832, 0.783518, -0.596559, -0.0, -0.005848, 0.606592, 0.794992, 0.39386, 0.984758, -0.134706, 0.110027, -0.0, 0.0, 0.0, 0.0, 1.0],
                [-0.497681, 0.849087, -0.177098, -0.0, 0.74243, 0.522592, 0.419161, 0.393861, 0.448455, 0.077126, -0.890472, -0.0, 0.0, 0.0, 0.0, 1.0],
                [-0.020304, 0.182709, 0.982957, -0.0, 0.715588, 0.689266, -0.113337, 0.393861, -0.698227, 0.701092, -0.14474, -0.0, 0.0, 0.0, 0.0, 1.0],
                [0.189085, -0.13694, 0.972365, 0.0, 0.596071, 0.802927, -0.002834, 0.393861, -0.78035, 0.580134, 0.233447, 0.0, 0.0, 0.0, 0.0, 1.0],
                [0.800152, -0.56574, 0.199234, 0.0, 0.294098, 0.659559, 0.691729, 0.39386, -0.522746, -0.494894, 0.69413, 0.0, 0.0, 0.0, 0.0, 1.0],
                [0.881551, -0.428356, 0.198442, 0.0, 0.208082, 0.729879, 0.651136, 0.39386, -0.423757, -0.532717, 0.732559, -0.0, 0.0, 0.0, 0.0, 1.0],
                [0.791426, -0.508371, -0.339416, 0.0, 0.611088, 0.64466, 0.45933, 0.393861, -0.014702, -0.570939, 0.820861, -0.0, 0.0, 0.0, 0.0, 1.0],
                [-0.329415, -0.30616, -0.893169, -0.0, 0.820056, 0.376079, -0.431362, 0.393861, 0.467968, -0.874546, 0.127182, 0.0, 0.0, 0.0, 0.0, 1.0]
            ]
        },
        {
            "name": "Hand_R",
            "time": [0.0, 0.0667, 0.2667, 0.3167, 0.5333, 0.65, 0.75, 1.0667, 1.3667],
            "transform": [
                [0.999985, 0.001325, 0.005391, -0.0, -0.00125, 0.999903, -0.013885, 0.3, -0.005409, 0.013878, 0.999889, -0.0, 0.0, 0.0, 0.0, 1.0],
                [0.999985, 0.001325, 0.005391, 0.0, -0.00125, 0.999903, -0.013885, 0.3, -0.005409, 0.013878, 0.999889, -0.0, 0.0, 0.0, 0.0, 1.0],
                [0.999985, 0.001325, 0.005391, 0.0, -0.00125, 0.999903, -0.013885, 0.3, -0.005409, 0.013878, 0.999889, 0.0, 0.0, 0.0, 0.0, 1.0],
                [0.999985, 0.001325, 0.005391, -0.0, -0.00125, 0.999903, -0.013885, 0.3, -0.005409, 0.013878, 0.999889, -0.0, 0.0, 0.0, 0.0, 1.0],
                [0.999985, 0.001325, 0.005391, 0.0, -0.00125, 0.999903, -0.013885, 0.3, -0.005409, 0.013878, 0.999889, 0.0, 0.0, 0.0, 0.0, 1.0],
                [0.999985, 0.001325, 0.005391, -0.0, -0.00125, 0.999903, -0.013885, 0.3, -0.005409, 0.013878, 0.999889, 0.0, 0.0, 0.0, 0.0, 1.0],
                [0.999985, 0.001325, 0.005391, 0.0, -0.00125, 0.999903, -0.013885, 0.3, -0.005409, 0.013878, 0.999889, -0.0, 0.0, 0.0, 0.0, 1.0],
                [0.999985, 0.001325, 0.005391, 0.0, -0.00125, 0.999903, -0.013885, 0.3, -0.005409, 0.013878, 0.999889, 0.0, 0.0, 0.0, 0.0, 1.0],
                [0.999985, 0.001325, 0.005391, -0.0, -0.00125, 0.999903, -0.013885, 0.3, -0.005409, 0.013878, 0.999889, 0.0, 0.0, 0.0, 0.0, 1.0]
            ]
        },
        {
            "name": "Tool_R",
            "time": [0.0, 0.0667, 0.2667, 0.3167, 0.5333, 0.65, 0.75, 1.0667, 1.3667],
            "transform": [
                [1.0, -0.0, 0.0, -0.0, 0.0, -0.944043, -0.329823, 0.272858, 0.0, 0.329618, -0.943487, -0.0, 0.0, 0.0, 0.0, 1.0],
                [1.0, -0.0, 0.0, 0.0, 0.0, -0.674785, -0.738014, 0.272858, 0.0, 0.73757, -0.674394, -0.0, 0.0, 0.0, 0.0, 1.0],
                [1.0, 0.0, 0.0, -0.0, 0.0, -0.944043, -0.329823, 0.272858, 0.0, 0.329618, -0.943487, -0.0, 0.0, 0.0, 0.0, 1.0],
                [1.0, -0.0, 0.0, -0.0, 0.0, -0.944043, -0.329823, 0.272858, 0.0, 0.329618, -0.943487, -0.0, 0.0, 0.0, 0.0, 1.0],
                [1.0, -0.0, 0.0, -0.0, 0.0, -0.944043, -0.329823, 0.272858, 0.0, 0.329618, -0.943487, -0.0, 0.0, 0.0, 0.0, 1.0],
                [1.0, -0.0, 0.0, 0.0, 0.0, -0.944043, -0.329823, 0.272858, 0.0, 0.329618, -0.943487, 0.0, 0.0, 0.0, 0.0, 1.0],
                [1.0, -0.0, 0.0, -0.0, 0.0, -0.944043, -0.329823, 0.272858, 0.0, 0.329618, -0.943487, -0.0, 0.0, 0.0, 0.0, 1.0],
                [1.0, -0.0, 0.0, 0.0, 0.0, -0.944043, -0.329823, 0.272858, 0.0, 0.329618, -0.943487, 0.0, 0.0, 0.0, 0.0, 1.0],
                [1.0, -0.0, 0.0, 0.0, 0.0, -0.944043, -0.329823, 0.272858, 0.0, 0.329618, -0.943487, -0.0, 0.0, 0.0, 0.0, 1.0]
            ]
        },
        {
            "name": "Elbow_R",
            "time": [0.0, 0.0667, 0.2667, 0.3167, 0.5333, 0.65, 0.75, 1.0667, 1.3667],
            "transform": [
                [-1.0, 0.0, -0.0, -0.0, 0.0, -0.0, -1.0, 0.3, -0.0, -1.0, 0.0, -0.0, 0.0, 0.0, 0.0, 1.0],
                [-1.0, 0.0, -0.0, 0.0, 0.0, 0.0, -1.0, 0.3, -0.0, -1.0, 0.0, -0.0, 0.0, 0.0, 0.0, 1.0],
                [-1.0, 0.0, -0.0, 0.0, 0.0, -0.0, -1.0, 0.3, -0.0, -1.0, 0.0, 0.0, 0.0, 0.0, 0.0, 1.0],
                [-1.0, 0.0, -0.0, -0.0, 0.0, -0.0, -1.0, 0.3, -0.0, -1.0, 0.0, -0.0, 0.0, 0.0, 0.0, 1.0],
                [-1.0, 0.0, -0.0, 0.0, 0.0, -0.0, -1.0, 0.3, -0.0, -1.0, 0.0, 0.0, 0.0, 0.0, 0.0, 1.0],
                [-1.0, 0.0, -0.0, -0.0, 0.0, 0.0, -1.0, 0.3, -0.0, -1.0, 0.0, 0.0, 0.0, 0.0, 0.0, 1.0],
                [-1.0, 0.0, -0.0, 0.0, 0.0, -0.0, -1.0, 0.3, -0.0, -1.0, 0.0, -0.0, 0.0, 0.0, 0.0, 1.0],
                [-1.0, 0.0, -0.0, 0.0, 0.0, -0.0, -1.0, 0.3, -0.0, -1.0, 0.0, 0.0, 0.0, 0.0, 0.0, 1.0],
                [-1.0, 0.0, -0.0, -0.0, 0.0, -0.0, -1.0, 0.3, -0.0, -1.0, 0.0, 0.0, 0.0, 0.0, 0.0, 1.0]
            ]
        },
        {
            "name": "Shoulder_L",
            "time": [0.0, 0.0667, 0.2667, 0.3167, 0.5333, 0.65, 0.75, 1.0667, 1.3667],
            "transform": [
                [-0.027182, -0.953182, -0.301172, -0.0, -0.040545, -0.299984, 0.953082, 0.4, -0.998808, 0.038118, -0.030493, -0.0, 0.0, 0.0, 0.0, 1.0],
                [-0.027182, -0.953182, -0.301172, -0.0, -0.040545, -0.299984, 0.953082, 0.4, -0.998808, 0.038117, -0.030493, 0.0, 0.0, 0.0, 0.0, 1.0],
                [-0.027182, -0.953182, -0.301172, 0.0, -0.040545, -0.299984, 0.953082, 0.4, -0.998808, 0.038117, -0.030493, 0.0, 0.0, 0.0, 0.0, 1.0],
                [-0.000903, -0.953569, -0.301172, 0.0, -0.032262, -0.300988, 0.953082, 0.4, -0.999479, 0.010577, -0.030493, 0.0, 0.0, 0.0, 0.0, 1.0],
                [0.492746, -0.816393, -0.301172, 0.0, 0.12817, -0.274239, 0.953082, 0.4, -0.860682, -0.508228, -0.030493, 0.0, 0.0, 0.0, 0.0, 1.0],
                [0.492746, -0.816393, -0.301172, -0.0, 0.12817, -0.274239, 0.953082, 0.4, -0.860682, -0.508228, -0.030493, 0.0, 0.0, 0.0, 0.0, 1.0],
                [0.492746, -0.816393, -0.301172, 0.0, 0.12817, -0.274239, 0.953082, 0.4, -0.860682, -0.508228, -0.030493, -0.0, 0.0, 0.0, 0.0, 1.0],
                [0.492746, -0.816393, -0.301172, -0.0, 0.12817, -0.274239, 0.953082, 0.4, -0.860682, -0.508228, -0.030493, -0.0, 0.0, 0.0, 0.0, 1.0],
                [-0.027182, -0.953182, -0.301172, -0.0, -0.040545, -0.299984, 0.953082, 0.4, -0.998808, 0.038118, -0.030493, 0.0, 0.0, 0.0, 0.0, 1.0]
            ]
        },
        {
            "name": "Arm_L",
            "time": [0.0, 0.0667, 0.2667, 0.3167, 0.5333, 0.65, 0.75, 1.0667, 1.3667],
            "transform": [
                [-0.31706, -0.03265, 0.947844, -0.0, -0.817821, 0.51549, -0.255809, 0.39386, -0.480252, -0.856273, -0.190143, 0.0, 0.0, 0.0, 0.0, 1.0],
                [-0.152328, -0.121233, 0.980866, 0.0, -0.726272, 0.686841, -0.027897, 0.39386, -0.670318, -0.716625, -0.192673, 0.0, 0.0, 0.0, 0.0, 1.0],
                [-0.109187, -0.152929, 0.982187, -0.0, -0.627508, 0.776924, 0.05121, 0.39386, -0.770917, -0.610738, -0.180794, -0.0, 0.0, 0.0, 0.0, 1.0],
                [-0.153059, -0.094831, 0.983656, 0.0, -0.506499, 0.86223, 0.004313, 0.39386, -0.848547, -0.497561, -0.180004, 0.0, 0.0, 0.0, 0.0, 1.0],
                [-0.403306, 0.863866, 0.301794, -0.0, 0.237521, 0.41733, -0.877166, 0.39386, -0.883701, -0.282084, -0.373498, 0.0, 0.0, 0.0, 0.0, 1.0],
                [-0.410903, 0.83672, 0.36202, 0.0, 0.147034, 0.452714, -0.879449, 0.39386, -0.899744, -0.308139, -0.309048, -0.0, 0.0, 0.0, 0.0, 1.0],
                [0.029682, 0.392118, 0.919436, -0.0, -0.85708, 0.483293, -0.178444, 0.39386, -0.514328, -0.782733, 0.350421, 0.0, 0.0, 0.0, 0.0, 1.0],
                [0.029682, 0.392118, 0.919436, 0.0, -0.85708, 0.483293, -0.178444, 0.39386, -0.514328, -0.782733, 0.350421, 0.0, 0.0, 0.0, 0.0, 1.0],
                [-0.31706, -0.03265, 0.947844, -0.0, -0.817821, 0.51549, -0.255809, 0.39386, -0.480252, -0.856273, -0.190143, 0.0, 0.0, 0.0, 0.0, 1.0]
            ]
        },
        {
            "name": "Hand_L",
            "time": [0.0, 0.0667, 0.2667, 0.3167, 0.5333, 0.65, 0.75, 1.0667, 1.3667],
            "transform": [
                [0.99932, -0.035435, 0.010227, 0.0, 0.03687, 0.966806, -0.25284, 0.3, -0.000928, 0.253045, 0.967454, -0.0, 0.0, 0.0, 0.0, 1.0],
                [0.99932, -0.035435, 0.010227, 0.0, 0.036869, 0.966806, -0.25284, 0.3, -0.000928, 0.253045, 0.967454, 0.0, 0.0, 0.0, 0.0, 1.0],
                [0.99932, -0.035435, 0.010227, -0.0, 0.036869, 0.966806, -0.25284, 0.3, -0.000928, 0.253045, 0.967455, -0.0, 0.0, 0.0, 0.0, 1.0],
                [0.99932, -0.034724, 0.012428, 0.0, 0.036869, 0.949055, -0.312947, 0.3, -0.000929, 0.313193, 0.949689, -0.0, 0.0, 0.0, 0.0, 1.0],
                [0.99932, 0.003255, 0.036737, -0.0, 0.036869, -0.063096, -0.997327, 0.3, -0.000929, 0.998002, -0.063173, -0.0, 0.0, 0.0, 0.0, 1.0],
                [0.99932, -0.000494, 0.036878, 0.0, 0.036869, 0.038544, -0.998577, 0.3, -0.000929, 0.999257, 0.038536, 0.0, 0.0, 0.0, 0.0, 1.0],
                [0.99932, -0.036376, 0.006083, 0.0, 0.036869, 0.989472, -0.139951, 0.3, -0.000929, 0.14008, 0.99014, -0.0, 0.0, 0.0, 0.0, 1.0],
                [0.99932, -0.036376, 0.006083, 0.0, 0.036869, 0.989472, -0.139951, 0.3, -0.000929, 0.14008, 0.99014, 0.0, 0.0, 0.0, 0.0, 1.0],
                [0.99932, -0.035435, 0.010227, 0.0, 0.03687, 0.966806, -0.25284, 0.3, -0.000928, 0.253045, 0.967454, 0.0, 0.0, 0.0, 0.0, 1.0]
            ]
        },
        {
            "name": "Tool_L",
            "time": [0.0, 0.0667, 0.2667, 0.3167, 0.5333, 0.65, 0.75, 1.0667, 1.3667],
            "transform": [
                [1.0, 0.0, 0.0, 0.0, 0.0, -0.999836, 0.018122, 0.272858, 0.0, -0.018122, -0.999248, -0.0, 0.0, 0.0, 0.0, 1.0],
                [1.0, 0.0, 0.0, 0.0, 0.0, -0.999836, 0.018122, 0.272858, 0.0, -0.018122, -0.999248, -0.0, 0.0, 0.0, 0.0, 1.0],
                [1.0, 0.0, 0.0, 0.0, 0.0, -0.999836, 0.018122, 0.272858, 0.0, -0.018122, -0.999247, -0.0, 0.0, 0.0, 0.0, 1.0],
                [1.0, 0.0, 0.0, -0.0, 0.0, -0.999836, 0.018122, 0.272858, 0.0, -0.018122, -0.999247, -0.0, 0.0, 0.0, 0.0, 1.0],
                [1.0, 0.0, 0.0, -0.0, 0.0, -0.999836, 0.018122, 0.272858, 0.0, -0.018122, -0.999247, -0.0, 0.0, 0.0, 0.0, 1.0],
                [1.0, 0.0, 0.0, 0.0, 0.0, -0.999993, -0.003671, 0.272858, 0.0, 0.003658, -0.999405, -0.0, 0.0, 0.0, 0.0, 1.0],
                [1.0, 0.0, 0.0, -0.0, 0.0, -0.961266, -0.275621, 0.272858, 0.0, 0.275449, -0.960704, -0.0, 0.0, 0.0, 0.0, 1.0],
                [1.0, -0.0, 0.0, -0.0, 0.0, -0.961266, -0.275621, 0.272858, 0.0, 0.275449, -0.960704, 0.0, 0.0, 0.0, 0.0, 1.0],
                [1.0, -0.0, 0.0, 0.0, 0.0, -0.961266, -0.275621, 0.272858, 0.0, 0.275449, -0.960704, -0.0, 0.0, 0.0, 0.0, 1.0]
            ]
        },
        {
            "name": "Elbow_L",
            "time": [0.0, 0.0667, 0.2667, 0.3167, 0.5333, 0.65, 0.75, 1.0667, 1.3667],
            "transform": [
                [-1.0, 0.0, -0.0, 0.0, 0.0, -0.0, -1.0, 0.3, -0.0, -1.0, -0.0, -0.0, 0.0, 0.0, 0.0, 1.0],
                [-1.0, 0.0, -0.0, 0.0, 0.0, -0.0, -1.0, 0.3, -0.0, -1.0, 0.0, 0.0, 0.0, 0.0, 0.0, 1.0],
                [-1.0, 0.0, -0.0, -0.0, 0.0, -0.0, -1.0, 0.3, -0.0, -1.0, -0.0, -0.0, 0.0, 0.0, 0.0, 1.0],
                [-1.0, 0.0, -0.0, 0.0, 0.0, 0.02152, -0.999768, 0.3, -0.0, -0.999768, -0.02152, -0.0, 0.0, 0.0, 0.0, 1.0],
                [-1.0, 0.0, -0.0, -0.0, 0.0, 0.429751, -0.902948, 0.3, -0.0, -0.902948, -0.429751, -0.0, 0.0, 0.0, 0.0, 1.0],
                [-1.0, 0.0, 0.0, 0.0, 0.0, 0.429751, -0.902948, 0.3, -0.0, -0.902948, -0.429751, 0.0, 0.0, 0.0, 0.0, 1.0],
                [-1.0, 0.0, -0.0, 0.0, 0.0, 0.429751, -0.902948, 0.3, -0.0, -0.902948, -0.429751, -0.0, 0.0, 0.0, 0.0, 1.0],
                [-1.0, 0.0, -0.0, 0.0, 0.0, 0.429751, -0.902948, 0.3, -0.0, -0.902948, -0.429751, 0.0, 0.0, 0.0, 0.0, 1.0],
                [-1.0, 0.0, -0.0, 0.0, 0.0, -0.0, -1.0, 0.3, -0.0, -1.0, -0.0, 0.0, 0.0, 0.0, 0.0, 1.0]
            ]
        }
    ]
}