{
    
    "animation": [
        {
            "name": "Root",
            "time": [0.0, 1.5833, 3.2833],
            "transform": [
                [0.834853, 0.0, -0.550472, -0.013504, -0.550472, 0.0, -0.834853, -0.020416, 0.0, 1.0, 0.0, 0.697101, 0.0, 0.0, 0.0, 1.0],
                [0.834853, 0.0, -0.550472, -0.023112, -0.550472, 0.0, -0.834853, -0.022316, 0.0, 1.0, 0.0, 0.663138, 0.0, 0.0, 0.0, 1.0],
                [0.834853, 0.0, -0.550472, -0.013504, -0.550472, 0.0, -0.834853, -0.020416, 0.0, 1.0, 0.0, 0.697101, 0.0, 0.0, 0.0, 1.0]
            ]
        },
        {
            "name": "Thigh_R",
            "time": [0.0, 1.5833, 3.2833],
            "transform": [
                [0.948707, 0.280897, -0.14509, 0.124994, 0.227139, -0.924793, -0.305225, -0.002831, -0.219915, 0.256613, -0.941163, -1.2e-05, 0.0, 0.0, 0.0, 1.0],
                [0.932387, 0.327048, -0.153925, 0.124994, 0.250871, -0.892087, -0.37582, -0.002831, -0.260226, 0.311795, -0.91382, -1.2e-05, 0.0, 0.0, 0.0, 1.0],
                [0.948707, 0.280897, -0.14509, 0.124994, 0.227139, -0.924793, -0.305225, -0.002831, -0.219915, 0.256613, -0.941163, -1.2e-05, 0.0, 0.0, 0.0, 1.0]
            ]
        },
        {
            "name": "Leg_R",
            "time": [0.0, 3.2833],
            "transform": [
                [1.0, -0.0, 2e-06, -0.0, -0.0, 0.987268, 0.15907, 0.37472, -2e-06, -0.15907, 0.987267, 0.0, 0.0, 0.0, 0.0, 1.0],
                [1.0, -0.0, 2e-06, -0.0, -0.0, 0.987268, 0.15907, 0.37472, -2e-06, -0.15907, 0.987267, 0.0, 0.0, 0.0, 0.0, 1.0]
            ]
        },
        {
            "name": "Knee_R",
            "time": [0.0, 3.2833],
            "transform": [
                [1.0, 0.0, -0.0, -0.0, -0.0, 1e-06, -1.0, 0.37472, -0.0, 1.0, 1e-06, 0.0, 0.0, 0.0, 0.0, 1.0],
                [1.0, 0.0, -0.0, -0.0, -0.0, 1e-06, -1.0, 0.37472, -0.0, 1.0, 1e-06, 0.0, 0.0, 0.0, 0.0, 1.0]
            ]
        },
        {
            "name": "Thigh_L",
            "time": [0.0, 1.5833, 3.2833],
            "transform": [
                [0.866588, -0.291024, -0.405375, -0.125006, -0.027838, -0.839266, 0.543008, -0.002831, -0.498245, -0.45928, -0.7354, -1.2e-05, 0.0, 0.0, 0.0, 1.0],
                [0.874415, -0.307227, -0.375511, -0.125006, -0.030183, -0.806914, 0.589897, -0.002831, -0.484237, -0.504481, -0.714851, -1.2e-05, 0.0, 0.0, 0.0, 1.0],
                [0.866588, -0.291024, -0.405375, -0.125006, -0.027838, -0.839266, 0.543008, -0.002831, -0.498245, -0.45928, -0.7354, -1.2e-05, 0.0, 0.0, 0.0, 1.0]
            ]
        },
        {
            "name": "Leg_L",
            "time": [0.0, 1.5833, 3.2833],
            "transform": [
                [1.0, -0.0, 1e-06, -0.0, 0.0, 0.978347, 0.206971, 0.37472, -1e-06, -0.206971, 0.978347, -0.0, 0.0, 0.0, 0.0, 1.0],
                [1.0, -1e-06, 1e-06, 0.0, 0.0, 0.926404, 0.37653, 0.37472, -1e-06, -0.37653, 0.926405, 0.0, 0.0, 0.0, 0.0, 1.0],
                [1.0, -0.0, 1e-06, -0.0, 0.0, 0.978347, 0.206971, 0.37472, -1e-06, -0.206971, 0.978347, -0.0, 0.0, 0.0, 0.0, 1.0]
            ]
        },
        {
            "name": "Knee_L",
            "time": [0.0, 3.2833],
            "transform": [
                [1.0, 0.0, -0.0, -0.0, -0.0, 1e-06, -1.0, 0.37472, -0.0, 1.0, 1e-06, -0.0, 0.0, 0.0, 0.0, 1.0],
                [1.0, 0.0, -0.0, -0.0, -0.0, 1e-06, -1.0, 0.37472, -0.0, 1.0, 1e-06, -0.0, 0.0, 0.0, 0.0, 1.0]
            ]
        },
        {
            "name": "Torso",
            "time": [0.0, 3.2833],
            "transform": [
                [0.982702, -0.110754, -0.148428, 0.0, 0.131697, 0.981408, 0.139621, 0.05, 0.130205, -0.156753, 0.979017, 0.0, 0.0, 0.0, 0.0, 1.0],
                [0.982702, -0.110754, -0.148428, 0.0, 0.131697, 0.981408, 0.139621, 0.05, 0.130205, -0.156753, 0.979017, 0.0, 0.0, 0.0, 0.0, 1.0]
            ]
        },
        {
            "name": "Chest",
            "time": [0.0, 3.2833],
            "transform": [
                [0.950845, -0.020499, 0.308987, 0.0, -0.073536, 0.954318, 0.289604, 0.3, -0.300808, -0.29809, 0.905901, 0.0, 0.0, 0.0, 0.0, 1.0],
                [0.950845, -0.020499, 0.308987, 0.0, -0.073536, 0.954318, 0.289604, 0.3, -0.300808, -0.29809, 0.905901, 0.0, 0.0, 0.0, 0.0, 1.0]
            ]
        },
        {
            "name": "Head",
            "time": [0.0, 3.2833],
            "transform": [
                [0.821435, -0.013322, 0.570147, -0.0, 0.164302, 0.962868, -0.214219, 0.4, -0.546122, 0.269644, 0.793122, -0.0, 0.0, 0.0, 0.0, 1.0],
                [0.821435, -0.013322, 0.570147, -0.0, 0.164302, 0.962868, -0.214219, 0.4, -0.546122, 0.269644, 0.793122, -0.0, 0.0, 0.0, 0.0, 1.0]
            ]
        },
        {
            "name": "Shoulder_R",
            "time": [0.0, 3.2833],
            "transform": [
                [0.225029, 0.926554, 0.301428, -0.0, -0.04706, -0.298666, 0.953197, 0.4, 0.973215, -0.228682, -0.023605, -0.0, 0.0, 0.0, 0.0, 1.0],
                [0.225029, 0.926554, 0.301428, -0.0, -0.04706, -0.298666, 0.953197, 0.4, 0.973215, -0.228682, -0.023605, -0.0, 0.0, 0.0, 0.0, 1.0]
            ]
        },
        {
            "name": "Arm_R",
            "time": [0.0, 1.5833, 3.2833],
            "transform": [
                [-0.369597, -0.929167, 0.006872, 0.0, 0.238076, -0.101844, -0.965892, 0.393861, 0.898175, -0.355354, 0.258854, -0.0, 0.0, 0.0, 0.0, 1.0],
                [-0.369597, -0.914892, -0.162389, 0.0, 0.238077, 0.07569, -0.968293, 0.39386, 0.898175, -0.396539, 0.18984, 0.0, 0.0, 0.0, 0.0, 1.0],
                [-0.369597, -0.929167, 0.006872, 0.0, 0.238076, -0.101844, -0.965892, 0.393861, 0.898175, -0.355354, 0.258854, -0.0, 0.0, 0.0, 0.0, 1.0]
            ]
        },
        {
            "name": "Hand_R",
            "time": [0.0, 1.5833, 3.2833],
            "transform": [
                [0.999985, 0.001325, 0.005391, -0.0, -0.00125, 0.999903, -0.013885, 0.3, -0.005409, 0.013878, 0.999889, 0.0, 0.0, 0.0, 0.0, 1.0],
                [0.999985, 0.002103, 0.005138, 0.0, -0.00125, 0.987004, -0.160693, 0.3, -0.005409, 0.160684, 0.986991, -0.0, 0.0, 0.0, 0.0, 1.0],
                [0.999985, 0.001325, 0.005391, -0.0, -0.00125, 0.999903, -0.013885, 0.3, -0.005409, 0.013878, 0.999889, 0.0, 0.0, 0.0, 0.0, 1.0]
            ]
        },
        {
            "name": "Tool_R",
            "time": [0.0, 3.2833],
            "transform": [
                [1.0, -0.0, 0.0, 0.0, 0.0, -0.944043, -0.329823, 0.272858, 0.0, 0.329618, -0.943487, 0.0, 0.0, 0.0, 0.0, 1.0],
                [1.0, -0.0, 0.0, 0.0, 0.0, -0.944043, -0.329823, 0.272858, 0.0, 0.329618, -0.943487, 0.0, 0.0, 0.0, 0.0, 1.0]
            ]
        },
        {
            "name": "Elbow_R",
            "time": [0.0, 3.2833],
            "transform": [
                [-1.0, 0.0, -0.0, -0.0, 0.0, -0.0, -1.0, 0.3, -0.0, -1.0, 0.0, 0.0, 0.0, 0.0, 0.0, 1.0],
                [-1.0, 0.0, -0.0, -0.0, 0.0, -0.0, -1.0, 0.3, -0.0, -1.0, 0.0, 0.0, 0.0, 0.0, 0.0, 1.0]
            ]
        },
        {
            "name": "Shoulder_L",
            "time": [0.0, 3.2833],
            "transform": [
                [0.23361, -0.924512, -0.301172, -0.0, 0.042742, -0.299679, 0.953082, 0.4, -0.971391, -0.235522, -0.030493, -0.0, 0.0, 0.0, 0.0, 1.0],
                [0.23361, -0.924512, -0.301172, -0.0, 0.042742, -0.299679, 0.953082, 0.4, -0.971391, -0.235522, -0.030493, -0.0, 0.0, 0.0, 0.0, 1.0]
            ]
        },
        {
            "name": "Arm_L",
            "time": [0.0, 1.5667, 3.2833],
            "transform": [
                [-0.614613, 0.672349, 0.41255, 0.0, -0.679263, -0.185193, -0.710145, 0.39386, -0.401064, -0.716694, 0.570524, -0.0, 0.0, 0.0, 0.0, 1.0],
                [-0.532143, 0.676035, 0.509707, 0.0, -0.822492, -0.269978, -0.500619, 0.39386, -0.200827, -0.68563, 0.6997, 0.0, 0.0, 0.0, 0.0, 1.0],
                [-0.614613, 0.672349, 0.41255, 0.0, -0.679263, -0.185193, -0.710145, 0.39386, -0.401064, -0.716694, 0.570524, -0.0, 0.0, 0.0, 0.0, 1.0]
            ]
        },
        {
            "name": "Hand_L",
            "time": [0.0, 1.5833, 3.2833],
            "transform": [
                [0.99932, -0.031417, 0.019318, -0.0, 0.03687, 0.864184, -0.501824, 0.3, -0.000928, 0.502195, 0.864754, -0.0, 0.0, 0.0, 0.0, 1.0],
                [0.99932, -0.035563, 0.009774, 0.0, 0.036869, 0.969956, -0.240472, 0.3, -0.000928, 0.240669, 0.970607, 0.0, 0.0, 0.0, 0.0, 1.0],
                [0.99932, -0.031417, 0.019318, -0.0, 0.03687, 0.864184, -0.501824, 0.3, -0.000928, 0.502195, 0.864754, -0.0, 0.0, 0.0, 0.0, 1.0]
            ]
        },
        {
            "name": "Tool_L",
            "time": [0.0, 3.2833],
            "transform": [
                [1.0, 0.0, 0.0, -0.0, 0.0, -0.999836, 0.018122, 0.272858, 0.0, -0.018122, -0.999247, 0.0, 0.0, 0.0, 0.0, 1.0],
                [1.0, 0.0, 0.0, -0.0, 0.0, -0.999836, 0.018122, 0.272858, 0.0, -0.018122, -0.999247, 0.0, 0.0, 0.0, 0.0, 1.0]
            ]
        },
        {
            "name": "Elbow_L",
            "time": [0.0, 3.2833],
            "transform": [
                [-1.0, 0.0, -0.0, -0.0, 0.0, -0.0, -1.0, 0.3, -0.0, -1.0, 0.0, -0.0, 0.0, 0.0, 0.0, 1.0],
                [-1.0, 0.0, -0.0, -0.0, 0.0, -0.0, -1.0, 0.3, -0.0, -1.0, 0.0, -0.0, 0.0, 0.0, 0.0, 1.0]
            ]
        }
    ]
}