{
    
    "animation": [
        {
            "name": "Root",
            "time": [0.0, 0.2, 0.6],
            "transform": [
                [0.834853, 0.0, -0.550472, -0.013504, -0.550472, 0.0, -0.834853, -0.020416, 0.0, 1.0, 0.0, 0.697101, 0.0, 0.0, 0.0, 1.0],
                [0.84723, 0.009755, -0.531136, -0.028232, -0.52874, 0.112087, -0.84135, -0.155684, 0.051326, 0.993651, 0.100121, 0.689952, 0.0, 0.0, 0.0, 1.0],
                [0.834853, 0.0, -0.550472, -0.013504, -0.550472, 0.0, -0.834853, -0.020416, 0.0, 1.0, 0.0, 0.697101, 0.0, 0.0, 0.0, 1.0]
            ]
        },
        {
            "name": "Thigh_R",
            "time": [0.0, 0.6],
            "transform": [
                [0.948707, 0.280897, -0.14509, 0.124994, 0.227139, -0.924793, -0.305225, -0.002831, -0.219915, 0.256613, -0.941163, -1.2e-05, 0.0, 0.0, 0.0, 1.0],
                [0.948707, 0.280897, -0.14509, 0.124994, 0.227139, -0.924793, -0.305225, -0.002831, -0.219915, 0.256613, -0.941163, -1.2e-05, 0.0, 0.0, 0.0, 1.0]
            ]
        },
        {
            "name": "Leg_R",
            "time": [0.0, 0.6],
            "transform": [
                [1.0, -0.0, 2e-06, -0.0, -0.0, 0.987268, 0.15907, 0.37472, -2e-06, -0.15907, 0.987267, 0.0, 0.0, 0.0, 0.0, 1.0],
                [1.0, -0.0, 2e-06, -0.0, -0.0, 0.987268, 0.15907, 0.37472, -2e-06, -0.15907, 0.987267, 0.0, 0.0, 0.0, 0.0, 1.0]
            ]
        },
        {
            "name": "Knee_R",
            "time": [0.0, 0.6],
            "transform": [
                [1.0, 0.0, -0.0, -0.0, -0.0, 1e-06, -1.0, 0.37472, -0.0, 1.0, 1e-06, 0.0, 0.0, 0.0, 0.0, 1.0],
                [1.0, 0.0, -0.0, -0.0, -0.0, 1e-06, -1.0, 0.37472, -0.0, 1.0, 1e-06, 0.0, 0.0, 0.0, 0.0, 1.0]
            ]
        },
        {
            "name": "Thigh_L",
            "time": [0.0, 0.2, 0.6],
            "transform": [
                [0.866588, -0.291024, -0.405375, -0.125006, -0.027838, -0.839266, 0.543008, -0.002831, -0.498245, -0.45928, -0.7354, -1.2e-05, 0.0, 0.0, 0.0, 1.0],
                [0.866588, -0.39375, -0.306569, -0.125006, -0.027838, -0.651528, 0.758113, -0.002831, -0.498245, -0.648438, -0.575569, -1.2e-05, 0.0, 0.0, 0.0, 1.0],
                [0.866588, -0.291024, -0.405375, -0.125006, -0.027838, -0.839266, 0.543008, -0.002831, -0.498245, -0.45928, -0.7354, -1.2e-05, 0.0, 0.0, 0.0, 1.0]
            ]
        },
        {
            "name": "Leg_L",
            "time": [0.0, 0.2, 0.6],
            "transform": [
                [1.0, -0.0, 1e-06, -0.0, 0.0, 0.978347, 0.206971, 0.37472, -1e-06, -0.206971, 0.978347, -0.0, 0.0, 0.0, 0.0, 1.0],
                [1.0, -1e-06, 1e-06, -0.0, 0.0, 0.840595, 0.541664, 0.37472, -1e-06, -0.541664, 0.840595, -0.0, 0.0, 0.0, 0.0, 1.0],
                [1.0, -0.0, 1e-06, -0.0, 0.0, 0.978347, 0.206971, 0.37472, -1e-06, -0.206971, 0.978347, -0.0, 0.0, 0.0, 0.0, 1.0]
            ]
        },
        {
            "name": "Knee_L",
            "time": [0.0, 0.6],
            "transform": [
                [1.0, 0.0, -0.0, -0.0, -0.0, 1e-06, -1.0, 0.37472, -0.0, 1.0, 1e-06, -0.0, 0.0, 0.0, 0.0, 1.0],
                [1.0, 0.0, -0.0, -0.0, -0.0, 1e-06, -1.0, 0.37472, -0.0, 1.0, 1e-06, -0.0, 0.0, 0.0, 0.0, 1.0]
            ]
        },
        {
            "name": "Torso",
            "time": [0.0, 0.2, 0.6],
            "transform": [
                [0.982702, -0.110754, -0.148428, 0.0, 0.131697, 0.981408, 0.139621, 0.05, 0.130205, -0.156753, 0.979017, 0.0, 0.0, 0.0, 0.0, 1.0],
                [0.986105, -0.015605, -0.165389, 0.0, 0.006378, 0.998401, -0.056174, 0.05, 0.166001, 0.054338, 0.984627, 0.0, 0.0, 0.0, 0.0, 1.0],
                [0.982702, -0.110754, -0.148428, 0.0, 0.131697, 0.981408, 0.139621, 0.05, 0.130205, -0.156753, 0.979017, 0.0, 0.0, 0.0, 0.0, 1.0]
            ]
        },
        {
            "name": "Chest",
            "time": [0.0, 0.2, 0.6],
            "transform": [
                [0.950845, -0.020499, 0.308987, 0.0, -0.073536, 0.954318, 0.289604, 0.3, -0.300808, -0.29809, 0.905901, 0.0, 0.0, 0.0, 0.0, 1.0],
                [0.994437, -0.047185, 0.094169, -0.0, 0.001747, 0.90131, 0.433171, 0.3, -0.105315, -0.430597, 0.896379, -0.0, 0.0, 0.0, 0.0, 1.0],
                [0.950845, -0.020499, 0.308987, 0.0, -0.073536, 0.954318, 0.289604, 0.3, -0.300808, -0.29809, 0.905901, 0.0, 0.0, 0.0, 0.0, 1.0]
            ]
        },
        {
            "name": "Head",
            "time": [0.0, 0.6],
            "transform": [
                [0.821435, -0.013322, 0.570147, -0.0, 0.164302, 0.962868, -0.214219, 0.4, -0.546122, 0.269644, 0.793122, -0.0, 0.0, 0.0, 0.0, 1.0],
                [0.821435, -0.013322, 0.570147, -0.0, 0.164302, 0.962868, -0.214219, 0.4, -0.546122, 0.269644, 0.793122, -0.0, 0.0, 0.0, 0.0, 1.0]
            ]
        },
        {
            "name": "Shoulder_R",
            "time": [0.0, 0.2, 0.6],
            "transform": [
                [0.225029, 0.926554, 0.301428, -0.0, -0.04706, -0.298666, 0.953197, 0.4, 0.973215, -0.228682, -0.023605, -0.0, 0.0, 0.0, 0.0, 1.0],
                [0.449086, 0.841108, 0.301428, -0.0, -0.120088, -0.277479, 0.953197, 0.4, 0.885382, -0.464265, -0.023605, -0.0, 0.0, 0.0, 0.0, 1.0],
                [0.225029, 0.926554, 0.301428, -0.0, -0.04706, -0.298666, 0.953197, 0.4, 0.973215, -0.228682, -0.023605, -0.0, 0.0, 0.0, 0.0, 1.0]
            ]
        },
        {
            "name": "Arm_R",
            "time": [0.0, 0.2, 0.6],
            "transform": [
                [-0.369597, -0.929167, 0.006872, 0.0, 0.238076, -0.101844, -0.965892, 0.393861, 0.898175, -0.355354, 0.258854, -0.0, 0.0, 0.0, 0.0, 1.0],
                [-0.369597, -0.868401, -0.330572, -0.0, 0.238076, 0.255384, -0.937069, 0.39386, 0.898175, -0.425039, 0.112357, 0.0, 0.0, 0.0, 0.0, 1.0],
                [-0.369597, -0.929167, 0.006872, 0.0, 0.238076, -0.101844, -0.965892, 0.393861, 0.898175, -0.355354, 0.258854, -0.0, 0.0, 0.0, 0.0, 1.0]
            ]
        },
        {
            "name": "Hand_R",
            "time": [0.0, 0.2, 0.6],
            "transform": [
                [0.999985, 0.001325, 0.005391, -0.0, -0.00125, 0.999903, -0.013885, 0.3, -0.005409, 0.013878, 0.999889, 0.0, 0.0, 0.0, 0.0, 1.0],
                [0.999985, 0.003556, 0.004263, -0.0, -0.00125, 0.892477, -0.451092, 0.3, -0.005409, 0.45108, 0.892467, -0.0, 0.0, 0.0, 0.0, 1.0],
                [0.999985, 0.001325, 0.005391, -0.0, -0.00125, 0.999903, -0.013885, 0.3, -0.005409, 0.013878, 0.999889, 0.0, 0.0, 0.0, 0.0, 1.0]
            ]
        },
        {
            "name": "Tool_R",
            "time": [0.0, 0.6],
            "transform": [
                [1.0, -0.0, 0.0, 0.0, 0.0, -0.944043, -0.329823, 0.272858, 0.0, 0.329618, -0.943487, 0.0, 0.0, 0.0, 0.0, 1.0],
                [1.0, -0.0, 0.0, 0.0, 0.0, -0.944043, -0.329823, 0.272858, 0.0, 0.329618, -0.943487, 0.0, 0.0, 0.0, 0.0, 1.0]
            ]
        },
        {
            "name": "Elbow_R",
            "time": [0.0, 0.6],
            "transform": [
                [-1.0, 0.0, -0.0, -0.0, 0.0, -0.0, -1.0, 0.3, -0.0, -1.0, 0.0, 0.0, 0.0, 0.0, 0.0, 1.0],
                [-1.0, 0.0, -0.0, -0.0, 0.0, -0.0, -1.0, 0.3, -0.0, -1.0, 0.0, 0.0, 0.0, 0.0, 0.0, 1.0]
            ]
        },
        {
            "name": "Shoulder_L",
            "time": [0.0, 0.2, 0.6],
            "transform": [
                [0.23361, -0.924512, -0.301172, -0.0, 0.042742, -0.299679, 0.953082, 0.4, -0.971391, -0.235522, -0.030493, -0.0, 0.0, 0.0, 0.0, 1.0],
                [0.23361, -0.924512, -0.301172, -0.0, 0.042742, -0.299679, 0.953082, 0.4, -0.97139, -0.235522, -0.030493, -0.0, 0.0, 0.0, 0.0, 1.0],
                [0.23361, -0.924512, -0.301172, -0.0, 0.042742, -0.299679, 0.953082, 0.4, -0.971391, -0.235522, -0.030493, -0.0, 0.0, 0.0, 0.0, 1.0]
            ]
        },
        {
            "name": "Arm_L",
            "time": [0.0, 0.2, 0.6],
            "transform": [
                [-0.614613, 0.672349, 0.41255, 0.0, -0.679263, -0.185193, -0.710145, 0.39386, -0.401064, -0.716694, 0.570524, -0.0, 0.0, 0.0, 0.0, 1.0],
                [-0.48593, 0.843711, 0.228086, -0.0, -0.728036, -0.246363, -0.639741, 0.39386, -0.483565, -0.476924, 0.733968, -0.0, 0.0, 0.0, 0.0, 1.0],
                [-0.614613, 0.672349, 0.41255, 0.0, -0.679263, -0.185193, -0.710145, 0.39386, -0.401064, -0.716694, 0.570524, -0.0, 0.0, 0.0, 0.0, 1.0]
            ]
        },
        {
            "name": "Hand_L",
            "time": [0.0, 0.2, 0.6],
            "transform": [
                [0.99932, -0.031417, 0.019318, -0.0, 0.03687, 0.864184, -0.501824, 0.3, -0.000928, 0.502195, 0.864754, -0.0, 0.0, 0.0, 0.0, 1.0],
                [0.99932, -0.035562, 0.009777, -0.0, 0.03687, 0.969937, -0.24055, 0.3, -0.000928, 0.240747, 0.970588, 0.0, 0.0, 0.0, 0.0, 1.0],
                [0.99932, -0.031417, 0.019318, -0.0, 0.03687, 0.864184, -0.501824, 0.3, -0.000928, 0.502195, 0.864754, -0.0, 0.0, 0.0, 0.0, 1.0]
            ]
        },
        {
            "name": "Tool_L",
            "time": [0.0, 0.6],
            "transform": [
                [1.0, 0.0, 0.0, -0.0, 0.0, -0.999836, 0.018122, 0.272858, 0.0, -0.018122, -0.999247, 0.0, 0.0, 0.0, 0.0, 1.0],
                [1.0, 0.0, 0.0, -0.0, 0.0, -0.999836, 0.018122, 0.272858, 0.0, -0.018122, -0.999247, 0.0, 0.0, 0.0, 0.0, 1.0]
            ]
        },
        {
            "name": "Elbow_L",
            "time": [0.0, 0.6],
            "transform": [
                [-1.0, 0.0, -0.0, -0.0, 0.0, -0.0, -1.0, 0.3, -0.0, -1.0, 0.0, -0.0, 0.0, 0.0, 0.0, 1.0],
                [-1.0, 0.0, -0.0, -0.0, 0.0, -0.0, -1.0, 0.3, -0.0, -1.0, 0.0, -0.0, 0.0, 0.0, 0.0, 1.0]
            ]
        }
    ]
}