{
    
    "animation": [
        {
            "name": "Root",
            "time": [0.0, 0.35, 0.4333, 1.1167, 1.3],
            "transform": [
                [0.986655, 0.0, 0.162827, -5e-06, 0.162827, 0.0, -0.986655, 0.000946, 0.0, 1.0, 0.0, 0.755725, 0.0, 0.0, 0.0, 1.0],
                [0.855566, 0.0, 0.517693, -0.044391, 0.517693, 0.0, -0.855566, -0.178712, 0.0, 1.0, 0.0, 0.770179, 0.0, 0.0, 0.0, 1.0],
                [0.520987, 0.0, 0.853565, -0.044391, 0.853565, 0.0, -0.520987, -0.178712, 0.0, 1.0, 0.0, 0.770179, 0.0, 0.0, 0.0, 1.0],
                [0.796199, 0.122255, -0.592555, -0.003698, -0.603188, 0.236855, -0.761619, 2.008879, 0.047238, 0.963822, 0.262327, 0.695782, 0.0, 0.0, 0.0, 1.0],
                [0.796199, 0.122255, -0.592555, -0.003698, -0.603188, 0.236855, -0.761619, 2.008879, 0.047238, 0.963822, 0.262327, 0.695782, 0.0, 0.0, 0.0, 1.0]
            ]
        },
        {
            "name": "Thigh_R",
            "time": [0.0, 0.35, 0.4333, 0.5833, 0.8667, 1.1167, 1.3],
            "transform": [
                [0.994117, 0.05868, 0.091034, 0.124994, 0.001917, -0.849909, 0.526924, -0.002831, 0.10829, -0.523648, -0.845024, -1.2e-05, 0.0, 0.0, 0.0, 1.0],
                [0.994117, 0.074774, 0.078354, 0.124994, 0.001917, -0.735474, 0.677549, -0.002831, 0.10829, -0.673411, -0.731293, -1.2e-05, 0.0, 0.0, 0.0, 1.0],
                [0.994117, 0.074773, 0.078354, 0.124994, 0.001917, -0.735474, 0.677549, -0.002831, 0.10829, -0.673411, -0.731293, -1.2e-05, 0.0, 0.0, 0.0, 1.0],
                [0.956939, 0.122892, 0.262992, 0.124994, 0.009909, -0.919266, 0.393507, -0.002831, 0.290119, -0.373955, -0.880902, -1.2e-05, 0.0, 0.0, 0.0, 1.0],
                [0.95949, 0.182557, -0.214596, 0.124994, 0.137227, -0.968032, -0.209952, -0.002831, -0.246064, 0.171999, -0.953871, -1.2e-05, 0.0, 0.0, 0.0, 1.0],
                [0.95949, 0.169807, -0.22482, 0.124994, 0.137226, -0.978577, -0.153467, -0.002831, -0.246064, 0.116399, -0.962239, -1.2e-05, 0.0, 0.0, 0.0, 1.0],
                [0.95949, 0.169807, -0.22482, 0.124994, 0.137226, -0.978577, -0.153467, -0.002831, -0.246064, 0.116399, -0.962239, -1.2e-05, 0.0, 0.0, 0.0, 1.0]
            ]
        },
        {
            "name": "Leg_R",
            "time": [0.0, 0.35, 0.4333, 1.1167, 1.3],
            "transform": [
                [1.0, -0.0, 2e-06, 0.0, -0.0, 0.939619, 0.342225, 0.37472, -2e-06, -0.342225, 0.939617, 0.0, 0.0, 0.0, 0.0, 1.0],
                [1.0, -0.0, 2e-06, 0.0, -0.0, 0.939619, 0.342225, 0.37472, -2e-06, -0.342225, 0.939617, -0.0, 0.0, 0.0, 0.0, 1.0],
                [1.0, -0.0, 2e-06, -0.0, -0.0, 0.939619, 0.342225, 0.37472, -2e-06, -0.342225, 0.939617, 0.0, 0.0, 0.0, 0.0, 1.0],
                [1.0, -0.0, 2e-06, -0.0, -0.0, 0.939619, 0.342225, 0.37472, -2e-06, -0.342225, 0.939617, -0.0, 0.0, 0.0, 0.0, 1.0],
                [1.0, -0.0, 2e-06, -0.0, -0.0, 0.939619, 0.342225, 0.37472, -2e-06, -0.342225, 0.939617, -0.0, 0.0, 0.0, 0.0, 1.0]
            ]
        },
        {
            "name": "Knee_R",
            "time": [0.0, 0.35, 0.4333, 1.1167, 1.3],
            "transform": [
                [1.0, 0.0, -0.0, 0.0, -0.0, 1e-06, -1.0, 0.37472, -0.0, 1.0, 1e-06, 0.0, 0.0, 0.0, 0.0, 1.0],
                [1.0, 0.0, -0.0, 0.0, -0.0, 1e-06, -1.0, 0.37472, -0.0, 1.0, 1e-06, -0.0, 0.0, 0.0, 0.0, 1.0],
                [1.0, 0.0, -0.0, -0.0, -0.0, 1e-06, -1.0, 0.37472, -0.0, 1.0, 1e-06, 0.0, 0.0, 0.0, 0.0, 1.0],
                [1.0, 0.0, -0.0, -0.0, -0.0, 1e-06, -1.0, 0.37472, -0.0, 1.0, 1e-06, -0.0, 0.0, 0.0, 0.0, 1.0],
                [1.0, 0.0, -0.0, -0.0, -0.0, 1e-06, -1.0, 0.37472, -0.0, 1.0, 1e-06, -0.0, 0.0, 0.0, 0.0, 1.0]
            ]
        },
        {
            "name": "Thigh_L",
            "time": [0.0, 0.35, 0.4333, 0.5833, 0.8667, 1.1167, 1.3],
            "transform": [
                [0.990936, -0.095386, 0.094586, -0.125006, -0.066464, -0.960044, -0.271842, -0.002831, 0.116737, 0.263093, -0.957682, -1.2e-05, 0.0, 0.0, 0.0, 1.0],
                [0.990936, -0.04945, 0.124899, -0.125006, -0.066464, -0.988481, 0.135967, -0.002831, 0.116737, -0.143035, -0.982809, -1.2e-05, 0.0, 0.0, 0.0, 1.0],
                [0.990936, -0.04945, 0.124899, -0.125006, -0.066464, -0.988481, 0.135967, -0.002831, 0.116736, -0.143035, -0.982809, -1.2e-05, 0.0, 0.0, 0.0, 1.0],
                [0.991437, 0.108586, 0.072526, -0.125006, 0.00415, -0.581339, 0.813651, -0.002831, 0.130513, -0.806383, -0.576812, -1.2e-05, 0.0, 0.0, 0.0, 1.0],
                [0.965809, -0.209141, -0.153204, -0.125006, -0.010834, -0.622992, 0.782153, -0.002831, -0.259025, -0.753752, -0.603957, -1.2e-05, 0.0, 0.0, 0.0, 1.0],
                [0.965809, -0.224202, -0.130171, -0.125006, -0.010834, -0.53657, 0.843786, -0.002831, -0.259025, -0.813527, -0.520654, -1.2e-05, 0.0, 0.0, 0.0, 1.0],
                [0.965809, -0.224202, -0.130171, -0.125006, -0.010834, -0.53657, 0.843786, -0.002831, -0.259025, -0.813527, -0.520654, -1.2e-05, 0.0, 0.0, 0.0, 1.0]
            ]
        },
        {
            "name": "Leg_L",
            "time": [0.0, 0.35, 0.4333, 0.5833, 0.8667, 1.1167, 1.3],
            "transform": [
                [1.0, -0.0, 1e-06, -0.0, 0.0, 0.978347, 0.206971, 0.37472, -1e-06, -0.206971, 0.978347, 0.0, 0.0, 0.0, 0.0, 1.0],
                [1.0, -0.0, 1e-06, 0.0, 0.0, 0.978347, 0.206971, 0.37472, -1e-06, -0.206971, 0.978347, -0.0, 0.0, 0.0, 0.0, 1.0],
                [1.0, -0.0, 1e-06, -0.0, 0.0, 0.978347, 0.206971, 0.37472, -1e-06, -0.206971, 0.978347, 0.0, 0.0, 0.0, 0.0, 1.0],
                [1.0, -1e-06, 0.0, 0.0, 0.0, 0.430546, 0.902569, 0.37472, -1e-06, -0.902568, 0.430546, 0.0, 0.0, 0.0, 0.0, 1.0],
                [1.0, -1e-06, 0.0, -0.0, 0.0, 0.864161, 0.503216, 0.37472, -1e-06, -0.503216, 0.864161, 0.0, 0.0, 0.0, 0.0, 1.0],
                [1.0, -1e-06, 1e-06, -0.0, 0.0, 0.86416, 0.503216, 0.37472, -1e-06, -0.503216, 0.864161, 0.0, 0.0, 0.0, 0.0, 1.0],
                [1.0, -1e-06, 1e-06, -0.0, 0.0, 0.86416, 0.503216, 0.37472, -1e-06, -0.503216, 0.864161, 0.0, 0.0, 0.0, 0.0, 1.0]
            ]
        },
        {
            "name": "Knee_L",
            "time": [0.0, 0.35, 0.4333, 0.5833, 1.1167, 1.3],
            "transform": [
                [1.0, 0.0, -0.0, -0.0, -0.0, 1e-06, -1.0, 0.37472, -0.0, 1.0, 1e-06, 0.0, 0.0, 0.0, 0.0, 1.0],
                [1.0, 0.0, -0.0, 0.0, -0.0, 1e-06, -1.0, 0.37472, -0.0, 1.0, 1e-06, -0.0, 0.0, 0.0, 0.0, 1.0],
                [1.0, 0.0, -0.0, -0.0, -0.0, 1e-06, -1.0, 0.37472, -0.0, 1.0, 1e-06, 0.0, 0.0, 0.0, 0.0, 1.0],
                [1.0, 0.0, -0.0, 0.0, -0.0, 0.453814, -0.891096, 0.37472, -0.0, 0.891096, 0.453814, 0.0, 0.0, 0.0, 0.0, 1.0],
                [1.0, 0.0, -0.0, -0.0, -0.0, 1e-06, -1.0, 0.37472, -0.0, 1.0, 1e-06, 0.0, 0.0, 0.0, 0.0, 1.0],
                [1.0, 0.0, -0.0, -0.0, -0.0, 1e-06, -1.0, 0.37472, -0.0, 1.0, 1e-06, 0.0, 0.0, 0.0, 0.0, 1.0]
            ]
        },
        {
            "name": "Torso",
            "time": [0.0, 0.35, 0.4333, 0.8667, 1.1167, 1.3],
            "transform": [
                [0.999721, 0.0108, -0.020992, -0.0, -0.01155, 0.999287, -0.035937, 0.05, 0.020589, 0.036169, 0.999134, -0.0, 0.0, 0.0, 0.0, 1.0],
                [0.913792, 0.0108, 0.40604, 0.0, 0.004825, 0.999287, -0.037438, 0.05, -0.406155, 0.036169, 0.913088, -0.0, 0.0, 0.0, 0.0, 1.0],
                [0.992531, 0.0108, 0.121514, 0.0, -0.006317, 0.999287, -0.037215, 0.05, -0.121829, 0.036169, 0.991892, -0.0, 0.0, 0.0, 0.0, 1.0],
                [0.843162, -0.013205, -0.537498, -0.0, 0.097972, 0.986735, 0.129444, 0.05, 0.528658, -0.161802, 0.833271, 0.0, 0.0, 0.0, 0.0, 1.0],
                [0.843162, -0.013205, -0.537498, -0.0, 0.097972, 0.986735, 0.129444, 0.05, 0.528658, -0.161802, 0.833271, 0.0, 0.0, 0.0, 0.0, 1.0],
                [0.843162, -0.013205, -0.537498, -0.0, 0.097972, 0.986735, 0.129444, 0.05, 0.528658, -0.161802, 0.833271, 0.0, 0.0, 0.0, 0.0, 1.0]
            ]
        },
        {
            "name": "Chest",
            "time": [0.0, 0.35, 0.4333, 0.8667, 1.1167, 1.3],
            "transform": [
                [0.999771, -0.020499, -0.006186, -0.0, 0.021411, 0.954317, 0.298026, 0.3, -0.000206, -0.29809, 0.954538, -0.0, 0.0, 0.0, 0.0, 1.0],
                [0.598731, 0.336738, 0.726725, -0.0, -0.025293, 0.914825, -0.403059, 0.3, -0.800551, 0.222943, 0.556251, -0.0, 0.0, 0.0, 0.0, 1.0],
                [0.598731, -0.021397, 0.800665, 0.0, -0.025293, 0.998639, 0.045601, 0.3, -0.800551, -0.047554, 0.597375, -0.0, 0.0, 0.0, 0.0, 1.0],
                [0.810907, -0.021397, -0.584783, -0.0, 0.045157, 0.99864, 0.026078, 0.3, 0.58343, -0.047554, 0.810771, 0.0, 0.0, 0.0, 0.0, 1.0],
                [0.807083, -0.081522, -0.584783, -0.0, 0.119149, 0.992534, 0.026078, 0.3, 0.578291, -0.090724, 0.810771, -0.0, 0.0, 0.0, 0.0, 1.0],
                [0.807083, -0.081522, -0.584783, -0.0, 0.119149, 0.992534, 0.026078, 0.3, 0.578291, -0.090724, 0.810771, -0.0, 0.0, 0.0, 0.0, 1.0]
            ]
        },
        {
            "name": "Head",
            "time": [0.0, 0.35, 0.4333, 0.8667, 1.1167, 1.3],
            "transform": [
                [0.993415, -0.013322, -0.113797, -0.0, -0.017945, 0.962868, -0.269376, 0.4, 0.11316, 0.269644, 0.956288, 0.0, 0.0, 0.0, 0.0, 1.0],
                [0.5478, -0.116587, -0.828446, 0.0, -0.306336, 0.893517, -0.328306, 0.4, 0.778507, 0.433629, 0.453754, -0.0, 0.0, 0.0, 0.0, 1.0],
                [0.567185, -0.082025, -0.819496, 0.0, 0.00571, 0.995396, -0.095679, 0.4, 0.823571, 0.049589, 0.565042, -0.0, 0.0, 0.0, 0.0, 1.0],
                [-0.007611, -0.082025, 0.996601, 0.0, 0.049129, 0.995396, 0.082301, 0.4, -0.998764, 0.049589, -0.003546, -0.0, 0.0, 0.0, 0.0, 1.0],
                [-0.007611, 0.23447, 0.972093, -0.0, 0.049129, 0.971035, -0.23383, 0.4, -0.998763, 0.045978, -0.01891, 0.0, 0.0, 0.0, 0.0, 1.0],
                [-0.007611, 0.23447, 0.972093, -0.0, 0.049129, 0.971035, -0.23383, 0.4, -0.998763, 0.045978, -0.01891, 0.0, 0.0, 0.0, 0.0, 1.0]
            ]
        },
        {
            "name": "Shoulder_R",
            "time": [0.0, 0.35, 0.4333, 1.1167, 1.3],
            "transform": [
                [0.225029, 0.926554, 0.301428, -0.0, -0.04706, -0.298666, 0.953197, 0.4, 0.973215, -0.228682, -0.023605, 0.0, 0.0, 0.0, 0.0, 1.0],
                [-0.048925, 0.952233, 0.301428, 0.0, 0.040185, -0.299668, 0.953197, 0.4, 0.997994, 0.058748, -0.023605, -0.0, 0.0, 0.0, 0.0, 1.0],
                [-0.048925, 0.952233, 0.301428, 0.0, 0.040185, -0.299668, 0.953197, 0.4, 0.997994, 0.058748, -0.023605, -0.0, 0.0, 0.0, 0.0, 1.0],
                [-0.048925, 0.952233, 0.301428, -0.0, 0.040185, -0.299668, 0.953197, 0.4, 0.997994, 0.058748, -0.023605, 0.0, 0.0, 0.0, 0.0, 1.0],
                [-0.048925, 0.952233, 0.301428, -0.0, 0.040185, -0.299668, 0.953197, 0.4, 0.997994, 0.058748, -0.023605, 0.0, 0.0, 0.0, 0.0, 1.0]
            ]
        },
        {
            "name": "Arm_R",
            "time": [0.0, 0.35, 0.4333, 0.8667, 1.1167, 1.3],
            "transform": [
                [0.13109, 0.028982, -0.990947, -0.0, 0.801491, 0.585191, 0.123142, 0.393861, 0.583462, -0.810377, 0.053483, -0.0, 0.0, 0.0, 0.0, 1.0],
                [0.081266, 0.306181, -0.948498, 0.0, 0.233079, 0.919421, 0.316764, 0.393861, 0.969056, -0.246817, 0.003353, 0.0, 0.0, 0.0, 0.0, 1.0],
                [0.027895, 0.131325, -0.990947, 0.0, -0.200823, 0.971857, 0.123142, 0.393861, 0.97923, 0.19557, 0.053483, 0.0, 0.0, 0.0, 0.0, 1.0],
                [0.104525, 0.084255, -0.990947, -0.0, 0.457636, 0.880571, 0.123142, 0.393861, 0.882975, -0.466364, 0.053483, -0.0, 0.0, 0.0, 0.0, 1.0],
                [0.090066, 0.099562, -0.990947, -0.0, 0.314324, 0.941295, 0.123142, 0.393861, 0.945033, -0.322569, 0.053483, 0.0, 0.0, 0.0, 0.0, 1.0],
                [0.090066, 0.099562, -0.990947, -0.0, 0.314324, 0.941295, 0.123142, 0.393861, 0.945033, -0.322569, 0.053483, 0.0, 0.0, 0.0, 0.0, 1.0]
            ]
        },
        {
            "name": "Hand_R",
            "time": [0.0, 0.35, 0.4333, 1.1167, 1.3],
            "transform": [
                [0.999985, 0.002425, 0.004994, -0.0, -0.00125, 0.974836, -0.22292, 0.3, -0.005409, 0.22291, 0.974824, 0.0, 0.0, 0.0, 0.0, 1.0],
                [0.999985, 0.003511, 0.0043, 0.0, -0.00125, 0.897115, -0.441795, 0.3, -0.005409, 0.441782, 0.897106, -0.0, 0.0, 0.0, 0.0, 1.0],
                [0.999985, 0.002425, 0.004994, -0.0, -0.00125, 0.974836, -0.22292, 0.3, -0.005409, 0.22291, 0.974824, 0.0, 0.0, 0.0, 0.0, 1.0],
                [0.999985, 0.002425, 0.004994, 0.0, -0.00125, 0.974836, -0.22292, 0.3, -0.005409, 0.22291, 0.974824, 0.0, 0.0, 0.0, 0.0, 1.0],
                [0.999985, 0.002425, 0.004994, 0.0, -0.00125, 0.974836, -0.22292, 0.3, -0.005409, 0.22291, 0.974824, 0.0, 0.0, 0.0, 0.0, 1.0]
            ]
        },
        {
            "name": "Tool_R",
            "time": [0.0, 0.35, 0.4333, 1.1167, 1.3],
            "transform": [
                [1.0, -0.0, 0.0, -0.0, 0.0, -0.944043, -0.329823, 0.272858, 0.0, 0.329618, -0.943487, 0.0, 0.0, 0.0, 0.0, 1.0],
                [1.0, 0.0, 0.0, 0.0, 0.0, -0.944043, -0.329823, 0.272858, 0.0, 0.329618, -0.943487, 0.0, 0.0, 0.0, 0.0, 1.0],
                [1.0, -0.0, 0.0, 0.0, 0.0, -0.944043, -0.329823, 0.272858, 0.0, 0.329618, -0.943487, -0.0, 0.0, 0.0, 0.0, 1.0],
                [1.0, -0.0, 0.0, -0.0, 0.0, -0.944043, -0.329823, 0.272858, 0.0, 0.329618, -0.943487, 0.0, 0.0, 0.0, 0.0, 1.0],
                [1.0, -0.0, 0.0, -0.0, 0.0, -0.944043, -0.329823, 0.272858, 0.0, 0.329618, -0.943487, 0.0, 0.0, 0.0, 0.0, 1.0]
            ]
        },
        {
            "name": "Elbow_R",
            "time": [0.0, 0.35, 0.4333, 1.1167, 1.3],
            "transform": [
                [-1.0, 0.0, -0.0, -0.0, 0.0, -0.0, -1.0, 0.3, -0.0, -1.0, 0.0, 0.0, 0.0, 0.0, 0.0, 1.0],
                [-1.0, 0.0, -0.0, 0.0, 0.0, -0.0, -1.0, 0.3, -0.0, -1.0, 0.0, -0.0, 0.0, 0.0, 0.0, 1.0],
                [-1.0, 0.0, -0.0, -0.0, 0.0, 0.0, -1.0, 0.3, -0.0, -1.0, 0.0, 0.0, 0.0, 0.0, 0.0, 1.0],
                [-1.0, 0.0, -0.0, 0.0, 0.0, -0.0, -1.0, 0.3, -0.0, -1.0, 0.0, 0.0, 0.0, 0.0, 0.0, 1.0],
                [-1.0, 0.0, -0.0, 0.0, 0.0, -0.0, -1.0, 0.3, -0.0, -1.0, 0.0, 0.0, 0.0, 0.0, 0.0, 1.0]
            ]
        },
        {
            "name": "Shoulder_L",
            "time": [0.0, 0.35, 0.4333, 0.7, 0.8667, 1.1167, 1.3],
            "transform": [
                [-0.027182, -0.953182, -0.301172, -0.0, -0.040545, -0.299984, 0.953082, 0.4, -0.998808, 0.038117, -0.030493, 0.0, 0.0, 0.0, 0.0, 1.0],
                [-0.218514, -0.928195, -0.301172, 0.0, -0.100106, -0.28568, 0.953082, 0.4, -0.970685, 0.238411, -0.030493, -0.0, 0.0, 0.0, 0.0, 1.0],
                [-0.218514, -0.928195, -0.301172, 0.0, -0.100106, -0.28568, 0.953082, 0.4, -0.970685, 0.238411, -0.030493, -0.0, 0.0, 0.0, 0.0, 1.0],
                [0.129749, -0.944701, -0.301172, 0.0, 0.009278, -0.30257, 0.953082, 0.4, -0.991503, -0.126456, -0.030493, 0.0, 0.0, 0.0, 0.0, 1.0],
                [0.14181, -0.942966, -0.301172, 0.0, 0.013144, -0.302426, 0.953082, 0.4, -0.989807, -0.139115, -0.030493, -0.0, 0.0, 0.0, 0.0, 1.0],
                [0.14181, -0.942966, -0.301172, -0.0, 0.013144, -0.302426, 0.953082, 0.4, -0.989806, -0.139115, -0.030493, 0.0, 0.0, 0.0, 0.0, 1.0],
                [0.14181, -0.942966, -0.301172, -0.0, 0.013144, -0.302426, 0.953082, 0.4, -0.989806, -0.139115, -0.030493, 0.0, 0.0, 0.0, 0.0, 1.0]
            ]
        },
        {
            "name": "Arm_L",
            "time": [0.0, 0.35, 0.4333, 0.7, 0.8667, 1.1167, 1.3, 0.6333],
            "transform": [
                [-0.315859, 0.042728, 0.947844, 0.0, -0.67388, 0.693143, -0.25581, 0.39386, -0.667922, -0.719532, -0.190143, -0.0, 0.0, 0.0, 0.0, 1.0],
                [-0.134391, -0.054686, 0.989418, -0.0, -0.003621, 0.998496, 0.054696, 0.39386, -0.990922, 0.003768, -0.134387, 0.0, 0.0, 0.0, 0.0, 1.0],
                [-0.142553, -0.027025, 0.989418, 0.0, 0.193943, 0.979487, 0.054696, 0.39386, -0.9706, 0.199688, -0.134387, 0.0, 0.0, 0.0, 0.0, 1.0],
                [0.202428, 0.64016, 0.741092, 0.0, 0.178752, 0.719892, -0.670673, 0.39386, -0.962845, 0.268235, 0.031296, 0.0, 0.0, 0.0, 0.0, 1.0],
                [0.214935, 0.686848, 0.694293, 0.0, 0.170716, 0.673539, -0.719167, 0.39386, -0.961592, 0.273101, 0.027512, -0.0, 0.0, 0.0, 0.0, 1.0],
                [0.262593, 0.726763, 0.634713, -0.0, 0.138566, 0.622576, -0.770193, 0.39386, -0.954905, 0.290197, 0.06278, 0.0, 0.0, 0.0, 0.0, 1.0],
                [0.262593, 0.726763, 0.634713, -0.0, 0.138566, 0.622577, -0.770193, 0.39386, -0.954905, 0.290197, 0.06278, 0.0, 0.0, 0.0, 0.0, 1.0],
                [0.262593, 0.726763, 0.634713, -0.0, 0.138566, 0.622577, -0.770193, 0.39386, -0.954905, 0.290197, 0.06278, 0.0, 0.0, 0.0, 0.0, 1.0]
            ]
        },
        {
            "name": "Hand_L",
            "time": [0.0, 0.35, 0.4333, 0.7, 0.8667, 1.1167, 1.3],
            "transform": [
                [0.99932, -0.035435, 0.010227, -0.0, 0.03687, 0.966806, -0.25284, 0.3, -0.000929, 0.253045, 0.967454, -0.0, 0.0, 0.0, 0.0, 1.0],
                [0.99932, 0.003406, 0.036724, 0.0, 0.03687, -0.067195, -0.997059, 0.3, -0.000928, 0.997734, -0.067275, -0.0, 0.0, 0.0, 0.0, 1.0],
                [0.99932, 0.003406, 0.036724, 0.0, 0.036869, -0.067195, -0.997059, 0.3, -0.000928, 0.997734, -0.067275, 0.0, 0.0, 0.0, 0.0, 1.0],
                [0.99932, -0.032441, 0.017545, 0.0, 0.036869, 0.890696, -0.453103, 0.3, -0.000928, 0.453442, 0.891286, -0.0, 0.0, 0.0, 0.0, 1.0],
                [0.99932, -0.022145, 0.029493, 0.0, 0.036869, 0.619981, -0.783751, 0.3, -0.000929, 0.784305, 0.620376, -0.0, 0.0, 0.0, 0.0, 1.0],
                [0.99932, -0.022145, 0.029492, -0.0, 0.036869, 0.619981, -0.783751, 0.3, -0.000929, 0.784305, 0.620375, 0.0, 0.0, 0.0, 0.0, 1.0],
                [0.99932, -0.022145, 0.029492, -0.0, 0.036869, 0.619981, -0.783751, 0.3, -0.000929, 0.784305, 0.620375, 0.0, 0.0, 0.0, 0.0, 1.0]
            ]
        },
        {
            "name": "Tool_L",
            "time": [0.0, 0.35, 0.4333, 1.1167, 1.3],
            "transform": [
                [1.0, 0.0, 0.0, -0.0, 0.0, -0.999836, 0.018122, 0.272858, 0.0, -0.018122, -0.999247, -0.0, 0.0, 0.0, 0.0, 1.0],
                [1.0, 0.0, 0.0, 0.0, 0.0, -0.999836, 0.018122, 0.272858, 0.0, -0.018122, -0.999247, -0.0, 0.0, 0.0, 0.0, 1.0],
                [1.0, 0.0, 0.0, 0.0, 0.0, -0.999836, 0.018122, 0.272858, 0.0, -0.018122, -0.999248, 0.0, 0.0, 0.0, 0.0, 1.0],
                [1.0, 0.0, 0.0, 0.0, 0.0, -0.999836, 0.018122, 0.272858, 0.0, -0.018122, -0.999247, -0.0, 0.0, 0.0, 0.0, 1.0],
                [1.0, 0.0, 0.0, 0.0, 0.0, -0.999836, 0.018122, 0.272858, 0.0, -0.018122, -0.999247, -0.0, 0.0, 0.0, 0.0, 1.0]
            ]
        },
        {
            "name": "Elbow_L",
            "time": [0.0, 0.35, 0.4333, 1.1167, 1.3],
            "transform": [
                [-1.0, 0.0, -0.0, -0.0, -0.0, -0.0, -1.0, 0.3, -0.0, -1.0, -0.0, -0.0, 0.0, 0.0, 0.0, 1.0],
                [-1.0, 0.0, 0.0, 0.0, 0.0, 0.418616, -0.908163, 0.3, -0.0, -0.908163, -0.418616, -0.0, 0.0, 0.0, 0.0, 1.0],
                [-1.0, 0.0, 0.0, 0.0, 0.0, 0.418616, -0.908163, 0.3, -0.0, -0.908163, -0.418616, 0.0, 0.0, 0.0, 0.0, 1.0],
                [-1.0, 0.0, 0.0, -0.0, 0.0, 0.418616, -0.908163, 0.3, -0.0, -0.908163, -0.418616, 0.0, 0.0, 0.0, 0.0, 1.0],
                [-1.0, 0.0, 0.0, -0.0, 0.0, 0.418616, -0.908163, 0.3, -0.0, -0.908163, -0.418616, 0.0, 0.0, 0.0, 0.0, 1.0]
            ]
        }
    ]
}