{
    
    "animation": [
        {
            "name": "Root",
            "time": [0.0, 1.6, 3.1333],
            "transform": [
                [0.834853, 0.0, -0.550472, -5e-06, -0.550472, 0.0, -0.834853, 0.000946, 0.0, 1.0, 0.0, 0.755725, 0.0, 0.0, 0.0, 1.0],
                [0.834853, 0.0, -0.550472, -5e-06, -0.550472, 0.0, -0.834853, 0.000946, 0.0, 1.0, 0.0, 0.722474, 0.0, 0.0, 0.0, 1.0],
                [0.834853, 0.0, -0.550472, -5e-06, -0.550472, 0.0, -0.834853, 0.000946, 0.0, 1.0, 0.0, 0.755725, 0.0, 0.0, 0.0, 1.0]
            ]
        },
        {
            "name": "Thigh_R",
            "time": [0.0, 1.6, 3.1333],
            "transform": [
                [0.996122, 0.062436, -0.061977, 0.124994, 0.068868, -0.99179, 0.107731, -0.002831, -0.054742, -0.11158, -0.992247, -1.2e-05, 0.0, 0.0, 0.0, 1.0],
                [0.996122, 0.049058, -0.073025, 0.124994, 0.068868, -0.951358, 0.300285, -0.002831, -0.054742, -0.304148, -0.951051, -1.2e-05, 0.0, 0.0, 0.0, 1.0],
                [0.996122, 0.062436, -0.061977, 0.124994, 0.068868, -0.99179, 0.107731, -0.002831, -0.054742, -0.11158, -0.992247, -1.2e-05, 0.0, 0.0, 0.0, 1.0]
            ]
        },
        {
            "name": "Leg_R",
            "time": [0.0, 1.6, 3.1333],
            "transform": [
                [1.0, -0.0, 2e-06, -0.0, -0.0, 0.987268, 0.15907, 0.37472, -2e-06, -0.15907, 0.987267, -0.0, 0.0, 0.0, 0.0, 1.0],
                [1.0, -1e-06, 2e-06, -0.0, -0.0, 0.933279, 0.359154, 0.37472, -2e-06, -0.359154, 0.933278, 0.0, 0.0, 0.0, 0.0, 1.0],
                [1.0, -0.0, 2e-06, -0.0, -0.0, 0.987268, 0.15907, 0.37472, -2e-06, -0.15907, 0.987267, -0.0, 0.0, 0.0, 0.0, 1.0]
            ]
        },
        {
            "name": "Knee_R",
            "time": [0.0, 3.1333],
            "transform": [
                [1.0, 0.0, -0.0, -0.0, -0.0, 1e-06, -1.0, 0.37472, -0.0, 1.0, 1e-06, -0.0, 0.0, 0.0, 0.0, 1.0],
                [1.0, 0.0, -0.0, -0.0, -0.0, 1e-06, -1.0, 0.37472, -0.0, 1.0, 1e-06, -0.0, 0.0, 0.0, 0.0, 1.0]
            ]
        },
        {
            "name": "Thigh_L",
            "time": [0.0, 1.6, 3.1333],
            "transform": [
                [0.866588, -0.188811, -0.461924, -0.125006, -0.027838, -0.942508, 0.333022, -0.002831, -0.498245, -0.275734, -0.822023, -1.2e-05, 0.0, 0.0, 0.0, 1.0],
                [0.866588, -0.194282, -0.45965, -0.125006, -0.027838, -0.938488, 0.344189, -0.002831, -0.498245, -0.285474, -0.818691, -1.2e-05, 0.0, 0.0, 0.0, 1.0],
                [0.866588, -0.188811, -0.461924, -0.125006, -0.027838, -0.942508, 0.333022, -0.002831, -0.498245, -0.275734, -0.822023, -1.2e-05, 0.0, 0.0, 0.0, 1.0]
            ]
        },
        {
            "name": "Leg_L",
            "time": [0.0, 1.6, 3.1333],
            "transform": [
                [1.0, -0.0, 1e-06, -0.0, 0.0, 0.978347, 0.206971, 0.37472, -1e-06, -0.206971, 0.978347, -0.0, 0.0, 0.0, 0.0, 1.0],
                [1.0, -0.0, 1e-06, 0.0, 0.0, 0.940577, 0.33958, 0.37472, -1e-06, -0.33958, 0.940577, 0.0, 0.0, 0.0, 0.0, 1.0],
                [1.0, -0.0, 1e-06, -0.0, 0.0, 0.978347, 0.206971, 0.37472, -1e-06, -0.206971, 0.978347, -0.0, 0.0, 0.0, 0.0, 1.0]
            ]
        },
        {
            "name": "Knee_L",
            "time": [0.0, 3.1333],
            "transform": [
                [1.0, 0.0, -0.0, -0.0, -0.0, 1e-06, -1.0, 0.37472, -0.0, 1.0, 1e-06, -0.0, 0.0, 0.0, 0.0, 1.0],
                [1.0, 0.0, -0.0, -0.0, -0.0, 1e-06, -1.0, 0.37472, -0.0, 1.0, 1e-06, -0.0, 0.0, 0.0, 0.0, 1.0]
            ]
        },
        {
            "name": "Torso",
            "time": [0.0, 3.1333],
            "transform": [
                [0.981277, 0.0108, -0.192301, -0.0, -0.017548, 0.999287, -0.033421, 0.05, 0.191803, 0.036169, 0.980767, -0.0, 0.0, 0.0, 0.0, 1.0],
                [0.981277, 0.0108, -0.192301, -0.0, -0.017548, 0.999287, -0.033421, 0.05, 0.191803, 0.036169, 0.980767, -0.0, 0.0, 0.0, 0.0, 1.0]
            ]
        },
        {
            "name": "Chest",
            "time": [0.0, 1.6, 3.1333],
            "transform": [
                [0.999771, -0.020499, -0.006186, 0.0, 0.021411, 0.954317, 0.298026, 0.3, -0.000206, -0.29809, 0.954538, -0.0, 0.0, 0.0, 0.0, 1.0],
                [0.999924, -0.011152, -0.005183, 0.0, 0.012296, 0.912916, 0.407963, 0.3, 0.000182, -0.407996, 0.912984, -0.0, 0.0, 0.0, 0.0, 1.0],
                [0.999771, -0.020499, -0.006186, 0.0, 0.021411, 0.954317, 0.298026, 0.3, -0.000206, -0.29809, 0.954538, -0.0, 0.0, 0.0, 0.0, 1.0]
            ]
        },
        {
            "name": "Head",
            "time": [0.0, 1.6, 3.1333],
            "transform": [
                [0.692979, -0.013322, 0.720835, -0.0, 0.203294, 0.962868, -0.177643, 0.4, -0.691702, 0.269644, 0.669955, -0.0, 0.0, 0.0, 0.0, 1.0],
                [0.692979, -0.046848, 0.719434, -0.0, 0.203294, 0.970091, -0.132647, 0.4, -0.691702, 0.238178, 0.681776, -0.0, 0.0, 0.0, 0.0, 1.0],
                [0.692979, -0.013322, 0.720835, -0.0, 0.203294, 0.962868, -0.177643, 0.4, -0.691702, 0.269644, 0.669955, -0.0, 0.0, 0.0, 0.0, 1.0]
            ]
        },
        {
            "name": "Shoulder_R",
            "time": [0.0, 3.1333],
            "transform": [
                [0.225029, 0.926554, 0.301428, -0.0, -0.04706, -0.298666, 0.953197, 0.4, 0.973215, -0.228682, -0.023605, -0.0, 0.0, 0.0, 0.0, 1.0],
                [0.225029, 0.926554, 0.301428, -0.0, -0.04706, -0.298666, 0.953197, 0.4, 0.973215, -0.228682, -0.023605, -0.0, 0.0, 0.0, 0.0, 1.0]
            ]
        },
        {
            "name": "Arm_R",
            "time": [0.0, 1.6, 3.1333],
            "transform": [
                [0.134014, 0.008048, -0.990947, 0.0, 0.883404, 0.452144, 0.123142, 0.39386, 0.449042, -0.891909, 0.053483, -0.0, 0.0, 0.0, 0.0, 1.0],
                [0.129764, 0.034434, -0.990947, 0.0, 0.776341, 0.618167, 0.123142, 0.39386, 0.616811, -0.785292, 0.053483, 0.0, 0.0, 0.0, 0.0, 1.0],
                [0.134014, 0.008048, -0.990947, 0.0, 0.883404, 0.452144, 0.123142, 0.39386, 0.449042, -0.891909, 0.053483, -0.0, 0.0, 0.0, 0.0, 1.0]
            ]
        },
        {
            "name": "Hand_R",
            "time": [0.0, 1.6, 3.1333],
            "transform": [
                [0.999984, 0.001325, 0.005391, 0.0, -0.00125, 0.999903, -0.013885, 0.3, -0.005409, 0.013878, 0.999889, 0.0, 0.0, 0.0, 0.0, 1.0],
                [0.999984, 0.002125, 0.005129, 0.0, -0.00125, 0.986303, -0.164943, 0.3, -0.005409, 0.164934, 0.98629, 0.0, 0.0, 0.0, 0.0, 1.0],
                [0.999984, 0.001325, 0.005391, 0.0, -0.00125, 0.999903, -0.013885, 0.3, -0.005409, 0.013878, 0.999889, 0.0, 0.0, 0.0, 0.0, 1.0]
            ]
        },
        {
            "name": "Tool_R",
            "time": [0.0, 3.1333],
            "transform": [
                [1.012863, 0.0, 0.0, 0.0, 0.0, -0.956186, -0.334065, 0.272858, 0.0, 0.333857, -0.955623, -0.0, 0.0, 0.0, 0.0, 1.0],
                [1.012863, 0.0, 0.0, 0.0, 0.0, -0.956186, -0.334065, 0.272858, 0.0, 0.333857, -0.955623, -0.0, 0.0, 0.0, 0.0, 1.0]
            ]
        },
        {
            "name": "Elbow_R",
            "time": [0.0, 3.1333],
            "transform": [
                [-1.0, 0.0, -0.0, 0.0, 0.0, -0.0, -1.0, 0.3, -0.0, -1.0, 0.0, 0.0, 0.0, 0.0, 0.0, 1.0],
                [-1.0, 0.0, -0.0, 0.0, 0.0, -0.0, -1.0, 0.3, -0.0, -1.0, 0.0, 0.0, 0.0, 0.0, 0.0, 1.0]
            ]
        },
        {
            "name": "Shoulder_L",
            "time": [0.0, 3.1333],
            "transform": [
                [-0.027182, -0.953182, -0.301172, -0.0, -0.040545, -0.299984, 0.953082, 0.4, -0.998808, 0.038118, -0.030493, -0.0, 0.0, 0.0, 0.0, 1.0],
                [-0.027182, -0.953182, -0.301172, -0.0, -0.040545, -0.299984, 0.953082, 0.4, -0.998808, 0.038118, -0.030493, -0.0, 0.0, 0.0, 0.0, 1.0]
            ]
        },
        {
            "name": "Arm_L",
            "time": [0.0, 1.6, 3.1333],
            "transform": [
                [-0.317059, -0.03265, 0.947844, -0.0, -0.817821, 0.51549, -0.255809, 0.39386, -0.480252, -0.856273, -0.190143, 0.0, 0.0, 0.0, 0.0, 1.0],
                [-0.318212, 0.018272, 0.947843, 0.0, -0.725267, 0.639179, -0.25581, 0.39386, -0.610515, -0.768841, -0.190142, -0.0, 0.0, 0.0, 0.0, 1.0],
                [-0.317059, -0.03265, 0.947844, -0.0, -0.817821, 0.51549, -0.255809, 0.39386, -0.480252, -0.856273, -0.190143, 0.0, 0.0, 0.0, 0.0, 1.0]
            ]
        },
        {
            "name": "Hand_L",
            "time": [0.0, 1.6, 3.1333],
            "transform": [
                [0.99932, -0.035435, 0.010227, -0.0, 0.036869, 0.966806, -0.25284, 0.3, -0.000928, 0.253045, 0.967454, -0.0, 0.0, 0.0, 0.0, 1.0],
                [0.99932, -0.032575, 0.017295, 0.0, 0.03687, 0.894161, -0.446226, 0.3, -0.000929, 0.44656, 0.894753, 0.0, 0.0, 0.0, 0.0, 1.0],
                [0.99932, -0.035435, 0.010227, -0.0, 0.036869, 0.966806, -0.25284, 0.3, -0.000928, 0.253045, 0.967454, -0.0, 0.0, 0.0, 0.0, 1.0]
            ]
        },
        {
            "name": "Tool_L",
            "time": [0.0, 3.1333],
            "transform": [
                [0.0, 0.0, 0.0, 0.0, 0.0, 0.0, 0.0, 0.272858, 0.0, 0.0, 0.0, -0.0, 0.0, 0.0, 0.0, 1.0],
                [0.0, 0.0, 0.0, 0.0, 0.0, 0.0, 0.0, 0.272858, 0.0, 0.0, 0.0, -0.0, 0.0, 0.0, 0.0, 1.0]
            ]
        },
        {
            "name": "Elbow_L",
            "time": [0.0, 3.1333],
            "transform": [
                [-1.0, 0.0, -0.0, -0.0, 0.0, -0.0, -1.0, 0.3, -0.0, -1.0, -0.0, -0.0, 0.0, 0.0, 0.0, 1.0],
                [-1.0, 0.0, -0.0, -0.0, 0.0, -0.0, -1.0, 0.3, -0.0, -1.0, -0.0, -0.0, 0.0, 0.0, 0.0, 1.0]
            ]
        }
    ]
}