{
    
    "animation": [
        {
            "name": "Root",
            "time": [0.0, 0.0833, 0.25, 0.6333],
            "transform": [
                [0.834853, 0.0, -0.550472, -0.105779, -0.550472, 0.0, -0.834853, -0.125048, 0.0, 1.0, 0.0, 0.437246, 0.0, 0.0, 0.0, 1.0],
                [0.834853, 0.0, -0.550472, -0.105779, -0.550472, 0.0, -0.834853, -0.125048, 0.0, 1.0, 0.0, 0.437246, 0.0, 0.0, 0.0, 1.0],
                [0.83532, 9.7e-05, -0.549764, -0.001711, -0.549764, 0.000325, -0.83532, -0.162467, 9.7e-05, 1.0, 0.000325, 0.801737, 0.0, 0.0, 0.0, 1.0],
                [0.83532, 9.7e-05, -0.549764, -0.041757, -0.549764, 0.000325, -0.83532, -0.171851, 9.7e-05, 1.0, 0.000325, 0.661791, 0.0, 0.0, 0.0, 1.0]
            ]
        },
        {
            "name": "Thigh_R",
            "time": [0.0, 0.0833, 0.25, 0.6333],
            "transform": [
                [0.996122, -0.00788, -0.08762, 0.124994, 0.068868, -0.549897, 0.832388, -0.002831, -0.054742, -0.835193, -0.547224, -1.2e-05, 0.0, 0.0, 0.0, 1.0],
                [0.996122, -0.00788, -0.08762, 0.124994, 0.068868, -0.549897, 0.832388, -0.002831, -0.054742, -0.835193, -0.547224, -1.2e-05, 0.0, 0.0, 0.0, 1.0],
                [0.996115, 0.054115, -0.069466, 0.124994, 0.06919, -0.968966, 0.237307, -0.002831, -0.054468, -0.241191, -0.968948, -1.2e-05, 0.0, 0.0, 0.0, 1.0],
                [0.938724, 0.220135, -0.265213, 0.124994, 0.279303, -0.93671, 0.211095, -0.002831, -0.201959, -0.272234, -0.940798, -1.2e-05, 0.0, 0.0, 0.0, 1.0]
            ]
        },
        {
            "name": "Leg_R",
            "time": [0.0, 0.0833, 0.25, 0.6333],
            "transform": [
                [1.0, -2e-06, 0.0, 0.0, -1e-06, -0.246352, 0.96918, 0.37472, -2e-06, -0.969182, -0.246352, 0.0, 0.0, 0.0, 0.0, 1.0],
                [1.0, -2e-06, 0.0, 0.0, -1e-06, -0.246352, 0.96918, 0.37472, -2e-06, -0.969182, -0.246352, 0.0, 0.0, 0.0, 0.0, 1.0],
                [1.0, -0.0, 2e-06, 0.0, -0.0, 0.931784, 0.363016, 0.37472, -2e-06, -0.363016, 0.931782, 0.0, 0.0, 0.0, 0.0, 1.0],
                [1.0, -2e-06, 1e-06, 0.0, -0.0, 0.409065, 0.912505, 0.37472, -2e-06, -0.912506, 0.409064, 0.0, 0.0, 0.0, 0.0, 1.0]
            ]
        },
        {
            "name": "Knee_R",
            "time": [0.0, 0.0833, 0.25, 0.6333],
            "transform": [
                [1.0, 0.0, -0.0, 0.0, -0.0, 0.743838, -0.66836, 0.37472, -0.0, 0.66836, 0.743838, 0.0, 0.0, 0.0, 0.0, 1.0],
                [1.0, 0.0, -0.0, 0.0, -0.0, 0.743838, -0.66836, 0.37472, -0.0, 0.66836, 0.743838, 0.0, 0.0, 0.0, 0.0, 1.0],
                [1.0, 0.0, -0.0, 0.0, -0.0, 0.483973, -0.875083, 0.37471, -0.0, 0.875083, 0.483973, 2e-06, 0.0, 0.0, 0.0, 1.0],
                [1.0, 0.0, -0.0, 0.0, -0.0, 0.483973, -0.875083, 0.37471, -0.0, 0.875083, 0.483973, 2e-06, 0.0, 0.0, 0.0, 1.0]
            ]
        },
        {
            "name": "Thigh_L",
            "time": [0.0, 0.0833, 0.25, 0.6333],
            "transform": [
                [0.866588, -0.474172, -0.155514, -0.125006, -0.027838, -0.357089, 0.933655, -0.002831, -0.498245, -0.804766, -0.32265, -1.2e-05, 0.0, 0.0, 0.0, 1.0],
                [0.866588, -0.474172, -0.155514, -0.125006, -0.027838, -0.357089, 0.933655, -0.002831, -0.498245, -0.804766, -0.32265, -1.2e-05, 0.0, 0.0, 0.0, 1.0],
                [0.836883, -0.236775, -0.493522, -0.125006, -0.218228, -0.971177, 0.095879, -0.002831, -0.501999, 0.027461, -0.864432, -1.2e-05, 0.0, 0.0, 0.0, 1.0],
                [0.836883, -0.535308, -0.114335, -0.125006, -0.218228, -0.517846, 0.827171, -0.002831, -0.501999, -0.667294, -0.550195, -1.2e-05, 0.0, 0.0, 0.0, 1.0]
            ]
        },
        {
            "name": "Leg_L",
            "time": [0.0, 0.0833, 0.25, 0.6333],
            "transform": [
                [1.0, -1e-06, 0.0, -0.0, -0.0, -0.065655, 0.997843, 0.37472, -1e-06, -0.997842, -0.065655, -0.0, 0.0, 0.0, 0.0, 1.0],
                [1.0, -1e-06, 0.0, -0.0, -0.0, -0.065655, 0.997843, 0.37472, -1e-06, -0.997842, -0.065655, -0.0, 0.0, 0.0, 0.0, 1.0],
                [1.0, -0.0, 0.0, -0.0, -0.0, 0.915237, 0.402916, 0.37472, -0.0, -0.402916, 0.915237, 0.0, 0.0, 0.0, 0.0, 1.0],
                [1.0, -0.0, 0.0, -0.0, -0.0, 0.762909, 0.646505, 0.37472, -1e-06, -0.646505, 0.76291, -0.0, 0.0, 0.0, 0.0, 1.0]
            ]
        },
        {
            "name": "Knee_L",
            "time": [0.0, 0.0833, 0.25, 0.6333],
            "transform": [
                [1.0, 0.0, -0.0, -0.0, -0.0, 0.700273, -0.713875, 0.37472, -0.0, 0.713875, 0.700273, -0.0, 0.0, 0.0, 0.0, 1.0],
                [1.0, 0.0, -0.0, -0.0, -0.0, 0.700273, -0.713875, 0.37472, -0.0, 0.713875, 0.700273, -0.0, 0.0, 0.0, 0.0, 1.0],
                [1.0, 0.0, -0.0, -0.0, -0.0, 0.427487, -0.904022, 0.37472, -0.0, 0.904022, 0.427487, 0.0, 0.0, 0.0, 0.0, 1.0],
                [1.0, 0.0, -0.0, -0.0, -0.0, 0.427487, -0.904022, 0.37472, -0.0, 0.904022, 0.427487, -0.0, 0.0, 0.0, 0.0, 1.0]
            ]
        },
        {
            "name": "Torso",
            "time": [0.0, 0.0833, 0.6333],
            "transform": [
                [0.981277, 0.0108, -0.192301, 0.0, -0.017548, 0.999287, -0.033421, 0.05, 0.191803, 0.036169, 0.980767, 0.0, 0.0, 0.0, 0.0, 1.0],
                [0.981277, 0.0108, -0.192301, 0.0, -0.017548, 0.999287, -0.033421, 0.05, 0.191803, 0.036169, 0.980767, 0.0, 0.0, 0.0, 0.0, 1.0],
                [0.981277, 0.0108, -0.192301, 0.0, -0.017548, 0.999287, -0.033421, 0.05, 0.191803, 0.036169, 0.980767, 0.0, 0.0, 0.0, 0.0, 1.0]
            ]
        },
        {
            "name": "Chest",
            "time": [0.0, 0.0833, 0.25, 0.6333],
            "transform": [
                [0.982558, -0.18215, -0.037435, -0.0, 0.172551, 0.818007, 0.548718, 0.3, -0.069327, -0.545606, 0.835169, -0.0, 0.0, 0.0, 0.0, 1.0],
                [0.982558, -0.18215, -0.037435, -0.0, 0.172551, 0.818007, 0.548718, 0.3, -0.069327, -0.545606, 0.835169, -0.0, 0.0, 0.0, 0.0, 1.0],
                [0.997104, -0.00068, 0.076041, 0.0, -0.008435, 0.9928, 0.119489, 0.3, -0.075575, -0.119785, 0.989919, -0.0, 0.0, 0.0, 0.0, 1.0],
                [0.997105, -0.019513, 0.073498, 0.0, -0.008435, 0.93217, 0.361923, 0.3, -0.075575, -0.361495, 0.929306, -0.0, 0.0, 0.0, 0.0, 1.0]
            ]
        },
        {
            "name": "Head",
            "time": [0.0, 0.0833, 0.25, 0.6333],
            "transform": [
                [0.692979, -0.013322, 0.720835, 0.0, 0.203294, 0.962868, -0.177643, 0.4, -0.691702, 0.269644, 0.669955, -0.0, 0.0, 0.0, 0.0, 1.0],
                [0.692979, -0.013322, 0.720835, 0.0, 0.203294, 0.962868, -0.177643, 0.4, -0.691702, 0.269644, 0.669955, -0.0, 0.0, 0.0, 0.0, 1.0],
                [0.880852, -0.257312, 0.397354, 0.0, 0.138866, 0.942899, 0.302749, 0.4, -0.452566, -0.211498, 0.866287, 0.0, 0.0, 0.0, 0.0, 1.0],
                [0.880852, -0.081092, 0.466394, 0.0, 0.138866, 0.986139, -0.090808, 0.4, -0.452566, 0.144755, 0.879903, -0.0, 0.0, 0.0, 0.0, 1.0]
            ]
        },
        {
            "name": "Shoulder_R",
            "time": [0.0, 0.0833, 0.6333],
            "transform": [
                [0.225029, 0.926554, 0.301428, 0.0, -0.04706, -0.298666, 0.953197, 0.4, 0.973215, -0.228682, -0.023605, -0.0, 0.0, 0.0, 0.0, 1.0],
                [0.225029, 0.926554, 0.301428, 0.0, -0.04706, -0.298666, 0.953197, 0.4, 0.973215, -0.228682, -0.023605, -0.0, 0.0, 0.0, 0.0, 1.0],
                [0.225029, 0.926554, 0.301428, 0.0, -0.04706, -0.298666, 0.953197, 0.4, 0.973215, -0.228682, -0.023605, -0.0, 0.0, 0.0, 0.0, 1.0]
            ]
        },
        {
            "name": "Arm_R",
            "time": [0.0, 0.0833, 0.25, 0.6333],
            "transform": [
                [0.134014, 0.379421, -0.915467, 0.0, 0.883404, 0.37286, 0.283854, 0.39386, 0.449041, -0.846767, -0.285213, 0.0, 0.0, 0.0, 0.0, 1.0],
                [0.134014, 0.379421, -0.915467, 0.0, 0.883404, 0.37286, 0.283854, 0.39386, 0.449041, -0.846767, -0.285213, 0.0, 0.0, 0.0, 0.0, 1.0],
                [0.133608, 0.25395, -0.957945, 0.0, 0.88288, 0.408595, 0.231456, 0.39386, 0.45019, -0.876675, -0.169616, -0.0, 0.0, 0.0, 0.0, 1.0],
                [0.094042, 0.271104, -0.957945, 0.0, 0.811678, 0.53629, 0.231456, 0.39386, 0.576485, -0.799309, -0.169616, 0.0, 0.0, 0.0, 0.0, 1.0]
            ]
        },
        {
            "name": "Hand_R",
            "time": [0.0, 0.0833, 0.25, 0.6333],
            "transform": [
                [0.999985, 0.003236, 0.004511, -0.0, -0.00125, 0.922926, -0.384975, 0.3, -0.005409, 0.384963, 0.922916, -0.0, 0.0, 0.0, 0.0, 1.0],
                [0.999985, 0.003236, 0.004511, -0.0, -0.00125, 0.922926, -0.384975, 0.3, -0.005409, 0.384963, 0.922916, -0.0, 0.0, 0.0, 0.0, 1.0],
                [0.999985, 0.001902, 0.005207, 0.0, -0.001247, 0.992401, -0.123042, 0.3, -0.005401, 0.123034, 0.992388, 0.0, 0.0, 0.0, 0.0, 1.0],
                [0.999985, 0.001902, 0.005207, 0.0, -0.001247, 0.992401, -0.123042, 0.3, -0.005401, 0.123034, 0.992388, 0.0, 0.0, 0.0, 0.0, 1.0]
            ]
        },
        {
            "name": "Tool_R",
            "time": [0.0, 0.0833, 0.6333],
            "transform": [
                [1.0, -0.0, 0.0, 0.0, 0.0, -0.944043, -0.329823, 0.272858, 0.0, 0.329618, -0.943487, -0.0, 0.0, 0.0, 0.0, 1.0],
                [1.0, -0.0, 0.0, 0.0, 0.0, -0.944043, -0.329823, 0.272858, 0.0, 0.329618, -0.943487, -0.0, 0.0, 0.0, 0.0, 1.0],
                [1.0, 0.0, 0.0, -0.0, 0.0, -0.944043, -0.329823, 0.272858, 0.0, 0.329618, -0.943487, -0.0, 0.0, 0.0, 0.0, 1.0]
            ]
        },
        {
            "name": "Elbow_R",
            "time": [0.0, 0.0833, 0.6333],
            "transform": [
                [-1.0, 0.0, -0.0, -0.0, -0.0, -0.0, -1.0, 0.3, -0.0, -1.0, 0.0, -0.0, 0.0, 0.0, 0.0, 1.0],
                [-1.0, 0.0, -0.0, -0.0, -0.0, -0.0, -1.0, 0.3, -0.0, -1.0, 0.0, -0.0, 0.0, 0.0, 0.0, 1.0],
                [-1.0, 0.0, -0.0, 0.0, 0.0, -0.0, -1.0, 0.3, -0.0, -1.0, 0.0, 0.0, 0.0, 0.0, 0.0, 1.0]
            ]
        },
        {
            "name": "Shoulder_L",
            "time": [0.0, 0.0833, 0.6333],
            "transform": [
                [-0.027182, -0.953182, -0.301172, 0.0, -0.040545, -0.299984, 0.953082, 0.4, -0.998808, 0.038117, -0.030493, -0.0, 0.0, 0.0, 0.0, 1.0],
                [-0.027182, -0.953182, -0.301172, 0.0, -0.040545, -0.299984, 0.953082, 0.4, -0.998808, 0.038117, -0.030493, -0.0, 0.0, 0.0, 0.0, 1.0],
                [-0.027182, -0.953182, -0.301172, 0.0, -0.040545, -0.299984, 0.953082, 0.4, -0.998808, 0.038117, -0.030493, -0.0, 0.0, 0.0, 0.0, 1.0]
            ]
        },
        {
            "name": "Arm_L",
            "time": [0.0, 0.0833, 0.25, 0.6333],
            "transform": [
                [-0.282341, 0.147906, 0.947844, -0.0, -0.397029, 0.881436, -0.25581, 0.39386, -0.873299, -0.448547, -0.190143, -0.0, 0.0, 0.0, 0.0, 1.0],
                [-0.282341, 0.147906, 0.947844, -0.0, -0.397029, 0.881436, -0.25581, 0.39386, -0.873299, -0.448547, -0.190143, -0.0, 0.0, 0.0, 0.0, 1.0],
                [-0.310098, -0.068879, 0.948206, 0.0, -0.871186, 0.419896, -0.254408, 0.39386, -0.380624, -0.904955, -0.190215, 0.0, 0.0, 0.0, 0.0, 1.0],
                [-0.316488, 0.027208, 0.948206, 0.0, -0.705329, 0.661655, -0.254408, 0.39386, -0.634307, -0.749315, -0.190215, -0.0, 0.0, 0.0, 0.0, 1.0]
            ]
        },
        {
            "name": "Hand_L",
            "time": [0.0, 0.0833, 0.25, 0.6333],
            "transform": [
                [0.99932, -0.035435, 0.010227, 0.0, 0.036869, 0.966806, -0.25284, 0.3, -0.000928, 0.253045, 0.967454, -0.0, 0.0, 0.0, 0.0, 1.0],
                [0.99932, -0.035435, 0.010227, 0.0, 0.036869, 0.966806, -0.25284, 0.3, -0.000928, 0.253045, 0.967454, -0.0, 0.0, 0.0, 0.0, 1.0],
                [0.999322, -0.036553, 0.004479, 0.0, 0.036815, 0.994635, -0.096678, 0.3, -0.000921, 0.096777, 0.995306, 0.0, 0.0, 0.0, 0.0, 1.0],
                [0.999322, -0.036553, 0.004479, 0.0, 0.036815, 0.994635, -0.096678, 0.3, -0.000921, 0.096777, 0.995306, -0.0, 0.0, 0.0, 0.0, 1.0]
            ]
        },
        {
            "name": "Tool_L",
            "time": [0.0, 0.0833, 0.6333],
            "transform": [
                [1.0, -0.0, 0.0, 0.0, 0.0, -0.999836, 0.018122, 0.272858, 0.0, -0.018122, -0.999247, 0.0, 0.0, 0.0, 0.0, 1.0],
                [1.0, -0.0, 0.0, 0.0, 0.0, -0.999836, 0.018122, 0.272858, 0.0, -0.018122, -0.999247, 0.0, 0.0, 0.0, 0.0, 1.0],
                [1.0, 0.0, 0.0, -0.0, 0.0, -0.999836, 0.018122, 0.272858, 0.0, -0.018122, -0.999247, -0.0, 0.0, 0.0, 0.0, 1.0]
            ]
        },
        {
            "name": "Elbow_L",
            "time": [0.0, 0.0833, 0.6333],
            "transform": [
                [-1.0, 0.0, -0.0, 0.0, 0.0, 0.0, -1.0, 0.3, -0.0, -1.0, -0.0, -0.0, 0.0, 0.0, 0.0, 1.0],
                [-1.0, 0.0, -0.0, 0.0, 0.0, 0.0, -1.0, 0.3, -0.0, -1.0, -0.0, -0.0, 0.0, 0.0, 0.0, 1.0],
                [-1.0, 0.0, -0.0, 0.0, 0.0, -0.0, -1.0, 0.3, -0.0, -1.0, 0.0, -0.0, 0.0, 0.0, 0.0, 1.0]
            ]
        }
    ]
}