{
    
    "animation": [
        {
            "name": "Root",
            "time": [0.0, 2.6667],
            "transform": [
                [1.0, 0.0, 0.0, -5e-06, 0.0, 0.0, -1.0, 0.000946, 0.0, 1.0, 0.0, 0.465974, 0.0, 0.0, 0.0, 1.0],
                [1.0, 0.0, 0.0, -5e-06, 0.0, 0.0, -1.0, 0.000946, 0.0, 1.0, 0.0, 0.465974, 0.0, 0.0, 0.0, 1.0]
            ]
        },
        {
            "name": "Thigh_R",
            "time": [0.0, 2.6667],
            "transform": [
                [1.0, -1e-06, 0.0, 0.124994, -0.0, -0.999426, 0.033818, -0.002831, 0.0, -0.033818, -0.999428, -1.2e-05, 0.0, 0.0, 0.0, 1.0],
                [1.0, -1e-06, 0.0, 0.124994, -0.0, -0.999426, 0.033818, -0.002831, 0.0, -0.033818, -0.999428, -1.2e-05, 0.0, 0.0, 0.0, 1.0]
            ]
        },
        {
            "name": "Leg_R",
            "time": [0.0, 2.6667],
            "transform": [
                [1.0, -0.0, 1e-06, 0.0, -1e-06, -0.148419, 0.988924, 0.37472, -0.0, -0.988925, -0.148418, 0.0, 0.0, 0.0, 0.0, 1.0],
                [1.0, -0.0, 1e-06, 0.0, -1e-06, -0.148419, 0.988924, 0.37472, -0.0, -0.988925, -0.148418, 0.0, 0.0, 0.0, 0.0, 1.0]
            ]
        },
        {
            "name": "Knee_R",
            "time": [0.0, 2.6667],
            "transform": [
                [1.0, 0.0, -0.0, 0.006866, -0.0, 1e-06, -1.0, 0.468036, -0.0, 1.0, 1e-06, 0.008119, 0.0, 0.0, 0.0, 1.0],
                [1.0, 0.0, -0.0, 0.006866, -0.0, 1e-06, -1.0, 0.468036, -0.0, 1.0, 1e-06, 0.008119, 0.0, 0.0, 0.0, 1.0]
            ]
        },
        {
            "name": "Thigh_L",
            "time": [0.0, 2.6667],
            "transform": [
                [0.999999, -0.0, 0.0, -0.125006, 0.0, -0.200731, 0.979646, -0.002831, -0.0, -0.979647, -0.200731, -1.2e-05, 0.0, 0.0, 0.0, 1.0],
                [0.999999, -0.0, 0.0, -0.125006, 0.0, -0.200731, 0.979646, -0.002831, -0.0, -0.979647, -0.200731, -1.2e-05, 0.0, 0.0, 0.0, 1.0]
            ]
        },
        {
            "name": "Leg_L",
            "time": [0.0, 2.6667],
            "transform": [
                [1.0, 0.0, 1e-06, 0.0, -1e-06, 0.39744, 0.917628, 0.37472, -0.0, -0.917628, 0.39744, 0.0, 0.0, 0.0, 0.0, 1.0],
                [1.0, 0.0, 1e-06, 0.0, -1e-06, 0.39744, 0.917628, 0.37472, -0.0, -0.917628, 0.39744, 0.0, 0.0, 0.0, 0.0, 1.0]
            ]
        },
        {
            "name": "Knee_L",
            "time": [0.0, 2.6667],
            "transform": [
                [1.0, 0.0, -0.0, 0.0, -0.0, 1e-06, -1.0, 0.459884, -0.0, 1.0, 1e-06, -0.004006, 0.0, 0.0, 0.0, 1.0],
                [1.0, 0.0, -0.0, 0.0, -0.0, 1e-06, -1.0, 0.459884, -0.0, 1.0, 1e-06, -0.004006, 0.0, 0.0, 0.0, 1.0]
            ]
        },
        {
            "name": "Torso",
            "time": [0.0, 1.35, 2.6667],
            "transform": [
                [1.0, 0.0, 0.0, 0.0, 0.0, 0.993839, 0.110832, 0.05, 0.0, -0.110832, 0.993839, 0.0, 0.0, 0.0, 0.0, 1.0],
                [1.0, 0.0, 0.0, 0.0, 0.0, 0.984571, 0.174987, 0.05, 0.0, -0.174987, 0.984571, 0.0, 0.0, 0.0, 0.0, 1.0],
                [1.0, 0.0, 0.0, 0.0, 0.0, 0.993839, 0.110832, 0.05, 0.0, -0.110832, 0.993839, 0.0, 0.0, 0.0, 0.0, 1.0]
            ]
        },
        {
            "name": "Chest",
            "time": [0.0, 2.6667],
            "transform": [
                [0.985704, 0.166684, 0.024595, 0.0, -0.144464, 0.760978, 0.632489, 0.3, 0.08671, -0.627, 0.774179, -0.0, 0.0, 0.0, 0.0, 1.0],
                [0.985704, 0.166684, 0.024595, 0.0, -0.144464, 0.760978, 0.632489, 0.3, 0.08671, -0.627, 0.774179, -0.0, 0.0, 0.0, 0.0, 1.0]
            ]
        },
        {
            "name": "Head",
            "time": [0.0, 1.35, 2.6667],
            "transform": [
                [1.0, -0.0, 0.0, 0.0, 0.0, 0.906204, -0.422842, 0.4, 0.0, 0.422842, 0.906204, 0.0, 0.0, 0.0, 0.0, 1.0],
                [1.0, -0.0, -0.0, -0.0, 0.0, 0.832509, -0.554012, 0.4, -0.0, 0.554012, 0.832509, 0.0, 0.0, 0.0, 0.0, 1.0],
                [1.0, -0.0, 0.0, 0.0, 0.0, 0.906204, -0.422842, 0.4, 0.0, 0.422842, 0.906204, 0.0, 0.0, 0.0, 0.0, 1.0]
            ]
        },
        {
            "name": "Shoulder_R",
            "time": [0.0, 2.6667],
            "transform": [
                [0.0, 0.952114, 0.305743, 0.0, -0.0, -0.305743, 0.952114, 0.4, 1.0, 0.0, -0.0, 0.0, 0.0, 0.0, 0.0, 1.0],
                [0.0, 0.952114, 0.305743, 0.0, -0.0, -0.305743, 0.952114, 0.4, 1.0, 0.0, -0.0, 0.0, 0.0, 0.0, 0.0, 1.0]
            ]
        },
        {
            "name": "Arm_R",
            "time": [0.0, 1.35, 2.6667],
            "transform": [
                [0.44852, -0.644386, -0.619351, 0.0, 0.872156, 0.467034, 0.145682, 0.393861, 0.195383, -0.605512, 0.771479, 0.0, 0.0, 0.0, 0.0, 1.0],
                [0.44852, -0.710162, -0.542678, 0.0, 0.872156, 0.480491, 0.092048, 0.393861, 0.195383, -0.514585, 0.834881, -0.0, 0.0, 0.0, 0.0, 1.0],
                [0.44852, -0.644386, -0.619351, 0.0, 0.872156, 0.467034, 0.145682, 0.393861, 0.195383, -0.605512, 0.771479, 0.0, 0.0, 0.0, 0.0, 1.0]
            ]
        },
        {
            "name": "Hand_R",
            "time": [0.0, 2.6667],
            "transform": [
                [1.0, -0.0, 0.0, 0.0, -0.0, 0.993938, 0.109947, 0.3, -0.0, -0.109947, 0.993937, 0.0, 0.0, 0.0, 0.0, 1.0],
                [1.0, -0.0, 0.0, 0.0, -0.0, 0.993938, 0.109947, 0.3, -0.0, -0.109947, 0.993937, 0.0, 0.0, 0.0, 0.0, 1.0]
            ]
        },
        {
            "name": "Tool_R",
            "time": [0.0, 2.6667],
            "transform": [
                [1.012863, 0.0, 0.0, -0.0, 0.0, -1.004353, -0.131015, 0.272858, 0.0, 0.130927, -1.00376, 0.0, 0.0, 0.0, 0.0, 1.0],
                [1.012863, 0.0, 0.0, -0.0, 0.0, -1.004353, -0.131015, 0.272858, 0.0, 0.130927, -1.00376, 0.0, 0.0, 0.0, 0.0, 1.0]
            ]
        },
        {
            "name": "Elbow_R",
            "time": [0.0, 2.6667],
            "transform": [
                [-1.0, 0.0, -0.0, 0.0, 0.0, -0.0, -1.0, 0.3, -0.0, -1.0, 0.0, 0.0, 0.0, 0.0, 0.0, 1.0],
                [-1.0, 0.0, -0.0, 0.0, 0.0, -0.0, -1.0, 0.3, -0.0, -1.0, 0.0, 0.0, 0.0, 0.0, 0.0, 1.0]
            ]
        },
        {
            "name": "Shoulder_L",
            "time": [0.0, 2.6667],
            "transform": [
                [0.333884, -0.907681, -0.254238, 0.0, -0.006096, -0.27179, 0.962337, 0.4, -0.942594, -0.319759, -0.096279, 0.0, 0.0, 0.0, 0.0, 1.0],
                [0.333884, -0.907681, -0.254238, 0.0, -0.006096, -0.27179, 0.962337, 0.4, -0.942594, -0.319759, -0.096279, 0.0, 0.0, 0.0, 0.0, 1.0]
            ]
        },
        {
            "name": "Arm_L",
            "time": [0.0, 1.35, 2.6667],
            "transform": [
                [-0.456484, 0.613407, 0.64448, -0.0, -0.359899, 0.535145, -0.764259, 0.39386, -0.813692, -0.580819, -0.023521, -0.0, 0.0, 0.0, 0.0, 1.0],
                [-0.486994, 0.502074, 0.714674, 0.0, -0.397892, 0.600885, -0.693267, 0.39386, -0.777508, -0.621979, -0.092856, 0.0, 0.0, 0.0, 0.0, 1.0],
                [-0.456484, 0.613407, 0.64448, -0.0, -0.359899, 0.535145, -0.764259, 0.39386, -0.813692, -0.580819, -0.023521, -0.0, 0.0, 0.0, 0.0, 1.0]
            ]
        },
        {
            "name": "Hand_L",
            "time": [0.0, 2.6667],
            "transform": [
                [0.998421, -0.002404, -0.05613, -0.0, -0.000423, 0.998735, -0.05029, 0.3, 0.05618, 0.050234, 0.997156, -0.0, 0.0, 0.0, 0.0, 1.0],
                [0.998421, -0.002404, -0.05613, -0.0, -0.000423, 0.998735, -0.05029, 0.3, 0.05618, 0.050234, 0.997156, -0.0, 0.0, 0.0, 0.0, 1.0]
            ]
        },
        {
            "name": "Tool_L",
            "time": [0.0, 2.6667],
            "transform": [
                [0.0, 0.0, 0.0, 0.0, 0.0, 0.0, 0.0, 0.272858, 0.0, 0.0, 0.0, -0.0, 0.0, 0.0, 0.0, 1.0],
                [0.0, 0.0, 0.0, 0.0, 0.0, 0.0, 0.0, 0.272858, 0.0, 0.0, 0.0, -0.0, 0.0, 0.0, 0.0, 1.0]
            ]
        },
        {
            "name": "Elbow_L",
            "time": [0.0, 2.6667],
            "transform": [
                [-0.998017, 0.06295, -0.0, 0.007444, 0.0, -0.0, -1.0, 0.305557, -0.06295, -0.998017, -0.0, -0.003265, 0.0, 0.0, 0.0, 1.0],
                [-0.998017, 0.06295, -0.0, 0.007444, 0.0, -0.0, -1.0, 0.305557, -0.06295, -0.998017, -0.0, -0.003265, 0.0, 0.0, 0.0, 1.0]
            ]
        }
    ]
}