{
    
    "animation": [
        {
            "name": "Root",
            "time": [0.0, 0.15, 0.2667, 0.4167, 0.5333],
            "transform": [
                [1.0, 0.0, 0.0, -5e-06, 0.0, 0.0, -1.0, 0.000946, 0.0, 1.0, 0.0, 0.797984, 0.0, 0.0, 0.0, 1.0],
                [0.951269, 0.0, -0.308362, -5e-06, -0.301544, 0.209121, -0.930236, 0.000946, 0.064485, 0.97789, 0.198931, 0.64394, 0.0, 0.0, 0.0, 1.0],
                [1.0, 0.0, 0.0, -5e-06, 0.0, 0.0, -1.0, 0.000946, 0.0, 1.0, 0.0, 0.796622, 0.0, 0.0, 0.0, 1.0],
                [0.952763, -0.0, 0.303714, -5e-06, 0.296255, 0.220268, -0.929363, 0.000946, -0.066899, 0.975439, 0.209863, 0.6484, 0.0, 0.0, 0.0, 1.0],
                [1.0, 0.0, 0.0, -5e-06, 0.0, 0.0, -1.0, 0.000946, 0.0, 1.0, 0.0, 0.797984, 0.0, 0.0, 0.0, 1.0]
            ]
        },
        {
            "name": "Thigh_R",
            "time": [0.0, 0.15, 0.2333, 0.2667, 0.4167, 0.5333],
            "transform": [
                [0.998775, 0.047939, 0.01225, 0.124994, 0.031117, -0.801048, 0.597788, -0.002831, 0.03847, -0.596673, -0.801561, -1.2e-05, 0.0, 0.0, 0.0, 1.0],
                [0.96321, -0.231158, -0.137079, 0.124994, 0.02036, -0.445833, 0.894884, -0.002831, -0.267974, -0.864751, -0.424727, -1.2e-05, 0.0, 0.0, 0.0, 1.0],
                [0.994406, 0.009596, -0.105183, 0.124994, 0.021531, -0.993369, 0.112919, -0.002831, -0.103402, -0.114552, -0.988022, -1.2e-05, 0.0, 0.0, 0.0, 1.0],
                [0.999819, -0.002717, -0.018807, 0.124994, -0.006181, -0.982397, -0.186693, -0.002831, -0.017969, 0.186776, -0.982239, -1.2e-05, 0.0, 0.0, 0.0, 1.0],
                [0.951933, -0.125716, 0.279317, 0.124994, -0.00084, -0.91296, -0.408043, -0.002831, 0.306304, 0.388195, -0.869185, -1.2e-05, 0.0, 0.0, 0.0, 1.0],
                [0.998775, 0.047939, 0.01225, 0.124994, 0.031117, -0.801048, 0.597788, -0.002831, 0.03847, -0.596673, -0.801561, -1.2e-05, 0.0, 0.0, 0.0, 1.0]
            ]
        },
        {
            "name": "Leg_R",
            "time": [0.0, 0.1, 0.15, 0.2667, 0.4167, 0.5333],
            "transform": [
                [1.0, -1e-06, 2e-06, 0.0, -2e-06, 0.034215, 0.999414, 0.37472, -1e-06, -0.999415, 0.034215, 0.0, 0.0, 0.0, 0.0, 1.0],
                [1.0, 0.0, 1e-06, 0.0, -1e-06, 0.953875, 0.300206, 0.37472, -1e-06, -0.300206, 0.953874, 0.0, 0.0, 0.0, 0.0, 1.0],
                [1.0, -0.0, 1e-06, -0.0, -0.0, 0.916049, 0.401068, 0.37472, -1e-06, -0.401068, 0.916048, -0.0, 0.0, 0.0, 0.0, 1.0],
                [1.0, -0.0, 2e-06, -0.0, 0.0, 0.999953, 0.009717, 0.37472, -2e-06, -0.009717, 0.999952, 0.0, 0.0, 0.0, 0.0, 1.0],
                [1.0, 0.0, 1e-06, -0.0, -0.0, 0.999949, 0.010125, 0.37472, -1e-06, -0.010125, 0.999948, 0.0, 0.0, 0.0, 0.0, 1.0],
                [1.0, -1e-06, 2e-06, 0.0, -2e-06, 0.034215, 0.999414, 0.37472, -1e-06, -0.999415, 0.034215, 0.0, 0.0, 0.0, 0.0, 1.0]
            ]
        },
        {
            "name": "Knee_R",
            "time": [0.0, 0.15, 0.2667, 0.4167, 0.5333],
            "transform": [
                [1.0, 0.0, -0.0, -0.000179, -0.0, 0.312231, -0.950006, 0.436391, -0.0, 0.950006, 0.312231, -0.000613, 0.0, 0.0, 0.0, 1.0],
                [1.0, -0.0, -0.0, 0.0, -0.0, -0.268046, -0.963406, 0.415544, -0.0, 0.963406, -0.268046, -0.0, 0.0, 0.0, 0.0, 1.0],
                [1.0, 0.0, -0.0, -0.0, -0.0, 1e-06, -1.0, 0.37472, -0.0, 1.0, 1e-06, 0.0, 0.0, 0.0, 0.0, 1.0],
                [1.0, 0.0, -0.0, -0.0, -0.0, 1e-06, -1.0, 0.37472, -0.0, 1.0, 1e-06, 0.0, 0.0, 0.0, 0.0, 1.0],
                [1.0, 0.0, -0.0, -0.000179, -0.0, 0.312231, -0.950006, 0.436391, -0.0, 0.950006, 0.312231, -0.000613, 0.0, 0.0, 0.0, 1.0]
            ]
        },
        {
            "name": "Thigh_L",
            "time": [0.0, 0.15, 0.2333, 0.2667, 0.4167, 0.4667, 0.5333],
            "transform": [
                [0.996627, -0.082057, 1.6e-05, -0.125006, -0.080565, -0.978555, -0.189574, -0.002831, 0.015571, 0.188934, -0.981866, -1.2e-05, 0.0, 0.0, 0.0, 1.0],
                [0.935263, 0.033187, -0.352393, -0.125006, -0.099472, -0.930826, -0.351664, -0.002831, -0.339687, 0.363952, -0.867266, -1.2e-05, 0.0, 0.0, 0.0, 1.0],
                [0.996267, -0.085292, 0.013287, -0.125006, -0.071908, -0.734889, 0.674364, -0.002831, -0.047754, -0.672803, -0.738279, -1.2e-05, 0.0, 0.0, 0.0, 1.0],
                [0.994561, -0.058491, 0.086176, -0.125006, -0.10408, -0.52768, 0.843043, -0.002831, -0.003837, -0.847427, -0.530898, -1.2e-05, 0.0, 0.0, 0.0, 1.0],
                [0.951446, 0.280654, 0.12642, -0.125006, 0.006909, -0.430072, 0.902768, -0.002831, 0.307735, -0.858062, -0.41113, -1.2e-05, 0.0, 0.0, 0.0, 1.0],
                [0.991529, 0.031284, 0.126054, -0.125006, -0.048909, -0.809168, 0.585538, -0.002831, 0.120317, -0.586743, -0.800784, -1.2e-05, 0.0, 0.0, 0.0, 1.0],
                [0.996627, -0.082057, 1.6e-05, -0.125006, -0.080565, -0.978555, -0.189574, -0.002831, 0.015571, 0.188934, -0.981866, -1.2e-05, 0.0, 0.0, 0.0, 1.0]
            ]
        },
        {
            "name": "Leg_L",
            "time": [0.0, 0.15, 0.2667, 0.35, 0.4167, 0.5333],
            "transform": [
                [1.0, -0.0, 1e-06, 0.0, 0.0, 0.999948, 0.010137, 0.37472, -1e-06, -0.010137, 0.999949, -0.0, 0.0, 0.0, 0.0, 1.0],
                [1.0, -1e-06, 2e-06, 0.0, 0.0, 0.866113, 0.499847, 0.37472, -2e-06, -0.499847, 0.866114, 0.0, 0.0, 0.0, 0.0, 1.0],
                [1.0, -1e-06, 1e-06, -0.0, -1e-06, -0.003588, 0.999994, 0.37472, -1e-06, -0.999993, -0.003588, -0.0, 0.0, 0.0, 0.0, 1.0],
                [0.999993, -0.003179, 0.001825, -0.0, 0.001989, 0.888747, 0.458393, 0.37472, -0.003079, -0.458386, 0.888748, 0.0, 0.0, 0.0, 0.0, 1.0],
                [0.999982, -0.005936, 0.001341, -0.0, 0.004607, 0.882373, 0.470527, 0.37472, -0.003976, -0.470512, 0.882385, -0.0, 0.0, 0.0, 0.0, 1.0],
                [1.0, -0.0, 1e-06, 0.0, 0.0, 0.999948, 0.010137, 0.37472, -1e-06, -0.010137, 0.999949, -0.0, 0.0, 0.0, 0.0, 1.0]
            ]
        },
        {
            "name": "Knee_L",
            "time": [0.0, 0.15, 0.2667, 0.35, 0.4167, 0.5333],
            "transform": [
                [1.0, 0.0, -0.0, 0.0, -0.0, 1e-06, -1.0, 0.37472, -0.0, 1.0, 1e-06, -0.0, 0.0, 0.0, 0.0, 1.0],
                [1.0, 0.0, -0.0, 0.0, -0.0, 1e-06, -1.0, 0.37472, -0.0, 1.0, 1e-06, 0.0, 0.0, 0.0, 0.0, 1.0],
                [1.0, 0.0, -0.0, -0.0001, -0.0, 0.293638, -0.955917, 0.433466, -0.0, 0.955917, 0.293638, -0.000823, 0.0, 0.0, 0.0, 1.0],
                [1.0, 0.0, -0.0, -0.000113, -0.0, -0.268643, -0.96324, 0.426368, -0.0, 0.96324, -0.268643, -0.00073, 0.0, 0.0, 0.0, 1.0],
                [1.0, 0.0, -0.0, -0.000114, -0.0, -0.232829, -0.972518, 0.411945, -0.0, 0.972518, -0.232829, -0.000532, 0.0, 0.0, 0.0, 1.0],
                [1.0, 0.0, -0.0, 0.0, -0.0, 1e-06, -1.0, 0.37472, -0.0, 1.0, 1e-06, -0.0, 0.0, 0.0, 0.0, 1.0]
            ]
        },
        {
            "name": "Torso",
            "time": [0.0, 0.5333],
            "transform": [
                [0.999968, -0.007869, -0.001429, 0.0, 0.007836, 0.928156, 0.372108, 0.05, -0.001602, -0.372108, 0.928188, 0.0, 0.0, 0.0, 0.0, 1.0],
                [0.999968, -0.007869, -0.001429, 0.0, 0.007836, 0.928156, 0.372108, 0.05, -0.001602, -0.372108, 0.928188, 0.0, 0.0, 0.0, 0.0, 1.0]
            ]
        },
        {
            "name": "Chest",
            "time": [0.0, 0.15, 0.2667, 0.4167, 0.5333],
            "transform": [
                [0.973622, 0.189746, 0.126718, 0.0, -0.200191, 0.976849, 0.075425, 0.3, -0.109473, -0.098803, 0.989067, 0.0, 0.0, 0.0, 0.0, 1.0],
                [0.981174, 0.189746, 0.035964, -0.0, -0.192342, 0.976849, 0.093649, 0.3, -0.017362, -0.098803, 0.994956, -0.0, 0.0, 0.0, 0.0, 1.0],
                [0.970724, 0.189746, 0.147281, 0.0, -0.201742, 0.976849, 0.071174, 0.3, -0.130367, -0.098803, 0.986531, -0.0, 0.0, 0.0, 0.0, 1.0],
                [0.9217, 0.189746, 0.338329, -0.0, -0.211897, 0.976849, 0.029415, 0.3, -0.324915, -0.098803, 0.940568, -0.0, 0.0, 0.0, 0.0, 1.0],
                [0.973622, 0.189746, 0.126718, 0.0, -0.200191, 0.976849, 0.075425, 0.3, -0.109473, -0.098803, 0.989067, 0.0, 0.0, 0.0, 0.0, 1.0]
            ]
        },
        {
            "name": "Head",
            "time": [0.0, 0.15, 0.2667, 0.4167, 0.5333],
            "transform": [
                [1.0, 0.0, 0.0, 0.0, 0.0, 0.982214, -0.187765, 0.4, 0.0, 0.187765, 0.982214, 0.0, 0.0, 0.0, 0.0, 1.0],
                [0.950159, 0.065309, 0.304847, 0.0, -0.000942, 0.978409, -0.206674, 0.4, -0.311763, 0.196086, 0.929706, 0.0, 0.0, 0.0, 0.0, 1.0],
                [1.0, 0.0, -0.0, 0.0, -0.0, 0.982214, -0.187765, 0.4, 0.0, 0.187765, 0.982214, 0.0, 0.0, 0.0, 0.0, 1.0],
                [0.95285, -0.068728, -0.295557, 0.0, 0.001062, 0.974762, -0.223244, 0.4, 0.30344, 0.212404, 0.928875, -0.0, 0.0, 0.0, 0.0, 1.0],
                [1.0, 0.0, 0.0, 0.0, 0.0, 0.982214, -0.187765, 0.4, 0.0, 0.187765, 0.982214, 0.0, 0.0, 0.0, 0.0, 1.0]
            ]
        },
        {
            "name": "Shoulder_R",
            "time": [0.0, 0.5333],
            "transform": [
                [0.0, 0.982643, 0.185506, 0.0, 0.0, -0.185506, 0.982643, 0.4, 1.0, 0.0, -0.0, 0.0, 0.0, 0.0, 0.0, 1.0],
                [0.0, 0.982643, 0.185506, 0.0, 0.0, -0.185506, 0.982643, 0.4, 1.0, 0.0, -0.0, 0.0, 0.0, 0.0, 0.0, 1.0]
            ]
        },
        {
            "name": "Arm_R",
            "time": [0.0, 0.15, 0.2667, 0.4167, 0.5333],
            "transform": [
                [0.504437, 0.003029, -0.863443, 0.0, 0.701451, 0.581684, 0.411838, 0.393861, 0.503499, -0.813409, 0.291298, 0.0, 0.0, 0.0, 0.0, 1.0],
                [0.63547, 0.003029, -0.772119, 0.0, 0.626935, 0.581684, 0.518262, 0.39386, 0.450699, -0.813409, 0.367744, 0.0, 0.0, 0.0, 0.0, 1.0],
                [0.322918, -0.224109, -0.91951, -0.0, 0.748178, 0.655456, 0.102997, 0.393861, 0.579615, -0.721217, 0.379332, 0.0, 0.0, 0.0, 0.0, 1.0],
                [0.806855, -0.009979, -0.590664, -0.0, 0.518933, 0.489771, 0.700594, 0.393861, 0.282299, -0.871794, 0.400353, -0.0, 0.0, 0.0, 0.0, 1.0],
                [0.504437, 0.003029, -0.863443, 0.0, 0.701451, 0.581684, 0.411838, 0.393861, 0.503499, -0.813409, 0.291298, 0.0, 0.0, 0.0, 0.0, 1.0]
            ]
        },
        {
            "name": "Hand_R",
            "time": [0.0, 0.15, 0.2667, 0.4167, 0.5333],
            "transform": [
                [1.0, -0.0, 0.0, -0.0, 0.0, 0.974385, -0.224888, 0.3, -0.0, 0.224888, 0.974385, 0.0, 0.0, 0.0, 0.0, 1.0],
                [1.0, 0.0, -0.0, 0.0, 0.0, 0.952392, -0.304876, 0.3, -0.0, 0.304876, 0.952392, -0.0, 0.0, 0.0, 0.0, 1.0],
                [1.0, -0.0, 0.0, 0.0, 0.0, 0.987359, -0.158502, 0.3, -0.0, 0.158502, 0.987359, -0.0, 0.0, 0.0, 0.0, 1.0],
                [1.0, -0.0, 0.0, -0.0, -0.0, 0.952392, -0.304876, 0.3, -0.0, 0.304876, 0.952392, 0.0, 0.0, 0.0, 0.0, 1.0],
                [1.0, -0.0, 0.0, -0.0, 0.0, 0.974385, -0.224888, 0.3, -0.0, 0.224888, 0.974385, 0.0, 0.0, 0.0, 0.0, 1.0]
            ]
        },
        {
            "name": "Tool_R",
            "time": [0.0, 0.15, 0.2667, 0.4167, 0.5333],
            "transform": [
                [1.0, 0.0, 0.0, 0.0, 0.0, -0.996285, -0.086113, 0.272858, 0.0, 0.086051, -0.995696, 0.0, 0.0, 0.0, 0.0, 1.0],
                [1.0, 0.0, 0.0, 0.0, -0.0, -0.999983, -0.005807, 0.272858, 0.0, 0.005793, -0.999391, -0.0, 0.0, 0.0, 0.0, 1.0],
                [1.0, 0.0, 0.0, -0.0, -0.0, -0.958979, -0.283479, 0.272858, 0.0, 0.2833, -0.958414, -0.0, 0.0, 0.0, 0.0, 1.0],
                [1.0, -0.0, 0.0, -0.0, 0.0, -0.999986, 0.005338, 0.272858, 0.0, -0.005345, -0.999394, -0.0, 0.0, 0.0, 0.0, 1.0],
                [1.0, 0.0, 0.0, 0.0, 0.0, -0.996285, -0.086113, 0.272858, 0.0, 0.086051, -0.995696, 0.0, 0.0, 0.0, 0.0, 1.0]
            ]
        },
        {
            "name": "Elbow_R",
            "time": [0.0, 0.15, 0.2667, 0.4167, 0.5333],
            "transform": [
                [-1.0, 0.0, -0.0, 0.000596, -0.0, -0.123403, -0.992357, 0.384548, -0.0, -0.992357, 0.123403, 0.001188, 0.0, 0.0, 0.0, 1.0],
                [-1.0, 0.0, 0.0, 0.0, -0.0, 0.0, -1.0, 0.340344, -0.0, -1.0, 0.0, -0.0, 0.0, 0.0, 0.0, 1.0],
                [-1.0, 0.0, -0.0, 0.000596, 0.0, -0.0, -1.0, 0.384548, -0.0, -1.0, 0.0, 0.001188, 0.0, 0.0, 0.0, 1.0],
                [-1.0, 0.0, 0.0, 2e-05, 0.0, -0.0, -1.0, 0.355353, -0.0, -1.0, 0.0, -8.3e-05, 0.0, 0.0, 0.0, 1.0],
                [-1.0, 0.0, -0.0, 0.000596, -0.0, -0.123403, -0.992357, 0.384548, -0.0, -0.992357, 0.123403, 0.001188, 0.0, 0.0, 0.0, 1.0]
            ]
        },
        {
            "name": "Shoulder_L",
            "time": [0.0, 0.5333],
            "transform": [
                [0.142109, -0.924851, -0.352783, 0.0, 0.053578, -0.348691, 0.935705, 0.4, -0.9884, -0.151873, -0.0, 0.0, 0.0, 0.0, 0.0, 1.0],
                [0.142109, -0.924851, -0.352783, 0.0, 0.053578, -0.348691, 0.935705, 0.4, -0.9884, -0.151873, -0.0, 0.0, 0.0, 0.0, 0.0, 1.0]
            ]
        },
        {
            "name": "Arm_L",
            "time": [0.0, 0.15, 0.4167, 0.5333],
            "transform": [
                [-0.340031, -0.419299, 0.841764, -0.0, -0.876816, 0.464934, -0.122598, 0.39386, -0.33996, -0.779759, -0.52574, -0.0, 0.0, 0.0, 0.0, 1.0],
                [0.042116, 0.420141, 0.906481, 0.0, -0.864305, 0.470458, -0.177894, 0.39386, -0.501202, -0.775984, 0.382944, 0.0, 0.0, 0.0, 0.0, 1.0],
                [-0.271777, -0.453896, 0.848596, -0.0, -0.879613, 0.474882, -0.027707, 0.39386, -0.390407, -0.753967, -0.528315, 0.0, 0.0, 0.0, 0.0, 1.0],
                [-0.340031, -0.419299, 0.841764, -0.0, -0.876816, 0.464934, -0.122598, 0.39386, -0.33996, -0.779759, -0.52574, -0.0, 0.0, 0.0, 0.0, 1.0]
            ]
        },
        {
            "name": "Hand_L",
            "time": [0.0, 0.5333],
            "transform": [
                [1.0, -0.0, 0.0, -0.0, 0.0, 0.964417, -0.264387, 0.3, -0.0, 0.264387, 0.964417, -0.0, 0.0, 0.0, 0.0, 1.0],
                [1.0, -0.0, 0.0, -0.0, 0.0, 0.964417, -0.264387, 0.3, -0.0, 0.264387, 0.964417, -0.0, 0.0, 0.0, 0.0, 1.0]
            ]
        },
        {
            "name": "Tool_L",
            "time": [0.0, 0.5333],
            "transform": [
                [1.0, 0.0, 0.0, -0.0, 0.0, -0.999836, 0.018122, 0.272858, 0.0, -0.018122, -0.999247, 0.0, 0.0, 0.0, 0.0, 1.0],
                [1.0, 0.0, 0.0, -0.0, 0.0, -0.999836, 0.018122, 0.272858, 0.0, -0.018122, -0.999247, 0.0, 0.0, 0.0, 0.0, 1.0]
            ]
        },
        {
            "name": "Elbow_L",
            "time": [0.0, 0.15, 0.2667, 0.4167, 0.5333],
            "transform": [
                [-1.0, 0.0, -0.0, 0.000226, 0.0, -0.220913, -0.975293, 0.380328, -0.0, -0.975293, 0.220913, -0.000541, 0.0, 0.0, 0.0, 1.0],
                [-1.0, 0.0, -0.0, 0.004755, 0.0, -0.0, -1.0, 0.319705, -0.0, -1.0, -0.0, 0.004326, 0.0, 0.0, 0.0, 1.0],
                [-1.0, 0.0, 0.0, 9.1e-05, 0.0, -0.0, -1.0, 0.391771, -0.0, -1.0, -0.0, 0.000385, 0.0, 0.0, 0.0, 1.0],
                [-1.0, 0.0, -0.0, 0.0, 0.0, -0.0, -1.0, 0.340632, -0.0, -1.0, -0.0, -0.0, 0.0, 0.0, 0.0, 1.0],
                [-1.0, 0.0, -0.0, 0.000226, 0.0, -0.220913, -0.975293, 0.380328, -0.0, -0.975293, 0.220913, -0.000541, 0.0, 0.0, 0.0, 1.0]
            ]
        }
    ]
}