{
    
    "animation": [
        {
            "name": "Root",
            "time": [0.0, 0.2, 0.4, 0.6, 0.8],
            "transform": [
                [1.0, 0.0, 0.0, -5e-06, 0.0, 0.0, -1.0, 0.000946, 0.0, 1.0, 0.0, 0.764948, 0.0, 0.0, 0.0, 1.0],
                [1.0, 0.0, 0.0, -5e-06, 0.0, 0.0, -1.0, 0.000946, 0.0, 1.0, 0.0, 0.679639, 0.0, 0.0, 0.0, 1.0],
                [1.0, 0.0, 0.0, -5e-06, 0.0, 0.0, -1.0, 0.000946, 0.0, 1.0, 0.0, 0.764948, 0.0, 0.0, 0.0, 1.0],
                [1.0, 0.0, 0.0, -5e-06, 0.0, 0.0, -1.0, 0.000946, 0.0, 1.0, 0.0, 0.679639, 0.0, 0.0, 0.0, 1.0],
                [1.0, 0.0, 0.0, -5e-06, 0.0, 0.0, -1.0, 0.000946, 0.0, 1.0, 0.0, 0.764948, 0.0, 0.0, 0.0, 1.0]
            ]
        },
        {
            "name": "Thigh_R",
            "time": [0.0, 0.2, 0.4, 0.6, 0.8],
            "transform": [
                [1.0, -0.0, -0.0, 0.124994, 0.0, -0.821325, 0.570459, -0.002831, -0.0, -0.570457, -0.821327, -1.2e-05, 0.0, 0.0, 0.0, 1.0],
                [1.0, -0.0, -0.0, 0.124994, 0.0, -0.773347, 0.633981, -0.002831, -0.0, -0.633979, -0.773349, -1.2e-05, 0.0, 0.0, 0.0, 1.0],
                [1.0, -0.0, -0.0, 0.124994, 0.0, -0.999046, 0.04362, -0.002831, -0.0, -0.043619, -0.999049, -1.2e-05, 0.0, 0.0, 0.0, 1.0],
                [1.0, -0.0, -0.0, 0.124994, 0.0, -0.914725, -0.404072, -0.002831, 0.0, 0.404071, -0.914727, -1.2e-05, 0.0, 0.0, 0.0, 1.0],
                [1.0, -0.0, -0.0, 0.124994, 0.0, -0.821325, 0.570459, -0.002831, -0.0, -0.570457, -0.821327, -1.2e-05, 0.0, 0.0, 0.0, 1.0]
            ]
        },
        {
            "name": "Leg_R",
            "time": [0.0, 0.2, 0.4, 0.6, 0.8],
            "transform": [
                [1.0, 0.0, 1e-06, 0.0, -1e-06, 0.375306, 0.9269, 0.37472, -0.0, -0.926902, 0.375306, 0.0, 0.0, 0.0, 0.0, 1.0],
                [1.0, 0.0, 1e-06, 0.0, -1e-06, 0.773965, 0.633228, 0.37472, -1e-06, -0.633229, 0.773964, 0.0, 0.0, 0.0, 0.0, 1.0],
                [1.0, 0.0, 1e-06, 0.0, -0.0, 0.996195, 0.087156, 0.37472, -1e-06, -0.087156, 0.996194, 0.0, 0.0, 0.0, 0.0, 1.0],
                [1.0, 0.0, 1e-06, 0.0, -0.0, 0.996195, 0.087156, 0.37472, -1e-06, -0.087156, 0.996194, 0.0, 0.0, 0.0, 0.0, 1.0],
                [1.0, 0.0, 1e-06, 0.0, -1e-06, 0.375306, 0.9269, 0.37472, -0.0, -0.926902, 0.375306, 0.0, 0.0, 0.0, 0.0, 1.0]
            ]
        },
        {
            "name": "Knee_R",
            "time": [0.0, 0.2, 0.4, 0.6, 0.8],
            "transform": [
                [1.0, 0.0, -0.0, 0.0, -0.0, 1e-06, -1.0, 0.439324, -0.0, 1.0, 1e-06, -0.000954, 0.0, 0.0, 0.0, 1.0],
                [1.0, 0.0, -0.0, 0.0, -0.0, 1e-06, -1.0, 0.40073, -0.0, 1.0, 1e-06, -0.003832, 0.0, 0.0, 0.0, 1.0],
                [1.0, 0.0, -0.0, 0.0, -0.0, 1e-06, -1.0, 0.37472, -0.0, 1.0, 1e-06, 0.0, 0.0, 0.0, 0.0, 1.0],
                [1.0, 0.0, -0.0, 0.0, -0.0, 1e-06, -1.0, 0.37472, -0.0, 1.0, 1e-06, 0.0, 0.0, 0.0, 0.0, 1.0],
                [1.0, 0.0, -0.0, 0.0, -0.0, 1e-06, -1.0, 0.439324, -0.0, 1.0, 1e-06, -0.000954, 0.0, 0.0, 0.0, 1.0]
            ]
        },
        {
            "name": "Thigh_L",
            "time": [0.0, 0.2, 0.4, 0.6, 0.8],
            "transform": [
                [0.999999, -0.0, -0.0, -0.125006, 0.0, -0.999048, 0.04362, -0.002831, -0.0, -0.04362, -0.999048, -1.2e-05, 0.0, 0.0, 0.0, 1.0],
                [0.999999, -0.0, -0.0, -0.125006, 0.0, -0.916029, -0.401111, -0.002831, 0.0, 0.401112, -0.916029, -1.2e-05, 0.0, 0.0, 0.0, 1.0],
                [0.999999, -0.0, -0.0, -0.125006, 0.0, -0.923879, 0.382684, -0.002831, -0.0, -0.382684, -0.923879, -1.2e-05, 0.0, 0.0, 0.0, 1.0],
                [0.999999, -0.0, -0.0, -0.125006, 0.0, -0.769842, 0.638235, -0.002831, -0.0, -0.638235, -0.769842, -1.2e-05, 0.0, 0.0, 0.0, 1.0],
                [0.999999, -0.0, -0.0, -0.125006, 0.0, -0.999048, 0.04362, -0.002831, -0.0, -0.04362, -0.999048, -1.2e-05, 0.0, 0.0, 0.0, 1.0]
            ]
        },
        {
            "name": "Leg_L",
            "time": [0.0, 0.2, 0.4, 0.6, 0.8],
            "transform": [
                [1.0, 0.0, 1e-06, 0.0, -0.0, 0.996194, 0.087156, 0.37472, -1e-06, -0.087156, 0.996195, 0.0, 0.0, 0.0, 0.0, 1.0],
                [1.0, 0.0, 1e-06, 0.0, -0.0, 0.996194, 0.087156, 0.37472, -1e-06, -0.087156, 0.996195, -0.0, 0.0, 0.0, 0.0, 1.0],
                [1.0, -0.0, 1e-06, -0.0, -1e-06, 0.573576, 0.819152, 0.37472, -0.0, -0.819152, 0.573577, -0.0, 0.0, 0.0, 0.0, 1.0],
                [1.0, 0.0, 1e-06, -0.0, -1e-06, 0.769068, 0.639167, 0.37472, -1e-06, -0.639166, 0.769069, 0.0, 0.0, 0.0, 0.0, 1.0],
                [1.0, 0.0, 1e-06, 0.0, -0.0, 0.996194, 0.087156, 0.37472, -1e-06, -0.087156, 0.996195, 0.0, 0.0, 0.0, 0.0, 1.0]
            ]
        },
        {
            "name": "Knee_L",
            "time": [0.0, 0.2, 0.4, 0.6, 0.8],
            "transform": [
                [1.0, 0.0, -0.0, 0.0, -0.0, 1e-06, -1.0, 0.37472, -0.0, 1.0, 1e-06, 0.0, 0.0, 0.0, 0.0, 1.0],
                [1.0, 0.0, -0.0, 0.0, -0.0, 1e-06, -1.0, 0.37472, -0.0, 1.0, 1e-06, -0.0, 0.0, 0.0, 0.0, 1.0],
                [1.0, 0.0, -0.0, -0.0, -0.0, 1e-06, -1.0, 0.417962, -0.0, 1.0, 1e-06, -0.001644, 0.0, 0.0, 0.0, 1.0],
                [1.0, 0.0, -0.0, -0.0, -0.0, 1e-06, -1.0, 0.403148, -0.0, 1.0, 1e-06, -0.003028, 0.0, 0.0, 0.0, 1.0],
                [1.0, 0.0, -0.0, 0.0, -0.0, 1e-06, -1.0, 0.37472, -0.0, 1.0, 1e-06, 0.0, 0.0, 0.0, 0.0, 1.0]
            ]
        },
        {
            "name": "Torso",
            "time": [0.0, 0.8],
            "transform": [
                [1.0, 0.0, 0.0, 0.0, 0.0, 0.983846, 0.179017, 0.05, 0.0, -0.179017, 0.983846, 0.0, 0.0, 0.0, 0.0, 1.0],
                [1.0, 0.0, 0.0, 0.0, 0.0, 0.983846, 0.179017, 0.05, 0.0, -0.179017, 0.983846, 0.0, 0.0, 0.0, 0.0, 1.0]
            ]
        },
        {
            "name": "Chest",
            "time": [0.0, 0.2, 0.4, 0.6, 0.8],
            "transform": [
                [0.972653, 0.224678, -0.058875, 0.0, -0.196369, 0.93085, 0.308151, 0.3, 0.124038, -0.288163, 0.949514, 0.0, 0.0, 0.0, 0.0, 1.0],
                [0.979807, 0.181299, -0.084309, 0.0, -0.164225, 0.970252, 0.177878, 0.3, 0.11405, -0.160441, 0.980434, 0.0, 0.0, 0.0, 0.0, 1.0],
                [0.979807, 0.192669, -0.053443, 0.0, -0.164225, 0.927958, 0.334551, 0.3, 0.11405, -0.319019, 0.940861, 0.0, 0.0, 0.0, 0.0, 1.0],
                [0.979807, 0.181299, -0.084309, 0.0, -0.164225, 0.970252, 0.177878, 0.3, 0.11405, -0.160441, 0.980434, 0.0, 0.0, 0.0, 0.0, 1.0],
                [0.972653, 0.224678, -0.058875, 0.0, -0.196369, 0.93085, 0.308151, 0.3, 0.124038, -0.288163, 0.949514, 0.0, 0.0, 0.0, 0.0, 1.0]
            ]
        },
        {
            "name": "Head",
            "time": [0.0, 0.8],
            "transform": [
                [0.975735, -0.129858, 0.176291, -0.0, 0.183895, 0.923045, -0.337892, 0.4, -0.118846, 0.362112, 0.924527, -0.0, 0.0, 0.0, 0.0, 1.0],
                [0.975735, -0.129858, 0.176291, -0.0, 0.183895, 0.923045, -0.337892, 0.4, -0.118846, 0.362112, 0.924527, -0.0, 0.0, 0.0, 0.0, 1.0]
            ]
        },
        {
            "name": "Shoulder_R",
            "time": [0.0, 0.8],
            "transform": [
                [-0.004613, 0.951979, 0.306128, -0.0, 0.000526, -0.306129, 0.95199, 0.4, 0.999989, 0.004553, 0.000911, -0.0, 0.0, 0.0, 0.0, 1.0],
                [-0.004613, 0.951979, 0.306128, -0.0, 0.000526, -0.306129, 0.95199, 0.4, 0.999989, 0.004553, 0.000911, -0.0, 0.0, 0.0, 0.0, 1.0]
            ]
        },
        {
            "name": "Arm_R",
            "time": [0.0, 0.2, 0.6, 0.8],
            "transform": [
                [0.165848, -0.568553, -0.805755, -0.0, 0.85967, 0.48369, -0.164353, 0.39386, 0.483179, -0.665426, 0.568987, -0.0, 0.0, 0.0, 0.0, 1.0],
                [0.005484, -0.304682, -0.952438, -0.0, 0.822343, 0.543295, -0.169063, 0.39386, 0.568965, -0.782304, 0.253532, -0.0, 0.0, 0.0, 0.0, 1.0],
                [0.029618, -0.471807, -0.881204, -0.0, 0.816753, 0.519642, -0.250771, 0.39386, 0.576226, -0.712299, 0.400741, -0.0, 0.0, 0.0, 0.0, 1.0],
                [0.165848, -0.568553, -0.805755, -0.0, 0.85967, 0.48369, -0.164353, 0.39386, 0.483179, -0.665426, 0.568987, -0.0, 0.0, 0.0, 0.0, 1.0]
            ]
        },
        {
            "name": "Hand_R",
            "time": [0.0, 0.8],
            "transform": [
                [1.0, 0.0, 0.0, -0.0, -0.0, 0.998496, 0.054831, 0.3, -0.0, -0.054831, 0.998496, -0.0, 0.0, 0.0, 0.0, 1.0],
                [1.0, 0.0, 0.0, -0.0, -0.0, 0.998496, 0.054831, 0.3, -0.0, -0.054831, 0.998496, -0.0, 0.0, 0.0, 0.0, 1.0]
            ]
        },
        {
            "name": "Tool_R",
            "time": [0.0, 0.2, 0.4, 0.6, 0.8],
            "transform": [
                [1.0, -0.0, 0.0, 0.0, 0.0, -0.955076, -0.296361, 0.272858, 0.0, 0.296175, -0.954514, 0.0, 0.0, 0.0, 0.0, 1.0],
                [1.0, 0.0, 0.0, -0.0, 0.0, -0.996363, -0.085205, 0.272858, 0.0, 0.085144, -0.995774, 0.0, 0.0, 0.0, 0.0, 1.0],
                [1.0, 0.0, 0.0, -0.0, 0.0, -0.996363, -0.085205, 0.272858, 0.0, 0.085144, -0.995774, -0.0, 0.0, 0.0, 0.0, 1.0],
                [1.0, -0.0, 0.0, -0.0, 0.0, -0.955076, -0.296361, 0.272858, 0.0, 0.296175, -0.954514, -0.0, 0.0, 0.0, 0.0, 1.0],
                [1.0, -0.0, 0.0, 0.0, 0.0, -0.955076, -0.296361, 0.272858, 0.0, 0.296175, -0.954514, 0.0, 0.0, 0.0, 0.0, 1.0]
            ]
        },
        {
            "name": "Elbow_R",
            "time": [0.0, 0.8],
            "transform": [
                [-1.0, 0.0, -0.0, -0.0, 0.0, -0.0, -1.0, 0.3, -0.0, -1.0, 0.0, -0.0, 0.0, 0.0, 0.0, 1.0],
                [-1.0, 0.0, -0.0, -0.0, 0.0, -0.0, -1.0, 0.3, -0.0, -1.0, 0.0, -0.0, 0.0, 0.0, 0.0, 1.0]
            ]
        },
        {
            "name": "Shoulder_L",
            "time": [0.0, 0.2, 0.4, 0.6, 0.8],
            "transform": [
                [0.004613, -0.974699, -0.223474, -0.0, 0.000524, -0.223474, 0.97471, 0.4, -0.999989, -0.004614, -0.00052, -0.0, 0.0, 0.0, 0.0, 1.0],
                [-0.0, -0.952114, -0.305743, -0.0, 0.0, -0.305743, 0.952114, 0.4, -1.0, 0.0, 0.0, -0.0, 0.0, 0.0, 0.0, 1.0],
                [0.004613, -0.952228, -0.305355, -0.0, 0.000524, -0.305355, 0.952238, 0.4, -0.999989, -0.004553, -0.00091, -0.0, 0.0, 0.0, 0.0, 1.0],
                [-0.0, -0.952114, -0.305743, -0.0, 0.0, -0.305743, 0.952114, 0.4, -1.0, 0.0, 0.0, -0.0, 0.0, 0.0, 0.0, 1.0],
                [0.004613, -0.974699, -0.223474, -0.0, 0.000524, -0.223474, 0.97471, 0.4, -0.999989, -0.004614, -0.00052, -0.0, 0.0, 0.0, 0.0, 1.0]
            ]
        },
        {
            "name": "Arm_L",
            "time": [0.0, 0.2, 0.6, 0.8],
            "transform": [
                [-0.0, 0.23573, 0.971819, 0.0, -0.952114, 0.297127, -0.072073, 0.39386, -0.305743, -0.925282, 0.224441, 0.0, 0.0, 0.0, 0.0, 1.0],
                [-0.0, 0.359843, 0.933013, -0.0, -0.952114, 0.285262, -0.11002, 0.39386, -0.305743, -0.888334, 0.342612, -0.0, 0.0, 0.0, 0.0, 1.0],
                [-0.0, -0.319691, 0.947522, -0.0, -0.952114, 0.289699, 0.097743, 0.39386, -0.305743, -0.902148, -0.304382, -0.0, 0.0, 0.0, 0.0, 1.0],
                [-0.0, 0.23573, 0.971819, 0.0, -0.952114, 0.297127, -0.072073, 0.39386, -0.305743, -0.925282, 0.224441, 0.0, 0.0, 0.0, 0.0, 1.0]
            ]
        },
        {
            "name": "Hand_L",
            "time": [0.0, 0.8],
            "transform": [
                [1.0, 0.0, 0.0, -0.0, -0.0, 0.99793, -0.064318, 0.3, -0.0, 0.064318, 0.99793, -0.0, 0.0, 0.0, 0.0, 1.0],
                [1.0, 0.0, 0.0, -0.0, -0.0, 0.99793, -0.064318, 0.3, -0.0, 0.064318, 0.99793, -0.0, 0.0, 0.0, 0.0, 1.0]
            ]
        },
        {
            "name": "Tool_L",
            "time": [0.0, 0.8],
            "transform": [
                [1.0, 0.0, 0.0, 0.0, 0.0, -0.999836, 0.018122, 0.272858, 0.0, -0.018122, -0.999247, -0.0, 0.0, 0.0, 0.0, 1.0],
                [1.0, 0.0, 0.0, 0.0, 0.0, -0.999836, 0.018122, 0.272858, 0.0, -0.018122, -0.999247, -0.0, 0.0, 0.0, 0.0, 1.0]
            ]
        },
        {
            "name": "Elbow_L",
            "time": [0.0, 0.8],
            "transform": [
                [-1.0, 0.0, -0.0, -0.0, 0.0, -0.0, -1.0, 0.3, -0.0, -1.0, -0.0, -0.0, 0.0, 0.0, 0.0, 1.0],
                [-1.0, 0.0, -0.0, -0.0, 0.0, -0.0, -1.0, 0.3, -0.0, -1.0, -0.0, -0.0, 0.0, 0.0, 0.0, 1.0]
            ]
        }
    ]
}