{
    "animation": [
        {
            "name": "Root",
            "time": [0.0, 0.0833, 0.3167, 0.4167, 0.5667, 0.9667, 1.1667],
            "transform": [
                [0.854339, 0.028643, -0.518927, -5e-06, -0.51914, 0.0, -0.854689, 0.000946, -0.024481, 0.99959, 0.01487, 0.753683, 0.0, 0.0, 0.0, 1.0],
                [0.677373, 0.022972, -0.735281, -0.039308, -0.722098, 0.211661, -0.658615, -0.330633, 0.140501, 0.977073, 0.159961, 0.600177, 0.0, 0.0, 0.0, 1.0],
                [0.616446, 0.031425, -0.78677, -0.022812, -0.766047, 0.255043, -0.590022, -0.422444, 0.182119, 0.966419, 0.181294, 0.637948, 0.0, 0.0, 0.0, 1.0],
                [0.990354, -0.071893, 0.118452, -0.002298, 0.131805, 0.225083, -0.965383, 0.07712, 0.042743, 0.971684, 0.232387, 0.683981, 0.0, 0.0, 0.0, 1.0],
                [0.344593, -0.094387, 0.933995, -0.029095, 0.935813, 0.113211, -0.333822, 0.564138, -0.07423, 0.989078, 0.12734, 0.571156, 0.0, 0.0, 0.0, 1.0],
                [0.512601, -0.143272, 0.846589, 0.007923, 0.855943, 0.163163, -0.490652, 0.717833, -0.067836, 0.976141, 0.20627, 0.533283, 0.0, 0.0, 0.0, 1.0],
                [0.512601, -0.143272, 0.846589, 0.007923, 0.855943, 0.163163, -0.490652, 0.717833, -0.067836, 0.976141, 0.20627, 0.533283, 0.0, 0.0, 0.0, 1.0]
            ]
        },
        {
            "name": "Thigh_R",
            "time": [0.0, 0.0833, 0.3167, 0.4167, 0.5667, 0.9667, 1.1667],
            "transform": [
                [0.992811, 0.11785, -0.020883, 0.124994, 0.118536, -0.992318, 0.035348, -0.002831, -0.016557, -0.037569, -0.999157, -1.2e-05, 0.0, 0.0, 0.0, 1.0],
                [0.804974, 0.555231, 0.209129, 0.124994, 0.533858, -0.831614, 0.153004, -0.002831, 0.258867, -0.011519, -0.965845, -1.2e-05, 0.0, 0.0, 0.0, 1.0],
                [0.850966, 0.45462, 0.263014, 0.124994, 0.414991, -0.888932, 0.193849, -0.002831, 0.32193, -0.05581, -0.945117, -1.2e-05, 0.0, 0.0, 0.0, 1.0],
                [0.918205, 0.3942, -0.038783, 0.124994, 0.347239, -0.753953, 0.557654, -0.002831, 0.190586, -0.525506, -0.829168, -1.2e-05, 0.0, 0.0, 0.0, 1.0],
                [0.52431, 0.821711, 0.223352, 0.124994, 0.102367, -0.321216, 0.941457, -0.002831, 0.845351, -0.470751, -0.252535, -1.2e-05, 0.0, 0.0, 0.0, 1.0],
                [0.544, 0.803379, 0.242164, 0.124994, -0.017431, -0.277722, 0.960503, -0.002831, 0.838904, -0.526734, -0.137078, -1.2e-05, 0.0, 0.0, 0.0, 1.0],
                [0.544, 0.803379, 0.242164, 0.124994, -0.017431, -0.277722, 0.960503, -0.002831, 0.838904, -0.526734, -0.137078, -1.2e-05, 0.0, 0.0, 0.0, 1.0]
            ]
        },
        {
            "name": "Leg_R",
            "time": [0.0, 0.0833, 0.3167, 0.4167, 0.5667, 0.9667, 1.1667],
            "transform": [
                [1.0, -0.0, 1e-06, 0.0, 0.0, 0.997612, 0.069073, 0.37472, -1e-06, -0.069073, 0.997611, 0.0, 0.0, 0.0, 0.0, 1.0],
                [1.0, -0.0, 1e-06, -0.0, 0.0, 0.959354, 0.282207, 0.37472, -1e-06, -0.282208, 0.959353, -0.0, 0.0, 0.0, 0.0, 1.0],
                [1.0, -0.0, 1e-06, -0.0, 0.0, 0.941113, 0.338095, 0.37472, -1e-06, -0.338095, 0.941111, 0.0, 0.0, 0.0, 0.0, 1.0],
                [1.0, -1e-06, -0.0, 0.0, -0.0, -0.073666, 0.997282, 0.37472, -1e-06, -0.997284, -0.073666, 0.0, 0.0, 0.0, 0.0, 1.0],
                [1.0, -1e-06, 0.0, -0.0, 0.0, 0.340596, 0.940209, 0.37472, -1e-06, -0.940211, 0.340595, 0.0, 0.0, 0.0, 0.0, 1.0],
                [1.0, -1e-06, 0.0, -0.0, 0.0, 0.726648, 0.687009, 0.37472, -1e-06, -0.68701, 0.726647, 0.0, 0.0, 0.0, 0.0, 1.0],
                [1.0, -1e-06, 0.0, -0.0, 0.0, 0.726648, 0.687009, 0.37472, -1e-06, -0.68701, 0.726647, 0.0, 0.0, 0.0, 0.0, 1.0]
            ]
        },
        {
            "name": "Knee_R",
            "time": [0.0, 0.0833, 0.3167, 0.5667, 0.9667, 1.1667],
            "transform": [
                [1.0, 0.0, -0.0, 0.0, -0.0, 1e-06, -1.0, 0.37472, -0.0, 1.0, 1e-06, 0.0, 0.0, 0.0, 0.0, 1.0],
                [1.0, 0.0, -0.0, -0.0, -0.0, 1e-06, -1.0, 0.37472, -0.0, 1.0, 1e-06, -0.0, 0.0, 0.0, 0.0, 1.0],
                [1.0, 0.0, -0.0, -0.0, -0.0, 1e-06, -1.0, 0.37472, -0.0, 1.0, 1e-06, 0.0, 0.0, 0.0, 0.0, 1.0],
                [1.0, 0.0, -0.0, -0.0, -0.0, 1e-06, -1.0, 0.37472, -0.0, 1.0, 1e-06, 0.0, 0.0, 0.0, 0.0, 1.0],
                [1.0, 0.0, -0.0, -0.0, -0.0, 1e-06, -1.0, 0.37472, -0.0, 1.0, 1e-06, 0.0, 0.0, 0.0, 0.0, 1.0],
                [1.0, 0.0, -0.0, -0.0, -0.0, 1e-06, -1.0, 0.37472, -0.0, 1.0, 1e-06, 0.0, 0.0, 0.0, 0.0, 1.0]
            ]
        },
        {
            "name": "Thigh_L",
            "time": [0.0, 0.0833, 0.3167, 0.4167, 0.5667, 0.9667, 1.1667],
            "transform": [
                [0.869242, -0.120567, -0.479458, -0.125006, -0.021407, -0.978077, 0.207141, -0.002831, -0.493921, -0.169792, -0.852767, -1.2e-05, 0.0, 0.0, 0.0, 1.0],
                [0.739525, -0.637805, -0.215188, -0.125006, -0.049941, -0.370792, 0.927372, -0.002831, -0.671272, -0.675069, -0.306064, -1.2e-05, 0.0, 0.0, 0.0, 1.0],
                [0.700706, -0.65453, -0.283902, -0.125006, -0.03028, -0.424854, 0.904755, -0.002831, -0.712806, -0.625371, -0.317518, -1.2e-05, 0.0, 0.0, 0.0, 1.0],
                [0.915152, -0.248679, -0.31726, -0.125006, -0.287119, -0.954548, -0.080005, -0.002831, -0.282944, 0.164309, -0.944957, -1.2e-05, 0.0, 0.0, 0.0, 1.0],
                [0.725293, -0.687314, 0.039346, -0.125006, -0.649479, -0.664176, 0.370198, -0.002831, -0.228309, -0.294056, -0.928119, -1.2e-05, 0.0, 0.0, 0.0, 1.0],
                [0.770543, -0.636177, -0.039246, -0.125006, -0.611277, -0.755021, 0.237239, -0.002831, -0.180558, -0.158812, -0.970658, -1.2e-05, 0.0, 0.0, 0.0, 1.0],
                [0.770543, -0.636177, -0.039246, -0.125006, -0.611277, -0.755021, 0.237239, -0.002831, -0.180558, -0.158812, -0.970658, -1.2e-05, 0.0, 0.0, 0.0, 1.0]
            ]
        },
        {
            "name": "Leg_L",
            "time": [0.0, 0.0833, 0.3167, 0.4167, 0.5667, 0.9667, 1.1667],
            "transform": [
                [0.998576, 0.053235, -0.003397, 0.0, -0.051599, 0.980122, 0.191569, 0.37472, 0.013527, -0.191121, 0.981474, -0.0, 0.0, 0.0, 0.0, 1.0],
                [0.998576, 0.032797, 0.042069, 0.0, -0.051599, 0.393906, 0.917702, 0.37472, 0.013527, -0.918565, 0.395038, 0.0, 0.0, 0.0, 0.0, 1.0],
                [0.998576, 0.049637, 0.019536, -0.0, -0.051599, 0.805957, 0.58972, 0.37472, 0.013527, -0.589888, 0.807372, -0.0, 0.0, 0.0, 0.0, 1.0],
                [0.998576, 0.053315, 0.001737, 0.0, -0.051599, 0.957162, 0.284916, 0.37472, 0.013527, -0.2846, 0.958551, 0.0, 0.0, 0.0, 0.0, 1.0],
                [0.998576, 0.049637, 0.019536, -0.0, -0.051599, 0.805957, 0.58972, 0.37472, 0.013527, -0.589888, 0.807372, 0.0, 0.0, 0.0, 0.0, 1.0],
                [0.998576, 0.052235, 0.010815, 0.0, -0.051599, 0.894458, 0.444164, 0.37472, 0.013527, -0.444089, 0.895881, 0.0, 0.0, 0.0, 0.0, 1.0],
                [0.998576, 0.052235, 0.010815, 0.0, -0.051599, 0.894458, 0.444164, 0.37472, 0.013527, -0.444089, 0.895881, 0.0, 0.0, 0.0, 0.0, 1.0]
            ]
        },
        {
            "name": "Knee_L",
            "time": [0.0, 0.0833, 0.3167, 0.5667, 0.9667, 1.1667],
            "transform": [
                [1.0, 0.0, -0.0, 0.0, -0.0, 1e-06, -1.0, 0.37472, -0.0, 1.0, 1e-06, -0.0, 0.0, 0.0, 0.0, 1.0],
                [1.0, 0.0, -0.0, 0.0, -0.0, 1e-06, -1.0, 0.37472, -0.0, 1.0, 1e-06, 0.0, 0.0, 0.0, 0.0, 1.0],
                [1.0, 0.0, -0.0, -0.0, -0.0, 1e-06, -1.0, 0.37472, -0.0, 1.0, 1e-06, -0.0, 0.0, 0.0, 0.0, 1.0],
                [1.0, 0.0, -0.0, -0.0, -0.0, 1e-06, -1.0, 0.37472, -0.0, 1.0, 1e-06, 0.0, 0.0, 0.0, 0.0, 1.0],
                [1.0, 0.0, -0.0, 0.0, -0.0, 1e-06, -1.0, 0.37472, -0.0, 1.0, 1e-06, 0.0, 0.0, 0.0, 0.0, 1.0],
                [1.0, 0.0, -0.0, 0.0, -0.0, 1e-06, -1.0, 0.37472, -0.0, 1.0, 1e-06, 0.0, 0.0, 0.0, 0.0, 1.0]
            ]
        },
        {
            "name": "Torso",
            "time": [0.0, 0.0833, 0.3167, 0.5667, 0.9667, 1.1667],
            "transform": [
                [0.999042, -0.043673, -0.002705, 0.0, 0.04367, 0.999045, -0.001423, 0.05, 0.002765, 0.001304, 0.999995, -0.0, 0.0, 0.0, 0.0, 1.0],
                [0.999042, -0.043673, -0.002705, 0.0, 0.04367, 0.999045, -0.001423, 0.05, 0.002765, 0.001304, 0.999995, -0.0, 0.0, 0.0, 0.0, 1.0],
                [0.999042, -0.043673, -0.002706, 0.0, 0.04367, 0.999045, -0.001423, 0.05, 0.002765, 0.001304, 0.999995, 0.0, 0.0, 0.0, 0.0, 1.0],
                [0.999042, -0.043673, -0.002706, -0.0, 0.04367, 0.999045, -0.001423, 0.05, 0.002765, 0.001304, 0.999995, -0.0, 0.0, 0.0, 0.0, 1.0],
                [0.999042, -0.043673, -0.002706, 0.0, 0.04367, 0.999045, -0.001423, 0.05, 0.002765, 0.001304, 0.999995, 0.0, 0.0, 0.0, 0.0, 1.0],
                [0.999042, -0.043673, -0.002706, 0.0, 0.04367, 0.999045, -0.001423, 0.05, 0.002765, 0.001304, 0.999995, 0.0, 0.0, 0.0, 0.0, 1.0]
            ]
        },
        {
            "name": "Chest",
            "time": [0.0, 0.0833, 0.3167, 0.5667, 0.9667, 1.1667],
            "transform": [
                [0.999771, -0.021316, -0.002029, 0.0, 0.021411, 0.994316, 0.104295, 0.3, -0.000206, -0.104315, 0.994544, 0.0, 0.0, 0.0, 0.0, 1.0],
                [0.994361, 0.103106, 0.024825, 0.0, -0.105245, 0.930531, 0.350763, 0.3, 0.013065, -0.351398, 0.936135, 0.0, 0.0, 0.0, 0.0, 1.0],
                [0.982656, 0.140375, -0.12117, -0.0, -0.125835, 0.984728, 0.120314, 0.3, 0.136208, -0.102979, 0.985314, 0.0, 0.0, 0.0, 0.0, 1.0],
                [0.921263, 0.142257, 0.361991, -0.0, -0.169849, 0.984424, 0.0454, 0.3, -0.349894, -0.103309, 0.931076, 0.0, 0.0, 0.0, 0.0, 1.0],
                [0.896191, 0.045167, 0.441364, -0.0, -0.16866, 0.954803, 0.244756, 0.3, -0.410361, -0.293788, 0.863303, 0.0, 0.0, 0.0, 0.0, 1.0],
                [0.896191, 0.045167, 0.441364, -0.0, -0.16866, 0.954803, 0.244756, 0.3, -0.410361, -0.293788, 0.863303, 0.0, 0.0, 0.0, 0.0, 1.0]
            ]
        },
        {
            "name": "Head",
            "time": [0.0, 0.0833, 0.3167, 0.5667, 0.9667, 1.1667],
            "transform": [
                [0.85311, 0.037721, 0.520365, -0.0, -0.006297, 0.998055, -0.062025, 0.4, -0.521692, 0.049637, 0.851689, -0.0, 0.0, 0.0, 0.0, 1.0],
                [0.789758, 0.037721, 0.612258, -0.0, 0.000659, 0.998055, -0.06234, 0.4, -0.613418, 0.049637, 0.788197, -0.0, 0.0, 0.0, 0.0, 1.0],
                [0.770831, 0.037721, 0.635922, 0.0, 0.002549, 0.998055, -0.062291, 0.4, -0.637035, 0.049637, 0.769235, 0.0, 0.0, 0.0, 0.0, 1.0],
                [0.708281, -0.031973, -0.705207, -0.0, -0.052069, 0.993887, -0.097357, 0.4, 0.704008, 0.105675, 0.702286, 0.0, 0.0, 0.0, 0.0, 1.0],
                [0.541234, -0.04581, -0.839623, 0.0, -0.062161, 0.993603, -0.094281, 0.4, 0.838571, 0.10322, 0.534924, -0.0, 0.0, 0.0, 0.0, 1.0],
                [0.541234, -0.04581, -0.839623, 0.0, -0.062161, 0.993603, -0.094281, 0.4, 0.838571, 0.10322, 0.534924, -0.0, 0.0, 0.0, 0.0, 1.0]
            ]
        },
        {
            "name": "Shoulder_R",
            "time": [0.0, 0.0833, 0.3167, 0.5667, 0.9667, 1.1667],
            "transform": [
                [0.110305, 0.959352, 0.259762, -0.0, 0.091141, -0.270019, 0.958532, 0.4, 0.98971, -0.082056, -0.11722, -0.0, 0.0, 0.0, 0.0, 1.0],
                [0.110305, 0.961183, 0.252902, -0.0, 0.091141, -0.263165, 0.960436, 0.4, 0.98971, -0.082891, -0.116631, -0.0, 0.0, 0.0, 0.0, 1.0],
                [0.110305, 0.961672, 0.251038, 0.0, 0.091141, -0.261302, 0.960945, 0.4, 0.98971, -0.083117, -0.11647, 0.0, 0.0, 0.0, 0.0, 1.0],
                [0.375488, 0.892182, 0.251036, -0.0, 0.014229, -0.276372, 0.960945, 0.4, 0.926718, -0.357251, -0.116469, 0.0, 0.0, 0.0, 0.0, 1.0],
                [0.688233, 0.680673, 0.251038, 0.0, -0.092581, -0.260795, 0.960945, 0.4, 0.719558, -0.684595, -0.11647, -0.0, 0.0, 0.0, 0.0, 1.0],
                [0.688233, 0.680673, 0.251038, 0.0, -0.092581, -0.260795, 0.960945, 0.4, 0.719558, -0.684595, -0.11647, -0.0, 0.0, 0.0, 0.0, 1.0]
            ]
        },
        {
            "name": "Arm_R",
            "time": [0.0, 0.0833, 0.3167, 0.5667, 0.9667, 1.1667, 0.7667],
            "transform": [
                [0.016005, 0.280634, -0.959681, -0.0, 0.894149, 0.425534, 0.139349, 0.393861, 0.447483, -0.860328, -0.244118, 0.0, 0.0, 0.0, 0.0, 1.0],
                [0.162521, 0.745383, -0.646523, -0.0, 0.177502, 0.622459, 0.762259, 0.393861, 0.970608, -0.238643, -0.031144, 0.0, 0.0, 0.0, 0.0, 1.0],
                [0.200618, 0.59536, -0.778009, -0.0, -0.077054, 0.801284, 0.593301, 0.393861, 0.976635, -0.059078, 0.206627, -0.0, 0.0, 0.0, 0.0, 1.0],
                [0.116376, -0.812191, -0.571666, -0.0, -0.286861, 0.523561, -0.802243, 0.39386, 0.950877, 0.25735, -0.172056, -0.0, 0.0, 0.0, 0.0, 1.0],
                [0.197027, -0.865314, -0.460881, -0.0, -0.456593, 0.335014, -0.824189, 0.39386, 0.867584, 0.372823, -0.32909, 0.0, 0.0, 0.0, 0.0, 1.0],
                [0.209618, -0.868131, -0.449899, -0.0, -0.477689, 0.310551, -0.82181, 0.39386, 0.853155, 0.387178, -0.349599, -0.0, 0.0, 0.0, 0.0, 1.0],
                [0.209618, -0.868131, -0.449899, -0.0, -0.477689, 0.310551, -0.82181, 0.39386, 0.853155, 0.387178, -0.349599, -0.0, 0.0, 0.0, 0.0, 1.0]
            ]
        },
        {
            "name": "Hand_R",
            "time": [0.0, 0.0833, 0.3167, 0.5667, 0.9667, 1.1667],
            "transform": [
                [0.999998, -1.3e-05, 0.001823, 0.0, 0.000868, 0.882719, -0.4699, 0.3, -0.001603, 0.469901, 0.882718, -0.0, 0.0, 0.0, 0.0, 1.0],
                [0.999998, -6.6e-05, 0.001822, 0.0, 0.000868, 0.896028, -0.443996, 0.3, -0.001603, 0.443997, 0.896027, -0.0, 0.0, 0.0, 0.0, 1.0],
                [0.999998, -8e-05, 0.001821, 0.0, 0.000868, 0.899511, -0.436898, 0.3, -0.001603, 0.436899, 0.899509, 0.0, 0.0, 0.0, 0.0, 1.0],
                [0.999998, -8e-05, 0.001821, 0.0, 0.000868, 0.899511, -0.436898, 0.3, -0.001603, 0.436899, 0.899509, 0.0, 0.0, 0.0, 0.0, 1.0],
                [0.999998, -8e-05, 0.001821, 0.0, 0.000868, 0.899511, -0.436898, 0.3, -0.001603, 0.436898, 0.899509, 0.0, 0.0, 0.0, 0.0, 1.0],
                [0.999998, -8e-05, 0.001821, 0.0, 0.000868, 0.899511, -0.436898, 0.3, -0.001603, 0.436898, 0.899509, 0.0, 0.0, 0.0, 0.0, 1.0]
            ]
        },
        {
            "name": "Tool_R",
            "time": [0.0, 0.0833, 0.3167, 0.5667, 0.9667, 1.1667],
            "transform": [
                [0.976086, -0.063799, 0.207812, 0.015054, -0.000916, -0.957162, -0.28955, 0.243316, 0.217254, 0.282258, -0.933781, 0.024459, 0.0, 0.0, 0.0, 1.0],
                [0.976086, -0.063799, 0.207812, 0.019508, -0.000916, -0.957162, -0.28955, 0.310144, 0.217254, 0.282258, -0.933781, 0.004752, 0.0, 0.0, 0.0, 1.0],
                [0.997963, -0.063764, 0.001955, 0.020717, -0.060603, -0.957165, -0.28313, 0.328287, 0.019912, 0.282257, -0.958515, -0.000598, 0.0, 0.0, 0.0, 1.0],
                [0.997963, -0.063764, 0.001955, 0.020717, -0.060603, -0.957165, -0.28313, 0.328287, 0.019912, 0.282257, -0.958515, -0.000598, 0.0, 0.0, 0.0, 1.0],
                [0.997963, -0.063764, 0.001955, 0.020717, -0.060603, -0.957165, -0.28313, 0.328288, 0.019912, 0.282257, -0.958515, -0.000598, 0.0, 0.0, 0.0, 1.0],
                [0.997963, -0.063764, 0.001955, 0.020717, -0.060603, -0.957165, -0.28313, 0.328288, 0.019912, 0.282257, -0.958515, -0.000598, 0.0, 0.0, 0.0, 1.0]
            ]
        },
        {
            "name": "Elbow_R",
            "time": [0.0, 0.0833, 0.3167, 0.5667, 0.9667, 1.1667],
            "transform": [
                [-1.0, 0.0, -0.0, 0.0, 0.0, -0.0, -1.0, 0.341622, -0.0, -1.0, 0.0, -0.0, 0.0, 0.0, 0.0, 1.0],
                [-1.0, 0.0, -0.0, -0.0, 0.0, -0.0, -1.0, 0.341622, -0.0, -1.0, 0.0, -0.0, 0.0, 0.0, 0.0, 1.0],
                [-1.0, 0.0, -0.0, 0.0, 0.0, -0.0, -1.0, 0.341622, -0.0, -1.0, 0.0, 0.0, 0.0, 0.0, 0.0, 1.0],
                [-1.0, 0.0, -0.0, -0.0, 0.0, -0.0, -1.0, 0.341622, -0.0, -1.0, 0.0, 0.0, 0.0, 0.0, 0.0, 1.0],
                [-1.0, 0.0, -0.0, -0.0, 0.0, -0.0, -1.0, 0.341622, -0.0, -1.0, 0.0, 0.0, 0.0, 0.0, 0.0, 1.0],
                [-1.0, 0.0, -0.0, -0.0, 0.0, -0.0, -1.0, 0.341622, -0.0, -1.0, 0.0, 0.0, 0.0, 0.0, 0.0, 1.0]
            ]
        },
        {
            "name": "Shoulder_L",
            "time": [0.0, 0.0833, 0.3167, 0.5667, 0.9667, 1.1667],
            "transform": [
                [-0.226937, -0.947819, -0.223918, -0.0, -0.021067, -0.225085, 0.974111, 0.4, -0.973681, 0.225779, 0.031113, -0.0, 0.0, 0.0, 0.0, 1.0],
                [-0.226937, -0.947819, -0.223918, -0.0, -0.021067, -0.225085, 0.974111, 0.4, -0.973681, 0.225779, 0.031113, -0.0, 0.0, 0.0, 0.0, 1.0],
                [-0.226937, -0.947819, -0.223918, 0.0, -0.021067, -0.225085, 0.974111, 0.4, -0.973681, 0.225779, 0.031113, 0.0, 0.0, 0.0, 0.0, 1.0],
                [-0.226937, -0.947819, -0.223918, -0.0, -0.021067, -0.225085, 0.974111, 0.4, -0.973682, 0.225779, 0.031113, 0.0, 0.0, 0.0, 0.0, 1.0],
                [-0.226937, -0.947819, -0.223918, 0.0, -0.021067, -0.225085, 0.974111, 0.4, -0.973681, 0.225779, 0.031113, -0.0, 0.0, 0.0, 0.0, 1.0],
                [-0.226937, -0.947819, -0.223918, 0.0, -0.021067, -0.225085, 0.974111, 0.4, -0.973681, 0.225779, 0.031113, -0.0, 0.0, 0.0, 0.0, 1.0]
            ]
        },
        {
            "name": "Arm_L",
            "time": [0.0, 0.0833, 0.3167, 0.5667, 0.9667, 1.1667],
            "transform": [
                [-0.538552, 0.020444, 0.842344, 0.0, -0.836746, 0.104581, -0.537511, 0.39386, -0.099082, -0.994306, -0.039216, -0.0, 0.0, 0.0, 0.0, 1.0],
                [-0.403336, 0.357458, 0.842344, 0.0, -0.580466, 0.61167, -0.537512, 0.39386, -0.707375, -0.705749, -0.039216, 0.0, 0.0, 0.0, 0.0, 1.0],
                [-0.17378, 0.510154, 0.842344, 0.0, -0.202013, 0.818701, -0.537511, 0.39386, -0.963842, -0.263573, -0.039216, 0.0, 0.0, 0.0, 0.0, 1.0],
                [-0.331473, 0.424949, 0.842344, 0.0, -0.459332, 0.707174, -0.537512, 0.39386, -0.824099, -0.565086, -0.039216, 0.0, 0.0, 0.0, 0.0, 1.0],
                [-0.331473, 0.258088, 0.907478, 0.0, -0.459332, 0.796018, -0.394169, 0.39386, -0.824099, -0.54749, -0.145311, 0.0, 0.0, 0.0, 0.0, 1.0],
                [-0.331473, 0.258088, 0.907478, 0.0, -0.459332, 0.796018, -0.394169, 0.39386, -0.824099, -0.54749, -0.145311, 0.0, 0.0, 0.0, 0.0, 1.0]
            ]
        },
        {
            "name": "Hand_L",
            "time": [0.0, 0.0833, 0.3167, 0.5667, 0.9667, 1.1667],
            "transform": [
                [0.999993, -0.001541, -0.00347, 0.0, 0.000938, 0.985901, -0.167329, 0.3, 0.003679, 0.167324, 0.985895, -0.0, 0.0, 0.0, 0.0, 1.0],
                [0.999993, -0.002063, -0.003187, -0.0, 0.000938, 0.947682, -0.319214, 0.3, 0.003679, 0.319209, 0.947678, 0.0, 0.0, 0.0, 0.0, 1.0],
                [0.999993, -0.00154, -0.00347, 0.0, 0.000938, 0.985901, -0.167329, 0.3, 0.003679, 0.167324, 0.985895, -0.0, 0.0, 0.0, 0.0, 1.0],
                [0.999993, -0.001541, -0.00347, 0.0, 0.000938, 0.985901, -0.167329, 0.3, 0.003679, 0.167324, 0.985895, 0.0, 0.0, 0.0, 0.0, 1.0],
                [0.999993, -0.002379, -0.00296, 0.0, 0.000938, 0.910089, -0.414412, 0.3, 0.003679, 0.414406, 0.910085, -0.0, 0.0, 0.0, 0.0, 1.0],
                [0.999993, -0.002379, -0.00296, 0.0, 0.000938, 0.910089, -0.414412, 0.3, 0.003679, 0.414406, 0.910085, -0.0, 0.0, 0.0, 0.0, 1.0]
            ]
        },
        {
            "name": "Tool_L",
            "time": [0.0, 0.0833, 0.3167, 0.5667, 0.9667, 1.1667],
            "transform": [
                [0.997004, 0.01104, -0.076554, 0.0, -0.036659, -0.804079, -0.593391, 0.272858, -0.068067, 0.594062, -0.8008, -0.0, 0.0, 0.0, 0.0, 1.0],
                [0.997004, 0.01104, -0.076554, -0.0, -0.036659, -0.804079, -0.593391, 0.272858, -0.068067, 0.594062, -0.8008, -0.0, 0.0, 0.0, 0.0, 1.0],
                [0.997004, 0.01104, -0.076554, -0.0, -0.036659, -0.804079, -0.593391, 0.272858, -0.068067, 0.594062, -0.8008, -0.0, 0.0, 0.0, 0.0, 1.0],
                [0.997004, 0.01104, -0.076554, 0.0, -0.036659, -0.804079, -0.593391, 0.272858, -0.068067, 0.594062, -0.8008, -0.0, 0.0, 0.0, 0.0, 1.0],
                [0.997004, 0.01104, -0.076554, 0.0, -0.036659, -0.804079, -0.593391, 0.272858, -0.068067, 0.594062, -0.8008, -0.0, 0.0, 0.0, 0.0, 1.0],
                [0.997004, 0.01104, -0.076554, 0.0, -0.036659, -0.804079, -0.593391, 0.272858, -0.068067, 0.594062, -0.8008, -0.0, 0.0, 0.0, 0.0, 1.0]
            ]
        },
        {
            "name": "Elbow_L",
            "time": [0.0, 0.0833, 0.3167, 0.5667, 0.9667, 1.1667],
            "transform": [
                [-1.0, 0.0, -0.0, 2.7e-05, 0.0, -0.0, -1.0, 0.334301, -0.0, -1.0, -0.0, -0.002121, 0.0, 0.0, 0.0, 1.0],
                [-1.0, 0.0, -0.0, 2.7e-05, 0.0, -0.0, -1.0, 0.334301, -0.0, -1.0, -0.0, -0.002121, 0.0, 0.0, 0.0, 1.0],
                [-1.0, 0.0, -0.0, 2.7e-05, 0.0, -0.0, -1.0, 0.334301, -0.0, -1.0, -0.0, -0.002121, 0.0, 0.0, 0.0, 1.0],
                [-1.0, 0.0, -0.0, 2.7e-05, 0.0, -0.0, -1.0, 0.334301, -0.0, -1.0, -0.0, -0.002121, 0.0, 0.0, 0.0, 1.0],
                [-1.0, 0.0, 0.0, 2.7e-05, 0.0, -0.0, -1.0, 0.334302, -0.0, -1.0, -0.0, -0.002121, 0.0, 0.0, 0.0, 1.0],
                [-1.0, 0.0, 0.0, 2.7e-05, 0.0, -0.0, -1.0, 0.334302, -0.0, -1.0, -0.0, -0.002121, 0.0, 0.0, 0.0, 1.0]
            ]
        }
    ]
}