{
    "animation": [
        {
            "name": "Root",
            "time": [0.0, 0.1833, 0.3, 0.5667, 1.1167, 1.35, 1.5833],
            "transform": [
                [0.458955, 0.19837, -0.866031, -0.076995, -0.88846, 0.102343, -0.447398, 0.069189, -0.000118, 0.974769, 0.223214, 0.599515, 0.0, 0.0, 0.0, 1.0],
                [0.011303, 0.22786, -0.973628, -0.076995, -0.985731, -0.161, -0.049122, -0.169727, -0.167947, 0.960291, 0.222789, 0.557201, 0.0, 0.0, 0.0, 1.0],
                [-0.045265, 0.22298, -0.973772, -0.076995, -0.981209, -0.192942, 0.00143, -0.19913, -0.187563, 0.955538, 0.227524, 0.551994, 0.0, 0.0, 0.0, 1.0],
                [0.616357, 0.018945, 0.787239, -0.084564, 0.683099, 0.484492, -0.546482, 1.187002, -0.391765, 0.87459, 0.285679, 0.465222, 0.0, 0.0, 0.0, 1.0],
                [0.629607, 0.147838, 0.762718, -0.108146, 0.674014, 0.384319, -0.630876, 1.59516, -0.386395, 0.911286, 0.142325, 0.63219, 0.0, 0.0, 0.0, 1.0],
                [0.937577, 0.306523, 0.164298, -0.054075, 0.083104, 0.261273, -0.961681, 2.068552, -0.337703, 0.915303, 0.21949, 0.778266, 0.0, 0.0, 0.0, 1.0],
                [0.854339, 0.028643, -0.518927, -5e-06, -0.51914, 0.0, -0.854689, 2.362751, -0.024481, 0.99959, 0.01487, 0.753683, 0.0, 0.0, 0.0, 1.0]
            ]
        },
        {
            "name": "Thigh_R",
            "time": [0.0, 0.1833, 0.3, 0.5667, 1.1167, 1.5833],
            "transform": [
                [0.705086, 0.682492, -0.192501, 0.124994, 0.676443, -0.728793, -0.106218, -0.002831, -0.212787, -0.055323, -0.975531, -1.2e-05, 0.0, 0.0, 0.0, 1.0],
                [0.705086, 0.430805, -0.563258, 0.124994, 0.676443, -0.646961, 0.351944, -0.002831, -0.212787, -0.629161, -0.74758, -1.2e-05, 0.0, 0.0, 0.0, 1.0],
                [0.705086, 0.38573, -0.595034, 0.124994, 0.676443, -0.617654, 0.401157, -0.002831, -0.212787, -0.685355, -0.696425, -1.2e-05, 0.0, 0.0, 0.0, 1.0],
                [0.48918, 0.660988, -0.569031, 0.124994, 0.490709, 0.330786, 0.806093, -0.002831, 0.721046, -0.673552, -0.162539, -1.2e-05, 0.0, 0.0, 0.0, 1.0],
                [0.732113, 0.677862, -0.067157, 0.124994, 0.318166, -0.253113, 0.913621, -0.002831, 0.602312, -0.69024, -0.400982, -1.2e-05, 0.0, 0.0, 0.0, 1.0],
                [0.992811, 0.11785, -0.020883, 0.124994, 0.118536, -0.992318, 0.035348, -0.002831, -0.016557, -0.037569, -0.999157, -1.2e-05, 0.0, 0.0, 0.0, 1.0]
            ]
        },
        {
            "name": "Leg_R",
            "time": [0.0, 0.1833, 0.3, 0.5667, 1.1167, 1.5833],
            "transform": [
                [1.0, -0.0, 1e-06, -0.0, 0.0, 0.965647, 0.25986, 0.37472, -1e-06, -0.259861, 0.965645, 0.0, 0.0, 0.0, 0.0, 1.0],
                [1.0, -1e-06, 0.0, 0.0, 0.0, 0.403557, 0.914954, 0.37472, -1e-06, -0.914955, 0.403556, 0.0, 0.0, 0.0, 0.0, 1.0],
                [1.0, -1e-06, 0.0, -0.0, -0.0, 0.304219, 0.952601, 0.37472, -1e-06, -0.952603, 0.304219, 0.0, 0.0, 0.0, 0.0, 1.0],
                [1.0, -1e-06, 0.0, 0.0, -0.0, 0.304219, 0.952601, 0.37472, -1e-06, -0.952603, 0.304219, -0.0, 0.0, 0.0, 0.0, 1.0],
                [1.0, -0.0, 1e-06, -0.0, -0.0, 0.823225, 0.567716, 0.37472, -1e-06, -0.567717, 0.823223, -0.0, 0.0, 0.0, 0.0, 1.0],
                [1.0, -0.0, 1e-06, -0.0, 0.0, 0.997612, 0.069073, 0.37472, -1e-06, -0.069073, 0.997611, 0.0, 0.0, 0.0, 0.0, 1.0]
            ]
        },
        {
            "name": "Knee_R",
            "time": [0.0, 0.1833, 0.3, 0.5667, 1.1167, 1.5833],
            "transform": [
                [1.0, 0.0, -0.0, -0.0, -0.0, 1e-06, -1.0, 0.37472, -0.0, 1.0, 1e-06, 0.0, 0.0, 0.0, 0.0, 1.0],
                [1.0, 0.0, -0.0, 0.0, -0.0, 1e-06, -1.0, 0.37472, -0.0, 1.0, 1e-06, 0.0, 0.0, 0.0, 0.0, 1.0],
                [1.0, 0.0, -0.0, -0.0, -0.0, 1e-06, -1.0, 0.37472, -0.0, 1.0, 1e-06, 0.0, 0.0, 0.0, 0.0, 1.0],
                [1.0, 0.0, -0.0, 0.0, -0.0, 1e-06, -1.0, 0.37472, -0.0, 1.0, 1e-06, -0.0, 0.0, 0.0, 0.0, 1.0],
                [1.0, 0.0, -0.0, -0.0, -0.0, 1e-06, -1.0, 0.37472, -0.0, 1.0, 1e-06, -0.0, 0.0, 0.0, 0.0, 1.0],
                [1.0, 0.0, -0.0, -0.0, -0.0, 1e-06, -1.0, 0.37472, -0.0, 1.0, 1e-06, 0.0, 0.0, 0.0, 0.0, 1.0]
            ]
        },
        {
            "name": "Thigh_L",
            "time": [0.0, 0.1833, 0.3, 0.5667, 1.1167, 1.35, 1.5833],
            "transform": [
                [0.404935, -0.704983, -0.582259, -0.125006, 0.250243, -0.527043, 0.81216, -0.002831, -0.879435, -0.474578, -0.037001, -1.2e-05, 0.0, 0.0, 0.0, 1.0],
                [0.136009, -0.64088, -0.755496, -0.125006, 0.058717, -0.756028, 0.651901, -0.002831, -0.988965, -0.133024, -0.065197, -1.2e-05, 0.0, 0.0, 0.0, 1.0],
                [0.104806, -0.624038, -0.774333, -0.125006, 0.029851, -0.776297, 0.62966, -0.002831, -0.994044, -0.089106, -0.062733, -1.2e-05, 0.0, 0.0, 0.0, 1.0],
                [0.871844, -0.400114, -0.282482, -0.125006, -0.370641, -0.916002, 0.153509, -0.002831, -0.320175, -0.029136, -0.94691, -1.2e-05, 0.0, 0.0, 0.0, 1.0],
                [0.96368, -0.1831, -0.194407, -0.125006, -0.143163, -0.968717, 0.202708, -0.002831, -0.225441, -0.167514, -0.959747, -1.2e-05, 0.0, 0.0, 0.0, 1.0],
                [0.931156, -0.240564, -0.274, -0.125006, -0.049563, -0.828003, 0.558528, -0.002831, -0.361235, -0.506497, -0.782924, -1.2e-05, 0.0, 0.0, 0.0, 1.0],
                [0.869242, -0.120567, -0.479458, -0.125006, -0.021407, -0.978077, 0.207141, -0.002831, -0.493921, -0.169792, -0.852767, -1.2e-05, 0.0, 0.0, 0.0, 1.0]
            ]
        },
        {
            "name": "Leg_L",
            "time": [0.0, 0.1833, 0.3, 0.5667, 1.1167, 1.35, 1.5833],
            "transform": [
                [0.998576, 0.039567, 0.035776, 0.0, -0.051599, 0.546414, 0.835924, 0.37472, 0.013527, -0.83658, 0.547678, -0.0, 0.0, 0.0, 0.0, 1.0],
                [0.998576, 0.052383, 0.010072, 0.0, -0.051599, 0.900681, 0.431405, 0.37472, 0.013527, -0.431311, 0.902102, 0.0, 0.0, 0.0, 0.0, 1.0],
                [0.998576, 0.052935, 0.00658, -0.0, -0.051599, 0.927275, 0.370807, 0.37472, 0.013527, -0.370618, 0.928687, 0.0, 0.0, 0.0, 0.0, 1.0],
                [0.998576, 0.052935, 0.00658, 0.0, -0.051599, 0.927275, 0.370807, 0.37472, 0.013527, -0.370619, 0.928687, -0.0, 0.0, 0.0, 0.0, 1.0],
                [0.998576, 0.052936, 0.00658, -0.0, -0.051599, 0.927275, 0.370807, 0.37472, 0.013527, -0.370619, 0.928687, -0.0, 0.0, 0.0, 0.0, 1.0],
                [0.998576, 0.036088, 0.039283, 0.0, -0.051599, 0.466738, 0.88289, 0.37472, 0.013527, -0.883659, 0.467936, -0.0, 0.0, 0.0, 0.0, 1.0],
                [0.998576, 0.053235, -0.003397, -0.0, -0.051599, 0.980122, 0.191569, 0.37472, 0.013527, -0.191121, 0.981474, -0.0, 0.0, 0.0, 0.0, 1.0]
            ]
        },
        {
            "name": "Knee_L",
            "time": [0.0, 0.1833, 0.3, 0.5667, 1.1167, 1.5833],
            "transform": [
                [1.0, 0.0, -0.0, 0.0, -0.0, 1e-06, -1.0, 0.37472, -0.0, 1.0, 1e-06, -0.0, 0.0, 0.0, 0.0, 1.0],
                [1.0, 0.0, -0.0, 0.0, -0.0, 1e-06, -1.0, 0.37472, -0.0, 1.0, 1e-06, 0.0, 0.0, 0.0, 0.0, 1.0],
                [1.0, 0.0, -0.0, -0.0, -0.0, 1e-06, -1.0, 0.37472, -0.0, 1.0, 1e-06, 0.0, 0.0, 0.0, 0.0, 1.0],
                [1.0, 0.0, -0.0, 0.0, -0.0, 1e-06, -1.0, 0.37472, -0.0, 1.0, 1e-06, -0.0, 0.0, 0.0, 0.0, 1.0],
                [1.0, 0.0, -0.0, -0.0, -0.0, 1e-06, -1.0, 0.37472, -0.0, 1.0, 1e-06, -0.0, 0.0, 0.0, 0.0, 1.0],
                [1.0, 0.0, -0.0, -0.0, -0.0, 1e-06, -1.0, 0.37472, -0.0, 1.0, 1e-06, -0.0, 0.0, 0.0, 0.0, 1.0]
            ]
        },
        {
            "name": "Torso",
            "time": [0.0, 0.1833, 0.3, 0.5667, 1.1167, 1.5833],
            "transform": [
                [0.98388, -0.043673, 0.173414, 0.0, 0.043237, 0.999045, 0.006295, 0.05, -0.173523, 0.001304, 0.984829, -0.0, 0.0, 0.0, 0.0, 1.0],
                [0.98388, -0.043673, 0.173414, -0.0, 0.043237, 0.999045, 0.006295, 0.05, -0.173523, 0.001304, 0.984829, -0.0, 0.0, 0.0, 0.0, 1.0],
                [0.98388, -0.043673, 0.173414, -0.0, 0.043237, 0.999045, 0.006295, 0.05, -0.173523, 0.001304, 0.984829, -0.0, 0.0, 0.0, 0.0, 1.0],
                [0.92303, -0.043673, 0.382242, 0.0, 0.04085, 0.999045, 0.015504, 0.05, -0.382554, 0.001304, 0.923932, -0.0, 0.0, 0.0, 0.0, 1.0],
                [0.872302, -0.175891, 0.456237, -0.0, 0.225509, 0.972619, -0.056192, 0.05, -0.433861, 0.151902, 0.888083, -0.0, 0.0, 0.0, 0.0, 1.0],
                [0.999042, -0.043673, -0.002705, -0.0, 0.04367, 0.999045, -0.001423, 0.05, 0.002765, 0.001304, 0.999995, 0.0, 0.0, 0.0, 0.0, 1.0]
            ]
        },
        {
            "name": "Chest",
            "time": [0.0, 0.1833, 0.3, 0.5667, 1.1167, 1.5833],
            "transform": [
                [0.845622, -0.226585, 0.483304, -0.0, 0.159675, 0.971351, 0.176016, 0.3, -0.50934, -0.071671, 0.857576, -0.0, 0.0, 0.0, 0.0, 1.0],
                [0.970486, -0.226586, 0.082555, 0.0, 0.218921, 0.971351, 0.092473, 0.3, -0.101143, -0.071671, 0.992287, -0.0, 0.0, 0.0, 0.0, 1.0],
                [0.973498, -0.226586, 0.030984, -0.0, 0.223516, 0.971351, 0.080736, 0.3, -0.04839, -0.071671, 0.996254, -0.0, 0.0, 0.0, 0.0, 1.0],
                [0.899585, -0.249286, 0.358612, -0.0, 0.109147, 0.923368, 0.368074, 0.3, -0.422887, -0.291972, 0.857857, -0.0, 0.0, 0.0, 0.0, 1.0],
                [0.813432, -0.287186, 0.505819, 0.0, 0.055814, 0.904138, 0.423579, 0.3, -0.578976, -0.316321, 0.751484, 0.0, 0.0, 0.0, 0.0, 1.0],
                [0.999771, -0.021316, -0.002029, 0.0, 0.021411, 0.994316, 0.104295, 0.3, -0.000206, -0.104315, 0.994544, 0.0, 0.0, 0.0, 0.0, 1.0]
            ]
        },
        {
            "name": "Head",
            "time": [0.0, 0.1833, 0.3, 0.5667, 1.1167, 1.5833],
            "transform": [
                [0.968461, -0.04581, 0.24492, 0.0, 0.069508, 0.993603, -0.089004, 0.4, -0.239275, 0.10322, 0.96545, 0.0, 0.0, 0.0, 0.0, 1.0],
                [0.528537, -0.04581, 0.847674, -0.0, 0.111789, 0.993603, -0.016006, 0.4, -0.841518, 0.10322, 0.530277, 0.0, 0.0, 0.0, 0.0, 1.0],
                [0.448456, -0.04581, 0.89263, -0.0, 0.112787, 0.993603, -0.005672, 0.4, -0.886661, 0.10322, 0.450754, 0.0, 0.0, 0.0, 0.0, 1.0],
                [0.628923, -0.045914, -0.776111, 0.0, -0.051596, 0.993589, -0.100591, 0.4, 0.775754, 0.103308, 0.622522, -0.0, 0.0, 0.0, 0.0, 1.0],
                [0.374004, -0.04581, -0.926295, -0.0, -0.078754, 0.993603, -0.080937, 0.4, 0.924077, 0.10322, 0.368003, -0.0, 0.0, 0.0, 0.0, 1.0],
                [0.85311, 0.037721, 0.520365, -0.0, -0.006297, 0.998055, -0.062025, 0.4, -0.521692, 0.049637, 0.851689, -0.0, 0.0, 0.0, 0.0, 1.0]
            ]
        },
        {
            "name": "Shoulder_R",
            "time": [0.0, 0.1833, 0.3, 0.5667, 1.1167, 1.3333, 1.5833],
            "transform": [
                [-0.078139, 0.964818, 0.251038, 0.0, 0.140048, -0.238687, 0.960945, 0.4, 0.987056, 0.110245, -0.11647, 0.0, 0.0, 0.0, 0.0, 1.0],
                [-0.078139, 0.964818, 0.251038, -0.0, 0.140048, -0.238687, 0.960945, 0.4, 0.987056, 0.110245, -0.11647, 0.0, 0.0, 0.0, 0.0, 1.0],
                [-0.078139, 0.964818, 0.251038, -0.0, 0.140048, -0.238687, 0.960945, 0.4, 0.987057, 0.110245, -0.11647, 0.0, 0.0, 0.0, 0.0, 1.0],
                [0.505166, 0.825704, 0.251038, 0.0, -0.027421, -0.275378, 0.960945, 0.4, 0.862586, -0.492321, -0.11647, -0.0, 0.0, 0.0, 0.0, 1.0],
                [0.592507, 0.765451, 0.251038, -0.0, -0.057397, -0.270723, 0.960945, 0.4, 0.803518, -0.583775, -0.11647, -0.0, 0.0, 0.0, 0.0, 1.0],
                [-0.023153, 0.966712, 0.254815, 0.0, 0.127438, -0.24995, 0.959836, 0.4, 0.991576, 0.054697, -0.117409, 0.0, 0.0, 0.0, 0.0, 1.0],
                [0.110305, 0.959352, 0.259762, -0.0, 0.091141, -0.270019, 0.958532, 0.4, 0.98971, -0.082056, -0.11722, -0.0, 0.0, 0.0, 0.0, 1.0]
            ]
        },
        {
            "name": "Arm_R",
            "time": [0.0, 0.1833, 0.3, 0.5667, 1.1167, 1.3333, 1.5833],
            "transform": [
                [0.536976, -0.10286, -0.837303, 0.0, 0.07536, 0.994419, -0.073832, 0.393861, 0.840224, -0.023454, 0.541731, -0.0, 0.0, 0.0, 0.0, 1.0],
                [0.536977, 0.238299, -0.80924, -0.0, 0.07536, 0.941888, 0.327366, 0.39386, 0.840224, -0.236772, 0.487813, 0.0, 0.0, 0.0, 0.0, 1.0],
                [0.536977, 0.278402, -0.796335, -0.0, 0.07536, 0.92437, 0.37398, 0.393861, 0.840224, -0.26083, 0.475385, -0.0, 0.0, 0.0, 0.0, 1.0],
                [0.173493, -0.709211, -0.683315, -0.0, -0.59279, 0.478867, -0.647524, 0.39386, 0.786448, 0.517403, -0.337333, -0.0, 0.0, 0.0, 0.0, 1.0],
                [0.082066, -0.975596, -0.203659, -0.0, -0.41069, 0.153087, -0.898832, 0.393861, 0.908074, 0.157405, -0.388104, 0.0, 0.0, 0.0, 0.0, 1.0],
                [0.522478, 0.38674, -0.7599, 0.0, -0.367157, 0.906407, 0.20886, 0.393861, 0.769553, 0.169878, 0.615572, -0.0, 0.0, 0.0, 0.0, 1.0],
                [0.016005, 0.280634, -0.959681, 0.0, 0.894149, 0.425534, 0.139349, 0.39386, 0.447483, -0.860328, -0.244118, 0.0, 0.0, 0.0, 0.0, 1.0]
            ]
        },
        {
            "name": "Hand_R",
            "time": [0.0, 0.1833, 0.3, 0.5667, 1.1167, 1.3333, 1.5833],
            "transform": [
                [0.999998, 0.000321, 0.001795, -0.0, 0.000868, 0.781857, -0.623457, 0.3, -0.001603, 0.623458, 0.781855, 0.0, 0.0, 0.0, 0.0, 1.0],
                [0.999998, 0.000321, 0.001795, 0.0, 0.000868, 0.781857, -0.623457, 0.3, -0.001603, 0.623458, 0.781855, -0.0, 0.0, 0.0, 0.0, 1.0],
                [0.999998, 0.000321, 0.001795, 0.0, 0.000868, 0.781857, -0.623457, 0.3, -0.001603, 0.623458, 0.781855, -0.0, 0.0, 0.0, 0.0, 1.0],
                [0.999998, 0.000321, 0.001795, 0.0, 0.000868, 0.781857, -0.623457, 0.3, -0.001603, 0.623458, 0.781855, -0.0, 0.0, 0.0, 0.0, 1.0],
                [0.999998, 0.000321, 0.001795, -0.0, 0.000868, 0.781857, -0.623457, 0.3, -0.001603, 0.623458, 0.781855, -0.0, 0.0, 0.0, 0.0, 1.0],
                [0.999998, 0.000703, 0.001682, 0.0, 0.000868, 0.627647, -0.778498, 0.3, -0.001603, 0.778498, 0.627645, 0.0, 0.0, 0.0, 0.0, 1.0],
                [0.999998, -1.3e-05, 0.001823, -0.0, 0.000868, 0.882719, -0.4699, 0.3, -0.001603, 0.469901, 0.882718, 0.0, 0.0, 0.0, 0.0, 1.0]
            ]
        },
        {
            "name": "Tool_R",
            "time": [0.0, 0.1833, 0.3, 0.5667, 1.1167, 1.5833],
            "transform": [
                [0.997983, 0.063331, -0.004456, 0.012538, -0.060276, 0.967201, 0.24676, 0.198922, 0.019925, -0.245837, 0.968496, 0.017686, 0.0, 0.0, 0.0, 1.0],
                [-0.975143, 0.220524, 0.021566, -0.016162, -0.220741, -0.958416, -0.180867, 0.250589, -0.019208, -0.181034, 0.982687, 0.004978, 0.0, 0.0, 0.0, 1.0],
                [-0.999389, -0.01612, -0.031007, -0.019694, 0.02159, -0.982479, -0.185117, 0.256948, -0.027463, -0.185574, 0.981644, 0.003414, 0.0, 0.0, 0.0, 1.0],
                [-0.999389, -0.01612, -0.031007, -0.019694, 0.02159, -0.982479, -0.185117, 0.256948, -0.027463, -0.185574, 0.981644, 0.003413, 0.0, 0.0, 0.0, 1.0],
                [-0.999389, -0.01612, -0.031007, -0.019694, 0.02159, -0.982479, -0.185117, 0.256948, -0.027463, -0.185574, 0.981644, 0.003414, 0.0, 0.0, 0.0, 1.0],
                [0.976086, -0.063799, 0.207812, 0.015054, -0.000916, -0.957162, -0.28955, 0.243316, 0.217254, 0.282258, -0.933781, 0.024459, 0.0, 0.0, 0.0, 1.0]
            ]
        },
        {
            "name": "Elbow_R",
            "time": [0.0, 0.1833, 0.3, 0.5667, 1.1167, 1.5833],
            "transform": [
                [-1.0, 0.0, -0.0, -0.0, 0.0, -0.0, -1.0, 0.341622, -0.0, -1.0, 0.0, 0.0, 0.0, 0.0, 0.0, 1.0],
                [-1.0, 0.0, -0.0, 0.0, 0.0, -0.0, -1.0, 0.341622, -0.0, -1.0, 0.0, -0.0, 0.0, 0.0, 0.0, 1.0],
                [-1.0, 0.0, -0.0, -0.0, 0.0, 0.0, -1.0, 0.341622, -0.0, -1.0, 0.0, -0.0, 0.0, 0.0, 0.0, 1.0],
                [-1.0, 0.0, -0.0, 0.0, 0.0, -0.0, -1.0, 0.341622, -0.0, -1.0, 0.0, -0.0, 0.0, 0.0, 0.0, 1.0],
                [-1.0, 0.0, -0.0, -0.0, 0.0, -0.0, -1.0, 0.341622, -0.0, -1.0, 0.0, 0.0, 0.0, 0.0, 0.0, 1.0],
                [-1.0, 0.0, -0.0, -0.0, 0.0, -0.0, -1.0, 0.341622, -0.0, -1.0, 0.0, 0.0, 0.0, 0.0, 0.0, 1.0]
            ]
        },
        {
            "name": "Shoulder_L",
            "time": [0.0, 0.1833, 0.3, 0.5667, 1.1167, 1.5833],
            "transform": [
                [-0.226937, -0.947819, -0.223918, 0.0, -0.021067, -0.225085, 0.974111, 0.4, -0.973681, 0.225779, 0.031113, 0.0, 0.0, 0.0, 0.0, 1.0],
                [0.061163, -0.972687, -0.223918, -0.0, 0.045905, -0.221359, 0.974111, 0.4, -0.997071, -0.069859, 0.031113, 0.0, 0.0, 0.0, 0.0, 1.0],
                [0.096635, -0.969805, -0.223918, -0.0, 0.053957, -0.219535, 0.974111, 0.4, -0.993856, -0.106215, 0.031113, 0.0, 0.0, 0.0, 0.0, 1.0],
                [0.096635, -0.969805, -0.223918, 0.0, 0.053957, -0.219535, 0.974111, 0.4, -0.993856, -0.106215, 0.031113, -0.0, 0.0, 0.0, 0.0, 1.0],
                [0.096635, -0.969805, -0.223918, -0.0, 0.053957, -0.219535, 0.974111, 0.4, -0.993856, -0.106215, 0.031113, -0.0, 0.0, 0.0, 0.0, 1.0],
                [-0.226937, -0.947819, -0.223918, -0.0, -0.021067, -0.225085, 0.974111, 0.4, -0.973681, 0.225779, 0.031113, -0.0, 0.0, 0.0, 0.0, 1.0]
            ]
        },
        {
            "name": "Arm_L",
            "time": [0.0, 0.1833, 0.3, 0.5667, 1.1167, 1.25, 1.5833],
            "transform": [
                [-0.205776, 0.035575, 0.977952, -0.0, -0.20719, 0.9751, -0.079067, 0.39386, -0.956414, -0.218892, -0.193282, -0.0, 0.0, 0.0, 0.0, 1.0],
                [-0.165568, 0.127266, 0.977952, 0.0, 0.270487, 0.959471, -0.079067, 0.39386, -0.94838, 0.251433, -0.193282, -0.0, 0.0, 0.0, 0.0, 1.0],
                [-0.157774, 0.136809, 0.977952, -0.0, 0.326605, 0.941848, -0.079067, 0.39386, -0.9319, 0.306929, -0.193282, 0.0, 0.0, 0.0, 0.0, 1.0],
                [-0.157774, 0.136809, 0.977952, -0.0, 0.326605, 0.941848, -0.079067, 0.39386, -0.9319, 0.306929, -0.193282, 0.0, 0.0, 0.0, 0.0, 1.0],
                [-0.157774, 0.136809, 0.977952, -0.0, 0.326605, 0.941848, -0.079067, 0.39386, -0.9319, 0.306929, -0.193282, 0.0, 0.0, 0.0, 0.0, 1.0],
                [-0.268339, -0.095694, 0.95856, -0.0, -0.793889, 0.585591, -0.163781, 0.39386, -0.545651, -0.804938, -0.233107, 0.0, 0.0, 0.0, 0.0, 1.0],
                [-0.538552, 0.020444, 0.842344, 0.0, -0.836746, 0.104581, -0.537511, 0.39386, -0.099082, -0.994306, -0.039216, -0.0, 0.0, 0.0, 0.0, 1.0]
            ]
        },
        {
            "name": "Hand_L",
            "time": [0.0, 0.1833, 0.3, 0.5667, 1.1167, 1.25, 1.5833],
            "transform": [
                [0.999993, -0.003707, -0.00082, 0.0, 0.000938, 0.450544, -0.892754, 0.3, 0.003679, 0.892747, 0.450545, 0.0, 0.0, 0.0, 0.0, 1.0],
                [0.999993, -0.003707, -0.00082, -0.0, 0.000938, 0.450544, -0.892754, 0.3, 0.003679, 0.892746, 0.450545, -0.0, 0.0, 0.0, 0.0, 1.0],
                [0.999993, -0.003707, -0.00082, -0.0, 0.000938, 0.450544, -0.892754, 0.3, 0.003679, 0.892747, 0.450545, 0.0, 0.0, 0.0, 0.0, 1.0],
                [0.999993, -0.002223, -0.003078, -0.0, 0.000938, 0.930178, -0.367108, 0.3, 0.003679, 0.367103, 0.930173, 0.0, 0.0, 0.0, 0.0, 1.0],
                [0.999993, -0.001819, -0.003333, -0.0, 0.000938, 0.968936, -0.247312, 0.3, 0.003679, 0.247307, 0.968931, 0.0, 0.0, 0.0, 0.0, 1.0],
                [0.999993, -0.003797, -2.2e-05, 0.0, 0.000938, 0.252797, -0.967519, 0.3, 0.003679, 0.967512, 0.252799, -0.0, 0.0, 0.0, 0.0, 1.0],
                [0.999993, -0.001541, -0.00347, 0.0, 0.000938, 0.985901, -0.167329, 0.3, 0.003679, 0.167324, 0.985895, -0.0, 0.0, 0.0, 0.0, 1.0]
            ]
        },
        {
            "name": "Tool_L",
            "time": [0.0, 0.1833, 0.3, 0.5667, 1.1167, 1.5833],
            "transform": [
                [0.997004, 0.01104, -0.076554, 0.0, -0.036659, -0.804079, -0.593391, 0.272858, -0.068067, 0.594062, -0.8008, -0.0, 0.0, 0.0, 0.0, 1.0],
                [0.997004, 0.01104, -0.076554, 0.0, -0.036659, -0.804079, -0.593391, 0.272858, -0.068067, 0.594062, -0.8008, -0.0, 0.0, 0.0, 0.0, 1.0],
                [0.997004, 0.01104, -0.076554, 0.0, -0.036659, -0.804079, -0.593391, 0.272858, -0.068067, 0.594062, -0.8008, -0.0, 0.0, 0.0, 0.0, 1.0],
                [0.997004, 0.01104, -0.076554, 0.0, -0.036659, -0.804079, -0.593391, 0.272858, -0.068067, 0.594062, -0.8008, -0.0, 0.0, 0.0, 0.0, 1.0],
                [0.997004, 0.01104, -0.076554, 0.0, -0.036659, -0.804079, -0.593391, 0.272858, -0.068067, 0.594062, -0.8008, -0.0, 0.0, 0.0, 0.0, 1.0],
                [0.997004, 0.01104, -0.076554, 0.0, -0.036659, -0.804079, -0.593391, 0.272858, -0.068067, 0.594062, -0.8008, -0.0, 0.0, 0.0, 0.0, 1.0]
            ]
        },
        {
            "name": "Elbow_L",
            "time": [0.0, 0.1833, 0.3, 0.5667, 1.1167, 1.5833],
            "transform": [
                [-1.0, 0.0, -0.0, 2.7e-05, 0.0, -0.0, -1.0, 0.334302, -0.0, -1.0, -0.0, -0.00212, 0.0, 0.0, 0.0, 1.0],
                [-1.0, 0.0, -0.0, 2.7e-05, 0.0, -0.0, -1.0, 0.334301, -0.0, -1.0, -0.0, -0.002121, 0.0, 0.0, 0.0, 1.0],
                [-1.0, 0.0, -0.0, 2.7e-05, 0.0, -0.0, -1.0, 0.334301, -0.0, -1.0, -0.0, -0.002121, 0.0, 0.0, 0.0, 1.0],
                [-1.0, 0.0, -0.0, 2.7e-05, 0.0, -0.0, -1.0, 0.334301, -0.0, -1.0, -0.0, -0.00212, 0.0, 0.0, 0.0, 1.0],
                [-1.0, 0.0, -0.0, 2.7e-05, 0.0, -0.0, -1.0, 0.334301, -0.0, -1.0, -0.0, -0.002121, 0.0, 0.0, 0.0, 1.0],
                [-1.0, 0.0, -0.0, 2.7e-05, 0.0, -0.0, -1.0, 0.334301, -0.0, -1.0, -0.0, -0.002121, 0.0, 0.0, 0.0, 1.0]
            ]
        }
    ]
}