{
    "animation": [
        {
            "name": "Root",
            "time": [0.0, 0.1667, 0.3, 0.4333, 0.8167],
            "transform": [
                [0.512601, -0.143272, 0.846589, 0.007923, 0.855943, 0.163163, -0.490652, -0.028297, -0.067836, 0.976141, 0.20627, 0.533283, 0.0, 0.0, 0.0, 1.0],
                [0.314506, -0.143272, 0.938381, 0.014705, 0.942695, 0.163164, -0.29104, -0.158959, -0.111412, 0.976141, 0.186377, 0.696269, 0.0, 0.0, 0.0, 1.0],
                [0.795709, 0.244243, 0.554249, -0.012388, 0.488172, 0.283043, -0.825575, 0.113536, -0.358518, 0.927487, 0.105987, 0.806656, 0.0, 0.0, 0.0, 1.0],
                [0.581717, 0.159152, -0.797669, -0.089468, -0.808338, 0.222264, -0.54515, 0.656325, 0.090531, 0.961909, 0.257943, 0.509752, 0.0, 0.0, 0.0, 1.0],
                [0.458955, 0.19837, -0.866031, -0.076995, -0.88846, 0.102343, -0.447398, 0.704327, -0.000118, 0.974769, 0.223214, 0.599515, 0.0, 0.0, 0.0, 1.0]
            ]
        },
        {
            "name": "Thigh_R",
            "time": [0.0, 0.1667, 0.4333, 0.8167],
            "transform": [
                [0.544, 0.803379, 0.242164, 0.124994, -0.017431, -0.277722, 0.960503, -0.002831, 0.838904, -0.526734, -0.137078, -1.2e-05, 0.0, 0.0, 0.0, 1.0],
                [0.544, 0.533115, 0.647959, 0.124994, -0.017431, -0.764872, 0.643944, -0.002831, 0.838904, -0.361599, -0.406799, -1.2e-05, 0.0, 0.0, 0.0, 1.0],
                [0.8272, 0.554867, -0.088656, 0.124994, 0.536835, -0.733788, 0.416367, -0.002831, 0.165974, -0.392011, -0.904864, -1.2e-05, 0.0, 0.0, 0.0, 1.0],
                [0.705086, 0.682492, -0.192501, 0.124994, 0.676443, -0.728793, -0.106218, -0.002831, -0.212787, -0.055323, -0.975531, -1.2e-05, 0.0, 0.0, 0.0, 1.0]
            ]
        },
        {
            "name": "Leg_R",
            "time": [0.0, 0.1667, 0.4333, 0.8167],
            "transform": [
                [1.0, -1e-06, 0.0, -0.0, 0.0, 0.726648, 0.687009, 0.37472, -1e-06, -0.68701, 0.726647, 0.0, 0.0, 0.0, 0.0, 1.0],
                [1.0, -0.0, 1e-06, 0.0, 0.0, 0.965647, 0.25986, 0.37472, -1e-06, -0.259861, 0.965645, 0.0, 0.0, 0.0, 0.0, 1.0],
                [1.0, -1e-06, 1e-06, 0.0, -0.0, 0.685598, 0.72798, 0.37472, -1e-06, -0.727981, 0.685597, 0.0, 0.0, 0.0, 0.0, 1.0],
                [1.0, -0.0, 1e-06, -0.0, 0.0, 0.965647, 0.25986, 0.37472, -1e-06, -0.259861, 0.965645, 0.0, 0.0, 0.0, 0.0, 1.0]
            ]
        },
        {
            "name": "Knee_R",
            "time": [0.0, 0.1667, 0.4333, 0.8167],
            "transform": [
                [1.0, 0.0, -0.0, -0.0, -0.0, 1e-06, -1.0, 0.37472, -0.0, 1.0, 1e-06, 0.0, 0.0, 0.0, 0.0, 1.0],
                [1.0, 0.0, -0.0, 0.0, -0.0, 1e-06, -1.0, 0.37472, -0.0, 1.0, 1e-06, 0.0, 0.0, 0.0, 0.0, 1.0],
                [1.0, 0.0, -0.0, 0.0, -0.0, 1e-06, -1.0, 0.37472, -0.0, 1.0, 1e-06, 0.0, 0.0, 0.0, 0.0, 1.0],
                [1.0, 0.0, -0.0, -0.0, -0.0, 1e-06, -1.0, 0.37472, -0.0, 1.0, 1e-06, 0.0, 0.0, 0.0, 0.0, 1.0]
            ]
        },
        {
            "name": "Thigh_L",
            "time": [0.0, 0.1667, 0.3, 0.4333, 0.8167],
            "transform": [
                [0.770543, -0.636177, -0.039246, -0.125006, -0.611277, -0.755021, 0.237239, -0.002831, -0.180558, -0.158812, -0.970658, -1.2e-05, 0.0, 0.0, 0.0, 1.0],
                [0.968447, -0.116284, 0.220424, -0.125006, -0.19232, -0.911222, 0.364263, -0.002831, 0.158497, -0.395161, -0.904834, -1.2e-05, 0.0, 0.0, 0.0, 1.0],
                [0.952988, -0.297687, 0.056529, -0.125006, -0.137858, -0.259834, 0.955762, -0.002831, -0.269829, -0.918623, -0.288658, -1.2e-05, 0.0, 0.0, 0.0, 1.0],
                [0.49098, -0.857014, -0.156413, -0.125006, 0.200048, -0.063833, 0.977704, -0.002831, -0.847891, -0.511324, 0.140103, -1.2e-05, 0.0, 0.0, 0.0, 1.0],
                [0.404935, -0.704983, -0.582259, -0.125006, 0.250243, -0.527043, 0.81216, -0.002831, -0.879435, -0.474578, -0.037001, -1.2e-05, 0.0, 0.0, 0.0, 1.0]
            ]
        },
        {
            "name": "Leg_L",
            "time": [0.0, 0.1667, 0.3, 0.4333, 0.8167],
            "transform": [
                [0.998576, 0.052235, 0.010815, -0.0, -0.051599, 0.894458, 0.444164, 0.37472, 0.013527, -0.444089, 0.895881, 0.0, 0.0, 0.0, 0.0, 1.0],
                [0.998576, 0.052235, 0.010815, 0.0, -0.051599, 0.894458, 0.444164, 0.37472, 0.013527, -0.444089, 0.895881, -0.0, 0.0, 0.0, 0.0, 1.0],
                [0.998576, 0.009343, 0.052519, -0.0, -0.0516, -0.080491, 0.995419, 0.37472, 0.013527, -0.996711, -0.079895, -0.0, 0.0, 0.0, 0.0, 1.0],
                [0.998576, 0.026415, 0.046344, 0.0, -0.051599, 0.258005, 0.964765, 0.37472, 0.013527, -0.965782, 0.259001, -0.0, 0.0, 0.0, 0.0, 1.0],
                [0.998576, 0.039567, 0.035776, 0.0, -0.051599, 0.546414, 0.835924, 0.37472, 0.013527, -0.83658, 0.547678, -0.0, 0.0, 0.0, 0.0, 1.0]
            ]
        },
        {
            "name": "Knee_L",
            "time": [0.0, 0.1667, 0.4333, 0.8167],
            "transform": [
                [1.0, 0.0, -0.0, -0.0, -0.0, 1e-06, -1.0, 0.37472, -0.0, 1.0, 1e-06, 0.0, 0.0, 0.0, 0.0, 1.0],
                [1.0, 0.0, -0.0, 0.0, -0.0, 1e-06, -1.0, 0.37472, -0.0, 1.0, 1e-06, -0.0, 0.0, 0.0, 0.0, 1.0],
                [1.0, 0.0, -0.0, 0.0, -0.0, 1e-06, -1.0, 0.37472, -0.0, 1.0, 1e-06, -0.0, 0.0, 0.0, 0.0, 1.0],
                [1.0, 0.0, -0.0, 0.0, -0.0, 1e-06, -1.0, 0.37472, -0.0, 1.0, 1e-06, -0.0, 0.0, 0.0, 0.0, 1.0]
            ]
        },
        {
            "name": "Torso",
            "time": [0.0, 0.1667, 0.4333, 0.8167],
            "transform": [
                [0.999042, -0.043673, -0.002706, 0.0, 0.04367, 0.999045, -0.001423, 0.05, 0.002765, 0.001304, 0.999995, 0.0, 0.0, 0.0, 0.0, 1.0],
                [0.999042, -0.043673, -0.002706, 0.0, 0.04367, 0.999045, -0.001423, 0.05, 0.002765, 0.001304, 0.999995, -0.0, 0.0, 0.0, 0.0, 1.0],
                [0.995411, 0.024898, -0.092392, 0.0, -0.03525, 0.993064, -0.112165, 0.05, 0.088959, 0.114907, 0.989385, -0.0, 0.0, 0.0, 0.0, 1.0],
                [0.98388, -0.043673, 0.173414, 0.0, 0.043237, 0.999045, 0.006295, 0.05, -0.173523, 0.001304, 0.984829, 0.0, 0.0, 0.0, 0.0, 1.0]
            ]
        },
        {
            "name": "Chest",
            "time": [0.0, 0.1667, 0.4333, 0.8167],
            "transform": [
                [0.896191, 0.045167, 0.441364, 0.0, -0.16866, 0.954803, 0.244756, 0.3, -0.410361, -0.293788, 0.863303, 0.0, 0.0, 0.0, 0.0, 1.0],
                [0.641158, 0.003055, 0.767403, 0.0, 0.068643, 0.995755, -0.061315, 0.3, -0.764332, 0.091989, 0.638227, 0.0, 0.0, 0.0, 0.0, 1.0],
                [0.850237, -0.211377, 0.482097, -0.0, 0.157171, 0.975999, 0.150739, 0.3, -0.502389, -0.052392, 0.863053, -0.0, 0.0, 0.0, 0.0, 1.0],
                [0.845622, -0.226585, 0.483304, -0.0, 0.159675, 0.971351, 0.176016, 0.3, -0.50934, -0.071671, 0.857576, -0.0, 0.0, 0.0, 0.0, 1.0]
            ]
        },
        {
            "name": "Head",
            "time": [0.0, 0.1667, 0.4333, 0.8167],
            "transform": [
                [0.541234, -0.04581, -0.839623, -0.0, -0.062161, 0.993603, -0.094281, 0.4, 0.838571, 0.10322, 0.534924, -0.0, 0.0, 0.0, 0.0, 1.0],
                [0.541234, -0.04581, -0.839623, 0.0, -0.062161, 0.993603, -0.094281, 0.4, 0.838571, 0.10322, 0.534924, -0.0, 0.0, 0.0, 0.0, 1.0],
                [0.853528, -0.04581, 0.519029, 0.0, 0.092619, 0.993603, -0.064612, 0.4, -0.512749, 0.10322, 0.852311, -0.0, 0.0, 0.0, 0.0, 1.0],
                [0.968461, -0.04581, 0.24492, 0.0, 0.069508, 0.993603, -0.089004, 0.4, -0.239275, 0.10322, 0.96545, 0.0, 0.0, 0.0, 0.0, 1.0]
            ]
        },
        {
            "name": "Shoulder_R",
            "time": [0.0, 0.1667, 0.4333, 0.8167],
            "transform": [
                [0.688233, 0.680673, 0.251038, -0.0, -0.092581, -0.260795, 0.960945, 0.4, 0.719558, -0.684595, -0.11647, -0.0, 0.0, 0.0, 0.0, 1.0],
                [0.688233, 0.680673, 0.251038, 0.0, -0.092581, -0.260795, 0.960945, 0.4, 0.719558, -0.684595, -0.11647, -0.0, 0.0, 0.0, 0.0, 1.0],
                [-0.011826, 0.967905, 0.251038, 0.0, 0.123359, -0.247725, 0.960945, 0.4, 0.992292, 0.042332, -0.11647, -0.0, 0.0, 0.0, 0.0, 1.0],
                [-0.078139, 0.964818, 0.251038, 0.0, 0.140048, -0.238687, 0.960945, 0.4, 0.987056, 0.110245, -0.11647, 0.0, 0.0, 0.0, 0.0, 1.0]
            ]
        },
        {
            "name": "Arm_R",
            "time": [0.0, 0.1667, 0.4333, 0.8167],
            "transform": [
                [0.209618, -0.868131, -0.449899, 0.0, -0.477689, 0.310551, -0.82181, 0.39386, 0.853155, 0.387178, -0.349599, -0.0, 0.0, 0.0, 0.0, 1.0],
                [0.209618, -0.971865, -0.107414, -0.0, -0.477689, -0.005935, -0.878509, 0.393861, 0.853155, 0.235462, -0.465493, -0.0, 0.0, 0.0, 0.0, 1.0],
                [0.328261, -0.032638, -0.944023, 0.0, 0.070527, 0.99746, -0.009961, 0.39386, 0.941951, -0.063309, 0.329729, 0.0, 0.0, 0.0, 0.0, 1.0],
                [0.536976, -0.10286, -0.837303, 0.0, 0.07536, 0.994419, -0.073832, 0.393861, 0.840224, -0.023454, 0.541731, 0.0, 0.0, 0.0, 0.0, 1.0]
            ]
        },
        {
            "name": "Hand_R",
            "time": [0.0, 0.1667, 0.4333, 0.8167],
            "transform": [
                [0.999998, -8e-05, 0.001821, 0.0, 0.000868, 0.899511, -0.436898, 0.3, -0.001603, 0.436898, 0.899509, -0.0, 0.0, 0.0, 0.0, 1.0],
                [0.999998, 0.000321, 0.001795, 0.0, 0.000868, 0.781857, -0.623457, 0.3, -0.001603, 0.623458, 0.781855, -0.0, 0.0, 0.0, 0.0, 1.0],
                [0.999998, 0.000321, 0.001795, -0.0, 0.000868, 0.781857, -0.623457, 0.3, -0.001603, 0.623458, 0.781855, -0.0, 0.0, 0.0, 0.0, 1.0],
                [0.999998, 0.000321, 0.001795, -0.0, 0.000868, 0.781857, -0.623457, 0.3, -0.001603, 0.623458, 0.781855, -0.0, 0.0, 0.0, 0.0, 1.0]
            ]
        },
        {
            "name": "Tool_R",
            "time": [0.0, 0.1667, 0.4333, 0.8167],
            "transform": [
                [0.997963, -0.063764, 0.001955, 0.020717, -0.060603, -0.957165, -0.28313, 0.328288, 0.019912, 0.282257, -0.958515, -0.000598, 0.0, 0.0, 0.0, 1.0],
                [0.997983, 0.063057, 0.007359, 0.012538, -0.060273, 0.904699, 0.421766, 0.198921, 0.019925, -0.4211, 0.906143, 0.017686, 0.0, 0.0, 0.0, 1.0],
                [0.997987, 0.05365, -0.033814, 0.012538, -0.060212, 0.968973, -0.239721, 0.198922, 0.019891, 0.241142, 0.969676, 0.017686, 0.0, 0.0, 0.0, 1.0],
                [0.997983, 0.063331, -0.004456, 0.012538, -0.060276, 0.967201, 0.24676, 0.198922, 0.019925, -0.245837, 0.968496, 0.017686, 0.0, 0.0, 0.0, 1.0]
            ]
        },
        {
            "name": "Elbow_R",
            "time": [0.0, 0.1667, 0.4333, 0.8167],
            "transform": [
                [-1.0, 0.0, -0.0, 0.0, 0.0, -0.0, -1.0, 0.341622, -0.0, -1.0, 0.0, -0.0, 0.0, 0.0, 0.0, 1.0],
                [-1.0, 0.0, -0.0, 0.0, 0.0, -0.0, -1.0, 0.341622, -0.0, -1.0, 0.0, -0.0, 0.0, 0.0, 0.0, 1.0],
                [-1.0, 0.0, -0.0, 0.0, 0.0, 0.0, -1.0, 0.341622, -0.0, -1.0, 0.0, -0.0, 0.0, 0.0, 0.0, 1.0],
                [-1.0, 0.0, -0.0, -0.0, 0.0, -0.0, -1.0, 0.341622, -0.0, -1.0, 0.0, -0.0, 0.0, 0.0, 0.0, 1.0]
            ]
        },
        {
            "name": "Shoulder_L",
            "time": [0.0, 0.1667, 0.4333, 0.8167],
            "transform": [
                [-0.226937, -0.947819, -0.223918, -0.0, -0.021067, -0.225085, 0.974111, 0.4, -0.973681, 0.225779, 0.031113, -0.0, 0.0, 0.0, 0.0, 1.0],
                [-0.226937, -0.947819, -0.223918, 0.0, -0.021067, -0.225085, 0.974111, 0.4, -0.973681, 0.225779, 0.031113, -0.0, 0.0, 0.0, 0.0, 1.0],
                [-0.383909, -0.92078, -0.069119, 0.0, -0.124654, -0.022488, 0.991945, 0.4, -0.914918, 0.389433, -0.106146, -0.0, 0.0, 0.0, 0.0, 1.0],
                [-0.226937, -0.947819, -0.223918, 0.0, -0.021067, -0.225085, 0.974111, 0.4, -0.973681, 0.225779, 0.031113, 0.0, 0.0, 0.0, 0.0, 1.0]
            ]
        },
        {
            "name": "Arm_L",
            "time": [0.0, 0.1667, 0.4333, 0.8167],
            "transform": [
                [-0.331473, 0.258088, 0.907478, -0.0, -0.459332, 0.796018, -0.394169, 0.39386, -0.824099, -0.54749, -0.145311, 0.0, 0.0, 0.0, 0.0, 1.0],
                [-0.331473, 0.258088, 0.907478, -0.0, -0.459332, 0.796018, -0.394169, 0.39386, -0.824099, -0.54749, -0.145311, -0.0, 0.0, 0.0, 0.0, 1.0],
                [-0.331473, -0.307573, 0.891921, 0.0, -0.459332, 0.878372, 0.132195, 0.39386, -0.824099, -0.365869, -0.432436, -0.0, 0.0, 0.0, 0.0, 1.0],
                [-0.205776, 0.035575, 0.977952, -0.0, -0.20719, 0.9751, -0.079067, 0.39386, -0.956414, -0.218892, -0.193282, -0.0, 0.0, 0.0, 0.0, 1.0]
            ]
        },
        {
            "name": "Hand_L",
            "time": [0.0, 0.1667, 0.4333, 0.8167],
            "transform": [
                [0.999993, -0.002379, -0.00296, 0.0, 0.000938, 0.910089, -0.414412, 0.3, 0.003679, 0.414406, 0.910085, -0.0, 0.0, 0.0, 0.0, 1.0],
                [0.999993, -0.002378, -0.00296, -0.0, 0.000938, 0.910089, -0.414412, 0.3, 0.003679, 0.414406, 0.910085, 0.0, 0.0, 0.0, 0.0, 1.0],
                [0.999993, -0.002379, -0.00296, 0.0, 0.000938, 0.910089, -0.414412, 0.3, 0.003679, 0.414406, 0.910085, 0.0, 0.0, 0.0, 0.0, 1.0],
                [0.999993, -0.003707, -0.00082, 0.0, 0.000938, 0.450544, -0.892754, 0.3, 0.003679, 0.892747, 0.450545, 0.0, 0.0, 0.0, 0.0, 1.0]
            ]
        },
        {
            "name": "Tool_L",
            "time": [0.0, 0.1667, 0.4333, 0.8167],
            "transform": [
                [0.997004, 0.01104, -0.076554, 0.0, -0.036659, -0.804079, -0.593391, 0.272858, -0.068067, 0.594062, -0.8008, -0.0, 0.0, 0.0, 0.0, 1.0],
                [0.997004, 0.01104, -0.076554, -0.0, -0.036659, -0.804079, -0.593391, 0.272858, -0.068067, 0.594062, -0.8008, -0.0, 0.0, 0.0, 0.0, 1.0],
                [0.997004, 0.01104, -0.076554, 0.0, -0.036659, -0.804079, -0.593391, 0.272858, -0.068067, 0.594062, -0.8008, -0.0, 0.0, 0.0, 0.0, 1.0],
                [0.997004, 0.01104, -0.076554, 0.0, -0.036659, -0.804079, -0.593391, 0.272858, -0.068067, 0.594062, -0.8008, -0.0, 0.0, 0.0, 0.0, 1.0]
            ]
        },
        {
            "name": "Elbow_L",
            "time": [0.0, 0.1667, 0.4333, 0.8167],
            "transform": [
                [-1.0, 0.0, 0.0, 2.7e-05, 0.0, -0.0, -1.0, 0.334302, -0.0, -1.0, -0.0, -0.002121, 0.0, 0.0, 0.0, 1.0],
                [-1.0, 0.0, -0.0, 2.7e-05, 0.0, -0.0, -1.0, 0.334301, -0.0, -1.0, -0.0, -0.002121, 0.0, 0.0, 0.0, 1.0],
                [-1.0, 0.0, -0.0, 2.7e-05, 0.0, -0.0, -1.0, 0.334302, -0.0, -1.0, -0.0, -0.002121, 0.0, 0.0, 0.0, 1.0],
                [-1.0, 0.0, -0.0, 2.7e-05, 0.0, -0.0, -1.0, 0.334301, -0.0, -1.0, -0.0, -0.002121, 0.0, 0.0, 0.0, 1.0]
            ]
        }
    ]
}