{
    "animation": [
        {
            "name": "Root",
            "time": [0.0, 0.0667, 0.1833, 0.3167, 0.4, 0.7667, 1.0333, 1.5167],
            "transform": [
                [0.89632, 0.0, -0.443408, -5e-06, -0.441304, 0.097303, -0.892067, 0.060558, 0.043145, 0.995255, 0.087215, 0.569897, 0.0, 0.0, 0.0, 1.0],
                [0.688348, 0.072671, -0.721731, -5e-06, -0.720397, 0.184919, -0.668456, 0.890922, 0.084885, 0.980063, 0.179641, 0.686736, 0.0, 0.0, 0.0, 1.0],
                [0.637089, 0.09017, -0.765498, -5e-06, -0.764704, 0.198498, -0.613047, 1.396078, 0.096671, 0.975945, 0.195415, 0.709658, 0.0, 0.0, 0.0, 1.0],
                [0.76164, 0.06718, -0.644509, 0.018607, -0.637876, 0.252861, -0.727445, 1.849185, 0.114101, 0.965167, 0.235442, 0.626806, 0.0, 0.0, 0.0, 1.0],
                [0.993955, -0.109285, -0.010527, 0.091726, 0.026837, 0.334814, -0.941902, 2.764191, 0.106461, 0.935926, 0.335722, 0.366663, 0.0, 0.0, 0.0, 1.0],
                [0.981541, -0.147709, 0.121488, 0.106447, 0.165022, 0.333016, -0.928369, 3.48596, 0.096671, 0.93128, 0.351244, 0.531937, 0.0, 0.0, 0.0, 1.0],
                [0.995207, 0.080712, -0.055213, 0.106447, -0.068297, 0.169573, -0.983148, 3.953373, -0.06999, 0.982207, 0.174273, 0.791936, 0.0, 0.0, 0.0, 1.0],
                [0.969729, 0.068051, -0.234511, 0.106447, -0.236359, 0.020394, -0.971452, 4.075831, -0.061325, 0.997473, 0.035861, 0.757563, 0.0, 0.0, 0.0, 1.0]
            ]
        },
        {
            "name": "Thigh_R",
            "time": [0.0, 0.0667, 0.1833, 0.3167, 0.4, 0.7667, 1.0333, 1.5167],
            "transform": [
                [0.892818, 0.265224, -0.364049, 0.124994, 0.001463, -0.80995, -0.586495, -0.002831, -0.450414, 0.5231, -0.723528, -1.2e-05, 0.0, 0.0, 0.0, 1.0],
                [0.909881, -0.304625, -0.281638, 0.124994, 0.10757, -0.482414, 0.869313, -0.002831, -0.400681, -0.821265, -0.406172, -1.2e-05, 0.0, 0.0, 0.0, 1.0],
                [0.918972, -0.35309, -0.175546, 0.124994, 0.110295, -0.197248, 0.97413, -0.002831, -0.378582, -0.914558, -0.142323, -1.2e-05, 0.0, 0.0, 0.0, 1.0],
                [0.948455, -0.287971, -0.132307, 0.124994, 0.13967, 0.005078, 0.990185, -0.002831, -0.284473, -0.957624, 0.045037, -1.2e-05, 0.0, 0.0, 0.0, 1.0],
                [0.985311, -0.094464, -0.142262, 0.124994, 0.163087, 0.273475, 0.947952, -0.002831, -0.050643, -0.957227, 0.284864, -1.2e-05, 0.0, 0.0, 0.0, 1.0],
                [0.985663, -0.088554, -0.143614, 0.124994, 0.145579, 0.016118, 0.989215, -0.002831, -0.085285, -0.995939, 0.028778, -1.2e-05, 0.0, 0.0, 0.0, 1.0],
                [0.990689, 0.073057, -0.114877, 0.124994, 0.110956, -0.922233, 0.370366, -0.002831, -0.078886, -0.379663, -0.921756, -1.2e-05, 0.0, 0.0, 0.0, 1.0],
                [0.992811, 0.11785, -0.020883, 0.124994, 0.118536, -0.992318, 0.035348, -0.002831, -0.016557, -0.037569, -0.999157, -1.2e-05, 0.0, 0.0, 0.0, 1.0]
            ]
        },
        {
            "name": "Leg_R",
            "time": [0.0, 0.0667, 0.1833, 0.3167, 0.4, 0.7667, 1.5167],
            "transform": [
                [1.0, 1e-06, 1e-06, -0.0, -1e-06, 0.974253, 0.225462, 0.37472, -0.0, -0.225463, 0.974251, -0.0, 0.0, 0.0, 0.0, 1.0],
                [1.0, -0.0, 1e-06, 0.0, -1e-06, 0.131728, 0.991285, 0.37472, -0.0, -0.991287, 0.131728, 0.0, 0.0, 0.0, 0.0, 1.0],
                [1.0, -1e-06, 1e-06, -0.0, -1e-06, -0.091644, 0.995791, 0.37472, -0.0, -0.995793, -0.091644, 0.0, 0.0, 0.0, 0.0, 1.0],
                [1.0, -0.0, 1e-06, 0.0, -1e-06, 0.039223, 0.99923, 0.37472, -0.0, -0.999231, 0.039223, -0.0, 0.0, 0.0, 0.0, 1.0],
                [1.0, 0.0, 1e-06, 0.0, -1e-06, 0.534553, 0.845135, 0.374721, -0.0, -0.845136, 0.534552, -0.0, 0.0, 0.0, 0.0, 1.0],
                [1.0, 0.0, 1e-06, 0.0, -1e-06, 0.618931, 0.785445, 0.37472, -0.0, -0.785446, 0.61893, -0.0, 0.0, 0.0, 0.0, 1.0],
                [1.0, -0.0, 1e-06, 0.0, 0.0, 0.997612, 0.069073, 0.37472, -1e-06, -0.069073, 0.997611, -0.0, 0.0, 0.0, 0.0, 1.0]
            ]
        },
        {
            "name": "Knee_R",
            "time": [0.0, 0.0667, 0.1833, 0.3167, 0.4, 0.7667, 1.5167],
            "transform": [
                [1.0, -0.0, -0.0, 0.0, -0.0, -0.266541, -0.963824, 0.399872, 0.0, 0.963824, -0.266541, 0.001742, 0.0, 0.0, 0.0, 1.0],
                [1.0, 0.0, -0.0, -0.000149, -0.0, -0.044159, -0.999025, 0.430402, 0.0, 0.999025, -0.044159, -0.000227, 0.0, 0.0, 0.0, 1.0],
                [1.0, 0.0, -0.0, -0.000179, -0.0, 1e-06, -1.0, 0.436391, -0.0, 1.0, 1e-06, -0.000613, 0.0, 0.0, 0.0, 1.0],
                [1.0, 0.0, -0.0, -0.000179, -0.0, 1e-06, -1.0, 0.436391, -0.0, 1.0, 1e-06, -0.000613, 0.0, 0.0, 0.0, 1.0],
                [1.0, 0.0, -0.0, -0.000179, -0.0, 1e-06, -1.0, 0.436392, -0.0, 1.0, 1e-06, -0.000613, 0.0, 0.0, 0.0, 1.0],
                [1.0, 0.0, -0.0, -0.000179, -0.0, 1e-06, -1.0, 0.436391, -0.0, 1.0, 1e-06, -0.000613, 0.0, 0.0, 0.0, 1.0],
                [1.0, 0.0, -0.0, 0.0, -0.0, 1e-06, -1.0, 0.37472, -0.0, 1.0, 1e-06, -0.0, 0.0, 0.0, 0.0, 1.0]
            ]
        },
        {
            "name": "Thigh_L",
            "time": [0.0, 0.0667, 0.1833, 0.3167, 0.4, 0.7667, 1.0333, 1.5167],
            "transform": [
                [0.895891, -0.41581, -0.15646, -0.125006, -0.006683, -0.364746, 0.931083, -0.002831, -0.444221, -0.833104, -0.329552, -1.2e-05, 0.0, 0.0, 0.0, 1.0],
                [0.874799, 0.112714, -0.471192, -0.125006, 0.093063, -0.993543, -0.06489, -0.002831, -0.475464, 0.012916, -0.87964, -1.2e-05, 0.0, 0.0, 0.0, 1.0],
                [0.864542, 0.234417, -0.444539, -0.125006, 0.102619, -0.948256, -0.300466, -0.002831, -0.491971, 0.214148, -0.843863, -1.2e-05, 0.0, 0.0, 0.0, 1.0],
                [0.901795, 0.212276, -0.376436, -0.125006, 0.025713, -0.895862, -0.443587, -0.002831, -0.431397, 0.390346, -0.813343, -1.2e-05, 0.0, 0.0, 0.0, 1.0],
                [0.985354, -0.009428, -0.170254, -0.125006, -0.113684, -0.780499, -0.614734, -0.002831, -0.127087, 0.625087, -0.77014, -1.2e-05, 0.0, 0.0, 0.0, 1.0],
                [0.991241, -0.071247, -0.111192, -0.125006, -0.116228, -0.870404, -0.478422, -0.002831, -0.062695, 0.487156, -0.871061, -1.2e-05, 0.0, 0.0, 0.0, 1.0],
                [0.940892, -0.215251, -0.261513, -0.125006, -0.089886, -0.903093, 0.419932, -0.002831, -0.326561, -0.371604, -0.869061, -1.2e-05, 0.0, 0.0, 0.0, 1.0],
                [0.869243, -0.120567, -0.479458, -0.125006, -0.021407, -0.978077, 0.207141, -0.002831, -0.493921, -0.169792, -0.852767, -1.2e-05, 0.0, 0.0, 0.0, 1.0]
            ]
        },
        {
            "name": "Leg_L",
            "time": [0.0, 0.0667, 0.1833, 0.3167, 0.4, 0.7667, 1.0333, 1.5167],
            "transform": [
                [1.0, 0.0, 1e-06, -0.0, -1e-06, 0.819152, 0.573577, 0.37472, -1e-06, -0.573576, 0.819152, -0.0, 0.0, 0.0, 0.0, 1.0],
                [1.0, 0.0, 1e-06, -0.0, -1e-06, 0.969318, 0.245807, 0.37472, -1e-06, -0.245807, 0.969319, -0.0, 0.0, 0.0, 0.0, 1.0],
                [1.0, 0.0, 1e-06, -0.0, -0.0, 0.984272, 0.17666, 0.37472, -1e-06, -0.176659, 0.984272, 0.0, 0.0, 0.0, 0.0, 1.0],
                [1.0, 0.0, 1e-06, -0.0, -0.0, 0.984272, 0.17666, 0.37472, -1e-06, -0.176659, 0.984272, 0.0, 0.0, 0.0, 0.0, 1.0],
                [1.0, 0.0, 1e-06, -0.0, -0.0, 0.984272, 0.17666, 0.37472, -1e-06, -0.176659, 0.984272, -0.0, 0.0, 0.0, 0.0, 1.0],
                [1.0, 0.0, 1e-06, 0.0, -0.0, 0.984272, 0.176659, 0.37472, -1e-06, -0.176659, 0.984272, 0.0, 0.0, 0.0, 0.0, 1.0],
                [0.999549, 0.025856, 0.015294, -0.0, -0.029083, 0.705436, 0.708177, 0.37472, 0.007522, -0.708302, 0.70587, -0.0, 0.0, 0.0, 0.0, 1.0],
                [0.998576, 0.053235, -0.003397, 0.0, -0.051599, 0.980122, 0.191569, 0.37472, 0.013527, -0.191121, 0.981474, 0.0, 0.0, 0.0, 0.0, 1.0]
            ]
        },
        {
            "name": "Knee_L",
            "time": [0.0, 0.0667, 0.1833, 0.3167, 0.4, 0.7667, 1.5167],
            "transform": [
                [1.0, 0.0, -0.0, -0.000258, -0.0, 1e-06, -1.0, 0.391327, -0.0, 1.0, 1e-06, 0.001626, 0.0, 0.0, 0.0, 1.0],
                [1.0, 0.0, -0.0, -4.2e-05, -0.0, 1e-06, -1.0, 0.377444, -0.0, 1.0, 1e-06, 0.000267, 0.0, 0.0, 0.0, 1.0],
                [1.0, 0.0, -0.0, -0.0, -0.0, 1e-06, -1.0, 0.37472, -0.0, 1.0, 1e-06, 0.0, 0.0, 0.0, 0.0, 1.0],
                [1.0, 0.0, -0.0, -0.0, -0.0, 1e-06, -1.0, 0.37472, -0.0, 1.0, 1e-06, 0.0, 0.0, 0.0, 0.0, 1.0],
                [1.0, 0.0, -0.0, -0.0, -0.0, 1e-06, -1.0, 0.37472, -0.0, 1.0, 1e-06, -0.0, 0.0, 0.0, 0.0, 1.0],
                [1.0, 0.0, -0.0, 0.0, -0.0, 1e-06, -1.0, 0.37472, -0.0, 1.0, 1e-06, 0.0, 0.0, 0.0, 0.0, 1.0],
                [1.0, 0.0, -0.0, 0.0, -0.0, 1e-06, -1.0, 0.37472, -0.0, 1.0, 1e-06, 0.0, 0.0, 0.0, 0.0, 1.0]
            ]
        },
        {
            "name": "Torso",
            "time": [0.0, 0.0667, 0.1833, 0.3167, 0.4, 0.7667, 1.5167],
            "transform": [
                [0.900587, -0.125229, 0.416246, -0.0, -0.048996, 0.922253, 0.38347, 0.05, -0.431906, -0.365743, 0.824433, -0.0, 0.0, 0.0, 0.0, 1.0],
                [0.835423, -0.108262, 0.538839, -0.0, 0.013995, 0.98428, 0.176061, 0.05, -0.549429, -0.139544, 0.823805, 0.0, 0.0, 0.0, 0.0, 1.0],
                [0.821392, -0.101156, 0.561323, 0.0, 0.02962, 0.990385, 0.135134, 0.05, -0.569595, -0.094371, 0.81649, 0.0, 0.0, 0.0, 0.0, 1.0],
                [0.823498, -0.07265, 0.562648, -0.0, 0.054692, 0.997314, 0.048726, 0.05, -0.564676, -0.009354, 0.82526, 0.0, 0.0, 0.0, 0.0, 1.0],
                [0.834918, -0.012023, 0.550243, 0.0, 0.099343, 0.986633, -0.12918, 0.05, -0.541335, 0.162517, 0.824951, -0.0, 0.0, 0.0, 0.0, 1.0],
                [0.837426, -0.00155, 0.546548, -0.0, 0.106429, 0.981316, -0.160288, 0.05, -0.536088, 0.192398, 0.821944, -0.0, 0.0, 0.0, 0.0, 1.0],
                [0.999042, -0.043673, -0.002706, -0.0, 0.04367, 0.999045, -0.001423, 0.05, 0.002765, 0.001304, 0.999995, -0.0, 0.0, 0.0, 0.0, 1.0]
            ]
        },
        {
            "name": "Chest",
            "time": [0.0, 0.0667, 0.1833, 0.3167, 0.4, 0.7667, 1.0333, 1.2333, 1.5167],
            "transform": [
                [0.997909, -0.060454, -0.022857, 0.0, 0.060356, 0.998165, -0.004925, 0.3, 0.023113, 0.003535, 0.999727, 0.0, 0.0, 0.0, 0.0, 1.0],
                [0.959078, 0.062824, -0.276085, -0.0, -0.013764, 0.984265, 0.176159, 0.3, 0.282808, -0.16515, 0.944852, -0.0, 0.0, 0.0, 0.0, 1.0],
                [0.769997, 0.268069, -0.579003, -0.0, -0.130421, 0.954426, 0.268442, 0.3, 0.624577, -0.131185, 0.769867, -0.0, 0.0, 0.0, 0.0, 1.0],
                [0.901138, 0.217033, -0.375295, -0.0, -0.126444, 0.959607, 0.25133, 0.3, 0.414683, -0.17903, 0.892181, -0.0, 0.0, 0.0, 0.0, 1.0],
                [0.855606, -0.022847, 0.517123, 0.0, -0.094404, 0.975383, 0.19929, 0.3, -0.508946, -0.219332, 0.832386, -0.0, 0.0, 0.0, 0.0, 1.0],
                [0.777836, -0.040435, 0.627165, 0.0, -0.102922, 0.976259, 0.190591, 0.3, -0.619982, -0.212798, 0.755208, 0.0, 0.0, 0.0, 0.0, 1.0],
                [0.753328, -0.034857, 0.65672, 0.0, -0.098743, 0.981279, 0.165352, 0.3, -0.650189, -0.189411, 0.735784, 0.0, 0.0, 0.0, 0.0, 1.0],
                [0.999531, -0.025179, 0.017432, -0.0, 0.021928, 0.985793, 0.166526, 0.3, -0.021377, -0.166066, 0.985883, 0.0, 0.0, 0.0, 0.0, 1.0],
                [0.999771, -0.021316, -0.002029, 0.0, 0.021411, 0.994316, 0.104295, 0.3, -0.000206, -0.104315, 0.994544, -0.0, 0.0, 0.0, 0.0, 1.0]
            ]
        },
        {
            "name": "Head",
            "time": [0.0, 0.0667, 0.1833, 0.3167, 0.4, 0.7667, 1.5167],
            "transform": [
                [0.998797, -0.039371, 0.029247, 0.0, 0.047739, 0.91714, -0.395697, 0.4, -0.011245, 0.396617, 0.917915, -0.0, 0.0, 0.0, 0.0, 1.0],
                [0.987747, 0.01683, 0.155152, 0.0, 0.03452, 0.945982, -0.322378, 0.4, -0.152197, 0.323784, 0.93381, -0.0, 0.0, 0.0, 0.0, 1.0],
                [0.77962, 0.026648, 0.625686, 0.0, 0.173317, 0.95089, -0.256457, 0.4, -0.601792, 0.308381, 0.736714, 0.0, 0.0, 0.0, 0.0, 1.0],
                [0.955834, 0.0269, 0.292673, -0.0, 0.064867, 0.951938, -0.299342, 0.4, -0.286659, 0.305107, 0.90815, -0.0, 0.0, 0.0, 0.0, 1.0],
                [0.378022, 0.026648, -0.925413, -0.0, -0.295168, 0.95089, -0.093191, 0.4, 0.877483, 0.308381, 0.367323, 0.0, 0.0, 0.0, 0.0, 1.0],
                [0.197063, 0.026648, -0.980029, -0.0, -0.307434, 0.95089, -0.035963, 0.4, 0.930941, 0.308381, 0.195578, -0.0, 0.0, 0.0, 0.0, 1.0],
                [0.972278, 0.037721, 0.230767, 0.0, -0.025185, 0.998055, -0.05703, 0.4, -0.23247, 0.049637, 0.971336, 0.0, 0.0, 0.0, 0.0, 1.0]
            ]
        },
        {
            "name": "Shoulder_R",
            "time": [0.0, 0.0667, 0.1833, 0.3167, 0.4, 0.7667, 1.2333, 1.5167],
            "transform": [
                [-0.641755, 0.659569, 0.391304, 0.0, 0.090471, -0.441562, 0.892658, 0.4, 0.761554, 0.60827, 0.223703, -0.0, 0.0, 0.0, 0.0, 1.0],
                [-0.444169, 0.805974, 0.391304, 0.0, -0.029697, -0.449755, 0.892658, 0.4, 0.89545, 0.384871, 0.223703, -0.0, 0.0, 0.0, 0.0, 1.0],
                [-0.401321, 0.828144, 0.391304, 0.0, -0.053226, -0.447581, 0.892658, 0.4, 0.914389, 0.337415, 0.223703, 0.0, 0.0, 0.0, 0.0, 1.0],
                [-0.277458, 0.888648, 0.365131, -0.0, -0.124371, -0.410078, 0.903531, 0.4, 0.952653, 0.20528, 0.224302, -0.0, 0.0, 0.0, 0.0, 1.0],
                [0.017865, 0.965948, 0.258119, -0.0, -0.25504, -0.245218, 0.93532, 0.4, 0.966765, -0.08254, 0.241975, 0.0, 0.0, 0.0, 0.0, 1.0],
                [0.073077, 0.968791, 0.236861, -0.0, -0.27246, -0.209069, 0.939178, 0.4, 0.959388, -0.133167, 0.248678, -0.0, 0.0, 0.0, 0.0, 1.0],
                [-0.478193, 0.840566, 0.254518, 0.0, 0.133571, -0.216823, 0.96703, 0.4, 0.868038, 0.496424, -0.008593, -0.0, 0.0, 0.0, 0.0, 1.0],
                [0.110305, 0.959352, 0.259762, 0.0, 0.091141, -0.270019, 0.958532, 0.4, 0.98971, -0.082056, -0.11722, 0.0, 0.0, 0.0, 0.0, 1.0]
            ]
        },
        {
            "name": "Arm_R",
            "time": [0.0, 0.0667, 0.1833, 0.3167, 0.4, 0.7667, 1.2333, 1.5167],
            "transform": [
                [0.231609, 0.679643, -0.696019, 0.0, 0.578398, 0.479067, 0.660265, 0.393861, 0.782184, -0.5555, -0.282148, 0.0, 0.0, 0.0, 0.0, 1.0],
                [0.42507, 0.606047, -0.672327, 0.0, 0.095673, 0.708528, 0.699167, 0.39386, 0.90009, -0.361518, 0.243192, -0.0, 0.0, 0.0, 0.0, 1.0],
                [0.46136, 0.676448, -0.574078, -0.0, -0.001595, 0.647689, 0.761903, 0.393861, 0.887211, -0.350596, 0.299896, -0.0, 0.0, 0.0, 0.0, 1.0],
                [0.458325, 0.595851, -0.659469, -0.0, -0.119975, 0.776676, 0.618369, 0.393861, 0.88065, -0.204294, 0.427458, 0.0, 0.0, 0.0, 0.0, 1.0],
                [0.578038, 0.134201, -0.804899, 0.0, -0.333695, 0.939013, -0.083082, 0.39386, 0.74466, 0.316615, 0.587567, 0.0, 0.0, 0.0, 0.0, 1.0],
                [0.60077, 0.067337, -0.79658, -0.0, -0.354412, 0.915604, -0.189895, 0.393861, 0.716566, 0.396402, 0.573933, -0.0, 0.0, 0.0, 0.0, 1.0],
                [0.122786, 0.590143, -0.797907, -0.0, 0.618975, 0.582915, 0.526383, 0.39386, 0.775753, -0.558517, -0.29371, -0.0, 0.0, 0.0, 0.0, 1.0],
                [0.016005, 0.280635, -0.959681, -0.0, 0.894149, 0.425534, 0.139349, 0.39386, 0.447483, -0.860328, -0.244118, 0.0, 0.0, 0.0, 0.0, 1.0]
            ]
        },
        {
            "name": "Hand_R",
            "time": [0.0, 0.0667, 0.1833, 0.3167, 0.4, 0.7667, 1.0333, 1.5167],
            "transform": [
                [0.999997, 9.5e-05, 0.002423, -0.0, 0.001518, 0.754969, -0.655759, 0.3, -0.001892, 0.655761, 0.754967, -0.0, 0.0, 0.0, 0.0, 1.0],
                [1.0, 0.00019, 0.000358, -0.0, 0.000366, -0.042623, -0.999091, 0.3, -0.000175, 0.999091, -0.042623, 0.0, 0.0, 0.0, 0.0, 1.0],
                [1.0, -0.0, -0.0, 0.0, -0.0, -0.211501, -0.977378, 0.3, 0.0, 0.977378, -0.211501, 0.0, 0.0, 0.0, 0.0, 1.0],
                [1.0, -0.0, -0.0, -0.0, -0.0, 0.053134, -0.998588, 0.3, 0.0, 0.998588, 0.053135, 0.0, 0.0, 0.0, 0.0, 1.0],
                [1.0, -0.0, -0.0, -0.0, -0.0, 0.931572, -0.363557, 0.3, 0.0, 0.363557, 0.931572, 0.0, 0.0, 0.0, 0.0, 1.0],
                [1.0, -0.0, -0.0, -0.0, 0.0, 0.986664, -0.162768, 0.3, 0.0, 0.162768, 0.986664, 0.0, 0.0, 0.0, 0.0, 1.0],
                [1.0, 0.000467, 0.000409, 0.0, 0.000235, 0.324799, -0.945783, 0.3, -0.000574, 0.945783, 0.324799, -0.0, 0.0, 0.0, 0.0, 1.0],
                [0.999998, -1.3e-05, 0.001823, 0.0, 0.000868, 0.882719, -0.4699, 0.3, -0.001603, 0.469901, 0.882718, 0.0, 0.0, 0.0, 0.0, 1.0]
            ]
        },
        {
            "name": "Tool_R",
            "time": [0.0, 0.0667, 0.1833, 0.3167, 0.4, 0.7667, 0.9, 1.0333, 1.1667, 1.4, 1.5167],
            "transform": [
                [1.0, 0.0, 0.0, 0.0, -0.0, -0.796077, -0.605195, 0.190183, 0.0, 0.604829, -0.795612, -0.108688, 0.0, 0.0, 0.0, 1.0],
                [1.0, 0.0, 0.0, 0.0, 0.0, -0.949552, -0.31361, 0.190961, 0.0, 0.313415, -0.948993, -0.035943, 0.0, 0.0, 0.0, 1.0],
                [1.0, 0.0, 0.0, 0.0, 0.0, -0.96783, -0.251605, 0.191114, 0.0, 0.251446, -0.96726, -0.021672, 0.0, 0.0, 0.0, 1.0],
                [1.0, 0.0, 0.0, 0.0, 0.0, -0.894386, -0.447296, 0.190073, 0.0, 0.447021, -0.893861, -0.00106, 0.0, 0.0, 0.0, 1.0],
                [1.0, -0.0, 0.0, 0.0, 0.0, -0.23779, -0.971317, 0.186743, 0.0, 0.970739, -0.23766, 0.038008, 0.0, 0.0, 0.0, 1.0],
                [1.0, -0.0, 0.0, 0.0, 0.0, -0.07532, -0.997159, 0.186092, 0.0, 0.996568, -0.075286, 0.044767, 0.0, 0.0, 0.0, 1.0],
                [0.993384, -0.012116, 0.114195, 0.006011, -0.020657, -0.997051, 0.073909, 0.208943, 0.112895, -0.075744, -0.990118, 0.036658, 0.0, 0.0, 0.0, 1.0],
                [0.799697, -0.581161, -0.150783, 0.074508, 0.558911, 0.812313, -0.166632, 0.272068, 0.219199, 0.048961, 0.973843, 0.047453, 0.0, 0.0, 0.0, 1.0],
                [0.79957, 0.516108, -0.307116, 0.074508, 0.559111, -0.452972, 0.694414, 0.272068, 0.219154, -0.726519, -0.650352, 0.047453, 0.0, 0.0, 0.0, 1.0],
                [0.988873, -0.145122, -0.032706, 0.074508, -0.148554, -0.974951, -0.165535, 0.272068, -0.00786, 0.168442, -0.98508, 0.047454, 0.0, 0.0, 0.0, 1.0],
                [0.988873, -0.145122, -0.032706, 0.074508, -0.148554, -0.974951, -0.165535, 0.272068, -0.00786, 0.168442, -0.98508, 0.047454, 0.0, 0.0, 0.0, 1.0]
            ]
        },
        {
            "name": "Elbow_R",
            "time": [0.0, 0.0667, 0.1833, 0.3167, 0.4, 0.7667, 1.5167],
            "transform": [
                [-1.0, 0.0, -0.0, 0.000989, 0.0, -0.0, -1.0, 0.362407, -0.0, -1.0, 0.0, -0.002027, 0.0, 0.0, 0.0, 1.0],
                [-1.0, 0.0, -0.0, 0.000162, 0.0, -0.0, -1.0, 0.310235, -0.0, -1.0, 0.0, -0.000332, 0.0, 0.0, 0.0, 1.0],
                [-1.0, 0.0, -0.0, 0.0, 0.0, -0.0, -1.0, 0.3, -0.0, -1.0, 0.0, 0.0, 0.0, 0.0, 0.0, 1.0],
                [-1.0, 0.0, -0.0, -0.0, 0.0, -0.0, -1.0, 0.3, -0.0, -1.0, 0.0, 0.0, 0.0, 0.0, 0.0, 1.0],
                [-1.0, 0.0, -0.0, -0.0, 0.0, -0.0, -1.0, 0.3, -0.0, -1.0, 0.0, 0.0, 0.0, 0.0, 0.0, 1.0],
                [-1.0, 0.0, -0.0, -0.0, 0.0, -0.0, -1.0, 0.3, -0.0, -1.0, 0.0, 0.0, 0.0, 0.0, 0.0, 1.0],
                [-1.0, 0.0, -0.0, 0.0, 0.0, -0.0, -1.0, 0.341622, -0.0, -1.0, 0.0, 0.0, 0.0, 0.0, 0.0, 1.0]
            ]
        },
        {
            "name": "Shoulder_L",
            "time": [0.0, 0.0667, 0.1833, 0.3167, 0.4, 0.7667, 1.5167],
            "transform": [
                [-0.116977, -0.956833, -0.266059, 0.0, -0.088945, -0.256728, 0.962382, 0.4, -0.989144, 0.136241, -0.055074, -0.0, 0.0, 0.0, 0.0, 1.0],
                [-0.018966, -0.954114, -0.298842, 0.0, -0.01499, -0.298591, 0.954264, 0.4, -0.999708, 0.022578, -0.008639, -0.0, 0.0, 0.0, 0.0, 1.0],
                [-0.0, -0.952114, -0.305743, 0.0, 0.0, -0.305743, 0.952114, 0.4, -1.0, 0.0, 0.0, 0.0, 0.0, 0.0, 0.0, 1.0],
                [-0.0, -0.952114, -0.305743, -0.0, 0.0, -0.305743, 0.952114, 0.4, -1.0, 0.0, 0.0, -0.0, 0.0, 0.0, 0.0, 1.0],
                [-0.0, -0.952114, -0.305743, -0.0, 0.0, -0.305743, 0.952114, 0.4, -1.0, -0.0, 0.0, 0.0, 0.0, 0.0, 0.0, 1.0],
                [-0.0, -0.952114, -0.305743, -0.0, 0.0, -0.305743, 0.952114, 0.4, -1.0, 0.0, 0.0, -0.0, 0.0, 0.0, 0.0, 1.0],
                [-0.226937, -0.947819, -0.223918, 0.0, -0.021067, -0.225085, 0.974111, 0.4, -0.973681, 0.225779, 0.031113, 0.0, 0.0, 0.0, 0.0, 1.0]
            ]
        },
        {
            "name": "Arm_L",
            "time": [0.0, 0.0667, 0.1833, 0.3167, 0.4, 0.7667, 1.5167],
            "transform": [
                [-0.02409, -0.621719, 0.78287, -0.0, -0.858044, 0.414712, 0.302942, 0.39386, -0.51301, -0.664439, -0.543452, -0.0, 0.0, 0.0, 0.0, 1.0],
                [-0.094292, -0.058826, 0.993805, -0.0, -0.069105, 0.996231, 0.052413, 0.39386, -0.993143, -0.063735, -0.098002, -0.0, 0.0, 0.0, 0.0, 1.0],
                [0.43768, 0.55824, 0.704844, -0.0, 0.08599, 0.754335, -0.650834, 0.39386, -0.89501, 0.345467, 0.282154, 0.0, 0.0, 0.0, 0.0, 1.0],
                [0.318723, 0.474103, 0.820757, -0.0, 0.072223, 0.851251, -0.519764, 0.39386, -0.945092, 0.224939, 0.237072, 0.0, 0.0, 0.0, 0.0, 1.0],
                [-0.049262, 0.049631, 0.997552, -0.0, -0.146048, 0.987671, -0.056351, 0.39386, -0.98805, -0.148467, -0.041406, -0.0, 0.0, 0.0, 0.0, 1.0],
                [-0.051045, 0.047225, 0.997579, 0.0, -0.189278, 0.98032, -0.056093, 0.39386, -0.980596, -0.191683, -0.041102, 0.0, 0.0, 0.0, 0.0, 1.0],
                [-0.538552, 0.020444, 0.842344, -0.0, -0.836746, 0.104581, -0.537511, 0.39386, -0.099082, -0.994306, -0.039216, 0.0, 0.0, 0.0, 0.0, 1.0]
            ]
        },
        {
            "name": "Hand_L",
            "time": [0.0, 0.0667, 0.1833, 0.3167, 0.4, 0.7667, 1.5167],
            "transform": [
                [0.999997, 0.001776, 0.001782, -0.0, -2e-06, 0.70891, -0.705299, 0.3, -0.002517, 0.705297, 0.708908, 0.0, 0.0, 0.0, 0.0, 1.0],
                [0.999999, 0.000946, 0.001052, -0.0, 0.000499, 0.460258, -0.887786, 0.3, -0.001324, 0.887785, 0.460257, -0.0, 0.0, 0.0, 0.0, 1.0],
                [0.999999, 0.000748, 0.000935, -0.0, 0.000555, 0.402349, -0.915487, 0.3, -0.001061, 0.915486, 0.402349, 0.0, 0.0, 0.0, 0.0, 1.0],
                [1.0, 0.000539, 0.001035, -0.0, 0.000603, 0.520128, -0.854088, 0.3, -0.000999, 0.854088, 0.520128, 0.0, 0.0, 0.0, 0.0, 1.0],
                [0.999999, -1e-05, 0.001195, 0.0, 0.000572, 0.88183, -0.471568, 0.3, -0.001049, 0.471568, 0.881829, -0.0, 0.0, 0.0, 0.0, 1.0],
                [0.999999, -0.000114, 0.001192, 0.0, 0.000555, 0.926362, -0.376635, 0.3, -0.001061, 0.376635, 0.926361, 0.0, 0.0, 0.0, 0.0, 1.0],
                [0.999993, -0.001541, -0.00347, -0.0, 0.000938, 0.985901, -0.167329, 0.3, 0.003679, 0.167324, 0.985895, 0.0, 0.0, 0.0, 0.0, 1.0]
            ]
        },
        {
            "name": "Tool_L",
            "time": [0.0, 0.0667, 0.1833, 0.3167, 0.4, 0.7667, 1.5167],
            "transform": [
                [1.0, 0.0, 0.0, 0.0, 0.0, -0.999836, 0.018122, 0.272858, 0.0, -0.018122, -0.999248, -0.0, 0.0, 0.0, 0.0, 1.0],
                [1.0, -0.0, 0.0, 0.0, -0.0, -0.999836, 0.018122, 0.272858, 0.0, -0.018122, -0.999248, 0.0, 0.0, 0.0, 0.0, 1.0],
                [1.0, 0.0, 0.0, -0.0, 0.0, -0.999836, 0.018122, 0.272858, 0.0, -0.018122, -0.999247, 0.0, 0.0, 0.0, 0.0, 1.0],
                [1.0, 0.0, 0.0, -0.0, 0.0, -0.999836, 0.018122, 0.272858, 0.0, -0.018122, -0.999247, 0.0, 0.0, 0.0, 0.0, 1.0],
                [1.0, 0.0, 0.0, 0.0, 0.0, -0.999836, 0.018122, 0.272858, 0.0, -0.018122, -0.999247, -0.0, 0.0, 0.0, 0.0, 1.0],
                [1.0, 0.0, 0.0, -0.0, 0.0, -0.999836, 0.018122, 0.272858, 0.0, -0.018122, -0.999247, 0.0, 0.0, 0.0, 0.0, 1.0],
                [0.997004, 0.01104, -0.076554, -0.0, -0.036659, -0.804079, -0.593391, 0.272858, -0.068067, 0.594062, -0.8008, -1e-06, 0.0, 0.0, 0.0, 1.0]
            ]
        },
        {
            "name": "Elbow_L",
            "time": [0.0, 0.0667, 0.1833, 0.3167, 0.4, 0.7667, 1.5167],
            "transform": [
                [-1.0, 0.0, -0.0, 1.4e-05, 0.0, -0.382164, -0.924094, 0.422465, -0.0, -0.924095, 0.382164, -3.3e-05, 0.0, 0.0, 0.0, 1.0],
                [-1.0, 0.0, -0.0, 2e-06, 0.0, 0.413831, -0.910354, 0.320085, -0.0, -0.910354, -0.413831, -6e-06, 0.0, 0.0, 0.0, 1.0],
                [-1.0, 0.0, 0.0, -0.0, 0.0, 0.55053, -0.834815, 0.3, -0.0, -0.834815, -0.55053, 0.0, 0.0, 0.0, 0.0, 1.0],
                [-1.0, 0.0, 0.0, -0.0, 0.0, 0.55053, -0.834815, 0.3, -0.0, -0.834815, -0.55053, 0.0, 0.0, 0.0, 0.0, 1.0],
                [-1.0, 0.0, 0.0, 0.0, 0.0, 0.55053, -0.834815, 0.3, -0.0, -0.834815, -0.55053, -0.0, 0.0, 0.0, 0.0, 1.0],
                [-1.0, 0.0, 0.0, 0.0, 0.0, 0.550531, -0.834815, 0.3, -0.0, -0.834815, -0.55053, 0.0, 0.0, 0.0, 0.0, 1.0],
                [-1.0, 0.0, -0.0, 2.7e-05, 0.0, -0.0, -1.0, 0.334302, -0.0, -1.0, -0.0, -0.00212, 0.0, 0.0, 0.0, 1.0]
            ]
        }
    ]
}