{
    "animation": [
        {
            "name": "Root",
            "time": [0.0, 0.4167, 0.7333, 1.4833, 1.95],
            "transform": [
                [0.854339, 0.028643, -0.518927, -5e-06, -0.51914, 0.0, -0.854689, 0.000946, -0.024481, 0.99959, 0.01487, 0.753683, 0.0, 0.0, 0.0, 1.0],
                [0.854339, 0.028643, -0.518927, -5e-06, -0.51914, 0.0, -0.854689, 0.000946, -0.024481, 0.99959, 0.01487, 0.725365, 0.0, 0.0, 0.0, 1.0],
                [0.854339, 0.028643, -0.518927, -5e-06, -0.51914, 0.0, -0.854689, 0.000946, -0.024481, 0.99959, 0.01487, 0.725365, 0.0, 0.0, 0.0, 1.0],
                [0.85703, 0.028538, -0.514476, -0.000454, -0.515256, 0.040814, -0.856064, 0.006126, -0.003433, 0.998759, 0.049684, 0.737988, 0.0, 0.0, 0.0, 1.0],
                [0.854339, 0.028643, -0.518927, -5e-06, -0.51914, 0.0, -0.854689, 0.000946, -0.024481, 0.99959, 0.01487, 0.753683, 0.0, 0.0, 0.0, 1.0]
            ]
        },
        {
            "name": "Thigh_R",
            "time": [0.0, 0.4167, 0.7333, 1.4833, 1.95],
            "transform": [
                [0.992811, 0.11785, -0.020883, 0.124994, 0.118536, -0.992318, 0.035348, -0.002831, -0.016557, -0.037569, -0.999157, -1.2e-05, 0.0, 0.0, 0.0, 1.0],
                [0.902176, 0.307693, 0.302329, 0.124994, 0.198992, -0.91869, 0.341185, -0.002831, 0.382728, -0.247646, -0.890051, -1.2e-05, 0.0, 0.0, 0.0, 1.0],
                [0.902176, 0.307693, 0.302329, 0.124994, 0.198992, -0.91869, 0.341185, -0.002831, 0.382728, -0.247646, -0.890051, -1.2e-05, 0.0, 0.0, 0.0, 1.0],
                [0.990098, 0.12377, -0.066226, 0.124994, 0.136585, -0.958295, 0.251021, -0.002831, -0.032395, -0.257579, -0.965714, -1.2e-05, 0.0, 0.0, 0.0, 1.0],
                [0.992811, 0.11785, -0.020883, 0.124994, 0.118536, -0.992318, 0.035348, -0.002831, -0.016557, -0.037569, -0.999157, -1.2e-05, 0.0, 0.0, 0.0, 1.0]
            ]
        },
        {
            "name": "Leg_R",
            "time": [0.0, 0.4167, 0.7333, 1.4833, 1.95],
            "transform": [
                [1.0, -0.0, 1e-06, 0.0, 0.0, 0.997612, 0.069073, 0.37472, -1e-06, -0.069073, 0.997611, 0.0, 0.0, 0.0, 0.0, 1.0],
                [1.0, -0.0, 1e-06, -0.0, 0.0, 0.903802, 0.427952, 0.37472, -1e-06, -0.427953, 0.9038, 0.0, 0.0, 0.0, 0.0, 1.0],
                [1.0, -0.0, 1e-06, -0.0, 0.0, 0.903802, 0.427952, 0.37472, -1e-06, -0.427953, 0.9038, 0.0, 0.0, 0.0, 0.0, 1.0],
                [1.0, -0.0, 1e-06, -0.0, 0.0, 0.959665, 0.281149, 0.37472, -1e-06, -0.28115, 0.959663, 0.0, 0.0, 0.0, 0.0, 1.0],
                [1.0, -0.0, 1e-06, 0.0, 0.0, 0.997612, 0.069073, 0.37472, -1e-06, -0.069073, 0.997611, 0.0, 0.0, 0.0, 0.0, 1.0]
            ]
        },
        {
            "name": "Knee_R",
            "time": [0.0, 0.4167, 0.7333, 1.4833, 1.95],
            "transform": [
                [1.0, 0.0, -0.0, 0.0, -0.0, 1e-06, -1.0, 0.37472, -0.0, 1.0, 1e-06, 0.0, 0.0, 0.0, 0.0, 1.0],
                [1.0, 0.0, -0.0, -0.0, -0.0, 1e-06, -1.0, 0.37472, -0.0, 1.0, 1e-06, 0.0, 0.0, 0.0, 0.0, 1.0],
                [1.0, 0.0, -0.0, -0.0, -0.0, 1e-06, -1.0, 0.37472, -0.0, 1.0, 1e-06, 0.0, 0.0, 0.0, 0.0, 1.0],
                [1.0, 0.0, -0.0, -0.0, -0.0, 1e-06, -1.0, 0.37472, -0.0, 1.0, 1e-06, 0.0, 0.0, 0.0, 0.0, 1.0],
                [1.0, 0.0, -0.0, 0.0, -0.0, 1e-06, -1.0, 0.37472, -0.0, 1.0, 1e-06, 0.0, 0.0, 0.0, 0.0, 1.0]
            ]
        },
        {
            "name": "Thigh_L",
            "time": [0.0, 0.4167, 0.7333, 1.4833, 1.95],
            "transform": [
                [0.869242, -0.120567, -0.479458, -0.125006, -0.021407, -0.978077, 0.207141, -0.002831, -0.493921, -0.169792, -0.852767, -1.2e-05, 0.0, 0.0, 0.0, 1.0],
                [0.869242, -0.18347, -0.459081, -0.125006, -0.021407, -0.941687, 0.335808, -0.002831, -0.493921, -0.282071, -0.822482, -1.2e-05, 0.0, 0.0, 0.0, 1.0],
                [0.869242, -0.18347, -0.459081, -0.125006, -0.021407, -0.941687, 0.335808, -0.002831, -0.493921, -0.282071, -0.822482, -1.2e-05, 0.0, 0.0, 0.0, 1.0],
                [0.869243, -0.177478, -0.46143, -0.125006, -0.021407, -0.945979, 0.323521, -0.002831, -0.493921, -0.27134, -0.826085, -1.2e-05, 0.0, 0.0, 0.0, 1.0],
                [0.869242, -0.120567, -0.479458, -0.125006, -0.021407, -0.978077, 0.207141, -0.002831, -0.493921, -0.169792, -0.852767, -1.2e-05, 0.0, 0.0, 0.0, 1.0]
            ]
        },
        {
            "name": "Leg_L",
            "time": [0.0, 0.4167, 0.7333, 1.4833, 1.95],
            "transform": [
                [0.998576, 0.053235, -0.003397, 0.0, -0.051599, 0.980122, 0.191569, 0.37472, 0.013527, -0.191121, 0.981474, -0.0, 0.0, 0.0, 0.0, 1.0],
                [0.998576, 0.051677, 0.013226, -0.0, -0.051599, 0.872902, 0.485159, 0.37472, 0.013527, -0.485151, 0.874326, 0.0, 0.0, 0.0, 0.0, 1.0],
                [0.998576, 0.051677, 0.013226, -0.0, -0.051599, 0.872902, 0.485159, 0.37472, 0.013527, -0.485151, 0.874326, 0.0, 0.0, 0.0, 0.0, 1.0],
                [0.998576, 0.053265, 0.00288, 0.0, -0.051599, 0.950834, 0.305371, 0.37472, 0.013527, -0.305085, 0.952229, 0.0, 0.0, 0.0, 0.0, 1.0],
                [0.998576, 0.053235, -0.003397, 0.0, -0.051599, 0.980122, 0.191569, 0.37472, 0.013527, -0.191121, 0.981474, -0.0, 0.0, 0.0, 0.0, 1.0]
            ]
        },
        {
            "name": "Knee_L",
            "time": [0.0, 0.4167, 0.7333, 1.4833, 1.95],
            "transform": [
                [1.0, 0.0, -0.0, 0.0, -0.0, 1e-06, -1.0, 0.37472, -0.0, 1.0, 1e-06, -0.0, 0.0, 0.0, 0.0, 1.0],
                [1.0, 0.0, -0.0, -0.0, -0.0, 1e-06, -1.0, 0.37472, -0.0, 1.0, 1e-06, 0.0, 0.0, 0.0, 0.0, 1.0],
                [1.0, 0.0, -0.0, -0.0, -0.0, 1e-06, -1.0, 0.37472, -0.0, 1.0, 1e-06, 0.0, 0.0, 0.0, 0.0, 1.0],
                [1.0, 0.0, -0.0, 0.0, -0.0, 1e-06, -1.0, 0.37472, -0.0, 1.0, 1e-06, 0.0, 0.0, 0.0, 0.0, 1.0],
                [1.0, 0.0, -0.0, 0.0, -0.0, 1e-06, -1.0, 0.37472, -0.0, 1.0, 1e-06, -0.0, 0.0, 0.0, 0.0, 1.0]
            ]
        },
        {
            "name": "Torso",
            "time": [0.0, 0.4167, 0.7333, 1.4833, 1.95],
            "transform": [
                [0.999042, -0.043673, -0.002705, 0.0, 0.04367, 0.999045, -0.001423, 0.05, 0.002765, 0.001304, 0.999995, -0.0, 0.0, 0.0, 0.0, 1.0],
                [0.999042, -0.043673, -0.002705, 0.0, 0.04367, 0.999045, -0.001423, 0.05, 0.002765, 0.001304, 0.999995, -0.0, 0.0, 0.0, 0.0, 1.0],
                [0.999042, -0.043673, -0.002705, 0.0, 0.04367, 0.999045, -0.001423, 0.05, 0.002765, 0.001304, 0.999995, -0.0, 0.0, 0.0, 0.0, 1.0],
                [0.999157, -0.036769, -0.01828, -0.0, 0.035297, 0.996541, -0.07524, 0.05, 0.020983, 0.074532, 0.996998, -0.0, 0.0, 0.0, 0.0, 1.0],
                [0.999042, -0.043673, -0.002705, 0.0, 0.04367, 0.999045, -0.001423, 0.05, 0.002765, 0.001304, 0.999995, -0.0, 0.0, 0.0, 0.0, 1.0]
            ]
        },
        {
            "name": "Chest",
            "time": [0.0, 0.4167, 0.7333, 1.15, 1.4833, 1.95],
            "transform": [
                [0.999771, -0.021316, -0.002029, 0.0, 0.021411, 0.994316, 0.104295, 0.3, -0.000206, -0.104315, 0.994544, 0.0, 0.0, 0.0, 0.0, 1.0],
                [0.999771, -0.021316, -0.002029, -0.0, 0.021411, 0.994316, 0.104295, 0.3, -0.000206, -0.104315, 0.994544, -0.0, 0.0, 0.0, 0.0, 1.0],
                [0.999771, -0.021316, -0.002029, -0.0, 0.021411, 0.994316, 0.104295, 0.3, -0.000206, -0.104315, 0.994544, -0.0, 0.0, 0.0, 0.0, 1.0],
                [0.994194, -0.107404, -0.006534, 0.0, 0.107268, 0.984477, 0.13892, 0.3, -0.008488, -0.138814, 0.990282, -0.0, 0.0, 0.0, 0.0, 1.0],
                [0.998664, -0.050854, -0.009111, -0.0, 0.051654, 0.986311, 0.156597, 0.3, 0.001023, -0.156858, 0.987621, -0.0, 0.0, 0.0, 0.0, 1.0],
                [0.999771, -0.021316, -0.002029, 0.0, 0.021411, 0.994316, 0.104295, 0.3, -0.000206, -0.104315, 0.994544, 0.0, 0.0, 0.0, 0.0, 1.0]
            ]
        },
        {
            "name": "Head",
            "time": [0.0, 0.4167, 0.7333, 1.15, 1.4833, 1.95],
            "transform": [
                [0.85311, 0.037721, 0.520365, -0.0, -0.006297, 0.998055, -0.062025, 0.4, -0.521692, 0.049637, 0.851689, -0.0, 0.0, 0.0, 0.0, 1.0],
                [0.85311, 0.037721, 0.520365, -0.0, -0.006297, 0.998055, -0.062025, 0.4, -0.521692, 0.049637, 0.851689, -0.0, 0.0, 0.0, 0.0, 1.0],
                [0.85311, 0.037721, 0.520365, -0.0, -0.006297, 0.998055, -0.062025, 0.4, -0.521692, 0.049637, 0.851689, -0.0, 0.0, 0.0, 0.0, 1.0],
                [0.854545, -0.050037, 0.516962, -0.0, 0.132997, 0.983243, -0.124677, 0.4, -0.502061, 0.175297, 0.84688, -0.0, 0.0, 0.0, 0.0, 1.0],
                [0.85311, 0.087041, 0.514418, -0.0, -0.006297, 0.987631, -0.156667, 0.4, -0.521692, 0.130415, 0.843107, -0.0, 0.0, 0.0, 0.0, 1.0],
                [0.85311, 0.037721, 0.520365, -0.0, -0.006297, 0.998055, -0.062025, 0.4, -0.521692, 0.049637, 0.851689, -0.0, 0.0, 0.0, 0.0, 1.0]
            ]
        },
        {
            "name": "Shoulder_R",
            "time": [0.0, 0.1667, 0.4167, 0.5833, 0.7333, 1.15, 1.4833, 1.95],
            "transform": [
                [0.110305, 0.959352, 0.259762, -0.0, 0.091141, -0.270019, 0.958532, 0.4, 0.98971, -0.082056, -0.11722, -0.0, 0.0, 0.0, 0.0, 1.0],
                [0.110305, 0.977372, 0.180488, 0.0, 0.091141, -0.190778, 0.977393, 0.4, 0.98971, -0.091361, -0.110122, -0.0, 0.0, 0.0, 0.0, 1.0],
                [0.110305, 0.959352, 0.259762, -0.0, 0.091141, -0.270019, 0.958532, 0.4, 0.98971, -0.082056, -0.11722, -0.0, 0.0, 0.0, 0.0, 1.0],
                [0.110305, 0.947548, 0.299976, -0.0, 0.091141, -0.310189, 0.946296, 0.4, 0.98971, -0.077041, -0.120575, -0.0, 0.0, 0.0, 0.0, 1.0],
                [0.110305, 0.959352, 0.259762, -0.0, 0.091141, -0.270019, 0.958532, 0.4, 0.98971, -0.082056, -0.11722, -0.0, 0.0, 0.0, 0.0, 1.0],
                [0.110305, 0.974756, 0.19412, -0.0, 0.091141, -0.204409, 0.974634, 0.4, 0.98971, -0.089814, -0.111387, -0.0, 0.0, 0.0, 0.0, 1.0],
                [0.110305, 0.959352, 0.259762, -0.0, 0.091141, -0.270019, 0.958532, 0.4, 0.98971, -0.082056, -0.11722, -0.0, 0.0, 0.0, 0.0, 1.0],
                [0.110305, 0.959352, 0.259762, -0.0, 0.091141, -0.270019, 0.958532, 0.4, 0.98971, -0.082056, -0.11722, -0.0, 0.0, 0.0, 0.0, 1.0]
            ]
        },
        {
            "name": "Arm_R",
            "time": [0.0, 0.1667, 0.4167, 0.5833, 0.7333, 0.9167, 1.15, 1.4833, 1.95],
            "transform": [
                [0.016005, 0.280634, -0.959681, -0.0, 0.894149, 0.425534, 0.139349, 0.393861, 0.447483, -0.860328, -0.244118, 0.0, 0.0, 0.0, 0.0, 1.0],
                [-0.442666, 0.292021, -0.847804, -0.0, 0.821021, 0.512132, -0.252281, 0.393861, 0.360516, -0.807741, -0.466458, -0.0, 0.0, 0.0, 0.0, 1.0],
                [-0.652395, 0.280634, -0.704007, -0.0, 0.742024, 0.425534, -0.517997, 0.393861, 0.154211, -0.860328, -0.485854, -0.0, 0.0, 0.0, 0.0, 1.0],
                [-0.652395, 0.251153, -0.715055, -0.0, 0.742024, 0.403653, -0.535223, 0.393861, 0.154211, -0.879765, -0.449703, 0.0, 0.0, 0.0, 0.0, 1.0],
                [-0.652395, 0.280634, -0.704007, -0.0, 0.742024, 0.425534, -0.517997, 0.393861, 0.154211, -0.860328, -0.485854, -0.0, 0.0, 0.0, 0.0, 1.0],
                [-0.851056, 0.35421, -0.387606, -0.0, 0.471811, 0.839832, -0.26847, 0.39386, 0.230429, -0.41136, -0.881865, 0.0, 0.0, 0.0, 0.0, 1.0],
                [-0.055735, 0.36286, -0.930175, 0.0, 0.673723, 0.701231, 0.233181, 0.39386, 0.73688, -0.613684, -0.28355, 0.0, 0.0, 0.0, 0.0, 1.0],
                [0.016005, 0.13998, -0.990025, 0.0, 0.894149, 0.441129, 0.076827, 0.393861, 0.447483, -0.886459, -0.118103, 0.0, 0.0, 0.0, 0.0, 1.0],
                [0.016005, 0.280634, -0.959681, -0.0, 0.894149, 0.425534, 0.139349, 0.393861, 0.447483, -0.860328, -0.244118, 0.0, 0.0, 0.0, 0.0, 1.0]
            ]
        },
        {
            "name": "Hand_R",
            "time": [0.0, 0.1667, 0.4167, 0.5833, 0.7333, 0.9167, 1.15, 1.3667, 1.4833, 1.95],
            "transform": [
                [0.999998, -1.3e-05, 0.001823, 0.0, 0.000868, 0.882719, -0.4699, 0.3, -0.001603, 0.469901, 0.882718, -0.0, 0.0, 0.0, 0.0, 1.0],
                [0.999998, 0.000298, 0.001799, 0.0, 0.000868, 0.789684, -0.613513, 0.3, -0.001603, 0.613513, 0.789683, 0.0, 0.0, 0.0, 0.0, 1.0],
                [0.999998, -1.3e-05, 0.001823, 0.0, 0.000868, 0.882719, -0.4699, 0.3, -0.001603, 0.469901, 0.882718, -0.0, 0.0, 0.0, 0.0, 1.0],
                [0.999998, -0.000173, 0.001815, 0.0, 0.000868, 0.920562, -0.390596, 0.3, -0.001603, 0.390597, 0.92056, 0.0, 0.0, 0.0, 0.0, 1.0],
                [0.999998, -1.3e-05, 0.001823, 0.0, 0.000868, 0.882719, -0.4699, 0.3, -0.001603, 0.469901, 0.882718, -0.0, 0.0, 0.0, 0.0, 1.0],
                [0.999998, 0.000444, 0.001768, -0.0, 0.000868, 0.737159, -0.675719, 0.3, -0.001603, 0.675719, 0.737157, -0.0, 0.0, 0.0, 0.0, 1.0],
                [0.999998, 0.00069, 0.001688, -0.0, 0.000868, 0.633852, -0.773454, 0.3, -0.001603, 0.773454, 0.633851, 0.0, 0.0, 0.0, 0.0, 1.0],
                [0.999998, -0.000825, 0.001626, -0.0, 0.000868, 0.999652, -0.026369, 0.3, -0.001603, 0.02637, 0.999651, 0.0, 0.0, 0.0, 0.0, 1.0],
                [0.999998, -0.000419, 0.001775, -0.0, 0.000868, 0.965217, -0.261449, 0.3, -0.001603, 0.26145, 0.965216, 0.0, 0.0, 0.0, 0.0, 1.0],
                [0.999998, -1.3e-05, 0.001823, 0.0, 0.000868, 0.882719, -0.4699, 0.3, -0.001603, 0.469901, 0.882718, -0.0, 0.0, 0.0, 0.0, 1.0]
            ]
        },
        {
            "name": "Tool_R",
            "time": [0.0, 0.4167, 0.7333, 0.9333, 1.0833, 1.2, 1.4833, 1.95],
            "transform": [
                [0.027139, -0.001774, 0.005778, 0.015054, -2.5e-05, -0.026613, -0.008051, 0.243316, 0.006041, 0.007848, -0.025963, 0.024459, 0.0, 0.0, 0.0, 1.0],
                [0.027139, -0.001774, 0.005778, 0.015054, -2.5e-05, -0.026613, -0.008051, 0.243316, 0.006041, 0.007848, -0.025963, 0.024459, 0.0, 0.0, 0.0, 1.0],
                [0.027139, -0.001774, 0.005778, 0.015054, -2.5e-05, -0.026613, -0.008051, 0.243316, 0.006041, 0.007848, -0.025963, 0.024459, 0.0, 0.0, 0.0, 1.0],
                [0.380285, -0.02662, 0.080309, 0.015054, -0.000326, -0.370256, -0.121184, 0.243316, 0.084556, 0.11815, -0.361229, 0.024459, 0.0, 0.0, 0.0, 1.0],
                [0.526457, -0.352277, -0.517984, 0.015054, 0.39043, 0.713646, -0.088529, 0.243316, 0.489583, -0.190074, 0.626858, 0.024459, 0.0, 0.0, 0.0, 1.0],
                [0.526447, 0.56855, -0.262997, 0.015054, 0.390821, -0.029615, 0.718293, 0.243316, 0.489281, -0.587391, -0.290424, 0.024459, 0.0, 0.0, 0.0, 1.0],
                [0.799488, 0.168732, 0.043727, 0.015054, 0.169416, -0.703933, -0.381235, 0.243316, -0.04097, 0.381305, -0.722287, 0.024459, 0.0, 0.0, 0.0, 1.0],
                [0.799488, 0.168732, 0.043727, 0.015054, 0.169416, -0.703933, -0.381235, 0.243316, -0.04097, 0.381305, -0.722287, 0.024459, 0.0, 0.0, 0.0, 1.0]
            ]
        },
        {
            "name": "Elbow_R",
            "time": [0.0, 0.4167, 0.7333, 1.4833, 1.95],
            "transform": [
                [-1.0, 0.0, -0.0, 0.0, 0.0, -0.0, -1.0, 0.341622, -0.0, -1.0, 0.0, -0.0, 0.0, 0.0, 0.0, 1.0],
                [-1.0, 0.0, -0.0, 0.0, 0.0, -0.0, -1.0, 0.341622, -0.0, -1.0, 0.0, -0.0, 0.0, 0.0, 0.0, 1.0],
                [-1.0, 0.0, -0.0, 0.0, 0.0, -0.0, -1.0, 0.341622, -0.0, -1.0, 0.0, -0.0, 0.0, 0.0, 0.0, 1.0],
                [-1.0, 0.0, -0.0, -0.0, 0.0, -0.0, -1.0, 0.341622, -0.0, -1.0, 0.0, 0.0, 0.0, 0.0, 0.0, 1.0],
                [-1.0, 0.0, -0.0, 0.0, 0.0, -0.0, -1.0, 0.341622, -0.0, -1.0, 0.0, -0.0, 0.0, 0.0, 0.0, 1.0]
            ]
        },
        {
            "name": "Shoulder_L",
            "time": [0.0, 0.4167, 0.7333, 1.4833, 1.95],
            "transform": [
                [-0.226937, -0.947819, -0.223918, -0.0, -0.021067, -0.225085, 0.974111, 0.4, -0.973681, 0.225779, 0.031113, -0.0, 0.0, 0.0, 0.0, 1.0],
                [-0.226937, -0.947819, -0.223918, -0.0, -0.021067, -0.225085, 0.974111, 0.4, -0.973681, 0.225779, 0.031113, -0.0, 0.0, 0.0, 0.0, 1.0],
                [-0.226937, -0.947819, -0.223918, -0.0, -0.021067, -0.225085, 0.974111, 0.4, -0.973681, 0.225779, 0.031113, -0.0, 0.0, 0.0, 0.0, 1.0],
                [-0.226937, -0.947819, -0.223918, -0.0, -0.021067, -0.225085, 0.974111, 0.4, -0.973682, 0.225779, 0.031113, -0.0, 0.0, 0.0, 0.0, 1.0],
                [-0.226937, -0.947819, -0.223918, -0.0, -0.021067, -0.225085, 0.974111, 0.4, -0.973681, 0.225779, 0.031113, -0.0, 0.0, 0.0, 0.0, 1.0]
            ]
        },
        {
            "name": "Arm_L",
            "time": [0.0, 0.4167, 0.7333, 1.15, 1.4833, 1.95],
            "transform": [
                [-0.538552, 0.020444, 0.842344, 0.0, -0.836746, 0.104581, -0.537511, 0.39386, -0.099082, -0.994306, -0.039216, -0.0, 0.0, 0.0, 0.0, 1.0],
                [-0.538552, 0.020444, 0.842344, 0.0, -0.836746, 0.104581, -0.537511, 0.39386, -0.099082, -0.994306, -0.039216, -0.0, 0.0, 0.0, 0.0, 1.0],
                [-0.538552, 0.020444, 0.842344, 0.0, -0.836746, 0.104581, -0.537511, 0.39386, -0.099082, -0.994306, -0.039216, -0.0, 0.0, 0.0, 0.0, 1.0],
                [-0.530704, 0.045763, 0.846321, 0.0, -0.822176, 0.214741, -0.527175, 0.39386, -0.205864, -0.975598, -0.076339, 0.0, 0.0, 0.0, 0.0, 1.0],
                [-0.529826, -0.00836, 0.848065, 0.0, -0.836984, 0.166569, -0.521261, 0.39386, -0.136904, -0.985994, -0.09525, 0.0, 0.0, 0.0, 0.0, 1.0],
                [-0.538552, 0.020444, 0.842344, 0.0, -0.836746, 0.104581, -0.537511, 0.39386, -0.099082, -0.994306, -0.039216, -0.0, 0.0, 0.0, 0.0, 1.0]
            ]
        },
        {
            "name": "Hand_L",
            "time": [0.0, 0.4167, 0.7333, 1.4833, 1.95],
            "transform": [
                [0.999993, -0.001541, -0.00347, 0.0, 0.000938, 0.985901, -0.167329, 0.3, 0.003679, 0.167324, 0.985895, -0.0, 0.0, 0.0, 0.0, 1.0],
                [0.999993, -0.001541, -0.00347, 0.0, 0.000938, 0.985901, -0.167329, 0.3, 0.003679, 0.167324, 0.985895, -0.0, 0.0, 0.0, 0.0, 1.0],
                [0.999993, -0.001541, -0.00347, 0.0, 0.000938, 0.985901, -0.167329, 0.3, 0.003679, 0.167324, 0.985895, -0.0, 0.0, 0.0, 0.0, 1.0],
                [0.999993, -0.001541, -0.00347, 0.0, 0.000938, 0.985901, -0.167329, 0.3, 0.003679, 0.167324, 0.985895, 0.0, 0.0, 0.0, 0.0, 1.0],
                [0.999993, -0.001541, -0.00347, 0.0, 0.000938, 0.985901, -0.167329, 0.3, 0.003679, 0.167324, 0.985895, -0.0, 0.0, 0.0, 0.0, 1.0]
            ]
        },
        {
            "name": "Tool_L",
            "time": [0.0, 0.4167, 0.7333, 1.4833, 1.95],
            "transform": [
                [0.997004, 0.01104, -0.076554, 0.0, -0.036659, -0.804079, -0.593391, 0.272858, -0.068067, 0.594062, -0.8008, -0.0, 0.0, 0.0, 0.0, 1.0],
                [0.997004, 0.01104, -0.076554, 0.0, -0.036659, -0.804079, -0.593391, 0.272858, -0.068067, 0.594062, -0.8008, -0.0, 0.0, 0.0, 0.0, 1.0],
                [0.997004, 0.01104, -0.076554, 0.0, -0.036659, -0.804079, -0.593391, 0.272858, -0.068067, 0.594062, -0.8008, -0.0, 0.0, 0.0, 0.0, 1.0],
                [0.997004, 0.01104, -0.076554, 0.0, -0.036659, -0.804079, -0.593391, 0.272858, -0.068067, 0.594062, -0.8008, -0.0, 0.0, 0.0, 0.0, 1.0],
                [0.997004, 0.01104, -0.076554, 0.0, -0.036659, -0.804079, -0.593391, 0.272858, -0.068067, 0.594062, -0.8008, -0.0, 0.0, 0.0, 0.0, 1.0]
            ]
        },
        {
            "name": "Elbow_L",
            "time": [0.0, 0.4167, 0.7333, 1.4833, 1.95],
            "transform": [
                [-1.0, 0.0, -0.0, 2.7e-05, 0.0, -0.0, -1.0, 0.334301, -0.0, -1.0, -0.0, -0.002121, 0.0, 0.0, 0.0, 1.0],
                [-1.0, 0.0, -0.0, 2.7e-05, 0.0, -0.0, -1.0, 0.334301, -0.0, -1.0, -0.0, -0.002121, 0.0, 0.0, 0.0, 1.0],
                [-1.0, 0.0, -0.0, 2.7e-05, 0.0, -0.0, -1.0, 0.334301, -0.0, -1.0, -0.0, -0.002121, 0.0, 0.0, 0.0, 1.0],
                [-1.0, 0.0, -0.0, 2.7e-05, 0.0, -0.0, -1.0, 0.334302, -0.0, -1.0, -0.0, -0.002121, 0.0, 0.0, 0.0, 1.0],
                [-1.0, 0.0, -0.0, 2.7e-05, 0.0, -0.0, -1.0, 0.334301, -0.0, -1.0, -0.0, -0.002121, 0.0, 0.0, 0.0, 1.0]
            ]
        }
    ]
}