{
    "animation": [
        {
            "name": "Root",
            "time": [0.0, 0.1, 0.25, 0.4167, 0.5667],
            "transform": [
                [0.937336, 0.071363, -0.341039, 0.034498, -0.344858, 0.050309, -0.937306, -0.089469, -0.049732, 0.996181, 0.071766, 0.637842, 0.0, 0.0, 0.0, 1.0],
                [0.592275, 0.117773, -0.797082, 0.034498, -0.633539, -0.543157, -0.551007, -1.719612, -0.497835, 0.83133, -0.247084, 0.637842, 0.0, 0.0, 0.0, 1.0],
                [0.508904, 0.087102, -0.856405, 0.034498, -0.634592, -0.634255, -0.441603, -2.112127, -0.581644, 0.768202, -0.2675, 0.637842, 0.0, 0.0, 0.0, 1.0],
                [0.725834, 0.087674, -0.68226, 0.015759, -0.686487, 0.029462, -0.726545, -2.228831, -0.043599, 0.995713, 0.081571, 0.700756, 0.0, 0.0, 0.0, 1.0],
                [0.854339, 0.028643, -0.518927, -5e-06, -0.51914, 0.0, -0.854689, -2.24247, -0.024481, 0.99959, 0.01487, 0.753683, 0.0, 0.0, 0.0, 1.0]
            ]
        },
        {
            "name": "Thigh_R",
            "time": [0.0, 0.1, 0.25, 0.5667],
            "transform": [
                [0.888173, 0.396521, 0.232206, 0.124994, 0.459306, -0.781125, -0.422941, -0.002831, 0.013677, 0.482297, -0.875901, -1.2e-05, 0.0, 0.0, 0.0, 1.0],
                [0.792365, -0.50282, -0.345437, 0.124994, 0.150917, -0.387079, 0.909612, -0.002831, -0.591084, -0.772876, -0.230825, -1.2e-05, 0.0, 0.0, 0.0, 1.0],
                [0.592104, -0.186348, -0.78402, 0.124994, 0.378908, -0.794265, 0.474941, -0.002831, -0.711226, -0.578284, -0.39968, -1.2e-05, 0.0, 0.0, 0.0, 1.0],
                [0.992811, 0.11785, -0.020883, 0.124994, 0.118536, -0.992318, 0.035348, -0.002831, -0.016557, -0.037569, -0.999157, -1.2e-05, 0.0, 0.0, 0.0, 1.0]
            ]
        },
        {
            "name": "Leg_R",
            "time": [0.0, 0.1, 0.25, 0.5667],
            "transform": [
                [1.0, -0.0, 1e-06, -0.0, 0.0, 0.997612, 0.069073, 0.37472, -1e-06, -0.069073, 0.997611, -0.0, 0.0, 0.0, 0.0, 1.0],
                [1.0, -1e-06, -0.0, -0.0, -0.0, -0.372134, 0.928178, 0.37472, -1e-06, -0.92818, -0.372133, 0.0, 0.0, 0.0, 0.0, 1.0],
                [1.0, -1e-06, -0.0, -0.0, -0.0, -0.220108, 0.975475, 0.37472, -1e-06, -0.975476, -0.220108, -0.0, 0.0, 0.0, 0.0, 1.0],
                [1.0, -0.0, 1e-06, -0.0, 0.0, 0.997612, 0.069073, 0.37472, -1e-06, -0.069073, 0.997611, 0.0, 0.0, 0.0, 0.0, 1.0]
            ]
        },
        {
            "name": "Knee_R",
            "time": [0.0, 0.1, 0.25, 0.5667],
            "transform": [
                [1.0, 0.0, -0.0, -0.0, -0.0, 1e-06, -1.0, 0.37472, -0.0, 1.0, 1e-06, -0.0, 0.0, 0.0, 0.0, 1.0],
                [1.0, 0.0, -0.0, -0.0, -0.0, 0.699919, -0.714223, 0.37472, -0.0, 0.714223, 0.699919, 0.0, 0.0, 0.0, 0.0, 1.0],
                [1.0, 0.0, -0.0, -0.0, -0.0, 1e-06, -1.0, 0.37472, -0.0, 1.0, 1e-06, -0.0, 0.0, 0.0, 0.0, 1.0],
                [1.0, 0.0, -0.0, -0.0, -0.0, 1e-06, -1.0, 0.37472, -0.0, 1.0, 1e-06, 0.0, 0.0, 0.0, 0.0, 1.0]
            ]
        },
        {
            "name": "Thigh_L",
            "time": [0.0, 0.1, 0.25, 0.4167, 0.5667],
            "transform": [
                [0.869242, -0.394626, -0.297803, -0.125006, -0.021407, -0.631849, 0.774795, -0.002831, -0.493921, -0.667111, -0.557678, -1.2e-05, 0.0, 0.0, 0.0, 1.0],
                [0.518772, -0.707001, -0.48065, -0.125006, -0.0203, -0.57225, 0.819828, -0.002831, -0.854671, -0.415547, -0.31122, -1.2e-05, 0.0, 0.0, 0.0, 1.0],
                [0.483616, -0.475886, -0.734607, -0.125006, -0.093882, -0.862644, 0.497023, -0.002831, -0.87023, -0.171402, -0.461866, -1.2e-05, 0.0, 0.0, 0.0, 1.0],
                [0.732801, -0.397619, -0.552179, -0.125006, -0.069042, -0.850761, 0.520998, -0.002831, -0.676931, -0.343664, -0.650891, -1.2e-05, 0.0, 0.0, 0.0, 1.0],
                [0.869242, -0.120567, -0.479458, -0.125006, -0.021407, -0.978077, 0.207141, -0.002831, -0.493921, -0.169792, -0.852767, -1.2e-05, 0.0, 0.0, 0.0, 1.0]
            ]
        },
        {
            "name": "Leg_L",
            "time": [0.0, 0.1, 0.25, 0.4167, 0.5667],
            "transform": [
                [0.998576, 0.04527, 0.028215, -0.0, -0.051599, 0.685614, 0.726135, 0.37472, 0.013527, -0.726556, 0.686974, 0.0, 0.0, 0.0, 0.0, 1.0],
                [0.998578, 0.051674, 0.013144, 0.0, -0.051576, 0.873608, 0.48389, 0.37472, 0.013521, -0.483879, 0.875031, -0.0, 0.0, 0.0, 0.0, 1.0],
                [0.998576, 0.052928, 0.006635, 0.0, -0.051599, 0.926888, 0.371775, 0.37472, 0.013527, -0.371587, 0.9283, -0.0, 0.0, 0.0, 0.0, 1.0],
                [0.998575, 0.051611, 0.013606, 0.0, -0.05163, 0.869419, 0.49137, 0.37472, 0.013531, -0.491372, 0.870845, 0.0, 0.0, 0.0, 0.0, 1.0],
                [0.998576, 0.053235, -0.003397, 0.0, -0.051599, 0.980122, 0.191569, 0.37472, 0.013527, -0.191121, 0.981474, -0.0, 0.0, 0.0, 0.0, 1.0]
            ]
        },
        {
            "name": "Knee_L",
            "time": [0.0, 0.1, 0.25, 0.5667],
            "transform": [
                [1.0, 0.0, -0.0, -0.0, -0.0, 1e-06, -1.0, 0.37472, -0.0, 1.0, 1e-06, 0.0, 0.0, 0.0, 0.0, 1.0],
                [1.0, 0.0, -0.0, 0.0, -0.0, 0.142736, -0.989761, 0.37472, -0.0, 0.989761, 0.142736, -0.0, 0.0, 0.0, 0.0, 1.0],
                [1.0, 0.0, -0.0, 0.0, -0.0, 0.169053, -0.985607, 0.37472, -0.0, 0.985607, 0.169053, -0.0, 0.0, 0.0, 0.0, 1.0],
                [1.0, 0.0, -0.0, 0.0, -0.0, 1e-06, -1.0, 0.37472, -0.0, 1.0, 1e-06, -0.0, 0.0, 0.0, 0.0, 1.0]
            ]
        },
        {
            "name": "Torso",
            "time": [0.0, 0.1, 0.25, 0.5667],
            "transform": [
                [0.999042, -0.043673, -0.002706, -0.0, 0.04367, 0.999045, -0.001423, 0.05, 0.002765, 0.001304, 0.999995, -0.0, 0.0, 0.0, 0.0, 1.0],
                [0.999042, -0.043673, -0.002706, -0.0, 0.04367, 0.999045, -0.001423, 0.05, 0.002765, 0.001304, 0.999995, -0.0, 0.0, 0.0, 0.0, 1.0],
                [0.999042, -0.043673, -0.002706, 0.0, 0.04367, 0.999045, -0.001423, 0.05, 0.002765, 0.001304, 0.999995, -0.0, 0.0, 0.0, 0.0, 1.0],
                [0.999042, -0.043673, -0.002705, -0.0, 0.04367, 0.999045, -0.001423, 0.05, 0.002765, 0.001304, 0.999995, -0.0, 0.0, 0.0, 0.0, 1.0]
            ]
        },
        {
            "name": "Chest",
            "time": [0.0, 0.1, 0.25, 0.5667],
            "transform": [
                [0.950613, -0.060058, 0.304514, 0.0, -0.012158, 0.973142, 0.229885, 0.3, -0.310141, -0.222234, 0.924351, 0.0, 0.0, 0.0, 0.0, 1.0],
                [0.912937, -0.382453, 0.142396, -0.0, 0.249389, 0.79902, 0.547149, 0.3, -0.323036, -0.464, 0.824834, -0.0, 0.0, 0.0, 0.0, 1.0],
                [0.941915, -0.247172, 0.227381, -0.0, 0.143232, 0.908009, 0.393706, 0.3, -0.303777, -0.33827, 0.89067, 0.0, 0.0, 0.0, 0.0, 1.0],
                [0.999771, -0.021316, -0.002029, 0.0, 0.021411, 0.994316, 0.104295, 0.3, -0.000206, -0.104315, 0.994544, 0.0, 0.0, 0.0, 0.0, 1.0]
            ]
        },
        {
            "name": "Head",
            "time": [0.0, 0.1, 0.25, 0.5667],
            "transform": [
                [0.995659, 0.054666, 0.075337, 0.0, -0.033308, 0.965023, -0.260041, 0.4, -0.086917, 0.256403, 0.962654, 0.0, 0.0, 0.0, 0.0, 1.0],
                [0.797768, -0.198468, 0.569365, 0.0, 0.132654, 0.978911, 0.155357, 0.4, -0.588191, -0.04841, 0.807272, -0.0, 0.0, 0.0, 0.0, 1.0],
                [0.730737, -0.259075, 0.631588, 0.0, 0.136332, 0.961934, 0.236848, 0.4, -0.668907, -0.086968, 0.738241, 0.0, 0.0, 0.0, 0.0, 1.0],
                [0.85311, 0.037721, 0.520365, 0.0, -0.006297, 0.998055, -0.062025, 0.4, -0.521692, 0.049637, 0.851689, -0.0, 0.0, 0.0, 0.0, 1.0]
            ]
        },
        {
            "name": "Shoulder_R",
            "time": [0.0, 0.1, 0.25, 0.5667],
            "transform": [
                [0.671006, 0.69446, 0.259762, 0.0, -0.091868, -0.269772, 0.958532, 0.4, 0.735738, -0.667045, -0.11722, 0.0, 0.0, 0.0, 0.0, 1.0],
                [0.671006, 0.694459, 0.259762, 0.0, -0.091868, -0.269772, 0.958532, 0.4, 0.735738, -0.667045, -0.11722, -0.0, 0.0, 0.0, 0.0, 1.0],
                [0.671007, 0.694459, 0.259762, 0.0, -0.091868, -0.269772, 0.958532, 0.4, 0.735738, -0.667045, -0.11722, 0.0, 0.0, 0.0, 0.0, 1.0],
                [0.110305, 0.959352, 0.259762, 0.0, 0.091141, -0.270019, 0.958532, 0.4, 0.98971, -0.082056, -0.11722, -0.0, 0.0, 0.0, 0.0, 1.0]
            ]
        },
        {
            "name": "Arm_R",
            "time": [0.0, 0.1, 0.25, 0.5667],
            "transform": [
                [-0.120425, -0.905425, 0.407066, -0.0, -0.201179, -0.379283, -0.903145, 0.39386, 0.972124, -0.190654, -0.136478, -0.0, 0.0, 0.0, 0.0, 1.0],
                [-0.101918, -0.120508, -0.987467, -0.0, -0.279302, 0.956175, -0.087862, 0.39386, 0.954779, 0.266847, -0.131109, -0.0, 0.0, 0.0, 0.0, 1.0],
                [-0.120425, 0.209138, -0.970443, 0.0, -0.201179, 0.952132, 0.230157, 0.393861, 0.972124, 0.222949, -0.072586, -0.0, 0.0, 0.0, 0.0, 1.0],
                [0.016005, 0.280634, -0.959681, 0.0, 0.894149, 0.425534, 0.139349, 0.393861, 0.447483, -0.860328, -0.244118, 0.0, 0.0, 0.0, 0.0, 1.0]
            ]
        },
        {
            "name": "Hand_R",
            "time": [0.0, 0.1, 0.25, 0.5667],
            "transform": [
                [0.999998, -0.000812, 0.001633, 0.0, 0.000868, 0.999396, -0.03475, 0.3, -0.001603, 0.034752, 0.999395, -0.0, 0.0, 0.0, 0.0, 1.0],
                [0.999998, 0.000339, 0.001791, -0.0, 0.000868, 0.775514, -0.63133, 0.3, -0.001603, 0.63133, 0.775513, 0.0, 0.0, 0.0, 0.0, 1.0],
                [0.999998, 0.000549, 0.001739, 0.0, 0.000868, 0.695292, -0.718727, 0.3, -0.001603, 0.718727, 0.695291, -0.0, 0.0, 0.0, 0.0, 1.0],
                [0.999998, -1.3e-05, 0.001823, 0.0, 0.000868, 0.882719, -0.4699, 0.3, -0.001603, 0.469901, 0.882718, -0.0, 0.0, 0.0, 0.0, 1.0]
            ]
        },
        {
            "name": "Tool_R",
            "time": [0.0, 0.1, 0.5667],
            "transform": [
                [-0.987837, -0.020815, -0.154096, -0.039806, -0.063648, -0.850052, 0.522838, 0.23978, -0.141789, 0.525966, 0.837898, 0.016585, 0.0, 0.0, 0.0, 1.0],
                [-0.989038, 0.045643, -0.140428, -0.039806, -0.042218, -0.998736, -0.027274, 0.23978, -0.141413, -0.021045, 0.989129, 0.016585, 0.0, 0.0, 0.0, 1.0],
                [0.976086, -0.063799, 0.207812, 0.015054, -0.000916, -0.957162, -0.28955, 0.243316, 0.217254, 0.282258, -0.933781, 0.024459, 0.0, 0.0, 0.0, 1.0]
            ]
        },
        {
            "name": "Elbow_R",
            "time": [0.0, 0.1, 0.25, 0.5667],
            "transform": [
                [-1.0, 0.0, -0.0, -0.0, 0.0, -0.0, -1.0, 0.341622, -0.0, -1.0, 0.0, 0.0, 0.0, 0.0, 0.0, 1.0],
                [-1.0, 0.0, -0.0, -0.0, 0.0, -0.0, -1.0, 0.341622, -0.0, -1.0, 0.0, -0.0, 0.0, 0.0, 0.0, 1.0],
                [-1.0, 0.0, -0.0, 0.0, 0.0, -0.0, -1.0, 0.341622, -0.0, -1.0, 0.0, -0.0, 0.0, 0.0, 0.0, 1.0],
                [-1.0, 0.0, -0.0, 0.0, 0.0, -0.0, -1.0, 0.341622, -0.0, -1.0, 0.0, -0.0, 0.0, 0.0, 0.0, 1.0]
            ]
        },
        {
            "name": "Shoulder_L",
            "time": [0.0, 0.1, 0.25, 0.5667],
            "transform": [
                [-0.226937, -0.947819, -0.223918, 0.0, -0.021067, -0.225085, 0.974111, 0.4, -0.973681, 0.225779, 0.031113, 0.0, 0.0, 0.0, 0.0, 1.0],
                [0.196576, -0.954578, -0.223918, 0.0, 0.076408, -0.212765, 0.974111, 0.4, -0.977507, -0.208595, 0.031113, -0.0, 0.0, 0.0, 0.0, 1.0],
                [-0.226937, -0.947819, -0.223918, 0.0, -0.021067, -0.225085, 0.974111, 0.4, -0.973681, 0.225779, 0.031113, 0.0, 0.0, 0.0, 0.0, 1.0],
                [-0.226937, -0.947819, -0.223918, 0.0, -0.021067, -0.225085, 0.974111, 0.4, -0.973681, 0.225779, 0.031113, -0.0, 0.0, 0.0, 0.0, 1.0]
            ]
        },
        {
            "name": "Arm_L",
            "time": [0.0, 0.1, 0.25, 0.4167, 0.5667],
            "transform": [
                [-0.033024, -0.415865, 0.908826, -0.0, 0.02115, 0.908828, 0.416635, 0.39386, -0.999231, 0.032981, -0.021218, -0.0, 0.0, 0.0, 0.0, 1.0],
                [-0.232106, 0.765959, 0.599528, 0.0, -0.007989, 0.614838, -0.788612, 0.39386, -0.972658, -0.187831, -0.136589, -0.0, 0.0, 0.0, 0.0, 1.0],
                [-0.341004, 0.865666, 0.366522, -0.0, -0.088595, 0.358562, -0.929292, 0.39386, -0.935878, -0.349364, -0.045578, -0.0, 0.0, 0.0, 0.0, 1.0],
                [-0.520722, 0.433903, 0.735239, 0.0, -0.41949, 0.620034, -0.663013, 0.39386, -0.743557, -0.65367, -0.140848, -0.0, 0.0, 0.0, 0.0, 1.0],
                [-0.538552, 0.020444, 0.842344, -0.0, -0.836746, 0.104581, -0.537511, 0.39386, -0.099082, -0.994306, -0.039216, 0.0, 0.0, 0.0, 0.0, 1.0]
            ]
        },
        {
            "name": "Hand_L",
            "time": [0.0, 0.1, 0.25, 0.5667],
            "transform": [
                [0.999993, -0.003795, 0.000113, 0.0, 0.000938, 0.218121, -0.975922, 0.3, 0.003679, 0.975915, 0.218123, -0.0, 0.0, 0.0, 0.0, 1.0],
                [0.999993, -0.003397, -0.001697, 0.0, 0.000938, 0.654125, -0.756386, 0.3, 0.003679, 0.756379, 0.654123, 0.0, 0.0, 0.0, 0.0, 1.0],
                [0.999993, -0.002941, -0.002401, -0.0, 0.000938, 0.804221, -0.59433, 0.3, 0.003679, 0.594324, 0.804218, -0.0, 0.0, 0.0, 0.0, 1.0],
                [0.999993, -0.001541, -0.00347, 0.0, 0.000938, 0.985901, -0.167329, 0.3, 0.003679, 0.167324, 0.985895, 0.0, 0.0, 0.0, 0.0, 1.0]
            ]
        },
        {
            "name": "Tool_L",
            "time": [0.0, 0.1, 0.25, 0.5667],
            "transform": [
                [0.997004, 0.01104, -0.076554, -0.0, -0.036659, -0.804079, -0.593391, 0.272858, -0.068067, 0.594062, -0.800801, -0.0, 0.0, 0.0, 0.0, 1.0],
                [0.997004, 0.01104, -0.076554, 0.0, -0.036659, -0.804079, -0.593391, 0.272858, -0.068067, 0.594062, -0.800801, -0.0, 0.0, 0.0, 0.0, 1.0],
                [0.997004, 0.01104, -0.076554, 0.0, -0.036659, -0.804079, -0.593391, 0.272858, -0.068067, 0.594062, -0.8008, -0.0, 0.0, 0.0, 0.0, 1.0],
                [0.997004, 0.01104, -0.076554, -0.0, -0.036659, -0.804079, -0.593391, 0.272858, -0.068067, 0.594062, -0.8008, -0.0, 0.0, 0.0, 0.0, 1.0]
            ]
        },
        {
            "name": "Elbow_L",
            "time": [0.0, 0.1, 0.25, 0.5667],
            "transform": [
                [-1.0, 0.0, -0.0, 2.7e-05, 0.0, -0.0, -1.0, 0.334301, -0.0, -1.0, -0.0, -0.002121, 0.0, 0.0, 0.0, 1.0],
                [-1.0, 0.0, -0.0, 2.7e-05, 0.0, -0.0, -1.0, 0.334302, -0.0, -1.0, -0.0, -0.002121, 0.0, 0.0, 0.0, 1.0],
                [-1.0, 0.0, -0.0, 2.7e-05, 0.0, -0.0, -1.0, 0.334302, -0.0, -1.0, -0.0, -0.002121, 0.0, 0.0, 0.0, 1.0],
                [-1.0, 0.0, -0.0, 2.7e-05, 0.0, -0.0, -1.0, 0.334301, -0.0, -1.0, -0.0, -0.00212, 0.0, 0.0, 0.0, 1.0]
            ]
        }
    ]
}