{
    "animation": [
        {
            "name": "Root",
            "time": [0.0, 1.65, 3.6667],
            "transform": [
                [0.937336, 0.071363, -0.341039, 0.034498, -0.344858, 0.050309, -0.937306, -0.089469, -0.049732, 0.996181, 0.071766, 0.637842, 0.0, 0.0, 0.0, 1.0],
                [0.937336, 0.071363, -0.341039, 0.048791, -0.344858, 0.050309, -0.937306, -0.091635, -0.049732, 0.996181, 0.071766, 0.583195, 0.0, 0.0, 0.0, 1.0],
                [0.937336, 0.071363, -0.341039, 0.034498, -0.344858, 0.050309, -0.937306, -0.089469, -0.049732, 0.996181, 0.071766, 0.637842, 0.0, 0.0, 0.0, 1.0]
            ]
        },
        {
            "name": "Thigh_R",
            "time": [0.0, 1.65, 3.6667],
            "transform": [
                [0.888173, 0.396521, 0.232206, 0.124994, 0.459306, -0.781125, -0.422941, -0.002831, 0.013677, 0.482297, -0.875901, -1.2e-05, 0.0, 0.0, 0.0, 1.0],
                [0.888173, 0.437044, 0.141917, 0.124994, 0.459306, -0.853569, -0.245877, -0.002831, 0.013677, 0.283564, -0.958856, -1.2e-05, 0.0, 0.0, 0.0, 1.0],
                [0.888173, 0.396521, 0.232206, 0.124994, 0.459306, -0.781125, -0.422941, -0.002831, 0.013677, 0.482297, -0.875901, -1.2e-05, 0.0, 0.0, 0.0, 1.0]
            ]
        },
        {
            "name": "Leg_R",
            "time": [0.0, 1.65, 3.6667],
            "transform": [
                [1.0, -0.0, 1e-06, -0.0, 0.0, 0.997612, 0.069073, 0.37472, -1e-06, -0.069073, 0.997611, -0.0, 0.0, 0.0, 0.0, 1.0],
                [1.0, -0.0, 1e-06, -0.0, 0.0, 0.877096, 0.480316, 0.37472, -1e-06, -0.480317, 0.877095, -0.0, 0.0, 0.0, 0.0, 1.0],
                [1.0, -0.0, 1e-06, -0.0, 0.0, 0.997612, 0.069073, 0.37472, -1e-06, -0.069073, 0.997611, -0.0, 0.0, 0.0, 0.0, 1.0]
            ]
        },
        {
            "name": "Knee_R",
            "time": [0.0, 1.65, 3.6667],
            "transform": [
                [1.0, 0.0, -0.0, -0.0, -0.0, 1e-06, -1.0, 0.37472, -0.0, 1.0, 1e-06, -0.0, 0.0, 0.0, 0.0, 1.0],
                [1.0, 0.0, -0.0, -0.0, -0.0, 1e-06, -1.0, 0.37472, -0.0, 1.0, 1e-06, -0.0, 0.0, 0.0, 0.0, 1.0],
                [1.0, 0.0, -0.0, -0.0, -0.0, 1e-06, -1.0, 0.37472, -0.0, 1.0, 1e-06, -0.0, 0.0, 0.0, 0.0, 1.0]
            ]
        },
        {
            "name": "Thigh_L",
            "time": [0.0, 1.65, 3.6667],
            "transform": [
                [0.869242, -0.394626, -0.297803, -0.125006, -0.021407, -0.631849, 0.774795, -0.002831, -0.493921, -0.667111, -0.557678, -1.2e-05, 0.0, 0.0, 0.0, 1.0],
                [0.869242, -0.443283, -0.218899, -0.125006, -0.021407, -0.476104, 0.879128, -0.002831, -0.493921, -0.75949, -0.42334, -1.2e-05, 0.0, 0.0, 0.0, 1.0],
                [0.869242, -0.394626, -0.297803, -0.125006, -0.021407, -0.631849, 0.774795, -0.002831, -0.493921, -0.667111, -0.557678, -1.2e-05, 0.0, 0.0, 0.0, 1.0]
            ]
        },
        {
            "name": "Leg_L",
            "time": [0.0, 1.65, 3.6667],
            "transform": [
                [0.998576, 0.04527, 0.028215, -0.0, -0.051599, 0.685614, 0.726135, 0.37472, 0.013527, -0.726556, 0.686974, 0.0, 0.0, 0.0, 0.0, 1.0],
                [0.998576, 0.03608, 0.039291, 0.0, -0.051599, 0.466546, 0.882991, 0.37472, 0.013527, -0.883761, 0.467743, 0.0, 0.0, 0.0, 0.0, 1.0],
                [0.998576, 0.04527, 0.028215, -0.0, -0.051599, 0.685614, 0.726135, 0.37472, 0.013527, -0.726556, 0.686974, 0.0, 0.0, 0.0, 0.0, 1.0]
            ]
        },
        {
            "name": "Knee_L",
            "time": [0.0, 1.65, 3.6667],
            "transform": [
                [1.0, 0.0, -0.0, -0.0, -0.0, 1e-06, -1.0, 0.37472, -0.0, 1.0, 1e-06, 0.0, 0.0, 0.0, 0.0, 1.0],
                [1.0, 0.0, -0.0, 0.0, -0.0, 1e-06, -1.0, 0.37472, -0.0, 1.0, 1e-06, 0.0, 0.0, 0.0, 0.0, 1.0],
                [1.0, 0.0, -0.0, -0.0, -0.0, 1e-06, -1.0, 0.37472, -0.0, 1.0, 1e-06, 0.0, 0.0, 0.0, 0.0, 1.0]
            ]
        },
        {
            "name": "Torso",
            "time": [0.0, 1.65, 3.6667],
            "transform": [
                [0.999042, -0.043673, -0.002706, -0.0, 0.04367, 0.999045, -0.001423, 0.05, 0.002765, 0.001304, 0.999995, -0.0, 0.0, 0.0, 0.0, 1.0],
                [0.999042, -0.043673, -0.002706, 0.0, 0.04367, 0.999045, -0.001423, 0.05, 0.002765, 0.001304, 0.999995, -0.0, 0.0, 0.0, 0.0, 1.0],
                [0.999042, -0.043673, -0.002706, -0.0, 0.04367, 0.999045, -0.001423, 0.05, 0.002765, 0.001304, 0.999995, -0.0, 0.0, 0.0, 0.0, 1.0]
            ]
        },
        {
            "name": "Chest",
            "time": [0.0, 1.65, 3.6667],
            "transform": [
                [0.950613, -0.060058, 0.304514, 0.0, -0.012158, 0.973142, 0.229885, 0.3, -0.310141, -0.222234, 0.924351, 0.0, 0.0, 0.0, 0.0, 1.0],
                [0.950613, -0.067988, 0.302842, 0.0, -0.012158, 0.966808, 0.255214, 0.3, -0.310141, -0.246292, 0.918234, -0.0, 0.0, 0.0, 0.0, 1.0],
                [0.950613, -0.060058, 0.304514, 0.0, -0.012158, 0.973142, 0.229885, 0.3, -0.310141, -0.222234, 0.924351, 0.0, 0.0, 0.0, 0.0, 1.0]
            ]
        },
        {
            "name": "Head",
            "time": [0.0, 1.65, 3.6667],
            "transform": [
                [0.995659, 0.054666, 0.075337, 0.0, -0.033308, 0.965023, -0.260041, 0.4, -0.086917, 0.256403, 0.962654, 0.0, 0.0, 0.0, 0.0, 1.0],
                [0.995659, 0.054666, 0.075337, -0.0, -0.033308, 0.965023, -0.260041, 0.4, -0.086917, 0.256403, 0.962654, -0.0, 0.0, 0.0, 0.0, 1.0],
                [0.995659, 0.054666, 0.075337, 0.0, -0.033308, 0.965023, -0.260041, 0.4, -0.086917, 0.256403, 0.962654, 0.0, 0.0, 0.0, 0.0, 1.0]
            ]
        },
        {
            "name": "Shoulder_R",
            "time": [0.0, 1.65, 3.6667],
            "transform": [
                [0.671006, 0.69446, 0.259762, 0.0, -0.091868, -0.269772, 0.958532, 0.4, 0.735738, -0.667045, -0.11722, 0.0, 0.0, 0.0, 0.0, 1.0],
                [0.671006, 0.694459, 0.259762, -0.0, -0.091868, -0.269772, 0.958532, 0.4, 0.735738, -0.667045, -0.11722, -0.0, 0.0, 0.0, 0.0, 1.0],
                [0.671006, 0.69446, 0.259762, 0.0, -0.091868, -0.269772, 0.958532, 0.4, 0.735738, -0.667045, -0.11722, 0.0, 0.0, 0.0, 0.0, 1.0]
            ]
        },
        {
            "name": "Arm_R",
            "time": [0.0, 1.65, 3.6667],
            "transform": [
                [-0.120425, -0.905425, 0.407066, -0.0, -0.201179, -0.379283, -0.903145, 0.39386, 0.972124, -0.190654, -0.136478, -0.0, 0.0, 0.0, 0.0, 1.0],
                [-0.120425, -0.864857, 0.48736, -0.0, -0.201179, -0.459485, -0.865102, 0.39386, 0.972124, -0.202227, -0.118658, -0.0, 0.0, 0.0, 0.0, 1.0],
                [-0.120425, -0.905425, 0.407066, -0.0, -0.201179, -0.379283, -0.903145, 0.39386, 0.972124, -0.190654, -0.136478, -0.0, 0.0, 0.0, 0.0, 1.0]
            ]
        },
        {
            "name": "Hand_R",
            "time": [0.0, 1.65, 3.6667],
            "transform": [
                [0.999998, -0.000812, 0.001633, 0.0, 0.000868, 0.999396, -0.03475, 0.3, -0.001603, 0.034752, 0.999395, -0.0, 0.0, 0.0, 0.0, 1.0],
                [0.999998, -0.000505, 0.001752, -0.0, 0.000868, 0.976879, -0.21379, 0.3, -0.001603, 0.213791, 0.976878, -0.0, 0.0, 0.0, 0.0, 1.0],
                [0.999998, -0.000812, 0.001633, 0.0, 0.000868, 0.999396, -0.03475, 0.3, -0.001603, 0.034752, 0.999395, -0.0, 0.0, 0.0, 0.0, 1.0]
            ]
        },
        {
            "name": "Tool_R",
            "time": [0.0, 1.65, 3.6667],
            "transform": [
                [-0.987837, -0.020815, -0.154096, -0.039806, -0.063648, -0.850052, 0.522838, 0.23978, -0.141789, 0.525966, 0.837898, 0.016585, 0.0, 0.0, 0.0, 1.0],
                [-0.987837, -0.020815, -0.154096, -0.039806, -0.063648, -0.850052, 0.522838, 0.23978, -0.141789, 0.525966, 0.837898, 0.016585, 0.0, 0.0, 0.0, 1.0],
                [-0.987837, -0.020815, -0.154096, -0.039806, -0.063648, -0.850052, 0.522838, 0.23978, -0.141789, 0.525966, 0.837898, 0.016585, 0.0, 0.0, 0.0, 1.0]
            ]
        },
        {
            "name": "Elbow_R",
            "time": [0.0, 1.65, 3.6667],
            "transform": [
                [-1.0, 0.0, -0.0, -0.0, 0.0, -0.0, -1.0, 0.341622, -0.0, -1.0, 0.0, 0.0, 0.0, 0.0, 0.0, 1.0],
                [-1.0, 0.0, -0.0, -0.0, 0.0, 0.0, -1.0, 0.341622, -0.0, -1.0, 0.0, -0.0, 0.0, 0.0, 0.0, 1.0],
                [-1.0, 0.0, -0.0, -0.0, 0.0, -0.0, -1.0, 0.341622, -0.0, -1.0, 0.0, 0.0, 0.0, 0.0, 0.0, 1.0]
            ]
        },
        {
            "name": "Shoulder_L",
            "time": [0.0, 1.65, 3.6667],
            "transform": [
                [-0.226937, -0.947819, -0.223918, 0.0, -0.021067, -0.225085, 0.974111, 0.4, -0.973681, 0.225779, 0.031113, 0.0, 0.0, 0.0, 0.0, 1.0],
                [-0.226937, -0.947819, -0.223918, -0.0, -0.021067, -0.225085, 0.974111, 0.4, -0.973681, 0.225779, 0.031113, -0.0, 0.0, 0.0, 0.0, 1.0],
                [-0.226937, -0.947819, -0.223918, 0.0, -0.021067, -0.225085, 0.974111, 0.4, -0.973681, 0.225779, 0.031113, 0.0, 0.0, 0.0, 0.0, 1.0]
            ]
        },
        {
            "name": "Arm_L",
            "time": [0.0, 1.65, 3.6667],
            "transform": [
                [-0.033024, -0.415865, 0.908826, -0.0, 0.02115, 0.908828, 0.416635, 0.39386, -0.999231, 0.032981, -0.021218, -0.0, 0.0, 0.0, 0.0, 1.0],
                [-0.033024, -0.526512, 0.849526, 0.0, 0.02115, 0.849431, 0.527276, 0.39386, -0.999231, 0.035381, -0.016916, -0.0, 0.0, 0.0, 0.0, 1.0],
                [-0.033024, -0.415865, 0.908826, -0.0, 0.02115, 0.908828, 0.416635, 0.39386, -0.999231, 0.032981, -0.021218, -0.0, 0.0, 0.0, 0.0, 1.0]
            ]
        },
        {
            "name": "Hand_L",
            "time": [0.0, 1.65, 3.6667],
            "transform": [
                [0.999993, -0.003795, 0.000113, 0.0, 0.000938, 0.218121, -0.975922, 0.3, 0.003679, 0.975915, 0.218123, -0.0, 0.0, 0.0, 0.0, 1.0],
                [0.999993, -0.003715, -0.000785, 0.0, 0.000938, 0.442077, -0.896977, 0.3, 0.003679, 0.89697, 0.442077, 0.0, 0.0, 0.0, 0.0, 1.0],
                [0.999993, -0.003795, 0.000113, 0.0, 0.000938, 0.218121, -0.975922, 0.3, 0.003679, 0.975915, 0.218123, -0.0, 0.0, 0.0, 0.0, 1.0]
            ]
        },
        {
            "name": "Tool_L",
            "time": [0.0, 1.65, 3.6667],
            "transform": [
                [0.997004, 0.01104, -0.076554, -0.0, -0.036659, -0.804079, -0.593391, 0.272858, -0.068067, 0.594062, -0.800801, -0.0, 0.0, 0.0, 0.0, 1.0],
                [0.997004, 0.01104, -0.076554, 0.0, -0.036659, -0.804079, -0.593391, 0.272858, -0.068067, 0.594062, -0.8008, -0.0, 0.0, 0.0, 0.0, 1.0],
                [0.997004, 0.01104, -0.076554, -0.0, -0.036659, -0.804079, -0.593391, 0.272858, -0.068067, 0.594062, -0.800801, -0.0, 0.0, 0.0, 0.0, 1.0]
            ]
        },
        {
            "name": "Elbow_L",
            "time": [0.0, 1.65, 3.6667],
            "transform": [
                [-1.0, 0.0, -0.0, 2.7e-05, 0.0, -0.0, -1.0, 0.334301, -0.0, -1.0, -0.0, -0.002121, 0.0, 0.0, 0.0, 1.0],
                [-1.0, 0.0, -0.0, 2.7e-05, 0.0, -0.0, -1.0, 0.334301, -0.0, -1.0, -0.0, -0.002121, 0.0, 0.0, 0.0, 1.0],
                [-1.0, 0.0, -0.0, 2.7e-05, 0.0, -0.0, -1.0, 0.334301, -0.0, -1.0, -0.0, -0.002121, 0.0, 0.0, 0.0, 1.0]
            ]
        }
    ]
}