{
    "animation": [
        {
            "name": "Root",
            "time": [0.0, 0.2, 0.5167, 0.5833, 0.6833, 1.05, 1.5167],
            "transform": [
                [0.854339, 0.028643, -0.518927, -5e-06, -0.51914, 0.0, -0.854689, 0.000946, -0.024481, 0.99959, 0.01487, 0.753683, 0.0, 0.0, 0.0, 1.0],
                [0.458169, 0.008283, -0.888827, -0.026051, -0.841683, 0.325502, -0.430834, -1.34712, 0.285746, 0.945505, 0.156106, 0.473471, 0.0, 0.0, 0.0, 1.0],
                [0.374024, 0.022952, -0.927135, -5e-06, -0.862136, 0.377041, -0.338468, -1.505622, 0.3418, 0.925912, 0.160811, 0.529762, 0.0, 0.0, 0.0, 1.0],
                [0.743127, -0.0592, -0.666526, 0.025378, -0.604926, 0.366375, -0.706989, 0.337663, 0.286052, 0.928582, 0.236452, 0.657217, 0.0, 0.0, 0.0, 1.0],
                [0.683258, -0.280191, 0.674278, 0.014511, 0.72135, 0.115867, -0.682809, 4.153954, 0.113191, 0.952926, 0.281283, 0.418894, 0.0, 0.0, 0.0, 1.0],
                [0.830838, -0.174656, 0.528397, 0.008728, 0.55484, 0.18637, -0.810814, 5.090797, 0.043136, 0.966831, 0.251749, 0.472573, 0.0, 0.0, 0.0, 1.0],
                [0.854339, 0.028643, -0.518927, -5e-06, -0.51914, 0.0, -0.854689, 5.38403, -0.024481, 0.99959, 0.01487, 0.753683, 0.0, 0.0, 0.0, 1.0]
            ]
        },
        {
            "name": "Thigh_R",
            "time": [0.0, 0.2, 0.5167, 0.5833, 0.6833, 1.05, 1.5167],
            "transform": [
                [0.992811, 0.11785, -0.020883, 0.124994, 0.118536, -0.992318, 0.035348, -0.002831, -0.016557, -0.037569, -0.999157, -1.2e-05, 0.0, 0.0, 0.0, 1.0],
                [0.922914, 0.37943, -0.065276, 0.124994, 0.343467, -0.734817, 0.584869, -0.002831, 0.173951, -0.562202, -0.808498, -1.2e-05, 0.0, 0.0, 0.0, 1.0],
                [0.926451, 0.247933, 0.283226, 0.124994, 0.012898, -0.772896, 0.634399, -0.002831, 0.376193, -0.584085, -0.719251, -1.2e-05, 0.0, 0.0, 0.0, 1.0],
                [0.815861, -0.528188, -0.235345, 0.124994, 0.306504, 0.049897, 0.950561, -0.002831, -0.490332, -0.847658, 0.2026, -1.2e-05, 0.0, 0.0, 0.0, 1.0],
                [0.830183, 0.55007, 0.090654, 0.124994, -0.123244, 0.022497, 0.992122, -0.002831, 0.543697, -0.834813, 0.086469, -1.2e-05, 0.0, 0.0, 0.0, 1.0],
                [0.81697, 0.500267, 0.286865, 0.124994, -0.151534, -0.293731, 0.943801, -0.002831, 0.556414, -0.814525, -0.164163, -1.2e-05, 0.0, 0.0, 0.0, 1.0],
                [0.992811, 0.11785, -0.020883, 0.124994, 0.118536, -0.992318, 0.035348, -0.002831, -0.016557, -0.037569, -0.999157, -1.1e-05, 0.0, 0.0, 0.0, 1.0]
            ]
        },
        {
            "name": "Leg_R",
            "time": [0.0, 0.2, 0.5167, 0.5833, 0.6833, 1.05, 1.5167],
            "transform": [
                [1.0, -0.0, 1e-06, 0.0, 0.0, 0.997612, 0.069073, 0.37472, -1e-06, -0.069073, 0.997611, 0.0, 0.0, 0.0, 0.0, 1.0],
                [1.0, -1e-06, 1e-06, 0.0, 0.0, 0.578679, 0.815555, 0.37472, -1e-06, -0.815556, 0.578678, 0.0, 0.0, 0.0, 0.0, 1.0],
                [1.0, -1e-06, 0.0, 0.0, 0.0, 0.452205, 0.891914, 0.37472, -1e-06, -0.891915, 0.452204, -0.0, 0.0, 0.0, 0.0, 1.0],
                [1.0, -1e-06, -0.0, 0.0, -0.0, -0.27394, 0.961746, 0.37472, -1e-06, -0.961747, -0.27394, -0.0, 0.0, 0.0, 0.0, 1.0],
                [1.0, -1e-06, 0.0, -0.0, 0.0, 0.284655, 0.958629, 0.37472, -1e-06, -0.958631, 0.284655, 0.0, 0.0, 0.0, 0.0, 1.0],
                [1.0, -1e-06, 1e-06, 0.0, 0.0, 0.798664, 0.601778, 0.374719, -1e-06, -0.601779, 0.798663, 0.0, 0.0, 0.0, 0.0, 1.0],
                [1.0, -0.0, 1e-06, -0.0, 0.0, 0.997612, 0.069073, 0.37472, -1e-06, -0.069073, 0.997611, 0.0, 0.0, 0.0, 0.0, 1.0]
            ]
        },
        {
            "name": "Knee_R",
            "time": [0.0, 0.2, 0.5167, 0.6833, 1.05, 1.5167],
            "transform": [
                [1.0, 0.0, -0.0, 0.0, -0.0, 1e-06, -1.0, 0.37472, -0.0, 1.0, 1e-06, 0.0, 0.0, 0.0, 0.0, 1.0],
                [1.0, 0.0, -0.0, 0.0, -0.0, 1e-06, -1.0, 0.37472, -0.0, 1.0, 1e-06, 0.0, 0.0, 0.0, 0.0, 1.0],
                [1.0, 0.0, -0.0, 0.0, -0.0, 1e-06, -1.0, 0.37472, -0.0, 1.0, 1e-06, -0.0, 0.0, 0.0, 0.0, 1.0],
                [1.0, 0.0, -0.0, -0.0, -0.0, 1e-06, -1.0, 0.37472, -0.0, 1.0, 1e-06, 0.0, 0.0, 0.0, 0.0, 1.0],
                [1.0, 0.0, -0.0, 0.0, -0.0, 1e-06, -1.0, 0.374719, -0.0, 1.0, 1e-06, 0.0, 0.0, 0.0, 0.0, 1.0],
                [1.0, 0.0, -0.0, -0.0, -0.0, 1e-06, -1.0, 0.37472, -0.0, 1.0, 1e-06, 0.0, 0.0, 0.0, 0.0, 1.0]
            ]
        },
        {
            "name": "Thigh_L",
            "time": [0.0, 0.2, 0.5167, 0.5833, 0.6833, 1.05, 1.5167],
            "transform": [
                [0.869242, -0.120567, -0.479458, -0.125006, -0.021407, -0.978077, 0.207141, -0.002831, -0.493921, -0.169792, -0.852767, -1.2e-05, 0.0, 0.0, 0.0, 1.0],
                [0.576763, -0.778562, 0.247355, -0.125006, -0.234658, 0.132134, 0.963055, -0.002831, -0.782482, -0.6135, -0.106487, -1.2e-05, 0.0, 0.0, 0.0, 1.0],
                [0.515098, -0.838564, 0.177437, -0.125006, -0.215605, 0.073593, 0.973703, -0.002831, -0.82957, -0.539809, -0.142892, -1.2e-05, 0.0, 0.0, 0.0, 1.0],
                [0.460957, 0.425901, -0.778541, -0.125006, -0.391212, -0.689931, -0.609055, -0.002831, -0.796537, 0.585323, -0.151411, -1.2e-05, 0.0, 0.0, 0.0, 1.0],
                [0.407395, -0.911565, -0.055488, -0.125007, -0.762995, -0.373127, 0.527838, -0.002831, -0.501862, -0.172701, -0.84753, -1.2e-05, 0.0, 0.0, 0.0, 1.0],
                [0.415684, -0.883128, -0.217467, -0.125006, -0.737799, -0.467243, 0.487171, -0.002831, -0.531844, -0.042062, -0.845796, -1.1e-05, 0.0, 0.0, 0.0, 1.0],
                [0.869242, -0.120567, -0.479458, -0.125006, -0.021407, -0.978077, 0.207141, -0.002831, -0.493921, -0.169792, -0.852767, -1.1e-05, 0.0, 0.0, 0.0, 1.0]
            ]
        },
        {
            "name": "Leg_L",
            "time": [0.0, 0.2, 0.5167, 0.5833, 0.6833, 1.05, 1.5167],
            "transform": [
                [0.998576, 0.053235, -0.003397, 0.0, -0.051599, 0.980122, 0.191569, 0.37472, 0.013527, -0.191121, 0.981474, -0.0, 0.0, 0.0, 0.0, 1.0],
                [0.998576, 0.03802, 0.037416, 0.0, -0.051599, 0.510585, 0.858278, 0.37472, 0.013527, -0.858986, 0.51182, -0.0, 0.0, 0.0, 0.0, 1.0],
                [0.998576, 0.032382, 0.04239, 0.0, -0.051599, 0.384861, 0.921531, 0.37472, 0.013527, -0.922406, 0.385985, -0.0, 0.0, 0.0, 0.0, 1.0],
                [0.998576, 0.053325, -0.001379, 0.0, -0.0516, 0.972167, 0.228533, 0.37472, 0.013527, -0.228137, 0.973536, -0.0, 0.0, 0.0, 0.0, 1.0],
                [0.998576, 0.045346, 0.028093, 0.0, -0.0516, 0.687576, 0.724276, 0.37472, 0.013527, -0.724695, 0.688938, 0.0, 0.0, 0.0, 0.0, 1.0],
                [0.998576, 0.048103, 0.023057, -0.0, -0.0516, 0.761428, 0.646192, 0.37472, 0.013527, -0.646462, 0.762827, -0.0, 0.0, 0.0, 0.0, 1.0],
                [0.998576, 0.053235, -0.003397, 0.0, -0.051599, 0.980122, 0.191569, 0.37472, 0.013527, -0.191121, 0.981474, 0.0, 0.0, 0.0, 0.0, 1.0]
            ]
        },
        {
            "name": "Knee_L",
            "time": [0.0, 0.2, 0.5167, 0.6833, 1.05, 1.5167],
            "transform": [
                [1.0, 0.0, -0.0, 0.0, -0.0, 1e-06, -1.0, 0.37472, -0.0, 1.0, 1e-06, -0.0, 0.0, 0.0, 0.0, 1.0],
                [1.0, 0.0, -0.0, 0.0, -0.0, 1e-06, -1.0, 0.37472, -0.0, 1.0, 1e-06, -0.0, 0.0, 0.0, 0.0, 1.0],
                [1.0, 0.0, -0.0, 0.0, -0.0, 1e-06, -1.0, 0.37472, -0.0, 1.0, 1e-06, -0.0, 0.0, 0.0, 0.0, 1.0],
                [1.0, 0.0, -0.0, 0.0, -0.0, 1e-06, -1.0, 0.37472, -0.0, 1.0, 1e-06, 0.0, 0.0, 0.0, 0.0, 1.0],
                [1.0, 0.0, -0.0, -0.0, -0.0, 1e-06, -1.0, 0.37472, -0.0, 1.0, 1e-06, -0.0, 0.0, 0.0, 0.0, 1.0],
                [1.0, 0.0, -0.0, 0.0, -0.0, 1e-06, -1.0, 0.37472, -0.0, 1.0, 1e-06, 0.0, 0.0, 0.0, 0.0, 1.0]
            ]
        },
        {
            "name": "Torso",
            "time": [0.0, 0.2, 0.5167, 0.6833, 1.05, 1.5167],
            "transform": [
                [0.999042, -0.043673, -0.002705, 0.0, 0.04367, 0.999045, -0.001423, 0.05, 0.002765, 0.001304, 0.999995, -0.0, 0.0, 0.0, 0.0, 1.0],
                [0.974811, -0.20754, 0.081667, 0.0, 0.202291, 0.976955, 0.068101, 0.05, -0.093919, -0.049865, 0.99433, 0.0, 0.0, 0.0, 0.0, 1.0],
                [0.967169, -0.235735, 0.094936, 0.0, 0.228472, 0.970144, 0.081374, 0.05, -0.111284, -0.057012, 0.992152, 0.0, 0.0, 0.0, 0.0, 1.0],
                [0.960173, 0.018892, 0.278768, -0.0, -0.04853, 0.993823, 0.099801, 0.05, -0.275161, -0.109354, 0.955159, -0.0, 0.0, 0.0, 0.0, 1.0],
                [0.955887, -0.075703, 0.283811, -0.0, 0.070277, 0.997098, 0.029268, 0.05, -0.285204, -0.008032, 0.958433, 0.0, 0.0, 0.0, 0.0, 1.0],
                [0.999042, -0.043673, -0.002705, 0.0, 0.04367, 0.999045, -0.001423, 0.05, 0.002765, 0.001304, 0.999995, 1e-06, 0.0, 0.0, 0.0, 1.0]
            ]
        },
        {
            "name": "Chest",
            "time": [0.0, 0.2, 0.5167, 0.6833, 0.8167, 1.05, 1.5167],
            "transform": [
                [0.999771, -0.021316, -0.002029, 0.0, 0.021411, 0.994316, 0.104295, 0.3, -0.000206, -0.104315, 0.994544, 0.0, 0.0, 0.0, 0.0, 1.0],
                [0.996629, -0.081674, -0.007729, -0.0, 0.075905, 0.882275, 0.464574, 0.3, -0.031125, -0.463595, 0.8855, 0.0, 0.0, 0.0, 0.0, 1.0],
                [0.995736, -0.091593, -0.010983, 0.0, 0.08388, 0.849416, 0.521015, 0.3, -0.038392, -0.519714, 0.853477, 0.0, 0.0, 0.0, 0.0, 1.0],
                [0.916044, -0.084905, 0.391989, 0.0, -0.133535, 0.857014, 0.49769, 0.3, -0.378196, -0.50825, 0.773725, -0.0, 0.0, 0.0, 0.0, 1.0],
                [0.878184, -0.089986, 0.469781, -0.0, -0.177416, 0.850806, 0.494623, 0.3, -0.444202, -0.517717, 0.7312, 0.0, 0.0, 0.0, 0.0, 1.0],
                [0.862408, -0.081156, 0.499666, -0.0, -0.19327, 0.859505, 0.473178, 0.3, -0.467867, -0.504643, 0.725559, -0.0, 0.0, 0.0, 0.0, 1.0],
                [0.999771, -0.021316, -0.002029, 0.0, 0.021411, 0.994316, 0.104295, 0.3, -0.000206, -0.104315, 0.994544, -0.0, 0.0, 0.0, 0.0, 1.0]
            ]
        },
        {
            "name": "Head",
            "time": [0.0, 0.2, 0.5167, 0.6833, 1.05, 1.5167],
            "transform": [
                [0.85311, 0.037721, 0.520365, -0.0, -0.006297, 0.998055, -0.062025, 0.4, -0.521692, 0.049637, 0.851689, -0.0, 0.0, 0.0, 0.0, 1.0],
                [0.607885, 0.310709, 0.730709, 0.0, 0.275211, 0.780768, -0.560946, 0.4, -0.744805, 0.54209, 0.389107, 0.0, 0.0, 0.0, 0.0, 1.0],
                [0.565094, 0.369439, 0.737688, -0.0, 0.336285, 0.713349, -0.614855, 0.4, -0.75338, 0.595524, 0.278872, 0.0, 0.0, 0.0, 0.0, 1.0],
                [0.669589, 0.056899, -0.740549, -0.0, -0.451267, 0.823092, -0.344786, 0.4, 0.589922, 0.565051, 0.57681, 0.0, 0.0, 0.0, 0.0, 1.0],
                [0.270392, -0.189943, -0.943828, 0.0, -0.523962, 0.793411, -0.309779, 0.399999, 0.807684, 0.578291, 0.115009, -0.0, 0.0, 0.0, 0.0, 1.0],
                [0.85311, 0.037721, 0.520365, -0.0, -0.006297, 0.998055, -0.062025, 0.4, -0.521692, 0.049637, 0.851689, -1e-06, 0.0, 0.0, 0.0, 1.0]
            ]
        },
        {
            "name": "Shoulder_R",
            "time": [0.0, 0.2, 0.5167, 0.6833, 1.05, 1.5167],
            "transform": [
                [0.110305, 0.959352, 0.259762, -0.0, 0.091141, -0.270019, 0.958532, 0.4, 0.98971, -0.082056, -0.11722, -0.0, 0.0, 0.0, 0.0, 1.0],
                [0.110305, 0.959352, 0.259762, 0.0, 0.091141, -0.270019, 0.958532, 0.4, 0.98971, -0.082056, -0.11722, 0.0, 0.0, 0.0, 0.0, 1.0],
                [0.110305, 0.959352, 0.259762, -0.0, 0.091141, -0.270018, 0.958532, 0.4, 0.98971, -0.082056, -0.11722, 0.0, 0.0, 0.0, 0.0, 1.0],
                [0.402067, 0.877989, 0.259762, -0.0, 0.003011, -0.284969, 0.958532, 0.4, 0.915605, -0.384612, -0.11722, 0.0, 0.0, 0.0, 0.0, 1.0],
                [0.482147, 0.836694, 0.259762, 0.0, -0.023562, -0.28401, 0.958532, 0.399999, 0.875773, -0.468274, -0.11722, -0.0, 0.0, 0.0, 0.0, 1.0],
                [0.110305, 0.959352, 0.259762, -0.0, 0.091141, -0.270019, 0.958532, 0.4, 0.98971, -0.082056, -0.11722, -1e-06, 0.0, 0.0, 0.0, 1.0]
            ]
        },
        {
            "name": "Arm_R",
            "time": [0.0, 0.0833, 0.5167, 0.6833, 1.05, 1.5167],
            "transform": [
                [0.016005, 0.280634, -0.959681, -0.0, 0.894149, 0.425534, 0.139349, 0.393861, 0.447483, -0.860328, -0.244118, 0.0, 0.0, 0.0, 0.0, 1.0],
                [0.042812, 0.453502, -0.890226, -0.0, -0.598566, 0.725068, 0.340581, 0.393861, 0.799929, 0.518278, 0.302493, -0.0, 0.0, 0.0, 0.0, 1.0],
                [0.578595, 0.198376, -0.791122, -0.0, 0.081526, 0.951046, 0.298102, 0.39386, 0.81153, -0.236977, 0.534098, -0.0, 0.0, 0.0, 0.0, 1.0],
                [0.544055, -0.550789, -0.632957, 0.0, -0.53828, 0.349555, -0.766854, 0.393861, 0.643628, 0.757919, -0.106302, 0.0, 0.0, 0.0, 0.0, 1.0],
                [0.589727, -0.644859, -0.486187, 0.0, -0.65049, -0.022497, -0.759181, 0.393861, 0.478627, 0.76397, -0.432742, -0.0, 0.0, 0.0, 0.0, 1.0],
                [0.016005, 0.280634, -0.959681, -0.0, 0.894149, 0.425534, 0.139349, 0.39386, 0.447483, -0.860328, -0.244118, 0.0, 0.0, 0.0, 0.0, 1.0]
            ]
        },
        {
            "name": "Hand_R",
            "time": [0.0, 0.2, 0.3, 0.5167, 0.6833, 1.05, 1.5167],
            "transform": [
                [0.999998, -1.3e-05, 0.001823, 0.0, 0.000868, 0.882719, -0.4699, 0.3, -0.001603, 0.469901, 0.882718, -0.0, 0.0, 0.0, 0.0, 1.0],
                [0.999998, -1.3e-05, 0.001823, -0.0, 0.000868, 0.882719, -0.4699, 0.3, -0.001603, 0.469901, 0.882718, 0.0, 0.0, 0.0, 0.0, 1.0],
                [0.999998, -1.3e-05, 0.001823, -0.0, 0.000868, 0.882719, -0.4699, 0.3, -0.001603, 0.469901, 0.882717, -0.0, 0.0, 0.0, 0.0, 1.0],
                [0.999998, 0.000862, 0.001606, 0.0, 0.000868, 0.549609, -0.835421, 0.3, -0.001603, 0.835421, 0.549608, 0.0, 0.0, 0.0, 0.0, 1.0],
                [0.999998, 0.000106, 0.00182, -0.0, 0.000868, 0.850208, -0.526447, 0.3, -0.001603, 0.526448, 0.850206, -0.0, 0.0, 0.0, 0.0, 1.0],
                [0.999998, -0.000127, 0.001819, 0.0, 0.000868, 0.910585, -0.413322, 0.3, -0.001603, 0.413323, 0.910583, 0.0, 0.0, 0.0, 0.0, 1.0],
                [0.999998, -1.3e-05, 0.001823, 0.0, 0.000868, 0.882719, -0.4699, 0.3, -0.001603, 0.469901, 0.882718, 0.0, 0.0, 0.0, 0.0, 1.0]
            ]
        },
        {
            "name": "Tool_R",
            "time": [0.0, 0.15, 0.3667, 0.5167, 0.6833, 1.05, 1.5167],
            "transform": [
                [0.976086, -0.063799, 0.207812, 0.015054, -0.000916, -0.957162, -0.28955, 0.243316, 0.217254, 0.282258, -0.933781, 0.024459, 0.0, 0.0, 0.0, 1.0],
                [-0.723532, -0.065785, 0.687149, 0.704023, 0.24115, -0.956818, 0.162316, 0.386906, 0.646418, 0.282968, 0.707735, 0.192377, 0.0, 0.0, 0.0, 1.0],
                [-0.997307, -0.0662, -0.031559, 0.015054, 0.054513, -0.957028, 0.284827, 0.243316, -0.049028, 0.282162, 0.957495, 0.024459, 0.0, 0.0, 0.0, 1.0],
                [-0.997307, -0.0662, -0.031559, 0.015054, 0.054513, -0.957028, 0.284827, 0.243316, -0.049028, 0.282162, 0.957495, 0.024459, 0.0, 0.0, 0.0, 1.0],
                [-0.997306, -0.043674, -0.058933, 0.015054, 0.054531, -0.978794, -0.197454, 0.243316, -0.04903, -0.200028, 0.977958, 0.024459, 0.0, 0.0, 0.0, 1.0],
                [-0.997306, -0.034774, -0.064589, 0.015054, 0.054537, -0.940346, -0.335819, 0.243316, -0.049029, -0.338246, 0.93915, 0.024459, 0.0, 0.0, 0.0, 1.0],
                [0.976086, -0.063799, 0.207812, 0.015054, -0.000916, -0.957162, -0.28955, 0.243316, 0.217254, 0.282258, -0.933781, 0.024459, 0.0, 0.0, 0.0, 1.0]
            ]
        },
        {
            "name": "Elbow_R",
            "time": [0.0, 0.2, 0.5167, 0.6833, 1.05, 1.5167],
            "transform": [
                [-1.0, 0.0, -0.0, 0.0, 0.0, -0.0, -1.0, 0.341622, -0.0, -1.0, 0.0, -0.0, 0.0, 0.0, 0.0, 1.0],
                [-1.0, 0.0, 0.0, -0.0, 0.0, -0.0, -1.0, 0.341622, -0.0, -1.0, 0.0, 0.0, 0.0, 0.0, 0.0, 1.0],
                [-1.0, 0.0, -0.0, -0.0, 0.0, -0.0, -1.0, 0.341622, -0.0, -1.0, 0.0, 0.0, 0.0, 0.0, 0.0, 1.0],
                [-1.0, 0.0, -0.0, -0.0, 0.0, -0.0, -1.0, 0.341622, -0.0, -1.0, 0.0, -0.0, 0.0, 0.0, 0.0, 1.0],
                [-1.0, 0.0, -0.0, 0.0, 0.0, -0.0, -1.0, 0.341622, -0.0, -1.0, 0.0, 0.0, 0.0, 0.0, 0.0, 1.0],
                [-1.0, 0.0, -0.0, 0.0, 0.0, -0.0, -1.0, 0.341622, -0.0, -1.0, 0.0, 0.0, 0.0, 0.0, 0.0, 1.0]
            ]
        },
        {
            "name": "Shoulder_L",
            "time": [0.0, 0.2, 0.5167, 0.6833, 1.05, 1.5167],
            "transform": [
                [-0.226937, -0.947819, -0.223918, -0.0, -0.021067, -0.225085, 0.974111, 0.4, -0.973681, 0.225779, 0.031113, -0.0, 0.0, 0.0, 0.0, 1.0],
                [-0.226937, -0.947819, -0.223918, 0.0, -0.021067, -0.225085, 0.974111, 0.4, -0.973682, 0.225779, 0.031113, 0.0, 0.0, 0.0, 0.0, 1.0],
                [-0.226937, -0.947819, -0.223918, -0.0, -0.021067, -0.225085, 0.974111, 0.4, -0.973681, 0.225779, 0.031113, 0.0, 0.0, 0.0, 0.0, 1.0],
                [-0.226937, -0.947819, -0.223918, -0.0, -0.021067, -0.225085, 0.974111, 0.4, -0.973681, 0.225779, 0.031113, 0.0, 0.0, 0.0, 0.0, 1.0],
                [-0.226937, -0.947819, -0.223918, 0.0, -0.021067, -0.225085, 0.974111, 0.399999, -0.973681, 0.225779, 0.031113, -0.0, 0.0, 0.0, 0.0, 1.0],
                [-0.226937, -0.947819, -0.223918, -0.0, -0.021067, -0.225085, 0.974111, 0.4, -0.973681, 0.225779, 0.031113, -1e-06, 0.0, 0.0, 0.0, 1.0]
            ]
        },
        {
            "name": "Arm_L",
            "time": [0.0, 0.2, 0.5167, 0.6833, 1.05, 1.5167],
            "transform": [
                [-0.538552, 0.020444, 0.842344, 0.0, -0.836746, 0.104581, -0.537511, 0.39386, -0.099082, -0.994306, -0.039216, -0.0, 0.0, 0.0, 0.0, 1.0],
                [-0.134382, 0.521918, 0.842344, -0.0, -0.13901, 0.83172, -0.537512, 0.39386, -0.981131, -0.189326, -0.039216, 0.0, 0.0, 0.0, 0.0, 1.0],
                [-0.179609, 0.508131, 0.842344, 0.0, -0.211373, 0.816335, -0.537511, 0.39386, -0.960761, -0.27459, -0.039216, -0.0, 0.0, 0.0, 0.0, 1.0],
                [-0.180984, -0.016368, 0.98335, 0.0, -0.213991, 0.976562, -0.02313, 0.39386, -0.959923, -0.214614, -0.180244, 0.0, 0.0, 0.0, 0.0, 1.0],
                [-0.179609, -0.17294, 0.968417, 0.0, -0.211373, 0.968218, 0.133702, 0.39386, -0.960761, -0.180683, -0.210456, -0.0, 0.0, 0.0, 0.0, 1.0],
                [-0.538552, 0.020444, 0.842344, -0.0, -0.836746, 0.104581, -0.537511, 0.39386, -0.099082, -0.994306, -0.039216, -0.0, 0.0, 0.0, 0.0, 1.0]
            ]
        },
        {
            "name": "Hand_L",
            "time": [0.0, 0.2, 0.5167, 0.6833, 0.8167, 1.05, 1.5167],
            "transform": [
                [0.999993, -0.001541, -0.00347, 0.0, 0.000938, 0.985901, -0.167329, 0.3, 0.003679, 0.167324, 0.985895, -0.0, 0.0, 0.0, 0.0, 1.0],
                [0.999993, -0.001541, -0.00347, -0.0, 0.000938, 0.985901, -0.167329, 0.3, 0.003679, 0.167324, 0.985895, -0.0, 0.0, 0.0, 0.0, 1.0],
                [0.999993, -0.001541, -0.00347, 0.0, 0.000938, 0.985901, -0.167329, 0.3, 0.003679, 0.167324, 0.985895, 0.0, 0.0, 0.0, 0.0, 1.0],
                [0.999993, -0.001541, -0.00347, 0.0, 0.000938, 0.985901, -0.167329, 0.3, 0.003679, 0.167324, 0.985895, 0.0, 0.0, 0.0, 0.0, 1.0],
                [0.999993, -0.002893, -0.00246, 0.0, 0.000938, 0.815918, -0.578168, 0.3, 0.003679, 0.578161, 0.815914, 0.0, 0.0, 0.0, 0.0, 1.0],
                [0.999993, -0.00154, -0.00347, -0.0, 0.000938, 0.985901, -0.167329, 0.300001, 0.003679, 0.167324, 0.985895, -0.0, 0.0, 0.0, 0.0, 1.0],
                [0.999993, -0.001541, -0.00347, -0.0, 0.000938, 0.985901, -0.167329, 0.3, 0.003679, 0.167324, 0.985895, 0.0, 0.0, 0.0, 0.0, 1.0]
            ]
        },
        {
            "name": "Tool_L",
            "time": [0.0, 0.2, 0.5167, 0.6833, 1.05, 1.5167],
            "transform": [
                [0.997004, 0.01104, -0.076554, 0.0, -0.036659, -0.804079, -0.593391, 0.272858, -0.068067, 0.594062, -0.8008, -0.0, 0.0, 0.0, 0.0, 1.0],
                [0.997004, 0.01104, -0.076554, 0.0, -0.036659, -0.804079, -0.593391, 0.272858, -0.068067, 0.594062, -0.8008, -0.0, 0.0, 0.0, 0.0, 1.0],
                [0.997004, 0.01104, -0.076554, -0.0, -0.036659, -0.804079, -0.593391, 0.272858, -0.068067, 0.594062, -0.8008, -0.0, 0.0, 0.0, 0.0, 1.0],
                [0.997004, 0.01104, -0.076554, -0.0, -0.036659, -0.804079, -0.593391, 0.272858, -0.068067, 0.594062, -0.8008, -0.0, 0.0, 0.0, 0.0, 1.0],
                [0.997004, 0.01104, -0.076554, 0.0, -0.036659, -0.804079, -0.593391, 0.272858, -0.068067, 0.594062, -0.8008, -0.0, 0.0, 0.0, 0.0, 1.0],
                [0.997004, 0.01104, -0.076554, -0.0, -0.036659, -0.804079, -0.593391, 0.272858, -0.068067, 0.594062, -0.8008, -0.0, 0.0, 0.0, 0.0, 1.0]
            ]
        },
        {
            "name": "Elbow_L",
            "time": [0.0, 0.2, 0.5167, 0.6833, 1.05, 1.5167],
            "transform": [
                [-1.0, 0.0, -0.0, 2.7e-05, 0.0, -0.0, -1.0, 0.334301, -0.0, -1.0, -0.0, -0.002121, 0.0, 0.0, 0.0, 1.0],
                [-1.0, 0.0, -0.0, 2.7e-05, 0.0, -0.0, -1.0, 0.334301, -0.0, -1.0, 0.0, -0.002121, 0.0, 0.0, 0.0, 1.0],
                [-1.0, 0.0, -0.0, 2.7e-05, 0.0, -0.0, -1.0, 0.334301, -0.0, -1.0, -0.0, -0.002121, 0.0, 0.0, 0.0, 1.0],
                [-1.0, 0.0, -0.0, 2.7e-05, 0.0, 0.0, -1.0, 0.334302, -0.0, -1.0, -0.0, -0.002121, 0.0, 0.0, 0.0, 1.0],
                [-1.0, 0.0, -0.0, 2.7e-05, 0.0, -0.0, -1.0, 0.334301, -0.0, -1.0, -0.0, -0.002121, 0.0, 0.0, 0.0, 1.0],
                [-1.0, 0.0, -0.0, 2.7e-05, 0.0, -0.0, -1.0, 0.334301, -0.0, -1.0, -0.0, -0.00212, 0.0, 0.0, 0.0, 1.0]
            ]
        }
    ]
}