{
    "animation": [
        {
            "name": "Root",
            "time": [0.0, 0.0833, 0.2333, 0.3333],
            "transform": [
                [0.988959, 0.073048, -0.128931, -5e-06, -0.145278, 0.649484, -0.746368, 0.000946, 0.029218, 0.756858, 0.652925, 0.451381, 0.0, 0.0, 0.0, 1.0],
                [0.999992, 0.003801, -0.00152, -5e-06, -0.001831, 0.083256, -0.996526, 0.000946, -0.003661, 0.996521, 0.083263, 0.688122, 0.0, 0.0, 0.0, 1.0],
                [0.999992, 0.003801, -0.00152, -5e-06, -0.001831, 0.083256, -0.996526, 0.000946, -0.003661, 0.996521, 0.083263, 0.662038, 0.0, 0.0, 0.0, 1.0],
                [0.999992, 0.003801, -0.00152, -5e-06, -0.001831, 0.083256, -0.996526, 0.000946, -0.003661, 0.996521, 0.083263, 0.521938, 0.0, 0.0, 0.0, 1.0]
            ]
        },
        {
            "name": "Thigh_R",
            "time": [0.0, 0.0833, 0.2333, 0.3333],
            "transform": [
                [0.865524, 0.371478, -0.335964, 0.124994, 0.370506, -0.023498, 0.928533, -0.002831, 0.337035, -0.928142, -0.157974, -1.2e-05, 0.0, 0.0, 0.0, 1.0],
                [0.961173, 0.104515, 0.255387, 0.124994, 0.109692, -0.993945, -0.006069, -0.002831, 0.253207, 0.033848, -0.96682, -1.2e-05, 0.0, 0.0, 0.0, 1.0],
                [0.969485, 0.211507, 0.123943, 0.124994, 0.125316, -0.862115, 0.490969, -0.002831, 0.210697, -0.460454, -0.862316, -1.2e-05, 0.0, 0.0, 0.0, 1.0],
                [0.972241, 0.170843, -0.159872, 0.124994, 0.233692, -0.742908, 0.627274, -0.002831, -0.011605, -0.647221, -0.762213, -1.2e-05, 0.0, 0.0, 0.0, 1.0]
            ]
        },
        {
            "name": "Leg_R",
            "time": [0.0, 0.0833, 0.2333, 0.3333],
            "transform": [
                [1.0, -1e-06, 2e-06, -0.0, -2e-06, -0.220957, 0.975283, 0.37472, -0.0, -0.975285, -0.220957, -0.0, 0.0, 0.0, 0.0, 1.0],
                [1.0, 0.0, 1e-06, 0.0, -0.0, 0.955628, 0.294579, 0.37472, -1e-06, -0.29458, 0.955626, -0.0, 0.0, 0.0, 0.0, 1.0],
                [1.0, -0.0, 1e-06, 0.0, -0.0, 0.484313, 0.874894, 0.37472, -0.0, -0.874896, 0.484312, -0.0, 0.0, 0.0, 0.0, 1.0],
                [1.0, 0.0, 1e-06, -0.0, -1e-06, 0.576348, 0.817204, 0.37472, -0.0, -0.817205, 0.576347, -0.0, 0.0, 0.0, 0.0, 1.0]
            ]
        },
        {
            "name": "Knee_R",
            "time": [0.0, 0.0833, 0.2333, 0.3333],
            "transform": [
                [1.0, 0.0, -0.0, -0.001056, -0.0, 1e-06, -1.0, 0.467709, -0.0, 1.0, 1e-06, -0.000189, 0.0, 0.0, 0.0, 1.0],
                [1.0, -0.0, -0.0, 0.000436, -0.0, -0.379828, -0.925057, 0.444163, -0.0, 0.925057, -0.379828, -0.000106, 0.0, 0.0, 0.0, 1.0],
                [1.0, 0.0, -0.0, 0.000459, -0.0, -0.024198, -0.999707, 0.446226, -0.0, 0.999707, -0.024198, -0.000405, 0.0, 0.0, 0.0, 1.0],
                [1.0, 0.0, -0.0, 0.000476, -0.0, -0.153666, -0.988123, 0.457311, -0.0, 0.988123, -0.153666, -0.002008, 0.0, 0.0, 0.0, 1.0]
            ]
        },
        {
            "name": "Thigh_L",
            "time": [0.0, 0.0833, 0.2333, 0.3333],
            "transform": [
                [0.889834, -0.454148, 0.044093, -0.125006, 0.183558, 0.444767, 0.876634, -0.002831, -0.417733, -0.771966, 0.479131, -1.2e-05, 0.0, 0.0, 0.0, 1.0],
                [0.995422, -0.052205, -0.080052, -0.125006, -0.016449, -0.918712, 0.394585, -0.002831, -0.094144, -0.391462, -0.915365, -1.2e-05, 0.0, 0.0, 0.0, 1.0],
                [0.994287, -0.069174, 0.081283, -0.125006, -0.105357, -0.757982, 0.64371, -0.002831, 0.017083, -0.648596, -0.76094, -1.2e-05, 0.0, 0.0, 0.0, 1.0],
                [0.924644, -0.21435, 0.314779, -0.125006, -0.380795, -0.50919, 0.771829, -0.002831, -0.005159, -0.833534, -0.552444, -1.2e-05, 0.0, 0.0, 0.0, 1.0]
            ]
        },
        {
            "name": "Leg_L",
            "time": [0.0, 0.0833, 0.2333, 0.3333],
            "transform": [
                [1.0, -1e-06, 1e-06, 0.0, -1e-06, -0.015418, 0.999881, 0.37472, -1e-06, -0.999881, -0.015418, 0.0, 0.0, 0.0, 0.0, 1.0],
                [1.0, -0.0, 1e-06, -0.0, -0.0, 0.936696, 0.350144, 0.37472, -1e-06, -0.350144, 0.936696, 0.0, 0.0, 0.0, 0.0, 1.0],
                [1.0, -1e-06, 1e-06, -0.0, -0.0, 0.537371, 0.843346, 0.37472, -1e-06, -0.843346, 0.537371, -0.0, 0.0, 0.0, 0.0, 1.0],
                [1.0, -1e-06, 0.0, -0.0, -1e-06, -0.12364, 0.992327, 0.37472, -1e-06, -0.992327, -0.12364, -0.0, 0.0, 0.0, 0.0, 1.0]
            ]
        },
        {
            "name": "Knee_L",
            "time": [0.0, 0.0833, 0.2333, 0.3333],
            "transform": [
                [1.0, 0.0, -0.0, 8.2e-05, -0.0, 1e-06, -1.0, 0.481575, -0.0, 1.0, 1e-06, -0.001102, 0.0, 0.0, 0.0, 1.0],
                [1.0, -0.0, -0.0, 0.000249, -0.0, -0.342688, -0.939449, 0.419266, 0.0, 0.939449, -0.342688, 0.000893, 0.0, 0.0, 0.0, 1.0],
                [1.0, 0.0, -0.0, 0.000118, -0.0, 1e-06, -1.0, 0.429632, -0.0, 1.0, 1e-06, 0.00047, 0.0, 0.0, 0.0, 1.0],
                [1.0, 0.0, -0.0, -0.000586, -0.0, 1e-06, -1.0, 0.485315, 0.0, 1.0, 1e-06, -0.001802, 0.0, 0.0, 0.0, 1.0]
            ]
        },
        {
            "name": "Torso",
            "time": [0.0, 0.0833, 0.2333, 0.3333],
            "transform": [
                [0.99978, -0.020628, 0.003787, 0.0, 0.020971, 0.985002, -0.171264, 0.05, -0.000198, 0.171305, 0.985218, -0.0, 0.0, 0.0, 0.0, 1.0],
                [0.999995, -0.003292, -4.5e-05, 0.0, 0.003292, 0.999617, 0.027484, 0.05, -4.5e-05, -0.027484, 0.999622, 0.0, 0.0, 0.0, 0.0, 1.0],
                [0.999999, -0.001385, -2e-05, -0.0, 0.001385, 0.999595, 0.028416, 0.05, -2e-05, -0.028416, 0.999596, 0.0, 0.0, 0.0, 0.0, 1.0],
                [1.0, -0.0, 0.0, 0.0, 0.0, 0.999577, 0.029094, 0.05, -0.0, -0.029094, 0.999577, 0.0, 0.0, 0.0, 0.0, 1.0]
            ]
        },
        {
            "name": "Chest",
            "time": [0.0, 0.0833, 0.2333, 0.3333],
            "transform": [
                [0.999771, -0.021001, -0.004179, 0.0, 0.021411, 0.978621, 0.204555, 0.3, -0.000206, -0.204598, 0.978846, -0.0, 0.0, 0.0, 0.0, 1.0],
                [0.99987, -0.015945, 0.002306, -0.0, 0.016111, 0.990586, -0.135941, 0.3, -0.000117, 0.13596, 0.990714, -0.0, 0.0, 0.0, 0.0, 1.0],
                [0.999903, -0.013831, 0.001403, 0.0, 0.0139, 0.99653, -0.082062, 0.3, -0.000263, 0.082074, 0.996626, -0.0, 0.0, 0.0, 0.0, 1.0],
                [0.999924, -0.012041, -0.002498, 0.0, 0.012297, 0.977947, 0.208491, 0.3, -6.8e-05, -0.208506, 0.978021, -0.0, 0.0, 0.0, 0.0, 1.0]
            ]
        },
        {
            "name": "Head",
            "time": [0.0, 0.0833, 0.2333, 0.3333],
            "transform": [
                [0.996759, 0.039911, 0.069855, 0.0, -0.002167, 0.881281, -0.472588, 0.4, -0.080423, 0.470905, 0.87851, 0.0, 0.0, 0.0, 0.0, 1.0],
                [0.999807, 0.016312, 0.01097, 0.0, -0.014093, 0.983827, -0.178566, 0.4, -0.013705, 0.178376, 0.983867, -0.0, 0.0, 0.0, 0.0, 1.0],
                [0.999879, 0.014826, 0.004794, -0.0, -0.014215, 0.993946, -0.108948, 0.4, -0.00638, 0.108867, 0.994036, 0.0, 0.0, 0.0, 0.0, 1.0],
                [0.999902, 0.014021, 0.00026, 0.0, -0.013982, 0.998211, -0.058135, 0.4, -0.001075, 0.058125, 0.998309, -0.0, 0.0, 0.0, 0.0, 1.0]
            ]
        },
        {
            "name": "Shoulder_R",
            "time": [0.0, 0.0833, 0.2333, 0.3333],
            "transform": [
                [-0.304063, 0.902256, 0.305743, 0.0, 0.097641, -0.289733, 0.952114, 0.4, 0.947635, 0.319356, -0.0, 0.0, 0.0, 0.0, 0.0, 1.0],
                [0.0, 0.952114, 0.305743, 0.0, 0.0, -0.305743, 0.952114, 0.4, 1.0, -0.0, -0.0, -0.0, 0.0, 0.0, 0.0, 1.0],
                [0.0, 0.952114, 0.305743, -0.0, 0.0, -0.305743, 0.952114, 0.4, 1.0, -0.0, -0.0, 0.0, 0.0, 0.0, 0.0, 1.0],
                [0.0, 0.952114, 0.305743, 0.0, -0.0, -0.305743, 0.952114, 0.4, 1.0, 0.0, -0.0, -0.0, 0.0, 0.0, 0.0, 1.0]
            ]
        },
        {
            "name": "Arm_R",
            "time": [0.0, 0.0833, 0.2333, 0.3333],
            "transform": [
                [0.539959, 0.29162, -0.789558, -0.0, 0.688205, 0.387098, 0.61362, 0.393861, 0.48458, -0.874707, 0.008323, -0.0, 0.0, 0.0, 0.0, 1.0],
                [-0.015404, 0.218103, -0.975804, 0.0, 0.910785, 0.405766, 0.076316, 0.39386, 0.412593, -0.887573, -0.204895, 0.0, 0.0, 0.0, 0.0, 1.0],
                [-0.01361, 0.230506, -0.972976, 0.0, 0.88624, 0.453378, 0.095013, 0.39386, 0.463027, -0.860997, -0.210454, -0.0, 0.0, 0.0, 0.0, 1.0],
                [-0.015712, 0.293875, -0.955715, 0.0, 0.718174, 0.668358, 0.193708, 0.393861, 0.695686, -0.683326, -0.221555, 0.0, 0.0, 0.0, 0.0, 1.0]
            ]
        },
        {
            "name": "Hand_R",
            "time": [0.0, 0.0833, 0.2333, 0.3333],
            "transform": [
                [1.0, -0.0, 0.0, 0.0, 0.0, 0.479915, -0.877315, 0.3, -0.0, 0.877315, 0.479915, -0.0, 0.0, 0.0, 0.0, 1.0],
                [1.0, 0.0, 0.0, 0.0, -0.0, 0.993938, 0.109947, 0.3, -0.0, -0.109947, 0.993937, -0.0, 0.0, 0.0, 0.0, 1.0],
                [1.0, 0.0, 0.0, 0.0, -0.0, 0.999941, -0.010858, 0.3, -0.0, 0.010858, 0.999941, -0.0, 0.0, 0.0, 0.0, 1.0],
                [1.0, -0.0, 0.0, 0.0, -0.0, 0.782245, -0.622971, 0.3, -0.0, 0.622971, 0.782245, -0.0, 0.0, 0.0, 0.0, 1.0]
            ]
        },
        {
            "name": "Tool_R",
            "time": [0.0, 0.0833, 0.2333, 0.3333],
            "transform": [
                [1.0, -0.0, 0.0, -0.0, 0.0, -0.849163, -0.528131, 0.203775, 0.0, 0.527809, -0.848666, -0.111012, 0.0, 0.0, 0.0, 1.0],
                [1.0, 0.0, 0.0, -0.0, 0.0, -0.999836, 0.018122, 0.272858, 0.0, -0.018122, -0.999244, 0.0, 0.0, 0.0, 0.0, 1.0],
                [1.0, 0.0, 0.0, 0.0, 0.0, -0.999836, 0.018122, 0.272858, 0.0, -0.018122, -0.999244, -0.0, 0.0, 0.0, 0.0, 1.0],
                [1.0, 0.0, 0.0, 0.0, 0.0, -0.999836, 0.018122, 0.272858, 0.0, -0.018122, -0.999244, -0.0, 0.0, 0.0, 0.0, 1.0]
            ]
        },
        {
            "name": "Elbow_R",
            "time": [0.0, 0.0833, 0.2333, 0.3333],
            "transform": [
                [-1.0, 0.0, -0.0, -0.000726, 0.0, -0.0, -1.0, 0.405975, -0.0, -1.0, 0.0, 0.00022, 0.0, 0.0, 0.0, 1.0],
                [-1.0, 0.0, -0.0, 0.0, 0.0, -0.0, -1.0, 0.3, -0.0, -1.0, 0.0, -0.0, 0.0, 0.0, 0.0, 1.0],
                [-1.0, 0.0, -0.0, 0.000307, 0.0, -0.0, -1.0, 0.311179, -0.0, -1.0, 0.0, 0.000247, 0.0, 0.0, 0.0, 1.0],
                [-1.0, 0.0, 0.0, 0.000534, 0.0, -0.0, -1.0, 0.37122, -0.0, -1.0, 0.0, 0.001571, 0.0, 0.0, 0.0, 1.0]
            ]
        },
        {
            "name": "Shoulder_L",
            "time": [0.0, 0.0833, 0.2333, 0.3333],
            "transform": [
                [-0.149577, -0.942391, -0.299208, 0.0, 0.003199, -0.303072, 0.952962, 0.4, -0.988745, 0.141584, 0.048347, 0.0, 0.0, 0.0, 0.0, 1.0],
                [-0.062772, -0.950636, -0.303894, 0.0, 0.001287, -0.304571, 0.952489, 0.4, -0.998027, 0.059399, 0.020342, -0.0, 0.0, 0.0, 0.0, 1.0],
                [-0.026419, -0.951947, -0.305121, -0.0, 0.000532, -0.305241, 0.952275, 0.4, -0.999651, 0.024996, 0.008571, 0.0, 0.0, 0.0, 0.0, 1.0],
                [-0.0, -0.952114, -0.305743, 0.0, 0.0, -0.305743, 0.952114, 0.4, -1.0, 0.0, 0.0, -0.0, 0.0, 0.0, 0.0, 1.0]
            ]
        },
        {
            "name": "Arm_L",
            "time": [0.0, 0.0833, 0.2333, 0.3333],
            "transform": [
                [0.452908, -0.636286, 0.624511, -0.0, -0.507547, 0.391879, 0.767351, 0.39386, -0.732987, -0.664508, -0.14546, 0.0, 0.0, 0.0, 0.0, 1.0],
                [-0.078047, -0.140953, 0.986935, 0.0, -0.890563, 0.454828, -0.005468, 0.39386, -0.448115, -0.879354, -0.161025, 0.0, 0.0, 0.0, 0.0, 1.0],
                [-0.035037, -0.126507, 0.991347, -0.0, -0.88136, 0.471553, 0.029026, 0.39386, -0.471144, -0.872716, -0.12802, -0.0, 0.0, 0.0, 0.0, 1.0],
                [0.172569, -0.141537, 0.974775, 0.0, -0.795967, 0.562907, 0.222648, 0.39386, -0.580221, -0.814311, -0.015518, -0.0, 0.0, 0.0, 0.0, 1.0]
            ]
        },
        {
            "name": "Hand_L",
            "time": [0.0, 0.0833, 0.2333, 0.3333],
            "transform": [
                [1.0, 0.0, 0.0, 0.0, -0.0, 0.479915, -0.877315, 0.3, -0.0, 0.877315, 0.479915, 0.0, 0.0, 0.0, 0.0, 1.0],
                [1.0, 0.0, 0.0, 0.0, -0.0, 0.993938, 0.109947, 0.3, -0.0, -0.109947, 0.993938, 0.0, 0.0, 0.0, 0.0, 1.0],
                [1.0, 0.0, 0.0, 0.0, -0.0, 0.999941, -0.010858, 0.3, -0.0, 0.010858, 0.999941, 0.0, 0.0, 0.0, 0.0, 1.0],
                [1.0, 0.0, -0.0, -0.0, -0.0, 0.782245, -0.622971, 0.3, -0.0, 0.62297, 0.782246, 0.0, 0.0, 0.0, 0.0, 1.0]
            ]
        },
        {
            "name": "Tool_L",
            "time": [0.0, 0.0833, 0.2333, 0.3333],
            "transform": [
                [1.0, 0.0, 0.0, -0.0, 0.0, -0.999836, 0.018122, 0.272858, 0.0, -0.018122, -0.999247, 0.0, 0.0, 0.0, 0.0, 1.0],
                [1.0, 0.0, 0.0, -0.0, 0.0, -0.999836, 0.018122, 0.272858, 0.0, -0.018122, -0.999247, 0.0, 0.0, 0.0, 0.0, 1.0],
                [1.0, 0.0, 0.0, -0.0, -0.0, -0.999836, 0.018122, 0.272858, 0.0, -0.018122, -0.999247, -0.0, 0.0, 0.0, 0.0, 1.0],
                [1.0, -0.0, 0.0, 0.0, 0.0, -0.999836, 0.018122, 0.272858, 0.0, -0.018122, -0.999247, -0.0, 0.0, 0.0, 0.0, 1.0]
            ]
        },
        {
            "name": "Elbow_L",
            "time": [0.0, 0.0833, 0.2333, 0.3333],
            "transform": [
                [-1.0, 0.0, -0.0, 5.2e-05, 0.0, -0.0, -1.0, 0.410114, -0.0, -1.0, -0.0, 0.00061, 0.0, 0.0, 0.0, 1.0],
                [-1.0, 0.0, -0.0, 0.0, 0.0, -0.0, -1.0, 0.3, -0.0, -1.0, -0.0, 0.0, 0.0, 0.0, 0.0, 1.0],
                [-1.0, 0.0, -0.0, 0.000293, 0.0, -0.0, -1.0, 0.312072, -0.0, -1.0, 0.0, 0.000301, 0.0, 0.0, 0.0, 1.0],
                [-1.0, 0.0, -0.0, 0.001869, 0.0, -0.0, -1.0, 0.376914, -0.0, -1.0, -0.0, 0.001919, 0.0, 0.0, 0.0, 1.0]
            ]
        }
    ]
}