{
    "animation": [
        {
            "name": "Root",
            "time": [0.0, 0.1167, 0.2667, 0.3833, 0.5167, 0.7833, 0.9833, 1.15],
            "transform": [
                [0.999992, 0.003801, -0.00152, -5e-06, -0.001831, 0.083256, -0.996526, 0.000946, -0.003661, 0.996521, 0.083263, 0.744444, 0.0, 0.0, 0.0, 1.0],
                [0.924528, -0.378691, -0.042906, -5e-06, -0.077179, -0.075787, -0.994133, 0.000946, 0.373217, 0.922415, -0.099294, 0.812169, 0.0, 0.0, 0.0, 1.0],
                [0.877169, -0.478378, -0.041579, -5e-06, -0.108339, -0.112808, -0.987693, 0.000946, 0.4678, 0.870878, -0.150779, 0.830556, 0.0, 0.0, 0.0, 1.0],
                [0.919507, -0.387438, 0.066326, -0.021064, 0.058639, -0.031642, -0.997778, 0.189497, 0.388676, 0.921353, -0.006376, 0.729789, 0.0, 0.0, 0.0, 1.0],
                [0.786642, -0.103904, 0.608604, -0.087189, 0.603002, 0.341003, -0.721184, 0.82468, -0.132602, 0.934302, 0.330902, 0.413395, 0.0, 0.0, 0.0, 1.0],
                [0.676674, -0.053254, 0.734354, -0.050906, 0.707833, 0.321624, -0.628913, 0.877935, -0.202694, 0.945369, 0.25533, 0.47795, 0.0, 0.0, 0.0, 1.0],
                [0.965627, 0.25234, 0.062358, -0.015455, 0.028726, 0.134832, -0.990452, 1.346138, -0.258339, 0.958199, 0.122949, 0.789938, 0.0, 0.0, 0.0, 1.0],
                [0.854339, 0.028643, -0.518927, -5e-06, -0.51914, 0.0, -0.854689, 1.515036, -0.024481, 0.99959, 0.01487, 0.753683, 0.0, 0.0, 0.0, 1.0]
            ]
        },
        {
            "name": "Thigh_R",
            "time": [0.0, 0.1167, 0.2667, 0.3833, 0.5167, 0.7833, 0.9833, 1.15],
            "transform": [
                [0.972241, 0.170843, -0.159872, 0.124994, 0.233692, -0.742908, 0.627274, -0.002831, -0.011605, -0.647221, -0.762213, -1.2e-05, 0.0, 0.0, 0.0, 1.0],
                [0.941935, 0.33423, -0.032376, 0.124994, 0.213481, -0.521619, 0.826038, -0.002831, 0.259199, -0.784984, -0.562684, -1.2e-05, 0.0, 0.0, 0.0, 1.0],
                [0.904199, 0.426935, -0.01217, 0.124994, 0.177802, -0.35035, 0.919588, -0.002831, 0.388341, -0.833653, -0.392698, -1.2e-05, 0.0, 0.0, 0.0, 1.0],
                [0.870207, 0.48689, -0.075339, 0.124994, 0.145541, -0.107948, 0.983446, -0.002831, 0.470698, -0.866765, -0.164801, -1.2e-05, 0.0, 0.0, 0.0, 1.0],
                [0.81837, 0.531122, -0.219495, 0.124994, 0.052291, 0.311533, 0.948796, -0.002831, 0.572306, -0.787943, 0.227176, -1.2e-05, 0.0, 0.0, 0.0, 1.0],
                [0.834452, 0.543487, -0.091156, 0.124994, 0.026846, 0.125126, 0.991778, -0.002831, 0.550426, -0.830037, 0.089821, -1.2e-05, 0.0, 0.0, 0.0, 1.0],
                [0.957396, 0.244111, 0.154278, 0.124994, 0.185269, -0.929029, 0.320276, -0.002831, 0.221512, -0.278047, -0.934678, -1.2e-05, 0.0, 0.0, 0.0, 1.0],
                [0.992811, 0.11785, -0.020883, 0.124994, 0.118536, -0.992318, 0.035348, -0.002831, -0.016557, -0.037569, -0.999157, -1.2e-05, 0.0, 0.0, 0.0, 1.0]
            ]
        },
        {
            "name": "Leg_R",
            "time": [0.0, 0.1167, 0.2667, 0.3833, 0.5167, 0.7833, 0.9833, 1.15],
            "transform": [
                [1.0, 0.0, 1e-06, -0.0, -1e-06, 0.576348, 0.817204, 0.37472, -0.0, -0.817205, 0.576347, -0.0, 0.0, 0.0, 0.0, 1.0],
                [1.0, 0.0, 1e-06, 0.0, -1e-06, 0.179451, 0.983766, 0.37472, 0.0, -0.983768, 0.179451, 0.0, 0.0, 0.0, 0.0, 1.0],
                [1.0, -0.0, 1e-06, -0.0, -1e-06, 0.063461, 0.997984, 0.37472, -0.0, -0.997985, 0.063461, 0.0, 0.0, 0.0, 0.0, 1.0],
                [1.0, -0.0, 1e-06, 0.0, -1e-06, 0.139907, 0.990164, 0.37472, -0.0, -0.990165, 0.139907, -0.0, 0.0, 0.0, 0.0, 1.0],
                [1.0, 0.0, 1e-06, -0.0, -1e-06, 0.443595, 0.896227, 0.37472, -0.0, -0.896228, 0.443594, -0.0, 0.0, 0.0, 0.0, 1.0],
                [1.0, 0.0, 1e-06, -0.0, -1e-06, 0.524742, 0.851261, 0.37472, -0.0, -0.851262, 0.524741, -0.0, 0.0, 0.0, 0.0, 1.0],
                [1.0, 0.0, 1e-06, -0.0, -0.0, 0.987135, 0.159895, 0.37472, -1e-06, -0.159896, 0.987133, -0.0, 0.0, 0.0, 0.0, 1.0],
                [1.0, -0.0, 1e-06, 0.0, 0.0, 0.997612, 0.069073, 0.37472, -1e-06, -0.069073, 0.997611, -0.0, 0.0, 0.0, 0.0, 1.0]
            ]
        },
        {
            "name": "Knee_R",
            "time": [0.0, 0.1167, 0.2667, 0.3833, 0.5167, 0.7833, 1.15],
            "transform": [
                [1.0, 0.0, -0.0, 0.000476, -0.0, -0.153666, -0.988123, 0.457311, -0.0, 0.988123, -0.153666, -0.002008, 0.0, 0.0, 0.0, 1.0],
                [1.0, 0.0, -0.0, 0.000476, -0.0, -0.153666, -0.988123, 0.457311, -0.0, 0.988123, -0.153666, -0.002008, 0.0, 0.0, 0.0, 1.0],
                [1.0, 0.0, -0.0, 0.000476, -0.0, -0.153666, -0.988123, 0.457311, -0.0, 0.988123, -0.153666, -0.002008, 0.0, 0.0, 0.0, 1.0],
                [1.0, 0.0, -0.0, 0.000476, -0.0, -0.191352, -0.981521, 0.457311, -0.0, 0.981521, -0.191352, -0.002008, 0.0, 0.0, 0.0, 1.0],
                [1.0, -0.0, -0.0, 0.000476, -0.0, -0.343296, -0.939227, 0.457311, -0.0, 0.939227, -0.343296, -0.002008, 0.0, 0.0, 0.0, 1.0],
                [1.0, -0.0, -0.0, 0.000476, -0.0, -0.386281, -0.922381, 0.457311, -0.0, 0.922381, -0.386281, -0.002008, 0.0, 0.0, 0.0, 1.0],
                [1.0, 0.0, -0.0, 0.0, -0.0, 1e-06, -1.0, 0.37472, -0.0, 1.0, 1e-06, -0.0, 0.0, 0.0, 0.0, 1.0]
            ]
        },
        {
            "name": "Thigh_L",
            "time": [0.0, 0.1167, 0.2667, 0.3833, 0.5167, 0.7833, 0.9833, 1.15],
            "transform": [
                [0.924644, -0.21435, 0.314779, -0.125006, -0.380795, -0.50919, 0.771829, -0.002831, -0.005159, -0.833534, -0.552444, -1.2e-05, 0.0, 0.0, 0.0, 1.0],
                [0.93947, -0.337627, 0.058338, -0.125006, -0.342328, -0.932074, 0.118525, -0.002831, 0.014358, -0.131322, -0.991235, -1.2e-05, 0.0, 0.0, 0.0, 1.0],
                [0.941431, -0.327028, -0.082219, -0.125006, -0.333403, -0.939234, -0.081744, -0.002831, -0.05049, 0.104369, -0.993256, -1.2e-05, 0.0, 0.0, 0.0, 1.0],
                [0.89474, -0.388873, -0.219585, -0.125006, -0.404288, -0.914192, -0.028369, -0.002831, -0.189711, 0.114159, -0.97518, -1.2e-05, 0.0, 0.0, 0.0, 1.0],
                [0.699127, -0.577776, -0.421184, -0.125006, -0.580186, -0.802695, 0.138072, -0.002831, -0.417857, 0.147836, -0.896404, -1.2e-05, 0.0, 0.0, 0.0, 1.0],
                [0.941431, -0.327028, -0.082219, -0.125006, -0.333403, -0.939234, -0.081744, -0.002831, -0.05049, 0.104369, -0.993256, -1.2e-05, 0.0, 0.0, 0.0, 1.0],
                [0.969207, -0.245968, 0.011667, -0.125006, -0.222864, -0.856052, 0.466375, -0.002831, -0.104725, -0.454614, -0.88451, -1.2e-05, 0.0, 0.0, 0.0, 1.0],
                [0.869242, -0.120567, -0.479458, -0.125006, -0.021407, -0.978077, 0.207141, -0.002831, -0.493921, -0.169792, -0.852767, -1.2e-05, 0.0, 0.0, 0.0, 1.0]
            ]
        },
        {
            "name": "Leg_L",
            "time": [0.0, 0.1167, 0.2667, 0.3833, 0.5167, 0.7833, 0.9833, 1.15],
            "transform": [
                [1.0, -1e-06, 0.0, -0.0, -1e-06, -0.12364, 0.992327, 0.37472, -1e-06, -0.992327, -0.12364, -0.0, 0.0, 0.0, 0.0, 1.0],
                [1.0, -0.0, 1e-06, 0.0, -1e-06, 0.637028, 0.770841, 0.37472, -1e-06, -0.77084, 0.637028, 0.0, 0.0, 0.0, 0.0, 1.0],
                [1.0, 0.0, 1e-06, -0.0, -1e-06, 0.787131, 0.616786, 0.37472, -1e-06, -0.616785, 0.787132, 0.0, 0.0, 0.0, 0.0, 1.0],
                [1.0, 0.0, 1e-06, 0.0, -1e-06, 0.787131, 0.616786, 0.37472, -1e-06, -0.616785, 0.787132, -0.0, 0.0, 0.0, 0.0, 1.0],
                [1.0, 0.0, 1e-06, 0.0, -1e-06, 0.787131, 0.616786, 0.37472, -1e-06, -0.616785, 0.787132, 0.0, 0.0, 0.0, 0.0, 1.0],
                [1.0, 0.0, 1e-06, -0.0, -1e-06, 0.787131, 0.616786, 0.37472, -1e-06, -0.616785, 0.787132, 0.0, 0.0, 0.0, 0.0, 1.0],
                [0.999524, 0.017053, 0.025711, -0.0, -0.028909, 0.226635, 0.973551, 0.37472, 0.010775, -0.97383, 0.22702, 0.0, 0.0, 0.0, 0.0, 1.0],
                [0.998576, 0.053235, -0.003397, 0.0, -0.051599, 0.980122, 0.191569, 0.37472, 0.013527, -0.191121, 0.981474, 0.0, 0.0, 0.0, 0.0, 1.0]
            ]
        },
        {
            "name": "Knee_L",
            "time": [0.0, 0.1167, 0.2667, 0.3833, 0.5167, 0.7833, 1.15],
            "transform": [
                [1.0, 0.0, -0.0, -0.000586, -0.0, 1e-06, -1.0, 0.485315, 0.0, 1.0, 1e-06, -0.001802, 0.0, 0.0, 0.0, 1.0],
                [1.0, -0.0, -0.0, -0.000586, -0.0, -0.444889, -0.895586, 0.485315, -0.0, 0.895586, -0.444889, -0.001802, 0.0, 0.0, 0.0, 1.0],
                [1.0, -0.0, -0.0, -0.000586, -0.0, -0.552363, -0.833604, 0.485315, 0.0, 0.833604, -0.552363, -0.001802, 0.0, 0.0, 0.0, 1.0],
                [1.0, -0.0, -0.0, -0.000586, -0.0, -0.552363, -0.833604, 0.485315, 0.0, 0.833604, -0.552363, -0.001802, 0.0, 0.0, 0.0, 1.0],
                [1.0, -0.0, -0.0, -0.000586, -0.0, -0.552363, -0.833604, 0.485315, 0.0, 0.833604, -0.552363, -0.001802, 0.0, 0.0, 0.0, 1.0],
                [1.0, -0.0, -0.0, -0.000586, -0.0, -0.552363, -0.833604, 0.485315, 0.0, 0.833604, -0.552363, -0.001802, 0.0, 0.0, 0.0, 1.0],
                [1.0, 0.0, -0.0, 0.0, -0.0, 1e-06, -1.0, 0.37472, -0.0, 1.0, 1e-06, 0.0, 0.0, 0.0, 0.0, 1.0]
            ]
        },
        {
            "name": "Torso",
            "time": [0.0, 0.1167, 0.2667, 0.3833, 0.5167, 0.7833, 1.15],
            "transform": [
                [1.0, -0.0, 0.0, -0.0, 0.0, 0.999577, 0.029094, 0.05, -0.0, -0.029094, 0.999577, 0.0, 0.0, 0.0, 0.0, 1.0],
                [1.0, 0.0, 0.0, 0.0, -0.0, 0.993563, 0.113277, 0.05, 0.0, -0.113277, 0.993563, -0.0, 0.0, 0.0, 0.0, 1.0],
                [1.0, -0.0, 0.0, 0.0, 0.0, 0.990688, 0.136152, 0.05, -0.0, -0.136152, 0.990688, 0.0, 0.0, 0.0, 0.0, 1.0],
                [0.995546, -1e-05, 0.094277, -0.0, -0.012846, 0.990658, 0.135761, 0.05, -0.093397, -0.136367, 0.986246, 0.0, 0.0, 0.0, 0.0, 1.0],
                [0.883231, -3.8e-05, 0.468938, 0.0, -0.063885, 0.990667, 0.120406, 0.05, -0.464566, -0.136305, 0.874985, -0.0, 0.0, 0.0, 0.0, 1.0],
                [0.824551, -0.0, 0.565788, 0.0, -0.077033, 0.990688, 0.112264, 0.05, -0.56052, -0.136152, 0.816872, 0.0, 0.0, 0.0, 0.0, 1.0],
                [0.999042, -0.043673, -0.002705, -0.0, 0.04367, 0.999045, -0.001423, 0.05, 0.002765, 0.001304, 0.999995, -0.0, 0.0, 0.0, 0.0, 1.0]
            ]
        },
        {
            "name": "Chest",
            "time": [0.0, 0.1167, 0.2667, 0.3833, 0.5167, 0.7833, 1.15],
            "transform": [
                [0.999924, -0.012041, -0.002498, 0.0, 0.012297, 0.977947, 0.208491, 0.3, -6.8e-05, -0.208506, 0.978021, -0.0, 0.0, 0.0, 0.0, 1.0],
                [0.972907, -0.012077, -0.230883, 0.0, 0.059504, 0.978073, 0.199582, 0.3, 0.22341, -0.207913, 0.952292, 0.0, 0.0, 0.0, 0.0, 1.0],
                [0.956351, -0.012041, -0.291972, 0.0, 0.072149, 0.977947, 0.195995, 0.3, 0.283173, -0.208506, 0.93613, -0.0, 0.0, 0.0, 0.0, 1.0],
                [0.985503, 0.009727, -0.169379, -0.0, 0.034379, 0.966194, 0.255515, 0.3, 0.166139, -0.257634, 0.951852, 0.0, 0.0, 0.0, 0.0, 1.0],
                [0.959412, 0.02444, 0.280948, -0.0, -0.138523, 0.908611, 0.394001, 0.3, -0.245643, -0.416927, 0.875118, 0.0, 0.0, 0.0, 0.0, 1.0],
                [0.947091, -0.072129, 0.312756, 0.0, -0.055732, 0.922664, 0.381556, 0.3, -0.31609, -0.378799, 0.869827, -0.0, 0.0, 0.0, 0.0, 1.0],
                [0.999771, -0.021316, -0.002029, -0.0, 0.021411, 0.994316, 0.104295, 0.3, -0.000206, -0.104315, 0.994544, -0.0, 0.0, 0.0, 0.0, 1.0]
            ]
        },
        {
            "name": "Head",
            "time": [0.0, 0.1167, 0.2667, 0.3833, 0.5167, 0.7833, 1.15],
            "transform": [
                [0.999902, 0.014021, 0.00026, 0.0, -0.013982, 0.998211, -0.058135, 0.4, -0.001075, 0.058125, 0.998309, -0.0, 0.0, 0.0, 0.0, 1.0],
                [0.959745, 0.01386, 0.280531, -0.0, 0.002915, 0.998236, -0.059292, 0.4, -0.280858, 0.057723, 0.958012, 0.0, 0.0, 0.0, 0.0, 1.0],
                [0.934427, 0.014021, 0.35588, 0.0, 0.007609, 0.998211, -0.059306, 0.4, -0.356074, 0.058125, 0.932648, 0.0, 0.0, 0.0, 0.0, 1.0],
                [0.992335, 0.014231, 0.122752, 0.0, -0.006878, 0.998168, -0.060112, 0.4, -0.123383, 0.058807, 0.990615, -0.0, 0.0, 0.0, 0.0, 1.0],
                [0.549643, 0.013899, -0.835284, -0.0, -0.056573, 0.998186, -0.020617, 0.4, 0.833482, 0.058586, 0.549432, 0.0, 0.0, 0.0, 0.0, 1.0],
                [0.290423, 0.014021, -0.956796, -0.0, -0.05969, 0.998211, -0.00349, 0.4, 0.955035, 0.058125, 0.290741, -0.0, 0.0, 0.0, 0.0, 1.0],
                [0.85311, 0.037721, 0.520365, -0.0, -0.006297, 0.998055, -0.062025, 0.4, -0.521692, 0.049637, 0.851689, -0.0, 0.0, 0.0, 0.0, 1.0]
            ]
        },
        {
            "name": "Shoulder_R",
            "time": [0.0, 0.1167, 0.2667, 0.3833, 0.5167, 0.7833, 1.15],
            "transform": [
                [0.0, 0.952114, 0.305743, 0.0, -0.0, -0.305743, 0.952114, 0.4, 1.0, 0.0, -0.0, -0.0, 0.0, 0.0, 0.0, 1.0],
                [-0.039501, 0.951294, 0.305743, -0.0, 0.012685, -0.30548, 0.952114, 0.4, 0.999139, 0.041488, -0.0, 0.0, 0.0, 0.0, 0.0, 1.0],
                [-0.090583, 0.947795, 0.305743, 0.0, 0.029088, -0.304356, 0.952114, 0.4, 0.995464, 0.095139, -0.0, 0.0, 0.0, 0.0, 0.0, 1.0],
                [-0.191032, 0.932753, 0.305743, 0.0, 0.061344, -0.299526, 0.952114, 0.4, 0.979665, 0.20064, -0.0, -0.0, 0.0, 0.0, 0.0, 1.0],
                [-0.396081, 0.865818, 0.305743, -0.0, 0.12719, -0.278032, 0.952114, 0.4, 0.909364, 0.416001, -0.0, 0.0, 0.0, 0.0, 0.0, 1.0],
                [-0.440061, 0.844315, 0.305743, -0.0, 0.141313, -0.271127, 0.952114, 0.4, 0.886779, 0.462194, -0.0, -0.0, 0.0, 0.0, 0.0, 1.0],
                [0.110305, 0.959352, 0.259762, -0.0, 0.091141, -0.270019, 0.958532, 0.4, 0.98971, -0.082056, -0.11722, -0.0, 0.0, 0.0, 0.0, 1.0]
            ]
        },
        {
            "name": "Arm_R",
            "time": [0.0, 0.1167, 0.2667, 0.3833, 0.5167, 0.7833, 1.15],
            "transform": [
                [-0.015712, 0.293875, -0.955715, 0.0, 0.718174, 0.668358, 0.193708, 0.39386, 0.695686, -0.683326, -0.221555, 0.0, 0.0, 0.0, 0.0, 1.0],
                [-0.120568, 0.786343, -0.60591, 0.0, -0.265299, 0.562639, 0.782977, 0.393861, 0.956598, 0.255149, 0.14078, 0.0, 0.0, 0.0, 0.0, 1.0],
                [-0.293294, 0.806921, -0.512696, 0.0, -0.564897, 0.286375, 0.773874, 0.39386, 0.771278, 0.516593, 0.371835, 0.0, 0.0, 0.0, 0.0, 1.0],
                [0.112964, 0.514486, -0.850026, 0.0, -0.936422, 0.341152, 0.08204, 0.39386, 0.332196, 0.786715, 0.520313, 0.0, 0.0, 0.0, 0.0, 1.0],
                [-0.696875, 0.107927, -0.709025, 0.0, -0.59458, 0.465883, 0.655307, 0.393861, 0.401048, 0.87824, -0.260491, 0.0, 0.0, 0.0, 0.0, 1.0],
                [-0.774147, 0.08363, -0.627457, -0.0, -0.431458, 0.655596, 0.619707, 0.39386, 0.463185, 0.750466, -0.471445, -0.0, 0.0, 0.0, 0.0, 1.0],
                [0.016005, 0.280634, -0.959681, 0.0, 0.894149, 0.425534, 0.139349, 0.393861, 0.447483, -0.860328, -0.244118, 0.0, 0.0, 0.0, 0.0, 1.0]
            ]
        },
        {
            "name": "Hand_R",
            "time": [0.0, 0.1167, 0.2667, 0.3833, 0.5167, 0.7833, 1.15],
            "transform": [
                [1.0, -0.0, 0.0, 0.0, -0.0, 0.782245, -0.622971, 0.3, -0.0, 0.622971, 0.782245, -0.0, 0.0, 0.0, 0.0, 1.0],
                [1.0, 0.0, -0.0, -0.0, 0.0, 0.782245, -0.622971, 0.3, 0.0, 0.622971, 0.782245, 0.0, 0.0, 0.0, 0.0, 1.0],
                [1.0, -0.0, 0.0, -0.0, 0.0, 0.782245, -0.622971, 0.3, -0.0, 0.622971, 0.782245, -0.0, 0.0, 0.0, 0.0, 1.0],
                [1.0, -0.0, -0.0, -0.0, 0.0, 0.823287, -0.567626, 0.3, 0.0, 0.567626, 0.823287, 0.0, 0.0, 0.0, 0.0, 1.0],
                [1.0, -0.0, -0.0, 0.0, 0.0, 0.949898, -0.312559, 0.3, -0.0, 0.312559, 0.949898, -0.0, 0.0, 0.0, 0.0, 1.0],
                [1.0, 0.0, -0.0, -0.0, -0.0, 0.972587, -0.232542, 0.3, 0.0, 0.232541, 0.972586, -0.0, 0.0, 0.0, 0.0, 1.0],
                [0.999998, -1.3e-05, 0.001823, -0.0, 0.000868, 0.882719, -0.4699, 0.3, -0.001603, 0.469901, 0.882718, 0.0, 0.0, 0.0, 0.0, 1.0]
            ]
        },
        {
            "name": "Tool_R",
            "time": [0.0, 0.1167, 0.2667, 0.3833, 0.5167, 0.7833, 1.15],
            "transform": [
                [1.0, 0.0, 0.0, -0.0, 0.0, -0.999836, 0.018122, 0.272858, 0.0, -0.018122, -0.999244, -0.0, 0.0, 0.0, 0.0, 1.0],
                [1.0, -0.0, 0.0, -0.0, 0.0, -0.860746, -0.509035, 0.272858, 0.0, 0.508724, -0.860242, -0.0, 0.0, 0.0, 0.0, 1.0],
                [1.0, -0.0, 0.0, -0.0, -0.0, -0.776178, -0.630514, 0.272858, 0.0, 0.630132, -0.775725, -0.0, 0.0, 0.0, 0.0, 1.0],
                [1.0, 0.0, 0.0, 0.0, 0.0, -0.999902, 0.013996, 0.272858, 0.0, -0.013999, -0.99931, 0.0, 0.0, 0.0, 0.0, 1.0],
                [1.0, -0.0, 0.0, 0.0, 0.0, -0.968422, -0.249317, 0.272858, 0.0, 0.249159, -0.967851, 0.0, 0.0, 0.0, 0.0, 1.0],
                [1.0, 0.0, 0.0, 0.0, 0.0, -0.988578, -0.150707, 0.272858, 0.0, 0.150607, -0.987995, -0.0, 0.0, 0.0, 0.0, 1.0],
                [0.976086, -0.063799, 0.207812, 0.015054, -0.000916, -0.957162, -0.28955, 0.243316, 0.217254, 0.282258, -0.933781, 0.024459, 0.0, 0.0, 0.0, 1.0]
            ]
        },
        {
            "name": "Elbow_R",
            "time": [0.0, 0.1167, 0.2667, 0.3833, 0.5167, 0.7833, 1.15],
            "transform": [
                [-1.0, 0.0, 0.0, 0.000534, 0.0, -0.0, -1.0, 0.37122, -0.0, -1.0, 0.0, 0.001571, 0.0, 0.0, 0.0, 1.0],
                [-1.0, 0.0, -0.0, 0.000534, 0.0, -0.0, -1.0, 0.37122, -0.0, -1.0, 0.0, 0.001571, 0.0, 0.0, 0.0, 1.0],
                [-1.0, 0.0, -0.0, 0.000534, -0.0, 0.0, -1.0, 0.37122, -0.0, -1.0, 0.0, 0.001571, 0.0, 0.0, 0.0, 1.0],
                [-1.0, 0.0, -0.0, 0.000534, 0.0, 0.0, -1.0, 0.37122, -0.0, -1.0, 0.0, 0.001571, 0.0, 0.0, 0.0, 1.0],
                [-1.0, 0.0, -0.0, 0.000534, 0.0, -0.0, -1.0, 0.37122, -0.0, -1.0, 0.0, 0.001571, 0.0, 0.0, 0.0, 1.0],
                [-1.0, 0.0, -0.0, 0.000534, 0.0, -0.0, -1.0, 0.37122, -0.0, -1.0, 0.0, 0.001571, 0.0, 0.0, 0.0, 1.0],
                [-1.0, 0.0, -0.0, -0.0, 0.0, -0.0, -1.0, 0.341622, -0.0, -1.0, 0.0, 0.0, 0.0, 0.0, 0.0, 1.0]
            ]
        },
        {
            "name": "Shoulder_L",
            "time": [0.0, 0.1167, 0.2667, 0.3833, 0.5167, 0.7833, 1.15],
            "transform": [
                [-0.0, -0.952114, -0.305743, 0.0, 0.0, -0.305743, 0.952114, 0.4, -1.0, 0.0, 0.0, -0.0, 0.0, 0.0, 0.0, 1.0],
                [-0.0, -0.952114, -0.305743, -0.0, 0.0, -0.305743, 0.952114, 0.4, -1.0, 0.0, 0.0, 0.0, 0.0, 0.0, 0.0, 1.0],
                [-0.0, -0.952114, -0.305743, 0.0, 0.0, -0.305743, 0.952114, 0.4, -1.0, 0.0, 0.0, 0.0, 0.0, 0.0, 0.0, 1.0],
                [-0.0, -0.952114, -0.305743, 0.0, 0.0, -0.305743, 0.952114, 0.4, -1.0, 0.0, 0.0, -0.0, 0.0, 0.0, 0.0, 1.0],
                [-0.0, -0.952114, -0.305743, -0.0, 0.0, -0.305743, 0.952114, 0.4, -1.0, -0.0, -0.0, 0.0, 0.0, 0.0, 0.0, 1.0],
                [-0.0, -0.952114, -0.305743, -0.0, 0.0, -0.305743, 0.952114, 0.4, -1.0, -0.0, 0.0, -0.0, 0.0, 0.0, 0.0, 1.0],
                [-0.226937, -0.947819, -0.223918, -0.0, -0.021067, -0.225085, 0.974111, 0.4, -0.973681, 0.225779, 0.031113, -0.0, 0.0, 0.0, 0.0, 1.0]
            ]
        },
        {
            "name": "Arm_L",
            "time": [0.0, 0.1167, 0.2667, 0.3833, 0.5167, 0.7833, 1.15],
            "transform": [
                [0.172569, -0.141537, 0.974775, 0.0, -0.795967, 0.562907, 0.222648, 0.39386, -0.580221, -0.814311, -0.015518, -0.0, 0.0, 0.0, 0.0, 1.0],
                [-0.272304, 0.769062, 0.578268, 0.0, -0.339166, 0.48569, -0.80565, 0.39386, -0.900454, -0.41551, 0.128585, 0.0, 0.0, 0.0, 0.0, 1.0],
                [-0.219966, 0.915994, 0.335515, -0.0, -0.098506, 0.321324, -0.941832, 0.39386, -0.970521, -0.240221, 0.01955, 0.0, 0.0, 0.0, 0.0, 1.0],
                [-0.187445, 0.8355, 0.516531, 0.0, -0.048622, 0.517315, -0.854413, 0.39386, -0.981071, -0.18527, -0.056344, 0.0, 0.0, 0.0, 0.0, 1.0],
                [-0.212466, 0.209235, 0.954504, -0.0, -0.056722, 0.972519, -0.22581, 0.39386, -0.975521, -0.102118, -0.194759, -0.0, 0.0, 0.0, 0.0, 1.0],
                [-0.219966, -0.013166, 0.975419, 0.0, -0.098506, 0.995098, -0.008782, 0.39386, -0.970521, -0.098016, -0.220184, -0.0, 0.0, 0.0, 0.0, 1.0],
                [-0.538552, 0.020444, 0.842344, 0.0, -0.836746, 0.104581, -0.537511, 0.39386, -0.099082, -0.994306, -0.039216, 0.0, 0.0, 0.0, 0.0, 1.0]
            ]
        },
        {
            "name": "Hand_L",
            "time": [0.0, 0.1167, 0.2667, 0.3833, 0.5167, 0.7833, 1.15],
            "transform": [
                [1.0, 0.0, -0.0, -0.0, -0.0, 0.782245, -0.622971, 0.3, -0.0, 0.62297, 0.782246, 0.0, 0.0, 0.0, 0.0, 1.0],
                [1.0, 0.0, -0.0, -0.0, -0.0, 0.782245, -0.622971, 0.3, 0.0, 0.622971, 0.782246, -0.0, 0.0, 0.0, 0.0, 1.0],
                [1.0, 0.0, -0.0, 0.0, -0.0, 0.782246, -0.622971, 0.3, 0.0, 0.622971, 0.782246, -0.0, 0.0, 0.0, 0.0, 1.0],
                [1.0, 0.0, -0.0, -0.0, -0.0, 0.782246, -0.622971, 0.3, -0.0, 0.622971, 0.782246, 0.0, 0.0, 0.0, 0.0, 1.0],
                [1.0, 0.0, -0.0, 0.0, -0.0, 0.782245, -0.622971, 0.3, -0.0, 0.62297, 0.782246, -0.0, 0.0, 0.0, 0.0, 1.0],
                [1.0, 0.0, -0.0, 0.0, -0.0, 0.782246, -0.622971, 0.3, 0.0, 0.622971, 0.782246, 0.0, 0.0, 0.0, 0.0, 1.0],
                [0.999993, -0.001541, -0.00347, 0.0, 0.000938, 0.985901, -0.167329, 0.3, 0.003679, 0.167324, 0.985895, -0.0, 0.0, 0.0, 0.0, 1.0]
            ]
        },
        {
            "name": "Tool_L",
            "time": [0.0, 0.1167, 0.2667, 0.3833, 0.5167, 0.7833, 1.15],
            "transform": [
                [1.0, -0.0, 0.0, -0.0, 0.0, -0.999836, 0.018122, 0.272858, 0.0, -0.018122, -0.999247, 0.0, 0.0, 0.0, 0.0, 1.0],
                [1.0, 0.0, 0.0, -0.0, 0.0, -0.999836, 0.018122, 0.272858, 0.0, -0.018122, -0.999247, 0.0, 0.0, 0.0, 0.0, 1.0],
                [1.0, 0.0, 0.0, -0.0, 0.0, -0.999836, 0.018122, 0.272858, 0.0, -0.018122, -0.999247, -0.0, 0.0, 0.0, 0.0, 1.0],
                [1.0, 0.0, 0.0, 0.0, 0.0, -0.999836, 0.018122, 0.272858, 0.0, -0.018122, -0.999247, -0.0, 0.0, 0.0, 0.0, 1.0],
                [1.0, 0.0, 0.0, 0.0, 0.0, -0.999836, 0.018122, 0.272858, 0.0, -0.018122, -0.999247, 0.0, 0.0, 0.0, 0.0, 1.0],
                [1.0, 0.0, 0.0, 0.0, 0.0, -0.999836, 0.018122, 0.272858, 0.0, -0.018122, -0.999247, -0.0, 0.0, 0.0, 0.0, 1.0],
                [0.997004, 0.01104, -0.076554, 0.0, -0.036659, -0.804079, -0.593391, 0.272858, -0.068067, 0.594062, -0.8008, -0.0, 0.0, 0.0, 0.0, 1.0]
            ]
        },
        {
            "name": "Elbow_L",
            "time": [0.0, 0.1167, 0.2667, 0.3833, 0.5167, 0.7833, 1.15],
            "transform": [
                [-1.0, 0.0, -0.0, 0.001869, 0.0, -0.0, -1.0, 0.376914, -0.0, -1.0, -0.0, 0.001919, 0.0, 0.0, 0.0, 1.0],
                [-1.0, 0.0, -0.0, 0.001869, 0.0, -0.0, -1.0, 0.376914, -0.0, -1.0, -0.0, 0.001919, 0.0, 0.0, 0.0, 1.0],
                [-1.0, 0.0, -0.0, 0.001869, 0.0, -0.0, -1.0, 0.376913, -0.0, -1.0, -0.0, 0.001919, 0.0, 0.0, 0.0, 1.0],
                [-1.0, 0.0, -0.0, 0.001869, 0.0, -0.0, -1.0, 0.376914, -0.0, -1.0, -0.0, 0.001919, 0.0, 0.0, 0.0, 1.0],
                [-1.0, 0.0, -0.0, 0.001869, 0.0, -0.0, -1.0, 0.376913, -0.0, -1.0, -0.0, 0.001919, 0.0, 0.0, 0.0, 1.0],
                [-1.0, 0.0, -0.0, 0.001869, 0.0, -0.0, -1.0, 0.376913, -0.0, -1.0, -0.0, 0.001919, 0.0, 0.0, 0.0, 1.0],
                [-1.0, 0.0, -0.0, 2.7e-05, 0.0, -0.0, -1.0, 0.334301, -0.0, -1.0, -0.0, -0.002121, 0.0, 0.0, 0.0, 1.0]
            ]
        }
    ]
}