{
    "animation": [
        {
            "name": "Root",
            "time": [0.0, 0.05, 0.25, 0.5833],
            "transform": [
                [0.40902, 0.071363, -0.909731, 0.034498, -0.912371, 0.050309, -0.40626, -0.089469, 0.016775, 0.996181, 0.085687, 0.637842, 0.0, 0.0, 0.0, 1.0],
                [0.100677, 0.071363, -0.992357, 0.034498, -0.99399, 0.050309, -0.097225, -0.089469, 0.042986, 0.996181, 0.075999, 0.637842, 0.0, 0.0, 0.0, 1.0],
                [0.834, 0.084486, 0.545259, 0.048364, 0.551099, -0.079005, -0.830691, -0.245751, -0.027103, 0.993288, -0.11245, 0.59234, 0.0, 0.0, 0.0, 1.0],
                [0.926699, 0.067395, 0.369713, 0.034498, 0.362969, 0.094415, -0.927005, -0.089469, -0.097382, 0.993249, 0.063032, 0.637842, 0.0, 0.0, 0.0, 1.0]
            ]
        },
        {
            "name": "Thigh_R",
            "time": [0.0, 0.05, 0.25, 0.5833],
            "transform": [
                [0.888173, 0.438182, 0.138364, 0.124994, 0.459306, -0.855537, -0.238939, -0.002831, 0.013677, 0.275771, -0.961126, -1.2e-05, 0.0, 0.0, 0.0, 1.0],
                [0.888173, 0.438182, 0.138364, 0.124994, 0.459306, -0.855537, -0.238939, -0.002831, 0.013677, 0.275771, -0.961126, -1.2e-05, 0.0, 0.0, 0.0, 1.0],
                [0.922652, 0.377565, -0.078461, 0.124994, 0.318712, -0.632045, 0.706356, -0.002831, 0.217105, -0.676726, -0.703495, -1.2e-05, 0.0, 0.0, 0.0, 1.0],
                [0.931159, 0.352506, -0.09317, 0.124994, 0.282106, -0.534642, 0.796602, -0.002831, 0.230994, -0.768045, -0.597283, -1.2e-05, 0.0, 0.0, 0.0, 1.0]
            ]
        },
        {
            "name": "Leg_R",
            "time": [0.0, 0.05, 0.25, 0.5833],
            "transform": [
                [1.0, -0.0, 1e-06, -0.0, 0.0, 0.997612, 0.069073, 0.37472, -1e-06, -0.069073, 0.997611, -0.0, 0.0, 0.0, 0.0, 1.0],
                [1.0, -0.0, 1e-06, -0.0, 0.0, 0.997612, 0.069073, 0.37472, -1e-06, -0.069073, 0.997611, -0.0, 0.0, 0.0, 0.0, 1.0],
                [1.0, -1e-06, 1e-06, 0.0, 0.0, 0.701693, 0.712479, 0.37472, -1e-06, -0.71248, 0.701692, 0.0, 0.0, 0.0, 0.0, 1.0],
                [1.0, -1e-06, 0.0, 0.0, 0.0, 0.616321, 0.787495, 0.37472, -1e-06, -0.787496, 0.61632, -0.0, 0.0, 0.0, 0.0, 1.0]
            ]
        },
        {
            "name": "Knee_R",
            "time": [0.0, 0.05, 0.25, 0.5833],
            "transform": [
                [1.0, 0.0, -0.0, -0.0, -0.0, 1e-06, -1.0, 0.37472, -0.0, 1.0, 1e-06, -0.0, 0.0, 0.0, 0.0, 1.0],
                [1.0, 0.0, -0.0, -0.0, -0.0, 1e-06, -1.0, 0.37472, -0.0, 1.0, 1e-06, -0.0, 0.0, 0.0, 0.0, 1.0],
                [1.0, 0.0, -0.0, 0.0, -0.0, 1e-06, -1.0, 0.37472, -0.0, 1.0, 1e-06, 0.0, 0.0, 0.0, 0.0, 1.0],
                [1.0, 0.0, -0.0, 0.0, -0.0, 1e-06, -1.0, 0.37472, -0.0, 1.0, 1e-06, -0.0, 0.0, 0.0, 0.0, 1.0]
            ]
        },
        {
            "name": "Thigh_L",
            "time": [0.0, 0.05, 0.25, 0.5833],
            "transform": [
                [0.566059, -0.61307, -0.55111, -0.125006, 4e-05, -0.668507, 0.743706, -0.002831, -0.824364, -0.421004, -0.37839, -1.2e-05, 0.0, 0.0, 0.0, 1.0],
                [0.566059, -0.61307, -0.55111, -0.125006, 4e-05, -0.668507, 0.743706, -0.002831, -0.824364, -0.421004, -0.37839, -1.2e-05, 0.0, 0.0, 0.0, 1.0],
                [0.460889, -0.462097, -0.757659, -0.125006, -0.418124, -0.866114, 0.273895, -0.002831, -0.782785, 0.190561, -0.592397, -1.2e-05, 0.0, 0.0, 0.0, 1.0],
                [0.653955, -0.304328, -0.692623, -0.125006, -0.446481, -0.894336, -0.028599, -0.002831, -0.610733, 0.327946, -0.720732, -1.2e-05, 0.0, 0.0, 0.0, 1.0]
            ]
        },
        {
            "name": "Leg_L",
            "time": [0.0, 0.05, 0.25, 0.5833],
            "transform": [
                [0.998576, 0.04527, 0.028215, 0.0, -0.051599, 0.685614, 0.726135, 0.37472, 0.013527, -0.726556, 0.686974, -0.0, 0.0, 0.0, 0.0, 1.0],
                [0.998576, 0.04527, 0.028215, 0.0, -0.051599, 0.685614, 0.726134, 0.37472, 0.013527, -0.726556, 0.686974, -0.0, 0.0, 0.0, 0.0, 1.0],
                [0.998576, 0.039336, 0.03603, 0.0, -0.051599, 0.541005, 0.839435, 0.37472, 0.013527, -0.840099, 0.542265, -0.0, 0.0, 0.0, 0.0, 1.0],
                [0.998576, 0.053337, 0.000783, -0.0, -0.051599, 0.962109, 0.267739, 0.37472, 0.013527, -0.267398, 0.963491, -0.0, 0.0, 0.0, 0.0, 1.0]
            ]
        },
        {
            "name": "Knee_L",
            "time": [0.0, 0.05, 0.25, 0.5833],
            "transform": [
                [1.0, 0.0, -0.0, 0.0, -0.0, 1e-06, -1.0, 0.37472, -0.0, 1.0, 1e-06, -0.0, 0.0, 0.0, 0.0, 1.0],
                [1.0, 0.0, -0.0, 0.0, -0.0, 1e-06, -1.0, 0.37472, -0.0, 1.0, 1e-06, -0.0, 0.0, 0.0, 0.0, 1.0],
                [1.0, 0.0, -0.0, 0.0, -0.0, 1e-06, -1.0, 0.37472, -0.0, 1.0, 1e-06, -0.0, 0.0, 0.0, 0.0, 1.0],
                [1.0, 0.0, -0.0, -0.0, -0.0, 1e-06, -1.0, 0.37472, -0.0, 1.0, 1e-06, -0.0, 0.0, 0.0, 0.0, 1.0]
            ]
        },
        {
            "name": "Torso",
            "time": [0.0, 0.05, 0.25, 0.5833],
            "transform": [
                [0.999042, -0.043673, -0.002706, 0.0, 0.04367, 0.999045, -0.001423, 0.05, 0.002765, 0.001304, 0.999995, 0.0, 0.0, 0.0, 0.0, 1.0],
                [0.999042, -0.043673, -0.002706, 0.0, 0.04367, 0.999045, -0.001423, 0.05, 0.002765, 0.001304, 0.999995, -0.0, 0.0, 0.0, 0.0, 1.0],
                [0.891877, -0.032855, 0.451082, -0.0, -0.076247, 0.972161, 0.221564, 0.05, -0.445804, -0.232002, 0.864543, -0.0, 0.0, 0.0, 0.0, 1.0],
                [0.855595, -0.041339, 0.515993, -0.0, -0.104165, 0.962666, 0.249846, 0.05, -0.507057, -0.267516, 0.819346, -0.0, 0.0, 0.0, 0.0, 1.0]
            ]
        },
        {
            "name": "Chest",
            "time": [0.0, 0.05, 0.15, 0.25, 0.5833],
            "transform": [
                [0.950613, -0.060058, 0.304514, -0.0, -0.012158, 0.973142, 0.229885, 0.3, -0.310141, -0.222234, 0.924351, 0.0, 0.0, 0.0, 0.0, 1.0],
                [0.992825, -0.060058, -0.103397, 0.0, 0.081297, 0.973142, 0.215373, 0.3, 0.087685, -0.222234, 0.971043, 0.0, 0.0, 0.0, 0.0, 1.0],
                [0.922423, -0.330225, 0.200217, -0.0, 0.283419, 0.931042, 0.229855, 0.3, -0.262314, -0.155279, 0.952407, -0.0, 0.0, 0.0, 0.0, 1.0],
                [0.864537, -0.060058, 0.498968, -0.0, -0.060578, 0.973142, 0.222093, 0.3, -0.498905, -0.222234, 0.837679, 0.0, 0.0, 0.0, 0.0, 1.0],
                [0.846975, -0.060058, 0.528229, -0.0, -0.068134, 0.973142, 0.219892, 0.3, -0.527248, -0.222234, 0.820136, -0.0, 0.0, 0.0, 0.0, 1.0]
            ]
        },
        {
            "name": "Head",
            "time": [0.0, 0.05, 0.15, 0.25, 0.5833],
            "transform": [
                [0.693305, 0.054666, 0.718568, 0.0, 0.148111, 0.965023, -0.216319, 0.4, -0.70526, 0.256403, 0.660958, 0.0, 0.0, 0.0, 0.0, 1.0],
                [0.30332, 0.054666, 0.951319, 0.0, 0.228603, 0.965023, -0.128341, 0.4, -0.925061, 0.256403, 0.280214, 0.0, 0.0, 0.0, 0.0, 1.0],
                [0.999282, 0.008055, -0.037026, 0.0, -0.021286, 0.927719, -0.372672, 0.4, 0.031348, 0.373193, 0.927224, -0.0, 0.0, 0.0, 0.0, 1.0],
                [0.683089, -0.147257, -0.715336, 0.0, -0.195342, 0.906938, -0.373235, 0.4, 0.703727, 0.394688, 0.590754, 0.0, 0.0, 0.0, 0.0, 1.0],
                [0.496258, -0.185498, -0.848127, -0.0, -0.249085, 0.905415, -0.343773, 0.4, 0.831676, 0.381855, 0.403115, 0.0, 0.0, 0.0, 0.0, 1.0]
            ]
        },
        {
            "name": "Shoulder_R",
            "time": [0.0, 0.05, 0.25, 0.5833],
            "transform": [
                [-0.168035, 0.95094, 0.259761, 0.0, 0.164402, -0.232785, 0.958532, 0.4, 0.971975, 0.203772, -0.11722, 0.0, 0.0, 0.0, 0.0, 1.0],
                [-0.168035, 0.950941, 0.259761, 0.0, 0.164402, -0.232785, 0.958532, 0.4, 0.971975, 0.203772, -0.11722, 0.0, 0.0, 0.0, 0.0, 1.0],
                [0.146498, 0.954496, 0.259762, 0.0, 0.080866, -0.273271, 0.958532, 0.4, 0.9859, -0.119417, -0.11722, 0.0, 0.0, 0.0, 0.0, 1.0],
                [0.196175, 0.945536, 0.259762, -0.0, 0.066476, -0.277124, 0.958532, 0.4, 0.978313, -0.170772, -0.11722, 0.0, 0.0, 0.0, 0.0, 1.0]
            ]
        },
        {
            "name": "Arm_R",
            "time": [0.0, 0.05, 0.15, 0.25, 0.5833],
            "transform": [
                [-0.120425, -0.416008, -0.901352, -0.0, -0.201179, 0.899347, -0.388204, 0.393861, 0.972124, 0.134584, -0.191996, 0.0, 0.0, 0.0, 0.0, 1.0],
                [-0.120425, -0.327226, -0.937241, 0.0, -0.201179, 0.932566, -0.299745, 0.393861, 0.972124, 0.152457, -0.178135, -0.0, 0.0, 0.0, 0.0, 1.0],
                [0.252614, -0.701041, -0.666879, -0.0, -0.504644, 0.492604, -0.708997, 0.39386, 0.825543, 0.515639, -0.229337, 0.0, 0.0, 0.0, 0.0, 1.0],
                [-0.120425, -0.980819, -0.153268, 0.0, -0.201179, 0.1753, -0.963741, 0.393861, 0.972124, -0.085224, -0.218431, -0.0, 0.0, 0.0, 0.0, 1.0],
                [-0.120425, -0.992717, -0.003316, -0.0, -0.201179, 0.027675, -0.979163, 0.39386, 0.972124, -0.117249, -0.203047, 0.0, 0.0, 0.0, 0.0, 1.0]
            ]
        },
        {
            "name": "Hand_R",
            "time": [0.0, 0.05, 0.25, 0.5833],
            "transform": [
                [0.999998, -0.000812, 0.001633, 0.0, 0.000868, 0.999396, -0.03475, 0.3, -0.001603, 0.034752, 0.999395, -0.0, 0.0, 0.0, 0.0, 1.0],
                [0.999998, -0.000812, 0.001633, 0.0, 0.000868, 0.999396, -0.03475, 0.3, -0.001603, 0.034752, 0.999395, 0.0, 0.0, 0.0, 0.0, 1.0],
                [0.999998, 7.2e-05, 0.001822, 0.0, 0.000868, 0.859889, -0.510481, 0.3, -0.001603, 0.510481, 0.859887, 0.0, 0.0, 0.0, 0.0, 1.0],
                [0.999998, 0.000217, 0.00181, -0.0, 0.000868, 0.816587, -0.577222, 0.3, -0.001603, 0.577223, 0.816585, 0.0, 0.0, 0.0, 0.0, 1.0]
            ]
        },
        {
            "name": "Tool_R",
            "time": [0.0, 0.05, 0.25, 0.5833],
            "transform": [
                [-0.987842, 0.072376, -0.137589, -0.039806, -0.06359, -0.99571, -0.067217, 0.23978, -0.14178, -0.057627, 0.98762, 0.016585, 0.0, 0.0, 0.0, 1.0],
                [-0.987842, 0.072376, -0.137589, -0.039806, -0.06359, -0.99571, -0.067217, 0.23978, -0.14178, -0.057627, 0.98762, 0.016585, 0.0, 0.0, 0.0, 1.0],
                [-0.987845, 0.128588, -0.087333, -0.039806, -0.063545, -0.846819, -0.528071, 0.23978, -0.141776, -0.515806, 0.844191, 0.016585, 0.0, 0.0, 0.0, 1.0],
                [-0.987846, 0.134987, -0.077064, -0.039806, -0.063538, -0.803158, -0.592368, 0.23978, -0.141773, -0.579937, 0.801492, 0.016585, 0.0, 0.0, 0.0, 1.0]
            ]
        },
        {
            "name": "Elbow_R",
            "time": [0.0, 0.05, 0.25, 0.5833],
            "transform": [
                [-1.0, 0.0, -0.0, 0.0, -0.0, -0.0, -1.0, 0.341622, -0.0, -1.0, 0.0, -0.0, 0.0, 0.0, 0.0, 1.0],
                [-1.0, 0.0, -0.0, 0.0, 0.0, -0.0, -1.0, 0.341622, -0.0, -1.0, 0.0, 0.0, 0.0, 0.0, 0.0, 1.0],
                [-1.0, 0.0, -0.0, 0.0, 0.0, -0.0, -1.0, 0.341622, -0.0, -1.0, 0.0, 0.0, 0.0, 0.0, 0.0, 1.0],
                [-1.0, 0.0, -0.0, -0.0, -0.0, -0.0, -1.0, 0.341622, -0.0, -1.0, 0.0, 0.0, 0.0, 0.0, 0.0, 1.0]
            ]
        },
        {
            "name": "Shoulder_L",
            "time": [0.0, 0.05, 0.25, 0.5833],
            "transform": [
                [-0.226937, -0.947819, -0.223918, 0.0, -0.021067, -0.225085, 0.974111, 0.4, -0.973681, 0.225779, 0.031113, 0.0, 0.0, 0.0, 0.0, 1.0],
                [-0.226937, -0.947819, -0.223918, 0.0, -0.021067, -0.225085, 0.974111, 0.4, -0.973681, 0.225779, 0.031113, 0.0, 0.0, 0.0, 0.0, 1.0],
                [-0.226937, -0.947819, -0.223918, 0.0, -0.021067, -0.225085, 0.974111, 0.4, -0.973681, 0.225779, 0.031113, 0.0, 0.0, 0.0, 0.0, 1.0],
                [-0.226937, -0.947819, -0.223918, -0.0, -0.021067, -0.225085, 0.974111, 0.4, -0.973681, 0.225779, 0.031113, 0.0, 0.0, 0.0, 0.0, 1.0]
            ]
        },
        {
            "name": "Arm_L",
            "time": [0.0, 0.05, 0.25, 0.5833],
            "transform": [
                [-0.033024, -0.415865, 0.908826, -0.0, 0.02115, 0.908828, 0.416635, 0.39386, -0.999231, 0.032981, -0.021218, 0.0, 0.0, 0.0, 0.0, 1.0],
                [-0.033024, -0.415865, 0.908826, 0.0, 0.02115, 0.908828, 0.416635, 0.39386, -0.999231, 0.032981, -0.021218, -0.0, 0.0, 0.0, 0.0, 1.0],
                [-0.033024, -0.415865, 0.908826, -0.0, 0.02115, 0.908828, 0.416635, 0.39386, -0.999231, 0.032981, -0.021218, -0.0, 0.0, 0.0, 0.0, 1.0],
                [-0.033024, -0.415865, 0.908826, 0.0, 0.02115, 0.908828, 0.416635, 0.39386, -0.999231, 0.032981, -0.021218, -0.0, 0.0, 0.0, 0.0, 1.0]
            ]
        },
        {
            "name": "Hand_L",
            "time": [0.0, 0.05, 0.25, 0.5833],
            "transform": [
                [0.999993, -0.003795, 0.000113, -0.0, 0.000938, 0.218121, -0.975921, 0.3, 0.003679, 0.975914, 0.218123, 0.0, 0.0, 0.0, 0.0, 1.0],
                [0.999993, -0.003795, 0.000113, 0.0, 0.000938, 0.218121, -0.975922, 0.3, 0.003679, 0.975914, 0.218123, -0.0, 0.0, 0.0, 0.0, 1.0],
                [0.999993, -0.003085, -0.002214, -0.0, 0.000938, 0.765686, -0.643214, 0.3, 0.003679, 0.643208, 0.765683, 0.0, 0.0, 0.0, 0.0, 1.0],
                [0.999993, -0.002841, -0.002519, -0.0, 0.000938, 0.827686, -0.561191, 0.3, 0.003679, 0.561184, 0.827683, 0.0, 0.0, 0.0, 0.0, 1.0]
            ]
        },
        {
            "name": "Tool_L",
            "time": [0.0, 0.05, 0.25, 0.5833],
            "transform": [
                [0.997004, 0.01104, -0.076554, 0.0, -0.036659, -0.804079, -0.593392, 0.272858, -0.068067, 0.594062, -0.8008, -0.0, 0.0, 0.0, 0.0, 1.0],
                [0.997004, 0.01104, -0.076554, 0.0, -0.036659, -0.804079, -0.593391, 0.272858, -0.068067, 0.594062, -0.8008, -0.0, 0.0, 0.0, 0.0, 1.0],
                [0.997004, 0.01104, -0.076554, 0.0, -0.036659, -0.804079, -0.593391, 0.272858, -0.068067, 0.594062, -0.8008, -0.0, 0.0, 0.0, 0.0, 1.0],
                [0.997004, 0.01104, -0.076554, -0.0, -0.036659, -0.804079, -0.593391, 0.272858, -0.068067, 0.594062, -0.8008, -0.0, 0.0, 0.0, 0.0, 1.0]
            ]
        },
        {
            "name": "Elbow_L",
            "time": [0.0, 0.05, 0.25, 0.5833],
            "transform": [
                [-1.0, 0.0, -0.0, 2.7e-05, 0.0, -0.0, -1.0, 0.334301, -0.0, -1.0, -0.0, -0.002121, 0.0, 0.0, 0.0, 1.0],
                [-1.0, 0.0, -0.0, 2.7e-05, 0.0, -0.0, -1.0, 0.334301, -0.0, -1.0, -0.0, -0.002121, 0.0, 0.0, 0.0, 1.0],
                [-1.0, 0.0, -0.0, 2.7e-05, 0.0, -0.0, -1.0, 0.334301, -0.0, -1.0, -0.0, -0.002121, 0.0, 0.0, 0.0, 1.0],
                [-1.0, 0.0, -0.0, 2.7e-05, 0.0, -0.0, -1.0, 0.334301, -0.0, -1.0, 0.0, -0.002121, 0.0, 0.0, 0.0, 1.0]
            ]
        }
    ]
}