{
    "animation": [
        {
            "name": "Root",
            "time": [0.0, 0.3, 0.3833, 0.4833, 0.6333, 1.0667, 1.4667],
            "transform": [
                [0.578539, 0.039441, 0.814701, 0.01525, 0.801967, 0.154712, -0.576986, 0.039687, -0.1488, 0.987172, 0.057877, 0.572477, 0.0, 0.0, 0.0, 1.0],
                [0.531187, -0.002857, 0.84725, 0.131179, 0.836675, 0.159308, -0.524019, 0.341718, -0.133476, 0.987225, 0.087013, 0.552704, 0.0, 0.0, 0.0, 1.0],
                [0.648867, 0.020689, 0.760621, 0.131179, 0.749103, 0.157985, -0.643339, 0.15385, -0.133476, 0.987225, 0.087013, 0.552704, 0.0, 0.0, 0.0, 1.0],
                [0.979824, -0.072429, 0.186277, 0.00722, 0.199861, 0.351467, -0.914618, -0.770792, 0.000775, 0.933394, 0.358851, 0.724011, 0.0, 0.0, 0.0, 1.0],
                [0.670784, 0.154625, -0.725355, 0.111119, -0.729543, -0.038451, -0.682853, -1.704486, -0.133476, 0.987225, 0.087013, 0.461726, 0.0, 0.0, 0.0, 1.0],
                [0.569695, 0.148274, -0.808371, 0.131179, -0.810945, -0.058328, -0.582208, -2.008443, -0.133476, 0.987225, 0.087013, 0.552704, 0.0, 0.0, 0.0, 1.0],
                [0.854339, 0.028643, -0.518927, -5e-06, -0.51914, 0.0, -0.854689, -2.395057, -0.024481, 0.99959, 0.01487, 0.753683, 0.0, 0.0, 0.0, 1.0]
            ]
        },
        {
            "name": "Thigh_R",
            "time": [0.0, 0.3, 0.3833, 0.6333, 1.0667, 1.4667],
            "transform": [
                [0.663517, 0.720788, 0.200519, 0.124994, 0.202801, -0.431257, 0.879141, -0.002831, 0.72015, -0.542658, -0.432324, -1.2e-05, 0.0, 0.0, 0.0, 1.0],
                [0.663517, 0.747003, 0.041594, 0.124994, 0.202801, -0.233092, 0.951073, -0.002831, 0.720151, -0.622616, -0.306155, -1.2e-05, 0.0, 0.0, 0.0, 1.0],
                [0.638823, 0.768902, 0.026305, 0.124994, 0.274535, -0.259763, 0.925826, -0.002831, 0.718703, -0.584216, -0.377034, -1.2e-05, 0.0, 0.0, 0.0, 1.0],
                [0.247958, 0.95716, 0.149526, 0.124994, 0.598086, -0.272666, 0.753622, -0.002831, 0.762108, -0.097437, -0.640076, -1.2e-05, 0.0, 0.0, 0.0, 1.0],
                [0.487943, 0.84885, 0.203377, 0.124994, 0.715608, -0.522434, 0.463644, -0.002831, 0.499815, -0.080693, -0.862365, -1.2e-05, 0.0, 0.0, 0.0, 1.0],
                [0.992811, 0.11785, -0.020883, 0.124994, 0.118536, -0.992318, 0.035348, -0.002831, -0.016557, -0.037569, -0.999157, -1.2e-05, 0.0, 0.0, 0.0, 1.0]
            ]
        },
        {
            "name": "Leg_R",
            "time": [0.0, 0.3, 0.3833, 0.4833, 0.6333, 1.0667, 1.4667],
            "transform": [
                [1.0, -0.0, 1e-06, -0.0, 0.0, 0.861122, 0.508399, 0.37472, -1e-06, -0.5084, 0.861121, 0.0, 0.0, 0.0, 0.0, 1.0],
                [1.0, -1e-06, 0.0, 0.0, 0.0, 0.430618, 0.902534, 0.37472, -1e-06, -0.902535, 0.430617, -0.0, 0.0, 0.0, 0.0, 1.0],
                [1.0, -1e-06, 0.0, 0.0, 0.0, 0.430618, 0.902534, 0.37472, -1e-06, -0.902535, 0.430617, 0.0, 0.0, 0.0, 0.0, 1.0],
                [1.0, -1e-06, -0.0, 0.0, -0.0, -0.098782, 0.995108, 0.37472, -1e-06, -0.99511, -0.098782, -0.0, 0.0, 0.0, 0.0, 1.0],
                [1.0, -1e-06, 0.0, -0.0, 0.0, 0.430618, 0.902534, 0.37472, -1e-06, -0.902535, 0.430617, 0.0, 0.0, 0.0, 0.0, 1.0],
                [1.0, -1e-06, 0.0, 0.0, 0.0, 0.430618, 0.902534, 0.37472, -1e-06, -0.902535, 0.430617, 0.0, 0.0, 0.0, 0.0, 1.0],
                [1.0, -0.0, 1e-06, -0.0, 0.0, 0.997612, 0.069073, 0.37472, -1e-06, -0.069073, 0.997611, 0.0, 0.0, 0.0, 0.0, 1.0]
            ]
        },
        {
            "name": "Knee_R",
            "time": [0.0, 0.3, 0.3833, 0.6333, 1.0667, 1.4667],
            "transform": [
                [1.0, 0.0, -0.0, -0.0, -0.0, 1e-06, -1.0, 0.37472, -0.0, 1.0, 1e-06, 0.0, 0.0, 0.0, 0.0, 1.0],
                [1.0, 0.0, -0.0, 0.0, -0.0, 1e-06, -1.0, 0.37472, -0.0, 1.0, 1e-06, -0.0, 0.0, 0.0, 0.0, 1.0],
                [1.0, 0.0, -0.0, 0.0, -0.0, 1e-06, -1.0, 0.37472, -0.0, 1.0, 1e-06, 0.0, 0.0, 0.0, 0.0, 1.0],
                [1.0, 0.0, -0.0, -0.0, -0.0, 1e-06, -1.0, 0.37472, -0.0, 1.0, 1e-06, 0.0, 0.0, 0.0, 0.0, 1.0],
                [1.0, 0.0, -0.0, 0.0, -0.0, 1e-06, -1.0, 0.37472, -0.0, 1.0, 1e-06, 0.0, 0.0, 0.0, 0.0, 1.0],
                [1.0, 0.0, -0.0, -0.0, -0.0, 1e-06, -1.0, 0.37472, -0.0, 1.0, 1e-06, 0.0, 0.0, 0.0, 0.0, 1.0]
            ]
        },
        {
            "name": "Thigh_L",
            "time": [0.0, 0.3, 0.3833, 0.4833, 0.6333, 1.0667, 1.4667],
            "transform": [
                [0.792326, -0.556637, -0.249749, -0.125006, -0.568996, -0.821906, 0.026713, -0.002831, -0.22014, 0.120942, -0.967941, -1.2e-05, 0.0, 0.0, 0.0, 1.0],
                [0.786782, -0.584306, -0.198897, -0.125006, -0.39143, -0.721495, 0.571163, -0.002831, -0.477237, -0.371527, -0.796374, -1.2e-05, 0.0, 0.0, 0.0, 1.0],
                [0.755626, -0.602916, -0.255969, -0.125006, -0.317908, -0.679258, 0.66147, -0.002831, -0.572679, -0.418449, -0.704938, -1.2e-05, 0.0, 0.0, 0.0, 1.0],
                [0.992835, -0.05311, 0.10704, -0.125006, -0.098293, -0.872368, 0.478865, -0.002831, 0.067946, -0.485955, -0.871338, -1.2e-05, 0.0, 0.0, 0.0, 1.0],
                [0.521441, -0.789825, -0.322917, -0.125006, -0.023963, -0.391845, 0.919719, -0.002831, -0.85295, -0.471841, -0.223251, -1.2e-05, 0.0, 0.0, 0.0, 1.0],
                [0.497899, -0.697812, -0.514932, -0.125006, -0.003917, -0.595566, 0.803296, -0.002831, -0.867225, -0.397943, -0.299265, -1.2e-05, 0.0, 0.0, 0.0, 1.0],
                [0.869242, -0.120567, -0.479458, -0.125006, -0.021407, -0.978077, 0.207141, -0.002831, -0.493921, -0.169792, -0.852767, -1.1e-05, 0.0, 0.0, 0.0, 1.0]
            ]
        },
        {
            "name": "Leg_L",
            "time": [0.0, 0.3, 0.3833, 0.4833, 0.6333, 1.0667, 1.4667],
            "transform": [
                [0.998576, 0.053341, -0.000469, 0.0, -0.051599, 0.968126, 0.245089, 0.37472, 0.013527, -0.244716, 0.969501, 0.0, 0.0, 0.0, 0.0, 1.0],
                [0.998576, 0.033415, 0.041581, 0.0, -0.0516, 0.407404, 0.911789, 0.37472, 0.013527, -0.912636, 0.408549, 0.0, 0.0, 0.0, 0.0, 1.0],
                [0.998576, 0.035369, 0.039931, -0.0, -0.051599, 0.450634, 0.891216, 0.37472, 0.013527, -0.892008, 0.451818, 0.0, 0.0, 0.0, 0.0, 1.0],
                [0.998576, 0.052874, 0.007059, -0.0, -0.051599, 0.923881, 0.379184, 0.37472, 0.013527, -0.379009, 0.925295, -0.0, 0.0, 0.0, 0.0, 1.0],
                [0.998576, 0.049689, 0.019403, 0.0, -0.051599, 0.807536, 0.587557, 0.37472, 0.013527, -0.587721, 0.80895, 0.0, 0.0, 0.0, 0.0, 1.0],
                [0.998577, 0.05047, 0.01727, 0.0, -0.051599, 0.831808, 0.552659, 0.37472, 0.013527, -0.552763, 0.833229, -0.0, 0.0, 0.0, 0.0, 1.0],
                [0.998576, 0.053235, -0.003397, -0.0, -0.051599, 0.980122, 0.191569, 0.37472, 0.013527, -0.191121, 0.981474, -0.0, 0.0, 0.0, 0.0, 1.0]
            ]
        },
        {
            "name": "Knee_L",
            "time": [0.0, 0.3, 0.3833, 0.6333, 1.0667, 1.4667],
            "transform": [
                [1.0, 0.0, -0.0, 0.0, -0.0, 1e-06, -1.0, 0.37472, -0.0, 1.0, 1e-06, 0.0, 0.0, 0.0, 0.0, 1.0],
                [1.0, 0.0, -0.0, 0.0, -0.0, 1e-06, -1.0, 0.37472, -0.0, 1.0, 1e-06, 0.0, 0.0, 0.0, 0.0, 1.0],
                [1.0, 0.0, -0.0, -0.0, -0.0, 1e-06, -1.0, 0.37472, -0.0, 1.0, 1e-06, 0.0, 0.0, 0.0, 0.0, 1.0],
                [1.0, 0.0, -0.0, 0.0, -0.0, 1e-06, -1.0, 0.37472, -0.0, 1.0, 1e-06, 0.0, 0.0, 0.0, 0.0, 1.0],
                [1.0, 0.0, -0.0, 0.0, -0.0, 1e-06, -1.0, 0.37472, -0.0, 1.0, 1e-06, -0.0, 0.0, 0.0, 0.0, 1.0],
                [1.0, 0.0, -0.0, -0.0, -0.0, 1e-06, -1.0, 0.37472, -0.0, 1.0, 1e-06, -0.0, 0.0, 0.0, 0.0, 1.0]
            ]
        },
        {
            "name": "Torso",
            "time": [0.0, 0.3, 0.3833, 0.4833, 0.6333, 1.0667, 1.4667],
            "transform": [
                [0.997446, -0.045861, 0.054756, -0.0, 0.046004, 0.998941, -0.001355, 0.05, -0.054636, 0.003871, 0.998499, -0.0, 0.0, 0.0, 0.0, 1.0],
                [0.997446, -0.045861, 0.054756, -0.0, 0.046004, 0.998941, -0.001355, 0.05, -0.054636, 0.003871, 0.998499, -0.0, 0.0, 0.0, 0.0, 1.0],
                [0.997446, -0.045861, 0.054756, 0.0, 0.046004, 0.99894, -0.001355, 0.05, -0.054636, 0.003871, 0.998499, 0.0, 0.0, 0.0, 0.0, 1.0],
                [0.969777, -0.045861, -0.239645, -0.0, 0.043592, 0.99894, -0.014764, 0.05, 0.240068, 0.003871, 0.970748, 0.0, 0.0, 0.0, 0.0, 1.0],
                [0.997446, -0.045861, 0.054756, -0.0, 0.046004, 0.998941, -0.001355, 0.05, -0.054636, 0.003871, 0.998499, 0.0, 0.0, 0.0, 0.0, 1.0],
                [0.997446, -0.045861, 0.054756, 0.0, 0.046004, 0.99894, -0.001355, 0.05, -0.054636, 0.003871, 0.998499, 0.0, 0.0, 0.0, 0.0, 1.0],
                [0.999042, -0.043673, -0.002705, 0.0, 0.04367, 0.999045, -0.001423, 0.05, 0.002765, 0.001304, 0.999995, 0.0, 0.0, 0.0, 0.0, 1.0]
            ]
        },
        {
            "name": "Chest",
            "time": [0.0, 0.3, 0.3833, 0.4833, 0.6333, 1.0667, 1.4667],
            "transform": [
                [0.8792, -0.021316, 0.475977, 0.0, -0.031031, 0.994316, 0.101848, 0.3, -0.475442, -0.104315, 0.873541, -0.0, 0.0, 0.0, 0.0, 1.0],
                [0.999278, -0.021316, -0.031465, -0.0, 0.024473, 0.994316, 0.10362, 0.3, 0.029078, -0.104315, 0.994119, 0.0, 0.0, 0.0, 0.0, 1.0],
                [0.99053, -0.014121, -0.136568, 0.0, 0.029821, 0.993078, 0.113605, 0.3, 0.134018, -0.116601, 0.984095, 0.0, 0.0, 0.0, 0.0, 1.0],
                [0.761568, 0.002784, -0.648079, -0.0, 0.102803, 0.986811, 0.125043, 0.3, 0.63988, -0.161853, 0.751237, 0.0, 0.0, 0.0, 0.0, 1.0],
                [0.920199, 0.10835, -0.376156, -0.0, 0.058654, 0.911917, 0.406161, 0.3, 0.387031, -0.395812, 0.83279, -0.0, 0.0, 0.0, 0.0, 1.0],
                [0.914962, 0.036508, -0.401886, 0.0, 0.061457, 0.971676, 0.228186, 0.3, 0.398834, -0.23348, 0.886803, -0.0, 0.0, 0.0, 0.0, 1.0],
                [0.999771, -0.021316, -0.002029, 0.0, 0.021411, 0.994316, 0.104295, 0.3, -0.000206, -0.104315, 0.994544, 0.0, 0.0, 0.0, 0.0, 1.0]
            ]
        },
        {
            "name": "Head",
            "time": [0.0, 0.3, 0.3833, 0.4833, 0.6333, 1.0667, 1.4667],
            "transform": [
                [0.196976, 0.037721, -0.979682, 0.0, -0.056124, 0.998055, 0.027144, 0.4, 0.9788, 0.049637, 0.19871, -0.0, 0.0, 0.0, 0.0, 1.0],
                [0.568755, -0.103833, -0.815926, 0.0, -0.062285, 0.983714, -0.168602, 0.4, 0.820145, 0.146713, 0.553026, 0.0, 0.0, 0.0, 0.0, 1.0],
                [0.786455, -0.106111, -0.608465, 0.0, -0.017585, 0.980886, -0.193786, 0.4, 0.617398, 0.163104, 0.769557, 0.0, 0.0, 0.0, 0.0, 1.0],
                [0.721102, -0.068911, 0.689394, -0.0, 0.186743, 0.977547, -0.097618, 0.4, -0.667188, 0.199131, 0.717779, -0.0, 0.0, 0.0, 0.0, 1.0],
                [0.430909, -0.009562, 0.902345, -0.0, 0.014212, 0.999892, 0.003809, 0.4, -0.902284, 0.011182, 0.430998, -0.0, 0.0, 0.0, 0.0, 1.0],
                [0.322307, 0.002902, 0.946631, -0.0, 0.17283, 0.983007, -0.061858, 0.4, -0.930725, 0.183544, 0.316328, -0.0, 0.0, 0.0, 0.0, 1.0],
                [0.85311, 0.037721, 0.520365, 0.0, -0.006297, 0.998055, -0.062025, 0.4, -0.521692, 0.049637, 0.851689, 0.0, 0.0, 0.0, 0.0, 1.0]
            ]
        },
        {
            "name": "Shoulder_R",
            "time": [0.0, 0.3, 0.3833, 0.6333, 1.0667, 1.4667],
            "transform": [
                [-0.21534, 0.941357, 0.259762, 0.0, 0.175828, -0.224279, 0.958532, 0.4, 0.96058, 0.252083, -0.11722, -0.0, 0.0, 0.0, 0.0, 1.0],
                [-0.21534, 0.941357, 0.259762, 0.0, 0.175828, -0.224279, 0.958532, 0.4, 0.96058, 0.252083, -0.11722, 0.0, 0.0, 0.0, 0.0, 1.0],
                [-0.21534, 0.941357, 0.259762, 0.0, 0.175828, -0.224279, 0.958532, 0.4, 0.96058, 0.252083, -0.11722, 0.0, 0.0, 0.0, 0.0, 1.0],
                [-0.21534, 0.941357, 0.259762, -0.0, 0.175828, -0.224279, 0.958532, 0.4, 0.96058, 0.252083, -0.11722, -0.0, 0.0, 0.0, 0.0, 1.0],
                [-0.21534, 0.941357, 0.259762, -0.0, 0.175828, -0.224279, 0.958532, 0.4, 0.96058, 0.252083, -0.11722, -0.0, 0.0, 0.0, 0.0, 1.0],
                [0.110305, 0.959352, 0.259762, 0.0, 0.091141, -0.270019, 0.958532, 0.4, 0.98971, -0.082056, -0.11722, 0.0, 0.0, 0.0, 0.0, 1.0]
            ]
        },
        {
            "name": "Arm_R",
            "time": [0.0, 0.3, 0.3833, 0.6333, 1.0667, 1.4667],
            "transform": [
                [0.945379, -0.317406, -0.074243, 0.0, 0.321443, 0.869901, 0.374096, 0.393861, -0.054156, -0.377527, 0.924414, -0.0, 0.0, 0.0, 0.0, 1.0],
                [0.32026, -0.462443, -0.826789, 0.0, -0.187014, 0.82472, -0.533726, 0.393861, 0.928687, 0.325552, 0.177642, 0.0, 0.0, 0.0, 0.0, 1.0],
                [0.185973, 0.191707, -0.963671, -0.0, 0.038685, 0.978592, 0.20214, 0.39386, 0.981793, -0.074872, 0.174576, -0.0, 0.0, 0.0, 0.0, 1.0],
                [0.185973, 0.331479, -0.924951, 0.0, 0.038684, 0.938174, 0.343996, 0.393861, 0.981793, -0.099755, 0.161652, 0.0, 0.0, 0.0, 0.0, 1.0],
                [0.185973, 0.191707, -0.963671, 0.0, 0.038684, 0.978592, 0.20214, 0.393861, 0.981793, -0.074872, 0.174576, 0.0, 0.0, 0.0, 0.0, 1.0],
                [0.016005, 0.280634, -0.959681, -0.0, 0.894149, 0.425534, 0.139349, 0.393861, 0.447483, -0.860328, -0.244118, 0.0, 0.0, 0.0, 0.0, 1.0]
            ]
        },
        {
            "name": "Hand_R",
            "time": [0.0, 0.3, 0.3833, 0.6333, 1.0667, 1.4667],
            "transform": [
                [0.999998, -0.000383, 0.001782, 0.0, 0.000868, 0.959804, -0.280671, 0.3, -0.001603, 0.280672, 0.959802, -0.0, 0.0, 0.0, 0.0, 1.0],
                [0.999998, 0.000828, 0.001624, -0.0, 0.000868, 0.567458, -0.823402, 0.3, -0.001603, 0.823402, 0.567456, -0.0, 0.0, 0.0, 0.0, 1.0],
                [0.999998, 0.000714, 0.001677, 0.0, 0.000868, 0.622662, -0.78249, 0.3, -0.001603, 0.78249, 0.622661, -0.0, 0.0, 0.0, 0.0, 1.0],
                [0.999998, -0.000514, 0.001749, -0.0, 0.000868, 0.977913, -0.20901, 0.3, -0.001603, 0.209011, 0.977912, 0.0, 0.0, 0.0, 0.0, 1.0],
                [0.999998, -0.000619, 0.001715, -0.0, 0.000868, 0.988836, -0.149008, 0.3, -0.001603, 0.14901, 0.988834, 0.0, 0.0, 0.0, 0.0, 1.0],
                [0.999998, -1.3e-05, 0.001823, 0.0, 0.000868, 0.882719, -0.4699, 0.3, -0.001603, 0.469901, 0.882718, -0.0, 0.0, 0.0, 0.0, 1.0]
            ]
        },
        {
            "name": "Tool_R",
            "time": [0.0, 0.3, 0.3833, 0.6333, 1.0667, 1.4667],
            "transform": [
                [0.986382, 0.072637, -0.147563, 0.015054, 0.067825, -0.996996, -0.037389, 0.243316, -0.149746, 0.026845, -0.987761, 0.024459, 0.0, 0.0, 0.0, 1.0],
                [0.986408, 0.054648, 0.154961, 0.015054, 0.067594, 0.72463, -0.685815, 0.243316, -0.149679, 0.686569, 0.710659, 0.024459, 0.0, 0.0, 0.0, 1.0],
                [0.986388, 0.148353, -0.070924, 0.015054, 0.067758, -0.759705, -0.646728, 0.243316, -0.149736, 0.632736, -0.758973, 0.024459, 0.0, 0.0, 0.0, 1.0],
                [0.986388, 0.148312, -0.07101, 0.015054, 0.067758, -0.760079, -0.646288, 0.243317, -0.149736, 0.632296, -0.75934, 0.024459, 0.0, 0.0, 0.0, 1.0],
                [0.986388, 0.148308, -0.071018, 0.015054, 0.067759, -0.760113, -0.646248, 0.243316, -0.149736, 0.632257, -0.759373, 0.024459, 0.0, 0.0, 0.0, 1.0],
                [0.976086, -0.063799, 0.207812, 0.015054, -0.000916, -0.957162, -0.28955, 0.243316, 0.217254, 0.282258, -0.933781, 0.024459, 0.0, 0.0, 0.0, 1.0]
            ]
        },
        {
            "name": "Elbow_R",
            "time": [0.0, 0.3, 0.3833, 0.6333, 1.0667, 1.4667],
            "transform": [
                [-1.0, 0.0, -0.0, 0.0, 0.0, -0.0, -1.0, 0.341622, -0.0, -1.0, 0.0, 0.0, 0.0, 0.0, 0.0, 1.0],
                [-1.0, 0.0, -0.0, -0.0, 0.0, -0.0, -1.0, 0.341622, -0.0, -1.0, 0.0, -0.0, 0.0, 0.0, 0.0, 1.0],
                [-1.0, 0.0, 0.0, 0.0, 0.0, -0.0, -1.0, 0.341622, -0.0, -1.0, 0.0, -0.0, 0.0, 0.0, 0.0, 1.0],
                [-1.0, 0.0, -0.0, -0.0, 0.0, -0.0, -1.0, 0.341622, -0.0, -1.0, 0.0, -0.0, 0.0, 0.0, 0.0, 1.0],
                [-1.0, 0.0, -0.0, -0.0, 0.0, -0.0, -1.0, 0.341622, -0.0, -1.0, 0.0, 0.0, 0.0, 0.0, 0.0, 1.0],
                [-1.0, 0.0, -0.0, 0.0, 0.0, -0.0, -1.0, 0.341622, -0.0, -1.0, 0.0, -0.0, 0.0, 0.0, 0.0, 1.0]
            ]
        },
        {
            "name": "Shoulder_L",
            "time": [0.0, 0.3, 0.3833, 0.6333, 1.0667, 1.4667],
            "transform": [
                [-0.226937, -0.947819, -0.223918, 0.0, -0.021067, -0.225085, 0.974111, 0.4, -0.973681, 0.225779, 0.031113, -0.0, 0.0, 0.0, 0.0, 1.0],
                [-0.226937, -0.947819, -0.223918, 0.0, -0.021067, -0.225085, 0.974111, 0.4, -0.973681, 0.225779, 0.031113, 0.0, 0.0, 0.0, 0.0, 1.0],
                [-0.226937, -0.947819, -0.223918, 0.0, -0.021067, -0.225085, 0.974111, 0.4, -0.973681, 0.225779, 0.031113, 0.0, 0.0, 0.0, 0.0, 1.0],
                [-0.226937, -0.947819, -0.223918, -0.0, -0.021067, -0.225085, 0.974111, 0.4, -0.973681, 0.22578, 0.031113, -0.0, 0.0, 0.0, 0.0, 1.0],
                [-0.226937, -0.947819, -0.223918, -0.0, -0.021067, -0.225085, 0.974111, 0.4, -0.973682, 0.22578, 0.031113, -0.0, 0.0, 0.0, 0.0, 1.0],
                [-0.226937, -0.947819, -0.223918, 0.0, -0.021067, -0.225085, 0.974111, 0.4, -0.973681, 0.225779, 0.031113, 0.0, 0.0, 0.0, 0.0, 1.0]
            ]
        },
        {
            "name": "Arm_L",
            "time": [0.0, 0.3, 0.3833, 0.6333, 1.0667, 1.4667],
            "transform": [
                [-0.262872, 0.09991, 0.959644, -0.0, -0.346247, 0.918601, -0.190483, 0.39386, -0.900561, -0.382347, -0.206881, 0.0, 0.0, 0.0, 0.0, 1.0],
                [-0.262872, 0.538461, 0.800598, 0.0, -0.346247, 0.72186, -0.599192, 0.39386, -0.900562, -0.434716, -0.003316, 0.0, 0.0, 0.0, 0.0, 1.0],
                [-0.262872, 0.538461, 0.800598, -0.0, -0.346247, 0.72186, -0.599192, 0.39386, -0.900562, -0.434716, -0.003316, 0.0, 0.0, 0.0, 0.0, 1.0],
                [0.00805, 0.599147, 0.800599, -0.0, 0.016289, 0.80044, -0.599192, 0.393861, -0.999835, 0.017864, -0.003316, -0.0, 0.0, 0.0, 0.0, 1.0],
                [-0.262872, 0.538461, 0.800599, 0.0, -0.346247, 0.72186, -0.599192, 0.39386, -0.900562, -0.434716, -0.003316, -0.0, 0.0, 0.0, 0.0, 1.0],
                [-0.538552, 0.020444, 0.842344, -0.0, -0.836746, 0.104581, -0.537511, 0.39386, -0.099082, -0.994306, -0.039216, 0.0, 0.0, 0.0, 0.0, 1.0]
            ]
        },
        {
            "name": "Hand_L",
            "time": [0.0, 0.3, 0.3833, 0.6333, 1.0667, 1.4667],
            "transform": [
                [0.999993, -0.001538, -0.003471, -0.0, 0.000938, 0.986008, -0.166699, 0.3, 0.003679, 0.166694, 0.986002, -0.0, 0.0, 0.0, 0.0, 1.0],
                [0.999993, -0.002952, -0.002387, 0.0, 0.000938, 0.801425, -0.598095, 0.3, 0.003679, 0.598088, 0.801422, 0.0, 0.0, 0.0, 0.0, 1.0],
                [0.999993, -0.002952, -0.002387, -0.0, 0.000938, 0.801425, -0.598095, 0.3, 0.003679, 0.598088, 0.801422, 0.0, 0.0, 0.0, 0.0, 1.0],
                [0.999993, -0.002952, -0.002387, 0.0, 0.000938, 0.801425, -0.598095, 0.3, 0.003679, 0.598088, 0.801422, -0.0, 0.0, 0.0, 0.0, 1.0],
                [0.999993, -0.002952, -0.002387, -0.0, 0.000938, 0.801425, -0.598095, 0.3, 0.003679, 0.598088, 0.801422, -0.0, 0.0, 0.0, 0.0, 1.0],
                [0.999993, -0.001541, -0.00347, -0.0, 0.000938, 0.985901, -0.167329, 0.3, 0.003679, 0.167324, 0.985895, 0.0, 0.0, 0.0, 0.0, 1.0]
            ]
        },
        {
            "name": "Tool_L",
            "time": [0.0, 0.3, 0.3833, 0.6333, 1.0667, 1.4667],
            "transform": [
                [0.997004, 0.01104, -0.076554, 0.0, -0.036659, -0.804079, -0.593391, 0.272858, -0.068067, 0.594062, -0.8008, -0.0, 0.0, 0.0, 0.0, 1.0],
                [0.997004, 0.01104, -0.076554, -0.0, -0.036659, -0.804079, -0.593391, 0.272858, -0.068067, 0.594062, -0.8008, -0.0, 0.0, 0.0, 0.0, 1.0],
                [0.997004, 0.01104, -0.076554, 0.0, -0.036659, -0.804079, -0.593391, 0.272858, -0.068067, 0.594062, -0.8008, -0.0, 0.0, 0.0, 0.0, 1.0],
                [0.997004, 0.01104, -0.076554, -0.0, -0.036659, -0.804079, -0.593391, 0.272858, -0.068067, 0.594062, -0.8008, -0.0, 0.0, 0.0, 0.0, 1.0],
                [0.997004, 0.01104, -0.076554, -0.0, -0.036659, -0.804079, -0.593391, 0.272858, -0.068067, 0.594062, -0.8008, -0.0, 0.0, 0.0, 0.0, 1.0],
                [0.997004, 0.01104, -0.076554, 0.0, -0.036659, -0.804079, -0.593391, 0.272858, -0.068067, 0.594062, -0.8008, -0.0, 0.0, 0.0, 0.0, 1.0]
            ]
        },
        {
            "name": "Elbow_L",
            "time": [0.0, 0.3, 0.3833, 0.6333, 1.0667, 1.4667],
            "transform": [
                [-1.0, 0.0, -0.0, 2.7e-05, 0.0, -0.0, -1.0, 0.334301, -0.0, -1.0, -0.0, -0.002121, 0.0, 0.0, 0.0, 1.0],
                [-1.0, 0.0, -0.0, 2.7e-05, 0.0, 0.0, -1.0, 0.334302, -0.0, -1.0, -0.0, -0.002121, 0.0, 0.0, 0.0, 1.0],
                [-1.0, 0.0, -0.0, 2.7e-05, 0.0, -0.0, -1.0, 0.334301, -0.0, -1.0, -0.0, -0.002121, 0.0, 0.0, 0.0, 1.0],
                [-1.0, 0.0, -0.0, 2.7e-05, 0.0, -0.0, -1.0, 0.334301, -0.0, -1.0, -0.0, -0.002121, 0.0, 0.0, 0.0, 1.0],
                [-1.0, 0.0, -0.0, 2.7e-05, 0.0, -0.0, -1.0, 0.334302, -0.0, -1.0, -0.0, -0.002121, 0.0, 0.0, 0.0, 1.0],
                [-1.0, 0.0, -0.0, 2.7e-05, 0.0, -0.0, -1.0, 0.334301, -0.0, -1.0, -0.0, -0.00212, 0.0, 0.0, 0.0, 1.0]
            ]
        }
    ]
}