{
    "animation": [
        {
            "name": "Root",
            "time": [0.0, 0.25, 0.4, 0.5, 0.7, 1.1833],
            "transform": [
                [0.854339, 0.028643, -0.518927, -5e-06, -0.51914, 0.0, -0.854689, 0.000946, -0.024481, 0.99959, 0.01487, 0.753683, 0.0, 0.0, 0.0, 1.0],
                [0.283491, 0.028643, -0.958547, -0.009954, -0.95894, 0.0, -0.283608, -0.47503, -0.008123, 0.99959, 0.027467, 0.590176, 0.0, 0.0, 0.0, 1.0],
                [0.191035, -0.029137, -0.981151, -0.003939, -0.948275, 0.2527, -0.192138, -0.867118, 0.253535, 0.967106, 0.020645, 0.671554, 0.0, 0.0, 0.0, 1.0],
                [0.983126, -0.082383, -0.163326, 0.056507, -0.154784, 0.101199, -0.982752, 0.372222, 0.097491, 0.991449, 0.08674, 0.739324, 0.0, 0.0, 0.0, 1.0],
                [0.619159, 0.035462, 0.784464, 0.042222, 0.772883, 0.149187, -0.616762, 1.231304, -0.138903, 0.988173, 0.064962, 0.483965, 0.0, 0.0, 0.0, 1.0],
                [0.578539, 0.039441, 0.814701, 0.01525, 0.801967, 0.154712, -0.576986, 1.393605, -0.1488, 0.987172, 0.057877, 0.572477, 0.0, 0.0, 0.0, 1.0]
            ]
        },
        {
            "name": "Thigh_R",
            "time": [0.0, 0.25, 0.4, 0.5, 0.7, 1.1833],
            "transform": [
                [0.992811, 0.11785, -0.020883, 0.124994, 0.118536, -0.992318, 0.035348, -0.002831, -0.016557, -0.037569, -0.999157, -1.2e-05, 0.0, 0.0, 0.0, 1.0],
                [0.875688, 0.467603, -0.120483, 0.124994, 0.47183, -0.881655, 0.007548, -0.002831, -0.102695, -0.063456, -0.992687, -1.2e-05, 0.0, 0.0, 0.0, 1.0],
                [0.969284, 0.238724, -0.059146, 0.124994, 0.227942, -0.962287, -0.148469, -0.002831, -0.092358, 0.130427, -0.987147, -1.2e-05, 0.0, 0.0, 0.0, 1.0],
                [0.933783, 0.280443, -0.222259, 0.124994, 0.338189, -0.894624, 0.292015, -0.002831, -0.116945, -0.347843, -0.930231, -1.2e-05, 0.0, 0.0, 0.0, 1.0],
                [0.685821, 0.725954, 0.051368, 0.124994, 0.231062, -0.284129, 0.930527, -0.002831, 0.690116, -0.626304, -0.362603, -1.2e-05, 0.0, 0.0, 0.0, 1.0],
                [0.663517, 0.720788, 0.200519, 0.124994, 0.202801, -0.431257, 0.879141, -0.002831, 0.72015, -0.542658, -0.432324, -1.2e-05, 0.0, 0.0, 0.0, 1.0]
            ]
        },
        {
            "name": "Leg_R",
            "time": [0.0, 0.25, 0.3833, 0.5333, 0.7, 1.1833],
            "transform": [
                [1.0, -0.0, 1e-06, 0.0, 0.0, 0.997612, 0.069073, 0.37472, -1e-06, -0.069073, 0.997611, 0.0, 0.0, 0.0, 0.0, 1.0],
                [1.0, -0.0, 1e-06, -0.0, 0.0, 0.874326, 0.485341, 0.37472, -1e-06, -0.485341, 0.874324, 0.0, 0.0, 0.0, 0.0, 1.0],
                [1.0, 0.0, 1e-06, -0.0, -0.0, 0.977208, 0.212289, 0.37472, -1e-06, -0.212289, 0.977206, 0.0, 0.0, 0.0, 0.0, 1.0],
                [1.0, -1e-06, 0.0, 0.0, -0.0, -0.182921, 0.983127, 0.37472, -1e-06, -0.983129, -0.18292, 0.0, 0.0, 0.0, 0.0, 1.0],
                [1.0, -1e-06, 1e-06, 0.0, 0.0, 0.861731, 0.507366, 0.37472, -1e-06, -0.507366, 0.86173, 0.0, 0.0, 0.0, 0.0, 1.0],
                [1.0, -0.0, 1e-06, -0.0, 0.0, 0.861122, 0.508399, 0.37472, -1e-06, -0.5084, 0.861121, -0.0, 0.0, 0.0, 0.0, 1.0]
            ]
        },
        {
            "name": "Knee_R",
            "time": [0.0, 0.25, 0.4, 0.7, 1.1833],
            "transform": [
                [1.0, 0.0, -0.0, 0.0, -0.0, 1e-06, -1.0, 0.37472, -0.0, 1.0, 1e-06, 0.0, 0.0, 0.0, 0.0, 1.0],
                [1.0, 0.0, -0.0, -0.0, -0.0, 1e-06, -1.0, 0.37472, -0.0, 1.0, 1e-06, 0.0, 0.0, 0.0, 0.0, 1.0],
                [1.0, 0.0, -0.0, 0.0, -0.0, 1e-06, -1.0, 0.37472, -0.0, 1.0, 1e-06, 0.0, 0.0, 0.0, 0.0, 1.0],
                [1.0, 0.0, -0.0, 0.0, -0.0, 1e-06, -1.0, 0.37472, -0.0, 1.0, 1e-06, 0.0, 0.0, 0.0, 0.0, 1.0],
                [1.0, 0.0, -0.0, -0.0, -0.0, 1e-06, -1.0, 0.37472, -0.0, 1.0, 1e-06, -0.0, 0.0, 0.0, 0.0, 1.0]
            ]
        },
        {
            "name": "Thigh_L",
            "time": [0.0, 0.25, 0.4, 0.5, 0.7, 1.1833],
            "transform": [
                [0.869242, -0.120567, -0.479458, -0.125006, -0.021407, -0.978077, 0.207141, -0.002831, -0.493921, -0.169792, -0.852767, -1.2e-05, 0.0, 0.0, 0.0, 1.0],
                [0.550223, -0.717281, -0.427508, -0.125006, -0.167224, -0.596257, 0.785184, -0.002831, -0.818101, -0.360536, -0.448021, -1.2e-05, 0.0, 0.0, 0.0, 1.0],
                [0.600098, -0.799295, 0.031765, -0.125006, -0.635683, -0.452404, 0.625489, -0.002831, -0.48558, -0.395548, -0.779586, -1.2e-05, 0.0, 0.0, 0.0, 1.0],
                [0.954631, -0.295731, -0.034959, -0.125006, -0.251548, -0.863648, 0.436847, -0.002831, -0.159381, -0.408234, -0.898856, -1.2e-05, 0.0, 0.0, 0.0, 1.0],
                [0.652703, -0.703132, -0.282104, -0.125006, -0.700533, -0.701921, 0.128686, -0.002831, -0.288497, 0.11363, -0.950714, -1.2e-05, 0.0, 0.0, 0.0, 1.0],
                [0.792326, -0.556637, -0.249749, -0.125006, -0.568996, -0.821906, 0.026713, -0.002831, -0.22014, 0.120942, -0.967941, -1.2e-05, 0.0, 0.0, 0.0, 1.0]
            ]
        },
        {
            "name": "Leg_L",
            "time": [0.0, 0.25, 0.4, 0.7, 1.1833],
            "transform": [
                [0.998576, 0.053235, -0.003397, 0.0, -0.051599, 0.980122, 0.191569, 0.37472, 0.013527, -0.191121, 0.981474, -0.0, 0.0, 0.0, 0.0, 1.0],
                [0.998576, 0.039327, 0.036039, 0.0, -0.051599, 0.540817, 0.839557, 0.37472, 0.013527, -0.84022, 0.542076, -0.0, 0.0, 0.0, 0.0, 1.0],
                [0.998576, 0.041498, 0.033517, -0.0, -0.051599, 0.592105, 0.804207, 0.37472, 0.013527, -0.804791, 0.593404, -0.0, 0.0, 0.0, 0.0, 1.0],
                [0.998576, 0.053191, 0.004021, -0.0, -0.051599, 0.944072, 0.325675, 0.37472, 0.013527, -0.325419, 0.945474, -0.0, 0.0, 0.0, 0.0, 1.0],
                [0.998576, 0.053341, -0.000469, 0.0, -0.051599, 0.968126, 0.245089, 0.37472, 0.013527, -0.244716, 0.969501, 0.0, 0.0, 0.0, 0.0, 1.0]
            ]
        },
        {
            "name": "Knee_L",
            "time": [0.0, 0.25, 0.4, 0.7, 1.1833],
            "transform": [
                [1.0, 0.0, -0.0, 0.0, -0.0, 1e-06, -1.0, 0.37472, -0.0, 1.0, 1e-06, -0.0, 0.0, 0.0, 0.0, 1.0],
                [1.0, 0.0, -0.0, 0.0, -0.0, 1e-06, -1.0, 0.37472, -0.0, 1.0, 1e-06, -0.0, 0.0, 0.0, 0.0, 1.0],
                [1.0, 0.0, -0.0, -0.0, -0.0, 1e-06, -1.0, 0.37472, -0.0, 1.0, 1e-06, -0.0, 0.0, 0.0, 0.0, 1.0],
                [1.0, 0.0, -0.0, -0.0, -0.0, 1e-06, -1.0, 0.37472, -0.0, 1.0, 1e-06, -0.0, 0.0, 0.0, 0.0, 1.0],
                [1.0, 0.0, -0.0, 0.0, -0.0, 1e-06, -1.0, 0.37472, -0.0, 1.0, 1e-06, 0.0, 0.0, 0.0, 0.0, 1.0]
            ]
        },
        {
            "name": "Torso",
            "time": [0.0, 0.25, 0.4833, 0.7, 1.1833],
            "transform": [
                [0.999042, -0.043673, -0.002705, 0.0, 0.04367, 0.999045, -0.001423, 0.05, 0.002765, 0.001304, 0.999995, -0.0, 0.0, 0.0, 0.0, 1.0],
                [0.998578, -0.045861, 0.027185, -0.0, 0.045949, 0.99894, -0.002626, 0.05, -0.027035, 0.003871, 0.999627, 0.0, 0.0, 0.0, 0.0, 1.0],
                [0.915786, -0.022566, -0.401031, -0.0, 0.02441, 0.999702, -0.000512, 0.05, 0.400923, -0.00932, 0.916064, 0.0, 0.0, 0.0, 0.0, 1.0],
                [0.99564, 0.091927, 0.015835, 0.0, -0.092832, 0.993103, 0.071615, 0.05, -0.009142, -0.072772, 0.997307, -0.0, 0.0, 0.0, 0.0, 1.0],
                [0.997446, -0.045861, 0.054756, -0.0, 0.046004, 0.998941, -0.001355, 0.05, -0.054636, 0.003871, 0.998499, -0.0, 0.0, 0.0, 0.0, 1.0]
            ]
        },
        {
            "name": "Chest",
            "time": [0.0, 0.25, 0.4833, 0.7, 1.1833],
            "transform": [
                [0.999771, -0.021316, -0.002029, 0.0, 0.021411, 0.994316, 0.104295, 0.3, -0.000206, -0.104315, 0.994544, 0.0, 0.0, 0.0, 0.0, 1.0],
                [0.961034, -0.021316, -0.275606, -0.0, 0.049141, 0.994316, 0.094452, 0.3, 0.272026, -0.104315, 0.956619, -0.0, 0.0, 0.0, 0.0, 1.0],
                [0.821774, -0.098073, -0.56131, 0.0, 0.09032, 0.995043, -0.041625, 0.3, 0.56261, -0.016491, 0.826558, -0.0, 0.0, 0.0, 0.0, 1.0],
                [0.878125, -0.114669, 0.464487, 0.0, 0.074944, 0.991836, 0.103173, 0.3, -0.472526, -0.055789, 0.879549, -0.0, 0.0, 0.0, 0.0, 1.0],
                [0.8792, -0.021316, 0.475977, 0.0, -0.031031, 0.994316, 0.101848, 0.3, -0.475442, -0.104315, 0.873541, -0.0, 0.0, 0.0, 0.0, 1.0]
            ]
        },
        {
            "name": "Head",
            "time": [0.0, 0.25, 0.4833, 0.7, 1.1833],
            "transform": [
                [0.85311, 0.037721, 0.520365, -0.0, -0.006297, 0.998055, -0.062025, 0.4, -0.521692, 0.049637, 0.851689, -0.0, 0.0, 0.0, 0.0, 1.0],
                [0.612437, 0.037721, 0.789619, -0.0, 0.016161, 0.998055, -0.060213, 0.4, -0.790354, 0.049637, 0.610636, -0.0, 0.0, 0.0, 0.0, 1.0],
                [0.240021, 0.038889, 0.969988, 0.0, 0.039968, 0.997954, -0.0499, 0.4, -0.969945, 0.050746, 0.237976, -0.0, 0.0, 0.0, 0.0, 1.0],
                [0.402503, 0.037742, -0.91464, 0.0, -0.060919, 0.998039, 0.014375, 0.4, 0.913389, 0.049933, 0.404013, -0.0, 0.0, 0.0, 0.0, 1.0],
                [0.196976, 0.037721, -0.979682, 0.0, -0.056124, 0.998055, 0.027144, 0.4, 0.9788, 0.049637, 0.19871, -0.0, 0.0, 0.0, 0.0, 1.0]
            ]
        },
        {
            "name": "Shoulder_R",
            "time": [0.0, 0.25, 0.4, 0.7, 1.1833],
            "transform": [
                [0.110305, 0.959352, 0.259762, -0.0, 0.091141, -0.270019, 0.958532, 0.4, 0.98971, -0.082056, -0.11722, -0.0, 0.0, 0.0, 0.0, 1.0],
                [-0.21534, 0.941357, 0.259762, -0.0, 0.175828, -0.224279, 0.958532, 0.4, 0.960579, 0.252083, -0.11722, -0.0, 0.0, 0.0, 0.0, 1.0],
                [-0.21534, 0.941357, 0.259762, -0.0, 0.175828, -0.224279, 0.958532, 0.4, 0.96058, 0.252083, -0.11722, -0.0, 0.0, 0.0, 0.0, 1.0],
                [-0.21534, 0.941357, 0.259762, 0.0, 0.175828, -0.224279, 0.958532, 0.4, 0.96058, 0.252083, -0.11722, -0.0, 0.0, 0.0, 0.0, 1.0],
                [-0.21534, 0.941357, 0.259762, 0.0, 0.175828, -0.224279, 0.958532, 0.4, 0.96058, 0.252083, -0.11722, -0.0, 0.0, 0.0, 0.0, 1.0]
            ]
        },
        {
            "name": "Arm_R",
            "time": [0.0, 0.25, 0.5167, 0.7, 1.1833],
            "transform": [
                [0.016005, 0.280634, -0.959681, -0.0, 0.894149, 0.425534, 0.139349, 0.393861, 0.447483, -0.860328, -0.244118, 0.0, 0.0, 0.0, 0.0, 1.0],
                [0.232838, 0.226837, -0.945691, -0.0, 0.32874, 0.896818, 0.296054, 0.39386, 0.915268, -0.379819, 0.134243, 0.0, 0.0, 0.0, 0.0, 1.0],
                [0.107577, 0.394747, -0.91247, 0.0, 0.867457, 0.411146, 0.280138, 0.39386, 0.485742, -0.821665, -0.298196, 0.0, 0.0, 0.0, 0.0, 1.0],
                [0.946821, -0.316417, -0.058401, -0.0, 0.316486, 0.948561, -0.008308, 0.39386, 0.058026, -0.010617, 0.998259, 0.0, 0.0, 0.0, 0.0, 1.0],
                [0.945379, -0.317406, -0.074243, 0.0, 0.321443, 0.869901, 0.374096, 0.393861, -0.054156, -0.377527, 0.924414, 0.0, 0.0, 0.0, 0.0, 1.0]
            ]
        },
        {
            "name": "Hand_R",
            "time": [0.0, 0.25, 0.4, 0.7, 1.1833],
            "transform": [
                [0.999998, -1.3e-05, 0.001823, 0.0, 0.000868, 0.882719, -0.4699, 0.3, -0.001603, 0.469901, 0.882718, -0.0, 0.0, 0.0, 0.0, 1.0],
                [0.999998, 0.000521, 0.001747, -0.0, 0.000868, 0.706883, -0.70733, 0.3, -0.001603, 0.70733, 0.706882, 0.0, 0.0, 0.0, 0.0, 1.0],
                [0.999998, 0.000447, 0.001768, 0.0, 0.000868, 0.736011, -0.676969, 0.3, -0.001603, 0.676969, 0.73601, 0.0, 0.0, 0.0, 0.0, 1.0],
                [0.999998, -0.000925, 0.001571, -0.0, 0.000868, 0.999359, 0.035785, 0.3, -0.001603, -0.035784, 0.999358, -0.0, 0.0, 0.0, 0.0, 1.0],
                [0.999998, -0.000383, 0.001782, -0.0, 0.000868, 0.959804, -0.280671, 0.3, -0.001603, 0.280672, 0.959802, -0.0, 0.0, 0.0, 0.0, 1.0]
            ]
        },
        {
            "name": "Tool_R",
            "time": [0.0, 0.25, 0.4, 0.7, 1.1833],
            "transform": [
                [0.976086, -0.063799, 0.207812, 0.015054, -0.000916, -0.957162, -0.28955, 0.243316, 0.217254, 0.282258, -0.933781, 0.024459, 0.0, 0.0, 0.0, 1.0],
                [0.976087, 0.039789, 0.213708, 0.015054, -0.000984, -0.982287, 0.187378, 0.243316, 0.21725, -0.18301, -0.958189, 0.024459, 0.0, 0.0, 0.0, 1.0],
                [0.981852, 0.052845, 0.18214, 0.015054, 0.021349, -0.985087, 0.170726, 0.243316, 0.188334, -0.163653, -0.967763, 0.024459, 0.0, 0.0, 0.0, 1.0],
                [0.991943, 0.067695, -0.107084, 0.015054, 0.066918, -0.997699, -0.010834, 0.243317, -0.107506, 0.003568, -0.993602, 0.024459, 0.0, 0.0, 0.0, 1.0],
                [0.986382, 0.072637, -0.147563, 0.015054, 0.067825, -0.996996, -0.037389, 0.243316, -0.149746, 0.026845, -0.987761, 0.024459, 0.0, 0.0, 0.0, 1.0]
            ]
        },
        {
            "name": "Elbow_R",
            "time": [0.0, 0.25, 0.4, 0.7, 1.1833],
            "transform": [
                [-1.0, 0.0, -0.0, 0.0, 0.0, -0.0, -1.0, 0.341622, -0.0, -1.0, 0.0, -0.0, 0.0, 0.0, 0.0, 1.0],
                [-1.0, 0.0, -0.0, -0.0, -0.0, -0.0, -1.0, 0.341622, -0.0, -1.0, 0.0, 0.0, 0.0, 0.0, 0.0, 1.0],
                [-1.0, 0.0, 0.0, -0.0, -0.0, -0.0, -1.0, 0.341622, -0.0, -1.0, 0.0, 0.0, 0.0, 0.0, 0.0, 1.0],
                [-1.0, 0.0, -0.0, -0.0, 0.0, -0.0, -1.0, 0.341622, -0.0, -1.0, 0.0, -0.0, 0.0, 0.0, 0.0, 1.0],
                [-1.0, 0.0, -0.0, -0.0, 0.0, -0.0, -1.0, 0.341622, -0.0, -1.0, 0.0, -0.0, 0.0, 0.0, 0.0, 1.0]
            ]
        },
        {
            "name": "Shoulder_L",
            "time": [0.0, 0.25, 0.4, 0.7, 1.1833],
            "transform": [
                [-0.226937, -0.947819, -0.223918, -0.0, -0.021067, -0.225085, 0.974111, 0.4, -0.973681, 0.225779, 0.031113, -0.0, 0.0, 0.0, 0.0, 1.0],
                [-0.226937, -0.947819, -0.223918, -0.0, -0.021067, -0.225085, 0.974111, 0.4, -0.973681, 0.225779, 0.031113, -0.0, 0.0, 0.0, 0.0, 1.0],
                [-0.226937, -0.947819, -0.223918, -0.0, -0.021067, -0.225085, 0.974111, 0.4, -0.973681, 0.225779, 0.031113, -0.0, 0.0, 0.0, 0.0, 1.0],
                [-0.226937, -0.947819, -0.223918, 0.0, -0.021067, -0.225085, 0.974111, 0.4, -0.973681, 0.225779, 0.031113, -0.0, 0.0, 0.0, 0.0, 1.0],
                [-0.226937, -0.947819, -0.223918, 0.0, -0.021067, -0.225085, 0.974111, 0.4, -0.973681, 0.225779, 0.031113, -0.0, 0.0, 0.0, 0.0, 1.0]
            ]
        },
        {
            "name": "Arm_L",
            "time": [0.0, 0.25, 0.4833, 0.7, 1.1833],
            "transform": [
                [-0.538552, 0.020444, 0.842344, 0.0, -0.836746, 0.104581, -0.537511, 0.39386, -0.099082, -0.994306, -0.039216, -0.0, 0.0, 0.0, 0.0, 1.0],
                [-0.262872, 0.09991, 0.959644, 0.0, -0.346247, 0.918601, -0.190483, 0.39386, -0.900561, -0.382347, -0.206881, -0.0, 0.0, 0.0, 0.0, 1.0],
                [-0.206545, 0.190848, 0.959644, -0.0, 0.021841, 0.981447, -0.190483, 0.39386, -0.978193, -0.018384, -0.206881, 0.0, 0.0, 0.0, 0.0, 1.0],
                [-0.234153, 0.155743, 0.959644, 0.0, -0.133808, 0.972528, -0.190483, 0.39386, -0.962947, -0.17301, -0.206881, 0.0, 0.0, 0.0, 0.0, 1.0],
                [-0.262872, 0.09991, 0.959644, -0.0, -0.346247, 0.918601, -0.190483, 0.39386, -0.900561, -0.382347, -0.206881, 0.0, 0.0, 0.0, 0.0, 1.0]
            ]
        },
        {
            "name": "Hand_L",
            "time": [0.0, 0.25, 0.4, 0.7, 1.1833],
            "transform": [
                [0.999993, -0.001541, -0.00347, 0.0, 0.000938, 0.985901, -0.167329, 0.3, 0.003679, 0.167324, 0.985895, -0.0, 0.0, 0.0, 0.0, 1.0],
                [0.999993, -0.003491, -0.001492, -0.0, 0.000938, 0.608048, -0.7939, 0.3, 0.003679, 0.793893, 0.608047, -0.0, 0.0, 0.0, 0.0, 1.0],
                [0.999993, -0.003392, -0.001707, 0.0, 0.000938, 0.656307, -0.754494, 0.3, 0.003679, 0.754487, 0.656306, 0.0, 0.0, 0.0, 0.0, 1.0],
                [0.999993, -0.001825, -0.00333, 0.0, 0.000938, 0.96851, -0.248976, 0.3, 0.003679, 0.248971, 0.968504, 0.0, 0.0, 0.0, 0.0, 1.0],
                [0.999993, -0.001538, -0.003471, 0.0, 0.000938, 0.986008, -0.166699, 0.3, 0.003679, 0.166694, 0.986002, 0.0, 0.0, 0.0, 0.0, 1.0]
            ]
        },
        {
            "name": "Tool_L",
            "time": [0.0, 0.25, 0.4, 0.7, 1.1833],
            "transform": [
                [0.997004, 0.01104, -0.076554, 0.0, -0.036659, -0.804079, -0.593391, 0.272858, -0.068067, 0.594062, -0.8008, -0.0, 0.0, 0.0, 0.0, 1.0],
                [0.997004, 0.01104, -0.076554, 0.0, -0.036659, -0.804079, -0.593391, 0.272858, -0.068067, 0.594062, -0.8008, -0.0, 0.0, 0.0, 0.0, 1.0],
                [0.997004, 0.01104, -0.076554, 0.0, -0.036659, -0.804079, -0.593391, 0.272858, -0.068067, 0.594062, -0.8008, -0.0, 0.0, 0.0, 0.0, 1.0],
                [0.997004, 0.01104, -0.076554, -0.0, -0.036659, -0.804079, -0.593391, 0.272858, -0.068067, 0.594062, -0.8008, -0.0, 0.0, 0.0, 0.0, 1.0],
                [0.997004, 0.01104, -0.076554, 0.0, -0.036659, -0.804079, -0.593391, 0.272858, -0.068067, 0.594062, -0.8008, -0.0, 0.0, 0.0, 0.0, 1.0]
            ]
        },
        {
            "name": "Elbow_L",
            "time": [0.0, 0.25, 0.4, 0.7, 1.1833],
            "transform": [
                [-1.0, 0.0, -0.0, 2.7e-05, 0.0, -0.0, -1.0, 0.334301, -0.0, -1.0, -0.0, -0.002121, 0.0, 0.0, 0.0, 1.0],
                [-1.0, 0.0, -0.0, 2.7e-05, 0.0, -0.0, -1.0, 0.334301, -0.0, -1.0, -0.0, -0.002121, 0.0, 0.0, 0.0, 1.0],
                [-1.0, 0.0, 0.0, 2.7e-05, 0.0, -0.0, -1.0, 0.334301, -0.0, -1.0, -0.0, -0.002121, 0.0, 0.0, 0.0, 1.0],
                [-1.0, 0.0, -0.0, 2.7e-05, 0.0, -0.0, -1.0, 0.334301, -0.0, -1.0, -0.0, -0.002121, 0.0, 0.0, 0.0, 1.0],
                [-1.0, 0.0, -0.0, 2.7e-05, 0.0, -0.0, -1.0, 0.334302, -0.0, -1.0, -0.0, -0.002121, 0.0, 0.0, 0.0, 1.0]
            ]
        }
    ]
}