{
    "animation": [
        {
            "name": "Root",
            "time": [0.0, 0.1333, 0.3333, 0.5333, 0.6833, 0.8333, 1.15, 1.45, 1.65, 1.8, 1.9667, 2.2333, 2.7],
            "transform": [
                [0.578539, 0.039441, 0.814701, 0.01525, 0.801967, 0.154712, -0.576986, 0.039687, -0.1488, 0.987172, 0.057877, 0.572477, 0.0, 0.0, 0.0, 1.0],
                [0.58616, -0.12381, 0.800679, 0.035265, 0.784376, 0.334216, -0.522545, -0.054882, -0.202903, 0.934329, 0.293018, 0.455133, 0.0, 0.0, 0.0, 1.0],
                [0.585908, -0.075613, 0.806843, 0.038477, 0.786056, 0.295125, -0.543155, -0.070058, -0.19705, 0.952462, 0.232352, 0.436302, 0.0, 0.0, 0.0, 1.0],
                [0.547259, 0.685396, -0.480354, -0.848914, -0.618088, -0.05602, -0.784111, 0.204058, -0.564336, 0.726012, 0.392977, 0.773005, 0.0, 0.0, 0.0, 1.0],
                [-0.128479, 0.241398, -0.961884, -0.491737, -0.936379, -0.348984, 0.03749, 0.89434, -0.326632, 0.905504, 0.270877, 0.733978, 0.0, 0.0, 0.0, 1.0],
                [-0.687911, -0.185174, -0.701776, -0.013005, -0.653518, -0.262604, 0.709897, 1.00376, -0.315744, 0.946969, 0.059634, 0.52408, 0.0, 0.0, 0.0, 1.0],
                [-0.561046, -0.131044, -0.817347, -0.161259, -0.78322, -0.235571, 0.575389, 1.003518, -0.267944, 0.962982, 0.02953, 0.652368, 0.0, 0.0, 0.0, 1.0],
                [-0.561046, -0.131044, -0.817347, -0.167189, -0.78322, -0.235571, 0.575389, 1.003343, -0.267944, 0.962982, 0.02953, 0.610726, 0.0, 0.0, 0.0, 1.0],
                [-0.615717, -0.140031, -0.775425, -0.162199, -0.742701, -0.225605, 0.630474, 1.038767, -0.263226, 0.964103, 0.034907, 0.600934, 0.0, 0.0, 0.0, 1.0],
                [-0.967985, 0.054718, -0.24497, -0.137172, -0.250037, -0.12449, 0.9602, 1.346853, 0.022044, 0.990711, 0.134186, 0.747557, 0.0, 0.0, 0.0, 1.0],
                [-0.379353, -0.073809, 0.922303, -0.060645, 0.923846, 0.024711, 0.381965, 1.759709, -0.050984, 0.996966, 0.058814, 0.50066, 0.0, 0.0, 0.0, 1.0],
                [-0.289203, -0.050919, 0.955913, -0.043453, 0.950471, 0.103511, 0.293071, 1.834063, -0.113871, 0.993324, 0.018461, 0.535545, 0.0, 0.0, 0.0, 1.0],
                [-0.633235, -0.005677, 0.773939, -0.050796, 0.773553, 0.027796, 0.633122, 2.16163, -0.025107, 0.999597, -0.01321, 0.764769, 0.0, 0.0, 0.0, 1.0]
            ]
        },
        {
            "name": "Thigh_R",
            "time": [0.0, 0.1333, 0.3333, 0.8333, 1.15, 1.45, 1.65, 1.8, 1.8833, 1.9667, 2.2333, 2.7],
            "transform": [
                [0.663517, 0.720788, 0.200519, 0.124994, 0.202801, -0.431257, 0.879141, -0.002831, 0.72015, -0.542658, -0.432324, -1.2e-05, 0.0, 0.0, 0.0, 1.0],
                [0.663516, 0.712842, -0.227157, 0.124994, 0.202801, 0.120886, 0.97173, -0.002831, 0.72015, -0.690825, -0.064356, -1.2e-05, 0.0, 0.0, 0.0, 1.0],
                [0.663517, 0.720602, -0.201186, 0.124994, 0.202801, 0.085607, 0.975471, -0.002831, 0.72015, -0.688041, -0.089338, -1.2e-05, 0.0, 0.0, 0.0, 1.0],
                [0.592817, 0.746646, -0.301802, 0.124994, 0.447686, 0.005982, 0.894171, -0.002831, 0.669436, -0.665192, -0.330718, -1.2e-05, 0.0, 0.0, 0.0, 1.0],
                [0.671418, 0.727995, 0.138632, 0.124994, 0.185358, -0.34609, 0.919709, -0.002831, 0.717524, -0.591811, -0.367312, -1.2e-05, 0.0, 0.0, 0.0, 1.0],
                [0.603068, 0.794598, 0.070142, 0.124994, 0.230432, -0.257717, 0.93834, -0.002831, 0.763681, -0.549719, -0.338523, -1.2e-05, 0.0, 0.0, 0.0, 1.0],
                [0.569921, 0.818967, 0.066939, 0.124994, 0.265558, -0.260667, 0.928187, -0.002831, 0.777604, -0.511216, -0.366045, -1.2e-05, 0.0, 0.0, 0.0, 1.0],
                [0.465613, 0.883688, -0.047912, 0.124994, 0.731358, -0.353736, 0.583083, -0.002831, 0.498316, -0.306531, -0.810999, -1.2e-05, 0.0, 0.0, 0.0, 1.0],
                [0.382378, 0.740127, 0.55317, 0.124994, 0.703586, -0.621287, 0.344916, -0.002831, 0.59896, 0.257314, -0.758312, -1.2e-05, 0.0, 0.0, 0.0, 1.0],
                [0.284056, 0.898684, 0.334179, 0.124994, 0.648409, -0.436802, 0.623513, -0.002831, 0.706312, 0.039572, -0.706793, -1.2e-05, 0.0, 0.0, 0.0, 1.0],
                [0.263903, 0.89254, 0.365685, 0.124994, 0.68038, -0.440988, 0.585331, -0.002831, 0.683694, 0.094334, -0.723646, -1.2e-05, 0.0, 0.0, 0.0, 1.0],
                [0.992811, 0.11785, -0.020883, 0.124994, 0.118536, -0.992318, 0.035348, -0.002831, -0.016557, -0.037569, -0.999157, -1.2e-05, 0.0, 0.0, 0.0, 1.0]
            ]
        },
        {
            "name": "Leg_R",
            "time": [0.0, 0.1333, 0.3333, 0.5333, 0.8333, 1.15, 1.45, 1.65, 1.8, 1.8833, 1.9667, 2.2333, 2.7],
            "transform": [
                [1.0, -0.0, 1e-06, -0.0, 0.0, 0.861122, 0.508399, 0.37472, -1e-06, -0.5084, 0.861121, 0.0, 0.0, 0.0, 0.0, 1.0],
                [1.0, -1e-06, 0.0, -0.0, 0.0, 0.464655, 0.885492, 0.37472, -1e-06, -0.885493, 0.464654, 0.0, 0.0, 0.0, 0.0, 1.0],
                [1.0, -1e-06, 0.0, -0.0, 0.0, 0.384564, 0.923098, 0.37472, -1e-06, -0.923099, 0.384564, 0.0, 0.0, 0.0, 0.0, 1.0],
                [1.0, -0.0, 1e-06, -0.0, 0.0, 0.956612, 0.291367, 0.37472, -1e-06, -0.291367, 0.956611, 0.0, 0.0, 0.0, 0.0, 1.0],
                [1.0, -1e-06, 0.0, 0.0, 0.0, 0.39086, 0.920449, 0.37472, -1e-06, -0.920451, 0.39086, 0.0, 0.0, 0.0, 0.0, 1.0],
                [1.0, -1e-06, 1e-06, -0.0, 0.0, 0.673931, 0.738794, 0.37472, -1e-06, -0.738796, 0.67393, -0.0, 0.0, 0.0, 0.0, 1.0],
                [1.0, -1e-06, 1e-06, -0.0, 0.0, 0.673931, 0.738795, 0.37472, -1e-06, -0.738796, 0.67393, -0.0, 0.0, 0.0, 0.0, 1.0],
                [1.0, -1e-06, 1e-06, -0.0, 0.0, 0.673931, 0.738794, 0.37472, -1e-06, -0.738795, 0.67393, -0.0, 0.0, 0.0, 0.0, 1.0],
                [1.0, -1e-06, -0.0, 0.0, -0.0, -0.080751, 0.996734, 0.37472, -1e-06, -0.996735, -0.08075, -0.0, 0.0, 0.0, 0.0, 1.0],
                [1.0, -1e-06, 1e-06, -0.0, -0.0, 0.717006, 0.697068, 0.37472, -1e-06, -0.697069, 0.717004, 0.0, 0.0, 0.0, 0.0, 1.0],
                [1.0, -1e-06, 1e-06, 0.0, 0.0, 0.673931, 0.738794, 0.37472, -1e-06, -0.738796, 0.67393, 0.0, 0.0, 0.0, 0.0, 1.0],
                [1.0, -1e-06, 1e-06, 0.0, 0.0, 0.673931, 0.738794, 0.37472, -1e-06, -0.738796, 0.67393, -0.0, 0.0, 0.0, 0.0, 1.0],
                [1.0, -0.0, 1e-06, 0.0, 0.0, 0.997612, 0.069073, 0.37472, -1e-06, -0.069073, 0.997611, -0.0, 0.0, 0.0, 0.0, 1.0]
            ]
        },
        {
            "name": "Knee_R",
            "time": [0.0, 0.1333, 0.3333, 0.8333, 1.15, 1.45, 1.65, 1.9667, 2.2333, 2.7],
            "transform": [
                [1.0, 0.0, -0.0, -0.0, -0.0, 1e-06, -1.0, 0.37472, -0.0, 1.0, 1e-06, 0.0, 0.0, 0.0, 0.0, 1.0],
                [1.0, 0.0, -0.0, -0.0, -0.0, 1e-06, -1.0, 0.37472, -0.0, 1.0, 1e-06, 0.0, 0.0, 0.0, 0.0, 1.0],
                [1.0, 0.0, -0.0, -0.0, -0.0, 1e-06, -1.0, 0.37472, -0.0, 1.0, 1e-06, 0.0, 0.0, 0.0, 0.0, 1.0],
                [1.0, 0.0, -0.0, 0.0, -0.0, 1e-06, -1.0, 0.37472, -0.0, 1.0, 1e-06, 0.0, 0.0, 0.0, 0.0, 1.0],
                [1.0, 0.0, -0.0, -0.0, -0.0, 1e-06, -1.0, 0.37472, -0.0, 1.0, 1e-06, -0.0, 0.0, 0.0, 0.0, 1.0],
                [1.0, 0.0, -0.0, -0.0, -0.0, 1e-06, -1.0, 0.37472, -0.0, 1.0, 1e-06, -0.0, 0.0, 0.0, 0.0, 1.0],
                [1.0, 0.0, -0.0, -0.0, -0.0, 1e-06, -1.0, 0.37472, -0.0, 1.0, 1e-06, -0.0, 0.0, 0.0, 0.0, 1.0],
                [1.0, 0.0, -0.0, 0.0, -0.0, 1e-06, -1.0, 0.37472, -0.0, 1.0, 1e-06, 0.0, 0.0, 0.0, 0.0, 1.0],
                [1.0, 0.0, -0.0, 0.0, -0.0, 1e-06, -1.0, 0.37472, -0.0, 1.0, 1e-06, -0.0, 0.0, 0.0, 0.0, 1.0],
                [1.0, 0.0, -0.0, 0.0, -0.0, 1e-06, -1.0, 0.37472, -0.0, 1.0, 1e-06, -0.0, 0.0, 0.0, 0.0, 1.0]
            ]
        },
        {
            "name": "Thigh_L",
            "time": [0.0, 0.1333, 0.3333, 0.4, 0.5333, 0.8333, 1.15, 1.45, 1.65, 1.8, 1.9667, 2.2333, 2.7],
            "transform": [
                [0.792326, -0.556637, -0.249749, -0.125006, -0.568996, -0.821906, 0.026713, -0.002831, -0.22014, 0.120942, -0.967941, -1.2e-05, 0.0, 0.0, 0.0, 1.0],
                [0.770501, -0.554322, -0.31473, -0.125006, -0.528897, -0.831538, 0.169743, -0.002831, -0.355801, 0.035673, -0.93388, -1.2e-05, 0.0, 0.0, 0.0, 1.0],
                [0.682877, -0.653463, -0.326594, -0.125006, -0.58524, -0.756922, 0.290797, -0.002831, -0.437231, -0.007442, -0.899318, -1.2e-05, 0.0, 0.0, 0.0, 1.0],
                [0.582412, -0.270629, -0.766521, -0.125006, -0.597769, -0.781602, -0.17824, -0.002831, -0.550877, 0.562013, -0.616988, -1.2e-05, 0.0, 0.0, 0.0, 1.0],
                [0.471472, -0.772539, 0.42532, -0.125006, -0.384471, 0.253979, 0.887511, -0.002831, -0.793659, -0.581961, -0.177275, -1.2e-05, 0.0, 0.0, 0.0, 1.0],
                [0.98948, -0.142695, -0.023772, -0.125006, -0.108679, -0.841716, 0.528869, -0.002831, -0.095476, -0.520722, -0.84837, -1.2e-05, 0.0, 0.0, 0.0, 1.0],
                [0.94289, -0.284758, -0.172832, -0.125006, -0.21299, -0.914321, 0.34446, -0.002831, -0.256111, -0.287976, -0.922755, -1.2e-05, 0.0, 0.0, 0.0, 1.0],
                [0.913129, -0.403384, -0.058951, -0.125006, -0.361468, -0.868002, 0.340459, -0.002831, -0.188505, -0.289574, -0.938409, -1.2e-05, 0.0, 0.0, 0.0, 1.0],
                [0.911303, -0.406942, -0.062636, -0.125006, -0.358624, -0.85925, 0.364799, -0.002831, -0.202272, -0.30998, -0.928977, -1.2e-05, 0.0, 0.0, 0.0, 1.0],
                [0.97162, -0.148458, -0.184155, -0.125006, -0.070553, -0.924973, 0.373425, -0.002831, -0.225776, -0.349835, -0.909197, -1.2e-05, 0.0, 0.0, 0.0, 1.0],
                [0.807058, -0.589015, 0.041434, -0.125006, -0.362483, -0.438831, 0.822212, -0.002831, -0.466113, -0.678593, -0.56767, -1.2e-05, 0.0, 0.0, 0.0, 1.0],
                [0.870318, -0.484591, 0.087847, -0.125006, -0.425982, -0.651201, 0.628073, -0.002831, -0.247152, -0.584045, -0.77318, -1.2e-05, 0.0, 0.0, 0.0, 1.0],
                [0.869242, -0.120567, -0.479458, -0.125006, -0.021407, -0.978077, 0.207141, -0.002831, -0.493921, -0.169792, -0.852767, -1.2e-05, 0.0, 0.0, 0.0, 1.0]
            ]
        },
        {
            "name": "Leg_L",
            "time": [0.0, 0.1333, 0.3333, 0.4, 0.5333, 0.8333, 1.15, 1.45, 1.65, 1.8, 1.9667, 2.2333, 2.7],
            "transform": [
                [0.998576, 0.053341, -0.000469, 0.0, -0.051599, 0.968126, 0.245089, 0.37472, 0.013527, -0.244716, 0.969501, 0.0, 0.0, 0.0, 0.0, 1.0],
                [0.998576, 0.043205, 0.031286, 0.0, -0.051599, 0.633628, 0.771916, 0.37472, 0.013527, -0.77243, 0.634955, -0.0, 0.0, 0.0, 0.0, 1.0],
                [0.998576, 0.039854, 0.035456, 0.0, -0.051599, 0.553133, 0.831493, 0.37472, 0.013527, -0.832139, 0.554402, 0.0, 0.0, 0.0, 0.0, 1.0],
                [0.998576, 0.053009, -0.005962, -0.0, -0.0516, 0.988226, 0.144039, 0.37472, 0.013527, -0.143527, 0.989554, 0.0, 0.0, 0.0, 0.0, 1.0],
                [0.998576, -0.000729, 0.053338, 0.0, -0.0516, -0.266757, 0.962382, 0.37472, 0.013527, -0.963763, -0.266415, 0.0, 0.0, 0.0, 0.0, 1.0],
                [0.998576, 0.023976, 0.047651, -0.0, -0.051599, 0.20763, 0.976846, 0.37472, 0.013527, -0.977913, 0.208572, 0.0, 0.0, 0.0, 0.0, 1.0],
                [0.998576, 0.047537, 0.024201, -0.0, -0.051599, 0.745762, 0.664211, 0.37472, 0.013527, -0.664514, 0.747154, 0.0, 0.0, 0.0, 0.0, 1.0],
                [0.998576, 0.047537, 0.024201, -0.0, -0.051599, 0.745762, 0.664211, 0.37472, 0.013527, -0.664514, 0.747154, 0.0, 0.0, 0.0, 0.0, 1.0],
                [0.998576, 0.047537, 0.024201, -0.0, -0.051599, 0.745762, 0.664211, 0.37472, 0.013527, -0.664514, 0.747154, -0.0, 0.0, 0.0, 0.0, 1.0],
                [0.998576, 0.053341, -0.000479, -0.0, -0.051599, 0.968174, 0.244901, 0.37472, 0.013527, -0.244527, 0.969548, 0.0, 0.0, 0.0, 0.0, 1.0],
                [0.998576, 0.047537, 0.024201, 0.0, -0.051599, 0.745762, 0.664211, 0.37472, 0.013527, -0.664514, 0.747154, -0.0, 0.0, 0.0, 0.0, 1.0],
                [0.998576, 0.047537, 0.024201, -0.0, -0.051599, 0.745762, 0.664211, 0.37472, 0.013527, -0.664514, 0.747154, -0.0, 0.0, 0.0, 0.0, 1.0],
                [0.998576, 0.053235, -0.003397, -0.0, -0.051599, 0.980122, 0.191569, 0.37472, 0.013527, -0.191121, 0.981474, 0.0, 0.0, 0.0, 0.0, 1.0]
            ]
        },
        {
            "name": "Knee_L",
            "time": [0.0, 0.1333, 0.3333, 0.8333, 1.15, 1.45, 1.65, 1.9667, 2.2333, 2.7],
            "transform": [
                [1.0, 0.0, -0.0, 0.0, -0.0, 1e-06, -1.0, 0.37472, -0.0, 1.0, 1e-06, 0.0, 0.0, 0.0, 0.0, 1.0],
                [1.0, 0.0, -0.0, 0.0, -0.0, 1e-06, -1.0, 0.37472, -0.0, 1.0, 1e-06, -0.0, 0.0, 0.0, 0.0, 1.0],
                [1.0, 0.0, -0.0, 0.0, -0.0, 1e-06, -1.0, 0.37472, -0.0, 1.0, 1e-06, 0.0, 0.0, 0.0, 0.0, 1.0],
                [1.0, 0.0, -0.0, -0.0, -0.0, 1e-06, -1.0, 0.37472, -0.0, 1.0, 1e-06, 0.0, 0.0, 0.0, 0.0, 1.0],
                [1.0, 0.0, -0.0, -0.0, -0.0, 1e-06, -1.0, 0.37472, -0.0, 1.0, 1e-06, 0.0, 0.0, 0.0, 0.0, 1.0],
                [1.0, 0.0, -0.0, -0.0, -0.0, 1e-06, -1.0, 0.37472, -0.0, 1.0, 1e-06, 0.0, 0.0, 0.0, 0.0, 1.0],
                [1.0, 0.0, -0.0, -0.0, -0.0, 1e-06, -1.0, 0.37472, -0.0, 1.0, 1e-06, -0.0, 0.0, 0.0, 0.0, 1.0],
                [1.0, 0.0, -0.0, 0.0, -0.0, 1e-06, -1.0, 0.37472, -0.0, 1.0, 1e-06, -0.0, 0.0, 0.0, 0.0, 1.0],
                [1.0, 0.0, -0.0, -0.0, -0.0, 1e-06, -1.0, 0.37472, -0.0, 1.0, 1e-06, -0.0, 0.0, 0.0, 0.0, 1.0],
                [1.0, 0.0, -0.0, -0.0, -0.0, 1e-06, -1.0, 0.37472, -0.0, 1.0, 1e-06, 0.0, 0.0, 0.0, 0.0, 1.0]
            ]
        },
        {
            "name": "Torso",
            "time": [0.0, 0.1333, 0.3333, 0.8333, 1.15, 1.45, 1.65, 1.9667, 2.2333, 2.5, 2.7],
            "transform": [
                [0.997446, -0.045861, 0.054756, -0.0, 0.046004, 0.998941, -0.001355, 0.05, -0.054636, 0.003871, 0.998499, -0.0, 0.0, 0.0, 0.0, 1.0],
                [0.997446, -0.045861, 0.054756, 0.0, 0.046004, 0.99894, -0.001355, 0.05, -0.054636, 0.003871, 0.998499, -0.0, 0.0, 0.0, 0.0, 1.0],
                [0.997446, -0.045861, 0.054756, 0.0, 0.046004, 0.998941, -0.001355, 0.05, -0.054636, 0.003871, 0.998499, 0.0, 0.0, 0.0, 0.0, 1.0],
                [0.970192, -0.129521, -0.204822, 0.0, 0.111368, 0.98895, -0.097853, 0.05, 0.215233, 0.072125, 0.973896, -0.0, 0.0, 0.0, 0.0, 1.0],
                [0.970192, -0.129521, -0.204822, -0.0, 0.111368, 0.98895, -0.097853, 0.05, 0.215233, 0.072125, 0.973896, 0.0, 0.0, 0.0, 0.0, 1.0],
                [0.970192, -0.129521, -0.204822, 0.0, 0.111368, 0.98895, -0.097853, 0.05, 0.215233, 0.072125, 0.973896, -0.0, 0.0, 0.0, 0.0, 1.0],
                [0.970192, -0.129521, -0.204822, 0.0, 0.111368, 0.98895, -0.097853, 0.05, 0.215233, 0.072125, 0.973896, -0.0, 0.0, 0.0, 0.0, 1.0],
                [0.970192, -0.129521, -0.204822, -0.0, 0.111368, 0.98895, -0.097853, 0.05, 0.215233, 0.072125, 0.973896, 0.0, 0.0, 0.0, 0.0, 1.0],
                [0.970192, -0.129521, -0.204822, -0.0, 0.111368, 0.98895, -0.097853, 0.05, 0.215233, 0.072125, 0.973896, 0.0, 0.0, 0.0, 0.0, 1.0],
                [0.99664, 0.020662, -0.079259, -0.0, -0.016425, 0.99842, 0.053737, 0.05, 0.080244, -0.052255, 0.995405, 0.0, 0.0, 0.0, 0.0, 1.0],
                [0.999042, -0.043673, -0.002706, -0.0, 0.04367, 0.999045, -0.001423, 0.05, 0.002765, 0.001304, 0.999995, -0.0, 0.0, 0.0, 0.0, 1.0]
            ]
        },
        {
            "name": "Chest",
            "time": [0.0, 0.1333, 0.3333, 0.8333, 1.15, 1.45, 1.65, 1.9667, 2.2333, 2.5, 2.7],
            "transform": [
                [0.8792, -0.021316, 0.475977, 0.0, -0.031031, 0.994316, 0.101848, 0.3, -0.475442, -0.104315, 0.873541, -0.0, 0.0, 0.0, 0.0, 1.0],
                [0.8792, -0.109477, 0.463706, -0.0, -0.031031, 0.95802, 0.285016, 0.3, -0.475442, -0.264975, 0.838894, -0.0, 0.0, 0.0, 0.0, 1.0],
                [0.8792, -0.123328, 0.460216, -0.0, -0.031031, 0.949046, 0.313606, 0.3, -0.475442, -0.290003, 0.830574, -0.0, 0.0, 0.0, 0.0, 1.0],
                [0.945372, -0.225312, 0.2356, 0.0, 0.191916, 0.968858, 0.156467, 0.3, -0.263517, -0.102704, 0.959172, -0.0, 0.0, 0.0, 0.0, 1.0],
                [0.967945, -0.087036, 0.2356, 0.0, 0.05061, 0.986386, 0.156467, 0.3, -0.246011, -0.139528, 0.959172, 0.0, 0.0, 0.0, 0.0, 1.0],
                [0.905974, -0.145531, 0.397532, -0.0, 0.016804, 0.950675, 0.309733, 0.3, -0.422999, -0.27393, 0.863733, 0.0, 0.0, 0.0, 0.0, 1.0],
                [0.913445, -0.144549, 0.380426, 0.0, 0.022349, 0.951201, 0.307761, 0.3, -0.406348, -0.272621, 0.872101, -0.0, 0.0, 0.0, 0.0, 1.0],
                [0.995622, -0.092599, 0.012784, 0.0, 0.086654, 0.965565, 0.245307, 0.3, -0.035059, -0.243125, 0.969361, -0.0, 0.0, 0.0, 0.0, 1.0],
                [0.99582, -0.088185, -0.023792, 0.0, 0.091316, 0.966949, 0.238058, 0.3, 0.002013, -0.239236, 0.97096, 0.0, 0.0, 0.0, 0.0, 1.0],
                [0.949004, -0.047354, -0.311686, 0.0, 0.092635, 0.986897, 0.132112, 0.3, 0.301346, -0.154248, 0.940956, 0.0, 0.0, 0.0, 0.0, 1.0],
                [0.999771, -0.021316, -0.002029, -0.0, 0.021411, 0.994316, 0.104295, 0.3, -0.000206, -0.104315, 0.994545, -0.0, 0.0, 0.0, 0.0, 1.0]
            ]
        },
        {
            "name": "Head",
            "time": [0.0, 0.1333, 0.3333, 0.5333, 0.8333, 1.15, 1.45, 1.65, 1.9667, 2.2333, 2.5, 2.7],
            "transform": [
                [0.196976, 0.037721, -0.979682, 0.0, -0.056124, 0.998055, 0.027144, 0.4, 0.9788, 0.049637, 0.19871, -0.0, 0.0, 0.0, 0.0, 1.0],
                [0.446622, 0.037721, -0.893928, -0.0, -0.061274, 0.998055, 0.011502, 0.4, 0.892622, 0.049637, 0.448064, 0.0, 0.0, 0.0, 0.0, 1.0],
                [0.510073, 0.037721, -0.859304, 0.0, -0.061945, 0.998055, 0.007042, 0.4, 0.857898, 0.049637, 0.511417, 0.0, 0.0, 0.0, 0.0, 1.0],
                [0.578645, -0.399574, -0.710993, 0.0, -0.062313, 0.847556, -0.527036, 0.4, 0.813196, 0.349271, 0.465535, 0.0, 0.0, 0.0, 0.0, 1.0],
                [0.638126, 0.037721, -0.769007, 0.0, -0.062284, 0.998055, -0.002727, 0.4, 0.767408, 0.049637, 0.639234, -0.0, 0.0, 0.0, 0.0, 1.0],
                [0.638126, 0.037721, -0.769007, 0.0, -0.062284, 0.998055, -0.002727, 0.4, 0.767408, 0.049637, 0.639234, -0.0, 0.0, 0.0, 0.0, 1.0],
                [0.638126, 0.017395, -0.769735, -0.0, -0.062284, 0.997634, -0.029089, 0.4, 0.767408, 0.066505, 0.6377, 0.0, 0.0, 0.0, 0.0, 1.0],
                [0.68591, 0.02256, -0.727337, -0.0, -0.064225, 0.997495, -0.029628, 0.4, 0.724847, 0.067035, 0.685641, -0.0, 0.0, 0.0, 0.0, 1.0],
                [0.789318, 0.107967, 0.604417, -0.0, -0.085559, 0.994154, -0.065853, 0.4, -0.607994, 0.000265, 0.793941, 0.0, 0.0, 0.0, 0.0, 1.0],
                [0.704982, 0.109101, 0.700783, 0.0, -0.084498, 0.99398, -0.069742, 0.4, -0.704173, -0.010048, 0.709957, 0.0, 0.0, 0.0, 0.0, 1.0],
                [0.671881, -0.015203, 0.740503, 0.0, 0.098294, 0.992776, -0.068804, 0.4, -0.734107, 0.119015, 0.668522, -0.0, 0.0, 0.0, 0.0, 1.0],
                [0.853111, 0.037721, 0.520365, -0.0, -0.006297, 0.998055, -0.062025, 0.4, -0.521692, 0.049637, 0.851689, 0.0, 0.0, 0.0, 0.0, 1.0]
            ]
        },
        {
            "name": "Shoulder_R",
            "time": [0.0, 0.1333, 0.3333, 0.8333, 1.15, 1.45, 1.65, 1.9667, 2.2333, 2.7],
            "transform": [
                [-0.21534, 0.941357, 0.259762, 0.0, 0.175828, -0.224279, 0.958532, 0.4, 0.96058, 0.252083, -0.11722, -0.0, 0.0, 0.0, 0.0, 1.0],
                [-0.21534, 0.941357, 0.259762, -0.0, 0.175828, -0.224279, 0.958532, 0.4, 0.96058, 0.252083, -0.11722, 0.0, 0.0, 0.0, 0.0, 1.0],
                [-0.21534, 0.941357, 0.259762, 0.0, 0.175828, -0.224279, 0.958532, 0.4, 0.96058, 0.252083, -0.11722, 0.0, 0.0, 0.0, 0.0, 1.0],
                [0.09991, 0.96049, 0.259762, 0.0, 0.094059, -0.269016, 0.958532, 0.4, 0.990541, -0.071334, -0.11722, -0.0, 0.0, 0.0, 0.0, 1.0],
                [0.09991, 0.96049, 0.259762, 0.0, 0.094059, -0.269016, 0.958532, 0.4, 0.990541, -0.071334, -0.11722, -0.0, 0.0, 0.0, 0.0, 1.0],
                [0.09991, 0.96049, 0.259762, -0.0, 0.094059, -0.269016, 0.958532, 0.4, 0.99054, -0.071334, -0.11722, 0.0, 0.0, 0.0, 0.0, 1.0],
                [0.084279, 0.961988, 0.259762, -0.0, 0.098421, -0.267451, 0.958532, 0.4, 0.991569, -0.055218, -0.11722, -0.0, 0.0, 0.0, 0.0, 1.0],
                [-0.234755, 0.936704, 0.259762, -0.0, 0.180427, -0.220597, 0.958532, 0.4, 0.955163, 0.271888, -0.11722, 0.0, 0.0, 0.0, 0.0, 1.0],
                [-0.264713, 0.928682, 0.259762, 0.0, 0.187417, -0.214689, 0.958532, 0.4, 0.945939, 0.30242, -0.11722, 0.0, 0.0, 0.0, 0.0, 1.0],
                [0.110305, 0.959352, 0.259762, -0.0, 0.091141, -0.270019, 0.958532, 0.4, 0.98971, -0.082056, -0.11722, 0.0, 0.0, 0.0, 0.0, 1.0]
            ]
        },
        {
            "name": "Arm_R",
            "time": [0.0, 0.1333, 0.3333, 0.5333, 0.8333, 1.15, 1.45, 1.65, 1.8, 1.9667, 2.2333, 2.5, 2.7],
            "transform": [
                [0.945379, -0.317406, -0.074243, 0.0, 0.321443, 0.869901, 0.374096, 0.393861, -0.054156, -0.377527, 0.924414, -0.0, 0.0, 0.0, 0.0, 1.0],
                [0.944564, -0.317406, 0.083985, -0.0, 0.254765, 0.869901, 0.422336, 0.39386, -0.207111, -0.377527, 0.90254, -0.0, 0.0, 0.0, 0.0, 1.0],
                [0.941976, -0.317406, 0.109245, 0.0, 0.243366, 0.8699, 0.429006, 0.393861, -0.231201, -0.377527, 0.896671, -0.0, 0.0, 0.0, 0.0, 1.0],
                [0.612731, 0.63174, -0.474832, 0.0, -0.662097, 0.738402, 0.128025, 0.39386, 0.431495, 0.23594, 0.870715, -0.0, 0.0, 0.0, 0.0, 1.0],
                [0.091447, -0.013888, -0.995713, 0.0, -0.485773, 0.872239, -0.05678, 0.393861, 0.869288, 0.488882, 0.073017, 0.0, 0.0, 0.0, 0.0, 1.0],
                [0.091447, -0.013888, -0.995713, 0.0, -0.485773, 0.872239, -0.05678, 0.39386, 0.869288, 0.488882, 0.073017, -0.0, 0.0, 0.0, 0.0, 1.0],
                [0.091893, 0.440813, -0.892883, -0.0, -0.5173, 0.787318, 0.335457, 0.39386, 0.850856, 0.431062, 0.300381, -0.0, 0.0, 0.0, 0.0, 1.0],
                [0.129778, 0.368679, -0.920453, 0.0, -0.482547, 0.834441, 0.266192, 0.39386, 0.866202, 0.409616, 0.286197, -0.0, 0.0, 0.0, 0.0, 1.0],
                [0.113042, 0.098445, -0.988701, 0.0, 0.085963, 0.990379, 0.108441, 0.39386, 0.989864, -0.09725, 0.103492, -0.0, 0.0, 0.0, 0.0, 1.0],
                [0.804531, -0.153039, -0.573854, 0.0, 0.313592, 0.930021, 0.191626, 0.39386, 0.50437, -0.334125, 0.796223, 0.0, 0.0, 0.0, 0.0, 1.0],
                [0.832347, -0.198506, -0.517489, -0.0, 0.365822, 0.898166, 0.243868, 0.393861, 0.416382, -0.392292, 0.820203, 0.0, 0.0, 0.0, 0.0, 1.0],
                [0.339094, 0.074124, -0.937828, 0.0, 0.641282, 0.711173, 0.28808, 0.393861, 0.688311, -0.699098, 0.19362, 0.0, 0.0, 0.0, 0.0, 1.0],
                [0.016005, 0.280635, -0.959681, -0.0, 0.894149, 0.425534, 0.139349, 0.39386, 0.447483, -0.860328, -0.244118, -0.0, 0.0, 0.0, 0.0, 1.0]
            ]
        },
        {
            "name": "Hand_R",
            "time": [0.0, 0.1333, 0.3333, 0.8333, 1.15, 1.45, 1.65, 1.7167, 1.9667, 2.2333, 2.5, 2.7],
            "transform": [
                [0.999998, -0.000383, 0.001782, 0.0, 0.000868, 0.959804, -0.280671, 0.3, -0.001603, 0.280672, 0.959802, -0.0, 0.0, 0.0, 0.0, 1.0],
                [0.999998, -0.000383, 0.001782, 0.0, 0.000868, 0.959804, -0.280671, 0.3, -0.001603, 0.280672, 0.959802, -0.0, 0.0, 0.0, 0.0, 1.0],
                [0.999998, -0.000383, 0.001783, -0.0, 0.000868, 0.959804, -0.280671, 0.3, -0.001603, 0.280672, 0.959802, 0.0, 0.0, 0.0, 0.0, 1.0],
                [0.999998, -0.000383, 0.001782, 0.0, 0.000868, 0.959804, -0.280671, 0.3, -0.001603, 0.280672, 0.959803, -0.0, 0.0, 0.0, 0.0, 1.0],
                [0.999998, -0.000383, 0.001782, -0.0, 0.000868, 0.959804, -0.280671, 0.3, -0.001603, 0.280672, 0.959803, 0.0, 0.0, 0.0, 0.0, 1.0],
                [0.962742, 0.246503, -0.111196, 0.0, -0.251008, 0.661594, -0.706604, 0.3, -0.100613, 0.708188, 0.698818, -0.0, 0.0, 0.0, 0.0, 1.0],
                [0.962842, 0.250174, -0.101727, -0.0, -0.251277, 0.691833, -0.676925, 0.3, -0.09897, 0.677334, 0.728989, -0.0, 0.0, 0.0, 0.0, 1.0],
                [0.963271, 0.238072, -0.124221, -0.0, -0.253154, 0.65081, -0.715792, 0.3, -0.089566, 0.720949, 0.687176, 0.0, 0.0, 0.0, 0.0, 1.0],
                [0.994413, 0.09427, 0.047502, -0.0, -0.100699, 0.982135, 0.158966, 0.3, -0.031667, -0.162861, 0.986141, -0.0, 0.0, 0.0, 0.0, 1.0],
                [0.988962, 0.136083, 0.058609, -0.0, -0.146325, 0.959193, 0.241944, 0.3, -0.023293, -0.24785, 0.968519, 0.0, 0.0, 0.0, 0.0, 1.0],
                [0.999279, -0.036211, 0.011427, -0.0, 0.03779, 0.977787, -0.206168, 0.3, -0.003708, 0.206451, 0.97845, 0.0, 0.0, 0.0, 0.0, 1.0],
                [0.999998, -1.3e-05, 0.001823, -0.0, 0.000868, 0.882719, -0.4699, 0.3, -0.001603, 0.469901, 0.882718, 0.0, 0.0, 0.0, 0.0, 1.0]
            ]
        },
        {
            "name": "Tool_R",
            "time": [0.0, 0.1333, 0.3333, 0.5333, 0.8333, 1.15, 1.45, 1.65, 1.8, 1.9667, 2.2333, 2.7],
            "transform": [
                [0.986382, 0.072637, -0.147563, 0.015054, 0.067825, -0.996996, -0.037389, 0.243316, -0.149746, 0.026845, -0.987761, 0.024459, 0.0, 0.0, 0.0, 1.0],
                [0.986382, 0.072637, -0.147563, 0.015054, 0.067825, -0.996996, -0.037389, 0.243316, -0.149746, 0.026845, -0.987761, 0.024459, 0.0, 0.0, 0.0, 1.0],
                [0.986382, 0.072637, -0.147563, 0.015054, 0.067825, -0.996996, -0.037389, 0.243316, -0.149746, 0.026845, -0.987761, 0.024459, 0.0, 0.0, 0.0, 1.0],
                [0.986387, 0.142424, -0.082197, 0.015054, 0.067767, -0.807505, -0.585955, 0.243316, -0.149739, 0.572061, -0.805693, 0.024459, 0.0, 0.0, 0.0, 1.0],
                [-0.988609, -0.017404, -0.1495, 0.015053, -0.012838, 0.999423, -0.031453, 0.243316, 0.149872, -0.029148, -0.987677, 0.024459, 0.0, 0.0, 0.0, 1.0],
                [-0.988609, -0.017404, -0.1495, 0.015054, -0.012838, 0.999423, -0.031453, 0.243316, 0.149872, -0.029148, -0.987677, 0.024459, 0.0, 0.0, 0.0, 1.0],
                [-0.988609, -0.017404, -0.1495, 0.015054, -0.012838, 0.999423, -0.031453, 0.243316, 0.149872, -0.029148, -0.987677, 0.024459, 0.0, 0.0, 0.0, 1.0],
                [-0.988609, -0.021683, -0.14894, 0.015054, -0.012835, 0.998109, -0.060115, 0.243316, 0.149873, -0.057474, -0.986434, 0.024459, 0.0, 0.0, 0.0, 1.0],
                [-0.988608, 0.030144, -0.147461, 0.015054, -0.012869, 0.959222, 0.282361, 0.243316, 0.149871, 0.280887, -0.947343, 0.024459, 0.0, 0.0, 0.0, 1.0],
                [-0.98861, -0.101425, -0.111189, 0.015054, -0.012773, 0.792679, -0.609505, 0.243316, 0.149867, -0.600778, -0.784488, 0.024459, 0.0, 0.0, 0.0, 1.0],
                [-0.988611, -0.107563, -0.105258, 0.015054, -0.012767, 0.756826, -0.653492, 0.243316, 0.149865, -0.644316, -0.749142, 0.024459, 0.0, 0.0, 0.0, 1.0],
                [0.976086, -0.063799, 0.207812, 0.015054, -0.000916, -0.957162, -0.28955, 0.243316, 0.217254, 0.282258, -0.933781, 0.024459, 0.0, 0.0, 0.0, 1.0]
            ]
        },
        {
            "name": "Elbow_R",
            "time": [0.0, 0.1333, 0.3333, 0.8333, 1.15, 1.45, 1.65, 1.9667, 2.2333, 2.7],
            "transform": [
                [-1.0, 0.0, -0.0, 0.0, 0.0, -0.0, -1.0, 0.341622, -0.0, -1.0, 0.0, 0.0, 0.0, 0.0, 0.0, 1.0],
                [-1.0, 0.0, -0.0, 0.0, 0.0, -0.0, -1.0, 0.341622, -0.0, -1.0, 0.0, -0.0, 0.0, 0.0, 0.0, 1.0],
                [-1.0, 0.0, -0.0, -0.0, 0.0, -0.0, -1.0, 0.341622, -0.0, -1.0, 0.0, 0.0, 0.0, 0.0, 0.0, 1.0],
                [-1.0, 0.0, -0.0, 0.0, 0.0, -0.0, -1.0, 0.341622, -0.0, -1.0, 0.0, -0.0, 0.0, 0.0, 0.0, 1.0],
                [-1.0, 0.0, -0.0, -0.0, 0.0, -0.0, -1.0, 0.341622, -0.0, -1.0, 0.0, 0.0, 0.0, 0.0, 0.0, 1.0],
                [-1.0, 0.0, -0.0, 0.0, 0.0, 0.0, -1.0, 0.341622, -0.0, -1.0, 0.0, -0.0, 0.0, 0.0, 0.0, 1.0],
                [-1.0, 0.0, -0.0, -0.0, 0.0, 0.0, -1.0, 0.341622, -0.0, -1.0, 0.0, 0.0, 0.0, 0.0, 0.0, 1.0],
                [-1.0, 0.0, -0.0, -0.0, 0.0, 0.0, -1.0, 0.341622, -0.0, -1.0, 0.0, -0.0, 0.0, 0.0, 0.0, 1.0],
                [-1.0, 0.0, -0.0, -0.0, 0.0, -0.0, -1.0, 0.341622, -0.0, -1.0, 0.0, 0.0, 0.0, 0.0, 0.0, 1.0],
                [-1.0, 0.0, -0.0, 0.0, 0.0, 0.0, -1.0, 0.341622, -0.0, -1.0, 0.0, 0.0, 0.0, 0.0, 0.0, 1.0]
            ]
        },
        {
            "name": "Shoulder_L",
            "time": [0.0, 0.1333, 0.3333, 0.8333, 1.15, 1.45, 1.65, 1.9667, 2.2333, 2.7],
            "transform": [
                [-0.226937, -0.947819, -0.223918, 0.0, -0.021067, -0.225085, 0.974111, 0.4, -0.973681, 0.225779, 0.031113, -0.0, 0.0, 0.0, 0.0, 1.0],
                [-0.226937, -0.947819, -0.223918, -0.0, -0.021067, -0.225085, 0.974111, 0.4, -0.973681, 0.225779, 0.031113, 0.0, 0.0, 0.0, 0.0, 1.0],
                [-0.226937, -0.947819, -0.223918, 0.0, -0.021067, -0.225085, 0.974111, 0.4, -0.973681, 0.225779, 0.031113, 0.0, 0.0, 0.0, 0.0, 1.0],
                [0.539572, -0.811617, -0.223918, 0.0, 0.150489, -0.168702, 0.974111, 0.4, -0.828381, -0.559301, 0.031113, -0.0, 0.0, 0.0, 0.0, 1.0],
                [0.539572, -0.811617, -0.223918, 0.0, 0.150489, -0.168702, 0.974111, 0.4, -0.828381, -0.559301, 0.031113, -0.0, 0.0, 0.0, 0.0, 1.0],
                [0.539572, -0.811617, -0.223918, -0.0, 0.150489, -0.168701, 0.974111, 0.4, -0.828381, -0.559301, 0.031113, 0.0, 0.0, 0.0, 0.0, 1.0],
                [0.539572, -0.811617, -0.223918, -0.0, 0.150489, -0.168702, 0.974111, 0.4, -0.828381, -0.559301, 0.031113, -0.0, 0.0, 0.0, 0.0, 1.0],
                [0.539572, -0.811617, -0.223918, -0.0, 0.150489, -0.168702, 0.974111, 0.4, -0.828381, -0.559301, 0.031113, 0.0, 0.0, 0.0, 0.0, 1.0],
                [0.539572, -0.811617, -0.223918, 0.0, 0.150489, -0.168702, 0.974111, 0.4, -0.828381, -0.559301, 0.031113, 0.0, 0.0, 0.0, 0.0, 1.0],
                [-0.226937, -0.947819, -0.223918, -0.0, -0.021067, -0.225085, 0.974111, 0.4, -0.973681, 0.225779, 0.031113, 0.0, 0.0, 0.0, 0.0, 1.0]
            ]
        },
        {
            "name": "Arm_L",
            "time": [0.0, 0.1333, 0.3333, 0.5667, 0.8333, 1.15, 1.45, 1.65, 1.9667, 2.2333, 2.7],
            "transform": [
                [-0.262872, 0.09991, 0.959644, -0.0, -0.346247, 0.918601, -0.190483, 0.39386, -0.900561, -0.382347, -0.206881, 0.0, 0.0, 0.0, 0.0, 1.0],
                [-0.262872, -0.472503, 0.841213, -0.0, -0.346247, 0.859998, 0.374855, 0.39386, -0.900561, -0.192729, -0.389672, -0.0, 0.0, 0.0, 0.0, 1.0],
                [-0.262872, -0.551959, 0.791353, -0.0, -0.346248, 0.819532, 0.456596, 0.39386, -0.900562, -0.153978, -0.406546, 0.0, 0.0, 0.0, 0.0, 1.0],
                [-0.112982, 0.295009, 0.948792, -0.0, 0.254197, 0.931709, -0.259427, 0.39386, -0.960531, 0.211869, -0.180256, -0.0, 0.0, 0.0, 0.0, 1.0],
                [-0.262872, 0.929375, 0.259152, 0.0, -0.346248, 0.159837, -0.924427, 0.39386, -0.900561, -0.332737, 0.279777, -0.0, 0.0, 0.0, 0.0, 1.0],
                [-0.262872, 0.929375, 0.259152, -0.0, -0.346248, 0.159837, -0.924427, 0.39386, -0.900561, -0.332737, 0.279777, 0.0, 0.0, 0.0, 0.0, 1.0],
                [-0.219637, 0.865503, 0.450183, -0.0, -0.217719, 0.406327, -0.88741, 0.39386, -0.950977, -0.292922, 0.099192, 0.0, 0.0, 0.0, 0.0, 1.0],
                [-0.232172, 0.780606, 0.580302, 0.0, -0.168442, 0.555323, -0.814397, 0.39386, -0.957979, -0.286828, 0.002557, -0.0, 0.0, 0.0, 0.0, 1.0],
                [-0.328954, -0.428439, 0.841563, 0.0, -0.041734, 0.896885, 0.44029, 0.39386, -0.943423, 0.109714, -0.312915, 0.0, 0.0, 0.0, 0.0, 1.0],
                [-0.336202, -0.513538, 0.789459, -0.0, -0.03936, 0.845184, 0.533025, 0.39386, -0.940967, 0.148131, -0.304366, -0.0, 0.0, 0.0, 0.0, 1.0],
                [-0.538552, 0.020444, 0.842344, -0.0, -0.836746, 0.104581, -0.537511, 0.39386, -0.099082, -0.994306, -0.039216, -0.0, 0.0, 0.0, 0.0, 1.0]
            ]
        },
        {
            "name": "Hand_L",
            "time": [0.0, 0.1333, 0.3333, 0.5667, 0.8333, 1.15, 1.45, 1.65, 1.9667, 2.2333, 2.5, 2.7],
            "transform": [
                [0.999993, -0.001538, -0.003471, -0.0, 0.000938, 0.986008, -0.166699, 0.3, 0.003679, 0.166694, 0.986002, -0.0, 0.0, 0.0, 0.0, 1.0],
                [0.999993, -0.001538, -0.003471, 0.0, 0.000938, 0.986008, -0.166699, 0.3, 0.003679, 0.166694, 0.986002, 0.0, 0.0, 0.0, 0.0, 1.0],
                [0.999993, -0.001538, -0.003471, 0.0, 0.000938, 0.986008, -0.166699, 0.3, 0.003679, 0.166694, 0.986002, -0.0, 0.0, 0.0, 0.0, 1.0],
                [0.999993, -0.003656, -0.001024, 0.0, 0.000938, 0.49917, -0.866504, 0.3, 0.003679, 0.866497, 0.49917, 0.0, 0.0, 0.0, 0.0, 1.0],
                [0.999993, -0.001538, -0.003471, 0.0, 0.000938, 0.986008, -0.166699, 0.3, 0.003679, 0.166694, 0.986002, 0.0, 0.0, 0.0, 0.0, 1.0],
                [0.999993, -0.001538, -0.003471, -0.0, 0.000938, 0.986008, -0.166699, 0.3, 0.003679, 0.166694, 0.986002, 0.0, 0.0, 0.0, 0.0, 1.0],
                [0.999993, -0.002691, -0.002679, -0.0, 0.000938, 0.85878, -0.512345, 0.3, 0.003679, 0.512338, 0.858776, -0.0, 0.0, 0.0, 0.0, 1.0],
                [0.999993, -0.002931, -0.002414, 0.0, 0.000938, 0.806743, -0.590902, 0.3, 0.003679, 0.590895, 0.80674, 0.0, 0.0, 0.0, 0.0, 1.0],
                [0.999993, -0.003653, -0.001034, 0.0, 0.000938, 0.501606, -0.865096, 0.3, 0.003679, 0.865089, 0.501606, 0.0, 0.0, 0.0, 0.0, 1.0],
                [0.999993, -0.003684, -0.000918, 0.0, 0.000938, 0.473986, -0.880532, 0.3, 0.003679, 0.880525, 0.473986, -0.0, 0.0, 0.0, 0.0, 1.0],
                [0.999993, -0.003486, -0.001504, 0.0, 0.000938, 0.610705, -0.791858, 0.3, 0.003679, 0.791851, 0.610704, 0.0, 0.0, 0.0, 0.0, 1.0],
                [0.999993, -0.001541, -0.00347, -0.0, 0.000938, 0.985901, -0.167329, 0.3, 0.003679, 0.167324, 0.985895, -0.0, 0.0, 0.0, 0.0, 1.0]
            ]
        },
        {
            "name": "Tool_L",
            "time": [0.0, 0.1333, 0.3333, 0.8333, 1.15, 1.45, 1.65, 1.9667, 2.2333, 2.7],
            "transform": [
                [0.997004, 0.01104, -0.076554, 0.0, -0.036659, -0.804079, -0.593391, 0.272858, -0.068067, 0.594062, -0.8008, -0.0, 0.0, 0.0, 0.0, 1.0],
                [0.997004, 0.01104, -0.076554, 0.0, -0.036659, -0.804079, -0.593391, 0.272858, -0.068067, 0.594062, -0.8008, -0.0, 0.0, 0.0, 0.0, 1.0],
                [0.997004, 0.01104, -0.076554, -0.0, -0.036659, -0.804079, -0.593391, 0.272858, -0.068067, 0.594062, -0.8008, -0.0, 0.0, 0.0, 0.0, 1.0],
                [0.997004, 0.01104, -0.076554, -0.0, -0.036659, -0.804079, -0.593391, 0.272858, -0.068067, 0.594062, -0.8008, -0.0, 0.0, 0.0, 0.0, 1.0],
                [0.997004, 0.01104, -0.076554, -0.0, -0.036659, -0.804079, -0.593391, 0.272858, -0.068067, 0.594062, -0.8008, -0.0, 0.0, 0.0, 0.0, 1.0],
                [0.997004, 0.01104, -0.076554, 0.0, -0.036659, -0.804079, -0.593391, 0.272858, -0.068067, 0.594062, -0.8008, -0.0, 0.0, 0.0, 0.0, 1.0],
                [0.997004, 0.01104, -0.076554, 0.0, -0.036659, -0.804079, -0.593391, 0.272858, -0.068067, 0.594062, -0.8008, -0.0, 0.0, 0.0, 0.0, 1.0],
                [0.997004, 0.01104, -0.076554, 0.0, -0.036659, -0.804079, -0.593391, 0.272858, -0.068067, 0.594062, -0.8008, -0.0, 0.0, 0.0, 0.0, 1.0],
                [0.997004, 0.01104, -0.076554, -0.0, -0.036659, -0.804079, -0.593391, 0.272858, -0.068067, 0.594062, -0.8008, -0.0, 0.0, 0.0, 0.0, 1.0],
                [0.997004, 0.01104, -0.076554, -0.0, -0.036659, -0.804079, -0.593391, 0.272858, -0.068067, 0.594062, -0.8008, -0.0, 0.0, 0.0, 0.0, 1.0]
            ]
        },
        {
            "name": "Elbow_L",
            "time": [0.0, 0.1333, 0.3333, 0.8333, 1.15, 1.45, 1.65, 1.9667, 2.2333, 2.7],
            "transform": [
                [-1.0, 0.0, -0.0, 2.7e-05, 0.0, -0.0, -1.0, 0.334301, -0.0, -1.0, -0.0, -0.002121, 0.0, 0.0, 0.0, 1.0],
                [-1.0, 0.0, -0.0, 2.7e-05, 0.0, -0.0, -1.0, 0.334301, -0.0, -1.0, -0.0, -0.002121, 0.0, 0.0, 0.0, 1.0],
                [-1.0, 0.0, -0.0, 2.7e-05, 0.0, -0.0, -1.0, 0.334301, -0.0, -1.0, 0.0, -0.002121, 0.0, 0.0, 0.0, 1.0],
                [-1.0, 0.0, -0.0, 2.7e-05, 0.0, -0.0, -1.0, 0.334302, -0.0, -1.0, -0.0, -0.002121, 0.0, 0.0, 0.0, 1.0],
                [-1.0, 0.0, -0.0, 2.7e-05, 0.0, 0.0, -1.0, 0.334301, -0.0, -1.0, -0.0, -0.002121, 0.0, 0.0, 0.0, 1.0],
                [-1.0, 0.0, -0.0, 2.7e-05, 0.0, -0.0, -1.0, 0.334302, -0.0, -1.0, -0.0, -0.002121, 0.0, 0.0, 0.0, 1.0],
                [-1.0, 0.0, -0.0, 2.7e-05, -0.0, -0.0, -1.0, 0.334301, -0.0, -1.0, -0.0, -0.00212, 0.0, 0.0, 0.0, 1.0],
                [-1.0, 0.0, -0.0, 2.7e-05, 0.0, -0.0, -1.0, 0.334301, -0.0, -1.0, -0.0, -0.002121, 0.0, 0.0, 0.0, 1.0],
                [-1.0, 0.0, -0.0, 2.7e-05, 0.0, -0.0, -1.0, 0.334301, -0.0, -1.0, -0.0, -0.002121, 0.0, 0.0, 0.0, 1.0],
                [-1.0, 0.0, -0.0, 2.7e-05, 0.0, -0.0, -1.0, 0.334301, -0.0, -1.0, -0.0, -0.002121, 0.0, 0.0, 0.0, 1.0]
            ]
        }
    ]
}