{
    "animation": [
        {
            "name": "Root",
            "time": [0.0, 0.15, 0.2167, 0.3167, 0.4167, 0.4667, 0.5333],
            "transform": [
                [0.911207, 0.005642, 0.0, 0.038433, 0.0, 0.0, -0.911224, 0.034204, -0.005642, 0.911207, -0.0, 1.45693, 0.0, 0.0, 0.0, 1.0],
                [0.88967, 0.005509, 0.196943, 0.038433, 0.196939, 0.001219, -0.889687, -0.06876, -0.005642, 0.911207, -0.0, 1.45693, 0.0, 0.0, 0.0, 1.0],
                [0.88967, 0.005509, 0.196943, -0.008945, 0.196939, 0.001219, -0.889687, 0.145272, -0.005642, 0.911207, -0.0, 1.45693, 0.0, 0.0, 0.0, 1.0],
                [0.858556, 0.005509, -0.305254, 0.038433, -0.305266, 0.001219, -0.858569, 1.556793, -0.004782, 0.911207, 0.002994, 1.321655, 0.0, 0.0, 0.0, 1.0],
                [0.858556, 0.005509, -0.305254, 0.038433, -0.305266, 0.001219, -0.858569, 1.556793, -0.004782, 0.911207, 0.002994, 1.321655, 0.0, 0.0, 0.0, 1.0],
                [0.858556, 0.005509, -0.305254, 0.038433, -0.305266, 0.001219, -0.858569, 1.556793, -0.004782, 0.911207, 0.002994, 1.321655, 0.0, 0.0, 0.0, 1.0],
                [0.858556, 0.005509, -0.305254, 0.038433, -0.305266, 0.001219, -0.858569, 1.556793, -0.004782, 0.911207, 0.002994, 1.321655, 0.0, 0.0, 0.0, 1.0]
            ]
        },
        {
            "name": "Lower_Torso",
            "time": [0.0, 0.2167, 0.3167, 0.4167, 0.4667, 0.5333],
            "transform": [
                [0.999996, -0.002743, 0.0, -0.0, 0.002743, 0.999996, 0.0, 0.182359, -0.0, 0.0, 1.0, 0.0, 0.0, 0.0, 0.0, 1.0],
                [0.999996, -0.002743, 0.0, 0.0, 0.002743, 0.999996, 0.0, 0.182359, -0.0, 0.0, 1.0, -0.0, 0.0, 0.0, 0.0, 1.0],
                [0.999996, -0.002686, -0.000557, 0.0, 0.002743, 0.979169, 0.203027, 0.182359, -0.0, -0.203028, 0.979173, 0.0, 0.0, 0.0, 0.0, 1.0],
                [0.999996, -0.002686, -0.000557, 0.0, 0.002743, 0.979169, 0.203027, 0.182359, -0.0, -0.203028, 0.979173, 0.0, 0.0, 0.0, 0.0, 1.0],
                [0.999996, -0.002686, -0.000557, 0.0, 0.002743, 0.979169, 0.203027, 0.182359, -0.0, -0.203028, 0.979173, 0.0, 0.0, 0.0, 0.0, 1.0],
                [0.999996, -0.002686, -0.000557, 0.0, 0.002743, 0.979169, 0.203027, 0.182359, -0.0, -0.203028, 0.979173, 0.0, 0.0, 0.0, 0.0, 1.0]
            ]
        },
        {
            "name": "Upper_Torso",
            "time": [0.0, 0.15, 0.2167, 0.3167, 0.4167, 0.4667, 0.5333],
            "transform": [
                [-0.998066, -0.005417, -0.061928, -0.0, 0.008801, 0.973851, -0.227017, 0.666804, 0.061538, -0.227123, -0.97192, -0.0, 0.0, 0.0, 0.0, 1.0],
                [-0.973581, 0.043974, -0.224069, -0.0, 0.088148, 0.977595, -0.191149, 0.666804, 0.210643, -0.20585, -0.955644, -0.0, 0.0, 0.0, 0.0, 1.0],
                [-0.954406, 0.043974, -0.295254, -0.0, 0.102003, 0.977595, -0.184128, 0.666804, 0.280542, -0.20585, -0.937508, 0.0, 0.0, 0.0, 0.0, 1.0],
                [-0.974955, 0.055461, 0.215375, -0.0, -0.002971, 0.965073, -0.261964, 0.666804, -0.222381, -0.256044, -0.940738, 0.0, 0.0, 0.0, 0.0, 1.0],
                [-0.974955, 0.058965, 0.214442, -0.0, -0.002971, 0.960672, -0.277668, 0.666804, -0.222381, -0.271351, -0.936438, 0.0, 0.0, 0.0, 0.0, 1.0],
                [-0.974955, 0.058965, 0.214442, -0.0, -0.002971, 0.960672, -0.277668, 0.666804, -0.222381, -0.271351, -0.936438, 0.0, 0.0, 0.0, 0.0, 1.0],
                [-0.974955, 0.058965, 0.214442, -0.0, -0.002971, 0.960672, -0.277668, 0.666804, -0.222381, -0.271351, -0.936438, 0.0, 0.0, 0.0, 0.0, 1.0]
            ]
        },
        {
            "name": "Head",
            "time": [0.0, 0.2167, 0.3167, 0.4167, 0.4667, 0.5333],
            "transform": [
                [-0.99111, 0.074467, 0.110249, -0.0, 0.090747, 0.984375, 0.150903, 0.637051, -0.097289, 0.159566, -0.982381, -0.0, 0.0, 0.0, 0.0, 1.0],
                [-0.899339, 0.074467, 0.430863, 0.0, 0.135427, 0.984375, 0.112544, 0.637051, -0.41575, 0.159566, -0.895372, -0.0, 0.0, 0.0, 0.0, 1.0],
                [-0.843137, -0.074598, -0.532499, 0.0, -0.195755, 0.964954, 0.174769, 0.637051, 0.500799, 0.251593, -0.828191, -0.0, 0.0, 0.0, 0.0, 1.0],
                [-0.941135, 0.074467, -0.329727, -0.0, 0.016466, 0.984375, 0.175316, 0.637051, 0.337631, 0.159566, -0.927655, -0.0, 0.0, 0.0, 0.0, 1.0],
                [-0.941135, 0.074467, -0.329727, -0.0, 0.016466, 0.984375, 0.175316, 0.637051, 0.337631, 0.159566, -0.927655, -0.0, 0.0, 0.0, 0.0, 1.0],
                [-0.941135, 0.074467, -0.329727, -0.0, 0.016466, 0.984375, 0.175316, 0.637051, 0.337631, 0.159566, -0.927655, -0.0, 0.0, 0.0, 0.0, 1.0]
            ]
        },
        {
            "name": "Left_Arm",
            "time": [0.0, 0.15, 0.2167, 0.25, 0.3167, 0.4167, 0.4667, 0.5333],
            "transform": [
                [-0.099777, 0.114297, 0.988424, 0.699152, 0.195411, -0.971784, 0.132098, 0.78895, 0.975632, 0.206329, 0.074627, -0.021019, 0.0, 0.0, 0.0, 1.0],
                [0.411096, 0.801103, 0.435011, 0.550574, 0.908015, -0.317617, -0.273182, 0.708508, -0.08068, 0.507301, -0.857984, 0.113396, 0.0, 0.0, 0.0, 1.0],
                [0.411096, 0.801103, 0.435011, 0.550574, 0.908015, -0.317617, -0.273182, 0.708508, -0.08068, 0.5073, -0.857984, 0.113396, 0.0, 0.0, 0.0, 1.0],
                [0.236993, 0.594311, 0.768524, 0.548766, 0.867619, -0.4854, 0.107815, 0.701689, 0.437117, 0.641235, -0.630671, 0.125406, 0.0, 0.0, 0.0, 1.0],
                [-0.222227, -0.512117, 0.829669, 0.521306, 0.861848, -0.501064, -0.078438, 0.598124, 0.455887, 0.697618, 0.552717, 0.307808, 0.0, 0.0, 0.0, 1.0],
                [-0.452414, -0.597291, 0.662243, 0.521306, 0.853047, -0.506381, 0.126048, 0.598125, 0.26006, 0.62195, 0.738611, 0.307809, 0.0, 0.0, 0.0, 1.0],
                [-0.452414, -0.597291, 0.662243, 0.521306, 0.853047, -0.506381, 0.126048, 0.598125, 0.26006, 0.62195, 0.738611, 0.307809, 0.0, 0.0, 0.0, 1.0],
                [-0.452414, -0.597291, 0.662243, 0.521306, 0.853047, -0.506381, 0.126048, 0.598125, 0.26006, 0.62195, 0.738611, 0.307809, 0.0, 0.0, 0.0, 1.0]
            ]
        },
        {
            "name": "Left_Forearm",
            "time": [0.0, 0.15, 0.2167, 0.25, 0.3167, 0.4167, 0.4667, 0.5333],
            "transform": [
                [0.991756, -0.128127, -0.001812, -0.0, 0.12814, 0.991631, 0.015768, 0.922077, -0.000224, -0.01587, 0.999874, 0.0, 0.0, 0.0, 0.0, 1.0],
                [0.640086, 0.768301, -0.001812, 0.0, -0.768189, 0.64003, 0.015768, 0.922078, 0.013274, -0.008701, 0.999874, -0.0, 0.0, 0.0, 0.0, 1.0],
                [0.640086, 0.768301, -0.001812, -1e-06, -0.768189, 0.64003, 0.015768, 0.922077, 0.013274, -0.008701, 0.999874, -0.0, 0.0, 0.0, 0.0, 1.0],
                [0.999383, 0.035064, -0.001812, -0.0, -0.035031, 0.999262, 0.015768, 0.922077, 0.002363, -0.015694, 0.999874, 0.0, 0.0, 0.0, 0.0, 1.0],
                [0.999998, 0.000482, -0.001812, 0.0, -0.000453, 0.999876, 0.015768, 0.922077, 0.001819, -0.015767, 0.999874, 0.0, 0.0, 0.0, 0.0, 1.0],
                [0.999602, -0.028157, -0.001812, -0.0, 0.028182, 0.999479, 0.015768, 0.922077, 0.001367, -0.015812, 0.999874, 0.0, 0.0, 0.0, 0.0, 1.0],
                [0.999602, -0.028157, -0.001812, -0.0, 0.028182, 0.999479, 0.015768, 0.922077, 0.001367, -0.015812, 0.999874, 0.0, 0.0, 0.0, 0.0, 1.0],
                [0.999602, -0.028157, -0.001812, -0.0, 0.028182, 0.999479, 0.015768, 0.922077, 0.001367, -0.015812, 0.999874, 0.0, 0.0, 0.0, 0.0, 1.0]
            ]
        },
        {
            "name": "Left_Claw",
            "time": [0.0, 0.2167, 0.3167, 0.4167, 0.4667, 0.5333],
            "transform": [
                [0.988132, 0.152954, 0.014145, 0.0, -0.150512, 0.945712, 0.288055, 0.818741, 0.030682, -0.286765, 0.957509, -0.0, 0.0, 0.0, 0.0, 1.0],
                [0.988132, 0.152954, 0.014145, -0.0, -0.150512, 0.945712, 0.288055, 0.818741, 0.030682, -0.286765, 0.957509, 0.0, 0.0, 0.0, 0.0, 1.0],
                [0.988132, 0.152954, 0.014145, -0.0, -0.150512, 0.945712, 0.288055, 0.818741, 0.030682, -0.286765, 0.957509, -0.0, 0.0, 0.0, 0.0, 1.0],
                [0.988132, 0.152954, 0.014145, 0.0, -0.150512, 0.945712, 0.288055, 0.818741, 0.030682, -0.286765, 0.957509, 0.0, 0.0, 0.0, 0.0, 1.0],
                [0.988132, 0.152954, 0.014145, 0.0, -0.150512, 0.945712, 0.288055, 0.818741, 0.030682, -0.286765, 0.957509, 0.0, 0.0, 0.0, 0.0, 1.0],
                [0.988132, 0.152954, 0.014145, 0.0, -0.150512, 0.945712, 0.288055, 0.818741, 0.030682, -0.286765, 0.957509, 0.0, 0.0, 0.0, 0.0, 1.0]
            ]
        },
        {
            "name": "Right_Arm",
            "time": [0.0, 0.15, 0.2167, 0.3167, 0.4167, 0.4667, 0.5333],
            "transform": [
                [-0.056309, -0.141849, -0.988286, -0.673575, -0.233499, -0.960534, 0.15117, 0.700798, -0.970725, 0.239276, 0.020965, -0.092819, 0.0, 0.0, 0.0, 1.0],
                [-0.056309, -0.268229, -0.961708, -0.673575, -0.233499, -0.932986, 0.27389, 0.700798, -0.970725, 0.23998, -0.010096, -0.092819, 0.0, 0.0, 0.0, 1.0],
                [-0.056309, -0.268229, -0.961708, -0.673575, -0.233499, -0.932986, 0.27389, 0.700797, -0.970725, 0.23998, -0.010096, -0.092819, 0.0, 0.0, 0.0, 1.0],
                [0.391302, -0.259196, -0.883007, -0.673575, 0.17562, -0.920849, 0.34813, 0.700797, -0.90335, -0.291298, -0.31481, -0.092819, 0.0, 0.0, 0.0, 1.0],
                [0.391302, -0.259196, -0.883007, -0.673575, 0.17562, -0.920849, 0.34813, 0.700798, -0.90335, -0.291298, -0.31481, -0.092819, 0.0, 0.0, 0.0, 1.0],
                [0.391302, -0.259196, -0.883007, -0.673575, 0.17562, -0.920849, 0.34813, 0.700798, -0.90335, -0.291298, -0.31481, -0.092819, 0.0, 0.0, 0.0, 1.0],
                [0.391302, -0.259196, -0.883007, -0.673575, 0.17562, -0.920849, 0.34813, 0.700798, -0.90335, -0.291298, -0.31481, -0.092819, 0.0, 0.0, 0.0, 1.0]
            ]
        },
        {
            "name": "Right_Forearm",
            "time": [0.0, 0.2167, 0.3167, 0.4167, 0.4667, 0.5333],
            "transform": [
                [0.994052, 0.108901, -0.000886, -0.0, -0.108904, 0.99404, -0.005038, 0.880013, 0.000332, 0.005105, 0.999987, 0.0, 0.0, 0.0, 0.0, 1.0],
                [0.994052, 0.108901, -0.000886, 0.0, -0.108904, 0.994039, -0.005038, 0.880014, 0.000332, 0.005105, 0.999987, 0.0, 0.0, 0.0, 0.0, 1.0],
                [0.994052, 0.108901, -0.000886, 0.0, -0.108904, 0.99404, -0.005038, 0.880013, 0.000332, 0.005105, 0.999987, 0.0, 0.0, 0.0, 0.0, 1.0],
                [0.9877, -0.156358, -0.000886, 0.0, 0.156351, 0.987689, -0.005038, 0.880013, 0.001663, 0.004838, 0.999987, 0.0, 0.0, 0.0, 0.0, 1.0],
                [0.9877, -0.156358, -0.000886, 0.0, 0.156351, 0.987689, -0.005038, 0.880013, 0.001663, 0.004838, 0.999987, 0.0, 0.0, 0.0, 0.0, 1.0],
                [0.9877, -0.156358, -0.000886, 0.0, 0.156351, 0.987689, -0.005038, 0.880013, 0.001663, 0.004838, 0.999987, 0.0, 0.0, 0.0, 0.0, 1.0]
            ]
        },
        {
            "name": "Right_Bulb",
            "time": [0.0, 0.2167, 0.3167, 0.4167, 0.4667, 0.5333],
            "transform": [
                [0.998341, -0.056574, 0.010741, -0.0, 0.057583, 0.98225, -0.178518, 0.826635, -0.000451, 0.178841, 0.983878, -0.0, 0.0, 0.0, 0.0, 1.0],
                [0.998341, -0.056574, 0.010741, 0.0, 0.057583, 0.98225, -0.178518, 0.826636, -0.000451, 0.178841, 0.983878, -0.0, 0.0, 0.0, 0.0, 1.0],
                [0.998341, -0.056574, 0.010741, -0.0, 0.057583, 0.98225, -0.178518, 0.826636, -0.000451, 0.178841, 0.983878, -0.0, 0.0, 0.0, 0.0, 1.0],
                [0.998341, -0.056574, 0.010741, -0.0, 0.057583, 0.98225, -0.178518, 0.826636, -0.000451, 0.178841, 0.983878, -0.0, 0.0, 0.0, 0.0, 1.0],
                [0.998341, -0.056574, 0.010741, -0.0, 0.057583, 0.98225, -0.178518, 0.826636, -0.000451, 0.178841, 0.983878, -0.0, 0.0, 0.0, 0.0, 1.0],
                [0.998341, -0.056574, 0.010741, -0.0, 0.057583, 0.98225, -0.178518, 0.826636, -0.000451, 0.178841, 0.983878, -0.0, 0.0, 0.0, 0.0, 1.0]
            ]
        },
        {
            "name": "Right_Blade",
            "time": [0.0, 0.2167, 0.3167, 0.4167, 0.4667, 0.5333],
            "transform": [
                [0.126538, 0.001517, -0.007658, 0.060833, 0.007658, 2.7e-05, 0.126547, 1.36866, 0.001516, -0.126769, -6.4e-05, 0.205588, 0.0, 0.0, 0.0, 1.0],
                [0.126538, 0.001517, -0.007658, 0.060833, 0.007658, 2.7e-05, 0.126547, 1.36866, 0.001516, -0.126769, -6.4e-05, 0.205588, 0.0, 0.0, 0.0, 1.0],
                [0.126538, 0.001517, -0.007658, 0.060833, 0.007658, 2.7e-05, 0.126547, 1.36866, 0.001516, -0.126769, -6.4e-05, 0.205588, 0.0, 0.0, 0.0, 1.0],
                [0.126538, 0.001517, -0.007658, 0.060833, 0.007658, 2.7e-05, 0.126547, 1.368661, 0.001516, -0.126769, -6.4e-05, 0.205588, 0.0, 0.0, 0.0, 1.0],
                [0.126538, 0.001517, -0.007658, 0.060833, 0.007658, 2.7e-05, 0.126547, 1.368661, 0.001516, -0.126769, -6.4e-05, 0.205588, 0.0, 0.0, 0.0, 1.0],
                [0.126538, 0.001517, -0.007658, 0.060833, 0.007658, 2.7e-05, 0.126547, 1.368661, 0.001516, -0.126769, -6.4e-05, 0.205588, 0.0, 0.0, 0.0, 1.0]
            ]
        },
        {
            "name": "Left_Leg",
            "time": [0.0, 0.2167, 0.3167, 0.4167, 0.4667, 0.5333],
            "transform": [
                [0.071725, -0.028971, -0.997009, -0.333594, 0.273065, -0.960819, 0.047564, 0.088622, -0.959448, -0.275699, -0.061066, 0.0, 0.0, 0.0, 0.0, 1.0],
                [0.270157, -0.028979, -0.962386, -0.333594, 0.257982, -0.960819, 0.101352, 0.088623, -0.927726, -0.275698, -0.252181, -0.0, 0.0, 0.0, 0.0, 1.0],
                [-0.143106, -0.166187, -0.97566, -0.333594, 0.498732, -0.863596, 0.073947, 0.088623, -0.854988, -0.476084, 0.206444, -0.0, 0.0, 0.0, 0.0, 1.0],
                [-0.143106, -0.166187, -0.97566, -0.333594, 0.498732, -0.863596, 0.073947, 0.088623, -0.854988, -0.476084, 0.206444, -0.0, 0.0, 0.0, 0.0, 1.0],
                [-0.143106, -0.166187, -0.97566, -0.333594, 0.498732, -0.863596, 0.073947, 0.088623, -0.854988, -0.476084, 0.206444, -0.0, 0.0, 0.0, 0.0, 1.0],
                [-0.143106, -0.166187, -0.97566, -0.333594, 0.498732, -0.863596, 0.073947, 0.088623, -0.854988, -0.476084, 0.206444, -0.0, 0.0, 0.0, 0.0, 1.0]
            ]
        },
        {
            "name": "Left_Lower_Leg",
            "time": [0.0, 0.2167, 0.3167, 0.4167, 0.4667, 0.5333],
            "transform": [
                [-0.008431, -0.435878, -0.899966, -0.0, 0.059772, 0.898169, -0.435568, 0.930059, 0.998177, -0.057465, 0.018481, -0.0, 0.0, 0.0, 0.0, 1.0],
                [-0.008436, -0.155509, -0.987799, 0.0, 0.059788, 0.985988, -0.155734, 0.930059, 0.998175, -0.060372, 0.00098, -0.0, 0.0, 0.0, 0.0, 1.0],
                [-0.008431, -0.184314, -0.982831, -0.0, 0.059772, 0.981016, -0.184486, 0.930059, 0.998176, -0.060301, 0.002746, -0.0, 0.0, 0.0, 0.0, 1.0],
                [-0.008431, -0.184314, -0.982831, -0.0, 0.059772, 0.981016, -0.184486, 0.930059, 0.998176, -0.060301, 0.002746, -0.0, 0.0, 0.0, 0.0, 1.0],
                [-0.008431, -0.184314, -0.982831, -0.0, 0.059772, 0.981016, -0.184486, 0.930059, 0.998176, -0.060301, 0.002746, -0.0, 0.0, 0.0, 0.0, 1.0],
                [-0.008431, -0.184314, -0.982831, -0.0, 0.059772, 0.981016, -0.184486, 0.930059, 0.998176, -0.060301, 0.002746, -0.0, 0.0, 0.0, 0.0, 1.0]
            ]
        },
        {
            "name": "Left_Foot",
            "time": [0.0, 0.2167, 0.3167, 0.4167, 0.4667, 0.5333],
            "transform": [
                [0.992268, 0.074425, 0.099326, 0.0, -0.091715, -0.099517, 0.9908, 0.730506, 0.083625, -0.992248, -0.091922, 0.0, 0.0, 0.0, 0.0, 1.0],
                [0.992267, 0.101431, 0.071546, -0.0, -0.09173, 0.2109, 0.973194, 0.730506, 0.083623, -0.972231, 0.218573, 0.0, 0.0, 0.0, 0.0, 1.0],
                [0.992268, 0.110413, 0.056682, -0.0, -0.091708, 0.344544, 0.93428, 0.730506, 0.083627, -0.932255, 0.352006, 0.0, 0.0, 0.0, 0.0, 1.0],
                [0.992268, 0.110413, 0.056682, -0.0, -0.091708, 0.344544, 0.93428, 0.730506, 0.083627, -0.932255, 0.352006, 0.0, 0.0, 0.0, 0.0, 1.0],
                [0.992268, 0.110413, 0.056682, -0.0, -0.091708, 0.344544, 0.93428, 0.730506, 0.083627, -0.932255, 0.352006, 0.0, 0.0, 0.0, 0.0, 1.0],
                [0.992268, 0.110413, 0.056682, -0.0, -0.091708, 0.344544, 0.93428, 0.730506, 0.083627, -0.932255, 0.352006, 0.0, 0.0, 0.0, 0.0, 1.0]
            ]
        },
        {
            "name": "Right_Leg",
            "time": [0.0, 0.2167, 0.3167, 0.4167, 0.4667, 0.5333],
            "transform": [
                [0.073972, 0.061662, -0.995355, 0.281256, -0.087162, -0.993868, -0.068048, 0.050016, -0.993503, 0.091801, -0.068124, -0.018009, 0.0, 0.0, 0.0, 1.0],
                [0.201759, 0.047773, -0.978272, 0.281256, -0.249715, -0.963292, -0.098544, 0.050016, -0.947126, 0.264191, -0.18241, -0.018009, 0.0, 0.0, 0.0, 1.0],
                [-0.225997, 0.090865, -0.969883, 0.281256, -0.228275, -0.972857, -0.037954, 0.050016, -0.947053, 0.212839, 0.240641, -0.018009, 0.0, 0.0, 0.0, 1.0],
                [-0.225997, 0.090865, -0.969883, 0.281256, -0.228275, -0.972857, -0.037954, 0.050016, -0.947053, 0.212839, 0.240641, -0.018009, 0.0, 0.0, 0.0, 1.0],
                [-0.225997, 0.090865, -0.969883, 0.281256, -0.228275, -0.972857, -0.037954, 0.050016, -0.947053, 0.212839, 0.240641, -0.018009, 0.0, 0.0, 0.0, 1.0],
                [-0.225997, 0.090865, -0.969883, 0.281256, -0.228275, -0.972857, -0.037954, 0.050016, -0.947053, 0.212839, 0.240641, -0.018009, 0.0, 0.0, 0.0, 1.0]
            ]
        },
        {
            "name": "Right_lower_leg",
            "time": [0.0, 0.2167, 0.3167, 0.4167, 0.4667, 0.5333],
            "transform": [
                [-0.006005, -0.33404, -0.94254, 0.0, -0.038195, 0.941945, -0.333586, 0.930928, 0.999252, 0.033997, -0.018415, 0.0, 0.0, 0.0, 0.0, 1.0],
                [-0.006005, -0.166766, -0.985978, -0.0, -0.038196, 0.985315, -0.166421, 0.930928, 0.999252, 0.036661, -0.012287, 0.0, 0.0, 0.0, 0.0, 1.0],
                [-0.006003, -0.529192, -0.848481, 0.0, -0.03819, 0.847998, -0.528621, 0.930927, 0.999252, 0.02923, -0.025301, 0.0, 0.0, 0.0, 0.0, 1.0],
                [-0.006003, -0.529192, -0.848481, 0.0, -0.03819, 0.847998, -0.528621, 0.930927, 0.999252, 0.02923, -0.025301, 0.0, 0.0, 0.0, 0.0, 1.0],
                [-0.006003, -0.529192, -0.848481, 0.0, -0.03819, 0.847998, -0.528621, 0.930927, 0.999252, 0.02923, -0.025301, 0.0, 0.0, 0.0, 0.0, 1.0],
                [-0.006003, -0.529192, -0.848481, 0.0, -0.03819, 0.847998, -0.528621, 0.930927, 0.999252, 0.02923, -0.025301, 0.0, 0.0, 0.0, 0.0, 1.0]
            ]
        },
        {
            "name": "Right_Foot",
            "time": [0.0, 0.2167, 0.3167, 0.4167, 0.4667, 0.5333],
            "transform": [
                [0.990721, 0.072514, 0.114952, 0.0, -0.085889, -0.321459, 0.94302, 0.730506, 0.105335, -0.944143, -0.312248, 0.0, 0.0, 0.0, 0.0, 1.0],
                [0.990721, 0.072514, 0.114952, 0.0, -0.085889, -0.321459, 0.94302, 0.730506, 0.105335, -0.944143, -0.312248, -0.0, 0.0, 0.0, 0.0, 1.0],
                [0.99072, 0.028621, 0.132873, -0.0, -0.085893, -0.625812, 0.77523, 0.730506, 0.105341, -0.779449, -0.617546, 0.0, 0.0, 0.0, 0.0, 1.0],
                [0.99072, 0.028621, 0.132873, -0.0, -0.085893, -0.625812, 0.77523, 0.730506, 0.105341, -0.779449, -0.617546, 0.0, 0.0, 0.0, 0.0, 1.0],
                [0.99072, 0.028621, 0.132873, -0.0, -0.085893, -0.625812, 0.77523, 0.730506, 0.105341, -0.779449, -0.617546, 0.0, 0.0, 0.0, 0.0, 1.0],
                [0.99072, 0.028621, 0.132873, -0.0, -0.085893, -0.625812, 0.77523, 0.730506, 0.105341, -0.779449, -0.617546, 0.0, 0.0, 0.0, 0.0, 1.0]
            ]
        }
    ]
}