{
    "animation": [
        {
            "name": "Root",
            "time": [0.0, 0.15, 0.2833, 0.4167, 0.5, 0.6333, 0.7167],
            "transform": [
                [0.911207, 0.005642, 0.0, 0.038433, 0.0, 0.0, -0.911224, 0.034204, -0.005642, 0.911207, -0.0, 1.45693, 0.0, 0.0, 0.0, 1.0],
                [0.896091, 0.005549, -0.165286, 0.038433, -0.165283, -0.001023, -0.896108, 0.108718, -0.005642, 0.911207, -0.0, 1.427441, 0.0, 0.0, 0.0, 1.0],
                [0.896091, 0.005549, -0.165286, 0.038433, -0.165283, -0.001023, -0.896108, 0.108718, -0.005642, 0.911207, -0.0, 1.427441, 0.0, 0.0, 0.0, 1.0],
                [0.910394, 0.005637, 0.038477, 0.038433, 0.038476, 0.000238, -0.910411, 0.879743, -0.005642, 0.911207, -0.0, 1.410046, 0.0, 0.0, 0.0, 1.0],
                [0.896138, 0.005549, 0.16503, 0.038433, 0.165027, 0.001022, -0.896155, 1.952674, -0.005642, 0.911207, -0.0, 1.301628, 0.0, 0.0, 0.0, 1.0],
                [0.896138, 0.005549, 0.16503, 0.038433, 0.165027, 0.001022, -0.896155, 1.952674, -0.005642, 0.911207, -0.0, 1.301628, 0.0, 0.0, 0.0, 1.0],
                [0.896138, 0.005549, 0.16503, 0.038433, 0.165027, 0.001022, -0.896155, 1.952674, -0.005642, 0.911207, -0.0, 1.301628, 0.0, 0.0, 0.0, 1.0]
            ]
        },
        {
            "name": "Lower_Torso",
            "time": [0.0, 0.2833, 0.5, 0.6333, 0.7167],
            "transform": [
                [0.999996, -0.002743, 0.0, -0.0, 0.002743, 0.999996, 0.0, 0.182359, -0.0, 0.0, 1.0, 0.0, 0.0, 0.0, 0.0, 1.0],
                [0.999996, -0.002743, 0.0, -0.0, 0.002743, 0.999996, 0.0, 0.182358, -0.0, -0.0, 1.0, -0.0, 0.0, 0.0, 0.0, 1.0],
                [0.922867, -0.002743, 0.38511, 0.0, 0.002532, 0.999996, 0.001056, 0.182359, -0.385111, 0.0, 0.92287, -0.0, 0.0, 0.0, 0.0, 1.0],
                [0.922867, -0.002743, 0.38511, 0.0, 0.002532, 0.999996, 0.001056, 0.182359, -0.385111, 0.0, 0.92287, -0.0, 0.0, 0.0, 0.0, 1.0],
                [0.922867, -0.002743, 0.38511, 0.0, 0.002532, 0.999996, 0.001056, 0.182359, -0.385111, 0.0, 0.92287, -0.0, 0.0, 0.0, 0.0, 1.0]
            ]
        },
        {
            "name": "Upper_Torso",
            "time": [0.0, 0.15, 0.2833, 0.5, 0.6333, 0.7167],
            "transform": [
                [-0.998066, -0.005417, -0.061928, -0.0, 0.008801, 0.973851, -0.227017, 0.666804, 0.061538, -0.227123, -0.97192, -0.0, 0.0, 0.0, 0.0, 1.0],
                [-0.978366, 0.088121, 0.187177, 0.0, 0.045229, 0.973969, -0.222125, 0.666804, -0.201878, -0.208854, -0.956883, -0.0, 0.0, 0.0, 0.0, 1.0],
                [-0.965686, 0.099545, 0.239876, 0.0, 0.045273, 0.974008, -0.221943, 0.666804, -0.255735, -0.203468, -0.945093, -0.0, 0.0, 0.0, 0.0, 1.0],
                [-0.946858, 0.099546, -0.30586, 0.0, 0.15558, 0.974008, -0.164631, 0.666804, 0.281522, -0.203468, -0.937735, 0.0, 0.0, 0.0, 0.0, 1.0],
                [-0.946858, 0.099546, -0.30586, 0.0, 0.15558, 0.974008, -0.164631, 0.666804, 0.281522, -0.203468, -0.937735, 0.0, 0.0, 0.0, 0.0, 1.0],
                [-0.946858, 0.099546, -0.30586, 0.0, 0.15558, 0.974008, -0.164631, 0.666804, 0.281522, -0.203468, -0.937735, 0.0, 0.0, 0.0, 0.0, 1.0]
            ]
        },
        {
            "name": "Head",
            "time": [0.0, 0.15, 0.2833, 0.6333, 0.7167],
            "transform": [
                [-0.99111, 0.074467, 0.110249, -0.0, 0.090747, 0.984375, 0.150903, 0.637051, -0.097289, 0.159566, -0.982381, -0.0, 0.0, 0.0, 0.0, 1.0],
                [-0.98851, 0.074467, -0.131536, -0.0, 0.05176, 0.984375, 0.168308, 0.637051, 0.142014, 0.159566, -0.976919, 0.0, 0.0, 0.0, 0.0, 1.0],
                [-0.988442, 0.083383, -0.12661, 0.0, 0.058274, 0.979966, 0.190448, 0.637051, 0.139954, 0.180869, -0.973498, 0.0, 0.0, 0.0, 0.0, 1.0],
                [-0.988442, 0.083383, -0.12661, -0.0, 0.058274, 0.979966, 0.190448, 0.637051, 0.139954, 0.180869, -0.973498, 0.0, 0.0, 0.0, 0.0, 1.0],
                [-0.988442, 0.083383, -0.12661, -0.0, 0.058274, 0.979966, 0.190448, 0.637051, 0.139954, 0.180869, -0.973498, 0.0, 0.0, 0.0, 0.0, 1.0]
            ]
        },
        {
            "name": "Left_Arm",
            "time": [0.0, 0.15, 0.2833, 0.6333, 0.7167],
            "transform": [
                [-0.099777, 0.114297, 0.988424, 0.699152, 0.195411, -0.971784, 0.132098, 0.78895, 0.975632, 0.206329, 0.074627, -0.021019, 0.0, 0.0, 0.0, 1.0],
                [0.186594, 0.125001, 0.974452, 0.699152, 0.279835, -0.957547, 0.069248, 0.788949, 0.94174, 0.259765, -0.213652, -0.021019, 0.0, 0.0, 0.0, 1.0],
                [0.186594, 0.125001, 0.974452, 0.699152, 0.279835, -0.957547, 0.069248, 0.78895, 0.94174, 0.259765, -0.213652, -0.021019, 0.0, 0.0, 0.0, 1.0],
                [0.186594, 0.125001, 0.974452, 0.699152, 0.279835, -0.957547, 0.069248, 0.78895, 0.94174, 0.259765, -0.213652, -0.021019, 0.0, 0.0, 0.0, 1.0],
                [0.186594, 0.125001, 0.974452, 0.699152, 0.279835, -0.957547, 0.069248, 0.78895, 0.94174, 0.259765, -0.213652, -0.021019, 0.0, 0.0, 0.0, 1.0]
            ]
        },
        {
            "name": "Left_Forearm",
            "time": [0.0, 0.2833, 0.6333, 0.7167],
            "transform": [
                [0.991756, -0.128127, -0.001812, -0.0, 0.12814, 0.991631, 0.015768, 0.922077, -0.000224, -0.01587, 0.999874, 0.0, 0.0, 0.0, 0.0, 1.0],
                [0.991756, -0.128127, -0.001812, 0.0, 0.12814, 0.991631, 0.015768, 0.922077, -0.000224, -0.01587, 0.999874, 0.0, 0.0, 0.0, 0.0, 1.0],
                [0.991756, -0.128127, -0.001812, 0.0, 0.12814, 0.991631, 0.015768, 0.922077, -0.000224, -0.01587, 0.999874, -0.0, 0.0, 0.0, 0.0, 1.0],
                [0.991756, -0.128127, -0.001812, 0.0, 0.12814, 0.991631, 0.015768, 0.922077, -0.000224, -0.01587, 0.999874, -0.0, 0.0, 0.0, 0.0, 1.0]
            ]
        },
        {
            "name": "Left_Claw",
            "time": [0.0, 0.2833, 0.6333, 0.7167],
            "transform": [
                [0.988132, 0.152954, 0.014145, 0.0, -0.150512, 0.945712, 0.288055, 0.818741, 0.030682, -0.286765, 0.957509, -0.0, 0.0, 0.0, 0.0, 1.0],
                [0.988132, 0.152954, 0.014145, -0.0, -0.150512, 0.945712, 0.288055, 0.818741, 0.030682, -0.286765, 0.957509, 0.0, 0.0, 0.0, 0.0, 1.0],
                [0.988132, 0.152954, 0.014145, 0.0, -0.150512, 0.945711, 0.288055, 0.818741, 0.030682, -0.286765, 0.957509, 0.0, 0.0, 0.0, 0.0, 1.0],
                [0.988132, 0.152954, 0.014145, 0.0, -0.150512, 0.945711, 0.288055, 0.818741, 0.030682, -0.286765, 0.957509, 0.0, 0.0, 0.0, 0.0, 1.0]
            ]
        },
        {
            "name": "Right_Arm",
            "time": [0.0, 0.15, 0.2833, 0.35, 0.4167, 0.5, 0.6333, 0.7167],
            "transform": [
                [-0.056309, -0.141849, -0.988286, -0.673575, -0.233499, -0.960534, 0.15117, 0.700798, -0.970725, 0.239276, 0.020965, -0.092819, 0.0, 0.0, 0.0, 1.0],
                [0.352385, -0.293043, -0.888792, -0.673575, 0.00912, -0.94859, 0.316375, 0.700798, -0.935811, -0.119592, -0.331596, -0.092819, 0.0, 0.0, 0.0, 1.0],
                [0.368349, -0.304015, -0.878575, -0.673575, 0.039757, -0.939006, 0.341595, 0.700798, -0.928837, -0.160756, -0.333796, -0.092819, 0.0, 0.0, 0.0, 1.0],
                [-0.888142, -0.322838, -0.327078, -0.649679, 0.295106, -0.946215, 0.132624, 0.669134, -0.352302, 0.021266, 0.935645, -0.07685, 0.0, 0.0, 0.0, 1.0],
                [-0.428992, -0.050805, 0.901879, -0.6008, 0.782102, -0.520455, 0.3427, 0.60437, 0.451976, 0.852377, 0.263006, -0.044188, 0.0, 0.0, 0.0, 1.0],
                [-0.554692, 0.061023, 0.829815, -0.461258, 0.824417, 0.175139, 0.538204, 0.419477, -0.11249, 0.982651, -0.147457, 0.049059, 0.0, 0.0, 0.0, 1.0],
                [-0.554692, 0.117508, 0.823717, -0.461258, 0.824417, 0.211458, 0.524998, 0.419477, -0.11249, 0.970298, -0.21417, 0.049059, 0.0, 0.0, 0.0, 1.0],
                [-0.554692, 0.117508, 0.823717, -0.461258, 0.824417, 0.211458, 0.524998, 0.419477, -0.11249, 0.970298, -0.21417, 0.049059, 0.0, 0.0, 0.0, 1.0]
            ]
        },
        {
            "name": "Right_Forearm",
            "time": [0.0, 0.15, 0.2833, 0.5, 0.6333, 0.7167],
            "transform": [
                [0.994052, 0.108901, -0.000886, -0.0, -0.108904, 0.99404, -0.005038, 0.880013, 0.000332, 0.005105, 0.999987, 0.0, 0.0, 0.0, 0.0, 1.0],
                [0.99082, 0.135187, -0.000886, -0.0, -0.13519, 0.990807, -0.005038, 0.880013, 0.000197, 0.005112, 0.999987, -0.0, 0.0, 0.0, 0.0, 1.0],
                [0.99082, 0.135187, -0.000886, 0.0, -0.13519, 0.990807, -0.005038, 0.880013, 0.000197, 0.005112, 0.999987, 0.0, 0.0, 0.0, 0.0, 1.0],
                [0.999985, -0.004943, 0.002235, 0.0, 0.005347, 0.828837, -0.559465, 0.880013, 0.000913, 0.559469, 0.828851, -0.0, 0.0, 0.0, 0.0, 1.0],
                [0.999985, -0.004494, 0.003038, 0.0, 0.005347, 0.722337, -0.691521, 0.880014, 0.000913, 0.691527, 0.72235, -0.0, 0.0, 0.0, 0.0, 1.0],
                [0.999985, -0.004494, 0.003038, 0.0, 0.005347, 0.722337, -0.691521, 0.880014, 0.000913, 0.691527, 0.72235, -0.0, 0.0, 0.0, 0.0, 1.0]
            ]
        },
        {
            "name": "Right_Bulb",
            "time": [0.0, 0.2833, 0.6333, 0.7167],
            "transform": [
                [0.998341, -0.056574, 0.010741, -0.0, 0.057583, 0.98225, -0.178518, 0.826635, -0.000451, 0.178841, 0.983878, -0.0, 0.0, 0.0, 0.0, 1.0],
                [0.998341, -0.056574, 0.010741, 0.0, 0.057583, 0.98225, -0.178518, 0.826636, -0.000451, 0.178841, 0.983878, 0.0, 0.0, 0.0, 0.0, 1.0],
                [0.998341, -0.056574, 0.010741, 0.0, 0.057583, 0.98225, -0.178518, 0.826636, -0.000451, 0.178841, 0.983878, 0.0, 0.0, 0.0, 0.0, 1.0],
                [0.998341, -0.056574, 0.010741, 0.0, 0.057583, 0.98225, -0.178518, 0.826636, -0.000451, 0.178841, 0.983878, 0.0, 0.0, 0.0, 0.0, 1.0]
            ]
        },
        {
            "name": "Right_Blade",
            "time": [0.0, 0.2833, 0.6333, 0.7167],
            "transform": [
                [0.126538, 0.001517, -0.007658, 0.060833, 0.007658, 2.7e-05, 0.126547, 1.36866, 0.001516, -0.126769, -6.4e-05, 0.205588, 0.0, 0.0, 0.0, 1.0],
                [0.126538, 0.001517, -0.007658, 0.060833, 0.007658, 2.7e-05, 0.126547, 1.36866, 0.001516, -0.126769, -6.4e-05, 0.205588, 0.0, 0.0, 0.0, 1.0],
                [0.126538, 0.001517, -0.007658, 0.060833, 0.007658, 2.7e-05, 0.126547, 1.368661, 0.001516, -0.126769, -6.4e-05, 0.205588, 0.0, 0.0, 0.0, 1.0],
                [0.126538, 0.001517, -0.007658, 0.060833, 0.007658, 2.7e-05, 0.126547, 1.368661, 0.001516, -0.126769, -6.4e-05, 0.205588, 0.0, 0.0, 0.0, 1.0]
            ]
        },
        {
            "name": "Left_Leg",
            "time": [0.0, 0.15, 0.2833, 0.5, 0.6333, 0.7167],
            "transform": [
                [0.071725, -0.028971, -0.997009, -0.333594, 0.273065, -0.960819, 0.047564, 0.088622, -0.959448, -0.275699, -0.061066, 0.0, 0.0, 0.0, 0.0, 1.0],
                [-0.093873, -0.035811, -0.994945, -0.333594, 0.345584, -0.938387, 0.001169, 0.088622, -0.933816, -0.343776, 0.100425, 0.0, 0.0, 0.0, 0.0, 1.0],
                [-0.093873, -0.035811, -0.994945, -0.333594, 0.345584, -0.938387, 0.001169, 0.088622, -0.933816, -0.343776, 0.100425, 0.0, 0.0, 0.0, 0.0, 1.0],
                [0.177055, -0.053805, -0.982735, -0.333594, -0.290508, -0.956873, 5e-05, 0.088623, -0.940472, 0.285518, -0.185128, -0.0, 0.0, 0.0, 0.0, 1.0],
                [0.177055, -0.053805, -0.982735, -0.333594, -0.290508, -0.956873, 5e-05, 0.088623, -0.940472, 0.285518, -0.185128, -0.0, 0.0, 0.0, 0.0, 1.0],
                [0.177055, -0.053805, -0.982735, -0.333594, -0.290508, -0.956873, 5e-05, 0.088623, -0.940472, 0.285518, -0.185128, -0.0, 0.0, 0.0, 0.0, 1.0]
            ]
        },
        {
            "name": "Left_Lower_Leg",
            "time": [0.0, 0.2833, 0.6333, 0.7167],
            "transform": [
                [-0.008431, -0.435878, -0.899966, -0.0, 0.059772, 0.898169, -0.435568, 0.930059, 0.998177, -0.057465, 0.018481, -0.0, 0.0, 0.0, 0.0, 1.0],
                [-0.008431, -0.435878, -0.899966, 0.0, 0.059772, 0.898169, -0.435568, 0.930059, 0.998176, -0.057465, 0.018481, -0.0, 0.0, 0.0, 0.0, 1.0],
                [-0.008431, -0.435878, -0.899966, -0.0, 0.059772, 0.898169, -0.435568, 0.930059, 0.998176, -0.057465, 0.018481, 0.0, 0.0, 0.0, 0.0, 1.0],
                [-0.008431, -0.435878, -0.899966, -0.0, 0.059772, 0.898169, -0.435568, 0.930059, 0.998176, -0.057465, 0.018481, 0.0, 0.0, 0.0, 0.0, 1.0]
            ]
        },
        {
            "name": "Left_Foot",
            "time": [0.0, 0.15, 0.2833, 0.5, 0.6333, 0.7167],
            "transform": [
                [0.992268, 0.074425, 0.099326, 0.0, -0.091715, -0.099517, 0.9908, 0.730506, 0.083625, -0.992248, -0.091922, 0.0, 0.0, 0.0, 0.0, 1.0],
                [0.992268, 0.083628, 0.091713, 0.0, -0.091715, -0.003824, 0.995778, 0.730506, 0.083625, -0.99649, 0.003875, 0.0, 0.0, 0.0, 0.0, 1.0],
                [0.992268, 0.083628, 0.091713, 0.0, -0.091715, -0.003824, 0.995778, 0.730506, 0.083625, -0.99649, 0.003875, 0.0, 0.0, 0.0, 0.0, 1.0],
                [0.994428, 0.050841, 0.09235, -0.0, -0.044686, -0.590134, 0.806067, 0.730506, 0.095481, -0.805702, -0.584574, 0.0, 0.0, 0.0, 0.0, 1.0],
                [0.994428, 0.050841, 0.09235, -0.0, -0.044686, -0.590134, 0.806067, 0.730506, 0.095481, -0.805702, -0.584574, 0.0, 0.0, 0.0, 0.0, 1.0],
                [0.994428, 0.050841, 0.09235, -0.0, -0.044686, -0.590134, 0.806067, 0.730506, 0.095481, -0.805702, -0.584574, 0.0, 0.0, 0.0, 0.0, 1.0]
            ]
        },
        {
            "name": "Right_Leg",
            "time": [0.0, 0.15, 0.2833, 0.4167, 0.5, 0.6333, 0.7167],
            "transform": [
                [0.073972, 0.061662, -0.995355, 0.281256, -0.087162, -0.993868, -0.068048, 0.050016, -0.993503, 0.091801, -0.068124, -0.018009, 0.0, 0.0, 0.0, 1.0],
                [0.078833, 0.055312, -0.995355, 0.281256, -0.169328, -0.983208, -0.068049, 0.050016, -0.98246, 0.17392, -0.068124, -0.018009, 0.0, 0.0, 0.0, 1.0],
                [0.078833, 0.055312, -0.995355, 0.281256, -0.169328, -0.983208, -0.068049, 0.050016, -0.98246, 0.17392, -0.068124, -0.018009, 0.0, 0.0, 0.0, 1.0],
                [0.141576, 0.083877, -0.98637, 0.281256, 0.450737, -0.892586, -0.011208, 0.050016, -0.881416, -0.443028, -0.164161, -0.018009, 0.0, 0.0, 0.0, 1.0],
                [0.186603, 0.093164, -0.978011, 0.281256, 0.628233, -0.776672, 0.04588, 0.050016, -0.755369, -0.623012, -0.203446, -0.018009, 0.0, 0.0, 0.0, 1.0],
                [0.186603, 0.093164, -0.978011, 0.281256, 0.628233, -0.776672, 0.04588, 0.050016, -0.755369, -0.623012, -0.203446, -0.018009, 0.0, 0.0, 0.0, 1.0],
                [0.186603, 0.093164, -0.978011, 0.281256, 0.628233, -0.776672, 0.04588, 0.050016, -0.755369, -0.623012, -0.203446, -0.018009, 0.0, 0.0, 0.0, 1.0]
            ]
        },
        {
            "name": "Right_lower_leg",
            "time": [0.0, 0.2833, 0.4167, 0.5, 0.6333, 0.7167],
            "transform": [
                [-0.006005, -0.33404, -0.94254, 0.0, -0.038195, 0.941945, -0.333586, 0.930928, 0.999252, 0.033997, -0.018415, 0.0, 0.0, 0.0, 0.0, 1.0],
                [-0.006005, -0.33404, -0.94254, 0.0, -0.038195, 0.941945, -0.333586, 0.930928, 0.999252, 0.033997, -0.018415, -0.0, 0.0, 0.0, 0.0, 1.0],
                [-0.006006, -0.925765, -0.378052, -0.0, -0.038193, 0.377995, -0.925019, 0.930928, 0.999252, 0.008883, -0.037628, -0.0, 0.0, 0.0, 0.0, 1.0],
                [-0.006005, -0.784682, -0.619869, 0.0, -0.038193, 0.619608, -0.783981, 0.930928, 0.999252, 0.018966, -0.03369, -0.0, 0.0, 0.0, 0.0, 1.0],
                [-0.006005, -0.784682, -0.619869, 0.0, -0.038193, 0.619608, -0.783981, 0.930928, 0.999252, 0.018966, -0.03369, -0.0, 0.0, 0.0, 0.0, 1.0],
                [-0.006005, -0.784682, -0.619869, 0.0, -0.038193, 0.619608, -0.783981, 0.930928, 0.999252, 0.018966, -0.03369, -0.0, 0.0, 0.0, 0.0, 1.0]
            ]
        },
        {
            "name": "Right_Foot",
            "time": [0.0, 0.15, 0.2833, 0.4167, 0.5, 0.6333, 0.7167],
            "transform": [
                [0.990721, 0.072514, 0.114952, 0.0, -0.085889, -0.321459, 0.94302, 0.730506, 0.105335, -0.944143, -0.312248, 0.0, 0.0, 0.0, 0.0, 1.0],
                [0.990721, 0.064046, 0.119877, 0.0, -0.08589, -0.38855, 0.917416, 0.730506, 0.105335, -0.919199, -0.379443, 0.0, 0.0, 0.0, 0.0, 1.0],
                [0.990721, 0.064046, 0.119877, 0.0, -0.08589, -0.38855, 0.917416, 0.730506, 0.105335, -0.919199, -0.379443, 0.0, 0.0, 0.0, 0.0, 1.0],
                [0.997319, 0.013781, 0.071865, 0.0, -0.062338, -0.354298, 0.933053, 0.730506, 0.03832, -0.935031, -0.352489, 0.0, 0.0, 0.0, 0.0, 1.0],
                [0.999489, 0.003338, 0.031796, 0.0, -0.031295, -0.101302, 0.994364, 0.730506, 0.00654, -0.99485, -0.101146, -0.0, 0.0, 0.0, 0.0, 1.0],
                [0.999489, 0.003338, 0.031796, 0.0, -0.031295, -0.101302, 0.994364, 0.730506, 0.00654, -0.99485, -0.101146, -0.0, 0.0, 0.0, 0.0, 1.0],
                [0.999489, 0.003338, 0.031796, 0.0, -0.031295, -0.101302, 0.994364, 0.730506, 0.00654, -0.99485, -0.101146, -0.0, 0.0, 0.0, 0.0, 1.0]
            ]
        }
    ]
}