{
    "animation": [
        {
            "name": "Root",
            "time": [0.0, 0.2833, 0.7167, 1.05],
            "transform": [
                [0.905445, 0.005607, 0.102314, -0.003204, 0.102312, 0.000634, -0.905462, 0.033612, -0.005642, 0.911207, -0.0, 1.153388, 0.0, 0.0, 0.0, 1.0],
                [0.905445, 0.005607, 0.102314, -0.003204, 0.102312, 0.000634, -0.905462, 0.033612, -0.005642, 0.911207, -0.0, 1.153388, 0.0, 0.0, 0.0, 1.0],
                [0.905445, 0.005607, 0.102314, -0.003204, 0.102312, 0.000634, -0.905462, 0.033612, -0.005642, 0.911207, -0.0, 1.153388, 0.0, 0.0, 0.0, 1.0],
                [0.905445, 0.005607, 0.102314, -0.003204, 0.102312, 0.000634, -0.905462, 0.033612, -0.005642, 0.911207, -0.0, 1.153388, 0.0, 0.0, 0.0, 1.0]
            ]
        },
        {
            "name": "Lower_Torso",
            "time": [0.0, 0.2833, 0.7167, 1.05],
            "transform": [
                [0.949095, -0.002743, -0.314979, -0.0, 0.002604, 0.999996, -0.000864, 0.182359, 0.31498, -0.0, 0.949098, -0.0, 0.0, 0.0, 0.0, 1.0],
                [0.992789, 0.02367, -0.117514, -0.0, 0.00344, 0.974281, 0.225309, 0.182359, 0.119825, -0.224088, 0.967175, -0.0, 0.0, 0.0, 0.0, 1.0],
                [0.992789, 0.02367, -0.117514, -0.0, 0.00344, 0.974281, 0.225309, 0.182359, 0.119825, -0.224088, 0.967175, -0.0, 0.0, 0.0, 0.0, 1.0],
                [0.992789, 0.02367, -0.117514, -0.0, 0.00344, 0.974281, 0.225309, 0.182359, 0.119825, -0.224088, 0.967175, -0.0, 0.0, 0.0, 0.0, 1.0]
            ]
        },
        {
            "name": "Upper_Torso",
            "time": [0.0, 0.2833, 0.4, 0.7167, 1.05],
            "transform": [
                [-0.971873, 0.165498, 0.16755, -0.0, 0.092699, 0.922849, -0.373841, 0.666804, -0.216493, -0.347794, -0.912233, 0.0, 0.0, 0.0, 0.0, 1.0],
                [-0.971873, 0.165498, 0.16755, -0.0, 0.092699, 0.922848, -0.373841, 0.666804, -0.216493, -0.347795, -0.912233, 0.0, 0.0, 0.0, 0.0, 1.0],
                [-0.904716, 0.091089, 0.416163, -0.0, 0.001694, 0.977635, -0.2103, 0.666804, -0.426012, -0.189557, -0.884637, 0.0, 0.0, 0.0, 0.0, 1.0],
                [-0.983629, 0.165498, -0.07131, -0.0, 0.179959, 0.922848, -0.340537, 0.666804, 0.00945, -0.347795, -0.937523, 0.0, 0.0, 0.0, 0.0, 1.0],
                [-0.983629, 0.173991, -0.046922, -0.0, 0.179959, 0.962047, -0.205134, 0.666804, 0.00945, -0.21022, -0.977608, 0.0, 0.0, 0.0, 0.0, 1.0]
            ]
        },
        {
            "name": "Head",
            "time": [0.0, 0.2833, 0.7167, 1.05],
            "transform": [
                [-0.99111, 0.074467, 0.110249, 0.0, 0.090747, 0.984375, 0.150903, 0.637051, -0.097289, 0.159566, -0.982382, -0.0, 0.0, 0.0, 0.0, 1.0],
                [-0.95274, 0.098763, -0.287284, -0.0, 0.078865, 0.993666, 0.080059, 0.637051, 0.293371, 0.053619, -0.954494, -0.0, 0.0, 0.0, 0.0, 1.0],
                [-0.98412, 0.098763, 0.147493, -0.0, 0.105516, 0.993666, 0.03867, 0.637051, -0.142739, 0.053619, -0.988307, -0.0, 0.0, 0.0, 0.0, 1.0],
                [-0.98412, 0.098763, 0.147493, 0.0, 0.105516, 0.993666, 0.03867, 0.637051, -0.142739, 0.053619, -0.988307, -0.0, 0.0, 0.0, 0.0, 1.0]
            ]
        },
        {
            "name": "Left_Arm",
            "time": [0.0, 0.2833, 0.4, 0.7167, 1.05],
            "transform": [
                [-0.960517, 0.112361, 0.254523, 0.649832, 0.217578, -0.266795, 0.938872, 0.377517, 0.173398, 0.957181, 0.231814, 0.187315, 0.0, 0.0, 0.0, 1.0],
                [-0.960517, 0.177305, 0.214406, 0.649832, 0.217578, -0.00159, 0.976042, 0.377517, 0.173398, 0.984155, -0.03705, 0.187315, 0.0, 0.0, 0.0, 1.0],
                [-0.999228, 0.036666, -0.014096, 0.663395, -0.019895, -0.162956, 0.986433, 0.437091, 0.033871, 0.985952, 0.163559, 0.182116, 0.0, 0.0, 0.0, 1.0],
                [-0.995873, 0.090753, 0.001021, 0.715276, -0.078849, -0.859558, -0.504918, 0.664965, -0.044946, -0.502915, 0.863167, 0.162228, 0.0, 0.0, 0.0, 1.0],
                [-0.995873, 0.090399, 0.008074, 0.715276, -0.078849, -0.817701, -0.570218, 0.664965, -0.044946, -0.568501, 0.821454, 0.162228, 0.0, 0.0, 0.0, 1.0]
            ]
        },
        {
            "name": "Left_Forearm",
            "time": [0.0, 0.2833, 0.7167, 1.05],
            "transform": [
                [0.991756, -0.127525, 0.012544, 0.0, 0.12814, 0.987162, -0.095351, 0.922078, -0.000224, 0.096172, 0.995365, 0.0, 0.0, 0.0, 0.0, 1.0],
                [0.991756, -0.123922, 0.032607, 0.0, 0.12814, 0.959552, -0.250679, 0.922078, -0.000224, 0.25279, 0.967521, 0.0, 0.0, 0.0, 0.0, 1.0],
                [0.991756, -0.125953, 0.023577, 0.0, 0.12814, 0.975145, -0.180758, 0.922077, -0.000224, 0.182289, 0.983245, -0.0, 0.0, 0.0, 0.0, 1.0],
                [0.991756, -0.123004, 0.035916, 0.0, 0.12814, 0.952491, -0.276298, 0.922077, -0.000224, 0.278622, 0.960401, 0.0, 0.0, 0.0, 0.0, 1.0]
            ]
        },
        {
            "name": "Left_Claw",
            "time": [0.0, 0.2833, 0.7167, 1.05],
            "transform": [
                [0.988132, 0.152954, 0.014145, 0.0, -0.150512, 0.945712, 0.288055, 0.818741, 0.030682, -0.286765, 0.957509, 0.0, 0.0, 0.0, 0.0, 1.0],
                [0.988132, 0.152954, 0.014145, 0.0, -0.150512, 0.945711, 0.288055, 0.818741, 0.030682, -0.286765, 0.957509, -0.0, 0.0, 0.0, 0.0, 1.0],
                [0.988132, 0.152954, 0.014145, 0.0, -0.150512, 0.945712, 0.288055, 0.818741, 0.030682, -0.286765, 0.957509, -0.0, 0.0, 0.0, 0.0, 1.0],
                [0.988132, 0.152954, 0.014145, 0.0, -0.150512, 0.945712, 0.288055, 0.818741, 0.030682, -0.286765, 0.957509, -0.0, 0.0, 0.0, 0.0, 1.0]
            ]
        },
        {
            "name": "Right_Arm",
            "time": [0.0, 0.45, 0.7167, 1.05],
            "transform": [
                [0.052905, -0.286726, -0.956551, -0.673575, 0.468195, -0.838962, 0.277373, 0.700797, -0.88204, -0.462527, 0.089859, -0.092819, 0.0, 0.0, 0.0, 1.0],
                [-0.284729, -0.198977, -0.93773, -0.673575, -0.53516, -0.778597, 0.327705, 0.700798, -0.79532, 0.595143, 0.115204, -0.092819, 0.0, 0.0, 0.0, 1.0],
                [-0.284729, -0.198977, -0.93773, -0.673575, -0.53516, -0.778597, 0.327705, 0.700798, -0.79532, 0.595143, 0.115204, -0.092819, 0.0, 0.0, 0.0, 1.0],
                [-0.284729, -0.198977, -0.93773, -0.673575, -0.53516, -0.778597, 0.327705, 0.700798, -0.79532, 0.595143, 0.115204, -0.092819, 0.0, 0.0, 0.0, 1.0]
            ]
        },
        {
            "name": "Right_Forearm",
            "time": [0.0, 0.2833, 0.45, 0.7167, 1.05],
            "transform": [
                [0.994052, 0.108901, -0.000886, -0.0, -0.108904, 0.99404, -0.005038, 0.880013, 0.000332, 0.005105, 0.999987, -0.0, 0.0, 0.0, 0.0, 1.0],
                [0.994052, 0.108901, -0.000886, 0.0, -0.108904, 0.99404, -0.005038, 0.880013, 0.000332, 0.005105, 0.999987, -0.0, 0.0, 0.0, 0.0, 1.0],
                [0.999356, -0.034816, -0.008662, 0.0, 0.035862, 0.976542, 0.21232, 0.880013, 0.001066, -0.212494, 0.977162, -0.0, 0.0, 0.0, 0.0, 1.0],
                [0.939004, -0.343904, -0.000886, 0.0, 0.343895, 0.938994, -0.005038, 0.880013, 0.002565, 0.004426, 0.999987, 0.0, 0.0, 0.0, 0.0, 1.0],
                [0.939004, -0.343904, -0.000886, 0.0, 0.343895, 0.938995, -0.005038, 0.880013, 0.002565, 0.004426, 0.999987, 0.0, 0.0, 0.0, 0.0, 1.0]
            ]
        },
        {
            "name": "Right_Bulb",
            "time": [0.0, 0.2833, 0.7167, 1.05],
            "transform": [
                [0.998341, -0.056574, 0.010741, -0.0, 0.057583, 0.98225, -0.178518, 0.826636, -0.000451, 0.178841, 0.983878, -0.0, 0.0, 0.0, 0.0, 1.0],
                [0.998341, -0.057324, 0.00547, 0.0, 0.057583, 0.99454, -0.087031, 0.826636, -0.000451, 0.087202, 0.996191, 0.0, 0.0, 0.0, 0.0, 1.0],
                [0.998341, -0.056574, 0.010741, -0.0, 0.057583, 0.98225, -0.178518, 0.826636, -0.000451, 0.178841, 0.983878, 0.0, 0.0, 0.0, 0.0, 1.0],
                [0.998341, -0.056574, 0.010741, 0.0, 0.057583, 0.98225, -0.178518, 0.826636, -0.000451, 0.178841, 0.983878, -0.0, 0.0, 0.0, 0.0, 1.0]
            ]
        },
        {
            "name": "Right_Blade",
            "time": [0.0, 0.2833, 0.7167, 1.05],
            "transform": [
                [0.126538, 0.001517, -0.007658, 0.060833, 0.007658, 2.7e-05, 0.126547, 1.36866, 0.001516, -0.126769, -6.4e-05, 0.205588, 0.0, 0.0, 0.0, 1.0],
                [0.126538, 0.001517, -0.007658, 0.060833, 0.007658, 2.7e-05, 0.126547, 1.368661, 0.001516, -0.126769, -6.4e-05, 0.205588, 0.0, 0.0, 0.0, 1.0],
                [0.126538, 0.001517, -0.007658, 0.060833, 0.007658, 2.7e-05, 0.126547, 1.36866, 0.001516, -0.126769, -6.4e-05, 0.205588, 0.0, 0.0, 0.0, 1.0],
                [0.126538, 0.001517, -0.007658, 0.060833, 0.007658, 2.7e-05, 0.126547, 1.36866, 0.001516, -0.126769, -6.4e-05, 0.205588, 0.0, 0.0, 0.0, 1.0]
            ]
        },
        {
            "name": "Left_Leg",
            "time": [0.0, 0.2833, 0.7167, 1.05],
            "transform": [
                [0.136611, -0.1028, -0.985282, -0.333594, -0.68531, -0.728002, -0.019063, 0.088622, -0.715416, 0.677913, -0.169979, -0.0, 0.0, 0.0, 0.0, 1.0],
                [0.136611, -0.1028, -0.985282, -0.333594, -0.68531, -0.728002, -0.019063, 0.088622, -0.715416, 0.677913, -0.169979, -0.0, 0.0, 0.0, 0.0, 1.0],
                [0.136611, -0.1028, -0.985282, -0.333594, -0.68531, -0.728002, -0.019063, 0.088622, -0.715416, 0.677913, -0.169979, -0.0, 0.0, 0.0, 0.0, 1.0],
                [0.136611, -0.1028, -0.985282, -0.333594, -0.68531, -0.728002, -0.019063, 0.088622, -0.715416, 0.677913, -0.169979, -0.0, 0.0, 0.0, 0.0, 1.0]
            ]
        },
        {
            "name": "Left_Lower_Leg",
            "time": [0.0, 0.2833, 0.7167, 1.05],
            "transform": [
                [-0.006476, 0.034491, -0.999384, 0.0, 0.060752, 0.997572, 0.034035, 0.930059, 0.998132, -0.060495, -0.008555, -0.0, 0.0, 0.0, 0.0, 1.0],
                [-0.006476, 0.034491, -0.999384, 0.0, 0.060752, 0.997572, 0.034035, 0.930059, 0.998132, -0.060495, -0.008555, -0.0, 0.0, 0.0, 0.0, 1.0],
                [-0.006476, 0.034491, -0.999384, 0.0, 0.060752, 0.997572, 0.034035, 0.930059, 0.998132, -0.060495, -0.008555, -0.0, 0.0, 0.0, 0.0, 1.0],
                [-0.006476, 0.034491, -0.999384, 0.0, 0.060752, 0.997572, 0.034035, 0.930059, 0.998132, -0.060495, -0.008555, -0.0, 0.0, 0.0, 0.0, 1.0]
            ]
        },
        {
            "name": "Left_Foot",
            "time": [0.0, 0.2833, 0.7167, 1.05],
            "transform": [
                [0.992271, 0.025516, 0.121435, 0.0, -0.091721, -0.508307, 0.856277, 0.730506, 0.083575, -0.860798, -0.502039, 0.0, 0.0, 0.0, 0.0, 1.0],
                [0.992271, 0.025516, 0.121435, 0.0, -0.091721, -0.508307, 0.856277, 0.730506, 0.083575, -0.860798, -0.502039, 0.0, 0.0, 0.0, 0.0, 1.0],
                [0.992271, 0.025516, 0.121435, 0.0, -0.091721, -0.508307, 0.856277, 0.730506, 0.083575, -0.860798, -0.502039, 0.0, 0.0, 0.0, 0.0, 1.0],
                [0.992271, 0.025516, 0.121435, 0.0, -0.091721, -0.508307, 0.856277, 0.730506, 0.083575, -0.860798, -0.502039, 0.0, 0.0, 0.0, 0.0, 1.0]
            ]
        },
        {
            "name": "Right_Leg",
            "time": [0.0, 0.2833, 0.7167, 1.05],
            "transform": [
                [0.177627, 0.182344, -0.967059, 0.281256, 0.747443, -0.664217, 0.012046, 0.050016, -0.640185, -0.725003, -0.254267, -0.018009, 0.0, 0.0, 0.0, 1.0],
                [0.177627, 0.182344, -0.967059, 0.281256, 0.747443, -0.664217, 0.012046, 0.050016, -0.640185, -0.725003, -0.254267, -0.018009, 0.0, 0.0, 0.0, 1.0],
                [0.177627, 0.182344, -0.967059, 0.281256, 0.747443, -0.664217, 0.012046, 0.050016, -0.640185, -0.725003, -0.254267, -0.018009, 0.0, 0.0, 0.0, 1.0],
                [0.177627, 0.182344, -0.967059, 0.281256, 0.747443, -0.664217, 0.012046, 0.050016, -0.640185, -0.725003, -0.254267, -0.018009, 0.0, 0.0, 0.0, 1.0]
            ]
        },
        {
            "name": "Right_lower_leg",
            "time": [0.0, 0.2833, 0.7167, 1.05],
            "transform": [
                [-0.006005, -0.655615, -0.755071, 0.0, -0.038198, 0.754684, -0.654975, 0.930927, 0.999252, 0.024909, -0.029575, -0.0, 0.0, 0.0, 0.0, 1.0],
                [-0.006005, -0.655615, -0.755071, 0.0, -0.038198, 0.754684, -0.654975, 0.930927, 0.999252, 0.024909, -0.029575, -0.0, 0.0, 0.0, 0.0, 1.0],
                [-0.006005, -0.655615, -0.755071, 0.0, -0.038198, 0.754684, -0.654975, 0.930927, 0.999252, 0.024909, -0.029575, -0.0, 0.0, 0.0, 0.0, 1.0],
                [-0.006005, -0.655615, -0.755071, 0.0, -0.038198, 0.754684, -0.654975, 0.930927, 0.999252, 0.024909, -0.029575, -0.0, 0.0, 0.0, 0.0, 1.0]
            ]
        },
        {
            "name": "Right_Foot",
            "time": [0.0, 0.2833, 0.7167, 1.05],
            "transform": [
                [0.990722, 0.122716, 0.058408, -0.0, -0.08588, 0.232185, 0.968873, 0.730506, 0.105335, -0.9649, 0.240569, 0.0, 0.0, 0.0, 0.0, 1.0],
                [0.990722, 0.122716, 0.058408, -0.0, -0.08588, 0.232185, 0.968873, 0.730506, 0.105335, -0.9649, 0.240569, 0.0, 0.0, 0.0, 0.0, 1.0],
                [0.990722, 0.122716, 0.058408, -0.0, -0.08588, 0.232185, 0.968873, 0.730506, 0.105335, -0.9649, 0.240569, 0.0, 0.0, 0.0, 0.0, 1.0],
                [0.990722, 0.122716, 0.058408, -0.0, -0.08588, 0.232185, 0.968873, 0.730506, 0.105335, -0.9649, 0.240569, 0.0, 0.0, 0.0, 0.0, 1.0]
            ]
        }
    ]
}