{
    "animation": [
        {
            "name": "Root",
            "time": [0.0, 0.35, 0.55, 0.6667, 0.8833, 1.0, 1.15, 1.6167],
            "transform": [
                [0.911207, 0.005642, 0.0, 0.038433, 0.0, 0.0, -0.911224, 0.034204, -0.005642, 0.911207, -0.0, 1.45693, 0.0, 0.0, 0.0, 1.0],
                [0.829372, 0.005135, -0.377419, 0.038433, -0.363372, -0.235689, -0.801711, 0.034204, -0.102138, 0.880201, -0.21247, 1.45693, 0.0, 0.0, 0.0, 1.0],
                [0.829372, 0.005135, -0.377419, 0.038433, -0.363372, -0.235689, -0.801711, 0.034204, -0.102138, 0.880201, -0.21247, 1.45693, 0.0, 0.0, 0.0, 1.0],
                [0.892978, 0.001919, -0.181429, 0.038433, -0.178367, -0.157688, -0.879573, 3.317758, -0.033249, 0.897474, -0.154155, 1.378868, 0.0, 0.0, 0.0, 1.0],
                [0.820203, -0.119813, 0.378473, 0.038433, 0.393663, 0.133315, -0.810917, 4.099152, 0.051252, 0.893421, 0.171759, 1.16226, 0.0, 0.0, 0.0, 1.0],
                [0.820203, -0.119813, 0.378473, 0.038433, 0.396368, 0.198748, -0.796066, 4.099152, 0.022122, 0.881178, 0.231011, 1.16226, 0.0, 0.0, 0.0, 1.0],
                [0.820203, -0.119813, 0.378473, 0.038433, 0.396368, 0.198748, -0.796066, 4.099152, 0.022122, 0.881178, 0.231011, 1.16226, 0.0, 0.0, 0.0, 1.0],
                [0.911207, 0.005642, 0.0, 0.038433, 0.0, 0.0, -0.911224, 5.050151, -0.005642, 0.911207, -0.0, 1.45693, 0.0, 0.0, 0.0, 1.0]
            ]
        },
        {
            "name": "Lower_Torso",
            "time": [0.0, 0.55, 0.6833, 0.8833, 1.0, 1.15, 1.6167],
            "transform": [
                [0.999996, -0.002743, 0.0, -0.0, 0.002743, 0.999996, 0.0, 0.182359, -0.0, 0.0, 1.0, 0.0, 0.0, 0.0, 0.0, 1.0],
                [0.999996, -0.002743, 0.0, 0.0, 0.002743, 0.999996, 0.0, 0.182359, -0.0, -0.0, 1.0, 0.0, 0.0, 0.0, 0.0, 1.0],
                [0.990852, 0.00212, 0.134939, 0.0, -0.060333, 0.901352, 0.428865, 0.182359, -0.120718, -0.433083, 0.893234, -0.0, 0.0, 0.0, 0.0, 1.0],
                [0.920441, 0.140613, 0.364714, 0.0, -0.197358, 0.972571, 0.123112, 0.182359, -0.337399, -0.185296, 0.922945, -0.0, 0.0, 0.0, 0.0, 1.0],
                [0.920441, 0.140613, 0.364714, 0.0, -0.197358, 0.97257, 0.123112, 0.182358, -0.337399, -0.185296, 0.922945, 0.0, 0.0, 0.0, 0.0, 1.0],
                [0.920441, 0.140613, 0.364714, 0.0, -0.197358, 0.97257, 0.123112, 0.182358, -0.337399, -0.185296, 0.922945, 0.0, 0.0, 0.0, 0.0, 1.0],
                [0.999996, -0.002743, 0.0, -0.0, 0.002743, 0.999996, 0.0, 0.182359, -0.0, 0.0, 1.0, 0.0, 0.0, 0.0, 0.0, 1.0]
            ]
        },
        {
            "name": "Upper_Torso",
            "time": [0.0, 0.35, 0.55, 0.7333, 0.8833, 1.0, 1.15, 1.6167],
            "transform": [
                [-0.998066, -0.005417, -0.061928, -0.0, 0.008801, 0.973851, -0.227017, 0.666804, 0.061538, -0.227123, -0.97192, -0.0, 0.0, 0.0, 0.0, 1.0],
                [-0.977166, 0.02461, 0.211045, 0.0, 0.041664, 0.99618, 0.076743, 0.666804, -0.20835, 0.083783, -0.974459, -0.0, 0.0, 0.0, 0.0, 1.0],
                [-0.977166, 0.008939, 0.212287, 0.0, 0.041664, 0.987779, 0.150187, 0.666804, -0.20835, 0.155602, -0.965597, -0.0, 0.0, 0.0, 0.0, 1.0],
                [-0.887782, -0.030502, -0.459252, 0.0, 0.087408, 0.96847, -0.233292, 0.666804, 0.451888, -0.247255, -0.857125, -1e-06, 0.0, 0.0, 0.0, 1.0],
                [-0.976341, -0.127041, -0.174985, -0.0, -0.025, 0.87011, -0.492224, 0.666804, 0.214789, -0.476204, -0.852699, -0.0, 0.0, 0.0, 0.0, 1.0],
                [-0.97862, -0.157848, -0.13186, 0.0, -0.078768, 0.879853, -0.468673, 0.666804, 0.189997, -0.448267, -0.873475, 0.0, 0.0, 0.0, 0.0, 1.0],
                [-0.97862, -0.157848, -0.13186, 0.0, -0.078768, 0.879853, -0.468673, 0.666804, 0.189997, -0.448267, -0.873475, 0.0, 0.0, 0.0, 0.0, 1.0],
                [-0.998066, -0.005417, -0.061928, -0.0, 0.008801, 0.973851, -0.227017, 0.666804, 0.061538, -0.227123, -0.97192, 0.0, 0.0, 0.0, 0.0, 1.0]
            ]
        },
        {
            "name": "Head",
            "time": [0.0, 0.35, 0.55, 0.8833, 1.0, 1.15, 1.6167],
            "transform": [
                [-0.99111, 0.074467, 0.110249, -0.0, 0.090747, 0.984375, 0.150903, 0.637051, -0.097289, 0.159566, -0.982381, -0.0, 0.0, 0.0, 0.0, 1.0],
                [-0.989808, -0.096163, 0.105034, 0.0, -0.102832, 0.992887, -0.060022, 0.637051, -0.098515, -0.070211, -0.992656, -0.0, 0.0, 0.0, 0.0, 1.0],
                [-0.989808, -0.087168, 0.112611, 0.0, -0.102831, 0.984547, -0.141749, 0.637051, -0.098515, -0.151884, -0.983476, 0.0, 0.0, 0.0, 0.0, 1.0],
                [-0.786357, -0.087168, 0.611592, 0.0, -0.161605, 0.984547, -0.067461, 0.637051, -0.596261, -0.151884, -0.788292, 0.0, 0.0, 0.0, 0.0, 1.0],
                [-0.786357, -0.087168, 0.611592, 0.0, -0.161605, 0.984547, -0.067461, 0.637051, -0.596261, -0.151884, -0.788292, 0.0, 0.0, 0.0, 0.0, 1.0],
                [-0.786357, -0.087168, 0.611592, 0.0, -0.161605, 0.984547, -0.067461, 0.637051, -0.596261, -0.151884, -0.788292, 0.0, 0.0, 0.0, 0.0, 1.0],
                [-0.99111, 0.074467, 0.110249, 0.0, 0.090747, 0.984375, 0.150903, 0.637051, -0.097289, 0.159566, -0.982381, -0.0, 0.0, 0.0, 0.0, 1.0]
            ]
        },
        {
            "name": "Left_Arm",
            "time": [0.0, 0.35, 0.55, 0.8833, 1.0, 1.15, 1.6167],
            "transform": [
                [-0.099777, 0.114297, 0.988424, 0.699152, 0.195411, -0.971784, 0.132098, 0.78895, 0.975632, 0.206329, 0.074627, -0.021019, 0.0, 0.0, 0.0, 1.0],
                [-0.099777, 0.394021, 0.91367, 0.699152, 0.195411, -0.89261, 0.406278, 0.78895, 0.975633, 0.219078, 0.012066, -0.021019, 0.0, 0.0, 0.0, 1.0],
                [-0.099777, 0.394021, 0.91367, 0.699152, 0.195411, -0.89261, 0.406278, 0.788949, 0.975632, 0.219078, 0.012066, -0.021019, 0.0, 0.0, 0.0, 1.0],
                [0.031624, 0.542007, 0.839779, 0.699152, 0.153226, -0.832896, 0.531795, 0.788949, 0.987685, 0.111859, -0.109389, -0.021019, 0.0, 0.0, 0.0, 1.0],
                [-0.05383, 0.462927, 0.88476, 0.699152, 0.204006, -0.862258, 0.463565, 0.788949, 0.977488, 0.205451, -0.048024, -0.021019, 0.0, 0.0, 0.0, 1.0],
                [-0.05383, 0.462927, 0.88476, 0.699152, 0.204006, -0.862258, 0.463565, 0.788949, 0.977488, 0.205451, -0.048024, -0.021019, 0.0, 0.0, 0.0, 1.0],
                [-0.099777, 0.114297, 0.988424, 0.699152, 0.195411, -0.971784, 0.132098, 0.78895, 0.975632, 0.206329, 0.074627, -0.021019, 0.0, 0.0, 0.0, 1.0]
            ]
        },
        {
            "name": "Left_Forearm",
            "time": [0.0, 0.55, 1.0, 1.15, 1.6167],
            "transform": [
                [0.991756, -0.128127, -0.001812, -0.0, 0.12814, 0.991631, 0.015768, 0.922077, -0.000224, -0.01587, 0.999874, 0.0, 0.0, 0.0, 0.0, 1.0],
                [0.999837, -0.017979, -0.001812, 0.0, 0.018006, 0.999714, 0.015768, 0.922077, 0.001528, -0.015798, 0.999874, 0.0, 0.0, 0.0, 0.0, 1.0],
                [0.999837, -0.017979, -0.001812, 0.0, 0.018006, 0.999714, 0.015768, 0.922078, 0.001528, -0.015798, 0.999874, -0.0, 0.0, 0.0, 0.0, 1.0],
                [0.999837, -0.017979, -0.001812, 0.0, 0.018006, 0.999714, 0.015768, 0.922078, 0.001528, -0.015798, 0.999874, -0.0, 0.0, 0.0, 0.0, 1.0],
                [0.991756, -0.128127, -0.001812, -0.0, 0.12814, 0.991631, 0.015768, 0.922077, -0.000224, -0.01587, 0.999874, 0.0, 0.0, 0.0, 0.0, 1.0]
            ]
        },
        {
            "name": "Left_Claw",
            "time": [0.0, 0.55, 1.0, 1.15, 1.6167],
            "transform": [
                [0.988132, 0.152954, 0.014145, 0.0, -0.150512, 0.945712, 0.288055, 0.818741, 0.030682, -0.286765, 0.957509, -0.0, 0.0, 0.0, 0.0, 1.0],
                [0.988132, 0.152954, 0.014145, 0.0, -0.150512, 0.945712, 0.288055, 0.818741, 0.030682, -0.286765, 0.957509, 0.0, 0.0, 0.0, 0.0, 1.0],
                [0.988132, 0.152954, 0.014145, -0.0, -0.150512, 0.945712, 0.288055, 0.81874, 0.030682, -0.286765, 0.957509, -0.0, 0.0, 0.0, 0.0, 1.0],
                [0.988132, 0.152954, 0.014145, -0.0, -0.150512, 0.945712, 0.288055, 0.81874, 0.030682, -0.286765, 0.957509, -0.0, 0.0, 0.0, 0.0, 1.0],
                [0.988132, 0.152954, 0.014145, -0.0, -0.150512, 0.945712, 0.288055, 0.818741, 0.030682, -0.286765, 0.957509, 0.0, 0.0, 0.0, 0.0, 1.0]
            ]
        },
        {
            "name": "Right_Arm",
            "time": [0.0, 0.35, 0.55, 0.6333, 0.7333, 0.8833, 1.0, 1.15, 1.6167],
            "transform": [
                [-0.056309, -0.141849, -0.988286, -0.673575, -0.233499, -0.960534, 0.15117, 0.700798, -0.970725, 0.239276, 0.020965, -0.092819, 0.0, 0.0, 0.0, 1.0],
                [0.303282, -0.633851, -0.711514, -0.573305, -0.553738, 0.490439, -0.672937, 0.595431, 0.775496, 0.598083, -0.202246, -0.094986, 0.0, 0.0, 0.0, 1.0],
                [0.200653, -0.673413, -0.711514, -0.573305, -0.47042, 0.570842, -0.672937, 0.595431, 0.859327, 0.469738, -0.202246, -0.094985, 0.0, 0.0, 0.0, 1.0],
                [0.410982, -0.088074, -0.907379, -0.573305, -0.661994, 0.655484, -0.363462, 0.595431, 0.626784, 0.750056, 0.211087, -0.094986, 0.0, 0.0, 0.0, 1.0],
                [0.280922, -0.517406, -0.808316, -0.573305, -0.943299, -0.304042, -0.133216, 0.595431, -0.176835, 0.799906, -0.573481, -0.094986, 0.0, 0.0, 0.0, 1.0],
                [0.348819, -0.615345, -0.706878, -0.573305, -0.93601, -0.1909, -0.295707, 0.59543, 0.047019, 0.764793, -0.642559, -0.094985, 0.0, 0.0, 0.0, 1.0],
                [0.386434, -0.568497, -0.726279, -0.573304, -0.922138, -0.253668, -0.292086, 0.59543, -0.018184, 0.782601, -0.622259, -0.094985, 0.0, 0.0, 0.0, 1.0],
                [0.386434, -0.568497, -0.726279, -0.573304, -0.922138, -0.253668, -0.292086, 0.59543, -0.018184, 0.782601, -0.622259, -0.094985, 0.0, 0.0, 0.0, 1.0],
                [-0.056309, -0.141849, -0.988286, -0.673575, -0.233499, -0.960534, 0.15117, 0.700798, -0.970725, 0.239276, 0.020965, -0.092819, 0.0, 0.0, 0.0, 1.0]
            ]
        },
        {
            "name": "Right_Forearm",
            "time": [0.0, 0.35, 0.55, 0.8833, 1.0, 1.15, 1.6167],
            "transform": [
                [0.994052, 0.108901, -0.000886, -0.0, -0.108904, 0.99404, -0.005038, 0.880013, 0.000332, 0.005105, 0.999987, 0.0, 0.0, 0.0, 0.0, 1.0],
                [0.905707, -0.423903, -0.000886, 0.0, 0.423894, 0.905698, -0.005038, 0.880013, 0.002938, 0.004188, 0.999987, 0.0, 0.0, 0.0, 0.0, 1.0],
                [0.905707, -0.423903, -0.000886, -0.0, 0.423894, 0.905698, -0.005038, 0.880014, 0.002938, 0.004188, 0.999987, -0.0, 0.0, 0.0, 0.0, 1.0],
                [0.999415, -0.034175, -0.000886, 0.0, 0.03417, 0.999403, -0.005038, 0.880013, 0.001058, 0.005005, 0.999987, -0.0, 0.0, 0.0, 0.0, 1.0],
                [0.985051, -0.172155, -0.006199, -0.0, 0.171759, 0.984274, -0.041273, 0.880013, 0.013207, 0.039591, 0.999129, -0.0, 0.0, 0.0, 0.0, 1.0],
                [0.985051, -0.172155, -0.006199, -0.0, 0.171759, 0.984274, -0.041273, 0.880013, 0.013207, 0.039591, 0.999129, -0.0, 0.0, 0.0, 0.0, 1.0],
                [0.994052, 0.108901, -0.000886, 0.0, -0.108904, 0.99404, -0.005038, 0.880014, 0.000332, 0.005105, 0.999987, 0.0, 0.0, 0.0, 0.0, 1.0]
            ]
        },
        {
            "name": "Right_Bulb",
            "time": [0.0, 0.55, 1.0, 1.15, 1.6167],
            "transform": [
                [0.998341, -0.056574, 0.010741, -0.0, 0.057583, 0.98225, -0.178518, 0.826635, -0.000451, 0.178841, 0.983878, -0.0, 0.0, 0.0, 0.0, 1.0],
                [0.998341, -0.056574, 0.010741, -0.0, 0.057583, 0.98225, -0.178518, 0.826636, -0.000451, 0.178841, 0.983878, 0.0, 0.0, 0.0, 0.0, 1.0],
                [0.998341, -0.057131, -0.007212, -1e-06, 0.057583, 0.989467, 0.132809, 0.826636, -0.000451, -0.133004, 0.991115, 0.0, 0.0, 0.0, 0.0, 1.0],
                [0.998341, -0.057131, -0.007212, -1e-06, 0.057583, 0.989467, 0.132809, 0.826636, -0.000451, -0.133004, 0.991115, 0.0, 0.0, 0.0, 0.0, 1.0],
                [0.998341, -0.056574, 0.010741, -2e-06, 0.057583, 0.98225, -0.178518, 0.826635, -0.000451, 0.178841, 0.983878, -0.0, 0.0, 0.0, 0.0, 1.0]
            ]
        },
        {
            "name": "Right_Blade",
            "time": [0.0, 0.55, 1.0, 1.15, 1.6167],
            "transform": [
                [0.126538, 0.001517, -0.007658, 0.060833, 0.007658, 2.7e-05, 0.126547, 1.36866, 0.001516, -0.126769, -6.4e-05, 0.205588, 0.0, 0.0, 0.0, 1.0],
                [0.126538, 0.001517, -0.007658, 0.060833, 0.007658, 2.7e-05, 0.126547, 1.36866, 0.001516, -0.126769, -6.4e-05, 0.205588, 0.0, 0.0, 0.0, 1.0],
                [0.126538, 0.001517, -0.007658, 0.060833, 0.007658, 2.7e-05, 0.126547, 1.368661, 0.001516, -0.126769, -6.4e-05, 0.205588, 0.0, 0.0, 0.0, 1.0],
                [0.126538, 0.001517, -0.007658, 0.060833, 0.007658, 2.7e-05, 0.126547, 1.368661, 0.001516, -0.126769, -6.4e-05, 0.205588, 0.0, 0.0, 0.0, 1.0],
                [0.126538, 0.001517, -0.007658, 0.060832, 0.007658, 2.7e-05, 0.126547, 1.36866, 0.001516, -0.126769, -6.4e-05, 0.205588, 0.0, 0.0, 0.0, 1.0]
            ]
        },
        {
            "name": "Left_Leg",
            "time": [0.0, 0.35, 0.55, 0.7, 0.8833, 1.0, 1.15, 1.6167],
            "transform": [
                [0.071725, -0.028971, -0.997009, -0.333594, 0.273065, -0.960819, 0.047564, 0.088622, -0.959448, -0.275699, -0.061066, 0.0, 0.0, 0.0, 0.0, 1.0],
                [-0.319149, -0.231152, -0.919088, -0.333594, 0.237833, -0.958299, 0.158426, 0.088622, -0.917523, -0.168064, 0.360815, 0.0, 0.0, 0.0, 0.0, 1.0],
                [-0.319149, -0.231152, -0.919088, -0.333594, 0.237833, -0.958299, 0.158426, 0.088622, -0.917523, -0.168064, 0.360815, 0.0, 0.0, 0.0, 0.0, 1.0],
                [-0.113962, -0.10884, -0.987511, -0.333594, -0.265847, -0.954392, 0.13587, 0.088622, -0.957396, 0.278042, 0.079787, -0.0, 0.0, 0.0, 0.0, 1.0],
                [0.282932, -0.394785, -0.874131, -0.333593, -0.449704, -0.859583, 0.242657, 0.088623, -0.847285, 0.324467, -0.420844, -0.0, 0.0, 0.0, 0.0, 1.0],
                [0.282932, -0.394785, -0.874131, -0.333594, -0.449704, -0.859583, 0.242657, 0.088622, -0.847285, 0.324466, -0.420844, 0.0, 0.0, 0.0, 0.0, 1.0],
                [0.282932, -0.394785, -0.874131, -0.333594, -0.449704, -0.859583, 0.242657, 0.088622, -0.847285, 0.324466, -0.420844, 0.0, 0.0, 0.0, 0.0, 1.0],
                [0.071725, -0.028971, -0.997009, -0.333594, 0.273065, -0.960819, 0.047564, 0.088622, -0.959448, -0.275699, -0.061066, -0.0, 0.0, 0.0, 0.0, 1.0]
            ]
        },
        {
            "name": "Left_Lower_Leg",
            "time": [0.0, 0.55, 0.8833, 1.0, 1.15, 1.6167],
            "transform": [
                [-0.008431, -0.435878, -0.899966, -0.0, 0.059772, 0.898169, -0.435568, 0.930059, 0.998177, -0.057465, 0.018481, -0.0, 0.0, 0.0, 0.0, 1.0],
                [-0.008431, -0.435878, -0.899966, -0.0, 0.059772, 0.898169, -0.435568, 0.930059, 0.998176, -0.057465, 0.018481, -0.0, 0.0, 0.0, 0.0, 1.0],
                [-0.013733, -0.058587, -0.998188, 0.0, 0.149003, 0.987016, -0.059981, 0.930059, 0.988741, -0.149556, -0.004825, -0.0, 0.0, 0.0, 0.0, 1.0],
                [-0.013733, -0.058587, -0.998188, 0.0, 0.149003, 0.987016, -0.059981, 0.930059, 0.988741, -0.149556, -0.004825, -0.0, 0.0, 0.0, 0.0, 1.0],
                [-0.013733, -0.058587, -0.998188, 0.0, 0.149003, 0.987016, -0.059981, 0.930059, 0.988741, -0.149556, -0.004825, -0.0, 0.0, 0.0, 0.0, 1.0],
                [-0.008431, -0.435878, -0.899966, -1e-06, 0.059772, 0.898169, -0.435568, 0.930059, 0.998177, -0.057465, 0.018481, 0.0, 0.0, 0.0, 0.0, 1.0]
            ]
        },
        {
            "name": "Left_Foot",
            "time": [0.0, 0.55, 0.8833, 1.0, 1.15, 1.6167],
            "transform": [
                [0.992268, 0.074425, 0.099326, 0.0, -0.091715, -0.099517, 0.9908, 0.730506, 0.083625, -0.992248, -0.091922, 0.0, 0.0, 0.0, 0.0, 1.0],
                [0.992268, 0.074425, 0.099326, 0.0, -0.091715, -0.099517, 0.9908, 0.730506, 0.083625, -0.992249, -0.091922, -0.0, 0.0, 0.0, 0.0, 1.0],
                [0.992272, 0.012845, 0.123416, 0.0, -0.091681, -0.594332, 0.798977, 0.730506, 0.083613, -0.804118, -0.588561, 0.0, 0.0, 0.0, 0.0, 1.0],
                [0.992272, 0.012845, 0.123416, 0.0, -0.091681, -0.594332, 0.798977, 0.730506, 0.083613, -0.804117, -0.588561, -0.0, 0.0, 0.0, 0.0, 1.0],
                [0.992272, 0.012845, 0.123416, 0.0, -0.091681, -0.594332, 0.798977, 0.730506, 0.083613, -0.804117, -0.588561, -0.0, 0.0, 0.0, 0.0, 1.0],
                [0.992268, 0.074425, 0.099326, 0.0, -0.091715, -0.099517, 0.9908, 0.730506, 0.083625, -0.992248, -0.091922, 0.0, 0.0, 0.0, 0.0, 1.0]
            ]
        },
        {
            "name": "Right_Leg",
            "time": [0.0, 0.35, 0.55, 0.6833, 0.8833, 1.0, 1.15, 1.6167],
            "transform": [
                [0.073972, 0.061662, -0.995355, 0.281256, -0.087162, -0.993868, -0.068048, 0.050016, -0.993503, 0.091801, -0.068124, -0.018009, 0.0, 0.0, 0.0, 1.0],
                [-0.280649, 0.120277, -0.952247, 0.281256, -0.384542, -0.923102, -0.003263, 0.050016, -0.879454, 0.365287, 0.305359, -0.018009, 0.0, 0.0, 0.0, 1.0],
                [-0.280649, 0.120277, -0.952247, 0.281256, -0.384542, -0.923102, -0.003263, 0.050016, -0.879454, 0.365287, 0.305359, -0.018009, 0.0, 0.0, 0.0, 1.0],
                [-0.119891, 0.089084, -0.988785, 0.281255, 0.463437, -0.875772, -0.135095, 0.050016, -0.878033, -0.47446, 0.06374, -0.01801, 0.0, 0.0, 0.0, 1.0],
                [0.19413, 0.400487, -0.895505, 0.281256, 0.920211, -0.390639, 0.024783, 0.050016, -0.339923, -0.828918, -0.444371, -0.01801, 0.0, 0.0, 0.0, 1.0],
                [0.19413, 0.400487, -0.895505, 0.281256, 0.920211, -0.390639, 0.024783, 0.050015, -0.339923, -0.828918, -0.444371, -0.018009, 0.0, 0.0, 0.0, 1.0],
                [0.19413, 0.400487, -0.895505, 0.281256, 0.920211, -0.390639, 0.024783, 0.050015, -0.339923, -0.828918, -0.444371, -0.018009, 0.0, 0.0, 0.0, 1.0],
                [0.073972, 0.061662, -0.995355, 0.281256, -0.087162, -0.993868, -0.068048, 0.050016, -0.993503, 0.091801, -0.068124, -0.018009, 0.0, 0.0, 0.0, 1.0]
            ]
        },
        {
            "name": "Right_lower_leg",
            "time": [0.0, 0.55, 0.6833, 0.8833, 1.0, 1.15, 1.6167],
            "transform": [
                [-0.006005, -0.33404, -0.94254, 0.0, -0.038195, 0.941945, -0.333586, 0.930928, 0.999252, 0.033997, -0.018415, 0.0, 0.0, 0.0, 0.0, 1.0],
                [-0.006005, -0.33404, -0.94254, 0.0, -0.038195, 0.941945, -0.333586, 0.930928, 0.999252, 0.033997, -0.018415, 0.0, 0.0, 0.0, 0.0, 1.0],
                [-0.006009, -0.978884, -0.204326, -0.0, -0.038184, 0.204406, -0.978141, 0.930928, 0.999253, 0.001924, -0.038606, -0.0, 0.0, 0.0, 0.0, 1.0],
                [-0.005998, -0.798226, -0.602328, -0.0, -0.0382, 0.602082, -0.79752, 0.930928, 0.999252, 0.018225, -0.034103, -0.0, 0.0, 0.0, 0.0, 1.0],
                [-0.005998, -0.798226, -0.602328, 0.0, -0.0382, 0.602082, -0.79752, 0.930928, 0.999252, 0.018225, -0.034103, -0.0, 0.0, 0.0, 0.0, 1.0],
                [-0.005998, -0.798226, -0.602328, 0.0, -0.0382, 0.602082, -0.79752, 0.930928, 0.999252, 0.018225, -0.034103, -0.0, 0.0, 0.0, 0.0, 1.0],
                [-0.006005, -0.33404, -0.94254, -1e-06, -0.038195, 0.941945, -0.333586, 0.930928, 0.999252, 0.033997, -0.018415, 0.0, 0.0, 0.0, 0.0, 1.0]
            ]
        },
        {
            "name": "Right_Foot",
            "time": [0.0, 0.55, 0.6833, 0.8833, 1.0, 1.15, 1.6167],
            "transform": [
                [0.990721, 0.072514, 0.114952, 0.0, -0.085889, -0.321459, 0.94302, 0.730506, 0.105335, -0.944143, -0.312248, 0.0, 0.0, 0.0, 0.0, 1.0],
                [0.990721, 0.072514, 0.114952, 0.0, -0.085889, -0.321459, 0.94302, 0.730506, 0.105335, -0.944143, -0.312248, -0.0, 0.0, 0.0, 0.0, 1.0],
                [0.99072, 0.049436, 0.126609, 0.0, -0.085893, -0.494215, 0.865086, 0.730506, 0.105339, -0.867933, -0.485382, -0.0, 0.0, 0.0, 0.0, 1.0],
                [0.990721, 0.114297, 0.073544, 0.0, -0.085892, 0.107157, 0.990525, 0.730506, 0.105334, -0.987651, 0.115979, -1e-06, 0.0, 0.0, 0.0, 1.0],
                [0.990721, 0.114298, 0.073544, -0.0, -0.085892, 0.107157, 0.990525, 0.730506, 0.105334, -0.987651, 0.115979, -0.0, 0.0, 0.0, 0.0, 1.0],
                [0.990721, 0.114298, 0.073544, -0.0, -0.085892, 0.107157, 0.990525, 0.730506, 0.105334, -0.987651, 0.115979, -0.0, 0.0, 0.0, 0.0, 1.0],
                [0.990721, 0.072514, 0.114952, 0.0, -0.085889, -0.321459, 0.94302, 0.730506, 0.105335, -0.944143, -0.312248, -0.0, 0.0, 0.0, 0.0, 1.0]
            ]
        }
    ]
}