{
    "animation": [
        {
            "name": "Root",
            "time": [0.0, 0.5667, 3.25, 3.6, 4.9833, 5.3333],
            "transform": [
                [0.911207, 0.005642, 0.0, 0.038433, 0.0, 0.0, -0.911224, 0.034204, -0.005642, 0.911207, -0.0, 1.45693, 0.0, 0.0, 0.0, 1.0],
                [0.911207, 0.005642, 0.0, 0.038433, 0.0, 0.0, -0.911224, 0.034204, -0.005642, 0.911207, -0.0, 1.405375, 0.0, 0.0, 0.0, 1.0],
                [0.911207, 0.005642, 0.0, 0.038433, 0.0, 0.0, -0.911224, 0.034204, -0.005642, 0.911207, -0.0, 1.250866, 0.0, 0.0, 0.0, 1.0],
                [0.911207, 0.005642, 0.0, 0.021655, 0.0, 0.0, -0.911224, 0.02075, -0.005642, 0.911207, -0.0, 1.418279, 0.0, 0.0, 0.0, 1.0],
                [0.911207, 0.005642, 0.0, 0.021655, 0.0, 0.0, -0.911224, 0.02075, -0.005642, 0.911207, -0.0, 1.418279, 0.0, 0.0, 0.0, 1.0],
                [0.911207, 0.005642, 0.0, 0.038433, 0.0, 0.0, -0.911224, 0.034204, -0.005642, 0.911207, -0.0, 1.45693, 0.0, 0.0, 0.0, 1.0]
            ]
        },
        {
            "name": "Lower_Torso",
            "time": [0.0, 0.5667, 0.8, 3.25, 3.6, 4.9833, 5.3333],
            "transform": [
                [0.999996, -0.002743, 0.0, -0.0, 0.002743, 0.999996, 0.0, 0.182359, -0.0, 0.0, 1.0, 0.0, 0.0, 0.0, 0.0, 1.0],
                [0.999996, -0.002546, -0.001021, 0.0, 0.002743, 0.928086, 0.372357, 0.182359, -0.0, -0.372358, 0.928089, 0.0, 0.0, 0.0, 0.0, 1.0],
                [0.999996, -0.002487, -0.001157, -0.0, 0.002743, 0.90663, 0.421918, 0.182359, -0.0, -0.42192, 0.906633, 0.0, 0.0, 0.0, 0.0, 1.0],
                [0.999996, -0.002338, -0.001435, -0.0, 0.002743, 0.852276, 0.523085, 0.182359, -0.0, -0.523087, 0.852279, 0.0, 0.0, 0.0, 0.0, 1.0],
                [0.999996, -0.002718, 0.000374, -0.0, 0.002743, 0.990676, -0.136213, 0.182359, -0.0, 0.136214, 0.990679, 0.0, 0.0, 0.0, 0.0, 1.0],
                [0.999996, -0.00273, 0.000273, -0.0, 0.002743, 0.995025, -0.099591, 0.182359, -0.0, 0.099591, 0.995028, 0.0, 0.0, 0.0, 0.0, 1.0],
                [0.999996, -0.002743, 0.0, -0.0, 0.002743, 0.999996, 0.0, 0.182359, -0.0, 0.0, 1.0, 0.0, 0.0, 0.0, 0.0, 1.0]
            ]
        },
        {
            "name": "Upper_Torso",
            "time": [0.0, 0.1333, 0.5667, 0.8, 1.4167, 1.4833, 1.55, 3.25, 3.4167, 3.4667, 3.5167, 3.5667, 3.6167, 3.6667, 3.7167, 3.7667, 3.8167, 3.8667, 3.9167, 3.9667, 4.0167, 4.0667, 4.1167, 4.1667, 4.2167, 4.2667, 4.3333, 4.3833, 4.4333, 4.4833, 4.5333, 4.5833, 4.9833, 5.3333],
            "transform": [
                [-0.998066, -0.005417, -0.061928, -0.0, 0.008801, 0.973851, -0.227017, 0.666804, 0.061538, -0.227123, -0.97192, -0.0, 0.0, 0.0, 0.0, 1.0],
                [-0.998066, 0.00881, -0.061537, 0.0, 0.008801, 0.999961, 0.000425, 0.666804, 0.061538, -0.000118, -0.998105, 0.0, 0.0, 0.0, 0.0, 1.0],
                [-0.998066, -0.018908, -0.059219, -0.0, 0.008801, 0.900048, -0.435701, 0.666804, 0.061538, -0.43538, -0.898141, 0.0, 0.0, 0.0, 0.0, 1.0],
                [-0.998066, -0.020329, -0.058746, 0.0, 0.008801, 0.889296, -0.457247, 0.666804, 0.061538, -0.456879, -0.887397, 0.0, 0.0, 0.0, 0.0, 1.0],
                [-0.998066, -0.020329, -0.058746, 0.0, 0.008801, 0.889296, -0.457247, 0.666804, 0.061538, -0.456879, -0.887397, -0.0, 0.0, 0.0, 0.0, 1.0],
                [-0.993089, 0.106208, -0.049945, 0.0, 0.117244, 0.917082, -0.381071, 0.666804, 0.005331, -0.384293, -0.923196, 0.0, 0.0, 0.0, 0.0, 1.0],
                [-0.998066, -0.020329, -0.058746, 0.0, 0.008801, 0.889296, -0.457247, 0.666804, 0.061538, -0.456879, -0.887397, 0.0, 0.0, 0.0, 0.0, 1.0],
                [-0.998066, -0.020329, -0.058746, 0.0, 0.008801, 0.889296, -0.457247, 0.666804, 0.061538, -0.456879, -0.887397, -0.0, 0.0, 0.0, 0.0, 1.0],
                [-0.995208, 0.033906, -0.091717, 0.0, -0.007968, 0.906722, 0.421652, 0.666804, 0.097458, 0.420362, -0.902107, 0.0, 0.0, 0.0, 0.0, 1.0],
                [-0.999109, 0.03385, 0.025203, 0.0, 0.041304, 0.906843, 0.41944, 0.666804, -0.008657, 0.420107, -0.907433, 0.0, 0.0, 0.0, 0.0, 1.0],
                [-0.995208, 0.033906, -0.091717, 0.0, -0.007968, 0.906722, 0.421652, 0.666804, 0.097458, 0.420362, -0.902107, 0.0, 0.0, 0.0, 0.0, 1.0],
                [-0.999109, 0.03385, 0.025203, 0.0, 0.041304, 0.906843, 0.41944, 0.666804, -0.008657, 0.420107, -0.907433, 0.0, 0.0, 0.0, 0.0, 1.0],
                [-0.995208, 0.033906, -0.091717, -0.0, -0.007968, 0.906723, 0.421652, 0.666804, 0.097458, 0.420362, -0.902107, -0.0, 0.0, 0.0, 0.0, 1.0],
                [-0.999109, 0.03385, 0.025203, 0.0, 0.041304, 0.906843, 0.41944, 0.666804, -0.008657, 0.420107, -0.907433, -0.0, 0.0, 0.0, 0.0, 1.0],
                [-0.995208, 0.033906, -0.091717, 0.0, -0.007968, 0.906722, 0.421652, 0.666804, 0.097458, 0.420362, -0.902107, 0.0, 0.0, 0.0, 0.0, 1.0],
                [-0.999109, 0.03385, 0.025203, 0.0, 0.041304, 0.906843, 0.41944, 0.666804, -0.008657, 0.420107, -0.907433, 0.0, 0.0, 0.0, 0.0, 1.0],
                [-0.995208, 0.033906, -0.091717, 0.0, -0.007968, 0.906722, 0.421652, 0.666804, 0.097458, 0.420362, -0.902107, -0.0, 0.0, 0.0, 0.0, 1.0],
                [-0.999109, 0.03385, 0.025203, 0.0, 0.041304, 0.906843, 0.41944, 0.666804, -0.008657, 0.420107, -0.907433, -0.0, 0.0, 0.0, 0.0, 1.0],
                [-0.995208, 0.033906, -0.091717, 0.0, -0.007968, 0.906722, 0.421652, 0.666804, 0.097458, 0.420362, -0.902107, -0.0, 0.0, 0.0, 0.0, 1.0],
                [-0.999109, 0.03385, 0.025203, 0.0, 0.041304, 0.906843, 0.41944, 0.666804, -0.008657, 0.420107, -0.907433, 0.0, 0.0, 0.0, 0.0, 1.0],
                [-0.995208, 0.033906, -0.091717, 0.0, -0.007968, 0.906722, 0.421652, 0.666804, 0.097458, 0.420362, -0.902107, -0.0, 0.0, 0.0, 0.0, 1.0],
                [-0.999109, 0.03385, 0.025203, 0.0, 0.041304, 0.906843, 0.41944, 0.666804, -0.008657, 0.420107, -0.907433, -0.0, 0.0, 0.0, 0.0, 1.0],
                [-0.995208, 0.033906, -0.091717, 0.0, -0.007968, 0.906722, 0.421652, 0.666804, 0.097458, 0.420362, -0.902107, -0.0, 0.0, 0.0, 0.0, 1.0],
                [-0.999109, 0.03385, 0.025203, 0.0, 0.041304, 0.906843, 0.41944, 0.666804, -0.008657, 0.420107, -0.907433, -0.0, 0.0, 0.0, 0.0, 1.0],
                [-0.995208, 0.033906, -0.091717, 0.0, -0.007968, 0.906722, 0.421652, 0.666804, 0.097458, 0.420362, -0.902107, 0.0, 0.0, 0.0, 0.0, 1.0],
                [-0.999109, 0.03385, 0.025203, 0.0, 0.041304, 0.906843, 0.41944, 0.666804, -0.008657, 0.420107, -0.907433, -0.0, 0.0, 0.0, 0.0, 1.0],
                [-0.995208, 0.033906, -0.091717, 0.0, -0.007968, 0.906722, 0.421652, 0.666804, 0.097458, 0.420362, -0.902107, 0.0, 0.0, 0.0, 0.0, 1.0],
                [-0.999109, 0.03385, 0.025203, -0.0, 0.041304, 0.906843, 0.41944, 0.666804, -0.008657, 0.420107, -0.907433, -0.0, 0.0, 0.0, 0.0, 1.0],
                [-0.995208, 0.033906, -0.091717, 0.0, -0.007968, 0.906722, 0.421652, 0.666804, 0.097458, 0.420362, -0.902107, -0.0, 0.0, 0.0, 0.0, 1.0],
                [-0.999109, 0.03385, 0.025203, -0.0, 0.041304, 0.906843, 0.41944, 0.666804, -0.008657, 0.420107, -0.907433, 0.0, 0.0, 0.0, 0.0, 1.0],
                [-0.995208, 0.033906, -0.091717, -0.0, -0.007968, 0.906722, 0.421652, 0.666804, 0.097458, 0.420362, -0.902107, -0.0, 0.0, 0.0, 0.0, 1.0],
                [-0.999109, 0.03385, 0.025203, 0.0, 0.041304, 0.906843, 0.41944, 0.666804, -0.008657, 0.420107, -0.907433, -0.0, 0.0, 0.0, 0.0, 1.0],
                [-0.998066, 0.027189, -0.055903, 0.0, 0.008801, 0.952021, 0.305906, 0.666804, 0.061538, 0.304822, -0.950419, 0.0, 0.0, 0.0, 0.0, 1.0],
                [-0.998066, -0.005417, -0.061928, -0.0, 0.008801, 0.973851, -0.227017, 0.666804, 0.061538, -0.227123, -0.97192, -0.0, 0.0, 0.0, 0.0, 1.0]
            ]
        },
        {
            "name": "Head",
            "time": [0.0, 0.8, 1.1, 1.1667, 1.2167, 3.25, 3.4167, 3.4667, 3.5167, 3.5667, 3.6, 3.6167, 3.6667, 3.7167, 3.7667, 3.8167, 3.8667, 3.9167, 3.9667, 4.0167, 4.0667, 4.1167, 4.1667, 4.2167, 4.2667, 4.3333, 4.3833, 4.4333, 4.4833, 4.5333, 4.5833, 4.9833, 5.3333],
            "transform": [
                [-0.99111, 0.074467, 0.110249, -0.0, 0.090747, 0.984375, 0.150903, 0.637051, -0.097289, 0.159566, -0.982381, -0.0, 0.0, 0.0, 0.0, 1.0],
                [-0.991111, 0.05314, 0.121969, 0.0, 0.090747, 0.94042, 0.327682, 0.637051, -0.097289, 0.335837, -0.936882, 0.0, 0.0, 0.0, 0.0, 1.0],
                [-0.99111, 0.053139, 0.121969, -0.0, 0.090747, 0.94042, 0.327682, 0.637051, -0.097289, 0.335837, -0.936882, 0.0, 0.0, 0.0, 0.0, 1.0],
                [-0.950997, -0.287884, 0.112817, 0.0, -0.231632, 0.905002, 0.356817, 0.637051, -0.204821, 0.3132, -0.927337, -0.0, 0.0, 0.0, 0.0, 1.0],
                [-0.99111, 0.053139, 0.121969, -0.0, 0.090747, 0.94042, 0.327682, 0.637051, -0.097289, 0.335837, -0.936882, 0.0, 0.0, 0.0, 0.0, 1.0],
                [-0.991111, 0.053139, 0.121969, -0.0, 0.090747, 0.94042, 0.327682, 0.637051, -0.097289, 0.335837, -0.936882, 0.0, 0.0, 0.0, 0.0, 1.0],
                [-0.966739, 0.123688, 0.223867, 0.0, 0.012958, 0.89785, -0.440111, 0.637051, -0.255435, -0.422572, -0.869589, 0.0, 0.0, 0.0, 0.0, 1.0],
                [-0.992118, 0.124015, 0.017916, 0.0, 0.103417, 0.891152, -0.441761, 0.637051, -0.070751, -0.436427, -0.896954, -0.0, 0.0, 0.0, 0.0, 1.0],
                [-0.966739, 0.123688, 0.223867, 0.0, 0.012958, 0.89785, -0.440111, 0.637051, -0.255435, -0.422572, -0.869589, -0.0, 0.0, 0.0, 0.0, 1.0],
                [-0.992119, 0.124015, 0.017916, -0.0, 0.103417, 0.891152, -0.441761, 0.637051, -0.070751, -0.436427, -0.896954, -0.0, 0.0, 0.0, 0.0, 1.0],
                [-0.991111, 0.123688, 0.049004, -0.0, 0.090747, 0.89785, -0.430849, 0.637051, -0.097289, -0.422572, -0.901093, 0.0, 0.0, 0.0, 0.0, 1.0],
                [-0.966739, 0.123688, 0.223867, -0.0, 0.012958, 0.89785, -0.440112, 0.637051, -0.255435, -0.422572, -0.869589, 0.0, 0.0, 0.0, 0.0, 1.0],
                [-0.992118, 0.124015, 0.017916, -0.0, 0.103417, 0.891152, -0.441761, 0.637051, -0.070751, -0.436426, -0.896954, -0.0, 0.0, 0.0, 0.0, 1.0],
                [-0.966739, 0.123688, 0.223867, -0.0, 0.012958, 0.89785, -0.440111, 0.637051, -0.255435, -0.422572, -0.869589, -0.0, 0.0, 0.0, 0.0, 1.0],
                [-0.992119, 0.124015, 0.017916, -0.0, 0.103417, 0.891152, -0.441761, 0.637051, -0.070751, -0.436426, -0.896954, 0.0, 0.0, 0.0, 0.0, 1.0],
                [-0.966739, 0.123688, 0.223867, 0.0, 0.012958, 0.89785, -0.440111, 0.637051, -0.255435, -0.422572, -0.869589, -0.0, 0.0, 0.0, 0.0, 1.0],
                [-0.992119, 0.124015, 0.017916, -0.0, 0.103417, 0.891153, -0.441761, 0.637051, -0.070751, -0.436427, -0.896954, -0.0, 0.0, 0.0, 0.0, 1.0],
                [-0.966739, 0.123688, 0.223867, -0.0, 0.012958, 0.89785, -0.440111, 0.637051, -0.255435, -0.422572, -0.869589, -0.0, 0.0, 0.0, 0.0, 1.0],
                [-0.992118, 0.124015, 0.017916, 0.0, 0.103417, 0.891153, -0.441761, 0.637051, -0.070751, -0.436426, -0.896954, 0.0, 0.0, 0.0, 0.0, 1.0],
                [-0.966739, 0.123688, 0.223867, 0.0, 0.012958, 0.89785, -0.440111, 0.637051, -0.255435, -0.422572, -0.869589, -0.0, 0.0, 0.0, 0.0, 1.0],
                [-0.992119, 0.124015, 0.017916, -0.0, 0.103417, 0.891153, -0.441761, 0.637051, -0.070751, -0.436427, -0.896954, -0.0, 0.0, 0.0, 0.0, 1.0],
                [-0.966739, 0.123688, 0.223867, 0.0, 0.012958, 0.89785, -0.440111, 0.637051, -0.255435, -0.422572, -0.869589, -0.0, 0.0, 0.0, 0.0, 1.0],
                [-0.992119, 0.124015, 0.017916, 0.0, 0.103417, 0.891153, -0.441761, 0.637052, -0.070751, -0.436427, -0.896954, 0.0, 0.0, 0.0, 0.0, 1.0],
                [-0.966739, 0.123688, 0.223867, 0.0, 0.012958, 0.89785, -0.440111, 0.637051, -0.255435, -0.422572, -0.869589, 0.0, 0.0, 0.0, 0.0, 1.0],
                [-0.992118, 0.124015, 0.017916, -0.0, 0.103417, 0.891152, -0.441761, 0.637051, -0.070751, -0.436426, -0.896954, 0.0, 0.0, 0.0, 0.0, 1.0],
                [-0.966739, 0.123688, 0.223867, -0.0, 0.012958, 0.89785, -0.440111, 0.637051, -0.255435, -0.422572, -0.869589, -0.0, 0.0, 0.0, 0.0, 1.0],
                [-0.992119, 0.124015, 0.017916, -0.0, 0.103417, 0.891152, -0.441761, 0.637051, -0.070751, -0.436427, -0.896954, -0.0, 0.0, 0.0, 0.0, 1.0],
                [-0.966739, 0.123688, 0.223867, -0.0, 0.012958, 0.89785, -0.440111, 0.637051, -0.255435, -0.422572, -0.869589, 0.0, 0.0, 0.0, 0.0, 1.0],
                [-0.992119, 0.124015, 0.017916, -0.0, 0.103417, 0.891152, -0.441761, 0.637051, -0.070751, -0.436427, -0.896954, 0.0, 0.0, 0.0, 0.0, 1.0],
                [-0.966739, 0.123688, 0.223867, 0.0, 0.012958, 0.89785, -0.440111, 0.637051, -0.255435, -0.422572, -0.869589, 0.0, 0.0, 0.0, 0.0, 1.0],
                [-0.992118, 0.124015, 0.017916, 0.0, 0.103417, 0.891152, -0.441761, 0.637051, -0.070751, -0.436427, -0.896954, 0.0, 0.0, 0.0, 0.0, 1.0],
                [-0.991111, 0.123688, 0.049004, -0.0, 0.090747, 0.89785, -0.430849, 0.637051, -0.097289, -0.422572, -0.901093, 0.0, 0.0, 0.0, 0.0, 1.0],
                [-0.99111, 0.074467, 0.110249, -0.0, 0.090747, 0.984375, 0.150903, 0.637051, -0.097289, 0.159566, -0.982381, -0.0, 0.0, 0.0, 0.0, 1.0]
            ]
        },
        {
            "name": "Left_Arm",
            "time": [0.0, 0.1333, 0.5667, 2.4167, 2.4833, 2.5333, 3.25, 3.6, 4.9833, 5.3333],
            "transform": [
                [-0.099777, 0.114297, 0.988424, 0.699152, 0.195411, -0.971784, 0.132098, 0.78895, 0.975632, 0.206329, 0.074627, -0.021019, 0.0, 0.0, 0.0, 1.0],
                [-0.181403, 0.202178, 0.962402, 0.699152, -0.000986, -0.978675, 0.20541, 0.78895, 0.983408, 0.036314, 0.177734, -0.021019, 0.0, 0.0, 0.0, 1.0],
                [-0.934874, 0.131556, 0.329704, 0.699152, 0.166069, -0.658801, 0.733759, 0.78895, 0.31374, 0.740725, 0.594048, -0.021019, 0.0, 0.0, 0.0, 1.0],
                [-0.934874, 0.131556, 0.329704, 0.699152, 0.166069, -0.658801, 0.733759, 0.78895, 0.31374, 0.740725, 0.594048, -0.02102, 0.0, 0.0, 0.0, 1.0],
                [-0.934874, 0.146372, 0.323399, 0.699152, 0.166069, -0.624849, 0.762879, 0.788949, 0.31374, 0.766902, 0.559847, -0.02102, 0.0, 0.0, 0.0, 1.0],
                [-0.934873, 0.131556, 0.329704, 0.699152, 0.166069, -0.658801, 0.733759, 0.788949, 0.31374, 0.740725, 0.594048, -0.021019, 0.0, 0.0, 0.0, 1.0],
                [-0.934874, 0.131556, 0.329704, 0.699152, 0.166069, -0.658801, 0.733759, 0.78895, 0.31374, 0.740726, 0.594048, -0.021019, 0.0, 0.0, 0.0, 1.0],
                [0.097396, 0.267378, 0.958657, 0.699152, -0.608036, -0.746586, 0.270004, 0.78895, 0.787913, -0.609195, 0.089862, -0.021019, 0.0, 0.0, 0.0, 1.0],
                [0.061641, 0.277808, 0.958657, 0.699152, -0.505321, -0.819603, 0.270004, 0.78895, 0.860727, -0.501073, 0.089862, -0.021019, 0.0, 0.0, 0.0, 1.0],
                [-0.099777, 0.114297, 0.988424, 0.699152, 0.195411, -0.971784, 0.132098, 0.78895, 0.975632, 0.206329, 0.074627, -0.021019, 0.0, 0.0, 0.0, 1.0]
            ]
        },
        {
            "name": "Left_Forearm",
            "time": [0.0, 0.5667, 0.8, 3.25, 3.6, 4.9833, 5.3333],
            "transform": [
                [0.991756, -0.128127, -0.001812, -0.0, 0.12814, 0.991631, 0.015768, 0.922077, -0.000224, -0.01587, 0.999874, 0.0, 0.0, 0.0, 0.0, 1.0],
                [0.543987, 0.839092, -0.001812, -0.0, -0.838973, 0.543944, 0.015768, 0.922078, 0.014216, -0.007058, 0.999874, -0.0, 0.0, 0.0, 0.0, 1.0],
                [0.49107, 0.871118, -0.001812, -0.0, -0.870997, 0.491035, 0.015768, 0.922078, 0.014625, -0.006165, 0.999874, 0.0, 0.0, 0.0, 0.0, 1.0],
                [0.49107, 0.871118, -0.001812, -0.0, -0.870997, 0.491034, 0.015768, 0.922077, 0.014625, -0.006165, 0.999874, -0.0, 0.0, 0.0, 0.0, 1.0],
                [0.991756, -0.128127, -0.001812, 0.0, 0.12814, 0.991631, 0.015768, 0.922078, -0.000224, -0.01587, 0.999874, -0.0, 0.0, 0.0, 0.0, 1.0],
                [0.991756, -0.128127, -0.001812, -0.0, 0.12814, 0.991631, 0.015768, 0.922077, -0.000224, -0.01587, 0.999874, 0.0, 0.0, 0.0, 0.0, 1.0],
                [0.991756, -0.128127, -0.001812, -0.0, 0.12814, 0.991631, 0.015768, 0.922077, -0.000224, -0.01587, 0.999874, 0.0, 0.0, 0.0, 0.0, 1.0]
            ]
        },
        {
            "name": "Left_Claw",
            "time": [0.0, 3.25, 3.6, 4.9833, 5.3333],
            "transform": [
                [0.988132, 0.152954, 0.014145, 0.0, -0.150512, 0.945712, 0.288055, 0.818741, 0.030682, -0.286765, 0.957509, -0.0, 0.0, 0.0, 0.0, 1.0],
                [0.988132, 0.152954, 0.014145, 0.0, -0.150512, 0.945712, 0.288055, 0.818741, 0.030682, -0.286765, 0.957509, -0.0, 0.0, 0.0, 0.0, 1.0],
                [0.988132, 0.152954, 0.014145, 0.0, -0.150512, 0.945712, 0.288055, 0.818741, 0.030682, -0.286765, 0.957509, 0.0, 0.0, 0.0, 0.0, 1.0],
                [0.988132, 0.152954, 0.014145, -0.0, -0.150512, 0.945712, 0.288055, 0.818741, 0.030682, -0.286765, 0.957509, 0.0, 0.0, 0.0, 0.0, 1.0],
                [0.988132, 0.152954, 0.014145, 0.0, -0.150512, 0.945712, 0.288055, 0.818741, 0.030682, -0.286765, 0.957509, -0.0, 0.0, 0.0, 0.0, 1.0]
            ]
        },
        {
            "name": "Right_Arm",
            "time": [0.0, 0.1333, 0.5667, 1.9833, 2.05, 2.1333, 3.25, 3.6, 4.9833, 5.3333],
            "transform": [
                [-0.056309, -0.141849, -0.988286, -0.673575, -0.233499, -0.960534, 0.15117, 0.700798, -0.970725, 0.239276, 0.020965, -0.092819, 0.0, 0.0, 0.0, 1.0],
                [-0.075424, -0.180987, -0.980589, -0.673575, -0.08352, -0.978788, 0.187079, 0.700798, -0.993648, 0.096009, 0.058708, -0.092819, 0.0, 0.0, 0.0, 1.0],
                [-0.481978, -0.241348, -0.842288, -0.673575, -0.429398, -0.772894, 0.467175, 0.700798, -0.763751, 0.586845, 0.268884, -0.092819, 0.0, 0.0, 0.0, 1.0],
                [-0.481978, -0.241348, -0.842288, -0.673575, -0.429397, -0.772894, 0.467176, 0.700798, -0.763751, 0.586845, 0.268884, -0.092819, 0.0, 0.0, 0.0, 1.0],
                [-0.511366, -0.170458, -0.842288, -0.673575, -0.534802, -0.704084, 0.467176, 0.700798, -0.672675, 0.689355, 0.268883, -0.092819, 0.0, 0.0, 0.0, 1.0],
                [-0.481978, -0.241348, -0.842288, -0.673575, -0.429397, -0.772894, 0.467175, 0.700797, -0.763751, 0.586845, 0.268884, -0.092819, 0.0, 0.0, 0.0, 1.0],
                [-0.481978, -0.241348, -0.842288, -0.673575, -0.429398, -0.772894, 0.467176, 0.700798, -0.763751, 0.586845, 0.268884, -0.092819, 0.0, 0.0, 0.0, 1.0],
                [0.109258, -0.353979, -0.92885, -0.673575, 0.182879, -0.911335, 0.368815, 0.700798, -0.977046, -0.210163, -0.034835, -0.092819, 0.0, 0.0, 0.0, 1.0],
                [0.142847, -0.341808, -0.92885, -0.673575, 0.269815, -0.88948, 0.368815, 0.700797, -0.952258, -0.303301, -0.034835, -0.092819, 0.0, 0.0, 0.0, 1.0],
                [-0.056309, -0.141849, -0.988286, -0.673575, -0.233499, -0.960534, 0.15117, 0.700798, -0.970725, 0.239276, 0.020965, -0.092819, 0.0, 0.0, 0.0, 1.0]
            ]
        },
        {
            "name": "Right_Forearm",
            "time": [0.0, 0.5667, 0.8, 1.9667, 2.05, 2.15, 3.25, 3.6, 4.9833, 5.3333],
            "transform": [
                [0.994052, 0.108901, -0.000886, -0.0, -0.108904, 0.99404, -0.005038, 0.880013, 0.000332, 0.005105, 0.999987, 0.0, 0.0, 0.0, 0.0, 1.0],
                [-0.200369, -0.97972, -0.000886, 0.0, 0.979709, -0.200363, -0.005039, 0.880014, 0.004759, -0.001878, 0.999987, 0.0, 0.0, 0.0, 0.0, 1.0],
                [-0.266283, -0.963894, -0.000886, 0.0, 0.963884, -0.266276, -0.005039, 0.880013, 0.004621, -0.002196, 0.999987, -0.0, 0.0, 0.0, 0.0, 1.0],
                [-0.266283, -0.963895, -0.000886, 0.0, 0.963884, -0.266276, -0.005039, 0.880013, 0.004621, -0.002196, 0.999987, 0.0, 0.0, 0.0, 0.0, 1.0],
                [0.019311, -0.999813, -0.000886, -0.0, 0.999801, 0.019315, -0.005039, 0.880013, 0.005055, -0.000789, 0.999987, -0.0, 0.0, 0.0, 0.0, 1.0],
                [-0.266283, -0.963894, -0.000886, -0.0, 0.963884, -0.266275, -0.005039, 0.880013, 0.004621, -0.002196, 0.999987, 0.0, 0.0, 0.0, 0.0, 1.0],
                [-0.266283, -0.963894, -0.000886, -0.0, 0.963884, -0.266276, -0.005039, 0.880013, 0.004621, -0.002196, 0.999987, 0.0, 0.0, 0.0, 0.0, 1.0],
                [0.994052, 0.108901, -0.000886, 0.0, -0.108904, 0.99404, -0.005038, 0.880013, 0.000332, 0.005105, 0.999987, -0.0, 0.0, 0.0, 0.0, 1.0],
                [0.994052, 0.108901, -0.000886, -0.0, -0.108904, 0.99404, -0.005038, 0.880013, 0.000332, 0.005105, 0.999987, 0.0, 0.0, 0.0, 0.0, 1.0],
                [0.994052, 0.108901, -0.000886, -0.0, -0.108904, 0.99404, -0.005038, 0.880013, 0.000332, 0.005105, 0.999987, 0.0, 0.0, 0.0, 0.0, 1.0]
            ]
        },
        {
            "name": "Right_Bulb",
            "time": [0.0, 3.25, 3.6, 4.9833, 5.3333],
            "transform": [
                [0.998341, -0.056574, 0.010741, -0.0, 0.057583, 0.98225, -0.178518, 0.826635, -0.000451, 0.178841, 0.983878, -0.0, 0.0, 0.0, 0.0, 1.0],
                [0.998341, -0.056574, 0.010741, -0.0, 0.057583, 0.98225, -0.178518, 0.826636, -0.000451, 0.178841, 0.983878, 0.0, 0.0, 0.0, 0.0, 1.0],
                [0.998341, -0.056574, 0.010741, 0.0, 0.057583, 0.98225, -0.178518, 0.826636, -0.000451, 0.178841, 0.983878, 0.0, 0.0, 0.0, 0.0, 1.0],
                [0.998341, -0.056574, 0.010741, 0.0, 0.057583, 0.98225, -0.178518, 0.826636, -0.000451, 0.178841, 0.983878, -0.0, 0.0, 0.0, 0.0, 1.0],
                [0.998341, -0.056574, 0.010741, -0.0, 0.057583, 0.98225, -0.178518, 0.826635, -0.000451, 0.178841, 0.983878, -0.0, 0.0, 0.0, 0.0, 1.0]
            ]
        },
        {
            "name": "Right_Blade",
            "time": [0.0, 3.25, 3.6, 4.9833, 5.3333],
            "transform": [
                [0.126538, 0.001517, -0.007658, 0.060833, 0.007658, 2.7e-05, 0.126547, 1.36866, 0.001516, -0.126769, -6.4e-05, 0.205588, 0.0, 0.0, 0.0, 1.0],
                [0.126538, 0.001517, -0.007658, 0.060833, 0.007658, 2.7e-05, 0.126547, 1.368661, 0.001516, -0.126769, -6.4e-05, 0.205588, 0.0, 0.0, 0.0, 1.0],
                [0.126538, 0.001517, -0.007658, 0.060833, 0.007658, 2.7e-05, 0.126547, 1.36866, 0.001516, -0.126769, -6.4e-05, 0.205588, 0.0, 0.0, 0.0, 1.0],
                [0.126538, 0.001517, -0.007658, 0.060833, 0.007658, 2.7e-05, 0.126547, 1.36866, 0.001516, -0.126769, -6.4e-05, 0.205588, 0.0, 0.0, 0.0, 1.0],
                [0.126538, 0.001517, -0.007658, 0.060833, 0.007658, 2.7e-05, 0.126547, 1.36866, 0.001516, -0.126769, -6.4e-05, 0.205588, 0.0, 0.0, 0.0, 1.0]
            ]
        },
        {
            "name": "Left_Leg",
            "time": [0.0, 0.5667, 3.25, 3.6, 4.9833, 5.3333],
            "transform": [
                [0.071725, -0.028971, -0.997009, -0.333594, 0.273065, -0.960819, 0.047564, 0.088622, -0.959448, -0.275699, -0.061066, 0.0, 0.0, 0.0, 0.0, 1.0],
                [0.076218, -0.013191, -0.997009, -0.333594, 0.46951, -0.881646, 0.047557, 0.088622, -0.87975, -0.471795, -0.061066, 0.0, 0.0, 0.0, 0.0, 1.0],
                [0.076867, 0.008577, -0.99701, -0.333594, 0.696587, -0.715895, 0.047547, 0.088622, -0.713438, -0.698253, -0.061066, 0.0, 0.0, 0.0, 0.0, 1.0],
                [0.071733, -0.239285, -0.968301, -0.333594, 0.273058, -0.928999, 0.249801, 0.088622, -0.95945, -0.282373, -0.001354, -0.0, 0.0, 0.0, 0.0, 1.0],
                [0.071733, -0.239285, -0.968301, -0.333594, 0.273058, -0.928999, 0.249801, 0.088622, -0.95945, -0.282373, -0.001354, -0.0, 0.0, 0.0, 0.0, 1.0],
                [0.071725, -0.028971, -0.997009, -0.333594, 0.273065, -0.960819, 0.047564, 0.088622, -0.959448, -0.275699, -0.061066, 0.0, 0.0, 0.0, 0.0, 1.0]
            ]
        },
        {
            "name": "Left_Lower_Leg",
            "time": [0.0, 3.25, 3.6, 4.9833, 5.3333],
            "transform": [
                [-0.008431, -0.435878, -0.899966, -0.0, 0.059772, 0.898169, -0.435568, 0.930059, 0.998177, -0.057465, 0.018481, -0.0, 0.0, 0.0, 0.0, 1.0],
                [-0.008427, -0.568076, -0.822933, 0.0, 0.059767, 0.821205, -0.567495, 0.930059, 0.998177, -0.053967, 0.027032, 0.0, 0.0, 0.0, 0.0, 1.0],
                [-0.008431, -0.473238, -0.880895, 0.0, 0.059771, 0.879112, -0.472852, 0.930059, 0.998176, -0.056638, 0.020874, -0.0, 0.0, 0.0, 0.0, 1.0],
                [-0.008431, -0.473238, -0.880895, 0.0, 0.059771, 0.879112, -0.472852, 0.930059, 0.998176, -0.056638, 0.020874, -0.0, 0.0, 0.0, 0.0, 1.0],
                [-0.008431, -0.435878, -0.899966, -0.0, 0.059772, 0.898169, -0.435568, 0.930059, 0.998177, -0.057465, 0.018481, -0.0, 0.0, 0.0, 0.0, 1.0]
            ]
        },
        {
            "name": "Left_Foot",
            "time": [0.0, 0.5667, 3.25, 3.6, 4.9833, 5.3333],
            "transform": [
                [0.992268, 0.074425, 0.099326, 0.0, -0.091715, -0.099517, 0.9908, 0.730506, 0.083625, -0.992248, -0.091922, 0.0, 0.0, 0.0, 0.0, 1.0],
                [0.992267, 0.096191, 0.078443, 0.0, -0.091721, 0.142461, 0.985542, 0.730506, 0.083625, -0.985115, 0.150182, -0.0, 0.0, 0.0, 0.0, 1.0],
                [0.992267, 0.102973, 0.069303, -0.0, -0.091724, 0.23215, 0.968346, 0.730506, 0.083625, -0.967214, 0.239799, -0.0, 0.0, 0.0, 0.0, 1.0],
                [0.989634, 0.074424, -0.122826, 0.0, 0.129924, -0.099521, 0.986517, 0.730506, 0.061197, -0.992248, -0.108159, -0.0, 0.0, 0.0, 0.0, 1.0],
                [0.989634, 0.074424, -0.122826, 0.0, 0.129924, -0.099521, 0.986517, 0.730506, 0.061197, -0.992248, -0.108159, -0.0, 0.0, 0.0, 0.0, 1.0],
                [0.992268, 0.074425, 0.099326, 0.0, -0.091715, -0.099517, 0.9908, 0.730506, 0.083625, -0.992248, -0.091922, 0.0, 0.0, 0.0, 0.0, 1.0]
            ]
        },
        {
            "name": "Right_Leg",
            "time": [0.0, 0.5667, 3.25, 3.6, 4.9833, 5.3333],
            "transform": [
                [0.073972, 0.061662, -0.995355, 0.281256, -0.087162, -0.993868, -0.068048, 0.050016, -0.993503, 0.091801, -0.068124, -0.018009, 0.0, 0.0, 0.0, 1.0],
                [0.086817, 0.041678, -0.995354, 0.281256, -0.327817, -0.942287, -0.06805, 0.050016, -0.940799, 0.332226, -0.068124, -0.018009, 0.0, 0.0, 0.0, 1.0],
                [0.089706, 0.035032, -0.995354, 0.281256, -0.397746, -0.914969, -0.068051, 0.050016, -0.913153, 0.40203, -0.068124, -0.018009, 0.0, 0.0, 0.0, 1.0],
                [0.038682, 0.367439, -0.929245, 0.281256, 0.002628, -0.929973, -0.367619, 0.050016, -0.999308, 0.011776, -0.036917, -0.018009, 0.0, 0.0, 0.0, 1.0],
                [0.038682, 0.367439, -0.929245, 0.281256, 0.002628, -0.929973, -0.367619, 0.050016, -0.999308, 0.011776, -0.036917, -0.018009, 0.0, 0.0, 0.0, 1.0],
                [0.073972, 0.061662, -0.995355, 0.281256, -0.087162, -0.993868, -0.068048, 0.050016, -0.993503, 0.091801, -0.068124, -0.018009, 0.0, 0.0, 0.0, 1.0]
            ]
        },
        {
            "name": "Right_lower_leg",
            "time": [0.0, 0.5667, 3.25, 3.6, 4.9833, 5.3333],
            "transform": [
                [-0.006005, -0.33404, -0.94254, 0.0, -0.038195, 0.941945, -0.333586, 0.930928, 0.999252, 0.033997, -0.018415, 0.0, 0.0, 0.0, 0.0, 1.0],
                [-0.006005, -0.165577, -0.986178, 0.0, -0.038196, 0.985514, -0.165233, 0.930928, 0.999252, 0.036676, -0.012243, 0.0, 0.0, 0.0, 0.0, 1.0],
                [-0.006005, -0.33404, -0.94254, 0.0, -0.038195, 0.941945, -0.333586, 0.930928, 0.999252, 0.033997, -0.018415, 0.0, 0.0, 0.0, 0.0, 1.0],
                [0.083912, -0.323382, -0.94254, -0.0, -0.289742, 0.89709, -0.333584, 0.930928, 0.953419, 0.301085, -0.018421, 0.0, 0.0, 0.0, 0.0, 1.0],
                [0.083912, -0.323382, -0.94254, -0.0, -0.289742, 0.89709, -0.333584, 0.930928, 0.953419, 0.301085, -0.018421, 0.0, 0.0, 0.0, 0.0, 1.0],
                [-0.006005, -0.33404, -0.94254, 0.0, -0.038195, 0.941945, -0.333586, 0.930928, 0.999252, 0.033997, -0.018415, 0.0, 0.0, 0.0, 0.0, 1.0]
            ]
        },
        {
            "name": "Right_Foot",
            "time": [0.0, 0.5667, 3.25, 3.6, 4.9833, 5.3333],
            "transform": [
                [0.990721, 0.072514, 0.114952, 0.0, -0.085889, -0.321459, 0.94302, 0.730506, 0.105335, -0.944143, -0.312248, 0.0, 0.0, 0.0, 0.0, 1.0],
                [0.990721, 0.066595, 0.11848, -0.0, -0.085889, -0.368839, 0.925517, 0.730506, 0.105335, -0.927105, -0.359696, -0.0, 0.0, 0.0, 0.0, 1.0],
                [0.99072, 0.033713, 0.131668, 0.0, -0.085891, -0.595501, 0.79875, 0.730506, 0.105336, -0.802647, -0.58708, -0.0, 0.0, 0.0, 0.0, 1.0],
                [0.982965, 0.093411, 0.158286, -0.0, -0.137259, -0.199647, 0.970207, 0.730506, 0.12223, -0.975405, -0.183424, 0.0, 0.0, 0.0, 0.0, 1.0],
                [0.982965, 0.093411, 0.158286, -0.0, -0.137259, -0.199647, 0.970207, 0.730506, 0.12223, -0.975405, -0.183424, 0.0, 0.0, 0.0, 0.0, 1.0],
                [0.990721, 0.072514, 0.114952, 0.0, -0.085889, -0.321459, 0.94302, 0.730506, 0.105335, -0.944143, -0.312248, 0.0, 0.0, 0.0, 0.0, 1.0]
            ]
        }
    ]
}