{
    "animation": [
        {
            "name": "Root",
            "time": [0.0, 0.4167, 0.8333, 1.25, 1.5, 1.6667],
            "transform": [
                [0.911207, 0.005642, 0.0, 0.038639, 0.0, 0.0, -0.911224, 0.034204, -0.005642, 0.911207, -0.0, 1.490068, 0.0, 0.0, 0.0, 1.0],
                [0.911207, 0.005642, 0.0, 0.037997, 0.0, 0.0, -0.911224, 0.034204, -0.005642, 0.911207, -0.0, 1.386484, 0.0, 0.0, 0.0, 1.0],
                [0.911207, 0.005642, 0.0, 0.038433, 0.0, 0.0, -0.911224, 0.034204, -0.005642, 0.911207, -0.0, 1.45693, 0.0, 0.0, 0.0, 1.0],
                [0.911207, 0.005642, 0.0, 0.037486, 0.0, 0.0, -0.911224, 0.034204, -0.005642, 0.911207, -0.0, 1.303881, 0.0, 0.0, 0.0, 1.0],
                [0.911207, 0.005642, 0.0, 0.038657, 0.0, 0.0, -0.911224, 0.034204, -0.005642, 0.911207, -0.0, 1.493045, 0.0, 0.0, 0.0, 1.0],
                [0.911207, 0.005642, 0.0, 0.038639, 0.0, 0.0, -0.911224, 0.034204, -0.005642, 0.911207, -0.0, 1.490068, 0.0, 0.0, 0.0, 1.0]
            ]
        },
        {
            "name": "Lower_Torso",
            "time": [0.0, 0.4167, 0.8333, 1.25, 1.6667],
            "transform": [
                [0.999996, -0.002743, 0.0, 0.0, 0.002743, 0.999996, 0.0, 0.182359, -0.0, 0.0, 1.0, 0.0, 0.0, 0.0, 0.0, 1.0],
                [0.999996, -0.002743, 0.0, -0.0, 0.002743, 0.999996, 0.0, 0.182359, -0.0, 0.0, 1.0, 0.0, 0.0, 0.0, 0.0, 1.0],
                [0.999996, -0.002743, 0.0, -0.0, 0.002743, 0.999996, 0.0, 0.182359, -0.0, 0.0, 1.0, 0.0, 0.0, 0.0, 0.0, 1.0],
                [0.999996, -0.002743, 0.0, 0.0, 0.002743, 0.999996, 0.0, 0.182359, -0.0, 0.0, 1.0, 0.0, 0.0, 0.0, 0.0, 1.0],
                [0.999996, -0.002743, 0.0, 0.0, 0.002743, 0.999996, 0.0, 0.182359, -0.0, 0.0, 1.0, 0.0, 0.0, 0.0, 0.0, 1.0]
            ]
        },
        {
            "name": "Upper_Torso",
            "time": [0.0, 0.4167, 0.8333, 1.25, 1.6667],
            "transform": [
                [-0.998066, -0.005417, -0.061928, -0.0, 0.008801, 0.973851, -0.227017, 0.666804, 0.061538, -0.227123, -0.97192, -0.0, 0.0, 0.0, 0.0, 1.0],
                [-0.979701, -0.005417, -0.200392, -0.0, 0.040347, 0.973851, -0.223577, 0.666804, 0.196363, -0.227123, -0.953864, -0.0, 0.0, 0.0, 0.0, 1.0],
                [-0.998066, -0.005417, -0.061928, -0.0, 0.008801, 0.973851, -0.227017, 0.666804, 0.061538, -0.227123, -0.97192, -0.0, 0.0, 0.0, 0.0, 1.0],
                [-0.995644, -0.005417, 0.093078, 0.0, -0.026393, 0.973851, -0.22565, 0.666804, -0.089422, -0.227123, -0.969752, -0.0, 0.0, 0.0, 0.0, 1.0],
                [-0.998066, -0.005417, -0.061928, -0.0, 0.008801, 0.973851, -0.227017, 0.666804, 0.061538, -0.227123, -0.97192, -0.0, 0.0, 0.0, 0.0, 1.0]
            ]
        },
        {
            "name": "Head",
            "time": [0.0, 0.4167, 0.8333, 1.25, 1.6667],
            "transform": [
                [-0.99111, 0.074467, 0.110249, -0.0, 0.090747, 0.984375, 0.150903, 0.637051, -0.097289, 0.159566, -0.982381, -0.0, 0.0, 0.0, 0.0, 1.0],
                [-0.991111, 0.074467, 0.110249, 0.0, 0.090747, 0.984375, 0.150903, 0.637051, -0.097289, 0.159566, -0.982382, 0.0, 0.0, 0.0, 0.0, 1.0],
                [-0.99111, 0.074467, 0.110249, -0.0, 0.090747, 0.984375, 0.150903, 0.637051, -0.097289, 0.159566, -0.982381, -0.0, 0.0, 0.0, 0.0, 1.0],
                [-0.99111, 0.074467, 0.110249, 0.0, 0.090747, 0.984375, 0.150903, 0.637051, -0.097289, 0.159566, -0.982382, 0.0, 0.0, 0.0, 0.0, 1.0],
                [-0.99111, 0.074467, 0.110249, -0.0, 0.090747, 0.984375, 0.150903, 0.637051, -0.097289, 0.159566, -0.982381, -0.0, 0.0, 0.0, 0.0, 1.0]
            ]
        },
        {
            "name": "Left_Arm",
            "time": [0.0, 0.4167, 0.8333, 1.25, 1.6667],
            "transform": [
                [-0.099777, 0.114297, 0.988424, 0.699152, 0.195411, -0.971784, 0.132098, 0.788949, 0.975632, 0.206329, 0.074627, -0.021019, 0.0, 0.0, 0.0, 1.0],
                [-0.078485, 0.129843, 0.988424, 0.699152, 0.024237, -0.99094, 0.132098, 0.788949, 0.996621, 0.034324, 0.074627, -0.021019, 0.0, 0.0, 0.0, 1.0],
                [-0.099777, 0.114297, 0.988424, 0.699152, 0.195411, -0.971784, 0.132098, 0.78895, 0.975632, 0.206329, 0.074627, -0.021019, 0.0, 0.0, 0.0, 1.0],
                [0.158702, 0.107077, 0.981503, 0.699152, 0.386472, -0.921516, 0.038043, 0.78895, 0.908544, 0.373286, -0.187629, -0.021019, 0.0, 0.0, 0.0, 1.0],
                [-0.099777, 0.114297, 0.988424, 0.699152, 0.195411, -0.971784, 0.132098, 0.788949, 0.975632, 0.206329, 0.074627, -0.021019, 0.0, 0.0, 0.0, 1.0]
            ]
        },
        {
            "name": "Left_Forearm",
            "time": [0.0, 0.4167, 0.8333, 1.25, 1.6667],
            "transform": [
                [0.991756, -0.128127, -0.001812, 0.0, 0.12814, 0.991631, 0.015768, 0.922077, -0.000224, -0.01587, 0.999874, -0.0, 0.0, 0.0, 0.0, 1.0],
                [0.991756, -0.128127, -0.001812, 0.0, 0.12814, 0.991631, 0.015768, 0.922078, -0.000224, -0.01587, 0.999874, -0.0, 0.0, 0.0, 0.0, 1.0],
                [0.991756, -0.128127, -0.001812, -0.0, 0.12814, 0.991631, 0.015768, 0.922077, -0.000224, -0.01587, 0.999874, 0.0, 0.0, 0.0, 0.0, 1.0],
                [0.991756, -0.128127, -0.001812, 0.0, 0.12814, 0.991631, 0.015768, 0.922077, -0.000224, -0.01587, 0.999874, 0.0, 0.0, 0.0, 0.0, 1.0],
                [0.991756, -0.128127, -0.001812, 0.0, 0.12814, 0.991631, 0.015768, 0.922077, -0.000224, -0.01587, 0.999874, -0.0, 0.0, 0.0, 0.0, 1.0]
            ]
        },
        {
            "name": "Left_Claw",
            "time": [0.0, 0.4167, 0.8333, 1.25, 1.6667],
            "transform": [
                [0.988132, 0.152954, 0.014145, 0.0, -0.150512, 0.945712, 0.288055, 0.818741, 0.030682, -0.286765, 0.957509, 0.0, 0.0, 0.0, 0.0, 1.0],
                [0.988132, 0.152954, 0.014145, -0.0, -0.150512, 0.945712, 0.288055, 0.818741, 0.030682, -0.286765, 0.957509, 0.0, 0.0, 0.0, 0.0, 1.0],
                [0.988132, 0.152954, 0.014145, 0.0, -0.150512, 0.945712, 0.288055, 0.818741, 0.030682, -0.286765, 0.957509, -0.0, 0.0, 0.0, 0.0, 1.0],
                [0.988132, 0.152954, 0.014145, 0.0, -0.150512, 0.945712, 0.288055, 0.81874, 0.030682, -0.286765, 0.957509, -0.0, 0.0, 0.0, 0.0, 1.0],
                [0.988132, 0.152954, 0.014145, 0.0, -0.150512, 0.945712, 0.288055, 0.818741, 0.030682, -0.286765, 0.957509, 0.0, 0.0, 0.0, 0.0, 1.0]
            ]
        },
        {
            "name": "Right_Arm",
            "time": [0.0, 0.4167, 0.8333, 1.25, 1.6667],
            "transform": [
                [-0.056309, -0.141849, -0.988286, -0.673575, -0.233499, -0.960534, 0.15117, 0.700797, -0.970725, 0.239276, 0.020965, -0.092819, 0.0, 0.0, 0.0, 1.0],
                [0.002879, -0.146618, -0.989189, -0.673575, -0.465216, -0.875827, 0.128461, 0.700797, -0.885193, 0.459816, -0.070731, -0.092819, 0.0, 0.0, 0.0, 1.0],
                [-0.056309, -0.141849, -0.988286, -0.673575, -0.233499, -0.960534, 0.15117, 0.700798, -0.970725, 0.239276, 0.020965, -0.092819, 0.0, 0.0, 0.0, 1.0],
                [-0.039955, -0.147294, -0.988286, -0.673575, -0.1237, -0.980738, 0.15117, 0.700798, -0.991515, 0.128291, 0.020965, -0.092819, 0.0, 0.0, 0.0, 1.0],
                [-0.056309, -0.141849, -0.988286, -0.673575, -0.233499, -0.960534, 0.15117, 0.700797, -0.970725, 0.239276, 0.020965, -0.092819, 0.0, 0.0, 0.0, 1.0]
            ]
        },
        {
            "name": "Right_Forearm",
            "time": [0.0, 0.4167, 0.8333, 1.25, 1.6667],
            "transform": [
                [0.994052, 0.108901, -0.000886, 0.0, -0.108904, 0.99404, -0.005038, 0.880014, 0.000332, 0.005105, 0.999987, 0.0, 0.0, 0.0, 0.0, 1.0],
                [0.994052, 0.108901, -0.000886, 0.0, -0.108904, 0.99404, -0.005038, 0.880014, 0.000332, 0.005105, 0.999987, 0.0, 0.0, 0.0, 0.0, 1.0],
                [0.994052, 0.108901, -0.000886, -0.0, -0.108904, 0.99404, -0.005038, 0.880013, 0.000332, 0.005105, 0.999987, 0.0, 0.0, 0.0, 0.0, 1.0],
                [0.994052, 0.108901, -0.000886, -0.0, -0.108904, 0.994039, -0.005038, 0.880013, 0.000332, 0.005105, 0.999987, -0.0, 0.0, 0.0, 0.0, 1.0],
                [0.994052, 0.108901, -0.000886, 0.0, -0.108904, 0.99404, -0.005038, 0.880014, 0.000332, 0.005105, 0.999987, 0.0, 0.0, 0.0, 0.0, 1.0]
            ]
        },
        {
            "name": "Right_Bulb",
            "time": [0.0, 0.4167, 0.8333, 1.25, 1.6667],
            "transform": [
                [0.998341, -0.056574, 0.010741, -0.0, 0.057583, 0.98225, -0.178518, 0.826636, -0.000451, 0.178841, 0.983878, -0.0, 0.0, 0.0, 0.0, 1.0],
                [0.998341, -0.056574, 0.010741, 0.0, 0.057583, 0.98225, -0.178518, 0.826636, -0.000451, 0.178841, 0.983878, -0.0, 0.0, 0.0, 0.0, 1.0],
                [0.998341, -0.056574, 0.010741, -0.0, 0.057583, 0.98225, -0.178518, 0.826635, -0.000451, 0.178841, 0.983878, -0.0, 0.0, 0.0, 0.0, 1.0],
                [0.998341, -0.056574, 0.010741, 0.0, 0.057583, 0.98225, -0.178518, 0.826636, -0.000451, 0.178841, 0.983878, -0.0, 0.0, 0.0, 0.0, 1.0],
                [0.998341, -0.056574, 0.010741, -0.0, 0.057583, 0.98225, -0.178518, 0.826636, -0.000451, 0.178841, 0.983878, -0.0, 0.0, 0.0, 0.0, 1.0]
            ]
        },
        {
            "name": "Right_Blade",
            "time": [0.0, 0.4167, 0.8333, 1.25, 1.6667],
            "transform": [
                [0.126538, 0.001517, -0.007658, 0.060833, 0.007658, 2.7e-05, 0.126547, 1.36866, 0.001516, -0.126769, -6.4e-05, 0.205588, 0.0, 0.0, 0.0, 1.0],
                [0.126538, 0.001517, -0.007658, 0.060833, 0.007658, 2.7e-05, 0.126547, 1.368661, 0.001516, -0.126769, -6.4e-05, 0.205588, 0.0, 0.0, 0.0, 1.0],
                [0.126538, 0.001517, -0.007658, 0.060833, 0.007658, 2.7e-05, 0.126547, 1.36866, 0.001516, -0.126769, -6.4e-05, 0.205588, 0.0, 0.0, 0.0, 1.0],
                [0.126538, 0.001517, -0.007658, 0.060833, 0.007658, 2.7e-05, 0.126547, 1.368661, 0.001516, -0.126769, -6.4e-05, 0.205588, 0.0, 0.0, 0.0, 1.0],
                [0.126538, 0.001517, -0.007658, 0.060833, 0.007658, 2.7e-05, 0.126547, 1.36866, 0.001516, -0.126769, -6.4e-05, 0.205588, 0.0, 0.0, 0.0, 1.0]
            ]
        },
        {
            "name": "Left_Leg",
            "time": [0.0, 0.4167, 0.8333, 1.25, 1.6667],
            "transform": [
                [0.076185, -0.013378, -0.997009, -0.333594, 0.467347, -0.882794, 0.047557, 0.088622, -0.880904, -0.469637, -0.061066, 0.0, 0.0, 0.0, 0.0, 1.0],
                [0.075701, -0.015831, -0.99701, -0.333594, 0.438216, -0.897612, 0.047526, 0.088622, -0.895798, -0.440564, -0.061074, 0.0, 0.0, 0.0, 0.0, 1.0],
                [0.071725, -0.028971, -0.997009, -0.333594, 0.273065, -0.960819, 0.047564, 0.088622, -0.959448, -0.275699, -0.061066, 0.0, 0.0, 0.0, 0.0, 1.0],
                [0.026675, -0.071674, -0.997077, -0.333594, -0.331704, -0.941549, 0.058808, 0.088622, -0.943137, 0.329206, -0.048951, 0.0, 0.0, 0.0, 0.0, 1.0],
                [0.076185, -0.013378, -0.997009, -0.333594, 0.467347, -0.882794, 0.047557, 0.088622, -0.880904, -0.469637, -0.061066, 0.0, 0.0, 0.0, 0.0, 1.0]
            ]
        },
        {
            "name": "Left_Lower_Leg",
            "time": [0.0, 0.4167, 0.8333, 1.25, 1.6667],
            "transform": [
                [-0.008416, -0.93505, -0.354417, -0.0, 0.059747, 0.353325, -0.93359, 0.930059, 0.998178, -0.029032, 0.052893, 0.0, 0.0, 0.0, 0.0, 1.0],
                [-0.008435, -0.233881, -0.972229, -0.0, 0.059779, 0.970406, -0.233961, 0.930059, 0.998176, -0.060092, 0.005796, -0.0, 0.0, 0.0, 0.0, 1.0],
                [-0.008431, -0.435878, -0.899966, -0.0, 0.059772, 0.898169, -0.435568, 0.930059, 0.998177, -0.057465, 0.018481, -0.0, 0.0, 0.0, 0.0, 1.0],
                [-0.008453, -0.283713, -0.958872, 0.0, 0.059851, 0.957043, -0.2837, 0.930059, 0.998172, -0.059788, 0.00889, 0.0, 0.0, 0.0, 0.0, 1.0],
                [-0.008416, -0.93505, -0.354417, -0.0, 0.059747, 0.353325, -0.93359, 0.930059, 0.998178, -0.029032, 0.052893, 0.0, 0.0, 0.0, 0.0, 1.0]
            ]
        },
        {
            "name": "Left_Foot",
            "time": [0.0, 0.3333, 0.4167, 0.8333, 1.25, 1.6667],
            "transform": [
                [0.992267, 0.087218, 0.088311, -0.0, -0.091719, 0.03586, 0.995139, 0.730506, 0.083627, -0.995544, 0.043582, 0.0, 0.0, 0.0, 0.0, 1.0],
                [0.991056, 0.105946, 0.081133, 0.0, -0.089053, 0.072299, 0.993399, 0.730506, 0.099381, -0.99174, 0.081087, -0.0, 0.0, 0.0, 0.0, 1.0],
                [0.992266, 0.107668, 0.061762, -0.0, -0.091724, 0.300795, 0.949268, 0.730506, 0.083628, -0.947592, 0.308345, -0.0, 0.0, 0.0, 0.0, 1.0],
                [0.992268, 0.074425, 0.099326, 0.0, -0.091715, -0.099517, 0.9908, 0.730506, 0.083625, -0.992248, -0.091922, 0.0, 0.0, 0.0, 0.0, 1.0],
                [0.991791, 0.058534, 0.113685, 0.0, -0.078156, -0.426175, 0.901258, 0.730506, 0.101204, -0.902745, -0.418102, -0.0, 0.0, 0.0, 0.0, 1.0],
                [0.992267, 0.087218, 0.088311, -0.0, -0.091719, 0.03586, 0.995139, 0.730506, 0.083627, -0.995544, 0.043582, 0.0, 0.0, 0.0, 0.0, 1.0]
            ]
        },
        {
            "name": "Right_Leg",
            "time": [0.0, 0.4167, 0.8333, 1.25, 1.6667],
            "transform": [
                [0.116764, 0.054802, -0.991649, 0.281256, 0.124913, -0.991358, -0.040079, 0.050016, -0.985334, -0.119192, -0.122584, -0.018009, 0.0, 0.0, 0.0, 1.0],
                [0.085439, 0.045045, -0.995327, 0.281256, -0.352665, -0.932938, -0.072496, 0.050016, -0.931895, 0.357235, -0.063803, -0.018009, 0.0, 0.0, 0.0, 1.0],
                [0.015785, 0.094995, -0.995355, 0.281256, 0.582778, -0.809779, -0.068043, 0.050016, -0.81253, -0.579026, -0.068124, -0.018009, 0.0, 0.0, 0.0, 1.0],
                [0.102179, 0.045941, -0.993707, 0.281256, 0.605851, -0.795169, 0.025534, 0.050016, -0.789042, -0.604678, -0.109066, -0.018009, 0.0, 0.0, 0.0, 1.0],
                [0.116764, 0.054802, -0.991649, 0.281256, 0.124913, -0.991358, -0.040079, 0.050016, -0.985334, -0.119192, -0.122584, -0.018009, 0.0, 0.0, 0.0, 1.0]
            ]
        },
        {
            "name": "Right_lower_leg",
            "time": [0.0, 0.4167, 0.8333, 1.25, 1.6667],
            "transform": [
                [-0.006005, -0.255579, -0.966769, 0.0, -0.038196, 0.96614, -0.255176, 0.930928, 0.999252, 0.035394, -0.015563, -0.0, 0.0, 0.0, 0.0, 1.0],
                [-0.012952, -0.126134, -0.991929, 0.0, -0.07145, 0.989593, -0.124904, 0.930928, 0.99736, 0.069255, -0.021829, 0.0, 0.0, 0.0, 0.0, 1.0],
                [-0.006008, -0.951312, -0.308171, -0.0, -0.038187, 0.30817, -0.950564, 0.930928, 0.999252, 0.006057, -0.03818, 0.0, 0.0, 0.0, 0.0, 1.0],
                [-0.005992, -0.350334, -0.936606, 0.0, -0.038212, 0.936019, -0.349869, 0.930927, 0.999252, 0.033693, -0.018996, 0.0, 0.0, 0.0, 0.0, 1.0],
                [-0.006005, -0.255579, -0.966769, 0.0, -0.038196, 0.96614, -0.255176, 0.930928, 0.999252, 0.035394, -0.015563, -0.0, 0.0, 0.0, 0.0, 1.0]
            ]
        },
        {
            "name": "Right_Foot",
            "time": [0.0, 0.4167, 0.8333, 1.1667, 1.25, 1.6667],
            "transform": [
                [0.990721, 0.102728, 0.088985, -0.0, -0.085885, -0.034224, 0.995717, 0.730506, 0.105334, -0.994121, -0.025084, 0.0, 0.0, 0.0, 0.0, 1.0],
                [0.992101, 0.048757, 0.115581, -0.0, -0.090268, -0.362331, 0.927668, 0.730506, 0.087109, -0.930773, -0.355068, 0.0, 0.0, 0.0, 0.0, 1.0],
                [0.990721, 0.098499, 0.093646, 0.0, -0.085887, -0.080269, 0.993066, 0.730506, 0.105333, -0.991895, -0.071064, -0.0, 0.0, 0.0, 0.0, 1.0],
                [0.997006, 0.059775, 0.04906, -0.0, -0.045514, -0.059311, 0.997201, 0.730506, 0.062518, -0.996448, -0.056413, 0.0, 0.0, 0.0, 0.0, 1.0],
                [0.990721, 0.129513, 0.041195, -0.0, -0.085879, 0.361649, 0.928351, 0.730506, 0.105335, -0.923275, 0.369416, -0.0, 0.0, 0.0, 0.0, 1.0],
                [0.990721, 0.102728, 0.088985, -0.0, -0.085885, -0.034224, 0.995717, 0.730506, 0.105334, -0.994121, -0.025084, 0.0, 0.0, 0.0, 0.0, 1.0]
            ]
        }
    ]
}