{
    
    "animation": [
        {
            "name": "Root",
            "time": [0.0, 0.3167, 0.4833, 0.6833, 0.9333, 1.0667, 1.5833],
            "transform": [
                [0.865262, 0.0, 0.501319, 0.014685, 0.501319, 0.0, -0.865262, -0.039758, 0.0, 1.0, 0.0, 0.69449, 0.0, 0.0, 0.0, 1.0],
                [0.927371, -0.043349, -0.371624, 0.014685, -0.37091, -0.236847, -0.897959, -0.38605, -0.049092, 0.970579, -0.235724, 0.754864, 0.0, 0.0, 0.0, 1.0],
                [0.927371, -0.043349, -0.371624, 0.014685, -0.37091, -0.236847, -0.897959, -0.38605, -0.049092, 0.970579, -0.235724, 0.754864, 0.0, 0.0, 0.0, 1.0],
                [0.94705, 0.120213, 0.297735, 0.014685, 0.277152, 0.162142, -0.947046, 0.851192, -0.162122, 0.979418, 0.120239, 0.575074, 0.0, 0.0, 0.0, 1.0],
                [0.94705, 0.120213, 0.297735, 0.014685, 0.277152, 0.162142, -0.947046, 0.851192, -0.162122, 0.979418, 0.120239, 0.575074, 0.0, 0.0, 0.0, 1.0],
                [0.94705, 0.120213, 0.297735, 0.014685, 0.277152, 0.162142, -0.947046, 0.851192, -0.162122, 0.979418, 0.120239, 0.575074, 0.0, 0.0, 0.0, 1.0],
                [0.854689, 0.0, -0.51914, -5e-06, -0.51914, 0.0, -0.854689, 0.380905, 0.0, 1.0, 0.0, 0.755725, 0.0, 0.0, 0.0, 1.0]
            ]
        },
        {
            "name": "Thigh_R",
            "time": [0.0, 0.3167, 0.4833, 0.6833, 0.9333, 1.0667, 1.5833],
            "transform": [
                [0.89569, -0.149752, 0.418705, 0.124994, 0.047847, -0.903665, -0.425554, -0.002831, 0.442097, 0.401198, -0.802241, -1.2e-05, 0.0, 0.0, 0.0, 1.0],
                [0.894821, 0.043014, 0.444347, 0.124994, 0.114195, -0.984284, -0.134684, -0.002831, 0.431571, 0.171261, -0.885673, -1.2e-05, 0.0, 0.0, 0.0, 1.0],
                [0.894821, 0.043014, 0.444347, 0.124994, 0.114195, -0.984284, -0.134684, -0.002831, 0.431571, 0.171261, -0.885673, -1.2e-05, 0.0, 0.0, 0.0, 1.0],
                [0.918694, 0.035551, 0.393365, 0.124994, 0.251442, -0.820695, -0.513064, -0.002831, 0.304593, 0.570257, -0.762908, -1.2e-05, 0.0, 0.0, 0.0, 1.0],
                [0.918694, 0.035551, 0.393365, 0.124994, 0.251442, -0.820695, -0.513064, -0.002831, 0.304593, 0.570257, -0.762908, -1.2e-05, 0.0, 0.0, 0.0, 1.0],
                [0.918694, 0.035551, 0.393365, 0.124994, 0.251442, -0.820695, -0.513064, -0.002831, 0.304593, 0.570257, -0.762908, -1.2e-05, 0.0, 0.0, 0.0, 1.0],
                [0.999011, 0.005646, -0.044099, 0.124994, 0.009891, -0.99527, 0.096616, -0.002831, -0.043345, -0.096956, -0.994345, -1.2e-05, 0.0, 0.0, 0.0, 1.0]
            ]
        },
        {
            "name": "Leg_R",
            "time": [0.0, 0.3167, 0.4833, 0.6833, 0.9333, 1.0667, 1.5833],
            "transform": [
                [1.0, -0.0, 2e-06, 0.0, -0.0, 0.992629, 0.121197, 0.37472, -2e-06, -0.121197, 0.992628, 0.0, 0.0, 0.0, 0.0, 1.0],
                [1.0, -0.0, 2e-06, -0.0, -0.0, 0.992629, 0.121196, 0.37472, -2e-06, -0.121197, 0.992628, -0.0, 0.0, 0.0, 0.0, 1.0],
                [1.0, -0.0, 2e-06, -0.0, -0.0, 0.992629, 0.121196, 0.37472, -2e-06, -0.121197, 0.992628, -0.0, 0.0, 0.0, 0.0, 1.0],
                [1.0, -0.0, 2e-06, -0.0, -0.0, 0.992629, 0.121197, 0.37472, -2e-06, -0.121197, 0.992628, -0.0, 0.0, 0.0, 0.0, 1.0],
                [1.0, -0.0, 2e-06, -0.0, -0.0, 0.992629, 0.121197, 0.37472, -2e-06, -0.121197, 0.992628, -0.0, 0.0, 0.0, 0.0, 1.0],
                [1.0, -0.0, 2e-06, -0.0, -0.0, 0.992629, 0.121197, 0.37472, -2e-06, -0.121197, 0.992628, -0.0, 0.0, 0.0, 0.0, 1.0],
                [1.0, 0.0, 2e-06, -0.0, -0.0, 0.997786, 0.066514, 0.37472, -2e-06, -0.066514, 0.997785, 0.0, 0.0, 0.0, 0.0, 1.0]
            ]
        },
        {
            "name": "Knee_R",
            "time": [0.0, 0.3167, 0.4833, 0.6833, 0.9333, 1.0667, 1.5833],
            "transform": [
                [1.0, 0.0, -0.0, 0.0, -0.0, 1e-06, -1.0, 0.37472, -0.0, 1.0, 1e-06, 0.0, 0.0, 0.0, 0.0, 1.0],
                [1.0, 0.0, -0.0, -0.0, -0.0, 1e-06, -1.0, 0.37472, -0.0, 1.0, 1e-06, -0.0, 0.0, 0.0, 0.0, 1.0],
                [1.0, 0.0, -0.0, -0.0, -0.0, 1e-06, -1.0, 0.37472, -0.0, 1.0, 1e-06, -0.0, 0.0, 0.0, 0.0, 1.0],
                [1.0, 0.0, -0.0, -0.0, -0.0, 1e-06, -1.0, 0.37472, -0.0, 1.0, 1e-06, -0.0, 0.0, 0.0, 0.0, 1.0],
                [1.0, 0.0, -0.0, -0.0, -0.0, 1e-06, -1.0, 0.37472, -0.0, 1.0, 1e-06, -0.0, 0.0, 0.0, 0.0, 1.0],
                [1.0, 0.0, -0.0, -0.0, -0.0, 1e-06, -1.0, 0.37472, -0.0, 1.0, 1e-06, -0.0, 0.0, 0.0, 0.0, 1.0],
                [1.0, 0.0, -0.0, -0.0, -0.0, 1e-06, -1.0, 0.37472, -0.0, 1.0, 1e-06, 0.0, 0.0, 0.0, 0.0, 1.0]
            ]
        },
        {
            "name": "Thigh_L",
            "time": [0.0, 0.3167, 0.4833, 0.6833, 0.9333, 1.0667, 1.2667, 1.5833],
            "transform": [
                [0.94823, 0.206406, 0.24136, -0.125006, 0.022262, -0.801324, 0.597816, -0.002831, 0.3168, -0.561495, -0.764435, -1.2e-05, 0.0, 0.0, 0.0, 1.0],
                [0.986811, -0.116432, 0.112461, -0.125006, -0.161875, -0.708917, 0.686463, -0.002831, -0.000201, -0.695614, -0.718415, -1.2e-05, 0.0, 0.0, 0.0, 1.0],
                [0.986811, -0.102861, 0.124993, -0.125006, -0.161875, -0.626093, 0.76276, -0.002831, -0.000201, -0.772934, -0.634486, -1.2e-05, 0.0, 0.0, 0.0, 1.0],
                [0.972807, 0.224537, 0.056825, -0.125006, 0.062285, -0.489909, 0.869545, -0.002831, 0.223084, -0.842361, -0.490573, -1.2e-05, 0.0, 0.0, 0.0, 1.0],
                [0.972807, 0.224537, 0.056825, -0.125006, 0.062285, -0.489909, 0.869545, -0.002831, 0.223084, -0.842361, -0.490573, -1.2e-05, 0.0, 0.0, 0.0, 1.0],
                [0.972807, 0.224537, 0.056825, -0.125006, 0.062285, -0.489909, 0.869545, -0.002831, 0.223084, -0.842361, -0.490573, -1.2e-05, 0.0, 0.0, 0.0, 1.0],
                [0.993985, 0.071479, -0.082967, -0.125006, 0.109431, -0.619178, 0.777587, -0.002831, 0.00421, -0.78199, -0.623277, -1.2e-05, 0.0, 0.0, 0.0, 1.0],
                [0.864782, -0.064621, -0.497972, -0.125006, -0.061338, -0.997853, 0.02297, -0.002831, -0.498387, 0.010681, -0.866889, -1.2e-05, 0.0, 0.0, 0.0, 1.0]
            ]
        },
        {
            "name": "Leg_L",
            "time": [0.0, 0.3167, 0.4833, 0.6833, 0.9333, 1.0667, 1.2667, 1.5833],
            "transform": [
                [1.0, -1e-06, 1e-06, -0.0, 0.0, 0.959325, 0.282302, 0.37472, -1e-06, -0.282302, 0.959326, -0.0, 0.0, 0.0, 0.0, 1.0],
                [1.0, -1e-06, 0.0, -0.0, 0.0, 0.39498, 0.91869, 0.37472, -1e-06, -0.918689, 0.394981, 0.0, 0.0, 0.0, 0.0, 1.0],
                [1.0, -1e-06, 0.0, 0.0, 0.0, 0.297259, 0.954797, 0.37472, -1e-06, -0.954797, 0.297259, -0.0, 0.0, 0.0, 0.0, 1.0],
                [1.0, -1e-06, 1e-06, -0.0, 0.0, 0.933935, 0.357441, 0.37472, -1e-06, -0.357441, 0.933936, 0.0, 0.0, 0.0, 0.0, 1.0],
                [1.0, -1e-06, 1e-06, -0.0, 0.0, 0.933935, 0.357441, 0.37472, -1e-06, -0.357441, 0.933936, 0.0, 0.0, 0.0, 0.0, 1.0],
                [1.0, -1e-06, 1e-06, -0.0, 0.0, 0.933935, 0.357441, 0.37472, -1e-06, -0.357441, 0.933936, 0.0, 0.0, 0.0, 0.0, 1.0],
                [1.0, -1e-06, 0.0, 0.0, 0.0, 0.456197, 0.889879, 0.37472, -1e-06, -0.889879, 0.456197, 0.0, 0.0, 0.0, 0.0, 1.0],
                [1.0, -0.0, 1e-06, 0.0, 0.0, 0.999353, 0.035947, 0.37472, -1e-06, -0.035947, 0.999354, 0.0, 0.0, 0.0, 0.0, 1.0]
            ]
        },
        {
            "name": "Knee_L",
            "time": [0.0, 0.3167, 0.4833, 0.6833, 0.9333, 1.0667, 1.5833],
            "transform": [
                [1.0, 0.0, -0.0, -0.0, -0.0, 0.228278, -0.973596, 0.37472, -0.0, 0.973596, 0.228278, -0.0, 0.0, 0.0, 0.0, 1.0],
                [1.0, 0.0, -0.0, -0.0, -0.0, 0.228278, -0.973596, 0.37472, -0.0, 0.973596, 0.228278, 0.0, 0.0, 0.0, 0.0, 1.0],
                [1.0, 0.0, -0.0, 0.0, -0.0, 0.228278, -0.973596, 0.37472, -0.0, 0.973596, 0.228278, -0.0, 0.0, 0.0, 0.0, 1.0],
                [1.0, 0.0, -0.0, -0.0, -0.0, 0.228278, -0.973596, 0.37472, -0.0, 0.973596, 0.228278, 0.0, 0.0, 0.0, 0.0, 1.0],
                [1.0, 0.0, -0.0, -0.0, -0.0, 0.228278, -0.973596, 0.37472, -0.0, 0.973596, 0.228278, 0.0, 0.0, 0.0, 0.0, 1.0],
                [1.0, 0.0, -0.0, -0.0, -0.0, 0.228278, -0.973596, 0.37472, -0.0, 0.973596, 0.228278, 0.0, 0.0, 0.0, 0.0, 1.0],
                [1.0, 0.0, -0.0, 0.0, -0.0, 1e-06, -1.0, 0.37472, -0.0, 1.0, 1e-06, 0.0, 0.0, 0.0, 0.0, 1.0]
            ]
        },
        {
            "name": "Torso",
            "time": [0.0, 0.3167, 0.4833, 0.6833, 0.9333, 1.0667, 1.5833],
            "transform": [
                [0.889719, 0.088434, -0.447861, 0.0, -0.000434, 0.981221, 0.192888, 0.05, 0.456509, -0.171422, 0.873049, 0.0, 0.0, 0.0, 0.0, 1.0],
                [0.981753, 0.088434, -0.168344, 0.0, -0.056777, 0.981221, 0.184344, 0.05, 0.181485, -0.171422, 0.968338, 0.0, 0.0, 0.0, 0.0, 1.0],
                [0.981753, 0.088434, -0.168344, 0.0, -0.056777, 0.981221, 0.184344, 0.05, 0.181485, -0.171422, 0.968338, 0.0, 0.0, 0.0, 0.0, 1.0],
                [0.992237, -0.100908, 0.072687, 0.0, 0.083618, 0.973974, 0.210672, 0.05, -0.092054, -0.202959, 0.974851, -0.0, 0.0, 0.0, 0.0, 1.0],
                [0.992237, -0.100908, 0.072687, 0.0, 0.083618, 0.973974, 0.210672, 0.05, -0.092054, -0.202959, 0.974851, -0.0, 0.0, 0.0, 0.0, 1.0],
                [0.992237, -0.100908, 0.072687, 0.0, 0.083618, 0.973974, 0.210672, 0.05, -0.092054, -0.202959, 0.974851, -0.0, 0.0, 0.0, 0.0, 1.0],
                [0.996265, -0.020971, 0.083766, -0.0, 0.019316, 0.999603, 0.020528, 0.05, -0.084163, -0.018833, 0.996274, 0.0, 0.0, 0.0, 0.0, 1.0]
            ]
        },
        {
            "name": "Chest",
            "time": [0.0, 0.3167, 0.4833, 0.6833, 0.9333, 1.0667, 1.2667, 1.5833],
            "transform": [
                [0.750122, -0.0829, -0.656082, -0.0, 0.009874, 0.993405, -0.114234, 0.3, 0.661225, 0.079211, 0.745994, -0.0, 0.0, 0.0, 0.0, 1.0],
                [0.471776, -0.0829, -0.877813, -0.0, -0.030892, 0.993405, -0.11042, 0.3, 0.881177, 0.079211, 0.466104, 0.0, 0.0, 0.0, 0.0, 1.0],
                [0.471776, -0.0829, -0.877813, -0.0, -0.030892, 0.993405, -0.11042, 0.3, 0.881177, 0.079211, 0.466104, 0.0, 0.0, 0.0, 0.0, 1.0],
                [0.916105, -0.079183, 0.393043, 0.0, -0.004956, 0.977993, 0.208579, 0.3, -0.400909, -0.193028, 0.895552, 0.0, 0.0, 0.0, 0.0, 1.0],
                [0.916105, -0.141113, 0.375286, 0.0, -0.004956, 0.93196, 0.362528, 0.3, -0.400909, -0.333973, 0.853073, 0.0, 0.0, 0.0, 0.0, 1.0],
                [0.916105, -0.141113, 0.375286, 0.0, -0.004956, 0.93196, 0.362528, 0.3, -0.400909, -0.333973, 0.853073, 0.0, 0.0, 0.0, 0.0, 1.0],
                [0.933131, -0.196162, 0.301309, 0.0, 0.244021, 0.961008, -0.130066, 0.3, -0.264047, 0.194894, 0.944614, 0.0, 0.0, 0.0, 0.0, 1.0],
                [0.999771, -0.021411, -0.000206, 0.0, 0.021411, 0.999586, 0.019225, 0.3, -0.000206, -0.019225, 0.999815, -0.0, 0.0, 0.0, 0.0, 1.0]
            ]
        },
        {
            "name": "Head",
            "time": [0.0, 0.3167, 0.4833, 0.6833, 0.9333, 1.0667, 1.5833],
            "transform": [
                [0.70539, 0.04116, 0.707623, -0.0, 0.006464, 0.997898, -0.064488, 0.4, -0.70879, 0.050063, 0.703641, 0.0, 0.0, 0.0, 0.0, 1.0],
                [0.13459, -0.168381, 0.97649, -0.0, 0.044111, 0.985498, 0.163854, 0.4, -0.989919, 0.021021, 0.140065, -0.0, 0.0, 0.0, 0.0, 1.0],
                [0.13459, -0.168381, 0.97649, -0.0, 0.044111, 0.985498, 0.163854, 0.4, -0.989919, 0.021021, 0.140065, -0.0, 0.0, 0.0, 0.0, 1.0],
                [0.819866, -0.16838, -0.547236, -0.0, 0.128178, 0.985498, -0.111194, 0.4, 0.558023, 0.021021, 0.829559, -0.0, 0.0, 0.0, 0.0, 1.0],
                [0.819866, -0.16838, -0.547236, -0.0, 0.128178, 0.985498, -0.111194, 0.4, 0.558023, 0.021021, 0.829559, 0.0, 0.0, 0.0, 0.0, 1.0],
                [0.819866, -0.16838, -0.547236, -0.0, 0.128178, 0.985498, -0.111194, 0.4, 0.558023, 0.021021, 0.829559, 0.0, 0.0, 0.0, 0.0, 1.0],
                [0.85311, 0.037721, 0.520365, 0.0, -0.006297, 0.998055, -0.062025, 0.4, -0.521693, 0.049637, 0.851688, 0.0, 0.0, 0.0, 0.0, 1.0]
            ]
        },
        {
            "name": "Shoulder_R",
            "time": [0.0, 0.3167, 0.4833, 0.6833, 0.9333, 1.0667, 1.5833],
            "transform": [
                [0.257218, 0.916711, 0.305743, -0.0, -0.082598, -0.294375, 0.952114, 0.4, 0.962817, -0.270155, -0.0, 0.0, 0.0, 0.0, 0.0, 1.0],
                [0.257218, 0.916711, 0.305743, -0.0, -0.082598, -0.294375, 0.952114, 0.4, 0.962817, -0.270155, -0.0, -0.0, 0.0, 0.0, 0.0, 1.0],
                [0.257218, 0.916711, 0.305743, -0.0, -0.082598, -0.294375, 0.952114, 0.4, 0.962817, -0.270155, -0.0, -0.0, 0.0, 0.0, 0.0, 1.0],
                [0.580284, 0.754845, 0.305743, -0.0, -0.186341, -0.242396, 0.952114, 0.4, 0.79281, -0.609469, -0.0, -0.0, 0.0, 0.0, 0.0, 1.0],
                [0.580284, 0.754845, 0.305743, -0.0, -0.186341, -0.242396, 0.952114, 0.4, 0.79281, -0.609469, 0.0, 0.0, 0.0, 0.0, 0.0, 1.0],
                [0.580284, 0.754845, 0.305743, -0.0, -0.186341, -0.242396, 0.952114, 0.4, 0.79281, -0.609469, 0.0, 0.0, 0.0, 0.0, 0.0, 1.0],
                [0.0, 0.952114, 0.305743, 0.0, 0.0, -0.305743, 0.952114, 0.4, 1.0, 0.0, -0.0, 0.0, 0.0, 0.0, 0.0, 1.0]
            ]
        },
        {
            "name": "Arm_R",
            "time": [0.0, 0.3167, 0.4833, 0.6833, 0.9333, 1.0667, 1.3667, 1.5833],
            "transform": [
                [-0.108262, -0.171486, -0.97922, 0.0, 0.737025, 0.647177, -0.194823, 0.393861, 0.667138, -0.742801, 0.056325, -0.0, 0.0, 0.0, 0.0, 1.0],
                [0.120495, -0.988472, -0.091673, 0.0, 0.910585, 0.073275, 0.406774, 0.39386, -0.395367, -0.13249, 0.908918, 0.0, 0.0, 0.0, 0.0, 1.0],
                [0.120495, -0.987307, 0.103468, 0.0, 0.910585, 0.151435, 0.38458, 0.39386, -0.395367, 0.047877, 0.917274, 0.0, 0.0, 0.0, 0.0, 1.0],
                [0.281772, -0.879621, 0.383238, -0.0, 0.596601, 0.473441, 0.648013, 0.39386, -0.751447, 0.046049, 0.658185, -0.0, 0.0, 0.0, 0.0, 1.0],
                [-0.006429, -0.993812, 0.110887, -0.0, 0.655847, 0.079518, 0.750694, 0.39386, -0.754866, 0.077551, 0.651278, 0.0, 0.0, 0.0, 0.0, 1.0],
                [-0.006429, -0.993812, 0.110887, -0.0, 0.655847, 0.079518, 0.750694, 0.39386, -0.754866, 0.077551, 0.651278, 0.0, 0.0, 0.0, 0.0, 1.0],
                [0.754079, -0.263139, -0.601767, -0.0, 0.523153, 0.794594, 0.30811, 0.393861, 0.397084, -0.547155, 0.736848, 0.0, 0.0, 0.0, 0.0, 1.0],
                [0.057449, -0.231993, -0.971019, 0.0, 0.928414, 0.370035, -0.03348, 0.39386, 0.367078, -0.899585, 0.236644, 0.0, 0.0, 0.0, 0.0, 1.0]
            ]
        },
        {
            "name": "Hand_R",
            "time": [0.0, 0.3167, 0.4833, 0.6833, 0.9333, 1.0667, 1.3667, 1.5833],
            "transform": [
                [1.0, -0.0, 0.0, -0.0, 0.0, 0.970794, -0.239914, 0.3, 0.0, 0.239914, 0.970794, 0.0, 0.0, 0.0, 0.0, 1.0],
                [1.0, -0.0, 0.0, 0.0, 0.0, 0.970794, -0.239914, 0.3, -0.0, 0.239914, 0.970794, -0.0, 0.0, 0.0, 0.0, 1.0],
                [1.0, -0.0, 0.0, 0.0, 0.0, 0.970794, -0.239914, 0.3, 0.0, 0.239914, 0.970794, 0.0, 0.0, 0.0, 0.0, 1.0],
                [1.0, -0.0, 0.0, -0.0, 0.0, 0.970794, -0.239914, 0.3, 0.0, 0.239914, 0.970794, -0.0, 0.0, 0.0, 0.0, 1.0],
                [1.0, -0.0, 0.0, 0.0, 0.0, 0.970794, -0.239914, 0.3, 0.0, 0.239914, 0.970794, 0.0, 0.0, 0.0, 0.0, 1.0],
                [1.0, -0.0, 0.0, 0.0, 0.0, 0.970794, -0.239914, 0.3, 0.0, 0.239914, 0.970794, 0.0, 0.0, 0.0, 0.0, 1.0],
                [1.0, -0.0, 0.0, 0.0, 0.0, 0.388577, -0.921416, 0.3, 0.0, 0.921416, 0.388577, -0.0, 0.0, 0.0, 0.0, 1.0],
                [1.0, -0.0, 0.0, -0.0, 0.0, 0.274677, -0.961537, 0.3, 0.0, 0.961536, 0.274677, -0.0, 0.0, 0.0, 0.0, 1.0]
            ]
        },
        {
            "name": "Tool_R",
            "time": [0.0, 0.3167, 0.4833, 0.6833, 0.9333, 1.0667, 1.2167, 1.3667, 1.5833],
            "transform": [
                [0.594337, -0.624941, 0.506173, -0.471016, 0.624456, -0.037998, -0.780135, -0.383598, 0.506479, 0.779284, 0.367439, 1.559677, 0.0, 0.0, 0.0, 1.0],
                [0.299462, -0.187259, 0.935551, 0.027744, 0.910811, -0.235926, -0.338766, -0.046789, 0.284, 0.952991, 0.099844, 0.898015, 0.0, 0.0, 0.0, 1.0],
                [0.299462, -0.187259, 0.935552, 0.027745, 0.910811, -0.235926, -0.338766, -0.046788, 0.284, 0.952991, 0.099845, 0.898015, 0.0, 0.0, 0.0, 1.0],
                [0.325426, -0.153279, 0.933061, 0.040934, 0.716716, 0.683642, -0.137665, 1.05692, -0.616405, 0.713125, 0.332134, 0.787467, 0.0, 0.0, 0.0, 1.0],
                [0.325426, -0.153279, 0.933061, 0.040934, 0.716716, 0.683642, -0.137666, 1.05692, -0.616405, 0.713125, 0.332134, 0.787467, 0.0, 0.0, 0.0, 1.0],
                [0.325426, -0.153279, 0.933061, 0.040934, 0.716716, 0.683642, -0.137666, 1.05692, -0.616405, 0.713125, 0.332134, 0.787467, 0.0, 0.0, 0.0, 1.0],
                [-0.867248, 0.454125, -0.204088, 0.036655, -0.389669, -0.363961, 0.845985, 0.829181, 0.309715, 0.81272, 0.49232, 0.87773, 0.0, 0.0, 0.0, 1.0],
                [0.6529, -0.748674, -0.114928, -0.101584, 0.438678, 0.497447, -0.748404, 0.622842, 0.61712, 0.437963, 0.652815, 0.68685, 0.0, 0.0, 0.0, 1.0],
                [1.0, 0.0, -0.0, -0.003598, 0.0, 0.390346, 0.920668, 0.426086, 0.0, -0.920119, 0.390124, 0.090799, 0.0, 0.0, 0.0, 1.0]
            ]
        },
        {
            "name": "Elbow_R",
            "time": [0.0, 0.3167, 0.4833, 0.6833, 0.9333, 1.0667, 1.5833],
            "transform": [
                [-1.0, 0.0, -0.0, -0.0, 0.0, -0.168172, -0.985758, 0.398921, -0.0, -0.985758, 0.168172, 0.0, 0.0, 0.0, 0.0, 1.0],
                [-1.0, 0.0, -0.0, -0.0, 0.0, -0.168172, -0.985758, 0.398921, -0.0, -0.985758, 0.168172, -0.0, 0.0, 0.0, 0.0, 1.0],
                [-1.0, 0.0, -0.0, 0.0, 0.0, -0.168172, -0.985758, 0.398921, -0.0, -0.985758, 0.168172, 0.0, 0.0, 0.0, 0.0, 1.0],
                [-1.0, 0.0, -0.0, -0.0, 0.0, -0.168172, -0.985758, 0.398921, -0.0, -0.985758, 0.168172, -0.0, 0.0, 0.0, 0.0, 1.0],
                [-1.0, 0.0, -0.0, 0.0, 0.0, -0.168172, -0.985758, 0.398921, -0.0, -0.985758, 0.168172, -0.0, 0.0, 0.0, 0.0, 1.0],
                [-1.0, 0.0, -0.0, 0.0, 0.0, -0.168172, -0.985758, 0.398921, -0.0, -0.985758, 0.168172, -0.0, 0.0, 0.0, 0.0, 1.0],
                [-1.0, 0.0, -0.0, -0.0, 0.0, -0.0, -1.0, 0.398921, -0.0, -1.0, 0.0, -0.0, 0.0, 0.0, 0.0, 1.0]
            ]
        },
        {
            "name": "Shoulder_L",
            "time": [0.0, 0.3167, 0.4833, 0.6833, 0.9333, 1.0667, 1.5833],
            "transform": [
                [0.669909, -0.742443, -0.000298, -0.0, 0.011029, 0.009551, 0.999894, 0.4, -0.742361, -0.669841, 0.014586, 0.0, 0.0, 0.0, 0.0, 1.0],
                [0.83489, -0.550417, -0.000298, -0.0, 0.008277, 0.012014, 0.999894, 0.4, -0.550355, -0.834803, 0.014586, -0.0, 0.0, 0.0, 0.0, 1.0],
                [0.898759, -0.438443, -0.000298, -0.0, 0.006663, 0.012979, 0.999894, 0.4, -0.438392, -0.898665, 0.014586, -0.0, 0.0, 0.0, 0.0, 1.0],
                [0.866867, -0.498539, -0.000298, -0.0, 0.00753, 0.012496, 0.999894, 0.4, -0.498482, -0.866777, 0.014586, -0.0, 0.0, 0.0, 0.0, 1.0],
                [0.866867, -0.498539, -0.000298, -0.0, 0.00753, 0.012496, 0.999894, 0.4, -0.498482, -0.866778, 0.014586, 0.0, 0.0, 0.0, 0.0, 1.0],
                [0.866867, -0.498539, -0.000298, -0.0, 0.00753, 0.012496, 0.999894, 0.4, -0.498482, -0.866778, 0.014586, 0.0, 0.0, 0.0, 0.0, 1.0],
                [0.0, -0.999908, 0.013597, 0.0, 0.0, 0.013597, 0.999908, 0.4, -1.0, -0.0, 0.0, 0.0, 0.0, 0.0, 0.0, 1.0]
            ]
        },
        {
            "name": "Arm_L",
            "time": [0.0, 0.3167, 0.4833, 0.6833, 0.9333, 1.0667, 1.5833],
            "transform": [
                [-0.033272, 0.984557, 0.171875, 0.0, -0.058525, 0.169756, -0.983747, 0.39386, -0.997731, -0.04279, 0.051973, 0.0, 0.0, 0.0, 0.0, 1.0],
                [-0.093015, 0.858764, 0.503857, -0.0, -0.242734, 0.471224, -0.847955, 0.39386, -0.965623, -0.201175, 0.16462, 0.0, 0.0, 0.0, 0.0, 1.0],
                [-0.093015, 0.858764, 0.503857, 0.0, -0.242734, 0.471224, -0.847955, 0.39386, -0.965623, -0.201175, 0.164621, 0.0, 0.0, 0.0, 0.0, 1.0],
                [0.07348, 0.864202, 0.497749, -0.0, -0.149367, 0.503006, -0.851278, 0.39386, -0.986048, -0.011795, 0.166044, -0.0, 0.0, 0.0, 0.0, 1.0],
                [0.248748, 0.622053, 0.742412, 0.0, 0.054707, 0.756257, -0.651983, 0.39386, -0.967022, 0.202794, 0.154087, 0.0, 0.0, 0.0, 0.0, 1.0],
                [0.248748, 0.622053, 0.742412, 0.0, 0.054707, 0.756257, -0.651983, 0.39386, -0.967022, 0.202794, 0.154087, 0.0, 0.0, 0.0, 0.0, 1.0],
                [0.039073, 0.530007, 0.847093, 0.0, -0.862567, 0.445843, -0.239168, 0.39386, -0.504431, -0.721329, 0.474587, 0.0, 0.0, 0.0, 0.0, 1.0]
            ]
        },
        {
            "name": "Hand_L",
            "time": [0.0, 0.3167, 0.4833, 0.6833, 0.9333, 1.0667, 1.5833],
            "transform": [
                [0.99636, 0.029093, 0.080134, 0.0, 0.033509, 0.730667, -0.681911, 0.3, -0.07839, 0.682114, 0.727033, 0.0, 0.0, 0.0, 0.0, 1.0],
                [0.99636, 0.007438, 0.084926, -0.0, 0.033509, 0.881839, -0.470359, 0.3, -0.07839, 0.471492, 0.878379, 0.0, 0.0, 0.0, 0.0, 1.0],
                [0.99636, 0.007438, 0.084926, -0.0, 0.033509, 0.881839, -0.470359, 0.3, -0.07839, 0.471492, 0.878379, 0.0, 0.0, 0.0, 0.0, 1.0],
                [0.99636, -0.011501, 0.084472, -0.0, 0.033509, 0.963941, -0.264, 0.3, -0.07839, 0.26587, 0.960817, 0.0, 0.0, 0.0, 0.0, 1.0],
                [0.99636, -0.011501, 0.084472, 0.0, 0.033509, 0.963941, -0.264, 0.3, -0.07839, 0.26587, 0.960817, -0.0, 0.0, 0.0, 0.0, 1.0],
                [0.99636, -0.011501, 0.084472, 0.0, 0.033509, 0.963941, -0.264, 0.3, -0.07839, 0.26587, 0.960817, -0.0, 0.0, 0.0, 0.0, 1.0],
                [0.986933, 0.085167, 0.136786, -0.0, 0.158302, -0.354065, -0.921726, 0.3, -0.030069, 0.931335, -0.362921, 0.0, 0.0, 0.0, 0.0, 1.0]
            ]
        },
        {
            "name": "Tool_L",
            "time": [0.0, 0.3167, 0.4833, 0.6833, 0.9333, 1.0667, 1.5833],
            "transform": [
                [-0.03254, 0.990548, -0.133248, 0.085051, 0.99563, 0.043801, 0.082474, 0.256548, 0.08749, -0.129905, -0.987063, 0.239384, 0.0, 0.0, 0.0, 1.0],
                [-0.03254, 0.990548, -0.133248, 0.085051, 0.99563, 0.043801, 0.082474, 0.256548, 0.08749, -0.129905, -0.987063, 0.239384, 0.0, 0.0, 0.0, 1.0],
                [-0.03254, 0.990548, -0.133248, 0.085051, 0.99563, 0.043801, 0.082474, 0.256548, 0.08749, -0.129905, -0.987063, 0.239384, 0.0, 0.0, 0.0, 1.0],
                [-0.03254, 0.990548, -0.133248, 0.085051, 0.99563, 0.043801, 0.082474, 0.256548, 0.08749, -0.129905, -0.987063, 0.239384, 0.0, 0.0, 0.0, 1.0],
                [-0.03254, 0.990548, -0.133248, 0.085051, 0.99563, 0.043801, 0.082474, 0.256548, 0.08749, -0.129905, -0.987063, 0.239384, 0.0, 0.0, 0.0, 1.0],
                [-0.03254, 0.990548, -0.133248, 0.085051, 0.99563, 0.043801, 0.082474, 0.256548, 0.08749, -0.129905, -0.987063, 0.239384, 0.0, 0.0, 0.0, 1.0],
                [-0.03254, 0.990548, -0.133248, 0.085051, 0.99563, 0.043801, 0.082474, 0.256548, 0.08749, -0.129905, -0.987063, 0.239384, 0.0, 0.0, 0.0, 1.0]
            ]
        },
        {
            "name": "Elbow_L",
            "time": [0.0, 0.3167, 0.4833, 0.6833, 0.9333, 1.0667, 1.5833],
            "transform": [
                [-0.996346, 0.004728, 0.085278, 0.002056, -0.082963, -0.290811, -0.953177, 0.31434, 0.020293, -0.956769, 0.290141, -0.003207, 0.0, 0.0, 0.0, 1.0],
                [-0.996346, 0.004728, 0.085278, 0.002056, -0.082963, -0.290811, -0.953177, 0.31434, 0.020293, -0.956769, 0.290141, -0.003207, 0.0, 0.0, 0.0, 1.0],
                [-0.996346, 0.004728, 0.085278, 0.002056, -0.082963, -0.290812, -0.953177, 0.31434, 0.020293, -0.956769, 0.290141, -0.003207, 0.0, 0.0, 0.0, 1.0],
                [-0.996346, -0.021947, 0.082541, 0.002056, -0.082963, 0.019068, -0.99637, 0.31434, 0.020293, -0.999577, -0.02082, -0.003207, 0.0, 0.0, 0.0, 1.0],
                [-0.996346, -0.021947, 0.082541, 0.002056, -0.082963, 0.019068, -0.99637, 0.31434, 0.020293, -0.999577, -0.020819, -0.003207, 0.0, 0.0, 0.0, 1.0],
                [-0.996346, -0.021947, 0.082541, 0.002056, -0.082963, 0.019068, -0.99637, 0.31434, 0.020293, -0.999577, -0.020819, -0.003207, 0.0, 0.0, 0.0, 1.0],
                [-1.0, 0.0, 0.0, -0.0, 0.0, 0.575683, -0.817673, 0.402134, -0.0, -0.817673, -0.575683, -0.0, 0.0, 0.0, 0.0, 1.0]
            ]
        }
    ]
}