{
    "animation": [
        {
            "name": "Root",
            "time": [0.0, 0.1167, 0.25, 0.3833, 0.5167, 0.7, 0.8667],
            "transform": [
                [0.854689, 0.0, -0.51914, -5e-06, -0.51914, 0.0, -0.854689, 0.000946, 0.0, 1.0, 0.0, 0.755725, 0.0, 0.0, 0.0, 1.0],
                [0.513189, 0.009933, -0.858218, -0.040329, -0.851996, 0.126635, -0.508003, -0.230977, 0.103634, 0.9919, 0.07345, 0.574926, 0.0, 0.0, 0.0, 1.0],
                [0.496154, 0.011633, -0.868157, -0.041988, -0.861429, 0.131542, -0.490547, -0.240514, 0.108492, 0.991242, 0.075286, 0.567491, 0.0, 0.0, 0.0, 1.0],
                [0.613135, 0.020257, -0.789719, -0.037016, -0.762696, 0.275631, -0.585084, 0.105545, 0.205819, 0.96105, 0.184449, 0.689567, 0.0, 0.0, 0.0, 1.0],
                [0.854395, -0.018546, 0.519292, -0.049083, 0.515729, 0.152383, -0.843091, 1.086515, -0.063496, 0.988147, 0.13976, 0.542981, 0.0, 0.0, 0.0, 1.0],
                [0.784743, -0.013248, 0.61968, -0.052357, 0.619166, 0.062717, -0.782752, 1.1789, -0.028494, 0.997943, 0.057419, 0.599249, 0.0, 0.0, 0.0, 1.0],
                [0.784743, -0.013248, 0.61968, -0.052357, 0.619166, 0.062717, -0.782752, 1.1789, -0.028494, 0.997943, 0.057419, 0.599249, 0.0, 0.0, 0.0, 1.0]
            ]
        },
        {
            "name": "Thigh_R",
            "time": [0.0, 0.1167, 0.25, 0.3833, 0.5167, 0.7, 0.8667],
            "transform": [
                [0.999011, 0.005646, -0.044099, 0.124994, 0.009891, -0.995272, 0.096616, -0.002831, -0.043345, -0.096956, -0.994345, -1.2e-05, 0.0, 0.0, 0.0, 1.0],
                [0.893261, 0.439491, -0.094506, 0.193959, 0.449059, -0.862669, 0.232699, 0.038323, 0.020742, -0.250299, -0.967947, 0.010231, 0.0, 0.0, 0.0, 1.0],
                [0.884801, 0.455581, -0.097833, 0.196795, 0.465307, -0.85268, 0.237541, 0.040015, 0.024799, -0.255699, -0.966439, 0.010652, 0.0, 0.0, 0.0, 1.0],
                [0.87929, 0.471169, 0.069633, 0.158584, 0.47352, -0.880525, -0.021323, 0.028893, 0.051267, 0.051722, -0.997345, -0.144784, 0.0, 0.0, 0.0, 1.0],
                [0.820747, 0.512855, -0.251703, 0.166621, 0.470113, -0.355965, 0.80764, 0.000209, 0.324604, -0.781197, -0.533258, -0.086135, 0.0, 0.0, 0.0, 1.0],
                [0.859957, 0.480138, -0.173032, 0.164165, 0.427763, -0.49316, 0.757504, -0.003031, 0.278374, -0.725438, -0.629482, -0.094013, 0.0, 0.0, 0.0, 1.0],
                [0.859957, 0.480138, -0.173032, 0.164165, 0.427763, -0.49316, 0.757504, -0.003031, 0.278374, -0.725438, -0.629482, -0.094013, 0.0, 0.0, 0.0, 1.0]
            ]
        },
        {
            "name": "Leg_R",
            "time": [0.0, 0.1167, 0.25, 0.3833, 0.5167, 0.7, 0.8667],
            "transform": [
                [1.0, 0.0, 2e-06, -0.0, -0.0, 0.997786, 0.066514, 0.37472, -2e-06, -0.066514, 0.997785, -0.0, 0.0, 0.0, 0.0, 1.0],
                [1.0, -1e-06, 2e-06, 0.0, -0.0, 0.792562, 0.609791, 0.37472, -2e-06, -0.609792, 0.792561, 0.0, 0.0, 0.0, 0.0, 1.0],
                [1.0, -1e-06, 2e-06, 0.0, -0.0, 0.777774, 0.628545, 0.37472, -2e-06, -0.628546, 0.777773, 0.0, 0.0, 0.0, 0.0, 1.0],
                [1.0, -2e-06, 1e-06, 0.0, -0.0, 0.342512, 0.939513, 0.37472, -2e-06, -0.939514, 0.342512, -0.0, 0.0, 0.0, 0.0, 1.0],
                [1.0, -1e-06, 2e-06, -0.0, -0.0, 0.749599, 0.661893, 0.37472, -2e-06, -0.661894, 0.749598, 0.0, 0.0, 0.0, 0.0, 1.0],
                [1.0, -1e-06, 2e-06, -0.0, -0.0, 0.747739, 0.663993, 0.37472, -2e-06, -0.663994, 0.747738, -0.0, 0.0, 0.0, 0.0, 1.0],
                [1.0, -1e-06, 2e-06, -0.0, -0.0, 0.747739, 0.663993, 0.37472, -2e-06, -0.663994, 0.747738, -0.0, 0.0, 0.0, 0.0, 1.0]
            ]
        },
        {
            "name": "Knee_R",
            "time": [0.0, 0.1167, 0.25, 0.3833, 0.5167, 0.7, 0.8667],
            "transform": [
                [1.0, 0.0, -0.0, -0.0, -0.0, 1e-06, -1.0, 0.37472, -0.0, 1.0, 1e-06, -0.0, 0.0, 0.0, 0.0, 1.0],
                [1.0, 0.0, -0.0, 0.0, -0.0, 1e-06, -1.0, 0.37472, -0.0, 1.0, 1e-06, 0.0, 0.0, 0.0, 0.0, 1.0],
                [1.0, 0.0, -0.0, 0.0, -0.0, 1e-06, -1.0, 0.37472, -0.0, 1.0, 1e-06, 0.0, 0.0, 0.0, 0.0, 1.0],
                [1.0, 0.0, -0.0, 0.0, -0.0, 1e-06, -1.0, 0.37472, -0.0, 1.0, 1e-06, -0.0, 0.0, 0.0, 0.0, 1.0],
                [1.0, 0.0, -0.0, -0.0, -0.0, 1e-06, -1.0, 0.37472, -0.0, 1.0, 1e-06, 0.0, 0.0, 0.0, 0.0, 1.0],
                [1.0, 0.0, -0.0, -0.0, -0.0, 1e-06, -1.0, 0.37472, -0.0, 1.0, 1e-06, -0.0, 0.0, 0.0, 0.0, 1.0],
                [1.0, 0.0, -0.0, -0.0, -0.0, 1e-06, -1.0, 0.37472, -0.0, 1.0, 1e-06, -0.0, 0.0, 0.0, 0.0, 1.0]
            ]
        },
        {
            "name": "Thigh_L",
            "time": [0.0, 0.1167, 0.25, 0.3833, 0.5167, 0.7, 0.8667],
            "transform": [
                [0.864782, -0.064621, -0.497972, -0.125006, -0.061338, -0.997853, 0.02297, -0.002831, -0.498387, 0.010681, -0.866889, -1.2e-05, 0.0, 0.0, 0.0, 1.0],
                [0.603653, -0.74171, -0.292351, -0.21407, -0.09788, -0.432877, 0.896123, 0.042423, -0.791215, -0.512332, -0.333907, -0.080857, 0.0, 0.0, 0.0, 1.0],
                [0.592577, -0.759185, -0.26924, -0.217733, -0.090449, -0.394845, 0.914284, 0.044284, -0.800418, -0.517432, -0.302644, -0.084182, 0.0, 0.0, 0.0, 1.0],
                [0.595323, -0.549014, -0.586664, -0.136447, -0.171363, -0.800104, 0.574863, 0.016994, -0.784999, -0.241697, -0.570401, -0.000225, 0.0, 0.0, 0.0, 1.0],
                [0.738083, -0.524531, -0.424382, -0.152245, -0.610858, -0.786586, -0.090192, -0.045644, -0.286504, 0.325808, -0.90098, 0.081852, 0.0, 0.0, 0.0, 1.0],
                [0.754478, -0.50429, -0.420063, -0.146914, -0.615325, -0.766156, -0.185414, -0.052964, -0.228331, 0.398367, -0.888351, 0.095367, 0.0, 0.0, 0.0, 1.0],
                [0.754478, -0.50429, -0.420063, -0.146914, -0.615325, -0.766156, -0.185414, -0.052964, -0.228331, 0.398367, -0.888351, 0.095367, 0.0, 0.0, 0.0, 1.0]
            ]
        },
        {
            "name": "Leg_L",
            "time": [0.0, 0.1167, 0.25, 0.3833, 0.5167, 0.7, 0.8667],
            "transform": [
                [1.0, -0.0, 1e-06, -0.0, 0.0, 0.999353, 0.035947, 0.37472, -1e-06, -0.035947, 0.999354, -0.0, 0.0, 0.0, 0.0, 1.0],
                [1.0, -1e-06, 1e-06, 0.0, 0.0, 0.719576, 0.694414, 0.37472, -1e-06, -0.694413, 0.719576, -0.0, 0.0, 0.0, 0.0, 1.0],
                [1.0, -1e-06, 1e-06, -0.0, 0.0, 0.698835, 0.715283, 0.37472, -1e-06, -0.715282, 0.698836, 0.0, 0.0, 0.0, 0.0, 1.0],
                [1.0, -1e-06, 1e-06, 0.0, 0.0, 0.85236, 0.522956, 0.37472, -1e-06, -0.522956, 0.85236, 0.0, 0.0, 0.0, 0.0, 1.0],
                [1.0, -0.0, 1e-06, 0.0, 0.0, 0.973214, 0.229898, 0.37472, -1e-06, -0.229898, 0.973215, 0.0, 0.0, 0.0, 0.0, 1.0],
                [1.0, -0.0, 1e-06, -0.0, 0.0, 0.982643, 0.185503, 0.37472, -1e-06, -0.185503, 0.982644, 0.0, 0.0, 0.0, 0.0, 1.0],
                [1.0, -0.0, 1e-06, -0.0, 0.0, 0.982643, 0.185503, 0.37472, -1e-06, -0.185503, 0.982644, 0.0, 0.0, 0.0, 0.0, 1.0]
            ]
        },
        {
            "name": "Knee_L",
            "time": [0.0, 0.1167, 0.25, 0.3833, 0.5167, 0.7, 0.8667],
            "transform": [
                [1.0, 0.0, -0.0, -0.0, -0.0, 1e-06, -1.0, 0.37472, -0.0, 1.0, 1e-06, -0.0, 0.0, 0.0, 0.0, 1.0],
                [1.0, 0.0, -0.0, 0.0, -0.0, 1e-06, -1.0, 0.37472, -0.0, 1.0, 0.0, -0.0, 0.0, 0.0, 0.0, 1.0],
                [1.0, 0.0, -0.0, -0.0, -0.0, 1e-06, -1.0, 0.37472, -0.0, 1.0, 1e-06, 0.0, 0.0, 0.0, 0.0, 1.0],
                [1.0, 0.0, -0.0, 0.0, -0.0, 1e-06, -1.0, 0.37472, -0.0, 1.0, 1e-06, 0.0, 0.0, 0.0, 0.0, 1.0],
                [1.0, 0.0, -0.0, 0.0, -0.0, 1e-06, -1.0, 0.37472, -0.0, 1.0, 1e-06, 0.0, 0.0, 0.0, 0.0, 1.0],
                [1.0, 0.0, -0.0, -0.0, -0.0, 1e-06, -1.0, 0.37472, -0.0, 1.0, 1e-06, 0.0, 0.0, 0.0, 0.0, 1.0],
                [1.0, 0.0, -0.0, -0.0, -0.0, 1e-06, -1.0, 0.37472, -0.0, 1.0, 1e-06, 0.0, 0.0, 0.0, 0.0, 1.0]
            ]
        },
        {
            "name": "Torso",
            "time": [0.0, 0.1167, 0.25, 0.3833, 0.5167, 0.7, 0.8667],
            "transform": [
                [0.996265, -0.020971, 0.083766, -0.0, 0.019316, 0.999603, 0.020528, 0.05, -0.084163, -0.018833, 0.996274, 0.0, 0.0, 0.0, 0.0, 1.0],
                [0.996265, -0.020971, 0.083766, -0.0, 0.019316, 0.999603, 0.020528, 0.05, -0.084163, -0.018833, 0.996274, -0.0, 0.0, 0.0, 0.0, 1.0],
                [0.996265, -0.020971, 0.083766, -0.0, 0.019316, 0.999603, 0.020528, 0.05, -0.084163, -0.018833, 0.996274, 0.0, 0.0, 0.0, 0.0, 1.0],
                [0.990902, -0.020971, 0.132942, 0.0, 0.018277, 0.999603, 0.021458, 0.05, -0.133339, -0.018833, 0.990892, 0.0, 0.0, 0.0, 0.0, 1.0],
                [0.848321, -0.020971, 0.529067, -0.0, 0.007823, 0.999603, 0.02708, 0.05, -0.529425, -0.018833, 0.848148, -0.0, 0.0, 0.0, 0.0, 1.0],
                [0.827493, -0.020971, 0.561083, -0.0, 0.006783, 0.999603, 0.027359, 0.05, -0.561434, -0.018833, 0.827307, 0.0, 0.0, 0.0, 0.0, 1.0],
                [0.827493, -0.020971, 0.561083, -0.0, 0.006783, 0.999603, 0.027359, 0.05, -0.561434, -0.018833, 0.827307, 0.0, 0.0, 0.0, 0.0, 1.0]
            ]
        },
        {
            "name": "Chest",
            "time": [0.0, 0.1167, 0.25, 0.3833, 0.5167, 0.7, 0.8667],
            "transform": [
                [0.999771, -0.021411, -0.000206, 0.0, 0.021411, 0.999586, 0.019225, 0.3, -0.000206, -0.019225, 0.999815, 0.0, 0.0, 0.0, 0.0, 1.0],
                [0.953413, -0.091882, -0.287334, -0.0, 0.116747, 0.990649, 0.0706, 0.3, 0.27816, -0.100857, 0.955225, -0.0, 0.0, 0.0, 0.0, 1.0],
                [0.87536, 0.034657, -0.482227, 0.0, 0.086083, 0.970317, 0.225997, 0.3, 0.475746, -0.23934, 0.846394, 0.0, 0.0, 0.0, 0.0, 1.0],
                [0.891792, 0.00834, -0.452369, -0.0, 0.091588, 0.975803, 0.198545, 0.3, 0.443079, -0.218493, 0.86945, -0.0, 0.0, 0.0, 0.0, 1.0],
                [0.954122, -0.158409, 0.254083, 0.0, 0.135805, 0.985233, 0.104277, 0.3, -0.266849, -0.064987, 0.961545, 0.0, 0.0, 0.0, 0.0, 1.0],
                [0.93475, -0.133744, 0.329174, 0.0, 0.146848, 0.989043, -0.015152, 0.3, -0.323541, 0.062501, 0.944148, 0.0, 0.0, 0.0, 0.0, 1.0],
                [0.93475, -0.133744, 0.329174, 0.0, 0.146848, 0.989043, -0.015152, 0.3, -0.323541, 0.062501, 0.944148, 0.0, 0.0, 0.0, 0.0, 1.0]
            ]
        },
        {
            "name": "Head",
            "time": [0.0, 0.1167, 0.25, 0.3833, 0.5167, 0.7, 0.8667],
            "transform": [
                [0.85311, 0.037721, 0.520365, -0.0, -0.006297, 0.998055, -0.062025, 0.4, -0.521693, 0.049637, 0.851688, -0.0, 0.0, 0.0, 0.0, 1.0],
                [0.642953, 0.037721, 0.764976, 0.0, 0.013785, 0.998055, -0.0608, 0.4, -0.765781, 0.049637, 0.641182, -0.0, 0.0, 0.0, 0.0, 1.0],
                [0.591607, 0.037721, 0.805344, -0.0, 0.017728, 0.998055, -0.05977, 0.4, -0.806032, 0.049637, 0.589787, 0.0, 0.0, 0.0, 0.0, 1.0],
                [0.704591, 0.037721, 0.708611, 0.0, 0.00866, 0.998055, -0.061739, 0.4, -0.709561, 0.049637, 0.702893, 0.0, 0.0, 0.0, 0.0, 1.0],
                [0.813958, 0.037721, -0.579698, 0.0, -0.059503, 0.998055, -0.018605, 0.4, 0.577869, 0.049637, 0.814619, 0.0, 0.0, 0.0, 0.0, 1.0],
                [0.742514, 0.037721, -0.668768, 0.0, -0.061237, 0.998055, -0.011695, 0.4, 0.667026, 0.049637, 0.743379, -0.0, 0.0, 0.0, 0.0, 1.0],
                [0.742514, 0.037721, -0.668768, 0.0, -0.061237, 0.998055, -0.011695, 0.4, 0.667026, 0.049637, 0.743379, -0.0, 0.0, 0.0, 0.0, 1.0]
            ]
        },
        {
            "name": "Shoulder_R",
            "time": [0.0, 0.1167, 0.25, 0.3833, 0.5167, 0.7, 0.8667],
            "transform": [
                [0.0, 0.952114, 0.305743, -0.0, 0.0, -0.305743, 0.952114, 0.4, 1.0, 0.0, -0.0, -0.0, 0.0, 0.0, 0.0, 1.0],
                [-0.141413, 0.941553, 0.305743, 0.0, 0.045411, -0.302352, 0.952114, 0.4, 0.988908, 0.148525, -0.0, -0.0, 0.0, 0.0, 0.0, 1.0],
                [-0.147177, 0.94067, 0.305743, -0.0, 0.047262, -0.302068, 0.952114, 0.4, 0.98798, 0.154579, -0.0, 0.0, 0.0, 0.0, 0.0, 1.0],
                [-0.095652, 0.956273, 0.276393, 0.0, 0.02195, -0.275572, 0.96103, 0.4, 0.995173, 0.097992, 0.005369, 0.0, 0.0, 0.0, 0.0, 1.0],
                [0.369179, 0.928548, 0.038789, 0.0, -0.125474, 0.008444, 0.992061, 0.4, 0.920849, -0.371115, 0.119626, 0.0, 0.0, 0.0, 0.0, 1.0],
                [0.409552, 0.912058, 0.020421, 0.0, -0.131515, 0.036876, 0.990628, 0.4, 0.902757, -0.408399, 0.135052, -0.0, 0.0, 0.0, 0.0, 1.0],
                [0.409552, 0.912058, 0.020421, 0.0, -0.131515, 0.036876, 0.990628, 0.4, 0.902757, -0.408399, 0.135052, -0.0, 0.0, 0.0, 0.0, 1.0]
            ]
        },
        {
            "name": "Arm_R",
            "time": [0.0, 0.1167, 0.25, 0.3833, 0.5167, 0.7, 0.8667],
            "transform": [
                [0.057449, -0.231993, -0.971019, 0.0, 0.928414, 0.370035, -0.03348, 0.39386, 0.367078, -0.899585, 0.236644, 0.0, 0.0, 0.0, 0.0, 1.0],
                [0.118178, -0.660943, -0.741073, 0.0, 0.734448, 0.56045, -0.382729, 0.39386, 0.668296, -0.499049, 0.551661, 0.0, 0.0, 0.0, 0.0, 1.0],
                [0.158022, -0.199482, -0.967076, -0.0, 0.529362, 0.843865, -0.087568, 0.39386, 0.83355, -0.498095, 0.238947, 0.0, 0.0, 0.0, 0.0, 1.0],
                [0.149916, -0.020731, -0.988481, -0.0, 0.162768, 0.986656, 0.003993, 0.39386, 0.975209, -0.161491, 0.15129, 0.0, 0.0, 0.0, 0.0, 1.0],
                [0.118202, -0.962762, -0.243141, 0.0, 0.09426, 0.254631, -0.962433, 0.39386, 0.988505, 0.090843, 0.120848, -0.0, 0.0, 0.0, 0.0, 1.0],
                [0.133876, -0.978211, -0.158685, 0.0, 0.065134, 0.168466, -0.983553, 0.39386, 0.988855, 0.121339, 0.086269, -0.0, 0.0, 0.0, 0.0, 1.0],
                [0.133876, -0.978211, -0.158685, 0.0, 0.065134, 0.168466, -0.983553, 0.39386, 0.988855, 0.121339, 0.086269, -0.0, 0.0, 0.0, 0.0, 1.0]
            ]
        },
        {
            "name": "Hand_R",
            "time": [0.0, 0.1167, 0.25, 0.3833, 0.5167, 0.7, 0.8667],
            "transform": [
                [1.0, -0.0, 0.0, -0.0, 0.0, 0.274677, -0.961537, 0.3, 0.0, 0.961536, 0.274677, -0.0, 0.0, 0.0, 0.0, 1.0],
                [1.0, -0.0, 0.0, -0.0, 0.0, 0.670797, -0.741641, 0.3, 0.0, 0.741641, 0.670797, -0.0, 0.0, 0.0, 0.0, 1.0],
                [1.0, -0.0, 0.0, -0.0, 0.0, 0.999887, 0.015068, 0.3, -0.0, -0.015068, 0.999886, -0.0, 0.0, 0.0, 0.0, 1.0],
                [1.0, -0.0, -0.0, 0.0, 0.0, 0.999976, 0.00697, 0.3, 0.0, -0.00697, 0.999976, 0.0, 0.0, 0.0, 0.0, 1.0],
                [1.0, -0.0, -0.0, 0.0, 0.0, 0.998091, -0.061768, 0.3, 0.0, 0.061768, 0.99809, 0.0, 0.0, 0.0, 0.0, 1.0],
                [1.0, -0.0, -0.0, 0.0, 0.0, 0.997685, -0.068011, 0.3, 0.0, 0.068011, 0.997685, -0.0, 0.0, 0.0, 0.0, 1.0],
                [1.0, -0.0, -0.0, 0.0, 0.0, 0.997685, -0.068011, 0.3, 0.0, 0.068011, 0.997685, -0.0, 0.0, 0.0, 0.0, 1.0]
            ]
        },
        {
            "name": "Tool_R",
            "time": [0.0, 0.1167, 0.25, 0.3833, 0.5167, 0.7, 0.8667],
            "transform": [
                [1.0, 0.0, -0.0, -0.003598, 0.0, 0.390346, 0.920668, 0.426086, 0.0, -0.920119, 0.390124, 0.090799, 0.0, 0.0, 0.0, 1.0],
                [1.0, 0.0, 0.0, 0.019196, 0.0, -0.180039, 0.983659, 0.273185, 0.0, -0.983079, -0.179921, -0.908071, 0.0, 0.0, 0.0, 1.0],
                [1.0, 0.0, -0.0, -0.003598, 0.0, 0.065546, 0.99785, 0.571392, 0.0, -0.997258, 0.065518, -0.7027, 0.0, 0.0, 0.0, 1.0],
                [1.0, 0.0, -0.0, -0.003597, 0.0, 0.065546, 0.99785, 0.571391, 0.0, -0.997258, 0.065518, -0.7027, 0.0, 0.0, 0.0, 1.0],
                [1.0, 0.0, -0.0, -0.003597, 0.0, 0.065546, 0.99785, 0.585679, 0.0, -0.997258, 0.065518, -0.920075, 0.0, 0.0, 0.0, 1.0],
                [1.0, 0.0, -0.0, 0.018907, 0.0, 0.230243, 0.973133, 0.582769, 0.0, -0.972555, 0.230117, -0.938599, 0.0, 0.0, 0.0, 1.0],
                [1.0, 0.0, -0.0, 0.018907, 0.0, 0.230243, 0.973133, 0.582769, 0.0, -0.972555, 0.230117, -0.938599, 0.0, 0.0, 0.0, 1.0]
            ]
        },
        {
            "name": "Elbow_R",
            "time": [0.0, 0.1167, 0.25, 0.3833, 0.5167, 0.7, 0.8667],
            "transform": [
                [-1.0, 0.0, -0.0, -0.0, 0.0, -0.0, -1.0, 0.398921, -0.0, -1.0, 0.0, -0.0, 0.0, 0.0, 0.0, 1.0],
                [-1.0, 0.0, 0.0, -0.0, 0.0, 0.499391, -0.866377, 0.303908, -0.0, -0.866377, -0.499391, -0.0, 0.0, 0.0, 0.0, 1.0],
                [-1.0, 0.0, 0.0, -0.0, -0.0, 0.517696, -0.855565, 0.3, -0.0, -0.855565, -0.517696, -0.0, 0.0, 0.0, 0.0, 1.0],
                [-1.0, 0.0, 0.0, 0.0, 0.0, 0.477745, -0.878498, 0.3, -0.0, -0.878499, -0.477745, 0.0, 0.0, 0.0, 0.0, 1.0],
                [-1.0, 0.0, 0.0, 0.0, 0.0, 0.103414, -0.994638, 0.3, -0.0, -0.994638, -0.103414, 0.0, 0.0, 0.0, 0.0, 1.0],
                [-1.0, 0.0, 0.0, 0.0, -0.0, 0.067974, -0.997687, 0.3, -0.0, -0.997687, -0.067974, -0.0, 0.0, 0.0, 0.0, 1.0],
                [-1.0, 0.0, 0.0, 0.0, -0.0, 0.067974, -0.997687, 0.3, -0.0, -0.997687, -0.067974, -0.0, 0.0, 0.0, 0.0, 1.0]
            ]
        },
        {
            "name": "Shoulder_L",
            "time": [0.0, 0.1167, 0.25, 0.3833, 0.5167, 0.7, 0.8667],
            "transform": [
                [0.0, -0.999908, 0.013597, -0.0, 0.0, 0.013597, 0.999908, 0.4, -1.0, -0.0, 0.0, -0.0, 0.0, 0.0, 0.0, 1.0],
                [-0.285512, -0.958278, 0.013597, 0.0, 0.003883, 0.013031, 0.999907, 0.4, -0.958367, 0.285539, 0.0, -0.0, 0.0, 0.0, 0.0, 1.0],
                [-0.296185, -0.955034, 0.013597, -0.0, 0.004028, 0.012987, 0.999907, 0.4, -0.955122, 0.296212, 0.0, 0.0, 0.0, 0.0, 0.0, 1.0],
                [-0.267916, -0.963346, 0.013597, 0.0, 0.003643, 0.0131, 0.999907, 0.4, -0.963435, 0.267941, 0.0, 0.0, 0.0, 0.0, 0.0, 1.0],
                [-0.022562, -0.999653, 0.013597, 0.0, 0.000307, 0.013594, 0.999907, 0.4, -0.999745, 0.022564, 0.0, 0.0, 0.0, 0.0, 0.0, 1.0],
                [0.0, -0.999908, 0.013597, 0.0, 0.0, 0.013597, 0.999908, 0.4, -1.0, -0.0, 0.0, -0.0, 0.0, 0.0, 0.0, 1.0],
                [0.0, -0.999908, 0.013597, 0.0, 0.0, 0.013597, 0.999908, 0.4, -1.0, -0.0, 0.0, -0.0, 0.0, 0.0, 0.0, 1.0]
            ]
        },
        {
            "name": "Arm_L",
            "time": [0.0, 0.1167, 0.25, 0.3833, 0.5167, 0.7, 0.8667],
            "transform": [
                [0.039073, 0.530007, 0.847093, 0.0, -0.862567, 0.445843, -0.239168, 0.39386, -0.504431, -0.721329, 0.474587, 0.0, 0.0, 0.0, 0.0, 1.0],
                [0.039073, 0.530007, 0.847093, 0.0, -0.862567, 0.445843, -0.239168, 0.39386, -0.504431, -0.721329, 0.474587, -0.0, 0.0, 0.0, 0.0, 1.0],
                [0.039073, 0.530007, 0.847093, 0.0, -0.862567, 0.445843, -0.239168, 0.39386, -0.504431, -0.721329, 0.474587, -0.0, 0.0, 0.0, 0.0, 1.0],
                [0.039073, 0.530007, 0.847093, 0.0, -0.862567, 0.445843, -0.239168, 0.39386, -0.504431, -0.721329, 0.474587, 0.0, 0.0, 0.0, 0.0, 1.0],
                [0.039073, 0.530007, 0.847093, 0.0, -0.862567, 0.445843, -0.239168, 0.39386, -0.504431, -0.721329, 0.474587, 0.0, 0.0, 0.0, 0.0, 1.0],
                [0.039073, 0.530007, 0.847093, -0.0, -0.862567, 0.445843, -0.239168, 0.39386, -0.504431, -0.721329, 0.474587, 0.0, 0.0, 0.0, 0.0, 1.0],
                [0.039073, 0.530007, 0.847093, -0.0, -0.862567, 0.445843, -0.239168, 0.39386, -0.504431, -0.721329, 0.474587, 0.0, 0.0, 0.0, 0.0, 1.0]
            ]
        },
        {
            "name": "Hand_L",
            "time": [0.0, 0.1167, 0.25, 0.3833, 0.5167, 0.7, 0.8667],
            "transform": [
                [0.986933, 0.085167, 0.136786, -0.0, 0.158302, -0.354065, -0.921726, 0.3, -0.030069, 0.931335, -0.362921, 0.0, 0.0, 0.0, 0.0, 1.0],
                [0.986933, 0.085167, 0.136786, -0.0, 0.158302, -0.354065, -0.921726, 0.3, -0.030069, 0.931335, -0.362921, -0.0, 0.0, 0.0, 0.0, 1.0],
                [0.986933, 0.085167, 0.136786, -0.0, 0.158302, -0.354065, -0.921726, 0.3, -0.030069, 0.931335, -0.362921, 0.0, 0.0, 0.0, 0.0, 1.0],
                [0.986933, 0.075681, 0.142254, 0.0, 0.158302, -0.290653, -0.943643, 0.3, -0.030069, 0.953831, -0.298835, 0.0, 0.0, 0.0, 0.0, 1.0],
                [0.986933, -0.015927, 0.160344, 0.0, 0.158302, 0.281536, -0.946403, 0.3, -0.030069, 0.959419, 0.280379, 0.0, 0.0, 0.0, 0.0, 1.0],
                [0.986933, -0.02431, 0.159289, 0.0, 0.158302, 0.330758, -0.930344, 0.3, -0.030069, 0.943402, 0.330285, 0.0, 0.0, 0.0, 0.0, 1.0],
                [0.986933, -0.02431, 0.159289, 0.0, 0.158302, 0.330758, -0.930344, 0.3, -0.030069, 0.943402, 0.330285, 0.0, 0.0, 0.0, 0.0, 1.0]
            ]
        },
        {
            "name": "Tool_L",
            "time": [0.0, 0.1167, 0.25, 0.3833, 0.5167, 0.7, 0.8667],
            "transform": [
                [-0.03254, 0.990548, -0.133248, 0.085051, 0.99563, 0.043801, 0.082474, 0.256548, 0.08749, -0.129905, -0.987063, 0.239384, 0.0, 0.0, 0.0, 1.0],
                [-0.03254, 0.990549, -0.133248, 0.085051, 0.99563, 0.043801, 0.082474, 0.256548, 0.08749, -0.129905, -0.987063, 0.239384, 0.0, 0.0, 0.0, 1.0],
                [-0.03254, 0.990548, -0.133248, 0.085051, 0.99563, 0.043801, 0.082474, 0.256548, 0.08749, -0.129905, -0.987063, 0.239384, 0.0, 0.0, 0.0, 1.0],
                [-0.03254, 0.990548, -0.133248, 0.085051, 0.99563, 0.043801, 0.082474, 0.256548, 0.08749, -0.129905, -0.987063, 0.239384, 0.0, 0.0, 0.0, 1.0],
                [-0.03254, 0.990548, -0.133248, 0.085051, 0.99563, 0.043801, 0.082474, 0.256548, 0.08749, -0.129905, -0.987063, 0.239384, 0.0, 0.0, 0.0, 1.0],
                [-0.03254, 0.990548, -0.133248, 0.085051, 0.99563, 0.043801, 0.082474, 0.256548, 0.08749, -0.129905, -0.987063, 0.239384, 0.0, 0.0, 0.0, 1.0],
                [-0.03254, 0.990548, -0.133248, 0.085051, 0.99563, 0.043801, 0.082474, 0.256548, 0.08749, -0.129905, -0.987063, 0.239384, 0.0, 0.0, 0.0, 1.0]
            ]
        },
        {
            "name": "Elbow_L",
            "time": [0.0, 0.1167, 0.25, 0.3833, 0.5167, 0.7, 0.8667],
            "transform": [
                [-1.0, 0.0, 0.0, -0.0, 0.0, 0.575683, -0.817673, 0.402134, -0.0, -0.817673, -0.575683, -0.0, 0.0, 0.0, 0.0, 1.0],
                [-1.0, 0.0, 0.0, -0.0, 0.0, 0.575683, -0.817673, 0.402134, -0.0, -0.817673, -0.575683, 0.0, 0.0, 0.0, 0.0, 1.0],
                [-1.0, 0.0, 0.0, -0.0, -0.0, 0.575683, -0.817673, 0.402134, -0.0, -0.817673, -0.575683, 0.0, 0.0, 0.0, 0.0, 1.0],
                [-1.0, 0.0, 0.0, 0.0, 0.0, 0.544917, -0.83849, 0.402134, -0.0, -0.83849, -0.544917, -0.0, 0.0, 0.0, 0.0, 1.0],
                [-1.0, 0.0, 0.0, 0.0, 0.0, 0.256245, -0.966612, 0.402134, -0.0, -0.966612, -0.256245, 0.0, 0.0, 0.0, 0.0, 1.0],
                [-1.0, 0.0, 0.0, -0.0, -0.0, 0.228411, -0.973565, 0.402134, -0.0, -0.973565, -0.228411, 0.0, 0.0, 0.0, 0.0, 1.0],
                [-1.0, 0.0, 0.0, -0.0, -0.0, 0.228411, -0.973565, 0.402134, -0.0, -0.973565, -0.228411, 0.0, 0.0, 0.0, 0.0, 1.0]
            ]
        }
    ]
}