{
    "animation": [
        {
            "name": "Root",
            "time": [0.0, 0.3, 0.4667, 0.5333, 0.6667, 0.9167, 1.05],
            "transform": [
                [0.784743, -0.013248, 0.61968, -0.054804, 0.619166, 0.062717, -0.782752, -0.018824, -0.028494, 0.997943, 0.057419, 0.587014, 0.0, 0.0, 0.0, 1.0],
                [0.641525, 0.00486, -0.767087, -0.228792, -0.76661, 0.039886, -0.640873, 0.517376, 0.027481, 0.999192, 0.029313, 0.704007, 0.0, 0.0, 0.0, 1.0],
                [0.468264, -0.006532, -0.883564, -0.232266, -0.881758, -0.067794, -0.466806, 0.478394, -0.056851, 0.997678, -0.037505, 0.672709, 0.0, 0.0, 0.0, 1.0],
                [0.589535, 0.002646, -0.807738, -0.156158, -0.805991, 0.067739, -0.588038, 1.30062, 0.05316, 0.9977, 0.042067, 0.578843, 0.0, 0.0, 0.0, 1.0],
                [0.607954, 0.002305, -0.793969, -0.148333, -0.790912, 0.089469, -0.605354, 1.323862, 0.06964, 0.995987, 0.056216, 0.616223, 0.0, 0.0, 0.0, 1.0],
                [0.608921, 0.004804, -0.793217, -0.131662, -0.792289, 0.052408, -0.607891, 1.164641, 0.03865, 0.998614, 0.035719, 0.616222, 0.0, 0.0, 0.0, 1.0],
                [0.608921, 0.004804, -0.793217, -0.131662, -0.792289, 0.052408, -0.607891, 1.164641, 0.03865, 0.998614, 0.035719, 0.616222, 0.0, 0.0, 0.0, 1.0]
            ]
        },
        {
            "name": "Thigh_R",
            "time": [0.0, 0.3, 0.4667, 0.5333, 0.6667, 0.9167, 1.05],
            "transform": [
                [0.859957, 0.480138, -0.173032, 0.164165, 0.427763, -0.49316, 0.757504, -0.003031, 0.278374, -0.725438, -0.629482, -0.094013, 0.0, 0.0, 0.0, 1.0],
                [0.770379, 0.38884, 0.505292, 0.124994, 0.385806, -0.915244, 0.116106, -0.002831, 0.507612, 0.1055, -0.855103, -1.2e-05, 0.0, 0.0, 0.0, 1.0],
                [0.70552, 0.61443, 0.353152, 0.136502, 0.53229, -0.788417, 0.308327, -0.032663, 0.467876, -0.029551, -0.8833, 0.007197, 0.0, 0.0, 0.0, 1.0],
                [0.64582, 0.54692, 0.532723, 0.189643, 0.641072, -0.767406, 0.010687, -0.032349, 0.414659, 0.334612, -0.846223, 0.068912, 0.0, 0.0, 0.0, 1.0],
                [0.674234, 0.487716, 0.554565, 0.196159, 0.602318, -0.797662, -0.030782, -0.032298, 0.427342, 0.354779, -0.831571, 0.077556, 0.0, 0.0, 0.0, 1.0],
                [0.718389, 0.592476, 0.36454, 0.137741, 0.325627, -0.749481, 0.576407, -0.033652, 0.614723, -0.29538, -0.731346, 0.038641, 0.0, 0.0, 0.0, 1.0],
                [0.718389, 0.592476, 0.36454, 0.137741, 0.325627, -0.749481, 0.576407, -0.033652, 0.614723, -0.29538, -0.731346, 0.038641, 0.0, 0.0, 0.0, 1.0]
            ]
        },
        {
            "name": "Leg_R",
            "time": [0.0, 0.3, 0.4667, 0.5333, 0.6667, 0.9167, 1.05],
            "transform": [
                [1.0, -1e-06, 2e-06, -0.0, -0.0, 0.747739, 0.663993, 0.37472, -2e-06, -0.663994, 0.747738, -0.0, 0.0, 0.0, 0.0, 1.0],
                [1.0, -0.0, 2e-06, -0.0, -0.0, 0.968834, 0.247713, 0.37472, -2e-06, -0.247713, 0.968833, -0.0, 0.0, 0.0, 0.0, 1.0],
                [1.0, -1e-06, 2e-06, -0.0, -0.0, 0.832411, 0.55416, 0.37472, -2e-06, -0.554161, 0.832409, -0.0, 0.0, 0.0, 0.0, 1.0],
                [1.0, -1e-06, 2e-06, -0.0, -0.0, 0.946749, 0.321975, 0.37472, -2e-06, -0.321975, 0.946748, -0.0, 0.0, 0.0, 0.0, 1.0],
                [1.0, -0.0, 2e-06, -0.0, -0.0, 0.959302, 0.282384, 0.37472, -2e-06, -0.282385, 0.959301, -0.0, 0.0, 0.0, 0.0, 1.0],
                [1.0, -1e-06, 1e-06, 0.0, -0.0, 0.689576, 0.724213, 0.37472, -2e-06, -0.724214, 0.689575, -0.0, 0.0, 0.0, 0.0, 1.0],
                [1.0, -1e-06, 1e-06, 0.0, -0.0, 0.689576, 0.724213, 0.37472, -2e-06, -0.724214, 0.689575, -0.0, 0.0, 0.0, 0.0, 1.0]
            ]
        },
        {
            "name": "Knee_R",
            "time": [0.0, 0.3, 0.4667, 0.5333, 0.6667, 0.9167, 1.05],
            "transform": [
                [1.0, 0.0, -0.0, -0.0, -0.0, 1e-06, -1.0, 0.37472, -0.0, 1.0, 1e-06, -0.0, 0.0, 0.0, 0.0, 1.0],
                [1.0, 0.0, -0.0, -0.0, -0.0, 1e-06, -1.0, 0.37472, -0.0, 1.0, 1e-06, -0.0, 0.0, 0.0, 0.0, 1.0],
                [1.0, 0.0, -0.0, -0.0, -0.0, 1e-06, -1.0, 0.37472, -0.0, 1.0, 1e-06, -0.0, 0.0, 0.0, 0.0, 1.0],
                [1.0, 0.0, -0.0, -0.0, -0.0, 1e-06, -1.0, 0.37472, -0.0, 1.0, 1e-06, -0.0, 0.0, 0.0, 0.0, 1.0],
                [1.0, 0.0, -0.0, -0.0, -0.0, 1e-06, -1.0, 0.37472, -0.0, 1.0, 1e-06, -0.0, 0.0, 0.0, 0.0, 1.0],
                [1.0, 0.0, -0.0, 0.0, -0.0, 1e-06, -1.0, 0.37472, -0.0, 1.0, 1e-06, -0.0, 0.0, 0.0, 0.0, 1.0],
                [1.0, 0.0, -0.0, 0.0, -0.0, 1e-06, -1.0, 0.37472, -0.0, 1.0, 1e-06, -0.0, 0.0, 0.0, 0.0, 1.0]
            ]
        },
        {
            "name": "Thigh_L",
            "time": [0.0, 0.05, 0.3, 0.4667, 0.5333, 0.6667, 0.9167, 1.05],
            "transform": [
                [0.754478, -0.50429, -0.420063, -0.146914, -0.615325, -0.766156, -0.185414, -0.052964, -0.228331, 0.398367, -0.888351, 0.095367, 0.0, 0.0, 0.0, 1.0],
                [0.98692, -0.140431, 0.079157, -0.125006, -0.160062, -0.911994, 0.377685, -0.002831, 0.019152, -0.385415, -0.922544, -1.2e-05, 0.0, 0.0, 0.0, 1.0],
                [0.949642, -0.311166, -0.036798, -0.165214, -0.218944, -0.742989, 0.632479, -0.042985, -0.224146, -0.592572, -0.773703, -0.052455, 0.0, 0.0, 0.0, 1.0],
                [0.949642, -0.311166, -0.036798, -0.198633, -0.218944, -0.742989, 0.632479, -0.085567, -0.224146, -0.592573, -0.773703, -0.076007, 0.0, 0.0, 0.0, 1.0],
                [0.906956, -0.406488, 0.110436, -0.163481, -0.303417, -0.448595, 0.840654, -0.029601, -0.292175, -0.795946, -0.530192, -0.020567, 0.0, 0.0, 0.0, 1.0],
                [0.898927, -0.432485, 0.069904, -0.157841, -0.315014, -0.527204, 0.78919, -0.02062, -0.304459, -0.731445, -0.610157, -0.01167, 0.0, 0.0, 0.0, 1.0],
                [0.90954, -0.413223, 0.044534, -0.157841, -0.291381, -0.557585, 0.7773, -0.02062, -0.296366, -0.719962, -0.627552, -0.01167, 0.0, 0.0, 0.0, 1.0],
                [0.90954, -0.413223, 0.044534, -0.157841, -0.291381, -0.557585, 0.7773, -0.02062, -0.296366, -0.719962, -0.627552, -0.01167, 0.0, 0.0, 0.0, 1.0]
            ]
        },
        {
            "name": "Leg_L",
            "time": [0.0, 0.05, 0.3, 0.4667, 0.5333, 0.6667, 0.9167, 1.05],
            "transform": [
                [1.0, -0.0, 1e-06, 0.0, 0.0, 0.982643, 0.185503, 0.37472, -1e-06, -0.185503, 0.982644, 0.0, 0.0, 0.0, 0.0, 1.0],
                [1.0, -1e-06, 0.0, 0.0, 0.0, 0.236368, 0.971664, 0.37472, -1e-06, -0.971663, 0.236368, -0.0, 0.0, 0.0, 0.0, 1.0],
                [1.0, -1e-06, 1e-06, 0.0, 0.0, 0.94375, 0.330658, 0.37472, -1e-06, -0.330658, 0.943751, -0.0, 0.0, 0.0, 0.0, 1.0],
                [1.0, -1e-06, 1e-06, 0.0, 0.0, 0.94375, 0.330658, 0.37472, -1e-06, -0.330658, 0.943751, -0.0, 0.0, 0.0, 0.0, 1.0],
                [1.0, -1e-06, 1e-06, -0.0, 0.0, 0.855135, 0.518405, 0.37472, -1e-06, -0.518405, 0.855136, -0.0, 0.0, 0.0, 0.0, 1.0],
                [1.0, -1e-06, 1e-06, -0.0, 0.0, 0.837392, 0.546603, 0.37472, -1e-06, -0.546603, 0.837392, -0.0, 0.0, 0.0, 0.0, 1.0],
                [1.0, -1e-06, 1e-06, -0.0, 0.0, 0.687818, 0.725883, 0.37472, -1e-06, -0.725882, 0.687819, 0.0, 0.0, 0.0, 0.0, 1.0],
                [1.0, -1e-06, 1e-06, -0.0, 0.0, 0.687818, 0.725883, 0.37472, -1e-06, -0.725882, 0.687819, 0.0, 0.0, 0.0, 0.0, 1.0]
            ]
        },
        {
            "name": "Knee_L",
            "time": [0.0, 0.05, 0.3, 0.4667, 0.5333, 0.6667, 0.9167, 1.05],
            "transform": [
                [1.0, 0.0, -0.0, 0.0, -0.0, 1e-06, -1.0, 0.37472, -0.0, 1.0, 1e-06, 0.0, 0.0, 0.0, 0.0, 1.0],
                [1.0, 0.0, -0.0, 0.0, -0.0, 0.424318, -0.905513, 0.37472, -0.0, 0.905513, 0.424318, -0.0, 0.0, 0.0, 0.0, 1.0],
                [1.0, 0.0, -0.0, 0.0, -0.0, 0.424318, -0.905513, 0.37472, -0.0, 0.905513, 0.424318, -0.0, 0.0, 0.0, 0.0, 1.0],
                [1.0, 0.0, -0.0, 0.0, -0.0, 0.424318, -0.905513, 0.37472, -0.0, 0.905513, 0.424318, -0.0, 0.0, 0.0, 0.0, 1.0],
                [1.0, 0.0, -0.0, -0.0, -0.0, 0.424318, -0.905513, 0.37472, -0.0, 0.905513, 0.424318, -0.0, 0.0, 0.0, 0.0, 1.0],
                [1.0, 0.0, -0.0, -0.0, -0.0, 0.424318, -0.905513, 0.37472, -0.0, 0.905513, 0.424318, -0.0, 0.0, 0.0, 0.0, 1.0],
                [1.0, 0.0, -0.0, -0.0, -0.0, 0.424318, -0.905513, 0.37472, -0.0, 0.905513, 0.424318, 0.0, 0.0, 0.0, 0.0, 1.0],
                [1.0, 0.0, -0.0, -0.0, -0.0, 0.424318, -0.905513, 0.37472, -0.0, 0.905513, 0.424318, 0.0, 0.0, 0.0, 0.0, 1.0]
            ]
        },
        {
            "name": "Torso",
            "time": [0.0, 0.3, 0.4667, 0.5333, 0.6667, 0.9167, 1.05],
            "transform": [
                [0.827493, -0.020971, 0.561083, 0.0, 0.006783, 0.999603, 0.027359, 0.05, -0.561434, -0.018833, 0.827307, 0.0, 0.0, 0.0, 0.0, 1.0],
                [0.929207, -0.020971, -0.368963, -0.0, 0.02644, 0.999603, 0.00977, 0.05, 0.368612, -0.018833, 0.929393, -0.0, 0.0, 0.0, 0.0, 1.0],
                [0.762472, -0.020971, -0.646681, -0.0, 0.028175, 0.999603, 0.000804, 0.05, 0.646407, -0.018833, 0.76276, -0.0, 0.0, 0.0, 0.0, 1.0],
                [0.85143, -0.202526, -0.483787, 0.0, 0.110628, 0.971031, -0.211803, 0.05, 0.512668, 0.126815, 0.84917, 0.0, 0.0, 0.0, 0.0, 1.0],
                [0.86191, -0.227878, -0.45297, 0.0, 0.126679, 0.96177, -0.242799, 0.05, 0.490982, 0.151889, 0.857827, 0.0, 0.0, 0.0, 0.0, 1.0],
                [0.868159, -0.202775, -0.45297, -0.0, 0.098721, 0.965041, -0.242799, 0.05, 0.486368, 0.16607, 0.857827, -0.0, 0.0, 0.0, 0.0, 1.0],
                [0.868159, -0.202775, -0.45297, -0.0, 0.098721, 0.965041, -0.242799, 0.05, 0.486368, 0.16607, 0.857827, -0.0, 0.0, 0.0, 0.0, 1.0]
            ]
        },
        {
            "name": "Chest",
            "time": [0.0, 0.1667, 0.3, 0.4667, 0.5333, 0.6667, 0.9167, 1.05],
            "transform": [
                [0.93475, -0.133744, 0.329174, -0.0, 0.146848, 0.989043, -0.015152, 0.3, -0.323541, 0.062501, 0.944148, 0.0, 0.0, 0.0, 0.0, 1.0],
                [0.931129, -0.142463, -0.335712, 0.0, 0.121021, 0.989084, -0.084064, 0.3, 0.344023, 0.037646, 0.938206, 0.0, 0.0, 0.0, 0.0, 1.0],
                [0.424878, -0.007505, -0.905219, -0.0, 0.127049, 0.990563, 0.05142, 0.3, 0.896291, -0.136854, 0.421822, 0.0, 0.0, 0.0, 0.0, 1.0],
                [0.424878, -0.007505, -0.90522, 0.0, 0.127049, 0.990563, 0.05142, 0.3, 0.896291, -0.136854, 0.421822, -0.0, 0.0, 0.0, 0.0, 1.0],
                [0.965818, 0.014622, -0.258807, -0.0, 0.035072, 0.981856, 0.186354, 0.3, 0.256837, -0.189061, 0.947782, -0.0, 0.0, 0.0, 0.0, 1.0],
                [0.991931, 0.01364, -0.126045, 0.0, 0.011704, 0.980098, 0.198168, 0.3, 0.126239, -0.198044, 0.97203, -0.0, 0.0, 0.0, 0.0, 1.0],
                [0.991527, -0.031403, -0.126045, 0.0, 0.056183, 0.978557, 0.198168, 0.3, 0.117119, -0.20357, 0.97203, 0.0, 0.0, 0.0, 0.0, 1.0],
                [0.991527, -0.031403, -0.126045, 0.0, 0.056183, 0.978557, 0.198168, 0.3, 0.117119, -0.20357, 0.97203, 0.0, 0.0, 0.0, 0.0, 1.0]
            ]
        },
        {
            "name": "Head",
            "time": [0.0, 0.1667, 0.3, 0.4667, 0.5333, 0.6667, 0.9167, 1.05],
            "transform": [
                [0.742514, 0.037721, -0.668768, -0.0, -0.061237, 0.998055, -0.011695, 0.4, 0.667026, 0.049637, 0.743379, -0.0, 0.0, 0.0, 0.0, 1.0],
                [0.963958, 0.039581, 0.263093, -0.0, -0.024859, 0.997945, -0.059055, 0.4, -0.26489, 0.050386, 0.962961, 0.0, 0.0, 0.0, 0.0, 1.0],
                [-0.357796, 0.04116, 0.932892, 0.0, 0.061503, 0.997898, -0.02044, 0.4, -0.931772, 0.050063, -0.359575, -0.0, 0.0, 0.0, 0.0, 1.0],
                [-0.357796, 0.04116, 0.932892, 0.0, 0.061503, 0.997898, -0.02044, 0.4, -0.931772, 0.050063, -0.359575, -0.0, 0.0, 0.0, 0.0, 1.0],
                [-0.122579, 0.014063, 0.992359, 0.0, -0.049393, 0.998574, -0.020252, 0.4, -0.991229, -0.051498, -0.121709, 0.0, 0.0, 0.0, 0.0, 1.0],
                [-0.083666, 0.012056, 0.996421, -0.0, -0.066977, 0.997597, -0.017694, 0.4, -0.994241, -0.068218, -0.082657, -0.0, 0.0, 0.0, 0.0, 1.0],
                [-0.083666, 0.012056, 0.996421, 0.0, -0.066977, 0.997598, -0.017694, 0.4, -0.994241, -0.068218, -0.082657, -0.0, 0.0, 0.0, 0.0, 1.0],
                [-0.083666, 0.012056, 0.996421, 0.0, -0.066977, 0.997598, -0.017694, 0.4, -0.994241, -0.068218, -0.082657, -0.0, 0.0, 0.0, 0.0, 1.0]
            ]
        },
        {
            "name": "Shoulder_R",
            "time": [0.0, 0.3, 0.4667, 0.5333, 0.6667, 0.9167, 1.05],
            "transform": [
                [0.409552, 0.912058, 0.020421, -0.0, -0.131515, 0.036876, 0.990628, 0.4, 0.902757, -0.408399, 0.135052, -0.0, 0.0, 0.0, 0.0, 1.0],
                [0.257218, 0.916711, 0.305743, 0.0, -0.082598, -0.294375, 0.952114, 0.4, 0.962817, -0.270155, -0.0, -0.0, 0.0, 0.0, 0.0, 1.0],
                [0.257218, 0.916711, 0.305743, 0.0, -0.082598, -0.294375, 0.952114, 0.4, 0.962817, -0.270155, -0.0, -0.0, 0.0, 0.0, 0.0, 1.0],
                [0.257218, 0.916711, 0.305743, 0.0, -0.082598, -0.294375, 0.952114, 0.4, 0.962817, -0.270155, -0.0, 0.0, 0.0, 0.0, 0.0, 1.0],
                [0.257218, 0.916711, 0.305743, -0.0, -0.082598, -0.294375, 0.952114, 0.4, 0.962817, -0.270155, -0.0, -0.0, 0.0, 0.0, 0.0, 1.0],
                [0.257218, 0.916711, 0.305743, 0.0, -0.082598, -0.294375, 0.952114, 0.4, 0.962817, -0.270155, -0.0, -0.0, 0.0, 0.0, 0.0, 1.0],
                [0.257218, 0.916711, 0.305743, 0.0, -0.082598, -0.294375, 0.952114, 0.4, 0.962817, -0.270155, -0.0, -0.0, 0.0, 0.0, 0.0, 1.0]
            ]
        },
        {
            "name": "Arm_R",
            "time": [0.0, 0.1, 0.3, 0.4667, 0.5333, 0.6667, 0.9167, 1.05],
            "transform": [
                [0.133876, -0.978211, -0.158685, 0.0, 0.065134, 0.168466, -0.983553, 0.39386, 0.988855, 0.121339, 0.086269, 0.0, 0.0, 0.0, 0.0, 1.0],
                [0.710019, -0.640582, 0.292451, -0.0, 0.62114, 0.374068, -0.688664, 0.393861, 0.331749, 0.670618, 0.663486, 0.0, 0.0, 0.0, 0.0, 1.0],
                [-0.108262, -0.171486, -0.97922, -0.0, 0.737025, 0.647177, -0.194823, 0.39386, 0.667138, -0.742802, 0.056325, -0.0, 0.0, 0.0, 0.0, 1.0],
                [-0.108262, -0.171486, -0.97922, -0.0, 0.737025, 0.647177, -0.194823, 0.39386, 0.667138, -0.742802, 0.056325, -0.0, 0.0, 0.0, 0.0, 1.0],
                [-0.108262, -0.171486, -0.97922, -0.0, 0.737025, 0.647177, -0.194823, 0.39386, 0.667138, -0.742802, 0.056325, 0.0, 0.0, 0.0, 0.0, 1.0],
                [-0.108262, -0.171486, -0.97922, 0.0, 0.737025, 0.647177, -0.194823, 0.39386, 0.667138, -0.742802, 0.056325, -0.0, 0.0, 0.0, 0.0, 1.0],
                [-0.108262, -0.171486, -0.97922, 0.0, 0.737025, 0.647177, -0.194823, 0.39386, 0.667138, -0.742802, 0.056325, -0.0, 0.0, 0.0, 0.0, 1.0],
                [-0.108262, -0.171486, -0.97922, 0.0, 0.737025, 0.647177, -0.194823, 0.39386, 0.667138, -0.742802, 0.056325, -0.0, 0.0, 0.0, 0.0, 1.0]
            ]
        },
        {
            "name": "Hand_R",
            "time": [0.0, 0.3, 0.4667, 0.5333, 0.6667, 0.9167, 1.05],
            "transform": [
                [1.0, -0.0, -0.0, -0.0, 0.0, 0.997685, -0.068011, 0.3, 0.0, 0.068011, 0.997685, 0.0, 0.0, 0.0, 0.0, 1.0],
                [1.0, -0.0, 0.0, 0.0, 0.0, 0.970794, -0.239914, 0.3, 0.0, 0.239914, 0.970794, 0.0, 0.0, 0.0, 0.0, 1.0],
                [1.0, -0.0, -0.0, -0.0, 0.0, 0.970794, -0.239914, 0.3, 0.0, 0.239914, 0.970794, 0.0, 0.0, 0.0, 0.0, 1.0],
                [1.0, -1e-06, 0.0, 0.0, 0.0, 0.970794, -0.239914, 0.3, 0.0, 0.239914, 0.970794, 0.0, 0.0, 0.0, 0.0, 1.0],
                [1.0, -0.0, 0.0, -0.0, 0.0, 0.970794, -0.239914, 0.3, 0.0, 0.239914, 0.970794, -0.0, 0.0, 0.0, 0.0, 1.0],
                [1.0, -1e-06, 0.0, 0.0, 0.0, 0.970794, -0.239914, 0.3, 0.0, 0.239914, 0.970794, 0.0, 0.0, 0.0, 0.0, 1.0],
                [1.0, -1e-06, 0.0, 0.0, 0.0, 0.970794, -0.239914, 0.3, 0.0, 0.239914, 0.970794, 0.0, 0.0, 0.0, 0.0, 1.0]
            ]
        },
        {
            "name": "Tool_R",
            "time": [0.0, 0.1, 0.15, 0.2, 0.2167, 0.25, 0.3, 0.4667, 0.5333, 0.6667, 0.9167, 1.05],
            "transform": [
                [1.0, 0.0, -0.0, 0.018907, 0.0, 0.230243, 0.973133, 0.582769, 0.0, -0.972555, 0.230117, -0.938599, 0.0, 0.0, 0.0, 1.0],
                [1.0, 0.0, -0.0, -0.003598, 0.0, 0.065546, 0.99785, 0.571392, 0.0, -0.997258, 0.065518, -0.7027, 0.0, 0.0, 0.0, 1.0],
                [0.504822, 0.795, -0.336349, 0.117848, 0.557686, -0.597776, -0.575891, 0.477157, -0.658498, 0.103078, -0.744695, 0.465089, 0.0, 0.0, 0.0, 1.0],
                [0.11599, 0.895532, 0.429616, -0.134032, 0.992962, -0.114979, -0.028412, 0.076008, 0.02395, 0.429632, -0.902031, 0.882985, 0.0, 0.0, 0.0, 1.0],
                [0.102496, 0.369, 0.923761, -0.147454, 0.983213, -0.178503, -0.037789, -0.143723, 0.150871, 0.911585, -0.380877, 1.339531, 0.0, 0.0, 0.0, 1.0],
                [0.319558, -0.768574, 0.554235, -0.963106, 0.810544, -0.081252, -0.580014, -0.268239, 0.490534, 0.634204, 0.596639, 1.25078, 0.0, 0.0, 0.0, 1.0],
                [-0.30019, -0.811706, 0.501018, -0.819142, 0.18839, -0.565347, -0.803051, -0.820181, 0.934539, -0.146601, 0.32243, 0.788066, 0.0, 0.0, 0.0, 1.0],
                [-0.488676, -0.714294, 0.500978, -0.787156, 0.045186, -0.59416, -0.803076, -0.944809, 0.870779, -0.369595, 0.322428, 0.573573, 0.0, 0.0, 0.0, 1.0],
                [0.138682, -0.815218, 0.562305, -1.371565, 0.437933, -0.458778, -0.773135, -0.981325, 0.887726, 0.353258, 0.293205, 1.079823, 0.0, 0.0, 0.0, 1.0],
                [0.236796, -0.786773, 0.570014, -1.37075, 0.485811, -0.412201, -0.770765, -0.92625, 0.840884, 0.459156, 0.284439, 1.127233, 0.0, 0.0, 0.0, 1.0],
                [0.236796, -0.786773, 0.570014, -1.298059, 0.485811, -0.412201, -0.770764, -0.887532, 0.840884, 0.459156, 0.284439, 1.114353, 0.0, 0.0, 0.0, 1.0],
                [0.236796, -0.786773, 0.570014, -1.298059, 0.485811, -0.412201, -0.770764, -0.887532, 0.840884, 0.459156, 0.284439, 1.114353, 0.0, 0.0, 0.0, 1.0]
            ]
        },
        {
            "name": "Elbow_R",
            "time": [0.0, 0.3, 0.4667, 0.5333, 0.6667, 0.9167, 1.05],
            "transform": [
                [-1.0, 0.0, 0.0, -0.0, -0.0, 0.067974, -0.997687, 0.3, -0.0, -0.997687, -0.067974, 0.0, 0.0, 0.0, 0.0, 1.0],
                [-1.0, 0.0, 0.0, 0.0, -0.0, -0.168172, -0.985758, 0.398921, -0.0, -0.985758, 0.168173, 0.0, 0.0, 0.0, 0.0, 1.0],
                [-1.0, 0.0, -0.0, 0.0, 0.0, -0.168172, -0.985758, 0.398921, -0.0, -0.985758, 0.168173, 0.0, 0.0, 0.0, 0.0, 1.0],
                [-1.0, 0.0, 0.0, 0.0, 0.0, -0.168172, -0.985758, 0.398921, -0.0, -0.985758, 0.168172, 0.0, 0.0, 0.0, 0.0, 1.0],
                [-1.0, 0.0, -0.0, -0.0, -0.0, -0.168172, -0.985758, 0.398921, -0.0, -0.985758, 0.168173, -0.0, 0.0, 0.0, 0.0, 1.0],
                [-1.0, 0.0, 0.0, 0.0, -0.0, -0.168172, -0.985758, 0.398921, -0.0, -0.985758, 0.168173, 0.0, 0.0, 0.0, 0.0, 1.0],
                [-1.0, 0.0, 0.0, 0.0, -0.0, -0.168172, -0.985758, 0.398921, -0.0, -0.985758, 0.168173, 0.0, 0.0, 0.0, 0.0, 1.0]
            ]
        },
        {
            "name": "Shoulder_L",
            "time": [0.0, 0.3, 0.4667, 0.5333, 0.6667, 0.9167, 1.05],
            "transform": [
                [0.0, -0.999908, 0.013597, -0.0, 0.0, 0.013597, 0.999908, 0.4, -1.0, -0.0, 0.0, -0.0, 0.0, 0.0, 0.0, 1.0],
                [-0.262342, -0.964975, -0.000298, 0.0, 0.013997, -0.004114, 0.999894, 0.4, -0.964874, 0.26231, 0.014586, -0.0, 0.0, 0.0, 0.0, 1.0],
                [-0.262342, -0.964975, -0.000298, 0.0, 0.013997, -0.004114, 0.999893, 0.4, -0.964873, 0.262309, 0.014586, -0.0, 0.0, 0.0, 0.0, 1.0],
                [-0.12003, -0.99277, -0.000298, 0.0, 0.014445, -0.002046, 0.999893, 0.4, -0.992665, 0.120013, 0.014586, 0.0, 0.0, 0.0, 0.0, 1.0],
                [-0.096898, -0.995294, -0.000298, -0.0, 0.014489, -0.00171, 0.999894, 0.4, -0.995189, 0.096884, 0.014586, -0.0, 0.0, 0.0, 0.0, 1.0],
                [-0.096898, -0.995294, -0.000298, 0.0, 0.014489, -0.00171, 0.999894, 0.4, -0.995189, 0.096884, 0.014586, -0.0, 0.0, 0.0, 0.0, 1.0],
                [-0.096898, -0.995294, -0.000298, 0.0, 0.014489, -0.00171, 0.999894, 0.4, -0.995189, 0.096884, 0.014586, -0.0, 0.0, 0.0, 0.0, 1.0]
            ]
        },
        {
            "name": "Arm_L",
            "time": [0.0, 0.1667, 0.2333, 0.3, 0.4667, 0.5333, 0.6667, 0.9167, 1.05],
            "transform": [
                [0.039073, 0.530007, 0.847093, -0.0, -0.862567, 0.445843, -0.239168, 0.39386, -0.504431, -0.721329, 0.474587, 0.0, 0.0, 0.0, 0.0, 1.0],
                [0.077741, 0.314998, 0.945903, -0.0, -0.496993, 0.834726, -0.237128, 0.39386, -0.864265, -0.451672, 0.221444, -0.0, 0.0, 0.0, 0.0, 1.0],
                [0.159773, 0.944686, 0.286427, 0.0, -0.215967, 0.316576, -0.923655, 0.39386, -0.96324, 0.085716, 0.254601, 0.0, 0.0, 0.0, 0.0, 1.0],
                [0.210008, 0.976915, -0.039154, -0.0, -0.066737, -0.025631, -0.997441, 0.39386, -0.975419, 0.212083, 0.059814, -0.0, 0.0, 0.0, 0.0, 1.0],
                [0.210008, 0.941978, -0.261865, 0.0, -0.066737, -0.253402, -0.965056, 0.39386, -0.975419, 0.220145, 0.009648, -0.0, 0.0, 0.0, 0.0, 1.0],
                [0.210008, 0.536789, 0.817162, -0.0, -0.066737, 0.841722, -0.535771, 0.393861, -0.975419, 0.057981, 0.212592, 0.0, 0.0, 0.0, 0.0, 1.0],
                [0.210008, 0.373284, 0.903635, -0.0, -0.066737, 0.927563, -0.367658, 0.39386, -0.975419, 0.016905, 0.219707, -0.0, 0.0, 0.0, 0.0, 1.0],
                [0.210008, 0.373284, 0.903635, -0.0, -0.066737, 0.927563, -0.367658, 0.39386, -0.975419, 0.016905, 0.219707, -0.0, 0.0, 0.0, 0.0, 1.0],
                [0.210008, 0.373284, 0.903635, -0.0, -0.066737, 0.927563, -0.367658, 0.39386, -0.975419, 0.016905, 0.219707, -0.0, 0.0, 0.0, 0.0, 1.0]
            ]
        },
        {
            "name": "Hand_L",
            "time": [0.0, 0.1667, 0.3, 0.4667, 0.5333, 0.6667, 0.9167, 1.05],
            "transform": [
                [0.986933, -0.02431, 0.159289, -0.0, 0.158302, 0.330758, -0.930344, 0.3, -0.030069, 0.943402, 0.330285, 0.0, 0.0, 0.0, 0.0, 1.0],
                [0.993053, 0.043012, 0.109527, 0.0, 0.094113, 0.268396, -0.958701, 0.3, -0.070633, 0.962348, 0.262483, 0.0, 0.0, 0.0, 0.0, 1.0],
                [0.99636, -0.003443, 0.085182, 0.0, 0.033509, 0.934582, -0.354166, 0.3, -0.07839, 0.355731, 0.931295, 0.0, 0.0, 0.0, 0.0, 1.0],
                [0.99636, -0.003443, 0.085182, 0.0, 0.033509, 0.934582, -0.354166, 0.3, -0.07839, 0.355731, 0.931295, -0.0, 0.0, 0.0, 0.0, 1.0],
                [0.99636, -0.003443, 0.085182, -0.0, 0.033509, 0.934582, -0.354166, 0.3, -0.07839, 0.355731, 0.931295, -0.0, 0.0, 0.0, 0.0, 1.0],
                [0.99636, -0.003443, 0.085182, 0.0, 0.033509, 0.934582, -0.354166, 0.3, -0.07839, 0.355731, 0.931295, -0.0, 0.0, 0.0, 0.0, 1.0],
                [0.99636, 0.026148, 0.081143, 0.0, 0.033509, 0.755078, -0.654779, 0.3, -0.07839, 0.655114, 0.751453, -0.0, 0.0, 0.0, 0.0, 1.0],
                [0.99636, 0.026148, 0.081143, 0.0, 0.033509, 0.755078, -0.654779, 0.3, -0.07839, 0.655114, 0.751453, -0.0, 0.0, 0.0, 0.0, 1.0]
            ]
        },
        {
            "name": "Tool_L",
            "time": [0.0, 0.3, 0.4667, 0.5333, 0.6667, 0.9167, 1.05],
            "transform": [
                [-0.03254, 0.990548, -0.133248, 0.085051, 0.99563, 0.043801, 0.082474, 0.256548, 0.08749, -0.129905, -0.987063, 0.239384, 0.0, 0.0, 0.0, 1.0],
                [-0.03254, 0.990548, -0.133248, 0.085051, 0.99563, 0.043801, 0.082474, 0.256548, 0.08749, -0.129905, -0.987063, 0.239385, 0.0, 0.0, 0.0, 1.0],
                [-0.03254, 0.990548, -0.133248, 0.085051, 0.99563, 0.043801, 0.082474, 0.256548, 0.08749, -0.129905, -0.987063, 0.239384, 0.0, 0.0, 0.0, 1.0],
                [-0.03254, 0.990548, -0.133248, 0.085051, 0.99563, 0.043801, 0.082474, 0.256548, 0.08749, -0.129905, -0.987063, 0.239385, 0.0, 0.0, 0.0, 1.0],
                [-0.03254, 0.990548, -0.133248, 0.085051, 0.99563, 0.043801, 0.082474, 0.256548, 0.08749, -0.129905, -0.987063, 0.239384, 0.0, 0.0, 0.0, 1.0],
                [-0.03254, 0.990548, -0.133248, 0.085051, 0.99563, 0.043801, 0.082474, 0.256548, 0.08749, -0.129905, -0.987063, 0.239384, 0.0, 0.0, 0.0, 1.0],
                [-0.03254, 0.990548, -0.133248, 0.085051, 0.99563, 0.043801, 0.082474, 0.256548, 0.08749, -0.129905, -0.987063, 0.239384, 0.0, 0.0, 0.0, 1.0]
            ]
        },
        {
            "name": "Elbow_L",
            "time": [0.0, 0.3, 0.4667, 0.5333, 0.6667, 0.9167, 1.05],
            "transform": [
                [-1.0, 0.0, 0.0, -0.0, -0.0, 0.228411, -0.973565, 0.402134, -0.0, -0.973565, -0.228411, 0.0, 0.0, 0.0, 0.0, 1.0],
                [-0.996346, -0.018688, 0.08334, 0.002056, -0.082963, -0.020086, -0.99635, 0.31434, 0.020293, -0.999624, 0.018462, -0.003207, 0.0, 0.0, 0.0, 1.0],
                [-0.996346, -0.018688, 0.08334, 0.002056, -0.082963, -0.020086, -0.99635, 0.31434, 0.020293, -0.999624, 0.018462, -0.003207, 0.0, 0.0, 0.0, 1.0],
                [-0.996346, -0.018688, 0.08334, 0.002056, -0.082963, -0.020086, -0.99635, 0.31434, 0.020293, -0.999624, 0.018463, -0.003207, 0.0, 0.0, 0.0, 1.0],
                [-0.996346, -0.018688, 0.08334, 0.002056, -0.082963, -0.020086, -0.99635, 0.31434, 0.020293, -0.999624, 0.018462, -0.003207, 0.0, 0.0, 0.0, 1.0],
                [-0.996346, -0.018688, 0.08334, 0.002056, -0.082963, -0.020086, -0.99635, 0.31434, 0.020293, -0.999624, 0.018462, -0.003207, 0.0, 0.0, 0.0, 1.0],
                [-0.996346, -0.018688, 0.08334, 0.002056, -0.082963, -0.020086, -0.99635, 0.31434, 0.020293, -0.999624, 0.018462, -0.003207, 0.0, 0.0, 0.0, 1.0]
            ]
        }
    ]
}