{
    
    "animation": [
        {
            "name": "Root",
            "time": [0.0, 0.1833, 0.2833, 0.45, 0.6167, 0.7667, 0.9333],
            "transform": [
                [0.854689, 0.0, -0.51914, -5e-06, -0.51914, 0.0, -0.854689, 0.000946, 0.0, 1.0, 0.0, 0.755725, 0.0, 0.0, 0.0, 1.0],
                [0.854689, 0.0, -0.51914, -5e-06, -0.51914, 0.0, -0.854689, -0.296767, 0.0, 1.0, 0.0, 0.681109, 0.0, 0.0, 0.0, 1.0],
                [0.854689, 0.0, -0.51914, -5e-06, -0.51914, 0.0, -0.854689, -0.296767, 0.0, 1.0, 0.0, 0.681109, 0.0, 0.0, 0.0, 1.0],
                [0.932155, 0.0, 0.36206, -0.029759, 0.36206, 0.0, -0.932155, 0.60461, 0.0, 1.0, 0.0, 0.776836, 0.0, 0.0, 0.0, 1.0],
                [0.88138, 0.0, 0.472409, -5e-06, 0.472409, 0.0, -0.88138, 0.768235, 0.0, 1.0, 0.0, 0.681109, 0.0, 0.0, 0.0, 1.0],
                [0.88138, 0.0, 0.472409, 0.005267, 0.472409, 0.0, -0.88138, 0.769881, 0.0, 1.0, 0.0, 0.668041, 0.0, 0.0, 0.0, 1.0],
                [0.88138, 0.0, 0.472409, 0.005267, 0.472409, 0.0, -0.88138, 0.769881, 0.0, 1.0, 0.0, 0.668041, 0.0, 0.0, 0.0, 1.0]
            ]
        },
        {
            "name": "Thigh_R",
            "time": [0.0, 0.1833, 0.2833, 0.45, 0.6167, 0.7667, 0.9333],
            "transform": [
                [0.999011, 0.005646, -0.044099, 0.124994, 0.009891, -0.99527, 0.096616, -0.002831, -0.043345, -0.096956, -0.994345, -1.2e-05, 0.0, 0.0, 0.0, 1.0],
                [0.978645, 0.177956, 0.102884, 0.124994, 0.197591, -0.952393, -0.232169, -0.002831, 0.05667, 0.247539, -0.967219, -1.2e-05, 0.0, 0.0, 0.0, 1.0],
                [0.978645, 0.177956, 0.102884, 0.124994, 0.197591, -0.952393, -0.232169, -0.002831, 0.05667, 0.247539, -0.967219, -1.2e-05, 0.0, 0.0, 0.0, 1.0],
                [0.994289, 0.001305, -0.106712, 0.124994, 0.071357, -0.751663, 0.655674, -0.002831, -0.079357, -0.659542, -0.747466, -1.2e-05, 0.0, 0.0, 0.0, 1.0],
                [0.964749, 0.193236, 0.178656, 0.124994, 0.045149, -0.790323, 0.611022, -0.002831, 0.259267, -0.581416, -0.771191, -1.2e-05, 0.0, 0.0, 0.0, 1.0],
                [0.964749, 0.193236, 0.178656, 0.124994, 0.045149, -0.790323, 0.611022, -0.002831, 0.259267, -0.581416, -0.771191, -1.2e-05, 0.0, 0.0, 0.0, 1.0],
                [0.964749, 0.193236, 0.178656, 0.124994, 0.045149, -0.790323, 0.611022, -0.002831, 0.259267, -0.581416, -0.771191, -1.2e-05, 0.0, 0.0, 0.0, 1.0]
            ]
        },
        {
            "name": "Leg_R",
            "time": [0.0, 0.1833, 0.2833, 0.45, 0.6167, 0.7667, 0.9333],
            "transform": [
                [1.0, 0.0, 2e-06, -0.0, -0.0, 0.997786, 0.066514, 0.37472, -2e-06, -0.066514, 0.997785, -0.0, 0.0, 0.0, 0.0, 1.0],
                [1.0, -0.0, 2e-06, -0.0, -0.0, 0.951611, 0.307306, 0.37472, -2e-06, -0.307306, 0.95161, -0.0, 0.0, 0.0, 0.0, 1.0],
                [1.0, -0.0, 2e-06, -0.0, -0.0, 0.951611, 0.307306, 0.37472, -2e-06, -0.307306, 0.95161, -0.0, 0.0, 0.0, 0.0, 1.0],
                [1.0, -1e-06, 1e-06, 0.0, -0.0, 0.527996, 0.849247, 0.37472, -2e-06, -0.849248, 0.527995, 0.0, 0.0, 0.0, 0.0, 1.0],
                [1.0, -0.0, 2e-06, 0.0, -0.0, 0.981303, 0.192472, 0.37472, -2e-06, -0.192472, 0.981302, 0.0, 0.0, 0.0, 0.0, 1.0],
                [1.0, -1e-06, 2e-06, 0.0, -0.0, 0.92059, 0.390532, 0.37472, -2e-06, -0.390532, 0.920589, 0.0, 0.0, 0.0, 0.0, 1.0],
                [1.0, -1e-06, 2e-06, 0.0, -0.0, 0.92059, 0.390532, 0.37472, -2e-06, -0.390532, 0.920589, 0.0, 0.0, 0.0, 0.0, 1.0]
            ]
        },
        {
            "name": "Knee_R",
            "time": [0.0, 0.2833, 0.6167, 0.7667, 0.9333],
            "transform": [
                [1.0, 0.0, -0.0, -0.0, -0.0, 1e-06, -1.0, 0.37472, -0.0, 1.0, 1e-06, -0.0, 0.0, 0.0, 0.0, 1.0],
                [1.0, 0.0, -0.0, -0.0, -0.0, 1e-06, -1.0, 0.37472, -0.0, 1.0, 1e-06, -0.0, 0.0, 0.0, 0.0, 1.0],
                [1.0, 0.0, -0.0, 0.0, -0.0, 1e-06, -1.0, 0.37472, -0.0, 1.0, 1e-06, 0.0, 0.0, 0.0, 0.0, 1.0],
                [1.0, 0.0, -0.0, 0.0, -0.0, 1e-06, -1.0, 0.37472, -0.0, 1.0, 1e-06, 0.0, 0.0, 0.0, 0.0, 1.0],
                [1.0, 0.0, -0.0, 0.0, -0.0, 1e-06, -1.0, 0.37472, -0.0, 1.0, 1e-06, 0.0, 0.0, 0.0, 0.0, 1.0]
            ]
        },
        {
            "name": "Thigh_L",
            "time": [0.0, 0.1833, 0.2833, 0.45, 0.6167, 0.7667, 0.9333],
            "transform": [
                [0.864782, -0.064621, -0.497972, -0.125006, -0.061338, -0.997853, 0.02297, -0.002831, -0.498387, 0.010681, -0.866889, -1.2e-05, 0.0, 0.0, 0.0, 1.0],
                [0.854562, -0.337937, -0.394363, -0.125006, -0.065417, -0.823334, 0.563774, -0.002831, -0.515212, -0.455982, -0.725697, -1.2e-05, 0.0, 0.0, 0.0, 1.0],
                [0.854562, -0.337937, -0.394363, -0.125006, -0.065417, -0.823334, 0.563774, -0.002831, -0.515212, -0.455982, -0.725697, -1.2e-05, 0.0, 0.0, 0.0, 1.0],
                [0.975336, -0.003183, -0.2207, -0.125006, 0.010279, -0.998156, 0.059819, -0.002831, -0.220483, -0.060612, -0.973505, -1.2e-05, 0.0, 0.0, 0.0, 1.0],
                [0.987586, -0.15548, 0.022339, -0.125006, -0.127118, -0.874647, -0.467796, -0.002831, 0.092272, 0.45915, -0.883553, -1.2e-05, 0.0, 0.0, 0.0, 1.0],
                [0.987586, -0.15548, 0.022339, -0.125006, -0.127118, -0.874647, -0.467796, -0.002831, 0.092272, 0.45915, -0.883553, -1.2e-05, 0.0, 0.0, 0.0, 1.0],
                [0.987586, -0.15548, 0.022339, -0.125006, -0.127118, -0.874647, -0.467796, -0.002831, 0.092272, 0.45915, -0.883553, -1.2e-05, 0.0, 0.0, 0.0, 1.0]
            ]
        },
        {
            "name": "Leg_L",
            "time": [0.0, 0.1833, 0.2833, 0.6167, 0.7667, 0.9333],
            "transform": [
                [1.0, -0.0, 1e-06, 0.0, 0.0, 0.999353, 0.035947, 0.37472, -1e-06, -0.035947, 0.999354, -0.0, 0.0, 0.0, 0.0, 1.0],
                [1.0, -0.0, 1e-06, 0.0, 0.0, 0.964595, 0.263734, 0.37472, -1e-06, -0.263734, 0.964596, -0.0, 0.0, 0.0, 0.0, 1.0],
                [1.0, -0.0, 1e-06, 0.0, 0.0, 0.964595, 0.263734, 0.37472, -1e-06, -0.263734, 0.964596, -0.0, 0.0, 0.0, 0.0, 1.0],
                [1.0, -0.0, 1e-06, 0.0, 0.0, 0.994471, 0.10501, 0.37472, -1e-06, -0.10501, 0.994471, 0.0, 0.0, 0.0, 0.0, 1.0],
                [1.0, -0.0, 1e-06, 0.0, 0.0, 0.972261, 0.233896, 0.37472, -1e-06, -0.233896, 0.972262, 0.0, 0.0, 0.0, 0.0, 1.0],
                [1.0, -0.0, 1e-06, 0.0, 0.0, 0.972261, 0.233896, 0.37472, -1e-06, -0.233896, 0.972262, 0.0, 0.0, 0.0, 0.0, 1.0]
            ]
        },
        {
            "name": "Knee_L",
            "time": [0.0, 0.2833, 0.6167, 0.7667, 0.9333],
            "transform": [
                [1.0, 0.0, -0.0, 0.0, -0.0, 1e-06, -1.0, 0.37472, -0.0, 1.0, 1e-06, -0.0, 0.0, 0.0, 0.0, 1.0],
                [1.0, 0.0, -0.0, 0.0, -0.0, 1e-06, -1.0, 0.37472, -0.0, 1.0, 1e-06, -0.0, 0.0, 0.0, 0.0, 1.0],
                [1.0, 0.0, -0.0, 0.0, -0.0, 1e-06, -1.0, 0.37472, -0.0, 1.0, 1e-06, 0.0, 0.0, 0.0, 0.0, 1.0],
                [1.0, 0.0, -0.0, 0.0, -0.0, 1e-06, -1.0, 0.37472, -0.0, 1.0, 1e-06, 0.0, 0.0, 0.0, 0.0, 1.0],
                [1.0, 0.0, -0.0, 0.0, -0.0, 1e-06, -1.0, 0.37472, -0.0, 1.0, 1e-06, 0.0, 0.0, 0.0, 0.0, 1.0]
            ]
        },
        {
            "name": "Torso",
            "time": [0.0, 0.2833, 0.6167, 0.7667, 0.9333],
            "transform": [
                [0.996265, -0.020971, 0.083766, -0.0, 0.019316, 0.999603, 0.020528, 0.05, -0.084163, -0.018833, 0.996274, 0.0, 0.0, 0.0, 0.0, 1.0],
                [0.999645, -0.020971, -0.016459, -0.0, 0.021275, 0.999603, 0.01849, 0.05, 0.016064, -0.018833, 0.999694, 0.0, 0.0, 0.0, 0.0, 1.0],
                [0.987124, -0.020971, 0.158576, -0.0, 0.017714, 0.999603, 0.021925, 0.05, -0.158973, -0.018833, 0.987103, -0.0, 0.0, 0.0, 0.0, 1.0],
                [0.987124, -0.020971, 0.158576, 0.0, 0.017714, 0.999603, 0.021925, 0.05, -0.158973, -0.018833, 0.987103, -0.0, 0.0, 0.0, 0.0, 1.0],
                [0.987124, -0.020971, 0.158576, 0.0, 0.017714, 0.999603, 0.021925, 0.05, -0.158973, -0.018833, 0.987103, -0.0, 0.0, 0.0, 0.0, 1.0]
            ]
        },
        {
            "name": "Chest",
            "time": [0.0, 0.1833, 0.2833, 0.6167, 0.7667, 0.9333],
            "transform": [
                [0.999771, -0.021411, -0.000206, 0.0, 0.021411, 0.999586, 0.019225, 0.3, -0.000206, -0.019225, 0.999815, 0.0, 0.0, 0.0, 0.0, 1.0],
                [0.929631, -0.003894, -0.368472, -0.0, 0.015202, 0.999498, 0.027791, 0.3, 0.368179, -0.031436, 0.929224, 0.0, 0.0, 0.0, 0.0, 1.0],
                [0.929631, -0.003894, -0.368472, 0.0, 0.015202, 0.999498, 0.027791, 0.3, 0.368179, -0.031436, 0.929223, -0.0, 0.0, 0.0, 0.0, 1.0],
                [0.755868, -0.003894, 0.654713, 0.0, -0.01764, 0.999498, 0.02631, 0.3, -0.654486, -0.031436, 0.75542, 0.0, 0.0, 0.0, 0.0, 1.0],
                [0.755868, -0.003894, 0.654713, 0.0, -0.01764, 0.999498, 0.02631, 0.3, -0.654486, -0.031436, 0.75542, 0.0, 0.0, 0.0, 0.0, 1.0],
                [0.755868, -0.003894, 0.654713, 0.0, -0.01764, 0.999498, 0.02631, 0.3, -0.654486, -0.031436, 0.75542, 0.0, 0.0, 0.0, 0.0, 1.0]
            ]
        },
        {
            "name": "Head",
            "time": [0.0, 0.1833, 0.2833, 0.3333, 0.6167, 0.7667, 0.9333],
            "transform": [
                [0.85311, 0.037721, 0.520365, -0.0, -0.006297, 0.998055, -0.062025, 0.4, -0.521693, 0.049637, 0.851688, -0.0, 0.0, 0.0, 0.0, 1.0],
                [0.633096, 0.04116, 0.772978, -0.0, 0.012715, 0.997898, -0.063551, 0.4, -0.773969, 0.050063, 0.631242, -0.0, 0.0, 0.0, 0.0, 1.0],
                [0.633096, 0.04116, 0.772978, -0.0, 0.012715, 0.997898, -0.063551, 0.4, -0.773969, 0.050063, 0.631242, 0.0, 0.0, 0.0, 0.0, 1.0],
                [0.983951, 0.04116, 0.173626, 0.0, -0.031776, 0.997898, -0.056486, 0.4, -0.175586, 0.050063, 0.98319, -0.0, 0.0, 0.0, 0.0, 1.0],
                [0.756988, 0.04116, -0.652132, -0.0, -0.063848, 0.997898, -0.01113, 0.4, 0.650303, 0.050063, 0.758024, -0.0, 0.0, 0.0, 0.0, 1.0],
                [0.756988, 0.04116, -0.652132, -0.0, -0.063848, 0.997898, -0.01113, 0.4, 0.650303, 0.050063, 0.758024, 0.0, 0.0, 0.0, 0.0, 1.0],
                [0.756988, 0.04116, -0.652132, -0.0, -0.063848, 0.997898, -0.01113, 0.4, 0.650303, 0.050063, 0.758024, 0.0, 0.0, 0.0, 0.0, 1.0]
            ]
        },
        {
            "name": "Shoulder_R",
            "time": [0.0, 0.2833, 0.3333, 0.6167, 0.7667, 0.9333],
            "transform": [
                [0.0, 0.952114, 0.305743, -0.0, 0.0, -0.305743, 0.952114, 0.4, 1.0, 0.0, -0.0, -0.0, 0.0, 0.0, 0.0, 1.0],
                [-0.0, 0.952114, 0.305743, -0.0, 0.0, -0.305743, 0.952114, 0.4, 1.0, 0.0, -0.0, 0.0, 0.0, 0.0, 0.0, 1.0],
                [0.258886, 0.916241, 0.305743, 0.0, -0.083134, -0.294224, 0.952114, 0.4, 0.962323, -0.271907, -0.0, -0.0, 0.0, 0.0, 0.0, 1.0],
                [0.388101, 0.869424, 0.305743, -0.0, -0.124627, -0.27919, 0.952114, 0.4, 0.913151, -0.407621, -0.0, -0.0, 0.0, 0.0, 0.0, 1.0],
                [0.388101, 0.869424, 0.305743, -0.0, -0.124627, -0.27919, 0.952114, 0.4, 0.913151, -0.407621, -0.0, 0.0, 0.0, 0.0, 0.0, 1.0],
                [0.388101, 0.869424, 0.305743, -0.0, -0.124627, -0.27919, 0.952114, 0.4, 0.913151, -0.407621, -0.0, 0.0, 0.0, 0.0, 0.0, 1.0]
            ]
        },
        {
            "name": "Arm_R",
            "time": [0.0, 0.1833, 0.2833, 0.3333, 0.6167, 0.7667, 0.9333],
            "transform": [
                [0.057449, -0.231993, -0.971019, 0.0, 0.928414, 0.370035, -0.03348, 0.39386, 0.367078, -0.899585, 0.236644, 0.0, 0.0, 0.0, 0.0, 1.0],
                [-0.160395, 0.484633, -0.859886, 0.0, 0.724873, 0.649127, 0.230637, 0.39386, 0.66995, -0.586315, -0.455414, -0.0, 0.0, 0.0, 0.0, 1.0],
                [-0.160395, 0.484633, -0.859886, 0.0, 0.724873, 0.649126, 0.230637, 0.39386, 0.669949, -0.586315, -0.455414, 0.0, 0.0, 0.0, 0.0, 1.0],
                [0.037767, -0.36674, -0.929557, 0.0, 0.796939, 0.572264, -0.193397, 0.39386, 0.602878, -0.733496, 0.313882, 0.0, 0.0, 0.0, 0.0, 1.0],
                [0.649487, -0.710359, -0.271212, 0.0, 0.075783, 0.415381, -0.906485, 0.393861, 0.756587, 0.568197, 0.323618, -0.0, 0.0, 0.0, 0.0, 1.0],
                [0.649487, -0.731922, -0.206049, 0.0, 0.075783, 0.331944, -0.94025, 0.393861, 0.756587, 0.595065, 0.27106, -0.0, 0.0, 0.0, 0.0, 1.0],
                [0.649487, -0.731922, -0.206049, 0.0, 0.075783, 0.331944, -0.94025, 0.393861, 0.756587, 0.595065, 0.27106, -0.0, 0.0, 0.0, 0.0, 1.0]
            ]
        },
        {
            "name": "Hand_R",
            "time": [0.0, 0.1333, 0.1833, 0.2833, 0.6167, 0.7667, 0.9333],
            "transform": [
                [1.0, -0.0, 0.0, -0.0, 0.0, 0.274677, -0.961537, 0.3, 0.0, 0.961536, 0.274677, -0.0, 0.0, 0.0, 0.0, 1.0],
                [1.0, -0.0, 0.0, -0.0, 0.0, 0.597515, -0.801858, 0.3, 0.0, 0.801858, 0.597514, 0.0, 0.0, 0.0, 0.0, 1.0],
                [1.0, -0.0, 0.0, -0.0, 0.0, 0.922206, -0.386698, 0.3, 0.0, 0.386698, 0.922206, 0.0, 0.0, 0.0, 0.0, 1.0],
                [1.0, -0.0, 0.0, -0.0, 0.0, 0.970794, -0.239914, 0.3, 0.0, 0.239914, 0.970794, 0.0, 0.0, 0.0, 0.0, 1.0],
                [1.0, -0.0, 0.0, 0.0, 0.0, 0.970794, -0.239914, 0.3, 0.0, 0.239914, 0.970794, 0.0, 0.0, 0.0, 0.0, 1.0],
                [1.0, -0.0, 0.0, 0.0, 0.0, 0.970794, -0.239914, 0.3, 0.0, 0.239914, 0.970794, 0.0, 0.0, 0.0, 0.0, 1.0],
                [1.0, -0.0, 0.0, 0.0, 0.0, 0.970794, -0.239914, 0.3, 0.0, 0.239914, 0.970794, 0.0, 0.0, 0.0, 0.0, 1.0]
            ]
        },
        {
            "name": "Tool_R",
            "time": [0.0, 0.1333, 0.1833, 0.2833, 0.6167, 0.7667, 0.9333],
            "transform": [
                [1.0, 0.0, -0.0, -0.003598, 0.0, 0.390346, 0.920668, 0.426086, 0.0, -0.920119, 0.390124, 0.090799, 0.0, 0.0, 0.0, 1.0],
                [1.0, 0.0, -0.0, -0.003598, 0.0, -0.139722, 0.990191, 0.448445, 0.0, -0.989606, -0.139629, -0.663978, 0.0, 0.0, 0.0, 1.0],
                [1.0, 0.0, -0.0, -0.003598, 0.0, 0.065546, 0.99785, 0.571391, 0.0, -0.997258, 0.065518, -0.7027, 0.0, 0.0, 0.0, 1.0],
                [1.0, 0.0, -0.0, -0.003597, 0.0, 0.065546, 0.997849, 0.571391, 0.0, -0.997258, 0.065518, -0.7027, 0.0, 0.0, 0.0, 1.0],
                [1.0, 0.0, -0.0, -0.003597, 0.0, 0.065546, 0.997849, 0.571391, 0.0, -0.997258, 0.065518, -0.7027, 0.0, 0.0, 0.0, 1.0],
                [1.0, 0.0, -0.0, -0.003598, 0.0, 0.065546, 0.997849, 0.571391, 0.0, -0.997258, 0.065518, -0.7027, 0.0, 0.0, 0.0, 1.0],
                [1.0, 0.0, -0.0, -0.003598, 0.0, 0.065546, 0.997849, 0.571391, 0.0, -0.997258, 0.065518, -0.7027, 0.0, 0.0, 0.0, 1.0]
            ]
        },
        {
            "name": "Elbow_R",
            "time": [0.0, 0.1833, 0.2833, 0.6167, 0.7667, 0.9333],
            "transform": [
                [-1.0, 0.0, -0.0, -0.0, 0.0, -0.0, -1.0, 0.398921, -0.0, -1.0, 0.0, -0.0, 0.0, 0.0, 0.0, 1.0],
                [-1.0, 0.0, -0.0, -0.0, -0.0, -0.168172, -0.985758, 0.398921, -0.0, -0.985758, 0.168172, 0.0, 0.0, 0.0, 0.0, 1.0],
                [-1.0, 0.0, -0.0, -0.0, 0.0, -0.168172, -0.985758, 0.398921, -0.0, -0.985758, 0.168172, 0.0, 0.0, 0.0, 0.0, 1.0],
                [-1.0, 0.0, -0.0, 0.0, 0.0, -0.168172, -0.985758, 0.398921, -0.0, -0.985758, 0.168172, 0.0, 0.0, 0.0, 0.0, 1.0],
                [-1.0, 0.0, -0.0, 0.0, -0.0, -0.168172, -0.985758, 0.398921, -0.0, -0.985758, 0.168172, -0.0, 0.0, 0.0, 0.0, 1.0],
                [-1.0, 0.0, -0.0, 0.0, -0.0, -0.168172, -0.985758, 0.398921, -0.0, -0.985758, 0.168172, -0.0, 0.0, 0.0, 0.0, 1.0]
            ]
        },
        {
            "name": "Shoulder_L",
            "time": [0.0, 0.1833, 0.2833, 0.6167, 0.7667, 0.9333],
            "transform": [
                [0.0, -0.999908, 0.013597, -0.0, 0.0, 0.013597, 0.999908, 0.4, -1.0, -0.0, 0.0, -0.0, 0.0, 0.0, 0.0, 1.0],
                [-0.408876, -0.91259, -0.000298, -0.0, 0.01319, -0.006236, 0.999894, 0.4, -0.912494, 0.408829, 0.014586, -0.0, 0.0, 0.0, 0.0, 1.0],
                [-0.408876, -0.91259, -0.000298, -0.0, 0.01319, -0.006236, 0.999894, 0.4, -0.912494, 0.408829, 0.014586, 0.0, 0.0, 0.0, 0.0, 1.0],
                [-0.408876, -0.91259, -0.000298, -0.0, 0.01319, -0.006236, 0.999894, 0.4, -0.912494, 0.408829, 0.014586, -0.0, 0.0, 0.0, 0.0, 1.0],
                [-0.408876, -0.91259, -0.000298, -0.0, 0.01319, -0.006236, 0.999894, 0.4, -0.912494, 0.408829, 0.014586, 0.0, 0.0, 0.0, 0.0, 1.0],
                [-0.408876, -0.91259, -0.000298, -0.0, 0.01319, -0.006236, 0.999894, 0.4, -0.912494, 0.408829, 0.014586, 0.0, 0.0, 0.0, 0.0, 1.0]
            ]
        },
        {
            "name": "Arm_L",
            "time": [0.0, 0.2833, 0.6167, 0.7667, 0.9333],
            "transform": [
                [0.039073, 0.530007, 0.847093, 0.0, -0.862567, 0.445843, -0.239168, 0.39386, -0.504431, -0.721329, 0.474587, 0.0, 0.0, 0.0, 0.0, 1.0],
                [0.039073, 0.530007, 0.847093, 0.0, -0.862567, 0.445843, -0.239168, 0.39386, -0.504431, -0.721329, 0.474587, 0.0, 0.0, 0.0, 0.0, 1.0],
                [0.039073, 0.530007, 0.847093, -0.0, -0.862567, 0.445843, -0.239168, 0.39386, -0.504431, -0.721329, 0.474587, -0.0, 0.0, 0.0, 0.0, 1.0],
                [0.063778, 0.527604, 0.847093, 0.0, -0.840808, 0.485634, -0.239168, 0.39386, -0.537563, -0.696989, 0.474587, -0.0, 0.0, 0.0, 0.0, 1.0],
                [0.063778, 0.527604, 0.847093, 0.0, -0.840808, 0.485634, -0.239168, 0.39386, -0.537563, -0.696989, 0.474587, -0.0, 0.0, 0.0, 0.0, 1.0]
            ]
        },
        {
            "name": "Hand_L",
            "time": [0.0, 0.2833, 0.6167, 0.7667, 0.9333],
            "transform": [
                [0.986933, 0.085167, 0.136786, -0.0, 0.158302, -0.354065, -0.921726, 0.3, -0.030069, 0.931335, -0.362921, 0.0, 0.0, 0.0, 0.0, 1.0],
                [0.986933, 0.085167, 0.136786, -0.0, 0.158302, -0.354065, -0.921726, 0.3, -0.030069, 0.931335, -0.362921, 0.0, 0.0, 0.0, 0.0, 1.0],
                [0.986933, -0.071183, 0.144558, 0.0, 0.158302, 0.595747, -0.787417, 0.3, -0.030069, 0.800012, 0.599231, 0.0, 0.0, 0.0, 0.0, 1.0],
                [0.986933, -0.071183, 0.144558, 0.0, 0.158302, 0.595747, -0.787417, 0.3, -0.030069, 0.800012, 0.599231, -0.0, 0.0, 0.0, 0.0, 1.0],
                [0.986933, -0.071183, 0.144558, 0.0, 0.158302, 0.595747, -0.787417, 0.3, -0.030069, 0.800012, 0.599231, -0.0, 0.0, 0.0, 0.0, 1.0]
            ]
        },
        {
            "name": "Tool_L",
            "time": [0.0, 0.2833, 0.6167, 0.7667, 0.9333],
            "transform": [
                [-0.03254, 0.990548, -0.133248, 0.085051, 0.99563, 0.043801, 0.082474, 0.256548, 0.08749, -0.129905, -0.987063, 0.239384, 0.0, 0.0, 0.0, 1.0],
                [-0.03254, 0.990548, -0.133248, 0.085051, 0.99563, 0.043801, 0.082474, 0.256548, 0.08749, -0.129905, -0.987063, 0.239384, 0.0, 0.0, 0.0, 1.0],
                [-0.03254, 0.990548, -0.133248, 0.085051, 0.99563, 0.043801, 0.082474, 0.256548, 0.08749, -0.129905, -0.987063, 0.239384, 0.0, 0.0, 0.0, 1.0],
                [-0.03254, 0.990548, -0.133248, 0.085051, 0.99563, 0.043801, 0.082474, 0.256548, 0.08749, -0.129905, -0.987063, 0.239384, 0.0, 0.0, 0.0, 1.0],
                [-0.03254, 0.990548, -0.133248, 0.085051, 0.99563, 0.043801, 0.082474, 0.256548, 0.08749, -0.129905, -0.987063, 0.239384, 0.0, 0.0, 0.0, 1.0]
            ]
        },
        {
            "name": "Elbow_L",
            "time": [0.0, 0.2833, 0.6167, 0.7667, 0.9333],
            "transform": [
                [-1.0, 0.0, 0.0, -0.0, 0.0, 0.575683, -0.817673, 0.402134, -0.0, -0.817673, -0.575683, -0.0, 0.0, 0.0, 0.0, 1.0],
                [-1.0, 0.0, 0.0, -0.0, 0.0, 0.575683, -0.817673, 0.402134, -0.0, -0.817673, -0.575683, 0.0, 0.0, 0.0, 0.0, 1.0],
                [-1.0, 0.0, 0.0, -0.01789, 0.0, 0.575683, -0.817673, 0.333163, -0.0, -0.817673, -0.575683, 0.010014, 0.0, 0.0, 0.0, 1.0],
                [-0.990127, -0.140173, 0.0, -0.01789, -0.080695, 0.569999, -0.817673, 0.333163, 0.114615, -0.8096, -0.575683, 0.010014, 0.0, 0.0, 0.0, 1.0],
                [-0.990127, -0.140173, 0.0, -0.01789, -0.080695, 0.569999, -0.817673, 0.333163, 0.114615, -0.8096, -0.575683, 0.010014, 0.0, 0.0, 0.0, 1.0]
            ]
        }
    ]
}