{
    
    "animation": [
        {
            "name": "Root",
            "time": [0.0, 0.0833, 0.6333, 0.8, 1.0, 1.0333, 1.2, 1.3, 1.6667],
            "transform": [
                [0.88138, 0.0, 0.472409, 0.005267, 0.472409, 0.0, -0.88138, 0.058339, 0.0, 1.0, 0.0, 0.668041, 0.0, 0.0, 0.0, 1.0],
                [0.88138, 0.0, 0.472409, 0.005267, 0.472409, 0.0, -0.88138, 0.058339, 0.0, 1.0, 0.0, 0.668041, 0.0, 0.0, 0.0, 1.0],
                [0.941065, 0.0, -0.338227, 0.005267, -0.338227, 0.0, -0.941065, 0.468448, 0.0, 1.0, 0.0, 0.668041, 0.0, 0.0, 0.0, 1.0],
                [0.941065, 0.0, -0.338227, 0.005267, -0.338227, 0.0, -0.941065, 0.276443, 0.0, 1.0, 0.0, 0.668041, 0.0, 0.0, 0.0, 1.0],
                [0.865262, 0.0, 0.501319, 0.005267, 0.501319, 0.0, -0.865262, 1.326736, 0.0, 1.0, 0.0, 0.668041, 0.0, 0.0, 0.0, 1.0],
                [0.865262, 0.0, 0.501319, 0.005267, 0.501319, 0.0, -0.865262, 1.326736, 0.0, 1.0, 0.0, 0.668041, 0.0, 0.0, 0.0, 1.0],
                [0.865297, 0.0, 0.50126, 0.004811, 0.50126, 0.0, -0.865297, 0.76687, 0.0, 1.0, 0.0, 0.728432, 0.0, 0.0, 0.0, 1.0],
                [0.865262, 0.0, 0.501319, 0.014685, 0.501319, 0.0, -0.865262, 0.587444, 0.0, 1.0, 0.0, 0.69449, 0.0, 0.0, 0.0, 1.0],
                [0.865262, 0.0, 0.501319, 0.014685, 0.501319, 0.0, -0.865262, 0.587444, 0.0, 1.0, 0.0, 0.69449, 0.0, 0.0, 0.0, 1.0]
            ]
        },
        {
            "name": "Thigh_R",
            "time": [0.0, 0.0833, 0.6333, 0.8, 1.0, 1.0333, 1.0833, 1.1333, 1.3, 1.6667],
            "transform": [
                [0.964749, 0.193236, 0.178656, 0.124994, 0.045149, -0.790323, 0.611022, -0.002831, 0.259267, -0.581416, -0.771191, -1.2e-05, 0.0, 0.0, 0.0, 1.0],
                [0.964749, 0.193236, 0.178656, 0.124994, 0.045149, -0.790323, 0.611022, -0.002831, 0.259267, -0.581416, -0.771191, -1.2e-05, 0.0, 0.0, 0.0, 1.0],
                [0.979235, 0.082855, -0.185021, 0.124994, 0.106061, -0.98718, 0.119257, -0.002831, -0.172768, -0.136404, -0.975472, -1.2e-05, 0.0, 0.0, 0.0, 1.0],
                [0.979235, 0.082855, -0.185021, 0.124994, 0.106061, -0.98718, 0.119257, -0.002831, -0.172768, -0.136404, -0.975472, -1.2e-05, 0.0, 0.0, 0.0, 1.0],
                [0.896348, 0.284316, 0.340182, 0.124994, -0.032011, -0.72379, 0.689276, -0.002831, 0.442193, -0.628719, -0.639668, -1.2e-05, 0.0, 0.0, 0.0, 1.0],
                [0.896348, 0.284316, 0.340182, 0.124994, -0.032011, -0.72379, 0.689276, -0.002831, 0.442193, -0.628719, -0.639668, -1.2e-05, 0.0, 0.0, 0.0, 1.0],
                [0.899627, 0.289325, 0.32705, 0.124994, -0.052095, -0.672516, 0.738246, -0.002831, 0.43354, -0.681182, -0.589943, -1.2e-05, 0.0, 0.0, 0.0, 1.0],
                [0.89428, 0.111431, 0.433412, 0.124994, -0.035818, -0.94757, 0.317529, -0.002831, 0.446071, -0.299483, -0.843404, -1.2e-05, 0.0, 0.0, 0.0, 1.0],
                [0.89569, -0.149752, 0.418705, 0.124994, 0.047847, -0.903665, -0.425554, -0.002831, 0.442097, 0.401198, -0.802241, -1.2e-05, 0.0, 0.0, 0.0, 1.0],
                [0.89569, -0.149752, 0.418705, 0.124994, 0.047847, -0.903665, -0.425554, -0.002831, 0.442097, 0.401198, -0.802241, -1.2e-05, 0.0, 0.0, 0.0, 1.0]
            ]
        },
        {
            "name": "Leg_R",
            "time": [0.0, 0.0833, 0.6333, 0.8, 1.0, 1.0333, 1.1333, 1.3, 1.6667],
            "transform": [
                [1.0, -1e-06, 2e-06, 0.0, -0.0, 0.92059, 0.390532, 0.37472, -2e-06, -0.390532, 0.920589, -0.0, 0.0, 0.0, 0.0, 1.0],
                [1.0, -1e-06, 2e-06, 0.0, -0.0, 0.92059, 0.390532, 0.37472, -2e-06, -0.390532, 0.920589, -0.0, 0.0, 0.0, 0.0, 1.0],
                [1.0, -1e-06, 2e-06, -0.0, -0.0, 0.725253, 0.688483, 0.37472, -2e-06, -0.688484, 0.725251, 0.0, 0.0, 0.0, 0.0, 1.0],
                [1.0, -1e-06, 2e-06, 0.0, -0.0, 0.725253, 0.688483, 0.37472, -2e-06, -0.688484, 0.725251, -0.0, 0.0, 0.0, 0.0, 1.0],
                [1.0, -0.0, 2e-06, 0.0, -0.0, 0.960099, 0.279663, 0.37472, -2e-06, -0.279664, 0.960097, 0.0, 0.0, 0.0, 0.0, 1.0],
                [1.0, -0.0, 2e-06, 0.0, -0.0, 0.960099, 0.279663, 0.37472, -2e-06, -0.279664, 0.960097, 0.0, 0.0, 0.0, 0.0, 1.0],
                [1.0, -2e-06, 0.0, -0.0, -0.0, 0.166926, 0.985969, 0.37472, -2e-06, -0.98597, 0.166926, 0.0, 0.0, 0.0, 0.0, 1.0],
                [1.0, -0.0, 2e-06, 0.0, -0.0, 0.992629, 0.121197, 0.37472, -2e-06, -0.121197, 0.992628, -0.0, 0.0, 0.0, 0.0, 1.0],
                [1.0, -0.0, 2e-06, 0.0, -0.0, 0.992629, 0.121197, 0.37472, -2e-06, -0.121197, 0.992628, -0.0, 0.0, 0.0, 0.0, 1.0]
            ]
        },
        {
            "name": "Knee_R",
            "time": [0.0, 0.0833, 0.6333, 0.8, 1.0, 1.0333, 1.3, 1.6667],
            "transform": [
                [1.0, 0.0, -0.0, 0.0, -0.0, 1e-06, -1.0, 0.37472, -0.0, 1.0, 1e-06, -0.0, 0.0, 0.0, 0.0, 1.0],
                [1.0, 0.0, -0.0, 0.0, -0.0, 1e-06, -1.0, 0.37472, -0.0, 1.0, 1e-06, -0.0, 0.0, 0.0, 0.0, 1.0],
                [1.0, 0.0, -0.0, -0.0, -0.0, 1e-06, -1.0, 0.37472, -0.0, 1.0, 1e-06, 0.0, 0.0, 0.0, 0.0, 1.0],
                [1.0, 0.0, -0.0, 0.0, -0.0, 1e-06, -1.0, 0.37472, -0.0, 1.0, 1e-06, -0.0, 0.0, 0.0, 0.0, 1.0],
                [1.0, 0.0, -0.0, 0.0, -0.0, 1e-06, -1.0, 0.37472, -0.0, 1.0, 1e-06, 0.0, 0.0, 0.0, 0.0, 1.0],
                [1.0, 0.0, -0.0, 0.0, -0.0, 1e-06, -1.0, 0.37472, -0.0, 1.0, 1e-06, 0.0, 0.0, 0.0, 0.0, 1.0],
                [1.0, 0.0, -0.0, 0.0, -0.0, 1e-06, -1.0, 0.37472, -0.0, 1.0, 1e-06, -0.0, 0.0, 0.0, 0.0, 1.0],
                [1.0, 0.0, -0.0, 0.0, -0.0, 1e-06, -1.0, 0.37472, -0.0, 1.0, 1e-06, -0.0, 0.0, 0.0, 0.0, 1.0]
            ]
        },
        {
            "name": "Thigh_L",
            "time": [0.0, 0.0833, 0.2167, 0.6333, 0.8, 1.0, 1.0333, 1.3, 1.6667],
            "transform": [
                [0.987586, -0.15548, 0.022339, -0.125006, -0.127118, -0.874647, -0.467796, -0.002831, 0.092272, 0.45915, -0.883553, -1.2e-05, 0.0, 0.0, 0.0, 1.0],
                [0.987586, -0.15548, 0.022339, -0.125006, -0.127118, -0.874647, -0.467796, -0.002831, 0.092272, 0.45915, -0.883553, -1.2e-05, 0.0, 0.0, 0.0, 1.0],
                [0.98692, -0.140431, 0.079157, -0.125006, -0.160062, -0.911995, 0.377685, -0.002831, 0.019153, -0.385415, -0.922544, -1.2e-05, 0.0, 0.0, 0.0, 1.0],
                [0.971516, -0.218263, -0.092292, -0.125006, -0.140724, -0.844728, 0.516364, -0.002831, -0.190664, -0.488668, -0.851381, -1.2e-05, 0.0, 0.0, 0.0, 1.0],
                [0.971516, -0.218263, -0.092292, -0.125006, -0.140724, -0.844728, 0.516364, -0.002831, -0.190664, -0.488668, -0.851381, -1.2e-05, 0.0, 0.0, 0.0, 1.0],
                [0.94823, -0.147535, 0.281232, -0.125006, 0.022262, -0.852486, -0.522275, -0.002831, 0.3168, 0.501498, -0.805069, -1.2e-05, 0.0, 0.0, 0.0, 1.0],
                [0.94823, -0.147535, 0.281232, -0.125006, 0.022262, -0.852486, -0.522275, -0.002831, 0.3168, 0.501498, -0.805069, -1.2e-05, 0.0, 0.0, 0.0, 1.0],
                [0.94823, 0.206406, 0.24136, -0.125006, 0.022262, -0.801324, 0.597816, -0.002831, 0.3168, -0.561495, -0.764435, -1.2e-05, 0.0, 0.0, 0.0, 1.0],
                [0.94823, 0.206406, 0.24136, -0.125006, 0.022262, -0.801324, 0.597816, -0.002831, 0.3168, -0.561495, -0.764435, -1.2e-05, 0.0, 0.0, 0.0, 1.0]
            ]
        },
        {
            "name": "Leg_L",
            "time": [0.0, 0.0833, 0.2167, 0.6333, 0.8, 1.0, 1.0333, 1.3, 1.6667],
            "transform": [
                [1.0, -0.0, 1e-06, 0.0, 0.0, 0.972261, 0.233896, 0.37472, -1e-06, -0.233896, 0.972262, 0.0, 0.0, 0.0, 0.0, 1.0],
                [1.0, -0.0, 1e-06, 0.0, 0.0, 0.972261, 0.233896, 0.37472, -1e-06, -0.233896, 0.972262, 0.0, 0.0, 0.0, 0.0, 1.0],
                [1.0, -1e-06, -0.0, -0.0, 0.0, 0.236368, 0.971664, 0.37472, -1e-06, -0.971663, 0.236368, 0.0, 0.0, 0.0, 0.0, 1.0],
                [1.0, -1e-06, 1e-06, -0.0, 0.0, 0.833798, 0.55207, 0.37472, -1e-06, -0.55207, 0.833798, 0.0, 0.0, 0.0, 0.0, 1.0],
                [1.0, -1e-06, 1e-06, -0.0, 0.0, 0.833798, 0.55207, 0.37472, -1e-06, -0.55207, 0.833798, -0.0, 0.0, 0.0, 0.0, 1.0],
                [1.0, -0.0, 1e-06, -0.0, 0.0, 0.96704, 0.254623, 0.37472, -1e-06, -0.254623, 0.967041, 0.0, 0.0, 0.0, 0.0, 1.0],
                [1.0, -0.0, 1e-06, -0.0, 0.0, 0.96704, 0.254623, 0.37472, -1e-06, -0.254623, 0.967041, 0.0, 0.0, 0.0, 0.0, 1.0],
                [1.0, -1e-06, 1e-06, -0.0, 0.0, 0.959325, 0.282302, 0.37472, -1e-06, -0.282302, 0.959326, -0.0, 0.0, 0.0, 0.0, 1.0],
                [1.0, -1e-06, 1e-06, -0.0, 0.0, 0.959325, 0.282302, 0.37472, -1e-06, -0.282302, 0.959326, -0.0, 0.0, 0.0, 0.0, 1.0]
            ]
        },
        {
            "name": "Knee_L",
            "time": [0.0, 0.0833, 0.2167, 0.6333, 0.8, 1.0, 1.0333, 1.3, 1.6667],
            "transform": [
                [1.0, 0.0, -0.0, 0.0, -0.0, 1e-06, -1.0, 0.37472, -0.0, 1.0, 1e-06, 0.0, 0.0, 0.0, 0.0, 1.0],
                [1.0, 0.0, -0.0, 0.0, -0.0, 1e-06, -1.0, 0.37472, -0.0, 1.0, 1e-06, 0.0, 0.0, 0.0, 0.0, 1.0],
                [1.0, 0.0, -0.0, -0.0, -0.0, 0.424318, -0.905513, 0.37472, -0.0, 0.905513, 0.424318, 0.0, 0.0, 0.0, 0.0, 1.0],
                [1.0, 0.0, -0.0, -0.0, -0.0, 0.424318, -0.905513, 0.37472, -0.0, 0.905513, 0.424318, 0.0, 0.0, 0.0, 0.0, 1.0],
                [1.0, 0.0, -0.0, -0.0, -0.0, 0.424318, -0.905513, 0.37472, -0.0, 0.905513, 0.424318, -0.0, 0.0, 0.0, 0.0, 1.0],
                [1.0, 0.0, -0.0, -0.0, -0.0, 0.424318, -0.905513, 0.37472, -0.0, 0.905513, 0.424318, 0.0, 0.0, 0.0, 0.0, 1.0],
                [1.0, 0.0, -0.0, -0.0, -0.0, 0.424318, -0.905513, 0.37472, -0.0, 0.905513, 0.424318, 0.0, 0.0, 0.0, 0.0, 1.0],
                [1.0, 0.0, -0.0, -0.0, -0.0, 0.228278, -0.973596, 0.37472, -0.0, 0.973596, 0.228278, -0.0, 0.0, 0.0, 0.0, 1.0],
                [1.0, 0.0, -0.0, -0.0, -0.0, 0.228278, -0.973596, 0.37472, -0.0, 0.973596, 0.228278, -0.0, 0.0, 0.0, 0.0, 1.0]
            ]
        },
        {
            "name": "Torso",
            "time": [0.0, 0.0833, 0.6333, 0.8, 1.0, 1.0333, 1.3, 1.6667],
            "transform": [
                [0.987124, -0.020971, 0.158576, 0.0, 0.017714, 0.999603, 0.021925, 0.05, -0.158973, -0.018833, 0.987103, -0.0, 0.0, 0.0, 0.0, 1.0],
                [0.987124, -0.020971, 0.158576, 0.0, 0.017714, 0.999603, 0.021925, 0.05, -0.158973, -0.018833, 0.987103, -0.0, 0.0, 0.0, 0.0, 1.0],
                [0.987574, -0.020971, -0.155751, -0.0, 0.023646, 0.999603, 0.015341, 0.05, 0.155367, -0.018833, 0.987677, -0.0, 0.0, 0.0, 0.0, 1.0],
                [0.987574, -0.020971, -0.155751, 0.0, 0.023646, 0.999603, 0.015341, 0.05, 0.155367, -0.018833, 0.987677, -0.0, 0.0, 0.0, 0.0, 1.0],
                [0.987574, 0.058078, -0.146031, 0.0, 0.023646, 0.863717, 0.503423, 0.05, 0.155367, -0.50062, 0.851611, -0.0, 0.0, 0.0, 0.0, 1.0],
                [0.987574, 0.058078, -0.146031, 0.0, 0.023646, 0.863717, 0.503423, 0.05, 0.155367, -0.50062, 0.851611, -0.0, 0.0, 0.0, 0.0, 1.0],
                [0.889719, 0.088434, -0.447861, -0.0, -0.000434, 0.981221, 0.192888, 0.05, 0.456509, -0.171422, 0.873049, -0.0, 0.0, 0.0, 0.0, 1.0],
                [0.889719, 0.088434, -0.447861, -0.0, -0.000434, 0.981221, 0.192888, 0.05, 0.456509, -0.171422, 0.873049, -0.0, 0.0, 0.0, 0.0, 1.0]
            ]
        },
        {
            "name": "Chest",
            "time": [0.0, 0.0833, 0.6333, 0.8, 1.0, 1.0333, 1.1667, 1.3, 1.6667],
            "transform": [
                [0.755868, -0.003894, 0.654713, 0.0, -0.01764, 0.999498, 0.02631, 0.3, -0.654486, -0.031436, 0.75542, 0.0, 0.0, 0.0, 0.0, 1.0],
                [0.755868, -0.003894, 0.654713, 0.0, -0.01764, 0.999498, 0.02631, 0.3, -0.654486, -0.031436, 0.75542, 0.0, 0.0, 0.0, 0.0, 1.0],
                [0.318854, -0.007505, -0.947774, -0.0, 0.132085, 0.990563, 0.036592, 0.3, 0.938555, -0.136854, 0.316836, 0.0, 0.0, 0.0, 0.0, 1.0],
                [0.318854, -0.007505, -0.947774, -0.0, 0.132085, 0.990563, 0.036592, 0.3, 0.938555, -0.136854, 0.316836, 0.0, 0.0, 0.0, 0.0, 1.0],
                [0.750122, -0.0829, -0.656082, -0.0, 0.009874, 0.993405, -0.114234, 0.3, 0.661225, 0.079211, 0.745994, -0.0, 0.0, 0.0, 0.0, 1.0],
                [0.750122, -0.0829, -0.656082, -0.0, 0.009874, 0.993405, -0.114234, 0.3, 0.661225, 0.079211, 0.745994, -0.0, 0.0, 0.0, 0.0, 1.0],
                [0.733526, -0.099124, -0.672394, -0.0, 0.176668, 0.983109, 0.0478, 0.3, 0.656298, -0.153853, 0.738649, 0.0, 0.0, 0.0, 0.0, 1.0],
                [0.750122, -0.0829, -0.656082, -0.0, 0.009874, 0.993405, -0.114234, 0.3, 0.661225, 0.079211, 0.745994, 0.0, 0.0, 0.0, 0.0, 1.0],
                [0.750122, -0.0829, -0.656082, -0.0, 0.009874, 0.993405, -0.114234, 0.3, 0.661225, 0.079211, 0.745994, 0.0, 0.0, 0.0, 0.0, 1.0]
            ]
        },
        {
            "name": "Head",
            "time": [0.0, 0.0833, 0.6333, 0.8, 1.0, 1.0333, 1.3, 1.6667],
            "transform": [
                [0.756988, 0.04116, -0.652132, -0.0, -0.063848, 0.997898, -0.01113, 0.4, 0.650303, 0.050063, 0.758024, 0.0, 0.0, 0.0, 0.0, 1.0],
                [0.756988, 0.04116, -0.652132, -0.0, -0.063848, 0.997898, -0.01113, 0.4, 0.650303, 0.050063, 0.758024, 0.0, 0.0, 0.0, 0.0, 1.0],
                [0.905448, 0.04116, 0.422457, -0.0, -0.016068, 0.997898, -0.062787, 0.4, -0.424153, 0.050063, 0.904206, -0.0, 0.0, 0.0, 0.0, 1.0],
                [0.905448, 0.04116, 0.422457, 0.0, -0.016068, 0.997898, -0.062787, 0.4, -0.424153, 0.050063, 0.904206, -0.0, 0.0, 0.0, 0.0, 1.0],
                [0.905448, 0.04116, 0.422457, 0.0, -0.016068, 0.997898, -0.062787, 0.4, -0.424153, 0.050063, 0.904206, 0.0, 0.0, 0.0, 0.0, 1.0],
                [0.905448, 0.04116, 0.422457, 0.0, -0.016068, 0.997898, -0.062787, 0.4, -0.424153, 0.050063, 0.904206, 0.0, 0.0, 0.0, 0.0, 1.0],
                [0.70539, 0.04116, 0.707623, 0.0, 0.006464, 0.997898, -0.064488, 0.4, -0.70879, 0.050063, 0.703641, -0.0, 0.0, 0.0, 0.0, 1.0],
                [0.70539, 0.04116, 0.707623, 0.0, 0.006464, 0.997898, -0.064488, 0.4, -0.70879, 0.050063, 0.703641, -0.0, 0.0, 0.0, 0.0, 1.0]
            ]
        },
        {
            "name": "Shoulder_R",
            "time": [0.0, 0.0833, 0.6333, 0.8, 1.0, 1.0333, 1.3, 1.6667],
            "transform": [
                [0.388101, 0.869424, 0.305743, -0.0, -0.124627, -0.27919, 0.952114, 0.4, 0.913151, -0.407621, -0.0, 0.0, 0.0, 0.0, 0.0, 1.0],
                [0.388101, 0.869424, 0.305743, -0.0, -0.124627, -0.27919, 0.952114, 0.4, 0.913151, -0.407621, -0.0, 0.0, 0.0, 0.0, 0.0, 1.0],
                [0.257218, 0.916711, 0.305743, -0.0, -0.082598, -0.294375, 0.952114, 0.4, 0.962817, -0.270155, -0.0, -0.0, 0.0, 0.0, 0.0, 1.0],
                [0.257218, 0.916711, 0.305743, 0.0, -0.082598, -0.294375, 0.952114, 0.4, 0.962817, -0.270155, -0.0, -0.0, 0.0, 0.0, 0.0, 1.0],
                [0.257218, 0.916711, 0.305743, 0.0, -0.082598, -0.294375, 0.952114, 0.4, 0.962817, -0.270155, -0.0, 0.0, 0.0, 0.0, 0.0, 1.0],
                [0.257218, 0.916711, 0.305743, 0.0, -0.082598, -0.294375, 0.952114, 0.4, 0.962817, -0.270155, -0.0, 0.0, 0.0, 0.0, 0.0, 1.0],
                [0.257218, 0.916711, 0.305743, 0.0, -0.082598, -0.294375, 0.952114, 0.4, 0.962817, -0.270155, -0.0, -0.0, 0.0, 0.0, 0.0, 1.0],
                [0.257218, 0.916711, 0.305743, 0.0, -0.082598, -0.294375, 0.952114, 0.4, 0.962817, -0.270155, -0.0, -0.0, 0.0, 0.0, 0.0, 1.0]
            ]
        },
        {
            "name": "Arm_R",
            "time": [0.0, 0.0833, 0.2833, 0.6333, 0.8, 1.0, 1.0333, 1.3, 1.6667],
            "transform": [
                [0.649487, -0.731922, -0.206049, 0.0, 0.075783, 0.331944, -0.94025, 0.393861, 0.756587, 0.595065, 0.27106, 0.0, 0.0, 0.0, 0.0, 1.0],
                [0.649487, -0.731922, -0.206049, 0.0, 0.075783, 0.331944, -0.94025, 0.393861, 0.756587, 0.595065, 0.27106, 0.0, 0.0, 0.0, 0.0, 1.0],
                [0.710019, -0.640582, 0.292451, 0.0, 0.62114, 0.374068, -0.688664, 0.393861, 0.331749, 0.670618, 0.663486, 0.0, 0.0, 0.0, 0.0, 1.0],
                [-0.108262, -0.171486, -0.97922, 0.0, 0.737025, 0.647177, -0.194823, 0.39386, 0.667138, -0.742802, 0.056325, -0.0, 0.0, 0.0, 0.0, 1.0],
                [-0.108262, -0.171486, -0.97922, 0.0, 0.737025, 0.647177, -0.194823, 0.393861, 0.667138, -0.742802, 0.056325, 0.0, 0.0, 0.0, 0.0, 1.0],
                [-0.108262, -0.171486, -0.97922, 0.0, 0.737025, 0.647177, -0.194823, 0.39386, 0.667138, -0.742802, 0.056325, 0.0, 0.0, 0.0, 0.0, 1.0],
                [-0.108262, -0.171486, -0.97922, 0.0, 0.737025, 0.647177, -0.194823, 0.39386, 0.667138, -0.742802, 0.056325, 0.0, 0.0, 0.0, 0.0, 1.0],
                [-0.108262, -0.171486, -0.97922, -0.0, 0.737025, 0.647177, -0.194823, 0.39386, 0.667138, -0.742801, 0.056325, -0.0, 0.0, 0.0, 0.0, 1.0],
                [-0.108262, -0.171486, -0.97922, -0.0, 0.737025, 0.647177, -0.194823, 0.39386, 0.667138, -0.742801, 0.056325, -0.0, 0.0, 0.0, 0.0, 1.0]
            ]
        },
        {
            "name": "Hand_R",
            "time": [0.0, 0.0833, 0.6333, 0.8, 1.0, 1.0333, 1.3, 1.6667],
            "transform": [
                [1.0, -0.0, 0.0, 0.0, 0.0, 0.970794, -0.239914, 0.3, 0.0, 0.239914, 0.970794, 0.0, 0.0, 0.0, 0.0, 1.0],
                [1.0, -0.0, 0.0, 0.0, 0.0, 0.970794, -0.239914, 0.3, 0.0, 0.239914, 0.970794, 0.0, 0.0, 0.0, 0.0, 1.0],
                [1.0, -1e-06, 0.0, -0.0, 0.0, 0.970794, -0.239914, 0.3, 0.0, 0.239914, 0.970794, -0.0, 0.0, 0.0, 0.0, 1.0],
                [1.0, -1e-06, 0.0, -0.0, 0.0, 0.970794, -0.239914, 0.3, 0.0, 0.239914, 0.970794, -0.0, 0.0, 0.0, 0.0, 1.0],
                [1.0, -1e-06, 0.0, 0.0, 1e-06, 0.970794, -0.239914, 0.3, 0.0, 0.239914, 0.970794, -0.0, 0.0, 0.0, 0.0, 1.0],
                [1.0, -1e-06, 0.0, 0.0, 1e-06, 0.970794, -0.239914, 0.3, 0.0, 0.239914, 0.970794, -0.0, 0.0, 0.0, 0.0, 1.0],
                [1.0, -0.0, 0.0, 0.0, 0.0, 0.970794, -0.239914, 0.3, 0.0, 0.239914, 0.970794, -0.0, 0.0, 0.0, 0.0, 1.0],
                [1.0, -0.0, 0.0, 0.0, 0.0, 0.970794, -0.239914, 0.3, 0.0, 0.239914, 0.970794, -0.0, 0.0, 0.0, 0.0, 1.0]
            ]
        },
        {
            "name": "Tool_R",
            "time": [0.0, 0.0833, 0.2833, 0.3667, 0.45, 0.4833, 0.5333, 0.6333, 0.8, 0.85, 1.0, 1.0333, 1.3, 1.3167, 1.6667],
            "transform": [
                [1.0, 0.0, -0.0, -0.003598, 0.0, 0.065546, 0.997849, 0.571391, 0.0, -0.997258, 0.065518, -0.7027, 0.0, 0.0, 0.0, 1.0],
                [1.0, 0.0, -0.0, -0.003598, 0.0, 0.065546, 0.997849, 0.571391, 0.0, -0.997258, 0.065518, -0.7027, 0.0, 0.0, 0.0, 1.0],
                [1.0, 0.0, -0.0, -0.003598, 0.0, 0.065546, 0.99785, 0.571391, 0.0, -0.997258, 0.065518, -0.7027, 0.0, 0.0, 0.0, 1.0],
                [0.504821, 0.795, -0.336349, 0.117848, 0.557686, -0.597776, -0.575891, 0.477157, -0.658498, 0.103078, -0.744695, 0.465089, 0.0, 0.0, 0.0, 1.0],
                [0.11599, 0.895532, 0.429616, -0.134032, 0.992962, -0.114979, -0.028412, 0.076008, 0.02395, 0.429632, -0.902031, 0.882985, 0.0, 0.0, 0.0, 1.0],
                [0.102496, 0.369, 0.923761, -0.147455, 0.983213, -0.178503, -0.037789, -0.143724, 0.150871, 0.911585, -0.380877, 1.339531, 0.0, 0.0, 0.0, 1.0],
                [0.319558, -0.768574, 0.554235, -0.963106, 0.810544, -0.081252, -0.580014, -0.268239, 0.490534, 0.634204, 0.596639, 1.25078, 0.0, 0.0, 0.0, 1.0],
                [0.241999, -0.830849, 0.501125, -0.782848, 0.487999, -0.342177, -0.802977, -0.615586, 0.838135, 0.438605, 0.322447, 1.125927, 0.0, 0.0, 0.0, 1.0],
                [0.241999, -0.830849, 0.501125, -0.782848, 0.487999, -0.342177, -0.802977, -0.615586, 0.838135, 0.438605, 0.322447, 1.125927, 0.0, 0.0, 0.0, 1.0],
                [0.601148, -0.689936, 0.403249, -0.875855, 0.587787, 0.03987, -0.808033, -0.344319, 0.541099, 0.722344, 0.42924, 1.542344, 0.0, 0.0, 0.0, 1.0],
                [0.856013, -0.030542, 0.516051, -0.068842, 0.506214, 0.25195, -0.824784, -0.098232, -0.104761, 0.966688, 0.230988, 1.797441, 0.0, 0.0, 0.0, 1.0],
                [0.856013, -0.030542, 0.516051, -0.068842, 0.506214, 0.25195, -0.824784, -0.098232, -0.104761, 0.966688, 0.230988, 1.797441, 0.0, 0.0, 0.0, 1.0],
                [0.594337, -0.624941, 0.506173, -0.471016, 0.624456, -0.037998, -0.780135, -0.383598, 0.506479, 0.779284, 0.367439, 1.559678, 0.0, 0.0, 0.0, 1.0],
                [0.591374, -0.624042, 0.510733, -0.500279, 0.62504, -0.045455, -0.779268, -0.33913, 0.509216, 0.779605, 0.362947, 1.538933, 0.0, 0.0, 0.0, 1.0],
                [0.594337, -0.624941, 0.506173, -0.471016, 0.624456, -0.037998, -0.780135, -0.383598, 0.506479, 0.779284, 0.367439, 1.559678, 0.0, 0.0, 0.0, 1.0]
            ]
        },
        {
            "name": "Elbow_R",
            "time": [0.0, 0.0833, 0.6333, 0.8, 1.0, 1.0333, 1.3, 1.6667],
            "transform": [
                [-1.0, 0.0, -0.0, 0.0, -0.0, -0.168172, -0.985758, 0.398921, -0.0, -0.985758, 0.168172, 0.0, 0.0, 0.0, 0.0, 1.0],
                [-1.0, 0.0, -0.0, 0.0, -0.0, -0.168172, -0.985758, 0.398921, -0.0, -0.985758, 0.168172, 0.0, 0.0, 0.0, 0.0, 1.0],
                [-1.0, 0.0, 0.0, -0.0, 0.0, -0.168172, -0.985758, 0.398921, -0.0, -0.985758, 0.168172, -0.0, 0.0, 0.0, 0.0, 1.0],
                [-1.0, 0.0, 0.0, -0.0, 0.0, -0.168172, -0.985758, 0.398921, -0.0, -0.985758, 0.168172, -0.0, 0.0, 0.0, 0.0, 1.0],
                [-1.0, 0.0, -0.0, 0.0, -0.0, -0.168172, -0.985758, 0.398921, -0.0, -0.985758, 0.168172, -0.0, 0.0, 0.0, 0.0, 1.0],
                [-1.0, 0.0, -0.0, 0.0, -0.0, -0.168172, -0.985758, 0.398921, -0.0, -0.985758, 0.168172, -0.0, 0.0, 0.0, 0.0, 1.0],
                [-1.0, 0.0, -0.0, 0.0, 0.0, -0.168172, -0.985758, 0.398921, -0.0, -0.985758, 0.168172, -0.0, 0.0, 0.0, 0.0, 1.0],
                [-1.0, 0.0, -0.0, 0.0, 0.0, -0.168172, -0.985758, 0.398921, -0.0, -0.985758, 0.168172, -0.0, 0.0, 0.0, 0.0, 1.0]
            ]
        },
        {
            "name": "Shoulder_L",
            "time": [0.0, 0.0833, 0.6333, 0.8, 1.0, 1.0333, 1.3, 1.6667],
            "transform": [
                [-0.408876, -0.91259, -0.000298, -0.0, 0.01319, -0.006236, 0.999894, 0.4, -0.912494, 0.408829, 0.014586, 0.0, 0.0, 0.0, 0.0, 1.0],
                [-0.408876, -0.91259, -0.000298, -0.0, 0.01319, -0.006236, 0.999894, 0.4, -0.912494, 0.408829, 0.014586, 0.0, 0.0, 0.0, 0.0, 1.0],
                [0.148139, -0.988966, -0.000298, -0.0, 0.014469, 0.001867, 0.999894, 0.4, -0.988861, -0.148127, 0.014586, -0.0, 0.0, 0.0, 0.0, 1.0],
                [0.148139, -0.988966, -0.000298, 0.0, 0.014469, 0.001867, 0.999894, 0.4, -0.988861, -0.148127, 0.014586, -0.0, 0.0, 0.0, 0.0, 1.0],
                [0.669909, -0.742443, -0.000298, 0.0, 0.011029, 0.009551, 0.999893, 0.4, -0.742361, -0.669841, 0.014586, 0.0, 0.0, 0.0, 0.0, 1.0],
                [0.669909, -0.742443, -0.000298, 0.0, 0.011029, 0.009551, 0.999893, 0.4, -0.742361, -0.669841, 0.014586, 0.0, 0.0, 0.0, 0.0, 1.0],
                [0.669909, -0.742443, -0.000298, 0.0, 0.011029, 0.009551, 0.999894, 0.4, -0.742361, -0.669841, 0.014586, -0.0, 0.0, 0.0, 0.0, 1.0],
                [0.669909, -0.742443, -0.000298, 0.0, 0.011029, 0.009551, 0.999894, 0.4, -0.742361, -0.669841, 0.014586, -0.0, 0.0, 0.0, 0.0, 1.0]
            ]
        },
        {
            "name": "Arm_L",
            "time": [0.0, 0.0833, 0.6333, 0.8, 1.0, 1.0333, 1.3, 1.6667],
            "transform": [
                [0.063778, 0.527604, 0.847093, 0.0, -0.840808, 0.485634, -0.239168, 0.39386, -0.537563, -0.696989, 0.474587, -0.0, 0.0, 0.0, 0.0, 1.0],
                [0.063778, 0.527604, 0.847093, 0.0, -0.840808, 0.485634, -0.239168, 0.39386, -0.537563, -0.696989, 0.474587, -0.0, 0.0, 0.0, 0.0, 1.0],
                [-0.033272, 0.998679, -0.039154, -0.0, -0.058525, -0.041056, -0.997441, 0.39386, -0.997731, -0.030895, 0.059814, 0.0, 0.0, 0.0, 0.0, 1.0],
                [-0.033272, 0.998679, -0.039154, -0.0, -0.058525, -0.041056, -0.997441, 0.39386, -0.997731, -0.030895, 0.059814, 0.0, 0.0, 0.0, 0.0, 1.0],
                [-0.033272, 0.835529, 0.548438, 0.0, -0.058525, 0.546171, -0.835627, 0.39386, -0.997731, -0.0599, 0.030727, 0.0, 0.0, 0.0, 0.0, 1.0],
                [-0.033272, 0.835529, 0.548438, 0.0, -0.058525, 0.546171, -0.835627, 0.39386, -0.997731, -0.0599, 0.030727, 0.0, 0.0, 0.0, 0.0, 1.0],
                [-0.033272, 0.984557, 0.171875, 0.0, -0.058525, 0.169756, -0.983747, 0.39386, -0.997731, -0.04279, 0.051973, -0.0, 0.0, 0.0, 0.0, 1.0],
                [-0.033272, 0.984557, 0.171875, 0.0, -0.058525, 0.169756, -0.983747, 0.39386, -0.997731, -0.04279, 0.051973, -0.0, 0.0, 0.0, 0.0, 1.0]
            ]
        },
        {
            "name": "Hand_L",
            "time": [0.0, 0.0833, 0.6333, 0.8, 1.0, 1.0333, 1.3, 1.6667],
            "transform": [
                [0.986933, -0.071183, 0.144558, 0.0, 0.158302, 0.595747, -0.787417, 0.3, -0.030069, 0.800012, 0.599231, -0.0, 0.0, 0.0, 0.0, 1.0],
                [0.986933, -0.071183, 0.144558, 0.0, 0.158302, 0.595747, -0.787417, 0.3, -0.030069, 0.800012, 0.599231, -0.0, 0.0, 0.0, 0.0, 1.0],
                [0.99636, -0.003443, 0.085182, 0.0, 0.033509, 0.934582, -0.354166, 0.3, -0.07839, 0.355731, 0.931295, 0.0, 0.0, 0.0, 0.0, 1.0],
                [0.99636, -0.003443, 0.085182, 0.0, 0.033509, 0.934582, -0.354166, 0.3, -0.07839, 0.355731, 0.931295, 0.0, 0.0, 0.0, 0.0, 1.0],
                [0.99636, 0.029093, 0.080134, -0.0, 0.033509, 0.730667, -0.681911, 0.3, -0.07839, 0.682114, 0.727032, -0.0, 0.0, 0.0, 0.0, 1.0],
                [0.99636, 0.029093, 0.080134, -0.0, 0.033509, 0.730667, -0.681911, 0.3, -0.07839, 0.682114, 0.727032, -0.0, 0.0, 0.0, 0.0, 1.0],
                [0.99636, 0.029093, 0.080134, -0.0, 0.033509, 0.730667, -0.681911, 0.3, -0.07839, 0.682114, 0.727033, 0.0, 0.0, 0.0, 0.0, 1.0],
                [0.99636, 0.029093, 0.080134, -0.0, 0.033509, 0.730667, -0.681911, 0.3, -0.07839, 0.682114, 0.727033, 0.0, 0.0, 0.0, 0.0, 1.0]
            ]
        },
        {
            "name": "Tool_L",
            "time": [0.0, 0.0833, 0.6333, 0.8, 1.0, 1.0333, 1.3, 1.6667],
            "transform": [
                [-0.03254, 0.990548, -0.133248, 0.085051, 0.99563, 0.043801, 0.082474, 0.256548, 0.08749, -0.129905, -0.987063, 0.239384, 0.0, 0.0, 0.0, 1.0],
                [-0.03254, 0.990548, -0.133248, 0.085051, 0.99563, 0.043801, 0.082474, 0.256548, 0.08749, -0.129905, -0.987063, 0.239384, 0.0, 0.0, 0.0, 1.0],
                [-0.03254, 0.990548, -0.133248, 0.085051, 0.99563, 0.043801, 0.082474, 0.256548, 0.08749, -0.129905, -0.987063, 0.239384, 0.0, 0.0, 0.0, 1.0],
                [-0.03254, 0.990548, -0.133248, 0.085051, 0.99563, 0.043801, 0.082474, 0.256548, 0.08749, -0.129905, -0.987063, 0.239384, 0.0, 0.0, 0.0, 1.0],
                [-0.03254, 0.990548, -0.133248, 0.085051, 0.99563, 0.043801, 0.082474, 0.256548, 0.08749, -0.129905, -0.987063, 0.239384, 0.0, 0.0, 0.0, 1.0],
                [-0.03254, 0.990548, -0.133248, 0.085051, 0.99563, 0.043801, 0.082474, 0.256548, 0.08749, -0.129905, -0.987063, 0.239384, 0.0, 0.0, 0.0, 1.0],
                [-0.03254, 0.990548, -0.133248, 0.085051, 0.99563, 0.043801, 0.082474, 0.256548, 0.08749, -0.129905, -0.987063, 0.239384, 0.0, 0.0, 0.0, 1.0],
                [-0.03254, 0.990548, -0.133248, 0.085051, 0.99563, 0.043801, 0.082474, 0.256548, 0.08749, -0.129905, -0.987063, 0.239384, 0.0, 0.0, 0.0, 1.0]
            ]
        },
        {
            "name": "Elbow_L",
            "time": [0.0, 0.0833, 0.6333, 0.8, 1.0, 1.0333, 1.3, 1.6667],
            "transform": [
                [-0.990127, -0.140173, 0.0, -0.01789, -0.080695, 0.569999, -0.817673, 0.333163, 0.114615, -0.8096, -0.575683, 0.010014, 0.0, 0.0, 0.0, 1.0],
                [-0.990127, -0.140173, 0.0, -0.01789, -0.080695, 0.569999, -0.817673, 0.333163, 0.114615, -0.8096, -0.575683, 0.010014, 0.0, 0.0, 0.0, 1.0],
                [-0.996346, -0.018688, 0.08334, 0.002056, -0.082963, -0.020086, -0.99635, 0.31434, 0.020293, -0.999624, 0.018463, -0.003207, 0.0, 0.0, 0.0, 1.0],
                [-0.996346, -0.018688, 0.08334, 0.002056, -0.082963, -0.020086, -0.99635, 0.31434, 0.020293, -0.999624, 0.018463, -0.003207, 0.0, 0.0, 0.0, 1.0],
                [-0.996346, 0.004728, 0.085278, 0.002056, -0.082963, -0.290812, -0.953177, 0.31434, 0.020293, -0.956769, 0.290141, -0.003207, 0.0, 0.0, 0.0, 1.0],
                [-0.996346, 0.004728, 0.085278, 0.002056, -0.082963, -0.290812, -0.953177, 0.31434, 0.020293, -0.956769, 0.290141, -0.003207, 0.0, 0.0, 0.0, 1.0],
                [-0.996346, 0.004728, 0.085278, 0.002056, -0.082963, -0.290811, -0.953177, 0.31434, 0.020293, -0.956769, 0.290141, -0.003207, 0.0, 0.0, 0.0, 1.0],
                [-0.996346, 0.004728, 0.085278, 0.002056, -0.082963, -0.290811, -0.953177, 0.31434, 0.020293, -0.956769, 0.290141, -0.003207, 0.0, 0.0, 0.0, 1.0]
            ]
        }
    ]
}