{
    "animation": [
        {
            "name": "Root",
            "time": [0.0, 0.1, 0.2, 0.3333, 0.4333, 0.55, 0.6167, 0.9167, 1.25],
            "transform": [
                [0.608921, 0.004804, -0.793217, -0.098355, -0.792289, 0.052408, -0.607891, 0.096235, 0.03865, 0.998614, 0.035719, 0.618569, 0.0, 0.0, 0.0, 1.0],
                [0.575988, 0.18161, -0.797029, -0.075106, -0.814496, 0.044575, -0.578454, -0.149049, -0.069525, 0.98236, 0.173595, 0.626551, 0.0, 0.0, 0.0, 1.0],
                [0.589951, 0.140043, -0.795202, 0.00388, -0.720475, -0.353306, -0.596733, -0.630518, -0.364518, 0.924966, -0.107536, 0.82823, 0.0, 0.0, 0.0, 1.0],
                [0.596379, 0.122127, -0.793358, 0.011446, -0.701451, -0.401223, -0.589055, -0.669854, -0.390253, 0.907802, -0.153615, 0.854452, 0.0, 0.0, 0.0, 1.0],
                [0.671754, 0.149749, -0.725481, 0.021865, -0.64493, -0.363581, -0.672216, -0.578936, -0.364435, 0.919448, -0.147659, 0.838126, 0.0, 0.0, 0.0, 1.0],
                [0.977313, -0.083446, 0.194667, 0.062573, 0.20178, 0.087507, -0.975514, 0.240904, 0.064368, 0.992663, 0.102359, 0.737255, 0.0, 0.0, 0.0, 1.0],
                [0.386113, -0.211329, 0.897918, 0.128887, 0.890248, 0.340325, -0.302718, 0.883608, -0.241611, 0.916253, 0.319539, 0.534503, 0.0, 0.0, 0.0, 1.0],
                [0.296948, -0.258135, 0.919341, 0.131326, 0.91851, 0.340446, -0.201088, 0.970192, -0.261078, 0.904136, 0.338195, 0.559936, 0.0, 0.0, 0.0, 1.0],
                [0.854689, 0.0, -0.51914, -5e-06, -0.51914, 0.0, -0.854689, 0.000946, 0.0, 1.0, 0.0, 0.755725, 0.0, 0.0, 0.0, 1.0]
            ]
        },
        {
            "name": "Thigh_R",
            "time": [0.0, 0.1, 0.2, 0.3333, 0.4333, 0.55, 0.6167, 0.9167, 1.05, 1.25],
            "transform": [
                [0.718389, 0.592476, 0.36454, 0.137741, 0.325627, -0.749481, 0.576407, -0.033652, 0.614723, -0.29538, -0.731346, 0.038641, 0.0, 0.0, 0.0, 1.0],
                [0.808374, 0.52481, -0.266655, 0.137741, 0.588667, -0.721693, 0.364184, -0.033652, -0.001316, -0.451367, -0.892338, 0.038641, 0.0, 0.0, 0.0, 1.0],
                [0.821989, 0.564503, -0.075295, 0.137741, 0.569499, -0.814309, 0.112123, -0.033652, 0.00198, -0.135044, -0.990838, 0.038641, 0.0, 0.0, 0.0, 1.0],
                [0.823208, 0.565407, -0.051412, 0.137741, 0.5677, -0.818692, 0.086366, -0.033652, 0.006741, -0.100283, -0.994936, 0.038641, 0.0, 0.0, 0.0, 1.0],
                [0.817241, 0.575689, -0.026415, 0.139492, 0.571852, -0.804408, 0.160973, -0.029764, 0.071422, -0.146659, -0.986606, 0.037416, 0.0, 0.0, 0.0, 1.0],
                [0.875584, 0.474108, -0.092597, 0.129172, 0.40191, -0.608632, 0.684131, -0.030419, 0.267994, -0.63623, -0.723458, 0.0131, 0.0, 0.0, 0.0, 1.0],
                [0.579421, 0.814814, 0.018677, 0.167554, 0.052611, -0.06026, 0.996796, 0.032541, 0.813328, -0.576581, -0.077784, 0.017783, 0.0, 0.0, 0.0, 1.0],
                [0.571844, 0.817659, 0.06655, 0.169327, -0.014098, -0.071315, 0.997355, 0.036479, 0.820241, -0.571269, -0.029254, 0.016543, 0.0, 0.0, 0.0, 1.0],
                [0.793527, 0.603225, 0.080214, 0.154287, 0.144, -0.314207, 0.93837, 0.023143, 0.591252, -0.733071, -0.336196, 0.010326, 0.0, 0.0, 0.0, 1.0],
                [0.999011, 0.005646, -0.044099, 0.124994, 0.009891, -0.995272, 0.096616, -0.002831, -0.043345, -0.096956, -0.994345, -1.2e-05, 0.0, 0.0, 0.0, 1.0]
            ]
        },
        {
            "name": "Leg_R",
            "time": [0.0, 0.1, 0.2, 0.3333, 0.4333, 0.55, 0.6167, 0.9167, 1.05, 1.25],
            "transform": [
                [1.0, -1e-06, 1e-06, 0.0, -0.0, 0.689576, 0.724213, 0.37472, -2e-06, -0.724214, 0.689575, 0.0, 0.0, 0.0, 0.0, 1.0],
                [1.0, -1e-06, 1e-06, 0.0, -0.0, 0.679942, 0.733265, 0.37472, -2e-06, -0.733267, 0.679941, 0.0, 0.0, 0.0, 0.0, 1.0],
                [1.0, -1e-06, 2e-06, -0.0, 0.0, 0.946573, 0.32249, 0.37472, -2e-06, -0.32249, 0.946572, -0.0, 0.0, 0.0, 0.0, 1.0],
                [1.0, -0.0, 2e-06, -0.0, -0.0, 0.966747, 0.255738, 0.37472, -2e-06, -0.255738, 0.966745, 0.0, 0.0, 0.0, 0.0, 1.0],
                [1.0, -0.0, 2e-06, 0.0, -0.0, 0.957756, 0.287585, 0.37472, -2e-06, -0.287585, 0.957754, 0.0, 0.0, 0.0, 0.0, 1.0],
                [1.0, -2e-06, 0.0, 0.0, -0.0, -0.124678, 0.992197, 0.37472, -2e-06, -0.992198, -0.124678, -0.0, 0.0, 0.0, 0.0, 1.0],
                [1.0, -1e-06, 1e-06, 0.0, -0.0, 0.675047, 0.737774, 0.37472, -2e-06, -0.737776, 0.675046, -0.0, 0.0, 0.0, 0.0, 1.0],
                [1.0, -1e-06, 1e-06, 0.0, -0.0, 0.649938, 0.759987, 0.37472, -2e-06, -0.759988, 0.649937, 0.0, 0.0, 0.0, 0.0, 1.0],
                [1.0, -2e-06, 1e-06, 0.0, -0.0, 0.22616, 0.97409, 0.37472, -2e-06, -0.974091, 0.226159, -0.0, 0.0, 0.0, 0.0, 1.0],
                [1.0, 0.0, 2e-06, -0.0, -0.0, 0.997786, 0.066514, 0.37472, -2e-06, -0.066514, 0.997785, -0.0, 0.0, 0.0, 0.0, 1.0]
            ]
        },
        {
            "name": "Knee_R",
            "time": [0.0, 0.1, 0.2, 0.3333, 0.4333, 0.55, 0.6167, 0.9167, 1.25],
            "transform": [
                [1.0, 0.0, -0.0, 0.0, -0.0, 1e-06, -1.0, 0.37472, -0.0, 1.0, 1e-06, 0.0, 0.0, 0.0, 0.0, 1.0],
                [1.0, 0.0, -0.0, 0.0, -0.0, 1e-06, -1.0, 0.37472, -0.0, 1.0, 1e-06, 0.0, 0.0, 0.0, 0.0, 1.0],
                [1.0, 0.0, -0.0, -0.0, -0.0, 1e-06, -1.0, 0.37472, -0.0, 1.0, 1e-06, -0.0, 0.0, 0.0, 0.0, 1.0],
                [1.0, -0.0, -0.0, -0.0, -0.0, 1e-06, -1.0, 0.37472, -0.0, 1.0, 1e-06, 0.0, 0.0, 0.0, 0.0, 1.0],
                [1.0, 0.0, -0.0, 0.0, -0.0, 1e-06, -1.0, 0.37472, -0.0, 1.0, 1e-06, 0.0, 0.0, 0.0, 0.0, 1.0],
                [1.0, 0.0, -0.0, 0.0, -0.0, 1e-06, -1.0, 0.37472, -0.0, 1.0, 1e-06, -0.0, 0.0, 0.0, 0.0, 1.0],
                [1.0, 0.0, -0.0, 0.0, -0.0, 1e-06, -1.0, 0.37472, -0.0, 1.0, 1e-06, -0.0, 0.0, 0.0, 0.0, 1.0],
                [1.0, 0.0, -0.0, 0.0, -0.0, 1e-06, -1.0, 0.37472, -0.0, 1.0, 1e-06, 0.0, 0.0, 0.0, 0.0, 1.0],
                [1.0, 0.0, -0.0, -0.0, -0.0, 1e-06, -1.0, 0.37472, -0.0, 1.0, 1e-06, -0.0, 0.0, 0.0, 0.0, 1.0]
            ]
        },
        {
            "name": "Thigh_L",
            "time": [0.0, 0.1, 0.2, 0.3333, 0.4333, 0.55, 0.6167, 0.9167, 1.25],
            "transform": [
                [0.90954, -0.413223, 0.044534, -0.157841, -0.291381, -0.557585, 0.7773, -0.02062, -0.296366, -0.719962, -0.627552, -0.01167, 0.0, 0.0, 0.0, 1.0],
                [0.889277, -0.343628, -0.301837, -0.227031, -0.058332, -0.739765, 0.670331, 0.039439, -0.453633, -0.578504, -0.677901, -0.057513, 0.0, 0.0, 0.0, 1.0],
                [0.708939, -0.638474, -0.299592, -0.166531, -0.000415, -0.425169, 0.905113, -0.013076, -0.705269, -0.641546, -0.301684, -0.017428, 0.0, 0.0, 0.0, 1.0],
                [0.692831, -0.668301, -0.270848, -0.157841, 0.004902, -0.371231, 0.928527, -0.02062, -0.721083, -0.64464, -0.253925, -0.01167, 0.0, 0.0, 0.0, 1.0],
                [0.704296, -0.654773, -0.274295, -0.160077, -0.025115, -0.409123, 0.912133, -0.020068, -0.709461, -0.635523, -0.304589, -0.012844, 0.0, 0.0, 0.0, 1.0],
                [0.992479, 0.011828, 0.121834, -0.133403, -0.057575, -0.833235, 0.549912, -0.036335, 0.108021, -0.552791, -0.826289, -0.022761, 0.0, 0.0, 0.0, 1.0],
                [0.850747, -0.493819, -0.179921, -0.195922, -0.428458, -0.849903, 0.306738, -0.011227, -0.304388, -0.183868, -0.934633, -0.031665, 0.0, 0.0, 0.0, 1.0],
                [0.886828, -0.425013, -0.181382, -0.198188, -0.36974, -0.888073, 0.273163, -0.010669, -0.277178, -0.175184, -0.944713, -0.032855, 0.0, 0.0, 0.0, 1.0],
                [0.864782, -0.064621, -0.497972, -0.125006, -0.061338, -0.997853, 0.02297, -0.002831, -0.498387, 0.010681, -0.866889, -1.2e-05, 0.0, 0.0, 0.0, 1.0]
            ]
        },
        {
            "name": "Leg_L",
            "time": [0.0, 0.1, 0.2, 0.3333, 0.4333, 0.55, 0.6167, 0.9167, 1.25],
            "transform": [
                [1.0, -1e-06, 1e-06, 0.0, 0.0, 0.687818, 0.725883, 0.37472, -1e-06, -0.725882, 0.687819, 0.0, 0.0, 0.0, 0.0, 1.0],
                [1.0, -1e-06, 1e-06, 0.0, 0.0, 0.90372, 0.428124, 0.37472, -1e-06, -0.428123, 0.903721, 0.0, 0.0, 0.0, 0.0, 1.0],
                [1.0, -1e-06, -0.0, -0.0, -0.0, -0.140227, 0.99012, 0.37472, -1e-06, -0.990119, -0.140227, -0.0, 0.0, 0.0, 0.0, 1.0],
                [1.0, -1e-06, -0.0, -0.0, -0.0, -0.300934, 0.953645, 0.37472, -1e-06, -0.953645, -0.300934, -0.0, 0.0, 0.0, 0.0, 1.0],
                [1.0, -1e-06, -0.0, -0.0, -0.0, -0.219818, 0.975541, 0.37472, -1e-06, -0.975541, -0.219818, 0.0, 0.0, 0.0, 0.0, 1.0],
                [1.0, -1e-06, 1e-06, -0.0, 0.0, 0.779045, 0.626968, 0.37472, -1e-06, -0.626967, 0.779046, -0.0, 0.0, 0.0, 0.0, 1.0],
                [1.0, -0.0, 1e-06, 0.0, 0.0, 0.960478, 0.278355, 0.37472, -1e-06, -0.278354, 0.960479, -0.0, 0.0, 0.0, 0.0, 1.0],
                [1.0, -0.0, 1e-06, 0.0, 0.0, 0.980673, 0.195653, 0.37472, -1e-06, -0.195653, 0.980674, -0.0, 0.0, 0.0, 0.0, 1.0],
                [1.0, -0.0, 1e-06, -0.0, 0.0, 0.999353, 0.035947, 0.37472, -1e-06, -0.035947, 0.999354, -0.0, 0.0, 0.0, 0.0, 1.0]
            ]
        },
        {
            "name": "Knee_L",
            "time": [0.0, 0.1, 0.2, 0.3333, 0.4333, 0.55, 0.6167, 0.9167, 1.25],
            "transform": [
                [1.0, 0.0, -0.0, 0.0, -0.0, 0.424318, -0.905513, 0.37472, -0.0, 0.905513, 0.424318, 0.0, 0.0, 0.0, 0.0, 1.0],
                [1.0, 0.0, -0.0, -4.5e-05, -0.0, 0.580756, -0.814078, 0.380093, -0.0, 0.814078, 0.580756, 0.007045, 0.0, 0.0, 0.0, 1.0],
                [1.0, 0.0, -0.0, -0.000119, -0.0, 0.795503, -0.60595, 0.388948, -0.0, 0.60595, 0.795503, 0.018655, 0.0, 0.0, 0.0, 1.0],
                [1.0, 0.0, -0.0, -0.000125, -0.0, 0.808853, -0.588011, 0.389615, -0.0, 0.588011, 0.808853, 0.01953, 0.0, 0.0, 0.0, 1.0],
                [1.0, 0.0, -0.0, 0.000261, -0.0, 0.784144, -0.620579, 0.390276, -0.0, 0.620579, 0.784144, 0.018581, 0.0, 0.0, 0.0, 1.0],
                [1.0, 0.0, -0.0, 0.00343, -0.0, 0.529562, -0.848271, 0.392983, -0.0, 0.848271, 0.529562, 0.010788, 0.0, 0.0, 0.0, 1.0],
                [1.0, 0.0, -0.0, 0.006448, -0.0, 0.229224, -0.973374, 0.395256, -0.0, 0.973374, 0.229224, 0.003365, 0.0, 0.0, 0.0, 1.0],
                [1.0, 0.0, -0.0, 0.006839, -0.0, 0.188725, -0.98203, 0.395545, -0.0, 0.98203, 0.188725, 0.002403, 0.0, 0.0, 0.0, 1.0],
                [1.0, 0.0, -0.0, -0.0, -0.0, 1e-06, -1.0, 0.37472, -0.0, 1.0, 1e-06, -0.0, 0.0, 0.0, 0.0, 1.0]
            ]
        },
        {
            "name": "Torso",
            "time": [0.0, 0.1, 0.2, 0.3333, 0.4333, 0.55, 0.6167, 0.9167, 1.25],
            "transform": [
                [0.868159, -0.202775, -0.45297, -0.0, 0.098721, 0.965041, -0.242799, 0.05, 0.486368, 0.16607, 0.857827, -0.0, 0.0, 0.0, 0.0, 1.0],
                [0.91506, -0.11352, -0.387013, -0.0, 0.126362, 0.991954, 0.007808, 0.05, 0.383013, -0.056048, 0.922041, -0.0, 0.0, 0.0, 0.0, 1.0],
                [0.96564, -0.193831, -0.173115, -0.0, 0.163951, 0.971199, -0.172897, 0.05, 0.201642, 0.138574, 0.969607, 0.0, 0.0, 0.0, 0.0, 1.0],
                [0.967241, -0.202775, -0.152733, 0.0, 0.17094, 0.965041, -0.198687, 0.05, 0.187682, 0.16607, 0.968089, 0.0, 0.0, 0.0, 0.0, 1.0],
                [0.93878, -0.227608, -0.258623, 0.0, 0.17224, 0.96021, -0.219841, 0.05, 0.29837, 0.161838, 0.940629, -0.0, 0.0, 0.0, 0.0, 1.0],
                [0.980638, -0.086751, -0.175568, 0.0, 0.048865, 0.976566, -0.209598, 0.05, 0.189637, 0.196961, 0.961896, -0.0, 0.0, 0.0, 0.0, 1.0],
                [0.997838, 0.065694, -0.002062, -0.0, -0.064628, 0.974969, -0.212742, 0.05, -0.011966, 0.212415, 0.977106, 0.0, 0.0, 0.0, 0.0, 1.0],
                [0.992947, 0.081655, -0.085962, -0.0, -0.097946, 0.9735, -0.206649, 0.05, 0.06681, 0.213611, 0.974631, 0.0, 0.0, 0.0, 0.0, 1.0],
                [0.996265, -0.020971, 0.083766, -0.0, 0.019316, 0.999603, 0.020528, 0.05, -0.084163, -0.018833, 0.996274, 0.0, 0.0, 0.0, 0.0, 1.0]
            ]
        },
        {
            "name": "Chest",
            "time": [0.0, 0.1, 0.2, 0.3333, 0.4333, 0.55, 0.6167, 0.9167, 1.25],
            "transform": [
                [0.991527, -0.031403, -0.126045, -0.0, 0.056183, 0.978557, 0.198168, 0.3, 0.117119, -0.20357, 0.97203, 0.0, 0.0, 0.0, 0.0, 1.0],
                [0.963629, 0.023888, -0.266175, -0.0, 0.083721, 0.918878, 0.385557, 0.3, 0.253792, -0.393818, 0.883457, -0.0, 0.0, 0.0, 0.0, 1.0],
                [0.875323, -0.020198, -0.483117, -0.0, 0.126942, 0.973681, 0.189288, 0.3, 0.466579, -0.227016, 0.85485, -0.0, 0.0, 0.0, 0.0, 1.0],
                [0.866687, -0.031403, -0.497863, -0.0, 0.128109, 0.978556, 0.161292, 0.3, 0.482122, -0.20357, 0.852125, -0.0, 0.0, 0.0, 0.0, 1.0],
                [0.805892, -0.032178, -0.591187, 0.0, 0.146324, 0.978372, 0.146212, 0.3, 0.573696, -0.204336, 0.793171, 0.0, 0.0, 0.0, 0.0, 1.0],
                [0.876071, -0.056331, -0.47888, -0.0, 0.033232, 0.997845, -0.056582, 0.3, 0.481035, 0.033655, 0.876055, -0.0, 0.0, 0.0, 0.0, 1.0],
                [0.842231, -0.049318, 0.536857, 0.0, -0.07172, 0.976706, 0.202241, 0.3, -0.534326, -0.208837, 0.819075, 0.0, 0.0, 0.0, 0.0, 1.0],
                [0.838111, -0.050399, 0.543166, 0.0, -0.072208, 0.976711, 0.202044, 0.3, -0.540699, -0.208556, 0.814953, 0.0, 0.0, 0.0, 0.0, 1.0],
                [0.999771, -0.021411, -0.000206, 0.0, 0.021411, 0.999586, 0.019225, 0.3, -0.000206, -0.019225, 0.999815, 0.0, 0.0, 0.0, 0.0, 1.0]
            ]
        },
        {
            "name": "Head",
            "time": [0.0, 0.1, 0.2, 0.3333, 0.4333, 0.55, 0.6167, 0.9167, 1.25],
            "transform": [
                [-0.083666, 0.012056, 0.996421, -0.0, -0.066977, 0.997598, -0.017694, 0.4, -0.994241, -0.068218, -0.082657, 0.0, 0.0, 0.0, 0.0, 1.0],
                [0.013813, -0.073146, 0.997225, 0.0, -0.052454, 0.995894, 0.073775, 0.4, -0.998528, -0.053327, 0.009919, 0.0, 0.0, 0.0, 0.0, 1.0],
                [0.170163, -0.214219, 0.96185, -0.0, -0.009398, 0.975688, 0.218964, 0.4, -0.985371, -0.046299, 0.164013, -0.0, 0.0, 0.0, 0.0, 1.0],
                [0.181476, -0.224655, 0.957391, -0.0, -0.005259, 0.973321, 0.22939, 0.4, -0.983381, -0.046663, 0.175452, -0.0, 0.0, 0.0, 0.0, 1.0],
                [0.166755, -0.225742, 0.959809, -0.0, -0.009934, 0.973005, 0.230572, 0.4, -0.985949, -0.047984, 0.160011, 0.0, 0.0, 0.0, 0.0, 1.0],
                [0.816352, 0.07913, 0.572108, 0.0, -0.136932, 0.988845, 0.058621, 0.4, -0.561087, -0.126195, 0.818081, -0.0, 0.0, 0.0, 0.0, 1.0],
                [0.377913, 0.07913, -0.922453, -0.0, 0.087385, 0.988844, 0.120625, 0.4, 0.921708, -0.126195, 0.366783, 0.0, 0.0, 0.0, 0.0, 1.0],
                [0.276285, 0.094156, -0.956452, 0.0, 0.045904, 0.992761, 0.11099, 0.4, 0.959979, -0.07457, 0.269963, -0.0, 0.0, 0.0, 0.0, 1.0],
                [0.85311, 0.037721, 0.520365, -0.0, -0.006297, 0.998055, -0.062025, 0.4, -0.521693, 0.049637, 0.851688, -0.0, 0.0, 0.0, 0.0, 1.0]
            ]
        },
        {
            "name": "Shoulder_R",
            "time": [0.0, 0.1, 0.2, 0.3333, 0.4333, 0.55, 0.6167, 0.9167, 1.05, 1.25],
            "transform": [
                [0.257218, 0.916711, 0.305743, -0.0, -0.082598, -0.294375, 0.952114, 0.4, 0.962817, -0.270155, -0.0, 0.0, 0.0, 0.0, 0.0, 1.0],
                [0.257218, 0.916711, 0.305743, 0.0, -0.082598, -0.294375, 0.952114, 0.4, 0.962817, -0.270155, -0.0, 0.0, 0.0, 0.0, 0.0, 1.0],
                [0.257218, 0.916711, 0.305743, -0.0, -0.082598, -0.294375, 0.952114, 0.4, 0.962817, -0.270155, -0.0, -0.0, 0.0, 0.0, 0.0, 1.0],
                [0.257218, 0.916711, 0.305743, -0.0, -0.082598, -0.294375, 0.952114, 0.4, 0.962817, -0.270155, -0.0, -0.0, 0.0, 0.0, 0.0, 1.0],
                [0.257218, 0.916711, 0.305743, -0.0, -0.082598, -0.294375, 0.952114, 0.4, 0.962817, -0.270155, -0.0, 0.0, 0.0, 0.0, 0.0, 1.0],
                [0.257218, 0.916711, 0.305743, 0.0, -0.082598, -0.294375, 0.952114, 0.4, 0.962817, -0.270155, -0.0, -0.0, 0.0, 0.0, 0.0, 1.0],
                [0.257218, 0.916711, 0.305743, -0.0, -0.082598, -0.294375, 0.952114, 0.4, 0.962817, -0.270155, -0.0, 0.0, 0.0, 0.0, 0.0, 1.0],
                [0.257218, 0.916711, 0.305743, 0.0, -0.082598, -0.294375, 0.952114, 0.4, 0.962817, -0.270155, -0.0, -0.0, 0.0, 0.0, 0.0, 1.0],
                [-0.33538, 0.89109, 0.305743, -0.0, 0.107698, -0.286147, 0.952114, 0.4, 0.935906, 0.352248, -0.0, -0.0, 0.0, 0.0, 0.0, 1.0],
                [0.0, 0.952114, 0.305743, -0.0, 0.0, -0.305743, 0.952114, 0.4, 1.0, 0.0, -0.0, -0.0, 0.0, 0.0, 0.0, 1.0]
            ]
        },
        {
            "name": "Arm_R",
            "time": [0.0, 0.1, 0.2, 0.3333, 0.4333, 0.55, 0.6167, 0.9167, 1.05, 1.25],
            "transform": [
                [-0.108262, -0.171486, -0.97922, -0.0, 0.737025, 0.647177, -0.194823, 0.393861, 0.667138, -0.742802, 0.056325, -0.0, 0.0, 0.0, 0.0, 1.0],
                [0.034391, -0.607713, -0.793411, 0.0, 0.903694, 0.357934, -0.234988, 0.393861, 0.426795, -0.70892, 0.561497, 0.0, 0.0, 0.0, 0.0, 1.0],
                [0.567483, -0.823304, 0.011556, 0.0, 0.798566, 0.546903, -0.251376, 0.393861, 0.200638, 0.15188, 0.967821, -0.0, 0.0, 0.0, 0.0, 1.0],
                [0.605647, -0.79217, 0.07522, -0.0, 0.777846, 0.569451, -0.265861, 0.39386, 0.167773, 0.219528, 0.961072, 0.0, 0.0, 0.0, 0.0, 1.0],
                [0.784958, -0.617165, 0.054298, -0.0, 0.613236, 0.761493, -0.209929, 0.39386, 0.088214, 0.198083, 0.976208, -0.0, 0.0, 0.0, 0.0, 1.0],
                [0.735509, -0.659972, -0.153178, 0.0, 0.677404, 0.712259, 0.183875, 0.39386, -0.01225, -0.239005, 0.970941, 0.0, 0.0, 0.0, 0.0, 1.0],
                [0.656869, -0.638013, -0.401824, 0.0, 0.740028, 0.443382, 0.505739, 0.393861, -0.144506, -0.629565, 0.763391, 0.0, 0.0, 0.0, 0.0, 1.0],
                [0.662149, -0.647069, -0.377968, -0.0, 0.732504, 0.452467, 0.508637, 0.39386, -0.158105, -0.613656, 0.773582, 0.0, 0.0, 0.0, 0.0, 1.0],
                [0.63493, 0.445337, -0.631299, 0.0, -0.029312, 0.83044, 0.556337, 0.39386, 0.772013, -0.33473, 0.540325, 0.0, 0.0, 0.0, 0.0, 1.0],
                [0.057449, -0.231993, -0.971019, 0.0, 0.928414, 0.370035, -0.03348, 0.39386, 0.367078, -0.899585, 0.236644, 0.0, 0.0, 0.0, 0.0, 1.0]
            ]
        },
        {
            "name": "Hand_R",
            "time": [0.0, 0.1, 0.2, 0.3333, 0.4333, 0.55, 0.6167, 0.9167, 1.25],
            "transform": [
                [1.0, -1e-06, 0.0, 0.0, 0.0, 0.970794, -0.239914, 0.3, 0.0, 0.239914, 0.970794, -0.0, 0.0, 0.0, 0.0, 1.0],
                [1.0, -0.0, -0.0, -0.0, 0.0, 0.970794, -0.239914, 0.3, 0.0, 0.239914, 0.970794, -0.0, 0.0, 0.0, 0.0, 1.0],
                [1.0, -0.0, 0.0, -0.0, 0.0, 0.970794, -0.239914, 0.3, 0.0, 0.239914, 0.970794, -0.0, 0.0, 0.0, 0.0, 1.0],
                [1.0, -1e-06, 0.0, -0.0, 0.0, 0.970794, -0.239914, 0.3, 0.0, 0.239914, 0.970794, 0.0, 0.0, 0.0, 0.0, 1.0],
                [1.0, -0.0, 0.0, 0.0, 0.0, 0.970794, -0.239914, 0.3, 0.0, 0.239914, 0.970794, 0.0, 0.0, 0.0, 0.0, 1.0],
                [1.0, -0.0, 0.0, 0.0, 0.0, 0.970794, -0.239914, 0.3, 0.0, 0.239914, 0.970794, 0.0, 0.0, 0.0, 0.0, 1.0],
                [1.0, -0.0, 0.0, -0.0, 0.0, 0.970794, -0.239914, 0.3, 0.0, 0.239914, 0.970794, -0.0, 0.0, 0.0, 0.0, 1.0],
                [1.0, -0.0, 0.0, -0.0, 1e-06, 0.970794, -0.239914, 0.3, 0.0, 0.239914, 0.970794, -0.0, 0.0, 0.0, 0.0, 1.0],
                [1.0, -0.0, 0.0, -0.0, 0.0, 0.274677, -0.961537, 0.3, 0.0, 0.961536, 0.274677, -0.0, 0.0, 0.0, 0.0, 1.0]
            ]
        },
        {
            "name": "Tool_R",
            "time": [0.0, 0.1, 0.2, 0.3333, 0.4333, 0.55, 0.6167, 0.9167, 1.05, 1.25],
            "transform": [
                [0.236796, -0.786773, 0.570014, -1.298059, 0.485811, -0.412201, -0.770764, -0.887532, 0.840884, 0.459156, 0.284439, 1.114353, 0.0, 0.0, 0.0, 1.0],
                [-0.145199, 0.540278, 0.828864, 0.436584, 0.432842, -0.718635, 0.544253, -0.784066, 0.889177, 0.437525, -0.129428, 1.071734, 0.0, 0.0, 0.0, 1.0],
                [-0.360481, 0.133314, 0.923191, 0.158135, 0.905458, -0.187723, 0.380665, 0.073217, 0.223929, 0.972555, -0.053004, 1.011138, 0.0, 0.0, 0.0, 1.0],
                [-0.340204, 0.050111, 0.939016, 0.118136, 0.930444, -0.126636, 0.343856, 0.165102, 0.136074, 0.990095, -0.003538, 1.006958, 0.0, 0.0, 0.0, 1.0],
                [-0.403944, 0.061173, 0.912736, 0.12077, 0.908666, -0.088363, 0.408065, 0.246817, 0.105562, 0.993618, -0.019876, 0.99621, 0.0, 0.0, 0.0, 1.0],
                [-0.786931, 0.169347, 0.593347, 0.142392, 0.616767, 0.187245, 0.764551, 0.542628, 0.018369, 0.967035, -0.251639, 0.925056, 0.0, 0.0, 0.0, 1.0],
                [-0.975607, 0.149627, 0.160634, 0.162988, 0.211733, 0.44813, 0.868533, 0.782353, 0.057939, 0.880841, -0.468593, 0.859192, 0.0, 0.0, 0.0, 1.0],
                [-0.984816, 0.138678, 0.104435, 0.165656, 0.158845, 0.477086, 0.864383, 0.812591, 0.070006, 0.867338, -0.491569, 0.850696, 0.0, 0.0, 0.0, 1.0],
                [-0.300325, 0.949212, -0.093818, 0.432979, 0.145849, 0.142901, 0.978932, 0.512031, 0.942064, 0.28015, -0.181241, 0.103975, 0.0, 0.0, 0.0, 1.0],
                [1.0, 0.0, -0.0, -0.003598, 0.0, 0.390346, 0.920668, 0.426086, 0.0, -0.920119, 0.390124, 0.090799, 0.0, 0.0, 0.0, 1.0]
            ]
        },
        {
            "name": "Elbow_R",
            "time": [0.0, 0.1, 0.2, 0.3333, 0.4333, 0.55, 0.6167, 0.9167, 1.25],
            "transform": [
                [-1.0, 0.0, 0.0, 0.0, -0.0, -0.168172, -0.985758, 0.398921, -0.0, -0.985758, 0.168173, -0.0, 0.0, 0.0, 0.0, 1.0],
                [-1.0, 0.0, -0.0, 0.0, -0.0, -0.168172, -0.985757, 0.398921, -0.0, -0.985758, 0.168172, -0.0, 0.0, 0.0, 0.0, 1.0],
                [-1.0, 0.0, -0.0, -0.0, 0.0, -0.168172, -0.985758, 0.398921, -0.0, -0.985758, 0.168172, -0.0, 0.0, 0.0, 0.0, 1.0],
                [-1.0, 0.0, -0.0, 0.0, 0.0, -0.168172, -0.985758, 0.398921, -0.0, -0.985758, 0.168172, 0.0, 0.0, 0.0, 0.0, 1.0],
                [-1.0, 0.0, 0.0, 0.0, 0.0, -0.168172, -0.985758, 0.398921, -0.0, -0.985758, 0.168173, -0.0, 0.0, 0.0, 0.0, 1.0],
                [-1.0, 0.0, 0.0, 0.0, -0.0, -0.168172, -0.985758, 0.398921, -0.0, -0.985758, 0.168173, -0.0, 0.0, 0.0, 0.0, 1.0],
                [-1.0, 0.0, 0.0, -0.0, 0.0, -0.168173, -0.985758, 0.398921, -0.0, -0.985758, 0.168172, -0.0, 0.0, 0.0, 0.0, 1.0],
                [-1.0, 0.0, -0.0, -0.0, 0.0, -0.168172, -0.985757, 0.398921, -0.0, -0.985758, 0.168172, -0.0, 0.0, 0.0, 0.0, 1.0],
                [-1.0, 0.0, -0.0, -0.0, 0.0, -0.0, -1.0, 0.398921, -0.0, -1.0, 0.0, -0.0, 0.0, 0.0, 0.0, 1.0]
            ]
        },
        {
            "name": "Shoulder_L",
            "time": [0.0, 0.1, 0.2, 0.3333, 0.4333, 0.55, 0.6167, 0.9167, 1.25],
            "transform": [
                [-0.096898, -0.995294, -0.000298, -0.0, 0.014489, -0.00171, 0.999894, 0.4, -0.995189, 0.096884, 0.014586, 0.0, 0.0, 0.0, 0.0, 1.0],
                [0.498927, -0.866644, -0.000298, 0.0, 0.01279, 0.00702, 0.999894, 0.4, -0.866549, -0.498878, 0.014586, 0.0, 0.0, 0.0, 0.0, 1.0],
                [0.999743, 0.022676, -0.000298, -0.0, -3.3e-05, 0.014589, 0.999894, 0.4, 0.022678, -0.999636, 0.014586, -0.0, 0.0, 0.0, 0.0, 1.0],
                [0.995694, 0.092704, -0.000298, -0.0, -0.001056, 0.014551, 0.999894, 0.4, 0.092698, -0.995587, 0.014586, -0.0, 0.0, 0.0, 0.0, 1.0],
                [0.995941, 0.090003, -0.000298, -0.0, -0.001016, 0.014554, 0.999894, 0.4, 0.089998, -0.995835, 0.014586, 0.0, 0.0, 0.0, 0.0, 1.0],
                [0.997698, 0.067817, -0.000298, 0.0, -0.000692, 0.014573, 0.999894, 0.4, 0.067814, -0.997592, 0.014586, -0.0, 0.0, 0.0, 0.0, 1.0],
                [0.998911, 0.046651, -0.000298, -0.0, -0.000383, 0.014584, 0.999893, 0.4, 0.046651, -0.998805, 0.014586, 0.0, 0.0, 0.0, 0.0, 1.0],
                [0.999035, 0.043907, -0.000298, 0.0, -0.000343, 0.014585, 0.999893, 0.4, 0.043907, -0.998929, 0.014586, -0.0, 0.0, 0.0, 0.0, 1.0],
                [0.0, -0.999908, 0.013597, -0.0, 0.0, 0.013597, 0.999908, 0.4, -1.0, -0.0, 0.0, -0.0, 0.0, 0.0, 0.0, 1.0]
            ]
        },
        {
            "name": "Arm_L",
            "time": [0.0, 0.1, 0.2, 0.3333, 0.4333, 0.55, 0.6167, 0.9167, 1.25],
            "transform": [
                [0.210008, 0.373284, 0.903635, -0.0, -0.066737, 0.927563, -0.367658, 0.39386, -0.975419, 0.016905, 0.219707, -0.0, 0.0, 0.0, 0.0, 1.0],
                [0.563588, 0.222567, 0.795508, 0.0, 0.190571, 0.90201, -0.387376, 0.39386, -0.803773, 0.369922, 0.465947, -0.0, 0.0, 0.0, 0.0, 1.0],
                [0.457338, 0.709582, 0.536037, -0.0, -0.700756, 0.658667, -0.274041, 0.39386, -0.547525, -0.250302, 0.798477, -0.0, 0.0, 0.0, 0.0, 1.0],
                [0.403146, 0.751641, 0.522025, 0.0, -0.784898, 0.577301, -0.225074, 0.39386, -0.47054, -0.318998, 0.822698, -0.0, 0.0, 0.0, 0.0, 1.0],
                [0.330291, 0.771425, 0.543886, 0.0, -0.847656, 0.495895, -0.188593, 0.39386, -0.415196, -0.398737, 0.817692, -0.0, 0.0, 0.0, 0.0, 1.0],
                [0.202059, 0.69369, 0.691351, -0.0, -0.932649, 0.351727, -0.080335, 0.39386, -0.298895, -0.628555, 0.718039, -0.0, 0.0, 0.0, 0.0, 1.0],
                [0.14048, 0.546806, 0.82539, 0.0, -0.966892, 0.255147, -0.004467, 0.39386, -0.213038, -0.797436, 0.564545, 0.0, 0.0, 0.0, 0.0, 1.0],
                [0.117115, 0.554554, 0.823865, -0.0, -0.976771, 0.214218, -0.005342, 0.39386, -0.179449, -0.804102, 0.566761, 0.0, 0.0, 0.0, 0.0, 1.0],
                [0.039073, 0.530007, 0.847093, 0.0, -0.862567, 0.445843, -0.239168, 0.39386, -0.504431, -0.721329, 0.474587, 0.0, 0.0, 0.0, 0.0, 1.0]
            ]
        },
        {
            "name": "Hand_L",
            "time": [0.0, 0.1, 0.2, 0.3333, 0.4333, 0.55, 0.6167, 0.9167, 1.25],
            "transform": [
                [0.99636, 0.026148, 0.081143, 0.0, 0.033509, 0.755078, -0.654779, 0.3, -0.07839, 0.655114, 0.751453, 0.0, 0.0, 0.0, 0.0, 1.0],
                [0.99636, 0.026148, 0.081142, -0.0, 0.033509, 0.755078, -0.654779, 0.3, -0.07839, 0.655114, 0.751453, -0.0, 0.0, 0.0, 0.0, 1.0],
                [0.99636, 0.026148, 0.081143, 0.0, 0.033508, 0.755078, -0.654779, 0.3, -0.07839, 0.655114, 0.751453, 0.0, 0.0, 0.0, 0.0, 1.0],
                [0.99636, 0.026148, 0.081142, 0.0, 0.033509, 0.755078, -0.654779, 0.3, -0.07839, 0.655114, 0.751453, 0.0, 0.0, 0.0, 0.0, 1.0],
                [0.99636, 0.023371, 0.081986, -0.0, 0.033509, 0.77693, -0.628696, 0.3, -0.07839, 0.629154, 0.773318, 0.0, 0.0, 0.0, 0.0, 1.0],
                [0.99636, -0.000521, 0.08525, 0.0, 0.033509, 0.921892, -0.385997, 0.3, -0.07839, 0.387448, 0.918553, 0.0, 0.0, 0.0, 0.0, 1.0],
                [0.996359, -0.023262, 0.082016, 0.0, 0.033508, 0.991482, -0.125859, 0.3, -0.07839, 0.128149, 0.988652, -0.0, 0.0, 0.0, 0.0, 1.0],
                [0.99636, -0.026077, 0.081165, -0.0, 0.033508, 0.995233, -0.091593, 0.3, -0.07839, 0.093979, 0.992483, 0.0, 0.0, 0.0, 0.0, 1.0],
                [0.986933, 0.085167, 0.136786, -0.0, 0.158302, -0.354065, -0.921726, 0.3, -0.030069, 0.931335, -0.362921, 0.0, 0.0, 0.0, 0.0, 1.0]
            ]
        },
        {
            "name": "Tool_L",
            "time": [0.0, 0.1, 0.2, 0.3333, 0.4333, 0.55, 0.6167, 0.9167, 1.25],
            "transform": [
                [-0.03254, 0.990548, -0.133248, 0.085051, 0.99563, 0.043801, 0.082474, 0.256548, 0.08749, -0.129905, -0.987063, 0.239384, 0.0, 0.0, 0.0, 1.0],
                [-0.03254, 0.990548, -0.133248, 0.085051, 0.99563, 0.043801, 0.082474, 0.256548, 0.08749, -0.129905, -0.987063, 0.239384, 0.0, 0.0, 0.0, 1.0],
                [-0.03254, 0.990548, -0.133248, 0.085051, 0.99563, 0.043801, 0.082474, 0.256548, 0.08749, -0.129905, -0.987063, 0.239384, 0.0, 0.0, 0.0, 1.0],
                [-0.03254, 0.990549, -0.133248, 0.085051, 0.99563, 0.043801, 0.082474, 0.256548, 0.08749, -0.129905, -0.987063, 0.239384, 0.0, 0.0, 0.0, 1.0],
                [-0.03254, 0.990549, -0.133248, 0.085051, 0.99563, 0.043801, 0.082474, 0.256548, 0.08749, -0.129905, -0.987063, 0.239384, 0.0, 0.0, 0.0, 1.0],
                [-0.03254, 0.990548, -0.133248, 0.085051, 0.99563, 0.043801, 0.082474, 0.256548, 0.08749, -0.129905, -0.987063, 0.239384, 0.0, 0.0, 0.0, 1.0],
                [-0.03254, 0.990548, -0.133248, 0.085051, 0.99563, 0.043801, 0.082474, 0.256548, 0.08749, -0.129905, -0.987063, 0.239384, 0.0, 0.0, 0.0, 1.0],
                [-0.03254, 0.990548, -0.133248, 0.085051, 0.99563, 0.043801, 0.082474, 0.256548, 0.08749, -0.129905, -0.987063, 0.239384, 0.0, 0.0, 0.0, 1.0],
                [-0.03254, 0.990548, -0.133248, 0.085051, 0.99563, 0.043801, 0.082474, 0.256548, 0.08749, -0.129905, -0.987063, 0.239384, 0.0, 0.0, 0.0, 1.0]
            ]
        },
        {
            "name": "Elbow_L",
            "time": [0.0, 0.1, 0.2, 0.3333, 0.4333, 0.55, 0.6167, 0.9167, 1.25],
            "transform": [
                [-0.996346, -0.018688, 0.08334, 0.002056, -0.082963, -0.020086, -0.99635, 0.31434, 0.020293, -0.999624, 0.018462, -0.003207, 0.0, 0.0, 0.0, 1.0],
                [-0.996346, -0.018688, 0.08334, 0.002056, -0.082963, -0.020086, -0.99635, 0.31434, 0.020293, -0.999624, 0.018463, -0.003207, 0.0, 0.0, 0.0, 1.0],
                [-0.996346, -0.018688, 0.08334, 0.002056, -0.082963, -0.020086, -0.99635, 0.31434, 0.020293, -0.999624, 0.018462, -0.003207, 0.0, 0.0, 0.0, 1.0],
                [-0.996346, -0.018688, 0.08334, 0.002056, -0.082963, -0.020086, -0.99635, 0.31434, 0.020293, -0.999624, 0.018463, -0.003207, 0.0, 0.0, 0.0, 1.0],
                [-0.996346, -0.018688, 0.08334, 0.002056, -0.082963, -0.020086, -0.99635, 0.31434, 0.020293, -0.999624, 0.018463, -0.003207, 0.0, 0.0, 0.0, 1.0],
                [-0.996346, -0.018688, 0.08334, 0.002056, -0.082963, -0.020086, -0.99635, 0.31434, 0.020293, -0.999624, 0.018463, -0.003207, 0.0, 0.0, 0.0, 1.0],
                [-0.996346, -0.018688, 0.08334, 0.002056, -0.082963, -0.020086, -0.99635, 0.31434, 0.020293, -0.999624, 0.018462, -0.003207, 0.0, 0.0, 0.0, 1.0],
                [-0.996346, -0.018688, 0.08334, 0.002056, -0.082963, -0.020086, -0.99635, 0.31434, 0.020293, -0.999624, 0.018462, -0.003207, 0.0, 0.0, 0.0, 1.0],
                [-1.0, 0.0, 0.0, -0.0, 0.0, 0.575683, -0.817673, 0.402134, -0.0, -0.817673, -0.575683, -0.0, 0.0, 0.0, 0.0, 1.0]
            ]
        }
    ]
}