{
    
    "animation": [
        {
            "name": "Root",
            "time": [0.0, 0.0833, 0.6333, 0.8, 1.0, 1.0333, 1.2, 1.3, 1.6667],
            "transform": [
                [0.854689, 0.0, -0.51914, -5e-06, -0.51914, 0.0, -0.854689, 0.000946, 0.0, 1.0, 0.0, 0.755725, 0.0, 0.0, 0.0, 1.0],
                [0.854689, 0.0, -0.51914, -5e-06, -0.51914, 0.0, -0.854689, 0.000946, 0.0, 1.0, 0.0, 0.755725, 0.0, 0.0, 0.0, 1.0],
                [0.941065, 0.0, -0.338227, 0.005267, -0.338227, 0.0, -0.941065, 0.468448, 0.0, 1.0, 0.0, 0.668041, 0.0, 0.0, 0.0, 1.0],
                [0.941065, 0.0, -0.338227, 0.005267, -0.338227, 0.0, -0.941065, 0.276443, 0.0, 1.0, 0.0, 0.668041, 0.0, 0.0, 0.0, 1.0],
                [0.865262, 0.0, 0.501319, 0.005267, 0.501319, 0.0, -0.865262, 1.326736, 0.0, 1.0, 0.0, 0.668041, 0.0, 0.0, 0.0, 1.0],
                [0.865262, 0.0, 0.501319, 0.005267, 0.501319, 0.0, -0.865262, 1.326736, 0.0, 1.0, 0.0, 0.668041, 0.0, 0.0, 0.0, 1.0],
                [0.865297, 0.0, 0.50126, 0.004811, 0.50126, 0.0, -0.865297, 0.76687, 0.0, 1.0, 0.0, 0.728432, 0.0, 0.0, 0.0, 1.0],
                [0.865262, 0.0, 0.501319, 0.014685, 0.501319, 0.0, -0.865262, 0.587444, 0.0, 1.0, 0.0, 0.69449, 0.0, 0.0, 0.0, 1.0],
                [0.854689, 0.0, -0.51914, -5e-06, -0.51914, 0.0, -0.854689, 0.000946, 0.0, 1.0, 0.0, 0.755725, 0.0, 0.0, 0.0, 1.0]
            ]
        },
        {
            "name": "Thigh_R",
            "time": [0.0, 0.0833, 0.6333, 0.8, 1.0, 1.0333, 1.0833, 1.1333, 1.3, 1.6667],
            "transform": [
                [0.999011, 0.005646, -0.044099, 0.124994, 0.009891, -0.99527, 0.096616, -0.002831, -0.043345, -0.096956, -0.994345, -1.2e-05, 0.0, 0.0, 0.0, 1.0],
                [0.999011, 0.005646, -0.044099, 0.124994, 0.009891, -0.99527, 0.096616, -0.002831, -0.043345, -0.096956, -0.994345, -1.2e-05, 0.0, 0.0, 0.0, 1.0],
                [0.979235, 0.082855, -0.185021, 0.124994, 0.106061, -0.98718, 0.119257, -0.002831, -0.172768, -0.136404, -0.975472, -1.2e-05, 0.0, 0.0, 0.0, 1.0],
                [0.979235, 0.082855, -0.185021, 0.124994, 0.106061, -0.98718, 0.119257, -0.002831, -0.172768, -0.136404, -0.975472, -1.2e-05, 0.0, 0.0, 0.0, 1.0],
                [0.896348, 0.284316, 0.340182, 0.124994, -0.032011, -0.72379, 0.689276, -0.002831, 0.442193, -0.628719, -0.639668, -1.2e-05, 0.0, 0.0, 0.0, 1.0],
                [0.896348, 0.284316, 0.340182, 0.124994, -0.032011, -0.72379, 0.689276, -0.002831, 0.442193, -0.628719, -0.639668, -1.2e-05, 0.0, 0.0, 0.0, 1.0],
                [0.899627, 0.289325, 0.32705, 0.124994, -0.052095, -0.672516, 0.738246, -0.002831, 0.43354, -0.681182, -0.589943, -1.2e-05, 0.0, 0.0, 0.0, 1.0],
                [0.89428, 0.111431, 0.433412, 0.124994, -0.035818, -0.94757, 0.317529, -0.002831, 0.446071, -0.299483, -0.843404, -1.2e-05, 0.0, 0.0, 0.0, 1.0],
                [0.89569, -0.149752, 0.418705, 0.124994, 0.047847, -0.903665, -0.425554, -0.002831, 0.442097, 0.401198, -0.802241, -1.2e-05, 0.0, 0.0, 0.0, 1.0],
                [0.999011, 0.005646, -0.044099, 0.124994, 0.009891, -0.99527, 0.096616, -0.002831, -0.043345, -0.096956, -0.994345, -1.2e-05, 0.0, 0.0, 0.0, 1.0]
            ]
        },
        {
            "name": "Leg_R",
            "time": [0.0, 0.0833, 0.6333, 0.8, 1.0, 1.0333, 1.1333, 1.3, 1.6667],
            "transform": [
                [1.0, 0.0, 2e-06, -0.0, -0.0, 0.997786, 0.066514, 0.37472, -2e-06, -0.066514, 0.997785, -0.0, 0.0, 0.0, 0.0, 1.0],
                [1.0, 0.0, 2e-06, -0.0, -0.0, 0.997786, 0.066514, 0.37472, -2e-06, -0.066514, 0.997785, -0.0, 0.0, 0.0, 0.0, 1.0],
                [1.0, -1e-06, 2e-06, -0.0, -0.0, 0.725253, 0.688483, 0.37472, -2e-06, -0.688484, 0.725251, 0.0, 0.0, 0.0, 0.0, 1.0],
                [1.0, -1e-06, 2e-06, 0.0, -0.0, 0.725253, 0.688483, 0.37472, -2e-06, -0.688484, 0.725251, -0.0, 0.0, 0.0, 0.0, 1.0],
                [1.0, -0.0, 2e-06, 0.0, -0.0, 0.960099, 0.279663, 0.37472, -2e-06, -0.279664, 0.960097, 0.0, 0.0, 0.0, 0.0, 1.0],
                [1.0, -0.0, 2e-06, 0.0, -0.0, 0.960099, 0.279663, 0.37472, -2e-06, -0.279664, 0.960097, 0.0, 0.0, 0.0, 0.0, 1.0],
                [1.0, -2e-06, 0.0, -0.0, -0.0, 0.166926, 0.985969, 0.37472, -2e-06, -0.98597, 0.166926, 0.0, 0.0, 0.0, 0.0, 1.0],
                [1.0, -0.0, 2e-06, 0.0, -0.0, 0.992629, 0.121197, 0.37472, -2e-06, -0.121197, 0.992628, -0.0, 0.0, 0.0, 0.0, 1.0],
                [1.0, 0.0, 2e-06, -0.0, -0.0, 0.997786, 0.066514, 0.37472, -2e-06, -0.066514, 0.997785, -0.0, 0.0, 0.0, 0.0, 1.0]
            ]
        },
        {
            "name": "Knee_R",
            "time": [0.0, 0.0833, 0.6333, 0.8, 1.0, 1.0333, 1.3, 1.6667],
            "transform": [
                [1.0, 0.0, -0.0, -0.0, -0.0, 1e-06, -1.0, 0.37472, -0.0, 1.0, 1e-06, -0.0, 0.0, 0.0, 0.0, 1.0],
                [1.0, 0.0, -0.0, -0.0, -0.0, 1e-06, -1.0, 0.37472, -0.0, 1.0, 1e-06, -0.0, 0.0, 0.0, 0.0, 1.0],
                [1.0, 0.0, -0.0, -0.0, -0.0, 1e-06, -1.0, 0.37472, -0.0, 1.0, 1e-06, 0.0, 0.0, 0.0, 0.0, 1.0],
                [1.0, 0.0, -0.0, 0.0, -0.0, 1e-06, -1.0, 0.37472, -0.0, 1.0, 1e-06, -0.0, 0.0, 0.0, 0.0, 1.0],
                [1.0, 0.0, -0.0, 0.0, -0.0, 1e-06, -1.0, 0.37472, -0.0, 1.0, 1e-06, 0.0, 0.0, 0.0, 0.0, 1.0],
                [1.0, 0.0, -0.0, 0.0, -0.0, 1e-06, -1.0, 0.37472, -0.0, 1.0, 1e-06, 0.0, 0.0, 0.0, 0.0, 1.0],
                [1.0, 0.0, -0.0, 0.0, -0.0, 1e-06, -1.0, 0.37472, -0.0, 1.0, 1e-06, -0.0, 0.0, 0.0, 0.0, 1.0],
                [1.0, 0.0, -0.0, -0.0, -0.0, 1e-06, -1.0, 0.37472, -0.0, 1.0, 1e-06, -0.0, 0.0, 0.0, 0.0, 1.0]
            ]
        },
        {
            "name": "Thigh_L",
            "time": [0.0, 0.0833, 0.2167, 0.6333, 0.8, 1.0, 1.0333, 1.3, 1.6667],
            "transform": [
                [0.864782, -0.064621, -0.497972, -0.125006, -0.061338, -0.997853, 0.02297, -0.002831, -0.498387, 0.010681, -0.866889, -1.2e-05, 0.0, 0.0, 0.0, 1.0],
                [0.864782, -0.064621, -0.497972, -0.125006, -0.061338, -0.997853, 0.02297, -0.002831, -0.498387, 0.010681, -0.866889, -1.2e-05, 0.0, 0.0, 0.0, 1.0],
                [0.98692, -0.140431, 0.079157, -0.125006, -0.160062, -0.911995, 0.377685, -0.002831, 0.019153, -0.385415, -0.922544, -1.2e-05, 0.0, 0.0, 0.0, 1.0],
                [0.971516, -0.218263, -0.092292, -0.125006, -0.140724, -0.844728, 0.516364, -0.002831, -0.190664, -0.488668, -0.851381, -1.2e-05, 0.0, 0.0, 0.0, 1.0],
                [0.971516, -0.218263, -0.092292, -0.125006, -0.140724, -0.844728, 0.516364, -0.002831, -0.190664, -0.488668, -0.851381, -1.2e-05, 0.0, 0.0, 0.0, 1.0],
                [0.94823, -0.147535, 0.281232, -0.125006, 0.022262, -0.852486, -0.522275, -0.002831, 0.3168, 0.501498, -0.805069, -1.2e-05, 0.0, 0.0, 0.0, 1.0],
                [0.94823, -0.147535, 0.281232, -0.125006, 0.022262, -0.852486, -0.522275, -0.002831, 0.3168, 0.501498, -0.805069, -1.2e-05, 0.0, 0.0, 0.0, 1.0],
                [0.94823, 0.206406, 0.24136, -0.125006, 0.022262, -0.801324, 0.597816, -0.002831, 0.3168, -0.561495, -0.764435, -1.2e-05, 0.0, 0.0, 0.0, 1.0],
                [0.864782, -0.064621, -0.497972, -0.125006, -0.061338, -0.997853, 0.02297, -0.002831, -0.498387, 0.010681, -0.866889, -1.2e-05, 0.0, 0.0, 0.0, 1.0]
            ]
        },
        {
            "name": "Leg_L",
            "time": [0.0, 0.0833, 0.2167, 0.6333, 0.8, 1.0, 1.0333, 1.3, 1.6667],
            "transform": [
                [1.0, -0.0, 1e-06, 0.0, 0.0, 0.999353, 0.035947, 0.37472, -1e-06, -0.035947, 0.999354, -0.0, 0.0, 0.0, 0.0, 1.0],
                [1.0, -0.0, 1e-06, 0.0, 0.0, 0.999353, 0.035947, 0.37472, -1e-06, -0.035947, 0.999354, -0.0, 0.0, 0.0, 0.0, 1.0],
                [1.0, -1e-06, 0.0, 0.0, 0.0, 0.236368, 0.971664, 0.37472, -1e-06, -0.971663, 0.236368, 0.0, 0.0, 0.0, 0.0, 1.0],
                [1.0, -1e-06, 1e-06, -0.0, 0.0, 0.833798, 0.55207, 0.37472, -1e-06, -0.55207, 0.833798, 0.0, 0.0, 0.0, 0.0, 1.0],
                [1.0, -1e-06, 1e-06, -0.0, 0.0, 0.833798, 0.55207, 0.37472, -1e-06, -0.55207, 0.833798, -0.0, 0.0, 0.0, 0.0, 1.0],
                [1.0, -0.0, 1e-06, -0.0, 0.0, 0.96704, 0.254623, 0.37472, -1e-06, -0.254623, 0.967041, 0.0, 0.0, 0.0, 0.0, 1.0],
                [1.0, -0.0, 1e-06, -0.0, 0.0, 0.96704, 0.254623, 0.37472, -1e-06, -0.254623, 0.967041, 0.0, 0.0, 0.0, 0.0, 1.0],
                [1.0, -1e-06, 1e-06, -0.0, 0.0, 0.959325, 0.282302, 0.37472, -1e-06, -0.282302, 0.959326, -0.0, 0.0, 0.0, 0.0, 1.0],
                [1.0, -0.0, 1e-06, 0.0, 0.0, 0.999353, 0.035947, 0.37472, -1e-06, -0.035947, 0.999354, -0.0, 0.0, 0.0, 0.0, 1.0]
            ]
        },
        {
            "name": "Knee_L",
            "time": [0.0, 0.0833, 0.2167, 0.6333, 0.8, 1.0, 1.0333, 1.3, 1.6667],
            "transform": [
                [1.0, 0.0, -0.0, 0.0, -0.0, 1e-06, -1.0, 0.37472, -0.0, 1.0, 1e-06, -0.0, 0.0, 0.0, 0.0, 1.0],
                [1.0, 0.0, -0.0, 0.0, -0.0, 1e-06, -1.0, 0.37472, -0.0, 1.0, 1e-06, -0.0, 0.0, 0.0, 0.0, 1.0],
                [1.0, 0.0, -0.0, 0.0, -0.0, 0.424318, -0.905513, 0.37472, -0.0, 0.905513, 0.424318, 0.0, 0.0, 0.0, 0.0, 1.0],
                [1.0, 0.0, -0.0, -0.0, -0.0, 0.424318, -0.905513, 0.37472, -0.0, 0.905513, 0.424318, 0.0, 0.0, 0.0, 0.0, 1.0],
                [1.0, 0.0, -0.0, -0.0, -0.0, 0.424318, -0.905513, 0.37472, -0.0, 0.905513, 0.424318, -0.0, 0.0, 0.0, 0.0, 1.0],
                [1.0, 0.0, -0.0, -0.0, -0.0, 0.424318, -0.905513, 0.37472, -0.0, 0.905513, 0.424318, 0.0, 0.0, 0.0, 0.0, 1.0],
                [1.0, 0.0, -0.0, -0.0, -0.0, 0.424318, -0.905513, 0.37472, -0.0, 0.905513, 0.424318, 0.0, 0.0, 0.0, 0.0, 1.0],
                [1.0, 0.0, -0.0, -0.0, -0.0, 0.228278, -0.973596, 0.37472, -0.0, 0.973596, 0.228278, -0.0, 0.0, 0.0, 0.0, 1.0],
                [1.0, 0.0, -0.0, 0.0, -0.0, 1e-06, -1.0, 0.37472, -0.0, 1.0, 1e-06, -0.0, 0.0, 0.0, 0.0, 1.0]
            ]
        },
        {
            "name": "Torso",
            "time": [0.0, 0.0833, 0.6333, 0.8, 1.0, 1.0333, 1.3, 1.6667],
            "transform": [
                [0.996265, -0.020971, 0.083766, -0.0, 0.019316, 0.999603, 0.020528, 0.05, -0.084163, -0.018833, 0.996274, 0.0, 0.0, 0.0, 0.0, 1.0],
                [0.996265, -0.020971, 0.083766, -0.0, 0.019316, 0.999603, 0.020528, 0.05, -0.084163, -0.018833, 0.996274, 0.0, 0.0, 0.0, 0.0, 1.0],
                [0.987574, -0.020971, -0.155751, -0.0, 0.023646, 0.999603, 0.015341, 0.05, 0.155367, -0.018833, 0.987677, -0.0, 0.0, 0.0, 0.0, 1.0],
                [0.987574, -0.020971, -0.155751, 0.0, 0.023646, 0.999603, 0.015341, 0.05, 0.155367, -0.018833, 0.987677, -0.0, 0.0, 0.0, 0.0, 1.0],
                [0.987574, 0.058078, -0.146031, 0.0, 0.023646, 0.863717, 0.503423, 0.05, 0.155367, -0.50062, 0.851611, -0.0, 0.0, 0.0, 0.0, 1.0],
                [0.987574, 0.058078, -0.146031, 0.0, 0.023646, 0.863717, 0.503423, 0.05, 0.155367, -0.50062, 0.851611, -0.0, 0.0, 0.0, 0.0, 1.0],
                [0.889719, 0.088434, -0.447861, -0.0, -0.000434, 0.981221, 0.192888, 0.05, 0.456509, -0.171422, 0.873049, -0.0, 0.0, 0.0, 0.0, 1.0],
                [0.996265, -0.020971, 0.083766, -0.0, 0.019316, 0.999603, 0.020528, 0.05, -0.084163, -0.018833, 0.996274, 0.0, 0.0, 0.0, 0.0, 1.0]
            ]
        },
        {
            "name": "Chest",
            "time": [0.0, 0.0833, 0.6333, 0.8, 1.0, 1.0333, 1.1667, 1.3, 1.6667],
            "transform": [
                [0.999771, -0.021411, -0.000206, 0.0, 0.021411, 0.999586, 0.019225, 0.3, -0.000206, -0.019225, 0.999815, 0.0, 0.0, 0.0, 0.0, 1.0],
                [0.999771, -0.021411, -0.000206, 0.0, 0.021411, 0.999586, 0.019225, 0.3, -0.000206, -0.019225, 0.999815, 0.0, 0.0, 0.0, 0.0, 1.0],
                [0.318854, -0.007505, -0.947774, -0.0, 0.132085, 0.990563, 0.036592, 0.3, 0.938555, -0.136854, 0.316836, 0.0, 0.0, 0.0, 0.0, 1.0],
                [0.318854, -0.007505, -0.947774, -0.0, 0.132085, 0.990563, 0.036592, 0.3, 0.938555, -0.136854, 0.316836, 0.0, 0.0, 0.0, 0.0, 1.0],
                [0.750122, -0.0829, -0.656082, -0.0, 0.009874, 0.993405, -0.114234, 0.3, 0.661225, 0.079211, 0.745994, -0.0, 0.0, 0.0, 0.0, 1.0],
                [0.750122, -0.0829, -0.656082, -0.0, 0.009874, 0.993405, -0.114234, 0.3, 0.661225, 0.079211, 0.745994, -0.0, 0.0, 0.0, 0.0, 1.0],
                [0.733527, -0.099124, -0.672394, 0.0, 0.176668, 0.983109, 0.0478, 0.3, 0.656298, -0.153853, 0.738649, 0.0, 0.0, 0.0, 0.0, 1.0],
                [0.750122, -0.0829, -0.656082, -0.0, 0.009874, 0.993405, -0.114234, 0.3, 0.661225, 0.079211, 0.745994, 0.0, 0.0, 0.0, 0.0, 1.0],
                [0.999771, -0.021411, -0.000206, 0.0, 0.021411, 0.999586, 0.019225, 0.3, -0.000206, -0.019225, 0.999815, 0.0, 0.0, 0.0, 0.0, 1.0]
            ]
        },
        {
            "name": "Head",
            "time": [0.0, 0.0833, 0.6333, 0.8, 1.0, 1.0333, 1.3, 1.6667],
            "transform": [
                [0.85311, 0.037721, 0.520365, -0.0, -0.006297, 0.998055, -0.062025, 0.4, -0.521693, 0.049637, 0.851688, -0.0, 0.0, 0.0, 0.0, 1.0],
                [0.85311, 0.037721, 0.520365, -0.0, -0.006297, 0.998055, -0.062025, 0.4, -0.521693, 0.049637, 0.851688, -0.0, 0.0, 0.0, 0.0, 1.0],
                [0.905448, 0.04116, 0.422457, -0.0, -0.016068, 0.997898, -0.062787, 0.4, -0.424153, 0.050063, 0.904206, -0.0, 0.0, 0.0, 0.0, 1.0],
                [0.905448, 0.04116, 0.422457, 0.0, -0.016068, 0.997898, -0.062787, 0.4, -0.424153, 0.050063, 0.904206, -0.0, 0.0, 0.0, 0.0, 1.0],
                [0.905448, 0.04116, 0.422457, 0.0, -0.016068, 0.997898, -0.062787, 0.4, -0.424153, 0.050063, 0.904206, 0.0, 0.0, 0.0, 0.0, 1.0],
                [0.905448, 0.04116, 0.422457, 0.0, -0.016068, 0.997898, -0.062787, 0.4, -0.424153, 0.050063, 0.904206, 0.0, 0.0, 0.0, 0.0, 1.0],
                [0.70539, 0.04116, 0.707623, 0.0, 0.006464, 0.997898, -0.064488, 0.4, -0.70879, 0.050063, 0.703641, -0.0, 0.0, 0.0, 0.0, 1.0],
                [0.85311, 0.037721, 0.520365, -0.0, -0.006297, 0.998055, -0.062025, 0.4, -0.521693, 0.049637, 0.851688, -0.0, 0.0, 0.0, 0.0, 1.0]
            ]
        },
        {
            "name": "Shoulder_R",
            "time": [0.0, 0.0833, 0.6333, 0.8, 1.0, 1.0333, 1.3, 1.6667],
            "transform": [
                [0.0, 0.952114, 0.305743, -0.0, 0.0, -0.305743, 0.952114, 0.4, 1.0, 0.0, -0.0, -0.0, 0.0, 0.0, 0.0, 1.0],
                [0.0, 0.952114, 0.305743, -0.0, 0.0, -0.305743, 0.952114, 0.4, 1.0, 0.0, -0.0, -0.0, 0.0, 0.0, 0.0, 1.0],
                [0.257218, 0.916711, 0.305743, -0.0, -0.082598, -0.294375, 0.952114, 0.4, 0.962817, -0.270155, -0.0, -0.0, 0.0, 0.0, 0.0, 1.0],
                [0.257218, 0.916711, 0.305743, 0.0, -0.082598, -0.294375, 0.952114, 0.4, 0.962817, -0.270155, -0.0, -0.0, 0.0, 0.0, 0.0, 1.0],
                [0.257218, 0.916711, 0.305743, 0.0, -0.082598, -0.294375, 0.952114, 0.4, 0.962817, -0.270155, -0.0, 0.0, 0.0, 0.0, 0.0, 1.0],
                [0.257218, 0.916711, 0.305743, 0.0, -0.082598, -0.294375, 0.952114, 0.4, 0.962817, -0.270155, -0.0, 0.0, 0.0, 0.0, 0.0, 1.0],
                [0.257218, 0.916711, 0.305743, 0.0, -0.082598, -0.294375, 0.952114, 0.4, 0.962817, -0.270155, -0.0, -0.0, 0.0, 0.0, 0.0, 1.0],
                [0.0, 0.952114, 0.305743, -0.0, 0.0, -0.305743, 0.952114, 0.4, 1.0, 0.0, -0.0, -0.0, 0.0, 0.0, 0.0, 1.0]
            ]
        },
        {
            "name": "Arm_R",
            "time": [0.0, 0.0833, 0.2833, 0.6333, 0.8, 1.0, 1.0333, 1.3, 1.6667],
            "transform": [
                [0.057449, -0.231993, -0.971019, 0.0, 0.928414, 0.370035, -0.03348, 0.39386, 0.367078, -0.899585, 0.236644, 0.0, 0.0, 0.0, 0.0, 1.0],
                [0.057449, -0.231993, -0.971019, 0.0, 0.928414, 0.370035, -0.03348, 0.39386, 0.367078, -0.899585, 0.236644, 0.0, 0.0, 0.0, 0.0, 1.0],
                [0.710019, -0.640582, 0.292451, 0.0, 0.62114, 0.374068, -0.688664, 0.39386, 0.331749, 0.670618, 0.663486, -0.0, 0.0, 0.0, 0.0, 1.0],
                [-0.108262, -0.171486, -0.97922, 0.0, 0.737025, 0.647177, -0.194823, 0.39386, 0.667138, -0.742802, 0.056325, -0.0, 0.0, 0.0, 0.0, 1.0],
                [-0.108262, -0.171486, -0.97922, 0.0, 0.737025, 0.647177, -0.194823, 0.393861, 0.667138, -0.742802, 0.056325, 0.0, 0.0, 0.0, 0.0, 1.0],
                [-0.108262, -0.171486, -0.97922, 0.0, 0.737025, 0.647177, -0.194823, 0.39386, 0.667138, -0.742802, 0.056325, 0.0, 0.0, 0.0, 0.0, 1.0],
                [-0.108262, -0.171486, -0.97922, 0.0, 0.737025, 0.647177, -0.194823, 0.39386, 0.667138, -0.742802, 0.056325, 0.0, 0.0, 0.0, 0.0, 1.0],
                [-0.108262, -0.171486, -0.97922, -0.0, 0.737025, 0.647177, -0.194823, 0.39386, 0.667138, -0.742801, 0.056325, -0.0, 0.0, 0.0, 0.0, 1.0],
                [0.057449, -0.231993, -0.971019, 0.0, 0.928414, 0.370035, -0.03348, 0.39386, 0.367078, -0.899585, 0.236644, 0.0, 0.0, 0.0, 0.0, 1.0]
            ]
        },
        {
            "name": "Hand_R",
            "time": [0.0, 0.0833, 0.6333, 0.8, 1.0, 1.0333, 1.3, 1.6667],
            "transform": [
                [1.0, -0.0, 0.0, -0.0, 0.0, 0.274677, -0.961537, 0.3, 0.0, 0.961536, 0.274677, -0.0, 0.0, 0.0, 0.0, 1.0],
                [1.0, -0.0, 0.0, -0.0, 0.0, 0.274677, -0.961537, 0.3, 0.0, 0.961536, 0.274677, -0.0, 0.0, 0.0, 0.0, 1.0],
                [1.0, -1e-06, 0.0, -0.0, 0.0, 0.970794, -0.239914, 0.3, 0.0, 0.239914, 0.970794, -0.0, 0.0, 0.0, 0.0, 1.0],
                [1.0, -1e-06, 0.0, -0.0, 0.0, 0.970794, -0.239914, 0.3, 0.0, 0.239914, 0.970794, -0.0, 0.0, 0.0, 0.0, 1.0],
                [1.0, -1e-06, 0.0, 0.0, 1e-06, 0.970794, -0.239914, 0.3, 0.0, 0.239914, 0.970794, -0.0, 0.0, 0.0, 0.0, 1.0],
                [1.0, -1e-06, 0.0, 0.0, 1e-06, 0.970794, -0.239914, 0.3, 0.0, 0.239914, 0.970794, -0.0, 0.0, 0.0, 0.0, 1.0],
                [1.0, -0.0, 0.0, 0.0, 0.0, 0.970794, -0.239914, 0.3, 0.0, 0.239914, 0.970794, -0.0, 0.0, 0.0, 0.0, 1.0],
                [1.0, -0.0, 0.0, -0.0, 0.0, 0.274677, -0.961537, 0.3, 0.0, 0.961536, 0.274677, -0.0, 0.0, 0.0, 0.0, 1.0]
            ]
        },
        {
            "name": "Tool_R",
            "time": [0.0, 0.0833, 0.3833, 0.6333, 0.8, 1.0, 1.0333, 1.3, 1.4, 1.5, 1.6667],
            "transform": [
                [1.0, 0.0, -0.0, -0.003598, 0.0, 0.390346, 0.920668, 0.426086, 0.0, -0.920119, 0.390124, 0.090799, 0.0, 0.0, 0.0, 1.0],
                [1.0, 0.0, -0.0, -0.003598, 0.0, 0.390346, 0.920668, 0.426086, 0.0, -0.920119, 0.390124, 0.090799, 0.0, 0.0, 0.0, 1.0],
                [-0.035835, 0.892209, -0.4502, -0.286043, 0.39032, -0.402213, -0.828176, 0.615411, -0.919433, -0.205282, -0.333645, 0.309147, 0.0, 0.0, 0.0, 1.0],
                [0.241999, -0.830849, 0.501125, -0.77951, 0.487999, -0.342177, -0.802977, -0.620934, 0.838135, 0.438605, 0.322447, 1.128074, 0.0, 0.0, 0.0, 1.0],
                [0.241999, -0.830849, 0.501125, -0.77951, 0.487999, -0.342177, -0.802977, -0.620934, 0.838135, 0.438605, 0.322447, 1.128074, 0.0, 0.0, 0.0, 1.0],
                [0.856009, 0.018777, 0.516619, -0.044879, 0.50622, 0.1722, -0.845038, -0.140511, -0.104761, 0.984302, 0.137809, 1.788949, 0.0, 0.0, 0.0, 1.0],
                [0.856009, 0.018777, 0.516619, -0.044879, 0.50622, 0.1722, -0.845038, -0.140511, -0.104761, 0.984302, 0.137809, 1.788949, 0.0, 0.0, 0.0, 1.0],
                [0.594337, -0.624941, 0.506173, -0.557755, 0.624456, -0.037998, -0.780135, -0.249911, 0.506479, 0.779284, 0.367439, 1.496712, 0.0, 0.0, 0.0, 1.0],
                [0.514817, -0.2094, 0.831333, 0.142168, 0.205906, -0.911124, -0.357009, -0.37411, 0.831715, 0.354751, -0.425697, 1.271552, 0.0, 0.0, 0.0, 1.0],
                [0.902486, 0.263145, 0.340989, -0.055497, -0.265305, -0.284044, 0.921375, 0.460889, 0.339107, -0.921452, -0.186411, 0.401993, 0.0, 0.0, 0.0, 1.0],
                [1.0, 0.0, -0.0, -0.003598, 0.0, 0.390346, 0.920668, 0.426086, 0.0, -0.920119, 0.390124, 0.090799, 0.0, 0.0, 0.0, 1.0]
            ]
        },
        {
            "name": "Elbow_R",
            "time": [0.0, 0.0833, 0.6333, 0.8, 1.0, 1.0333, 1.3, 1.6667],
            "transform": [
                [-1.0, 0.0, -0.0, -0.0, 0.0, -0.0, -1.0, 0.398921, -0.0, -1.0, 0.0, -0.0, 0.0, 0.0, 0.0, 1.0],
                [-1.0, 0.0, -0.0, -0.0, 0.0, -0.0, -1.0, 0.398921, -0.0, -1.0, 0.0, -0.0, 0.0, 0.0, 0.0, 1.0],
                [-1.0, 0.0, 0.0, -0.0, 0.0, -0.168172, -0.985758, 0.398921, -0.0, -0.985758, 0.168172, -0.0, 0.0, 0.0, 0.0, 1.0],
                [-1.0, 0.0, 0.0, -0.0, 0.0, -0.168172, -0.985758, 0.398921, -0.0, -0.985758, 0.168172, -0.0, 0.0, 0.0, 0.0, 1.0],
                [-1.0, 0.0, -0.0, 0.0, -0.0, -0.168172, -0.985758, 0.398921, -0.0, -0.985758, 0.168172, -0.0, 0.0, 0.0, 0.0, 1.0],
                [-1.0, 0.0, -0.0, 0.0, -0.0, -0.168172, -0.985758, 0.398921, -0.0, -0.985758, 0.168172, -0.0, 0.0, 0.0, 0.0, 1.0],
                [-1.0, 0.0, -0.0, 0.0, 0.0, -0.168172, -0.985758, 0.398921, -0.0, -0.985758, 0.168172, -0.0, 0.0, 0.0, 0.0, 1.0],
                [-1.0, 0.0, -0.0, -0.0, 0.0, -0.0, -1.0, 0.398921, -0.0, -1.0, 0.0, -0.0, 0.0, 0.0, 0.0, 1.0]
            ]
        },
        {
            "name": "Shoulder_L",
            "time": [0.0, 0.0833, 0.6333, 0.8, 1.0, 1.0333, 1.3, 1.6667],
            "transform": [
                [0.0, -0.999908, 0.013597, -0.0, 0.0, 0.013597, 0.999908, 0.4, -1.0, -0.0, 0.0, -0.0, 0.0, 0.0, 0.0, 1.0],
                [0.0, -0.999908, 0.013597, -0.0, 0.0, 0.013597, 0.999908, 0.4, -1.0, -0.0, 0.0, -0.0, 0.0, 0.0, 0.0, 1.0],
                [0.148139, -0.988966, -0.000298, -0.0, 0.014469, 0.001867, 0.999894, 0.4, -0.988861, -0.148127, 0.014586, -0.0, 0.0, 0.0, 0.0, 1.0],
                [0.148139, -0.988966, -0.000298, 0.0, 0.014469, 0.001867, 0.999894, 0.4, -0.988861, -0.148127, 0.014586, -0.0, 0.0, 0.0, 0.0, 1.0],
                [0.669909, -0.742443, -0.000298, 0.0, 0.011029, 0.009551, 0.999893, 0.4, -0.742361, -0.669841, 0.014586, 0.0, 0.0, 0.0, 0.0, 1.0],
                [0.669909, -0.742443, -0.000298, 0.0, 0.011029, 0.009551, 0.999893, 0.4, -0.742361, -0.669841, 0.014586, 0.0, 0.0, 0.0, 0.0, 1.0],
                [0.669909, -0.742443, -0.000298, 0.0, 0.011029, 0.009551, 0.999894, 0.4, -0.742361, -0.669841, 0.014586, -0.0, 0.0, 0.0, 0.0, 1.0],
                [0.0, -0.999908, 0.013597, -0.0, 0.0, 0.013597, 0.999908, 0.4, -1.0, -0.0, 0.0, -0.0, 0.0, 0.0, 0.0, 1.0]
            ]
        },
        {
            "name": "Arm_L",
            "time": [0.0, 0.0833, 0.6333, 0.8, 1.0, 1.0333, 1.3, 1.6667],
            "transform": [
                [0.039073, 0.530007, 0.847093, 0.0, -0.862567, 0.445843, -0.239168, 0.39386, -0.504431, -0.721329, 0.474587, 0.0, 0.0, 0.0, 0.0, 1.0],
                [0.039073, 0.530007, 0.847093, 0.0, -0.862567, 0.445843, -0.239168, 0.39386, -0.504431, -0.721329, 0.474587, 0.0, 0.0, 0.0, 0.0, 1.0],
                [-0.033272, 0.998679, -0.039154, -0.0, -0.058525, -0.041056, -0.997441, 0.39386, -0.997731, -0.030895, 0.059814, 0.0, 0.0, 0.0, 0.0, 1.0],
                [-0.033272, 0.998679, -0.039154, -0.0, -0.058525, -0.041056, -0.997441, 0.39386, -0.997731, -0.030895, 0.059814, 0.0, 0.0, 0.0, 0.0, 1.0],
                [-0.033272, 0.835529, 0.548438, 0.0, -0.058525, 0.546171, -0.835627, 0.39386, -0.997731, -0.0599, 0.030727, 0.0, 0.0, 0.0, 0.0, 1.0],
                [-0.033272, 0.835529, 0.548438, 0.0, -0.058525, 0.546171, -0.835627, 0.39386, -0.997731, -0.0599, 0.030727, 0.0, 0.0, 0.0, 0.0, 1.0],
                [-0.033272, 0.984557, 0.171875, 0.0, -0.058525, 0.169756, -0.983747, 0.39386, -0.997731, -0.04279, 0.051973, -0.0, 0.0, 0.0, 0.0, 1.0],
                [0.039073, 0.530007, 0.847093, 0.0, -0.862567, 0.445843, -0.239168, 0.39386, -0.504431, -0.721329, 0.474587, 0.0, 0.0, 0.0, 0.0, 1.0]
            ]
        },
        {
            "name": "Hand_L",
            "time": [0.0, 0.0833, 0.6333, 0.8, 1.0, 1.0333, 1.3, 1.6667],
            "transform": [
                [0.986933, 0.085167, 0.136786, -0.0, 0.158302, -0.354065, -0.921726, 0.3, -0.030069, 0.931335, -0.362921, 0.0, 0.0, 0.0, 0.0, 1.0],
                [0.986933, 0.085167, 0.136786, -0.0, 0.158302, -0.354065, -0.921726, 0.3, -0.030069, 0.931335, -0.362921, 0.0, 0.0, 0.0, 0.0, 1.0],
                [0.99636, -0.003443, 0.085182, 0.0, 0.033509, 0.934582, -0.354166, 0.3, -0.07839, 0.355731, 0.931295, 0.0, 0.0, 0.0, 0.0, 1.0],
                [0.99636, -0.003443, 0.085182, 0.0, 0.033509, 0.934582, -0.354166, 0.3, -0.07839, 0.355731, 0.931295, 0.0, 0.0, 0.0, 0.0, 1.0],
                [0.99636, 0.029093, 0.080134, -0.0, 0.033509, 0.730667, -0.681911, 0.3, -0.07839, 0.682114, 0.727032, -0.0, 0.0, 0.0, 0.0, 1.0],
                [0.99636, 0.029093, 0.080134, -0.0, 0.033509, 0.730667, -0.681911, 0.3, -0.07839, 0.682114, 0.727032, -0.0, 0.0, 0.0, 0.0, 1.0],
                [0.99636, 0.029093, 0.080134, -0.0, 0.033509, 0.730667, -0.681911, 0.3, -0.07839, 0.682114, 0.727033, 0.0, 0.0, 0.0, 0.0, 1.0],
                [0.986933, 0.085167, 0.136786, -0.0, 0.158302, -0.354065, -0.921726, 0.3, -0.030069, 0.931335, -0.362921, 0.0, 0.0, 0.0, 0.0, 1.0]
            ]
        },
        {
            "name": "Tool_L",
            "time": [0.0, 0.0833, 0.6333, 0.8, 1.0, 1.0333, 1.3, 1.6667],
            "transform": [
                [-0.03254, 0.990548, -0.133248, 0.085051, 0.99563, 0.043801, 0.082474, 0.256548, 0.08749, -0.129905, -0.987063, 0.239384, 0.0, 0.0, 0.0, 1.0],
                [-0.03254, 0.990548, -0.133248, 0.085051, 0.99563, 0.043801, 0.082474, 0.256548, 0.08749, -0.129905, -0.987063, 0.239384, 0.0, 0.0, 0.0, 1.0],
                [-0.03254, 0.990548, -0.133248, 0.085051, 0.99563, 0.043801, 0.082474, 0.256548, 0.08749, -0.129905, -0.987063, 0.239384, 0.0, 0.0, 0.0, 1.0],
                [-0.03254, 0.990548, -0.133248, 0.085051, 0.99563, 0.043801, 0.082474, 0.256548, 0.08749, -0.129905, -0.987063, 0.239384, 0.0, 0.0, 0.0, 1.0],
                [-0.03254, 0.990548, -0.133248, 0.085051, 0.99563, 0.043801, 0.082474, 0.256548, 0.08749, -0.129905, -0.987063, 0.239384, 0.0, 0.0, 0.0, 1.0],
                [-0.03254, 0.990548, -0.133248, 0.085051, 0.99563, 0.043801, 0.082474, 0.256548, 0.08749, -0.129905, -0.987063, 0.239384, 0.0, 0.0, 0.0, 1.0],
                [-0.03254, 0.990548, -0.133248, 0.085051, 0.99563, 0.043801, 0.082474, 0.256548, 0.08749, -0.129905, -0.987063, 0.239384, 0.0, 0.0, 0.0, 1.0],
                [-0.03254, 0.990548, -0.133248, 0.085051, 0.99563, 0.043801, 0.082474, 0.256548, 0.08749, -0.129905, -0.987063, 0.239384, 0.0, 0.0, 0.0, 1.0]
            ]
        },
        {
            "name": "Elbow_L",
            "time": [0.0, 0.0833, 0.6333, 0.8, 1.0, 1.0333, 1.3, 1.6667],
            "transform": [
                [-1.0, 0.0, 0.0, -0.0, 0.0, 0.575683, -0.817673, 0.402134, -0.0, -0.817673, -0.575683, -0.0, 0.0, 0.0, 0.0, 1.0],
                [-1.0, 0.0, 0.0, -0.0, 0.0, 0.575683, -0.817673, 0.402134, -0.0, -0.817673, -0.575683, -0.0, 0.0, 0.0, 0.0, 1.0],
                [-0.996346, -0.018688, 0.08334, 0.002056, -0.082963, -0.020086, -0.99635, 0.31434, 0.020293, -0.999624, 0.018463, -0.003207, 0.0, 0.0, 0.0, 1.0],
                [-0.996346, -0.018688, 0.08334, 0.002056, -0.082963, -0.020086, -0.99635, 0.31434, 0.020293, -0.999624, 0.018463, -0.003207, 0.0, 0.0, 0.0, 1.0],
                [-0.996346, 0.004728, 0.085278, 0.002056, -0.082963, -0.290812, -0.953177, 0.31434, 0.020293, -0.956769, 0.290141, -0.003207, 0.0, 0.0, 0.0, 1.0],
                [-0.996346, 0.004728, 0.085278, 0.002056, -0.082963, -0.290812, -0.953177, 0.31434, 0.020293, -0.956769, 0.290141, -0.003207, 0.0, 0.0, 0.0, 1.0],
                [-0.996346, 0.004728, 0.085278, 0.002056, -0.082963, -0.290811, -0.953177, 0.31434, 0.020293, -0.956769, 0.290141, -0.003207, 0.0, 0.0, 0.0, 1.0],
                [-1.0, 0.0, 0.0, -0.0, 0.0, 0.575683, -0.817673, 0.402134, -0.0, -0.817673, -0.575683, -0.0, 0.0, 0.0, 0.0, 1.0]
            ]
        }
    ]
}