{
    "animation": [
        {
            "name": "Root",
            "time": [0.0, 0.3333, 0.5333, 0.7167, 0.9667, 1.1, 1.3833],
            "transform": [
                [0.854689, 0.0, -0.51914, -5e-06, -0.51914, 0.0, -0.854689, 0.000946, 0.0, 1.0, 0.0, 0.755725, 0.0, 0.0, 0.0, 1.0],
                [0.809813, -0.005823, -0.58666, 0.004483, -0.586576, 0.01155, -0.809812, -0.024001, 0.011491, 0.999916, 0.005938, 0.754205, 0.0, 0.0, 0.0, 1.0],
                [0.267466, -0.015268, -0.963446, 0.040947, -0.956578, 0.116005, -0.267398, -0.22671, 0.115847, 0.993131, 0.016422, 0.741859, 0.0, 0.0, 0.0, 1.0],
                [0.267466, -0.015268, -0.963446, 0.040947, -0.956578, 0.116005, -0.267398, -0.22671, 0.115847, 0.993131, 0.016422, 0.741859, 0.0, 0.0, 0.0, 1.0],
                [0.267466, -0.015268, -0.963446, 0.040947, -0.956578, 0.116005, -0.267398, -0.22671, 0.115847, 0.993131, 0.016422, 0.741859, 0.0, 0.0, 0.0, 1.0],
                [0.983929, -0.064433, 0.166531, 0.003636, 0.164625, -0.033875, -0.985774, -0.01929, 0.069158, 0.997347, -0.022723, 0.754492, 0.0, 0.0, 0.0, 1.0],
                [0.854689, 0.0, -0.51914, -5e-06, -0.51914, 0.0, -0.854689, 0.000946, 0.0, 1.0, 0.0, 0.755725, 0.0, 0.0, 0.0, 1.0]
            ]
        },
        {
            "name": "Thigh_R",
            "time": [0.0, 0.3333, 0.5333, 0.7167, 0.9667, 1.1, 1.3833],
            "transform": [
                [0.999011, 0.005646, -0.044099, 0.124994, 0.009891, -0.99527, 0.096616, -0.002831, -0.043345, -0.096956, -0.994345, -1.2e-05, 0.0, 0.0, 0.0, 1.0],
                [0.998237, 0.011213, -0.058269, 0.126961, 0.029768, -0.944104, 0.328294, -0.005165, -0.051331, -0.329449, -0.942777, 0.000743, 0.0, 0.0, 0.0, 1.0],
                [0.975088, 0.174475, -0.13697, 0.142943, 0.191235, -0.974111, 0.120553, -0.024129, -0.112391, -0.143743, -0.983213, 0.006877, 0.0, 0.0, 0.0, 1.0],
                [0.975088, 0.174475, -0.13697, 0.142943, 0.191235, -0.974111, 0.120553, -0.024129, -0.112391, -0.143743, -0.983213, 0.006877, 0.0, 0.0, 0.0, 1.0],
                [0.975088, 0.174475, -0.13697, 0.142943, 0.191235, -0.974111, 0.120553, -0.024129, -0.112391, -0.143743, -0.983213, 0.006877, 0.0, 0.0, 0.0, 1.0],
                [0.998419, -0.00887, -0.055506, 0.142163, 0.026011, -0.802479, 0.596111, 0.016623, -0.04983, -0.59661, -0.800982, -0.058151, 0.0, 0.0, 0.0, 1.0],
                [0.999011, 0.005646, -0.044099, 0.124994, 0.009891, -0.99527, 0.096616, -0.002831, -0.043345, -0.096956, -0.994345, -1.2e-05, 0.0, 0.0, 0.0, 1.0]
            ]
        },
        {
            "name": "Leg_R",
            "time": [0.0, 0.3333, 0.5333, 0.7167, 0.9667, 1.1, 1.3833],
            "transform": [
                [1.0, 0.0, 2e-06, -0.0, -0.0, 0.997786, 0.066514, 0.37472, -2e-06, -0.066514, 0.997785, -0.0, 0.0, 0.0, 0.0, 1.0],
                [1.0, -1e-06, 2e-06, 0.0, -0.0, 0.826061, 0.563581, 0.37472, -2e-06, -0.563582, 0.82606, -0.0, 0.0, 0.0, 0.0, 1.0],
                [1.0, 0.0, 2e-06, 0.0, -0.0, 0.997786, 0.066514, 0.37472, -2e-06, -0.066514, 0.997785, 0.0, 0.0, 0.0, 0.0, 1.0],
                [1.0, 0.0, 2e-06, 0.0, -0.0, 0.997786, 0.066514, 0.37472, -2e-06, -0.066514, 0.997785, 0.0, 0.0, 0.0, 0.0, 1.0],
                [1.0, 0.0, 2e-06, 0.0, -0.0, 0.997786, 0.066514, 0.37472, -2e-06, -0.066514, 0.997785, 0.0, 0.0, 0.0, 0.0, 1.0],
                [1.0, -2e-06, 1e-06, 0.0, -0.0, 0.337599, 0.941289, 0.37472, -2e-06, -0.941291, 0.337599, 0.0, 0.0, 0.0, 0.0, 1.0],
                [1.0, 0.0, 2e-06, -0.0, -0.0, 0.997786, 0.066514, 0.37472, -2e-06, -0.066514, 0.997785, -0.0, 0.0, 0.0, 0.0, 1.0]
            ]
        },
        {
            "name": "Knee_R",
            "time": [0.0, 0.3333, 0.5333, 0.7167, 0.9667, 1.1, 1.3833],
            "transform": [
                [1.0, 0.0, -0.0, -0.0, -0.0, 1e-06, -1.0, 0.37472, -0.0, 1.0, 1e-06, -0.0, 0.0, 0.0, 0.0, 1.0],
                [1.0, 0.0, -0.0, 0.0, -0.0, 1e-06, -1.0, 0.37472, -0.0, 1.0, 1e-06, -0.0, 0.0, 0.0, 0.0, 1.0],
                [1.0, 0.0, -0.0, 0.0, -0.0, 1e-06, -1.0, 0.37472, -0.0, 1.0, 1e-06, 0.0, 0.0, 0.0, 0.0, 1.0],
                [1.0, 0.0, -0.0, 0.0, -0.0, 1e-06, -1.0, 0.37472, -0.0, 1.0, 1e-06, 0.0, 0.0, 0.0, 0.0, 1.0],
                [1.0, 0.0, -0.0, 0.0, -0.0, 1e-06, -1.0, 0.37472, -0.0, 1.0, 1e-06, 0.0, 0.0, 0.0, 0.0, 1.0],
                [1.0, 0.0, -0.0, 0.0, -0.0, 1e-06, -1.0, 0.37472, -0.0, 1.0, 1e-06, 0.0, 0.0, 0.0, 0.0, 1.0],
                [1.0, 0.0, -0.0, -0.0, -0.0, 1e-06, -1.0, 0.37472, -0.0, 1.0, 1e-06, -0.0, 0.0, 0.0, 0.0, 1.0]
            ]
        },
        {
            "name": "Thigh_L",
            "time": [0.0, 0.3333, 0.5333, 0.7167, 0.9667, 1.1, 1.3833],
            "transform": [
                [0.864782, -0.064621, -0.497972, -0.125006, -0.061338, -0.997853, 0.02297, -0.002831, -0.498387, 0.010681, -0.866889, -1.2e-05, 0.0, 0.0, 0.0, 1.0],
                [0.861491, -0.094227, -0.498952, -0.13648, -0.071881, -0.995366, 0.063864, 0.000258, -0.502657, -0.019152, -0.864273, -0.000487, 0.0, 0.0, 0.0, 1.0],
                [0.823262, -0.330428, -0.46158, -0.229711, -0.147565, -0.909745, 0.388058, 0.025354, -0.548145, -0.25136, -0.797718, -0.004348, 0.0, 0.0, 0.0, 1.0],
                [0.823262, -0.330428, -0.46158, -0.229711, -0.147565, -0.909745, 0.388058, 0.025354, -0.548145, -0.25136, -0.797718, -0.004348, 0.0, 0.0, 0.0, 1.0],
                [0.823262, -0.330428, -0.46158, -0.229711, -0.147565, -0.909745, 0.388058, 0.025354, -0.548145, -0.25136, -0.797718, -0.004348, 0.0, 0.0, 0.0, 1.0],
                [0.844678, -0.11472, -0.522837, -0.134313, -0.125265, -0.992006, 0.01529, -0.000326, -0.520411, 0.052578, -0.852295, -0.000397, 0.0, 0.0, 0.0, 1.0],
                [0.864782, -0.064621, -0.497972, -0.125006, -0.061338, -0.997853, 0.02297, -0.002831, -0.498387, 0.010681, -0.866889, -1.2e-05, 0.0, 0.0, 0.0, 1.0]
            ]
        },
        {
            "name": "Leg_L",
            "time": [0.0, 0.3333, 0.5333, 0.7167, 0.9667, 1.1, 1.3833],
            "transform": [
                [1.0, -0.0, 1e-06, 0.0, 0.0, 0.999353, 0.035947, 0.37472, -1e-06, -0.035947, 0.999354, -0.0, 0.0, 0.0, 0.0, 1.0],
                [1.0, -0.0, 1e-06, 0.0, 0.0, 0.997386, 0.072259, 0.37472, -1e-06, -0.072259, 0.997386, 0.0, 0.0, 0.0, 0.0, 1.0],
                [1.0, -1e-06, 1e-06, -0.0, 0.0, 0.932726, 0.360585, 0.37472, -1e-06, -0.360584, 0.932727, 0.0, 0.0, 0.0, 0.0, 1.0],
                [1.0, -1e-06, 1e-06, -0.0, 0.0, 0.932726, 0.360585, 0.37472, -1e-06, -0.360584, 0.932727, 0.0, 0.0, 0.0, 0.0, 1.0],
                [1.0, -1e-06, 1e-06, -0.0, 0.0, 0.932726, 0.360585, 0.37472, -1e-06, -0.360584, 0.932727, 0.0, 0.0, 0.0, 0.0, 1.0],
                [1.0, -0.0, 1e-06, -0.0, 0.0, 0.997859, 0.0654, 0.37472, -1e-06, -0.0654, 0.997859, 0.0, 0.0, 0.0, 0.0, 1.0],
                [1.0, -0.0, 1e-06, 0.0, 0.0, 0.999353, 0.035947, 0.37472, -1e-06, -0.035947, 0.999354, -0.0, 0.0, 0.0, 0.0, 1.0]
            ]
        },
        {
            "name": "Knee_L",
            "time": [0.0, 0.3333, 0.5333, 0.7167, 0.9667, 1.1, 1.3833],
            "transform": [
                [1.0, 0.0, -0.0, 0.0, -0.0, 1e-06, -1.0, 0.37472, -0.0, 1.0, 1e-06, -0.0, 0.0, 0.0, 0.0, 1.0],
                [1.0, 0.0, -0.0, 0.0, -0.0, 1e-06, -1.0, 0.37472, -0.0, 1.0, 1e-06, 0.0, 0.0, 0.0, 0.0, 1.0],
                [1.0, 0.0, -0.0, -0.0, -0.0, 1e-06, -1.0, 0.37472, -0.0, 1.0, 1e-06, 0.0, 0.0, 0.0, 0.0, 1.0],
                [1.0, 0.0, -0.0, -0.0, -0.0, 1e-06, -1.0, 0.37472, -0.0, 1.0, 1e-06, 0.0, 0.0, 0.0, 0.0, 1.0],
                [1.0, 0.0, -0.0, -0.0, -0.0, 1e-06, -1.0, 0.37472, -0.0, 1.0, 1e-06, 0.0, 0.0, 0.0, 0.0, 1.0],
                [1.0, 0.0, -0.0, -0.0, -0.0, 1e-06, -1.0, 0.37472, -0.0, 1.0, 1e-06, 0.0, 0.0, 0.0, 0.0, 1.0],
                [1.0, 0.0, -0.0, 0.0, -0.0, 1e-06, -1.0, 0.37472, -0.0, 1.0, 1e-06, -0.0, 0.0, 0.0, 0.0, 1.0]
            ]
        },
        {
            "name": "Torso",
            "time": [0.0, 0.3333, 0.5333, 0.7167, 0.9667, 1.1, 1.3833],
            "transform": [
                [0.996265, -0.020971, 0.083766, -0.0, 0.019316, 0.999603, 0.020528, 0.05, -0.084163, -0.018833, 0.996274, 0.0, 0.0, 0.0, 0.0, 1.0],
                [0.993024, -0.057138, 0.103148, 0.0, 0.048706, 0.995401, 0.082493, 0.05, -0.107387, -0.076893, 0.991239, -0.0, 0.0, 0.0, 0.0, 1.0],
                [0.996265, -0.020971, 0.083766, -0.0, 0.019316, 0.999603, 0.020528, 0.05, -0.084163, -0.018833, 0.996274, -0.0, 0.0, 0.0, 0.0, 1.0],
                [0.996265, -0.020971, 0.083766, -0.0, 0.019316, 0.999603, 0.020528, 0.05, -0.084163, -0.018833, 0.996274, -0.0, 0.0, 0.0, 0.0, 1.0],
                [0.996265, -0.020971, 0.083766, -0.0, 0.019316, 0.999603, 0.020528, 0.05, -0.084163, -0.018833, 0.996274, -0.0, 0.0, 0.0, 0.0, 1.0],
                [0.996265, -0.001141, 0.086344, 0.0, 0.019316, 0.977522, -0.209949, 0.05, -0.084163, 0.210833, 0.973892, -0.0, 0.0, 0.0, 0.0, 1.0],
                [0.996265, -0.020971, 0.083766, -0.0, 0.019316, 0.999603, 0.020528, 0.05, -0.084163, -0.018833, 0.996274, 0.0, 0.0, 0.0, 0.0, 1.0]
            ]
        },
        {
            "name": "Chest",
            "time": [0.0, 0.3333, 0.5333, 0.7167, 0.9667, 1.1, 1.3833],
            "transform": [
                [0.999771, -0.021411, -0.000206, 0.0, 0.021411, 0.999586, 0.019225, 0.3, -0.000206, -0.019225, 0.999815, 0.0, 0.0, 0.0, 0.0, 1.0],
                [0.999771, -0.020369, -0.006602, -0.0, 0.021411, 0.948061, 0.317367, 0.3, -0.000206, -0.317435, 0.94828, -0.0, 0.0, 0.0, 0.0, 1.0],
                [0.989154, -0.025004, -0.144742, 0.0, 0.023975, 0.999673, -0.008846, 0.3, 0.144915, 0.00528, 0.98943, 0.0, 0.0, 0.0, 0.0, 1.0],
                [0.999771, -0.021411, -0.000206, 0.0, 0.021411, 0.999586, 0.019225, 0.3, -0.000206, -0.019225, 0.999815, 0.0, 0.0, 0.0, 0.0, 1.0],
                [0.999771, -0.021411, -0.000206, 0.0, 0.021411, 0.999586, 0.019225, 0.3, -0.000206, -0.019225, 0.999815, 0.0, 0.0, 0.0, 0.0, 1.0],
                [0.999771, -0.02042, -0.006443, 0.0, 0.021411, 0.950505, 0.309971, 0.3, -0.000206, -0.310038, 0.950724, 0.0, 0.0, 0.0, 0.0, 1.0],
                [0.999771, -0.021411, -0.000206, 0.0, 0.021411, 0.999586, 0.019225, 0.3, -0.000206, -0.019225, 0.999815, 0.0, 0.0, 0.0, 0.0, 1.0]
            ]
        },
        {
            "name": "Head",
            "time": [0.0, 0.3333, 0.5333, 0.7167, 0.9667, 1.1, 1.3833],
            "transform": [
                [0.85311, 0.037721, 0.520365, -0.0, -0.006297, 0.998055, -0.062025, 0.4, -0.521693, 0.049637, 0.851688, -0.0, 0.0, 0.0, 0.0, 1.0],
                [0.85311, 0.037721, 0.520365, 0.0, -0.006297, 0.998055, -0.062025, 0.4, -0.521693, 0.049637, 0.851688, 0.0, 0.0, 0.0, 0.0, 1.0],
                [0.85311, 0.037721, 0.520365, 0.0, -0.006297, 0.998055, -0.062025, 0.4, -0.521693, 0.049637, 0.851688, -0.0, 0.0, 0.0, 0.0, 1.0],
                [0.85311, 0.037721, 0.520365, 0.0, -0.006297, 0.998055, -0.062025, 0.4, -0.521693, 0.049637, 0.851688, -0.0, 0.0, 0.0, 0.0, 1.0],
                [0.85311, 0.037721, 0.520365, 0.0, -0.006297, 0.998055, -0.062025, 0.4, -0.521693, 0.049637, 0.851688, -0.0, 0.0, 0.0, 0.0, 1.0],
                [0.942014, -0.082554, 0.325262, -0.0, 0.029073, 0.985701, 0.165977, 0.4, -0.334313, -0.146896, 0.930944, -0.0, 0.0, 0.0, 0.0, 1.0],
                [0.85311, 0.037721, 0.520365, -0.0, -0.006297, 0.998055, -0.062025, 0.4, -0.521693, 0.049637, 0.851688, -0.0, 0.0, 0.0, 0.0, 1.0]
            ]
        },
        {
            "name": "Shoulder_R",
            "time": [0.0, 0.3333, 0.5333, 0.7167, 0.9667, 1.1, 1.3833],
            "transform": [
                [0.0, 0.952114, 0.305743, -0.0, 0.0, -0.305743, 0.952114, 0.4, 1.0, 0.0, -0.0, -0.0, 0.0, 0.0, 0.0, 1.0],
                [0.0, 0.952114, 0.305743, 0.0, 0.0, -0.305743, 0.952114, 0.4, 1.0, -0.0, -0.0, 0.0, 0.0, 0.0, 0.0, 1.0],
                [0.0, 0.952114, 0.305743, 0.0, 0.0, -0.305743, 0.952114, 0.4, 1.0, -0.0, -0.0, -0.0, 0.0, 0.0, 0.0, 1.0],
                [0.0, 0.952114, 0.305743, 0.0, 0.0, -0.305743, 0.952114, 0.4, 1.0, 0.0, -0.0, -0.0, 0.0, 0.0, 0.0, 1.0],
                [0.0, 0.952114, 0.305743, 0.0, 0.0, -0.305743, 0.952114, 0.4, 1.0, 0.0, -0.0, -0.0, 0.0, 0.0, 0.0, 1.0],
                [0.0, 0.952114, 0.305743, -0.0, 0.0, -0.305743, 0.952114, 0.4, 1.0, -0.0, -0.0, -0.0, 0.0, 0.0, 0.0, 1.0],
                [0.0, 0.952114, 0.305743, -0.0, 0.0, -0.305743, 0.952114, 0.4, 1.0, 0.0, -0.0, -0.0, 0.0, 0.0, 0.0, 1.0]
            ]
        },
        {
            "name": "Arm_R",
            "time": [0.0, 0.3333, 0.5333, 0.7167, 0.9667, 1.1, 1.3833],
            "transform": [
                [0.013085, 0.006851, -0.999891, 0.0, 0.926889, 0.375046, 0.0147, 0.39386, 0.375106, -0.926981, -0.001443, 0.0, 0.0, 0.0, 0.0, 1.0],
                [0.008895, 0.011105, -0.999899, 0.0, 0.864178, 0.503011, 0.013274, 0.393861, 0.503108, -0.864208, -0.005123, -0.0, 0.0, 0.0, 0.0, 1.0],
                [-0.004107, 0.252435, -0.967605, 0.0, -0.182861, 0.951108, 0.248907, 0.39386, 0.98313, 0.177959, 0.042255, -0.0, 0.0, 0.0, 0.0, 1.0],
                [-0.004107, 0.276672, -0.960956, 0.0, -0.182861, 0.944553, 0.272731, 0.39386, 0.98313, 0.176841, 0.046714, 0.0, 0.0, 0.0, 0.0, 1.0],
                [-0.004107, 0.463557, -0.886057, 0.0, -0.182861, 0.870777, 0.45641, 0.39386, 0.98313, 0.1639, 0.081191, 0.0, 0.0, 0.0, 0.0, 1.0],
                [0.240438, -0.533769, -0.810728, -0.0, 0.922147, 0.386367, 0.019104, 0.39386, 0.303042, -0.752204, 0.585111, 0.0, 0.0, 0.0, 0.0, 1.0],
                [0.057449, -0.231993, -0.971019, 0.0, 0.928414, 0.370035, -0.03348, 0.39386, 0.367078, -0.899585, 0.236644, 0.0, 0.0, 0.0, 0.0, 1.0]
            ]
        },
        {
            "name": "Hand_R",
            "time": [0.0, 0.3333, 0.5333, 0.7167, 0.9667, 1.1, 1.3833],
            "transform": [
                [1.0, -0.0, -0.0, -0.0, 0.0, 0.997334, 0.072973, 0.3, -0.0, -0.072973, 0.997334, 0.0, 0.0, 0.0, 0.0, 1.0],
                [1.0, -0.0, 0.0, 0.0, 0.0, 0.89837, -0.439239, 0.3, 0.0, 0.439239, 0.89837, 0.0, 0.0, 0.0, 0.0, 1.0],
                [1.0, -0.0, -0.0, -0.0, 0.0, 0.997334, 0.072973, 0.3, -0.0, -0.072973, 0.997334, -0.0, 0.0, 0.0, 0.0, 1.0],
                [1.0, -0.0, -0.0, 0.0, 0.0, 0.997334, 0.072973, 0.3, -0.0, -0.072973, 0.997334, 0.0, 0.0, 0.0, 0.0, 1.0],
                [1.0, -0.0, 0.0, 0.0, 0.0, 0.966905, -0.255139, 0.3, -0.0, 0.255139, 0.966905, 0.0, 0.0, 0.0, 0.0, 1.0],
                [1.0, -0.0, 0.0, 0.0, 0.0, 0.206657, -0.978414, 0.3, 0.0, 0.978413, 0.206657, -0.0, 0.0, 0.0, 0.0, 1.0],
                [1.0, -0.0, 0.0, -0.0, 0.0, 0.274677, -0.961537, 0.3, 0.0, 0.961536, 0.274677, -0.0, 0.0, 0.0, 0.0, 1.0]
            ]
        },
        {
            "name": "Tool_R",
            "time": [0.0, 0.3333, 0.5333, 0.5833, 0.7167, 0.8, 0.8833, 0.9667, 1.1, 1.3833],
            "transform": [
                [0.046592, 0.0, -0.0, -0.003598, 0.0, 0.018187, 0.042896, 0.426086, 0.0, -0.04287, 0.018177, 0.090799, 0.0, 0.0, 0.0, 1.0],
                [0.046592, 0.0, -0.0, -0.003598, 0.0, 0.018187, 0.042896, 0.426086, 0.0, -0.04287, 0.018177, 0.090799, 0.0, 0.0, 0.0, 1.0],
                [0.046592, 0.0, -0.0, -0.003598, 0.0, 0.018187, 0.042896, 0.426087, 0.0, -0.04287, 0.018177, 0.090799, 0.0, 0.0, 0.0, 1.0],
                [-0.064667, 0.097111, -6.2e-05, -0.003598, -0.037905, -0.025173, 0.107434, 0.426086, 0.089355, 0.059531, 0.045476, 0.090799, 0.0, 0.0, 0.0, 1.0],
                [0.99489, -0.100968, 2.1e-05, -0.003598, 0.039393, 0.388353, 0.920668, 0.426086, -0.092911, -0.915416, 0.390125, 0.090799, 0.0, 0.0, 0.0, 1.0],
                [-0.733673, -0.679503, 0.000599, -0.003598, 0.265398, -0.285744, 0.920822, 0.426086, -0.625157, 0.675338, 0.389761, 0.090799, 0.0, 0.0, 0.0, 1.0],
                [0.716508, 0.697465, 0.01258, -0.003598, -0.280031, 0.271067, 0.920927, 0.426087, 0.638523, -0.662979, 0.389313, 0.090799, 0.0, 0.0, 0.0, 1.0],
                [-0.805344, -0.592658, 0.013379, -0.003598, 0.238871, -0.303774, 0.922314, 0.426086, -0.542228, 0.74553, 0.385992, 0.090799, 0.0, 0.0, 0.0, 1.0],
                [0.990557, 0.137101, -0.000478, -0.003598, -0.052839, 0.384975, 0.921413, 0.426086, 0.126435, -0.912142, 0.388364, 0.090799, 0.0, 0.0, 0.0, 1.0],
                [1.0, 0.0, -0.0, -0.003598, 0.0, 0.390346, 0.920668, 0.426086, 0.0, -0.920119, 0.390124, 0.090799, 0.0, 0.0, 0.0, 1.0]
            ]
        },
        {
            "name": "Elbow_R",
            "time": [0.0, 0.3333, 0.5333, 0.7167, 0.9667, 1.1, 1.3833],
            "transform": [
                [-1.0, 0.0, -0.0, -0.0, 0.0, -0.0, -1.0, 0.398921, -0.0, -1.0, 0.0, 0.0, 0.0, 0.0, 0.0, 1.0],
                [-1.0, 0.0, -0.0, -0.0, 0.0, -0.256205, -0.966623, 0.398921, -0.0, -0.966623, 0.256205, 0.0, 0.0, 0.0, 0.0, 1.0],
                [-1.0, 0.0, -0.0, -0.0, 0.0, -0.0, -1.0, 0.398921, -0.0, -1.0, 0.0, 0.0, 0.0, 0.0, 0.0, 1.0],
                [-1.0, 0.0, -0.0, 0.0, 0.0, -0.0, -1.0, 0.398921, -0.0, -1.0, 0.0, 0.0, 0.0, 0.0, 0.0, 1.0],
                [-1.0, 0.0, -0.0, -0.0, 0.0, -0.0, -1.0, 0.398921, -0.0, -1.0, 0.0, 0.0, 0.0, 0.0, 0.0, 1.0],
                [-1.0, 0.0, -0.0, 0.0, 0.0, -0.0, -1.0, 0.398921, -0.0, -1.0, 0.0, -0.0, 0.0, 0.0, 0.0, 1.0],
                [-1.0, 0.0, -0.0, -0.0, 0.0, -0.0, -1.0, 0.398921, -0.0, -1.0, 0.0, -0.0, 0.0, 0.0, 0.0, 1.0]
            ]
        },
        {
            "name": "Shoulder_L",
            "time": [0.0, 0.3333, 0.5333, 0.7167, 0.9667, 1.1, 1.3833],
            "transform": [
                [0.0, -0.999908, 0.013597, -0.0, 0.0, 0.013597, 0.999908, 0.4, -1.0, -0.0, 0.0, -0.0, 0.0, 0.0, 0.0, 1.0],
                [0.0, -0.999907, 0.013597, 0.0, 0.0, 0.013597, 0.999907, 0.4, -1.0, -0.0, 0.0, 0.0, 0.0, 0.0, 0.0, 1.0],
                [0.0, -0.999907, 0.013597, 0.0, 0.0, 0.013597, 0.999907, 0.4, -1.0, -0.0, 0.0, -0.0, 0.0, 0.0, 0.0, 1.0],
                [0.0, -0.999907, 0.013597, 0.0, 0.0, 0.013597, 0.999907, 0.4, -1.0, -0.0, 0.0, -0.0, 0.0, 0.0, 0.0, 1.0],
                [0.0, -0.999907, 0.013597, 0.0, 0.0, 0.013597, 0.999907, 0.4, -1.0, -0.0, 0.0, -0.0, 0.0, 0.0, 0.0, 1.0],
                [0.0, -0.999907, 0.013597, -0.0, 0.0, 0.013597, 0.999908, 0.4, -1.0, -0.0, 0.0, -0.0, 0.0, 0.0, 0.0, 1.0],
                [0.0, -0.999908, 0.013597, -0.0, 0.0, 0.013597, 0.999908, 0.4, -1.0, -0.0, 0.0, -0.0, 0.0, 0.0, 0.0, 1.0]
            ]
        },
        {
            "name": "Arm_L",
            "time": [0.0, 0.3333, 0.5333, 0.7167, 0.9667, 1.1, 1.3833],
            "transform": [
                [0.039073, 0.530007, 0.847093, 0.0, -0.862567, 0.445843, -0.239168, 0.39386, -0.504431, -0.721329, 0.474587, 0.0, 0.0, 0.0, 0.0, 1.0],
                [0.039073, 0.530007, 0.847093, 0.0, -0.862567, 0.445843, -0.239168, 0.39386, -0.504431, -0.721329, 0.474587, -0.0, 0.0, 0.0, 0.0, 1.0],
                [0.039073, 0.530007, 0.847093, 0.0, -0.862567, 0.445843, -0.239168, 0.39386, -0.504431, -0.721329, 0.474587, -0.0, 0.0, 0.0, 0.0, 1.0],
                [0.039073, 0.530007, 0.847093, -0.0, -0.862567, 0.445843, -0.239168, 0.39386, -0.504431, -0.721329, 0.474587, 0.0, 0.0, 0.0, 0.0, 1.0],
                [0.039073, 0.530007, 0.847093, -0.0, -0.862567, 0.445843, -0.239168, 0.39386, -0.504431, -0.721329, 0.474587, 0.0, 0.0, 0.0, 0.0, 1.0],
                [-0.413728, 0.769212, 0.486972, 0.0, -0.615276, 0.158004, -0.772315, 0.39386, -0.671018, -0.61915, 0.407907, -0.0, 0.0, 0.0, 0.0, 1.0],
                [0.039073, 0.530007, 0.847093, 0.0, -0.862567, 0.445843, -0.239168, 0.39386, -0.504431, -0.721329, 0.474587, 0.0, 0.0, 0.0, 0.0, 1.0]
            ]
        },
        {
            "name": "Hand_L",
            "time": [0.0, 0.3333, 0.5333, 0.7167, 0.9667, 1.1, 1.3833],
            "transform": [
                [0.986933, 0.085167, 0.136786, -0.0, 0.158302, -0.354065, -0.921726, 0.3, -0.030069, 0.931335, -0.362921, 0.0, 0.0, 0.0, 0.0, 1.0],
                [0.986933, 0.085167, 0.136786, 0.0, 0.158302, -0.354065, -0.921726, 0.3, -0.030069, 0.931335, -0.362921, -0.0, 0.0, 0.0, 0.0, 1.0],
                [0.986933, 0.085167, 0.136786, -0.0, 0.158302, -0.354065, -0.921726, 0.3, -0.030069, 0.931335, -0.362921, -0.0, 0.0, 0.0, 0.0, 1.0],
                [0.986933, 0.085167, 0.136786, -0.0, 0.158302, -0.354065, -0.921726, 0.3, -0.030069, 0.931335, -0.362921, 0.0, 0.0, 0.0, 0.0, 1.0],
                [0.986933, 0.085167, 0.136786, -0.0, 0.158302, -0.354065, -0.921726, 0.3, -0.030069, 0.931335, -0.362921, 0.0, 0.0, 0.0, 0.0, 1.0],
                [0.986933, 0.085167, 0.136786, 0.0, 0.158302, -0.354065, -0.921726, 0.3, -0.030069, 0.931335, -0.362921, 0.0, 0.0, 0.0, 0.0, 1.0],
                [0.986933, 0.085167, 0.136786, -0.0, 0.158302, -0.354065, -0.921726, 0.3, -0.030069, 0.931335, -0.362921, 0.0, 0.0, 0.0, 0.0, 1.0]
            ]
        },
        {
            "name": "Tool_L",
            "time": [0.0, 0.3333, 0.5333, 0.7167, 0.9667, 1.1, 1.3833],
            "transform": [
                [-0.03254, 0.990548, -0.133248, 0.085051, 0.99563, 0.043801, 0.082474, 0.256548, 0.08749, -0.129905, -0.987063, 0.239384, 0.0, 0.0, 0.0, 1.0],
                [-0.03254, 0.990548, -0.133248, 0.085051, 0.99563, 0.043801, 0.082474, 0.256548, 0.08749, -0.129905, -0.987063, 0.239384, 0.0, 0.0, 0.0, 1.0],
                [-0.03254, 0.990548, -0.133248, 0.085051, 0.99563, 0.043801, 0.082474, 0.256548, 0.08749, -0.129905, -0.987063, 0.239384, 0.0, 0.0, 0.0, 1.0],
                [-0.03254, 0.990548, -0.133248, 0.085051, 0.99563, 0.043801, 0.082474, 0.256548, 0.08749, -0.129905, -0.987063, 0.239384, 0.0, 0.0, 0.0, 1.0],
                [-0.03254, 0.990548, -0.133248, 0.085051, 0.99563, 0.043801, 0.082474, 0.256548, 0.08749, -0.129905, -0.987063, 0.239384, 0.0, 0.0, 0.0, 1.0],
                [-0.03254, 0.990548, -0.133248, 0.085051, 0.99563, 0.043801, 0.082474, 0.256548, 0.08749, -0.129905, -0.987063, 0.239384, 0.0, 0.0, 0.0, 1.0],
                [-0.03254, 0.990548, -0.133248, 0.085051, 0.99563, 0.043801, 0.082474, 0.256548, 0.08749, -0.129905, -0.987063, 0.239384, 0.0, 0.0, 0.0, 1.0]
            ]
        },
        {
            "name": "Elbow_L",
            "time": [0.0, 0.3333, 0.5333, 0.7167, 0.9667, 1.1, 1.3833],
            "transform": [
                [-1.0, 0.0, 0.0, -0.0, 0.0, 0.575683, -0.817673, 0.402134, -0.0, -0.817673, -0.575683, -0.0, 0.0, 0.0, 0.0, 1.0],
                [-1.0, 0.0, 0.0, 0.0, -0.0, 0.575683, -0.817673, 0.402134, -0.0, -0.817673, -0.575683, -0.0, 0.0, 0.0, 0.0, 1.0],
                [-1.0, 0.0, 0.0, -0.0, 0.0, 0.575683, -0.817673, 0.402134, -0.0, -0.817673, -0.575683, -0.0, 0.0, 0.0, 0.0, 1.0],
                [-1.0, 0.0, 0.0, 0.0, 0.0, 0.575683, -0.817673, 0.402134, -0.0, -0.817673, -0.575683, 0.0, 0.0, 0.0, 0.0, 1.0],
                [-1.0, 0.0, 0.0, 0.0, 0.0, 0.575683, -0.817673, 0.402134, -0.0, -0.817673, -0.575683, 0.0, 0.0, 0.0, 0.0, 1.0],
                [-1.0, 0.0, 0.0, -0.0, 0.0, 0.575683, -0.817673, 0.402134, -0.0, -0.817673, -0.575683, 0.0, 0.0, 0.0, 0.0, 1.0],
                [-1.0, 0.0, 0.0, -0.0, 0.0, 0.575683, -0.817673, 0.402134, -0.0, -0.817673, -0.575683, -0.0, 0.0, 0.0, 0.0, 1.0]
            ]
        }
    ]
}