{
    
    "animation": [
        {
            "name": "Root",
            "time": [0.0, 1.6667, 3.3],
            "transform": [
                [0.906068, -0.022696, 0.422523, -0.018576, 0.422755, 0.090713, -0.901693, 0.04323, -0.017864, 0.995618, 0.091787, 0.616567, 0.0, 0.0, 0.0, 1.0],
                [0.915365, -0.02278, 0.401981, -0.018576, 0.399763, 0.17027, -0.900665, 0.04323, -0.047928, 0.985134, 0.164966, 0.616567, 0.0, 0.0, 0.0, 1.0],
                [0.906068, -0.022696, 0.422523, -0.018576, 0.422755, 0.090713, -0.901693, 0.04323, -0.017864, 0.995618, 0.091787, 0.616567, 0.0, 0.0, 0.0, 1.0]
            ]
        },
        {
            "name": "Thigh_R",
            "time": [0.0, 1.6667, 3.3],
            "transform": [
                [0.927033, 0.325137, 0.1868, 0.124994, 0.033582, -0.568145, 0.822243, -0.002831, 0.373471, -0.755971, -0.53761, -1.2e-05, 0.0, 0.0, 0.0, 1.0],
                [0.927033, 0.342316, 0.153062, 0.124994, 0.033582, -0.482337, 0.875341, -0.002831, 0.373472, -0.806329, -0.45864, -1.2e-05, 0.0, 0.0, 0.0, 1.0],
                [0.927033, 0.325137, 0.1868, 0.124994, 0.033582, -0.568145, 0.822243, -0.002831, 0.373471, -0.755971, -0.53761, -1.2e-05, 0.0, 0.0, 0.0, 1.0]
            ]
        },
        {
            "name": "Leg_R",
            "time": [0.0, 1.6667, 3.3],
            "transform": [
                [1.0, -1e-06, 1e-06, -0.0, -0.0, 0.623669, 0.781688, 0.37472, -2e-06, -0.781689, 0.623668, 0.0, 0.0, 0.0, 0.0, 1.0],
                [1.0, -1e-06, 1e-06, 0.0, -0.0, 0.61897, 0.785414, 0.37472, -2e-06, -0.785416, 0.618969, 0.0, 0.0, 0.0, 0.0, 1.0],
                [1.0, -1e-06, 1e-06, -0.0, -0.0, 0.623669, 0.781688, 0.37472, -2e-06, -0.781689, 0.623668, 0.0, 0.0, 0.0, 0.0, 1.0]
            ]
        },
        {
            "name": "Knee_R",
            "time": [0.0, 1.6667, 3.3],
            "transform": [
                [1.0, 0.0, -0.0, -0.0, -0.0, 1e-06, -1.0, 0.37472, -0.0, 1.0, 1e-06, 0.0, 0.0, 0.0, 0.0, 1.0],
                [1.0, 0.0, -0.0, 0.0, -0.0, 1e-06, -1.0, 0.37472, -0.0, 1.0, 1e-06, 0.0, 0.0, 0.0, 0.0, 1.0],
                [1.0, 0.0, -0.0, -0.0, -0.0, 1e-06, -1.0, 0.37472, -0.0, 1.0, 1e-06, 0.0, 0.0, 0.0, 0.0, 1.0]
            ]
        },
        {
            "name": "Thigh_L",
            "time": [0.0, 1.6667, 3.3],
            "transform": [
                [0.904336, -0.417448, -0.088952, -0.125006, -0.420022, -0.90744, -0.011606, -0.002831, -0.075873, 0.047858, -0.995968, -1.2e-05, 0.0, 0.0, 0.0, 1.0],
                [0.914894, -0.388548, -0.109538, -0.125006, -0.384882, -0.921402, 0.053694, -0.002831, -0.121791, -0.006965, -0.992531, -1.2e-05, 0.0, 0.0, 0.0, 1.0],
                [0.904336, -0.417448, -0.088952, -0.125006, -0.420022, -0.90744, -0.011606, -0.002831, -0.075873, 0.047858, -0.995968, -1.2e-05, 0.0, 0.0, 0.0, 1.0]
            ]
        },
        {
            "name": "Leg_L",
            "time": [0.0, 1.6667, 3.3],
            "transform": [
                [1.0, -1e-06, 1e-06, -0.0, 0.0, 0.895932, 0.44419, 0.37472, -1e-06, -0.44419, 0.895933, 0.0, 0.0, 0.0, 0.0, 1.0],
                [1.0, -1e-06, 1e-06, 0.0, 0.0, 0.895932, 0.44419, 0.37472, -1e-06, -0.44419, 0.895933, -0.0, 0.0, 0.0, 0.0, 1.0],
                [1.0, -1e-06, 1e-06, -0.0, 0.0, 0.895932, 0.44419, 0.37472, -1e-06, -0.44419, 0.895933, 0.0, 0.0, 0.0, 0.0, 1.0]
            ]
        },
        {
            "name": "Knee_L",
            "time": [0.0, 1.6667, 3.3],
            "transform": [
                [1.0, 0.0, -0.0, -0.0, -0.0, 1e-06, -1.0, 0.37472, -0.0, 1.0, 1e-06, 0.0, 0.0, 0.0, 0.0, 1.0],
                [1.0, 0.0, -0.0, 0.0, -0.0, 1e-06, -1.0, 0.37472, -0.0, 1.0, 1e-06, -0.0, 0.0, 0.0, 0.0, 1.0],
                [1.0, 0.0, -0.0, -0.0, -0.0, 1e-06, -1.0, 0.37472, -0.0, 1.0, 1e-06, 0.0, 0.0, 0.0, 0.0, 1.0]
            ]
        },
        {
            "name": "Torso",
            "time": [0.0, 1.6667, 3.3],
            "transform": [
                [0.996265, -0.020971, 0.083766, 0.0, 0.019316, 0.999603, 0.020528, 0.05, -0.084163, -0.018833, 0.996274, -0.0, 0.0, 0.0, 0.0, 1.0],
                [0.996265, -0.020971, 0.083766, 0.0, 0.019316, 0.999603, 0.020528, 0.05, -0.084163, -0.018833, 0.996274, 0.0, 0.0, 0.0, 0.0, 1.0],
                [0.996265, -0.020971, 0.083766, 0.0, 0.019316, 0.999603, 0.020528, 0.05, -0.084163, -0.018833, 0.996274, -0.0, 0.0, 0.0, 0.0, 1.0]
            ]
        },
        {
            "name": "Chest",
            "time": [0.0, 1.6667, 3.3],
            "transform": [
                [0.958563, -0.021411, 0.284075, 0.0, 0.015061, 0.999586, 0.024519, 0.3, -0.284483, -0.019225, 0.958488, 0.0, 0.0, 0.0, 0.0, 1.0],
                [0.962023, 0.003728, 0.272944, 0.0, -0.031488, 0.994748, 0.097393, 0.3, -0.271148, -0.102289, 0.957087, -0.0, 0.0, 0.0, 0.0, 1.0],
                [0.958563, -0.021411, 0.284075, 0.0, 0.015061, 0.999586, 0.024519, 0.3, -0.284483, -0.019225, 0.958488, 0.0, 0.0, 0.0, 0.0, 1.0]
            ]
        },
        {
            "name": "Head",
            "time": [0.0, 1.6667, 3.3],
            "transform": [
                [0.783233, 0.037721, -0.620583, 0.0, -0.060377, 0.998055, -0.015536, 0.4, 0.618789, 0.049637, 0.783987, 0.0, 0.0, 0.0, 0.0, 1.0],
                [0.783233, -0.027807, -0.621106, 0.0, -0.060377, 0.990876, -0.120499, 0.4, 0.61879, 0.131879, 0.774408, 0.0, 0.0, 0.0, 0.0, 1.0],
                [0.783233, 0.037721, -0.620583, 0.0, -0.060377, 0.998055, -0.015536, 0.4, 0.618789, 0.049637, 0.783987, 0.0, 0.0, 0.0, 0.0, 1.0]
            ]
        },
        {
            "name": "Shoulder_R",
            "time": [0.0, 1.6667, 3.3],
            "transform": [
                [0.398316, 0.864792, 0.305743, 0.0, -0.127907, -0.277702, 0.952114, 0.4, 0.908286, -0.418349, -0.0, 0.0, 0.0, 0.0, 0.0, 1.0],
                [0.398316, 0.864792, 0.305743, 0.0, -0.127907, -0.277702, 0.952114, 0.4, 0.908286, -0.418349, -0.0, 0.0, 0.0, 0.0, 0.0, 1.0],
                [0.398316, 0.864792, 0.305743, 0.0, -0.127907, -0.277702, 0.952114, 0.4, 0.908286, -0.418349, -0.0, 0.0, 0.0, 0.0, 0.0, 1.0]
            ]
        },
        {
            "name": "Arm_R",
            "time": [0.0, 1.6667, 3.3],
            "transform": [
                [0.773195, -0.094487, -0.62709, 0.0, 0.581176, 0.501285, 0.641052, 0.39386, 0.25378, -0.860108, 0.442504, 0.0, 0.0, 0.0, 0.0, 1.0],
                [0.773195, -0.094487, -0.62709, 0.0, 0.581176, 0.501285, 0.641052, 0.393861, 0.25378, -0.860108, 0.442504, -0.0, 0.0, 0.0, 0.0, 1.0],
                [0.773195, -0.094487, -0.62709, 0.0, 0.581176, 0.501285, 0.641052, 0.39386, 0.25378, -0.860108, 0.442504, 0.0, 0.0, 0.0, 0.0, 1.0]
            ]
        },
        {
            "name": "Hand_R",
            "time": [0.0, 1.6667, 3.3],
            "transform": [
                [1.0, -0.0, 0.0, 0.0, 0.0, 0.274677, -0.961537, 0.3, 0.0, 0.961537, 0.274677, 0.0, 0.0, 0.0, 0.0, 1.0],
                [1.0, -0.0, 0.0, 0.0, 0.0, 0.203177, -0.979142, 0.3, 0.0, 0.979142, 0.203177, -0.0, 0.0, 0.0, 0.0, 1.0],
                [1.0, -0.0, 0.0, 0.0, 0.0, 0.274677, -0.961537, 0.3, 0.0, 0.961537, 0.274677, 0.0, 0.0, 0.0, 0.0, 1.0]
            ]
        },
        {
            "name": "Tool_R",
            "time": [0.0, 1.6667, 3.3],
            "transform": [
                [1.0, 0.0, -0.0, 0.037754, 0.0, 0.130718, 0.99142, 0.467058, 0.0, -0.990831, 0.130651, -0.143776, 0.0, 0.0, 0.0, 1.0],
                [1.0, 0.0, -0.0, 0.03631, 0.0, 0.037997, 0.999278, 0.442266, 0.0, -0.998686, 0.037985, -0.147235, 0.0, 0.0, 0.0, 1.0],
                [1.0, 0.0, -0.0, 0.037754, 0.0, 0.130718, 0.99142, 0.467058, 0.0, -0.990831, 0.130651, -0.143776, 0.0, 0.0, 0.0, 1.0]
            ]
        },
        {
            "name": "Elbow_R",
            "time": [0.0, 1.6667, 3.3],
            "transform": [
                [-1.0, 0.0, -0.0, 0.0, 0.0, -0.0, -1.0, 0.398921, -0.0, -1.0, 0.0, 0.0, 0.0, 0.0, 0.0, 1.0],
                [-1.0, 0.0, -0.0, 0.0, 0.0, -0.0, -1.0, 0.398921, -0.0, -1.0, 0.0, -0.0, 0.0, 0.0, 0.0, 1.0],
                [-1.0, 0.0, -0.0, 0.0, 0.0, -0.0, -1.0, 0.398921, -0.0, -1.0, 0.0, 0.0, 0.0, 0.0, 0.0, 1.0]
            ]
        },
        {
            "name": "Shoulder_L",
            "time": [0.0, 1.6667, 3.3],
            "transform": [
                [0.0, -0.999907, 0.013597, 0.0, 0.0, 0.013597, 0.999908, 0.4, -1.0, -0.0, 0.0, 0.0, 0.0, 0.0, 0.0, 1.0],
                [-0.0, -0.999907, 0.013597, 0.0, 0.0, 0.013597, 0.999907, 0.4, -1.0, -0.0, 0.0, 0.0, 0.0, 0.0, 0.0, 1.0],
                [0.0, -0.999907, 0.013597, 0.0, 0.0, 0.013597, 0.999908, 0.4, -1.0, -0.0, 0.0, 0.0, 0.0, 0.0, 0.0, 1.0]
            ]
        },
        {
            "name": "Arm_L",
            "time": [0.0, 1.6667, 3.3],
            "transform": [
                [0.039073, 0.530007, 0.847093, -0.0, -0.862567, 0.445843, -0.239168, 0.39386, -0.504431, -0.721329, 0.474587, 0.0, 0.0, 0.0, 0.0, 1.0],
                [0.039073, 0.530007, 0.847093, 0.0, -0.862567, 0.445843, -0.239168, 0.39386, -0.504431, -0.721329, 0.474587, 0.0, 0.0, 0.0, 0.0, 1.0],
                [0.039073, 0.530007, 0.847093, -0.0, -0.862567, 0.445843, -0.239168, 0.39386, -0.504431, -0.721329, 0.474587, 0.0, 0.0, 0.0, 0.0, 1.0]
            ]
        },
        {
            "name": "Hand_L",
            "time": [0.0, 1.6667, 3.3],
            "transform": [
                [0.986933, 0.085167, 0.136786, 0.0, 0.158302, -0.354065, -0.921726, 0.3, -0.030069, 0.931335, -0.362921, -0.0, 0.0, 0.0, 0.0, 1.0],
                [0.986933, 0.085167, 0.136786, -0.0, 0.158303, -0.354065, -0.921726, 0.3, -0.030069, 0.931335, -0.362921, -0.0, 0.0, 0.0, 0.0, 1.0],
                [0.986933, 0.085167, 0.136786, 0.0, 0.158302, -0.354065, -0.921726, 0.3, -0.030069, 0.931335, -0.362921, -0.0, 0.0, 0.0, 0.0, 1.0]
            ]
        },
        {
            "name": "Tool_L",
            "time": [0.0, 1.6667, 3.3],
            "transform": [
                [-0.03254, 0.990548, -0.133248, 0.085051, 0.99563, 0.043801, 0.082474, 0.256548, 0.08749, -0.129905, -0.987063, 0.239384, 0.0, 0.0, 0.0, 1.0],
                [-0.03254, 0.990548, -0.133248, 0.085051, 0.99563, 0.043801, 0.082474, 0.256548, 0.08749, -0.129905, -0.987063, 0.239384, 0.0, 0.0, 0.0, 1.0],
                [-0.03254, 0.990548, -0.133248, 0.085051, 0.99563, 0.043801, 0.082474, 0.256548, 0.08749, -0.129905, -0.987063, 0.239384, 0.0, 0.0, 0.0, 1.0]
            ]
        },
        {
            "name": "Elbow_L",
            "time": [0.0, 1.6667, 3.3],
            "transform": [
                [-1.0, 0.0, 0.0, 0.0, 0.0, 0.575683, -0.817673, 0.402134, -0.0, -0.817673, -0.575683, -0.0, 0.0, 0.0, 0.0, 1.0],
                [-1.0, 0.0, 0.0, 0.0, 0.0, 0.575683, -0.817673, 0.402134, -0.0, -0.817673, -0.575683, -0.0, 0.0, 0.0, 0.0, 1.0],
                [-1.0, 0.0, 0.0, 0.0, 0.0, 0.575683, -0.817673, 0.402134, -0.0, -0.817673, -0.575683, -0.0, 0.0, 0.0, 0.0, 1.0]
            ]
        }
    ]
}