{
    
    "animation": [
        {
            "name": "Root",
            "time": [0.0, 0.2333],
            "transform": [
                [0.906068, -0.022696, 0.422523, -0.00178, 0.422755, 0.090713, -0.901693, 0.062924, -0.017864, 0.995618, 0.091787, 0.565633, 0.0, 0.0, 0.0, 1.0],
                [0.906068, -0.022696, 0.422523, -0.018576, 0.422755, 0.090713, -0.901693, 0.04323, -0.017864, 0.995618, 0.091787, 0.616567, 0.0, 0.0, 0.0, 1.0]
            ]
        },
        {
            "name": "Thigh_R",
            "time": [0.0, 0.2333],
            "transform": [
                [0.927033, 0.360972, 0.101525, 0.124994, 0.033582, -0.34958, 0.936305, -0.002831, 0.373471, -0.864574, -0.336196, -1.2e-05, 0.0, 0.0, 0.0, 1.0],
                [0.927033, 0.325137, 0.1868, 0.124994, 0.033582, -0.568145, 0.822243, -0.002831, 0.373471, -0.755971, -0.53761, -1.2e-05, 0.0, 0.0, 0.0, 1.0]
            ]
        },
        {
            "name": "Leg_R",
            "time": [0.0, 0.2333],
            "transform": [
                [1.0, -2e-06, 1e-06, -0.0, -0.0, 0.404872, 0.914373, 0.37472, -2e-06, -0.914374, 0.404872, -0.0, 0.0, 0.0, 0.0, 1.0],
                [1.0, -1e-06, 1e-06, -0.0, -0.0, 0.623669, 0.781688, 0.37472, -2e-06, -0.781689, 0.623668, 0.0, 0.0, 0.0, 0.0, 1.0]
            ]
        },
        {
            "name": "Knee_R",
            "time": [0.0, 0.2333],
            "transform": [
                [1.0, 0.0, -0.0, -0.0, -0.0, 1e-06, -1.0, 0.37472, -0.0, 1.0, 1e-06, -0.0, 0.0, 0.0, 0.0, 1.0],
                [1.0, 0.0, -0.0, -0.0, -0.0, 1e-06, -1.0, 0.37472, -0.0, 1.0, 1e-06, 0.0, 0.0, 0.0, 0.0, 1.0]
            ]
        },
        {
            "name": "Thigh_L",
            "time": [0.0, 0.2333],
            "transform": [
                [0.895398, -0.343233, 0.283641, -0.125006, -0.335996, -0.938839, -0.075413, -0.002831, 0.292177, -0.027777, -0.95596, -1.2e-05, 0.0, 0.0, 0.0, 1.0],
                [0.904336, -0.417448, -0.088952, -0.125006, -0.420022, -0.90744, -0.011606, -0.002831, -0.075873, 0.047858, -0.995968, -1.2e-05, 0.0, 0.0, 0.0, 1.0]
            ]
        },
        {
            "name": "Leg_L",
            "time": [0.0, 0.2333],
            "transform": [
                [1.0, -1e-06, 0.0, -0.0, 0.0, 0.645533, 0.763732, 0.37472, -1e-06, -0.763732, 0.645534, -0.0, 0.0, 0.0, 0.0, 1.0],
                [1.0, -1e-06, 1e-06, -0.0, 0.0, 0.895932, 0.44419, 0.37472, -1e-06, -0.44419, 0.895933, 0.0, 0.0, 0.0, 0.0, 1.0]
            ]
        },
        {
            "name": "Knee_L",
            "time": [0.0, 0.2333],
            "transform": [
                [1.0, 0.0, -0.0, -0.0, -0.0, 1e-06, -1.0, 0.37472, -0.0, 1.0, 1e-06, -0.0, 0.0, 0.0, 0.0, 1.0],
                [1.0, 0.0, -0.0, -0.0, -0.0, 1e-06, -1.0, 0.37472, -0.0, 1.0, 1e-06, 0.0, 0.0, 0.0, 0.0, 1.0]
            ]
        },
        {
            "name": "Torso",
            "time": [0.0, 0.2333],
            "transform": [
                [0.996265, -0.020971, 0.083766, 0.0, 0.019316, 0.999603, 0.020528, 0.05, -0.084163, -0.018833, 0.996274, 0.0, 0.0, 0.0, 0.0, 1.0],
                [0.996265, -0.020971, 0.083766, 0.0, 0.019316, 0.999603, 0.020528, 0.05, -0.084163, -0.018833, 0.996274, -0.0, 0.0, 0.0, 0.0, 1.0]
            ]
        },
        {
            "name": "Chest",
            "time": [0.0, 0.2333],
            "transform": [
                [0.951353, 0.06241, 0.301715, 0.0, -0.103527, 0.987084, 0.122258, 0.3, -0.290188, -0.147546, 0.945527, 0.0, 0.0, 0.0, 0.0, 1.0],
                [0.958563, -0.021411, 0.284075, 0.0, 0.015061, 0.999586, 0.024519, 0.3, -0.284483, -0.019225, 0.958488, 0.0, 0.0, 0.0, 0.0, 1.0]
            ]
        },
        {
            "name": "Head",
            "time": [0.0, 0.2333],
            "transform": [
                [0.783233, 0.091596, -0.614944, -0.0, -0.060377, 0.995619, 0.071397, 0.4, 0.618789, -0.018793, 0.785332, -0.0, 0.0, 0.0, 0.0, 1.0],
                [0.783233, 0.037721, -0.620583, 0.0, -0.060377, 0.998055, -0.015536, 0.4, 0.618789, 0.049637, 0.783987, 0.0, 0.0, 0.0, 0.0, 1.0]
            ]
        },
        {
            "name": "Shoulder_R",
            "time": [0.0, 0.2333],
            "transform": [
                [0.398316, 0.864792, 0.305743, -0.0, -0.127907, -0.277702, 0.952114, 0.4, 0.908286, -0.418349, -0.0, -0.0, 0.0, 0.0, 0.0, 1.0],
                [0.398316, 0.864792, 0.305743, 0.0, -0.127907, -0.277702, 0.952114, 0.4, 0.908286, -0.418349, -0.0, 0.0, 0.0, 0.0, 0.0, 1.0]
            ]
        },
        {
            "name": "Arm_R",
            "time": [0.0, 0.2333],
            "transform": [
                [0.773194, -0.214974, -0.596621, -0.0, 0.581176, 0.616683, 0.530976, 0.39386, 0.25378, -0.75729, 0.601754, -0.0, 0.0, 0.0, 0.0, 1.0],
                [0.773195, -0.094487, -0.62709, 0.0, 0.581176, 0.501285, 0.641052, 0.39386, 0.25378, -0.860108, 0.442504, 0.0, 0.0, 0.0, 0.0, 1.0]
            ]
        },
        {
            "name": "Hand_R",
            "time": [0.0, 0.2333],
            "transform": [
                [1.0, -0.0, 0.0, 0.0, 0.0, 0.274677, -0.961537, 0.3, 0.0, 0.961537, 0.274677, -0.0, 0.0, 0.0, 0.0, 1.0],
                [1.0, -0.0, 0.0, 0.0, 0.0, 0.274677, -0.961537, 0.3, 0.0, 0.961537, 0.274677, 0.0, 0.0, 0.0, 0.0, 1.0]
            ]
        },
        {
            "name": "Tool_R",
            "time": [0.0, 0.2333],
            "transform": [
                [1.0, 0.0, -0.0, 0.037754, 0.0, 0.130718, 0.99142, 0.467059, 0.0, -0.990831, 0.130651, -0.143776, 0.0, 0.0, 0.0, 1.0],
                [1.0, 0.0, -0.0, 0.037754, 0.0, 0.130718, 0.99142, 0.467058, 0.0, -0.990831, 0.130651, -0.143776, 0.0, 0.0, 0.0, 1.0]
            ]
        },
        {
            "name": "Elbow_R",
            "time": [0.0, 0.2333],
            "transform": [
                [-1.0, 0.0, -0.0, 0.0, 0.0, -0.0, -1.0, 0.398921, -0.0, -1.0, 0.0, -0.0, 0.0, 0.0, 0.0, 1.0],
                [-1.0, 0.0, -0.0, 0.0, 0.0, -0.0, -1.0, 0.398921, -0.0, -1.0, 0.0, 0.0, 0.0, 0.0, 0.0, 1.0]
            ]
        },
        {
            "name": "Shoulder_L",
            "time": [0.0, 0.2333],
            "transform": [
                [0.0, -0.999907, 0.013597, -0.0, 0.0, 0.013597, 0.999907, 0.4, -1.0, -0.0, 0.0, -0.0, 0.0, 0.0, 0.0, 1.0],
                [0.0, -0.999907, 0.013597, 0.0, 0.0, 0.013597, 0.999908, 0.4, -1.0, -0.0, 0.0, 0.0, 0.0, 0.0, 0.0, 1.0]
            ]
        },
        {
            "name": "Arm_L",
            "time": [0.0, 0.2333],
            "transform": [
                [0.039073, 0.530007, 0.847093, 0.0, -0.862567, 0.445843, -0.239168, 0.39386, -0.504431, -0.721329, 0.474587, -0.0, 0.0, 0.0, 0.0, 1.0],
                [0.039073, 0.530007, 0.847093, -0.0, -0.862567, 0.445843, -0.239168, 0.39386, -0.504431, -0.721329, 0.474587, 0.0, 0.0, 0.0, 0.0, 1.0]
            ]
        },
        {
            "name": "Hand_L",
            "time": [0.0, 0.2333],
            "transform": [
                [0.986933, 0.085167, 0.136786, 0.0, 0.158302, -0.354065, -0.921726, 0.3, -0.030069, 0.931335, -0.362921, -0.0, 0.0, 0.0, 0.0, 1.0],
                [0.986933, 0.085167, 0.136786, 0.0, 0.158302, -0.354065, -0.921726, 0.3, -0.030069, 0.931335, -0.362921, -0.0, 0.0, 0.0, 0.0, 1.0]
            ]
        },
        {
            "name": "Tool_L",
            "time": [0.0, 0.2333],
            "transform": [
                [-0.03254, 0.990548, -0.133248, 0.085051, 0.99563, 0.043801, 0.082474, 0.256548, 0.08749, -0.129905, -0.987063, 0.239384, 0.0, 0.0, 0.0, 1.0],
                [-0.03254, 0.990548, -0.133248, 0.085051, 0.99563, 0.043801, 0.082474, 0.256548, 0.08749, -0.129905, -0.987063, 0.239384, 0.0, 0.0, 0.0, 1.0]
            ]
        },
        {
            "name": "Elbow_L",
            "time": [0.0, 0.2333],
            "transform": [
                [-1.0, 0.0, 0.0, 0.0, 0.0, 0.575683, -0.817673, 0.402134, -0.0, -0.817673, -0.575683, 0.0, 0.0, 0.0, 0.0, 1.0],
                [-1.0, 0.0, 0.0, 0.0, 0.0, 0.575683, -0.817673, 0.402134, -0.0, -0.817673, -0.575683, -0.0, 0.0, 0.0, 0.0, 1.0]
            ]
        }
    ]
}