{
    
    "animation": [
        {
            "name": "Root",
            "time": [0.0, 0.0167, 0.1833, 0.5667],
            "transform": [
                [0.834853, 0.0, -0.550472, -0.105779, -0.550472, 0.0, -0.834853, -0.125048, 0.0, 1.0, 0.0, 0.437246, 0.0, 0.0, 0.0, 1.0],
                [0.834853, 0.0, -0.550472, -0.105779, -0.550472, 0.0, -0.834853, -0.125048, 0.0, 1.0, 0.0, 0.437246, 0.0, 0.0, 0.0, 1.0],
                [0.83532, 9.7e-05, -0.549764, -0.001711, -0.549764, 0.000325, -0.83532, -0.162467, 9.7e-05, 1.0, 0.000325, 0.801737, 0.0, 0.0, 0.0, 1.0],
                [0.83532, 9.7e-05, -0.549764, -0.041757, -0.549764, 0.000325, -0.83532, -0.171851, 9.7e-05, 1.0, 0.000325, 0.661791, 0.0, 0.0, 0.0, 1.0]
            ]
        },
        {
            "name": "Thigh_R",
            "time": [0.0, 0.0167, 0.1833, 0.5667],
            "transform": [
                [0.996122, -0.00788, -0.08762, 0.124994, 0.068868, -0.549897, 0.832388, -0.002831, -0.054742, -0.835193, -0.547224, -1.2e-05, 0.0, 0.0, 0.0, 1.0],
                [0.996122, -0.00788, -0.08762, 0.124994, 0.068868, -0.549897, 0.832388, -0.002831, -0.054742, -0.835193, -0.547224, -1.2e-05, 0.0, 0.0, 0.0, 1.0],
                [0.996115, 0.054115, -0.069466, 0.124994, 0.06919, -0.968966, 0.237307, -0.002831, -0.054468, -0.241191, -0.968948, -1.2e-05, 0.0, 0.0, 0.0, 1.0],
                [0.938724, 0.220135, -0.265213, 0.124994, 0.279303, -0.93671, 0.211095, -0.002831, -0.201959, -0.272234, -0.940798, -1.2e-05, 0.0, 0.0, 0.0, 1.0]
            ]
        },
        {
            "name": "Leg_R",
            "time": [0.0, 0.0167, 0.1833, 0.5667],
            "transform": [
                [1.0, -2e-06, 0.0, 0.0, -1e-06, -0.246352, 0.96918, 0.37472, -2e-06, -0.969182, -0.246352, 0.0, 0.0, 0.0, 0.0, 1.0],
                [1.0, -2e-06, 0.0, 0.0, -1e-06, -0.246352, 0.96918, 0.37472, -2e-06, -0.969182, -0.246352, 0.0, 0.0, 0.0, 0.0, 1.0],
                [1.0, -0.0, 2e-06, 0.0, -0.0, 0.931784, 0.363016, 0.37472, -2e-06, -0.363016, 0.931782, 0.0, 0.0, 0.0, 0.0, 1.0],
                [1.0, -2e-06, 1e-06, 0.0, -0.0, 0.409065, 0.912505, 0.37472, -2e-06, -0.912506, 0.409064, 0.0, 0.0, 0.0, 0.0, 1.0]
            ]
        },
        {
            "name": "Knee_R",
            "time": [0.0, 0.0167, 0.1833, 0.5667],
            "transform": [
                [1.0, 0.0, -0.0, 0.0, -0.0, 0.743838, -0.66836, 0.37472, -0.0, 0.66836, 0.743838, 0.0, 0.0, 0.0, 0.0, 1.0],
                [1.0, 0.0, -0.0, 0.0, -0.0, 0.743838, -0.66836, 0.37472, -0.0, 0.66836, 0.743838, 0.0, 0.0, 0.0, 0.0, 1.0],
                [1.0, 0.0, -0.0, 0.0, -0.0, 0.483973, -0.875083, 0.37471, -0.0, 0.875083, 0.483973, 2e-06, 0.0, 0.0, 0.0, 1.0],
                [1.0, 0.0, -0.0, 0.0, -0.0, 0.483973, -0.875083, 0.37471, -0.0, 0.875083, 0.483973, 2e-06, 0.0, 0.0, 0.0, 1.0]
            ]
        },
        {
            "name": "Thigh_L",
            "time": [0.0, 0.0167, 0.1833, 0.5667],
            "transform": [
                [0.866588, -0.474172, -0.155514, -0.125006, -0.027838, -0.357089, 0.933655, -0.002831, -0.498245, -0.804766, -0.32265, -1.2e-05, 0.0, 0.0, 0.0, 1.0],
                [0.866588, -0.474172, -0.155514, -0.125006, -0.027838, -0.357089, 0.933655, -0.002831, -0.498245, -0.804766, -0.32265, -1.2e-05, 0.0, 0.0, 0.0, 1.0],
                [0.836883, -0.236775, -0.493522, -0.125006, -0.218228, -0.971177, 0.095879, -0.002831, -0.501999, 0.027461, -0.864432, -1.2e-05, 0.0, 0.0, 0.0, 1.0],
                [0.836883, -0.535308, -0.114335, -0.125006, -0.218228, -0.517846, 0.827171, -0.002831, -0.501999, -0.667294, -0.550195, -1.2e-05, 0.0, 0.0, 0.0, 1.0]
            ]
        },
        {
            "name": "Leg_L",
            "time": [0.0, 0.0167, 0.1833, 0.5667],
            "transform": [
                [1.0, -1e-06, 0.0, -0.0, -0.0, -0.065655, 0.997843, 0.37472, -1e-06, -0.997842, -0.065655, -0.0, 0.0, 0.0, 0.0, 1.0],
                [1.0, -1e-06, 0.0, -0.0, -0.0, -0.065655, 0.997843, 0.37472, -1e-06, -0.997842, -0.065655, -0.0, 0.0, 0.0, 0.0, 1.0],
                [1.0, -0.0, 0.0, -0.0, -0.0, 0.915237, 0.402916, 0.37472, -0.0, -0.402916, 0.915237, 0.0, 0.0, 0.0, 0.0, 1.0],
                [1.0, -0.0, 0.0, -0.0, -0.0, 0.762909, 0.646505, 0.37472, -1e-06, -0.646505, 0.76291, -0.0, 0.0, 0.0, 0.0, 1.0]
            ]
        },
        {
            "name": "Knee_L",
            "time": [0.0, 0.0167, 0.1833, 0.5667],
            "transform": [
                [1.0, 0.0, -0.0, -0.0, -0.0, 0.700273, -0.713875, 0.37472, -0.0, 0.713875, 0.700273, -0.0, 0.0, 0.0, 0.0, 1.0],
                [1.0, 0.0, -0.0, -0.0, -0.0, 0.700273, -0.713875, 0.37472, -0.0, 0.713875, 0.700273, -0.0, 0.0, 0.0, 0.0, 1.0],
                [1.0, 0.0, -0.0, -0.0, -0.0, 0.427487, -0.904022, 0.37472, -0.0, 0.904022, 0.427487, 0.0, 0.0, 0.0, 0.0, 1.0],
                [1.0, 0.0, -0.0, -0.0, -0.0, 0.427487, -0.904022, 0.37472, -0.0, 0.904022, 0.427487, -0.0, 0.0, 0.0, 0.0, 1.0]
            ]
        },
        {
            "name": "Torso",
            "time": [0.0, 0.0167, 0.5667],
            "transform": [
                [0.981277, 0.0108, -0.192301, 0.0, -0.017548, 0.999287, -0.033421, 0.05, 0.191803, 0.036169, 0.980767, 0.0, 0.0, 0.0, 0.0, 1.0],
                [0.981277, 0.0108, -0.192301, 0.0, -0.017548, 0.999287, -0.033421, 0.05, 0.191803, 0.036169, 0.980767, 0.0, 0.0, 0.0, 0.0, 1.0],
                [0.981277, 0.0108, -0.192301, 0.0, -0.017548, 0.999287, -0.033421, 0.05, 0.191803, 0.036169, 0.980767, 0.0, 0.0, 0.0, 0.0, 1.0]
            ]
        },
        {
            "name": "Chest",
            "time": [0.0, 0.0167, 0.1833, 0.5667],
            "transform": [
                [0.982558, -0.18215, -0.037435, -0.0, 0.172551, 0.818007, 0.548718, 0.3, -0.069327, -0.545606, 0.835169, -0.0, 0.0, 0.0, 0.0, 1.0],
                [0.982558, -0.18215, -0.037435, -0.0, 0.172551, 0.818007, 0.548718, 0.3, -0.069327, -0.545606, 0.835169, -0.0, 0.0, 0.0, 0.0, 1.0],
                [0.986145, -0.161806, 0.036562, 0.0, 0.145048, 0.948015, 0.283246, 0.3, -0.080493, -0.274018, 0.95835, -0.0, 0.0, 0.0, 0.0, 1.0],
                [0.997105, -0.019513, 0.073498, 0.0, -0.008435, 0.93217, 0.361923, 0.3, -0.075575, -0.361495, 0.929306, -0.0, 0.0, 0.0, 0.0, 1.0]
            ]
        },
        {
            "name": "Head",
            "time": [0.0, 0.0167, 0.1833, 0.5667],
            "transform": [
                [0.692979, -0.013322, 0.720835, 0.0, 0.203294, 0.962868, -0.177643, 0.4, -0.691702, 0.269644, 0.669955, -0.0, 0.0, 0.0, 0.0, 1.0],
                [0.692979, -0.013322, 0.720835, 0.0, 0.203294, 0.962868, -0.177643, 0.4, -0.691702, 0.269644, 0.669955, -0.0, 0.0, 0.0, 0.0, 1.0],
                [0.880852, -0.257312, 0.397354, 0.0, 0.138866, 0.942899, 0.302749, 0.4, -0.452566, -0.211498, 0.866287, -0.0, 0.0, 0.0, 0.0, 1.0],
                [0.880852, -0.081092, 0.466394, 0.0, 0.138866, 0.986139, -0.090808, 0.4, -0.452566, 0.144755, 0.879903, -0.0, 0.0, 0.0, 0.0, 1.0]
            ]
        },
        {
            "name": "Shoulder_R",
            "time": [0.0, 0.0167, 0.5667],
            "transform": [
                [-0.058629, 0.885296, 0.461317, 0.0, -0.009343, -0.462578, 0.886529, 0.4, 0.998236, 0.047666, 0.035392, -0.0, 0.0, 0.0, 0.0, 1.0],
                [-0.058629, 0.885296, 0.461317, 0.0, -0.009343, -0.462578, 0.886529, 0.4, 0.998236, 0.047666, 0.035392, -0.0, 0.0, 0.0, 0.0, 1.0],
                [-0.058629, 0.885296, 0.461317, 0.0, -0.009343, -0.462578, 0.886529, 0.4, 0.998236, 0.047666, 0.035392, -0.0, 0.0, 0.0, 0.0, 1.0]
            ]
        },
        {
            "name": "Arm_R",
            "time": [0.0, 0.0167, 0.1833, 0.5667],
            "transform": [
                [0.410741, -0.822256, -0.393937, 0.0, 0.807882, 0.528503, -0.260788, 0.39386, 0.422632, -0.211139, 0.881364, -0.0, 0.0, 0.0, 0.0, 1.0],
                [0.410741, -0.822256, -0.393937, 0.0, 0.807882, 0.528503, -0.260788, 0.39386, 0.422632, -0.211139, 0.881364, -0.0, 0.0, 0.0, 0.0, 1.0],
                [0.410741, -0.699618, -0.584659, -0.0, 0.807882, 0.576513, -0.122307, 0.39386, 0.422632, -0.4221, 0.802007, 0.0, 0.0, 0.0, 0.0, 1.0],
                [0.410741, -0.822256, -0.393937, -0.0, 0.807883, 0.528503, -0.260788, 0.393861, 0.422632, -0.211139, 0.881364, 0.0, 0.0, 0.0, 0.0, 1.0]
            ]
        },
        {
            "name": "Hand_R",
            "time": [0.0, 0.0167, 0.1833, 0.5667],
            "transform": [
                [0.999985, 0.005375, -0.001388, 0.0, -0.00125, -0.025469, -0.999675, 0.3, -0.005409, 0.999661, -0.025462, 0.0, 0.0, 0.0, 0.0, 1.0],
                [0.999985, 0.005375, -0.001388, 0.0, -0.00125, -0.025469, -0.999675, 0.3, -0.005409, 0.999661, -0.025462, 0.0, 0.0, 0.0, 0.0, 1.0],
                [0.999985, 0.004862, -0.002679, 0.0, -0.00125, -0.27282, -0.962064, 0.3, -0.005409, 0.962053, -0.27281, 0.0, 0.0, 0.0, 0.0, 1.0],
                [0.999985, 0.004862, -0.002678, 0.0, -0.00125, -0.27282, -0.962064, 0.3, -0.005409, 0.962053, -0.27281, -0.0, 0.0, 0.0, 0.0, 1.0]
            ]
        },
        {
            "name": "Tool_R",
            "time": [0.0, 0.0167, 0.1833, 0.5667],
            "transform": [
                [1.0, 0.0, -0.0, -0.0, 0.0, -0.16402, 0.986457, 0.412276, 0.0, -0.985875, -0.163912, -0.023166, 0.0, 0.0, 0.0, 1.0],
                [1.0, 0.0, -0.0, -0.0, 0.0, -0.16402, 0.986457, 0.412276, 0.0, -0.985875, -0.163912, -0.023166, 0.0, 0.0, 0.0, 1.0],
                [1.0, 0.0, -0.0, -0.0, 0.0, -0.242003, 0.970275, 0.412275, 0.0, -0.969704, -0.241849, -0.023166, 0.0, 0.0, 0.0, 1.0],
                [1.0, 0.0, -0.0, -0.0, 0.0, -0.242003, 0.970275, 0.412276, 0.0, -0.969703, -0.241849, -0.023166, 0.0, 0.0, 0.0, 1.0]
            ]
        },
        {
            "name": "Elbow_R",
            "time": [0.0, 0.0167, 0.5667],
            "transform": [
                [-0.966397, 0.058778, -0.250246, 0.0, 0.250843, 0.428377, -0.868085, 0.3, 0.056175, -0.901687, -0.428726, 0.0, 0.0, 0.0, 0.0, 1.0],
                [-0.966397, 0.058778, -0.250246, 0.0, 0.250843, 0.428377, -0.868085, 0.3, 0.056175, -0.901687, -0.428726, 0.0, 0.0, 0.0, 0.0, 1.0],
                [-0.966397, 0.058778, -0.250246, 0.0, 0.250843, 0.428377, -0.868085, 0.3, 0.056175, -0.901686, -0.428726, -0.0, 0.0, 0.0, 0.0, 1.0]
            ]
        },
        {
            "name": "Shoulder_L",
            "time": [0.0, 0.0167, 0.5667],
            "transform": [
                [-0.027182, -0.953182, -0.301172, 0.0, -0.040545, -0.299984, 0.953082, 0.4, -0.998808, 0.038117, -0.030493, -0.0, 0.0, 0.0, 0.0, 1.0],
                [-0.027182, -0.953182, -0.301172, 0.0, -0.040545, -0.299984, 0.953082, 0.4, -0.998808, 0.038117, -0.030493, -0.0, 0.0, 0.0, 0.0, 1.0],
                [-0.027182, -0.953182, -0.301172, 0.0, -0.040545, -0.299984, 0.953082, 0.4, -0.998808, 0.038117, -0.030493, -0.0, 0.0, 0.0, 0.0, 1.0]
            ]
        },
        {
            "name": "Arm_L",
            "time": [0.0, 0.0167, 0.1833, 0.5667],
            "transform": [
                [0.395306, 0.875084, 0.279216, -0.0, -0.490696, 0.458148, -0.741159, 0.39386, -0.776499, 0.155975, 0.610509, -0.0, 0.0, 0.0, 0.0, 1.0],
                [0.395306, 0.875084, 0.279216, -0.0, -0.490696, 0.458148, -0.741159, 0.39386, -0.776499, 0.155975, 0.610509, -0.0, 0.0, 0.0, 0.0, 1.0],
                [-0.041057, 0.765401, 0.642243, -0.0, -0.696508, 0.438938, -0.567636, 0.39386, -0.716374, -0.470632, 0.515086, -0.0, 0.0, 0.0, 0.0, 1.0],
                [0.395306, 0.875084, 0.279216, 0.0, -0.490696, 0.458148, -0.741159, 0.39386, -0.776499, 0.155975, 0.610509, -0.0, 0.0, 0.0, 0.0, 1.0]
            ]
        },
        {
            "name": "Hand_L",
            "time": [0.0, 0.0167, 0.1833, 0.5667],
            "transform": [
                [0.99932, 0.012414, 0.034729, -0.0, 0.036869, -0.312559, -0.949183, 0.3, -0.000929, 0.949818, -0.312804, 0.0, 0.0, 0.0, 0.0, 1.0],
                [0.99932, 0.012414, 0.034729, -0.0, 0.036869, -0.312559, -0.949183, 0.3, -0.000929, 0.949818, -0.312804, 0.0, 0.0, 0.0, 0.0, 1.0],
                [0.99932, 0.012414, 0.034729, -0.0, 0.036869, -0.312559, -0.949183, 0.3, -0.000929, 0.949818, -0.312804, 0.0, 0.0, 0.0, 0.0, 1.0],
                [0.99932, 0.012414, 0.034729, 0.0, 0.036869, -0.312559, -0.949183, 0.3, -0.000929, 0.949818, -0.312804, -0.0, 0.0, 0.0, 0.0, 1.0]
            ]
        },
        {
            "name": "Tool_L",
            "time": [0.0, 0.0167, 0.5667],
            "transform": [
                [1.0, 0.0, 0.0, 0.0, -0.0, -0.999836, 0.018122, 0.272858, 0.0, -0.018122, -0.999247, 0.0, 0.0, 0.0, 0.0, 1.0],
                [1.0, 0.0, 0.0, 0.0, -0.0, -0.999836, 0.018122, 0.272858, 0.0, -0.018122, -0.999247, 0.0, 0.0, 0.0, 0.0, 1.0],
                [1.0, 0.0, 0.0, 0.0, 0.0, -0.999836, 0.018122, 0.272858, 0.0, -0.018122, -0.999247, -0.0, 0.0, 0.0, 0.0, 1.0]
            ]
        },
        {
            "name": "Elbow_L",
            "time": [0.0, 0.0167, 0.5667],
            "transform": [
                [-1.0, 0.0, 0.0, -0.0, 0.0, 0.360479, -0.932767, 0.3, -0.0, -0.932767, -0.360479, 0.0, 0.0, 0.0, 0.0, 1.0],
                [-1.0, 0.0, 0.0, -0.0, 0.0, 0.360479, -0.932767, 0.3, -0.0, -0.932767, -0.360479, 0.0, 0.0, 0.0, 0.0, 1.0],
                [-1.0, 0.0, -0.0, 0.0, 0.0, 0.360479, -0.932767, 0.3, -0.0, -0.932767, -0.360479, -0.0, 0.0, 0.0, 0.0, 1.0]
            ]
        }
    ]
}