{
    
    "animation": [
        {
            "name": "Root",
            "time": [0.0, 0.2167, 0.35, 0.6, 0.6833, 1.0333],
            "transform": [
                [0.83532, 9.7e-05, -0.549764, -0.001711, -0.549764, 0.000325, -0.83532, -0.162467, 9.7e-05, 1.0, 0.000325, 0.801737, 0.0, 0.0, 0.0, 1.0],
                [0.99332, 9.7e-05, -0.115391, -0.001711, -0.115391, 0.000325, -0.99332, -0.162467, -5.9e-05, 1.0, 0.000334, 0.801737, 0.0, 0.0, 0.0, 1.0],
                [0.99332, 9.7e-05, -0.115391, -0.001711, -0.115391, 0.000325, -0.99332, -0.162467, -5.9e-05, 1.0, 0.000334, 0.801737, 0.0, 0.0, 0.0, 1.0],
                [0.99332, 9.7e-05, -0.115391, -0.001711, -0.090701, 0.618843, -0.78026, -0.162467, 0.071333, 0.785514, 0.614719, 0.654409, 0.0, 0.0, 0.0, 1.0],
                [0.99332, 9.7e-05, -0.115391, -0.001711, -0.090701, 0.618843, -0.78026, -0.162467, 0.071333, 0.785514, 0.614719, 0.654409, 0.0, 0.0, 0.0, 1.0],
                [0.99332, 9.7e-05, -0.115391, -0.001711, -0.090701, 0.618843, -0.78026, -0.162467, 0.071333, 0.785514, 0.614719, 0.654409, 0.0, 0.0, 0.0, 1.0]
            ]
        },
        {
            "name": "Thigh_R",
            "time": [0.0, 0.2167, 0.35, 0.6, 0.6833, 1.0333],
            "transform": [
                [0.996115, 0.054115, -0.069466, 0.124994, 0.06919, -0.968966, 0.237307, -0.002831, -0.054468, -0.241191, -0.968948, -1.2e-05, 0.0, 0.0, 0.0, 1.0],
                [0.989637, 0.104798, -0.098162, 0.124994, 0.051838, -0.898265, -0.436383, -0.002831, -0.133908, 0.426772, -0.89439, -1.2e-05, 0.0, 0.0, 0.0, 1.0],
                [0.989637, 0.104798, -0.098162, 0.124994, 0.051838, -0.898265, -0.436383, -0.002831, -0.133908, 0.426772, -0.89439, -1.2e-05, 0.0, 0.0, 0.0, 1.0],
                [0.989071, 0.129293, -0.070866, 0.124994, 0.143329, -0.955862, 0.256477, -0.002831, -0.034578, -0.263831, -0.963949, -1.2e-05, 0.0, 0.0, 0.0, 1.0],
                [0.989071, 0.129293, -0.070866, 0.124994, 0.143329, -0.955862, 0.256477, -0.002831, -0.034578, -0.263831, -0.963949, -1.2e-05, 0.0, 0.0, 0.0, 1.0],
                [0.989071, 0.129293, -0.070866, 0.124994, 0.143329, -0.955862, 0.256477, -0.002831, -0.034578, -0.263831, -0.963949, -1.2e-05, 0.0, 0.0, 0.0, 1.0]
            ]
        },
        {
            "name": "Leg_R",
            "time": [0.0, 0.35, 0.6, 0.6833, 1.0333],
            "transform": [
                [1.0, -0.0, 2e-06, 0.0, -0.0, 0.931784, 0.363016, 0.37472, -2e-06, -0.363016, 0.931782, 0.0, 0.0, 0.0, 0.0, 1.0],
                [1.0, -0.0, 2e-06, 0.0, -0.0, 0.931784, 0.363016, 0.37472, -2e-06, -0.363016, 0.931782, 0.0, 0.0, 0.0, 0.0, 1.0],
                [1.0, -0.0, 2e-06, -0.0, -0.0, 0.931784, 0.363016, 0.37472, -2e-06, -0.363016, 0.931782, -0.0, 0.0, 0.0, 0.0, 1.0],
                [1.0, -0.0, 2e-06, -0.0, -0.0, 0.931784, 0.363016, 0.37472, -2e-06, -0.363016, 0.931782, -0.0, 0.0, 0.0, 0.0, 1.0],
                [1.0, -0.0, 2e-06, -0.0, -0.0, 0.931784, 0.363016, 0.37472, -2e-06, -0.363016, 0.931782, -0.0, 0.0, 0.0, 0.0, 1.0]
            ]
        },
        {
            "name": "Knee_R",
            "time": [0.0, 0.35, 0.6, 0.6833, 1.0333],
            "transform": [
                [1.0, 0.0, -0.0, 0.0, -0.0, 0.483973, -0.875083, 0.37471, -0.0, 0.875083, 0.483973, 2e-06, 0.0, 0.0, 0.0, 1.0],
                [1.0, 0.0, -0.0, 0.0, -0.0, 0.483973, -0.875083, 0.37471, -0.0, 0.875083, 0.483973, 2e-06, 0.0, 0.0, 0.0, 1.0],
                [1.0, 0.0, -0.0, 0.0, -0.0, 0.483973, -0.875083, 0.37471, -0.0, 0.875083, 0.483973, 2e-06, 0.0, 0.0, 0.0, 1.0],
                [1.0, 0.0, -0.0, 0.0, -0.0, 0.483973, -0.875083, 0.37471, -0.0, 0.875083, 0.483973, 2e-06, 0.0, 0.0, 0.0, 1.0],
                [1.0, 0.0, -0.0, 0.0, -0.0, 0.483973, -0.875083, 0.37471, -0.0, 0.875083, 0.483973, 2e-06, 0.0, 0.0, 0.0, 1.0]
            ]
        },
        {
            "name": "Thigh_L",
            "time": [0.0, 0.2167, 0.35, 0.6, 0.6833, 1.0333],
            "transform": [
                [0.836883, -0.236775, -0.493522, -0.125006, -0.218228, -0.971177, 0.095879, -0.002831, -0.501999, 0.027461, -0.864432, -1.2e-05, 0.0, 0.0, 0.0, 1.0],
                [0.9911, -0.125273, -0.045017, -0.125006, -0.030648, -0.543843, 0.838627, -0.002831, -0.12954, -0.829784, -0.542842, -1.2e-05, 0.0, 0.0, 0.0, 1.0],
                [0.9911, -0.125273, -0.045017, -0.125006, -0.030648, -0.543843, 0.838627, -0.002831, -0.12954, -0.829784, -0.542842, -1.2e-05, 0.0, 0.0, 0.0, 1.0],
                [0.9911, -0.132439, 0.013406, -0.125006, -0.030648, -0.12903, 0.991166, -0.002831, -0.12954, -0.982757, -0.131942, -1.2e-05, 0.0, 0.0, 0.0, 1.0],
                [0.9911, -0.132439, 0.013406, -0.125006, -0.030648, -0.12903, 0.991166, -0.002831, -0.12954, -0.982757, -0.131942, -1.2e-05, 0.0, 0.0, 0.0, 1.0],
                [0.9911, -0.132439, 0.013406, -0.125006, -0.030648, -0.12903, 0.991166, -0.002831, -0.12954, -0.982757, -0.131942, -1.2e-05, 0.0, 0.0, 0.0, 1.0]
            ]
        },
        {
            "name": "Leg_L",
            "time": [0.0, 0.2167, 0.35, 0.6, 0.6833, 1.0333],
            "transform": [
                [1.0, -0.0, 0.0, -0.0, -0.0, 0.915237, 0.402916, 0.37472, -0.0, -0.402916, 0.915237, 0.0, 0.0, 0.0, 0.0, 1.0],
                [1.0, -0.0, 0.0, -0.0, -0.0, 0.691656, 0.722227, 0.37472, -1e-06, -0.722226, 0.691657, -0.0, 0.0, 0.0, 0.0, 1.0],
                [1.0, -0.0, 0.0, -0.0, -0.0, 0.691656, 0.722227, 0.37472, -1e-06, -0.722226, 0.691657, -0.0, 0.0, 0.0, 0.0, 1.0],
                [1.0, -0.0, 1e-06, -0.0, -0.0, 0.88356, 0.468318, 0.37472, -1e-06, -0.468318, 0.88356, -0.0, 0.0, 0.0, 0.0, 1.0],
                [1.0, -0.0, 1e-06, -0.0, -0.0, 0.88356, 0.468318, 0.37472, -1e-06, -0.468318, 0.88356, -0.0, 0.0, 0.0, 0.0, 1.0],
                [1.0, -0.0, 1e-06, -0.0, -0.0, 0.88356, 0.468318, 0.37472, -1e-06, -0.468318, 0.88356, -0.0, 0.0, 0.0, 0.0, 1.0]
            ]
        },
        {
            "name": "Knee_L",
            "time": [0.0, 0.35, 0.6, 0.6833, 1.0333],
            "transform": [
                [1.0, 0.0, -0.0, -0.0, -0.0, 0.427487, -0.904022, 0.37472, -0.0, 0.904022, 0.427487, 0.0, 0.0, 0.0, 0.0, 1.0],
                [1.0, 0.0, -0.0, -0.0, -0.0, 0.427487, -0.904022, 0.37472, -0.0, 0.904022, 0.427487, -0.0, 0.0, 0.0, 0.0, 1.0],
                [1.0, 0.0, -0.0, -0.0, -0.0, 0.427487, -0.904021, 0.37472, -0.0, 0.904021, 0.427487, -0.0, 0.0, 0.0, 0.0, 1.0],
                [1.0, 0.0, -0.0, -0.0, -0.0, 0.427487, -0.904021, 0.37472, -0.0, 0.904021, 0.427487, -0.0, 0.0, 0.0, 0.0, 1.0],
                [1.0, 0.0, -0.0, -0.0, -0.0, 0.427487, -0.904021, 0.37472, -0.0, 0.904021, 0.427487, -0.0, 0.0, 0.0, 0.0, 1.0]
            ]
        },
        {
            "name": "Torso",
            "time": [0.0, 0.35, 0.6, 0.6833, 1.0333],
            "transform": [
                [0.981277, 0.0108, -0.192301, 0.0, -0.017548, 0.999287, -0.033421, 0.05, 0.191803, 0.036169, 0.980767, -0.0, 0.0, 0.0, 0.0, 1.0],
                [0.981277, 0.0108, -0.192301, 0.0, -0.017548, 0.999287, -0.033421, 0.05, 0.191803, 0.036169, 0.980767, 0.0, 0.0, 0.0, 0.0, 1.0],
                [0.981277, 0.0108, -0.192301, -0.0, -0.017548, 0.999287, -0.033421, 0.05, 0.191803, 0.036169, 0.980767, 0.0, 0.0, 0.0, 0.0, 1.0],
                [0.981277, 0.0108, -0.192301, -0.0, -0.017548, 0.999287, -0.033421, 0.05, 0.191803, 0.036169, 0.980767, 0.0, 0.0, 0.0, 0.0, 1.0],
                [0.981277, -0.030617, -0.190155, -0.0, -0.017548, 0.968967, -0.246566, 0.05, 0.191803, 0.245286, 0.950287, 0.0, 0.0, 0.0, 0.0, 1.0]
            ]
        },
        {
            "name": "Chest",
            "time": [0.0, 0.2167, 0.35, 0.6, 0.6833, 1.0333],
            "transform": [
                [0.986145, -0.161806, 0.036562, 0.0, 0.145048, 0.948015, 0.283246, 0.3, -0.080493, -0.274018, 0.95835, -0.0, 0.0, 0.0, 0.0, 1.0],
                [0.791234, -0.021337, 0.611141, 0.0, 0.057094, 0.997603, -0.039089, 0.3, -0.608842, 0.065821, 0.790556, 0.0, 0.0, 0.0, 0.0, 1.0],
                [0.791234, 0.057299, 0.608823, 0.0, 0.057094, 0.98433, -0.166839, 0.3, -0.608842, 0.166769, 0.775564, 0.0, 0.0, 0.0, 0.0, 1.0],
                [0.797319, -0.09103, 0.596654, 0.0, -0.110045, 0.950065, 0.292005, 0.3, -0.593441, -0.29848, 0.747488, -0.0, 0.0, 0.0, 0.0, 1.0],
                [0.797319, -0.09103, 0.596654, 0.0, -0.110045, 0.950065, 0.292005, 0.3, -0.593441, -0.29848, 0.747488, -0.0, 0.0, 0.0, 0.0, 1.0],
                [0.797319, -0.179878, 0.57613, 0.0, -0.110045, 0.895231, 0.431801, 0.3, -0.593441, -0.407684, 0.69399, 0.0, 0.0, 0.0, 0.0, 1.0]
            ]
        },
        {
            "name": "Head",
            "time": [0.0, 0.2167, 0.35, 0.6, 0.6833, 1.0333],
            "transform": [
                [0.880852, -0.257312, 0.397354, 0.0, 0.138866, 0.942899, 0.302749, 0.4, -0.452566, -0.211498, 0.866287, -0.0, 0.0, 0.0, 0.0, 1.0],
                [0.958626, 0.107067, -0.263766, -0.0, -0.030749, 0.960099, 0.277964, 0.4, 0.283003, -0.258353, 0.923668, 0.0, 0.0, 0.0, 0.0, 1.0],
                [0.958626, 0.107067, -0.263766, -0.0, -0.030749, 0.960099, 0.277964, 0.4, 0.283003, -0.258353, 0.923668, -0.0, 0.0, 0.0, 0.0, 1.0],
                [0.958626, 0.107067, -0.263766, 0.0, -0.030749, 0.960099, 0.277964, 0.4, 0.283003, -0.258353, 0.923668, -0.0, 0.0, 0.0, 0.0, 1.0],
                [0.958626, 0.107067, -0.263766, 0.0, -0.030749, 0.960099, 0.277964, 0.4, 0.283003, -0.258353, 0.923668, -0.0, 0.0, 0.0, 0.0, 1.0],
                [0.958626, -0.071297, -0.275595, 0.0, -0.030749, 0.936529, -0.349239, 0.4, 0.283003, 0.343264, 0.895589, -0.0, 0.0, 0.0, 0.0, 1.0]
            ]
        },
        {
            "name": "Shoulder_R",
            "time": [0.0, 0.2167, 0.35, 0.6, 0.6833, 1.0333],
            "transform": [
                [-0.058629, 0.885296, 0.461317, 0.0, -0.009343, -0.462578, 0.886529, 0.4, 0.998236, 0.047666, 0.035392, -0.0, 0.0, 0.0, 0.0, 1.0],
                [0.209621, 0.97295, 0.097092, -0.0, -0.300253, -0.030449, 0.953373, 0.4, 0.930541, -0.228999, 0.285748, 0.0, 0.0, 0.0, 0.0, 1.0],
                [0.209621, 0.97295, 0.097092, -0.0, -0.300253, -0.030449, 0.953373, 0.4, 0.930541, -0.229, 0.285748, -0.0, 0.0, 0.0, 0.0, 1.0],
                [0.394436, 0.91378, 0.097092, 0.0, -0.300454, 0.028393, 0.953373, 0.4, 0.868417, -0.405216, 0.285748, -0.0, 0.0, 0.0, 0.0, 1.0],
                [0.394436, 0.91378, 0.097092, 0.0, -0.300454, 0.028393, 0.953373, 0.4, 0.868417, -0.405216, 0.285748, -0.0, 0.0, 0.0, 0.0, 1.0],
                [0.394435, 0.91378, 0.097092, 0.0, -0.300454, 0.028393, 0.953373, 0.4, 0.868417, -0.405216, 0.285748, -0.0, 0.0, 0.0, 0.0, 1.0]
            ]
        },
        {
            "name": "Arm_R",
            "time": [0.0, 0.2167, 0.35, 0.6, 0.6833, 1.0333],
            "transform": [
                [0.410741, -0.699618, -0.584659, -0.0, 0.807882, 0.576513, -0.122307, 0.39386, 0.422632, -0.4221, 0.802007, 0.0, 0.0, 0.0, 0.0, 1.0],
                [-0.005002, -0.926954, 0.375141, -0.0, 0.832325, -0.211792, -0.51223, 0.39386, 0.554266, 0.309677, 0.772587, -0.0, 0.0, 0.0, 0.0, 1.0],
                [0.209652, -0.86294, 0.459761, -0.0, 0.870127, -0.049827, -0.490302, 0.39386, 0.44601, 0.502843, 0.740422, -0.0, 0.0, 0.0, 0.0, 1.0],
                [0.390541, -0.60098, -0.697353, 0.0, 0.91975, 0.286995, 0.267758, 0.39386, 0.03922, -0.745961, 0.664834, -0.0, 0.0, 0.0, 0.0, 1.0],
                [0.390541, -0.60098, -0.697353, 0.0, 0.91975, 0.286995, 0.267758, 0.39386, 0.03922, -0.745961, 0.664834, -0.0, 0.0, 0.0, 0.0, 1.0],
                [0.390541, -0.60098, -0.697353, 0.0, 0.91975, 0.286995, 0.267758, 0.39386, 0.03922, -0.74596, 0.664834, 0.0, 0.0, 0.0, 0.0, 1.0]
            ]
        },
        {
            "name": "Hand_R",
            "time": [0.0, 0.2167, 0.35, 0.6, 0.6833, 1.0333],
            "transform": [
                [0.999985, 0.004862, -0.002679, 0.0, -0.00125, -0.27282, -0.962064, 0.3, -0.005409, 0.962053, -0.27281, 0.0, 0.0, 0.0, 0.0, 1.0],
                [0.999985, 0.003858, 0.003992, 0.0, -0.00125, 0.857129, -0.5151, 0.3, -0.005409, 0.515087, 0.857121, -0.0, 0.0, 0.0, 0.0, 1.0],
                [0.999985, 0.003858, 0.003992, 0.0, -0.00125, 0.857129, -0.5151, 0.3, -0.005409, 0.515087, 0.857121, 0.0, 0.0, 0.0, 0.0, 1.0],
                [0.999985, 0.001995, 0.00518, 0.0, -0.00125, 0.990161, -0.139926, 0.3, -0.005409, 0.139917, 0.990148, 0.0, 0.0, 0.0, 0.0, 1.0],
                [0.999985, 0.001995, 0.00518, 0.0, -0.00125, 0.990161, -0.139926, 0.3, -0.005409, 0.139917, 0.990148, 0.0, 0.0, 0.0, 0.0, 1.0],
                [0.999985, 0.001995, 0.00518, 0.0, -0.00125, 0.990161, -0.139926, 0.3, -0.005409, 0.139917, 0.990148, 0.0, 0.0, 0.0, 0.0, 1.0]
            ]
        },
        {
            "name": "Tool_R",
            "time": [0.0, 0.2167, 0.35, 0.6, 0.6833, 1.0333],
            "transform": [
                [1.0, 0.0, -0.0, -0.0, 0.0, -0.242003, 0.970275, 0.412275, 0.0, -0.969704, -0.241849, -0.023166, 0.0, 0.0, 0.0, 1.0],
                [0.777113, 0.034297, -0.628425, -0.137657, -0.616623, 0.241366, -0.749346, 0.4211, 0.125899, 0.969257, 0.208585, 1.021258, 0.0, 0.0, 0.0, 1.0],
                [0.777114, 0.034297, -0.628425, -0.137657, -0.616623, 0.241366, -0.749346, 0.4211, 0.125899, 0.969257, 0.208585, 1.021258, 0.0, 0.0, 0.0, 1.0],
                [0.777113, 0.034297, -0.628425, -0.10417, -0.616623, 0.241366, -0.749346, 0.405764, 0.125899, 0.969256, 0.208585, 1.252051, 0.0, 0.0, 0.0, 1.0],
                [0.777113, 0.034297, -0.628425, -0.10417, -0.616623, 0.241366, -0.749346, 0.405764, 0.125899, 0.969256, 0.208585, 1.252051, 0.0, 0.0, 0.0, 1.0],
                [0.777113, 0.034297, -0.628425, -0.10417, -0.616623, 0.241366, -0.749346, 0.405764, 0.125899, 0.969256, 0.208585, 1.252051, 0.0, 0.0, 0.0, 1.0]
            ]
        },
        {
            "name": "Elbow_R",
            "time": [0.0, 0.35, 0.6, 0.6833, 1.0333],
            "transform": [
                [-0.966397, 0.058778, -0.250246, 0.0, 0.250843, 0.428377, -0.868085, 0.3, 0.056175, -0.901687, -0.428726, 0.0, 0.0, 0.0, 0.0, 1.0],
                [-0.966397, 0.058778, -0.250246, 0.0, 0.250843, 0.428377, -0.868085, 0.3, 0.056175, -0.901687, -0.428726, 0.0, 0.0, 0.0, 0.0, 1.0],
                [-0.966397, 0.058778, -0.250246, 0.0, 0.250843, 0.428377, -0.868085, 0.3, 0.056175, -0.901687, -0.428726, 0.0, 0.0, 0.0, 0.0, 1.0],
                [-0.966397, 0.058778, -0.250246, 0.0, 0.250843, 0.428377, -0.868085, 0.3, 0.056175, -0.901687, -0.428726, 0.0, 0.0, 0.0, 0.0, 1.0],
                [-0.966397, 0.058778, -0.250246, 0.0, 0.250843, 0.428377, -0.868085, 0.3, 0.056175, -0.901687, -0.428726, 0.0, 0.0, 0.0, 0.0, 1.0]
            ]
        },
        {
            "name": "Shoulder_L",
            "time": [0.0, 0.2167, 0.35, 0.6, 0.6833, 1.0333],
            "transform": [
                [-0.027182, -0.953182, -0.301172, 0.0, -0.040545, -0.299984, 0.953082, 0.4, -0.998808, 0.038118, -0.030493, -0.0, 0.0, 0.0, 0.0, 1.0],
                [0.626828, -0.778273, -0.037116, -0.0, 0.173776, 0.093206, 0.980365, 0.4, -0.759532, -0.62097, 0.19367, 0.0, 0.0, 0.0, 0.0, 1.0],
                [0.626828, -0.778273, -0.037116, -0.0, 0.173776, 0.093206, 0.980365, 0.4, -0.759532, -0.62097, 0.19367, -0.0, 0.0, 0.0, 0.0, 1.0],
                [0.811189, -0.503769, -0.296967, 0.0, 0.23743, -0.180358, 0.954515, 0.4, -0.534415, -0.8448, -0.026695, -0.0, 0.0, 0.0, 0.0, 1.0],
                [0.811189, -0.503769, -0.296967, 0.0, 0.23743, -0.180358, 0.954515, 0.4, -0.534415, -0.8448, -0.026695, -0.0, 0.0, 0.0, 0.0, 1.0],
                [0.811189, -0.503769, -0.296967, 0.0, 0.23743, -0.180358, 0.954514, 0.4, -0.534415, -0.8448, -0.026695, -0.0, 0.0, 0.0, 0.0, 1.0]
            ]
        },
        {
            "name": "Arm_L",
            "time": [0.0, 0.2167, 0.35, 0.6, 0.6833, 1.0333],
            "transform": [
                [-0.041057, 0.765401, 0.642243, -0.0, -0.696508, 0.438938, -0.567636, 0.39386, -0.716374, -0.470632, 0.515086, -0.0, 0.0, 0.0, 0.0, 1.0],
                [-0.001669, 0.877466, -0.479635, 0.0, -0.834311, -0.265641, -0.483073, 0.39386, -0.551291, 0.399358, 0.732524, 0.0, 0.0, 0.0, 0.0, 1.0],
                [0.162713, 0.86225, -0.479635, 0.0, -0.869301, -0.104671, -0.483073, 0.39386, -0.466734, 0.495549, 0.732524, -0.0, 0.0, 0.0, 0.0, 1.0],
                [0.253263, 0.720386, 0.645679, 0.0, -0.91973, 0.386231, -0.070162, 0.39386, -0.299925, -0.576081, 0.760379, -0.0, 0.0, 0.0, 0.0, 1.0],
                [0.253263, 0.720386, 0.645679, 0.0, -0.91973, 0.386231, -0.070162, 0.39386, -0.299925, -0.576081, 0.760379, -0.0, 0.0, 0.0, 0.0, 1.0],
                [0.253263, 0.720386, 0.645679, -0.0, -0.91973, 0.386231, -0.070162, 0.39386, -0.299925, -0.576081, 0.760379, -0.0, 0.0, 0.0, 0.0, 1.0]
            ]
        },
        {
            "name": "Hand_L",
            "time": [0.0, 0.2167, 0.35, 0.6, 0.6833, 1.0333],
            "transform": [
                [0.99932, 0.012414, 0.034729, -0.0, 0.036869, -0.312559, -0.949183, 0.3, -0.000929, 0.949818, -0.312804, 0.0, 0.0, 0.0, 0.0, 1.0],
                [0.99932, -0.035607, 0.00961, -0.0, 0.036869, 0.971057, -0.235985, 0.3, -0.000929, 0.236178, 0.971709, -0.0, 0.0, 0.0, 0.0, 1.0],
                [0.99932, -0.035607, 0.00961, -0.0, 0.036869, 0.971057, -0.235985, 0.3, -0.000929, 0.236179, 0.971709, 0.0, 0.0, 0.0, 0.0, 1.0],
                [0.99932, -0.035607, 0.00961, 0.0, 0.036869, 0.971057, -0.235985, 0.3, -0.000929, 0.236179, 0.97171, -0.0, 0.0, 0.0, 0.0, 1.0],
                [0.99932, -0.035607, 0.00961, 0.0, 0.036869, 0.971057, -0.235985, 0.3, -0.000929, 0.236179, 0.97171, -0.0, 0.0, 0.0, 0.0, 1.0],
                [0.99932, -0.035607, 0.00961, -0.0, 0.036869, 0.971057, -0.235985, 0.3, -0.000929, 0.236179, 0.971709, -0.0, 0.0, 0.0, 0.0, 1.0]
            ]
        },
        {
            "name": "Tool_L",
            "time": [0.0, 0.35, 0.6, 0.6833, 1.0333],
            "transform": [
                [1.0, 0.0, 0.0, -0.0, 0.0, -0.999836, 0.018122, 0.272858, 0.0, -0.018122, -0.999247, 0.0, 0.0, 0.0, 0.0, 1.0],
                [1.0, 0.0, 0.0, 0.0, 0.0, -0.999836, 0.018122, 0.272858, 0.0, -0.018122, -0.999247, -0.0, 0.0, 0.0, 0.0, 1.0],
                [1.0, 0.0, 0.0, 0.0, 0.0, -0.999836, 0.018122, 0.272858, 0.0, -0.018122, -0.999247, -0.0, 0.0, 0.0, 0.0, 1.0],
                [1.0, 0.0, 0.0, 0.0, 0.0, -0.999836, 0.018122, 0.272858, 0.0, -0.018122, -0.999247, -0.0, 0.0, 0.0, 0.0, 1.0],
                [1.0, 0.0, 0.0, -0.0, 0.0, -0.999836, 0.018122, 0.272858, 0.0, -0.018122, -0.999247, -0.0, 0.0, 0.0, 0.0, 1.0]
            ]
        },
        {
            "name": "Elbow_L",
            "time": [0.0, 0.35, 0.6, 0.6833, 1.0333],
            "transform": [
                [-1.0, 0.0, -0.0, -0.0, 0.0, 0.360479, -0.932767, 0.3, -0.0, -0.932767, -0.360479, 0.0, 0.0, 0.0, 0.0, 1.0],
                [-1.0, 0.0, -0.0, -0.0, 0.0, 0.360479, -0.932767, 0.3, -0.0, -0.932767, -0.360479, 0.0, 0.0, 0.0, 0.0, 1.0],
                [-1.0, 0.0, -0.0, 0.0, 0.0, 0.360479, -0.932767, 0.3, -0.0, -0.932767, -0.360479, -0.0, 0.0, 0.0, 0.0, 1.0],
                [-1.0, 0.0, -0.0, 0.0, 0.0, 0.360479, -0.932767, 0.3, -0.0, -0.932767, -0.360479, -0.0, 0.0, 0.0, 0.0, 1.0],
                [-1.0, 0.0, -0.0, -0.0, 0.0, 0.360479, -0.932767, 0.3, -0.0, -0.932767, -0.360479, -0.0, 0.0, 0.0, 0.0, 1.0]
            ]
        }
    ]
}