{
    
    "animation": [
        {
            "name": "Root",
            "time": [0.0, 1.3, 2.5167],
            "transform": [
                [0.854689, 0.0, -0.51914, -0.050147, -0.51914, 0.0, -0.854689, -0.056707, 0.0, 1.0, 0.0, 0.492717, 0.0, 0.0, 0.0, 1.0],
                [0.860938, 0.006391, -0.508669, -0.053242, -0.508563, 0.034798, -0.860321, -0.059569, 0.012202, 0.999374, 0.033209, 0.484123, 0.0, 0.0, 0.0, 1.0],
                [0.854689, 0.0, -0.51914, -0.050147, -0.51914, 0.0, -0.854689, -0.056707, 0.0, 1.0, 0.0, 0.492717, 0.0, 0.0, 0.0, 1.0]
            ]
        },
        {
            "name": "Thigh_R",
            "time": [0.0, 1.3, 2.5167],
            "transform": [
                [0.997089, 0.062198, -0.044099, 0.124994, 0.066224, -0.993114, 0.096616, -0.002831, -0.037786, -0.099255, -0.994345, -1.2e-05, 0.0, 0.0, 0.0, 1.0],
                [0.997089, 0.066194, -0.037838, 0.124994, 0.066224, -0.997803, -0.000471, -0.002831, -0.037787, -0.002036, -0.999284, -1.2e-05, 0.0, 0.0, 0.0, 1.0],
                [0.997089, 0.062198, -0.044099, 0.124994, 0.066224, -0.993114, 0.096616, -0.002831, -0.037786, -0.099255, -0.994345, -1.2e-05, 0.0, 0.0, 0.0, 1.0]
            ]
        },
        {
            "name": "Leg_R",
            "time": [0.0, 1.3, 2.5167],
            "transform": [
                [1.0, -2e-06, 0.0, 0.0, -0.0, -0.099591, 0.995028, 0.37472, -2e-06, -0.995029, -0.099591, -0.0, 0.0, 0.0, 0.0, 1.0],
                [1.0, -2e-06, 0.0, 0.0, -0.0, 0.01135, 0.999935, 0.37472, -2e-06, -0.999936, 0.01135, -0.0, 0.0, 0.0, 0.0, 1.0],
                [1.0, -2e-06, 0.0, 0.0, -0.0, -0.099591, 0.995028, 0.37472, -2e-06, -0.995029, -0.099591, -0.0, 0.0, 0.0, 0.0, 1.0]
            ]
        },
        {
            "name": "Knee_R",
            "time": [0.0, 1.3, 2.5167],
            "transform": [
                [1.0, 0.0, -0.0, 0.0, -0.0, 0.625128, -0.780522, 0.37472, -0.0, 0.780522, 0.625128, -0.0, 0.0, 0.0, 0.0, 1.0],
                [1.0, 0.0, -0.0, 0.0, -0.0, 0.625128, -0.780522, 0.37472, -0.0, 0.780522, 0.625128, -0.0, 0.0, 0.0, 0.0, 1.0],
                [1.0, 0.0, -0.0, 0.0, -0.0, 0.625128, -0.780522, 0.37472, -0.0, 0.780522, 0.625128, -0.0, 0.0, 0.0, 0.0, 1.0]
            ]
        },
        {
            "name": "Thigh_L",
            "time": [0.0, 1.3, 2.5167],
            "transform": [
                [0.862042, -0.488406, -0.135432, -0.125006, 0.002896, -0.26246, 0.964938, -0.002831, -0.506827, -0.83221, -0.224837, -1.2e-05, 0.0, 0.0, 0.0, 1.0],
                [0.862042, -0.495963, -0.104419, -0.125006, 0.002896, -0.201197, 0.979546, -0.002831, -0.506827, -0.844713, -0.172005, -1.2e-05, 0.0, 0.0, 0.0, 1.0],
                [0.862042, -0.488406, -0.135432, -0.125006, 0.002896, -0.26246, 0.964938, -0.002831, -0.506827, -0.83221, -0.224837, -1.2e-05, 0.0, 0.0, 0.0, 1.0]
            ]
        },
        {
            "name": "Leg_L",
            "time": [0.0, 1.3, 2.5167],
            "transform": [
                [1.0, -1e-06, 0.0, 0.0, -0.0, 0.232666, 0.972557, 0.37472, -1e-06, -0.972556, 0.232666, 0.0, 0.0, 0.0, 0.0, 1.0],
                [1.0, -1e-06, 0.0, -0.0, -0.0, 0.146491, 0.989212, 0.37472, -1e-06, -0.989212, 0.146491, -0.0, 0.0, 0.0, 0.0, 1.0],
                [1.0, -1e-06, 0.0, 0.0, -0.0, 0.232666, 0.972557, 0.37472, -1e-06, -0.972556, 0.232666, 0.0, 0.0, 0.0, 0.0, 1.0]
            ]
        },
        {
            "name": "Knee_L",
            "time": [0.0, 1.3, 2.5167],
            "transform": [
                [1.0, 0.0, -0.0, 0.0, -0.0, 0.601369, -0.798971, 0.37472, -0.0, 0.798971, 0.601369, 0.0, 0.0, 0.0, 0.0, 1.0],
                [1.0, 0.0, -0.0, -0.0, -0.0, 0.601369, -0.798971, 0.37472, -0.0, 0.798971, 0.601369, -0.0, 0.0, 0.0, 0.0, 1.0],
                [1.0, 0.0, -0.0, 0.0, -0.0, 0.601369, -0.798971, 0.37472, -0.0, 0.798971, 0.601369, 0.0, 0.0, 0.0, 0.0, 1.0]
            ]
        },
        {
            "name": "Torso",
            "time": [0.0, 1.3, 2.5167],
            "transform": [
                [0.985197, -0.163417, 0.051779, 0.0, 0.139069, 0.938524, 0.315962, 0.05, -0.100229, -0.304084, 0.947358, 0.0, 0.0, 0.0, 0.0, 1.0],
                [0.985197, -0.163417, 0.051779, 0.0, 0.139069, 0.938525, 0.315962, 0.05, -0.100229, -0.304084, 0.947358, 0.0, 0.0, 0.0, 0.0, 1.0],
                [0.985197, -0.163417, 0.051779, 0.0, 0.139069, 0.938524, 0.315962, 0.05, -0.100229, -0.304084, 0.947358, 0.0, 0.0, 0.0, 0.0, 1.0]
            ]
        },
        {
            "name": "Chest",
            "time": [0.0, 1.3, 2.5167],
            "transform": [
                [0.99897, 0.045136, 0.004747, 0.0, -0.04463, 0.995957, -0.077963, 0.3, -0.008247, 0.077671, 0.996945, -0.0, 0.0, 0.0, 0.0, 1.0],
                [0.999981, -0.00286, 0.005509, 0.0, 0.002772, 0.999871, 0.015815, 0.3, -0.005554, -0.015799, 0.99986, -0.0, 0.0, 0.0, 0.0, 1.0],
                [0.99897, 0.045136, 0.004747, 0.0, -0.04463, 0.995957, -0.077963, 0.3, -0.008247, 0.077671, 0.996945, -0.0, 0.0, 0.0, 0.0, 1.0]
            ]
        },
        {
            "name": "Head",
            "time": [0.0, 1.3, 2.5167],
            "transform": [
                [0.85311, 0.037721, 0.520365, -0.0, -0.006297, 0.998055, -0.062025, 0.4, -0.521693, 0.049637, 0.851689, -0.0, 0.0, 0.0, 0.0, 1.0],
                [0.85311, 0.102743, 0.511514, 0.0, -0.006297, 0.982374, -0.186818, 0.4, -0.521692, 0.156155, 0.838721, 0.0, 0.0, 0.0, 0.0, 1.0],
                [0.85311, 0.037721, 0.520365, -0.0, -0.006297, 0.998055, -0.062025, 0.4, -0.521693, 0.049637, 0.851689, -0.0, 0.0, 0.0, 0.0, 1.0]
            ]
        },
        {
            "name": "Shoulder_R",
            "time": [0.0, 1.3, 2.5167],
            "transform": [
                [-0.238896, 0.921656, 0.305743, -0.0, 0.076714, -0.295963, 0.952114, 0.4, 0.96801, 0.250912, -0.0, -0.0, 0.0, 0.0, 0.0, 1.0],
                [-0.238896, 0.921656, 0.305743, 0.0, 0.076715, -0.295963, 0.952114, 0.4, 0.96801, 0.250911, 0.0, 0.0, 0.0, 0.0, 0.0, 1.0],
                [-0.238896, 0.921656, 0.305743, -0.0, 0.076714, -0.295963, 0.952114, 0.4, 0.96801, 0.250912, -0.0, -0.0, 0.0, 0.0, 0.0, 1.0]
            ]
        },
        {
            "name": "Arm_R",
            "time": [0.0, 1.3, 2.5167],
            "transform": [
                [0.58895, -0.683625, -0.431039, -0.0, 0.786286, 0.361422, 0.501128, 0.39386, -0.186797, -0.634059, 0.750384, 0.0, 0.0, 0.0, 0.0, 1.0],
                [0.640629, -0.717332, -0.273915, 0.0, 0.738017, 0.476757, 0.477529, 0.39386, -0.211956, -0.508072, 0.834827, -0.0, 0.0, 0.0, 0.0, 1.0],
                [0.58895, -0.683625, -0.431039, -0.0, 0.786286, 0.361422, 0.501128, 0.39386, -0.186797, -0.634059, 0.750384, 0.0, 0.0, 0.0, 0.0, 1.0]
            ]
        },
        {
            "name": "Hand_R",
            "time": [0.0, 1.3, 2.5167],
            "transform": [
                [1.0, -0.0, 0.0, -0.0, 0.0, -0.224053, -0.974577, 0.3, 0.0, 0.974577, -0.224053, 0.0, 0.0, 0.0, 0.0, 1.0],
                [1.0, -0.0, 0.0, 0.0, 0.0, -0.224053, -0.974577, 0.3, 0.0, 0.974577, -0.224053, -0.0, 0.0, 0.0, 0.0, 1.0],
                [1.0, -0.0, 0.0, -0.0, 0.0, -0.224053, -0.974577, 0.3, 0.0, 0.974577, -0.224053, 0.0, 0.0, 0.0, 0.0, 1.0]
            ]
        },
        {
            "name": "Tool_R",
            "time": [0.0, 1.3, 2.5167],
            "transform": [
                [1.0, 0.0, -0.0, -0.003598, 0.0, -0.089921, 0.995949, 0.426086, 0.0, -0.99536, -0.089857, 0.090799, 0.0, 0.0, 0.0, 1.0],
                [1.0, 0.0, -0.0, -0.003598, 0.0, -0.089921, 0.995949, 0.426086, 0.0, -0.99536, -0.089857, 0.090799, 0.0, 0.0, 0.0, 1.0],
                [1.0, 0.0, -0.0, -0.003598, 0.0, -0.089921, 0.995949, 0.426086, 0.0, -0.99536, -0.089857, 0.090799, 0.0, 0.0, 0.0, 1.0]
            ]
        },
        {
            "name": "Elbow_R",
            "time": [0.0, 1.3, 2.5167],
            "transform": [
                [-1.0, 0.0, -0.0, -0.0, 0.0, -0.0, -1.0, 0.398921, -0.0, -1.0, 0.0, 0.0, 0.0, 0.0, 0.0, 1.0],
                [-1.0, 0.0, -0.0, 0.0, 0.0, -0.0, -1.0, 0.398921, -0.0, -1.0, 0.0, -0.0, 0.0, 0.0, 0.0, 1.0],
                [-1.0, 0.0, -0.0, -0.0, 0.0, -0.0, -1.0, 0.398921, -0.0, -1.0, 0.0, 0.0, 0.0, 0.0, 0.0, 1.0]
            ]
        },
        {
            "name": "Shoulder_L",
            "time": [0.0, 1.3, 2.5167],
            "transform": [
                [0.0, -0.999907, 0.013597, -0.0, 0.0, 0.013597, 0.999908, 0.4, -1.0, -0.0, 0.0, -0.0, 0.0, 0.0, 0.0, 1.0],
                [-0.0, -0.999907, 0.013597, 0.0, 0.0, 0.013597, 0.999908, 0.4, -1.0, -0.0, 0.0, 0.0, 0.0, 0.0, 0.0, 1.0],
                [0.0, -0.999907, 0.013597, -0.0, 0.0, 0.013597, 0.999908, 0.4, -1.0, -0.0, 0.0, -0.0, 0.0, 0.0, 0.0, 1.0]
            ]
        },
        {
            "name": "Arm_L",
            "time": [0.0, 1.3, 2.5167],
            "transform": [
                [0.039073, 0.530007, 0.847093, 0.0, -0.862567, 0.445843, -0.239168, 0.39386, -0.504431, -0.721329, 0.474587, -0.0, 0.0, 0.0, 0.0, 1.0],
                [0.122255, 0.626701, 0.76961, -0.0, -0.821335, 0.499211, -0.27604, 0.39386, -0.557192, -0.59836, 0.575762, 0.0, 0.0, 0.0, 0.0, 1.0],
                [0.039073, 0.530007, 0.847093, 0.0, -0.862567, 0.445843, -0.239168, 0.39386, -0.504431, -0.721329, 0.474587, -0.0, 0.0, 0.0, 0.0, 1.0]
            ]
        },
        {
            "name": "Hand_L",
            "time": [0.0, 1.3, 2.5167],
            "transform": [
                [0.986933, 0.085167, 0.136786, 0.0, 0.158302, -0.354065, -0.921726, 0.3, -0.030069, 0.931335, -0.362921, 0.0, 0.0, 0.0, 0.0, 1.0],
                [0.986933, 0.085167, 0.136786, 0.0, 0.158302, -0.354065, -0.921726, 0.3, -0.030069, 0.931335, -0.362921, 0.0, 0.0, 0.0, 0.0, 1.0],
                [0.986933, 0.085167, 0.136786, 0.0, 0.158302, -0.354065, -0.921726, 0.3, -0.030069, 0.931335, -0.362921, 0.0, 0.0, 0.0, 0.0, 1.0]
            ]
        },
        {
            "name": "Tool_L",
            "time": [0.0, 1.3, 2.5167],
            "transform": [
                [-0.03254, 0.990548, -0.133248, 0.085051, 0.99563, 0.043801, 0.082474, 0.256548, 0.08749, -0.129905, -0.987063, 0.239384, 0.0, 0.0, 0.0, 1.0],
                [-0.03254, 0.990548, -0.133248, 0.085051, 0.99563, 0.043801, 0.082474, 0.256548, 0.08749, -0.129905, -0.987063, 0.239384, 0.0, 0.0, 0.0, 1.0],
                [-0.03254, 0.990548, -0.133248, 0.085051, 0.99563, 0.043801, 0.082474, 0.256548, 0.08749, -0.129905, -0.987063, 0.239384, 0.0, 0.0, 0.0, 1.0]
            ]
        },
        {
            "name": "Elbow_L",
            "time": [0.0, 1.3, 2.5167],
            "transform": [
                [-1.0, 0.0, 0.0, 0.0, 0.0, 0.575683, -0.817673, 0.402134, -0.0, -0.817673, -0.575683, -0.0, 0.0, 0.0, 0.0, 1.0],
                [-1.0, 0.0, 0.0, 0.0, -0.0, 0.575683, -0.817673, 0.402134, -0.0, -0.817673, -0.575683, 0.0, 0.0, 0.0, 0.0, 1.0],
                [-1.0, 0.0, 0.0, 0.0, 0.0, 0.575683, -0.817673, 0.402134, -0.0, -0.817673, -0.575683, -0.0, 0.0, 0.0, 0.0, 1.0]
            ]
        }
    ]
}