{
    
    "animation": [
        {
            "name": "Root",
            "time": [0.0, 0.15, 0.2667, 0.4167, 0.4833, 0.5333],
            "transform": [
                [0.998856, 0.012381, -0.046197, -5e-06, -0.047828, 0.258568, -0.964808, 0.000946, 0.0, 0.965914, 0.258865, 0.755725, 0.0, 0.0, 0.0, 1.0],
                [0.996472, 0.021724, -0.081061, -5e-06, -0.083922, 0.257952, -0.962506, 0.000946, -0.0, 0.965914, 0.258865, 0.574819, 0.0, 0.0, 0.0, 1.0],
                [0.998856, 0.012381, -0.046197, -5e-06, -0.047828, 0.258568, -0.964808, 0.000946, 0.0, 0.965914, 0.258865, 0.755725, 0.0, 0.0, 0.0, 1.0],
                [0.996327, 0.022168, -0.082716, -5e-06, -0.085635, 0.257914, -0.962365, 0.000946, 0.0, 0.965914, 0.258865, 0.518846, 0.0, 0.0, 0.0, 1.0],
                [0.998054, 0.016142, -0.060232, -5e-06, -0.062358, 0.258361, -0.964034, 0.000946, 0.0, 0.965914, 0.258865, 0.73195, 0.0, 0.0, 0.0, 1.0],
                [0.998856, 0.012381, -0.046197, -5e-06, -0.047828, 0.258568, -0.964808, 0.000946, 0.0, 0.965914, 0.258865, 0.755725, 0.0, 0.0, 0.0, 1.0]
            ]
        },
        {
            "name": "Thigh_R",
            "time": [0.0, 0.0833, 0.15, 0.2667, 0.4167, 0.5333],
            "transform": [
                [0.999011, -0.027437, -0.034984, 0.124994, 0.009891, -0.630002, 0.77653, -0.002831, -0.043346, -0.776106, -0.629109, -1.2e-05, 0.0, 0.0, 0.0, 1.0],
                [0.998906, -0.045554, -0.010524, 0.124994, 0.0035, -0.151617, 0.988433, -0.002831, -0.046622, -0.987387, -0.151292, -1.2e-05, 0.0, 0.0, 0.0, 1.0],
                [0.999011, -0.038994, -0.021357, 0.124994, 0.009891, -0.273418, 0.961845, -0.002831, -0.043346, -0.961102, -0.272763, -1.2e-05, 0.0, 0.0, 0.0, 1.0],
                [0.999011, 0.008689, -0.043602, 0.124994, 0.009891, -0.999573, 0.027404, -0.002831, -0.043345, -0.027808, -0.998673, -1.2e-05, 0.0, 0.0, 0.0, 1.0],
                [0.999011, 0.02729, -0.035098, 0.124994, 0.009891, -0.906069, -0.42301, -0.002831, -0.043345, 0.422244, -0.905445, -1.2e-05, 0.0, 0.0, 0.0, 1.0],
                [0.999011, -0.027437, -0.034984, 0.124994, 0.009891, -0.630002, 0.77653, -0.002831, -0.043346, -0.776106, -0.629109, -1.2e-05, 0.0, 0.0, 0.0, 1.0]
            ]
        },
        {
            "name": "Leg_R",
            "time": [0.0, 0.15, 0.2667, 0.4167, 0.5333],
            "transform": [
                [1.0, -2e-06, 0.0, -0.0, -0.0, -0.129646, 0.99156, 0.37472, -2e-06, -0.991561, -0.129646, 0.0, 0.0, 0.0, 0.0, 1.0],
                [1.0, -1e-06, 2e-06, -0.0, -0.0, 0.905413, 0.424534, 0.37472, -2e-06, -0.424534, 0.905411, 0.0, 0.0, 0.0, 0.0, 1.0],
                [1.0, 0.0, 2e-06, -0.0, -0.0, 0.987151, 0.159794, 0.37472, -2e-06, -0.159795, 0.98715, 0.0, 0.0, 0.0, 0.0, 1.0],
                [1.0, -1e-06, 2e-06, -0.0, -0.0, 0.905413, 0.424534, 0.37472, -2e-06, -0.424534, 0.905411, -0.0, 0.0, 0.0, 0.0, 1.0],
                [1.0, -2e-06, 0.0, -0.0, -0.0, -0.129646, 0.99156, 0.37472, -2e-06, -0.991561, -0.129646, 0.0, 0.0, 0.0, 0.0, 1.0]
            ]
        },
        {
            "name": "Knee_R",
            "time": [0.0, 0.15, 0.2667, 0.4167, 0.5333],
            "transform": [
                [1.0, 0.0, -0.0, -0.0, -0.0, 0.348918, -0.937153, 0.37472, -0.0, 0.937153, 0.348918, 0.0, 0.0, 0.0, 0.0, 1.0],
                [1.0, 0.0, -0.0, -0.0, -0.0, 0.348918, -0.937153, 0.37472, -0.0, 0.937153, 0.348918, 0.0, 0.0, 0.0, 0.0, 1.0],
                [1.0, 0.0, -0.0, -0.0, -0.0, 0.348918, -0.937153, 0.37472, -0.0, 0.937153, 0.348918, 0.0, 0.0, 0.0, 0.0, 1.0],
                [1.0, 0.0, -0.0, -0.0, -0.0, 0.348918, -0.937154, 0.37472, -0.0, 0.937153, 0.348918, -0.0, 0.0, 0.0, 0.0, 1.0],
                [1.0, 0.0, -0.0, -0.0, -0.0, 0.348918, -0.937153, 0.37472, -0.0, 0.937153, 0.348918, 0.0, 0.0, 0.0, 0.0, 1.0]
            ]
        },
        {
            "name": "Thigh_L",
            "time": [0.0, 0.15, 0.2667, 0.3333, 0.4167, 0.5333],
            "transform": [
                [0.996659, -0.060089, -0.055303, -0.125006, -0.064703, -0.994207, -0.085829, -0.002831, -0.049825, 0.089121, -0.994774, -1.2e-05, 0.0, 0.0, 0.0, 1.0],
                [0.996385, -0.030818, -0.079151, -0.125006, -0.065109, -0.875545, -0.478729, -0.002831, -0.054547, 0.482153, -0.874387, -1.2e-05, 0.0, 0.0, 0.0, 1.0],
                [0.996659, -0.06701, 0.046676, -0.125006, -0.064703, -0.29924, 0.951981, -0.002831, -0.049825, -0.951822, -0.302577, -1.2e-05, 0.0, 0.0, 0.0, 1.0],
                [0.995272, -0.080023, 0.055033, -0.125006, -0.062373, -0.092325, 0.993773, -0.002831, -0.074444, -0.992508, -0.09688, -1.2e-05, 0.0, 0.0, 0.0, 1.0],
                [0.996385, -0.072759, 0.043828, -0.125006, -0.065109, -0.322882, 0.944197, -0.002831, -0.054548, -0.943638, -0.326453, -1.2e-05, 0.0, 0.0, 0.0, 1.0],
                [0.996659, -0.060089, -0.055303, -0.125006, -0.064703, -0.994207, -0.085829, -0.002831, -0.049825, 0.089121, -0.994774, -1.2e-05, 0.0, 0.0, 0.0, 1.0]
            ]
        },
        {
            "name": "Leg_L",
            "time": [0.0, 0.15, 0.2667, 0.4167, 0.5333],
            "transform": [
                [1.0, -0.0, 1e-06, 0.0, 0.0, 0.999353, 0.035947, 0.37472, -1e-06, -0.035947, 0.999354, 0.0, 0.0, 0.0, 0.0, 1.0],
                [1.0, -0.0, 1e-06, -0.0, 0.0, 0.999353, 0.035947, 0.37472, -1e-06, -0.035947, 0.999354, -0.0, 0.0, 0.0, 0.0, 1.0],
                [1.0, -1e-06, -0.0, -0.0, 0.0, -0.096732, 0.995311, 0.37472, -1e-06, -0.99531, -0.096732, -0.0, 0.0, 0.0, 0.0, 1.0],
                [1.0, -0.0, 1e-06, -0.0, 0.0, 0.96424, 0.265031, 0.37472, -1e-06, -0.26503, 0.96424, 0.0, 0.0, 0.0, 0.0, 1.0],
                [1.0, -0.0, 1e-06, 0.0, 0.0, 0.999353, 0.035947, 0.37472, -1e-06, -0.035947, 0.999354, 0.0, 0.0, 0.0, 0.0, 1.0]
            ]
        },
        {
            "name": "Knee_L",
            "time": [0.0, 0.15, 0.2667, 0.4167, 0.5333],
            "transform": [
                [1.0, 0.0, -0.0, 0.0, -0.0, 1e-06, -1.0, 0.37472, -0.0, 1.0, 1e-06, 0.0, 0.0, 0.0, 0.0, 1.0],
                [1.0, 0.0, -0.0, -0.0, -0.0, 1e-06, -1.0, 0.37472, -0.0, 1.0, 1e-06, -0.0, 0.0, 0.0, 0.0, 1.0],
                [1.0, 0.0, -0.0, -0.0, -0.0, 0.739144, -0.673548, 0.37472, -0.0, 0.673548, 0.739144, -0.0, 0.0, 0.0, 0.0, 1.0],
                [1.0, 0.0, -0.0, -0.0, -0.0, 1e-06, -1.0, 0.37472, -0.0, 1.0, 1e-06, 0.0, 0.0, 0.0, 0.0, 1.0],
                [1.0, 0.0, -0.0, 0.0, -0.0, 1e-06, -1.0, 0.37472, -0.0, 1.0, 1e-06, 0.0, 0.0, 0.0, 0.0, 1.0]
            ]
        },
        {
            "name": "Torso",
            "time": [0.0, 0.15, 0.2667, 0.4167, 0.5333],
            "transform": [
                [0.996265, -0.050855, 0.069788, -0.0, 0.019316, 0.918948, 0.393906, 0.05, -0.084163, -0.391087, 0.916498, 0.0, 0.0, 0.0, 0.0, 1.0],
                [0.886921, -0.050855, 0.459114, 0.0, -0.138463, 0.918948, 0.369274, 0.05, -0.440681, -0.391087, 0.807992, -0.0, 0.0, 0.0, 0.0, 1.0],
                [0.996265, -0.050855, 0.069788, -0.0, 0.019316, 0.918948, 0.393906, 0.05, -0.084163, -0.391087, 0.916498, 0.0, 0.0, 0.0, 0.0, 1.0],
                [0.946458, -0.050855, -0.318797, -0.0, 0.169346, 0.918948, 0.356169, 0.05, 0.274845, -0.391087, 0.878357, 0.0, 0.0, 0.0, 0.0, 1.0],
                [0.996265, -0.050855, 0.069788, -0.0, 0.019316, 0.918948, 0.393906, 0.05, -0.084163, -0.391087, 0.916498, 0.0, 0.0, 0.0, 0.0, 1.0]
            ]
        },
        {
            "name": "Chest",
            "time": [0.0, 0.15, 0.2667, 0.4167, 0.5333],
            "transform": [
                [0.999771, -0.021143, 0.003387, 0.0, 0.021411, 0.988661, -0.148631, 0.3, -0.000206, 0.14867, 0.988887, 0.0, 0.0, 0.0, 0.0, 1.0],
                [0.986366, -0.021143, -0.163202, 0.0, -0.003647, 0.988661, -0.150121, 0.3, 0.164526, 0.148669, 0.975105, -0.0, 0.0, 0.0, 0.0, 1.0],
                [0.999771, -0.021143, 0.003387, 0.0, 0.021411, 0.988661, -0.148631, 0.3, -0.000206, 0.14867, 0.988887, 0.0, 0.0, 0.0, 0.0, 1.0],
                [0.958261, -0.021143, 0.285112, -0.0, 0.062446, 0.988661, -0.136566, 0.3, -0.278992, 0.14867, 0.948716, 0.0, 0.0, 0.0, 0.0, 1.0],
                [0.999771, -0.021143, 0.003387, 0.0, 0.021411, 0.988661, -0.148631, 0.3, -0.000206, 0.14867, 0.988887, 0.0, 0.0, 0.0, 0.0, 1.0]
            ]
        },
        {
            "name": "Head",
            "time": [0.0, 0.15, 0.2667, 0.4167, 0.5333],
            "transform": [
                [0.998474, 0.029648, -0.046591, -0.0, -0.039649, 0.972125, -0.231088, 0.4, 0.038441, 0.232583, 0.971817, -0.0, 0.0, 0.0, 0.0, 1.0],
                [0.961184, 0.029648, -0.27431, 0.0, -0.091583, 0.972124, -0.215839, 0.4, 0.260264, 0.232583, 0.937106, -0.0, 0.0, 0.0, 0.0, 1.0],
                [0.998474, 0.029648, -0.046591, -0.0, -0.039649, 0.972125, -0.231088, 0.4, 0.038441, 0.232583, 0.971817, -0.0, 0.0, 0.0, 0.0, 1.0],
                [0.995523, 0.029648, 0.089746, 0.0, -0.007826, 0.972125, -0.234334, 0.4, -0.094192, 0.232583, 0.968005, 0.0, 0.0, 0.0, 0.0, 1.0],
                [0.998474, 0.029648, -0.046591, -0.0, -0.039649, 0.972125, -0.231088, 0.4, 0.038441, 0.232583, 0.971817, -0.0, 0.0, 0.0, 0.0, 1.0]
            ]
        },
        {
            "name": "Shoulder_R",
            "time": [0.0, 0.15, 0.2667, 0.4167, 0.5333],
            "transform": [
                [-0.398061, 0.864909, 0.305743, -0.0, 0.127826, -0.27774, 0.952114, 0.4, 0.908409, 0.418082, -0.0, -0.0, 0.0, 0.0, 0.0, 1.0],
                [-0.398061, 0.864909, 0.305743, 0.0, 0.127826, -0.27774, 0.952114, 0.4, 0.908409, 0.418082, -0.0, -0.0, 0.0, 0.0, 0.0, 1.0],
                [-0.398061, 0.864909, 0.305743, -0.0, 0.127826, -0.27774, 0.952114, 0.4, 0.908409, 0.418082, -0.0, -0.0, 0.0, 0.0, 0.0, 1.0],
                [-0.398061, 0.864909, 0.305743, 0.0, 0.127826, -0.27774, 0.952114, 0.4, 0.908409, 0.418082, -0.0, 0.0, 0.0, 0.0, 0.0, 1.0],
                [-0.398061, 0.864909, 0.305743, -0.0, 0.127826, -0.27774, 0.952114, 0.4, 0.908409, 0.418082, -0.0, -0.0, 0.0, 0.0, 0.0, 1.0]
            ]
        },
        {
            "name": "Arm_R",
            "time": [0.0, 0.15, 0.2667, 0.4167, 0.5333],
            "transform": [
                [0.329448, -0.941934, -0.06499, -0.0, 0.797182, 0.240615, 0.55372, 0.39386, -0.50593, -0.234231, 0.830163, -0.0, 0.0, 0.0, 0.0, 1.0],
                [0.563977, -0.822784, 0.070406, -0.0, 0.66795, 0.50465, 0.546965, 0.39386, -0.485564, -0.261448, 0.834189, -0.0, 0.0, 0.0, 0.0, 1.0],
                [0.523106, -0.843628, -0.12105, -0.0, 0.694478, 0.339605, 0.634326, 0.39386, -0.494026, -0.415885, 0.76353, -0.0, 0.0, 0.0, 0.0, 1.0],
                [0.452898, -0.889358, -0.062654, 0.0, 0.668233, 0.29209, 0.684213, 0.39386, -0.59021, -0.351746, 0.726586, 0.0, 0.0, 0.0, 0.0, 1.0],
                [0.329448, -0.941934, -0.06499, -0.0, 0.797182, 0.240615, 0.55372, 0.39386, -0.50593, -0.234231, 0.830163, -0.0, 0.0, 0.0, 0.0, 1.0]
            ]
        },
        {
            "name": "Hand_R",
            "time": [0.0, 0.15, 0.2667, 0.4167, 0.5333],
            "transform": [
                [1.0, -0.0, 0.0, 0.0, 0.0, -0.29449, -0.955655, 0.3, 0.0, 0.955655, -0.294489, 0.0, 0.0, 0.0, 0.0, 1.0],
                [1.0, -0.0, 0.0, -0.0, 0.0, -0.29449, -0.955655, 0.3, 0.0, 0.955655, -0.294489, -0.0, 0.0, 0.0, 0.0, 1.0],
                [1.0, -0.0, 0.0, 0.0, 0.0, -0.29449, -0.955655, 0.3, 0.0, 0.955655, -0.294489, 0.0, 0.0, 0.0, 0.0, 1.0],
                [1.0, -0.0, 0.0, -0.0, 0.0, -0.294489, -0.955655, 0.3, 0.0, 0.955655, -0.294489, 0.0, 0.0, 0.0, 0.0, 1.0],
                [1.0, -0.0, 0.0, 0.0, 0.0, -0.29449, -0.955655, 0.3, 0.0, 0.955655, -0.294489, 0.0, 0.0, 0.0, 0.0, 1.0]
            ]
        },
        {
            "name": "Tool_R",
            "time": [0.0, 0.15, 0.2667, 0.4167, 0.5333],
            "transform": [
                [1.0, 0.0, -0.0, -0.003598, 0.0, 0.144836, 0.989456, 0.493142, 0.0, -0.988868, 0.144761, 0.14655, 0.0, 0.0, 0.0, 1.0],
                [1.0, 0.0, -0.0, -0.003598, 0.0, 0.144836, 0.989456, 0.493142, 0.0, -0.988868, 0.144761, 0.14655, 0.0, 0.0, 0.0, 1.0],
                [1.0, 0.0, -0.0, -0.003598, 0.0, 0.144836, 0.989456, 0.493142, 0.0, -0.988868, 0.144761, 0.14655, 0.0, 0.0, 0.0, 1.0],
                [1.0, 0.0, -0.0, -0.003598, 0.0, 0.144836, 0.989456, 0.493142, 0.0, -0.988868, 0.144761, 0.14655, 0.0, 0.0, 0.0, 1.0],
                [1.0, 0.0, -0.0, -0.003598, 0.0, 0.144836, 0.989456, 0.493142, 0.0, -0.988868, 0.144761, 0.14655, 0.0, 0.0, 0.0, 1.0]
            ]
        },
        {
            "name": "Elbow_R",
            "time": [0.0, 0.15, 0.2667, 0.4167, 0.5333],
            "transform": [
                [-1.0, 0.0, 0.0, 0.0, -0.0, 0.170894, -0.985289, 0.398921, -0.0, -0.985289, -0.170894, 0.0, 0.0, 0.0, 0.0, 1.0],
                [-1.0, 0.0, 0.0, -0.0, -0.0, 0.170894, -0.985289, 0.398921, -0.0, -0.985289, -0.170894, -0.0, 0.0, 0.0, 0.0, 1.0],
                [-1.0, 0.0, 0.0, -0.0, -0.0, 0.170894, -0.985289, 0.398921, -0.0, -0.985289, -0.170894, 0.0, 0.0, 0.0, 0.0, 1.0],
                [-1.0, 0.0, 0.0, -0.0, -0.0, 0.170894, -0.985289, 0.398921, -0.0, -0.985289, -0.170894, -0.0, 0.0, 0.0, 0.0, 1.0],
                [-1.0, 0.0, 0.0, 0.0, -0.0, 0.170894, -0.985289, 0.398921, -0.0, -0.985289, -0.170894, 0.0, 0.0, 0.0, 0.0, 1.0]
            ]
        },
        {
            "name": "Shoulder_L",
            "time": [0.0, 0.15, 0.2667, 0.4167, 0.5333],
            "transform": [
                [0.33174, -0.943273, 0.013597, -0.0, -0.004511, 0.012827, 0.999908, 0.4, -0.94336, -0.331771, 0.0, -0.0, 0.0, 0.0, 0.0, 1.0],
                [0.33174, -0.943273, 0.013597, 0.0, -0.004511, 0.012827, 0.999907, 0.4, -0.94336, -0.33177, 0.0, -0.0, 0.0, 0.0, 0.0, 1.0],
                [0.33174, -0.943273, 0.013597, -0.0, -0.004511, 0.012827, 0.999908, 0.4, -0.94336, -0.331771, 0.0, -0.0, 0.0, 0.0, 0.0, 1.0],
                [0.33174, -0.943273, 0.013597, 0.0, -0.004511, 0.012827, 0.999908, 0.4, -0.94336, -0.331771, 0.0, 0.0, 0.0, 0.0, 0.0, 1.0],
                [0.33174, -0.943273, 0.013597, -0.0, -0.004511, 0.012827, 0.999908, 0.4, -0.94336, -0.331771, 0.0, -0.0, 0.0, 0.0, 0.0, 1.0]
            ]
        },
        {
            "name": "Arm_L",
            "time": [0.0, 0.15, 0.2667, 0.4167, 0.5333],
            "transform": [
                [-0.207928, 0.818229, 0.535972, -0.0, -0.613966, 0.317384, -0.722712, 0.39386, -0.761454, -0.479341, 0.436372, 0.0, 0.0, 0.0, 0.0, 1.0],
                [-0.207928, 0.903856, 0.373911, -0.0, -0.613966, 0.176981, -0.769236, 0.39386, -0.761454, -0.389515, 0.518137, 0.0, 0.0, 0.0, 0.0, 1.0],
                [-0.207928, 0.818229, 0.535972, -0.0, -0.613966, 0.317384, -0.722712, 0.39386, -0.761454, -0.479341, 0.436372, 0.0, 0.0, 0.0, 0.0, 1.0],
                [0.01815, 0.797724, 0.60275, 0.0, -0.649866, 0.467552, -0.599224, 0.39386, -0.759832, -0.38083, 0.526899, -0.0, 0.0, 0.0, 0.0, 1.0],
                [-0.207928, 0.818229, 0.535972, -0.0, -0.613966, 0.317384, -0.722712, 0.39386, -0.761454, -0.479341, 0.436372, 0.0, 0.0, 0.0, 0.0, 1.0]
            ]
        },
        {
            "name": "Hand_L",
            "time": [0.0, 0.15, 0.2667, 0.4167, 0.5333],
            "transform": [
                [0.986933, 0.038632, 0.156433, -0.0, 0.158302, -0.051294, -0.986058, 0.3, -0.030069, 0.997936, -0.05674, 0.0, 0.0, 0.0, 0.0, 1.0],
                [0.986933, 0.038632, 0.156433, -0.0, 0.158302, -0.051294, -0.986058, 0.3, -0.030069, 0.997936, -0.05674, -0.0, 0.0, 0.0, 0.0, 1.0],
                [0.986933, 0.038632, 0.156433, -0.0, 0.158302, -0.051294, -0.986058, 0.3, -0.030069, 0.997936, -0.05674, 0.0, 0.0, 0.0, 0.0, 1.0],
                [0.986933, 0.038632, 0.156433, 0.0, 0.158302, -0.051294, -0.986058, 0.3, -0.030069, 0.997936, -0.05674, -0.0, 0.0, 0.0, 0.0, 1.0],
                [0.986933, 0.038632, 0.156433, -0.0, 0.158302, -0.051294, -0.986058, 0.3, -0.030069, 0.997936, -0.05674, 0.0, 0.0, 0.0, 0.0, 1.0]
            ]
        },
        {
            "name": "Tool_L",
            "time": [0.0, 0.15, 0.2667, 0.4167, 0.5333],
            "transform": [
                [-0.03254, 0.990548, -0.133248, 0.085051, 0.99563, 0.043801, 0.082474, 0.256548, 0.08749, -0.129905, -0.987063, 0.239384, 0.0, 0.0, 0.0, 1.0],
                [-0.03254, 0.990548, -0.133248, 0.085051, 0.99563, 0.043801, 0.082474, 0.256548, 0.08749, -0.129905, -0.987063, 0.239384, 0.0, 0.0, 0.0, 1.0],
                [-0.03254, 0.990548, -0.133248, 0.085051, 0.99563, 0.043801, 0.082474, 0.256548, 0.08749, -0.129905, -0.987063, 0.239384, 0.0, 0.0, 0.0, 1.0],
                [-0.03254, 0.990548, -0.133248, 0.085051, 0.99563, 0.043801, 0.082474, 0.256548, 0.08749, -0.129905, -0.987063, 0.239385, 0.0, 0.0, 0.0, 1.0],
                [-0.03254, 0.990548, -0.133248, 0.085051, 0.99563, 0.043801, 0.082474, 0.256548, 0.08749, -0.129905, -0.987063, 0.239384, 0.0, 0.0, 0.0, 1.0]
            ]
        },
        {
            "name": "Elbow_L",
            "time": [0.0, 0.15, 0.2667, 0.4167, 0.5333],
            "transform": [
                [-1.0, 0.0, 0.0, -0.0, -0.0, 0.575683, -0.817673, 0.402134, -0.0, -0.817673, -0.575683, 0.0, 0.0, 0.0, 0.0, 1.0],
                [-1.0, 0.0, 0.0, -0.0, 0.0, 0.575683, -0.817673, 0.402134, -0.0, -0.817673, -0.575683, -0.0, 0.0, 0.0, 0.0, 1.0],
                [-1.0, 0.0, 0.0, -0.0, -0.0, 0.575683, -0.817673, 0.402134, -0.0, -0.817673, -0.575683, 0.0, 0.0, 0.0, 0.0, 1.0],
                [-1.0, 0.0, 0.0, 0.0, -0.0, 0.575683, -0.817673, 0.402134, -0.0, -0.817673, -0.575683, -0.0, 0.0, 0.0, 0.0, 1.0],
                [-1.0, 0.0, 0.0, -0.0, -0.0, 0.575683, -0.817673, 0.402134, -0.0, -0.817673, -0.575683, 0.0, 0.0, 0.0, 0.0, 1.0]
            ]
        }
    ]
}