{
    
    "animation": [
        {
            "name": "Root",
            "time": [0.0, 0.2833, 0.3167, 0.4667, 0.8, 1.2833, 1.6, 2.1167, 2.3, 2.9667],
            "transform": [
                [0.854689, 0.0, -0.51914, -5e-06, -0.51914, 0.0, -0.854689, 0.000946, 0.0, 1.0, 0.0, 0.755725, 0.0, 0.0, 0.0, 1.0],
                [0.525536, 0.0, -0.850772, -5e-06, -0.850772, 0.0, -0.525536, 0.000946, 0.0, 1.0, 0.0, 0.733235, 0.0, 0.0, 0.0, 1.0],
                [0.525536, 0.0, -0.850772, -5e-06, -0.850772, 0.0, -0.525536, 0.000946, 0.0, 1.0, 0.0, 0.733235, 0.0, 0.0, 0.0, 1.0],
                [0.525536, 0.0, -0.850772, -5e-06, -0.850772, 0.0, -0.525536, 0.000946, 0.0, 1.0, 0.0, 0.733235, 0.0, 0.0, 0.0, 1.0],
                [0.525536, 0.0, -0.850772, -5e-06, -0.850772, 0.0, -0.525536, 0.000946, 0.0, 1.0, 0.0, 0.733235, 0.0, 0.0, 0.0, 1.0],
                [0.525536, 0.0, -0.850772, -5e-06, -0.850772, 0.0, -0.525536, 0.000946, 0.0, 1.0, 0.0, 0.733235, 0.0, 0.0, 0.0, 1.0],
                [0.691293, 0.0, 0.722575, 0.00349, 0.722575, 0.0, -0.691293, 0.181905, 0.0, 1.0, 0.0, 0.663621, 0.0, 0.0, 0.0, 1.0],
                [0.754865, 0.0, 0.65588, 0.00349, 0.65588, 0.0, -0.754865, 0.181905, 0.0, 1.0, 0.0, 0.663621, 0.0, 0.0, 0.0, 1.0],
                [0.754865, 0.0, 0.65588, 0.021231, 0.65588, 0.0, -0.754865, -1.666062, 0.0, 1.0, 0.0, 0.510233, 0.0, 0.0, 0.0, 1.0],
                [0.854689, 0.0, -0.51914, -5e-06, -0.51914, 0.0, -0.854689, -2.078419, 0.0, 1.0, 0.0, 0.755725, 0.0, 0.0, 0.0, 1.0]
            ]
        },
        {
            "name": "Thigh_R",
            "time": [0.0, 0.2833, 0.3167, 0.4667, 0.8, 1.2833, 1.6, 2.1167, 2.3, 2.9667],
            "transform": [
                [0.999011, 0.005646, -0.044099, 0.124994, 0.009891, -0.99527, 0.096616, -0.002831, -0.043345, -0.096956, -0.994345, -1.2e-05, 0.0, 0.0, 0.0, 1.0],
                [0.964513, 0.262292, 0.03027, 0.124994, 0.264033, -0.958278, -0.109482, -0.002831, 0.000291, 0.113589, -0.993528, -1.2e-05, 0.0, 0.0, 0.0, 1.0],
                [0.964513, 0.262292, 0.03027, 0.124994, 0.264033, -0.958278, -0.109482, -0.002831, 0.000291, 0.113589, -0.993528, -1.2e-05, 0.0, 0.0, 0.0, 1.0],
                [0.964513, 0.262292, 0.03027, 0.124994, 0.264033, -0.958278, -0.109482, -0.002831, 0.000291, 0.113589, -0.993528, -1.2e-05, 0.0, 0.0, 0.0, 1.0],
                [0.964513, 0.262292, 0.03027, 0.124994, 0.264033, -0.958278, -0.109482, -0.002831, 0.000291, 0.113589, -0.993528, -1.2e-05, 0.0, 0.0, 0.0, 1.0],
                [0.964513, 0.262292, 0.03027, 0.124994, 0.264033, -0.958278, -0.109482, -0.002831, 0.000291, 0.113589, -0.993528, -1.2e-05, 0.0, 0.0, 0.0, 1.0],
                [0.683015, 0.530219, 0.502351, 0.124994, 0.0399, -0.713829, 0.699181, -0.002831, 0.729313, -0.457507, -0.508714, -1.2e-05, 0.0, 0.0, 0.0, 1.0],
                [0.683015, 0.530218, 0.502351, 0.124994, 0.0399, -0.713829, 0.699181, -0.002831, 0.729313, -0.457506, -0.508714, -1.2e-05, 0.0, 0.0, 0.0, 1.0],
                [0.7884, 0.572491, 0.225115, 0.124994, 0.053912, -0.428837, 0.901772, -0.002831, 0.612795, -0.698819, -0.368961, -1.2e-05, 0.0, 0.0, 0.0, 1.0],
                [0.999011, 0.005646, -0.044099, 0.124994, 0.009891, -0.99527, 0.096616, -0.002831, -0.043345, -0.096956, -0.994345, -1.2e-05, 0.0, 0.0, 0.0, 1.0]
            ]
        },
        {
            "name": "Leg_R",
            "time": [0.0, 0.2833, 0.3167, 0.4667, 0.8, 1.2833, 1.6, 2.1167, 2.3, 2.9667],
            "transform": [
                [1.0, 0.0, 2e-06, -0.0, -0.0, 0.997786, 0.066514, 0.37472, -2e-06, -0.066514, 0.997785, -0.0, 0.0, 0.0, 0.0, 1.0],
                [1.0, 0.0, 2e-06, 0.0, -0.0, 0.997786, 0.066514, 0.37472, -2e-06, -0.066514, 0.997785, 0.0, 0.0, 0.0, 0.0, 1.0],
                [1.0, 0.0, 2e-06, 0.0, -0.0, 0.997786, 0.066514, 0.37472, -2e-06, -0.066514, 0.997785, 0.0, 0.0, 0.0, 0.0, 1.0],
                [1.0, 0.0, 2e-06, 0.0, -0.0, 0.997786, 0.066514, 0.37472, -2e-06, -0.066514, 0.997785, 0.0, 0.0, 0.0, 0.0, 1.0],
                [1.0, 0.0, 2e-06, 0.0, -0.0, 0.997786, 0.066514, 0.37472, -2e-06, -0.066514, 0.997785, 0.0, 0.0, 0.0, 0.0, 1.0],
                [1.0, 0.0, 2e-06, 0.0, -0.0, 0.997786, 0.066514, 0.37472, -2e-06, -0.066514, 0.997785, 0.0, 0.0, 0.0, 0.0, 1.0],
                [1.0, -1e-06, 2e-06, 0.0, -0.0, 0.871021, 0.491246, 0.37472, -2e-06, -0.491247, 0.87102, -0.0, 0.0, 0.0, 0.0, 1.0],
                [1.0, -1e-06, 2e-06, 0.0, -0.0, 0.871021, 0.491246, 0.37472, -2e-06, -0.491247, 0.87102, 0.0, 0.0, 0.0, 0.0, 1.0],
                [1.0, -1e-06, 2e-06, 0.0, -0.0, 0.871021, 0.491246, 0.37472, -2e-06, -0.491247, 0.87102, 0.0, 0.0, 0.0, 0.0, 1.0],
                [1.0, 0.0, 2e-06, -0.0, -0.0, 0.997786, 0.066514, 0.37472, -2e-06, -0.066514, 0.997785, 0.0, 0.0, 0.0, 0.0, 1.0]
            ]
        },
        {
            "name": "Knee_R",
            "time": [0.0, 0.2833, 0.3167, 0.4667, 0.8, 1.2833, 1.6, 2.1167, 2.3, 2.9667],
            "transform": [
                [1.0, 0.0, -0.0, -0.0, -0.0, 1e-06, -1.0, 0.37472, -0.0, 1.0, 1e-06, -0.0, 0.0, 0.0, 0.0, 1.0],
                [1.0, 0.0, -0.0, 0.0, -0.0, 1e-06, -1.0, 0.37472, -0.0, 1.0, 1e-06, 0.0, 0.0, 0.0, 0.0, 1.0],
                [1.0, 0.0, -0.0, 0.0, -0.0, 1e-06, -1.0, 0.37472, -0.0, 1.0, 1e-06, 0.0, 0.0, 0.0, 0.0, 1.0],
                [1.0, 0.0, -0.0, 0.0, -0.0, 1e-06, -1.0, 0.37472, -0.0, 1.0, 1e-06, 0.0, 0.0, 0.0, 0.0, 1.0],
                [1.0, 0.0, -0.0, 0.0, -0.0, 1e-06, -1.0, 0.37472, -0.0, 1.0, 1e-06, 0.0, 0.0, 0.0, 0.0, 1.0],
                [1.0, 0.0, -0.0, 0.0, -0.0, 1e-06, -1.0, 0.37472, -0.0, 1.0, 1e-06, 0.0, 0.0, 0.0, 0.0, 1.0],
                [1.0, 0.0, -0.0, 0.0, -0.0, 1e-06, -1.0, 0.37472, -0.0, 1.0, 1e-06, -0.0, 0.0, 0.0, 0.0, 1.0],
                [1.0, 0.0, -0.0, 0.0, -0.0, 1e-06, -1.0, 0.37472, -0.0, 1.0, 1e-06, 0.0, 0.0, 0.0, 0.0, 1.0],
                [1.0, 0.0, -0.0, 0.0, -0.0, 1e-06, -1.0, 0.37472, -0.0, 1.0, 1e-06, 0.0, 0.0, 0.0, 0.0, 1.0],
                [1.0, 0.0, -0.0, -0.0, -0.0, 1e-06, -1.0, 0.37472, -0.0, 1.0, 1e-06, 0.0, 0.0, 0.0, 0.0, 1.0]
            ]
        },
        {
            "name": "Thigh_L",
            "time": [0.0, 0.2833, 0.3167, 0.4667, 0.8, 1.2833, 1.6, 2.1167, 2.3, 2.9667],
            "transform": [
                [0.864782, -0.064621, -0.497972, -0.125006, -0.061338, -0.997853, 0.02297, -0.002831, -0.498387, 0.010681, -0.866889, -1.2e-05, 0.0, 0.0, 0.0, 1.0],
                [0.763743, -0.370117, -0.528875, -0.125006, -0.056343, -0.854396, 0.516558, -0.002831, -0.643056, -0.364719, -0.673393, -1.2e-05, 0.0, 0.0, 0.0, 1.0],
                [0.763743, -0.370117, -0.528875, -0.125006, -0.056343, -0.854396, 0.516558, -0.002831, -0.643056, -0.364719, -0.673393, -1.2e-05, 0.0, 0.0, 0.0, 1.0],
                [0.763743, -0.370117, -0.528875, -0.125006, -0.056343, -0.854396, 0.516558, -0.002831, -0.643056, -0.364719, -0.673393, -1.2e-05, 0.0, 0.0, 0.0, 1.0],
                [0.763743, -0.370117, -0.528875, -0.125006, -0.056343, -0.854396, 0.516558, -0.002831, -0.643056, -0.364719, -0.673393, -1.2e-05, 0.0, 0.0, 0.0, 1.0],
                [0.763743, -0.370117, -0.528875, -0.125006, -0.056343, -0.854396, 0.516558, -0.002831, -0.643056, -0.364719, -0.673393, -1.2e-05, 0.0, 0.0, 0.0, 1.0],
                [0.962273, -0.169486, 0.212845, -0.125006, -0.117366, -0.964328, -0.237268, -0.002831, 0.245466, 0.203337, -0.94784, -1.2e-05, 0.0, 0.0, 0.0, 1.0],
                [0.969316, -0.114379, 0.217586, -0.125006, -0.087736, -0.987831, -0.128423, -0.002831, 0.229627, 0.105393, -0.967555, -1.2e-05, 0.0, 0.0, 0.0, 1.0],
                [0.728173, -0.354057, 0.586861, -0.125006, 0.002215, -0.855021, -0.518588, -0.002831, 0.685389, 0.378923, -0.621819, -1.2e-05, 0.0, 0.0, 0.0, 1.0],
                [0.864782, -0.064621, -0.497972, -0.125006, -0.061338, -0.997853, 0.02297, -0.002831, -0.498387, 0.010681, -0.866889, -1.2e-05, 0.0, 0.0, 0.0, 1.0]
            ]
        },
        {
            "name": "Leg_L",
            "time": [0.0, 0.2833, 0.3167, 0.4667, 0.8, 1.2833, 1.6, 2.1167, 2.3, 2.9667],
            "transform": [
                [1.0, -0.0, 1e-06, 0.0, 0.0, 0.999353, 0.035947, 0.37472, -1e-06, -0.035947, 0.999354, -0.0, 0.0, 0.0, 0.0, 1.0],
                [1.0, -1e-06, 1e-06, -0.0, 0.0, 0.839231, 0.543775, 0.37472, -1e-06, -0.543774, 0.839232, 0.0, 0.0, 0.0, 0.0, 1.0],
                [1.0, -1e-06, 1e-06, -0.0, 0.0, 0.839231, 0.543775, 0.37472, -1e-06, -0.543774, 0.839232, 0.0, 0.0, 0.0, 0.0, 1.0],
                [1.0, -1e-06, 1e-06, -0.0, 0.0, 0.839231, 0.543775, 0.37472, -1e-06, -0.543774, 0.839232, 0.0, 0.0, 0.0, 0.0, 1.0],
                [1.0, -1e-06, 1e-06, -0.0, 0.0, 0.839231, 0.543775, 0.37472, -1e-06, -0.543774, 0.839232, 0.0, 0.0, 0.0, 0.0, 1.0],
                [1.0, -1e-06, 1e-06, -0.0, 0.0, 0.839231, 0.543775, 0.37472, -1e-06, -0.543774, 0.839232, 0.0, 0.0, 0.0, 0.0, 1.0],
                [1.0, -1e-06, 1e-06, 0.0, 0.0, 0.839231, 0.543775, 0.37472, -1e-06, -0.543774, 0.839232, -0.0, 0.0, 0.0, 0.0, 1.0],
                [1.0, -1e-06, 1e-06, 0.0, 0.0, 0.839231, 0.543775, 0.37472, -1e-06, -0.543774, 0.839232, -0.0, 0.0, 0.0, 0.0, 1.0],
                [1.0, -1e-06, 1e-06, 0.0, 0.0, 0.839231, 0.543775, 0.37472, -1e-06, -0.543774, 0.839232, -0.0, 0.0, 0.0, 0.0, 1.0],
                [1.0, -0.0, 1e-06, 0.0, 0.0, 0.999353, 0.035947, 0.37472, -1e-06, -0.035947, 0.999354, -0.0, 0.0, 0.0, 0.0, 1.0]
            ]
        },
        {
            "name": "Knee_L",
            "time": [0.0, 0.2833, 0.3167, 0.4667, 0.8, 1.2833, 1.6, 2.1167, 2.3, 2.9667],
            "transform": [
                [1.0, 0.0, -0.0, 0.0, -0.0, 1e-06, -1.0, 0.37472, -0.0, 1.0, 1e-06, -0.0, 0.0, 0.0, 0.0, 1.0],
                [1.0, 0.0, -0.0, -0.0, -0.0, 1e-06, -1.0, 0.37472, -0.0, 1.0, 1e-06, 0.0, 0.0, 0.0, 0.0, 1.0],
                [1.0, 0.0, -0.0, -0.0, -0.0, 1e-06, -1.0, 0.37472, -0.0, 1.0, 1e-06, 0.0, 0.0, 0.0, 0.0, 1.0],
                [1.0, 0.0, -0.0, -0.0, -0.0, 1e-06, -1.0, 0.37472, -0.0, 1.0, 1e-06, 0.0, 0.0, 0.0, 0.0, 1.0],
                [1.0, 0.0, -0.0, -0.0, -0.0, 1e-06, -1.0, 0.37472, -0.0, 1.0, 1e-06, 0.0, 0.0, 0.0, 0.0, 1.0],
                [1.0, 0.0, -0.0, -0.0, -0.0, 1e-06, -1.0, 0.37472, -0.0, 1.0, 1e-06, 0.0, 0.0, 0.0, 0.0, 1.0],
                [1.0, 0.0, -0.0, 0.0, -0.0, 1e-06, -1.0, 0.37472, -0.0, 1.0, 1e-06, -0.0, 0.0, 0.0, 0.0, 1.0],
                [1.0, 0.0, -0.0, 0.0, -0.0, 1e-06, -1.0, 0.37472, -0.0, 1.0, 1e-06, -0.0, 0.0, 0.0, 0.0, 1.0],
                [1.0, 0.0, -0.0, 0.0, -0.0, 1e-06, -1.0, 0.37472, -0.0, 1.0, 1e-06, -0.0, 0.0, 0.0, 0.0, 1.0],
                [1.0, 0.0, -0.0, 0.0, -0.0, 1e-06, -1.0, 0.37472, -0.0, 1.0, 1e-06, -0.0, 0.0, 0.0, 0.0, 1.0]
            ]
        },
        {
            "name": "Torso",
            "time": [0.0, 0.2833, 0.3167, 0.4667, 0.8, 1.2833, 1.6, 2.1167, 2.3, 2.9667],
            "transform": [
                [0.996265, -0.020971, 0.083766, -0.0, 0.019316, 0.999603, 0.020528, 0.05, -0.084163, -0.018833, 0.996274, 0.0, 0.0, 0.0, 0.0, 1.0],
                [0.996265, -0.020971, 0.083766, 0.0, 0.019316, 0.999603, 0.020528, 0.05, -0.084163, -0.018833, 0.996274, 0.0, 0.0, 0.0, 0.0, 1.0],
                [0.996265, -0.020971, 0.083766, 0.0, 0.019316, 0.999603, 0.020528, 0.05, -0.084163, -0.018833, 0.996274, 0.0, 0.0, 0.0, 0.0, 1.0],
                [0.996265, -0.020971, 0.083766, 0.0, 0.019316, 0.999603, 0.020528, 0.05, -0.084163, -0.018833, 0.996274, 0.0, 0.0, 0.0, 0.0, 1.0],
                [0.996265, -0.020971, 0.083766, 0.0, 0.019316, 0.999603, 0.020528, 0.05, -0.084163, -0.018833, 0.996274, 0.0, 0.0, 0.0, 0.0, 1.0],
                [0.996265, -0.020971, 0.083766, 0.0, 0.019316, 0.999603, 0.020528, 0.05, -0.084163, -0.018833, 0.996274, 0.0, 0.0, 0.0, 0.0, 1.0],
                [0.996265, -0.020971, 0.083766, -0.0, 0.019316, 0.999603, 0.020528, 0.05, -0.084163, -0.018833, 0.996274, -0.0, 0.0, 0.0, 0.0, 1.0],
                [0.996265, -0.020971, 0.083766, 0.0, 0.019316, 0.999603, 0.020528, 0.05, -0.084163, -0.018833, 0.996274, -0.0, 0.0, 0.0, 0.0, 1.0],
                [0.996265, -0.020971, 0.083766, 0.0, 0.019316, 0.999603, 0.020528, 0.05, -0.084163, -0.018833, 0.996274, 0.0, 0.0, 0.0, 0.0, 1.0],
                [0.996265, -0.020971, 0.083766, -0.0, 0.019316, 0.999603, 0.020528, 0.05, -0.084163, -0.018833, 0.996274, 0.0, 0.0, 0.0, 0.0, 1.0]
            ]
        },
        {
            "name": "Chest",
            "time": [0.0, 0.2833, 0.3167, 0.4667, 0.8, 1.2833, 1.6, 2.1167, 2.3, 2.9667],
            "transform": [
                [0.999771, -0.021411, -0.000206, 0.0, 0.021411, 0.999586, 0.019225, 0.3, -0.000206, -0.019225, 0.999815, 0.0, 0.0, 0.0, 0.0, 1.0],
                [0.990911, -0.021411, -0.132804, -0.0, 0.023772, 0.999586, 0.016215, 0.3, 0.132402, -0.019225, 0.99101, 0.0, 0.0, 0.0, 0.0, 1.0],
                [0.999771, -0.021411, -0.000206, -0.0, 0.021411, 0.999586, 0.019225, 0.3, -0.000206, -0.019225, 0.999815, 0.0, 0.0, 0.0, 0.0, 1.0],
                [0.976065, -0.216736, -0.017957, -0.0, 0.217054, 0.965673, 0.142697, 0.3, -0.013587, -0.143179, 0.989604, 0.0, 0.0, 0.0, 0.0, 1.0],
                [0.999771, -0.021411, -0.000206, -0.0, 0.021411, 0.999586, 0.019225, 0.3, -0.000206, -0.019225, 0.999815, 0.0, 0.0, 0.0, 0.0, 1.0],
                [0.999771, -0.021411, -0.000206, -0.0, 0.021411, 0.999586, 0.019225, 0.3, -0.000206, -0.019225, 0.999815, 0.0, 0.0, 0.0, 0.0, 1.0],
                [0.798985, -0.131773, 0.586736, 0.0, -0.01495, 0.971041, 0.238442, 0.3, -0.601165, -0.199284, 0.773877, -0.0, 0.0, 0.0, 0.0, 1.0],
                [0.755147, -0.021411, 0.655206, 0.0, 0.003568, 0.999586, 0.028554, 0.3, -0.655546, -0.019225, 0.754911, -0.0, 0.0, 0.0, 0.0, 1.0],
                [0.717489, -0.166634, 0.676345, 0.0, 0.249802, 0.967933, -0.026524, 0.3, -0.650238, 0.187983, 0.736107, -0.0, 0.0, 0.0, 0.0, 1.0],
                [0.999771, -0.021411, -0.000206, 0.0, 0.021411, 0.999586, 0.019225, 0.3, -0.000206, -0.019225, 0.999815, -0.0, 0.0, 0.0, 0.0, 1.0]
            ]
        },
        {
            "name": "Head",
            "time": [0.0, 0.2833, 0.3167, 0.4667, 0.8, 1.1333, 1.2833, 1.6, 2.1167, 2.3, 2.9667],
            "transform": [
                [0.85311, 0.037721, 0.520365, -0.0, -0.006297, 0.998055, -0.062025, 0.4, -0.521693, 0.049637, 0.851688, -0.0, 0.0, 0.0, 0.0, 1.0],
                [0.676614, 0.166686, 0.717223, -0.0, -0.176676, 0.982338, -0.061628, 0.4, -0.714828, -0.085018, 0.694113, 0.0, 0.0, 0.0, 0.0, 1.0],
                [0.676614, 0.166686, 0.717223, 0.0, -0.176676, 0.982338, -0.061628, 0.4, -0.714828, -0.085018, 0.694113, -0.0, 0.0, 0.0, 0.0, 1.0],
                [0.676614, 0.166686, 0.717223, -0.0, -0.176676, 0.982338, -0.061628, 0.4, -0.714828, -0.085018, 0.694113, -0.0, 0.0, 0.0, 0.0, 1.0],
                [0.676614, 0.166686, 0.717223, 0.0, -0.176676, 0.982338, -0.061628, 0.4, -0.714828, -0.085018, 0.694113, -0.0, 0.0, 0.0, 0.0, 1.0],
                [0.645075, 0.26357, 0.717223, 0.0, -0.318034, 0.946074, -0.061628, 0.4, -0.69479, -0.188347, 0.694113, -0.0, 0.0, 0.0, 0.0, 1.0],
                [0.645075, 0.26357, 0.717223, 0.0, -0.318034, 0.946074, -0.061628, 0.4, -0.69479, -0.188347, 0.694113, -0.0, 0.0, 0.0, 0.0, 1.0],
                [0.958758, 0.154382, 0.238641, 0.0, -0.128928, 0.984498, -0.118915, 0.4, -0.2533, 0.083243, 0.9638, -0.0, 0.0, 0.0, 0.0, 1.0],
                [0.942754, 0.140111, 0.302628, 0.0, -0.04629, 0.953655, -0.29732, 0.4, -0.33026, 0.266291, 0.905548, 0.0, 0.0, 0.0, 0.0, 1.0],
                [0.942754, 0.140111, 0.302628, -0.0, -0.04629, 0.953655, -0.29732, 0.4, -0.33026, 0.266291, 0.905548, -0.0, 0.0, 0.0, 0.0, 1.0],
                [0.85311, 0.037721, 0.520365, -0.0, -0.006297, 0.998055, -0.062025, 0.4, -0.521693, 0.049637, 0.851688, 0.0, 0.0, 0.0, 0.0, 1.0]
            ]
        },
        {
            "name": "Shoulder_R",
            "time": [0.0, 0.2833, 0.3167, 0.4667, 0.8, 1.2833, 1.6, 2.1167, 2.3, 2.9667],
            "transform": [
                [0.0, 0.952114, 0.305743, -0.0, 0.0, -0.305743, 0.952114, 0.4, 1.0, 0.0, -0.0, -0.0, 0.0, 0.0, 0.0, 1.0],
                [0.149609, 0.940286, 0.305743, -0.0, -0.048042, -0.301945, 0.952114, 0.4, 0.987577, -0.157133, -0.0, 0.0, 0.0, 0.0, 0.0, 1.0],
                [0.149609, 0.940286, 0.305743, 0.0, -0.048042, -0.301945, 0.952114, 0.4, 0.987577, -0.157133, -0.0, -0.0, 0.0, 0.0, 0.0, 1.0],
                [0.12516, 0.981343, 0.14595, -0.0, -0.119362, -0.131144, 0.984151, 0.4, 0.98493, -0.140597, 0.100721, -0.0, 0.0, 0.0, 0.0, 1.0],
                [0.149609, 0.940286, 0.305743, 0.0, -0.048042, -0.301945, 0.952114, 0.4, 0.987577, -0.157133, -0.0, -0.0, 0.0, 0.0, 0.0, 1.0],
                [0.149609, 0.940286, 0.305743, 0.0, -0.048042, -0.301945, 0.952114, 0.4, 0.987577, -0.157133, -0.0, -0.0, 0.0, 0.0, 0.0, 1.0],
                [-0.191874, 0.93258, 0.305743, 0.0, 0.061615, -0.29947, 0.952114, 0.4, 0.979483, 0.201524, -0.0, -0.0, 0.0, 0.0, 0.0, 1.0],
                [-0.191874, 0.93258, 0.305743, 0.0, 0.061615, -0.29947, 0.952114, 0.4, 0.979483, 0.201524, -0.0, 0.0, 0.0, 0.0, 0.0, 1.0],
                [-0.191874, 0.93258, 0.305743, -0.0, 0.061615, -0.29947, 0.952114, 0.4, 0.979483, 0.201524, -0.0, -0.0, 0.0, 0.0, 0.0, 1.0],
                [0.0, 0.952114, 0.305743, -0.0, 0.0, -0.305743, 0.952114, 0.4, 1.0, 0.0, -0.0, 0.0, 0.0, 0.0, 0.0, 1.0]
            ]
        },
        {
            "name": "Arm_R",
            "time": [0.0, 0.2833, 0.3167, 0.4667, 0.6, 0.7, 0.8, 1.2833, 1.6, 2.1167, 2.3, 2.9667],
            "transform": [
                [0.057449, -0.231993, -0.971019, 0.0, 0.928414, 0.370035, -0.03348, 0.39386, 0.367078, -0.899585, 0.236644, 0.0, 0.0, 0.0, 0.0, 1.0],
                [-0.718642, -0.665617, -0.201263, -0.0, 0.67941, -0.610416, -0.407178, 0.39386, 0.14817, -0.429356, 0.890898, -0.0, 0.0, 0.0, 0.0, 1.0],
                [-0.718642, -0.665617, -0.201263, -0.0, 0.67941, -0.610416, -0.407178, 0.393861, 0.14817, -0.429356, 0.890898, -0.0, 0.0, 0.0, 0.0, 1.0],
                [0.026345, -0.898796, 0.437573, 0.0, -0.096143, -0.437974, -0.893832, 0.393861, 0.995019, -0.018521, -0.097951, 0.0, 0.0, 0.0, 0.0, 1.0],
                [-0.027423, -0.993232, 0.112861, 0.0, -0.242521, -0.10292, -0.964672, 0.39386, 0.969758, -0.053825, -0.238058, -0.0, 0.0, 0.0, 0.0, 1.0],
                [-0.468053, -0.883338, -0.025299, 0.0, 0.386053, -0.178637, -0.905015, 0.39386, 0.794914, -0.433362, 0.424627, 0.0, 0.0, 0.0, 0.0, 1.0],
                [-0.718642, -0.665617, -0.201263, -0.0, 0.67941, -0.610416, -0.407178, 0.393861, 0.14817, -0.429356, 0.890898, -0.0, 0.0, 0.0, 0.0, 1.0],
                [-0.718642, -0.665617, -0.201263, -0.0, 0.67941, -0.610416, -0.407178, 0.393861, 0.14817, -0.429356, 0.890898, -0.0, 0.0, 0.0, 0.0, 1.0],
                [0.950605, -0.2996, 0.08118, -0.0, 0.3101, 0.928181, -0.205716, 0.393861, -0.013717, 0.220729, 0.975239, -0.0, 0.0, 0.0, 0.0, 1.0],
                [0.950605, -0.2996, 0.08118, 0.0, 0.3101, 0.92818, -0.205716, 0.39386, -0.013717, 0.220729, 0.975239, 0.0, 0.0, 0.0, 0.0, 1.0],
                [0.950605, -0.228852, 0.209707, 0.0, 0.3101, 0.730025, -0.609017, 0.39386, -0.013717, 0.643965, 0.764932, 0.0, 0.0, 0.0, 0.0, 1.0],
                [0.057449, -0.231993, -0.971019, -0.0, 0.928414, 0.370035, -0.03348, 0.39386, 0.367078, -0.899585, 0.236644, 0.0, 0.0, 0.0, 0.0, 1.0]
            ]
        },
        {
            "name": "Hand_R",
            "time": [0.0, 0.2833, 0.3167, 0.4667, 0.6, 0.8, 1.2833, 1.6, 2.1167, 2.3, 2.9667],
            "transform": [
                [1.0, -0.0, 0.0, -0.0, 0.0, 0.274677, -0.961537, 0.3, 0.0, 0.961536, 0.274677, -0.0, 0.0, 0.0, 0.0, 1.0],
                [1.0, -0.0, -0.0, 0.0, 0.0, 0.985256, -0.171088, 0.3, 0.0, 0.171088, 0.985256, 0.0, 0.0, 0.0, 0.0, 1.0],
                [1.0, -0.0, -0.0, -0.0, 0.0, 0.985256, -0.171088, 0.3, 0.0, 0.171088, 0.985256, -0.0, 0.0, 0.0, 0.0, 1.0],
                [1.0, -0.0, -0.0, -0.0, 0.0, 0.985256, -0.171088, 0.3, 0.0, 0.171088, 0.985256, 0.0, 0.0, 0.0, 0.0, 1.0],
                [1.0, -0.0, 0.0, 0.0, 0.0, 0.543623, -0.83933, 0.3, 0.0, 0.83933, 0.543623, -0.0, 0.0, 0.0, 0.0, 1.0],
                [1.0, -0.0, -0.0, -0.0, 0.0, 0.985256, -0.171088, 0.3, 0.0, 0.171088, 0.985256, -0.0, 0.0, 0.0, 0.0, 1.0],
                [1.0, -0.0, -0.0, -0.0, 0.0, 0.985256, -0.171088, 0.3, 0.0, 0.171088, 0.985256, -0.0, 0.0, 0.0, 0.0, 1.0],
                [1.0, -0.0, -0.0, -0.0, 0.0, 0.996217, 0.086899, 0.3, 0.0, -0.086899, 0.996217, 0.0, 0.0, 0.0, 0.0, 1.0],
                [1.0, -0.0, -0.0, 0.0, 0.0, 0.996217, 0.086899, 0.3, 0.0, -0.086899, 0.996217, 0.0, 0.0, 0.0, 0.0, 1.0],
                [1.0, -0.0, -0.0, -0.0, 0.0, 0.873483, -0.486856, 0.3, 0.0, 0.486855, 0.873483, 0.0, 0.0, 0.0, 0.0, 1.0],
                [1.0, -0.0, 0.0, 0.0, 0.0, 0.274677, -0.961537, 0.3, 0.0, 0.961536, 0.274677, 0.0, 0.0, 0.0, 0.0, 1.0]
            ]
        },
        {
            "name": "Tool_R",
            "time": [0.0, 0.1333, 0.2833, 0.3167, 0.4667, 0.6, 0.7333, 0.8, 1.2833, 1.4167, 1.5, 1.6, 2.1167, 2.3, 2.6, 2.9667],
            "transform": [
                [1.0, 0.0, -0.0, -0.003598, 0.0, 0.390346, 0.920668, 0.426086, 0.0, -0.920119, 0.390124, 0.090799, 0.0, 0.0, 0.0, 1.0],
                [0.868995, 0.49482, 1.7e-05, -0.005534, 0.493871, -0.867332, 0.061857, 0.235265, 0.03061, -0.053723, -0.997493, -0.044498, 0.0, 0.0, 0.0, 1.0],
                [0.998681, -0.051354, -1e-06, -0.005534, -0.051256, -0.996768, 0.061857, 0.235265, -0.003177, -0.06175, -0.997493, -0.044498, 0.0, 0.0, 0.0, 1.0],
                [0.998681, -0.051354, -1e-06, -0.005534, -0.051256, -0.996768, 0.061857, 0.235265, -0.003177, -0.06175, -0.997493, -0.044498, 0.0, 0.0, 0.0, 1.0],
                [-0.055029, 0.053221, -0.997065, -0.286948, 0.273361, -0.959623, -0.066309, 0.2783, -0.959765, -0.276055, 0.038236, 0.132562, 0.0, 0.0, 0.0, 1.0],
                [-0.060779, 0.021624, -0.997917, -0.216757, -0.22271, -0.974855, -0.00756, 0.275425, -0.972414, 0.221644, 0.064029, 0.089073, 0.0, 0.0, 0.0, 1.0],
                [0.933156, 0.171666, -0.315832, -0.043654, 0.188224, -0.98187, 0.022445, 0.243965, -0.30607, -0.080355, -0.947988, -0.020322, 0.0, 0.0, 0.0, 1.0],
                [0.998681, -0.051354, -1e-06, -0.005534, -0.051256, -0.996768, 0.061857, 0.235265, -0.003177, -0.06175, -0.997493, -0.044498, 0.0, 0.0, 0.0, 1.0],
                [0.998681, -0.051354, -1e-06, -0.005534, -0.051256, -0.996768, 0.061857, 0.235265, -0.003177, -0.06175, -0.997493, -0.044498, 0.0, 0.0, 0.0, 1.0],
                [0.998679, -0.000247, 0.05138, 0.075917, -0.051283, 0.057033, 0.997054, 0.470631, -0.003176, -0.997781, 0.056922, -0.38238, 0.0, 0.0, 0.0, 1.0],
                [0.998684, 0.034771, -0.0377, 0.043008, -0.051189, 0.630355, -0.774618, 0.220536, -0.003169, 0.775076, 0.630924, 0.578336, 0.0, 0.0, 0.0, 1.0],
                [0.998683, -0.051299, 0.000807, -0.005788, -0.051206, -0.995642, 0.077948, 0.245324, -0.003193, -0.077851, -0.996366, -0.075077, 0.0, 0.0, 0.0, 1.0],
                [0.998683, -0.051299, 0.000807, -0.005788, -0.051206, -0.995642, 0.077948, 0.245324, -0.003193, -0.077851, -0.996366, -0.075077, 0.0, 0.0, 0.0, 1.0],
                [0.998683, -0.051299, 0.000807, -0.005788, -0.051206, -0.995641, 0.077948, 0.245324, -0.003193, -0.077851, -0.996366, -0.075077, 0.0, 0.0, 0.0, 1.0],
                [0.998194, -0.036216, -0.047936, -0.036538, -0.038408, 0.228869, -0.972699, 0.326127, 0.04617, 0.97221, 0.22692, 0.68381, 0.0, 0.0, 0.0, 1.0],
                [1.0, 0.0, -0.0, -0.003598, 0.0, 0.390346, 0.920668, 0.426086, 0.0, -0.920119, 0.390124, 0.090799, 0.0, 0.0, 0.0, 1.0]
            ]
        },
        {
            "name": "Elbow_R",
            "time": [0.0, 0.2833, 0.3167, 0.4667, 0.8, 1.2833, 1.6, 2.1167, 2.3, 2.9667],
            "transform": [
                [-1.0, 0.0, -0.0, -0.0, 0.0, -0.0, -1.0, 0.398921, -0.0, -1.0, 0.0, -0.0, 0.0, 0.0, 0.0, 1.0],
                [-1.0, 0.0, -0.0, 0.007286, 0.0, -0.195913, -0.980621, 0.357723, -0.0, -0.980621, 0.195913, -0.007374, 0.0, 0.0, 0.0, 1.0],
                [-1.0, 0.0, -0.0, 0.007286, 0.0, -0.195913, -0.980621, 0.357723, -0.0, -0.980621, 0.195913, -0.007375, 0.0, 0.0, 0.0, 1.0],
                [-1.0, 0.0, -0.0, 0.007286, 0.0, -0.195913, -0.980621, 0.357723, -0.0, -0.980621, 0.195913, -0.007375, 0.0, 0.0, 0.0, 1.0],
                [-1.0, 0.0, -0.0, 0.007286, 0.0, -0.195913, -0.980621, 0.357723, -0.0, -0.980621, 0.195913, -0.007375, 0.0, 0.0, 0.0, 1.0],
                [-1.0, 0.0, -0.0, 0.007286, 0.0, -0.195913, -0.980621, 0.357723, -0.0, -0.980621, 0.195913, -0.007375, 0.0, 0.0, 0.0, 1.0],
                [-1.0, 0.0, -0.0, 0.007286, 0.0, -0.195913, -0.980621, 0.357723, -0.0, -0.980621, 0.195913, -0.007375, 0.0, 0.0, 0.0, 1.0],
                [-1.0, 0.0, -0.0, 0.007286, 0.0, -0.195913, -0.980621, 0.357723, -0.0, -0.980621, 0.195913, -0.007374, 0.0, 0.0, 0.0, 1.0],
                [-1.0, 0.0, -0.0, 0.007286, 0.0, -0.195913, -0.980621, 0.357723, -0.0, -0.980621, 0.195913, -0.007375, 0.0, 0.0, 0.0, 1.0],
                [-1.0, 0.0, -0.0, 0.0, 0.0, -0.0, -1.0, 0.398921, -0.0, -1.0, 0.0, 0.0, 0.0, 0.0, 0.0, 1.0]
            ]
        },
        {
            "name": "Shoulder_L",
            "time": [0.0, 0.2833, 0.3167, 0.4667, 0.8, 1.2833, 1.6, 2.1167, 2.3, 2.9667],
            "transform": [
                [0.0, -0.999908, 0.013597, -0.0, 0.0, 0.013597, 0.999908, 0.4, -1.0, -0.0, 0.0, -0.0, 0.0, 0.0, 0.0, 1.0],
                [0.37301, -0.927728, 0.013597, -0.0, -0.005072, 0.012616, 0.999907, 0.4, -0.927813, -0.373044, 0.0, 0.0, 0.0, 0.0, 0.0, 1.0],
                [0.37301, -0.927728, 0.013597, 0.0, -0.005072, 0.012616, 0.999907, 0.4, -0.927813, -0.373044, 0.0, -0.0, 0.0, 0.0, 0.0, 1.0],
                [0.37301, -0.927728, 0.013597, -0.0, -0.005072, 0.012616, 0.999907, 0.4, -0.927813, -0.373044, 0.0, -0.0, 0.0, 0.0, 0.0, 1.0],
                [0.37301, -0.927728, 0.013597, 0.0, -0.005072, 0.012616, 0.999907, 0.4, -0.927813, -0.373044, 0.0, -0.0, 0.0, 0.0, 0.0, 1.0],
                [0.37301, -0.927728, 0.013597, 0.0, -0.005072, 0.012616, 0.999907, 0.4, -0.927813, -0.373044, 0.0, -0.0, 0.0, 0.0, 0.0, 1.0],
                [0.37301, -0.870571, -0.320888, 0.0, -0.005072, -0.347757, 0.937571, 0.4, -0.927813, -0.348095, -0.134133, -0.0, 0.0, 0.0, 0.0, 1.0],
                [0.37301, -0.870571, -0.320888, 0.0, -0.005072, -0.347757, 0.937571, 0.4, -0.927814, -0.348096, -0.134133, 0.0, 0.0, 0.0, 0.0, 1.0],
                [0.37301, -0.870571, -0.320888, -0.0, -0.005072, -0.347757, 0.937571, 0.4, -0.927813, -0.348095, -0.134133, -0.0, 0.0, 0.0, 0.0, 1.0],
                [0.0, -0.999908, 0.013597, -0.0, 0.0, 0.013597, 0.999908, 0.4, -1.0, -0.0, 0.0, 0.0, 0.0, 0.0, 0.0, 1.0]
            ]
        },
        {
            "name": "Arm_L",
            "time": [0.0, 0.2833, 0.3167, 0.4667, 0.8, 1.2833, 1.6, 2.1167, 2.3, 2.9667],
            "transform": [
                [0.039073, 0.530007, 0.847093, 0.0, -0.862567, 0.445843, -0.239168, 0.39386, -0.504431, -0.721329, 0.474587, 0.0, 0.0, 0.0, 0.0, 1.0],
                [0.729966, 0.644704, 0.22695, 0.0, -0.68007, 0.718255, 0.147019, 0.39386, -0.068224, -0.26166, 0.962746, -0.0, 0.0, 0.0, 0.0, 1.0],
                [0.729966, 0.644704, 0.22695, 0.0, -0.68007, 0.718255, 0.147019, 0.39386, -0.068224, -0.26166, 0.962746, -0.0, 0.0, 0.0, 0.0, 1.0],
                [0.729966, 0.591704, 0.342104, 0.0, -0.68007, 0.678751, 0.277131, 0.39386, -0.068224, -0.434951, 0.897866, 0.0, 0.0, 0.0, 0.0, 1.0],
                [0.729966, 0.644704, 0.22695, 0.0, -0.68007, 0.718255, 0.147019, 0.39386, -0.068224, -0.26166, 0.962746, -0.0, 0.0, 0.0, 0.0, 1.0],
                [0.729966, 0.644704, 0.22695, 0.0, -0.68007, 0.718255, 0.147019, 0.39386, -0.068224, -0.26166, 0.962746, -0.0, 0.0, 0.0, 0.0, 1.0],
                [0.217328, 0.227485, 0.94922, 0.0, -0.087356, 0.973094, -0.213206, 0.39386, -0.972182, -0.036584, 0.231353, 0.0, 0.0, 0.0, 0.0, 1.0],
                [0.017779, 0.325393, 0.945412, -0.0, -0.35629, 0.885551, -0.29809, 0.39386, -0.934206, -0.331541, 0.131678, -0.0, 0.0, 0.0, 0.0, 1.0],
                [0.017779, 0.325393, 0.945412, 0.0, -0.35629, 0.885551, -0.29809, 0.39386, -0.934206, -0.331541, 0.131678, -0.0, 0.0, 0.0, 0.0, 1.0],
                [0.039073, 0.530007, 0.847093, 0.0, -0.862567, 0.445843, -0.239168, 0.39386, -0.504431, -0.721329, 0.474587, 0.0, 0.0, 0.0, 0.0, 1.0]
            ]
        },
        {
            "name": "Hand_L",
            "time": [0.0, 0.2833, 0.3167, 0.4667, 0.8, 1.2833, 1.6, 2.1167, 2.3, 2.9667],
            "transform": [
                [0.986933, 0.085167, 0.136786, -0.0, 0.158302, -0.354065, -0.921726, 0.3, -0.030069, 0.931335, -0.362921, 0.0, 0.0, 0.0, 0.0, 1.0],
                [0.995991, 0.086798, -0.021654, 0.0, -0.087545, 0.995498, -0.036321, 0.3, 0.018403, 0.038071, 0.999106, -0.0, 0.0, 0.0, 0.0, 1.0],
                [0.995991, 0.086798, -0.021654, 0.0, -0.087545, 0.995498, -0.036321, 0.3, 0.018403, 0.038071, 0.999106, -0.0, 0.0, 0.0, 0.0, 1.0],
                [0.995991, 0.074816, -0.049045, -0.0, -0.087545, 0.927934, -0.362319, 0.3, 0.018403, 0.36516, 0.930763, -0.0, 0.0, 0.0, 0.0, 1.0],
                [0.995991, 0.086798, -0.021654, 0.0, -0.087545, 0.995498, -0.036321, 0.3, 0.018403, 0.038071, 0.999106, -0.0, 0.0, 0.0, 0.0, 1.0],
                [0.995991, 0.086798, -0.021654, 0.0, -0.087545, 0.995498, -0.036321, 0.3, 0.018403, 0.038071, 0.999106, -0.0, 0.0, 0.0, 0.0, 1.0],
                [0.995991, 0.072781, -0.052017, 0.0, -0.087545, 0.912597, -0.399379, 0.3, 0.018403, 0.402331, 0.91531, 0.0, 0.0, 0.0, 0.0, 1.0],
                [0.995991, 0.072781, -0.052017, 0.0, -0.087545, 0.912597, -0.399378, 0.3, 0.018403, 0.402331, 0.91531, -0.0, 0.0, 0.0, 0.0, 1.0],
                [0.995991, 0.072781, -0.052017, 0.0, -0.087545, 0.912597, -0.399379, 0.3, 0.018403, 0.402331, 0.91531, 0.0, 0.0, 0.0, 0.0, 1.0],
                [0.986933, 0.085167, 0.136786, 0.0, 0.158302, -0.354065, -0.921726, 0.3, -0.030069, 0.931335, -0.362921, -0.0, 0.0, 0.0, 0.0, 1.0]
            ]
        },
        {
            "name": "Tool_L",
            "time": [0.0, 0.2833, 0.3167, 0.4667, 0.8, 1.2833, 1.6, 2.1167, 2.3, 2.9667],
            "transform": [
                [-0.03254, 0.990548, -0.133248, 0.085051, 0.99563, 0.043801, 0.082474, 0.256548, 0.08749, -0.129905, -0.987063, 0.239384, 0.0, 0.0, 0.0, 1.0],
                [-0.03254, 0.990548, -0.133248, 0.085051, 0.99563, 0.043801, 0.082474, 0.256548, 0.08749, -0.129905, -0.987063, 0.239384, 0.0, 0.0, 0.0, 1.0],
                [-0.03254, 0.990548, -0.133248, 0.085051, 0.99563, 0.043801, 0.082474, 0.256548, 0.08749, -0.129905, -0.987063, 0.239385, 0.0, 0.0, 0.0, 1.0],
                [-0.03254, 0.990548, -0.133248, 0.085051, 0.99563, 0.043801, 0.082474, 0.256548, 0.08749, -0.129905, -0.987063, 0.239384, 0.0, 0.0, 0.0, 1.0],
                [-0.03254, 0.990548, -0.133248, 0.085051, 0.99563, 0.043801, 0.082474, 0.256548, 0.08749, -0.129905, -0.987063, 0.239385, 0.0, 0.0, 0.0, 1.0],
                [-0.03254, 0.990548, -0.133248, 0.085051, 0.99563, 0.043801, 0.082474, 0.256548, 0.08749, -0.129905, -0.987063, 0.239385, 0.0, 0.0, 0.0, 1.0],
                [-0.03254, 0.990548, -0.133248, 0.085051, 0.99563, 0.043801, 0.082474, 0.256548, 0.08749, -0.129905, -0.987063, 0.239384, 0.0, 0.0, 0.0, 1.0],
                [-0.03254, 0.990548, -0.133248, 0.085051, 0.99563, 0.043801, 0.082474, 0.256548, 0.08749, -0.129905, -0.987063, 0.239384, 0.0, 0.0, 0.0, 1.0],
                [-0.03254, 0.990548, -0.133248, 0.085051, 0.99563, 0.043801, 0.082474, 0.256548, 0.08749, -0.129905, -0.987063, 0.239384, 0.0, 0.0, 0.0, 1.0],
                [-0.03254, 0.990548, -0.133248, 0.085051, 0.99563, 0.043801, 0.082474, 0.256548, 0.08749, -0.129905, -0.987063, 0.239384, 0.0, 0.0, 0.0, 1.0]
            ]
        },
        {
            "name": "Elbow_L",
            "time": [0.0, 0.2833, 0.3167, 0.4667, 0.8, 1.2833, 1.6, 2.1167, 2.3, 2.9667],
            "transform": [
                [-1.0, 0.0, 0.0, -0.0, 0.0, 0.575683, -0.817673, 0.402134, -0.0, -0.817673, -0.575683, -0.0, 0.0, 0.0, 0.0, 1.0],
                [-0.999992, -0.004091, -0.0, -0.001298, 0.000369, -0.090107, -0.995932, 0.295528, 0.004075, -0.995924, 0.090107, -0.005387, 0.0, 0.0, 0.0, 1.0],
                [-0.999992, -0.004091, 0.0, -0.001298, 0.000369, -0.090107, -0.995932, 0.295529, 0.004075, -0.995924, 0.090107, -0.005387, 0.0, 0.0, 0.0, 1.0],
                [-0.999992, -0.004091, -0.0, -0.001298, 0.000369, -0.090107, -0.995932, 0.295529, 0.004075, -0.995924, 0.090107, -0.005387, 0.0, 0.0, 0.0, 1.0],
                [-0.999992, -0.004091, 0.0, -0.001298, 0.000369, -0.090107, -0.995932, 0.295529, 0.004075, -0.995924, 0.090107, -0.005387, 0.0, 0.0, 0.0, 1.0],
                [-0.999992, -0.004091, 0.0, -0.001298, 0.000369, -0.090107, -0.995932, 0.295529, 0.004075, -0.995924, 0.090107, -0.005387, 0.0, 0.0, 0.0, 1.0],
                [-0.999992, -0.004091, -0.0, -0.001298, 0.000369, -0.090107, -0.995932, 0.295529, 0.004075, -0.995924, 0.090107, -0.005387, 0.0, 0.0, 0.0, 1.0],
                [-0.999992, -0.004091, 0.0, -0.001298, 0.000369, -0.090107, -0.995932, 0.295528, 0.004075, -0.995924, 0.090107, -0.005387, 0.0, 0.0, 0.0, 1.0],
                [-0.999992, -0.004091, 0.0, -0.001298, 0.000369, -0.090107, -0.995932, 0.295528, 0.004075, -0.995924, 0.090107, -0.005387, 0.0, 0.0, 0.0, 1.0],
                [-1.0, 0.0, 0.0, 0.0, 0.0, 0.575683, -0.817673, 0.402134, -0.0, -0.817673, -0.575683, -0.0, 0.0, 0.0, 0.0, 1.0]
            ]
        }
    ]
}