{
    
    "animation": [
        {
            "name": "Root",
            "time": [0.0, 0.2167, 0.3833, 0.6, 0.7667],
            "transform": [
                [0.999905, 0.0, -0.013802, 0.011167, -0.013802, 0.0, -0.999905, -0.05766, 0.0, 1.0, 0.0, 0.72408, 0.0, 0.0, 0.0, 1.0],
                [0.999905, 0.0, -0.013802, 0.018879, -0.013802, 0.0, -0.999905, -0.05766, 0.0, 1.0, 0.0, 0.596519, 0.0, 0.0, 0.0, 1.0],
                [0.999905, 0.0, -0.013802, 0.010583, -0.013802, 0.0, -0.999905, -0.056843, 0.0, 1.0, 0.0, 0.766201, 0.0, 0.0, 0.0, 1.0],
                [0.999905, 0.0, -0.013802, 0.010751, -0.013802, 0.0, -0.999905, -0.056843, 0.0, 1.0, 0.0, 0.557979, 0.0, 0.0, 0.0, 1.0],
                [0.999905, 0.0, -0.013802, 0.011167, -0.013802, 0.0, -0.999905, -0.05766, 0.0, 1.0, 0.0, 0.697212, 0.0, 0.0, 0.0, 1.0]
            ]
        },
        {
            "name": "Thigh_R",
            "time": [0.0, 0.05, 0.2167, 0.3833, 0.6, 0.7667],
            "transform": [
                [0.997165, 0.075095, -0.004619, 0.124994, 0.066224, -0.846913, 0.527588, -0.002831, 0.035707, -0.526398, -0.849488, -1.2e-05, 0.0, 0.0, 0.0, 1.0],
                [0.997805, 0.003169, -0.066136, 0.124994, 0.064624, -0.264101, 0.962328, -0.002831, -0.014417, -0.964488, -0.263727, -1.2e-05, 0.0, 0.0, 0.0, 1.0],
                [0.999935, 0.008084, -0.007947, 0.124994, 0.011031, -0.532319, 0.846471, -0.002831, 0.002612, -0.846503, -0.532376, -1.2e-05, 0.0, 0.0, 0.0, 1.0],
                [0.999935, 0.011327, -0.000464, 0.124994, 0.011031, -0.962787, 0.270028, -0.002831, 0.002612, -0.270015, -0.962853, -1.2e-05, 0.0, 0.0, 0.0, 1.0],
                [0.999935, 0.008095, 0.007936, 0.124994, 0.011031, -0.856134, -0.516632, -0.002831, 0.002612, 0.516686, -0.856171, -1.2e-05, 0.0, 0.0, 0.0, 1.0],
                [0.997165, 0.075095, -0.004619, 0.124994, 0.066224, -0.846913, 0.527588, -0.002831, 0.035707, -0.526398, -0.849488, -1.2e-05, 0.0, 0.0, 0.0, 1.0]
            ]
        },
        {
            "name": "Leg_R",
            "time": [0.0, 0.2167, 0.3833, 0.6, 0.7667],
            "transform": [
                [1.0, -2e-06, 0.0, 0.0, -0.0, -0.099591, 0.995028, 0.37472, -2e-06, -0.995029, -0.099591, 0.0, 0.0, 0.0, 0.0, 1.0],
                [1.0, -1e-06, 1e-06, -0.0, -0.0, 0.646597, 0.762832, 0.37472, -2e-06, -0.762833, 0.646596, -0.0, 0.0, 0.0, 0.0, 1.0],
                [1.0, -1e-06, 2e-06, 0.0, -0.0, 0.951289, 0.308303, 0.37472, -2e-06, -0.308304, 0.951287, 0.0, 0.0, 0.0, 0.0, 1.0],
                [1.0, -1e-06, 2e-06, 0.0, -0.0, 0.8669, 0.498483, 0.37472, -2e-06, -0.498484, 0.866898, 0.0, 0.0, 0.0, 0.0, 1.0],
                [1.0, -2e-06, 0.0, 0.0, -0.0, -0.099591, 0.995028, 0.37472, -2e-06, -0.995029, -0.099591, 0.0, 0.0, 0.0, 0.0, 1.0]
            ]
        },
        {
            "name": "Knee_R",
            "time": [0.0, 0.2167, 0.3833, 0.6, 0.7667],
            "transform": [
                [1.0, 0.0, -0.0, 0.0, -0.0, 0.625128, -0.780522, 0.39715, -0.0, 0.780522, 0.625128, 0.013926, 0.0, 0.0, 0.0, 1.0],
                [1.0, 0.0, -0.0, -0.0, -0.0, 0.625128, -0.780522, 0.37472, -0.0, 0.780522, 0.625128, -0.0, 0.0, 0.0, 0.0, 1.0],
                [1.0, 0.0, -0.0, 0.0, -0.0, 0.19217, -0.981362, 0.37472, -0.0, 0.981362, 0.19217, 0.0, 0.0, 0.0, 0.0, 1.0],
                [1.0, 0.0, -0.0, 0.0, -0.0, 0.19217, -0.981362, 0.37472, -0.0, 0.981362, 0.19217, 0.0, 0.0, 0.0, 0.0, 1.0],
                [1.0, 0.0, -0.0, 0.0, -0.0, 0.625128, -0.780522, 0.397151, -0.0, 0.780522, 0.625128, 0.013926, 0.0, 0.0, 0.0, 1.0]
            ]
        },
        {
            "name": "Thigh_L",
            "time": [0.0, 0.2167, 0.3833, 0.4333, 0.6, 0.7667],
            "transform": [
                [0.998616, -0.047593, -0.022346, -0.125006, -0.03338, -0.902257, 0.429905, -0.002831, -0.040622, -0.428564, -0.902597, -1.2e-05, 0.0, 0.0, 0.0, 1.0],
                [0.999497, -0.007789, -0.03073, -0.125006, -0.021215, -0.884618, -0.465833, -0.002831, -0.023557, 0.466252, -0.884338, -1.2e-05, 0.0, 0.0, 0.0, 1.0],
                [0.999497, -0.031121, -0.006041, -0.125006, -0.021215, -0.79823, 0.601979, -0.002831, -0.023557, -0.601548, -0.798489, -1.2e-05, 0.0, 0.0, 0.0, 1.0],
                [0.99951, -0.030695, 0.00608, -0.125006, -0.020803, -0.506663, 0.861893, -0.002831, -0.023375, -0.861597, -0.507054, -1.2e-05, 0.0, 0.0, 0.0, 1.0],
                [0.999497, -0.031011, 0.006586, -0.125006, -0.021215, -0.499929, 0.865806, -0.002831, -0.023557, -0.865511, -0.500336, -1.2e-05, 0.0, 0.0, 0.0, 1.0],
                [0.998616, -0.047593, -0.022346, -0.125006, -0.03338, -0.902257, 0.429905, -0.002831, -0.040622, -0.428564, -0.902597, -1.2e-05, 0.0, 0.0, 0.0, 1.0]
            ]
        },
        {
            "name": "Leg_L",
            "time": [0.0, 0.2167, 0.3833, 0.5, 0.6, 0.7667],
            "transform": [
                [1.0, -1e-06, 1e-06, 0.0, -0.0, 0.794192, 0.607666, 0.37472, -1e-06, -0.607666, 0.794193, 0.0, 0.0, 0.0, 0.0, 1.0],
                [1.0, -0.0, 1e-06, -0.0, -0.0, 0.794192, 0.607667, 0.37472, -1e-06, -0.607666, 0.794193, -0.0, 0.0, 0.0, 0.0, 1.0],
                [1.0, -1e-06, 0.0, 0.0, -0.0, 0.183819, 0.982961, 0.37472, -1e-06, -0.98296, 0.183819, 0.0, 0.0, 0.0, 0.0, 1.0],
                [1.0, -1e-06, 1e-06, 0.0, 0.0, 0.63507, 0.772455, 0.37472, -1e-06, -0.772454, 0.635071, -0.0, 0.0, 0.0, 0.0, 1.0],
                [1.0, -1e-06, 0.0, 0.0, -0.0, 0.467711, 0.883882, 0.37472, -1e-06, -0.883881, 0.467712, -0.0, 0.0, 0.0, 0.0, 1.0],
                [1.0, -1e-06, 1e-06, -0.0, -0.0, 0.794192, 0.607666, 0.37472, -1e-06, -0.607666, 0.794193, -0.0, 0.0, 0.0, 0.0, 1.0]
            ]
        },
        {
            "name": "Knee_L",
            "time": [0.0, 0.2167, 0.3833, 0.6, 0.7667],
            "transform": [
                [1.0, 0.0, -0.0, 0.0, -0.0, 0.601369, -0.798971, 0.37472, -0.0, 0.798971, 0.601369, 0.0, 0.0, 0.0, 0.0, 1.0],
                [1.0, 0.0, -0.0, -0.0, -0.0, 0.601369, -0.798971, 0.37472, -0.0, 0.798971, 0.601369, -0.0, 0.0, 0.0, 0.0, 1.0],
                [1.0, 0.0, -0.0, 0.0, -0.0, 0.803262, -0.595625, 0.37472, -0.0, 0.595625, 0.803262, 0.0, 0.0, 0.0, 0.0, 1.0],
                [1.0, 0.0, -0.0, 0.0, -0.0, 0.402037, -0.915623, 0.37472, -0.0, 0.915623, 0.402037, -0.0, 0.0, 0.0, 0.0, 1.0],
                [1.0, 0.0, -0.0, -0.0, -0.0, 0.601369, -0.798971, 0.37472, -0.0, 0.798971, 0.601369, -0.0, 0.0, 0.0, 0.0, 1.0]
            ]
        },
        {
            "name": "Torso",
            "time": [0.0, 0.2167, 0.3833, 0.6, 0.7667],
            "transform": [
                [0.995403, -0.088197, 0.037336, -0.0, 0.060206, 0.879408, 0.472248, 0.05, -0.074485, -0.467829, 0.880675, 0.0, 0.0, 0.0, 0.0, 1.0],
                [0.995403, -0.084686, 0.044734, -0.0, 0.060206, 0.916532, 0.395405, 0.05, -0.074485, -0.390894, 0.917417, 0.0, 0.0, 0.0, 0.0, 1.0],
                [0.995403, -0.093868, 0.019017, -0.0, 0.060206, 0.767695, 0.637981, 0.05, -0.074485, -0.633903, 0.769818, 0.0, 0.0, 0.0, 0.0, 1.0],
                [0.995403, -0.084686, 0.044734, -0.0, 0.060206, 0.916532, 0.395405, 0.05, -0.074485, -0.390894, 0.917417, -0.0, 0.0, 0.0, 0.0, 1.0],
                [0.995403, -0.088197, 0.037336, -0.0, 0.060206, 0.879408, 0.472248, 0.05, -0.074485, -0.467829, 0.880675, 0.0, 0.0, 0.0, 0.0, 1.0]
            ]
        },
        {
            "name": "Chest",
            "time": [0.0, 0.2167, 0.3833, 0.6, 0.7667],
            "transform": [
                [0.99897, 0.035147, 0.028714, 0.0, -0.04463, 0.875697, 0.480794, 0.3, -0.008247, -0.48158, 0.876363, -0.0, 0.0, 0.0, 0.0, 1.0],
                [0.998969, 0.039553, 0.022256, 0.0, -0.04463, 0.945218, 0.323374, 0.3, -0.008247, -0.324034, 0.94601, -0.0, 0.0, 0.0, 0.0, 1.0],
                [0.998969, 0.038318, 0.024321, -0.0, -0.04463, 0.92675, 0.373018, 0.3, -0.008247, -0.373719, 0.927506, 0.0, 0.0, 0.0, 0.0, 1.0],
                [0.998969, 0.039553, 0.022256, -0.0, -0.04463, 0.945218, 0.323374, 0.3, -0.008247, -0.324034, 0.94601, -0.0, 0.0, 0.0, 0.0, 1.0],
                [0.99897, 0.035147, 0.028714, 0.0, -0.04463, 0.875697, 0.480794, 0.3, -0.008247, -0.48158, 0.876363, -0.0, 0.0, 0.0, 0.0, 1.0]
            ]
        },
        {
            "name": "Head",
            "time": [0.0, 0.2167, 0.3833, 0.6, 0.7667],
            "transform": [
                [0.999943, -0.009358, 0.005075, 0.0, 0.010644, 0.869982, -0.492968, 0.4, 0.000198, 0.492994, 0.870033, -0.0, 0.0, 0.0, 0.0, 1.0],
                [0.999943, -0.009358, 0.005075, -0.0, 0.010644, 0.869982, -0.492968, 0.4, 0.000198, 0.492994, 0.870033, 0.0, 0.0, 0.0, 0.0, 1.0],
                [0.999943, -0.009358, 0.005075, -0.0, 0.010644, 0.869982, -0.492968, 0.4, 0.000198, 0.492994, 0.870033, -0.0, 0.0, 0.0, 0.0, 1.0],
                [0.999943, -0.009358, 0.005075, -0.0, 0.010644, 0.869982, -0.492968, 0.4, 0.000198, 0.492994, 0.870033, 0.0, 0.0, 0.0, 0.0, 1.0],
                [0.999943, -0.009358, 0.005075, 0.0, 0.010644, 0.869982, -0.492968, 0.4, 0.000198, 0.492994, 0.870033, 0.0, 0.0, 0.0, 0.0, 1.0]
            ]
        },
        {
            "name": "Shoulder_R",
            "time": [0.0, 0.7667],
            "transform": [
                [-0.373632, 0.875739, 0.305743, 0.0, 0.119981, -0.281218, 0.952114, 0.4, 0.919784, 0.392424, -0.0, -0.0, 0.0, 0.0, 0.0, 1.0],
                [-0.373632, 0.875739, 0.305743, 0.0, 0.119981, -0.281218, 0.952114, 0.4, 0.919784, 0.392424, -0.0, 0.0, 0.0, 0.0, 0.0, 1.0]
            ]
        },
        {
            "name": "Arm_R",
            "time": [0.0, 0.7667],
            "transform": [
                [0.351963, -0.928417, 0.119011, 0.0, 0.631903, 0.329481, 0.701527, 0.393861, -0.690522, -0.171708, 0.702635, 0.0, 0.0, 0.0, 0.0, 1.0],
                [0.351963, -0.928417, 0.119011, -0.0, 0.631903, 0.329481, 0.701527, 0.393861, -0.690522, -0.171708, 0.702635, -0.0, 0.0, 0.0, 0.0, 1.0]
            ]
        },
        {
            "name": "Hand_R",
            "time": [0.0, 0.2167, 0.3833, 0.6, 0.7667],
            "transform": [
                [1.0, -0.0, 0.0, 0.0, 0.0, -0.224053, -0.974577, 0.3, 0.0, 0.974577, -0.224053, -0.0, 0.0, 0.0, 0.0, 1.0],
                [1.0, -0.0, 0.0, -0.0, 0.0, -0.224053, -0.974577, 0.3, 0.0, 0.974577, -0.224053, -0.0, 0.0, 0.0, 0.0, 1.0],
                [1.0, -0.0, 0.0, -0.0, 0.0, -0.224053, -0.974577, 0.3, 0.0, 0.974577, -0.224053, -0.0, 0.0, 0.0, 0.0, 1.0],
                [1.0, -0.0, 0.0, -0.0, 0.0, -0.224053, -0.974577, 0.3, 0.0, 0.974577, -0.224053, 0.0, 0.0, 0.0, 0.0, 1.0],
                [1.0, -0.0, 0.0, 0.0, 0.0, -0.224053, -0.974577, 0.3, 0.0, 0.974577, -0.224053, -0.0, 0.0, 0.0, 0.0, 1.0]
            ]
        },
        {
            "name": "Tool_R",
            "time": [0.0, 0.2167, 0.3833, 0.6, 0.7667],
            "transform": [
                [1.0, 0.0, -0.0, -0.003598, 0.0, -0.089921, 0.995949, 0.426086, 0.0, -0.99536, -0.089857, 0.090799, 0.0, 0.0, 0.0, 1.0],
                [1.0, 0.0, -0.0, -0.003598, 0.0, -0.089921, 0.995949, 0.426086, 0.0, -0.99536, -0.089857, 0.090799, 0.0, 0.0, 0.0, 1.0],
                [1.0, 0.0, 0.0, -0.003598, 0.0, -0.089921, 0.995949, 0.426086, 0.0, -0.99536, -0.089857, 0.090799, 0.0, 0.0, 0.0, 1.0],
                [1.0, 0.0, -0.0, -0.003598, 0.0, -0.089921, 0.995949, 0.426086, 0.0, -0.99536, -0.089857, 0.090799, 0.0, 0.0, 0.0, 1.0],
                [1.0, 0.0, -0.0, -0.003598, 0.0, -0.089921, 0.995949, 0.426086, 0.0, -0.99536, -0.089857, 0.090799, 0.0, 0.0, 0.0, 1.0]
            ]
        },
        {
            "name": "Elbow_R",
            "time": [0.0, 0.2167, 0.3833, 0.6, 0.7667],
            "transform": [
                [-1.0, 0.0, -0.0, 0.0, 0.0, -0.0, -1.0, 0.398921, -0.0, -1.0, 0.0, -0.0, 0.0, 0.0, 0.0, 1.0],
                [-1.0, 0.0, 0.0, -0.0, -0.0, -0.0, -1.0, 0.398921, -0.0, -1.0, 0.0, -0.0, 0.0, 0.0, 0.0, 1.0],
                [-1.0, 0.0, -0.0, 0.0, 0.0, -0.0, -1.0, 0.398921, -0.0, -1.0, 0.0, -0.0, 0.0, 0.0, 0.0, 1.0],
                [-1.0, 0.0, 0.0, 0.0, -0.0, -0.0, -1.0, 0.398921, -0.0, -1.0, 0.0, 0.0, 0.0, 0.0, 0.0, 1.0],
                [-1.0, 0.0, -0.0, 0.0, 0.0, -0.0, -1.0, 0.398921, -0.0, -1.0, 0.0, -0.0, 0.0, 0.0, 0.0, 1.0]
            ]
        },
        {
            "name": "Shoulder_L",
            "time": [0.0, 0.2167, 0.3833, 0.6, 0.7667],
            "transform": [
                [0.281897, -0.959348, 0.013597, 0.0, -0.003833, 0.013046, 0.999908, 0.4, -0.959437, -0.281923, 0.0, -0.0, 0.0, 0.0, 0.0, 1.0],
                [0.281897, -0.959348, 0.013597, -0.0, -0.003833, 0.013046, 0.999908, 0.4, -0.959437, -0.281923, 0.0, 0.0, 0.0, 0.0, 0.0, 1.0],
                [0.281897, -0.959348, 0.013597, -0.0, -0.003833, 0.013046, 0.999908, 0.4, -0.959437, -0.281923, 0.0, -0.0, 0.0, 0.0, 0.0, 1.0],
                [0.281897, -0.959348, 0.013597, -0.0, -0.003833, 0.013046, 0.999908, 0.4, -0.959437, -0.281923, 0.0, 0.0, 0.0, 0.0, 0.0, 1.0],
                [0.281897, -0.959348, 0.013597, 0.0, -0.003833, 0.013046, 0.999908, 0.4, -0.959437, -0.281923, 0.0, 0.0, 0.0, 0.0, 0.0, 1.0]
            ]
        },
        {
            "name": "Arm_L",
            "time": [0.0, 0.2167, 0.3833, 0.6, 0.7667],
            "transform": [
                [-0.086622, 0.985937, 0.142916, -0.0, -0.603533, 0.062201, -0.794908, 0.39386, -0.792619, -0.155111, 0.589657, 0.0, 0.0, 0.0, 0.0, 1.0],
                [-0.086622, 0.985937, 0.142916, 0.0, -0.603533, 0.062201, -0.794908, 0.39386, -0.792619, -0.155111, 0.589657, -0.0, 0.0, 0.0, 0.0, 1.0],
                [-0.086622, 0.985937, 0.142916, -0.0, -0.603533, 0.062201, -0.794908, 0.39386, -0.792619, -0.155111, 0.589657, 0.0, 0.0, 0.0, 0.0, 1.0],
                [-0.086622, 0.985937, 0.142916, -0.0, -0.603533, 0.062201, -0.794908, 0.39386, -0.792619, -0.155111, 0.589657, -0.0, 0.0, 0.0, 0.0, 1.0],
                [-0.086622, 0.985937, 0.142916, -0.0, -0.603533, 0.062201, -0.794908, 0.39386, -0.792619, -0.155111, 0.589657, 0.0, 0.0, 0.0, 0.0, 1.0]
            ]
        },
        {
            "name": "Hand_L",
            "time": [0.0, 0.2167, 0.3833, 0.6, 0.7667],
            "transform": [
                [0.986933, 0.051752, 0.152596, 0.0, 0.158302, -0.134683, -0.978162, 0.3, -0.030069, 0.989537, -0.141116, -0.0, 0.0, 0.0, 0.0, 1.0],
                [0.986933, 0.051752, 0.152596, 0.0, 0.158302, -0.134683, -0.978162, 0.3, -0.030069, 0.989536, -0.141116, -0.0, 0.0, 0.0, 0.0, 1.0],
                [0.986933, 0.051752, 0.152596, 0.0, 0.158302, -0.134683, -0.978162, 0.3, -0.030069, 0.989536, -0.141116, -0.0, 0.0, 0.0, 0.0, 1.0],
                [0.986933, 0.051752, 0.152596, -0.0, 0.158302, -0.134683, -0.978162, 0.3, -0.030069, 0.989536, -0.141116, -0.0, 0.0, 0.0, 0.0, 1.0],
                [0.986933, 0.051752, 0.152596, 0.0, 0.158302, -0.134683, -0.978162, 0.3, -0.030069, 0.989537, -0.141116, -0.0, 0.0, 0.0, 0.0, 1.0]
            ]
        },
        {
            "name": "Tool_L",
            "time": [0.0, 0.2167, 0.3833, 0.6, 0.7667],
            "transform": [
                [-0.03254, 0.990548, -0.133248, 0.085051, 0.99563, 0.043801, 0.082474, 0.256548, 0.08749, -0.129905, -0.987063, 0.239384, 0.0, 0.0, 0.0, 1.0],
                [-0.03254, 0.990548, -0.133248, 0.085051, 0.99563, 0.043801, 0.082474, 0.256548, 0.08749, -0.129905, -0.987063, 0.239384, 0.0, 0.0, 0.0, 1.0],
                [-0.03254, 0.990548, -0.133248, 0.085051, 0.99563, 0.043801, 0.082474, 0.256548, 0.08749, -0.129905, -0.987063, 0.239384, 0.0, 0.0, 0.0, 1.0],
                [-0.03254, 0.990548, -0.133248, 0.085051, 0.99563, 0.043801, 0.082474, 0.256548, 0.08749, -0.129905, -0.987063, 0.239384, 0.0, 0.0, 0.0, 1.0],
                [-0.03254, 0.990548, -0.133248, 0.085051, 0.99563, 0.043801, 0.082474, 0.256548, 0.08749, -0.129905, -0.987063, 0.239385, 0.0, 0.0, 0.0, 1.0]
            ]
        },
        {
            "name": "Elbow_L",
            "time": [0.0, 0.2167, 0.3833, 0.6, 0.7667],
            "transform": [
                [-1.0, 0.0, 0.0, 0.0, -0.0, 0.464815, -0.885408, 0.402134, -0.0, -0.885408, -0.464815, -0.0, 0.0, 0.0, 0.0, 1.0],
                [-1.0, 0.0, 0.0, 0.0, -0.0, 0.464815, -0.885408, 0.402134, -0.0, -0.885408, -0.464815, -0.0, 0.0, 0.0, 0.0, 1.0],
                [-1.0, 0.0, 0.0, 0.0, -0.0, 0.464815, -0.885408, 0.402134, -0.0, -0.885408, -0.464815, 0.0, 0.0, 0.0, 0.0, 1.0],
                [-1.0, 0.0, 0.0, -0.0, -0.0, 0.464815, -0.885408, 0.402134, -0.0, -0.885408, -0.464815, -0.0, 0.0, 0.0, 0.0, 1.0],
                [-1.0, 0.0, 0.0, 0.0, -0.0, 0.464815, -0.885408, 0.402134, -0.0, -0.885408, -0.464815, -0.0, 0.0, 0.0, 0.0, 1.0]
            ]
        }
    ]
}