{
    
    "animation": [
        {
            "name": "Root",
            "time": [0.0, 0.25, 0.5, 0.65, 0.95],
            "transform": [
                [0.989345, 0.120213, 0.082131, 0.014685, 0.062054, 0.162142, -0.984814, 0.068337, -0.131704, 0.979418, 0.152955, 0.575074, 0.0, 0.0, 0.0, 1.0],
                [0.614425, -0.040429, 0.787939, 0.014685, 0.777905, 0.197754, -0.596454, 0.872091, -0.131704, 0.979418, 0.152955, 0.711214, 0.0, 0.0, 0.0, 1.0],
                [0.614425, -0.040429, 0.787939, 0.014685, 0.777905, 0.197754, -0.596454, 0.872091, -0.131704, 0.979418, 0.152955, 0.711214, 0.0, 0.0, 0.0, 1.0],
                [0.67964, 0.0, -0.733546, -0.018139, -0.733546, 0.0, -0.67964, 1.013787, 0.0, 1.0, 0.0, 0.691122, 0.0, 0.0, 0.0, 1.0],
                [0.854689, 0.0, -0.51914, -5e-06, -0.51914, 0.0, -0.854689, 0.616796, 0.0, 1.0, 0.0, 0.755725, 0.0, 0.0, 0.0, 1.0]
            ]
        },
        {
            "name": "Thigh_R",
            "time": [0.0, 0.25, 0.5, 0.65, 0.95],
            "transform": [
                [0.918694, 0.035551, 0.393365, 0.124994, 0.251442, -0.820695, -0.513064, -0.002831, 0.304593, 0.570257, -0.762908, -1.2e-05, 0.0, 0.0, 0.0, 1.0],
                [0.746046, 0.354295, 0.563817, 0.124994, 0.072719, -0.884988, 0.459896, -0.002831, 0.661911, -0.302103, -0.686008, -1.2e-05, 0.0, 0.0, 0.0, 1.0],
                [0.746046, 0.354295, 0.563817, 0.124994, 0.072719, -0.884988, 0.459896, -0.002831, 0.661911, -0.302103, -0.686008, -1.2e-05, 0.0, 0.0, 0.0, 1.0],
                [0.892879, 0.226947, -0.388924, 0.124994, 0.048675, -0.907287, -0.417681, -0.002831, -0.447657, 0.354007, -0.821146, -1.2e-05, 0.0, 0.0, 0.0, 1.0],
                [0.999011, 0.005646, -0.044099, 0.124994, 0.009891, -0.99527, 0.096616, -0.002831, -0.043345, -0.096956, -0.994345, -1.2e-05, 0.0, 0.0, 0.0, 1.0]
            ]
        },
        {
            "name": "Leg_R",
            "time": [0.0, 0.5, 0.65, 0.95],
            "transform": [
                [1.0, -0.0, 2e-06, -0.0, -0.0, 0.992629, 0.121197, 0.37472, -2e-06, -0.121197, 0.992628, -0.0, 0.0, 0.0, 0.0, 1.0],
                [1.0, -0.0, 2e-06, 0.0, -0.0, 0.992629, 0.121197, 0.37472, -2e-06, -0.121197, 0.992628, 0.0, 0.0, 0.0, 0.0, 1.0],
                [1.0, 0.0, 2e-06, -0.0, -0.0, 0.997786, 0.066514, 0.37472, -2e-06, -0.066514, 0.997785, 0.0, 0.0, 0.0, 0.0, 1.0],
                [1.0, 0.0, 2e-06, -0.0, -0.0, 0.997786, 0.066514, 0.37472, -2e-06, -0.066514, 0.997785, 0.0, 0.0, 0.0, 0.0, 1.0]
            ]
        },
        {
            "name": "Knee_R",
            "time": [0.0, 0.5, 0.65, 0.95],
            "transform": [
                [1.0, 0.0, -0.0, -0.0, -0.0, 1e-06, -1.0, 0.37472, -0.0, 1.0, 1e-06, -0.0, 0.0, 0.0, 0.0, 1.0],
                [1.0, 0.0, -0.0, 0.0, -0.0, 1e-06, -1.0, 0.37472, -0.0, 1.0, 1e-06, 0.0, 0.0, 0.0, 0.0, 1.0],
                [1.0, 0.0, -0.0, -0.0, -0.0, 1e-06, -1.0, 0.37472, -0.0, 1.0, 1e-06, 0.0, 0.0, 0.0, 0.0, 1.0],
                [1.0, 0.0, -0.0, -0.0, -0.0, 1e-06, -1.0, 0.37472, -0.0, 1.0, 1e-06, 0.0, 0.0, 0.0, 0.0, 1.0]
            ]
        },
        {
            "name": "Thigh_L",
            "time": [0.0, 0.25, 0.5, 0.65, 0.95],
            "transform": [
                [0.972807, 0.224537, 0.056825, -0.125006, 0.062285, -0.489909, 0.869545, -0.002831, 0.223084, -0.842361, -0.490573, -1.2e-05, 0.0, 0.0, 0.0, 1.0],
                [0.802643, -0.172028, 0.571113, -0.125006, -0.14759, -0.985011, -0.089276, -0.002831, 0.57791, -0.012633, -0.816002, -1.2e-05, 0.0, 0.0, 0.0, 1.0],
                [0.802643, -0.172028, 0.571113, -0.125006, -0.14759, -0.985011, -0.089276, -0.002831, 0.57791, -0.012633, -0.816002, -1.2e-05, 0.0, 0.0, 0.0, 1.0],
                [0.663381, -0.466231, -0.585281, -0.125006, -0.050951, -0.808497, 0.586291, -0.002831, -0.746545, -0.359113, -0.560096, -1.2e-05, 0.0, 0.0, 0.0, 1.0],
                [0.864782, -0.064621, -0.497972, -0.125006, -0.061338, -0.997853, 0.02297, -0.002831, -0.498387, 0.010681, -0.866889, -1.2e-05, 0.0, 0.0, 0.0, 1.0]
            ]
        },
        {
            "name": "Leg_L",
            "time": [0.0, 0.25, 0.5, 0.65, 0.95],
            "transform": [
                [1.0, -1e-06, 1e-06, -0.0, 0.0, 0.933935, 0.357441, 0.37472, -1e-06, -0.357441, 0.933936, -0.0, 0.0, 0.0, 0.0, 1.0],
                [1.0, -0.0, 1e-06, 0.0, 0.0, 0.983943, 0.17848, 0.37472, -1e-06, -0.178479, 0.983944, 0.0, 0.0, 0.0, 0.0, 1.0],
                [1.0, -0.0, 1e-06, 0.0, 0.0, 0.983943, 0.17848, 0.37472, -1e-06, -0.178479, 0.983944, 0.0, 0.0, 0.0, 0.0, 1.0],
                [1.0, -1e-06, 1e-06, 0.0, 0.0, 0.944143, 0.329534, 0.37472, -1e-06, -0.329534, 0.944144, 0.0, 0.0, 0.0, 0.0, 1.0],
                [1.0, -0.0, 1e-06, -0.0, 0.0, 0.999353, 0.035947, 0.37472, -1e-06, -0.035947, 0.999354, -0.0, 0.0, 0.0, 0.0, 1.0]
            ]
        },
        {
            "name": "Knee_L",
            "time": [0.0, 0.5, 0.65, 0.95],
            "transform": [
                [1.0, 0.0, -0.0, -0.0, -0.0, 0.228278, -0.973596, 0.37472, -0.0, 0.973596, 0.228278, -0.0, 0.0, 0.0, 0.0, 1.0],
                [1.0, 0.0, -0.0, 0.0, -0.0, 0.228278, -0.973596, 0.37472, -0.0, 0.973596, 0.228278, 0.0, 0.0, 0.0, 0.0, 1.0],
                [1.0, 0.0, -0.0, 0.0, -0.0, 1e-06, -1.0, 0.37472, -0.0, 1.0, 1e-06, 0.0, 0.0, 0.0, 0.0, 1.0],
                [1.0, 0.0, -0.0, -0.0, -0.0, 1e-06, -1.0, 0.37472, -0.0, 1.0, 1e-06, -0.0, 0.0, 0.0, 0.0, 1.0]
            ]
        },
        {
            "name": "Torso",
            "time": [0.0, 0.25, 0.5, 0.65, 0.95],
            "transform": [
                [0.992237, -0.100908, 0.072687, 0.0, 0.083618, 0.973974, 0.210672, 0.05, -0.092054, -0.202959, 0.974851, -0.0, 0.0, 0.0, 0.0, 1.0],
                [0.992237, -0.07505, 0.099163, -0.0, 0.083618, 0.992843, -0.085269, 0.05, -0.092054, 0.092899, 0.991411, -0.0, 0.0, 0.0, 0.0, 1.0],
                [0.992237, -0.07505, 0.099163, -0.0, 0.083618, 0.992843, -0.085269, 0.05, -0.092054, 0.092899, 0.991411, -0.0, 0.0, 0.0, 0.0, 1.0],
                [0.996265, -0.020971, 0.083766, 0.0, 0.019316, 0.999603, 0.020528, 0.05, -0.084163, -0.018833, 0.996274, 0.0, 0.0, 0.0, 0.0, 1.0],
                [0.996265, -0.020971, 0.083766, -0.0, 0.019316, 0.999603, 0.020528, 0.05, -0.084163, -0.018833, 0.996274, 0.0, 0.0, 0.0, 0.0, 1.0]
            ]
        },
        {
            "name": "Chest",
            "time": [0.0, 0.0833, 0.25, 0.3, 0.35, 0.4, 0.45, 0.5, 0.65, 0.95],
            "transform": [
                [0.916105, -0.079183, 0.393042, -0.0, -0.004956, 0.977993, 0.208579, 0.3, -0.400909, -0.193028, 0.895552, -0.0, 0.0, 0.0, 0.0, 1.0],
                [0.994307, -0.030239, -0.10217, 0.0, 0.067101, 0.922564, 0.379965, 0.3, 0.082769, -0.384658, 0.919341, 0.0, 0.0, 0.0, 0.0, 1.0],
                [0.916105, -0.017403, 0.400561, -0.0, -0.004956, 0.99849, 0.054717, 0.3, -0.400909, -0.052111, 0.914635, -0.0, 0.0, 0.0, 0.0, 1.0],
                [0.914429, -0.058055, 0.400561, -0.0, 0.039375, 0.997725, 0.054717, 0.3, -0.402827, -0.034262, 0.914635, -0.0, 0.0, 0.0, 0.0, 1.0],
                [0.916105, -0.017403, 0.400561, -0.0, -0.004956, 0.99849, 0.054717, 0.3, -0.400909, -0.052111, 0.914635, -0.0, 0.0, 0.0, 0.0, 1.0],
                [0.914429, -0.058055, 0.400561, -0.0, 0.039375, 0.997725, 0.054717, 0.3, -0.402827, -0.034262, 0.914635, -0.0, 0.0, 0.0, 0.0, 1.0],
                [0.916105, -0.017403, 0.400561, -0.0, -0.004956, 0.99849, 0.054717, 0.3, -0.400909, -0.052111, 0.914635, -0.0, 0.0, 0.0, 0.0, 1.0],
                [0.914429, -0.058055, 0.400561, -0.0, 0.039375, 0.997725, 0.054717, 0.3, -0.402827, -0.034262, 0.914635, -0.0, 0.0, 0.0, 0.0, 1.0],
                [0.938789, -0.020682, -0.34387, -0.0, -0.067097, 0.968102, -0.241407, 0.3, 0.337894, 0.249703, 0.907456, -0.0, 0.0, 0.0, 0.0, 1.0],
                [0.999771, -0.021411, -0.000206, 0.0, 0.021411, 0.999586, 0.019225, 0.3, -0.000206, -0.019225, 0.999815, 0.0, 0.0, 0.0, 0.0, 1.0]
            ]
        },
        {
            "name": "Head",
            "time": [0.0, 0.25, 0.5, 0.65, 0.95],
            "transform": [
                [0.819866, -0.16838, -0.547236, 0.0, 0.128178, 0.985498, -0.111194, 0.4, 0.558023, 0.021021, 0.829559, 0.0, 0.0, 0.0, 0.0, 1.0],
                [0.219225, -0.091951, -0.971332, 0.0, 0.003809, 0.995622, -0.093391, 0.4, 0.975667, 0.016774, 0.218616, -0.0, 0.0, 0.0, 0.0, 1.0],
                [0.15288, 0.025623, -0.987913, 0.0, 0.005042, 0.999631, 0.026708, 0.4, 0.988232, -0.009064, 0.152694, -0.0, 0.0, 0.0, 0.0, 1.0],
                [0.749116, -0.149831, 0.645272, 0.0, 0.004632, 0.975246, 0.221073, 0.4, -0.662423, -0.16262, 0.731267, 0.0, 0.0, 0.0, 0.0, 1.0],
                [0.85311, 0.037721, 0.520365, -0.0, -0.006297, 0.998055, -0.062025, 0.4, -0.521693, 0.049637, 0.851688, -0.0, 0.0, 0.0, 0.0, 1.0]
            ]
        },
        {
            "name": "Shoulder_R",
            "time": [0.0, 0.25, 0.5, 0.65, 0.95],
            "transform": [
                [0.580284, 0.754845, 0.305743, 0.0, -0.186341, -0.242396, 0.952114, 0.4, 0.79281, -0.609469, -0.0, 0.0, 0.0, 0.0, 0.0, 1.0],
                [0.086043, 0.948218, 0.305743, 0.0, -0.02763, -0.304492, 0.952114, 0.4, 0.995908, -0.090371, -0.0, -0.0, 0.0, 0.0, 0.0, 1.0],
                [0.086043, 0.948218, 0.305743, 0.0, -0.02763, -0.304492, 0.952114, 0.4, 0.995908, -0.090371, -0.0, -0.0, 0.0, 0.0, 0.0, 1.0],
                [0.0, 0.952114, 0.305743, 0.0, 0.0, -0.305743, 0.952114, 0.4, 1.0, -0.0, -0.0, 0.0, 0.0, 0.0, 0.0, 1.0],
                [0.0, 0.952114, 0.305743, -0.0, 0.0, -0.305743, 0.952114, 0.4, 1.0, 0.0, -0.0, -0.0, 0.0, 0.0, 0.0, 1.0]
            ]
        },
        {
            "name": "Arm_R",
            "time": [0.0, 0.15, 0.25, 0.5, 0.65, 0.95],
            "transform": [
                [0.281772, -0.879621, 0.383238, -0.0, 0.596601, 0.473441, 0.648013, 0.393861, -0.751447, 0.046049, 0.658185, 0.0, 0.0, 0.0, 0.0, 1.0],
                [0.689859, -0.650287, -0.318153, 0.0, 0.669556, 0.740237, -0.061188, 0.39386, 0.275298, -0.170811, 0.946063, -0.0, 0.0, 0.0, 0.0, 1.0],
                [0.993011, -0.036471, -0.112244, -0.0, 0.029424, 0.997528, -0.063818, 0.393861, 0.114294, 0.060069, 0.991629, 0.0, 0.0, 0.0, 0.0, 1.0],
                [0.993011, -0.036471, -0.112244, -0.0, 0.029424, 0.997528, -0.063818, 0.39386, 0.114294, 0.060069, 0.991629, 0.0, 0.0, 0.0, 0.0, 1.0],
                [0.313314, 0.239134, -0.919048, -0.0, 0.495291, 0.784577, 0.372996, 0.39386, 0.81026, -0.572061, 0.127378, 0.0, 0.0, 0.0, 0.0, 1.0],
                [0.057449, -0.231993, -0.971019, 0.0, 0.928414, 0.370035, -0.03348, 0.39386, 0.367078, -0.899585, 0.236644, 0.0, 0.0, 0.0, 0.0, 1.0]
            ]
        },
        {
            "name": "Hand_R",
            "time": [0.0, 0.5, 0.65, 0.95],
            "transform": [
                [1.0, -0.0, 0.0, -0.0, 0.0, 0.970794, -0.239914, 0.3, 0.0, 0.239914, 0.970794, 0.0, 0.0, 0.0, 0.0, 1.0],
                [1.0, -0.0, 0.0, -0.0, 0.0, 0.970794, -0.239914, 0.3, 0.0, 0.239914, 0.970794, -0.0, 0.0, 0.0, 0.0, 1.0],
                [1.0, -0.0, 0.0, 0.0, 0.0, 0.274677, -0.961537, 0.3, 0.0, 0.961537, 0.274677, -0.0, 0.0, 0.0, 0.0, 1.0],
                [1.0, -0.0, 0.0, 0.0, 0.0, 0.274677, -0.961537, 0.3, 0.0, 0.961536, 0.274677, -0.0, 0.0, 0.0, 0.0, 1.0]
            ]
        },
        {
            "name": "Tool_R",
            "time": [0.0, 0.0333, 0.0667, 0.0833, 0.1, 0.1333, 0.1667, 0.1833, 0.2, 0.2333, 0.2667, 0.2833, 0.3, 0.3333, 0.3667, 0.3833, 0.4, 0.4333, 0.4667, 0.4833, 0.5, 0.5333, 0.5667, 0.5833, 0.65, 0.95],
            "transform": [
                [0.325426, -0.153279, 0.933061, 0.040934, 0.716716, 0.683642, -0.137666, 1.05692, -0.616405, 0.713125, 0.332134, 0.787467, 0.0, 0.0, 0.0, 1.0],
                [-0.105891, 0.577384, 0.809577, 0.544331, 0.362126, 0.780639, -0.50938, 0.555411, -0.925543, 0.239097, -0.291581, 0.175032, 0.0, 0.0, 0.0, 1.0],
                [-0.997003, -0.073228, -0.024967, -0.067129, 0.067366, -0.662963, -0.745615, -0.315146, 0.038026, -0.744629, 0.665506, -0.133163, 0.0, 0.0, 0.0, 1.0],
                [-0.99518, -0.045417, 0.086916, -0.019893, 0.072996, -0.934921, 0.347267, -0.148612, 0.06545, 0.35172, 0.93318, 0.673402, 0.0, 0.0, 0.0, 1.0],
                [-0.996997, 0.030539, 0.071169, 0.016152, 0.067483, -0.108291, 0.991826, 0.425675, 0.037974, 0.993061, 0.105853, 0.735839, 0.0, 0.0, 0.0, 1.0],
                [-0.99699, 0.041214, -0.065666, -0.01115, 0.067579, 0.877097, -0.475535, 0.688379, 0.037975, -0.478248, -0.876728, -0.447121, 0.0, 0.0, 0.0, 1.0],
                [-0.997003, -0.073228, -0.024967, -0.067129, 0.067366, -0.662963, -0.745615, -0.315146, 0.038026, -0.744628, 0.665506, -0.133163, 0.0, 0.0, 0.0, 1.0],
                [-0.99518, -0.045417, 0.086916, -0.019893, 0.072996, -0.934921, 0.347267, -0.148612, 0.06545, 0.35172, 0.93318, 0.673402, 0.0, 0.0, 0.0, 1.0],
                [-0.996997, 0.030539, 0.071169, 0.016152, 0.067483, -0.108291, 0.991826, 0.425676, 0.037974, 0.99306, 0.105853, 0.735839, 0.0, 0.0, 0.0, 1.0],
                [-0.99699, 0.041214, -0.065666, -0.01115, 0.067579, 0.877097, -0.475535, 0.688379, 0.037975, -0.478248, -0.876728, -0.447122, 0.0, 0.0, 0.0, 1.0],
                [-0.997003, -0.073228, -0.024967, -0.067129, 0.067366, -0.662963, -0.745615, -0.315146, 0.038026, -0.744629, 0.665506, -0.133163, 0.0, 0.0, 0.0, 1.0],
                [-0.99518, -0.045417, 0.086916, -0.019893, 0.072996, -0.934921, 0.347267, -0.148612, 0.06545, 0.35172, 0.93318, 0.673402, 0.0, 0.0, 0.0, 1.0],
                [-0.996997, 0.030539, 0.071169, 0.016152, 0.067483, -0.108291, 0.991826, 0.425675, 0.037974, 0.993061, 0.105853, 0.735839, 0.0, 0.0, 0.0, 1.0],
                [-0.99699, 0.041214, -0.065666, -0.01115, 0.067579, 0.877097, -0.475535, 0.688379, 0.037975, -0.478248, -0.876728, -0.447121, 0.0, 0.0, 0.0, 1.0],
                [-0.997003, -0.073228, -0.024967, -0.067129, 0.067366, -0.662962, -0.745615, -0.315146, 0.038026, -0.744629, 0.665506, -0.133163, 0.0, 0.0, 0.0, 1.0],
                [-0.99518, -0.045417, 0.086916, -0.019893, 0.072996, -0.934921, 0.347267, -0.148612, 0.06545, 0.35172, 0.93318, 0.673402, 0.0, 0.0, 0.0, 1.0],
                [-0.996997, 0.030539, 0.071169, 0.016152, 0.067483, -0.108291, 0.991826, 0.425675, 0.037974, 0.993061, 0.105853, 0.735839, 0.0, 0.0, 0.0, 1.0],
                [-0.99699, 0.041214, -0.065666, -0.01115, 0.067579, 0.877097, -0.475535, 0.688379, 0.037975, -0.478248, -0.876728, -0.447121, 0.0, 0.0, 0.0, 1.0],
                [-0.997003, -0.073228, -0.024967, -0.067129, 0.067366, -0.662962, -0.745615, -0.315146, 0.038026, -0.744629, 0.665506, -0.133163, 0.0, 0.0, 0.0, 1.0],
                [-0.99518, -0.045417, 0.086916, -0.019893, 0.072996, -0.934921, 0.347267, -0.148612, 0.06545, 0.35172, 0.933181, 0.673402, 0.0, 0.0, 0.0, 1.0],
                [-0.996997, 0.030539, 0.071169, 0.016152, 0.067483, -0.108291, 0.991826, 0.425675, 0.037974, 0.993061, 0.105853, 0.735839, 0.0, 0.0, 0.0, 1.0],
                [-0.99699, 0.041214, -0.065666, -0.01115, 0.067579, 0.877097, -0.475535, 0.688379, 0.037975, -0.478248, -0.876728, -0.447121, 0.0, 0.0, 0.0, 1.0],
                [-0.997003, -0.073228, -0.024967, -0.067129, 0.067366, -0.662963, -0.745615, -0.315146, 0.038026, -0.744628, 0.665506, -0.133163, 0.0, 0.0, 0.0, 1.0],
                [-0.99518, -0.045417, 0.086916, -0.019893, 0.072996, -0.934921, 0.347268, -0.148612, 0.06545, 0.35172, 0.933181, 0.673402, 0.0, 0.0, 0.0, 1.0],
                [1.0, 0.0, -0.0, -0.003598, 0.0, 0.390346, 0.920668, 0.426086, 0.0, -0.920119, 0.390125, 0.090799, 0.0, 0.0, 0.0, 1.0],
                [1.0, 0.0, -0.0, -0.003598, 0.0, 0.390346, 0.920668, 0.426086, 0.0, -0.920119, 0.390124, 0.090799, 0.0, 0.0, 0.0, 1.0]
            ]
        },
        {
            "name": "Elbow_R",
            "time": [0.0, 0.5, 0.65, 0.95],
            "transform": [
                [-1.0, 0.0, -0.0, 0.0, 0.0, -0.168172, -0.985758, 0.398921, -0.0, -0.985758, 0.168172, 0.0, 0.0, 0.0, 0.0, 1.0],
                [-1.0, 0.0, -0.0, -0.0, 0.0, -0.168172, -0.985758, 0.398921, -0.0, -0.985758, 0.168172, -0.0, 0.0, 0.0, 0.0, 1.0],
                [-1.0, 0.0, -0.0, 0.0, 0.0, -0.0, -1.0, 0.398921, -0.0, -1.0, 0.0, 0.0, 0.0, 0.0, 0.0, 1.0],
                [-1.0, 0.0, -0.0, -0.0, 0.0, -0.0, -1.0, 0.398921, -0.0, -1.0, 0.0, -0.0, 0.0, 0.0, 0.0, 1.0]
            ]
        },
        {
            "name": "Shoulder_L",
            "time": [0.0, 0.25, 0.5, 0.65, 0.95],
            "transform": [
                [0.866868, -0.498539, -0.000298, 0.0, 0.00753, 0.012496, 0.999894, 0.4, -0.498482, -0.866777, 0.014586, 0.0, 0.0, 0.0, 0.0, 1.0],
                [0.31278, -0.949825, -0.000298, 0.0, 0.013948, 0.00428, 0.999894, 0.4, -0.949723, -0.312751, 0.014586, -0.0, 0.0, 0.0, 0.0, 1.0],
                [0.31278, -0.949825, -0.000298, 0.0, 0.013948, 0.00428, 0.999893, 0.4, -0.949723, -0.312751, 0.014586, -0.0, 0.0, 0.0, 0.0, 1.0],
                [-0.122547, -0.9075, -0.401778, 0.0, -0.02151, -0.402305, 0.915253, 0.4, -0.99223, 0.120804, 0.029781, 0.0, 0.0, 0.0, 0.0, 1.0],
                [0.0, -0.999908, 0.013597, -0.0, 0.0, 0.013597, 0.999908, 0.4, -1.0, -0.0, 0.0, -0.0, 0.0, 0.0, 0.0, 1.0]
            ]
        },
        {
            "name": "Arm_L",
            "time": [0.0, 0.25, 0.5, 0.65, 0.95],
            "transform": [
                [0.07348, 0.864203, 0.497749, -0.0, -0.149367, 0.503006, -0.851278, 0.39386, -0.986048, -0.011795, 0.166044, 0.0, 0.0, 0.0, 0.0, 1.0],
                [0.994396, -0.044336, 0.095975, -0.0, -0.079731, 0.281644, 0.956201, 0.39386, -0.069424, -0.958494, 0.276531, -0.0, 0.0, 0.0, 0.0, 1.0],
                [0.994396, -0.044335, 0.095975, 0.0, -0.079731, 0.281644, 0.9562, 0.39386, -0.069424, -0.958494, 0.276531, 0.0, 0.0, 0.0, 0.0, 1.0],
                [0.039073, 0.530007, 0.847093, 0.0, -0.862567, 0.445843, -0.239168, 0.39386, -0.504431, -0.721329, 0.474587, -0.0, 0.0, 0.0, 0.0, 1.0],
                [0.039073, 0.530007, 0.847093, 0.0, -0.862567, 0.445843, -0.239168, 0.39386, -0.504431, -0.721329, 0.474587, 0.0, 0.0, 0.0, 0.0, 1.0]
            ]
        },
        {
            "name": "Hand_L",
            "time": [0.0, 0.5, 0.65, 0.95],
            "transform": [
                [0.99636, -0.011501, 0.084472, 0.0, 0.033509, 0.963941, -0.264, 0.3, -0.07839, 0.26587, 0.960817, 0.0, 0.0, 0.0, 0.0, 1.0],
                [0.99636, -0.011501, 0.084472, -0.0, 0.033509, 0.963941, -0.264, 0.3, -0.07839, 0.26587, 0.960817, 0.0, 0.0, 0.0, 0.0, 1.0],
                [0.986933, 0.085167, 0.136786, 0.0, 0.158302, -0.354065, -0.921726, 0.3, -0.030069, 0.931335, -0.362921, -0.0, 0.0, 0.0, 0.0, 1.0],
                [0.986933, 0.085167, 0.136786, 0.0, 0.158302, -0.354065, -0.921726, 0.3, -0.030069, 0.931335, -0.362921, 0.0, 0.0, 0.0, 0.0, 1.0]
            ]
        },
        {
            "name": "Tool_L",
            "time": [0.0, 0.5, 0.65, 0.95],
            "transform": [
                [-0.03254, 0.990548, -0.133248, 0.085051, 0.99563, 0.043801, 0.082474, 0.256548, 0.08749, -0.129905, -0.987063, 0.239384, 0.0, 0.0, 0.0, 1.0],
                [-0.03254, 0.990548, -0.133248, 0.085051, 0.99563, 0.043801, 0.082474, 0.256548, 0.08749, -0.129905, -0.987063, 0.239385, 0.0, 0.0, 0.0, 1.0],
                [-0.03254, 0.990548, -0.133248, 0.085051, 0.99563, 0.043801, 0.082474, 0.256548, 0.08749, -0.129905, -0.987063, 0.239384, 0.0, 0.0, 0.0, 1.0],
                [-0.03254, 0.990548, -0.133248, 0.085051, 0.99563, 0.043801, 0.082474, 0.256548, 0.08749, -0.129905, -0.987063, 0.239384, 0.0, 0.0, 0.0, 1.0]
            ]
        },
        {
            "name": "Elbow_L",
            "time": [0.0, 0.5, 0.65, 0.95],
            "transform": [
                [-0.996346, -0.021947, 0.082541, 0.002056, -0.082963, 0.019068, -0.99637, 0.31434, 0.020293, -0.999577, -0.02082, -0.003207, 0.0, 0.0, 0.0, 1.0],
                [-0.996346, -0.021947, 0.082541, 0.002056, -0.082963, 0.019068, -0.99637, 0.31434, 0.020293, -0.999577, -0.020819, -0.003207, 0.0, 0.0, 0.0, 1.0],
                [-1.0, 0.0, -0.0, 0.0, 0.0, 0.575683, -0.817673, 0.402134, -0.0, -0.817673, -0.575683, -0.0, 0.0, 0.0, 0.0, 1.0],
                [-1.0, 0.0, 0.0, 0.0, 0.0, 0.575683, -0.817673, 0.402134, -0.0, -0.817673, -0.575683, -0.0, 0.0, 0.0, 0.0, 1.0]
            ]
        }
    ]
}