{
    
    "animation": [
        {
            "name": "Root",
            "time": [0.0, 0.05, 0.35, 0.4833],
            "transform": [
                [0.81511, 0.011809, 0.579186, -0.027082, 0.56926, 0.169059, -0.804588, 0.058029, -0.107418, 0.985535, 0.131079, 0.575147, 0.0, 0.0, 0.0, 1.0],
                [0.81511, 0.011809, 0.579186, -0.027082, 0.56926, 0.169059, -0.804588, 0.058029, -0.107418, 0.985535, 0.131079, 0.575147, 0.0, 0.0, 0.0, 1.0],
                [0.96474, 0.205447, 0.164525, 0.045822, 0.239664, -0.427289, -0.871772, -5.485435, -0.108804, 0.880463, -0.461461, 0.796282, 0.0, 0.0, 0.0, 1.0],
                [0.959888, 0.214038, 0.181116, 0.045822, 0.239925, -0.292752, -0.925598, -5.485435, -0.145091, 0.931925, -0.332362, 0.796282, 0.0, 0.0, 0.0, 1.0]
            ]
        },
        {
            "name": "Thigh_R",
            "time": [0.0, 0.05, 0.0833, 0.35, 0.4833],
            "transform": [
                [0.805628, 0.552251, 0.214429, 0.124994, -0.007009, -0.353042, 0.935581, -0.002831, 0.592379, -0.755232, -0.280551, -1.2e-05, 0.0, 0.0, 0.0, 1.0],
                [0.805628, 0.571187, 0.157183, 0.124994, -0.007009, -0.256113, 0.966621, -0.002831, 0.592379, -0.779838, -0.202329, -1.2e-05, 0.0, 0.0, 0.0, 1.0],
                [0.955978, 0.293243, 0.010637, 0.124994, 0.043828, -0.178536, 0.982957, -0.002831, 0.290145, -0.939217, -0.18353, -1.2e-05, 0.0, 0.0, 0.0, 1.0],
                [0.797634, 0.281526, 0.533406, 0.124994, 0.233851, -0.959551, 0.156753, -0.002831, 0.555961, -0.000294, -0.831208, -1.2e-05, 0.0, 0.0, 0.0, 1.0],
                [0.798552, 0.257381, 0.544123, 0.124994, 0.269641, -0.961154, 0.058923, -0.002831, 0.538153, 0.099665, -0.836934, -1.2e-05, 0.0, 0.0, 0.0, 1.0]
            ]
        },
        {
            "name": "Leg_R",
            "time": [0.0, 0.05, 0.0833, 0.35, 0.4833],
            "transform": [
                [1.0, -2e-06, 1e-06, -0.0, -0.0, 0.208091, 0.978109, 0.37472, -2e-06, -0.97811, 0.20809, 0.0, 0.0, 0.0, 0.0, 1.0],
                [1.0, -2e-06, 1e-06, 0.0, -0.0, 0.208091, 0.978109, 0.37472, -2e-06, -0.97811, 0.20809, 0.0, 0.0, 0.0, 0.0, 1.0],
                [1.0, -0.0, 2e-06, 0.0, -0.0, 0.981699, 0.190441, 0.37472, -2e-06, -0.190441, 0.981698, -0.0, 0.0, 0.0, 0.0, 1.0],
                [1.0, 0.0, 2e-06, -0.0, -0.0, 0.965669, 0.259777, 0.37472, -2e-06, -0.259777, 0.965668, -0.0, 0.0, 0.0, 0.0, 1.0],
                [1.0, 0.0, 2e-06, 0.0, -0.0, 0.965669, 0.259777, 0.37472, -2e-06, -0.259777, 0.965668, -0.0, 0.0, 0.0, 0.0, 1.0]
            ]
        },
        {
            "name": "Knee_R",
            "time": [0.0, 0.05, 0.35, 0.4833],
            "transform": [
                [1.0, 0.0, -0.0, -0.0, -0.0, 0.432785, -0.901497, 0.37472, -0.0, 0.901497, 0.432785, 0.0, 0.0, 0.0, 0.0, 1.0],
                [1.0, 0.0, -0.0, 0.0, -0.0, 0.432785, -0.901497, 0.37472, -0.0, 0.901497, 0.432785, 0.0, 0.0, 0.0, 0.0, 1.0],
                [1.0, 0.0, -0.0, -0.0, -0.0, 0.132796, -0.991143, 0.37472, 0.0, 0.991143, 0.132796, -0.0, 0.0, 0.0, 0.0, 1.0],
                [1.0, 0.0, -0.0, 0.0, -0.0, 0.132797, -0.991143, 0.37472, 0.0, 0.991143, 0.132796, -0.0, 0.0, 0.0, 0.0, 1.0]
            ]
        },
        {
            "name": "Thigh_L",
            "time": [0.0, 0.05, 0.0833, 0.2833, 0.4833],
            "transform": [
                [0.882763, -0.195082, 0.427401, -0.125006, -0.060491, -0.94934, -0.308372, -0.002831, 0.465907, 0.246366, -0.849843, -1.2e-05, 0.0, 0.0, 0.0, 1.0],
                [0.882763, -0.195082, 0.427401, -0.125006, -0.060491, -0.94934, -0.308372, -0.002831, 0.465907, 0.246366, -0.849843, -1.2e-05, 0.0, 0.0, 0.0, 1.0],
                [0.984762, 0.171954, -0.025987, -0.125006, 0.013877, 0.071261, 0.997361, -0.002831, 0.173352, -0.982524, 0.067788, -1.2e-05, 0.0, 0.0, 0.0, 1.0],
                [0.980298, -0.133661, -0.145425, -0.125006, 0.098281, -0.308569, 0.94611, -0.002831, -0.171332, -0.941764, -0.289354, -1.1e-05, 0.0, 0.0, 0.0, 1.0],
                [0.996075, -0.087689, 0.012009, -0.125006, -0.079415, -0.825584, 0.558662, -0.002831, -0.039074, -0.557423, -0.829308, -1.2e-05, 0.0, 0.0, 0.0, 1.0]
            ]
        },
        {
            "name": "Leg_L",
            "time": [0.0, 0.05, 0.0833, 0.35, 0.4833],
            "transform": [
                [1.0, -1e-06, 1e-06, -0.0, -0.0, 0.721287, 0.692636, 0.37472, -1e-06, -0.692636, 0.721288, -0.0, 0.0, 0.0, 0.0, 1.0],
                [1.0, -1e-06, 1e-06, -0.0, -0.0, 0.721287, 0.692636, 0.37472, -1e-06, -0.692636, 0.721288, -0.0, 0.0, 0.0, 0.0, 1.0],
                [0.999999, 0.000505, -0.001407, -0.0, 0.001493, -0.383643, 0.923481, 0.37472, -7.4e-05, -0.923481, -0.383644, -0.0, 0.0, 0.0, 0.0, 1.0],
                [0.998379, -0.009258, -0.056153, 0.0, 0.043272, -0.517376, 0.854664, 0.37472, -0.036965, -0.855708, -0.516137, -0.0, 0.0, 0.0, 0.0, 1.0],
                [0.998379, -0.031238, -0.047572, 0.0, 0.043272, -0.126264, 0.991053, 0.374721, -0.036965, -0.991504, -0.124708, -0.0, 0.0, 0.0, 0.0, 1.0]
            ]
        },
        {
            "name": "Knee_L",
            "time": [0.0, 0.05, 0.35, 0.4833],
            "transform": [
                [1.0, 0.0, -0.0, -0.0, -0.0, 1e-06, -1.0, 0.37472, -0.0, 1.0, 1e-06, -0.0, 0.0, 0.0, 0.0, 1.0],
                [1.0, 0.0, -0.0, -0.0, -0.0, 1e-06, -1.0, 0.37472, -0.0, 1.0, 1e-06, -0.0, 0.0, 0.0, 0.0, 1.0],
                [1.0, 0.0, -0.0, 0.0, -0.0, 0.73683, -0.676078, 0.37472, -0.0, 0.676078, 0.73683, -0.0, 0.0, 0.0, 0.0, 1.0],
                [1.0, 0.0, -0.0, 0.0, -0.0, 0.73683, -0.676078, 0.374721, -0.0, 0.676078, 0.73683, -0.0, 0.0, 0.0, 0.0, 1.0]
            ]
        },
        {
            "name": "Torso",
            "time": [0.0, 0.05, 0.35, 0.4833],
            "transform": [
                [0.996265, -0.020971, 0.083766, -0.0, 0.019316, 0.999603, 0.020528, 0.05, -0.084163, -0.018833, 0.996274, 0.0, 0.0, 0.0, 0.0, 1.0],
                [0.996265, -0.020971, 0.083766, -0.0, 0.019316, 0.999603, 0.020528, 0.05, -0.084163, -0.018833, 0.996274, 0.0, 0.0, 0.0, 0.0, 1.0],
                [0.984852, -0.058394, 0.163269, -0.0, 0.009124, 0.957736, 0.287505, 0.050001, -0.173157, -0.28166, 0.943761, -0.0, 0.0, 0.0, 0.0, 1.0],
                [0.984852, -0.058394, 0.163269, 0.0, 0.009124, 0.957736, 0.287505, 0.05, -0.173157, -0.28166, 0.943761, -0.0, 0.0, 0.0, 0.0, 1.0]
            ]
        },
        {
            "name": "Chest",
            "time": [0.0, 0.05, 0.1833, 0.35, 0.4833],
            "transform": [
                [0.989524, 0.144331, 0.003244, 0.0, -0.141629, 0.966152, 0.215621, 0.3, 0.027987, -0.213821, 0.976472, 0.0, 0.0, 0.0, 0.0, 1.0],
                [0.989524, 0.144331, 0.003244, 0.0, -0.141629, 0.966152, 0.215621, 0.3, 0.027987, -0.213821, 0.976472, 0.0, 0.0, 0.0, 0.0, 1.0],
                [0.962506, 0.260222, -0.076589, 0.0, -0.130874, 0.692797, 0.709157, 0.3, 0.237599, -0.672545, 0.700878, 0.0, 0.0, 0.0, 0.0, 1.0],
                [0.941573, 0.288302, -0.174132, 0.0, -0.172183, 0.856368, 0.486813, 0.3, 0.28947, -0.428387, 0.855974, -1e-06, 0.0, 0.0, 0.0, 1.0],
                [0.92958, 0.328527, -0.167186, 0.0, -0.183545, 0.80584, 0.562969, 0.3, 0.319676, -0.492638, 0.809392, 1e-06, 0.0, 0.0, 0.0, 1.0]
            ]
        },
        {
            "name": "Head",
            "time": [0.0, 0.05, 0.1833, 0.35, 0.4833],
            "transform": [
                [0.842101, 0.037721, -0.537999, -0.0, -0.058491, 0.998055, -0.021576, 0.4, 0.536138, 0.049637, 0.84267, -0.0, 0.0, 0.0, 0.0, 1.0],
                [0.842101, 0.037721, -0.537999, -0.0, -0.058491, 0.998055, -0.021576, 0.4, 0.536138, 0.049637, 0.84267, -0.0, 0.0, 0.0, 0.0, 1.0],
                [0.980183, -0.176752, -0.089443, 0.0, 0.137064, 0.93112, -0.337977, 0.4, 0.14302, 0.31902, 0.936895, 0.0, 0.0, 0.0, 0.0, 1.0],
                [0.982935, -0.176092, -0.053208, 0.0, 0.170294, 0.980426, -0.098815, 0.4, 0.069567, 0.088068, 0.993682, 0.0, 0.0, 0.0, 0.0, 1.0],
                [0.982935, -0.176092, -0.053208, 0.0, 0.170294, 0.980426, -0.098815, 0.4, 0.069567, 0.088068, 0.993682, 0.0, 0.0, 0.0, 0.0, 1.0]
            ]
        },
        {
            "name": "Shoulder_R",
            "time": [0.0, 0.05, 0.35, 0.4833],
            "transform": [
                [-0.313936, 0.898869, 0.305743, -0.0, 0.100811, -0.288645, 0.952114, 0.4, 0.944077, 0.329725, -0.0, -0.0, 0.0, 0.0, 0.0, 1.0],
                [-0.313936, 0.898869, 0.305743, -0.0, 0.100811, -0.288645, 0.952114, 0.4, 0.944077, 0.329725, -0.0, -0.0, 0.0, 0.0, 0.0, 1.0],
                [-0.542991, 0.782101, 0.305743, 0.0, 0.174366, -0.251149, 0.952114, 0.4, 0.821436, 0.570301, -0.0, 0.0, 0.0, 0.0, 0.0, 1.0],
                [-0.542991, 0.782101, 0.305743, 0.0, 0.174366, -0.251149, 0.952114, 0.4, 0.821436, 0.570301, -0.0, 0.0, 0.0, 0.0, 0.0, 1.0]
            ]
        },
        {
            "name": "Arm_R",
            "time": [0.0, 0.05, 0.35, 0.4833],
            "transform": [
                [0.830479, -0.55699, -0.00814, 0.0, 0.467127, 0.688383, 0.554906, 0.39386, -0.303474, -0.464641, 0.831873, 0.0, 0.0, 0.0, 0.0, 1.0],
                [0.830479, -0.55699, -0.00814, 0.0, 0.467127, 0.688383, 0.554906, 0.39386, -0.303474, -0.464641, 0.831873, 0.0, 0.0, 0.0, 0.0, 1.0],
                [0.595801, -0.768439, 0.233501, 0.0, 0.391008, 0.531493, 0.751417, 0.39386, -0.701522, -0.356395, 0.61713, 0.0, 0.0, 0.0, 0.0, 1.0],
                [0.595801, -0.768439, 0.233501, 0.0, 0.391008, 0.531493, 0.751417, 0.39386, -0.701522, -0.356395, 0.61713, -0.0, 0.0, 0.0, 0.0, 1.0]
            ]
        },
        {
            "name": "Hand_R",
            "time": [0.0, 0.05, 0.35, 0.4833],
            "transform": [
                [1.0, -0.0, 0.0, 0.0, 0.0, -0.158504, -0.987358, 0.3, 0.0, 0.987358, -0.158504, 0.0, 0.0, 0.0, 0.0, 1.0],
                [1.0, -0.0, 0.0, 0.0, 0.0, -0.158504, -0.987358, 0.3, 0.0, 0.987358, -0.158504, 0.0, 0.0, 0.0, 0.0, 1.0],
                [1.0, -0.0, 0.0, -0.0, 0.0, -0.158504, -0.987359, 0.3, 0.0, 0.987358, -0.158504, -0.0, 0.0, 0.0, 0.0, 1.0],
                [1.0, -0.0, 0.0, -1e-06, 0.0, -0.158504, -0.987358, 0.3, 0.0, 0.987358, -0.158504, 0.0, 0.0, 0.0, 0.0, 1.0]
            ]
        },
        {
            "name": "Tool_R",
            "time": [0.0, 0.05, 0.35, 0.4833],
            "transform": [
                [1.0, 0.0, -0.0, -0.003598, 0.0, 0.123656, 0.992325, 0.426086, 0.0, -0.991737, 0.123594, 0.090799, 0.0, 0.0, 0.0, 1.0],
                [1.0, 0.0, -0.0, -0.003598, 0.0, 0.123656, 0.992325, 0.426086, 0.0, -0.991737, 0.123594, 0.090799, 0.0, 0.0, 0.0, 1.0],
                [1.0, 0.0, -0.0, -0.003598, 0.0, -0.005964, 0.999982, 0.426087, 0.0, -0.99939, -0.00595, 0.090799, 0.0, 0.0, 0.0, 1.0],
                [1.0, 0.0, -0.0, -0.003597, 0.0, -0.005964, 0.999982, 0.426087, 0.0, -0.99939, -0.00595, 0.090799, 0.0, 0.0, 0.0, 1.0]
            ]
        },
        {
            "name": "Elbow_R",
            "time": [0.0, 0.05, 0.35, 0.4833],
            "transform": [
                [-1.0, 0.0, -0.0, -0.0, 0.0, 0.0, -1.0, 0.398921, -0.0, -1.0, 0.0, 0.0, 0.0, 0.0, 0.0, 1.0],
                [-1.0, 0.0, -0.0, -0.0, 0.0, 0.0, -1.0, 0.398921, -0.0, -1.0, 0.0, 0.0, 0.0, 0.0, 0.0, 1.0],
                [-1.0, 0.0, -0.0, -1e-06, 0.0, -0.0, -1.0, 0.398921, -0.0, -1.0, 0.0, 0.0, 0.0, 0.0, 0.0, 1.0],
                [-1.0, 0.0, -0.0, -1e-06, 0.0, -0.0, -1.0, 0.398921, -0.0, -1.0, 0.0, 0.0, 0.0, 0.0, 0.0, 1.0]
            ]
        },
        {
            "name": "Shoulder_L",
            "time": [0.0, 0.05, 0.35, 0.4833],
            "transform": [
                [0.781544, -0.623701, 0.013597, -0.0, -0.010628, 0.008481, 0.999908, 0.4, -0.623759, -0.781616, 0.0, -0.0, 0.0, 0.0, 0.0, 1.0],
                [0.781544, -0.623701, 0.013597, -0.0, -0.010628, 0.008481, 0.999908, 0.4, -0.623759, -0.781616, 0.0, -0.0, 0.0, 0.0, 0.0, 1.0],
                [0.655999, -0.754639, 0.013597, 0.0, -0.00892, 0.010262, 0.999908, 0.4, -0.754709, -0.65606, 0.0, 0.0, 0.0, 0.0, 0.0, 1.0],
                [0.656, -0.754639, 0.013597, 0.0, -0.00892, 0.010262, 0.999908, 0.4, -0.754709, -0.65606, 0.0, 0.0, 0.0, 0.0, 0.0, 1.0]
            ]
        },
        {
            "name": "Arm_L",
            "time": [0.0, 0.05, 0.35, 0.4833],
            "transform": [
                [0.039073, 0.530007, 0.847093, 0.0, -0.862567, 0.445843, -0.239168, 0.39386, -0.504431, -0.721329, 0.474587, 0.0, 0.0, 0.0, 0.0, 1.0],
                [0.039073, 0.530007, 0.847093, 0.0, -0.862567, 0.445843, -0.239168, 0.39386, -0.504431, -0.721329, 0.474587, 0.0, 0.0, 0.0, 0.0, 1.0],
                [0.039073, 0.530007, 0.847093, -1e-06, -0.862567, 0.445843, -0.239168, 0.39386, -0.504431, -0.721329, 0.474587, -0.0, 0.0, 0.0, 0.0, 1.0],
                [0.039073, 0.530007, 0.847093, 0.0, -0.862567, 0.445843, -0.239168, 0.39386, -0.504431, -0.721329, 0.474587, 0.0, 0.0, 0.0, 0.0, 1.0]
            ]
        },
        {
            "name": "Hand_L",
            "time": [0.0, 0.05, 0.35, 0.4833],
            "transform": [
                [0.986933, 0.085167, 0.136786, 0.0, 0.158302, -0.354065, -0.921726, 0.3, -0.030069, 0.931335, -0.362921, 0.0, 0.0, 0.0, 0.0, 1.0],
                [0.986933, 0.085167, 0.136786, 0.0, 0.158302, -0.354065, -0.921726, 0.3, -0.030069, 0.931335, -0.362921, 0.0, 0.0, 0.0, 0.0, 1.0],
                [0.986933, 0.085167, 0.136786, 0.0, 0.158302, -0.354065, -0.921726, 0.3, -0.030069, 0.931335, -0.362921, 0.0, 0.0, 0.0, 0.0, 1.0],
                [0.986933, 0.085167, 0.136786, -0.0, 0.158302, -0.354065, -0.921726, 0.3, -0.030069, 0.931335, -0.362921, 0.0, 0.0, 0.0, 0.0, 1.0]
            ]
        },
        {
            "name": "Tool_L",
            "time": [0.0, 0.05, 0.35, 0.4833],
            "transform": [
                [-0.03254, 0.990548, -0.133248, 0.085051, 0.99563, 0.043801, 0.082474, 0.256548, 0.08749, -0.129905, -0.987063, 0.239384, 0.0, 0.0, 0.0, 1.0],
                [-0.03254, 0.990548, -0.133248, 0.085051, 0.99563, 0.043801, 0.082474, 0.256548, 0.08749, -0.129905, -0.987063, 0.239384, 0.0, 0.0, 0.0, 1.0],
                [-0.03254, 0.990548, -0.133248, 0.085051, 0.99563, 0.043801, 0.082474, 0.256548, 0.08749, -0.129905, -0.987064, 0.239385, 0.0, 0.0, 0.0, 1.0],
                [-0.03254, 0.990548, -0.133248, 0.085051, 0.99563, 0.043801, 0.082474, 0.256548, 0.08749, -0.129905, -0.987063, 0.239385, 0.0, 0.0, 0.0, 1.0]
            ]
        },
        {
            "name": "Elbow_L",
            "time": [0.0, 0.05, 0.35, 0.4833],
            "transform": [
                [-1.0, 0.0, 0.0, 0.0, -0.0, 0.575683, -0.817673, 0.402134, -0.0, -0.817673, -0.575683, 0.0, 0.0, 0.0, 0.0, 1.0],
                [-1.0, 0.0, 0.0, 0.0, -0.0, 0.575683, -0.817673, 0.402134, -0.0, -0.817673, -0.575683, 0.0, 0.0, 0.0, 0.0, 1.0],
                [-1.0, 0.0, 0.0, 0.0, -0.0, 0.575683, -0.817673, 0.402134, -0.0, -0.817673, -0.575683, 0.0, 0.0, 0.0, 0.0, 1.0],
                [-1.0, 0.0, 0.0, -0.0, 0.0, 0.575683, -0.817673, 0.402134, -0.0, -0.817673, -0.575683, 0.0, 0.0, 0.0, 0.0, 1.0]
            ]
        }
    ]
}