{
    
    "animation": [
        {
            "name": "Root",
            "time": [0.0, 0.1833, 0.45],
            "transform": [
                [0.81511, 0.011809, 0.579186, -0.027082, 0.56926, 0.169059, -0.804588, 0.058029, -0.107418, 0.985535, 0.131079, 0.575147, 0.0, 0.0, 0.0, 1.0],
                [0.989015, 0.049155, -0.139403, 0.027727, -0.147032, 0.42412, -0.89359, 2.899705, 0.015199, 0.904271, 0.426689, 0.681745, 0.0, 0.0, 0.0, 1.0],
                [0.989015, 0.049155, -0.139403, 0.015161, -0.147032, 0.42412, -0.89359, 3.065735, 0.015199, 0.904271, 0.426689, 0.570552, 0.0, 0.0, 0.0, 1.0]
            ]
        },
        {
            "name": "Thigh_R",
            "time": [0.0, 0.1833, 0.45],
            "transform": [
                [0.805628, 0.552251, 0.214429, 0.124994, -0.007009, -0.353042, 0.935581, -0.002831, 0.592379, -0.755232, -0.280551, -1.2e-05, 0.0, 0.0, 0.0, 1.0],
                [0.99009, 0.100944, -0.097627, 0.124994, 0.018358, -0.782269, -0.622668, -0.002831, -0.139225, 0.614704, -0.776372, -1.2e-05, 0.0, 0.0, 0.0, 1.0],
                [0.988537, -0.031665, -0.147617, 0.124994, 0.020091, -0.941471, 0.33649, -0.002831, -0.149633, -0.335597, -0.930045, -1.2e-05, 0.0, 0.0, 0.0, 1.0]
            ]
        },
        {
            "name": "Leg_R",
            "time": [0.0, 0.1833, 0.45],
            "transform": [
                [1.0, -2e-06, 1e-06, -0.0, -0.0, 0.208091, 0.978109, 0.37472, -2e-06, -0.97811, 0.20809, 0.0, 0.0, 0.0, 0.0, 1.0],
                [1.0, 0.0, 2e-06, -0.0, -0.0, 0.965669, 0.259777, 0.37472, -2e-06, -0.259777, 0.965668, -0.0, 0.0, 0.0, 0.0, 1.0],
                [1.0, -1e-06, 1e-06, -0.0, -1e-06, 0.408249, 0.91287, 0.37472, -2e-06, -0.912871, 0.408249, 0.0, 0.0, 0.0, 0.0, 1.0]
            ]
        },
        {
            "name": "Knee_R",
            "time": [0.0, 0.1833, 0.45],
            "transform": [
                [1.0, 0.0, -0.0, -0.0, -0.0, 0.432785, -0.901497, 0.37472, -0.0, 0.901497, 0.432785, 0.0, 0.0, 0.0, 0.0, 1.0],
                [1.0, 0.0, -0.0, -0.0, -0.0, 0.132796, -0.991143, 0.37472, 0.0, 0.991143, 0.132796, -0.0, 0.0, 0.0, 0.0, 1.0],
                [1.0, 0.0, -0.0, -0.0, -0.0, 0.132796, -0.991143, 0.37472, 0.0, 0.991143, 0.132796, 0.0, 0.0, 0.0, 0.0, 1.0]
            ]
        },
        {
            "name": "Thigh_L",
            "time": [0.0, 0.1833, 0.3667, 0.45],
            "transform": [
                [0.882763, -0.195082, 0.427401, -0.125006, -0.060491, -0.94934, -0.308372, -0.002831, 0.465907, 0.246366, -0.849843, -1.2e-05, 0.0, 0.0, 0.0, 1.0],
                [0.980298, -0.157158, -0.119646, -0.125006, 0.098281, -0.137332, 0.985637, -0.002831, -0.171332, -0.977978, -0.119181, -1.2e-05, 0.0, 0.0, 0.0, 1.0],
                [0.982914, -0.143065, 0.115809, -0.125006, -0.027821, 0.506474, 0.861806, -0.002831, -0.181948, -0.850304, 0.49384, -1.2e-05, 0.0, 0.0, 0.0, 1.0],
                [0.990273, -0.135093, 0.033295, -0.125006, -0.03888, -0.038915, 0.998485, -0.002831, -0.133593, -0.990068, -0.043789, -1.2e-05, 0.0, 0.0, 0.0, 1.0]
            ]
        },
        {
            "name": "Leg_L",
            "time": [0.0, 0.1833, 0.3667, 0.45],
            "transform": [
                [1.0, -1e-06, 1e-06, -0.0, -0.0, 0.721287, 0.692636, 0.37472, -1e-06, -0.692636, 0.721288, -0.0, 0.0, 0.0, 0.0, 1.0],
                [0.998379, -0.009258, -0.056153, -0.0, 0.043272, -0.517376, 0.854664, 0.37472, -0.036965, -0.855708, -0.516137, 0.0, 0.0, 0.0, 0.0, 1.0],
                [0.999721, 0.005963, -0.022863, 0.0, 0.023465, -0.137103, 0.990279, 0.37472, 0.00277, -0.990538, -0.137205, 0.0, 0.0, 0.0, 0.0, 1.0],
                [1.0, -1e-06, 1e-06, 0.0, 0.0, 0.791525, 0.611136, 0.37472, -1e-06, -0.611136, 0.791526, -0.0, 0.0, 0.0, 0.0, 1.0]
            ]
        },
        {
            "name": "Knee_L",
            "time": [0.0, 0.1833, 0.45],
            "transform": [
                [1.0, 0.0, -0.0, -0.0, -0.0, 1e-06, -1.0, 0.37472, -0.0, 1.0, 1e-06, -0.0, 0.0, 0.0, 0.0, 1.0],
                [1.0, 0.0, -0.0, -0.0, -0.0, 0.73683, -0.676078, 0.37472, -0.0, 0.676078, 0.73683, 0.0, 0.0, 0.0, 0.0, 1.0],
                [1.0, 0.0, -0.0, 0.0, -0.0, 0.73683, -0.676078, 0.37472, -0.0, 0.676078, 0.73683, -0.0, 0.0, 0.0, 0.0, 1.0]
            ]
        },
        {
            "name": "Torso",
            "time": [0.0, 0.1833, 0.45],
            "transform": [
                [0.996265, -0.020971, 0.083766, -0.0, 0.019316, 0.999603, 0.020528, 0.05, -0.084163, -0.018833, 0.996274, 0.0, 0.0, 0.0, 0.0, 1.0],
                [0.947589, -0.058394, -0.31411, 0.0, 0.141951, 0.957736, 0.250184, 0.05, 0.286225, -0.28166, 0.915829, -0.0, 0.0, 0.0, 0.0, 1.0],
                [0.925357, -0.058394, -0.374572, 0.0, 0.157792, 0.957736, 0.240508, 0.05, 0.344697, -0.28166, 0.895462, -0.0, 0.0, 0.0, 0.0, 1.0]
            ]
        },
        {
            "name": "Chest",
            "time": [0.0, 0.1833, 0.45],
            "transform": [
                [0.989524, 0.144331, 0.003244, 0.0, -0.141629, 0.966152, 0.215621, 0.3, 0.027987, -0.213821, 0.976472, 0.0, 0.0, 0.0, 0.0, 1.0],
                [0.788176, 0.163126, 0.593437, 0.0, -0.027084, 0.972493, -0.231351, 0.3, -0.614853, 0.166272, 0.770914, -0.0, 0.0, 0.0, 0.0, 1.0],
                [0.77047, -0.002843, 0.63747, 0.0, -0.00931, 0.999833, 0.01571, 0.3, -0.637409, -0.018039, 0.770315, 0.0, 0.0, 0.0, 0.0, 1.0]
            ]
        },
        {
            "name": "Head",
            "time": [0.0, 0.1833, 0.45],
            "transform": [
                [0.842101, 0.037721, -0.537999, -0.0, -0.058491, 0.998055, -0.021576, 0.4, 0.536138, 0.049637, 0.84267, -0.0, 0.0, 0.0, 0.0, 1.0],
                [0.969848, -0.17582, -0.168767, 0.0, 0.09295, 0.906998, -0.410749, 0.4, 0.225289, 0.382677, 0.895993, 0.0, 0.0, 0.0, 0.0, 1.0],
                [0.969848, -0.17582, -0.168766, 0.0, 0.09295, 0.906998, -0.410749, 0.4, 0.225289, 0.382677, 0.895993, -0.0, 0.0, 0.0, 0.0, 1.0]
            ]
        },
        {
            "name": "Shoulder_R",
            "time": [0.0, 0.1833, 0.45],
            "transform": [
                [-0.313936, 0.898869, 0.305743, -0.0, 0.100811, -0.288645, 0.952114, 0.4, 0.944077, 0.329725, -0.0, -0.0, 0.0, 0.0, 0.0, 1.0],
                [-0.542991, 0.782101, 0.305743, 0.0, 0.174366, -0.251149, 0.952114, 0.4, 0.821436, 0.570301, -0.0, 0.0, 0.0, 0.0, 0.0, 1.0],
                [-0.542991, 0.782101, 0.305743, 0.0, 0.174366, -0.251149, 0.952114, 0.4, 0.821436, 0.570301, -0.0, -0.0, 0.0, 0.0, 0.0, 1.0]
            ]
        },
        {
            "name": "Arm_R",
            "time": [0.0, 0.1833, 0.45],
            "transform": [
                [0.251185, -0.651179, 0.716151, 0.0, 0.486523, 0.724555, 0.488176, 0.39386, -0.83678, 0.225801, 0.498811, 0.0, 0.0, 0.0, 0.0, 1.0],
                [0.251185, -0.651179, 0.716151, 0.0, 0.486523, 0.724555, 0.488176, 0.39386, -0.83678, 0.225801, 0.498811, -0.0, 0.0, 0.0, 0.0, 1.0],
                [0.251185, -0.756689, 0.603595, -0.0, 0.486523, 0.637791, 0.597092, 0.39386, -0.83678, 0.143682, 0.52835, 0.0, 0.0, 0.0, 0.0, 1.0]
            ]
        },
        {
            "name": "Hand_R",
            "time": [0.0, 0.1833, 0.45],
            "transform": [
                [1.0, -0.0, 0.0, 0.0, 0.0, -0.158504, -0.987358, 0.3, 0.0, 0.987358, -0.158504, 0.0, 0.0, 0.0, 0.0, 1.0],
                [1.0, -0.0, 0.0, -0.0, 0.0, -0.158504, -0.987358, 0.3, 0.0, 0.987358, -0.158504, -0.0, 0.0, 0.0, 0.0, 1.0],
                [1.0, -0.0, 0.0, -0.0, 0.0, -0.158504, -0.987358, 0.3, 0.0, 0.987358, -0.158504, 0.0, 0.0, 0.0, 0.0, 1.0]
            ]
        },
        {
            "name": "Tool_R",
            "time": [0.0, 0.1833, 0.45],
            "transform": [
                [1.0, 0.0, -0.0, -0.003598, 0.0, 0.123656, 0.992325, 0.426086, 0.0, -0.991737, 0.123594, 0.090799, 0.0, 0.0, 0.0, 1.0],
                [1.0, 0.0, -0.0, -0.003598, 0.0, -0.005964, 0.999982, 0.426087, 0.0, -0.99939, -0.00595, 0.090799, 0.0, 0.0, 0.0, 1.0],
                [1.0, 0.0, -0.0, -0.003598, 0.0, -0.005964, 0.999982, 0.426087, 0.0, -0.99939, -0.00595, 0.090799, 0.0, 0.0, 0.0, 1.0]
            ]
        },
        {
            "name": "Elbow_R",
            "time": [0.0, 0.1833, 0.45],
            "transform": [
                [-1.0, 0.0, -0.0, 0.0, 0.0, -0.0, -1.0, 0.398921, -0.0, -1.0, 0.0, 0.0, 0.0, 0.0, 0.0, 1.0],
                [-1.0, 0.0, -0.0, -1e-06, 0.0, -0.0, -1.0, 0.398921, -0.0, -1.0, 0.0, -0.0, 0.0, 0.0, 0.0, 1.0],
                [-1.0, 0.0, -0.0, -0.0, 0.0, -0.0, -1.0, 0.398921, -0.0, -1.0, 0.0, 0.0, 0.0, 0.0, 0.0, 1.0]
            ]
        },
        {
            "name": "Shoulder_L",
            "time": [0.0, 0.1833, 0.45],
            "transform": [
                [0.781544, -0.623701, 0.013597, -0.0, -0.010628, 0.008481, 0.999908, 0.4, -0.623759, -0.781616, 0.0, -0.0, 0.0, 0.0, 0.0, 1.0],
                [0.656, -0.754639, 0.013597, 0.0, -0.00892, 0.010262, 0.999908, 0.4, -0.754709, -0.65606, 0.0, 0.0, 0.0, 0.0, 0.0, 1.0],
                [0.655999, -0.754639, 0.013597, 0.0, -0.00892, 0.010262, 0.999907, 0.4, -0.754709, -0.65606, 0.0, -0.0, 0.0, 0.0, 0.0, 1.0]
            ]
        },
        {
            "name": "Arm_L",
            "time": [0.0, 0.1833, 0.45],
            "transform": [
                [0.039073, 0.530007, 0.847093, 0.0, -0.862567, 0.445843, -0.239168, 0.39386, -0.504431, -0.721329, 0.474587, 0.0, 0.0, 0.0, 0.0, 1.0],
                [0.039073, 0.530007, 0.847093, 0.0, -0.862567, 0.445843, -0.239168, 0.39386, -0.504431, -0.721329, 0.474587, -0.0, 0.0, 0.0, 0.0, 1.0],
                [0.039073, 0.530007, 0.847093, 0.0, -0.862567, 0.445843, -0.239168, 0.393861, -0.504431, -0.721329, 0.474587, -0.0, 0.0, 0.0, 0.0, 1.0]
            ]
        },
        {
            "name": "Hand_L",
            "time": [0.0, 0.1833, 0.45],
            "transform": [
                [0.986933, 0.085167, 0.136786, 0.0, 0.158302, -0.354065, -0.921726, 0.3, -0.030069, 0.931335, -0.362921, 0.0, 0.0, 0.0, 0.0, 1.0],
                [0.986933, 0.085167, 0.136786, 0.0, 0.158302, -0.354065, -0.921726, 0.3, -0.030069, 0.931335, -0.362921, 0.0, 0.0, 0.0, 0.0, 1.0],
                [0.986933, 0.085167, 0.136786, 0.0, 0.158302, -0.354065, -0.921726, 0.3, -0.030069, 0.931335, -0.362921, 0.0, 0.0, 0.0, 0.0, 1.0]
            ]
        },
        {
            "name": "Tool_L",
            "time": [0.0, 0.1833, 0.45],
            "transform": [
                [-0.03254, 0.990548, -0.133248, 0.085051, 0.99563, 0.043801, 0.082474, 0.256548, 0.08749, -0.129905, -0.987063, 0.239384, 0.0, 0.0, 0.0, 1.0],
                [-0.03254, 0.990548, -0.133248, 0.085051, 0.99563, 0.043801, 0.082474, 0.256548, 0.08749, -0.129905, -0.987063, 0.239384, 0.0, 0.0, 0.0, 1.0],
                [-0.03254, 0.990548, -0.133248, 0.085051, 0.99563, 0.043801, 0.082474, 0.256548, 0.08749, -0.129905, -0.987063, 0.239384, 0.0, 0.0, 0.0, 1.0]
            ]
        },
        {
            "name": "Elbow_L",
            "time": [0.0, 0.1833, 0.45],
            "transform": [
                [-1.0, 0.0, 0.0, 0.0, -0.0, 0.575683, -0.817673, 0.402134, -0.0, -0.817673, -0.575683, 0.0, 0.0, 0.0, 0.0, 1.0],
                [-1.0, 0.0, 0.0, -0.0, -0.0, 0.575683, -0.817673, 0.402134, -0.0, -0.817673, -0.575683, 0.0, 0.0, 0.0, 0.0, 1.0],
                [-1.0, 0.0, 0.0, 0.0, 0.0, 0.575683, -0.817673, 0.402134, -0.0, -0.817673, -0.575683, -0.0, 0.0, 0.0, 0.0, 1.0]
            ]
        }
    ]
}