{
    
    "animation": [
        {
            "name": "Root",
            "time": [0.0, 0.2, 0.4, 0.6, 0.8],
            "transform": [
                [0.998254, 0.0, -0.059059, 0.028757, -0.059059, 0.0, -0.998254, 0.008882, 0.0, 1.0, 0.0, 0.774592, 0.0, 0.0, 0.0, 1.0],
                [0.998254, 0.0, -0.059059, 0.018286, -0.059059, 0.0, -0.998254, -0.005265, 0.0, 1.0, 0.0, 0.682896, 0.0, 0.0, 0.0, 1.0],
                [0.998254, 0.0, -0.059059, 0.028757, -0.059059, 0.0, -0.998254, 0.008882, 0.0, 1.0, 0.0, 0.750565, 0.0, 0.0, 0.0, 1.0],
                [0.998254, 0.0, -0.059059, 0.028757, -0.059059, 0.0, -0.998254, 0.008882, 0.0, 1.0, 0.0, 0.718781, 0.0, 0.0, 0.0, 1.0],
                [0.998254, 0.0, -0.059059, 0.028757, -0.059059, 0.0, -0.998254, 0.008882, 0.0, 1.0, 0.0, 0.774592, 0.0, 0.0, 0.0, 1.0]
            ]
        },
        {
            "name": "Thigh_R",
            "time": [0.0, 0.2, 0.4, 0.6, 0.8],
            "transform": [
                [0.999011, -0.021439, -0.038949, 0.124994, 0.009891, -0.746933, 0.664824, -0.002831, -0.043345, -0.66455, -0.745985, -1.2e-05, 0.0, 0.0, 0.0, 1.0],
                [0.999011, -0.013582, -0.042334, 0.124994, 0.009891, -0.860443, 0.509448, -0.002831, -0.043345, -0.509361, -0.85946, -1.2e-05, 0.0, 0.0, 0.0, 1.0],
                [0.999011, 0.005823, -0.044076, 0.124994, 0.009891, -0.995649, 0.092628, -0.002831, -0.043345, -0.092972, -0.994725, -1.2e-05, 0.0, 0.0, 0.0, 1.0],
                [0.999011, 0.025546, -0.036387, 0.124994, 0.009891, -0.92562, -0.378321, -0.002831, -0.043345, 0.377587, -0.924959, -1.2e-05, 0.0, 0.0, 0.0, 1.0],
                [0.999011, -0.013046, -0.042502, 0.124994, 0.009891, -0.866811, 0.498535, -0.002831, -0.043345, -0.498461, -0.865827, -1.2e-05, 0.0, 0.0, 0.0, 1.0]
            ]
        },
        {
            "name": "Leg_R",
            "time": [0.0, 0.0833, 0.2, 0.4, 0.6, 0.7167, 0.8],
            "transform": [
                [1.0, -1e-06, 1e-06, -0.0, -0.0, 0.582735, 0.812662, 0.37472, -2e-06, -0.812663, 0.582734, -0.0, 0.0, 0.0, 0.0, 1.0],
                [1.0, -1e-06, 2e-06, 0.0, -0.0, 0.890269, 0.455436, 0.37472, -2e-06, -0.455437, 0.890268, 0.0, 0.0, 0.0, 0.0, 1.0],
                [1.0, -0.0, 2e-06, 0.0, -0.0, 0.984136, 0.177417, 0.37472, -2e-06, -0.177418, 0.984135, 0.0, 0.0, 0.0, 0.0, 1.0],
                [1.0, -0.0, 2e-06, -0.0, -0.0, 0.984136, 0.177417, 0.37472, -2e-06, -0.177418, 0.984135, 0.0, 0.0, 0.0, 0.0, 1.0],
                [1.0, -0.0, 2e-06, -0.0, -0.0, 0.984136, 0.177417, 0.37472, -2e-06, -0.177417, 0.984135, 0.0, 0.0, 0.0, 0.0, 1.0],
                [1.0, -2e-06, 1e-06, -0.0, -0.0, 0.28413, 0.958785, 0.37472, -2e-06, -0.958786, 0.28413, -0.0, 0.0, 0.0, 0.0, 1.0],
                [1.0, -1e-06, 1e-06, -0.0, -0.0, 0.582735, 0.812662, 0.37472, -2e-06, -0.812663, 0.582734, 0.0, 0.0, 0.0, 0.0, 1.0]
            ]
        },
        {
            "name": "Knee_R",
            "time": [0.0, 0.2, 0.4, 0.6, 0.8],
            "transform": [
                [1.0, 0.0, -0.0, -0.0, -0.0, 0.418989, -0.907991, 0.37472, -0.0, 0.907991, 0.418989, -0.0, 0.0, 0.0, 0.0, 1.0],
                [1.0, 0.0, -0.0, 0.0, -0.0, 1e-06, -1.0, 0.37472, -0.0, 1.0, 1e-06, 0.0, 0.0, 0.0, 0.0, 1.0],
                [1.0, 0.0, -0.0, -0.0, -0.0, 1e-06, -1.0, 0.37472, -0.0, 1.0, 1e-06, 0.0, 0.0, 0.0, 0.0, 1.0],
                [1.0, 0.0, -0.0, -0.0, -0.0, 1e-06, -1.0, 0.37472, -0.0, 1.0, 1e-06, 0.0, 0.0, 0.0, 0.0, 1.0],
                [1.0, 0.0, -0.0, -0.0, -0.0, 1e-06, -1.0, 0.37472, -0.0, 1.0, 1e-06, 0.0, 0.0, 0.0, 0.0, 1.0]
            ]
        },
        {
            "name": "Thigh_L",
            "time": [0.0, 0.2, 0.4, 0.6, 0.8],
            "transform": [
                [0.991695, -0.063088, -0.112066, -0.125006, -0.065407, -0.997711, -0.017136, -0.002831, -0.110729, 0.024324, -0.993553, -1.2e-05, 0.0, 0.0, 0.0, 1.0],
                [0.991695, -0.00836, -0.128332, -0.125006, -0.065407, -0.891972, -0.447334, -0.002831, -0.110729, 0.452014, -0.885111, -1.2e-05, 0.0, 0.0, 0.0, 1.0],
                [0.991695, -0.119655, -0.047134, -0.125006, -0.065407, -0.784838, 0.616239, -0.002831, -0.110729, -0.608038, -0.786148, -1.2e-05, 0.0, 0.0, 0.0, 1.0],
                [0.991695, -0.114426, -0.058701, -0.125006, -0.065407, -0.841766, 0.535865, -0.002831, -0.110729, -0.527576, -0.84226, -1.2e-05, 0.0, 0.0, 0.0, 1.0],
                [0.991695, -0.063088, -0.112066, -0.125006, -0.065407, -0.997711, -0.017136, -0.002831, -0.110729, 0.024324, -0.993553, -1.2e-05, 0.0, 0.0, 0.0, 1.0]
            ]
        },
        {
            "name": "Leg_L",
            "time": [0.0, 0.2, 0.3333, 0.4833, 0.6, 0.8],
            "transform": [
                [0.998905, 0.046593, -0.004154, 0.0, -0.045489, 0.988242, 0.145976, 0.37472, 0.010906, -0.145627, 0.98928, 0.0, 0.0, 0.0, 0.0, 1.0],
                [1.0, -0.0, 1e-06, 0.0, 0.0, 0.999353, 0.035947, 0.37472, -1e-06, -0.035947, 0.999354, 0.0, 0.0, 0.0, 0.0, 1.0],
                [1.0, -1e-06, 0.0, -0.0, 0.0, 0.222809, 0.974862, 0.37472, -1e-06, -0.974862, 0.222809, -0.0, 0.0, 0.0, 0.0, 1.0],
                [0.999933, 0.011172, -0.002916, 0.0, -0.009256, 0.926575, 0.375995, 0.37472, 0.006902, -0.375943, 0.926617, 0.0, 0.0, 0.0, 0.0, 1.0],
                [0.998905, 0.046778, 1e-06, 0.0, -0.045489, 0.971373, 0.233163, 0.37472, 0.010906, -0.232908, 0.972438, -0.0, 0.0, 0.0, 0.0, 1.0],
                [0.998905, 0.046593, -0.004154, 0.0, -0.045489, 0.988242, 0.145976, 0.37472, 0.010906, -0.145627, 0.98928, 0.0, 0.0, 0.0, 0.0, 1.0]
            ]
        },
        {
            "name": "Knee_L",
            "time": [0.0, 0.2, 0.4, 0.6, 0.8],
            "transform": [
                [1.0, 0.0, -0.0, 0.0, -0.0, 0.027066, -0.999634, 0.37472, -0.0, 0.999634, 0.027066, 0.0, 0.0, 0.0, 0.0, 1.0],
                [1.0, 0.0, -0.0, 0.0, -0.0, 1e-06, -1.0, 0.37472, -0.0, 1.0, 1e-06, 0.0, 0.0, 0.0, 0.0, 1.0],
                [1.0, 0.0, -0.0, -0.0, -0.0, 0.327481, -0.944858, 0.37472, -0.0, 0.944858, 0.32748, -0.0, 0.0, 0.0, 0.0, 1.0],
                [1.0, 0.0, -0.0, 0.0, -0.0, 0.327481, -0.944858, 0.37472, -0.0, 0.944858, 0.32748, -0.0, 0.0, 0.0, 0.0, 1.0],
                [1.0, 0.0, -0.0, 0.0, -0.0, 0.027066, -0.999634, 0.37472, -0.0, 0.999634, 0.027066, 0.0, 0.0, 0.0, 0.0, 1.0]
            ]
        },
        {
            "name": "Torso",
            "time": [0.0, 0.2, 0.4, 0.6, 0.8],
            "transform": [
                [0.996265, -0.026224, 0.082273, -0.0, 0.019316, 0.996306, 0.083672, 0.05, -0.084163, -0.081771, 0.993091, 0.0, 0.0, 0.0, 0.0, 1.0],
                [0.996265, -0.020971, 0.083766, 0.0, 0.019316, 0.999603, 0.020528, 0.05, -0.084163, -0.018833, 0.996274, -0.0, 0.0, 0.0, 0.0, 1.0],
                [0.996265, -0.024755, 0.082727, -0.0, 0.019316, 0.997638, 0.065921, 0.05, -0.084163, -0.064077, 0.99439, 0.0, 0.0, 0.0, 0.0, 1.0],
                [0.996265, -0.020971, 0.083766, -0.0, 0.019316, 0.999603, 0.020528, 0.05, -0.084163, -0.018833, 0.996274, 0.0, 0.0, 0.0, 0.0, 1.0],
                [0.996265, -0.026224, 0.082273, -0.0, 0.019316, 0.996306, 0.083672, 0.05, -0.084163, -0.081771, 0.993091, 0.0, 0.0, 0.0, 0.0, 1.0]
            ]
        },
        {
            "name": "Chest",
            "time": [0.0, 0.2, 0.4, 0.6, 0.8],
            "transform": [
                [0.999771, -0.02139, -0.000988, -0.0, 0.021411, 0.998216, 0.055741, 0.3, -0.000206, -0.055749, 0.998445, -0.0, 0.0, 0.0, 0.0, 1.0],
                [0.999771, -0.021411, -0.000206, 0.0, 0.021411, 0.999586, 0.019225, 0.3, -0.000206, -0.019225, 0.999815, 0.0, 0.0, 0.0, 0.0, 1.0],
                [0.999771, -0.02129, -0.002287, 0.0, 0.021411, 0.99298, 0.116327, 0.3, -0.000206, -0.116349, 0.993209, -0.0, 0.0, 0.0, 0.0, 1.0],
                [0.999771, -0.021411, -0.000206, -0.0, 0.021411, 0.999586, 0.019225, 0.3, -0.000206, -0.019225, 0.999815, 0.0, 0.0, 0.0, 0.0, 1.0],
                [0.999771, -0.02139, -0.000988, -0.0, 0.021411, 0.998216, 0.055741, 0.3, -0.000206, -0.055749, 0.998445, -0.0, 0.0, 0.0, 0.0, 1.0]
            ]
        },
        {
            "name": "Head",
            "time": [0.0, 0.8],
            "transform": [
                [0.998443, 0.037721, 0.041087, -0.0, -0.0356, 0.998055, -0.05118, 0.4, -0.042937, 0.049637, 0.997844, -0.0, 0.0, 0.0, 0.0, 1.0],
                [0.998443, 0.037721, 0.041087, -0.0, -0.0356, 0.998055, -0.05118, 0.4, -0.042937, 0.049637, 0.997844, -0.0, 0.0, 0.0, 0.0, 1.0]
            ]
        },
        {
            "name": "Shoulder_R",
            "time": [0.0, 0.2, 0.4, 0.6, 0.8],
            "transform": [
                [0.0, 0.952114, 0.305743, -0.0, 0.0, -0.305743, 0.952114, 0.4, 1.0, -0.0, -0.0, -0.0, 0.0, 0.0, 0.0, 1.0],
                [0.0, 0.952114, 0.305743, 0.0, 0.0, -0.305743, 0.952114, 0.4, 1.0, -0.0, -0.0, 0.0, 0.0, 0.0, 0.0, 1.0],
                [0.0, 0.952114, 0.305743, 0.0, 0.0, -0.305743, 0.952114, 0.4, 1.0, 0.0, -0.0, 0.0, 0.0, 0.0, 0.0, 1.0],
                [0.0, 0.952114, 0.305743, 0.0, 0.0, -0.305743, 0.952114, 0.4, 1.0, -0.0, -0.0, -0.0, 0.0, 0.0, 0.0, 1.0],
                [0.0, 0.952114, 0.305743, -0.0, 0.0, -0.305743, 0.952114, 0.4, 1.0, -0.0, -0.0, -0.0, 0.0, 0.0, 0.0, 1.0]
            ]
        },
        {
            "name": "Arm_R",
            "time": [0.0, 0.2, 0.4, 0.6, 0.8],
            "transform": [
                [0.057449, -0.231993, -0.971019, 0.0, 0.928415, 0.370035, -0.03348, 0.393861, 0.367078, -0.899585, 0.236644, 0.0, 0.0, 0.0, 0.0, 1.0],
                [0.057449, -0.231993, -0.971019, 0.0, 0.928414, 0.370035, -0.03348, 0.39386, 0.367078, -0.899585, 0.236644, 0.0, 0.0, 0.0, 0.0, 1.0],
                [0.057449, -0.231993, -0.971019, 0.0, 0.928415, 0.370035, -0.03348, 0.393861, 0.367078, -0.899585, 0.236644, -0.0, 0.0, 0.0, 0.0, 1.0],
                [0.057449, -0.231993, -0.971019, -0.0, 0.928414, 0.370035, -0.03348, 0.39386, 0.367078, -0.899585, 0.236644, -0.0, 0.0, 0.0, 0.0, 1.0],
                [0.057449, -0.231993, -0.971019, 0.0, 0.928415, 0.370035, -0.03348, 0.393861, 0.367078, -0.899585, 0.236644, 0.0, 0.0, 0.0, 0.0, 1.0]
            ]
        },
        {
            "name": "Hand_R",
            "time": [0.0, 0.2, 0.4, 0.6, 0.8],
            "transform": [
                [1.0, -0.0, 0.0, 0.0, 0.0, 0.274677, -0.961537, 0.3, 0.0, 0.961537, 0.274677, -0.0, 0.0, 0.0, 0.0, 1.0],
                [1.0, -0.0, 0.0, 0.0, 0.0, 0.274677, -0.961537, 0.3, 0.0, 0.961537, 0.274677, -0.0, 0.0, 0.0, 0.0, 1.0],
                [1.0, -0.0, 0.0, 0.0, 0.0, 0.274677, -0.961537, 0.3, 0.0, 0.961536, 0.274677, 0.0, 0.0, 0.0, 0.0, 1.0],
                [1.0, -0.0, 0.0, -0.0, 0.0, 0.274677, -0.961537, 0.3, 0.0, 0.961537, 0.274677, -0.0, 0.0, 0.0, 0.0, 1.0],
                [1.0, -0.0, 0.0, 0.0, 0.0, 0.274677, -0.961537, 0.3, 0.0, 0.961537, 0.274677, -0.0, 0.0, 0.0, 0.0, 1.0]
            ]
        },
        {
            "name": "Tool_R",
            "time": [0.0, 0.2, 0.4, 0.6, 0.8],
            "transform": [
                [1.0, 0.0, -0.0, -0.003598, 0.0, 0.214845, 0.976648, 0.426086, 0.0, -0.976068, 0.214728, 0.090799, 0.0, 0.0, 0.0, 1.0],
                [1.0, 0.0, -0.0, -0.003598, 0.0, 0.214845, 0.976648, 0.426086, 0.0, -0.976068, 0.214729, 0.090799, 0.0, 0.0, 0.0, 1.0],
                [1.0, 0.0, -0.0, -0.003598, 0.0, 0.214845, 0.976648, 0.426086, 0.0, -0.976068, 0.214729, 0.090799, 0.0, 0.0, 0.0, 1.0],
                [1.0, 0.0, -0.0, -0.003598, 0.0, 0.214845, 0.976648, 0.426086, 0.0, -0.976068, 0.214729, 0.090799, 0.0, 0.0, 0.0, 1.0],
                [1.0, 0.0, -0.0, -0.003598, 0.0, 0.214845, 0.976648, 0.426086, 0.0, -0.976068, 0.214728, 0.090799, 0.0, 0.0, 0.0, 1.0]
            ]
        },
        {
            "name": "Elbow_R",
            "time": [0.0, 0.2, 0.4, 0.6, 0.8],
            "transform": [
                [-1.0, 0.0, -0.0, 0.0, 0.0, -0.0, -1.0, 0.398921, -0.0, -1.0, 0.0, -0.0, 0.0, 0.0, 0.0, 1.0],
                [-1.0, 0.0, -0.0, 0.0, 0.0, -0.0, -1.0, 0.398921, -0.0, -1.0, 0.0, 0.0, 0.0, 0.0, 0.0, 1.0],
                [-1.0, 0.0, -0.0, 0.0, 0.0, -0.0, -1.0, 0.398921, -0.0, -1.0, 0.0, 0.0, 0.0, 0.0, 0.0, 1.0],
                [-1.0, 0.0, -0.0, -0.0, 0.0, -0.0, -1.0, 0.398921, -0.0, -1.0, 0.0, -0.0, 0.0, 0.0, 0.0, 1.0],
                [-1.0, 0.0, -0.0, 0.0, 0.0, -0.0, -1.0, 0.398921, -0.0, -1.0, 0.0, -0.0, 0.0, 0.0, 0.0, 1.0]
            ]
        },
        {
            "name": "Shoulder_L",
            "time": [0.0, 0.8],
            "transform": [
                [0.386859, -0.922039, 0.013597, -0.0, -0.005261, 0.012538, 0.999908, 0.4, -0.922124, -0.386894, 0.0, -0.0, 0.0, 0.0, 0.0, 1.0],
                [0.386859, -0.922039, 0.013597, -0.0, -0.005261, 0.012538, 0.999908, 0.4, -0.922124, -0.386894, 0.0, -0.0, 0.0, 0.0, 0.0, 1.0]
            ]
        },
        {
            "name": "Arm_L",
            "time": [0.0, 0.2, 0.4, 0.6, 0.8],
            "transform": [
                [0.039073, 0.530007, 0.847093, 0.0, -0.862567, 0.445843, -0.239168, 0.39386, -0.504431, -0.721329, 0.474587, 0.0, 0.0, 0.0, 0.0, 1.0],
                [0.039073, 0.530007, 0.847093, -0.0, -0.862567, 0.445843, -0.239168, 0.39386, -0.504431, -0.721329, 0.474587, -0.0, 0.0, 0.0, 0.0, 1.0],
                [0.039073, 0.530007, 0.847093, -0.0, -0.862567, 0.445843, -0.239168, 0.39386, -0.504431, -0.721329, 0.474587, -0.0, 0.0, 0.0, 0.0, 1.0],
                [0.039073, 0.530007, 0.847093, -0.0, -0.862567, 0.445843, -0.239168, 0.39386, -0.504431, -0.721329, 0.474587, 0.0, 0.0, 0.0, 0.0, 1.0],
                [0.039073, 0.530007, 0.847093, 0.0, -0.862567, 0.445843, -0.239168, 0.39386, -0.504431, -0.721329, 0.474587, 0.0, 0.0, 0.0, 0.0, 1.0]
            ]
        },
        {
            "name": "Hand_L",
            "time": [0.0, 0.2, 0.4, 0.6, 0.8],
            "transform": [
                [0.986933, 0.085167, 0.136786, 0.0, 0.158302, -0.354065, -0.921726, 0.3, -0.030069, 0.931335, -0.362921, 0.0, 0.0, 0.0, 0.0, 1.0],
                [0.986933, 0.085167, 0.136786, 0.0, 0.158302, -0.354065, -0.921726, 0.3, -0.030069, 0.931335, -0.362921, 0.0, 0.0, 0.0, 0.0, 1.0],
                [0.986933, 0.085167, 0.136786, -0.0, 0.158302, -0.354065, -0.921726, 0.3, -0.030069, 0.931335, -0.362921, -0.0, 0.0, 0.0, 0.0, 1.0],
                [0.986933, 0.085167, 0.136786, 0.0, 0.158302, -0.354065, -0.921726, 0.3, -0.030069, 0.931335, -0.362921, -0.0, 0.0, 0.0, 0.0, 1.0],
                [0.986933, 0.085167, 0.136786, 0.0, 0.158302, -0.354065, -0.921726, 0.3, -0.030069, 0.931335, -0.362921, 0.0, 0.0, 0.0, 0.0, 1.0]
            ]
        },
        {
            "name": "Tool_L",
            "time": [0.0, 0.2, 0.4, 0.6, 0.8],
            "transform": [
                [-0.03254, 0.990548, -0.133248, 0.085051, 0.99563, 0.043801, 0.082474, 0.256548, 0.08749, -0.129905, -0.987063, 0.239384, 0.0, 0.0, 0.0, 1.0],
                [-0.03254, 0.990548, -0.133248, 0.085051, 0.99563, 0.043801, 0.082474, 0.256548, 0.08749, -0.129905, -0.987063, 0.239384, 0.0, 0.0, 0.0, 1.0],
                [-0.03254, 0.990548, -0.133248, 0.085051, 0.99563, 0.043801, 0.082474, 0.256548, 0.08749, -0.129905, -0.987063, 0.239384, 0.0, 0.0, 0.0, 1.0],
                [-0.03254, 0.990548, -0.133248, 0.085051, 0.99563, 0.043801, 0.082474, 0.256548, 0.08749, -0.129905, -0.987063, 0.239384, 0.0, 0.0, 0.0, 1.0],
                [-0.03254, 0.990548, -0.133248, 0.085051, 0.99563, 0.043801, 0.082474, 0.256548, 0.08749, -0.129905, -0.987063, 0.239384, 0.0, 0.0, 0.0, 1.0]
            ]
        },
        {
            "name": "Elbow_L",
            "time": [0.0, 0.2, 0.4, 0.6, 0.8],
            "transform": [
                [-1.0, 0.0, 0.0, 0.0, -0.0, 0.575683, -0.817673, 0.402134, -0.0, -0.817673, -0.575683, 0.0, 0.0, 0.0, 0.0, 1.0],
                [-1.0, 0.0, 0.0, -0.0, -0.0, 0.575683, -0.817673, 0.402134, -0.0, -0.817673, -0.575683, 0.0, 0.0, 0.0, 0.0, 1.0],
                [-1.0, 0.0, 0.0, -0.0, 0.0, 0.575683, -0.817673, 0.402134, -0.0, -0.817673, -0.575683, -0.0, 0.0, 0.0, 0.0, 1.0],
                [-1.0, 0.0, 0.0, 0.0, -0.0, 0.575683, -0.817673, 0.402134, -0.0, -0.817673, -0.575683, 0.0, 0.0, 0.0, 0.0, 1.0],
                [-1.0, 0.0, 0.0, 0.0, -0.0, 0.575683, -0.817673, 0.402134, -0.0, -0.817673, -0.575683, 0.0, 0.0, 0.0, 0.0, 1.0]
            ]
        }
    ]
}