{
    "animation": [
        {
            "name": "Root",
            "time": [0.0, 0.15, 0.4333, 0.6, 1.2167, 1.6333],
            "transform": [
                [0.501849, -0.009325, 0.864905, 0.073627, 0.86315, 0.069974, -0.500076, 0.062349, -0.055858, 0.997505, 0.043165, 0.621106, 0.0, 0.0, 0.0, 1.0],
                [0.995736, -0.017207, -0.090628, 0.017342, -0.091138, -0.031645, -0.995335, -0.729217, 0.014258, 0.999351, -0.033078, 0.623582, 0.0, 0.0, 0.0, 1.0],
                [0.886058, -0.044549, -0.461429, -0.002943, -0.463377, -0.056106, -0.884383, -1.014484, 0.01351, 0.99743, -0.070356, 0.624474, 0.0, 0.0, 0.0, 1.0],
                [0.789572, -0.180216, 0.586599, -0.143164, 0.613619, 0.242666, -0.751389, 0.948922, -0.006935, 0.953224, 0.302187, 0.751015, 0.0, 0.0, 0.0, 1.0],
                [0.708965, -0.216961, 0.671041, -0.157912, 0.69994, 0.332938, -0.631851, 1.218419, -0.086328, 0.917649, 0.387901, 0.768186, 0.0, 0.0, 0.0, 1.0],
                [0.854689, 0.0, -0.51914, -5e-06, -0.51914, 0.0, -0.854689, 0.947785, 0.0, 1.0, 0.0, 0.734337, 0.0, 0.0, 0.0, 1.0]
            ]
        },
        {
            "name": "Thigh_R",
            "time": [0.0, 0.15, 0.4333, 0.5167, 0.6, 1.2167, 1.4167, 1.6333],
            "transform": [
                [0.672478, 0.651729, 0.350744, 0.124994, 0.05403, -0.515866, 0.854963, -0.002831, 0.738142, -0.555992, -0.382123, -1.2e-05, 0.0, 0.0, 0.0, 1.0],
                [0.724602, 0.535226, 0.434147, 0.124994, 0.449375, -0.844557, 0.291174, -0.002831, 0.522506, -0.01589, -0.852487, -1.2e-05, 0.0, 0.0, 0.0, 1.0],
                [0.754296, 0.489148, 0.437917, 0.124994, 0.531998, -0.84625, 0.028907, -0.002831, 0.384728, 0.211166, -0.898551, -1.2e-05, 0.0, 0.0, 0.0, 1.0],
                [0.7791, 0.253473, 0.573371, 0.124994, 0.534872, -0.745812, -0.397082, -0.002831, 0.326977, 0.616046, -0.71664, -1.2e-05, 0.0, 0.0, 0.0, 1.0],
                [0.794311, 0.555516, 0.245905, 0.124994, 0.535425, -0.831392, 0.148673, -0.002831, 0.287034, 0.013572, -0.957825, -1.2e-05, 0.0, 0.0, 0.0, 1.0],
                [0.797054, 0.56032, 0.225265, 0.124994, 0.535093, -0.828182, 0.166693, -0.002831, 0.279962, -0.012325, -0.959932, -1.2e-05, 0.0, 0.0, 0.0, 1.0],
                [0.912369, 0.402471, -0.07482, 0.124994, 0.382623, -0.773418, 0.505393, -0.002831, 0.145539, -0.489732, -0.85964, -1.2e-05, 0.0, 0.0, 0.0, 1.0],
                [0.984651, 0.173938, 0.014417, 0.124994, 0.174461, -0.983273, -0.052289, -0.002831, 0.005081, 0.054002, -0.998528, -1.2e-05, 0.0, 0.0, 0.0, 1.0]
            ]
        },
        {
            "name": "Leg_R",
            "time": [0.0, 0.15, 0.4333, 0.6, 1.2167, 1.6333],
            "transform": [
                [0.999337, -0.022751, -0.028427, -0.0, 0.036382, 0.593024, 0.804362, 0.37472, -0.001442, -0.804864, 0.593458, -0.0, 0.0, 0.0, 0.0, 1.0],
                [0.999337, -0.022751, -0.028427, 0.0, 0.036382, 0.593024, 0.804362, 0.37472, -0.001442, -0.804864, 0.593458, 0.0, 0.0, 0.0, 0.0, 1.0],
                [0.999337, -0.022751, -0.028427, -0.0, 0.036382, 0.593024, 0.804362, 0.37472, -0.001442, -0.804864, 0.593458, 0.0, 0.0, 0.0, 0.0, 1.0],
                [0.999337, 0.005364, -0.036013, 0.0, 0.036381, -0.186271, 0.981824, 0.37472, -0.001442, -0.982484, -0.186343, -0.0, 0.0, 0.0, 0.0, 1.0],
                [0.999337, 0.009279, -0.035208, 0.0, 0.036382, -0.292768, 0.95549, 0.37472, -0.001442, -0.956139, -0.292911, 0.0, 0.0, 0.0, 0.0, 1.0],
                [0.998294, -0.058101, -0.005717, -0.0, 0.058095, 0.978904, 0.195889, 0.37472, -0.005785, -0.195888, 0.980609, 0.0, 0.0, 0.0, 0.0, 1.0]
            ]
        },
        {
            "name": "Knee_R",
            "time": [0.0, 0.15, 0.4333, 0.6, 1.2167, 1.6333],
            "transform": [
                [1.0, 0.0, -0.0, -0.0, -0.0, 1e-06, -1.0, 0.37472, -0.0, 1.0, 1e-06, -0.0, 0.0, 0.0, 0.0, 1.0],
                [1.0, 0.0, -0.0, 0.0, -0.0, 1e-06, -1.0, 0.37472, -0.0, 1.0, 1e-06, 0.0, 0.0, 0.0, 0.0, 1.0],
                [1.0, 0.0, -0.0, -0.0, -0.0, 1e-06, -1.0, 0.37472, -0.0, 1.0, 1e-06, 0.0, 0.0, 0.0, 0.0, 1.0],
                [1.0, 0.0, -0.0, 0.0, -0.0, 1e-06, -1.0, 0.37472, -0.0, 1.0, 1e-06, -0.0, 0.0, 0.0, 0.0, 1.0],
                [1.0, 0.0, -0.0, 0.0, -0.0, 1e-06, -1.0, 0.37472, -0.0, 1.0, 1e-06, 0.0, 0.0, 0.0, 0.0, 1.0],
                [1.0, 0.0, -0.0, -0.0, -0.0, 1e-06, -1.0, 0.37472, -0.0, 1.0, 1e-06, 0.0, 0.0, 0.0, 0.0, 1.0]
            ]
        },
        {
            "name": "Thigh_L",
            "time": [0.0, 0.15, 0.4333, 0.5167, 0.6, 1.2167, 1.6333],
            "transform": [
                [0.865341, -0.4996, 0.039796, -0.109662, -0.49403, -0.863667, -0.100071, -0.002831, 0.084366, 0.066936, -0.994184, 0.02525, 0.0, 0.0, 0.0, 1.0],
                [0.91441, -0.398659, -0.070168, -0.109662, -0.30115, -0.785829, 0.540167, -0.002831, -0.270482, -0.472803, -0.838627, 0.02525, 0.0, 0.0, 0.0, 1.0],
                [0.917092, -0.379142, -0.123256, -0.109662, -0.181384, -0.672122, 0.71788, -0.002831, -0.355021, -0.636006, -0.685169, 0.02525, 0.0, 0.0, 0.0, 1.0],
                [0.971873, -0.200633, 0.12332, -0.109662, -0.234585, -0.870919, 0.431821, -0.002831, 0.020765, -0.448604, -0.893489, 0.02525, 0.0, 0.0, 0.0, 1.0],
                [0.87304, 0.009062, 0.487563, -0.109662, -0.245535, -0.855671, 0.455565, -0.002831, 0.421322, -0.517441, -0.74481, 0.02525, 0.0, 0.0, 0.0, 1.0],
                [0.823343, 0.042316, 0.565964, -0.109662, -0.240818, -0.876945, 0.4159, -0.002831, 0.513919, -0.478723, -0.711837, 0.02525, 0.0, 0.0, 0.0, 1.0],
                [0.784702, -0.303887, -0.540272, -0.109662, -0.081415, -0.914563, 0.396164, -0.002831, -0.614502, -0.266885, -0.742401, 0.02525, 0.0, 0.0, 0.0, 1.0]
            ]
        },
        {
            "name": "Leg_L",
            "time": [0.0, 0.15, 0.4333, 0.6, 1.2167, 1.6333],
            "transform": [
                [0.997933, 0.057507, 0.028697, 0.0, -0.064028, 0.928247, 0.366413, 0.37472, -0.005567, -0.367492, 0.93001, 0.0, 0.0, 0.0, 0.0, 1.0],
                [0.997933, 0.057507, 0.028697, -0.0, -0.064028, 0.928247, 0.366413, 0.37472, -0.005566, -0.367492, 0.93001, -0.0, 0.0, 0.0, 0.0, 1.0],
                [0.997933, 0.057507, 0.028697, 0.0, -0.064028, 0.928247, 0.366413, 0.37472, -0.005566, -0.367492, 0.93001, 0.0, 0.0, 0.0, 0.0, 1.0],
                [0.997933, 0.061928, 0.017186, 0.0, -0.064028, 0.981137, 0.182401, 0.37472, -0.005566, -0.183124, 0.983074, -0.0, 0.0, 0.0, 0.0, 1.0],
                [0.997933, 0.06236, 0.01555, -0.0, -0.064028, 0.9856, 0.156502, 0.37472, -0.005566, -0.157174, 0.987556, -0.0, 0.0, 0.0, 0.0, 1.0],
                [0.997933, 0.05815, 0.027369, 0.0, -0.064028, 0.936412, 0.345012, 0.37472, -0.005566, -0.34605, 0.9382, 0.0, 0.0, 0.0, 0.0, 1.0]
            ]
        },
        {
            "name": "Knee_L",
            "time": [0.0, 0.15, 0.4333, 0.6, 1.2167, 1.6333],
            "transform": [
                [1.0, 0.0, -0.0, 0.0, -0.0, 1e-06, -1.0, 0.37472, -0.0, 1.0, 1e-06, 0.0, 0.0, 0.0, 0.0, 1.0],
                [1.0, 0.0, -0.0, -0.0, -0.0, 1e-06, -1.0, 0.37472, -0.0, 1.0, 1e-06, -0.0, 0.0, 0.0, 0.0, 1.0],
                [1.0, 0.0, -0.0, 0.0, -0.0, 1e-06, -1.0, 0.37472, -0.0, 1.0, 1e-06, 0.0, 0.0, 0.0, 0.0, 1.0],
                [1.0, 0.0, -0.0, 0.0, -0.0, 1e-06, -1.0, 0.37472, -0.0, 1.0, 1e-06, -0.0, 0.0, 0.0, 0.0, 1.0],
                [1.0, 0.0, -0.0, -0.0, -0.0, 1e-06, -1.0, 0.37472, -0.0, 1.0, 1e-06, -0.0, 0.0, 0.0, 0.0, 1.0],
                [1.0, 0.0, -0.0, 0.0, -0.0, 1e-06, -1.0, 0.37472, -0.0, 1.0, 1e-06, 0.0, 0.0, 0.0, 0.0, 1.0]
            ]
        },
        {
            "name": "Torso",
            "time": [0.0, 0.15, 0.4333, 0.6, 1.2167, 1.6333],
            "transform": [
                [0.998648, -0.018975, -0.04839, 0.0, 0.025679, 0.989544, 0.141928, 0.05, 0.045191, -0.142979, 0.988694, -0.0, 0.0, 0.0, 0.0, 1.0],
                [0.98792, -0.018975, -0.153798, -0.0, 0.040554, 0.989544, 0.138413, 0.05, 0.149564, -0.142979, 0.97836, -0.0, 0.0, 0.0, 0.0, 1.0],
                [0.981327, -0.018975, -0.191408, 0.0, 0.04581, 0.989544, 0.136764, 0.05, 0.186812, -0.142979, 0.971936, -0.0, 0.0, 0.0, 0.0, 1.0],
                [0.993061, -0.092571, -0.072522, -0.0, 0.080416, 0.984545, -0.155581, 0.05, 0.085803, 0.148669, 0.985157, 0.0, 0.0, 0.0, 0.0, 1.0],
                [0.993564, -0.099172, -0.05473, 0.0, 0.086808, 0.977048, -0.19453, 0.05, 0.072765, 0.188527, 0.979369, -0.0, 0.0, 0.0, 0.0, 1.0],
                [0.965662, -0.025127, 0.258583, -0.0, 0.020968, 0.999603, 0.018828, 0.05, -0.258953, -0.012759, 0.965806, 0.0, 0.0, 0.0, 0.0, 1.0]
            ]
        },
        {
            "name": "Chest",
            "time": [0.0, 0.15, 0.4333, 0.5167, 0.6, 1.2167, 1.4167, 1.6333],
            "transform": [
                [0.949433, -0.079095, 0.303844, 0.0, 0.036518, 0.988999, 0.143342, 0.3, -0.311839, -0.124998, 0.941877, 0.0, 0.0, 0.0, 0.0, 1.0],
                [0.953854, -0.04115, -0.297437, 0.0, 0.052224, 0.998203, 0.029379, 0.3, 0.295693, -0.043556, 0.954289, 0.0, 0.0, 0.0, 0.0, 1.0],
                [0.867102, -0.040526, -0.49648, -0.0, 0.04065, 0.999118, -0.010559, 0.3, 0.49647, -0.011026, 0.867984, 0.0, 0.0, 0.0, 0.0, 1.0],
                [0.769501, -0.081736, -0.633393, 0.0, 0.176544, 0.980353, 0.087972, 0.3, 0.613759, -0.179516, 0.768814, -0.0, 0.0, 0.0, 0.0, 1.0],
                [0.756818, -0.202901, 0.621335, -0.0, -0.057042, 0.926469, 0.372024, 0.3, -0.651131, -0.316997, 0.689595, -0.0, 0.0, 0.0, 0.0, 1.0],
                [0.847926, -0.341621, 0.405358, -0.0, 0.028552, 0.792984, 0.608573, 0.3, -0.529344, -0.504452, 0.682146, 0.0, 0.0, 0.0, 0.0, 1.0],
                [0.980597, -0.165752, 0.104669, 0.0, 0.09455, 0.86762, 0.488156, 0.3, -0.171726, -0.468788, 0.866457, -0.0, 0.0, 0.0, 0.0, 1.0],
                [0.986768, -0.023894, -0.160365, 0.0, 0.026191, 0.999582, 0.012223, 0.3, 0.160006, -0.016261, 0.986982, -0.0, 0.0, 0.0, 0.0, 1.0]
            ]
        },
        {
            "name": "Head",
            "time": [0.0, 0.15, 0.4333, 0.6, 1.2167, 1.6333],
            "transform": [
                [0.600273, 0.125454, -0.789895, 0.0, -0.045487, 0.991378, 0.122886, 0.4, 0.7985, -0.037835, 0.600804, -0.0, 0.0, 0.0, 0.0, 1.0],
                [0.859954, 0.078628, 0.504279, -0.0, -0.152966, 0.982347, 0.107686, 0.4, -0.486909, -0.169742, 0.856801, -0.0, 0.0, 0.0, 0.0, 1.0],
                [0.532257, 0.029905, 0.846054, 0.0, -0.170791, 0.982621, 0.072713, 0.4, -0.829176, -0.1832, 0.528114, 0.0, 0.0, 0.0, 0.0, 1.0],
                [0.614336, 0.029905, -0.788477, -0.0, 0.12651, 0.982621, 0.135838, 0.4, 0.778836, -0.183201, 0.599876, 0.0, 0.0, 0.0, 0.0, 1.0],
                [0.614336, 0.029905, -0.788478, 0.0, 0.12651, 0.982621, 0.135838, 0.4, 0.778836, -0.183201, 0.599876, -0.0, 0.0, 0.0, 0.0, 1.0],
                [0.907906, 0.03176, 0.417969, 0.0, -0.015014, 0.99895, -0.043293, 0.4, -0.418905, 0.033031, 0.907429, -0.0, 0.0, 0.0, 0.0, 1.0]
            ]
        },
        {
            "name": "Shoulder_R",
            "time": [0.0, 0.15, 0.4333, 0.6, 1.2167, 1.6333],
            "transform": [
                [0.167998, 0.910489, 0.37787, 0.0, -0.135916, -0.358263, 0.923674, 0.4, 0.976372, -0.206534, 0.063562, -0.0, 0.0, 0.0, 0.0, 1.0],
                [-0.024446, 0.925536, 0.37787, -0.0, -0.058675, -0.37866, 0.923674, 0.4, 0.997978, 0.000409, 0.063562, -0.0, 0.0, 0.0, 0.0, 1.0],
                [-0.093869, 0.921088, 0.37787, 0.0, -0.030078, -0.381996, 0.923674, 0.4, 0.99513, 0.075339, 0.063562, 0.0, 0.0, 0.0, 0.0, 1.0],
                [-0.135881, 0.915833, 0.37787, -0.0, -0.012583, -0.382972, 0.923674, 0.4, 0.990645, 0.120756, 0.063562, 0.0, 0.0, 0.0, 0.0, 1.0],
                [0.342118, 0.860331, 0.37787, 0.0, -0.203092, -0.32493, 0.923674, 0.4, 0.917447, -0.392748, 0.063562, -0.0, 0.0, 0.0, 0.0, 1.0],
                [0.06334, 0.923689, 0.37787, 0.0, -0.094281, -0.371399, 0.923674, 0.4, 0.993528, -0.094132, 0.063562, -0.0, 0.0, 0.0, 0.0, 1.0]
            ]
        },
        {
            "name": "Arm_R",
            "time": [0.0, 0.15, 0.4333, 0.6, 1.2167, 1.6333],
            "transform": [
                [0.100756, 0.02131, -0.994683, -0.0, -0.416283, 0.908952, -0.022694, 0.393861, 0.903635, 0.416356, 0.100454, 0.0, 0.0, 0.0, 0.0, 1.0],
                [0.100756, 0.171194, -0.980072, -0.0, -0.416282, 0.901964, 0.114755, 0.393861, 0.903635, 0.396424, 0.162144, -0.0, 0.0, 0.0, 0.0, 1.0],
                [0.100756, 0.224382, -0.969278, -0.0, -0.416283, 0.894365, 0.163768, 0.39386, 0.903635, 0.386993, 0.183519, -0.0, 0.0, 0.0, 0.0, 1.0],
                [-0.167826, -0.337699, -0.926171, 0.0, -0.507892, 0.834834, -0.212364, 0.393861, 0.844914, 0.434754, -0.311622, 0.0, 0.0, 0.0, 0.0, 1.0],
                [-0.197322, -0.72763, -0.656976, 0.0, -0.527189, 0.643762, -0.554655, 0.393861, 0.82652, 0.236905, -0.510627, -0.0, 0.0, 0.0, 0.0, 1.0],
                [0.095459, 0.079765, -0.992232, 0.0, 0.832695, 0.539784, 0.123503, 0.39386, 0.545442, -0.838016, -0.014892, -0.0, 0.0, 0.0, 0.0, 1.0]
            ]
        },
        {
            "name": "Hand_R",
            "time": [0.0, 0.15, 0.4333, 0.6, 1.2167, 1.6333],
            "transform": [
                [0.999599, -0.025792, -0.011685, -0.0, 0.023395, 0.984763, -0.17232, 0.3, 0.015951, 0.171977, 0.984972, -0.0, 0.0, 0.0, 0.0, 1.0],
                [0.999599, -0.025232, 0.01285, -0.0, 0.023395, 0.480301, -0.876792, 0.3, 0.015951, 0.876741, 0.480698, -0.0, 0.0, 0.0, 0.0, 1.0],
                [0.999599, -0.020037, 0.020008, 0.0, 0.023395, 0.18637, -0.982201, 0.3, 0.015951, 0.982276, 0.186764, 0.0, 0.0, 0.0, 0.0, 1.0],
                [0.999599, -0.027691, 0.005913, -0.0, 0.023395, 0.690053, -0.723381, 0.3, 0.015951, 0.723229, 0.690424, -0.0, 0.0, 0.0, 0.0, 1.0],
                [0.999599, -0.020037, 0.020008, -0.0, 0.023395, 0.18637, -0.982201, 0.3, 0.015951, 0.982276, 0.186764, -0.0, 0.0, 0.0, 0.0, 1.0],
                [0.999599, -0.023021, -0.016487, -0.0, 0.023395, 0.999464, 0.022904, 0.3, 0.015951, -0.02328, 0.999602, 0.0, 0.0, 0.0, 0.0, 1.0]
            ]
        },
        {
            "name": "Tool_R",
            "time": [0.0, 0.15, 0.4333, 0.6, 1.2167, 1.6333],
            "transform": [
                [0.999822, 0.009713, 0.016189, -0.017311, 0.006818, -0.985396, 0.17014, 0.36637, 0.017595, -0.169909, -0.984702, 0.051121, 0.0, 0.0, 0.0, 1.0],
                [0.999822, 0.009713, 0.016189, -0.017312, 0.006818, -0.985396, 0.17014, 0.36637, 0.017595, -0.169909, -0.984702, 0.051121, 0.0, 0.0, 0.0, 1.0],
                [0.999822, 0.009713, 0.016189, -0.017311, 0.006818, -0.985396, 0.17014, 0.36637, 0.017595, -0.169909, -0.984702, 0.051121, 0.0, 0.0, 0.0, 1.0],
                [0.999822, 0.009713, 0.016189, -0.017311, 0.006818, -0.985396, 0.17014, 0.36637, 0.017595, -0.169909, -0.984702, 0.051122, 0.0, 0.0, 0.0, 1.0],
                [0.999822, 0.009713, 0.016189, -0.017312, 0.006818, -0.985396, 0.17014, 0.36637, 0.017595, -0.169909, -0.984702, 0.051121, 0.0, 0.0, 0.0, 1.0],
                [0.999822, 0.009713, 0.016189, -0.017311, 0.006818, -0.985396, 0.17014, 0.36637, 0.017595, -0.169909, -0.984702, 0.051121, 0.0, 0.0, 0.0, 1.0]
            ]
        },
        {
            "name": "Elbow_R",
            "time": [0.0, 0.15, 0.4333, 0.6, 1.2167, 1.6333],
            "transform": [
                [-1.0, 0.0, 0.0, 0.0, -0.0, -0.139408, -0.990235, 0.335189, -0.0, -0.990235, 0.139409, -0.005621, 0.0, 0.0, 0.0, 1.0],
                [-1.0, 0.0, 0.0, -0.0, -0.0, -0.139408, -0.990235, 0.335189, -0.0, -0.990235, 0.139409, -0.005621, 0.0, 0.0, 0.0, 1.0],
                [-1.0, 0.0, 0.0, 0.0, -0.0, -0.139408, -0.990235, 0.335189, -0.0, -0.990235, 0.139409, -0.005621, 0.0, 0.0, 0.0, 1.0],
                [-1.0, 0.0, 0.0, -0.0, -0.0, -0.139408, -0.990235, 0.335189, -0.0, -0.990235, 0.139409, -0.005621, 0.0, 0.0, 0.0, 1.0],
                [-1.0, 0.0, 0.0, -0.0, -0.0, -0.139408, -0.990235, 0.335189, -0.0, -0.990235, 0.139409, -0.005621, 0.0, 0.0, 0.0, 1.0],
                [-1.0, 0.0, 0.0, -0.0, -0.0, -0.139408, -0.990235, 0.335189, -0.0, -0.990235, 0.139408, -0.005621, 0.0, 0.0, 0.0, 1.0]
            ]
        },
        {
            "name": "Shoulder_L",
            "time": [0.0, 0.15, 0.4333, 0.6, 1.2167, 1.6333],
            "transform": [
                [-0.007939, -0.952498, -0.304441, 0.0, -0.088921, -0.302572, 0.948969, 0.4, -0.996007, 0.034605, -0.082295, -0.0, 0.0, 0.0, 0.0, 1.0],
                [-0.007939, -0.952498, -0.304441, -0.0, -0.088921, -0.302572, 0.94897, 0.4, -0.996007, 0.034605, -0.082295, -0.0, 0.0, 0.0, 0.0, 1.0],
                [-0.007939, -0.952498, -0.304441, 0.0, -0.088921, -0.302572, 0.94897, 0.4, -0.996007, 0.034605, -0.082295, 0.0, 0.0, 0.0, 0.0, 1.0],
                [-0.135351, -0.942866, -0.304441, -0.0, -0.128618, -0.287948, 0.94897, 0.4, -0.982414, 0.167601, -0.082295, 0.0, 0.0, 0.0, 0.0, 1.0],
                [-0.152688, -0.940214, -0.304441, 0.0, -0.133898, -0.285532, 0.94897, 0.4, -0.979162, 0.18566, -0.082295, -0.0, 0.0, 0.0, 0.0, 1.0],
                [-0.007939, -0.952498, -0.304441, 0.0, -0.088921, -0.302572, 0.94897, 0.4, -0.996007, 0.034605, -0.082295, -0.0, 0.0, 0.0, 0.0, 1.0]
            ]
        },
        {
            "name": "Arm_L",
            "time": [0.0, 0.15, 0.4333, 0.6, 1.2167, 1.6333],
            "transform": [
                [-0.01435, -0.194997, 0.980699, -0.0, -0.431016, 0.886204, 0.169901, 0.39386, -0.90223, -0.420259, -0.096764, -0.0, 0.0, 0.0, 0.0, 1.0],
                [-0.069094, -0.18291, 0.980699, 0.0, -0.161826, 0.972083, 0.169901, 0.39386, -0.984398, -0.146963, -0.096764, 0.0, 0.0, 0.0, 0.0, 1.0],
                [-0.0876, -0.174803, 0.980699, -0.0, -0.060649, 0.983593, 0.169902, 0.39386, -0.994308, -0.044595, -0.096764, -0.0, 0.0, 0.0, 0.0, 1.0],
                [-0.0876, -0.174803, 0.980699, 0.0, -0.060649, 0.983593, 0.169901, 0.39386, -0.994308, -0.044596, -0.096764, 0.0, 0.0, 0.0, 0.0, 1.0],
                [-0.0876, -0.174803, 0.980699, 0.0, -0.060649, 0.983593, 0.169902, 0.39386, -0.994308, -0.044596, -0.096764, -0.0, 0.0, 0.0, 0.0, 1.0],
                [0.069235, -0.070755, 0.995088, -0.0, -0.686109, 0.720733, 0.098984, 0.39386, -0.724197, -0.689592, 0.001354, -0.0, 0.0, 0.0, 0.0, 1.0]
            ]
        },
        {
            "name": "Hand_L",
            "time": [0.0, 0.15, 0.4333, 0.6, 1.2167, 1.6333],
            "transform": [
                [0.99991, 0.013352, -0.001578, -0.0, -0.012582, 0.887892, -0.45988, 0.3, -0.004739, 0.459858, 0.88798, 0.0, 0.0, 0.0, 0.0, 1.0],
                [0.99991, 0.013352, -0.001578, 0.0, -0.012582, 0.887892, -0.45988, 0.3, -0.004739, 0.459858, 0.88798, 0.0, 0.0, 0.0, 0.0, 1.0],
                [0.99991, 0.013352, -0.001578, -0.0, -0.012582, 0.887892, -0.45988, 0.3, -0.004739, 0.459858, 0.88798, 0.0, 0.0, 0.0, 0.0, 1.0],
                [0.99991, 0.013352, -0.001578, 0.0, -0.012582, 0.887892, -0.45988, 0.3, -0.004739, 0.459858, 0.88798, -0.0, 0.0, 0.0, 0.0, 1.0],
                [0.99991, 0.013352, -0.001578, 0.0, -0.012582, 0.887892, -0.45988, 0.3, -0.004739, 0.459858, 0.88798, -0.0, 0.0, 0.0, 0.0, 1.0],
                [0.99991, 0.013352, -0.001578, 0.0, -0.012582, 0.887892, -0.45988, 0.3, -0.004739, 0.459858, 0.88798, -0.0, 0.0, 0.0, 0.0, 1.0]
            ]
        },
        {
            "name": "Tool_L",
            "time": [0.0, 0.15, 0.4333, 0.6, 1.2167, 1.6333],
            "transform": [
                [0.998658, 0.039723, -0.033233, -0.012677, 0.043929, -0.98956, 0.137266, 0.208813, -0.027417, -0.138471, -0.989393, 0.160811, 0.0, 0.0, 0.0, 1.0],
                [0.998658, 0.039723, -0.033233, -0.012677, 0.043929, -0.989559, 0.137266, 0.208813, -0.027417, -0.13847, -0.989393, 0.160811, 0.0, 0.0, 0.0, 1.0],
                [0.998658, 0.039723, -0.033233, -0.012677, 0.043929, -0.98956, 0.137266, 0.208813, -0.027417, -0.138471, -0.989393, 0.160811, 0.0, 0.0, 0.0, 1.0],
                [0.998658, 0.039723, -0.033233, -0.012677, 0.043929, -0.98956, 0.137266, 0.208813, -0.027417, -0.138471, -0.989393, 0.160811, 0.0, 0.0, 0.0, 1.0],
                [0.998658, 0.039723, -0.033233, -0.012677, 0.043929, -0.98956, 0.137266, 0.208813, -0.027417, -0.138471, -0.989393, 0.160811, 0.0, 0.0, 0.0, 1.0],
                [0.998658, 0.039723, -0.033233, -0.012677, 0.043929, -0.98956, 0.137266, 0.208813, -0.027417, -0.138471, -0.989393, 0.160811, 0.0, 0.0, 0.0, 1.0]
            ]
        },
        {
            "name": "Elbow_L",
            "time": [0.0, 0.15, 0.4333, 0.6, 1.2167, 1.6333],
            "transform": [
                [-0.999641, -0.004744, -0.026384, -0.001644, 0.023045, 0.350725, -0.936195, 0.298484, 0.013695, -0.936467, -0.350489, -0.001028, 0.0, 0.0, 0.0, 1.0],
                [-0.999641, -0.004744, -0.026384, -0.001644, 0.023045, 0.350725, -0.936195, 0.298484, 0.013695, -0.936467, -0.350489, -0.001028, 0.0, 0.0, 0.0, 1.0],
                [-0.999641, -0.004744, -0.026384, -0.001644, 0.023045, 0.350725, -0.936195, 0.298484, 0.013695, -0.936467, -0.350489, -0.001028, 0.0, 0.0, 0.0, 1.0],
                [-0.999641, -0.004744, -0.026384, -0.001644, 0.023045, 0.350725, -0.936195, 0.298484, 0.013695, -0.936467, -0.350489, -0.001028, 0.0, 0.0, 0.0, 1.0],
                [-0.999641, -0.004744, -0.026384, -0.001644, 0.023045, 0.350725, -0.936195, 0.298484, 0.013695, -0.936467, -0.350489, -0.001028, 0.0, 0.0, 0.0, 1.0],
                [-0.999641, -0.004744, -0.026384, -0.001644, 0.023045, 0.350725, -0.936195, 0.298484, 0.013695, -0.936467, -0.35049, -0.001028, 0.0, 0.0, 0.0, 1.0]
            ]
        }
    ]
}