{
    "animation": [
        {
            "name": "Root",
            "time": [0.0, 0.1167, 0.2167, 0.4167, 0.55, 1.05, 1.2333],
            "transform": [
                [0.854689, 0.0, -0.51914, -5e-06, -0.51914, 0.0, -0.854689, 0.000946, 0.0, 1.0, 0.0, 0.734337, 0.0, 0.0, 0.0, 1.0],
                [0.988844, -0.022858, 0.147188, 0.014911, 0.148361, 0.06319, -0.986912, 0.259338, 0.013258, 0.99774, 0.065876, 0.696262, 0.0, 0.0, 0.0, 1.0],
                [0.795488, -0.040378, 0.604623, 0.037075, 0.584234, -0.213732, -0.782936, 0.403603, 0.16084, 0.976058, -0.146431, 0.796299, 0.0, 0.0, 0.0, 1.0],
                [0.674572, -0.023442, 0.737837, 0.043025, 0.691243, -0.330758, -0.642481, 0.497952, 0.259107, 0.943424, -0.206916, 0.806242, 0.0, 0.0, 0.0, 1.0],
                [0.797957, -0.082915, -0.596983, 0.043025, -0.569691, 0.219602, -0.791977, 0.984904, 0.196765, 0.97206, 0.127997, 0.546717, 0.0, 0.0, 0.0, 1.0],
                [0.794463, -0.060763, -0.604266, 0.043025, -0.591137, 0.150746, -0.792359, 0.989338, 0.139236, 0.986703, 0.083843, 0.543801, 0.0, 0.0, 0.0, 1.0],
                [0.794463, -0.060763, -0.604266, 0.043025, -0.591137, 0.150746, -0.792359, 0.989338, 0.139236, 0.986703, 0.083843, 0.543801, 0.0, 0.0, 0.0, 1.0]
            ]
        },
        {
            "name": "Thigh_R",
            "time": [0.0, 0.1167, 0.2167, 0.4167, 0.4833, 0.55, 1.05, 1.2333],
            "transform": [
                [0.984651, 0.173938, 0.014417, 0.124994, 0.174461, -0.983273, -0.052289, -0.002831, 0.005081, 0.054002, -0.998528, -1.2e-05, 0.0, 0.0, 0.0, 1.0],
                [0.913185, 0.381142, 0.144302, 0.124994, 0.265338, -0.824776, 0.499337, -0.002831, 0.309335, -0.417697, -0.854307, -1.2e-05, 0.0, 0.0, 0.0, 1.0],
                [0.816388, 0.55889, 0.145436, 0.124994, 0.202681, -0.5131, 0.834056, -0.002831, 0.540769, -0.651434, -0.532166, -1.2e-05, 0.0, 0.0, 0.0, 1.0],
                [0.778925, 0.614752, 0.123911, 0.124994, 0.15509, -0.380285, 0.911773, -0.002831, 0.607636, -0.690984, -0.391557, -1.2e-05, 0.0, 0.0, 0.0, 1.0],
                [0.950793, 0.023639, 0.308923, 0.124994, -5.1e-05, -0.997071, 0.076454, -0.002831, 0.309826, -0.072707, -0.94801, -1.2e-05, 0.0, 0.0, 0.0, 1.0],
                [0.849882, 0.421615, -0.316134, 0.124994, 0.322889, -0.890733, -0.319897, -0.002831, -0.416465, 0.169799, -0.893155, -1.2e-05, 0.0, 0.0, 0.0, 1.0],
                [0.880837, 0.314575, -0.35379, 0.124994, 0.251493, -0.944065, -0.213279, -0.002831, -0.401094, 0.098889, -0.910684, -1.2e-05, 0.0, 0.0, 0.0, 1.0],
                [0.880837, 0.314575, -0.35379, 0.124994, 0.251493, -0.944065, -0.213279, -0.002831, -0.401094, 0.098889, -0.910684, -1.2e-05, 0.0, 0.0, 0.0, 1.0]
            ]
        },
        {
            "name": "Leg_R",
            "time": [0.0, 0.2167, 0.4167, 0.55, 1.05, 1.2333],
            "transform": [
                [0.998294, -0.058101, -0.005717, -0.0, 0.058095, 0.978904, 0.195889, 0.37472, -0.005785, -0.195888, 0.980609, 0.0, 0.0, 0.0, 0.0, 1.0],
                [0.998295, -0.012959, -0.056925, -0.0, 0.058094, 0.123874, 0.990595, 0.37472, -0.005785, -0.992214, 0.124415, -0.0, 0.0, 0.0, 0.0, 1.0],
                [0.998294, -0.002096, -0.058344, -0.0, 0.058094, -0.063366, 0.996298, 0.37472, -0.005785, -0.997989, -0.063136, -0.0, 0.0, 0.0, 0.0, 1.0],
                [0.998295, -0.056426, -0.014984, 0.0, 0.058094, 0.934677, 0.35072, 0.37472, -0.005785, -0.350993, 0.93636, 0.0, 0.0, 0.0, 0.0, 1.0],
                [0.998294, -0.045714, -0.036313, 0.0, 0.058094, 0.716206, 0.695467, 0.37472, -0.005785, -0.696391, 0.717639, -0.0, 0.0, 0.0, 0.0, 1.0],
                [0.998294, -0.045714, -0.036313, 0.0, 0.058094, 0.716206, 0.695467, 0.37472, -0.005785, -0.696391, 0.717639, -0.0, 0.0, 0.0, 0.0, 1.0]
            ]
        },
        {
            "name": "Knee_R",
            "time": [0.0, 0.2167, 0.4167, 0.55, 1.05, 1.2333],
            "transform": [
                [1.0, 0.0, -0.0, -0.0, -0.0, 1e-06, -1.0, 0.37472, -0.0, 1.0, 1e-06, 0.0, 0.0, 0.0, 0.0, 1.0],
                [1.0, 0.0, -0.0, -0.0, -0.0, 0.439517, -0.898234, 0.37472, -0.0, 0.898234, 0.439517, -0.0, 0.0, 0.0, 0.0, 1.0],
                [1.0, 0.0, -0.0, -0.0, -0.0, 0.503353, -0.864081, 0.37472, -0.0, 0.864081, 0.503353, -0.0, 0.0, 0.0, 0.0, 1.0],
                [1.0, 0.0, -0.0, 0.0, -0.0, 0.503352, -0.864081, 0.37472, -0.0, 0.864081, 0.503353, 0.0, 0.0, 0.0, 0.0, 1.0],
                [1.0, 0.0, -0.0, 0.0, -0.0, 0.503353, -0.864081, 0.37472, -0.0, 0.864081, 0.503353, -0.0, 0.0, 0.0, 0.0, 1.0],
                [1.0, 0.0, -0.0, 0.0, -0.0, 0.503353, -0.864081, 0.37472, -0.0, 0.864081, 0.503353, -0.0, 0.0, 0.0, 0.0, 1.0]
            ]
        },
        {
            "name": "Thigh_L",
            "time": [0.0, 0.1167, 0.2167, 0.4167, 0.55, 1.05, 1.2333],
            "transform": [
                [0.784702, -0.303887, -0.540272, -0.109662, -0.081415, -0.914563, 0.396164, -0.002831, -0.614502, -0.266885, -0.742401, 0.02525, 0.0, 0.0, 0.0, 1.0],
                [0.993483, -0.091802, 0.067551, -0.109662, -0.110874, -0.915761, 0.386121, -0.002831, 0.026414, -0.391094, -0.919971, 0.02525, 0.0, 0.0, 0.0, 1.0],
                [0.818645, -0.273362, 0.505066, -0.109662, -0.237317, -0.961873, -0.135944, -0.002831, 0.522971, -0.00857, -0.852307, 0.02525, 0.0, 0.0, 0.0, 1.0],
                [0.71428, -0.294458, 0.6349, -0.109662, -0.200775, -0.955265, -0.21716, -0.002831, 0.670442, 0.027642, -0.741446, 0.02525, 0.0, 0.0, 0.0, 1.0],
                [0.674399, -0.738097, -0.019963, -0.109662, -0.064156, -0.085512, 0.994269, -0.002831, -0.735574, -0.669254, -0.105023, 0.02525, 0.0, 0.0, 0.0, 1.0],
                [0.667165, -0.732712, -0.134248, -0.109662, -0.052166, -0.225735, 0.97279, -0.002831, -0.74308, -0.64201, -0.188826, 0.02525, 0.0, 0.0, 0.0, 1.0],
                [0.667165, -0.732712, -0.134248, -0.109662, -0.052166, -0.225735, 0.97279, -0.002831, -0.74308, -0.64201, -0.188826, 0.02525, 0.0, 0.0, 0.0, 1.0]
            ]
        },
        {
            "name": "Leg_L",
            "time": [0.0, 0.1167, 0.2167, 0.4167, 0.55, 1.05, 1.2333],
            "transform": [
                [0.997933, 0.05815, 0.027369, 0.0, -0.064028, 0.936412, 0.345012, 0.37472, -0.005566, -0.34605, 0.9382, -0.0, 0.0, 0.0, 0.0, 1.0],
                [0.997933, 0.042775, 0.047967, 0.0, -0.064028, 0.726334, 0.684354, 0.37472, -0.005567, -0.686009, 0.727571, -0.0, 0.0, 0.0, 0.0, 1.0],
                [0.997933, 0.062476, 0.015075, 0.0, -0.064028, 0.986761, 0.149005, 0.37472, -0.005566, -0.149662, 0.988722, -0.0, 0.0, 0.0, 0.0, 1.0],
                [0.997933, 0.062933, 0.013034, 0.0, -0.064028, 0.991087, 0.116819, 0.37472, -0.005566, -0.117412, 0.993068, 0.0, 0.0, 0.0, 0.0, 1.0],
                [0.997933, 0.01883, 0.061449, -0.0, -0.064028, 0.374088, 0.925181, 0.37472, -0.005567, -0.927202, 0.374521, 0.0, 0.0, 0.0, 0.0, 1.0],
                [0.997933, 0.012635, 0.063015, -0.0, -0.064028, 0.280375, 0.957753, 0.37472, -0.005567, -0.959807, 0.280605, -0.0, 0.0, 0.0, 0.0, 1.0],
                [0.997933, 0.012635, 0.063015, -0.0, -0.064028, 0.280375, 0.957753, 0.37472, -0.005567, -0.959807, 0.280605, -0.0, 0.0, 0.0, 0.0, 1.0]
            ]
        },
        {
            "name": "Knee_L",
            "time": [0.0, 0.2167, 0.4167, 0.55, 1.05, 1.2333],
            "transform": [
                [1.0, 0.0, -0.0, 0.0, -0.0, 1e-06, -1.0, 0.37472, -0.0, 1.0, 1e-06, -0.0, 0.0, 0.0, 0.0, 1.0],
                [1.0, 0.0, -0.0, 0.0, -0.0, 1e-06, -1.0, 0.37472, -0.0, 1.0, 1e-06, -0.0, 0.0, 0.0, 0.0, 1.0],
                [1.0, 0.0, -0.0, 0.0, -0.0, 1e-06, -1.0, 0.37472, -0.0, 1.0, 1e-06, 0.0, 0.0, 0.0, 0.0, 1.0],
                [1.0, 0.0, -0.0, -0.0, -0.0, 1e-06, -1.0, 0.37472, -0.0, 1.0, 1e-06, 0.0, 0.0, 0.0, 0.0, 1.0],
                [1.0, 0.0, -0.0, -0.0, -0.0, 1e-06, -1.0, 0.37472, -0.0, 1.0, 1e-06, -0.0, 0.0, 0.0, 0.0, 1.0],
                [1.0, 0.0, -0.0, -0.0, -0.0, 1e-06, -1.0, 0.37472, -0.0, 1.0, 1e-06, -0.0, 0.0, 0.0, 0.0, 1.0]
            ]
        },
        {
            "name": "Torso",
            "time": [0.0, 0.1167, 0.2167, 0.4167, 0.55, 0.65, 1.05, 1.2333],
            "transform": [
                [0.965662, -0.025127, 0.258583, -0.0, 0.020968, 0.999603, 0.018828, 0.05, -0.258953, -0.012759, 0.965806, 0.0, 0.0, 0.0, 0.0, 1.0],
                [0.965662, -0.069975, 0.250199, -0.0, 0.020968, 0.980895, 0.193406, 0.05, -0.258953, -0.181518, 0.94868, -0.0, 0.0, 0.0, 0.0, 1.0],
                [0.965662, -0.025127, 0.258583, -0.0, 0.020968, 0.999603, 0.018828, 0.05, -0.258953, -0.012759, 0.965806, 0.0, 0.0, 0.0, 0.0, 1.0],
                [0.965662, -0.025127, 0.258583, 0.0, 0.020968, 0.999603, 0.018828, 0.05, -0.258953, -0.012759, 0.965806, 0.0, 0.0, 0.0, 0.0, 1.0],
                [0.984885, -0.135898, 0.107395, 0.0, 0.134934, 0.990722, 0.016227, 0.05, -0.108604, -0.001491, 0.994084, 0.0, 0.0, 0.0, 0.0, 1.0],
                [0.979033, -0.183992, 0.08742, -0.0, 0.180196, 0.982382, 0.049553, 0.05, -0.094997, -0.032762, 0.994938, 0.0, 0.0, 0.0, 0.0, 1.0],
                [0.984848, -0.146684, 0.092511, -0.0, 0.145917, 0.989183, 0.015034, 0.05, -0.093716, -0.001307, 0.995598, -0.0, 0.0, 0.0, 0.0, 1.0],
                [0.984848, -0.146684, 0.092511, -0.0, 0.145917, 0.989183, 0.015034, 0.05, -0.093716, -0.001307, 0.995598, -0.0, 0.0, 0.0, 0.0, 1.0]
            ]
        },
        {
            "name": "Chest",
            "time": [0.0, 0.1167, 0.2167, 0.4167, 0.4833, 0.55, 0.65, 1.05, 1.2333],
            "transform": [
                [0.986768, -0.023894, -0.160365, -0.0, 0.026191, 0.999582, 0.012223, 0.3, 0.160006, -0.016261, 0.986982, -0.0, 0.0, 0.0, 0.0, 1.0],
                [0.981866, 0.107267, -0.156308, -0.0, -0.034239, 0.911304, 0.410309, 0.3, 0.186457, -0.397517, 0.898451, -0.0, 0.0, 0.0, 0.0, 1.0],
                [0.971231, 0.127378, -0.20121, 0.0, -0.095687, 0.982455, 0.160078, 0.3, 0.21807, -0.13622, 0.96638, 0.0, 0.0, 0.0, 0.0, 1.0],
                [0.958034, 0.151864, 0.243121, -0.0, -0.18381, 0.976271, 0.114492, 0.3, -0.219965, -0.154375, 0.963215, 0.0, 0.0, 0.0, 0.0, 1.0],
                [0.922479, 0.147157, 0.356901, -0.0, -0.255675, 0.925565, 0.279214, 0.3, -0.289246, -0.34882, 0.891438, -0.0, 0.0, 0.0, 0.0, 1.0],
                [0.960232, -0.052306, -0.274259, 0.0, 0.14188, 0.937427, 0.317964, 0.3, 0.240466, -0.344231, 0.907569, -0.0, 0.0, 0.0, 0.0, 1.0],
                [0.963041, -0.056063, -0.263456, -0.0, 0.144644, 0.932745, 0.330249, 0.3, 0.227223, -0.35615, 0.906381, -0.0, 0.0, 0.0, 0.0, 1.0],
                [0.964045, 0.092537, -0.249105, 0.0, -0.035637, 0.973963, 0.223889, 0.3, 0.263337, -0.206962, 0.942242, -0.0, 0.0, 0.0, 0.0, 1.0],
                [0.964045, 0.092537, -0.249105, 0.0, -0.035637, 0.973963, 0.223889, 0.3, 0.263337, -0.206962, 0.942242, -0.0, 0.0, 0.0, 0.0, 1.0]
            ]
        },
        {
            "name": "Head",
            "time": [0.0, 0.1167, 0.2167, 0.4167, 0.4833, 0.55, 1.05, 1.2333],
            "transform": [
                [0.907906, 0.03176, 0.417969, -0.0, -0.015014, 0.99895, -0.043293, 0.4, -0.418905, 0.033031, 0.907429, -0.0, 0.0, 0.0, 0.0, 1.0],
                [0.992792, 0.000561, -0.119846, -0.0, -0.035351, 0.956869, -0.288361, 0.4, 0.114515, 0.290519, 0.949992, 0.0, 0.0, 0.0, 0.0, 1.0],
                [0.757861, 0.03176, -0.651642, -0.0, -0.045615, 0.99895, -0.004363, 0.4, 0.650819, 0.033031, 0.758514, -0.0, 0.0, 0.0, 0.0, 1.0],
                [0.633887, 0.03176, -0.772773, -0.0, -0.045682, 0.99895, 0.003583, 0.4, 0.772076, 0.033031, 0.634672, -0.0, 0.0, 0.0, 0.0, 1.0],
                [0.793043, 0.031782, -0.608336, 0.0, -0.045334, 0.998948, -0.006909, 0.4, 0.607476, 0.033057, 0.79365, -0.0, 0.0, 0.0, 0.0, 1.0],
                [0.732689, 0.031765, 0.679822, 0.0, -0.000794, 0.998949, -0.045822, 0.4, -0.680563, 0.033033, 0.731944, -0.0, 0.0, 0.0, 0.0, 1.0],
                [0.629002, 0.03176, 0.776755, 0.0, 0.005707, 0.99895, -0.045466, 0.4, -0.777383, 0.033031, 0.62816, 0.0, 0.0, 0.0, 0.0, 1.0],
                [0.629002, 0.03176, 0.776755, 0.0, 0.005707, 0.99895, -0.045466, 0.4, -0.777383, 0.033031, 0.62816, 0.0, 0.0, 0.0, 0.0, 1.0]
            ]
        },
        {
            "name": "Shoulder_R",
            "time": [0.0, 0.2167, 0.4167, 0.55, 1.05, 1.2333],
            "transform": [
                [0.06334, 0.923689, 0.37787, -0.0, -0.094281, -0.371399, 0.923674, 0.4, 0.993528, -0.094132, 0.063562, -0.0, 0.0, 0.0, 0.0, 1.0],
                [0.443436, 0.812759, 0.37787, -0.0, -0.240818, -0.298047, 0.923674, 0.4, 0.863348, -0.500589, 0.063562, -0.0, 0.0, 0.0, 0.0, 1.0],
                [0.718388, 0.584065, 0.37787, -0.0, -0.335812, -0.184543, 0.923674, 0.4, 0.60922, -0.79045, 0.063562, -0.0, 0.0, 0.0, 0.0, 1.0],
                [0.040202, 0.924985, 0.37787, 0.0, -0.084957, -0.373642, 0.923674, 0.4, 0.995573, -0.069236, 0.063562, -0.0, 0.0, 0.0, 0.0, 1.0],
                [-0.004629, 0.925847, 0.37787, 0.0, -0.066767, -0.377317, 0.923674, 0.4, 0.997758, -0.020954, 0.063562, 0.0, 0.0, 0.0, 0.0, 1.0],
                [-0.004629, 0.925847, 0.37787, 0.0, -0.066767, -0.377317, 0.923674, 0.4, 0.997758, -0.020954, 0.063562, 0.0, 0.0, 0.0, 0.0, 1.0]
            ]
        },
        {
            "name": "Arm_R",
            "time": [0.0, 0.1167, 0.2167, 0.4167, 0.4833, 0.55, 0.65, 1.05, 1.2333],
            "transform": [
                [0.095459, 0.079765, -0.992232, -0.0, 0.832695, 0.539784, 0.123503, 0.39386, 0.545442, -0.838016, -0.014892, -0.0, 0.0, 0.0, 0.0, 1.0],
                [-0.160706, 0.313619, -0.935851, -0.0, 0.577638, 0.798719, 0.168471, 0.39386, 0.800317, -0.513509, -0.309517, 0.0, 0.0, 0.0, 0.0, 1.0],
                [-0.016938, -0.99905, -0.040144, 0.0, 0.19391, 0.036105, -0.980354, 0.39386, 0.980873, -0.02439, 0.193114, 0.0, 0.0, 0.0, 0.0, 1.0],
                [0.138253, -0.969822, -0.200825, -0.0, 0.121673, 0.217868, -0.968364, 0.39386, 0.982895, 0.109444, 0.148123, -0.0, 0.0, 0.0, 0.0, 1.0],
                [-0.141608, -0.652871, -0.744114, -0.0, -0.142428, 0.757306, -0.637341, 0.39386, 0.979623, 0.01573, -0.200227, -0.0, 0.0, 0.0, 0.0, 1.0],
                [0.143871, -0.055736, -0.988025, -0.0, 0.119778, 0.992053, -0.038522, 0.39386, 0.982321, -0.112802, 0.149404, -0.0, 0.0, 0.0, 0.0, 1.0],
                [0.125272, 0.071935, -0.989511, 0.0, -0.129709, 0.989995, 0.055549, 0.39386, 0.983607, 0.12139, 0.133349, 0.0, 0.0, 0.0, 0.0, 1.0],
                [0.138253, 0.057207, -0.988743, 0.0, 0.121673, 0.989787, 0.074281, 0.393861, 0.982895, -0.130573, 0.12988, 0.0, 0.0, 0.0, 0.0, 1.0],
                [0.138253, 0.057207, -0.988743, 0.0, 0.121673, 0.989787, 0.074281, 0.393861, 0.982895, -0.130573, 0.12988, 0.0, 0.0, 0.0, 0.0, 1.0]
            ]
        },
        {
            "name": "Hand_R",
            "time": [0.0, 0.2167, 0.4167, 0.55, 1.05, 1.2333],
            "transform": [
                [0.999599, -0.023021, -0.016487, 0.0, 0.023395, 0.999464, 0.022904, 0.3, 0.015951, -0.02328, 0.999602, -0.0, 0.0, 0.0, 0.0, 1.0],
                [0.999599, -0.028292, -0.00116, -0.0, 0.023395, 0.848284, -0.529025, 0.3, 0.015951, 0.528786, 0.848605, -0.0, 0.0, 0.0, 0.0, 1.0],
                [0.999599, -0.028279, 0.001441, 0.0, 0.023395, 0.79616, -0.604633, 0.3, 0.015951, 0.604425, 0.796503, -0.0, 0.0, 0.0, 0.0, 1.0],
                [0.999599, -0.025141, -0.013028, -0.0, 0.023395, 0.992478, -0.12017, 0.3, 0.015951, 0.119817, 0.992668, 0.0, 0.0, 0.0, 0.0, 1.0],
                [0.999599, -0.024444, -0.014293, 0.0, 0.023395, 0.997314, -0.069402, 0.3, 0.015951, 0.06904, 0.997486, 0.0, 0.0, 0.0, 0.0, 1.0],
                [0.999599, -0.024444, -0.014293, 0.0, 0.023395, 0.997314, -0.069402, 0.3, 0.015951, 0.06904, 0.997486, 0.0, 0.0, 0.0, 0.0, 1.0]
            ]
        },
        {
            "name": "Tool_R",
            "time": [0.0, 0.2167, 0.4167, 0.55, 1.05, 1.2333],
            "transform": [
                [0.999822, 0.009713, 0.016189, -0.017311, 0.006818, -0.985396, 0.17014, 0.36637, 0.017595, -0.169909, -0.984702, 0.051121, 0.0, 0.0, 0.0, 1.0],
                [0.999822, 0.009713, 0.016189, -0.017312, 0.006818, -0.985396, 0.17014, 0.36637, 0.017595, -0.169909, -0.984702, 0.051121, 0.0, 0.0, 0.0, 1.0],
                [0.999822, 0.009713, 0.016189, -0.017312, 0.006818, -0.985396, 0.17014, 0.36637, 0.017595, -0.169909, -0.984702, 0.051121, 0.0, 0.0, 0.0, 1.0],
                [0.999822, 0.009713, 0.016189, -0.017312, 0.006818, -0.985396, 0.17014, 0.36637, 0.017595, -0.169909, -0.984702, 0.051121, 0.0, 0.0, 0.0, 1.0],
                [0.999822, 0.009713, 0.016189, -0.017311, 0.006818, -0.985396, 0.17014, 0.36637, 0.017595, -0.169909, -0.984702, 0.051121, 0.0, 0.0, 0.0, 1.0],
                [0.999822, 0.009713, 0.016189, -0.017311, 0.006818, -0.985396, 0.17014, 0.36637, 0.017595, -0.169909, -0.984702, 0.051121, 0.0, 0.0, 0.0, 1.0]
            ]
        },
        {
            "name": "Elbow_R",
            "time": [0.0, 0.2167, 0.4167, 0.55, 1.05, 1.2333],
            "transform": [
                [-1.0, 0.0, 0.0, -0.0, -0.0, -0.139408, -0.990235, 0.335189, -0.0, -0.990235, 0.139408, -0.005621, 0.0, 0.0, 0.0, 1.0],
                [-1.0, 0.0, 0.0, -0.0, -0.0, -0.139409, -0.990235, 0.335189, -0.0, -0.990235, 0.139408, -0.005621, 0.0, 0.0, 0.0, 1.0],
                [-1.0, 0.0, 0.0, 0.0, -0.0, -0.139408, -0.990235, 0.335189, -0.0, -0.990235, 0.139408, -0.005621, 0.0, 0.0, 0.0, 1.0],
                [-1.0, 0.0, 0.0, -0.0, -0.0, -0.139409, -0.990235, 0.335189, -0.0, -0.990235, 0.139409, -0.005621, 0.0, 0.0, 0.0, 1.0],
                [-1.0, 0.0, 0.0, 0.0, -0.0, -0.139409, -0.990235, 0.335189, -0.0, -0.990235, 0.139408, -0.005621, 0.0, 0.0, 0.0, 1.0],
                [-1.0, 0.0, 0.0, 0.0, -0.0, -0.139409, -0.990235, 0.335189, -0.0, -0.990235, 0.139408, -0.005621, 0.0, 0.0, 0.0, 1.0]
            ]
        },
        {
            "name": "Shoulder_L",
            "time": [0.0, 0.2167, 0.4167, 0.55, 1.05, 1.2333],
            "transform": [
                [-0.007939, -0.952498, -0.304441, -0.0, -0.088921, -0.302572, 0.94897, 0.4, -0.996007, 0.034605, -0.082295, -0.0, 0.0, 0.0, 0.0, 1.0],
                [-0.007939, -0.952498, -0.304441, -0.0, -0.088921, -0.302572, 0.948969, 0.4, -0.996007, 0.034605, -0.082295, -0.0, 0.0, 0.0, 0.0, 1.0],
                [-0.007939, -0.952498, -0.304441, -0.0, -0.088921, -0.302572, 0.94897, 0.4, -0.996007, 0.034605, -0.082295, -0.0, 0.0, 0.0, 0.0, 1.0],
                [-0.007939, -0.952498, -0.304441, 0.0, -0.088921, -0.302572, 0.94897, 0.4, -0.996007, 0.034605, -0.082295, -0.0, 0.0, 0.0, 0.0, 1.0],
                [-0.007939, -0.952498, -0.304441, 0.0, -0.088921, -0.302572, 0.94897, 0.4, -0.996007, 0.034605, -0.082295, 0.0, 0.0, 0.0, 0.0, 1.0],
                [-0.007939, -0.952498, -0.304441, 0.0, -0.088921, -0.302572, 0.94897, 0.4, -0.996007, 0.034605, -0.082295, 0.0, 0.0, 0.0, 0.0, 1.0]
            ]
        },
        {
            "name": "Arm_L",
            "time": [0.0, 0.2167, 0.4167, 0.55, 0.65, 1.05, 1.2333],
            "transform": [
                [0.069235, -0.070755, 0.995088, -0.0, -0.686109, 0.720733, 0.098984, 0.39386, -0.724197, -0.689592, 0.001354, -0.0, 0.0, 0.0, 0.0, 1.0],
                [0.069235, -0.070755, 0.995088, -0.0, -0.686109, 0.720733, 0.098984, 0.39386, -0.724197, -0.689592, 0.001354, 0.0, 0.0, 0.0, 0.0, 1.0],
                [0.069235, -0.070755, 0.995088, -0.0, -0.686109, 0.720733, 0.098984, 0.39386, -0.724197, -0.689592, 0.001354, 0.0, 0.0, 0.0, 0.0, 1.0],
                [-0.016605, 0.397836, 0.917306, 0.0, 0.180382, 0.903571, -0.388614, 0.39386, -0.983456, 0.159013, -0.086766, -0.0, 0.0, 0.0, 0.0, 1.0],
                [-0.011534, 0.196055, 0.980525, 0.0, 0.089471, 0.976859, -0.19427, 0.39386, -0.995923, 0.085488, -0.028808, -0.0, 0.0, 0.0, 0.0, 1.0],
                [0.019806, -0.096992, 0.995088, 0.0, -0.185668, 0.977614, 0.098984, 0.39386, -0.982413, -0.186716, 0.001354, -0.0, 0.0, 0.0, 0.0, 1.0],
                [0.019806, -0.096992, 0.995088, 0.0, -0.185668, 0.977614, 0.098984, 0.39386, -0.982413, -0.186716, 0.001354, -0.0, 0.0, 0.0, 0.0, 1.0]
            ]
        },
        {
            "name": "Hand_L",
            "time": [0.0, 0.2167, 0.4167, 0.55, 0.65, 1.05, 1.2333],
            "transform": [
                [0.99991, 0.013352, -0.001578, 0.0, -0.012582, 0.887892, -0.45988, 0.3, -0.004739, 0.459858, 0.88798, 0.0, 0.0, 0.0, 0.0, 1.0],
                [0.99991, 0.013352, -0.001578, 0.0, -0.012582, 0.887892, -0.45988, 0.3, -0.004739, 0.459858, 0.88798, -0.0, 0.0, 0.0, 0.0, 1.0],
                [0.99991, 0.013352, -0.001578, -0.0, -0.012582, 0.887892, -0.45988, 0.3, -0.004739, 0.459858, 0.88798, 0.0, 0.0, 0.0, 0.0, 1.0],
                [0.99991, 0.013352, -0.001578, -0.0, -0.012582, 0.887892, -0.45988, 0.3, -0.004739, 0.459858, 0.88798, -0.0, 0.0, 0.0, 0.0, 1.0],
                [0.99991, 0.013042, -0.003268, 0.0, -0.012582, 0.821972, -0.569389, 0.3, -0.004739, 0.569379, 0.822062, -0.0, 0.0, 0.0, 0.0, 1.0],
                [0.99991, 0.013352, -0.001578, 0.0, -0.012582, 0.887892, -0.45988, 0.3, -0.004739, 0.459858, 0.88798, 0.0, 0.0, 0.0, 0.0, 1.0],
                [0.99991, 0.013352, -0.001578, 0.0, -0.012582, 0.887892, -0.45988, 0.3, -0.004739, 0.459858, 0.88798, 0.0, 0.0, 0.0, 0.0, 1.0]
            ]
        },
        {
            "name": "Tool_L",
            "time": [0.0, 0.2167, 0.4167, 0.55, 1.05, 1.2333],
            "transform": [
                [0.998658, 0.039723, -0.033233, -0.012677, 0.043929, -0.98956, 0.137266, 0.208813, -0.027417, -0.138471, -0.989393, 0.160811, 0.0, 0.0, 0.0, 1.0],
                [0.998658, 0.039723, -0.033233, -0.012677, 0.043929, -0.98956, 0.137266, 0.208813, -0.027417, -0.138471, -0.989393, 0.160811, 0.0, 0.0, 0.0, 1.0],
                [0.998658, 0.039723, -0.033233, -0.012677, 0.043929, -0.98956, 0.137266, 0.208813, -0.027417, -0.138471, -0.989393, 0.160811, 0.0, 0.0, 0.0, 1.0],
                [0.998658, 0.039723, -0.033233, -0.012677, 0.043929, -0.98956, 0.137266, 0.208813, -0.027417, -0.138471, -0.989393, 0.160811, 0.0, 0.0, 0.0, 1.0],
                [0.998658, 0.039723, -0.033233, -0.012677, 0.043929, -0.98956, 0.137266, 0.208813, -0.027417, -0.138471, -0.989393, 0.160811, 0.0, 0.0, 0.0, 1.0],
                [0.998658, 0.039723, -0.033233, -0.012677, 0.043929, -0.98956, 0.137266, 0.208813, -0.027417, -0.138471, -0.989393, 0.160811, 0.0, 0.0, 0.0, 1.0]
            ]
        },
        {
            "name": "Elbow_L",
            "time": [0.0, 0.2167, 0.4167, 0.55, 1.05, 1.2333],
            "transform": [
                [-0.999641, -0.004744, -0.026384, -0.001644, 0.023045, 0.350725, -0.936195, 0.298484, 0.013695, -0.936467, -0.35049, -0.001028, 0.0, 0.0, 0.0, 1.0],
                [-0.999641, -0.004744, -0.026384, -0.001644, 0.023045, 0.350725, -0.936195, 0.298484, 0.013695, -0.936467, -0.35049, -0.001028, 0.0, 0.0, 0.0, 1.0],
                [-0.999641, -0.004744, -0.026384, -0.001644, 0.023045, 0.350725, -0.936195, 0.298484, 0.013695, -0.936467, -0.350489, -0.001028, 0.0, 0.0, 0.0, 1.0],
                [-0.999641, -0.004744, -0.026384, -0.001644, 0.023045, 0.350725, -0.936195, 0.298484, 0.013695, -0.936467, -0.350489, -0.001028, 0.0, 0.0, 0.0, 1.0],
                [-0.999641, -0.004744, -0.026384, -0.001644, 0.023045, 0.350725, -0.936195, 0.298484, 0.013695, -0.936467, -0.35049, -0.001028, 0.0, 0.0, 0.0, 1.0],
                [-0.999641, -0.004744, -0.026384, -0.001644, 0.023045, 0.350725, -0.936195, 0.298484, 0.013695, -0.936467, -0.35049, -0.001028, 0.0, 0.0, 0.0, 1.0]
            ]
        }
    ]
}