{
    "animation": [
        {
            "name": "Root",
            "time": [0.0, 0.1, 0.3, 0.3833, 0.45, 0.65, 0.8167, 1.0167],
            "transform": [
                [0.794463, -0.060763, -0.604266, 0.043025, -0.591137, 0.150746, -0.792359, 0.031081, 0.139236, 0.986703, 0.083843, 0.543801, 0.0, 0.0, 0.0, 1.0],
                [0.706938, 0.012334, -0.707168, 0.025731, -0.704815, 0.095619, -0.702917, -0.273454, 0.058949, 0.995342, 0.07629, 0.614179, 0.0, 0.0, 0.0, 1.0],
                [0.677711, 0.021865, -0.735003, -5e-06, -0.734318, 0.072517, -0.674921, -0.335822, 0.038543, 0.997128, 0.065201, 0.652053, 0.0, 0.0, 0.0, 1.0],
                [0.955026, -0.15296, 0.254024, -0.119794, 0.262819, 0.039983, -0.964016, 0.42452, 0.1373, 0.987423, 0.078386, 0.686712, 0.0, 0.0, 0.0, 1.0],
                [0.676636, -0.01261, 0.73621, 0.064125, 0.734918, 0.073188, -0.674195, 0.865568, -0.04538, 0.997238, 0.058788, 0.635718, 0.0, 0.0, 0.0, 1.0],
                [0.527826, -0.009823, 0.849296, 0.072244, 0.847596, 0.070378, -0.525955, 1.017666, -0.054605, 0.997472, 0.045474, 0.572176, 0.0, 0.0, 0.0, 1.0],
                [0.501849, -0.009325, 0.864905, 0.073627, 0.86315, 0.069974, -0.500076, 1.043577, -0.055858, 0.997505, 0.043165, 0.621106, 0.0, 0.0, 0.0, 1.0],
                [0.501849, -0.009325, 0.864905, 0.073627, 0.86315, 0.069974, -0.500076, 1.043577, -0.055858, 0.997505, 0.043165, 0.621106, 0.0, 0.0, 0.0, 1.0]
            ]
        },
        {
            "name": "Thigh_R",
            "time": [0.0, 0.1, 0.3, 0.3833, 0.45, 0.65, 0.8167, 1.0167],
            "transform": [
                [0.880837, 0.314575, -0.35379, 0.124994, 0.251493, -0.944065, -0.213279, -0.002831, -0.401094, 0.098889, -0.910684, -1.2e-05, 0.0, 0.0, 0.0, 1.0],
                [0.914333, 0.373845, -0.155671, 0.124994, 0.337422, -0.915856, -0.217601, -0.002831, -0.223921, 0.146433, -0.963544, -1.2e-05, 0.0, 0.0, 0.0, 1.0],
                [0.924661, 0.378748, -0.039374, 0.124994, 0.363795, -0.909202, -0.202488, -0.002831, -0.112491, 0.172909, -0.978493, -1.2e-05, 0.0, 0.0, 0.0, 1.0],
                [0.957012, 0.28755, -0.037977, 0.124994, 0.257165, -0.780655, 0.569598, -0.002831, 0.134142, -0.554877, -0.821046, -1.2e-05, 0.0, 0.0, 0.0, 1.0],
                [0.721777, 0.595776, 0.352261, 0.124994, 0.152285, -0.633183, 0.758872, -0.002831, 0.675164, -0.494091, -0.547747, -1.2e-05, 0.0, 0.0, 0.0, 1.0],
                [0.698442, 0.677494, 0.230603, 0.124994, 0.095228, -0.407334, 0.908301, -0.002831, 0.709302, -0.612435, -0.349017, -1.2e-05, 0.0, 0.0, 0.0, 1.0],
                [0.672478, 0.651729, 0.350744, 0.124994, 0.05403, -0.515866, 0.854963, -0.002831, 0.738142, -0.555992, -0.382123, -1.2e-05, 0.0, 0.0, 0.0, 1.0],
                [0.672478, 0.651729, 0.350744, 0.124994, 0.05403, -0.515866, 0.854963, -0.002831, 0.738142, -0.555992, -0.382123, -1.2e-05, 0.0, 0.0, 0.0, 1.0]
            ]
        },
        {
            "name": "Leg_R",
            "time": [0.0, 0.1, 0.3, 0.3833, 0.45, 0.8167, 1.0167],
            "transform": [
                [0.998294, -0.045714, -0.036313, -0.0, 0.058094, 0.716206, 0.695467, 0.37472, -0.005785, -0.696391, 0.717639, 0.0, 0.0, 0.0, 0.0, 1.0],
                [0.998294, -0.053743, -0.022806, 0.0, 0.058094, 0.875742, 0.479273, 0.37472, -0.005785, -0.479781, 0.877369, 0.0, 0.0, 0.0, 0.0, 1.0],
                [0.998294, -0.054918, -0.019811, 0.0, 0.058095, 0.900818, 0.430294, 0.37472, -0.005785, -0.430711, 0.902471, -0.0, 0.0, 0.0, 0.0, 1.0],
                [0.998974, 0.006473, -0.044832, -0.0, 0.04507, -0.241, 0.969477, 0.37472, -0.004529, -0.970504, -0.241044, 0.0, 0.0, 0.0, 0.0, 1.0],
                [0.999235, -0.027059, -0.028221, 0.0, 0.039011, 0.642263, 0.765491, 0.37472, -0.002588, -0.766007, 0.642827, 0.0, 0.0, 0.0, 0.0, 1.0],
                [0.999337, -0.022751, -0.028427, -0.0, 0.036382, 0.593024, 0.804362, 0.37472, -0.001442, -0.804864, 0.593458, 0.0, 0.0, 0.0, 0.0, 1.0],
                [0.999337, -0.022751, -0.028427, -0.0, 0.036382, 0.593024, 0.804362, 0.37472, -0.001442, -0.804864, 0.593458, 0.0, 0.0, 0.0, 0.0, 1.0]
            ]
        },
        {
            "name": "Knee_R",
            "time": [0.0, 0.1, 0.3, 0.45, 0.8167, 1.0167],
            "transform": [
                [1.0, 0.0, -0.0, -0.0, -0.0, 0.503353, -0.864081, 0.37472, -0.0, 0.864081, 0.503353, 0.0, 0.0, 0.0, 0.0, 1.0],
                [1.0, 0.0, -0.0, 0.0, -0.0, 0.088974, -0.996034, 0.37472, -0.0, 0.996034, 0.088974, 0.0, 0.0, 0.0, 0.0, 1.0],
                [1.0, 0.0, -0.0, 0.0, -0.0, 1e-06, -1.0, 0.37472, -0.0, 1.0, 1e-06, -0.0, 0.0, 0.0, 0.0, 1.0],
                [1.0, 0.0, -0.0, 0.0, -0.0, 1e-06, -1.0, 0.37472, -0.0, 1.0, 1e-06, 0.0, 0.0, 0.0, 0.0, 1.0],
                [1.0, 0.0, -0.0, -0.0, -0.0, 1e-06, -1.0, 0.37472, -0.0, 1.0, 1e-06, 0.0, 0.0, 0.0, 0.0, 1.0],
                [1.0, 0.0, -0.0, -0.0, -0.0, 1e-06, -1.0, 0.37472, -0.0, 1.0, 1e-06, 0.0, 0.0, 0.0, 0.0, 1.0]
            ]
        },
        {
            "name": "Thigh_L",
            "time": [0.0, 0.1, 0.3, 0.3833, 0.45, 0.65, 0.8167, 1.0167],
            "transform": [
                [0.667165, -0.732712, -0.134248, -0.109662, -0.052166, -0.225735, 0.97279, -0.002831, -0.74308, -0.64201, -0.188826, 0.02525, 0.0, 0.0, 0.0, 1.0],
                [0.716993, -0.629441, -0.299541, -0.109662, 0.007389, -0.422821, 0.906182, -0.002831, -0.697041, -0.65194, -0.298509, 0.02525, 0.0, 0.0, 0.0, 1.0],
                [0.739797, -0.537005, -0.405371, -0.109662, -0.021793, -0.621295, 0.783273, -0.002831, -0.672477, -0.570629, -0.471336, 0.02525, 0.0, 0.0, 0.0, 1.0],
                [0.946132, -0.293007, 0.13777, -0.109662, -0.30904, -0.944152, 0.114326, -0.002831, 0.096578, -0.150744, -0.983844, 0.02525, 0.0, 0.0, 0.0, 1.0],
                [0.874961, -0.483387, -0.027909, -0.109662, -0.483508, -0.875336, 0.002652, -0.002831, -0.025712, 0.011174, -0.999607, 0.02525, 0.0, 0.0, 0.0, 1.0],
                [0.81727, -0.576077, 0.014278, -0.109662, -0.567291, -0.808667, -0.155685, -0.002831, 0.101232, 0.119137, -0.987703, 0.02525, 0.0, 0.0, 0.0, 1.0],
                [0.865341, -0.4996, 0.039796, -0.109662, -0.49403, -0.863667, -0.100071, -0.002831, 0.084366, 0.066936, -0.994184, 0.02525, 0.0, 0.0, 0.0, 1.0],
                [0.865341, -0.4996, 0.039796, -0.109662, -0.49403, -0.863667, -0.100071, -0.002831, 0.084366, 0.066936, -0.994184, 0.02525, 0.0, 0.0, 0.0, 1.0]
            ]
        },
        {
            "name": "Leg_L",
            "time": [0.0, 0.1, 0.3, 0.45, 0.8167, 1.0167],
            "transform": [
                [0.997933, 0.012635, 0.063015, -0.0, -0.064028, 0.280375, 0.957753, 0.37472, -0.005567, -0.959807, 0.280605, 0.0, 0.0, 0.0, 0.0, 1.0],
                [0.997933, 0.039094, 0.051012, -0.0, -0.064028, 0.673494, 0.736415, 0.37472, -0.005567, -0.738158, 0.674605, 0.0, 0.0, 0.0, 0.0, 1.0],
                [0.997933, 0.048756, 0.041874, -0.0, -0.064028, 0.810637, 0.582038, 0.37472, -0.005567, -0.583516, 0.812083, 0.0, 0.0, 0.0, 0.0, 1.0],
                [0.997933, 0.056565, 0.03051, -0.0, -0.064028, 0.916131, 0.395731, 0.37472, -0.005566, -0.396866, 0.91786, 0.0, 0.0, 0.0, 0.0, 1.0],
                [0.997933, 0.057507, 0.028697, 0.0, -0.064028, 0.928247, 0.366413, 0.37472, -0.005567, -0.367492, 0.93001, -0.0, 0.0, 0.0, 0.0, 1.0],
                [0.997933, 0.057507, 0.028697, 0.0, -0.064028, 0.928247, 0.366413, 0.37472, -0.005567, -0.367492, 0.93001, -0.0, 0.0, 0.0, 0.0, 1.0]
            ]
        },
        {
            "name": "Knee_L",
            "time": [0.0, 0.1, 0.3, 0.45, 0.8167, 1.0167],
            "transform": [
                [1.0, 0.0, -0.0, -0.0, -0.0, 1e-06, -1.0, 0.37472, -0.0, 1.0, 1e-06, 0.0, 0.0, 0.0, 0.0, 1.0],
                [1.0, 0.0, -0.0, -0.0, -0.0, 1e-06, -1.0, 0.37472, -0.0, 1.0, 1e-06, 0.0, 0.0, 0.0, 0.0, 1.0],
                [1.0, 0.0, -0.0, -0.0, -0.0, 1e-06, -1.0, 0.37472, -0.0, 1.0, 1e-06, 0.0, 0.0, 0.0, 0.0, 1.0],
                [1.0, 0.0, -0.0, -0.0, -0.0, 1e-06, -1.0, 0.37472, -0.0, 1.0, 1e-06, 0.0, 0.0, 0.0, 0.0, 1.0],
                [1.0, 0.0, -0.0, 0.0, -0.0, 1e-06, -1.0, 0.37472, -0.0, 1.0, 1e-06, -0.0, 0.0, 0.0, 0.0, 1.0],
                [1.0, 0.0, -0.0, 0.0, -0.0, 1e-06, -1.0, 0.37472, -0.0, 1.0, 1e-06, -0.0, 0.0, 0.0, 0.0, 1.0]
            ]
        },
        {
            "name": "Torso",
            "time": [0.0, 0.1, 0.3, 0.45, 0.55, 0.8167, 1.0167],
            "transform": [
                [0.984848, -0.146684, 0.092511, 0.0, 0.145917, 0.989183, 0.015034, 0.05, -0.093716, -0.001307, 0.995598, 0.0, 0.0, 0.0, 0.0, 1.0],
                [0.971907, -0.046012, 0.230825, 0.0, 0.043379, 0.998923, 0.016475, 0.05, -0.231334, -0.005999, 0.972856, -0.0, 0.0, 0.0, 0.0, 1.0],
                [0.965662, -0.025127, 0.258583, -0.0, 0.020968, 0.999603, 0.018828, 0.05, -0.258953, -0.012759, 0.965806, 0.0, 0.0, 0.0, 0.0, 1.0],
                [0.99972, -0.022035, -0.00861, 0.0, 0.022947, 0.991722, 0.126339, 0.05, 0.005755, -0.126501, 0.99195, -0.0, 0.0, 0.0, 0.0, 1.0],
                [0.999612, 0.026275, -0.00923, 0.0, -0.024246, 0.984143, 0.175715, 0.05, 0.0137, -0.175423, 0.984398, -0.0, 0.0, 0.0, 0.0, 1.0],
                [0.998648, -0.018975, -0.04839, 0.0, 0.025679, 0.989544, 0.141928, 0.05, 0.045191, -0.142979, 0.988694, -0.0, 0.0, 0.0, 0.0, 1.0],
                [0.998648, -0.018975, -0.04839, 0.0, 0.025679, 0.989544, 0.141928, 0.05, 0.045191, -0.142979, 0.988694, -0.0, 0.0, 0.0, 0.0, 1.0]
            ]
        },
        {
            "name": "Chest",
            "time": [0.0, 0.1, 0.3, 0.3833, 0.45, 0.65, 0.8167, 1.0167],
            "transform": [
                [0.964045, 0.092537, -0.249105, 0.0, -0.035637, 0.973963, 0.223889, 0.3, 0.263337, -0.206962, 0.942242, 0.0, 0.0, 0.0, 0.0, 1.0],
                [0.695708, -0.073745, -0.714529, 0.0, 0.21313, 0.971115, 0.10729, 0.3, 0.685978, -0.22693, 0.69133, -0.0, 0.0, 0.0, 0.0, 1.0],
                [0.657286, -0.139412, -0.740634, -0.0, -0.013287, 0.980445, -0.196344, 0.3, 0.753524, 0.138895, 0.642581, 0.0, 0.0, 0.0, 0.0, 1.0],
                [0.961137, 0.009733, 0.275899, 0.0, -0.049206, 0.989415, 0.136515, 0.3, -0.27165, -0.144785, 0.951443, -0.0, 0.0, 0.0, 0.0, 1.0],
                [0.849263, -0.053995, 0.525202, 0.0, -0.026802, 0.989065, 0.145024, 0.3, -0.52729, -0.13724, 0.838529, 0.0, 0.0, 0.0, 0.0, 1.0],
                [0.943137, -0.080838, 0.322425, -0.0, 0.008958, 0.975807, 0.218451, 0.3, -0.332284, -0.203141, 0.921044, 0.0, 0.0, 0.0, 0.0, 1.0],
                [0.949433, -0.079095, 0.303844, -0.0, 0.036518, 0.988999, 0.143342, 0.3, -0.311839, -0.124998, 0.941877, 0.0, 0.0, 0.0, 0.0, 1.0],
                [0.949433, -0.079095, 0.303844, -0.0, 0.036518, 0.988999, 0.143342, 0.3, -0.311839, -0.124998, 0.941877, 0.0, 0.0, 0.0, 0.0, 1.0]
            ]
        },
        {
            "name": "Head",
            "time": [0.0, 0.1, 0.3, 0.3833, 0.45, 0.8167, 1.0167],
            "transform": [
                [0.629002, 0.03176, 0.776755, -0.0, 0.005707, 0.99895, -0.045466, 0.4, -0.777383, 0.033031, 0.62816, 0.0, 0.0, 0.0, 0.0, 1.0],
                [0.690073, -0.083917, 0.718858, -0.0, -0.007435, 0.992381, 0.122984, 0.4, -0.723701, -0.090212, 0.684191, 0.0, 0.0, 0.0, 0.0, 1.0],
                [0.755048, -0.102752, 0.647568, 0.0, -0.002326, 0.987218, 0.159357, 0.4, -0.655665, -0.121828, 0.745159, -0.0, 0.0, 0.0, 0.0, 1.0],
                [0.876376, 0.052603, -0.478747, 0.0, 0.011534, 0.99144, 0.13005, 0.4, 0.48149, -0.119495, 0.868267, 0.0, 0.0, 0.0, 0.0, 1.0],
                [0.743964, 0.110168, -0.659076, 0.0, -0.037893, 0.991684, 0.122992, 0.4, 0.667145, -0.066527, 0.741952, -0.0, 0.0, 0.0, 0.0, 1.0],
                [0.600273, 0.125454, -0.789895, 0.0, -0.045487, 0.991378, 0.122886, 0.4, 0.7985, -0.037835, 0.600804, 0.0, 0.0, 0.0, 0.0, 1.0],
                [0.600273, 0.125454, -0.789895, 0.0, -0.045487, 0.991378, 0.122886, 0.4, 0.7985, -0.037835, 0.600804, 0.0, 0.0, 0.0, 0.0, 1.0]
            ]
        },
        {
            "name": "Shoulder_R",
            "time": [0.0, 0.1, 0.3, 0.45, 0.8167, 1.0167],
            "transform": [
                [-0.004629, 0.925847, 0.37787, -0.0, -0.066767, -0.377317, 0.923674, 0.4, 0.997758, -0.020954, 0.063562, 0.0, 0.0, 0.0, 0.0, 1.0],
                [0.028884, 0.925398, 0.377895, -0.0, -0.080404, -0.374677, 0.923663, 0.4, 0.996344, -0.057063, 0.063583, 0.0, 0.0, 0.0, 0.0, 1.0],
                [0.06334, 0.923689, 0.37787, 0.0, -0.094281, -0.371399, 0.923674, 0.4, 0.993528, -0.094132, 0.063562, -0.0, 0.0, 0.0, 0.0, 1.0],
                [0.154591, 0.912861, 0.37787, 0.0, -0.130633, -0.360223, 0.923674, 0.4, 0.979304, -0.192154, 0.063562, -0.0, 0.0, 0.0, 0.0, 1.0],
                [0.167998, 0.910489, 0.37787, 0.0, -0.135916, -0.358263, 0.923674, 0.4, 0.976372, -0.206534, 0.063562, 0.0, 0.0, 0.0, 0.0, 1.0],
                [0.167998, 0.910489, 0.37787, 0.0, -0.135916, -0.358263, 0.923674, 0.4, 0.976372, -0.206534, 0.063562, 0.0, 0.0, 0.0, 0.0, 1.0]
            ]
        },
        {
            "name": "Arm_R",
            "time": [0.0, 0.1, 0.3, 0.45, 0.55, 0.65, 0.8167, 1.0167],
            "transform": [
                [0.138253, 0.057207, -0.988743, 0.0, 0.121673, 0.989787, 0.074281, 0.393861, 0.982895, -0.130573, 0.12988, -0.0, 0.0, 0.0, 0.0, 1.0],
                [-0.021028, 0.659287, -0.751598, 0.0, 0.243181, 0.732559, 0.635783, 0.393861, 0.969753, -0.169405, -0.17573, 0.0, 0.0, 0.0, 0.0, 1.0],
                [-0.052454, 0.764104, -0.642957, 0.0, 0.25507, 0.632738, 0.731151, 0.39386, 0.965499, -0.125647, -0.22809, 0.0, 0.0, 0.0, 0.0, 1.0],
                [-0.030592, 0.163115, -0.986133, 0.0, -0.382354, 0.909646, 0.162325, 0.39386, 0.923509, 0.382017, 0.03454, 0.0, 0.0, 0.0, 0.0, 1.0],
                [0.043608, 0.165577, -0.985232, -0.0, -0.562594, 0.81901, 0.112741, 0.39386, 0.825583, 0.549369, 0.128868, -0.0, 0.0, 0.0, 0.0, 1.0],
                [0.086891, -0.008307, -0.996183, 0.0, -0.449036, 0.892297, -0.046608, 0.39386, 0.889279, 0.451372, 0.073803, 0.0, 0.0, 0.0, 0.0, 1.0],
                [0.100756, 0.02131, -0.994683, -0.0, -0.416283, 0.908952, -0.022694, 0.39386, 0.903635, 0.416356, 0.100454, -0.0, 0.0, 0.0, 0.0, 1.0],
                [0.100756, 0.02131, -0.994683, -0.0, -0.416283, 0.908952, -0.022694, 0.39386, 0.903635, 0.416356, 0.100454, -0.0, 0.0, 0.0, 0.0, 1.0]
            ]
        },
        {
            "name": "Hand_R",
            "time": [0.0, 0.1, 0.3, 0.3833, 0.45, 0.8167, 1.0167],
            "transform": [
                [0.999599, -0.024444, -0.014293, 0.0, 0.023395, 0.997314, -0.069402, 0.3, 0.015951, 0.06904, 0.997486, 0.0, 0.0, 0.0, 0.0, 1.0],
                [0.999602, -0.027197, 0.007448, 0.0, 0.023283, 0.647079, -0.762068, 0.3, 0.015907, 0.761938, 0.647455, -0.0, 0.0, 0.0, 0.0, 1.0],
                [0.999599, -0.022105, 0.017696, 0.0, 0.023395, 0.292708, -0.955916, 0.3, 0.015951, 0.955947, 0.293108, -0.0, 0.0, 0.0, 0.0, 1.0],
                [0.999599, -0.013306, 0.024994, -0.0, 0.023395, -0.109138, -0.993751, 0.3, 0.015951, 0.993938, -0.108783, -0.0, 0.0, 0.0, 0.0, 1.0],
                [0.999599, -0.025527, -0.012253, 0.0, 0.023395, 0.98834, -0.150457, 0.3, 0.015951, 0.15011, 0.988541, -0.0, 0.0, 0.0, 0.0, 1.0],
                [0.999599, -0.025792, -0.011685, -0.0, 0.023395, 0.984763, -0.17232, 0.3, 0.015951, 0.171977, 0.984972, 0.0, 0.0, 0.0, 0.0, 1.0],
                [0.999599, -0.025792, -0.011685, -0.0, 0.023395, 0.984763, -0.17232, 0.3, 0.015951, 0.171977, 0.984972, 0.0, 0.0, 0.0, 0.0, 1.0]
            ]
        },
        {
            "name": "Tool_R",
            "time": [0.0, 0.1, 0.3, 0.45, 0.8167, 1.0167],
            "transform": [
                [0.999822, 0.009713, 0.016189, -0.017311, 0.006818, -0.985396, 0.17014, 0.36637, 0.017595, -0.169909, -0.984702, 0.051121, 0.0, 0.0, 0.0, 1.0],
                [0.999822, 0.009713, 0.016189, -0.017311, 0.006818, -0.985396, 0.17014, 0.36637, 0.017595, -0.169909, -0.984702, 0.051121, 0.0, 0.0, 0.0, 1.0],
                [0.999822, 0.009713, 0.016189, -0.017312, 0.006818, -0.985396, 0.17014, 0.36637, 0.017595, -0.169909, -0.984702, 0.051121, 0.0, 0.0, 0.0, 1.0],
                [0.999822, 0.009713, 0.016189, -0.017311, 0.006818, -0.985396, 0.17014, 0.366371, 0.017595, -0.169909, -0.984702, 0.051121, 0.0, 0.0, 0.0, 1.0],
                [0.999822, 0.009713, 0.016189, -0.017312, 0.006818, -0.985396, 0.17014, 0.36637, 0.017595, -0.169909, -0.984702, 0.051121, 0.0, 0.0, 0.0, 1.0],
                [0.999822, 0.009713, 0.016189, -0.017312, 0.006818, -0.985396, 0.17014, 0.36637, 0.017595, -0.169909, -0.984702, 0.051121, 0.0, 0.0, 0.0, 1.0]
            ]
        },
        {
            "name": "Elbow_R",
            "time": [0.0, 0.1, 0.3, 0.3833, 0.45, 0.8167, 1.0167],
            "transform": [
                [-1.0, 0.0, 0.0, 0.0, -0.0, -0.139409, -0.990235, 0.335189, -0.0, -0.990235, 0.139408, -0.005621, 0.0, 0.0, 0.0, 1.0],
                [-1.0, 0.0, 0.0, 0.0, -0.0, -0.139408, -0.990235, 0.335189, -0.0, -0.990235, 0.139408, -0.005621, 0.0, 0.0, 0.0, 1.0],
                [-1.0, 0.0, 0.0, 0.0, -0.0, -0.139408, -0.990235, 0.335189, -0.0, -0.990235, 0.139409, -0.005621, 0.0, 0.0, 0.0, 1.0],
                [-1.0, 0.0, 0.0, -0.0, -0.0, 0.687007, -0.726651, 0.335189, -0.0, -0.726651, -0.687007, -0.005621, 0.0, 0.0, 0.0, 1.0],
                [-1.0, 0.0, 0.0, 0.0, -0.0, -0.139409, -0.990235, 0.335189, -0.0, -0.990235, 0.139408, -0.005621, 0.0, 0.0, 0.0, 1.0],
                [-1.0, 0.0, 0.0, 0.0, -0.0, -0.139408, -0.990235, 0.335189, -0.0, -0.990235, 0.139409, -0.005621, 0.0, 0.0, 0.0, 1.0],
                [-1.0, 0.0, 0.0, 0.0, -0.0, -0.139408, -0.990235, 0.335189, -0.0, -0.990235, 0.139409, -0.005621, 0.0, 0.0, 0.0, 1.0]
            ]
        },
        {
            "name": "Shoulder_L",
            "time": [0.0, 0.1, 0.3, 0.45, 0.8167, 1.0167],
            "transform": [
                [-0.007939, -0.952498, -0.304441, -0.0, -0.088921, -0.302572, 0.94897, 0.4, -0.996007, 0.034605, -0.082295, 0.0, 0.0, 0.0, 0.0, 1.0],
                [-0.007939, -0.952498, -0.304441, -0.0, -0.088921, -0.302572, 0.94897, 0.4, -0.996007, 0.034605, -0.082295, 0.0, 0.0, 0.0, 0.0, 1.0],
                [-0.007939, -0.952498, -0.304441, 0.0, -0.088921, -0.302572, 0.94897, 0.4, -0.996007, 0.034605, -0.082295, -0.0, 0.0, 0.0, 0.0, 1.0],
                [-0.007939, -0.952498, -0.304441, 0.0, -0.088921, -0.302572, 0.94897, 0.4, -0.996007, 0.034605, -0.082295, -0.0, 0.0, 0.0, 0.0, 1.0],
                [-0.007939, -0.952498, -0.304441, 0.0, -0.088921, -0.302572, 0.948969, 0.4, -0.996007, 0.034605, -0.082295, 0.0, 0.0, 0.0, 0.0, 1.0],
                [-0.007939, -0.952498, -0.304441, 0.0, -0.088921, -0.302572, 0.948969, 0.4, -0.996007, 0.034605, -0.082295, 0.0, 0.0, 0.0, 0.0, 1.0]
            ]
        },
        {
            "name": "Arm_L",
            "time": [0.0, 0.1, 0.3, 0.45, 0.8167, 1.0167],
            "transform": [
                [0.019806, -0.096992, 0.995088, 0.0, -0.185668, 0.977614, 0.098984, 0.39386, -0.982413, -0.186716, 0.001354, -0.0, 0.0, 0.0, 0.0, 1.0],
                [0.066704, -0.172843, 0.982688, 0.0, -0.134081, 0.974396, 0.180486, 0.39386, -0.988723, -0.143799, 0.041821, -0.0, 0.0, 0.0, 0.0, 1.0],
                [0.148086, -0.144892, 0.978303, 0.0, -0.553004, 0.807977, 0.203374, 0.39386, -0.819913, -0.571122, 0.039524, 0.0, 0.0, 0.0, 0.0, 1.0],
                [0.004399, -0.193733, 0.981044, 0.0, -0.437957, 0.881588, 0.176056, 0.39386, -0.898985, -0.43043, -0.080969, -0.0, 0.0, 0.0, 0.0, 1.0],
                [-0.01435, -0.194997, 0.980699, -0.0, -0.431016, 0.886204, 0.169901, 0.39386, -0.90223, -0.420259, -0.096764, -0.0, 0.0, 0.0, 0.0, 1.0],
                [-0.01435, -0.194997, 0.980699, -0.0, -0.431016, 0.886204, 0.169901, 0.39386, -0.90223, -0.420259, -0.096764, -0.0, 0.0, 0.0, 0.0, 1.0]
            ]
        },
        {
            "name": "Hand_L",
            "time": [0.0, 0.1, 0.3, 0.45, 0.8167, 1.0167],
            "transform": [
                [0.99991, 0.013352, -0.001578, 0.0, -0.012582, 0.887892, -0.45988, 0.3, -0.004739, 0.459858, 0.88798, 0.0, 0.0, 0.0, 0.0, 1.0],
                [0.99991, 0.012373, -0.00526, 0.0, -0.012582, 0.723274, -0.690447, 0.3, -0.004739, 0.690451, 0.723364, -0.0, 0.0, 0.0, 0.0, 1.0],
                [0.99991, 0.012047, -0.005968, 0.0, -0.012582, 0.682011, -0.731234, 0.3, -0.004739, 0.731243, 0.682101, 0.0, 0.0, 0.0, 0.0, 1.0],
                [0.99991, 0.013269, -0.002164, 0.0, -0.012582, 0.866787, -0.49852, 0.3, -0.004739, 0.498502, 0.866876, -0.0, 0.0, 0.0, 0.0, 1.0],
                [0.99991, 0.013352, -0.001578, -0.0, -0.012582, 0.887892, -0.45988, 0.3, -0.004739, 0.459858, 0.88798, -0.0, 0.0, 0.0, 0.0, 1.0],
                [0.99991, 0.013352, -0.001578, -0.0, -0.012582, 0.887892, -0.45988, 0.3, -0.004739, 0.459858, 0.88798, -0.0, 0.0, 0.0, 0.0, 1.0]
            ]
        },
        {
            "name": "Tool_L",
            "time": [0.0, 0.1, 0.3, 0.45, 0.8167, 1.0167],
            "transform": [
                [0.998658, 0.039723, -0.033233, -0.012677, 0.043929, -0.98956, 0.137266, 0.208813, -0.027417, -0.138471, -0.989393, 0.160811, 0.0, 0.0, 0.0, 1.0],
                [0.998658, 0.039723, -0.033233, -0.012677, 0.043929, -0.98956, 0.137266, 0.208813, -0.027417, -0.13847, -0.989393, 0.160811, 0.0, 0.0, 0.0, 1.0],
                [0.998658, 0.039723, -0.033233, -0.012677, 0.043929, -0.98956, 0.137266, 0.208813, -0.027417, -0.138471, -0.989393, 0.160811, 0.0, 0.0, 0.0, 1.0],
                [0.998658, 0.039723, -0.033233, -0.012677, 0.043929, -0.98956, 0.137266, 0.208813, -0.027417, -0.138471, -0.989393, 0.160811, 0.0, 0.0, 0.0, 1.0],
                [0.998658, 0.039723, -0.033233, -0.012677, 0.043929, -0.98956, 0.137266, 0.208813, -0.027417, -0.138471, -0.989393, 0.160811, 0.0, 0.0, 0.0, 1.0],
                [0.998658, 0.039723, -0.033233, -0.012677, 0.043929, -0.98956, 0.137266, 0.208813, -0.027417, -0.138471, -0.989393, 0.160811, 0.0, 0.0, 0.0, 1.0]
            ]
        },
        {
            "name": "Elbow_L",
            "time": [0.0, 0.1, 0.3, 0.45, 0.8167, 1.0167],
            "transform": [
                [-0.999641, -0.004744, -0.026384, -0.001644, 0.023045, 0.350725, -0.936195, 0.298484, 0.013695, -0.936467, -0.35049, -0.001028, 0.0, 0.0, 0.0, 1.0],
                [-0.999641, -0.004744, -0.026384, -0.001644, 0.023045, 0.350725, -0.936195, 0.298484, 0.013695, -0.936467, -0.350489, -0.001028, 0.0, 0.0, 0.0, 1.0],
                [-0.999641, -0.004744, -0.026384, -0.001644, 0.023045, 0.350725, -0.936195, 0.298484, 0.013695, -0.936467, -0.350489, -0.001028, 0.0, 0.0, 0.0, 1.0],
                [-0.999641, -0.004744, -0.026384, -0.001644, 0.023045, 0.350725, -0.936195, 0.298484, 0.013695, -0.936467, -0.350489, -0.001028, 0.0, 0.0, 0.0, 1.0],
                [-0.999641, -0.004744, -0.026384, -0.001644, 0.023045, 0.350725, -0.936195, 0.298484, 0.013695, -0.936467, -0.350489, -0.001028, 0.0, 0.0, 0.0, 1.0],
                [-0.999641, -0.004744, -0.026384, -0.001644, 0.023045, 0.350725, -0.936195, 0.298484, 0.013695, -0.936467, -0.350489, -0.001028, 0.0, 0.0, 0.0, 1.0]
            ]
        }
    ]
}