{
    "animation": [
        {
            "name": "Root",
            "time": [0.0, 0.1, 0.2333, 0.6667, 1.25],
            "transform": [
                [0.56951, 0.017752, -0.821793, -0.004694, -0.811836, 0.168766, -0.558964, 0.005609, 0.128768, 0.985496, 0.110526, 0.669518, 0.0, 0.0, 0.0, 1.0],
                [0.959256, -0.141974, -0.244278, -0.00366, -0.218469, 0.175535, -0.959926, 0.03093, 0.179164, 0.974182, 0.137366, 0.717433, 0.0, 0.0, 0.0, 1.0],
                [0.564958, -0.134671, 0.814056, -0.001854, 0.82271, 0.016597, -0.568219, 0.312972, 0.063011, 0.990751, 0.120172, 0.558053, 0.0, 0.0, 0.0, 1.0],
                [0.565417, -0.140062, 0.812826, -0.004694, 0.817792, -0.033037, -0.574565, 0.031784, 0.107328, 0.989591, 0.095862, 0.608692, 0.0, 0.0, 0.0, 1.0],
                [0.854689, 0.0, -0.51914, -5e-06, -0.51914, 0.0, -0.854689, 0.000946, 0.0, 1.0, 0.0, 0.734337, 0.0, 0.0, 0.0, 1.0]
            ]
        },
        {
            "name": "Thigh_R",
            "time": [0.0, 0.1, 0.2333, 0.6667, 1.25],
            "transform": [
                [0.924094, 0.381704, 0.018744, 0.124994, 0.380959, -0.916175, -0.12446, -0.002831, -0.030334, 0.122154, -0.992048, -1.2e-05, 0.0, 0.0, 0.0, 1.0],
                [0.937221, 0.225618, -0.265917, 0.124994, 0.331057, -0.815303, 0.475058, -0.002831, -0.109622, -0.533266, -0.838814, -1.2e-05, 0.0, 0.0, 0.0, 1.0],
                [0.614942, 0.659394, 0.432486, 0.124994, -0.145476, -0.444166, 0.884055, -0.002831, 0.775037, -0.606558, -0.177211, -1.2e-05, 0.0, 0.0, 0.0, 1.0],
                [0.614942, 0.494022, 0.614644, 0.124994, -0.145476, -0.694988, 0.704149, -0.002831, 0.775037, -0.522426, -0.35551, -1.2e-05, 0.0, 0.0, 0.0, 1.0],
                [0.984651, 0.173938, 0.014417, 0.124994, 0.174461, -0.983273, -0.052289, -0.002831, 0.005081, 0.054002, -0.998528, -1.2e-05, 0.0, 0.0, 0.0, 1.0]
            ]
        },
        {
            "name": "Leg_R",
            "time": [0.0, 0.1, 0.2333, 0.6667, 1.25],
            "transform": [
                [0.998295, -0.058101, -0.005717, 0.0, 0.058095, 0.978904, 0.195889, 0.37472, -0.005785, -0.195888, 0.980609, -0.0, 0.0, 0.0, 0.0, 1.0],
                [0.998761, -0.005216, -0.049484, -0.0, 0.049326, -0.026976, 0.998418, 0.37472, -0.006543, -0.999623, -0.026686, -0.0, 0.0, 0.0, 0.0, 1.0],
                [0.999345, -0.017208, -0.031848, -0.0, 0.036173, 0.440672, 0.896939, 0.37472, -0.0014, -0.897504, 0.441005, 0.0, 0.0, 0.0, 0.0, 1.0],
                [0.999345, -0.031943, -0.017031, -0.0, 0.036173, 0.862986, 0.503932, 0.37472, -0.0014, -0.504219, 0.863574, -0.0, 0.0, 0.0, 0.0, 1.0],
                [0.998294, -0.058101, -0.005717, -0.0, 0.058095, 0.978904, 0.195889, 0.37472, -0.005785, -0.195888, 0.980609, 0.0, 0.0, 0.0, 0.0, 1.0]
            ]
        },
        {
            "name": "Knee_R",
            "time": [0.0, 0.2333, 0.6667, 1.25],
            "transform": [
                [1.0, 0.0, -0.0, 0.0, -0.0, 1e-06, -1.0, 0.37472, -0.0, 1.0, 1e-06, -0.0, 0.0, 0.0, 0.0, 1.0],
                [1.0, 0.0, -0.0, -0.0, -0.0, 1e-06, -1.0, 0.37472, -0.0, 1.0, 1e-06, 0.0, 0.0, 0.0, 0.0, 1.0],
                [1.0, 0.0, -0.0, -0.0, -0.0, 1e-06, -1.0, 0.37472, -0.0, 1.0, 1e-06, -0.0, 0.0, 0.0, 0.0, 1.0],
                [1.0, 0.0, -0.0, -0.0, -0.0, 1e-06, -1.0, 0.37472, -0.0, 1.0, 1e-06, 0.0, 0.0, 0.0, 0.0, 1.0]
            ]
        },
        {
            "name": "Thigh_L",
            "time": [0.0, 0.1, 0.2333, 0.6667, 1.25],
            "transform": [
                [0.485391, -0.725106, -0.488485, -0.109662, 0.038606, -0.540396, 0.840524, -0.002831, -0.873444, -0.426841, -0.234311, 0.02525, 0.0, 0.0, 0.0, 1.0],
                [0.820393, -0.505114, -0.267982, -0.109662, -0.326664, -0.79868, 0.505371, -0.002831, -0.469302, -0.327063, -0.820235, 0.02525, 0.0, 0.0, 0.0, 1.0],
                [0.683987, -0.727791, -0.04981, -0.109662, -0.70265, -0.63893, -0.31313, -0.002831, 0.196069, 0.249177, -0.948403, 0.02525, 0.0, 0.0, 0.0, 1.0],
                [0.876265, -0.458788, 0.147214, -0.109662, -0.471012, -0.880007, 0.061106, -0.002831, 0.101515, -0.122885, -0.987215, 0.02525, 0.0, 0.0, 0.0, 1.0],
                [0.784702, -0.303887, -0.540272, -0.109662, -0.081415, -0.914563, 0.396164, -0.002831, -0.614502, -0.266885, -0.742401, 0.02525, 0.0, 0.0, 0.0, 1.0]
            ]
        },
        {
            "name": "Leg_L",
            "time": [0.0, 0.2333, 0.6667, 1.25],
            "transform": [
                [0.997933, 0.040864, 0.049605, 0.0, -0.064028, 0.698981, 0.712268, 0.37472, -0.005567, -0.713971, 0.700153, 0.0, 0.0, 0.0, 0.0, 1.0],
                [0.997933, 0.058148, 0.027374, 0.0, -0.064028, 0.936383, 0.34509, 0.37472, -0.005567, -0.346129, 0.938171, -0.0, 0.0, 0.0, 0.0, 1.0],
                [0.997933, 0.049543, 0.040939, 0.0, -0.064028, 0.821554, 0.566523, 0.37472, -0.005567, -0.567973, 0.823029, -0.0, 0.0, 0.0, 0.0, 1.0],
                [0.997933, 0.05815, 0.027369, 0.0, -0.064028, 0.936412, 0.345012, 0.37472, -0.005566, -0.34605, 0.9382, -0.0, 0.0, 0.0, 0.0, 1.0]
            ]
        },
        {
            "name": "Knee_L",
            "time": [0.0, 0.2333, 0.6667, 1.25],
            "transform": [
                [1.0, 0.0, -0.0, 0.0, -0.0, 1e-06, -1.0, 0.37472, -0.0, 1.0, 1e-06, 0.0, 0.0, 0.0, 0.0, 1.0],
                [1.0, 0.0, -0.0, 0.0, -0.0, 1e-06, -1.0, 0.37472, -0.0, 1.0, 1e-06, -0.0, 0.0, 0.0, 0.0, 1.0],
                [1.0, 0.0, -0.0, 0.0, -0.0, 1e-06, -1.0, 0.37472, -0.0, 1.0, 1e-06, -0.0, 0.0, 0.0, 0.0, 1.0],
                [1.0, 0.0, -0.0, 0.0, -0.0, 1e-06, -1.0, 0.37472, -0.0, 1.0, 1e-06, -0.0, 0.0, 0.0, 0.0, 1.0]
            ]
        },
        {
            "name": "Torso",
            "time": [0.0, 0.0833, 0.2333, 0.6667, 1.25],
            "transform": [
                [0.884866, 0.029467, 0.464912, -0.0, 0.025961, 0.993327, -0.112371, 0.05, -0.465121, 0.111503, 0.878197, -0.0, 0.0, 0.0, 0.0, 1.0],
                [0.930126, -0.159851, 0.330625, 0.0, 0.202283, 0.974415, -0.097961, 0.05, -0.306506, 0.157996, 0.938664, -0.0, 0.0, 0.0, 0.0, 1.0],
                [0.927855, 0.371098, -0.037035, -0.0, -0.370592, 0.928582, 0.019957, 0.05, 0.041796, -0.004792, 0.999115, 0.0, 0.0, 0.0, 0.0, 1.0],
                [0.966284, 0.257451, 0.003634, 0.0, -0.256282, 0.963063, -0.082642, 0.05, -0.024776, 0.078925, 0.996573, 0.0, 0.0, 0.0, 0.0, 1.0],
                [0.965662, -0.025127, 0.258583, -0.0, 0.020968, 0.999603, 0.018828, 0.05, -0.258953, -0.012759, 0.965806, 0.0, 0.0, 0.0, 0.0, 1.0]
            ]
        },
        {
            "name": "Chest",
            "time": [0.0, 0.0833, 0.2333, 0.6667, 1.25],
            "transform": [
                [0.831911, -0.088026, 0.547883, 0.0, -0.055203, 0.969312, 0.239556, 0.3, -0.552157, -0.229534, 0.801522, 0.0, 0.0, 0.0, 0.0, 1.0],
                [0.828276, 0.382226, 0.409709, -0.0, -0.489957, 0.848816, 0.19863, 0.3, -0.271846, -0.36526, 0.890329, -0.0, 0.0, 0.0, 0.0, 1.0],
                [0.94149, -0.079137, 0.327618, 0.0, 0.058215, 0.995617, 0.073196, 0.3, -0.331975, -0.049841, 0.94197, 0.0, 0.0, 0.0, 0.0, 1.0],
                [0.948496, -0.045806, 0.313459, -0.0, 0.026572, 0.997508, 0.065364, 0.3, -0.315672, -0.053668, 0.94735, 0.0, 0.0, 0.0, 0.0, 1.0],
                [0.986768, -0.023894, -0.160365, -0.0, 0.026191, 0.999582, 0.012223, 0.3, 0.160006, -0.016261, 0.986982, -0.0, 0.0, 0.0, 0.0, 1.0]
            ]
        },
        {
            "name": "Head",
            "time": [0.0, 0.0833, 0.2333, 0.6667, 1.25],
            "transform": [
                [0.993925, 0.03176, -0.105381, 0.0, -0.03505, 0.99895, -0.029516, 0.4, 0.104333, 0.033031, 0.993994, 0.0, 0.0, 0.0, 0.0, 1.0],
                [0.968429, 0.013502, 0.248925, 0.0, 0.000539, 0.998416, -0.056254, 0.4, -0.24929, 0.054612, 0.966888, 0.0, 0.0, 0.0, 0.0, 1.0],
                [0.502915, -0.05509, -0.862579, -0.0, -0.044531, 0.99499, -0.08951, 0.4, 0.863188, 0.083427, 0.497942, -0.0, 0.0, 0.0, 0.0, 1.0],
                [0.502915, 0.03176, -0.863752, -0.0, -0.044531, 0.99895, 0.010803, 0.4, 0.863188, 0.033031, 0.503801, 0.0, 0.0, 0.0, 0.0, 1.0],
                [0.907906, 0.03176, 0.417969, -0.0, -0.015014, 0.99895, -0.043293, 0.4, -0.418905, 0.033031, 0.907429, -0.0, 0.0, 0.0, 0.0, 1.0]
            ]
        },
        {
            "name": "Shoulder_R",
            "time": [0.0, 0.2333, 0.6667, 1.25],
            "transform": [
                [0.2555, 0.889907, 0.37787, 0.0, -0.170017, -0.343395, 0.923674, 0.4, 0.951742, -0.300243, 0.063562, 0.0, 0.0, 0.0, 0.0, 1.0],
                [0.149008, 0.913789, 0.37787, -0.0, -0.128428, -0.361015, 0.923674, 0.4, 0.98046, -0.186164, 0.063562, -0.0, 0.0, 0.0, 0.0, 1.0],
                [0.057038, 0.9241, 0.37787, -0.0, -0.091746, -0.372033, 0.923674, 0.4, 0.994148, -0.087353, 0.063562, 0.0, 0.0, 0.0, 0.0, 1.0],
                [0.06334, 0.923689, 0.37787, -0.0, -0.094281, -0.371399, 0.923674, 0.4, 0.993528, -0.094132, 0.063562, -0.0, 0.0, 0.0, 0.0, 1.0]
            ]
        },
        {
            "name": "Arm_R",
            "time": [0.0, 0.2333, 0.6667, 1.25],
            "transform": [
                [-0.339749, -0.940087, -0.028428, -0.0, 0.144553, -0.022328, -0.989245, 0.393861, 0.929341, -0.340204, 0.143478, 0.0, 0.0, 0.0, 0.0, 1.0],
                [0.91318, -0.378151, -0.151999, 0.0, 0.297369, 0.873257, -0.385996, 0.39386, 0.278699, 0.307284, 0.909892, 0.0, 0.0, 0.0, 0.0, 1.0],
                [0.865167, -0.477895, -0.151999, 0.0, 0.393156, 0.834527, -0.385996, 0.393861, 0.311313, 0.274192, 0.909892, 0.0, 0.0, 0.0, 0.0, 1.0],
                [0.095459, 0.079765, -0.992232, -0.0, 0.832695, 0.539784, 0.123503, 0.39386, 0.545442, -0.838016, -0.014892, -0.0, 0.0, 0.0, 0.0, 1.0]
            ]
        },
        {
            "name": "Hand_R",
            "time": [0.0, 0.2333, 0.6667, 1.25],
            "transform": [
                [0.681175, -0.023639, 0.73174, -0.0, 0.683294, 0.379418, -0.62382, 0.3, -0.262889, 0.924923, 0.274603, -0.0, 0.0, 0.0, 0.0, 1.0],
                [0.195539, -0.097136, 0.975873, 0.0, 0.980406, 0.043553, -0.192112, 0.3, -0.023841, 0.994318, 0.103749, -0.0, 0.0, 0.0, 0.0, 1.0],
                [0.217053, -0.02364, 0.975874, 0.0, 0.905061, 0.379418, -0.192112, 0.3, -0.365723, 0.924923, 0.103749, 0.0, 0.0, 0.0, 0.0, 1.0],
                [0.999599, -0.023021, -0.016487, 0.0, 0.023395, 0.999464, 0.022904, 0.3, 0.015951, -0.02328, 0.999602, -0.0, 0.0, 0.0, 0.0, 1.0]
            ]
        },
        {
            "name": "Tool_R",
            "time": [0.0, 0.2333, 0.6667, 1.25],
            "transform": [
                [0.999822, 0.009713, 0.016189, -0.017311, 0.006818, -0.985396, 0.17014, 0.36637, 0.017595, -0.169909, -0.984702, 0.051121, 0.0, 0.0, 0.0, 1.0],
                [0.999822, 0.009713, 0.016189, -0.017311, 0.006818, -0.985396, 0.17014, 0.36637, 0.017595, -0.169909, -0.984702, 0.051121, 0.0, 0.0, 0.0, 1.0],
                [0.999822, 0.009713, 0.016189, -0.017311, 0.006819, -0.985396, 0.17014, 0.36637, 0.017595, -0.169909, -0.984702, 0.051121, 0.0, 0.0, 0.0, 1.0],
                [0.999822, 0.009713, 0.016189, -0.017311, 0.006818, -0.985396, 0.17014, 0.36637, 0.017595, -0.169909, -0.984702, 0.051121, 0.0, 0.0, 0.0, 1.0]
            ]
        },
        {
            "name": "Elbow_R",
            "time": [0.0, 0.2333, 0.6667, 1.25],
            "transform": [
                [-1.0, 0.0, 0.0, -0.0, -0.0, -0.139408, -0.990235, 0.335189, -0.0, -0.990235, 0.139408, -0.005621, 0.0, 0.0, 0.0, 1.0],
                [-1.0, 0.0, 0.0, 0.0, -0.0, -0.139409, -0.990235, 0.335189, -0.0, -0.990235, 0.139409, -0.005621, 0.0, 0.0, 0.0, 1.0],
                [-1.0, 0.0, 0.0, 0.0, -0.0, -0.139408, -0.990235, 0.335189, -0.0, -0.990235, 0.139408, -0.005621, 0.0, 0.0, 0.0, 1.0],
                [-1.0, 0.0, 0.0, -0.0, -0.0, -0.139408, -0.990235, 0.335189, -0.0, -0.990235, 0.139408, -0.005621, 0.0, 0.0, 0.0, 1.0]
            ]
        },
        {
            "name": "Shoulder_L",
            "time": [0.0, 0.2333, 0.6667, 1.25],
            "transform": [
                [-0.007939, -0.952498, -0.304441, 0.0, -0.088921, -0.302572, 0.94897, 0.4, -0.996007, 0.034605, -0.082295, 0.0, 0.0, 0.0, 0.0, 1.0],
                [-0.007939, -0.952498, -0.304441, -0.0, -0.088921, -0.302572, 0.94897, 0.4, -0.996007, 0.034605, -0.082295, -0.0, 0.0, 0.0, 0.0, 1.0],
                [-0.007939, -0.952498, -0.304441, -0.0, -0.088921, -0.302572, 0.94897, 0.4, -0.996007, 0.034605, -0.082295, 0.0, 0.0, 0.0, 0.0, 1.0],
                [-0.007939, -0.952498, -0.304441, -0.0, -0.088921, -0.302572, 0.94897, 0.4, -0.996007, 0.034605, -0.082295, -0.0, 0.0, 0.0, 0.0, 1.0]
            ]
        },
        {
            "name": "Arm_L",
            "time": [0.0, 0.2333, 0.6667, 1.25],
            "transform": [
                [-0.059192, -0.120288, 0.990973, -0.0, -0.723167, 0.689485, 0.040497, 0.39386, -0.688132, -0.714241, -0.127801, -0.0, 0.0, 0.0, 0.0, 1.0],
                [-0.059192, -0.120289, 0.990973, -0.0, -0.723167, 0.689485, 0.040497, 0.39386, -0.688132, -0.714241, -0.127801, 0.0, 0.0, 0.0, 0.0, 1.0],
                [-0.059192, -0.120288, 0.990973, -0.0, -0.723167, 0.689485, 0.040497, 0.39386, -0.688132, -0.714241, -0.127801, -0.0, 0.0, 0.0, 0.0, 1.0],
                [-0.146701, -0.409837, 0.900284, -0.0, -0.980855, 0.178104, -0.078752, 0.39386, -0.128068, -0.894602, -0.428119, -0.0, 0.0, 0.0, 0.0, 1.0]
            ]
        },
        {
            "name": "Hand_L",
            "time": [0.0, 0.2333, 0.6667, 1.25],
            "transform": [
                [0.99991, 0.01158, -0.006832, -0.0, -0.012582, 0.626789, -0.779088, 0.3, -0.004739, 0.779103, 0.626878, -0.0, 0.0, 0.0, 0.0, 1.0],
                [0.99991, 0.01158, -0.006832, 0.0, -0.012582, 0.626789, -0.779088, 0.3, -0.004739, 0.779103, 0.626878, 0.0, 0.0, 0.0, 0.0, 1.0],
                [0.99991, 0.01158, -0.006832, 0.0, -0.012582, 0.626789, -0.779088, 0.3, -0.004739, 0.779103, 0.626878, 0.0, 0.0, 0.0, 0.0, 1.0],
                [0.99991, 0.013352, -0.001578, 0.0, -0.012582, 0.887892, -0.45988, 0.3, -0.004739, 0.459858, 0.88798, 0.0, 0.0, 0.0, 0.0, 1.0]
            ]
        },
        {
            "name": "Tool_L",
            "time": [0.0, 0.2333, 0.6667, 1.25],
            "transform": [
                [0.998658, 0.039723, -0.033233, -0.012677, 0.043929, -0.98956, 0.137266, 0.208813, -0.027417, -0.138471, -0.989393, 0.160811, 0.0, 0.0, 0.0, 1.0],
                [0.998658, 0.039723, -0.033233, -0.012677, 0.043929, -0.98956, 0.137266, 0.208813, -0.027417, -0.138471, -0.989393, 0.160811, 0.0, 0.0, 0.0, 1.0],
                [0.998658, 0.039723, -0.033233, -0.012677, 0.043929, -0.98956, 0.137266, 0.208813, -0.027417, -0.138471, -0.989393, 0.160811, 0.0, 0.0, 0.0, 1.0],
                [0.998658, 0.039723, -0.033233, -0.012677, 0.043929, -0.98956, 0.137266, 0.208813, -0.027417, -0.138471, -0.989393, 0.160811, 0.0, 0.0, 0.0, 1.0]
            ]
        },
        {
            "name": "Elbow_L",
            "time": [0.0, 0.2333, 0.6667, 1.25],
            "transform": [
                [-0.999641, -0.004744, -0.026384, -0.001644, 0.023045, 0.350725, -0.936195, 0.298484, 0.013695, -0.936467, -0.350489, -0.001028, 0.0, 0.0, 0.0, 1.0],
                [-0.999641, -0.004744, -0.026384, -0.001644, 0.023045, 0.350725, -0.936195, 0.298484, 0.013695, -0.936467, -0.350489, -0.001028, 0.0, 0.0, 0.0, 1.0],
                [-0.999641, -0.004744, -0.026384, -0.001644, 0.023045, 0.350725, -0.936195, 0.298484, 0.013695, -0.936467, -0.350489, -0.001028, 0.0, 0.0, 0.0, 1.0],
                [-0.999641, -0.004744, -0.026384, -0.001644, 0.023045, 0.350725, -0.936195, 0.298484, 0.013695, -0.936467, -0.350489, -0.001028, 0.0, 0.0, 0.0, 1.0]
            ]
        }
    ]
}