{
    "animation": [
        {
            "name": "Root",
            "time": [0.0, 0.1667, 0.3667, 0.6, 0.95, 1.4333],
            "transform": [
                [0.984196, 0.093894, -0.150138, -5e-06, -0.166203, 0.197227, -0.966167, 0.000946, -0.061106, 0.975851, 0.209716, 0.695056, 0.0, 0.0, 0.0, 1.0],
                [0.697323, 0.186218, -0.692145, 0.102281, -0.716334, 0.147864, -0.681911, 0.566824, -0.02464, 0.971318, 0.236503, 0.668657, 0.0, 0.0, 0.0, 1.0],
                [0.652789, 0.193065, -0.732525, 0.11226, -0.757265, 0.140276, -0.637866, 0.622032, -0.020394, 0.971107, 0.237772, 0.666081, 0.0, 0.0, 0.0, 1.0],
                [0.491503, -0.156252, 0.856744, 0.11226, 0.866127, 0.190299, -0.46218, 1.819996, -0.090821, 0.969212, 0.228867, 0.666081, 0.0, 0.0, 0.0, 1.0],
                [0.276896, -0.186018, 0.942723, 0.11226, 0.956275, 0.149494, -0.251378, 2.008104, -0.09417, 0.971107, 0.219279, 0.621874, 0.0, 0.0, 0.0, 1.0],
                [0.854689, 0.0, -0.51914, -5e-06, -0.51914, 0.0, -0.854689, 1.871772, 0.0, 1.0, 0.0, 0.734337, 0.0, 0.0, 0.0, 1.0]
            ]
        },
        {
            "name": "Thigh_R",
            "time": [0.0, 0.1667, 0.3667, 0.6, 0.95, 1.4333],
            "transform": [
                [0.978403, 0.152037, -0.140038, 0.124994, 0.164166, -0.983222, 0.079502, -0.002831, -0.125601, -0.100773, -0.98695, -1.2e-05, 0.0, 0.0, 0.0, 1.0],
                [0.732847, 0.50035, -0.461068, 0.124994, 0.303566, -0.84691, -0.436564, -0.002831, -0.608919, 0.17997, -0.772547, -1.2e-05, 0.0, 0.0, 0.0, 1.0],
                [0.872982, 0.487746, 0.002105, 0.124994, 0.487524, -0.872697, 0.026769, -0.002831, 0.014894, -0.022342, -0.99964, -1.2e-05, 0.0, 0.0, 0.0, 1.0],
                [0.661863, 0.692834, 0.286211, 0.124994, 0.109336, -0.466944, 0.877501, -0.002831, 0.741608, -0.549491, -0.384806, -1.2e-05, 0.0, 0.0, 0.0, 1.0],
                [0.435915, 0.830808, 0.346025, 0.124994, -0.131426, -0.321591, 0.937713, -0.002831, 0.89034, -0.454239, -0.030997, -1.2e-05, 0.0, 0.0, 0.0, 1.0],
                [0.984651, 0.173938, 0.014417, 0.124994, 0.174461, -0.983273, -0.052289, -0.002831, 0.005081, 0.054002, -0.998528, -1.2e-05, 0.0, 0.0, 0.0, 1.0]
            ]
        },
        {
            "name": "Leg_R",
            "time": [0.0, 0.1667, 0.3667, 0.4667, 0.6, 0.95, 1.4333],
            "transform": [
                [0.999395, -0.034514, 0.004231, 0.0, 0.034355, 0.998858, 0.033237, 0.37472, -0.005373, -0.033072, 0.999438, -0.0, 0.0, 0.0, 0.0, 1.0],
                [0.999395, -0.034514, 0.004231, 0.0, 0.034355, 0.998857, 0.033237, 0.37472, -0.005373, -0.033072, 0.999438, -0.0, 0.0, 0.0, 0.0, 1.0],
                [0.999395, -0.034209, -0.006234, 0.0, 0.034355, 0.943693, 0.329036, 0.37472, -0.005373, -0.329051, 0.944296, -0.0, 0.0, 0.0, 0.0, 1.0],
                [0.999395, -0.004061, -0.034534, -0.0, 0.034354, -0.038142, 0.998681, 0.37472, -0.005373, -0.999265, -0.037979, -0.0, 0.0, 0.0, 0.0, 1.0],
                [0.999395, -0.017003, -0.030332, 0.0, 0.034355, 0.348005, 0.936862, 0.37472, -0.005373, -0.937339, 0.348379, -0.0, 0.0, 0.0, 0.0, 1.0],
                [0.999395, -0.021049, -0.027678, -0.0, 0.034355, 0.474706, 0.879473, 0.37472, -0.005373, -0.879894, 0.475141, 0.0, 0.0, 0.0, 0.0, 1.0],
                [0.998294, -0.058101, -0.005717, 0.0, 0.058095, 0.978904, 0.195889, 0.37472, -0.005785, -0.195888, 0.980609, -0.0, 0.0, 0.0, 0.0, 1.0]
            ]
        },
        {
            "name": "Knee_R",
            "time": [0.0, 0.1667, 0.3667, 0.6, 0.95, 1.4333],
            "transform": [
                [1.0, -0.0, -0.0, -0.000179, -0.0, -0.260585, -0.965451, 0.436391, -0.0, 0.965451, -0.260585, -0.000613, 0.0, 0.0, 0.0, 1.0],
                [1.0, 0.0, -0.0, -0.000179, -0.0, -0.260585, -0.965451, 0.436391, -0.0, 0.965451, -0.260585, -0.000613, 0.0, 0.0, 0.0, 1.0],
                [1.0, 0.0, -0.0, -0.000179, -0.0, -0.260585, -0.965451, 0.436391, -0.0, 0.965451, -0.260585, -0.000613, 0.0, 0.0, 0.0, 1.0],
                [1.0, 0.0, -0.0, -0.000179, -0.0, -0.260585, -0.965451, 0.436391, 0.0, 0.965451, -0.260585, -0.000613, 0.0, 0.0, 0.0, 1.0],
                [1.0, -0.0, -0.0, -0.000179, -0.0, -0.260585, -0.965451, 0.436391, -0.0, 0.965451, -0.260585, -0.000613, 0.0, 0.0, 0.0, 1.0],
                [1.0, 0.0, -0.0, 0.0, -0.0, 1e-06, -1.0, 0.37472, -0.0, 1.0, 1e-06, -0.0, 0.0, 0.0, 0.0, 1.0]
            ]
        },
        {
            "name": "Thigh_L",
            "time": [0.0, 0.1667, 0.3667, 0.4667, 0.6, 0.95, 1.4333],
            "transform": [
                [0.981707, -0.186942, -0.036084, -0.125006, -0.011385, -0.246828, 0.968992, -0.002831, -0.190052, -0.950857, -0.244442, -1.2e-05, 0.0, 0.0, 0.0, 1.0],
                [0.660971, -0.537167, -0.523992, -0.125006, 0.186827, -0.55849, 0.808198, -0.002831, -0.726781, -0.632092, -0.268789, -1.2e-05, 0.0, 0.0, 0.0, 1.0],
                [0.611731, -0.587657, -0.529569, -0.125006, 0.192766, -0.538522, 0.820265, -0.002831, -0.767219, -0.603865, -0.21615, -1.2e-05, 0.0, 0.0, 0.0, 1.0],
                [0.896103, -0.326625, -0.300524, -0.125006, -0.063967, -0.765062, 0.640771, -0.002831, -0.439211, -0.554973, -0.706468, -1.2e-05, 0.0, 0.0, 0.0, 1.0],
                [0.843753, -0.31484, 0.434691, -0.125006, -0.41301, -0.898088, 0.151199, -0.002831, 0.342787, -0.307106, -0.887796, -1.2e-05, 0.0, 0.0, 0.0, 1.0],
                [0.8756, -0.375435, 0.303929, -0.125006, -0.477949, -0.764457, 0.432631, -0.002831, 0.069916, -0.524074, -0.848797, -1.2e-05, 0.0, 0.0, 0.0, 1.0],
                [0.784702, -0.303887, -0.540272, -0.109662, -0.081415, -0.914563, 0.396164, -0.002831, -0.614502, -0.266885, -0.742401, 0.02525, 0.0, 0.0, 0.0, 1.0]
            ]
        },
        {
            "name": "Leg_L",
            "time": [0.0, 0.1667, 0.3667, 0.6, 0.95, 1.4333],
            "transform": [
                [0.998876, -0.041922, 0.022113, 0.0, -0.038489, -0.445202, 0.894603, 0.37472, -0.027659, -0.894448, -0.446316, 0.0, 0.0, 0.0, 0.0, 1.0],
                [0.998876, 0.004101, 0.047219, 0.0, -0.038489, 0.651556, 0.757624, 0.37472, -0.027659, -0.758589, 0.650982, 0.0, 0.0, 0.0, 0.0, 1.0],
                [0.998876, 0.001272, 0.047379, -0.0, -0.038489, 0.605117, 0.795206, 0.37472, -0.027659, -0.796135, 0.604486, -0.0, 0.0, 0.0, 0.0, 1.0],
                [0.998876, 0.022718, 0.041598, 0.0, -0.03849, 0.900967, 0.432177, 0.37472, -0.027661, -0.433292, 0.900829, -0.0, 0.0, 0.0, 0.0, 1.0],
                [0.99591, -0.087777, 0.021427, 0.0, 0.056286, 0.788211, 0.612825, 0.37472, -0.070681, -0.609112, 0.789929, -0.0, 0.0, 0.0, 0.0, 1.0],
                [0.997933, 0.05815, 0.027369, 0.0, -0.064028, 0.936412, 0.345012, 0.37472, -0.005566, -0.34605, 0.9382, 0.0, 0.0, 0.0, 0.0, 1.0]
            ]
        },
        {
            "name": "Knee_L",
            "time": [0.0, 0.1667, 0.3667, 0.6, 0.95, 1.4333],
            "transform": [
                [0.999765, 0.020014, 0.008299, 0.0, -0.007895, 0.693204, -0.720698, 0.37472, -0.020177, 0.720464, 0.693199, 0.0, 0.0, 0.0, 0.0, 1.0],
                [0.999765, 0.020014, 0.008299, 0.0, -0.007895, 0.693204, -0.720698, 0.37472, -0.020177, 0.720464, 0.693199, 0.0, 0.0, 0.0, 0.0, 1.0],
                [0.999765, 0.020014, 0.008299, -0.0, -0.007895, 0.693204, -0.720698, 0.37472, -0.020177, 0.720464, 0.693199, -0.0, 0.0, 0.0, 0.0, 1.0],
                [0.999765, 0.020014, 0.008299, 0.0, -0.007895, 0.693204, -0.720698, 0.37472, -0.020177, 0.720464, 0.693199, -0.0, 0.0, 0.0, 0.0, 1.0],
                [0.999765, 0.020014, 0.008299, 0.0, -0.007895, 0.693204, -0.720698, 0.37472, -0.020177, 0.720464, 0.693199, -0.0, 0.0, 0.0, 0.0, 1.0],
                [1.0, 0.0, -0.0, 0.0, -0.0, 1e-06, -1.0, 0.37472, -0.0, 1.0, 1e-06, 0.0, 0.0, 0.0, 0.0, 1.0]
            ]
        },
        {
            "name": "Torso",
            "time": [0.0, 0.1667, 0.3667, 0.6, 0.95, 1.4333],
            "transform": [
                [0.988045, -0.080186, -0.13167, 0.0, 0.1033, 0.978346, 0.179356, 0.05, 0.114437, -0.190814, 0.974933, -0.0, 0.0, 0.0, 0.0, 1.0],
                [0.966385, -0.024311, -0.255948, 0.0, 0.024269, 0.9997, -0.003322, 0.05, 0.255952, -0.003001, 0.966685, 0.0, 0.0, 0.0, 0.0, 1.0],
                [0.963115, -0.06885, -0.260133, 0.0, 0.015196, 0.979087, -0.202876, 0.05, 0.26866, 0.19144, 0.944019, 0.0, 0.0, 0.0, 0.0, 1.0],
                [0.992923, -0.020174, -0.117035, -0.0, 0.018185, 0.999672, -0.018035, 0.05, 0.11736, 0.015779, 0.992964, -0.0, 0.0, 0.0, 0.0, 1.0],
                [0.995272, -0.020174, -0.095008, 0.0, 0.01858, 0.999672, -0.017627, 0.05, 0.095332, 0.015779, 0.99532, 0.0, 0.0, 0.0, 0.0, 1.0],
                [0.965662, -0.025127, 0.258583, -0.0, 0.020968, 0.999603, 0.018828, 0.05, -0.258953, -0.012759, 0.965806, 0.0, 0.0, 0.0, 0.0, 1.0]
            ]
        },
        {
            "name": "Chest",
            "time": [0.0, 0.1667, 0.3667, 0.4667, 0.6, 0.95, 1.4333],
            "transform": [
                [0.922031, -0.060012, 0.382435, 0.0, 0.068501, 0.997614, -0.008606, 0.3, -0.381006, 0.034132, 0.923942, 0.0, 0.0, 0.0, 0.0, 1.0],
                [0.993496, -0.060012, 0.096774, -0.0, 0.06301, 0.997614, -0.028218, 0.3, -0.09485, 0.034132, 0.994906, -0.0, 0.0, 0.0, 0.0, 1.0],
                [0.995869, -0.066892, 0.061404, 0.0, 0.062172, 0.995182, 0.075814, 0.3, -0.06618, -0.071683, 0.99523, 0.0, 0.0, 0.0, 0.0, 1.0],
                [0.569144, -0.205089, 0.796249, 0.0, 0.0317, 0.973146, 0.227994, 0.3, -0.821626, -0.10452, 0.560362, -0.0, 0.0, 0.0, 0.0, 1.0],
                [0.863897, -0.105164, 0.492568, -0.0, 0.050748, 0.991157, 0.122609, 0.3, -0.501106, -0.080924, 0.861594, 0.0, 0.0, 0.0, 0.0, 1.0],
                [0.829814, -0.115588, 0.545937, 0.0, 0.043487, 0.988732, 0.14324, 0.3, -0.556343, -0.095122, 0.825491, -0.0, 0.0, 0.0, 0.0, 1.0],
                [0.986768, -0.023894, -0.160365, -0.0, 0.026191, 0.999582, 0.012223, 0.3, 0.160006, -0.016261, 0.986982, -0.0, 0.0, 0.0, 0.0, 1.0]
            ]
        },
        {
            "name": "Head",
            "time": [0.0, 0.1667, 0.3667, 0.4667, 0.6, 0.95, 1.4333],
            "transform": [
                [0.997152, -0.0, -0.075419, 0.0, -0.014161, 0.982214, -0.187231, 0.4, 0.074078, 0.187765, 0.979416, -0.0, 0.0, 0.0, 0.0, 1.0],
                [0.858019, -0.0, 0.513618, 0.0, 0.09644, 0.982214, -0.161106, 0.4, -0.504482, 0.187765, 0.842758, -0.0, 0.0, 0.0, 0.0, 1.0],
                [0.826208, -0.0, 0.563365, 0.0, 0.105781, 0.982214, -0.155133, 0.4, -0.553345, 0.187765, 0.811513, -0.0, 0.0, 0.0, 0.0, 1.0],
                [0.937652, -0.0, -0.347577, 0.0, -0.065263, 0.982214, -0.176058, 0.4, 0.341395, 0.187765, 0.920975, -0.0, 0.0, 0.0, 0.0, 1.0],
                [0.448538, -0.0, -0.893764, -0.0, -0.167818, 0.982214, -0.08422, 0.4, 0.877867, 0.187765, 0.44056, -0.0, 0.0, 0.0, 0.0, 1.0],
                [0.246836, -0.0, -0.969058, -0.0, -0.181955, 0.982214, -0.046347, 0.4, 0.951822, 0.187765, 0.242446, -0.0, 0.0, 0.0, 0.0, 1.0],
                [0.907906, 0.03176, 0.417969, 0.0, -0.015014, 0.99895, -0.043293, 0.4, -0.418905, 0.033031, 0.907429, -0.0, 0.0, 0.0, 0.0, 1.0]
            ]
        },
        {
            "name": "Shoulder_R",
            "time": [0.0, 0.1667, 0.3667, 0.4667, 0.6, 0.95, 1.4333],
            "transform": [
                [0.0, 0.952847, 0.30345, 0.0, -0.0, -0.30345, 0.952847, 0.4, 1.0, 0.0, 0.0, -0.0, 0.0, 0.0, 0.0, 1.0],
                [0.0, 0.952847, 0.30345, 0.0, -0.0, -0.30345, 0.952847, 0.4, 1.0, 0.0, 0.0, -0.0, 0.0, 0.0, 0.0, 1.0],
                [0.0, 0.952847, 0.30345, 0.0, -0.0, -0.30345, 0.952847, 0.4, 1.0, -0.0, 0.0, -0.0, 0.0, 0.0, 0.0, 1.0],
                [0.158593, 0.939556, 0.30345, 0.0, -0.050506, -0.299217, 0.952847, 0.4, 0.986051, -0.166441, -0.0, -0.0, 0.0, 0.0, 0.0, 1.0],
                [-0.152235, 0.940607, 0.30345, -0.0, 0.048482, -0.299552, 0.952847, 0.4, 0.987154, 0.159769, 0.0, -0.0, 0.0, 0.0, 0.0, 1.0],
                [-0.173851, 0.936853, 0.30345, -0.0, 0.055366, -0.298356, 0.952847, 0.4, 0.983214, 0.182454, -0.0, -0.0, 0.0, 0.0, 0.0, 1.0],
                [0.06334, 0.923689, 0.37787, 0.0, -0.094281, -0.371399, 0.923674, 0.4, 0.993528, -0.094132, 0.063562, -0.0, 0.0, 0.0, 0.0, 1.0]
            ]
        },
        {
            "name": "Arm_R",
            "time": [0.0, 0.1667, 0.3667, 0.4667, 0.5333, 0.6, 0.95, 1.4333],
            "transform": [
                [0.146083, 0.497681, -0.85497, 0.0, 0.878598, 0.331936, 0.343341, 0.393861, 0.45467, -0.801331, -0.388771, 0.0, 0.0, 0.0, 0.0, 1.0],
                [-0.261663, 0.447838, -0.85497, -0.0, 0.36166, 0.866786, 0.343341, 0.39386, 0.894837, -0.219369, -0.388771, -0.0, 0.0, 0.0, 0.0, 1.0],
                [-0.295459, 0.599613, -0.743752, -0.0, 0.293658, 0.797819, 0.526545, 0.39386, 0.909103, -0.062836, -0.411804, -0.0, 0.0, 0.0, 0.0, 1.0],
                [0.120757, -0.819936, -0.559574, 0.0, 0.371159, 0.560108, -0.740621, 0.393861, 0.920684, -0.118256, 0.371964, -0.0, 0.0, 0.0, 0.0, 1.0],
                [0.827955, -0.560784, -0.003519, -0.0, 0.559888, 0.826244, 0.062025, 0.39386, -0.031875, -0.053325, 0.998068, -0.0, 0.0, 0.0, 0.0, 1.0],
                [0.85631, -0.447245, -0.258272, 0.0, 0.498642, 0.84619, 0.187934, 0.393861, 0.134494, -0.289714, 0.947616, -0.0, 0.0, 0.0, 0.0, 1.0],
                [0.982215, -0.131517, -0.134007, 0.0, 0.157636, 0.965343, 0.207999, 0.39386, 0.102008, -0.225424, 0.968906, 0.0, 0.0, 0.0, 0.0, 1.0],
                [0.095459, 0.079765, -0.992232, -0.0, 0.832695, 0.539784, 0.123503, 0.39386, 0.545442, -0.838016, -0.014892, -0.0, 0.0, 0.0, 0.0, 1.0]
            ]
        },
        {
            "name": "Hand_R",
            "time": [0.0, 0.1667, 0.3667, 0.4667, 0.6, 0.95, 1.4333],
            "transform": [
                [1.0, -0.0, 0.0, 0.0, 0.0, 0.903625, -0.428324, 0.3, -0.0, 0.428324, 0.903625, -0.0, 0.0, 0.0, 0.0, 1.0],
                [1.0, -0.0, 0.0, 0.0, 0.0, 0.192185, -0.981359, 0.3, 0.0, 0.981359, 0.192185, -0.0, 0.0, 0.0, 0.0, 1.0],
                [1.0, 0.0, 0.0, 0.0, 0.0, -0.173372, -0.984856, 0.3, 0.0, 0.984856, -0.173372, -0.0, 0.0, 0.0, 0.0, 1.0],
                [0.128369, -0.129484, 0.983237, 0.0, 0.990526, -0.032027, -0.133539, 0.3, 0.048782, 0.991064, 0.124145, -0.0, 0.0, 0.0, 0.0, 1.0],
                [0.473347, -0.21486, 0.85427, 0.0, 0.790277, -0.324804, -0.519581, 0.3, 0.389108, 0.921052, 0.016054, 0.0, 0.0, 0.0, 0.0, 1.0],
                [0.343588, -0.208569, 0.915667, 0.0, 0.833008, -0.382535, -0.399705, 0.3, 0.433641, 0.900092, 0.042305, 0.0, 0.0, 0.0, 0.0, 1.0],
                [0.999599, -0.023021, -0.016487, -0.0, 0.023395, 0.999464, 0.022904, 0.3, 0.015951, -0.02328, 0.999602, -0.0, 0.0, 0.0, 0.0, 1.0]
            ]
        },
        {
            "name": "Tool_R",
            "time": [0.0, 0.1667, 0.3667, 0.6, 0.95, 1.4333],
            "transform": [
                [0.999822, 0.009713, 0.016189, -0.017311, 0.006818, -0.985396, 0.17014, 0.36637, 0.017595, -0.169909, -0.984702, 0.051121, 0.0, 0.0, 0.0, 1.0],
                [0.999822, 0.009713, 0.016189, -0.017312, 0.006818, -0.985396, 0.17014, 0.36637, 0.017595, -0.169909, -0.984702, 0.051121, 0.0, 0.0, 0.0, 1.0],
                [0.999822, 0.009714, 0.016189, -0.017311, 0.006818, -0.985396, 0.17014, 0.36637, 0.017595, -0.169909, -0.984702, 0.051121, 0.0, 0.0, 0.0, 1.0],
                [0.999822, 0.009713, 0.016189, -0.017312, 0.006818, -0.985396, 0.17014, 0.36637, 0.017595, -0.16991, -0.984702, 0.051121, 0.0, 0.0, 0.0, 1.0],
                [0.999822, 0.009713, 0.016189, -0.017312, 0.006818, -0.985396, 0.17014, 0.36637, 0.017595, -0.169909, -0.984702, 0.051121, 0.0, 0.0, 0.0, 1.0],
                [0.999822, 0.009713, 0.016189, -0.017311, 0.006818, -0.985396, 0.17014, 0.36637, 0.017595, -0.169909, -0.984702, 0.051121, 0.0, 0.0, 0.0, 1.0]
            ]
        },
        {
            "name": "Elbow_R",
            "time": [0.0, 0.1667, 0.3667, 0.6, 0.95, 1.4333],
            "transform": [
                [-1.0, 0.0, 0.0, 0.000596, -0.0, 0.367435, -0.930049, 0.384548, -0.0, -0.93005, -0.367434, 0.001188, 0.0, 0.0, 0.0, 1.0],
                [-1.0, 0.0, 0.0, 0.000596, -0.0, 0.367434, -0.930049, 0.384548, -0.0, -0.93005, -0.367434, 0.001188, 0.0, 0.0, 0.0, 1.0],
                [-1.0, 0.0, 0.0, 0.000596, -0.0, 0.367434, -0.930049, 0.384548, -0.0, -0.93005, -0.367434, 0.001188, 0.0, 0.0, 0.0, 1.0],
                [-1.0, 0.0, 0.0, 0.000596, -0.0, 0.367434, -0.930049, 0.384548, -0.0, -0.93005, -0.367434, 0.001188, 0.0, 0.0, 0.0, 1.0],
                [-1.0, 0.0, 0.0, 0.000596, -0.0, 0.367434, -0.930049, 0.384548, -0.0, -0.930049, -0.367434, 0.001188, 0.0, 0.0, 0.0, 1.0],
                [-1.0, 0.0, 0.0, -0.0, -0.0, -0.139408, -0.990235, 0.335189, -0.0, -0.990235, 0.139408, -0.005621, 0.0, 0.0, 0.0, 1.0]
            ]
        },
        {
            "name": "Shoulder_L",
            "time": [0.0, 0.1667, 0.3667, 0.6, 0.95, 1.4333],
            "transform": [
                [0.114511, -0.945203, -0.305743, 0.0, 0.036772, -0.303524, 0.952114, 0.4, -0.992741, -0.12027, 0.0, -0.0, 0.0, 0.0, 0.0, 1.0],
                [0.114511, -0.945203, -0.305743, 0.0, 0.036772, -0.303524, 0.952114, 0.4, -0.992741, -0.12027, 0.0, -0.0, 0.0, 0.0, 0.0, 1.0],
                [0.114511, -0.945203, -0.305743, 0.0, 0.036772, -0.303524, 0.952114, 0.4, -0.992741, -0.12027, 0.0, -0.0, 0.0, 0.0, 0.0, 1.0],
                [0.114511, -0.945203, -0.305743, -0.0, 0.036772, -0.303524, 0.952114, 0.4, -0.992741, -0.12027, 0.0, -0.0, 0.0, 0.0, 0.0, 1.0],
                [0.114511, -0.945203, -0.305743, -0.0, 0.036772, -0.303524, 0.952114, 0.4, -0.992741, -0.12027, 0.0, -0.0, 0.0, 0.0, 0.0, 1.0],
                [-0.007939, -0.952498, -0.304441, 0.0, -0.088921, -0.302572, 0.94897, 0.4, -0.996007, 0.034605, -0.082295, -0.0, 0.0, 0.0, 0.0, 1.0]
            ]
        },
        {
            "name": "Arm_L",
            "time": [0.0, 0.1667, 0.3667, 0.6, 0.95, 1.4333],
            "transform": [
                [0.348546, -0.3125, 0.883662, -0.0, -0.797294, 0.396822, 0.454813, 0.39386, -0.492786, -0.863062, -0.110844, -0.0, 0.0, 0.0, 0.0, 1.0],
                [0.214706, -0.415983, 0.883662, -0.0, -0.604176, 0.654306, 0.454813, 0.39386, -0.767381, -0.631538, -0.110843, 0.0, 0.0, 0.0, 0.0, 1.0],
                [0.29393, -0.385182, 0.87478, 0.0, -0.476813, 0.734112, 0.483455, 0.39386, -0.828405, -0.559208, 0.032118, 0.0, 0.0, 0.0, 0.0, 1.0],
                [0.199908, -0.423294, 0.883662, -0.0, -0.580734, 0.675199, 0.454813, 0.39386, -0.789167, -0.604093, -0.110843, -0.0, 0.0, 0.0, 0.0, 1.0],
                [0.199908, -0.423294, 0.883662, 0.0, -0.580734, 0.675199, 0.454813, 0.393861, -0.789167, -0.604093, -0.110843, -0.0, 0.0, 0.0, 0.0, 1.0],
                [-0.146701, -0.409837, 0.900284, 0.0, -0.980855, 0.178104, -0.078752, 0.39386, -0.128068, -0.894602, -0.428119, -0.0, 0.0, 0.0, 0.0, 1.0]
            ]
        },
        {
            "name": "Hand_L",
            "time": [0.0, 0.1667, 0.3667, 0.6, 0.95, 1.4333],
            "transform": [
                [1.0, -0.0, 0.0, 0.0, 0.0, 0.796158, -0.605089, 0.3, -0.0, 0.605089, 0.796158, -0.0, 0.0, 0.0, 0.0, 1.0],
                [1.0, 0.0, 0.0, -0.0, 0.0, 0.796158, -0.605089, 0.3, -0.0, 0.605089, 0.796158, 0.0, 0.0, 0.0, 0.0, 1.0],
                [1.0, 0.0, 0.0, -0.0, 0.0, 0.796158, -0.605089, 0.3, -0.0, 0.605089, 0.796158, -0.0, 0.0, 0.0, 0.0, 1.0],
                [1.0, 0.0, 0.0, -0.0, 0.0, 0.796158, -0.605089, 0.3, -0.0, 0.605089, 0.796158, -0.0, 0.0, 0.0, 0.0, 1.0],
                [1.0, -0.0, 0.0, 0.0, 0.0, 0.796158, -0.605089, 0.3, -0.0, 0.605089, 0.796158, -0.0, 0.0, 0.0, 0.0, 1.0],
                [0.99991, 0.013352, -0.001578, 0.0, -0.012582, 0.887892, -0.45988, 0.3, -0.004739, 0.459858, 0.88798, -0.0, 0.0, 0.0, 0.0, 1.0]
            ]
        },
        {
            "name": "Tool_L",
            "time": [0.0, 0.1667, 0.3667, 0.6, 0.95, 1.4333],
            "transform": [
                [1.0, 0.0, 0.0, -0.0, 0.0, -0.999836, 0.018122, 0.272858, 0.0, -0.018122, -0.999247, -0.0, 0.0, 0.0, 0.0, 1.0],
                [1.0, 0.0, 0.0, -0.0, 0.0, -0.999836, 0.018122, 0.272858, 0.0, -0.018122, -0.999247, -0.0, 0.0, 0.0, 0.0, 1.0],
                [1.0, 0.0, 0.0, -0.0, 0.0, -0.999836, 0.018122, 0.272858, 0.0, -0.018122, -0.999248, -0.0, 0.0, 0.0, 0.0, 1.0],
                [1.0, -0.0, 0.0, -0.0, -0.0, -0.999836, 0.018122, 0.272858, 0.0, -0.018122, -0.999247, 0.0, 0.0, 0.0, 0.0, 1.0],
                [1.0, -0.0, 0.0, -0.0, 0.0, -0.999836, 0.018122, 0.272858, 0.0, -0.018122, -0.999247, -0.0, 0.0, 0.0, 0.0, 1.0],
                [0.998658, 0.039723, -0.033233, -0.012677, 0.043929, -0.98956, 0.137266, 0.208813, -0.027417, -0.138471, -0.989393, 0.160811, 0.0, 0.0, 0.0, 1.0]
            ]
        },
        {
            "name": "Elbow_L",
            "time": [0.0, 0.1667, 0.3667, 0.6, 0.95, 1.4333],
            "transform": [
                [-1.0, 0.0, -0.0, 0.000227, 0.0, -0.0, -1.0, 0.380328, -0.0, -1.0, 0.0, -0.000541, 0.0, 0.0, 0.0, 1.0],
                [-1.0, 0.0, -0.0, 0.000227, -0.0, -0.0, -1.0, 0.380328, -0.0, -1.0, 0.0, -0.000541, 0.0, 0.0, 0.0, 1.0],
                [-1.0, 0.0, 0.0, 0.000226, 0.0, -0.0, -1.0, 0.380328, -0.0, -1.0, 0.0, -0.000541, 0.0, 0.0, 0.0, 1.0],
                [-1.0, 0.0, -0.0, 0.000226, -0.0, -0.0, -1.0, 0.380328, -0.0, -1.0, -0.0, -0.000541, 0.0, 0.0, 0.0, 1.0],
                [-1.0, 0.0, -0.0, 0.000227, 0.0, -0.0, -1.0, 0.380328, -0.0, -1.0, 0.0, -0.000541, 0.0, 0.0, 0.0, 1.0],
                [-0.999641, -0.004744, -0.026384, -0.001644, 0.023045, 0.350725, -0.936195, 0.298484, 0.013695, -0.936467, -0.350489, -0.001028, 0.0, 0.0, 0.0, 1.0]
            ]
        }
    ]
}