{
    "animation": [
        {
            "name": "Root",
            "time": [0.0, 0.2167, 0.35, 0.4667, 0.5833, 0.75, 0.8667, 1.0333, 1.3],
            "transform": [
                [0.854689, 0.0, -0.51914, -5e-06, -0.51914, 0.0, -0.854689, 0.000946, 0.0, 1.0, 0.0, 0.734337, 0.0, 0.0, 0.0, 1.0],
                [0.924399, 0.0, 0.381428, -0.057585, 0.381428, 0.0, -0.924399, -0.291978, 0.0, 1.0, 0.0, 0.715597, 0.0, 0.0, 0.0, 1.0],
                [0.914396, 0.0, 0.40482, -0.059207, 0.40482, 0.0, -0.914396, -0.300228, 0.0, 1.0, 0.0, 0.715069, 0.0, 0.0, 0.0, 1.0],
                [0.914396, 0.0, 0.40482, -0.059207, 0.40482, 0.0, -0.914396, -0.300228, 0.0, 1.0, 0.0, 0.715069, 0.0, 0.0, 0.0, 1.0],
                [0.914396, 0.0, 0.40482, -0.059207, 0.40482, 0.0, -0.914396, -0.300228, 0.0, 1.0, 0.0, 0.715069, 0.0, 0.0, 0.0, 1.0],
                [0.768947, 0.0, 0.639312, -0.005433, 0.639312, 0.0, -0.768947, -0.575542, 0.0, 1.0, 0.0, 0.657003, 0.0, 0.0, 0.0, 1.0],
                [0.996457, 0.0, 0.084099, -0.02254, 0.084099, 0.0, -0.996457, -0.289106, 0.0, 1.0, 0.0, 0.734461, 0.0, 0.0, 0.0, 1.0],
                [0.980666, 0.0, -0.195688, -0.026552, -0.195688, 0.0, -0.980666, -0.160439, 0.0, 1.0, 0.0, 0.752625, 0.0, 0.0, 0.0, 1.0],
                [0.854689, 0.0, -0.51914, -5e-06, -0.51914, 0.0, -0.854689, 0.000946, 0.0, 1.0, 0.0, 0.734337, 0.0, 0.0, 0.0, 1.0]
            ]
        },
        {
            "name": "Thigh_R",
            "time": [0.0, 0.2167, 0.35, 0.4667, 0.5833, 0.75, 0.8667, 1.0333, 1.3],
            "transform": [
                [0.984651, 0.173938, 0.014417, 0.124994, 0.174461, -0.983273, -0.052289, -0.002831, 0.005081, 0.054002, -0.998528, -1.2e-05, 0.0, 0.0, 0.0, 1.0],
                [0.920465, 0.315445, 0.230735, 0.124994, 0.175874, -0.861545, 0.476241, -0.002831, 0.349016, -0.397782, -0.848503, -1.2e-05, 0.0, 0.0, 0.0, 1.0],
                [0.917515, 0.320674, 0.235232, 0.124994, 0.173168, -0.854593, 0.489571, -0.002831, 0.358021, -0.408453, -0.839635, -1.2e-05, 0.0, 0.0, 0.0, 1.0],
                [0.917515, 0.320674, 0.235232, 0.124994, 0.173168, -0.854593, 0.489571, -0.002831, 0.358021, -0.408453, -0.839635, -1.2e-05, 0.0, 0.0, 0.0, 1.0],
                [0.917515, 0.320674, 0.235232, 0.124994, 0.173168, -0.854593, 0.489571, -0.002831, 0.358021, -0.408453, -0.839635, -1.2e-05, 0.0, 0.0, 0.0, 1.0],
                [0.908699, 0.408408, 0.08641, 0.124994, 0.274043, -0.739758, 0.614538, -0.002831, 0.314905, -0.534749, -0.784141, -1.2e-05, 0.0, 0.0, 0.0, 1.0],
                [0.955498, 0.288099, 0.063418, 0.124994, 0.256505, -0.917573, 0.303744, -0.002831, 0.1457, -0.273959, -0.950641, -1.2e-05, 0.0, 0.0, 0.0, 1.0],
                [0.970101, 0.236831, 0.053047, 0.124994, 0.22673, -0.962327, 0.150053, -0.002831, 0.086586, -0.133538, -0.987254, -1.2e-05, 0.0, 0.0, 0.0, 1.0],
                [0.984651, 0.173938, 0.014417, 0.124994, 0.174461, -0.983273, -0.052289, -0.002831, 0.005081, 0.054002, -0.998528, -1.2e-05, 0.0, 0.0, 0.0, 1.0]
            ]
        },
        {
            "name": "Leg_R",
            "time": [0.0, 0.2167, 0.35, 0.4667, 0.5833, 0.75, 0.8667, 1.0333, 1.3],
            "transform": [
                [0.998294, -0.058101, -0.005717, -0.0, 0.058095, 0.978904, 0.195889, 0.37472, -0.005785, -0.195888, 0.980609, 0.0, 0.0, 0.0, 0.0, 1.0],
                [0.998294, -0.051161, -0.028124, 0.0, 0.058094, 0.822784, 0.565378, 0.37472, -0.005785, -0.566048, 0.824351, 0.0, 0.0, 0.0, 0.0, 1.0],
                [0.998294, -0.05084, -0.028702, -0.0, 0.058094, 0.816333, 0.574653, 0.37472, -0.005785, -0.575341, 0.817893, 0.0, 0.0, 0.0, 0.0, 1.0],
                [0.998294, -0.05084, -0.028702, -0.0, 0.058094, 0.816333, 0.574653, 0.37472, -0.005785, -0.575341, 0.817893, 0.0, 0.0, 0.0, 0.0, 1.0],
                [0.998294, -0.05084, -0.028702, -0.0, 0.058094, 0.816333, 0.574653, 0.37472, -0.005785, -0.575341, 0.817893, 0.0, 0.0, 0.0, 0.0, 1.0],
                [0.998294, -0.051556, -0.027394, -0.0, 0.058095, 0.83074, 0.553621, 0.37472, -0.005785, -0.554269, 0.832317, -0.0, 0.0, 0.0, 0.0, 1.0],
                [0.998294, -0.055942, -0.0167, 0.0, 0.058095, 0.923528, 0.379106, 0.37472, -0.005785, -0.379431, 0.925201, 0.0, 0.0, 0.0, 0.0, 1.0],
                [0.998294, -0.057089, -0.012219, 0.0, 0.058094, 0.950641, 0.304808, 0.37472, -0.005785, -0.304999, 0.952334, -0.0, 0.0, 0.0, 0.0, 1.0],
                [0.998294, -0.058101, -0.005717, -0.0, 0.058095, 0.978904, 0.195889, 0.37472, -0.005785, -0.195888, 0.980609, 0.0, 0.0, 0.0, 0.0, 1.0]
            ]
        },
        {
            "name": "Knee_R",
            "time": [0.0, 0.2167, 0.35, 0.4667, 0.5833, 0.75, 0.8667, 1.0333, 1.3],
            "transform": [
                [1.0, 0.0, -0.0, -0.0, -0.0, 1e-06, -1.0, 0.37472, -0.0, 1.0, 1e-06, 0.0, 0.0, 0.0, 0.0, 1.0],
                [1.0, 0.0, -0.0, 0.0, -0.0, 1e-06, -1.0, 0.37472, -0.0, 1.0, 1e-06, 0.0, 0.0, 0.0, 0.0, 1.0],
                [1.0, 0.0, -0.0, -0.0, -0.0, 1e-06, -1.0, 0.37472, -0.0, 1.0, 1e-06, 0.0, 0.0, 0.0, 0.0, 1.0],
                [1.0, 0.0, -0.0, -0.0, -0.0, 1e-06, -1.0, 0.37472, -0.0, 1.0, 1e-06, 0.0, 0.0, 0.0, 0.0, 1.0],
                [1.0, 0.0, -0.0, -0.0, -0.0, 1e-06, -1.0, 0.37472, -0.0, 1.0, 1e-06, 0.0, 0.0, 0.0, 0.0, 1.0],
                [1.0, 0.0, -0.0, -0.0, -0.0, 1e-06, -1.0, 0.37472, -0.0, 1.0, 1e-06, -0.0, 0.0, 0.0, 0.0, 1.0],
                [1.0, 0.0, -0.0, 0.0, -0.0, 1e-06, -1.0, 0.37472, -0.0, 1.0, 1e-06, 0.0, 0.0, 0.0, 0.0, 1.0],
                [1.0, 0.0, -0.0, 0.0, -0.0, 1e-06, -1.0, 0.37472, -0.0, 1.0, 1e-06, -0.0, 0.0, 0.0, 0.0, 1.0],
                [1.0, 0.0, -0.0, -0.0, -0.0, 1e-06, -1.0, 0.37472, -0.0, 1.0, 1e-06, 0.0, 0.0, 0.0, 0.0, 1.0]
            ]
        },
        {
            "name": "Thigh_L",
            "time": [0.0, 0.1, 0.2167, 0.35, 0.4667, 0.5833, 0.75, 0.8667, 1.0333, 1.3],
            "transform": [
                [0.784702, -0.303887, -0.540272, -0.109662, -0.081415, -0.914563, 0.396164, -0.002831, -0.614502, -0.266885, -0.742401, 0.02525, 0.0, 0.0, 0.0, 1.0],
                [0.804712, -0.344098, -0.483771, -0.109662, -0.21168, -0.927638, 0.307699, -0.002831, -0.554643, -0.145204, -0.81932, 0.02525, 0.0, 0.0, 0.0, 1.0],
                [0.801486, -0.43855, -0.406562, -0.109662, -0.400884, -0.898493, 0.178892, -0.002831, -0.443746, 0.019605, -0.895938, 0.02525, 0.0, 0.0, 0.0, 1.0],
                [0.796494, -0.461959, -0.390114, -0.109662, -0.441698, -0.885147, 0.146344, -0.002831, -0.412913, 0.055751, -0.909062, 0.02525, 0.0, 0.0, 0.0, 1.0],
                [0.796494, -0.461959, -0.390114, -0.109662, -0.441698, -0.885147, 0.146344, -0.002831, -0.412913, 0.055751, -0.909062, 0.02525, 0.0, 0.0, 0.0, 1.0],
                [0.796494, -0.461959, -0.390114, -0.109662, -0.441698, -0.885147, 0.146344, -0.002831, -0.412913, 0.055751, -0.909062, 0.02525, 0.0, 0.0, 0.0, 1.0],
                [0.773897, -0.520261, -0.361124, -0.109662, -0.512577, -0.849448, 0.12531, -0.002831, -0.37195, 0.088128, -0.924059, 0.02525, 0.0, 0.0, 0.0, 1.0],
                [0.790716, -0.421304, -0.444151, -0.109662, -0.311113, -0.901396, 0.301155, -0.002831, -0.527233, -0.099947, -0.843821, 0.02525, 0.0, 0.0, 0.0, 1.0],
                [0.789631, -0.375748, -0.485073, -0.109662, -0.208899, -0.907963, 0.363268, -0.002831, -0.576925, -0.185516, -0.79545, 0.02525, 0.0, 0.0, 0.0, 1.0],
                [0.784702, -0.303887, -0.540272, -0.109662, -0.081415, -0.914563, 0.396164, -0.002831, -0.614502, -0.266885, -0.742401, 0.02525, 0.0, 0.0, 0.0, 1.0]
            ]
        },
        {
            "name": "Leg_L",
            "time": [0.0, 0.1, 0.2167, 0.35, 0.4667, 0.5833, 0.75, 0.8667, 1.0333, 1.3],
            "transform": [
                [0.997933, 0.05815, 0.027369, 0.0, -0.064028, 0.936412, 0.345012, 0.37472, -0.005566, -0.34605, 0.9382, -0.0, 0.0, 0.0, 0.0, 1.0],
                [0.997933, 0.029202, 0.057252, 0.0, -0.064028, 0.528881, 0.846278, 0.37472, -0.005567, -0.848194, 0.529657, 0.0, 0.0, 0.0, 0.0, 1.0],
                [0.997933, 0.053116, 0.036183, 0.0, -0.064028, 0.870414, 0.48814, 0.37472, -0.005566, -0.489447, 0.872015, -0.0, 0.0, 0.0, 0.0, 1.0],
                [0.997933, 0.05815, 0.027369, 0.0, -0.064028, 0.936412, 0.345012, 0.37472, -0.005566, -0.34605, 0.9382, 0.0, 0.0, 0.0, 0.0, 1.0],
                [0.997933, 0.05815, 0.027369, 0.0, -0.064028, 0.936412, 0.345012, 0.37472, -0.005566, -0.34605, 0.9382, 0.0, 0.0, 0.0, 0.0, 1.0],
                [0.997933, 0.05815, 0.027369, 0.0, -0.064028, 0.936412, 0.345012, 0.37472, -0.005566, -0.34605, 0.9382, 0.0, 0.0, 0.0, 0.0, 1.0],
                [0.997933, 0.05815, 0.027369, 0.0, -0.064028, 0.936412, 0.345012, 0.37472, -0.005566, -0.346051, 0.9382, -0.0, 0.0, 0.0, 0.0, 1.0],
                [0.997933, 0.035832, 0.053353, -0.0, -0.064028, 0.626195, 0.777033, 0.37472, -0.005567, -0.778842, 0.627195, 0.0, 0.0, 0.0, 0.0, 1.0],
                [0.997933, 0.028898, 0.057406, 0.0, -0.064028, 0.524384, 0.849072, 0.37472, -0.005567, -0.850991, 0.52515, 0.0, 0.0, 0.0, 0.0, 1.0],
                [0.997933, 0.05815, 0.027369, 0.0, -0.064028, 0.936412, 0.345012, 0.37472, -0.005566, -0.34605, 0.9382, -0.0, 0.0, 0.0, 0.0, 1.0]
            ]
        },
        {
            "name": "Knee_L",
            "time": [0.0, 0.2167, 0.35, 0.4667, 0.5833, 0.75, 0.8667, 1.0333, 1.3],
            "transform": [
                [1.0, 0.0, -0.0, 0.0, -0.0, 1e-06, -1.0, 0.37472, -0.0, 1.0, 1e-06, -0.0, 0.0, 0.0, 0.0, 1.0],
                [1.0, 0.0, -0.0, 0.0, -0.0, 1e-06, -1.0, 0.37472, -0.0, 1.0, 1e-06, -0.0, 0.0, 0.0, 0.0, 1.0],
                [1.0, 0.0, -0.0, 0.0, -0.0, 1e-06, -1.0, 0.37472, -0.0, 1.0, 1e-06, 0.0, 0.0, 0.0, 0.0, 1.0],
                [1.0, 0.0, -0.0, 0.0, -0.0, 1e-06, -1.0, 0.37472, -0.0, 1.0, 1e-06, 0.0, 0.0, 0.0, 0.0, 1.0],
                [1.0, 0.0, -0.0, 0.0, -0.0, 1e-06, -1.0, 0.37472, -0.0, 1.0, 1e-06, 0.0, 0.0, 0.0, 0.0, 1.0],
                [1.0, 0.0, -0.0, 0.0, -0.0, 1e-06, -1.0, 0.37472, -0.0, 1.0, 1e-06, -0.0, 0.0, 0.0, 0.0, 1.0],
                [1.0, 0.0, -0.0, -0.0, -0.0, 1e-06, -1.0, 0.37472, -0.0, 1.0, 1e-06, 0.0, 0.0, 0.0, 0.0, 1.0],
                [1.0, 0.0, -0.0, 0.0, -0.0, 1e-06, -1.0, 0.37472, -0.0, 1.0, 1e-06, 0.0, 0.0, 0.0, 0.0, 1.0],
                [1.0, 0.0, -0.0, 0.0, -0.0, 1e-06, -1.0, 0.37472, -0.0, 1.0, 1e-06, -0.0, 0.0, 0.0, 0.0, 1.0]
            ]
        },
        {
            "name": "Torso",
            "time": [0.0, 0.2167, 0.35, 0.4667, 0.5833, 0.75, 0.8667, 1.0333, 1.3],
            "transform": [
                [0.965662, -0.025127, 0.258583, -0.0, 0.020968, 0.999603, 0.018828, 0.05, -0.258953, -0.012759, 0.965806, 0.0, 0.0, 0.0, 0.0, 1.0],
                [0.965662, 0.025109, 0.258584, -0.0, 0.020968, 0.984539, -0.173906, 0.05, -0.258953, 0.173356, 0.950206, 0.0, 0.0, 0.0, 0.0, 1.0],
                [0.965662, 0.026517, 0.258444, -0.0, 0.020968, 0.983577, -0.179265, 0.05, -0.258953, 0.178529, 0.949248, -0.0, 0.0, 0.0, 0.0, 1.0],
                [0.965662, 0.026517, 0.258444, -0.0, 0.020968, 0.983577, -0.179265, 0.05, -0.258953, 0.178529, 0.949248, -0.0, 0.0, 0.0, 0.0, 1.0],
                [0.965662, 0.026517, 0.258444, -0.0, 0.020968, 0.983577, -0.179265, 0.05, -0.258953, 0.178529, 0.949248, -0.0, 0.0, 0.0, 0.0, 1.0],
                [0.965662, 0.023341, 0.25875, 0.0, 0.020968, 0.985705, -0.167171, 0.05, -0.258953, 0.166856, 0.951369, -0.0, 0.0, 0.0, 0.0, 1.0],
                [0.965662, -0.001275, 0.259797, 0.0, 0.020968, 0.997108, -0.073045, 0.05, -0.258953, 0.075984, 0.962897, -0.0, 0.0, 0.0, 0.0, 1.0],
                [0.965662, -0.011108, 0.259563, 0.0, 0.020968, 0.999159, -0.035248, 0.05, -0.258953, 0.039481, 0.965083, 0.0, 0.0, 0.0, 0.0, 1.0],
                [0.965662, -0.025127, 0.258583, -0.0, 0.020968, 0.999603, 0.018828, 0.05, -0.258953, -0.012759, 0.965806, 0.0, 0.0, 0.0, 0.0, 1.0]
            ]
        },
        {
            "name": "Chest",
            "time": [0.0, 0.2167, 0.35, 0.4667, 0.5833, 0.75, 0.8667, 1.0333, 1.3],
            "transform": [
                [0.986768, -0.023894, -0.160365, -0.0, 0.026191, 0.999582, 0.012223, 0.3, 0.160006, -0.016261, 0.986982, -0.0, 0.0, 0.0, 0.0, 1.0],
                [0.986768, 0.030076, -0.159322, 0.0, 0.026191, 0.940169, 0.339699, 0.3, 0.160006, -0.339377, 0.926942, 0.0, 0.0, 0.0, 0.0, 1.0],
                [0.986769, 0.031569, -0.159033, -0.0, 0.026191, 0.936943, 0.3485, 0.3, 0.160006, -0.348054, 0.923719, -0.0, 0.0, 0.0, 0.0, 1.0],
                [0.986769, 0.031569, -0.159033, -0.0, 0.026191, 0.936943, 0.3485, 0.3, 0.160006, -0.348054, 0.923719, -0.0, 0.0, 0.0, 0.0, 1.0],
                [0.986769, 0.031569, -0.159033, -0.0, 0.026191, 0.936943, 0.3485, 0.3, 0.160006, -0.348054, 0.923719, -0.0, 0.0, 0.0, 0.0, 1.0],
                [0.986769, 0.028198, -0.159665, 0.0, 0.026191, 0.944105, 0.328602, 0.3, 0.160006, -0.328436, 0.930875, 0.0, 0.0, 0.0, 0.0, 1.0],
                [0.986753, 0.027529, -0.159879, 0.0, 0.026217, 0.945487, 0.324602, 0.3, 0.160099, -0.324494, 0.93224, -0.0, 0.0, 0.0, 0.0, 1.0],
                [0.986768, 0.026917, -0.159886, 0.0, 0.026191, 0.94671, 0.321021, 0.3, 0.160006, -0.320961, 0.933478, 0.0, 0.0, 0.0, 0.0, 1.0],
                [0.986768, -0.023894, -0.160365, -0.0, 0.026191, 0.999582, 0.012223, 0.3, 0.160006, -0.016261, 0.986982, -0.0, 0.0, 0.0, 0.0, 1.0]
            ]
        },
        {
            "name": "Head",
            "time": [0.0, 0.2167, 0.35, 0.4667, 0.5833, 0.75, 0.8667, 1.0333, 1.3],
            "transform": [
                [0.907906, 0.03176, 0.417969, -0.0, -0.015014, 0.99895, -0.043293, 0.4, -0.418905, 0.033031, 0.907429, -0.0, 0.0, 0.0, 0.0, 1.0],
                [0.985357, 0.03176, -0.167522, -0.0, -0.036832, 0.99895, -0.02726, 0.4, 0.16648, 0.033031, 0.985491, -0.0, 0.0, 0.0, 0.0, 1.0],
                [0.982432, 0.03176, -0.183897, 0.0, -0.037281, 0.99895, -0.026643, 0.4, 0.182858, 0.033031, 0.982584, 0.0, 0.0, 0.0, 0.0, 1.0],
                [0.982432, 0.03176, -0.183897, 0.0, -0.037281, 0.99895, -0.026643, 0.4, 0.182858, 0.033031, 0.982584, 0.0, 0.0, 0.0, 0.0, 1.0],
                [0.982432, 0.03176, -0.183897, 0.0, -0.037281, 0.99895, -0.026643, 0.4, 0.182858, 0.033031, 0.982584, 0.0, 0.0, 0.0, 0.0, 1.0],
                [0.988649, 0.03176, -0.14685, 0.0, -0.036253, 0.998949, -0.028025, 0.4, 0.145805, 0.033031, 0.988762, -0.0, 0.0, 0.0, 0.0, 1.0],
                [0.988451, 0.056532, 0.1406, 0.0, -0.033232, 0.98609, -0.162857, 0.4, -0.147851, 0.156304, 0.97658, 0.0, 0.0, 0.0, 0.0, 1.0],
                [0.964672, 0.071678, 0.253514, -0.0, -0.021989, 0.980825, -0.193644, 0.4, -0.262533, 0.181229, 0.947751, -0.0, 0.0, 0.0, 0.0, 1.0],
                [0.907906, 0.03176, 0.417969, -0.0, -0.015014, 0.99895, -0.043293, 0.4, -0.418905, 0.033031, 0.907429, -0.0, 0.0, 0.0, 0.0, 1.0]
            ]
        },
        {
            "name": "Shoulder_R",
            "time": [0.0, 0.2167, 0.35, 0.4667, 0.5833, 0.75, 0.8667, 1.0333, 1.3],
            "transform": [
                [0.06334, 0.923689, 0.37787, -0.0, -0.094281, -0.371399, 0.923674, 0.4, 0.993528, -0.094132, 0.063562, -0.0, 0.0, 0.0, 0.0, 1.0],
                [0.06334, 0.923689, 0.37787, -0.0, -0.094281, -0.371399, 0.923674, 0.4, 0.993528, -0.094132, 0.063562, -0.0, 0.0, 0.0, 0.0, 1.0],
                [0.06334, 0.923689, 0.37787, 0.0, -0.094281, -0.371398, 0.923674, 0.4, 0.993528, -0.094132, 0.063562, 0.0, 0.0, 0.0, 0.0, 1.0],
                [0.06334, 0.923689, 0.37787, 0.0, -0.094281, -0.371398, 0.923674, 0.4, 0.993528, -0.094132, 0.063562, 0.0, 0.0, 0.0, 0.0, 1.0],
                [0.06334, 0.923689, 0.37787, 0.0, -0.094281, -0.371398, 0.923674, 0.4, 0.993528, -0.094132, 0.063562, 0.0, 0.0, 0.0, 0.0, 1.0],
                [0.351537, 0.856525, 0.37787, 0.0, -0.206645, -0.322682, 0.923674, 0.4, 0.913082, -0.402791, 0.063562, -0.0, 0.0, 0.0, 0.0, 1.0],
                [0.213302, 0.900953, 0.37787, 0.0, -0.153655, -0.351021, 0.923674, 0.4, 0.964828, -0.255083, 0.063562, 0.0, 0.0, 0.0, 0.0, 1.0],
                [0.148688, 0.913841, 0.37787, -0.0, -0.128302, -0.36106, 0.923674, 0.4, 0.980525, -0.185821, 0.063562, -0.0, 0.0, 0.0, 0.0, 1.0],
                [0.06334, 0.923689, 0.37787, -0.0, -0.094281, -0.371399, 0.923674, 0.4, 0.993528, -0.094132, 0.063562, -0.0, 0.0, 0.0, 0.0, 1.0]
            ]
        },
        {
            "name": "Arm_R",
            "time": [0.0, 0.2167, 0.35, 0.4667, 0.5833, 0.75, 0.8667, 1.0333, 1.3],
            "transform": [
                [0.095459, 0.079765, -0.992232, -0.0, 0.832695, 0.539784, 0.123503, 0.39386, 0.545442, -0.838016, -0.014892, -0.0, 0.0, 0.0, 0.0, 1.0],
                [-0.220279, -0.651115, -0.726311, -0.0, 0.63395, 0.47034, -0.613912, 0.39386, 0.74134, -0.595676, 0.309168, 0.0, 0.0, 0.0, 0.0, 1.0],
                [-0.225002, -0.667431, -0.709866, 0.0, 0.62498, 0.46007, -0.630663, 0.393861, 0.747512, -0.585553, 0.313614, -0.0, 0.0, 0.0, 0.0, 1.0],
                [-0.158002, -0.744766, -0.648351, 0.0, 0.678485, 0.395166, -0.619276, 0.393861, 0.717421, -0.537743, 0.442875, -0.0, 0.0, 0.0, 0.0, 1.0],
                [-0.225002, -0.667431, -0.709866, 0.0, 0.62498, 0.46007, -0.630663, 0.393861, 0.747512, -0.585553, 0.313614, -0.0, 0.0, 0.0, 0.0, 1.0],
                [0.48134, -0.849088, -0.217626, -0.0, 0.850147, 0.512693, -0.119984, 0.393861, 0.213452, -0.127261, 0.968629, 0.0, 0.0, 0.0, 0.0, 1.0],
                [0.313238, 0.182629, -0.931949, -0.0, 0.671329, 0.651524, 0.353317, 0.393861, 0.671713, -0.736317, 0.081478, 0.0, 0.0, 0.0, 0.0, 1.0],
                [0.160928, 0.446432, -0.880228, -0.0, 0.684857, 0.591686, 0.425298, 0.393861, 0.710685, -0.671273, -0.210523, -0.0, 0.0, 0.0, 0.0, 1.0],
                [0.095459, 0.079765, -0.992232, -0.0, 0.832695, 0.539784, 0.123503, 0.39386, 0.545442, -0.838016, -0.014892, -0.0, 0.0, 0.0, 0.0, 1.0]
            ]
        },
        {
            "name": "Hand_R",
            "time": [0.0, 0.2167, 0.35, 0.4667, 0.5833, 0.75, 0.8667, 1.0333, 1.3],
            "transform": [
                [0.999599, -0.023021, -0.016487, 0.0, 0.023395, 0.999464, 0.022904, 0.3, 0.015951, -0.02328, 0.999602, -0.0, 0.0, 0.0, 0.0, 1.0],
                [0.999599, -0.020531, 0.0195, 0.0, 0.023395, 0.210884, -0.977231, 0.3, 0.015951, 0.977295, 0.21128, -0.0, 0.0, 0.0, 0.0, 1.0],
                [0.999599, -0.019818, 0.020224, 0.0, 0.023395, 0.175689, -0.984168, 0.3, 0.015951, 0.984246, 0.176082, 0.0, 0.0, 0.0, 0.0, 1.0],
                [0.999599, -0.022916, 0.016633, 0.0, 0.023395, 0.337502, -0.941034, 0.3, 0.015951, 0.941046, 0.337903, 0.0, 0.0, 0.0, 0.0, 1.0],
                [0.999599, -0.019818, 0.020224, 0.0, 0.023395, 0.175689, -0.984168, 0.3, 0.015951, 0.984246, 0.176082, 0.0, 0.0, 0.0, 0.0, 1.0],
                [0.999599, -0.0214, 0.018543, 0.0, 0.023395, 0.255285, -0.966583, 0.3, 0.015951, 0.966629, 0.255683, 0.0, 0.0, 0.0, 0.0, 1.0],
                [0.999593, -0.027196, -0.008647, 0.0, 0.023669, 0.959367, -0.281168, 0.3, 0.015942, 0.280849, 0.95962, -0.0, 0.0, 0.0, 0.0, 1.0],
                [0.999599, -0.023944, -0.015114, -0.0, 0.023395, 0.999095, -0.03551, 0.3, 0.015951, 0.035142, 0.999255, -0.0, 0.0, 0.0, 0.0, 1.0],
                [0.999599, -0.023021, -0.016487, 0.0, 0.023395, 0.999464, 0.022904, 0.3, 0.015951, -0.02328, 0.999602, -0.0, 0.0, 0.0, 0.0, 1.0]
            ]
        },
        {
            "name": "Tool_R",
            "time": [0.0, 0.2167, 0.35, 0.4667, 0.5833, 0.75, 0.8667, 1.0333, 1.3],
            "transform": [
                [0.999822, 0.009713, 0.016189, -0.017311, 0.006818, -0.985396, 0.17014, 0.36637, 0.017595, -0.169909, -0.984702, 0.051121, 0.0, 0.0, 0.0, 1.0],
                [0.999822, 0.009713, 0.016189, -0.017312, 0.006818, -0.985396, 0.17014, 0.36637, 0.017595, -0.169909, -0.984702, 0.051121, 0.0, 0.0, 0.0, 1.0],
                [0.999822, 0.009713, 0.016189, -0.017311, 0.006818, -0.985396, 0.17014, 0.36637, 0.017595, -0.169909, -0.984702, 0.051121, 0.0, 0.0, 0.0, 1.0],
                [0.999822, 0.009713, 0.016189, -0.017311, 0.006818, -0.985396, 0.17014, 0.36637, 0.017595, -0.169909, -0.984702, 0.051121, 0.0, 0.0, 0.0, 1.0],
                [0.999822, 0.009713, 0.016189, -0.017311, 0.006818, -0.985396, 0.17014, 0.36637, 0.017595, -0.169909, -0.984702, 0.051121, 0.0, 0.0, 0.0, 1.0],
                [0.999822, 0.009713, 0.016189, -0.017312, 0.006818, -0.985396, 0.17014, 0.36637, 0.017595, -0.169909, -0.984702, 0.051121, 0.0, 0.0, 0.0, 1.0],
                [0.999822, 0.009713, 0.016189, -0.017311, 0.006818, -0.985396, 0.17014, 0.36637, 0.017595, -0.169909, -0.984702, 0.051121, 0.0, 0.0, 0.0, 1.0],
                [0.999822, 0.009713, 0.016189, -0.017311, 0.006818, -0.985396, 0.17014, 0.36637, 0.017595, -0.169909, -0.984702, 0.051121, 0.0, 0.0, 0.0, 1.0],
                [0.999822, 0.009713, 0.016189, -0.017311, 0.006818, -0.985396, 0.17014, 0.36637, 0.017595, -0.169909, -0.984702, 0.051121, 0.0, 0.0, 0.0, 1.0]
            ]
        },
        {
            "name": "Elbow_R",
            "time": [0.0, 0.2167, 0.35, 0.4667, 0.5833, 0.75, 0.8667, 1.0333, 1.3],
            "transform": [
                [-1.0, 0.0, 0.0, -0.0, -0.0, -0.139408, -0.990235, 0.335189, -0.0, -0.990235, 0.139408, -0.005621, 0.0, 0.0, 0.0, 1.0],
                [-1.0, 0.0, 0.0, 0.0, 0.0, 0.697938, -0.716158, 0.335189, -0.0, -0.716158, -0.697938, -0.005621, 0.0, 0.0, 0.0, 1.0],
                [-1.0, 0.0, 0.0, 0.0, -0.0, 0.715493, -0.69862, 0.335189, -0.0, -0.69862, -0.715493, -0.005621, 0.0, 0.0, 0.0, 1.0],
                [-1.0, 0.0, 0.0, 0.0, -0.0, 0.617796, -0.786338, 0.335189, -0.0, -0.786339, -0.617796, -0.005621, 0.0, 0.0, 0.0, 1.0],
                [-1.0, 0.0, 0.0, 0.0, -0.0, 0.715493, -0.69862, 0.335189, -0.0, -0.69862, -0.715493, -0.005621, 0.0, 0.0, 0.0, 1.0],
                [-1.0, 0.0, 0.0, -0.0, -0.0, 0.675154, -0.737677, 0.335189, -0.0, -0.737677, -0.675154, -0.005621, 0.0, 0.0, 0.0, 1.0],
                [-1.0, 0.0, 0.0, 0.0, -0.0, -0.05385, -0.998549, 0.335189, -0.0, -0.998549, 0.05385, -0.005621, 0.0, 0.0, 0.0, 1.0],
                [-1.0, 0.0, 0.0, 0.0, -0.0, -0.216002, -0.976393, 0.335189, -0.0, -0.976393, 0.216002, -0.005621, 0.0, 0.0, 0.0, 1.0],
                [-1.0, 0.0, 0.0, -0.0, -0.0, -0.139408, -0.990235, 0.335189, -0.0, -0.990235, 0.139408, -0.005621, 0.0, 0.0, 0.0, 1.0]
            ]
        },
        {
            "name": "Shoulder_L",
            "time": [0.0, 0.2167, 0.35, 0.4667, 0.5833, 0.75, 0.8667, 1.0333, 1.3],
            "transform": [
                [-0.007939, -0.952498, -0.304441, -0.0, -0.088921, -0.302572, 0.94897, 0.4, -0.996007, 0.034605, -0.082295, -0.0, 0.0, 0.0, 0.0, 1.0],
                [0.416983, -0.856412, -0.304441, -0.0, 0.055096, -0.310518, 0.948969, 0.4, -0.907243, -0.412478, -0.082295, -0.0, 0.0, 0.0, 0.0, 1.0],
                [0.42798, -0.850969, -0.304441, 0.0, 0.059092, -0.309782, 0.94897, 0.4, -0.901854, -0.42413, -0.082295, 0.0, 0.0, 0.0, 0.0, 1.0],
                [0.42798, -0.850969, -0.304441, 0.0, 0.059092, -0.309782, 0.94897, 0.4, -0.901854, -0.42413, -0.082295, 0.0, 0.0, 0.0, 0.0, 1.0],
                [0.42798, -0.850969, -0.304441, 0.0, 0.059092, -0.309782, 0.94897, 0.4, -0.901854, -0.42413, -0.082295, 0.0, 0.0, 0.0, 0.0, 1.0],
                [0.787995, -0.447298, -0.42307, 0.0, 0.499888, 0.063679, 0.863746, 0.4, -0.359412, -0.892115, 0.273778, -0.0, 0.0, 0.0, 0.0, 1.0],
                [-0.204463, -0.936223, -0.285799, 0.0, 0.071386, -0.305451, 0.949528, 0.4, -0.976268, 0.173741, 0.129286, 0.0, 0.0, 0.0, 0.0, 1.0],
                [-0.440908, -0.846352, -0.298811, -0.0, -0.107676, -0.280636, 0.953755, 0.4, -0.89107, 0.452693, 0.032603, -0.0, 0.0, 0.0, 0.0, 1.0],
                [-0.007939, -0.952498, -0.304441, -0.0, -0.088921, -0.302572, 0.94897, 0.4, -0.996007, 0.034605, -0.082295, -0.0, 0.0, 0.0, 0.0, 1.0]
            ]
        },
        {
            "name": "Arm_L",
            "time": [0.0, 0.2167, 0.35, 0.4667, 0.5833, 0.75, 0.8667, 1.0333, 1.3],
            "transform": [
                [-0.146701, -0.409837, 0.900284, -0.0, -0.980855, 0.178104, -0.078752, 0.39386, -0.128068, -0.894602, -0.428119, -0.0, 0.0, 0.0, 0.0, 1.0],
                [-0.540949, 0.770899, 0.336286, -0.0, -0.657255, -0.137992, -0.740928, 0.39386, -0.524776, -0.62183, 0.581324, -0.0, 0.0, 0.0, 0.0, 1.0],
                [-0.538851, 0.730072, 0.420278, 0.0, -0.646899, -0.039049, -0.761575, 0.39386, -0.539594, -0.682253, 0.493324, 0.0, 0.0, 0.0, 0.0, 1.0],
                [-0.750352, 0.575625, 0.325006, 0.0, -0.574936, -0.325657, -0.750597, 0.39386, -0.326222, -0.750069, 0.575305, 0.0, 0.0, 0.0, 0.0, 1.0],
                [-0.538851, 0.730072, 0.420278, 0.0, -0.646899, -0.039049, -0.761575, 0.39386, -0.539594, -0.682253, 0.493324, 0.0, 0.0, 0.0, 0.0, 1.0],
                [-0.174902, 0.912022, 0.370979, 0.0, -0.744881, 0.123829, -0.655605, 0.39386, -0.643864, -0.391002, 0.65769, 0.0, 0.0, 0.0, 0.0, 1.0],
                [-0.032889, 0.181178, 0.9829, 0.0, -0.783709, 0.605636, -0.137861, 0.39386, -0.620257, -0.774842, 0.122072, 0.0, 0.0, 0.0, 0.0, 1.0],
                [-0.05644, -0.190317, 0.980099, 0.0, -0.793805, 0.603947, 0.071563, 0.39386, -0.605548, -0.773968, -0.185162, 0.0, 0.0, 0.0, 0.0, 1.0],
                [-0.146701, -0.409837, 0.900284, -0.0, -0.980855, 0.178104, -0.078752, 0.39386, -0.128068, -0.894602, -0.428119, -0.0, 0.0, 0.0, 0.0, 1.0]
            ]
        },
        {
            "name": "Hand_L",
            "time": [0.0, 0.2167, 0.35, 0.4667, 0.5833, 0.75, 0.8667, 1.0333, 1.3],
            "transform": [
                [0.99991, 0.013352, -0.001578, 0.0, -0.012582, 0.887892, -0.45988, 0.3, -0.004739, 0.459858, 0.88798, 0.0, 0.0, 0.0, 0.0, 1.0],
                [0.99991, 0.013352, -0.001578, -0.0, -0.012582, 0.887892, -0.45988, 0.3, -0.004739, 0.459858, 0.88798, -0.0, 0.0, 0.0, 0.0, 1.0],
                [0.99991, 0.011887, -0.006281, -0.0, -0.012582, 0.66266, -0.748815, 0.3, -0.004739, 0.748826, 0.66275, 0.0, 0.0, 0.0, 0.0, 1.0],
                [0.99991, 0.013074, -0.003137, -0.0, -0.012582, 0.827668, -0.561077, 0.3, -0.004739, 0.561066, 0.827758, 0.0, 0.0, 0.0, 0.0, 1.0],
                [0.99991, 0.011887, -0.006281, -0.0, -0.012582, 0.66266, -0.748815, 0.3, -0.004739, 0.748826, 0.66275, 0.0, 0.0, 0.0, 0.0, 1.0],
                [0.99991, 0.012967, -0.003554, 0.0, -0.012582, 0.809297, -0.587266, 0.3, -0.004739, 0.587258, 0.809387, -0.0, 0.0, 0.0, 0.0, 1.0],
                [0.99991, 0.013453, 0.000444, -0.0, -0.012598, 0.946898, -0.321286, 0.3, -0.004742, 0.321252, 0.946982, -0.0, 0.0, 0.0, 0.0, 1.0],
                [0.999909, 0.013426, 0.000998, 0.0, -0.0126, 0.959349, -0.281942, 0.3, -0.004743, 0.281903, 0.959431, 0.0, 0.0, 0.0, 0.0, 1.0],
                [0.99991, 0.013352, -0.001578, 0.0, -0.012582, 0.887892, -0.45988, 0.3, -0.004739, 0.459858, 0.88798, 0.0, 0.0, 0.0, 0.0, 1.0]
            ]
        },
        {
            "name": "Tool_L",
            "time": [0.0, 0.2167, 0.35, 0.4667, 0.5833, 0.75, 0.8667, 1.0333, 1.3],
            "transform": [
                [0.998658, 0.039723, -0.033233, -0.012677, 0.043929, -0.98956, 0.137266, 0.208813, -0.027417, -0.138471, -0.989393, 0.160811, 0.0, 0.0, 0.0, 1.0],
                [0.998658, 0.039723, -0.033233, -0.012677, 0.043929, -0.98956, 0.137266, 0.208813, -0.027417, -0.138471, -0.989393, 0.160811, 0.0, 0.0, 0.0, 1.0],
                [0.998658, 0.039723, -0.033233, -0.012677, 0.043929, -0.98956, 0.137266, 0.208813, -0.027417, -0.138471, -0.989393, 0.160811, 0.0, 0.0, 0.0, 1.0],
                [0.998658, 0.039723, -0.033233, -0.012677, 0.043929, -0.98956, 0.137266, 0.208813, -0.027417, -0.138471, -0.989393, 0.160811, 0.0, 0.0, 0.0, 1.0],
                [0.998658, 0.039723, -0.033233, -0.012677, 0.043929, -0.98956, 0.137266, 0.208813, -0.027417, -0.138471, -0.989393, 0.160811, 0.0, 0.0, 0.0, 1.0],
                [0.998658, 0.039723, -0.033233, -0.012677, 0.043929, -0.98956, 0.137266, 0.208813, -0.027417, -0.13847, -0.989393, 0.160811, 0.0, 0.0, 0.0, 1.0],
                [0.998658, 0.039723, -0.033233, -0.012677, 0.043929, -0.98956, 0.137266, 0.208813, -0.027417, -0.138471, -0.989393, 0.160811, 0.0, 0.0, 0.0, 1.0],
                [0.998658, 0.039723, -0.033233, -0.012677, 0.043929, -0.98956, 0.137266, 0.208813, -0.027417, -0.138471, -0.989393, 0.160811, 0.0, 0.0, 0.0, 1.0],
                [0.998658, 0.039723, -0.033233, -0.012677, 0.043929, -0.98956, 0.137266, 0.208813, -0.027417, -0.138471, -0.989393, 0.160811, 0.0, 0.0, 0.0, 1.0]
            ]
        },
        {
            "name": "Elbow_L",
            "time": [0.0, 0.2167, 0.35, 0.4667, 0.5833, 0.75, 0.8667, 1.0333, 1.3],
            "transform": [
                [-0.999641, -0.004744, -0.026384, -0.001644, 0.023045, 0.350725, -0.936195, 0.298484, 0.013695, -0.936467, -0.350489, -0.001028, 0.0, 0.0, 0.0, 1.0],
                [-0.999641, -0.004744, -0.026384, -0.001644, 0.023045, 0.350725, -0.936195, 0.298484, 0.013695, -0.936467, -0.350489, -0.001028, 0.0, 0.0, 0.0, 1.0],
                [-0.999641, -0.004744, -0.026384, -0.001644, 0.023045, 0.350725, -0.936195, 0.298484, 0.013695, -0.936467, -0.350489, -0.001028, 0.0, 0.0, 0.0, 1.0],
                [-0.999641, -0.004744, -0.026384, -0.001644, 0.023045, 0.350725, -0.936195, 0.298484, 0.013695, -0.936467, -0.350489, -0.001028, 0.0, 0.0, 0.0, 1.0],
                [-0.999641, -0.004744, -0.026384, -0.001644, 0.023045, 0.350725, -0.936195, 0.298484, 0.013695, -0.936467, -0.350489, -0.001028, 0.0, 0.0, 0.0, 1.0],
                [-0.999641, -0.004744, -0.026384, -0.001644, 0.023045, 0.350725, -0.936195, 0.298484, 0.013695, -0.936467, -0.35049, -0.001028, 0.0, 0.0, 0.0, 1.0],
                [-0.999641, -0.004744, -0.026384, -0.001644, 0.023045, 0.350725, -0.936195, 0.298484, 0.013695, -0.936467, -0.350489, -0.001028, 0.0, 0.0, 0.0, 1.0],
                [-0.999641, -0.004744, -0.026384, -0.001644, 0.023045, 0.350725, -0.936195, 0.298484, 0.013695, -0.936467, -0.350489, -0.001028, 0.0, 0.0, 0.0, 1.0],
                [-0.999641, -0.004744, -0.026384, -0.001644, 0.023045, 0.350725, -0.936195, 0.298484, 0.013695, -0.936467, -0.350489, -0.001028, 0.0, 0.0, 0.0, 1.0]
            ]
        }
    ]
}