{
    "animation": [
        {
            "name": "Root",
            "time": [0.0, 0.2833, 0.4833, 0.9, 1.0833, 1.2667, 1.4, 1.5833, 2.1, 2.5667],
            "transform": [
                [0.854689, 0.0, -0.51914, -5e-06, -0.51914, 0.0, -0.854689, 0.000946, 0.0, 1.0, 0.0, 0.734337, 0.0, 0.0, 0.0, 1.0],
                [0.854689, 0.0, -0.51914, -5e-06, -0.51914, 0.0, -0.854689, 0.000946, 0.0, 1.0, 0.0, 0.647291, 0.0, 0.0, 0.0, 1.0],
                [0.854689, 0.0, -0.51914, -5e-06, -0.51914, 0.0, -0.854689, 0.000946, 0.0, 1.0, 0.0, 0.63531, 0.0, 0.0, 0.0, 1.0],
                [0.854689, 0.0, -0.51914, -5e-06, -0.51914, 0.0, -0.854689, 0.000946, 0.0, 1.0, 0.0, 0.629465, 0.0, 0.0, 0.0, 1.0],
                [0.999886, 0.005402, -0.01411, 0.020416, -0.014025, -0.015441, -0.999782, 0.050487, -0.005619, 0.999866, -0.015363, 0.717379, 0.0, 0.0, 0.0, 1.0],
                [0.996014, 0.007354, 0.088895, 0.024422, 0.089015, -0.017987, -0.995868, 0.060206, -0.005725, 0.999811, -0.01857, 0.734626, 0.0, 0.0, 0.0, 1.0],
                [0.314894, 0.144314, -0.938091, -5e-06, -0.928895, 0.249843, -0.273372, -0.58146, 0.194925, 0.957471, 0.212727, 0.577883, 0.0, 0.0, 0.0, 1.0],
                [0.389833, 0.089105, -0.916565, -5e-06, -0.912355, 0.172535, -0.371269, -0.728952, 0.125058, 0.980965, 0.148555, 0.646431, 0.0, 0.0, 0.0, 1.0],
                [0.389833, 0.089105, -0.916565, -5e-06, -0.912355, 0.172535, -0.371269, -0.768597, 0.125058, 0.980965, 0.148555, 0.675417, 0.0, 0.0, 0.0, 1.0],
                [0.854689, 0.0, -0.51914, -5e-06, -0.51914, 0.0, -0.854689, -0.774111, 0.0, 1.0, 0.0, 0.734337, 0.0, 0.0, 0.0, 1.0]
            ]
        },
        {
            "name": "Thigh_R",
            "time": [0.0, 0.2833, 0.4833, 0.9, 1.0833, 1.2667, 1.4, 1.5833, 2.1, 2.5667],
            "transform": [
                [0.984651, 0.173938, 0.014417, 0.124994, 0.174461, -0.983273, -0.052289, -0.002831, 0.005081, 0.054002, -0.998528, -1.2e-05, 0.0, 0.0, 0.0, 1.0],
                [0.92564, 0.377938, -0.018772, 0.124994, 0.357925, -0.890563, -0.280684, -0.002831, -0.122799, 0.253093, -0.959617, -1.2e-05, 0.0, 0.0, 0.0, 1.0],
                [0.914033, 0.405174, -0.019421, 0.124994, 0.379553, -0.871161, -0.311473, -0.002831, -0.14312, 0.277325, -0.950057, -1.2e-05, 0.0, 0.0, 0.0, 1.0],
                [0.908099, 0.418306, -0.019391, 0.124994, 0.389721, -0.861169, -0.326345, -0.002831, -0.153212, 0.288796, -0.945052, -1.2e-05, 0.0, 0.0, 0.0, 1.0],
                [0.90806, 0.411141, -0.079924, 0.124994, 0.37247, -0.705419, 0.603033, -0.002831, 0.191552, -0.577358, -0.793703, -1.2e-05, 0.0, 0.0, 0.0, 1.0],
                [0.910511, 0.403782, -0.08904, 0.124994, 0.332339, -0.586534, 0.738598, -0.002831, 0.246008, -0.702092, -0.668241, -1.2e-05, 0.0, 0.0, 0.0, 1.0],
                [0.910054, 0.414472, 0.003704, 0.124994, 0.414316, -0.909376, -0.037075, -0.002831, -0.011998, 0.035276, -0.999306, -1.2e-05, 0.0, 0.0, 0.0, 1.0],
                [0.942244, 0.334813, 0.008725, 0.124994, 0.334832, -0.94103, -0.048436, -0.002831, -0.008006, 0.04856, -0.998788, -1.2e-05, 0.0, 0.0, 0.0, 1.0],
                [0.950184, 0.311537, 0.009659, 0.124994, 0.311626, -0.948921, -0.049345, -0.002831, -0.006208, 0.049898, -0.998735, -1.2e-05, 0.0, 0.0, 0.0, 1.0],
                [0.984651, 0.173938, 0.014417, 0.124994, 0.174461, -0.983273, -0.052289, -0.002831, 0.005081, 0.054002, -0.998528, -1.2e-05, 0.0, 0.0, 0.0, 1.0]
            ]
        },
        {
            "name": "Leg_R",
            "time": [0.0, 0.2833, 0.4833, 0.9, 1.0833, 1.2667, 1.4, 1.5833, 2.1, 2.5667],
            "transform": [
                [0.998294, -0.058101, -0.005717, -0.0, 0.058095, 0.978904, 0.195889, 0.37472, -0.005785, -0.195888, 0.980609, 0.0, 0.0, 0.0, 0.0, 1.0],
                [0.998294, -0.055973, -0.016596, -0.0, 0.058095, 0.924234, 0.377383, 0.37472, -0.005785, -0.377704, 0.925908, 0.0, 0.0, 0.0, 0.0, 1.0],
                [0.998294, -0.05552, -0.018053, 0.0, 0.058095, 0.914053, 0.401414, 0.37472, -0.005785, -0.401779, 0.915718, 0.0, 0.0, 0.0, 0.0, 1.0],
                [0.998294, -0.055286, -0.018759, -0.0, 0.058094, 0.908864, 0.413029, 0.37472, -0.005785, -0.413415, 0.910524, 0.0, 0.0, 0.0, 0.0, 1.0],
                [0.998294, -0.006177, -0.058054, -0.0, 0.058094, 0.006567, 0.998289, 0.37472, -0.005785, -0.99996, 0.006914, 0.0, 0.0, 0.0, 0.0, 1.0],
                [0.998295, 0.006068, -0.058065, -0.0, 0.058094, -0.20181, 0.9777, 0.37472, -0.005785, -0.979407, -0.201818, -0.0, 0.0, 0.0, 0.0, 1.0],
                [0.998294, -0.055116, -0.019253, 0.0, 0.058095, 0.905135, 0.421137, 0.37472, -0.005785, -0.421537, 0.906792, 0.0, 0.0, 0.0, 0.0, 1.0],
                [0.998294, -0.057701, -0.008888, -0.0, 0.058095, 0.966717, 0.249167, 0.37472, -0.005785, -0.249259, 0.968419, 0.0, 0.0, 0.0, 0.0, 1.0],
                [0.998294, -0.057823, -0.008057, 0.0, 0.058095, 0.970201, 0.235235, 0.37472, -0.005785, -0.235303, 0.971904, -0.0, 0.0, 0.0, 0.0, 1.0],
                [0.998294, -0.058101, -0.005717, -0.0, 0.058095, 0.978904, 0.195889, 0.37472, -0.005785, -0.195888, 0.980609, 0.0, 0.0, 0.0, 0.0, 1.0]
            ]
        },
        {
            "name": "Knee_R",
            "time": [0.0, 0.2833, 0.4833, 0.9, 1.0833, 1.2667, 1.4, 1.5833, 2.1, 2.5667],
            "transform": [
                [1.0, 0.0, -0.0, -0.0, -0.0, 1e-06, -1.0, 0.37472, -0.0, 1.0, 1e-06, 0.0, 0.0, 0.0, 0.0, 1.0],
                [1.0, 0.0, -0.0, -0.0, -0.0, 1e-06, -1.0, 0.37472, -0.0, 1.0, 1e-06, 0.0, 0.0, 0.0, 0.0, 1.0],
                [1.0, 0.0, -0.0, 0.0, -0.0, 1e-06, -1.0, 0.37472, -0.0, 1.0, 1e-06, 0.0, 0.0, 0.0, 0.0, 1.0],
                [1.0, 0.0, -0.0, -0.0, -0.0, 1e-06, -1.0, 0.37472, -0.0, 1.0, 1e-06, 0.0, 0.0, 0.0, 0.0, 1.0],
                [1.0, 0.0, -0.0, -0.0, -0.0, 1e-06, -1.0, 0.37472, -0.0, 1.0, 1e-06, 0.0, 0.0, 0.0, 0.0, 1.0],
                [1.0, 0.0, -0.0, -0.0, -0.0, 1e-06, -1.0, 0.37472, -0.0, 1.0, 1e-06, -0.0, 0.0, 0.0, 0.0, 1.0],
                [1.0, 0.0, -0.0, 0.0, -0.0, 1e-06, -1.0, 0.37472, -0.0, 1.0, 1e-06, 0.0, 0.0, 0.0, 0.0, 1.0],
                [1.0, 0.0, -0.0, -0.0, -0.0, 1e-06, -1.0, 0.37472, -0.0, 1.0, 1e-06, 0.0, 0.0, 0.0, 0.0, 1.0],
                [1.0, 0.0, -0.0, 0.0, -0.0, 1e-06, -1.0, 0.37472, -0.0, 1.0, 1e-06, -0.0, 0.0, 0.0, 0.0, 1.0],
                [1.0, 0.0, -0.0, -0.0, -0.0, 1e-06, -1.0, 0.37472, -0.0, 1.0, 1e-06, 0.0, 0.0, 0.0, 0.0, 1.0]
            ]
        },
        {
            "name": "Thigh_L",
            "time": [0.0, 0.2833, 0.4833, 0.9, 1.0833, 1.2667, 1.4, 1.5833, 2.1, 2.5667],
            "transform": [
                [0.784702, -0.303887, -0.540272, -0.109662, -0.081415, -0.914563, 0.396164, -0.002831, -0.614502, -0.266885, -0.742401, 0.02525, 0.0, 0.0, 0.0, 1.0],
                [0.784702, -0.458643, -0.416998, -0.109662, -0.081415, -0.743147, 0.664157, -0.002831, -0.614502, -0.487216, -0.62049, 0.02525, 0.0, 0.0, 0.0, 1.0],
                [0.784702, -0.476534, -0.39643, -0.109662, -0.081415, -0.713228, 0.696188, -0.002831, -0.614502, -0.514025, -0.598469, 0.02525, 0.0, 0.0, 0.0, 1.0],
                [0.784702, -0.484907, -0.386143, -0.109662, -0.081415, -0.698168, 0.71129, -0.002831, -0.614502, -0.526713, -0.587333, 0.02525, 0.0, 0.0, 0.0, 1.0],
                [0.784703, -0.37956, -0.490077, -0.109662, -0.081415, -0.84687, 0.525531, -0.002831, -0.614502, -0.372486, -0.695443, 0.02525, 0.0, 0.0, 0.0, 1.0],
                [0.784703, -0.356196, -0.507312, -0.109662, -0.081415, -0.870548, 0.485301, -0.002831, -0.614502, -0.339515, -0.712121, 0.02525, 0.0, 0.0, 0.0, 1.0],
                [0.812704, -0.58217, -0.024281, -0.109662, -0.196976, -0.313718, 0.92886, -0.002831, -0.548371, -0.750106, -0.369634, 0.02525, 0.0, 0.0, 0.0, 1.0],
                [0.812482, -0.541238, -0.216641, -0.109662, -0.153594, -0.557208, 0.816044, -0.002831, -0.562388, -0.629747, -0.535853, 0.02525, 0.0, 0.0, 0.0, 1.0],
                [0.81061, -0.518182, -0.272761, -0.109662, -0.14099, -0.624795, 0.767954, -0.002831, -0.568359, -0.584054, -0.579524, 0.02525, 0.0, 0.0, 0.0, 1.0],
                [0.784702, -0.303887, -0.540272, -0.109662, -0.081415, -0.914563, 0.396164, -0.002831, -0.614502, -0.266885, -0.742401, 0.02525, 0.0, 0.0, 0.0, 1.0]
            ]
        },
        {
            "name": "Leg_L",
            "time": [0.0, 0.2833, 0.4833, 0.9, 1.0833, 1.2667, 1.4, 1.5833, 2.1, 2.5667],
            "transform": [
                [0.997933, 0.05815, 0.027369, 0.0, -0.064028, 0.936412, 0.345012, 0.37472, -0.005566, -0.34605, 0.9382, -0.0, 0.0, 0.0, 0.0, 1.0],
                [0.997933, 0.041813, 0.048808, -0.0, -0.064028, 0.712585, 0.698658, 0.37472, -0.005567, -0.700338, 0.713789, -0.0, 0.0, 0.0, 0.0, 1.0],
                [0.997933, 0.038922, 0.051143, -0.0, -0.064028, 0.671012, 0.738677, 0.37472, -0.005567, -0.740424, 0.672117, -0.0, 0.0, 0.0, 0.0, 1.0],
                [0.997933, 0.037471, 0.052216, -0.0, -0.064028, 0.650005, 0.757228, 0.37472, -0.005567, -0.759005, 0.651061, 0.0, 0.0, 0.0, 0.0, 1.0],
                [0.997933, 0.049986, 0.040397, 0.0, -0.064028, 0.827682, 0.557533, 0.37472, -0.005566, -0.558967, 0.829171, 0.0, 0.0, 0.0, 0.0, 1.0],
                [0.997933, 0.054541, 0.033997, 0.0, -0.064028, 0.889517, 0.452394, 0.37472, -0.005567, -0.453635, 0.89117, 0.0, 0.0, 0.0, 0.0, 1.0],
                [0.997933, 0.007623, 0.063816, 0.0, -0.064028, 0.203918, 0.976892, 0.37472, -0.005567, -0.978958, 0.203984, 0.0, 0.0, 0.0, 0.0, 1.0],
                [0.997933, 0.027827, 0.057933, 0.0, -0.064028, 0.508533, 0.858659, 0.37472, -0.005567, -0.860592, 0.509264, 0.0, 0.0, 0.0, 0.0, 1.0],
                [0.997933, 0.033583, 0.054797, 0.0, -0.064028, 0.593345, 0.802398, 0.37472, -0.005567, -0.804247, 0.594269, -0.0, 0.0, 0.0, 0.0, 1.0],
                [0.997933, 0.05815, 0.027369, 0.0, -0.064028, 0.936412, 0.345012, 0.37472, -0.005566, -0.34605, 0.9382, -0.0, 0.0, 0.0, 0.0, 1.0]
            ]
        },
        {
            "name": "Knee_L",
            "time": [0.0, 0.2833, 0.4833, 0.9, 1.0833, 1.2667, 1.4, 1.5833, 2.1, 2.5667],
            "transform": [
                [1.0, 0.0, -0.0, 0.0, -0.0, 1e-06, -1.0, 0.37472, -0.0, 1.0, 1e-06, -0.0, 0.0, 0.0, 0.0, 1.0],
                [1.0, 0.0, -0.0, -0.0, -0.0, 1e-06, -1.0, 0.37472, -0.0, 1.0, 1e-06, -0.0, 0.0, 0.0, 0.0, 1.0],
                [1.0, 0.0, -0.0, -0.0, -0.0, 1e-06, -1.0, 0.37472, -0.0, 1.0, 1e-06, -0.0, 0.0, 0.0, 0.0, 1.0],
                [1.0, 0.0, -0.0, -0.0, -0.0, 1e-06, -1.0, 0.37472, -0.0, 1.0, 1e-06, 0.0, 0.0, 0.0, 0.0, 1.0],
                [1.0, 0.0, -0.0, 0.0, -0.0, 1e-06, -1.0, 0.37472, -0.0, 1.0, 1e-06, 0.0, 0.0, 0.0, 0.0, 1.0],
                [1.0, 0.0, -0.0, 0.0, -0.0, 1e-06, -1.0, 0.37472, -0.0, 1.0, 1e-06, 0.0, 0.0, 0.0, 0.0, 1.0],
                [1.0, 0.0, -0.0, 0.0, -0.0, 1e-06, -1.0, 0.37472, -0.0, 1.0, 1e-06, 0.0, 0.0, 0.0, 0.0, 1.0],
                [1.0, 0.0, -0.0, 0.0, -0.0, 1e-06, -1.0, 0.37472, -0.0, 1.0, 1e-06, 0.0, 0.0, 0.0, 0.0, 1.0],
                [1.0, 0.0, -0.0, 0.0, -0.0, 1e-06, -1.0, 0.37472, -0.0, 1.0, 1e-06, -0.0, 0.0, 0.0, 0.0, 1.0],
                [1.0, 0.0, -0.0, 0.0, -0.0, 1e-06, -1.0, 0.37472, -0.0, 1.0, 1e-06, -0.0, 0.0, 0.0, 0.0, 1.0]
            ]
        },
        {
            "name": "Torso",
            "time": [0.0, 0.2833, 0.4833, 0.9, 1.0833, 1.2667, 1.4, 1.5833, 2.1, 2.2833, 2.5667],
            "transform": [
                [0.965662, -0.025127, 0.258583, -0.0, 0.020968, 0.999603, 0.018828, 0.05, -0.258953, -0.012759, 0.965806, 0.0, 0.0, 0.0, 0.0, 1.0],
                [0.965662, -0.025127, 0.258583, -0.0, 0.020968, 0.999603, 0.018828, 0.05, -0.258953, -0.012759, 0.965806, 0.0, 0.0, 0.0, 0.0, 1.0],
                [0.965662, -0.025127, 0.258583, -0.0, 0.020968, 0.999603, 0.018828, 0.05, -0.258953, -0.012759, 0.965806, 0.0, 0.0, 0.0, 0.0, 1.0],
                [0.965662, -0.025127, 0.258583, -0.0, 0.020968, 0.999603, 0.018828, 0.05, -0.258953, -0.012759, 0.965806, 0.0, 0.0, 0.0, 0.0, 1.0],
                [0.936436, -0.025127, 0.349939, 0.0, 0.019067, 0.999603, 0.020751, 0.05, -0.350321, -0.012759, 0.936543, 0.0, 0.0, 0.0, 0.0, 1.0],
                [0.929683, -0.025127, 0.367503, -0.0, 0.018673, 0.999603, 0.021106, 0.05, -0.367887, -0.012759, 0.929783, 0.0, 0.0, 0.0, 0.0, 1.0],
                [0.958123, -0.025127, 0.285254, -0.0, 0.020438, 0.999603, 0.019402, 0.05, -0.285628, -0.012759, 0.958256, 0.0, 0.0, 0.0, 0.0, 1.0],
                [0.962893, 0.017308, 0.269329, 0.0, 0.020769, 0.99023, -0.13789, 0.05, -0.269084, 0.138367, 0.953125, 0.0, 0.0, 0.0, 0.0, 1.0],
                [0.963677, 0.016014, 0.266589, -0.0, 0.020579, 0.99078, -0.133908, 0.05, -0.266275, 0.13453, 0.954463, -0.0, 0.0, 0.0, 0.0, 1.0],
                [0.964585, -0.024728, 0.262612, -0.0, 0.020547, 0.999615, 0.018656, 0.05, -0.262972, -0.012599, 0.964721, -0.0, 0.0, 0.0, 0.0, 1.0],
                [0.965662, -0.025127, 0.258583, -0.0, 0.020968, 0.999603, 0.018828, 0.05, -0.258953, -0.012759, 0.965806, 0.0, 0.0, 0.0, 0.0, 1.0]
            ]
        },
        {
            "name": "Chest",
            "time": [0.0, 0.2833, 0.4833, 0.9, 1.0833, 1.2667, 1.4, 1.5833, 2.1, 2.2833, 2.5667],
            "transform": [
                [0.986768, -0.023894, -0.160365, -0.0, 0.026191, 0.999582, 0.012223, 0.3, 0.160006, -0.016261, 0.986982, -0.0, 0.0, 0.0, 0.0, 1.0],
                [0.986768, 0.029565, -0.159418, 0.0, 0.026191, 0.941255, 0.336679, 0.3, 0.160006, -0.336399, 0.928027, -0.0, 0.0, 0.0, 0.0, 1.0],
                [0.986768, 0.036776, -0.15791, 0.0, 0.026191, 0.92499, 0.379089, 0.3, 0.160006, -0.378209, 0.911787, 0.0, 0.0, 0.0, 0.0, 1.0],
                [0.986768, 0.040257, -0.157058, 0.0, 0.026191, 0.916384, 0.399443, 0.3, 0.160006, -0.398271, 0.903205, -0.0, 0.0, 0.0, 0.0, 1.0],
                [0.93349, -0.025916, 0.357666, 0.0, -0.030231, 0.988147, 0.150501, 0.3, -0.357327, -0.151303, 0.921643, 0.0, 0.0, 0.0, 0.0, 1.0],
                [0.891984, -0.017797, 0.451716, 0.0, -0.008399, 0.9984, 0.05592, 0.3, -0.451989, -0.053674, 0.890407, -0.0, 0.0, 0.0, 0.0, 1.0],
                [0.999694, -0.022653, -0.009901, 0.0, 0.022807, 0.999617, 0.015699, 0.3, 0.009542, -0.01592, 0.999828, -0.0, 0.0, 0.0, 0.0, 1.0],
                [0.994309, 0.003317, -0.106483, 0.0, 0.024978, 0.964395, 0.263283, 0.3, 0.103565, -0.264444, 0.958824, 0.0, 0.0, 0.0, 0.0, 1.0],
                [0.992671, 0.004477, -0.120766, 0.0, 0.026866, 0.966132, 0.256647, 0.3, 0.117825, -0.25801, 0.958931, -0.0, 0.0, 0.0, 0.0, 1.0],
                [0.99027, 0.03498, -0.134692, 0.0, 0.02818, 0.897434, 0.440249, 0.3, 0.136277, -0.439761, 0.887716, 0.0, 0.0, 0.0, 0.0, 1.0],
                [0.986768, -0.023894, -0.160365, 0.0, 0.026191, 0.999582, 0.012223, 0.3, 0.160006, -0.016261, 0.986982, 0.0, 0.0, 0.0, 0.0, 1.0]
            ]
        },
        {
            "name": "Head",
            "time": [0.0, 0.2833, 0.4833, 0.9, 1.0833, 1.2667, 1.4, 1.5833, 2.1, 2.5667],
            "transform": [
                [0.907906, 0.03176, 0.417969, -0.0, -0.015014, 0.99895, -0.043293, 0.4, -0.418905, 0.033031, 0.907429, -0.0, 0.0, 0.0, 0.0, 1.0],
                [0.907906, -0.051554, 0.415992, -0.0, -0.015014, 0.987772, 0.155183, 0.4, -0.418905, -0.147137, 0.896029, 0.0, 0.0, 0.0, 0.0, 1.0],
                [0.907906, -0.062922, 0.414425, -0.0, -0.015014, 0.983154, 0.182163, 0.4, -0.418905, -0.171609, 0.891666, -0.0, 0.0, 0.0, 0.0, 1.0],
                [0.907906, -0.068445, 0.413548, 0.0, -0.015014, 0.980636, 0.195265, 0.4, -0.418905, -0.183491, 0.889297, -0.0, 0.0, 0.0, 0.0, 1.0],
                [0.86712, -0.063605, -0.494022, 0.0, 0.153197, 0.977794, 0.143005, 0.4, 0.473955, -0.199685, 0.857608, 0.0, 0.0, 0.0, 0.0, 1.0],
                [0.760705, -0.068446, -0.645479, -0.0, 0.170296, 0.980636, 0.096711, 0.4, 0.62636, -0.183491, 0.757631, 0.0, 0.0, 0.0, 0.0, 1.0],
                [0.848766, -0.018009, 0.528462, -0.0, 0.024128, 0.999698, -0.004683, 0.4, -0.528218, 0.016726, 0.848944, -0.0, 0.0, 0.0, 0.0, 1.0],
                [0.861742, 0.092483, 0.498846, 0.0, 0.000583, 0.983064, -0.183262, 0.4, -0.507346, 0.158215, 0.847094, 0.0, 0.0, 0.0, 0.0, 1.0],
                [0.86738, 0.089646, 0.489505, 0.0, -0.000797, 0.98389, -0.178774, 0.4, -0.497645, 0.154674, 0.853478, -0.0, 0.0, 0.0, 0.0, 1.0],
                [0.907906, 0.03176, 0.417969, 0.0, -0.015014, 0.99895, -0.043293, 0.4, -0.418905, 0.033031, 0.907429, 0.0, 0.0, 0.0, 0.0, 1.0]
            ]
        },
        {
            "name": "Shoulder_R",
            "time": [0.0, 0.2833, 0.4833, 0.9, 1.0833, 1.2667, 1.4, 1.5833, 1.6333, 2.1, 2.5667],
            "transform": [
                [0.06334, 0.923689, 0.37787, -0.0, -0.094281, -0.371399, 0.923674, 0.4, 0.993528, -0.094132, 0.063562, -0.0, 0.0, 0.0, 0.0, 1.0],
                [0.06334, 0.923689, 0.37787, -0.0, -0.094281, -0.371399, 0.923674, 0.4, 0.993528, -0.094132, 0.063562, 0.0, 0.0, 0.0, 0.0, 1.0],
                [0.06334, 0.923689, 0.37787, -0.0, -0.094281, -0.371399, 0.923674, 0.4, 0.993529, -0.094132, 0.063562, -0.0, 0.0, 0.0, 0.0, 1.0],
                [0.06334, 0.923689, 0.37787, 0.0, -0.094282, -0.371399, 0.923674, 0.4, 0.993529, -0.094132, 0.063562, -0.0, 0.0, 0.0, 0.0, 1.0],
                [0.360579, 0.852758, 0.37787, 0.0, -0.210047, -0.320478, 0.923674, 0.4, 0.90877, -0.412428, 0.063562, 0.0, 0.0, 0.0, 0.0, 1.0],
                [0.41501, 0.827635, 0.37787, -0.0, -0.230347, -0.306212, 0.923674, 0.4, 0.880174, -0.470376, 0.063562, 0.0, 0.0, 0.0, 0.0, 1.0],
                [0.15112, 0.913442, 0.37787, -0.0, -0.129263, -0.360717, 0.923674, 0.4, 0.980027, -0.18843, 0.063562, -0.0, 0.0, 0.0, 0.0, 1.0],
                [0.083938, 0.922046, 0.37787, 0.0, -0.102546, -0.369202, 0.923674, 0.4, 0.99118, -0.11628, 0.063562, 0.0, 0.0, 0.0, 0.0, 1.0],
                [0.081601, 0.935773, 0.343031, 0.0, -0.10161, -0.334574, 0.936875, 0.4, 0.991472, -0.111305, 0.067783, 0.0, 0.0, 0.0, 0.0, 1.0],
                [0.078552, 0.92252, 0.37787, 0.0, -0.100388, -0.369795, 0.923674, 0.4, 0.991842, -0.11049, 0.063562, -0.0, 0.0, 0.0, 0.0, 1.0],
                [0.06334, 0.923689, 0.37787, 0.0, -0.094281, -0.371399, 0.923674, 0.4, 0.993528, -0.094132, 0.063562, 0.0, 0.0, 0.0, 0.0, 1.0]
            ]
        },
        {
            "name": "Arm_R",
            "time": [0.0, 0.2833, 0.4833, 0.6667, 0.9, 1.0833, 1.2667, 1.4, 1.5833, 1.6333, 1.7167, 2.1, 2.2833, 2.5667],
            "transform": [
                [0.095459, 0.079765, -0.992232, -0.0, 0.832695, 0.539784, 0.123503, 0.39386, 0.545442, -0.838016, -0.014892, -0.0, 0.0, 0.0, 0.0, 1.0],
                [-0.86631, -0.499317, 0.013777, -0.0, 0.101852, -0.203579, -0.973746, 0.393861, 0.489013, -0.842163, 0.227218, -0.0, 0.0, 0.0, 0.0, 1.0],
                [-0.859496, -0.459981, 0.222901, 0.0, -0.06789, -0.329489, -0.941716, 0.39386, 0.506614, -0.824533, 0.251966, 0.0, 0.0, 0.0, 0.0, 1.0],
                [-0.847677, -0.486764, 0.210962, 0.0, -0.130112, -0.194757, -0.972183, 0.393861, 0.51431, -0.851546, 0.101758, 0.0, 0.0, 0.0, 0.0, 1.0],
                [-0.844485, -0.433446, 0.314595, -0.0, -0.143351, -0.383032, -0.912544, 0.393861, 0.516038, -0.815728, 0.26133, -0.0, 0.0, 0.0, 0.0, 1.0],
                [-0.62826, -0.771855, 0.097617, 0.0, -0.096679, -0.047045, -0.994203, 0.393861, 0.771973, -0.634056, -0.045065, 0.0, 0.0, 0.0, 0.0, 1.0],
                [-0.499809, -0.846491, -0.183424, 0.0, 0.065265, 0.174363, -0.982516, 0.39386, 0.863673, -0.503042, -0.031902, 0.0, 0.0, 0.0, 0.0, 1.0],
                [-0.048159, -0.123463, -0.99118, -0.0, 0.570698, 0.811004, -0.128748, 0.39386, 0.819747, -0.571864, 0.031403, -0.0, 0.0, 0.0, 0.0, 1.0],
                [-0.016866, 0.261507, -0.965054, -0.0, 0.499083, 0.838553, 0.218506, 0.39386, 0.86639, -0.477957, -0.144656, -0.0, 0.0, 0.0, 0.0, 1.0],
                [-0.0004, 0.350257, -0.936654, -0.0, 0.530846, 0.793859, 0.296632, 0.393861, 0.847468, -0.4971, -0.18625, -0.0, 0.0, 0.0, 0.0, 1.0],
                [-0.007438, 0.43023, -0.902689, -0.0, 0.52259, 0.771304, 0.363305, 0.393861, 0.852552, -0.469034, -0.23057, 0.0, 0.0, 0.0, 0.0, 1.0],
                [-0.006923, 0.258791, -0.965909, -0.0, 0.511102, 0.831147, 0.219022, 0.39386, 0.859492, -0.492161, -0.138023, 0.0, 0.0, 0.0, 0.0, 1.0],
                [0.012695, 0.179263, -0.983719, -0.0, 0.484916, 0.859266, 0.162842, 0.39386, 0.874468, -0.479089, -0.076019, 0.0, 0.0, 0.0, 0.0, 1.0],
                [0.095459, 0.079765, -0.992232, 0.0, 0.832695, 0.539784, 0.123503, 0.39386, 0.545442, -0.838016, -0.014892, -0.0, 0.0, 0.0, 0.0, 1.0]
            ]
        },
        {
            "name": "Hand_R",
            "time": [0.0, 0.2833, 0.4833, 0.5833, 0.6667, 0.9, 1.0833, 1.2667, 1.4, 1.5833, 1.6333, 1.7167, 2.1, 2.2833, 2.5667],
            "transform": [
                [0.999599, -0.023021, -0.016487, 0.0, 0.023395, 0.999464, 0.022904, 0.3, 0.015951, -0.02328, 0.999602, -0.0, 0.0, 0.0, 0.0, 1.0],
                [0.999599, -0.023021, -0.016487, -0.0, 0.023395, 0.999464, 0.022904, 0.3, 0.015951, -0.02328, 0.999602, 0.0, 0.0, 0.0, 0.0, 1.0],
                [0.999599, -0.023021, -0.016487, -0.0, 0.023395, 0.999464, 0.022904, 0.3, 0.015951, -0.02328, 0.999602, 0.0, 0.0, 0.0, 0.0, 1.0],
                [0.999599, -0.024674, -0.013891, -0.0, 0.023395, 0.996046, -0.085702, 0.3, 0.015951, 0.085342, 0.996224, 0.0, 0.0, 0.0, 0.0, 1.0],
                [0.999599, -0.025849, -0.011559, 0.0, 0.023395, 0.983917, -0.17709, 0.3, 0.015951, 0.176749, 0.984127, -0.0, 0.0, 0.0, 0.0, 1.0],
                [0.999599, -0.023021, -0.016487, -0.0, 0.023395, 0.999464, 0.022904, 0.3, 0.015951, -0.02328, 0.999602, 0.0, 0.0, 0.0, 0.0, 1.0],
                [0.999599, -0.027759, 0.005587, 0.0, 0.023395, 0.698522, -0.715206, 0.3, 0.015951, 0.71505, 0.698892, -0.0, 0.0, 0.0, 0.0, 1.0],
                [0.999599, -0.026548, 0.009847, 0.0, 0.023395, 0.578448, -0.815384, 0.3, 0.015951, 0.815287, 0.578837, 0.0, 0.0, 0.0, 0.0, 1.0],
                [0.999599, -0.026197, -0.010747, 0.0, 0.023395, 0.977913, -0.2077, 0.3, 0.015951, 0.207365, 0.978134, 0.0, 0.0, 0.0, 0.0, 1.0],
                [0.999599, -0.023869, -0.015233, -0.0, 0.023395, 0.99926, -0.030546, 0.3, 0.015951, 0.030177, 0.999417, 0.0, 0.0, 0.0, 0.0, 1.0],
                [0.999599, -0.026488, -0.010008, 0.0, 0.023395, 0.971699, -0.235063, 0.3, 0.015951, 0.234734, 0.971929, -0.0, 0.0, 0.0, 0.0, 1.0],
                [0.999599, -0.027226, -0.00778, 0.0, 0.023395, 0.948894, -0.314727, 0.3, 0.015951, 0.314419, 0.94915, 0.0, 0.0, 0.0, 0.0, 1.0],
                [0.999599, -0.023653, -0.015567, 0.0, 0.023395, 0.99959, -0.016509, 0.3, 0.015951, 0.016138, 0.999743, -0.0, 0.0, 0.0, 0.0, 1.0],
                [0.999599, -0.027609, -0.006287, -0.0, 0.023395, 0.930369, -0.365879, 0.3, 0.015951, 0.365585, 0.930641, 0.0, 0.0, 0.0, 0.0, 1.0],
                [0.999599, -0.023021, -0.016487, 0.0, 0.023395, 0.999464, 0.022904, 0.3, 0.015951, -0.02328, 0.999602, -0.0, 0.0, 0.0, 0.0, 1.0]
            ]
        },
        {
            "name": "Tool_R",
            "time": [0.0, 0.2833, 0.4833, 0.9, 1.0833, 1.2667, 1.4, 1.4333, 1.4833, 1.5333, 1.5833, 1.6333, 1.6667, 1.7, 1.75, 2.1, 2.5667],
            "transform": [
                [0.999822, 0.009713, 0.016189, -0.017311, 0.006818, -0.985396, 0.17014, 0.36637, 0.017595, -0.169909, -0.984702, 0.051121, 0.0, 0.0, 0.0, 1.0],
                [0.999822, 0.009713, 0.016189, -0.017311, 0.006818, -0.985396, 0.17014, 0.36637, 0.017595, -0.169909, -0.984702, 0.051121, 0.0, 0.0, 0.0, 1.0],
                [0.999822, 0.009713, 0.016189, -0.017311, 0.006818, -0.985396, 0.17014, 0.36637, 0.017595, -0.169909, -0.984702, 0.051121, 0.0, 0.0, 0.0, 1.0],
                [0.999822, 0.009713, 0.016189, -0.017311, 0.006818, -0.985396, 0.17014, 0.36637, 0.017595, -0.169909, -0.984702, 0.051121, 0.0, 0.0, 0.0, 1.0],
                [0.999822, 0.009713, 0.016189, -0.017311, 0.006818, -0.985396, 0.17014, 0.36637, 0.017595, -0.169909, -0.984702, 0.051121, 0.0, 0.0, 0.0, 1.0],
                [0.999822, 0.009713, 0.016189, -0.017311, 0.006818, -0.985396, 0.17014, 0.36637, 0.017595, -0.169909, -0.984702, 0.051121, 0.0, 0.0, 0.0, 1.0],
                [0.999822, 0.009713, 0.016189, -0.017311, 0.006818, -0.985396, 0.17014, 0.36637, 0.017595, -0.169909, -0.984702, 0.051121, 0.0, 0.0, 0.0, 1.0],
                [0.999822, 0.009713, 0.016189, -0.017154, 0.006818, -0.985396, 0.17014, 0.350344, 0.017594, -0.169909, -0.984702, 0.048358, 0.0, 0.0, 0.0, 1.0],
                [0.999822, 0.009713, 0.016189, -0.017306, 0.006818, -0.985396, 0.17014, 0.365825, 0.017595, -0.169909, -0.984702, 0.051027, 0.0, 0.0, 0.0, 1.0],
                [0.999822, 0.009713, 0.016189, -0.017167, 0.006818, -0.985396, 0.17014, 0.351747, 0.017594, -0.169909, -0.984702, 0.0486, 0.0, 0.0, 0.0, 1.0],
                [0.999822, 0.009713, 0.016189, -0.017311, 0.006819, -0.985396, 0.17014, 0.36637, 0.017595, -0.169909, -0.984702, 0.051121, 0.0, 0.0, 0.0, 1.0],
                [0.999822, 0.009713, 0.016189, -0.017215, 0.006818, -0.985396, 0.17014, 0.356537, 0.017594, -0.169909, -0.984702, 0.049426, 0.0, 0.0, 0.0, 1.0],
                [0.999822, 0.009713, 0.016189, -0.017388, 0.006818, -0.985396, 0.17014, 0.374129, 0.017595, -0.169909, -0.984702, 0.052459, 0.0, 0.0, 0.0, 1.0],
                [0.999822, 0.009713, 0.016189, -0.017189, 0.006818, -0.985396, 0.17014, 0.353977, 0.017595, -0.169909, -0.984702, 0.048984, 0.0, 0.0, 0.0, 1.0],
                [0.999822, 0.009713, 0.016189, -0.017295, 0.006818, -0.985396, 0.17014, 0.364677, 0.017595, -0.169909, -0.984702, 0.050829, 0.0, 0.0, 0.0, 1.0],
                [0.999822, 0.009713, 0.016189, -0.017311, 0.006818, -0.985396, 0.17014, 0.36637, 0.017595, -0.169909, -0.984702, 0.051121, 0.0, 0.0, 0.0, 1.0],
                [0.999822, 0.009713, 0.016189, -0.017311, 0.006818, -0.985396, 0.17014, 0.36637, 0.017595, -0.169909, -0.984702, 0.051121, 0.0, 0.0, 0.0, 1.0]
            ]
        },
        {
            "name": "Elbow_R",
            "time": [0.0, 0.2833, 0.4833, 0.9, 1.0833, 1.2667, 1.4, 1.5833, 2.1, 2.5667],
            "transform": [
                [-1.0, 0.0, 0.0, -0.0, -0.0, -0.139408, -0.990235, 0.335189, -0.0, -0.990235, 0.139408, -0.005621, 0.0, 0.0, 0.0, 1.0],
                [-1.0, 0.0, 0.0, -0.0, -0.0, -0.139409, -0.990235, 0.335189, -0.0, -0.990235, 0.139408, -0.005621, 0.0, 0.0, 0.0, 1.0],
                [-1.0, 0.0, 0.0, -0.0, -0.0, -0.139409, -0.990235, 0.335189, -0.0, -0.990235, 0.139409, -0.005621, 0.0, 0.0, 0.0, 1.0],
                [-1.0, 0.0, 0.0, -0.0, -0.0, -0.139408, -0.990235, 0.335189, -0.0, -0.990235, 0.139409, -0.005621, 0.0, 0.0, 0.0, 1.0],
                [-1.0, 0.0, 0.0, -0.0, -0.0, -0.139409, -0.990235, 0.335189, -0.0, -0.990235, 0.139408, -0.005621, 0.0, 0.0, 0.0, 1.0],
                [-1.0, 0.0, 0.0, 0.0, -0.0, -0.139408, -0.990235, 0.335189, -0.0, -0.990235, 0.139409, -0.005621, 0.0, 0.0, 0.0, 1.0],
                [-1.0, 0.0, 0.0, 0.0, -0.0, -0.139408, -0.990235, 0.335189, -0.0, -0.990235, 0.139409, -0.005621, 0.0, 0.0, 0.0, 1.0],
                [-1.0, 0.0, 0.0, -0.0, -0.0, -0.139408, -0.990235, 0.335189, -0.0, -0.990235, 0.139408, -0.005621, 0.0, 0.0, 0.0, 1.0],
                [-1.0, 0.0, 0.0, 0.0, -0.0, -0.139408, -0.990235, 0.335189, -0.0, -0.990235, 0.139408, -0.005621, 0.0, 0.0, 0.0, 1.0],
                [-1.0, 0.0, 0.0, -0.0, -0.0, -0.139408, -0.990235, 0.335189, -0.0, -0.990235, 0.139408, -0.005621, 0.0, 0.0, 0.0, 1.0]
            ]
        },
        {
            "name": "Shoulder_L",
            "time": [0.0, 0.2833, 0.4833, 0.9, 1.0833, 1.2667, 1.4, 1.5833, 2.1, 2.5667],
            "transform": [
                [-0.007939, -0.952498, -0.304441, -0.0, -0.088921, -0.302572, 0.94897, 0.4, -0.996007, 0.034605, -0.082295, -0.0, 0.0, 0.0, 0.0, 1.0],
                [-0.007939, -0.952498, -0.304441, -0.0, -0.088921, -0.302572, 0.948969, 0.4, -0.996007, 0.034605, -0.082295, 0.0, 0.0, 0.0, 0.0, 1.0],
                [-0.007939, -0.952498, -0.304441, -0.0, -0.088921, -0.302572, 0.948969, 0.4, -0.996007, 0.034605, -0.082295, -0.0, 0.0, 0.0, 0.0, 1.0],
                [-0.007939, -0.952498, -0.304441, 0.0, -0.088921, -0.302572, 0.948969, 0.4, -0.996007, 0.034605, -0.082295, -0.0, 0.0, 0.0, 0.0, 1.0],
                [-0.007939, -0.952498, -0.304441, 0.0, -0.088921, -0.302572, 0.94897, 0.4, -0.996007, 0.034605, -0.082295, 0.0, 0.0, 0.0, 0.0, 1.0],
                [-0.007939, -0.952498, -0.304441, -0.0, -0.088921, -0.302572, 0.94897, 0.4, -0.996007, 0.034605, -0.082295, 0.0, 0.0, 0.0, 0.0, 1.0],
                [-0.007939, -0.952498, -0.304441, -0.0, -0.088921, -0.302572, 0.94897, 0.4, -0.996007, 0.034605, -0.082295, -0.0, 0.0, 0.0, 0.0, 1.0],
                [-0.007939, -0.952498, -0.304441, 0.0, -0.088921, -0.302572, 0.94897, 0.4, -0.996007, 0.034605, -0.082295, 0.0, 0.0, 0.0, 0.0, 1.0],
                [-0.007939, -0.952498, -0.304441, 0.0, -0.088921, -0.302572, 0.948969, 0.4, -0.996007, 0.034605, -0.082295, -0.0, 0.0, 0.0, 0.0, 1.0],
                [-0.007939, -0.952498, -0.304441, 0.0, -0.088921, -0.302572, 0.94897, 0.4, -0.996007, 0.034605, -0.082295, 0.0, 0.0, 0.0, 0.0, 1.0]
            ]
        },
        {
            "name": "Arm_L",
            "time": [0.0, 0.2833, 0.4833, 0.5833, 0.75, 0.9, 1.0833, 1.2667, 1.4, 1.5833, 2.1, 2.5667],
            "transform": [
                [-0.146701, -0.409837, 0.900284, -0.0, -0.980855, 0.178104, -0.078752, 0.39386, -0.128068, -0.894602, -0.428119, -0.0, 0.0, 0.0, 0.0, 1.0],
                [-0.551477, 0.717644, 0.425276, 0.0, -0.388402, 0.23028, -0.892253, 0.39386, -0.738253, -0.657235, 0.15174, 0.0, 0.0, 0.0, 0.0, 1.0],
                [-0.389027, 0.877564, 0.280249, -0.0, -0.266022, 0.184238, -0.946197, 0.39386, -0.881981, -0.442649, 0.161778, -0.0, 0.0, 0.0, 0.0, 1.0],
                [-0.405445, 0.897849, 0.171697, -0.0, -0.25696, 0.068311, -0.964005, 0.39386, -0.87726, -0.43497, 0.203015, 0.0, 0.0, 0.0, 0.0, 1.0],
                [-0.519481, 0.834514, 0.183644, -0.0, -0.288841, 0.03077, -0.956882, 0.39386, -0.804183, -0.550126, 0.225058, -0.0, 0.0, 0.0, 0.0, 1.0],
                [-0.478149, 0.852636, 0.210679, 0.0, -0.2444, 0.101231, -0.964376, 0.39386, -0.843589, -0.512606, 0.159981, 0.0, 0.0, 0.0, 0.0, 1.0],
                [-0.488461, 0.44672, 0.749564, 0.0, -0.14832, 0.804009, -0.575822, 0.39386, -0.859887, -0.392442, -0.32647, -0.0, 0.0, 0.0, 0.0, 1.0],
                [-0.478149, 0.11486, 0.870735, 0.0, -0.2444, 0.934852, -0.257526, 0.39386, -0.843589, -0.335944, -0.418927, -0.0, 0.0, 0.0, 0.0, 1.0],
                [-0.211523, -0.381546, 0.899823, -0.0, -0.909965, 0.412861, -0.038844, 0.39386, -0.356681, -0.827024, -0.434523, 0.0, 0.0, 0.0, 0.0, 1.0],
                [-0.162357, -0.404699, 0.899921, 0.0, -0.969697, 0.234177, -0.069635, 0.39386, -0.18256, -0.883957, -0.430456, -0.0, 0.0, 0.0, 0.0, 1.0],
                [-0.158281, -0.406133, 0.900002, -0.0, -0.972939, 0.219544, -0.072038, 0.39386, -0.168333, -0.887049, -0.429892, 0.0, 0.0, 0.0, 0.0, 1.0],
                [-0.146701, -0.409837, 0.900284, 0.0, -0.980855, 0.178104, -0.078752, 0.39386, -0.128068, -0.894602, -0.428119, 0.0, 0.0, 0.0, 0.0, 1.0]
            ]
        },
        {
            "name": "Hand_L",
            "time": [0.0, 0.2833, 0.4833, 0.5833, 0.6667, 0.75, 0.9, 1.0833, 1.2667, 1.4, 1.5833, 2.1, 2.5667],
            "transform": [
                [0.99991, 0.013352, -0.001578, 0.0, -0.012582, 0.887892, -0.45988, 0.3, -0.004739, 0.459858, 0.88798, 0.0, 0.0, 0.0, 0.0, 1.0],
                [0.99991, 0.013352, -0.001578, -0.0, -0.012582, 0.887892, -0.45988, 0.3, -0.004739, 0.459858, 0.88798, 0.0, 0.0, 0.0, 0.0, 1.0],
                [0.99991, 0.013352, -0.001578, -0.0, -0.012582, 0.887892, -0.45988, 0.3, -0.004739, 0.459858, 0.88798, 0.0, 0.0, 0.0, 0.0, 1.0],
                [0.99991, 0.012777, -0.004184, 0.0, -0.012582, 0.779571, -0.626188, 0.3, -0.004739, 0.626184, 0.779661, -0.0, 0.0, 0.0, 0.0, 1.0],
                [0.99991, 0.012459, -0.005053, -0.0, -0.012582, 0.734644, -0.678337, 0.3, -0.004739, 0.678339, 0.734734, 0.0, 0.0, 0.0, 0.0, 1.0],
                [0.99991, 0.013431, -0.00062, -0.0, -0.012582, 0.918474, -0.395281, 0.3, -0.004739, 0.395253, 0.91856, -0.0, 0.0, 0.0, 0.0, 1.0],
                [0.99991, 0.013352, -0.001578, -0.0, -0.012582, 0.887892, -0.45988, 0.3, -0.004739, 0.459858, 0.88798, -0.0, 0.0, 0.0, 0.0, 1.0],
                [0.99991, 0.013352, -0.001578, -0.0, -0.012582, 0.887892, -0.45988, 0.3, -0.004739, 0.459858, 0.88798, -0.0, 0.0, 0.0, 0.0, 1.0],
                [0.99991, 0.013352, -0.001578, -0.0, -0.012582, 0.887892, -0.45988, 0.3, -0.004739, 0.459858, 0.88798, -0.0, 0.0, 0.0, 0.0, 1.0],
                [0.99991, 0.013352, -0.001578, 0.0, -0.012582, 0.887892, -0.45988, 0.3, -0.004739, 0.459858, 0.88798, 0.0, 0.0, 0.0, 0.0, 1.0],
                [0.99991, 0.013352, -0.001578, -0.0, -0.012582, 0.887892, -0.45988, 0.3, -0.004739, 0.459858, 0.88798, 0.0, 0.0, 0.0, 0.0, 1.0],
                [0.99991, 0.013352, -0.001578, -0.0, -0.012582, 0.887892, -0.45988, 0.3, -0.004739, 0.459858, 0.88798, 0.0, 0.0, 0.0, 0.0, 1.0],
                [0.99991, 0.013352, -0.001578, 0.0, -0.012582, 0.887892, -0.45988, 0.3, -0.004739, 0.459858, 0.88798, -0.0, 0.0, 0.0, 0.0, 1.0]
            ]
        },
        {
            "name": "Tool_L",
            "time": [0.0, 0.2833, 0.4833, 0.9, 1.0833, 1.2667, 1.4, 1.5833, 2.1, 2.5667],
            "transform": [
                [0.998658, 0.039723, -0.033233, -0.012677, 0.043929, -0.98956, 0.137266, 0.208813, -0.027417, -0.138471, -0.989393, 0.160811, 0.0, 0.0, 0.0, 1.0],
                [0.998658, 0.039723, -0.033233, -0.012677, 0.043929, -0.98956, 0.137266, 0.208813, -0.027417, -0.138471, -0.989393, 0.160811, 0.0, 0.0, 0.0, 1.0],
                [0.998658, 0.039723, -0.033233, -0.012677, 0.043929, -0.98956, 0.137266, 0.208813, -0.027417, -0.138471, -0.989393, 0.160811, 0.0, 0.0, 0.0, 1.0],
                [0.998658, 0.039723, -0.033233, -0.012677, 0.043929, -0.98956, 0.137266, 0.208813, -0.027417, -0.138471, -0.989393, 0.160811, 0.0, 0.0, 0.0, 1.0],
                [0.998658, 0.039723, -0.033233, -0.012677, 0.043929, -0.98956, 0.137266, 0.208813, -0.027417, -0.138471, -0.989393, 0.160811, 0.0, 0.0, 0.0, 1.0],
                [0.998658, 0.039723, -0.033233, -0.012677, 0.043929, -0.98956, 0.137266, 0.208813, -0.027417, -0.138471, -0.989393, 0.160811, 0.0, 0.0, 0.0, 1.0],
                [0.998658, 0.039723, -0.033233, -0.012677, 0.043929, -0.98956, 0.137266, 0.208813, -0.027417, -0.138471, -0.989393, 0.160811, 0.0, 0.0, 0.0, 1.0],
                [0.998658, 0.039723, -0.033233, -0.012677, 0.043929, -0.98956, 0.137266, 0.208813, -0.027417, -0.138471, -0.989393, 0.160811, 0.0, 0.0, 0.0, 1.0],
                [0.998658, 0.039723, -0.033233, -0.012677, 0.043929, -0.98956, 0.137266, 0.208813, -0.027417, -0.138471, -0.989393, 0.160811, 0.0, 0.0, 0.0, 1.0],
                [0.998658, 0.039723, -0.033233, -0.012677, 0.043929, -0.98956, 0.137266, 0.208813, -0.027417, -0.138471, -0.989393, 0.160811, 0.0, 0.0, 0.0, 1.0]
            ]
        },
        {
            "name": "Elbow_L",
            "time": [0.0, 0.2833, 0.4833, 0.9, 1.0833, 1.2667, 1.4, 1.5833, 2.1, 2.5667],
            "transform": [
                [-0.999641, -0.004744, -0.026384, -0.001644, 0.023045, 0.350725, -0.936195, 0.298484, 0.013695, -0.936467, -0.350489, -0.001028, 0.0, 0.0, 0.0, 1.0],
                [-0.999641, -0.004744, -0.026384, -0.001644, 0.023045, 0.350725, -0.936195, 0.298484, 0.013695, -0.936467, -0.350489, -0.001028, 0.0, 0.0, 0.0, 1.0],
                [-0.999641, -0.004744, -0.026384, -0.001644, 0.023045, 0.350725, -0.936195, 0.298484, 0.013695, -0.936467, -0.35049, -0.001028, 0.0, 0.0, 0.0, 1.0],
                [-0.999641, -0.004744, -0.026384, -0.001644, 0.023045, 0.350725, -0.936195, 0.298484, 0.013695, -0.936467, -0.350489, -0.001028, 0.0, 0.0, 0.0, 1.0],
                [-0.999641, -0.004744, -0.026384, -0.001644, 0.023045, 0.350725, -0.936195, 0.298484, 0.013695, -0.936467, -0.350489, -0.001028, 0.0, 0.0, 0.0, 1.0],
                [-0.999641, -0.004744, -0.026384, -0.001644, 0.023045, 0.350725, -0.936195, 0.298484, 0.013695, -0.936467, -0.350489, -0.001028, 0.0, 0.0, 0.0, 1.0],
                [-0.999641, -0.004744, -0.026384, -0.001644, 0.023045, 0.350725, -0.936195, 0.298484, 0.013695, -0.936467, -0.350489, -0.001028, 0.0, 0.0, 0.0, 1.0],
                [-0.999641, -0.004744, -0.026384, -0.001644, 0.023045, 0.350725, -0.936195, 0.298484, 0.013695, -0.936467, -0.350489, -0.001028, 0.0, 0.0, 0.0, 1.0],
                [-0.999641, -0.004744, -0.026384, -0.001644, 0.023045, 0.350725, -0.936195, 0.298484, 0.013695, -0.936467, -0.350489, -0.001028, 0.0, 0.0, 0.0, 1.0],
                [-0.999641, -0.004744, -0.026384, -0.001644, 0.023045, 0.350725, -0.936195, 0.298484, 0.013695, -0.936467, -0.350489, -0.001028, 0.0, 0.0, 0.0, 1.0]
            ]
        }
    ]
}