{
    "animation": [
        {
            "name": "Root",
            "time": [0.0, 0.0667, 0.35],
            "transform": [
                [0.56951, 0.017752, -0.821793, -0.004694, -0.811836, 0.168766, -0.558964, 0.005609, 0.128768, 0.985496, 0.110526, 0.669518, 0.0, 0.0, 0.0, 1.0],
                [0.569987, 0.031855, -0.821036, 0.001107, -0.797187, 0.263475, -0.543207, -0.095383, 0.199019, 0.96414, 0.175572, 0.672566, 0.0, 0.0, 0.0, 1.0],
                [0.56951, 0.017752, -0.821793, -0.004694, -0.811836, 0.168766, -0.558964, 0.005609, 0.128768, 0.985496, 0.110526, 0.669518, 0.0, 0.0, 0.0, 1.0]
            ]
        },
        {
            "name": "Thigh_R",
            "time": [0.0, 0.0667, 0.35],
            "transform": [
                [0.924094, 0.381704, 0.018744, 0.124994, 0.380959, -0.916175, -0.12446, -0.002831, -0.030334, 0.122154, -0.992048, -1.2e-05, 0.0, 0.0, 0.0, 1.0],
                [0.964613, 0.122479, -0.233496, 0.124994, 0.171867, -0.963652, 0.204531, -0.002831, -0.199959, -0.237423, -0.950604, -1.2e-05, 0.0, 0.0, 0.0, 1.0],
                [0.924094, 0.381704, 0.018744, 0.124994, 0.380959, -0.916175, -0.12446, -0.002831, -0.030334, 0.122154, -0.992048, -1.2e-05, 0.0, 0.0, 0.0, 1.0]
            ]
        },
        {
            "name": "Leg_R",
            "time": [0.0, 0.0667, 0.35],
            "transform": [
                [0.998295, -0.058101, -0.005717, 0.0, 0.058095, 0.978904, 0.195889, 0.37472, -0.005785, -0.195888, 0.980609, -0.0, 0.0, 0.0, 0.0, 1.0],
                [0.998294, -0.04932, -0.031241, 0.0, 0.058095, 0.786166, 0.615279, 0.37472, -0.005785, -0.616045, 0.787689, -0.0, 0.0, 0.0, 0.0, 1.0],
                [0.998295, -0.058101, -0.005717, 0.0, 0.058095, 0.978904, 0.195889, 0.37472, -0.005785, -0.195888, 0.980609, -0.0, 0.0, 0.0, 0.0, 1.0]
            ]
        },
        {
            "name": "Knee_R",
            "time": [0.0, 0.35],
            "transform": [
                [1.0, 0.0, -0.0, 0.0, -0.0, 1e-06, -1.0, 0.37472, -0.0, 1.0, 1e-06, -0.0, 0.0, 0.0, 0.0, 1.0],
                [1.0, 0.0, -0.0, 0.0, -0.0, 1e-06, -1.0, 0.37472, -0.0, 1.0, 1e-06, -0.0, 0.0, 0.0, 0.0, 1.0]
            ]
        },
        {
            "name": "Thigh_L",
            "time": [0.0, 0.0667, 0.35],
            "transform": [
                [0.485391, -0.725106, -0.488485, -0.109662, 0.038606, -0.540396, 0.840524, -0.002831, -0.873444, -0.426841, -0.234311, 0.02525, 0.0, 0.0, 0.0, 1.0],
                [0.549538, -0.763611, -0.338977, -0.109662, -0.072238, -0.447643, 0.891289, -0.002831, -0.832339, -0.465311, -0.301159, 0.02525, 0.0, 0.0, 0.0, 1.0],
                [0.485391, -0.725106, -0.488485, -0.109662, 0.038606, -0.540396, 0.840524, -0.002831, -0.873444, -0.426841, -0.234311, 0.02525, 0.0, 0.0, 0.0, 1.0]
            ]
        },
        {
            "name": "Leg_L",
            "time": [0.0, 0.0667, 0.35],
            "transform": [
                [0.997933, 0.040864, 0.049605, 0.0, -0.064028, 0.698981, 0.712268, 0.37472, -0.005567, -0.713971, 0.700153, 0.0, 0.0, 0.0, 0.0, 1.0],
                [0.997933, 0.046881, 0.043962, 0.0, -0.064028, 0.784458, 0.616868, 0.37472, -0.005567, -0.618407, 0.785839, -0.0, 0.0, 0.0, 0.0, 1.0],
                [0.997933, 0.040864, 0.049605, 0.0, -0.064028, 0.698981, 0.712268, 0.37472, -0.005567, -0.713971, 0.700153, 0.0, 0.0, 0.0, 0.0, 1.0]
            ]
        },
        {
            "name": "Knee_L",
            "time": [0.0, 0.35],
            "transform": [
                [1.0, 0.0, -0.0, 0.0, -0.0, 1e-06, -1.0, 0.37472, -0.0, 1.0, 1e-06, 0.0, 0.0, 0.0, 0.0, 1.0],
                [1.0, 0.0, -0.0, 0.0, -0.0, 1e-06, -1.0, 0.37472, -0.0, 1.0, 1e-06, 0.0, 0.0, 0.0, 0.0, 1.0]
            ]
        },
        {
            "name": "Torso",
            "time": [0.0, 0.0667, 0.35],
            "transform": [
                [0.884866, 0.029467, 0.464912, -0.0, 0.025961, 0.993327, -0.112371, 0.05, -0.465121, 0.111503, 0.878197, -0.0, 0.0, 0.0, 0.0, 1.0],
                [0.867634, 0.18856, 0.460061, -0.0, -0.031651, 0.944367, -0.327367, 0.05, -0.496195, 0.269473, 0.825333, -0.0, 0.0, 0.0, 0.0, 1.0],
                [0.884866, 0.029467, 0.464912, -0.0, 0.025961, 0.993327, -0.112371, 0.05, -0.465121, 0.111503, 0.878197, -0.0, 0.0, 0.0, 0.0, 1.0]
            ]
        },
        {
            "name": "Chest",
            "time": [0.0, 0.35],
            "transform": [
                [0.831911, -0.088026, 0.547883, 0.0, -0.055203, 0.969312, 0.239556, 0.3, -0.552157, -0.229534, 0.801522, 0.0, 0.0, 0.0, 0.0, 1.0],
                [0.831911, -0.088026, 0.547883, 0.0, -0.055203, 0.969312, 0.239556, 0.3, -0.552157, -0.229534, 0.801522, 0.0, 0.0, 0.0, 0.0, 1.0]
            ]
        },
        {
            "name": "Head",
            "time": [0.0, 0.0667, 0.35],
            "transform": [
                [0.993925, 0.03176, -0.105381, 0.0, -0.03505, 0.99895, -0.029516, 0.4, 0.104333, 0.033031, 0.993994, 0.0, 0.0, 0.0, 0.0, 1.0],
                [0.993924, 0.036294, -0.103907, -0.0, -0.03505, 0.999291, 0.013775, 0.4, 0.104333, -0.01005, 0.994492, -0.0, 0.0, 0.0, 0.0, 1.0],
                [0.993925, 0.03176, -0.105381, 0.0, -0.03505, 0.99895, -0.029516, 0.4, 0.104333, 0.033031, 0.993994, 0.0, 0.0, 0.0, 0.0, 1.0]
            ]
        },
        {
            "name": "Shoulder_R",
            "time": [0.0, 0.35],
            "transform": [
                [0.2555, 0.889907, 0.37787, 0.0, -0.170017, -0.343395, 0.923674, 0.4, 0.951742, -0.300243, 0.063562, 0.0, 0.0, 0.0, 0.0, 1.0],
                [0.2555, 0.889907, 0.37787, 0.0, -0.170017, -0.343395, 0.923674, 0.4, 0.951742, -0.300243, 0.063562, 0.0, 0.0, 0.0, 0.0, 1.0]
            ]
        },
        {
            "name": "Arm_R",
            "time": [0.0, 0.0667, 0.35],
            "transform": [
                [-0.339749, -0.940087, -0.028428, -0.0, 0.144553, -0.022328, -0.989245, 0.393861, 0.929341, -0.340204, 0.143478, 0.0, 0.0, 0.0, 0.0, 1.0],
                [-0.339749, -0.938548, 0.060816, -0.0, 0.144553, -0.116003, -0.982674, 0.39386, 0.929341, -0.325071, 0.175082, -0.0, 0.0, 0.0, 0.0, 1.0],
                [-0.339749, -0.940087, -0.028428, -0.0, 0.144553, -0.022328, -0.989245, 0.393861, 0.929341, -0.340204, 0.143478, 0.0, 0.0, 0.0, 0.0, 1.0]
            ]
        },
        {
            "name": "Hand_R",
            "time": [0.0, 0.0667, 0.35],
            "transform": [
                [0.681175, -0.023639, 0.73174, -0.0, 0.683294, 0.379418, -0.62382, 0.3, -0.262889, 0.924923, 0.274603, -0.0, 0.0, 0.0, 0.0, 1.0],
                [0.677181, 0.07735, 0.731739, 0.0, 0.619675, 0.47629, -0.62382, 0.3, -0.396772, 0.87588, 0.274603, 0.0, 0.0, 0.0, 0.0, 1.0],
                [0.681175, -0.023639, 0.73174, -0.0, 0.683294, 0.379418, -0.62382, 0.3, -0.262889, 0.924923, 0.274603, -0.0, 0.0, 0.0, 0.0, 1.0]
            ]
        },
        {
            "name": "Tool_R",
            "time": [0.0, 0.35],
            "transform": [
                [0.999822, 0.009713, 0.016189, -0.017311, 0.006818, -0.985396, 0.17014, 0.36637, 0.017595, -0.169909, -0.984702, 0.051121, 0.0, 0.0, 0.0, 1.0],
                [0.999822, 0.009713, 0.016189, -0.017311, 0.006818, -0.985396, 0.17014, 0.36637, 0.017595, -0.169909, -0.984702, 0.051121, 0.0, 0.0, 0.0, 1.0]
            ]
        },
        {
            "name": "Elbow_R",
            "time": [0.0, 0.35],
            "transform": [
                [-1.0, 0.0, 0.0, -0.0, -0.0, -0.139408, -0.990235, 0.335189, -0.0, -0.990235, 0.139408, -0.005621, 0.0, 0.0, 0.0, 1.0],
                [-1.0, 0.0, 0.0, -0.0, -0.0, -0.139408, -0.990235, 0.335189, -0.0, -0.990235, 0.139408, -0.005621, 0.0, 0.0, 0.0, 1.0]
            ]
        },
        {
            "name": "Shoulder_L",
            "time": [0.0, 0.35],
            "transform": [
                [-0.007939, -0.952498, -0.304441, 0.0, -0.088921, -0.302572, 0.94897, 0.4, -0.996007, 0.034605, -0.082295, 0.0, 0.0, 0.0, 0.0, 1.0],
                [-0.007939, -0.952498, -0.304441, 0.0, -0.088921, -0.302572, 0.94897, 0.4, -0.996007, 0.034605, -0.082295, 0.0, 0.0, 0.0, 0.0, 1.0]
            ]
        },
        {
            "name": "Arm_L",
            "time": [0.0, 0.35],
            "transform": [
                [-0.059192, -0.120288, 0.990973, -0.0, -0.723167, 0.689485, 0.040497, 0.39386, -0.688132, -0.714241, -0.127801, -0.0, 0.0, 0.0, 0.0, 1.0],
                [-0.059192, -0.120288, 0.990973, -0.0, -0.723167, 0.689485, 0.040497, 0.39386, -0.688132, -0.714241, -0.127801, -0.0, 0.0, 0.0, 0.0, 1.0]
            ]
        },
        {
            "name": "Hand_L",
            "time": [0.0, 0.35],
            "transform": [
                [0.99991, 0.01158, -0.006832, -0.0, -0.012582, 0.626789, -0.779088, 0.3, -0.004739, 0.779103, 0.626878, -0.0, 0.0, 0.0, 0.0, 1.0],
                [0.99991, 0.01158, -0.006832, -0.0, -0.012582, 0.626789, -0.779088, 0.3, -0.004739, 0.779103, 0.626878, -0.0, 0.0, 0.0, 0.0, 1.0]
            ]
        },
        {
            "name": "Tool_L",
            "time": [0.0, 0.35],
            "transform": [
                [0.998658, 0.039723, -0.033233, -0.012677, 0.043929, -0.98956, 0.137266, 0.208813, -0.027417, -0.138471, -0.989393, 0.160811, 0.0, 0.0, 0.0, 1.0],
                [0.998658, 0.039723, -0.033233, -0.012677, 0.043929, -0.98956, 0.137266, 0.208813, -0.027417, -0.138471, -0.989393, 0.160811, 0.0, 0.0, 0.0, 1.0]
            ]
        },
        {
            "name": "Elbow_L",
            "time": [0.0, 0.35],
            "transform": [
                [-0.999641, -0.004744, -0.026384, -0.001644, 0.023045, 0.350725, -0.936195, 0.298484, 0.013695, -0.936467, -0.350489, -0.001028, 0.0, 0.0, 0.0, 1.0],
                [-0.999641, -0.004744, -0.026384, -0.001644, 0.023045, 0.350725, -0.936195, 0.298484, 0.013695, -0.936467, -0.350489, -0.001028, 0.0, 0.0, 0.0, 1.0]
            ]
        }
    ]
}