{
    "animation": [
        {
            "name": "Root",
            "time": [0.0, 0.05, 0.1167, 0.45],
            "transform": [
                [0.56951, 0.017752, -0.821793, -0.004694, -0.811836, 0.168766, -0.558964, 0.005609, 0.128768, 0.985496, 0.110526, 0.669518, 0.0, 0.0, 0.0, 1.0],
                [0.51947, -0.150554, -0.841121, -0.020482, -0.768934, 0.346959, -0.536991, 0.112377, 0.372681, 0.925717, 0.064469, 0.543453, 0.0, 0.0, 0.0, 1.0],
                [0.089379, 0.102881, -0.99067, -0.006113, -0.907893, 0.417425, -0.038561, 0.001402, 0.409563, 0.902869, 0.130714, 0.648994, 0.0, 0.0, 0.0, 1.0],
                [0.42148, 0.017752, -0.906664, -0.004694, -0.895059, 0.168766, -0.41278, 0.005609, 0.145686, 0.985496, 0.08702, 0.669518, 0.0, 0.0, 0.0, 1.0]
            ]
        },
        {
            "name": "Thigh_R",
            "time": [0.0, 0.05, 0.1167, 0.45],
            "transform": [
                [0.924094, 0.381704, 0.018744, 0.124994, 0.380959, -0.916175, -0.12446, -0.002831, -0.030334, 0.122154, -0.992048, -1.2e-05, 0.0, 0.0, 0.0, 1.0],
                [0.954736, 0.293678, -0.047235, 0.124994, 0.285309, -0.859223, 0.424654, -0.002831, 0.084126, -0.418908, -0.904123, -1.2e-05, 0.0, 0.0, 0.0, 1.0],
                [0.994554, -0.019093, -0.102457, 0.124994, 0.027503, -0.900146, 0.434714, -0.002831, -0.100527, -0.435163, -0.894722, -1.2e-05, 0.0, 0.0, 0.0, 1.0],
                [0.924094, 0.381704, 0.018744, 0.124994, 0.380959, -0.916175, -0.12446, -0.002831, -0.030334, 0.122154, -0.992048, -1.2e-05, 0.0, 0.0, 0.0, 1.0]
            ]
        },
        {
            "name": "Leg_R",
            "time": [0.0, 0.05, 0.1167, 0.45],
            "transform": [
                [0.998295, -0.058101, -0.005717, 0.0, 0.058095, 0.978904, 0.195889, 0.37472, -0.005785, -0.195888, 0.980609, -0.0, 0.0, 0.0, 0.0, 1.0],
                [0.998294, -0.040539, -0.042012, 0.0, 0.058094, 0.618482, 0.783649, 0.37472, -0.005785, -0.784754, 0.619781, 0.0, 0.0, 0.0, 0.0, 1.0],
                [0.998294, -0.057113, -0.012107, 0.0, 0.058095, 0.951237, 0.302943, 0.37472, -0.005785, -0.30313, 0.952931, -0.0, 0.0, 0.0, 0.0, 1.0],
                [0.998294, -0.058101, -0.005717, -0.0, 0.058095, 0.978904, 0.195889, 0.37472, -0.005785, -0.195888, 0.980609, -0.0, 0.0, 0.0, 0.0, 1.0]
            ]
        },
        {
            "name": "Knee_R",
            "time": [0.0, 0.05, 0.1167, 0.45],
            "transform": [
                [1.0, 0.0, -0.0, 0.0, -0.0, 1e-06, -1.0, 0.37472, -0.0, 1.0, 1e-06, -0.0, 0.0, 0.0, 0.0, 1.0],
                [1.0, 0.0, -0.0, 0.0, -0.0, 1e-06, -1.0, 0.37472, -0.0, 1.0, 1e-06, 0.0, 0.0, 0.0, 0.0, 1.0],
                [1.0, 0.0, -0.0, 0.0, -0.0, 1e-06, -1.0, 0.37472, -0.0, 1.0, 1e-06, -0.0, 0.0, 0.0, 0.0, 1.0],
                [1.0, 0.0, -0.0, -0.0, -0.0, 1e-06, -1.0, 0.37472, -0.0, 1.0, 1e-06, -0.0, 0.0, 0.0, 0.0, 1.0]
            ]
        },
        {
            "name": "Thigh_L",
            "time": [0.0, 0.05, 0.1167, 0.45],
            "transform": [
                [0.485391, -0.725106, -0.488485, -0.109662, 0.038606, -0.540396, 0.840524, -0.002831, -0.873444, -0.426841, -0.234311, 0.02525, 0.0, 0.0, 0.0, 1.0],
                [0.259986, -0.964721, -0.041488, -0.109662, -0.264832, -0.112558, 0.957702, -0.002831, -0.928585, -0.238002, -0.284753, 0.02525, 0.0, 0.0, 0.0, 1.0],
                [0.029426, -0.981782, -0.187721, -0.109662, -0.012854, -0.188159, 0.982054, -0.002831, -0.999484, -0.026485, -0.018157, 0.02525, 0.0, 0.0, 0.0, 1.0],
                [0.485391, -0.725106, -0.488485, -0.109662, 0.038606, -0.540397, 0.840524, -0.002831, -0.873444, -0.426841, -0.234311, 0.02525, 0.0, 0.0, 0.0, 1.0]
            ]
        },
        {
            "name": "Leg_L",
            "time": [0.0, 0.05, 0.1167, 0.45],
            "transform": [
                [0.997933, 0.040864, 0.049605, 0.0, -0.064028, 0.698981, 0.712268, 0.37472, -0.005567, -0.713971, 0.700153, 0.0, 0.0, 0.0, 0.0, 1.0],
                [0.997933, 0.020041, 0.061065, 0.0, -0.064028, 0.392309, 0.917603, 0.37472, -0.005567, -0.919615, 0.392781, -0.0, 0.0, 0.0, 0.0, 1.0],
                [0.997933, 0.03787, 0.051927, -0.0, -0.064028, 0.655793, 0.752221, 0.37472, -0.005567, -0.75399, 0.656862, 0.0, 0.0, 0.0, 0.0, 1.0],
                [0.997933, 0.040864, 0.049605, -0.0, -0.064028, 0.698981, 0.712268, 0.37472, -0.005567, -0.713971, 0.700153, 0.0, 0.0, 0.0, 0.0, 1.0]
            ]
        },
        {
            "name": "Knee_L",
            "time": [0.0, 0.05, 0.1167, 0.45],
            "transform": [
                [1.0, 0.0, -0.0, 0.0, -0.0, 1e-06, -1.0, 0.37472, -0.0, 1.0, 1e-06, 0.0, 0.0, 0.0, 0.0, 1.0],
                [1.0, 0.0, -0.0, 0.0, -0.0, 1e-06, -1.0, 0.37472, -0.0, 1.0, 1e-06, -0.0, 0.0, 0.0, 0.0, 1.0],
                [1.0, 0.0, -0.0, -0.0, -0.0, 1e-06, -1.0, 0.37472, -0.0, 1.0, 1e-06, 0.0, 0.0, 0.0, 0.0, 1.0],
                [1.0, 0.0, -0.0, -0.0, -0.0, 1e-06, -1.0, 0.37472, -0.0, 1.0, 1e-06, 0.0, 0.0, 0.0, 0.0, 1.0]
            ]
        },
        {
            "name": "Torso",
            "time": [0.0, 0.05, 0.1167, 0.45],
            "transform": [
                [0.884866, 0.029467, 0.464912, -0.0, 0.025961, 0.993327, -0.112371, 0.05, -0.465121, 0.111503, 0.878197, -0.0, 0.0, 0.0, 0.0, 1.0],
                [0.867634, 0.135579, 0.478361, -0.0, -0.031651, 0.975213, -0.218992, 0.05, -0.496195, 0.174864, 0.85042, -0.0, 0.0, 0.0, 0.0, 1.0],
                [0.882597, 0.046299, 0.467845, 0.0, 0.016551, 0.991462, -0.129341, 0.05, -0.469839, 0.1219, 0.874295, -0.0, 0.0, 0.0, 0.0, 1.0],
                [0.884866, 0.029467, 0.464912, -0.0, 0.025961, 0.993327, -0.112371, 0.05, -0.465121, 0.111503, 0.878197, -0.0, 0.0, 0.0, 0.0, 1.0]
            ]
        },
        {
            "name": "Chest",
            "time": [0.0, 0.05, 0.0833, 0.45],
            "transform": [
                [0.831911, -0.088026, 0.547883, 0.0, -0.055203, 0.969312, 0.239556, 0.3, -0.552157, -0.229534, 0.801522, 0.0, 0.0, 0.0, 0.0, 1.0],
                [0.708788, 0.136595, 0.69207, 0.0, -0.100958, 0.990616, -0.092122, 0.3, -0.69816, -0.004575, 0.715928, 0.0, 0.0, 0.0, 0.0, 1.0],
                [0.651417, 0.095638, 0.752668, 0.0, -0.079224, 0.995175, -0.057885, 0.3, -0.754573, -0.021923, 0.65585, 0.0, 0.0, 0.0, 0.0, 1.0],
                [0.995747, -0.088026, -0.027194, 0.0, 0.091916, 0.969312, 0.228005, 0.3, 0.006289, -0.229534, 0.97328, -0.0, 0.0, 0.0, 0.0, 1.0]
            ]
        },
        {
            "name": "Head",
            "time": [0.0, 0.05, 0.0833, 0.45],
            "transform": [
                [0.993925, 0.03176, -0.105381, 0.0, -0.03505, 0.99895, -0.029516, 0.4, 0.104333, 0.033031, 0.993994, 0.0, 0.0, 0.0, 0.0, 1.0],
                [0.993925, 0.036294, -0.103907, 0.0, -0.03505, 0.999291, 0.013775, 0.4, 0.104333, -0.01005, 0.994492, -0.0, 0.0, 0.0, 0.0, 1.0],
                [0.986187, 0.031225, -0.162664, -0.0, -0.031965, 0.999487, -0.001937, 0.4, 0.16252, 0.00711, 0.98668, -0.0, 0.0, 0.0, 0.0, 1.0],
                [0.871379, 0.03176, 0.489581, 0.0, -0.011486, 0.998949, -0.04436, 0.4, -0.490476, 0.033031, 0.870829, 0.0, 0.0, 0.0, 0.0, 1.0]
            ]
        },
        {
            "name": "Shoulder_R",
            "time": [0.0, 0.05, 0.1167, 0.45],
            "transform": [
                [0.2555, 0.889907, 0.37787, 0.0, -0.170017, -0.343395, 0.923674, 0.4, 0.951742, -0.300243, 0.063562, 0.0, 0.0, 0.0, 0.0, 1.0],
                [0.2555, 0.889907, 0.37787, 0.0, -0.170017, -0.343395, 0.923674, 0.4, 0.951742, -0.300243, 0.063562, -0.0, 0.0, 0.0, 0.0, 1.0],
                [-0.20304, 0.903321, 0.37787, -0.0, 0.01569, -0.382857, 0.923674, 0.4, 0.979045, 0.193472, 0.063562, -0.0, 0.0, 0.0, 0.0, 1.0],
                [-0.286703, 0.88035, 0.37787, 0.0, 0.051458, -0.379708, 0.923674, 0.4, 0.956636, 0.284264, 0.063562, 0.0, 0.0, 0.0, 0.0, 1.0]
            ]
        },
        {
            "name": "Arm_R",
            "time": [0.0, 0.05, 0.1167, 0.45],
            "transform": [
                [-0.339749, -0.940087, -0.028428, -0.0, 0.144553, -0.022328, -0.989245, 0.393861, 0.929341, -0.340204, 0.143478, 0.0, 0.0, 0.0, 0.0, 1.0],
                [-0.339749, -0.933665, -0.113313, 0.0, 0.144553, 0.06721, -0.987212, 0.39386, 0.929341, -0.351784, 0.11213, -0.0, 0.0, 0.0, 0.0, 1.0],
                [-0.339749, -0.271753, -0.9004, 0.0, 0.144553, 0.930884, -0.335498, 0.39386, 0.929341, -0.244141, -0.276984, -0.0, 0.0, 0.0, 0.0, 1.0],
                [-0.339749, -0.124898, -0.932186, -0.0, 0.144553, 0.972432, -0.182975, 0.39386, 0.929341, -0.196916, -0.312328, -0.0, 0.0, 0.0, 0.0, 1.0]
            ]
        },
        {
            "name": "Hand_R",
            "time": [0.0, 0.05, 0.1167, 0.45],
            "transform": [
                [0.681175, -0.023639, 0.73174, -0.0, 0.683294, 0.379418, -0.62382, 0.3, -0.262889, 0.924923, 0.274603, -0.0, 0.0, 0.0, 0.0, 1.0],
                [0.677181, 0.07735, 0.73174, 0.0, 0.619675, 0.47629, -0.62382, 0.3, -0.396772, 0.87588, 0.274603, 0.0, 0.0, 0.0, 0.0, 1.0],
                [0.978081, -0.041533, 0.204039, 0.0, 0.08743, 0.971255, -0.221404, 0.3, -0.188978, 0.23439, 0.953598, -0.0, 0.0, 0.0, 0.0, 1.0],
                [0.994596, -0.032261, 0.098686, -0.0, 0.043772, 0.992191, -0.116793, 0.3, -0.094147, 0.120482, 0.988241, 0.0, 0.0, 0.0, 0.0, 1.0]
            ]
        },
        {
            "name": "Tool_R",
            "time": [0.0, 0.05, 0.1167, 0.45],
            "transform": [
                [0.999822, 0.009713, 0.016189, -0.017311, 0.006818, -0.985396, 0.17014, 0.36637, 0.017595, -0.169909, -0.984702, 0.051121, 0.0, 0.0, 0.0, 1.0],
                [0.999822, 0.009713, 0.016189, -0.017312, 0.006818, -0.985396, 0.17014, 0.36637, 0.017595, -0.169909, -0.984702, 0.051121, 0.0, 0.0, 0.0, 1.0],
                [0.999822, 0.009713, 0.016189, -0.017312, 0.006819, -0.985396, 0.17014, 0.36637, 0.017595, -0.169909, -0.984702, 0.051121, 0.0, 0.0, 0.0, 1.0],
                [0.999822, 0.009713, 0.016189, -0.017311, 0.006818, -0.985396, 0.17014, 0.36637, 0.017594, -0.169909, -0.984702, 0.051121, 0.0, 0.0, 0.0, 1.0]
            ]
        },
        {
            "name": "Elbow_R",
            "time": [0.0, 0.05, 0.1167, 0.45],
            "transform": [
                [-1.0, 0.0, 0.0, -0.0, -0.0, -0.139408, -0.990235, 0.335189, -0.0, -0.990235, 0.139408, -0.005621, 0.0, 0.0, 0.0, 1.0],
                [-1.0, 0.0, 0.0, 0.0, -0.0, -0.139408, -0.990235, 0.335189, -0.0, -0.990235, 0.139408, -0.005621, 0.0, 0.0, 0.0, 1.0],
                [-1.0, 0.0, 0.0, 0.0, -0.0, -0.139409, -0.990235, 0.335189, -0.0, -0.990235, 0.139409, -0.005621, 0.0, 0.0, 0.0, 1.0],
                [-1.0, 0.0, 0.0, 0.0, -0.0, -0.139408, -0.990235, 0.335189, -0.0, -0.990235, 0.139409, -0.005621, 0.0, 0.0, 0.0, 1.0]
            ]
        },
        {
            "name": "Shoulder_L",
            "time": [0.0, 0.05, 0.1167, 0.45],
            "transform": [
                [-0.007939, -0.952498, -0.304441, 0.0, -0.088921, -0.302572, 0.94897, 0.4, -0.996007, 0.034605, -0.082295, 0.0, 0.0, 0.0, 0.0, 1.0],
                [-0.007939, -0.952498, -0.304441, 0.0, -0.088921, -0.302572, 0.94897, 0.4, -0.996007, 0.034605, -0.082295, -0.0, 0.0, 0.0, 0.0, 1.0],
                [-0.007939, -0.952498, -0.304441, -0.0, -0.088921, -0.302572, 0.94897, 0.4, -0.996007, 0.034605, -0.082295, -0.0, 0.0, 0.0, 0.0, 1.0],
                [-0.007939, -0.952498, -0.304441, 0.0, -0.088921, -0.302572, 0.948969, 0.4, -0.996007, 0.034605, -0.082295, 0.0, 0.0, 0.0, 0.0, 1.0]
            ]
        },
        {
            "name": "Arm_L",
            "time": [0.0, 0.05, 0.1167, 0.45],
            "transform": [
                [-0.059192, -0.120288, 0.990973, -0.0, -0.723167, 0.689485, 0.040497, 0.39386, -0.688132, -0.714241, -0.127801, -0.0, 0.0, 0.0, 0.0, 1.0],
                [-0.059192, -0.120289, 0.990973, -0.0, -0.723167, 0.689485, 0.040497, 0.39386, -0.688132, -0.714241, -0.127801, 0.0, 0.0, 0.0, 0.0, 1.0],
                [-0.059192, -0.120289, 0.990973, 0.0, -0.723167, 0.689485, 0.040497, 0.39386, -0.688132, -0.714241, -0.127801, -0.0, 0.0, 0.0, 0.0, 1.0],
                [-0.059192, -0.120289, 0.990973, 0.0, -0.723167, 0.689485, 0.040497, 0.39386, -0.688132, -0.714241, -0.127801, -0.0, 0.0, 0.0, 0.0, 1.0]
            ]
        },
        {
            "name": "Hand_L",
            "time": [0.0, 0.05, 0.1167, 0.45],
            "transform": [
                [0.99991, 0.01158, -0.006832, -0.0, -0.012582, 0.626789, -0.779088, 0.3, -0.004739, 0.779103, 0.626878, -0.0, 0.0, 0.0, 0.0, 1.0],
                [0.99991, 0.01158, -0.006832, 0.0, -0.012582, 0.626789, -0.779088, 0.3, -0.004739, 0.779103, 0.626878, 0.0, 0.0, 0.0, 0.0, 1.0],
                [0.99991, 0.01158, -0.006832, -0.0, -0.012582, 0.626789, -0.779087, 0.3, -0.004739, 0.779103, 0.626878, 0.0, 0.0, 0.0, 0.0, 1.0],
                [0.99991, 0.01158, -0.006832, 0.0, -0.012582, 0.626789, -0.779087, 0.3, -0.004739, 0.779103, 0.626878, -0.0, 0.0, 0.0, 0.0, 1.0]
            ]
        },
        {
            "name": "Tool_L",
            "time": [0.0, 0.05, 0.1167, 0.45],
            "transform": [
                [0.998658, 0.039723, -0.033233, -0.012677, 0.043929, -0.98956, 0.137266, 0.208813, -0.027417, -0.138471, -0.989393, 0.160811, 0.0, 0.0, 0.0, 1.0],
                [0.998658, 0.039723, -0.033233, -0.012677, 0.043929, -0.98956, 0.137266, 0.208813, -0.027417, -0.138471, -0.989393, 0.160811, 0.0, 0.0, 0.0, 1.0],
                [0.998658, 0.039723, -0.033233, -0.012677, 0.043929, -0.98956, 0.137266, 0.208813, -0.027417, -0.138471, -0.989393, 0.160811, 0.0, 0.0, 0.0, 1.0],
                [0.998658, 0.039723, -0.033233, -0.012677, 0.043929, -0.98956, 0.137266, 0.208813, -0.027417, -0.138471, -0.989393, 0.160811, 0.0, 0.0, 0.0, 1.0]
            ]
        },
        {
            "name": "Elbow_L",
            "time": [0.0, 0.05, 0.1167, 0.45],
            "transform": [
                [-0.999641, -0.004744, -0.026384, -0.001644, 0.023045, 0.350725, -0.936195, 0.298484, 0.013695, -0.936467, -0.350489, -0.001028, 0.0, 0.0, 0.0, 1.0],
                [-0.999641, -0.004744, -0.026384, -0.001644, 0.023045, 0.350725, -0.936195, 0.298484, 0.013695, -0.936467, -0.350489, -0.001028, 0.0, 0.0, 0.0, 1.0],
                [-0.999641, -0.004744, -0.026384, -0.001644, 0.023045, 0.350725, -0.936195, 0.298484, 0.013695, -0.936467, -0.350489, -0.001028, 0.0, 0.0, 0.0, 1.0],
                [-0.999641, -0.004744, -0.026384, -0.001644, 0.023045, 0.350725, -0.936195, 0.298484, 0.013695, -0.936467, -0.35049, -0.001028, 0.0, 0.0, 0.0, 1.0]
            ]
        }
    ]
}