{
    "animation": [
        {
            "name": "Root",
            "time": [0.0, 0.1667, 0.3667, 0.55, 0.8],
            "transform": [
                [0.854689, -0.0, -0.51914, -5e-06, -0.511602, 0.169795, -0.842279, 0.000946, 0.088148, 0.985479, 0.145122, 0.448691, 0.0, 0.0, 0.0, 1.0],
                [0.283331, 0.190713, -0.939868, -5e-06, -0.905887, 0.374907, -0.197013, -0.276188, 0.31479, 0.907234, 0.278987, 0.448691, 0.0, 0.0, 0.0, 1.0],
                [0.283331, 0.190713, -0.939868, -5e-06, -0.905887, 0.374907, -0.197013, -0.276188, 0.31479, 0.907234, 0.278987, 0.448691, 0.0, 0.0, 0.0, 1.0],
                [0.53293, -0.061384, 0.84393, -0.001514, 0.844909, -0.015606, -0.534683, 1.147264, 0.045991, 0.997992, 0.043547, 0.53791, 0.0, 0.0, 0.0, 1.0],
                [0.564958, -0.134671, 0.814056, -0.001854, 0.82271, 0.016597, -0.568219, 1.330656, 0.063011, 0.990751, 0.120172, 0.62748, 0.0, 0.0, 0.0, 1.0]
            ]
        },
        {
            "name": "Thigh_R",
            "time": [0.0, 0.1667, 0.3667, 0.55, 0.8],
            "transform": [
                [0.91034, 0.354366, -0.213785, 0.124994, 0.413833, -0.785257, 0.460556, -0.002831, -0.004671, -0.507732, -0.861502, -1.2e-05, 0.0, 0.0, 0.0, 1.0],
                [0.984195, 0.161421, -0.072813, 0.124994, 0.133558, -0.40664, 0.903773, -0.002831, 0.11628, -0.899212, -0.421773, -1.2e-05, 0.0, 0.0, 0.0, 1.0],
                [0.99017, 0.135765, -0.033614, 0.124994, 0.074591, -0.309277, 0.948042, -0.002831, 0.118315, -0.941229, -0.316365, -1.2e-05, 0.0, 0.0, 0.0, 1.0],
                [0.716508, 0.594277, 0.365308, 0.124994, -0.121747, -0.409108, 0.904327, -0.002831, 0.686872, -0.692432, -0.220779, -1.2e-05, 0.0, 0.0, 0.0, 1.0],
                [0.614942, 0.494022, 0.614644, 0.124994, -0.145476, -0.694988, 0.704149, -0.002831, 0.775037, -0.522426, -0.35551, -1.2e-05, 0.0, 0.0, 0.0, 1.0]
            ]
        },
        {
            "name": "Leg_R",
            "time": [0.0, 0.1667, 0.3667, 0.55, 0.8],
            "transform": [
                [0.998294, 0.014551, -0.056539, -0.0, 0.058094, -0.343561, 0.937331, 0.37472, -0.005785, -0.939018, -0.34382, -0.0, 0.0, 0.0, 0.0, 1.0],
                [0.998295, 0.014551, -0.056539, 0.0, 0.058094, -0.343561, 0.937331, 0.37472, -0.005785, -0.939018, -0.34382, 0.0, 0.0, 0.0, 0.0, 1.0],
                [0.998295, 0.014551, -0.056539, -0.0, 0.058094, -0.343561, 0.937331, 0.37472, -0.005785, -0.939018, -0.34382, -0.0, 0.0, 0.0, 0.0, 1.0],
                [0.999188, -0.013133, -0.038085, 0.0, 0.040277, 0.305794, 0.951245, 0.37472, -0.000847, -0.952008, 0.306075, 0.0, 0.0, 0.0, 0.0, 1.0],
                [0.999345, -0.031943, -0.017031, 0.0, 0.036173, 0.862986, 0.503932, 0.37472, -0.0014, -0.504219, 0.863574, 0.0, 0.0, 0.0, 0.0, 1.0]
            ]
        },
        {
            "name": "Knee_R",
            "time": [0.0, 0.1667, 0.3667, 0.55, 0.8],
            "transform": [
                [1.0, 0.0, -0.0, -0.0, -0.0, 1e-06, -1.0, 0.37472, -0.0, 1.0, 1e-06, -0.0, 0.0, 0.0, 0.0, 1.0],
                [1.0, 0.0, -0.0, 0.0, -0.0, 1e-06, -1.0, 0.37472, -0.0, 1.0, 1e-06, 0.0, 0.0, 0.0, 0.0, 1.0],
                [1.0, 0.0, -0.0, -0.0, -0.0, 1e-06, -1.0, 0.37472, -0.0, 1.0, 1e-06, -0.0, 0.0, 0.0, 0.0, 1.0],
                [1.0, 0.0, -0.0, 0.0, -0.0, 1e-06, -1.0, 0.37472, -0.0, 1.0, 1e-06, 0.0, 0.0, 0.0, 0.0, 1.0],
                [1.0, 0.0, -0.0, 0.0, -0.0, 1e-06, -1.0, 0.37472, -0.0, 1.0, 1e-06, 0.0, 0.0, 0.0, 0.0, 1.0]
            ]
        },
        {
            "name": "Thigh_L",
            "time": [0.0, 0.1667, 0.3667, 0.4667, 0.55, 0.8],
            "transform": [
                [0.784623, -0.610414, 0.108448, -0.109662, -0.081521, 0.071825, 0.99408, -0.002831, -0.614589, -0.788819, 0.006593, 0.02525, 0.0, 0.0, 0.0, 1.0],
                [0.609594, -0.78526, 0.108448, -0.109662, -0.06126, 0.089731, 0.99408, -0.002831, -0.790343, -0.612629, 0.006593, 0.02525, 0.0, 0.0, 0.0, 1.0],
                [0.572029, -0.813032, 0.108448, -0.109662, -0.056977, 0.09251, 0.99408, -0.002831, -0.818251, -0.574823, 0.006594, 0.02525, 0.0, 0.0, 0.0, 1.0],
                [0.764637, -0.478396, -0.431817, -0.109662, -0.26208, -0.842964, 0.469815, -0.002831, -0.588764, -0.246068, -0.76994, 0.02525, 0.0, 0.0, 0.0, 1.0],
                [0.650028, -0.758308, -0.049318, -0.109662, -0.759337, -0.650688, -0.003444, -0.002831, -0.029479, 0.039688, -0.998777, 0.02525, 0.0, 0.0, 0.0, 1.0],
                [0.876265, -0.458788, 0.147214, -0.109662, -0.471012, -0.880008, 0.061106, -0.002831, 0.101515, -0.122885, -0.987215, 0.02525, 0.0, 0.0, 0.0, 1.0]
            ]
        },
        {
            "name": "Leg_L",
            "time": [0.0, 0.1667, 0.3667, 0.55, 0.8],
            "transform": [
                [0.997933, 0.003472, 0.064175, 0.0, -0.064028, 0.140189, 0.988053, 0.37472, -0.005567, -0.990118, 0.140121, 0.0, 0.0, 0.0, 0.0, 1.0],
                [0.997933, -0.004524, 0.06411, -0.0, -0.064028, 0.016415, 0.997814, 0.37472, -0.005567, -0.999855, 0.016091, 0.0, 0.0, 0.0, 0.0, 1.0],
                [0.997933, -0.006029, 0.063986, 0.0, -0.064028, -0.007029, 0.997924, 0.37472, -0.005567, -0.999957, -0.0074, 0.0, 0.0, 0.0, 0.0, 1.0],
                [0.997933, 0.050869, 0.03928, -0.0, -0.064028, 0.839823, 0.539071, 0.37472, -0.005567, -0.540471, 0.841345, -0.0, 0.0, 0.0, 0.0, 1.0],
                [0.997933, 0.049543, 0.040939, -0.0, -0.064028, 0.821554, 0.566523, 0.37472, -0.005567, -0.567973, 0.823029, -0.0, 0.0, 0.0, 0.0, 1.0]
            ]
        },
        {
            "name": "Knee_L",
            "time": [0.0, 0.1667, 0.3667, 0.55, 0.8],
            "transform": [
                [1.0, 0.0, -0.0, 0.0, -0.0, 1e-06, -1.0, 0.37472, -0.0, 1.0, 1e-06, 0.0, 0.0, 0.0, 0.0, 1.0],
                [1.0, 0.0, -0.0, -0.0, -0.0, 1e-06, -1.0, 0.37472, -0.0, 1.0, 1e-06, 0.0, 0.0, 0.0, 0.0, 1.0],
                [1.0, 0.0, -0.0, 0.0, -0.0, 1e-06, -1.0, 0.37472, -0.0, 1.0, 1e-06, 0.0, 0.0, 0.0, 0.0, 1.0],
                [1.0, 0.0, -0.0, -0.0, -0.0, 1e-06, -1.0, 0.37472, -0.0, 1.0, 1e-06, -0.0, 0.0, 0.0, 0.0, 1.0],
                [1.0, 0.0, -0.0, -0.0, -0.0, 1e-06, -1.0, 0.37472, -0.0, 1.0, 1e-06, -0.0, 0.0, 0.0, 0.0, 1.0]
            ]
        },
        {
            "name": "Torso",
            "time": [0.0, 0.1667, 0.3667, 0.4667, 0.55, 0.8],
            "transform": [
                [0.965662, -0.022926, 0.258787, -0.0, 0.020968, 0.999727, 0.010323, 0.05, -0.258953, -0.004542, 0.965879, 0.0, 0.0, 0.0, 0.0, 1.0],
                [0.965662, -0.022926, 0.258787, -0.0, 0.020968, 0.999727, 0.010323, 0.05, -0.258953, -0.004542, 0.965879, -0.0, 0.0, 0.0, 0.0, 1.0],
                [0.965662, -0.022926, 0.258787, -0.0, 0.020968, 0.999727, 0.010323, 0.05, -0.258953, -0.004542, 0.965879, -0.0, 0.0, 0.0, 0.0, 1.0],
                [0.848224, 0.153972, 0.506763, 0.0, -0.18604, 0.982458, 0.012891, 0.05, -0.495889, -0.105213, 0.861989, 0.0, 0.0, 0.0, 0.0, 1.0],
                [0.953208, 0.301837, 0.01702, -0.0, -0.302018, 0.953258, 0.009226, 0.05, -0.013439, -0.013935, 0.999813, 0.0, 0.0, 0.0, 0.0, 1.0],
                [0.966284, 0.257451, 0.003634, -0.0, -0.256282, 0.963063, -0.082642, 0.05, -0.024776, 0.078925, 0.996573, -0.0, 0.0, 0.0, 0.0, 1.0]
            ]
        },
        {
            "name": "Chest",
            "time": [0.0, 0.1667, 0.3667, 0.4667, 0.55, 0.8],
            "transform": [
                [0.851633, -0.050815, 0.521669, 0.0, 0.047823, 0.998671, 0.019206, 0.3, -0.521952, 0.008591, 0.852932, -0.0, 0.0, 0.0, 0.0, 1.0],
                [0.970791, -0.053582, -0.233866, -0.0, 0.082028, 0.990129, 0.113651, 0.3, 0.225468, -0.129515, 0.965603, -0.0, 0.0, 0.0, 0.0, 1.0],
                [0.927579, -0.042341, -0.37122, -0.0, 0.095723, 0.987328, 0.126572, 0.3, 0.361156, -0.15294, 0.919878, -0.0, 0.0, 0.0, 0.0, 1.0],
                [0.933415, -0.105201, 0.343029, -0.0, -0.082311, 0.867768, 0.490105, 0.3, -0.349229, -0.485707, 0.801329, 0.0, 0.0, 0.0, 0.0, 1.0],
                [0.896801, -0.078095, 0.435487, 0.0, 0.039363, 0.994479, 0.097277, 0.3, -0.44068, -0.070096, 0.894924, -0.0, 0.0, 0.0, 0.0, 1.0],
                [0.948496, -0.045806, 0.313459, -0.0, 0.026572, 0.997508, 0.065364, 0.3, -0.315672, -0.053668, 0.947349, -0.0, 0.0, 0.0, 0.0, 1.0]
            ]
        },
        {
            "name": "Head",
            "time": [0.0, 0.1667, 0.3667, 0.4667, 0.55, 0.8],
            "transform": [
                [0.977635, 0.070556, -0.198122, 0.0, -0.077331, 0.996649, -0.026663, 0.4, 0.195577, 0.041388, 0.979815, 0.0, 0.0, 0.0, 0.0, 1.0],
                [0.908101, 0.070556, 0.412765, 0.0, -0.047008, 0.996649, -0.066943, 0.4, -0.416105, 0.041388, 0.908374, 0.0, 0.0, 0.0, 0.0, 1.0],
                [0.853992, 0.070556, 0.51548, 0.0, -0.038911, 0.996649, -0.071951, 0.4, -0.518829, 0.041388, 0.853875, -0.0, 0.0, 0.0, 0.0, 1.0],
                [0.811995, 0.023465, -0.583193, 0.0, -0.070492, 0.99582, -0.058081, 0.4, 0.579392, 0.088272, 0.810255, -0.0, 0.0, 0.0, 0.0, 1.0],
                [0.718205, -0.032546, -0.69507, -0.0, -0.04133, 0.995147, -0.089302, 0.4, 0.694603, 0.092864, 0.713374, 0.0, 0.0, 0.0, 0.0, 1.0],
                [0.502915, 0.03176, -0.863752, 0.0, -0.044531, 0.99895, 0.010803, 0.4, 0.863188, 0.033031, 0.503801, -0.0, 0.0, 0.0, 0.0, 1.0]
            ]
        },
        {
            "name": "Shoulder_R",
            "time": [0.0, 0.1667, 0.3667, 0.55, 0.8],
            "transform": [
                [0.370516, 0.848488, 0.37787, 0.0, -0.213777, -0.318002, 0.923674, 0.4, 0.90389, -0.423016, 0.063562, 0.0, 0.0, 0.0, 0.0, 1.0],
                [-0.053688, 0.924301, 0.37787, 0.0, -0.046677, -0.380325, 0.923674, 0.4, 0.997466, 0.031952, 0.063562, 0.0, 0.0, 0.0, 0.0, 1.0],
                [-0.134635, 0.916017, 0.37787, 0.0, -0.013104, -0.382954, 0.923674, 0.4, 0.990808, 0.119407, 0.063562, -0.0, 0.0, 0.0, 0.0, 1.0],
                [0.097165, 0.920746, 0.37787, -0.0, -0.107836, -0.367692, 0.923674, 0.4, 0.989409, -0.130497, 0.063562, 0.0, 0.0, 0.0, 0.0, 1.0],
                [0.057038, 0.9241, 0.37787, 0.0, -0.091746, -0.372033, 0.923674, 0.4, 0.994147, -0.087353, 0.063562, -0.0, 0.0, 0.0, 0.0, 1.0]
            ]
        },
        {
            "name": "Arm_R",
            "time": [0.0, 0.1667, 0.3667, 0.55, 0.8],
            "transform": [
                [-0.540125, -0.811568, -0.22276, 0.0, -0.629636, 0.565313, -0.532896, 0.39386, 0.558411, -0.147573, -0.816333, 0.0, 0.0, 0.0, 0.0, 1.0],
                [-0.647951, 0.728379, -0.22276, 0.0, 0.706579, 0.465583, -0.532896, 0.39386, -0.284438, -0.502689, -0.816333, -0.0, 0.0, 0.0, 0.0, 1.0],
                [-0.403644, 0.887384, -0.22276, 0.0, 0.812641, 0.235873, -0.532896, 0.39386, -0.42034, -0.396124, -0.816333, -0.0, 0.0, 0.0, 0.0, 1.0],
                [0.809975, -0.524931, -0.26151, -0.0, 0.327437, 0.774717, -0.540924, 0.39386, 0.486544, 0.352507, 0.799383, 0.0, 0.0, 0.0, 0.0, 1.0],
                [0.865166, -0.477895, -0.151999, -0.0, 0.393155, 0.834527, -0.385996, 0.39386, 0.311313, 0.274192, 0.909892, -0.0, 0.0, 0.0, 0.0, 1.0]
            ]
        },
        {
            "name": "Hand_R",
            "time": [0.0, 0.1667, 0.3667, 0.55, 0.8],
            "transform": [
                [0.999599, -0.023021, -0.016487, 0.0, 0.023395, 0.999464, 0.022904, 0.3, 0.015951, -0.02328, 0.999602, -0.0, 0.0, 0.0, 0.0, 1.0],
                [0.549171, 0.835547, -0.016487, 0.0, -0.835234, 0.549418, 0.022904, 0.3, 0.028195, 0.001193, 0.999602, 0.0, 0.0, 0.0, 0.0, 1.0],
                [0.387619, 0.921672, -0.016487, -0.0, -0.921409, 0.387918, 0.022904, 0.3, 0.027505, 0.006314, 0.999602, -0.0, 0.0, 0.0, 0.0, 1.0],
                [0.196889, -0.248317, 0.948459, 0.0, 0.979724, 0.013218, -0.199918, 0.3, 0.037106, 0.968589, 0.245885, -0.0, 0.0, 0.0, 0.0, 1.0],
                [0.217053, -0.02364, 0.975873, -0.0, 0.905061, 0.379419, -0.192112, 0.3, -0.365723, 0.924923, 0.103749, 0.0, 0.0, 0.0, 0.0, 1.0]
            ]
        },
        {
            "name": "Tool_R",
            "time": [0.0, 0.1667, 0.3667, 0.55, 0.8],
            "transform": [
                [0.999822, 0.009713, 0.016189, -0.017311, 0.006818, -0.985396, 0.17014, 0.36637, 0.017595, -0.169909, -0.984702, 0.051121, 0.0, 0.0, 0.0, 1.0],
                [0.999822, 0.009713, 0.016189, -0.017311, 0.006818, -0.985396, 0.17014, 0.36637, 0.017595, -0.169909, -0.984702, 0.051121, 0.0, 0.0, 0.0, 1.0],
                [0.999822, 0.009713, 0.016189, -0.017311, 0.006818, -0.985396, 0.17014, 0.36637, 0.017595, -0.169909, -0.984702, 0.051121, 0.0, 0.0, 0.0, 1.0],
                [0.999822, 0.009713, 0.016189, -0.017311, 0.006818, -0.985396, 0.17014, 0.36637, 0.017595, -0.169909, -0.984702, 0.051121, 0.0, 0.0, 0.0, 1.0],
                [0.999822, 0.009713, 0.016189, -0.017312, 0.006818, -0.985396, 0.17014, 0.36637, 0.017595, -0.169909, -0.984702, 0.051121, 0.0, 0.0, 0.0, 1.0]
            ]
        },
        {
            "name": "Elbow_R",
            "time": [0.0, 0.1667, 0.3667, 0.55, 0.8],
            "transform": [
                [-1.0, 0.0, 0.0, 0.0, -0.0, -0.139408, -0.990235, 0.335189, -0.0, -0.990235, 0.139408, -0.005621, 0.0, 0.0, 0.0, 1.0],
                [-1.0, 0.0, 0.0, 0.0, -0.0, -0.139408, -0.990235, 0.335189, -0.0, -0.990235, 0.139408, -0.005621, 0.0, 0.0, 0.0, 1.0],
                [-1.0, 0.0, 0.0, -0.0, -0.0, -0.139409, -0.990235, 0.335189, -0.0, -0.990235, 0.139408, -0.005621, 0.0, 0.0, 0.0, 1.0],
                [-1.0, 0.0, 0.0, 0.0, -0.0, -0.139408, -0.990235, 0.335189, -0.0, -0.990235, 0.139409, -0.005621, 0.0, 0.0, 0.0, 1.0],
                [-1.0, 0.0, 0.0, -0.0, -0.0, -0.139409, -0.990235, 0.335189, -0.0, -0.990235, 0.139408, -0.005621, 0.0, 0.0, 0.0, 1.0]
            ]
        },
        {
            "name": "Shoulder_L",
            "time": [0.0, 0.1667, 0.3667, 0.55, 0.8],
            "transform": [
                [0.713405, -0.631165, -0.304441, 0.0, 0.169913, -0.265681, 0.948969, 0.4, -0.67984, -0.728728, -0.082295, 0.0, 0.0, 0.0, 0.0, 1.0],
                [0.384132, -0.871641, -0.304441, 0.0, 0.043255, -0.312387, 0.948969, 0.4, -0.922264, -0.377699, -0.082295, 0.0, 0.0, 0.0, 0.0, 1.0],
                [0.312482, -0.899817, -0.304441, 0.0, 0.017885, -0.31486, 0.948969, 0.4, -0.949755, -0.301981, -0.082295, -0.0, 0.0, 0.0, 0.0, 1.0],
                [0.036412, -0.951835, -0.304441, -0.0, -0.074739, -0.306384, 0.94897, 0.4, -0.996538, -0.0118, -0.082295, 0.0, 0.0, 0.0, 0.0, 1.0],
                [-0.007939, -0.952498, -0.304441, 0.0, -0.088921, -0.302572, 0.94897, 0.4, -0.996007, 0.034605, -0.082295, -0.0, 0.0, 0.0, 0.0, 1.0]
            ]
        },
        {
            "name": "Arm_L",
            "time": [0.0, 0.1667, 0.3667, 0.55, 0.8],
            "transform": [
                [0.004253, 0.945891, 0.324457, 0.0, -0.928332, 0.124347, -0.350339, 0.39386, -0.371728, -0.299714, 0.878629, -0.0, 0.0, 0.0, 0.0, 1.0],
                [0.477036, 0.167013, 0.862869, -0.0, 0.070274, 0.971387, -0.226868, 0.39386, -0.87607, 0.168862, 0.451649, 0.0, 0.0, 0.0, 0.0, 1.0],
                [0.41587, -0.017494, 0.909256, -0.0, 0.290833, 0.949868, -0.114744, 0.39386, -0.861666, 0.31216, 0.40011, -0.0, 0.0, 0.0, 0.0, 1.0],
                [0.005082, -0.085486, 0.996326, -0.0, -0.5745, 0.815253, 0.07288, 0.39386, -0.818489, -0.57276, -0.044968, -0.0, 0.0, 0.0, 0.0, 1.0],
                [-0.059192, -0.120289, 0.990973, -0.0, -0.723167, 0.689485, 0.040497, 0.39386, -0.688132, -0.714241, -0.127801, -0.0, 0.0, 0.0, 0.0, 1.0]
            ]
        },
        {
            "name": "Hand_L",
            "time": [0.0, 0.1667, 0.3667, 0.55, 0.8],
            "transform": [
                [0.99991, 0.013352, -0.001578, 0.0, -0.012582, 0.887892, -0.45988, 0.3, -0.004739, 0.459858, 0.88798, 0.0, 0.0, 0.0, 0.0, 1.0],
                [0.99991, 0.013352, -0.001578, -0.0, -0.012582, 0.887892, -0.45988, 0.3, -0.004739, 0.459858, 0.88798, -0.0, 0.0, 0.0, 0.0, 1.0],
                [0.99991, 0.013352, -0.001578, 0.0, -0.012582, 0.887892, -0.45988, 0.3, -0.004739, 0.459858, 0.88798, -0.0, 0.0, 0.0, 0.0, 1.0],
                [0.99991, 0.012066, -0.005931, -0.0, -0.012582, 0.684299, -0.729093, 0.3, -0.004739, 0.729102, 0.684389, 0.0, 0.0, 0.0, 0.0, 1.0],
                [0.99991, 0.01158, -0.006832, 0.0, -0.012582, 0.626789, -0.779088, 0.3, -0.004739, 0.779103, 0.626878, 0.0, 0.0, 0.0, 0.0, 1.0]
            ]
        },
        {
            "name": "Tool_L",
            "time": [0.0, 0.1667, 0.3667, 0.55, 0.8],
            "transform": [
                [0.998658, 0.039723, -0.033233, -0.012677, 0.043929, -0.98956, 0.137266, 0.208813, -0.027417, -0.138471, -0.989393, 0.160811, 0.0, 0.0, 0.0, 1.0],
                [0.998658, 0.039723, -0.033233, -0.012677, 0.043929, -0.98956, 0.137266, 0.208813, -0.027417, -0.138471, -0.989393, 0.160811, 0.0, 0.0, 0.0, 1.0],
                [0.998658, 0.039723, -0.033233, -0.012677, 0.043929, -0.98956, 0.137266, 0.208813, -0.027417, -0.138471, -0.989393, 0.160811, 0.0, 0.0, 0.0, 1.0],
                [0.998658, 0.039723, -0.033233, -0.012677, 0.043929, -0.98956, 0.137266, 0.208813, -0.027417, -0.13847, -0.989393, 0.160811, 0.0, 0.0, 0.0, 1.0],
                [0.998658, 0.039723, -0.033233, -0.012677, 0.043929, -0.98956, 0.137266, 0.208813, -0.027417, -0.138471, -0.989393, 0.160811, 0.0, 0.0, 0.0, 1.0]
            ]
        },
        {
            "name": "Elbow_L",
            "time": [0.0, 0.1667, 0.3667, 0.55, 0.8],
            "transform": [
                [-0.999641, -0.004744, -0.026384, -0.001644, 0.023045, 0.350725, -0.936195, 0.298484, 0.013695, -0.936467, -0.35049, -0.001028, 0.0, 0.0, 0.0, 1.0],
                [-0.999641, -0.004744, -0.026384, -0.001644, 0.023045, 0.350725, -0.936195, 0.298484, 0.013695, -0.936467, -0.350489, -0.001028, 0.0, 0.0, 0.0, 1.0],
                [-0.999641, -0.004744, -0.026384, -0.001644, 0.023045, 0.350725, -0.936195, 0.298484, 0.013695, -0.936467, -0.350489, -0.001028, 0.0, 0.0, 0.0, 1.0],
                [-0.999641, -0.004744, -0.026384, -0.001644, 0.023045, 0.350725, -0.936195, 0.298484, 0.013695, -0.936467, -0.350489, -0.001028, 0.0, 0.0, 0.0, 1.0],
                [-0.999641, -0.004744, -0.026384, -0.001644, 0.023045, 0.350725, -0.936195, 0.298484, 0.013695, -0.936467, -0.350489, -0.001028, 0.0, 0.0, 0.0, 1.0]
            ]
        }
    ]
}