{
    "animation": [
        {
            "name": "Root",
            "time": [0.0, 0.2667, 0.8333, 0.9833, 2.4167, 3.1],
            "transform": [
                [0.854689, 0.0, -0.51914, -5e-06, -0.51914, 0.0, -0.854689, 0.000946, 0.0, 1.0, 0.0, 0.734337, 0.0, 0.0, 0.0, 1.0],
                [0.854689, -0.0, -0.51914, -5e-06, -0.512643, 0.157716, -0.843992, 0.000946, 0.081877, 0.987485, 0.134798, 0.448179, 0.0, 0.0, 0.0, 1.0],
                [0.854689, 0.0, -0.51914, -5e-06, -0.5109, 0.17746, -0.841124, 0.000946, 0.092127, 0.984128, 0.151673, 0.451029, 0.0, 0.0, 0.0, 1.0],
                [0.854689, 0.0, -0.51914, -5e-06, -0.5109, 0.17746, -0.841124, 0.000946, 0.092127, 0.984128, 0.151673, 0.451029, 0.0, 0.0, 0.0, 1.0],
                [0.854689, 0.0, -0.51914, -5e-06, -0.5109, 0.17746, -0.841124, 0.000946, 0.092127, 0.984128, 0.151673, 0.451029, 0.0, 0.0, 0.0, 1.0],
                [0.854689, 0.0, -0.51914, -5e-06, -0.51914, 0.0, -0.854689, 0.000946, 0.0, 1.0, 0.0, 0.734337, 0.0, 0.0, 0.0, 1.0]
            ]
        },
        {
            "name": "Thigh_R",
            "time": [0.0, 0.2667, 0.8333, 0.9833, 2.4167, 2.75, 3.1],
            "transform": [
                [0.984651, 0.173938, 0.014417, 0.124994, 0.174461, -0.983273, -0.052289, -0.002831, 0.005081, 0.054002, -0.998528, -1.2e-05, 0.0, 0.0, 0.0, 1.0],
                [0.918758, 0.328365, -0.219226, 0.124994, 0.394709, -0.777159, 0.490128, -0.002831, -0.009433, -0.536838, -0.843632, -1.2e-05, 0.0, 0.0, 0.0, 1.0],
                [0.906771, 0.388241, -0.164419, 0.124994, 0.421527, -0.843097, 0.333916, -0.002831, -0.008981, -0.372092, -0.928153, -1.2e-05, 0.0, 0.0, 0.0, 1.0],
                [0.906771, 0.388241, -0.164419, 0.124994, 0.421527, -0.843097, 0.333916, -0.002831, -0.008981, -0.372092, -0.928153, -1.2e-05, 0.0, 0.0, 0.0, 1.0],
                [0.906771, 0.388241, -0.164419, 0.124994, 0.421527, -0.843097, 0.333916, -0.002831, -0.008981, -0.372092, -0.928153, -1.2e-05, 0.0, 0.0, 0.0, 1.0],
                [0.952282, 0.244399, -0.182833, 0.124994, 0.304777, -0.793649, 0.526526, -0.002831, -0.016424, -0.557123, -0.830267, -1.2e-05, 0.0, 0.0, 0.0, 1.0],
                [0.984651, 0.173938, 0.014417, 0.124994, 0.174461, -0.983273, -0.052289, -0.002831, 0.005081, 0.054002, -0.998528, -1.2e-05, 0.0, 0.0, 0.0, 1.0]
            ]
        },
        {
            "name": "Leg_R",
            "time": [0.0, 0.2667, 0.8333, 0.9833, 2.4167, 2.75, 3.1],
            "transform": [
                [0.998294, -0.058101, -0.005717, -0.0, 0.058095, 0.978904, 0.195889, 0.37472, -0.005785, -0.195888, 0.980609, 0.0, 0.0, 0.0, 0.0, 1.0],
                [0.998295, 0.016335, -0.05605, -0.0, 0.058094, -0.373081, 0.925977, 0.37472, -0.005785, -0.927656, -0.373393, -0.0, 0.0, 0.0, 0.0, 1.0],
                [0.998294, 0.006316, -0.058039, -0.0, 0.058094, -0.205987, 0.976828, 0.37472, -0.005785, -0.978535, -0.206002, -0.0, 0.0, 0.0, 0.0, 1.0],
                [0.998294, 0.006316, -0.058039, -0.0, 0.058094, -0.205987, 0.976828, 0.37472, -0.005785, -0.978535, -0.206002, -0.0, 0.0, 0.0, 0.0, 1.0],
                [0.998294, 0.006316, -0.058039, -0.0, 0.058094, -0.205987, 0.976828, 0.37472, -0.005785, -0.978535, -0.206002, -0.0, 0.0, 0.0, 0.0, 1.0],
                [0.998294, -0.020865, -0.054526, -0.0, 0.058094, 0.262482, 0.963186, 0.37472, -0.005785, -0.964712, 0.263246, -0.0, 0.0, 0.0, 0.0, 1.0],
                [0.998294, -0.058101, -0.005717, -0.0, 0.058095, 0.978904, 0.195889, 0.37472, -0.005785, -0.195888, 0.980609, 0.0, 0.0, 0.0, 0.0, 1.0]
            ]
        },
        {
            "name": "Knee_R",
            "time": [0.0, 0.2667, 0.8333, 0.9833, 2.4167, 3.1],
            "transform": [
                [1.0, 0.0, -0.0, -0.0, -0.0, 1e-06, -1.0, 0.37472, -0.0, 1.0, 1e-06, 0.0, 0.0, 0.0, 0.0, 1.0],
                [1.0, 0.0, -0.0, -0.0, -0.0, 1e-06, -1.0, 0.37472, -0.0, 1.0, 1e-06, -0.0, 0.0, 0.0, 0.0, 1.0],
                [1.0, 0.0, -0.0, -0.0, -0.0, 1e-06, -1.0, 0.37472, -0.0, 1.0, 1e-06, -0.0, 0.0, 0.0, 0.0, 1.0],
                [1.0, 0.0, -0.0, -0.0, -0.0, 1e-06, -1.0, 0.37472, -0.0, 1.0, 1e-06, -0.0, 0.0, 0.0, 0.0, 1.0],
                [1.0, 0.0, -0.0, -0.0, -0.0, 1e-06, -1.0, 0.37472, -0.0, 1.0, 1e-06, -0.0, 0.0, 0.0, 0.0, 1.0],
                [1.0, 0.0, -0.0, -0.0, -0.0, 1e-06, -1.0, 0.37472, -0.0, 1.0, 1e-06, 0.0, 0.0, 0.0, 0.0, 1.0]
            ]
        },
        {
            "name": "Thigh_L",
            "time": [0.0, 0.2667, 0.8333, 0.9833, 2.4167, 3.1],
            "transform": [
                [0.784702, -0.303887, -0.540272, -0.109662, -0.081415, -0.914563, 0.396164, -0.002831, -0.614502, -0.266885, -0.742401, 0.02525, 0.0, 0.0, 0.0, 1.0],
                [0.784702, -0.609611, 0.112321, -0.109662, -0.081415, 0.078273, 0.993602, -0.002831, -0.614502, -0.788827, 0.011789, 0.02525, 0.0, 0.0, 0.0, 1.0],
                [0.784702, -0.613254, 0.090339, -0.109662, -0.081415, 0.042512, 0.995773, -0.002831, -0.614502, -0.788741, -0.016569, 0.02525, 0.0, 0.0, 0.0, 1.0],
                [0.784702, -0.613254, 0.090339, -0.109662, -0.081415, 0.042512, 0.995773, -0.002831, -0.614502, -0.788741, -0.016569, 0.02525, 0.0, 0.0, 0.0, 1.0],
                [0.784702, -0.613254, 0.090339, -0.109662, -0.081415, 0.042512, 0.995773, -0.002831, -0.614502, -0.788741, -0.016569, 0.02525, 0.0, 0.0, 0.0, 1.0],
                [0.784702, -0.303887, -0.540272, -0.109662, -0.081415, -0.914563, 0.396164, -0.002831, -0.614502, -0.266885, -0.742401, 0.02525, 0.0, 0.0, 0.0, 1.0]
            ]
        },
        {
            "name": "Leg_L",
            "time": [0.0, 0.2667, 0.8333, 0.9833, 2.4167, 2.75, 3.1],
            "transform": [
                [0.997933, 0.05815, 0.027369, 0.0, -0.064028, 0.936412, 0.345012, 0.37472, -0.005566, -0.34605, 0.9382, -0.0, 0.0, 0.0, 0.0, 1.0],
                [0.997933, 0.001798, 0.064244, -0.0, -0.064028, 0.114388, 0.991371, 0.37472, -0.005567, -0.993434, 0.114267, 0.0, 0.0, 0.0, 0.0, 1.0],
                [0.997933, 0.011048, 0.063313, 0.0, -0.064028, 0.25622, 0.964496, 0.37472, -0.005567, -0.966555, 0.256398, 0.0, 0.0, 0.0, 0.0, 1.0],
                [0.997933, 0.011048, 0.063313, 0.0, -0.064028, 0.25622, 0.964496, 0.37472, -0.005567, -0.966555, 0.256398, 0.0, 0.0, 0.0, 0.0, 1.0],
                [0.997933, 0.011048, 0.063313, 0.0, -0.064028, 0.25622, 0.964496, 0.37472, -0.005567, -0.966555, 0.256398, 0.0, 0.0, 0.0, 0.0, 1.0],
                [0.997933, 0.017953, 0.061711, -0.0, -0.064028, 0.360879, 0.930412, 0.37472, -0.005567, -0.932439, 0.361283, -0.0, 0.0, 0.0, 0.0, 1.0],
                [0.997933, 0.05815, 0.027369, 0.0, -0.064028, 0.936412, 0.345012, 0.37472, -0.005566, -0.34605, 0.9382, -0.0, 0.0, 0.0, 0.0, 1.0]
            ]
        },
        {
            "name": "Knee_L",
            "time": [0.0, 0.2667, 0.8333, 0.9833, 2.4167, 3.1],
            "transform": [
                [1.0, 0.0, -0.0, 0.0, -0.0, 1e-06, -1.0, 0.37472, -0.0, 1.0, 1e-06, -0.0, 0.0, 0.0, 0.0, 1.0],
                [1.0, 0.0, -0.0, -0.0, -0.0, 1e-06, -1.0, 0.37472, -0.0, 1.0, 1e-06, 0.0, 0.0, 0.0, 0.0, 1.0],
                [1.0, 0.0, -0.0, 0.0, -0.0, 1e-06, -1.0, 0.37472, -0.0, 1.0, 1e-06, 0.0, 0.0, 0.0, 0.0, 1.0],
                [1.0, 0.0, -0.0, 0.0, -0.0, 1e-06, -1.0, 0.37472, -0.0, 1.0, 1e-06, 0.0, 0.0, 0.0, 0.0, 1.0],
                [1.0, 0.0, -0.0, 0.0, -0.0, 1e-06, -1.0, 0.37472, -0.0, 1.0, 1e-06, 0.0, 0.0, 0.0, 0.0, 1.0],
                [1.0, 0.0, -0.0, 0.0, -0.0, 1e-06, -1.0, 0.37472, -0.0, 1.0, 1e-06, -0.0, 0.0, 0.0, 0.0, 1.0]
            ]
        },
        {
            "name": "Torso",
            "time": [0.0, 0.2667, 0.8333, 0.9833, 2.4167, 3.1],
            "transform": [
                [0.965662, -0.025127, 0.258583, -0.0, 0.020968, 0.999603, 0.018828, 0.05, -0.258953, -0.012759, 0.965806, 0.0, 0.0, 0.0, 0.0, 1.0],
                [0.965662, -0.022444, 0.258829, 0.0, 0.020968, 0.999744, 0.008461, 0.05, -0.258953, -0.002744, 0.965886, -0.0, 0.0, 0.0, 0.0, 1.0],
                [0.965662, -0.025127, 0.258583, -0.0, 0.020968, 0.999603, 0.018828, 0.05, -0.258953, -0.012759, 0.965806, -0.0, 0.0, 0.0, 0.0, 1.0],
                [0.965662, -0.025127, 0.258583, -0.0, 0.020968, 0.999603, 0.018828, 0.05, -0.258953, -0.012759, 0.965806, -0.0, 0.0, 0.0, 0.0, 1.0],
                [0.965662, -0.025127, 0.258583, -0.0, 0.020968, 0.999603, 0.018828, 0.05, -0.258953, -0.012759, 0.965806, -0.0, 0.0, 0.0, 0.0, 1.0],
                [0.965662, -0.025127, 0.258583, -0.0, 0.020968, 0.999603, 0.018828, 0.05, -0.258953, -0.012759, 0.965806, 0.0, 0.0, 0.0, 0.0, 1.0]
            ]
        },
        {
            "name": "Chest",
            "time": [0.0, 0.2667, 0.6333, 0.8333, 0.9833, 1.1333, 1.2333, 1.3667, 1.5167, 1.6833, 1.7833, 1.9167, 2.0667, 2.4167, 2.75, 3.1],
            "transform": [
                [0.986768, -0.023894, -0.160365, -0.0, 0.026191, 0.999582, 0.012223, 0.3, 0.160006, -0.016261, 0.986982, -0.0, 0.0, 0.0, 0.0, 1.0],
                [0.884807, -0.107159, 0.453469, 0.0, 0.048249, 0.989035, 0.139576, 0.3, -0.463453, -0.101618, 0.880275, -0.0, 0.0, 0.0, 0.0, 1.0],
                [0.847559, -0.002232, 0.530696, 0.0, 0.055304, 0.994918, -0.084139, 0.3, -0.527811, 0.100662, 0.843376, 0.0, 0.0, 0.0, 0.0, 1.0],
                [0.844727, -0.00142, 0.535195, 0.0, 0.064849, 0.9929, -0.09972, 0.3, -0.531254, 0.118944, 0.838822, 0.0, 0.0, 0.0, 0.0, 1.0],
                [0.844727, -0.00142, 0.535195, 0.0, 0.064849, 0.9929, -0.09972, 0.3, -0.531254, 0.118944, 0.838822, 0.0, 0.0, 0.0, 0.0, 1.0],
                [0.842888, 0.005502, 0.538061, 0.0, 0.089223, 0.984676, -0.149839, 0.3, -0.53064, 0.174305, 0.829481, 0.0, 0.0, 0.0, 0.0, 1.0],
                [0.843113, 0.005363, 0.53771, 0.0, 0.085858, 0.985779, -0.144455, 0.3, -0.530838, 0.167959, 0.830663, 0.0, 0.0, 0.0, 0.0, 1.0],
                [0.842888, 0.005502, 0.538061, 0.0, 0.089223, 0.984676, -0.149839, 0.3, -0.53064, 0.174305, 0.829481, 0.0, 0.0, 0.0, 0.0, 1.0],
                [0.843113, 0.005363, 0.53771, 0.0, 0.085858, 0.985779, -0.144455, 0.3, -0.530838, 0.167959, 0.830663, 0.0, 0.0, 0.0, 0.0, 1.0],
                [0.842888, 0.005502, 0.538061, 0.0, 0.089223, 0.984676, -0.149839, 0.3, -0.53064, 0.174305, 0.829481, 0.0, 0.0, 0.0, 0.0, 1.0],
                [0.843113, 0.005363, 0.53771, 0.0, 0.085858, 0.985779, -0.144455, 0.3, -0.530838, 0.167959, 0.830663, 0.0, 0.0, 0.0, 0.0, 1.0],
                [0.842888, 0.005502, 0.538061, 0.0, 0.089223, 0.984676, -0.149839, 0.3, -0.53064, 0.174305, 0.829481, 0.0, 0.0, 0.0, 0.0, 1.0],
                [0.843113, 0.005363, 0.53771, 0.0, 0.085858, 0.985779, -0.144455, 0.3, -0.530838, 0.167959, 0.830663, 0.0, 0.0, 0.0, 0.0, 1.0],
                [0.844727, -0.00142, 0.535195, 0.0, 0.064849, 0.9929, -0.09972, 0.3, -0.531254, 0.118944, 0.838822, 0.0, 0.0, 0.0, 0.0, 1.0],
                [0.976267, -0.097808, 0.193225, 0.0, 0.036109, 0.953233, 0.300073, 0.3, -0.213538, -0.285974, 0.934142, 0.0, 0.0, 0.0, 0.0, 1.0],
                [0.986768, -0.023894, -0.160365, -0.0, 0.026191, 0.999582, 0.012223, 0.3, 0.160006, -0.016261, 0.986982, -0.0, 0.0, 0.0, 0.0, 1.0]
            ]
        },
        {
            "name": "Head",
            "time": [0.0, 0.2667, 0.8333, 0.9833, 2.4167, 3.1],
            "transform": [
                [0.907906, 0.03176, 0.417969, -0.0, -0.015014, 0.99895, -0.043293, 0.4, -0.418905, 0.033031, 0.907429, -0.0, 0.0, 0.0, 0.0, 1.0],
                [0.985714, 0.068052, -0.154064, -0.0, -0.073373, 0.996879, -0.029113, 0.4, 0.151602, 0.040002, 0.987632, 0.0, 0.0, 0.0, 0.0, 1.0],
                [0.971506, 0.072105, -0.225781, 0.0, -0.079776, 0.996499, -0.025023, 0.4, 0.223187, 0.042322, 0.973857, 0.0, 0.0, 0.0, 0.0, 1.0],
                [0.971506, 0.072105, -0.225781, 0.0, -0.079776, 0.996499, -0.025023, 0.4, 0.223187, 0.042322, 0.973857, 0.0, 0.0, 0.0, 0.0, 1.0],
                [0.971506, 0.072105, -0.225781, 0.0, -0.079776, 0.996499, -0.025023, 0.4, 0.223187, 0.042322, 0.973857, 0.0, 0.0, 0.0, 0.0, 1.0],
                [0.907906, 0.03176, 0.417969, -0.0, -0.015014, 0.99895, -0.043293, 0.4, -0.418905, 0.033031, 0.907429, -0.0, 0.0, 0.0, 0.0, 1.0]
            ]
        },
        {
            "name": "Shoulder_R",
            "time": [0.0, 0.2667, 0.8333, 0.9833, 2.4167, 3.1],
            "transform": [
                [0.06334, 0.923689, 0.37787, -0.0, -0.094281, -0.371399, 0.923674, 0.4, 0.993528, -0.094132, 0.063562, -0.0, 0.0, 0.0, 0.0, 1.0],
                [0.349556, 0.857336, 0.37787, -0.0, -0.205899, -0.323159, 0.923674, 0.4, 0.914011, -0.400679, 0.063562, 0.0, 0.0, 0.0, 0.0, 1.0],
                [0.383707, 0.842605, 0.37787, 0.0, -0.218712, -0.314628, 0.923674, 0.4, 0.897181, -0.437065, 0.063562, 0.0, 0.0, 0.0, 0.0, 1.0],
                [0.383707, 0.842605, 0.37787, 0.0, -0.218712, -0.314628, 0.923674, 0.4, 0.897181, -0.437065, 0.063562, 0.0, 0.0, 0.0, 0.0, 1.0],
                [0.383707, 0.842605, 0.37787, 0.0, -0.218712, -0.314628, 0.923674, 0.4, 0.897181, -0.437065, 0.063562, 0.0, 0.0, 0.0, 0.0, 1.0],
                [0.06334, 0.923689, 0.37787, -0.0, -0.094281, -0.371399, 0.923674, 0.4, 0.993528, -0.094132, 0.063562, -0.0, 0.0, 0.0, 0.0, 1.0]
            ]
        },
        {
            "name": "Arm_R",
            "time": [0.0, 0.2667, 0.4833, 0.8333, 0.9833, 1.1, 1.2, 1.3333, 1.4833, 1.65, 1.75, 1.8833, 2.0333, 2.4167, 2.75, 3.1],
            "transform": [
                [0.095459, 0.079765, -0.992232, -0.0, 0.832695, 0.539784, 0.123503, 0.39386, 0.545442, -0.838016, -0.014892, -0.0, 0.0, 0.0, 0.0, 1.0],
                [-0.23562, -0.954471, -0.182944, 0.0, -0.539086, 0.284991, -0.79257, 0.39386, 0.808622, -0.088122, -0.581692, -0.0, 0.0, 0.0, 0.0, 1.0],
                [-0.540125, -0.811568, -0.22276, -0.0, -0.629636, 0.565313, -0.532896, 0.39386, 0.558411, -0.147573, -0.816333, 0.0, 0.0, 0.0, 0.0, 1.0],
                [-0.136565, -0.790919, -0.596487, 0.0, -0.349264, 0.601905, -0.71814, 0.393861, 0.927019, 0.110259, -0.358439, 0.0, 0.0, 0.0, 0.0, 1.0],
                [-0.136565, -0.790919, -0.596487, 0.0, -0.349264, 0.601905, -0.71814, 0.393861, 0.927019, 0.110259, -0.358439, 0.0, 0.0, 0.0, 0.0, 1.0],
                [-0.110365, -0.794999, -0.596487, -0.0, -0.368956, 0.59004, -0.71814, 0.39386, 0.922871, 0.14082, -0.358439, 0.0, 0.0, 0.0, 0.0, 1.0],
                [-0.145732, -0.78953, -0.596158, -0.0, -0.342697, 0.605571, -0.718222, 0.393861, 0.928074, 0.099634, -0.358821, -0.0, 0.0, 0.0, 0.0, 1.0],
                [-0.110365, -0.794999, -0.596487, -0.0, -0.368956, 0.59004, -0.71814, 0.39386, 0.922871, 0.14082, -0.358439, 0.0, 0.0, 0.0, 0.0, 1.0],
                [-0.145732, -0.78953, -0.596159, 0.0, -0.342697, 0.605571, -0.718222, 0.393861, 0.928074, 0.099634, -0.358821, 0.0, 0.0, 0.0, 0.0, 1.0],
                [-0.110365, -0.794999, -0.596487, -0.0, -0.368956, 0.59004, -0.71814, 0.393861, 0.922871, 0.14082, -0.358439, 0.0, 0.0, 0.0, 0.0, 1.0],
                [-0.145732, -0.78953, -0.596158, -0.0, -0.342697, 0.605571, -0.718222, 0.393861, 0.928074, 0.099634, -0.358821, -0.0, 0.0, 0.0, 0.0, 1.0],
                [-0.110365, -0.794999, -0.596487, -0.0, -0.368956, 0.59004, -0.71814, 0.39386, 0.922871, 0.14082, -0.358439, 0.0, 0.0, 0.0, 0.0, 1.0],
                [-0.145732, -0.78953, -0.596159, 0.0, -0.342697, 0.605571, -0.718222, 0.393861, 0.928074, 0.099634, -0.358821, -0.0, 0.0, 0.0, 0.0, 1.0],
                [-0.136565, -0.790919, -0.596487, 0.0, -0.349264, 0.601905, -0.71814, 0.393861, 0.927019, 0.110259, -0.358439, 0.0, 0.0, 0.0, 0.0, 1.0],
                [-0.308971, -0.302924, -0.90154, 0.0, 0.549668, 0.716698, -0.429196, 0.39386, 0.776146, -0.628156, -0.054932, -0.0, 0.0, 0.0, 0.0, 1.0],
                [0.095459, 0.079765, -0.992232, -0.0, 0.832695, 0.539784, 0.123503, 0.39386, 0.545442, -0.838016, -0.014892, -0.0, 0.0, 0.0, 0.0, 1.0]
            ]
        },
        {
            "name": "Hand_R",
            "time": [0.0, 0.2667, 0.8333, 0.9833, 2.4167, 2.75, 3.1],
            "transform": [
                [0.999599, -0.023021, -0.016487, 0.0, 0.023395, 0.999464, 0.022904, 0.3, 0.015951, -0.02328, 0.999602, -0.0, 0.0, 0.0, 0.0, 1.0],
                [0.999599, -0.023021, -0.016487, -0.0, 0.023395, 0.999464, 0.022904, 0.3, 0.015951, -0.02328, 0.999602, 0.0, 0.0, 0.0, 0.0, 1.0],
                [0.999599, -0.023021, -0.016487, -0.0, 0.023395, 0.999464, 0.022904, 0.3, 0.015951, -0.02328, 0.999602, 0.0, 0.0, 0.0, 0.0, 1.0],
                [0.999599, -0.023021, -0.016487, -0.0, 0.023395, 0.999464, 0.022904, 0.3, 0.015951, -0.02328, 0.999602, 0.0, 0.0, 0.0, 0.0, 1.0],
                [0.999599, -0.023021, -0.016487, -0.0, 0.023395, 0.999464, 0.022904, 0.3, 0.015951, -0.02328, 0.999602, 0.0, 0.0, 0.0, 0.0, 1.0],
                [0.999599, -0.028155, -0.003014, -0.0, 0.023396, 0.881177, -0.472207, 0.3, 0.015951, 0.471947, 0.881483, 0.0, 0.0, 0.0, 0.0, 1.0],
                [0.999599, -0.023021, -0.016487, 0.0, 0.023395, 0.999464, 0.022904, 0.3, 0.015951, -0.02328, 0.999602, -0.0, 0.0, 0.0, 0.0, 1.0]
            ]
        },
        {
            "name": "Tool_R",
            "time": [0.0, 0.2667, 0.8333, 0.9833, 2.4167, 3.1],
            "transform": [
                [0.999822, 0.009713, 0.016189, -0.017311, 0.006818, -0.985396, 0.17014, 0.36637, 0.017595, -0.169909, -0.984702, 0.051121, 0.0, 0.0, 0.0, 1.0],
                [0.999822, 0.009713, 0.016189, -0.017312, 0.006818, -0.985396, 0.17014, 0.36637, 0.017595, -0.169909, -0.984702, 0.051121, 0.0, 0.0, 0.0, 1.0],
                [0.999822, 0.009713, 0.016189, -0.017312, 0.006818, -0.985396, 0.17014, 0.36637, 0.017595, -0.169909, -0.984702, 0.051121, 0.0, 0.0, 0.0, 1.0],
                [0.999822, 0.009713, 0.016189, -0.017312, 0.006818, -0.985396, 0.17014, 0.36637, 0.017595, -0.169909, -0.984702, 0.051121, 0.0, 0.0, 0.0, 1.0],
                [0.999822, 0.009713, 0.016189, -0.017312, 0.006818, -0.985396, 0.17014, 0.36637, 0.017595, -0.169909, -0.984702, 0.051121, 0.0, 0.0, 0.0, 1.0],
                [0.999822, 0.009713, 0.016189, -0.017311, 0.006818, -0.985396, 0.17014, 0.36637, 0.017595, -0.169909, -0.984702, 0.051121, 0.0, 0.0, 0.0, 1.0]
            ]
        },
        {
            "name": "Elbow_R",
            "time": [0.0, 0.2667, 0.8333, 0.9833, 2.4167, 3.1],
            "transform": [
                [-1.0, 0.0, 0.0, -0.0, -0.0, -0.139408, -0.990235, 0.335189, -0.0, -0.990235, 0.139408, -0.005621, 0.0, 0.0, 0.0, 1.0],
                [-1.0, 0.0, 0.0, -0.0, -0.0, -0.139408, -0.990235, 0.335189, -0.0, -0.990235, 0.139409, -0.005621, 0.0, 0.0, 0.0, 1.0],
                [-1.0, 0.0, 0.0, -0.0, -0.0, -0.139408, -0.990235, 0.335189, -0.0, -0.990235, 0.139408, -0.005621, 0.0, 0.0, 0.0, 1.0],
                [-1.0, 0.0, 0.0, -0.0, -0.0, -0.139408, -0.990235, 0.335189, -0.0, -0.990235, 0.139408, -0.005621, 0.0, 0.0, 0.0, 1.0],
                [-1.0, 0.0, 0.0, -0.0, -0.0, -0.139408, -0.990235, 0.335189, -0.0, -0.990235, 0.139408, -0.005621, 0.0, 0.0, 0.0, 1.0],
                [-1.0, 0.0, 0.0, -0.0, -0.0, -0.139408, -0.990235, 0.335189, -0.0, -0.990235, 0.139408, -0.005621, 0.0, 0.0, 0.0, 1.0]
            ]
        },
        {
            "name": "Shoulder_L",
            "time": [0.0, 0.2667, 0.8333, 0.9833, 2.4167, 3.1],
            "transform": [
                [-0.007939, -0.952498, -0.304441, -0.0, -0.088921, -0.302572, 0.94897, 0.4, -0.996007, 0.034605, -0.082295, -0.0, 0.0, 0.0, 0.0, 1.0],
                [0.674176, -0.672905, -0.304441, -0.0, 0.153636, -0.275414, 0.948969, 0.4, -0.722414, -0.686546, -0.082295, 0.0, 0.0, 0.0, 0.0, 1.0],
                [0.736787, -0.603706, -0.304441, 0.0, 0.179849, -0.259059, 0.948969, 0.4, -0.651766, -0.753942, -0.082295, 0.0, 0.0, 0.0, 0.0, 1.0],
                [0.736787, -0.603706, -0.304441, 0.0, 0.179849, -0.259059, 0.948969, 0.4, -0.651766, -0.753942, -0.082295, 0.0, 0.0, 0.0, 0.0, 1.0],
                [0.736787, -0.603706, -0.304441, 0.0, 0.179849, -0.259059, 0.948969, 0.4, -0.651766, -0.753942, -0.082295, 0.0, 0.0, 0.0, 0.0, 1.0],
                [-0.007939, -0.952498, -0.304441, -0.0, -0.088921, -0.302572, 0.94897, 0.4, -0.996007, 0.034605, -0.082295, -0.0, 0.0, 0.0, 0.0, 1.0]
            ]
        },
        {
            "name": "Arm_L",
            "time": [0.0, 0.2667, 0.4833, 0.8333, 0.9833, 2.4167, 3.1],
            "transform": [
                [-0.146701, -0.409837, 0.900284, -0.0, -0.980855, 0.178104, -0.078752, 0.39386, -0.128068, -0.894602, -0.428119, -0.0, 0.0, 0.0, 0.0, 1.0],
                [-0.202543, 0.978535, -0.038021, -0.0, -0.924535, -0.203876, -0.321979, 0.39386, -0.322819, -0.030063, 0.945983, -0.0, 0.0, 0.0, 0.0, 1.0],
                [0.004253, 0.945891, 0.324457, -0.0, -0.928332, 0.124347, -0.350339, 0.39386, -0.371728, -0.299714, 0.878629, 0.0, 0.0, 0.0, 0.0, 1.0],
                [-0.220107, 0.773677, 0.594118, -0.0, -0.93902, -0.0031, -0.343848, 0.39386, -0.264186, -0.633572, 0.727181, -0.0, 0.0, 0.0, 0.0, 1.0],
                [-0.220107, 0.773677, 0.594118, -0.0, -0.93902, -0.0031, -0.343848, 0.39386, -0.264186, -0.633572, 0.727181, -0.0, 0.0, 0.0, 0.0, 1.0],
                [-0.220107, 0.773677, 0.594118, -0.0, -0.93902, -0.0031, -0.343848, 0.39386, -0.264186, -0.633572, 0.727181, -0.0, 0.0, 0.0, 0.0, 1.0],
                [-0.146701, -0.409837, 0.900284, -0.0, -0.980855, 0.178104, -0.078752, 0.39386, -0.128068, -0.894602, -0.428119, -0.0, 0.0, 0.0, 0.0, 1.0]
            ]
        },
        {
            "name": "Hand_L",
            "time": [0.0, 0.2667, 0.8333, 0.9833, 2.4167, 3.1],
            "transform": [
                [0.99991, 0.013352, -0.001578, 0.0, -0.012582, 0.887892, -0.45988, 0.3, -0.004739, 0.459858, 0.88798, 0.0, 0.0, 0.0, 0.0, 1.0],
                [0.99991, 0.013352, -0.001578, -0.0, -0.012582, 0.887892, -0.45988, 0.3, -0.004739, 0.459858, 0.88798, -0.0, 0.0, 0.0, 0.0, 1.0],
                [0.99991, 0.013352, -0.001578, 0.0, -0.012582, 0.887892, -0.45988, 0.3, -0.004739, 0.459858, 0.88798, -0.0, 0.0, 0.0, 0.0, 1.0],
                [0.99991, 0.013352, -0.001578, 0.0, -0.012582, 0.887892, -0.45988, 0.3, -0.004739, 0.459858, 0.88798, -0.0, 0.0, 0.0, 0.0, 1.0],
                [0.99991, 0.013352, -0.001578, 0.0, -0.012582, 0.887892, -0.45988, 0.3, -0.004739, 0.459858, 0.88798, -0.0, 0.0, 0.0, 0.0, 1.0],
                [0.99991, 0.013352, -0.001578, 0.0, -0.012582, 0.887892, -0.45988, 0.3, -0.004739, 0.459858, 0.88798, 0.0, 0.0, 0.0, 0.0, 1.0]
            ]
        },
        {
            "name": "Tool_L",
            "time": [0.0, 0.2667, 0.8333, 0.9833, 2.4167, 3.1],
            "transform": [
                [0.998658, 0.039723, -0.033233, -0.012677, 0.043929, -0.98956, 0.137266, 0.208813, -0.027417, -0.138471, -0.989393, 0.160811, 0.0, 0.0, 0.0, 1.0],
                [0.998658, 0.039723, -0.033233, -0.012677, 0.043929, -0.98956, 0.137266, 0.208813, -0.027417, -0.138471, -0.989393, 0.160811, 0.0, 0.0, 0.0, 1.0],
                [0.998658, 0.039723, -0.033233, -0.012677, 0.043929, -0.98956, 0.137266, 0.208813, -0.027417, -0.138471, -0.989393, 0.160811, 0.0, 0.0, 0.0, 1.0],
                [0.998658, 0.039723, -0.033233, -0.012677, 0.043929, -0.98956, 0.137266, 0.208813, -0.027417, -0.138471, -0.989393, 0.160811, 0.0, 0.0, 0.0, 1.0],
                [0.998658, 0.039723, -0.033233, -0.012677, 0.043929, -0.98956, 0.137266, 0.208813, -0.027417, -0.138471, -0.989393, 0.160811, 0.0, 0.0, 0.0, 1.0],
                [0.998658, 0.039723, -0.033233, -0.012677, 0.043929, -0.98956, 0.137266, 0.208813, -0.027417, -0.138471, -0.989393, 0.160811, 0.0, 0.0, 0.0, 1.0]
            ]
        },
        {
            "name": "Elbow_L",
            "time": [0.0, 0.2667, 0.8333, 0.9833, 2.4167, 3.1],
            "transform": [
                [-0.999641, -0.004744, -0.026384, -0.001644, 0.023045, 0.350725, -0.936195, 0.298484, 0.013695, -0.936467, -0.350489, -0.001028, 0.0, 0.0, 0.0, 1.0],
                [-0.999641, -0.004744, -0.026384, -0.001644, 0.023045, 0.350725, -0.936195, 0.298484, 0.013695, -0.936467, -0.350489, -0.001028, 0.0, 0.0, 0.0, 1.0],
                [-0.999641, -0.004744, -0.026384, -0.001644, 0.023045, 0.350725, -0.936195, 0.298484, 0.013695, -0.936467, -0.350489, -0.001028, 0.0, 0.0, 0.0, 1.0],
                [-0.999641, -0.004744, -0.026384, -0.001644, 0.023045, 0.350725, -0.936195, 0.298484, 0.013695, -0.936467, -0.350489, -0.001028, 0.0, 0.0, 0.0, 1.0],
                [-0.999641, -0.004744, -0.026384, -0.001644, 0.023045, 0.350725, -0.936195, 0.298484, 0.013695, -0.936467, -0.350489, -0.001028, 0.0, 0.0, 0.0, 1.0],
                [-0.999641, -0.004744, -0.026384, -0.001644, 0.023045, 0.350725, -0.936195, 0.298484, 0.013695, -0.936467, -0.350489, -0.001028, 0.0, 0.0, 0.0, 1.0]
            ]
        }
    ]
}