{
    "animation": [
        {
            "name": "Root",
            "time": [0.0, 0.0833, 0.1667, 0.2667, 0.3333, 0.4, 0.4833, 0.5667, 0.65, 1.0833, 1.2167, 1.3667, 1.5333],
            "transform": [
                [0.854689, 0.0, -0.51914, -5e-06, -0.51914, 0.0, -0.854689, 0.000946, 0.0, 1.0, 0.0, 0.734337, 0.0, 0.0, 0.0, 1.0],
                [0.854689, -0.0, -0.51914, -5e-06, -0.519127, 0.007141, -0.854668, 0.000946, 0.003707, 0.999974, 0.006104, 0.728528, 0.0, 0.0, 0.0, 1.0],
                [0.854689, -0.0, -0.51914, -5e-06, -0.518977, 0.02506, -0.854421, 0.000946, 0.01301, 0.999686, 0.021418, 0.713955, 0.0, 0.0, 0.0, 1.0],
                [0.854689, -0.0, -0.51914, -5e-06, -0.518478, 0.050466, -0.8536, 0.000946, 0.026199, 0.998726, 0.043132, 0.693281, 0.0, 0.0, 0.0, 1.0],
                [0.854689, -0.0, -0.51914, -5e-06, -0.518174, 0.060969, -0.853099, 0.000946, 0.031651, 0.99814, 0.052109, 0.684726, 0.0, 0.0, 0.0, 1.0],
                [0.854689, -0.0, -0.51914, -5e-06, -0.518021, 0.065626, -0.852847, 0.000946, 0.034069, 0.997844, 0.056089, 0.680932, 0.0, 0.0, 0.0, 1.0],
                [0.854689, 0.0, -0.51914, -5e-06, -0.517909, 0.068816, -0.852663, 0.000946, 0.035725, 0.997629, 0.058816, 0.678331, 0.0, 0.0, 0.0, 1.0],
                [0.854689, -0.0, -0.51914, -5e-06, -0.517852, 0.070384, -0.85257, 0.000946, 0.036539, 0.99752, 0.060156, 0.677053, 0.0, 0.0, 0.0, 1.0],
                [0.854689, 0.0, -0.51914, -5e-06, -0.517839, 0.070736, -0.852548, 0.000946, 0.036722, 0.997495, 0.060457, 0.676765, 0.0, 0.0, 0.0, 1.0],
                [0.854689, 0.0, -0.51914, -5e-06, -0.517839, 0.070736, -0.852548, 0.000946, 0.036722, 0.997495, 0.060457, 0.676765, 0.0, 0.0, 0.0, 1.0],
                [0.854689, -0.0, -0.51914, -5e-06, -0.518292, 0.057124, -0.853294, 0.000946, 0.029655, 0.998367, 0.048824, 0.687858, 0.0, 0.0, 0.0, 1.0],
                [0.854689, 0.0, -0.51914, -5e-06, -0.518989, 0.024128, -0.854441, 0.000946, 0.012526, 0.999709, 0.020622, 0.714713, 0.0, 0.0, 0.0, 1.0],
                [0.854689, 0.0, -0.51914, -5e-06, -0.51914, 0.0, -0.854689, 0.000946, 0.0, 1.0, 0.0, 0.734337, 0.0, 0.0, 0.0, 1.0]
            ]
        },
        {
            "name": "Thigh_R",
            "time": [0.0, 0.0833, 0.1667, 0.2667, 0.3333, 0.4, 0.4833, 0.5667, 0.65, 1.0833, 1.2167, 1.3667, 1.5333],
            "transform": [
                [0.984651, 0.173938, 0.014417, 0.124994, 0.174461, -0.983273, -0.052289, -0.002831, 0.005081, 0.054002, -0.998528, -1.2e-05, 0.0, 0.0, 0.0, 1.0],
                [0.980482, 0.194895, 0.025877, 0.124994, 0.195638, -0.980209, -0.030182, -0.002831, 0.019482, 0.034656, -0.99921, -1.2e-05, 0.0, 0.0, 0.0, 1.0],
                [0.967292, 0.248155, 0.052567, 0.124994, 0.247059, -0.968635, 0.026531, -0.002831, 0.057502, -0.012676, -0.998265, -1.2e-05, 0.0, 0.0, 0.0, 1.0],
                [0.942059, 0.324523, 0.084907, 0.124994, 0.314947, -0.942811, 0.109138, -0.002831, 0.115469, -0.076072, -0.990394, -1.2e-05, 0.0, 0.0, 0.0, 1.0],
                [0.929483, 0.356082, 0.096258, 0.124994, 0.341017, -0.929005, 0.143713, -0.002831, 0.140598, -0.100753, -0.984927, -1.2e-05, 0.0, 0.0, 0.0, 1.0],
                [0.923524, 0.370029, 0.100898, 0.124994, 0.352168, -0.922317, 0.159075, -0.002831, 0.151922, -0.111376, -0.982097, -1.2e-05, 0.0, 0.0, 0.0, 1.0],
                [0.919309, 0.379561, 0.103936, 0.124994, 0.359657, -0.917539, 0.169603, -0.002831, 0.15974, -0.118536, -0.980017, -1.2e-05, 0.0, 0.0, 0.0, 1.0],
                [0.917199, 0.384238, 0.105386, 0.124994, 0.363292, -0.915133, 0.174777, -0.002831, 0.163598, -0.122019, -0.978952, -1.2e-05, 0.0, 0.0, 0.0, 1.0],
                [0.916721, 0.385289, 0.105709, 0.124994, 0.364106, -0.914586, 0.175941, -0.002831, 0.164468, -0.122799, -0.978709, -1.2e-05, 0.0, 0.0, 0.0, 1.0],
                [0.916721, 0.385289, 0.105709, 0.124994, 0.364106, -0.914586, 0.175941, -0.002831, 0.164468, -0.122799, -0.978709, -1.2e-05, 0.0, 0.0, 0.0, 1.0],
                [0.934227, 0.344543, 0.092245, 0.124994, 0.33162, -0.934266, 0.131042, -0.002831, 0.131331, -0.091832, -0.987076, -1.2e-05, 0.0, 0.0, 0.0, 1.0],
                [0.968074, 0.245367, 0.051255, 0.124994, 0.244451, -0.969374, 0.023543, -0.002831, 0.055462, -0.010262, -0.998408, -1.2e-05, 0.0, 0.0, 0.0, 1.0],
                [0.984651, 0.173938, 0.014417, 0.124994, 0.174461, -0.983273, -0.052289, -0.002831, 0.005081, 0.054002, -0.998528, -1.2e-05, 0.0, 0.0, 0.0, 1.0]
            ]
        },
        {
            "name": "Leg_R",
            "time": [0.0, 0.0833, 0.1667, 0.2667, 0.3333, 0.4, 0.4833, 0.5667, 0.65, 1.0833, 1.2167, 1.3667, 1.5333],
            "transform": [
                [0.998294, -0.058101, -0.005717, -0.0, 0.058095, 0.978904, 0.195889, 0.37472, -0.005785, -0.195888, 0.980609, 0.0, 0.0, 0.0, 0.0, 1.0],
                [0.998294, -0.057787, -0.008313, 0.0, 0.058095, 0.969152, 0.23952, 0.37472, -0.005785, -0.239595, 0.970855, 0.0, 0.0, 0.0, 0.0, 1.0],
                [0.998294, -0.05648, -0.014779, -0.0, 0.058094, 0.93594, 0.347335, 0.37472, -0.005785, -0.347602, 0.937624, -0.0, 0.0, 0.0, 0.0, 1.0],
                [0.998295, -0.053382, -0.023639, 0.0, 0.058094, 0.868187, 0.492827, 0.37472, -0.005785, -0.49336, 0.869806, 0.0, 0.0, 0.0, 0.0, 1.0],
                [0.998294, -0.051697, -0.027126, -0.0, 0.058094, 0.833599, 0.549307, 0.37472, -0.005785, -0.549947, 0.835179, 0.0, 0.0, 0.0, 0.0, 1.0],
                [0.998294, -0.050879, -0.028631, -0.0, 0.058094, 0.817132, 0.573516, 0.37472, -0.005785, -0.574202, 0.818693, 0.0, 0.0, 0.0, 0.0, 1.0],
                [0.998294, -0.050295, -0.029645, -0.0, 0.058094, 0.805469, 0.589785, 0.37472, -0.005785, -0.590502, 0.807015, 0.0, 0.0, 0.0, 0.0, 1.0],
                [0.998294, -0.050001, -0.030139, 0.0, 0.058094, 0.799625, 0.597683, 0.37472, -0.005785, -0.598415, 0.801165, -0.0, 0.0, 0.0, 0.0, 1.0],
                [0.998294, -0.049934, -0.030249, -0.0, 0.058094, 0.798301, 0.59945, 0.37472, -0.005785, -0.600186, 0.799839, 0.0, 0.0, 0.0, 0.0, 1.0],
                [0.998294, -0.049934, -0.030249, -0.0, 0.058094, 0.798301, 0.59945, 0.37472, -0.005785, -0.600186, 0.799839, 0.0, 0.0, 0.0, 0.0, 1.0],
                [0.998295, -0.05234, -0.025864, 0.0, 0.058095, 0.846679, 0.528924, 0.37472, -0.005785, -0.529526, 0.848274, 0.0, 0.0, 0.0, 0.0, 1.0],
                [0.998294, -0.056566, -0.014446, 0.0, 0.058094, 0.937973, 0.341808, 0.37472, -0.005785, -0.342065, 0.939658, -0.0, 0.0, 0.0, 0.0, 1.0],
                [0.998294, -0.058101, -0.005717, -0.0, 0.058095, 0.978904, 0.195889, 0.37472, -0.005785, -0.195888, 0.980609, 0.0, 0.0, 0.0, 0.0, 1.0]
            ]
        },
        {
            "name": "Knee_R",
            "time": [0.0, 0.0833, 0.1667, 0.2667, 0.3333, 0.4, 0.4833, 0.5667, 0.65, 1.0833, 1.2167, 1.3667, 1.5333],
            "transform": [
                [1.0, 0.0, -0.0, -0.0, -0.0, 1e-06, -1.0, 0.37472, -0.0, 1.0, 1e-06, 0.0, 0.0, 0.0, 0.0, 1.0],
                [1.0, 0.0, -0.0, 0.0, -0.0, 1e-06, -1.0, 0.37472, -0.0, 1.0, 1e-06, 0.0, 0.0, 0.0, 0.0, 1.0],
                [1.0, 0.0, -0.0, -0.0, -0.0, 1e-06, -1.0, 0.37472, -0.0, 1.0, 1e-06, -0.0, 0.0, 0.0, 0.0, 1.0],
                [1.0, 0.0, -0.0, 0.0, -0.0, 1e-06, -1.0, 0.37472, 0.0, 1.0, 1e-06, 0.0, 0.0, 0.0, 0.0, 1.0],
                [1.0, 0.0, -0.0, -0.0, -0.0, 1e-06, -1.0, 0.37472, -0.0, 1.0, 1e-06, 0.0, 0.0, 0.0, 0.0, 1.0],
                [1.0, 0.0, -0.0, -0.0, -0.0, 1e-06, -1.0, 0.37472, -0.0, 1.0, 1e-06, 0.0, 0.0, 0.0, 0.0, 1.0],
                [1.0, 0.0, -0.0, -0.0, -0.0, 1e-06, -1.0, 0.37472, -0.0, 1.0, 1e-06, 0.0, 0.0, 0.0, 0.0, 1.0],
                [1.0, 0.0, -0.0, 0.0, -0.0, 1e-06, -1.0, 0.37472, -0.0, 1.0, 1e-06, -0.0, 0.0, 0.0, 0.0, 1.0],
                [1.0, 0.0, -0.0, -0.0, -0.0, 1e-06, -1.0, 0.37472, -0.0, 1.0, 1e-06, 0.0, 0.0, 0.0, 0.0, 1.0],
                [1.0, 0.0, -0.0, -0.0, -0.0, 1e-06, -1.0, 0.37472, -0.0, 1.0, 1e-06, 0.0, 0.0, 0.0, 0.0, 1.0],
                [1.0, 0.0, -0.0, 0.0, -0.0, 1e-06, -1.0, 0.37472, -0.0, 1.0, 1e-06, 0.0, 0.0, 0.0, 0.0, 1.0],
                [1.0, 0.0, -0.0, 0.0, -0.0, 1e-06, -1.0, 0.37472, -0.0, 1.0, 1e-06, -0.0, 0.0, 0.0, 0.0, 1.0],
                [1.0, 0.0, -0.0, -0.0, -0.0, 1e-06, -1.0, 0.37472, -0.0, 1.0, 1e-06, 0.0, 0.0, 0.0, 0.0, 1.0]
            ]
        },
        {
            "name": "Thigh_L",
            "time": [0.0, 0.0833, 0.1667, 0.2667, 0.3333, 0.4, 0.4833, 0.5667, 0.65, 1.0833, 1.2167, 1.3667, 1.5333],
            "transform": [
                [0.784702, -0.303887, -0.540272, -0.109662, -0.081415, -0.914563, 0.396164, -0.002831, -0.614502, -0.266885, -0.742401, 0.02525, 0.0, 0.0, 0.0, 1.0],
                [0.782633, -0.320973, -0.533348, -0.109662, -0.086152, -0.904415, 0.417864, -0.002831, -0.616491, -0.281085, -0.735479, 0.02525, 0.0, 0.0, 0.0, 1.0],
                [0.777043, -0.363097, -0.514163, -0.109662, -0.097737, -0.876542, 0.471298, -0.002831, -0.621812, -0.315967, -0.716599, 0.02525, 0.0, 0.0, 0.0, 1.0],
                [0.768183, -0.420638, -0.482657, -0.109662, -0.113327, -0.831315, 0.544125, -0.002831, -0.63012, -0.363289, -0.686272, 0.02525, 0.0, 0.0, 0.0, 1.0],
                [0.764218, -0.443551, -0.468223, -0.109662, -0.119452, -0.810756, 0.573067, -0.002831, -0.633799, -0.382018, -0.672578, 0.02525, 0.0, 0.0, 0.0, 1.0],
                [0.762406, -0.453529, -0.46157, -0.109662, -0.122104, -0.801307, 0.585659, -0.002831, -0.635473, -0.390151, -0.6663, 0.02525, 0.0, 0.0, 0.0, 1.0],
                [0.761147, -0.460298, -0.456924, -0.109662, -0.123896, -0.794719, 0.594198, -0.002831, -0.636635, -0.395661, -0.661927, 0.02525, 0.0, 0.0, 0.0, 1.0],
                [0.760523, -0.463605, -0.454615, -0.109662, -0.12477, -0.791447, 0.598368, -0.002831, -0.63721, -0.39835, -0.659758, 0.02525, 0.0, 0.0, 0.0, 1.0],
                [0.760382, -0.464347, -0.454094, -0.109662, -0.124966, -0.790708, 0.599303, -0.002831, -0.63734, -0.398953, -0.659268, 0.02525, 0.0, 0.0, 0.0, 1.0],
                [0.760382, -0.464347, -0.454094, -0.109662, -0.124966, -0.790708, 0.599303, -0.002831, -0.63734, -0.398953, -0.659268, 0.02525, 0.0, 0.0, 0.0, 1.0],
                [0.765689, -0.435228, -0.473599, -0.109662, -0.117234, -0.818404, 0.562558, -0.002831, -0.632436, -0.375223, -0.677666, 0.02525, 0.0, 0.0, 0.0, 1.0],
                [0.777348, -0.360935, -0.515224, -0.109662, -0.097145, -0.878075, 0.468558, -0.002831, -0.621524, -0.314181, -0.717634, 0.02525, 0.0, 0.0, 0.0, 1.0],
                [0.784702, -0.303887, -0.540272, -0.109662, -0.081415, -0.914563, 0.396164, -0.002831, -0.614502, -0.266885, -0.742401, 0.02525, 0.0, 0.0, 0.0, 1.0]
            ]
        },
        {
            "name": "Leg_L",
            "time": [0.0, 0.0833, 0.1667, 0.2667, 0.3333, 0.4, 0.4833, 0.5667, 0.65, 1.0833, 1.2167, 1.3667, 1.5333],
            "transform": [
                [0.997933, 0.05815, 0.027369, 0.0, -0.064028, 0.936412, 0.345012, 0.37472, -0.005566, -0.34605, 0.9382, -0.0, 0.0, 0.0, 0.0, 1.0],
                [0.997933, 0.057128, 0.029442, -0.0, -0.064028, 0.923401, 0.378459, 0.37472, -0.005566, -0.379561, 0.92515, -0.0, 0.0, 0.0, 0.0, 1.0],
                [0.997933, 0.05423, 0.03449, 0.0, -0.064028, 0.885375, 0.460447, 0.37472, -0.005566, -0.461703, 0.887017, 0.0, 0.0, 0.0, 0.0, 1.0],
                [0.997933, 0.049351, 0.04117, -0.0, -0.064028, 0.818902, 0.570351, 0.37472, -0.005567, -0.571807, 0.820369, -0.0, 0.0, 0.0, 0.0, 1.0],
                [0.997933, 0.047094, 0.043735, -0.0, -0.064028, 0.787433, 0.613066, 0.37472, -0.005567, -0.614598, 0.788821, -0.0, 0.0, 0.0, 0.0, 1.0],
                [0.997933, 0.046051, 0.044831, 0.0, -0.064028, 0.772789, 0.631425, 0.37472, -0.005567, -0.632989, 0.774141, -0.0, 0.0, 0.0, 0.0, 1.0],
                [0.997933, 0.045324, 0.045566, -0.0, -0.064028, 0.762523, 0.643786, 0.37472, -0.005567, -0.645372, 0.763848, -0.0, 0.0, 0.0, 0.0, 1.0],
                [0.997933, 0.044962, 0.045923, -0.0, -0.064028, 0.757408, 0.649795, 0.37472, -0.005567, -0.651392, 0.758722, 0.0, 0.0, 0.0, 0.0, 1.0],
                [0.997933, 0.04488, 0.046003, -0.0, -0.064028, 0.756252, 0.651141, 0.37472, -0.005567, -0.65274, 0.757562, -0.0, 0.0, 0.0, 0.0, 1.0],
                [0.997933, 0.04488, 0.046003, -0.0, -0.064028, 0.756252, 0.651141, 0.37472, -0.005567, -0.65274, 0.757562, -0.0, 0.0, 0.0, 0.0, 1.0],
                [0.997933, 0.047935, 0.04281, 0.0, -0.064028, 0.799207, 0.597636, 0.37472, -0.005567, -0.599141, 0.800624, -0.0, 0.0, 0.0, 0.0, 1.0],
                [0.997933, 0.054393, 0.034234, 0.0, -0.064028, 0.887539, 0.456262, 0.37472, -0.005566, -0.45751, 0.889187, -0.0, 0.0, 0.0, 0.0, 1.0],
                [0.997933, 0.05815, 0.027369, 0.0, -0.064028, 0.936412, 0.345012, 0.37472, -0.005566, -0.34605, 0.9382, -0.0, 0.0, 0.0, 0.0, 1.0]
            ]
        },
        {
            "name": "Knee_L",
            "time": [0.0, 0.0833, 0.1667, 0.2667, 0.3333, 0.4, 0.4833, 0.5667, 0.65, 1.0833, 1.2167, 1.3667, 1.5333],
            "transform": [
                [1.0, 0.0, -0.0, 0.0, -0.0, 1e-06, -1.0, 0.37472, -0.0, 1.0, 1e-06, -0.0, 0.0, 0.0, 0.0, 1.0],
                [1.0, 0.0, -0.0, -0.0, -0.0, 1e-06, -1.0, 0.37472, -0.0, 1.0, 1e-06, -0.0, 0.0, 0.0, 0.0, 1.0],
                [1.0, 0.0, -0.0, 0.0, -0.0, 1e-06, -1.0, 0.37472, -0.0, 1.0, 1e-06, 0.0, 0.0, 0.0, 0.0, 1.0],
                [1.0, 0.0, -0.0, -0.0, -0.0, 1e-06, -1.0, 0.37472, -0.0, 1.0, 1e-06, -0.0, 0.0, 0.0, 0.0, 1.0],
                [1.0, 0.0, -0.0, -0.0, -0.0, 1e-06, -1.0, 0.37472, -0.0, 1.0, 1e-06, -0.0, 0.0, 0.0, 0.0, 1.0],
                [1.0, 0.0, -0.0, 0.0, -0.0, 1e-06, -1.0, 0.37472, -0.0, 1.0, 1e-06, -0.0, 0.0, 0.0, 0.0, 1.0],
                [1.0, 0.0, -0.0, -0.0, -0.0, 1e-06, -1.0, 0.37472, -0.0, 1.0, 1e-06, -0.0, 0.0, 0.0, 0.0, 1.0],
                [1.0, 0.0, -0.0, -0.0, -0.0, 1e-06, -1.0, 0.37472, -0.0, 1.0, 1e-06, 0.0, 0.0, 0.0, 0.0, 1.0],
                [1.0, 0.0, -0.0, -0.0, -0.0, 1e-06, -1.0, 0.37472, -0.0, 1.0, 1e-06, -0.0, 0.0, 0.0, 0.0, 1.0],
                [1.0, 0.0, -0.0, -0.0, -0.0, 1e-06, -1.0, 0.37472, -0.0, 1.0, 1e-06, -0.0, 0.0, 0.0, 0.0, 1.0],
                [1.0, 0.0, -0.0, 0.0, -0.0, 1e-06, -1.0, 0.37472, -0.0, 1.0, 1e-06, -0.0, 0.0, 0.0, 0.0, 1.0],
                [1.0, 0.0, -0.0, 0.0, -0.0, 1e-06, -1.0, 0.37472, -0.0, 1.0, 1e-06, -0.0, 0.0, 0.0, 0.0, 1.0],
                [1.0, 0.0, -0.0, 0.0, -0.0, 1e-06, -1.0, 0.37472, -0.0, 1.0, 1e-06, -0.0, 0.0, 0.0, 0.0, 1.0]
            ]
        },
        {
            "name": "Torso",
            "time": [0.0, 0.0833, 0.1667, 0.2667, 0.3333, 0.4, 0.4833, 0.5667, 0.65, 0.8667, 1.0833, 1.2167, 1.3667, 1.5333],
            "transform": [
                [0.965662, -0.025127, 0.258583, -0.0, 0.020968, 0.999603, 0.018828, 0.05, -0.258953, -0.012759, 0.965806, 0.0, 0.0, 0.0, 0.0, 1.0],
                [0.965662, -0.023694, 0.258718, 0.0, 0.020968, 0.999692, 0.013293, 0.05, -0.258953, -0.007411, 0.965861, 0.0, 0.0, 0.0, 0.0, 1.0],
                [0.965662, -0.020098, 0.259022, -0.0, 0.020968, 0.99978, -0.000598, 0.05, -0.258953, 0.006009, 0.965871, -0.0, 0.0, 0.0, 0.0, 1.0],
                [0.965662, -0.014988, 0.259368, -0.0, 0.020968, 0.999574, -0.020304, 0.05, -0.258953, 0.025045, 0.965565, 0.0, 0.0, 0.0, 0.0, 1.0],
                [0.965662, -0.012872, 0.259481, -0.0, 0.020968, 0.999375, -0.028456, 0.05, -0.258953, 0.032919, 0.965329, 0.0, 0.0, 0.0, 0.0, 1.0],
                [0.965662, -0.011934, 0.259526, 0.0, 0.020968, 0.999266, -0.032071, 0.05, -0.258953, 0.036412, 0.965203, -0.0, 0.0, 0.0, 0.0, 1.0],
                [0.965662, -0.01129, 0.259555, 0.0, 0.020968, 0.999183, -0.034548, 0.05, -0.258953, 0.038804, 0.96511, -0.0, 0.0, 0.0, 0.0, 1.0],
                [0.965662, -0.010974, 0.259569, -0.0, 0.020968, 0.99914, -0.035766, 0.05, -0.258953, 0.03998, 0.965062, 0.0, 0.0, 0.0, 0.0, 1.0],
                [0.965662, -0.010903, 0.259572, -0.0, 0.020968, 0.99913, -0.03604, 0.05, -0.258953, 0.040245, 0.965051, 0.0, 0.0, 0.0, 0.0, 1.0],
                [0.965662, -0.027582, 0.258332, -0.0, 0.020968, 0.999379, 0.028323, 0.05, -0.258953, -0.021934, 0.965641, 0.0, 0.0, 0.0, 0.0, 1.0],
                [0.965662, -0.010903, 0.259572, -0.0, 0.020968, 0.99913, -0.03604, 0.05, -0.258953, 0.040245, 0.965051, 0.0, 0.0, 0.0, 0.0, 1.0],
                [0.965662, -0.013647, 0.259442, -0.0, 0.020968, 0.999456, -0.025471, 0.05, -0.258953, 0.030037, 0.965423, 0.0, 0.0, 0.0, 0.0, 1.0],
                [0.965662, -0.020285, 0.259007, 0.0, 0.020968, 0.99978, 0.000124, 0.05, -0.258953, 0.005311, 0.965875, 0.0, 0.0, 0.0, 0.0, 1.0],
                [0.965662, -0.025127, 0.258583, -0.0, 0.020968, 0.999603, 0.018828, 0.05, -0.258953, -0.012759, 0.965806, 0.0, 0.0, 0.0, 0.0, 1.0]
            ]
        },
        {
            "name": "Chest",
            "time": [0.0, 0.0833, 0.1667, 0.2667, 0.3333, 0.4, 0.4833, 0.5667, 0.65, 0.8667, 1.0833, 1.2167, 1.3667, 1.5333],
            "transform": [
                [0.986768, -0.023894, -0.160365, -0.0, 0.026191, 0.999582, 0.012223, 0.3, 0.160006, -0.016261, 0.986982, -0.0, 0.0, 0.0, 0.0, 1.0],
                [0.986769, -0.018558, -0.16107, 0.0, 0.026191, 0.998626, 0.045397, 0.3, 0.160006, -0.049015, 0.985898, 0.0, 0.0, 0.0, 0.0, 1.0],
                [0.986768, -0.005046, -0.162057, -0.0, 0.026191, 0.991349, 0.128609, 0.3, 0.160006, -0.131151, 0.978365, -0.0, 0.0, 0.0, 0.0, 1.0],
                [0.986768, 0.014195, -0.161513, 0.0, 0.026191, 0.969122, 0.245187, 0.3, 0.160006, -0.246173, 0.955927, 0.0, 0.0, 0.0, 0.0, 1.0],
                [0.986769, 0.022098, -0.160623, 0.0, 0.026191, 0.955933, 0.292414, 0.3, 0.160006, -0.292752, 0.942706, 0.0, 0.0, 0.0, 0.0, 1.0],
                [0.986768, 0.025175, -0.160172, -0.0, 0.026192, 0.950148, 0.310696, 0.3, 0.160009, -0.31078, 0.936917, -0.0, 0.0, 0.0, 0.0, 1.0],
                [0.986766, 0.026886, -0.159906, 0.0, 0.026196, 0.94677, 0.320842, 0.3, 0.160021, -0.320785, 0.933537, 0.0, 0.0, 0.0, 0.0, 1.0],
                [0.986765, 0.027793, -0.159757, -0.0, 0.026198, 0.944935, 0.326209, 0.3, 0.160026, -0.326077, 0.931701, 0.0, 0.0, 0.0, 0.0, 1.0],
                [0.986768, 0.029385, -0.159451, -0.0, 0.026191, 0.941635, 0.335616, 0.3, 0.160006, -0.335351, 0.928406, 0.0, 0.0, 0.0, 0.0, 1.0],
                [0.986768, 0.039924, -0.157144, -0.0, 0.026191, 0.917231, 0.397494, 0.3, 0.160006, -0.39635, 0.904049, -0.0, 0.0, 0.0, 0.0, 1.0],
                [0.986768, 0.029385, -0.159451, -0.0, 0.026191, 0.941635, 0.335616, 0.3, 0.160006, -0.335351, 0.928406, 0.0, 0.0, 0.0, 0.0, 1.0],
                [0.986746, 0.012797, -0.161768, 0.0, 0.026208, 0.971231, 0.236691, 0.3, 0.160143, -0.237793, 0.958023, -0.0, 0.0, 0.0, 0.0, 1.0],
                [0.986754, -0.009932, -0.16192, 0.0, 0.026195, 0.994781, 0.098617, 0.3, 0.160096, -0.101553, 0.981864, 0.0, 0.0, 0.0, 0.0, 1.0],
                [0.986768, -0.023894, -0.160365, -0.0, 0.026191, 0.999582, 0.012223, 0.3, 0.160006, -0.016261, 0.986982, -0.0, 0.0, 0.0, 0.0, 1.0]
            ]
        },
        {
            "name": "Head",
            "time": [0.0, 0.0833, 0.1667, 0.2667, 0.3333, 0.4, 0.4833, 0.5667, 0.65, 1.0833, 1.2167, 1.3667, 1.5333],
            "transform": [
                [0.907906, 0.03176, 0.417969, -0.0, -0.015014, 0.99895, -0.043293, 0.4, -0.418905, 0.033031, 0.907429, -0.0, 0.0, 0.0, 0.0, 1.0],
                [0.907906, 0.019481, 0.418721, 0.0, -0.015014, 0.99979, -0.013961, 0.4, -0.418905, 0.006389, 0.908008, -0.0, 0.0, 0.0, 0.0, 1.0],
                [0.907906, -0.011458, 0.419018, -0.0, -0.015014, 0.998096, 0.059823, 0.4, -0.418905, -0.060605, 0.906005, -0.0, 0.0, 0.0, 0.0, 1.0],
                [0.907906, -0.055263, 0.415516, -0.0, -0.015014, 0.986348, 0.163987, 0.4, -0.418905, -0.155124, 0.894682, -0.0, 0.0, 0.0, 0.0, 1.0],
                [0.907906, -0.073211, 0.412731, -0.0, -0.015014, 0.978318, 0.206562, 0.4, -0.418905, -0.193735, 0.887122, 0.0, 0.0, 0.0, 0.0, 1.0],
                [0.907906, -0.081118, 0.41125, -0.0, -0.015014, 0.974174, 0.2253, 0.4, -0.418905, -0.210726, 0.88324, -0.0, 0.0, 0.0, 0.0, 1.0],
                [0.907906, -0.086515, 0.410149, 0.0, -0.015014, 0.971129, 0.23808, 0.4, -0.418905, -0.222313, 0.880395, -0.0, 0.0, 0.0, 0.0, 1.0],
                [0.907906, -0.08916, 0.409582, 0.0, -0.015014, 0.969572, 0.244344, 0.4, -0.418905, -0.22799, 0.878942, -0.0, 0.0, 0.0, 0.0, 1.0],
                [0.907906, -0.089755, 0.409452, -0.0, -0.015014, 0.969217, 0.245751, 0.4, -0.418905, -0.229266, 0.87861, -0.0, 0.0, 0.0, 0.0, 1.0],
                [0.907906, -0.089755, 0.409452, -0.0, -0.015014, 0.969217, 0.245751, 0.4, -0.418905, -0.229266, 0.87861, -0.0, 0.0, 0.0, 0.0, 1.0],
                [0.907906, -0.066657, 0.41384, -0.0, -0.015014, 0.98147, 0.191024, 0.4, -0.418905, -0.179645, 0.890082, -0.0, 0.0, 0.0, 0.0, 1.0],
                [0.907906, -0.009846, 0.419059, 0.0, -0.015014, 0.998319, 0.055985, 0.4, -0.418905, -0.057121, 0.906231, -0.0, 0.0, 0.0, 0.0, 1.0],
                [0.907906, 0.03176, 0.417969, -0.0, -0.015014, 0.99895, -0.043293, 0.4, -0.418905, 0.033031, 0.907429, -0.0, 0.0, 0.0, 0.0, 1.0]
            ]
        },
        {
            "name": "Shoulder_R",
            "time": [0.0, 0.0833, 0.1667, 0.2667, 0.3333, 0.4, 0.4833, 0.5667, 0.65, 1.0833, 1.2167, 1.3667, 1.5333],
            "transform": [
                [0.06334, 0.923689, 0.37787, -0.0, -0.094281, -0.371399, 0.923674, 0.4, 0.993528, -0.094132, 0.063562, -0.0, 0.0, 0.0, 0.0, 1.0],
                [0.06334, 0.923689, 0.37787, 0.0, -0.094281, -0.371399, 0.923674, 0.4, 0.993528, -0.094132, 0.063562, -0.0, 0.0, 0.0, 0.0, 1.0],
                [0.06334, 0.923689, 0.37787, -0.0, -0.094281, -0.371398, 0.923674, 0.4, 0.993528, -0.094132, 0.063562, -0.0, 0.0, 0.0, 0.0, 1.0],
                [0.06334, 0.923689, 0.37787, -0.0, -0.094281, -0.371399, 0.923674, 0.4, 0.993528, -0.094132, 0.063562, -0.0, 0.0, 0.0, 0.0, 1.0],
                [0.06334, 0.923689, 0.37787, -0.0, -0.094281, -0.371399, 0.923674, 0.4, 0.993528, -0.094132, 0.063562, 0.0, 0.0, 0.0, 0.0, 1.0],
                [0.06334, 0.923689, 0.37787, -0.0, -0.094281, -0.371399, 0.923674, 0.4, 0.993528, -0.094132, 0.063562, -0.0, 0.0, 0.0, 0.0, 1.0],
                [0.06334, 0.923689, 0.37787, 0.0, -0.094281, -0.371399, 0.923674, 0.4, 0.993528, -0.094132, 0.063562, -0.0, 0.0, 0.0, 0.0, 1.0],
                [0.06334, 0.923689, 0.37787, 0.0, -0.094281, -0.371398, 0.923674, 0.4, 0.993528, -0.094132, 0.063562, -0.0, 0.0, 0.0, 0.0, 1.0],
                [0.06334, 0.923689, 0.37787, -0.0, -0.094281, -0.371398, 0.923674, 0.4, 0.993529, -0.094132, 0.063562, -0.0, 0.0, 0.0, 0.0, 1.0],
                [0.06334, 0.923689, 0.37787, -0.0, -0.094281, -0.371398, 0.923674, 0.4, 0.993529, -0.094132, 0.063562, -0.0, 0.0, 0.0, 0.0, 1.0],
                [0.06334, 0.923689, 0.37787, -0.0, -0.094281, -0.371399, 0.923674, 0.4, 0.993528, -0.094132, 0.063562, -0.0, 0.0, 0.0, 0.0, 1.0],
                [0.06334, 0.923689, 0.37787, 0.0, -0.094281, -0.371398, 0.923674, 0.4, 0.993528, -0.094132, 0.063562, -0.0, 0.0, 0.0, 0.0, 1.0],
                [0.06334, 0.923689, 0.37787, -0.0, -0.094281, -0.371399, 0.923674, 0.4, 0.993528, -0.094132, 0.063562, -0.0, 0.0, 0.0, 0.0, 1.0]
            ]
        },
        {
            "name": "Arm_R",
            "time": [0.0, 0.0833, 0.1667, 0.2667, 0.3333, 0.4, 0.4833, 0.5667, 0.65, 0.8667, 1.0833, 1.2167, 1.3667, 1.5333],
            "transform": [
                [0.095459, 0.079765, -0.992232, -0.0, 0.832695, 0.539784, 0.123503, 0.39386, 0.545442, -0.838016, -0.014892, -0.0, 0.0, 0.0, 0.0, 1.0],
                [0.110542, -0.092032, -0.989601, 0.0, 0.818532, 0.573195, 0.038126, 0.393861, 0.563725, -0.814234, 0.138694, 0.0, 0.0, 0.0, 0.0, 1.0],
                [0.201797, -0.694576, -0.690537, 0.0, 0.773076, 0.545845, -0.323121, 0.393861, 0.601359, -0.468633, 0.64711, 0.0, 0.0, 0.0, 0.0, 1.0],
                [0.379491, -0.506971, 0.77393, 0.0, 0.809898, -0.222363, -0.542789, 0.39386, 0.447271, 0.832788, 0.326211, 0.0, 0.0, 0.0, 0.0, 1.0],
                [0.35236, 0.056536, 0.934155, -0.0, 0.858812, -0.416158, -0.298754, 0.393861, 0.371866, 0.907533, -0.195191, -0.0, 0.0, 0.0, 0.0, 1.0],
                [0.331585, 0.247576, 0.910361, 0.0, 0.874794, -0.441997, -0.198427, 0.39386, 0.353251, 0.862174, -0.363138, -0.0, 0.0, 0.0, 0.0, 1.0],
                [0.317321, 0.350421, 0.881199, 0.0, 0.883485, -0.446919, -0.140421, 0.39386, 0.344618, 0.823085, -0.451408, -0.0, 0.0, 0.0, 0.0, 1.0],
                [0.310497, 0.399937, 0.862347, -0.0, 0.887352, -0.447266, -0.112068, 0.39386, 0.340879, 0.800002, -0.493759, -0.0, 0.0, 0.0, 0.0, 1.0],
                [0.308431, 0.433674, 0.846639, -0.0, 0.888714, -0.448743, -0.0939, 0.393861, 0.339201, 0.781381, -0.523819, 0.0, 0.0, 0.0, 0.0, 1.0],
                [0.308431, 0.532135, 0.788481, 0.0, 0.888714, -0.456768, -0.039374, 0.39386, 0.339201, 0.712879, -0.613797, -0.0, 0.0, 0.0, 0.0, 1.0],
                [0.308431, 0.433674, 0.846639, -0.0, 0.888714, -0.448743, -0.0939, 0.393861, 0.339201, 0.781381, -0.523819, 0.0, 0.0, 0.0, 0.0, 1.0],
                [0.364585, -0.260742, 0.893919, 0.0, 0.841381, -0.319048, -0.436219, 0.39386, 0.398944, 0.911165, 0.103063, -0.0, 0.0, 0.0, 0.0, 1.0],
                [0.194775, -0.639396, -0.743797, 0.0, 0.781861, 0.559094, -0.275876, 0.39386, 0.592246, -0.527813, 0.608817, 0.0, 0.0, 0.0, 0.0, 1.0],
                [0.095459, 0.079765, -0.992232, -0.0, 0.832695, 0.539784, 0.123503, 0.39386, 0.545442, -0.838016, -0.014892, -0.0, 0.0, 0.0, 0.0, 1.0]
            ]
        },
        {
            "name": "Hand_R",
            "time": [0.0, 0.0833, 0.1667, 0.2667, 0.3333, 0.4, 0.4833, 0.5667, 0.65, 1.0833, 1.2167, 1.3667, 1.5333],
            "transform": [
                [0.999599, -0.023021, -0.016487, 0.0, 0.023395, 0.999464, 0.022904, 0.3, 0.015951, -0.02328, 0.999602, -0.0, 0.0, 0.0, 0.0, 1.0],
                [0.999599, -0.02492, -0.013445, 0.0, 0.023395, 0.994342, -0.103624, 0.3, 0.015951, 0.103268, 0.994526, -0.0, 0.0, 0.0, 0.0, 1.0],
                [0.999599, -0.02796, -0.004476, 0.0, 0.023395, 0.90457, -0.425684, 0.3, 0.015951, 0.425408, 0.904861, 0.0, 0.0, 0.0, 0.0, 1.0],
                [0.999599, -0.02676, 0.009256, -0.0, 0.023396, 0.596407, -0.802341, 0.3, 0.015951, 0.802236, 0.596794, 0.0, 0.0, 0.0, 0.0, 1.0],
                [0.999599, -0.024435, 0.014308, 0.0, 0.023396, 0.428046, -0.903454, 0.3, 0.015951, 0.903427, 0.428446, 0.0, 0.0, 0.0, 0.0, 1.0],
                [0.999599, -0.023139, 0.01632, 0.0, 0.023396, 0.350253, -0.936363, 0.3, 0.015951, 0.936369, 0.350654, -0.0, 0.0, 0.0, 0.0, 1.0],
                [0.999599, -0.022177, 0.017606, 0.0, 0.023396, 0.296584, -0.95472, 0.3, 0.015951, 0.954749, 0.296984, -0.0, 0.0, 0.0, 0.0, 1.0],
                [0.999599, -0.021684, 0.01821, -0.0, 0.023396, 0.270201, -0.96252, 0.3, 0.015951, 0.96256, 0.2706, 0.0, 0.0, 0.0, 0.0, 1.0],
                [0.999599, -0.021571, 0.018343, -0.0, 0.023396, 0.264271, -0.964165, 0.3, 0.015951, 0.964207, 0.26467, 0.0, 0.0, 0.0, 0.0, 1.0],
                [0.999599, -0.021571, 0.018343, -0.0, 0.023396, 0.264271, -0.964165, 0.3, 0.015951, 0.964207, 0.26467, 0.0, 0.0, 0.0, 0.0, 1.0],
                [0.999599, -0.02539, 0.012536, 0.0, 0.023396, 0.491175, -0.870747, 0.3, 0.015951, 0.870691, 0.491572, -0.0, 0.0, 0.0, 0.0, 1.0],
                [0.999599, -0.027875, -0.004977, 0.0, 0.023395, 0.912059, -0.409392, 0.3, 0.015951, 0.409112, 0.912345, -0.0, 0.0, 0.0, 0.0, 1.0],
                [0.999599, -0.023021, -0.016487, 0.0, 0.023395, 0.999464, 0.022904, 0.3, 0.015951, -0.02328, 0.999602, -0.0, 0.0, 0.0, 0.0, 1.0]
            ]
        },
        {
            "name": "Tool_R",
            "time": [0.0, 0.0833, 0.1667, 0.2667, 0.3333, 0.4, 0.4833, 0.5667, 0.65, 1.0833, 1.2167, 1.3667, 1.5333],
            "transform": [
                [0.999822, 0.009713, 0.016189, -0.017311, 0.006818, -0.985396, 0.17014, 0.36637, 0.017595, -0.169909, -0.984702, 0.051121, 0.0, 0.0, 0.0, 1.0],
                [0.999822, 0.009714, 0.016189, -0.017312, 0.006818, -0.985396, 0.17014, 0.36637, 0.017594, -0.169909, -0.984702, 0.051121, 0.0, 0.0, 0.0, 1.0],
                [0.999822, 0.009713, 0.016189, -0.017312, 0.006818, -0.985396, 0.17014, 0.36637, 0.017595, -0.169909, -0.984702, 0.051121, 0.0, 0.0, 0.0, 1.0],
                [0.999822, 0.009713, 0.016189, -0.017311, 0.006818, -0.985396, 0.17014, 0.36637, 0.017594, -0.169909, -0.984702, 0.051121, 0.0, 0.0, 0.0, 1.0],
                [0.999822, 0.009713, 0.016189, -0.017311, 0.006818, -0.985396, 0.17014, 0.36637, 0.017595, -0.169909, -0.984702, 0.051121, 0.0, 0.0, 0.0, 1.0],
                [0.999822, 0.009713, 0.016189, -0.017311, 0.006818, -0.985396, 0.17014, 0.36637, 0.017595, -0.169909, -0.984702, 0.051121, 0.0, 0.0, 0.0, 1.0],
                [0.999822, 0.009713, 0.016189, -0.017311, 0.006818, -0.985396, 0.17014, 0.36637, 0.017595, -0.169909, -0.984702, 0.051121, 0.0, 0.0, 0.0, 1.0],
                [0.999822, 0.009713, 0.016189, -0.017312, 0.006818, -0.985396, 0.17014, 0.36637, 0.017595, -0.169909, -0.984702, 0.051121, 0.0, 0.0, 0.0, 1.0],
                [0.999822, 0.009713, 0.016189, -0.017312, 0.006818, -0.985396, 0.17014, 0.36637, 0.017595, -0.169909, -0.984702, 0.051121, 0.0, 0.0, 0.0, 1.0],
                [0.999822, 0.009713, 0.016189, -0.017312, 0.006818, -0.985396, 0.17014, 0.36637, 0.017595, -0.169909, -0.984702, 0.051121, 0.0, 0.0, 0.0, 1.0],
                [0.999822, 0.009713, 0.016189, -0.017311, 0.006818, -0.985396, 0.17014, 0.36637, 0.017595, -0.169909, -0.984702, 0.051121, 0.0, 0.0, 0.0, 1.0],
                [0.999822, 0.009713, 0.016189, -0.017312, 0.006819, -0.985396, 0.17014, 0.36637, 0.017595, -0.169909, -0.984702, 0.051121, 0.0, 0.0, 0.0, 1.0],
                [0.999822, 0.009713, 0.016189, -0.017311, 0.006818, -0.985396, 0.17014, 0.36637, 0.017595, -0.169909, -0.984702, 0.051121, 0.0, 0.0, 0.0, 1.0]
            ]
        },
        {
            "name": "Elbow_R",
            "time": [0.0, 0.0833, 0.1667, 0.2667, 0.3333, 0.4, 0.4833, 0.5667, 0.65, 1.0833, 1.2167, 1.3667, 1.5333],
            "transform": [
                [-1.0, 0.0, 0.0, -0.0, -0.0, -0.139408, -0.990235, 0.335189, -0.0, -0.990235, 0.139408, -0.005621, 0.0, 0.0, 0.0, 1.0],
                [-1.0, 0.0, 0.0, 0.0, -0.0, -0.070458, -0.997515, 0.335189, -0.0, -0.997515, 0.070458, -0.005621, 0.0, 0.0, 0.0, 1.0],
                [-1.0, 0.0, 0.0, 0.0, -0.0, 0.105921, -0.994375, 0.335189, -0.0, -0.994375, -0.105921, -0.005621, 0.0, 0.0, 0.0, 1.0],
                [-1.0, 0.0, 0.0, -0.0, -0.0, 0.351145, -0.936321, 0.335189, -0.0, -0.936321, -0.351145, -0.005621, 0.0, 0.0, 0.0, 1.0],
                [-1.0, 0.0, 0.0, 0.0, -0.0, 0.446112, -0.894977, 0.335189, -0.0, -0.894977, -0.446112, -0.005621, 0.0, 0.0, 0.0, 1.0],
                [-1.0, 0.0, 0.0, -0.0, -0.0, 0.486415, -0.873728, 0.335189, -0.0, -0.873728, -0.486415, -0.005621, 0.0, 0.0, 0.0, 1.0],
                [-1.0, 0.0, 0.0, 0.0, -0.0, 0.513304, -0.858207, 0.335189, -0.0, -0.858207, -0.513304, -0.005621, 0.0, 0.0, 0.0, 1.0],
                [-1.0, 0.0, 0.0, -0.0, -0.0, 0.526293, -0.850304, 0.335189, -0.0, -0.850304, -0.526292, -0.005621, 0.0, 0.0, 0.0, 1.0],
                [-1.0, 0.0, 0.0, -0.0, -0.0, 0.529193, -0.848501, 0.335189, -0.0, -0.848501, -0.529193, -0.005621, 0.0, 0.0, 0.0, 1.0],
                [-1.0, 0.0, 0.0, -0.0, -0.0, 0.529193, -0.848501, 0.335189, -0.0, -0.848501, -0.529193, -0.005621, 0.0, 0.0, 0.0, 1.0],
                [-1.0, 0.0, 0.0, 0.0, -0.0, 0.411962, -0.911201, 0.335189, -0.0, -0.911201, -0.411962, -0.005621, 0.0, 0.0, 0.0, 1.0],
                [-1.0, 0.0, 0.0, 0.0, -0.0, 0.096716, -0.995312, 0.335189, -0.0, -0.995312, -0.096716, -0.005621, 0.0, 0.0, 0.0, 1.0],
                [-1.0, 0.0, 0.0, -0.0, -0.0, -0.139408, -0.990235, 0.335189, -0.0, -0.990235, 0.139408, -0.005621, 0.0, 0.0, 0.0, 1.0]
            ]
        },
        {
            "name": "Shoulder_L",
            "time": [0.0, 0.0833, 0.1667, 0.2667, 0.3333, 0.4, 0.4833, 0.5667, 0.65, 1.0833, 1.2167, 1.3667, 1.5333],
            "transform": [
                [-0.007939, -0.952498, -0.304441, -0.0, -0.088921, -0.302572, 0.94897, 0.4, -0.996007, 0.034605, -0.082295, -0.0, 0.0, 0.0, 0.0, 1.0],
                [-0.007939, -0.952498, -0.304441, 0.0, -0.088921, -0.302572, 0.94897, 0.4, -0.996007, 0.034605, -0.082295, -0.0, 0.0, 0.0, 0.0, 1.0],
                [-0.007939, -0.952498, -0.304441, -0.0, -0.088921, -0.302572, 0.948969, 0.4, -0.996007, 0.034605, -0.082295, -0.0, 0.0, 0.0, 0.0, 1.0],
                [-0.007939, -0.952498, -0.304441, -0.0, -0.088921, -0.302572, 0.948969, 0.4, -0.996007, 0.034605, -0.082295, -0.0, 0.0, 0.0, 0.0, 1.0],
                [-0.007939, -0.952498, -0.304441, -0.0, -0.088921, -0.302572, 0.94897, 0.4, -0.996007, 0.034605, -0.082295, 0.0, 0.0, 0.0, 0.0, 1.0],
                [-0.007939, -0.952498, -0.304441, -0.0, -0.088921, -0.302572, 0.94897, 0.4, -0.996007, 0.034605, -0.082295, -0.0, 0.0, 0.0, 0.0, 1.0],
                [-0.007939, -0.952498, -0.304441, 0.0, -0.088921, -0.302572, 0.948969, 0.4, -0.996007, 0.034605, -0.082295, -0.0, 0.0, 0.0, 0.0, 1.0],
                [-0.007939, -0.952498, -0.304441, 0.0, -0.088921, -0.302572, 0.948969, 0.4, -0.996007, 0.034605, -0.082295, -0.0, 0.0, 0.0, 0.0, 1.0],
                [-0.007939, -0.952498, -0.304441, -0.0, -0.088921, -0.302572, 0.94897, 0.4, -0.996007, 0.034605, -0.082295, -0.0, 0.0, 0.0, 0.0, 1.0],
                [-0.007939, -0.952498, -0.304441, -0.0, -0.088921, -0.302572, 0.94897, 0.4, -0.996007, 0.034605, -0.082295, -0.0, 0.0, 0.0, 0.0, 1.0],
                [-0.007939, -0.952498, -0.304441, -0.0, -0.088921, -0.302572, 0.948969, 0.4, -0.996007, 0.034605, -0.082295, -0.0, 0.0, 0.0, 0.0, 1.0],
                [-0.007939, -0.952498, -0.304441, 0.0, -0.088921, -0.302572, 0.948969, 0.4, -0.996007, 0.034605, -0.082295, -0.0, 0.0, 0.0, 0.0, 1.0],
                [-0.007939, -0.952498, -0.304441, -0.0, -0.088921, -0.302572, 0.94897, 0.4, -0.996007, 0.034605, -0.082295, -0.0, 0.0, 0.0, 0.0, 1.0]
            ]
        },
        {
            "name": "Arm_L",
            "time": [0.0, 0.0833, 0.1667, 0.2667, 0.3333, 0.4, 0.4833, 0.5667, 0.65, 0.8667, 1.0833, 1.2167, 1.3667, 1.5333],
            "transform": [
                [-0.146701, -0.409837, 0.900284, -0.0, -0.980855, 0.178104, -0.078752, 0.39386, -0.128068, -0.894602, -0.428119, -0.0, 0.0, 0.0, 0.0, 1.0],
                [-0.13377, -0.241272, 0.961194, 0.0, -0.967945, 0.239857, -0.074502, 0.39386, -0.212574, -0.940349, -0.265623, 0.0, 0.0, 0.0, 0.0, 1.0],
                [0.135681, 0.581274, 0.802316, 0.0, -0.84604, 0.489381, -0.211479, 0.39386, -0.515565, -0.650098, 0.558181, -0.0, 0.0, 0.0, 0.0, 1.0],
                [0.645005, -0.199137, -0.737776, -0.0, -0.743315, 0.060564, -0.666194, 0.39386, 0.177347, 0.978098, -0.108958, 0.0, 0.0, 0.0, 0.0, 1.0],
                [0.479489, -0.636491, -0.604127, -0.0, -0.814484, -0.066524, -0.57636, 0.39386, 0.326659, 0.76841, -0.550309, 0.0, 0.0, 0.0, 0.0, 1.0],
                [0.421967, -0.731416, -0.535699, 0.0, -0.837013, -0.087251, -0.540182, 0.39386, 0.348357, 0.676326, -0.649022, 0.0, 0.0, 0.0, 0.0, 1.0],
                [0.390105, -0.774065, -0.498639, 0.0, -0.849463, -0.093591, -0.519282, 0.39386, 0.35529, 0.62615, -0.69405, -0.0, 0.0, 0.0, 0.0, 1.0],
                [0.375204, -0.794175, -0.478026, 0.0, -0.854896, -0.09714, -0.509625, 0.39386, 0.358295, 0.599875, -0.715384, 0.0, 0.0, 0.0, 0.0, 1.0],
                [0.365569, -0.816063, -0.447662, -0.0, -0.856826, -0.107164, -0.504345, 0.39386, 0.363604, 0.567942, -0.7384, 0.0, 0.0, 0.0, 0.0, 1.0],
                [0.365569, -0.903436, -0.22397, -0.0, -0.856826, -0.232636, -0.46014, 0.39386, 0.363604, 0.360116, -0.859133, 0.0, 0.0, 0.0, 0.0, 1.0],
                [0.365569, -0.816063, -0.447662, -0.0, -0.856826, -0.107164, -0.504345, 0.39386, 0.363604, 0.567942, -0.7384, 0.0, 0.0, 0.0, 0.0, 1.0],
                [0.571226, -0.285398, -0.769578, 0.0, -0.791607, 0.056246, -0.608436, 0.39386, 0.216932, 0.956757, -0.193794, 0.0, 0.0, 0.0, 0.0, 1.0],
                [0.076891, 0.483908, 0.871734, 0.0, -0.89138, 0.425072, -0.157338, 0.39386, -0.446687, -0.764949, 0.464031, -0.0, 0.0, 0.0, 0.0, 1.0],
                [-0.146701, -0.409837, 0.900284, -0.0, -0.980855, 0.178104, -0.078752, 0.39386, -0.128068, -0.894602, -0.428119, -0.0, 0.0, 0.0, 0.0, 1.0]
            ]
        },
        {
            "name": "Hand_L",
            "time": [0.0, 0.0833, 0.1667, 0.2667, 0.3333, 0.4, 0.4833, 0.5667, 0.65, 1.0833, 1.2167, 1.3667, 1.5333],
            "transform": [
                [0.99991, 0.013352, -0.001578, 0.0, -0.012582, 0.887892, -0.45988, 0.3, -0.004739, 0.459858, 0.88798, 0.0, 0.0, 0.0, 0.0, 1.0],
                [0.99991, 0.013274, -0.002134, -0.0, -0.012582, 0.86791, -0.496563, 0.3, -0.004739, 0.496545, 0.867998, 0.0, 0.0, 0.0, 0.0, 1.0],
                [0.99991, 0.012976, -0.003519, 0.0, -0.012582, 0.81086, -0.585106, 0.3, -0.004739, 0.585097, 0.81095, 0.0, 0.0, 0.0, 0.0, 1.0],
                [0.99991, 0.012305, -0.005418, -0.0, -0.012582, 0.714357, -0.699669, 0.3, -0.004739, 0.699674, 0.714447, -0.0, 0.0, 0.0, 0.0, 1.0],
                [0.99991, 0.011947, -0.006168, 0.0, -0.012582, 0.669744, -0.742486, 0.3, -0.004739, 0.742496, 0.669834, -0.0, 0.0, 0.0, 0.0, 1.0],
                [0.99991, 0.011773, -0.006492, 0.0, -0.012582, 0.649188, -0.760524, 0.3, -0.004739, 0.760537, 0.649278, -0.0, 0.0, 0.0, 0.0, 1.0],
                [0.99991, 0.01165, -0.006712, 0.0, -0.012582, 0.63485, -0.772533, 0.3, -0.004739, 0.772548, 0.634939, -0.0, 0.0, 0.0, 0.0, 1.0],
                [0.99991, 0.011588, -0.006818, -0.0, -0.012582, 0.627729, -0.77833, 0.3, -0.004739, 0.778346, 0.627818, 0.0, 0.0, 0.0, 0.0, 1.0],
                [0.99991, 0.011574, -0.006842, -0.0, -0.012582, 0.626121, -0.779625, 0.3, -0.004739, 0.77964, 0.62621, -0.0, 0.0, 0.0, 0.0, 1.0],
                [0.99991, 0.011574, -0.006842, -0.0, -0.012582, 0.626121, -0.779625, 0.3, -0.004739, 0.77964, 0.62621, -0.0, 0.0, 0.0, 0.0, 1.0],
                [0.99991, 0.012083, -0.005896, -0.0, -0.012582, 0.686364, -0.727149, 0.3, -0.004739, 0.727158, 0.686454, -0.0, 0.0, 0.0, 0.0, 1.0],
                [0.99991, 0.012995, -0.003448, -0.0, -0.012582, 0.814063, -0.580641, 0.3, -0.004739, 0.580632, 0.814153, 0.0, 0.0, 0.0, 0.0, 1.0],
                [0.99991, 0.013352, -0.001578, 0.0, -0.012582, 0.887892, -0.45988, 0.3, -0.004739, 0.459858, 0.88798, 0.0, 0.0, 0.0, 0.0, 1.0]
            ]
        },
        {
            "name": "Tool_L",
            "time": [0.0, 0.0833, 0.1667, 0.2667, 0.3333, 0.4, 0.4833, 0.5667, 0.65, 1.0833, 1.2167, 1.3667, 1.5333],
            "transform": [
                [0.998658, 0.039723, -0.033233, -0.012677, 0.043929, -0.98956, 0.137266, 0.208813, -0.027417, -0.138471, -0.989393, 0.160811, 0.0, 0.0, 0.0, 1.0],
                [0.998658, 0.039723, -0.033233, -0.012677, 0.043929, -0.98956, 0.137266, 0.208813, -0.027417, -0.138471, -0.989393, 0.160811, 0.0, 0.0, 0.0, 1.0],
                [0.998658, 0.039723, -0.033233, -0.012677, 0.043929, -0.98956, 0.137266, 0.208813, -0.027417, -0.138471, -0.989393, 0.160811, 0.0, 0.0, 0.0, 1.0],
                [0.998658, 0.039723, -0.033233, -0.012677, 0.043929, -0.98956, 0.137266, 0.208813, -0.027417, -0.138471, -0.989393, 0.160811, 0.0, 0.0, 0.0, 1.0],
                [0.998658, 0.039723, -0.033233, -0.012677, 0.043929, -0.98956, 0.137266, 0.208813, -0.027417, -0.138471, -0.989393, 0.160811, 0.0, 0.0, 0.0, 1.0],
                [0.998658, 0.039723, -0.033233, -0.012677, 0.043929, -0.98956, 0.137266, 0.208813, -0.027417, -0.138471, -0.989393, 0.160811, 0.0, 0.0, 0.0, 1.0],
                [0.998658, 0.039723, -0.033233, -0.012677, 0.043929, -0.98956, 0.137266, 0.208813, -0.027417, -0.138471, -0.989393, 0.160811, 0.0, 0.0, 0.0, 1.0],
