{
    "animation": [
        {
            "name": "Root",
            "time": [0.0, 0.15, 0.3833, 0.5833, 0.9333, 1.1, 1.25, 1.5667],
            "transform": [
                [0.997804, 0.0, 0.066238, -5e-06, 0.066238, 0.0, -0.997804, 0.000946, 0.0, 1.0, 0.0, 0.734337, 0.0, 0.0, 0.0, 1.0],
                [0.532023, -0.002279, -0.846727, 0.036103, -0.842291, -0.103689, -0.528956, -0.678696, -0.086591, 0.994607, -0.057084, 0.629854, 0.0, 0.0, 0.0, 1.0],
                [0.369879, 0.0, -0.92908, 0.042492, -0.921528, -0.127245, -0.366873, -0.798954, -0.118221, 0.991871, -0.047065, 0.611366, 0.0, 0.0, 0.0, 1.0],
                [0.883842, 0.126712, 0.450297, 0.042492, 0.452601, 0.011636, -0.891637, 1.032481, -0.118221, 0.991871, -0.047065, 0.611366, 0.0, 0.0, 0.0, 1.0],
                [0.809591, 0.123723, 0.573808, 0.042492, 0.574967, 0.029732, -0.817636, 1.211157, -0.118221, 0.991871, -0.047065, 0.611366, 0.0, 0.0, 0.0, 1.0],
                [0.95028, 0.015787, 0.310995, 0.040066, 0.296806, 0.256196, -0.919929, 1.346491, -0.094199, 0.966496, 0.238772, 0.623624, 0.0, 0.0, 0.0, 1.0],
                [0.996279, 0.084491, -0.017038, 0.028032, -0.037952, 0.252542, -0.966841, 1.553941, -0.077386, 0.96389, 0.254809, 0.711704, 0.0, 0.0, 0.0, 1.0],
                [0.854689, 0.0, -0.51914, -5e-06, -0.51914, 0.0, -0.854689, 1.907014, 0.0, 1.0, 0.0, 0.734337, 0.0, 0.0, 0.0, 1.0]
            ]
        },
        {
            "name": "Thigh_R",
            "time": [0.0, 0.15, 0.3833, 0.5833, 0.9333, 1.1, 1.5667],
            "transform": [
                [0.99201, 0.096011, -0.081839, 0.124994, 0.12386, -0.864452, 0.487214, -0.002831, -0.023968, -0.493456, -0.86944, -1.2e-05, 0.0, 0.0, 0.0, 1.0],
                [0.846188, 0.439071, -0.301962, 0.124994, 0.531343, -0.73826, 0.415505, -0.002831, -0.040491, -0.512039, -0.858007, -1.2e-05, 0.0, 0.0, 0.0, 1.0],
                [0.794585, 0.498748, -0.346241, 0.124994, 0.605907, -0.687879, 0.39962, -0.002831, -0.038863, -0.527321, -0.848776, -1.2e-05, 0.0, 0.0, 0.0, 1.0],
                [0.824768, 0.562834, -0.054534, 0.124994, 0.226418, -0.240329, 0.943916, -0.002831, 0.518163, -0.790857, -0.325653, -1.2e-05, 0.0, 0.0, 0.0, 1.0],
                [0.814352, 0.576287, -0.068717, 0.124994, 0.17881, -0.136491, 0.97437, -0.002831, 0.552138, -0.805767, -0.214199, -1.2e-05, 0.0, 0.0, 0.0, 1.0],
                [0.973751, 0.139551, -0.179815, 0.124994, 0.218897, -0.357614, 0.907852, -0.002831, 0.062388, -0.923381, -0.378776, -1.2e-05, 0.0, 0.0, 0.0, 1.0],
                [0.984651, 0.173938, 0.014417, 0.124994, 0.174461, -0.983273, -0.052289, -0.002831, 0.005081, 0.054002, -0.998528, -1.2e-05, 0.0, 0.0, 0.0, 1.0]
            ]
        },
        {
            "name": "Leg_R",
            "time": [0.0, 0.15, 0.3833, 0.5833, 0.9333, 1.1, 1.5667],
            "transform": [
                [0.998294, -0.058101, -0.005717, -0.0, 0.058095, 0.978904, 0.195889, 0.37472, -0.005785, -0.195888, 0.980609, -0.0, 0.0, 0.0, 0.0, 1.0],
                [0.998295, -0.039297, -0.043175, 0.0, 0.058094, 0.595378, 0.801342, 0.37472, -0.005785, -0.802485, 0.596645, 0.0, 0.0, 0.0, 0.0, 1.0],
                [0.998294, -0.022865, -0.053718, 0.0, 0.058094, 0.297882, 0.952833, 0.37472, -0.005785, -0.95433, 0.298702, -0.0, 0.0, 0.0, 0.0, 1.0],
                [0.998295, 0.011882, -0.05716, 0.0, 0.058094, -0.29919, 0.952423, 0.37472, -0.005785, -0.95412, -0.299369, -0.0, 0.0, 0.0, 0.0, 1.0],
                [0.998295, -0.004714, -0.058191, 0.0, 0.058094, -0.01855, 0.998138, 0.37472, -0.005785, -0.999818, -0.018244, 0.0, 0.0, 0.0, 0.0, 1.0],
                [0.998295, -0.035995, -0.04595, 0.0, 0.058078, 0.53396, 0.843512, 0.37472, -0.005826, -0.844744, 0.535139, 0.0, 0.0, 0.0, 0.0, 1.0],
                [0.998294, -0.058101, -0.005717, 0.0, 0.058095, 0.978904, 0.195889, 0.37472, -0.005785, -0.195888, 0.980609, 0.0, 0.0, 0.0, 0.0, 1.0]
            ]
        },
        {
            "name": "Knee_R",
            "time": [0.0, 0.15, 0.3833, 0.5833, 0.9333, 1.1, 1.5667],
            "transform": [
                [1.0, 0.0, -0.0, -0.0, -0.0, 1e-06, -1.0, 0.37472, -0.0, 1.0, 1e-06, -0.0, 0.0, 0.0, 0.0, 1.0],
                [1.0, 0.0, -0.0, 0.0, -0.0, 1e-06, -1.0, 0.37472, -0.0, 1.0, 1e-06, 0.0, 0.0, 0.0, 0.0, 1.0],
                [1.0, 0.0, -0.0, 0.0, -0.0, 1e-06, -1.0, 0.37472, -0.0, 1.0, 1e-06, -0.0, 0.0, 0.0, 0.0, 1.0],
                [1.0, 0.0, -0.0, 0.0, -0.0, 1e-06, -1.0, 0.37472, -0.0, 1.0, 1e-06, -0.0, 0.0, 0.0, 0.0, 1.0],
                [1.0, 0.0, -0.0, 0.0, -0.0, 1e-06, -1.0, 0.37472, -0.0, 1.0, 1e-06, 0.0, 0.0, 0.0, 0.0, 1.0],
                [1.0, 0.0, -0.0, 0.0, -0.0, 1e-06, -1.0, 0.37472, -0.0, 1.0, 1e-06, 0.0, 0.0, 0.0, 0.0, 1.0],
                [1.0, 0.0, -0.0, 0.0, -0.0, 1e-06, -1.0, 0.37472, -0.0, 1.0, 1e-06, 0.0, 0.0, 0.0, 0.0, 1.0]
            ]
        },
        {
            "name": "Thigh_L",
            "time": [0.0, 0.15, 0.3833, 0.5, 0.5833, 0.9333, 1.1, 1.5667],
            "transform": [
                [0.767871, -0.308738, -0.561297, -0.109662, -0.373507, -0.927627, -0.000734, -0.002831, -0.520448, 0.210213, -0.827614, 0.02525, 0.0, 0.0, 0.0, 1.0],
                [0.63344, -0.506057, -0.585372, -0.109662, -0.083822, -0.796923, 0.598237, -0.002831, -0.769238, -0.32988, -0.547221, 0.02525, 0.0, 0.0, 0.0, 1.0],
                [0.617814, -0.525334, -0.585089, -0.109662, 0.006105, -0.740855, 0.671637, -0.002831, -0.7863, -0.418519, -0.454505, 0.02525, 0.0, 0.0, 0.0, 1.0],
                [0.928349, 0.200065, -0.313274, -0.109662, -0.041678, -0.781456, -0.622566, -0.002831, -0.369363, 0.591016, -0.717126, 0.02525, 0.0, 0.0, 0.0, 1.0],
                [0.877197, -0.295131, 0.378711, -0.109662, -0.161717, -0.924296, -0.345724, -0.002831, 0.452074, 0.242025, -0.858517, 0.02525, 0.0, 0.0, 0.0, 1.0],
                [0.830919, -0.282113, 0.479567, -0.109662, -0.105082, -0.925981, -0.362652, -0.002831, 0.546379, 0.250941, -0.799061, 0.02525, 0.0, 0.0, 0.0, 1.0],
                [0.783231, -0.424476, -0.454278, -0.109662, -0.341681, -0.90431, 0.255884, -0.002831, -0.519425, -0.045198, -0.85332, 0.02525, 0.0, 0.0, 0.0, 1.0],
                [0.784702, -0.303887, -0.540272, -0.109662, -0.081415, -0.914563, 0.396164, -0.002831, -0.614502, -0.266885, -0.742401, 0.02525, 0.0, 0.0, 0.0, 1.0]
            ]
        },
        {
            "name": "Leg_L",
            "time": [0.0, 0.15, 0.3833, 0.5, 0.5833, 0.9333, 1.1, 1.5667],
            "transform": [
                [0.997933, 0.05815, 0.027369, 0.0, -0.064028, 0.936412, 0.345012, 0.37472, -0.005566, -0.34605, 0.9382, -0.0, 0.0, 0.0, 0.0, 1.0],
                [0.997933, 0.033794, 0.054667, 0.0, -0.064028, 0.596439, 0.800101, 0.37472, -0.005567, -0.801946, 0.59737, -0.0, 0.0, 0.0, 0.0, 1.0],
                [0.997933, 0.028124, 0.057789, -0.0, -0.064028, 0.512929, 0.85604, 0.37472, -0.005567, -0.85797, 0.51367, -0.0, 0.0, 0.0, 0.0, 1.0],
                [0.997386, 0.068008, 0.02443, 0.0, -0.071881, 0.968417, 0.238751, 0.37472, -0.007421, -0.239882, 0.970774, -0.0, 0.0, 0.0, 0.0, 1.0],
                [0.997933, 0.05843, 0.026766, 0.0, -0.064028, 0.939933, 0.335299, 0.37472, -0.005566, -0.336319, 0.941732, -0.0, 0.0, 0.0, 0.0, 1.0],
                [0.997933, 0.060065, 0.022863, 0.0, -0.064028, 0.959959, 0.272725, 0.37472, -0.005567, -0.273624, 0.961821, 0.0, 0.0, 0.0, 0.0, 1.0],
                [0.997933, 0.036343, 0.053007, 0.0, -0.064028, 0.633627, 0.770985, 0.37472, -0.005567, -0.772784, 0.634644, -0.0, 0.0, 0.0, 0.0, 1.0],
                [0.997933, 0.05815, 0.027369, -0.0, -0.064028, 0.936412, 0.345012, 0.37472, -0.005566, -0.34605, 0.9382, -0.0, 0.0, 0.0, 0.0, 1.0]
            ]
        },
        {
            "name": "Knee_L",
            "time": [0.0, 0.15, 0.3833, 0.5833, 0.9333, 1.1, 1.5667],
            "transform": [
                [1.0, 0.0, -0.0, 0.0, -0.0, 1e-06, -1.0, 0.37472, -0.0, 1.0, 1e-06, -0.0, 0.0, 0.0, 0.0, 1.0],
                [1.0, 0.0, -0.0, 0.0, -0.0, 1e-06, -1.0, 0.37472, -0.0, 1.0, 1e-06, -0.0, 0.0, 0.0, 0.0, 1.0],
                [1.0, 0.0, -0.0, -0.0, -0.0, 1e-06, -1.0, 0.37472, -0.0, 1.0, 1e-06, -0.0, 0.0, 0.0, 0.0, 1.0],
                [1.0, 0.0, -0.0, 0.0, -0.0, 1e-06, -1.0, 0.37472, -0.0, 1.0, 1e-06, -0.0, 0.0, 0.0, 0.0, 1.0],
                [1.0, 0.0, -0.0, 0.0, -0.0, 1e-06, -1.0, 0.37472, -0.0, 1.0, 1e-06, 0.0, 0.0, 0.0, 0.0, 1.0],
                [1.0, 0.0, -0.0, 0.0, -0.0, 1e-06, -1.0, 0.37472, -0.0, 1.0, 1e-06, -0.0, 0.0, 0.0, 0.0, 1.0],
                [1.0, 0.0, -0.0, -0.0, -0.0, 1e-06, -1.0, 0.37472, -0.0, 1.0, 1e-06, -0.0, 0.0, 0.0, 0.0, 1.0]
            ]
        },
        {
            "name": "Torso",
            "time": [0.0, 0.15, 0.3833, 0.5, 0.5833, 0.9333, 1.1, 1.5667],
            "transform": [
                [0.965662, -0.025127, 0.258583, -0.0, 0.020968, 0.999603, 0.018828, 0.05, -0.258953, -0.012759, 0.965806, 0.0, 0.0, 0.0, 0.0, 1.0],
                [0.962386, -0.18184, 0.201863, -0.0, 0.156799, 0.97851, 0.133909, 0.05, -0.221875, -0.09722, 0.970216, 0.0, 0.0, 0.0, 0.0, 1.0],
                [0.959244, -0.210607, 0.188402, -0.0, 0.179261, 0.968928, 0.170422, 0.05, -0.21844, -0.129703, 0.967192, -0.0, 0.0, 0.0, 0.0, 1.0],
                [0.92347, -0.210607, 0.320698, 0.0, 0.153667, 0.968928, 0.193816, 0.05, -0.351552, -0.129703, 0.92714, 0.0, 0.0, 0.0, 0.0, 1.0],
                [0.890508, -0.210607, 0.403286, 0.0, 0.135419, 0.968928, 0.206978, 0.05, -0.434346, -0.129703, 0.891359, 0.0, 0.0, 0.0, 0.0, 1.0],
                [0.881203, -0.210607, 0.423233, -0.0, 0.130725, 0.968928, 0.209974, 0.05, -0.454304, -0.129703, 0.881354, 0.0, 0.0, 0.0, 0.0, 1.0],
                [0.958389, -0.046748, 0.281611, 0.0, 0.036515, 0.998472, 0.041477, 0.05, -0.283119, -0.029468, 0.958632, -0.0, 0.0, 0.0, 0.0, 1.0],
                [0.965662, -0.025127, 0.258583, -0.0, 0.020968, 0.999603, 0.018828, 0.05, -0.258953, -0.012759, 0.965806, 0.0, 0.0, 0.0, 0.0, 1.0]
            ]
        },
        {
            "name": "Chest",
            "time": [0.0, 0.15, 0.3833, 0.5, 0.5833, 0.9333, 1.1, 1.5667],
            "transform": [
                [0.986768, -0.023894, -0.160365, 0.0, 0.026191, 0.999582, 0.012223, 0.3, 0.160006, -0.016261, 0.986982, -0.0, 0.0, 0.0, 0.0, 1.0],
                [0.722117, 0.122314, -0.680872, 0.0, 0.125153, 0.944903, 0.30248, 0.3, 0.680356, -0.303639, 0.667023, -0.0, 0.0, 0.0, 0.0, 1.0],
                [0.646949, 0.187533, -0.739113, 0.0, 0.134995, 0.925808, 0.353065, 0.3, 0.750489, -0.328192, 0.573635, 0.0, 0.0, 0.0, 0.0, 1.0],
                [0.923288, 0.053347, 0.380387, 0.0, -0.191211, 0.922719, 0.334707, 0.3, -0.333134, -0.381765, 0.862135, -0.0, 0.0, 0.0, 0.0, 1.0],
                [0.906033, -0.066943, 0.41788, -0.0, 0.045262, 0.997075, 0.061594, 0.3, -0.420781, -0.036892, 0.906412, -0.0, 0.0, 0.0, 0.0, 1.0],
                [0.868009, 0.027084, 0.495809, -0.0, -0.069165, 0.995372, 0.066714, 0.3, -0.491708, -0.092201, 0.865865, -0.0, 0.0, 0.0, 0.0, 1.0],
                [0.994896, 0.07683, -0.065421, 0.0, -0.042448, 0.906805, 0.419409, 0.3, 0.091548, -0.414491, 0.905437, -0.0, 0.0, 0.0, 0.0, 1.0],
                [0.986768, -0.023894, -0.160365, -0.0, 0.026191, 0.999582, 0.012223, 0.3, 0.160006, -0.016261, 0.986982, -0.0, 0.0, 0.0, 0.0, 1.0]
            ]
        },
        {
            "name": "Head",
            "time": [0.0, 0.15, 0.3833, 0.5, 0.5833, 0.9333, 1.1, 1.5667],
            "transform": [
                [0.995809, 0.03176, -0.085771, -0.0, -0.034461, 0.99895, -0.030202, 0.4, 0.084722, 0.033031, 0.995857, 0.0, 0.0, 0.0, 0.0, 1.0],
                [0.439342, 0.030788, 0.897792, -0.0, 0.015938, 0.998988, -0.042058, 0.4, -0.898178, 0.032786, 0.438407, 0.0, 0.0, 0.0, 0.0, 1.0],
                [0.2256, 0.03176, 0.973702, 0.0, 0.02503, 0.99895, -0.038383, 0.4, -0.973899, 0.033031, 0.224568, 0.0, 0.0, 0.0, 0.0, 1.0],
                [0.869455, 0.03176, -0.492991, -0.0, -0.043913, 0.99895, -0.013091, 0.4, 0.492057, 0.033031, 0.869936, -0.0, 0.0, 0.0, 0.0, 1.0],
                [0.439436, 0.03176, -0.897712, -0.0, -0.043638, 0.99895, 0.01398, 0.4, 0.897213, 0.033031, 0.44036, 0.0, 0.0, 0.0, 0.0, 1.0],
                [0.267656, 0.03176, -0.962991, 0.0, -0.040341, 0.99895, 0.021733, 0.4, 0.96267, 0.033031, 0.268656, 0.0, 0.0, 0.0, 0.0, 1.0],
                [0.975845, 0.031753, -0.216144, -0.0, -0.03813, 0.99895, -0.025397, 0.4, 0.215111, 0.033025, 0.976031, 0.0, 0.0, 0.0, 0.0, 1.0],
                [0.907906, 0.03176, 0.417969, 0.0, -0.015014, 0.99895, -0.043293, 0.4, -0.418905, 0.033031, 0.907429, 0.0, 0.0, 0.0, 0.0, 1.0]
            ]
        },
        {
            "name": "Shoulder_R",
            "time": [0.0, 0.15, 0.3833, 0.5833, 0.9333, 1.1, 1.5667],
            "transform": [
                [0.06334, 0.923689, 0.37787, -0.0, -0.094281, -0.371399, 0.923674, 0.4, 0.993528, -0.094132, 0.063562, 0.0, 0.0, 0.0, 0.0, 1.0],
                [0.06334, 0.923689, 0.37787, -0.0, -0.094281, -0.371399, 0.923674, 0.4, 0.993528, -0.094132, 0.063562, 0.0, 0.0, 0.0, 0.0, 1.0],
                [0.06334, 0.923689, 0.37787, 0.0, -0.094281, -0.371399, 0.923674, 0.4, 0.993528, -0.094132, 0.063562, 0.0, 0.0, 0.0, 0.0, 1.0],
                [0.06334, 0.923689, 0.37787, -0.0, -0.094281, -0.371399, 0.923674, 0.4, 0.993528, -0.094132, 0.063562, 0.0, 0.0, 0.0, 0.0, 1.0],
                [0.06334, 0.923689, 0.37787, 0.0, -0.094281, -0.371399, 0.923674, 0.4, 0.993528, -0.094132, 0.063562, 0.0, 0.0, 0.0, 0.0, 1.0],
                [0.06334, 0.923689, 0.37787, -0.0, -0.094281, -0.371399, 0.923674, 0.4, 0.993528, -0.094132, 0.063562, 0.0, 0.0, 0.0, 0.0, 1.0],
                [0.06334, 0.923689, 0.37787, 0.0, -0.094281, -0.371399, 0.923674, 0.4, 0.993528, -0.094132, 0.063562, 0.0, 0.0, 0.0, 0.0, 1.0]
            ]
        },
        {
            "name": "Arm_R",
            "time": [0.0, 0.15, 0.3833, 0.5833, 0.9333, 1.1, 1.5667],
            "transform": [
                [0.095459, 0.079765, -0.992232, -0.0, 0.832695, 0.539784, 0.123503, 0.39386, 0.545442, -0.838016, -0.014892, 0.0, 0.0, 0.0, 0.0, 1.0],
                [-0.023444, 0.287705, -0.957432, 0.0, 0.572262, 0.789135, 0.223119, 0.39386, 0.819735, -0.542672, -0.183143, 0.0, 0.0, 0.0, 0.0, 1.0],
                [-0.115486, 0.299741, -0.947005, 0.0, 0.364625, 0.89962, 0.240277, 0.393861, 0.923965, -0.317552, -0.213187, 0.0, 0.0, 0.0, 0.0, 1.0],
                [0.277666, -0.694927, -0.663308, -0.0, -0.34398, 0.572762, -0.744057, 0.393861, 0.896984, 0.434764, -0.080004, 0.0, 0.0, 0.0, 0.0, 1.0],
                [0.337158, -0.730401, -0.594003, -0.0, -0.359134, 0.483451, -0.798309, 0.393861, 0.870257, 0.482483, -0.099312, -0.0, 0.0, 0.0, 0.0, 1.0],
                [0.050992, -0.834659, -0.548401, 0.0, 0.738948, 0.400925, -0.541493, 0.39386, 0.67183, -0.377627, 0.637214, 0.0, 0.0, 0.0, 0.0, 1.0],
                [0.095459, 0.079765, -0.992232, -0.0, 0.832695, 0.539784, 0.123503, 0.39386, 0.545442, -0.838016, -0.014892, -0.0, 0.0, 0.0, 0.0, 1.0]
            ]
        },
        {
            "name": "Hand_R",
            "time": [0.0, 0.15, 0.3833, 0.5833, 0.9333, 1.1, 1.5667],
            "transform": [
                [0.999599, -0.023021, -0.016487, 0.0, 0.023395, 0.999464, 0.022904, 0.3, 0.015951, -0.02328, 0.999602, -0.0, 0.0, 0.0, 0.0, 1.0],
                [0.999599, -0.028301, 0.000925, -0.0, 0.023395, 0.807055, -0.590013, 0.3, 0.015951, 0.589798, 0.807393, 0.0, 0.0, 0.0, 0.0, 1.0],
                [0.999599, -0.028013, 0.004132, 0.0, 0.023395, 0.734861, -0.677814, 0.3, 0.015951, 0.677639, 0.735222, -0.0, 0.0, 0.0, 0.0, 1.0],
                [0.999599, -0.028013, 0.004132, -0.0, 0.023395, 0.734861, -0.677814, 0.3, 0.015951, 0.677639, 0.735222, -0.0, 0.0, 0.0, 0.0, 1.0],
                [0.999599, -0.028013, 0.004132, 0.0, 0.023395, 0.734861, -0.677814, 0.3, 0.015951, 0.677639, 0.735222, 0.0, 0.0, 0.0, 0.0, 1.0],
                [0.999599, -0.024465, -0.014256, -0.0, 0.023395, 0.997208, -0.070922, 0.3, 0.015951, 0.07056, 0.99738, -0.0, 0.0, 0.0, 0.0, 1.0],
                [0.999599, -0.023021, -0.016487, 0.0, 0.023395, 0.999464, 0.022904, 0.3, 0.015951, -0.02328, 0.999602, 0.0, 0.0, 0.0, 0.0, 1.0]
            ]
        },
        {
            "name": "Tool_R",
            "time": [0.0, 0.15, 0.3833, 0.5833, 0.9333, 1.1, 1.5667],
            "transform": [
                [0.999822, 0.009713, 0.016189, -0.017311, 0.006818, -0.985396, 0.17014, 0.36637, 0.017595, -0.169909, -0.984702, 0.051121, 0.0, 0.0, 0.0, 1.0],
                [0.999822, 0.009713, 0.016189, -0.017311, 0.006818, -0.985396, 0.17014, 0.36637, 0.017594, -0.169909, -0.984702, 0.051121, 0.0, 0.0, 0.0, 1.0],
                [0.999822, 0.009713, 0.016189, -0.017312, 0.006819, -0.985396, 0.17014, 0.366371, 0.017595, -0.169909, -0.984702, 0.051121, 0.0, 0.0, 0.0, 1.0],
                [0.999822, 0.009713, 0.016189, -0.017311, 0.006818, -0.985396, 0.17014, 0.36637, 0.017595, -0.169909, -0.984702, 0.051121, 0.0, 0.0, 0.0, 1.0],
                [0.999822, 0.009713, 0.016189, -0.017311, 0.006818, -0.985396, 0.17014, 0.36637, 0.017595, -0.169909, -0.984702, 0.051121, 0.0, 0.0, 0.0, 1.0],
                [0.999822, 0.009713, 0.016189, -0.017312, 0.006818, -0.985396, 0.17014, 0.36637, 0.017594, -0.169909, -0.984702, 0.051121, 0.0, 0.0, 0.0, 1.0],
                [0.999822, 0.009713, 0.016189, -0.017311, 0.006818, -0.985396, 0.17014, 0.36637, 0.017595, -0.169909, -0.984702, 0.051121, 0.0, 0.0, 0.0, 1.0]
            ]
        },
        {
            "name": "Elbow_R",
            "time": [0.0, 0.15, 0.3833, 0.5833, 0.9333, 1.1, 1.5667],
            "transform": [
                [-1.0, 0.0, 0.0, 0.0, -0.0, -0.139408, -0.990235, 0.335189, -0.0, -0.990235, 0.139409, -0.005621, 0.0, 0.0, 0.0, 1.0],
                [-1.0, 0.0, 0.0, -0.0, -0.0, -0.139409, -0.990235, 0.335189, -0.0, -0.990235, 0.139409, -0.005621, 0.0, 0.0, 0.0, 1.0],
                [-1.0, 0.0, 0.0, 0.0, -0.0, -0.139408, -0.990235, 0.335189, -0.0, -0.990235, 0.139409, -0.005621, 0.0, 0.0, 0.0, 1.0],
                [-1.0, 0.0, 0.0, -0.0, -0.0, -0.139408, -0.990235, 0.335189, -0.0, -0.990235, 0.139409, -0.005621, 0.0, 0.0, 0.0, 1.0],
                [-1.0, 0.0, 0.0, 0.0, -0.0, -0.139409, -0.990235, 0.335189, -0.0, -0.990235, 0.139408, -0.005621, 0.0, 0.0, 0.0, 1.0],
                [-1.0, 0.0, 0.0, -0.0, -0.0, -0.139408, -0.990235, 0.335189, -0.0, -0.990235, 0.139409, -0.005621, 0.0, 0.0, 0.0, 1.0],
                [-1.0, 0.0, 0.0, -0.0, -0.0, -0.139408, -0.990235, 0.335189, -0.0, -0.990235, 0.139408, -0.005621, 0.0, 0.0, 0.0, 1.0]
            ]
        },
        {
            "name": "Shoulder_L",
            "time": [0.0, 0.15, 0.3833, 0.5833, 0.9333, 1.1, 1.5667],
            "transform": [
                [-0.007939, -0.952498, -0.304441, -0.0, -0.088921, -0.302572, 0.94897, 0.4, -0.996007, 0.034605, -0.082295, 0.0, 0.0, 0.0, 0.0, 1.0],
                [-0.007939, -0.952498, -0.304441, -0.0, -0.088921, -0.302572, 0.948969, 0.4, -0.996007, 0.034605, -0.082295, 0.0, 0.0, 0.0, 0.0, 1.0],
                [-0.007939, -0.952498, -0.304441, 0.0, -0.088921, -0.302572, 0.94897, 0.4, -0.996007, 0.034605, -0.082295, 0.0, 0.0, 0.0, 0.0, 1.0],
                [-0.007939, -0.952498, -0.304441, -0.0, -0.088921, -0.302572, 0.94897, 0.4, -0.996007, 0.034605, -0.082295, 0.0, 0.0, 0.0, 0.0, 1.0],
                [-0.007939, -0.952498, -0.304441, 0.0, -0.088921, -0.302572, 0.948969, 0.4, -0.996007, 0.034605, -0.082295, 0.0, 0.0, 0.0, 0.0, 1.0],
                [-0.007939, -0.952498, -0.304441, -0.0, -0.088921, -0.302572, 0.94897, 0.4, -0.996007, 0.034605, -0.082295, 0.0, 0.0, 0.0, 0.0, 1.0],
                [-0.007939, -0.952498, -0.304441, 0.0, -0.088921, -0.302572, 0.94897, 0.4, -0.996007, 0.034605, -0.082295, 0.0, 0.0, 0.0, 0.0, 1.0]
            ]
        },
        {
            "name": "Arm_L",
            "time": [0.0, 0.15, 0.3833, 0.5833, 0.9333, 1.1, 1.5667],
            "transform": [
                [-0.146701, -0.409837, 0.900284, -0.0, -0.980855, 0.178104, -0.078752, 0.39386, -0.128068, -0.894602, -0.428119, -0.0, 0.0, 0.0, 0.0, 1.0],
                [0.152749, 0.255476, 0.954673, -0.0, -0.619327, 0.777533, -0.108979, 0.39386, -0.770131, -0.574608, 0.276991, 0.0, 0.0, 0.0, 0.0, 1.0],
                [0.246455, 0.332923, 0.910177, -0.0, -0.524403, 0.835596, -0.163647, 0.39386, -0.815022, -0.436968, 0.380523, 0.0, 0.0, 0.0, 0.0, 1.0],
                [0.246455, 0.332923, 0.910177, 0.0, -0.524403, 0.835596, -0.163647, 0.39386, -0.815022, -0.436968, 0.380523, -0.0, 0.0, 0.0, 0.0, 1.0],
                [0.246455, 0.332923, 0.910177, 0.0, -0.524403, 0.835596, -0.163647, 0.39386, -0.815022, -0.436968, 0.380523, -0.0, 0.0, 0.0, 0.0, 1.0],
                [0.071397, -0.471024, 0.879226, 0.0, -0.835221, 0.453631, 0.310845, 0.39386, -0.54526, -0.756541, -0.361021, 0.0, 0.0, 0.0, 0.0, 1.0],
                [-0.146701, -0.409837, 0.900284, -0.0, -0.980855, 0.178104, -0.078752, 0.39386, -0.128068, -0.894602, -0.428119, -0.0, 0.0, 0.0, 0.0, 1.0]
            ]
        },
        {
            "name": "Hand_L",
            "time": [0.0, 0.15, 0.3833, 0.5833, 0.9333, 1.1, 1.5667],
            "transform": [
                [0.99991, 0.013352, -0.001578, 0.0, -0.012582, 0.887892, -0.45988, 0.3, -0.004739, 0.459858, 0.88798, -0.0, 0.0, 0.0, 0.0, 1.0],
                [0.99991, 0.010119, -0.008854, -0.0, -0.012582, 0.472107, -0.881452, 0.3, -0.004739, 0.881483, 0.472192, 0.0, 0.0, 0.0, 0.0, 1.0],
                [0.99991, 0.009136, -0.009864, 0.0, -0.012582, 0.377285, -0.926012, 0.3, -0.004739, 0.926053, 0.377365, -0.0, 0.0, 0.0, 0.0, 1.0],
                [0.99991, 0.013438, -0.000413, 0.0, -0.012582, 0.92445, -0.381097, 0.3, -0.004739, 0.381068, 0.924535, -0.0, 0.0, 0.0, 0.0, 1.0],
                [0.99991, 0.013432, 0.000599, -0.0, -0.012582, 0.950519, -0.310413, 0.3, -0.004739, 0.310378, 0.950602, -0.0, 0.0, 0.0, 0.0, 1.0],
                [0.99991, 0.013381, -0.001309, 0.0, -0.012582, 0.89698, -0.441893, 0.3, -0.004739, 0.44187, 0.897067, -0.0, 0.0, 0.0, 0.0, 1.0],
                [0.99991, 0.013352, -0.001578, -0.0, -0.012582, 0.887892, -0.45988, 0.3, -0.004739, 0.459858, 0.88798, 0.0, 0.0, 0.0, 0.0, 1.0]
            ]
        },
        {
            "name": "Tool_L",
            "time": [0.0, 0.15, 0.3833, 0.5833, 0.9333, 1.1, 1.5667],
            "transform": [
                [0.998658, 0.039723, -0.033233, -0.012677, 0.043929, -0.98956, 0.137266, 0.208813, -0.027417, -0.138471, -0.989393, 0.160811, 0.0, 0.0, 0.0, 1.0],
                [0.998658, 0.039723, -0.033233, -0.012677, 0.043929, -0.98956, 0.137266, 0.208813, -0.027417, -0.138471, -0.989393, 0.160811, 0.0, 0.0, 0.0, 1.0],
                [0.998658, 0.039723, -0.033233, -0.012677, 0.043929, -0.98956, 0.137266, 0.208813, -0.027417, -0.138471, -0.989393, 0.160811, 0.0, 0.0, 0.0, 1.0],
                [0.998658, 0.039723, -0.033233, -0.012677, 0.043929, -0.989559, 0.137266, 0.208813, -0.027417, -0.13847, -0.989393, 0.160811, 0.0, 0.0, 0.0, 1.0],
                [0.998658, 0.039723, -0.033233, -0.012677, 0.043929, -0.98956, 0.137266, 0.208813, -0.027417, -0.138471, -0.989393, 0.160811, 0.0, 0.0, 0.0, 1.0],
                [0.998658, 0.039723, -0.033233, -0.012677, 0.043929, -0.98956, 0.137266, 0.208813, -0.027417, -0.138471, -0.989393, 0.160811, 0.0, 0.0, 0.0, 1.0],
                [0.998658, 0.039723, -0.033233, -0.012677, 0.043929, -0.98956, 0.137266, 0.208813, -0.027417, -0.138471, -0.989393, 0.160811, 0.0, 0.0, 0.0, 1.0]
            ]
        },
        {
            "name": "Elbow_L",
            "time": [0.0, 0.15, 0.3833, 0.5833, 0.9333, 1.1, 1.5667],
            "transform": [
                [-0.999641, -0.004744, -0.026384, -0.001644, 0.023045, 0.350725, -0.936195, 0.298484, 0.013695, -0.936467, -0.350489, -0.001028, 0.0, 0.0, 0.0, 1.0],
                [-0.999641, -0.004744, -0.026384, -0.001644, 0.023045, 0.350725, -0.936195, 0.298484, 0.013695, -0.936467, -0.350489, -0.001028, 0.0, 0.0, 0.0, 1.0],
                [-0.999641, -0.004744, -0.026384, -0.001644, 0.023045, 0.350725, -0.936195, 0.298484, 0.013695, -0.936467, -0.350489, -0.001028, 0.0, 0.0, 0.0, 1.0],
                [-0.999641, -0.004744, -0.026384, -0.001644, 0.023045, 0.350725, -0.936195, 0.298484, 0.013695, -0.936467, -0.350489, -0.001028, 0.0, 0.0, 0.0, 1.0],
                [-0.999641, -0.004744, -0.026384, -0.001644, 0.023045, 0.350725, -0.936195, 0.298484, 0.013695, -0.936467, -0.350489, -0.001028, 0.0, 0.0, 0.0, 1.0],
                [-0.999641, -0.004744, -0.026384, -0.001644, 0.023045, 0.350725, -0.936195, 0.298484, 0.013695, -0.936467, -0.350489, -0.001028, 0.0, 0.0, 0.0, 1.0],
                [-0.999641, -0.004744, -0.026384, -0.001644, 0.023045, 0.350725, -0.936195, 0.298484, 0.013695, -0.936467, -0.350489, -0.001028, 0.0, 0.0, 0.0, 1.0]
            ]
        }
    ]
}