{
    "animation": [
        {
            "name": "Root",
            "time": [0.0, 0.25, 0.6833, 0.9, 1.1, 1.4667, 1.6333, 1.8167, 2.1],
            "transform": [
                [0.997804, 0.0, 0.066238, -5e-06, 0.066238, 0.0, -0.997804, 0.000946, 0.0, 1.0, 0.0, 0.734337, 0.0, 0.0, 0.0, 1.0],
                [0.530396, 0.010024, -0.847691, 0.033105, -0.841945, -0.110598, -0.528108, -0.634823, -0.099046, 0.993815, -0.050221, 0.687884, 0.0, 0.0, 0.0, 1.0],
                [0.369879, 0.0, -0.92908, 0.038918, -0.921528, -0.127245, -0.366873, -0.746455, -0.118221, 0.991871, -0.047065, 0.679728, 0.0, 0.0, 0.0, 1.0],
                [0.369879, 0.0, -0.92908, 0.042492, -0.921528, -0.127245, -0.366873, -0.798954, -0.118221, 0.991871, -0.047065, 0.611366, 0.0, 0.0, 0.0, 1.0],
                [0.708352, 0.117455, 0.696019, 0.042492, 0.695889, 0.048945, -0.716479, 1.032481, -0.118221, 0.991871, -0.047065, 0.611366, 0.0, 0.0, 0.0, 1.0],
                [0.809591, 0.123723, 0.573808, 0.042492, 0.574967, 0.029732, -0.817636, 1.211157, -0.118221, 0.991871, -0.047065, 0.611366, 0.0, 0.0, 0.0, 1.0],
                [0.95028, 0.015787, 0.310995, 0.040066, 0.296806, 0.256196, -0.919929, 1.41126, -0.094199, 0.966496, 0.238772, 0.623624, 0.0, 0.0, 0.0, 1.0],
                [0.992734, 0.025838, -0.117522, 0.023942, -0.120277, 0.241866, -0.962826, 1.627454, 0.003548, 0.969965, 0.243217, 0.754508, 0.0, 0.0, 0.0, 1.0],
                [0.854689, 0.0, -0.51914, -5e-06, -0.51914, 0.0, -0.854689, 1.818277, 0.0, 1.0, 0.0, 0.734337, 0.0, 0.0, 0.0, 1.0]
            ]
        },
        {
            "name": "Thigh_R",
            "time": [0.0, 0.15, 0.25, 0.6833, 0.9, 1.1, 1.4667, 1.6333, 2.1],
            "transform": [
                [0.99201, 0.096011, -0.081839, 0.124994, 0.12386, -0.864452, 0.487214, -0.002831, -0.023968, -0.493456, -0.86944, -1.2e-05, 0.0, 0.0, 0.0, 1.0],
                [0.918387, 0.268315, -0.290812, 0.124994, 0.395135, -0.660556, 0.638382, -0.002831, -0.020811, -0.70119, -0.712669, -1.2e-05, 0.0, 0.0, 0.0, 1.0],
                [0.839556, 0.496102, -0.22142, 0.124994, 0.542384, -0.788711, 0.2894, -0.002831, -0.031064, -0.363061, -0.931247, -1.2e-05, 0.0, 0.0, 0.0, 1.0],
                [0.794585, 0.559576, -0.235601, 0.124994, 0.605907, -0.755657, 0.248708, -0.002831, -0.038863, -0.340371, -0.939488, -1.2e-05, 0.0, 0.0, 0.0, 1.0],
                [0.794585, 0.498748, -0.346241, 0.124994, 0.605907, -0.687879, 0.39962, -0.002831, -0.038863, -0.527321, -0.848776, -1.2e-05, 0.0, 0.0, 0.0, 1.0],
                [0.824768, 0.562834, -0.054534, 0.124994, 0.226418, -0.240329, 0.943916, -0.002831, 0.518163, -0.790857, -0.325653, -1.2e-05, 0.0, 0.0, 0.0, 1.0],
                [0.814352, 0.576287, -0.068717, 0.124994, 0.17881, -0.136491, 0.97437, -0.002831, 0.552138, -0.805767, -0.214199, -1.2e-05, 0.0, 0.0, 0.0, 1.0],
                [0.973751, 0.139551, -0.179815, 0.124994, 0.218897, -0.357614, 0.907852, -0.002831, 0.062388, -0.923381, -0.378776, -1.2e-05, 0.0, 0.0, 0.0, 1.0],
                [0.984651, 0.173938, 0.014417, 0.124994, 0.174461, -0.983273, -0.052289, -0.002831, 0.005081, 0.054002, -0.998528, -1.2e-05, 0.0, 0.0, 0.0, 1.0]
            ]
        },
        {
            "name": "Leg_R",
            "time": [0.0, 0.15, 0.25, 0.6833, 0.9, 1.1, 1.4667, 1.6333, 2.1],
            "transform": [
                [0.998294, -0.058101, -0.005717, -0.0, 0.058095, 0.978904, 0.195889, 0.37472, -0.005785, -0.195888, 0.980609, -0.0, 0.0, 0.0, 0.0, 1.0],
                [0.998294, -0.020139, -0.054798, -0.0, 0.058094, 0.249662, 0.966588, 0.37472, -0.005785, -0.968124, 0.250406, 0.0, 0.0, 0.0, 0.0, 1.0],
                [0.998294, -0.049056, -0.031653, 0.0, 0.058094, 0.780982, 0.621845, 0.37472, -0.005785, -0.622624, 0.782499, 0.0, 0.0, 0.0, 0.0, 1.0],
                [0.998294, -0.046276, -0.035594, -0.0, 0.058094, 0.72699, 0.684186, 0.37472, -0.005785, -0.685088, 0.728437, 0.0, 0.0, 0.0, 0.0, 1.0],
                [0.998294, -0.022865, -0.053718, 0.0, 0.058094, 0.297882, 0.952833, 0.37472, -0.005785, -0.95433, 0.298702, -0.0, 0.0, 0.0, 0.0, 1.0],
                [0.998295, 0.011882, -0.05716, -0.0, 0.058094, -0.29919, 0.952423, 0.37472, -0.005785, -0.95412, -0.299369, -0.0, 0.0, 0.0, 0.0, 1.0],
                [0.998295, -0.004714, -0.058191, 0.0, 0.058094, -0.01855, 0.998138, 0.37472, -0.005785, -0.999818, -0.018244, 0.0, 0.0, 0.0, 0.0, 1.0],
                [0.998295, -0.035995, -0.04595, 0.0, 0.058078, 0.53396, 0.843512, 0.37472, -0.005826, -0.844744, 0.535139, 0.0, 0.0, 0.0, 0.0, 1.0],
                [0.998294, -0.058101, -0.005717, 0.0, 0.058095, 0.978904, 0.195889, 0.37472, -0.005785, -0.195888, 0.980609, 0.0, 0.0, 0.0, 0.0, 1.0]
            ]
        },
        {
            "name": "Knee_R",
            "time": [0.0, 0.25, 0.6833, 0.9, 1.1, 1.4667, 1.6333, 2.1],
            "transform": [
                [1.0, 0.0, -0.0, -0.0, -0.0, 1e-06, -1.0, 0.37472, -0.0, 1.0, 1e-06, -0.0, 0.0, 0.0, 0.0, 1.0],
                [1.0, -0.0, -0.0, 0.0, -0.0, 1e-06, -1.0, 0.37472, -0.0, 1.0, 1e-06, 0.0, 0.0, 0.0, 0.0, 1.0],
                [1.0, 0.0, -0.0, -0.0, -0.0, 1e-06, -1.0, 0.37472, -0.0, 1.0, 1e-06, 0.0, 0.0, 0.0, 0.0, 1.0],
                [1.0, 0.0, -0.0, 0.0, -0.0, 1e-06, -1.0, 0.37472, -0.0, 1.0, 1e-06, -0.0, 0.0, 0.0, 0.0, 1.0],
                [1.0, 0.0, -0.0, -0.0, -0.0, 1e-06, -1.0, 0.37472, -0.0, 1.0, 1e-06, -0.0, 0.0, 0.0, 0.0, 1.0],
                [1.0, 0.0, -0.0, 0.0, -0.0, 1e-06, -1.0, 0.37472, -0.0, 1.0, 1e-06, 0.0, 0.0, 0.0, 0.0, 1.0],
                [1.0, 0.0, -0.0, 0.0, -0.0, 1e-06, -1.0, 0.37472, -0.0, 1.0, 1e-06, 0.0, 0.0, 0.0, 0.0, 1.0],
                [1.0, 0.0, -0.0, 0.0, -0.0, 1e-06, -1.0, 0.37472, -0.0, 1.0, 1e-06, 0.0, 0.0, 0.0, 0.0, 1.0]
            ]
        },
        {
            "name": "Thigh_L",
            "time": [0.0, 0.25, 0.6833, 0.9, 1.0167, 1.1, 1.4667, 1.6333, 2.1],
            "transform": [
                [0.767871, -0.308738, -0.561297, -0.109662, -0.373507, -0.927627, -0.000734, -0.002831, -0.520448, 0.210213, -0.827614, 0.02525, 0.0, 0.0, 0.0, 1.0],
                [0.639925, -0.400522, -0.655803, -0.109662, -0.060818, -0.877146, 0.476357, -0.002831, -0.766026, -0.264948, -0.585666, 0.02525, 0.0, 0.0, 0.0, 1.0],
                [0.617814, -0.422886, -0.662927, -0.109662, 0.006105, -0.840466, 0.541829, -0.002831, -0.786299, -0.338797, -0.516671, 0.02525, 0.0, 0.0, 0.0, 1.0],
                [0.617814, -0.525334, -0.585089, -0.109662, 0.006105, -0.740855, 0.671637, -0.002831, -0.7863, -0.418519, -0.454505, 0.02525, 0.0, 0.0, 0.0, 1.0],
                [0.928349, 0.200065, -0.313274, -0.109662, -0.041678, -0.781456, -0.622566, -0.002831, -0.369363, 0.591016, -0.717126, 0.02525, 0.0, 0.0, 0.0, 1.0],
                [0.877197, -0.295131, 0.378711, -0.109662, -0.161717, -0.924295, -0.345724, -0.002831, 0.452074, 0.242025, -0.858517, 0.02525, 0.0, 0.0, 0.0, 1.0],
                [0.830919, -0.282113, 0.479567, -0.109662, -0.105082, -0.925981, -0.362652, -0.002831, 0.546379, 0.250941, -0.799061, 0.02525, 0.0, 0.0, 0.0, 1.0],
                [0.783231, -0.424476, -0.454278, -0.109662, -0.341681, -0.90431, 0.255884, -0.002831, -0.519425, -0.045198, -0.85332, 0.02525, 0.0, 0.0, 0.0, 1.0],
                [0.784702, -0.303887, -0.540272, -0.109662, -0.081415, -0.914563, 0.396164, -0.002831, -0.614502, -0.266885, -0.742401, 0.02525, 0.0, 0.0, 0.0, 1.0]
            ]
        },
        {
            "name": "Leg_L",
            "time": [0.0, 0.25, 0.6833, 0.9, 1.0167, 1.1, 1.4667, 1.6333, 2.1],
            "transform": [
                [0.997933, 0.05815, 0.027369, 0.0, -0.064028, 0.936412, 0.345012, 0.37472, -0.005566, -0.34605, 0.9382, -0.0, 0.0, 0.0, 0.0, 1.0],
                [0.997933, 0.048719, 0.041917, -0.0, -0.064028, 0.810121, 0.582755, 0.37472, -0.005567, -0.584234, 0.811566, 0.0, 0.0, 0.0, 0.0, 1.0],
                [0.997933, 0.046679, 0.044177, 0.0, -0.064028, 0.781618, 0.620463, 0.37472, -0.005566, -0.622008, 0.782991, -0.0, 0.0, 0.0, 0.0, 1.0],
                [0.997933, 0.028124, 0.057789, -0.0, -0.064028, 0.512929, 0.85604, 0.37472, -0.005567, -0.85797, 0.51367, -0.0, 0.0, 0.0, 0.0, 1.0],
                [0.997386, 0.068008, 0.02443, -0.0, -0.071881, 0.968416, 0.238751, 0.37472, -0.007421, -0.239882, 0.970774, -0.0, 0.0, 0.0, 0.0, 1.0],
                [0.997933, 0.05843, 0.026766, 0.0, -0.064028, 0.939933, 0.335299, 0.37472, -0.005567, -0.336319, 0.941732, -0.0, 0.0, 0.0, 0.0, 1.0],
                [0.997933, 0.060065, 0.022863, 0.0, -0.064028, 0.959959, 0.272725, 0.37472, -0.005567, -0.273624, 0.961821, 0.0, 0.0, 0.0, 0.0, 1.0],
                [0.997933, 0.036343, 0.053007, 0.0, -0.064028, 0.633627, 0.770985, 0.37472, -0.005567, -0.772784, 0.634644, -0.0, 0.0, 0.0, 0.0, 1.0],
                [0.997933, 0.05815, 0.027369, 0.0, -0.064028, 0.936412, 0.345012, 0.37472, -0.005566, -0.34605, 0.9382, 0.0, 0.0, 0.0, 0.0, 1.0]
            ]
        },
        {
            "name": "Knee_L",
            "time": [0.0, 0.25, 0.6833, 0.9, 1.1, 1.4667, 1.6333, 2.1],
            "transform": [
                [1.0, 0.0, -0.0, 0.0, -0.0, 1e-06, -1.0, 0.37472, -0.0, 1.0, 1e-06, -0.0, 0.0, 0.0, 0.0, 1.0],
                [1.0, 0.0, -0.0, -0.0, -0.0, 1e-06, -1.0, 0.37472, -0.0, 1.0, 1e-06, 0.0, 0.0, 0.0, 0.0, 1.0],
                [1.0, 0.0, -0.0, 0.0, -0.0, 1e-06, -1.0, 0.37472, -0.0, 1.0, 1e-06, -0.0, 0.0, 0.0, 0.0, 1.0],
                [1.0, 0.0, -0.0, -0.0, -0.0, 1e-06, -1.0, 0.37472, -0.0, 1.0, 1e-06, -0.0, 0.0, 0.0, 0.0, 1.0],
                [1.0, 0.0, -0.0, 0.0, -0.0, 1e-06, -1.0, 0.37472, -0.0, 1.0, 1e-06, -0.0, 0.0, 0.0, 0.0, 1.0],
                [1.0, 0.0, -0.0, 0.0, -0.0, 1e-06, -1.0, 0.37472, -0.0, 1.0, 1e-06, 0.0, 0.0, 0.0, 0.0, 1.0],
                [1.0, 0.0, -0.0, 0.0, -0.0, 1e-06, -1.0, 0.37472, -0.0, 1.0, 1e-06, -0.0, 0.0, 0.0, 0.0, 1.0],
                [1.0, 0.0, -0.0, 0.0, -0.0, 1e-06, -1.0, 0.37472, -0.0, 1.0, 1e-06, 0.0, 0.0, 0.0, 0.0, 1.0]
            ]
        },
        {
            "name": "Torso",
            "time": [0.0, 0.25, 0.6833, 0.9, 1.0167, 1.1, 1.4667, 1.6333, 2.1],
            "transform": [
                [0.965662, -0.025127, 0.258583, -0.0, 0.020968, 0.999603, 0.018828, 0.05, -0.258953, -0.012759, 0.965806, 0.0, 0.0, 0.0, 0.0, 1.0],
                [0.962261, -0.183782, 0.200691, -0.0, 0.155501, 0.976578, 0.148711, 0.05, -0.223321, -0.111891, 0.968302, 0.0, 0.0, 0.0, 0.0, 1.0],
                [0.959244, -0.210607, 0.188402, 0.0, 0.179261, 0.968928, 0.170422, 0.05, -0.21844, -0.129703, 0.967192, -0.0, 0.0, 0.0, 0.0, 1.0],
                [0.959244, -0.210607, 0.188402, -0.0, 0.179261, 0.968928, 0.170422, 0.05, -0.21844, -0.129703, 0.967192, -0.0, 0.0, 0.0, 0.0, 1.0],
                [0.92347, -0.210607, 0.320698, -0.0, 0.153667, 0.968928, 0.193816, 0.05, -0.351552, -0.129703, 0.92714, 0.0, 0.0, 0.0, 0.0, 1.0],
                [0.890508, -0.210607, 0.403286, -0.0, 0.135419, 0.968928, 0.206978, 0.05, -0.434346, -0.129703, 0.891359, 0.0, 0.0, 0.0, 0.0, 1.0],
                [0.881203, -0.210607, 0.423233, -0.0, 0.130725, 0.968928, 0.209974, 0.05, -0.454304, -0.129703, 0.881354, 0.0, 0.0, 0.0, 0.0, 1.0],
                [0.958389, -0.046748, 0.281611, 0.0, 0.036515, 0.998472, 0.041477, 0.05, -0.283119, -0.029468, 0.958632, 0.0, 0.0, 0.0, 0.0, 1.0],
                [0.965662, -0.025127, 0.258583, -0.0, 0.020968, 0.999603, 0.018828, 0.05, -0.258953, -0.012759, 0.965806, 0.0, 0.0, 0.0, 0.0, 1.0]
            ]
        },
        {
            "name": "Chest",
            "time": [0.0, 0.25, 0.6833, 0.9, 1.0167, 1.1, 1.4667, 1.6333, 2.1],
            "transform": [
                [0.986768, -0.023894, -0.160365, 0.0, 0.026191, 0.999582, 0.012223, 0.3, 0.160006, -0.016261, 0.986982, -0.0, 0.0, 0.0, 0.0, 1.0],
                [0.833171, 0.038136, -0.551699, -0.0, 0.077287, 0.979799, 0.184447, 0.3, 0.547589, -0.196315, 0.813393, -0.0, 0.0, 0.0, 0.0, 1.0],
                [0.790376, 0.056447, -0.610016, 0.0, 0.093337, 0.973026, 0.210971, 0.3, 0.60547, -0.223684, 0.763788, 0.0, 0.0, 0.0, 0.0, 1.0],
                [0.646949, 0.187533, -0.739113, 0.0, 0.134995, 0.925808, 0.353065, 0.3, 0.750489, -0.328192, 0.573635, 0.0, 0.0, 0.0, 0.0, 1.0],
                [0.923288, 0.053347, 0.380387, -0.0, -0.191211, 0.922719, 0.334707, 0.3, -0.333134, -0.381765, 0.862135, -0.0, 0.0, 0.0, 0.0, 1.0],
                [0.906032, -0.066943, 0.41788, -0.0, 0.045261, 0.997074, 0.061594, 0.3, -0.420781, -0.036892, 0.906412, 0.0, 0.0, 0.0, 0.0, 1.0],
                [0.868009, 0.027084, 0.495809, -0.0, -0.069165, 0.995372, 0.066714, 0.3, -0.491708, -0.092201, 0.865865, -0.0, 0.0, 0.0, 0.0, 1.0],
                [0.994896, 0.07683, -0.065421, 0.0, -0.042448, 0.906805, 0.419409, 0.3, 0.091548, -0.414491, 0.905437, -0.0, 0.0, 0.0, 0.0, 1.0],
                [0.986768, -0.023894, -0.160365, 0.0, 0.026191, 0.999582, 0.012223, 0.3, 0.160006, -0.016261, 0.986982, -0.0, 0.0, 0.0, 0.0, 1.0]
            ]
        },
        {
            "name": "Head",
            "time": [0.0, 0.25, 0.6833, 0.9, 1.0167, 1.1, 1.4667, 1.6333, 2.1],
            "transform": [
                [0.995809, 0.03176, -0.085771, -0.0, -0.034461, 0.99895, -0.030202, 0.4, 0.084722, 0.033031, 0.995857, 0.0, 0.0, 0.0, 0.0, 1.0],
                [0.937284, 0.03176, 0.347118, -0.0, -0.01829, 0.99895, -0.042014, 0.4, -0.348088, 0.033031, 0.93688, -0.0, 0.0, 0.0, 0.0, 1.0],
                [0.907906, 0.03176, 0.417969, -0.0, -0.015014, 0.99895, -0.043293, 0.4, -0.418905, 0.033031, 0.907429, -0.0, 0.0, 0.0, 0.0, 1.0],
                [0.2256, 0.03176, 0.973702, 0.0, 0.02503, 0.99895, -0.038383, 0.4, -0.973899, 0.033031, 0.224568, 0.0, 0.0, 0.0, 0.0, 1.0],
                [0.869455, 0.03176, -0.492991, 0.0, -0.043913, 0.99895, -0.013091, 0.4, 0.492057, 0.033031, 0.869936, -0.0, 0.0, 0.0, 0.0, 1.0],
                [0.439436, 0.03176, -0.897712, 0.0, -0.043638, 0.99895, 0.01398, 0.4, 0.897213, 0.033031, 0.44036, -0.0, 0.0, 0.0, 0.0, 1.0],
                [0.267656, 0.03176, -0.962991, 0.0, -0.040341, 0.99895, 0.021733, 0.4, 0.96267, 0.033031, 0.268656, 0.0, 0.0, 0.0, 0.0, 1.0],
                [0.975845, 0.031753, -0.216144, -0.0, -0.03813, 0.99895, -0.025397, 0.4, 0.215111, 0.033025, 0.976031, 0.0, 0.0, 0.0, 0.0, 1.0],
                [0.907906, 0.03176, 0.417969, 0.0, -0.015014, 0.99895, -0.043293, 0.4, -0.418905, 0.033031, 0.907429, -0.0, 0.0, 0.0, 0.0, 1.0]
            ]
        },
        {
            "name": "Shoulder_R",
            "time": [0.0, 0.25, 0.6833, 0.9, 1.1, 1.4667, 1.6333, 2.1],
            "transform": [
                [0.06334, 0.923689, 0.37787, -0.0, -0.094281, -0.371399, 0.923674, 0.4, 0.993528, -0.094132, 0.063562, 0.0, 0.0, 0.0, 0.0, 1.0],
                [0.06334, 0.923689, 0.37787, -0.0, -0.094281, -0.371398, 0.923674, 0.4, 0.993528, -0.094132, 0.063562, -0.0, 0.0, 0.0, 0.0, 1.0],
                [0.06334, 0.923689, 0.37787, -0.0, -0.094281, -0.371398, 0.923674, 0.4, 0.993528, -0.094132, 0.063562, -0.0, 0.0, 0.0, 0.0, 1.0],
                [0.06334, 0.923689, 0.37787, 0.0, -0.094281, -0.371399, 0.923674, 0.4, 0.993528, -0.094132, 0.063562, 0.0, 0.0, 0.0, 0.0, 1.0],
                [0.06334, 0.923689, 0.37787, 0.0, -0.094281, -0.371399, 0.923674, 0.4, 0.993529, -0.094132, 0.063562, -0.0, 0.0, 0.0, 0.0, 1.0],
                [0.06334, 0.923689, 0.37787, 0.0, -0.094281, -0.371399, 0.923674, 0.4, 0.993528, -0.094132, 0.063562, 0.0, 0.0, 0.0, 0.0, 1.0],
                [0.06334, 0.923689, 0.37787, -0.0, -0.094281, -0.371399, 0.923674, 0.4, 0.993528, -0.094132, 0.063562, 0.0, 0.0, 0.0, 0.0, 1.0],
                [0.06334, 0.923689, 0.37787, 0.0, -0.094281, -0.371399, 0.923674, 0.4, 0.993528, -0.094132, 0.063562, -0.0, 0.0, 0.0, 0.0, 1.0]
            ]
        },
        {
            "name": "Arm_R",
            "time": [0.0, 0.25, 0.6833, 0.9, 1.1, 1.4667, 1.6333, 2.1],
            "transform": [
                [0.095459, 0.079765, -0.992232, -0.0, 0.832695, 0.539784, 0.123503, 0.39386, 0.545442, -0.838016, -0.014892, 0.0, 0.0, 0.0, 0.0, 1.0],
                [-0.044175, 0.319705, -0.946487, -0.0, 0.532909, 0.808904, 0.248359, 0.39386, 0.845019, -0.49342, -0.206107, -0.0, 0.0, 0.0, 0.0, 1.0],
                [-0.078317, 0.35256, -0.932506, -0.0, 0.470941, 0.837516, 0.277094, 0.39386, 0.878681, -0.417454, -0.231627, -0.0, 0.0, 0.0, 0.0, 1.0],
                [-0.115486, 0.299741, -0.947005, 0.0, 0.364625, 0.89962, 0.240277, 0.393861, 0.923965, -0.317552, -0.213187, 0.0, 0.0, 0.0, 0.0, 1.0],
                [0.277666, -0.694927, -0.663308, -0.0, -0.34398, 0.572762, -0.744057, 0.39386, 0.896984, 0.434764, -0.080004, -0.0, 0.0, 0.0, 0.0, 1.0],
                [0.337158, -0.730401, -0.594003, -0.0, -0.359134, 0.483451, -0.798309, 0.393861, 0.870257, 0.482483, -0.099312, -0.0, 0.0, 0.0, 0.0, 1.0],
                [0.050992, -0.834659, -0.548401, 0.0, 0.738948, 0.400925, -0.541493, 0.39386, 0.67183, -0.377627, 0.637214, 0.0, 0.0, 0.0, 0.0, 1.0],
                [0.095459, 0.079765, -0.992232, -0.0, 0.832695, 0.539784, 0.123503, 0.39386, 0.545442, -0.838016, -0.014892, -0.0, 0.0, 0.0, 0.0, 1.0]
            ]
        },
        {
            "name": "Hand_R",
            "time": [0.0, 0.25, 0.6833, 0.9, 1.1, 1.4667, 1.6333, 2.1],
            "transform": [
                [0.999599, -0.023021, -0.016487, 0.0, 0.023395, 0.999464, 0.022904, 0.3, 0.015951, -0.02328, 0.999602, -0.0, 0.0, 0.0, 0.0, 1.0],
                [0.999599, -0.027974, -0.004387, -0.0, 0.023395, 0.903209, -0.428564, 0.3, 0.015951, 0.428289, 0.903501, 0.0, 0.0, 0.0, 0.0, 1.0],
                [0.999599, -0.028237, -0.002107, 0.0, 0.023395, 0.865523, -0.500323, 0.3, 0.015951, 0.500073, 0.865837, -0.0, 0.0, 0.0, 0.0, 1.0],
                [0.999599, -0.028013, 0.004132, 0.0, 0.023395, 0.734861, -0.677814, 0.3, 0.015951, 0.677639, 0.735222, -0.0, 0.0, 0.0, 0.0, 1.0],
                [0.999599, -0.028013, 0.004132, 0.0, 0.023395, 0.734861, -0.677814, 0.3, 0.015951, 0.677639, 0.735222, 0.0, 0.0, 0.0, 0.0, 1.0],
                [0.999599, -0.028013, 0.004132, 0.0, 0.023395, 0.734861, -0.677814, 0.3, 0.015951, 0.677639, 0.735222, 0.0, 0.0, 0.0, 0.0, 1.0],
                [0.999599, -0.024465, -0.014256, -0.0, 0.023395, 0.997208, -0.070922, 0.3, 0.015951, 0.07056, 0.99738, -0.0, 0.0, 0.0, 0.0, 1.0],
                [0.999599, -0.023021, -0.016487, -0.0, 0.023395, 0.999464, 0.022904, 0.3, 0.015951, -0.02328, 0.999602, -0.0, 0.0, 0.0, 0.0, 1.0]
            ]
        },
        {
            "name": "Tool_R",
            "time": [0.0, 0.25, 0.6833, 0.9, 1.1, 1.4667, 1.6333, 2.1],
            "transform": [
                [0.999822, 0.009713, 0.016189, -0.017311, 0.006818, -0.985396, 0.17014, 0.36637, 0.017595, -0.169909, -0.984702, 0.051121, 0.0, 0.0, 0.0, 1.0],
                [0.999822, 0.009713, 0.016189, -0.017312, 0.006818, -0.985396, 0.17014, 0.36637, 0.017595, -0.169909, -0.984702, 0.051121, 0.0, 0.0, 0.0, 1.0],
                [0.999822, 0.009713, 0.016189, -0.017311, 0.006818, -0.985396, 0.17014, 0.36637, 0.017595, -0.169909, -0.984702, 0.051121, 0.0, 0.0, 0.0, 1.0],
                [0.999822, 0.009713, 0.016189, -0.017312, 0.006819, -0.985396, 0.17014, 0.366371, 0.017595, -0.169909, -0.984702, 0.051121, 0.0, 0.0, 0.0, 1.0],
                [0.999822, 0.009713, 0.016189, -0.017312, 0.006818, -0.985396, 0.17014, 0.36637, 0.017595, -0.169909, -0.984702, 0.051121, 0.0, 0.0, 0.0, 1.0],
                [0.999822, 0.009713, 0.016189, -0.017311, 0.006818, -0.985396, 0.17014, 0.36637, 0.017595, -0.169909, -0.984702, 0.051121, 0.0, 0.0, 0.0, 1.0],
                [0.999822, 0.009713, 0.016189, -0.017312, 0.006818, -0.985396, 0.17014, 0.36637, 0.017594, -0.169909, -0.984702, 0.051121, 0.0, 0.0, 0.0, 1.0],
                [0.999822, 0.009713, 0.016189, -0.017311, 0.006818, -0.985396, 0.17014, 0.36637, 0.017595, -0.169909, -0.984702, 0.051121, 0.0, 0.0, 0.0, 1.0]
            ]
        },
        {
            "name": "Elbow_R",
            "time": [0.0, 0.25, 0.6833, 0.9, 1.1, 1.4667, 1.6333, 2.1],
            "transform": [
                [-1.0, 0.0, 0.0, 0.0, -0.0, -0.139408, -0.990235, 0.335189, -0.0, -0.990235, 0.139409, -0.005621, 0.0, 0.0, 0.0, 1.0],
                [-1.0, 0.0, 0.0, -0.0, -0.0, -0.139408, -0.990235, 0.335189, -0.0, -0.990235, 0.139409, -0.005621, 0.0, 0.0, 0.0, 1.0],
                [-1.0, 0.0, 0.0, -0.0, -0.0, -0.139408, -0.990235, 0.335189, -0.0, -0.990235, 0.139409, -0.005621, 0.0, 0.0, 0.0, 1.0],
                [-1.0, 0.0, 0.0, 0.0, -0.0, -0.139408, -0.990235, 0.335189, -0.0, -0.990235, 0.139409, -0.005621, 0.0, 0.0, 0.0, 1.0],
                [-1.0, 0.0, 0.0, 0.0, -0.0, -0.139408, -0.990235, 0.335189, -0.0, -0.990235, 0.139409, -0.005621, 0.0, 0.0, 0.0, 1.0],
                [-1.0, 0.0, 0.0, 0.0, -0.0, -0.139409, -0.990235, 0.335189, -0.0, -0.990235, 0.139408, -0.005621, 0.0, 0.0, 0.0, 1.0],
                [-1.0, 0.0, 0.0, -0.0, -0.0, -0.139408, -0.990235, 0.335189, -0.0, -0.990235, 0.139409, -0.005621, 0.0, 0.0, 0.0, 1.0],
                [-1.0, 0.0, 0.0, -0.0, -0.0, -0.139408, -0.990235, 0.335189, -0.0, -0.990235, 0.139408, -0.005621, 0.0, 0.0, 0.0, 1.0]
            ]
        },
        {
            "name": "Shoulder_L",
            "time": [0.0, 0.25, 0.6833, 0.9, 1.1, 1.4667, 1.6333, 2.1],
            "transform": [
                [-0.007939, -0.952498, -0.304441, -0.0, -0.088921, -0.302572, 0.94897, 0.4, -0.996007, 0.034605, -0.082295, 0.0, 0.0, 0.0, 0.0, 1.0],
                [-0.007939, -0.952498, -0.304441, -0.0, -0.088921, -0.302572, 0.94897, 0.4, -0.996007, 0.034605, -0.082295, -0.0, 0.0, 0.0, 0.0, 1.0],
                [-0.007939, -0.952498, -0.304441, -0.0, -0.088921, -0.302572, 0.948969, 0.4, -0.996007, 0.034605, -0.082295, -0.0, 0.0, 0.0, 0.0, 1.0],
                [-0.007939, -0.952498, -0.304441, 0.0, -0.088921, -0.302572, 0.94897, 0.4, -0.996007, 0.034605, -0.082295, 0.0, 0.0, 0.0, 0.0, 1.0],
                [-0.007939, -0.952498, -0.304441, 0.0, -0.088921, -0.302572, 0.94897, 0.4, -0.996007, 0.034605, -0.082295, -0.0, 0.0, 0.0, 0.0, 1.0],
                [-0.007939, -0.952498, -0.304441, 0.0, -0.088921, -0.302572, 0.948969, 0.4, -0.996007, 0.034605, -0.082295, 0.0, 0.0, 0.0, 0.0, 1.0],
                [-0.007939, -0.952498, -0.304441, -0.0, -0.088921, -0.302572, 0.94897, 0.4, -0.996007, 0.034605, -0.082295, 0.0, 0.0, 0.0, 0.0, 1.0],
                [-0.007939, -0.952498, -0.304441, 0.0, -0.088921, -0.302572, 0.94897, 0.4, -0.996007, 0.034605, -0.082295, -0.0, 0.0, 0.0, 0.0, 1.0]
            ]
        },
        {
            "name": "Arm_L",
            "time": [0.0, 0.25, 0.6833, 0.9, 1.1, 1.4667, 1.6333, 2.1],
            "transform": [
                [-0.146701, -0.409837, 0.900284, -0.0, -0.980855, 0.178104, -0.078752, 0.39386, -0.128068, -0.894602, -0.428119, -0.0, 0.0, 0.0, 0.0, 1.0],
                [0.100043, 0.991883, -0.078483, -0.0, -0.554891, -0.009854, -0.831865, 0.39386, -0.825886, 0.126772, 0.549401, -0.0, 0.0, 0.0, 0.0, 1.0],
                [0.246455, 0.910733, -0.331399, 0.0, -0.524403, -0.162248, -0.835869, 0.39386, -0.815023, 0.379791, 0.437604, -0.0, 0.0, 0.0, 0.0, 1.0],
                [0.246455, 0.332923, 0.910177, -0.0, -0.524403, 0.835596, -0.163647, 0.39386, -0.815022, -0.436968, 0.380523, 0.0, 0.0, 0.0, 0.0, 1.0],
                [0.246455, 0.332923, 0.910177, 0.0, -0.524403, 0.835596, -0.163647, 0.39386, -0.815022, -0.436968, 0.380523, -0.0, 0.0, 0.0, 0.0, 1.0],
                [0.246455, 0.332923, 0.910177, 0.0, -0.524403, 0.835596, -0.163647, 0.39386, -0.815022, -0.436968, 0.380523, -0.0, 0.0, 0.0, 0.0, 1.0],
                [0.071397, -0.471024, 0.879226, 0.0, -0.835221, 0.453631, 0.310845, 0.39386, -0.54526, -0.756541, -0.361021, -0.0, 0.0, 0.0, 0.0, 1.0],
                [-0.146701, -0.409837, 0.900284, -0.0, -0.980855, 0.178104, -0.078752, 0.39386, -0.128068, -0.894602, -0.428119, 0.0, 0.0, 0.0, 0.0, 1.0]
            ]
        },
        {
            "name": "Hand_L",
            "time": [0.0, 0.25, 0.6833, 0.9, 1.1, 1.4667, 1.6333, 2.1],
            "transform": [
                [0.99991, 0.013352, -0.001578, 0.0, -0.012582, 0.887892, -0.45988, 0.3, -0.004739, 0.459858, 0.88798, -0.0, 0.0, 0.0, 0.0, 1.0],
                [0.99991, 0.010112, -0.00886, -0.0, -0.012582, 0.471499, -0.881777, 0.3, -0.004739, 0.881808, 0.471584, 0.0, 0.0, 0.0, 0.0, 1.0],
                [0.99991, 0.009136, -0.009864, -0.0, -0.012582, 0.377285, -0.926012, 0.3, -0.004739, 0.926053, 0.377365, 0.0, 0.0, 0.0, 0.0, 1.0],
                [0.99991, 0.009136, -0.009864, 0.0, -0.012582, 0.377285, -0.926012, 0.3, -0.004739, 0.926053, 0.377365, -0.0, 0.0, 0.0, 0.0, 1.0],
                [0.99991, 0.013438, -0.000414, -0.0, -0.012582, 0.92445, -0.381097, 0.3, -0.004739, 0.381068, 0.924535, 0.0, 0.0, 0.0, 0.0, 1.0],
                [0.99991, 0.013432, 0.000599, -0.0, -0.012582, 0.950519, -0.310413, 0.3, -0.004739, 0.310378, 0.950602, -0.0, 0.0, 0.0, 0.0, 1.0],
                [0.99991, 0.013381, -0.001309, 0.0, -0.012582, 0.89698, -0.441893, 0.3, -0.004739, 0.44187, 0.897067, -0.0, 0.0, 0.0, 0.0, 1.0],
                [0.99991, 0.013352, -0.001578, -0.0, -0.012582, 0.887892, -0.45988, 0.3, -0.004739, 0.459858, 0.88798, 0.0, 0.0, 0.0, 0.0, 1.0]
            ]
        },
        {
            "name": "Tool_L",
            "time": [0.0, 0.25, 0.6833, 0.9, 1.1, 1.4667, 1.6333, 2.1],
            "transform": [
                [0.998658, 0.039723, -0.033233, -0.012677, 0.043929, -0.98956, 0.137266, 0.208813, -0.027417, -0.138471, -0.989393, 0.160811, 0.0, 0.0, 0.0, 1.0],
                [0.998658, 0.039723, -0.033233, -0.012677, 0.043929, -0.98956, 0.137266, 0.208813, -0.027417, -0.13847, -0.989393, 0.160811, 0.0, 0.0, 0.0, 1.0],
                [0.998658, 0.039723, -0.033233, -0.012677, 0.043929, -0.98956, 0.137266, 0.208813, -0.027417, -0.138471, -0.989393, 0.160811, 0.0, 0.0, 0.0, 1.0],
                [0.998658, 0.039723, -0.033233, -0.012677, 0.043929, -0.98956, 0.137266, 0.208813, -0.027417, -0.138471, -0.989393, 0.160811, 0.0, 0.0, 0.0, 1.0],
                [0.998658, 0.039723, -0.033233, -0.012677, 0.043929, -0.98956, 0.137266, 0.208813, -0.027417, -0.138471, -0.989393, 0.160811, 0.0, 0.0, 0.0, 1.0],
                [0.998658, 0.039723, -0.033233, -0.012677, 0.043929, -0.98956, 0.137266, 0.208813, -0.027417, -0.138471, -0.989393, 0.160811, 0.0, 0.0, 0.0, 1.0],
                [0.998658, 0.039723, -0.033233, -0.012677, 0.043929, -0.98956, 0.137266, 0.208813, -0.027417, -0.138471, -0.989393, 0.160811, 0.0, 0.0, 0.0, 1.0],
                [0.998658, 0.039723, -0.033233, -0.012677, 0.043929, -0.98956, 0.137266, 0.208813, -0.027417, -0.138471, -0.989393, 0.160811, 0.0, 0.0, 0.0, 1.0]
            ]
        },
        {
            "name": "Elbow_L",
            "time": [0.0, 0.25, 0.6833, 0.9, 1.1, 1.4667, 1.6333, 2.1],
            "transform": [
                [-0.999641, -0.004744, -0.026384, -0.001644, 0.023045, 0.350725, -0.936195, 0.298484, 0.013695, -0.936467, -0.350489, -0.001028, 0.0, 0.0, 0.0, 1.0],
                [-0.999641, -0.004744, -0.026384, -0.001644, 0.023045, 0.350725, -0.936195, 0.298484, 0.013695, -0.936467, -0.350489, -0.001028, 0.0, 0.0, 0.0, 1.0],
                [-0.999641, -0.004744, -0.026384, -0.001644, 0.023045, 0.350725, -0.936195, 0.298484, 0.013695, -0.936467, -0.35049, -0.001028, 0.0, 0.0, 0.0, 1.0],
                [-0.999641, -0.004744, -0.026384, -0.001644, 0.023045, 0.350725, -0.936195, 0.298484, 0.013695, -0.936467, -0.350489, -0.001028, 0.0, 0.0, 0.0, 1.0],
                [-0.999641, -0.004744, -0.026384, -0.001644, 0.023045, 0.350725, -0.936195, 0.298484, 0.013695, -0.936467, -0.35049, -0.001028, 0.0, 0.0, 0.0, 1.0],
                [-0.999641, -0.004744, -0.026384, -0.001644, 0.023045, 0.350725, -0.936195, 0.298484, 0.013695, -0.936467, -0.350489, -0.001028, 0.0, 0.0, 0.0, 1.0],
                [-0.999641, -0.004744, -0.026384, -0.001644, 0.023045, 0.350725, -0.936195, 0.298484, 0.013695, -0.936467, -0.350489, -0.001028, 0.0, 0.0, 0.0, 1.0],
                [-0.999641, -0.004744, -0.026384, -0.001644, 0.023045, 0.350725, -0.936195, 0.298484, 0.013695, -0.936467, -0.350489, -0.001028, 0.0, 0.0, 0.0, 1.0]
            ]
        }
    ]
}