{
    "animation": [
        {
            "name": "Root",
            "time": [0.0, 0.1333, 0.25, 0.7667, 0.85, 0.9333, 1.9667, 2.15, 2.35, 2.5167, 2.8167],
            "transform": [
                [0.452277, 0.070422, 0.889093, 0.064125, 0.883568, 0.100382, -0.457417, 0.057297, -0.121461, 0.992454, -0.016822, 0.635718, 0.0, 0.0, 0.0, 1.0],
                [0.979917, -0.15714, -0.122759, 0.055592, -0.098309, 0.154896, -0.983027, -0.411169, 0.173488, 0.975353, 0.136337, 0.803584, 0.0, 0.0, 0.0, 1.0],
                [0.595592, 0.114163, -0.795133, -0.008395, -0.80145, 0.151349, -0.578594, -0.843396, 0.054289, 0.981866, 0.181638, 0.534287, 0.0, 0.0, 0.0, 1.0],
                [0.506714, 0.240255, -0.827961, -0.023246, -0.858225, 0.2317, -0.458001, -1.027854, 0.081802, 0.942652, 0.323598, 0.513515, 0.0, 0.0, 0.0, 1.0],
                [0.980289, 0.0226, -0.196271, -0.085131, -0.18463, 0.458392, -0.869361, 0.303017, 0.070322, 0.888463, 0.453529, 0.625505, 0.0, 0.0, 0.0, 1.0],
                [0.723501, -0.121335, 0.679576, -0.146522, 0.654473, 0.433679, -0.619344, 1.706832, -0.21957, 0.892861, 0.393178, 0.743633, 0.0, 0.0, 0.0, 1.0],
                [0.598337, -0.15904, 0.785302, -0.157912, 0.763669, 0.40982, -0.498857, 1.998607, -0.242494, 0.898195, 0.366664, 0.768186, 0.0, 0.0, 0.0, 1.0],
                [0.744562, -0.090089, 0.661446, -0.202756, 0.665141, 0.184279, -0.723622, 2.252322, -0.056701, 0.978737, 0.197129, 0.701055, 0.0, 0.0, 0.0, 1.0],
                [0.95028, 0.015787, 0.310995, -0.200126, 0.296806, 0.256196, -0.919929, 2.245703, -0.094199, 0.966496, 0.238772, 0.623624, 0.0, 0.0, 0.0, 1.0],
                [0.994049, 0.078588, -0.075429, -0.209048, -0.090923, 0.217278, -0.971866, 2.4287, -0.059988, 0.972941, 0.223131, 0.714561, 0.0, 0.0, 0.0, 1.0],
                [0.854689, 0.0, -0.51914, -0.232549, -0.51914, 0.0, -0.854689, 2.910759, 0.0, 1.0, 0.0, 0.734337, 0.0, 0.0, 0.0, 1.0]
            ]
        },
        {
            "name": "Thigh_R",
            "time": [0.0, 0.1333, 0.25, 0.7667, 0.85, 0.9333, 1.9667, 2.15, 2.35, 2.8167],
            "transform": [
                [0.640044, 0.705215, 0.30498, 0.124994, 0.228561, -0.553719, 0.800721, -0.002831, 0.733555, -0.442789, -0.515591, -1.2e-05, 0.0, 0.0, 0.0, 1.0],
                [0.914034, 0.323536, -0.244673, 0.124994, 0.397296, -0.592354, 0.700907, -0.002831, 0.081836, -0.737859, -0.669974, -1.2e-05, 0.0, 0.0, 0.0, 1.0],
                [0.669412, 0.714907, 0.201972, 0.124994, 0.570744, -0.66895, 0.476187, -0.002831, 0.47554, -0.20349, -0.855835, -1.2e-05, 0.0, 0.0, 0.0, 1.0],
                [0.685412, 0.696644, 0.211884, 0.124994, 0.516547, -0.670276, 0.532829, -0.002831, 0.513214, -0.255759, -0.819267, -1.2e-05, 0.0, 0.0, 0.0, 1.0],
                [0.738932, 0.665238, -0.106937, 0.124994, 0.533354, -0.48053, 0.696149, -0.002831, 0.411719, -0.571441, -0.709889, -1.2e-05, 0.0, 0.0, 0.0, 1.0],
                [0.788435, 0.571613, 0.227217, 0.124994, 0.535603, -0.819609, 0.203387, -0.002831, 0.302488, -0.038659, -0.952369, -1.2e-05, 0.0, 0.0, 0.0, 1.0],
                [0.797054, 0.56032, 0.225265, 0.124994, 0.535093, -0.828182, 0.166693, -0.002831, 0.279962, -0.012325, -0.959932, -1.2e-05, 0.0, 0.0, 0.0, 1.0],
                [0.667494, 0.713664, -0.212445, 0.124994, 0.502143, -0.220754, 0.836134, -0.002831, 0.549821, -0.66479, -0.505715, -1.2e-05, 0.0, 0.0, 0.0, 1.0],
                [0.973751, 0.139551, -0.179815, 0.124994, 0.218897, -0.357614, 0.907852, -0.002831, 0.062388, -0.923381, -0.378776, -1.2e-05, 0.0, 0.0, 0.0, 1.0],
                [0.984651, 0.173938, 0.014417, 0.124994, 0.174461, -0.983273, -0.052289, -0.002831, 0.005081, 0.054002, -0.998528, -1.2e-05, 0.0, 0.0, 0.0, 1.0]
            ]
        },
        {
            "name": "Leg_R",
            "time": [0.0, 0.1333, 0.25, 0.7667, 0.85, 0.9333, 1.9667, 2.35, 2.8167],
            "transform": [
                [0.999236, -0.027059, -0.028221, 0.0, 0.039011, 0.642263, 0.765491, 0.37472, -0.002588, -0.766007, 0.642827, -0.0, 0.0, 0.0, 0.0, 1.0],
                [0.99928, -0.000776, -0.037937, 0.0, 0.037886, -0.035492, 0.998651, 0.37472, -0.002122, -0.99937, -0.035437, -0.0, 0.0, 0.0, 0.0, 1.0],
                [0.999321, -0.023482, -0.028411, -0.0, 0.036822, 0.601541, 0.797993, 0.37472, -0.001648, -0.798498, 0.601996, -0.0, 0.0, 0.0, 0.0, 1.0],
                [0.999337, -0.022751, -0.028427, 0.0, 0.036382, 0.593024, 0.804362, 0.37472, -0.001442, -0.804864, 0.593458, 0.0, 0.0, 0.0, 0.0, 1.0],
                [0.99934, 0.009739, -0.035007, 0.0, 0.03631, -0.304437, 0.95184, 0.37472, -0.001388, -0.952483, -0.304589, -0.0, 0.0, 0.0, 0.0, 1.0],
                [0.999338, 0.006233, -0.035836, -0.0, 0.036347, -0.209083, 0.977221, 0.37472, -0.001402, -0.977879, -0.209171, 0.0, 0.0, 0.0, 0.0, 1.0],
                [0.999337, 0.009279, -0.035208, 0.0, 0.036382, -0.292768, 0.95549, 0.37472, -0.001442, -0.956139, -0.292911, 0.0, 0.0, 0.0, 0.0, 1.0],
                [0.998295, -0.035995, -0.04595, -0.0, 0.058078, 0.53396, 0.843512, 0.37472, -0.005826, -0.844744, 0.535139, 0.0, 0.0, 0.0, 0.0, 1.0],
                [0.998294, -0.058101, -0.005717, -0.0, 0.058095, 0.978904, 0.195889, 0.37472, -0.005785, -0.195888, 0.980609, 0.0, 0.0, 0.0, 0.0, 1.0]
            ]
        },
        {
            "name": "Knee_R",
            "time": [0.0, 0.25, 0.7667, 0.9333, 1.9667, 2.35, 2.8167],
            "transform": [
                [1.0, 0.0, -0.0, 0.0, -0.0, 1e-06, -1.0, 0.37472, -0.0, 1.0, 1e-06, -0.0, 0.0, 0.0, 0.0, 1.0],
                [1.0, 0.0, -0.0, -0.0, -0.0, 1e-06, -1.0, 0.37472, -0.0, 1.0, 1e-06, -0.0, 0.0, 0.0, 0.0, 1.0],
                [1.0, 0.0, -0.0, 0.0, -0.0, 1e-06, -1.0, 0.37472, -0.0, 1.0, 1e-06, 0.0, 0.0, 0.0, 0.0, 1.0],
                [1.0, 0.0, -0.0, -0.0, -0.0, 1e-06, -1.0, 0.37472, -0.0, 1.0, 1e-06, 0.0, 0.0, 0.0, 0.0, 1.0],
                [1.0, 0.0, -0.0, 0.0, -0.0, 1e-06, -1.0, 0.37472, -0.0, 1.0, 1e-06, 0.0, 0.0, 0.0, 0.0, 1.0],
                [1.0, 0.0, -0.0, -0.0, -0.0, 1e-06, -1.0, 0.37472, -0.0, 1.0, 1e-06, 0.0, 0.0, 0.0, 0.0, 1.0],
                [1.0, 0.0, -0.0, -0.0, -0.0, 1e-06, -1.0, 0.37472, -0.0, 1.0, 1e-06, 0.0, 0.0, 0.0, 0.0, 1.0]
            ]
        },
        {
            "name": "Thigh_L",
            "time": [0.0, 0.1333, 0.25, 0.7667, 0.85, 0.9333, 1.9667, 2.35, 2.8167],
            "transform": [
                [0.917787, -0.382369, -0.107048, -0.109662, -0.394959, -0.906871, -0.146941, -0.002831, -0.040893, 0.17714, -0.983335, 0.02525, 0.0, 0.0, 0.0, 1.0],
                [0.881458, -0.404495, -0.243752, -0.109662, -0.269075, -0.854322, 0.444672, -0.002831, -0.38811, -0.326372, -0.861888, 0.02525, 0.0, 0.0, 0.0, 1.0],
                [0.70784, -0.653381, -0.268431, -0.109662, -0.119563, -0.485354, 0.866103, -0.002831, -0.69618, -0.580968, -0.421674, 0.02525, 0.0, 0.0, 0.0, 1.0],
                [0.657141, -0.731716, -0.180991, -0.109662, 0.028591, -0.215746, 0.976031, -0.002831, -0.753224, -0.646565, -0.120855, 0.02525, 0.0, 0.0, 0.0, 1.0],
                [0.973921, -0.219376, -0.057878, -0.109662, -0.024863, -0.356763, 0.933863, -0.002831, -0.225516, -0.908072, -0.352914, 0.02525, 0.0, 0.0, 0.0, 1.0],
                [0.856151, 0.193135, 0.479273, -0.109662, -0.169161, -0.771651, 0.613138, -0.002831, 0.48825, -0.606014, -0.62798, 0.02525, 0.0, 0.0, 0.0, 1.0],
                [0.787905, 0.256275, 0.559935, -0.109662, -0.135457, -0.814886, 0.56357, -0.002831, 0.600712, -0.519888, -0.607339, 0.02525, 0.0, 0.0, 0.0, 1.0],
                [0.783231, -0.424476, -0.454278, -0.109662, -0.341681, -0.90431, 0.255884, -0.002831, -0.519425, -0.045198, -0.85332, 0.02525, 0.0, 0.0, 0.0, 1.0],
                [0.784702, -0.303887, -0.540272, -0.109662, -0.081415, -0.914563, 0.396164, -0.002831, -0.614502, -0.266885, -0.742401, 0.02525, 0.0, 0.0, 0.0, 1.0]
            ]
        },
        {
            "name": "Leg_L",
            "time": [0.0, 0.25, 0.7667, 0.85, 0.9333, 1.9667, 2.35, 2.8167],
            "transform": [
                [0.997933, 0.056565, 0.03051, 0.0, -0.064028, 0.916131, 0.395731, 0.37472, -0.005566, -0.396866, 0.91786, -0.0, 0.0, 0.0, 0.0, 1.0],
                [0.997933, 0.051791, 0.038056, 0.0, -0.064028, 0.85244, 0.518889, 0.37472, -0.005567, -0.520253, 0.853994, -0.0, 0.0, 0.0, 0.0, 1.0],
                [0.997933, 0.050688, 0.039513, -0.0, -0.064028, 0.837345, 0.542912, 0.37472, -0.005567, -0.544319, 0.83886, -0.0, 0.0, 0.0, 0.0, 1.0],
                [0.997933, 0.032408, 0.0555, -0.0, -0.064028, 0.576119, 0.814854, 0.37472, -0.005567, -0.816722, 0.577004, 0.0, 0.0, 0.0, 0.0, 1.0],
                [0.997933, 0.061687, 0.018035, 0.0, -0.064028, 0.978541, 0.195851, 0.37472, -0.005566, -0.196601, 0.980468, -0.0, 0.0, 0.0, 0.0, 1.0],
                [0.997933, 0.06236, 0.01555, 0.0, -0.064028, 0.9856, 0.156502, 0.37472, -0.005566, -0.157174, 0.987555, -0.0, 0.0, 0.0, 0.0, 1.0],
                [0.997933, 0.036343, 0.053007, 0.0, -0.064028, 0.633627, 0.770985, 0.37472, -0.005567, -0.772784, 0.634644, -0.0, 0.0, 0.0, 0.0, 1.0],
                [0.997933, 0.05815, 0.027369, -0.0, -0.064028, 0.936412, 0.345012, 0.37472, -0.005566, -0.34605, 0.9382, 0.0, 0.0, 0.0, 0.0, 1.0]
            ]
        },
        {
            "name": "Knee_L",
            "time": [0.0, 0.25, 0.7667, 0.9333, 1.9667, 2.35, 2.8167],
            "transform": [
                [1.0, 0.0, -0.0, 0.0, -0.0, 1e-06, -1.0, 0.37472, -0.0, 1.0, 1e-06, -0.0, 0.0, 0.0, 0.0, 1.0],
                [1.0, 0.0, -0.0, 0.0, -0.0, 1e-06, -1.0, 0.37472, -0.0, 1.0, 1e-06, -0.0, 0.0, 0.0, 0.0, 1.0],
                [1.0, 0.0, -0.0, -0.0, -0.0, 1e-06, -1.0, 0.37472, -0.0, 1.0, 1e-06, -0.0, 0.0, 0.0, 0.0, 1.0],
                [1.0, 0.0, -0.0, 0.0, -0.0, 1e-06, -1.0, 0.37472, -0.0, 1.0, 1e-06, -0.0, 0.0, 0.0, 0.0, 1.0],
                [1.0, 0.0, -0.0, 0.0, -0.0, 1e-06, -1.0, 0.37472, -0.0, 1.0, 1e-06, -0.0, 0.0, 0.0, 0.0, 1.0],
                [1.0, 0.0, -0.0, 0.0, -0.0, 1e-06, -1.0, 0.37472, -0.0, 1.0, 1e-06, -0.0, 0.0, 0.0, 0.0, 1.0],
                [1.0, 0.0, -0.0, -0.0, -0.0, 1e-06, -1.0, 0.37472, -0.0, 1.0, 1e-06, 0.0, 0.0, 0.0, 0.0, 1.0]
            ]
        },
        {
            "name": "Torso",
            "time": [0.0, 0.25, 0.7667, 0.85, 0.9333, 1.9667, 2.35, 2.8167],
            "transform": [
                [0.997747, 0.067058, 0.001795, 0.0, -0.067053, 0.996185, 0.055854, 0.05, 0.001958, -0.055849, 0.998437, -0.0, 0.0, 0.0, 0.0, 1.0],
                [0.989034, 0.082031, -0.122808, -0.0, -0.083547, 0.996478, -0.007241, 0.05, 0.121782, 0.017422, 0.992404, 0.0, 0.0, 0.0, 0.0, 1.0],
                [0.985388, 0.083953, -0.148199, -0.0, -0.087838, 0.995937, -0.019856, 0.05, 0.14593, 0.032583, 0.988758, 0.0, 0.0, 0.0, 0.0, 1.0],
                [0.990462, -0.022151, -0.135996, -0.0, -0.020149, 0.9531, -0.301985, 0.05, 0.136307, 0.301845, 0.943563, -0.0, 0.0, 0.0, 0.0, 1.0],
                [0.977712, 0.201138, -0.060187, 0.0, -0.206415, 0.97329, -0.100501, 0.05, 0.038365, 0.110685, 0.993115, 0.0, 0.0, 0.0, 0.0, 1.0],
                [0.975593, 0.213545, -0.05115, 0.0, -0.217976, 0.969955, -0.108046, 0.05, 0.026541, 0.116558, 0.992829, 0.0, 0.0, 0.0, 0.0, 1.0],
                [0.958389, -0.046748, 0.281611, 0.0, 0.036515, 0.998472, 0.041477, 0.05, -0.283119, -0.029468, 0.958632, 0.0, 0.0, 0.0, 0.0, 1.0],
                [0.965662, -0.025127, 0.258583, -0.0, 0.020968, 0.999603, 0.018828, 0.05, -0.258953, -0.012759, 0.965806, 0.0, 0.0, 0.0, 0.0, 1.0]
            ]
        },
        {
            "name": "Chest",
            "time": [0.0, 0.1333, 0.25, 0.7667, 0.9333, 1.9667, 2.35, 2.8167],
            "transform": [
                [0.818784, -0.189967, 0.541762, 0.0, 0.12553, 0.980073, 0.153943, 0.3, -0.56021, -0.058039, 0.826315, -0.0, 0.0, 0.0, 0.0, 1.0],
                [0.986372, -0.162079, 0.028311, 0.0, 0.14621, 0.942364, 0.300954, 0.3, -0.075457, -0.292713, 0.953219, 0.0, 0.0, 0.0, 0.0, 1.0],
                [0.907046, -0.134668, -0.398914, -0.0, 0.099194, 0.989149, -0.108377, 0.3, 0.40918, 0.058733, 0.910562, 0.0, 0.0, 0.0, 0.0, 1.0],
                [0.814609, -0.13844, -0.563246, 0.0, 0.065134, 0.986789, -0.148342, 0.3, 0.576341, 0.084155, 0.812865, -0.0, 0.0, 0.0, 0.0, 1.0],
                [0.894897, -0.29849, 0.331757, 0.0, 0.070661, 0.828791, 0.555078, 0.3, -0.440643, -0.473296, 0.762775, 0.0, 0.0, 0.0, 0.0, 1.0],
                [0.847926, -0.341621, 0.405358, -0.0, 0.028552, 0.792984, 0.608573, 0.3, -0.529344, -0.504452, 0.682146, -0.0, 0.0, 0.0, 0.0, 1.0],
                [0.994896, 0.07683, -0.065421, 0.0, -0.042448, 0.906805, 0.419409, 0.3, 0.091548, -0.414491, 0.905437, 0.0, 0.0, 0.0, 0.0, 1.0],
                [0.986768, -0.023894, -0.160365, 0.0, 0.026191, 0.999582, 0.012223, 0.3, 0.160006, -0.016261, 0.986982, 0.0, 0.0, 0.0, 0.0, 1.0]
            ]
        },
        {
            "name": "Head",
            "time": [0.0, 0.25, 0.7667, 0.85, 0.9333, 1.9667, 2.35, 2.8167],
            "transform": [
                [0.743964, 0.110168, -0.659076, -0.0, -0.037893, 0.991684, 0.122992, 0.4, 0.667145, -0.066527, 0.741952, 0.0, 0.0, 0.0, 0.0, 1.0],
                [0.603404, 0.054497, 0.795572, -0.0, -0.175596, 0.982255, 0.065896, 0.4, -0.777863, -0.179461, 0.602265, 0.0, 0.0, 0.0, 0.0, 1.0],
                [0.352596, 0.029905, 0.935298, 0.0, -0.181871, 0.982621, 0.037145, 0.4, -0.917932, -0.1832, 0.351907, 0.0, 0.0, 0.0, 0.0, 1.0],
                [0.957359, 0.115986, 0.264595, -0.0, -0.081026, 0.986909, -0.139445, 0.4, -0.277305, 0.11206, 0.954224, 0.0, 0.0, 0.0, 0.0, 1.0],
                [0.743198, 0.030154, -0.668392, 0.0, 0.10095, 0.982494, 0.156573, 0.4, 0.661412, -0.183839, 0.727143, -0.0, 0.0, 0.0, 0.0, 1.0],
                [0.614336, 0.029905, -0.788477, 0.0, 0.12651, 0.982621, 0.135838, 0.4, 0.778837, -0.183201, 0.599876, 0.0, 0.0, 0.0, 0.0, 1.0],
                [0.975845, 0.031753, -0.216144, -0.0, -0.03813, 0.99895, -0.025397, 0.4, 0.215111, 0.033025, 0.976031, 0.0, 0.0, 0.0, 0.0, 1.0],
                [0.907906, 0.03176, 0.417969, 0.0, -0.015014, 0.99895, -0.043293, 0.4, -0.418905, 0.033031, 0.907429, 0.0, 0.0, 0.0, 0.0, 1.0]
            ]
        },
        {
            "name": "Shoulder_R",
            "time": [0.0, 0.25, 0.7667, 0.9333, 1.9667, 2.35, 2.8167],
            "transform": [
                [-0.023216, 0.925567, 0.37787, -0.0, -0.059178, -0.378581, 0.923674, 0.4, 0.997977, -0.000917, 0.063562, 0.0, 0.0, 0.0, 0.0, 1.0],
                [-0.08189, 0.92223, 0.37787, -0.0, -0.03504, -0.381573, 0.923674, 0.4, 0.996025, 0.062399, 0.063562, 0.0, 0.0, 0.0, 0.0, 1.0],
                [-0.093869, 0.921088, 0.37787, 0.0, -0.030078, -0.381996, 0.923674, 0.4, 0.99513, 0.075339, 0.063562, 0.0, 0.0, 0.0, 0.0, 1.0],
                [0.302236, 0.875138, 0.377871, 0.0, -0.187953, -0.333917, 0.923674, 0.4, 0.93452, -0.350189, 0.063563, -0.0, 0.0, 0.0, 0.0, 1.0],
                [0.342118, 0.860331, 0.37787, 0.0, -0.203092, -0.32493, 0.923674, 0.4, 0.917447, -0.392748, 0.063562, 0.0, 0.0, 0.0, 0.0, 1.0],
                [0.06334, 0.923689, 0.37787, -0.0, -0.094281, -0.371399, 0.923674, 0.4, 0.993528, -0.094132, 0.063562, 0.0, 0.0, 0.0, 0.0, 1.0],
                [0.06334, 0.923689, 0.37787, 0.0, -0.094281, -0.371399, 0.923674, 0.4, 0.993528, -0.094132, 0.063562, 0.0, 0.0, 0.0, 0.0, 1.0]
            ]
        },
        {
            "name": "Arm_R",
            "time": [0.0, 0.1333, 0.25, 0.7667, 0.9333, 1.9667, 2.35, 2.8167],
            "transform": [
                [-0.030592, 0.163115, -0.986133, -0.0, -0.382354, 0.909646, 0.162325, 0.39386, 0.923509, 0.382017, 0.03454, -0.0, 0.0, 0.0, 0.0, 1.0],
                [0.17742, 0.07083, -0.981583, 0.0, 0.589468, 0.791046, 0.163626, 0.39386, 0.788067, -0.607642, 0.098595, 0.0, 0.0, 0.0, 0.0, 1.0],
                [0.078998, 0.214088, -0.973615, 0.0, -0.410607, 0.896958, 0.163916, 0.393861, 0.908384, 0.386824, 0.158764, -0.0, 0.0, 0.0, 0.0, 1.0],
                [0.100756, 0.224382, -0.969278, 0.0, -0.416283, 0.894365, 0.163768, 0.39386, 0.903635, 0.386993, 0.183519, 0.0, 0.0, 0.0, 0.0, 1.0],
                [-0.177259, -0.6599, -0.730144, -0.0, -0.507584, 0.696908, -0.506634, 0.39386, 0.843171, 0.280804, -0.458488, 0.0, 0.0, 0.0, 0.0, 1.0],
                [-0.197322, -0.727631, -0.656976, -0.0, -0.527189, 0.643762, -0.554655, 0.39386, 0.82652, 0.236905, -0.510627, -0.0, 0.0, 0.0, 0.0, 1.0],
                [0.050992, -0.834659, -0.548401, 0.0, 0.738948, 0.400925, -0.541493, 0.39386, 0.67183, -0.377627, 0.637214, 0.0, 0.0, 0.0, 0.0, 1.0],
                [0.095459, 0.079765, -0.992232, 0.0, 0.832695, 0.539784, 0.123503, 0.39386, 0.545442, -0.838016, -0.014892, -0.0, 0.0, 0.0, 0.0, 1.0]
            ]
        },
        {
            "name": "Hand_R",
            "time": [0.0, 0.25, 0.7667, 0.9333, 1.9667, 2.35, 2.8167],
            "transform": [
                [0.999599, -0.025527, -0.012253, -0.0, 0.023395, 0.98834, -0.150457, 0.3, 0.015951, 0.15011, 0.988541, -0.0, 0.0, 0.0, 0.0, 1.0],
                [0.554743, -0.023584, 0.831687, -0.0, 0.775715, 0.376136, -0.506743, 0.3, -0.300877, 0.926264, 0.226953, 0.0, 0.0, 0.0, 0.0, 1.0],
                [0.554743, -0.023584, 0.831687, 0.0, 0.775715, 0.376136, -0.506743, 0.3, -0.300876, 0.926264, 0.226953, 0.0, 0.0, 0.0, 0.0, 1.0],
                [0.994156, -0.012394, 0.107237, 0.0, 0.107512, 0.203195, -0.973218, 0.3, -0.009728, 0.97906, 0.20334, 0.0, 0.0, 0.0, 0.0, 1.0],
                [0.999599, -0.020037, 0.020008, 0.0, 0.023395, 0.18637, -0.982201, 0.3, 0.015951, 0.982275, 0.186764, -0.0, 0.0, 0.0, 0.0, 1.0],
                [0.999599, -0.024465, -0.014256, -0.0, 0.023395, 0.997208, -0.070922, 0.3, 0.015951, 0.07056, 0.99738, -0.0, 0.0, 0.0, 0.0, 1.0],
                [0.999599, -0.023021, -0.016487, 0.0, 0.023395, 0.999464, 0.022904, 0.3, 0.015951, -0.02328, 0.999602, 0.0, 0.0, 0.0, 0.0, 1.0]
            ]
        },
        {
            "name": "Tool_R",
            "time": [0.0, 0.25, 0.7667, 0.9333, 1.9667, 2.35, 2.8167],
            "transform": [
                [0.999822, 0.009713, 0.016189, -0.017311, 0.006818, -0.985396, 0.17014, 0.36637, 0.017595, -0.169909, -0.984702, 0.051121, 0.0, 0.0, 0.0, 1.0],
                [0.999822, 0.009713, 0.016189, -0.017311, 0.006818, -0.985396, 0.17014, 0.36637, 0.017594, -0.169909, -0.984702, 0.051121, 0.0, 0.0, 0.0, 1.0],
                [0.999822, 0.009713, 0.016189, -0.017312, 0.006818, -0.985396, 0.17014, 0.36637, 0.017595, -0.169909, -0.984702, 0.051121, 0.0, 0.0, 0.0, 1.0],
                [0.999822, 0.009713, 0.016189, -0.017312, 0.006818, -0.985396, 0.17014, 0.36637, 0.017595, -0.169909, -0.984702, 0.051122, 0.0, 0.0, 0.0, 1.0],
                [0.999822, 0.009713, 0.016189, -0.017312, 0.006818, -0.985396, 0.17014, 0.36637, 0.017594, -0.169909, -0.984702, 0.051121, 0.0, 0.0, 0.0, 1.0],
                [0.999822, 0.009713, 0.016189, -0.017312, 0.006818, -0.985396, 0.17014, 0.36637, 0.017594, -0.169909, -0.984702, 0.051122, 0.0, 0.0, 0.0, 1.0],
                [0.999822, 0.009713, 0.016189, -0.017311, 0.006818, -0.985396, 0.17014, 0.36637, 0.017595, -0.169909, -0.984702, 0.051121, 0.0, 0.0, 0.0, 1.0]
            ]
        },
        {
            "name": "Elbow_R",
            "time": [0.0, 0.25, 0.7667, 0.9333, 1.9667, 2.35, 2.8167],
            "transform": [
                [-1.0, 0.0, 0.0, -0.0, -0.0, -0.139408, -0.990235, 0.335189, -0.0, -0.990235, 0.139409, -0.005621, 0.0, 0.0, 0.0, 1.0],
                [-1.0, 0.0, 0.0, 0.0, -0.0, -0.139409, -0.990235, 0.335189, -0.0, -0.990235, 0.139408, -0.005621, 0.0, 0.0, 0.0, 1.0],
                [-1.0, 0.0, 0.0, 0.0, -0.0, -0.139408, -0.990235, 0.335189, -0.0, -0.990235, 0.139408, -0.005621, 0.0, 0.0, 0.0, 1.0],
                [-1.0, 0.0, 0.0, 0.0, -0.0, -0.139409, -0.990235, 0.335189, -0.0, -0.990235, 0.139409, -0.005621, 0.0, 0.0, 0.0, 1.0],
                [-1.0, 0.0, 0.0, 0.0, -0.0, -0.139408, -0.990235, 0.335189, -0.0, -0.990235, 0.139409, -0.005621, 0.0, 0.0, 0.0, 1.0],
                [-1.0, 0.0, 0.0, -0.0, -0.0, -0.139408, -0.990235, 0.335189, -0.0, -0.990235, 0.139409, -0.005621, 0.0, 0.0, 0.0, 1.0],
                [-1.0, 0.0, 0.0, 0.0, -0.0, -0.139408, -0.990235, 0.335189, -0.0, -0.990235, 0.139408, -0.005621, 0.0, 0.0, 0.0, 1.0]
            ]
        },
        {
            "name": "Shoulder_L",
            "time": [0.0, 0.25, 0.7667, 0.9333, 1.9667, 2.35, 2.8167],
            "transform": [
                [-0.007939, -0.952498, -0.304441, -0.0, -0.088921, -0.302572, 0.94897, 0.4, -0.996007, 0.034605, -0.082295, 0.0, 0.0, 0.0, 0.0, 1.0],
                [-0.007939, -0.952498, -0.304441, -0.0, -0.088921, -0.302572, 0.94897, 0.4, -0.996007, 0.034605, -0.082295, 0.0, 0.0, 0.0, 0.0, 1.0],
                [-0.007939, -0.952498, -0.304441, 0.0, -0.088921, -0.302572, 0.94897, 0.4, -0.996007, 0.034605, -0.082295, 0.0, 0.0, 0.0, 0.0, 1.0],
                [-0.138844, -0.942358, -0.304441, 0.0, -0.129684, -0.28747, 0.94897, 0.4, -0.981786, 0.17124, -0.082295, -0.0, 0.0, 0.0, 0.0, 1.0],
                [-0.152688, -0.940214, -0.304441, 0.0, -0.133898, -0.285531, 0.948969, 0.4, -0.979162, 0.18566, -0.082295, 0.0, 0.0, 0.0, 0.0, 1.0],
                [-0.007939, -0.952498, -0.304441, -0.0, -0.088921, -0.302572, 0.94897, 0.4, -0.996007, 0.034605, -0.082295, 0.0, 0.0, 0.0, 0.0, 1.0],
                [-0.007939, -0.952498, -0.304441, 0.0, -0.088921, -0.302572, 0.94897, 0.4, -0.996007, 0.034605, -0.082295, 0.0, 0.0, 0.0, 0.0, 1.0]
            ]
        },
        {
            "name": "Arm_L",
            "time": [0.0, 0.25, 0.7667, 0.9333, 1.9667, 2.35, 2.8167],
            "transform": [
                [0.004399, -0.193733, 0.981044, 0.0, -0.437957, 0.881588, 0.176056, 0.39386, -0.898985, -0.43043, -0.080969, 0.0, 0.0, 0.0, 0.0, 1.0],
                [-0.057875, -0.595411, 0.801334, 0.0, -0.122277, 0.800863, 0.58623, 0.39386, -0.990807, -0.064056, -0.119155, -0.0, 0.0, 0.0, 0.0, 1.0],
                [-0.0876, -0.660783, 0.745448, 0.0, -0.060649, 0.750474, 0.658111, 0.39386, -0.994308, 0.012439, -0.105817, 0.0, 0.0, 0.0, 0.0, 1.0],
                [-0.087734, -0.225767, 0.970223, 0.0, -0.059061, 0.973444, 0.221176, 0.39386, -0.994392, -0.037898, -0.098738, 0.0, 0.0, 0.0, 0.0, 1.0],
                [-0.0876, -0.174803, 0.980699, 0.0, -0.060649, 0.983593, 0.169902, 0.39386, -0.994308, -0.044595, -0.096764, -0.0, 0.0, 0.0, 0.0, 1.0],
                [0.071397, -0.471024, 0.879226, 0.0, -0.835221, 0.453631, 0.310845, 0.39386, -0.54526, -0.756541, -0.361021, -0.0, 0.0, 0.0, 0.0, 1.0],
                [-0.146701, -0.409837, 0.900284, -0.0, -0.980855, 0.178104, -0.078752, 0.39386, -0.128068, -0.894602, -0.428119, -0.0, 0.0, 0.0, 0.0, 1.0]
            ]
        },
        {
            "name": "Hand_L",
            "time": [0.0, 0.25, 0.7667, 0.9333, 1.9667, 2.35, 2.8167],
            "transform": [
                [0.99991, 0.013269, -0.002164, -0.0, -0.012582, 0.866787, -0.49852, 0.3, -0.004739, 0.498502, 0.866876, 0.0, 0.0, 0.0, 0.0, 1.0],
                [0.99991, 0.01334, -0.001678, -0.0, -0.012582, 0.88443, -0.466504, 0.3, -0.004739, 0.466483, 0.884518, -0.0, 0.0, 0.0, 0.0, 1.0],
                [0.99991, 0.013352, -0.001578, 0.0, -0.012582, 0.887892, -0.45988, 0.3, -0.004739, 0.459858, 0.88798, 0.0, 0.0, 0.0, 0.0, 1.0],
                [0.99991, 0.013352, -0.001578, -0.0, -0.012582, 0.887892, -0.45988, 0.3, -0.004739, 0.459858, 0.88798, -0.0, 0.0, 0.0, 0.0, 1.0],
                [0.99991, 0.013352, -0.001578, 0.0, -0.012582, 0.887892, -0.45988, 0.3, -0.004739, 0.459858, 0.88798, -0.0, 0.0, 0.0, 0.0, 1.0],
                [0.99991, 0.013381, -0.001309, 0.0, -0.012582, 0.89698, -0.441893, 0.3, -0.004739, 0.44187, 0.897067, -0.0, 0.0, 0.0, 0.0, 1.0],
                [0.99991, 0.013352, -0.001578, 0.0, -0.012582, 0.887892, -0.45988, 0.3, -0.004739, 0.459858, 0.88798, 0.0, 0.0, 0.0, 0.0, 1.0]
            ]
        },
        {
            "name": "Tool_L",
            "time": [0.0, 0.25, 0.7667, 0.9333, 1.9667, 2.35, 2.8167],
            "transform": [
                [0.998658, 0.039723, -0.033233, -0.012677, 0.043929, -0.98956, 0.137266, 0.208813, -0.027417, -0.138471, -0.989393, 0.160811, 0.0, 0.0, 0.0, 1.0],
                [0.998658, 0.039723, -0.033233, -0.012677, 0.043929, -0.989559, 0.137266, 0.208813, -0.027417, -0.138471, -0.989393, 0.160811, 0.0, 0.0, 0.0, 1.0],
                [0.998658, 0.039723, -0.033233, -0.012677, 0.043929, -0.98956, 0.137266, 0.208813, -0.027417, -0.138471, -0.989393, 0.160811, 0.0, 0.0, 0.0, 1.0],
                [0.998658, 0.039723, -0.033233, -0.012677, 0.043929, -0.989559, 0.137266, 0.208813, -0.027417, -0.138471, -0.989393, 0.160811, 0.0, 0.0, 0.0, 1.0],
                [0.998658, 0.039723, -0.033233, -0.012677, 0.043929, -0.98956, 0.137266, 0.208813, -0.027417, -0.138471, -0.989393, 0.160811, 0.0, 0.0, 0.0, 1.0],
                [0.998658, 0.039723, -0.033233, -0.012677, 0.043929, -0.98956, 0.137266, 0.208813, -0.027417, -0.138471, -0.989393, 0.160811, 0.0, 0.0, 0.0, 1.0],
                [0.998658, 0.039723, -0.033233, -0.012677, 0.043929, -0.98956, 0.137266, 0.208813, -0.027417, -0.138471, -0.989393, 0.160811, 0.0, 0.0, 0.0, 1.0]
            ]
        },
        {
            "name": "Elbow_L",
            "time": [0.0, 0.25, 0.7667, 0.9333, 1.9667, 2.35, 2.8167],
            "transform": [
                [-0.999641, -0.004744, -0.026384, -0.001644, 0.023045, 0.350725, -0.936195, 0.298484, 0.013695, -0.936467, -0.350489, -0.001028, 0.0, 0.0, 0.0, 1.0],
                [-0.999641, -0.004744, -0.026384, -0.001644, 0.023045, 0.350725, -0.936195, 0.298484, 0.013695, -0.936467, -0.35049, -0.001028, 0.0, 0.0, 0.0, 1.0],
                [-0.999641, -0.004744, -0.026384, -0.001644, 0.023045, 0.350725, -0.936195, 0.298484, 0.013695, -0.936467, -0.35049, -0.001028, 0.0, 0.0, 0.0, 1.0],
                [-0.999641, -0.004744, -0.026384, -0.001644, 0.023045, 0.350725, -0.936195, 0.298484, 0.013695, -0.936467, -0.350489, -0.001028, 0.0, 0.0, 0.0, 1.0],
                [-0.999641, -0.004744, -0.026384, -0.001644, 0.023045, 0.350725, -0.936195, 0.298484, 0.013695, -0.936467, -0.35049, -0.001028, 0.0, 0.0, 0.0, 1.0],
                [-0.999641, -0.004744, -0.026384, -0.001644, 0.023045, 0.350725, -0.936195, 0.298484, 0.013695, -0.936467, -0.350489, -0.001028, 0.0, 0.0, 0.0, 1.0],
                [-0.999641, -0.004744, -0.026384, -0.001644, 0.023045, 0.350725, -0.936195, 0.298484, 0.013695, -0.936467, -0.350489, -0.001028, 0.0, 0.0, 0.0, 1.0]
            ]
        }
    ]
}