{
    "animation": [
        {
            "name": "Root",
            "time": [0.0, 0.1167, 0.3167, 0.4, 0.5, 0.95, 1.2833, 1.4667, 1.75],
            "transform": [
                [0.809591, 0.123723, 0.573808, 0.042492, 0.574967, 0.029732, -0.817636, 0.001958, -0.118221, 0.991871, -0.047065, 0.611366, 0.0, 0.0, 0.0, 1.0],
                [0.869052, 0.036674, -0.49336, 0.009491, -0.494679, 0.051325, -0.867559, -0.673948, -0.006495, 0.998008, 0.062746, 0.642961, 0.0, 0.0, 0.0, 1.0],
                [0.661815, 0.007151, -0.749633, -5e-06, -0.747385, -0.071675, -0.660514, -0.868445, -0.058453, 0.997402, -0.042091, 0.652053, 0.0, 0.0, 0.0, 1.0],
                [0.965053, -0.109481, -0.238089, 0.021869, -0.182707, 0.370206, -0.910805, 0.145646, 0.187858, 0.922476, 0.337266, 0.646481, 0.0, 0.0, 0.0, 1.0],
                [0.800894, -0.005564, 0.59878, 0.048634, 0.597245, 0.079583, -0.798101, 0.757959, -0.043212, 0.996813, 0.06706, 0.639664, 0.0, 0.0, 0.0, 1.0],
                [0.452277, 0.070422, 0.889093, 0.064125, 0.883568, 0.100382, -0.457417, 1.067192, -0.121461, 0.992454, -0.016822, 0.635718, 0.0, 0.0, 0.0, 1.0],
                [0.95028, 0.015787, 0.310995, 0.040066, 0.296806, 0.256196, -0.919929, 1.233318, -0.094199, 0.966496, 0.238772, 0.623624, 0.0, 0.0, 0.0, 1.0],
                [0.992734, 0.025838, -0.117522, 0.023942, -0.120277, 0.241866, -0.962826, 1.305216, 0.003548, 0.969965, 0.243217, 0.754508, 0.0, 0.0, 0.0, 1.0],
                [0.854689, 0.0, -0.51914, -5e-06, -0.51914, 0.0, -0.854689, 1.604912, 0.0, 1.0, 0.0, 0.734337, 0.0, 0.0, 0.0, 1.0]
            ]
        },
        {
            "name": "Thigh_R",
            "time": [0.0, 0.0667, 0.1167, 0.3167, 0.4, 0.5, 0.95, 1.2833, 1.75],
            "transform": [
                [0.814352, 0.576287, -0.068717, 0.124994, 0.17881, -0.136491, 0.97437, -0.002831, 0.552138, -0.805767, -0.214199, -1.2e-05, 0.0, 0.0, 0.0, 1.0],
                [0.865921, 0.433448, -0.249602, 0.124994, 0.396841, -0.291604, 0.870336, -0.002831, 0.304461, -0.852693, -0.424518, -1.2e-05, 0.0, 0.0, 0.0, 1.0],
                [0.906182, 0.422646, -0.014279, 0.124994, 0.42089, -0.898105, 0.127495, -0.002831, 0.041061, -0.121543, -0.991737, -1.2e-05, 0.0, 0.0, 0.0, 1.0],
                [0.931738, 0.350731, 0.094077, 0.124994, 0.347496, -0.936379, 0.049361, -0.002831, 0.105404, -0.0133, -0.994341, -1.2e-05, 0.0, 0.0, 0.0, 1.0],
                [0.97965, 0.193855, 0.052015, 0.124994, 0.142409, -0.853949, 0.500488, -0.002831, 0.14144, -0.482894, -0.86418, -1.2e-05, 0.0, 0.0, 0.0, 1.0],
                [0.890435, 0.420138, 0.174954, 0.124994, 0.15142, -0.636011, 0.756678, -0.002831, 0.429182, -0.647279, -0.629945, -1.2e-05, 0.0, 0.0, 0.0, 1.0],
                [0.640044, 0.705215, 0.30498, 0.124994, 0.228561, -0.553719, 0.800721, -0.002831, 0.733555, -0.442789, -0.515591, -1.2e-05, 0.0, 0.0, 0.0, 1.0],
                [0.973751, 0.139551, -0.179815, 0.124994, 0.218897, -0.357614, 0.907852, -0.002831, 0.062388, -0.923381, -0.378776, -1.2e-05, 0.0, 0.0, 0.0, 1.0],
                [0.984651, 0.173938, 0.014417, 0.124994, 0.174461, -0.983273, -0.052289, -0.002831, 0.005081, 0.054002, -0.998528, -1.2e-05, 0.0, 0.0, 0.0, 1.0]
            ]
        },
        {
            "name": "Leg_R",
            "time": [0.0, 0.0667, 0.1167, 0.3167, 0.4, 0.5, 0.95, 1.2833, 1.75],
            "transform": [
                [0.998295, -0.004714, -0.058191, -0.0, 0.058094, -0.01855, 0.998138, 0.37472, -0.005785, -0.999818, -0.018244, 0.0, 0.0, 0.0, 0.0, 1.0],
                [0.998294, 0.025526, -0.052506, 0.0, 0.058094, -0.523444, 0.850077, 0.37472, -0.005785, -0.851678, -0.524033, 0.0, 0.0, 0.0, 0.0, 1.0],
                [0.998294, -0.048326, -0.032757, -0.0, 0.058094, 0.766684, 0.639391, 0.37472, -0.005785, -0.640204, 0.768183, 0.0, 0.0, 0.0, 0.0, 1.0],
                [0.998294, -0.042346, -0.04019, -0.0, 0.058095, 0.652321, 0.755713, 0.37472, -0.005785, -0.75676, 0.653668, 0.0, 0.0, 0.0, 0.0, 1.0],
                [0.998658, -0.004919, -0.051551, -0.0, 0.05148, -0.013764, 0.998579, 0.37472, -0.005621, -0.999894, -0.013493, 0.0, 0.0, 0.0, 0.0, 1.0],
                [0.999047, -0.034076, -0.027296, 0.0, 0.043467, 0.717497, 0.695204, 0.37472, -0.004105, -0.695729, 0.718293, -0.0, 0.0, 0.0, 0.0, 1.0],
                [0.999236, -0.027059, -0.028221, 0.0, 0.039011, 0.642263, 0.765491, 0.37472, -0.002588, -0.766007, 0.642827, 0.0, 0.0, 0.0, 0.0, 1.0],
                [0.998295, -0.035995, -0.04595, 0.0, 0.058078, 0.53396, 0.843512, 0.37472, -0.005826, -0.844744, 0.535139, 0.0, 0.0, 0.0, 0.0, 1.0],
                [0.998294, -0.058101, -0.005717, 0.0, 0.058095, 0.978904, 0.195889, 0.37472, -0.005785, -0.195888, 0.980609, 0.0, 0.0, 0.0, 0.0, 1.0]
            ]
        },
        {
            "name": "Knee_R",
            "time": [0.0, 0.1167, 0.3167, 0.5, 0.95, 1.2833, 1.75],
            "transform": [
                [1.0, 0.0, -0.0, -0.0, -0.0, 1e-06, -1.0, 0.37472, -0.0, 1.0, 1e-06, 0.0, 0.0, 0.0, 0.0, 1.0],
                [1.0, 0.0, -0.0, -0.0, -0.0, 1e-06, -1.0, 0.37472, -0.0, 1.0, 1e-06, 0.0, 0.0, 0.0, 0.0, 1.0],
                [1.0, 0.0, -0.0, -0.0, -0.0, 1e-06, -1.0, 0.37472, -0.0, 1.0, 1e-06, 0.0, 0.0, 0.0, 0.0, 1.0],
                [1.0, 0.0, -0.0, 0.0, -0.0, 1e-06, -1.0, 0.37472, -0.0, 1.0, 1e-06, -0.0, 0.0, 0.0, 0.0, 1.0],
                [1.0, 0.0, -0.0, 0.0, -0.0, 1e-06, -1.0, 0.37472, -0.0, 1.0, 1e-06, 0.0, 0.0, 0.0, 0.0, 1.0],
                [1.0, 0.0, -0.0, 0.0, -0.0, 1e-06, -1.0, 0.37472, -0.0, 1.0, 1e-06, 0.0, 0.0, 0.0, 0.0, 1.0],
                [1.0, 0.0, -0.0, 0.0, -0.0, 1e-06, -1.0, 0.37472, -0.0, 1.0, 1e-06, 0.0, 0.0, 0.0, 0.0, 1.0]
            ]
        },
        {
            "name": "Thigh_L",
            "time": [0.0, 0.0667, 0.1167, 0.3167, 0.4, 0.5, 0.95, 1.2833, 1.75],
            "transform": [
                [0.830919, -0.282113, 0.479567, -0.109662, -0.105082, -0.925981, -0.362652, -0.002831, 0.546379, 0.250941, -0.799061, 0.02525, 0.0, 0.0, 0.0, 1.0],
                [0.99379, -0.099408, 0.049979, -0.109662, -0.106995, -0.977055, 0.184163, -0.002831, 0.030525, -0.188367, -0.981624, 0.02525, 0.0, 0.0, 0.0, 1.0],
                [0.867557, -0.415491, -0.273332, -0.109662, -0.180134, -0.774793, 0.60601, -0.002831, -0.463567, -0.476512, -0.747022, 0.02525, 0.0, 0.0, 0.0, 1.0],
                [0.739797, -0.424161, -0.522291, -0.109662, -0.021793, -0.790959, 0.611481, -0.002831, -0.672476, -0.440989, -0.594393, 0.02525, 0.0, 0.0, 0.0, 1.0],
                [0.884655, -0.42437, -0.193117, -0.109662, -0.130163, -0.622521, 0.771703, -0.002831, -0.447707, -0.657554, -0.605954, 0.02525, 0.0, 0.0, 0.0, 1.0],
                [0.817799, -0.547482, -0.177388, -0.109662, -0.533579, -0.836798, 0.122729, -0.002831, -0.21563, -0.005716, -0.976458, 0.02525, 0.0, 0.0, 0.0, 1.0],
                [0.917787, -0.382369, -0.107048, -0.109662, -0.394959, -0.906871, -0.146941, -0.002831, -0.040893, 0.17714, -0.983335, 0.02525, 0.0, 0.0, 0.0, 1.0],
                [0.783231, -0.424476, -0.454278, -0.109662, -0.341681, -0.90431, 0.255884, -0.002831, -0.519425, -0.045198, -0.85332, 0.02525, 0.0, 0.0, 0.0, 1.0],
                [0.784702, -0.303887, -0.540272, -0.109662, -0.081415, -0.914563, 0.396164, -0.002831, -0.614502, -0.266885, -0.742401, 0.02525, 0.0, 0.0, 0.0, 1.0]
            ]
        },
        {
            "name": "Leg_L",
            "time": [0.0, 0.1167, 0.3167, 0.5, 0.95, 1.2833, 1.75],
            "transform": [
                [0.997933, 0.060065, 0.022863, -0.0, -0.064028, 0.959959, 0.272725, 0.37472, -0.005567, -0.273624, 0.961821, -0.0, 0.0, 0.0, 0.0, 1.0],
                [0.997933, 0.051837, 0.037992, -0.0, -0.064028, 0.853074, 0.517847, 0.37472, -0.005567, -0.519209, 0.854629, 0.0, 0.0, 0.0, 0.0, 1.0],
                [0.997933, 0.048756, 0.041874, 0.0, -0.064028, 0.810637, 0.582038, 0.37472, -0.005567, -0.583515, 0.812083, -0.0, 0.0, 0.0, 0.0, 1.0],
                [0.997933, 0.054906, 0.033404, -0.0, -0.064028, 0.894361, 0.44274, 0.37472, -0.005567, -0.443963, 0.896028, -0.0, 0.0, 0.0, 0.0, 1.0],
                [0.997933, 0.056565, 0.03051, -0.0, -0.064028, 0.916131, 0.395731, 0.37472, -0.005566, -0.396866, 0.91786, 0.0, 0.0, 0.0, 0.0, 1.0],
                [0.997933, 0.036343, 0.053007, 0.0, -0.064028, 0.633627, 0.770985, 0.37472, -0.005567, -0.772784, 0.634644, -0.0, 0.0, 0.0, 0.0, 1.0],
                [0.997933, 0.05815, 0.027369, 0.0, -0.064028, 0.936412, 0.345012, 0.37472, -0.005566, -0.34605, 0.9382, -0.0, 0.0, 0.0, 0.0, 1.0]
            ]
        },
        {
            "name": "Knee_L",
            "time": [0.0, 0.1167, 0.3167, 0.5, 0.95, 1.2833, 1.75],
            "transform": [
                [1.0, 0.0, -0.0, -0.0, -0.0, 1e-06, -1.0, 0.37472, -0.0, 1.0, 1e-06, -0.0, 0.0, 0.0, 0.0, 1.0],
                [1.0, 0.0, -0.0, -0.0, -0.0, 1e-06, -1.0, 0.37472, -0.0, 1.0, 1e-06, 0.0, 0.0, 0.0, 0.0, 1.0],
                [1.0, 0.0, -0.0, 0.0, -0.0, 1e-06, -1.0, 0.37472, -0.0, 1.0, 1e-06, -0.0, 0.0, 0.0, 0.0, 1.0],
                [1.0, 0.0, -0.0, -0.0, -0.0, 1e-06, -1.0, 0.37472, -0.0, 1.0, 1e-06, -0.0, 0.0, 0.0, 0.0, 1.0],
                [1.0, 0.0, -0.0, -0.0, -0.0, 1e-06, -1.0, 0.37472, -0.0, 1.0, 1e-06, 0.0, 0.0, 0.0, 0.0, 1.0],
                [1.0, 0.0, -0.0, 0.0, -0.0, 1e-06, -1.0, 0.37472, -0.0, 1.0, 1e-06, -0.0, 0.0, 0.0, 0.0, 1.0],
                [1.0, 0.0, -0.0, 0.0, -0.0, 1e-06, -1.0, 0.37472, -0.0, 1.0, 1e-06, -0.0, 0.0, 0.0, 0.0, 1.0]
            ]
        },
        {
            "name": "Torso",
            "time": [0.0, 0.1167, 0.3167, 0.5, 0.95, 1.2833, 1.75],
            "transform": [
                [0.881203, -0.210607, 0.423233, 0.0, 0.130725, 0.968928, 0.209974, 0.05, -0.454304, -0.129703, 0.881354, -0.0, 0.0, 0.0, 0.0, 1.0],
                [0.951887, -0.064822, 0.299516, 0.0, 0.049044, 0.996999, 0.059907, 0.05, -0.3025, -0.042335, 0.952209, 0.0, 0.0, 0.0, 0.0, 1.0],
                [0.965662, -0.025127, 0.258582, -0.0, 0.020968, 0.999603, 0.018828, 0.05, -0.258953, -0.012759, 0.965806, 0.0, 0.0, 0.0, 0.0, 1.0],
                [0.997454, 0.050058, 0.050795, 0.0, -0.052357, 0.997615, 0.044983, 0.05, -0.048422, -0.047528, 0.997696, 0.0, 0.0, 0.0, 0.0, 1.0],
                [0.997747, 0.067058, 0.001795, 0.0, -0.067053, 0.996185, 0.055854, 0.05, 0.001958, -0.055849, 0.998437, 0.0, 0.0, 0.0, 0.0, 1.0],
                [0.958389, -0.046748, 0.281611, 0.0, 0.036515, 0.998472, 0.041477, 0.05, -0.283119, -0.029468, 0.958632, -0.0, 0.0, 0.0, 0.0, 1.0],
                [0.965662, -0.025127, 0.258583, -0.0, 0.020968, 0.999603, 0.018828, 0.05, -0.258953, -0.012759, 0.965806, 0.0, 0.0, 0.0, 0.0, 1.0]
            ]
        },
        {
            "name": "Chest",
            "time": [0.0, 0.0667, 0.1167, 0.3167, 0.4, 0.5, 0.95, 1.2833, 1.75],
            "transform": [
                [0.868009, 0.027084, 0.495809, 0.0, -0.069165, 0.995372, 0.066714, 0.3, -0.491708, -0.092201, 0.865865, 0.0, 0.0, 0.0, 0.0, 1.0],
                [0.996489, 0.027413, -0.079105, -0.0, 0.001507, 0.938848, 0.344329, 0.3, 0.083707, -0.343239, 0.935511, -0.0, 0.0, 0.0, 0.0, 1.0],
                [0.85243, 0.119515, -0.508997, -0.0, -0.072259, 0.991111, 0.111705, 0.3, 0.517823, -0.058441, 0.853489, -0.0, 0.0, 0.0, 0.0, 1.0],
                [0.877411, -0.019672, -0.479336, 0.0, -0.007976, 0.998423, -0.055575, 0.3, 0.479673, 0.052585, 0.87587, 0.0, 0.0, 0.0, 0.0, 1.0],
                [0.924219, -0.012167, -0.381669, 0.0, 0.016355, 0.999836, 0.007731, 0.3, 0.381512, -0.013387, 0.924267, 0.0, 0.0, 0.0, 0.0, 1.0],
                [0.722175, -0.159096, 0.673166, 0.0, 0.13286, 0.986973, 0.090729, 0.3, -0.678831, 0.023914, 0.733905, -0.0, 0.0, 0.0, 0.0, 1.0],
                [0.818784, -0.189967, 0.541762, -0.0, 0.12553, 0.980073, 0.153943, 0.3, -0.56021, -0.058039, 0.826315, 0.0, 0.0, 0.0, 0.0, 1.0],
                [0.994896, 0.07683, -0.065421, 0.0, -0.042448, 0.906805, 0.419409, 0.3, 0.091548, -0.414491, 0.905437, -0.0, 0.0, 0.0, 0.0, 1.0],
                [0.986768, -0.023894, -0.160365, -0.0, 0.026191, 0.999582, 0.012223, 0.3, 0.160006, -0.016261, 0.986982, -0.0, 0.0, 0.0, 0.0, 1.0]
            ]
        },
        {
            "name": "Head",
            "time": [0.0, 0.0667, 0.1167, 0.3167, 0.4, 0.5, 0.95, 1.2833, 1.75],
            "transform": [
                [0.267656, 0.03176, -0.962991, 0.0, -0.040341, 0.99895, 0.021733, 0.4, 0.96267, 0.033031, 0.268656, 0.0, 0.0, 0.0, 0.0, 1.0],
                [0.975569, 0.016646, -0.219064, -0.0, -0.001016, 0.997456, 0.071272, 0.4, 0.219693, -0.069308, 0.973104, 0.0, 0.0, 0.0, 0.0, 1.0],
                [0.955334, -0.052828, 0.290768, -0.0, 0.01541, 0.991459, 0.129503, 0.4, -0.295126, -0.119238, 0.947989, 0.0, 0.0, 0.0, 0.0, 1.0],
                [0.755048, -0.102752, 0.647568, 0.0, -0.002326, 0.987218, 0.159357, 0.4, -0.655665, -0.121828, 0.745159, -0.0, 0.0, 0.0, 0.0, 1.0],
                [0.970335, 0.07429, 0.230065, 0.0, -0.007355, 0.960248, -0.279049, 0.4, -0.241651, 0.269079, 0.93231, -0.0, 0.0, 0.0, 0.0, 1.0],
                [0.589159, 0.070273, -0.804956, -0.0, 0.046032, 0.991674, 0.120265, 0.4, 0.806705, -0.107909, 0.581019, 0.0, 0.0, 0.0, 0.0, 1.0],
                [0.743964, 0.110168, -0.659076, -0.0, -0.037893, 0.991684, 0.122992, 0.4, 0.667145, -0.066527, 0.741952, -0.0, 0.0, 0.0, 0.0, 1.0],
                [0.975845, 0.031753, -0.216144, -0.0, -0.03813, 0.99895, -0.025397, 0.4, 0.215111, 0.033025, 0.976031, 0.0, 0.0, 0.0, 0.0, 1.0],
                [0.907906, 0.03176, 0.417969, 0.0, -0.015014, 0.99895, -0.043293, 0.4, -0.418905, 0.033031, 0.907429, 0.0, 0.0, 0.0, 0.0, 1.0]
            ]
        },
        {
            "name": "Shoulder_R",
            "time": [0.0, 0.1167, 0.3167, 0.5, 0.95, 1.2833, 1.75],
            "transform": [
                [0.06334, 0.923689, 0.37787, 0.0, -0.094281, -0.371399, 0.923674, 0.4, 0.993528, -0.094132, 0.063562, 0.0, 0.0, 0.0, 0.0, 1.0],
                [0.06334, 0.923689, 0.37787, -0.0, -0.094281, -0.371399, 0.923674, 0.4, 0.993528, -0.094132, 0.063562, 0.0, 0.0, 0.0, 0.0, 1.0],
                [0.06334, 0.923689, 0.37787, 0.0, -0.094281, -0.371398, 0.923674, 0.4, 0.993528, -0.094132, 0.063562, -0.0, 0.0, 0.0, 0.0, 1.0],
                [-0.002298, 0.925856, 0.37787, -0.0, -0.067716, -0.377148, 0.923674, 0.4, 0.997702, -0.023465, 0.063562, 0.0, 0.0, 0.0, 0.0, 1.0],
                [-0.023216, 0.925567, 0.37787, -0.0, -0.059178, -0.378581, 0.923674, 0.4, 0.997977, -0.000917, 0.063562, -0.0, 0.0, 0.0, 0.0, 1.0],
                [0.06334, 0.923689, 0.37787, -0.0, -0.094281, -0.371399, 0.923674, 0.4, 0.993528, -0.094132, 0.063562, 0.0, 0.0, 0.0, 0.0, 1.0],
                [0.06334, 0.923689, 0.37787, 0.0, -0.094281, -0.371399, 0.923674, 0.4, 0.993528, -0.094132, 0.063562, 0.0, 0.0, 0.0, 0.0, 1.0]
            ]
        },
        {
            "name": "Arm_R",
            "time": [0.0, 0.0667, 0.1167, 0.3167, 0.5, 0.6, 0.95, 1.2833, 1.75],
            "transform": [
                [0.337158, -0.730401, -0.594003, -0.0, -0.359134, 0.483451, -0.798309, 0.393861, 0.870257, 0.482483, -0.099312, -0.0, 0.0, 0.0, 0.0, 1.0],
                [0.108228, -0.344587, -0.932495, -0.0, 0.555909, 0.798619, -0.230594, 0.393861, 0.824167, -0.493425, 0.277992, 0.0, 0.0, 0.0, 0.0, 1.0],
                [-0.080403, 0.472481, -0.877665, -0.0, 0.081303, 0.880691, 0.466662, 0.39386, 0.993441, -0.033836, -0.109224, -0.0, 0.0, 0.0, 0.0, 1.0],
                [-0.052454, 0.764104, -0.642957, 0.0, 0.25507, 0.632739, 0.731151, 0.393861, 0.965499, -0.125647, -0.22809, -0.0, 0.0, 0.0, 0.0, 1.0],
                [-0.078253, -0.207231, -0.975157, 0.0, -0.236792, 0.954028, -0.183739, 0.39386, 0.968404, 0.216532, -0.123726, 0.0, 0.0, 0.0, 0.0, 1.0],
                [-0.057853, 0.035794, -0.997683, 0.0, -0.336473, 0.940187, 0.053242, 0.39386, 0.939914, 0.338774, -0.042349, 0.0, 0.0, 0.0, 0.0, 1.0],
                [-0.030592, 0.163115, -0.986133, -0.0, -0.382354, 0.909646, 0.162325, 0.39386, 0.923509, 0.382017, 0.03454, -0.0, 0.0, 0.0, 0.0, 1.0],
                [0.050992, -0.834659, -0.548401, -0.0, 0.738948, 0.400925, -0.541493, 0.39386, 0.67183, -0.377627, 0.637214, 0.0, 0.0, 0.0, 0.0, 1.0],
                [0.095459, 0.079765, -0.992232, 0.0, 0.832695, 0.539784, 0.123503, 0.39386, 0.545442, -0.838016, -0.014892, 0.0, 0.0, 0.0, 0.0, 1.0]
            ]
        },
        {
            "name": "Hand_R",
            "time": [0.0, 0.1167, 0.3167, 0.4, 0.5, 0.95, 1.2833, 1.75],
            "transform": [
                [0.999599, -0.028013, 0.004132, 0.0, 0.023395, 0.734861, -0.677814, 0.3, 0.015951, 0.677639, 0.735222, 0.0, 0.0, 0.0, 0.0, 1.0],
                [0.999599, -0.024028, 0.014981, -0.0, 0.023395, 0.402779, -0.914998, 0.3, 0.015951, 0.914982, 0.40318, 0.0, 0.0, 0.0, 0.0, 1.0],
                [0.999599, -0.022105, 0.017696, -0.0, 0.023395, 0.292708, -0.955916, 0.3, 0.015951, 0.955946, 0.293108, 0.0, 0.0, 0.0, 0.0, 1.0],
                [0.999597, -0.007641, 0.027337, 0.0, 0.023437, -0.32113, -0.946745, 0.3, 0.016012, 0.947004, -0.320821, -0.0, 0.0, 0.0, 0.0, 1.0],
                [0.999599, -0.02288, -0.016682, -0.0, 0.023395, 0.999233, 0.031408, 0.3, 0.015951, -0.031786, 0.999367, 0.0, 0.0, 0.0, 0.0, 1.0],
                [0.999599, -0.025527, -0.012253, -0.0, 0.023395, 0.98834, -0.150457, 0.3, 0.015951, 0.15011, 0.988541, -0.0, 0.0, 0.0, 0.0, 1.0],
                [0.999599, -0.024465, -0.014256, -0.0, 0.023395, 0.997208, -0.070922, 0.3, 0.015951, 0.07056, 0.99738, -0.0, 0.0, 0.0, 0.0, 1.0],
                [0.999599, -0.023021, -0.016487, -0.0, 0.023395, 0.999464, 0.022904, 0.3, 0.015951, -0.02328, 0.999602, -0.0, 0.0, 0.0, 0.0, 1.0]
            ]
        },
        {
            "name": "Tool_R",
            "time": [0.0, 0.1167, 0.3167, 0.5, 0.95, 1.2833, 1.75],
            "transform": [
                [0.999822, 0.009713, 0.016189, -0.017311, 0.006818, -0.985396, 0.17014, 0.36637, 0.017595, -0.169909, -0.984702, 0.051121, 0.0, 0.0, 0.0, 1.0],
                [0.999822, 0.009713, 0.016189, -0.017312, 0.006818, -0.985396, 0.17014, 0.36637, 0.017595, -0.169909, -0.984702, 0.051121, 0.0, 0.0, 0.0, 1.0],
                [0.999822, 0.009714, 0.016189, -0.017311, 0.006819, -0.985396, 0.17014, 0.36637, 0.017595, -0.169909, -0.984702, 0.051121, 0.0, 0.0, 0.0, 1.0],
                [0.999822, 0.009713, 0.016189, -0.017312, 0.006818, -0.985396, 0.17014, 0.36637, 0.017595, -0.169909, -0.984702, 0.051121, 0.0, 0.0, 0.0, 1.0],
                [0.999822, 0.009713, 0.016189, -0.017311, 0.006818, -0.985396, 0.17014, 0.36637, 0.017595, -0.169909, -0.984702, 0.051121, 0.0, 0.0, 0.0, 1.0],
                [0.999822, 0.009713, 0.016189, -0.017311, 0.006818, -0.985396, 0.17014, 0.36637, 0.017594, -0.169909, -0.984702, 0.051121, 0.0, 0.0, 0.0, 1.0],
                [0.999822, 0.009713, 0.016189, -0.017311, 0.006818, -0.985396, 0.17014, 0.36637, 0.017595, -0.169909, -0.984702, 0.051121, 0.0, 0.0, 0.0, 1.0]
            ]
        },
        {
            "name": "Elbow_R",
            "time": [0.0, 0.1167, 0.3167, 0.5, 0.95, 1.2833, 1.75],
            "transform": [
                [-1.0, 0.0, 0.0, 0.0, -0.0, -0.139409, -0.990235, 0.335189, -0.0, -0.990235, 0.139408, -0.005621, 0.0, 0.0, 0.0, 1.0],
                [-1.0, 0.0, 0.0, -0.0, -0.0, -0.139408, -0.990235, 0.335189, -0.0, -0.990235, 0.139408, -0.005621, 0.0, 0.0, 0.0, 1.0],
                [-1.0, 0.0, 0.0, -0.0, -0.0, -0.139408, -0.990235, 0.335189, -0.0, -0.990235, 0.139409, -0.005621, 0.0, 0.0, 0.0, 1.0],
                [-1.0, 0.0, 0.0, -0.0, -0.0, -0.139408, -0.990235, 0.335189, -0.0, -0.990235, 0.139409, -0.005621, 0.0, 0.0, 0.0, 1.0],
                [-1.0, 0.0, 0.0, -0.0, -0.0, -0.139408, -0.990235, 0.335189, -0.0, -0.990235, 0.139409, -0.005621, 0.0, 0.0, 0.0, 1.0],
                [-1.0, 0.0, 0.0, -0.0, -0.0, -0.139408, -0.990235, 0.335189, -0.0, -0.990235, 0.139409, -0.005621, 0.0, 0.0, 0.0, 1.0],
                [-1.0, 0.0, 0.0, -0.0, -0.0, -0.139408, -0.990235, 0.335189, -0.0, -0.990235, 0.139408, -0.005621, 0.0, 0.0, 0.0, 1.0]
            ]
        },
        {
            "name": "Shoulder_L",
            "time": [0.0, 0.1167, 0.3167, 0.5, 0.95, 1.2833, 1.75],
            "transform": [
                [-0.007939, -0.952498, -0.304441, 0.0, -0.088921, -0.302572, 0.948969, 0.4, -0.996007, 0.034605, -0.082295, 0.0, 0.0, 0.0, 0.0, 1.0],
                [-0.007939, -0.952498, -0.304441, -0.0, -0.088921, -0.302572, 0.94897, 0.4, -0.996007, 0.034605, -0.082295, 0.0, 0.0, 0.0, 0.0, 1.0],
                [-0.007939, -0.952498, -0.304441, 0.0, -0.088921, -0.302572, 0.94897, 0.4, -0.996007, 0.034605, -0.082295, -0.0, 0.0, 0.0, 0.0, 1.0],
                [-0.007939, -0.952498, -0.304441, -0.0, -0.088921, -0.302572, 0.94897, 0.4, -0.996007, 0.034605, -0.082295, 0.0, 0.0, 0.0, 0.0, 1.0],
                [-0.007939, -0.952498, -0.304441, -0.0, -0.088921, -0.302572, 0.94897, 0.4, -0.996007, 0.034605, -0.082295, -0.0, 0.0, 0.0, 0.0, 1.0],
                [-0.007939, -0.952498, -0.304441, -0.0, -0.088921, -0.302572, 0.94897, 0.4, -0.996007, 0.034605, -0.082295, 0.0, 0.0, 0.0, 0.0, 1.0],
                [-0.007939, -0.952498, -0.304441, 0.0, -0.088921, -0.302572, 0.94897, 0.4, -0.996007, 0.034605, -0.082295, 0.0, 0.0, 0.0, 0.0, 1.0]
            ]
        },
        {
            "name": "Arm_L",
            "time": [0.0, 0.1167, 0.3167, 0.5, 0.95, 1.2833, 1.75],
            "transform": [
                [0.246455, 0.332923, 0.910177, -0.0, -0.524403, 0.835596, -0.163647, 0.39386, -0.815022, -0.436968, 0.380523, -0.0, 0.0, 0.0, 0.0, 1.0],
                [0.169027, -0.036397, 0.984939, 0.0, -0.543634, 0.830117, 0.12397, 0.39386, -0.822127, -0.5564, 0.120525, 0.0, 0.0, 0.0, 0.0, 1.0],
                [0.148086, -0.144892, 0.978303, 0.0, -0.553004, 0.807976, 0.203374, 0.39386, -0.819913, -0.571122, 0.039524, -0.0, 0.0, 0.0, 0.0, 1.0],
                [0.035716, -0.193909, 0.980369, -0.0, -0.467333, 0.863884, 0.187895, 0.39386, -0.88336, -0.46487, -0.059766, 0.0, 0.0, 0.0, 0.0, 1.0],
                [0.004399, -0.193733, 0.981044, 0.0, -0.437957, 0.881588, 0.176056, 0.39386, -0.898985, -0.43043, -0.080969, 0.0, 0.0, 0.0, 0.0, 1.0],
                [0.071397, -0.471024, 0.879226, 0.0, -0.835221, 0.453631, 0.310845, 0.39386, -0.54526, -0.756541, -0.361021, -0.0, 0.0, 0.0, 0.0, 1.0],
                [-0.146701, -0.409837, 0.900284, 0.0, -0.980855, 0.178104, -0.078752, 0.39386, -0.128068, -0.894602, -0.428119, -0.0, 0.0, 0.0, 0.0, 1.0]
            ]
        },
        {
            "name": "Hand_L",
            "time": [0.0, 0.1167, 0.3167, 0.5, 0.95, 1.2833, 1.75],
            "transform": [
                [0.99991, 0.013432, 0.000599, -0.0, -0.012582, 0.950519, -0.310413, 0.3, -0.004739, 0.310378, 0.950602, -0.0, 0.0, 0.0, 0.0, 1.0],
                [0.99991, 0.01264, -0.004582, -0.0, -0.012582, 0.759616, -0.65025, 0.3, -0.004739, 0.650249, 0.759706, 0.0, 0.0, 0.0, 0.0, 1.0],
                [0.99991, 0.012047, -0.005968, 0.0, -0.012582, 0.682011, -0.731234, 0.3, -0.004739, 0.731243, 0.682101, 0.0, 0.0, 0.0, 0.0, 1.0],
                [0.99991, 0.013079, -0.003114, -0.0, -0.012582, 0.828659, -0.559612, 0.3, -0.004739, 0.559601, 0.828749, 0.0, 0.0, 0.0, 0.0, 1.0],
                [0.99991, 0.013269, -0.002164, -0.0, -0.012582, 0.866787, -0.49852, 0.3, -0.004739, 0.498502, 0.866876, 0.0, 0.0, 0.0, 0.0, 1.0],
                [0.99991, 0.013381, -0.001309, 0.0, -0.012582, 0.89698, -0.441893, 0.3, -0.004739, 0.44187, 0.897067, 0.0, 0.0, 0.0, 0.0, 1.0],
                [0.99991, 0.013352, -0.001578, -0.0, -0.012582, 0.887892, -0.45988, 0.3, -0.004739, 0.459858, 0.88798, 0.0, 0.0, 0.0, 0.0, 1.0]
            ]
        },
        {
            "name": "Tool_L",
            "time": [0.0, 0.1167, 0.3167, 0.5, 0.95, 1.2833, 1.75],
            "transform": [
                [0.998658, 0.039723, -0.033233, -0.012677, 0.043929, -0.98956, 0.137266, 0.208813, -0.027417, -0.138471, -0.989393, 0.160811, 0.0, 0.0, 0.0, 1.0],
                [0.998658, 0.039723, -0.033233, -0.012677, 0.043929, -0.98956, 0.137266, 0.208813, -0.027417, -0.138471, -0.989393, 0.160811, 0.0, 0.0, 0.0, 1.0],
                [0.998658, 0.039723, -0.033233, -0.012677, 0.043929, -0.98956, 0.137266, 0.208813, -0.027417, -0.13847, -0.989393, 0.160811, 0.0, 0.0, 0.0, 1.0],
                [0.998658, 0.039723, -0.033233, -0.012677, 0.043929, -0.989559, 0.137266, 0.208813, -0.027417, -0.138471, -0.989393, 0.160811, 0.0, 0.0, 0.0, 1.0],
                [0.998658, 0.039723, -0.033233, -0.012677, 0.043929, -0.98956, 0.137266, 0.208813, -0.027417, -0.138471, -0.989393, 0.160811, 0.0, 0.0, 0.0, 1.0],
                [0.998658, 0.039723, -0.033233, -0.012677, 0.043929, -0.98956, 0.137266, 0.208813, -0.027417, -0.138471, -0.989393, 0.160811, 0.0, 0.0, 0.0, 1.0],
                [0.998658, 0.039723, -0.033233, -0.012677, 0.043929, -0.98956, 0.137266, 0.208813, -0.027417, -0.138471, -0.989393, 0.160811, 0.0, 0.0, 0.0, 1.0]
            ]
        },
        {
            "name": "Elbow_L",
            "time": [0.0, 0.1167, 0.3167, 0.5, 0.95, 1.2833, 1.75],
            "transform": [
                [-0.999641, -0.004744, -0.026384, -0.001644, 0.023045, 0.350725, -0.936195, 0.298484, 0.013695, -0.936467, -0.350489, -0.001028, 0.0, 0.0, 0.0, 1.0],
                [-0.999641, -0.004744, -0.026384, -0.001644, 0.023045, 0.350725, -0.936195, 0.298484, 0.013695, -0.936467, -0.350489, -0.001028, 0.0, 0.0, 0.0, 1.0],
                [-0.999641, -0.004744, -0.026384, -0.001644, 0.023045, 0.350725, -0.936195, 0.298484, 0.013695, -0.936467, -0.35049, -0.001028, 0.0, 0.0, 0.0, 1.0],
                [-0.999641, -0.004744, -0.026384, -0.001644, 0.023045, 0.350725, -0.936195, 0.298484, 0.013695, -0.936467, -0.350489, -0.001028, 0.0, 0.0, 0.0, 1.0],
                [-0.999641, -0.004744, -0.026384, -0.001644, 0.023045, 0.350725, -0.936195, 0.298484, 0.013695, -0.936467, -0.350489, -0.001028, 0.0, 0.0, 0.0, 1.0],
                [-0.999641, -0.004744, -0.026384, -0.001644, 0.023045, 0.350725, -0.936195, 0.298484, 0.013695, -0.936467, -0.350489, -0.001028, 0.0, 0.0, 0.0, 1.0],
                [-0.999641, -0.004744, -0.026384, -0.001644, 0.023045, 0.350725, -0.936195, 0.298484, 0.013695, -0.936467, -0.350489, -0.001028, 0.0, 0.0, 0.0, 1.0]
            ]
        }
    ]
}