{
    
    "animation": [
        {
            "name": "Root",
            "time": [0.0, 0.1333, 0.3333, 0.5667],
            "transform": [
                [0.964058, 0.0, 0.265691, -5e-06, 0.265691, 0.0, -0.964058, 0.000946, 0.0, 1.0, 0.0, 0.653345, 0.0, 0.0, 0.0, 1.0],
                [0.964058, 0.0, 0.265691, -5e-06, 0.265691, 0.0, -0.964058, 0.000946, 0.0, 1.0, 0.0, 0.653345, 0.0, 0.0, 0.0, 1.0],
                [0.999512, 0.0, -0.031246, -0.005512, -0.031246, 0.0, -0.999512, 0.35089, 0.0, 1.0, 0.0, 0.653345, 0.0, 0.0, 0.0, 1.0],
                [0.997046, 0.0, 0.076812, 0.002162, 0.076812, 0.0, -0.997046, 0.251271, 0.0, 1.0, 0.0, 0.653345, 0.0, 0.0, 0.0, 1.0]
            ]
        },
        {
            "name": "Thigh_R",
            "time": [0.0, 0.1333, 0.3333, 0.5667],
            "transform": [
                [0.964015, 0.221748, 0.146634, 0.124994, 0.032351, -0.645326, 0.763221, -0.002831, 0.263869, -0.731011, -0.62928, -1.2e-05, 0.0, 0.0, 0.0, 1.0],
                [0.964015, 0.221748, 0.146634, 0.124994, 0.032351, -0.645326, 0.763221, -0.002831, 0.263869, -0.731011, -0.62928, -1.2e-05, 0.0, 0.0, 0.0, 1.0],
                [0.987238, -0.050377, 0.151075, 0.124994, 0.024932, -0.888058, -0.459051, -0.002831, 0.157289, 0.456958, -0.875471, -1.2e-05, 0.0, 0.0, 0.0, 1.0],
                [0.987238, -0.026301, 0.157066, 0.124994, 0.024932, -0.94858, -0.315547, -0.002831, 0.157289, 0.315436, -0.935821, -1.2e-05, 0.0, 0.0, 0.0, 1.0]
            ]
        },
        {
            "name": "Leg_R",
            "time": [0.0, 0.1333, 0.3333, 0.5667],
            "transform": [
                [1.0, -1e-06, 2e-06, 0.0, -0.0, 0.836659, 0.547725, 0.37472, -2e-06, -0.547725, 0.836658, -0.0, 0.0, 0.0, 0.0, 1.0],
                [1.0, -1e-06, 2e-06, 0.0, -0.0, 0.836659, 0.547725, 0.37472, -2e-06, -0.547725, 0.836658, -0.0, 0.0, 0.0, 0.0, 1.0],
                [1.0, -0.0, 2e-06, 0.0, -0.0, 0.933126, 0.35955, 0.37472, -2e-06, -0.359551, 0.933125, -0.0, 0.0, 0.0, 0.0, 1.0],
                [1.0, -1e-06, 2e-06, -0.0, -0.0, 0.869664, 0.493645, 0.37472, -2e-06, -0.493646, 0.869663, -0.0, 0.0, 0.0, 0.0, 1.0]
            ]
        },
        {
            "name": "Knee_R",
            "time": [0.0, 0.1333, 0.5667],
            "transform": [
                [1.0, 0.0, -0.0, 0.0, -0.0, 1e-06, -1.0, 0.37472, -0.0, 1.0, 1e-06, -0.0, 0.0, 0.0, 0.0, 1.0],
                [1.0, 0.0, -0.0, 0.0, -0.0, 1e-06, -1.0, 0.37472, -0.0, 1.0, 1e-06, -0.0, 0.0, 0.0, 0.0, 1.0],
                [1.0, 0.0, -0.0, -0.0, -0.0, 1e-06, -1.0, 0.37472, -0.0, 1.0, 1e-06, -0.0, 0.0, 0.0, 0.0, 1.0]
            ]
        },
        {
            "name": "Thigh_L",
            "time": [0.0, 0.1333, 0.3333, 0.5667],
            "transform": [
                [0.822543, -0.415789, -0.387996, -0.125006, -0.504822, -0.847984, -0.161487, -0.002831, -0.26187, 0.3287, -0.907403, -1.2e-05, 0.0, 0.0, 0.0, 1.0],
                [0.822543, -0.415789, -0.387996, -0.125006, -0.504822, -0.847984, -0.161487, -0.002831, -0.26187, 0.3287, -0.907403, -1.2e-05, 0.0, 0.0, 0.0, 1.0],
                [0.980841, 0.109192, 0.161327, -0.125006, -0.061742, -0.6112, 0.789064, -0.002831, 0.184763, -0.783908, -0.592749, -1.2e-05, 0.0, 0.0, 0.0, 1.0],
                [0.980841, 0.065528, 0.183455, -0.125006, -0.061742, -0.788609, 0.611787, -0.002831, 0.184763, -0.611394, -0.769455, -1.2e-05, 0.0, 0.0, 0.0, 1.0]
            ]
        },
        {
            "name": "Leg_L",
            "time": [0.0, 0.1333, 0.2167, 0.3, 0.3333, 0.5667],
            "transform": [
                [1.0, -1e-06, 1e-06, -0.0, 0.0, 0.888384, 0.4591, 0.37472, -1e-06, -0.4591, 0.888385, -0.0, 0.0, 0.0, 0.0, 1.0],
                [1.0, -1e-06, 1e-06, -0.0, 0.0, 0.888384, 0.4591, 0.37472, -1e-06, -0.4591, 0.888385, -0.0, 0.0, 0.0, 0.0, 1.0],
                [1.0, -1e-06, -0.0, 0.0, 0.0, 0.225389, 0.974269, 0.37472, -1e-06, -0.974269, 0.225389, -0.0, 0.0, 0.0, 0.0, 1.0],
                [1.0, -1e-06, 1e-06, -0.0, 0.0, 0.825073, 0.565026, 0.37472, -1e-06, -0.565026, 0.825073, 0.0, 0.0, 0.0, 0.0, 1.0],
                [1.0, -1e-06, 0.0, 0.0, 0.0, 0.688187, 0.725533, 0.37472, -1e-06, -0.725533, 0.688188, -0.0, 0.0, 0.0, 0.0, 1.0],
                [1.0, -1e-06, 1e-06, -0.0, 0.0, 0.925352, 0.379108, 0.37472, -1e-06, -0.379108, 0.925353, -0.0, 0.0, 0.0, 0.0, 1.0]
            ]
        },
        {
            "name": "Knee_L",
            "time": [0.0, 0.1333, 0.5667],
            "transform": [
                [1.0, 0.0, -0.0, -0.0, -0.0, 1e-06, -1.0, 0.37472, -0.0, 1.0, 1e-06, -0.0, 0.0, 0.0, 0.0, 1.0],
                [1.0, 0.0, -0.0, -0.0, -0.0, 1e-06, -1.0, 0.37472, -0.0, 1.0, 1e-06, -0.0, 0.0, 0.0, 0.0, 1.0],
                [1.0, 0.0, -0.0, -0.0, -0.0, 1e-06, -1.0, 0.37472, -0.0, 1.0, 1e-06, -0.0, 0.0, 0.0, 0.0, 1.0]
            ]
        },
        {
            "name": "Torso",
            "time": [0.0, 0.1333, 0.2667, 0.3333, 0.5667],
            "transform": [
                [0.998938, -0.020971, -0.04104, 0.0, 0.021723, 0.999603, 0.017961, 0.05, 0.040647, -0.018833, 0.998996, -0.0, 0.0, 0.0, 0.0, 1.0],
                [0.998938, -0.020971, -0.04104, 0.0, 0.021723, 0.999603, 0.017961, 0.05, 0.040647, -0.018833, 0.998996, -0.0, 0.0, 0.0, 0.0, 1.0],
                [0.973101, 0.096207, -0.209329, 0.0, 0.024731, 0.859755, 0.510107, 0.05, 0.229048, -0.501563, 0.834249, -0.0, 0.0, 0.0, 0.0, 1.0],
                [0.979286, 0.091975, -0.180386, 0.0, 0.008918, 0.870422, 0.492226, 0.05, 0.202285, -0.483639, 0.851572, 0.0, 0.0, 0.0, 0.0, 1.0],
                [0.973101, 0.053989, -0.223963, -0.0, 0.024731, 0.942054, 0.334548, 0.05, 0.229048, -0.331088, 0.915379, 0.0, 0.0, 0.0, 0.0, 1.0]
            ]
        },
        {
            "name": "Chest",
            "time": [0.0, 0.1333, 0.3333, 0.5667],
            "transform": [
                [0.949813, -0.021411, 0.312083, 0.0, 0.014334, 0.999586, 0.024954, 0.3, -0.312488, -0.019228, 0.949727, 0.0, 0.0, 0.0, 0.0, 1.0],
                [0.679241, -0.021411, 0.733603, 0.0, 0.000432, 0.999586, 0.028775, 0.3, -0.733916, -0.019228, 0.678969, 0.0, 0.0, 0.0, 0.0, 1.0],
                [0.859652, 0.043336, -0.509038, 0.0, -0.084503, 0.994732, -0.058021, 0.3, 0.503842, 0.092893, 0.858786, -0.0, 0.0, 0.0, 0.0, 1.0],
                [0.901082, -0.054263, -0.43024, -0.0, 0.164207, 0.960956, 0.222711, 0.3, 0.401357, -0.271329, 0.87481, 0.0, 0.0, 0.0, 0.0, 1.0]
            ]
        },
        {
            "name": "Head",
            "time": [0.0, 0.1333, 0.2667, 0.3333, 0.5667],
            "transform": [
                [0.778754, 0.037721, -0.626195, -0.0, -0.060487, 0.998055, -0.015102, 0.4, 0.624407, 0.049637, 0.779521, -0.0, 0.0, 0.0, 0.0, 1.0],
                [0.573187, 0.037721, -0.818556, 0.0, -0.062299, 0.998055, 0.002369, 0.4, 0.817053, 0.049637, 0.574422, 0.0, 0.0, 0.0, 0.0, 1.0],
                [0.949297, 0.081646, 0.303593, 0.0, 0.073242, 0.881679, -0.46613, 0.4, -0.305729, 0.464731, 0.830996, -0.0, 0.0, 0.0, 0.0, 1.0],
                [0.688617, 0.13033, 0.713317, -0.0, 0.242609, 0.885613, -0.396018, 0.4, -0.683336, 0.445762, 0.578229, 0.0, 0.0, 0.0, 0.0, 1.0],
                [0.780877, 0.260626, 0.567719, 0.0, 0.039692, 0.886272, -0.461461, 0.4, -0.623422, 0.382879, 0.681725, -0.0, 0.0, 0.0, 0.0, 1.0]
            ]
        },
        {
            "name": "Shoulder_R",
            "time": [0.0, 0.1333, 0.3333, 0.5667],
            "transform": [
                [0.686969, 0.661222, 0.301428, -0.0, -0.199938, -0.226805, 0.953197, 0.4, 0.69864, -0.715084, -0.023605, -0.0, 0.0, 0.0, 0.0, 1.0],
                [0.686969, 0.661222, 0.301428, 0.0, -0.199938, -0.226805, 0.953197, 0.4, 0.69864, -0.715084, -0.023605, 0.0, 0.0, 0.0, 0.0, 1.0],
                [-0.02242, 0.929663, 0.367728, -0.0, -0.039986, -0.36836, 0.928823, 0.4, 0.998948, 0.00612, 0.045433, 0.0, 0.0, 0.0, 0.0, 1.0],
                [-0.02242, 0.929663, 0.367728, 0.0, -0.039986, -0.36836, 0.928823, 0.4, 0.998948, 0.00612, 0.045433, -0.0, 0.0, 0.0, 0.0, 1.0]
            ]
        },
        {
            "name": "Arm_R",
            "time": [0.0, 0.1333, 0.3333, 0.5667],
            "transform": [
                [-0.010761, -0.646385, -0.762936, 0.0, -0.203518, 0.748425, -0.63122, 0.39386, 0.979012, 0.148479, -0.139605, 0.0, 0.0, 0.0, 0.0, 1.0],
                [-0.010761, -0.881294, -0.472445, 0.0, -0.203518, 0.464513, -0.861863, 0.39386, 0.979012, 0.086877, -0.184358, -0.0, 0.0, 0.0, 0.0, 1.0],
                [0.15642, 0.442068, -0.883238, 0.0, -0.127104, 0.895819, 0.425855, 0.393861, 0.979478, 0.045651, 0.196312, -0.0, 0.0, 0.0, 0.0, 1.0],
                [0.23259, 0.407177, -0.883238, 0.0, 0.034339, 0.904139, 0.425855, 0.39386, 0.971969, -0.129379, 0.196312, 0.0, 0.0, 0.0, 0.0, 1.0]
            ]
        },
        {
            "name": "Hand_R",
            "time": [0.0, 0.1333, 0.3333, 0.5667],
            "transform": [
                [0.999985, 0.003709, 0.004131, 0.0, -0.00125, 0.875403, -0.483392, 0.3, -0.005409, 0.48338, 0.875394, 0.0, 0.0, 0.0, 0.0, 1.0],
                [0.999985, 0.005012, 0.002387, 0.0, -0.00125, 0.622294, -0.782783, 0.3, -0.005409, 0.782768, 0.622291, -0.0, 0.0, 0.0, 0.0, 1.0],
                [0.999985, 0.00147, 0.005353, -0.0, -0.00125, 0.999163, -0.040889, 0.3, -0.005409, 0.040881, 0.999149, -0.0, 0.0, 0.0, 0.0, 1.0],
                [0.999985, 0.00339, 0.004396, -0.0, -0.00125, 0.909081, -0.416618, 0.3, -0.005409, 0.416606, 0.909071, 0.0, 0.0, 0.0, 0.0, 1.0]
            ]
        },
        {
            "name": "Tool_R",
            "time": [0.0, 0.1333, 0.1667, 0.3333, 0.5667],
            "transform": [
                [0.999918, 0.011888, 0.004804, 0.0, 0.012737, -0.964003, -0.265584, 0.272858, 0.001474, 0.265456, -0.963508, 0.0, 0.0, 0.0, 0.0, 1.0],
                [0.999918, 0.010042, 0.007973, 0.0, 0.012737, -0.849381, -0.527626, 0.272858, 0.001474, 0.527363, -0.848942, 0.0, 0.0, 0.0, 0.0, 1.0],
                [0.999918, 0.008992, 0.009141, -0.002327, 0.012737, -0.778557, -0.627445, 0.423824, 0.001474, 0.627129, -0.778153, 0.273561, 0.0, 0.0, 0.0, 1.0],
                [0.999918, 0.007633, 0.010304, -0.001159, 0.012738, -0.683643, -0.729706, 0.345776, 0.001474, 0.729338, -0.683287, 0.155882, 0.0, 0.0, 0.0, 1.0],
                [0.999918, 0.010545, 0.007295, 0.0, 0.012738, -0.882278, -0.470556, 0.272858, 0.001473, 0.470322, -0.881823, -0.0, 0.0, 0.0, 0.0, 1.0]
            ]
        },
        {
            "name": "Elbow_R",
            "time": [0.0, 0.1333, 0.5667],
            "transform": [
                [-1.0, 0.0, -0.0, 0.0, 0.0, -0.0, -1.0, 0.3, -0.0, -1.0, 0.0, 0.0, 0.0, 0.0, 0.0, 1.0],
                [-1.0, 0.0, -0.0, 0.0, 0.0, -0.0, -1.0, 0.3, -0.0, -1.0, 0.0, -0.0, 0.0, 0.0, 0.0, 1.0],
                [-1.0, 0.0, -0.0, -0.0, 0.0, -0.0, -1.0, 0.3, -0.0, -1.0, 0.0, 0.0, 0.0, 0.0, 0.0, 1.0]
            ]
        },
        {
            "name": "Shoulder_L",
            "time": [0.0, 0.1333, 0.3333, 0.5667],
            "transform": [
                [0.12338, -0.945554, -0.301172, -0.0, 0.007239, -0.302625, 0.953082, 0.4, -0.992333, -0.119771, -0.030493, -0.0, 0.0, 0.0, 0.0, 1.0],
                [0.12338, -0.945554, -0.301172, 0.0, 0.007239, -0.302625, 0.953082, 0.4, -0.992333, -0.119771, -0.030493, 0.0, 0.0, 0.0, 0.0, 1.0],
                [-0.475832, -0.826365, -0.301172, -0.0, -0.17792, -0.244906, 0.953082, 0.4, -0.861353, 0.507091, -0.030493, 0.0, 0.0, 0.0, 0.0, 1.0],
                [-0.475832, -0.826365, -0.301172, 0.0, -0.17792, -0.244906, 0.953082, 0.4, -0.861353, 0.507091, -0.030493, -0.0, 0.0, 0.0, 0.0, 1.0]
            ]
        },
        {
            "name": "Arm_L",
            "time": [0.0, 0.1333, 0.3333, 0.5667],
            "transform": [
                [0.120524, -0.048662, 0.991517, -0.0, 0.460606, 0.887518, -0.012431, 0.39386, -0.879384, 0.458196, 0.129382, -0.0, 0.0, 0.0, 0.0, 1.0],
                [0.120524, -0.757914, 0.641124, -0.0, 0.460606, 0.6148, 0.640206, 0.39386, -0.879384, 0.218145, 0.423198, -0.0, 0.0, 0.0, 0.0, 1.0],
                [0.263482, -0.162069, 0.950953, -0.0, -0.691468, 0.655642, 0.303326, 0.39386, -0.672644, -0.737474, 0.060684, 0.0, 0.0, 0.0, 0.0, 1.0],
                [0.263482, -0.162069, 0.950953, -0.0, -0.691468, 0.655642, 0.303326, 0.39386, -0.672644, -0.737474, 0.060684, 0.0, 0.0, 0.0, 0.0, 1.0]
            ]
        },
        {
            "name": "Hand_L",
            "time": [0.0, 0.1333, 0.3333, 0.5667],
            "transform": [
                [0.99932, -0.026229, 0.025928, 0.0, 0.03687, 0.728169, -0.684406, 0.3, -0.000929, 0.684897, 0.72864, 0.0, 0.0, 0.0, 0.0, 1.0],
                [0.99932, -0.012317, 0.034764, -0.0, 0.03687, 0.357361, -0.933239, 0.3, -0.000929, 0.933886, 0.357572, 0.0, 0.0, 0.0, 0.0, 1.0],
                [0.99932, -0.034057, 0.014154, 0.0, 0.03687, 0.932167, -0.360146, 0.3, -0.000929, 0.360423, 0.932789, 0.0, 0.0, 0.0, 0.0, 1.0],
                [0.99932, -0.02597, 0.026187, -0.0, 0.03687, 0.721336, -0.691604, 0.3, -0.000929, 0.692099, 0.721802, -0.0, 0.0, 0.0, 0.0, 1.0]
            ]
        },
        {
            "name": "Tool_L",
            "time": [0.0, 0.1333, 0.5667],
            "transform": [
                [1.0, 0.0, 0.0, -0.0, 0.0, -0.999836, 0.018122, 0.272858, 0.0, -0.018122, -0.999247, -0.0, 0.0, 0.0, 0.0, 1.0],
                [1.0, 0.0, 0.0, 0.0, 0.0, -0.999836, 0.018122, 0.272858, 0.0, -0.018122, -0.999247, -0.0, 0.0, 0.0, 0.0, 1.0],
                [1.0, -0.0, 0.0, 0.0, 0.0, -0.999836, 0.018122, 0.272858, 0.0, -0.018122, -0.999247, -0.0, 0.0, 0.0, 0.0, 1.0]
            ]
        },
        {
            "name": "Elbow_L",
            "time": [0.0, 0.1333, 0.5667],
            "transform": [
                [-1.0, 0.0, 0.0, 0.0, 0.0, 0.66272, -0.748867, 0.3, -0.0, -0.748867, -0.662721, 0.0, 0.0, 0.0, 0.0, 1.0],
                [-1.0, 0.0, 0.0, -0.0, 0.0, 0.66272, -0.748867, 0.3, -0.0, -0.748867, -0.66272, 0.0, 0.0, 0.0, 0.0, 1.0],
                [-1.0, 0.0, 0.0, -0.0, 0.0, 0.66272, -0.748867, 0.3, -0.0, -0.748867, -0.66272, -0.0, 0.0, 0.0, 0.0, 1.0]
            ]
        }
    ]
}