{
    
    "animation": [
        {
            "name": "Root",
            "time": [0.0, 0.1667, 0.2833, 0.3833, 0.5167],
            "transform": [
                [0.997046, 0.0, 0.076812, 0.022159, 0.076812, 0.0, -0.997046, -0.008293, 0.0, 1.0, 0.0, 0.653345, 0.0, 0.0, 0.0, 1.0],
                [0.997046, -0.009342, 0.076242, 0.048921, 0.076812, 0.121264, -0.989644, -0.355668, 0.0, 0.992576, 0.121623, 0.636527, 0.0, 0.0, 0.0, 1.0],
                [0.883366, -0.009374, 0.468591, 0.026213, 0.466153, 0.12136, -0.876341, 0.062248, -0.048653, 0.992564, 0.111575, 0.746526, 0.0, 0.0, 0.0, 1.0],
                [0.692681, -0.009342, 0.721184, 0.010575, 0.716677, 0.121264, -0.686782, 0.360929, -0.081038, 0.992576, 0.090693, 0.624657, 0.0, 0.0, 0.0, 1.0],
                [0.692681, -0.009342, 0.721184, 0.010575, 0.716677, 0.121264, -0.686782, 0.325093, -0.081038, 0.992576, 0.090693, 0.624657, 0.0, 0.0, 0.0, 1.0]
            ]
        },
        {
            "name": "Thigh_R",
            "time": [0.0, 0.1667, 0.2833, 0.3833, 0.5167],
            "transform": [
                [0.987238, 0.005784, 0.159147, 0.124994, 0.024932, -0.99263, -0.118578, -0.002831, 0.157289, 0.121033, -0.980108, -1.2e-05, 0.0, 0.0, 0.0, 1.0],
                [0.987237, -0.048581, 0.151662, 0.124994, 0.024932, -0.893443, -0.448481, -0.002831, 0.157289, 0.446538, -0.880831, -1.2e-05, 0.0, 0.0, 0.0, 1.0],
                [0.899365, 0.303352, 0.314833, 0.124994, 0.102906, -0.846761, 0.521922, -0.002831, 0.424915, -0.436999, -0.792766, -1.2e-05, 0.0, 0.0, 0.0, 1.0],
                [0.793211, 0.482273, 0.37179, 0.124994, 0.005615, -0.616311, 0.787482, -0.002831, 0.608921, -0.62255, -0.491574, -1.2e-05, 0.0, 0.0, 0.0, 1.0],
                [0.793211, 0.444625, 0.416082, 0.124994, 0.005615, -0.68859, 0.725128, -0.002831, 0.60892, -0.572841, -0.548696, -1.2e-05, 0.0, 0.0, 0.0, 1.0]
            ]
        },
        {
            "name": "Leg_R",
            "time": [0.0, 0.1667, 0.2833, 0.3833, 0.5167],
            "transform": [
                [1.0, -1e-06, 2e-06, 0.0, -0.0, 0.753877, 0.657016, 0.37472, -2e-06, -0.657017, 0.753876, -0.0, 0.0, 0.0, 0.0, 1.0],
                [1.0, -0.0, 2e-06, 0.0, -0.0, 0.947271, 0.320436, 0.37472, -2e-06, -0.320437, 0.947269, -0.0, 0.0, 0.0, 0.0, 1.0],
                [1.0, -2e-06, 0.0, -0.0, -0.0, -0.034842, 0.999392, 0.37472, -2e-06, -0.999394, -0.034842, 0.0, 0.0, 0.0, 0.0, 1.0],
                [1.0, -0.0, 2e-06, 0.0, -0.0, 0.947271, 0.320436, 0.37472, -2e-06, -0.320437, 0.947269, -0.0, 0.0, 0.0, 0.0, 1.0],
                [1.0, -0.0, 2e-06, 0.0, -0.0, 0.947271, 0.320436, 0.37472, -2e-06, -0.320437, 0.947269, 0.0, 0.0, 0.0, 0.0, 1.0]
            ]
        },
        {
            "name": "Knee_R",
            "time": [0.0, 0.2833, 0.3833, 0.5167],
            "transform": [
                [1.0, 0.0, -0.0, 0.0, -0.0, 1e-06, -1.0, 0.37472, -0.0, 1.0, 1e-06, -0.0, 0.0, 0.0, 0.0, 1.0],
                [1.0, 0.0, -0.0, -0.0, -0.0, 0.499889, -0.86609, 0.37472, -0.0, 0.86609, 0.499889, 0.0, 0.0, 0.0, 0.0, 1.0],
                [1.0, 0.0, -0.0, 0.0, -0.0, 0.345062, -0.93858, 0.37472, -0.0, 0.93858, 0.345062, -0.0, 0.0, 0.0, 0.0, 1.0],
                [1.0, 0.0, -0.0, 0.0, -0.0, 0.345062, -0.93858, 0.37472, -0.0, 0.93858, 0.345062, 0.0, 0.0, 0.0, 0.0, 1.0]
            ]
        },
        {
            "name": "Thigh_L",
            "time": [0.0, 0.1667, 0.3833, 0.5167],
            "transform": [
                [0.980841, 0.065528, 0.183455, -0.125006, -0.061742, -0.788609, 0.611787, -0.002831, 0.184763, -0.611394, -0.769455, -1.2e-05, 0.0, 0.0, 0.0, 1.0],
                [0.980841, 0.09131, 0.172081, -0.125006, -0.061742, -0.692092, 0.719164, -0.002831, 0.184763, -0.716011, -0.673195, -1.2e-05, 0.0, 0.0, 0.0, 1.0],
                [0.882876, -0.191849, 0.428629, -0.125006, -0.149108, -0.980035, -0.131522, -0.002831, 0.445304, 0.052206, -0.893856, -1.2e-05, 0.0, 0.0, 0.0, 1.0],
                [0.882876, -0.159499, 0.441689, -0.125006, -0.149108, -0.987095, -0.058404, -0.002831, 0.445304, -0.014295, -0.895265, -1.2e-05, 0.0, 0.0, 0.0, 1.0]
            ]
        },
        {
            "name": "Leg_L",
            "time": [0.0, 0.1667, 0.3833, 0.5167],
            "transform": [
                [1.0, -1e-06, 0.0, 0.0, 0.0, 0.640164, 0.768238, 0.37472, -1e-06, -0.768238, 0.640164, -0.0, 0.0, 0.0, 0.0, 1.0],
                [1.0, -0.0, 1e-06, -0.0, 0.0, 0.976387, 0.216029, 0.37472, -1e-06, -0.216029, 0.976387, 0.0, 0.0, 0.0, 0.0, 1.0],
                [1.0, -1e-06, 0.0, -0.0, 0.0, 0.854399, 0.519617, 0.37472, -1e-06, -0.519617, 0.8544, -0.0, 0.0, 0.0, 0.0, 1.0],
                [1.0, -1e-06, 0.0, 0.0, 0.0, 0.803674, 0.59507, 0.37472, -1e-06, -0.59507, 0.803674, -0.0, 0.0, 0.0, 0.0, 1.0]
            ]
        },
        {
            "name": "Knee_L",
            "time": [0.0, 0.5167],
            "transform": [
                [1.0, 0.0, -0.0, 0.0, -0.0, 1e-06, -1.0, 0.37472, -0.0, 1.0, 1e-06, -0.0, 0.0, 0.0, 0.0, 1.0],
                [1.0, 0.0, -0.0, 0.0, -0.0, 1e-06, -1.0, 0.37472, -0.0, 1.0, 1e-06, -0.0, 0.0, 0.0, 0.0, 1.0]
            ]
        },
        {
            "name": "Torso",
            "time": [0.0, 0.3833, 0.5167],
            "transform": [
                [0.973101, 0.053989, -0.223963, 0.0, 0.024731, 0.942054, 0.334548, 0.05, 0.229048, -0.331088, 0.915379, -0.0, 0.0, 0.0, 0.0, 1.0],
                [0.996656, -0.053052, -0.062151, -0.0, 0.065093, 0.975235, 0.211376, 0.05, 0.049398, -0.214715, 0.975427, -0.0, 0.0, 0.0, 0.0, 1.0],
                [0.996656, -0.053052, -0.062151, -0.0, 0.065093, 0.975235, 0.211376, 0.05, 0.049398, -0.214715, 0.975427, -0.0, 0.0, 0.0, 0.0, 1.0]
            ]
        },
        {
            "name": "Chest",
            "time": [0.0, 0.1667, 0.2833, 0.3833, 0.5167],
            "transform": [
                [0.901082, -0.054263, -0.43024, -0.0, 0.164207, 0.960956, 0.222711, 0.3, 0.401357, -0.271329, 0.87481, 0.0, 0.0, 0.0, 0.0, 1.0],
                [0.8198, 0.033662, -0.57166, 0.0, 0.180225, 0.932376, 0.313358, 0.3, 0.543551, -0.359918, 0.758295, -0.0, 0.0, 0.0, 0.0, 1.0],
                [0.964457, 0.080801, 0.251582, -0.0, -0.077424, 0.996726, -0.023309, 0.3, -0.252642, 0.003002, 0.967555, 0.0, 0.0, 0.0, 0.0, 1.0],
                [0.597937, 0.102417, 0.794973, -0.0, -0.116481, 0.992377, -0.040239, 0.3, -0.793034, -0.068539, 0.605309, 0.0, 0.0, 0.0, 0.0, 1.0],
                [0.776164, 0.102417, 0.622158, 0.0, -0.122817, 0.992377, -0.010143, 0.3, -0.618454, -0.068539, 0.782826, 0.0, 0.0, 0.0, 0.0, 1.0]
            ]
        },
        {
            "name": "Head",
            "time": [0.0, 0.1667, 0.3167, 0.3833, 0.5167],
            "transform": [
                [0.780877, 0.260626, 0.567719, -0.0, 0.039692, 0.886272, -0.461461, 0.4, -0.623422, 0.382879, 0.681725, 0.0, 0.0, 0.0, 0.0, 1.0],
                [0.710253, 0.260626, 0.653923, 0.0, 0.092605, 0.886272, -0.453813, 0.4, -0.697829, 0.382879, 0.605342, 0.0, 0.0, 0.0, 0.0, 1.0],
                [0.423255, -0.091935, -0.901334, -0.0, -0.105928, 0.982994, -0.150007, 0.4, 0.899797, 0.158968, 0.406319, -0.0, 0.0, 0.0, 0.0, 1.0],
                [-0.085358, -0.329067, -0.940441, -0.0, -0.213582, 0.927987, -0.305324, 0.4, 0.973189, 0.174799, -0.149494, 0.0, 0.0, 0.0, 0.0, 1.0],
                [0.242478, -0.236271, -0.940947, 0.0, -0.185427, 0.940724, -0.283999, 0.4, 0.952272, 0.24334, 0.184293, -0.0, 0.0, 0.0, 0.0, 1.0]
            ]
        },
        {
            "name": "Shoulder_R",
            "time": [0.0, 0.1667, 0.2833, 0.3833, 0.5167],
            "transform": [
                [-0.02242, 0.929663, 0.367728, -0.0, -0.039986, -0.36836, 0.928823, 0.4, 0.998948, 0.00612, 0.045433, 0.0, 0.0, 0.0, 0.0, 1.0],
                [0.259561, 0.927669, 0.268436, 0.0, -0.149431, -0.236035, 0.960186, 0.4, 0.954096, -0.289339, 0.077357, 0.0, 0.0, 0.0, 0.0, 1.0],
                [0.545486, 0.803841, 0.237242, 0.0, -0.162981, -0.175924, 0.970818, 0.4, 0.82212, -0.568234, 0.035047, -0.0, 0.0, 0.0, 0.0, 1.0],
                [0.658208, 0.751711, 0.041138, -0.0, -0.141126, 0.069528, 0.987547, 0.4, 0.73949, -0.655817, 0.15185, 0.0, 0.0, 0.0, 0.0, 1.0],
                [0.658208, 0.751711, 0.041138, 0.0, -0.141126, 0.069528, 0.987547, 0.4, 0.73949, -0.655817, 0.15185, -0.0, 0.0, 0.0, 0.0, 1.0]
            ]
        },
        {
            "name": "Arm_R",
            "time": [0.0, 0.1667, 0.2833, 0.3833, 0.5167],
            "transform": [
                [0.23259, 0.407177, -0.883238, 0.0, 0.034339, 0.904139, 0.425855, 0.39386, 0.971969, -0.129379, 0.196312, 0.0, 0.0, 0.0, 0.0, 1.0],
                [0.23259, 0.599712, -0.765668, -0.0, 0.034339, 0.781704, 0.622704, 0.39386, 0.971969, -0.171127, 0.161223, 0.0, 0.0, 0.0, 0.0, 1.0],
                [0.053023, -0.39967, -0.915124, 0.0, -0.435195, 0.81556, -0.381403, 0.39386, 0.898774, 0.418481, -0.130691, -0.0, 0.0, 0.0, 0.0, 1.0],
                [-0.008898, -0.975616, -0.219305, 0.0, -0.083326, 0.219275, -0.972098, 0.393861, 0.996483, 0.009624, -0.083246, 0.0, 0.0, 0.0, 0.0, 1.0],
                [-0.008898, -0.895215, -0.445545, -0.0, -0.083326, 0.444677, -0.891807, 0.393861, 0.996483, 0.02919, -0.078552, -0.0, 0.0, 0.0, 0.0, 1.0]
            ]
        },
        {
            "name": "Hand_R",
            "time": [0.0, 0.25, 0.3167, 0.3833, 0.5167],
            "transform": [
                [0.999985, 0.005013, 0.002386, 0.0, -0.00125, 0.622139, -0.782906, 0.3, -0.005409, 0.782891, 0.622136, -0.0, 0.0, 0.0, 0.0, 1.0],
                [0.999985, 0.001486, 0.005349, 0.0, -0.00125, 0.999039, -0.043821, 0.3, -0.005409, 0.043813, 0.999025, 0.0, 0.0, 0.0, 0.0, 1.0],
                [0.999985, 0.001098, 0.005445, 0.0, -0.001253, 0.999595, 0.028432, 0.3, -0.005411, -0.028438, 0.999581, 0.0, 0.0, 0.0, 0.0, 1.0],
                [0.999985, 0.003548, 0.00427, -0.0, -0.00125, 0.89334, -0.449381, 0.3, -0.005409, 0.449368, 0.89333, -0.0, 0.0, 0.0, 0.0, 1.0],
                [0.999985, 0.004155, 0.003683, -0.0, -0.00125, 0.814824, -0.579707, 0.3, -0.005409, 0.579693, 0.814817, 0.0, 0.0, 0.0, 0.0, 1.0]
            ]
        },
        {
            "name": "Tool_R",
            "time": [0.0, 0.1333, 0.2333, 0.35, 0.5167],
            "transform": [
                [0.999918, 0.010545, 0.007295, 0.0, 0.012738, -0.882278, -0.470556, 0.272858, 0.001473, 0.470322, -0.881822, 0.0, 0.0, 0.0, 0.0, 1.0],
                [0.999918, 0.012758, 0.001286, 0.0, 0.012737, -0.99981, 0.014729, 0.272858, 0.001473, -0.014713, -0.999299, 0.0, 0.0, 0.0, 0.0, 1.0],
                [0.999918, -0.011446, 0.005802, -0.0, 0.012749, 0.834248, -0.551241, 0.272858, 0.001468, 0.550952, 0.833825, 0.0, 0.0, 0.0, 0.0, 1.0],
                [0.999918, -0.008001, 0.010033, -0.0, 0.012749, 0.529903, -0.847962, 0.272858, 0.001468, 0.847524, 0.529639, 0.0, 0.0, 0.0, 0.0, 1.0],
                [0.999918, 0.009416, 0.008727, 0.0, 0.012754, -0.806263, -0.591419, 0.272858, 0.001467, 0.591123, -0.805846, 0.0, 0.0, 0.0, 0.0, 1.0]
            ]
        },
        {
            "name": "Elbow_R",
            "time": [0.0, 0.5167],
            "transform": [
                [-1.0, 0.0, -0.0, 0.0, 0.0, -0.0, -1.0, 0.3, -0.0, -1.0, 0.0, -0.0, 0.0, 0.0, 0.0, 1.0],
                [-1.0, 0.0, -0.0, -0.0, 0.0, -0.0, -1.0, 0.3, -0.0, -1.0, 0.0, 0.0, 0.0, 0.0, 0.0, 1.0]
            ]
        },
        {
            "name": "Shoulder_L",
            "time": [0.0, 0.3833, 0.5167],
            "transform": [
                [-0.475832, -0.826365, -0.301172, -0.0, -0.17792, -0.244906, 0.953082, 0.4, -0.861353, 0.507091, -0.030493, 0.0, 0.0, 0.0, 0.0, 1.0],
                [0.163777, -0.9394, -0.301172, -0.0, 0.020198, -0.302037, 0.953082, 0.4, -0.986291, -0.162176, -0.030493, 0.0, 0.0, 0.0, 0.0, 1.0],
                [0.163777, -0.9394, -0.301172, 0.0, 0.020198, -0.302037, 0.953082, 0.4, -0.986291, -0.162176, -0.030493, -0.0, 0.0, 0.0, 0.0, 1.0]
            ]
        },
        {
            "name": "Arm_L",
            "time": [0.0, 0.1667, 0.5167],
            "transform": [
                [0.263482, -0.162069, 0.950953, -0.0, -0.691468, 0.655642, 0.303326, 0.39386, -0.672644, -0.737474, 0.060684, -0.0, 0.0, 0.0, 0.0, 1.0],
                [0.263482, -0.466025, 0.844629, 0.0, -0.691467, 0.51928, 0.502216, 0.39386, -0.672644, -0.716358, -0.18542, -0.0, 0.0, 0.0, 0.0, 1.0],
                [0.263482, -0.466025, 0.844629, -0.0, -0.691467, 0.51928, 0.502216, 0.39386, -0.672644, -0.716358, -0.18542, -0.0, 0.0, 0.0, 0.0, 1.0]
            ]
        },
        {
            "name": "Hand_L",
            "time": [0.0, 0.1667, 0.3833, 0.5167],
            "transform": [
                [0.99932, -0.02597, 0.026187, -0.0, 0.03687, 0.721336, -0.691604, 0.3, -0.000929, 0.692099, 0.721802, -0.0, 0.0, 0.0, 0.0, 1.0],
                [0.99932, -0.014439, 0.033937, 0.0, 0.03687, 0.414278, -0.909404, 0.3, -0.000929, 0.910036, 0.414529, 0.0, 0.0, 0.0, 0.0, 1.0],
                [0.99932, -0.031826, 0.018637, -0.0, 0.03687, 0.874802, -0.483076, 0.3, -0.000929, 0.483435, 0.87538, 0.0, 0.0, 0.0, 0.0, 1.0],
                [0.99932, -0.031826, 0.018637, -0.0, 0.03687, 0.874802, -0.483076, 0.3, -0.000929, 0.483435, 0.87538, 0.0, 0.0, 0.0, 0.0, 1.0]
            ]
        },
        {
            "name": "Tool_L",
            "time": [0.0, 0.5167],
            "transform": [
                [1.0, -0.0, 0.0, -0.0, 0.0, -0.999836, 0.018122, 0.272858, 0.0, -0.018122, -0.999247, 0.0, 0.0, 0.0, 0.0, 1.0],
                [1.0, 0.0, 0.0, -0.0, 0.0, -0.999836, 0.018122, 0.272858, 0.0, -0.018122, -0.999247, -0.0, 0.0, 0.0, 0.0, 1.0]
            ]
        },
        {
            "name": "Elbow_L",
            "time": [0.0, 0.1667, 0.5167],
            "transform": [
                [-1.0, 0.0, 0.0, -0.0, 0.0, 0.66272, -0.748867, 0.3, -0.0, -0.748867, -0.66272, -0.0, 0.0, 0.0, 0.0, 1.0],
                [-1.0, 0.0, 0.0, 0.0, -0.0, 0.716659, -0.697424, 0.3, -0.0, -0.697424, -0.716659, 0.0, 0.0, 0.0, 0.0, 1.0],
                [-1.0, 0.0, 0.0, -0.0, 0.0, 0.716659, -0.697424, 0.3, -0.0, -0.697424, -0.716659, 0.0, 0.0, 0.0, 0.0, 1.0]
            ]
        }
    ]
}