{
    
    "animation": [
        {
            "name": "Root",
            "time": [0.0, 0.0833, 0.25, 0.4167, 0.5667, 1.3333],
            "transform": [
                [0.692681, -0.009342, 0.721184, 0.010575, 0.716677, 0.121264, -0.686782, -0.019869, -0.081038, 0.992576, 0.090693, 0.624657, 0.0, 0.0, 0.0, 1.0],
                [-0.865534, -0.009342, -0.500762, -0.093224, -0.498069, 0.121264, 0.858617, -0.069121, 0.052703, 0.992576, -0.109611, 0.713056, 0.0, 0.0, 0.0, 1.0],
                [0.991768, -0.019749, 0.126517, 0.011367, 0.127894, 0.201315, -0.971141, -0.027941, -0.00629, 0.979327, 0.202184, 0.585389, 0.0, 0.0, 0.0, 1.0],
                [0.773568, -0.025945, 0.633182, 0.005862, 0.624949, 0.196831, -0.755444, 0.456049, -0.105029, 0.980094, 0.168476, 0.769477, 0.0, 0.0, 0.0, 1.0],
                [0.542283, -0.019749, 0.839963, 0.011367, 0.825077, 0.201315, -0.527939, 1.010772, -0.158671, 0.979327, 0.125465, 0.544384, 0.0, 0.0, 0.0, 1.0],
                [0.550718, -0.019749, 0.834457, 0.010795, 0.819716, 0.201315, -0.536225, 1.016596, -0.157399, 0.979327, 0.127057, 0.572719, 0.0, 0.0, 0.0, 1.0]
            ]
        },
        {
            "name": "Thigh_R",
            "time": [0.0, 0.0333, 0.0667, 0.25, 0.3833, 0.5667, 1.3333],
            "transform": [
                [0.793211, 0.444625, 0.416082, 0.124994, 0.005615, -0.68859, 0.725128, -0.002831, 0.60892, -0.572841, -0.548696, -1.2e-05, 0.0, 0.0, 0.0, 1.0],
                [0.801043, 0.270979, 0.533759, 0.124994, 0.007689, -0.896252, 0.443474, -0.002831, 0.598556, -0.351137, -0.720023, -1.2e-05, 0.0, 0.0, 0.0, 1.0],
                [0.830306, 0.049261, 0.555127, 0.124994, -0.091462, -0.970533, 0.222925, -0.002831, 0.549751, -0.235868, -0.801336, -1.2e-05, 0.0, 0.0, 0.0, 1.0],
                [0.929383, -0.259927, 0.262077, 0.124994, -0.135966, -0.901162, -0.411604, -0.002831, 0.343161, 0.346904, -0.872868, -1.2e-05, 0.0, 0.0, 0.0, 1.0],
                [0.834807, 0.277747, 0.475345, 0.124994, 0.20203, -0.957725, 0.204799, -0.002831, 0.512133, -0.074933, -0.855631, -1.2e-05, 0.0, 0.0, 0.0, 1.0],
                [0.556417, 0.729016, 0.398664, 0.124994, -0.074213, -0.434274, 0.897718, -0.002831, 0.827582, -0.52909, -0.187536, -1.2e-05, 0.0, 0.0, 0.0, 1.0],
                [0.556417, 0.729016, 0.398664, 0.124994, -0.074213, -0.434274, 0.897718, -0.002831, 0.827582, -0.52909, -0.187536, -1.2e-05, 0.0, 0.0, 0.0, 1.0]
            ]
        },
        {
            "name": "Leg_R",
            "time": [0.0, 0.0333, 0.25, 0.3833, 0.5667, 1.3333],
            "transform": [
                [1.0, -0.0, 2e-06, 0.0, -0.0, 0.947271, 0.320436, 0.37472, -2e-06, -0.320437, 0.947269, 0.0, 0.0, 0.0, 0.0, 1.0],
                [1.0, -1e-06, 1e-06, -0.0, -0.0, 0.530455, 0.847713, 0.37472, -2e-06, -0.847714, 0.530454, -0.0, 0.0, 0.0, 0.0, 1.0],
                [1.0, -0.0, 2e-06, -0.0, -0.0, 0.947271, 0.320436, 0.37472, -2e-06, -0.320437, 0.947269, 0.0, 0.0, 0.0, 0.0, 1.0],
                [1.0, -2e-06, 1e-06, -0.0, -0.0, 0.388921, 0.921271, 0.37472, -2e-06, -0.921272, 0.38892, 0.0, 0.0, 0.0, 0.0, 1.0],
                [1.0, -1e-06, 2e-06, 0.0, -0.0, 0.928127, 0.372264, 0.37472, -2e-06, -0.372265, 0.928126, -0.0, 0.0, 0.0, 0.0, 1.0],
                [1.0, -1e-06, 2e-06, -0.0, -0.0, 0.880406, 0.474222, 0.37472, -2e-06, -0.474223, 0.880404, -0.0, 0.0, 0.0, 0.0, 1.0]
            ]
        },
        {
            "name": "Knee_R",
            "time": [0.0, 0.25, 1.3333],
            "transform": [
                [1.0, 0.0, -0.0, 0.0, -0.0, 0.345062, -0.93858, 0.37472, -0.0, 0.93858, 0.345062, 0.0, 0.0, 0.0, 0.0, 1.0],
                [1.0, 0.0, -0.0, -0.0, -0.0, 0.345062, -0.93858, 0.37472, -0.0, 0.93858, 0.345062, 0.0, 0.0, 0.0, 0.0, 1.0],
                [1.0, 0.0, -0.0, -0.0, -0.0, 0.345062, -0.93858, 0.37472, -0.0, 0.93858, 0.345062, -0.0, 0.0, 0.0, 0.0, 1.0]
            ]
        },
        {
            "name": "Thigh_L",
            "time": [0.0, 0.0333, 0.0667, 0.25, 0.3833, 0.5667, 1.3333],
            "transform": [
                [0.882876, -0.159499, 0.441689, -0.125006, -0.149108, -0.987095, -0.058404, -0.002831, 0.445304, -0.014295, -0.895265, -1.2e-05, 0.0, 0.0, 0.0, 1.0],
                [0.988587, -0.129913, 0.07627, -0.125006, -0.150395, -0.821864, 0.549473, -0.002831, -0.008701, -0.554673, -0.832023, -1.2e-05, 0.0, 0.0, 0.0, 1.0],
                [0.605756, -0.497191, -0.621177, -0.125006, -0.133656, -0.833208, 0.536563, -0.002831, -0.784344, -0.242002, -0.571173, -1.2e-05, 0.0, 0.0, 0.0, 1.0],
                [0.9754, 0.162691, 0.148748, -0.125006, -0.068751, -0.416606, 0.906483, -0.002831, 0.209446, -0.894411, -0.395173, -1.2e-05, 0.0, 0.0, 0.0, 1.0],
                [0.8472, 0.293241, 0.443013, -0.125006, -0.075678, -0.758757, 0.646962, -0.002831, 0.525855, -0.581633, -0.620627, -1.2e-05, 0.0, 0.0, 0.0, 1.0],
                [0.753523, -0.26406, 0.602059, -0.125006, -0.080152, -0.945857, -0.314531, -0.002831, 0.652517, 0.18875, -0.73389, -1.2e-05, 0.0, 0.0, 0.0, 1.0],
                [0.753523, -0.231053, 0.615481, -0.125006, -0.080152, -0.961509, -0.262823, -0.002831, 0.652517, 0.148712, -0.743038, -1.2e-05, 0.0, 0.0, 0.0, 1.0]
            ]
        },
        {
            "name": "Leg_L",
            "time": [0.0, 0.0333, 0.0667, 0.25, 1.3333],
            "transform": [
                [1.0, -1e-06, 0.0, 0.0, 0.0, 0.803674, 0.59507, 0.37472, -1e-06, -0.59507, 0.803674, 0.0, 0.0, 0.0, 0.0, 1.0],
                [1.0, -1e-06, -0.0, -0.0, 0.0, 0.013527, 0.999909, 0.37472, -1e-06, -0.999908, 0.013527, -0.0, 0.0, 0.0, 0.0, 1.0],
                [1.0, -1e-06, 1e-06, -0.0, 0.0, 0.867929, 0.496687, 0.37472, -1e-06, -0.496687, 0.86793, 0.0, 0.0, 0.0, 0.0, 1.0],
                [1.0, -1e-06, 1e-06, -0.0, 0.0, 0.903142, 0.429341, 0.37472, -1e-06, -0.42934, 0.903143, 0.0, 0.0, 0.0, 0.0, 1.0],
                [1.0, -1e-06, 1e-06, 0.0, 0.0, 0.903142, 0.429341, 0.37472, -1e-06, -0.42934, 0.903143, -0.0, 0.0, 0.0, 0.0, 1.0]
            ]
        },
        {
            "name": "Knee_L",
            "time": [0.0, 0.0333, 0.25, 1.3333],
            "transform": [
                [1.0, 0.0, -0.0, 0.0, -0.0, 1e-06, -1.0, 0.37472, -0.0, 1.0, 1e-06, 0.0, 0.0, 0.0, 0.0, 1.0],
                [1.0, 0.0, -0.0, -0.0, -0.0, 0.432906, -0.901439, 0.37472, -0.0, 0.901439, 0.432906, -0.0, 0.0, 0.0, 0.0, 1.0],
                [1.0, 0.0, -0.0, -0.0, -0.0, 1e-06, -1.0, 0.37472, -0.0, 1.0, 1e-06, 0.0, 0.0, 0.0, 0.0, 1.0],
                [1.0, 0.0, -0.0, 0.0, -0.0, 1e-06, -1.0, 0.37472, -0.0, 1.0, 1e-06, -0.0, 0.0, 0.0, 0.0, 1.0]
            ]
        },
        {
            "name": "Torso",
            "time": [0.0, 0.25, 0.5667, 1.3333],
            "transform": [
                [0.996656, -0.053052, -0.062151, -0.0, 0.065093, 0.975235, 0.211376, 0.05, 0.049398, -0.214715, 0.975427, -0.0, 0.0, 0.0, 0.0, 1.0],
                [0.913886, 0.083078, -0.39738, 0.0, -0.055765, 0.995248, 0.079826, 0.05, 0.402124, -0.050792, 0.914175, 0.0, 0.0, 0.0, 0.0, 1.0],
                [0.913886, 0.161825, -0.372325, -0.0, -0.055765, 0.958465, 0.279705, 0.05, 0.402124, -0.234856, 0.884951, 0.0, 0.0, 0.0, 0.0, 1.0],
                [0.913886, 0.161825, -0.372325, 0.0, -0.055765, 0.958465, 0.279705, 0.05, 0.402124, -0.234856, 0.884951, -0.0, 0.0, 0.0, 0.0, 1.0]
            ]
        },
        {
            "name": "Chest",
            "time": [0.0, 0.0833, 0.25, 0.3833, 0.5667, 1.3333],
            "transform": [
                [0.776164, 0.102417, 0.622158, 0.0, -0.122817, 0.992377, -0.010143, 0.3, -0.618454, -0.068539, 0.782826, 0.0, 0.0, 0.0, 0.0, 1.0],
                [0.786802, 0.258032, -0.56068, -0.0, -0.234955, 0.965238, 0.114503, 0.3, 0.570735, 0.041643, 0.820078, -0.0, 0.0, 0.0, 0.0, 1.0],
                [0.862579, 0.214783, -0.458068, 0.0, -0.187714, 0.976653, 0.104461, 0.3, 0.46981, -0.00412, 0.882758, -0.0, 0.0, 0.0, 0.0, 1.0],
                [0.655801, 0.082251, -0.75044, -0.0, 0.068593, 0.983443, 0.167732, 0.3, 0.751811, -0.161473, 0.639301, -0.0, 0.0, 0.0, 0.0, 1.0],
                [0.914432, 0.059785, 0.400299, 0.0, -0.201454, 0.925044, 0.32204, 0.3, -0.351041, -0.375126, 0.857934, -0.0, 0.0, 0.0, 0.0, 1.0],
                [0.914432, 0.10643, 0.390495, 0.0, -0.201454, 0.956488, 0.211059, 0.3, -0.351041, -0.271666, 0.896085, -0.0, 0.0, 0.0, 0.0, 1.0]
            ]
        },
        {
            "name": "Head",
            "time": [0.0, 0.0833, 0.25, 0.3833, 0.45, 1.3333],
            "transform": [
                [0.242478, -0.236271, -0.940947, 0.0, -0.185427, 0.940724, -0.283999, 0.4, 0.952272, 0.24334, 0.184293, -0.0, 0.0, 0.0, 0.0, 1.0],
                [0.478721, -0.236271, 0.845578, -0.0, 0.330623, 0.940724, 0.075675, 0.4, -0.813335, 0.24334, 0.528461, 0.0, 0.0, 0.0, 0.0, 1.0],
                [0.588818, -0.236271, 0.772961, 0.0, 0.337826, 0.940724, 0.030206, 0.4, -0.73428, 0.243341, 0.633734, 0.0, 0.0, 0.0, 0.0, 1.0],
                [0.794538, 0.205765, 0.571288, -0.0, 0.071412, 0.90264, -0.42443, 0.4, -0.603001, 0.378023, 0.702488, 0.0, 0.0, 0.0, 0.0, 1.0],
                [0.942541, -0.108265, 0.31606, 0.0, 0.243193, 0.870992, -0.426885, 0.4, -0.229069, 0.479221, 0.847275, -0.0, 0.0, 0.0, 0.0, 1.0],
                [0.847739, -0.108265, -0.519247, -0.0, -0.170897, 0.870991, -0.460617, 0.4, 0.502129, 0.479221, 0.719871, -0.0, 0.0, 0.0, 0.0, 1.0]
            ]
        },
        {
            "name": "Shoulder_R",
            "time": [0.0, 0.0833, 0.25, 0.5667, 1.3333],
            "transform": [
                [0.658208, 0.751711, 0.041138, 0.0, -0.141126, 0.069528, 0.987547, 0.4, 0.73949, -0.655817, 0.15185, -0.0, 0.0, 0.0, 0.0, 1.0],
                [0.10646, 0.993465, 0.041138, -0.0, -0.155445, -0.024235, 0.987547, 0.4, 0.982091, -0.111529, 0.15185, 0.0, 0.0, 0.0, 0.0, 1.0],
                [0.10646, 0.993465, 0.041138, 0.0, -0.155446, -0.024235, 0.987547, 0.4, 0.982091, -0.111529, 0.15185, 0.0, 0.0, 0.0, 0.0, 1.0],
                [0.261115, 0.964431, 0.041138, -0.0, -0.157323, 0.000471, 0.987547, 0.4, 0.952401, -0.264335, 0.15185, -0.0, 0.0, 0.0, 0.0, 1.0],
                [0.261115, 0.96443, 0.041138, -0.0, -0.157323, 0.000471, 0.987547, 0.4, 0.952401, -0.264335, 0.15185, -0.0, 0.0, 0.0, 0.0, 1.0]
            ]
        },
        {
            "name": "Arm_R",
            "time": [0.0, 0.0833, 0.1667, 0.25, 0.3833, 0.4833, 0.5667, 1.3333],
            "transform": [
                [-0.008898, -0.895215, -0.445545, 0.0, -0.083326, 0.444677, -0.891807, 0.393861, 0.996483, 0.02919, -0.078552, -0.0, 0.0, 0.0, 0.0, 1.0],
                [0.439075, -0.225934, 0.869579, -0.0, 0.47269, 0.881175, -0.009727, 0.39386, -0.764054, 0.415312, 0.493698, 0.0, 0.0, 0.0, 0.0, 1.0],
                [-0.151815, -0.090885, 0.984221, 0.0, 0.469868, 0.869418, 0.152761, 0.39386, -0.869584, 0.485646, -0.089287, -0.0, 0.0, 0.0, 0.0, 1.0],
                [-0.175431, -0.023066, 0.984221, 0.0, 0.776691, 0.611077, 0.152761, 0.39386, -0.604959, 0.791235, -0.089287, -0.0, 0.0, 0.0, 0.0, 1.0],
                [-0.674144, 0.322983, 0.664237, 0.0, 0.574925, 0.794037, 0.197402, 0.393861, -0.463672, 0.514964, -0.720986, 0.0, 0.0, 0.0, 0.0, 1.0],
                [-0.213958, -0.085561, 0.973088, 0.0, 0.97407, 0.056326, 0.219126, 0.39386, -0.073559, 0.99474, 0.071291, -0.0, 0.0, 0.0, 0.0, 1.0],
                [0.916861, -0.385225, -0.104729, 0.0, 0.39346, 0.827655, 0.400219, 0.39386, -0.067495, -0.408152, 0.910415, 0.0, 0.0, 0.0, 0.0, 1.0],
                [0.916861, -0.37719, -0.130744, -0.0, 0.39346, 0.79845, 0.455705, 0.39386, -0.067495, -0.46926, 0.880477, 0.0, 0.0, 0.0, 0.0, 1.0]
            ]
        },
        {
            "name": "Hand_R",
            "time": [0.0, 0.25, 0.5667, 1.3333],
            "transform": [
                [0.999985, 0.004155, 0.003683, 0.0, -0.00125, 0.814824, -0.579707, 0.3, -0.005409, 0.579693, 0.814817, 0.0, 0.0, 0.0, 0.0, 1.0],
                [0.999985, 0.004155, 0.003683, 0.0, -0.00125, 0.814824, -0.579707, 0.3, -0.005409, 0.579693, 0.814817, 0.0, 0.0, 0.0, 0.0, 1.0],
                [0.999984, 0.001916, 0.005211, 0.0, -0.00125, 0.992183, -0.124784, 0.3, -0.005409, 0.124775, 0.99217, 0.0, 0.0, 0.0, 0.0, 1.0],
                [0.999984, 0.002957, 0.004699, 0.0, -0.00125, 0.944593, -0.328241, 0.3, -0.005409, 0.32823, 0.944582, -0.0, 0.0, 0.0, 0.0, 1.0]
            ]
        },
        {
            "name": "Tool_R",
            "time": [0.0, 0.0333, 0.25, 0.4333, 1.3333],
            "transform": [
                [0.999918, 0.009416, 0.008727, 0.0, 0.012754, -0.806263, -0.591419, 0.272858, 0.001467, 0.591123, -0.805846, -0.0, 0.0, 0.0, 0.0, 1.0],
                [0.999918, 0.006467, 0.01109, 0.0, 0.012754, -0.599151, -0.800534, 0.272858, 0.001467, 0.80013, -0.598838, 0.0, 0.0, 0.0, 0.0, 1.0],
                [0.999918, 0.009416, 0.008727, 0.0, 0.012754, -0.806263, -0.591419, 0.272858, 0.001467, 0.591123, -0.805846, -0.0, 0.0, 0.0, 0.0, 1.0],
                [0.999918, 0.009161, 0.008995, -0.001727, 0.012754, -0.788894, -0.614397, 0.390805, 0.001467, 0.614089, -0.788485, 0.151367, 0.0, 0.0, 0.0, 1.0],
                [0.999918, 0.008813, 0.009335, -0.00272, 0.012754, -0.76505, -0.643844, 0.460484, 0.001467, 0.643521, -0.764654, 0.222832, 0.0, 0.0, 0.0, 1.0]
            ]
        },
        {
            "name": "Elbow_R",
            "time": [0.0, 0.25, 1.3333],
            "transform": [
                [-1.0, 0.0, -0.0, 0.0, 0.0, -0.0, -1.0, 0.3, -0.0, -1.0, 0.0, 0.0, 0.0, 0.0, 0.0, 1.0],
                [-1.0, 0.0, -0.0, 0.0, 0.0, -0.0, -1.0, 0.3, -0.0, -1.0, 0.0, 0.0, 0.0, 0.0, 0.0, 1.0],
                [-1.0, 0.0, -0.0, 0.0, 0.0, -0.0, -1.0, 0.3, -0.0, -1.0, 0.0, -0.0, 0.0, 0.0, 0.0, 1.0]
            ]
        },
        {
            "name": "Shoulder_L",
            "time": [0.0, 0.1, 0.25, 0.45, 1.3333],
            "transform": [
                [0.163777, -0.9394, -0.301172, 0.0, 0.020198, -0.302037, 0.953082, 0.4, -0.986291, -0.162176, -0.030493, -0.0, 0.0, 0.0, 0.0, 1.0],
                [-0.396694, -0.867138, -0.301172, -0.0, -0.154306, -0.260431, 0.953082, 0.4, -0.904889, 0.424555, -0.030493, 0.0, 0.0, 0.0, 0.0, 1.0],
                [0.163777, -0.9394, -0.301172, 0.0, 0.020198, -0.302037, 0.953082, 0.4, -0.986291, -0.162176, -0.030493, 0.0, 0.0, 0.0, 0.0, 1.0],
                [-0.364089, -0.881325, -0.301172, 0.0, -0.144489, -0.266003, 0.953082, 0.4, -0.920088, 0.390523, -0.030493, -0.0, 0.0, 0.0, 0.0, 1.0],
                [-0.364089, -0.881325, -0.301172, -0.0, -0.144489, -0.266003, 0.953082, 0.4, -0.920088, 0.390523, -0.030493, -0.0, 0.0, 0.0, 0.0, 1.0]
            ]
        },
        {
            "name": "Arm_L",
            "time": [0.0, 0.25, 0.4333, 1.3333],
            "transform": [
                [0.263482, -0.466025, 0.844629, -0.0, -0.691467, 0.51928, 0.502216, 0.39386, -0.672644, -0.716358, -0.18542, -0.0, 0.0, 0.0, 0.0, 1.0],
                [0.263482, -0.466025, 0.844629, -0.0, -0.691468, 0.51928, 0.502216, 0.39386, -0.672644, -0.716358, -0.18542, -0.0, 0.0, 0.0, 0.0, 1.0],
                [0.03431, -0.534251, 0.844629, -0.0, -0.396421, 0.768524, 0.502216, 0.39386, -0.917428, -0.352059, -0.18542, 0.0, 0.0, 0.0, 0.0, 1.0],
                [0.329309, -0.264083, 0.906541, 0.0, -0.760469, 0.49491, 0.420418, 0.39386, -0.559681, -0.827843, -0.037849, 0.0, 0.0, 0.0, 0.0, 1.0]
            ]
        },
        {
            "name": "Hand_L",
            "time": [0.0, 0.1, 0.25, 1.3333],
            "transform": [
                [0.99932, -0.031826, 0.018637, -0.0, 0.03687, 0.874802, -0.483076, 0.3, -0.000929, 0.483435, 0.87538, 0.0, 0.0, 0.0, 0.0, 1.0],
                [0.99932, -0.016495, 0.032987, -0.0, 0.036869, 0.469334, -0.882251, 0.3, -0.000929, 0.882867, 0.469623, 0.0, 0.0, 0.0, 0.0, 1.0],
                [0.99932, -0.031826, 0.018637, -0.0, 0.03687, 0.874802, -0.483076, 0.3, -0.000929, 0.483435, 0.87538, 0.0, 0.0, 0.0, 0.0, 1.0],
                [0.99932, -0.031826, 0.018637, 0.0, 0.03687, 0.874802, -0.483076, 0.3, -0.000929, 0.483435, 0.87538, 0.0, 0.0, 0.0, 0.0, 1.0]
            ]
        },
        {
            "name": "Tool_L",
            "time": [0.0, 0.25, 1.3333],
            "transform": [
                [1.0, 0.0, 0.0, -0.0, 0.0, -0.999836, 0.018122, 0.272858, 0.0, -0.018122, -0.999247, 0.0, 0.0, 0.0, 0.0, 1.0],
                [1.0, 0.0, 0.0, -0.0, 0.0, -0.999836, 0.018122, 0.272858, 0.0, -0.018122, -0.999247, 0.0, 0.0, 0.0, 0.0, 1.0],
                [1.0, 0.0, 0.0, -0.0, 0.0, -0.999836, 0.018122, 0.272858, 0.0, -0.018122, -0.999247, -0.0, 0.0, 0.0, 0.0, 1.0]
            ]
        },
        {
            "name": "Elbow_L",
            "time": [0.0, 0.25, 1.3333],
            "transform": [
                [-1.0, 0.0, 0.0, -0.0, 0.0, 0.716659, -0.697424, 0.3, -0.0, -0.697424, -0.716659, 0.0, 0.0, 0.0, 0.0, 1.0],
                [-1.0, 0.0, 0.0, -0.0, 0.0, 0.716659, -0.697424, 0.3, -0.0, -0.697424, -0.716659, 0.0, 0.0, 0.0, 0.0, 1.0],
                [-1.0, 0.0, 0.0, 0.0, -0.0, 0.716659, -0.697424, 0.3, -0.0, -0.697424, -0.716659, 0.0, 0.0, 0.0, 0.0, 1.0]
            ]
        }
    ]
}