{
    
    "animation": [
        {
            "name": "Root",
            "time": [0.0, 0.2667, 0.6833],
            "transform": [
                [0.854689, 0.0, -0.51914, -5e-06, -0.51914, 0.0, -0.854689, 0.000946, 0.0, 1.0, 0.0, 0.755725, 0.0, 0.0, 0.0, 1.0],
                [0.964058, 0.0, 0.265691, -5e-06, 0.265691, 0.0, -0.964058, 0.000946, 0.0, 1.0, 0.0, 0.755725, 0.0, 0.0, 0.0, 1.0],
                [0.964058, 0.0, 0.265691, -5e-06, 0.265691, 0.0, -0.964058, 0.000946, 0.0, 1.0, 0.0, 0.755725, 0.0, 0.0, 0.0, 1.0]
            ]
        },
        {
            "name": "Thigh_R",
            "time": [0.0, 0.2667, 0.6833],
            "transform": [
                [0.996122, 0.056386, -0.067528, 0.124994, 0.068868, -0.977426, 0.199728, -0.002831, -0.054742, -0.203604, -0.977522, -1.2e-05, 0.0, 0.0, 0.0, 1.0],
                [0.964015, 0.062696, 0.258347, 0.124994, 0.032351, -0.992234, 0.120085, -0.002831, 0.26387, -0.107405, -0.95856, -1.2e-05, 0.0, 0.0, 0.0, 1.0],
                [0.964015, 0.062696, 0.258347, 0.124994, 0.032351, -0.992234, 0.120085, -0.002831, 0.26387, -0.107405, -0.95856, -1.2e-05, 0.0, 0.0, 0.0, 1.0]
            ]
        },
        {
            "name": "Leg_R",
            "time": [0.0, 0.6833],
            "transform": [
                [1.0, -0.0, 2e-06, -0.0, -0.0, 0.9661, 0.258173, 0.37472, -2e-06, -0.258173, 0.966098, -0.0, 0.0, 0.0, 0.0, 1.0],
                [1.0, -0.0, 2e-06, 0.0, -0.0, 0.966099, 0.258173, 0.37472, -2e-06, -0.258173, 0.966098, -0.0, 0.0, 0.0, 0.0, 1.0]
            ]
        },
        {
            "name": "Knee_R",
            "time": [0.0, 0.6833],
            "transform": [
                [1.0, 0.0, -0.0, -0.0, -0.0, 1e-06, -1.0, 0.37472, -0.0, 1.0, 1e-06, -0.0, 0.0, 0.0, 0.0, 1.0],
                [1.0, 0.0, -0.0, 0.0, -0.0, 1e-06, -1.0, 0.37472, -0.0, 1.0, 1e-06, -0.0, 0.0, 0.0, 0.0, 1.0]
            ]
        },
        {
            "name": "Thigh_L",
            "time": [0.0, 0.0833, 0.2667, 0.6833],
            "transform": [
                [0.866588, -0.133703, -0.480778, -0.125006, -0.027838, -0.974891, 0.220935, -0.002831, -0.498245, -0.178075, -0.848552, -1.2e-05, 0.0, 0.0, 0.0, 1.0],
                [0.866588, -0.24673, -0.433761, -0.125006, -0.027838, -0.891769, 0.451634, -0.002831, -0.498245, -0.379305, -0.779666, -1.2e-05, 0.0, 0.0, 0.0, 1.0],
                [0.84015, -0.225095, -0.493436, -0.125006, -0.201588, -0.97423, 0.101187, -0.002831, -0.503496, 0.014459, -0.863876, -1.2e-05, 0.0, 0.0, 0.0, 1.0],
                [0.84015, -0.225095, -0.493436, -0.125006, -0.201588, -0.97423, 0.101187, -0.002831, -0.503496, 0.014459, -0.863876, -1.2e-05, 0.0, 0.0, 0.0, 1.0]
            ]
        },
        {
            "name": "Leg_L",
            "time": [0.0, 0.0833, 0.2667, 0.6833],
            "transform": [
                [1.0, -0.0, 1e-06, 0.0, 0.0, 0.984973, 0.172708, 0.37472, -1e-06, -0.172708, 0.984973, 0.0, 0.0, 0.0, 0.0, 1.0],
                [1.0, -1e-06, 0.0, -0.0, 0.0, 0.472404, 0.881382, 0.37472, -1e-06, -0.881382, 0.472405, -0.0, 0.0, 0.0, 0.0, 1.0],
                [1.0, -0.0, 1e-06, 0.0, 0.0, 0.945577, 0.325398, 0.37472, -1e-06, -0.325398, 0.945577, 0.0, 0.0, 0.0, 0.0, 1.0],
                [1.0, -0.0, 1e-06, 0.0, 0.0, 0.945577, 0.325398, 0.37472, -1e-06, -0.325398, 0.945577, 0.0, 0.0, 0.0, 0.0, 1.0]
            ]
        },
        {
            "name": "Knee_L",
            "time": [0.0, 0.6833],
            "transform": [
                [1.0, 0.0, -0.0, 0.0, -0.0, 1e-06, -1.0, 0.37472, -0.0, 1.0, 1e-06, 0.0, 0.0, 0.0, 0.0, 1.0],
                [1.0, 0.0, -0.0, 0.0, -0.0, 1e-06, -1.0, 0.37472, -0.0, 1.0, 1e-06, 0.0, 0.0, 0.0, 0.0, 1.0]
            ]
        },
        {
            "name": "Torso",
            "time": [0.0, 0.2667, 0.3833, 0.6167, 0.6833],
            "transform": [
                [0.99978, -0.020971, -0.000197, -0.0, 0.020971, 0.999603, 0.018833, 0.05, -0.000198, -0.018833, 0.999823, 0.0, 0.0, 0.0, 0.0, 1.0],
                [0.990635, -0.020971, 0.134918, 0.0, 0.018234, 0.999603, 0.021495, 0.05, -0.135315, -0.018833, 0.990624, -0.0, 0.0, 0.0, 0.0, 1.0],
                [0.959601, -0.020971, 0.280583, 0.0, 0.014838, 0.999603, 0.023965, 0.05, -0.280974, -0.018833, 0.959531, -0.0, 0.0, 0.0, 0.0, 1.0],
                [0.998491, -0.020971, 0.05076, 0.0, 0.019984, 0.999603, 0.019878, 0.05, -0.051157, -0.018833, 0.998513, -0.0, 0.0, 0.0, 0.0, 1.0],
                [0.998491, -0.020971, 0.05076, 0.0, 0.019984, 0.999603, 0.019878, 0.05, -0.051157, -0.018833, 0.998513, -0.0, 0.0, 0.0, 0.0, 1.0]
            ]
        },
        {
            "name": "Chest",
            "time": [0.0, 0.1333, 0.2667, 0.5333, 0.6833],
            "transform": [
                [0.999771, -0.021411, -0.000206, 0.0, 0.021411, 0.999586, 0.019228, 0.3, -0.000206, -0.019228, 0.999815, 0.0, 0.0, 0.0, 0.0, 1.0],
                [0.964407, -0.064327, 0.256478, 0.0, 0.01558, 0.982096, 0.187735, 0.3, -0.263963, -0.177057, 0.948143, 0.0, 0.0, 0.0, 0.0, 1.0],
                [0.860713, -0.021411, 0.50864, 0.0, 0.008645, 0.999586, 0.027448, 0.3, -0.509017, -0.019228, 0.860542, 0.0, 0.0, 0.0, 0.0, 1.0],
                [0.963061, -0.021411, 0.268431, 0.0, 0.015458, 0.999586, 0.024274, 0.3, -0.26884, -0.019228, 0.962993, 0.0, 0.0, 0.0, 0.0, 1.0],
                [0.963061, -0.021411, 0.268431, -0.0, 0.015458, 0.999586, 0.024274, 0.3, -0.26884, -0.019228, 0.962993, -0.0, 0.0, 0.0, 0.0, 1.0]
            ]
        },
        {
            "name": "Head",
            "time": [0.0, 0.2667, 0.4833, 0.6833],
            "transform": [
                [0.85311, 0.037721, 0.520365, -0.0, -0.006297, 0.998055, -0.062025, 0.4, -0.521693, 0.049637, 0.851688, 0.0, 0.0, 0.0, 0.0, 1.0],
                [0.983182, 0.037721, -0.178693, -0.0, -0.04595, 0.998055, -0.042135, 0.4, 0.176756, 0.049637, 0.983002, -0.0, 0.0, 0.0, 0.0, 1.0],
                [0.778754, 0.037721, -0.626195, 0.0, -0.060487, 0.998055, -0.015102, 0.4, 0.624407, 0.049637, 0.779521, 0.0, 0.0, 0.0, 0.0, 1.0],
                [0.778754, 0.037721, -0.626195, -0.0, -0.060487, 0.998055, -0.015102, 0.4, 0.624407, 0.049637, 0.779521, 0.0, 0.0, 0.0, 0.0, 1.0]
            ]
        },
        {
            "name": "Shoulder_R",
            "time": [0.0, 0.2667, 0.3833, 0.6833],
            "transform": [
                [0.089555, 0.949274, 0.301428, -0.0, -0.003656, -0.302328, 0.953197, 0.4, 0.995975, -0.086466, -0.023605, 0.0, 0.0, 0.0, 0.0, 1.0],
                [0.302557, 0.904213, 0.301428, -0.0, -0.072142, -0.293618, 0.953197, 0.4, 0.950397, -0.310142, -0.023605, -0.0, 0.0, 0.0, 0.0, 1.0],
                [0.491706, 0.816925, 0.301428, 0.0, -0.134186, -0.270943, 0.953197, 0.4, 0.86036, -0.50914, -0.023605, 0.0, 0.0, 0.0, 0.0, 1.0],
                [0.491706, 0.816925, 0.301428, -0.0, -0.134186, -0.270943, 0.953197, 0.4, 0.86036, -0.50914, -0.023605, 0.0, 0.0, 0.0, 0.0, 1.0]
            ]
        },
        {
            "name": "Arm_R",
            "time": [0.0, 0.2667, 0.3833, 0.6833],
            "transform": [
                [0.021071, 0.013447, -0.999687, 0.0, 0.946416, 0.322036, 0.02428, 0.39386, 0.322262, -0.946632, -0.005941, 0.0, 0.0, 0.0, 0.0, 1.0],
                [-0.010761, -0.87371, 0.486329, -0.0, -0.203519, -0.474263, -0.856536, 0.39386, 0.979012, -0.108194, -0.172712, -0.0, 0.0, 0.0, 0.0, 1.0],
                [-0.010761, -0.989847, 0.141731, -0.0, -0.203518, -0.136604, -0.969495, 0.39386, 0.979012, -0.039278, -0.199982, 0.0, 0.0, 0.0, 0.0, 1.0],
                [-0.010761, -0.89303, -0.449868, 0.0, -0.203519, 0.442434, -0.873403, 0.393861, 0.979012, 0.082158, -0.186509, 0.0, 0.0, 0.0, 0.0, 1.0]
            ]
        },
        {
            "name": "Hand_R",
            "time": [0.0, 0.2667, 0.3833, 0.6833],
            "transform": [
                [0.999984, 0.001325, 0.005391, -0.0, -0.00125, 0.999903, -0.013885, 0.3, -0.005409, 0.013878, 0.999889, -0.0, 0.0, 0.0, 0.0, 1.0],
                [0.999985, 0.003172, 0.004556, 0.0, -0.00125, 0.928257, -0.371939, 0.3, -0.005409, 0.371927, 0.928246, 0.0, 0.0, 0.0, 0.0, 1.0],
                [0.999985, 0.00459, 0.003123, 0.0, -0.00125, 0.734355, -0.678765, 0.3, -0.005409, 0.678751, 0.734349, -0.0, 0.0, 0.0, 0.0, 1.0],
                [0.999985, 0.002365, 0.005023, -0.0, -0.00125, 0.977417, -0.211316, 0.3, -0.005409, 0.211307, 0.977405, 0.0, 0.0, 0.0, 0.0, 1.0]
            ]
        },
        {
            "name": "Tool_R",
            "time": [0.0, 0.2667, 0.4, 0.4833, 0.6667, 0.6833],
            "transform": [
                [0.0, 0.0, 0.0, -0.0, 0.0, 0.0, 0.0, 0.272858, 0.0, 0.0, 0.0, -0.0, 0.0, 0.0, 0.0, 1.0],
                [0.0, 0.0, 0.0, -0.0, 0.0, 0.0, 0.0, 0.272858, 0.0, 0.0, 0.0, 0.0, 0.0, 0.0, 0.0, 1.0],
                [0.681782, 0.043342, 0.038193, 0.0, 0.055651, -0.371385, -0.571962, 0.272858, -0.015491, 0.572683, -0.373369, 0.0, 0.0, 0.0, 0.0, 1.0],
                [0.999918, 0.009317, 0.008808, -0.0, 0.012736, -0.800863, -0.598712, 0.272858, 0.001474, 0.598412, -0.800448, 0.0, 0.0, 0.0, 0.0, 1.0],
                [0.999918, 0.012817, 0.000319, -0.0, 0.012736, -0.995838, 0.090246, 0.272858, 0.001473, -0.090192, -0.995329, 0.0, 0.0, 0.0, 0.0, 1.0],
                [0.999918, 0.012818, 0.000319, 0.0, 0.012736, -0.995838, 0.090246, 0.272858, 0.001473, -0.090192, -0.995329, 0.0, 0.0, 0.0, 0.0, 1.0]
            ]
        },
        {
            "name": "Elbow_R",
            "time": [0.0, 0.6833],
            "transform": [
                [-1.0, 0.0, -0.0, -0.0, 0.0, -0.0, -1.0, 0.3, -0.0, -1.0, 0.0, -0.0, 0.0, 0.0, 0.0, 1.0],
                [-1.0, 0.0, -0.0, -0.0, 0.0, -0.0, -1.0, 0.3, -0.0, -1.0, 0.0, 0.0, 0.0, 0.0, 0.0, 1.0]
            ]
        },
        {
            "name": "Shoulder_L",
            "time": [0.0, 0.2667, 0.6833],
            "transform": [
                [0.088499, -0.949454, -0.301172, -0.0, -0.003902, -0.302687, 0.953082, 0.4, -0.996068, -0.083172, -0.030493, 0.0, 0.0, 0.0, 0.0, 1.0],
                [0.12338, -0.945554, -0.301172, -0.0, 0.007239, -0.302625, 0.953082, 0.4, -0.992333, -0.119771, -0.030493, -0.0, 0.0, 0.0, 0.0, 1.0],
                [0.12338, -0.945554, -0.301172, -0.0, 0.007239, -0.302625, 0.953082, 0.4, -0.992333, -0.119771, -0.030493, 0.0, 0.0, 0.0, 0.0, 1.0]
            ]
        },
        {
            "name": "Arm_L",
            "time": [0.0, 0.2667, 0.6833],
            "transform": [
                [0.159467, 0.003163, 0.987198, -0.0, -0.915361, 0.374973, 0.146661, 0.39386, -0.369709, -0.92703, 0.062691, -0.0, 0.0, 0.0, 0.0, 1.0],
                [0.120524, 0.820309, 0.559077, 0.0, 0.460606, 0.45268, -0.763494, 0.39386, -0.879384, 0.349533, -0.32328, -0.0, 0.0, 0.0, 0.0, 1.0],
                [0.120524, -0.048662, 0.991517, -0.0, 0.460606, 0.887518, -0.012431, 0.39386, -0.879384, 0.458196, 0.129381, -0.0, 0.0, 0.0, 0.0, 1.0]
            ]
        },
        {
            "name": "Hand_L",
            "time": [0.0, 0.2667, 0.6833],
            "transform": [
                [0.99932, -0.036878, 0.000448, 0.0, 0.03687, 0.999235, 0.013035, 0.3, -0.000928, -0.013009, 0.999915, -0.0, 0.0, 0.0, 0.0, 1.0],
                [0.99932, 0.000294, 0.03688, -0.0, 0.03687, 0.017221, -0.999172, 0.3, -0.000929, 0.999852, 0.017199, 0.0, 0.0, 0.0, 0.0, 1.0],
                [0.99932, -0.026229, 0.025928, -0.0, 0.03687, 0.728169, -0.684406, 0.3, -0.000929, 0.684897, 0.72864, 0.0, 0.0, 0.0, 0.0, 1.0]
            ]
        },
        {
            "name": "Tool_L",
            "time": [0.0, 0.6833],
            "transform": [
                [1.0, 0.0, 0.0, -0.0, 0.0, -0.999836, 0.018122, 0.272858, 0.0, -0.018122, -0.999248, 0.0, 0.0, 0.0, 0.0, 1.0],
                [1.0, 0.0, 0.0, -0.0, 0.0, -0.999836, 0.018122, 0.272858, 0.0, -0.018122, -0.999247, -0.0, 0.0, 0.0, 0.0, 1.0]
            ]
        },
        {
            "name": "Elbow_L",
            "time": [0.0, 0.2667, 0.6833],
            "transform": [
                [-1.0, 0.0, -0.0, 0.0, 0.0, -0.0, -1.0, 0.3, -0.0, -1.0, -0.0, -0.0, 0.0, 0.0, 0.0, 1.0],
                [-1.0, 0.0, 0.0, -0.0, 0.0, 0.66272, -0.748867, 0.3, -0.0, -0.748867, -0.66272, 0.0, 0.0, 0.0, 0.0, 1.0],
                [-1.0, 0.0, 0.0, -0.0, 0.0, 0.66272, -0.748867, 0.3, -0.0, -0.748867, -0.66272, 0.0, 0.0, 0.0, 0.0, 1.0]
            ]
        }
    ]
}