{
    
    "animation": [
        {
            "name": "Root",
            "time": [0.0, 1.2833, 2.6667],
            "transform": [
                [0.784282, 0.0, -0.620404, -5e-06, -0.620404, 0.0, -0.784282, 0.000946, 0.0, 1.0, 0.0, 0.63286, 0.0, 0.0, 0.0, 1.0],
                [0.784282, 0.0, -0.620404, -5e-06, -0.620404, 0.0, -0.784282, 0.000946, 0.0, 1.0, 0.0, 0.60142, 0.0, 0.0, 0.0, 1.0],
                [0.784282, 0.0, -0.620404, -5e-06, -0.620404, 0.0, -0.784282, 0.000946, 0.0, 1.0, 0.0, 0.63286, 0.0, 0.0, 0.0, 1.0]
            ]
        },
        {
            "name": "Thigh_R",
            "time": [0.0, 1.2833, 2.6667],
            "transform": [
                [0.866495, 0.223179, -0.446516, 0.124994, 0.046356, -0.926598, -0.37318, -0.002831, -0.497028, 0.30266, -0.813241, -1.2e-05, 0.0, 0.0, 0.0, 1.0],
                [0.866495, 0.239779, -0.437826, 0.124994, 0.046356, -0.91194, -0.407692, -0.002831, -0.497028, 0.332968, -0.801309, -1.2e-05, 0.0, 0.0, 0.0, 1.0],
                [0.866495, 0.223179, -0.446516, 0.124994, 0.046356, -0.926598, -0.37318, -0.002831, -0.497028, 0.30266, -0.813241, -1.2e-05, 0.0, 0.0, 0.0, 1.0]
            ]
        },
        {
            "name": "Leg_R",
            "time": [0.0, 1.2833, 2.6667],
            "transform": [
                [1.0, -1e-06, 1e-06, -0.0, -0.0, 0.813131, 0.582081, 0.37472, -2e-06, -0.582082, 0.81313, 0.0, 0.0, 0.0, 0.0, 1.0],
                [1.0, -1e-06, 1e-06, -0.0, -0.0, 0.790565, 0.612378, 0.37472, -2e-06, -0.612379, 0.790564, -0.0, 0.0, 0.0, 0.0, 1.0],
                [1.0, -1e-06, 1e-06, -0.0, -0.0, 0.813131, 0.582081, 0.37472, -2e-06, -0.582082, 0.81313, 0.0, 0.0, 0.0, 0.0, 1.0]
            ]
        },
        {
            "name": "Knee_R",
            "time": [0.0, 2.6667],
            "transform": [
                [1.0, 0.0, -0.0, -0.0, -0.0, 1e-06, -1.0, 0.37472, -0.0, 1.0, 1e-06, 0.0, 0.0, 0.0, 0.0, 1.0],
                [1.0, 0.0, -0.0, -0.0, -0.0, 1e-06, -1.0, 0.37472, -0.0, 1.0, 1e-06, 0.0, 0.0, 0.0, 0.0, 1.0]
            ]
        },
        {
            "name": "Thigh_L",
            "time": [0.0, 1.2833, 2.6667],
            "transform": [
                [0.80669, -0.472343, -0.355166, -0.125006, -0.047095, -0.650454, 0.758084, -0.002831, -0.589095, -0.594812, -0.54696, -1.2e-05, 0.0, 0.0, 0.0, 1.0],
                [0.80669, -0.508671, -0.300841, -0.125006, -0.047095, -0.562773, 0.825268, -0.002831, -0.589095, -0.651568, -0.477939, -1.2e-05, 0.0, 0.0, 0.0, 1.0],
                [0.80669, -0.472343, -0.355166, -0.125006, -0.047095, -0.650454, 0.758084, -0.002831, -0.589095, -0.594812, -0.54696, -1.2e-05, 0.0, 0.0, 0.0, 1.0]
            ]
        },
        {
            "name": "Leg_L",
            "time": [0.0, 1.2833, 2.6667],
            "transform": [
                [1.0, -1e-06, 0.0, 0.0, 0.0, 0.784727, 0.619841, 0.37472, -1e-06, -0.619841, 0.784728, -0.0, 0.0, 0.0, 0.0, 1.0],
                [1.0, -1e-06, 0.0, 0.0, 0.0, 0.678954, 0.734182, 0.37472, -1e-06, -0.734181, 0.678954, 0.0, 0.0, 0.0, 0.0, 1.0],
                [1.0, -1e-06, 0.0, 0.0, 0.0, 0.784727, 0.619841, 0.37472, -1e-06, -0.619841, 0.784728, -0.0, 0.0, 0.0, 0.0, 1.0]
            ]
        },
        {
            "name": "Knee_L",
            "time": [0.0, 2.6667],
            "transform": [
                [1.0, 0.0, -0.0, 0.0, -0.0, 1e-06, -1.0, 0.37472, -0.0, 1.0, 1e-06, -0.0, 0.0, 0.0, 0.0, 1.0],
                [1.0, 0.0, -0.0, 0.0, -0.0, 1e-06, -1.0, 0.37472, -0.0, 1.0, 1e-06, -0.0, 0.0, 0.0, 0.0, 1.0]
            ]
        },
        {
            "name": "Torso",
            "time": [0.0, 1.2833, 2.6667],
            "transform": [
                [0.967143, -0.206821, 0.147852, 0.0, 0.181094, 0.968604, 0.170329, 0.05, -0.178437, -0.137957, 0.974232, 0.0, 0.0, 0.0, 0.0, 1.0],
                [0.955712, -0.257131, 0.143172, 0.0, 0.220127, 0.947442, 0.232159, 0.05, -0.195342, -0.190361, 0.962083, 0.0, 0.0, 0.0, 0.0, 1.0],
                [0.967143, -0.206821, 0.147852, 0.0, 0.181094, 0.968604, 0.170329, 0.05, -0.178437, -0.137957, 0.974232, 0.0, 0.0, 0.0, 0.0, 1.0]
            ]
        },
        {
            "name": "Chest",
            "time": [0.0, 1.2833, 2.6667],
            "transform": [
                [0.783065, 0.036116, -0.62089, 0.0, 0.028724, 0.995147, 0.094114, 0.3, 0.621276, -0.091532, 0.778228, 0.0, 0.0, 0.0, 0.0, 1.0],
                [0.770543, 0.07881, -0.632498, -0.0, 0.109768, 0.961093, 0.253478, 0.3, 0.627865, -0.264744, 0.731912, -0.0, 0.0, 0.0, 0.0, 1.0],
                [0.783065, 0.036116, -0.62089, 0.0, 0.028724, 0.995147, 0.094114, 0.3, 0.621276, -0.091532, 0.778228, 0.0, 0.0, 0.0, 0.0, 1.0]
            ]
        },
        {
            "name": "Head",
            "time": [0.0, 1.2833, 2.6667],
            "transform": [
                [0.348983, 0.227745, 0.909034, -0.0, 0.033388, 0.966383, -0.254931, 0.4, -0.936534, 0.119317, 0.329647, 0.0, 0.0, 0.0, 0.0, 1.0],
                [0.348983, 0.354932, 0.867314, -0.0, 0.033388, 0.920205, -0.390011, 0.4, -0.936534, 0.165065, 0.309285, -0.0, 0.0, 0.0, 0.0, 1.0],
                [0.348983, 0.227745, 0.909034, -0.0, 0.033388, 0.966383, -0.254931, 0.4, -0.936534, 0.119317, 0.329647, 0.0, 0.0, 0.0, 0.0, 1.0]
            ]
        },
        {
            "name": "Shoulder_R",
            "time": [0.0, 2.6667],
            "transform": [
                [-0.103152, 0.947893, 0.301428, -0.0, 0.05721, -0.296888, 0.953197, 0.4, 0.993019, 0.115569, -0.023605, 0.0, 0.0, 0.0, 0.0, 1.0],
                [-0.103152, 0.947893, 0.301428, -0.0, 0.05721, -0.296888, 0.953197, 0.4, 0.993019, 0.115569, -0.023605, 0.0, 0.0, 0.0, 0.0, 1.0]
            ]
        },
        {
            "name": "Arm_R",
            "time": [0.0, 1.2833, 2.6667],
            "transform": [
                [0.013849, 0.020809, -0.999687, -0.0, 0.735857, 0.676702, 0.02428, 0.39386, 0.676995, -0.735963, -0.005941, 0.0, 0.0, 0.0, 0.0, 1.0],
                [0.017176, 0.01816, -0.999687, -0.0, 0.83993, 0.542152, 0.02428, 0.39386, 0.542424, -0.840084, -0.005941, 0.0, 0.0, 0.0, 0.0, 1.0],
                [0.013849, 0.020809, -0.999687, -0.0, 0.735857, 0.676702, 0.02428, 0.39386, 0.676995, -0.735963, -0.005941, 0.0, 0.0, 0.0, 0.0, 1.0]
            ]
        },
        {
            "name": "Hand_R",
            "time": [0.0, 2.6667],
            "transform": [
                [0.999985, 0.003844, 0.004005, 0.0, -0.00125, 0.858899, -0.512145, 0.3, -0.005409, 0.512132, 0.85889, 0.0, 0.0, 0.0, 0.0, 1.0],
                [0.999985, 0.003844, 0.004005, 0.0, -0.00125, 0.858899, -0.512145, 0.3, -0.005409, 0.512132, 0.85889, 0.0, 0.0, 0.0, 0.0, 1.0]
            ]
        },
        {
            "name": "Tool_R",
            "time": [0.0, 2.6667],
            "transform": [
                [1.0, 0.0, 0.0, 0.0, 0.0, -0.999836, 0.018122, 0.272858, 0.0, -0.018122, -0.999243, 0.0, 0.0, 0.0, 0.0, 1.0],
                [1.0, 0.0, 0.0, 0.0, 0.0, -0.999836, 0.018122, 0.272858, 0.0, -0.018122, -0.999243, 0.0, 0.0, 0.0, 0.0, 1.0]
            ]
        },
        {
            "name": "Elbow_R",
            "time": [0.0, 2.6667],
            "transform": [
                [-1.0, 0.0, 0.0, 0.0, -0.0, -0.0, -1.0, 0.3, -0.0, -1.0, 0.0, 0.0, 0.0, 0.0, 0.0, 1.0],
                [-1.0, 0.0, 0.0, 0.0, -0.0, -0.0, -1.0, 0.3, -0.0, -1.0, 0.0, 0.0, 0.0, 0.0, 0.0, 1.0]
            ]
        },
        {
            "name": "Shoulder_L",
            "time": [0.0, 2.6667],
            "transform": [
                [0.088499, -0.949454, -0.301172, -0.0, -0.003902, -0.302687, 0.953082, 0.4, -0.996068, -0.083172, -0.030493, 0.0, 0.0, 0.0, 0.0, 1.0],
                [0.088499, -0.949454, -0.301172, -0.0, -0.003902, -0.302687, 0.953082, 0.4, -0.996068, -0.083172, -0.030493, 0.0, 0.0, 0.0, 0.0, 1.0]
            ]
        },
        {
            "name": "Arm_L",
            "time": [0.0, 1.2833, 2.6667],
            "transform": [
                [0.063192, -0.146446, 0.987198, 0.0, 0.001244, 0.989186, 0.146661, 0.39386, -0.998, -0.00804, 0.062691, 0.0, 0.0, 0.0, 0.0, 1.0],
                [0.038576, -0.154763, 0.987198, -0.0, 0.161836, 0.975858, 0.146661, 0.39386, -0.986063, 0.154106, 0.062691, 0.0, 0.0, 0.0, 0.0, 1.0],
                [0.063192, -0.146446, 0.987198, 0.0, 0.001244, 0.989186, 0.146661, 0.39386, -0.998, -0.00804, 0.062691, 0.0, 0.0, 0.0, 0.0, 1.0]
            ]
        },
        {
            "name": "Hand_L",
            "time": [0.0, 2.6667],
            "transform": [
                [0.99932, -0.007093, 0.036193, 0.0, 0.03687, 0.216823, -0.975515, 0.3, -0.000928, 0.976186, 0.216937, 0.0, 0.0, 0.0, 0.0, 1.0],
                [0.99932, -0.007093, 0.036193, 0.0, 0.03687, 0.216823, -0.975515, 0.3, -0.000928, 0.976186, 0.216937, 0.0, 0.0, 0.0, 0.0, 1.0]
            ]
        },
        {
            "name": "Tool_L",
            "time": [0.0, 2.6667],
            "transform": [
                [1.0, 0.0, 0.0, 0.0, -0.0, -0.999836, 0.018122, 0.272858, 0.0, -0.018122, -0.999248, 0.0, 0.0, 0.0, 0.0, 1.0],
                [1.0, 0.0, 0.0, 0.0, -0.0, -0.999836, 0.018122, 0.272858, 0.0, -0.018122, -0.999248, 0.0, 0.0, 0.0, 0.0, 1.0]
            ]
        },
        {
            "name": "Elbow_L",
            "time": [0.0, 2.6667],
            "transform": [
                [-1.0, 0.0, 0.0, 0.0, 0.0, 0.653978, -0.756513, 0.3, -0.0, -0.756513, -0.653978, 0.0, 0.0, 0.0, 0.0, 1.0],
                [-1.0, 0.0, 0.0, 0.0, 0.0, 0.653978, -0.756513, 0.3, -0.0, -0.756513, -0.653978, 0.0, 0.0, 0.0, 0.0, 1.0]
            ]
        }
    ]
}