{
    
    "animation": [
        {
            "name": "Root",
            "time": [0.0, 0.2833, 0.75, 0.8333, 0.9167],
            "transform": [
                [0.992112, 0.0, -0.125354, -5e-06, -0.125354, 0.0, -0.992112, 0.000946, 0.0, 1.0, 0.0, 0.686012, 0.0, 0.0, 0.0, 1.0],
                [0.992112, 0.0, -0.125354, -0.082081, -0.125354, 0.0, -0.992112, -0.940863, 0.0, 1.0, 0.0, 0.601992, 0.0, 0.0, 0.0, 1.0],
                [0.992112, 0.0, -0.125354, -0.082002, -0.125354, 0.0, -0.992112, 3.818109, 0.0, 1.0, 0.0, 0.619088, 0.0, 0.0, 0.0, 1.0],
                [0.992112, 0.0, -0.125354, -0.061364, -0.125354, 0.0, -0.992112, 3.981446, 0.0, 1.0, 0.0, 0.586203, 0.0, 0.0, 0.0, 1.0],
                [0.992112, 0.0, -0.125354, -0.061364, -0.125354, 0.0, -0.992112, 3.981446, 0.0, 1.0, 0.0, 0.586203, 0.0, 0.0, 0.0, 1.0]
            ]
        },
        {
            "name": "Thigh_R",
            "time": [0.0, 0.15, 0.2833, 0.4833, 0.8333, 0.9167],
            "transform": [
                [0.984758, 0.067468, -0.160307, 0.124994, 0.138249, -0.8629, 0.486094, -0.002831, -0.105533, -0.500846, -0.859078, -1.2e-05, 0.0, 0.0, 0.0, 1.0],
                [0.984758, 0.076687, -0.156106, 0.124994, 0.138249, -0.88974, 0.435025, -0.002831, -0.105533, -0.449975, -0.886784, -1.2e-05, 0.0, 0.0, 0.0, 1.0],
                [0.984758, 0.170095, -0.0363, 0.124994, 0.138249, -0.892159, -0.430041, -0.002831, -0.105533, 0.418468, -0.902079, -1.2e-05, 0.0, 0.0, 0.0, 1.0],
                [0.984758, 0.028016, -0.171654, 0.124994, 0.138249, -0.724936, 0.674798, -0.002831, -0.105533, -0.688243, -0.717763, -1.2e-05, 0.0, 0.0, 0.0, 1.0],
                [0.996484, -0.020668, -0.081183, 0.124994, 0.05937, -0.509453, 0.858447, -0.002831, -0.059101, -0.860248, -0.506437, -1.2e-05, 0.0, 0.0, 0.0, 1.0],
                [0.996484, -0.020668, -0.081183, 0.124994, 0.05937, -0.509453, 0.858447, -0.002831, -0.059101, -0.860248, -0.506437, -1.2e-05, 0.0, 0.0, 0.0, 1.0]
            ]
        },
        {
            "name": "Leg_R",
            "time": [0.0, 0.15, 0.2833, 0.4833, 0.8333, 0.9167],
            "transform": [
                [1.0, -0.0, 2e-06, 0.0, -0.0, 0.966099, 0.258173, 0.37472, -2e-06, -0.258173, 0.966098, 0.0, 0.0, 0.0, 0.0, 1.0],
                [1.0, -2e-06, 0.0, 0.0, -0.0, -0.182907, 0.983129, 0.37472, -2e-06, -0.983131, -0.182907, 0.0, 0.0, 0.0, 0.0, 1.0],
                [1.0, -1e-06, 2e-06, -0.0, -0.0, 0.793636, 0.608393, 0.37472, -2e-06, -0.608394, 0.793635, -0.0, 0.0, 0.0, 0.0, 1.0],
                [1.0, -2e-06, 0.0, -0.0, -1e-06, -0.292922, 0.956136, 0.37472, -2e-06, -0.956137, -0.292921, -0.0, 0.0, 0.0, 0.0, 1.0],
                [1.0, -1e-06, 1e-06, -0.0, -0.0, 0.485428, 0.874276, 0.37472, -2e-06, -0.874277, 0.485428, -0.0, 0.0, 0.0, 0.0, 1.0],
                [1.0, -1e-06, 1e-06, -0.0, -0.0, 0.485428, 0.874276, 0.37472, -2e-06, -0.874277, 0.485428, -0.0, 0.0, 0.0, 0.0, 1.0]
            ]
        },
        {
            "name": "Knee_R",
            "time": [0.0, 0.15, 0.8333, 0.9167],
            "transform": [
                [1.0, 0.0, -0.0, 0.0, -0.0, 1e-06, -1.0, 0.37472, -0.0, 1.0, 1e-06, 0.0, 0.0, 0.0, 0.0, 1.0],
                [1.0, 0.0, 0.0, 0.0, -0.0, 0.815819, -0.578307, 0.37472, -0.0, 0.578307, 0.815819, 0.0, 0.0, 0.0, 0.0, 1.0],
                [1.0, 0.0, -0.0, -0.0, -0.0, 0.399223, -0.916854, 0.37472, -0.0, 0.916854, 0.399223, -0.0, 0.0, 0.0, 0.0, 1.0],
                [1.0, 0.0, -0.0, -0.0, -0.0, 0.399223, -0.916854, 0.37472, -0.0, 0.916854, 0.399223, -0.0, 0.0, 0.0, 0.0, 1.0]
            ]
        },
        {
            "name": "Thigh_L",
            "time": [0.0, 0.2833, 0.4833, 0.8333, 0.9167],
            "transform": [
                [0.982487, 0.059113, -0.1767, -0.125006, 0.015975, -0.971571, -0.236206, -0.002831, -0.185639, 0.229248, -0.955501, -1.2e-05, 0.0, 0.0, 0.0, 1.0],
                [0.982487, -0.124804, -0.138352, -0.125006, 0.015975, -0.68337, 0.729896, -0.002831, -0.18564, -0.719325, -0.66941, -1.2e-05, 0.0, 0.0, 0.0, 1.0],
                [0.982487, 0.0854, -0.165602, -0.125006, 0.015975, -0.924113, -0.381786, -0.002831, -0.185639, 0.372455, -0.909293, -1.2e-05, 0.0, 0.0, 0.0, 1.0],
                [0.982487, 0.10097, -0.156596, -0.125006, 0.015975, -0.882993, -0.469113, -0.002831, -0.185639, 0.458397, -0.869143, -1.2e-05, 0.0, 0.0, 0.0, 1.0],
                [0.982487, 0.10097, -0.156596, -0.125006, 0.015975, -0.882993, -0.469113, -0.002831, -0.185639, 0.458397, -0.869143, -1.2e-05, 0.0, 0.0, 0.0, 1.0]
            ]
        },
        {
            "name": "Leg_L",
            "time": [0.0, 0.0667, 0.2833, 0.4833, 0.8333, 0.9167],
            "transform": [
                [1.0, -1e-06, 0.0, -0.0, 0.0, 0.873886, 0.48613, 0.37472, -1e-06, -0.486129, 0.873887, -0.0, 0.0, 0.0, 0.0, 1.0],
                [1.0, -1e-06, 0.0, 0.0, 0.0, 0.722705, 0.691156, 0.37472, -1e-06, -0.691156, 0.722706, 0.0, 0.0, 0.0, 0.0, 1.0],
                [1.0, -0.0, 1e-06, 0.0, 0.0, 0.941372, 0.337369, 0.37472, -1e-06, -0.337369, 0.941373, 0.0, 0.0, 0.0, 0.0, 1.0],
                [1.0, -0.0, 1e-06, -0.0, 0.0, 0.969924, 0.243406, 0.37472, -1e-06, -0.243406, 0.969925, -0.0, 0.0, 0.0, 0.0, 1.0],
                [0.996811, -0.079802, 0.0, 0.0, 0.063894, 0.798113, 0.599111, 0.37472, -0.04781, -0.5972, 0.800667, 0.0, 0.0, 0.0, 0.0, 1.0],
                [0.996811, -0.079802, 0.0, 0.0, 0.063894, 0.798113, 0.599111, 0.37472, -0.04781, -0.5972, 0.800667, 0.0, 0.0, 0.0, 0.0, 1.0]
            ]
        },
        {
            "name": "Knee_L",
            "time": [0.0, 0.9167],
            "transform": [
                [1.0, 0.0, -0.0, -0.0, -0.0, 1e-06, -1.0, 0.37472, -0.0, 1.0, 1e-06, -0.0, 0.0, 0.0, 0.0, 1.0],
                [1.0, 0.0, -0.0, 0.0, -0.0, 1e-06, -1.0, 0.37472, -0.0, 1.0, 1e-06, 0.0, 0.0, 0.0, 0.0, 1.0]
            ]
        },
        {
            "name": "Torso",
            "time": [0.0, 0.2833, 0.4833, 0.8333, 0.9167],
            "transform": [
                [0.99978, -0.020971, -0.000197, 0.0, 0.020971, 0.999603, 0.018833, 0.05, -0.000198, -0.018833, 0.999823, 0.0, 0.0, 0.0, 0.0, 1.0],
                [0.72599, -0.020971, -0.687385, 0.0, 0.028177, 0.999603, -0.000737, 0.05, 0.687127, -0.018833, 0.726293, 0.0, 0.0, 0.0, 0.0, 1.0],
                [0.974209, -0.102258, 0.201149, 0.0, 0.016198, 0.920814, 0.389665, 0.05, -0.225067, -0.376357, 0.898722, 0.0, 0.0, 0.0, 0.0, 1.0],
                [0.974209, -0.122017, 0.189814, -0.0, 0.016198, 0.876837, 0.480514, 0.05, -0.225067, -0.465047, 0.856199, 0.0, 0.0, 0.0, 0.0, 1.0],
                [0.974209, -0.122017, 0.189814, -0.0, 0.016198, 0.876837, 0.480514, 0.05, -0.225067, -0.465047, 0.856199, 0.0, 0.0, 0.0, 0.0, 1.0]
            ]
        },
        {
            "name": "Chest",
            "time": [0.0, 0.2833, 0.4833, 0.9167],
            "transform": [
                [0.999771, -0.021411, -0.000206, 0.0, 0.021411, 0.999586, 0.019228, 0.3, -0.000206, -0.019228, 0.999815, 0.0, 0.0, 0.0, 0.0, 1.0],
                [0.722588, -0.021411, -0.690947, -0.0, 0.028764, 0.999586, -0.000895, 0.3, 0.69068, -0.019228, 0.722905, 0.0, 0.0, 0.0, 0.0, 1.0],
                [0.791752, -0.011188, 0.61074, 0.0, 0.126632, 0.981118, -0.146191, 0.3, -0.597572, 0.193087, 0.778219, -0.0, 0.0, 0.0, 0.0, 1.0],
                [0.998217, -0.037697, 0.046268, -0.0, 0.022279, 0.954587, 0.297099, 0.3, -0.055366, -0.295539, 0.953725, -0.0, 0.0, 0.0, 0.0, 1.0]
            ]
        },
        {
            "name": "Head",
            "time": [0.0, 0.2833, 0.4833, 0.9167],
            "transform": [
                [0.992342, 0.037721, 0.117619, 0.0, -0.031566, 0.998055, -0.053762, 0.4, -0.119419, 0.049637, 0.991602, -0.0, 0.0, 0.0, 0.0, 1.0],
                [0.392238, 0.037721, 0.91909, -0.0, 0.030898, 0.998055, -0.054148, 0.4, -0.919344, 0.049637, 0.39031, 0.0, 0.0, 0.0, 0.0, 1.0],
                [0.676251, 0.037721, -0.735705, 0.0, -0.062066, 0.998055, -0.005878, 0.4, 0.734052, 0.049637, 0.677277, 0.0, 0.0, 0.0, 0.0, 1.0],
                [0.998923, 0.037721, -0.026996, -0.0, -0.039002, 0.998055, -0.048637, 0.4, 0.025109, 0.049637, 0.998452, 0.0, 0.0, 0.0, 0.0, 1.0]
            ]
        },
        {
            "name": "Shoulder_R",
            "time": [0.0, 0.2833, 0.4833, 0.9167],
            "transform": [
                [0.089555, 0.949274, 0.301428, 0.0, -0.003656, -0.302328, 0.953197, 0.4, 0.995975, -0.086466, -0.023605, -0.0, 0.0, 0.0, 0.0, 1.0],
                [0.193126, 0.933725, 0.301428, -0.0, -0.036791, -0.300104, 0.953197, 0.4, 0.980484, -0.195177, -0.023605, 0.0, 0.0, 0.0, 0.0, 1.0],
                [0.609002, 0.733661, 0.301428, 0.0, -0.173417, -0.247674, 0.953197, 0.4, 0.773979, -0.632771, -0.023605, 0.0, 0.0, 0.0, 0.0, 1.0],
                [0.609002, 0.73366, 0.301428, -0.0, -0.173417, -0.247674, 0.953197, 0.4, 0.773979, -0.632771, -0.023605, 0.0, 0.0, 0.0, 0.0, 1.0]
            ]
        },
        {
            "name": "Arm_R",
            "time": [0.0, 0.2833, 0.4833, 0.75, 0.9167],
            "transform": [
                [0.018131, 0.184694, -0.982629, -0.0, 0.867967, 0.484922, 0.107161, 0.39386, 0.49629, -0.854833, -0.151516, -0.0, 0.0, 0.0, 0.0, 1.0],
                [-0.153604, 0.104146, -0.982629, 0.0, -0.011457, 0.994176, 0.107161, 0.393861, 0.988066, 0.027718, -0.151516, -0.0, 0.0, 0.0, 0.0, 1.0],
                [-0.148346, -0.041418, -0.988068, 0.0, -0.349663, 0.936782, 0.013229, 0.39386, 0.925057, 0.347453, -0.153451, -0.0, 0.0, 0.0, 0.0, 1.0],
                [-0.148346, -0.336404, -0.92996, 0.0, -0.349663, 0.897465, -0.268872, 0.39386, 0.925057, 0.285286, -0.250764, -0.0, 0.0, 0.0, 0.0, 1.0],
                [-0.238678, -0.279655, -0.92996, -0.0, -0.077295, 0.960069, -0.268872, 0.393861, 0.968018, 0.007707, -0.250764, -0.0, 0.0, 0.0, 0.0, 1.0]
            ]
        },
        {
            "name": "Hand_R",
            "time": [0.0, 0.2833, 0.3667, 0.4833, 0.9167],
            "transform": [
                [0.999985, 0.002162, 0.005113, 0.0, -0.00125, 0.985111, -0.171917, 0.3, -0.005409, 0.171908, 0.985098, -0.0, 0.0, 0.0, 0.0, 1.0],
                [0.999985, 0.005468, -0.000956, 0.0, -0.00125, 0.053986, -0.998541, 0.3, -0.005409, 0.998527, 0.053992, 0.0, 0.0, 0.0, 0.0, 1.0],
                [0.999985, 0.005551, 7.5e-05, -0.0, -0.00125, 0.238285, -0.971195, 0.3, -0.005409, 0.97118, 0.238288, 0.0, 0.0, 0.0, 0.0, 1.0],
                [0.999985, 0.001243, 0.005411, -0.0, -0.00125, 0.999998, 0.001422, 0.3, -0.005409, -0.001428, 0.999984, -0.0, 0.0, 0.0, 0.0, 1.0],
                [0.999985, 0.005453, -0.001043, 1e-06, -0.00125, 0.038199, -0.999269, 0.3, -0.005409, 0.999255, 0.038206, 0.0, 0.0, 0.0, 0.0, 1.0]
            ]
        },
        {
            "name": "Tool_R",
            "time": [0.0, 0.3667, 0.4833, 0.9167],
            "transform": [
                [1.0, 0.0, 0.0, -0.0, 0.0, -0.968828, -0.247735, 0.272858, 0.0, 0.247577, -0.968257, -0.0, 0.0, 0.0, 0.0, 1.0],
                [0.946749, 0.321688, 0.013529, -0.0, 0.229707, -0.645407, -0.728481, 0.272858, -0.225476, 0.692379, -0.684535, -0.0, 0.0, 0.0, 0.0, 1.0],
                [-0.136679, 0.990615, -0.000135, -0.060923, 0.114197, 0.015621, -0.993335, 0.431493, -0.983427, -0.135703, -0.115203, 0.045523, 0.0, 0.0, 0.0, 1.0],
                [-0.12828, 0.990615, -0.047183, -0.004762, 0.449394, 0.015651, -0.893197, 0.384828, -0.883547, -0.135702, -0.446929, -0.021817, 0.0, 0.0, 0.0, 1.0]
            ]
        },
        {
            "name": "Elbow_R",
            "time": [0.0, 0.9167],
            "transform": [
                [-1.0, 0.0, -0.0, 0.0, 0.0, -0.0, -1.0, 0.3, -0.0, -1.0, 0.0, -0.0, 0.0, 0.0, 0.0, 1.0],
                [-1.0, 0.0, 0.0, 1e-06, 0.0, -0.0, -1.0, 0.3, -0.0, -1.0, 0.0, 0.0, 0.0, 0.0, 0.0, 1.0]
            ]
        },
        {
            "name": "Shoulder_L",
            "time": [0.0, 0.4833, 0.9167],
            "transform": [
                [0.088499, -0.949454, -0.301172, 0.0, -0.003902, -0.302687, 0.953082, 0.4, -0.996069, -0.083172, -0.030493, -0.0, 0.0, 0.0, 0.0, 1.0],
                [-0.207588, -0.9307, -0.301172, 0.0, -0.096741, -0.286837, 0.953082, 0.4, -0.973421, 0.226984, -0.030493, 0.0, 0.0, 0.0, 0.0, 1.0],
                [-0.207588, -0.9307, -0.301172, -0.0, -0.096741, -0.286837, 0.953082, 0.4, -0.973421, 0.226984, -0.030493, 0.0, 0.0, 0.0, 0.0, 1.0]
            ]
        },
        {
            "name": "Arm_L",
            "time": [0.0, 0.2833, 0.4833, 0.9167],
            "transform": [
                [0.186243, 0.056263, 0.980891, -0.0, -0.82865, 0.545389, 0.126053, 0.39386, -0.527875, -0.836292, 0.148197, -0.0, 0.0, 0.0, 0.0, 1.0],
                [0.178289, -0.077878, 0.980891, -0.0, -0.277484, 0.952425, 0.126054, 0.39386, -0.944042, -0.294656, 0.148197, -0.0, 0.0, 0.0, 0.0, 1.0],
                [0.178289, -0.381814, 0.90688, 0.0, -0.277484, 0.864731, 0.418621, 0.39386, -0.944042, -0.32628, 0.048225, 0.0, 0.0, 0.0, 0.0, 1.0],
                [0.057334, -0.546763, 0.835322, 0.0, -0.883958, 0.361098, 0.29703, 0.39386, -0.464038, -0.755419, -0.462613, 0.0, 0.0, 0.0, 0.0, 1.0]
            ]
        },
        {
            "name": "Hand_L",
            "time": [0.0, 0.2833, 0.4833, 0.9167],
            "transform": [
                [0.99932, -0.036878, 0.000448, -0.0, 0.03687, 0.999235, 0.013035, 0.3, -0.000928, -0.013009, 0.999915, 0.0, 0.0, 0.0, 0.0, 1.0],
                [0.99932, -0.022578, 0.029163, 0.0, 0.036869, 0.631472, -0.774522, 0.3, -0.000929, 0.775071, 0.631874, 0.0, 0.0, 0.0, 0.0, 1.0],
                [0.99932, -0.01067, 0.035304, -0.0, 0.036869, 0.313128, -0.948996, 0.3, -0.000929, 0.949651, 0.313308, 0.0, 0.0, 0.0, 0.0, 1.0],
                [0.99932, -0.02989, 0.021605, 0.0, 0.036869, 0.824393, -0.564816, 0.3, -0.000929, 0.565229, 0.824934, 0.0, 0.0, 0.0, 0.0, 1.0]
            ]
        },
        {
            "name": "Tool_L",
            "time": [0.0, 0.9167],
            "transform": [
                [1.0, 0.0, 0.0, 0.0, 0.0, -0.999836, 0.018122, 0.272858, 0.0, -0.018122, -0.999247, 0.0, 0.0, 0.0, 0.0, 1.0],
                [1.0, 0.0, 0.0, 0.0, 0.0, -0.999836, 0.018122, 0.272858, 0.0, -0.018122, -0.999247, -0.0, 0.0, 0.0, 0.0, 1.0]
            ]
        },
        {
            "name": "Elbow_L",
            "time": [0.0, 0.9167],
            "transform": [
                [-1.0, 0.0, -0.0, -0.0, 0.0, -0.0, -1.0, 0.3, -0.0, -1.0, -0.0, 0.0, 0.0, 0.0, 0.0, 1.0],
                [-1.0, 0.0, -0.0, 0.0, 0.0, -0.0, -1.0, 0.3, -0.0, -1.0, -0.0, 0.0, 0.0, 0.0, 0.0, 1.0]
            ]
        }
    ]
}