{
    
    "animation": [
        {
            "name": "Root",
            "time": [0.0, 0.1833, 0.4167],
            "transform": [
                [0.998496, -0.002742, -0.054756, -5e-06, -0.054825, -0.049938, -0.997246, 0.000946, -0.0, 0.998749, -0.050014, 0.673268, 0.0, 0.0, 0.0, 1.0],
                [0.998496, 0.003783, -0.054694, -0.001474, -0.054825, 0.068892, -0.996117, 0.703707, -0.0, 0.997617, 0.068996, 0.731952, 0.0, 0.0, 0.0, 1.0],
                [0.998496, 0.011058, -0.053698, -0.004056, -0.054825, 0.201393, -0.977975, 0.837212, 0.0, 0.979448, 0.201696, 0.713858, 0.0, 0.0, 0.0, 1.0]
            ]
        },
        {
            "name": "Thigh_R",
            "time": [0.0, 0.4167],
            "transform": [
                [0.996122, 0.063339, -0.061054, 0.124994, 0.068868, -0.993264, 0.093166, -0.002831, -0.054742, -0.097009, -0.993777, -1.2e-05, 0.0, 0.0, 0.0, 1.0],
                [0.996122, 0.010088, -0.087394, 0.124994, 0.068868, -0.707564, 0.703284, -0.002831, -0.054742, -0.706574, -0.705518, -1.2e-05, 0.0, 0.0, 0.0, 1.0]
            ]
        },
        {
            "name": "Leg_R",
            "time": [0.0, 0.1667, 0.4167],
            "transform": [
                [1.0, -1e-06, 1e-06, 0.0, -0.0, 0.677581, 0.735448, 0.37472, -2e-06, -0.735449, 0.67758, -0.0, 0.0, 0.0, 0.0, 1.0],
                [1.0, -2e-06, 1e-06, -0.0, -0.0, 0.13723, 0.990539, 0.37472, -2e-06, -0.99054, 0.13723, -0.0, 0.0, 0.0, 0.0, 1.0],
                [1.0, -1e-06, 1e-06, 0.0, -0.0, 0.677581, 0.735448, 0.37472, -2e-06, -0.735449, 0.67758, -0.0, 0.0, 0.0, 0.0, 1.0]
            ]
        },
        {
            "name": "Knee_R",
            "time": [0.0, 0.1667, 0.4167],
            "transform": [
                [1.0, 0.0, -0.0, 0.0, -0.0, 1e-06, -1.0, 0.37472, -0.0, 1.0, 1e-06, -0.0, 0.0, 0.0, 0.0, 1.0],
                [1.0, 0.0, -0.0, -0.0, -0.0, 0.543108, -0.839663, 0.37472, -0.0, 0.839663, 0.543108, -0.0, 0.0, 0.0, 0.0, 1.0],
                [1.0, 0.0, -0.0, 0.0, -0.0, 1e-06, -1.0, 0.37472, -0.0, 1.0, 1e-06, -0.0, 0.0, 0.0, 0.0, 1.0]
            ]
        },
        {
            "name": "Thigh_L",
            "time": [0.0, 0.1667, 0.4167],
            "transform": [
                [0.999803, -0.008148, 0.018051, -0.125006, -0.017363, -0.799038, 0.601029, -0.002831, 0.009526, -0.601224, -0.799023, -1.2e-05, 0.0, 0.0, 0.0, 1.0],
                [0.999803, -0.019311, 0.004396, -0.125006, -0.017363, -0.961448, -0.274437, -0.002831, 0.009527, 0.274308, -0.961594, -1.2e-05, 0.0, 0.0, 0.0, 1.0],
                [0.999803, -0.019522, 0.003337, -0.125006, -0.017363, -0.945056, -0.326446, -0.002831, 0.009527, 0.326324, -0.94521, -1.2e-05, 0.0, 0.0, 0.0, 1.0]
            ]
        },
        {
            "name": "Leg_L",
            "time": [0.0, 0.4167],
            "transform": [
                [1.0, -1e-06, 1e-06, -0.0, 0.0, 0.876793, 0.480869, 0.37472, -1e-06, -0.480868, 0.876793, 0.0, 0.0, 0.0, 0.0, 1.0],
                [1.0, -0.0, 1e-06, -0.0, 0.0, 0.985567, 0.169285, 0.37472, -1e-06, -0.169284, 0.985568, -0.0, 0.0, 0.0, 0.0, 1.0]
            ]
        },
        {
            "name": "Knee_L",
            "time": [0.0, 0.4167],
            "transform": [
                [1.0, 0.0, -0.0, -0.0, -0.0, 1e-06, -1.0, 0.37472, -0.0, 1.0, 1e-06, 0.0, 0.0, 0.0, 0.0, 1.0],
                [1.0, 0.0, -0.0, -0.0, -0.0, 1e-06, -1.0, 0.37472, -0.0, 1.0, 1e-06, -0.0, 0.0, 0.0, 0.0, 1.0]
            ]
        },
        {
            "name": "Torso",
            "time": [0.0, 0.1667, 0.4167],
            "transform": [
                [0.99978, -0.02097, -0.000333, -0.0, 0.020971, 0.99946, 0.025283, 0.05, -0.000198, -0.025284, 0.99968, 0.0, 0.0, 0.0, 0.0, 1.0],
                [0.99978, -0.020807, -0.002627, 0.0, 0.020971, 0.990679, 0.134596, 0.05, -0.000198, -0.134621, 0.990897, -0.0, 0.0, 0.0, 0.0, 1.0],
                [0.99978, -0.02097, -0.000333, 0.0, 0.020971, 0.999461, 0.025283, 0.05, -0.000198, -0.025284, 0.99968, -0.0, 0.0, 0.0, 0.0, 1.0]
            ]
        },
        {
            "name": "Chest",
            "time": [0.0, 0.1667, 0.4167],
            "transform": [
                [0.999771, -0.021304, -0.002157, 0.0, 0.021411, 0.993672, 0.110261, 0.3, -0.000206, -0.110282, 0.9939, -0.0, 0.0, 0.0, 0.0, 1.0],
                [0.999771, -0.020702, -0.00547, 0.0, 0.021411, 0.964098, 0.264682, 0.3, -0.000206, -0.264738, 0.964321, -0.0, 0.0, 0.0, 0.0, 1.0],
                [0.999771, -0.021304, -0.002157, -0.0, 0.021411, 0.993672, 0.110261, 0.3, -0.000206, -0.110282, 0.9939, 0.0, 0.0, 0.0, 0.0, 1.0]
            ]
        },
        {
            "name": "Head",
            "time": [0.0, 0.1667, 0.4167],
            "transform": [
                [0.997759, 0.037107, 0.055674, -0.0, -0.03487, 0.998566, -0.040627, 0.4, -0.057102, 0.038595, 0.997622, 0.0, 0.0, 0.0, 0.0, 1.0],
                [0.997759, 0.049668, 0.044828, 0.0, -0.03487, 0.957848, -0.285152, 0.4, -0.057102, 0.28295, 0.957433, 0.0, 0.0, 0.0, 0.0, 1.0],
                [0.997759, 0.037107, 0.055674, -0.0, -0.03487, 0.998566, -0.040627, 0.4, -0.057102, 0.038595, 0.997622, 0.0, 0.0, 0.0, 0.0, 1.0]
            ]
        },
        {
            "name": "Shoulder_R",
            "time": [0.0, 0.1667, 0.4167],
            "transform": [
                [0.126759, 0.847247, 0.515854, -0.0, 0.069718, -0.526372, 0.847391, 0.4, 0.98948, -0.07145, -0.12579, 0.0, 0.0, 0.0, 0.0, 1.0],
                [0.414134, 0.861208, 0.29464, 0.0, -0.420786, -0.105894, 0.900958, 0.4, 0.807114, -0.497098, 0.31853, 0.0, 0.0, 0.0, 0.0, 1.0],
                [0.387479, 0.764038, 0.515854, -0.0, -0.099837, -0.521498, 0.847391, 0.4, 0.916456, -0.379848, -0.12579, 0.0, 0.0, 0.0, 0.0, 1.0]
            ]
        },
        {
            "name": "Arm_R",
            "time": [0.0, 0.1667, 0.4167],
            "transform": [
                [0.296443, -0.348541, -0.889179, 0.0, -0.524855, 0.718379, -0.456572, 0.39386, 0.797903, 0.602038, 0.030025, 0.0, 0.0, 0.0, 0.0, 1.0],
                [0.496434, -0.622988, -0.604516, -0.0, 0.724709, 0.680783, -0.106448, 0.393861, 0.47786, -0.385254, 0.789448, -0.0, 0.0, 0.0, 0.0, 1.0],
                [0.462455, -0.091126, -0.881948, 0.0, -0.569379, 0.731977, -0.374188, 0.393861, 0.679664, 0.675207, 0.286621, -0.0, 0.0, 0.0, 0.0, 1.0]
            ]
        },
        {
            "name": "Hand_R",
            "time": [0.0, 0.1667, 0.4167],
            "transform": [
                [0.998616, 0.016529, 0.049924, 0.0, 0.043571, 0.271537, -0.961441, 0.3, -0.029448, 0.962286, 0.270441, -0.0, 0.0, 0.0, 0.0, 1.0],
                [0.998616, -0.020444, 0.048453, 0.0, 0.043571, 0.837555, -0.544613, 0.3, -0.029448, 0.545971, 0.837287, -0.0, 0.0, 0.0, 0.0, 1.0],
                [0.998616, 0.016529, 0.049924, 0.0, 0.043571, 0.271537, -0.961441, 0.3, -0.029448, 0.962286, 0.270441, 0.0, 0.0, 0.0, 0.0, 1.0]
            ]
        },
        {
            "name": "Tool_R",
            "time": [0.0, 0.1667, 0.4167],
            "transform": [
                [0.997751, -0.018395, -0.064451, -0.0, -0.039086, -0.940852, -0.336556, 0.272858, -0.054416, 0.338108, -0.938902, -0.0, 0.0, 0.0, 0.0, 1.0],
                [0.121814, 0.02229, 0.992303, -0.0, 0.297632, -0.954561, -0.015095, 0.272858, 0.94632, 0.296993, -0.12284, 0.0, 0.0, 0.0, 0.0, 1.0],
                [0.996074, -0.020056, 0.086221, 0.0, 0.008143, -0.949111, -0.314838, 0.272858, 0.088095, 0.314107, -0.944665, 0.0, 0.0, 0.0, 0.0, 1.0]
            ]
        },
        {
            "name": "Elbow_R",
            "time": [0.0, 0.4167],
            "transform": [
                [-1.0, 0.0, -0.0, 0.0, 0.0, -0.0, -1.0, 0.3, -0.0, -1.0, 0.0, -0.0, 0.0, 0.0, 0.0, 1.0],
                [-1.0, 0.0, -0.0, 0.0, 0.0, -0.0, -1.0, 0.3, -0.0, -1.0, 0.0, 0.0, 0.0, 0.0, 0.0, 1.0]
            ]
        },
        {
            "name": "Shoulder_L",
            "time": [0.0, 0.1667, 0.4167],
            "transform": [
                [0.088499, -0.949454, -0.301172, -0.0, -0.003902, -0.302687, 0.953082, 0.4, -0.996069, -0.083172, -0.030493, 0.0, 0.0, 0.0, 0.0, 1.0],
                [0.502904, -0.863815, -0.030172, 0.0, 0.009476, -0.029394, 0.999523, 0.4, -0.86429, -0.50295, -0.006597, 0.0, 0.0, 0.0, 0.0, 1.0],
                [0.088499, -0.949454, -0.301172, -0.0, -0.003902, -0.302687, 0.953082, 0.4, -0.996069, -0.083172, -0.030493, 0.0, 0.0, 0.0, 0.0, 1.0]
            ]
        },
        {
            "name": "Arm_L",
            "time": [0.0, 0.1667, 0.4167],
            "transform": [
                [0.159467, 0.932587, 0.32381, 0.0, -0.915361, 0.26252, -0.305283, 0.39386, -0.369709, -0.24772, 0.895517, 0.0, 0.0, 0.0, 0.0, 1.0],
                [0.474826, 0.875429, 0.09036, -0.0, -0.853615, 0.483102, -0.194817, 0.39386, -0.214202, 0.015371, 0.976668, -0.0, 0.0, 0.0, 0.0, 1.0],
                [0.159467, 0.932586, 0.32381, -0.0, -0.915361, 0.26252, -0.305283, 0.39386, -0.369709, -0.24772, 0.895517, 0.0, 0.0, 0.0, 0.0, 1.0]
            ]
        },
        {
            "name": "Hand_L",
            "time": [0.0, 0.1667, 0.4167],
            "transform": [
                [0.99932, -0.008885, 0.035795, 0.0, 0.036869, 0.265099, -0.963516, 0.3, -0.000929, 0.96418, 0.265246, -0.0, 0.0, 0.0, 0.0, 1.0],
                [0.99932, -0.035959, 0.008196, -0.0, 0.03687, 0.979616, -0.197468, 0.3, -0.000929, 0.197635, 0.980275, 0.0, 0.0, 0.0, 0.0, 1.0],
                [0.99932, -0.008885, 0.035795, 0.0, 0.036869, 0.265099, -0.963516, 0.3, -0.000929, 0.96418, 0.265247, -0.0, 0.0, 0.0, 0.0, 1.0]
            ]
        },
        {
            "name": "Tool_L",
            "time": [0.0, 0.4167],
            "transform": [
                [1.0, 0.0, 0.0, 0.0, 0.0, -0.999836, 0.018122, 0.272858, 0.0, -0.018122, -0.999247, 0.0, 0.0, 0.0, 0.0, 1.0],
                [1.0, 0.0, 0.0, 0.0, 0.0, -0.999836, 0.018122, 0.272858, 0.0, -0.018122, -0.999247, 0.0, 0.0, 0.0, 0.0, 1.0]
            ]
        },
        {
            "name": "Elbow_L",
            "time": [0.0, 0.4167],
            "transform": [
                [-1.0, 0.0, -0.0, 0.0, 0.0, -0.0, -1.0, 0.3, -0.0, -1.0, -0.0, -0.0, 0.0, 0.0, 0.0, 1.0],
                [-1.0, 0.0, -0.0, 0.0, 0.0, -0.0, -1.0, 0.3, -0.0, -1.0, 0.0, -0.0, 0.0, 0.0, 0.0, 1.0]
            ]
        }
    ]
}