{
    
    "animation": [
        {
            "name": "Root",
            "time": [0.0, 0.1667, 0.4167],
            "transform": [
                [0.998496, 0.003783, -0.054694, -5e-06, -0.054825, 0.068892, -0.996117, 0.000946, -0.0, 0.997617, 0.068996, 0.673268, 0.0, 0.0, 0.0, 1.0],
                [0.936104, 0.003783, -0.351702, -0.027133, -0.351113, 0.068892, -0.933795, -0.625643, 0.020697, 0.997617, 0.065818, 0.570394, 0.0, 0.0, 0.0, 1.0],
                [0.998496, 0.003783, -0.054694, -0.036205, -0.054825, 0.068892, -0.996117, -0.658361, -0.0, 0.997617, 0.068996, 0.718934, 0.0, 0.0, 0.0, 1.0]
            ]
        },
        {
            "name": "Thigh_R",
            "time": [0.0, 0.4167],
            "transform": [
                [0.996122, 0.063339, -0.061054, 0.124994, 0.068868, -0.993264, 0.093166, -0.002831, -0.054742, -0.097009, -0.993777, -1.2e-05, 0.0, 0.0, 0.0, 1.0],
                [0.996122, 0.063339, -0.061054, 0.124994, 0.068868, -0.993264, 0.093166, -0.002831, -0.054742, -0.097009, -0.993777, -1.2e-05, 0.0, 0.0, 0.0, 1.0]
            ]
        },
        {
            "name": "Leg_R",
            "time": [0.0, 0.1667, 0.4167],
            "transform": [
                [1.0, -1e-06, 1e-06, 0.0, -0.0, 0.677581, 0.735448, 0.37472, -2e-06, -0.735449, 0.67758, -0.0, 0.0, 0.0, 0.0, 1.0],
                [1.0, -2e-06, 1e-06, -0.0, -0.0, 0.385926, 0.922529, 0.37472, -2e-06, -0.92253, 0.385926, 0.0, 0.0, 0.0, 0.0, 1.0],
                [1.0, -1e-06, 1e-06, 0.0, -0.0, 0.677581, 0.735448, 0.37472, -2e-06, -0.735449, 0.67758, -0.0, 0.0, 0.0, 0.0, 1.0]
            ]
        },
        {
            "name": "Knee_R",
            "time": [0.0, 0.1667, 0.4167],
            "transform": [
                [1.0, 0.0, -0.0, 0.0, -0.0, 1e-06, -1.0, 0.37472, -0.0, 1.0, 1e-06, -0.0, 0.0, 0.0, 0.0, 1.0],
                [1.0, 0.0, -0.0, -0.0, -0.0, 0.543108, -0.839663, 0.37472, -0.0, 0.839663, 0.543108, 0.0, 0.0, 0.0, 0.0, 1.0],
                [1.0, 0.0, -0.0, 0.0, -0.0, 1e-06, -1.0, 0.37472, -0.0, 1.0, 1e-06, -0.0, 0.0, 0.0, 0.0, 1.0]
            ]
        },
        {
            "name": "Thigh_L",
            "time": [0.0, 0.1667, 0.4167],
            "transform": [
                [0.999803, -0.008148, 0.018051, -0.125006, -0.017363, -0.799038, 0.601029, -0.002831, 0.009526, -0.601224, -0.799023, -1.2e-05, 0.0, 0.0, 0.0, 1.0],
                [0.973903, -0.226114, 0.019611, -0.125006, -0.15071, -0.579675, 0.800789, -0.002831, -0.169702, -0.782847, -0.598625, -1.2e-05, 0.0, 0.0, 0.0, 1.0],
                [0.999803, -0.008148, 0.018051, -0.125006, -0.017363, -0.799038, 0.601029, -0.002831, 0.009526, -0.601224, -0.799023, -1.2e-05, 0.0, 0.0, 0.0, 1.0]
            ]
        },
        {
            "name": "Leg_L",
            "time": [0.0, 0.1667, 0.4167],
            "transform": [
                [1.0, -1e-06, 1e-06, 0.0, 0.0, 0.876793, 0.480869, 0.37472, -1e-06, -0.480868, 0.876793, -0.0, 0.0, 0.0, 0.0, 1.0],
                [1.0, -0.0, 1e-06, -0.0, 0.0, 0.994725, 0.102573, 0.37472, -1e-06, -0.102573, 0.994726, -0.0, 0.0, 0.0, 0.0, 1.0],
                [1.0, -1e-06, 1e-06, -0.0, 0.0, 0.876793, 0.480869, 0.37472, -1e-06, -0.480868, 0.876793, -0.0, 0.0, 0.0, 0.0, 1.0]
            ]
        },
        {
            "name": "Knee_L",
            "time": [0.0, 0.4167],
            "transform": [
                [1.0, 0.0, -0.0, 0.0, -0.0, 1e-06, -1.0, 0.37472, -0.0, 1.0, 1e-06, -0.0, 0.0, 0.0, 0.0, 1.0],
                [1.0, 0.0, -0.0, -0.0, -0.0, 1e-06, -1.0, 0.37472, -0.0, 1.0, 1e-06, -0.0, 0.0, 0.0, 0.0, 1.0]
            ]
        },
        {
            "name": "Torso",
            "time": [0.0, 0.1667, 0.4167],
            "transform": [
                [0.99978, -0.020591, -0.003982, 0.0, 0.020971, 0.979759, 0.19908, 0.05, -0.000198, -0.19912, 0.979975, 0.0, 0.0, 0.0, 0.0, 1.0],
                [0.99978, -0.020941, 0.001141, 0.0, 0.020971, 0.998767, -0.044987, 0.05, -0.000198, 0.045002, 0.998987, 0.0, 0.0, 0.0, 0.0, 1.0],
                [0.99978, -0.020591, -0.003982, 0.0, 0.020971, 0.979759, 0.19908, 0.05, -0.000198, -0.19912, 0.979975, 0.0, 0.0, 0.0, 0.0, 1.0]
            ]
        },
        {
            "name": "Chest",
            "time": [0.0, 0.1667, 0.4167],
            "transform": [
                [0.999771, -0.019931, -0.007826, -0.0, 0.021411, 0.927054, 0.374315, 0.3, -0.000206, -0.374397, 0.927269, -0.0, 0.0, 0.0, 0.0, 1.0],
                [0.999771, -0.021382, -0.001143, -0.0, 0.021411, 0.997785, 0.062979, 0.3, -0.000206, -0.062989, 0.998014, -0.0, 0.0, 0.0, 0.0, 1.0],
                [0.999771, -0.019931, -0.007826, -0.0, 0.021411, 0.927054, 0.374315, 0.3, -0.000206, -0.374397, 0.927269, 0.0, 0.0, 0.0, 0.0, 1.0]
            ]
        },
        {
            "name": "Head",
            "time": [0.0, 0.1667, 0.4167],
            "transform": [
                [0.997759, 0.058739, 0.032035, -0.0, -0.03487, 0.865155, -0.500291, 0.4, -0.057102, 0.498053, 0.865265, -0.0, 0.0, 0.0, 0.0, 1.0],
                [0.997759, 0.032532, 0.058466, 0.0, -0.03487, 0.998614, 0.039427, 0.4, -0.057102, -0.041378, 0.997511, 0.0, 0.0, 0.0, 0.0, 1.0],
                [0.997759, 0.058739, 0.032035, 0.0, -0.03487, 0.865155, -0.500291, 0.4, -0.057102, 0.498053, 0.865265, -0.0, 0.0, 0.0, 0.0, 1.0]
            ]
        },
        {
            "name": "Shoulder_R",
            "time": [0.0, 0.1667, 0.4167],
            "transform": [
                [0.387479, 0.764038, 0.515853, -0.0, -0.099837, -0.521498, 0.847391, 0.4, 0.916456, -0.379848, -0.125791, -0.0, 0.0, 0.0, 0.0, 1.0],
                [0.414698, 0.732236, 0.540237, 0.0, -0.472338, -0.334228, 0.815591, 0.4, 0.777767, -0.593399, 0.207259, 0.0, 0.0, 0.0, 0.0, 1.0],
                [0.387479, 0.764038, 0.515853, 0.0, -0.099837, -0.521498, 0.847391, 0.4, 0.916456, -0.379848, -0.125791, -0.0, 0.0, 0.0, 0.0, 1.0]
            ]
        },
        {
            "name": "Arm_R",
            "time": [0.0, 0.1667, 0.4167],
            "transform": [
                [0.535811, -0.499695, -0.680597, 0.0, 0.031565, 0.817363, -0.575258, 0.393861, 0.843748, 0.286746, 0.453725, 0.0, 0.0, 0.0, 0.0, 1.0],
                [0.270554, -0.638048, -0.720899, 0.0, 0.513627, 0.729014, -0.452466, 0.393861, 0.814241, -0.247856, 0.524956, -0.0, 0.0, 0.0, 0.0, 1.0],
                [0.535811, -0.499695, -0.680597, -0.0, 0.031565, 0.817363, -0.575258, 0.393861, 0.843748, 0.286746, 0.453725, -0.0, 0.0, 0.0, 0.0, 1.0]
            ]
        },
        {
            "name": "Hand_R",
            "time": [0.0, 0.1667, 0.4167],
            "transform": [
                [0.998616, -0.001396, 0.052571, 0.0, 0.043571, 0.58172, -0.812221, 0.3, -0.029448, 0.813388, 0.580976, 0.0, 0.0, 0.0, 0.0, 1.0],
                [0.998616, 0.021191, 0.048131, 0.0, 0.043571, 0.179094, -0.982867, 0.3, -0.029448, 0.983604, 0.177923, -0.0, 0.0, 0.0, 0.0, 1.0],
                [0.998616, -0.001396, 0.052571, 0.0, 0.043571, 0.58172, -0.812221, 0.3, -0.029448, 0.813388, 0.580976, -0.0, 0.0, 0.0, 0.0, 1.0]
            ]
        },
        {
            "name": "Tool_R",
            "time": [0.0, 0.1667, 0.4167],
            "transform": [
                [0.952601, 0.067496, 0.296641, -0.0, 0.124374, -0.976273, -0.177265, 0.272858, 0.277475, 0.205625, -0.937839, -0.0, 0.0, 0.0, 0.0, 1.0],
                [0.402577, -0.154708, 0.902218, -0.0, 0.215316, -0.941956, -0.257598, 0.272858, 0.889178, 0.297779, -0.345697, 0.0, 0.0, 0.0, 0.0, 1.0],
                [0.952601, 0.067496, 0.296641, 0.0, 0.124374, -0.976273, -0.177265, 0.272858, 0.277475, 0.205625, -0.937839, 0.0, 0.0, 0.0, 0.0, 1.0]
            ]
        },
        {
            "name": "Elbow_R",
            "time": [0.0, 0.4167],
            "transform": [
                [-1.0, 0.0, 0.0, 0.0, 0.0, -0.0, -1.0, 0.3, -0.0, -1.0, 0.0, 0.0, 0.0, 0.0, 0.0, 1.0],
                [-1.0, 0.0, 0.0, 0.0, 0.0, -0.0, -1.0, 0.3, -0.0, -1.0, 0.0, -0.0, 0.0, 0.0, 0.0, 1.0]
            ]
        },
        {
            "name": "Shoulder_L",
            "time": [0.0, 0.1667, 0.4167],
            "transform": [
                [0.088499, -0.949454, -0.301172, -0.0, -0.003902, -0.302687, 0.953082, 0.4, -0.996068, -0.083172, -0.030493, -0.0, 0.0, 0.0, 0.0, 1.0],
                [0.088499, -0.995619, -0.030172, 0.0, -0.003902, -0.030637, 0.999523, 0.4, -0.996069, -0.088339, -0.006597, 0.0, 0.0, 0.0, 0.0, 1.0],
                [0.088499, -0.949454, -0.301172, 0.0, -0.003902, -0.302687, 0.953082, 0.4, -0.996068, -0.083172, -0.030493, -0.0, 0.0, 0.0, 0.0, 1.0]
            ]
        },
        {
            "name": "Arm_L",
            "time": [0.0, 0.1667, 0.4167],
            "transform": [
                [0.159466, 0.920338, -0.357139, 0.0, -0.915361, 0.002364, -0.402627, 0.39386, -0.369709, 0.391117, 0.842819, -0.0, 0.0, 0.0, 0.0, 1.0],
                [0.159467, 0.774798, 0.611766, -0.0, -0.915361, 0.348125, -0.202295, 0.39386, -0.369709, -0.527728, 0.764734, -0.0, 0.0, 0.0, 0.0, 1.0],
                [0.159466, 0.920338, -0.357139, 0.0, -0.915361, 0.002364, -0.402627, 0.39386, -0.369709, 0.391117, 0.842819, -0.0, 0.0, 0.0, 0.0, 1.0]
            ]
        },
        {
            "name": "Hand_L",
            "time": [0.0, 0.1667, 0.4167],
            "transform": [
                [0.99932, -0.025688, 0.026464, -0.0, 0.036869, 0.713885, -0.699292, 0.3, -0.000929, 0.699792, 0.714347, 0.0, 0.0, 0.0, 0.0, 1.0],
                [0.99932, -0.001825, 0.036836, 0.0, 0.036869, 0.074596, -0.996532, 0.3, -0.000929, 0.997212, 0.074613, 0.0, 0.0, 0.0, 0.0, 1.0],
                [0.99932, -0.025688, 0.026464, -0.0, 0.036869, 0.713885, -0.699292, 0.3, -0.000929, 0.699792, 0.714347, 0.0, 0.0, 0.0, 0.0, 1.0]
            ]
        },
        {
            "name": "Tool_L",
            "time": [0.0, 0.4167],
            "transform": [
                [1.0, 0.0, 0.0, -0.0, 0.0, -0.999836, 0.018122, 0.272858, 0.0, -0.018122, -0.999247, -0.0, 0.0, 0.0, 0.0, 1.0],
                [1.0, 0.0, 0.0, -0.0, 0.0, -0.999836, 0.018122, 0.272858, 0.0, -0.018122, -0.999247, -0.0, 0.0, 0.0, 0.0, 1.0]
            ]
        },
        {
            "name": "Elbow_L",
            "time": [0.0, 0.4167],
            "transform": [
                [-1.0, 0.0, -0.0, -0.0, 0.0, -0.0, -1.0, 0.3, -0.0, -1.0, -0.0, 0.0, 0.0, 0.0, 0.0, 1.0],
                [-1.0, 0.0, -0.0, -0.0, 0.0, -0.0, -1.0, 0.3, -0.0, -1.0, -0.0, 0.0, 0.0, 0.0, 0.0, 1.0]
            ]
        }
    ]
}