{
    
    "animation": [
        {
            "name": "Root",
            "time": [0.0, 0.3667, 0.4, 0.6667, 1.35],
            "transform": [
                [0.766047, 0.0, 0.642784, -0.057337, 0.642784, 0.0, -0.766047, -0.009743, 0.0, 1.0, 0.0, 0.628643, 0.0, 0.0, 0.0, 1.0],
                [0.595542, 0.0, 0.803324, -0.049398, 0.803324, 0.0, -0.595542, 0.324016, 0.0, 1.0, 0.0, 0.714641, 0.0, 0.0, 0.0, 1.0],
                [0.595542, 0.0, 0.803324, -0.049398, 0.803324, 0.0, -0.595542, 0.324016, 0.0, 1.0, 0.0, 0.714641, 0.0, 0.0, 0.0, 1.0],
                [0.937597, 0.0, -0.347725, -0.030029, -0.347725, 0.0, -0.937597, 1.019152, 0.0, 1.0, 0.0, 0.59497, 0.0, 0.0, 0.0, 1.0],
                [0.999612, 0.0, -0.027852, -0.025855, -0.027852, 0.0, -0.999612, 1.168956, 0.0, 1.0, 0.0, 0.59497, 0.0, 0.0, 0.0, 1.0]
            ]
        },
        {
            "name": "Thigh_R",
            "time": [0.0, 0.3667, 0.4, 0.6667, 1.35],
            "transform": [
                [0.980899, 0.181003, 0.071239, 0.124994, 0.052887, -0.600604, 0.797795, -0.002831, 0.18719, -0.778787, -0.598706, -1.2e-05, 0.0, 0.0, 0.0, 1.0],
                [0.980898, 0.124718, 0.149273, 0.124994, 0.052887, -0.909486, 0.412352, -0.002831, 0.18719, -0.39658, -0.898712, -1.2e-05, 0.0, 0.0, 0.0, 1.0],
                [0.980898, 0.124718, 0.149273, 0.124994, 0.052887, -0.909486, 0.412352, -0.002831, 0.18719, -0.39658, -0.898712, -1.2e-05, 0.0, 0.0, 0.0, 1.0],
                [0.980898, -0.031934, 0.191879, 0.124994, 0.052888, -0.905486, -0.421063, -0.002831, 0.18719, 0.423168, -0.886503, -1.2e-05, 0.0, 0.0, 0.0, 1.0],
                [0.980898, -0.052558, 0.187283, 0.124994, 0.052888, -0.854473, -0.516794, -0.002831, 0.18719, 0.516827, -0.835374, -1.2e-05, 0.0, 0.0, 0.0, 1.0]
            ]
        },
        {
            "name": "Leg_R",
            "time": [0.0, 0.3667, 0.4, 1.35],
            "transform": [
                [1.0, -1e-06, 1e-06, -0.0, -0.0, 0.652302, 0.757959, 0.37472, -2e-06, -0.75796, 0.652301, 0.0, 0.0, 0.0, 0.0, 1.0],
                [1.0, -1e-06, 2e-06, 0.0, -0.0, 0.793878, 0.608077, 0.37472, -2e-06, -0.608078, 0.793877, 0.0, 0.0, 0.0, 0.0, 1.0],
                [1.0, -1e-06, 2e-06, 0.0, -0.0, 0.793878, 0.608077, 0.37472, -2e-06, -0.608078, 0.793877, 0.0, 0.0, 0.0, 0.0, 1.0],
                [1.0, -0.0, 2e-06, 0.0, -0.0, 0.929444, 0.368965, 0.37472, -2e-06, -0.368965, 0.929443, 0.0, 0.0, 0.0, 0.0, 1.0]
            ]
        },
        {
            "name": "Knee_R",
            "time": [0.0, 0.4, 1.35],
            "transform": [
                [1.0, 0.0, -0.0, -0.0, -0.0, 1e-06, -1.0, 0.37472, -0.0, 1.0, 1e-06, 0.0, 0.0, 0.0, 0.0, 1.0],
                [1.0, 0.0, -0.0, 0.0, -0.0, 1e-06, -1.0, 0.37472, -0.0, 1.0, 1e-06, 0.0, 0.0, 0.0, 0.0, 1.0],
                [1.0, 0.0, -0.0, 0.0, -0.0, 1e-06, -1.0, 0.37472, -0.0, 1.0, 1e-06, 0.0, 0.0, 0.0, 0.0, 1.0]
            ]
        },
        {
            "name": "Thigh_L",
            "time": [0.0, 0.3667, 0.4, 0.5833, 0.6667, 1.35],
            "transform": [
                [0.945408, -0.16847, 0.278962, -0.125006, -0.0481, -0.918771, -0.391848, -0.002831, 0.322317, 0.357039, -0.876718, -1.2e-05, 0.0, 0.0, 0.0, 1.0],
                [0.945408, 0.094786, 0.311797, -0.125006, -0.0481, -0.905701, 0.421179, -0.002831, 0.322317, -0.413184, -0.851699, -1.2e-05, 0.0, 0.0, 0.0, 1.0],
                [0.945408, 0.094786, 0.311797, -0.125006, -0.0481, -0.905701, 0.421179, -0.002831, 0.322317, -0.413184, -0.851699, -1.2e-05, 0.0, 0.0, 0.0, 1.0],
                [0.945408, 0.223859, 0.236831, -0.125006, -0.0481, -0.622915, 0.780809, -0.002831, 0.322317, -0.749575, -0.578142, -1.2e-05, 0.0, 0.0, 0.0, 1.0],
                [0.999308, -0.016011, -0.033547, -0.125006, 0.017771, -0.586873, 0.809484, -0.002831, -0.032649, -0.80952, -0.586183, -1.2e-05, 0.0, 0.0, 0.0, 1.0],
                [0.999308, -0.016011, -0.033547, -0.125006, 0.017771, -0.586873, 0.809484, -0.002831, -0.032649, -0.80952, -0.586183, -1.2e-05, 0.0, 0.0, 0.0, 1.0]
            ]
        },
        {
            "name": "Leg_L",
            "time": [0.0, 0.3667, 0.4, 0.5833, 0.6667, 1.35],
            "transform": [
                [1.0, -1e-06, 0.0, -0.0, 0.0, 0.797423, 0.603421, 0.37472, -1e-06, -0.60342, 0.797423, 0.0, 0.0, 0.0, 0.0, 1.0],
                [1.0, -1e-06, -0.0, 0.0, 0.0, -0.124423, 0.99223, 0.37472, -1e-06, -0.992229, -0.124423, 0.0, 0.0, 0.0, 0.0, 1.0],
                [1.0, -1e-06, -0.0, 0.0, 0.0, -0.124423, 0.99223, 0.37472, -1e-06, -0.992229, -0.124423, 0.0, 0.0, 0.0, 0.0, 1.0],
                [1.0, -0.0, -0.0, -0.0, 0.0, -0.024654, 0.999697, 0.37472, -1e-06, -0.999696, -0.024654, 0.0, 0.0, 0.0, 0.0, 1.0],
                [1.0, -1e-06, 0.0, 0.0, 0.0, 0.810551, 0.585668, 0.37472, -1e-06, -0.585668, 0.810552, -0.0, 0.0, 0.0, 0.0, 1.0],
                [1.0, -1e-06, 0.0, -0.0, 0.0, 0.657988, 0.753029, 0.37472, -1e-06, -0.753028, 0.657988, -0.0, 0.0, 0.0, 0.0, 1.0]
            ]
        },
        {
            "name": "Knee_L",
            "time": [0.0, 0.3667, 0.4, 1.35],
            "transform": [
                [1.0, 0.0, -0.0, -0.0, -0.0, 1e-06, -1.0, 0.37472, -0.0, 1.0, 1e-06, 0.0, 0.0, 0.0, 0.0, 1.0],
                [1.0, 0.0, -0.0, 0.0, -0.0, 0.457279, -0.889323, 0.37472, -0.0, 0.889323, 0.457279, 0.0, 0.0, 0.0, 0.0, 1.0],
                [1.0, 0.0, -0.0, 0.0, -0.0, 0.457279, -0.889323, 0.37472, -0.0, 0.889323, 0.457279, 0.0, 0.0, 0.0, 0.0, 1.0],
                [1.0, 0.0, -0.0, -0.0, -0.0, 0.457279, -0.889323, 0.37472, -0.0, 0.889323, 0.457279, -0.0, 0.0, 0.0, 0.0, 1.0]
            ]
        },
        {
            "name": "Torso",
            "time": [0.0, 0.3667, 0.4, 0.6667, 1.35],
            "transform": [
                [0.924505, -0.087417, 0.371011, -0.0, -0.00972, 0.967623, 0.252211, 0.05, -0.381046, -0.236777, 0.893723, -0.0, 0.0, 0.0, 0.0, 1.0],
                [0.992888, -0.110373, 0.044624, 0.0, 0.065348, 0.818573, 0.570673, 0.05, -0.099515, -0.563698, 0.819964, 0.0, 0.0, 0.0, 0.0, 1.0],
                [0.991388, 0.10011, -0.084422, 0.0, -0.047468, 0.87554, 0.480809, 0.05, 0.122048, -0.472661, 0.872752, 0.0, 0.0, 0.0, 0.0, 1.0],
                [0.937344, 0.016193, -0.348027, -0.0, 0.07893, 0.963078, 0.257394, 0.05, 0.339345, -0.268737, 0.901457, -0.0, 0.0, 0.0, 0.0, 1.0],
                [0.841411, 0.016193, -0.540153, 0.0, 0.132072, 0.963078, 0.234603, 0.05, 0.524008, -0.268737, 0.808205, -0.0, 0.0, 0.0, 0.0, 1.0]
            ]
        },
        {
            "name": "Chest",
            "time": [0.0, 0.4, 0.6667, 1.35],
            "transform": [
                [0.393854, -0.056495, 0.917435, 0.0, -0.286906, 0.940686, 0.181095, 0.3, -0.873249, -0.334543, 0.354284, 0.0, 0.0, 0.0, 0.0, 1.0],
                [0.318788, -0.071675, 0.945112, 0.0, -0.049207, 0.994541, 0.092021, 0.3, -0.946548, -0.075841, 0.313521, 0.0, 0.0, 0.0, 0.0, 1.0],
                [0.629892, 0.113792, -0.768302, -0.0, 0.080945, 0.974204, 0.21065, 0.3, 0.772453, -0.194877, 0.604433, 0.0, 0.0, 0.0, 0.0, 1.0],
                [0.563083, 0.106783, -0.819473, -0.0, 0.367538, 0.855789, 0.364061, 0.3, 0.740171, -0.506184, 0.442634, 0.0, 0.0, 0.0, 0.0, 1.0]
            ]
        },
        {
            "name": "Head",
            "time": [0.0, 0.3667, 0.4, 0.6667, 1.35],
            "transform": [
                [-0.12222, -0.374525, -0.919126, 0.0, -0.272589, 0.903124, -0.331757, 0.4, 0.954336, 0.209997, -0.212471, 0.0, 0.0, 0.0, 0.0, 1.0],
                [0.021321, -0.559413, -0.828615, 0.0, -0.273008, 0.794046, -0.5431, 0.4, 0.961776, 0.237798, -0.135794, 0.0, 0.0, 0.0, 0.0, 1.0],
                [0.155828, -0.488968, -0.858271, -0.0, -0.014533, 0.867656, -0.496953, 0.4, 0.987677, 0.089913, 0.128099, -0.0, 0.0, 0.0, 0.0, 1.0],
                [0.518726, 0.057834, 0.852982, -0.0, 0.251566, 0.943214, -0.216938, 0.4, -0.817091, 0.327112, 0.47472, -0.0, 0.0, 0.0, 0.0, 1.0],
                [0.339769, 0.398586, 0.851872, -0.0, 0.246916, 0.836182, -0.489727, 0.4, -0.907519, 0.376734, 0.185691, -0.0, 0.0, 0.0, 0.0, 1.0]
            ]
        },
        {
            "name": "Shoulder_R",
            "time": [0.0, 0.4, 0.6667, 1.35],
            "transform": [
                [0.343251, 0.889561, 0.301428, 0.0, -0.085383, -0.290044, 0.953197, 0.4, 0.935354, -0.352923, -0.023605, 0.0, 0.0, 0.0, 0.0, 1.0],
                [0.343251, 0.889561, 0.301428, -0.0, -0.085383, -0.290044, 0.953197, 0.4, 0.935355, -0.352923, -0.023605, -0.0, 0.0, 0.0, 0.0, 1.0],
                [0.662258, 0.68597, 0.301428, -0.0, -0.191486, -0.233985, 0.953197, 0.4, 0.724394, -0.688981, -0.023605, -0.0, 0.0, 0.0, 0.0, 1.0],
                [0.508537, 0.806555, 0.301428, -0.0, -0.139774, -0.268103, 0.953197, 0.4, 0.849619, -0.526867, -0.023605, -0.0, 0.0, 0.0, 0.0, 1.0]
            ]
        },
        {
            "name": "Arm_R",
            "time": [0.0, 0.3667, 0.4, 0.6667, 1.35],
            "transform": [
                [0.498419, -0.701927, -0.508799, -0.0, 0.794583, 0.13515, 0.591923, 0.393861, -0.346722, -0.699309, 0.6251, -0.0, 0.0, 0.0, 0.0, 1.0],
                [-0.298408, -0.951806, -0.070831, 0.0, -0.837329, 0.296689, -0.459189, 0.39386, 0.458074, -0.077717, -0.88551, 0.0, 0.0, 0.0, 0.0, 1.0],
                [-0.298408, -0.954251, -0.018924, 0.0, -0.83733, 0.271258, -0.474656, 0.39386, 0.458074, -0.125795, -0.879968, 0.0, 0.0, 0.0, 0.0, 1.0],
                [0.24405, 0.377829, -0.893132, 0.0, -0.495889, 0.840086, 0.219886, 0.39386, 0.833387, 0.389231, 0.392384, -0.0, 0.0, 0.0, 0.0, 1.0],
                [0.367279, 0.041176, -0.929199, 0.0, 0.535801, 0.807239, 0.247555, 0.393861, 0.760279, -0.588787, 0.27442, -0.0, 0.0, 0.0, 0.0, 1.0]
            ]
        },
        {
            "name": "Hand_R",
            "time": [0.0, 0.4, 0.6667, 1.35],
            "transform": [
                [0.999985, 0.002314, 0.005047, 0.0, -0.00125, 0.979513, -0.201378, 0.3, -0.005409, 0.201369, 0.979501, -0.0, 0.0, 0.0, 0.0, 1.0],
                [0.999985, 0.003247, 0.004503, -0.0, -0.00125, 0.921986, -0.387223, 0.3, -0.005409, 0.387211, 0.921975, -0.0, 0.0, 0.0, 0.0, 1.0],
                [0.999985, 0.0055, 0.000758, -0.0, -0.00125, 0.356062, -0.934462, 0.3, -0.005409, 0.934446, 0.356063, 0.0, 0.0, 0.0, 0.0, 1.0],
                [0.999985, 0.004873, 0.002659, -0.0, -0.00125, 0.664395, -0.747381, 0.3, -0.005409, 0.747366, 0.664391, 0.0, 0.0, 0.0, 0.0, 1.0]
            ]
        },
        {
            "name": "Tool_R",
            "time": [0.0, 0.3667, 0.4, 0.8, 1.35],
            "transform": [
                [0.936848, 0.328491, 0.120037, -0.0, 0.338053, -0.762577, -0.551539, 0.272858, -0.089582, 0.556949, -0.824984, -0.0, 0.0, 0.0, 0.0, 1.0],
                [0.967152, -0.253799, -0.014297, -0.0, -0.122512, -0.416099, -0.901028, 0.272858, 0.222598, 0.872661, -0.433277, -0.0, 0.0, 0.0, 0.0, 1.0],
                [0.967152, -0.253798, -0.014297, -0.0, -0.122512, -0.416099, -0.901028, 0.272858, 0.222598, 0.872661, -0.433277, 0.0, 0.0, 0.0, 0.0, 1.0],
                [0.992636, -0.063477, -0.103168, -0.0, -0.064933, 0.440155, -0.895571, 0.272858, 0.102197, 0.895149, 0.432527, 0.0, 0.0, 0.0, 0.0, 1.0],
                [0.992635, -0.084676, -0.086631, 0.0, -0.064947, 0.231675, -0.970623, 0.272858, 0.102197, 0.96853, 0.224326, -0.0, 0.0, 0.0, 0.0, 1.0]
            ]
        },
        {
            "name": "Elbow_R",
            "time": [0.0, 0.4, 0.6667, 1.35],
            "transform": [
                [-1.0, 0.0, 0.0, 0.0, -0.0, 0.766788, -0.6419, 0.3, -0.0, -0.6419, -0.766788, -0.0, 0.0, 0.0, 0.0, 1.0],
                [-1.0, 0.0, 0.0, -0.0, 0.0, 0.766788, -0.6419, 0.3, -0.0, -0.6419, -0.766788, -0.0, 0.0, 0.0, 0.0, 1.0],
                [-1.0, 0.0, 0.0, -0.0, 0.0, 0.261557, -0.965188, 0.3, -0.0, -0.965188, -0.261557, 0.0, 0.0, 0.0, 0.0, 1.0],
                [-1.0, 0.0, 0.0, -0.0, -0.0, 0.261557, -0.965188, 0.3, -0.0, -0.965188, -0.261557, 0.0, 0.0, 0.0, 0.0, 1.0]
            ]
        },
        {
            "name": "Shoulder_L",
            "time": [0.0, 0.4, 0.6667, 1.35],
            "transform": [
                [0.74901, -0.590151, -0.301172, 0.0, 0.216653, -0.211414, 0.953082, 0.4, -0.626135, -0.779118, -0.030493, 0.0, 0.0, 0.0, 0.0, 1.0],
                [0.74901, -0.590151, -0.301172, -0.0, 0.216653, -0.211414, 0.953082, 0.4, -0.626135, -0.779118, -0.030493, -0.0, 0.0, 0.0, 0.0, 1.0],
                [0.75745, -0.57928, -0.301172, -0.0, 0.219682, -0.208265, 0.953082, 0.4, -0.614825, -0.788074, -0.030493, -0.0, 0.0, 0.0, 0.0, 1.0],
                [0.75745, -0.57928, -0.301172, -0.0, 0.219682, -0.208265, 0.953082, 0.4, -0.614825, -0.788074, -0.030493, -0.0, 0.0, 0.0, 0.0, 1.0]
            ]
        },
        {
            "name": "Arm_L",
            "time": [0.0, 0.3667, 0.4, 0.6667, 1.35],
            "transform": [
                [-0.602521, 0.640282, 0.476453, -0.0, -0.406192, 0.267868, -0.873644, 0.39386, -0.687005, -0.71992, 0.098681, 0.0, 0.0, 0.0, 0.0, 1.0],
                [0.593537, 0.754825, 0.279201, -0.0, -0.264915, -0.144345, 0.953407, 0.39386, 0.759956, -0.639847, 0.11429, -0.0, 0.0, 0.0, 0.0, 1.0],
                [0.593537, 0.754825, 0.279201, 0.0, -0.264915, -0.144345, 0.953407, 0.39386, 0.759956, -0.639847, 0.11429, -0.0, 0.0, 0.0, 0.0, 1.0],
                [-0.12635, 0.943135, 0.30746, 0.0, -0.216153, -0.328672, 0.919376, 0.39386, 0.968149, 0.049704, 0.245389, 0.0, 0.0, 0.0, 0.0, 1.0],
                [0.413892, 0.727122, 0.547711, -0.0, -0.4239, -0.378509, 0.822825, 0.39386, 0.805607, -0.572735, 0.151565, 0.0, 0.0, 0.0, 0.0, 1.0]
            ]
        },
        {
            "name": "Hand_L",
            "time": [0.0, 0.4, 0.6667, 1.35],
            "transform": [
                [0.99932, -0.036711, 0.003543, 0.0, 0.03687, 0.996801, -0.070914, 0.3, -0.000928, 0.070997, 0.997476, -0.0, 0.0, 0.0, 0.0, 1.0],
                [0.99932, -0.032303, 0.017798, -0.0, 0.03687, 0.887128, -0.460048, 0.3, -0.000928, 0.460392, 0.887716, 0.0, 0.0, 0.0, 0.0, 1.0],
                [0.99932, -0.036146, -0.007327, -0.0, 0.03687, 0.974091, 0.223134, 0.3, -0.000928, -0.223252, 0.974761, -0.0, 0.0, 0.0, 0.0, 1.0],
                [0.99932, -0.034613, 0.012735, -0.0, 0.036869, 0.946252, -0.321324, 0.3, -0.000928, 0.321575, 0.946884, 0.0, 0.0, 0.0, 0.0, 1.0]
            ]
        },
        {
            "name": "Tool_L",
            "time": [0.0, 0.4, 1.35],
            "transform": [
                [1.0, 0.0, 0.0, 0.0, 0.0, -0.999836, 0.018122, 0.272858, 0.0, -0.018122, -0.999247, 0.0, 0.0, 0.0, 0.0, 1.0],
                [1.0, -0.0, 0.0, -0.0, -0.0, -0.999836, 0.018122, 0.272858, 0.0, -0.018122, -0.999247, -0.0, 0.0, 0.0, 0.0, 1.0],
                [1.0, 0.0, 0.0, 0.0, 0.0, -0.999836, 0.018122, 0.272858, 0.0, -0.018122, -0.999247, -0.0, 0.0, 0.0, 0.0, 1.0]
            ]
        },
        {
            "name": "Elbow_L",
            "time": [0.0, 0.4, 1.35],
            "transform": [
                [-1.0, 0.0, -0.0, 0.0, 0.0, -0.0, -1.0, 0.3, -0.0, -1.0, -0.0, -0.0, 0.0, 0.0, 0.0, 1.0],
                [-1.0, 0.0, -0.0, -0.0, 0.0, -0.0, -1.0, 0.3, -0.0, -1.0, -0.0, 0.0, 0.0, 0.0, 0.0, 1.0],
                [-1.0, 0.0, -0.0, -0.0, 0.0, -0.0, -1.0, 0.3, -0.0, -1.0, -0.0, 0.0, 0.0, 0.0, 0.0, 1.0]
            ]
        }
    ]
}