{
    
    "animation": [
        {
            "name": "Root",
            "time": [0.0, 0.25, 0.4667, 0.6, 0.7, 1.5167],
            "transform": [
                [0.854689, 0.0, -0.51914, -5e-06, -0.51914, 0.0, -0.854689, 0.000946, 0.0, 1.0, 0.0, 0.711982, 0.0, 0.0, 0.0, 1.0],
                [0.533416, 0.0, -0.845853, -5e-06, -0.845853, 0.0, -0.533416, 0.000946, 0.0, 1.0, 0.0, 0.67498, 0.0, 0.0, 0.0, 1.0],
                [0.539462, 0.0, -0.84201, -5e-06, -0.84201, 0.0, -0.539462, 0.000946, 0.0, 1.0, 0.0, 0.67498, 0.0, 0.0, 0.0, 1.0],
                [0.999739, 0.001734, -0.022765, 0.003663, -0.022831, 0.075944, -0.996851, 0.452651, -0.0, 0.997111, 0.075964, 0.746713, 0.0, 0.0, 0.0, 1.0],
                [0.681494, 0.0, 0.731824, 0.005747, 0.731824, 0.0, -0.681494, 0.754635, 0.0, 1.0, 0.0, 0.67498, 0.0, 0.0, 0.0, 1.0],
                [0.724843, 0.0, 0.688914, -0.016902, 0.688914, 0.0, -0.724843, 0.827604, 0.0, 1.0, 0.0, 0.616935, 0.0, 0.0, 0.0, 1.0]
            ]
        },
        {
            "name": "Thigh_R",
            "time": [0.0, 0.25, 0.4667, 0.55, 0.7, 1.5167],
            "transform": [
                [0.983617, 0.076972, -0.163012, 0.124994, 0.04814, -0.983574, -0.173954, -0.002831, -0.173725, 0.163256, -0.971168, -1.2e-05, 0.0, 0.0, 0.0, 1.0],
                [0.98339, 0.11013, -0.144274, 0.124994, 0.055678, -0.939595, -0.337724, -0.002831, -0.172753, 0.324081, -0.930122, -1.2e-05, 0.0, 0.0, 0.0, 1.0],
                [0.98339, 0.11013, -0.144274, 0.124994, 0.055678, -0.939595, -0.337724, -0.002831, -0.172753, 0.324081, -0.930123, -1.2e-05, 0.0, 0.0, 0.0, 1.0],
                [0.992657, 0.06777, -0.100191, 0.124994, 0.091308, -0.963094, 0.253195, -0.002831, -0.079335, -0.260484, -0.962213, -1.2e-05, 0.0, 0.0, 0.0, 1.0],
                [0.980899, 0.165125, 0.102814, 0.124994, 0.052887, -0.735041, 0.675955, -0.002831, 0.18719, -0.657605, -0.729736, -1.2e-05, 0.0, 0.0, 0.0, 1.0],
                [0.980898, 0.181003, 0.071239, 0.124994, 0.052887, -0.600604, 0.797795, -0.002831, 0.18719, -0.778786, -0.598706, -1.2e-05, 0.0, 0.0, 0.0, 1.0]
            ]
        },
        {
            "name": "Leg_R",
            "time": [0.0, 0.4667, 0.55, 0.7, 1.5167],
            "transform": [
                [1.0, -0.0, 2e-06, -0.0, -0.0, 0.950019, 0.312193, 0.37472, -2e-06, -0.312194, 0.950018, 0.0, 0.0, 0.0, 0.0, 1.0],
                [1.0, -0.0, 2e-06, 0.0, -0.0, 0.950019, 0.312193, 0.37472, -2e-06, -0.312194, 0.950018, 0.0, 0.0, 0.0, 0.0, 1.0],
                [1.0, -2e-06, 1e-06, -0.0, -0.0, 0.435548, 0.900165, 0.37472, -2e-06, -0.900166, 0.435547, 0.0, 0.0, 0.0, 0.0, 1.0],
                [1.0, -1e-06, 2e-06, -0.0, -0.0, 0.850737, 0.525592, 0.37472, -2e-06, -0.525593, 0.850736, -0.0, 0.0, 0.0, 0.0, 1.0],
                [1.0, -1e-06, 1e-06, 0.0, -0.0, 0.652302, 0.757959, 0.37472, -2e-06, -0.75796, 0.652301, 0.0, 0.0, 0.0, 0.0, 1.0]
            ]
        },
        {
            "name": "Knee_R",
            "time": [0.0, 0.4667, 1.5167],
            "transform": [
                [1.0, 0.0, -0.0, -0.0, -0.0, 1e-06, -1.0, 0.37472, -0.0, 1.0, 1e-06, 0.0, 0.0, 0.0, 0.0, 1.0],
                [1.0, 0.0, -0.0, 0.0, -0.0, 1e-06, -1.0, 0.37472, -0.0, 1.0, 1e-06, 0.0, 0.0, 0.0, 0.0, 1.0],
                [1.0, 0.0, -0.0, 0.0, -0.0, 1e-06, -1.0, 0.37472, -0.0, 1.0, 1e-06, 0.0, 0.0, 0.0, 0.0, 1.0]
            ]
        },
        {
            "name": "Thigh_L",
            "time": [0.0, 0.25, 0.4667, 0.7, 1.5167],
            "transform": [
                [0.866588, -0.299712, -0.398994, -0.125006, -0.027838, -0.827342, 0.561008, -0.002831, -0.498245, -0.475056, -0.725309, -1.2e-05, 0.0, 0.0, 0.0, 1.0],
                [0.866588, -0.36208, -0.343397, -0.125006, -0.027838, -0.722146, 0.69118, -0.002831, -0.498245, -0.589409, -0.635884, -1.2e-05, 0.0, 0.0, 0.0, 1.0],
                [0.866588, -0.36208, -0.343397, -0.125006, -0.027838, -0.722146, 0.69118, -0.002831, -0.498245, -0.589409, -0.635884, -1.2e-05, 0.0, 0.0, 0.0, 1.0],
                [0.945408, -0.115351, 0.304788, -0.125006, -0.0481, -0.974409, -0.219575, -0.002831, 0.322317, 0.192929, -0.926763, -1.2e-05, 0.0, 0.0, 0.0, 1.0],
                [0.945408, -0.16847, 0.278962, -0.125006, -0.0481, -0.918771, -0.391848, -0.002831, 0.322317, 0.357039, -0.876718, -1.2e-05, 0.0, 0.0, 0.0, 1.0]
            ]
        },
        {
            "name": "Leg_L",
            "time": [0.0, 0.25, 0.4667, 0.55, 0.7, 1.5167],
            "transform": [
                [1.0, -1e-06, 0.0, -0.0, 0.0, 0.828682, 0.559719, 0.37472, -1e-06, -0.559718, 0.828683, 0.0, 0.0, 0.0, 0.0, 1.0],
                [1.0, -1e-06, 0.0, -0.0, 0.0, 0.735388, 0.677646, 0.37472, -1e-06, -0.677646, 0.735389, 0.0, 0.0, 0.0, 0.0, 1.0],
                [1.0, -1e-06, 0.0, 0.0, 0.0, 0.735388, 0.677646, 0.37472, -1e-06, -0.677646, 0.735389, 0.0, 0.0, 0.0, 0.0, 1.0],
                [1.0, -0.0, 0.0, 0.0, 0.0, 0.955431, 0.295213, 0.37472, -1e-06, -0.295212, 0.955432, 0.0, 0.0, 0.0, 0.0, 1.0],
                [1.0, -1e-06, 0.0, 0.0, 0.0, 0.797423, 0.603421, 0.37472, -1e-06, -0.60342, 0.797423, -0.0, 0.0, 0.0, 0.0, 1.0],
                [1.0, -1e-06, 0.0, -0.0, 0.0, 0.797423, 0.603421, 0.37472, -1e-06, -0.60342, 0.797424, 0.0, 0.0, 0.0, 0.0, 1.0]
            ]
        },
        {
            "name": "Knee_L",
            "time": [0.0, 0.4667, 1.5167],
            "transform": [
                [1.0, 0.0, -0.0, -0.0, -0.0, 1e-06, -1.0, 0.37472, -0.0, 1.0, 1e-06, 0.0, 0.0, 0.0, 0.0, 1.0],
                [1.0, 0.0, -0.0, 0.0, -0.0, 1e-06, -1.0, 0.37472, -0.0, 1.0, 1e-06, 0.0, 0.0, 0.0, 0.0, 1.0],
                [1.0, 0.0, -0.0, -0.0, -0.0, 1e-06, -1.0, 0.37472, -0.0, 1.0, 1e-06, 0.0, 0.0, 0.0, 0.0, 1.0]
            ]
        },
        {
            "name": "Torso",
            "time": [0.0, 0.25, 0.4667, 0.7, 1.5167],
            "transform": [
                [0.972319, -0.087417, -0.21669, -0.0, 0.134581, 0.967623, 0.213525, 0.05, 0.191008, -0.236777, 0.952603, 0.0, 0.0, 0.0, 0.0, 1.0],
                [0.905996, -0.087417, -0.414161, -0.0, 0.176044, 0.967623, 0.180869, 0.05, 0.384941, -0.236777, 0.892052, 0.0, 0.0, 0.0, 0.0, 1.0],
                [0.905996, -0.087417, -0.414161, 0.0, 0.176044, 0.967623, 0.180869, 0.05, 0.384941, -0.236777, 0.892052, 0.0, 0.0, 0.0, 0.0, 1.0],
                [0.924505, -0.087417, 0.37101, -0.0, -0.00972, 0.967623, 0.252211, 0.05, -0.381046, -0.236777, 0.893723, 0.0, 0.0, 0.0, 0.0, 1.0],
                [0.924505, -0.087417, 0.37101, -0.0, -0.00972, 0.967623, 0.252211, 0.05, -0.381046, -0.236777, 0.893723, 0.0, 0.0, 0.0, 0.0, 1.0]
            ]
        },
        {
            "name": "Chest",
            "time": [0.0, 0.25, 0.4667, 0.7, 0.7833, 1.5167],
            "transform": [
                [0.966877, -0.021411, 0.254343, -0.0, 0.01581, 0.999586, 0.024046, 0.3, -0.254753, -0.019228, 0.966815, -0.0, 0.0, 0.0, 0.0, 1.0],
                [0.959292, 0.003852, -0.282392, -0.0, 0.048387, 0.98288, 0.177779, 0.3, 0.278242, -0.184206, 0.942682, -0.0, 0.0, 0.0, 0.0, 1.0],
                [0.959292, 0.056056, -0.276799, -0.0, 0.048387, 0.932989, 0.356638, 0.3, 0.278242, -0.355513, 0.892296, 0.0, 0.0, 0.0, 0.0, 1.0],
                [0.889876, -0.118985, 0.440412, -0.0, 0.019776, 0.974542, 0.22333, 0.3, -0.455773, -0.190027, 0.869575, 0.0, 0.0, 0.0, 0.0, 1.0],
                [0.379677, -0.118985, 0.917436, -0.0, -0.132183, 0.974542, 0.181095, 0.3, -0.915627, -0.190027, 0.354284, -0.0, 0.0, 0.0, 0.0, 1.0],
                [0.393854, -0.056495, 0.917435, -0.0, -0.286906, 0.940686, 0.181095, 0.3, -0.873249, -0.334543, 0.354284, 0.0, 0.0, 0.0, 0.0, 1.0]
            ]
        },
        {
            "name": "Head",
            "time": [0.0, 0.4667, 0.7833, 1.5167],
            "transform": [
                [0.907513, 0.089113, 0.410461, 0.0, 0.018415, 0.967853, -0.250841, 0.4, -0.419619, 0.235201, 0.876699, 0.0, 0.0, 0.0, 0.0, 1.0],
                [0.314285, 0.089113, 0.945137, -0.0, 0.196753, 0.967853, -0.156681, 0.4, -0.928716, 0.235201, 0.286648, -0.0, 0.0, 0.0, 0.0, 1.0],
                [-0.144753, 0.074721, -0.986643, -0.0, -0.319742, 0.940114, 0.118108, 0.4, 0.936382, 0.332568, -0.112193, -0.0, 0.0, 0.0, 0.0, 1.0],
                [-0.164366, -0.374526, -0.912532, -0.0, -0.28756, 0.903124, -0.318869, 0.4, 0.943554, 0.209997, -0.256141, -0.0, 0.0, 0.0, 0.0, 1.0]
            ]
        },
        {
            "name": "Shoulder_R",
            "time": [0.0, 0.25, 0.4667, 0.7833, 1.5167],
            "transform": [
                [0.415433, 0.858229, 0.301428, 0.0, -0.109008, -0.282016, 0.953197, 0.4, 0.903068, -0.428847, -0.023605, 0.0, 0.0, 0.0, 0.0, 1.0],
                [0.246942, 0.920956, 0.301428, 0.0, -0.054131, -0.297465, 0.953197, 0.4, 0.967517, -0.251701, -0.023605, -0.0, 0.0, 0.0, 0.0, 1.0],
                [0.246942, 0.920956, 0.301428, -0.0, -0.054131, -0.297465, 0.953197, 0.4, 0.967517, -0.251701, -0.023605, -0.0, 0.0, 0.0, 0.0, 1.0],
                [0.343251, 0.889561, 0.301428, -0.0, -0.085383, -0.290044, 0.953197, 0.4, 0.935354, -0.352923, -0.023605, -0.0, 0.0, 0.0, 0.0, 1.0],
                [0.343251, 0.889561, 0.301428, -0.0, -0.085383, -0.290044, 0.953197, 0.4, 0.935354, -0.352923, -0.023605, -0.0, 0.0, 0.0, 0.0, 1.0]
            ]
        },
        {
            "name": "Arm_R",
            "time": [0.0, 0.25, 0.4667, 0.6167, 0.7833, 1.5167],
            "transform": [
                [0.302939, -0.691885, -0.65538, -0.0, 0.881693, 0.464498, -0.082822, 0.393861, 0.361726, -0.552754, 0.750744, -0.0, 0.0, 0.0, 0.0, 1.0],
                [0.12731, -0.784033, -0.607523, 0.0, 0.963796, 0.242465, -0.110943, 0.39386, 0.234286, -0.571404, 0.786516, 0.0, 0.0, 0.0, 0.0, 1.0],
                [0.250133, -0.784033, -0.568089, 0.0, 0.965915, 0.242465, 0.090665, 0.39386, 0.066657, -0.571404, 0.817957, -0.0, 0.0, 0.0, 0.0, 1.0],
                [0.616899, -0.784033, -0.06876, -0.0, 0.406348, 0.242465, 0.880961, 0.39386, -0.674031, -0.571404, 0.468166, -0.0, 0.0, 0.0, 0.0, 1.0],
                [0.498419, -0.784033, -0.36996, -0.0, 0.794583, 0.242465, 0.55664, 0.39386, -0.346722, -0.571404, 0.743829, 0.0, 0.0, 0.0, 0.0, 1.0],
                [0.498419, -0.701927, -0.508799, 0.0, 0.794583, 0.13515, 0.591923, 0.393861, -0.346722, -0.699309, 0.6251, -0.0, 0.0, 0.0, 0.0, 1.0]
            ]
        },
        {
            "name": "Hand_R",
            "time": [0.0, 0.4667, 0.6167, 0.7833, 1.5167],
            "transform": [
                [0.999985, 0.005233, -0.001855, -0.0, -0.00125, -0.113273, -0.993563, 0.3, -0.005409, 0.99355, -0.113265, 0.0, 0.0, 0.0, 0.0, 1.0],
                [0.999985, 0.005233, -0.001855, 0.0, -0.00125, -0.113273, -0.993563, 0.3, -0.005409, 0.99355, -0.113265, -0.0, 0.0, 0.0, 0.0, 1.0],
                [0.999984, 0.004054, 0.003793, -0.0, -0.00125, 0.830162, -0.557521, 0.3, -0.005409, 0.557508, 0.830154, -0.0, 0.0, 0.0, 0.0, 1.0],
                [0.999984, 0.002314, 0.005047, 0.0, -0.00125, 0.979513, -0.201378, 0.3, -0.005409, 0.201369, 0.979501, 0.0, 0.0, 0.0, 0.0, 1.0],
                [0.999984, 0.002314, 0.005047, 0.0, -0.00125, 0.979513, -0.201378, 0.3, -0.005409, 0.201369, 0.979501, -0.0, 0.0, 0.0, 0.0, 1.0]
            ]
        },
        {
            "name": "Tool_R",
            "time": [0.0, 0.4667, 0.6167, 1.1333, 1.5167],
            "transform": [
                [1.0, 0.0, 0.0, 0.0, 0.0, -0.999836, 0.018122, 0.272858, 0.0, -0.018122, -0.999244, -0.0, 0.0, 0.0, 0.0, 1.0],
                [0.867058, -0.116222, -0.484461, 0.0, -0.077059, -0.991992, 0.100064, 0.272858, -0.491921, -0.04941, -0.868556, 0.0, 0.0, 0.0, 0.0, 1.0],
                [0.89606, 0.377284, -0.233952, 0.0, 0.383208, -0.923414, -0.021423, 0.272858, -0.22398, -0.070424, -0.971437, -0.0, 0.0, 0.0, 0.0, 1.0],
                [0.919539, 0.366264, 0.142474, -0.0, 0.329215, -0.519909, -0.788233, 0.272858, -0.214497, 0.771253, -0.59831, -0.0, 0.0, 0.0, 0.0, 1.0],
                [0.919539, 0.366264, 0.142474, -0.0, 0.329215, -0.519909, -0.788233, 0.272858, -0.214497, 0.771253, -0.59831, -0.0, 0.0, 0.0, 0.0, 1.0]
            ]
        },
        {
            "name": "Elbow_R",
            "time": [0.0, 0.4667, 1.5167],
            "transform": [
                [-1.0, 0.0, 0.0, -0.0, -0.0, 0.766788, -0.6419, 0.3, -0.0, -0.6419, -0.766788, 0.0, 0.0, 0.0, 0.0, 1.0],
                [-1.0, 0.0, 0.0, 0.0, -0.0, 0.766788, -0.6419, 0.3, -0.0, -0.6419, -0.766788, -0.0, 0.0, 0.0, 0.0, 1.0],
                [-1.0, 0.0, 0.0, 0.0, 0.0, 0.766788, -0.6419, 0.3, -0.0, -0.6419, -0.766788, -0.0, 0.0, 0.0, 0.0, 1.0]
            ]
        },
        {
            "name": "Shoulder_L",
            "time": [0.0, 0.25, 0.4667, 0.7833, 1.5167],
            "transform": [
                [0.688477, -0.659769, -0.301172, 0.0, 0.19521, -0.23136, 0.953082, 0.4, -0.698493, -0.714967, -0.030493, 0.0, 0.0, 0.0, 0.0, 1.0],
                [0.817463, -0.490968, -0.301172, 0.0, 0.241588, -0.1824, 0.953082, 0.4, -0.522866, -0.851869, -0.030493, -0.0, 0.0, 0.0, 0.0, 1.0],
                [0.817463, -0.490968, -0.301172, -0.0, 0.241588, -0.1824, 0.953082, 0.4, -0.522866, -0.851869, -0.030493, -0.0, 0.0, 0.0, 0.0, 1.0],
                [0.74901, -0.590151, -0.301172, -0.0, 0.216653, -0.211414, 0.953082, 0.4, -0.626135, -0.779118, -0.030493, -0.0, 0.0, 0.0, 0.0, 1.0],
                [0.74901, -0.590151, -0.301172, -0.0, 0.216653, -0.211414, 0.953082, 0.4, -0.626135, -0.779118, -0.030493, -0.0, 0.0, 0.0, 0.0, 1.0]
            ]
        },
        {
            "name": "Arm_L",
            "time": [0.0, 0.4667, 0.6167, 0.7833, 1.5167],
            "transform": [
                [-0.357722, 0.93034, 0.08063, -0.0, -0.34914, -0.053164, -0.935561, 0.39386, -0.866104, -0.362822, 0.343837, 0.0, 0.0, 0.0, 0.0, 1.0],
                [-0.357722, 0.919594, 0.162424, -0.0, -0.34914, 0.029613, -0.936603, 0.39386, -0.866104, -0.391752, 0.310473, -0.0, 0.0, 0.0, 0.0, 1.0],
                [-0.642943, 0.723431, 0.251539, -0.0, -0.373453, -0.009373, -0.927602, 0.39386, -0.668698, -0.690333, 0.276194, 0.0, 0.0, 0.0, 0.0, 1.0],
                [-0.602521, 0.708665, 0.3671, -0.0, -0.406192, 0.12365, -0.905383, 0.39386, -0.687006, -0.694625, 0.213352, -0.0, 0.0, 0.0, 0.0, 1.0],
                [-0.602521, 0.640282, 0.476453, 0.0, -0.406192, 0.267868, -0.873644, 0.39386, -0.687006, -0.71992, 0.098681, 0.0, 0.0, 0.0, 0.0, 1.0]
            ]
        },
        {
            "name": "Hand_L",
            "time": [0.0, 0.4667, 0.6167, 0.7833, 1.5167],
            "transform": [
                [0.99932, -0.029243, 0.022473, -0.0, 0.03687, 0.807457, -0.588773, 0.3, -0.000928, 0.589201, 0.807986, -0.0, 0.0, 0.0, 0.0, 1.0],
                [0.99932, -0.026897, 0.025234, 0.0, 0.03687, 0.74579, -0.665161, 0.3, -0.000929, 0.665639, 0.746274, -0.0, 0.0, 0.0, 0.0, 1.0],
                [0.99932, -0.036831, 0.001919, 0.0, 0.03687, 0.99896, -0.026848, 0.3, -0.000928, 0.0269, 0.999638, -0.0, 0.0, 0.0, 0.0, 1.0],
                [0.99932, -0.036711, 0.003543, 0.0, 0.03687, 0.996801, -0.070914, 0.3, -0.000929, 0.070997, 0.997476, -0.0, 0.0, 0.0, 0.0, 1.0],
                [0.99932, -0.036711, 0.003543, -0.0, 0.03687, 0.996801, -0.070914, 0.3, -0.000928, 0.070997, 0.997476, -0.0, 0.0, 0.0, 0.0, 1.0]
            ]
        },
        {
            "name": "Tool_L",
            "time": [0.0, 0.4667, 1.5167],
            "transform": [
                [1.0, 0.0, 0.0, -0.0, 0.0, -0.999836, 0.018122, 0.272858, 0.0, -0.018122, -0.999247, -0.0, 0.0, 0.0, 0.0, 1.0],
                [1.0, 0.0, 0.0, 0.0, 0.0, -0.999836, 0.018122, 0.272858, 0.0, -0.018122, -0.999247, 0.0, 0.0, 0.0, 0.0, 1.0],
                [1.0, 0.0, 0.0, -0.0, 0.0, -0.999836, 0.018122, 0.272858, 0.0, -0.018122, -0.999247, -0.0, 0.0, 0.0, 0.0, 1.0]
            ]
        },
        {
            "name": "Elbow_L",
            "time": [0.0, 0.4667, 1.5167],
            "transform": [
                [-1.0, 0.0, -0.0, -0.0, 0.0, -0.0, -1.0, 0.3, -0.0, -1.0, -0.0, -0.0, 0.0, 0.0, 0.0, 1.0],
                [-1.0, 0.0, -0.0, 0.0, 0.0, -0.0, -1.0, 0.3, -0.0, -1.0, -0.0, -0.0, 0.0, 0.0, 0.0, 1.0],
                [-1.0, 0.0, -0.0, -0.0, 0.0, -0.0, -1.0, 0.3, -0.0, -1.0, -0.0, -0.0, 0.0, 0.0, 0.0, 1.0]
            ]
        }
    ]
}