{
    
    "animation": [
        {
            "name": "Root",
            "time": [0.0, 0.5167, 0.55, 0.5667, 0.6333, 0.7167, 0.8167, 0.9167, 1.45],
            "transform": [
                [0.999612, 0.0, -0.027852, -0.055979, -0.027852, 0.0, -0.999612, 0.087795, 0.0, 1.0, 0.0, 0.641479, 0.0, 0.0, 0.0, 1.0],
                [-0.720427, 0.131717, -0.680908, -0.000313, -0.692922, -0.177817, 0.698741, 0.47313, -0.029041, 0.975209, 0.219374, 0.711987, 0.0, 0.0, 0.0, 1.0],
                [-0.827321, 0.119554, -0.54886, 0.004103, -0.561633, -0.194226, 0.804267, 0.509478, -0.01045, 0.973644, 0.227833, 0.714239, 0.0, 0.0, 0.0, 1.0],
                [-0.874722, 0.111936, -0.471521, 0.005739, -0.484625, -0.202039, 0.851069, 0.526106, 0.0, 0.97296, 0.230975, 0.714316, 0.0, 0.0, 0.0, 1.0],
                [-0.987688, 0.047717, 0.148979, 0.010956, 0.128953, -0.29079, 0.948057, 0.609482, 0.08856, 0.955596, 0.281057, 0.68778, 0.0, 0.0, 0.0, 1.0],
                [0.53499, -0.263107, 0.802845, 0.016216, 0.781643, -0.206523, -0.588543, 0.702127, 0.320656, 0.942403, 0.095168, 0.646931, 0.0, 0.0, 0.0, 1.0],
                [0.791293, -0.134681, -0.59642, 0.021143, -0.59842, 0.029625, -0.800635, 0.789371, 0.125499, 0.990446, -0.057154, 0.608423, 0.0, 0.0, 0.0, 1.0],
                [0.600045, -0.081584, -0.795795, 0.023199, -0.796141, 0.03627, -0.604023, 0.825937, 0.078142, 0.996006, -0.043189, 0.592272, 0.0, 0.0, 0.0, 1.0],
                [0.600045, -0.081584, -0.795795, 0.023199, -0.796141, 0.03627, -0.604023, 0.825937, 0.078142, 0.996006, -0.043189, 0.592272, 0.0, 0.0, 0.0, 1.0]
            ]
        },
        {
            "name": "Thigh_R",
            "time": [0.0, 0.3667, 0.5667, 0.7333, 0.8333, 0.9167, 1.45],
            "transform": [
                [0.980898, -0.01358, 0.194043, 0.124994, 0.052888, -0.94136, -0.333228, -0.002831, 0.18719, 0.337125, -0.922663, -1.2e-05, 0.0, 0.0, 0.0, 1.0],
                [0.980882, 0.061904, 0.184492, 0.124994, 0.044694, -0.994373, 0.096027, -0.002831, 0.189398, -0.085945, -0.978132, -1.2e-05, 0.0, 0.0, 0.0, 1.0],
                [0.980899, 0.034713, 0.191396, 0.124994, 0.052888, -0.994473, -0.09068, -0.002831, 0.18719, 0.09907, -0.977316, -1.2e-05, 0.0, 0.0, 0.0, 1.0],
                [0.882619, 0.430193, 0.189518, 0.124994, 0.445182, -0.894403, -0.043051, -0.002831, 0.150985, 0.122368, -0.980933, -1.2e-05, 0.0, 0.0, 0.0, 1.0],
                [0.955045, 0.286638, 0.075678, 0.124994, 0.253072, -0.921216, 0.295485, -0.002831, 0.154413, -0.263049, -0.952346, -1.2e-05, 0.0, 0.0, 0.0, 1.0],
                [0.980898, -0.026204, 0.192745, 0.124994, 0.052888, -0.917627, -0.393903, -0.002831, 0.18719, 0.396572, -0.898716, -1.2e-05, 0.0, 0.0, 0.0, 1.0],
                [0.998789, -0.047622, -0.012317, 0.124994, -0.047475, -0.86775, -0.494726, -0.002831, 0.012871, 0.494711, -0.868962, -1.2e-05, 0.0, 0.0, 0.0, 1.0]
            ]
        },
        {
            "name": "Leg_R",
            "time": [0.0, 0.3667, 0.5667, 0.65, 0.7333, 0.8333, 0.9167, 1.45],
            "transform": [
                [1.0, -0.0, 2e-06, 0.0, -0.0, 0.929444, 0.368965, 0.37472, -2e-06, -0.368965, 0.929443, -0.0, 0.0, 0.0, 0.0, 1.0],
                [1.0, -1e-06, 2e-06, 0.0, -0.0, 0.739396, 0.673271, 0.37472, -2e-06, -0.673272, 0.739395, 0.0, 0.0, 0.0, 0.0, 1.0],
                [1.0, 0.0, 2e-06, 0.0, -0.0, 0.973731, 0.227703, 0.37472, -2e-06, -0.227703, 0.97373, -0.0, 0.0, 0.0, 0.0, 1.0],
                [1.0, -0.0, 2e-06, 0.0, -0.0, 0.974815, 0.223017, 0.37472, -2e-06, -0.223017, 0.974814, 0.0, 0.0, 0.0, 0.0, 1.0],
                [1.0, -2e-06, 1e-06, 0.0, -0.0, 0.233462, 0.972365, 0.37472, -2e-06, -0.972367, 0.233461, -0.0, 0.0, 0.0, 0.0, 1.0],
                [1.0, -2e-06, 1e-06, -0.0, -0.0, 0.112775, 0.99362, 0.37472, -2e-06, -0.993621, 0.112775, 0.0, 0.0, 0.0, 0.0, 1.0],
                [1.0, -0.0, 2e-06, 0.0, -0.0, 0.923019, 0.384757, 0.37472, -2e-06, -0.384757, 0.923017, 0.0, 0.0, 0.0, 0.0, 1.0],
                [1.0, -0.0, 2e-06, -0.0, -0.0, 0.923019, 0.384757, 0.37472, -2e-06, -0.384757, 0.923017, 0.0, 0.0, 0.0, 0.0, 1.0]
            ]
        },
        {
            "name": "Knee_R",
            "time": [0.0, 0.8333, 1.45],
            "transform": [
                [1.0, 0.0, -0.0, 0.0, -0.0, 1e-06, -1.0, 0.37472, -0.0, 1.0, 1e-06, -0.0, 0.0, 0.0, 0.0, 1.0],
                [1.0, 0.0, -0.0, -0.0, -0.0, 0.48217, -0.876078, 0.37472, -0.0, 0.876078, 0.48217, 0.0, 0.0, 0.0, 0.0, 1.0],
                [1.0, 0.0, -0.0, -0.0, -0.0, 0.48217, -0.876078, 0.37472, -0.0, 0.876078, 0.48217, 0.0, 0.0, 0.0, 0.0, 1.0]
            ]
        },
        {
            "name": "Thigh_L",
            "time": [0.0, 0.5667, 0.6833, 0.7333, 0.9167, 1.45],
            "transform": [
                [0.999308, -0.004493, -0.036899, -0.125006, 0.017771, -0.81413, 0.58041, -0.002831, -0.032648, -0.580664, -0.813488, -1.2e-05, 0.0, 0.0, 0.0, 1.0],
                [0.829815, -0.261344, 0.493057, -0.125006, -0.517113, -0.692247, 0.503376, -0.002831, 0.209763, -0.672676, -0.709582, -1.2e-05, 0.0, 0.0, 0.0, 1.0],
                [0.976626, 0.069284, 0.203472, -0.125006, -0.063898, -0.810246, 0.582596, -0.002831, 0.205227, -0.58198, -0.78688, -1.2e-05, 0.0, 0.0, 0.0, 1.0],
                [0.97076, -0.16209, -0.177064, -0.125006, 0.006466, -0.719686, 0.694269, -0.002831, -0.239964, -0.675114, -0.697595, -1.2e-05, 0.0, 0.0, 0.0, 1.0],
                [0.970993, -0.236972, -0.031859, -0.125006, -0.087436, -0.475925, 0.875128, -0.002831, -0.222543, -0.846959, -0.482841, -1.2e-05, 0.0, 0.0, 0.0, 1.0],
                [0.970993, -0.234123, -0.04855, -0.125006, -0.087436, -0.536669, 0.83925, -0.002831, -0.222543, -0.810662, -0.541574, -1.2e-05, 0.0, 0.0, 0.0, 1.0]
            ]
        },
        {
            "name": "Leg_L",
            "time": [0.0, 0.4167, 0.6833, 0.9167, 1.45],
            "transform": [
                [1.0, -1e-06, 0.0, 0.0, 0.0, 0.657988, 0.753029, 0.37472, -1e-06, -0.753028, 0.657988, 0.0, 0.0, 0.0, 0.0, 1.0],
                [1.0, -1e-06, -0.0, 0.0, 0.0, 0.116154, 0.993231, 0.37472, -1e-06, -0.993231, 0.116154, 0.0, 0.0, 0.0, 0.0, 1.0],
                [1.0, -0.0, 0.0, 0.0, 0.0, 0.868217, 0.496184, 0.37472, -0.0, -0.496183, 0.868218, 0.0, 0.0, 0.0, 0.0, 1.0],
                [1.0, -1e-06, 0.0, 0.0, 0.0, 0.610915, 0.791696, 0.37472, -1e-06, -0.791696, 0.610915, 0.0, 0.0, 0.0, 0.0, 1.0],
                [1.0, -1e-06, 0.0, 0.0, 0.0, 0.610915, 0.791696, 0.37472, -1e-06, -0.791696, 0.610915, 0.0, 0.0, 0.0, 0.0, 1.0]
            ]
        },
        {
            "name": "Knee_L",
            "time": [0.0, 1.45],
            "transform": [
                [1.0, 0.0, -0.0, 0.0, -0.0, 0.457279, -0.889323, 0.37472, -0.0, 0.889323, 0.457279, 0.0, 0.0, 0.0, 0.0, 1.0],
                [1.0, 0.0, -0.0, 0.0, -0.0, 0.457279, -0.889323, 0.37472, -0.0, 0.889323, 0.457279, 0.0, 0.0, 0.0, 0.0, 1.0]
            ]
        },
        {
            "name": "Torso",
            "time": [0.0, 1.45],
            "transform": [
                [0.966673, 0.016193, -0.255503, -0.0, 0.053602, 0.963078, 0.263834, 0.05, 0.250341, -0.268737, 0.930113, 0.0, 0.0, 0.0, 0.0, 1.0],
                [0.957016, 0.098578, -0.27277, 0.0, -0.057274, 0.986181, 0.155455, 0.05, 0.284325, -0.13315, 0.949437, -0.0, 0.0, 0.0, 0.0, 1.0]
            ]
        },
        {
            "name": "Chest",
            "time": [0.0, 0.5667, 0.7, 0.9167, 1.45],
            "transform": [
                [0.703965, 0.106782, -0.702161, 0.0, 0.294449, 0.855789, 0.425352, 0.3, 0.646322, -0.506184, 0.571004, 0.0, 0.0, 0.0, 0.0, 1.0],
                [0.695384, -0.065486, 0.715649, 0.0, -0.066322, 0.985741, 0.154645, 0.3, -0.715572, -0.155001, 0.681126, 0.0, 0.0, 0.0, 0.0, 1.0],
                [0.609025, -0.144155, 0.779941, -0.0, 0.077157, 0.989449, 0.122629, 0.3, -0.789389, -0.014507, 0.613722, 0.0, 0.0, 0.0, 0.0, 1.0],
                [0.732682, 0.208569, -0.647824, 0.0, -0.01409, 0.956327, 0.291957, 0.3, 0.680425, -0.204784, 0.703623, -0.0, 0.0, 0.0, 0.0, 1.0],
                [0.761354, 0.025785, -0.647824, -0.0, 0.216874, 0.931518, 0.291957, 0.3, 0.610988, -0.362779, 0.703623, -0.0, 0.0, 0.0, 0.0, 1.0]
            ]
        },
        {
            "name": "Head",
            "time": [0.0, 0.5667, 0.7333, 0.9167, 1.45],
            "transform": [
                [0.520172, 0.354385, 0.777067, 0.0, 0.227667, 0.819389, -0.526088, 0.4, -0.823158, 0.450569, 0.345542, -0.0, 0.0, 0.0, 0.0, 1.0],
                [0.850327, 0.03439, -0.52513, 0.0, -0.212145, 0.93559, -0.28225, 0.4, 0.4816, 0.351409, 0.802853, -0.0, 0.0, 0.0, 0.0, 1.0],
                [0.748441, 0.03439, -0.662309, 0.0, -0.257126, 0.935591, -0.241985, 0.4, 0.611329, 0.351409, 0.709076, -0.0, 0.0, 0.0, 0.0, 1.0],
                [-0.293818, 0.034389, 0.955243, 0.0, 0.345543, 0.93559, 0.072602, 0.4, -0.891219, 0.351409, -0.286776, -0.0, 0.0, 0.0, 0.0, 1.0],
                [-0.300531, 0.261088, 0.917341, 0.0, 0.459952, 0.882248, -0.100415, 0.4, -0.835539, 0.391755, -0.385231, -0.0, 0.0, 0.0, 0.0, 1.0]
            ]
        },
        {
            "name": "Shoulder_R",
            "time": [0.0, 0.6667, 0.9167, 1.45],
            "transform": [
                [0.508537, 0.806555, 0.301428, 0.0, -0.139774, -0.268103, 0.953197, 0.4, 0.84962, -0.526867, -0.023605, -0.0, 0.0, 0.0, 0.0, 1.0],
                [0.691648, 0.656326, 0.301428, 0.0, -0.201544, -0.225379, 0.953197, 0.4, 0.693543, -0.720028, -0.023605, -0.0, 0.0, 0.0, 0.0, 1.0],
                [0.821299, 0.484364, 0.301428, 0.0, -0.246983, -0.1744, 0.953197, 0.4, 0.514263, -0.857308, -0.023605, -0.0, 0.0, 0.0, 0.0, 1.0],
                [0.8213, 0.484364, 0.301428, 0.0, -0.246983, -0.1744, 0.953197, 0.4, 0.514263, -0.857308, -0.023605, -0.0, 0.0, 0.0, 0.0, 1.0]
            ]
        },
        {
            "name": "Arm_R",
            "time": [0.0, 0.5667, 0.7833, 0.9167, 1.45],
            "transform": [
                [0.367279, 0.041176, -0.929199, -0.0, 0.535801, 0.807239, 0.247555, 0.393861, 0.760279, -0.588787, 0.27442, 0.0, 0.0, 0.0, 0.0, 1.0],
                [-0.182673, -0.70812, -0.682053, 0.0, -0.27227, 0.70303, -0.656977, 0.393861, 0.944722, 0.065691, -0.321224, -0.0, 0.0, 0.0, 0.0, 1.0],
                [0.077891, -0.586304, -0.806337, 0.0, -0.125894, 0.796536, -0.591338, 0.393861, 0.988981, 0.147573, -0.011769, 0.0, 0.0, 0.0, 0.0, 1.0],
                [0.004721, -0.516418, -0.856323, -0.0, 0.259629, 0.8276, -0.497665, 0.39386, 0.965697, -0.219977, 0.137984, 0.0, 0.0, 0.0, 0.0, 1.0],
                [-0.139645, -0.305635, -0.941853, -0.0, 0.480362, 0.810843, -0.334343, 0.393861, 0.865882, -0.499119, 0.033585, -0.0, 0.0, 0.0, 0.0, 1.0]
            ]
        },
        {
            "name": "Hand_R",
            "time": [0.0, 0.5667, 0.9167, 1.45],
            "transform": [
                [0.999985, 0.0055, 0.000757, 0.0, -0.00125, 0.356062, -0.934462, 0.3, -0.005409, 0.934447, 0.356063, -0.0, 0.0, 0.0, 0.0, 1.0],
                [0.999985, 0.004346, 0.003455, -0.0, -0.00125, 0.782679, -0.622425, 0.3, -0.005409, 0.622411, 0.782672, 0.0, 0.0, 0.0, 0.0, 1.0],
                [0.999985, 0.001038, 0.005454, 0.0, -0.00125, 0.999237, 0.039033, 0.3, -0.005409, -0.039039, 0.999223, -0.0, 0.0, 0.0, 0.0, 1.0],
                [0.999985, 0.001038, 0.005454, -0.0, -0.00125, 0.999237, 0.039033, 0.3, -0.005409, -0.039039, 0.999223, 0.0, 0.0, 0.0, 0.0, 1.0]
            ]
        },
        {
            "name": "Tool_R",
            "time": [0.0, 0.5667, 0.6, 0.9167, 1.45],
            "transform": [
                [0.992628, -0.107449, 0.056078, 0.0, -0.065041, -0.862648, -0.501606, 0.272858, 0.102212, 0.493959, -0.862771, 0.0, 0.0, 0.0, 0.0, 1.0],
                [0.977782, -0.175842, -0.11411, -0.0, -0.207842, -0.742449, -0.636845, 0.272858, 0.027244, 0.646022, -0.762056, 0.0, 0.0, 0.0, 0.0, 1.0],
                [0.975724, -0.176502, -0.129655, 0.0, -0.217748, -0.718506, -0.660556, 0.272858, 0.023415, 0.672347, -0.739066, 0.0, 0.0, 0.0, 0.0, 1.0],
                [0.945874, -0.117327, -0.302585, 0.0, -0.3243, -0.306265, -0.895003, 0.272858, 0.012326, 0.944126, -0.327553, -0.0, 0.0, 0.0, 0.0, 1.0],
                [0.825238, 0.025369, -0.564215, 0.0, -0.559251, -0.102792, -0.822601, 0.272858, -0.078825, 0.993789, -0.070607, -0.0, 0.0, 0.0, 0.0, 1.0]
            ]
        },
        {
            "name": "Elbow_R",
            "time": [0.0, 1.45],
            "transform": [
                [-1.0, 0.0, 0.0, 0.0, -0.0, 0.261557, -0.965188, 0.3, -0.0, -0.965188, -0.261557, -0.0, 0.0, 0.0, 0.0, 1.0],
                [-1.0, 0.0, 0.0, -0.0, -0.0, 0.261557, -0.965188, 0.3, -0.0, -0.965188, -0.261557, 0.0, 0.0, 0.0, 0.0, 1.0]
            ]
        },
        {
            "name": "Shoulder_L",
            "time": [0.0, 0.5667, 0.9167, 1.45],
            "transform": [
                [0.75745, -0.57928, -0.301172, 0.0, 0.219682, -0.208265, 0.953082, 0.4, -0.614825, -0.788074, -0.030493, -0.0, 0.0, 0.0, 0.0, 1.0],
                [0.529687, -0.792923, -0.301172, 0.0, 0.140619, -0.268069, 0.953082, 0.4, -0.836456, -0.547185, -0.030493, -0.0, 0.0, 0.0, 0.0, 1.0],
                [0.64715, -0.700352, -0.301172, 0.0, 0.180803, -0.242785, 0.953082, 0.4, -0.740613, -0.67124, -0.030493, -0.0, 0.0, 0.0, 0.0, 1.0],
                [0.64715, -0.700351, -0.301172, 0.0, 0.180803, -0.242785, 0.953082, 0.4, -0.740613, -0.67124, -0.030493, -0.0, 0.0, 0.0, 0.0, 1.0]
            ]
        },
        {
            "name": "Arm_L",
            "time": [0.0, 0.5667, 0.6667, 0.7833, 0.9167, 1.45],
            "transform": [
                [0.413892, 0.727122, 0.547711, 0.0, -0.423899, -0.378509, 0.822825, 0.39386, 0.805607, -0.572735, 0.151565, 0.0, 0.0, 0.0, 0.0, 1.0],
                [0.194102, 0.813841, 0.547711, 0.0, -0.301174, -0.481927, 0.822825, 0.39386, 0.933605, -0.324668, 0.151565, 0.0, 0.0, 0.0, 0.0, 1.0],
                [0.194102, 0.951945, 0.236907, 0.0, -0.301174, -0.172009, 0.937927, 0.39386, 0.933605, -0.253403, 0.253314, -0.0, 0.0, 0.0, 0.0, 1.0],
                [0.097829, 0.995112, -0.013483, 0.0, -0.333072, 0.045505, 0.941803, 0.39386, 0.937812, -0.087645, 0.335896, 0.0, 0.0, 0.0, 0.0, 1.0],
                [0.36601, 0.921312, -0.131229, 0.0, -0.323521, 0.258188, 0.910315, 0.39386, 0.872566, -0.290729, 0.392563, -0.0, 0.0, 0.0, 0.0, 1.0],
                [0.519896, 0.85387, 0.024779, -0.0, -0.27397, 0.139196, 0.951612, 0.39386, 0.809104, -0.501528, 0.306302, 0.0, 0.0, 0.0, 0.0, 1.0]
            ]
        },
        {
            "name": "Hand_L",
            "time": [0.0, 0.9167, 1.45],
            "transform": [
                [0.99932, -0.034613, 0.012735, -0.0, 0.036869, 0.946252, -0.321324, 0.3, -0.000928, 0.321575, 0.946884, 0.0, 0.0, 0.0, 0.0, 1.0],
                [0.99932, -0.036867, -0.001027, -0.0, 0.036869, 0.997916, 0.052969, 0.3, -0.000928, -0.052971, 0.998596, 0.0, 0.0, 0.0, 0.0, 1.0],
                [0.99932, -0.036867, -0.001027, -0.0, 0.036869, 0.997916, 0.052969, 0.3, -0.000928, -0.052971, 0.998596, 0.0, 0.0, 0.0, 0.0, 1.0]
            ]
        },
        {
            "name": "Tool_L",
            "time": [0.0, 1.45],
            "transform": [
                [1.0, 0.0, 0.0, -0.0, 0.0, -0.999836, 0.018122, 0.272858, 0.0, -0.018122, -0.999247, -0.0, 0.0, 0.0, 0.0, 1.0],
                [1.0, 0.0, 0.0, 0.0, 0.0, -0.999836, 0.018122, 0.272858, 0.0, -0.018122, -0.999247, 0.0, 0.0, 0.0, 0.0, 1.0]
            ]
        },
        {
            "name": "Elbow_L",
            "time": [0.0, 1.45],
            "transform": [
                [-1.0, 0.0, -0.0, -0.0, 0.0, -0.0, -1.0, 0.3, -0.0, -1.0, -0.0, 0.0, 0.0, 0.0, 0.0, 1.0],
                [-1.0, 0.0, -0.0, -0.0, 0.0, -0.0, -1.0, 0.3, -0.0, -1.0, -0.0, 0.0, 0.0, 0.0, 0.0, 1.0]
            ]
        }
    ]
}