{
    
    "animation": [
        {
            "name": "Root",
            "time": [0.0, 4.4833],
            "transform": [
                [0.855686, -0.000201, -0.517496, -5e-06, -0.51745, 0.012994, -0.855615, 0.000946, 0.006896, 0.999916, 0.011015, 0.481514, 0.0, 0.0, 0.0, 1.0],
                [0.855686, -0.000201, -0.517496, -5e-06, -0.51745, 0.012994, -0.855615, 0.000946, 0.006896, 0.999916, 0.011015, 0.481514, 0.0, 0.0, 0.0, 1.0]
            ]
        },
        {
            "name": "Thigh_R",
            "time": [0.0, 4.4833],
            "transform": [
                [0.924558, 0.076972, -0.373185, 0.124994, 0.009126, -0.983574, -0.180261, -0.002831, -0.380931, 0.163256, -0.910076, -1.2e-05, 0.0, 0.0, 0.0, 1.0],
                [0.924558, 0.076972, -0.373185, 0.124994, 0.009126, -0.983574, -0.180261, -0.002831, -0.380931, 0.163256, -0.910076, -1.2e-05, 0.0, 0.0, 0.0, 1.0]
            ]
        },
        {
            "name": "Leg_R",
            "time": [0.0, 4.4833],
            "transform": [
                [1.0, -2e-06, 0.0, -0.0, 0.0, 0.195665, 0.98067, 0.37472, -2e-06, -0.980672, 0.195664, -0.0, 0.0, 0.0, 0.0, 1.0],
                [1.0, -2e-06, 0.0, -0.0, 0.0, 0.195665, 0.98067, 0.37472, -2e-06, -0.980672, 0.195664, -0.0, 0.0, 0.0, 0.0, 1.0]
            ]
        },
        {
            "name": "Knee_R",
            "time": [0.0, 4.4833],
            "transform": [
                [1.0, 0.0, -0.0, -0.0, -0.0, 0.632157, -0.77484, 0.37472, -0.0, 0.774841, 0.632157, -0.0, 0.0, 0.0, 0.0, 1.0],
                [1.0, 0.0, -0.0, -0.0, -0.0, 0.632157, -0.77484, 0.37472, -0.0, 0.774841, 0.632157, -0.0, 0.0, 0.0, 0.0, 1.0]
            ]
        },
        {
            "name": "Thigh_L",
            "time": [0.0, 4.4833],
            "transform": [
                [0.866588, -0.493164, -0.076241, -0.125006, -0.027839, -0.20032, 0.979335, -0.002831, -0.498245, -0.846558, -0.187324, -1.2e-05, 0.0, 0.0, 0.0, 1.0],
                [0.866588, -0.493164, -0.076241, -0.125006, -0.027839, -0.20032, 0.979335, -0.002831, -0.498245, -0.846558, -0.187324, -1.2e-05, 0.0, 0.0, 0.0, 1.0]
            ]
        },
        {
            "name": "Leg_L",
            "time": [0.0, 4.4833],
            "transform": [
                [1.0, -1e-06, -0.0, 0.0, 1e-06, 0.181469, 0.983397, 0.37472, -1e-06, -0.983396, 0.181469, 0.0, 0.0, 0.0, 0.0, 1.0],
                [1.0, -1e-06, -0.0, 0.0, 1e-06, 0.181469, 0.983397, 0.37472, -1e-06, -0.983396, 0.181469, 0.0, 0.0, 0.0, 0.0, 1.0]
            ]
        },
        {
            "name": "Knee_L",
            "time": [0.0, 4.4833],
            "transform": [
                [1.0, 0.0, -0.0, 0.0, -0.0, 0.459636, -0.888107, 0.37472, -0.0, 0.888107, 0.459636, 0.0, 0.0, 0.0, 0.0, 1.0],
                [1.0, 0.0, -0.0, 0.0, -0.0, 0.459636, -0.888107, 0.37472, -0.0, 0.888107, 0.459636, 0.0, 0.0, 0.0, 0.0, 1.0]
            ]
        },
        {
            "name": "Torso",
            "time": [0.0, 2.05, 4.4833],
            "transform": [
                [0.972319, -0.049529, -0.228349, -0.0, 0.134581, 0.917603, 0.374023, 0.05, 0.191009, -0.394401, 0.898868, -0.0, 0.0, 0.0, 0.0, 1.0],
                [0.970164, -0.073795, -0.230947, -0.0, 0.163184, 0.903245, 0.396888, 0.05, 0.179313, -0.422733, 0.888337, -0.0, 0.0, 0.0, 0.0, 1.0],
                [0.972319, -0.049529, -0.228349, -0.0, 0.134581, 0.917603, 0.374023, 0.05, 0.191009, -0.394401, 0.898868, -0.0, 0.0, 0.0, 0.0, 1.0]
            ]
        },
        {
            "name": "Chest",
            "time": [0.0, 2.05, 4.4833],
            "transform": [
                [0.904077, -0.137743, 0.404565, 0.0, 0.139077, 0.989934, 0.02625, 0.3, -0.404108, 0.032534, 0.914133, -0.0, 0.0, 0.0, 0.0, 1.0],
                [0.899784, -0.169358, 0.402128, 0.0, 0.157332, 0.985533, 0.063023, 0.3, -0.406983, 0.00656, 0.913412, 0.0, 0.0, 0.0, 0.0, 1.0],
                [0.904077, -0.137743, 0.404565, 0.0, 0.139077, 0.989934, 0.02625, 0.3, -0.404108, 0.032534, 0.914133, -0.0, 0.0, 0.0, 0.0, 1.0]
            ]
        },
        {
            "name": "Head",
            "time": [0.0, 2.05, 4.4833],
            "transform": [
                [0.907513, 0.089113, 0.410461, -0.0, 0.018415, 0.967853, -0.250841, 0.4, -0.419619, 0.235201, 0.876698, 0.0, 0.0, 0.0, 0.0, 1.0],
                [0.9234, 0.142596, 0.356369, 0.0, 0.005104, 0.92379, -0.382866, 0.4, -0.383805, 0.355357, 0.8523, -0.0, 0.0, 0.0, 0.0, 1.0],
                [0.907513, 0.089113, 0.410461, -0.0, 0.018415, 0.967853, -0.250841, 0.4, -0.419619, 0.235201, 0.876698, 0.0, 0.0, 0.0, 0.0, 1.0]
            ]
        },
        {
            "name": "Shoulder_R",
            "time": [0.0, 4.4833],
            "transform": [
                [0.415433, 0.858229, 0.301428, -0.0, -0.109008, -0.282016, 0.953197, 0.4, 0.903068, -0.428847, -0.023605, 0.0, 0.0, 0.0, 0.0, 1.0],
                [0.415433, 0.858229, 0.301428, -0.0, -0.109008, -0.282016, 0.953197, 0.4, 0.903068, -0.428847, -0.023605, 0.0, 0.0, 0.0, 0.0, 1.0]
            ]
        },
        {
            "name": "Arm_R",
            "time": [0.0, 4.4833],
            "transform": [
                [0.25084, -0.805954, -0.536206, 0.0, 0.90889, 0.386724, -0.156091, 0.393861, 0.333166, -0.448198, 0.829529, 0.0, 0.0, 0.0, 0.0, 1.0],
                [0.25084, -0.805954, -0.536206, 0.0, 0.90889, 0.386724, -0.156091, 0.393861, 0.333166, -0.448198, 0.829529, 0.0, 0.0, 0.0, 0.0, 1.0]
            ]
        },
        {
            "name": "Hand_R",
            "time": [0.0, 4.4833],
            "transform": [
                [0.999984, 0.005233, -0.001855, 0.0, -0.00125, -0.113273, -0.993563, 0.3, -0.005409, 0.99355, -0.113265, -0.0, 0.0, 0.0, 0.0, 1.0],
                [0.999984, 0.005233, -0.001855, 0.0, -0.00125, -0.113273, -0.993563, 0.3, -0.005409, 0.99355, -0.113265, -0.0, 0.0, 0.0, 0.0, 1.0]
            ]
        },
        {
            "name": "Tool_R",
            "time": [0.0, 4.4833],
            "transform": [
                [1.0, 0.0, 0.0, -0.0, 0.0, -0.999836, 0.018122, 0.272858, 0.0, -0.018122, -0.999244, 0.0, 0.0, 0.0, 0.0, 1.0],
                [1.0, 0.0, 0.0, -0.0, 0.0, -0.999836, 0.018122, 0.272858, 0.0, -0.018122, -0.999244, 0.0, 0.0, 0.0, 0.0, 1.0]
            ]
        },
        {
            "name": "Elbow_R",
            "time": [0.0, 4.4833],
            "transform": [
                [-1.0, 0.0, 0.0, 0.0, 0.0, 0.766788, -0.6419, 0.3, -0.0, -0.6419, -0.766788, -0.0, 0.0, 0.0, 0.0, 1.0],
                [-1.0, 0.0, 0.0, 0.0, 0.0, 0.766788, -0.6419, 0.3, -0.0, -0.6419, -0.766788, -0.0, 0.0, 0.0, 0.0, 1.0]
            ]
        },
        {
            "name": "Shoulder_L",
            "time": [0.0, 4.4833],
            "transform": [
                [0.688477, -0.659769, -0.301172, -0.0, 0.19521, -0.23136, 0.953082, 0.4, -0.698493, -0.714967, -0.030493, 0.0, 0.0, 0.0, 0.0, 1.0],
                [0.688477, -0.659769, -0.301172, -0.0, 0.19521, -0.23136, 0.953082, 0.4, -0.698493, -0.714967, -0.030493, 0.0, 0.0, 0.0, 0.0, 1.0]
            ]
        },
        {
            "name": "Arm_L",
            "time": [0.0, 2.05, 4.4833],
            "transform": [
                [-0.23547, 0.970201, -0.057135, -0.0, -0.353074, -0.140167, -0.925036, 0.39386, -0.905479, -0.197645, 0.375558, 0.0, 0.0, 0.0, 0.0, 1.0],
                [-0.23547, 0.971199, 0.036418, 0.0, -0.353074, -0.050572, -0.934228, 0.39386, -0.905479, -0.23284, 0.354814, -0.0, 0.0, 0.0, 0.0, 1.0],
                [-0.23547, 0.970201, -0.057135, -0.0, -0.353074, -0.140167, -0.925036, 0.39386, -0.905479, -0.197645, 0.375558, 0.0, 0.0, 0.0, 0.0, 1.0]
            ]
        },
        {
            "name": "Hand_L",
            "time": [0.0, 2.05, 4.4833],
            "transform": [
                [0.99932, -0.029243, 0.022473, -0.0, 0.03687, 0.807457, -0.588773, 0.3, -0.000929, 0.589201, 0.807986, 0.0, 0.0, 0.0, 0.0, 1.0],
                [0.99932, -0.024747, 0.027346, 0.0, 0.03687, 0.688981, -0.723841, 0.3, -0.000928, 0.724357, 0.689425, 0.0, 0.0, 0.0, 0.0, 1.0],
                [0.99932, -0.029243, 0.022473, -0.0, 0.03687, 0.807457, -0.588773, 0.3, -0.000929, 0.589201, 0.807986, 0.0, 0.0, 0.0, 0.0, 1.0]
            ]
        },
        {
            "name": "Tool_L",
            "time": [0.0, 4.4833],
            "transform": [
                [1.0, 0.0, 0.0, 0.0, 0.0, -0.999836, 0.018122, 0.272858, 0.0, -0.018122, -0.999247, -0.0, 0.0, 0.0, 0.0, 1.0],
                [1.0, 0.0, 0.0, 0.0, 0.0, -0.999836, 0.018122, 0.272858, 0.0, -0.018122, -0.999247, -0.0, 0.0, 0.0, 0.0, 1.0]
            ]
        },
        {
            "name": "Elbow_L",
            "time": [0.0, 4.4833],
            "transform": [
                [-1.0, 0.0, -0.0, -0.0, 0.0, -0.0, -1.0, 0.3, -0.0, -1.0, 0.0, 0.0, 0.0, 0.0, 0.0, 1.0],
                [-1.0, 0.0, -0.0, -0.0, 0.0, -0.0, -1.0, 0.3, -0.0, -1.0, 0.0, 0.0, 0.0, 0.0, 0.0, 1.0]
            ]
        }
    ]
}