{
    
    "animation": [
        {
            "name": "Root",
            "time": [0.0, 0.25, 0.3167, 0.7, 1.0, 1.35, 2.0],
            "transform": [
                [0.999998, 0.0, -0.002114, -5e-06, -0.002114, 0.0, -0.999998, 0.000946, 0.0, 1.0, 0.0, 0.781596, 0.0, 0.0, 0.0, 1.0],
                [0.999998, 0.0, -0.002114, 0.001046, -0.002114, 0.0, -0.999998, 0.497875, 0.0, 1.0, 0.0, 0.586008, 0.0, 0.0, 0.0, 1.0],
                [0.999998, 0.000127, -0.00211, 0.001046, -0.002114, 0.060311, -0.998177, 0.497875, -0.0, 0.99818, 0.060311, 0.586008, 0.0, 0.0, 0.0, 1.0],
                [0.930409, 0.022106, -0.365856, 0.001046, -0.366524, 0.056114, -0.928715, 0.497875, -0.0, 0.99818, 0.060311, 0.586008, 0.0, 0.0, 0.0, 1.0],
                [0.442874, -0.143948, 0.884953, -0.001183, 0.893871, -0.005831, -0.448286, 3.595277, 0.06969, 0.989568, 0.126089, 0.596899, 0.0, 0.0, 0.0, 1.0],
                [0.442874, -0.143948, 0.884953, -0.001183, 0.893871, -0.005831, -0.448286, 3.832346, 0.06969, 0.989568, 0.126089, 0.596899, 0.0, 0.0, 0.0, 1.0],
                [0.442874, -0.143948, 0.884953, -0.001183, 0.893871, -0.005831, -0.448286, 3.98574, 0.06969, 0.989568, 0.126089, 0.596899, 0.0, 0.0, 0.0, 1.0]
            ]
        },
        {
            "name": "Thigh_R",
            "time": [0.0, 0.1833, 0.3167, 0.7, 1.0, 2.0],
            "transform": [
                [0.996813, 0.050887, -0.061425, 0.124994, 0.067919, -0.945289, 0.319081, -0.002831, -0.041828, -0.322235, -0.945735, -1.2e-05, 0.0, 0.0, 0.0, 1.0],
                [0.996813, 0.079758, 0.001088, 0.124994, 0.067919, -0.841537, -0.53591, -0.002831, -0.041827, 0.534275, -0.844275, -1.2e-05, 0.0, 0.0, 0.0, 1.0],
                [0.996813, 0.079244, -0.009107, 0.124994, 0.067919, -0.903088, -0.424046, -0.002831, -0.041827, 0.422076, -0.905595, -1.2e-05, 0.0, 0.0, 0.0, 1.0],
                [0.996813, 0.079244, -0.009107, 0.124994, 0.067919, -0.903088, -0.424046, -0.002831, -0.041827, 0.422076, -0.905595, -1.2e-05, 0.0, 0.0, 0.0, 1.0],
                [0.9197, 0.309083, 0.242113, 0.124994, -0.045569, -0.528456, 0.847736, -0.002831, 0.389967, -0.790694, -0.471938, -1.2e-05, 0.0, 0.0, 0.0, 1.0],
                [0.9197, 0.309083, 0.242113, 0.124994, -0.045569, -0.528456, 0.847736, -0.002831, 0.389967, -0.790694, -0.471938, -1.2e-05, 0.0, 0.0, 0.0, 1.0]
            ]
        },
        {
            "name": "Leg_R",
            "time": [0.0, 0.1833, 0.3167, 0.7, 0.85, 1.0, 2.0],
            "transform": [
                [1.0, -1e-06, 2e-06, -0.0, -0.0, 0.812638, 0.582769, 0.37472, -2e-06, -0.58277, 0.812637, 0.0, 0.0, 0.0, 0.0, 1.0],
                [1.0, -1e-06, 2e-06, 0.0, -0.0, 0.924337, 0.381579, 0.37472, -2e-06, -0.38158, 0.924335, -0.0, 0.0, 0.0, 0.0, 1.0],
                [1.0, -1e-06, 2e-06, 0.0, -0.0, 0.872737, 0.488192, 0.37472, -2e-06, -0.488193, 0.872735, -0.0, 0.0, 0.0, 0.0, 1.0],
                [1.0, -1e-06, 2e-06, -0.0, -0.0, 0.872737, 0.488192, 0.37472, -2e-06, -0.488193, 0.872735, -0.0, 0.0, 0.0, 0.0, 1.0],
                [1.0, -2e-06, 0.0, 0.0, -0.0, 0.11131, 0.993785, 0.37472, -2e-06, -0.993787, 0.111309, -0.0, 0.0, 0.0, 0.0, 1.0],
                [1.0, -1e-06, 1e-06, 0.0, -0.0, 0.701771, 0.712402, 0.37472, -2e-06, -0.712403, 0.701771, 0.0, 0.0, 0.0, 0.0, 1.0],
                [1.0, -2e-06, 1e-06, 0.0, -0.0, 0.31799, 0.948093, 0.37472, -2e-06, -0.948095, 0.31799, 0.0, 0.0, 0.0, 0.0, 1.0]
            ]
        },
        {
            "name": "Knee_R",
            "time": [0.0, 0.25, 0.7, 2.0],
            "transform": [
                [1.0, 0.0, -0.0, -0.0, -0.0, 0.482259, -0.876029, 0.37472, -0.0, 0.876029, 0.482259, 0.0, 0.0, 0.0, 0.0, 1.0],
                [1.0, 0.0, -0.0, -0.0, -0.0, 0.275043, -0.961432, 0.37472, -0.0, 0.961432, 0.275043, 0.0, 0.0, 0.0, 0.0, 1.0],
                [1.0, 0.0, -0.0, -0.0, -0.0, 0.275043, -0.961432, 0.37472, -0.0, 0.961432, 0.275043, -0.0, 0.0, 0.0, 0.0, 1.0],
                [1.0, 0.0, -0.0, 0.0, -0.0, 0.275043, -0.961432, 0.37472, -0.0, 0.961432, 0.275043, 0.0, 0.0, 0.0, 0.0, 1.0]
            ]
        },
        {
            "name": "Thigh_L",
            "time": [0.0, 0.1333, 0.3167, 0.7, 1.0, 2.0],
            "transform": [
                [0.998005, -0.062426, -0.009417, -0.125006, -0.041082, -0.755422, 0.653949, -0.002831, -0.047937, -0.652258, -0.75648, -1.2e-05, 0.0, 0.0, 0.0, 1.0],
                [0.998005, -0.062776, 0.006699, -0.125006, -0.041082, -0.565185, 0.82394, -0.002831, -0.047938, -0.822572, -0.566636, -1.2e-05, 0.0, 0.0, 0.0, 1.0],
                [0.998005, -0.062119, 0.011266, -0.125006, -0.041082, -0.503495, 0.863021, -0.002831, -0.047938, -0.861762, -0.505043, -1.2e-05, 0.0, 0.0, 0.0, 1.0],
                [0.998004, -0.062119, 0.011266, -0.125006, -0.041082, -0.503495, 0.863021, -0.002831, -0.047938, -0.861762, -0.505043, -1.2e-05, 0.0, 0.0, 0.0, 1.0],
                [0.873867, -0.135632, 0.466862, -0.125006, 0.009323, -0.955444, -0.295023, -0.002831, 0.486075, 0.262164, -0.833667, -1.2e-05, 0.0, 0.0, 0.0, 1.0],
                [0.873867, -0.005856, 0.486129, -0.125006, 0.009323, -0.999542, -0.028799, -0.002831, 0.486075, 0.029699, -0.873412, -1.2e-05, 0.0, 0.0, 0.0, 1.0]
            ]
        },
        {
            "name": "Leg_L",
            "time": [0.0, 0.1333, 0.3167, 0.7, 1.0, 2.0],
            "transform": [
                [1.0, -1e-06, -0.0, 0.0, 0.0, -0.222807, 0.974863, 0.37472, -1e-06, -0.974863, -0.222807, 0.0, 0.0, 0.0, 0.0, 1.0],
                [1.0, -0.0, 0.0, -0.0, -0.0, 0.720751, 0.693194, 0.37472, -1e-06, -0.693194, 0.720751, -0.0, 0.0, 0.0, 0.0, 1.0],
                [1.0, -1e-06, 0.0, 0.0, -0.0, 0.527046, 0.849837, 0.37472, -1e-06, -0.849837, 0.527046, -0.0, 0.0, 0.0, 0.0, 1.0],
                [1.0, -1e-06, 0.0, 0.0, -0.0, 0.527046, 0.849837, 0.37472, -1e-06, -0.849837, 0.527046, -0.0, 0.0, 0.0, 0.0, 1.0],
                [0.989688, -0.054145, -0.132614, -0.0, 0.125907, 0.770298, 0.62513, 0.37472, 0.068305, -0.635381, 0.769172, 0.0, 0.0, 0.0, 0.0, 1.0],
                [0.989688, -0.00391, -0.143188, -0.0, 0.125907, 0.50042, 0.856579, 0.37472, 0.068305, -0.865774, 0.495752, 0.0, 0.0, 0.0, 0.0, 1.0]
            ]
        },
        {
            "name": "Knee_L",
            "time": [0.0, 0.25, 0.7, 2.0],
            "transform": [
                [1.0, 0.0, -0.0, 0.0, -0.0, 0.673797, -0.738917, 0.37472, -0.0, 0.738917, 0.673797, 0.0, 0.0, 0.0, 0.0, 1.0],
                [1.0, 0.0, -0.0, 0.0, -0.0, 0.459905, -0.887968, 0.37472, -0.0, 0.887968, 0.459906, -0.0, 0.0, 0.0, 0.0, 1.0],
                [1.0, 0.0, -0.0, 0.0, -0.0, 0.459905, -0.887968, 0.37472, -0.0, 0.887968, 0.459905, -0.0, 0.0, 0.0, 0.0, 1.0],
                [1.0, 0.0, -0.0, -0.0, -0.0, 0.459905, -0.887968, 0.37472, -0.0, 0.887968, 0.459905, 0.0, 0.0, 0.0, 0.0, 1.0]
            ]
        },
        {
            "name": "Torso",
            "time": [0.0, 0.4167, 0.7, 1.0, 2.0],
            "transform": [
                [0.992981, -0.102088, 0.059724, 0.0, 0.06563, 0.895678, 0.439834, 0.05, -0.098396, -0.432828, 0.896091, 0.0, 0.0, 0.0, 0.0, 1.0],
                [0.95007, -0.014029, -0.311721, 0.0, 0.139593, 0.912559, 0.384384, 0.05, 0.279071, -0.408705, 0.868953, 0.0, 0.0, 0.0, 0.0, 1.0],
                [0.964947, -0.009481, -0.262272, 0.0, 0.115413, 0.912858, 0.391624, 0.05, 0.235704, -0.408167, 0.881954, 0.0, 0.0, 0.0, 0.0, 1.0],
                [0.966553, -0.014029, 0.256084, -0.0, -0.092307, 0.912559, 0.398392, 0.05, -0.23928, -0.408705, 0.880741, -0.0, 0.0, 0.0, 0.0, 1.0],
                [0.902127, -0.014029, 0.431243, -0.0, -0.164734, 0.912559, 0.374299, 0.05, -0.398786, -0.408705, 0.820932, 0.0, 0.0, 0.0, 0.0, 1.0]
            ]
        },
        {
            "name": "Chest",
            "time": [0.0, 0.4167, 0.7, 0.8667, 1.0, 2.0],
            "transform": [
                [0.988013, -0.005051, -0.15429, -0.0, 0.024097, 0.992259, 0.121824, 0.3, 0.15248, -0.124082, 0.980487, -0.0, 0.0, 0.0, 0.0, 1.0],
                [0.887432, 0.152825, -0.434867, 0.0, 0.06164, 0.895617, 0.440534, 0.3, 0.456799, -0.417749, 0.785379, -0.0, 0.0, 0.0, 0.0, 1.0],
                [0.796965, 0.200375, -0.569822, -0.0, 0.138268, 0.857806, 0.495027, 0.3, 0.587987, -0.473307, 0.655936, 0.0, 0.0, 0.0, 0.0, 1.0],
                [0.995613, 0.009712, 0.093059, -0.0, -0.016506, 0.997231, 0.072516, 0.3, -0.092097, -0.073734, 0.993016, 0.0, 0.0, 0.0, 0.0, 1.0],
                [0.549971, 0.086616, 0.83068, -0.0, -0.020592, 0.995711, -0.090191, 0.3, -0.83493, 0.032497, 0.549396, 0.0, 0.0, 0.0, 0.0, 1.0],
                [0.624271, -0.072832, 0.777805, 0.0, -0.059367, 0.988342, 0.140195, 0.3, -0.778949, -0.133696, 0.61267, 0.0, 0.0, 0.0, 0.0, 1.0]
            ]
        },
        {
            "name": "Head",
            "time": [0.0, 0.4167, 0.7, 1.0, 2.0],
            "transform": [
                [0.984648, 0.166719, 0.051705, -0.0, -0.120186, 0.862353, -0.491836, 0.4, -0.126586, 0.478071, 0.869152, 0.0, 0.0, 0.0, 0.0, 1.0],
                [0.744003, 0.166719, 0.647042, 0.0, 0.208152, 0.862353, -0.461541, 0.4, -0.634927, 0.478071, 0.606891, -0.0, 0.0, 0.0, 0.0, 1.0],
                [0.568003, 0.166719, 0.805964, 0.0, 0.312327, 0.862353, -0.398496, 0.4, -0.761462, 0.478071, 0.437748, -0.0, 0.0, 0.0, 0.0, 1.0],
                [0.441664, -0.150919, -0.884396, 0.0, -0.204782, 0.942771, -0.263148, 0.4, 0.873497, 0.297332, 0.385483, 0.0, 0.0, 0.0, 0.0, 1.0],
                [0.441664, -0.150919, -0.884396, -0.0, -0.204782, 0.942771, -0.263148, 0.4, 0.873497, 0.297332, 0.385483, 0.0, 0.0, 0.0, 0.0, 1.0]
            ]
        },
        {
            "name": "Shoulder_R",
            "time": [0.0, 0.7, 1.0, 2.0],
            "transform": [
                [0.415433, 0.858229, 0.301428, -0.0, -0.109008, -0.282016, 0.953197, 0.4, 0.903068, -0.428847, -0.023605, 0.0, 0.0, 0.0, 0.0, 1.0],
                [0.415433, 0.858229, 0.301428, 0.0, -0.109008, -0.282016, 0.953197, 0.4, 0.903068, -0.428847, -0.023605, -0.0, 0.0, 0.0, 0.0, 1.0],
                [0.55142, 0.777867, 0.301428, 0.0, -0.154072, -0.260149, 0.953197, 0.4, 0.819876, -0.572054, -0.023605, 0.0, 0.0, 0.0, 0.0, 1.0],
                [0.63854, 0.708102, 0.301428, -0.0, -0.183415, -0.240363, 0.953197, 0.4, 0.747413, -0.663941, -0.023605, 0.0, 0.0, 0.0, 0.0, 1.0]
            ]
        },
        {
            "name": "Arm_R",
            "time": [0.0, 0.55, 0.7, 1.0, 2.0],
            "transform": [
                [0.581988, -0.193547, -0.789829, 0.0, 0.812141, 0.187844, 0.552397, 0.39386, 0.04145, -0.96294, 0.26651, 0.0, 0.0, 0.0, 0.0, 1.0],
                [0.865394, -0.461004, -0.196392, 0.0, 0.38919, 0.371491, 0.842927, 0.39386, -0.315635, -0.805897, 0.500904, 0.0, 0.0, 0.0, 0.0, 1.0],
                [0.905649, -0.375806, -0.196392, -0.0, 0.351734, 0.407134, 0.842927, 0.39386, -0.23682, -0.832473, 0.500904, -0.0, 0.0, 0.0, 0.0, 1.0],
                [-0.478638, -0.831072, -0.28324, 0.0, 0.515971, -0.52725, 0.675115, 0.393861, -0.710408, 0.176993, 0.681171, 0.0, 0.0, 0.0, 0.0, 1.0],
                [0.27487, -0.942877, -0.18823, -0.0, 0.537698, -0.011552, 0.843059, 0.393861, -0.797075, -0.332942, 0.503807, -0.0, 0.0, 0.0, 0.0, 1.0]
            ]
        },
        {
            "name": "Hand_R",
            "time": [0.0, 0.7, 2.0],
            "transform": [
                [0.999985, 0.003177, 0.004553, 0.0, -0.00125, 0.92786, -0.372926, 0.3, -0.005409, 0.372915, 0.92785, -0.0, 0.0, 0.0, 0.0, 1.0],
                [0.999985, 0.003177, 0.004553, -0.0, -0.00125, 0.92786, -0.372926, 0.3, -0.005409, 0.372915, 0.92785, -0.0, 0.0, 0.0, 0.0, 1.0],
                [0.999984, 0.001006, 0.00546, 0.0, -0.00125, 0.998989, 0.044936, 0.3, -0.005409, -0.044942, 0.998975, -0.0, 0.0, 0.0, 0.0, 1.0]
            ]
        },
        {
            "name": "Tool_R",
            "time": [0.0, 0.55, 0.7, 0.8167, 0.8667, 0.9167, 1.35, 2.0],
            "transform": [
                [-0.532766, -0.35714, -0.76721, -0.038891, 0.682342, -0.717539, -0.139814, 0.241265, -0.500267, -0.597641, 0.625599, 0.087277, 0.0, 0.0, 0.0, 1.0],
                [-0.351221, 0.072359, -0.933493, -0.038891, 0.696432, -0.646193, -0.312118, 0.241265, -0.625423, -0.759293, 0.176455, 0.087277, 0.0, 0.0, 0.0, 1.0],
                [-0.351221, 0.072359, -0.933493, -0.038891, 0.696432, -0.646193, -0.312118, 0.241265, -0.625423, -0.759294, 0.176455, 0.087277, 0.0, 0.0, 0.0, 1.0],
                [-0.103863, 0.072435, -0.99195, -0.038891, 0.752708, -0.646184, -0.125999, 0.241265, -0.649717, -0.759293, 0.012583, 0.087277, 0.0, 0.0, 0.0, 1.0],
                [0.654291, 0.383756, -0.65164, -0.038891, 0.65121, -0.723998, 0.227492, 0.241265, -0.384249, -0.572869, -0.723181, 0.087277, 0.0, 0.0, 0.0, 1.0],
                [0.917343, 0.398094, -0.001591, -0.038891, 0.394906, -0.909478, 0.129999, 0.241265, 0.050279, -0.11982, -0.990924, 0.087278, 0.0, 0.0, 0.0, 1.0],
                [0.951073, 0.131811, -0.279439, 0.041734, -0.185, -0.481429, -0.856739, 0.225582, -0.247313, 0.865999, -0.433242, 0.066312, 0.0, 0.0, 0.0, 1.0],
                [0.951073, 0.131811, -0.279439, 0.085989, -0.185, -0.481429, -0.856739, 0.160709, -0.247313, 0.865999, -0.433242, 0.023561, 0.0, 0.0, 0.0, 1.0]
            ]
        },
        {
            "name": "Elbow_R",
            "time": [0.0, 0.7, 2.0],
            "transform": [
                [-1.0, 0.0, 0.0, 0.0, 0.0, 0.766788, -0.6419, 0.3, -0.0, -0.6419, -0.766788, -0.0, 0.0, 0.0, 0.0, 1.0],
                [-1.0, 0.0, 0.0, -0.0, -0.0, 0.766788, -0.6419, 0.3, -0.0, -0.6419, -0.766788, -0.0, 0.0, 0.0, 0.0, 1.0],
                [-1.0, 0.0, 0.0, 0.0, 0.0, 0.766788, -0.6419, 0.3, -0.0, -0.6419, -0.766788, -0.0, 0.0, 0.0, 0.0, 1.0]
            ]
        },
        {
            "name": "Shoulder_L",
            "time": [0.0, 0.55, 0.7, 1.0, 2.0],
            "transform": [
                [0.688477, -0.659769, -0.301172, -0.0, 0.19521, -0.23136, 0.953082, 0.4, -0.698493, -0.714967, -0.030493, 0.0, 0.0, 0.0, 0.0, 1.0],
                [0.688477, -0.590186, -0.421521, -0.0, 0.19521, -0.408955, 0.891431, 0.4, -0.698493, -0.696015, -0.166346, -0.0, 0.0, 0.0, 0.0, 1.0],
                [0.688477, -0.590186, -0.421521, 0.0, 0.19521, -0.408955, 0.891431, 0.4, -0.698493, -0.696015, -0.166346, -0.0, 0.0, 0.0, 0.0, 1.0],
                [0.389696, -0.818814, -0.421521, 0.0, 0.012434, -0.452986, 0.891431, 0.4, -0.92086, -0.352628, -0.166346, 0.0, 0.0, 0.0, 0.0, 1.0],
                [0.389696, -0.818814, -0.421521, -0.0, 0.012433, -0.452986, 0.891431, 0.4, -0.92086, -0.352628, -0.166346, 0.0, 0.0, 0.0, 0.0, 1.0]
            ]
        },
        {
            "name": "Arm_L",
            "time": [0.0, 0.55, 0.7, 1.0, 2.0],
            "transform": [
                [-0.808816, 0.582145, -0.083206, 0.0, 0.150468, 0.068089, -0.986267, 0.39386, -0.568485, -0.810229, -0.142666, -0.0, 0.0, 0.0, 0.0, 1.0],
                [-0.637989, 0.768008, -0.055988, -0.0, 0.17407, 0.07301, -0.982023, 0.39386, -0.750113, -0.636266, -0.180266, 0.0, 0.0, 0.0, 0.0, 1.0],
                [-0.637989, 0.769629, -0.025321, 0.0, 0.174069, 0.112108, -0.978331, 0.39386, -0.750113, -0.628572, -0.205493, -0.0, 0.0, 0.0, 0.0, 1.0],
                [0.663809, 0.680673, 0.309907, 0.0, 0.328589, 0.106807, -0.938415, 0.39386, -0.671854, 0.724759, -0.152762, -0.0, 0.0, 0.0, 0.0, 1.0],
                [0.011714, 0.875403, 0.483252, 0.0, 0.164429, 0.47502, -0.864476, 0.39386, -0.986319, 0.089587, -0.138377, 0.0, 0.0, 0.0, 0.0, 1.0]
            ]
        },
        {
            "name": "Hand_L",
            "time": [0.0, 0.55, 0.7, 2.0],
            "transform": [
                [0.99932, -0.034708, 0.012472, 0.0, 0.03687, 0.94866, -0.314142, 0.3, -0.000928, 0.314388, 0.949294, -0.0, 0.0, 0.0, 0.0, 1.0],
                [0.99932, -0.036652, 0.00411, -0.0, 0.03687, 0.995587, -0.086297, 0.3, -0.000929, 0.08639, 0.996261, -0.0, 0.0, 0.0, 0.0, 1.0],
                [0.99932, -0.03449, 0.013065, -0.0, 0.03687, 0.943139, -0.330348, 0.3, -0.000929, 0.330605, 0.943769, 0.0, 0.0, 0.0, 0.0, 1.0],
                [0.99932, -0.03449, 0.013065, 0.0, 0.03687, 0.943139, -0.330348, 0.3, -0.000928, 0.330605, 0.943769, 0.0, 0.0, 0.0, 0.0, 1.0]
            ]
        },
        {
            "name": "Tool_L",
            "time": [0.0, 0.7, 2.0],
            "transform": [
                [1.0, 0.0, 0.0, 0.0, 0.0, -0.999836, 0.018122, 0.272858, 0.0, -0.018122, -0.999247, -0.0, 0.0, 0.0, 0.0, 1.0],
                [1.0, 0.0, 0.0, -0.0, 0.0, -0.999836, 0.018122, 0.272858, 0.0, -0.018122, -0.999247, 0.0, 0.0, 0.0, 0.0, 1.0],
                [1.0, 0.0, 0.0, 0.0, 0.0, -0.999836, 0.018122, 0.272858, 0.0, -0.018122, -0.999247, 0.0, 0.0, 0.0, 0.0, 1.0]
            ]
        },
        {
            "name": "Elbow_L",
            "time": [0.0, 0.7, 2.0],
            "transform": [
                [-1.0, 0.0, -0.0, 0.0, 0.0, 0.0, -1.0, 0.3, -0.0, -1.0, -0.0, -0.0, 0.0, 0.0, 0.0, 1.0],
                [-1.0, 0.0, -0.0, -0.0, 0.0, 0.0, -1.0, 0.3, -0.0, -1.0, -0.0, 0.0, 0.0, 0.0, 0.0, 1.0],
                [-1.0, 0.0, -0.0, 0.0, 0.0, -0.0, -1.0, 0.3, -0.0, -1.0, -0.0, 0.0, 0.0, 0.0, 0.0, 1.0]
            ]
        }
    ]
}