{
    "animation": [
        {
            "name": "Root",
            "time": [0.0, 0.1167, 0.4167],
            "transform": [
                [0.494395, 0.004385, -0.869226, 0.012069, -0.867826, -0.05448, -0.493873, -0.01165, -0.049521, 0.998505, -0.023129, 0.640396, 0.0, 0.0, 0.0, 1.0],
                [0.488044, 0.0, -0.872819, -5e-06, -0.872819, 0.0, -0.488044, 0.526807, 0.0, 1.0, 0.0, 0.567506, 0.0, 0.0, 0.0, 1.0],
                [0.488044, 0.0, -0.872819, -5e-06, -0.872819, 0.0, -0.488044, 0.073948, 0.0, 1.0, 0.0, 0.651444, 0.0, 0.0, 0.0, 1.0]
            ]
        },
        {
            "name": "Thigh_R",
            "time": [0.0, 0.1167, 0.4167],
            "transform": [
                [0.963762, 0.205057, 0.170625, 0.124994, 0.03155, -0.722745, 0.690393, -0.002831, 0.264889, -0.659989, -0.703026, -1.2e-05, 0.0, 0.0, 0.0, 1.0],
                [0.483659, 0.61779, -0.620006, 0.124994, 0.524989, -0.771563, -0.35927, -0.002831, -0.700328, -0.151731, -0.697508, -1.2e-05, 0.0, 0.0, 0.0, 1.0],
                [0.864262, 0.50303, 0.003151, 0.124994, 0.467494, -0.805484, 0.3642, -0.002831, 0.185742, -0.313291, -0.931316, -1.2e-05, 0.0, 0.0, 0.0, 1.0]
            ]
        },
        {
            "name": "Leg_R",
            "time": [0.0, 0.1167, 0.4167],
            "transform": [
                [1.0, -1e-06, 0.0, -0.0, -0.0, 0.58801, 0.808853, 0.37472, -1e-06, -0.808854, 0.58801, -0.0, 0.0, 0.0, 0.0, 1.0],
                [1.0, -0.0, 1e-06, -0.0, 0.0, 0.884712, 0.466138, 0.37472, -1e-06, -0.466139, 0.884711, 0.0, 0.0, 0.0, 0.0, 1.0],
                [1.0, -0.0, 1e-06, -0.0, 0.0, 0.884712, 0.466138, 0.37472, -1e-06, -0.466139, 0.884711, 0.0, 0.0, 0.0, 0.0, 1.0]
            ]
        },
        {
            "name": "Knee_R",
            "time": [0.0, 0.1167, 0.4167],
            "transform": [
                [1.0, 0.0, -0.0, -0.0, -0.0, 1e-06, -1.0, 0.37472, -0.0, 1.0, 1e-06, -0.0, 0.0, 0.0, 0.0, 1.0],
                [1.0, 0.0, -0.0, -0.0, -0.0, 1e-06, -1.0, 0.37472, -0.0, 1.0, 1e-06, 0.0, 0.0, 0.0, 0.0, 1.0],
                [1.0, 0.0, -0.0, -0.0, -0.0, 1e-06, -1.0, 0.37472, -0.0, 1.0, 1e-06, 0.0, 0.0, 0.0, 0.0, 1.0]
            ]
        },
        {
            "name": "Thigh_L",
            "time": [0.0, 0.1167, 0.4167],
            "transform": [
                [0.483072, -0.555796, -0.676559, -0.125006, -0.013877, -0.777461, 0.628778, -0.002831, -0.87547, -0.294357, -0.383282, -1.2e-05, 0.0, 0.0, 0.0, 1.0],
                [0.295401, -0.791, -0.535777, -0.125006, 0.058469, -0.544785, 0.836534, -0.002831, -0.953582, -0.27844, -0.114681, -1.2e-05, 0.0, 0.0, 0.0, 1.0],
                [0.483072, -0.570445, -0.664254, -0.125006, -0.013877, -0.763537, 0.645614, -0.002831, -0.87547, -0.302661, -0.37676, -1.2e-05, 0.0, 0.0, 0.0, 1.0]
            ]
        },
        {
            "name": "Leg_L",
            "time": [0.0, 0.1167, 0.4167],
            "transform": [
                [1.0, -1e-06, 1e-06, -0.0, 0.0, 0.921816, 0.387628, 0.37472, -1e-06, -0.387628, 0.921816, -0.0, 0.0, 0.0, 0.0, 1.0],
                [1.0, -1e-06, 1e-06, 0.0, 0.0, 0.806844, 0.590764, 0.37472, -1e-06, -0.590764, 0.806845, -0.0, 0.0, 0.0, 0.0, 1.0],
                [1.0, -1e-06, 1e-06, 0.0, 0.0, 0.898013, 0.439969, 0.37472, -1e-06, -0.439969, 0.898013, 0.0, 0.0, 0.0, 0.0, 1.0]
            ]
        },
        {
            "name": "Knee_L",
            "time": [0.0, 0.1167, 0.4167],
            "transform": [
                [1.0, 0.0, -0.0, -0.0, -0.0, 1e-06, -1.0, 0.37472, -0.0, 1.0, 1e-06, -0.0, 0.0, 0.0, 0.0, 1.0],
                [1.0, 0.0, -0.0, 0.0, -0.0, 1e-06, -1.0, 0.37472, -0.0, 1.0, 1e-06, -0.0, 0.0, 0.0, 0.0, 1.0],
                [1.0, 0.0, -0.0, 0.0, -0.0, 1e-06, -1.0, 0.37472, -0.0, 1.0, 1e-06, 0.0, 0.0, 0.0, 0.0, 1.0]
            ]
        },
        {
            "name": "Torso",
            "time": [0.0, 0.1167, 0.4167],
            "transform": [
                [0.99978, -0.020971, -0.000197, 0.0, 0.020971, 0.999603, 0.018833, 0.05, -0.000198, -0.018833, 0.999823, 0.0, 0.0, 0.0, 0.0, 1.0],
                [0.98537, -0.169435, 0.018358, -0.0, 0.167288, 0.982173, 0.085741, 0.05, -0.032558, -0.081415, 0.996148, -0.0, 0.0, 0.0, 0.0, 1.0],
                [0.99978, -0.020971, -0.000197, 0.0, 0.020971, 0.999603, 0.018833, 0.05, -0.000198, -0.018833, 0.999823, -0.0, 0.0, 0.0, 0.0, 1.0]
            ]
        },
        {
            "name": "Chest",
            "time": [0.0, 0.1167, 0.4167],
            "transform": [
                [0.98106, -0.162572, 0.105319, -0.0, 0.13296, 0.960565, 0.244206, 0.3, -0.140867, -0.225577, 0.963987, 0.0, 0.0, 0.0, 0.0, 1.0],
                [0.753704, 0.094373, 0.650404, 0.0, -0.04371, 0.994643, -0.093669, 0.3, -0.655759, 0.042169, 0.753792, 0.0, 0.0, 0.0, 0.0, 1.0],
                [0.745265, -0.0, 0.666768, 0.0, 0.0, 1.0, 0.0, 0.3, -0.666768, 0.0, 0.745265, 0.0, 0.0, 0.0, 0.0, 1.0]
            ]
        },
        {
            "name": "Head",
            "time": [0.0, 0.1167, 0.4167],
            "transform": [
                [0.959708, 0.027992, 0.279602, 0.0, -0.019922, 0.9993, -0.031663, 0.4, -0.280293, 0.024817, 0.959594, 0.0, 0.0, 0.0, 0.0, 1.0],
                [0.959708, 0.027992, 0.279602, -0.0, -0.019922, 0.9993, -0.031663, 0.4, -0.280293, 0.024817, 0.959594, -0.0, 0.0, 0.0, 0.0, 1.0],
                [0.959708, 0.027992, 0.279602, -0.0, -0.019922, 0.9993, -0.031663, 0.4, -0.280293, 0.024817, 0.959594, 0.0, 0.0, 0.0, 0.0, 1.0]
            ]
        },
        {
            "name": "Shoulder_R",
            "time": [0.0, 0.1167, 0.4167],
            "transform": [
                [0.668768, 0.69233, 0.270976, 0.0, -0.116624, -0.262272, 0.957921, 0.4, 0.734267, -0.672229, -0.094657, 0.0, 0.0, 0.0, 0.0, 1.0],
                [0.374211, 0.88687, 0.270976, -0.0, -0.014232, -0.28668, 0.957921, 0.4, 0.927234, -0.362321, -0.094657, -0.0, 0.0, 0.0, 0.0, 1.0],
                [0.374211, 0.88687, 0.270976, -0.0, -0.014232, -0.28668, 0.95792, 0.4, 0.927234, -0.362321, -0.094657, 0.0, 0.0, 0.0, 0.0, 1.0]
            ]
        },
        {
            "name": "Arm_R",
            "time": [0.0, 0.1167, 0.4167],
            "transform": [
                [-0.22609, -0.850439, 0.475012, -0.0, 0.711882, -0.477107, -0.515358, 0.393861, 0.664912, 0.221635, 0.713282, 0.0, 0.0, 0.0, 0.0, 1.0],
                [-0.142864, -0.949142, 0.28057, 0.0, 0.754649, -0.287878, -0.589603, 0.39386, 0.640387, 0.127499, 0.757396, 0.0, 0.0, 0.0, 0.0, 1.0],
                [-0.142864, -0.989647, -0.013744, 0.0, 0.754649, -0.099934, -0.648474, 0.39386, 0.640387, -0.103016, 0.761113, 0.0, 0.0, 0.0, 0.0, 1.0]
            ]
        },
        {
            "name": "Hand_R",
            "time": [0.0, 0.1167, 0.4167],
            "transform": [
                [0.999985, 0.001853, 0.005233, -0.0, -0.00125, 0.993597, -0.112972, 0.3, -0.005409, 0.112964, 0.993585, 0.0, 0.0, 0.0, 0.0, 1.0],
                [0.999985, 0.001821, 0.005244, 0.0, -0.00125, 0.994272, -0.106877, 0.3, -0.005409, 0.106868, 0.994259, 0.0, 0.0, 0.0, 0.0, 1.0],
                [0.999985, 0.003372, 0.00441, 0.0, -0.00125, 0.910784, -0.412882, 0.3, -0.005409, 0.41287, 0.910774, 0.0, 0.0, 0.0, 0.0, 1.0]
            ]
        },
        {
            "name": "Tool_R",
            "time": [0.0, 0.1167, 0.4167],
            "transform": [
                [-0.099599, 0.898687, 0.427132, -0.019932, -0.935232, -0.231116, 0.268191, 0.486403, 0.339526, -0.372538, 0.862991, 0.07927, 0.0, 0.0, 0.0, 1.0],
                [-0.139082, 0.898692, 0.415944, 0.010015, -0.956215, -0.231098, 0.179577, 0.495204, 0.257346, -0.372538, 0.890958, 0.170024, 0.0, 0.0, 0.0, 1.0],
                [-0.16086, 0.898695, 0.40801, -0.003054, -0.964371, -0.231087, 0.128792, 0.384974, 0.209896, -0.372538, 0.903314, 0.277909, 0.0, 0.0, 0.0, 1.0]
            ]
        },
        {
            "name": "Elbow_R",
            "time": [0.0, 0.1167, 0.4167],
            "transform": [
                [-1.0, 0.0, -0.0, -0.0, 0.0, -0.0, -1.0, 0.3, -0.0, -1.0, 0.0, 0.0, 0.0, 0.0, 0.0, 1.0],
                [-1.0, 0.0, -0.0, 0.0, 0.0, -0.0, -1.0, 0.3, -0.0, -1.0, 0.0, 0.0, 0.0, 0.0, 0.0, 1.0],
                [-1.0, 0.0, -0.0, 0.0, 0.0, -0.0, -1.0, 0.3, -0.0, -1.0, 0.0, 0.0, 0.0, 0.0, 0.0, 1.0]
            ]
        },
        {
            "name": "Shoulder_L",
            "time": [0.0, 0.1167, 0.4167],
            "transform": [
                [0.140883, -0.956448, -0.255654, 0.0, 0.153415, -0.23402, 0.960051, 0.4, -0.978067, -0.174477, 0.113764, 0.0, 0.0, 0.0, 0.0, 1.0],
                [0.701954, -0.686588, -0.18936, -0.0, -0.039097, -0.302617, 0.95231, 0.4, -0.711148, -0.661074, -0.239267, -0.0, 0.0, 0.0, 0.0, 1.0],
                [0.591697, -0.783605, -0.18936, -0.0, -0.083795, -0.293401, 0.95231, 0.4, -0.801793, -0.547612, -0.239267, 0.0, 0.0, 0.0, 0.0, 1.0]
            ]
        },
        {
            "name": "Arm_L",
            "time": [0.0, 0.1167, 0.4167],
            "transform": [
                [0.286035, 0.533998, 0.795632, -0.0, 0.92718, 0.055384, -0.370499, 0.39386, -0.241911, 0.843669, -0.479271, 0.0, 0.0, 0.0, 0.0, 1.0],
                [0.042831, 0.427443, 0.903027, 0.0, 0.977026, 0.170954, -0.127261, 0.39386, -0.208773, 0.887731, -0.410301, -0.0, 0.0, 0.0, 0.0, 1.0],
                [0.323718, 0.48567, 0.811992, 0.0, 0.937963, -0.05205, -0.342807, 0.39386, -0.124227, 0.872591, -0.47239, -0.0, 0.0, 0.0, 0.0, 1.0]
            ]
        },
        {
            "name": "Hand_L",
            "time": [0.0, 0.1167, 0.4167],
            "transform": [
                [1.0, 0.0, 0.0, 0.0, -0.0, 0.816807, -0.576911, 0.3, -0.0, 0.576911, 0.816807, -0.0, 0.0, 0.0, 0.0, 1.0],
                [1.0, 0.0, 0.0, -0.0, 0.0, 0.816807, -0.576911, 0.3, -0.0, 0.576911, 0.816807, -0.0, 0.0, 0.0, 0.0, 1.0],
                [1.0, 0.0, 0.0, -0.0, -0.0, 0.816807, -0.576911, 0.3, -0.0, 0.576911, 0.816807, -0.0, 0.0, 0.0, 0.0, 1.0]
            ]
        },
        {
            "name": "Tool_L",
            "time": [0.0, 0.1167, 0.4167],
            "transform": [
                [0.795427, 0.252516, -0.550938, -0.0, 0.473277, -0.826642, 0.30442, 0.272858, -0.378329, -0.502603, -0.776583, -0.0, 0.0, 0.0, 0.0, 1.0],
                [0.795427, 0.252516, -0.550938, -0.0, 0.473277, -0.826642, 0.30442, 0.272858, -0.378329, -0.502603, -0.776583, 0.0, 0.0, 0.0, 0.0, 1.0],
                [0.795427, 0.252516, -0.550938, 0.0, 0.473277, -0.826642, 0.30442, 0.272858, -0.37833, -0.502603, -0.776583, -0.0, 0.0, 0.0, 0.0, 1.0]
            ]
        },
        {
            "name": "Elbow_L",
            "time": [0.0, 0.1167, 0.4167],
            "transform": [
                [-1.0, 0.0, -0.0, 0.0, 0.0, -0.0, -1.0, 0.3, -0.0, -1.0, -0.0, -0.0, 0.0, 0.0, 0.0, 1.0],
                [-1.0, 0.0, -0.0, -0.0, 0.0, -0.0, -1.0, 0.3, -0.0, -1.0, -0.0, -0.0, 0.0, 0.0, 0.0, 1.0],
                [-1.0, 0.0, -0.0, -0.0, 0.0, -0.0, -1.0, 0.3, -0.0, -1.0, -0.0, -0.0, 0.0, 0.0, 0.0, 1.0]
            ]
        }
    ]
}