{
    "animation": [
        {
            "name": "Root",
            "time": [0.0, 1.55, 3.1167],
            "transform": [
                [0.488044, 0.0, -0.872819, -5e-06, -0.872819, 0.0, -0.488044, 0.073948, 0.0, 1.0, 0.0, 0.651444, 0.0, 0.0, 0.0, 1.0],
                [0.488044, 0.0, -0.872819, -5e-06, -0.872819, 0.0, -0.488044, 0.073948, 0.0, 1.0, 0.0, 0.626034, 0.0, 0.0, 0.0, 1.0],
                [0.488044, 0.0, -0.872819, -5e-06, -0.872819, 0.0, -0.488044, 0.073948, 0.0, 1.0, 0.0, 0.651444, 0.0, 0.0, 0.0, 1.0]
            ]
        },
        {
            "name": "Thigh_R",
            "time": [0.0, 1.55, 3.1167],
            "transform": [
                [0.864262, 0.50303, 0.003151, 0.124994, 0.467494, -0.805484, 0.3642, -0.002831, 0.185742, -0.313291, -0.931316, -1.2e-05, 0.0, 0.0, 0.0, 1.0],
                [0.864118, 0.492051, 0.105751, 0.124994, 0.399184, -0.798044, 0.451415, -0.002831, 0.306514, -0.347861, -0.886026, -1.2e-05, 0.0, 0.0, 0.0, 1.0],
                [0.864262, 0.50303, 0.003151, 0.124994, 0.467494, -0.805484, 0.3642, -0.002831, 0.185742, -0.313291, -0.931316, -1.2e-05, 0.0, 0.0, 0.0, 1.0]
            ]
        },
        {
            "name": "Leg_R",
            "time": [0.0, 1.55, 3.1167],
            "transform": [
                [1.0, -0.0, 1e-06, -0.0, 0.0, 0.884712, 0.466138, 0.37472, -1e-06, -0.466139, 0.884711, 0.0, 0.0, 0.0, 0.0, 1.0],
                [1.0, -0.0, 1e-06, 0.0, 0.0, 0.710408, 0.70379, 0.37472, -1e-06, -0.703791, 0.710407, -0.0, 0.0, 0.0, 0.0, 1.0],
                [1.0, -0.0, 1e-06, -0.0, 0.0, 0.884712, 0.466138, 0.37472, -1e-06, -0.466139, 0.884711, 0.0, 0.0, 0.0, 0.0, 1.0]
            ]
        },
        {
            "name": "Knee_R",
            "time": [0.0, 3.1167],
            "transform": [
                [1.0, 0.0, -0.0, -0.0, -0.0, 1e-06, -1.0, 0.37472, -0.0, 1.0, 1e-06, 0.0, 0.0, 0.0, 0.0, 1.0],
                [1.0, 0.0, -0.0, -0.0, -0.0, 1e-06, -1.0, 0.37472, -0.0, 1.0, 1e-06, 0.0, 0.0, 0.0, 0.0, 1.0]
            ]
        },
        {
            "name": "Thigh_L",
            "time": [0.0, 1.55, 3.1167],
            "transform": [
                [0.483072, -0.570445, -0.664254, -0.125006, -0.013877, -0.763537, 0.645614, -0.002831, -0.87547, -0.302661, -0.37676, -1.2e-05, 0.0, 0.0, 0.0, 1.0],
                [0.483072, -0.664088, -0.570639, -0.125006, -0.013876, -0.657451, 0.753369, -0.002831, -0.87547, -0.356013, -0.326812, -1.2e-05, 0.0, 0.0, 0.0, 1.0],
                [0.483072, -0.570445, -0.664254, -0.125006, -0.013877, -0.763537, 0.645614, -0.002831, -0.87547, -0.302661, -0.37676, -1.2e-05, 0.0, 0.0, 0.0, 1.0]
            ]
        },
        {
            "name": "Leg_L",
            "time": [0.0, 1.55, 3.1167],
            "transform": [
                [1.0, -1e-06, 1e-06, 0.0, 0.0, 0.898013, 0.439969, 0.37472, -1e-06, -0.439969, 0.898013, 0.0, 0.0, 0.0, 0.0, 1.0],
                [1.0, -1e-06, 1e-06, 0.0, -0.0, 0.720373, 0.693587, 0.37472, -1e-06, -0.693587, 0.720373, 0.0, 0.0, 0.0, 0.0, 1.0],
                [1.0, -1e-06, 1e-06, 0.0, 0.0, 0.898013, 0.439969, 0.37472, -1e-06, -0.439969, 0.898013, 0.0, 0.0, 0.0, 0.0, 1.0]
            ]
        },
        {
            "name": "Knee_L",
            "time": [0.0, 3.1167],
            "transform": [
                [1.0, 0.0, -0.0, 0.0, -0.0, 1e-06, -1.0, 0.37472, -0.0, 1.0, 1e-06, 0.0, 0.0, 0.0, 0.0, 1.0],
                [1.0, 0.0, -0.0, 0.0, -0.0, 1e-06, -1.0, 0.37472, -0.0, 1.0, 1e-06, 0.0, 0.0, 0.0, 0.0, 1.0]
            ]
        },
        {
            "name": "Torso",
            "time": [0.0, 3.1167],
            "transform": [
                [0.99978, -0.020971, -0.000197, 0.0, 0.020971, 0.999603, 0.018833, 0.05, -0.000198, -0.018833, 0.999823, -0.0, 0.0, 0.0, 0.0, 1.0],
                [0.99978, -0.020971, -0.000197, 0.0, 0.020971, 0.999603, 0.018833, 0.05, -0.000198, -0.018833, 0.999823, -0.0, 0.0, 0.0, 0.0, 1.0]
            ]
        },
        {
            "name": "Chest",
            "time": [0.0, 1.55, 3.1167],
            "transform": [
                [0.745265, -0.0, 0.666768, 0.0, 0.0, 1.0, 0.0, 0.3, -0.666768, 0.0, 0.745265, 0.0, 0.0, 0.0, 0.0, 1.0],
                [0.755429, 0.070822, 0.651392, -0.0, -0.012451, 0.995513, -0.093797, 0.3, -0.655112, 0.062747, 0.752922, 0.0, 0.0, 0.0, 0.0, 1.0],
                [0.745265, -0.0, 0.666768, 0.0, 0.0, 1.0, 0.0, 0.3, -0.666768, 0.0, 0.745265, 0.0, 0.0, 0.0, 0.0, 1.0]
            ]
        },
        {
            "name": "Head",
            "time": [0.0, 3.1167],
            "transform": [
                [0.959708, 0.027992, 0.279602, -0.0, -0.019922, 0.9993, -0.031663, 0.4, -0.280293, 0.024817, 0.959594, 0.0, 0.0, 0.0, 0.0, 1.0],
                [0.959708, 0.027992, 0.279602, -0.0, -0.019922, 0.9993, -0.031663, 0.4, -0.280293, 0.024817, 0.959594, 0.0, 0.0, 0.0, 0.0, 1.0]
            ]
        },
        {
            "name": "Shoulder_R",
            "time": [0.0, 3.1167],
            "transform": [
                [0.374211, 0.88687, 0.270976, -0.0, -0.014232, -0.28668, 0.95792, 0.4, 0.927234, -0.362321, -0.094657, 0.0, 0.0, 0.0, 0.0, 1.0],
                [0.374211, 0.88687, 0.270976, -0.0, -0.014232, -0.28668, 0.95792, 0.4, 0.927234, -0.362321, -0.094657, 0.0, 0.0, 0.0, 0.0, 1.0]
            ]
        },
        {
            "name": "Arm_R",
            "time": [0.0, 1.55, 3.1167],
            "transform": [
                [-0.142864, -0.989647, -0.013744, 0.0, 0.754649, -0.099934, -0.648474, 0.39386, 0.640387, -0.103016, 0.761113, 0.0, 0.0, 0.0, 0.0, 1.0],
                [-0.164976, -0.98512, -0.048189, -0.0, 0.762306, -0.096355, -0.640004, 0.39386, 0.625837, -0.14232, 0.766859, 0.0, 0.0, 0.0, 0.0, 1.0],
                [-0.142864, -0.989647, -0.013744, 0.0, 0.754649, -0.099934, -0.648474, 0.39386, 0.640387, -0.103016, 0.761113, 0.0, 0.0, 0.0, 0.0, 1.0]
            ]
        },
        {
            "name": "Hand_R",
            "time": [0.0, 3.1167],
            "transform": [
                [0.999985, 0.003372, 0.00441, 0.0, -0.00125, 0.910784, -0.412882, 0.3, -0.005409, 0.41287, 0.910774, 0.0, 0.0, 0.0, 0.0, 1.0],
                [0.999985, 0.003372, 0.00441, 0.0, -0.00125, 0.910784, -0.412882, 0.3, -0.005409, 0.41287, 0.910774, 0.0, 0.0, 0.0, 0.0, 1.0]
            ]
        },
        {
            "name": "Tool_R",
            "time": [0.0, 3.1167],
            "transform": [
                [-0.145454, 0.898693, 0.413757, -0.048424, -0.958862, -0.231095, 0.164862, 0.425643, 0.243622, -0.372538, 0.894807, 0.282274, 0.0, 0.0, 0.0, 1.0],
                [-0.145454, 0.898693, 0.413757, -0.048424, -0.958862, -0.231095, 0.164862, 0.425643, 0.243622, -0.372538, 0.894807, 0.282274, 0.0, 0.0, 0.0, 1.0]
            ]
        },
        {
            "name": "Elbow_R",
            "time": [0.0, 3.1167],
            "transform": [
                [-1.0, 0.0, -0.0, 0.0, 0.0, -0.0, -1.0, 0.3, -0.0, -1.0, 0.0, 0.0, 0.0, 0.0, 0.0, 1.0],
                [-1.0, 0.0, -0.0, 0.0, 0.0, -0.0, -1.0, 0.3, -0.0, -1.0, 0.0, 0.0, 0.0, 0.0, 0.0, 1.0]
            ]
        },
        {
            "name": "Shoulder_L",
            "time": [0.0, 1.55, 3.1167],
            "transform": [
                [0.591697, -0.783605, -0.18936, -0.0, -0.083795, -0.293401, 0.95231, 0.4, -0.801793, -0.547612, -0.239267, 0.0, 0.0, 0.0, 0.0, 1.0],
                [0.583285, -0.787126, -0.200527, -0.0, -0.13354, -0.336439, 0.932189, 0.4, -0.801215, -0.516953, -0.301353, -0.0, 0.0, 0.0, 0.0, 1.0],
                [0.591697, -0.783605, -0.18936, -0.0, -0.083795, -0.293401, 0.95231, 0.4, -0.801793, -0.547612, -0.239267, 0.0, 0.0, 0.0, 0.0, 1.0]
            ]
        },
        {
            "name": "Arm_L",
            "time": [0.0, 3.1167],
            "transform": [
                [0.323718, 0.48567, 0.811992, 0.0, 0.937963, -0.05205, -0.342807, 0.39386, -0.124227, 0.872591, -0.47239, -0.0, 0.0, 0.0, 0.0, 1.0],
                [0.323718, 0.48567, 0.811992, 0.0, 0.937963, -0.05205, -0.342807, 0.39386, -0.124227, 0.872591, -0.47239, -0.0, 0.0, 0.0, 0.0, 1.0]
            ]
        },
        {
            "name": "Hand_L",
            "time": [0.0, 3.1167],
            "transform": [
                [1.0, 0.0, 0.0, -0.0, -0.0, 0.816807, -0.576911, 0.3, -0.0, 0.576911, 0.816807, -0.0, 0.0, 0.0, 0.0, 1.0],
                [1.0, 0.0, 0.0, -0.0, -0.0, 0.816807, -0.576911, 0.3, -0.0, 0.576911, 0.816807, -0.0, 0.0, 0.0, 0.0, 1.0]
            ]
        },
        {
            "name": "Tool_L",
            "time": [0.0, 3.1167],
            "transform": [
                [0.795427, 0.252516, -0.550938, 0.0, 0.473277, -0.826642, 0.30442, 0.272858, -0.37833, -0.502603, -0.776583, -0.0, 0.0, 0.0, 0.0, 1.0],
                [0.795427, 0.252516, -0.550938, 0.0, 0.473277, -0.826642, 0.30442, 0.272858, -0.37833, -0.502603, -0.776583, -0.0, 0.0, 0.0, 0.0, 1.0]
            ]
        },
        {
            "name": "Elbow_L",
            "time": [0.0, 3.1167],
            "transform": [
                [-1.0, 0.0, -0.0, -0.0, 0.0, -0.0, -1.0, 0.3, -0.0, -1.0, -0.0, -0.0, 0.0, 0.0, 0.0, 1.0],
                [-1.0, 0.0, -0.0, -0.0, 0.0, -0.0, -1.0, 0.3, -0.0, -1.0, -0.0, -0.0, 0.0, 0.0, 0.0, 1.0]
            ]
        }
    ]
}