{
    "animation": [
        {
            "name": "Root",
            "time": [0.0, 0.15],
            "transform": [
                [0.494395, 0.004385, -0.869226, 0.012069, -0.867826, -0.05448, -0.493873, -0.01165, -0.049521, 0.998505, -0.023129, 0.640396, 0.0, 0.0, 0.0, 1.0],
                [0.488044, 0.0, -0.872819, -5e-06, -0.872819, 0.0, -0.488044, 0.073948, 0.0, 1.0, 0.0, 0.651444, 0.0, 0.0, 0.0, 1.0]
            ]
        },
        {
            "name": "Thigh_R",
            "time": [0.0, 0.15],
            "transform": [
                [0.910565, 0.413361, -0.001296, 0.124994, 0.339096, -0.745169, 0.574224, -0.002831, 0.236397, -0.523307, -0.818697, -1.2e-05, 0.0, 0.0, 0.0, 1.0],
                [0.864262, 0.50303, 0.003151, 0.124994, 0.467494, -0.805484, 0.3642, -0.002831, 0.185742, -0.313291, -0.931316, -1.2e-05, 0.0, 0.0, 0.0, 1.0]
            ]
        },
        {
            "name": "Leg_R",
            "time": [0.0, 0.15],
            "transform": [
                [1.0, -1e-06, 0.0, 0.0, -0.0, 0.58801, 0.808853, 0.37472, -1e-06, -0.808854, 0.58801, 0.0, 0.0, 0.0, 0.0, 1.0],
                [1.0, -0.0, 1e-06, -0.0, 0.0, 0.884712, 0.466138, 0.37472, -1e-06, -0.466139, 0.884711, 0.0, 0.0, 0.0, 0.0, 1.0]
            ]
        },
        {
            "name": "Knee_R",
            "time": [0.0, 0.15],
            "transform": [
                [1.0, 0.0, -0.0, 0.0, -0.0, 1e-06, -1.0, 0.37472, -0.0, 1.0, 1e-06, 0.0, 0.0, 0.0, 0.0, 1.0],
                [1.0, 0.0, -0.0, -0.0, -0.0, 1e-06, -1.0, 0.37472, -0.0, 1.0, 1e-06, 0.0, 0.0, 0.0, 0.0, 1.0]
            ]
        },
        {
            "name": "Thigh_L",
            "time": [0.0, 0.15],
            "transform": [
                [0.483072, -0.555796, -0.676559, -0.125006, -0.013877, -0.777461, 0.628778, -0.002831, -0.87547, -0.294357, -0.383282, -1.2e-05, 0.0, 0.0, 0.0, 1.0],
                [0.483072, -0.570445, -0.664254, -0.125006, -0.013877, -0.763537, 0.645614, -0.002831, -0.87547, -0.302661, -0.37676, -1.2e-05, 0.0, 0.0, 0.0, 1.0]
            ]
        },
        {
            "name": "Leg_L",
            "time": [0.0, 0.15],
            "transform": [
                [1.0, -1e-06, 1e-06, -0.0, 0.0, 0.921816, 0.387628, 0.37472, -1e-06, -0.387628, 0.921816, -0.0, 0.0, 0.0, 0.0, 1.0],
                [1.0, -1e-06, 1e-06, 0.0, 0.0, 0.898013, 0.439969, 0.37472, -1e-06, -0.439969, 0.898013, 0.0, 0.0, 0.0, 0.0, 1.0]
            ]
        },
        {
            "name": "Knee_L",
            "time": [0.0, 0.15],
            "transform": [
                [1.0, 0.0, -0.0, -0.0, -0.0, 1e-06, -1.0, 0.37472, -0.0, 1.0, 1e-06, -0.0, 0.0, 0.0, 0.0, 1.0],
                [1.0, 0.0, -0.0, 0.0, -0.0, 1e-06, -1.0, 0.37472, -0.0, 1.0, 1e-06, 0.0, 0.0, 0.0, 0.0, 1.0]
            ]
        },
        {
            "name": "Torso",
            "time": [0.0, 0.15],
            "transform": [
                [0.891053, -0.080674, -0.446672, 0.0, 0.093888, 0.995555, 0.007485, 0.05, 0.444083, -0.048607, 0.894666, 0.0, 0.0, 0.0, 0.0, 1.0],
                [0.99978, -0.020971, -0.000197, 0.0, 0.020971, 0.999603, 0.018833, 0.05, -0.000198, -0.018833, 0.999823, -0.0, 0.0, 0.0, 0.0, 1.0]
            ]
        },
        {
            "name": "Chest",
            "time": [0.0, 0.15],
            "transform": [
                [0.763783, -0.180675, 0.619672, -0.0, 0.099051, 0.981462, 0.164075, 0.3, -0.637829, -0.063938, 0.76752, -0.0, 0.0, 0.0, 0.0, 1.0],
                [0.745265, -0.0, 0.666768, 0.0, 0.0, 1.0, 0.0, 0.3, -0.666768, 0.0, 0.745265, 0.0, 0.0, 0.0, 0.0, 1.0]
            ]
        },
        {
            "name": "Head",
            "time": [0.0, 0.15],
            "transform": [
                [0.948491, -0.043021, 0.313869, -0.0, -0.018715, 0.981397, 0.191073, 0.4, -0.31625, -0.187105, 0.930042, -0.0, 0.0, 0.0, 0.0, 1.0],
                [0.959708, 0.027992, 0.279602, -0.0, -0.019922, 0.9993, -0.031663, 0.4, -0.280293, 0.024817, 0.959594, 0.0, 0.0, 0.0, 0.0, 1.0]
            ]
        },
        {
            "name": "Shoulder_R",
            "time": [0.0, 0.15],
            "transform": [
                [0.374211, 0.88687, 0.270976, -0.0, -0.014232, -0.28668, 0.95792, 0.4, 0.927234, -0.362321, -0.094657, -0.0, 0.0, 0.0, 0.0, 1.0],
                [0.374211, 0.88687, 0.270976, -0.0, -0.014232, -0.28668, 0.95792, 0.4, 0.927234, -0.362321, -0.094657, 0.0, 0.0, 0.0, 0.0, 1.0]
            ]
        },
        {
            "name": "Arm_R",
            "time": [0.0, 0.15],
            "transform": [
                [-0.625306, -0.72932, 0.277641, 0.0, 0.615246, -0.679595, -0.399529, 0.39386, 0.480068, -0.07901, 0.873666, 0.0, 0.0, 0.0, 0.0, 1.0],
                [-0.142864, -0.989647, -0.013744, 0.0, 0.754649, -0.099934, -0.648474, 0.39386, 0.640387, -0.103016, 0.761113, 0.0, 0.0, 0.0, 0.0, 1.0]
            ]
        },
        {
            "name": "Hand_R",
            "time": [0.0, 0.15],
            "transform": [
                [0.999985, 0.003372, 0.00441, 0.0, -0.00125, 0.910784, -0.412882, 0.3, -0.005409, 0.41287, 0.910774, -0.0, 0.0, 0.0, 0.0, 1.0],
                [0.999985, 0.003372, 0.00441, 0.0, -0.00125, 0.910784, -0.412882, 0.3, -0.005409, 0.41287, 0.910774, 0.0, 0.0, 0.0, 0.0, 1.0]
            ]
        },
        {
            "name": "Tool_R",
            "time": [0.0, 0.15],
            "transform": [
                [-0.752043, 0.656272, -0.061157, -0.000912, -0.635119, -0.696728, 0.333459, 0.532784, 0.176118, 0.289439, 0.940226, 0.170151, 0.0, 0.0, 0.0, 1.0],
                [-0.145454, 0.898693, 0.413757, -0.048424, -0.958862, -0.231095, 0.164862, 0.425643, 0.243622, -0.372538, 0.894807, 0.282274, 0.0, 0.0, 0.0, 1.0]
            ]
        },
        {
            "name": "Elbow_R",
            "time": [0.0, 0.15],
            "transform": [
                [-1.0, 0.0, -0.0, 0.0, 0.0, -0.0, -1.0, 0.3, -0.0, -1.0, 0.0, -0.0, 0.0, 0.0, 0.0, 1.0],
                [-1.0, 0.0, -0.0, 0.0, 0.0, -0.0, -1.0, 0.3, -0.0, -1.0, 0.0, 0.0, 0.0, 0.0, 0.0, 1.0]
            ]
        },
        {
            "name": "Shoulder_L",
            "time": [0.0, 0.15],
            "transform": [
                [0.591697, -0.783605, -0.18936, -0.0, -0.083795, -0.293401, 0.95231, 0.4, -0.801793, -0.547612, -0.239267, -0.0, 0.0, 0.0, 0.0, 1.0],
                [0.591697, -0.783605, -0.18936, -0.0, -0.083795, -0.293401, 0.95231, 0.4, -0.801793, -0.547612, -0.239267, 0.0, 0.0, 0.0, 0.0, 1.0]
            ]
        },
        {
            "name": "Arm_L",
            "time": [0.0, 0.15],
            "transform": [
                [0.520701, -0.381769, 0.763625, -0.0, 0.851127, 0.162223, -0.499265, 0.39386, 0.066726, 0.909909, 0.409404, -0.0, 0.0, 0.0, 0.0, 1.0],
                [0.323718, 0.48567, 0.811992, 0.0, 0.937963, -0.05205, -0.342807, 0.39386, -0.124227, 0.872591, -0.47239, -0.0, 0.0, 0.0, 0.0, 1.0]
            ]
        },
        {
            "name": "Hand_L",
            "time": [0.0, 0.15],
            "transform": [
                [1.0, 0.0, 0.0, 0.0, -0.0, 0.261191, -0.965288, 0.3, -0.0, 0.965287, 0.261191, -0.0, 0.0, 0.0, 0.0, 1.0],
                [1.0, 0.0, 0.0, -0.0, -0.0, 0.816807, -0.576911, 0.3, -0.0, 0.576911, 0.816807, -0.0, 0.0, 0.0, 0.0, 1.0]
            ]
        },
        {
            "name": "Tool_L",
            "time": [0.0, 0.15],
            "transform": [
                [0.795427, 0.252516, -0.550938, -0.0, 0.473277, -0.826642, 0.30442, 0.272858, -0.378329, -0.502603, -0.776583, -0.0, 0.0, 0.0, 0.0, 1.0],
                [0.795427, 0.252516, -0.550938, 0.0, 0.473277, -0.826642, 0.30442, 0.272858, -0.37833, -0.502603, -0.776583, -0.0, 0.0, 0.0, 0.0, 1.0]
            ]
        },
        {
            "name": "Elbow_L",
            "time": [0.0, 0.15],
            "transform": [
                [-1.0, 0.0, -0.0, 0.0, 0.0, -0.0, -1.0, 0.3, -0.0, -1.0, -0.0, -0.0, 0.0, 0.0, 0.0, 1.0],
                [-1.0, 0.0, -0.0, -0.0, 0.0, -0.0, -1.0, 0.3, -0.0, -1.0, -0.0, -0.0, 0.0, 0.0, 0.0, 1.0]
            ]
        }
    ]
}