{
    
    "animation": [
        {
            "name": "Root",
            "time": [0.0, 0.2667, 0.3333, 0.5, 0.55, 0.6, 0.65, 0.8333],
            "transform": [
                [0.854689, 0.0, -0.51914, -5e-06, -0.51914, 0.0, -0.854689, 0.000946, 0.0, 1.0, 0.0, 0.711982, 0.0, 0.0, 0.0, 1.0],
                [0.990491, -0.012304, 0.137026, -0.061598, 0.136512, 0.211608, -0.967774, 0.450082, -0.017088, 0.977277, 0.211275, 0.833721, 0.0, 0.0, 0.0, 1.0],
                [0.990491, -0.012304, 0.137026, -0.061598, 0.136512, 0.211608, -0.967774, 0.522689, -0.017088, 0.977277, 0.211275, 0.877704, 0.0, 0.0, 0.0, 1.0],
                [0.987931, 0.075791, 0.135082, -0.0206, 0.104124, 0.320681, -0.941447, 1.189103, -0.114672, 0.94415, 0.308919, 0.576091, 0.0, 0.0, 0.0, 1.0],
                [0.987931, 0.075791, 0.135082, -0.0206, 0.104124, 0.320681, -0.941447, 1.189103, -0.114672, 0.94415, 0.308919, 0.640142, 0.0, 0.0, 0.0, 1.0],
                [0.987931, 0.075791, 0.135082, -0.0206, 0.104124, 0.320681, -0.941447, 1.189103, -0.114672, 0.94415, 0.308919, 0.597292, 0.0, 0.0, 0.0, 1.0],
                [0.987931, 0.075791, 0.135082, -0.0206, 0.104124, 0.320681, -0.941447, 1.253562, -0.114672, 0.94415, 0.308919, 0.597292, 0.0, 0.0, 0.0, 1.0],
                [0.987931, 0.075791, 0.135082, -0.0206, 0.104124, 0.320681, -0.941447, 1.253562, -0.114672, 0.94415, 0.308919, 0.597292, 0.0, 0.0, 0.0, 1.0]
            ]
        },
        {
            "name": "Thigh_R",
            "time": [0.0, 0.2667, 0.3333, 0.5333, 0.8333],
            "transform": [
                [0.983617, 0.076972, -0.163012, 0.124994, 0.04814, -0.983574, -0.173954, -0.002831, -0.173725, 0.163256, -0.971168, -1.2e-05, 0.0, 0.0, 0.0, 1.0],
                [0.980622, 0.186566, 0.05977, 0.124994, 0.022494, -0.410299, 0.911673, -0.002831, 0.194611, -0.892661, -0.406547, -1.2e-05, 0.0, 0.0, 0.0, 1.0],
                [0.980622, 0.186566, 0.05977, 0.124994, 0.022494, -0.410299, 0.911673, -0.002831, 0.194611, -0.892661, -0.406547, -1.2e-05, 0.0, 0.0, 0.0, 1.0],
                [0.980622, 0.19282, 0.034634, 0.124994, 0.022494, -0.28644, 0.957834, -0.002831, 0.194611, -0.938493, -0.285228, -1.2e-05, 0.0, 0.0, 0.0, 1.0],
                [0.980622, 0.19282, 0.034634, 0.124994, 0.022494, -0.28644, 0.957834, -0.002831, 0.194611, -0.938493, -0.285228, -1.2e-05, 0.0, 0.0, 0.0, 1.0]
            ]
        },
        {
            "name": "Leg_R",
            "time": [0.0, 0.1833, 0.4, 0.5333, 0.65, 0.8333],
            "transform": [
                [1.0, -0.0, 2e-06, -0.0, -0.0, 0.950019, 0.312193, 0.37472, -2e-06, -0.312194, 0.950018, 0.0, 0.0, 0.0, 0.0, 1.0],
                [1.0, -2e-06, 1e-06, -0.0, -0.0, 0.287641, 0.957738, 0.37472, -2e-06, -0.957739, 0.28764, -0.0, 0.0, 0.0, 0.0, 1.0],
                [1.0, -2e-06, 0.0, 0.0, -0.0, 0.062764, 0.998028, 0.37472, -2e-06, -0.998029, 0.062764, 0.0, 0.0, 0.0, 0.0, 1.0],
                [1.0, -1e-06, 2e-06, 0.0, -0.0, 0.814317, 0.580421, 0.37472, -2e-06, -0.580422, 0.814316, 0.0, 0.0, 0.0, 0.0, 1.0],
                [1.0, -1e-06, 2e-06, 0.0, -0.0, 0.889831, 0.456291, 0.37472, -2e-06, -0.456292, 0.88983, 0.0, 0.0, 0.0, 0.0, 1.0],
                [1.0, -1e-06, 2e-06, 0.0, -0.0, 0.814317, 0.580421, 0.37472, -2e-06, -0.580422, 0.814316, 0.0, 0.0, 0.0, 0.0, 1.0]
            ]
        },
        {
            "name": "Knee_R",
            "time": [0.0, 0.3333, 0.8333],
            "transform": [
                [1.0, 0.0, -0.0, -0.0, -0.0, 1e-06, -1.0, 0.37472, -0.0, 1.0, 1e-06, 0.0, 0.0, 0.0, 0.0, 1.0],
                [1.0, 0.0, -0.0, -0.0, -0.0, 0.577337, -0.816506, 0.37472, -0.0, 0.816506, 0.577337, -0.0, 0.0, 0.0, 0.0, 1.0],
                [1.0, 0.0, -0.0, 0.0, -0.0, 0.577337, -0.816506, 0.37472, -0.0, 0.816506, 0.577337, 0.0, 0.0, 0.0, 0.0, 1.0]
            ]
        },
        {
            "name": "Thigh_L",
            "time": [0.0, 0.2667, 0.3333, 0.5333, 0.65, 0.8333],
            "transform": [
                [0.866588, -0.299712, -0.398994, -0.125006, -0.027838, -0.827342, 0.561008, -0.002831, -0.498245, -0.475056, -0.725309, -1.2e-05, 0.0, 0.0, 0.0, 1.0],
                [0.990551, -0.035501, -0.132462, -0.125006, -0.034403, -0.999352, 0.010566, -0.002831, -0.132751, -0.005908, -0.991131, -1.2e-05, 0.0, 0.0, 0.0, 1.0],
                [0.990551, -0.035501, -0.132462, -0.125006, -0.034403, -0.999352, 0.010566, -0.002831, -0.132751, -0.005908, -0.991131, -1.2e-05, 0.0, 0.0, 0.0, 1.0],
                [0.998701, -0.001372, 0.050921, -0.125006, 0.008573, -0.980854, -0.194557, -0.002831, 0.050213, 0.194741, -0.979568, -1.2e-05, 0.0, 0.0, 0.0, 1.0],
                [0.998701, 0.002771, 0.050864, -0.125006, 0.008573, -0.993421, -0.114196, -0.002831, 0.050213, 0.114484, -0.992155, -1.2e-05, 0.0, 0.0, 0.0, 1.0],
                [0.998701, -0.001372, 0.050921, -0.125006, 0.008573, -0.980854, -0.194557, -0.002831, 0.050213, 0.194741, -0.979568, -1.2e-05, 0.0, 0.0, 0.0, 1.0]
            ]
        },
        {
            "name": "Leg_L",
            "time": [0.0, 0.2667, 0.3333, 0.5333, 0.65, 0.8333],
            "transform": [
                [1.0, -1e-06, 0.0, -0.0, 0.0, 0.828682, 0.559719, 0.37472, -1e-06, -0.559718, 0.828683, 0.0, 0.0, 0.0, 0.0, 1.0],
                [1.0, -0.0, 0.0, 0.0, 0.0, 0.979075, 0.203499, 0.37472, -0.0, -0.203499, 0.979076, 0.0, 0.0, 0.0, 0.0, 1.0],
                [1.0, -0.0, 0.0, -0.0, 0.0, 0.979075, 0.203499, 0.37472, -0.0, -0.203499, 0.979076, -0.0, 0.0, 0.0, 0.0, 1.0],
                [1.0, -1e-06, 0.0, 0.0, 0.0, 0.95932, 0.282321, 0.37472, -0.0, -0.282321, 0.95932, -0.0, 0.0, 0.0, 0.0, 1.0],
                [1.0, -1e-06, 0.0, 0.0, 0.0, 0.908337, 0.418238, 0.37472, -0.0, -0.418238, 0.908338, -0.0, 0.0, 0.0, 0.0, 1.0],
                [1.0, -1e-06, 0.0, -0.0, 0.0, 0.95932, 0.282321, 0.37472, -0.0, -0.282321, 0.95932, -0.0, 0.0, 0.0, 0.0, 1.0]
            ]
        },
        {
            "name": "Knee_L",
            "time": [0.0, 0.3333, 0.8333],
            "transform": [
                [1.0, 0.0, -0.0, -0.0, -0.0, 1e-06, -1.0, 0.37472, -0.0, 1.0, 1e-06, 0.0, 0.0, 0.0, 0.0, 1.0],
                [1.0, 0.0, -0.0, -0.0, -0.0, 1e-06, -1.0, 0.37472, -0.0, 1.0, 1e-06, -0.0, 0.0, 0.0, 0.0, 1.0],
                [1.0, 0.0, -0.0, -0.0, -0.0, 1e-06, -1.0, 0.37472, -0.0, 1.0, 1e-06, -0.0, 0.0, 0.0, 0.0, 1.0]
            ]
        },
        {
            "name": "Torso",
            "time": [0.0, 0.2667, 0.3333, 0.5333, 0.8333],
            "transform": [
                [0.972319, -0.087417, -0.21669, -0.0, 0.134581, 0.967623, 0.213525, 0.05, 0.191008, -0.236777, 0.952603, 0.0, 0.0, 0.0, 0.0, 1.0],
                [0.938433, -0.092128, 0.33295, -0.0, 0.000246, 0.963963, 0.266037, 0.05, -0.345461, -0.249576, 0.904637, 0.0, 0.0, 0.0, 0.0, 1.0],
                [0.938433, -0.123629, 0.322582, -0.0, 0.000246, 0.934011, 0.357245, 0.05, -0.345461, -0.335171, 0.876537, -0.0, 0.0, 0.0, 0.0, 1.0],
                [0.949306, -0.130078, 0.286177, -0.0, -0.131069, 0.663676, 0.736448, 0.05, -0.285725, -0.736624, 0.612982, -0.0, 0.0, 0.0, 0.0, 1.0],
                [0.949306, -0.130078, 0.286177, -0.0, -0.131069, 0.663676, 0.736448, 0.05, -0.285725, -0.736624, 0.612982, -0.0, 0.0, 0.0, 0.0, 1.0]
            ]
        },
        {
            "name": "Chest",
            "time": [0.0, 0.1167, 0.2667, 0.3333, 0.5333, 0.65, 0.8333],
            "transform": [
                [0.966877, -0.021411, 0.254343, -0.0, 0.01581, 0.999586, 0.024046, 0.3, -0.254753, -0.019228, 0.966815, -0.0, 0.0, 0.0, 0.0, 1.0],
                [0.999038, -0.042125, -0.012162, 0.0, 0.04379, 0.972557, 0.228507, 0.3, 0.002203, -0.22882, 0.973466, 0.0, 0.0, 0.0, 0.0, 1.0],
                [0.921419, -0.128415, -0.366738, -0.0, 0.027193, 0.962809, -0.268809, 0.3, 0.387617, 0.237713, 0.890643, -0.0, 0.0, 0.0, 0.0, 1.0],
                [0.921419, -0.16166, -0.353345, 0.0, 0.027193, 0.933945, -0.356381, 0.3, 0.387618, 0.318767, 0.864951, 0.0, 0.0, 0.0, 0.0, 1.0],
                [0.937019, 0.019336, -0.348743, -0.0, 0.013721, 0.995658, 0.092071, 0.3, 0.349009, -0.091057, 0.932685, 0.0, 0.0, 0.0, 0.0, 1.0],
                [0.921419, -0.026595, -0.387659, -0.0, 0.027193, 0.999622, -0.003944, 0.3, 0.387618, -0.006908, 0.921794, -0.0, 0.0, 0.0, 0.0, 1.0],
                [0.937019, 0.019336, -0.348743, -0.0, 0.013721, 0.995658, 0.092071, 0.3, 0.349009, -0.091057, 0.932685, -0.0, 0.0, 0.0, 0.0, 1.0]
            ]
        },
        {
            "name": "Head",
            "time": [0.0, 0.2667, 0.3333, 0.5333, 0.65, 0.8333],
            "transform": [
                [0.907513, 0.089113, 0.410461, 0.0, 0.018415, 0.967853, -0.250841, 0.4, -0.419619, 0.235201, 0.876699, 0.0, 0.0, 0.0, 0.0, 1.0],
                [0.993048, 0.089113, -0.076908, -0.0, -0.104568, 0.967853, -0.228749, 0.4, 0.054051, 0.235201, 0.970443, -0.0, 0.0, 0.0, 0.0, 1.0],
                [0.993048, 0.089113, -0.076908, -0.0, -0.104568, 0.967853, -0.228749, 0.4, 0.054051, 0.235201, 0.970443, 0.0, 0.0, 0.0, 0.0, 1.0],
                [0.993048, 0.058663, -0.102052, 0.0, -0.104568, 0.837736, -0.535969, 0.4, 0.054051, 0.542915, 0.838047, -0.0, 0.0, 0.0, 0.0, 1.0],
                [0.993048, 0.042168, -0.109899, 0.0, -0.104568, 0.744727, -0.659126, 0.4, 0.054051, 0.666036, 0.743959, -0.0, 0.0, 0.0, 0.0, 1.0],
                [0.993048, 0.058663, -0.102052, 0.0, -0.104568, 0.837736, -0.535969, 0.4, 0.054051, 0.542915, 0.838047, -0.0, 0.0, 0.0, 0.0, 1.0]
            ]
        },
        {
            "name": "Shoulder_R",
            "time": [0.0, 0.2667, 0.3333, 0.5333, 0.8333],
            "transform": [
                [0.415433, 0.858229, 0.301428, 0.0, -0.109008, -0.282016, 0.953197, 0.4, 0.903068, -0.428847, -0.023605, 0.0, 0.0, 0.0, 0.0, 1.0],
                [-0.337935, 0.891594, 0.301428, -0.0, 0.129948, -0.273, 0.953197, 0.4, 0.932155, 0.361289, -0.023605, -0.0, 0.0, 0.0, 0.0, 1.0],
                [-0.337935, 0.891594, 0.301428, -0.0, 0.129948, -0.273, 0.953197, 0.4, 0.932155, 0.361289, -0.023605, 0.0, 0.0, 0.0, 0.0, 1.0],
                [0.463783, 0.833094, 0.301428, 0.0, -0.124941, -0.275328, 0.953197, 0.4, 0.877094, -0.479738, -0.023605, -0.0, 0.0, 0.0, 0.0, 1.0],
                [0.463783, 0.833094, 0.301428, 0.0, -0.124941, -0.275328, 0.953197, 0.4, 0.877094, -0.479738, -0.023605, -0.0, 0.0, 0.0, 0.0, 1.0]
            ]
        },
        {
            "name": "Arm_R",
            "time": [0.0, 0.2667, 0.3333, 0.5333, 0.65, 0.8333],
            "transform": [
                [0.302939, -0.691885, -0.65538, -0.0, 0.881693, 0.464498, -0.082822, 0.393861, 0.361726, -0.552754, 0.750744, -0.0, 0.0, 0.0, 0.0, 1.0],
                [0.302938, 0.597411, 0.742515, -0.0, 0.881693, -0.471417, 0.01957, 0.39386, 0.361726, 0.648742, -0.669543, 0.0, 0.0, 0.0, 0.0, 1.0],
                [0.302938, 0.597411, 0.742515, 0.0, 0.881693, -0.471417, 0.01957, 0.39386, 0.361726, 0.648742, -0.669543, 0.0, 0.0, 0.0, 0.0, 1.0],
                [0.162865, -0.980842, -0.10688, 0.0, 0.839948, 0.194668, -0.50655, 0.39386, 0.517652, -0.007274, 0.85556, 0.0, 0.0, 0.0, 0.0, 1.0],
                [0.162865, -0.984809, 0.060214, -0.0, 0.839948, 0.106372, -0.53214, 0.393861, 0.517652, 0.137244, 0.844512, -0.0, 0.0, 0.0, 0.0, 1.0],
                [0.162865, -0.980842, -0.10688, -0.0, 0.839948, 0.194668, -0.50655, 0.39386, 0.517652, -0.007274, 0.85556, -0.0, 0.0, 0.0, 0.0, 1.0]
            ]
        },
        {
            "name": "Hand_R",
            "time": [0.0, 0.2667, 0.3333, 0.8333],
            "transform": [
                [0.999985, 0.005233, -0.001855, -0.0, -0.00125, -0.113273, -0.993563, 0.3, -0.005409, 0.99355, -0.113265, 0.0, 0.0, 0.0, 0.0, 1.0],
                [0.999985, 0.003285, 0.004475, 0.0, -0.00125, 0.918654, -0.395062, 0.3, -0.005409, 0.39505, 0.918644, 0.0, 0.0, 0.0, 0.0, 1.0],
                [0.999984, 0.003285, 0.004475, -0.0, -0.00125, 0.918654, -0.395062, 0.3, -0.005409, 0.39505, 0.918644, -0.0, 0.0, 0.0, 0.0, 1.0],
                [0.999984, 0.003285, 0.004475, -0.0, -0.00125, 0.918654, -0.395062, 0.3, -0.005409, 0.39505, 0.918644, -0.0, 0.0, 0.0, 0.0, 1.0]
            ]
        },
        {
            "name": "Tool_R",
            "time": [0.0, 0.2667, 0.3333, 0.5333, 0.8333],
            "transform": [
                [1.0, 0.0, 0.0, 0.0, 0.0, -0.999836, 0.018122, 0.272858, 0.0, -0.018122, -0.999244, -0.0, 0.0, 0.0, 0.0, 1.0],
                [0.80269, -0.54708, -0.237471, -0.0, -0.596298, -0.743413, -0.302929, 0.272858, -0.010813, 0.384525, -0.92241, 0.0, 0.0, 0.0, 0.0, 1.0],
                [0.80269, -0.54708, -0.237471, 0.0, -0.596298, -0.743413, -0.302929, 0.272858, -0.010813, 0.384525, -0.92241, -0.0, 0.0, 0.0, 0.0, 1.0],
                [0.881086, -0.096786, -0.462946, 0.0, -0.441165, -0.520997, -0.730709, 0.272858, -0.170375, 0.847546, -0.501453, 0.0, 0.0, 0.0, 0.0, 1.0],
                [0.881086, -0.096786, -0.462946, 0.0, -0.441165, -0.520997, -0.730709, 0.272858, -0.170375, 0.847546, -0.501453, -0.0, 0.0, 0.0, 0.0, 1.0]
            ]
        },
        {
            "name": "Elbow_R",
            "time": [0.0, 0.3333, 0.8333],
            "transform": [
                [-1.0, 0.0, 0.0, -0.0, -0.0, 0.766788, -0.6419, 0.3, -0.0, -0.6419, -0.766788, 0.0, 0.0, 0.0, 0.0, 1.0],
                [-1.0, 0.0, 0.0, -0.0, -0.0, 0.766788, -0.6419, 0.3, -0.0, -0.6419, -0.766788, -0.0, 0.0, 0.0, 0.0, 1.0],
                [-1.0, 0.0, 0.0, -0.0, -0.0, 0.766788, -0.6419, 0.3, -0.0, -0.6419, -0.766788, -0.0, 0.0, 0.0, 0.0, 1.0]
            ]
        },
        {
            "name": "Shoulder_L",
            "time": [0.0, 0.2667, 0.3333, 0.5333, 0.8333],
            "transform": [
                [0.688477, -0.659769, -0.301172, 0.0, 0.19521, -0.23136, 0.953082, 0.4, -0.698493, -0.714967, -0.030493, 0.0, 0.0, 0.0, 0.0, 1.0],
                [-0.20664, -0.930911, -0.301172, -0.0, -0.096449, -0.286936, 0.953082, 0.4, -0.973651, 0.225993, -0.030493, -0.0, 0.0, 0.0, 0.0, 1.0],
                [-0.20664, -0.930911, -0.301172, -0.0, -0.096449, -0.286936, 0.953082, 0.4, -0.973651, 0.225993, -0.030493, 0.0, 0.0, 0.0, 0.0, 1.0],
                [0.536593, -0.79102, -0.293863, 0.0, 0.138782, -0.260777, 0.955372, 0.4, -0.832351, -0.553429, -0.030152, -0.0, 0.0, 0.0, 0.0, 1.0],
                [0.536593, -0.79102, -0.293863, 0.0, 0.138782, -0.260777, 0.955372, 0.4, -0.832351, -0.553429, -0.030152, -0.0, 0.0, 0.0, 0.0, 1.0]
            ]
        },
        {
            "name": "Arm_L",
            "time": [0.0, 0.2667, 0.3333, 0.5333, 0.65, 0.8333],
            "transform": [
                [-0.357722, 0.93034, 0.08063, -0.0, -0.34914, -0.053164, -0.935561, 0.39386, -0.866104, -0.362822, 0.343837, 0.0, 0.0, 0.0, 0.0, 1.0],
                [0.464106, -0.642567, -0.609682, 0.0, -0.736723, -0.662158, 0.13706, 0.39386, -0.491776, 0.385557, -0.780706, -0.0, 0.0, 0.0, 0.0, 1.0],
                [0.464106, -0.642567, -0.609682, -0.0, -0.736723, -0.662158, 0.13706, 0.39386, -0.491776, 0.385557, -0.780706, -0.0, 0.0, 0.0, 0.0, 1.0],
                [-0.020281, 0.999262, 0.03261, 0.0, -0.86101, -0.000878, -0.508588, 0.39386, -0.508184, -0.038392, 0.860393, 0.0, 0.0, 0.0, 0.0, 1.0],
                [-0.020281, 0.996015, -0.086852, -0.0, -0.86101, -0.061555, -0.50485, 0.39386, -0.508184, 0.064541, 0.858827, 0.0, 0.0, 0.0, 0.0, 1.0],
                [-0.020281, 0.999262, 0.03261, -0.0, -0.86101, -0.000878, -0.508588, 0.39386, -0.508184, -0.038392, 0.860393, -0.0, 0.0, 0.0, 0.0, 1.0]
            ]
        },
        {
            "name": "Hand_L",
            "time": [0.0, 0.2667, 0.3333, 0.5333, 0.8333],
            "transform": [
                [0.99932, -0.029243, 0.022473, -0.0, 0.03687, 0.807457, -0.588773, 0.3, -0.000928, 0.589201, 0.807986, -0.0, 0.0, 0.0, 0.0, 1.0],
                [0.99932, -0.036551, 0.004928, -0.0, 0.03687, 0.993409, -0.108534, 0.3, -0.000928, 0.108641, 0.994081, 0.0, 0.0, 0.0, 0.0, 1.0],
                [0.99932, -0.036551, 0.004928, -0.0, 0.03687, 0.993409, -0.108534, 0.3, -0.000928, 0.108641, 0.994081, -0.0, 0.0, 0.0, 0.0, 1.0],
                [0.99932, -0.035963, 0.00818, 0.0, 0.03687, 0.979705, -0.197027, 0.3, -0.000928, 0.197195, 0.980364, 0.0, 0.0, 0.0, 0.0, 1.0],
                [0.99932, -0.035963, 0.00818, 0.0, 0.03687, 0.979705, -0.197027, 0.3, -0.000928, 0.197195, 0.980364, 0.0, 0.0, 0.0, 0.0, 1.0]
            ]
        },
        {
            "name": "Tool_L",
            "time": [0.0, 0.3333, 0.8333],
            "transform": [
                [1.0, 0.0, 0.0, -0.0, 0.0, -0.999836, 0.018122, 0.272858, 0.0, -0.018122, -0.999247, -0.0, 0.0, 0.0, 0.0, 1.0],
                [1.0, 0.0, 0.0, -0.0, -0.0, -0.999836, 0.018122, 0.272858, 0.0, -0.018122, -0.999247, 0.0, 0.0, 0.0, 0.0, 1.0],
                [1.0, -0.0, 0.0, 0.0, 0.0, -0.999836, 0.018122, 0.272858, 0.0, -0.018122, -0.999247, -0.0, 0.0, 0.0, 0.0, 1.0]
            ]
        },
        {
            "name": "Elbow_L",
            "time": [0.0, 0.3333, 0.8333],
            "transform": [
                [-1.0, 0.0, -0.0, -0.0, 0.0, -0.0, -1.0, 0.3, -0.0, -1.0, -0.0, -0.0, 0.0, 0.0, 0.0, 1.0],
                [-1.0, 0.0, -0.0, -0.0, 0.0, -0.0, -1.0, 0.3, -0.0, -1.0, -0.0, -0.0, 0.0, 0.0, 0.0, 1.0],
                [-1.0, 0.0, -0.0, 0.0, 0.0, -0.0, -1.0, 0.3, -0.0, -1.0, -0.0, 0.0, 0.0, 0.0, 0.0, 1.0]
            ]
        }
    ]
}