{
    
    "animation": [
        {
            "name": "Root",
            "time": [0.0, 1.0, 2.0],
            "transform": [
                [0.854689, 0.0, -0.51914, -5e-06, -0.51914, 0.0, -0.854689, 0.000946, 0.0, 1.0, 0.0, 0.711982, 0.0, 0.0, 0.0, 1.0],
                [0.854689, 0.0, -0.51914, -5e-06, -0.51914, 0.0, -0.854689, 0.000946, 0.0, 1.0, 0.0, 0.68947, 0.0, 0.0, 0.0, 1.0],
                [0.854689, 0.0, -0.51914, -5e-06, -0.51914, 0.0, -0.854689, 0.000946, 0.0, 1.0, 0.0, 0.711982, 0.0, 0.0, 0.0, 1.0]
            ]
        },
        {
            "name": "Thigh_R",
            "time": [0.0, 1.0, 2.0],
            "transform": [
                [0.983617, 0.076972, -0.163012, 0.124994, 0.04814, -0.983574, -0.173954, -0.002831, -0.173725, 0.163256, -0.971168, -1.2e-05, 0.0, 0.0, 0.0, 1.0],
                [0.983616, 0.083684, -0.159671, 0.124994, 0.04814, -0.97549, -0.214703, -0.002831, -0.173725, 0.203499, -0.963539, -1.2e-05, 0.0, 0.0, 0.0, 1.0],
                [0.983617, 0.076972, -0.163012, 0.124994, 0.04814, -0.983574, -0.173954, -0.002831, -0.173725, 0.163256, -0.971168, -1.2e-05, 0.0, 0.0, 0.0, 1.0]
            ]
        },
        {
            "name": "Leg_R",
            "time": [0.0, 1.0, 2.0],
            "transform": [
                [1.0, -0.0, 2e-06, -0.0, -0.0, 0.950019, 0.312193, 0.37472, -2e-06, -0.312194, 0.950018, 0.0, 0.0, 0.0, 0.0, 1.0],
                [1.0, -0.0, 2e-06, 0.0, -0.0, 0.919143, 0.393925, 0.37472, -2e-06, -0.393925, 0.919142, -0.0, 0.0, 0.0, 0.0, 1.0],
                [1.0, -0.0, 2e-06, -0.0, -0.0, 0.950019, 0.312193, 0.37472, -2e-06, -0.312194, 0.950018, 0.0, 0.0, 0.0, 0.0, 1.0]
            ]
        },
        {
            "name": "Knee_R",
            "time": [0.0, 2.0],
            "transform": [
                [1.0, 0.0, -0.0, -0.0, -0.0, 1e-06, -1.0, 0.37472, -0.0, 1.0, 1e-06, 0.0, 0.0, 0.0, 0.0, 1.0],
                [1.0, 0.0, -0.0, -0.0, -0.0, 1e-06, -1.0, 0.37472, -0.0, 1.0, 1e-06, 0.0, 0.0, 0.0, 0.0, 1.0]
            ]
        },
        {
            "name": "Thigh_L",
            "time": [0.0, 1.0, 2.0],
            "transform": [
                [0.866588, -0.299712, -0.398994, -0.125006, -0.027838, -0.827342, 0.561008, -0.002831, -0.498245, -0.475056, -0.725309, -1.2e-05, 0.0, 0.0, 0.0, 1.0],
                [0.866588, -0.329483, -0.374786, -0.125006, -0.027838, -0.78179, 0.62292, -0.002831, -0.498245, -0.529382, -0.686663, -1.2e-05, 0.0, 0.0, 0.0, 1.0],
                [0.866588, -0.299712, -0.398994, -0.125006, -0.027838, -0.827342, 0.561008, -0.002831, -0.498245, -0.475056, -0.725309, -1.2e-05, 0.0, 0.0, 0.0, 1.0]
            ]
        },
        {
            "name": "Leg_L",
            "time": [0.0, 1.0, 2.0],
            "transform": [
                [1.0, -1e-06, 0.0, -0.0, 0.0, 0.828682, 0.559719, 0.37472, -1e-06, -0.559718, 0.828683, 0.0, 0.0, 0.0, 0.0, 1.0],
                [1.0, -1e-06, 0.0, 0.0, 0.0, 0.720433, 0.693525, 0.37472, -1e-06, -0.693525, 0.720433, -0.0, 0.0, 0.0, 0.0, 1.0],
                [1.0, -1e-06, 0.0, -0.0, 0.0, 0.828682, 0.559719, 0.37472, -1e-06, -0.559718, 0.828683, 0.0, 0.0, 0.0, 0.0, 1.0]
            ]
        },
        {
            "name": "Knee_L",
            "time": [0.0, 2.0],
            "transform": [
                [1.0, 0.0, -0.0, -0.0, -0.0, 1e-06, -1.0, 0.37472, -0.0, 1.0, 1e-06, 0.0, 0.0, 0.0, 0.0, 1.0],
                [1.0, 0.0, -0.0, -0.0, -0.0, 1e-06, -1.0, 0.37472, -0.0, 1.0, 1e-06, 0.0, 0.0, 0.0, 0.0, 1.0]
            ]
        },
        {
            "name": "Torso",
            "time": [0.0, 1.0, 2.0],
            "transform": [
                [0.972319, -0.087417, -0.21669, -0.0, 0.134581, 0.967623, 0.213525, 0.05, 0.191008, -0.236777, 0.952603, 0.0, 0.0, 0.0, 0.0, 1.0],
                [0.959069, -0.087417, -0.269341, -0.0, 0.146014, 0.967623, 0.205876, 0.05, 0.242624, -0.236777, 0.940782, 0.0, 0.0, 0.0, 0.0, 1.0],
                [0.972319, -0.087417, -0.21669, -0.0, 0.134581, 0.967623, 0.213525, 0.05, 0.191008, -0.236777, 0.952603, 0.0, 0.0, 0.0, 0.0, 1.0]
            ]
        },
        {
            "name": "Chest",
            "time": [0.0, 1.0, 2.0],
            "transform": [
                [0.966877, -0.021411, 0.254343, -0.0, 0.01581, 0.999586, 0.024046, 0.3, -0.254753, -0.019228, 0.966815, -0.0, 0.0, 0.0, 0.0, 1.0],
                [0.924866, -0.021411, 0.37969, 0.0, 0.0125, 0.999586, 0.025921, 0.3, -0.380088, -0.019228, 0.924751, -0.0, 0.0, 0.0, 0.0, 1.0],
                [0.966877, -0.021411, 0.254343, -0.0, 0.01581, 0.999586, 0.024046, 0.3, -0.254753, -0.019228, 0.966815, -0.0, 0.0, 0.0, 0.0, 1.0]
            ]
        },
        {
            "name": "Head",
            "time": [0.0, 2.0],
            "transform": [
                [0.907513, 0.089113, 0.410461, 0.0, 0.018415, 0.967853, -0.250841, 0.4, -0.419619, 0.235201, 0.876699, 0.0, 0.0, 0.0, 0.0, 1.0],
                [0.907513, 0.089113, 0.410461, 0.0, 0.018415, 0.967853, -0.250841, 0.4, -0.419619, 0.235201, 0.876699, 0.0, 0.0, 0.0, 0.0, 1.0]
            ]
        },
        {
            "name": "Shoulder_R",
            "time": [0.0, 2.0],
            "transform": [
                [0.415433, 0.858229, 0.301428, 0.0, -0.109008, -0.282016, 0.953197, 0.4, 0.903068, -0.428847, -0.023605, 0.0, 0.0, 0.0, 0.0, 1.0],
                [0.415433, 0.858229, 0.301428, 0.0, -0.109008, -0.282016, 0.953197, 0.4, 0.903068, -0.428847, -0.023605, 0.0, 0.0, 0.0, 0.0, 1.0]
            ]
        },
        {
            "name": "Arm_R",
            "time": [0.0, 1.0, 2.0],
            "transform": [
                [0.302939, -0.691885, -0.65538, -0.0, 0.881693, 0.464498, -0.082822, 0.393861, 0.361726, -0.552754, 0.750744, -0.0, 0.0, 0.0, 0.0, 1.0],
                [0.302939, -0.645922, -0.700723, -0.0, 0.881693, 0.46904, -0.051181, 0.39386, 0.361726, -0.602318, 0.711595, -0.0, 0.0, 0.0, 0.0, 1.0],
                [0.302939, -0.691885, -0.65538, -0.0, 0.881693, 0.464498, -0.082822, 0.393861, 0.361726, -0.552754, 0.750744, -0.0, 0.0, 0.0, 0.0, 1.0]
            ]
        },
        {
            "name": "Hand_R",
            "time": [0.0, 2.0],
            "transform": [
                [0.999985, 0.005233, -0.001855, -0.0, -0.00125, -0.113273, -0.993563, 0.3, -0.005409, 0.99355, -0.113265, 0.0, 0.0, 0.0, 0.0, 1.0],
                [0.999985, 0.005233, -0.001855, -0.0, -0.00125, -0.113273, -0.993563, 0.3, -0.005409, 0.99355, -0.113265, 0.0, 0.0, 0.0, 0.0, 1.0]
            ]
        },
        {
            "name": "Tool_R",
            "time": [0.0, 2.0],
            "transform": [
                [1.0, 0.0, 0.0, 0.0, 0.0, -0.999836, 0.018122, 0.272858, 0.0, -0.018122, -0.999244, -0.0, 0.0, 0.0, 0.0, 1.0],
                [1.0, 0.0, 0.0, 0.0, 0.0, -0.999836, 0.018122, 0.272858, 0.0, -0.018122, -0.999244, -0.0, 0.0, 0.0, 0.0, 1.0]
            ]
        },
        {
            "name": "Elbow_R",
            "time": [0.0, 2.0],
            "transform": [
                [-1.0, 0.0, 0.0, -0.0, -0.0, 0.766788, -0.6419, 0.3, -0.0, -0.6419, -0.766788, 0.0, 0.0, 0.0, 0.0, 1.0],
                [-1.0, 0.0, 0.0, -0.0, -0.0, 0.766788, -0.6419, 0.3, -0.0, -0.6419, -0.766788, 0.0, 0.0, 0.0, 0.0, 1.0]
            ]
        },
        {
            "name": "Shoulder_L",
            "time": [0.0, 2.0],
            "transform": [
                [0.688477, -0.659769, -0.301172, 0.0, 0.19521, -0.23136, 0.953082, 0.4, -0.698493, -0.714967, -0.030493, 0.0, 0.0, 0.0, 0.0, 1.0],
                [0.688477, -0.659769, -0.301172, 0.0, 0.19521, -0.23136, 0.953082, 0.4, -0.698493, -0.714967, -0.030493, 0.0, 0.0, 0.0, 0.0, 1.0]
            ]
        },
        {
            "name": "Arm_L",
            "time": [0.0, 1.0, 2.0],
            "transform": [
                [-0.357722, 0.93034, 0.08063, -0.0, -0.34914, -0.053164, -0.935561, 0.39386, -0.866104, -0.362822, 0.343837, 0.0, 0.0, 0.0, 0.0, 1.0],
                [-0.357722, 0.933756, 0.011606, -0.0, -0.34914, -0.122208, -0.929068, 0.39386, -0.866104, -0.3364, 0.369728, -0.0, 0.0, 0.0, 0.0, 1.0],
                [-0.357722, 0.93034, 0.08063, -0.0, -0.34914, -0.053164, -0.935561, 0.39386, -0.866104, -0.362822, 0.343837, 0.0, 0.0, 0.0, 0.0, 1.0]
            ]
        },
        {
            "name": "Hand_L",
            "time": [0.0, 1.0, 2.0],
            "transform": [
                [0.99932, -0.029243, 0.022473, -0.0, 0.03687, 0.807457, -0.588773, 0.3, -0.000928, 0.589201, 0.807986, -0.0, 0.0, 0.0, 0.0, 1.0],
                [0.99932, -0.033216, 0.016029, 0.0, 0.03687, 0.910667, -0.411494, 0.3, -0.000929, 0.411805, 0.911272, -0.0, 0.0, 0.0, 0.0, 1.0],
                [0.99932, -0.029243, 0.022473, -0.0, 0.03687, 0.807457, -0.588773, 0.3, -0.000928, 0.589201, 0.807986, -0.0, 0.0, 0.0, 0.0, 1.0]
            ]
        },
        {
            "name": "Tool_L",
            "time": [0.0, 2.0],
            "transform": [
                [1.0, 0.0, 0.0, -0.0, 0.0, -0.999836, 0.018122, 0.272858, 0.0, -0.018122, -0.999247, -0.0, 0.0, 0.0, 0.0, 1.0],
                [1.0, 0.0, 0.0, -0.0, 0.0, -0.999836, 0.018122, 0.272858, 0.0, -0.018122, -0.999247, -0.0, 0.0, 0.0, 0.0, 1.0]
            ]
        },
        {
            "name": "Elbow_L",
            "time": [0.0, 2.0],
            "transform": [
                [-1.0, 0.0, -0.0, -0.0, 0.0, -0.0, -1.0, 0.3, -0.0, -1.0, -0.0, -0.0, 0.0, 0.0, 0.0, 1.0],
                [-1.0, 0.0, -0.0, -0.0, 0.0, -0.0, -1.0, 0.3, -0.0, -1.0, -0.0, -0.0, 0.0, 0.0, 0.0, 1.0]
            ]
        }
    ]
}