{
    
    "animation": [
        {
            "name": "Root",
            "time": [0.0, 0.2, 0.4, 0.6, 0.8],
            "transform": [
                [0.981458, 0.0, -0.191677, -5e-06, -0.191677, 0.0, -0.981458, 0.000946, 0.0, 1.0, 0.0, 0.774314, 0.0, 0.0, 0.0, 1.0],
                [0.993557, 0.0, -0.113334, -5e-06, -0.113334, 0.0, -0.993557, 0.000946, 0.0, 1.0, 0.0, 0.691393, 0.0, 0.0, 0.0, 1.0],
                [0.972581, 0.0, -0.232566, -5e-06, -0.232566, 0.0, -0.972581, 0.000946, 0.0, 1.0, 0.0, 0.766222, 0.0, 0.0, 0.0, 1.0],
                [0.96256, 0.0, -0.27107, -5e-06, -0.27107, 0.0, -0.96256, 0.000946, 0.0, 1.0, 0.0, 0.680463, 0.0, 0.0, 0.0, 1.0],
                [0.981458, 0.0, -0.191677, -5e-06, -0.191677, 0.0, -0.981458, 0.000946, 0.0, 1.0, 0.0, 0.774314, 0.0, 0.0, 0.0, 1.0]
            ]
        },
        {
            "name": "Thigh_R",
            "time": [0.0, 0.2, 0.4, 0.6, 0.8],
            "transform": [
                [0.983617, 0.004879, -0.180205, 0.124994, 0.04814, -0.970438, 0.23649, -0.002831, -0.173725, -0.24129, -0.954777, -1.2e-05, 0.0, 0.0, 0.0, 1.0],
                [0.983617, -0.084078, -0.159463, 0.124994, 0.04814, -0.729942, 0.68181, -0.002831, -0.173725, -0.678314, -0.713938, -1.2e-05, 0.0, 0.0, 0.0, 1.0],
                [0.983617, 0.015522, -0.179602, 0.124994, 0.04814, -0.98272, 0.178716, -0.002831, -0.173725, -0.184433, -0.96737, -1.2e-05, 0.0, 0.0, 0.0, 1.0],
                [0.983617, 0.12342, -0.131396, 0.124994, 0.04814, -0.882243, -0.468323, -0.002831, -0.173724, 0.454324, -0.873733, -1.2e-05, 0.0, 0.0, 0.0, 1.0],
                [0.983617, 0.004879, -0.180205, 0.124994, 0.04814, -0.970438, 0.23649, -0.002831, -0.173725, -0.24129, -0.954777, -1.2e-05, 0.0, 0.0, 0.0, 1.0]
            ]
        },
        {
            "name": "Leg_R",
            "time": [0.0, 0.1167, 0.2, 0.4, 0.6, 0.8],
            "transform": [
                [1.0, -2e-06, 1e-06, -0.0, -0.0, 0.510414, 0.859929, 0.37472, -2e-06, -0.85993, 0.510413, -0.0, 0.0, 0.0, 0.0, 1.0],
                [1.0, -2e-06, 1e-06, -0.0, -0.0, 0.277573, 0.960704, 0.37472, -2e-06, -0.960705, 0.277572, -0.0, 0.0, 0.0, 0.0, 1.0],
                [1.0, -1e-06, 2e-06, 0.0, -0.0, 0.871118, 0.491075, 0.37472, -2e-06, -0.491076, 0.871116, 0.0, 0.0, 0.0, 0.0, 1.0],
                [1.0, -0.0, 2e-06, -0.0, -0.0, 0.996983, 0.077632, 0.37472, -2e-06, -0.077632, 0.996981, 0.0, 0.0, 0.0, 0.0, 1.0],
                [1.0, -0.0, 2e-06, 0.0, -0.0, 0.958761, 0.284216, 0.37472, -2e-06, -0.284217, 0.958759, 0.0, 0.0, 0.0, 0.0, 1.0],
                [1.0, -2e-06, 1e-06, -0.0, -0.0, 0.510414, 0.859929, 0.37472, -2e-06, -0.85993, 0.510413, -0.0, 0.0, 0.0, 0.0, 1.0]
            ]
        },
        {
            "name": "Knee_R",
            "time": [0.0, 0.8],
            "transform": [
                [1.0, 0.0, -0.0, -0.0, -0.0, 1e-06, -1.0, 0.37472, -0.0, 1.0, 1e-06, -0.0, 0.0, 0.0, 0.0, 1.0],
                [1.0, 0.0, -0.0, -0.0, -0.0, 1e-06, -1.0, 0.37472, -0.0, 1.0, 1e-06, -0.0, 0.0, 0.0, 0.0, 1.0]
            ]
        },
        {
            "name": "Thigh_L",
            "time": [0.0, 0.2, 0.4, 0.6, 0.8],
            "transform": [
                [0.973524, -0.028137, -0.226845, -0.125006, 0.007879, -0.987675, 0.156318, -0.002831, -0.228447, -0.153966, -0.961304, -1.2e-05, 0.0, 0.0, 0.0, 1.0],
                [0.973524, 0.110303, -0.200208, -0.125006, 0.007879, -0.891539, -0.452875, -0.002831, -0.228447, 0.439308, -0.868804, -1.2e-05, 0.0, 0.0, 0.0, 1.0],
                [0.973524, -0.006825, -0.228481, -0.125006, 0.007879, -0.997958, 0.063379, -0.002831, -0.228447, -0.0635, -0.971483, -1.2e-05, 0.0, 0.0, 0.0, 1.0],
                [0.973524, -0.153298, -0.169559, -0.125006, 0.007879, -0.718836, 0.695135, -0.002831, -0.228447, -0.678066, -0.698597, -1.2e-05, 0.0, 0.0, 0.0, 1.0],
                [0.973524, -0.028137, -0.226845, -0.125006, 0.007879, -0.987675, 0.156318, -0.002831, -0.228447, -0.153966, -0.961304, -1.2e-05, 0.0, 0.0, 0.0, 1.0]
            ]
        },
        {
            "name": "Leg_L",
            "time": [0.0, 0.2, 0.4, 0.5, 0.6, 0.8],
            "transform": [
                [1.0, -0.0, 0.0, 0.0, 0.0, 0.996223, 0.086834, 0.37472, -0.0, -0.086834, 0.996223, -0.0, 0.0, 0.0, 0.0, 1.0],
                [1.0, -1e-06, 0.0, 0.0, 0.0, 0.979883, 0.199573, 0.37472, -1e-06, -0.199573, 0.979883, 0.0, 0.0, 0.0, 0.0, 1.0],
                [1.0, -1e-06, 0.0, 0.0, 0.0, 0.650307, 0.759672, 0.37472, -1e-06, -0.759671, 0.650307, 0.0, 0.0, 0.0, 0.0, 1.0],
                [1.0, -1e-06, 0.0, 0.0, 0.0, 0.559741, 0.828668, 0.37472, -1e-06, -0.828667, 0.559742, 0.0, 0.0, 0.0, 0.0, 1.0],
                [1.0, -1e-06, 0.0, 0.0, 0.0, 0.828341, 0.560224, 0.37472, -1e-06, -0.560223, 0.828342, -0.0, 0.0, 0.0, 0.0, 1.0],
                [1.0, -0.0, 0.0, 0.0, 0.0, 0.996223, 0.086834, 0.37472, -0.0, -0.086834, 0.996223, -0.0, 0.0, 0.0, 0.0, 1.0]
            ]
        },
        {
            "name": "Knee_L",
            "time": [0.0, 0.4, 0.8],
            "transform": [
                [1.0, 0.0, -0.0, 0.0, -0.0, 1e-06, -1.0, 0.37472, -0.0, 1.0, 1e-06, -0.0, 0.0, 0.0, 0.0, 1.0],
                [1.0, 0.0, -0.0, 0.0, -0.0, 0.185928, -0.982563, 0.37472, -0.0, 0.982563, 0.185928, 0.0, 0.0, 0.0, 0.0, 1.0],
                [1.0, 0.0, -0.0, 0.0, -0.0, 1e-06, -1.0, 0.37472, -0.0, 1.0, 1e-06, -0.0, 0.0, 0.0, 0.0, 1.0]
            ]
        },
        {
            "name": "Torso",
            "time": [0.0, 0.2, 0.4, 0.6, 0.8],
            "transform": [
                [0.993761, -0.059142, 0.094561, -0.0, 0.025666, 0.946341, 0.322149, 0.05, -0.108539, -0.317712, 0.941954, 0.0, 0.0, 0.0, 0.0, 1.0],
                [0.993761, -0.047681, 0.100827, 0.0, 0.025666, 0.977515, 0.209297, 0.05, -0.108539, -0.205404, 0.97264, 0.0, 0.0, 0.0, 0.0, 1.0],
                [0.993761, -0.056021, 0.096443, -0.0, 0.025666, 0.956361, 0.291059, 0.05, -0.108539, -0.286768, 0.951832, -0.0, 0.0, 0.0, 0.0, 1.0],
                [0.993761, -0.046168, 0.101529, 0.0, 0.025666, 0.980536, 0.194656, 0.05, -0.108539, -0.190836, 0.975603, -0.0, 0.0, 0.0, 0.0, 1.0],
                [0.993761, -0.059142, 0.094561, -0.0, 0.025666, 0.946341, 0.322149, 0.05, -0.108539, -0.317712, 0.941954, 0.0, 0.0, 0.0, 0.0, 1.0]
            ]
        },
        {
            "name": "Chest",
            "time": [0.0, 0.8],
            "transform": [
                [0.912477, 0.051121, -0.405922, 0.0, -0.051995, 0.998608, 0.008884, 0.3, 0.405811, 0.012999, 0.913865, -0.0, 0.0, 0.0, 0.0, 1.0],
                [0.912477, 0.051121, -0.405922, 0.0, -0.051995, 0.998608, 0.008884, 0.3, 0.405811, 0.012999, 0.913865, -0.0, 0.0, 0.0, 0.0, 1.0]
            ]
        },
        {
            "name": "Head",
            "time": [0.0, 0.4, 0.6, 0.8],
            "transform": [
                [0.907513, 0.089113, 0.410461, -0.0, 0.018415, 0.967853, -0.250841, 0.4, -0.419619, 0.235201, 0.876698, 0.0, 0.0, 0.0, 0.0, 1.0],
                [0.831767, 0.089113, 0.547925, 0.0, 0.057591, 0.967853, -0.244834, 0.4, -0.552129, 0.235201, 0.799897, 0.0, 0.0, 0.0, 0.0, 1.0],
                [0.81737, 0.089113, 0.569179, 0.0, 0.063882, 0.967853, -0.243269, 0.4, -0.57256, 0.235201, 0.785401, 0.0, 0.0, 0.0, 0.0, 1.0],
                [0.907513, 0.089113, 0.410461, -0.0, 0.018415, 0.967853, -0.250841, 0.4, -0.419619, 0.235201, 0.876698, 0.0, 0.0, 0.0, 0.0, 1.0]
            ]
        },
        {
            "name": "Shoulder_R",
            "time": [0.0, 0.8],
            "transform": [
                [0.415433, 0.858229, 0.301428, -0.0, -0.109008, -0.282016, 0.953197, 0.4, 0.903069, -0.428847, -0.023605, 0.0, 0.0, 0.0, 0.0, 1.0],
                [0.415433, 0.858229, 0.301428, -0.0, -0.109008, -0.282016, 0.953197, 0.4, 0.903069, -0.428847, -0.023605, 0.0, 0.0, 0.0, 0.0, 1.0]
            ]
        },
        {
            "name": "Arm_R",
            "time": [0.0, 0.8],
            "transform": [
                [0.302939, -0.691885, -0.65538, 0.0, 0.881693, 0.464498, -0.082822, 0.39386, 0.361726, -0.552754, 0.750744, -0.0, 0.0, 0.0, 0.0, 1.0],
                [0.302939, -0.691885, -0.65538, 0.0, 0.881693, 0.464498, -0.082822, 0.39386, 0.361726, -0.552754, 0.750744, -0.0, 0.0, 0.0, 0.0, 1.0]
            ]
        },
        {
            "name": "Hand_R",
            "time": [0.0, 0.8],
            "transform": [
                [0.999985, 0.005233, -0.001855, 0.0, -0.00125, -0.113273, -0.993563, 0.3, -0.005409, 0.99355, -0.113265, -0.0, 0.0, 0.0, 0.0, 1.0],
                [0.999985, 0.005233, -0.001855, 0.0, -0.00125, -0.113273, -0.993563, 0.3, -0.005409, 0.99355, -0.113265, -0.0, 0.0, 0.0, 0.0, 1.0]
            ]
        },
        {
            "name": "Tool_R",
            "time": [0.0, 0.8],
            "transform": [
                [1.0, 0.0, 0.0, 0.0, 0.0, -0.999836, 0.018122, 0.272858, 0.0, -0.018122, -0.999244, 0.0, 0.0, 0.0, 0.0, 1.0],
                [1.0, 0.0, 0.0, 0.0, 0.0, -0.999836, 0.018122, 0.272858, 0.0, -0.018122, -0.999244, 0.0, 0.0, 0.0, 0.0, 1.0]
            ]
        },
        {
            "name": "Elbow_R",
            "time": [0.0, 0.8],
            "transform": [
                [-1.0, 0.0, 0.0, 0.0, 0.0, 0.766788, -0.6419, 0.3, -0.0, -0.6419, -0.766788, -0.0, 0.0, 0.0, 0.0, 1.0],
                [-1.0, 0.0, 0.0, 0.0, 0.0, 0.766788, -0.6419, 0.3, -0.0, -0.6419, -0.766788, -0.0, 0.0, 0.0, 0.0, 1.0]
            ]
        },
        {
            "name": "Shoulder_L",
            "time": [0.0, 0.8],
            "transform": [
                [0.688477, -0.659769, -0.301172, -0.0, 0.19521, -0.23136, 0.953082, 0.4, -0.698493, -0.714967, -0.030493, 0.0, 0.0, 0.0, 0.0, 1.0],
                [0.688477, -0.659769, -0.301172, -0.0, 0.19521, -0.23136, 0.953082, 0.4, -0.698493, -0.714967, -0.030493, 0.0, 0.0, 0.0, 0.0, 1.0]
            ]
        },
        {
            "name": "Arm_L",
            "time": [0.0, 0.8],
            "transform": [
                [-0.357722, 0.930341, 0.080631, 0.0, -0.34914, -0.053164, -0.935561, 0.39386, -0.866104, -0.362822, 0.343837, 0.0, 0.0, 0.0, 0.0, 1.0],
                [-0.357722, 0.930341, 0.080631, 0.0, -0.34914, -0.053164, -0.935561, 0.39386, -0.866104, -0.362822, 0.343837, 0.0, 0.0, 0.0, 0.0, 1.0]
            ]
        },
        {
            "name": "Hand_L",
            "time": [0.0, 0.8],
            "transform": [
                [0.99932, -0.029243, 0.022473, 0.0, 0.03687, 0.807458, -0.588773, 0.3, -0.000928, 0.589201, 0.807986, -0.0, 0.0, 0.0, 0.0, 1.0],
                [0.99932, -0.029243, 0.022473, 0.0, 0.03687, 0.807458, -0.588773, 0.3, -0.000928, 0.589201, 0.807986, -0.0, 0.0, 0.0, 0.0, 1.0]
            ]
        },
        {
            "name": "Tool_L",
            "time": [0.0, 0.8],
            "transform": [
                [1.0, -0.0, 0.0, 0.0, 0.0, -0.999836, 0.018122, 0.272858, 0.0, -0.018122, -0.999247, -0.0, 0.0, 0.0, 0.0, 1.0],
                [1.0, -0.0, 0.0, 0.0, 0.0, -0.999836, 0.018122, 0.272858, 0.0, -0.018122, -0.999247, -0.0, 0.0, 0.0, 0.0, 1.0]
            ]
        },
        {
            "name": "Elbow_L",
            "time": [0.0, 0.8],
            "transform": [
                [-1.0, 0.0, -0.0, 0.0, 0.0, -0.0, -1.0, 0.3, -0.0, -1.0, -0.0, -0.0, 0.0, 0.0, 0.0, 1.0],
                [-1.0, 0.0, -0.0, 0.0, 0.0, -0.0, -1.0, 0.3, -0.0, -1.0, -0.0, -0.0, 0.0, 0.0, 0.0, 1.0]
            ]
        }
    ]
}