{
    
    "animation": [
        {
            "name": "Root",
            "time": [0.0, 0.3667, 0.5667, 0.65, 0.7, 0.8833],
            "transform": [
                [0.871718, 0.0, 0.490007, -5e-06, 0.490007, 0.0, -0.871718, 0.087844, 0.0, 1.0, 0.0, 0.650685, 0.0, 0.0, 0.0, 1.0],
                [0.990742, -0.003362, -0.135716, -0.070133, -0.135758, -0.024533, -0.990438, -0.814721, 0.0, 0.999693, -0.024763, 0.685916, 0.0, 0.0, 0.0, 1.0],
                [0.990742, -0.003362, -0.135716, -0.070133, -0.135758, -0.024533, -0.990438, -0.814721, 0.0, 0.999693, -0.024763, 0.685916, 0.0, 0.0, 0.0, 1.0],
                [0.867281, 0.0, 0.497818, 0.02318, 0.497818, 0.0, -0.867281, 0.730089, 0.0, 1.0, 0.0, 0.612823, 0.0, 0.0, 0.0, 1.0],
                [0.867281, 0.0, 0.497818, 0.02318, 0.497818, 0.0, -0.867281, 0.730089, 0.0, 1.0, 0.0, 0.612823, 0.0, 0.0, 0.0, 1.0],
                [0.867281, 0.0, 0.497818, 0.02318, 0.497818, 0.0, -0.867281, 0.512078, 0.0, 1.0, 0.0, 0.767962, 0.0, 0.0, 0.0, 1.0]
            ]
        },
        {
            "name": "Thigh_R",
            "time": [0.0, 0.3667, 0.5667, 0.65, 0.7, 0.8833],
            "transform": [
                [0.884227, 0.179924, 0.431009, 0.124994, -0.066259, -0.865161, 0.497094, -0.002831, 0.462332, -0.468101, -0.75308, -1.2e-05, 0.0, 0.0, 0.0, 1.0],
                [0.997282, -0.061368, -0.040766, 0.124994, -0.066259, -0.98902, -0.132083, -0.002831, -0.032212, 0.134426, -0.9904, -1.2e-05, 0.0, 0.0, 0.0, 1.0],
                [0.997282, -0.061368, -0.040766, 0.124994, -0.066259, -0.98902, -0.132083, -0.002831, -0.032212, 0.134426, -0.9904, -1.2e-05, 0.0, 0.0, 0.0, 1.0],
                [0.816566, 0.410502, 0.40584, 0.124994, -0.079845, -0.615976, 0.783707, -0.002831, 0.571703, -0.672351, -0.470211, -1.2e-05, 0.0, 0.0, 0.0, 1.0],
                [0.816566, 0.410502, 0.40584, 0.124994, -0.079845, -0.615976, 0.783707, -0.002831, 0.571703, -0.672351, -0.470211, -1.2e-05, 0.0, 0.0, 0.0, 1.0],
                [0.803237, 0.224613, 0.551687, 0.124994, -0.029577, -0.909995, 0.413559, -0.002831, 0.594924, -0.348502, -0.7243, -1.2e-05, 0.0, 0.0, 0.0, 1.0]
            ]
        },
        {
            "name": "Leg_R",
            "time": [0.0, 0.2167, 0.3667, 0.5667, 0.65, 0.7, 0.8833],
            "transform": [
                [1.0, -0.0, 2e-06, 0.0, -0.0, 0.966099, 0.258173, 0.37472, -2e-06, -0.258173, 0.966098, 0.0, 0.0, 0.0, 0.0, 1.0],
                [1.0, -1e-06, 1e-06, 0.0, -0.0, 0.601005, 0.799244, 0.37472, -2e-06, -0.799246, 0.601005, -0.0, 0.0, 0.0, 0.0, 1.0],
                [1.0, -1e-06, 1e-06, 0.0, -0.0, 0.601005, 0.799245, 0.37472, -2e-06, -0.799246, 0.601005, 0.0, 0.0, 0.0, 0.0, 1.0],
                [1.0, -1e-06, 1e-06, 0.0, -0.0, 0.601005, 0.799245, 0.37472, -2e-06, -0.799246, 0.601005, 0.0, 0.0, 0.0, 0.0, 1.0],
                [1.0, -1e-06, 2e-06, 0.0, -0.0, 0.819166, 0.573557, 0.37472, -2e-06, -0.573558, 0.819165, 0.0, 0.0, 0.0, 0.0, 1.0],
                [1.0, -1e-06, 2e-06, 0.0, -0.0, 0.819166, 0.573557, 0.37472, -2e-06, -0.573558, 0.819165, 0.0, 0.0, 0.0, 0.0, 1.0],
                [0.999946, -0.009627, -0.003943, -0.0, 0.010307, 0.86547, 0.500855, 0.37472, -0.001409, -0.500869, 0.865521, 0.0, 0.0, 0.0, 0.0, 1.0]
            ]
        },
        {
            "name": "Knee_R",
            "time": [0.0, 0.8833],
            "transform": [
                [1.0, 0.0, -0.0, 0.0, -0.0, 1e-06, -1.0, 0.37472, -0.0, 1.0, 1e-06, 0.0, 0.0, 0.0, 0.0, 1.0],
                [1.0, 0.0, -0.0, -0.0, -0.0, 1e-06, -1.0, 0.37472, -0.0, 1.0, 1e-06, 0.0, 0.0, 0.0, 0.0, 1.0]
            ]
        },
        {
            "name": "Thigh_L",
            "time": [0.0, 0.3667, 0.5667, 0.65, 0.7, 0.8833],
            "transform": [
                [0.84353, -0.372055, 0.387338, -0.125006, -0.065608, -0.787172, -0.613233, -0.002831, 0.533058, 0.491869, -0.688414, -1.2e-05, 0.0, 0.0, 0.0, 1.0],
                [0.996541, -0.082708, -0.007984, -0.125006, -0.065608, -0.842178, 0.535193, -0.002831, -0.050989, -0.532818, -0.844692, -1.2e-05, 0.0, 0.0, 0.0, 1.0],
                [0.996541, -0.082708, -0.007984, -0.125006, -0.065608, -0.842178, 0.535193, -0.002831, -0.050989, -0.532818, -0.844692, -1.2e-05, 0.0, 0.0, 0.0, 1.0],
                [0.855344, -0.226747, 0.465802, -0.125006, 0.078587, -0.831933, -0.549283, -0.002831, 0.512064, 0.506433, -0.69377, -1.2e-05, 0.0, 0.0, 0.0, 1.0],
                [0.855344, -0.226747, 0.465802, -0.125006, 0.078587, -0.831933, -0.549283, -0.002831, 0.512064, 0.506433, -0.69377, -1.2e-05, 0.0, 0.0, 0.0, 1.0],
                [0.829366, -0.110538, 0.54766, -0.125006, -0.117059, -0.992856, -0.023124, -0.002831, 0.546304, -0.04493, -0.836381, -1.2e-05, 0.0, 0.0, 0.0, 1.0]
            ]
        },
        {
            "name": "Leg_L",
            "time": [0.0, 0.2167, 0.3667, 0.5667, 0.65, 0.7, 0.8833],
            "transform": [
                [0.99691, 0.073793, -0.026926, -0.0, -0.071923, 0.995301, 0.064823, 0.37472, 0.031583, -0.062686, 0.997534, -0.0, 0.0, 0.0, 0.0, 1.0],
                [0.99691, 0.075819, 0.020539, 0.0, -0.071923, 0.7759, 0.626743, 0.37472, 0.031583, -0.626283, 0.778956, 0.0, 0.0, 0.0, 0.0, 1.0],
                [0.99691, 0.075819, 0.020539, -0.0, -0.071923, 0.775899, 0.626743, 0.37472, 0.031583, -0.626283, 0.778956, 0.0, 0.0, 0.0, 0.0, 1.0],
                [0.99691, 0.075819, 0.020539, -0.0, -0.071923, 0.775899, 0.626743, 0.37472, 0.031583, -0.626283, 0.778956, 0.0, 0.0, 0.0, 0.0, 1.0],
                [0.99691, 0.078311, 0.006147, 0.0, -0.071923, 0.878521, 0.472259, 0.37472, 0.031583, -0.471241, 0.881439, 0.0, 0.0, 0.0, 0.0, 1.0],
                [0.99691, 0.078311, 0.006147, 0.0, -0.071923, 0.878521, 0.472259, 0.37472, 0.031583, -0.471241, 0.881439, 0.0, 0.0, 0.0, 0.0, 1.0],
                [0.99691, 0.078311, 0.006147, -0.0, -0.071923, 0.878521, 0.472259, 0.37472, 0.031583, -0.471241, 0.881439, 0.0, 0.0, 0.0, 0.0, 1.0]
            ]
        },
        {
            "name": "Knee_L",
            "time": [0.0, 0.8833],
            "transform": [
                [1.0, 0.0, -0.0, -0.0, -0.0, 1e-06, -1.0, 0.37472, -0.0, 1.0, 1e-06, -0.0, 0.0, 0.0, 0.0, 1.0],
                [1.0, 0.0, -0.0, -0.0, -0.0, 1e-06, -1.0, 0.37472, -0.0, 1.0, 1e-06, 0.0, 0.0, 0.0, 0.0, 1.0]
            ]
        },
        {
            "name": "Torso",
            "time": [0.0, 0.3667, 0.5667, 0.65, 0.7, 0.8833],
            "transform": [
                [0.965225, -0.020971, 0.260579, -0.0, 0.015333, 0.999603, 0.023651, 0.05, -0.260972, -0.018833, 0.965163, 0.0, 0.0, 0.0, 0.0, 1.0],
                [0.821576, -0.014596, -0.569912, -0.0, 0.025735, 0.999603, 0.011498, 0.05, 0.569518, -0.024113, 0.821625, -0.0, 0.0, 0.0, 0.0, 1.0],
                [0.821576, -0.014596, -0.569912, -0.0, 0.025735, 0.999603, 0.011498, 0.05, 0.569518, -0.024113, 0.821625, -0.0, 0.0, 0.0, 0.0, 1.0],
                [0.999598, -0.014596, -0.02429, -0.0, 0.015173, 0.999603, 0.023754, 0.05, 0.023934, -0.024113, 0.999423, -0.0, 0.0, 0.0, 0.0, 1.0],
                [0.999598, -0.014596, -0.02429, -0.0, 0.015173, 0.999603, 0.023754, 0.05, 0.023934, -0.024113, 0.999423, -0.0, 0.0, 0.0, 0.0, 1.0],
                [0.999598, -0.014596, -0.02429, -0.0, 0.015173, 0.999603, 0.023754, 0.05, 0.023934, -0.024113, 0.999423, 0.0, 0.0, 0.0, 0.0, 1.0]
            ]
        },
        {
            "name": "Chest",
            "time": [0.0, 0.3667, 0.5667, 0.65, 0.7, 0.8833],
            "transform": [
                [0.986864, -0.021411, 0.160127, 0.0, 0.018051, 0.999586, 0.022413, 0.3, -0.160541, -0.019228, 0.986842, -0.0, 0.0, 0.0, 0.0, 1.0],
                [0.574735, 0.028543, -0.817842, -0.0, 0.009174, 0.999104, 0.041316, 0.3, 0.818288, -0.031249, 0.573958, -0.0, 0.0, 0.0, 0.0, 1.0],
                [0.706856, 0.02444, -0.706935, -0.0, 0.006656, 0.999129, 0.041197, 0.3, 0.707326, -0.033825, 0.706078, -0.0, 0.0, 0.0, 0.0, 1.0],
                [0.99949, 0.028543, -0.01435, 0.0, -0.028078, 0.999104, 0.031668, 0.3, 0.015241, -0.031249, 0.999395, 0.0, 0.0, 0.0, 0.0, 1.0],
                [0.99949, 0.028543, -0.01435, 0.0, -0.028078, 0.999104, 0.031668, 0.3, 0.015241, -0.031249, 0.999395, 0.0, 0.0, 0.0, 0.0, 1.0],
                [0.99319, 0.028543, -0.112953, -0.0, -0.024814, 0.999104, 0.034285, 0.3, 0.11383, -0.031249, 0.993009, 0.0, 0.0, 0.0, 0.0, 1.0]
            ]
        },
        {
            "name": "Head",
            "time": [0.0, 0.3667, 0.5667, 0.65, 0.7, 0.8833],
            "transform": [
                [0.528166, 0.205928, -0.823793, -0.0, -0.102056, 0.97851, 0.179172, 0.4, 0.842986, -0.010559, 0.537832, -0.0, 0.0, 0.0, 0.0, 1.0],
                [-0.013087, -0.072078, 0.997313, -0.0, -0.008036, 0.997374, 0.071977, 0.4, -0.999882, -0.007072, -0.013632, 0.0, 0.0, 0.0, 0.0, 1.0],
                [0.563657, 0.205928, 0.799928, -0.0, -0.127429, 0.97851, -0.16211, 0.4, -0.81612, -0.010559, 0.577785, -0.0, 0.0, 0.0, 0.0, 1.0],
                [0.987977, 0.039651, 0.149428, -0.0, -0.058232, 0.990808, 0.122099, 0.4, -0.143213, -0.129333, 0.981205, 0.0, 0.0, 0.0, 0.0, 1.0],
                [0.987977, 0.039651, 0.149428, -0.0, -0.058232, 0.990808, 0.122099, 0.4, -0.143213, -0.129333, 0.981205, 0.0, 0.0, 0.0, 0.0, 1.0],
                [0.987977, 0.039651, 0.149428, -0.0, -0.058232, 0.990808, 0.122099, 0.4, -0.143213, -0.129333, 0.981205, 0.0, 0.0, 0.0, 0.0, 1.0]
            ]
        },
        {
            "name": "Shoulder_R",
            "time": [0.0, 0.3667, 0.5667, 0.65, 0.7, 0.8833],
            "transform": [
                [0.098736, 0.939555, 0.327852, -0.0, 0.010549, -0.330432, 0.943771, 0.4, 0.995058, -0.089726, -0.042537, -0.0, 0.0, 0.0, 0.0, 1.0],
                [0.317074, 0.899438, 0.300789, -0.0, 0.006378, -0.319169, 0.947676, 0.4, 0.948379, -0.298565, -0.106937, 0.0, 0.0, 0.0, 0.0, 1.0],
                [0.317074, 0.899438, 0.300789, -0.0, 0.006378, -0.319169, 0.947676, 0.4, 0.948379, -0.298565, -0.106937, -0.0, 0.0, 0.0, 0.0, 1.0],
                [0.759588, 0.576672, 0.300789, -0.0, -0.170258, -0.270041, 0.947676, 0.4, 0.627724, -0.771056, -0.106937, 0.0, 0.0, 0.0, 0.0, 1.0],
                [0.759588, 0.576672, 0.300789, -0.0, -0.170258, -0.270041, 0.947676, 0.4, 0.627724, -0.771056, -0.106937, 0.0, 0.0, 0.0, 0.0, 1.0],
                [0.317074, 0.899438, 0.300789, -0.0, 0.006378, -0.319169, 0.947676, 0.4, 0.948379, -0.298565, -0.106937, 0.0, 0.0, 0.0, 0.0, 1.0]
            ]
        },
        {
            "name": "Arm_R",
            "time": [0.0, 0.3667, 0.5667, 0.65, 0.7, 0.8833],
            "transform": [
                [-0.004728, -0.71348, -0.700659, -0.0, 0.187543, 0.687602, -0.701449, 0.393861, 0.982245, -0.134721, 0.130557, -0.0, 0.0, 0.0, 0.0, 1.0],
                [-0.004728, -0.71348, -0.700659, -0.0, 0.187543, 0.687602, -0.701449, 0.39386, 0.982245, -0.134721, 0.130557, -0.0, 0.0, 0.0, 0.0, 1.0],
                [-0.004728, -0.71348, -0.700659, -0.0, 0.187543, 0.687602, -0.701449, 0.39386, 0.982245, -0.134721, 0.130557, -0.0, 0.0, 0.0, 0.0, 1.0],
                [-0.145325, -0.296972, -0.943763, 0.0, -0.23993, 0.935994, -0.257582, 0.393861, 0.959851, 0.189004, -0.207275, -0.0, 0.0, 0.0, 0.0, 1.0],
                [-0.145325, -0.296972, -0.943763, 0.0, -0.23993, 0.935994, -0.257582, 0.393861, 0.959851, 0.189004, -0.207275, -0.0, 0.0, 0.0, 0.0, 1.0],
                [-0.114988, -0.600672, -0.791183, 0.0, -0.230286, 0.790888, -0.566979, 0.39386, 0.966306, 0.117003, -0.229269, -0.0, 0.0, 0.0, 0.0, 1.0]
            ]
        },
        {
            "name": "Hand_R",
            "time": [0.0, 0.3667, 0.5667, 0.6, 0.65, 0.7, 0.7667, 0.8833],
            "transform": [
                [0.999985, 0.001487, 0.005349, -0.0, -0.00125, 0.999034, -0.043939, 0.3, -0.005409, 0.043932, 0.99902, 0.0, 0.0, 0.0, 0.0, 1.0],
                [0.962773, -0.24837, -0.106678, 0.0, -0.07504, 0.133557, -0.988196, 0.3, 0.259686, 0.959414, 0.109947, 0.0, 0.0, 0.0, 0.0, 1.0],
                [0.962773, -0.24837, -0.106678, 0.0, -0.07504, 0.133557, -0.988196, 0.3, 0.259686, 0.959414, 0.109947, -0.0, 0.0, 0.0, 0.0, 1.0],
                [0.981322, -0.18456, -0.054267, 0.0, -0.017908, 0.193226, -0.980991, 0.3, 0.191537, 0.96364, 0.186312, -0.0, 0.0, 0.0, 0.0, 1.0],
                [0.998988, 0.044099, -0.00885, -0.0, -0.041601, 0.980718, 0.190952, 0.3, 0.0171, -0.19039, 0.98156, 0.0, 0.0, 0.0, 0.0, 1.0],
                [0.998988, 0.044099, -0.00885, -0.0, -0.041601, 0.980718, 0.190952, 0.3, 0.0171, -0.19039, 0.98156, 0.0, 0.0, 0.0, 0.0, 1.0],
                [0.998988, 0.038756, -0.022826, -0.0, -0.041601, 0.98909, -0.14132, 0.3, 0.0171, 0.142127, 0.989701, 0.0, 0.0, 0.0, 0.0, 1.0],
                [0.998988, 0.009073, -0.044054, -0.0, -0.041601, 0.558766, -0.828282, 0.3, 0.0171, 0.829276, 0.558578, 0.0, 0.0, 0.0, 0.0, 1.0]
            ]
        },
        {
            "name": "Tool_R",
            "time": [0.0, 0.3667, 0.5667, 0.65, 0.7, 0.8833],
            "transform": [
                [-0.142032, 0.461593, -0.875648, 0.050003, 0.584856, 0.752827, 0.301984, 0.438873, 0.798139, -0.468951, -0.376664, 0.032255, 0.0, 0.0, 0.0, 1.0],
                [-0.374532, -0.010204, -0.927158, -0.053789, -0.177164, 0.982304, 0.060756, 0.309342, 0.90959, 0.186914, -0.369492, 0.012195, 0.0, 0.0, 0.0, 1.0],
                [-0.374532, -0.010204, -0.927158, -0.053789, -0.177164, 0.982304, 0.060756, 0.309342, 0.90959, 0.186914, -0.369492, 0.012195, 0.0, 0.0, 0.0, 1.0],
                [-0.374523, 0.083926, -0.923412, 0.001652, -0.177185, 0.971065, 0.16012, 0.531372, 0.90959, 0.223461, -0.348607, 0.058576, 0.0, 0.0, 0.0, 1.0],
                [-0.374523, 0.083926, -0.923412, 0.001652, -0.177185, 0.971065, 0.16012, 0.531372, 0.90959, 0.223461, -0.348607, 0.058576, 0.0, 0.0, 0.0, 1.0],
                [-0.374535, -0.034006, -0.926589, 0.001652, -0.177159, 0.983542, 0.035513, 0.531372, 0.90959, 0.17736, -0.374172, 0.058576, 0.0, 0.0, 0.0, 1.0]
            ]
        },
        {
            "name": "Elbow_R",
            "time": [0.0, 0.8833],
            "transform": [
                [-1.0, 0.0, 0.0, -0.0, -0.0, 0.489299, -0.872116, 0.3, -0.0, -0.872116, -0.489299, 0.0, 0.0, 0.0, 0.0, 1.0],
                [-1.0, 0.0, -0.0, -0.0, 0.0, -0.013448, -0.99991, 0.3, -0.0, -0.99991, 0.013448, 0.0, 0.0, 0.0, 0.0, 1.0]
            ]
        },
        {
            "name": "Shoulder_L",
            "time": [0.0, 0.3667, 0.5667, 0.65, 0.7, 0.8833],
            "transform": [
                [0.245077, -0.921538, -0.301172, -0.0, 0.046461, -0.299125, 0.953082, 0.4, -0.96839, -0.247572, -0.030493, -0.0, 0.0, 0.0, 0.0, 1.0],
                [0.901517, -0.310743, -0.301172, -0.0, 0.274166, -0.128326, 0.953082, 0.4, -0.334812, -0.941791, -0.030493, 0.0, 0.0, 0.0, 0.0, 1.0],
                [0.901518, -0.310743, -0.301172, -0.0, 0.274166, -0.128326, 0.953082, 0.4, -0.334812, -0.941791, -0.030493, -0.0, 0.0, 0.0, 0.0, 1.0],
                [0.799133, -0.52027, -0.301172, -0.0, 0.234819, -0.191035, 0.953082, 0.4, -0.553394, -0.832361, -0.030493, 0.0, 0.0, 0.0, 0.0, 1.0],
                [0.799133, -0.52027, -0.301172, -0.0, 0.234819, -0.191035, 0.953082, 0.4, -0.553394, -0.832361, -0.030493, 0.0, 0.0, 0.0, 0.0, 1.0],
                [0.799133, -0.52027, -0.301172, -0.0, 0.234819, -0.191035, 0.953082, 0.4, -0.553395, -0.832361, -0.030493, 0.0, 0.0, 0.0, 0.0, 1.0]
            ]
        },
        {
            "name": "Arm_L",
            "time": [0.0, 0.3667, 0.5667, 0.65, 0.7, 0.8833],
            "transform": [
                [-0.120177, 0.881988, -0.455692, -0.0, 0.447338, -0.361667, -0.817977, 0.39386, -0.886255, -0.30215, -0.351082, 0.0, 0.0, 0.0, 0.0, 1.0],
                [0.24902, 0.785072, 0.567143, 0.0, -0.191789, -0.53402, 0.823432, 0.39386, 0.949319, -0.313822, 0.017587, -0.0, 0.0, 0.0, 0.0, 1.0],
                [0.24902, 0.785072, 0.567143, 0.0, -0.191789, -0.53402, 0.823432, 0.39386, 0.949319, -0.313822, 0.017587, -0.0, 0.0, 0.0, 0.0, 1.0],
                [0.040174, 0.852767, 0.520744, -0.0, -0.151098, -0.509987, 0.846807, 0.39386, 0.987702, -0.112703, 0.108364, -0.0, 0.0, 0.0, 0.0, 1.0],
                [0.040174, 0.852767, 0.520744, -0.0, -0.151098, -0.509987, 0.846807, 0.39386, 0.987702, -0.112703, 0.108364, -0.0, 0.0, 0.0, 0.0, 1.0],
                [-0.01376, 0.763089, 0.646147, -0.0, -0.081079, -0.644932, 0.759927, 0.39386, 0.996613, -0.041932, 0.070744, -0.0, 0.0, 0.0, 0.0, 1.0]
            ]
        },
        {
            "name": "Hand_L",
            "time": [0.0, 0.8833],
            "transform": [
                [0.99932, -0.033234, 0.015992, 0.0, 0.036869, 0.911118, -0.410493, 0.3, -0.000928, 0.410803, 0.911724, 0.0, 0.0, 0.0, 0.0, 1.0],
                [0.99932, -0.033234, 0.015992, 0.0, 0.036869, 0.911119, -0.410493, 0.3, -0.000928, 0.410803, 0.911724, 0.0, 0.0, 0.0, 0.0, 1.0]
            ]
        },
        {
            "name": "Tool_L",
            "time": [0.0, 0.8833],
            "transform": [
                [1.0, 0.0, 0.0, -0.0, 0.0, -0.999836, 0.018122, 0.272858, 0.0, -0.018122, -0.999247, 0.0, 0.0, 0.0, 0.0, 1.0],
                [1.0, 0.0, 0.0, -0.0, 0.0, -0.999836, 0.018122, 0.272858, 0.0, -0.018122, -0.999247, 0.0, 0.0, 0.0, 0.0, 1.0]
            ]
        },
        {
            "name": "Elbow_L",
            "time": [0.0, 0.8833],
            "transform": [
                [-1.0, 0.0, -0.0, 0.0, 0.0, -0.0, -1.0, 0.3, -0.0, -1.0, -0.0, 0.0, 0.0, 0.0, 0.0, 1.0],
                [-1.0, 0.0, -0.0, 0.0, 0.0, -0.0, -1.0, 0.3, -0.0, -1.0, -0.0, 0.0, 0.0, 0.0, 0.0, 1.0]
            ]
        }
    ]
}