{
    
    "animation": [
        {
            "name": "Root",
            "time": [0.0, 0.3, 0.3333, 0.4167, 0.5, 0.75],
            "transform": [
                [0.871718, 0.0, 0.490007, -5e-06, 0.490007, 0.0, -0.871718, 0.087844, 0.0, 1.0, 0.0, 0.650685, 0.0, 0.0, 0.0, 1.0],
                [0.990742, 0.0, -0.135758, -5e-06, -0.135758, 0.0, -0.990742, 0.087844, 0.0, 1.0, 0.0, 0.650685, 0.0, 0.0, 0.0, 1.0],
                [0.990742, 0.0, -0.135758, -5e-06, -0.135758, 0.0, -0.990742, 0.087844, 0.0, 1.0, 0.0, 0.650685, 0.0, 0.0, 0.0, 1.0],
                [0.867281, 0.0, 0.497818, 0.02318, 0.497818, 0.0, -0.867281, 0.440632, 0.0, 1.0, 0.0, 0.612823, 0.0, 0.0, 0.0, 1.0],
                [0.867281, 0.0, 0.497818, 0.02318, 0.497818, 0.0, -0.867281, 0.440632, 0.0, 1.0, 0.0, 0.612823, 0.0, 0.0, 0.0, 1.0],
                [0.867281, 0.0, 0.497818, 0.02318, 0.497818, 0.0, -0.867281, 0.440632, 0.0, 1.0, 0.0, 0.612823, 0.0, 0.0, 0.0, 1.0]
            ]
        },
        {
            "name": "Thigh_R",
            "time": [0.0, 0.3, 0.4167, 0.5, 0.75],
            "transform": [
                [0.884227, 0.179924, 0.431009, 0.124994, -0.066259, -0.865161, 0.497094, -0.002831, 0.462332, -0.468101, -0.75308, -1.2e-05, 0.0, 0.0, 0.0, 1.0],
                [0.997282, -0.073505, 0.005, 0.124994, -0.066259, -0.865161, 0.497094, -0.002831, -0.032213, -0.496073, -0.867683, -1.2e-05, 0.0, 0.0, 0.0, 1.0],
                [0.816566, 0.410502, 0.40584, 0.124994, -0.079845, -0.615976, 0.783707, -0.002831, 0.571703, -0.672351, -0.470211, -1.2e-05, 0.0, 0.0, 0.0, 1.0],
                [0.816566, 0.410502, 0.40584, 0.124994, -0.079845, -0.615976, 0.783707, -0.002831, 0.571703, -0.672351, -0.470211, -1.2e-05, 0.0, 0.0, 0.0, 1.0],
                [0.816566, 0.410502, 0.40584, 0.124994, -0.079845, -0.615976, 0.783707, -0.002831, 0.571703, -0.672351, -0.470211, -1.2e-05, 0.0, 0.0, 0.0, 1.0]
            ]
        },
        {
            "name": "Leg_R",
            "time": [0.0, 0.4167, 0.5, 0.75],
            "transform": [
                [1.0, -0.0, 2e-06, 0.0, -0.0, 0.966099, 0.258173, 0.37472, -2e-06, -0.258173, 0.966098, 0.0, 0.0, 0.0, 0.0, 1.0],
                [1.0, -1e-06, 2e-06, 0.0, -0.0, 0.819166, 0.573557, 0.37472, -2e-06, -0.573558, 0.819165, 0.0, 0.0, 0.0, 0.0, 1.0],
                [1.0, -1e-06, 2e-06, 0.0, -0.0, 0.819166, 0.573557, 0.37472, -2e-06, -0.573558, 0.819165, 0.0, 0.0, 0.0, 0.0, 1.0],
                [1.0, -1e-06, 2e-06, 0.0, -0.0, 0.819166, 0.573557, 0.37472, -2e-06, -0.573558, 0.819165, 0.0, 0.0, 0.0, 0.0, 1.0]
            ]
        },
        {
            "name": "Knee_R",
            "time": [0.0, 0.5, 0.75],
            "transform": [
                [1.0, 0.0, -0.0, 0.0, -0.0, 1e-06, -1.0, 0.37472, -0.0, 1.0, 1e-06, 0.0, 0.0, 0.0, 0.0, 1.0],
                [1.0, 0.0, -0.0, 0.0, -0.0, 1e-06, -1.0, 0.37472, -0.0, 1.0, 1e-06, 0.0, 0.0, 0.0, 0.0, 1.0],
                [1.0, 0.0, -0.0, 0.0, -0.0, 1e-06, -1.0, 0.37472, -0.0, 1.0, 1e-06, 0.0, 0.0, 0.0, 0.0, 1.0]
            ]
        },
        {
            "name": "Thigh_L",
            "time": [0.0, 0.3, 0.4167, 0.5, 0.75],
            "transform": [
                [0.84353, -0.372055, 0.387338, -0.125006, -0.065608, -0.787172, -0.613233, -0.002831, 0.533058, 0.491869, -0.688414, -1.2e-05, 0.0, 0.0, 0.0, 1.0],
                [0.996541, -0.020286, -0.080578, -0.125006, -0.065608, -0.787172, -0.613233, -0.002831, -0.050988, 0.6164, -0.785781, -1.2e-05, 0.0, 0.0, 0.0, 1.0],
                [0.855344, -0.226747, 0.465802, -0.125006, 0.078587, -0.831933, -0.549283, -0.002831, 0.512064, 0.506433, -0.69377, -1.2e-05, 0.0, 0.0, 0.0, 1.0],
                [0.855344, -0.226747, 0.465802, -0.125006, 0.078587, -0.831933, -0.549283, -0.002831, 0.512064, 0.506433, -0.69377, -1.2e-05, 0.0, 0.0, 0.0, 1.0],
                [0.855344, -0.226747, 0.465802, -0.125006, 0.078587, -0.831933, -0.549283, -0.002831, 0.512064, 0.506433, -0.69377, -1.2e-05, 0.0, 0.0, 0.0, 1.0]
            ]
        },
        {
            "name": "Leg_L",
            "time": [0.0, 0.4167, 0.5, 0.75],
            "transform": [
                [0.99691, 0.073793, -0.026926, -0.0, -0.071923, 0.995301, 0.064823, 0.37472, 0.031583, -0.062686, 0.997534, -0.0, 0.0, 0.0, 0.0, 1.0],
                [0.99691, 0.078311, 0.006147, -0.0, -0.071923, 0.878521, 0.472259, 0.37472, 0.031583, -0.471241, 0.881439, 0.0, 0.0, 0.0, 0.0, 1.0],
                [0.99691, 0.078311, 0.006147, -0.0, -0.071923, 0.878521, 0.472259, 0.37472, 0.031583, -0.471241, 0.881439, 0.0, 0.0, 0.0, 0.0, 1.0],
                [0.99691, 0.078311, 0.006147, -0.0, -0.071923, 0.878521, 0.472259, 0.37472, 0.031583, -0.471241, 0.881439, 0.0, 0.0, 0.0, 0.0, 1.0]
            ]
        },
        {
            "name": "Knee_L",
            "time": [0.0, 0.5, 0.75],
            "transform": [
                [1.0, 0.0, -0.0, -0.0, -0.0, 1e-06, -1.0, 0.37472, -0.0, 1.0, 1e-06, -0.0, 0.0, 0.0, 0.0, 1.0],
                [1.0, 0.0, -0.0, -0.0, -0.0, 1e-06, -1.0, 0.37472, -0.0, 1.0, 1e-06, 0.0, 0.0, 0.0, 0.0, 1.0],
                [1.0, 0.0, -0.0, -0.0, -0.0, 1e-06, -1.0, 0.37472, -0.0, 1.0, 1e-06, 0.0, 0.0, 0.0, 0.0, 1.0]
            ]
        },
        {
            "name": "Torso",
            "time": [0.0, 0.3, 0.3333, 0.5, 0.75],
            "transform": [
                [0.965225, -0.020971, 0.260579, -0.0, 0.015333, 0.999603, 0.023651, 0.05, -0.260972, -0.018833, 0.965163, 0.0, 0.0, 0.0, 0.0, 1.0],
                [0.999412, -0.014596, -0.031028, -0.0, 0.015333, 0.999603, 0.023651, 0.05, 0.03067, -0.024113, 0.999239, -0.0, 0.0, 0.0, 0.0, 1.0],
                [0.999412, -0.014596, -0.031028, -0.0, 0.015333, 0.999603, 0.023651, 0.05, 0.03067, -0.024113, 0.999239, -0.0, 0.0, 0.0, 0.0, 1.0],
                [0.999412, -0.014596, -0.031028, -0.0, 0.015333, 0.999603, 0.023651, 0.05, 0.03067, -0.024113, 0.999239, 0.0, 0.0, 0.0, 0.0, 1.0],
                [0.999412, -0.014596, -0.031028, -0.0, 0.015333, 0.999603, 0.023651, 0.05, 0.03067, -0.024113, 0.999239, 0.0, 0.0, 0.0, 0.0, 1.0]
            ]
        },
        {
            "name": "Chest",
            "time": [0.0, 0.3, 0.3333, 0.4167, 0.5, 0.75],
            "transform": [
                [0.986864, -0.021411, 0.160127, 0.0, 0.018051, 0.999586, 0.022413, 0.3, -0.160541, -0.019228, 0.986842, -0.0, 0.0, 0.0, 0.0, 1.0],
                [0.708601, 0.028543, -0.705032, 0.0, 0.001825, 0.999104, 0.042283, 0.3, 0.705607, -0.031249, 0.707914, -0.0, 0.0, 0.0, 0.0, 1.0],
                [0.708601, 0.028543, -0.705032, 0.0, 0.001825, 0.999104, 0.042283, 0.3, 0.705607, -0.031249, 0.707914, -0.0, 0.0, 0.0, 0.0, 1.0],
                [0.99949, 0.028543, -0.01435, 0.0, -0.028078, 0.999104, 0.031668, 0.3, 0.015241, -0.031249, 0.999396, 0.0, 0.0, 0.0, 0.0, 1.0],
                [0.99319, 0.028543, -0.112953, 0.0, -0.024814, 0.999104, 0.034285, 0.3, 0.11383, -0.031249, 0.993009, 0.0, 0.0, 0.0, 0.0, 1.0],
                [0.99319, 0.028543, -0.112953, 0.0, -0.024814, 0.999104, 0.034285, 0.3, 0.11383, -0.031249, 0.993009, 0.0, 0.0, 0.0, 0.0, 1.0]
            ]
        },
        {
            "name": "Head",
            "time": [0.0, 0.3, 0.3333, 0.4167, 0.5, 0.75],
            "transform": [
                [0.528166, 0.205928, -0.823793, -0.0, -0.102056, 0.97851, 0.179172, 0.4, 0.842986, -0.010559, 0.537832, -0.0, 0.0, 0.0, 0.0, 1.0],
                [0.563657, 0.205928, 0.799928, -0.0, -0.127429, 0.97851, -0.16211, 0.4, -0.81612, -0.010559, 0.577786, -0.0, 0.0, 0.0, 0.0, 1.0],
                [0.563657, 0.205928, 0.799928, -0.0, -0.127429, 0.97851, -0.16211, 0.4, -0.81612, -0.010559, 0.577786, -0.0, 0.0, 0.0, 0.0, 1.0],
                [0.816624, 0.205928, -0.539184, 0.0, -0.165894, 0.97851, 0.122463, 0.4, 0.552816, -0.010559, 0.833237, 0.0, 0.0, 0.0, 0.0, 1.0],
                [0.89605, 0.205928, -0.393305, 0.0, -0.184215, 0.97851, 0.092642, 0.4, 0.40393, -0.010559, 0.914729, -0.0, 0.0, 0.0, 0.0, 1.0],
                [0.89605, 0.205928, -0.393305, 0.0, -0.184215, 0.97851, 0.092642, 0.4, 0.40393, -0.010559, 0.914729, -0.0, 0.0, 0.0, 0.0, 1.0]
            ]
        },
        {
            "name": "Shoulder_R",
            "time": [0.0, 0.3, 0.3333, 0.4167, 0.5, 0.75],
            "transform": [
                [0.098736, 0.939555, 0.327852, -0.0, 0.010549, -0.330432, 0.943771, 0.4, 0.995058, -0.089726, -0.042537, -0.0, 0.0, 0.0, 0.0, 1.0],
                [0.317074, 0.899438, 0.300789, -0.0, 0.006378, -0.319169, 0.947676, 0.4, 0.948379, -0.298565, -0.106937, -0.0, 0.0, 0.0, 0.0, 1.0],
                [0.317074, 0.899438, 0.300789, -0.0, 0.006378, -0.319169, 0.947676, 0.4, 0.948379, -0.298565, -0.106937, -0.0, 0.0, 0.0, 0.0, 1.0],
                [0.664971, 0.683622, 0.300789, 0.0, -0.128029, -0.292435, 0.947676, 0.4, 0.735814, -0.668687, -0.106937, 0.0, 0.0, 0.0, 0.0, 1.0],
                [0.664971, 0.683622, 0.300789, 0.0, -0.128029, -0.292435, 0.947676, 0.4, 0.735814, -0.668687, -0.106937, -0.0, 0.0, 0.0, 0.0, 1.0],
                [0.664971, 0.683622, 0.300789, 0.0, -0.128029, -0.292435, 0.947676, 0.4, 0.735814, -0.668687, -0.106937, -0.0, 0.0, 0.0, 0.0, 1.0]
            ]
        },
        {
            "name": "Arm_R",
            "time": [0.0, 0.4167, 0.5, 0.75],
            "transform": [
                [-0.004728, -0.71348, -0.700659, -0.0, 0.187543, 0.687602, -0.701449, 0.393861, 0.982245, -0.134721, 0.130557, -0.0, 0.0, 0.0, 0.0, 1.0],
                [-0.114988, -0.448992, -0.886106, 0.0, -0.230286, 0.879771, -0.415898, 0.393861, 0.966306, 0.156235, -0.20456, -0.0, 0.0, 0.0, 0.0, 1.0],
                [-0.114988, 0.17612, -0.977629, 0.0, -0.230286, 0.952621, 0.198701, 0.39386, 0.966306, 0.247982, -0.068982, 0.0, 0.0, 0.0, 0.0, 1.0],
                [-0.114988, 0.17612, -0.977629, 0.0, -0.230286, 0.952621, 0.198701, 0.39386, 0.966306, 0.247982, -0.068982, 0.0, 0.0, 0.0, 0.0, 1.0]
            ]
        },
        {
            "name": "Hand_R",
            "time": [0.0, 0.3, 0.3333, 0.4, 0.4333, 0.5, 0.75],
            "transform": [
                [0.999985, 0.001487, 0.005349, -0.0, -0.00125, 0.999034, -0.043939, 0.3, -0.005409, 0.043932, 0.99902, 0.0, 0.0, 0.0, 0.0, 1.0],
                [0.962773, -0.24837, -0.106678, -0.0, -0.07504, 0.133557, -0.988197, 0.3, 0.259686, 0.959414, 0.109947, 0.0, 0.0, 0.0, 0.0, 1.0],
                [0.962773, -0.24837, -0.106678, -0.0, -0.07504, 0.133557, -0.988196, 0.3, 0.259686, 0.959414, 0.109947, -0.0, 0.0, 0.0, 0.0, 1.0],
                [0.998988, 0.038756, -0.022826, 0.0, -0.041601, 0.98909, -0.14132, 0.3, 0.0171, 0.142127, 0.989701, 0.0, 0.0, 0.0, 0.0, 1.0],
                [0.998988, 0.038756, -0.022826, 0.0, -0.041601, 0.98909, -0.14132, 0.3, 0.0171, 0.142127, 0.989701, 0.0, 0.0, 0.0, 0.0, 1.0],
                [0.998988, 0.009073, -0.044054, 0.0, -0.041601, 0.558766, -0.828282, 0.3, 0.0171, 0.829276, 0.558578, 0.0, 0.0, 0.0, 0.0, 1.0],
                [0.998988, 0.009073, -0.044054, 0.0, -0.041601, 0.558766, -0.828282, 0.3, 0.0171, 0.829276, 0.558578, 0.0, 0.0, 0.0, 0.0, 1.0]
            ]
        },
        {
            "name": "Tool_R",
            "time": [0.0, 0.3, 0.3333, 0.4167, 0.5, 0.75],
            "transform": [
                [-0.142032, 0.461593, -0.875648, 0.050003, 0.584856, 0.752827, 0.301984, 0.438873, 0.798139, -0.468951, -0.376664, 0.032255, 0.0, 0.0, 0.0, 1.0],
                [-0.374529, 0.020687, -0.926984, -0.125981, -0.177171, 0.979734, 0.093446, 0.500959, 0.90959, 0.199126, -0.363058, 0.14447, 0.0, 0.0, 0.0, 1.0],
                [-0.374529, 0.020687, -0.926984, -0.125981, -0.177171, 0.979734, 0.093446, 0.500959, 0.90959, 0.199126, -0.363058, 0.14447, 0.0, 0.0, 0.0, 1.0],
                [-0.261434, -0.006847, -0.965197, -0.07919, -0.191032, 0.980561, 0.044787, 0.621637, 0.945566, 0.195987, -0.257507, 0.122664, 0.0, 0.0, 0.0, 1.0],
                [-0.193772, 0.163201, -0.967377, -0.161161, 0.365963, 0.926915, 0.08307, 0.37454, 0.909698, -0.337718, -0.239193, -0.001545, 0.0, 0.0, 0.0, 1.0],
                [-0.193772, 0.163201, -0.967377, -0.161161, 0.365963, 0.926915, 0.08307, 0.37454, 0.909698, -0.337718, -0.239193, -0.001545, 0.0, 0.0, 0.0, 1.0]
            ]
        },
        {
            "name": "Elbow_R",
            "time": [0.0, 0.5, 0.75],
            "transform": [
                [-1.0, 0.0, 0.0, -0.0, -0.0, 0.489299, -0.872116, 0.3, -0.0, -0.872116, -0.489299, 0.0, 0.0, 0.0, 0.0, 1.0],
                [-1.0, 0.0, -0.0, 0.0, 0.0, -0.013448, -0.999909, 0.3, -0.0, -0.99991, 0.013448, 0.0, 0.0, 0.0, 0.0, 1.0],
                [-1.0, 0.0, -0.0, 0.0, 0.0, -0.013448, -0.999909, 0.3, -0.0, -0.99991, 0.013448, 0.0, 0.0, 0.0, 0.0, 1.0]
            ]
        },
        {
            "name": "Shoulder_L",
            "time": [0.0, 0.3, 0.3333, 0.4167, 0.5, 0.75],
            "transform": [
                [0.245077, -0.921538, -0.301172, -0.0, 0.046461, -0.299125, 0.953082, 0.4, -0.96839, -0.247572, -0.030493, -0.0, 0.0, 0.0, 0.0, 1.0],
                [0.933904, -0.19266, -0.301172, -0.0, 0.28835, -0.092136, 0.953082, 0.4, -0.211369, -0.976931, -0.030493, -0.0, 0.0, 0.0, 0.0, 1.0],
                [0.933904, -0.19266, -0.301172, -0.0, 0.28835, -0.092136, 0.953082, 0.4, -0.211369, -0.976931, -0.030493, -0.0, 0.0, 0.0, 0.0, 1.0],
                [0.799133, -0.52027, -0.301172, 0.0, 0.234819, -0.191035, 0.953082, 0.4, -0.553395, -0.832361, -0.030493, 0.0, 0.0, 0.0, 0.0, 1.0],
                [0.799134, -0.52027, -0.301172, 0.0, 0.234819, -0.191035, 0.953082, 0.4, -0.553395, -0.832361, -0.030493, -0.0, 0.0, 0.0, 0.0, 1.0],
                [0.799134, -0.52027, -0.301172, 0.0, 0.234819, -0.191035, 0.953082, 0.4, -0.553395, -0.832361, -0.030493, -0.0, 0.0, 0.0, 0.0, 1.0]
            ]
        },
        {
            "name": "Arm_L",
            "time": [0.0, 0.3, 0.3333, 0.4167, 0.5, 0.75],
            "transform": [
                [-0.120177, 0.881988, -0.455692, -0.0, 0.447338, -0.361667, -0.817977, 0.39386, -0.886255, -0.30215, -0.351082, 0.0, 0.0, 0.0, 0.0, 1.0],
                [0.241331, 0.871161, 0.427595, -0.0, -0.234905, -0.375075, 0.896738, 0.39386, 0.941583, -0.316855, 0.114123, 0.0, 0.0, 0.0, 0.0, 1.0],
                [0.241331, 0.871161, 0.427595, -0.0, -0.234905, -0.375075, 0.896738, 0.39386, 0.941583, -0.316855, 0.114123, 0.0, 0.0, 0.0, 0.0, 1.0],
                [0.143265, 0.841606, 0.520744, -0.0, -0.211814, -0.487906, 0.846807, 0.39386, 0.966752, -0.231619, 0.108363, 0.0, 0.0, 0.0, 0.0, 1.0],
                [-0.01376, 0.763089, 0.646147, 0.0, -0.081079, -0.644932, 0.759927, 0.39386, 0.996613, -0.041932, 0.070744, 0.0, 0.0, 0.0, 0.0, 1.0],
                [-0.01376, 0.763089, 0.646147, 0.0, -0.081079, -0.644932, 0.759927, 0.39386, 0.996613, -0.041932, 0.070744, 0.0, 0.0, 0.0, 0.0, 1.0]
            ]
        },
        {
            "name": "Hand_L",
            "time": [0.0, 0.2333, 0.3, 0.5, 0.75],
            "transform": [
                [0.99932, -0.033234, 0.015992, 0.0, 0.036869, 0.911118, -0.410493, 0.3, -0.000928, 0.410803, 0.911724, 0.0, 0.0, 0.0, 0.0, 1.0],
                [0.99932, -0.011499, 0.035043, 0.0, 0.036869, 0.335398, -0.941355, 0.3, -0.000928, 0.942007, 0.335593, -0.0, 0.0, 0.0, 0.0, 1.0],
                [0.99932, -0.035138, 0.011203, 0.0, 0.036869, 0.959447, -0.27947, 0.3, -0.000928, 0.279693, 0.960089, 0.0, 0.0, 0.0, 0.0, 1.0],
                [0.99932, -0.033234, 0.015992, 0.0, 0.036869, 0.911118, -0.410493, 0.3, -0.000928, 0.410803, 0.911724, 0.0, 0.0, 0.0, 0.0, 1.0],
                [0.99932, -0.033234, 0.015992, 0.0, 0.036869, 0.911118, -0.410493, 0.3, -0.000928, 0.410803, 0.911724, 0.0, 0.0, 0.0, 0.0, 1.0]
            ]
        },
        {
            "name": "Tool_L",
            "time": [0.0, 0.5, 0.75],
            "transform": [
                [1.0, 0.0, 0.0, -0.0, 0.0, -0.999836, 0.018122, 0.272858, 0.0, -0.018122, -0.999247, 0.0, 0.0, 0.0, 0.0, 1.0],
                [1.0, 0.0, 0.0, -0.0, 0.0, -0.999836, 0.018122, 0.272858, 0.0, -0.018122, -0.999247, -0.0, 0.0, 0.0, 0.0, 1.0],
                [1.0, 0.0, 0.0, -0.0, 0.0, -0.999836, 0.018122, 0.272858, 0.0, -0.018122, -0.999247, -0.0, 0.0, 0.0, 0.0, 1.0]
            ]
        },
        {
            "name": "Elbow_L",
            "time": [0.0, 0.5, 0.75],
            "transform": [
                [-1.0, 0.0, -0.0, 0.0, 0.0, -0.0, -1.0, 0.3, -0.0, -1.0, -0.0, 0.0, 0.0, 0.0, 0.0, 1.0],
                [-1.0, 0.0, -0.0, 0.0, 0.0, -0.0, -1.0, 0.3, -0.0, -1.0, -0.0, 0.0, 0.0, 0.0, 0.0, 1.0],
                [-1.0, 0.0, -0.0, 0.0, 0.0, -0.0, -1.0, 0.3, -0.0, -1.0, -0.0, 0.0, 0.0, 0.0, 0.0, 1.0]
            ]
        }
    ]
}