{
    
    "animation": [
        {
            "name": "Root",
            "time": [0.0, 0.2833, 0.3167, 0.5333, 0.6167, 0.75],
            "transform": [
                [0.946957, 0.0, -0.321361, -5e-06, -0.321361, 0.0, -0.946957, 0.000946, 0.0, 1.0, 0.0, 0.755725, 0.0, 0.0, 0.0, 1.0],
                [0.871718, 0.0, 0.490007, -5e-06, 0.490007, 0.0, -0.871718, 0.000946, 0.0, 1.0, 0.0, 0.755725, 0.0, 0.0, 0.0, 1.0],
                [0.871718, 0.0, 0.490007, -5e-06, 0.490007, 0.0, -0.871718, 0.000946, 0.0, 1.0, 0.0, 0.755725, 0.0, 0.0, 0.0, 1.0],
                [0.871718, 0.0, 0.490007, -5e-06, 0.490007, 0.0, -0.871718, 0.93176, 0.0, 1.0, 0.0, 0.650685, 0.0, 0.0, 0.0, 1.0],
                [0.871718, 0.0, 0.490007, -5e-06, 0.490007, 0.0, -0.871718, 0.93176, 0.0, 1.0, 0.0, 0.650685, 0.0, 0.0, 0.0, 1.0],
                [0.871718, 0.0, 0.490007, -5e-06, 0.490007, 0.0, -0.871718, 0.93176, 0.0, 1.0, 0.0, 0.650685, 0.0, 0.0, 0.0, 1.0]
            ]
        },
        {
            "name": "Thigh_R",
            "time": [0.0, 0.15, 0.2833, 0.3167, 0.4333, 0.6167, 0.75],
            "transform": [
                [0.99327, 0.036683, 0.109852, 0.124994, 0.034255, -0.999125, 0.023913, -0.002831, 0.110633, -0.019988, -0.993661, -1.2e-05, 0.0, 0.0, 0.0, 1.0],
                [0.994832, 0.003088, 0.101483, 0.124994, -0.017656, -0.979043, 0.202877, -0.002831, 0.099983, -0.20362, -0.973932, -1.2e-05, 0.0, 0.0, 0.0, 1.0],
                [0.994832, 0.028483, 0.097452, 0.124994, -0.017656, -0.896679, 0.442325, -0.002831, 0.099983, -0.441759, -0.891545, -1.2e-05, 0.0, 0.0, 0.0, 1.0],
                [0.994832, 0.028483, 0.097452, 0.124994, -0.017656, -0.896679, 0.442325, -0.002831, 0.099983, -0.441759, -0.891545, -1.2e-05, 0.0, 0.0, 0.0, 1.0],
                [0.884227, 0.179924, 0.431009, 0.124994, -0.066259, -0.865161, 0.497094, -0.002831, 0.462332, -0.468101, -0.75308, -1.2e-05, 0.0, 0.0, 0.0, 1.0],
                [0.884227, 0.179924, 0.431009, 0.124994, -0.066259, -0.865161, 0.497094, -0.002831, 0.462332, -0.468101, -0.75308, -1.2e-05, 0.0, 0.0, 0.0, 1.0],
                [0.884227, 0.179924, 0.431009, 0.124994, -0.066259, -0.865161, 0.497094, -0.002831, 0.462332, -0.468101, -0.75308, -1.2e-05, 0.0, 0.0, 0.0, 1.0]
            ]
        },
        {
            "name": "Leg_R",
            "time": [0.0, 0.6167, 0.75],
            "transform": [
                [1.0, -0.0, 2e-06, -0.0, -0.0, 0.966099, 0.258173, 0.37472, -2e-06, -0.258173, 0.966098, 0.0, 0.0, 0.0, 0.0, 1.0],
                [1.0, -0.0, 2e-06, 0.0, -0.0, 0.966099, 0.258173, 0.37472, -2e-06, -0.258173, 0.966098, 0.0, 0.0, 0.0, 0.0, 1.0],
                [1.0, -0.0, 2e-06, 0.0, -0.0, 0.966099, 0.258173, 0.37472, -2e-06, -0.258173, 0.966098, 0.0, 0.0, 0.0, 0.0, 1.0]
            ]
        },
        {
            "name": "Knee_R",
            "time": [0.0, 0.6167, 0.75],
            "transform": [
                [1.0, 0.0, -0.0, -0.0, -0.0, 1e-06, -1.0, 0.37472, -0.0, 1.0, 1e-06, 0.0, 0.0, 0.0, 0.0, 1.0],
                [1.0, 0.0, -0.0, 0.0, -0.0, 1e-06, -1.0, 0.37472, -0.0, 1.0, 1e-06, 0.0, 0.0, 0.0, 0.0, 1.0],
                [1.0, 0.0, -0.0, 0.0, -0.0, 1e-06, -1.0, 0.37472, -0.0, 1.0, 1e-06, 0.0, 0.0, 0.0, 0.0, 1.0]
            ]
        },
        {
            "name": "Thigh_L",
            "time": [0.0, 0.15, 0.2833, 0.3167, 0.4333, 0.6167, 0.75],
            "transform": [
                [0.924713, -0.158543, -0.346076, -0.125006, -0.058103, -0.957272, 0.283291, -0.002831, -0.376203, -0.241855, -0.894414, -1.2e-05, 0.0, 0.0, 0.0, 1.0],
                [0.924713, -0.007457, -0.38059, -0.125006, -0.058103, -0.990858, -0.121757, -0.002831, -0.376202, 0.134704, -0.916693, -1.2e-05, 0.0, 0.0, 0.0, 1.0],
                [0.821914, -0.007457, -0.569562, -0.125006, -0.0828, -0.990858, -0.106512, -0.002831, -0.563561, 0.134704, -0.815017, -1.2e-05, 0.0, 0.0, 0.0, 1.0],
                [0.821914, -0.007457, -0.569562, -0.125006, -0.0828, -0.990858, -0.106512, -0.002831, -0.563561, 0.134704, -0.815017, -1.2e-05, 0.0, 0.0, 0.0, 1.0],
                [0.84353, -0.372055, 0.387338, -0.125006, -0.065608, -0.787172, -0.613233, -0.002831, 0.533058, 0.491869, -0.688414, -1.2e-05, 0.0, 0.0, 0.0, 1.0],
                [0.84353, -0.372055, 0.387338, -0.125006, -0.065608, -0.787172, -0.613233, -0.002831, 0.533058, 0.491869, -0.688414, -1.2e-05, 0.0, 0.0, 0.0, 1.0],
                [0.84353, -0.372055, 0.387338, -0.125006, -0.065608, -0.787172, -0.613233, -0.002831, 0.533058, 0.491869, -0.688414, -1.2e-05, 0.0, 0.0, 0.0, 1.0]
            ]
        },
        {
            "name": "Leg_L",
            "time": [0.0, 0.15, 0.2833, 0.3167, 0.4333, 0.6167, 0.75],
            "transform": [
                [1.0, -0.0, 1e-06, 0.0, 0.0, 0.984973, 0.172708, 0.37472, -1e-06, -0.172708, 0.984973, 0.0, 0.0, 0.0, 0.0, 1.0],
                [1.0, -1e-06, 0.0, 0.0, 0.0, 0.798689, 0.601744, 0.37472, -1e-06, -0.601743, 0.79869, 0.0, 0.0, 0.0, 0.0, 1.0],
                [1.0, -0.0, 1e-06, -0.0, 0.0, 0.991664, 0.128849, 0.37472, -1e-06, -0.128849, 0.991665, -0.0, 0.0, 0.0, 0.0, 1.0],
                [1.0, -0.0, 1e-06, -0.0, 0.0, 0.991664, 0.128849, 0.37472, -1e-06, -0.128849, 0.991665, -0.0, 0.0, 0.0, 0.0, 1.0],
                [0.99691, 0.073793, -0.026926, -0.0, -0.071923, 0.995301, 0.064823, 0.37472, 0.031583, -0.062686, 0.997534, -0.0, 0.0, 0.0, 0.0, 1.0],
                [0.99691, 0.073793, -0.026926, -0.0, -0.071923, 0.995301, 0.064823, 0.37472, 0.031583, -0.062686, 0.997534, -0.0, 0.0, 0.0, 0.0, 1.0],
                [0.99691, 0.073793, -0.026926, -0.0, -0.071923, 0.995301, 0.064823, 0.37472, 0.031583, -0.062686, 0.997534, -0.0, 0.0, 0.0, 0.0, 1.0]
            ]
        },
        {
            "name": "Knee_L",
            "time": [0.0, 0.6167, 0.75],
            "transform": [
                [1.0, 0.0, -0.0, 0.0, -0.0, 1e-06, -1.0, 0.37472, -0.0, 1.0, 1e-06, 0.0, 0.0, 0.0, 0.0, 1.0],
                [1.0, 0.0, -0.0, -0.0, -0.0, 1e-06, -1.0, 0.37472, -0.0, 1.0, 1e-06, -0.0, 0.0, 0.0, 0.0, 1.0],
                [1.0, 0.0, -0.0, -0.0, -0.0, 1e-06, -1.0, 0.37472, -0.0, 1.0, 1e-06, -0.0, 0.0, 0.0, 0.0, 1.0]
            ]
        },
        {
            "name": "Torso",
            "time": [0.0, 0.2833, 0.3167, 0.6167, 0.75],
            "transform": [
                [0.99978, -0.020971, -0.000197, -0.0, 0.020971, 0.999603, 0.018833, 0.05, -0.000198, -0.018833, 0.999823, 0.0, 0.0, 0.0, 0.0, 1.0],
                [0.8748, -0.020971, 0.484031, 0.0, 0.009227, 0.999603, 0.026634, 0.05, -0.484397, -0.018833, 0.874645, 0.0, 0.0, 0.0, 0.0, 1.0],
                [0.8748, -0.020971, 0.484031, 0.0, 0.009227, 0.999603, 0.026634, 0.05, -0.484397, -0.018833, 0.874645, 0.0, 0.0, 0.0, 0.0, 1.0],
                [0.965225, -0.020971, 0.260579, 0.0, 0.015333, 0.999603, 0.023651, 0.05, -0.260972, -0.018833, 0.965163, 0.0, 0.0, 0.0, 0.0, 1.0],
                [0.965225, -0.020971, 0.260579, 0.0, 0.015333, 0.999603, 0.023651, 0.05, -0.260972, -0.018833, 0.965163, 0.0, 0.0, 0.0, 0.0, 1.0]
            ]
        },
        {
            "name": "Chest",
            "time": [0.0, 0.2833, 0.3167, 0.4333, 0.6167, 0.75],
            "transform": [
                [0.999771, -0.021411, -0.000206, 0.0, 0.021411, 0.999586, 0.019228, 0.3, -0.000206, -0.019228, 0.999815, 0.0, 0.0, 0.0, 0.0, 1.0],
                [0.460721, -0.021411, 0.887287, 0.0, -0.007203, 0.999586, 0.027862, 0.3, -0.887516, -0.019228, 0.460376, 0.0, 0.0, 0.0, 0.0, 1.0],
                [0.460721, -0.021411, 0.887287, 0.0, -0.007203, 0.999586, 0.027862, 0.3, -0.887516, -0.019228, 0.460376, 0.0, 0.0, 0.0, 0.0, 1.0],
                [0.986864, -0.021411, 0.160127, 0.0, 0.018051, 0.999586, 0.022413, 0.3, -0.160541, -0.019228, 0.986842, 0.0, 0.0, 0.0, 0.0, 1.0],
                [0.986864, -0.021411, 0.160127, -0.0, 0.018051, 0.999586, 0.022413, 0.3, -0.160541, -0.019228, 0.986842, -0.0, 0.0, 0.0, 0.0, 1.0],
                [0.986864, -0.021411, 0.160127, -0.0, 0.018051, 0.999586, 0.022413, 0.3, -0.160541, -0.019228, 0.986842, -0.0, 0.0, 0.0, 0.0, 1.0]
            ]
        },
        {
            "name": "Head",
            "time": [0.0, 0.2833, 0.3167, 0.4333, 0.6167, 0.75],
            "transform": [
                [0.941198, 0.037721, 0.335744, -0.0, -0.018795, 0.998055, -0.059443, 0.4, -0.337333, 0.049637, 0.940076, -0.0, 0.0, 0.0, 0.0, 1.0],
                [-0.37922, 0.003909, -0.925298, 0.0, -0.095492, 0.994486, 0.043337, 0.4, 0.920366, 0.104793, -0.376756, 0.0, 0.0, 0.0, 0.0, 1.0],
                [-0.37922, 0.003909, -0.925298, 0.0, -0.095492, 0.994486, 0.043337, 0.4, 0.920366, 0.104793, -0.376756, 0.0, 0.0, 0.0, 0.0, 1.0],
                [0.535587, 0.058298, -0.842465, -0.0, -0.114793, 0.99338, -0.004237, 0.4, 0.836642, 0.098978, 0.538734, 0.0, 0.0, 0.0, 0.0, 1.0],
                [0.528166, 0.205928, -0.823793, 0.0, -0.102056, 0.97851, 0.179172, 0.4, 0.842986, -0.010559, 0.537832, -0.0, 0.0, 0.0, 0.0, 1.0],
                [0.528166, 0.205928, -0.823793, 0.0, -0.102056, 0.97851, 0.179172, 0.4, 0.842986, -0.010559, 0.537832, -0.0, 0.0, 0.0, 0.0, 1.0]
            ]
        },
        {
            "name": "Shoulder_R",
            "time": [0.0, 0.2833, 0.3167, 0.6167, 0.75],
            "transform": [
                [-0.037607, 0.94398, 0.327852, -0.0, 0.058028, -0.325468, 0.943771, 0.4, 0.997606, 0.054517, -0.042537, -0.0, 0.0, 0.0, 0.0, 1.0],
                [0.098736, 0.939555, 0.327852, 0.0, 0.010549, -0.330432, 0.943771, 0.4, 0.995057, -0.089726, -0.042537, 0.0, 0.0, 0.0, 0.0, 1.0],
                [0.098736, 0.939555, 0.327852, 0.0, 0.010549, -0.330432, 0.943771, 0.4, 0.995057, -0.089726, -0.042537, 0.0, 0.0, 0.0, 0.0, 1.0],
                [0.098736, 0.939555, 0.327852, 0.0, 0.010549, -0.330432, 0.943771, 0.4, 0.995058, -0.089726, -0.042537, -0.0, 0.0, 0.0, 0.0, 1.0],
                [0.098736, 0.939555, 0.327852, 0.0, 0.010549, -0.330432, 0.943771, 0.4, 0.995058, -0.089726, -0.042537, -0.0, 0.0, 0.0, 0.0, 1.0]
            ]
        },
        {
            "name": "Arm_R",
            "time": [0.0, 0.3167, 0.4333, 0.6167, 0.75],
            "transform": [
                [-0.304675, -0.523201, -0.795885, 0.0, 0.55065, 0.585051, -0.595398, 0.39386, 0.777147, -0.619657, 0.10985, 0.0, 0.0, 0.0, 0.0, 1.0],
                [-0.304675, -0.523201, -0.795885, -0.0, 0.55065, 0.585051, -0.595398, 0.39386, 0.777147, -0.619657, 0.109851, 0.0, 0.0, 0.0, 0.0, 1.0],
                [-0.004728, -0.605429, -0.795885, -0.0, 0.187543, 0.781235, -0.595398, 0.393861, 0.982245, -0.152078, 0.10985, -0.0, 0.0, 0.0, 0.0, 1.0],
                [-0.004728, -0.71348, -0.700659, -0.0, 0.187543, 0.687602, -0.701449, 0.393861, 0.982245, -0.134721, 0.130557, 0.0, 0.0, 0.0, 0.0, 1.0],
                [-0.004728, -0.71348, -0.700659, -0.0, 0.187543, 0.687602, -0.701449, 0.393861, 0.982245, -0.134721, 0.130557, 0.0, 0.0, 0.0, 0.0, 1.0]
            ]
        },
        {
            "name": "Hand_R",
            "time": [0.0, 0.3167, 0.4333, 0.6167, 0.75],
            "transform": [
                [0.999985, 0.005294, 0.001672, 0.0, -0.00125, 0.508268, -0.861198, 0.3, -0.005409, 0.861183, 0.508266, 0.0, 0.0, 0.0, 0.0, 1.0],
                [0.999985, 0.005294, 0.001672, 0.0, -0.00125, 0.508268, -0.861198, 0.3, -0.005409, 0.861183, 0.508266, -0.0, 0.0, 0.0, 0.0, 1.0],
                [0.999985, 0.00225, 0.005075, 0.0, -0.00125, 0.981997, -0.188893, 0.3, -0.005409, 0.188883, 0.981985, -0.0, 0.0, 0.0, 0.0, 1.0],
                [0.999985, 0.001487, 0.005349, 0.0, -0.00125, 0.999034, -0.043939, 0.3, -0.005409, 0.043932, 0.99902, -0.0, 0.0, 0.0, 0.0, 1.0],
                [0.999985, 0.001487, 0.005349, 0.0, -0.00125, 0.999034, -0.043939, 0.3, -0.005409, 0.043932, 0.99902, -0.0, 0.0, 0.0, 0.0, 1.0]
            ]
        },
        {
            "name": "Tool_R",
            "time": [0.0, 0.0833, 0.2833, 0.3167, 0.4333, 0.6167, 0.75],
            "transform": [
                [0.501263, 0.761261, -0.411359, -0.128834, 0.865152, -0.432306, 0.25421, 0.410202, 0.015687, -0.483033, -0.874785, 0.088601, 0.0, 0.0, 0.0, 1.0],
                [0.612619, 0.684987, -0.394324, -0.234298, 0.78599, -0.580485, 0.212738, 0.438642, -0.083119, -0.440007, -0.893477, 0.16198, 0.0, 0.0, 0.0, 1.0],
                [0.390092, 0.831958, -0.394556, -0.241242, 0.915839, -0.30626, 0.259698, 0.440515, 0.095175, -0.462385, -0.880885, 0.166811, 0.0, 0.0, 0.0, 1.0],
                [0.390092, 0.831958, -0.394556, -0.241242, 0.915839, -0.30626, 0.259698, 0.440515, 0.095175, -0.462385, -0.880885, 0.166811, 0.0, 0.0, 0.0, 1.0],
                [-0.142032, 0.461593, -0.875648, 0.050003, 0.584856, 0.752827, 0.301984, 0.438873, 0.798139, -0.468951, -0.376664, 0.032255, 0.0, 0.0, 0.0, 1.0],
                [-0.142032, 0.461593, -0.875648, 0.050003, 0.584856, 0.752827, 0.301984, 0.438874, 0.798139, -0.468951, -0.376664, 0.032255, 0.0, 0.0, 0.0, 1.0],
                [-0.142032, 0.461593, -0.875648, 0.050003, 0.584856, 0.752827, 0.301984, 0.438874, 0.798139, -0.468951, -0.376664, 0.032255, 0.0, 0.0, 0.0, 1.0]
            ]
        },
        {
            "name": "Elbow_R",
            "time": [0.0, 0.6167, 0.75],
            "transform": [
                [-1.0, 0.0, 0.0, 0.0, 0.0, 0.489299, -0.872116, 0.3, -0.0, -0.872116, -0.489299, 0.0, 0.0, 0.0, 0.0, 1.0],
                [-1.0, 0.0, 0.0, 0.0, -0.0, 0.489299, -0.872116, 0.3, -0.0, -0.872116, -0.489299, -0.0, 0.0, 0.0, 0.0, 1.0],
                [-1.0, 0.0, 0.0, 0.0, -0.0, 0.489299, -0.872116, 0.3, -0.0, -0.872116, -0.489299, -0.0, 0.0, 0.0, 0.0, 1.0]
            ]
        },
        {
            "name": "Shoulder_L",
            "time": [0.0, 0.6167, 0.75],
            "transform": [
                [0.245077, -0.921538, -0.301172, -0.0, 0.046461, -0.299125, 0.953082, 0.4, -0.968389, -0.247572, -0.030493, -0.0, 0.0, 0.0, 0.0, 1.0],
                [0.245077, -0.921538, -0.301172, 0.0, 0.046461, -0.299125, 0.953082, 0.4, -0.96839, -0.247572, -0.030493, -0.0, 0.0, 0.0, 0.0, 1.0],
                [0.245077, -0.921538, -0.301172, 0.0, 0.046461, -0.299125, 0.953082, 0.4, -0.96839, -0.247572, -0.030493, -0.0, 0.0, 0.0, 0.0, 1.0]
            ]
        },
        {
            "name": "Arm_L",
            "time": [0.0, 0.2833, 0.3167, 0.4333, 0.6167, 0.75],
            "transform": [
                [-0.159652, 0.515848, 0.841672, 0.0, -0.94038, 0.179918, -0.288644, 0.39386, -0.300329, -0.837574, 0.456368, -0.0, 0.0, 0.0, 0.0, 1.0],
                [-0.436173, 0.276777, 0.85624, -0.0, -0.021462, 0.948053, -0.317388, 0.39386, -0.899607, -0.156813, -0.407575, -0.0, 0.0, 0.0, 0.0, 1.0],
                [-0.436173, 0.276777, 0.85624, -0.0, -0.021462, 0.948053, -0.317388, 0.39386, -0.899607, -0.156813, -0.407575, -0.0, 0.0, 0.0, 0.0, 1.0],
                [-0.120177, 0.884551, -0.450696, -0.0, 0.447337, -0.357035, -0.820009, 0.39386, -0.886254, -0.300159, -0.352785, -0.0, 0.0, 0.0, 0.0, 1.0],
                [-0.120177, 0.881988, -0.455692, -0.0, 0.447338, -0.361667, -0.817977, 0.393861, -0.886255, -0.30215, -0.351082, 0.0, 0.0, 0.0, 0.0, 1.0],
                [-0.120177, 0.881988, -0.455692, -0.0, 0.447338, -0.361667, -0.817977, 0.393861, -0.886255, -0.30215, -0.351082, 0.0, 0.0, 0.0, 0.0, 1.0]
            ]
        },
        {
            "name": "Hand_L",
            "time": [0.0, 0.2833, 0.3167, 0.4333, 0.6167, 0.75],
            "transform": [
                [0.99932, -0.033821, 0.014709, 0.0, 0.03687, 0.92616, -0.375324, 0.3, -0.000929, 0.375611, 0.926777, 0.0, 0.0, 0.0, 0.0, 1.0],
                [0.99932, -0.001063, 0.036866, 0.0, 0.036869, 0.053955, -0.997863, 0.3, -0.000928, 0.998543, 0.053957, 0.0, 0.0, 0.0, 0.0, 1.0],
                [0.99932, -0.001063, 0.036866, 0.0, 0.036869, 0.053955, -0.997863, 0.3, -0.000928, 0.998543, 0.053957, 0.0, 0.0, 0.0, 0.0, 1.0],
                [0.99932, -0.033234, 0.015992, -0.0, 0.036869, 0.911118, -0.410493, 0.3, -0.000928, 0.410803, 0.911724, -0.0, 0.0, 0.0, 0.0, 1.0],
                [0.99932, -0.033234, 0.015992, 0.0, 0.036869, 0.911118, -0.410493, 0.3, -0.000928, 0.410803, 0.911724, -0.0, 0.0, 0.0, 0.0, 1.0],
                [0.99932, -0.033234, 0.015992, 0.0, 0.036869, 0.911118, -0.410493, 0.3, -0.000928, 0.410803, 0.911724, -0.0, 0.0, 0.0, 0.0, 1.0]
            ]
        },
        {
            "name": "Tool_L",
            "time": [0.0, 0.6167, 0.75],
            "transform": [
                [1.0, 0.0, 0.0, -0.0, 0.0, -0.999836, 0.018122, 0.272858, 0.0, -0.018122, -0.999248, 0.0, 0.0, 0.0, 0.0, 1.0],
                [1.0, 0.0, 0.0, 0.0, 0.0, -0.999836, 0.018122, 0.272858, 0.0, -0.018122, -0.999247, -0.0, 0.0, 0.0, 0.0, 1.0],
                [1.0, 0.0, 0.0, 0.0, 0.0, -0.999836, 0.018122, 0.272858, 0.0, -0.018122, -0.999247, -0.0, 0.0, 0.0, 0.0, 1.0]
            ]
        },
        {
            "name": "Elbow_L",
            "time": [0.0, 0.6167, 0.75],
            "transform": [
                [-1.0, 0.0, -0.0, 0.0, 0.0, -0.0, -1.0, 0.3, -0.0, -1.0, -0.0, 0.0, 0.0, 0.0, 0.0, 1.0],
                [-1.0, 0.0, -0.0, 0.0, 0.0, -0.0, -1.0, 0.3, -0.0, -1.0, -0.0, -0.0, 0.0, 0.0, 0.0, 1.0],
                [-1.0, 0.0, -0.0, 0.0, 0.0, -0.0, -1.0, 0.3, -0.0, -1.0, -0.0, -0.0, 0.0, 0.0, 0.0, 1.0]
            ]
        }
    ]
}