{
    
    "animation": [
        {
            "name": "Root",
            "time": [0.0, 0.2167, 0.3667, 0.7, 0.7667],
            "transform": [
                [0.854689, 0.0, -0.51914, -5e-06, -0.51914, 0.0, -0.854689, 0.000946, 0.0, 1.0, 0.0, 0.755725, 0.0, 0.0, 0.0, 1.0],
                [0.979109, 0.0, 0.203337, 0.015224, 0.203337, 0.0, -0.979109, -0.365068, 0.0, 1.0, 0.0, 0.658412, 0.0, 0.0, 0.0, 1.0],
                [0.979109, 0.0, 0.203337, 0.015224, 0.203337, 0.0, -0.979109, -0.365068, 0.0, 1.0, 0.0, 0.658412, 0.0, 0.0, 0.0, 1.0],
                [0.979109, 0.0, 0.203337, 0.015224, 0.203337, 0.0, -0.979109, -0.365068, 0.0, 1.0, 0.0, 0.702346, 0.0, 0.0, 0.0, 1.0],
                [0.979109, 0.0, 0.203337, 0.015224, 0.203337, 0.0, -0.979109, -0.365068, 0.0, 1.0, 0.0, 0.702346, 0.0, 0.0, 0.0, 1.0]
            ]
        },
        {
            "name": "Thigh_R",
            "time": [0.0, 0.2167, 0.3667, 0.7667],
            "transform": [
                [0.996122, 0.056386, -0.067528, 0.124994, 0.068868, -0.977426, 0.199728, -0.002831, -0.054742, -0.203604, -0.977522, -1.2e-05, 0.0, 0.0, 0.0, 1.0],
                [0.996122, 0.021634, -0.085272, 0.124994, 0.068868, -0.794903, 0.602814, -0.002831, -0.054742, -0.606348, -0.793313, -1.2e-05, 0.0, 0.0, 0.0, 1.0],
                [0.996122, 0.021634, -0.085272, 0.124994, 0.068868, -0.794903, 0.602814, -0.002831, -0.054742, -0.606348, -0.793313, -1.2e-05, 0.0, 0.0, 0.0, 1.0],
                [0.996122, 0.021634, -0.085272, 0.124994, 0.068868, -0.794903, 0.602814, -0.002831, -0.054742, -0.606348, -0.793313, -1.2e-05, 0.0, 0.0, 0.0, 1.0]
            ]
        },
        {
            "name": "Leg_R",
            "time": [0.0, 0.7, 0.7667],
            "transform": [
                [1.0, -0.0, 2e-06, -0.0, -0.0, 0.9661, 0.258173, 0.37472, -2e-06, -0.258173, 0.966098, -0.0, 0.0, 0.0, 0.0, 1.0],
                [1.0, -1e-06, 2e-06, 0.0, -0.0, 0.766668, 0.642044, 0.37472, -2e-06, -0.642045, 0.766666, 0.0, 0.0, 0.0, 0.0, 1.0],
                [1.0, -1e-06, 2e-06, 0.0, -0.0, 0.766668, 0.642044, 0.37472, -2e-06, -0.642045, 0.766666, 0.0, 0.0, 0.0, 0.0, 1.0]
            ]
        },
        {
            "name": "Knee_R",
            "time": [0.0, 0.7667],
            "transform": [
                [1.0, 0.0, -0.0, -0.0, -0.0, 1e-06, -1.0, 0.37472, -0.0, 1.0, 1e-06, -0.0, 0.0, 0.0, 0.0, 1.0],
                [1.0, 0.0, -0.0, 0.0, -0.0, 1e-06, -1.0, 0.37472, -0.0, 1.0, 1e-06, 0.0, 0.0, 0.0, 0.0, 1.0]
            ]
        },
        {
            "name": "Thigh_L",
            "time": [0.0, 0.2167, 0.3667, 0.7, 0.7667],
            "transform": [
                [0.866588, -0.133703, -0.480778, -0.125006, -0.027838, -0.974891, 0.220935, -0.002831, -0.498245, -0.178075, -0.848552, -1.2e-05, 0.0, 0.0, 0.0, 1.0],
                [0.98526, -0.033842, -0.167677, -0.125006, -0.111415, -0.870754, -0.47893, -0.002831, -0.129798, 0.490553, -0.86169, -1.2e-05, 0.0, 0.0, 0.0, 1.0],
                [0.98526, -0.033842, -0.167677, -0.125006, -0.111415, -0.870754, -0.47893, -0.002831, -0.129798, 0.490553, -0.86169, -1.2e-05, 0.0, 0.0, 0.0, 1.0],
                [0.98526, -0.089601, -0.145714, -0.125006, -0.111415, -0.982511, -0.149194, -0.002831, -0.129798, 0.163231, -0.978012, -1.2e-05, 0.0, 0.0, 0.0, 1.0],
                [0.98526, -0.089601, -0.145714, -0.125006, -0.111415, -0.982511, -0.149194, -0.002831, -0.129798, 0.163231, -0.978012, -1.2e-05, 0.0, 0.0, 0.0, 1.0]
            ]
        },
        {
            "name": "Leg_L",
            "time": [0.0, 0.1167, 0.2167, 0.7, 0.7667],
            "transform": [
                [1.0, -0.0, 1e-06, 0.0, 0.0, 0.984973, 0.172708, 0.37472, -1e-06, -0.172708, 0.984973, 0.0, 0.0, 0.0, 0.0, 1.0],
                [1.0, -1e-06, 0.0, 0.0, 0.0, 0.66326, 0.748389, 0.37472, -1e-06, -0.748388, 0.663261, 0.0, 0.0, 0.0, 0.0, 1.0],
                [1.0, -0.0, 1e-06, 0.0, 0.0, 0.998562, 0.053596, 0.37472, -1e-06, -0.053596, 0.998563, -0.0, 0.0, 0.0, 0.0, 1.0],
                [1.0, -1e-06, 0.0, -0.0, 0.0, 0.833261, 0.552879, 0.37472, -1e-06, -0.552878, 0.833262, 0.0, 0.0, 0.0, 0.0, 1.0],
                [1.0, -1e-06, 0.0, -0.0, 0.0, 0.833261, 0.552879, 0.37472, -1e-06, -0.552878, 0.833262, 0.0, 0.0, 0.0, 0.0, 1.0]
            ]
        },
        {
            "name": "Knee_L",
            "time": [0.0, 0.7667],
            "transform": [
                [1.0, 0.0, -0.0, 0.0, -0.0, 1e-06, -1.0, 0.37472, -0.0, 1.0, 1e-06, 0.0, 0.0, 0.0, 0.0, 1.0],
                [1.0, 0.0, -0.0, -0.0, -0.0, 1e-06, -1.0, 0.37472, -0.0, 1.0, 1e-06, 0.0, 0.0, 0.0, 0.0, 1.0]
            ]
        },
        {
            "name": "Torso",
            "time": [0.0, 0.2167, 0.7, 0.7667],
            "transform": [
                [0.99978, -0.020971, -0.000197, -0.0, 0.020971, 0.999603, 0.018833, 0.05, -0.000198, -0.018833, 0.999823, 0.0, 0.0, 0.0, 0.0, 1.0],
                [0.858287, -0.020971, 0.512741, -0.0, 0.008339, 0.999603, 0.026925, 0.05, -0.513102, -0.018833, 0.858121, -0.0, 0.0, 0.0, 0.0, 1.0],
                [0.989329, -0.020971, -0.14418, -0.0, 0.023465, 0.999603, 0.015617, 0.05, 0.143795, -0.018833, 0.989428, -0.0, 0.0, 0.0, 0.0, 1.0],
                [0.989329, -0.020971, -0.14418, -0.0, 0.023465, 0.999603, 0.015617, 0.05, 0.143795, -0.018833, 0.989428, -0.0, 0.0, 0.0, 0.0, 1.0]
            ]
        },
        {
            "name": "Chest",
            "time": [0.0, 0.2167, 0.5, 0.7667],
            "transform": [
                [0.999771, -0.021411, -0.000206, 0.0, 0.021411, 0.999586, 0.019228, 0.3, -0.000206, -0.019228, 0.999815, 0.0, 0.0, 0.0, 0.0, 1.0],
                [0.369801, -0.021411, -0.928864, -0.0, 0.025787, 0.999586, -0.012775, 0.3, 0.928753, -0.019228, 0.3702, 0.0, 0.0, 0.0, 0.0, 1.0],
                [0.996161, -0.021411, 0.084878, -0.0, 0.019697, 0.999586, 0.02098, 0.3, -0.085293, -0.019228, 0.996171, 0.0, 0.0, 0.0, 0.0, 1.0],
                [0.996161, -0.021411, 0.084878, 0.0, 0.019697, 0.999586, 0.02098, 0.3, -0.085293, -0.019228, 0.996171, 0.0, 0.0, 0.0, 0.0, 1.0]
            ]
        },
        {
            "name": "Head",
            "time": [0.0, 0.2167, 0.5, 0.7667],
            "transform": [
                [0.85311, 0.037721, 0.520365, -0.0, -0.006297, 0.998055, -0.062025, 0.4, -0.521693, 0.049637, 0.851688, 0.0, 0.0, 0.0, 0.0, 1.0],
                [0.884138, 0.037721, 0.465701, -0.0, -0.010184, 0.998055, -0.061506, 0.4, -0.467115, 0.049637, 0.882802, -0.0, 0.0, 0.0, 0.0, 1.0],
                [0.98076, 0.037721, -0.19154, 0.0, -0.046497, 0.998055, -0.04153, 0.4, 0.1896, 0.049637, 0.980606, -0.0, 0.0, 0.0, 0.0, 1.0],
                [0.98076, 0.037721, -0.19154, 0.0, -0.046497, 0.998055, -0.04153, 0.4, 0.1896, 0.049637, 0.980606, -0.0, 0.0, 0.0, 0.0, 1.0]
            ]
        },
        {
            "name": "Shoulder_R",
            "time": [0.0, 0.2167, 0.5, 0.7667],
            "transform": [
                [0.089555, 0.949274, 0.301428, -0.0, -0.003656, -0.302328, 0.953197, 0.4, 0.995975, -0.086466, -0.023605, 0.0, 0.0, 0.0, 0.0, 1.0],
                [0.463038, 0.833508, 0.301428, -0.0, -0.124695, -0.27544, 0.953197, 0.4, 0.877523, -0.478953, -0.023605, -0.0, 0.0, 0.0, 0.0, 1.0],
                [-0.118183, 0.946136, 0.301428, 0.0, 0.061915, -0.295943, 0.953197, 0.4, 0.991059, 0.131315, -0.023605, -0.0, 0.0, 0.0, 0.0, 1.0],
                [-0.118183, 0.946136, 0.301428, 0.0, 0.061915, -0.295943, 0.953197, 0.4, 0.991059, 0.131315, -0.023605, -0.0, 0.0, 0.0, 0.0, 1.0]
            ]
        },
        {
            "name": "Arm_R",
            "time": [0.0, 0.2167, 0.5, 0.7667],
            "transform": [
                [0.021071, 0.013447, -0.999687, 0.0, 0.946416, 0.322036, 0.02428, 0.39386, 0.322262, -0.946632, -0.005941, 0.0, 0.0, 0.0, 0.0, 1.0],
                [-0.206231, 0.190878, -0.959705, -0.0, 0.90179, 0.417758, -0.110696, 0.39386, 0.379795, -0.888281, -0.258286, -0.0, 0.0, 0.0, 0.0, 1.0],
                [-0.301357, -0.558248, -0.773009, 0.0, 0.768401, 0.337833, -0.543534, 0.39386, 0.564575, -0.757778, 0.327149, -0.0, 0.0, 0.0, 0.0, 1.0],
                [-0.301357, -0.558248, -0.773009, 0.0, 0.768401, 0.337833, -0.543534, 0.393861, 0.564575, -0.757778, 0.327149, 0.0, 0.0, 0.0, 0.0, 1.0]
            ]
        },
        {
            "name": "Hand_R",
            "time": [0.0, 0.2167, 0.4167, 0.5, 0.7667],
            "transform": [
                [0.999984, 0.001325, 0.005391, -0.0, -0.00125, 0.999903, -0.013885, 0.3, -0.005409, 0.013878, 0.999889, -0.0, 0.0, 0.0, 0.0, 1.0],
                [0.999985, 0.003622, 0.004208, -0.0, -0.00125, 0.885362, -0.464901, 0.3, -0.005409, 0.464889, 0.885353, 0.0, 0.0, 0.0, 0.0, 1.0],
                [0.999985, 0.004148, 0.00369, 0.0, -0.00125, 0.815884, -0.578215, 0.3, -0.005409, 0.578202, 0.815876, 0.0, 0.0, 0.0, 0.0, 1.0],
                [0.999985, 0.004148, 0.00369, 0.0, -0.00125, 0.815884, -0.578215, 0.3, -0.005409, 0.578202, 0.815876, 0.0, 0.0, 0.0, 0.0, 1.0],
                [0.999985, 0.004148, 0.00369, 0.0, -0.00125, 0.815884, -0.578215, 0.3, -0.005409, 0.578202, 0.815876, -0.0, 0.0, 0.0, 0.0, 1.0]
            ]
        },
        {
            "name": "Tool_R",
            "time": [0.0, 0.2167, 0.2333, 0.3667, 0.4167, 0.5, 0.7667],
            "transform": [
                [0.0, 0.0, 0.0, -0.0, 0.0, 0.0, 0.0, 0.272858, 0.0, 0.0, 0.0, -0.0, 0.0, 0.0, 0.0, 1.0],
                [0.0, 0.0, 0.0, -0.0, 0.0, 0.0, 0.0, 0.272858, 0.0, 0.0, 0.0, 0.0, 0.0, 0.0, 0.0, 1.0],
                [0.000282, 0.001479, -0.009451, -3e-05, 0.009438, -0.001583, 3.4e-05, 0.275631, -0.001557, -0.009316, -0.001504, 0.006892, 0.0, 0.0, 0.0, 1.0],
                [0.029543, 0.052845, -0.496321, -0.030502, 0.440959, -0.235699, 0.001152, 0.374073, -0.2337, -0.437525, -0.060496, 0.251591, 0.0, 0.0, 0.0, 1.0],
                [0.18524, 0.181203, -0.541158, -0.169595, 0.493659, -0.336339, 0.05636, 0.40289, -0.286158, -0.462376, -0.252776, 0.113957, 0.0, 0.0, 0.0, 1.0],
                [0.422394, 0.808426, -0.409915, -0.157041, 0.900726, -0.424944, 0.09008, 0.371289, -0.101298, -0.407034, -0.907126, -0.043463, 0.0, 0.0, 0.0, 1.0],
                [0.443935, 0.820225, -0.360767, -0.136202, 0.888539, -0.455005, 0.058895, 0.36671, -0.115766, -0.346501, -0.930243, 0.002654, 0.0, 0.0, 0.0, 1.0]
            ]
        },
        {
            "name": "Elbow_R",
            "time": [0.0, 0.2167, 0.7667],
            "transform": [
                [-1.0, 0.0, -0.0, -0.0, 0.0, -0.0, -1.0, 0.3, -0.0, -1.0, 0.0, -0.0, 0.0, 0.0, 0.0, 1.0],
                [-1.0, 0.0, -0.0, -0.0, 0.0, -0.0, -1.0, 0.3, -0.0, -1.0, 0.0, 0.0, 0.0, 0.0, 0.0, 1.0],
                [-1.0, 0.0, -0.0, 0.0, 0.0, -0.0, -1.0, 0.3, -0.0, -1.0, 0.0, -0.0, 0.0, 0.0, 0.0, 1.0]
            ]
        },
        {
            "name": "Shoulder_L",
            "time": [0.0, 0.2167, 0.5, 0.7667],
            "transform": [
                [0.088499, -0.949454, -0.301172, -0.0, -0.003902, -0.302687, 0.953082, 0.4, -0.996068, -0.083172, -0.030493, 0.0, 0.0, 0.0, 0.0, 1.0],
                [0.808386, -0.505774, -0.301172, -0.0, 0.238226, -0.186769, 0.953082, 0.4, -0.538294, -0.842205, -0.030493, -0.0, 0.0, 0.0, 0.0, 1.0],
                [0.808386, -0.505774, -0.301172, 0.0, 0.238226, -0.186769, 0.953082, 0.4, -0.538294, -0.842205, -0.030493, -0.0, 0.0, 0.0, 0.0, 1.0],
                [0.808386, -0.505774, -0.301172, 0.0, 0.238226, -0.186769, 0.953082, 0.4, -0.538294, -0.842205, -0.030493, -0.0, 0.0, 0.0, 0.0, 1.0]
            ]
        },
        {
            "name": "Arm_L",
            "time": [0.0, 0.2167, 0.35, 0.5, 0.7667],
            "transform": [
                [0.159467, 0.003163, 0.987198, -0.0, -0.915361, 0.374973, 0.146661, 0.39386, -0.369709, -0.92703, 0.062691, -0.0, 0.0, 0.0, 0.0, 1.0],
                [-0.684442, 0.6567, -0.316676, -0.0, 0.596861, 0.25527, -0.760654, 0.39386, -0.418683, -0.709635, -0.566676, -0.0, 0.0, 0.0, 0.0, 1.0],
                [-0.706613, 0.682387, 0.187205, -0.0, 0.36719, 0.579766, -0.727353, 0.39386, -0.604872, -0.445217, -0.660236, 0.0, 0.0, 0.0, 0.0, 1.0],
                [-0.51705, -0.188771, 0.83488, -0.0, -0.520053, 0.84399, -0.131243, 0.39386, -0.679856, -0.502041, -0.534557, -0.0, 0.0, 0.0, 0.0, 1.0],
                [-0.51705, -0.188771, 0.83488, -0.0, -0.520053, 0.84399, -0.131243, 0.39386, -0.679856, -0.502041, -0.534557, -0.0, 0.0, 0.0, 0.0, 1.0]
            ]
        },
        {
            "name": "Hand_L",
            "time": [0.0, 0.2167, 0.3333, 0.5, 0.7667],
            "transform": [
                [0.99932, -0.036878, 0.000448, 0.0, 0.03687, 0.999235, 0.013035, 0.3, -0.000928, -0.013009, 0.999915, -0.0, 0.0, 0.0, 0.0, 1.0],
                [0.99932, -0.030718, 0.020411, 0.0, 0.03687, 0.846, -0.531907, 0.3, -0.000928, 0.532298, 0.846557, -0.0, 0.0, 0.0, 0.0, 1.0],
                [0.99932, -0.036875, 0.000651, 0.0, 0.03687, 0.999292, 0.007533, 0.3, -0.000928, -0.007504, 0.999972, 0.0, 0.0, 0.0, 0.0, 1.0],
                [0.99932, -0.035339, 0.010552, -0.0, 0.03687, 0.964444, -0.261704, 0.3, -0.000928, 0.261915, 0.965091, -0.0, 0.0, 0.0, 0.0, 1.0],
                [0.99932, -0.035339, 0.010552, 0.0, 0.03687, 0.964444, -0.261704, 0.3, -0.000928, 0.261915, 0.965091, 0.0, 0.0, 0.0, 0.0, 1.0]
            ]
        },
        {
            "name": "Tool_L",
            "time": [0.0, 0.7667],
            "transform": [
                [0.0, 0.0, 0.0, -0.0, 0.0, 0.0, 0.0, 0.272858, 0.0, 0.0, 0.0, 0.0, 0.0, 0.0, 0.0, 1.0],
                [0.0, 0.0, 0.0, -0.0, 0.0, 0.0, 0.0, 0.272858, 0.0, 0.0, 0.0, 0.0, 0.0, 0.0, 0.0, 1.0]
            ]
        },
        {
            "name": "Elbow_L",
            "time": [0.0, 0.7667],
            "transform": [
                [-1.0, 0.0, -0.0, 0.0, 0.0, -0.0, -1.0, 0.3, -0.0, -1.0, -0.0, -0.0, 0.0, 0.0, 0.0, 1.0],
                [-1.0, 0.0, -0.0, 0.0, 0.0, -0.0, -1.0, 0.3, -0.0, -1.0, -0.0, 0.0, 0.0, 0.0, 0.0, 1.0]
            ]
        }
    ]
}