{
    
    "animation": [
        {
            "name": "Root",
            "time": [0.0, 0.1667],
            "transform": [
                [0.91967, 0.0, -0.392693, -5e-06, -0.392693, 0.0, -0.91967, 0.000946, 0.0, 1.0, 0.0, 0.659134, 0.0, 0.0, 0.0, 1.0],
                [0.91967, 0.0, -0.392693, -5e-06, -0.392693, 0.0, -0.91967, 0.000946, 0.0, 1.0, 0.0, 0.659134, 0.0, 0.0, 0.0, 1.0]
            ]
        },
        {
            "name": "Thigh_R",
            "time": [0.0, 0.1667],
            "transform": [
                [0.984831, -0.023916, -0.17186, 0.124994, -0.073363, -0.954962, -0.287508, -0.002831, -0.157244, 0.295755, -0.942233, -1.2e-05, 0.0, 0.0, 0.0, 1.0],
                [0.984831, -0.023916, -0.17186, 0.124994, -0.073363, -0.954962, -0.287508, -0.002831, -0.157244, 0.295755, -0.942233, -1.2e-05, 0.0, 0.0, 0.0, 1.0]
            ]
        },
        {
            "name": "Leg_R",
            "time": [0.0, 0.1667],
            "transform": [
                [1.0, -1e-06, 2e-06, 0.0, -0.0, 0.94138, 0.33735, 0.37472, -2e-06, -0.33735, 0.941379, 0.0, 0.0, 0.0, 0.0, 1.0],
                [1.0, -1e-06, 2e-06, 0.0, -0.0, 0.94138, 0.33735, 0.37472, -2e-06, -0.33735, 0.941379, 0.0, 0.0, 0.0, 0.0, 1.0]
            ]
        },
        {
            "name": "Knee_R",
            "time": [0.0, 0.1667],
            "transform": [
                [1.0, 0.0, -0.0, 0.0, -0.0, 1e-06, -1.0, 0.37472, -0.0, 1.0, 1e-06, 0.0, 0.0, 0.0, 0.0, 1.0],
                [1.0, 0.0, -0.0, 0.0, -0.0, 1e-06, -1.0, 0.37472, -0.0, 1.0, 1e-06, 0.0, 0.0, 0.0, 0.0, 1.0]
            ]
        },
        {
            "name": "Thigh_L",
            "time": [0.0, 0.1667],
            "transform": [
                [0.989324, -0.145611, -0.005847, -0.125006, -0.103884, -0.732819, 0.672446, -0.002831, -0.102201, -0.66466, -0.740123, -1.2e-05, 0.0, 0.0, 0.0, 1.0],
                [0.989324, -0.145611, -0.005847, -0.125006, -0.103884, -0.732819, 0.672446, -0.002831, -0.102201, -0.66466, -0.740123, -1.2e-05, 0.0, 0.0, 0.0, 1.0]
            ]
        },
        {
            "name": "Leg_L",
            "time": [0.0, 0.1667],
            "transform": [
                [0.998887, 0.046863, -0.0054, 0.0, -0.032308, 0.763035, 0.645549, 0.37472, 0.034372, -0.644655, 0.7637, -0.0, 0.0, 0.0, 0.0, 1.0],
                [0.998887, 0.046863, -0.0054, 0.0, -0.032308, 0.763035, 0.645549, 0.37472, 0.034372, -0.644655, 0.7637, -0.0, 0.0, 0.0, 0.0, 1.0]
            ]
        },
        {
            "name": "Knee_L",
            "time": [0.0, 0.1667],
            "transform": [
                [1.0, 0.0, -0.0, 0.0, -0.0, 1e-06, -1.0, 0.37472, -0.0, 1.0, 1e-06, -0.0, 0.0, 0.0, 0.0, 1.0],
                [1.0, 0.0, -0.0, 0.0, -0.0, 1e-06, -1.0, 0.37472, -0.0, 1.0, 1e-06, -0.0, 0.0, 0.0, 0.0, 1.0]
            ]
        },
        {
            "name": "Torso",
            "time": [0.0, 0.1667],
            "transform": [
                [0.924004, -0.020971, -0.381806, -0.0, 0.026572, 0.999603, 0.009402, 0.05, 0.381457, -0.018833, 0.924195, -0.0, 0.0, 0.0, 0.0, 1.0],
                [0.924004, -0.020971, -0.381806, -0.0, 0.026572, 0.999603, 0.009402, 0.05, 0.381457, -0.018833, 0.924195, -0.0, 0.0, 0.0, 0.0, 1.0]
            ]
        },
        {
            "name": "Chest",
            "time": [0.0, 0.1667],
            "transform": [
                [0.845062, -0.021411, 0.53424, 0.0, 0.007818, 0.999586, 0.027696, 0.3, -0.534611, -0.019228, 0.84488, 0.0, 0.0, 0.0, 0.0, 1.0],
                [0.845062, -0.021411, 0.53424, 0.0, 0.007818, 0.999586, 0.027696, 0.3, -0.534611, -0.019228, 0.84488, 0.0, 0.0, 0.0, 0.0, 1.0]
            ]
        },
        {
            "name": "Head",
            "time": [0.0, 0.1667],
            "transform": [
                [0.924503, -0.180474, 0.335744, -0.0, 0.212009, 0.975458, -0.059443, 0.4, -0.316776, 0.126136, 0.940076, 0.0, 0.0, 0.0, 0.0, 1.0],
                [0.924503, -0.180474, 0.335744, -0.0, 0.212009, 0.975458, -0.059443, 0.4, -0.316776, 0.126136, 0.940076, 0.0, 0.0, 0.0, 0.0, 1.0]
            ]
        },
        {
            "name": "Shoulder_R",
            "time": [0.0, 0.1667],
            "transform": [
                [0.568479, 0.754549, 0.327852, -0.0, -0.161119, -0.288682, 0.943771, 0.4, 0.806767, -0.589337, -0.042537, 0.0, 0.0, 0.0, 0.0, 1.0],
                [0.568479, 0.754549, 0.327852, -0.0, -0.161119, -0.288682, 0.943771, 0.4, 0.806767, -0.589337, -0.042537, 0.0, 0.0, 0.0, 0.0, 1.0]
            ]
        },
        {
            "name": "Arm_R",
            "time": [0.0, 0.1667],
            "transform": [
                [-0.316681, -0.942244, 0.109036, 0.0, 0.487246, -0.260223, -0.833592, 0.393861, 0.813821, -0.210855, 0.541512, -0.0, 0.0, 0.0, 0.0, 1.0],
                [-0.316681, -0.942244, 0.109036, 0.0, 0.487246, -0.260223, -0.833592, 0.393861, 0.813821, -0.210855, 0.541512, -0.0, 0.0, 0.0, 0.0, 1.0]
            ]
        },
        {
            "name": "Hand_R",
            "time": [0.0, 0.1667],
            "transform": [
                [0.999984, 0.004272, 0.003545, -0.0, -0.00125, 0.79556, -0.605874, 0.3, -0.005409, 0.60586, 0.795553, -0.0, 0.0, 0.0, 0.0, 1.0],
                [0.999984, 0.004272, 0.003545, -0.0, -0.00125, 0.79556, -0.605874, 0.3, -0.005409, 0.60586, 0.795553, -0.0, 0.0, 0.0, 0.0, 1.0]
            ]
        },
        {
            "name": "Tool_R",
            "time": [0.0, 0.1667],
            "transform": [
                [0.573843, -0.453632, -0.681852, -0.006912, -0.818958, -0.314339, -0.480102, 0.303589, 0.003446, 0.833414, -0.551566, -0.232784, 0.0, 0.0, 0.0, 1.0],
                [0.573843, -0.453632, -0.681852, -0.006912, -0.818958, -0.314339, -0.480102, 0.303589, 0.003446, 0.833414, -0.551566, -0.232784, 0.0, 0.0, 0.0, 1.0]
            ]
        },
        {
            "name": "Elbow_R",
            "time": [0.0, 0.1667],
            "transform": [
                [-1.0, 0.0, 0.0, -0.0, -0.0, 0.489299, -0.872116, 0.3, -0.0, -0.872116, -0.489299, -0.0, 0.0, 0.0, 0.0, 1.0],
                [-1.0, 0.0, 0.0, -0.0, -0.0, 0.489299, -0.872116, 0.3, -0.0, -0.872116, -0.489299, -0.0, 0.0, 0.0, 0.0, 1.0]
            ]
        },
        {
            "name": "Shoulder_L",
            "time": [0.0, 0.1667],
            "transform": [
                [0.629322, -0.697297, -0.34312, -0.0, 0.128754, -0.341861, 0.930889, 0.4, -0.766405, -0.630007, -0.125361, 0.0, 0.0, 0.0, 0.0, 1.0],
                [0.629322, -0.697297, -0.34312, -0.0, 0.128754, -0.341861, 0.930889, 0.4, -0.766405, -0.630007, -0.125361, 0.0, 0.0, 0.0, 0.0, 1.0]
            ]
        },
        {
            "name": "Arm_L",
            "time": [0.0, 0.1667],
            "transform": [
                [0.672164, 0.704622, 0.227384, 0.0, -0.625853, 0.704807, -0.334, 0.39386, -0.395606, 0.082194, 0.914735, 0.0, 0.0, 0.0, 0.0, 1.0],
                [0.672164, 0.704622, 0.227384, 0.0, -0.625853, 0.704807, -0.334, 0.39386, -0.395606, 0.082194, 0.914735, 0.0, 0.0, 0.0, 0.0, 1.0]
            ]
        },
        {
            "name": "Hand_L",
            "time": [0.0, 0.1667],
            "transform": [
                [0.99932, -0.034897, 0.011933, 0.0, 0.036869, 0.953416, -0.299399, 0.3, -0.000929, 0.299635, 0.954054, -0.0, 0.0, 0.0, 0.0, 1.0],
                [0.99932, -0.034897, 0.011933, 0.0, 0.036869, 0.953416, -0.299399, 0.3, -0.000929, 0.299635, 0.954054, -0.0, 0.0, 0.0, 0.0, 1.0]
            ]
        },
        {
            "name": "Tool_L",
            "time": [0.0, 0.1667],
            "transform": [
                [1.0, 0.0, 0.0, 0.0, 0.0, -0.999836, 0.018122, 0.272858, 0.0, -0.018122, -0.999247, 0.0, 0.0, 0.0, 0.0, 1.0],
                [1.0, 0.0, 0.0, 0.0, 0.0, -0.999836, 0.018122, 0.272858, 0.0, -0.018122, -0.999247, 0.0, 0.0, 0.0, 0.0, 1.0]
            ]
        },
        {
            "name": "Elbow_L",
            "time": [0.0, 0.1667],
            "transform": [
                [-1.0, 0.0, -0.0, 0.0, 0.0, -0.0, -1.0, 0.3, -0.0, -1.0, -0.0, -0.0, 0.0, 0.0, 0.0, 1.0],
                [-1.0, 0.0, -0.0, 0.0, 0.0, -0.0, -1.0, 0.3, -0.0, -1.0, -0.0, -0.0, 0.0, 0.0, 0.0, 1.0]
            ]
        }
    ]
}