{
    
    "animation": [
        {
            "name": "Root",
            "time": [0.0, 0.5833, 0.85, 1.0, 1.4],
            "transform": [
                [0.91967, 0.0, -0.392693, -5e-06, -0.392693, 0.0, -0.91967, 0.000946, 0.0, 1.0, 0.0, 0.659134, 0.0, 0.0, 0.0, 1.0],
                [0.91967, 0.0, -0.392693, -5e-06, -0.392693, 0.0, -0.91967, 0.000946, 0.0, 1.0, 0.0, 0.659134, 0.0, 0.0, 0.0, 1.0],
                [0.91967, 0.0, -0.392693, -5e-06, -0.392693, 0.0, -0.91967, -0.753606, 0.0, 1.0, 0.0, 0.584488, 0.0, 0.0, 0.0, 1.0],
                [0.91967, 0.0, -0.392693, -5e-06, -0.392693, 0.0, -0.91967, -0.753606, 0.0, 1.0, 0.0, 0.584488, 0.0, 0.0, 0.0, 1.0],
                [0.91967, 0.0, -0.392693, -5e-06, -0.392693, 0.0, -0.91967, -0.753606, 0.0, 1.0, 0.0, 0.671126, 0.0, 0.0, 0.0, 1.0]
            ]
        },
        {
            "name": "Thigh_R",
            "time": [0.0, 0.5833, 0.7833, 1.0, 1.4],
            "transform": [
                [0.984831, -0.023916, -0.17186, 0.124994, -0.073363, -0.954962, -0.287508, -0.002831, -0.157244, 0.295755, -0.942233, -1.2e-05, 0.0, 0.0, 0.0, 1.0],
                [0.984831, -0.023916, -0.17186, 0.124994, -0.073363, -0.954962, -0.287508, -0.002831, -0.157244, 0.295755, -0.942233, -1.2e-05, 0.0, 0.0, 0.0, 1.0],
                [0.988066, 0.108897, -0.108931, 0.124994, 0.066654, -0.93986, -0.334987, -0.002831, -0.138859, 0.323728, -0.935905, -1.2e-05, 0.0, 0.0, 0.0, 1.0],
                [0.988066, 0.108897, -0.108931, 0.124994, 0.066654, -0.93986, -0.334987, -0.002831, -0.138859, 0.323728, -0.935905, -1.2e-05, 0.0, 0.0, 0.0, 1.0],
                [0.991341, 0.005016, -0.131213, 0.124994, -0.005599, -0.996744, -0.080405, -0.002831, -0.131189, 0.080444, -0.988088, -1.2e-05, 0.0, 0.0, 0.0, 1.0]
            ]
        },
        {
            "name": "Leg_R",
            "time": [0.0, 0.5833, 0.7833, 1.0, 1.25, 1.4],
            "transform": [
                [1.0, -1e-06, 2e-06, 0.0, -0.0, 0.94138, 0.33735, 0.37472, -2e-06, -0.33735, 0.941379, 0.0, 0.0, 0.0, 0.0, 1.0],
                [1.0, -1e-06, 2e-06, 0.0, -0.0, 0.94138, 0.33735, 0.37472, -2e-06, -0.33735, 0.941379, 0.0, 0.0, 0.0, 0.0, 1.0],
                [0.998291, 0.04983, 0.030532, -0.0, -0.058439, 0.848888, 0.525332, 0.37472, 0.000259, -0.526219, 0.850348, -0.0, 0.0, 0.0, 0.0, 1.0],
                [0.998291, 0.04983, 0.030532, 0.0, -0.058439, 0.848888, 0.525332, 0.37472, 0.000259, -0.526219, 0.850348, 0.0, 0.0, 0.0, 0.0, 1.0],
                [0.996849, 0.066019, 0.043972, -0.0, -0.079252, 0.805485, 0.587294, 0.37472, 0.003354, -0.588929, 0.808178, 0.0, 0.0, 0.0, 0.0, 1.0],
                [0.996849, 0.066019, 0.043972, -0.0, -0.079252, 0.805485, 0.587294, 0.37472, 0.003354, -0.588929, 0.808178, 0.0, 0.0, 0.0, 0.0, 1.0]
            ]
        },
        {
            "name": "Knee_R",
            "time": [0.0, 0.5833, 1.4],
            "transform": [
                [1.0, 0.0, -0.0, 0.0, -0.0, 1e-06, -1.0, 0.37472, -0.0, 1.0, 1e-06, 0.0, 0.0, 0.0, 0.0, 1.0],
                [1.0, 0.0, -0.0, 0.0, -0.0, 1e-06, -1.0, 0.37472, -0.0, 1.0, 1e-06, 0.0, 0.0, 0.0, 0.0, 1.0],
                [1.0, 0.0, -0.0, -0.0, -0.0, 1e-06, -1.0, 0.37472, -0.0, 1.0, 1e-06, 0.0, 0.0, 0.0, 0.0, 1.0]
            ]
        },
        {
            "name": "Thigh_L",
            "time": [0.0, 0.5833, 0.7833, 1.0, 1.4],
            "transform": [
                [0.989324, -0.145611, -0.005847, -0.125006, -0.103884, -0.732819, 0.672446, -0.002831, -0.102201, -0.66466, -0.740123, -1.2e-05, 0.0, 0.0, 0.0, 1.0],
                [0.989324, -0.145611, -0.005847, -0.125006, -0.103884, -0.732819, 0.672446, -0.002831, -0.102201, -0.66466, -0.740123, -1.2e-05, 0.0, 0.0, 0.0, 1.0],
                [0.947684, -0.303617, -0.098541, -0.125006, -0.119916, -0.624721, 0.771585, -0.002831, -0.295827, -0.719402, -0.628448, -1.2e-05, 0.0, 0.0, 0.0, 1.0],
                [0.947684, -0.303617, -0.098541, -0.125006, -0.119916, -0.624721, 0.771585, -0.002831, -0.295827, -0.719402, -0.628448, -1.2e-05, 0.0, 0.0, 0.0, 1.0],
                [0.958994, -0.225487, -0.171714, -0.125006, -0.088236, -0.813268, 0.575161, -0.002831, -0.269341, -0.536425, -0.799815, -1.2e-05, 0.0, 0.0, 0.0, 1.0]
            ]
        },
        {
            "name": "Leg_L",
            "time": [0.0, 0.5833, 0.7833, 1.0, 1.25, 1.4],
            "transform": [
                [0.998887, 0.046863, -0.0054, 0.0, -0.032308, 0.763035, 0.645549, 0.37472, 0.034372, -0.644655, 0.7637, -0.0, 0.0, 0.0, 0.0, 1.0],
                [0.998887, 0.046863, -0.0054, 0.0, -0.032308, 0.763035, 0.645549, 0.37472, 0.034372, -0.644655, 0.7637, -0.0, 0.0, 0.0, 0.0, 1.0],
                [0.99955, 0.018144, -0.023905, 0.0, -0.00492, 0.884827, 0.465893, 0.37472, 0.029605, -0.465565, 0.884518, 0.0, 0.0, 0.0, 0.0, 1.0],
                [0.99955, 0.018144, -0.023905, -0.0, -0.00492, 0.884827, 0.465893, 0.37472, 0.029605, -0.465565, 0.884518, 0.0, 0.0, 0.0, 0.0, 1.0],
                [0.997261, 0.071363, 0.019453, 0.0, -0.058543, 0.600793, 0.797258, 0.37472, 0.045207, -0.796213, 0.603325, -0.0, 0.0, 0.0, 0.0, 1.0],
                [0.997261, 0.071363, 0.019453, -0.0, -0.058543, 0.600793, 0.797258, 0.37472, 0.045207, -0.796213, 0.603325, 0.0, 0.0, 0.0, 0.0, 1.0]
            ]
        },
        {
            "name": "Knee_L",
            "time": [0.0, 0.5833, 1.4],
            "transform": [
                [1.0, 0.0, -0.0, 0.0, -0.0, 1e-06, -1.0, 0.37472, -0.0, 1.0, 1e-06, -0.0, 0.0, 0.0, 0.0, 1.0],
                [1.0, 0.0, -0.0, 0.0, -0.0, 1e-06, -1.0, 0.37472, -0.0, 1.0, 1e-06, -0.0, 0.0, 0.0, 0.0, 1.0],
                [1.0, 0.0, -0.0, -0.0, -0.0, 1e-06, -1.0, 0.37472, -0.0, 1.0, 1e-06, 0.0, 0.0, 0.0, 0.0, 1.0]
            ]
        },
        {
            "name": "Torso",
            "time": [0.0, 0.5833, 1.4],
            "transform": [
                [0.924004, -0.020971, -0.381806, -0.0, 0.026572, 0.999603, 0.009402, 0.05, 0.381457, -0.018833, 0.924195, -0.0, 0.0, 0.0, 0.0, 1.0],
                [0.924004, -0.020971, -0.381806, -0.0, 0.026572, 0.999603, 0.009402, 0.05, 0.381457, -0.018833, 0.924195, -0.0, 0.0, 0.0, 0.0, 1.0],
                [0.924004, -0.020971, -0.381806, -0.0, 0.026572, 0.999603, 0.009402, 0.05, 0.381457, -0.018833, 0.924195, 0.0, 0.0, 0.0, 0.0, 1.0]
            ]
        },
        {
            "name": "Chest",
            "time": [0.0, 0.5833, 0.7, 1.0333, 1.4],
            "transform": [
                [0.845062, -0.021411, 0.53424, 0.0, 0.007818, 0.999586, 0.027696, 0.3, -0.534611, -0.019228, 0.84488, 0.0, 0.0, 0.0, 0.0, 1.0],
                [0.845062, -0.021411, 0.53424, 0.0, 0.007818, 0.999586, 0.027696, 0.3, -0.534611, -0.019228, 0.84488, 0.0, 0.0, 0.0, 0.0, 1.0],
                [0.841958, 0.17684, 0.50974, 0.0, -0.05643, 0.968442, -0.242766, 0.3, -0.536584, 0.175634, 0.825367, 0.0, 0.0, 0.0, 0.0, 1.0],
                [0.845062, -0.021411, 0.53424, -0.0, 0.007818, 0.999586, 0.027696, 0.3, -0.534611, -0.019228, 0.84488, -0.0, 0.0, 0.0, 0.0, 1.0],
                [0.845062, -0.021411, 0.53424, 0.0, 0.007818, 0.999586, 0.027696, 0.3, -0.534611, -0.019228, 0.84488, -0.0, 0.0, 0.0, 0.0, 1.0]
            ]
        },
        {
            "name": "Head",
            "time": [0.0, 0.5833, 0.7, 1.0333, 1.4],
            "transform": [
                [0.924503, -0.180474, 0.335744, -0.0, 0.212009, 0.975458, -0.059443, 0.4, -0.316776, 0.126136, 0.940076, 0.0, 0.0, 0.0, 0.0, 1.0],
                [0.924503, -0.180474, 0.335744, -0.0, 0.212009, 0.975458, -0.059443, 0.4, -0.316776, 0.126136, 0.940076, 0.0, 0.0, 0.0, 0.0, 1.0],
                [0.905744, -0.267893, 0.328422, 0.0, 0.158219, 0.932603, 0.324374, 0.4, -0.393185, -0.241837, 0.887085, -0.0, 0.0, 0.0, 0.0, 1.0],
                [0.924503, -0.180474, 0.335744, -0.0, 0.212009, 0.975458, -0.059443, 0.4, -0.316776, 0.126136, 0.940076, -0.0, 0.0, 0.0, 0.0, 1.0],
                [0.943, 0.024255, 0.331907, -0.0, 0.00348, 0.996567, -0.082714, 0.4, -0.332774, 0.079154, 0.939679, -0.0, 0.0, 0.0, 0.0, 1.0]
            ]
        },
        {
            "name": "Shoulder_R",
            "time": [0.0, 0.5833, 1.4],
            "transform": [
                [0.568479, 0.754549, 0.327852, -0.0, -0.161119, -0.288682, 0.943771, 0.4, 0.806767, -0.589337, -0.042537, 0.0, 0.0, 0.0, 0.0, 1.0],
                [0.568479, 0.754549, 0.327852, -0.0, -0.161119, -0.288682, 0.943771, 0.4, 0.806767, -0.589337, -0.042537, 0.0, 0.0, 0.0, 0.0, 1.0],
                [0.568479, 0.754549, 0.327852, -0.0, -0.161119, -0.288682, 0.943771, 0.4, 0.806767, -0.589337, -0.042537, -0.0, 0.0, 0.0, 0.0, 1.0]
            ]
        },
        {
            "name": "Arm_R",
            "time": [0.0, 0.5833, 0.7, 1.0333, 1.4],
            "transform": [
                [-0.275791, -0.9477, 0.160635, 0.0, 0.458741, -0.276627, -0.844414, 0.393861, 0.844687, -0.159192, 0.51104, -0.0, 0.0, 0.0, 0.0, 1.0],
                [-0.275791, -0.9477, 0.160635, 0.0, 0.458741, -0.276627, -0.844414, 0.393861, 0.844687, -0.159192, 0.51104, -0.0, 0.0, 0.0, 0.0, 1.0],
                [-0.06509, -0.927957, 0.366961, -0.0, 0.334948, -0.366723, -0.867943, 0.39386, 0.939986, 0.066418, 0.334687, -0.0, 0.0, 0.0, 0.0, 1.0],
                [-0.316681, -0.942244, 0.109036, 0.0, 0.487246, -0.260223, -0.833592, 0.393861, 0.813821, -0.210855, 0.541512, -0.0, 0.0, 0.0, 0.0, 1.0],
                [-0.555943, -0.669796, -0.492239, -0.0, 0.770122, -0.192208, -0.60825, 0.393861, 0.312792, -0.717237, 0.622682, -0.0, 0.0, 0.0, 0.0, 1.0]
            ]
        },
        {
            "name": "Hand_R",
            "time": [0.0, 0.5833, 1.4],
            "transform": [
                [0.999984, 0.004272, 0.003545, -0.0, -0.00125, 0.79556, -0.605874, 0.3, -0.005409, 0.60586, 0.795553, 0.0, 0.0, 0.0, 0.0, 1.0],
                [0.999984, 0.004272, 0.003545, -0.0, -0.00125, 0.79556, -0.605874, 0.3, -0.005409, 0.60586, 0.795553, 0.0, 0.0, 0.0, 0.0, 1.0],
                [0.999985, 0.004272, 0.003545, 0.0, -0.00125, 0.79556, -0.605874, 0.3, -0.005409, 0.60586, 0.795553, 0.0, 0.0, 0.0, 0.0, 1.0]
            ]
        },
        {
            "name": "Tool_R",
            "time": [0.0, 0.5833, 0.7, 1.0333, 1.4],
            "transform": [
                [0.573843, -0.453632, -0.681852, -0.006912, -0.818958, -0.314339, -0.480102, 0.303589, 0.003446, 0.833414, -0.551566, -0.232784, 0.0, 0.0, 0.0, 1.0],
                [0.57378, -0.455925, -0.680374, -0.006912, -0.819002, -0.315885, -0.479012, 0.303589, 0.003463, 0.831579, -0.554329, -0.232784, 0.0, 0.0, 0.0, 1.0],
                [0.573843, -0.453632, -0.681852, -0.097532, -0.818958, -0.314339, -0.480102, 0.239217, 0.003446, 0.833414, -0.551566, -0.166326, 0.0, 0.0, 0.0, 1.0],
                [0.573843, -0.453632, -0.681852, -0.006912, -0.818958, -0.314339, -0.480102, 0.303589, 0.003446, 0.833414, -0.551566, -0.232784, 0.0, 0.0, 0.0, 1.0],
                [0.573843, -0.453632, -0.681852, -0.006912, -0.818958, -0.314339, -0.480102, 0.303589, 0.003446, 0.833414, -0.551566, -0.232784, 0.0, 0.0, 0.0, 1.0]
            ]
        },
        {
            "name": "Elbow_R",
            "time": [0.0, 0.5833, 1.4],
            "transform": [
                [-1.0, 0.0, 0.0, -0.0, 0.0, 0.489299, -0.872116, 0.3, -0.0, -0.872116, -0.489299, 0.0, 0.0, 0.0, 0.0, 1.0],
                [-1.0, 0.0, 0.0, -0.0, 0.0, 0.489299, -0.872116, 0.3, -0.0, -0.872116, -0.489299, 0.0, 0.0, 0.0, 0.0, 1.0],
                [-1.0, 0.0, 0.0, 0.0, 0.0, 0.489299, -0.872116, 0.3, -0.0, -0.872116, -0.489299, 0.0, 0.0, 0.0, 0.0, 1.0]
            ]
        },
        {
            "name": "Shoulder_L",
            "time": [0.0, 0.5833, 1.4],
            "transform": [
                [0.629322, -0.697297, -0.34312, -0.0, 0.128754, -0.341861, 0.930889, 0.4, -0.766405, -0.630007, -0.125361, 0.0, 0.0, 0.0, 0.0, 1.0],
                [0.629322, -0.697297, -0.34312, -0.0, 0.128754, -0.341861, 0.930889, 0.4, -0.766405, -0.630007, -0.125361, 0.0, 0.0, 0.0, 0.0, 1.0],
                [0.629322, -0.697297, -0.34312, -0.0, 0.128754, -0.341861, 0.930889, 0.4, -0.766405, -0.630007, -0.125361, -0.0, 0.0, 0.0, 0.0, 1.0]
            ]
        },
        {
            "name": "Arm_L",
            "time": [0.0, 0.5833, 0.7, 1.0333, 1.4],
            "transform": [
                [0.671914, 0.699653, 0.242936, 0.0, -0.628407, 0.712156, -0.312951, 0.39386, -0.391965, 0.057614, 0.918174, 0.0, 0.0, 0.0, 0.0, 1.0],
                [0.671914, 0.699653, 0.242936, 0.0, -0.628407, 0.712156, -0.312951, 0.39386, -0.391965, 0.057614, 0.918174, 0.0, 0.0, 0.0, 0.0, 1.0],
                [0.676927, 0.729765, 0.095979, 0.0, -0.602292, 0.624139, -0.497689, 0.39386, -0.4231, 0.279092, 0.862029, 0.0, 0.0, 0.0, 0.0, 1.0],
                [0.672164, 0.704622, 0.227384, 0.0, -0.625853, 0.704807, -0.334, 0.39386, -0.395606, 0.082194, 0.914735, -0.0, 0.0, 0.0, 0.0, 1.0],
                [0.713736, 0.262607, 0.649322, 0.0, -0.659024, 0.565754, 0.495591, 0.39386, -0.237211, -0.781639, 0.576863, -0.0, 0.0, 0.0, 0.0, 1.0]
            ]
        },
        {
            "name": "Hand_L",
            "time": [0.0, 0.5833, 0.7, 1.0333, 1.4],
            "transform": [
                [0.99932, -0.034897, 0.011933, -0.0, 0.036869, 0.953416, -0.299399, 0.3, -0.000929, 0.299635, 0.954054, -0.0, 0.0, 0.0, 0.0, 1.0],
                [0.99932, -0.034897, 0.011933, -0.0, 0.036869, 0.953416, -0.299399, 0.3, -0.000929, 0.299635, 0.954054, -0.0, 0.0, 0.0, 0.0, 1.0],
                [0.998173, -0.034244, 0.049791, 0.0, 0.054645, 0.863276, -0.501765, 0.3, -0.025801, 0.503569, 0.86357, -0.0, 0.0, 0.0, 0.0, 1.0],
                [0.99932, -0.034897, 0.011933, -0.0, 0.036869, 0.953416, -0.299399, 0.3, -0.000929, 0.299635, 0.954054, -0.0, 0.0, 0.0, 0.0, 1.0],
                [0.99932, -0.034897, 0.011933, 0.0, 0.036869, 0.953416, -0.299399, 0.3, -0.000929, 0.299635, 0.954054, 0.0, 0.0, 0.0, 0.0, 1.0]
            ]
        },
        {
            "name": "Tool_L",
            "time": [0.0, 0.5833, 1.4],
            "transform": [
                [1.0, 0.0, 0.0, 0.0, 0.0, -0.999836, 0.018122, 0.272858, 0.0, -0.018122, -0.999247, 0.0, 0.0, 0.0, 0.0, 1.0],
                [1.0, 0.0, 0.0, 0.0, 0.0, -0.999836, 0.018122, 0.272858, 0.0, -0.018122, -0.999247, 0.0, 0.0, 0.0, 0.0, 1.0],
                [1.0, 0.0, 0.0, -0.0, 0.0, -0.999836, 0.018122, 0.272858, 0.0, -0.018122, -0.999247, 0.0, 0.0, 0.0, 0.0, 1.0]
            ]
        },
        {
            "name": "Elbow_L",
            "time": [0.0, 0.5833, 1.4],
            "transform": [
                [-1.0, 0.0, -0.0, -0.0, 0.0, -0.0, -1.0, 0.3, -0.0, -1.0, -0.0, -0.0, 0.0, 0.0, 0.0, 1.0],
                [-1.0, 0.0, -0.0, -0.0, 0.0, -0.0, -1.0, 0.3, -0.0, -1.0, -0.0, -0.0, 0.0, 0.0, 0.0, 1.0],
                [-1.0, 0.0, -0.0, 0.0, 0.0, -0.0, -1.0, 0.3, -0.0, -1.0, -0.0, 0.0, 0.0, 0.0, 0.0, 1.0]
            ]
        }
    ]
}