{
    
    "animation": [
        {
            "name": "Root",
            "time": [0.0, 0.4167, 0.5167],
            "transform": [
                [0.999987, 0.0, 0.005163, -5e-06, 0.005163, 0.0, -0.999987, 0.000946, 0.0, 1.0, 0.0, 0.692594, 0.0, 0.0, 0.0, 1.0],
                [0.999987, 0.0, 0.005163, 0.002477, 0.005163, 0.0, -0.999987, -0.479648, 0.0, 1.0, 0.0, 0.692594, 0.0, 0.0, 0.0, 1.0],
                [0.999987, 0.0, 0.005163, 0.002477, 0.005163, 0.0, -0.999987, -0.479648, 0.0, 1.0, 0.0, 0.692594, 0.0, 0.0, 0.0, 1.0]
            ]
        },
        {
            "name": "Thigh_R",
            "time": [0.0, 0.2167, 0.5167],
            "transform": [
                [0.99327, 0.01498, 0.114842, 0.124994, 0.034255, -0.985232, -0.167749, -0.002831, 0.110633, 0.170554, -0.979118, -1.2e-05, 0.0, 0.0, 0.0, 1.0],
                [0.99327, 0.083561, 0.080192, 0.124994, 0.034255, -0.873392, 0.485808, -0.002831, 0.110633, -0.479791, -0.87038, -1.2e-05, 0.0, 0.0, 0.0, 1.0],
                [0.99327, 0.083561, 0.080192, 0.124994, 0.034255, -0.873392, 0.485808, -0.002831, 0.110633, -0.479791, -0.87038, -1.2e-05, 0.0, 0.0, 0.0, 1.0]
            ]
        },
        {
            "name": "Leg_R",
            "time": [0.0, 0.2167, 0.5167],
            "transform": [
                [1.0, -1e-06, 2e-06, -0.0, -0.0, 0.885807, 0.464056, 0.37472, -2e-06, -0.464056, 0.885805, -0.0, 0.0, 0.0, 0.0, 1.0],
                [1.0, -2e-06, 1e-06, 0.0, -0.0, 0.423288, 0.905994, 0.37472, -2e-06, -0.905996, 0.423288, 0.0, 0.0, 0.0, 0.0, 1.0],
                [1.0, -1e-06, 2e-06, 0.0, -0.0, 0.830713, 0.556701, 0.37472, -2e-06, -0.556702, 0.830712, 0.0, 0.0, 0.0, 0.0, 1.0]
            ]
        },
        {
            "name": "Knee_R",
            "time": [0.0, 0.5167],
            "transform": [
                [1.0, 0.0, -0.0, -0.0, -0.0, 1e-06, -1.0, 0.37472, -0.0, 1.0, 1e-06, -0.0, 0.0, 0.0, 0.0, 1.0],
                [1.0, 0.0, -0.0, 0.0, -0.0, 1e-06, -1.0, 0.37472, -0.0, 1.0, 1e-06, 0.0, 0.0, 0.0, 0.0, 1.0]
            ]
        },
        {
            "name": "Thigh_L",
            "time": [0.0, 0.2167, 0.5167],
            "transform": [
                [0.997658, 0.036677, 0.057724, -0.125006, -0.005026, -0.802434, 0.596719, -0.002831, 0.068205, -0.595612, -0.800371, -1.2e-05, 0.0, 0.0, 0.0, 1.0],
                [0.997658, -0.026425, 0.063079, -0.125006, -0.005026, -0.94817, -0.317723, -0.002831, 0.068205, 0.316663, -0.946083, -1.2e-05, 0.0, 0.0, 0.0, 1.0],
                [0.997658, -0.008537, 0.067855, -0.125006, -0.005026, -0.998647, -0.051749, -0.002831, 0.068205, 0.051287, -0.996352, -1.2e-05, 0.0, 0.0, 0.0, 1.0]
            ]
        },
        {
            "name": "Leg_L",
            "time": [0.0, 0.0667, 0.2167, 0.5167],
            "transform": [
                [1.0, -0.0, 1e-06, -0.0, 0.0, 0.940943, 0.338566, 0.37472, -1e-06, -0.338566, 0.940943, -0.0, 0.0, 0.0, 0.0, 1.0],
                [0.999943, -0.004203, -0.009809, 0.0, 0.010499, 0.222921, 0.97478, 0.37472, -0.00191, -0.974827, 0.222952, 0.0, 0.0, 0.0, 0.0, 1.0],
                [1.0, -1e-06, 0.0, 0.0, 0.0, 0.776198, 0.63049, 0.37472, -1e-06, -0.630489, 0.776198, -0.0, 0.0, 0.0, 0.0, 1.0],
                [1.0, -1e-06, 0.0, -0.0, 0.0, 0.776198, 0.63049, 0.37472, -1e-06, -0.630489, 0.776198, 0.0, 0.0, 0.0, 0.0, 1.0]
            ]
        },
        {
            "name": "Knee_L",
            "time": [0.0, 0.5167],
            "transform": [
                [1.0, 0.0, -0.0, -0.0, -0.0, 1e-06, -1.0, 0.37472, -0.0, 1.0, 1e-06, -0.0, 0.0, 0.0, 0.0, 1.0],
                [1.0, 0.0, -0.0, -0.0, -0.0, 1e-06, -1.0, 0.37472, -0.0, 1.0, 1e-06, 0.0, 0.0, 0.0, 0.0, 1.0]
            ]
        },
        {
            "name": "Torso",
            "time": [0.0, 0.1167, 0.5167],
            "transform": [
                [0.99978, -0.020971, -0.000197, 0.0, 0.020971, 0.999603, 0.018833, 0.05, -0.000198, -0.018833, 0.999823, -0.0, 0.0, 0.0, 0.0, 1.0],
                [0.99978, -0.020153, 0.005805, -0.0, 0.020971, 0.963288, -0.267652, 0.05, -0.000198, 0.267715, 0.963498, -0.0, 0.0, 0.0, 0.0, 1.0],
                [0.99978, -0.020971, -0.000197, -0.0, 0.020971, 0.999603, 0.018833, 0.05, -0.000198, -0.018833, 0.999823, 0.0, 0.0, 0.0, 0.0, 1.0]
            ]
        },
        {
            "name": "Chest",
            "time": [0.0, 0.5167],
            "transform": [
                [0.999774, -0.020933, 0.003805, 0.0, 0.019712, 0.978646, 0.204604, 0.3, -0.008006, -0.204482, 0.978838, 0.0, 0.0, 0.0, 0.0, 1.0],
                [0.999774, -0.020933, 0.003805, -0.0, 0.019712, 0.978646, 0.204604, 0.3, -0.008006, -0.204482, 0.978838, 0.0, 0.0, 0.0, 0.0, 1.0]
            ]
        },
        {
            "name": "Head",
            "time": [0.0, 0.1167, 0.5167],
            "transform": [
                [0.98965, 0.111922, -0.089815, -0.0, -0.117066, 0.991644, -0.054197, 0.4, 0.082998, 0.064151, 0.994483, -0.0, 0.0, 0.0, 0.0, 1.0],
                [0.98965, 0.129259, -0.062332, 0.0, -0.117066, 0.978415, 0.170295, 0.4, 0.082998, -0.161236, 0.98342, -0.0, 0.0, 0.0, 0.0, 1.0],
                [0.98965, 0.111922, -0.089815, -0.0, -0.117066, 0.991644, -0.054197, 0.4, 0.082998, 0.064151, 0.994483, -0.0, 0.0, 0.0, 0.0, 1.0]
            ]
        },
        {
            "name": "Shoulder_R",
            "time": [0.0, 0.5167],
            "transform": [
                [0.276799, 0.916546, 0.288662, -0.0, 0.046126, -0.312726, 0.948723, 0.4, 0.95982, -0.24929, -0.128839, -0.0, 0.0, 0.0, 0.0, 1.0],
                [0.276799, 0.916546, 0.288662, -0.0, 0.046126, -0.312726, 0.948723, 0.4, 0.95982, -0.24929, -0.128839, -0.0, 0.0, 0.0, 0.0, 1.0]
            ]
        },
        {
            "name": "Arm_R",
            "time": [0.0, 0.1333, 0.5167],
            "transform": [
                [0.362534, -0.760541, -0.538652, -0.0, 0.603205, 0.632065, -0.486453, 0.39386, 0.710431, -0.148562, 0.687908, -0.0, 0.0, 0.0, 0.0, 1.0],
                [0.362534, -0.520801, -0.772875, 0.0, 0.603205, 0.763283, -0.231391, 0.39386, 0.710431, -0.382315, 0.590866, -0.0, 0.0, 0.0, 0.0, 1.0],
                [0.362534, -0.760541, -0.538652, -0.0, 0.603205, 0.632065, -0.486453, 0.393861, 0.710431, -0.148562, 0.687908, 0.0, 0.0, 0.0, 0.0, 1.0]
            ]
        },
        {
            "name": "Hand_R",
            "time": [0.0, 0.1333, 0.5167],
            "transform": [
                [0.997118, -0.07525, -0.009682, 0.0, 0.051973, 0.770435, -0.635396, 0.3, 0.055273, 0.633062, 0.772125, -0.0, 0.0, 0.0, 0.0, 1.0],
                [0.997118, -0.072542, 0.022227, -0.0, 0.051973, 0.439647, -0.896666, 0.3, 0.055273, 0.895236, 0.44215, -0.0, 0.0, 0.0, 0.0, 1.0],
                [0.997118, -0.07525, -0.009682, -0.0, 0.051973, 0.770435, -0.635396, 0.3, 0.055273, 0.633062, 0.772125, -0.0, 0.0, 0.0, 0.0, 1.0]
            ]
        },
        {
            "name": "Tool_R",
            "time": [0.0, 0.5167],
            "transform": [
                [-0.461386, 0.817641, -0.344364, -0.274652, 0.54368, -0.046156, -0.838023, 0.277156, -0.700675, -0.573536, -0.422998, 0.15296, 0.0, 0.0, 0.0, 1.0],
                [-0.461386, 0.817641, -0.344364, -0.274652, 0.54368, -0.046156, -0.838023, 0.277156, -0.700675, -0.573536, -0.422998, 0.15296, 0.0, 0.0, 0.0, 1.0]
            ]
        },
        {
            "name": "Elbow_R",
            "time": [0.0, 0.1167, 0.5167],
            "transform": [
                [-1.0, 0.0, 0.0, 0.0, -0.0, 0.489299, -0.872116, 0.3, -0.0, -0.872116, -0.489299, -0.0, 0.0, 0.0, 0.0, 1.0],
                [-1.0, 0.0, 0.0, -0.0, 0.0, 0.489299, -0.872116, 0.3, -0.0, -0.872116, -0.489299, -0.0, 0.0, 0.0, 0.0, 1.0],
                [-1.0, 0.0, 0.0, -0.0, -0.0, 0.489299, -0.872116, 0.3, -0.0, -0.872116, -0.489299, -0.0, 0.0, 0.0, 0.0, 1.0]
            ]
        },
        {
            "name": "Shoulder_L",
            "time": [0.0, 0.5167],
            "transform": [
                [0.245077, -0.921538, -0.301172, -0.0, 0.046461, -0.299125, 0.953082, 0.4, -0.96839, -0.247572, -0.030493, -0.0, 0.0, 0.0, 0.0, 1.0],
                [0.245077, -0.921538, -0.301172, -0.0, 0.046461, -0.299125, 0.953082, 0.4, -0.96839, -0.247572, -0.030493, -0.0, 0.0, 0.0, 0.0, 1.0]
            ]
        },
        {
            "name": "Arm_L",
            "time": [0.0, 0.1167, 0.5167],
            "transform": [
                [0.190408, 0.875559, 0.444005, 0.0, -0.312288, 0.482807, -0.818153, 0.39386, -0.93071, 0.017125, 0.365357, -0.0, 0.0, 0.0, 0.0, 1.0],
                [0.045005, 0.3522, 0.934842, -0.0, -0.674193, 0.701256, -0.23174, 0.39386, -0.737182, -0.619835, 0.269011, 0.0, 0.0, 0.0, 0.0, 1.0],
                [0.190408, 0.875559, 0.444005, -0.0, -0.312288, 0.482807, -0.818153, 0.39386, -0.93071, 0.017125, 0.365357, 0.0, 0.0, 0.0, 0.0, 1.0]
            ]
        },
        {
            "name": "Hand_L",
            "time": [0.0, 0.1167, 0.5167],
            "transform": [
                [0.99932, -0.033821, 0.014709, 0.0, 0.036869, 0.926161, -0.375324, 0.3, -0.000929, 0.375611, 0.926777, -0.0, 0.0, 0.0, 0.0, 1.0],
                [0.99932, -0.003118, 0.036749, 0.0, 0.036869, 0.109536, -0.993299, 0.3, -0.000929, 0.993978, 0.109577, 0.0, 0.0, 0.0, 0.0, 1.0],
                [0.99932, -0.033821, 0.014709, 0.0, 0.036869, 0.926161, -0.375324, 0.3, -0.000929, 0.375611, 0.926777, 0.0, 0.0, 0.0, 0.0, 1.0]
            ]
        },
        {
            "name": "Tool_L",
            "time": [0.0, 0.5167],
            "transform": [
                [1.0, 0.0, 0.0, 0.0, 0.0, -0.999836, 0.018122, 0.272858, 0.0, -0.018122, -0.999247, 0.0, 0.0, 0.0, 0.0, 1.0],
                [1.0, 0.0, 0.0, 0.0, 0.0, -0.999836, 0.018122, 0.272858, 0.0, -0.018122, -0.999247, -0.0, 0.0, 0.0, 0.0, 1.0]
            ]
        },
        {
            "name": "Elbow_L",
            "time": [0.0, 0.5167],
            "transform": [
                [-1.0, 0.0, -0.0, 0.0, 0.0, -0.0, -1.0, 0.3, -0.0, -1.0, -0.0, -0.0, 0.0, 0.0, 0.0, 1.0],
                [-1.0, 0.0, -0.0, 0.0, 0.0, -0.0, -1.0, 0.3, -0.0, -1.0, -0.0, 0.0, 0.0, 0.0, 0.0, 1.0]
            ]
        }
    ]
}