{
    
    "animation": [
        {
            "name": "Root",
            "time": [0.0, 2.8333],
            "transform": [
                [0.999987, 0.0, 0.005163, -5e-06, 0.005163, 0.0, -0.999987, 0.000946, 0.0, 1.0, 0.0, 0.692594, 0.0, 0.0, 0.0, 1.0],
                [0.999987, 0.0, 0.005163, -5e-06, 0.005163, 0.0, -0.999987, 0.000946, 0.0, 1.0, 0.0, 0.692594, 0.0, 0.0, 0.0, 1.0]
            ]
        },
        {
            "name": "Thigh_R",
            "time": [0.0, 1.4833, 2.8333],
            "transform": [
                [0.99327, 0.01498, 0.114842, 0.124994, 0.034255, -0.985232, -0.167749, -0.002831, 0.110633, 0.170554, -0.979118, -1.2e-05, 0.0, 0.0, 0.0, 1.0],
                [0.99327, 0.026165, 0.112821, 0.124994, 0.034255, -0.99693, -0.070371, -0.002831, 0.110633, 0.073762, -0.991121, -1.2e-05, 0.0, 0.0, 0.0, 1.0],
                [0.99327, 0.01498, 0.114842, 0.124994, 0.034255, -0.985232, -0.167749, -0.002831, 0.110633, 0.170554, -0.979118, -1.2e-05, 0.0, 0.0, 0.0, 1.0]
            ]
        },
        {
            "name": "Leg_R",
            "time": [0.0, 1.4833, 2.8333],
            "transform": [
                [1.0, -1e-06, 2e-06, -0.0, -0.0, 0.885807, 0.464056, 0.37472, -2e-06, -0.464056, 0.885805, -0.0, 0.0, 0.0, 0.0, 1.0],
                [1.0, -1e-06, 2e-06, 0.0, -0.0, 0.797502, 0.603316, 0.37472, -2e-06, -0.603317, 0.797501, -0.0, 0.0, 0.0, 0.0, 1.0],
                [1.0, -1e-06, 2e-06, -0.0, -0.0, 0.885807, 0.464056, 0.37472, -2e-06, -0.464056, 0.885805, -0.0, 0.0, 0.0, 0.0, 1.0]
            ]
        },
        {
            "name": "Knee_R",
            "time": [0.0, 2.8333],
            "transform": [
                [1.0, 0.0, -0.0, -0.0, -0.0, 1e-06, -1.0, 0.37472, -0.0, 1.0, 1e-06, -0.0, 0.0, 0.0, 0.0, 1.0],
                [1.0, 0.0, -0.0, -0.0, -0.0, 1e-06, -1.0, 0.37472, -0.0, 1.0, 1e-06, -0.0, 0.0, 0.0, 0.0, 1.0]
            ]
        },
        {
            "name": "Thigh_L",
            "time": [0.0, 1.4833, 2.8333],
            "transform": [
                [0.997658, 0.036677, 0.057724, -0.125006, -0.005026, -0.802434, 0.596719, -0.002831, 0.068205, -0.595612, -0.800371, -1.2e-05, 0.0, 0.0, 0.0, 1.0],
                [0.997658, 0.040183, 0.05534, -0.125006, -0.005026, -0.76392, 0.645291, -0.002831, 0.068205, -0.644059, -0.761929, -1.2e-05, 0.0, 0.0, 0.0, 1.0],
                [0.997658, 0.036677, 0.057724, -0.125006, -0.005026, -0.802434, 0.596719, -0.002831, 0.068205, -0.595612, -0.800371, -1.2e-05, 0.0, 0.0, 0.0, 1.0]
            ]
        },
        {
            "name": "Leg_L",
            "time": [0.0, 1.4833, 2.8333],
            "transform": [
                [1.0, -0.0, 1e-06, -0.0, 0.0, 0.940943, 0.338566, 0.37472, -1e-06, -0.338566, 0.940943, -0.0, 0.0, 0.0, 0.0, 1.0],
                [1.0, -1e-06, 0.0, 0.0, 0.0, 0.870779, 0.491674, 0.37472, -1e-06, -0.491674, 0.87078, -0.0, 0.0, 0.0, 0.0, 1.0],
                [1.0, -0.0, 1e-06, -0.0, 0.0, 0.940943, 0.338566, 0.37472, -1e-06, -0.338566, 0.940943, -0.0, 0.0, 0.0, 0.0, 1.0]
            ]
        },
        {
            "name": "Knee_L",
            "time": [0.0, 2.8333],
            "transform": [
                [1.0, 0.0, -0.0, -0.0, -0.0, 1e-06, -1.0, 0.37472, -0.0, 1.0, 1e-06, -0.0, 0.0, 0.0, 0.0, 1.0],
                [1.0, 0.0, -0.0, -0.0, -0.0, 1e-06, -1.0, 0.37472, -0.0, 1.0, 1e-06, -0.0, 0.0, 0.0, 0.0, 1.0]
            ]
        },
        {
            "name": "Torso",
            "time": [0.0, 1.4833, 2.8333],
            "transform": [
                [0.99978, -0.020971, -0.000197, 0.0, 0.020971, 0.999603, 0.018833, 0.05, -0.000198, -0.018833, 0.999823, -0.0, 0.0, 0.0, 0.0, 1.0],
                [0.99978, -0.020863, -0.00214, 0.0, 0.020971, 0.993558, 0.11137, 0.05, -0.000198, -0.11139, 0.993777, -0.0, 0.0, 0.0, 0.0, 1.0],
                [0.99978, -0.020971, -0.000197, 0.0, 0.020971, 0.999603, 0.018833, 0.05, -0.000198, -0.018833, 0.999823, -0.0, 0.0, 0.0, 0.0, 1.0]
            ]
        },
        {
            "name": "Chest",
            "time": [0.0, 2.8333],
            "transform": [
                [0.999774, -0.020933, 0.003805, 0.0, 0.019712, 0.978646, 0.204604, 0.3, -0.008006, -0.204482, 0.978838, 0.0, 0.0, 0.0, 0.0, 1.0],
                [0.999774, -0.020933, 0.003805, 0.0, 0.019712, 0.978646, 0.204604, 0.3, -0.008006, -0.204482, 0.978838, 0.0, 0.0, 0.0, 0.0, 1.0]
            ]
        },
        {
            "name": "Head",
            "time": [0.0, 1.4833, 2.8333],
            "transform": [
                [0.98965, 0.111922, -0.089815, -0.0, -0.117066, 0.991644, -0.054197, 0.4, 0.082998, 0.064151, 0.994483, -0.0, 0.0, 0.0, 0.0, 1.0],
                [0.98965, 0.0964, -0.106303, 0.0, -0.117066, 0.970772, -0.209515, 0.4, 0.082998, 0.219791, 0.97201, 0.0, 0.0, 0.0, 0.0, 1.0],
                [0.98965, 0.111922, -0.089815, -0.0, -0.117066, 0.991644, -0.054197, 0.4, 0.082998, 0.064151, 0.994483, -0.0, 0.0, 0.0, 0.0, 1.0]
            ]
        },
        {
            "name": "Shoulder_R",
            "time": [0.0, 2.8333],
            "transform": [
                [0.276799, 0.916546, 0.288662, -0.0, 0.046126, -0.312726, 0.948723, 0.4, 0.95982, -0.24929, -0.128839, -0.0, 0.0, 0.0, 0.0, 1.0],
                [0.276799, 0.916546, 0.288662, -0.0, 0.046126, -0.312726, 0.948723, 0.4, 0.95982, -0.24929, -0.128839, -0.0, 0.0, 0.0, 0.0, 1.0]
            ]
        },
        {
            "name": "Arm_R",
            "time": [0.0, 1.4833, 2.8333],
            "transform": [
                [0.362534, -0.760541, -0.538652, -0.0, 0.603205, 0.632065, -0.486453, 0.39386, 0.710431, -0.148562, 0.687908, -0.0, 0.0, 0.0, 0.0, 1.0],
                [0.362534, -0.620748, -0.695156, 0.0, 0.603205, 0.724879, -0.332708, 0.39386, 0.710431, -0.298703, 0.637232, 0.0, 0.0, 0.0, 0.0, 1.0],
                [0.362534, -0.760541, -0.538652, -0.0, 0.603205, 0.632065, -0.486453, 0.39386, 0.710431, -0.148562, 0.687908, -0.0, 0.0, 0.0, 0.0, 1.0]
            ]
        },
        {
            "name": "Hand_R",
            "time": [0.0, 1.4833, 2.8333],
            "transform": [
                [0.997118, -0.07525, -0.009682, 0.0, 0.051973, 0.770435, -0.635396, 0.3, 0.055273, 0.633062, 0.772125, -0.0, 0.0, 0.0, 0.0, 1.0],
                [0.997118, -0.073437, 0.019061, 0.0, 0.051973, 0.47811, -0.876761, 0.3, 0.055273, 0.875225, 0.480549, 0.0, 0.0, 0.0, 0.0, 1.0],
                [0.997118, -0.07525, -0.009682, 0.0, 0.051973, 0.770435, -0.635396, 0.3, 0.055273, 0.633062, 0.772125, -0.0, 0.0, 0.0, 0.0, 1.0]
            ]
        },
        {
            "name": "Tool_R",
            "time": [0.0, 2.8333],
            "transform": [
                [-0.461386, 0.817641, -0.344364, -0.274652, 0.54368, -0.046156, -0.838023, 0.277156, -0.700675, -0.573536, -0.422998, 0.15296, 0.0, 0.0, 0.0, 1.0],
                [-0.461386, 0.817641, -0.344364, -0.274652, 0.54368, -0.046156, -0.838023, 0.277156, -0.700675, -0.573536, -0.422998, 0.15296, 0.0, 0.0, 0.0, 1.0]
            ]
        },
        {
            "name": "Elbow_R",
            "time": [0.0, 2.8333],
            "transform": [
                [-1.0, 0.0, 0.0, 0.0, -0.0, 0.489299, -0.872116, 0.3, -0.0, -0.872116, -0.489299, -0.0, 0.0, 0.0, 0.0, 1.0],
                [-1.0, 0.0, 0.0, 0.0, -0.0, 0.489299, -0.872116, 0.3, -0.0, -0.872116, -0.489299, -0.0, 0.0, 0.0, 0.0, 1.0]
            ]
        },
        {
            "name": "Shoulder_L",
            "time": [0.0, 2.8333],
            "transform": [
                [0.245077, -0.921538, -0.301172, -0.0, 0.046461, -0.299125, 0.953082, 0.4, -0.96839, -0.247572, -0.030493, -0.0, 0.0, 0.0, 0.0, 1.0],
                [0.245077, -0.921538, -0.301172, -0.0, 0.046461, -0.299125, 0.953082, 0.4, -0.96839, -0.247572, -0.030493, -0.0, 0.0, 0.0, 0.0, 1.0]
            ]
        },
        {
            "name": "Arm_L",
            "time": [0.0, 1.4833, 2.8333],
            "transform": [
                [0.190408, 0.875559, 0.444005, 0.0, -0.312288, 0.482807, -0.818153, 0.39386, -0.93071, 0.017125, 0.365357, -0.0, 0.0, 0.0, 0.0, 1.0],
                [0.190408, 0.668185, 0.719217, 0.0, -0.312288, 0.735791, -0.600906, 0.39386, -0.93071, -0.110186, 0.348767, 0.0, 0.0, 0.0, 0.0, 1.0],
                [0.190408, 0.875559, 0.444005, 0.0, -0.312288, 0.482807, -0.818153, 0.39386, -0.93071, 0.017125, 0.365357, -0.0, 0.0, 0.0, 0.0, 1.0]
            ]
        },
        {
            "name": "Hand_L",
            "time": [0.0, 1.4833, 2.8333],
            "transform": [
                [0.99932, -0.033821, 0.014709, 0.0, 0.036869, 0.926161, -0.375324, 0.3, -0.000929, 0.375611, 0.926777, -0.0, 0.0, 0.0, 0.0, 1.0],
                [0.99932, -0.022448, 0.029263, -0.0, 0.036869, 0.628024, -0.77732, 0.3, -0.000929, 0.77787, 0.628425, -0.0, 0.0, 0.0, 0.0, 1.0],
                [0.99932, -0.033821, 0.014709, 0.0, 0.036869, 0.926161, -0.375324, 0.3, -0.000929, 0.375611, 0.926777, -0.0, 0.0, 0.0, 0.0, 1.0]
            ]
        },
        {
            "name": "Tool_L",
            "time": [0.0, 2.8333],
            "transform": [
                [1.0, 0.0, 0.0, 0.0, 0.0, -0.999836, 0.018122, 0.272858, 0.0, -0.018122, -0.999247, 0.0, 0.0, 0.0, 0.0, 1.0],
                [1.0, 0.0, 0.0, 0.0, 0.0, -0.999836, 0.018122, 0.272858, 0.0, -0.018122, -0.999247, 0.0, 0.0, 0.0, 0.0, 1.0]
            ]
        },
        {
            "name": "Elbow_L",
            "time": [0.0, 2.8333],
            "transform": [
                [-1.0, 0.0, -0.0, 0.0, 0.0, -0.0, -1.0, 0.3, -0.0, -1.0, -0.0, -0.0, 0.0, 0.0, 0.0, 1.0],
                [-1.0, 0.0, -0.0, 0.0, 0.0, -0.0, -1.0, 0.3, -0.0, -1.0, -0.0, -0.0, 0.0, 0.0, 0.0, 1.0]
            ]
        }
    ]
}