{
    
    "animation": [
        {
            "name": "Root",
            "time": [0.0, 1.5, 2.8333],
            "transform": [
                [0.946957, 0.0, -0.321361, -5e-06, -0.321361, 0.0, -0.946957, 0.000946, 0.0, 1.0, 0.0, 0.755725, 0.0, 0.0, 0.0, 1.0],
                [0.946957, 0.0, -0.321361, -5e-06, -0.321361, 0.0, -0.946957, 0.000946, 0.0, 1.0, 0.0, 0.739117, 0.0, 0.0, 0.0, 1.0],
                [0.946957, 0.0, -0.321361, -5e-06, -0.321361, 0.0, -0.946957, 0.000946, 0.0, 1.0, 0.0, 0.755725, 0.0, 0.0, 0.0, 1.0]
            ]
        },
        {
            "name": "Thigh_R",
            "time": [0.0, 2.8333],
            "transform": [
                [0.99327, 0.036683, 0.109852, 0.124994, 0.034255, -0.999125, 0.023913, -0.002831, 0.110633, -0.019988, -0.993661, -1.2e-05, 0.0, 0.0, 0.0, 1.0],
                [0.99327, 0.036683, 0.109852, 0.124994, 0.034255, -0.999125, 0.023913, -0.002831, 0.110633, -0.019988, -0.993661, -1.2e-05, 0.0, 0.0, 0.0, 1.0]
            ]
        },
        {
            "name": "Leg_R",
            "time": [0.0, 1.5, 2.8333],
            "transform": [
                [1.0, -0.0, 2e-06, -0.0, -0.0, 0.966099, 0.258173, 0.37472, -2e-06, -0.258173, 0.966098, 0.0, 0.0, 0.0, 0.0, 1.0],
                [1.0, -1e-06, 2e-06, -0.0, -0.0, 0.912819, 0.408365, 0.37472, -2e-06, -0.408366, 0.912818, -0.0, 0.0, 0.0, 0.0, 1.0],
                [1.0, -0.0, 2e-06, -0.0, -0.0, 0.966099, 0.258173, 0.37472, -2e-06, -0.258173, 0.966098, 0.0, 0.0, 0.0, 0.0, 1.0]
            ]
        },
        {
            "name": "Knee_R",
            "time": [0.0, 2.8333],
            "transform": [
                [1.0, 0.0, -0.0, -0.0, -0.0, 1e-06, -1.0, 0.37472, -0.0, 1.0, 1e-06, 0.0, 0.0, 0.0, 0.0, 1.0],
                [1.0, 0.0, -0.0, -0.0, -0.0, 1e-06, -1.0, 0.37472, -0.0, 1.0, 1e-06, 0.0, 0.0, 0.0, 0.0, 1.0]
            ]
        },
        {
            "name": "Thigh_L",
            "time": [0.0, 1.5, 2.8333],
            "transform": [
                [0.924713, -0.158543, -0.346076, -0.125006, -0.058103, -0.957272, 0.283291, -0.002831, -0.376203, -0.241855, -0.894414, -1.2e-05, 0.0, 0.0, 0.0, 1.0],
                [0.924713, -0.19445, -0.327252, -0.125006, -0.058103, -0.921715, 0.383492, -0.002831, -0.376203, -0.335606, -0.86362, -1.2e-05, 0.0, 0.0, 0.0, 1.0],
                [0.924713, -0.158543, -0.346076, -0.125006, -0.058103, -0.957272, 0.283291, -0.002831, -0.376203, -0.241855, -0.894414, -1.2e-05, 0.0, 0.0, 0.0, 1.0]
            ]
        },
        {
            "name": "Leg_L",
            "time": [0.0, 1.5, 2.8333],
            "transform": [
                [1.0, -0.0, 1e-06, 0.0, 0.0, 0.984973, 0.172708, 0.37472, -1e-06, -0.172708, 0.984973, 0.0, 0.0, 0.0, 0.0, 1.0],
                [1.0, -1e-06, 1e-06, 0.0, 0.0, 0.931096, 0.364774, 0.37472, -1e-06, -0.364773, 0.931096, -0.0, 0.0, 0.0, 0.0, 1.0],
                [1.0, -0.0, 1e-06, 0.0, 0.0, 0.984973, 0.172708, 0.37472, -1e-06, -0.172708, 0.984973, 0.0, 0.0, 0.0, 0.0, 1.0]
            ]
        },
        {
            "name": "Knee_L",
            "time": [0.0, 2.8333],
            "transform": [
                [1.0, 0.0, -0.0, 0.0, -0.0, 1e-06, -1.0, 0.37472, -0.0, 1.0, 1e-06, 0.0, 0.0, 0.0, 0.0, 1.0],
                [1.0, 0.0, -0.0, 0.0, -0.0, 1e-06, -1.0, 0.37472, -0.0, 1.0, 1e-06, 0.0, 0.0, 0.0, 0.0, 1.0]
            ]
        },
        {
            "name": "Torso",
            "time": [0.0, 2.8333],
            "transform": [
                [0.99978, -0.020971, -0.000197, -0.0, 0.020971, 0.999603, 0.018833, 0.05, -0.000198, -0.018833, 0.999823, 0.0, 0.0, 0.0, 0.0, 1.0],
                [0.99978, -0.020971, -0.000197, -0.0, 0.020971, 0.999603, 0.018833, 0.05, -0.000198, -0.018833, 0.999823, 0.0, 0.0, 0.0, 0.0, 1.0]
            ]
        },
        {
            "name": "Chest",
            "time": [0.0, 2.8333],
            "transform": [
                [0.999771, -0.021411, -0.000206, 0.0, 0.021411, 0.999586, 0.019228, 0.3, -0.000206, -0.019228, 0.999815, 0.0, 0.0, 0.0, 0.0, 1.0],
                [0.999771, -0.021411, -0.000206, 0.0, 0.021411, 0.999586, 0.019228, 0.3, -0.000206, -0.019228, 0.999815, 0.0, 0.0, 0.0, 0.0, 1.0]
            ]
        },
        {
            "name": "Head",
            "time": [0.0, 2.8333],
            "transform": [
                [0.941198, 0.037721, 0.335744, -0.0, -0.018795, 0.998055, -0.059443, 0.4, -0.337333, 0.049637, 0.940076, -0.0, 0.0, 0.0, 0.0, 1.0],
                [0.941198, 0.037721, 0.335744, -0.0, -0.018795, 0.998055, -0.059443, 0.4, -0.337333, 0.049637, 0.940076, -0.0, 0.0, 0.0, 0.0, 1.0]
            ]
        },
        {
            "name": "Shoulder_R",
            "time": [0.0, 2.8333],
            "transform": [
                [-0.037607, 0.94398, 0.327852, -0.0, 0.058028, -0.325468, 0.943771, 0.4, 0.997606, 0.054517, -0.042537, -0.0, 0.0, 0.0, 0.0, 1.0],
                [-0.037607, 0.94398, 0.327852, -0.0, 0.058028, -0.325468, 0.943771, 0.4, 0.997606, 0.054517, -0.042537, -0.0, 0.0, 0.0, 0.0, 1.0]
            ]
        },
        {
            "name": "Arm_R",
            "time": [0.0, 2.8333],
            "transform": [
                [-0.304675, -0.523201, -0.795885, 0.0, 0.55065, 0.585051, -0.595398, 0.39386, 0.777147, -0.619657, 0.10985, 0.0, 0.0, 0.0, 0.0, 1.0],
                [-0.304675, -0.523201, -0.795885, 0.0, 0.55065, 0.585051, -0.595398, 0.39386, 0.777147, -0.619657, 0.10985, 0.0, 0.0, 0.0, 0.0, 1.0]
            ]
        },
        {
            "name": "Hand_R",
            "time": [0.0, 1.5, 2.8333],
            "transform": [
                [0.999984, 0.005294, 0.001672, -0.0, -0.00125, 0.508268, -0.861198, 0.3, -0.005409, 0.861183, 0.508267, 0.0, 0.0, 0.0, 0.0, 1.0],
                [0.999001, 0.042549, 0.013649, -0.0, -0.004246, 0.39447, -0.918899, 0.3, -0.044482, 0.917924, 0.394256, 0.0, 0.0, 0.0, 0.0, 1.0],
                [0.999984, 0.005294, 0.001672, -0.0, -0.00125, 0.508268, -0.861198, 0.3, -0.005409, 0.861183, 0.508267, 0.0, 0.0, 0.0, 0.0, 1.0]
            ]
        },
        {
            "name": "Tool_R",
            "time": [0.0, 1.5, 2.8333],
            "transform": [
                [0.501263, 0.761261, -0.411359, -0.128834, 0.865152, -0.432306, 0.25421, 0.410202, 0.015687, -0.483033, -0.874785, 0.088601, 0.0, 0.0, 0.0, 1.0],
                [0.501263, 0.802938, -0.322531, -0.128835, 0.865153, -0.458306, 0.203633, 0.410202, 0.015687, -0.380892, -0.923846, 0.088601, 0.0, 0.0, 0.0, 1.0],
                [0.501263, 0.761261, -0.411359, -0.128834, 0.865152, -0.432306, 0.25421, 0.410202, 0.015687, -0.483033, -0.874785, 0.088601, 0.0, 0.0, 0.0, 1.0]
            ]
        },
        {
            "name": "Elbow_R",
            "time": [0.0, 2.8333],
            "transform": [
                [-1.0, 0.0, 0.0, -0.0, 0.0, 0.489299, -0.872116, 0.3, -0.0, -0.872116, -0.489299, 0.0, 0.0, 0.0, 0.0, 1.0],
                [-1.0, 0.0, 0.0, -0.0, 0.0, 0.489299, -0.872116, 0.3, -0.0, -0.872116, -0.489299, 0.0, 0.0, 0.0, 0.0, 1.0]
            ]
        },
        {
            "name": "Shoulder_L",
            "time": [0.0, 2.8333],
            "transform": [
                [0.245077, -0.921538, -0.301172, -0.0, 0.046461, -0.299125, 0.953082, 0.4, -0.968389, -0.247572, -0.030493, -0.0, 0.0, 0.0, 0.0, 1.0],
                [0.245077, -0.921538, -0.301172, -0.0, 0.046461, -0.299125, 0.953082, 0.4, -0.968389, -0.247572, -0.030493, -0.0, 0.0, 0.0, 0.0, 1.0]
            ]
        },
        {
            "name": "Arm_L",
            "time": [0.0, 2.8333],
            "transform": [
                [-0.159652, 0.515848, 0.841672, 0.0, -0.94038, 0.179918, -0.288644, 0.39386, -0.300329, -0.837574, 0.456368, -0.0, 0.0, 0.0, 0.0, 1.0],
                [-0.159652, 0.515848, 0.841672, 0.0, -0.94038, 0.179918, -0.288644, 0.39386, -0.300329, -0.837574, 0.456368, -0.0, 0.0, 0.0, 0.0, 1.0]
            ]
        },
        {
            "name": "Hand_L",
            "time": [0.0, 1.5, 2.8333],
            "transform": [
                [0.99932, -0.033821, 0.014709, 0.0, 0.03687, 0.92616, -0.375324, 0.3, -0.000929, 0.375611, 0.926777, 0.0, 0.0, 0.0, 0.0, 1.0],
                [0.987108, 0.155077, 0.03961, 0.0, -0.109467, 0.83466, -0.539777, 0.3, -0.116768, 0.528482, 0.840876, 0.0, 0.0, 0.0, 0.0, 1.0],
                [0.99932, -0.033821, 0.014709, 0.0, 0.03687, 0.92616, -0.375324, 0.3, -0.000929, 0.375611, 0.926777, 0.0, 0.0, 0.0, 0.0, 1.0]
            ]
        },
        {
            "name": "Tool_L",
            "time": [0.0, 2.8333],
            "transform": [
                [1.0, 0.0, 0.0, -0.0, 0.0, -0.999836, 0.018122, 0.272858, 0.0, -0.018122, -0.999248, 0.0, 0.0, 0.0, 0.0, 1.0],
                [1.0, 0.0, 0.0, -0.0, 0.0, -0.999836, 0.018122, 0.272858, 0.0, -0.018122, -0.999248, 0.0, 0.0, 0.0, 0.0, 1.0]
            ]
        },
        {
            "name": "Elbow_L",
            "time": [0.0, 2.8333],
            "transform": [
                [-1.0, 0.0, -0.0, 0.0, 0.0, -0.0, -1.0, 0.3, -0.0, -1.0, -0.0, 0.0, 0.0, 0.0, 0.0, 1.0],
                [-1.0, 0.0, -0.0, 0.0, 0.0, -0.0, -1.0, 0.3, -0.0, -1.0, -0.0, 0.0, 0.0, 0.0, 0.0, 1.0]
            ]
        }
    ]
}