{
    
    "animation": [
        {
            "name": "Root",
            "time": [0.0, 0.15, 0.2667, 0.4167, 0.5333],
            "transform": [
                [1.0, 0.0, 0.0, -5e-06, 0.0, 0.0, -1.0, 0.000946, 0.0, 1.0, 0.0, 0.752866, 0.0, 0.0, 0.0, 1.0],
                [1.0, 0.0, 0.0, -5e-06, 0.0, 0.0, -1.0, 0.000946, 0.0, 1.0, 0.0, 0.736508, 0.0, 0.0, 0.0, 1.0],
                [1.0, 0.0, 0.0, -5e-06, 0.0, 0.0, -1.0, 0.000946, 0.0, 1.0, 0.0, 0.752866, 0.0, 0.0, 0.0, 1.0],
                [1.0, 0.0, 0.0, -5e-06, 0.0, 0.0, -1.0, 0.000946, 0.0, 1.0, 0.0, 0.720189, 0.0, 0.0, 0.0, 1.0],
                [1.0, 0.0, 0.0, -5e-06, 0.0, 0.0, -1.0, 0.000946, 0.0, 1.0, 0.0, 0.752866, 0.0, 0.0, 0.0, 1.0]
            ]
        },
        {
            "name": "Thigh_R",
            "time": [0.0, 0.15, 0.2667, 0.4167, 0.5333],
            "transform": [
                [0.996784, 0.068107, -0.042225, 0.124994, 0.079522, -0.905706, 0.416377, -0.002831, -0.009885, -0.418395, -0.908211, -1.2e-05, 0.0, 0.0, 0.0, 1.0],
                [0.999946, 0.002679, -0.01004, 0.124994, 0.008667, -0.748053, 0.663581, -0.002831, -0.005733, -0.66363, -0.748038, -1.2e-05, 0.0, 0.0, 0.0, 1.0],
                [0.998879, 0.047079, 0.004799, 0.124994, 0.046529, -0.995549, 0.081931, -0.002831, 0.008634, -0.081615, -0.996627, -1.2e-05, 0.0, 0.0, 0.0, 1.0],
                [0.998879, 0.032879, 0.034035, 0.124994, 0.046529, -0.813587, -0.579576, -0.002831, 0.008634, 0.58051, -0.814207, -1.2e-05, 0.0, 0.0, 0.0, 1.0],
                [0.996784, 0.068107, -0.042225, 0.124994, 0.079522, -0.905706, 0.416377, -0.002831, -0.009885, -0.418395, -0.908211, -1.2e-05, 0.0, 0.0, 0.0, 1.0]
            ]
        },
        {
            "name": "Leg_R",
            "time": [0.0, 0.15, 0.2667, 0.4167, 0.5333],
            "transform": [
                [1.0, -2e-06, 1e-06, 0.0, -2e-06, -0.283055, 0.959103, 0.37472, -2e-06, -0.959104, -0.283055, 0.0, 0.0, 0.0, 0.0, 1.0],
                [1.0, 1e-06, 1e-06, -0.0, -1e-06, 0.997484, 0.070908, 0.37472, -1e-06, -0.070908, 0.997482, -0.0, 0.0, 0.0, 0.0, 1.0],
                [1.0, 1e-06, 1e-06, -0.0, -1e-06, 0.997484, 0.070908, 0.37472, -1e-06, -0.070908, 0.997482, 0.0, 0.0, 0.0, 0.0, 1.0],
                [1.0, 1e-06, 2e-06, 0.0, -1e-06, 0.923728, 0.383051, 0.37472, -1e-06, -0.383051, 0.923726, 0.0, 0.0, 0.0, 0.0, 1.0],
                [1.0, -2e-06, 1e-06, 0.0, -2e-06, -0.283055, 0.959103, 0.37472, -2e-06, -0.959104, -0.283055, 0.0, 0.0, 0.0, 0.0, 1.0]
            ]
        },
        {
            "name": "Knee_R",
            "time": [0.0, 0.15, 0.2667, 0.4167, 0.5333],
            "transform": [
                [1.0, 0.0, -0.0, -0.000179, -0.0, 0.605842, -0.795585, 0.436391, -0.0, 0.795585, 0.605842, -0.000613, 0.0, 0.0, 0.0, 1.0],
                [1.0, -0.0, -0.0, -0.000179, -0.0, -0.393698, -0.91924, 0.436391, -0.0, 0.91924, -0.393698, -0.000613, 0.0, 0.0, 0.0, 1.0],
                [1.0, -0.0, -0.0, -0.000179, -0.0, -0.393698, -0.91924, 0.436391, -0.0, 0.91924, -0.393698, -0.000613, 0.0, 0.0, 0.0, 1.0],
                [1.0, -0.0, -0.0, -0.000179, -0.0, -0.393698, -0.91924, 0.436391, -0.0, 0.91924, -0.393698, -0.000613, 0.0, 0.0, 0.0, 1.0],
                [1.0, 0.0, -0.0, -0.000179, -0.0, 0.605842, -0.795585, 0.436391, -0.0, 0.795585, 0.605842, -0.000613, 0.0, 0.0, 0.0, 1.0]
            ]
        },
        {
            "name": "Thigh_L",
            "time": [0.0, 0.15, 0.2667, 0.4167, 0.5333],
            "transform": [
                [0.998768, -0.049617, 1.6e-05, -0.125006, -0.048714, -0.980657, -0.189574, -0.002831, 0.009421, 0.18934, -0.981866, -1.2e-05, 0.0, 0.0, 0.0, 1.0],
                [0.998768, -0.039981, -0.029384, -0.125006, -0.048714, -0.677693, -0.733729, -0.002831, 0.009421, 0.734258, -0.678805, -1.2e-05, 0.0, 0.0, 0.0, 1.0],
                [0.998768, -0.04222, 0.026065, -0.125006, -0.048714, -0.934142, 0.35356, -0.002831, 0.009421, -0.354394, -0.935048, -1.2e-05, 0.0, 0.0, 0.0, 1.0],
                [0.998768, -0.035087, 0.035082, -0.125006, -0.048714, -0.827687, 0.559072, -0.002831, 0.009421, -0.560092, -0.828377, -1.2e-05, 0.0, 0.0, 0.0, 1.0],
                [0.998768, -0.049617, 1.6e-05, -0.125006, -0.048714, -0.980657, -0.189574, -0.002831, 0.009421, 0.18934, -0.981866, -1.2e-05, 0.0, 0.0, 0.0, 1.0]
            ]
        },
        {
            "name": "Leg_L",
            "time": [0.0, 0.15, 0.2667, 0.4167, 0.5333],
            "transform": [
                [1.0, -0.0, 1e-06, -0.0, 0.0, 0.999948, 0.010137, 0.37472, -1e-06, -0.010137, 0.999949, -0.0, 0.0, 0.0, 0.0, 1.0],
                [1.0, -0.0, 1e-06, -0.0, 0.0, 0.971501, 0.237034, 0.37472, -1e-06, -0.237033, 0.971502, 0.0, 0.0, 0.0, 0.0, 1.0],
                [1.0, -2e-06, -0.0, -0.0, 0.0, -0.146313, 0.989239, 0.37472, -2e-06, -0.989238, -0.146313, 0.0, 0.0, 0.0, 0.0, 1.0],
                [1.0, -0.0, 1e-06, 0.0, 0.0, 0.999215, 0.039609, 0.37472, -1e-06, -0.039609, 0.999216, 0.0, 0.0, 0.0, 0.0, 1.0],
                [1.0, -0.0, 1e-06, -0.0, 0.0, 0.999948, 0.010137, 0.37472, -1e-06, -0.010137, 0.999949, -0.0, 0.0, 0.0, 0.0, 1.0]
            ]
        },
        {
            "name": "Knee_L",
            "time": [0.0, 0.15, 0.2667, 0.4167, 0.5333],
            "transform": [
                [1.0, 0.0, -0.0, -0.0, -0.0, 1e-06, -1.0, 0.37472, -0.0, 1.0, 1e-06, -0.0, 0.0, 0.0, 0.0, 1.0],
                [1.0, 0.0, -0.0, -0.0, -0.0, 1e-06, -1.0, 0.37472, -0.0, 1.0, 1e-06, 0.0, 0.0, 0.0, 0.0, 1.0],
                [1.0, 0.0, -0.0, -0.0, -0.0, 0.665939, -0.746006, 0.37472, -0.0, 0.746006, 0.665939, 0.0, 0.0, 0.0, 0.0, 1.0],
                [1.0, 0.0, -0.0, 0.0, -0.0, 0.036494, -0.999334, 0.37472, -0.0, 0.999334, 0.036494, 0.0, 0.0, 0.0, 0.0, 1.0],
                [1.0, 0.0, -0.0, -0.0, -0.0, 1e-06, -1.0, 0.37472, -0.0, 1.0, 1e-06, -0.0, 0.0, 0.0, 0.0, 1.0]
            ]
        },
        {
            "name": "Torso",
            "time": [0.0, 0.15, 0.2667, 0.4167, 0.5333],
            "transform": [
                [1.0, 0.0, 0.0, 0.0, 0.0, 0.976766, 0.21431, 0.05, 0.0, -0.21431, 0.976766, 0.0, 0.0, 0.0, 0.0, 1.0],
                [0.915394, 0.0, 0.40256, 0.0, -0.086273, 0.976766, 0.196178, 0.05, -0.393206, -0.21431, 0.894125, 0.0, 0.0, 0.0, 0.0, 1.0],
                [1.0, 0.0, 0.0, 0.0, 0.0, 0.976766, 0.21431, 0.05, 0.0, -0.21431, 0.976766, 0.0, 0.0, 0.0, 0.0, 1.0],
                [0.848456, 0.0, -0.529266, 0.0, 0.113427, 0.976766, 0.181833, 0.05, 0.516968, -0.21431, 0.828743, 0.0, 0.0, 0.0, 0.0, 1.0],
                [1.0, 0.0, 0.0, 0.0, 0.0, 0.976766, 0.21431, 0.05, 0.0, -0.21431, 0.976766, 0.0, 0.0, 0.0, 0.0, 1.0]
            ]
        },
        {
            "name": "Chest",
            "time": [0.0, 0.15, 0.2667, 0.4167, 0.5333],
            "transform": [
                [1.0, 0.0, 0.0, 0.0, 0.0, 0.987448, 0.157942, 0.3, 0.0, -0.157942, 0.987449, -0.0, 0.0, 0.0, 0.0, 1.0],
                [0.95595, 0.163956, -0.243469, -0.0, -0.123444, 0.977101, 0.173307, 0.3, 0.266309, -0.135619, 0.9543, -0.0, 0.0, 0.0, 0.0, 1.0],
                [1.0, 0.0, 0.0, 0.0, 0.0, 0.987448, 0.157942, 0.3, 0.0, -0.157942, 0.987449, -0.0, 0.0, 0.0, 0.0, 1.0],
                [0.959141, -0.033991, 0.280879, -0.0, -0.016623, 0.984272, 0.175877, 0.3, -0.28244, -0.17336, 0.94349, -0.0, 0.0, 0.0, 0.0, 1.0],
                [1.0, 0.0, 0.0, 0.0, 0.0, 0.987448, 0.157942, 0.3, 0.0, -0.157942, 0.987449, -0.0, 0.0, 0.0, 0.0, 1.0]
            ]
        },
        {
            "name": "Head",
            "time": [0.0, 0.15, 0.2667, 0.4167, 0.5333],
            "transform": [
                [1.0, 0.0, 0.0, 0.0, 0.0, 0.956324, -0.292309, 0.4, -0.0, 0.292309, 0.956324, 0.0, 0.0, 0.0, 0.0, 1.0],
                [0.992102, -0.123044, -0.024363, 0.0, 0.103533, 0.912947, -0.394727, 0.4, 0.070811, 0.389087, 0.918476, 0.0, 0.0, 0.0, 0.0, 1.0],
                [0.999634, -0.009545, -0.025313, 0.0, 0.001189, 0.950288, -0.311369, 0.4, 0.027027, 0.311225, 0.949952, 0.0, 0.0, 0.0, 0.0, 1.0],
                [0.984169, -0.0, 0.177232, -0.0, 0.051623, 0.95664, -0.286662, 0.4, -0.169547, 0.291274, 0.941495, 0.0, 0.0, 0.0, 0.0, 1.0],
                [1.0, 0.0, 0.0, 0.0, 0.0, 0.956324, -0.292309, 0.4, -0.0, 0.292309, 0.956324, 0.0, 0.0, 0.0, 0.0, 1.0]
            ]
        },
        {
            "name": "Shoulder_R",
            "time": [0.0, 0.15, 0.2667, 0.4167, 0.5333],
            "transform": [
                [0.202314, 0.930371, 0.305743, 0.0, -0.064967, -0.298761, 0.952114, 0.4, 0.977163, -0.21249, -0.0, 0.0, 0.0, 0.0, 0.0, 1.0],
                [0.202314, 0.930371, 0.305743, 0.0, -0.064967, -0.298761, 0.952114, 0.4, 0.977163, -0.21249, -0.0, 0.0, 0.0, 0.0, 0.0, 1.0],
                [0.202314, 0.930371, 0.305743, 0.0, -0.064967, -0.298761, 0.952114, 0.4, 0.977163, -0.21249, -0.0, 0.0, 0.0, 0.0, 0.0, 1.0],
                [0.202314, 0.930371, 0.305743, -0.0, -0.064967, -0.298761, 0.952114, 0.4, 0.977163, -0.21249, -0.0, 0.0, 0.0, 0.0, 0.0, 1.0],
                [0.202314, 0.930371, 0.305743, 0.0, -0.064967, -0.298761, 0.952114, 0.4, 0.977163, -0.21249, -0.0, 0.0, 0.0, 0.0, 0.0, 1.0]
            ]
        },
        {
            "name": "Arm_R",
            "time": [0.0, 0.15, 0.2667, 0.4167, 0.5333],
            "transform": [
                [-0.288343, -0.372932, -0.881918, 0.0, 0.781778, 0.440126, -0.441716, 0.393861, 0.552885, -0.81683, 0.164643, 0.0, 0.0, 0.0, 0.0, 1.0],
                [-0.27993, -0.401043, -0.872241, -0.0, 0.775847, 0.440609, -0.45158, 0.39386, 0.56542, -0.803136, 0.187809, 0.0, 0.0, 0.0, 0.0, 1.0],
                [-0.288343, -0.372932, -0.881918, 0.0, 0.781778, 0.440126, -0.441716, 0.393861, 0.552885, -0.81683, 0.164643, 0.0, 0.0, 0.0, 0.0, 1.0],
                [-0.288343, -0.372932, -0.881918, -0.0, 0.781778, 0.440126, -0.441716, 0.393861, 0.552885, -0.81683, 0.164643, -0.0, 0.0, 0.0, 0.0, 1.0],
                [-0.288343, -0.372932, -0.881918, 0.0, 0.781778, 0.440126, -0.441716, 0.393861, 0.552885, -0.81683, 0.164643, 0.0, 0.0, 0.0, 0.0, 1.0]
            ]
        },
        {
            "name": "Hand_R",
            "time": [0.0, 0.15, 0.2667, 0.4167, 0.5333],
            "transform": [
                [0.999985, 0.005509, -0.000687, 0.0, -0.00125, 0.102946, -0.994686, 0.3, -0.005409, 0.994672, 0.102951, 0.0, 0.0, 0.0, 0.0, 1.0],
                [0.997585, -0.016951, 0.067354, -0.0, 0.069434, 0.21975, -0.973082, 0.3, 0.001694, 0.975409, 0.220396, 0.0, 0.0, 0.0, 0.0, 1.0],
                [0.999985, 0.005509, -0.000687, 0.0, -0.00125, 0.102946, -0.994686, 0.3, -0.005409, 0.994672, 0.102951, 0.0, 0.0, 0.0, 0.0, 1.0],
                [0.999984, 0.005551, 8.5e-05, -0.0, -0.00125, 0.240101, -0.970747, 0.3, -0.005409, 0.970732, 0.240104, 0.0, 0.0, 0.0, 0.0, 1.0],
                [0.999985, 0.005509, -0.000687, 0.0, -0.00125, 0.102946, -0.994686, 0.3, -0.005409, 0.994672, 0.102951, 0.0, 0.0, 0.0, 0.0, 1.0]
            ]
        },
        {
            "name": "Tool_R",
            "time": [0.0, 0.15, 0.2667, 0.4167, 0.5333],
            "transform": [
                [0.501263, 0.837446, -0.217763, -0.128834, 0.865153, -0.480488, 0.143673, 0.410202, 0.015686, -0.260267, -0.964796, 0.088601, 0.0, 0.0, 0.0, 1.0],
                [0.501263, 0.837446, -0.217763, -0.128835, 0.865153, -0.480488, 0.143673, 0.410202, 0.015686, -0.260267, -0.964796, 0.088601, 0.0, 0.0, 0.0, 1.0],
                [0.501263, 0.837446, -0.217763, -0.128834, 0.865153, -0.480488, 0.143673, 0.410202, 0.015686, -0.260267, -0.964796, 0.088601, 0.0, 0.0, 0.0, 1.0],
                [0.501263, 0.837446, -0.217763, -0.128834, 0.865153, -0.480487, 0.143673, 0.410202, 0.015686, -0.260267, -0.964796, 0.088601, 0.0, 0.0, 0.0, 1.0],
                [0.501263, 0.837446, -0.217763, -0.128834, 0.865153, -0.480488, 0.143673, 0.410202, 0.015686, -0.260267, -0.964796, 0.088601, 0.0, 0.0, 0.0, 1.0]
            ]
        },
        {
            "name": "Elbow_R",
            "time": [0.0, 0.15, 0.2667, 0.4167, 0.5333],
            "transform": [
                [-1.0, 0.0, -0.0, 0.000596, 0.0, -0.0, -1.0, 0.384548, -0.0, -1.0, 0.0, 0.001188, 0.0, 0.0, 0.0, 1.0],
                [-1.0, 0.0, -0.0, 0.000596, 0.0, -0.0, -1.0, 0.384548, -0.0, -1.0, 0.0, 0.001188, 0.0, 0.0, 0.0, 1.0],
                [-1.0, 0.0, -0.0, 0.000596, 0.0, -0.0, -1.0, 0.384548, -0.0, -1.0, 0.0, 0.001188, 0.0, 0.0, 0.0, 1.0],
                [-1.0, 0.0, 0.0, 0.000596, 0.0, -0.0, -1.0, 0.384548, -0.0, -1.0, 0.0, 0.001188, 0.0, 0.0, 0.0, 1.0],
                [-1.0, 0.0, -0.0, 0.000596, 0.0, -0.0, -1.0, 0.384548, -0.0, -1.0, 0.0, 0.001188, 0.0, 0.0, 0.0, 1.0]
            ]
        },
        {
            "name": "Shoulder_L",
            "time": [0.0, 0.15, 0.2667, 0.4167, 0.5333],
            "transform": [
                [-0.0, -0.952114, -0.305743, 0.0, 0.0, -0.305743, 0.952114, 0.4, -1.0, -0.0, 0.0, 0.0, 0.0, 0.0, 0.0, 1.0],
                [-0.0, -0.952114, -0.305743, 0.0, 0.0, -0.305743, 0.952114, 0.4, -1.0, -0.0, 0.0, 0.0, 0.0, 0.0, 0.0, 1.0],
                [-0.0, -0.952114, -0.305743, 0.0, 0.0, -0.305743, 0.952114, 0.4, -1.0, -0.0, 0.0, 0.0, 0.0, 0.0, 0.0, 1.0],
                [-0.0, -0.952114, -0.305743, -0.0, 0.0, -0.305743, 0.952114, 0.4, -1.0, 0.0, 0.0, 0.0, 0.0, 0.0, 0.0, 1.0],
                [-0.0, -0.952114, -0.305743, 0.0, 0.0, -0.305743, 0.952114, 0.4, -1.0, -0.0, 0.0, 0.0, 0.0, 0.0, 0.0, 1.0]
            ]
        },
        {
            "name": "Arm_L",
            "time": [0.0, 0.15, 0.2667, 0.4167, 0.5333],
            "transform": [
                [-0.065837, 0.732379, 0.677706, -0.0, -0.927399, 0.20573, -0.31242, 0.39386, -0.368234, -0.649073, 0.665663, -0.0, 0.0, 0.0, 0.0, 1.0],
                [-0.074106, 0.65909, 0.748404, 0.0, -0.930501, 0.224248, -0.289623, 0.39386, -0.358716, -0.717853, 0.596666, -0.0, 0.0, 0.0, 0.0, 1.0],
                [-0.065837, 0.732379, 0.677706, -0.0, -0.927399, 0.20573, -0.31242, 0.39386, -0.368234, -0.649073, 0.665663, -0.0, 0.0, 0.0, 0.0, 1.0],
                [-0.065837, 0.73238, 0.677706, -0.0, -0.927399, 0.20573, -0.31242, 0.39386, -0.368234, -0.649073, 0.665663, -0.0, 0.0, 0.0, 0.0, 1.0],
                [-0.065837, 0.732379, 0.677706, -0.0, -0.927399, 0.20573, -0.31242, 0.39386, -0.368234, -0.649073, 0.665663, -0.0, 0.0, 0.0, 0.0, 1.0]
            ]
        },
        {
            "name": "Hand_L",
            "time": [0.0, 0.15, 0.2667, 0.4167, 0.5333],
            "transform": [
                [0.99932, -0.005891, 0.036408, -0.0, 0.036869, 0.184414, -0.982157, 0.3, -0.000929, 0.982831, 0.184505, 0.0, 0.0, 0.0, 0.0, 1.0],
                [0.99932, -0.005891, 0.036408, -0.0, 0.036869, 0.184414, -0.982157, 0.3, -0.000929, 0.982831, 0.184505, 0.0, 0.0, 0.0, 0.0, 1.0],
                [0.99932, -0.005891, 0.036408, -0.0, 0.036869, 0.184414, -0.982157, 0.3, -0.000929, 0.982831, 0.184505, 0.0, 0.0, 0.0, 0.0, 1.0],
                [0.99932, -0.014462, 0.033927, -0.0, 0.036869, 0.414894, -0.909123, 0.3, -0.000929, 0.909755, 0.415145, 0.0, 0.0, 0.0, 0.0, 1.0],
                [0.99932, -0.005891, 0.036408, -0.0, 0.036869, 0.184414, -0.982157, 0.3, -0.000929, 0.982831, 0.184505, 0.0, 0.0, 0.0, 0.0, 1.0]
            ]
        },
        {
            "name": "Tool_L",
            "time": [0.0, 0.15, 0.2667, 0.4167, 0.5333],
            "transform": [
                [1.0, 0.0, 0.0, -0.0, 0.0, -0.999836, 0.018122, 0.272858, 0.0, -0.018122, -0.999247, -0.0, 0.0, 0.0, 0.0, 1.0],
                [1.0, 0.0, 0.0, 0.0, 0.0, -0.999836, 0.018122, 0.272858, 0.0, -0.018122, -0.999247, -0.0, 0.0, 0.0, 0.0, 1.0],
                [1.0, 0.0, 0.0, -0.0, 0.0, -0.999836, 0.018122, 0.272858, 0.0, -0.018122, -0.999247, -0.0, 0.0, 0.0, 0.0, 1.0],
                [1.0, 0.0, 0.0, 0.0, 0.0, -0.999836, 0.018122, 0.272858, 0.0, -0.018122, -0.999247, 0.0, 0.0, 0.0, 0.0, 1.0],
                [1.0, 0.0, 0.0, -0.0, 0.0, -0.999836, 0.018122, 0.272858, 0.0, -0.018122, -0.999247, -0.0, 0.0, 0.0, 0.0, 1.0]
            ]
        },
        {
            "name": "Elbow_L",
            "time": [0.0, 0.15, 0.2667, 0.4167, 0.5333],
            "transform": [
                [-1.0, 0.0, -0.0, 0.000226, 0.0, -0.0, -1.0, 0.380327, -0.0, -1.0, -0.0, -0.000541, 0.0, 0.0, 0.0, 1.0],
                [-1.0, 0.0, -0.0, 0.000227, 0.0, -0.0, -1.0, 0.380328, -0.0, -1.0, -0.0, -0.000541, 0.0, 0.0, 0.0, 1.0],
                [-1.0, 0.0, -0.0, 0.000226, 0.0, -0.0, -1.0, 0.380327, -0.0, -1.0, -0.0, -0.000541, 0.0, 0.0, 0.0, 1.0],
                [-1.0, 0.0, -0.0, 0.000227, 0.0, 0.0, -1.0, 0.380328, -0.0, -1.0, 0.0, -0.000541, 0.0, 0.0, 0.0, 1.0],
                [-1.0, 0.0, -0.0, 0.000226, 0.0, -0.0, -1.0, 0.380327, -0.0, -1.0, -0.0, -0.000541, 0.0, 0.0, 0.0, 1.0]
            ]
        }
    ]
}