{
    
    "animation": [
        {
            "name": "Root",
            "time": [0.0, 0.2, 0.4, 0.6, 0.8],
            "transform": [
                [1.0, 0.0, 0.0, -5e-06, 0.0, 0.0, -1.0, 0.000946, 0.0, 1.0, 0.0, 0.764948, 0.0, 0.0, 0.0, 1.0],
                [1.0, 0.0, 0.0, -5e-06, 0.0, 0.0, -1.0, 0.000946, 0.0, 1.0, 0.0, 0.706505, 0.0, 0.0, 0.0, 1.0],
                [1.0, 0.0, 0.0, -5e-06, 0.0, 0.0, -1.0, 0.000946, 0.0, 1.0, 0.0, 0.787409, 0.0, 0.0, 0.0, 1.0],
                [1.0, 0.0, 0.0, -5e-06, 0.0, 0.0, -1.0, 0.000946, 0.0, 1.0, 0.0, 0.726247, 0.0, 0.0, 0.0, 1.0],
                [1.0, 0.0, 0.0, -5e-06, 0.0, 0.0, -1.0, 0.000946, 0.0, 1.0, 0.0, 0.764948, 0.0, 0.0, 0.0, 1.0]
            ]
        },
        {
            "name": "Thigh_R",
            "time": [0.0, 0.2, 0.4, 0.6, 0.8],
            "transform": [
                [0.996191, 0.087192, -0.0, 0.124994, 0.071614, -0.818197, 0.570459, -0.002831, 0.049739, -0.568285, -0.821327, -1.2e-05, 0.0, 0.0, 0.0, 1.0],
                [0.999661, 0.026007, -0.0, 0.124994, 0.021361, -0.821047, 0.570459, -0.002831, 0.014836, -0.570264, -0.821327, -1.2e-05, 0.0, 0.0, 0.0, 1.0],
                [0.997667, 0.066728, 0.014398, 0.124994, 0.066426, -0.997578, 0.020525, -0.002831, 0.015732, -0.01952, -0.999686, -1.2e-05, 0.0, 0.0, 0.0, 1.0],
                [0.999067, 0.032844, 0.028036, 0.124994, 0.042295, -0.875235, -0.481842, -0.002831, 0.008712, 0.482577, -0.87581, -1.2e-05, 0.0, 0.0, 0.0, 1.0],
                [0.996191, 0.087192, -0.0, 0.124994, 0.071614, -0.818197, 0.570459, -0.002831, 0.049739, -0.568285, -0.821327, -1.2e-05, 0.0, 0.0, 0.0, 1.0]
            ]
        },
        {
            "name": "Leg_R",
            "time": [0.0, 0.1333, 0.2, 0.4, 0.6, 0.8],
            "transform": [
                [1.0, -0.0, 1e-06, 0.0, -1e-06, 0.238615, 0.971114, 0.37472, -0.0, -0.971115, 0.238614, 0.0, 0.0, 0.0, 0.0, 1.0],
                [1.0, 1e-06, 0.0, -0.0, -1e-06, 0.986607, 0.163118, 0.37472, -0.0, -0.163118, 0.986606, 0.0, 0.0, 0.0, 0.0, 1.0],
                [1.0, 1e-06, 0.0, -0.0, -1e-06, 0.961364, 0.275283, 0.37472, -0.0, -0.275283, 0.961363, -0.0, 0.0, 0.0, 0.0, 1.0],
                [1.0, 1e-06, 0.0, 0.0, -1e-06, 0.995003, 0.099848, 0.37472, -0.0, -0.099848, 0.995002, 0.0, 0.0, 0.0, 0.0, 1.0],
                [1.0, 1e-06, 0.0, -0.0, -1e-06, 0.995003, 0.099848, 0.37472, -0.0, -0.099848, 0.995002, 0.0, 0.0, 0.0, 0.0, 1.0],
                [1.0, -0.0, 1e-06, 0.0, -1e-06, 0.238615, 0.971114, 0.37472, -0.0, -0.971115, 0.238614, 0.0, 0.0, 0.0, 0.0, 1.0]
            ]
        },
        {
            "name": "Knee_R",
            "time": [0.0, 0.2, 0.4, 0.6, 0.8],
            "transform": [
                [1.0, 0.0, -0.0, 0.0, -0.0, 0.272228, -0.962233, 0.439324, -0.0, 0.962233, 0.272228, -0.000954, 0.0, 0.0, 0.0, 1.0],
                [1.0, -0.0, -0.0, 0.0, -0.0, -0.426617, -0.904432, 0.439324, -0.0, 0.904432, -0.426618, -0.000954, 0.0, 0.0, 0.0, 1.0],
                [1.0, -0.0, -0.0, 0.0, -0.0, -0.426617, -0.904432, 0.439324, -0.0, 0.904432, -0.426617, -0.000954, 0.0, 0.0, 0.0, 1.0],
                [1.0, -0.0, -0.0, 0.0, -0.0, -0.426617, -0.904432, 0.439324, -0.0, 0.904432, -0.426617, -0.000954, 0.0, 0.0, 0.0, 1.0],
                [1.0, 0.0, -0.0, 0.0, -0.0, 0.272228, -0.962233, 0.439324, -0.0, 0.962233, 0.272228, -0.000954, 0.0, 0.0, 0.0, 1.0]
            ]
        },
        {
            "name": "Thigh_L",
            "time": [0.0, 0.2, 0.4, 0.6, 0.8],
            "transform": [
                [0.999277, -0.038001, -0.0, -0.125006, -0.037964, -0.998327, 0.04362, -0.002831, -0.001658, -0.043588, -0.999048, -1.2e-05, 0.0, 0.0, 0.0, 1.0],
                [0.999277, -0.034165, -0.016637, -0.125006, -0.037964, -0.916661, -0.397857, -0.002831, -0.001658, 0.398202, -0.917296, -1.2e-05, 0.0, 0.0, 0.0, 1.0],
                [0.999277, -0.036708, 0.009827, -0.125006, -0.037964, -0.953086, 0.300308, -0.002831, -0.001658, -0.300464, -0.953791, -1.2e-05, 0.0, 0.0, 0.0, 1.0],
                [0.999406, -0.029004, 0.018594, -0.125006, -0.034448, -0.849455, 0.526535, -0.002831, 0.000523, -0.526863, -0.84995, -1.2e-05, 0.0, 0.0, 0.0, 1.0],
                [0.999277, -0.038001, -0.0, -0.125006, -0.037964, -0.998327, 0.04362, -0.002831, -0.001658, -0.043588, -0.999048, -1.2e-05, 0.0, 0.0, 0.0, 1.0]
            ]
        },
        {
            "name": "Leg_L",
            "time": [0.0, 0.2, 0.4, 0.5167, 0.6, 0.8],
            "transform": [
                [1.0, 0.0, 1e-06, 0.0, -0.0, 0.996194, 0.087156, 0.37472, -1e-06, -0.087156, 0.996195, -0.0, 0.0, 0.0, 0.0, 1.0],
                [1.0, -0.0, 1e-06, 0.0, -0.0, 0.952059, 0.305914, 0.37472, -1e-06, -0.305914, 0.95206, 0.0, 0.0, 0.0, 0.0, 1.0],
                [1.0, -1e-06, 0.0, -0.0, -0.0, 0.22999, 0.973193, 0.37472, -1e-06, -0.973193, 0.229991, -0.0, 0.0, 0.0, 0.0, 1.0],
                [1.0, -0.0, 1e-06, 0.0, -0.0, 0.977614, 0.210404, 0.37472, -1e-06, -0.210404, 0.977615, 0.0, 0.0, 0.0, 0.0, 1.0],
                [1.0, -0.0, 1e-06, -0.0, -0.0, 0.979471, 0.201584, 0.37472, -1e-06, -0.201583, 0.979472, -0.0, 0.0, 0.0, 0.0, 1.0],
                [1.0, 0.0, 1e-06, 0.0, -0.0, 0.996194, 0.087156, 0.37472, -1e-06, -0.087156, 0.996195, -0.0, 0.0, 0.0, 0.0, 1.0]
            ]
        },
        {
            "name": "Knee_L",
            "time": [0.0, 0.2, 0.4, 0.6, 0.8],
            "transform": [
                [1.0, 0.0, -0.0, 0.0, -0.0, 1e-06, -1.0, 0.37472, -0.0, 1.0, 1e-06, -0.0, 0.0, 0.0, 0.0, 1.0],
                [1.0, 0.0, -0.0, 0.0, -0.0, 1e-06, -1.0, 0.37472, -0.0, 1.0, 1e-06, 0.0, 0.0, 0.0, 0.0, 1.0],
                [1.0, 0.0, -0.0, -0.0, -0.0, 0.594908, -0.803794, 0.37472, -0.0, 0.803794, 0.594908, -0.0, 0.0, 0.0, 0.0, 1.0],
                [1.0, 0.0, -0.0, -0.0, -0.0, 0.123373, -0.99236, 0.37472, -0.0, 0.99236, 0.123373, -0.0, 0.0, 0.0, 0.0, 1.0],
                [1.0, 0.0, -0.0, 0.0, -0.0, 1e-06, -1.0, 0.37472, -0.0, 1.0, 1e-06, -0.0, 0.0, 0.0, 0.0, 1.0]
            ]
        },
        {
            "name": "Torso",
            "time": [0.0, 0.2, 0.4, 0.6, 0.8],
            "transform": [
                [1.0, 0.0, 0.0, 0.0, 0.0, 0.995189, 0.097974, 0.05, 0.0, -0.097974, 0.995189, 0.0, 0.0, 0.0, 0.0, 1.0],
                [1.0, 0.0, 0.0, 0.0, 0.0, 0.995189, 0.097974, 0.05, 0.0, -0.097974, 0.995189, 0.0, 0.0, 0.0, 0.0, 1.0],
                [1.0, 0.0, 0.0, 0.0, 0.0, 0.995189, 0.097974, 0.05, 0.0, -0.097974, 0.995189, 0.0, 0.0, 0.0, 0.0, 1.0],
                [1.0, 0.0, 0.0, 0.0, 0.0, 0.995189, 0.097974, 0.05, 0.0, -0.097974, 0.995189, 0.0, 0.0, 0.0, 0.0, 1.0],
                [1.0, 0.0, 0.0, 0.0, 0.0, 0.995189, 0.097974, 0.05, 0.0, -0.097974, 0.995189, 0.0, 0.0, 0.0, 0.0, 1.0]
            ]
        },
        {
            "name": "Chest",
            "time": [0.0, 0.2, 0.4, 0.6, 0.8],
            "transform": [
                [1.0, 0.0, 0.0, 0.0, 0.0, 0.99987, 0.016151, 0.3, 0.0, -0.016151, 0.99987, -0.0, 0.0, 0.0, 0.0, 1.0],
                [1.0, 0.0, 0.0, 0.0, 0.0, 0.99987, 0.016151, 0.3, 0.0, -0.016151, 0.99987, -0.0, 0.0, 0.0, 0.0, 1.0],
                [1.0, 0.0, 0.0, 0.0, 0.0, 0.99987, 0.016151, 0.3, 0.0, -0.016151, 0.99987, -0.0, 0.0, 0.0, 0.0, 1.0],
                [1.0, 0.0, 0.0, 0.0, 0.0, 0.99987, 0.016151, 0.3, 0.0, -0.016151, 0.99987, -0.0, 0.0, 0.0, 0.0, 1.0],
                [1.0, 0.0, 0.0, 0.0, 0.0, 0.99987, 0.016151, 0.3, 0.0, -0.016151, 0.99987, -0.0, 0.0, 0.0, 0.0, 1.0]
            ]
        },
        {
            "name": "Head",
            "time": [0.0, 0.2, 0.4, 0.6, 0.8],
            "transform": [
                [1.0, 0.0, 0.0, 0.0, 0.0, 0.999218, 0.03954, 0.4, 0.0, -0.03954, 0.999218, 0.0, 0.0, 0.0, 0.0, 1.0],
                [1.0, 0.0, 0.0, 0.0, 0.0, 0.996399, -0.084785, 0.4, 0.0, 0.084785, 0.996399, 0.0, 0.0, 0.0, 0.0, 1.0],
                [1.0, 0.0, 0.0, 0.0, 0.0, 0.999218, 0.03954, 0.4, 0.0, -0.03954, 0.999218, 0.0, 0.0, 0.0, 0.0, 1.0],
                [1.0, 0.0, 0.0, 0.0, 0.0, 0.999349, -0.036074, 0.4, 0.0, 0.036074, 0.999349, 0.0, 0.0, 0.0, 0.0, 1.0],
                [1.0, 0.0, 0.0, 0.0, 0.0, 0.999218, 0.03954, 0.4, 0.0, -0.03954, 0.999218, 0.0, 0.0, 0.0, 0.0, 1.0]
            ]
        },
        {
            "name": "Shoulder_R",
            "time": [0.0, 0.2, 0.4, 0.6, 0.8],
            "transform": [
                [-0.004613, 0.951979, 0.306128, 0.0, 0.000526, -0.306129, 0.95199, 0.4, 0.999989, 0.004553, 0.000911, 0.0, 0.0, 0.0, 0.0, 1.0],
                [-0.004613, 0.951979, 0.306128, 0.0, 0.000526, -0.306129, 0.95199, 0.4, 0.999989, 0.004553, 0.000911, 0.0, 0.0, 0.0, 0.0, 1.0],
                [-0.004613, 0.951979, 0.306128, 0.0, 0.000526, -0.306129, 0.95199, 0.4, 0.999989, 0.004553, 0.000911, 0.0, 0.0, 0.0, 0.0, 1.0],
                [-0.004613, 0.951979, 0.306128, 0.0, 0.000526, -0.306129, 0.95199, 0.4, 0.999989, 0.004553, 0.000911, 0.0, 0.0, 0.0, 0.0, 1.0],
                [-0.004613, 0.951979, 0.306128, 0.0, 0.000526, -0.306129, 0.95199, 0.4, 0.999989, 0.004553, 0.000911, 0.0, 0.0, 0.0, 0.0, 1.0]
            ]
        },
        {
            "name": "Arm_R",
            "time": [0.0, 0.2, 0.4, 0.6, 0.8],
            "transform": [
                [-0.304675, -0.517407, -0.799665, -0.0, 0.55065, 0.589361, -0.591133, 0.39386, 0.777147, -0.620439, 0.105347, -0.0, 0.0, 0.0, 0.0, 1.0],
                [-0.304675, -0.591966, -0.746156, -0.0, 0.55065, 0.529733, -0.64511, 0.393861, 0.777147, -0.60742, 0.16457, 0.0, 0.0, 0.0, 0.0, 1.0],
                [-0.304675, -0.517407, -0.799665, -0.0, 0.55065, 0.589361, -0.591133, 0.39386, 0.777147, -0.620439, 0.105347, 0.0, 0.0, 0.0, 0.0, 1.0],
                [-0.304675, -0.591966, -0.746156, -0.0, 0.55065, 0.529733, -0.64511, 0.39386, 0.777147, -0.60742, 0.16457, -0.0, 0.0, 0.0, 0.0, 1.0],
                [-0.304675, -0.517407, -0.799665, -0.0, 0.55065, 0.589361, -0.591133, 0.39386, 0.777147, -0.620439, 0.105347, -0.0, 0.0, 0.0, 0.0, 1.0]
            ]
        },
        {
            "name": "Hand_R",
            "time": [0.0, 0.2, 0.4, 0.6, 0.8],
            "transform": [
                [0.999984, 0.005294, 0.001672, 0.0, -0.00125, 0.508268, -0.861198, 0.3, -0.005409, 0.861183, 0.508266, 0.0, 0.0, 0.0, 0.0, 1.0],
                [0.999985, 0.005294, 0.001672, -0.0, -0.00125, 0.508268, -0.861198, 0.3, -0.005409, 0.861183, 0.508266, -0.0, 0.0, 0.0, 0.0, 1.0],
                [0.999984, 0.005294, 0.001672, 0.0, -0.00125, 0.508268, -0.861198, 0.3, -0.005409, 0.861183, 0.508266, -0.0, 0.0, 0.0, 0.0, 1.0],
                [0.999985, 0.005294, 0.001672, -0.0, -0.00125, 0.508268, -0.861198, 0.3, -0.005409, 0.861183, 0.508266, -0.0, 0.0, 0.0, 0.0, 1.0],
                [0.999984, 0.005294, 0.001672, 0.0, -0.00125, 0.508268, -0.861198, 0.3, -0.005409, 0.861183, 0.508266, 0.0, 0.0, 0.0, 0.0, 1.0]
            ]
        },
        {
            "name": "Tool_R",
            "time": [0.0, 0.2, 0.4, 0.6, 0.8],
            "transform": [
                [0.501263, 0.761261, -0.411359, -0.128834, 0.865152, -0.432306, 0.25421, 0.410202, 0.015687, -0.483033, -0.874785, 0.088601, 0.0, 0.0, 0.0, 1.0],
                [0.501263, 0.761261, -0.411359, -0.128835, 0.865152, -0.432306, 0.25421, 0.410202, 0.015687, -0.483033, -0.874785, 0.088601, 0.0, 0.0, 0.0, 1.0],
                [0.501263, 0.761261, -0.411359, -0.128834, 0.865152, -0.432306, 0.25421, 0.410202, 0.015687, -0.483033, -0.874785, 0.088601, 0.0, 0.0, 0.0, 1.0],
                [0.501263, 0.761261, -0.411359, -0.128835, 0.865152, -0.432306, 0.25421, 0.410202, 0.015687, -0.483033, -0.874785, 0.088601, 0.0, 0.0, 0.0, 1.0],
                [0.501263, 0.761261, -0.411359, -0.128834, 0.865152, -0.432306, 0.25421, 0.410202, 0.015687, -0.483033, -0.874785, 0.088601, 0.0, 0.0, 0.0, 1.0]
            ]
        },
        {
            "name": "Elbow_R",
            "time": [0.0, 0.2, 0.4, 0.6, 0.8],
            "transform": [
                [-1.0, 0.0, 0.0, 0.0, 0.0, -0.0, -1.0, 0.3, -0.0, -1.0, 0.0, 0.0, 0.0, 0.0, 0.0, 1.0],
                [-1.0, 0.0, -0.0, -0.0, 0.0, -0.0, -1.0, 0.3, -0.0, -1.0, 0.0, -0.0, 0.0, 0.0, 0.0, 1.0],
                [-1.0, 0.0, 0.0, 0.0, 0.0, -0.0, -1.0, 0.3, -0.0, -1.0, 0.0, -0.0, 0.0, 0.0, 0.0, 1.0],
                [-1.0, 0.0, -0.0, -0.0, 0.0, -0.0, -1.0, 0.3, -0.0, -1.0, 0.0, -0.0, 0.0, 0.0, 0.0, 1.0],
                [-1.0, 0.0, 0.0, 0.0, 0.0, -0.0, -1.0, 0.3, -0.0, -1.0, 0.0, 0.0, 0.0, 0.0, 0.0, 1.0]
            ]
        },
        {
            "name": "Shoulder_L",
            "time": [0.0, 0.2, 0.4, 0.6, 0.8],
            "transform": [
                [0.004613, -0.952227, -0.305355, 0.0, 0.000524, -0.305355, 0.952238, 0.4, -0.999989, -0.004553, -0.00091, 0.0, 0.0, 0.0, 0.0, 1.0],
                [0.004613, -0.952227, -0.305355, 0.0, 0.000524, -0.305355, 0.952238, 0.4, -0.999989, -0.004553, -0.00091, 0.0, 0.0, 0.0, 0.0, 1.0],
                [0.004613, -0.952227, -0.305355, 0.0, 0.000524, -0.305355, 0.952238, 0.4, -0.999989, -0.004553, -0.00091, 0.0, 0.0, 0.0, 0.0, 1.0],
                [0.004613, -0.952227, -0.305355, 0.0, 0.000524, -0.305355, 0.952238, 0.4, -0.999989, -0.004553, -0.00091, 0.0, 0.0, 0.0, 0.0, 1.0],
                [0.004613, -0.952227, -0.305355, 0.0, 0.000524, -0.305355, 0.952238, 0.4, -0.999989, -0.004553, -0.00091, 0.0, 0.0, 0.0, 0.0, 1.0]
            ]
        },
        {
            "name": "Arm_L",
            "time": [0.0, 0.2, 0.4, 0.6, 0.8],
            "transform": [
                [-0.159652, 0.515848, 0.841672, 0.0, -0.94038, 0.179918, -0.288644, 0.39386, -0.300329, -0.837574, 0.456368, -0.0, 0.0, 0.0, 0.0, 1.0],
                [-0.159652, 0.6194, 0.768671, 0.0, -0.94038, 0.141467, -0.309311, 0.39386, -0.300329, -0.772224, 0.559886, -0.0, 0.0, 0.0, 0.0, 1.0],
                [-0.159652, 0.515848, 0.841672, 0.0, -0.94038, 0.179918, -0.288644, 0.39386, -0.300329, -0.837574, 0.456368, -0.0, 0.0, 0.0, 0.0, 1.0],
                [-0.159652, 0.6194, 0.768671, 0.0, -0.94038, 0.141467, -0.309311, 0.39386, -0.300329, -0.772224, 0.559886, -0.0, 0.0, 0.0, 0.0, 1.0],
                [-0.159652, 0.515848, 0.841672, 0.0, -0.94038, 0.179918, -0.288644, 0.39386, -0.300329, -0.837574, 0.456368, -0.0, 0.0, 0.0, 0.0, 1.0]
            ]
        },
        {
            "name": "Hand_L",
            "time": [0.0, 0.2, 0.4, 0.6, 0.8],
            "transform": [
                [0.99932, -0.033821, 0.014709, -0.0, 0.036869, 0.92616, -0.375324, 0.3, -0.000929, 0.375611, 0.926777, 0.0, 0.0, 0.0, 0.0, 1.0],
                [0.99932, -0.033821, 0.014709, 0.0, 0.036869, 0.92616, -0.375324, 0.3, -0.000929, 0.375611, 0.926777, 0.0, 0.0, 0.0, 0.0, 1.0],
                [0.99932, -0.033821, 0.014709, -0.0, 0.036869, 0.92616, -0.375324, 0.3, -0.000929, 0.375611, 0.926777, -0.0, 0.0, 0.0, 0.0, 1.0],
                [0.99932, -0.033821, 0.014709, 0.0, 0.036869, 0.92616, -0.375324, 0.3, -0.000929, 0.375611, 0.926777, 0.0, 0.0, 0.0, 0.0, 1.0],
                [0.99932, -0.033821, 0.014709, -0.0, 0.036869, 0.92616, -0.375324, 0.3, -0.000929, 0.375611, 0.926777, 0.0, 0.0, 0.0, 0.0, 1.0]
            ]
        },
        {
            "name": "Tool_L",
            "time": [0.0, 0.2, 0.4, 0.6, 0.8],
            "transform": [
                [1.0, 0.0, 0.0, 0.0, 0.0, -0.999836, 0.018122, 0.272858, 0.0, -0.018122, -0.999247, -0.0, 0.0, 0.0, 0.0, 1.0],
                [1.0, 0.0, 0.0, 0.0, 0.0, -0.999836, 0.018122, 0.272858, 0.0, -0.018122, -0.999247, -0.0, 0.0, 0.0, 0.0, 1.0],
                [1.0, 0.0, 0.0, 0.0, 0.0, -0.999836, 0.018122, 0.272858, 0.0, -0.018122, -0.999247, -0.0, 0.0, 0.0, 0.0, 1.0],
                [1.0, 0.0, 0.0, -0.0, 0.0, -0.999836, 0.018122, 0.272858, 0.0, -0.018122, -0.999247, -0.0, 0.0, 0.0, 0.0, 1.0],
                [1.0, 0.0, 0.0, 0.0, 0.0, -0.999836, 0.018122, 0.272858, 0.0, -0.018122, -0.999247, -0.0, 0.0, 0.0, 0.0, 1.0]
            ]
        },
        {
            "name": "Elbow_L",
            "time": [0.0, 0.2, 0.4, 0.6, 0.8],
            "transform": [
                [-1.0, 0.0, -0.0, -0.0, 0.0, -0.0, -1.0, 0.3, -0.0, -1.0, -0.0, 0.0, 0.0, 0.0, 0.0, 1.0],
                [-1.0, 0.0, -0.0, 0.0, 0.0, -0.0, -1.0, 0.3, -0.0, -1.0, -0.0, 0.0, 0.0, 0.0, 0.0, 1.0],
                [-1.0, 0.0, -0.0, -0.0, 0.0, -0.0, -1.0, 0.3, -0.0, -1.0, -0.0, -0.0, 0.0, 0.0, 0.0, 1.0],
                [-1.0, 0.0, -0.0, 0.0, 0.0, -0.0, -1.0, 0.3, -0.0, -1.0, -0.0, 0.0, 0.0, 0.0, 0.0, 1.0],
                [-1.0, 0.0, -0.0, -0.0, 0.0, -0.0, -1.0, 0.3, -0.0, -1.0, -0.0, 0.0, 0.0, 0.0, 0.0, 1.0]
            ]
        }
    ]
}