{
    "animation": [
        {
            "name": "Root",
            "time": [0.0, 0.1167, 0.2167, 0.6833, 0.8333, 1.1333, 1.6333],
            "transform": [
                [0.744585, 0.0, -0.667528, -0.12097, -0.667528, 0.0, -0.744585, -0.027522, 0.0, 1.0, 0.0, 0.679662, 0.0, 0.0, 0.0, 1.0],
                [0.744585, 0.0, -0.667528, -0.12097, -0.667528, 0.0, -0.744585, -0.027522, 0.0, 1.0, 0.0, 0.679662, 0.0, 0.0, 0.0, 1.0],
                [0.73865, 0.002382, -0.674085, -0.12097, -0.672391, -0.068349, -0.737034, -0.208003, -0.047829, 0.997659, -0.048884, 0.635841, 0.0, 0.0, 0.0, 1.0],
                [0.740559, 0.000599, -0.671991, -0.12097, -0.671892, -0.016524, -0.740465, -0.218739, -0.011548, 0.999863, -0.011835, 0.653467, 0.0, 0.0, 0.0, 1.0],
                [0.744585, 0.0, -0.667528, -0.12097, -0.667528, 0.0, -0.744585, -0.228516, 0.0, 1.0, 0.0, 0.679662, 0.0, 0.0, 0.0, 1.0],
                [0.834853, 0.0, -0.550472, -0.00065, -0.550472, 0.0, -0.834853, -0.446573, 0.0, 1.0, 0.0, 0.770544, 0.0, 0.0, 0.0, 1.0],
                [0.834853, 0.0, -0.550472, -0.00065, -0.550472, 0.0, -0.834853, -0.446573, 0.0, 1.0, 0.0, 0.770544, 0.0, 0.0, 0.0, 1.0]
            ]
        },
        {
            "name": "Thigh_R",
            "time": [0.0, 0.1167, 0.2167, 0.6833, 0.8333, 1.1333, 1.6333],
            "transform": [
                [0.963909, 0.186031, 0.19045, 0.124994, 0.192353, -0.981208, -0.015096, -0.002831, 0.184063, 0.051185, -0.981581, -1.2e-05, 0.0, 0.0, 0.0, 1.0],
                [0.963909, 0.186031, 0.19045, 0.124994, 0.192353, -0.981208, -0.015096, -0.002831, 0.184063, 0.051185, -0.981581, -1.2e-05, 0.0, 0.0, 0.0, 1.0],
                [0.913155, 0.401162, 0.072224, 0.124994, 0.391557, -0.912545, 0.118071, -0.002831, 0.113273, -0.079537, -0.990375, -1.2e-05, 0.0, 0.0, 0.0, 1.0],
                [0.95654, 0.240524, 0.164857, 0.124994, 0.24068, -0.97041, 0.019334, -0.002831, 0.164629, 0.021184, -0.986128, -1.2e-05, 0.0, 0.0, 0.0, 1.0],
                [0.963909, 0.186031, 0.19045, 0.124994, 0.192353, -0.981208, -0.015096, -0.002831, 0.184063, 0.051185, -0.981581, -1.2e-05, 0.0, 0.0, 0.0, 1.0],
                [0.963909, 0.186031, 0.19045, 0.124994, 0.192353, -0.981208, -0.015096, -0.002831, 0.184063, 0.051185, -0.981581, -1.2e-05, 0.0, 0.0, 0.0, 1.0],
                [0.963909, 0.186031, 0.19045, 0.124994, 0.192353, -0.981208, -0.015096, -0.002831, 0.184063, 0.051185, -0.981581, -1.2e-05, 0.0, 0.0, 0.0, 1.0]
            ]
        },
        {
            "name": "Leg_R",
            "time": [0.0, 0.1167, 0.2167, 0.6833, 0.8333, 1.1333, 1.6333],
            "transform": [
                [1.0, -0.0, 2e-06, -0.0, -0.0, 0.968831, 0.247726, 0.37472, -2e-06, -0.247727, 0.968829, 0.0, 0.0, 0.0, 0.0, 1.0],
                [1.0, -0.0, 2e-06, -0.0, -0.0, 0.968831, 0.247726, 0.37472, -2e-06, -0.247727, 0.968829, 0.0, 0.0, 0.0, 0.0, 1.0],
                [1.0, -1e-06, 2e-06, -0.0, -0.0, 0.761925, 0.647666, 0.37472, -2e-06, -0.647667, 0.761924, -0.0, 0.0, 0.0, 0.0, 1.0],
                [1.0, -1e-06, 2e-06, 0.0, -0.0, 0.907797, 0.419411, 0.37472, -2e-06, -0.419412, 0.907795, 0.0, 0.0, 0.0, 0.0, 1.0],
                [1.0, -0.0, 2e-06, -0.0, -0.0, 0.968831, 0.247726, 0.37472, -2e-06, -0.247727, 0.968829, 0.0, 0.0, 0.0, 0.0, 1.0],
                [1.0, 0.0, 2e-06, -0.0, -0.0, 0.999924, -0.012363, 0.37472, -2e-06, 0.012363, 0.999923, 0.0, 0.0, 0.0, 0.0, 1.0],
                [1.0, 0.0, 2e-06, -0.0, -0.0, 0.999924, -0.012363, 0.37472, -2e-06, 0.012363, 0.999923, 0.0, 0.0, 0.0, 0.0, 1.0]
            ]
        },
        {
            "name": "Knee_R",
            "time": [0.0, 0.1167, 0.2167, 0.6833, 0.8333, 1.1333, 1.6333],
            "transform": [
                [1.0, 0.0, -0.0, -0.0, -0.0, 1e-06, -1.0, 0.37472, -0.0, 1.0, 1e-06, 0.0, 0.0, 0.0, 0.0, 1.0],
                [1.0, 0.0, -0.0, -0.0, -0.0, 1e-06, -1.0, 0.37472, -0.0, 1.0, 1e-06, 0.0, 0.0, 0.0, 0.0, 1.0],
                [1.0, 0.0, -0.0, -0.0, -0.0, 1e-06, -1.0, 0.37472, -0.0, 1.0, 1e-06, -0.0, 0.0, 0.0, 0.0, 1.0],
                [1.0, -0.0, -0.0, 0.0, -0.0, 1e-06, -1.0, 0.37472, -0.0, 1.0, 1e-06, 0.0, 0.0, 0.0, 0.0, 1.0],
                [1.0, 0.0, -0.0, -0.0, -0.0, 1e-06, -1.0, 0.37472, -0.0, 1.0, 1e-06, 0.0, 0.0, 0.0, 0.0, 1.0],
                [1.0, 0.0, -0.0, -0.0, -0.0, 1e-06, -1.0, 0.37472, -0.0, 1.0, 1e-06, 0.0, 0.0, 0.0, 0.0, 1.0],
                [1.0, 0.0, -0.0, -0.0, -0.0, 1e-06, -1.0, 0.37472, -0.0, 1.0, 1e-06, 0.0, 0.0, 0.0, 0.0, 1.0]
            ]
        },
        {
            "name": "Thigh_L",
            "time": [0.0, 0.1167, 0.2167, 0.6833, 0.8333, 1.1333, 1.6333],
            "transform": [
                [0.866588, -0.344395, -0.361132, -0.125006, -0.027838, -0.755915, 0.654078, -0.002831, -0.498245, -0.556763, -0.664655, -1.2e-05, 0.0, 0.0, 0.0, 1.0],
                [0.866588, -0.344395, -0.361132, -0.125006, -0.027838, -0.755915, 0.654078, -0.002831, -0.498245, -0.556763, -0.664655, -1.2e-05, 0.0, 0.0, 0.0, 1.0],
                [0.866588, -0.387602, -0.314307, -0.125006, -0.027838, -0.666414, 0.745062, -0.002831, -0.498245, -0.636912, -0.588297, -1.2e-05, 0.0, 0.0, 0.0, 1.0],
                [0.866636, -0.374006, -0.330243, -0.125006, -0.02781, -0.697071, 0.716462, -0.002831, -0.498164, -0.611728, -0.614508, -1.2e-05, 0.0, 0.0, 0.0, 1.0],
                [0.866588, -0.344395, -0.361132, -0.125006, -0.027838, -0.755915, 0.654078, -0.002831, -0.498245, -0.556763, -0.664655, -1.2e-05, 0.0, 0.0, 0.0, 1.0],
                [0.866588, -0.185794, -0.463146, -0.125006, -0.027838, -0.94466, 0.326868, -0.002831, -0.498245, -0.270367, -0.823804, -1.2e-05, 0.0, 0.0, 0.0, 1.0],
                [0.866588, -0.185794, -0.463146, -0.125006, -0.027838, -0.94466, 0.326868, -0.002831, -0.498245, -0.270367, -0.823804, -1.2e-05, 0.0, 0.0, 0.0, 1.0]
            ]
        },
        {
            "name": "Leg_L",
            "time": [0.0, 0.1167, 0.2167, 0.6833, 0.8333, 1.1333, 1.6333],
            "transform": [
                [1.0, -1e-06, 0.0, 0.0, 0.0, 0.760582, 0.649242, 0.37472, -1e-06, -0.649241, 0.760583, -0.0, 0.0, 0.0, 0.0, 1.0],
                [1.0, -1e-06, 0.0, 0.0, 0.0, 0.760582, 0.649242, 0.37472, -1e-06, -0.649241, 0.760583, -0.0, 0.0, 0.0, 0.0, 1.0],
                [1.0, -1e-06, 0.0, 0.0, 0.0, 0.760582, 0.649242, 0.37472, -1e-06, -0.649241, 0.760583, -0.0, 0.0, 0.0, 0.0, 1.0],
                [1.0, -1e-06, 0.0, -0.0, 0.0, 0.760582, 0.649242, 0.37472, -1e-06, -0.649241, 0.760583, 0.0, 0.0, 0.0, 0.0, 1.0],
                [1.0, -1e-06, 0.0, 0.0, 0.0, 0.760582, 0.649242, 0.37472, -1e-06, -0.649241, 0.760583, -0.0, 0.0, 0.0, 0.0, 1.0],
                [1.0, -0.0, 1e-06, -0.0, 0.0, 0.953504, 0.301381, 0.37472, -1e-06, -0.301381, 0.953504, -0.0, 0.0, 0.0, 0.0, 1.0],
                [1.0, -0.0, 1e-06, -0.0, 0.0, 0.953504, 0.301381, 0.37472, -1e-06, -0.301381, 0.953504, -0.0, 0.0, 0.0, 0.0, 1.0]
            ]
        },
        {
            "name": "Knee_L",
            "time": [0.0, 0.1167, 0.2167, 0.6833, 0.8333, 1.1333, 1.6333],
            "transform": [
                [1.0, 0.0, -0.0, 0.0, -0.0, 1e-06, -1.0, 0.37472, -0.0, 1.0, 0.0, -0.0, 0.0, 0.0, 0.0, 1.0],
                [1.0, 0.0, -0.0, 0.0, -0.0, 1e-06, -1.0, 0.37472, -0.0, 1.0, 0.0, -0.0, 0.0, 0.0, 0.0, 1.0],
                [1.0, 0.0, -0.0, 0.0, -0.0, 1e-06, -1.0, 0.37472, -0.0, 1.0, 1e-06, -0.0, 0.0, 0.0, 0.0, 1.0],
                [1.0, 0.0, -0.0, -0.0, -0.0, 1e-06, -1.0, 0.37472, -0.0, 1.0, 1e-06, 0.0, 0.0, 0.0, 0.0, 1.0],
                [1.0, 0.0, -0.0, 0.0, -0.0, 1e-06, -1.0, 0.37472, -0.0, 1.0, 0.0, -0.0, 0.0, 0.0, 0.0, 1.0],
                [1.0, 0.0, -0.0, -0.0, -0.0, 1e-06, -1.0, 0.37472, -0.0, 1.0, 1e-06, -0.0, 0.0, 0.0, 0.0, 1.0],
                [1.0, 0.0, -0.0, -0.0, -0.0, 1e-06, -1.0, 0.37472, -0.0, 1.0, 1e-06, -0.0, 0.0, 0.0, 0.0, 1.0]
            ]
        },
        {
            "name": "Torso",
            "time": [0.0, 0.1167, 0.2167, 0.6833, 0.8333, 1.1333, 1.6333],
            "transform": [
                [0.981277, 0.0108, -0.192301, 0.0, -0.017548, 0.999287, -0.033421, 0.05, 0.191803, 0.036169, 0.980767, 0.0, 0.0, 0.0, 0.0, 1.0],
                [0.981277, 0.0108, -0.192301, 0.0, -0.017548, 0.999287, -0.033421, 0.05, 0.191803, 0.036169, 0.980767, 0.0, 0.0, 0.0, 0.0, 1.0],
                [0.981277, 0.0108, -0.192301, 0.0, -0.017548, 0.999288, -0.033421, 0.05, 0.191803, 0.036169, 0.980767, 0.0, 0.0, 0.0, 0.0, 1.0],
                [0.981277, 0.0108, -0.192301, -0.0, -0.017548, 0.999287, -0.033421, 0.05, 0.191803, 0.036169, 0.980767, -0.0, 0.0, 0.0, 0.0, 1.0],
                [0.981277, 0.0108, -0.192301, 0.0, -0.017548, 0.999287, -0.033421, 0.05, 0.191803, 0.036169, 0.980767, 0.0, 0.0, 0.0, 0.0, 1.0],
                [0.981277, 0.0108, -0.192301, -0.0, -0.017548, 0.999287, -0.033421, 0.05, 0.191803, 0.036169, 0.980767, -0.0, 0.0, 0.0, 0.0, 1.0],
                [0.981277, 0.0108, -0.192301, -0.0, -0.017548, 0.999287, -0.033421, 0.05, 0.191803, 0.036169, 0.980767, -0.0, 0.0, 0.0, 0.0, 1.0]
            ]
        },
        {
            "name": "Chest",
            "time": [0.0, 0.1167, 0.2167, 0.6833, 0.8333, 1.1333, 1.6333],
            "transform": [
                [0.963575, 0.071837, -0.257608, 0.0, -0.044614, 0.992928, 0.110013, 0.3, 0.263689, -0.094513, 0.959966, -0.0, 0.0, 0.0, 0.0, 1.0],
                [0.963575, 0.071837, -0.257608, 0.0, -0.044614, 0.992928, 0.110013, 0.3, 0.263689, -0.094513, 0.959966, -0.0, 0.0, 0.0, 0.0, 1.0],
                [0.961807, 0.016748, -0.273216, 0.0, 0.014523, 0.993599, 0.112032, 0.3, 0.273343, -0.111721, 0.955407, -0.0, 0.0, 0.0, 0.0, 1.0],
                [0.961391, -0.038717, -0.272448, 0.0, 0.083446, 0.984454, 0.154557, 0.3, 0.262228, -0.171324, 0.949676, 0.0, 0.0, 0.0, 0.0, 1.0],
                [0.963687, -0.011176, -0.266802, -0.0, 0.052557, 0.987519, 0.14847, 0.3, 0.261813, -0.157101, 0.952247, 0.0, 0.0, 0.0, 0.0, 1.0],
                [0.963687, -0.011176, -0.266802, -0.0, 0.052557, 0.987519, 0.14847, 0.3, 0.261813, -0.157101, 0.952247, -0.0, 0.0, 0.0, 0.0, 1.0],
                [0.963687, -0.011176, -0.266802, -0.0, 0.052557, 0.987519, 0.14847, 0.3, 0.261813, -0.157101, 0.952247, -0.0, 0.0, 0.0, 0.0, 1.0]
            ]
        },
        {
            "name": "Head",
            "time": [0.0, 0.1167, 0.2167, 0.6833, 0.8333, 1.1333, 1.6333],
            "transform": [
                [0.447163, -0.058669, 0.892526, 0.0, 0.079615, 0.996496, 0.025616, 0.4, -0.890902, 0.059604, 0.450268, -0.0, 0.0, 0.0, 0.0, 1.0],
                [0.447163, -0.058669, 0.892526, 0.0, 0.079615, 0.996496, 0.025616, 0.4, -0.890902, 0.059604, 0.450268, -0.0, 0.0, 0.0, 0.0, 1.0],
                [0.447163, -0.058669, 0.892526, -0.0, 0.079615, 0.996496, 0.025616, 0.4, -0.890902, 0.059604, 0.450268, -0.0, 0.0, 0.0, 0.0, 1.0],
                [0.447164, -0.058669, 0.892526, 0.0, 0.079615, 0.996496, 0.025616, 0.4, -0.890902, 0.059604, 0.450268, -0.0, 0.0, 0.0, 0.0, 1.0],
                [0.447164, -0.058669, 0.892526, 0.0, 0.079615, 0.996496, 0.025616, 0.4, -0.890902, 0.059604, 0.450268, -0.0, 0.0, 0.0, 0.0, 1.0],
                [0.689378, -0.058669, 0.722022, -0.0, 0.083627, 0.996497, 0.001126, 0.4, -0.719558, 0.059604, 0.691869, -0.0, 0.0, 0.0, 0.0, 1.0],
                [0.689378, -0.058669, 0.722022, -0.0, 0.083627, 0.996497, 0.001126, 0.4, -0.719558, 0.059604, 0.691869, -0.0, 0.0, 0.0, 0.0, 1.0]
            ]
        },
        {
            "name": "Shoulder_R",
            "time": [0.0, 0.1167, 0.2167, 0.6833, 0.8333, 1.1333, 1.6333],
            "transform": [
                [0.134324, 0.905238, 0.403113, 0.0, -0.102672, -0.391896, 0.914262, 0.4, 0.985604, -0.164195, 0.040302, -0.0, 0.0, 0.0, 0.0, 1.0],
                [0.134324, 0.905238, 0.403113, 0.0, -0.102672, -0.391896, 0.914262, 0.4, 0.985604, -0.164195, 0.040302, -0.0, 0.0, 0.0, 0.0, 1.0],
                [-0.080345, 0.911616, 0.403113, -0.0, -0.008512, -0.405033, 0.914262, 0.4, 0.996731, 0.070025, 0.040302, -0.0, 0.0, 0.0, 0.0, 1.0],
                [0.034336, 0.914446, 0.403249, 0.0, -0.059184, -0.400918, 0.9142, 0.4, 0.997656, -0.055256, 0.040354, -0.0, 0.0, 0.0, 0.0, 1.0],
                [0.134324, 0.905238, 0.403113, 0.0, -0.102672, -0.391896, 0.914262, 0.4, 0.985604, -0.164195, 0.040302, -0.0, 0.0, 0.0, 0.0, 1.0],
                [0.356552, 0.842834, 0.403113, -0.0, -0.197463, -0.353741, 0.914262, 0.4, 0.913169, -0.405582, 0.040302, -0.0, 0.0, 0.0, 0.0, 1.0],
                [0.356552, 0.842834, 0.403113, -0.0, -0.197463, -0.353741, 0.914262, 0.4, 0.913169, -0.405582, 0.040302, -0.0, 0.0, 0.0, 0.0, 1.0]
            ]
        },
        {
            "name": "Arm_R",
            "time": [0.0, 0.1167, 0.2167, 0.6833, 0.8333, 1.1333, 1.6333],
            "transform": [
                [-0.93097, -0.355001, -0.085261, 0.0, -0.175381, 0.639666, -0.748378, 0.39386, 0.320213, -0.681764, -0.65777, 0.0, 0.0, 0.0, 0.0, 1.0],
                [-0.93097, -0.355001, -0.085261, 0.0, -0.175381, 0.639666, -0.748378, 0.39386, 0.320213, -0.681764, -0.65777, 0.0, 0.0, 0.0, 0.0, 1.0],
                [-0.904243, -0.375768, -0.202836, -0.0, -0.236954, 0.836711, -0.493728, 0.39386, 0.355242, -0.398388, -0.84563, 0.0, 0.0, 0.0, 0.0, 1.0],
                [-0.924497, -0.363692, -0.114168, -0.0, -0.188063, 0.695688, -0.69329, 0.393861, 0.331569, -0.619473, -0.711558, -0.0, 0.0, 0.0, 0.0, 1.0],
                [-0.93097, -0.355001, -0.085261, 0.0, -0.175381, 0.639666, -0.748378, 0.39386, 0.320213, -0.681764, -0.65777, 0.0, 0.0, 0.0, 0.0, 1.0],
                [-0.946732, -0.313749, -0.072529, 0.0, -0.186526, 0.717884, -0.670708, 0.393861, 0.262501, -0.621453, -0.738166, -0.0, 0.0, 0.0, 0.0, 1.0],
                [-0.946732, -0.313749, -0.072529, 0.0, -0.186526, 0.717884, -0.670708, 0.393861, 0.262501, -0.621453, -0.738166, -0.0, 0.0, 0.0, 0.0, 1.0]
            ]
        },
        {
            "name": "Hand_R",
            "time": [0.0, 0.1167, 0.2167, 0.6833, 0.8333, 1.1333, 1.6333],
            "transform": [
                [0.999985, 0.005468, -0.000956, 0.0, -0.00125, 0.054086, -0.998536, 0.3, -0.005409, 0.998521, 0.054092, 0.0, 0.0, 0.0, 0.0, 1.0],
                [0.999985, 0.005468, -0.000956, 0.0, -0.00125, 0.054086, -0.998536, 0.3, -0.005409, 0.998521, 0.054092, 0.0, 0.0, 0.0, 0.0, 1.0],
                [0.999985, 0.005468, -0.000956, -0.0, -0.00125, 0.054086, -0.998536, 0.3, -0.005409, 0.998521, 0.054092, -0.0, 0.0, 0.0, 0.0, 1.0],
                [0.999985, 0.005468, -0.000956, -0.0, -0.00125, 0.054086, -0.998536, 0.3, -0.005409, 0.998521, 0.054092, 0.0, 0.0, 0.0, 0.0, 1.0],
                [0.999985, 0.005468, -0.000956, -0.0, -0.00125, 0.054086, -0.998536, 0.3, -0.005409, 0.998521, 0.054092, 0.0, 0.0, 0.0, 0.0, 1.0],
                [0.999985, 0.00555, 9.3e-05, 0.0, -0.00125, 0.241463, -0.97041, 0.3, -0.005409, 0.970394, 0.241466, -0.0, 0.0, 0.0, 0.0, 1.0],
                [0.999985, 0.00555, 9.3e-05, 0.0, -0.00125, 0.241463, -0.97041, 0.3, -0.005409, 0.970394, 0.241466, -0.0, 0.0, 0.0, 0.0, 1.0]
            ]
        },
        {
            "name": "Tool_R",
            "time": [0.0, 0.1167, 0.2167, 0.6833, 0.8333, 1.1333, 1.6333],
            "transform": [
                [0.786651, -0.419502, -0.428773, 0.0, -0.298049, -0.866829, 0.330729, 0.272858, -0.540376, -0.132435, -0.805647, -0.0, 0.0, 0.0, 0.0, 1.0],
                [0.786651, -0.422553, -0.425771, 0.0, -0.298047, -0.864445, 0.336902, 0.272858, -0.540376, -0.138189, -0.804682, -0.0, 0.0, 0.0, 0.0, 1.0],
                [0.88004, -0.376739, -0.266531, -0.055455, -0.093668, -0.688451, 0.679533, 0.34654, -0.465297, -0.573284, -0.640134, -0.030343, 0.0, 0.0, 0.0, 1.0],
                [0.815935, -0.388158, -0.40602, -0.013395, -0.226627, -0.86145, 0.39243, 0.290656, -0.531563, -0.228281, -0.789602, -0.007329, 0.0, 0.0, 0.0, 1.0],
                [0.786679, -0.51775, -0.303154, 0.0, -0.297979, -0.748921, 0.547317, 0.272858, -0.540373, -0.340371, -0.742261, 0.0, 0.0, 0.0, 0.0, 1.0],
                [0.786681, -0.530705, -0.279897, -0.0, -0.297969, -0.723863, 0.579995, 0.272858, -0.540375, -0.373025, -0.726429, -0.0, 0.0, 0.0, 0.0, 1.0],
                [0.786681, -0.530705, -0.279897, -0.0, -0.297969, -0.723863, 0.579995, 0.272858, -0.540375, -0.373025, -0.726429, -0.0, 0.0, 0.0, 0.0, 1.0]
            ]
        },
        {
            "name": "Elbow_R",
            "time": [0.0, 0.1167, 0.2167, 0.6833, 0.8333, 1.1333, 1.6333],
            "transform": [
                [-1.0, 0.0, -0.0, 0.0, 0.0, -0.0, -1.0, 0.3, -0.0, -1.0, 0.0, 0.0, 0.0, 0.0, 0.0, 1.0],
                [-1.0, 0.0, -0.0, 0.0, 0.0, -0.0, -1.0, 0.3, -0.0, -1.0, 0.0, 0.0, 0.0, 0.0, 0.0, 1.0],
                [-1.0, 0.0, 0.0, -0.0, 0.0, 0.0, -1.0, 0.3, -0.0, -1.0, 0.0, -0.0, 0.0, 0.0, 0.0, 1.0],
                [-1.0, 0.0, 0.0, -0.0, 0.0, -0.0, -1.0, 0.3, -0.0, -1.0, 0.0, 0.0, 0.0, 0.0, 0.0, 1.0],
                [-1.0, 0.0, -0.0, -0.0, 0.0, 0.0, -1.0, 0.3, -0.0, -1.0, 0.0, 0.0, 0.0, 0.0, 0.0, 1.0],
                [-1.0, 0.0, 0.0, 0.0, 0.0, -0.0, -1.0, 0.3, -0.0, -1.0, 0.0, -0.0, 0.0, 0.0, 0.0, 1.0],
                [-1.0, 0.0, 0.0, 0.0, 0.0, -0.0, -1.0, 0.3, -0.0, -1.0, 0.0, -0.0, 0.0, 0.0, 0.0, 1.0]
            ]
        },
        {
            "name": "Shoulder_L",
            "time": [0.0, 0.1167, 0.2167, 0.6833, 0.8333, 1.1333, 1.6333],
            "transform": [
                [0.222608, -0.927222, -0.301172, 0.0, 0.039178, -0.300166, 0.953082, 0.4, -0.97412, -0.223963, -0.030493, -0.0, 0.0, 0.0, 0.0, 1.0],
                [0.222608, -0.927222, -0.301172, 0.0, 0.039178, -0.300166, 0.953082, 0.4, -0.97412, -0.223963, -0.030493, -0.0, 0.0, 0.0, 0.0, 1.0],
                [0.426866, -0.85269, -0.301172, -0.0, 0.106156, -0.283488, 0.953082, 0.4, -0.898063, -0.43881, -0.030493, -0.0, 0.0, 0.0, 0.0, 1.0],
                [0.307071, -0.902774, -0.301174, 0.0, 0.06667, -0.295279, 0.953082, 0.4, -0.949348, -0.312743, -0.030484, -0.0, 0.0, 0.0, 0.0, 1.0],
                [0.222608, -0.927222, -0.301172, 0.0, 0.039178, -0.300166, 0.953082, 0.4, -0.97412, -0.223963, -0.030493, -0.0, 0.0, 0.0, 0.0, 1.0],
                [0.096912, -0.948632, -0.301172, -0.0, -0.001219, -0.302709, 0.953082, 0.4, -0.995292, -0.091998, -0.030493, -0.0, 0.0, 0.0, 0.0, 1.0],
                [0.096912, -0.948632, -0.301172, -0.0, -0.001219, -0.302709, 0.953082, 0.4, -0.995292, -0.091998, -0.030493, -0.0, 0.0, 0.0, 0.0, 1.0]
            ]
        },
        {
            "name": "Arm_L",
            "time": [0.0, 0.1167, 0.2167, 0.6833, 0.8333, 1.1333, 1.6333],
            "transform": [
                [-0.317059, 0.19238, 0.928689, 0.0, -0.817821, 0.440392, -0.370437, 0.39386, -0.480252, -0.876952, 0.017702, -0.0, 0.0, 0.0, 0.0, 1.0],
                [-0.317059, 0.19238, 0.928689, 0.0, -0.817821, 0.440392, -0.370437, 0.39386, -0.480252, -0.876952, 0.017702, -0.0, 0.0, 0.0, 0.0, 1.0],
                [-0.159332, -0.266309, 0.950628, -0.0, -0.95814, 0.273726, -0.083909, 0.39386, -0.237866, -0.924204, -0.298775, 0.0, 0.0, 0.0, 0.0, 1.0],
                [-0.290216, 0.031872, 0.95643, -0.0, -0.863254, 0.422613, -0.276027, 0.39386, -0.412997, -0.905749, -0.095135, -0.0, 0.0, 0.0, 0.0, 1.0],
                [-0.149851, 0.339409, 0.928626, -0.0, -0.697276, 0.629608, -0.342638, 0.39386, -0.700964, -0.698853, 0.142315, -0.0, 0.0, 0.0, 0.0, 1.0],
                [-0.31706, 0.27082, 0.908917, -0.0, -0.817821, 0.407223, -0.406618, 0.39386, -0.480252, -0.872253, 0.092368, 0.0, 0.0, 0.0, 0.0, 1.0],
                [-0.31706, 0.27082, 0.908917, -0.0, -0.817821, 0.407223, -0.406618, 0.39386, -0.480252, -0.872253, 0.092368, 0.0, 0.0, 0.0, 0.0, 1.0]
            ]
        },
        {
            "name": "Hand_L",
            "time": [0.0, 0.1167, 0.2167, 0.6833, 0.8333, 1.1333, 1.6333],
            "transform": [
                [0.99932, -0.020135, 0.0309, 0.0, 0.03687, 0.566495, -0.82324, 0.3, -0.000928, 0.823819, 0.566853, 0.0, 0.0, 0.0, 0.0, 1.0],
                [0.99932, -0.020135, 0.0309, 0.0, 0.03687, 0.566495, -0.82324, 0.3, -0.000928, 0.823819, 0.566853, 0.0, 0.0, 0.0, 0.0, 1.0],
                [0.99932, -0.020343, 0.030764, -0.0, 0.03687, 0.572024, -0.819408, 0.3, -0.000928, 0.819985, 0.572385, 0.0, 0.0, 0.0, 0.0, 1.0],
                [0.99932, -0.02016, 0.030875, 0.0, 0.036863, 0.567285, -0.822696, 0.3, -0.000929, 0.823275, 0.567643, -0.0, 0.0, 0.0, 0.0, 1.0],
                [0.99932, -0.004402, 0.036618, -0.0, 0.036869, 0.144226, -0.988858, 0.3, -0.000928, 0.989535, 0.14429, 0.0, 0.0, 0.0, 0.0, 1.0],
                [0.99932, -0.023322, 0.028571, -0.0, 0.036869, 0.651221, -0.757992, 0.3, -0.000928, 0.758529, 0.651638, -0.0, 0.0, 0.0, 0.0, 1.0],
                [0.99932, -0.023322, 0.028571, -0.0, 0.036869, 0.651221, -0.757992, 0.3, -0.000928, 0.758529, 0.651638, -0.0, 0.0, 0.0, 0.0, 1.0]
            ]
        },
        {
            "name": "Tool_L",
            "time": [0.0, 0.1167, 0.2167, 0.6833, 0.8333, 1.1333, 1.6333],
            "transform": [
                [-0.334398, -0.346152, 0.87656, 0.323671, 0.892062, 0.183742, 0.412872, -0.129872, -0.303789, 0.91947, 0.247205, 0.448241, 0.0, 0.0, 0.0, 1.0],
                [-0.334398, -0.346152, 0.87656, 0.323671, 0.892062, 0.183742, 0.412872, -0.129872, -0.303789, 0.91947, 0.247205, 0.448241, 0.0, 0.0, 0.0, 1.0],
                [-0.470803, -0.349688, 0.809977, 0.394751, 0.871791, -0.325271, 0.366305, -0.214662, 0.135299, 0.878068, 0.457728, 0.354573, 0.0, 0.0, 0.0, 1.0],
                [-0.366427, -0.354161, 0.860407, 0.340841, 0.909013, 0.061077, 0.412268, -0.150354, -0.198434, 0.93264, 0.299384, 0.425615, 0.0, 0.0, 0.0, 1.0],
                [-0.123046, -0.610428, 0.782456, 0.221481, 0.725324, 0.482805, 0.490718, 0.007104, -0.676915, 0.627551, 0.383131, 0.539865, 0.0, 0.0, 0.0, 1.0],
                [-0.286383, -0.251951, 0.924394, 0.390248, 0.95762, -0.044248, 0.284616, -0.151788, -0.030778, 0.966159, 0.253799, 0.363088, 0.0, 0.0, 0.0, 1.0],
                [-0.286383, -0.251951, 0.924394, 0.390248, 0.95762, -0.044248, 0.284616, -0.151788, -0.030778, 0.966159, 0.253799, 0.363088, 0.0, 0.0, 0.0, 1.0]
            ]
        },
        {
            "name": "Elbow_L",
            "time": [0.0, 0.1167, 0.2167, 0.6833, 0.8333, 1.1333, 1.6333],
            "transform": [
                [-1.0, 0.0, -0.0, 0.0, 0.0, -0.0, -1.0, 0.3, -0.0, -1.0, -0.0, 0.0, 0.0, 0.0, 0.0, 1.0],
                [-1.0, 0.0, -0.0, 0.0, 0.0, -0.0, -1.0, 0.3, -0.0, -1.0, -0.0, 0.0, 0.0, 0.0, 0.0, 1.0],
                [-1.0, 0.0, -0.0, -0.0, 0.0, -0.0, -1.0, 0.3, -0.0, -1.0, -0.0, 0.0, 0.0, 0.0, 0.0, 1.0],
                [-1.0, 0.0, -0.0, 0.0, 0.0, -0.0, -1.0, 0.3, -0.0, -1.0, -0.0, -0.0, 0.0, 0.0, 0.0, 1.0],
                [-1.0, 0.0, -0.0, -0.0, 0.0, -0.0, -1.0, 0.3, -0.0, -1.0, -0.0, 0.0, 0.0, 0.0, 0.0, 1.0],
                [-1.0, 0.0, -0.0, -0.0, 0.0, -0.0, -1.0, 0.3, -0.0, -1.0, -0.0, -0.0, 0.0, 0.0, 0.0, 1.0],
                [-1.0, 0.0, -0.0, -0.0, 0.0, -0.0, -1.0, 0.3, -0.0, -1.0, -0.0, -0.0, 0.0, 0.0, 0.0, 1.0]
            ]
        }
    ]
}