{
    "animation": [
        {
            "name": "Root",
            "time": [0.0, 0.1167, 0.2167, 0.8333, 1.2833],
            "transform": [
                [0.744585, 0.0, -0.667528, -0.12097, -0.667528, 0.0, -0.744585, -0.027522, 0.0, 1.0, 0.0, 0.679662, 0.0, 0.0, 0.0, 1.0],
                [0.744585, 0.0, -0.667528, -0.12097, -0.667528, 0.0, -0.744585, -0.027522, 0.0, 1.0, 0.0, 0.679662, 0.0, 0.0, 0.0, 1.0],
                [0.73865, 0.002382, -0.674085, -0.12097, -0.672391, -0.068349, -0.737034, -0.208003, -0.047829, 0.997659, -0.048884, 0.635841, 0.0, 0.0, 0.0, 1.0],
                [0.744585, 0.0, -0.667528, -0.12097, -0.667528, 0.0, -0.744585, -0.027522, 0.0, 1.0, 0.0, 0.679662, 0.0, 0.0, 0.0, 1.0],
                [0.744585, 0.0, -0.667528, -0.12097, -0.667528, 0.0, -0.744585, -0.027522, 0.0, 1.0, 0.0, 0.679662, 0.0, 0.0, 0.0, 1.0]
            ]
        },
        {
            "name": "Thigh_R",
            "time": [0.0, 0.1167, 0.2167, 0.8333, 1.2833],
            "transform": [
                [0.963909, 0.186031, 0.19045, 0.124994, 0.192353, -0.981208, -0.015096, -0.002831, 0.184063, 0.051185, -0.981581, -1.2e-05, 0.0, 0.0, 0.0, 1.0],
                [0.963909, 0.186031, 0.19045, 0.124994, 0.192353, -0.981208, -0.015096, -0.002831, 0.184063, 0.051185, -0.981581, -1.2e-05, 0.0, 0.0, 0.0, 1.0],
                [0.913155, 0.401162, 0.072224, 0.124994, 0.391557, -0.912545, 0.118071, -0.002831, 0.113273, -0.079537, -0.990375, -1.2e-05, 0.0, 0.0, 0.0, 1.0],
                [0.963909, 0.186031, 0.19045, 0.124994, 0.192353, -0.981208, -0.015096, -0.002831, 0.184063, 0.051185, -0.981581, -1.2e-05, 0.0, 0.0, 0.0, 1.0],
                [0.963909, 0.186031, 0.19045, 0.124994, 0.192353, -0.981208, -0.015096, -0.002831, 0.184063, 0.051185, -0.981581, -1.2e-05, 0.0, 0.0, 0.0, 1.0]
            ]
        },
        {
            "name": "Leg_R",
            "time": [0.0, 0.1167, 0.2167, 0.8333, 1.2833],
            "transform": [
                [1.0, -0.0, 2e-06, -0.0, -0.0, 0.968831, 0.247726, 0.37472, -2e-06, -0.247727, 0.968829, 0.0, 0.0, 0.0, 0.0, 1.0],
                [1.0, -0.0, 2e-06, -0.0, -0.0, 0.968831, 0.247726, 0.37472, -2e-06, -0.247727, 0.968829, 0.0, 0.0, 0.0, 0.0, 1.0],
                [1.0, -1e-06, 2e-06, -0.0, -0.0, 0.761925, 0.647666, 0.37472, -2e-06, -0.647667, 0.761924, -0.0, 0.0, 0.0, 0.0, 1.0],
                [1.0, -0.0, 2e-06, -0.0, -0.0, 0.968831, 0.247726, 0.37472, -2e-06, -0.247727, 0.968829, 0.0, 0.0, 0.0, 0.0, 1.0],
                [1.0, -0.0, 2e-06, -0.0, -0.0, 0.968831, 0.247726, 0.37472, -2e-06, -0.247727, 0.968829, 0.0, 0.0, 0.0, 0.0, 1.0]
            ]
        },
        {
            "name": "Knee_R",
            "time": [0.0, 0.1167, 0.2167, 0.8333, 1.2833],
            "transform": [
                [1.0, 0.0, -0.0, -0.0, -0.0, 1e-06, -1.0, 0.37472, -0.0, 1.0, 1e-06, 0.0, 0.0, 0.0, 0.0, 1.0],
                [1.0, 0.0, -0.0, -0.0, -0.0, 1e-06, -1.0, 0.37472, -0.0, 1.0, 1e-06, 0.0, 0.0, 0.0, 0.0, 1.0],
                [1.0, 0.0, -0.0, -0.0, -0.0, 1e-06, -1.0, 0.37472, -0.0, 1.0, 1e-06, -0.0, 0.0, 0.0, 0.0, 1.0],
                [1.0, 0.0, -0.0, -0.0, -0.0, 1e-06, -1.0, 0.37472, -0.0, 1.0, 1e-06, 0.0, 0.0, 0.0, 0.0, 1.0],
                [1.0, 0.0, -0.0, -0.0, -0.0, 1e-06, -1.0, 0.37472, -0.0, 1.0, 1e-06, 0.0, 0.0, 0.0, 0.0, 1.0]
            ]
        },
        {
            "name": "Thigh_L",
            "time": [0.0, 0.1167, 0.2167, 0.8333, 1.2833],
            "transform": [
                [0.866588, -0.344395, -0.361132, -0.125006, -0.027838, -0.755915, 0.654078, -0.002831, -0.498245, -0.556763, -0.664655, -1.2e-05, 0.0, 0.0, 0.0, 1.0],
                [0.866588, -0.344395, -0.361132, -0.125006, -0.027838, -0.755915, 0.654078, -0.002831, -0.498245, -0.556763, -0.664655, -1.2e-05, 0.0, 0.0, 0.0, 1.0],
                [0.866588, -0.387602, -0.314307, -0.125006, -0.027838, -0.666414, 0.745062, -0.002831, -0.498245, -0.636912, -0.588297, -1.2e-05, 0.0, 0.0, 0.0, 1.0],
                [0.866588, -0.344395, -0.361132, -0.125006, -0.027838, -0.755915, 0.654078, -0.002831, -0.498245, -0.556763, -0.664655, -1.2e-05, 0.0, 0.0, 0.0, 1.0],
                [0.866588, -0.344395, -0.361132, -0.125006, -0.027838, -0.755915, 0.654078, -0.002831, -0.498245, -0.556763, -0.664655, -1.2e-05, 0.0, 0.0, 0.0, 1.0]
            ]
        },
        {
            "name": "Leg_L",
            "time": [0.0, 0.1167, 0.2167, 0.8333, 1.2833],
            "transform": [
                [1.0, -1e-06, 0.0, 0.0, 0.0, 0.760582, 0.649242, 0.37472, -1e-06, -0.649241, 0.760583, -0.0, 0.0, 0.0, 0.0, 1.0],
                [1.0, -1e-06, 0.0, 0.0, 0.0, 0.760582, 0.649242, 0.37472, -1e-06, -0.649241, 0.760583, -0.0, 0.0, 0.0, 0.0, 1.0],
                [1.0, -1e-06, 0.0, 0.0, 0.0, 0.760582, 0.649242, 0.37472, -1e-06, -0.649241, 0.760583, -0.0, 0.0, 0.0, 0.0, 1.0],
                [1.0, -1e-06, 0.0, 0.0, 0.0, 0.760582, 0.649242, 0.37472, -1e-06, -0.649241, 0.760583, -0.0, 0.0, 0.0, 0.0, 1.0],
                [1.0, -1e-06, 0.0, 0.0, 0.0, 0.760582, 0.649242, 0.37472, -1e-06, -0.649241, 0.760583, -0.0, 0.0, 0.0, 0.0, 1.0]
            ]
        },
        {
            "name": "Knee_L",
            "time": [0.0, 0.1167, 0.2167, 0.8333, 1.2833],
            "transform": [
                [1.0, 0.0, -0.0, 0.0, -0.0, 1e-06, -1.0, 0.37472, -0.0, 1.0, 0.0, -0.0, 0.0, 0.0, 0.0, 1.0],
                [1.0, 0.0, -0.0, 0.0, -0.0, 1e-06, -1.0, 0.37472, -0.0, 1.0, 0.0, -0.0, 0.0, 0.0, 0.0, 1.0],
                [1.0, 0.0, -0.0, 0.0, -0.0, 1e-06, -1.0, 0.37472, -0.0, 1.0, 1e-06, -0.0, 0.0, 0.0, 0.0, 1.0],
                [1.0, 0.0, -0.0, 0.0, -0.0, 1e-06, -1.0, 0.37472, -0.0, 1.0, 0.0, -0.0, 0.0, 0.0, 0.0, 1.0],
                [1.0, 0.0, -0.0, 0.0, -0.0, 1e-06, -1.0, 0.37472, -0.0, 1.0, 0.0, -0.0, 0.0, 0.0, 0.0, 1.0]
            ]
        },
        {
            "name": "Torso",
            "time": [0.0, 0.1167, 0.2167, 0.8333, 1.2833],
            "transform": [
                [0.981277, 0.0108, -0.192301, 0.0, -0.017548, 0.999287, -0.033421, 0.05, 0.191803, 0.036169, 0.980767, 0.0, 0.0, 0.0, 0.0, 1.0],
                [0.981277, 0.0108, -0.192301, 0.0, -0.017548, 0.999287, -0.033421, 0.05, 0.191803, 0.036169, 0.980767, 0.0, 0.0, 0.0, 0.0, 1.0],
                [0.981277, 0.0108, -0.192301, 0.0, -0.017548, 0.999288, -0.033421, 0.05, 0.191803, 0.036169, 0.980767, 0.0, 0.0, 0.0, 0.0, 1.0],
                [0.981277, 0.0108, -0.192301, 0.0, -0.017548, 0.999287, -0.033421, 0.05, 0.191803, 0.036169, 0.980767, 0.0, 0.0, 0.0, 0.0, 1.0],
                [0.981277, 0.0108, -0.192301, 0.0, -0.017548, 0.999287, -0.033421, 0.05, 0.191803, 0.036169, 0.980767, 0.0, 0.0, 0.0, 0.0, 1.0]
            ]
        },
        {
            "name": "Chest",
            "time": [0.0, 0.1167, 0.2167, 0.8333, 1.2833],
            "transform": [
                [0.962878, 0.083993, -0.256536, 0.0, -0.058818, 0.992806, 0.10429, 0.3, 0.26345, -0.085329, 0.960892, -0.0, 0.0, 0.0, 0.0, 1.0],
                [0.962878, 0.083993, -0.256536, 0.0, -0.058818, 0.992806, 0.10429, 0.3, 0.26345, -0.085329, 0.960892, -0.0, 0.0, 0.0, 0.0, 1.0],
                [0.960781, -0.017497, -0.276758, 0.0, 0.054597, 0.990409, 0.12692, 0.3, 0.271883, -0.137052, 0.952521, -0.0, 0.0, 0.0, 0.0, 1.0],
                [0.963575, 0.071837, -0.257608, 0.0, -0.044614, 0.992928, 0.110013, 0.3, 0.263689, -0.094513, 0.959966, -0.0, 0.0, 0.0, 0.0, 1.0],
                [0.963575, 0.071837, -0.257608, 0.0, -0.044614, 0.992928, 0.110013, 0.3, 0.263689, -0.094513, 0.959966, -0.0, 0.0, 0.0, 0.0, 1.0]
            ]
        },
        {
            "name": "Head",
            "time": [0.0, 0.1167, 0.2167, 0.8333, 1.2833],
            "transform": [
                [0.447164, -0.058669, 0.892526, 0.0, 0.079615, 0.996497, 0.025616, 0.4, -0.890902, 0.059604, 0.450268, 0.0, 0.0, 0.0, 0.0, 1.0],
                [0.447164, -0.058669, 0.892526, 0.0, 0.079615, 0.996497, 0.025616, 0.4, -0.890902, 0.059604, 0.450268, 0.0, 0.0, 0.0, 0.0, 1.0],
                [0.447163, -0.058669, 0.892526, 0.0, 0.079615, 0.996496, 0.025616, 0.4, -0.890902, 0.059604, 0.450268, -0.0, 0.0, 0.0, 0.0, 1.0],
                [0.447163, -0.058669, 0.892526, 0.0, 0.079615, 0.996496, 0.025616, 0.4, -0.890902, 0.059604, 0.450268, -0.0, 0.0, 0.0, 0.0, 1.0],
                [0.447163, -0.058669, 0.892526, 0.0, 0.079615, 0.996496, 0.025616, 0.4, -0.890902, 0.059604, 0.450268, -0.0, 0.0, 0.0, 0.0, 1.0]
            ]
        },
        {
            "name": "Shoulder_R",
            "time": [0.0, 0.1167, 0.2167, 0.8333, 1.2833],
            "transform": [
                [0.134324, 0.905238, 0.403113, 0.0, -0.102672, -0.391897, 0.914262, 0.4, 0.985604, -0.164196, 0.040302, 0.0, 0.0, 0.0, 0.0, 1.0],
                [0.134324, 0.905238, 0.403113, 0.0, -0.102672, -0.391897, 0.914262, 0.4, 0.985604, -0.164196, 0.040302, 0.0, 0.0, 0.0, 0.0, 1.0],
                [-0.080345, 0.911616, 0.403113, 0.0, -0.008512, -0.405033, 0.914262, 0.4, 0.99673, 0.070025, 0.040302, -0.0, 0.0, 0.0, 0.0, 1.0],
                [0.134324, 0.905238, 0.403113, 0.0, -0.102672, -0.391896, 0.914262, 0.4, 0.985604, -0.164195, 0.040302, -0.0, 0.0, 0.0, 0.0, 1.0],
                [0.134324, 0.905238, 0.403113, 0.0, -0.102672, -0.391896, 0.914262, 0.4, 0.985604, -0.164195, 0.040302, -0.0, 0.0, 0.0, 0.0, 1.0]
            ]
        },
        {
            "name": "Arm_R",
            "time": [0.0, 0.1167, 0.2167, 0.8333, 1.2833],
            "transform": [
                [-0.93097, -0.355001, -0.085261, -0.0, -0.175381, 0.639666, -0.748378, 0.393861, 0.320213, -0.681764, -0.65777, -0.0, 0.0, 0.0, 0.0, 1.0],
                [-0.93097, -0.355001, -0.085261, -0.0, -0.175381, 0.639666, -0.748378, 0.393861, 0.320213, -0.681764, -0.65777, -0.0, 0.0, 0.0, 0.0, 1.0],
                [-0.904243, -0.375768, -0.202836, -0.0, -0.236954, 0.836711, -0.493728, 0.39386, 0.355242, -0.398388, -0.84563, 0.0, 0.0, 0.0, 0.0, 1.0],
                [-0.93097, -0.355001, -0.085261, 0.0, -0.175381, 0.639666, -0.748378, 0.39386, 0.320213, -0.681764, -0.65777, 0.0, 0.0, 0.0, 0.0, 1.0],
                [-0.93097, -0.355001, -0.085261, 0.0, -0.175381, 0.639666, -0.748378, 0.39386, 0.320213, -0.681764, -0.65777, 0.0, 0.0, 0.0, 0.0, 1.0]
            ]
        },
        {
            "name": "Hand_R",
            "time": [0.0, 0.1167, 0.2167, 0.8333, 1.2833],
            "transform": [
                [0.999984, 0.005468, -0.000956, -0.0, -0.00125, 0.054086, -0.998536, 0.3, -0.005409, 0.998521, 0.054092, -0.0, 0.0, 0.0, 0.0, 1.0],
                [0.999984, 0.005468, -0.000956, -0.0, -0.00125, 0.054086, -0.998536, 0.3, -0.005409, 0.998521, 0.054092, -0.0, 0.0, 0.0, 0.0, 1.0],
                [0.999985, 0.005468, -0.000956, 0.0, -0.00125, 0.054086, -0.998536, 0.3, -0.005409, 0.998521, 0.054092, 0.0, 0.0, 0.0, 0.0, 1.0],
                [0.999985, 0.005468, -0.000956, 0.0, -0.00125, 0.054086, -0.998536, 0.3, -0.005409, 0.998521, 0.054092, 0.0, 0.0, 0.0, 0.0, 1.0],
                [0.999985, 0.005468, -0.000956, 0.0, -0.00125, 0.054086, -0.998536, 0.3, -0.005409, 0.998521, 0.054092, 0.0, 0.0, 0.0, 0.0, 1.0]
            ]
        },
        {
            "name": "Tool_R",
            "time": [0.0, 0.1167, 0.2167, 0.8333, 1.2833],
            "transform": [
                [0.786647, -0.402347, -0.444885, 0.0, -0.298059, -0.879148, 0.296498, 0.272858, -0.540376, -0.100686, -0.810219, 0.0, 0.0, 0.0, 0.0, 1.0],
                [0.78665, -0.416722, -0.431471, 0.0, -0.29805, -0.868949, 0.325129, 0.272858, -0.540376, -0.127222, -0.806485, 0.0, 0.0, 0.0, 0.0, 1.0],
                [0.882042, -0.352232, -0.292475, -0.055455, -0.092711, -0.738948, 0.624496, 0.34654, -0.461689, -0.52393, -0.683353, -0.030343, 0.0, 0.0, 0.0, 1.0],
                [0.786651, -0.419502, -0.428773, 0.0, -0.298049, -0.866829, 0.330729, 0.272858, -0.540376, -0.132435, -0.805647, -0.0, 0.0, 0.0, 0.0, 1.0],
                [0.786651, -0.419502, -0.428773, 0.0, -0.298049, -0.866829, 0.330729, 0.272858, -0.540376, -0.132435, -0.805647, -0.0, 0.0, 0.0, 0.0, 1.0]
            ]
        },
        {
            "name": "Elbow_R",
            "time": [0.0, 0.1167, 0.2167, 0.8333, 1.2833],
            "transform": [
                [-1.0, 0.0, -0.0, -0.0, 0.0, -0.0, -1.0, 0.3, -0.0, -1.0, 0.0, -0.0, 0.0, 0.0, 0.0, 1.0],
                [-1.0, 0.0, -0.0, -0.0, 0.0, -0.0, -1.0, 0.3, -0.0, -1.0, 0.0, -0.0, 0.0, 0.0, 0.0, 1.0],
                [-1.0, 0.0, -0.0, 0.0, 0.0, 0.0, -1.0, 0.3, -0.0, -1.0, 0.0, 0.0, 0.0, 0.0, 0.0, 1.0],
                [-1.0, 0.0, -0.0, 0.0, 0.0, -0.0, -1.0, 0.3, -0.0, -1.0, 0.0, 0.0, 0.0, 0.0, 0.0, 1.0],
                [-1.0, 0.0, -0.0, 0.0, 0.0, -0.0, -1.0, 0.3, -0.0, -1.0, 0.0, 0.0, 0.0, 0.0, 0.0, 1.0]
            ]
        },
        {
            "name": "Shoulder_L",
            "time": [0.0, 0.1167, 0.2167, 0.8333, 1.2833],
            "transform": [
                [0.222608, -0.927222, -0.301172, 0.0, 0.039178, -0.300166, 0.953082, 0.4, -0.97412, -0.223963, -0.030493, 0.0, 0.0, 0.0, 0.0, 1.0],
                [0.222608, -0.927222, -0.301172, 0.0, 0.039178, -0.300166, 0.953082, 0.4, -0.97412, -0.223963, -0.030493, 0.0, 0.0, 0.0, 0.0, 1.0],
                [0.426866, -0.85269, -0.301172, 0.0, 0.106156, -0.283488, 0.953082, 0.4, -0.898062, -0.43881, -0.030493, -0.0, 0.0, 0.0, 0.0, 1.0],
                [0.222608, -0.927222, -0.301172, 0.0, 0.039178, -0.300166, 0.953082, 0.4, -0.97412, -0.223963, -0.030493, -0.0, 0.0, 0.0, 0.0, 1.0],
                [0.222608, -0.927222, -0.301172, 0.0, 0.039178, -0.300166, 0.953082, 0.4, -0.97412, -0.223963, -0.030493, -0.0, 0.0, 0.0, 0.0, 1.0]
            ]
        },
        {
            "name": "Arm_L",
            "time": [0.0, 0.1167, 0.2167, 0.8333, 1.2833],
            "transform": [
                [-0.317059, 0.19238, 0.928689, 0.0, -0.817821, 0.440392, -0.370437, 0.39386, -0.480252, -0.876952, 0.017702, -0.0, 0.0, 0.0, 0.0, 1.0],
                [-0.317059, 0.19238, 0.928689, 0.0, -0.817821, 0.440392, -0.370437, 0.39386, -0.480252, -0.876952, 0.017702, -0.0, 0.0, 0.0, 0.0, 1.0],
                [-0.159332, -0.266309, 0.950628, 0.0, -0.958141, 0.273726, -0.083909, 0.39386, -0.237866, -0.924204, -0.298775, -0.0, 0.0, 0.0, 0.0, 1.0],
                [-0.317059, 0.19238, 0.928689, 0.0, -0.817821, 0.440392, -0.370437, 0.39386, -0.480252, -0.876952, 0.017702, -0.0, 0.0, 0.0, 0.0, 1.0],
                [-0.317059, 0.19238, 0.928689, 0.0, -0.817821, 0.440392, -0.370437, 0.39386, -0.480252, -0.876952, 0.017702, -0.0, 0.0, 0.0, 0.0, 1.0]
            ]
        },
        {
            "name": "Hand_L",
            "time": [0.0, 0.1167, 0.2167, 0.8333, 1.2833],
            "transform": [
                [0.99932, -0.020135, 0.0309, 0.0, 0.03687, 0.566495, -0.82324, 0.3, -0.000928, 0.823819, 0.566852, -0.0, 0.0, 0.0, 0.0, 1.0],
                [0.99932, -0.020135, 0.0309, 0.0, 0.03687, 0.566495, -0.82324, 0.3, -0.000928, 0.823819, 0.566852, -0.0, 0.0, 0.0, 0.0, 1.0],
                [0.99932, -0.020343, 0.030764, -0.0, 0.03687, 0.572024, -0.819408, 0.3, -0.000928, 0.819985, 0.572385, 0.0, 0.0, 0.0, 0.0, 1.0],
                [0.99932, -0.020135, 0.0309, 0.0, 0.03687, 0.566495, -0.82324, 0.3, -0.000928, 0.823819, 0.566853, 0.0, 0.0, 0.0, 0.0, 1.0],
                [0.99932, -0.020135, 0.0309, 0.0, 0.03687, 0.566495, -0.82324, 0.3, -0.000928, 0.823819, 0.566853, 0.0, 0.0, 0.0, 0.0, 1.0]
            ]
        },
        {
            "name": "Tool_L",
            "time": [0.0, 0.1167, 0.2167, 0.8333, 1.2833],
            "transform": [
                [-0.334398, -0.346152, 0.87656, 0.323671, 0.892062, 0.183742, 0.412872, -0.129872, -0.303789, 0.91947, 0.247205, 0.448241, 0.0, 0.0, 0.0, 1.0],
                [-0.334398, -0.346152, 0.87656, 0.323671, 0.892062, 0.183742, 0.412872, -0.129872, -0.303789, 0.91947, 0.247205, 0.448241, 0.0, 0.0, 0.0, 1.0],
                [-0.470803, -0.349688, 0.809977, 0.394751, 0.871791, -0.325271, 0.366305, -0.214662, 0.135299, 0.878067, 0.457728, 0.354573, 0.0, 0.0, 0.0, 1.0],
                [-0.334398, -0.346152, 0.87656, 0.323671, 0.892062, 0.183742, 0.412872, -0.129872, -0.303789, 0.91947, 0.247205, 0.448241, 0.0, 0.0, 0.0, 1.0],
                [-0.334398, -0.346152, 0.87656, 0.323671, 0.892062, 0.183742, 0.412872, -0.129872, -0.303789, 0.91947, 0.247205, 0.448241, 0.0, 0.0, 0.0, 1.0]
            ]
        },
        {
            "name": "Elbow_L",
            "time": [0.0, 0.1167, 0.2167, 0.8333, 1.2833],
            "transform": [
                [-1.0, 0.0, -0.0, 0.0, 0.0, -0.0, -1.0, 0.3, -0.0, -1.0, -0.0, -0.0, 0.0, 0.0, 0.0, 1.0],
                [-1.0, 0.0, -0.0, 0.0, 0.0, -0.0, -1.0, 0.3, -0.0, -1.0, -0.0, -0.0, 0.0, 0.0, 0.0, 1.0],
                [-1.0, 0.0, -0.0, -0.0, 0.0, -0.0, -1.0, 0.3, -0.0, -1.0, -0.0, 0.0, 0.0, 0.0, 0.0, 1.0],
                [-1.0, 0.0, -0.0, 0.0, 0.0, -0.0, -1.0, 0.3, -0.0, -1.0, -0.0, 0.0, 0.0, 0.0, 0.0, 1.0],
                [-1.0, 0.0, -0.0, 0.0, 0.0, -0.0, -1.0, 0.3, -0.0, -1.0, -0.0, 0.0, 0.0, 0.0, 0.0, 1.0]
            ]
        }
    ]
}