{
    "animation": [
        {
            "name": "Root",
            "time": [0.0, 0.15, 0.4167, 0.6667, 0.7667, 1.1833, 1.65],
            "transform": [
                [0.834853, 0.0, -0.550472, -0.00065, -0.550472, 0.0, -0.834853, -0.027522, 0.0, 1.0, 0.0, 0.770544, 0.0, 0.0, 0.0, 1.0],
                [0.766235, 0.0, -0.642561, -0.094084, -0.642561, 0.0, -0.766235, -0.027522, 0.0, 1.0, 0.0, 0.69997, 0.0, 0.0, 0.0, 1.0],
                [0.744585, 0.0, -0.667528, -0.12097, -0.667528, 0.0, -0.744585, -0.027522, 0.0, 1.0, 0.0, 0.679662, 0.0, 0.0, 0.0, 1.0],
                [0.744585, 0.0, -0.667528, -0.12097, -0.667528, 0.0, -0.744585, -0.027522, 0.0, 1.0, 0.0, 0.679662, 0.0, 0.0, 0.0, 1.0],
                [0.73865, 0.002382, -0.674085, -0.12097, -0.672391, -0.068349, -0.737034, -0.208003, -0.047829, 0.997659, -0.048884, 0.635841, 0.0, 0.0, 0.0, 1.0],
                [0.744585, 0.0, -0.667528, -0.12097, -0.667528, 0.0, -0.744585, -0.027522, 0.0, 1.0, 0.0, 0.679662, 0.0, 0.0, 0.0, 1.0],
                [0.744585, 0.0, -0.667528, -0.12097, -0.667528, 0.0, -0.744585, -0.027522, 0.0, 1.0, 0.0, 0.679662, 0.0, 0.0, 0.0, 1.0]
            ]
        },
        {
            "name": "Thigh_R",
            "time": [0.0, 0.15, 0.4167, 0.6667, 0.7667, 1.1833, 1.65],
            "transform": [
                [0.963909, 0.186031, 0.19045, 0.124994, 0.192353, -0.981208, -0.015096, -0.002831, 0.184063, 0.051185, -0.981581, -1.2e-05, 0.0, 0.0, 0.0, 1.0],
                [0.963909, 0.186031, 0.19045, 0.124994, 0.192353, -0.981208, -0.015096, -0.002831, 0.184063, 0.051185, -0.981581, -1.2e-05, 0.0, 0.0, 0.0, 1.0],
                [0.963909, 0.186031, 0.19045, 0.124994, 0.192353, -0.981208, -0.015096, -0.002831, 0.184063, 0.051185, -0.981581, -1.2e-05, 0.0, 0.0, 0.0, 1.0],
                [0.963909, 0.186031, 0.19045, 0.124994, 0.192353, -0.981208, -0.015096, -0.002831, 0.184063, 0.051185, -0.981581, -1.2e-05, 0.0, 0.0, 0.0, 1.0],
                [0.913155, 0.401162, 0.072224, 0.124994, 0.391557, -0.912545, 0.118071, -0.002831, 0.113273, -0.079537, -0.990375, -1.2e-05, 0.0, 0.0, 0.0, 1.0],
                [0.963909, 0.186031, 0.19045, 0.124994, 0.192353, -0.981208, -0.015096, -0.002831, 0.184063, 0.051185, -0.981581, -1.2e-05, 0.0, 0.0, 0.0, 1.0],
                [0.963909, 0.186031, 0.19045, 0.124994, 0.192353, -0.981208, -0.015096, -0.002831, 0.184063, 0.051185, -0.981581, -1.2e-05, 0.0, 0.0, 0.0, 1.0]
            ]
        },
        {
            "name": "Leg_R",
            "time": [0.0, 0.15, 0.4167, 0.6667, 0.7667, 1.1833, 1.65],
            "transform": [
                [1.0, 0.0, 2e-06, 0.0, -0.0, 0.999924, -0.012363, 0.37472, -2e-06, 0.012363, 0.999923, 0.0, 0.0, 0.0, 0.0, 1.0],
                [1.0, -0.0, 2e-06, 0.0, -0.0, 0.981682, 0.190532, 0.37472, -2e-06, -0.190532, 0.98168, -0.0, 0.0, 0.0, 0.0, 1.0],
                [1.0, -0.0, 2e-06, -0.0, -0.0, 0.968831, 0.247726, 0.37472, -2e-06, -0.247727, 0.968829, 0.0, 0.0, 0.0, 0.0, 1.0],
                [1.0, -0.0, 2e-06, -0.0, -0.0, 0.968831, 0.247726, 0.37472, -2e-06, -0.247727, 0.968829, 0.0, 0.0, 0.0, 0.0, 1.0],
                [1.0, -1e-06, 2e-06, -0.0, -0.0, 0.761925, 0.647666, 0.37472, -2e-06, -0.647667, 0.761924, -0.0, 0.0, 0.0, 0.0, 1.0],
                [1.0, -0.0, 2e-06, -0.0, -0.0, 0.968831, 0.247726, 0.37472, -2e-06, -0.247727, 0.968829, 0.0, 0.0, 0.0, 0.0, 1.0],
                [1.0, -0.0, 2e-06, -0.0, -0.0, 0.968831, 0.247726, 0.37472, -2e-06, -0.247727, 0.968829, 0.0, 0.0, 0.0, 0.0, 1.0]
            ]
        },
        {
            "name": "Knee_R",
            "time": [0.0, 0.15, 0.4167, 0.6667, 0.7667, 1.1833, 1.65],
            "transform": [
                [1.0, 0.0, -0.0, 0.0, -0.0, 1e-06, -1.0, 0.37472, -0.0, 1.0, 1e-06, 0.0, 0.0, 0.0, 0.0, 1.0],
                [1.0, 0.0, -0.0, 0.0, -0.0, 1e-06, -1.0, 0.37472, 0.0, 1.0, 1e-06, -0.0, 0.0, 0.0, 0.0, 1.0],
                [1.0, 0.0, -0.0, -0.0, -0.0, 1e-06, -1.0, 0.37472, -0.0, 1.0, 1e-06, 0.0, 0.0, 0.0, 0.0, 1.0],
                [1.0, 0.0, -0.0, -0.0, -0.0, 1e-06, -1.0, 0.37472, -0.0, 1.0, 1e-06, 0.0, 0.0, 0.0, 0.0, 1.0],
                [1.0, 0.0, -0.0, -0.0, -0.0, 1e-06, -1.0, 0.37472, -0.0, 1.0, 1e-06, -0.0, 0.0, 0.0, 0.0, 1.0],
                [1.0, 0.0, -0.0, -0.0, -0.0, 1e-06, -1.0, 0.37472, -0.0, 1.0, 1e-06, 0.0, 0.0, 0.0, 0.0, 1.0],
                [1.0, 0.0, -0.0, -0.0, -0.0, 1e-06, -1.0, 0.37472, -0.0, 1.0, 1e-06, 0.0, 0.0, 0.0, 0.0, 1.0]
            ]
        },
        {
            "name": "Thigh_L",
            "time": [0.0, 0.15, 0.4167, 0.6667, 0.7667, 1.1833, 1.65],
            "transform": [
                [0.866588, -0.185794, -0.463146, -0.125006, -0.027838, -0.94466, 0.326868, -0.002831, -0.498245, -0.270367, -0.823804, -1.2e-05, 0.0, 0.0, 0.0, 1.0],
                [0.866588, -0.312596, -0.388983, -0.125006, -0.027838, -0.808559, 0.587757, -0.002831, -0.498245, -0.498515, -0.70939, -1.2e-05, 0.0, 0.0, 0.0, 1.0],
                [0.866588, -0.344395, -0.361132, -0.125006, -0.027838, -0.755915, 0.654078, -0.002831, -0.498245, -0.556763, -0.664655, -1.2e-05, 0.0, 0.0, 0.0, 1.0],
                [0.866588, -0.344395, -0.361132, -0.125006, -0.027838, -0.755915, 0.654078, -0.002831, -0.498245, -0.556763, -0.664655, -1.2e-05, 0.0, 0.0, 0.0, 1.0],
                [0.866588, -0.387602, -0.314307, -0.125006, -0.027838, -0.666414, 0.745062, -0.002831, -0.498245, -0.636912, -0.588297, -1.2e-05, 0.0, 0.0, 0.0, 1.0],
                [0.866588, -0.344395, -0.361132, -0.125006, -0.027838, -0.755915, 0.654078, -0.002831, -0.498245, -0.556763, -0.664655, -1.2e-05, 0.0, 0.0, 0.0, 1.0],
                [0.866588, -0.344395, -0.361132, -0.125006, -0.027838, -0.755915, 0.654078, -0.002831, -0.498245, -0.556763, -0.664655, -1.2e-05, 0.0, 0.0, 0.0, 1.0]
            ]
        },
        {
            "name": "Leg_L",
            "time": [0.0, 0.15, 0.4167, 0.6667, 0.7667, 1.1833, 1.65],
            "transform": [
                [1.0, -0.0, 1e-06, 0.0, 0.0, 0.953504, 0.301381, 0.37472, -1e-06, -0.301381, 0.953504, 0.0, 0.0, 0.0, 0.0, 1.0],
                [1.0, -1e-06, 0.0, 0.0, 0.0, 0.815409, 0.578886, 0.37472, -1e-06, -0.578885, 0.815409, -0.0, 0.0, 0.0, 0.0, 1.0],
                [1.0, -1e-06, 0.0, 0.0, 0.0, 0.760582, 0.649242, 0.37472, -1e-06, -0.649241, 0.760583, -0.0, 0.0, 0.0, 0.0, 1.0],
                [1.0, -1e-06, 0.0, 0.0, 0.0, 0.760582, 0.649242, 0.37472, -1e-06, -0.649241, 0.760583, -0.0, 0.0, 0.0, 0.0, 1.0],
                [1.0, -1e-06, 0.0, 0.0, 0.0, 0.760582, 0.649242, 0.37472, -1e-06, -0.649241, 0.760583, -0.0, 0.0, 0.0, 0.0, 1.0],
                [1.0, -1e-06, 0.0, 0.0, 0.0, 0.760582, 0.649242, 0.37472, -1e-06, -0.649241, 0.760583, -0.0, 0.0, 0.0, 0.0, 1.0],
                [1.0, -1e-06, 0.0, 0.0, 0.0, 0.760582, 0.649242, 0.37472, -1e-06, -0.649241, 0.760583, -0.0, 0.0, 0.0, 0.0, 1.0]
            ]
        },
        {
            "name": "Knee_L",
            "time": [0.0, 0.15, 0.4167, 0.6667, 0.7667, 1.1833, 1.65],
            "transform": [
                [1.0, 0.0, -0.0, 0.0, -0.0, 1e-06, -1.0, 0.37472, -0.0, 1.0, 1e-06, 0.0, 0.0, 0.0, 0.0, 1.0],
                [1.0, 0.0, -0.0, 0.0, -0.0, 1e-06, -1.0, 0.37472, -0.0, 1.0, 1e-06, -0.0, 0.0, 0.0, 0.0, 1.0],
                [1.0, 0.0, -0.0, 0.0, -0.0, 1e-06, -1.0, 0.37472, -0.0, 1.0, 0.0, -0.0, 0.0, 0.0, 0.0, 1.0],
                [1.0, 0.0, -0.0, 0.0, -0.0, 1e-06, -1.0, 0.37472, -0.0, 1.0, 0.0, -0.0, 0.0, 0.0, 0.0, 1.0],
                [1.0, 0.0, -0.0, 0.0, -0.0, 1e-06, -1.0, 0.37472, -0.0, 1.0, 1e-06, -0.0, 0.0, 0.0, 0.0, 1.0],
                [1.0, 0.0, -0.0, 0.0, -0.0, 1e-06, -1.0, 0.37472, -0.0, 1.0, 0.0, -0.0, 0.0, 0.0, 0.0, 1.0],
                [1.0, 0.0, -0.0, 0.0, -0.0, 1e-06, -1.0, 0.37472, -0.0, 1.0, 0.0, -0.0, 0.0, 0.0, 0.0, 1.0]
            ]
        },
        {
            "name": "Torso",
            "time": [0.0, 0.15, 0.4167, 0.6667, 0.7667, 1.1833, 1.65],
            "transform": [
                [0.981277, 0.0108, -0.192301, 0.0, -0.017548, 0.999287, -0.033421, 0.05, 0.191803, 0.036169, 0.980767, 0.0, 0.0, 0.0, 0.0, 1.0],
                [0.981277, 0.0108, -0.192301, 0.0, -0.017548, 0.999287, -0.033421, 0.05, 0.191803, 0.036169, 0.980767, 0.0, 0.0, 0.0, 0.0, 1.0],
                [0.981277, 0.0108, -0.192301, 0.0, -0.017548, 0.999287, -0.033421, 0.05, 0.191803, 0.036169, 0.980767, 0.0, 0.0, 0.0, 0.0, 1.0],
                [0.981277, 0.0108, -0.192301, 0.0, -0.017548, 0.999287, -0.033421, 0.05, 0.191803, 0.036169, 0.980767, 0.0, 0.0, 0.0, 0.0, 1.0],
                [0.981277, 0.0108, -0.192301, 0.0, -0.017548, 0.999288, -0.033421, 0.05, 0.191803, 0.036169, 0.980767, 0.0, 0.0, 0.0, 0.0, 1.0],
                [0.981277, 0.0108, -0.192301, 0.0, -0.017548, 0.999287, -0.033421, 0.05, 0.191803, 0.036169, 0.980767, 0.0, 0.0, 0.0, 0.0, 1.0],
                [0.981277, 0.0108, -0.192301, 0.0, -0.017548, 0.999287, -0.033421, 0.05, 0.191803, 0.036169, 0.980767, 0.0, 0.0, 0.0, 0.0, 1.0]
            ]
        },
        {
            "name": "Chest",
            "time": [0.0, 0.15, 0.4167, 0.6667, 0.7667, 1.1833, 1.65],
            "transform": [
                [0.963687, -0.011176, -0.266802, -0.0, 0.052557, 0.987519, 0.14847, 0.3, 0.261813, -0.157101, 0.952247, -0.0, 0.0, 0.0, 0.0, 1.0],
                [0.959953, 0.117969, -0.254113, -0.0, -0.047598, 0.962513, 0.267026, 0.3, 0.276087, -0.244238, 0.929583, -0.0, 0.0, 0.0, 0.0, 1.0],
                [0.954189, 0.129073, -0.269932, 0.0, -0.088055, 0.983353, 0.15894, 0.3, 0.285954, -0.127889, 0.949671, -0.0, 0.0, 0.0, 0.0, 1.0],
                [0.954189, 0.129073, -0.269932, 0.0, -0.088055, 0.983353, 0.15894, 0.3, 0.285954, -0.127889, 0.949671, -0.0, 0.0, 0.0, 0.0, 1.0],
                [0.956434, 0.020481, -0.291229, 0.0, 0.031398, 0.984535, 0.172353, 0.3, 0.290255, -0.173988, 0.941, -0.0, 0.0, 0.0, 0.0, 1.0],
                [0.962878, 0.083993, -0.256536, 0.0, -0.058818, 0.992806, 0.10429, 0.3, 0.26345, -0.085329, 0.960892, -0.0, 0.0, 0.0, 0.0, 1.0],
                [0.962878, 0.083993, -0.256536, 0.0, -0.058818, 0.992806, 0.10429, 0.3, 0.26345, -0.085329, 0.960892, -0.0, 0.0, 0.0, 0.0, 1.0]
            ]
        },
        {
            "name": "Head",
            "time": [0.0, 0.15, 0.4167, 0.6667, 0.7667, 1.1833, 1.65],
            "transform": [
                [0.689378, -0.058669, 0.722022, -0.0, 0.083627, 0.996497, 0.001126, 0.4, -0.719558, 0.059604, 0.691869, -0.0, 0.0, 0.0, 0.0, 1.0],
                [0.505436, -0.058669, 0.860867, -0.0, 0.08114, 0.996496, 0.020273, 0.4, -0.85904, 0.059604, 0.508426, -0.0, 0.0, 0.0, 0.0, 1.0],
                [0.447163, -0.058669, 0.892526, 0.0, 0.079615, 0.996496, 0.025616, 0.4, -0.890902, 0.059604, 0.450268, -0.0, 0.0, 0.0, 0.0, 1.0],
                [0.447163, -0.058669, 0.892526, 0.0, 0.079615, 0.996496, 0.025616, 0.4, -0.890902, 0.059604, 0.450268, -0.0, 0.0, 0.0, 0.0, 1.0],
                [0.447163, -0.058669, 0.892526, 0.0, 0.079615, 0.996497, 0.025616, 0.4, -0.890902, 0.059604, 0.450268, -0.0, 0.0, 0.0, 0.0, 1.0],
                [0.447164, -0.058669, 0.892526, 0.0, 0.079615, 0.996497, 0.025616, 0.4, -0.890902, 0.059604, 0.450268, 0.0, 0.0, 0.0, 0.0, 1.0],
                [0.447164, -0.058669, 0.892526, 0.0, 0.079615, 0.996497, 0.025616, 0.4, -0.890902, 0.059604, 0.450268, 0.0, 0.0, 0.0, 0.0, 1.0]
            ]
        },
        {
            "name": "Shoulder_R",
            "time": [0.0, 0.15, 0.4167, 0.6667, 0.7667, 1.1833, 1.65],
            "transform": [
                [0.356552, 0.842834, 0.403113, -0.0, -0.197463, -0.353741, 0.914262, 0.4, 0.913169, -0.405582, 0.040302, -0.0, 0.0, 0.0, 0.0, 1.0],
                [0.185181, 0.896218, 0.403113, -0.0, -0.124618, -0.38548, 0.914262, 0.4, 0.974771, -0.219539, 0.040302, -0.0, 0.0, 0.0, 0.0, 1.0],
                [0.134324, 0.905238, 0.403113, 0.0, -0.102672, -0.391896, 0.914262, 0.4, 0.985604, -0.164195, 0.040302, -0.0, 0.0, 0.0, 0.0, 1.0],
                [0.134324, 0.905238, 0.403113, 0.0, -0.102672, -0.391896, 0.914262, 0.4, 0.985604, -0.164195, 0.040302, -0.0, 0.0, 0.0, 0.0, 1.0],
                [-0.080345, 0.911616, 0.403113, 0.0, -0.008512, -0.405033, 0.914262, 0.4, 0.996731, 0.070025, 0.040302, -0.0, 0.0, 0.0, 0.0, 1.0],
                [0.134324, 0.905238, 0.403113, 0.0, -0.102672, -0.391897, 0.914262, 0.4, 0.985604, -0.164196, 0.040302, 0.0, 0.0, 0.0, 0.0, 1.0],
                [0.134324, 0.905238, 0.403113, 0.0, -0.102672, -0.391897, 0.914262, 0.4, 0.985604, -0.164196, 0.040302, 0.0, 0.0, 0.0, 0.0, 1.0]
            ]
        },
        {
            "name": "Arm_R",
            "time": [0.0, 0.15, 0.4167, 0.6667, 0.7667, 1.1833, 1.65],
            "transform": [
                [-0.946732, -0.313749, -0.072529, 0.0, -0.186526, 0.717884, -0.670708, 0.39386, 0.262501, -0.621453, -0.738166, -0.0, 0.0, 0.0, 0.0, 1.0],
                [-0.946732, -0.313749, -0.072528, 0.0, -0.186526, 0.717884, -0.670709, 0.39386, 0.262501, -0.621453, -0.738166, 0.0, 0.0, 0.0, 0.0, 1.0],
                [-0.974949, -0.210274, -0.072528, -0.0, -0.10836, 0.733763, -0.670709, 0.39386, 0.194251, -0.646047, -0.738167, 0.0, 0.0, 0.0, 0.0, 1.0],
                [-0.93097, -0.355001, -0.085261, -0.0, -0.175381, 0.639666, -0.748378, 0.39386, 0.320213, -0.681764, -0.65777, 0.0, 0.0, 0.0, 0.0, 1.0],
                [-0.929011, -0.322327, -0.181781, 0.0, -0.179958, 0.822747, -0.539168, 0.393861, 0.323348, -0.46818, -0.822347, 0.0, 0.0, 0.0, 0.0, 1.0],
                [-0.93097, -0.355001, -0.085261, -0.0, -0.175381, 0.639666, -0.748378, 0.393861, 0.320213, -0.681764, -0.65777, -0.0, 0.0, 0.0, 0.0, 1.0],
                [-0.93097, -0.355001, -0.085261, -0.0, -0.175381, 0.639666, -0.748378, 0.393861, 0.320213, -0.681764, -0.65777, -0.0, 0.0, 0.0, 0.0, 1.0]
            ]
        },
        {
            "name": "Hand_R",
            "time": [0.0, 0.15, 0.4167, 0.6667, 0.7667, 1.1833, 1.65],
            "transform": [
                [0.999985, 0.00555, 9.3e-05, 0.0, -0.00125, 0.241463, -0.97041, 0.3, -0.005409, 0.970394, 0.241466, -0.0, 0.0, 0.0, 0.0, 1.0],
                [0.999985, 0.005504, -0.000723, -0.0, -0.00125, 0.096339, -0.995348, 0.3, -0.005409, 0.995333, 0.096344, 0.0, 0.0, 0.0, 0.0, 1.0],
                [0.999985, 0.005468, -0.000956, 0.0, -0.00125, 0.054086, -0.998536, 0.3, -0.005409, 0.998521, 0.054092, -0.0, 0.0, 0.0, 0.0, 1.0],
                [0.999984, 0.005468, -0.000956, 0.0, -0.00125, 0.054086, -0.998535, 0.3, -0.005409, 0.998521, 0.054092, -0.0, 0.0, 0.0, 0.0, 1.0],
                [0.999985, 0.005468, -0.000956, -0.0, -0.00125, 0.054086, -0.998536, 0.3, -0.005409, 0.998521, 0.054092, 0.0, 0.0, 0.0, 0.0, 1.0],
                [0.999984, 0.005468, -0.000956, -0.0, -0.00125, 0.054086, -0.998536, 0.3, -0.005409, 0.998521, 0.054092, -0.0, 0.0, 0.0, 0.0, 1.0],
                [0.999984, 0.005468, -0.000956, -0.0, -0.00125, 0.054086, -0.998536, 0.3, -0.005409, 0.998521, 0.054092, -0.0, 0.0, 0.0, 0.0, 1.0]
            ]
        },
        {
            "name": "Tool_R",
            "time": [0.0, 0.15, 0.4167, 0.6667, 0.7667, 1.1833, 1.65],
            "transform": [
                [0.786681, -0.530705, -0.279897, -0.0, -0.297969, -0.723863, 0.579995, 0.272858, -0.540375, -0.373025, -0.726429, -0.0, 0.0, 0.0, 0.0, 1.0],
                [0.786664, -0.475339, -0.366005, 0.0, -0.298013, -0.812067, 0.448511, 0.272858, -0.540376, -0.243857, -0.779245, -0.0, 0.0, 0.0, 0.0, 1.0],
                [0.786665, -0.479395, -0.360683, 0.0, -0.298011, -0.807008, 0.457534, 0.272858, -0.540375, -0.252547, -0.776478, -0.0, 0.0, 0.0, 0.0, 1.0],
                [0.78665, -0.418022, -0.430213, 0.0, -0.29805, -0.867964, 0.327746, 0.272858, -0.540376, -0.129657, -0.806098, -0.0, 0.0, 0.0, 0.0, 1.0],
                [0.880035, -0.321317, -0.331147, -0.040507, -0.093713, -0.801741, 0.54154, 0.30843, -0.465298, -0.445725, -0.734506, 0.005558, 0.0, 0.0, 0.0, 1.0],
                [0.786647, -0.402347, -0.444885, 0.0, -0.298059, -0.879148, 0.296498, 0.272858, -0.540376, -0.100686, -0.810219, 0.0, 0.0, 0.0, 0.0, 1.0],
                [0.786647, -0.402347, -0.444885, 0.0, -0.298059, -0.879148, 0.296498, 0.272858, -0.540376, -0.100686, -0.810219, 0.0, 0.0, 0.0, 0.0, 1.0]
            ]
        },
        {
            "name": "Elbow_R",
            "time": [0.0, 0.15, 0.4167, 0.6667, 0.7667, 1.1833, 1.65],
            "transform": [
                [-1.0, 0.0, 0.0, 0.0, 0.0, -0.0, -1.0, 0.3, -0.0, -1.0, 0.0, -0.0, 0.0, 0.0, 0.0, 1.0],
                [-1.0, 0.0, -0.0, -0.0, 0.0, -0.0, -1.0, 0.3, -0.0, -1.0, 0.0, 0.0, 0.0, 0.0, 0.0, 1.0],
                [-1.0, 0.0, -0.0, 0.0, -0.0, 0.0, -1.0, 0.3, -0.0, -1.0, 0.0, -0.0, 0.0, 0.0, 0.0, 1.0],
                [-1.0, 0.0, 0.0, 0.0, 0.0, -0.0, -1.0, 0.3, -0.0, -1.0, 0.0, -0.0, 0.0, 0.0, 0.0, 1.0],
                [-1.0, 0.0, -0.0, -0.0, 0.0, 0.0, -1.0, 0.3, -0.0, -1.0, -0.0, 0.0, 0.0, 0.0, 0.0, 1.0],
                [-1.0, 0.0, -0.0, -0.0, 0.0, -0.0, -1.0, 0.3, -0.0, -1.0, 0.0, -0.0, 0.0, 0.0, 0.0, 1.0],
                [-1.0, 0.0, -0.0, -0.0, 0.0, -0.0, -1.0, 0.3, -0.0, -1.0, 0.0, -0.0, 0.0, 0.0, 0.0, 1.0]
            ]
        },
        {
            "name": "Shoulder_L",
            "time": [0.0, 0.15, 0.4167, 0.6667, 0.7667, 1.1833, 1.65],
            "transform": [
                [0.096912, -0.948632, -0.301172, -0.0, -0.001219, -0.302709, 0.953082, 0.4, -0.995292, -0.091998, -0.030493, -0.0, 0.0, 0.0, 0.0, 1.0],
                [0.194796, -0.933461, -0.301172, -0.0, 0.030189, -0.301203, 0.953082, 0.4, -0.980379, -0.194748, -0.030493, -0.0, 0.0, 0.0, 0.0, 1.0],
                [0.222608, -0.927222, -0.301172, 0.0, 0.039178, -0.300166, 0.953082, 0.4, -0.97412, -0.223963, -0.030493, -0.0, 0.0, 0.0, 0.0, 1.0],
                [0.222608, -0.927222, -0.301172, 0.0, 0.039178, -0.300166, 0.953082, 0.4, -0.97412, -0.223963, -0.030493, -0.0, 0.0, 0.0, 0.0, 1.0],
                [0.426866, -0.85269, -0.301172, 0.0, 0.106156, -0.283488, 0.953082, 0.4, -0.898063, -0.43881, -0.030493, -0.0, 0.0, 0.0, 0.0, 1.0],
                [0.222608, -0.927222, -0.301172, 0.0, 0.039178, -0.300166, 0.953082, 0.4, -0.97412, -0.223963, -0.030493, 0.0, 0.0, 0.0, 0.0, 1.0],
                [0.222608, -0.927222, -0.301172, 0.0, 0.039178, -0.300166, 0.953082, 0.4, -0.97412, -0.223963, -0.030493, 0.0, 0.0, 0.0, 0.0, 1.0]
            ]
        },
        {
            "name": "Arm_L",
            "time": [0.0, 0.15, 0.4167, 0.6667, 0.7667, 1.1833, 1.65],
            "transform": [
                [-0.31706, 0.27082, 0.908917, 0.0, -0.817821, 0.407223, -0.406618, 0.39386, -0.480252, -0.872253, 0.092368, -0.0, 0.0, 0.0, 0.0, 1.0],
                [-0.317059, 0.129268, 0.939555, -0.0, -0.817821, 0.464387, -0.339872, 0.39386, -0.480252, -0.876147, -0.04152, 0.0, 0.0, 0.0, 0.0, 1.0],
                [-0.317059, 0.087866, 0.944327, 0.0, -0.817821, 0.47887, -0.319142, 0.39386, -0.480252, -0.873477, -0.079972, 0.0, 0.0, 0.0, 0.0, 1.0],
                [-0.317059, 0.19238, 0.928689, 0.0, -0.817821, 0.440392, -0.370437, 0.39386, -0.480252, -0.876952, 0.017702, 0.0, 0.0, 0.0, 0.0, 1.0],
                [-0.159332, -0.266309, 0.950628, 0.0, -0.95814, 0.273726, -0.083909, 0.39386, -0.237866, -0.924204, -0.298775, -0.0, 0.0, 0.0, 0.0, 1.0],
                [-0.317059, 0.19238, 0.928689, 0.0, -0.817821, 0.440392, -0.370437, 0.39386, -0.480252, -0.876952, 0.017702, -0.0, 0.0, 0.0, 0.0, 1.0],
                [-0.317059, 0.19238, 0.928689, 0.0, -0.817821, 0.440392, -0.370437, 0.39386, -0.480252, -0.876952, 0.017702, -0.0, 0.0, 0.0, 0.0, 1.0]
            ]
        },
        {
            "name": "Hand_L",
            "time": [0.0, 0.15, 0.4167, 0.6667, 0.7667, 1.1833, 1.65],
            "transform": [
                [0.99932, -0.023322, 0.028571, 0.0, 0.036869, 0.651221, -0.757992, 0.3, -0.000928, 0.758529, 0.651638, -0.0, 0.0, 0.0, 0.0, 1.0],
                [0.99932, -0.023322, 0.028571, 0.0, 0.03687, 0.651222, -0.757992, 0.3, -0.000928, 0.758529, 0.651638, -0.0, 0.0, 0.0, 0.0, 1.0],
                [0.99932, -0.023322, 0.028571, 0.0, 0.036869, 0.651222, -0.757992, 0.3, -0.000928, 0.758529, 0.651638, 0.0, 0.0, 0.0, 0.0, 1.0],
                [0.99932, -0.020135, 0.0309, -0.0, 0.036869, 0.566495, -0.82324, 0.3, -0.000928, 0.823819, 0.566853, 0.0, 0.0, 0.0, 0.0, 1.0],
                [0.99932, -0.020343, 0.030764, -0.0, 0.03687, 0.572024, -0.819408, 0.3, -0.000928, 0.819985, 0.572385, -0.0, 0.0, 0.0, 0.0, 1.0],
                [0.99932, -0.020135, 0.0309, 0.0, 0.03687, 0.566495, -0.82324, 0.3, -0.000928, 0.823819, 0.566852, -0.0, 0.0, 0.0, 0.0, 1.0],
                [0.99932, -0.020135, 0.0309, 0.0, 0.03687, 0.566495, -0.82324, 0.3, -0.000928, 0.823819, 0.566852, -0.0, 0.0, 0.0, 0.0, 1.0]
            ]
        },
        {
            "name": "Tool_L",
            "time": [0.0, 0.15, 0.4167, 0.6667, 0.7667, 1.1833, 1.65],
            "transform": [
                [-0.286383, -0.251951, 0.924394, 0.390248, 0.95762, -0.044248, 0.284616, -0.151788, -0.030778, 0.966159, 0.253799, 0.363088, 0.0, 0.0, 0.0, 1.0],
                [-0.365554, -0.277512, 0.888458, 0.356318, 0.922875, 0.016156, 0.384761, -0.116788, -0.121049, 0.960021, 0.25006, 0.387092, 0.0, 0.0, 0.0, 1.0],
                [-0.387243, -0.285778, 0.876569, 0.346555, 0.910201, 0.032975, 0.412851, -0.106717, -0.146792, 0.957165, 0.247205, 0.394, 0.0, 0.0, 0.0, 1.0],
                [-0.334398, -0.346152, 0.876559, 0.323671, 0.892062, 0.183742, 0.412872, -0.129872, -0.303789, 0.91947, 0.247205, 0.448241, 0.0, 0.0, 0.0, 1.0],
                [-0.470803, -0.349688, 0.809977, 0.394751, 0.871791, -0.325271, 0.366305, -0.214662, 0.135299, 0.878068, 0.457728, 0.354573, 0.0, 0.0, 0.0, 1.0],
                [-0.334398, -0.346152, 0.87656, 0.323671, 0.892062, 0.183742, 0.412872, -0.129872, -0.303789, 0.91947, 0.247205, 0.448241, 0.0, 0.0, 0.0, 1.0],
                [-0.334398, -0.346152, 0.87656, 0.323671, 0.892062, 0.183742, 0.412872, -0.129872, -0.303789, 0.91947, 0.247205, 0.448241, 0.0, 0.0, 0.0, 1.0]
            ]
        },
        {
            "name": "Elbow_L",
            "time": [0.0, 0.15, 0.4167, 0.6667, 0.7667, 1.1833, 1.65],
            "transform": [
                [-1.0, 0.0, -0.0, 0.0, 0.0, -0.0, -1.0, 0.3, -0.0, -1.0, -0.0, -0.0, 0.0, 0.0, 0.0, 1.0],
                [-1.0, 0.0, -0.0, 0.0, 0.0, -0.0, -1.0, 0.3, -0.0, -1.0, -0.0, -0.0, 0.0, 0.0, 0.0, 1.0],
                [-1.0, 0.0, -0.0, 0.0, 0.0, -0.0, -1.0, 0.3, -0.0, -1.0, -0.0, 0.0, 0.0, 0.0, 0.0, 1.0],
                [-1.0, 0.0, -0.0, -0.0, 0.0, -0.0, -1.0, 0.3, -0.0, -1.0, -0.0, 0.0, 0.0, 0.0, 0.0, 1.0],
                [-1.0, 0.0, -0.0, -0.0, 0.0, -0.0, -1.0, 0.3, -0.0, -1.0, -0.0, -0.0, 0.0, 0.0, 0.0, 1.0],
                [-1.0, 0.0, -0.0, 0.0, 0.0, -0.0, -1.0, 0.3, -0.0, -1.0, -0.0, -0.0, 0.0, 0.0, 0.0, 1.0],
                [-1.0, 0.0, -0.0, 0.0, 0.0, -0.0, -1.0, 0.3, -0.0, -1.0, -0.0, -0.0, 0.0, 0.0, 0.0, 1.0]
            ]
        }
    ]
}