{
    "animation": [
        {
            "name": "Root",
            "time": [0.0, 0.15, 0.3333, 0.5, 0.6167, 0.8833, 1.15, 1.5167, 1.75],
            "transform": [
                [0.854689, 0.0, -0.51914, -5e-06, -0.51914, 0.0, -0.854689, 0.000946, 0.0, 1.0, 0.0, 0.777146, 0.0, 0.0, 0.0, 1.0],
                [0.83886, 0.0, -0.544347, -0.000523, -0.544347, 0.0, -0.83886, -0.021903, 0.0, 1.0, 0.0, 0.773285, 0.0, 0.0, 0.0, 1.0],
                [0.834853, 0.0, -0.550472, -0.00065, -0.550472, 0.0, -0.834853, -0.027522, 0.0, 1.0, 0.0, 0.770544, 0.0, 0.0, 0.0, 1.0],
                [0.834853, 0.0, -0.550472, -0.00065, -0.550472, 0.0, -0.834853, -0.027522, 0.0, 1.0, 0.0, 0.768816, 0.0, 0.0, 0.0, 1.0],
                [0.834853, 0.0, -0.550472, -0.00065, -0.550472, 0.0, -0.834853, -0.027522, 0.0, 1.0, 0.0, 0.765083, 0.0, 0.0, 0.0, 1.0],
                [0.834853, 0.0, -0.550472, -0.00065, -0.550472, 0.0, -0.834853, -0.027522, 0.0, 1.0, 0.0, 0.766768, 0.0, 0.0, 0.0, 1.0],
                [0.834853, 0.0, -0.550472, -0.00065, -0.550472, 0.0, -0.834853, -0.027522, 0.0, 1.0, 0.0, 0.770046, 0.0, 0.0, 0.0, 1.0],
                [0.834853, 0.0, -0.550472, -0.00065, -0.550472, 0.0, -0.834853, -0.027522, 0.0, 1.0, 0.0, 0.770544, 0.0, 0.0, 0.0, 1.0],
                [0.834853, 0.0, -0.550472, -0.00065, -0.550472, 0.0, -0.834853, -0.027522, 0.0, 1.0, 0.0, 0.770544, 0.0, 0.0, 0.0, 1.0]
            ]
        },
        {
            "name": "Thigh_R",
            "time": [0.0, 0.15, 0.3333, 0.5, 0.6167, 0.8833, 1.15, 1.5167, 1.75],
            "transform": [
                [0.996122, 0.059171, -0.065101, 0.124994, 0.068868, -0.984949, 0.158519, -0.002831, -0.054742, -0.162387, -0.985208, -1.2e-05, 0.0, 0.0, 0.0, 1.0],
                [0.976781, 0.163122, 0.138889, 0.124994, 0.162427, -0.986582, 0.016409, -0.002831, 0.139702, 0.006532, -0.990173, -1.2e-05, 0.0, 0.0, 0.0, 1.0],
                [0.963909, 0.186031, 0.19045, 0.124994, 0.192353, -0.981208, -0.015096, -0.002831, 0.184063, 0.051185, -0.981581, -1.2e-05, 0.0, 0.0, 0.0, 1.0],
                [0.963386, 0.189126, 0.190049, 0.124994, 0.194996, -0.980722, -0.012497, -0.002831, 0.184022, 0.049099, -0.981695, -1.2e-05, 0.0, 0.0, 0.0, 1.0],
                [0.963177, 0.192917, 0.187277, 0.124994, 0.196012, -0.980597, 0.00203, -0.002831, 0.184035, 0.034753, -0.982305, -1.2e-05, 0.0, 0.0, 0.0, 1.0],
                [0.963405, 0.190798, 0.188269, 0.124994, 0.194884, -0.980819, -0.003253, -0.002831, 0.184037, 0.039825, -0.982112, -1.2e-05, 0.0, 0.0, 0.0, 1.0],
                [0.963843, 0.18666, 0.190166, 0.124994, 0.192686, -0.981165, -0.013537, -0.002831, 0.184058, 0.04969, -0.981659, -1.2e-05, 0.0, 0.0, 0.0, 1.0],
                [0.963909, 0.186031, 0.19045, 0.124994, 0.192353, -0.981208, -0.015096, -0.002831, 0.184063, 0.051185, -0.981581, -1.2e-05, 0.0, 0.0, 0.0, 1.0],
                [0.963909, 0.186031, 0.19045, 0.124994, 0.192353, -0.981208, -0.015096, -0.002831, 0.184063, 0.051185, -0.981581, -1.2e-05, 0.0, 0.0, 0.0, 1.0]
            ]
        },
        {
            "name": "Leg_R",
            "time": [0.0, 0.15, 0.3333, 0.5, 0.6167, 0.8833, 1.15, 1.5167, 1.75],
            "transform": [
                [0.998294, -0.058382, 2e-06, 0.0, 0.058095, 0.993385, 0.099059, 0.37472, -0.005785, -0.09889, 0.995081, 0.0, 0.0, 0.0, 0.0, 1.0],
                [0.999934, -0.01152, 0.000518, -0.0, 0.011514, 0.999888, 0.00965, 0.37472, -0.000629, -0.009643, 0.999952, 0.0, 0.0, 0.0, 0.0, 1.0],
                [1.0, 0.0, 2e-06, 0.0, -0.0, 0.999924, -0.012363, 0.37472, -2e-06, 0.012363, 0.999923, 0.0, 0.0, 0.0, 0.0, 1.0],
                [1.0, 0.0, 2e-06, -0.0, -0.0, 0.999976, -0.007043, 0.37472, -2e-06, 0.007043, 0.999974, -0.0, 0.0, 0.0, 0.0, 1.0],
                [1.0, 0.0, 2e-06, 0.0, -0.0, 0.999668, 0.02578, 0.37472, -2e-06, -0.02578, 0.999667, 0.0, 0.0, 0.0, 0.0, 1.0],
                [1.0, 0.0, 2e-06, 0.0, -0.0, 0.999903, 0.014004, 0.37472, -2e-06, -0.014004, 0.999901, 0.0, 0.0, 0.0, 0.0, 1.0],
                [1.0, 0.0, 2e-06, -0.0, -0.0, 0.999961, -0.008895, 0.37472, -2e-06, 0.008895, 0.99996, -0.0, 0.0, 0.0, 0.0, 1.0],
                [1.0, 0.0, 2e-06, 0.0, -0.0, 0.999924, -0.012363, 0.37472, -2e-06, 0.012363, 0.999923, 0.0, 0.0, 0.0, 0.0, 1.0],
                [1.0, 0.0, 2e-06, 0.0, -0.0, 0.999924, -0.012363, 0.37472, -2e-06, 0.012363, 0.999923, 0.0, 0.0, 0.0, 0.0, 1.0]
            ]
        },
        {
            "name": "Knee_R",
            "time": [0.0, 0.15, 0.3333, 0.5, 0.6167, 0.8833, 1.15, 1.5167, 1.75],
            "transform": [
                [1.0, 0.0, -0.0, 0.0, -0.0, 1e-06, -1.0, 0.37472, -0.0, 1.0, 1e-06, 0.0, 0.0, 0.0, 0.0, 1.0],
                [1.0, 0.0, -0.0, -0.0, -0.0, 1e-06, -1.0, 0.37472, -0.0, 1.0, 1e-06, 0.0, 0.0, 0.0, 0.0, 1.0],
                [1.0, 0.0, -0.0, 0.0, -0.0, 1e-06, -1.0, 0.37472, -0.0, 1.0, 1e-06, 0.0, 0.0, 0.0, 0.0, 1.0],
                [1.0, 0.0, -0.0, -0.0, -0.0, 1e-06, -1.0, 0.37472, -0.0, 1.0, 1e-06, -0.0, 0.0, 0.0, 0.0, 1.0],
                [1.0, 0.0, -0.0, 0.0, -0.0, 1e-06, -1.0, 0.37472, -0.0, 1.0, 1e-06, 0.0, 0.0, 0.0, 0.0, 1.0],
                [1.0, 0.0, -0.0, 0.0, -0.0, 1e-06, -1.0, 0.37472, -0.0, 1.0, 1e-06, 0.0, 0.0, 0.0, 0.0, 1.0],
                [1.0, 0.0, -0.0, -0.0, -0.0, 1e-06, -1.0, 0.37472, -0.0, 1.0, 1e-06, -0.0, 0.0, 0.0, 0.0, 1.0],
                [1.0, 0.0, -0.0, 0.0, -0.0, 1e-06, -1.0, 0.37472, -0.0, 1.0, 1e-06, 0.0, 0.0, 0.0, 0.0, 1.0],
                [1.0, 0.0, -0.0, 0.0, -0.0, 1e-06, -1.0, 0.37472, -0.0, 1.0, 1e-06, 0.0, 0.0, 0.0, 0.0, 1.0]
            ]
        },
        {
            "name": "Thigh_L",
            "time": [0.0, 0.15, 0.3333, 0.5, 0.6167, 0.8833, 1.15, 1.5167, 1.75],
            "transform": [
                [0.862919, -0.112698, -0.492614, -0.109662, -0.086164, -0.993353, 0.07632, -0.002831, -0.497941, -0.023412, -0.866894, 0.02525, 0.0, 0.0, 0.0, 1.0],
                [0.865145, -0.16389, -0.473987, -0.121978, -0.043805, -0.96618, 0.25412, -0.002831, -0.499604, -0.199088, -0.843065, 0.004974, 0.0, 0.0, 0.0, 1.0],
                [0.866588, -0.185794, -0.463146, -0.125006, -0.027838, -0.94466, 0.326868, -0.002831, -0.498245, -0.270367, -0.823804, -1.2e-05, 0.0, 0.0, 0.0, 1.0],
                [0.86686, -0.192793, -0.459764, -0.125006, -0.025288, -0.938019, 0.345659, -0.002831, -0.497908, -0.288011, -0.818007, -1.2e-05, 0.0, 0.0, 0.0, 1.0],
                [0.866908, -0.203313, -0.455119, -0.125006, -0.024999, -0.929622, 0.367665, -0.002831, -0.49784, -0.307354, -0.81098, -1.2e-05, 0.0, 0.0, 0.0, 1.0],
                [0.866803, -0.197947, -0.457676, -0.125006, -0.025873, -0.93445, 0.355152, -0.002831, -0.497977, -0.296006, -0.815107, -1.2e-05, 0.0, 0.0, 0.0, 1.0],
                [0.866615, -0.187404, -0.462447, -0.125006, -0.027579, -0.943365, 0.330609, -0.002831, -0.498213, -0.273757, -0.822703, -1.2e-05, 0.0, 0.0, 0.0, 1.0],
                [0.866588, -0.185794, -0.463146, -0.125006, -0.027838, -0.94466, 0.326868, -0.002831, -0.498245, -0.270367, -0.823804, -1.2e-05, 0.0, 0.0, 0.0, 1.0],
                [0.866588, -0.185794, -0.463146, -0.125006, -0.027838, -0.94466, 0.326868, -0.002831, -0.498245, -0.270367, -0.823804, -1.2e-05, 0.0, 0.0, 0.0, 1.0]
            ]
        },
        {
            "name": "Leg_L",
            "time": [0.0, 0.15, 0.3333, 0.5, 0.6167, 0.8833, 1.15, 1.5167, 1.75],
            "transform": [
                [0.997933, 0.06405, 0.005302, 0.0, -0.064028, 0.997939, -0.004292, 0.37472, -0.005566, 0.003944, 0.999977, 0.0, 0.0, 0.0, 0.0, 1.0],
                [0.999919, 0.012474, 0.002469, 0.0, -0.012712, 0.975491, 0.219671, 0.37472, 0.000331, -0.219684, 0.975571, -0.0, 0.0, 0.0, 0.0, 1.0],
                [1.0, -0.0, 1e-06, 0.0, 0.0, 0.953504, 0.301381, 0.37472, -1e-06, -0.301381, 0.953504, 0.0, 0.0, 0.0, 0.0, 1.0],
                [1.0, -0.0, 1e-06, -0.0, 0.0, 0.947155, 0.320775, 0.37472, -1e-06, -0.320775, 0.947156, -0.0, 0.0, 0.0, 0.0, 1.0],
                [1.0, -0.0, 1e-06, -0.0, 0.0, 0.940184, 0.340667, 0.37472, -1e-06, -0.340666, 0.940185, -0.0, 0.0, 0.0, 0.0, 1.0],
                [1.0, -0.0, 1e-06, 0.0, 0.0, 0.944465, 0.328611, 0.37472, -1e-06, -0.328611, 0.944466, -0.0, 0.0, 0.0, 0.0, 1.0],
                [1.0, -0.0, 1e-06, 0.0, 0.0, 0.952358, 0.304982, 0.37472, -1e-06, -0.304981, 0.952359, 0.0, 0.0, 0.0, 0.0, 1.0],
                [1.0, -0.0, 1e-06, 0.0, 0.0, 0.953504, 0.301381, 0.37472, -1e-06, -0.301381, 0.953504, 0.0, 0.0, 0.0, 0.0, 1.0],
                [1.0, -0.0, 1e-06, 0.0, 0.0, 0.953504, 0.301381, 0.37472, -1e-06, -0.301381, 0.953504, 0.0, 0.0, 0.0, 0.0, 1.0]
            ]
        },
        {
            "name": "Knee_L",
            "time": [0.0, 0.15, 0.3333, 0.5, 0.6167, 0.8833, 1.15, 1.5167, 1.75],
            "transform": [
                [1.0, 0.0, -0.0, 0.0, -0.0, 1e-06, -1.0, 0.37472, -0.0, 1.0, 1e-06, 0.0, 0.0, 0.0, 0.0, 1.0],
                [1.0, 0.0, -0.0, 0.0, -0.0, 1e-06, -1.0, 0.37472, -0.0, 1.0, 1e-06, -0.0, 0.0, 0.0, 0.0, 1.0],
                [1.0, 0.0, -0.0, 0.0, -0.0, 1e-06, -1.0, 0.37472, -0.0, 1.0, 1e-06, 0.0, 0.0, 0.0, 0.0, 1.0],
                [1.0, 0.0, -0.0, -0.0, -0.0, 1e-06, -1.0, 0.37472, -0.0, 1.0, 1e-06, -0.0, 0.0, 0.0, 0.0, 1.0],
                [1.0, 0.0, -0.0, -0.0, -0.0, 1e-06, -1.0, 0.37472, -0.0, 1.0, 1e-06, -0.0, 0.0, 0.0, 0.0, 1.0],
                [1.0, 0.0, -0.0, 0.0, -0.0, 1e-06, -1.0, 0.37472, -0.0, 1.0, 1e-06, -0.0, 0.0, 0.0, 0.0, 1.0],
                [1.0, 0.0, -0.0, 0.0, -0.0, 1e-06, -1.0, 0.37472, -0.0, 1.0, 1e-06, 0.0, 0.0, 0.0, 0.0, 1.0],
                [1.0, 0.0, -0.0, 0.0, -0.0, 1e-06, -1.0, 0.37472, -0.0, 1.0, 1e-06, 0.0, 0.0, 0.0, 0.0, 1.0],
                [1.0, 0.0, -0.0, 0.0, -0.0, 1e-06, -1.0, 0.37472, -0.0, 1.0, 1e-06, 0.0, 0.0, 0.0, 0.0, 1.0]
            ]
        },
        {
            "name": "Torso",
            "time": [0.0, 0.15, 0.3333, 0.5, 0.6167, 0.8833, 1.15, 1.5167, 1.75],
            "transform": [
                [0.965662, -0.025127, 0.258583, -0.0, 0.020968, 0.999603, 0.018828, 0.05, -0.258953, -0.012759, 0.965806, 0.0, 0.0, 0.0, 0.0, 1.0],
                [0.994588, 0.005563, -0.103748, 0.0, -0.008161, 0.999663, -0.024631, 0.05, 0.103576, 0.025344, 0.994299, -0.0, 0.0, 0.0, 0.0, 1.0],
                [0.981277, 0.0108, -0.192301, 0.0, -0.017548, 0.999287, -0.033421, 0.05, 0.191803, 0.036169, 0.980767, 0.0, 0.0, 0.0, 0.0, 1.0],
                [0.981277, 0.0108, -0.192301, 0.0, -0.017548, 0.999287, -0.033421, 0.05, 0.191803, 0.036169, 0.980767, 0.0, 0.0, 0.0, 0.0, 1.0],
                [0.981277, 0.0108, -0.192301, 0.0, -0.017548, 0.999287, -0.033421, 0.05, 0.191803, 0.036169, 0.980767, 0.0, 0.0, 0.0, 0.0, 1.0],
                [0.981277, 0.0108, -0.192301, 0.0, -0.017548, 0.999287, -0.033421, 0.05, 0.191803, 0.036169, 0.980767, 0.0, 0.0, 0.0, 0.0, 1.0],
                [0.981277, 0.0108, -0.192301, 0.0, -0.017548, 0.999287, -0.033421, 0.05, 0.191803, 0.036169, 0.980767, 0.0, 0.0, 0.0, 0.0, 1.0],
                [0.981277, 0.0108, -0.192301, 0.0, -0.017548, 0.999287, -0.033421, 0.05, 0.191803, 0.036169, 0.980767, 0.0, 0.0, 0.0, 0.0, 1.0],
                [0.981277, 0.0108, -0.192301, 0.0, -0.017548, 0.999287, -0.033421, 0.05, 0.191803, 0.036169, 0.980767, 0.0, 0.0, 0.0, 0.0, 1.0]
            ]
        },
        {
            "name": "Chest",
            "time": [0.0, 0.15, 0.3333, 0.5, 0.6167, 0.8833, 1.15, 1.5167, 1.75],
            "transform": [
                [0.997431, -0.023894, 0.067533, -0.0, 0.022738, 0.999582, 0.017843, 0.3, -0.067931, -0.016261, 0.997558, -0.0, 0.0, 0.0, 0.0, 1.0],
                [0.979151, -0.017449, -0.202383, -0.0, 0.043259, 0.991361, 0.123822, 0.3, 0.198474, -0.129996, 0.971447, 0.0, 0.0, 0.0, 0.0, 1.0],
                [0.963687, -0.044096, -0.26337, -0.0, 0.052557, 0.998301, 0.025166, 0.3, 0.261813, -0.038094, 0.964367, -0.0, 0.0, 0.0, 0.0, 1.0],
                [0.963354, 0.00707, -0.26814, -0.0, 0.052688, 0.975191, 0.215005, 0.3, 0.263008, -0.221254, 0.939081, -0.0, 0.0, 0.0, 0.0, 1.0],
                [0.963687, 0.035308, -0.264691, 0.0, 0.052557, 0.946753, 0.317642, 0.3, 0.261813, -0.320019, 0.910518, -0.0, 0.0, 0.0, 0.0, 1.0],
                [0.948142, -0.172754, -0.266802, -0.0, 0.217548, 0.964691, 0.14847, 0.3, 0.231732, -0.198813, 0.952247, -0.0, 0.0, 0.0, 0.0, 1.0],
                [0.963687, -0.011176, -0.266802, 0.0, 0.052557, 0.987519, 0.14847, 0.3, 0.261813, -0.157101, 0.952247, -0.0, 0.0, 0.0, 0.0, 1.0],
                [0.961414, -0.06462, -0.267409, -0.0, 0.125415, 0.96809, 0.216963, 0.3, 0.244856, -0.242128, 0.93884, -0.0, 0.0, 0.0, 0.0, 1.0],
                [0.963687, -0.011176, -0.266802, -0.0, 0.052557, 0.987519, 0.14847, 0.3, 0.261813, -0.157101, 0.952247, -0.0, 0.0, 0.0, 0.0, 1.0]
            ]
        },
        {
            "name": "Head",
            "time": [0.0, 0.15, 0.3333, 0.5, 0.6167, 0.8833, 1.15, 1.5167, 1.75],
            "transform": [
                [0.989016, 0.03176, 0.144357, 0.0, -0.026637, 0.99895, -0.037285, 0.4, -0.145389, 0.033031, 0.988823, -0.0, 0.0, 0.0, 0.0, 1.0],
                [0.777862, -0.04272, 0.626981, 0.0, 0.064494, 0.997846, -0.012026, 0.4, -0.625117, 0.049791, 0.778942, -0.0, 0.0, 0.0, 0.0, 1.0],
                [0.689378, -0.058669, 0.722022, 0.0, 0.083627, 0.996496, 0.001126, 0.4, -0.719558, 0.059604, 0.691869, -0.0, 0.0, 0.0, 0.0, 1.0],
                [0.689378, -0.058669, 0.722022, 0.0, 0.083627, 0.996497, 0.001126, 0.4, -0.719559, 0.059604, 0.691869, 0.0, 0.0, 0.0, 0.0, 1.0],
                [0.689378, -0.058669, 0.722022, -0.0, 0.083627, 0.996497, 0.001126, 0.4, -0.719559, 0.059604, 0.691869, -0.0, 0.0, 0.0, 0.0, 1.0],
                [0.689378, -0.058669, 0.722022, 0.0, 0.083627, 0.996497, 0.001126, 0.4, -0.719558, 0.059604, 0.691869, 0.0, 0.0, 0.0, 0.0, 1.0],
                [0.689378, -0.058669, 0.722022, 0.0, 0.083627, 0.996497, 0.001126, 0.4, -0.719558, 0.059604, 0.691869, 0.0, 0.0, 0.0, 0.0, 1.0],
                [0.695076, -0.00388, 0.718925, -0.0, 0.082319, 0.993838, -0.074224, 0.4, -0.714208, 0.110772, 0.691113, 0.0, 0.0, 0.0, 0.0, 1.0],
                [0.689378, -0.058669, 0.722022, -0.0, 0.083627, 0.996497, 0.001126, 0.4, -0.719558, 0.059604, 0.691869, -0.0, 0.0, 0.0, 0.0, 1.0]
            ]
        },
        {
            "name": "Shoulder_R",
            "time": [0.0, 0.15, 0.3333, 0.5, 0.6167, 0.8833, 1.15, 1.5167, 1.75],
            "transform": [
                [-0.059544, 0.923942, 0.37787, 0.0, -0.044266, -0.380613, 0.923674, 0.4, 0.997244, 0.038273, 0.063562, -0.0, 0.0, 0.0, 0.0, 1.0],
                [-0.141723, 0.906406, 0.397924, 0.0, 0.013363, -0.400193, 0.916334, 0.4, 0.989816, 0.135183, 0.044604, -0.0, 0.0, 0.0, 0.0, 1.0],
                [-0.161656, 0.900759, 0.403113, 0.0, 0.027793, -0.404168, 0.914262, 0.4, 0.986455, 0.159, 0.040302, -0.0, 0.0, 0.0, 0.0, 1.0],
                [-0.15679, 0.901601, 0.403153, 0.0, 0.025595, -0.404355, 0.914244, 0.4, 0.9873, 0.153663, 0.040323, 0.0, 0.0, 0.0, 0.0, 1.0],
                [-0.134848, 0.905129, 0.403183, -0.0, 0.015756, -0.404889, 0.91423, 0.4, 0.990741, 0.129634, 0.040337, -0.0, 0.0, 0.0, 0.0, 1.0],
                [0.043928, 0.914068, 0.403175, 0.0, -0.063349, -0.400204, 0.914234, 0.4, 0.997024, -0.065701, 0.040325, 0.0, 0.0, 0.0, 0.0, 1.0],
                [0.320722, 0.857105, 0.403123, 0.0, -0.182389, -0.361755, 0.914258, 0.4, 0.929447, -0.366747, 0.040304, 0.0, 0.0, 0.0, 0.0, 1.0],
                [0.356552, 0.842834, 0.403113, -0.0, -0.197463, -0.353741, 0.914262, 0.4, 0.913169, -0.405582, 0.040302, 0.0, 0.0, 0.0, 0.0, 1.0],
                [0.356552, 0.842834, 0.403113, -0.0, -0.197463, -0.353741, 0.914262, 0.4, 0.913169, -0.405582, 0.040302, -0.0, 0.0, 0.0, 0.0, 1.0]
            ]
        },
        {
            "name": "Arm_R",
            "time": [0.0, 0.15, 0.3333, 0.5, 0.6167, 0.8833, 1.15, 1.5167, 1.75],
            "transform": [
                [0.047157, 0.061432, -0.996997, 0.0, 0.871616, 0.485004, 0.071111, 0.39386, 0.487916, -0.872351, -0.030674, -0.0, 0.0, 0.0, 0.0, 1.0],
                [0.777072, 0.561123, 0.285131, 0.0, 0.527643, -0.333774, -0.781145, 0.393861, -0.343149, 0.757453, -0.55544, -0.0, 0.0, 0.0, 0.0, 1.0],
                [0.569526, 0.817051, 0.089824, -0.0, 0.707921, -0.43203, -0.558747, 0.393861, -0.417718, 0.381809, -0.82446, 0.0, 0.0, 0.0, 0.0, 1.0],
                [0.593359, 0.799641, 0.09219, 0.0, 0.694926, -0.451096, -0.559991, 0.393861, -0.406206, 0.396341, -0.823354, 0.0, 0.0, 0.0, 0.0, 1.0],
                [0.615907, 0.780556, -0.10673, 0.0, 0.68283, -0.596477, -0.421851, 0.393861, -0.39294, 0.186943, -0.900361, 0.0, 0.0, 0.0, 0.0, 1.0],
                [-0.359335, -0.783637, 0.506745, 0.0, 0.933129, -0.308833, 0.184102, 0.393861, 0.012231, 0.539013, 0.842209, 0.0, 0.0, 0.0, 0.0, 1.0],
                [-0.912051, -0.320449, -0.255881, -0.0, 0.014743, 0.597958, -0.801392, 0.393861, 0.409812, -0.734683, -0.540644, 0.0, 0.0, 0.0, 0.0, 1.0],
                [-0.964636, -0.257462, -0.056491, -0.0, -0.143832, 0.693743, -0.705715, 0.393861, 0.220885, -0.672633, -0.70624, 0.0, 0.0, 0.0, 0.0, 1.0],
                [-0.946732, -0.313749, -0.072529, 0.0, -0.186526, 0.717884, -0.670708, 0.39386, 0.262501, -0.621453, -0.738166, -0.0, 0.0, 0.0, 0.0, 1.0]
            ]
        },
        {
            "name": "Hand_R",
            "time": [0.0, 0.15, 0.3333, 0.5, 0.6167, 0.8833, 1.15, 1.5167, 1.75],
            "transform": [
                [0.999599, -0.02151, -0.018414, -0.0, 0.023395, 0.993747, 0.109175, 0.3, 0.015951, -0.109562, 0.993852, 0.0, 0.0, 0.0, 0.0, 1.0],
                [0.999999, -0.001189, -2.4e-05, -0.0, 0.000565, 0.492765, -0.870162, 0.3, 0.001046, 0.870162, 0.492765, -0.0, 0.0, 0.0, 0.0, 1.0],
                [0.999985, 0.005551, 9.3e-05, -0.0, -0.00125, 0.241463, -0.97041, 0.3, -0.005409, 0.970394, 0.241466, -0.0, 0.0, 0.0, 0.0, 1.0],
                [0.999985, 0.005551, 9.3e-05, -0.0, -0.00125, 0.241463, -0.97041, 0.3, -0.005409, 0.970394, 0.241466, -0.0, 0.0, 0.0, 0.0, 1.0],
                [0.999985, 0.005551, 9.3e-05, -0.0, -0.00125, 0.241463, -0.97041, 0.3, -0.005409, 0.970394, 0.241466, 0.0, 0.0, 0.0, 0.0, 1.0],
                [0.999985, 0.003357, 0.004422, -0.0, -0.00125, 0.912191, -0.409764, 0.3, -0.005409, 0.409752, 0.912181, -0.0, 0.0, 0.0, 0.0, 1.0],
                [0.999985, 0.005437, 0.001121, 0.0, -0.00125, 0.417354, -0.908743, 0.3, -0.005409, 0.908728, 0.417354, -0.0, 0.0, 0.0, 0.0, 1.0],
                [0.999985, 0.005459, 0.001011, 0.0, -0.00125, 0.398923, -0.916984, 0.3, -0.005409, 0.916968, 0.398924, -0.0, 0.0, 0.0, 0.0, 1.0],
                [0.999985, 0.00555, 9.3e-05, 0.0, -0.00125, 0.241463, -0.97041, 0.3, -0.005409, 0.970394, 0.241466, -0.0, 0.0, 0.0, 0.0, 1.0]
            ]
        },
        {
            "name": "Tool_R",
            "time": [0.0, 0.15, 0.3333, 0.5, 0.6167, 0.8833, 1.15, 1.5167, 1.75],
            "transform": [
                [0.046582, 0.000355, -0.003328, -0.00809, 0.00052, -0.046643, 0.002299, 0.281539, -0.003304, -0.002329, -0.046499, 0.098466, 0.0, 0.0, 0.0, 1.0],
                [0.031191, -0.032296, -0.012854, -0.001597, -0.014765, -0.027944, 0.034383, 0.274571, -0.031449, -0.018889, -0.028856, 0.019434, 0.0, 0.0, 0.0, 1.0],
                [0.03674, -0.025497, -0.013461, 0.0, -0.013916, -0.034777, 0.027893, 0.272858, -0.025237, -0.017922, -0.034935, 0.0, 0.0, 0.0, 0.0, 1.0],
                [0.786681, -0.54595, -0.288221, 0.0, -0.297969, -0.744656, 0.597245, 0.272858, -0.540375, -0.38374, -0.748034, 0.0, 0.0, 0.0, 0.0, 1.0],
                [0.786681, -0.54595, -0.288221, -0.0, -0.297969, -0.744656, 0.597245, 0.272858, -0.540375, -0.38374, -0.748034, 0.0, 0.0, 0.0, 0.0, 1.0],
                [0.730361, 0.421965, -0.537139, -0.0, 0.64244, -0.157215, 0.750036, 0.272858, 0.231912, -0.89235, -0.385674, 0.0, 0.0, 0.0, 0.0, 1.0],
                [0.885359, -0.351879, -0.303843, 0.0, -0.064712, -0.740467, 0.66897, 0.272858, -0.460111, -0.572285, -0.677942, -0.0, 0.0, 0.0, 0.0, 1.0],
                [0.786681, -0.54595, -0.288221, 0.0, -0.297969, -0.744656, 0.597245, 0.272858, -0.540375, -0.38374, -0.748034, -0.0, 0.0, 0.0, 0.0, 1.0],
                [0.786681, -0.54595, -0.288221, -0.0, -0.297969, -0.744656, 0.597245, 0.272858, -0.540375, -0.383741, -0.748034, -0.0, 0.0, 0.0, 0.0, 1.0]
            ]
        },
        {
            "name": "Elbow_R",
            "time": [0.0, 0.15, 0.3333, 0.5, 0.6167, 0.8833, 1.15, 1.5167, 1.75],
            "transform": [
                [-1.0, 0.0, -0.0, -0.0, 0.0, -0.0, -1.0, 0.3, -0.0, -1.0, 0.0, 0.0, 0.0, 0.0, 0.0, 1.0],
                [-1.0, 0.0, -0.0, -0.0, 0.0, -0.0, -1.0, 0.3, -0.0, -1.0, 0.0, -0.0, 0.0, 0.0, 0.0, 1.0],
                [-1.0, 0.0, 0.0, -0.0, 0.0, -0.0, -1.0, 0.3, -0.0, -1.0, 0.0, -0.0, 0.0, 0.0, 0.0, 1.0],
                [-1.0, 0.0, -0.0, -0.0, 0.0, -0.0, -1.0, 0.3, -0.0, -1.0, 0.0, -0.0, 0.0, 0.0, 0.0, 1.0],
                [-1.0, 0.0, 0.0, -0.0, 0.0, 0.0, -1.0, 0.3, -0.0, -1.0, 0.0, 0.0, 0.0, 0.0, 0.0, 1.0],
                [-1.0, 0.0, 0.0, -0.0, 0.0, -0.0, -1.0, 0.3, -0.0, -1.0, 0.0, -0.0, 0.0, 0.0, 0.0, 1.0],
                [-1.0, 0.0, -0.0, 0.0, 0.0, -0.0, -1.0, 0.3, -0.0, -1.0, 0.0, -0.0, 0.0, 0.0, 0.0, 1.0],
                [-1.0, 0.0, -0.0, 0.0, -0.0, -0.0, -1.0, 0.3, -0.0, -1.0, 0.0, -0.0, 0.0, 0.0, 0.0, 1.0],
                [-1.0, 0.0, 0.0, 0.0, 0.0, -0.0, -1.0, 0.3, -0.0, -1.0, 0.0, -0.0, 0.0, 0.0, 0.0, 1.0]
            ]
        },
        {
            "name": "Shoulder_L",
            "time": [0.0, 0.15, 0.3333, 0.5, 0.6167, 0.8833, 1.15, 1.5167, 1.75],
            "transform": [
                [-0.007939, -0.952498, -0.304441, 0.0, -0.088921, -0.302572, 0.94897, 0.4, -0.996007, 0.034605, -0.082295, -0.0, 0.0, 0.0, 0.0, 1.0],
                [0.076267, -0.950448, -0.301385, 0.0, -0.018528, -0.303564, 0.952631, 0.4, -0.996915, -0.06707, -0.040761, -0.0, 0.0, 0.0, 0.0, 1.0],
                [0.096912, -0.948632, -0.301172, 0.0, -0.001219, -0.302709, 0.953082, 0.4, -0.995292, -0.091998, -0.030493, -0.0, 0.0, 0.0, 0.0, 1.0],
                [0.096912, -0.948632, -0.301172, 0.0, -0.001219, -0.302709, 0.953082, 0.4, -0.995292, -0.091998, -0.030493, 0.0, 0.0, 0.0, 0.0, 1.0],
                [0.096912, -0.948632, -0.301172, -0.0, -0.001219, -0.302709, 0.953082, 0.4, -0.995292, -0.091998, -0.030493, -0.0, 0.0, 0.0, 0.0, 1.0],
                [0.096912, -0.948632, -0.301172, 0.0, -0.001219, -0.302709, 0.953082, 0.4, -0.995292, -0.091998, -0.030493, 0.0, 0.0, 0.0, 0.0, 1.0],
                [0.096912, -0.948632, -0.301172, 0.0, -0.001219, -0.302709, 0.953082, 0.4, -0.995292, -0.091998, -0.030493, 0.0, 0.0, 0.0, 0.0, 1.0],
                [0.098408, -0.919952, -0.379479, -0.0, 0.047428, -0.37656, 0.925177, 0.4, -0.994015, -0.109043, 0.006575, 0.0, 0.0, 0.0, 0.0, 1.0],
                [0.096912, -0.948632, -0.301172, -0.0, -0.001219, -0.302709, 0.953082, 0.4, -0.995292, -0.091998, -0.030493, -0.0, 0.0, 0.0, 0.0, 1.0]
            ]
        },
        {
            "name": "Arm_L",
            "time": [0.0, 0.15, 0.3333, 0.5, 0.6167, 0.8833, 1.15, 1.5167, 1.75],
            "transform": [
                [0.2326, 0.015173, 0.972454, 0.0, -0.875693, 0.438302, 0.202617, 0.39386, -0.423154, -0.8987, 0.115236, -0.0, 0.0, 0.0, 0.0, 1.0],
                [-0.391588, -0.235706, 0.889439, -0.0, -0.819916, 0.528094, -0.221032, 0.39386, -0.417609, -0.815818, -0.400054, -0.0, 0.0, 0.0, 0.0, 1.0],
                [-0.527008, -0.279381, 0.802626, -0.0, -0.766537, 0.564088, -0.306962, 0.39386, -0.366993, -0.777014, -0.511435, -0.0, 0.0, 0.0, 0.0, 1.0],
                [-0.524666, -0.270045, 0.807342, -0.0, -0.766812, 0.561825, -0.310404, 0.39386, -0.369762, -0.781938, -0.501845, -0.0, 0.0, 0.0, 0.0, 1.0],
                [-0.509384, -0.211106, 0.834243, 0.0, -0.768908, 0.54696, -0.331082, 0.39386, -0.386405, -0.810104, -0.440934, -0.0, 0.0, 0.0, 0.0, 1.0],
                [-0.441634, -0.023764, 0.89688, 0.0, -0.784289, 0.495699, -0.373059, 0.39386, -0.435717, -0.868169, -0.237556, -0.0, 0.0, 0.0, 0.0, 1.0],
                [-0.331772, 0.238617, 0.912683, 0.0, -0.813631, 0.417251, -0.404854, 0.39386, -0.477423, -0.876906, 0.055713, -0.0, 0.0, 0.0, 0.0, 1.0],
                [-0.325463, 0.223631, 0.918729, -0.0, -0.783547, 0.48008, -0.394433, 0.39386, -0.529271, -0.848241, 0.018977, -0.0, 0.0, 0.0, 0.0, 1.0],
                [-0.31706, 0.27082, 0.908917, 0.0, -0.817821, 0.407223, -0.406618, 0.39386, -0.480252, -0.872253, 0.092368, -0.0, 0.0, 0.0, 0.0, 1.0]
            ]
        },
        {
            "name": "Hand_L",
            "time": [0.0, 0.15, 0.3333, 0.5, 0.6167, 0.8833, 1.15, 1.5167, 1.75],
            "transform": [
                [0.99991, 0.012501, 0.004949, -0.0, -0.012582, 0.999782, 0.01669, 0.3, -0.004739, -0.016751, 0.999849, -0.0, 0.0, 0.0, 0.0, 1.0],
                [0.999608, -0.017936, 0.021522, -0.0, 0.027535, 0.770683, -0.636624, 0.3, -0.005168, 0.636967, 0.770874, -0.0, 0.0, 0.0, 0.0, 1.0],
                [0.99932, -0.023322, 0.028571, -0.0, 0.036869, 0.651222, -0.757992, 0.3, -0.000928, 0.758529, 0.651638, -0.0, 0.0, 0.0, 0.0, 1.0],
                [0.999309, -0.023737, 0.028619, 0.0, 0.037173, 0.654575, -0.755083, 0.3, -0.00081, 0.755625, 0.655005, 0.0, 0.0, 0.0, 0.0, 1.0],
                [0.999304, -0.024622, 0.028018, 0.0, 0.037291, 0.675017, -0.736859, 0.3, -0.00077, 0.737391, 0.675466, -0.0, 0.0, 0.0, 0.0, 1.0],
                [0.999309, -0.024222, 0.028193, -0.0, 0.037161, 0.667744, -0.743463, 0.3, -0.000817, 0.743997, 0.668183, 0.0, 0.0, 0.0, 0.0, 1.0],
                [0.999318, -0.023441, 0.028523, 0.0, 0.036908, 0.653414, -0.756101, 0.3, -0.000913, 0.756638, 0.653833, -0.0, 0.0, 0.0, 0.0, 1.0],
                [0.99932, -0.031629, 0.01897, -0.0, 0.03687, 0.869675, -0.492246, 0.3, -0.000928, 0.492611, 0.87025, -0.0, 0.0, 0.0, 0.0, 1.0],
                [0.99932, -0.023322, 0.028571, 0.0, 0.036869, 0.651221, -0.757992, 0.3, -0.000928, 0.758529, 0.651638, -0.0, 0.0, 0.0, 0.0, 1.0]
            ]
        },
        {
            "name": "Tool_L",
            "time": [0.0, 0.15, 0.3333, 0.5, 0.6167, 0.8833, 1.15, 1.5167, 1.75],
            "transform": [
                [0.99711, 0.043861, -0.062033, -0.012677, 0.036135, -0.992043, -0.1206, 0.208813, -0.066789, 0.11793, -0.99018, 0.160811, 0.0, 0.0, 0.0, 1.0],
                [-0.017942, -0.003383, 0.999833, 0.309212, 0.980958, -0.193477, 0.016949, -0.065672, 0.193284, 0.98052, 0.006786, 0.323435, 0.0, 0.0, 0.0, 1.0],
                [-0.286383, -0.251951, 0.924394, 0.390248, 0.95762, -0.044248, 0.284616, -0.151788, -0.030778, 0.966158, 0.253799, 0.363088, 0.0, 0.0, 0.0, 1.0],
                [-0.293446, -0.255863, 0.921099, 0.391944, 0.955701, -0.055415, 0.289076, -0.168549, -0.022898, 0.964555, 0.260639, 0.362096, 0.0, 0.0, 0.0, 1.0],
                [-0.299837, -0.252989, 0.919834, 0.39333, 0.953973, -0.073758, 0.290679, -0.182193, -0.00568, 0.964085, 0.263308, 0.357608, 0.0, 0.0, 0.0, 1.0],
                [-0.295705, -0.252715, 0.921246, 0.39238, 0.955186, -0.064698, 0.288851, -0.172814, -0.013377, 0.964807, 0.260371, 0.359298, 0.0, 0.0, 0.0, 1.0],
                [-0.287615, -0.252064, 0.923981, 0.390529, 0.957322, -0.046951, 0.285185, -0.154557, -0.028476, 0.966002, 0.254663, 0.362589, 0.0, 0.0, 0.0, 1.0],
                [-0.286383, -0.251951, 0.924394, 0.390248, 0.95762, -0.044248, 0.284616, -0.151788, -0.030778, 0.966159, 0.253799, 0.363088, 0.0, 0.0, 0.0, 1.0],
                [-0.286383, -0.251951, 0.924394, 0.390248, 0.95762, -0.044248, 0.284616, -0.151788, -0.030778, 0.966159, 0.253799, 0.363088, 0.0, 0.0, 0.0, 1.0]
            ]
        },
        {
            "name": "Elbow_L",
            "time": [0.0, 0.15, 0.3333, 0.5, 0.6167, 0.8833, 1.15, 1.5167, 1.75],
            "transform": [
                [-0.998967, -0.043093, -0.01444, -4.9e-05, 0.028309, -0.34145, -0.939473, 0.367197, 0.035554, -0.938912, 0.342317, -0.015902, 0.0, 0.0, 0.0, 1.0],
                [-0.999959, -0.008045, -0.004021, -1e-05, 0.004564, -0.068647, -0.997631, 0.313263, 0.00775, -0.997609, 0.068681, -0.003139, 0.0, 0.0, 0.0, 1.0],
                [-1.0, 0.0, -0.0, -0.0, 0.0, -0.0, -1.0, 0.3, -0.0, -1.0, -0.0, -0.0, 0.0, 0.0, 0.0, 1.0],
                [-1.0, 0.0, -0.0, 0.0, 0.0, -0.0, -1.0, 0.3, -0.0, -1.0, 0.0, 0.0, 0.0, 0.0, 0.0, 1.0],
                [-1.0, 0.0, -0.0, 0.0, 0.0, -0.0, -1.0, 0.3, -0.0, -1.0, 0.0, -0.0, 0.0, 0.0, 0.0, 1.0],
                [-1.0, 0.0, -0.0, -0.0, 0.0, -0.0, -1.0, 0.3, -0.0, -1.0, -0.0, 0.0, 0.0, 0.0, 0.0, 1.0],
                [-1.0, 0.0, -0.0, 0.0, 0.0, -0.0, -1.0, 0.3, -0.0, -1.0, -0.0, -0.0, 0.0, 0.0, 0.0, 1.0],
                [-1.0, 0.0, -0.0, -0.0, 0.0, -0.0, -1.0, 0.3, -0.0, -1.0, -0.0, -0.0, 0.0, 0.0, 0.0, 1.0],
                [-1.0, 0.0, -0.0, 0.0, 0.0, -0.0, -1.0, 0.3, -0.0, -1.0, -0.0, -0.0, 0.0, 0.0, 0.0, 1.0]
            ]
        }
    ]
}