{
    "animation": [
        {
            "name": "Root",
            "time": [0.0, 0.4, 1.1, 1.7167, 2.0],
            "transform": [
                [0.834853, 0.0, -0.550472, -0.00065, -0.550472, 0.0, -0.834853, -0.027522, 0.0, 1.0, 0.0, 0.770544, 0.0, 0.0, 0.0, 1.0],
                [0.834853, 0.0, -0.550472, -0.00065, -0.550472, 0.0, -0.834853, -0.027522, 0.0, 1.0, 0.0, 0.684188, 0.0, 0.0, 0.0, 1.0],
                [0.834853, 0.0, -0.550472, -0.00065, -0.550472, 0.0, -0.834853, -0.027522, 0.0, 1.0, 0.0, 0.6656, 0.0, 0.0, 0.0, 1.0],
                [0.84922, -0.009935, -0.527945, -0.00065, -0.526441, 0.061798, -0.847963, -0.027522, 0.041051, 0.998039, 0.04725, 0.770544, 0.0, 0.0, 0.0, 1.0],
                [0.834853, 0.0, -0.550472, -0.00065, -0.550472, 0.0, -0.834853, -0.027522, 0.0, 1.0, 0.0, 0.770544, 0.0, 0.0, 0.0, 1.0]
            ]
        },
        {
            "name": "Thigh_R",
            "time": [0.0, 0.4, 1.1, 1.7167, 2.0],
            "transform": [
                [0.963909, 0.186031, 0.19045, 0.124994, 0.192353, -0.981208, -0.015096, -0.002831, 0.184063, 0.051185, -0.981581, -1.2e-05, 0.0, 0.0, 0.0, 1.0],
                [0.94373, 0.28895, 0.160877, 0.124994, 0.309375, -0.94325, -0.120674, -0.002831, 0.116878, 0.163655, -0.97957, -1.2e-05, 0.0, 0.0, 0.0, 1.0],
                [0.931616, 0.332341, 0.147105, 0.124994, 0.354954, -0.918964, -0.171782, -0.002831, 0.078095, 0.21225, -0.97409, -1.2e-05, 0.0, 0.0, 0.0, 1.0],
                [0.963909, 0.186031, 0.19045, 0.124994, 0.192353, -0.981207, -0.015096, -0.002831, 0.184063, 0.051185, -0.981581, -1.2e-05, 0.0, 0.0, 0.0, 1.0],
                [0.963909, 0.186031, 0.19045, 0.124994, 0.192353, -0.981208, -0.015096, -0.002831, 0.184063, 0.051185, -0.981581, -1.2e-05, 0.0, 0.0, 0.0, 1.0]
            ]
        },
        {
            "name": "Leg_R",
            "time": [0.0, 0.4, 1.1, 1.7167, 2.0],
            "transform": [
                [1.0, 0.0, 2e-06, 0.0, -0.0, 0.999924, -0.012363, 0.37472, -2e-06, 0.012363, 0.999923, 0.0, 0.0, 0.0, 0.0, 1.0],
                [1.0, -0.0, 2e-06, 0.0, -0.0, 0.948972, 0.315361, 0.37472, -2e-06, -0.315361, 0.948971, 0.0, 0.0, 0.0, 0.0, 1.0],
                [1.0, -0.0, 2e-06, -0.0, -0.0, 0.922508, 0.38598, 0.37472, -2e-06, -0.38598, 0.922506, -0.0, 0.0, 0.0, 0.0, 1.0],
                [1.0, 0.0, 2e-06, -0.0, -0.0, 0.999924, -0.012363, 0.37472, -2e-06, 0.012363, 0.999923, 0.0, 0.0, 0.0, 0.0, 1.0],
                [1.0, 0.0, 2e-06, 0.0, -0.0, 0.999924, -0.012363, 0.37472, -2e-06, 0.012363, 0.999923, 0.0, 0.0, 0.0, 0.0, 1.0]
            ]
        },
        {
            "name": "Knee_R",
            "time": [0.0, 0.4, 1.1, 1.7167, 2.0],
            "transform": [
                [1.0, 0.0, -0.0, 0.0, -0.0, 1e-06, -1.0, 0.37472, -0.0, 1.0, 1e-06, 0.0, 0.0, 0.0, 0.0, 1.0],
                [1.0, 0.0, -0.0, 0.0, -0.0, 1e-06, -1.0, 0.37472, -0.0, 1.0, 1e-06, 0.0, 0.0, 0.0, 0.0, 1.0],
                [1.0, 0.0, -0.0, -0.0, -0.0, 1e-06, -1.0, 0.37472, -0.0, 1.0, 1e-06, -0.0, 0.0, 0.0, 0.0, 1.0],
                [1.0, 0.0, -0.0, -0.0, -0.0, 1e-06, -1.0, 0.37472, -0.0, 1.0, 1e-06, 0.0, 0.0, 0.0, 0.0, 1.0],
                [1.0, 0.0, -0.0, 0.0, -0.0, 1e-06, -1.0, 0.37472, -0.0, 1.0, 1e-06, 0.0, 0.0, 0.0, 0.0, 1.0]
            ]
        },
        {
            "name": "Thigh_L",
            "time": [0.0, 0.4, 1.1, 1.7167, 2.0],
            "transform": [
                [0.866588, -0.185794, -0.463146, -0.125006, -0.027838, -0.94466, 0.326868, -0.002831, -0.498245, -0.270367, -0.823804, -1.2e-05, 0.0, 0.0, 0.0, 1.0],
                [0.866588, -0.350134, -0.35557, -0.125006, -0.027838, -0.745343, 0.666099, -0.002831, -0.498245, -0.567335, -0.655653, -1.2e-05, 0.0, 0.0, 0.0, 1.0],
                [0.866588, -0.381294, -0.321929, -0.125006, -0.027838, -0.681053, 0.731704, -0.002831, -0.498245, -0.625125, -0.600808, -1.2e-05, 0.0, 0.0, 0.0, 1.0],
                [0.866588, -0.235009, -0.44022, -0.125006, -0.027838, -0.903559, 0.427558, -0.002831, -0.498245, -0.358262, -0.789556, -1.2e-05, 0.0, 0.0, 0.0, 1.0],
                [0.866588, -0.185794, -0.463146, -0.125006, -0.027838, -0.94466, 0.326868, -0.002831, -0.498245, -0.270367, -0.823804, -1.2e-05, 0.0, 0.0, 0.0, 1.0]
            ]
        },
        {
            "name": "Leg_L",
            "time": [0.0, 0.4, 1.1, 1.7167, 2.0],
            "transform": [
                [1.0, -0.0, 1e-06, 0.0, 0.0, 0.953504, 0.301381, 0.37472, -1e-06, -0.301381, 0.953504, 0.0, 0.0, 0.0, 0.0, 1.0],
                [1.0, -1e-06, 0.0, 0.0, 0.0, 0.661003, 0.750384, 0.37472, -1e-06, -0.750383, 0.661003, 0.0, 0.0, 0.0, 0.0, 1.0],
                [1.0, -1e-06, 0.0, 0.0, 0.0, 0.638525, 0.769601, 0.37472, -1e-06, -0.7696, 0.638526, -0.0, 0.0, 0.0, 0.0, 1.0],
                [1.0, -1e-06, 1e-06, 0.0, 0.0, 0.90266, 0.430354, 0.37472, -1e-06, -0.430354, 0.902661, 0.0, 0.0, 0.0, 0.0, 1.0],
                [1.0, -0.0, 1e-06, 0.0, 0.0, 0.953504, 0.301381, 0.37472, -1e-06, -0.301381, 0.953504, 0.0, 0.0, 0.0, 0.0, 1.0]
            ]
        },
        {
            "name": "Knee_L",
            "time": [0.0, 0.4, 1.1, 1.7167, 2.0],
            "transform": [
                [1.0, 0.0, -0.0, 0.0, -0.0, 1e-06, -1.0, 0.37472, -0.0, 1.0, 1e-06, 0.0, 0.0, 0.0, 0.0, 1.0],
                [1.0, 0.0, -0.0, 0.0, -0.0, 1e-06, -1.0, 0.37472, -0.0, 1.0, 1e-06, 0.0, 0.0, 0.0, 0.0, 1.0],
                [1.0, 0.0, -0.0, 0.0, -0.0, 1e-06, -1.0, 0.37472, -0.0, 1.0, 1e-06, -0.0, 0.0, 0.0, 0.0, 1.0],
                [1.0, 0.0, -0.0, 0.0, -0.0, 1e-06, -1.0, 0.37472, -0.0, 1.0, 1e-06, 0.0, 0.0, 0.0, 0.0, 1.0],
                [1.0, 0.0, -0.0, 0.0, -0.0, 1e-06, -1.0, 0.37472, -0.0, 1.0, 1e-06, 0.0, 0.0, 0.0, 0.0, 1.0]
            ]
        },
        {
            "name": "Torso",
            "time": [0.0, 0.4, 1.1, 1.7167, 2.0],
            "transform": [
                [0.981277, 0.0108, -0.192301, 0.0, -0.017548, 0.999287, -0.033421, 0.05, 0.191803, 0.036169, 0.980767, 0.0, 0.0, 0.0, 0.0, 1.0],
                [0.981277, 0.0108, -0.192301, 0.0, -0.017548, 0.999287, -0.033421, 0.05, 0.191803, 0.036169, 0.980767, 0.0, 0.0, 0.0, 0.0, 1.0],
                [0.981277, 0.0108, -0.192301, 0.0, -0.017548, 0.999287, -0.033421, 0.05, 0.191803, 0.036169, 0.980767, 0.0, 0.0, 0.0, 0.0, 1.0],
                [0.981277, 0.0108, -0.192301, -0.0, -0.017548, 0.999287, -0.033421, 0.05, 0.191803, 0.036169, 0.980767, -0.0, 0.0, 0.0, 0.0, 1.0],
                [0.981277, 0.0108, -0.192301, 0.0, -0.017548, 0.999287, -0.033421, 0.05, 0.191803, 0.036169, 0.980767, 0.0, 0.0, 0.0, 0.0, 1.0]
            ]
        },
        {
            "name": "Chest",
            "time": [0.0, 0.2, 0.4, 1.1, 1.4, 1.7167, 2.0],
            "transform": [
                [0.963687, -0.011176, -0.266802, -0.0, 0.052557, 0.987519, 0.14847, 0.3, 0.261813, -0.157101, 0.952247, -0.0, 0.0, 0.0, 0.0, 1.0],
                [0.954284, -0.147335, -0.260066, 0.0, 0.186218, 0.97364, 0.131711, 0.3, 0.233805, -0.174118, 0.956566, -0.0, 0.0, 0.0, 0.0, 1.0],
                [0.966582, 0.036599, -0.253731, 0.0, -0.007507, 0.993373, 0.11469, 0.3, 0.256247, -0.108953, 0.960451, -0.0, 0.0, 0.0, 0.0, 1.0],
                [0.966582, 0.036599, -0.253731, -0.0, -0.007507, 0.993373, 0.11469, 0.3, 0.256247, -0.108953, 0.960451, -0.0, 0.0, 0.0, 0.0, 1.0],
                [0.9681, 0.088364, -0.234467, -0.0, -0.043323, 0.980688, 0.190718, 0.3, 0.246792, -0.174477, 0.953233, -0.0, 0.0, 0.0, 0.0, 1.0],
                [0.961776, -0.042202, -0.270566, 0.0, 0.0869, 0.984019, 0.155416, 0.3, 0.259683, -0.172988, 0.950074, 0.0, 0.0, 0.0, 0.0, 1.0],
                [0.963687, -0.011176, -0.266802, -0.0, 0.052557, 0.987519, 0.14847, 0.3, 0.261813, -0.157101, 0.952247, -0.0, 0.0, 0.0, 0.0, 1.0]
            ]
        },
        {
            "name": "Head",
            "time": [0.0, 0.2, 0.4, 0.5333, 1.1, 1.7167, 2.0],
            "transform": [
                [0.689378, -0.058669, 0.722022, -0.0, 0.083627, 0.996497, 0.001126, 0.4, -0.719558, 0.059604, 0.691869, -0.0, 0.0, 0.0, 0.0, 1.0],
                [0.673602, -0.157937, 0.722022, -0.0, 0.227131, 0.973864, 0.001126, 0.4, -0.703329, 0.163235, 0.691869, -0.0, 0.0, 0.0, 0.0, 1.0],
                [0.689378, -0.058669, 0.722022, 0.0, 0.083627, 0.996496, 0.001126, 0.4, -0.719558, 0.059604, 0.691869, 0.0, 0.0, 0.0, 0.0, 1.0],
                [0.69184, -0.006489, 0.722022, 0.0, 0.008203, 0.999966, 0.001126, 0.4, -0.722005, 0.005144, 0.691869, 0.0, 0.0, 0.0, 0.0, 1.0],
                [0.689378, -0.058669, 0.722022, 0.0, 0.083627, 0.996496, 0.001126, 0.4, -0.719558, 0.059604, 0.691869, 0.0, 0.0, 0.0, 0.0, 1.0],
                [0.689378, -0.072124, 0.720802, 0.0, 0.083627, 0.996302, 0.01971, 0.4, -0.719558, 0.046691, 0.69286, 0.0, 0.0, 0.0, 0.0, 1.0],
                [0.689378, -0.058669, 0.722022, -0.0, 0.083627, 0.996497, 0.001126, 0.4, -0.719558, 0.059604, 0.691869, -0.0, 0.0, 0.0, 0.0, 1.0]
            ]
        },
        {
            "name": "Shoulder_R",
            "time": [0.0, 0.4, 1.1, 1.7167, 2.0],
            "transform": [
                [0.356552, 0.842834, 0.403113, -0.0, -0.197463, -0.353741, 0.914262, 0.4, 0.913169, -0.405582, 0.040302, -0.0, 0.0, 0.0, 0.0, 1.0],
                [0.329451, 0.942815, -0.050604, 0.0, -0.201084, 0.122431, 0.971893, 0.4, 0.922511, -0.310015, 0.22992, 0.0, 0.0, 0.0, 0.0, 1.0],
                [0.329451, 0.942815, -0.050604, 0.0, -0.201084, 0.122431, 0.971893, 0.4, 0.922511, -0.310015, 0.22992, 0.0, 0.0, 0.0, 0.0, 1.0],
                [0.356552, 0.842835, 0.403113, 0.0, -0.197463, -0.353741, 0.914262, 0.4, 0.913169, -0.405582, 0.040302, 0.0, 0.0, 0.0, 0.0, 1.0],
                [0.356552, 0.842834, 0.403113, -0.0, -0.197463, -0.353741, 0.914262, 0.4, 0.913169, -0.405582, 0.040302, -0.0, 0.0, 0.0, 0.0, 1.0]
            ]
        },
        {
            "name": "Arm_R",
            "time": [0.0, 0.4, 0.5333, 1.1, 1.7167, 2.0],
            "transform": [
                [-0.946732, -0.313749, -0.072529, 0.0, -0.186526, 0.717884, -0.670708, 0.39386, 0.262501, -0.621453, -0.738166, -0.0, 0.0, 0.0, 0.0, 1.0],
                [-0.088918, -0.88875, -0.449687, 0.0, 0.971999, 0.021167, -0.234031, 0.393861, 0.217514, -0.457904, 0.861981, -0.0, 0.0, 0.0, 0.0, 1.0],
                [-0.088918, -0.923879, -0.372211, 0.0, 0.971999, 0.001121, -0.234984, 0.393861, 0.217513, -0.382683, 0.89791, -0.0, 0.0, 0.0, 0.0, 1.0],
                [-0.088918, -0.88875, -0.449687, 0.0, 0.971999, 0.021167, -0.234031, 0.393861, 0.217514, -0.457904, 0.861981, -0.0, 0.0, 0.0, 0.0, 1.0],
                [-0.964528, -0.259236, -0.049828, 0.0, -0.172234, 0.761037, -0.625426, 0.39386, 0.200054, -0.594659, -0.778691, 0.0, 0.0, 0.0, 0.0, 1.0],
                [-0.946732, -0.313749, -0.072529, 0.0, -0.186526, 0.717884, -0.670708, 0.39386, 0.262501, -0.621453, -0.738166, -0.0, 0.0, 0.0, 0.0, 1.0]
            ]
        },
        {
            "name": "Hand_R",
            "time": [0.0, 0.4, 1.1, 1.7167, 2.0],
            "transform": [
                [0.999985, 0.00555, 9.3e-05, 0.0, -0.00125, 0.241463, -0.97041, 0.3, -0.005409, 0.970394, 0.241466, -0.0, 0.0, 0.0, 0.0, 1.0],
                [0.999985, 0.004896, -0.002616, 0.0, -0.00125, -0.26049, -0.965476, 0.3, -0.005409, 0.965464, -0.26048, 0.0, 0.0, 0.0, 0.0, 1.0],
                [0.999985, 0.004896, -0.002616, 0.0, -0.00125, -0.26049, -0.965476, 0.3, -0.005409, 0.965464, -0.26048, 0.0, 0.0, 0.0, 0.0, 1.0],
                [0.999985, 0.005551, 9.3e-05, -0.0, -0.00125, 0.241463, -0.970409, 0.3, -0.005409, 0.970394, 0.241466, 0.0, 0.0, 0.0, 0.0, 1.0],
                [0.999985, 0.00555, 9.3e-05, 0.0, -0.00125, 0.241463, -0.97041, 0.3, -0.005409, 0.970394, 0.241466, -0.0, 0.0, 0.0, 0.0, 1.0]
            ]
        },
        {
            "name": "Tool_R",
            "time": [0.0, 0.1833, 0.4, 0.5333, 1.1, 1.4, 1.7167, 2.0],
            "transform": [
                [0.786681, -0.54595, -0.288221, -0.0, -0.297969, -0.744656, 0.597245, 0.272858, -0.540375, -0.383741, -0.748034, -0.0, 0.0, 0.0, 0.0, 1.0],
                [0.688164, 0.278006, -0.670181, -0.045033, -0.195427, -0.818522, -0.540213, -0.000166, -0.698329, 0.50242, -0.508652, 0.123497, 0.0, 0.0, 0.0, 1.0],
                [0.496794, 0.866338, 0.051519, -0.143945, -0.357908, 0.258596, -0.897234, -0.05165, -0.790167, 0.427051, 0.438269, 0.100471, 0.0, 0.0, 0.0, 1.0],
                [0.496789, 0.864436, 0.077138, -0.143945, -0.357915, 0.285039, -0.889185, -0.05165, -0.790167, 0.413886, 0.450722, 0.100471, 0.0, 0.0, 0.0, 1.0],
                [0.496794, 0.866338, 0.051519, -0.143945, -0.357908, 0.258596, -0.897234, -0.05165, -0.790167, 0.427051, 0.438269, 0.100471, 0.0, 0.0, 0.0, 1.0],
                [0.629451, 0.298801, -0.717294, -0.075163, -0.104673, -0.88209, -0.459304, 0.103413, -0.769503, 0.363965, -0.523651, 0.052462, 0.0, 0.0, 0.0, 1.0],
                [0.786681, -0.54595, -0.288221, 0.0, -0.297969, -0.744656, 0.597245, 0.272858, -0.540375, -0.383741, -0.748034, -0.0, 0.0, 0.0, 0.0, 1.0],
                [0.786681, -0.54595, -0.288221, -0.0, -0.297969, -0.744656, 0.597245, 0.272858, -0.540375, -0.383741, -0.748034, -0.0, 0.0, 0.0, 0.0, 1.0]
            ]
        },
        {
            "name": "Elbow_R",
            "time": [0.0, 0.4, 1.1, 1.7167, 2.0],
            "transform": [
                [-1.0, 0.0, 0.0, 0.0, 0.0, -0.0, -1.0, 0.3, -0.0, -1.0, 0.0, -0.0, 0.0, 0.0, 0.0, 1.0],
                [-1.0, 0.0, 0.0, 0.0, 0.0, -0.0, -1.0, 0.3, -0.0, -1.0, 0.0, 0.0, 0.0, 0.0, 0.0, 1.0],
                [-1.0, 0.0, 0.0, 0.0, 0.0, -0.0, -1.0, 0.3, -0.0, -1.0, 0.0, 0.0, 0.0, 0.0, 0.0, 1.0],
                [-1.0, 0.0, -0.0, -0.0, 0.0, -0.0, -1.0, 0.3, -0.0, -1.0, 0.0, 0.0, 0.0, 0.0, 0.0, 1.0],
                [-1.0, 0.0, 0.0, 0.0, 0.0, -0.0, -1.0, 0.3, -0.0, -1.0, 0.0, -0.0, 0.0, 0.0, 0.0, 1.0]
            ]
        },
        {
            "name": "Shoulder_L",
            "time": [0.0, 0.4, 1.1, 1.7167, 2.0],
            "transform": [
                [0.096912, -0.948632, -0.301172, -0.0, -0.001219, -0.302709, 0.953082, 0.4, -0.995292, -0.091998, -0.030493, -0.0, 0.0, 0.0, 0.0, 1.0],
                [0.096912, -0.948632, -0.301172, 0.0, -0.001219, -0.302709, 0.953082, 0.4, -0.995292, -0.091998, -0.030493, 0.0, 0.0, 0.0, 0.0, 1.0],
                [0.096912, -0.948632, -0.301172, 0.0, -0.001219, -0.302709, 0.953082, 0.4, -0.995292, -0.091998, -0.030493, 0.0, 0.0, 0.0, 0.0, 1.0],
                [0.096912, -0.887669, -0.450169, 0.0, -0.001219, -0.452403, 0.891813, 0.4, -0.995292, -0.085879, -0.044926, 0.0, 0.0, 0.0, 0.0, 1.0],
                [0.096912, -0.948632, -0.301172, -0.0, -0.001219, -0.302709, 0.953082, 0.4, -0.995292, -0.091998, -0.030493, -0.0, 0.0, 0.0, 0.0, 1.0]
            ]
        },
        {
            "name": "Arm_L",
            "time": [0.0, 0.4, 1.1, 1.4, 1.7167, 2.0],
            "transform": [
                [-0.31706, 0.27082, 0.908917, 0.0, -0.817821, 0.407223, -0.406618, 0.39386, -0.480252, -0.872253, 0.092368, -0.0, 0.0, 0.0, 0.0, 1.0],
                [-0.32171, 0.277711, 0.905196, -0.0, -0.821603, 0.393292, -0.412661, 0.39386, -0.470607, -0.876469, 0.101642, -0.0, 0.0, 0.0, 0.0, 1.0],
                [-0.32171, 0.277711, 0.905196, -0.0, -0.821603, 0.393292, -0.412661, 0.39386, -0.470607, -0.876469, 0.101642, 0.0, 0.0, 0.0, 0.0, 1.0],
                [-0.224187, 0.440627, 0.869246, -0.0, -0.707272, 0.540065, -0.456175, 0.39386, -0.670453, -0.717062, 0.190567, -0.0, 0.0, 0.0, 0.0, 1.0],
                [-0.317059, 0.27082, 0.908917, 0.0, -0.817821, 0.407223, -0.406618, 0.39386, -0.480252, -0.872253, 0.092368, -0.0, 0.0, 0.0, 0.0, 1.0],
                [-0.31706, 0.27082, 0.908917, 0.0, -0.817821, 0.407223, -0.406618, 0.39386, -0.480252, -0.872253, 0.092368, -0.0, 0.0, 0.0, 0.0, 1.0]
            ]
        },
        {
            "name": "Hand_L",
            "time": [0.0, 0.4, 1.1, 1.7167, 2.0],
            "transform": [
                [0.99932, -0.023322, 0.028571, 0.0, 0.036869, 0.651221, -0.757992, 0.3, -0.000928, 0.758529, 0.651638, -0.0, 0.0, 0.0, 0.0, 1.0],
                [0.99932, -0.027024, 0.025098, -0.0, 0.036869, 0.749137, -0.661389, 0.3, -0.000928, 0.661864, 0.749623, -0.0, 0.0, 0.0, 0.0, 1.0],
                [0.99932, -0.027024, 0.025098, -0.0, 0.036869, 0.749137, -0.661389, 0.3, -0.000928, 0.661864, 0.749623, -0.0, 0.0, 0.0, 0.0, 1.0],
                [0.99932, -0.025226, 0.026905, -0.0, 0.036869, 0.701666, -0.711552, 0.3, -0.000928, 0.71206, 0.702118, -0.0, 0.0, 0.0, 0.0, 1.0],
                [0.99932, -0.023322, 0.028571, 0.0, 0.036869, 0.651221, -0.757992, 0.3, -0.000928, 0.758529, 0.651638, -0.0, 0.0, 0.0, 0.0, 1.0]
            ]
        },
        {
            "name": "Tool_L",
            "time": [0.0, 0.4, 1.1, 1.4, 1.7167, 2.0],
            "transform": [
                [-0.286383, -0.251951, 0.924394, 0.390248, 0.95762, -0.044248, 0.284616, -0.151788, -0.030778, 0.966159, 0.253799, 0.363088, 0.0, 0.0, 0.0, 1.0],
                [-0.286383, -0.251951, 0.924394, 0.390248, 0.95762, -0.044248, 0.284616, -0.151788, -0.030778, 0.966159, 0.253799, 0.363088, 0.0, 0.0, 0.0, 1.0],
                [-0.286383, -0.251951, 0.924394, 0.390248, 0.95762, -0.044248, 0.284616, -0.151788, -0.030778, 0.966159, 0.253799, 0.363088, 0.0, 0.0, 0.0, 1.0],
                [-0.252012, -0.437626, 0.863119, 0.352697, 0.955469, 0.028973, 0.293666, -0.210544, -0.153423, 0.898162, 0.410598, 0.431635, 0.0, 0.0, 0.0, 1.0],
                [-0.286383, -0.251951, 0.924394, 0.390248, 0.95762, -0.044248, 0.284616, -0.151788, -0.030778, 0.966159, 0.253799, 0.363088, 0.0, 0.0, 0.0, 1.0],
                [-0.286383, -0.251951, 0.924394, 0.390248, 0.95762, -0.044248, 0.284616, -0.151788, -0.030778, 0.966159, 0.253799, 0.363088, 0.0, 0.0, 0.0, 1.0]
            ]
        },
        {
            "name": "Elbow_L",
            "time": [0.0, 0.4, 1.1, 1.7167, 2.0],
            "transform": [
                [-1.0, 0.0, -0.0, 0.0, 0.0, -0.0, -1.0, 0.3, -0.0, -1.0, -0.0, -0.0, 0.0, 0.0, 0.0, 1.0],
                [-1.0, 0.0, -0.0, -0.0, 0.0, -0.0, -1.0, 0.3, -0.0, -1.0, -0.0, -0.0, 0.0, 0.0, 0.0, 1.0],
                [-1.0, 0.0, -0.0, -0.0, 0.0, -0.0, -1.0, 0.3, -0.0, -1.0, -0.0, -0.0, 0.0, 0.0, 0.0, 1.0],
                [-1.0, 0.0, -0.0, -0.0, 0.0, -0.0, -1.0, 0.3, -0.0, -1.0, -0.0, -0.0, 0.0, 0.0, 0.0, 1.0],
                [-1.0, 0.0, -0.0, 0.0, 0.0, -0.0, -1.0, 0.3, -0.0, -1.0, -0.0, -0.0, 0.0, 0.0, 0.0, 1.0]
            ]
        }
    ]
}