{
    "animation": [
        {
            "name": "Root",
            "time": [0.0, 1.1333, 2.3],
            "transform": [
                [0.834853, 0.0, -0.550472, -0.00065, -0.550472, 0.0, -0.834853, -0.027522, 0.0, 1.0, 0.0, 0.727371, 0.0, 0.0, 0.0, 1.0],
                [0.834853, 0.0, -0.550472, 0.000167, -0.550472, 0.0, -0.834853, 0.00157, 0.0, 1.0, 0.0, 0.705031, 0.0, 0.0, 0.0, 1.0],
                [0.834853, 0.0, -0.550472, -0.00065, -0.550472, 0.0, -0.834853, -0.027522, 0.0, 1.0, 0.0, 0.727371, 0.0, 0.0, 0.0, 1.0]
            ]
        },
        {
            "name": "Thigh_R",
            "time": [0.0, 1.1333, 2.3],
            "transform": [
                [0.903479, 0.385078, 0.188251, 0.124994, 0.421715, -0.877159, -0.229663, -0.002831, 0.076688, 0.286884, -0.954891, -1.2e-05, 0.0, 0.0, 0.0, 1.0],
                [0.873099, 0.484638, 0.05313, 0.124994, 0.484358, -0.874664, 0.018904, -0.002831, 0.055632, 0.009229, -0.998409, -1.2e-05, 0.0, 0.0, 0.0, 1.0],
                [0.903479, 0.385078, 0.188251, 0.124994, 0.421715, -0.877159, -0.229663, -0.002831, 0.076688, 0.286884, -0.954891, -1.2e-05, 0.0, 0.0, 0.0, 1.0]
            ]
        },
        {
            "name": "Leg_R",
            "time": [0.0, 1.1333, 2.3],
            "transform": [
                [1.0, 0.0, 2e-06, 0.0, -0.0, 0.999924, -0.012363, 0.37472, -2e-06, 0.012363, 0.999923, 0.0, 0.0, 0.0, 0.0, 1.0],
                [1.0, -1e-06, 2e-06, -0.0, -0.0, 0.914369, 0.404883, 0.37472, -2e-06, -0.404884, 0.914368, 0.0, 0.0, 0.0, 0.0, 1.0],
                [1.0, 0.0, 2e-06, 0.0, -0.0, 0.999924, -0.012363, 0.37472, -2e-06, 0.012363, 0.999923, 0.0, 0.0, 0.0, 0.0, 1.0]
            ]
        },
        {
            "name": "Knee_R",
            "time": [0.0, 2.3],
            "transform": [
                [1.0, 0.0, -0.0, 0.0, -0.0, 1e-06, -1.0, 0.37472, -0.0, 1.0, 1e-06, 0.0, 0.0, 0.0, 0.0, 1.0],
                [1.0, 0.0, -0.0, 0.0, -0.0, 1e-06, -1.0, 0.37472, -0.0, 1.0, 1e-06, 0.0, 0.0, 0.0, 0.0, 1.0]
            ]
        },
        {
            "name": "Thigh_L",
            "time": [0.0, 1.1333, 2.3],
            "transform": [
                [0.866588, -0.269944, -0.419707, -0.125006, -0.027838, -0.865899, 0.499443, -0.002831, -0.498245, -0.421128, -0.757893, -1.2e-05, 0.0, 0.0, 0.0, 1.0],
                [0.866588, -0.290881, -0.405477, -0.125006, -0.027838, -0.839457, 0.542712, -0.002831, -0.498245, -0.459021, -0.735562, -1.2e-05, 0.0, 0.0, 0.0, 1.0],
                [0.866588, -0.269944, -0.419707, -0.125006, -0.027838, -0.865899, 0.499443, -0.002831, -0.498245, -0.421128, -0.757893, -1.2e-05, 0.0, 0.0, 0.0, 1.0]
            ]
        },
        {
            "name": "Leg_L",
            "time": [0.0, 1.1333, 2.3],
            "transform": [
                [1.0, -1e-06, 1e-06, 0.0, 0.0, 0.887922, 0.459993, 0.37472, -1e-06, -0.459993, 0.887923, -0.0, 0.0, 0.0, 0.0, 1.0],
                [1.0, -1e-06, 0.0, 0.0, 0.0, 0.825021, 0.565102, 0.37472, -1e-06, -0.565102, 0.825021, 0.0, 0.0, 0.0, 0.0, 1.0],
                [1.0, -1e-06, 1e-06, 0.0, 0.0, 0.887922, 0.459993, 0.37472, -1e-06, -0.459993, 0.887923, -0.0, 0.0, 0.0, 0.0, 1.0]
            ]
        },
        {
            "name": "Knee_L",
            "time": [0.0, 2.3],
            "transform": [
                [1.0, 0.0, -0.0, 0.0, -0.0, 1e-06, -1.0, 0.37472, -0.0, 1.0, 1e-06, -0.0, 0.0, 0.0, 0.0, 1.0],
                [1.0, 0.0, -0.0, 0.0, -0.0, 1e-06, -1.0, 0.37472, -0.0, 1.0, 1e-06, -0.0, 0.0, 0.0, 0.0, 1.0]
            ]
        },
        {
            "name": "Torso",
            "time": [0.0, 2.3],
            "transform": [
                [0.981277, 0.0108, -0.192301, 0.0, -0.017548, 0.999287, -0.033421, 0.05, 0.191803, 0.036169, 0.980767, 0.0, 0.0, 0.0, 0.0, 1.0],
                [0.981277, 0.0108, -0.192301, 0.0, -0.017548, 0.999287, -0.033421, 0.05, 0.191803, 0.036169, 0.980767, 0.0, 0.0, 0.0, 0.0, 1.0]
            ]
        },
        {
            "name": "Chest",
            "time": [0.0, 1.1333, 2.3],
            "transform": [
                [0.9966, -0.068812, -0.04531, 0.0, 0.078987, 0.954404, 0.287878, 0.3, 0.023435, -0.290478, 0.956595, -0.0, 0.0, 0.0, 0.0, 1.0],
                [0.992898, -0.103987, -0.057801, -0.0, 0.116861, 0.943547, 0.309939, 0.3, 0.022308, -0.314493, 0.948998, -0.0, 0.0, 0.0, 0.0, 1.0],
                [0.9966, -0.068812, -0.04531, 0.0, 0.078987, 0.954404, 0.287878, 0.3, 0.023435, -0.290478, 0.956595, -0.0, 0.0, 0.0, 0.0, 1.0]
            ]
        },
        {
            "name": "Head",
            "time": [0.0, 2.3],
            "transform": [
                [0.689378, -0.058669, 0.722022, 0.0, 0.083627, 0.996496, 0.001126, 0.4, -0.719558, 0.059604, 0.691869, -0.0, 0.0, 0.0, 0.0, 1.0],
                [0.689378, -0.058669, 0.722022, 0.0, 0.083627, 0.996496, 0.001126, 0.4, -0.719558, 0.059604, 0.691869, -0.0, 0.0, 0.0, 0.0, 1.0]
            ]
        },
        {
            "name": "Shoulder_R",
            "time": [0.0, 2.3],
            "transform": [
                [0.356552, 0.842835, 0.403113, 0.0, -0.197463, -0.353741, 0.914262, 0.4, 0.913169, -0.405582, 0.040302, -0.0, 0.0, 0.0, 0.0, 1.0],
                [0.356552, 0.842835, 0.403113, 0.0, -0.197463, -0.353741, 0.914262, 0.4, 0.913169, -0.405582, 0.040302, -0.0, 0.0, 0.0, 0.0, 1.0]
            ]
        },
        {
            "name": "Arm_R",
            "time": [0.0, 1.1333, 2.3],
            "transform": [
                [0.005651, -0.401336, -0.915913, 0.0, -0.915205, 0.367003, -0.166461, 0.393861, 0.40295, 0.839189, -0.36523, -0.0, 0.0, 0.0, 0.0, 1.0],
                [0.019451, -0.400904, -0.915913, 0.0, -0.927285, 0.335311, -0.166461, 0.393861, 0.37385, 0.852551, -0.36523, -0.0, 0.0, 0.0, 0.0, 1.0],
                [0.005651, -0.401336, -0.915913, 0.0, -0.915205, 0.367003, -0.166461, 0.393861, 0.40295, 0.839189, -0.36523, -0.0, 0.0, 0.0, 0.0, 1.0]
            ]
        },
        {
            "name": "Hand_R",
            "time": [0.0, 2.3],
            "transform": [
                [0.999985, 0.005551, 9.3e-05, 0.0, -0.00125, 0.241463, -0.97041, 0.3, -0.005409, 0.970394, 0.241466, -0.0, 0.0, 0.0, 0.0, 1.0],
                [0.999985, 0.005551, 9.3e-05, 0.0, -0.00125, 0.241463, -0.97041, 0.3, -0.005409, 0.970394, 0.241466, -0.0, 0.0, 0.0, 0.0, 1.0]
            ]
        },
        {
            "name": "Tool_R",
            "time": [0.0, 2.3],
            "transform": [
                [0.085265, -0.605411, -0.791333, -0.11986, 0.979474, -0.094663, 0.17796, 0.301311, -0.18253, -0.789797, 0.584569, 0.334952, 0.0, 0.0, 0.0, 1.0],
                [0.085265, -0.605411, -0.791333, -0.11986, 0.979474, -0.094663, 0.17796, 0.301311, -0.18253, -0.789797, 0.584569, 0.334952, 0.0, 0.0, 0.0, 1.0]
            ]
        },
        {
            "name": "Elbow_R",
            "time": [0.0, 2.3],
            "transform": [
                [-1.0, 0.0, 0.0, 0.0, 0.0, -0.0, -1.0, 0.3, -0.0, -1.0, 0.0, -0.0, 0.0, 0.0, 0.0, 1.0],
                [-1.0, 0.0, 0.0, 0.0, 0.0, -0.0, -1.0, 0.3, -0.0, -1.0, 0.0, -0.0, 0.0, 0.0, 0.0, 1.0]
            ]
        },
        {
            "name": "Shoulder_L",
            "time": [0.0, 2.3],
            "transform": [
                [-0.480981, -0.823379, -0.301172, 0.0, -0.179445, -0.243791, 0.953082, 0.4, -0.85817, 0.512458, -0.030493, -0.0, 0.0, 0.0, 0.0, 1.0],
                [-0.480981, -0.823379, -0.301172, 0.0, -0.179445, -0.243791, 0.953082, 0.4, -0.85817, 0.512458, -0.030493, -0.0, 0.0, 0.0, 0.0, 1.0]
            ]
        },
        {
            "name": "Arm_L",
            "time": [0.0, 1.1333, 2.3],
            "transform": [
                [0.051512, 0.587334, 0.807704, 0.0, -0.94596, 0.287983, -0.149082, 0.39386, -0.320166, -0.756376, 0.570429, -0.0, 0.0, 0.0, 0.0, 1.0],
                [0.111206, 0.525988, 0.84319, 0.0, -0.907119, 0.400275, -0.130057, 0.39386, -0.405917, -0.750411, 0.521647, 0.0, 0.0, 0.0, 0.0, 1.0],
                [0.051512, 0.587334, 0.807704, 0.0, -0.94596, 0.287983, -0.149082, 0.39386, -0.320166, -0.756376, 0.570429, -0.0, 0.0, 0.0, 0.0, 1.0]
            ]
        },
        {
            "name": "Hand_L",
            "time": [0.0, 2.3],
            "transform": [
                [0.99932, -0.020862, 0.030414, -0.0, 0.036869, 0.585844, -0.809585, 0.3, -0.000928, 0.810156, 0.586214, 0.0, 0.0, 0.0, 0.0, 1.0],
                [0.99932, -0.020862, 0.030414, -0.0, 0.036869, 0.585844, -0.809585, 0.3, -0.000928, 0.810156, 0.586214, 0.0, 0.0, 0.0, 0.0, 1.0]
            ]
        },
        {
            "name": "Tool_L",
            "time": [0.0, 1.1333, 2.3],
            "transform": [
                [0.563151, 0.050288, 0.824822, 0.373888, 0.77715, 0.307054, -0.549323, -0.176509, -0.280716, 0.949807, 0.133752, 0.327444, 0.0, 0.0, 0.0, 1.0],
                [0.562651, -0.055735, 0.824813, 0.373887, 0.820803, 0.156562, -0.549336, -0.176509, -0.09845, 0.985516, 0.133752, 0.327444, 0.0, 0.0, 0.0, 1.0],
                [0.563151, 0.050288, 0.824822, 0.373888, 0.77715, 0.307054, -0.549323, -0.176509, -0.280716, 0.949807, 0.133752, 0.327444, 0.0, 0.0, 0.0, 1.0]
            ]
        },
        {
            "name": "Elbow_L",
            "time": [0.0, 2.3],
            "transform": [
                [-1.0, 0.0, -0.0, -0.0, 0.0, -0.0, -1.0, 0.3, -0.0, -1.0, -0.0, 0.0, 0.0, 0.0, 0.0, 1.0],
                [-1.0, 0.0, -0.0, -0.0, 0.0, -0.0, -1.0, 0.3, -0.0, -1.0, -0.0, 0.0, 0.0, 0.0, 0.0, 1.0]
            ]
        }
    ]
}