{
    "animation": [
        {
            "name": "Root",
            "time": [0.0, 0.0667, 0.3],
            "transform": [
                [0.834853, 0.0, -0.550472, -0.00065, -0.550472, 0.0, -0.834853, -0.027522, 0.0, 1.0, 0.0, 0.727371, 0.0, 0.0, 0.0, 1.0],
                [0.682253, 0.0, -0.731117, -0.00065, -0.731117, 0.0, -0.682253, -0.324879, 0.0, 1.0, 0.0, 0.682095, 0.0, 0.0, 0.0, 1.0],
                [0.834853, 0.0, -0.550472, -0.00065, -0.550472, 0.0, -0.834853, -0.027522, 0.0, 1.0, 0.0, 0.727371, 0.0, 0.0, 0.0, 1.0]
            ]
        },
        {
            "name": "Thigh_R",
            "time": [0.0, 0.0667, 0.3],
            "transform": [
                [0.903479, 0.385078, 0.188251, 0.124994, 0.421715, -0.877159, -0.229663, -0.002831, 0.076688, 0.286884, -0.954891, -1.2e-05, 0.0, 0.0, 0.0, 1.0],
                [0.892277, 0.402176, 0.205169, 0.124994, 0.265462, -0.834913, 0.482128, -0.002831, 0.365199, -0.375726, -0.851739, -1.2e-05, 0.0, 0.0, 0.0, 1.0],
                [0.903479, 0.385078, 0.188251, 0.124994, 0.421715, -0.877159, -0.229663, -0.002831, 0.076688, 0.286884, -0.954891, -1.2e-05, 0.0, 0.0, 0.0, 1.0]
            ]
        },
        {
            "name": "Leg_R",
            "time": [0.0, 0.0667, 0.3],
            "transform": [
                [1.0, 0.0, 2e-06, 0.0, -0.0, 0.999924, -0.012363, 0.37472, -2e-06, 0.012363, 0.999923, 0.0, 0.0, 0.0, 0.0, 1.0],
                [1.0, -1e-06, 1e-06, -0.0, -0.0, 0.667493, 0.744616, 0.37472, -2e-06, -0.744617, 0.667492, 0.0, 0.0, 0.0, 0.0, 1.0],
                [1.0, 0.0, 2e-06, 0.0, -0.0, 0.999924, -0.012363, 0.37472, -2e-06, 0.012363, 0.999923, 0.0, 0.0, 0.0, 0.0, 1.0]
            ]
        },
        {
            "name": "Knee_R",
            "time": [0.0, 0.0667, 0.3],
            "transform": [
                [1.0, 0.0, -0.0, 0.0, -0.0, 1e-06, -1.0, 0.37472, -0.0, 1.0, 1e-06, 0.0, 0.0, 0.0, 0.0, 1.0],
                [1.0, 0.0, -0.0, -0.0, -0.0, 1e-06, -1.0, 0.37472, -0.0, 1.0, 1e-06, 0.0, 0.0, 0.0, 0.0, 1.0],
                [1.0, 0.0, -0.0, 0.0, -0.0, 1e-06, -1.0, 0.37472, -0.0, 1.0, 1e-06, 0.0, 0.0, 0.0, 0.0, 1.0]
            ]
        },
        {
            "name": "Thigh_L",
            "time": [0.0, 0.0667, 0.3],
            "transform": [
                [0.866588, -0.269944, -0.419707, -0.125006, -0.027838, -0.865899, 0.499443, -0.002831, -0.498245, -0.421128, -0.757893, -1.2e-05, 0.0, 0.0, 0.0, 1.0],
                [0.845487, -0.414317, -0.336886, -0.125006, -0.083572, -0.725771, 0.682841, -0.002831, -0.527415, -0.549179, -0.648256, -1.2e-05, 0.0, 0.0, 0.0, 1.0],
                [0.866588, -0.269944, -0.419707, -0.125006, -0.027838, -0.865899, 0.499443, -0.002831, -0.498245, -0.421128, -0.757893, -1.2e-05, 0.0, 0.0, 0.0, 1.0]
            ]
        },
        {
            "name": "Leg_L",
            "time": [0.0, 0.0667, 0.3],
            "transform": [
                [1.0, -1e-06, 1e-06, 0.0, 0.0, 0.887922, 0.459993, 0.37472, -1e-06, -0.459993, 0.887923, -0.0, 0.0, 0.0, 0.0, 1.0],
                [1.0, -1e-06, 0.0, 0.0, 0.0, 0.887922, 0.459993, 0.37472, -1e-06, -0.459993, 0.887923, 0.0, 0.0, 0.0, 0.0, 1.0],
                [1.0, -1e-06, 1e-06, 0.0, 0.0, 0.887922, 0.459993, 0.37472, -1e-06, -0.459993, 0.887923, -0.0, 0.0, 0.0, 0.0, 1.0]
            ]
        },
        {
            "name": "Knee_L",
            "time": [0.0, 0.0667, 0.3],
            "transform": [
                [1.0, 0.0, -0.0, 0.0, -0.0, 1e-06, -1.0, 0.37472, -0.0, 1.0, 1e-06, -0.0, 0.0, 0.0, 0.0, 1.0],
                [1.0, 0.0, -0.0, 0.0, -0.0, 1e-06, -1.0, 0.37472, -0.0, 1.0, 1e-06, 0.0, 0.0, 0.0, 0.0, 1.0],
                [1.0, 0.0, -0.0, 0.0, -0.0, 1e-06, -1.0, 0.37472, -0.0, 1.0, 1e-06, -0.0, 0.0, 0.0, 0.0, 1.0]
            ]
        },
        {
            "name": "Torso",
            "time": [0.0, 0.0667, 0.3],
            "transform": [
                [0.981277, 0.0108, -0.192301, 0.0, -0.017548, 0.999287, -0.033421, 0.05, 0.191803, 0.036169, 0.980767, 0.0, 0.0, 0.0, 0.0, 1.0],
                [0.981277, 0.0108, -0.192301, 0.0, -0.017548, 0.999287, -0.033421, 0.05, 0.191803, 0.036169, 0.980767, -0.0, 0.0, 0.0, 0.0, 1.0],
                [0.981277, 0.0108, -0.192301, 0.0, -0.017548, 0.999287, -0.033421, 0.05, 0.191803, 0.036169, 0.980767, 0.0, 0.0, 0.0, 0.0, 1.0]
            ]
        },
        {
            "name": "Chest",
            "time": [0.0, 0.0667, 0.3],
            "transform": [
                [0.9966, -0.068812, -0.04531, 0.0, 0.078987, 0.954404, 0.287878, 0.3, 0.023435, -0.290478, 0.956595, -0.0, 0.0, 0.0, 0.0, 1.0],
                [0.968595, 0.104892, 0.225438, 0.0, -0.162254, 0.953656, 0.253405, 0.3, -0.18841, -0.282025, 0.940725, -0.0, 0.0, 0.0, 0.0, 1.0],
                [0.9966, -0.068812, -0.04531, 0.0, 0.078987, 0.954404, 0.287878, 0.3, 0.023435, -0.290478, 0.956595, -0.0, 0.0, 0.0, 0.0, 1.0]
            ]
        },
        {
            "name": "Head",
            "time": [0.0, 0.0667, 0.3],
            "transform": [
                [0.689378, -0.058669, 0.722022, 0.0, 0.083627, 0.996496, 0.001126, 0.4, -0.719558, 0.059604, 0.691869, -0.0, 0.0, 0.0, 0.0, 1.0],
                [0.689378, -0.058669, 0.722022, -0.0, 0.083627, 0.996496, 0.001126, 0.4, -0.719558, 0.059604, 0.691869, 0.0, 0.0, 0.0, 0.0, 1.0],
                [0.689378, -0.058669, 0.722022, 0.0, 0.083627, 0.996496, 0.001126, 0.4, -0.719558, 0.059604, 0.691869, -0.0, 0.0, 0.0, 0.0, 1.0]
            ]
        },
        {
            "name": "Shoulder_R",
            "time": [0.0, 0.0667, 0.3],
            "transform": [
                [0.356552, 0.842835, 0.403113, 0.0, -0.197463, -0.353741, 0.914262, 0.4, 0.913169, -0.405582, 0.040302, -0.0, 0.0, 0.0, 0.0, 1.0],
                [0.356552, 0.842835, 0.403113, -0.0, -0.197463, -0.353741, 0.914262, 0.4, 0.913169, -0.405582, 0.040302, 0.0, 0.0, 0.0, 0.0, 1.0],
                [0.356552, 0.842835, 0.403113, 0.0, -0.197463, -0.353741, 0.914262, 0.4, 0.913169, -0.405582, 0.040302, -0.0, 0.0, 0.0, 0.0, 1.0]
            ]
        },
        {
            "name": "Arm_R",
            "time": [0.0, 0.0667, 0.3],
            "transform": [
                [0.005651, -0.401336, -0.915913, 0.0, -0.915205, 0.367003, -0.166461, 0.393861, 0.40295, 0.839189, -0.36523, -0.0, 0.0, 0.0, 0.0, 1.0],
                [0.005651, -0.181187, -0.983432, 0.0, -0.915205, 0.395349, -0.078099, 0.39386, 0.40295, 0.900483, -0.163589, 0.0, 0.0, 0.0, 0.0, 1.0],
                [0.005651, -0.401336, -0.915913, 0.0, -0.915205, 0.367003, -0.166461, 0.393861, 0.40295, 0.839189, -0.36523, -0.0, 0.0, 0.0, 0.0, 1.0]
            ]
        },
        {
            "name": "Hand_R",
            "time": [0.0, 0.0667, 0.3],
            "transform": [
                [0.999985, 0.005551, 9.3e-05, 0.0, -0.00125, 0.241463, -0.97041, 0.3, -0.005409, 0.970394, 0.241466, -0.0, 0.0, 0.0, 0.0, 1.0],
                [0.999985, 0.005551, 9.3e-05, 0.0, -0.00125, 0.241463, -0.97041, 0.3, -0.005409, 0.970394, 0.241466, -0.0, 0.0, 0.0, 0.0, 1.0],
                [0.999985, 0.005551, 9.3e-05, 0.0, -0.00125, 0.241463, -0.97041, 0.3, -0.005409, 0.970394, 0.241466, -0.0, 0.0, 0.0, 0.0, 1.0]
            ]
        },
        {
            "name": "Tool_R",
            "time": [0.0, 0.0667, 0.3],
            "transform": [
                [0.085265, -0.605411, -0.791333, -0.11986, 0.979474, -0.094663, 0.17796, 0.301311, -0.18253, -0.789797, 0.584569, 0.334952, 0.0, 0.0, 0.0, 1.0],
                [0.105007, -0.576194, -0.810539, -0.11986, 0.993147, 0.102815, 0.055576, 0.301311, 0.051293, -0.810339, 0.582697, 0.334952, 0.0, 0.0, 0.0, 1.0],
                [0.085265, -0.605411, -0.791333, -0.11986, 0.979474, -0.094663, 0.17796, 0.301311, -0.18253, -0.789797, 0.584569, 0.334952, 0.0, 0.0, 0.0, 1.0]
            ]
        },
        {
            "name": "Elbow_R",
            "time": [0.0, 0.0667, 0.3],
            "transform": [
                [-1.0, 0.0, 0.0, 0.0, 0.0, -0.0, -1.0, 0.3, -0.0, -1.0, 0.0, -0.0, 0.0, 0.0, 0.0, 1.0],
                [-1.0, 0.0, -0.0, 0.0, 0.0, -0.0, -1.0, 0.3, -0.0, -1.0, 0.0, -0.0, 0.0, 0.0, 0.0, 1.0],
                [-1.0, 0.0, 0.0, 0.0, 0.0, -0.0, -1.0, 0.3, -0.0, -1.0, 0.0, -0.0, 0.0, 0.0, 0.0, 1.0]
            ]
        },
        {
            "name": "Shoulder_L",
            "time": [0.0, 0.0667, 0.3],
            "transform": [
                [-0.480981, -0.823379, -0.301172, 0.0, -0.179445, -0.243791, 0.953082, 0.4, -0.85817, 0.512458, -0.030493, -0.0, 0.0, 0.0, 0.0, 1.0],
                [-0.446849, -0.741427, -0.500611, -0.0, -0.169308, -0.479386, 0.861118, 0.4, -0.878442, 0.469547, 0.088683, 0.0, 0.0, 0.0, 0.0, 1.0],
                [-0.480981, -0.823379, -0.301172, 0.0, -0.179445, -0.243791, 0.953082, 0.4, -0.85817, 0.512458, -0.030493, -0.0, 0.0, 0.0, 0.0, 1.0]
            ]
        },
        {
            "name": "Arm_L",
            "time": [0.0, 0.0667, 0.3],
            "transform": [
                [0.051512, 0.587334, 0.807704, 0.0, -0.94596, 0.287983, -0.149082, 0.39386, -0.320166, -0.756376, 0.570429, -0.0, 0.0, 0.0, 0.0, 1.0],
                [0.232455, 0.37256, 0.898423, -0.0, -0.453564, 0.858658, -0.238716, 0.39386, -0.860374, -0.352002, 0.368579, -0.0, 0.0, 0.0, 0.0, 1.0],
                [0.051512, 0.587334, 0.807704, 0.0, -0.94596, 0.287983, -0.149082, 0.39386, -0.320166, -0.756376, 0.570429, -0.0, 0.0, 0.0, 0.0, 1.0]
            ]
        },
        {
            "name": "Hand_L",
            "time": [0.0, 0.0667, 0.3],
            "transform": [
                [0.99932, -0.020862, 0.030414, -0.0, 0.036869, 0.585844, -0.809585, 0.3, -0.000928, 0.810156, 0.586214, 0.0, 0.0, 0.0, 0.0, 1.0],
                [0.99932, 0.016113, 0.033175, 0.0, 0.03687, -0.413806, -0.909618, 0.3, -0.000928, 0.910223, -0.414119, 0.0, 0.0, 0.0, 0.0, 1.0],
                [0.99932, -0.020862, 0.030414, -0.0, 0.036869, 0.585844, -0.809585, 0.3, -0.000928, 0.810156, 0.586214, 0.0, 0.0, 0.0, 0.0, 1.0]
            ]
        },
        {
            "name": "Tool_L",
            "time": [0.0, 0.0667, 0.3],
            "transform": [
                [0.655844, 0.058565, 0.960585, 0.373888, 0.905066, 0.357594, -0.63974, -0.176509, -0.32692, 1.106142, 0.155767, 0.327444, 0.0, 0.0, 0.0, 1.0],
                [0.848927, -0.350839, 0.715905, 0.186296, 0.504154, 1.046366, -0.085045, 0.270539, -0.617237, 0.371701, 0.914083, 0.5318, 0.0, 0.0, 0.0, 1.0],
                [0.655844, 0.058565, 0.960585, 0.373888, 0.905066, 0.357594, -0.63974, -0.176509, -0.32692, 1.106142, 0.155767, 0.327444, 0.0, 0.0, 0.0, 1.0]
            ]
        },
        {
            "name": "Elbow_L",
            "time": [0.0, 0.0667, 0.3],
            "transform": [
                [-1.0, 0.0, -0.0, -0.0, 0.0, -0.0, -1.0, 0.3, -0.0, -1.0, -0.0, 0.0, 0.0, 0.0, 0.0, 1.0],
                [-1.0, 0.0, -0.0, 0.0, -0.0, -0.0, -1.0, 0.3, -0.0, -1.0, 0.0, 0.0, 0.0, 0.0, 0.0, 1.0],
                [-1.0, 0.0, -0.0, -0.0, 0.0, -0.0, -1.0, 0.3, -0.0, -1.0, -0.0, 0.0, 0.0, 0.0, 0.0, 1.0]
            ]
        }
    ]
}