{
    "animation": [
        {
            "name": "Root",
            "time": [0.0, 0.1167, 0.3333, 0.7167, 1.2333],
            "transform": [
                [0.630955, 0.0, -0.775819, -0.00065, -0.73731, -0.311144, -0.599636, -0.027522, -0.241391, 0.950363, -0.196318, 0.770544, 0.0, 0.0, 0.0, 1.0],
                [0.630955, 0.0, -0.775819, -0.00065, -0.73731, -0.311144, -0.599636, -0.027522, -0.241391, 0.950363, -0.196318, 0.770544, 0.0, 0.0, 0.0, 1.0],
                [0.998885, 0.012221, -0.045596, -0.00065, -0.046926, 0.152083, -0.987253, -0.358068, -0.005131, 0.988292, 0.152487, 0.69384, 0.0, 0.0, 0.0, 1.0],
                [0.995651, -0.023495, 0.090146, -0.00065, 0.093117, 0.222169, -0.970551, -0.414649, 0.002775, 0.974725, 0.223391, 0.68071, 0.0, 0.0, 0.0, 1.0],
                [0.834853, 0.0, -0.550472, -0.00065, -0.550472, 0.0, -0.834853, -0.246473, 0.0, 1.0, 0.0, 0.770544, 0.0, 0.0, 0.0, 1.0]
            ]
        },
        {
            "name": "Thigh_R",
            "time": [0.0, 0.1167, 0.3333, 0.7167, 1.2333],
            "transform": [
                [0.952427, 0.289105, 0.096435, 0.124994, 0.222921, -0.876625, 0.426416, -0.002831, 0.207817, -0.384632, -0.899372, -1.2e-05, 0.0, 0.0, 0.0, 1.0],
                [0.952427, 0.289105, 0.096435, 0.124994, 0.222921, -0.876625, 0.426416, -0.002831, 0.207817, -0.384632, -0.899372, -1.2e-05, 0.0, 0.0, 0.0, 1.0],
                [0.983408, 0.141586, 0.113405, 0.124994, 0.008582, -0.660758, 0.750548, -0.002831, 0.181201, -0.737121, -0.651013, -1.2e-05, 0.0, 0.0, 0.0, 1.0],
                [0.985171, 0.118141, 0.124418, 0.124994, -0.027299, -0.607982, 0.79348, -0.002831, 0.169387, -0.785109, -0.595743, -1.2e-05, 0.0, 0.0, 0.0, 1.0],
                [0.963909, 0.186031, 0.19045, 0.124994, 0.192353, -0.981208, -0.015096, -0.002831, 0.184063, 0.051185, -0.981581, -1.2e-05, 0.0, 0.0, 0.0, 1.0]
            ]
        },
        {
            "name": "Leg_R",
            "time": [0.0, 0.1167, 0.3333, 0.7167, 1.2333],
            "transform": [
                [1.0, -1e-06, 1e-06, 0.0, -0.0, 0.760837, 0.648943, 0.37472, -2e-06, -0.648944, 0.760836, -0.0, 0.0, 0.0, 0.0, 1.0],
                [1.0, -1e-06, 1e-06, 0.0, -0.0, 0.760837, 0.648943, 0.37472, -2e-06, -0.648944, 0.760836, -0.0, 0.0, 0.0, 0.0, 1.0],
                [1.0, -1e-06, 2e-06, -0.0, -0.0, 0.760837, 0.648943, 0.37472, -2e-06, -0.648944, 0.760836, 0.0, 0.0, 0.0, 0.0, 1.0],
                [1.0, -1e-06, 2e-06, -0.0, -0.0, 0.760837, 0.648943, 0.37472, -2e-06, -0.648944, 0.760836, -0.0, 0.0, 0.0, 0.0, 1.0],
                [1.0, 0.0, 2e-06, 0.0, -0.0, 0.999924, -0.012363, 0.37472, -2e-06, 0.012363, 0.999923, -0.0, 0.0, 0.0, 0.0, 1.0]
            ]
        },
        {
            "name": "Knee_R",
            "time": [0.0, 0.1167, 0.3333, 0.7167, 1.2333],
            "transform": [
                [1.0, 0.0, -0.0, 0.0, -0.0, 1e-06, -1.0, 0.37472, -0.0, 1.0, 1e-06, -0.0, 0.0, 0.0, 0.0, 1.0],
                [1.0, 0.0, -0.0, 0.0, -0.0, 1e-06, -1.0, 0.37472, -0.0, 1.0, 1e-06, -0.0, 0.0, 0.0, 0.0, 1.0],
                [1.0, 0.0, -0.0, -0.0, -0.0, 1e-06, -1.0, 0.37472, -0.0, 1.0, 1e-06, 0.0, 0.0, 0.0, 0.0, 1.0],
                [1.0, 0.0, -0.0, -0.0, -0.0, 1e-06, -1.0, 0.37472, -0.0, 1.0, 1e-06, -0.0, 0.0, 0.0, 0.0, 1.0],
                [1.0, 0.0, -0.0, 0.0, -0.0, 1e-06, -1.0, 0.37472, -0.0, 1.0, 1e-06, -0.0, 0.0, 0.0, 0.0, 1.0]
            ]
        },
        {
            "name": "Thigh_L",
            "time": [0.0, 0.1167, 0.3333, 0.7167, 1.2333],
            "transform": [
                [0.86009, -0.460735, -0.219015, -0.125006, -0.197441, -0.696507, 0.689851, -0.002831, -0.470384, -0.550092, -0.690027, -1.2e-05, 0.0, 0.0, 0.0, 1.0],
                [0.86009, -0.460735, -0.219015, -0.125006, -0.197441, -0.696507, 0.689851, -0.002831, -0.470384, -0.550092, -0.690027, -1.2e-05, 0.0, 0.0, 0.0, 1.0],
                [0.972964, -0.228787, -0.031553, -0.125006, -0.223935, -0.967978, 0.113451, -0.002831, -0.056498, -0.103318, -0.993042, -1.2e-05, 0.0, 0.0, 0.0, 1.0],
                [0.983754, -0.178884, 0.015057, -0.125006, -0.179004, -0.983823, 0.007011, -0.002831, 0.01356, -0.009593, -0.999862, -1.2e-05, 0.0, 0.0, 0.0, 1.0],
                [0.866588, -0.185794, -0.463146, -0.125006, -0.027838, -0.94466, 0.326868, -0.002831, -0.498245, -0.270367, -0.823804, -1.2e-05, 0.0, 0.0, 0.0, 1.0]
            ]
        },
        {
            "name": "Leg_L",
            "time": [0.0, 0.1167, 0.3333, 0.7167, 1.2333],
            "transform": [
                [1.0, -1e-06, 1e-06, 0.0, 0.0, 0.85033, 0.526249, 0.37472, -1e-06, -0.526249, 0.850331, -0.0, 0.0, 0.0, 0.0, 1.0],
                [1.0, -1e-06, 1e-06, 0.0, 0.0, 0.85033, 0.526249, 0.37472, -1e-06, -0.526249, 0.850331, -0.0, 0.0, 0.0, 0.0, 1.0],
                [1.0, -1e-06, 1e-06, -0.0, 0.0, 0.85033, 0.526249, 0.37472, -1e-06, -0.526249, 0.850331, -0.0, 0.0, 0.0, 0.0, 1.0],
                [1.0, -1e-06, 1e-06, -0.0, 0.0, 0.85033, 0.52625, 0.37472, -1e-06, -0.526249, 0.850331, 0.0, 0.0, 0.0, 0.0, 1.0],
                [1.0, -0.0, 1e-06, -0.0, 0.0, 0.953504, 0.301381, 0.37472, -1e-06, -0.301381, 0.953504, 0.0, 0.0, 0.0, 0.0, 1.0]
            ]
        },
        {
            "name": "Knee_L",
            "time": [0.0, 0.1167, 0.3333, 0.7167, 1.2333],
            "transform": [
                [1.0, 0.0, -0.0, 0.0, -0.0, 1e-06, -1.0, 0.37472, -0.0, 1.0, 1e-06, -0.0, 0.0, 0.0, 0.0, 1.0],
                [1.0, 0.0, -0.0, 0.0, -0.0, 1e-06, -1.0, 0.37472, -0.0, 1.0, 1e-06, -0.0, 0.0, 0.0, 0.0, 1.0],
                [1.0, 0.0, -0.0, -0.0, -0.0, 1e-06, -1.0, 0.37472, -0.0, 1.0, 1e-06, -0.0, 0.0, 0.0, 0.0, 1.0],
                [1.0, 0.0, -0.0, -0.0, -0.0, 1e-06, -1.0, 0.37472, -0.0, 1.0, 1e-06, 0.0, 0.0, 0.0, 0.0, 1.0],
                [1.0, 0.0, -0.0, -0.0, -0.0, 1e-06, -1.0, 0.37472, -0.0, 1.0, 1e-06, 0.0, 0.0, 0.0, 0.0, 1.0]
            ]
        },
        {
            "name": "Torso",
            "time": [0.0, 0.1167, 0.3333, 0.7167, 1.2333],
            "transform": [
                [0.947377, 0.0108, -0.319937, 0.0, -0.021799, 0.999287, -0.030817, 0.05, 0.319376, 0.036169, 0.946938, -0.0, 0.0, 0.0, 0.0, 1.0],
                [0.947377, 0.0108, -0.319937, 0.0, -0.021799, 0.999287, -0.030817, 0.05, 0.319376, 0.036169, 0.946938, -0.0, 0.0, 0.0, 0.0, 1.0],
                [0.947377, 0.0108, -0.319937, 0.0, -0.021799, 0.999287, -0.030817, 0.05, 0.319376, 0.036169, 0.946938, -0.0, 0.0, 0.0, 0.0, 1.0],
                [0.947377, 0.0108, -0.319937, 0.0, -0.021799, 0.999287, -0.030817, 0.05, 0.319376, 0.036169, 0.946938, 0.0, 0.0, 0.0, 0.0, 1.0],
                [0.981277, 0.0108, -0.192301, -0.0, -0.017548, 0.999287, -0.033421, 0.05, 0.191803, 0.036169, 0.980767, 0.0, 0.0, 0.0, 0.0, 1.0]
            ]
        },
        {
            "name": "Chest",
            "time": [0.0, 0.1167, 0.3333, 0.7167, 1.2333],
            "transform": [
                [0.930833, -0.314614, 0.185926, -0.0, 0.09239, 0.694834, 0.713211, 0.3, -0.353574, -0.646702, 0.675841, -0.0, 0.0, 0.0, 0.0, 1.0],
                [0.930833, -0.314614, 0.185926, -0.0, 0.09239, 0.694834, 0.713211, 0.3, -0.353574, -0.646702, 0.675841, -0.0, 0.0, 0.0, 0.0, 1.0],
                [0.987384, -0.092898, 0.128227, -0.0, -0.030698, 0.682137, 0.73058, 0.3, -0.155338, -0.7253, 0.670679, 0.0, 0.0, 0.0, 0.0, 1.0],
                [0.996294, -0.035541, 0.078322, -0.0, -0.033733, 0.676197, 0.735948, 0.3, -0.079118, -0.735863, 0.672493, -0.0, 0.0, 0.0, 0.0, 1.0],
                [0.963687, -0.011176, -0.266802, 0.0, 0.052557, 0.987519, 0.14847, 0.3, 0.261813, -0.157101, 0.952247, -0.0, 0.0, 0.0, 0.0, 1.0]
            ]
        },
        {
            "name": "Head",
            "time": [0.0, 0.1167, 0.3333, 0.7167, 1.2333],
            "transform": [
                [0.689378, -0.058669, 0.722022, 0.0, 0.083627, 0.996497, 0.001126, 0.4, -0.719559, 0.059604, 0.691869, -0.0, 0.0, 0.0, 0.0, 1.0],
                [0.689378, -0.058669, 0.722022, 0.0, 0.083627, 0.996497, 0.001126, 0.4, -0.719559, 0.059604, 0.691869, -0.0, 0.0, 0.0, 0.0, 1.0],
                [0.966672, -0.058669, 0.249207, -0.0, 0.071616, 0.996497, -0.043197, 0.4, -0.2458, 0.059604, 0.967486, 0.0, 0.0, 0.0, 0.0, 1.0],
                [0.985798, -0.058669, 0.157351, -0.0, 0.067244, 0.996496, -0.04973, 0.4, -0.153883, 0.059604, 0.98629, 0.0, 0.0, 0.0, 0.0, 1.0],
                [0.689378, -0.058669, 0.722022, 0.0, 0.083627, 0.996497, 0.001126, 0.4, -0.719558, 0.059604, 0.691869, -0.0, 0.0, 0.0, 0.0, 1.0]
            ]
        },
        {
            "name": "Shoulder_R",
            "time": [0.0, 0.1167, 0.3333, 0.7167, 1.2333],
            "transform": [
                [-0.12947, 0.991004, -0.033884, 0.0, -0.480467, -0.032805, 0.876399, 0.4, 0.867404, 0.129748, 0.480392, -0.0, 0.0, 0.0, 0.0, 1.0],
                [-0.12947, 0.991004, -0.033884, 0.0, -0.480467, -0.032805, 0.876399, 0.4, 0.867404, 0.129748, 0.480392, -0.0, 0.0, 0.0, 0.0, 1.0],
                [-0.12947, 0.991004, -0.033884, -0.0, -0.480467, -0.032805, 0.876399, 0.4, 0.867404, 0.129748, 0.480392, 0.0, 0.0, 0.0, 0.0, 1.0],
                [-0.12947, 0.991004, -0.033884, -0.0, -0.480467, -0.032805, 0.876399, 0.4, 0.867404, 0.129748, 0.480392, 0.0, 0.0, 0.0, 0.0, 1.0],
                [0.356552, 0.842834, 0.403113, 0.0, -0.197463, -0.353741, 0.914262, 0.4, 0.913169, -0.405582, 0.040302, -0.0, 0.0, 0.0, 0.0, 1.0]
            ]
        },
        {
            "name": "Arm_R",
            "time": [0.0, 0.1167, 0.3333, 0.7167, 0.95, 1.2333],
            "transform": [
                [-0.946732, -0.313749, -0.072528, -0.0, -0.186526, 0.717884, -0.670709, 0.39386, 0.262501, -0.621453, -0.738167, 0.0, 0.0, 0.0, 0.0, 1.0],
                [-0.946732, -0.313749, -0.072528, -0.0, -0.186526, 0.717884, -0.670709, 0.39386, 0.262501, -0.621453, -0.738167, 0.0, 0.0, 0.0, 0.0, 1.0],
                [-0.899705, -0.396845, -0.181781, 0.0, -0.225467, 0.779107, -0.584942, 0.39386, 0.373758, -0.48529, -0.790442, -0.0, 0.0, 0.0, 0.0, 1.0],
                [-0.877576, -0.431798, -0.208353, 0.0, -0.257072, 0.790619, -0.555729, 0.393861, 0.404691, -0.434132, -0.804832, 0.0, 0.0, 0.0, 0.0, 1.0],
                [-0.791125, -0.577415, -0.201774, 0.0, -0.378122, 0.720988, -0.58069, 0.393861, 0.480776, -0.383103, -0.788725, 0.0, 0.0, 0.0, 0.0, 1.0],
                [-0.946732, -0.313749, -0.072529, 0.0, -0.186526, 0.717884, -0.670708, 0.39386, 0.262501, -0.621453, -0.738166, -0.0, 0.0, 0.0, 0.0, 1.0]
            ]
        },
        {
            "name": "Hand_R",
            "time": [0.0, 0.1167, 0.3333, 0.7167, 0.95, 1.2333],
            "transform": [
                [0.999985, 0.005551, 9.3e-05, 0.0, -0.00125, 0.241463, -0.97041, 0.3, -0.005409, 0.970394, 0.241466, -0.0, 0.0, 0.0, 0.0, 1.0],
                [0.999985, 0.005551, 9.3e-05, 0.0, -0.00125, 0.241463, -0.97041, 0.3, -0.005409, 0.970394, 0.241466, -0.0, 0.0, 0.0, 0.0, 1.0],
                [0.999985, 0.005551, 9.3e-05, -0.0, -0.00125, 0.241463, -0.97041, 0.3, -0.005409, 0.970394, 0.241466, 0.0, 0.0, 0.0, 0.0, 1.0],
                [0.999985, 0.005551, 9.3e-05, -0.0, -0.00125, 0.241463, -0.970409, 0.3, -0.005409, 0.970394, 0.241466, 0.0, 0.0, 0.0, 0.0, 1.0],
                [0.999985, 0.005551, 9.3e-05, -0.0, -0.00125, 0.241463, -0.97041, 0.3, -0.005409, 0.970394, 0.241466, 0.0, 0.0, 0.0, 0.0, 1.0],
                [0.999985, 0.00555, 9.3e-05, 0.0, -0.00125, 0.241463, -0.97041, 0.3, -0.005409, 0.970394, 0.241466, 0.0, 0.0, 0.0, 0.0, 1.0]
            ]
        },
        {
            "name": "Tool_R",
            "time": [0.0, 0.1167, 0.3333, 0.7167, 0.95, 1.2333],
            "transform": [
                [0.921758, -0.289289, -0.241414, -0.037301, -0.038802, -0.68887, 0.684137, 0.274429, -0.385594, -0.621493, -0.64517, 0.015604, 0.0, 0.0, 0.0, 1.0],
                [0.921758, -0.289289, -0.241414, -0.037301, -0.038802, -0.68887, 0.684137, 0.274429, -0.385594, -0.621493, -0.64517, 0.015604, 0.0, 0.0, 0.0, 1.0],
                [0.866193, -0.194375, -0.444732, -0.037301, 0.256015, -0.592444, 0.72867, 0.27443, -0.428889, -0.745327, -0.462669, 0.015604, 0.0, 0.0, 0.0, 1.0],
                [0.849877, -0.181519, -0.478555, -0.037301, 0.305268, -0.571379, 0.727569, 0.274429, -0.429301, -0.764739, -0.429504, 0.015604, 0.0, 0.0, 0.0, 1.0],
                [0.836625, -0.41397, -0.334579, -0.012486, -0.095047, -0.711829, 0.654865, 0.273384, -0.53915, -0.516287, -0.633872, 0.005223, 0.0, 0.0, 0.0, 1.0],
                [0.786681, -0.530705, -0.279897, 0.0, -0.297969, -0.723863, 0.579995, 0.272858, -0.540375, -0.373025, -0.726429, -0.0, 0.0, 0.0, 0.0, 1.0]
            ]
        },
        {
            "name": "Elbow_R",
            "time": [0.0, 0.1167, 0.3333, 0.7167, 1.2333],
            "transform": [
                [-1.0, 0.0, -0.0, 0.0, -0.0, 0.0, -1.0, 0.3, -0.0, -1.0, -0.0, -0.0, 0.0, 0.0, 0.0, 1.0],
                [-1.0, 0.0, -0.0, 0.0, -0.0, 0.0, -1.0, 0.3, -0.0, -1.0, -0.0, -0.0, 0.0, 0.0, 0.0, 1.0],
                [-1.0, 0.0, -0.0, -0.0, 0.0, -0.0, -1.0, 0.3, -0.0, -1.0, 0.0, 0.0, 0.0, 0.0, 0.0, 1.0],
                [-1.0, 0.0, -0.0, -0.0, 0.0, -0.0, -1.0, 0.3, -0.0, -1.0, 0.0, 0.0, 0.0, 0.0, 0.0, 1.0],
                [-1.0, 0.0, 0.0, 0.0, 0.0, -0.0, -1.0, 0.3, -0.0, -1.0, 0.0, 0.0, 0.0, 0.0, 0.0, 1.0]
            ]
        },
        {
            "name": "Shoulder_L",
            "time": [0.0, 0.1167, 0.3333, 0.7167, 1.2333],
            "transform": [
                [0.096912, -0.948632, -0.301172, 0.0, -0.001219, -0.302709, 0.953082, 0.4, -0.995292, -0.091998, -0.030493, -0.0, 0.0, 0.0, 0.0, 1.0],
                [0.096912, -0.948632, -0.301172, 0.0, -0.001219, -0.302709, 0.953082, 0.4, -0.995292, -0.091998, -0.030493, -0.0, 0.0, 0.0, 0.0, 1.0],
                [0.096912, -0.948632, -0.301172, -0.0, -0.001219, -0.302709, 0.953082, 0.4, -0.995292, -0.091998, -0.030493, 0.0, 0.0, 0.0, 0.0, 1.0],
                [0.096912, -0.948632, -0.301172, -0.0, -0.001219, -0.302709, 0.953082, 0.4, -0.995292, -0.091998, -0.030493, 0.0, 0.0, 0.0, 0.0, 1.0],
                [0.096912, -0.948632, -0.301172, 0.0, -0.001219, -0.302709, 0.953082, 0.4, -0.995292, -0.091998, -0.030493, -0.0, 0.0, 0.0, 0.0, 1.0]
            ]
        },
        {
            "name": "Arm_L",
            "time": [0.0, 0.1167, 0.3333, 0.7167, 0.95, 1.2333],
            "transform": [
                [-0.317059, 0.773436, 0.548881, 0.0, -0.817821, 0.070097, -0.571187, 0.39386, -0.480252, -0.629987, 0.610307, 0.0, 0.0, 0.0, 0.0, 1.0],
                [-0.317059, 0.773436, 0.548881, 0.0, -0.817821, 0.070097, -0.571187, 0.39386, -0.480252, -0.629987, 0.610307, 0.0, 0.0, 0.0, 0.0, 1.0],
                [-0.317059, 0.773436, 0.548881, 0.0, -0.817821, 0.070097, -0.571187, 0.39386, -0.480252, -0.629987, 0.610307, -0.0, 0.0, 0.0, 0.0, 1.0],
                [-0.317059, 0.773436, 0.548881, 0.0, -0.817821, 0.070097, -0.571187, 0.39386, -0.480252, -0.629987, 0.610307, -0.0, 0.0, 0.0, 0.0, 1.0],
                [-0.065584, 0.463776, 0.883522, -0.0, -0.923114, 0.308007, -0.230202, 0.39386, -0.378893, -0.830688, 0.407918, 0.0, 0.0, 0.0, 0.0, 1.0],
                [-0.31706, 0.27082, 0.908917, -0.0, -0.817821, 0.407223, -0.406618, 0.39386, -0.480252, -0.872253, 0.092368, 0.0, 0.0, 0.0, 0.0, 1.0]
            ]
        },
        {
            "name": "Hand_L",
            "time": [0.0, 0.1167, 0.3333, 0.7167, 0.95, 1.2333],
            "transform": [
                [0.99932, -0.03496, 0.011747, 0.0, 0.03687, 0.954994, -0.294327, 0.3, -0.000928, 0.29456, 0.955633, 0.0, 0.0, 0.0, 0.0, 1.0],
                [0.99932, -0.03496, 0.011747, 0.0, 0.03687, 0.954994, -0.294327, 0.3, -0.000928, 0.29456, 0.955633, 0.0, 0.0, 0.0, 0.0, 1.0],
                [0.99932, -0.03496, 0.011747, 0.0, 0.03687, 0.954993, -0.294327, 0.3, -0.000928, 0.29456, 0.955633, 0.0, 0.0, 0.0, 0.0, 1.0],
                [0.99932, -0.03496, 0.011747, 0.0, 0.03687, 0.954994, -0.294327, 0.3, -0.000929, 0.29456, 0.955633, -0.0, 0.0, 0.0, 0.0, 1.0],
                [0.99932, -0.020936, 0.030363, 0.0, 0.036869, 0.587819, -0.808152, 0.3, -0.000928, 0.808721, 0.588191, 0.0, 0.0, 0.0, 0.0, 1.0],
                [0.99932, -0.023322, 0.028571, -0.0, 0.036869, 0.651221, -0.757992, 0.3, -0.000928, 0.758529, 0.651638, -0.0, 0.0, 0.0, 0.0, 1.0]
            ]
        },
        {
            "name": "Tool_L",
            "time": [0.0, 0.1167, 0.3333, 0.7167, 0.95, 1.2333],
            "transform": [
                [-0.122835, -0.217989, 0.96819, 0.47578, 0.984201, -0.152109, 0.090618, -0.249321, 0.127452, 0.963456, 0.233093, 0.271257, 0.0, 0.0, 0.0, 1.0],
                [-0.122835, -0.217989, 0.96819, 0.47578, 0.984201, -0.152109, 0.090618, -0.249321, 0.127452, 0.963456, 0.233093, 0.271257, 0.0, 0.0, 0.0, 1.0],
                [-0.122835, -0.217989, 0.96819, 0.47578, 0.984201, -0.152109, 0.090618, -0.249321, 0.127452, 0.963456, 0.233093, 0.271257, 0.0, 0.0, 0.0, 1.0],
                [-0.122835, -0.217989, 0.96819, 0.47578, 0.984201, -0.152109, 0.090618, -0.249321, 0.127452, 0.963456, 0.233093, 0.271257, 0.0, 0.0, 0.0, 1.0],
                [-0.052106, -0.250029, 0.966835, 0.418879, 0.994122, 0.079014, 0.07401, -0.184436, -0.094832, 0.964442, 0.244299, 0.332349, 0.0, 0.0, 0.0, 1.0],
                [-0.286383, -0.251951, 0.924394, 0.390248, 0.95762, -0.044248, 0.284616, -0.151788, -0.030778, 0.966159, 0.253799, 0.363088, 0.0, 0.0, 0.0, 1.0]
            ]
        },
        {
            "name": "Elbow_L",
            "time": [0.0, 0.1167, 0.3333, 0.7167, 1.2333],
            "transform": [
                [-1.0, 0.0, -0.0, 0.0, 0.0, -0.0, -1.0, 0.3, -0.0, -1.0, -0.0, 0.0, 0.0, 0.0, 0.0, 1.0],
                [-1.0, 0.0, -0.0, 0.0, 0.0, -0.0, -1.0, 0.3, -0.0, -1.0, -0.0, 0.0, 0.0, 0.0, 0.0, 1.0],
                [-1.0, 0.0, -0.0, 0.0, 0.0, -0.0, -1.0, 0.3, -0.0, -1.0, -0.0, 0.0, 0.0, 0.0, 0.0, 1.0],
                [-1.0, 0.0, -0.0, 0.0, 0.0, -0.0, -1.0, 0.3, -0.0, -1.0, -0.0, -0.0, 0.0, 0.0, 0.0, 1.0],
                [-1.0, 0.0, -0.0, -0.0, 0.0, -0.0, -1.0, 0.3, -0.0, -1.0, -0.0, -0.0, 0.0, 0.0, 0.0, 1.0]
            ]
        }
    ]
}