{
    "animation": [
        {
            "name": "Root",
            "time": [0.0, 0.15, 0.3333, 0.5667, 0.95, 1.3833, 1.9667, 2.1167, 2.6667, 3.1],
            "transform": [
                [0.834853, 0.0, -0.550472, -0.00065, -0.550472, 0.0, -0.834853, -0.027522, 0.0, 1.0, 0.0, 0.770544, 0.0, 0.0, 0.0, 1.0],
                [0.966978, -0.010976, -0.254622, -0.00065, -0.249128, -0.251376, -0.935278, -0.027522, -0.05374, 0.967827, -0.245809, 0.770544, 0.0, 0.0, 0.0, 1.0],
                [0.985313, 0.0, -0.170758, -0.00065, -0.162038, -0.315469, -0.934999, -0.027522, -0.053869, 0.948936, -0.310835, 0.770544, 0.0, 0.0, 0.0, 1.0],
                [0.864415, -0.00784, -0.502718, -0.00065, -0.50255, -0.043661, -0.863445, -0.027522, -0.01518, 0.999016, -0.041681, 0.667433, 0.0, 0.0, 0.0, 1.0],
                [0.834853, 0.0, -0.550472, -0.00065, -0.550472, 0.0, -0.834853, -0.027522, 0.0, 1.0, 0.0, 0.650886, 0.0, 0.0, 0.0, 1.0],
                [0.834853, 0.0, -0.550472, -0.00065, -0.550472, 0.0, -0.834853, -0.027522, 0.0, 1.0, 0.0, 0.650886, 0.0, 0.0, 0.0, 1.0],
                [0.834853, 0.0, -0.550472, -0.00065, -0.550472, 0.0, -0.834853, -0.027522, 0.0, 1.0, 0.0, 0.650886, 0.0, 0.0, 0.0, 1.0],
                [0.834853, 0.0, -0.550472, 0.006632, -0.550472, 0.0, -0.834853, -0.183133, 0.0, 1.0, 0.0, 0.626821, 0.0, 0.0, 0.0, 1.0],
                [0.834853, 0.0, -0.550472, -0.00065, -0.550472, 0.0, -0.834853, -0.149086, 0.0, 1.0, 0.0, 0.650886, 0.0, 0.0, 0.0, 1.0],
                [0.834853, 0.0, -0.550472, -0.00065, -0.550472, 0.0, -0.834853, -0.027522, 0.0, 1.0, 0.0, 0.770544, 0.0, 0.0, 0.0, 1.0]
            ]
        },
        {
            "name": "Thigh_R",
            "time": [0.0, 0.15, 0.3333, 0.5667, 0.95, 1.3833, 1.9667, 2.1167, 2.6667, 3.1],
            "transform": [
                [0.963909, 0.186031, 0.19045, 0.124994, 0.192353, -0.981208, -0.015096, -0.002831, 0.184063, 0.051185, -0.981581, -1.2e-05, 0.0, 0.0, 0.0, 1.0],
                [0.963909, 0.155518, 0.216086, 0.124994, 0.192353, -0.967961, -0.161393, -0.002831, 0.184063, 0.197133, -0.962943, -1.2e-05, 0.0, 0.0, 0.0, 1.0],
                [0.963909, 0.146761, 0.222126, 0.124994, 0.192353, -0.96074, -0.199936, -0.002831, 0.184063, 0.235446, -0.954299, -1.2e-05, 0.0, 0.0, 0.0, 1.0],
                [0.865546, 0.375464, 0.331446, 0.124994, 0.434246, -0.892334, -0.123154, -0.002831, 0.249521, 0.250524, -0.935402, -1.2e-05, 0.0, 0.0, 0.0, 1.0],
                [0.865546, 0.375464, 0.331446, 0.124994, 0.434246, -0.892334, -0.123154, -0.002831, 0.249521, 0.250524, -0.935402, -1.2e-05, 0.0, 0.0, 0.0, 1.0],
                [0.865546, 0.375464, 0.331446, 0.124994, 0.434246, -0.892334, -0.123154, -0.002831, 0.249521, 0.250524, -0.935402, -1.2e-05, 0.0, 0.0, 0.0, 1.0],
                [0.865546, 0.375464, 0.331446, 0.124994, 0.434246, -0.892334, -0.123154, -0.002831, 0.249521, 0.250524, -0.935402, -1.2e-05, 0.0, 0.0, 0.0, 1.0],
                [0.890739, 0.409818, 0.19655, 0.124994, 0.373812, -0.906532, 0.196112, -0.002831, 0.25855, -0.101211, -0.960681, -1.2e-05, 0.0, 0.0, 0.0, 1.0],
                [0.906825, 0.393809, 0.150272, 0.124994, 0.392757, -0.918859, 0.037898, -0.002831, 0.153003, 0.024654, -0.987918, -1.2e-05, 0.0, 0.0, 0.0, 1.0],
                [0.963909, 0.186031, 0.19045, 0.124994, 0.192353, -0.981208, -0.015096, -0.002831, 0.184063, 0.051185, -0.981581, -1.2e-05, 0.0, 0.0, 0.0, 1.0]
            ]
        },
        {
            "name": "Leg_R",
            "time": [0.0, 0.15, 0.3333, 0.5667, 0.95, 1.3833, 1.9667, 2.1167, 2.6667, 3.1],
            "transform": [
                [1.0, 0.0, 2e-06, 0.0, -0.0, 0.999924, -0.012363, 0.37472, -2e-06, 0.012363, 0.999923, 0.0, 0.0, 0.0, 0.0, 1.0],
                [1.0, -0.0, 2e-06, 0.0, -0.0, 0.976554, 0.215277, 0.37472, -2e-06, -0.215277, 0.976552, -0.0, 0.0, 0.0, 0.0, 1.0],
                [1.0, -0.0, 2e-06, -0.0, -0.0, 0.961587, 0.274502, 0.37472, -2e-06, -0.274502, 0.961586, 0.0, 0.0, 0.0, 0.0, 1.0],
                [1.0, -0.0, 2e-06, -0.0, -0.0, 0.946393, 0.323019, 0.37472, -2e-06, -0.323019, 0.946392, 0.0, 0.0, 0.0, 0.0, 1.0],
                [1.0, -0.0, 2e-06, 0.0, -0.0, 0.945147, 0.326646, 0.37472, -2e-06, -0.326647, 0.945146, -0.0, 0.0, 0.0, 0.0, 1.0],
                [1.0, -0.0, 2e-06, 0.0, -0.0, 0.945147, 0.326646, 0.37472, -2e-06, -0.326647, 0.945146, -0.0, 0.0, 0.0, 0.0, 1.0],
                [1.0, -0.0, 2e-06, 0.0, -0.0, 0.945147, 0.326646, 0.37472, -2e-06, -0.326647, 0.945146, -0.0, 0.0, 0.0, 0.0, 1.0],
                [1.0, -1e-06, 1e-06, 0.0, -0.0, 0.558952, 0.829199, 0.37472, -2e-06, -0.829201, 0.558951, -0.0, 0.0, 0.0, 0.0, 1.0],
                [1.0, -1e-06, 2e-06, 0.0, -0.0, 0.84103, 0.540988, 0.37472, -2e-06, -0.540989, 0.841029, 0.0, 0.0, 0.0, 0.0, 1.0],
                [1.0, 0.0, 2e-06, 0.0, -0.0, 0.999924, -0.012363, 0.37472, -2e-06, 0.012363, 0.999923, 0.0, 0.0, 0.0, 0.0, 1.0]
            ]
        },
        {
            "name": "Knee_R",
            "time": [0.0, 0.15, 0.3333, 0.5667, 0.95, 1.3833, 1.9667, 2.1167, 2.6667, 3.1],
            "transform": [
                [1.0, 0.0, -0.0, 0.0, -0.0, 1e-06, -1.0, 0.37472, -0.0, 1.0, 1e-06, 0.0, 0.0, 0.0, 0.0, 1.0],
                [1.0, 0.0, -0.0, 0.0, -0.0, 1e-06, -1.0, 0.37472, -0.0, 1.0, 1e-06, -0.0, 0.0, 0.0, 0.0, 1.0],
                [1.0, 0.0, -0.0, -0.0, -0.0, 1e-06, -1.0, 0.37472, -0.0, 1.0, 1e-06, 0.0, 0.0, 0.0, 0.0, 1.0],
                [1.0, 0.0, -0.0, -0.0, -0.0, 1e-06, -1.0, 0.37472, -0.0, 1.0, 1e-06, 0.0, 0.0, 0.0, 0.0, 1.0],
                [1.0, -0.0, -0.0, 0.0, -0.0, 1e-06, -1.0, 0.37472, -0.0, 1.0, 1e-06, -0.0, 0.0, 0.0, 0.0, 1.0],
                [1.0, -0.0, -0.0, 0.0, -0.0, 1e-06, -1.0, 0.37472, -0.0, 1.0, 1e-06, -0.0, 0.0, 0.0, 0.0, 1.0],
                [1.0, -0.0, -0.0, 0.0, -0.0, 1e-06, -1.0, 0.37472, -0.0, 1.0, 1e-06, -0.0, 0.0, 0.0, 0.0, 1.0],
                [1.0, 0.0, -0.0, 0.0, -0.0, 1e-06, -1.0, 0.37472, -0.0, 1.0, 1e-06, -0.0, 0.0, 0.0, 0.0, 1.0],
                [1.0, 0.0, -0.0, 0.0, -0.0, 1e-06, -1.0, 0.37472, -0.0, 1.0, 1e-06, 0.0, 0.0, 0.0, 0.0, 1.0],
                [1.0, 0.0, -0.0, 0.0, -0.0, 1e-06, -1.0, 0.37472, -0.0, 1.0, 1e-06, 0.0, 0.0, 0.0, 0.0, 1.0]
            ]
        },
        {
            "name": "Thigh_L",
            "time": [0.0, 0.15, 0.3333, 0.5667, 0.95, 1.3833, 1.9667, 2.1167, 2.6667, 3.1],
            "transform": [
                [0.866588, -0.185794, -0.463146, -0.125006, -0.027838, -0.94466, 0.326868, -0.002831, -0.498245, -0.270367, -0.823804, -1.2e-05, 0.0, 0.0, 0.0, 1.0],
                [0.976103, -0.060867, -0.208608, -0.125006, 0.017295, -0.935167, 0.353784, -0.002831, -0.216617, -0.348938, -0.911767, -1.2e-05, 0.0, 0.0, 0.0, 1.0],
                [0.99019, -0.024198, -0.137611, -0.125006, 0.027663, -0.931444, 0.362832, -0.002831, -0.136957, -0.36308, -0.921637, -1.2e-05, 0.0, 0.0, 0.0, 1.0],
                [0.892088, -0.315354, -0.323619, -0.125006, -0.028866, -0.754503, 0.655661, -0.002831, -0.450936, -0.575567, -0.682187, -1.2e-05, 0.0, 0.0, 0.0, 1.0],
                [0.866588, -0.363808, -0.341566, -0.125006, -0.027838, -0.718648, 0.694816, -0.002831, -0.498245, -0.592611, -0.6329, -1.2e-05, 0.0, 0.0, 0.0, 1.0],
                [0.866588, -0.363808, -0.341566, -0.125006, -0.027838, -0.718648, 0.694816, -0.002831, -0.498245, -0.592611, -0.6329, -1.2e-05, 0.0, 0.0, 0.0, 1.0],
                [0.866588, -0.363808, -0.341566, -0.125006, -0.027838, -0.718648, 0.694816, -0.002831, -0.498245, -0.592611, -0.6329, -1.2e-05, 0.0, 0.0, 0.0, 1.0],
                [0.866588, -0.389226, -0.312293, -0.125006, -0.027838, -0.662542, 0.748506, -0.002831, -0.498245, -0.639954, -0.584988, -1.2e-05, 0.0, 0.0, 0.0, 1.0],
                [0.866588, -0.363808, -0.341566, -0.125006, -0.027838, -0.718648, 0.694816, -0.002831, -0.498245, -0.592611, -0.6329, -1.2e-05, 0.0, 0.0, 0.0, 1.0],
                [0.866588, -0.185794, -0.463146, -0.125006, -0.027838, -0.94466, 0.326868, -0.002831, -0.498245, -0.270367, -0.823804, -1.2e-05, 0.0, 0.0, 0.0, 1.0]
            ]
        },
        {
            "name": "Leg_L",
            "time": [0.0, 0.15, 0.3333, 0.5667, 0.95, 1.3833, 1.9667, 2.1167, 2.6667, 3.1],
            "transform": [
                [1.0, -0.0, 1e-06, 0.0, 0.0, 0.953504, 0.301381, 0.37472, -1e-06, -0.301381, 0.953504, 0.0, 0.0, 0.0, 0.0, 1.0],
                [1.0, -1e-06, 0.0, 0.0, 0.0, 0.644994, 0.764188, 0.37472, -1e-06, -0.764187, 0.644994, -0.0, 0.0, 0.0, 0.0, 1.0],
                [1.0, -1e-06, 0.0, 0.0, 0.0, 0.524733, 0.851267, 0.37472, -1e-06, -0.851267, 0.524733, -0.0, 0.0, 0.0, 0.0, 1.0],
                [1.0, -1e-06, 0.0, -0.0, 0.0, 0.618693, 0.785633, 0.37472, -1e-06, -0.785632, 0.618694, 0.0, 0.0, 0.0, 0.0, 1.0],
                [1.0, -1e-06, 0.0, 0.0, 0.0, 0.633038, 0.774121, 0.37472, -1e-06, -0.77412, 0.633038, 0.0, 0.0, 0.0, 0.0, 1.0],
                [1.0, -1e-06, 0.0, 0.0, 0.0, 0.633038, 0.774121, 0.37472, -1e-06, -0.77412, 0.633038, 0.0, 0.0, 0.0, 0.0, 1.0],
                [1.0, -1e-06, 0.0, 0.0, 0.0, 0.633038, 0.774121, 0.37472, -1e-06, -0.77412, 0.633038, 0.0, 0.0, 0.0, 0.0, 1.0],
                [1.0, -1e-06, 0.0, -0.0, 0.0, 0.761744, 0.647878, 0.37472, -1e-06, -0.647878, 0.761744, -0.0, 0.0, 0.0, 0.0, 1.0],
                [1.0, -1e-06, 0.0, 0.0, 0.0, 0.633038, 0.774121, 0.37472, -1e-06, -0.77412, 0.633038, -0.0, 0.0, 0.0, 0.0, 1.0],
                [1.0, -0.0, 1e-06, 0.0, 0.0, 0.953504, 0.301381, 0.37472, -1e-06, -0.301381, 0.953504, 0.0, 0.0, 0.0, 0.0, 1.0]
            ]
        },
        {
            "name": "Knee_L",
            "time": [0.0, 0.15, 0.3333, 0.5667, 0.95, 1.3833, 1.9667, 2.1167, 2.6667, 3.1],
            "transform": [
                [1.0, 0.0, -0.0, 0.0, -0.0, 1e-06, -1.0, 0.37472, -0.0, 1.0, 1e-06, 0.0, 0.0, 0.0, 0.0, 1.0],
                [1.0, 0.0, -0.0, 0.0, -0.0, 1e-06, -1.0, 0.37472, -0.0, 1.0, 1e-06, -0.0, 0.0, 0.0, 0.0, 1.0],
                [1.0, 0.0, -0.0, 0.0, -0.0, 1e-06, -1.0, 0.37472, -0.0, 1.0, 1e-06, -0.0, 0.0, 0.0, 0.0, 1.0],
                [1.0, 0.0, -0.0, -0.0, -0.0, 1e-06, -1.0, 0.37472, -0.0, 1.0, 1e-06, 0.0, 0.0, 0.0, 0.0, 1.0],
                [1.0, 0.0, -0.0, 0.0, -0.0, 1e-06, -1.0, 0.37472, -0.0, 1.0, 1e-06, 0.0, 0.0, 0.0, 0.0, 1.0],
                [1.0, 0.0, -0.0, 0.0, -0.0, 1e-06, -1.0, 0.37472, -0.0, 1.0, 1e-06, 0.0, 0.0, 0.0, 0.0, 1.0],
                [1.0, 0.0, -0.0, 0.0, -0.0, 1e-06, -1.0, 0.37472, -0.0, 1.0, 1e-06, 0.0, 0.0, 0.0, 0.0, 1.0],
                [1.0, 0.0, -0.0, -0.0, -0.0, 1e-06, -1.0, 0.37472, -0.0, 1.0, 1e-06, -0.0, 0.0, 0.0, 0.0, 1.0],
                [1.0, 0.0, -0.0, 0.0, -0.0, 1e-06, -1.0, 0.37472, -0.0, 1.0, 1e-06, -0.0, 0.0, 0.0, 0.0, 1.0],
                [1.0, 0.0, -0.0, 0.0, -0.0, 1e-06, -1.0, 0.37472, -0.0, 1.0, 1e-06, 0.0, 0.0, 0.0, 0.0, 1.0]
            ]
        },
        {
            "name": "Torso",
            "time": [0.0, 0.15, 0.3333, 0.5667, 0.95, 1.3833, 1.9667, 2.1167, 2.6667, 3.1],
            "transform": [
                [0.981277, 0.0108, -0.192301, 0.0, -0.017548, 0.999287, -0.033421, 0.05, 0.191803, 0.036169, 0.980767, 0.0, 0.0, 0.0, 0.0, 1.0],
                [0.981276, 0.0108, -0.192301, 0.0, -0.017548, 0.999287, -0.033421, 0.05, 0.191803, 0.036169, 0.980767, -0.0, 0.0, 0.0, 0.0, 1.0],
                [0.981277, 0.0108, -0.192301, -0.0, -0.017548, 0.999287, -0.033421, 0.05, 0.191803, 0.036169, 0.980767, 0.0, 0.0, 0.0, 0.0, 1.0],
                [0.981277, 0.0108, -0.192301, -0.0, -0.017548, 0.999287, -0.033421, 0.05, 0.191803, 0.036169, 0.980767, 0.0, 0.0, 0.0, 0.0, 1.0],
                [0.981277, 0.0108, -0.192301, 0.0, -0.017548, 0.999287, -0.033421, 0.05, 0.191803, 0.036169, 0.980767, 0.0, 0.0, 0.0, 0.0, 1.0],
                [0.981277, 0.0108, -0.192301, 0.0, -0.017548, 0.999287, -0.033421, 0.05, 0.191803, 0.036169, 0.980767, 0.0, 0.0, 0.0, 0.0, 1.0],
                [0.981277, 0.0108, -0.192301, 0.0, -0.017548, 0.999287, -0.033421, 0.05, 0.191803, 0.036169, 0.980767, 0.0, 0.0, 0.0, 0.0, 1.0],
                [0.981277, 0.0108, -0.192301, 0.0, -0.017548, 0.999287, -0.033421, 0.05, 0.191803, 0.036169, 0.980767, -0.0, 0.0, 0.0, 0.0, 1.0],
                [0.981277, 0.0108, -0.192301, -0.0, -0.017548, 0.999287, -0.033421, 0.05, 0.191803, 0.036169, 0.980767, -0.0, 0.0, 0.0, 0.0, 1.0],
                [0.981277, 0.0108, -0.192301, 0.0, -0.017548, 0.999287, -0.033421, 0.05, 0.191803, 0.036169, 0.980767, 0.0, 0.0, 0.0, 0.0, 1.0]
            ]
        },
        {
            "name": "Chest",
            "time": [0.0, 0.15, 0.3333, 0.5667, 0.95, 1.3833, 1.9667, 2.1167, 2.6667, 3.1],
            "transform": [
                [0.963687, -0.011176, -0.266802, -0.0, 0.052557, 0.987519, 0.14847, 0.3, 0.261813, -0.157101, 0.952247, -0.0, 0.0, 0.0, 0.0, 1.0],
                [0.963687, -0.011176, -0.266802, 0.0, 0.052557, 0.987519, 0.14847, 0.3, 0.261813, -0.157101, 0.952247, 0.0, 0.0, 0.0, 0.0, 1.0],
                [0.963954, 0.050901, -0.261156, -0.0, -0.050566, 0.998689, 0.008004, 0.3, 0.261221, 0.00549, 0.965263, 0.0, 0.0, 0.0, 0.0, 1.0],
                [0.985879, -0.076475, -0.148975, 0.0, 0.095798, 0.987243, 0.127175, 0.3, 0.137348, -0.13965, 0.980629, 0.0, 0.0, 0.0, 0.0, 1.0],
                [0.987755, -0.086711, -0.129695, -0.0, 0.10295, 0.986896, 0.124249, 0.3, 0.117221, -0.136079, 0.983739, -0.0, 0.0, 0.0, 0.0, 1.0],
                [0.993006, 0.010097, -0.117631, -0.0, -0.005026, 0.999048, 0.043323, 0.3, 0.117957, -0.042428, 0.992112, -0.0, 0.0, 0.0, 0.0, 1.0],
                [0.993006, 0.010097, -0.117631, -0.0, -0.005026, 0.999048, 0.043323, 0.3, 0.117957, -0.042428, 0.992112, -0.0, 0.0, 0.0, 0.0, 1.0],
                [0.978251, 0.177807, -0.106814, 0.0, -0.18849, 0.976974, -0.099969, 0.3, 0.086579, 0.117928, 0.989241, -0.0, 0.0, 0.0, 0.0, 1.0],
                [0.993793, 0.017989, -0.109777, -0.0, -0.012677, 0.998723, 0.048905, 0.3, 0.110516, -0.047209, 0.992753, -0.0, 0.0, 0.0, 0.0, 1.0],
                [0.963687, -0.011176, -0.266802, -0.0, 0.052557, 0.987519, 0.14847, 0.3, 0.261813, -0.157101, 0.952247, -0.0, 0.0, 0.0, 0.0, 1.0]
            ]
        },
        {
            "name": "Head",
            "time": [0.0, 0.15, 0.3333, 0.5667, 0.95, 1.3833, 1.9667, 2.1167, 2.6667, 3.1],
            "transform": [
                [0.689378, -0.058669, 0.722022, -0.0, 0.083627, 0.996497, 0.001126, 0.4, -0.719558, 0.059604, 0.691869, -0.0, 0.0, 0.0, 0.0, 1.0],
                [0.689378, -0.058669, 0.722022, -0.0, 0.083627, 0.996496, 0.001126, 0.4, -0.719559, 0.059604, 0.691869, -0.0, 0.0, 0.0, 0.0, 1.0],
                [0.689378, -0.058669, 0.722022, 0.0, 0.083627, 0.996497, 0.001126, 0.4, -0.719558, 0.059604, 0.691869, 0.0, 0.0, 0.0, 0.0, 1.0],
                [0.665103, 0.161332, 0.729115, 0.0, -0.236651, 0.971594, 0.000889, 0.4, -0.708261, -0.173137, 0.68439, -0.0, 0.0, 0.0, 0.0, 1.0],
                [0.654702, 0.195295, 0.730222, 0.0, -0.286407, 0.958108, 0.000544, 0.4, -0.699525, -0.209497, 0.683209, 0.0, 0.0, 0.0, 0.0, 1.0],
                [0.654702, 0.195295, 0.730222, 0.0, -0.286407, 0.958108, 0.000544, 0.4, -0.699526, -0.209497, 0.68321, 0.0, 0.0, 0.0, 0.0, 1.0],
                [0.654702, 0.195295, 0.730222, 0.0, -0.286407, 0.958108, 0.000544, 0.4, -0.699526, -0.209497, 0.68321, 0.0, 0.0, 0.0, 0.0, 1.0],
                [0.654702, 0.195295, 0.730222, 0.0, -0.286407, 0.958108, 0.000544, 0.4, -0.699525, -0.209497, 0.683209, -0.0, 0.0, 0.0, 0.0, 1.0],
                [0.654702, 0.195295, 0.730222, 0.0, -0.286407, 0.958108, 0.000544, 0.4, -0.699526, -0.209497, 0.68321, 0.0, 0.0, 0.0, 0.0, 1.0],
                [0.689378, -0.058669, 0.722022, -0.0, 0.083627, 0.996497, 0.001126, 0.4, -0.719558, 0.059604, 0.691869, -0.0, 0.0, 0.0, 0.0, 1.0]
            ]
        },
        {
            "name": "Shoulder_R",
            "time": [0.0, 0.15, 0.3333, 0.5667, 0.95, 1.3833, 1.9667, 2.1167, 2.6667, 3.1],
            "transform": [
                [0.356552, 0.842834, 0.403113, -0.0, -0.197463, -0.353741, 0.914262, 0.4, 0.913169, -0.405582, 0.040302, -0.0, 0.0, 0.0, 0.0, 1.0],
                [0.356552, 0.842834, 0.403113, -0.0, -0.197463, -0.353741, 0.914262, 0.4, 0.913169, -0.405582, 0.040302, -0.0, 0.0, 0.0, 0.0, 1.0],
                [0.356552, 0.842834, 0.403113, 0.0, -0.197463, -0.353741, 0.914262, 0.4, 0.91317, -0.405582, 0.040302, 0.0, 0.0, 0.0, 0.0, 1.0],
                [0.178864, 0.941104, 0.286934, 0.0, -0.042773, -0.283923, 0.957892, 0.4, 0.982943, -0.183605, -0.01053, -0.0, 0.0, 0.0, 0.0, 1.0],
                [0.147665, 0.951759, 0.268978, 0.0, -0.019397, -0.26912, 0.962911, 0.4, 0.988847, -0.147405, -0.021278, 0.0, 0.0, 0.0, 0.0, 1.0],
                [0.147665, 0.951759, 0.268978, 0.0, -0.019397, -0.26912, 0.962911, 0.4, 0.988847, -0.147405, -0.021278, 0.0, 0.0, 0.0, 0.0, 1.0],
                [0.147665, 0.951759, 0.268978, 0.0, -0.019397, -0.26912, 0.962911, 0.4, 0.988847, -0.147405, -0.021278, 0.0, 0.0, 0.0, 0.0, 1.0],
                [0.147665, 0.951759, 0.268978, 0.0, -0.019397, -0.26912, 0.962911, 0.4, 0.988847, -0.147405, -0.021278, -0.0, 0.0, 0.0, 0.0, 1.0],
                [0.147665, 0.951759, 0.268978, 0.0, -0.019397, -0.26912, 0.962911, 0.4, 0.988847, -0.147405, -0.021278, 0.0, 0.0, 0.0, 0.0, 1.0],
                [0.356552, 0.842834, 0.403113, -0.0, -0.197463, -0.353741, 0.914262, 0.4, 0.913169, -0.405582, 0.040302, -0.0, 0.0, 0.0, 0.0, 1.0]
            ]
        },
        {
            "name": "Arm_R",
            "time": [0.0, 0.15, 0.3333, 0.3833, 0.5667, 0.95, 1.3833, 1.9667, 2.1167, 2.6667, 3.1],
            "transform": [
                [-0.946732, -0.313749, -0.072529, 0.0, -0.186526, 0.717884, -0.670708, 0.39386, 0.262501, -0.621453, -0.738166, -0.0, 0.0, 0.0, 0.0, 1.0],
                [-0.946732, -0.313749, -0.072528, -0.0, -0.186526, 0.717884, -0.670708, 0.39386, 0.262501, -0.621452, -0.738166, 0.0, 0.0, 0.0, 0.0, 1.0],
                [-0.946732, -0.313749, -0.072528, -0.0, -0.186526, 0.717884, -0.670708, 0.39386, 0.262501, -0.621452, -0.738166, -0.0, 0.0, 0.0, 0.0, 1.0],
                [-0.772047, -0.607773, -0.185893, -0.0, -0.177222, 0.486748, -0.855376, 0.393861, 0.610357, -0.627446, -0.483503, 0.0, 0.0, 0.0, 0.0, 1.0],
                [-0.806919, -0.433049, -0.401684, 0.0, 0.132644, 0.529832, -0.837665, 0.39386, 0.575575, -0.729209, -0.37009, 0.0, 0.0, 0.0, 0.0, 1.0],
                [-0.77067, -0.457686, -0.443386, -0.0, 0.189784, 0.499369, -0.845348, 0.39386, 0.608317, -0.735632, -0.297987, 0.0, 0.0, 0.0, 0.0, 1.0],
                [-0.77067, -0.457686, -0.443386, -0.0, 0.189784, 0.499369, -0.845348, 0.393861, 0.608317, -0.735632, -0.297987, -0.0, 0.0, 0.0, 0.0, 1.0],
                [-0.77067, -0.457686, -0.443386, -0.0, 0.189784, 0.499369, -0.845348, 0.393861, 0.608317, -0.735632, -0.297987, -0.0, 0.0, 0.0, 0.0, 1.0],
                [-0.731723, -0.525653, -0.4339, 0.0, 0.23178, 0.406759, -0.883643, 0.393861, 0.640983, -0.747152, -0.175799, 0.0, 0.0, 0.0, 0.0, 1.0],
                [-0.724676, -0.537542, -0.431153, 0.0, 0.239741, 0.389924, -0.889092, 0.39386, 0.646041, -0.747669, -0.153698, 0.0, 0.0, 0.0, 0.0, 1.0],
                [-0.946732, -0.313749, -0.072529, 0.0, -0.186526, 0.717884, -0.670708, 0.39386, 0.262501, -0.621453, -0.738166, -0.0, 0.0, 0.0, 0.0, 1.0]
            ]
        },
        {
            "name": "Hand_R",
            "time": [0.0, 0.15, 0.3333, 0.5667, 0.95, 1.3833, 1.9667, 2.1167, 2.6667, 3.1],
            "transform": [
                [0.999985, 0.00555, 9.3e-05, 0.0, -0.00125, 0.241463, -0.97041, 0.3, -0.005409, 0.970394, 0.241466, -0.0, 0.0, 0.0, 0.0, 1.0],
                [0.999985, 0.005551, 9.3e-05, -0.0, -0.00125, 0.241463, -0.97041, 0.3, -0.005409, 0.970394, 0.241466, 0.0, 0.0, 0.0, 0.0, 1.0],
                [0.999985, 0.005551, 9.3e-05, -0.0, -0.00125, 0.241463, -0.97041, 0.3, -0.005409, 0.970394, 0.241466, -0.0, 0.0, 0.0, 0.0, 1.0],
                [0.999984, 0.005431, -0.00115, -0.0, -0.00125, 0.018533, -0.999828, 0.3, -0.005409, 0.999814, 0.018539, -0.0, 0.0, 0.0, 0.0, 1.0],
                [0.999985, 0.005386, -0.001345, -0.0, -0.00125, -0.017552, -0.999845, 0.3, -0.005409, 0.999831, -0.017545, 0.0, 0.0, 0.0, 0.0, 1.0],
                [0.999985, 0.005386, -0.001345, 0.0, -0.00125, -0.017553, -0.999845, 0.3, -0.005409, 0.999832, -0.017545, 0.0, 0.0, 0.0, 0.0, 1.0],
                [0.999985, 0.005386, -0.001345, 0.0, -0.00125, -0.017553, -0.999845, 0.3, -0.005409, 0.999832, -0.017545, 0.0, 0.0, 0.0, 0.0, 1.0],
                [0.999985, 0.005386, -0.001345, -0.0, -0.00125, -0.017553, -0.999846, 0.3, -0.005409, 0.999832, -0.017545, 0.0, 0.0, 0.0, 0.0, 1.0],
                [0.999985, 0.005386, -0.001345, -0.0, -0.00125, -0.017553, -0.999845, 0.3, -0.005409, 0.999832, -0.017545, -0.0, 0.0, 0.0, 0.0, 1.0],
                [0.999985, 0.00555, 9.3e-05, 0.0, -0.00125, 0.241463, -0.97041, 0.3, -0.005409, 0.970394, 0.241466, -0.0, 0.0, 0.0, 0.0, 1.0]
            ]
        },
        {
            "name": "Tool_R",
            "time": [0.0, 0.15, 0.3333, 0.5667, 0.95, 1.3833, 1.9667, 2.1167, 2.6667, 3.1],
            "transform": [
                [0.786681, -0.530705, -0.279897, -0.0, -0.297969, -0.723863, 0.579995, 0.272858, -0.540375, -0.373025, -0.726429, -0.0, 0.0, 0.0, 0.0, 1.0],
                [0.547521, -0.795974, 0.167425, 0.0, -0.600565, -0.234324, 0.740355, 0.272858, -0.582365, -0.506111, -0.605367, 0.0, 0.0, 0.0, 0.0, 1.0],
                [0.459532, -0.812351, 0.292077, 0.186256, -0.650619, -0.083815, 0.732703, 0.292075, -0.604237, -0.526939, -0.566144, 0.120816, 0.0, 0.0, 0.0, 1.0],
                [0.738314, -0.474968, -0.451493, -0.072444, -0.451912, -0.845794, 0.191089, 0.289572, -0.500377, 0.062967, -0.83778, 0.041958, 0.0, 0.0, 0.0, 1.0],
                [0.763268, -0.355809, -0.517018, -0.084069, -0.400582, -0.889097, 0.05296, 0.292254, -0.506613, 0.166742, -0.819854, 0.048691, 0.0, 0.0, 0.0, 1.0],
                [0.763268, -0.355809, -0.517018, -0.084069, -0.400582, -0.889097, 0.05296, 0.292254, -0.506613, 0.166742, -0.819854, 0.048691, 0.0, 0.0, 0.0, 1.0],
                [0.763268, -0.355809, -0.517018, -0.084069, -0.400582, -0.889097, 0.05296, 0.292254, -0.506613, 0.166742, -0.819854, 0.048691, 0.0, 0.0, 0.0, 1.0],
                [0.763268, -0.355809, -0.517018, -0.084069, -0.400582, -0.889097, 0.05296, 0.292254, -0.506613, 0.166742, -0.819854, 0.048691, 0.0, 0.0, 0.0, 1.0],
                [0.763268, -0.355809, -0.517018, -0.084069, -0.400582, -0.889097, 0.05296, 0.292254, -0.506613, 0.166742, -0.819854, 0.048691, 0.0, 0.0, 0.0, 1.0],
                [0.786681, -0.530705, -0.279897, -0.0, -0.297969, -0.723863, 0.579995, 0.272858, -0.540375, -0.373025, -0.726429, -0.0, 0.0, 0.0, 0.0, 1.0]
            ]
        },
        {
            "name": "Elbow_R",
            "time": [0.0, 0.15, 0.3333, 0.5667, 0.95, 1.3833, 1.9667, 2.1167, 2.6667, 3.1],
            "transform": [
                [-1.0, 0.0, 0.0, 0.0, 0.0, -0.0, -1.0, 0.3, -0.0, -1.0, 0.0, -0.0, 0.0, 0.0, 0.0, 1.0],
                [-1.0, 0.0, -0.0, -0.0, 0.0, 0.0, -1.0, 0.3, -0.0, -1.0, -0.0, 0.0, 0.0, 0.0, 0.0, 1.0],
                [-1.0, 0.0, -0.0, -0.0, 0.0, -0.0, -1.0, 0.3, -0.0, -1.0, 0.0, -0.0, 0.0, 0.0, 0.0, 1.0],
                [-1.0, 0.0, 0.0, -0.0, 0.0, -0.0, -1.0, 0.3, -0.0, -1.0, 0.0, -0.0, 0.0, 0.0, 0.0, 1.0],
                [-1.0, 0.0, 0.0, -0.0, 0.0, -0.0, -1.0, 0.3, -0.0, -1.0, 0.0, 0.0, 0.0, 0.0, 0.0, 1.0],
                [-1.0, 0.0, 0.0, 0.0, 0.0, -0.0, -1.0, 0.3, -0.0, -1.0, 0.0, 0.0, 0.0, 0.0, 0.0, 1.0],
                [-1.0, 0.0, 0.0, 0.0, 0.0, -0.0, -1.0, 0.3, -0.0, -1.0, 0.0, 0.0, 0.0, 0.0, 0.0, 1.0],
                [-1.0, 0.0, -0.0, -0.0, -0.0, -0.0, -1.0, 0.3, -0.0, -1.0, 0.0, 0.0, 0.0, 0.0, 0.0, 1.0],
                [-1.0, 0.0, -0.0, -0.0, -0.0, 0.0, -1.0, 0.3, -0.0, -1.0, 0.0, -0.0, 0.0, 0.0, 0.0, 1.0],
                [-1.0, 0.0, 0.0, 0.0, 0.0, -0.0, -1.0, 0.3, -0.0, -1.0, 0.0, -0.0, 0.0, 0.0, 0.0, 1.0]
            ]
        },
        {
            "name": "Shoulder_L",
            "time": [0.0, 0.15, 0.3333, 0.5667, 0.95, 1.3833, 1.9667, 2.1167, 2.6667, 3.1],
            "transform": [
                [0.096912, -0.948632, -0.301172, -0.0, -0.001219, -0.302709, 0.953082, 0.4, -0.995292, -0.091998, -0.030493, -0.0, 0.0, 0.0, 0.0, 1.0],
                [0.096912, -0.948632, -0.301172, -0.0, -0.001219, -0.302709, 0.953082, 0.4, -0.995292, -0.091998, -0.030493, -0.0, 0.0, 0.0, 0.0, 1.0],
                [0.096912, -0.948632, -0.301172, 0.0, -0.001219, -0.302709, 0.953082, 0.4, -0.995292, -0.091998, -0.030493, 0.0, 0.0, 0.0, 0.0, 1.0],
                [0.284608, -0.910106, -0.301172, 0.0, 0.059323, -0.296842, 0.953082, 0.4, -0.956807, -0.289121, -0.030493, -0.0, 0.0, 0.0, 0.0, 1.0],
                [0.313803, -0.900457, -0.301172, 0.0, 0.068863, -0.294775, 0.953082, 0.4, -0.946988, -0.31982, -0.030493, 0.0, 0.0, 0.0, 0.0, 1.0],
                [0.313803, -0.900457, -0.301172, 0.0, 0.068863, -0.294775, 0.953082, 0.4, -0.946988, -0.319819, -0.030493, 0.0, 0.0, 0.0, 0.0, 1.0],
                [0.313803, -0.900457, -0.301172, 0.0, 0.068863, -0.294775, 0.953082, 0.4, -0.946988, -0.319819, -0.030493, 0.0, 0.0, 0.0, 0.0, 1.0],
                [0.313803, -0.900457, -0.301172, 0.0, 0.068863, -0.294775, 0.953082, 0.4, -0.946988, -0.31982, -0.030493, -0.0, 0.0, 0.0, 0.0, 1.0],
                [0.313803, -0.900457, -0.301172, 0.0, 0.068863, -0.294775, 0.953082, 0.4, -0.946988, -0.31982, -0.030493, 0.0, 0.0, 0.0, 0.0, 1.0],
                [0.096912, -0.948632, -0.301172, -0.0, -0.001219, -0.302709, 0.953082, 0.4, -0.995292, -0.091998, -0.030493, -0.0, 0.0, 0.0, 0.0, 1.0]
            ]
        },
        {
            "name": "Arm_L",
            "time": [0.0, 0.15, 0.3333, 0.3833, 0.5667, 0.95, 1.3833, 1.9667, 2.1167, 2.6667, 3.1],
            "transform": [
                [-0.31706, 0.27082, 0.908917, 0.0, -0.817821, 0.407223, -0.406618, 0.39386, -0.480252, -0.872253, 0.092368, -0.0, 0.0, 0.0, 0.0, 1.0],
                [-0.231215, 0.87963, 0.415681, 0.0, -0.385202, 0.309575, -0.869358, 0.39386, -0.893398, -0.361129, 0.267256, -0.0, 0.0, 0.0, 0.0, 1.0],
                [-0.134329, 0.959679, 0.246923, 0.0, -0.270905, 0.204125, -0.940715, 0.39386, -0.953188, -0.193258, 0.232562, 0.0, 0.0, 0.0, 0.0, 1.0],
                [0.330622, 0.939571, -0.088854, -0.0, -0.334364, 0.028574, -0.942011, 0.39386, -0.882547, 0.341159, 0.323606, -0.0, 0.0, 0.0, 0.0, 1.0],
                [-0.185513, 0.757321, 0.626139, 0.0, -0.440517, 0.505487, -0.741908, 0.39386, -0.878368, -0.413458, 0.239838, -0.0, 0.0, 0.0, 0.0, 1.0],
                [-0.186026, 0.711123, 0.678011, 0.0, -0.467835, 0.542705, -0.697569, 0.39386, -0.864017, -0.446963, 0.231731, 0.0, 0.0, 0.0, 0.0, 1.0],
                [-0.186026, 0.711123, 0.678011, -0.0, -0.467835, 0.542705, -0.697569, 0.39386, -0.864017, -0.446963, 0.231731, 0.0, 0.0, 0.0, 0.0, 1.0],
                [-0.186026, 0.711123, 0.678011, -0.0, -0.467835, 0.542705, -0.697569, 0.39386, -0.864017, -0.446963, 0.231731, 0.0, 0.0, 0.0, 0.0, 1.0],
                [0.023362, 0.713407, 0.70036, 0.0, -0.408716, 0.646147, -0.64455, 0.39386, -0.912362, -0.271191, 0.306676, -0.0, 0.0, 0.0, 0.0, 1.0],
                [0.060691, 0.709297, 0.702292, 0.0, -0.395532, 0.663081, -0.635514, 0.39386, -0.916445, -0.239209, 0.320792, -0.0, 0.0, 0.0, 0.0, 1.0],
                [-0.31706, 0.27082, 0.908917, 0.0, -0.817821, 0.407223, -0.406618, 0.39386, -0.480252, -0.872253, 0.092368, -0.0, 0.0, 0.0, 0.0, 1.0]
            ]
        },
        {
            "name": "Hand_L",
            "time": [0.0, 0.15, 0.3333, 0.5667, 0.95, 1.3833, 1.9667, 2.1167, 2.6667, 3.1],
            "transform": [
                [0.99932, -0.023322, 0.028571, 0.0, 0.036869, 0.651221, -0.757992, 0.3, -0.000928, 0.758529, 0.651638, -0.0, 0.0, 0.0, 0.0, 1.0],
                [0.99932, -0.023322, 0.028571, 0.0, 0.036869, 0.651222, -0.757992, 0.3, -0.000928, 0.758529, 0.651638, -0.0, 0.0, 0.0, 0.0, 1.0],
                [0.99932, -0.023322, 0.028571, -0.0, 0.03687, 0.651222, -0.757992, 0.3, -0.000928, 0.758529, 0.651638, -0.0, 0.0, 0.0, 0.0, 1.0],
                [0.99932, -0.023322, 0.028571, 0.0, 0.036869, 0.651222, -0.757992, 0.3, -0.000928, 0.758529, 0.651638, -0.0, 0.0, 0.0, 0.0, 1.0],
                [0.99932, -0.023322, 0.028571, -0.0, 0.036869, 0.651222, -0.757992, 0.3, -0.000928, 0.758529, 0.651638, 0.0, 0.0, 0.0, 0.0, 1.0],
                [0.99932, -0.023322, 0.028571, 0.0, 0.036869, 0.651222, -0.757992, 0.3, -0.000928, 0.758529, 0.651638, 0.0, 0.0, 0.0, 0.0, 1.0],
                [0.99932, -0.023322, 0.028571, 0.0, 0.036869, 0.651222, -0.757992, 0.3, -0.000928, 0.758529, 0.651638, 0.0, 0.0, 0.0, 0.0, 1.0],
                [0.99932, -0.023322, 0.028571, 0.0, 0.036869, 0.651222, -0.757992, 0.3, -0.000928, 0.758529, 0.651638, 0.0, 0.0, 0.0, 0.0, 1.0],
                [0.99932, -0.023322, 0.028571, 0.0, 0.036869, 0.651222, -0.757992, 0.3, -0.000928, 0.758529, 0.651638, -0.0, 0.0, 0.0, 0.0, 1.0],
                [0.99932, -0.023322, 0.028571, 0.0, 0.036869, 0.651221, -0.757992, 0.3, -0.000928, 0.758529, 0.651638, -0.0, 0.0, 0.0, 0.0, 1.0]
            ]
        },
        {
            "name": "Tool_L",
            "time": [0.0, 0.15, 0.3333, 0.3833, 0.5667, 0.95, 1.3833, 1.9667, 2.1167, 2.6667, 3.1],
            "transform": [
                [-0.286383, -0.251951, 0.924394, 0.390248, 0.95762, -0.044248, 0.284616, -0.151788, -0.030778, 0.966159, 0.253799, 0.363088, 0.0, 0.0, 0.0, 1.0],
                [0.214083, -0.634817, 0.742412, 0.25336, 0.694707, 0.633247, 0.341146, -0.040537, -0.686284, 0.442471, 0.576244, 0.380914, 0.0, 0.0, 0.0, 1.0],
                [0.37518, -0.636512, 0.673863, 0.216818, 0.542261, 0.740307, 0.397363, -0.010839, -0.751345, 0.216208, 0.622543, 0.385673, 0.0, 0.0, 0.0, 1.0],
                [0.659742, -0.106693, 0.74388, 0.218024, -0.274795, 0.887067, 0.370944, -0.038414, -0.69904, -0.448868, 0.555593, 0.409533, 0.0, 0.0, 0.0, 1.0],
                [0.206847, -0.363763, 0.908235, 0.221811, 0.362301, 0.890796, 0.274265, -0.127081, -0.908281, 0.272172, 0.315867, 0.491317, 0.0, 0.0, 0.0, 1.0],
                [0.24273, -0.579133, 0.778259, 0.217319, 0.757121, 0.614664, 0.221258, -0.133582, -0.606141, 0.535222, 0.587328, 0.530369, 0.0, 0.0, 0.0, 1.0],
                [0.24273, -0.579133, 0.778259, 0.217319, 0.757122, 0.614664, 0.221258, -0.133582, -0.606141, 0.535222, 0.587328, 0.530369, 0.0, 0.0, 0.0, 1.0],
                [0.24273, -0.579133, 0.778259, 0.217319, 0.757122, 0.614664, 0.221258, -0.133582, -0.606141, 0.535222, 0.587328, 0.530369, 0.0, 0.0, 0.0, 1.0],
                [0.3488, -0.351123, 0.868937, 0.217319, 0.558118, 0.822652, 0.108386, -0.133582, -0.75244, 0.44691, 0.482627, 0.530369, 0.0, 0.0, 0.0, 1.0],
                [0.331953, -0.533048, 0.778247, 0.217319, 0.649416, 0.72752, 0.221301, -0.133582, -0.683745, 0.431698, 0.587329, 0.530369, 0.0, 0.0, 0.0, 1.0],
                [-0.286383, -0.251951, 0.924394, 0.390248, 0.95762, -0.044248, 0.284616, -0.151788, -0.030778, 0.966159, 0.253799, 0.363088, 0.0, 0.0, 0.0, 1.0]
            ]
        },
        {
            "name": "Elbow_L",
            "time": [0.0, 0.15, 0.3333, 0.5667, 0.95, 1.3833, 1.9667, 2.1167, 2.6667, 3.1],
            "transform": [
                [-1.0, 0.0, -0.0, 0.0, 0.0, -0.0, -1.0, 0.3, -0.0, -1.0, -0.0, -0.0, 0.0, 0.0, 0.0, 1.0],
                [-1.0, 0.0, -0.0, 0.0, 0.0, -0.0, -1.0, 0.3, -0.0, -1.0, -0.0, -0.0, 0.0, 0.0, 0.0, 1.0],
                [-1.0, 0.0, -0.0, -0.0, 0.0, 0.0, -1.0, 0.3, -0.0, -1.0, 0.0, -0.0, 0.0, 0.0, 0.0, 1.0],
                [-1.0, 0.0, -0.0, 0.0, 0.0, -0.0, -1.0, 0.3, -0.0, -1.0, 0.0, -0.0, 0.0, 0.0, 0.0, 1.0],
                [-1.0, 0.0, -0.0, -0.0, 0.0, -0.0, -1.0, 0.3, -0.0, -1.0, 0.0, 0.0, 0.0, 0.0, 0.0, 1.0],
                [-1.0, 0.0, -0.0, 0.0, 0.0, -0.0, -1.0, 0.3, -0.0, -1.0, 0.0, 0.0, 0.0, 0.0, 0.0, 1.0],
                [-1.0, 0.0, -0.0, 0.0, 0.0, -0.0, -1.0, 0.3, -0.0, -1.0, 0.0, 0.0, 0.0, 0.0, 0.0, 1.0],
                [-1.0, 0.0, -0.0, 0.0, 0.0, -0.0, -1.0, 0.3, -0.0, -1.0, -0.0, 0.0, 0.0, 0.0, 0.0, 1.0],
                [-1.0, 0.0, -0.0, 0.0, 0.0, -0.0, -1.0, 0.3, -0.0, -1.0, 0.0, -0.0, 0.0, 0.0, 0.0, 1.0],
                [-1.0, 0.0, -0.0, 0.0, 0.0, -0.0, -1.0, 0.3, -0.0, -1.0, -0.0, -0.0, 0.0, 0.0, 0.0, 1.0]
            ]
        }
    ]
}