{
    "animation": [
        {
            "name": "Root",
            "time": [0.0, 0.4167, 0.5167, 0.7167, 0.95],
            "transform": [
                [0.834853, 0.0, -0.550472, -0.00065, -0.550472, 0.0, -0.834853, -0.027522, 0.0, 1.0, 0.0, 0.770544, 0.0, 0.0, 0.0, 1.0],
                [0.834853, 0.0, -0.550472, -0.00065, -0.550472, 0.0, -0.834853, -0.027522, 0.0, 1.0, 0.0, 0.770544, 0.0, 0.0, 0.0, 1.0],
                [0.834853, 0.0, -0.550472, -0.00065, -0.550472, 0.0, -0.834853, -0.027522, 0.0, 1.0, 0.0, 0.770544, 0.0, 0.0, 0.0, 1.0],
                [0.834853, 0.0, -0.550472, -0.00065, -0.550472, 0.0, -0.834853, -0.027522, 0.0, 1.0, 0.0, 0.770544, 0.0, 0.0, 0.0, 1.0],
                [0.834853, 0.0, -0.550472, -0.00065, -0.550472, 0.0, -0.834853, -0.027522, 0.0, 1.0, 0.0, 0.770544, 0.0, 0.0, 0.0, 1.0]
            ]
        },
        {
            "name": "Thigh_R",
            "time": [0.0, 0.4167, 0.5167, 0.7167, 0.95],
            "transform": [
                [0.963909, 0.186031, 0.19045, 0.124994, 0.192353, -0.981208, -0.015096, -0.002831, 0.184063, 0.051185, -0.981581, -1.2e-05, 0.0, 0.0, 0.0, 1.0],
                [0.963909, 0.186031, 0.19045, 0.124994, 0.192353, -0.981208, -0.015096, -0.002831, 0.184063, 0.051185, -0.981581, -1.2e-05, 0.0, 0.0, 0.0, 1.0],
                [0.963909, 0.186031, 0.19045, 0.124994, 0.192353, -0.981208, -0.015096, -0.002831, 0.184063, 0.051185, -0.981581, -1.2e-05, 0.0, 0.0, 0.0, 1.0],
                [0.963909, 0.186031, 0.19045, 0.124994, 0.192353, -0.981208, -0.015096, -0.002831, 0.184063, 0.051185, -0.981581, -1.2e-05, 0.0, 0.0, 0.0, 1.0],
                [0.963909, 0.186031, 0.19045, 0.124994, 0.192353, -0.981208, -0.015096, -0.002831, 0.184063, 0.051185, -0.981581, -1.2e-05, 0.0, 0.0, 0.0, 1.0]
            ]
        },
        {
            "name": "Leg_R",
            "time": [0.0, 0.4167, 0.5167, 0.7167, 0.95],
            "transform": [
                [1.0, 0.0, 2e-06, 0.0, -0.0, 0.999924, -0.012363, 0.37472, -2e-06, 0.012363, 0.999923, 0.0, 0.0, 0.0, 0.0, 1.0],
                [1.0, 0.0, 2e-06, 0.0, -0.0, 0.999924, -0.012363, 0.37472, -2e-06, 0.012363, 0.999923, 0.0, 0.0, 0.0, 0.0, 1.0],
                [1.0, 0.0, 2e-06, 0.0, -0.0, 0.999924, -0.012363, 0.37472, -2e-06, 0.012363, 0.999923, 0.0, 0.0, 0.0, 0.0, 1.0],
                [1.0, 0.0, 2e-06, 0.0, -0.0, 0.999924, -0.012363, 0.37472, -2e-06, 0.012363, 0.999923, 0.0, 0.0, 0.0, 0.0, 1.0],
                [1.0, 0.0, 2e-06, 0.0, -0.0, 0.999924, -0.012363, 0.37472, -2e-06, 0.012363, 0.999923, 0.0, 0.0, 0.0, 0.0, 1.0]
            ]
        },
        {
            "name": "Knee_R",
            "time": [0.0, 0.4167, 0.5167, 0.7167, 0.95],
            "transform": [
                [1.0, 0.0, -0.0, 0.0, -0.0, 1e-06, -1.0, 0.37472, -0.0, 1.0, 1e-06, 0.0, 0.0, 0.0, 0.0, 1.0],
                [1.0, 0.0, -0.0, 0.0, -0.0, 1e-06, -1.0, 0.37472, -0.0, 1.0, 1e-06, 0.0, 0.0, 0.0, 0.0, 1.0],
                [1.0, 0.0, -0.0, 0.0, -0.0, 1e-06, -1.0, 0.37472, -0.0, 1.0, 1e-06, 0.0, 0.0, 0.0, 0.0, 1.0],
                [1.0, 0.0, -0.0, 0.0, -0.0, 1e-06, -1.0, 0.37472, -0.0, 1.0, 1e-06, 0.0, 0.0, 0.0, 0.0, 1.0],
                [1.0, 0.0, -0.0, 0.0, -0.0, 1e-06, -1.0, 0.37472, -0.0, 1.0, 1e-06, 0.0, 0.0, 0.0, 0.0, 1.0]
            ]
        },
        {
            "name": "Thigh_L",
            "time": [0.0, 0.4167, 0.5167, 0.7167, 0.95],
            "transform": [
                [0.866588, -0.185794, -0.463146, -0.125006, -0.027838, -0.94466, 0.326868, -0.002831, -0.498245, -0.270367, -0.823804, -1.2e-05, 0.0, 0.0, 0.0, 1.0],
                [0.866588, -0.185794, -0.463146, -0.125006, -0.027838, -0.94466, 0.326868, -0.002831, -0.498245, -0.270367, -0.823804, -1.2e-05, 0.0, 0.0, 0.0, 1.0],
                [0.866588, -0.185794, -0.463146, -0.125006, -0.027838, -0.94466, 0.326868, -0.002831, -0.498245, -0.270367, -0.823804, -1.2e-05, 0.0, 0.0, 0.0, 1.0],
                [0.866588, -0.185794, -0.463146, -0.125006, -0.027838, -0.94466, 0.326868, -0.002831, -0.498245, -0.270367, -0.823804, -1.2e-05, 0.0, 0.0, 0.0, 1.0],
                [0.866588, -0.185794, -0.463146, -0.125006, -0.027838, -0.94466, 0.326868, -0.002831, -0.498245, -0.270367, -0.823804, -1.2e-05, 0.0, 0.0, 0.0, 1.0]
            ]
        },
        {
            "name": "Leg_L",
            "time": [0.0, 0.4167, 0.5167, 0.7167, 0.95],
            "transform": [
                [1.0, -0.0, 1e-06, 0.0, 0.0, 0.953504, 0.301381, 0.37472, -1e-06, -0.301381, 0.953504, 0.0, 0.0, 0.0, 0.0, 1.0],
                [1.0, -0.0, 1e-06, 0.0, 0.0, 0.953504, 0.301381, 0.37472, -1e-06, -0.301381, 0.953504, 0.0, 0.0, 0.0, 0.0, 1.0],
                [1.0, -0.0, 1e-06, 0.0, 0.0, 0.953504, 0.301381, 0.37472, -1e-06, -0.301381, 0.953504, 0.0, 0.0, 0.0, 0.0, 1.0],
                [1.0, -0.0, 1e-06, 0.0, 0.0, 0.953504, 0.301381, 0.37472, -1e-06, -0.301381, 0.953504, 0.0, 0.0, 0.0, 0.0, 1.0],
                [1.0, -0.0, 1e-06, 0.0, 0.0, 0.953504, 0.301381, 0.37472, -1e-06, -0.301381, 0.953504, 0.0, 0.0, 0.0, 0.0, 1.0]
            ]
        },
        {
            "name": "Knee_L",
            "time": [0.0, 0.4167, 0.5167, 0.7167, 0.95],
            "transform": [
                [1.0, 0.0, -0.0, 0.0, -0.0, 1e-06, -1.0, 0.37472, -0.0, 1.0, 1e-06, 0.0, 0.0, 0.0, 0.0, 1.0],
                [1.0, 0.0, -0.0, 0.0, -0.0, 1e-06, -1.0, 0.37472, -0.0, 1.0, 1e-06, 0.0, 0.0, 0.0, 0.0, 1.0],
                [1.0, 0.0, -0.0, 0.0, -0.0, 1e-06, -1.0, 0.37472, -0.0, 1.0, 1e-06, 0.0, 0.0, 0.0, 0.0, 1.0],
                [1.0, 0.0, -0.0, 0.0, -0.0, 1e-06, -1.0, 0.37472, -0.0, 1.0, 1e-06, 0.0, 0.0, 0.0, 0.0, 1.0],
                [1.0, 0.0, -0.0, 0.0, -0.0, 1e-06, -1.0, 0.37472, -0.0, 1.0, 1e-06, 0.0, 0.0, 0.0, 0.0, 1.0]
            ]
        },
        {
            "name": "Torso",
            "time": [0.0, 0.1333, 0.4167, 0.5167, 0.7167, 0.95],
            "transform": [
                [0.981277, 0.0108, -0.192301, 0.0, -0.017548, 0.999287, -0.033421, 0.05, 0.191803, 0.036169, 0.980767, 0.0, 0.0, 0.0, 0.0, 1.0],
                [0.981277, 0.023924, -0.191112, 0.0, -0.017548, 0.999234, 0.034986, 0.05, 0.191803, -0.030978, 0.980944, 0.0, 0.0, 0.0, 0.0, 1.0],
                [0.981277, 0.023924, -0.191112, 0.0, -0.017548, 0.999234, 0.034986, 0.05, 0.191803, -0.030978, 0.980944, 0.0, 0.0, 0.0, 0.0, 1.0],
                [0.981277, 0.023924, -0.191112, 0.0, -0.017548, 0.999234, 0.034986, 0.05, 0.191803, -0.030978, 0.980944, 0.0, 0.0, 0.0, 0.0, 1.0],
                [0.981277, 0.023924, -0.191112, 0.0, -0.017548, 0.999234, 0.034986, 0.05, 0.191803, -0.030978, 0.980944, 0.0, 0.0, 0.0, 0.0, 1.0],
                [0.981277, 0.0108, -0.192301, 0.0, -0.017548, 0.999287, -0.033421, 0.05, 0.191803, 0.036169, 0.980767, 0.0, 0.0, 0.0, 0.0, 1.0]
            ]
        },
        {
            "name": "Chest",
            "time": [0.0, 0.1333, 0.4167, 0.5167, 0.7167, 0.95],
            "transform": [
                [0.963687, -0.011176, -0.266802, -0.0, 0.052557, 0.987519, 0.14847, 0.3, 0.261813, -0.157101, 0.952247, -0.0, 0.0, 0.0, 0.0, 1.0],
                [0.963687, 0.028692, -0.26549, 0.0, 0.052557, 0.954385, 0.293917, 0.3, 0.261813, -0.297198, 0.91822, 0.0, 0.0, 0.0, 0.0, 1.0],
                [0.963687, 0.028692, -0.26549, 0.0, 0.052557, 0.954385, 0.293917, 0.3, 0.261813, -0.297198, 0.91822, 0.0, 0.0, 0.0, 0.0, 1.0],
                [0.963687, 0.028692, -0.26549, 0.0, 0.052557, 0.954385, 0.293917, 0.3, 0.261813, -0.297198, 0.91822, 0.0, 0.0, 0.0, 0.0, 1.0],
                [0.963687, 0.028692, -0.26549, 0.0, 0.052557, 0.954385, 0.293917, 0.3, 0.261813, -0.297198, 0.91822, 0.0, 0.0, 0.0, 0.0, 1.0],
                [0.963687, -0.011176, -0.266802, -0.0, 0.052557, 0.987519, 0.14847, 0.3, 0.261813, -0.157101, 0.952247, -0.0, 0.0, 0.0, 0.0, 1.0]
            ]
        },
        {
            "name": "Head",
            "time": [0.0, 0.4167, 0.5167, 0.7167, 0.95],
            "transform": [
                [0.689378, -0.058669, 0.722022, -0.0, 0.083627, 0.996497, 0.001126, 0.4, -0.719558, 0.059604, 0.691869, -0.0, 0.0, 0.0, 0.0, 1.0],
                [0.689378, -0.058669, 0.722022, -0.0, 0.083627, 0.996496, 0.001126, 0.4, -0.719558, 0.059604, 0.691869, -0.0, 0.0, 0.0, 0.0, 1.0],
                [0.689378, -0.058669, 0.722022, -0.0, 0.083627, 0.996496, 0.001126, 0.4, -0.719558, 0.059604, 0.691869, -0.0, 0.0, 0.0, 0.0, 1.0],
                [0.689378, -0.058669, 0.722022, -0.0, 0.083627, 0.996496, 0.001126, 0.4, -0.719558, 0.059604, 0.691869, -0.0, 0.0, 0.0, 0.0, 1.0],
                [0.689378, -0.058669, 0.722022, -0.0, 0.083627, 0.996497, 0.001126, 0.4, -0.719558, 0.059604, 0.691869, -0.0, 0.0, 0.0, 0.0, 1.0]
            ]
        },
        {
            "name": "Shoulder_R",
            "time": [0.0, 0.4167, 0.5167, 0.7167, 0.95],
            "transform": [
                [0.356552, 0.842834, 0.403113, -0.0, -0.197463, -0.353741, 0.914262, 0.4, 0.913169, -0.405582, 0.040302, -0.0, 0.0, 0.0, 0.0, 1.0],
                [0.356552, 0.842835, 0.403113, -0.0, -0.197463, -0.353741, 0.914262, 0.4, 0.913169, -0.405582, 0.040302, -0.0, 0.0, 0.0, 0.0, 1.0],
                [0.356552, 0.842835, 0.403113, -0.0, -0.197463, -0.353741, 0.914262, 0.4, 0.913169, -0.405582, 0.040302, -0.0, 0.0, 0.0, 0.0, 1.0],
                [0.356552, 0.842835, 0.403113, -0.0, -0.197463, -0.353741, 0.914262, 0.4, 0.913169, -0.405582, 0.040302, -0.0, 0.0, 0.0, 0.0, 1.0],
                [0.356552, 0.842834, 0.403113, -0.0, -0.197463, -0.353741, 0.914262, 0.4, 0.913169, -0.405582, 0.040302, -0.0, 0.0, 0.0, 0.0, 1.0]
            ]
        },
        {
            "name": "Arm_R",
            "time": [0.0, 0.1333, 0.4167, 0.5167, 0.7167, 0.95],
            "transform": [
                [-0.946732, -0.313749, -0.072529, 0.0, -0.186526, 0.717884, -0.670708, 0.39386, 0.262501, -0.621453, -0.738166, -0.0, 0.0, 0.0, 0.0, 1.0],
                [-0.905586, -0.397857, -0.147051, 0.0, -0.281575, 0.823156, -0.493082, 0.393861, 0.317222, -0.405122, -0.857465, 0.0, 0.0, 0.0, 0.0, 1.0],
                [-0.900082, -0.354252, -0.25369, 0.0, -0.264701, 0.907038, -0.327438, 0.393861, 0.346102, -0.227569, -0.910179, 0.0, 0.0, 0.0, 0.0, 1.0],
                [-0.900082, -0.354252, -0.25369, 0.0, -0.264701, 0.907038, -0.327438, 0.393861, 0.346102, -0.227569, -0.910179, 0.0, 0.0, 0.0, 0.0, 1.0],
                [-0.900082, -0.354252, -0.25369, 0.0, -0.264701, 0.907038, -0.327438, 0.393861, 0.346102, -0.227569, -0.910179, 0.0, 0.0, 0.0, 0.0, 1.0],
                [-0.946732, -0.313749, -0.072529, 0.0, -0.186526, 0.717884, -0.670708, 0.39386, 0.262501, -0.621453, -0.738166, -0.0, 0.0, 0.0, 0.0, 1.0]
            ]
        },
        {
            "name": "Hand_R",
            "time": [0.0, 0.4167, 0.5167, 0.7167, 0.95],
            "transform": [
                [0.999985, 0.00555, 9.3e-05, 0.0, -0.00125, 0.241463, -0.97041, 0.3, -0.005409, 0.970394, 0.241466, -0.0, 0.0, 0.0, 0.0, 1.0],
                [0.999985, 0.005551, 9.3e-05, -0.0, -0.00125, 0.241463, -0.97041, 0.3, -0.005409, 0.970394, 0.241466, 0.0, 0.0, 0.0, 0.0, 1.0],
                [0.999985, 0.005551, 9.3e-05, -0.0, -0.00125, 0.241463, -0.97041, 0.3, -0.005409, 0.970394, 0.241466, 0.0, 0.0, 0.0, 0.0, 1.0],
                [0.999985, 0.005551, 9.3e-05, -0.0, -0.00125, 0.241463, -0.97041, 0.3, -0.005409, 0.970394, 0.241466, 0.0, 0.0, 0.0, 0.0, 1.0],
                [0.999985, 0.00555, 9.3e-05, 0.0, -0.00125, 0.241463, -0.97041, 0.3, -0.005409, 0.970394, 0.241466, -0.0, 0.0, 0.0, 0.0, 1.0]
            ]
        },
        {
            "name": "Tool_R",
            "time": [0.0, 0.4167, 0.5167, 0.7167, 0.85, 0.95],
            "transform": [
                [0.786681, -0.54595, -0.288221, -0.0, -0.297969, -0.744656, 0.597245, 0.272858, -0.540375, -0.383741, -0.748034, -0.0, 0.0, 0.0, 0.0, 1.0],
                [0.786681, -0.54595, -0.288221, 0.026439, -0.297969, -0.744656, 0.597245, 0.381528, -0.540375, -0.38374, -0.748034, 0.076487, 0.0, 0.0, 0.0, 1.0],
                [0.786679, -0.539573, -0.299995, 0.026439, -0.297975, -0.757436, 0.580949, 0.381528, -0.540375, -0.367419, -0.756184, 0.076487, 0.0, 0.0, 0.0, 1.0],
                [0.786678, -0.537489, -0.303716, 0.026439, -0.297976, -0.761432, 0.575701, 0.381528, -0.540375, -0.362185, -0.758705, 0.076487, 0.0, 0.0, 0.0, 1.0],
                [0.786699, -0.589525, -0.183206, 0.010154, -0.297922, -0.622476, 0.723717, 0.314591, -0.540374, -0.514468, -0.664932, 0.029374, 0.0, 0.0, 0.0, 1.0],
                [0.786681, -0.54595, -0.288221, -0.0, -0.297969, -0.744656, 0.597245, 0.272858, -0.540375, -0.383741, -0.748034, -0.0, 0.0, 0.0, 0.0, 1.0]
            ]
        },
        {
            "name": "Elbow_R",
            "time": [0.0, 0.4167, 0.5167, 0.7167, 0.95],
            "transform": [
                [-1.0, 0.0, 0.0, 0.0, 0.0, -0.0, -1.0, 0.3, -0.0, -1.0, 0.0, -0.0, 0.0, 0.0, 0.0, 1.0],
                [-1.0, 0.0, -0.0, -0.0, 0.0, 0.0, -1.0, 0.3, -0.0, -1.0, 0.0, 0.0, 0.0, 0.0, 0.0, 1.0],
                [-1.0, 0.0, -0.0, -0.0, 0.0, 0.0, -1.0, 0.3, -0.0, -1.0, 0.0, 0.0, 0.0, 0.0, 0.0, 1.0],
                [-1.0, 0.0, -0.0, -0.0, 0.0, 0.0, -1.0, 0.3, -0.0, -1.0, 0.0, 0.0, 0.0, 0.0, 0.0, 1.0],
                [-1.0, 0.0, 0.0, 0.0, 0.0, -0.0, -1.0, 0.3, -0.0, -1.0, 0.0, -0.0, 0.0, 0.0, 0.0, 1.0]
            ]
        },
        {
            "name": "Shoulder_L",
            "time": [0.0, 0.4167, 0.5167, 0.7167, 0.95],
            "transform": [
                [0.096912, -0.948632, -0.301172, -0.0, -0.001219, -0.302709, 0.953082, 0.4, -0.995292, -0.091998, -0.030493, -0.0, 0.0, 0.0, 0.0, 1.0],
                [0.047837, -0.952369, -0.301172, -0.0, -0.016836, -0.302243, 0.953082, 0.4, -0.998713, -0.040522, -0.030493, -0.0, 0.0, 0.0, 0.0, 1.0],
                [0.047837, -0.952369, -0.301172, -0.0, -0.016836, -0.302243, 0.953082, 0.4, -0.998713, -0.040522, -0.030493, -0.0, 0.0, 0.0, 0.0, 1.0],
                [0.047837, -0.952369, -0.301172, -0.0, -0.016836, -0.302243, 0.953082, 0.4, -0.998713, -0.040522, -0.030493, -0.0, 0.0, 0.0, 0.0, 1.0],
                [0.096912, -0.948632, -0.301172, -0.0, -0.001219, -0.302709, 0.953082, 0.4, -0.995292, -0.091998, -0.030493, -0.0, 0.0, 0.0, 0.0, 1.0]
            ]
        },
        {
            "name": "Arm_L",
            "time": [0.0, 0.1333, 0.4167, 0.5167, 0.7167, 0.85, 0.95],
            "transform": [
                [-0.31706, 0.27082, 0.908917, 0.0, -0.817821, 0.407223, -0.406618, 0.39386, -0.480252, -0.872253, 0.092368, -0.0, 0.0, 0.0, 0.0, 1.0],
                [-0.415062, -0.41245, 0.81093, 0.0, -0.857018, 0.476413, -0.196341, 0.39386, -0.305357, -0.776476, -0.551219, 0.0, 0.0, 0.0, 0.0, 1.0],
                [-0.642575, 0.712489, 0.281881, -0.0, -0.365682, 0.038119, -0.929959, 0.39386, -0.67333, -0.700647, 0.23605, 0.0, 0.0, 0.0, 0.0, 1.0],
                [-0.472784, 0.774639, 0.420012, -0.0, -0.261647, 0.33174, -0.90636, 0.39386, -0.841437, -0.538407, 0.045841, 0.0, 0.0, 0.0, 0.0, 1.0],
                [-0.410586, 0.670883, 0.617523, -0.0, -0.313867, 0.531868, -0.786514, 0.39386, -0.856099, -0.516752, -0.00781, 0.0, 0.0, 0.0, 0.0, 1.0],
                [-0.360982, -0.217617, 0.906827, 0.0, -0.677017, 0.729895, -0.094344, 0.39386, -0.641358, -0.647994, -0.410809, -0.0, 0.0, 0.0, 0.0, 1.0],
                [-0.31706, 0.27082, 0.908917, 0.0, -0.817821, 0.407223, -0.406618, 0.39386, -0.480252, -0.872253, 0.092368, -0.0, 0.0, 0.0, 0.0, 1.0]
            ]
        },
        {
            "name": "Hand_L",
            "time": [0.0, 0.1333, 0.4167, 0.5167, 0.7167, 0.85, 0.95],
            "transform": [
                [0.99932, -0.023322, 0.028571, 0.0, 0.036869, 0.651221, -0.757992, 0.3, -0.000928, 0.758529, 0.651638, -0.0, 0.0, 0.0, 0.0, 1.0],
                [0.99932, -0.001978, 0.036828, 0.0, 0.036869, 0.07872, -0.996215, 0.3, -0.000928, 0.996895, 0.07874, -0.0, 0.0, 0.0, 0.0, 1.0],
                [0.99932, -0.009753, 0.035568, -0.0, 0.036869, 0.288468, -0.95678, 0.3, -0.000928, 0.95744, 0.288632, -0.0, 0.0, 0.0, 0.0, 1.0],
                [0.99932, -0.01984, 0.03109, -0.0, 0.036869, 0.558642, -0.828589, 0.3, -0.000928, 0.829171, 0.558994, 0.0, 0.0, 0.0, 0.0, 1.0],
                [0.99932, -0.021785, 0.02976, -0.0, 0.036869, 0.610399, -0.791236, 0.3, -0.000928, 0.791795, 0.610787, -0.0, 0.0, 0.0, 0.0, 1.0],
                [0.99932, -0.017442, 0.032496, -0.0, 0.036869, 0.494646, -0.868313, 0.3, -0.000928, 0.86892, 0.494952, -0.0, 0.0, 0.0, 0.0, 1.0],
                [0.99932, -0.023322, 0.028571, 0.0, 0.036869, 0.651221, -0.757992, 0.3, -0.000928, 0.758529, 0.651638, -0.0, 0.0, 0.0, 0.0, 1.0]
            ]
        },
        {
            "name": "Tool_L",
            "time": [0.0, 0.1333, 0.3333, 0.4167, 0.5167, 0.7167, 0.85, 0.95],
            "transform": [
                [-0.286383, -0.251951, 0.924394, 0.390248, 0.95762, -0.044248, 0.284616, -0.151788, -0.030778, 0.966159, 0.253799, 0.363088, 0.0, 0.0, 0.0, 1.0],
                [-0.51993, -0.301815, 0.799112, 0.422691, 0.84397, -0.32591, 0.426024, 0.054177, 0.13179, 0.8954, 0.423929, 0.381247, 0.0, 0.0, 0.0, 1.0],
                [-0.587799, -0.704471, 0.397759, 0.278395, 0.356703, 0.21561, 0.908997, 0.234965, -0.725692, 0.675794, 0.124488, 0.377098, 0.0, 0.0, 0.0, 1.0],
                [-0.480607, -0.787951, 0.384903, 0.303032, 0.227575, 0.311813, 0.922487, 0.210455, -0.846392, 0.530639, 0.029451, 0.365387, 0.0, 0.0, 0.0, 1.0],
                [-0.305093, -0.879006, 0.366424, 0.252256, 0.582746, 0.132001, 0.801862, 0.057875, -0.752761, 0.457906, 0.471695, 0.509335, 0.0, 0.0, 0.0, 1.0],
                [-0.121106, -0.837723, 0.532498, 0.213459, 0.896499, 0.138008, 0.421004, -0.068014, -0.425913, 0.52806, 0.733877, 0.513173, 0.0, 0.0, 0.0, 1.0],
                [-0.198241, -0.626209, 0.754031, 0.312472, 0.939073, -0.341729, -0.03691, -0.204784, 0.280633, 0.700357, 0.655415, 0.466451, 0.0, 0.0, 0.0, 1.0],
                [-0.286383, -0.251951, 0.924394, 0.390248, 0.95762, -0.044248, 0.284616, -0.151788, -0.030778, 0.966159, 0.253799, 0.363088, 0.0, 0.0, 0.0, 1.0]
            ]
        },
        {
            "name": "Elbow_L",
            "time": [0.0, 0.4167, 0.5167, 0.7167, 0.95],
            "transform": [
                [-1.0, 0.0, -0.0, 0.0, 0.0, -0.0, -1.0, 0.3, -0.0, -1.0, -0.0, -0.0, 0.0, 0.0, 0.0, 1.0],
                [-1.0, 0.0, -0.0, -0.0, 0.0, -0.0, -1.0, 0.3, -0.0, -1.0, -0.0, -0.0, 0.0, 0.0, 0.0, 1.0],
                [-1.0, 0.0, -0.0, -0.0, 0.0, -0.0, -1.0, 0.3, -0.0, -1.0, 0.0, 0.0, 0.0, 0.0, 0.0, 1.0],
                [-1.0, 0.0, -0.0, -0.0, 0.0, -0.0, -1.0, 0.3, -0.0, -1.0, -0.0, -0.0, 0.0, 0.0, 0.0, 1.0],
                [-1.0, 0.0, -0.0, 0.0, 0.0, -0.0, -1.0, 0.3, -0.0, -1.0, -0.0, -0.0, 0.0, 0.0, 0.0, 1.0]
            ]
        }
    ]
}