{
    "animation": [
        {
            "name": "Root",
            "time": [0.0, 0.15, 0.2167, 0.2667, 0.4167, 0.5333],
            "transform": [
                [0.960075, 0.0, 0.279741, -5e-06, 0.272986, 0.218437, -0.936891, 0.000946, -0.061106, 0.975851, 0.209716, 0.797984, 0.0, 0.0, 0.0, 1.0],
                [0.929117, -0.021159, 0.36918, -5e-06, 0.364702, 0.21741, -0.905387, 0.000946, -0.061106, 0.975851, 0.209716, 0.589331, 0.0, 0.0, 0.0, 1.0],
                [0.997323, 0.051242, 0.052156, -5e-06, 0.04015, 0.212341, -0.97637, 0.000946, -0.061106, 0.975851, 0.209716, 0.794101, 0.0, 0.0, 0.0, 1.0],
                [0.984196, 0.093894, -0.150138, -5e-06, -0.166203, 0.197227, -0.966167, 0.000946, -0.061106, 0.975851, 0.209716, 0.695056, 0.0, 0.0, 0.0, 1.0],
                [0.984196, 0.093894, -0.150138, -5e-06, -0.166203, 0.197227, -0.966167, 0.000946, -0.061106, 0.975851, 0.209716, 0.538921, 0.0, 0.0, 0.0, 1.0],
                [0.960075, 0.0, 0.279741, -5e-06, 0.272986, 0.218437, -0.936891, 0.000946, -0.061106, 0.975851, 0.209716, 0.797984, 0.0, 0.0, 0.0, 1.0]
            ]
        },
        {
            "name": "Thigh_R",
            "time": [0.0, 0.0833, 0.15, 0.2667, 0.4167, 0.4667, 0.5333],
            "transform": [
                [0.973617, 0.224496, 0.040881, 0.124994, 0.061261, -0.429728, 0.900877, -0.002831, 0.219811, -0.874603, -0.432145, -1.2e-05, 0.0, 0.0, 0.0, 1.0],
                [0.940084, 0.331577, 0.079351, 0.124994, -0.019798, -0.179256, 0.983604, -0.002831, 0.340365, -0.92624, -0.161952, -1.2e-05, 0.0, 0.0, 0.0, 1.0],
                [0.90513, 0.362766, 0.221673, 0.124994, -0.078689, -0.369453, 0.925912, -0.002831, 0.417788, -0.855512, -0.305859, -1.2e-05, 0.0, 0.0, 0.0, 1.0],
                [0.987144, 0.077035, -0.140038, 0.124994, 0.088761, -0.992873, 0.079502, -0.002831, -0.132916, -0.090909, -0.98695, -1.2e-05, 0.0, 0.0, 0.0, 1.0],
                [0.986654, 0.15327, -0.05497, 0.124994, 0.095148, -0.816655, -0.569227, -0.002831, -0.132137, 0.556399, -0.820341, -1.2e-05, 0.0, 0.0, 0.0, 1.0],
                [0.996199, 0.086978, -0.004615, 0.124994, 0.087099, -0.995128, 0.046156, -0.002831, -0.000578, -0.046382, -0.998924, -1.2e-05, 0.0, 0.0, 0.0, 1.0],
                [0.973617, 0.224496, 0.040881, 0.124994, 0.061261, -0.429728, 0.900877, -0.002831, 0.219811, -0.874603, -0.432145, -1.2e-05, 0.0, 0.0, 0.0, 1.0]
            ]
        },
        {
            "name": "Leg_R",
            "time": [0.0, 0.0833, 0.15, 0.2667, 0.4167, 0.5333],
            "transform": [
                [1.0, -2e-06, 1e-06, 0.0, -2e-06, -0.50759, 0.861598, 0.37472, -1e-06, -0.8616, -0.507589, 0.0, 0.0, 0.0, 0.0, 1.0],
                [1.0, 0.0, 2e-06, -0.0, -2e-06, 0.671217, 0.741261, 0.37472, -1e-06, -0.741262, 0.671216, -0.0, 0.0, 0.0, 0.0, 1.0],
                [1.0, 1e-06, 2e-06, -0.0, -1e-06, 0.888926, 0.458051, 0.37472, -1e-06, -0.458052, 0.888925, 0.0, 0.0, 0.0, 0.0, 1.0],
                [0.999395, -0.034514, 0.004231, 0.0, 0.034355, 0.998858, 0.033237, 0.37472, -0.005373, -0.033072, 0.999438, -0.0, 0.0, 0.0, 0.0, 1.0],
                [0.999395, -0.034514, 0.004231, -0.0, 0.034355, 0.998858, 0.033237, 0.37472, -0.005373, -0.033072, 0.999438, -0.0, 0.0, 0.0, 0.0, 1.0],
                [1.0, -2e-06, 1e-06, 0.0, -2e-06, -0.50759, 0.861598, 0.37472, -1e-06, -0.8616, -0.507589, 0.0, 0.0, 0.0, 0.0, 1.0]
            ]
        },
        {
            "name": "Knee_R",
            "time": [0.0, 0.15, 0.2667, 0.4167, 0.5333],
            "transform": [
                [1.0, 0.0, -0.0, 0.0, -0.0, 1e-06, -1.0, 0.37472, -0.0, 1.0, 1e-06, 0.0, 0.0, 0.0, 0.0, 1.0],
                [1.0, 0.0, -0.0, -0.0, -0.0, 1e-06, -1.0, 0.37472, -0.0, 1.0, 1e-06, 0.0, 0.0, 0.0, 0.0, 1.0],
                [1.0, 0.0, -0.0, 0.0, -0.0, 1e-06, -1.0, 0.37472, -0.0, 1.0, 1e-06, -0.0, 0.0, 0.0, 0.0, 1.0],
                [1.0, 0.0, -0.0, -0.0, -0.0, 1e-06, -1.0, 0.37472, -0.0, 1.0, 1e-06, -0.0, 0.0, 0.0, 0.0, 1.0],
                [1.0, 0.0, -0.0, 0.0, -0.0, 1e-06, -1.0, 0.37472, -0.0, 1.0, 1e-06, 0.0, 0.0, 0.0, 0.0, 1.0]
            ]
        },
        {
            "name": "Thigh_L",
            "time": [0.0, 0.15, 0.2167, 0.2667, 0.3333, 0.4167, 0.4667, 0.5333],
            "transform": [
                [0.959241, -0.005375, 0.282535, -0.125006, -0.02173, -0.998261, 0.054788, -0.002831, 0.281749, -0.058694, -0.957691, -1.2e-05, 0.0, 0.0, 0.0, 1.0],
                [0.92261, -0.240952, 0.301219, -0.125006, -0.045785, -0.843784, -0.534726, -0.002831, 0.383007, 0.479553, -0.789515, -1.2e-05, 0.0, 0.0, 0.0, 1.0],
                [0.99851, 0.004564, 0.054369, -0.125006, -0.020863, -0.888819, 0.457784, -0.002831, 0.050413, -0.458236, -0.887399, -1.2e-05, 0.0, 0.0, 0.0, 1.0],
                [0.981707, -0.186942, -0.036084, -0.125006, -0.011385, -0.246828, 0.968992, -0.002831, -0.190052, -0.950857, -0.244442, -1.2e-05, 0.0, 0.0, 0.0, 1.0],
                [0.981182, -0.19308, 0.000387, -0.125006, -0.004573, -0.021239, 0.999764, -0.002831, -0.193026, -0.980953, -0.021722, -1.2e-05, 0.0, 0.0, 0.0, 1.0],
                [0.981707, -0.179616, -0.063144, -0.125006, -0.011385, -0.386442, 0.922243, -0.002831, -0.190052, -0.904655, -0.381418, -1.2e-05, 0.0, 0.0, 0.0, 1.0],
                [0.999807, 0.019486, 0.002156, -0.125006, 0.014694, -0.817605, 0.575592, -0.002831, 0.012979, -0.57545, -0.817734, -1.2e-05, 0.0, 0.0, 0.0, 1.0],
                [0.959241, -0.005375, 0.282535, -0.125006, -0.02173, -0.998261, 0.054788, -0.002831, 0.281749, -0.058694, -0.957691, -1.2e-05, 0.0, 0.0, 0.0, 1.0]
            ]
        },
        {
            "name": "Leg_L",
            "time": [0.0, 0.15, 0.2667, 0.3333, 0.4167, 0.5333],
            "transform": [
                [1.0, -0.0, 1e-06, -0.0, 0.0, 0.999948, 0.010137, 0.37472, -1e-06, -0.010137, 0.999949, -0.0, 0.0, 0.0, 0.0, 1.0],
                [1.0, -0.0, 1e-06, -0.0, 0.0, 0.999948, 0.010137, 0.37472, -1e-06, -0.010137, 0.999949, -0.0, 0.0, 0.0, 0.0, 1.0],
                [0.998876, -0.041922, 0.022113, 0.0, -0.038489, -0.445202, 0.894603, 0.37472, -0.027659, -0.894448, -0.446316, 0.0, 0.0, 0.0, 0.0, 1.0],
                [0.998769, 0.001629, 0.049571, -0.0, -0.041242, 0.582466, 0.811808, 0.37472, -0.027551, -0.812853, 0.581817, 0.0, 0.0, 0.0, 0.0, 1.0],
                [0.998876, 0.022708, 0.041603, 0.0, -0.038489, 0.900853, 0.432415, 0.37472, -0.027659, -0.43353, 0.900715, 0.0, 0.0, 0.0, 0.0, 1.0],
                [1.0, -0.0, 1e-06, -0.0, 0.0, 0.999948, 0.010137, 0.37472, -1e-06, -0.010137, 0.999949, -0.0, 0.0, 0.0, 0.0, 1.0]
            ]
        },
        {
            "name": "Knee_L",
            "time": [0.0, 0.15, 0.2667, 0.4167, 0.5333],
            "transform": [
                [1.0, 0.0, -0.0, -0.0, -0.0, 1e-06, -1.0, 0.37472, -0.0, 1.0, 1e-06, -0.0, 0.0, 0.0, 0.0, 1.0],
                [1.0, 0.0, -0.0, -0.0, -0.0, 1e-06, -1.0, 0.37472, -0.0, 1.0, 1e-06, -0.0, 0.0, 0.0, 0.0, 1.0],
                [1.0, 0.0, -0.0, 0.0, -0.0, 1e-06, -1.0, 0.37472, -0.0, 1.0, 1e-06, 0.0, 0.0, 0.0, 0.0, 1.0],
                [1.0, 0.0, -0.0, 0.0, -0.0, 1e-06, -1.0, 0.37472, -0.0, 1.0, 1e-06, 0.0, 0.0, 0.0, 0.0, 1.0],
                [1.0, 0.0, -0.0, -0.0, -0.0, 1e-06, -1.0, 0.37472, -0.0, 1.0, 1e-06, -0.0, 0.0, 0.0, 0.0, 1.0]
            ]
        },
        {
            "name": "Torso",
            "time": [0.0, 0.15, 0.2667, 0.4167, 0.5333],
            "transform": [
                [0.913009, 0.0, -0.407941, -0.0, 0.081729, 0.979725, 0.182917, 0.05, 0.39967, -0.200346, 0.894498, 0.0, 0.0, 0.0, 0.0, 1.0],
                [0.998725, -0.0, -0.050483, 0.0, 0.010114, 0.979725, 0.20009, 0.05, 0.049459, -0.200346, 0.978476, -0.0, 0.0, 0.0, 0.0, 1.0],
                [0.988045, -0.080186, -0.13167, 0.0, 0.1033, 0.978346, 0.179356, 0.05, 0.114437, -0.190814, 0.974933, -0.0, 0.0, 0.0, 0.0, 1.0],
                [0.953846, -0.153679, -0.257994, 0.0, 0.197563, 0.968164, 0.153716, 0.05, 0.226158, -0.197591, 0.95384, -0.0, 0.0, 0.0, 0.0, 1.0],
                [0.913009, 0.0, -0.407941, -0.0, 0.081729, 0.979725, 0.182917, 0.05, 0.39967, -0.200346, 0.894498, 0.0, 0.0, 0.0, 0.0, 1.0]
            ]
        },
        {
            "name": "Chest",
            "time": [0.0, 0.15, 0.2667, 0.4167, 0.5333],
            "transform": [
                [0.805061, 0.143205, -0.575646, 0.0, -0.076605, 0.987395, 0.138502, 0.3, 0.588224, -0.067405, 0.805884, 0.0, 0.0, 0.0, 0.0, 1.0],
                [0.800587, 0.082248, -0.593545, 0.0, -0.087194, 0.995982, 0.020405, 0.3, 0.592838, 0.035418, 0.804542, -0.0, 0.0, 0.0, 0.0, 1.0],
                [0.800587, 0.082248, -0.593545, 0.0, -0.087194, 0.995982, 0.020405, 0.3, 0.592838, 0.035418, 0.804542, 0.0, 0.0, 0.0, 0.0, 1.0],
                [0.835932, 0.041468, -0.547264, -0.0, -0.007976, 0.997954, 0.063434, 0.3, 0.548775, -0.048661, 0.834553, -0.0, 0.0, 0.0, 0.0, 1.0],
                [0.805061, 0.143205, -0.575646, 0.0, -0.076605, 0.987395, 0.138502, 0.3, 0.588224, -0.067405, 0.805884, 0.0, 0.0, 0.0, 0.0, 1.0]
            ]
        },
        {
            "name": "Head",
            "time": [0.0, 0.15, 0.2667, 0.4167, 0.5333],
            "transform": [
                [0.753362, 0.0, 0.657606, 0.0, 0.123476, 0.982214, -0.141455, 0.4, -0.64591, 0.187765, 0.739962, -0.0, 0.0, 0.0, 0.0, 1.0],
                [0.914728, -0.0, 0.40407, 0.0, 0.07587, 0.982214, -0.171754, 0.4, -0.396883, 0.187765, 0.898459, 0.0, 0.0, 0.0, 0.0, 1.0],
                [0.562194, -0.0, 0.827005, -0.0, 0.155283, 0.982214, -0.10556, 0.4, -0.812296, 0.187765, 0.552195, -0.0, 0.0, 0.0, 0.0, 1.0],
                [0.573154, 0.11734, 0.811003, 0.0, 0.126343, 0.965207, -0.22894, 0.4, -0.80965, 0.233682, 0.538387, 0.0, 0.0, 0.0, 0.0, 1.0],
                [0.753362, 0.0, 0.657606, 0.0, 0.123476, 0.982214, -0.141455, 0.4, -0.64591, 0.187765, 0.739962, -0.0, 0.0, 0.0, 0.0, 1.0]
            ]
        },
        {
            "name": "Shoulder_R",
            "time": [0.0, 0.15, 0.2667, 0.4167, 0.5333],
            "transform": [
                [0.484958, 0.77609, 0.403113, 0.0, -0.250758, -0.31819, 0.914262, 0.4, 0.837817, -0.544462, 0.040302, -0.0, 0.0, 0.0, 0.0, 1.0],
                [0.356552, 0.842834, 0.403113, 0.0, -0.197463, -0.353741, 0.914262, 0.4, 0.913169, -0.405582, 0.040302, 0.0, 0.0, 0.0, 0.0, 1.0],
                [0.608788, 0.683284, 0.403113, -0.0, -0.300785, -0.271391, 0.914262, 0.4, 0.734102, -0.677842, 0.040302, -0.0, 0.0, 0.0, 0.0, 1.0],
                [0.578441, 0.709158, 0.403113, 0.0, -0.288675, -0.284238, 0.914262, 0.4, 0.762937, -0.645215, 0.040302, 0.0, 0.0, 0.0, 0.0, 1.0],
                [0.484958, 0.77609, 0.403113, 0.0, -0.250758, -0.31819, 0.914262, 0.4, 0.837817, -0.544462, 0.040302, -0.0, 0.0, 0.0, 0.0, 1.0]
            ]
        },
        {
            "name": "Arm_R",
            "time": [0.0, 0.15, 0.2667, 0.4167, 0.5333],
            "transform": [
                [-0.946732, -0.313749, -0.072528, 0.0, -0.186526, 0.717884, -0.670709, 0.39386, 0.262501, -0.621453, -0.738167, 0.0, 0.0, 0.0, 0.0, 1.0],
                [-0.946732, -0.313749, -0.072528, -0.0, -0.186526, 0.717884, -0.670709, 0.39386, 0.262501, -0.621453, -0.738167, 0.0, 0.0, 0.0, 0.0, 1.0],
                [-0.946732, -0.313749, -0.072528, 0.0, -0.186526, 0.717884, -0.670709, 0.393861, 0.262501, -0.621453, -0.738167, 0.0, 0.0, 0.0, 0.0, 1.0],
                [-0.946732, -0.313749, -0.072528, 0.0, -0.186526, 0.717884, -0.670709, 0.393861, 0.262501, -0.621453, -0.738167, 0.0, 0.0, 0.0, 0.0, 1.0],
                [-0.946732, -0.313749, -0.072528, 0.0, -0.186526, 0.717884, -0.670709, 0.39386, 0.262501, -0.621453, -0.738167, 0.0, 0.0, 0.0, 0.0, 1.0]
            ]
        },
        {
            "name": "Hand_R",
            "time": [0.0, 0.15, 0.2667, 0.4167, 0.5333],
            "transform": [
                [0.999985, 0.005551, 9.3e-05, 0.0, -0.00125, 0.241463, -0.97041, 0.3, -0.005409, 0.970394, 0.241466, -0.0, 0.0, 0.0, 0.0, 1.0],
                [0.999985, 0.005551, 9.3e-05, 0.0, -0.00125, 0.241463, -0.970409, 0.3, -0.005409, 0.970394, 0.241466, 0.0, 0.0, 0.0, 0.0, 1.0],
                [0.999985, 0.005551, 9.3e-05, -0.0, -0.00125, 0.241463, -0.97041, 0.3, -0.005409, 0.970394, 0.241466, -0.0, 0.0, 0.0, 0.0, 1.0],
                [0.999985, 0.005551, 9.3e-05, 0.0, -0.00125, 0.241463, -0.970409, 0.3, -0.005409, 0.970394, 0.241466, 0.0, 0.0, 0.0, 0.0, 1.0],
                [0.999985, 0.005551, 9.3e-05, 0.0, -0.00125, 0.241463, -0.97041, 0.3, -0.005409, 0.970394, 0.241466, -0.0, 0.0, 0.0, 0.0, 1.0]
            ]
        },
        {
            "name": "Tool_R",
            "time": [0.0, 0.15, 0.2667, 0.4167, 0.5333],
            "transform": [
                [0.824401, -0.473535, -0.279878, -0.0, -0.242884, -0.743047, 0.580005, 0.272858, -0.510944, -0.410348, -0.726429, -0.0, 0.0, 0.0, 0.0, 1.0],
                [0.786681, -0.530705, -0.279897, -0.0, -0.297969, -0.723863, 0.579995, 0.272858, -0.540375, -0.373025, -0.726429, -0.0, 0.0, 0.0, 0.0, 1.0],
                [0.786681, -0.530705, -0.279897, -0.0, -0.297969, -0.723863, 0.579995, 0.272858, -0.540375, -0.373025, -0.726429, -0.0, 0.0, 0.0, 0.0, 1.0],
                [0.786681, -0.530705, -0.279897, -0.0, -0.297969, -0.723863, 0.579995, 0.272858, -0.540375, -0.373025, -0.726429, 0.0, 0.0, 0.0, 0.0, 1.0],
                [0.824401, -0.473535, -0.279878, -0.0, -0.242884, -0.743047, 0.580005, 0.272858, -0.510944, -0.410348, -0.726429, -0.0, 0.0, 0.0, 0.0, 1.0]
            ]
        },
        {
            "name": "Elbow_R",
            "time": [0.0, 0.15, 0.2667, 0.4167, 0.5333],
            "transform": [
                [-1.0, 0.0, -0.0, 0.0, 0.0, -0.0, -1.0, 0.3, -0.0, -1.0, 0.0, -0.0, 0.0, 0.0, 0.0, 1.0],
                [-1.0, 0.0, -0.0, 0.0, 0.0, -0.0, -1.0, 0.3, -0.0, -1.0, 0.0, 0.0, 0.0, 0.0, 0.0, 1.0],
                [-1.0, 0.0, 0.0, -0.0, 0.0, 0.0, -1.0, 0.3, -0.0, -1.0, 0.0, -0.0, 0.0, 0.0, 0.0, 1.0],
                [-1.0, 0.0, -0.0, 0.0, 0.0, 0.0, -1.0, 0.3, -0.0, -1.0, 0.0, 0.0, 0.0, 0.0, 0.0, 1.0],
                [-1.0, 0.0, -0.0, 0.0, 0.0, -0.0, -1.0, 0.3, -0.0, -1.0, 0.0, -0.0, 0.0, 0.0, 0.0, 1.0]
            ]
        },
        {
            "name": "Shoulder_L",
            "time": [0.0, 0.15, 0.2667, 0.4167, 0.5333],
            "transform": [
                [0.096912, -0.948632, -0.301172, 0.0, -0.001219, -0.302709, 0.953082, 0.4, -0.995292, -0.091998, -0.030493, -0.0, 0.0, 0.0, 0.0, 1.0],
                [0.096912, -0.948632, -0.301172, 0.0, -0.001219, -0.302709, 0.953082, 0.4, -0.995292, -0.091998, -0.030493, 0.0, 0.0, 0.0, 0.0, 1.0],
                [0.096912, -0.948632, -0.301172, -0.0, -0.001219, -0.302709, 0.953082, 0.4, -0.995292, -0.091998, -0.030493, -0.0, 0.0, 0.0, 0.0, 1.0],
                [0.096912, -0.948632, -0.301172, 0.0, -0.001219, -0.302709, 0.953082, 0.4, -0.995292, -0.091998, -0.030493, 0.0, 0.0, 0.0, 0.0, 1.0],
                [0.096912, -0.948632, -0.301172, 0.0, -0.001219, -0.302709, 0.953082, 0.4, -0.995292, -0.091998, -0.030493, -0.0, 0.0, 0.0, 0.0, 1.0]
            ]
        },
        {
            "name": "Arm_L",
            "time": [0.0, 0.15, 0.2667, 0.4167, 0.5333],
            "transform": [
                [-0.317059, 0.27082, 0.908917, 0.0, -0.817821, 0.407223, -0.406618, 0.39386, -0.480252, -0.872253, 0.092368, 0.0, 0.0, 0.0, 0.0, 1.0],
                [-0.31706, 0.27082, 0.908917, 0.0, -0.817821, 0.407223, -0.406618, 0.39386, -0.480252, -0.872254, 0.092368, -0.0, 0.0, 0.0, 0.0, 1.0],
                [-0.269792, 0.1373, 0.95308, 0.0, -0.868007, 0.393817, -0.302443, 0.39386, -0.416865, -0.908876, 0.012929, 0.0, 0.0, 0.0, 0.0, 1.0],
                [-0.161345, 0.085525, 0.983185, 0.0, -0.897686, 0.401197, -0.182214, 0.39386, -0.410035, -0.91199, 0.012044, 0.0, 0.0, 0.0, 0.0, 1.0],
                [-0.317059, 0.27082, 0.908917, 0.0, -0.817821, 0.407223, -0.406618, 0.39386, -0.480252, -0.872253, 0.092368, 0.0, 0.0, 0.0, 0.0, 1.0]
            ]
        },
        {
            "name": "Hand_L",
            "time": [0.0, 0.15, 0.2667, 0.4167, 0.5333],
            "transform": [
                [0.99932, -0.023322, 0.028571, -0.0, 0.036869, 0.651222, -0.757992, 0.3, -0.000928, 0.758529, 0.651638, 0.0, 0.0, 0.0, 0.0, 1.0],
                [0.99932, -0.023322, 0.028571, 0.0, 0.036869, 0.651222, -0.757992, 0.3, -0.000928, 0.758529, 0.651638, -0.0, 0.0, 0.0, 0.0, 1.0],
                [0.99932, -0.017624, 0.032398, 0.0, 0.03687, 0.499502, -0.865528, 0.3, -0.000928, 0.866134, 0.499812, -0.0, 0.0, 0.0, 0.0, 1.0],
                [0.99932, -0.015566, 0.033435, 0.0, 0.036869, 0.444458, -0.895041, 0.3, -0.000928, 0.895665, 0.44473, 0.0, 0.0, 0.0, 0.0, 1.0],
                [0.99932, -0.023322, 0.028571, -0.0, 0.036869, 0.651222, -0.757992, 0.3, -0.000928, 0.758529, 0.651638, 0.0, 0.0, 0.0, 0.0, 1.0]
            ]
        },
        {
            "name": "Tool_L",
            "time": [0.0, 0.15, 0.2667, 0.4167, 0.5333],
            "transform": [
                [-0.286383, -0.251951, 0.924395, 0.390248, 0.95762, -0.044248, 0.284616, -0.151788, -0.030778, 0.966159, 0.253799, 0.363088, 0.0, 0.0, 0.0, 1.0],
                [-0.286383, -0.251951, 0.924394, 0.390248, 0.957619, -0.044248, 0.284616, -0.151788, -0.030778, 0.966158, 0.253799, 0.363088, 0.0, 0.0, 0.0, 1.0],
                [-0.286383, -0.251951, 0.924394, 0.390248, 0.95762, -0.044248, 0.284616, -0.151788, -0.030778, 0.966159, 0.253799, 0.363088, 0.0, 0.0, 0.0, 1.0],
                [-0.286383, -0.251951, 0.924394, 0.390248, 0.95762, -0.044248, 0.284616, -0.151788, -0.030778, 0.966159, 0.253799, 0.363088, 0.0, 0.0, 0.0, 1.0],
                [-0.286383, -0.251951, 0.924395, 0.390248, 0.95762, -0.044248, 0.284616, -0.151788, -0.030778, 0.966159, 0.253799, 0.363088, 0.0, 0.0, 0.0, 1.0]
            ]
        },
        {
            "name": "Elbow_L",
            "time": [0.0, 0.15, 0.2667, 0.4167, 0.5333],
            "transform": [
                [-1.0, 0.0, -0.0, -0.0, 0.0, -0.0, -1.0, 0.3, -0.0, -1.0, -0.0, 0.0, 0.0, 0.0, 0.0, 1.0],
                [-1.0, 0.0, -0.0, 0.0, 0.0, -0.0, -1.0, 0.3, -0.0, -1.0, -0.0, -0.0, 0.0, 0.0, 0.0, 1.0],
                [-1.0, 0.0, -0.0, 0.0, 0.0, -0.0, -1.0, 0.3, -0.0, -1.0, -0.0, -0.0, 0.0, 0.0, 0.0, 1.0],
                [-1.0, 0.0, -0.0, 0.0, -0.0, -0.0, -1.0, 0.3, -0.0, -1.0, -0.0, 0.0, 0.0, 0.0, 0.0, 1.0],
                [-1.0, 0.0, -0.0, -0.0, 0.0, -0.0, -1.0, 0.3, -0.0, -1.0, -0.0, 0.0, 0.0, 0.0, 0.0, 1.0]
            ]
        }
    ]
}