{
    "animation": [
        {
            "name": "Root",
            "time": [0.0, 0.1, 0.2167, 0.3833, 0.6, 0.7, 0.7667],
            "transform": [
                [1.0, 0.0, 0.0, -5e-06, 0.0, 0.0, -1.0, 0.000946, 0.0, 1.0, 0.0, 0.735366, 0.0, 0.0, 0.0, 1.0],
                [1.0, 0.0, 0.0, -5e-06, 0.0, 0.0, -1.0, 0.000946, 0.0, 1.0, 0.0, 0.706291, 0.0, 0.0, 0.0, 1.0],
                [1.0, 0.0, 0.0, -5e-06, 0.0, 0.0, -1.0, 0.000946, 0.0, 1.0, 0.0, 0.553985, 0.0, 0.0, 0.0, 1.0],
                [1.0, 0.0, 0.0, -5e-06, 0.0, 0.0, -1.0, 0.000946, 0.0, 1.0, 0.0, 0.735366, 0.0, 0.0, 0.0, 1.0],
                [1.0, 0.0, 0.0, -5e-06, 0.0, 0.0, -1.0, 0.000946, 0.0, 1.0, 0.0, 0.553985, 0.0, 0.0, 0.0, 1.0],
                [1.0, 0.0, 0.0, -5e-06, 0.0, 0.0, -1.0, 0.000946, 0.0, 1.0, 0.0, 0.714994, 0.0, 0.0, 0.0, 1.0],
                [1.0, 0.0, 0.0, -5e-06, 0.0, 0.0, -1.0, 0.000946, 0.0, 1.0, 0.0, 0.735366, 0.0, 0.0, 0.0, 1.0]
            ]
        },
        {
            "name": "Thigh_R",
            "time": [0.0, 0.2167, 0.3833, 0.6, 0.7667],
            "transform": [
                [1.0, -0.0, -0.0, 0.124994, 0.0, -0.846897, 0.531753, -0.002831, -0.0, -0.531752, -0.8469, -1.2e-05, 0.0, 0.0, 0.0, 1.0],
                [1.0, -0.0, 0.0, 0.124994, 0.0, -0.429737, 0.902954, -0.002831, -0.0, -0.902952, -0.429738, -1.2e-05, 0.0, 0.0, 0.0, 1.0],
                [1.0, -0.0, -0.0, 0.124994, 0.0, -0.997935, 0.064205, -0.002831, -0.0, -0.064204, -0.997937, -1.2e-05, 0.0, 0.0, 0.0, 1.0],
                [1.0, -0.0, 0.0, 0.124994, 0.0, -0.734509, -0.678598, -0.002831, 0.0, 0.678596, -0.73451, -1.2e-05, 0.0, 0.0, 0.0, 1.0],
                [1.0, -0.0, -0.0, 0.124994, 0.0, -0.846897, 0.531753, -0.002831, -0.0, -0.531752, -0.8469, -1.2e-05, 0.0, 0.0, 0.0, 1.0]
            ]
        },
        {
            "name": "Leg_R",
            "time": [0.0, 0.2167, 0.3833, 0.6, 0.7667],
            "transform": [
                [1.0, -0.0, 1e-06, 0.0, -1e-06, 0.013508, 0.999908, 0.37472, -0.0, -0.99991, 0.013508, -0.0, 0.0, 0.0, 0.0, 1.0],
                [1.0, 0.0, 1e-06, -0.0, -1e-06, 0.62441, 0.781097, 0.37472, -0.0, -0.781098, 0.624409, 0.0, 0.0, 0.0, 0.0, 1.0],
                [1.0, 1e-06, -0.0, 0.0, -1e-06, 0.992335, 0.123579, 0.37472, 0.0, -0.123579, 0.992334, -0.0, 0.0, 0.0, 0.0, 1.0],
                [1.0, 1e-06, 0.0, 0.0, -1e-06, 0.990202, 0.139646, 0.37472, -0.0, -0.139646, 0.990201, -0.0, 0.0, 0.0, 0.0, 1.0],
                [1.0, -0.0, 1e-06, 0.0, -1e-06, 0.013508, 0.999908, 0.37472, -0.0, -0.99991, 0.013508, -0.0, 0.0, 0.0, 0.0, 1.0]
            ]
        },
        {
            "name": "Knee_R",
            "time": [0.0, 0.2167, 0.3833, 0.6, 0.7667],
            "transform": [
                [1.0, 0.0, -0.0, 0.0, -0.0, 1e-06, -1.0, 0.37472, -0.0, 1.0, 1e-06, -0.0, 0.0, 0.0, 0.0, 1.0],
                [1.0, 0.0, -0.0, -0.0, -0.0, 1e-06, -1.0, 0.37472, -0.0, 1.0, 1e-06, 0.0, 0.0, 0.0, 0.0, 1.0],
                [1.0, 0.0, -0.0, 0.0, -0.0, 1e-06, -1.0, 0.37472, -0.0, 1.0, 1e-06, -0.0, 0.0, 0.0, 0.0, 1.0],
                [1.0, 0.0, -0.0, 0.0, -0.0, 1e-06, -1.0, 0.37472, -0.0, 1.0, 1e-06, -0.0, 0.0, 0.0, 0.0, 1.0],
                [1.0, 0.0, -0.0, 0.0, -0.0, 1e-06, -1.0, 0.37472, -0.0, 1.0, 1e-06, -0.0, 0.0, 0.0, 0.0, 1.0]
            ]
        },
        {
            "name": "Thigh_L",
            "time": [0.0, 0.2167, 0.3833, 0.6, 0.7667],
            "transform": [
                [0.998546, 0.019401, 0.050287, -0.125006, 0.010296, -0.98445, 0.175362, -0.002831, 0.052907, -0.174589, -0.983219, -1.2e-05, 0.0, 0.0, 0.0, 1.0],
                [0.999999, -0.0, -0.0, -0.125006, -0.0, -0.741614, -0.670826, -0.002831, 0.0, 0.670827, -0.741614, -1.2e-05, 0.0, 0.0, 0.0, 1.0],
                [0.999999, -0.0, 0.0, -0.125006, -0.0, -0.77982, 0.626003, -0.002831, -0.0, -0.626003, -0.77982, -1.2e-05, 0.0, 0.0, 0.0, 1.0],
                [0.999999, -0.0, 0.0, -0.125006, -0.0, -0.512793, 0.858512, -0.002831, -0.0, -0.858512, -0.512794, -1.2e-05, 0.0, 0.0, 0.0, 1.0],
                [0.998546, 0.019401, 0.050287, -0.125006, 0.010296, -0.98445, 0.175362, -0.002831, 0.052907, -0.174589, -0.983219, -1.2e-05, 0.0, 0.0, 0.0, 1.0]
            ]
        },
        {
            "name": "Leg_L",
            "time": [0.0, 0.2167, 0.3833, 0.6, 0.7667],
            "transform": [
                [1.0, -0.0, 0.0, 0.0, -0.0, 0.96099, 0.276581, 0.37472, -0.0, -0.276581, 0.960991, -0.0, 0.0, 0.0, 0.0, 1.0],
                [1.0, -0.0, 0.0, -0.0, -0.0, 0.96099, 0.276581, 0.37472, -0.0, -0.276581, 0.960991, -0.0, 0.0, 0.0, 0.0, 1.0],
                [1.0, -1e-06, 0.0, -0.0, -0.0, -0.019004, 0.99982, 0.37472, -1e-06, -0.999819, -0.019004, 0.0, 0.0, 0.0, 0.0, 1.0],
                [1.0, -0.0, 1e-06, -0.0, -0.0, 0.78319, 0.621782, 0.37472, -1e-06, -0.621782, 0.783191, 0.0, 0.0, 0.0, 0.0, 1.0],
                [1.0, -0.0, 0.0, 0.0, -0.0, 0.96099, 0.276581, 0.37472, -0.0, -0.276581, 0.960991, -0.0, 0.0, 0.0, 0.0, 1.0]
            ]
        },
        {
            "name": "Knee_L",
            "time": [0.0, 0.2167, 0.3833, 0.6, 0.7667],
            "transform": [
                [1.0, 0.0, -0.0, 0.0, -0.0, 1e-06, -1.0, 0.37472, -0.0, 1.0, 1e-06, -0.0, 0.0, 0.0, 0.0, 1.0],
                [1.0, 0.0, -0.0, -0.0, -0.0, 1e-06, -1.0, 0.37472, -0.0, 1.0, 1e-06, -0.0, 0.0, 0.0, 0.0, 1.0],
                [1.0, 0.0, -0.0, -0.0, -0.0, 1e-06, -1.0, 0.37472, -0.0, 1.0, 1e-06, 0.0, 0.0, 0.0, 0.0, 1.0],
                [1.0, 0.0, -0.0, -0.0, -0.0, 1e-06, -1.0, 0.37472, -0.0, 1.0, 1e-06, 0.0, 0.0, 0.0, 0.0, 1.0],
                [1.0, 0.0, -0.0, 0.0, -0.0, 1e-06, -1.0, 0.37472, -0.0, 1.0, 1e-06, -0.0, 0.0, 0.0, 0.0, 1.0]
            ]
        },
        {
            "name": "Torso",
            "time": [0.0, 0.2167, 0.3833, 0.6, 0.7667],
            "transform": [
                [1.0, 0.0, 0.0, 0.0, 0.0, 0.883293, 0.468822, 0.05, 0.0, -0.468822, 0.883292, 0.0, 0.0, 0.0, 0.0, 1.0],
                [1.0, 0.0, 0.0, 0.0, 0.0, 0.918385, 0.395687, 0.05, 0.0, -0.395687, 0.918385, 0.0, 0.0, 0.0, 0.0, 1.0],
                [1.0, 0.0, 0.0, 0.0, 0.0, 0.883293, 0.468822, 0.05, 0.0, -0.468822, 0.883292, 0.0, 0.0, 0.0, 0.0, 1.0],
                [1.0, 0.0, 0.0, 0.0, 0.0, 0.918385, 0.395687, 0.05, 0.0, -0.395687, 0.918385, 0.0, 0.0, 0.0, 0.0, 1.0],
                [1.0, 0.0, 0.0, 0.0, 0.0, 0.883293, 0.468822, 0.05, 0.0, -0.468822, 0.883292, 0.0, 0.0, 0.0, 0.0, 1.0]
            ]
        },
        {
            "name": "Chest",
            "time": [0.0, 0.2167, 0.3833, 0.6, 0.7667],
            "transform": [
                [1.0, 0.0, 0.0, 0.0, 0.0, 0.892107, 0.451824, 0.3, 0.0, -0.451824, 0.892107, 0.0, 0.0, 0.0, 0.0, 1.0],
                [1.0, 0.0, 0.0, 0.0, 0.0, 0.961847, 0.273588, 0.3, 0.0, -0.273588, 0.961847, -0.0, 0.0, 0.0, 0.0, 1.0],
                [1.0, 0.0, 0.0, 0.0, 0.0, 0.892107, 0.451824, 0.3, 0.0, -0.451824, 0.892107, 0.0, 0.0, 0.0, 0.0, 1.0],
                [1.0, 0.0, 0.0, 0.0, 0.0, 0.961847, 0.273588, 0.3, 0.0, -0.273588, 0.961847, -0.0, 0.0, 0.0, 0.0, 1.0],
                [1.0, 0.0, 0.0, 0.0, 0.0, 0.892107, 0.451824, 0.3, 0.0, -0.451824, 0.892107, 0.0, 0.0, 0.0, 0.0, 1.0]
            ]
        },
        {
            "name": "Head",
            "time": [0.0, 0.2167, 0.3833, 0.6, 0.7667],
            "transform": [
                [1.0, 0.0, 0.0, 0.0, 0.0, 0.754687, -0.656085, 0.4, 0.0, 0.656085, 0.754687, -0.0, 0.0, 0.0, 0.0, 1.0],
                [1.0, 0.0, 0.0, 0.0, 0.0, 0.85756, -0.514385, 0.4, 0.0, 0.514385, 0.85756, -0.0, 0.0, 0.0, 0.0, 1.0],
                [1.0, 0.0, 0.0, 0.0, 0.0, 0.754687, -0.656085, 0.4, 0.0, 0.656085, 0.754687, -0.0, 0.0, 0.0, 0.0, 1.0],
                [1.0, 0.0, 0.0, 0.0, 0.0, 0.842158, -0.539231, 0.4, 0.0, 0.539231, 0.842158, -0.0, 0.0, 0.0, 0.0, 1.0],
                [1.0, 0.0, 0.0, 0.0, 0.0, 0.754687, -0.656085, 0.4, 0.0, 0.656085, 0.754687, -0.0, 0.0, 0.0, 0.0, 1.0]
            ]
        },
        {
            "name": "Shoulder_R",
            "time": [0.0, 0.2167, 0.3833, 0.6, 0.7667],
            "transform": [
                [0.356552, 0.842834, 0.403113, 0.0, -0.197463, -0.353741, 0.914262, 0.4, 0.91317, -0.405582, 0.040302, -0.0, 0.0, 0.0, 0.0, 1.0],
                [0.356552, 0.842834, 0.403113, 0.0, -0.197463, -0.353741, 0.914262, 0.4, 0.913169, -0.405582, 0.040302, -0.0, 0.0, 0.0, 0.0, 1.0],
                [0.356552, 0.842834, 0.403113, 0.0, -0.197463, -0.353741, 0.914262, 0.4, 0.91317, -0.405582, 0.040302, -0.0, 0.0, 0.0, 0.0, 1.0],
                [0.356552, 0.842834, 0.403113, 0.0, -0.197463, -0.353741, 0.914262, 0.4, 0.913169, -0.405582, 0.040302, -0.0, 0.0, 0.0, 0.0, 1.0],
                [0.356552, 0.842834, 0.403113, 0.0, -0.197463, -0.353741, 0.914262, 0.4, 0.91317, -0.405582, 0.040302, -0.0, 0.0, 0.0, 0.0, 1.0]
            ]
        },
        {
            "name": "Arm_R",
            "time": [0.0, 0.2167, 0.3833, 0.6, 0.7667],
            "transform": [
                [-0.946732, -0.313749, -0.072528, -0.0, -0.186526, 0.717884, -0.670709, 0.393861, 0.262501, -0.621453, -0.738166, 0.0, 0.0, 0.0, 0.0, 1.0],
                [-0.946732, -0.313749, -0.072528, 0.0, -0.186526, 0.717884, -0.670709, 0.39386, 0.262501, -0.621453, -0.738167, 0.0, 0.0, 0.0, 0.0, 1.0],
                [-0.946732, -0.313749, -0.072528, -0.0, -0.186526, 0.717884, -0.670709, 0.393861, 0.262501, -0.621453, -0.738166, 0.0, 0.0, 0.0, 0.0, 1.0],
                [-0.946732, -0.313749, -0.072528, 0.0, -0.186526, 0.717884, -0.670709, 0.39386, 0.262501, -0.621453, -0.738167, 0.0, 0.0, 0.0, 0.0, 1.0],
                [-0.946732, -0.313749, -0.072528, -0.0, -0.186526, 0.717884, -0.670709, 0.393861, 0.262501, -0.621453, -0.738166, 0.0, 0.0, 0.0, 0.0, 1.0]
            ]
        },
        {
            "name": "Hand_R",
            "time": [0.0, 0.2167, 0.3833, 0.6, 0.7667],
            "transform": [
                [0.999985, 0.005551, 9.3e-05, 0.0, -0.00125, 0.241463, -0.97041, 0.3, -0.005409, 0.970394, 0.241466, 0.0, 0.0, 0.0, 0.0, 1.0],
                [0.999985, 0.005551, 9.3e-05, 0.0, -0.00125, 0.241463, -0.970409, 0.3, -0.005409, 0.970394, 0.241466, 0.0, 0.0, 0.0, 0.0, 1.0],
                [0.999985, 0.005551, 9.3e-05, 0.0, -0.00125, 0.241463, -0.97041, 0.3, -0.005409, 0.970394, 0.241466, 0.0, 0.0, 0.0, 0.0, 1.0],
                [0.999985, 0.005551, 9.3e-05, 0.0, -0.00125, 0.241463, -0.970409, 0.3, -0.005409, 0.970394, 0.241466, 0.0, 0.0, 0.0, 0.0, 1.0],
                [0.999985, 0.005551, 9.3e-05, 0.0, -0.00125, 0.241463, -0.97041, 0.3, -0.005409, 0.970394, 0.241466, 0.0, 0.0, 0.0, 0.0, 1.0]
            ]
        },
        {
            "name": "Tool_R",
            "time": [0.0, 0.2167, 0.3833, 0.6, 0.7667],
            "transform": [
                [0.786681, -0.530705, -0.279897, -0.0, -0.297969, -0.723863, 0.579995, 0.272858, -0.540375, -0.373025, -0.726429, 0.0, 0.0, 0.0, 0.0, 1.0],
                [0.786681, -0.530705, -0.279897, 0.0, -0.297969, -0.723863, 0.579995, 0.272858, -0.540375, -0.373025, -0.726429, -0.0, 0.0, 0.0, 0.0, 1.0],
                [0.786681, -0.530705, -0.279897, -0.0, -0.297969, -0.723863, 0.579995, 0.272858, -0.540375, -0.373025, -0.726429, 0.0, 0.0, 0.0, 0.0, 1.0],
                [0.786681, -0.530705, -0.279897, 0.0, -0.297969, -0.723863, 0.579995, 0.272858, -0.540375, -0.373025, -0.726429, -0.0, 0.0, 0.0, 0.0, 1.0],
                [0.786681, -0.530705, -0.279897, -0.0, -0.297969, -0.723863, 0.579995, 0.272858, -0.540375, -0.373025, -0.726429, 0.0, 0.0, 0.0, 0.0, 1.0]
            ]
        },
        {
            "name": "Elbow_R",
            "time": [0.0, 0.2167, 0.3833, 0.6, 0.7667],
            "transform": [
                [-1.0, 0.0, -0.0, 0.0, 0.0, -0.0, -1.0, 0.3, -0.0, -1.0, 0.0, 0.0, 0.0, 0.0, 0.0, 1.0],
                [-1.0, 0.0, -0.0, 0.0, 0.0, -0.0, -1.0, 0.3, -0.0, -1.0, 0.0, 0.0, 0.0, 0.0, 0.0, 1.0],
                [-1.0, 0.0, -0.0, 0.0, 0.0, -0.0, -1.0, 0.3, -0.0, -1.0, 0.0, 0.0, 0.0, 0.0, 0.0, 1.0],
                [-1.0, 0.0, -0.0, 0.0, 0.0, -0.0, -1.0, 0.3, -0.0, -1.0, 0.0, 0.0, 0.0, 0.0, 0.0, 1.0],
                [-1.0, 0.0, -0.0, 0.0, 0.0, -0.0, -1.0, 0.3, -0.0, -1.0, 0.0, 0.0, 0.0, 0.0, 0.0, 1.0]
            ]
        },
        {
            "name": "Shoulder_L",
            "time": [0.0, 0.2167, 0.3833, 0.6, 0.7667],
            "transform": [
                [0.096912, -0.948632, -0.301172, 0.0, -0.001219, -0.302709, 0.953082, 0.4, -0.995292, -0.091998, -0.030493, -0.0, 0.0, 0.0, 0.0, 1.0],
                [0.096912, -0.948632, -0.301172, 0.0, -0.001219, -0.302709, 0.953082, 0.4, -0.995292, -0.091998, -0.030493, -0.0, 0.0, 0.0, 0.0, 1.0],
                [0.096912, -0.948632, -0.301172, 0.0, -0.001219, -0.302709, 0.953082, 0.4, -0.995292, -0.091998, -0.030493, -0.0, 0.0, 0.0, 0.0, 1.0],
                [0.096912, -0.948632, -0.301172, 0.0, -0.001219, -0.302709, 0.953082, 0.4, -0.995292, -0.091998, -0.030493, -0.0, 0.0, 0.0, 0.0, 1.0],
                [0.096912, -0.948632, -0.301172, 0.0, -0.001219, -0.302709, 0.953082, 0.4, -0.995292, -0.091998, -0.030493, -0.0, 0.0, 0.0, 0.0, 1.0]
            ]
        },
        {
            "name": "Arm_L",
            "time": [0.0, 0.2167, 0.3833, 0.6, 0.7667],
            "transform": [
                [-0.31706, 0.270819, 0.908917, -0.0, -0.817821, 0.407223, -0.406618, 0.39386, -0.480252, -0.872253, 0.092368, -0.0, 0.0, 0.0, 0.0, 1.0],
                [-0.31706, 0.27082, 0.908917, -0.0, -0.817821, 0.407223, -0.406618, 0.39386, -0.480252, -0.872253, 0.092368, 0.0, 0.0, 0.0, 0.0, 1.0],
                [-0.31706, 0.270819, 0.908917, -0.0, -0.817821, 0.407223, -0.406618, 0.39386, -0.480252, -0.872253, 0.092368, -0.0, 0.0, 0.0, 0.0, 1.0],
                [-0.31706, 0.27082, 0.908917, -0.0, -0.817821, 0.407223, -0.406618, 0.39386, -0.480252, -0.872253, 0.092368, 0.0, 0.0, 0.0, 0.0, 1.0],
                [-0.31706, 0.270819, 0.908917, -0.0, -0.817821, 0.407223, -0.406618, 0.39386, -0.480252, -0.872253, 0.092368, -0.0, 0.0, 0.0, 0.0, 1.0]
            ]
        },
        {
            "name": "Hand_L",
            "time": [0.0, 0.2167, 0.3833, 0.6, 0.7667],
            "transform": [
                [0.99932, -0.023322, 0.028571, -0.0, 0.036869, 0.651222, -0.757992, 0.3, -0.000928, 0.758529, 0.651638, 0.0, 0.0, 0.0, 0.0, 1.0],
                [0.99932, -0.023322, 0.028571, 0.0, 0.036869, 0.651222, -0.757992, 0.3, -0.000928, 0.758529, 0.651638, 0.0, 0.0, 0.0, 0.0, 1.0],
                [0.99932, -0.023322, 0.028571, -0.0, 0.036869, 0.651222, -0.757992, 0.3, -0.000928, 0.758529, 0.651638, 0.0, 0.0, 0.0, 0.0, 1.0],
                [0.99932, -0.023322, 0.028571, 0.0, 0.036869, 0.651222, -0.757992, 0.3, -0.000928, 0.758529, 0.651638, 0.0, 0.0, 0.0, 0.0, 1.0],
                [0.99932, -0.023322, 0.028571, -0.0, 0.036869, 0.651222, -0.757992, 0.3, -0.000928, 0.758529, 0.651638, 0.0, 0.0, 0.0, 0.0, 1.0]
            ]
        },
        {
            "name": "Tool_L",
            "time": [0.0, 0.2167, 0.3833, 0.6, 0.7667],
            "transform": [
                [0.004671, 0.135929, 0.990708, 0.390248, 0.998885, -0.047179, 0.001764, -0.151788, 0.046963, 0.989012, -0.135918, 0.363088, 0.0, 0.0, 0.0, 1.0],
                [0.004671, 0.135929, 0.990708, 0.390248, 0.998885, -0.047179, 0.001764, -0.151788, 0.046963, 0.989012, -0.135918, 0.363088, 0.0, 0.0, 0.0, 1.0],
                [0.004671, 0.135929, 0.990708, 0.390248, 0.998885, -0.047179, 0.001764, -0.151788, 0.046963, 0.989012, -0.135918, 0.363088, 0.0, 0.0, 0.0, 1.0],
                [0.004671, 0.135929, 0.990708, 0.390248, 0.998885, -0.047179, 0.001764, -0.151788, 0.046963, 0.989012, -0.135918, 0.363088, 0.0, 0.0, 0.0, 1.0],
                [0.004671, 0.135929, 0.990708, 0.390248, 0.998885, -0.047179, 0.001764, -0.151788, 0.046963, 0.989012, -0.135918, 0.363088, 0.0, 0.0, 0.0, 1.0]
            ]
        },
        {
            "name": "Elbow_L",
            "time": [0.0, 0.2167, 0.3833, 0.6, 0.7667],
            "transform": [
                [-1.0, 0.0, -0.0, -0.0, 0.0, -0.0, -1.0, 0.3, -0.0, -1.0, -0.0, 0.0, 0.0, 0.0, 0.0, 1.0],
                [-1.0, 0.0, -0.0, 0.0, 0.0, -0.0, -1.0, 0.3, -0.0, -1.0, -0.0, 0.0, 0.0, 0.0, 0.0, 1.0],
                [-1.0, 0.0, -0.0, -0.0, 0.0, -0.0, -1.0, 0.3, -0.0, -1.0, -0.0, 0.0, 0.0, 0.0, 0.0, 1.0],
                [-1.0, 0.0, -0.0, 0.0, 0.0, -0.0, -1.0, 0.3, -0.0, -1.0, -0.0, 0.0, 0.0, 0.0, 0.0, 1.0],
                [-1.0, 0.0, -0.0, -0.0, 0.0, -0.0, -1.0, 0.3, -0.0, -1.0, -0.0, 0.0, 0.0, 0.0, 0.0, 1.0]
            ]
        }
    ]
}