{
    "animation": [
        {
            "name": "Root",
            "time": [0.0, 0.2167, 0.4, 0.5333, 0.9, 1.0, 1.0833, 1.2833, 1.4167, 1.6333, 1.8667, 2.6167, 3.5, 3.5833, 4.0167, 4.3333, 4.7833],
            "transform": [
                [0.834853, 0.0, -0.550472, -0.00065, -0.550472, 0.0, -0.834853, -0.027522, 0.0, 1.0, 0.0, 0.770544, 0.0, 0.0, 0.0, 1.0],
                [0.840103, -0.006107, 0.542392, 0.049443, 0.5421, -0.025247, -0.839935, -0.129077, 0.018823, 0.999663, -0.017899, 0.652121, 0.0, 0.0, 0.0, 1.0],
                [0.756532, -0.004785, 0.653939, 0.055832, 0.653582, -0.028284, -0.756327, -0.142029, 0.022114, 0.999588, -0.01827, 0.637018, 0.0, 0.0, 0.0, 1.0],
                [0.790968, -0.004857, -0.611839, 0.055832, -0.611707, -0.028487, -0.790571, -0.142029, -0.01359, 0.999582, -0.025503, 0.637018, 0.0, 0.0, 0.0, 1.0],
                [0.572363, -0.004785, -0.819986, 0.055832, -0.819745, -0.028284, -0.57203, -0.142029, -0.020455, 0.999588, -0.020111, 0.637018, 0.0, 0.0, 0.0, 1.0],
                [0.572363, -0.004785, -0.819986, 0.055832, -0.789934, -0.271516, -0.549803, -0.068754, -0.220009, 0.962422, -0.159185, 0.794997, 0.0, 0.0, 0.0, 1.0],
                [0.572363, -0.004785, -0.819986, 0.055832, -0.766846, -0.357295, -0.533186, -0.068754, -0.290426, 0.933979, -0.208172, 0.794997, 0.0, 0.0, 0.0, 1.0],
                [0.813828, -0.061952, -0.577794, -0.198799, -0.571205, 0.097483, -0.814998, 0.151702, 0.106815, 0.993307, 0.043947, 0.464491, 0.0, 0.0, 0.0, 1.0],
                [0.813828, -0.061952, -0.577794, -0.198799, -0.571205, 0.097483, -0.814998, 0.151702, 0.106815, 0.993307, 0.043947, 0.464491, 0.0, 0.0, 0.0, 1.0],
                [0.813828, -0.061952, -0.577794, -0.198799, -0.571205, 0.097483, -0.814998, 0.151702, 0.106815, 0.993307, 0.043947, 0.464491, 0.0, 0.0, 0.0, 1.0],
                [0.813828, -0.061952, -0.577794, -0.198799, -0.571205, 0.097483, -0.814998, 0.151702, 0.106815, 0.993307, 0.043947, 0.464491, 0.0, 0.0, 0.0, 1.0],
                [0.813828, -0.061952, -0.577794, -0.198799, -0.571205, 0.097483, -0.814998, 0.151702, 0.106815, 0.993307, 0.043947, 0.464491, 0.0, 0.0, 0.0, 1.0],
                [0.813828, -0.061952, -0.577794, -0.198799, -0.571205, 0.097483, -0.814998, 0.151702, 0.106815, 0.993307, 0.043947, 0.464491, 0.0, 0.0, 0.0, 1.0],
                [0.813828, -0.061952, -0.577794, -0.198799, -0.571205, 0.097483, -0.814998, -0.149705, 0.106815, 0.993307, 0.043947, 0.464491, 0.0, 0.0, 0.0, 1.0],
                [0.813828, -0.061952, -0.577794, -0.198799, -0.571205, 0.097483, -0.814998, 0.151702, 0.106815, 0.993307, 0.043947, 0.464491, 0.0, 0.0, 0.0, 1.0],
                [0.813828, -0.061952, -0.577794, -0.198799, -0.571205, 0.097483, -0.814998, 0.151702, 0.106815, 0.993307, 0.043947, 0.464491, 0.0, 0.0, 0.0, 1.0],
                [0.834853, 0.0, -0.550472, -0.00065, -0.550472, 0.0, -0.834853, -0.027522, 0.0, 1.0, 0.0, 0.770544, 0.0, 0.0, 0.0, 1.0]
            ]
        },
        {
            "name": "Thigh_R",
            "time": [0.0, 0.2167, 0.4, 0.5333, 0.9, 1.0, 1.0833, 1.2833, 1.4167, 1.6333, 1.8667, 2.6167, 3.5, 3.5833, 4.0167, 4.3333, 4.7833],
            "transform": [
                [0.963909, 0.186031, 0.19045, 0.124994, 0.192353, -0.981208, -0.015096, -0.002831, 0.184063, 0.051185, -0.981581, -1.2e-05, 0.0, 0.0, 0.0, 1.0],
                [0.830657, 0.383987, 0.403189, 0.124994, 0.079306, -0.798351, 0.596945, -0.002831, 0.551107, -0.46388, -0.693611, -1.2e-05, 0.0, 0.0, 0.0, 1.0],
                [0.808694, 0.415847, 0.416034, 0.124994, 0.048156, -0.751692, 0.657752, -0.002831, 0.586254, -0.511885, -0.627916, -1.2e-05, 0.0, 0.0, 0.0, 1.0],
                [0.693974, 0.416132, -0.587566, 0.124994, 0.37115, -0.906038, -0.203321, -0.002831, -0.616966, -0.076975, -0.783216, -1.2e-05, 0.0, 0.0, 0.0, 1.0],
                [0.504235, 0.4789, -0.718611, 0.124994, 0.267161, -0.877826, -0.397546, -0.002831, -0.821201, 0.008472, -0.570575, -1.2e-05, 0.0, 0.0, 0.0, 1.0],
                [0.504235, 0.4789, -0.718611, 0.124994, 0.267161, -0.877826, -0.397546, -0.002831, -0.821201, 0.008472, -0.570575, -1.2e-05, 0.0, 0.0, 0.0, 1.0],
                [0.504235, 0.4789, -0.718611, 0.124994, 0.267161, -0.877826, -0.397546, -0.002831, -0.821202, 0.008472, -0.570575, -1.2e-05, 0.0, 0.0, 0.0, 1.0],
                [0.789561, 0.062325, -0.610499, 0.124994, 0.04448, -0.998023, -0.044362, -0.002831, -0.612058, 0.007872, -0.790774, -1.2e-05, 0.0, 0.0, 0.0, 1.0],
                [0.789561, 0.062325, -0.610499, 0.124994, 0.04448, -0.998023, -0.044362, -0.002831, -0.612058, 0.007872, -0.790774, -1.2e-05, 0.0, 0.0, 0.0, 1.0],
                [0.789561, 0.062325, -0.610499, 0.124994, 0.04448, -0.998023, -0.044362, -0.002831, -0.612058, 0.007872, -0.790774, -1.2e-05, 0.0, 0.0, 0.0, 1.0],
                [0.789561, 0.062325, -0.610499, 0.124994, 0.04448, -0.998023, -0.044362, -0.002831, -0.612058, 0.007872, -0.790774, -1.2e-05, 0.0, 0.0, 0.0, 1.0],
                [0.789561, 0.062325, -0.610499, 0.124994, 0.04448, -0.998023, -0.044362, -0.002831, -0.612058, 0.007872, -0.790774, -1.2e-05, 0.0, 0.0, 0.0, 1.0],
                [0.789561, 0.062325, -0.610499, 0.124994, 0.04448, -0.998023, -0.044362, -0.002831, -0.612058, 0.007872, -0.790774, -1.2e-05, 0.0, 0.0, 0.0, 1.0],
                [0.789561, 0.062325, -0.610499, 0.124994, 0.04448, -0.998023, -0.044362, -0.002831, -0.612058, 0.007872, -0.790774, -1.2e-05, 0.0, 0.0, 0.0, 1.0],
                [0.789561, 0.062325, -0.610499, 0.124994, 0.04448, -0.998023, -0.044362, -0.002831, -0.612058, 0.007872, -0.790774, -1.2e-05, 0.0, 0.0, 0.0, 1.0],
                [0.789561, 0.062325, -0.610499, 0.124994, 0.04448, -0.998023, -0.044362, -0.002831, -0.612058, 0.007872, -0.790774, -1.2e-05, 0.0, 0.0, 0.0, 1.0],
                [0.963909, 0.186031, 0.19045, 0.124994, 0.192353, -0.981208, -0.015096, -0.002831, 0.184063, 0.051185, -0.981581, -1.2e-05, 0.0, 0.0, 0.0, 1.0]
            ]
        },
        {
            "name": "Leg_R",
            "time": [0.0, 0.2167, 0.4, 0.5333, 0.9, 1.0, 1.0833, 1.2833, 1.4167, 1.6333, 1.8667, 2.6167, 3.5, 3.5833, 4.0167, 4.3333, 4.7833],
            "transform": [
                [1.0, 0.0, 2e-06, 0.0, -0.0, 0.999924, -0.012363, 0.37472, -2e-06, 0.012363, 0.999923, 0.0, 0.0, 0.0, 0.0, 1.0],
                [1.0, -0.0, 2e-06, 0.0, -0.0, 0.910787, 0.412877, 0.37472, -2e-06, -0.412878, 0.910786, -0.0, 0.0, 0.0, 0.0, 1.0],
                [1.0, -1e-06, 2e-06, 0.0, -0.0, 0.886519, 0.462693, 0.37472, -2e-06, -0.462694, 0.886517, -0.0, 0.0, 0.0, 0.0, 1.0],
                [1.0, -1e-06, 2e-06, -0.0, -0.0, 0.886519, 0.462693, 0.37472, -2e-06, -0.462694, 0.886518, 0.0, 0.0, 0.0, 0.0, 1.0],
                [1.0, -1e-06, 2e-06, -0.0, -0.0, 0.886519, 0.462693, 0.37472, -2e-06, -0.462694, 0.886518, -0.0, 0.0, 0.0, 0.0, 1.0],
                [1.0, -1e-06, 2e-06, -0.0, -0.0, 0.886519, 0.462693, 0.37472, -2e-06, -0.462694, 0.886518, -0.0, 0.0, 0.0, 0.0, 1.0],
                [1.0, -1e-06, 2e-06, -0.0, -0.0, 0.886519, 0.462693, 0.37472, -2e-06, -0.462694, 0.886517, 0.0, 0.0, 0.0, 0.0, 1.0],
                [1.0, -2e-06, 0.0, -0.0, -0.0, 0.181721, 0.98335, 0.37472, -2e-06, -0.983351, 0.18172, 0.0, 0.0, 0.0, 0.0, 1.0],
                [1.0, -2e-06, 0.0, -0.0, -0.0, 0.181721, 0.98335, 0.37472, -2e-06, -0.983351, 0.18172, 0.0, 0.0, 0.0, 0.0, 1.0],
                [1.0, -2e-06, 0.0, -0.0, -0.0, 0.181721, 0.98335, 0.37472, -2e-06, -0.983351, 0.18172, 0.0, 0.0, 0.0, 0.0, 1.0],
                [1.0, -2e-06, 0.0, -0.0, -0.0, 0.181721, 0.98335, 0.37472, -2e-06, -0.983351, 0.18172, 0.0, 0.0, 0.0, 0.0, 1.0],
                [1.0, -2e-06, 0.0, -0.0, -0.0, 0.181721, 0.98335, 0.37472, -2e-06, -0.983351, 0.18172, 0.0, 0.0, 0.0, 0.0, 1.0],
                [1.0, -2e-06, 0.0, -0.0, -0.0, 0.181721, 0.98335, 0.37472, -2e-06, -0.983351, 0.18172, 0.0, 0.0, 0.0, 0.0, 1.0],
                [1.0, -2e-06, 0.0, -0.0, -0.0, 0.181721, 0.98335, 0.37472, -2e-06, -0.983351, 0.18172, 0.0, 0.0, 0.0, 0.0, 1.0],
                [1.0, -2e-06, 0.0, -0.0, -0.0, 0.181721, 0.98335, 0.37472, -2e-06, -0.983351, 0.18172, 0.0, 0.0, 0.0, 0.0, 1.0],
                [1.0, -2e-06, 0.0, -0.0, -0.0, 0.181721, 0.98335, 0.37472, -2e-06, -0.983351, 0.18172, 0.0, 0.0, 0.0, 0.0, 1.0],
                [1.0, 0.0, 2e-06, 0.0, -0.0, 0.999924, -0.012363, 0.37472, -2e-06, 0.012363, 0.999923, 0.0, 0.0, 0.0, 0.0, 1.0]
            ]
        },
        {
            "name": "Knee_R",
            "time": [0.0, 0.2167, 0.4, 0.5333, 0.9, 1.0, 1.0833, 1.2833, 1.4167, 1.6333, 1.8667, 2.6167, 3.5, 3.5833, 4.0167, 4.3333, 4.7833],
            "transform": [
                [1.0, 0.0, -0.0, 0.0, -0.0, 1e-06, -1.0, 0.37472, -0.0, 1.0, 1e-06, 0.0, 0.0, 0.0, 0.0, 1.0],
                [1.0, 0.0, -0.0, 0.0, -0.0, 1e-06, -1.0, 0.37472, -0.0, 1.0, 1e-06, -0.0, 0.0, 0.0, 0.0, 1.0],
                [1.0, 0.0, -0.0, 0.0, -0.0, 1e-06, -1.0, 0.37472, -0.0, 1.0, 1e-06, -0.0, 0.0, 0.0, 0.0, 1.0],
                [1.0, 0.0, -0.0, -0.0, -0.0, 1e-06, -1.0, 0.37472, -0.0, 1.0, 1e-06, 0.0, 0.0, 0.0, 0.0, 1.0],
                [1.0, 0.0, -0.0, -0.0, -0.0, 1e-06, -1.0, 0.37472, -0.0, 1.0, 1e-06, -0.0, 0.0, 0.0, 0.0, 1.0],
                [1.0, 0.0, -0.0, -0.0, -0.0, 1e-06, -1.0, 0.37472, -0.0, 1.0, 1e-06, -0.0, 0.0, 0.0, 0.0, 1.0],
                [1.0, 0.0, -0.0, -0.0, -0.0, 1e-06, -1.0, 0.37472, -0.0, 1.0, 1e-06, 0.0, 0.0, 0.0, 0.0, 1.0],
                [1.0, 0.0, -0.0, -0.0, -0.0, 0.452371, -0.89183, 0.37472, -0.0, 0.89183, 0.452371, 0.0, 0.0, 0.0, 0.0, 1.0],
                [1.0, 0.0, -0.0, -0.0, -0.0, 0.452371, -0.89183, 0.37472, -0.0, 0.89183, 0.452371, 0.0, 0.0, 0.0, 0.0, 1.0],
                [1.0, 0.0, -0.0, -0.0, -0.0, 0.452371, -0.89183, 0.37472, -0.0, 0.89183, 0.452371, 0.0, 0.0, 0.0, 0.0, 1.0],
                [1.0, 0.0, -0.0, -0.0, -0.0, 0.452371, -0.89183, 0.37472, -0.0, 0.89183, 0.452371, 0.0, 0.0, 0.0, 0.0, 1.0],
                [1.0, 0.0, -0.0, -0.0, -0.0, 0.452371, -0.89183, 0.37472, -0.0, 0.89183, 0.452371, 0.0, 0.0, 0.0, 0.0, 1.0],
                [1.0, 0.0, -0.0, -0.0, -0.0, 0.452371, -0.89183, 0.37472, -0.0, 0.89183, 0.452371, 0.0, 0.0, 0.0, 0.0, 1.0],
                [1.0, 0.0, -0.0, -0.0, -0.0, 0.452371, -0.89183, 0.37472, -0.0, 0.89183, 0.452371, 0.0, 0.0, 0.0, 0.0, 1.0],
                [1.0, 0.0, -0.0, -0.0, -0.0, 0.452371, -0.89183, 0.37472, -0.0, 0.89183, 0.452371, 0.0, 0.0, 0.0, 0.0, 1.0],
                [1.0, 0.0, -0.0, -0.0, -0.0, 0.452371, -0.89183, 0.37472, -0.0, 0.89183, 0.452371, 0.0, 0.0, 0.0, 0.0, 1.0],
                [1.0, 0.0, -0.0, 0.0, -0.0, 1e-06, -1.0, 0.37472, -0.0, 1.0, 1e-06, 0.0, 0.0, 0.0, 0.0, 1.0]
            ]
        },
        {
            "name": "Thigh_L",
            "time": [0.0, 0.1, 0.2167, 0.4, 0.5333, 0.9, 1.0, 1.0833, 1.2833, 1.4167, 1.6333, 1.8667, 2.6167, 3.5, 3.5833, 4.0167, 4.3333, 4.7833],
            "transform": [
                [0.866588, -0.185794, -0.463146, -0.125006, -0.027838, -0.94466, 0.326868, -0.002831, -0.498245, -0.270367, -0.823804, -1.2e-05, 0.0, 0.0, 0.0, 1.0],
                [0.859147, -0.437618, -0.265247, -0.125006, -0.206108, -0.770359, 0.603379, -0.002831, -0.468385, -0.463722, -0.752048, -1.2e-05, 0.0, 0.0, 0.0, 1.0],
                [0.821421, -0.389234, -0.416849, -0.125006, -0.43967, -0.897718, -0.028147, -0.002831, -0.363257, 0.206398, -0.908539, -1.2e-05, 0.0, 0.0, 0.0, 1.0],
                [0.80952, -0.413719, -0.416549, -0.125006, -0.484128, -0.871776, -0.075001, -0.002831, -0.332108, 0.262379, -0.906014, -1.2e-05, 0.0, 0.0, 0.0, 1.0],
                [0.592215, -0.554923, -0.584245, -0.125006, -0.285569, -0.822547, 0.491799, -0.002831, -0.753479, -0.124409, -0.645594, -1.2e-05, 0.0, 0.0, 0.0, 1.0],
                [0.534458, -0.598669, -0.596615, -0.125006, -0.201077, -0.775687, 0.598228, -0.002831, -0.820927, -0.199762, -0.534952, -1.2e-05, 0.0, 0.0, 0.0, 1.0],
                [0.534458, -0.771793, -0.344514, -0.125006, -0.201077, -0.51202, 0.835106, -0.002831, -0.820927, -0.377055, -0.428844, -1.2e-05, 0.0, 0.0, 0.0, 1.0],
                [0.534458, -0.636792, -0.555743, -0.125006, -0.201077, -0.734452, 0.648187, -0.002831, -0.820927, -0.234682, -0.520579, -1.2e-05, 0.0, 0.0, 0.0, 1.0],
                [0.660591, -0.748235, -0.061349, -0.125006, -0.075599, -0.1476, 0.986153, -0.002831, -0.74693, -0.646806, -0.154069, -1.2e-05, 0.0, 0.0, 0.0, 1.0],
                [0.660591, -0.748235, -0.061349, -0.125006, -0.075599, -0.1476, 0.986153, -0.002831, -0.74693, -0.646806, -0.154069, -1.2e-05, 0.0, 0.0, 0.0, 1.0],
                [0.660591, -0.748235, -0.061349, -0.125006, -0.075599, -0.1476, 0.986153, -0.002831, -0.74693, -0.646806, -0.154069, -1.2e-05, 0.0, 0.0, 0.0, 1.0],
                [0.660591, -0.748235, -0.061349, -0.125006, -0.075599, -0.1476, 0.986153, -0.002831, -0.74693, -0.646806, -0.154069, -1.2e-05, 0.0, 0.0, 0.0, 1.0],
                [0.660591, -0.748235, -0.061349, -0.125006, -0.075599, -0.1476, 0.986153, -0.002831, -0.74693, -0.646806, -0.154069, -1.2e-05, 0.0, 0.0, 0.0, 1.0],
                [0.660591, -0.748235, -0.061349, -0.125006, -0.075599, -0.1476, 0.986153, -0.002831, -0.74693, -0.646806, -0.154069, -1.2e-05, 0.0, 0.0, 0.0, 1.0],
                [0.660591, -0.748235, -0.061349, -0.125006, -0.075599, -0.1476, 0.986153, -0.002831, -0.74693, -0.646806, -0.154069, -1.2e-05, 0.0, 0.0, 0.0, 1.0],
                [0.660591, -0.748235, -0.061349, -0.125006, -0.075599, -0.1476, 0.986153, -0.002831, -0.74693, -0.646806, -0.154069, -1.2e-05, 0.0, 0.0, 0.0, 1.0],
                [0.660591, -0.748235, -0.061349, -0.125006, -0.075599, -0.1476, 0.986153, -0.002831, -0.74693, -0.646806, -0.154069, -1.2e-05, 0.0, 0.0, 0.0, 1.0],
                [0.866588, -0.185794, -0.463146, -0.125006, -0.027838, -0.94466, 0.326868, -0.002831, -0.498245, -0.270367, -0.823804, -1.2e-05, 0.0, 0.0, 0.0, 1.0]
            ]
        },
        {
            "name": "Leg_L",
            "time": [0.0, 0.1, 0.2167, 0.4, 0.5333, 0.9, 1.0, 1.0833, 1.2833, 1.4167, 1.6333, 1.8667, 2.6167, 3.5, 3.5833, 4.0167, 4.3333, 4.7833],
            "transform": [
                [1.0, -0.0, 1e-06, 0.0, 0.0, 0.953504, 0.301381, 0.37472, -1e-06, -0.301381, 0.953504, 0.0, 0.0, 0.0, 0.0, 1.0],
                [1.0, -1e-06, 0.0, -0.0, 0.0, 0.659971, 0.751291, 0.37472, -1e-06, -0.751291, 0.659972, 0.0, 0.0, 0.0, 0.0, 1.0],
                [1.0, -0.0, 1e-06, -0.0, 0.0, 0.953503, 0.301381, 0.37472, -1e-06, -0.301381, 0.953504, -0.0, 0.0, 0.0, 0.0, 1.0],
                [1.0, -0.0, 1e-06, -0.0, 0.0, 0.953503, 0.301381, 0.37472, -1e-06, -0.301381, 0.953504, 0.0, 0.0, 0.0, 0.0, 1.0],
                [1.0, -0.0, 1e-06, -0.0, 0.0, 0.953503, 0.301381, 0.37472, -1e-06, -0.301381, 0.953504, 0.0, 0.0, 0.0, 0.0, 1.0],
                [1.0, -0.0, 1e-06, -0.0, 0.0, 0.953503, 0.301381, 0.37472, -1e-06, -0.301381, 0.953504, -0.0, 0.0, 0.0, 0.0, 1.0],
                [1.0, -1e-06, 0.0, -0.0, 0.0, 0.305169, 0.952299, 0.37472, -1e-06, -0.952298, 0.305169, 0.0, 0.0, 0.0, 0.0, 1.0],
                [1.0, -1e-06, 0.0, 0.0, 0.0, 0.248465, 0.968641, 0.37472, -1e-06, -0.968641, 0.248465, 0.0, 0.0, 0.0, 0.0, 1.0],
                [1.0, -1e-06, 0.0, -0.0, -0.0, 0.253132, 0.967432, 0.37472, -1e-06, -0.967432, 0.253132, -0.0, 0.0, 0.0, 0.0, 1.0],
                [1.0, -1e-06, 0.0, -0.0, -0.0, 0.253132, 0.967432, 0.37472, -1e-06, -0.967432, 0.253132, -0.0, 0.0, 0.0, 0.0, 1.0],
                [1.0, -1e-06, 0.0, -0.0, -0.0, 0.253132, 0.967432, 0.37472, -1e-06, -0.967432, 0.253132, -0.0, 0.0, 0.0, 0.0, 1.0],
                [1.0, -1e-06, 0.0, -0.0, -0.0, 0.253132, 0.967432, 0.37472, -1e-06, -0.967432, 0.253132, -0.0, 0.0, 0.0, 0.0, 1.0],
                [1.0, -1e-06, 0.0, -0.0, -0.0, 0.253132, 0.967432, 0.37472, -1e-06, -0.967432, 0.253132, -0.0, 0.0, 0.0, 0.0, 1.0],
                [1.0, -1e-06, 0.0, -0.0, -0.0, 0.253132, 0.967432, 0.37472, -1e-06, -0.967432, 0.253132, -0.0, 0.0, 0.0, 0.0, 1.0],
                [1.0, -1e-06, 0.0, -0.0, -0.0, 0.253132, 0.967432, 0.37472, -1e-06, -0.967432, 0.253132, -0.0, 0.0, 0.0, 0.0, 1.0],
                [1.0, -1e-06, 0.0, -0.0, -0.0, 0.253132, 0.967432, 0.37472, -1e-06, -0.967432, 0.253132, -0.0, 0.0, 0.0, 0.0, 1.0],
                [1.0, -1e-06, 0.0, -0.0, -0.0, 0.253132, 0.967432, 0.37472, -1e-06, -0.967432, 0.253132, -0.0, 0.0, 0.0, 0.0, 1.0],
                [1.0, -0.0, 1e-06, 0.0, 0.0, 0.953504, 0.301381, 0.37472, -1e-06, -0.301381, 0.953504, 0.0, 0.0, 0.0, 0.0, 1.0]
            ]
        },
        {
            "name": "Knee_L",
            "time": [0.0, 0.2167, 0.4, 0.5333, 0.9, 1.0, 1.0833, 1.2833, 1.4167, 1.6333, 1.8667, 2.6167, 3.5, 3.5833, 4.0167, 4.3333, 4.7833],
            "transform": [
                [1.0, 0.0, -0.0, 0.0, -0.0, 1e-06, -1.0, 0.37472, -0.0, 1.0, 1e-06, 0.0, 0.0, 0.0, 0.0, 1.0],
                [1.0, 0.0, -0.0, -0.0, -0.0, 1e-06, -1.0, 0.37472, -0.0, 1.0, 1e-06, -0.0, 0.0, 0.0, 0.0, 1.0],
                [1.0, 0.0, -0.0, -0.0, -0.0, 1e-06, -1.0, 0.37472, -0.0, 1.0, 1e-06, 0.0, 0.0, 0.0, 0.0, 1.0],
                [1.0, 0.0, -0.0, -0.0, -0.0, 1e-06, -1.0, 0.37472, -0.0, 1.0, 1e-06, 0.0, 0.0, 0.0, 0.0, 1.0],
                [1.0, 0.0, -0.0, -0.0, -0.0, 1e-06, -1.0, 0.37472, -0.0, 1.0, 1e-06, -0.0, 0.0, 0.0, 0.0, 1.0],
                [1.0, 0.0, -0.0, -0.0, -0.0, 1e-06, -1.0, 0.37472, -0.0, 1.0, 1e-06, 0.0, 0.0, 0.0, 0.0, 1.0],
                [1.0, 0.0, -0.0, 0.0, -0.0, 1e-06, -1.0, 0.37472, -0.0, 1.0, 1e-06, 0.0, 0.0, 0.0, 0.0, 1.0],
                [1.0, 0.0, -0.0, -0.0, -0.0, 0.232016, -0.972712, 0.37472, -0.0, 0.972712, 0.232016, -0.0, 0.0, 0.0, 0.0, 1.0],
                [1.0, 0.0, -0.0, -0.0, -0.0, 0.232016, -0.972712, 0.37472, -0.0, 0.972712, 0.232016, -0.0, 0.0, 0.0, 0.0, 1.0],
                [1.0, 0.0, -0.0, -0.0, -0.0, 0.232016, -0.972712, 0.37472, -0.0, 0.972712, 0.232016, -0.0, 0.0, 0.0, 0.0, 1.0],
                [1.0, 0.0, -0.0, -0.0, -0.0, 0.232016, -0.972712, 0.37472, -0.0, 0.972712, 0.232016, -0.0, 0.0, 0.0, 0.0, 1.0],
                [1.0, 0.0, -0.0, -0.0, -0.0, 0.232016, -0.972712, 0.37472, -0.0, 0.972712, 0.232016, -0.0, 0.0, 0.0, 0.0, 1.0],
                [1.0, 0.0, -0.0, -0.0, -0.0, 0.232016, -0.972712, 0.37472, -0.0, 0.972712, 0.232016, -0.0, 0.0, 0.0, 0.0, 1.0],
                [1.0, 0.0, -0.0, -0.0, -0.0, 0.232016, -0.972712, 0.37472, -0.0, 0.972712, 0.232016, -0.0, 0.0, 0.0, 0.0, 1.0],
                [1.0, 0.0, -0.0, -0.0, -0.0, 0.232016, -0.972712, 0.37472, -0.0, 0.972712, 0.232016, -0.0, 0.0, 0.0, 0.0, 1.0],
                [1.0, 0.0, -0.0, -0.0, -0.0, 0.232016, -0.972712, 0.37472, -0.0, 0.972712, 0.232016, -0.0, 0.0, 0.0, 0.0, 1.0],
                [1.0, 0.0, -0.0, 0.0, -0.0, 1e-06, -1.0, 0.37472, -0.0, 1.0, 1e-06, 0.0, 0.0, 0.0, 0.0, 1.0]
            ]
        },
        {
            "name": "Torso",
            "time": [0.0, 0.2167, 0.4, 0.5333, 0.9, 1.0, 1.0833, 1.2833, 1.4167, 1.6333, 1.8667, 2.6167, 3.5, 3.5833, 4.0167, 4.3333, 4.7833],
            "transform": [
                [0.981277, 0.0108, -0.192301, 0.0, -0.017548, 0.999287, -0.033421, 0.05, 0.191803, 0.036169, 0.980767, 0.0, 0.0, 0.0, 0.0, 1.0],
                [0.981277, 0.0108, -0.192301, -0.0, -0.017548, 0.999287, -0.033421, 0.05, 0.191803, 0.036169, 0.980767, 0.0, 0.0, 0.0, 0.0, 1.0],
                [0.981277, 0.0108, -0.192301, 0.0, -0.017548, 0.999287, -0.033421, 0.05, 0.191803, 0.036169, 0.980767, 0.0, 0.0, 0.0, 0.0, 1.0],
                [0.999918, 0.0108, 0.006895, -0.0, -0.010543, 0.999287, -0.036245, 0.05, -0.007281, 0.036169, 0.999319, 0.0, 0.0, 0.0, 0.0, 1.0],
                [0.998449, 0.0108, 0.054623, -0.0, -0.008801, 0.999287, -0.036707, 0.05, -0.054981, 0.036169, 0.997832, 0.0, 0.0, 0.0, 0.0, 1.0],
                [0.998448, 0.0108, 0.054623, 0.0, -0.008801, 0.999287, -0.036707, 0.05, -0.054981, 0.036169, 0.997832, 0.0, 0.0, 0.0, 0.0, 1.0],
                [0.998449, 0.0108, 0.054623, -0.0, -0.008801, 0.999287, -0.036707, 0.05, -0.054981, 0.036169, 0.997832, -0.0, 0.0, 0.0, 0.0, 1.0],
                [0.997301, -0.038892, 0.062277, 0.0, 0.034364, 0.996798, 0.072202, 0.05, -0.064886, -0.069867, 0.995444, 0.0, 0.0, 0.0, 0.0, 1.0],
                [0.997301, -0.038892, 0.062277, 0.0, 0.034364, 0.996798, 0.072202, 0.05, -0.064886, -0.069867, 0.995444, 0.0, 0.0, 0.0, 0.0, 1.0],
                [0.997301, -0.038892, 0.062277, 0.0, 0.034364, 0.996798, 0.072202, 0.05, -0.064886, -0.069867, 0.995444, 0.0, 0.0, 0.0, 0.0, 1.0],
                [0.997301, -0.038892, 0.062277, 0.0, 0.034364, 0.996798, 0.072202, 0.05, -0.064886, -0.069867, 0.995444, 0.0, 0.0, 0.0, 0.0, 1.0],
                [0.997301, -0.038892, 0.062277, 0.0, 0.034364, 0.996798, 0.072202, 0.05, -0.064886, -0.069867, 0.995444, 0.0, 0.0, 0.0, 0.0, 1.0],
                [0.997301, -0.038892, 0.062277, 0.0, 0.034364, 0.996798, 0.072202, 0.05, -0.064886, -0.069867, 0.995444, 0.0, 0.0, 0.0, 0.0, 1.0],
                [0.997301, -0.038892, 0.062277, 0.0, 0.034364, 0.996798, 0.072202, 0.05, -0.064886, -0.069867, 0.995444, -0.0, 0.0, 0.0, 0.0, 1.0],
                [0.997301, -0.038892, 0.062277, 0.0, 0.034364, 0.996798, 0.072202, 0.05, -0.064886, -0.069867, 0.995444, 0.0, 0.0, 0.0, 0.0, 1.0],
                [0.997473, 0.017077, 0.068964, 0.0, -0.016667, 0.99984, -0.006521, 0.05, -0.069064, 0.005355, 0.997598, 0.0, 0.0, 0.0, 0.0, 1.0],
                [0.981277, 0.0108, -0.192301, 0.0, -0.017548, 0.999287, -0.033421, 0.05, 0.191803, 0.036169, 0.980767, 0.0, 0.0, 0.0, 0.0, 1.0]
            ]
        },
        {
            "name": "Chest",
            "time": [0.0, 0.2167, 0.4, 0.5333, 0.9, 1.0, 1.0833, 1.2833, 1.4167, 1.6333, 1.8667, 2.25, 2.6167, 3.5, 3.5833, 4.0167, 4.3333, 4.7833],
            "transform": [
                [0.963687, -0.011176, -0.266802, -0.0, 0.052557, 0.987519, 0.14847, 0.3, 0.261813, -0.157101, 0.952247, -0.0, 0.0, 0.0, 0.0, 1.0],
                [0.842052, 0.157483, 0.515894, -0.0, -0.202425, 0.978787, 0.031615, 0.3, -0.499972, -0.131051, 0.856069, 0.0, 0.0, 0.0, 0.0, 1.0],
                [0.78197, 0.1779, 0.59739, -0.0, -0.224689, 0.974422, 0.003935, 0.3, -0.58141, -0.137304, 0.801942, 0.0, 0.0, 0.0, 0.0, 1.0],
                [0.965151, 0.242119, -0.099307, 0.0, -0.176993, 0.883461, 0.433786, 0.3, 0.192762, -0.401093, 0.895527, 0.0, 0.0, 0.0, 0.0, 1.0],
                [0.922487, 0.284263, -0.261174, 0.0, -0.116563, 0.850105, 0.513551, 0.3, 0.368009, -0.443301, 0.817345, -0.0, 0.0, 0.0, 0.0, 1.0],
                [0.913079, -0.108716, 0.393023, -0.0, 0.047238, 0.985517, 0.162866, 0.3, -0.405037, -0.130144, 0.904991, 0.0, 0.0, 0.0, 0.0, 1.0],
                [0.863887, -0.124189, 0.488136, -0.0, 0.107926, 0.992258, 0.061441, 0.3, -0.491987, -0.000395, 0.870603, -0.0, 0.0, 0.0, 0.0, 1.0],
                [0.941439, -0.039368, 0.334878, -0.0, 0.067512, 0.995058, -0.072816, 0.3, -0.330356, 0.09116, 0.939444, -0.0, 0.0, 0.0, 0.0, 1.0],
                [0.941439, -0.039368, 0.334878, -0.0, 0.067512, 0.995058, -0.072816, 0.3, -0.330356, 0.09116, 0.939444, -0.0, 0.0, 0.0, 0.0, 1.0],
                [0.941439, -0.039368, 0.334878, -0.0, 0.067512, 0.995058, -0.072816, 0.3, -0.330356, 0.09116, 0.939444, -0.0, 0.0, 0.0, 0.0, 1.0],
                [0.941439, -0.039368, 0.334878, -0.0, 0.067512, 0.995058, -0.072816, 0.3, -0.330356, 0.09116, 0.939444, -0.0, 0.0, 0.0, 0.0, 1.0],
                [0.941439, -0.039368, 0.334878, -0.0, 0.067512, 0.995058, -0.072816, 0.3, -0.330356, 0.09116, 0.939444, -0.0, 0.0, 0.0, 0.0, 1.0],
                [0.941439, -0.039368, 0.334878, -0.0, 0.067512, 0.995058, -0.072816, 0.3, -0.330356, 0.09116, 0.939444, -0.0, 0.0, 0.0, 0.0, 1.0],
                [0.941439, -0.039368, 0.334878, -0.0, 0.067512, 0.995058, -0.072816, 0.3, -0.330356, 0.09116, 0.939444, -0.0, 0.0, 0.0, 0.0, 1.0],
                [0.996308, 0.085836, -0.001749, -0.0, -0.08102, 0.933284, -0.349881, 0.3, -0.0284, 0.348731, 0.936793, -0.0, 0.0, 0.0, 0.0, 1.0],
                [0.95126, 0.116602, 0.285496, -0.0, 0.010127, 0.913454, -0.406816, 0.3, -0.308223, 0.389879, 0.867752, -0.0, 0.0, 0.0, 0.0, 1.0],
                [0.945284, -0.031927, 0.324682, 0.0, 0.066683, 0.993098, -0.096486, 0.3, -0.319361, 0.112857, 0.940889, 0.0, 0.0, 0.0, 0.0, 1.0],
                [0.963687, -0.011176, -0.266802, -0.0, 0.052557, 0.987519, 0.14847, 0.3, 0.261813, -0.157101, 0.952247, -0.0, 0.0, 0.0, 0.0, 1.0]
            ]
        },
        {
            "name": "Head",
            "time": [0.0, 0.2167, 0.4, 0.5333, 0.9, 1.0, 1.0833, 1.2833, 1.4167, 1.6333, 1.8667, 2.6167, 3.5, 3.5833, 4.0167, 4.3333, 4.7833],
            "transform": [
                [0.689378, -0.058669, 0.722022, -0.0, 0.083627, 0.996497, 0.001126, 0.4, -0.719558, 0.059604, 0.691869, -0.0, 0.0, 0.0, 0.0, 1.0],
                [0.689378, -0.058669, 0.722022, 0.0, 0.083627, 0.996497, 0.001126, 0.4, -0.719558, 0.059604, 0.691869, 0.0, 0.0, 0.0, 0.0, 1.0],
                [0.689378, -0.058669, 0.722022, 0.0, 0.083627, 0.996497, 0.001126, 0.4, -0.719558, 0.059604, 0.691869, -0.0, 0.0, 0.0, 0.0, 1.0],
                [0.689378, -0.058669, 0.722022, 0.0, 0.083627, 0.996496, 0.001126, 0.4, -0.719558, 0.059604, 0.691869, -0.0, 0.0, 0.0, 0.0, 1.0],
                [0.689378, -0.058669, 0.722022, 0.0, 0.083627, 0.996496, 0.001126, 0.4, -0.719558, 0.059604, 0.691869, 0.0, 0.0, 0.0, 0.0, 1.0],
                [0.689378, -0.058669, 0.722022, -0.0, 0.083627, 0.996497, 0.001126, 0.4, -0.719559, 0.059604, 0.691869, -0.0, 0.0, 0.0, 0.0, 1.0],
                [0.689378, -0.058669, 0.722022, 0.0, 0.083627, 0.996496, 0.001126, 0.4, -0.719558, 0.059604, 0.691869, -0.0, 0.0, 0.0, 0.0, 1.0],
                [0.871837, 0.428429, 0.237378, 0.0, -0.430916, 0.901315, -0.044068, 0.4, -0.232833, -0.06387, 0.970417, 0.0, 0.0, 0.0, 0.0, 1.0],
                [0.871837, 0.428429, 0.237378, 0.0, -0.430916, 0.901315, -0.044068, 0.4, -0.232833, -0.06387, 0.970417, 0.0, 0.0, 0.0, 0.0, 1.0],
                [0.871837, 0.428429, 0.237378, 0.0, -0.430916, 0.901315, -0.044068, 0.4, -0.232833, -0.06387, 0.970417, 0.0, 0.0, 0.0, 0.0, 1.0],
                [0.871837, 0.428429, 0.237378, 0.0, -0.430916, 0.901315, -0.044068, 0.4, -0.232833, -0.06387, 0.970417, 0.0, 0.0, 0.0, 0.0, 1.0],
                [0.871837, 0.428429, 0.237378, 0.0, -0.430916, 0.901315, -0.044068, 0.4, -0.232833, -0.06387, 0.970417, 0.0, 0.0, 0.0, 0.0, 1.0],
                [0.871837, 0.428429, 0.237378, 0.0, -0.430916, 0.901315, -0.044068, 0.4, -0.232833, -0.06387, 0.970417, 0.0, 0.0, 0.0, 0.0, 1.0],
                [0.871837, 0.340919, 0.351673, -0.0, -0.430916, 0.8752, 0.219853, 0.4, -0.232833, -0.343218, 0.90994, 0.0, 0.0, 0.0, 0.0, 1.0],
                [0.871837, 0.33141, 0.360648, 0.0, -0.430916, 0.86902, 0.243136, 0.4, -0.232833, -0.367384, 0.900454, -0.0, 0.0, 0.0, 0.0, 1.0],
                [0.871837, 0.399573, 0.283269, -0.0, -0.430916, 0.900665, 0.055803, 0.4, -0.232833, -0.170717, 0.957416, 0.0, 0.0, 0.0, 0.0, 1.0],
                [0.689378, -0.058669, 0.722022, -0.0, 0.083627, 0.996497, 0.001126, 0.4, -0.719558, 0.059604, 0.691869, -0.0, 0.0, 0.0, 0.0, 1.0]
            ]
        },
        {
            "name": "Shoulder_R",
            "time": [0.0, 0.2167, 0.4, 0.5333, 0.9, 1.0, 1.0833, 1.2833, 1.4167, 1.6333, 1.8667, 2.6167, 3.5, 3.5833, 4.0167, 4.3333, 4.7833],
            "transform": [
                [0.356552, 0.842834, 0.403113, -0.0, -0.197463, -0.353741, 0.914262, 0.4, 0.913169, -0.405582, 0.040302, -0.0, 0.0, 0.0, 0.0, 1.0],
                [0.356552, 0.842834, 0.403113, 0.0, -0.197463, -0.353741, 0.914262, 0.4, 0.913169, -0.405582, 0.040302, 0.0, 0.0, 0.0, 0.0, 1.0],
                [0.356552, 0.842834, 0.403113, 0.0, -0.197463, -0.353741, 0.914262, 0.4, 0.91317, -0.405582, 0.040302, -0.0, 0.0, 0.0, 0.0, 1.0],
                [0.356552, 0.842834, 0.403113, 0.0, -0.197463, -0.353741, 0.914262, 0.4, 0.913169, -0.405582, 0.040302, -0.0, 0.0, 0.0, 0.0, 1.0],
                [0.356552, 0.842834, 0.403113, 0.0, -0.197463, -0.353741, 0.914262, 0.4, 0.913169, -0.405582, 0.040302, 0.0, 0.0, 0.0, 0.0, 1.0],
                [0.652579, 0.639879, 0.405825, -0.0, -0.31307, -0.260037, 0.913437, 0.4, 0.690019, -0.723142, 0.030632, -0.0, 0.0, 0.0, 0.0, 1.0],
                [0.685956, 0.605776, 0.403113, 0.0, -0.331013, -0.233569, 0.914262, 0.4, 0.647993, -0.760579, 0.040302, -0.0, 0.0, 0.0, 0.0, 1.0],
                [-0.443706, 0.846455, 0.294344, 0.0, -0.080275, -0.364666, 0.927671, 0.4, 0.89257, 0.387985, 0.229754, 0.0, 0.0, 0.0, 0.0, 1.0],
                [-0.77351, 0.59375, 0.221682, 0.0, -0.004565, -0.354986, 0.93486, 0.4, 0.633768, 0.722112, 0.277296, 0.0, 0.0, 0.0, 0.0, 1.0],
                [-0.77351, 0.59375, 0.221682, 0.0, -0.004565, -0.354986, 0.93486, 0.4, 0.633768, 0.722112, 0.277296, 0.0, 0.0, 0.0, 0.0, 1.0],
                [-0.77351, 0.59375, 0.221682, 0.0, -0.004565, -0.354986, 0.93486, 0.4, 0.633768, 0.722112, 0.277296, 0.0, 0.0, 0.0, 0.0, 1.0],
                [-0.77351, 0.59375, 0.221682, 0.0, -0.004565, -0.354986, 0.93486, 0.4, 0.633768, 0.722112, 0.277296, 0.0, 0.0, 0.0, 0.0, 1.0],
                [-0.77351, 0.59375, 0.221682, 0.0, -0.004565, -0.354986, 0.93486, 0.4, 0.633768, 0.722112, 0.277296, 0.0, 0.0, 0.0, 0.0, 1.0],
                [-0.443705, 0.846455, 0.294344, -0.0, -0.080275, -0.364666, 0.927672, 0.4, 0.89257, 0.387985, 0.229754, 0.0, 0.0, 0.0, 0.0, 1.0],
                [-0.77351, 0.59375, 0.221682, 0.0, -0.004565, -0.354986, 0.93486, 0.4, 0.633767, 0.722112, 0.277296, -0.0, 0.0, 0.0, 0.0, 1.0],
                [-0.443706, 0.846455, 0.294344, -0.0, -0.080275, -0.364666, 0.927672, 0.4, 0.89257, 0.387984, 0.229754, 0.0, 0.0, 0.0, 0.0, 1.0],
                [0.356552, 0.842834, 0.403113, -0.0, -0.197463, -0.353741, 0.914262, 0.4, 0.913169, -0.405582, 0.040302, -0.0, 0.0, 0.0, 0.0, 1.0]
            ]
        },
        {
            "name": "Arm_R",
            "time": [0.0, 0.2167, 0.4, 0.5333, 0.9, 1.0, 1.0833, 1.2833, 1.4167, 1.6333, 1.8667, 2.6167, 3.5, 3.5833, 4.0167, 4.3333, 4.7833],
            "transform": [
                [-0.946732, -0.313749, -0.072529, 0.0, -0.186526, 0.717884, -0.670708, 0.39386, 0.262501, -0.621453, -0.738166, -0.0, 0.0, 0.0, 0.0, 1.0],
                [0.132066, -0.490254, -0.861516, 0.0, 0.760987, 0.607079, -0.228809, 0.393861, 0.635183, -0.625385, 0.453252, 0.0, 0.0, 0.0, 0.0, 1.0],
                [0.294319, -0.510099, -0.808193, 0.0, 0.787462, 0.608624, -0.09737, 0.39386, 0.541553, -0.607763, 0.580813, -0.0, 0.0, 0.0, 0.0, 1.0],
                [0.294319, -0.510099, -0.808193, -0.0, 0.787462, 0.608623, -0.09737, 0.393861, 0.541553, -0.607763, 0.580813, -0.0, 0.0, 0.0, 0.0, 1.0],
                [0.294319, -0.510099, -0.808193, 0.0, 0.787462, 0.608623, -0.09737, 0.393861, 0.541553, -0.607763, 0.580813, -0.0, 0.0, 0.0, 0.0, 1.0],
                [0.027542, -0.519114, -0.854261, 0.0, 0.727356, 0.596625, -0.339105, 0.393861, 0.685707, -0.612012, 0.394013, -0.0, 0.0, 0.0, 0.0, 1.0],
                [-0.186045, -0.510099, -0.839754, -0.0, 0.611804, 0.608624, -0.505245, 0.393861, 0.768819, -0.607763, 0.198849, -0.0, 0.0, 0.0, 0.0, 1.0],
                [-0.405593, -0.259195, -0.876534, -0.0, 0.213108, 0.905711, -0.366432, 0.39386, 0.888864, -0.335418, -0.312113, 0.0, 0.0, 0.0, 0.0, 1.0],
                [-0.405593, -0.259195, -0.876534, -0.0, 0.213108, 0.905711, -0.366432, 0.393861, 0.888864, -0.335418, -0.312113, 0.0, 0.0, 0.0, 0.0, 1.0],
                [-0.405593, -0.259195, -0.876534, -0.0, 0.213108, 0.905711, -0.366432, 0.393861, 0.888864, -0.335418, -0.312113, 0.0, 0.0, 0.0, 0.0, 1.0],
                [-0.405593, -0.259195, -0.876534, -0.0, 0.213108, 0.905711, -0.366432, 0.393861, 0.888864, -0.335418, -0.312113, 0.0, 0.0, 0.0, 0.0, 1.0],
                [-0.405593, -0.259195, -0.876534, -0.0, 0.213108, 0.905711, -0.366432, 0.393861, 0.888864, -0.335418, -0.312113, 0.0, 0.0, 0.0, 0.0, 1.0],
                [-0.405593, -0.259195, -0.876534, -0.0, 0.213108, 0.905711, -0.366432, 0.393861, 0.888864, -0.335418, -0.312113, 0.0, 0.0, 0.0, 0.0, 1.0],
                [-0.251723, -0.013126, -0.96771, -0.0, 0.250741, 0.964881, -0.078311, 0.39386, 0.934753, -0.262358, -0.239592, 0.0, 0.0, 0.0, 0.0, 1.0],
                [-0.405593, -0.259195, -0.876534, -0.0, 0.213108, 0.905711, -0.366432, 0.39386, 0.888864, -0.335418, -0.312113, 0.0, 0.0, 0.0, 0.0, 1.0],
                [-0.060622, 0.276506, -0.959098, -0.0, 0.256754, 0.932853, 0.25271, 0.393861, 0.964574, -0.230933, -0.127545, -0.0, 0.0, 0.0, 0.0, 1.0],
                [-0.946732, -0.313749, -0.072529, 0.0, -0.186526, 0.717884, -0.670708, 0.39386, 0.262501, -0.621453, -0.738166, -0.0, 0.0, 0.0, 0.0, 1.0]
            ]
        },
        {
            "name": "Hand_R",
            "time": [0.0, 0.2167, 0.4, 0.5333, 0.9, 1.0, 1.0833, 1.2833, 1.4167, 1.6333, 1.8667, 2.6167, 3.5, 3.5833, 4.0167, 4.3333, 4.7833],
            "transform": [
                [0.999985, 0.00555, 9.3e-05, 0.0, -0.00125, 0.241463, -0.97041, 0.3, -0.005409, 0.970394, 0.241466, -0.0, 0.0, 0.0, 0.0, 1.0],
                [0.999985, 0.005551, 9.3e-05, -0.0, -0.00125, 0.241463, -0.97041, 0.3, -0.005409, 0.970394, 0.241466, 0.0, 0.0, 0.0, 0.0, 1.0],
                [0.999985, 0.005551, 9.3e-05, -0.0, -0.00125, 0.241463, -0.97041, 0.3, -0.005409, 0.970394, 0.241466, 0.0, 0.0, 0.0, 0.0, 1.0],
                [0.999985, 0.005551, 9.3e-05, 0.0, -0.00125, 0.241463, -0.970409, 0.3, -0.005409, 0.970394, 0.241466, 0.0, 0.0, 0.0, 0.0, 1.0],
                [0.999985, 0.005551, 9.3e-05, 0.0, -0.00125, 0.241463, -0.97041, 0.3, -0.005409, 0.970394, 0.241466, 0.0, 0.0, 0.0, 0.0, 1.0],
                [0.999985, 0.005551, 9.3e-05, -0.0, -0.00125, 0.241463, -0.970409, 0.3, -0.005409, 0.970394, 0.241466, -0.0, 0.0, 0.0, 0.0, 1.0],
                [0.999985, 0.005551, 9.3e-05, 0.0, -0.00125, 0.241463, -0.97041, 0.3, -0.005409, 0.970394, 0.241466, 0.0, 0.0, 0.0, 0.0, 1.0],
                [0.999985, 0.005309, -0.001621, 0.0, -0.00125, -0.069143, -0.997606, 0.3, -0.005409, 0.997593, -0.069136, 0.0, 0.0, 0.0, 0.0, 1.0],
                [0.999985, 0.004788, -0.00281, -0.0, -0.00125, -0.298937, -0.954272, 0.3, -0.005409, 0.954261, -0.298927, 0.0, 0.0, 0.0, 0.0, 1.0],
                [0.999985, 0.005309, -0.001621, -0.0, -0.00125, -0.069143, -0.997606, 0.3, -0.005409, 0.997593, -0.069136, 0.0, 0.0, 0.0, 0.0, 1.0],
                [0.999985, 0.005309, -0.001621, -0.0, -0.00125, -0.069143, -0.997606, 0.3, -0.005409, 0.997593, -0.069136, 0.0, 0.0, 0.0, 0.0, 1.0],
                [0.999985, 0.004788, -0.00281, -0.0, -0.00125, -0.298937, -0.954272, 0.3, -0.005409, 0.954261, -0.298927, 0.0, 0.0, 0.0, 0.0, 1.0],
                [0.999985, 0.004788, -0.00281, -0.0, -0.00125, -0.298937, -0.954272, 0.3, -0.005409, 0.954261, -0.298927, 0.0, 0.0, 0.0, 0.0, 1.0],
                [0.999985, 0.004431, -0.003345, 0.0, -0.00125, -0.407259, -0.913312, 0.3, -0.005409, 0.913302, -0.407247, -0.0, 0.0, 0.0, 0.0, 1.0],
                [0.999985, 0.004788, -0.00281, -0.0, -0.00125, -0.298937, -0.954272, 0.3, -0.005409, 0.954261, -0.298927, -0.0, 0.0, 0.0, 0.0, 1.0],
                [0.999985, 0.005309, -0.001621, -0.0, -0.00125, -0.069143, -0.997606, 0.3, -0.005409, 0.997593, -0.069136, 0.0, 0.0, 0.0, 0.0, 1.0],
                [0.999985, 0.00555, 9.3e-05, 0.0, -0.00125, 0.241463, -0.97041, 0.3, -0.005409, 0.970394, 0.241466, -0.0, 0.0, 0.0, 0.0, 1.0]
            ]
        },
        {
            "name": "Tool_R",
            "time": [0.0, 0.2167, 0.4, 0.5333, 0.9, 1.0, 1.0833, 1.2833, 1.4167, 1.6333, 1.8667, 2.25, 2.6167, 3.5, 3.5833, 4.0167, 4.3333, 4.7833],
            "transform": [
                [0.786681, -0.530705, -0.279897, -0.0, -0.297969, -0.723863, 0.579995, 0.272858, -0.540375, -0.373025, -0.726429, -0.0, 0.0, 0.0, 0.0, 1.0],
                [0.735366, -0.59614, -0.280018, 0.0, -0.362414, -0.695452, 0.58009, 0.272858, -0.572285, -0.325231, -0.726307, -0.0, 0.0, 0.0, 0.0, 1.0],
                [0.728402, -0.604158, -0.280033, 0.0, -0.370437, -0.691435, 0.580102, 0.272858, -0.576038, -0.318946, -0.726292, 0.0, 0.0, 0.0, 0.0, 1.0],
                [0.728402, -0.604158, -0.280033, 0.0, -0.370437, -0.691435, 0.580102, 0.272858, -0.576037, -0.318946, -0.726292, 0.0, 0.0, 0.0, 0.0, 1.0],
                [0.728402, -0.604158, -0.280033, 0.0, -0.370437, -0.691435, 0.580102, 0.272858, -0.576037, -0.318946, -0.726292, 0.0, 0.0, 0.0, 0.0, 1.0],
                [0.728402, -0.604158, -0.280033, 0.0, -0.370437, -0.691435, 0.580102, 0.272858, -0.576037, -0.318946, -0.726291, -0.0, 0.0, 0.0, 0.0, 1.0],
                [0.728402, -0.604158, -0.280033, -0.0, -0.370437, -0.691435, 0.580102, 0.272858, -0.576037, -0.318946, -0.726292, -0.0, 0.0, 0.0, 0.0, 1.0],
                [0.5734, -0.076533, -0.791931, -0.090128, 0.283551, -0.88924, 0.279385, 0.64148, -0.768185, -0.384913, -0.487417, 0.258442, 0.0, 0.0, 0.0, 1.0],
                [0.471297, 0.194987, -0.834057, -0.265687, 0.399849, -0.890971, 0.005195, 0.531432, -0.785661, -0.336087, -0.497092, 0.172182, 0.0, 0.0, 0.0, 1.0],
                [0.585731, 0.136805, -0.77514, -0.218544, 0.583143, -0.735996, 0.285922, 0.466771, -0.562567, -0.619743, -0.510064, 0.181506, 0.0, 0.0, 0.0, 1.0],
                [0.585731, 0.136805, -0.77514, -0.218544, 0.583143, -0.735996, 0.285922, 0.466771, -0.562567, -0.619743, -0.510064, 0.181506, 0.0, 0.0, 0.0, 1.0],
                [0.619026, 0.106066, -0.755291, -0.265687, 0.383407, -0.880955, 0.172877, 0.531432, -0.685014, -0.396764, -0.585074, 0.172182, 0.0, 0.0, 0.0, 1.0],
                [0.471297, 0.194987, -0.834057, -0.265687, 0.399849, -0.890971, 0.005195, 0.531432, -0.785661, -0.336087, -0.497092, 0.172182, 0.0, 0.0, 0.0, 1.0],
                [0.471297, 0.194987, -0.834057, -0.265687, 0.399849, -0.890971, 0.005195, 0.531432, -0.785661, -0.336087, -0.497092, 0.172182, 0.0, 0.0, 0.0, 1.0],
                [0.455962, 0.450171, -0.738072, -0.291204, 0.40601, -0.843914, -0.277169, 0.405468, -0.791521, -0.173363, -0.566674, 0.10823, 0.0, 0.0, 0.0, 1.0],
                [0.452127, 0.460347, -0.734022, -0.257479, 0.403619, -0.840177, -0.291426, 0.418665, -0.794933, -0.164578, -0.564782, 0.134648, 0.0, 0.0, 0.0, 1.0],
                [0.341077, 0.39012, -0.82551, -0.290749, 0.791707, -0.593146, 0.028731, 0.295303, -0.506513, -0.663628, -0.510363, 0.245286, 0.0, 0.0, 0.0, 1.0],
                [0.786681, -0.530705, -0.279897, -0.0, -0.297969, -0.723863, 0.579995, 0.272858, -0.540375, -0.373025, -0.726429, -0.0, 0.0, 0.0, 0.0, 1.0]
            ]
        },
        {
            "name": "Elbow_R",
            "time": [0.0, 0.2167, 0.4, 0.5333, 0.9, 1.0, 1.0833, 1.2833, 1.4167, 1.6333, 1.8667, 2.6167, 3.5, 3.5833, 4.0167, 4.3333, 4.7833],
            "transform": [
                [-1.0, 0.0, 0.0, 0.0, 0.0, -0.0, -1.0, 0.3, -0.0, -1.0, 0.0, -0.0, 0.0, 0.0, 0.0, 1.0],
                [-1.0, 0.0, -0.0, -0.0, 0.0, -0.0, -1.0, 0.3, -0.0, -1.0, 0.0, 0.0, 0.0, 0.0, 0.0, 1.0],
                [-1.0, 0.0, -0.0, -0.0, 0.0, 0.0, -1.0, 0.3, -0.0, -1.0, 0.0, 0.0, 0.0, 0.0, 0.0, 1.0],
                [-1.0, 0.0, -0.0, 0.0, 0.0, -0.0, -1.0, 0.3, -0.0, -1.0, 0.0, 0.0, 0.0, 0.0, 0.0, 1.0],
                [-1.0, 0.0, 0.0, 0.0, 0.0, -0.0, -1.0, 0.3, -0.0, -1.0, 0.0, 0.0, 0.0, 0.0, 0.0, 1.0],
                [-1.0, 0.0, -0.0, -0.0, 0.0, 0.0, -1.0, 0.3, -0.0, -1.0, 0.0, -0.0, 0.0, 0.0, 0.0, 1.0],
                [-1.0, 0.0, -0.0, 0.0, 0.0, -0.0, -1.0, 0.3, -0.0, -1.0, 0.0, 0.0, 0.0, 0.0, 0.0, 1.0],
                [-1.0, 0.0, -0.0, 0.0, -0.0, -0.0, -1.0, 0.3, -0.0, -1.0, 0.0, 0.0, 0.0, 0.0, 0.0, 1.0],
                [-1.0, 0.0, 0.0, -0.0, 0.0, 0.833974, -0.551804, 0.3, -0.0, -0.551804, -0.833974, 0.0, 0.0, 0.0, 0.0, 1.0],
                [-1.0, 0.0, 0.0, -0.0, 0.0, 0.833974, -0.551804, 0.3, -0.0, -0.551804, -0.833974, 0.0, 0.0, 0.0, 0.0, 1.0],
                [-1.0, 0.0, 0.0, -0.0, 0.0, 0.833974, -0.551804, 0.3, -0.0, -0.551804, -0.833974, 0.0, 0.0, 0.0, 0.0, 1.0],
