{
    
    "animation": [
        {
            "name": "Root",
            "time": [0.0, 0.1833, 0.3167, 0.6, 1.0, 1.2],
            "transform": [
                [0.788169, 0.016909, -0.615227, 0.083175, -0.578565, -0.320537, -0.750012, -0.085005, -0.209885, 0.947085, -0.242854, 0.793531, 0.0, 0.0, 0.0, 1.0],
                [0.785732, 0.048844, -0.616636, -0.008917, -0.603472, -0.158358, -0.781501, -0.02889, -0.135821, 0.986173, -0.094951, 0.722703, 0.0, 0.0, 0.0, 1.0],
                [0.953225, 0.038895, -0.299748, 0.041998, -0.292364, -0.133048, -0.947007, 0.304405, -0.076714, 0.990346, -0.115453, 0.751065, 0.0, 0.0, 0.0, 1.0],
                [0.58791, 0.085865, 0.804356, 0.088803, 0.808766, -0.082174, -0.582362, 0.741473, 0.016093, 0.992912, -0.117756, 0.594146, 0.0, 0.0, 0.0, 1.0],
                [0.58791, 0.085865, 0.804356, 0.090926, 0.808766, -0.082174, -0.582362, 0.798582, 0.016093, 0.992912, -0.117756, 0.614248, 0.0, 0.0, 0.0, 1.0],
                [0.58791, 0.085865, 0.804356, 0.090926, 0.808766, -0.082174, -0.582362, 0.798582, 0.016093, 0.992912, -0.117756, 0.614248, 0.0, 0.0, 0.0, 1.0]
            ]
        },
        {
            "name": "Thigh_R",
            "time": [0.0, 0.1833, 0.3167, 0.6, 1.0, 1.2],
            "transform": [
                [0.676735, 0.368514, 0.637359, 0.124994, 0.519192, -0.852668, -0.058263, -0.002831, 0.521986, 0.37034, -0.768361, -1.2e-05, 0.0, 0.0, 0.0, 1.0],
                [0.909076, 0.391066, 0.143691, 0.124994, 0.413831, -0.887472, -0.202814, -0.002831, 0.048208, 0.243837, -0.968617, -1.2e-05, 0.0, 0.0, 0.0, 1.0],
                [0.936523, 0.091919, -0.33834, 0.124994, 0.218146, -0.908242, 0.357079, -0.002831, -0.274473, -0.408219, -0.870644, -1.2e-05, 0.0, 0.0, 0.0, 1.0],
                [0.685169, 0.568413, 0.455465, 0.124994, 0.132219, -0.711977, 0.689641, -0.002831, 0.716282, -0.412299, -0.562982, -1.2e-05, 0.0, 0.0, 0.0, 1.0],
                [0.685169, 0.568413, 0.455465, 0.124994, 0.132219, -0.711977, 0.689641, -0.002831, 0.716282, -0.412299, -0.562982, -1.2e-05, 0.0, 0.0, 0.0, 1.0],
                [0.685169, 0.568413, 0.455465, 0.124994, 0.132219, -0.711977, 0.689641, -0.002831, 0.716282, -0.412299, -0.562982, -1.2e-05, 0.0, 0.0, 0.0, 1.0]
            ]
        },
        {
            "name": "Leg_R",
            "time": [0.0, 0.1833, 0.3167, 0.4, 0.6, 1.0, 1.2],
            "transform": [
                [1.0, -0.0, 2e-06, -0.0, -0.0, 0.984742, 0.174024, 0.37472, -2e-06, -0.174025, 0.984741, 0.0, 0.0, 0.0, 0.0, 1.0],
                [1.0, -1e-06, 2e-06, -0.0, -0.0, 0.888703, 0.458485, 0.37472, -2e-06, -0.458486, 0.888701, -0.0, 0.0, 0.0, 0.0, 1.0],
                [1.0, -2e-06, 0.0, -0.0, -0.0, -0.192871, 0.981224, 0.37472, -2e-06, -0.981225, -0.19287, 0.0, 0.0, 0.0, 0.0, 1.0],
                [1.0, -1e-06, 2e-06, -0.0, -0.0, 0.868977, 0.494854, 0.37472, -2e-06, -0.494854, 0.868976, -0.0, 0.0, 0.0, 0.0, 1.0],
                [1.0, -1e-06, 2e-06, -0.0, -0.0, 0.846866, 0.531806, 0.37472, -2e-06, -0.531807, 0.846865, -0.0, 0.0, 0.0, 0.0, 1.0],
                [1.0, -1e-06, 2e-06, -0.0, -0.0, 0.846866, 0.531806, 0.37472, -2e-06, -0.531807, 0.846865, -0.0, 0.0, 0.0, 0.0, 1.0],
                [1.0, -1e-06, 2e-06, -0.0, -0.0, 0.846866, 0.531806, 0.37472, -2e-06, -0.531807, 0.846865, -0.0, 0.0, 0.0, 0.0, 1.0]
            ]
        },
        {
            "name": "Knee_R",
            "time": [0.0, 0.1833, 0.3167, 0.4, 0.6, 1.0, 1.2],
            "transform": [
                [1.0, 0.0, -0.0, -0.0, -0.0, 1e-06, -1.0, 0.37472, -0.0, 1.0, 1e-06, 0.0, 0.0, 0.0, 0.0, 1.0],
                [1.0, 0.0, -0.0, -0.0, -0.0, 1e-06, -1.0, 0.37472, -0.0, 1.0, 1e-06, -0.0, 0.0, 0.0, 0.0, 1.0],
                [1.0, 0.0, -0.0, -0.0, -0.0, 0.677847, -0.735203, 0.37472, -0.0, 0.735203, 0.677847, 0.0, 0.0, 0.0, 0.0, 1.0],
                [1.0, 0.0, -0.0, -0.0, -0.0, 0.387757, -0.921762, 0.37472, -0.0, 0.921762, 0.387757, -0.0, 0.0, 0.0, 0.0, 1.0],
                [1.0, 0.0, -0.0, -0.0, -0.0, 0.330367, -0.943853, 0.37472, -0.0, 0.943853, 0.330367, -0.0, 0.0, 0.0, 0.0, 1.0],
                [1.0, 0.0, -0.0, -0.0, -0.0, 0.330367, -0.943853, 0.37472, -0.0, 0.943853, 0.330367, -0.0, 0.0, 0.0, 0.0, 1.0],
                [1.0, 0.0, -0.0, -0.0, -0.0, 0.330367, -0.943853, 0.37472, -0.0, 0.943853, 0.330367, -0.0, 0.0, 0.0, 0.0, 1.0]
            ]
        },
        {
            "name": "Thigh_L",
            "time": [0.0, 0.0833, 0.1833, 0.3167, 0.6, 1.0, 1.2],
            "transform": [
                [0.727417, -0.515573, 0.452823, -0.125006, -0.564595, -0.074641, 0.821985, -0.002831, -0.389994, -0.853588, -0.345386, -1.2e-05, 0.0, 0.0, 0.0, 1.0],
                [0.828449, -0.558033, -0.047652, -0.125006, -0.123138, -0.264488, 0.956495, -0.002831, -0.546359, -0.78654, -0.28783, -1.2e-05, 0.0, 0.0, 0.0, 1.0],
                [0.788154, -0.160323, -0.59423, -0.125006, 0.035573, -0.951998, 0.30403, -0.002831, -0.614449, -0.260761, -0.744618, -1.2e-05, 0.0, 0.0, 0.0, 1.0],
                [0.95795, 0.040531, -0.284057, -0.125006, -0.033236, -0.967636, -0.250154, -0.002831, -0.285003, 0.249077, -0.925599, -1.2e-05, 0.0, 0.0, 0.0, 1.0],
                [0.699055, -0.468535, 0.540181, -0.125006, 0.010176, -0.748834, -0.66268, -0.002831, 0.714994, 0.468747, -0.518708, -1.2e-05, 0.0, 0.0, 0.0, 1.0],
                [0.699055, -0.468535, 0.540181, -0.125006, 0.010176, -0.748834, -0.66268, -0.002831, 0.714994, 0.468747, -0.518708, -1.2e-05, 0.0, 0.0, 0.0, 1.0],
                [0.699055, -0.468535, 0.540181, -0.125006, 0.010176, -0.748834, -0.66268, -0.002831, 0.714994, 0.468747, -0.518708, -1.2e-05, 0.0, 0.0, 0.0, 1.0]
            ]
        },
        {
            "name": "Leg_L",
            "time": [0.0, 0.0833, 0.1833, 0.6, 1.0, 1.2],
            "transform": [
                [1.0, -1e-06, 0.0, 0.0, 0.0, 0.426531, 0.904473, 0.37472, -1e-06, -0.904472, 0.426532, 0.0, 0.0, 0.0, 0.0, 1.0],
                [1.0, -1e-06, -0.0, 0.0, 0.0, -0.023132, 0.999732, 0.37472, -1e-06, -0.999732, -0.023132, 0.0, 0.0, 0.0, 0.0, 1.0],
                [1.0, -0.0, 1e-06, -0.0, 0.0, 0.97613, 0.217187, 0.37472, -1e-06, -0.217187, 0.97613, 0.0, 0.0, 0.0, 0.0, 1.0],
                [1.0, -0.0, 1e-06, 0.0, 0.0, 0.962147, 0.272531, 0.37472, -1e-06, -0.272531, 0.962147, -0.0, 0.0, 0.0, 0.0, 1.0],
                [1.0, -0.0, 1e-06, -0.0, 0.0, 0.962147, 0.272531, 0.37472, -1e-06, -0.272531, 0.962147, -0.0, 0.0, 0.0, 0.0, 1.0],
                [1.0, -0.0, 1e-06, -0.0, 0.0, 0.962147, 0.272531, 0.37472, -1e-06, -0.272531, 0.962147, -0.0, 0.0, 0.0, 0.0, 1.0]
            ]
        },
        {
            "name": "Knee_L",
            "time": [0.0, 0.0833, 0.1833, 1.0, 1.2],
            "transform": [
                [1.0, 0.0, -0.0, 0.0, -0.0, 0.127307, -0.991863, 0.37472, -0.0, 0.991863, 0.127307, 0.0, 0.0, 0.0, 0.0, 1.0],
                [1.0, 0.0, -0.0, 0.0, -0.0, 0.64445, -0.764647, 0.37472, -0.0, 0.764647, 0.64445, 0.0, 0.0, 0.0, 0.0, 1.0],
                [1.0, 0.0, -0.0, -0.0, -0.0, 0.234212, -0.972185, 0.37472, -0.0, 0.972185, 0.234212, 0.0, 0.0, 0.0, 0.0, 1.0],
                [1.0, 0.0, -0.0, -0.0, -0.0, 0.234212, -0.972185, 0.37472, -0.0, 0.972186, 0.234212, -0.0, 0.0, 0.0, 0.0, 1.0],
                [1.0, 0.0, -0.0, -0.0, -0.0, 0.234212, -0.972185, 0.37472, -0.0, 0.972186, 0.234212, -0.0, 0.0, 0.0, 0.0, 1.0]
            ]
        },
        {
            "name": "Torso",
            "time": [0.0, 0.1833, 0.3, 0.6, 1.0, 1.2],
            "transform": [
                [0.981277, 0.019996, -0.191563, 0.0, -0.017548, 0.999741, 0.014471, 0.05, 0.191803, -0.010839, 0.981374, 0.0, 0.0, 0.0, 0.0, 1.0],
                [0.981277, 0.019996, -0.191563, 0.0, -0.017548, 0.999741, 0.014471, 0.05, 0.191803, -0.010839, 0.981374, -0.0, 0.0, 0.0, 0.0, 1.0],
                [0.982277, -0.03965, -0.183194, -0.0, 0.061724, 0.991282, 0.116411, 0.05, 0.176981, -0.125655, 0.97616, 0.0, 0.0, 0.0, 0.0, 1.0],
                [0.973335, 0.20817, 0.096351, -0.0, -0.22911, 0.902853, 0.363819, 0.05, -0.011254, -0.376193, 0.926473, -0.0, 0.0, 0.0, 0.0, 1.0],
                [0.973335, 0.20817, 0.096351, -0.0, -0.22911, 0.902853, 0.363819, 0.05, -0.011254, -0.376193, 0.926473, -0.0, 0.0, 0.0, 0.0, 1.0],
                [0.973335, 0.20817, 0.096351, -0.0, -0.22911, 0.902853, 0.363819, 0.05, -0.011254, -0.376193, 0.926473, -0.0, 0.0, 0.0, 0.0, 1.0]
            ]
        },
        {
            "name": "Chest",
            "time": [0.0, 0.1833, 0.3, 0.6, 1.0, 1.2],
            "transform": [
                [0.914764, -0.26075, -0.308572, 0.0, 0.315663, 0.938012, 0.143146, 0.3, 0.252119, -0.22835, 0.940368, 0.0, 0.0, 0.0, 0.0, 1.0],
                [0.833145, -0.288616, -0.471773, 0.0, 0.389032, 0.912147, 0.129002, 0.3, 0.393094, -0.291012, 0.872232, 0.0, 0.0, 0.0, 0.0, 1.0],
                [0.912443, -0.029416, -0.408146, -0.0, 0.118895, 0.973441, 0.195642, 0.3, 0.391551, -0.227038, 0.891707, 0.0, 0.0, 0.0, 0.0, 1.0],
                [0.732426, 0.138446, 0.666622, 0.0, -0.343362, 0.920587, 0.186066, 0.3, -0.587924, -0.365173, 0.7218, 0.0, 0.0, 0.0, 0.0, 1.0],
                [0.732426, 0.138446, 0.666622, 0.0, -0.343362, 0.920587, 0.186066, 0.3, -0.587924, -0.365173, 0.7218, 0.0, 0.0, 0.0, 0.0, 1.0],
                [0.732426, 0.138446, 0.666622, 0.0, -0.343362, 0.920587, 0.186066, 0.3, -0.587924, -0.365173, 0.7218, 0.0, 0.0, 0.0, 0.0, 1.0]
            ]
        },
        {
            "name": "Head",
            "time": [0.0, 0.1833, 0.3, 0.35, 0.4167, 0.6, 1.0, 1.2],
            "transform": [
                [0.420848, -0.107859, 0.900696, -0.0, 0.064696, 0.993946, 0.088797, 0.4, -0.904821, 0.020901, 0.425278, 0.0, 0.0, 0.0, 0.0, 1.0],
                [0.420848, -0.107859, 0.900696, 0.0, 0.064696, 0.993946, 0.088797, 0.4, -0.904821, 0.020901, 0.425279, 0.0, 0.0, 0.0, 0.0, 1.0],
                [0.595496, -0.058849, 0.8012, 0.0, 0.12192, 0.992382, -0.017727, 0.4, -0.794053, 0.108239, 0.598134, -0.0, 0.0, 0.0, 0.0, 1.0],
                [0.967483, -0.06478, 0.244501, 0.0, 0.118464, 0.970123, -0.211727, 0.4, -0.22348, 0.233807, 0.946251, 0.0, 0.0, 0.0, 0.0, 1.0],
                [0.794544, -0.331585, -0.508675, -0.0, 0.122463, 0.908024, -0.40062, 0.4, 0.594729, 0.256017, 0.762072, 0.0, 0.0, 0.0, 0.0, 1.0],
                [0.235906, -0.354443, -0.904831, -0.0, -0.170334, 0.901614, -0.397592, 0.4, 0.956731, 0.247918, 0.152322, 0.0, 0.0, 0.0, 0.0, 1.0],
                [0.235906, -0.354443, -0.904831, -0.0, -0.170334, 0.901614, -0.397592, 0.4, 0.956731, 0.247918, 0.152322, 0.0, 0.0, 0.0, 0.0, 1.0],
                [0.235906, -0.354443, -0.904831, -0.0, -0.170334, 0.901614, -0.397592, 0.4, 0.956731, 0.247918, 0.152322, 0.0, 0.0, 0.0, 0.0, 1.0]
            ]
        },
        {
            "name": "Shoulder_R",
            "time": [0.0, 0.1833, 0.6, 1.0, 1.2],
            "transform": [
                [0.089555, 0.949274, 0.301428, -0.0, -0.003656, -0.302328, 0.953197, 0.4, 0.995975, -0.086466, -0.023605, 0.0, 0.0, 0.0, 0.0, 1.0],
                [0.277985, 0.912066, 0.301428, 0.0, -0.064172, -0.295462, 0.953197, 0.4, 0.958439, -0.284318, -0.023605, 0.0, 0.0, 0.0, 0.0, 1.0],
                [0.370719, 0.878469, 0.301428, -0.0, -0.094352, -0.287252, 0.953197, 0.4, 0.92394, -0.381808, -0.023605, 0.0, 0.0, 0.0, 0.0, 1.0],
                [0.370719, 0.878469, 0.301428, -0.0, -0.094352, -0.287252, 0.953197, 0.4, 0.92394, -0.381808, -0.023605, 0.0, 0.0, 0.0, 0.0, 1.0],
                [0.370719, 0.878469, 0.301428, -0.0, -0.094352, -0.287252, 0.953197, 0.4, 0.92394, -0.381808, -0.023605, 0.0, 0.0, 0.0, 0.0, 1.0]
            ]
        },
        {
            "name": "Arm_R",
            "time": [0.0, 0.1833, 0.3, 0.6, 1.0, 1.2],
            "transform": [
                [0.15442, 0.104388, -0.982475, 0.0, 0.243529, 0.9597, 0.140245, 0.39386, 0.957522, -0.260918, 0.122776, 0.0, 0.0, 0.0, 0.0, 1.0],
                [0.165363, -0.764949, 0.622502, -0.0, 0.587192, 0.583488, 0.561024, 0.39386, -0.792377, 0.272755, 0.545659, 0.0, 0.0, 0.0, 0.0, 1.0],
                [-0.139679, -0.870544, 0.471851, -0.0, 0.881287, 0.10797, 0.460082, 0.393861, -0.451467, 0.4801, 0.752118, -0.0, 0.0, 0.0, 0.0, 1.0],
                [0.579653, -0.809376, 0.094411, -0.0, 0.738462, 0.570748, 0.359056, 0.39386, -0.344496, -0.138409, 0.928529, -0.0, 0.0, 0.0, 0.0, 1.0],
                [0.579653, -0.809376, 0.094411, -0.0, 0.738462, 0.570748, 0.359056, 0.39386, -0.344496, -0.138409, 0.928529, 0.0, 0.0, 0.0, 0.0, 1.0],
                [0.579653, -0.809376, 0.094411, -0.0, 0.738462, 0.570748, 0.359056, 0.39386, -0.344496, -0.138409, 0.928529, 0.0, 0.0, 0.0, 0.0, 1.0]
            ]
        },
        {
            "name": "Hand_R",
            "time": [0.0, 0.1833, 0.6, 1.0, 1.2],
            "transform": [
                [0.999984, 0.003224, 0.004519, 0.0, -0.00125, 0.923949, -0.382514, 0.3, -0.005409, 0.382502, 0.923939, 0.0, 0.0, 0.0, 0.0, 1.0],
                [0.999985, 0.004772, 0.002837, -0.0, -0.00125, 0.691513, -0.722363, 0.3, -0.005409, 0.722348, 0.691509, -0.0, 0.0, 0.0, 0.0, 1.0],
                [0.999985, 0.001076, 0.005446, 0.0, -0.00125, 0.999482, 0.032155, 0.3, -0.005409, -0.032161, 0.999468, 0.0, 0.0, 0.0, 0.0, 1.0],
                [0.999985, 0.001076, 0.005446, 0.0, -0.00125, 0.999482, 0.032155, 0.3, -0.005409, -0.032161, 0.999468, -0.0, 0.0, 0.0, 0.0, 1.0],
                [0.999985, 0.001076, 0.005446, 0.0, -0.00125, 0.999482, 0.032155, 0.3, -0.005409, -0.032161, 0.999468, -0.0, 0.0, 0.0, 0.0, 1.0]
            ]
        },
        {
            "name": "Tool_R",
            "time": [0.0, 0.1833, 1.0, 1.2],
            "transform": [
                [1.0, -0.0, 0.0, -0.0, 0.0, -0.944043, -0.329823, 0.272858, 0.0, 0.329618, -0.943487, 0.0, 0.0, 0.0, 0.0, 1.0],
                [1.0, -0.0, 0.0, -0.0, 0.0, -0.944043, -0.329823, 0.272858, 0.0, 0.329618, -0.943487, -0.0, 0.0, 0.0, 0.0, 1.0],
                [1.0, -0.0, 0.0, -0.0, 0.0, -0.451269, -0.892388, 0.272858, 0.0, 0.891855, -0.451012, 0.0, 0.0, 0.0, 0.0, 1.0],
                [1.0, -0.0, 0.0, -0.0, 0.0, -0.451269, -0.892388, 0.272858, 0.0, 0.891855, -0.451012, 0.0, 0.0, 0.0, 0.0, 1.0]
            ]
        },
        {
            "name": "Elbow_R",
            "time": [0.0, 0.1833, 1.0, 1.2],
            "transform": [
                [-1.0, 0.0, 0.0, 0.0, -0.0, -0.0, -1.0, 0.3, -0.0, -1.0, 0.0, 0.0, 0.0, 0.0, 0.0, 1.0],
                [-1.0, 0.0, -0.0, -0.0, 0.0, -0.0, -1.0, 0.3, -0.0, -1.0, 0.0, -0.0, 0.0, 0.0, 0.0, 1.0],
                [-1.0, 0.0, -0.0, 0.0, 0.0, -0.0, -1.0, 0.3, -0.0, -1.0, 0.0, -0.0, 0.0, 0.0, 0.0, 1.0],
                [-1.0, 0.0, -0.0, 0.0, 0.0, -0.0, -1.0, 0.3, -0.0, -1.0, 0.0, -0.0, 0.0, 0.0, 0.0, 1.0]
            ]
        },
        {
            "name": "Shoulder_L",
            "time": [0.0, 0.1833, 0.6, 1.0, 1.2],
            "transform": [
                [-0.194935, -0.976796, -0.088709, -0.0, -0.092838, -0.071662, 0.993099, 0.4, -0.976413, 0.201825, -0.076715, 0.0, 0.0, 0.0, 0.0, 1.0],
                [-0.194935, -0.976796, -0.088709, 0.0, -0.092838, -0.071662, 0.993099, 0.4, -0.976413, 0.201825, -0.076715, 0.0, 0.0, 0.0, 0.0, 1.0],
                [0.370132, -0.904435, -0.21213, -0.0, -0.038637, -0.243137, 0.969222, 0.4, -0.928175, -0.350544, -0.124938, 0.0, 0.0, 0.0, 0.0, 1.0],
                [0.370132, -0.904435, -0.21213, -0.0, -0.038637, -0.243137, 0.969222, 0.4, -0.928175, -0.350544, -0.124938, 0.0, 0.0, 0.0, 0.0, 1.0],
                [0.370132, -0.904435, -0.21213, -0.0, -0.038637, -0.243137, 0.969222, 0.4, -0.928175, -0.350544, -0.124938, 0.0, 0.0, 0.0, 0.0, 1.0]
            ]
        },
        {
            "name": "Arm_L",
            "time": [0.0, 0.1833, 0.6, 1.0, 1.2],
            "transform": [
                [-0.289804, -0.21331, 0.933013, 0.0, -0.954872, -0.001831, -0.297012, 0.39386, 0.065064, -0.976983, -0.203153, 0.0, 0.0, 0.0, 0.0, 1.0],
                [-0.289804, -0.21331, 0.933013, 0.0, -0.954872, -0.001831, -0.297012, 0.39386, 0.065064, -0.976983, -0.203153, 0.0, 0.0, 0.0, 0.0, 1.0],
                [-0.333053, -0.056996, 0.941184, 0.0, -0.926524, 0.205049, -0.315448, 0.39386, -0.17501, -0.97709, -0.121101, 0.0, 0.0, 0.0, 0.0, 1.0],
                [-0.333053, -0.056996, 0.941184, -0.0, -0.926524, 0.205049, -0.315448, 0.39386, -0.17501, -0.97709, -0.121101, -0.0, 0.0, 0.0, 0.0, 1.0],
                [-0.333053, -0.056996, 0.941184, -0.0, -0.926524, 0.205049, -0.315448, 0.39386, -0.17501, -0.97709, -0.121101, -0.0, 0.0, 0.0, 0.0, 1.0]
            ]
        },
        {
            "name": "Hand_L",
            "time": [0.0, 0.1833, 1.0, 1.2],
            "transform": [
                [0.99932, -0.032795, 0.016873, -0.0, 0.03687, 0.899849, -0.434642, 0.3, -0.000928, 0.434968, 0.900446, -0.0, 0.0, 0.0, 0.0, 1.0],
                [0.99932, -0.032795, 0.016873, 0.0, 0.03687, 0.899849, -0.434642, 0.3, -0.000928, 0.434968, 0.900446, 0.0, 0.0, 0.0, 0.0, 1.0],
                [0.99932, -0.032795, 0.016873, 0.0, 0.03687, 0.899849, -0.434642, 0.3, -0.000928, 0.434968, 0.900446, 0.0, 0.0, 0.0, 0.0, 1.0],
                [0.99932, -0.032795, 0.016873, 0.0, 0.03687, 0.899849, -0.434642, 0.3, -0.000928, 0.434968, 0.900446, 0.0, 0.0, 0.0, 0.0, 1.0]
            ]
        },
        {
            "name": "Tool_L",
            "time": [0.0, 0.1833, 1.0, 1.2],
            "transform": [
                [0.0, 0.0, 0.0, 0.0, 0.0, 0.0, 0.0, 0.272858, 0.0, 0.0, 0.0, 0.0, 0.0, 0.0, 0.0, 1.0],
                [0.0, 0.0, 0.0, -0.0, 0.0, 0.0, 0.0, 0.272858, 0.0, 0.0, 0.0, 0.0, 0.0, 0.0, 0.0, 1.0],
                [0.0, 0.0, 0.0, -0.0, 0.0, 0.0, 0.0, 0.272858, 0.0, 0.0, 0.0, -0.0, 0.0, 0.0, 0.0, 1.0],
                [0.0, 0.0, 0.0, -0.0, 0.0, 0.0, 0.0, 0.272858, 0.0, 0.0, 0.0, -0.0, 0.0, 0.0, 0.0, 1.0]
            ]
        },
        {
            "name": "Elbow_L",
            "time": [0.0, 0.1833, 1.0, 1.2],
            "transform": [
                [-1.0, 0.0, -0.0, -0.0, 0.0, -0.0, -1.0, 0.3, -0.0, -1.0, -0.0, -0.0, 0.0, 0.0, 0.0, 1.0],
                [-1.0, 0.0, -0.0, 0.0, -0.0, -0.0, -1.0, 0.3, -0.0, -1.0, -0.0, 0.0, 0.0, 0.0, 0.0, 1.0],
                [-1.0, 0.0, -0.0, 0.0, -0.0, -0.0, -1.0, 0.3, -0.0, -1.0, -0.0, 0.0, 0.0, 0.0, 0.0, 1.0],
                [-1.0, 0.0, -0.0, 0.0, -0.0, -0.0, -1.0, 0.3, -0.0, -1.0, -0.0, 0.0, 0.0, 0.0, 0.0, 1.0]
            ]
        }
    ]
}