{
    
    "animation": [
        {
            "name": "Root",
            "time": [0.0, 0.1833, 0.3, 0.6667, 0.7833, 0.8833, 1.0833],
            "transform": [
                [0.58791, 0.085865, 0.804356, 0.090926, 0.808766, -0.082174, -0.582362, 0.05901, 0.016093, 0.992912, -0.117756, 0.614248, 0.0, 0.0, 0.0, 1.0],
                [0.58791, 0.085865, 0.804356, 0.090926, 0.808766, -0.082174, -0.582362, 0.05901, 0.016093, 0.992912, -0.117756, 0.614248, 0.0, 0.0, 0.0, 1.0],
                [0.58791, 0.085865, 0.804356, 0.090926, 0.808766, -0.082174, -0.582362, 0.522116, 0.016093, 0.992912, -0.117756, 0.742959, 0.0, 0.0, 0.0, 1.0],
                [0.984795, 0.000337, -0.173718, 0.067322, -0.172447, -0.11885, -0.977822, 1.405485, -0.020975, 0.992912, -0.116985, 0.582282, 0.0, 0.0, 0.0, 1.0],
                [0.984795, 0.000337, -0.173718, 0.067322, -0.172447, -0.11885, -0.977822, 1.494519, -0.020975, 0.992912, -0.116985, 0.582282, 0.0, 0.0, 0.0, 1.0],
                [0.984795, 0.000337, -0.173718, 0.067322, -0.172447, -0.11885, -0.977822, 1.494519, -0.020975, 0.992912, -0.116985, 0.582282, 0.0, 0.0, 0.0, 1.0],
                [0.984795, 0.000337, -0.173718, 0.067322, -0.172447, -0.11885, -0.977822, 1.494519, -0.020975, 0.992912, -0.116985, 0.582282, 0.0, 0.0, 0.0, 1.0]
            ]
        },
        {
            "name": "Thigh_R",
            "time": [0.0, 0.1833, 0.4167, 0.6667, 0.8833, 1.0833],
            "transform": [
                [0.685169, 0.568413, 0.455465, 0.124994, 0.132219, -0.711977, 0.689641, -0.002831, 0.716282, -0.412299, -0.562982, -1.2e-05, 0.0, 0.0, 0.0, 1.0],
                [0.685169, 0.526961, 0.502846, 0.124994, 0.132219, -0.768868, 0.625586, -0.002831, 0.716283, -0.362146, -0.596481, -1.2e-05, 0.0, 0.0, 0.0, 1.0],
                [0.912443, -0.171378, 0.371586, 0.124994, 0.060973, -0.840995, -0.537594, -0.002831, 0.404634, 0.51318, -0.756913, -1.2e-05, 0.0, 0.0, 0.0, 1.0],
                [0.988723, 0.141398, -0.049319, 0.124994, 0.040334, -0.568609, -0.821618, -0.002831, -0.144219, 0.810362, -0.567901, -1.2e-05, 0.0, 0.0, 0.0, 1.0],
                [0.988723, 0.133518, -0.067814, 0.124994, 0.040334, -0.673536, -0.738052, -0.002831, -0.144219, 0.726993, -0.671327, -1.2e-05, 0.0, 0.0, 0.0, 1.0],
                [0.988723, 0.133518, -0.067814, 0.124994, 0.040334, -0.673536, -0.738052, -0.002831, -0.144219, 0.726993, -0.671327, -1.2e-05, 0.0, 0.0, 0.0, 1.0]
            ]
        },
        {
            "name": "Leg_R",
            "time": [0.0, 0.1833, 0.3833, 0.4167, 0.6667, 0.8833, 1.0833],
            "transform": [
                [1.0, -1e-06, 2e-06, -0.0, -0.0, 0.846866, 0.531806, 0.37472, -2e-06, -0.531807, 0.846865, 0.0, 0.0, 0.0, 0.0, 1.0],
                [1.0, -1e-06, 2e-06, 0.0, -0.0, 0.846866, 0.531806, 0.37472, -2e-06, -0.531807, 0.846865, -0.0, 0.0, 0.0, 0.0, 1.0],
                [1.0, -1e-06, 1e-06, -0.0, -0.0, 0.650271, 0.759702, 0.37472, -2e-06, -0.759703, 0.65027, 0.0, 0.0, 0.0, 0.0, 1.0],
                [1.0, -1e-06, 2e-06, -0.0, -0.0, 0.915046, 0.40335, 0.37472, -2e-06, -0.40335, 0.915045, -0.0, 0.0, 0.0, 0.0, 1.0],
                [1.0, -0.0, 2e-06, -0.0, -0.0, 0.982453, 0.186513, 0.37472, -2e-06, -0.186513, 0.982452, 0.0, 0.0, 0.0, 0.0, 1.0],
                [1.0, -0.0, 2e-06, 0.0, -0.0, 0.982453, 0.186513, 0.37472, -2e-06, -0.186513, 0.982452, 0.0, 0.0, 0.0, 0.0, 1.0],
                [1.0, -0.0, 2e-06, 0.0, -0.0, 0.982453, 0.186513, 0.37472, -2e-06, -0.186513, 0.982452, 0.0, 0.0, 0.0, 0.0, 1.0]
            ]
        },
        {
            "name": "Knee_R",
            "time": [0.0, 0.1833, 0.8833, 1.0833],
            "transform": [
                [1.0, 0.0, -0.0, -0.0, -0.0, 0.330367, -0.943853, 0.37472, -0.0, 0.943853, 0.330367, 0.0, 0.0, 0.0, 0.0, 1.0],
                [1.0, 0.0, -0.0, 0.0, -0.0, 0.330367, -0.943853, 0.37472, -0.0, 0.943853, 0.330367, -0.0, 0.0, 0.0, 0.0, 1.0],
                [1.0, 0.0, -0.0, 0.0, -0.0, 0.330367, -0.943853, 0.37472, -0.0, 0.943853, 0.330367, 0.0, 0.0, 0.0, 0.0, 1.0],
                [1.0, 0.0, -0.0, 0.0, -0.0, 0.330367, -0.943853, 0.37472, -0.0, 0.943853, 0.330367, 0.0, 0.0, 0.0, 0.0, 1.0]
            ]
        },
        {
            "name": "Thigh_L",
            "time": [0.0, 0.1833, 0.3833, 0.4167, 0.55, 0.6667, 0.8833, 1.0833],
            "transform": [
                [0.699055, -0.468535, 0.540181, -0.125006, 0.010176, -0.748834, -0.66268, -0.002831, 0.714994, 0.468747, -0.518708, -1.2e-05, 0.0, 0.0, 0.0, 1.0],
                [0.699055, -0.504361, 0.506893, -0.125006, 0.010176, -0.701787, -0.712314, -0.002831, 0.714994, 0.503106, -0.485455, -1.2e-05, 0.0, 0.0, 0.0, 1.0],
                [0.699055, -0.339989, 0.629069, -0.125006, 0.010176, -0.874916, -0.484168, -0.002831, 0.714994, 0.344862, -0.608155, -1.2e-05, 0.0, 0.0, 0.0, 1.0],
                [0.924623, 0.143687, 0.35274, -0.125006, -0.040135, -0.884201, 0.46538, -0.002831, 0.378762, -0.444458, -0.811785, -1.2e-05, 0.0, 0.0, 0.0, 1.0],
                [0.988916, -0.122553, -0.083815, -0.125006, 0.019189, -0.454284, 0.89065, -0.002831, -0.147228, -0.882387, -0.446897, -1.2e-05, 0.0, 0.0, 0.0, 1.0],
                [0.976164, -0.172938, -0.13113, -0.125006, -0.008369, -0.633745, 0.773497, -0.002831, -0.21687, -0.753963, -0.620087, -1.2e-05, 0.0, 0.0, 0.0, 1.0],
                [0.976164, -0.172938, -0.13113, -0.125006, -0.008369, -0.633745, 0.773497, -0.002831, -0.21687, -0.753963, -0.620087, -1.2e-05, 0.0, 0.0, 0.0, 1.0],
                [0.976164, -0.172938, -0.13113, -0.125006, -0.008369, -0.633745, 0.773497, -0.002831, -0.21687, -0.753963, -0.620087, -1.2e-05, 0.0, 0.0, 0.0, 1.0]
            ]
        },
        {
            "name": "Leg_L",
            "time": [0.0, 0.1833, 0.3833, 0.4167, 0.6667, 0.8833, 1.0833],
            "transform": [
                [1.0, -0.0, 1e-06, -0.0, 0.0, 0.962147, 0.272531, 0.37472, -1e-06, -0.272531, 0.962147, 0.0, 0.0, 0.0, 0.0, 1.0],
                [1.0, -0.0, 1e-06, 0.0, 0.0, 0.962147, 0.272532, 0.37472, -1e-06, -0.272531, 0.962147, -0.0, 0.0, 0.0, 0.0, 1.0],
                [1.0, -1e-06, 1e-06, 0.0, 0.0, 0.824351, 0.566079, 0.37472, -1e-06, -0.566078, 0.824351, -0.0, 0.0, 0.0, 0.0, 1.0],
                [1.0, -1e-06, -0.0, 0.0, 0.0, -0.38098, 0.924583, 0.37472, -1e-06, -0.924583, -0.38098, 0.0, 0.0, 0.0, 0.0, 1.0],
                [1.0, -1e-06, 0.0, 0.0, 0.0, 0.750192, 0.661219, 0.37472, -1e-06, -0.661219, 0.750193, -0.0, 0.0, 0.0, 0.0, 1.0],
                [1.0, -1e-06, 0.0, 0.0, 0.0, 0.677029, 0.735956, 0.37472, -1e-06, -0.735956, 0.677029, -0.0, 0.0, 0.0, 0.0, 1.0],
                [1.0, -1e-06, 0.0, 0.0, 0.0, 0.677029, 0.735956, 0.37472, -1e-06, -0.735956, 0.677029, -0.0, 0.0, 0.0, 0.0, 1.0]
            ]
        },
        {
            "name": "Knee_L",
            "time": [0.0, 0.1833, 0.4167, 0.8833, 1.0833],
            "transform": [
                [1.0, 0.0, -0.0, -0.0, -0.0, 0.234212, -0.972185, 0.37472, -0.0, 0.972186, 0.234212, 0.0, 0.0, 0.0, 0.0, 1.0],
                [1.0, 0.0, -0.0, 0.0, -0.0, 0.234212, -0.972186, 0.37472, -0.0, 0.972186, 0.234212, -0.0, 0.0, 0.0, 0.0, 1.0],
                [1.0, 0.0, -0.0, 0.0, -0.0, 0.638195, -0.769875, 0.37472, -0.0, 0.769875, 0.638195, 0.0, 0.0, 0.0, 0.0, 1.0],
                [1.0, 0.0, -0.0, 0.0, -0.0, 0.638195, -0.769875, 0.37472, -0.0, 0.769875, 0.638195, -0.0, 0.0, 0.0, 0.0, 1.0],
                [1.0, 0.0, -0.0, 0.0, -0.0, 0.638195, -0.769875, 0.37472, -0.0, 0.769875, 0.638195, -0.0, 0.0, 0.0, 0.0, 1.0]
            ]
        },
        {
            "name": "Torso",
            "time": [0.0, 0.1833, 0.6667, 0.8833, 1.0833],
            "transform": [
                [0.973335, 0.20817, 0.096351, 0.0, -0.22911, 0.902853, 0.363819, 0.05, -0.011254, -0.376193, 0.926473, 0.0, 0.0, 0.0, 0.0, 1.0],
                [0.973335, 0.20817, 0.096351, 0.0, -0.22911, 0.902853, 0.363819, 0.05, -0.011254, -0.376193, 0.926473, 0.0, 0.0, 0.0, 0.0, 1.0],
                [0.88835, -0.139735, -0.437387, -0.0, 0.327197, 0.86095, 0.389496, 0.05, 0.322142, -0.489121, 0.810546, -0.0, 0.0, 0.0, 0.0, 1.0],
                [0.88835, -0.139735, -0.437387, -0.0, 0.327197, 0.86095, 0.389496, 0.05, 0.322142, -0.489121, 0.810546, -0.0, 0.0, 0.0, 0.0, 1.0],
                [0.88835, -0.139735, -0.437387, -0.0, 0.327197, 0.86095, 0.389496, 0.05, 0.322142, -0.489121, 0.810546, -0.0, 0.0, 0.0, 0.0, 1.0]
            ]
        },
        {
            "name": "Chest",
            "time": [0.0, 0.1833, 0.4333, 0.6667, 0.8833, 1.0833],
            "transform": [
                [0.732426, 0.138446, 0.666622, -0.0, -0.343362, 0.920587, 0.186066, 0.3, -0.587924, -0.365173, 0.7218, 0.0, 0.0, 0.0, 0.0, 1.0],
                [0.87226, 0.261802, 0.413064, -0.0, -0.351592, 0.922796, 0.157578, 0.3, -0.339919, -0.282679, 0.896966, 0.0, 0.0, 0.0, 0.0, 1.0],
                [0.997776, -0.060127, 0.02878, 0.0, 0.052138, 0.972944, 0.225082, 0.3, -0.041534, -0.22308, 0.973915, 0.0, 0.0, 0.0, 0.0, 1.0],
                [0.790836, 0.196064, -0.579773, -0.0, -0.125597, 0.979127, 0.159796, 0.3, 0.599002, -0.053555, 0.798955, 0.0, 0.0, 0.0, 0.0, 1.0],
                [0.85444, 0.118529, -0.505848, -0.0, -0.049538, 0.987779, 0.147778, 0.3, 0.517183, -0.101208, 0.84987, 0.0, 0.0, 0.0, 0.0, 1.0],
                [0.85444, 0.118529, -0.505848, -0.0, -0.049538, 0.987779, 0.147778, 0.3, 0.517183, -0.101208, 0.84987, 0.0, 0.0, 0.0, 0.0, 1.0]
            ]
        },
        {
            "name": "Head",
            "time": [0.0, 0.1833, 0.35, 0.6667, 0.8833, 1.0833],
            "transform": [
                [0.235906, -0.354443, -0.904831, -0.0, -0.170334, 0.901614, -0.397592, 0.4, 0.956731, 0.247918, 0.152322, 0.0, 0.0, 0.0, 0.0, 1.0],
                [0.235906, -0.354443, -0.904831, -0.0, -0.170334, 0.901614, -0.397592, 0.4, 0.956731, 0.247918, 0.152322, 0.0, 0.0, 0.0, 0.0, 1.0],
                [0.796152, -0.464051, -0.388328, -0.0, 0.307567, 0.863026, -0.400736, 0.4, 0.521099, 0.19961, 0.829826, 0.0, 0.0, 0.0, 0.0, 1.0],
                [0.223444, 0.24621, 0.943108, 0.0, 0.204017, 0.934326, -0.292254, 0.4, -0.953126, 0.257713, 0.158538, -0.0, 0.0, 0.0, 0.0, 1.0],
                [0.223444, 0.24621, 0.943108, 0.0, 0.204017, 0.934326, -0.292254, 0.4, -0.953126, 0.257713, 0.158538, 0.0, 0.0, 0.0, 0.0, 1.0],
                [0.223444, 0.24621, 0.943108, 0.0, 0.204017, 0.934326, -0.292254, 0.4, -0.953126, 0.257713, 0.158538, 0.0, 0.0, 0.0, 0.0, 1.0]
            ]
        },
        {
            "name": "Shoulder_R",
            "time": [0.0, 0.1833, 0.6667, 0.8833, 1.0833],
            "transform": [
                [0.370719, 0.878469, 0.301428, -0.0, -0.094352, -0.287252, 0.953197, 0.4, 0.92394, -0.381808, -0.023605, 0.0, 0.0, 0.0, 0.0, 1.0],
                [0.370719, 0.878469, 0.301428, -0.0, -0.094352, -0.287252, 0.953197, 0.4, 0.92394, -0.381808, -0.023605, 0.0, 0.0, 0.0, 0.0, 1.0],
                [-0.117262, 0.946251, 0.301428, 0.0, 0.061627, -0.296003, 0.953197, 0.4, 0.991187, 0.13035, -0.023605, -0.0, 0.0, 0.0, 0.0, 1.0],
                [-0.117262, 0.946251, 0.301428, 0.0, 0.061627, -0.296003, 0.953197, 0.4, 0.991187, 0.13035, -0.023605, 0.0, 0.0, 0.0, 0.0, 1.0],
                [-0.117262, 0.946251, 0.301428, 0.0, 0.061627, -0.296003, 0.953197, 0.4, 0.991187, 0.13035, -0.023605, 0.0, 0.0, 0.0, 0.0, 1.0]
            ]
        },
        {
            "name": "Arm_R",
            "time": [0.0, 0.1833, 0.3667, 0.55, 0.8833, 1.0833],
            "transform": [
                [0.579653, -0.809376, 0.094411, -0.0, 0.738462, 0.570748, 0.359056, 0.39386, -0.344496, -0.138409, 0.928529, 0.0, 0.0, 0.0, 0.0, 1.0],
                [-0.383084, -0.693583, -0.610073, -0.0, -0.004529, 0.661859, -0.749614, 0.39386, 0.923702, -0.284402, -0.256689, 0.0, 0.0, 0.0, 0.0, 1.0],
                [-0.085488, -0.955117, -0.283626, -0.0, -0.252876, 0.296146, -0.92106, 0.39386, 0.963715, -0.007017, -0.266843, -0.0, 0.0, 0.0, 0.0, 1.0],
                [-0.081385, -0.252194, -0.964248, -0.0, -0.75004, 0.652616, -0.107383, 0.39386, 0.656366, 0.714486, -0.242269, 0.0, 0.0, 0.0, 0.0, 1.0],
                [0.621805, -0.024509, -0.782789, 0.0, -0.218774, 0.954285, -0.203661, 0.393861, 0.751995, 0.297892, 0.588017, -0.0, 0.0, 0.0, 0.0, 1.0],
                [0.621805, -0.024509, -0.782789, 0.0, -0.218774, 0.954285, -0.203661, 0.393861, 0.751995, 0.297892, 0.588017, -0.0, 0.0, 0.0, 0.0, 1.0]
            ]
        },
        {
            "name": "Hand_R",
            "time": [0.0, 0.1833, 0.3833, 0.8833, 1.0833],
            "transform": [
                [0.999985, 0.001076, 0.005446, 0.0, -0.00125, 0.999482, 0.032155, 0.3, -0.005409, -0.032161, 0.999468, -0.0, 0.0, 0.0, 0.0, 1.0],
                [0.999985, 0.001076, 0.005446, 0.0, -0.00125, 0.999482, 0.032155, 0.3, -0.005409, -0.032161, 0.999468, -0.0, 0.0, 0.0, 0.0, 1.0],
                [0.999985, 0.002816, 0.004784, -0.0, -0.00125, 0.953897, -0.300133, 0.3, -0.005409, 0.300122, 0.953886, -0.0, 0.0, 0.0, 0.0, 1.0],
                [0.999985, 0.001768, 0.005262, 0.0, -0.00125, 0.995301, -0.09682, 0.3, -0.005409, 0.096812, 0.995288, 0.0, 0.0, 0.0, 0.0, 1.0],
                [0.999985, 0.001768, 0.005262, 0.0, -0.00125, 0.995301, -0.09682, 0.3, -0.005409, 0.096812, 0.995288, 0.0, 0.0, 0.0, 0.0, 1.0]
            ]
        },
        {
            "name": "Tool_R",
            "time": [0.0, 0.1833, 0.8833, 1.0833],
            "transform": [
                [1.0, -0.0, 0.0, 0.0, 0.0, -0.451269, -0.892388, 0.272858, 0.0, 0.891855, -0.451012, -0.0, 0.0, 0.0, 0.0, 1.0],
                [1.0, -0.0, 0.0, 0.0, 0.0, -0.944043, -0.329823, 0.272858, 0.0, 0.329618, -0.943487, -0.0, 0.0, 0.0, 0.0, 1.0],
                [1.0, -0.0, 0.0, 0.0, 0.0, -0.511949, -0.859016, 0.272858, 0.0, 0.858502, -0.511655, 0.0, 0.0, 0.0, 0.0, 1.0],
                [1.0, -0.0, 0.0, 0.0, 0.0, -0.511949, -0.859016, 0.272858, 0.0, 0.858502, -0.511655, 0.0, 0.0, 0.0, 0.0, 1.0]
            ]
        },
        {
            "name": "Elbow_R",
            "time": [0.0, 0.1833, 0.8833, 1.0833],
            "transform": [
                [-1.0, 0.0, -0.0, 0.0, 0.0, -0.0, -1.0, 0.3, -0.0, -1.0, 0.0, -0.0, 0.0, 0.0, 0.0, 1.0],
                [-1.0, 0.0, -0.0, 0.0, 0.0, -0.0, -1.0, 0.3, -0.0, -1.0, 0.0, -0.0, 0.0, 0.0, 0.0, 1.0],
                [-1.0, 0.0, -0.0, 0.0, -0.0, -0.0, -1.0, 0.3, -0.0, -1.0, 0.0, 0.0, 0.0, 0.0, 0.0, 1.0],
                [-1.0, 0.0, -0.0, 0.0, -0.0, -0.0, -1.0, 0.3, -0.0, -1.0, 0.0, 0.0, 0.0, 0.0, 0.0, 1.0]
            ]
        },
        {
            "name": "Shoulder_L",
            "time": [0.0, 0.1833, 0.6667, 0.8833, 1.0833],
            "transform": [
                [0.370132, -0.904435, -0.21213, -0.0, -0.038637, -0.243137, 0.969222, 0.4, -0.928175, -0.350544, -0.124938, 0.0, 0.0, 0.0, 0.0, 1.0],
                [0.370132, -0.904435, -0.21213, -0.0, -0.038637, -0.243137, 0.969222, 0.4, -0.928175, -0.350544, -0.124938, 0.0, 0.0, 0.0, 0.0, 1.0],
                [-0.047879, -0.976068, -0.21213, 0.0, -0.138001, -0.203873, 0.969222, 0.4, -0.989274, 0.075679, -0.124938, -0.0, 0.0, 0.0, 0.0, 1.0],
                [-0.047879, -0.976068, -0.21213, 0.0, -0.138001, -0.203873, 0.969222, 0.4, -0.989274, 0.075679, -0.124938, 0.0, 0.0, 0.0, 0.0, 1.0],
                [-0.047879, -0.976068, -0.21213, 0.0, -0.138001, -0.203873, 0.969222, 0.4, -0.989274, 0.075679, -0.124938, 0.0, 0.0, 0.0, 0.0, 1.0]
            ]
        },
        {
            "name": "Arm_L",
            "time": [0.0, 0.1833, 0.6667, 0.8833, 1.0833],
            "transform": [
                [-0.333053, -0.056996, 0.941184, -0.0, -0.926524, 0.205049, -0.315448, 0.39386, -0.17501, -0.97709, -0.121101, -0.0, 0.0, 0.0, 0.0, 1.0],
                [-0.333053, -0.056996, 0.941184, -0.0, -0.926524, 0.205049, -0.315448, 0.39386, -0.17501, -0.97709, -0.121101, -0.0, 0.0, 0.0, 0.0, 1.0],
                [-0.055964, 0.166069, 0.984525, -0.0, 0.207919, 0.96639, -0.151191, 0.39386, -0.976544, 0.196241, -0.088612, 0.0, 0.0, 0.0, 0.0, 1.0],
                [-0.055964, 0.166069, 0.984525, 0.0, 0.207919, 0.96639, -0.151191, 0.39386, -0.976544, 0.196241, -0.088612, 0.0, 0.0, 0.0, 0.0, 1.0],
                [-0.055964, 0.166069, 0.984525, 0.0, 0.207919, 0.96639, -0.151191, 0.39386, -0.976544, 0.196241, -0.088612, 0.0, 0.0, 0.0, 0.0, 1.0]
            ]
        },
        {
            "name": "Hand_L",
            "time": [0.0, 0.1833, 0.6667, 0.8833, 1.0833],
            "transform": [
                [0.99932, -0.032795, 0.016873, 0.0, 0.03687, 0.899849, -0.434642, 0.3, -0.000928, 0.434968, 0.900446, 0.0, 0.0, 0.0, 0.0, 1.0],
                [0.99932, -0.032795, 0.016872, 0.0, 0.03687, 0.899849, -0.434642, 0.3, -0.000928, 0.434968, 0.900446, 0.0, 0.0, 0.0, 0.0, 1.0],
                [0.99932, -0.03565, 0.009451, 0.0, 0.036869, 0.972098, -0.231661, 0.3, -0.000928, 0.231852, 0.972751, -0.0, 0.0, 0.0, 0.0, 1.0],
                [0.99932, -0.027545, 0.024525, 0.0, 0.03687, 0.762866, -0.645505, 0.3, -0.000928, 0.64597, 0.763362, 0.0, 0.0, 0.0, 0.0, 1.0],
                [0.99932, -0.027545, 0.024525, 0.0, 0.03687, 0.762866, -0.645505, 0.3, -0.000928, 0.64597, 0.763362, 0.0, 0.0, 0.0, 0.0, 1.0]
            ]
        },
        {
            "name": "Tool_L",
            "time": [0.0, 0.1833, 0.8833, 1.0833],
            "transform": [
                [0.0, 0.0, 0.0, -0.0, 0.0, 0.0, 0.0, 0.272858, 0.0, 0.0, 0.0, -0.0, 0.0, 0.0, 0.0, 1.0],
                [0.0, 0.0, 0.0, 0.0, 0.0, 0.0, 0.0, 0.272858, 0.0, 0.0, 0.0, -0.0, 0.0, 0.0, 0.0, 1.0],
                [0.0, 0.0, 0.0, 0.0, 0.0, 0.0, 0.0, 0.272858, 0.0, 0.0, 0.0, -0.0, 0.0, 0.0, 0.0, 1.0],
                [0.0, 0.0, 0.0, 0.0, 0.0, 0.0, 0.0, 0.272858, 0.0, 0.0, 0.0, -0.0, 0.0, 0.0, 0.0, 1.0]
            ]
        },
        {
            "name": "Elbow_L",
            "time": [0.0, 0.1833, 0.8833, 1.0833],
            "transform": [
                [-1.0, 0.0, -0.0, 0.0, -0.0, -0.0, -1.0, 0.3, -0.0, -1.0, -0.0, 0.0, 0.0, 0.0, 0.0, 1.0],
                [-1.0, 0.0, 0.0, 0.0, 0.0, -0.0, -1.0, 0.3, -0.0, -1.0, 0.0, 0.0, 0.0, 0.0, 0.0, 1.0],
                [-1.0, 0.0, 0.0, 0.0, 0.0, -0.0, -1.0, 0.3, -0.0, -1.0, -0.0, 0.0, 0.0, 0.0, 0.0, 1.0],
                [-1.0, 0.0, 0.0, 0.0, 0.0, -0.0, -1.0, 0.3, -0.0, -1.0, -0.0, 0.0, 0.0, 0.0, 0.0, 1.0]
            ]
        }
    ]
}