{
    
    "animation": [
        {
            "name": "Root",
            "time": [0.0, 0.1167, 0.2667, 0.4, 0.5833, 0.8167, 0.9333, 1.2333, 1.45, 1.6833],
            "transform": [
                [0.984795, 0.000337, -0.173718, -0.004996, -0.172447, -0.11885, -0.977822, 0.093808, -0.020975, 0.992912, -0.116985, 0.654949, 0.0, 0.0, 0.0, 1.0],
                [-0.041885, -0.121355, -0.991725, -0.053404, -0.999122, 0.004186, 0.041685, 0.062026, -0.000907, 0.9926, -0.121423, 0.661084, 0.0, 0.0, 0.0, 1.0],
                [-0.902889, -0.115563, -0.414051, -0.126535, -0.429874, 0.240292, 0.870327, 0.01401, -0.001084, 0.963797, -0.266634, 0.689359, 0.0, 0.0, 0.0, 1.0],
                [-0.817021, 0.0039, 0.576595, -0.08793, 0.51249, 0.463192, 0.723054, 0.227193, -0.264254, 0.886249, -0.380436, 0.733165, 0.0, 0.0, 0.0, 1.0],
                [0.938322, 0.164673, -0.304032, 0.004185, -0.325892, 0.127402, -0.936783, 0.806125, -0.115529, 0.978086, 0.17321, 0.778082, 0.0, 0.0, 0.0, 1.0],
                [0.928544, 0.097689, -0.358138, 0.043326, -0.37117, 0.228167, -0.900096, 1.357951, -0.006215, 0.968709, 0.248122, 0.624099, 0.0, 0.0, 0.0, 1.0],
                [0.932226, 0.096374, -0.348808, 0.048407, -0.361877, 0.249937, -0.898096, 1.46415, 0.000626, 0.963454, 0.267873, 0.575058, 0.0, 0.0, 0.0, 1.0],
                [0.935565, 0.095265, -0.340062, 0.042845, -0.353153, 0.250605, -0.901377, 1.559722, -0.000649, 0.963391, 0.2681, 0.575058, 0.0, 0.0, 0.0, 1.0],
                [0.932226, 0.096374, -0.348808, 0.048407, -0.361877, 0.249937, -0.898096, 1.587703, 0.000626, 0.963454, 0.267873, 0.575058, 0.0, 0.0, 0.0, 1.0],
                [0.932226, 0.096374, -0.348808, 0.051666, -0.361877, 0.249937, -0.898096, 1.596156, 0.000626, 0.963454, 0.267873, 0.607644, 0.0, 0.0, 0.0, 1.0]
            ]
        },
        {
            "name": "Thigh_R",
            "time": [0.0, 0.0833, 0.2667, 0.4, 0.4667, 0.5833, 0.9333, 1.45, 1.6833],
            "transform": [
                [0.988723, 0.133518, -0.067814, 0.124994, 0.040334, -0.673536, -0.738052, -0.002831, -0.144219, 0.726993, -0.671327, -1.2e-05, 0.0, 0.0, 0.0, 1.0],
                [0.985871, 0.084197, -0.144809, 0.124994, 0.134044, -0.914981, 0.380577, -0.002831, -0.100455, -0.394609, -0.913341, -1.2e-05, 0.0, 0.0, 0.0, 1.0],
                [0.979603, 0.167411, -0.111132, 0.124994, 0.200846, -0.798793, 0.567087, -0.002831, 0.006165, -0.57784, -0.816126, -1.2e-05, 0.0, 0.0, 0.0, 1.0],
                [0.742493, 0.661333, -0.106495, 0.124994, 0.659628, -0.694186, 0.288086, -0.002831, 0.116593, -0.284148, -0.951665, -1.2e-05, 0.0, 0.0, 0.0, 1.0],
                [0.748621, 0.641681, -0.166764, 0.124994, 0.599112, -0.547006, 0.584677, -0.002831, 0.283955, -0.537611, -0.793941, -1.2e-05, 0.0, 0.0, 0.0, 1.0],
                [0.911806, 0.155503, -0.380038, 0.124994, 0.266063, -0.928688, 0.258351, -0.002831, -0.312763, -0.336679, -0.888159, -1.2e-05, 0.0, 0.0, 0.0, 1.0],
                [0.951263, 0.171057, -0.256588, 0.124994, 0.100345, -0.958467, -0.266961, -0.002831, -0.291597, 0.228203, -0.928921, -1.2e-05, 0.0, 0.0, 0.0, 1.0],
                [0.951263, 0.114605, -0.286293, 0.124994, 0.100345, -0.992887, -0.064046, -0.002831, -0.291597, 0.032197, -0.955999, -1.2e-05, 0.0, 0.0, 0.0, 1.0],
                [0.951263, 0.114605, -0.286293, 0.124994, 0.100345, -0.992887, -0.064046, -0.002831, -0.291597, 0.032197, -0.955999, -1.2e-05, 0.0, 0.0, 0.0, 1.0]
            ]
        },
        {
            "name": "Leg_R",
            "time": [0.0, 0.0833, 0.2667, 0.4, 0.4833, 0.9333, 1.45, 1.6833],
            "transform": [
                [1.0, -0.0, 2e-06, -0.0, -0.0, 0.982453, 0.186513, 0.37472, -2e-06, -0.186513, 0.982452, -0.0, 0.0, 0.0, 0.0, 1.0],
                [1.0, -2e-06, 1e-06, -0.0, -0.0, 0.467125, 0.884191, 0.37472, -2e-06, -0.884192, 0.467124, -0.0, 0.0, 0.0, 0.0, 1.0],
                [1.0, -1e-06, 2e-06, -0.0, -0.0, 0.874945, 0.484223, 0.37472, -2e-06, -0.484223, 0.874944, -0.0, 0.0, 0.0, 0.0, 1.0],
                [1.0, -2e-06, 1e-06, 0.0, -0.0, 0.480566, 0.876958, 0.37472, -2e-06, -0.87696, 0.480565, 0.0, 0.0, 0.0, 0.0, 1.0],
                [1.0, -0.0, 2e-06, -0.0, -0.0, 0.95696, 0.290221, 0.37472, -2e-06, -0.290221, 0.956959, -0.0, 0.0, 0.0, 0.0, 1.0],
                [1.0, -0.0, 2e-06, 0.0, -0.0, 0.960401, 0.278624, 0.37472, -2e-06, -0.278625, 0.960399, -0.0, 0.0, 0.0, 0.0, 1.0],
                [1.0, -1e-06, 2e-06, -0.0, -0.0, 0.82778, 0.561054, 0.37472, -2e-06, -0.561055, 0.827778, 0.0, 0.0, 0.0, 0.0, 1.0],
                [1.0, -0.0, 2e-06, -0.0, -0.0, 0.906423, 0.422373, 0.37472, -2e-06, -0.422373, 0.906421, 0.0, 0.0, 0.0, 0.0, 1.0]
            ]
        },
        {
            "name": "Knee_R",
            "time": [0.0, 1.45, 1.6833],
            "transform": [
                [1.0, 0.0, -0.0, -0.0, -0.0, 0.330367, -0.943853, 0.37472, -0.0, 0.943853, 0.330367, -0.0, 0.0, 0.0, 0.0, 1.0],
                [1.0, 0.0, -0.0, -0.0, -0.0, 0.330367, -0.943853, 0.37472, -0.0, 0.943853, 0.330367, 0.0, 0.0, 0.0, 0.0, 1.0],
                [1.0, 0.0, -0.0, -0.0, -0.0, 0.330367, -0.943853, 0.37472, -0.0, 0.943853, 0.330367, 0.0, 0.0, 0.0, 0.0, 1.0]
            ]
        },
        {
            "name": "Thigh_L",
            "time": [0.0, 0.2667, 0.4667, 0.5833, 0.9333, 1.45, 1.6833],
            "transform": [
                [0.976164, -0.172938, -0.13113, -0.125006, -0.008369, -0.633745, 0.773497, -0.002831, -0.21687, -0.753963, -0.620087, -1.2e-05, 0.0, 0.0, 0.0, 1.0],
                [0.209827, -0.321407, -0.923401, -0.125006, -0.113425, -0.946051, 0.303516, -0.002831, -0.971137, 0.041051, -0.234963, -1.2e-05, 0.0, 0.0, 0.0, 1.0],
                [0.517091, 0.242404, -0.820888, -0.125006, -0.212731, -0.892569, -0.397574, -0.002831, -0.829072, 0.380211, -0.409973, -1.2e-05, 0.0, 0.0, 0.0, 1.0],
                [0.6713, -0.130066, -0.729683, -0.125006, -0.319793, -0.93896, -0.126836, -0.002831, -0.668646, 0.318493, -0.671918, -1.2e-05, 0.0, 0.0, 0.0, 1.0],
                [0.939259, -0.270956, -0.210652, -0.125006, 0.094393, -0.386161, 0.917589, -0.002831, -0.329972, -0.881738, -0.33713, -1.2e-05, 0.0, 0.0, 0.0, 1.0],
                [0.939259, -0.289061, -0.185028, -0.125006, 0.094393, -0.300754, 0.949019, -0.002831, -0.329972, -0.908841, -0.255202, -1.2e-05, 0.0, 0.0, 0.0, 1.0],
                [0.939259, -0.272577, -0.20855, -0.125006, 0.094393, -0.379053, 0.920548, -0.002831, -0.329972, -0.884319, -0.3303, -1.2e-05, 0.0, 0.0, 0.0, 1.0]
            ]
        },
        {
            "name": "Leg_L",
            "time": [0.0, 0.2667, 0.4667, 0.5833, 1.45, 1.6833],
            "transform": [
                [1.0, -1e-06, 0.0, 0.0, 0.0, 0.677029, 0.735956, 0.37472, -1e-06, -0.735956, 0.677029, -0.0, 0.0, 0.0, 0.0, 1.0],
                [1.0, -1e-06, 0.0, 0.0, 0.0, 0.890425, 0.455129, 0.37472, -1e-06, -0.455129, 0.890426, -0.0, 0.0, 0.0, 0.0, 1.0],
                [1.0, -0.0, 1e-06, -0.0, 0.0, 0.996689, 0.081307, 0.37472, -0.0, -0.081307, 0.996689, 0.0, 0.0, 0.0, 0.0, 1.0],
                [1.0, -1e-06, -0.0, 0.0, 0.0, 0.568426, 0.822734, 0.37472, -1e-06, -0.822734, 0.568426, -0.0, 0.0, 0.0, 0.0, 1.0],
                [1.0, -1e-06, 0.0, -0.0, 0.0, 0.691083, 0.722775, 0.37472, -1e-06, -0.722775, 0.691084, 0.0, 0.0, 0.0, 0.0, 1.0],
                [1.0, -1e-06, 0.0, 0.0, 0.0, 0.691083, 0.722775, 0.37472, -1e-06, -0.722775, 0.691084, 0.0, 0.0, 0.0, 0.0, 1.0]
            ]
        },
        {
            "name": "Knee_L",
            "time": [0.0, 0.4333, 1.45, 1.6833],
            "transform": [
                [1.0, 0.0, -0.0, 0.0, -0.0, 0.638195, -0.769875, 0.37472, -0.0, 0.769875, 0.638195, -0.0, 0.0, 0.0, 0.0, 1.0],
                [1.0, 0.0, -0.0, -0.0, -0.0, 0.301366, -0.953509, 0.37472, 0.0, 0.953509, 0.301366, -0.0, 0.0, 0.0, 0.0, 1.0],
                [1.0, 0.0, -0.0, -0.0, -0.0, 0.301366, -0.953509, 0.37472, 0.0, 0.953509, 0.301366, 0.0, 0.0, 0.0, 0.0, 1.0],
                [1.0, 0.0, -0.0, 0.0, -0.0, 0.301366, -0.953509, 0.37472, 0.0, 0.953509, 0.301366, 0.0, 0.0, 0.0, 0.0, 1.0]
            ]
        },
        {
            "name": "Torso",
            "time": [0.0, 0.2667, 0.9333, 1.45, 1.6833],
            "transform": [
                [0.88835, -0.139735, -0.437387, 0.0, 0.327197, 0.86095, 0.389496, 0.05, 0.322142, -0.489121, 0.810546, 0.0, 0.0, 0.0, 0.0, 1.0],
                [0.919024, -0.264475, 0.292315, 0.0, 0.155299, 0.924476, 0.348177, 0.05, -0.362322, -0.274587, 0.890688, -0.0, 0.0, 0.0, 0.0, 1.0],
                [0.985432, -0.161217, -0.054155, -0.0, 0.160177, 0.986819, -0.023057, 0.05, 0.057159, 0.014047, 0.998266, -0.0, 0.0, 0.0, 0.0, 1.0],
                [0.985432, -0.161217, -0.054155, 0.0, 0.160177, 0.986819, -0.023057, 0.05, 0.057159, 0.014047, 0.998266, -0.0, 0.0, 0.0, 0.0, 1.0],
                [0.985432, -0.161217, -0.054155, -0.0, 0.160177, 0.986819, -0.023057, 0.05, 0.057159, 0.014047, 0.998266, 0.0, 0.0, 0.0, 0.0, 1.0]
            ]
        },
        {
            "name": "Chest",
            "time": [0.0, 0.4167, 0.9333, 1.45, 1.6833],
            "transform": [
                [0.85444, 0.118529, -0.505848, 0.0, -0.049538, 0.987779, 0.147778, 0.3, 0.517183, -0.101208, 0.84987, 0.0, 0.0, 0.0, 0.0, 1.0],
                [0.756868, 0.121739, 0.642129, 0.0, -0.15564, 0.987806, -0.003824, 0.3, -0.634765, -0.097047, 0.766587, 0.0, 0.0, 0.0, 0.0, 1.0],
                [0.719493, 0.118529, -0.68431, -0.0, -0.015195, 0.987779, 0.155117, 0.3, 0.694333, -0.101208, 0.712502, 0.0, 0.0, 0.0, 0.0, 1.0],
                [0.706743, 0.05917, -0.704992, -0.0, 0.165264, 0.955119, 0.245838, 0.3, 0.687897, -0.290254, 0.665245, 0.0, 0.0, 0.0, 0.0, 1.0],
                [0.738766, 0.05917, -0.67136, 0.0, 0.153652, 0.955119, 0.253258, 0.3, 0.656214, -0.290254, 0.696517, -0.0, 0.0, 0.0, 0.0, 1.0]
            ]
        },
        {
            "name": "Head",
            "time": [0.0, 0.2667, 0.9333, 1.45, 1.6833],
            "transform": [
                [0.223444, 0.24621, 0.943108, -0.0, 0.204017, 0.934326, -0.292254, 0.4, -0.953126, 0.257713, 0.158538, 0.0, 0.0, 0.0, 0.0, 1.0],
                [0.798012, 0.084927, -0.596627, 0.0, -0.152396, 0.986281, -0.063443, 0.4, 0.583054, 0.141552, 0.800007, -0.0, 0.0, 0.0, 0.0, 1.0],
                [0.417276, 0.084927, 0.904803, 0.0, 0.093801, 0.986281, -0.135834, 0.4, -0.903926, 0.141552, 0.403586, -0.0, 0.0, 0.0, 0.0, 1.0],
                [0.713147, 0.084927, 0.695851, -0.0, 0.039046, 0.986281, -0.16039, 0.4, -0.699926, 0.141552, 0.700048, 0.0, 0.0, 0.0, 0.0, 1.0],
                [0.713147, -0.020797, 0.700706, 0.0, 0.039046, 0.999187, -0.010083, 0.4, -0.699926, 0.034551, 0.713379, 0.0, 0.0, 0.0, 0.0, 1.0]
            ]
        },
        {
            "name": "Shoulder_R",
            "time": [0.0, 0.9333, 1.45, 1.6833],
            "transform": [
                [-0.117262, 0.946251, 0.301428, -0.0, 0.061627, -0.296003, 0.953197, 0.4, 0.991187, 0.13035, -0.023605, 0.0, 0.0, 0.0, 0.0, 1.0],
                [0.283198, 0.910461, 0.301428, 0.0, -0.065861, -0.29509, 0.953197, 0.4, 0.956797, -0.289795, -0.023605, -0.0, 0.0, 0.0, 0.0, 1.0],
                [0.283198, 0.910461, 0.301428, -0.0, -0.065861, -0.29509, 0.953197, 0.4, 0.956797, -0.289795, -0.023605, 0.0, 0.0, 0.0, 0.0, 1.0],
                [0.283198, 0.910461, 0.301428, 0.0, -0.065861, -0.29509, 0.953197, 0.4, 0.956797, -0.289795, -0.023605, 0.0, 0.0, 0.0, 0.0, 1.0]
            ]
        },
        {
            "name": "Arm_R",
            "time": [0.0, 0.2667, 0.45, 0.9333, 1.45, 1.6833],
            "transform": [
                [0.621805, -0.024509, -0.782789, 0.0, -0.218774, 0.954285, -0.203661, 0.39386, 0.751995, 0.297892, 0.588017, 0.0, 0.0, 0.0, 0.0, 1.0],
                [0.352844, -0.857202, -0.375108, 0.0, -0.101996, 0.363267, -0.926085, 0.39386, 0.930106, 0.365023, 0.040746, 0.0, 0.0, 0.0, 0.0, 1.0],
                [0.049256, -0.870129, -0.490357, 0.0, -0.158889, 0.477874, -0.863939, 0.393861, 0.986067, 0.120467, -0.114715, 0.0, 0.0, 0.0, 0.0, 1.0],
                [-0.060645, -0.457492, -0.887143, -0.0, -0.328861, 0.848314, -0.414987, 0.39386, 0.942429, 0.26658, -0.201897, 0.0, 0.0, 0.0, 0.0, 1.0],
                [-0.060645, 0.467708, -0.8818, -0.0, -0.328861, 0.824739, 0.46006, 0.39386, 0.942429, 0.31789, 0.103795, -0.0, 0.0, 0.0, 0.0, 1.0],
                [-0.060645, 0.603469, -0.795076, 0.0, -0.328861, 0.739989, 0.586742, 0.393861, 0.942429, 0.297053, 0.153581, 0.0, 0.0, 0.0, 0.0, 1.0]
            ]
        },
        {
            "name": "Hand_R",
            "time": [0.0, 0.2667, 0.45, 0.9333, 1.45, 1.6833],
            "transform": [
                [0.999985, 0.001768, 0.005262, -0.0, -0.00125, 0.995301, -0.09682, 0.3, -0.005409, 0.096812, 0.995288, -0.0, 0.0, 0.0, 0.0, 1.0],
                [0.999985, 0.004613, 0.003089, 0.0, -0.00125, 0.729209, -0.68429, 0.3, -0.005409, 0.684276, 0.729203, -0.0, 0.0, 0.0, 0.0, 1.0],
                [0.999985, 0.001819, 0.005245, -0.0, -0.00125, 0.994312, -0.106501, 0.3, -0.005409, 0.106493, 0.994299, 0.0, 0.0, 0.0, 0.0, 1.0],
                [0.999984, 0.001415, 0.005368, 0.0, -0.00125, 0.999532, -0.030588, 0.3, -0.005409, 0.030581, 0.999518, 0.0, 0.0, 0.0, 0.0, 1.0],
                [0.999985, 0.0044, 0.003385, -0.0, -0.00125, 0.772551, -0.634952, 0.3, -0.005409, 0.634938, 0.772544, 0.0, 0.0, 0.0, 0.0, 1.0],
                [0.999985, 0.004575, 0.003144, -0.0, -0.00125, 0.737436, -0.675416, 0.3, -0.005409, 0.675401, 0.737431, 0.0, 0.0, 0.0, 0.0, 1.0]
            ]
        },
        {
            "name": "Tool_R",
            "time": [0.0, 1.45, 1.6833],
            "transform": [
                [1.0, -0.0, 0.0, -0.0, 0.0, -0.511949, -0.859016, 0.272858, 0.0, 0.858502, -0.511655, 0.0, 0.0, 0.0, 0.0, 1.0],
                [1.0, -0.0, 0.0, -0.0, 0.0, -0.933589, -0.358346, 0.272858, 0.0, 0.358124, -0.93304, -0.0, 0.0, 0.0, 0.0, 1.0],
                [1.0, -0.0, 0.0, 0.0, 0.0, -0.933589, -0.358346, 0.272858, 0.0, 0.358124, -0.93304, 0.0, 0.0, 0.0, 0.0, 1.0]
            ]
        },
        {
            "name": "Elbow_R",
            "time": [0.0, 1.45, 1.6833],
            "transform": [
                [-1.0, 0.0, -0.0, -0.0, -0.0, -0.0, -1.0, 0.3, -0.0, -1.0, 0.0, -0.0, 0.0, 0.0, 0.0, 1.0],
                [-1.0, 0.0, 0.0, -0.0, -0.0, -0.0, -1.0, 0.3, -0.0, -1.0, 0.0, 0.0, 0.0, 0.0, 0.0, 1.0],
                [-1.0, 0.0, 0.0, -0.0, 0.0, -0.0, -1.0, 0.3, -0.0, -1.0, 0.0, 0.0, 0.0, 0.0, 0.0, 1.0]
            ]
        },
        {
            "name": "Shoulder_L",
            "time": [0.0, 0.7, 1.45, 1.6833],
            "transform": [
                [-0.047879, -0.976068, -0.21213, -0.0, -0.138001, -0.203873, 0.969222, 0.4, -0.989274, 0.075679, -0.124938, 0.0, 0.0, 0.0, 0.0, 1.0],
                [-0.392407, -0.894996, -0.21213, -0.0, -0.201568, -0.141346, 0.969222, 0.4, -0.897433, 0.423088, -0.124938, 0.0, 0.0, 0.0, 0.0, 1.0],
                [0.023707, -0.976954, -0.21213, -0.0, -0.122706, -0.213429, 0.969222, 0.4, -0.99216, 0.003052, -0.124938, 0.0, 0.0, 0.0, 0.0, 1.0],
                [0.023707, -0.976954, -0.21213, 0.0, -0.122706, -0.213429, 0.969222, 0.4, -0.99216, 0.003052, -0.124938, 0.0, 0.0, 0.0, 0.0, 1.0]
            ]
        },
        {
            "name": "Arm_L",
            "time": [0.0, 0.2667, 0.7, 1.45, 1.6833],
            "transform": [
                [-0.055964, 0.166069, 0.984525, 0.0, 0.207919, 0.96639, -0.151191, 0.39386, -0.976544, 0.196241, -0.088612, -0.0, 0.0, 0.0, 0.0, 1.0],
                [-0.055964, -0.439832, 0.896334, -0.0, 0.207919, 0.872926, 0.441327, 0.39386, -0.976543, 0.211064, 0.042597, 0.0, 0.0, 0.0, 0.0, 1.0],
                [-0.091711, -0.612862, 0.78485, 0.0, -0.045973, 0.789937, 0.611462, 0.39386, -0.994724, 0.019996, -0.100621, 0.0, 0.0, 0.0, 0.0, 1.0],
                [-0.152712, 0.431221, 0.889229, 0.0, -0.161338, 0.876833, -0.452917, 0.39386, -0.975012, -0.212632, -0.064331, -0.0, 0.0, 0.0, 0.0, 1.0],
                [-0.152712, 0.431221, 0.889229, 0.0, -0.161338, 0.876833, -0.452917, 0.39386, -0.975012, -0.212632, -0.064331, 0.0, 0.0, 0.0, 0.0, 1.0]
            ]
        },
        {
            "name": "Hand_L",
            "time": [0.0, 0.7, 1.45, 1.6833],
            "transform": [
                [0.99932, -0.027545, 0.024525, -0.0, 0.03687, 0.762866, -0.645505, 0.3, -0.000928, 0.64597, 0.763362, 0.0, 0.0, 0.0, 0.0, 1.0],
                [0.99932, -0.032524, 0.01739, -0.0, 0.036869, 0.89285, -0.448843, 0.3, -0.000928, 0.449179, 0.893442, -0.0, 0.0, 0.0, 0.0, 1.0],
                [0.99932, -0.024665, 0.027421, -0.0, 0.03687, 0.686807, -0.725905, 0.3, -0.000928, 0.726422, 0.687249, 0.0, 0.0, 0.0, 0.0, 1.0],
                [0.99932, -0.021325, 0.030091, -0.0, 0.03687, 0.598158, -0.80053, 0.3, -0.000928, 0.801095, 0.598537, 0.0, 0.0, 0.0, 0.0, 1.0]
            ]
        },
        {
            "name": "Tool_L",
            "time": [0.0, 1.45, 1.6833],
            "transform": [
                [0.0, 0.0, 0.0, 0.0, 0.0, 0.0, 0.0, 0.272858, 0.0, 0.0, 0.0, -0.0, 0.0, 0.0, 0.0, 1.0],
                [0.0, 0.0, 0.0, -0.0, 0.0, 0.0, 0.0, 0.272858, 0.0, 0.0, 0.0, 0.0, 0.0, 0.0, 0.0, 1.0],
                [0.0, 0.0, 0.0, -0.0, 0.0, 0.0, 0.0, 0.272858, 0.0, 0.0, 0.0, 0.0, 0.0, 0.0, 0.0, 1.0]
            ]
        },
        {
            "name": "Elbow_L",
            "time": [0.0, 1.45, 1.6833],
            "transform": [
                [-1.0, 0.0, 0.0, -0.0, 0.0, -0.0, -1.0, 0.3, -0.0, -1.0, -0.0, 0.0, 0.0, 0.0, 0.0, 1.0],
                [-1.0, 0.0, -0.0, -0.0, 0.0, -0.0, -1.0, 0.3, -0.0, -1.0, -0.0, 0.0, 0.0, 0.0, 0.0, 1.0],
                [-1.0, 0.0, -0.0, -0.0, 0.0, -0.0, -1.0, 0.3, -0.0, -1.0, -0.0, 0.0, 0.0, 0.0, 0.0, 1.0]
            ]
        }
    ]
}