{
    
    "animation": [
        {
            "name": "Root",
            "time": [0.0, 0.1667, 0.2667, 0.3333, 0.4333, 0.6667, 1.0, 0.3167],
            "transform": [
                [1.0, 0.0, 0.0, -5e-06, 0.0, 0.0, -1.0, 0.000946, 0.0, 1.0, 0.0, 0.797984, 0.0, 0.0, 0.0, 1.0],
                [0.962228, 0.0, -0.272243, -0.07808, -0.272243, 0.0, -0.962228, 0.352295, 0.0, 1.0, 0.0, 0.65051, 0.0, 0.0, 0.0, 1.0],
                [0.962228, 0.0, -0.272243, -0.07808, -0.272243, 0.0, -0.962228, 0.352295, 0.0, 1.0, 0.0, 0.65051, 0.0, 0.0, 0.0, 1.0],
                [0.981948, 0.0, 0.189149, -0.07808, 0.189149, 0.0, -0.981948, 1.616767, 0.0, 1.0, 0.0, 0.738632, 0.0, 0.0, 0.0, 1.0],
                [0.945844, 0.0, 0.324622, -0.07808, 0.324622, 0.0, -0.945844, 2.139548, 0.0, 1.0, 0.0, 0.752774, 0.0, 0.0, 0.0, 1.0],
                [0.857655, 0.0, 0.514225, -0.07808, 0.514225, 0.0, -0.857655, 2.600771, 0.0, 1.0, 0.0, 0.65051, 0.0, 0.0, 0.0, 1.0],
                [0.857655, 0.0, 0.514225, -0.064434, 0.514225, 0.0, -0.857655, 2.7528, 0.0, 1.0, 0.0, 0.65051, 0.0, 0.0, 0.0, 1.0],
                [0.857655, 0.0, 0.514225, -0.064434, 0.514225, 0.0, -0.857655, 2.7528, 0.0, 1.0, 0.0, 0.65051, 0.0, 0.0, 0.0, 1.0]
            ]
        },
        {
            "name": "Thigh_R",
            "time": [0.0, 0.1667, 0.2667, 0.4333, 0.6667, 1.0],
            "transform": [
                [0.99841, 0.03964, -0.040061, 0.124994, 0.051547, -0.92968, 0.364738, -0.002831, -0.022786, -0.366222, -0.930249, -1.2e-05, 0.0, 0.0, 0.0, 1.0],
                [0.812244, 0.269449, 0.517354, 0.124994, 0.393391, -0.9079, -0.144766, -0.002831, 0.430699, 0.321108, -0.843438, -1.2e-05, 0.0, 0.0, 0.0, 1.0],
                [0.812244, 0.269449, 0.517354, 0.124994, 0.393391, -0.9079, -0.144766, -0.002831, 0.430699, 0.321108, -0.843438, -1.2e-05, 0.0, 0.0, 0.0, 1.0],
                [0.907542, 0.302009, 0.291817, 0.124994, -0.051684, -0.609262, 0.791282, -0.002831, 0.416768, -0.733202, -0.537324, -1.2e-05, 0.0, 0.0, 0.0, 1.0],
                [0.907542, 0.293885, 0.299997, 0.124994, -0.051684, -0.630753, 0.77426, -0.002831, 0.416768, -0.718177, -0.557248, -1.2e-05, 0.0, 0.0, 0.0, 1.0],
                [0.907542, 0.293885, 0.299997, 0.124994, -0.051684, -0.630753, 0.77426, -0.002831, 0.416768, -0.718177, -0.557248, -1.2e-05, 0.0, 0.0, 0.0, 1.0]
            ]
        },
        {
            "name": "Leg_R",
            "time": [0.0, 0.2667, 0.3, 0.3833, 0.6667, 1.0],
            "transform": [
                [1.0, 1e-06, 2e-06, 0.0, -2e-06, 0.780148, 0.625595, 0.37472, -1e-06, -0.625596, 0.780147, -0.0, 0.0, 0.0, 0.0, 1.0],
                [1.0, 1e-06, 2e-06, -0.0, -2e-06, 0.780148, 0.625595, 0.37472, -1e-06, -0.625596, 0.780147, -0.0, 0.0, 0.0, 0.0, 1.0],
                [1.0, -2e-06, 2e-06, 0.0, -2e-06, -0.101413, 0.994844, 0.37472, -1e-06, -0.994845, -0.101413, 0.0, 0.0, 0.0, 0.0, 1.0],
                [1.0, 0.0, 2e-06, 0.0, -2e-06, 0.702055, 0.712122, 0.37472, -1e-06, -0.712123, 0.702054, -0.0, 0.0, 0.0, 0.0, 1.0],
                [1.0, 0.0, 2e-06, 0.0, -2e-06, 0.598931, 0.8008, 0.37472, -1e-06, -0.800802, 0.59893, -0.0, 0.0, 0.0, 0.0, 1.0],
                [1.0, 0.0, 2e-06, 0.0, -2e-06, 0.598931, 0.8008, 0.37472, -1e-06, -0.800802, 0.59893, -0.0, 0.0, 0.0, 0.0, 1.0]
            ]
        },
        {
            "name": "Knee_R",
            "time": [0.0, 0.2667, 0.3, 0.3833, 0.6667, 1.0],
            "transform": [
                [1.0, -0.0, -0.0, -0.000179, -0.0, -0.372233, -0.928139, 0.436391, 0.0, 0.928139, -0.372233, -0.000613, 0.0, 0.0, 0.0, 1.0],
                [1.0, -0.0, -0.0, -0.000179, -0.0, -0.372233, -0.928139, 0.436391, -0.0, 0.928139, -0.372233, -0.000613, 0.0, 0.0, 0.0, 1.0],
                [1.0, 0.0, -0.0, -0.000179, -0.0, 0.38817, -0.921588, 0.436391, 0.0, 0.921588, 0.38817, -0.000613, 0.0, 0.0, 0.0, 1.0],
                [1.0, -0.0, -0.0, -0.000179, -0.0, -0.254613, -0.967043, 0.436391, 0.0, 0.967043, -0.254613, -0.000613, 0.0, 0.0, 0.0, 1.0],
                [1.0, -0.0, -0.0, -0.000179, -0.0, -0.254613, -0.967043, 0.436391, 0.0, 0.967043, -0.254613, -0.000614, 0.0, 0.0, 0.0, 1.0],
                [1.0, -0.0, -0.0, -0.000179, -0.0, -0.254613, -0.967043, 0.436391, 0.0, 0.967043, -0.254613, -0.000614, 0.0, 0.0, 0.0, 1.0]
            ]
        },
        {
            "name": "Thigh_L",
            "time": [0.0, 0.0833, 0.1667, 0.2667, 0.4333, 0.6667, 1.0],
            "transform": [
                [0.999999, -2.2e-05, 4e-05, -0.125006, -3.9e-05, -0.86142, 0.507892, -0.002831, 2.3e-05, -0.507892, -0.86142, -1.2e-05, 0.0, 0.0, 0.0, 1.0],
                [0.999999, -6e-06, 4.6e-05, -0.125006, -3.9e-05, -0.615174, 0.788391, -0.002831, 2.3e-05, -0.788391, -0.615174, -1.2e-05, 0.0, 0.0, 0.0, 1.0],
                [0.999999, -1.1e-05, 4.5e-05, -0.125006, -3.9e-05, -0.698084, 0.716016, -0.002831, 2.3e-05, -0.716016, -0.698084, -1.2e-05, 0.0, 0.0, 0.0, 1.0],
                [0.999999, -1.1e-05, 4.5e-05, -0.125006, -3.9e-05, -0.698084, 0.716016, -0.002831, 2.3e-05, -0.716016, -0.698084, -1.2e-05, 0.0, 0.0, 0.0, 1.0],
                [0.997549, -0.069958, 0.000381, -0.125006, -0.060179, -0.86086, -0.505271, -0.002831, 0.035676, 0.50401, -0.86296, -1.2e-05, 0.0, 0.0, 0.0, 1.0],
                [0.997549, -0.069704, -0.005971, -0.125006, -0.060179, -0.81144, -0.581328, -0.002831, 0.035676, 0.580264, -0.813646, -1.2e-05, 0.0, 0.0, 0.0, 1.0],
                [0.997549, -0.069704, -0.005971, -0.125006, -0.060179, -0.81144, -0.581328, -0.002831, 0.035676, 0.580264, -0.813646, -1.2e-05, 0.0, 0.0, 0.0, 1.0]
            ]
        },
        {
            "name": "Leg_L",
            "time": [0.0, 0.0833, 0.1667, 0.2667, 0.6667, 1.0],
            "transform": [
                [1.0, -2e-06, -0.0, 0.0, -0.0, -0.219592, 0.975592, 0.37472, -2e-06, -0.975592, -0.219592, -0.0, 0.0, 0.0, 0.0, 1.0],
                [1.0, -1e-06, 1e-06, -0.0, 0.0, 0.937129, 0.348982, 0.37472, -1e-06, -0.348982, 0.937129, -0.0, 0.0, 0.0, 0.0, 1.0],
                [1.0, -1e-06, 1e-06, -0.0, 0.0, 0.936366, 0.351025, 0.37472, -1e-06, -0.351024, 0.936366, -0.0, 0.0, 0.0, 0.0, 1.0],
                [1.0, -1e-06, 1e-06, -0.0, 0.0, 0.936366, 0.351025, 0.37472, -1e-06, -0.351024, 0.936366, -0.0, 0.0, 0.0, 0.0, 1.0],
                [1.0, -1e-06, 1e-06, 0.0, 0.0, 0.936366, 0.351025, 0.37472, -1e-06, -0.351024, 0.936366, 0.0, 0.0, 0.0, 0.0, 1.0],
                [1.0, -1e-06, 1e-06, 0.0, 0.0, 0.936366, 0.351025, 0.37472, -1e-06, -0.351024, 0.936366, 0.0, 0.0, 0.0, 0.0, 1.0]
            ]
        },
        {
            "name": "Knee_L",
            "time": [0.0, 0.1667, 0.2667, 0.6667, 1.0],
            "transform": [
                [1.0, 0.0, -0.0, 0.0, -0.0, 0.81392, -0.580977, 0.37472, -0.0, 0.580977, 0.81392, -0.0, 0.0, 0.0, 0.0, 1.0],
                [1.0, 0.0, -0.0, -0.0, -0.0, 0.061189, -0.998126, 0.37472, -0.0, 0.998126, 0.061189, -0.0, 0.0, 0.0, 0.0, 1.0],
                [1.0, 0.0, -0.0, -0.0, -0.0, 0.061189, -0.998126, 0.37472, -0.0, 0.998126, 0.061189, -0.0, 0.0, 0.0, 0.0, 1.0],
                [1.0, 0.0, -0.0, 0.0, -0.0, 0.061189, -0.998126, 0.37472, -0.0, 0.998126, 0.061189, 0.0, 0.0, 0.0, 0.0, 1.0],
                [1.0, 0.0, -0.0, 0.0, -0.0, 0.061189, -0.998126, 0.37472, -0.0, 0.998126, 0.061189, 0.0, 0.0, 0.0, 0.0, 1.0]
            ]
        },
        {
            "name": "Torso",
            "time": [0.0, 0.1667, 0.2667, 0.4333, 0.6667, 1.0],
            "transform": [
                [1.0, 0.0, 0.0, 0.0, 0.0, 0.865636, 0.500675, 0.05, 0.0, -0.500675, 0.865635, 0.0, 0.0, 0.0, 0.0, 1.0],
                [0.738407, 0.049158, -0.672561, 0.0, 0.10566, 0.976588, 0.187384, 0.05, 0.666026, -0.209428, 0.715925, 0.0, 0.0, 0.0, 0.0, 1.0],
                [0.738407, 0.049158, -0.672561, 0.0, 0.10566, 0.976588, 0.187384, 0.05, 0.666026, -0.209428, 0.715925, 0.0, 0.0, 0.0, 0.0, 1.0],
                [0.985623, 0.105926, 0.131634, 0.0, -0.142341, 0.940308, 0.309129, 0.05, -0.091031, -0.323421, 0.941866, 0.0, 0.0, 0.0, 0.0, 1.0],
                [0.985623, 0.105926, 0.131634, 0.0, -0.142341, 0.940308, 0.309129, 0.05, -0.091031, -0.323421, 0.941866, 0.0, 0.0, 0.0, 0.0, 1.0],
                [0.985623, 0.105926, 0.131634, 0.0, -0.142341, 0.940308, 0.309129, 0.05, -0.091031, -0.323421, 0.941866, 0.0, 0.0, 0.0, 0.0, 1.0]
            ]
        },
        {
            "name": "Chest",
            "time": [0.0, 0.2667, 0.4333, 0.6667, 1.0, 0.35],
            "transform": [
                [1.0, 0.0, 0.0, 0.0, 0.0, 0.978966, 0.204026, 0.3, 0.0, -0.204026, 0.978966, 0.0, 0.0, 0.0, 0.0, 1.0],
                [0.987949, 0.01622, -0.153928, -0.0, 0.031579, 0.952452, 0.303047, 0.3, 0.151525, -0.304256, 0.940462, 0.0, 0.0, 0.0, 0.0, 1.0],
                [0.998492, -0.053375, -0.012866, 0.0, 0.054807, 0.955043, 0.291357, 0.3, -0.003264, -0.291623, 0.956528, 0.0, 0.0, 0.0, 0.0, 1.0],
                [0.830745, -0.157669, 0.533858, 0.0, 0.023717, 0.968202, 0.249042, 0.3, -0.556149, -0.194229, 0.808068, -0.0, 0.0, 0.0, 0.0, 1.0],
                [0.826483, -0.145106, 0.543939, 0.0, -0.027052, 0.954857, 0.295831, 0.3, -0.562311, -0.259214, 0.785248, -0.0, 0.0, 0.0, 0.0, 1.0],
                [0.826483, -0.145106, 0.543939, 0.0, -0.027052, 0.954857, 0.295831, 0.3, -0.562311, -0.259214, 0.785248, -0.0, 0.0, 0.0, 0.0, 1.0]
            ]
        },
        {
            "name": "Head",
            "time": [0.0, 0.1667, 0.2667, 0.4333, 0.6667, 1.0],
            "transform": [
                [0.997897, 0.064642, 0.004891, 0.0, -0.047168, 0.775764, -0.629258, 0.4, -0.04447, 0.627704, 0.777181, 0.0, 0.0, 0.0, 0.0, 1.0],
                [0.407588, 0.075902, 0.910006, 0.0, 0.265914, 0.943486, -0.197796, 0.4, -0.873592, 0.322602, 0.36437, -0.0, 0.0, 0.0, 0.0, 1.0],
                [0.407588, 0.075902, 0.910006, 0.0, 0.265914, 0.943486, -0.197796, 0.4, -0.873592, 0.322602, 0.36437, -0.0, 0.0, 0.0, 0.0, 1.0],
                [0.370801, -0.233045, -0.898997, -0.0, -0.285124, 0.89269, -0.349012, 0.4, 0.883861, 0.38574, 0.264564, 0.0, 0.0, 0.0, 0.0, 1.0],
                [0.367115, -0.296034, -0.881811, -0.0, -0.282606, 0.867695, -0.40895, 0.4, 0.886206, 0.399337, 0.234883, -0.0, 0.0, 0.0, 0.0, 1.0],
                [0.367115, -0.296034, -0.881811, -0.0, -0.282606, 0.867695, -0.40895, 0.4, 0.886206, 0.399337, 0.234883, -0.0, 0.0, 0.0, 0.0, 1.0]
            ]
        },
        {
            "name": "Shoulder_R",
            "time": [0.0, 0.2667, 0.4333, 0.6667, 1.0],
            "transform": [
                [0.0, 0.952114, 0.305743, 0.0, 0.0, -0.305743, 0.952114, 0.4, 1.0, 0.0, -0.0, 0.0, 0.0, 0.0, 0.0, 1.0],
                [0.0, 0.952114, 0.305743, 0.0, 0.0, -0.305743, 0.952114, 0.4, 1.0, -0.0, -0.0, -0.0, 0.0, 0.0, 0.0, 1.0],
                [-0.219158, 0.967555, 0.125726, -0.0, -0.193698, -0.169439, 0.966318, 0.4, 0.956269, 0.187424, 0.224548, 0.0, 0.0, 0.0, 0.0, 1.0],
                [-0.219158, 0.967555, 0.125726, -0.0, -0.193698, -0.169439, 0.966318, 0.4, 0.956269, 0.187424, 0.224548, -0.0, 0.0, 0.0, 0.0, 1.0],
                [-0.219158, 0.967555, 0.125726, -0.0, -0.193698, -0.169439, 0.966318, 0.4, 0.956269, 0.187424, 0.224548, -0.0, 0.0, 0.0, 0.0, 1.0]
            ]
        },
        {
            "name": "Arm_R",
            "time": [0.0, 0.2667, 0.35, 0.4333, 0.6667, 1.0],
            "transform": [
                [0.501182, 0.510695, -0.698575, 0.0, 0.509745, 0.478116, 0.715237, 0.393861, 0.699268, -0.714559, -0.020701, 0.0, 0.0, 0.0, 0.0, 1.0],
                [0.346347, 0.626129, -0.698575, -0.0, 0.363311, 0.597026, 0.715237, 0.393861, 0.864898, -0.50152, -0.020701, 0.0, 0.0, 0.0, 0.0, 1.0],
                [0.311498, 0.831699, -0.459614, -0.0, 0.096189, 0.453597, 0.886001, 0.39386, 0.945366, -0.320197, 0.061294, 0.0, 0.0, 0.0, 0.0, 1.0],
                [0.321091, -0.31759, -0.892209, 0.0, -0.206701, 0.89588, -0.393285, 0.39386, 0.924216, 0.310701, 0.222013, -0.0, 0.0, 0.0, 0.0, 1.0],
                [0.394267, -0.160803, -0.904818, -0.0, -0.306084, 0.905381, -0.294276, 0.39386, 0.866526, 0.392974, 0.307742, 0.0, 0.0, 0.0, 0.0, 1.0],
                [0.394267, -0.160803, -0.904818, -0.0, -0.306084, 0.905381, -0.294276, 0.39386, 0.866526, 0.392974, 0.307742, 0.0, 0.0, 0.0, 0.0, 1.0]
            ]
        },
        {
            "name": "Hand_R",
            "time": [0.0, 0.2667, 0.35, 0.4333, 0.6667, 1.0],
            "transform": [
                [1.0, 0.0, 0.0, 0.0, -0.0, 0.999419, 0.034101, 0.3, -0.0, -0.034101, 0.999418, 0.0, 0.0, 0.0, 0.0, 1.0],
                [1.0, 0.0, 0.0, -0.0, -0.0, 0.927566, -0.373659, 0.3, -0.0, 0.373659, 0.927566, 0.0, 0.0, 0.0, 0.0, 1.0],
                [1.0, 0.0, -0.0, -0.0, -0.0, 0.157305, -0.98755, 0.3, -0.0, 0.98755, 0.157305, 0.0, 0.0, 0.0, 0.0, 1.0],
                [0.999272, 0.029321, 0.024404, -0.0, -0.027302, 0.996477, -0.079302, 0.3, -0.026644, 0.078578, 0.996552, 0.0, 0.0, 0.0, 0.0, 1.0],
                [0.999701, 0.01504, 0.019285, 0.0, -0.009721, 0.967952, -0.250947, 0.3, -0.022441, 0.250684, 0.967809, 0.0, 0.0, 0.0, 0.0, 1.0],
                [0.999701, 0.01504, 0.019285, 0.0, -0.009721, 0.967952, -0.250947, 0.3, -0.022441, 0.250684, 0.967809, 0.0, 0.0, 0.0, 0.0, 1.0]
            ]
        },
        {
            "name": "Tool_R",
            "time": [0.0, 0.2667, 0.2833, 0.35, 0.3833, 0.4333, 0.6667, 1.0],
            "transform": [
                [0.972281, 2.6e-05, -0.233813, -0.0, -0.041502, -0.984101, -0.172693, 0.272858, -0.229964, 0.177494, -0.956257, 0.0, 0.0, 0.0, 0.0, 1.0],
                [0.972279, 0.100051, -0.211337, 0.0, -0.041567, -0.815476, -0.577295, 0.272858, -0.229964, 0.569731, -0.788251, 0.0, 0.0, 0.0, 0.0, 1.0],
                [0.978307, -0.098026, -0.171692, -0.0, -0.038545, -0.95171, 0.286534, 0.272858, -0.203421, -0.290764, -0.878967, 0.0, 0.0, 0.0, 0.0, 1.0],
                [0.998089, -0.001979, -0.043228, -0.0, -0.017222, -0.968785, -0.173114, 0.272858, -0.059302, 0.247739, -0.676479, -0.0, 0.0, 0.0, 0.0, 1.0],
                [0.965094, 0.22352, 0.14782, 0.000681, 0.1663, -0.120348, -1.059855, 0.295617, -0.202211, 0.966667, -0.165945, 0.011174, 0.0, 0.0, 0.0, 1.0],
                [0.975962, 0.216025, 0.034602, 0.002259, 0.039514, -0.045279, -1.197831, 0.348381, -0.214202, 0.97476, -0.063248, 0.037078, 0.0, 0.0, 0.0, 1.0],
                [0.975962, 0.216025, 0.028835, 0.002259, 0.039514, -0.045279, -0.998193, 0.348382, -0.214202, 0.97476, -0.052707, 0.037078, 0.0, 0.0, 0.0, 1.0],
                [0.975962, 0.216025, 0.028835, 0.002259, 0.039514, -0.045279, -0.998193, 0.348382, -0.214202, 0.97476, -0.052707, 0.037078, 0.0, 0.0, 0.0, 1.0]
            ]
        },
        {
            "name": "Elbow_R",
            "time": [0.0, 0.2667, 0.6667, 1.0],
            "transform": [
                [-1.0, 0.0, -0.0, 0.000596, 0.0, -0.128782, -0.991673, 0.318392, -0.0, -0.991673, 0.128782, -0.003988, 0.0, 0.0, 0.0, 1.0],
                [-1.0, 0.0, -0.0, 0.000596, 0.0, -0.128782, -0.991673, 0.318392, -0.0, -0.991673, 0.128782, -0.003988, 0.0, 0.0, 0.0, 1.0],
                [-1.0, 0.0, -0.0, 0.000596, 0.0, -0.128782, -0.991673, 0.318391, -0.0, -0.991673, 0.128782, -0.003988, 0.0, 0.0, 0.0, 1.0],
                [-1.0, 0.0, -0.0, 0.000596, 0.0, -0.128782, -0.991673, 0.318391, -0.0, -0.991673, 0.128782, -0.003988, 0.0, 0.0, 0.0, 1.0]
            ]
        },
        {
            "name": "Shoulder_L",
            "time": [0.0, 0.2667, 0.6667, 1.0],
            "transform": [
                [-0.0, -0.952114, -0.305743, 0.0, 0.0, -0.305743, 0.952114, 0.4, -1.0, 0.0, 0.0, 0.0, 0.0, 0.0, 0.0, 1.0],
                [-0.0, -0.952114, -0.305743, 0.0, 0.0, -0.305743, 0.952114, 0.4, -1.0, 0.0, 0.0, -0.0, 0.0, 0.0, 0.0, 1.0],
                [-0.0, -0.952114, -0.305743, -0.0, 0.0, -0.305743, 0.952114, 0.4, -1.0, 0.0, 0.0, -0.0, 0.0, 0.0, 0.0, 1.0],
                [-0.0, -0.952114, -0.305743, -0.0, 0.0, -0.305743, 0.952114, 0.4, -1.0, 0.0, 0.0, -0.0, 0.0, 0.0, 0.0, 1.0]
            ]
        },
        {
            "name": "Arm_L",
            "time": [0.0, 0.2667, 0.4333, 0.6667, 1.0],
            "transform": [
                [-0.761422, -0.265519, 0.591385, -0.0, -0.646524, 0.377676, -0.662847, 0.39386, -0.047353, -0.887051, -0.459236, -0.0, 0.0, 0.0, 0.0, 1.0],
                [-0.761422, -0.265519, 0.591385, 0.0, -0.646524, 0.377676, -0.662847, 0.39386, -0.047353, -0.887051, -0.459236, -0.0, 0.0, 0.0, 0.0, 1.0],
                [-0.456582, 0.138023, 0.87891, 0.0, 0.09729, 0.989714, -0.104883, 0.39386, -0.884346, 0.037621, -0.465314, -0.0, 0.0, 0.0, 0.0, 1.0],
                [-0.157191, 0.138023, 0.977876, -0.0, 0.059393, 0.989714, -0.130147, 0.39386, -0.985781, 0.037621, -0.163772, 0.0, 0.0, 0.0, 0.0, 1.0],
                [-0.157191, 0.138023, 0.977876, -0.0, 0.059393, 0.989714, -0.130147, 0.39386, -0.985781, 0.037621, -0.163772, 0.0, 0.0, 0.0, 0.0, 1.0]
            ]
        },
        {
            "name": "Hand_L",
            "time": [0.0, 0.2667, 0.6667, 1.0],
            "transform": [
                [1.0, -0.0, 0.0, 0.0, 0.0, 0.838215, -0.54534, 0.3, -0.0, 0.54534, 0.838215, -0.0, 0.0, 0.0, 0.0, 1.0],
                [1.0, -0.0, 0.0, -0.0, 0.0, 0.838215, -0.54534, 0.3, -0.0, 0.54534, 0.838215, 0.0, 0.0, 0.0, 0.0, 1.0],
                [1.0, -0.0, 0.0, -0.0, 0.0, 0.838215, -0.54534, 0.3, 0.0, 0.54534, 0.838215, -0.0, 0.0, 0.0, 0.0, 1.0],
                [1.0, -0.0, 0.0, -0.0, 0.0, 0.838215, -0.54534, 0.3, 0.0, 0.54534, 0.838215, -0.0, 0.0, 0.0, 0.0, 1.0]
            ]
        },
        {
            "name": "Tool_L",
            "time": [0.0, 0.2667, 0.6667, 1.0],
            "transform": [
                [0.0, 0.0, 0.0, 0.0, 0.0, 0.0, 0.0, 0.272858, 0.0, 0.0, 0.0, 0.0, 0.0, 0.0, 0.0, 1.0],
                [0.0, 0.0, 0.0, 0.0, 0.0, 0.0, 0.0, 0.272858, 0.0, 0.0, 0.0, 0.0, 0.0, 0.0, 0.0, 1.0],
                [0.0, 0.0, 0.0, 0.0, 0.0, 0.0, 0.0, 0.272858, 0.0, 0.0, 0.0, 0.0, 0.0, 0.0, 0.0, 1.0],
                [0.0, 0.0, 0.0, 0.0, 0.0, 0.0, 0.0, 0.272858, 0.0, 0.0, 0.0, 0.0, 0.0, 0.0, 0.0, 1.0]
            ]
        },
        {
            "name": "Elbow_L",
            "time": [0.0, 0.2667, 0.6667, 1.0],
            "transform": [
                [-1.0, 0.0, -0.0, 0.000227, 0.0, 0.0, -1.0, 0.33408, -0.0, -1.0, -0.0, -0.000541, 0.0, 0.0, 0.0, 1.0],
                [-1.0, 0.0, -0.0, 0.000226, 0.0, -0.0, -1.0, 0.33408, -0.0, -1.0, -0.0, -0.000541, 0.0, 0.0, 0.0, 1.0],
                [-1.0, 0.0, -0.0, 0.000226, 0.0, -0.0, -1.0, 0.33408, -0.0, -1.0, -0.0, -0.000541, 0.0, 0.0, 0.0, 1.0],
                [-1.0, 0.0, -0.0, 0.000226, 0.0, -0.0, -1.0, 0.33408, -0.0, -1.0, -0.0, -0.000541, 0.0, 0.0, 0.0, 1.0]
            ]
        }
    ]
}