{
    
    "animation": [
        {
            "name": "Root",
            "time": [0.0, 3.1333],
            "transform": [
                [0.857511, 0.0, -0.514465, -5e-06, -0.514465, 0.0, -0.857511, 0.000946, 0.0, 1.0, 0.0, 0.755725, 0.0, 0.0, 0.0, 1.0],
                [0.857511, 0.0, -0.514465, -5e-06, -0.514465, 0.0, -0.857511, 0.000946, 0.0, 1.0, 0.0, 0.755725, 0.0, 0.0, 0.0, 1.0]
            ]
        },
        {
            "name": "Thigh_R",
            "time": [0.0, 3.1333],
            "transform": [
                [0.944648, 0.069591, -0.320619, 0.124994, 0.062217, -0.997508, -0.0332, -0.002831, -0.322131, 0.011415, -0.946627, -1.2e-05, 0.0, 0.0, 0.0, 1.0],
                [0.944648, 0.069591, -0.320619, 0.124994, 0.062217, -0.997508, -0.0332, -0.002831, -0.322131, 0.011415, -0.946627, -1.2e-05, 0.0, 0.0, 0.0, 1.0]
            ]
        },
        {
            "name": "Leg_R",
            "time": [0.0, 3.1333],
            "transform": [
                [1.0, -1e-06, 2e-06, -0.0, -0.0, 0.926378, 0.376598, 0.37472, -2e-06, -0.376598, 0.926376, 0.0, 0.0, 0.0, 0.0, 1.0],
                [1.0, -1e-06, 2e-06, -0.0, -0.0, 0.926378, 0.376598, 0.37472, -2e-06, -0.376598, 0.926376, 0.0, 0.0, 0.0, 0.0, 1.0]
            ]
        },
        {
            "name": "Knee_R",
            "time": [0.0, 3.1333],
            "transform": [
                [1.0, 0.0, -0.0, -0.0, -0.0, 1e-06, -1.0, 0.37472, -0.0, 1.0, 1e-06, 0.0, 0.0, 0.0, 0.0, 1.0],
                [1.0, 0.0, -0.0, -0.0, -0.0, 1e-06, -1.0, 0.37472, -0.0, 1.0, 1e-06, 0.0, 0.0, 0.0, 0.0, 1.0]
            ]
        },
        {
            "name": "Thigh_L",
            "time": [0.0, 3.1333],
            "transform": [
                [0.90887, -0.195713, -0.368308, -0.125006, -0.02539, -0.907392, 0.419519, -0.002831, -0.416305, -0.371936, -0.82967, -1.2e-05, 0.0, 0.0, 0.0, 1.0],
                [0.90887, -0.195713, -0.368308, -0.125006, -0.02539, -0.907392, 0.419519, -0.002831, -0.416305, -0.371936, -0.82967, -1.2e-05, 0.0, 0.0, 0.0, 1.0]
            ]
        },
        {
            "name": "Leg_L",
            "time": [0.0, 3.1333],
            "transform": [
                [1.0, -1e-06, 1e-06, -0.0, 0.0, 0.917737, 0.397187, 0.37472, -1e-06, -0.397187, 0.917738, -0.0, 0.0, 0.0, 0.0, 1.0],
                [1.0, -1e-06, 1e-06, -0.0, 0.0, 0.917737, 0.397187, 0.37472, -1e-06, -0.397187, 0.917738, -0.0, 0.0, 0.0, 0.0, 1.0]
            ]
        },
        {
            "name": "Knee_L",
            "time": [0.0, 3.1333],
            "transform": [
                [1.0, 0.0, -0.0, -0.0, -0.0, 1e-06, -1.0, 0.37472, -0.0, 1.0, 1e-06, -0.0, 0.0, 0.0, 0.0, 1.0],
                [1.0, 0.0, -0.0, -0.0, -0.0, 1e-06, -1.0, 0.37472, -0.0, 1.0, 1e-06, -0.0, 0.0, 0.0, 0.0, 1.0]
            ]
        },
        {
            "name": "Torso",
            "time": [0.0, 3.1333],
            "transform": [
                [0.981277, 0.019996, -0.191563, -0.0, -0.017548, 0.999741, 0.014471, 0.05, 0.191803, -0.010839, 0.981374, 0.0, 0.0, 0.0, 0.0, 1.0],
                [0.981277, 0.019996, -0.191563, -0.0, -0.017548, 0.999741, 0.014471, 0.05, 0.191803, -0.010839, 0.981374, 0.0, 0.0, 0.0, 0.0, 1.0]
            ]
        },
        {
            "name": "Chest",
            "time": [0.0, 1.6167, 3.1333],
            "transform": [
                [0.958391, -0.06811, 0.277214, 0.0, 0.015046, 0.981821, 0.189213, 0.3, -0.285062, -0.177169, 0.941993, -0.0, 0.0, 0.0, 0.0, 1.0],
                [0.956433, -0.161291, 0.243352, 0.0, 0.081846, 0.948245, 0.306811, 0.3, -0.280243, -0.273527, 0.920134, -0.0, 0.0, 0.0, 0.0, 1.0],
                [0.958391, -0.06811, 0.277214, 0.0, 0.015046, 0.981821, 0.189213, 0.3, -0.285062, -0.177169, 0.941993, -0.0, 0.0, 0.0, 0.0, 1.0]
            ]
        },
        {
            "name": "Head",
            "time": [0.0, 1.6167, 3.1333],
            "transform": [
                [0.927616, -0.012968, 0.37331, -0.0, 0.03639, 0.997781, -0.055762, 0.4, -0.371758, 0.065311, 0.926029, -0.0, 0.0, 0.0, 0.0, 1.0],
                [0.927616, 0.063107, 0.368166, -0.0, 0.03639, 0.96567, -0.257212, 0.4, -0.371758, 0.251991, 0.893474, 0.0, 0.0, 0.0, 0.0, 1.0],
                [0.927616, -0.012968, 0.37331, -0.0, 0.03639, 0.997781, -0.055762, 0.4, -0.371758, 0.065311, 0.926029, -0.0, 0.0, 0.0, 0.0, 1.0]
            ]
        },
        {
            "name": "Shoulder_R",
            "time": [0.0, 3.1333],
            "transform": [
                [-0.259367, 0.917534, 0.301428, -0.0, 0.105792, -0.283238, 0.953197, 0.4, 0.959967, 0.279117, -0.023605, -0.0, 0.0, 0.0, 0.0, 1.0],
                [-0.259367, 0.917534, 0.301428, -0.0, 0.105792, -0.283238, 0.953197, 0.4, 0.959967, 0.279117, -0.023605, -0.0, 0.0, 0.0, 0.0, 1.0]
            ]
        },
        {
            "name": "Arm_R",
            "time": [0.0, 1.6167, 3.1333],
            "transform": [
                [0.358523, -0.930306, 0.077409, -0.0, 0.920561, 0.338559, -0.194797, 0.39386, 0.155013, 0.141099, 0.977784, 0.0, 0.0, 0.0, 0.0, 1.0],
                [0.34712, -0.930306, 0.118484, 0.0, 0.936945, 0.338559, -0.086671, 0.39386, 0.040517, 0.141099, 0.989166, 0.0, 0.0, 0.0, 0.0, 1.0],
                [0.358523, -0.930306, 0.077409, -0.0, 0.920561, 0.338559, -0.194797, 0.39386, 0.155013, 0.141099, 0.977784, 0.0, 0.0, 0.0, 0.0, 1.0]
            ]
        },
        {
            "name": "Hand_R",
            "time": [0.0, 3.1333],
            "transform": [
                [0.999985, 0.004813, -0.002766, 0.0, -0.00125, -0.290273, -0.956943, 0.3, -0.005408, 0.956932, -0.290263, -0.0, 0.0, 0.0, 0.0, 1.0],
                [0.999985, 0.004813, -0.002766, 0.0, -0.00125, -0.290273, -0.956943, 0.3, -0.005408, 0.956932, -0.290263, -0.0, 0.0, 0.0, 0.0, 1.0]
            ]
        },
        {
            "name": "Tool_R",
            "time": [0.0, 3.1333],
            "transform": [
                [1.0, 0.0, 0.0, 0.0, 0.0, -0.985954, -0.167019, 0.272858, 0.0, 0.166909, -0.985372, 0.0, 0.0, 0.0, 0.0, 1.0],
                [1.0, 0.0, 0.0, 0.0, 0.0, -0.985954, -0.167019, 0.272858, 0.0, 0.166909, -0.985372, 0.0, 0.0, 0.0, 0.0, 1.0]
            ]
        },
        {
            "name": "Elbow_R",
            "time": [0.0, 3.1333],
            "transform": [
                [-0.998146, 0.025863, -0.055103, 0.0, 0.056405, 0.733309, -0.677551, 0.3, 0.022884, -0.679403, -0.733408, -0.0, 0.0, 0.0, 0.0, 1.0],
                [-0.998146, 0.025863, -0.055103, 0.0, 0.056405, 0.733309, -0.677551, 0.3, 0.022884, -0.679403, -0.733408, -0.0, 0.0, 0.0, 0.0, 1.0]
            ]
        },
        {
            "name": "Shoulder_L",
            "time": [0.0, 3.1333],
            "transform": [
                [-0.194935, -0.933432, -0.301172, -0.0, -0.092838, -0.288124, 0.953082, 0.4, -0.976413, 0.213749, -0.030493, -0.0, 0.0, 0.0, 0.0, 1.0],
                [-0.194935, -0.933432, -0.301172, -0.0, -0.092838, -0.288124, 0.953082, 0.4, -0.976413, 0.213749, -0.030493, -0.0, 0.0, 0.0, 0.0, 1.0]
            ]
        },
        {
            "name": "Arm_L",
            "time": [0.0, 1.6167, 3.1333],
            "transform": [
                [0.143301, -0.068065, 0.987336, 0.0, -0.896965, 0.412662, 0.158633, 0.39386, -0.418233, -0.908338, -0.001917, 0.0, 0.0, 0.0, 0.0, 1.0],
                [0.143301, -0.162005, 0.976329, 0.0, -0.896965, 0.395634, 0.197302, 0.39386, -0.418233, -0.904006, -0.088618, -0.0, 0.0, 0.0, 0.0, 1.0],
                [0.143301, -0.068065, 0.987336, 0.0, -0.896965, 0.412662, 0.158633, 0.39386, -0.418233, -0.908338, -0.001917, 0.0, 0.0, 0.0, 0.0, 1.0]
            ]
        },
        {
            "name": "Hand_L",
            "time": [0.0, 1.6167, 3.1333],
            "transform": [
                [0.99932, -0.035435, 0.010227, 0.0, 0.036869, 0.966806, -0.25284, 0.3, -0.000928, 0.253045, 0.967455, 0.0, 0.0, 0.0, 0.0, 1.0],
                [0.99932, -0.033719, 0.014943, 0.0, 0.03687, 0.923535, -0.38174, 0.3, -0.000928, 0.382031, 0.924149, 0.0, 0.0, 0.0, 0.0, 1.0],
                [0.99932, -0.035435, 0.010227, 0.0, 0.036869, 0.966806, -0.25284, 0.3, -0.000928, 0.253045, 0.967455, 0.0, 0.0, 0.0, 0.0, 1.0]
            ]
        },
        {
            "name": "Tool_L",
            "time": [0.0, 3.1333],
            "transform": [
                [0.0, 0.0, 0.0, 0.0, 0.0, 0.0, 0.0, 0.272858, 0.0, 0.0, 0.0, -0.0, 0.0, 0.0, 0.0, 1.0],
                [0.0, 0.0, 0.0, 0.0, 0.0, 0.0, 0.0, 0.272858, 0.0, 0.0, 0.0, -0.0, 0.0, 0.0, 0.0, 1.0]
            ]
        },
        {
            "name": "Elbow_L",
            "time": [0.0, 3.1333],
            "transform": [
                [-1.0, 0.0, -0.0, 0.0, 0.0, -0.0, -1.0, 0.3, -0.0, -1.0, -0.0, 0.0, 0.0, 0.0, 0.0, 1.0],
                [-1.0, 0.0, -0.0, 0.0, 0.0, -0.0, -1.0, 0.3, -0.0, -1.0, -0.0, 0.0, 0.0, 0.0, 0.0, 1.0]
            ]
        }
    ]
}