{
    
    "animation": [
        {
            "name": "Root",
            "time": [0.0, 3.55],
            "transform": [
                [1.0, 0.0, 0.0, -5e-06, 0.0, 0.0, -1.0, 0.000946, 0.0, 1.0, 0.0, 0.487162, 0.0, 0.0, 0.0, 1.0],
                [1.0, 0.0, 0.0, -5e-06, 0.0, 0.0, -1.0, 0.000946, 0.0, 1.0, 0.0, 0.487162, 0.0, 0.0, 0.0, 1.0]
            ]
        },
        {
            "name": "Thigh_R",
            "time": [0.0, 3.55],
            "transform": [
                [1.0, -1e-06, 0.0, 0.124994, -0.0, -0.991031, -0.133618, -0.002831, 0.0, 0.133619, -0.991033, -1.2e-05, 0.0, 0.0, 0.0, 1.0],
                [1.0, -1e-06, 0.0, 0.124994, -0.0, -0.991031, -0.133618, -0.002831, 0.0, 0.133619, -0.991033, -1.2e-05, 0.0, 0.0, 0.0, 1.0]
            ]
        },
        {
            "name": "Leg_R",
            "time": [0.0, 3.55],
            "transform": [
                [1.0, 0.0, 1e-06, 0.0, -1e-06, 0.162193, 0.986758, 0.37472, 0.0, -0.98676, 0.162192, -0.0, 0.0, 0.0, 0.0, 1.0],
                [1.0, 0.0, 1e-06, 0.0, -1e-06, 0.162193, 0.986758, 0.37472, 0.0, -0.98676, 0.162192, -0.0, 0.0, 0.0, 0.0, 1.0]
            ]
        },
        {
            "name": "Knee_R",
            "time": [0.0, 3.55],
            "transform": [
                [1.0, -0.0, -0.0, 0.0, -0.0, -0.168581, -0.985688, 0.486932, -0.0, 0.985688, -0.168581, -0.001311, 0.0, 0.0, 0.0, 1.0],
                [1.0, -0.0, -0.0, 0.0, -0.0, -0.168581, -0.985688, 0.486932, -0.0, 0.985688, -0.168581, -0.001311, 0.0, 0.0, 0.0, 1.0]
            ]
        },
        {
            "name": "Thigh_L",
            "time": [0.0, 3.55],
            "transform": [
                [0.995363, -0.009443, 0.095721, -0.125006, -0.094803, -0.26443, 0.959734, -0.002831, 0.016249, -0.964359, -0.264099, -1.2e-05, 0.0, 0.0, 0.0, 1.0],
                [0.995363, -0.009443, 0.095721, -0.125006, -0.094803, -0.26443, 0.959734, -0.002831, 0.016249, -0.964359, -0.264099, -1.2e-05, 0.0, 0.0, 0.0, 1.0]
            ]
        },
        {
            "name": "Leg_L",
            "time": [0.0, 3.55],
            "transform": [
                [1.0, 0.0, 1e-06, -0.0, -1e-06, 0.353565, 0.93541, 0.37472, -0.0, -0.93541, 0.353565, 0.0, 0.0, 0.0, 0.0, 1.0],
                [1.0, 0.0, 1e-06, -0.0, -1e-06, 0.353565, 0.93541, 0.37472, -0.0, -0.93541, 0.353565, 0.0, 0.0, 0.0, 0.0, 1.0]
            ]
        },
        {
            "name": "Knee_L",
            "time": [0.0, 3.55],
            "transform": [
                [1.0, -0.0, -0.0, 0.0, -0.0, -0.235096, -0.971972, 0.459884, -0.0, 0.971972, -0.235096, -0.004006, 0.0, 0.0, 0.0, 1.0],
                [1.0, -0.0, -0.0, 0.0, -0.0, -0.235096, -0.971972, 0.459884, -0.0, 0.971972, -0.235096, -0.004006, 0.0, 0.0, 0.0, 1.0]
            ]
        },
        {
            "name": "Torso",
            "time": [0.0, 3.55],
            "transform": [
                [1.0, 0.0, 0.0, 0.0, 0.0, 0.99823, -0.059478, 0.05, 0.0, 0.059478, 0.99823, 0.0, 0.0, 0.0, 0.0, 1.0],
                [1.0, 0.0, 0.0, 0.0, 0.0, 0.99823, -0.059478, 0.05, 0.0, 0.059478, 0.99823, 0.0, 0.0, 0.0, 0.0, 1.0]
            ]
        },
        {
            "name": "Chest",
            "time": [0.0, 1.7833, 3.55],
            "transform": [
                [1.0, 0.0, 0.0, -0.0, 0.0, 0.857411, 0.514632, 0.3, 0.0, -0.514632, 0.857411, 0.0, 0.0, 0.0, 0.0, 1.0],
                [1.0, 0.0, 0.0, -0.0, 0.0, 0.800606, 0.599191, 0.3, 0.0, -0.599191, 0.800606, 0.0, 0.0, 0.0, 0.0, 1.0],
                [1.0, 0.0, 0.0, -0.0, 0.0, 0.857411, 0.514632, 0.3, 0.0, -0.514632, 0.857411, 0.0, 0.0, 0.0, 0.0, 1.0]
            ]
        },
        {
            "name": "Head",
            "time": [0.0, 3.55],
            "transform": [
                [0.9787, -0.043842, 0.200558, 0.0, 0.086807, 0.973675, -0.210762, 0.4, -0.186038, 0.223683, 0.956742, 0.0, 0.0, 0.0, 0.0, 1.0],
                [0.9787, -0.043842, 0.200558, 0.0, 0.086807, 0.973675, -0.210762, 0.4, -0.186038, 0.223683, 0.956742, 0.0, 0.0, 0.0, 0.0, 1.0]
            ]
        },
        {
            "name": "Shoulder_R",
            "time": [0.0, 3.55],
            "transform": [
                [-0.290912, 0.906582, 0.305743, 0.0, 0.093418, -0.291122, 0.952114, 0.4, 0.952178, 0.305543, -0.0, 0.0, 0.0, 0.0, 0.0, 1.0],
                [-0.290912, 0.906582, 0.305743, 0.0, 0.093418, -0.291122, 0.952114, 0.4, 0.952178, 0.305543, -0.0, 0.0, 0.0, 0.0, 0.0, 1.0]
            ]
        },
        {
            "name": "Arm_R",
            "time": [0.0, 1.7833, 3.55],
            "transform": [
                [0.279605, -0.758008, 0.589275, -0.0, 0.941239, 0.337513, -0.012452, 0.39386, -0.189449, 0.55813, 0.807836, 0.0, 0.0, 0.0, 0.0, 1.0],
                [0.279605, -0.837017, 0.470344, 0.0, 0.941239, 0.335627, 0.03774, 0.39386, -0.189449, 0.432154, 0.881676, -0.0, 0.0, 0.0, 0.0, 1.0],
                [0.279605, -0.758008, 0.589275, -0.0, 0.941239, 0.337513, -0.012452, 0.39386, -0.189449, 0.55813, 0.807836, 0.0, 0.0, 0.0, 0.0, 1.0]
            ]
        },
        {
            "name": "Hand_R",
            "time": [0.0, 1.7833, 3.55],
            "transform": [
                [1.0, -0.0, 0.0, 0.0, 0.0, -0.046089, -0.998937, 0.3, 0.0, 0.998937, -0.046089, -0.0, 0.0, 0.0, 0.0, 1.0],
                [1.0, -0.0, 0.0, -0.0, 0.0, -0.082456, -0.996595, 0.3, 0.0, 0.996595, -0.082456, -0.0, 0.0, 0.0, 0.0, 1.0],
                [1.0, -0.0, 0.0, 0.0, 0.0, -0.046089, -0.998937, 0.3, 0.0, 0.998937, -0.046089, -0.0, 0.0, 0.0, 0.0, 1.0]
            ]
        },
        {
            "name": "Tool_R",
            "time": [0.0, 3.55],
            "transform": [
                [1.0, 0.0, 0.0, 0.0, 0.0, -0.999836, 0.018122, 0.272858, 0.0, -0.018122, -0.999244, -0.0, 0.0, 0.0, 0.0, 1.0],
                [1.0, 0.0, 0.0, 0.0, 0.0, -0.999836, 0.018122, 0.272858, 0.0, -0.018122, -0.999244, -0.0, 0.0, 0.0, 0.0, 1.0]
            ]
        },
        {
            "name": "Elbow_R",
            "time": [0.0, 3.55],
            "transform": [
                [-1.0, 0.0, 0.0, 0.0, -0.0, 0.765804, -0.643074, 0.3, -0.0, -0.643074, -0.765804, -0.0, 0.0, 0.0, 0.0, 1.0],
                [-1.0, 0.0, 0.0, 0.0, -0.0, 0.765804, -0.643074, 0.3, -0.0, -0.643074, -0.765804, -0.0, 0.0, 0.0, 0.0, 1.0]
            ]
        },
        {
            "name": "Shoulder_L",
            "time": [0.0, 3.55],
            "transform": [
                [-0.182414, -0.929975, -0.319173, 0.0, -0.145477, -0.295518, 0.944195, 0.4, -0.9724, 0.218667, -0.081384, 0.0, 0.0, 0.0, 0.0, 1.0],
                [-0.182414, -0.929975, -0.319173, 0.0, -0.145477, -0.295518, 0.944195, 0.4, -0.9724, 0.218667, -0.081384, 0.0, 0.0, 0.0, 0.0, 1.0]
            ]
        },
        {
            "name": "Arm_L",
            "time": [0.0, 1.7833, 3.55],
            "transform": [
                [-0.050785, 0.289938, 0.955697, 0.0, -0.880337, 0.438898, -0.179933, 0.39386, -0.471623, -0.850473, 0.232953, 0.0, 0.0, 0.0, 0.0, 1.0],
                [-0.050785, 0.468488, 0.882009, -0.0, -0.880337, 0.396052, -0.261056, 0.39386, -0.471623, -0.789722, 0.392314, -0.0, 0.0, 0.0, 0.0, 1.0],
                [-0.050785, 0.289938, 0.955697, 0.0, -0.880337, 0.438898, -0.179933, 0.39386, -0.471623, -0.850473, 0.232953, 0.0, 0.0, 0.0, 0.0, 1.0]
            ]
        },
        {
            "name": "Hand_L",
            "time": [0.0, 3.55],
            "transform": [
                [0.997765, 0.050459, 0.043805, 0.0, -0.02865, 0.915299, -0.401756, 0.3, -0.060367, 0.399603, 0.914699, 0.0, 0.0, 0.0, 0.0, 1.0],
                [0.997765, 0.050459, 0.043805, 0.0, -0.02865, 0.915299, -0.401756, 0.3, -0.060367, 0.399603, 0.914699, 0.0, 0.0, 0.0, 0.0, 1.0]
            ]
        },
        {
            "name": "Tool_L",
            "time": [0.0, 3.55],
            "transform": [
                [0.0, 0.0, 0.0, -0.0, 0.0, 0.0, 0.0, 0.272858, 0.0, 0.0, 0.0, -0.0, 0.0, 0.0, 0.0, 1.0],
                [0.0, 0.0, 0.0, -0.0, 0.0, 0.0, 0.0, 0.272858, 0.0, 0.0, 0.0, -0.0, 0.0, 0.0, 0.0, 1.0]
            ]
        },
        {
            "name": "Elbow_L",
            "time": [0.0, 3.55],
            "transform": [
                [-1.0, 0.0, -0.0, 0.0, 0.0, -0.22782, -0.973703, 0.416895, -0.0, -0.973703, 0.22782, 0.0, 0.0, 0.0, 0.0, 1.0],
                [-1.0, 0.0, -0.0, 0.0, 0.0, -0.22782, -0.973703, 0.416895, -0.0, -0.973703, 0.22782, 0.0, 0.0, 0.0, 0.0, 1.0]
            ]
        }
    ]
}