{
    
    "animation": [
        {
            "name": "Root",
            "time": [0.0, 0.2, 0.4, 0.6, 0.8],
            "transform": [
                [1.0, 0.0, 0.0, -5e-06, 0.0, 0.0, -1.0, 0.000946, 0.0, 1.0, 0.0, 0.764948, 0.0, 0.0, 0.0, 1.0],
                [1.0, 0.0, 0.0, -5e-06, 0.0, 0.0, -1.0, 0.000946, 0.0, 1.0, 0.0, 0.679639, 0.0, 0.0, 0.0, 1.0],
                [1.0, 0.0, 0.0, -5e-06, 0.0, 0.0, -1.0, 0.000946, 0.0, 1.0, 0.0, 0.764948, 0.0, 0.0, 0.0, 1.0],
                [1.0, 0.0, 0.0, -5e-06, 0.0, 0.0, -1.0, 0.000946, 0.0, 1.0, 0.0, 0.679639, 0.0, 0.0, 0.0, 1.0],
                [1.0, 0.0, 0.0, -5e-06, 0.0, 0.0, -1.0, 0.000946, 0.0, 1.0, 0.0, 0.764948, 0.0, 0.0, 0.0, 1.0]
            ]
        },
        {
            "name": "Thigh_R",
            "time": [0.0, 0.2, 0.4, 0.6, 0.8],
            "transform": [
                [0.998423, 0.046173, -0.031916, 0.124994, 0.054886, -0.922166, 0.382876, -0.002831, -0.011754, -0.384023, -0.923249, -1.2e-05, 0.0, 0.0, 0.0, 1.0],
                [1.0, -0.0, -0.0, 0.124994, 0.0, -0.773347, 0.633981, -0.002831, -0.0, -0.633979, -0.773349, -1.2e-05, 0.0, 0.0, 0.0, 1.0],
                [1.0, -0.0, -0.0, 0.124994, 0.0, -0.999046, 0.04362, -0.002831, -0.0, -0.043619, -0.999049, -1.2e-05, 0.0, 0.0, 0.0, 1.0],
                [1.0, -0.0, -0.0, 0.124994, 0.0, -0.914725, -0.404072, -0.002831, 0.0, 0.404071, -0.914727, -1.2e-05, 0.0, 0.0, 0.0, 1.0],
                [0.998423, 0.046173, -0.031916, 0.124994, 0.054886, -0.922166, 0.382876, -0.002831, -0.011754, -0.384023, -0.923249, -1.2e-05, 0.0, 0.0, 0.0, 1.0]
            ]
        },
        {
            "name": "Leg_R",
            "time": [0.0, 0.2, 0.4, 0.6, 0.8],
            "transform": [
                [1.0, 0.0, 1e-06, -0.0, -1e-06, 0.375306, 0.9269, 0.37472, -0.0, -0.926902, 0.375306, 0.0, 0.0, 0.0, 0.0, 1.0],
                [1.0, 0.0, 1e-06, 0.0, -1e-06, 0.92091, 0.389778, 0.37472, -0.0, -0.389778, 0.920908, 0.0, 0.0, 0.0, 0.0, 1.0],
                [1.0, 0.0, 1e-06, 0.0, -0.0, 0.996195, 0.087156, 0.37472, -1e-06, -0.087156, 0.996194, -0.0, 0.0, 0.0, 0.0, 1.0],
                [1.0, 0.0, 1e-06, 0.0, -0.0, 0.996195, 0.087156, 0.37472, -1e-06, -0.087156, 0.996194, 0.0, 0.0, 0.0, 0.0, 1.0],
                [1.0, 0.0, 1e-06, -0.0, -1e-06, 0.375306, 0.9269, 0.37472, -0.0, -0.926902, 0.375306, 0.0, 0.0, 0.0, 0.0, 1.0]
            ]
        },
        {
            "name": "Knee_R",
            "time": [0.0, 0.2, 0.4, 0.6, 0.8],
            "transform": [
                [1.0, 0.0, -0.0, -0.0, -0.0, 1e-06, -1.0, 0.439324, -0.0, 1.0, 1e-06, -0.000954, 0.0, 0.0, 0.0, 1.0],
                [1.0, 0.0, -0.0, 0.0, -0.0, 1e-06, -1.0, 0.40073, -0.0, 1.0, 1e-06, -0.003832, 0.0, 0.0, 0.0, 1.0],
                [1.0, 0.0, -0.0, 0.0, -0.0, 1e-06, -1.0, 0.37472, -0.0, 1.0, 1e-06, -0.0, 0.0, 0.0, 0.0, 1.0],
                [1.0, 0.0, -0.0, 0.0, -0.0, 1e-06, -1.0, 0.37472, -0.0, 1.0, 1e-06, 0.0, 0.0, 0.0, 0.0, 1.0],
                [1.0, 0.0, -0.0, -0.0, -0.0, 1e-06, -1.0, 0.439324, -0.0, 1.0, 1e-06, -0.000954, 0.0, 0.0, 0.0, 1.0]
            ]
        },
        {
            "name": "Thigh_L",
            "time": [0.0, 0.2, 0.4, 0.6, 0.8],
            "transform": [
                [0.999999, -0.0, -0.0, -0.125006, 0.0, -0.999048, 0.04362, -0.002831, -0.0, -0.04362, -0.999048, -1.2e-05, 0.0, 0.0, 0.0, 1.0],
                [0.999999, -0.0, -0.0, -0.125006, 0.0, -0.916029, -0.401112, -0.002831, 0.0, 0.401112, -0.916029, -1.2e-05, 0.0, 0.0, 0.0, 1.0],
                [0.998235, -0.059374, -0.0, -0.125006, -0.056729, -0.953768, 0.295143, -0.002831, -0.017524, -0.294622, -0.955453, -1.2e-05, 0.0, 0.0, 0.0, 1.0],
                [0.999999, -0.0, -0.0, -0.125006, 0.0, -0.769842, 0.638235, -0.002831, -0.0, -0.638235, -0.769842, -1.2e-05, 0.0, 0.0, 0.0, 1.0],
                [0.999999, -0.0, -0.0, -0.125006, 0.0, -0.999048, 0.04362, -0.002831, -0.0, -0.04362, -0.999048, -1.2e-05, 0.0, 0.0, 0.0, 1.0]
            ]
        },
        {
            "name": "Leg_L",
            "time": [0.0, 0.2, 0.4, 0.5333, 0.6, 0.8],
            "transform": [
                [1.0, 0.0, 1e-06, 0.0, -0.0, 0.996194, 0.087156, 0.37472, -1e-06, -0.087156, 0.996195, -0.0, 0.0, 0.0, 0.0, 1.0],
                [1.0, 0.0, 1e-06, 0.0, -0.0, 0.97956, 0.201154, 0.37472, -1e-06, -0.201153, 0.97956, -0.0, 0.0, 0.0, 0.0, 1.0],
                [1.0, -0.0, 1e-06, -0.0, -1e-06, 0.573576, 0.819152, 0.37472, -0.0, -0.819152, 0.573576, -0.0, 0.0, 0.0, 0.0, 1.0],
                [1.0, 0.0, 1e-06, -0.0, -1e-06, 0.723285, 0.690549, 0.37472, -1e-06, -0.690549, 0.723286, -0.0, 0.0, 0.0, 0.0, 1.0],
                [1.0, 0.0, 1e-06, 0.0, -1e-06, 0.909669, 0.415333, 0.37472, -1e-06, -0.415333, 0.90967, 0.0, 0.0, 0.0, 0.0, 1.0],
                [1.0, 0.0, 1e-06, 0.0, -0.0, 0.996194, 0.087156, 0.37472, -1e-06, -0.087156, 0.996195, -0.0, 0.0, 0.0, 0.0, 1.0]
            ]
        },
        {
            "name": "Knee_L",
            "time": [0.0, 0.2, 0.4, 0.6, 0.8],
            "transform": [
                [1.0, 0.0, -0.0, 0.0, -0.0, 1e-06, -1.0, 0.37472, -0.0, 1.0, 1e-06, -0.0, 0.0, 0.0, 0.0, 1.0],
                [1.0, 0.0, -0.0, 0.0, -0.0, 1e-06, -1.0, 0.37472, -0.0, 1.0, 1e-06, -0.0, 0.0, 0.0, 0.0, 1.0],
                [1.0, 0.0, -0.0, -0.0, -0.0, 1e-06, -1.0, 0.417962, -0.0, 1.0, 1e-06, -0.001644, 0.0, 0.0, 0.0, 1.0],
                [1.0, 0.0, -0.0, 0.0, -0.0, 1e-06, -1.0, 0.403148, -0.0, 1.0, 1e-06, -0.003028, 0.0, 0.0, 0.0, 1.0],
                [1.0, 0.0, -0.0, 0.0, -0.0, 1e-06, -1.0, 0.37472, -0.0, 1.0, 1e-06, -0.0, 0.0, 0.0, 0.0, 1.0]
            ]
        },
        {
            "name": "Torso",
            "time": [0.0, 0.2, 0.6, 0.8],
            "transform": [
                [1.0, 0.0, 0.0, 0.0, 0.0, 1.0, 0.0, 0.05, 0.0, 0.0, 1.0, 0.0, 0.0, 0.0, 0.0, 1.0],
                [0.99998, -0.006357, 0.0, 0.0, 0.006357, 0.99998, 0.0, 0.05, 0.0, 0.0, 1.0, 0.0, 0.0, 0.0, 0.0, 1.0],
                [0.999974, 0.007143, 0.0, 0.0, -0.007143, 0.999975, 0.0, 0.05, 0.0, 0.0, 1.0, 0.0, 0.0, 0.0, 0.0, 1.0],
                [1.0, 0.0, 0.0, 0.0, 0.0, 1.0, 0.0, 0.05, 0.0, 0.0, 1.0, 0.0, 0.0, 0.0, 0.0, 1.0]
            ]
        },
        {
            "name": "Chest",
            "time": [0.0, 0.2, 0.4, 0.6, 0.8],
            "transform": [
                [1.0, 0.0, 0.0, 0.0, 0.0, 1.0, 0.0, 0.3, 0.0, 0.0, 1.0, 0.0, 0.0, 0.0, 0.0, 1.0],
                [0.999772, -0.021275, -0.001989, 0.0, 0.021368, 0.995433, 0.093042, 0.3, 0.0, -0.093063, 0.99566, -0.0, 0.0, 0.0, 0.0, 1.0],
                [1.0, 0.0, 0.0, 0.0, -0.0, 1.0, 0.0, 0.3, 0.0, 0.0, 1.0, 0.0, 0.0, 0.0, 0.0, 1.0],
                [0.999718, 0.023759, 0.0, 0.0, -0.023742, 0.999004, 0.037781, 0.3, 0.000898, -0.03777, 0.999286, 0.0, 0.0, 0.0, 0.0, 1.0],
                [1.0, 0.0, 0.0, 0.0, 0.0, 1.0, 0.0, 0.3, 0.0, 0.0, 1.0, 0.0, 0.0, 0.0, 0.0, 1.0]
            ]
        },
        {
            "name": "Head",
            "time": [0.0, 0.8],
            "transform": [
                [0.963476, -0.042457, 0.264407, 0.0, 0.006574, 0.990804, 0.135143, 0.4, -0.267713, -0.128469, 0.954895, 0.0, 0.0, 0.0, 0.0, 1.0],
                [0.963476, -0.042457, 0.264407, 0.0, 0.006574, 0.990804, 0.135143, 0.4, -0.267713, -0.128469, 0.954895, 0.0, 0.0, 0.0, 0.0, 1.0]
            ]
        },
        {
            "name": "Shoulder_R",
            "time": [0.0, 0.8],
            "transform": [
                [-0.347278, 0.886388, 0.306128, 0.0, 0.110781, -0.285381, 0.95199, 0.4, 0.931195, 0.364519, 0.000911, 0.0, 0.0, 0.0, 0.0, 1.0],
                [-0.347278, 0.886388, 0.306128, 0.0, 0.110781, -0.285381, 0.95199, 0.4, 0.931195, 0.364519, 0.000911, 0.0, 0.0, 0.0, 0.0, 1.0]
            ]
        },
        {
            "name": "Arm_R",
            "time": [0.0, 0.8],
            "transform": [
                [0.397197, -0.87512, 0.276404, -0.0, 0.917049, 0.366841, -0.15636, 0.39386, 0.035438, 0.315582, 0.948236, -0.0, 0.0, 0.0, 0.0, 1.0],
                [0.397197, -0.87512, 0.276404, -0.0, 0.917049, 0.366841, -0.15636, 0.39386, 0.035438, 0.315582, 0.948236, -0.0, 0.0, 0.0, 0.0, 1.0]
            ]
        },
        {
            "name": "Hand_R",
            "time": [0.0, 0.8],
            "transform": [
                [1.0, -0.0, -0.0, 0.0, -0.0, -0.230545, -0.973062, 0.3, 0.0, 0.973062, -0.230545, -0.0, 0.0, 0.0, 0.0, 1.0],
                [1.0, -0.0, -0.0, 0.0, -0.0, -0.230545, -0.973062, 0.3, 0.0, 0.973062, -0.230545, -0.0, 0.0, 0.0, 0.0, 1.0]
            ]
        },
        {
            "name": "Tool_R",
            "time": [0.0, 0.2333, 0.4333, 0.6, 0.8],
            "transform": [
                [1.0, 0.0, 0.0, -0.0, 0.0, -0.961722, -0.274025, 0.272858, 0.0, 0.273853, -0.961156, -0.0, 0.0, 0.0, 0.0, 1.0],
                [1.0, 0.0, 0.0, 0.0, 0.0, -0.994899, -0.100876, 0.272858, 0.0, 0.100806, -0.994311, 0.0, 0.0, 0.0, 0.0, 1.0],
                [1.0, 0.0, 0.0, -0.0, 0.0, -0.946247, -0.323446, 0.272858, 0.0, 0.323245, -0.94569, -0.0, 0.0, 0.0, 0.0, 1.0],
                [1.0, 0.0, 0.0, -0.0, 0.0, -0.985168, -0.171591, 0.272858, 0.0, 0.171479, -0.984587, -0.0, 0.0, 0.0, 0.0, 1.0],
                [1.0, 0.0, 0.0, -0.0, 0.0, -0.961722, -0.274025, 0.272858, 0.0, 0.273853, -0.961156, -0.0, 0.0, 0.0, 0.0, 1.0]
            ]
        },
        {
            "name": "Elbow_R",
            "time": [0.0, 0.8],
            "transform": [
                [-1.0, 0.0, 0.0, 0.0, -0.0, 0.805128, -0.593101, 0.3, -0.0, -0.593101, -0.805128, -0.0, 0.0, 0.0, 0.0, 1.0],
                [-1.0, 0.0, 0.0, 0.0, -0.0, 0.805128, -0.593101, 0.3, -0.0, -0.593101, -0.805128, -0.0, 0.0, 0.0, 0.0, 1.0]
            ]
        },
        {
            "name": "Shoulder_L",
            "time": [0.0, 0.8],
            "transform": [
                [0.004613, -0.974968, -0.222296, 0.0, 0.000524, -0.222296, 0.974979, 0.4, -0.999989, -0.004614, -0.000514, 0.0, 0.0, 0.0, 0.0, 1.0],
                [0.004613, -0.974968, -0.222296, 0.0, 0.000524, -0.222296, 0.974979, 0.4, -0.999989, -0.004614, -0.000514, 0.0, 0.0, 0.0, 0.0, 1.0]
            ]
        },
        {
            "name": "Arm_L",
            "time": [0.0, 0.2333, 0.4333, 0.6, 0.8],
            "transform": [
                [-0.003445, -0.184208, 0.982881, 0.0, -0.935889, 0.346846, 0.061724, 0.39386, -0.352278, -0.919655, -0.173593, -0.0, 0.0, 0.0, 0.0, 1.0],
                [-0.003445, 0.485975, 0.873966, -0.0, -0.935889, 0.306316, -0.174018, 0.39386, -0.352278, -0.818535, 0.453763, -0.0, 0.0, 0.0, 0.0, 1.0],
                [-0.003445, -0.165272, 0.986242, 0.0, -0.935889, 0.347968, 0.055043, 0.39386, -0.352278, -0.922823, -0.155875, -0.0, 0.0, 0.0, 0.0, 1.0],
                [-0.003453, -0.381575, 0.924331, -0.0, -0.93587, 0.326906, 0.131454, 0.39386, -0.352329, -0.8646, -0.358234, -0.0, 0.0, 0.0, 0.0, 1.0],
                [-0.003445, -0.184208, 0.982881, 0.0, -0.935889, 0.346846, 0.061724, 0.39386, -0.352278, -0.919655, -0.173593, -0.0, 0.0, 0.0, 0.0, 1.0]
            ]
        },
        {
            "name": "Hand_L",
            "time": [0.0, 0.2333, 0.4333, 0.6, 0.8],
            "transform": [
                [1.0, 0.0, 0.0, -0.0, -0.0, 0.99793, -0.064318, 0.3, -0.0, 0.064318, 0.99793, 0.0, 0.0, 0.0, 0.0, 1.0],
                [1.0, 0.0, 0.0, -0.0, -0.0, 0.997565, -0.069751, 0.3, -0.0, 0.069751, 0.997565, 0.0, 0.0, 0.0, 0.0, 1.0],
                [1.0, 0.0, 0.0, -0.0, -0.0, 0.943578, -0.331151, 0.3, -0.0, 0.331151, 0.943578, 0.0, 0.0, 0.0, 0.0, 1.0],
                [1.0, 0.0, 0.0, -0.0, -0.0, 0.992778, 0.119965, 0.3, -0.0, -0.119965, 0.992778, 0.0, 0.0, 0.0, 0.0, 1.0],
                [1.0, 0.0, 0.0, -0.0, -0.0, 0.99793, -0.064318, 0.3, -0.0, 0.064318, 0.99793, 0.0, 0.0, 0.0, 0.0, 1.0]
            ]
        },
        {
            "name": "Tool_L",
            "time": [0.0, 0.8],
            "transform": [
                [0.0, 0.0, 0.0, 0.0, 0.0, 0.0, 0.0, 0.272858, 0.0, 0.0, 0.0, 0.0, 0.0, 0.0, 0.0, 1.0],
                [0.0, 0.0, 0.0, 0.0, 0.0, 0.0, 0.0, 0.272858, 0.0, 0.0, 0.0, 0.0, 0.0, 0.0, 0.0, 1.0]
            ]
        },
        {
            "name": "Elbow_L",
            "time": [0.0, 0.8],
            "transform": [
                [-1.0, 0.0, -0.0, -0.0, 0.0, -0.0, -1.0, 0.3, -0.0, -1.0, -0.0, 0.0, 0.0, 0.0, 0.0, 1.0],
                [-1.0, 0.0, -0.0, -0.0, 0.0, -0.0, -1.0, 0.3, -0.0, -1.0, -0.0, 0.0, 0.0, 0.0, 0.0, 1.0]
            ]
        }
    ]
}