{
    
    "animation": [
        {
            "name": "Root",
            "time": [0.0, 0.2167, 0.3833, 0.6, 0.7667],
            "transform": [
                [1.0, 0.0, 0.0, -5e-06, 0.0, 0.0, -1.0, 0.000946, 0.0, 1.0, 0.0, 0.735366, 0.0, 0.0, 0.0, 1.0],
                [1.0, 0.0, 0.0, -5e-06, 0.0, 0.0, -1.0, 0.000946, 0.0, 1.0, 0.0, 0.584068, 0.0, 0.0, 0.0, 1.0],
                [1.0, 0.0, 0.0, -5e-06, 0.0, 0.0, -1.0, 0.000946, 0.0, 1.0, 0.0, 0.735366, 0.0, 0.0, 0.0, 1.0],
                [1.0, 0.0, 0.0, -5e-06, 0.0, 0.0, -1.0, 0.000946, 0.0, 1.0, 0.0, 0.584068, 0.0, 0.0, 0.0, 1.0],
                [1.0, 0.0, 0.0, -5e-06, 0.0, 0.0, -1.0, 0.000946, 0.0, 1.0, 0.0, 0.735366, 0.0, 0.0, 0.0, 1.0]
            ]
        },
        {
            "name": "Thigh_R",
            "time": [0.0, 0.15, 0.2167, 0.3833, 0.6, 0.7667],
            "transform": [
                [0.992323, 0.106209, 0.063362, 0.124994, 0.038096, -0.749925, 0.660424, -0.002831, 0.117659, -0.652938, -0.748216, -1.2e-05, 0.0, 0.0, 0.0, 1.0],
                [0.999669, 0.024399, 0.008176, 0.124994, 0.005001, -0.495865, 0.868385, -0.002831, 0.025242, -0.868054, -0.495825, -1.2e-05, 0.0, 0.0, 0.0, 1.0],
                [1.0, -0.0, -0.0, 0.124994, 0.0, -0.526675, 0.850066, -0.002831, -0.0, -0.850064, -0.526677, -1.2e-05, 0.0, 0.0, 0.0, 1.0],
                [1.0, -0.0, -0.0, 0.124994, 0.0, -0.903603, 0.428366, -0.002831, -0.0, -0.428365, -0.903606, -1.2e-05, 0.0, 0.0, 0.0, 1.0],
                [1.0, -0.0, -0.0, 0.124994, -0.0, -0.916024, -0.40112, -0.002831, -0.0, 0.401119, -0.916026, -1.2e-05, 0.0, 0.0, 0.0, 1.0],
                [0.992323, 0.106209, 0.063362, 0.124994, 0.038096, -0.749925, 0.660424, -0.002831, 0.117659, -0.652938, -0.748216, -1.2e-05, 0.0, 0.0, 0.0, 1.0]
            ]
        },
        {
            "name": "Leg_R",
            "time": [0.0, 0.1333, 0.2167, 0.3833, 0.6, 0.7667],
            "transform": [
                [1.0, -0.0, 1e-06, 0.0, -1e-06, 0.013508, 0.999908, 0.37472, -0.0, -0.99991, 0.013508, 0.0, 0.0, 0.0, 0.0, 1.0],
                [1.0, 0.0, 1e-06, -0.0, -1e-06, 0.777747, 0.628577, 0.37472, -0.0, -0.628578, 0.777746, -0.0, 0.0, 0.0, 0.0, 1.0],
                [1.0, 0.0, 1e-06, 0.0, -1e-06, 0.831497, 0.55553, 0.37472, -0.0, -0.555531, 0.831496, 0.0, 0.0, 0.0, 0.0, 1.0],
                [1.0, 0.0, 1e-06, 0.0, -0.0, 0.905651, 0.424025, 0.37472, -1e-06, -0.424026, 0.905649, -0.0, 0.0, 0.0, 0.0, 1.0],
                [1.0, 0.0, 1e-06, 0.0, -0.0, 0.876461, 0.481474, 0.37472, -0.0, -0.481474, 0.87646, -0.0, 0.0, 0.0, 0.0, 1.0],
                [1.0, -0.0, 1e-06, 0.0, -1e-06, 0.013508, 0.999908, 0.37472, -0.0, -0.99991, 0.013508, 0.0, 0.0, 0.0, 0.0, 1.0]
            ]
        },
        {
            "name": "Knee_R",
            "time": [0.0, 0.1333, 0.2167, 0.3833, 0.6, 0.7667],
            "transform": [
                [1.0, 0.0, -0.0, 0.0, -0.0, 1e-06, -1.0, 0.471392, -0.0, 1.0, 1e-06, -0.004956, 0.0, 0.0, 0.0, 1.0],
                [1.0, -0.0, -0.0, 0.0, -0.0, -0.41684, -0.90898, 0.450667, -0.0, 0.90898, -0.41684, -0.003323, 0.0, 0.0, 0.0, 1.0],
                [1.0, 0.0, -0.0, 0.0, -0.0, -0.211683, -0.977339, 0.427012, -0.0, 0.977338, -0.211683, -0.001877, 0.0, 0.0, 0.0, 1.0],
                [1.0, 0.0, -0.0, 0.0, -0.0, 1e-06, -1.0, 0.37472, -0.0, 1.0, 1e-06, -0.0, 0.0, 0.0, 0.0, 1.0],
                [1.0, 0.0, -0.0, 0.0, -0.0, 1e-06, -1.0, 0.37472, -0.0, 1.0, 1e-06, -0.0, 0.0, 0.0, 0.0, 1.0],
                [1.0, 0.0, -0.0, 0.0, -0.0, 1e-06, -1.0, 0.471392, -0.0, 1.0, 1e-06, -0.004956, 0.0, 0.0, 0.0, 1.0]
            ]
        },
        {
            "name": "Thigh_L",
            "time": [0.0, 0.2167, 0.3833, 0.6, 0.7667],
            "transform": [
                [0.999999, -0.0, 0.0, -0.125006, -0.0, -0.905198, 0.42499, -0.002831, -0.0, -0.42499, -0.905198, -1.2e-05, 0.0, 0.0, 0.0, 1.0],
                [0.999999, -0.0, -0.0, -0.125006, 0.0, -0.914312, -0.40501, -0.002831, 0.0, 0.405011, -0.914312, -1.2e-05, 0.0, 0.0, 0.0, 1.0],
                [0.999999, -0.0, 0.0, -0.125006, -0.0, -0.757491, 0.652845, -0.002831, -0.0, -0.652845, -0.757491, -1.2e-05, 0.0, 0.0, 0.0, 1.0],
                [0.999999, -0.0, 0.0, -0.125006, -0.0, -0.522274, 0.852778, -0.002831, -0.0, -0.852778, -0.522274, -1.2e-05, 0.0, 0.0, 0.0, 1.0],
                [0.999999, -0.0, 0.0, -0.125006, -0.0, -0.905198, 0.42499, -0.002831, -0.0, -0.42499, -0.905198, -1.2e-05, 0.0, 0.0, 0.0, 1.0]
            ]
        },
        {
            "name": "Leg_L",
            "time": [0.0, 0.2167, 0.3833, 0.5167, 0.6, 0.7667],
            "transform": [
                [1.0, -0.0, 1e-06, 0.0, -0.0, 0.909076, 0.416629, 0.37472, -1e-06, -0.416629, 0.909077, -0.0, 0.0, 0.0, 0.0, 1.0],
                [1.0, 0.0, 1e-06, 0.0, -1e-06, 0.886696, 0.462353, 0.37472, -1e-06, -0.462353, 0.886696, 0.0, 0.0, 0.0, 0.0, 1.0],
                [1.0, -0.0, 1e-06, 0.0, -1e-06, 0.013859, 0.999904, 0.37472, -0.0, -0.999904, 0.013859, 0.0, 0.0, 0.0, 0.0, 1.0],
                [1.0, 0.0, 1e-06, 0.0, -1e-06, 0.597172, 0.802113, 0.37472, -0.0, -0.802113, 0.597173, 0.0, 0.0, 0.0, 0.0, 1.0],
                [1.0, 0.0, 1e-06, 0.0, -1e-06, 0.690544, 0.72329, 0.37472, -0.0, -0.72329, 0.690544, 0.0, 0.0, 0.0, 0.0, 1.0],
                [1.0, -0.0, 1e-06, 0.0, -0.0, 0.909076, 0.416629, 0.37472, -1e-06, -0.416629, 0.909077, -0.0, 0.0, 0.0, 0.0, 1.0]
            ]
        },
        {
            "name": "Knee_L",
            "time": [0.0, 0.2167, 0.3833, 0.5167, 0.6, 0.7667],
            "transform": [
                [1.0, 0.0, -0.0, 0.0, -0.0, 1e-06, -1.0, 0.37472, -0.0, 1.0, 1e-06, -0.0, 0.0, 0.0, 0.0, 1.0],
                [1.0, 0.0, -0.0, 0.0, -0.0, 1e-06, -1.0, 0.385335, -0.0, 1.0, 1e-06, -0.001833, 0.0, 0.0, 0.0, 1.0],
                [1.0, 0.0, -0.0, 0.0, -0.0, 1e-06, -1.0, 0.476473, -0.0, 1.0, 1e-06, -0.000924, 0.0, 0.0, 0.0, 1.0],
                [0.965228, 0.0, 0.261409, 0.0, 0.261409, 1e-06, -0.965228, 0.456767, -0.0, 1.0, 0.0, -0.002819, 0.0, 0.0, 0.0, 1.0],
                [1.0, 0.0, -0.0, 0.0, -0.0, 1e-06, -1.0, 0.432729, -0.0, 1.0, 1e-06, -0.003694, 0.0, 0.0, 0.0, 1.0],
                [1.0, 0.0, -0.0, 0.0, -0.0, 1e-06, -1.0, 0.37472, -0.0, 1.0, 1e-06, -0.0, 0.0, 0.0, 0.0, 1.0]
            ]
        },
        {
            "name": "Torso",
            "time": [0.0, 0.2167, 0.3833, 0.6, 0.7667],
            "transform": [
                [1.0, 0.0, 0.0, 0.0, 0.0, 0.873638, 0.486576, 0.05, 0.0, -0.486576, 0.873638, 0.0, 0.0, 0.0, 0.0, 1.0],
                [1.0, 0.0, 0.0, 0.0, 0.0, 0.866264, 0.499587, 0.05, 0.0, -0.499587, 0.866264, 0.0, 0.0, 0.0, 0.0, 1.0],
                [1.0, 0.0, 0.0, 0.0, 0.0, 0.933509, 0.358554, 0.05, 0.0, -0.358554, 0.933509, 0.0, 0.0, 0.0, 0.0, 1.0],
                [1.0, 0.0, 0.0, 0.0, 0.0, 0.866264, 0.499587, 0.05, 0.0, -0.499587, 0.866264, 0.0, 0.0, 0.0, 0.0, 1.0],
                [1.0, 0.0, 0.0, 0.0, 0.0, 0.873638, 0.486576, 0.05, 0.0, -0.486576, 0.873638, 0.0, 0.0, 0.0, 0.0, 1.0]
            ]
        },
        {
            "name": "Chest",
            "time": [0.0, 0.2167, 0.3833, 0.6, 0.7667],
            "transform": [
                [1.0, 0.0, 0.0, 0.0, 0.0, 0.978098, 0.208145, 0.3, 0.0, -0.208145, 0.978098, 0.0, 0.0, 0.0, 0.0, 1.0],
                [1.0, 0.0, 0.0, 0.0, 0.0, 0.8431, 0.537757, 0.3, 0.0, -0.537757, 0.8431, 0.0, 0.0, 0.0, 0.0, 1.0],
                [1.0, 0.0, 0.0, -0.0, 0.0, 0.918942, 0.394393, 0.3, 0.0, -0.394393, 0.918942, 0.0, 0.0, 0.0, 0.0, 1.0],
                [1.0, 0.0, 0.0, 0.0, 0.0, 0.8431, 0.537757, 0.3, 0.0, -0.537757, 0.8431, 0.0, 0.0, 0.0, 0.0, 1.0],
                [1.0, 0.0, 0.0, 0.0, 0.0, 0.978098, 0.208145, 0.3, 0.0, -0.208145, 0.978098, 0.0, 0.0, 0.0, 0.0, 1.0]
            ]
        },
        {
            "name": "Head",
            "time": [0.0, 0.2167, 0.3833, 0.6, 0.7667],
            "transform": [
                [1.0, 0.0, 0.0, 0.0, 0.0, 0.754687, -0.656084, 0.4, 0.0, 0.656084, 0.754687, -0.0, 0.0, 0.0, 0.0, 1.0],
                [1.0, 0.0, 0.0, 0.0, 0.0, 0.536012, -0.84421, 0.4, 0.0, 0.84421, 0.536012, -0.0, 0.0, 0.0, 0.0, 1.0],
                [1.0, 0.0, 0.0, 0.0, 0.0, 0.715328, -0.698789, 0.4, 0.0, 0.698789, 0.715328, 0.0, 0.0, 0.0, 0.0, 1.0],
                [1.0, 0.0, 0.0, 0.0, 0.0, 0.536012, -0.84421, 0.4, 0.0, 0.84421, 0.536012, -0.0, 0.0, 0.0, 0.0, 1.0],
                [1.0, 0.0, 0.0, 0.0, 0.0, 0.754687, -0.656084, 0.4, 0.0, 0.656084, 0.754687, -0.0, 0.0, 0.0, 0.0, 1.0]
            ]
        },
        {
            "name": "Shoulder_R",
            "time": [0.0, 0.7667],
            "transform": [
                [-0.448021, 0.692006, 0.566042, 0.0, 0.147518, -0.567241, 0.810232, 0.4, 0.881768, 0.446502, 0.152053, -0.0, 0.0, 0.0, 0.0, 1.0],
                [-0.448021, 0.692006, 0.566042, 0.0, 0.147518, -0.567241, 0.810232, 0.4, 0.881768, 0.446502, 0.152053, -0.0, 0.0, 0.0, 0.0, 1.0]
            ]
        },
        {
            "name": "Arm_R",
            "time": [0.0, 0.7667],
            "transform": [
                [0.159873, -0.801906, 0.575662, -0.0, 0.986903, 0.142561, -0.075493, 0.393861, -0.021529, 0.580192, 0.814195, -0.0, 0.0, 0.0, 0.0, 1.0],
                [0.159873, -0.801906, 0.575662, -0.0, 0.986903, 0.142561, -0.075493, 0.393861, -0.021529, 0.580192, 0.814195, -0.0, 0.0, 0.0, 0.0, 1.0]
            ]
        },
        {
            "name": "Hand_R",
            "time": [0.0, 0.7667],
            "transform": [
                [0.999439, -0.019906, 0.026919, -0.0, 0.025419, -0.072086, -0.997074, 0.3, 0.021788, 0.9972, -0.071539, -0.0, 0.0, 0.0, 0.0, 1.0],
                [0.999439, -0.019906, 0.026919, -0.0, 0.025419, -0.072086, -0.997074, 0.3, 0.021788, 0.9972, -0.071539, -0.0, 0.0, 0.0, 0.0, 1.0]
            ]
        },
        {
            "name": "Tool_R",
            "time": [0.0, 0.7667],
            "transform": [
                [1.0, 0.0, 0.0, 0.0, 0.0, -0.999836, 0.018122, 0.272858, 0.0, -0.018122, -0.999244, -0.0, 0.0, 0.0, 0.0, 1.0],
                [1.0, 0.0, 0.0, 0.0, 0.0, -0.999836, 0.018122, 0.272858, 0.0, -0.018122, -0.999244, -0.0, 0.0, 0.0, 0.0, 1.0]
            ]
        },
        {
            "name": "Elbow_R",
            "time": [0.0, 0.7667],
            "transform": [
                [-1.0, 0.0, 0.0, -0.001666, 0.0, 0.696522, -0.717535, 0.35261, -0.0, -0.717535, -0.696522, -0.002774, 0.0, 0.0, 0.0, 1.0],
                [-1.0, 0.0, 0.0, -0.001666, 0.0, 0.696522, -0.717535, 0.35261, -0.0, -0.717535, -0.696522, -0.002774, 0.0, 0.0, 0.0, 1.0]
            ]
        },
        {
            "name": "Shoulder_L",
            "time": [0.0, 0.7667],
            "transform": [
                [0.075327, -0.971445, -0.224991, 0.0, -0.057369, -0.22948, 0.971621, 0.4, -0.995507, -0.060282, -0.073017, -0.0, 0.0, 0.0, 0.0, 1.0],
                [0.075327, -0.971445, -0.224991, 0.0, -0.057369, -0.22948, 0.971621, 0.4, -0.995507, -0.060282, -0.073017, -0.0, 0.0, 0.0, 0.0, 1.0]
            ]
        },
        {
            "name": "Arm_L",
            "time": [0.0, 0.2167, 0.3833, 0.6, 0.7667],
            "transform": [
                [-0.176069, 0.703504, 0.688536, 0.0, -0.607576, 0.472667, -0.638308, 0.39386, -0.7745, -0.530725, 0.34421, -0.0, 0.0, 0.0, 0.0, 1.0],
                [0.158121, 0.893597, 0.420099, 0.0, -0.531859, 0.435536, -0.726247, 0.39386, -0.83194, -0.108599, 0.544135, -0.0, 0.0, 0.0, 0.0, 1.0],
                [-0.176069, 0.703504, 0.688536, -0.0, -0.607577, 0.472667, -0.638308, 0.39386, -0.7745, -0.530725, 0.34421, 0.0, 0.0, 0.0, 0.0, 1.0],
                [0.158121, 0.893597, 0.420099, 0.0, -0.531859, 0.435536, -0.726247, 0.39386, -0.83194, -0.108599, 0.544135, -0.0, 0.0, 0.0, 0.0, 1.0],
                [-0.176069, 0.703504, 0.688536, 0.0, -0.607576, 0.472667, -0.638308, 0.39386, -0.7745, -0.530725, 0.34421, -0.0, 0.0, 0.0, 0.0, 1.0]
            ]
        },
        {
            "name": "Hand_L",
            "time": [0.0, 0.7667],
            "transform": [
                [0.999802, -0.015792, 0.012103, -0.0, 0.019896, 0.800686, -0.598754, 0.3, -0.000235, 0.598876, 0.800842, -0.0, 0.0, 0.0, 0.0, 1.0],
                [0.999802, -0.015792, 0.012103, -0.0, 0.019896, 0.800686, -0.598754, 0.3, -0.000235, 0.598876, 0.800842, -0.0, 0.0, 0.0, 0.0, 1.0]
            ]
        },
        {
            "name": "Tool_L",
            "time": [0.0, 0.7667],
            "transform": [
                [0.0, 0.0, 0.0, -0.0, 0.0, 0.0, 0.0, 0.272858, 0.0, 0.0, 0.0, 0.0, 0.0, 0.0, 0.0, 1.0],
                [0.0, 0.0, 0.0, -0.0, 0.0, 0.0, 0.0, 0.272858, 0.0, 0.0, 0.0, 0.0, 0.0, 0.0, 0.0, 1.0]
            ]
        },
        {
            "name": "Elbow_L",
            "time": [0.0, 0.7667],
            "transform": [
                [-1.0, 0.0, -0.0, -0.001234, 0.0, -0.077593, -0.996985, 0.352014, -0.0, -0.996985, 0.077593, -0.000262, 0.0, 0.0, 0.0, 1.0],
                [-1.0, 0.0, -0.0, -0.001234, 0.0, -0.077593, -0.996985, 0.352014, -0.0, -0.996985, 0.077593, -0.000262, 0.0, 0.0, 0.0, 1.0]
            ]
        }
    ]
}