{
    
    "animation": [
        {
            "name": "Root",
            "time": [0.0, 0.15, 0.2833, 0.45, 0.7333],
            "transform": [
                [0.885373, 0.0, 0.464882, -5e-06, 0.464882, 0.0, -0.885373, 0.000946, 0.0, 1.0, 0.0, 0.755725, 0.0, 0.0, 0.0, 1.0],
                [0.788169, 0.016909, -0.615227, 0.150668, -0.578565, -0.320537, -0.750012, 0.501229, -0.209885, 0.947085, -0.242854, 0.796471, 0.0, 0.0, 0.0, 1.0],
                [0.788169, 0.016909, -0.615227, 0.150668, -0.578565, -0.320537, -0.750012, 0.501229, -0.209885, 0.947085, -0.242854, 0.796471, 0.0, 0.0, 0.0, 1.0],
                [0.788169, 0.016909, -0.615227, 0.168558, -0.578565, -0.320537, -0.750012, 1.200816, -0.209885, 0.947085, -0.242854, 0.741521, 0.0, 0.0, 0.0, 1.0],
                [0.788169, 0.016909, -0.615227, 0.168558, -0.578565, -0.320537, -0.750012, 1.200816, -0.209885, 0.947085, -0.242854, 0.741521, 0.0, 0.0, 0.0, 1.0]
            ]
        },
        {
            "name": "Thigh_R",
            "time": [0.0, 0.15, 0.2833, 0.45, 0.7333],
            "transform": [
                [0.867241, 0.196843, 0.457324, 0.124994, -0.010013, -0.911445, 0.411296, -0.002831, 0.497787, -0.361271, -0.788474, -1.2e-05, 0.0, 0.0, 0.0, 1.0],
                [0.765579, 0.097097, 0.635972, 0.124994, 0.178672, -0.981744, -0.065196, -0.002831, 0.618033, 0.163543, -0.768953, -1.2e-05, 0.0, 0.0, 0.0, 1.0],
                [0.775162, 0.141474, 0.615719, 0.124994, 0.165639, -0.986019, 0.018027, -0.002831, 0.609662, 0.088013, -0.78776, -1.2e-05, 0.0, 0.0, 0.0, 1.0],
                [0.616148, 0.462747, 0.637359, 0.124994, 0.637343, -0.768373, -0.058263, -0.002831, 0.462769, 0.442115, -0.768361, -1.2e-05, 0.0, 0.0, 0.0, 1.0],
                [0.676735, 0.368514, 0.637359, 0.124994, 0.519192, -0.852668, -0.058263, -0.002831, 0.521986, 0.37034, -0.768361, -1.2e-05, 0.0, 0.0, 0.0, 1.0]
            ]
        },
        {
            "name": "Leg_R",
            "time": [0.0, 0.15, 0.2833, 0.7333],
            "transform": [
                [1.0, -1e-06, 2e-06, -0.0, -0.0, 0.926377, 0.376598, 0.37472, -2e-06, -0.376598, 0.926376, 0.0, 0.0, 0.0, 0.0, 1.0],
                [1.0, -0.0, 2e-06, -0.0, -0.0, 0.984742, 0.174024, 0.37472, -2e-06, -0.174025, 0.98474, 0.0, 0.0, 0.0, 0.0, 1.0],
                [1.0, -0.0, 2e-06, -0.0, -0.0, 0.984742, 0.174024, 0.37472, -2e-06, -0.174025, 0.98474, 0.0, 0.0, 0.0, 0.0, 1.0],
                [1.0, -0.0, 2e-06, 0.0, -0.0, 0.984742, 0.174024, 0.37472, -2e-06, -0.174025, 0.984741, -0.0, 0.0, 0.0, 0.0, 1.0]
            ]
        },
        {
            "name": "Knee_R",
            "time": [0.0, 0.2833, 0.7333],
            "transform": [
                [1.0, 0.0, -0.0, -0.0, -0.0, 1e-06, -1.0, 0.37472, -0.0, 1.0, 1e-06, 0.0, 0.0, 0.0, 0.0, 1.0],
                [1.0, 0.0, -0.0, -0.0, -0.0, 1e-06, -1.0, 0.37472, -0.0, 1.0, 1e-06, 0.0, 0.0, 0.0, 0.0, 1.0],
                [1.0, 0.0, -0.0, 0.0, -0.0, 1e-06, -1.0, 0.37472, -0.0, 1.0, 1e-06, -0.0, 0.0, 0.0, 0.0, 1.0]
            ]
        },
        {
            "name": "Thigh_L",
            "time": [0.0, 0.15, 0.2833, 0.45, 0.7333],
            "transform": [
                [0.970002, -0.090553, 0.2256, -0.125006, -0.110969, -0.990639, 0.079498, -0.002831, 0.216289, -0.102147, -0.970971, -1.2e-05, 0.0, 0.0, 0.0, 1.0],
                [0.752733, 0.270567, 0.600154, -0.125006, -0.658149, 0.288249, 0.695522, -0.002831, 0.015192, -0.918535, 0.395048, -1.2e-05, 0.0, 0.0, 0.0, 1.0],
                [0.714226, 0.466072, 0.522167, -0.125006, -0.697816, 0.531906, 0.479717, -0.002831, -0.054161, -0.707003, 0.705133, -1.2e-05, 0.0, 0.0, 0.0, 1.0],
                [0.608348, -0.631062, 0.481324, -0.125006, -0.77133, -0.327219, 0.545873, -0.002831, -0.186981, -0.703341, -0.68582, -1.2e-05, 0.0, 0.0, 0.0, 1.0],
                [0.727417, -0.515573, 0.452823, -0.125006, -0.564595, -0.074641, 0.821985, -0.002831, -0.389994, -0.853588, -0.345386, -1.2e-05, 0.0, 0.0, 0.0, 1.0]
            ]
        },
        {
            "name": "Leg_L",
            "time": [0.0, 0.15, 0.2833, 0.45, 0.7333],
            "transform": [
                [1.0, -1e-06, 0.0, -0.0, 0.0, 0.719376, 0.694621, 0.37472, -1e-06, -0.69462, 0.719376, 0.0, 0.0, 0.0, 0.0, 1.0],
                [1.0, -1e-06, -1e-06, 0.0, 0.0, -0.492874, 0.8701, 0.37472, -1e-06, -0.8701, -0.492875, -0.0, 0.0, 0.0, 0.0, 1.0],
                [1.0, -1e-06, -1e-06, -0.0, 0.0, -0.340909, 0.940096, 0.37472, -1e-06, -0.940096, -0.340909, -0.0, 0.0, 0.0, 0.0, 1.0],
                [1.0, -0.0, 1e-06, 0.0, 0.0, 0.999276, 0.038046, 0.37472, -1e-06, -0.038046, 0.999276, -0.0, 0.0, 0.0, 0.0, 1.0],
                [1.0, -1e-06, 0.0, -0.0, 0.0, 0.426531, 0.904473, 0.37472, -1e-06, -0.904472, 0.426532, 0.0, 0.0, 0.0, 0.0, 1.0]
            ]
        },
        {
            "name": "Knee_L",
            "time": [0.0, 0.15, 0.2833, 0.45, 0.7333],
            "transform": [
                [1.0, 0.0, -0.0, -0.0, -0.0, 1e-06, -1.0, 0.37472, -0.0, 1.0, 1e-06, 0.0, 0.0, 0.0, 0.0, 1.0],
                [1.0, 0.0, 0.0, 0.0, -0.0, 0.829924, -0.557877, 0.37472, -0.0, 0.557877, 0.829924, -0.0, 0.0, 0.0, 0.0, 1.0],
                [1.0, 0.0, 0.0, -0.0, -0.0, 0.829924, -0.557877, 0.37472, -0.0, 0.557877, 0.829924, -0.0, 0.0, 0.0, 0.0, 1.0],
                [1.0, 0.0, -0.0, 0.0, -0.0, 0.127307, -0.991863, 0.37472, -0.0, 0.991863, 0.127307, -0.0, 0.0, 0.0, 0.0, 1.0],
                [1.0, 0.0, -0.0, -0.0, -0.0, 0.127307, -0.991863, 0.37472, -0.0, 0.991863, 0.127307, 0.0, 0.0, 0.0, 0.0, 1.0]
            ]
        },
        {
            "name": "Torso",
            "time": [0.0, 0.15, 0.2833, 0.45, 0.7333],
            "transform": [
                [0.981277, 0.019996, -0.191563, -0.0, -0.017548, 0.999741, 0.014471, 0.05, 0.191803, -0.010839, 0.981374, 0.0, 0.0, 0.0, 0.0, 1.0],
                [0.977818, -0.065317, -0.199014, 0.0, 0.087598, 0.990576, 0.105288, 0.05, 0.190261, -0.120386, 0.974324, 0.0, 0.0, 0.0, 0.0, 1.0],
                [0.977818, -0.065317, -0.199014, 0.0, 0.087598, 0.990576, 0.105288, 0.05, 0.190261, -0.120386, 0.974324, 0.0, 0.0, 0.0, 0.0, 1.0],
                [0.963414, 0.16473, -0.211417, -0.0, -0.21582, 0.94454, -0.247519, 0.05, 0.158918, 0.284092, 0.945535, 0.0, 0.0, 0.0, 0.0, 1.0],
                [0.981277, 0.019996, -0.191563, -0.0, -0.017548, 0.999741, 0.014471, 0.05, 0.191803, -0.010839, 0.981374, 0.0, 0.0, 0.0, 0.0, 1.0]
            ]
        },
        {
            "name": "Chest",
            "time": [0.0, 0.15, 0.2833, 0.45, 0.7333],
            "transform": [
                [0.999771, -0.021411, -0.000206, 0.0, 0.021411, 0.999586, 0.019228, 0.3, -0.000206, -0.019228, 0.999815, -0.0, 0.0, 0.0, 0.0, 1.0],
                [0.878732, -0.451188, -0.15575, -0.0, 0.477294, 0.827542, 0.295574, 0.3, -0.00447, -0.334069, 0.942538, 0.0, 0.0, 0.0, 0.0, 1.0],
                [0.878732, -0.451188, -0.15575, -0.0, 0.477294, 0.827542, 0.295574, 0.3, -0.00447, -0.334069, 0.942538, 0.0, 0.0, 0.0, 0.0, 1.0],
                [0.931081, -0.210804, -0.297743, -0.0, 0.232827, 0.97169, 0.040118, 0.3, 0.280857, -0.106675, 0.953803, -0.0, 0.0, 0.0, 0.0, 1.0],
                [0.914764, -0.26075, -0.308572, 0.0, 0.315663, 0.938012, 0.143146, 0.3, 0.252119, -0.22835, 0.940368, 0.0, 0.0, 0.0, 0.0, 1.0]
            ]
        },
        {
            "name": "Head",
            "time": [0.0, 0.15, 0.2833, 0.45, 0.7333],
            "transform": [
                [0.932993, -0.012968, -0.359661, -0.0, -0.011419, 0.997781, -0.065599, 0.4, 0.359713, 0.065311, 0.930774, -0.0, 0.0, 0.0, 0.0, 1.0],
                [0.420848, -0.107859, 0.900696, -0.0, 0.064696, 0.993946, 0.088797, 0.4, -0.904821, 0.020901, 0.425278, -0.0, 0.0, 0.0, 0.0, 1.0],
                [0.420848, -0.107859, 0.900696, -0.0, 0.064696, 0.993946, 0.088797, 0.4, -0.904821, 0.020901, 0.425278, -0.0, 0.0, 0.0, 0.0, 1.0],
                [0.434117, -0.017017, 0.900696, -0.0, -0.145609, 0.985349, 0.088797, 0.4, -0.889011, -0.169697, 0.425279, 0.0, 0.0, 0.0, 0.0, 1.0],
                [0.420848, -0.107859, 0.900696, -0.0, 0.064696, 0.993946, 0.088797, 0.4, -0.904821, 0.020901, 0.425278, -0.0, 0.0, 0.0, 0.0, 1.0]
            ]
        },
        {
            "name": "Shoulder_R",
            "time": [0.0, 0.15, 0.2833, 0.7333],
            "transform": [
                [-0.441108, 0.845319, 0.301428, -0.0, 0.161353, -0.255697, 0.953197, 0.4, 0.88283, 0.469099, -0.023605, -0.0, 0.0, 0.0, 0.0, 1.0],
                [0.343532, 0.889453, 0.301428, -0.0, -0.085475, -0.290017, 0.953197, 0.4, 0.935243, -0.353218, -0.023605, -0.0, 0.0, 0.0, 0.0, 1.0],
                [0.343532, 0.889453, 0.301428, -0.0, -0.085475, -0.290017, 0.953197, 0.4, 0.935243, -0.353218, -0.023605, -0.0, 0.0, 0.0, 0.0, 1.0],
                [0.343532, 0.889453, 0.301428, -0.0, -0.085474, -0.290017, 0.953197, 0.4, 0.935243, -0.353218, -0.023605, -0.0, 0.0, 0.0, 0.0, 1.0]
            ]
        },
        {
            "name": "Arm_R",
            "time": [0.0, 0.2833, 0.7333],
            "transform": [
                [0.514631, -0.811855, 0.275765, 0.0, 0.857176, 0.479611, -0.187676, 0.39386, 0.020106, 0.332963, 0.942726, 0.0, 0.0, 0.0, 0.0, 1.0],
                [0.514631, -0.811855, 0.275765, 0.0, 0.857176, 0.479611, -0.187676, 0.39386, 0.020106, 0.332963, 0.942726, 0.0, 0.0, 0.0, 0.0, 1.0],
                [0.514631, -0.811855, 0.275765, 0.0, 0.857176, 0.479611, -0.187676, 0.393861, 0.020106, 0.332963, 0.942726, -0.0, 0.0, 0.0, 0.0, 1.0]
            ]
        },
        {
            "name": "Hand_R",
            "time": [0.0, 0.2833, 0.7333],
            "transform": [
                [0.999985, 0.005282, -0.001708, 0.0, -0.00125, -0.08555, -0.996333, 0.3, -0.005409, 0.99632, -0.085542, 0.0, 0.0, 0.0, 0.0, 1.0],
                [0.999984, 0.005282, -0.001708, 0.0, -0.00125, -0.08555, -0.996333, 0.3, -0.005409, 0.99632, -0.085542, 0.0, 0.0, 0.0, 0.0, 1.0],
                [0.999985, 0.005282, -0.001708, -0.0, -0.00125, -0.08555, -0.996333, 0.3, -0.005409, 0.99632, -0.085542, 0.0, 0.0, 0.0, 0.0, 1.0]
            ]
        },
        {
            "name": "Tool_R",
            "time": [0.0, 0.15, 0.2833, 0.7333],
            "transform": [
                [1.0, 0.0, 0.0, 0.0, 0.0, -0.994404, -0.105643, 0.272858, 0.0, 0.10557, -0.993816, 0.0, 0.0, 0.0, 0.0, 1.0],
                [1.0, 0.0, 0.0, 0.0, 0.0, -0.999503, -0.031508, 0.272858, 0.0, 0.031478, -0.998912, -0.0, 0.0, 0.0, 0.0, 1.0],
                [1.0, 0.0, 0.0, 0.0, 0.0, -0.999503, -0.031508, 0.272858, 0.0, 0.031478, -0.998912, -0.0, 0.0, 0.0, 0.0, 1.0],
                [1.0, 0.0, 0.0, -0.0, 0.0, -0.999503, -0.031508, 0.272858, 0.0, 0.031478, -0.998912, -0.0, 0.0, 0.0, 0.0, 1.0]
            ]
        },
        {
            "name": "Elbow_R",
            "time": [0.0, 0.7333],
            "transform": [
                [-1.0, 0.0, 0.0, 0.0, 0.0, 0.701965, -0.712212, 0.3, -0.0, -0.712212, -0.701965, 0.0, 0.0, 0.0, 0.0, 1.0],
                [-1.0, 0.0, 0.0, -0.0, -0.0, 0.701965, -0.712212, 0.3, -0.0, -0.712212, -0.701965, 0.0, 0.0, 0.0, 0.0, 1.0]
            ]
        },
        {
            "name": "Shoulder_L",
            "time": [0.0, 0.15, 0.2833, 0.45, 0.7333],
            "transform": [
                [-0.194935, -0.933432, -0.301172, -0.0, -0.092838, -0.288124, 0.953082, 0.4, -0.976413, 0.213749, -0.030493, -0.0, 0.0, 0.0, 0.0, 1.0],
                [-0.194935, -0.976796, -0.088709, -0.0, -0.092838, -0.071662, 0.993099, 0.4, -0.976412, 0.201825, -0.076714, -0.0, 0.0, 0.0, 0.0, 1.0],
                [-0.194935, -0.976796, -0.088709, -0.0, -0.092838, -0.071662, 0.993099, 0.4, -0.976412, 0.201825, -0.076714, -0.0, 0.0, 0.0, 0.0, 1.0],
                [-0.597207, -0.797167, -0.088709, -0.0, -0.114669, -0.024607, 0.993099, 0.4, -0.793848, 0.603258, -0.076715, 0.0, 0.0, 0.0, 0.0, 1.0],
                [-0.548216, -0.831619, -0.088709, -0.0, -0.112982, -0.031454, 0.993099, 0.4, -0.82867, 0.554455, -0.076714, -0.0, 0.0, 0.0, 0.0, 1.0]
            ]
        },
        {
            "name": "Arm_L",
            "time": [0.0, 0.15, 0.2833, 0.45, 0.7333],
            "transform": [
                [-0.249318, 0.154501, 0.956018, 0.0, -0.75978, 0.58091, -0.292022, 0.39386, -0.600478, -0.79917, -0.027445, -0.0, 0.0, 0.0, 0.0, 1.0],
                [-0.066857, 0.285587, 0.956018, 0.0, -0.125853, 0.948095, -0.292022, 0.39386, -0.989793, -0.139841, -0.027445, -0.0, 0.0, 0.0, 0.0, 1.0],
                [-0.066858, 0.682903, 0.727443, 0.0, -0.125853, 0.71748, -0.685116, 0.39386, -0.989793, -0.137356, 0.037976, -0.0, 0.0, 0.0, 0.0, 1.0],
                [-0.333331, -0.433669, 0.837151, 0.0, -0.311025, 0.888805, 0.336585, 0.39386, -0.89003, -0.14818, -0.431148, -0.0, 0.0, 0.0, 0.0, 1.0],
                [0.019723, -0.377528, 0.925788, -0.0, -0.06319, 0.923646, 0.378001, 0.39386, -0.997807, -0.065956, -0.005639, 0.0, 0.0, 0.0, 0.0, 1.0]
            ]
        },
        {
            "name": "Hand_L",
            "time": [0.0, 0.2833, 0.7333],
            "transform": [
                [0.99932, -0.035435, 0.010227, -0.0, 0.03687, 0.966806, -0.25284, 0.3, -0.000928, 0.253045, 0.967454, -0.0, 0.0, 0.0, 0.0, 1.0],
                [0.99932, -0.032795, 0.016873, -0.0, 0.03687, 0.899849, -0.434642, 0.3, -0.000928, 0.434968, 0.900446, -0.0, 0.0, 0.0, 0.0, 1.0],
                [0.99932, -0.032795, 0.016873, -0.0, 0.03687, 0.899849, -0.434642, 0.3, -0.000928, 0.434968, 0.900446, -0.0, 0.0, 0.0, 0.0, 1.0]
            ]
        },
        {
            "name": "Tool_L",
            "time": [0.0, 0.2833, 0.7333],
            "transform": [
                [0.0, 0.0, 0.0, 0.0, 0.0, 0.0, 0.0, 0.272858, 0.0, 0.0, 0.0, 0.0, 0.0, 0.0, 0.0, 1.0],
                [0.0, 0.0, 0.0, 0.0, 0.0, 0.0, 0.0, 0.272858, 0.0, 0.0, 0.0, -0.0, 0.0, 0.0, 0.0, 1.0],
                [0.0, 0.0, 0.0, 0.0, 0.0, 0.0, 0.0, 0.272858, 0.0, 0.0, 0.0, -0.0, 0.0, 0.0, 0.0, 1.0]
            ]
        },
        {
            "name": "Elbow_L",
            "time": [0.0, 0.2833, 0.7333],
            "transform": [
                [-1.0, 0.0, -0.0, -0.0, 0.0, -0.0, -1.0, 0.3, -0.0, -1.0, -0.0, -0.0, 0.0, 0.0, 0.0, 1.0],
                [-1.0, 0.0, -0.0, -0.0, 0.0, -0.0, -1.0, 0.3, -0.0, -1.0, -0.0, -0.0, 0.0, 0.0, 0.0, 1.0],
                [-1.0, 0.0, -0.0, -0.0, 0.0, -0.0, -1.0, 0.3, -0.0, -1.0, -0.0, -0.0, 0.0, 0.0, 0.0, 1.0]
            ]
        }
    ]
}