{
    
    "animation": [
        {
            "name": "Root",
            "time": [0.0, 0.45, 0.6833, 1.25, 1.3667, 1.55, 1.95, 2.3333],
            "transform": [
                [0.78402, 0.0, 0.620736, -5e-06, 0.620736, 0.0, -0.78402, 0.000946, 0.0, 1.0, 0.0, 0.755725, 0.0, 0.0, 0.0, 1.0],
                [0.792763, 0.0, -0.60953, -0.03421, -0.60953, 0.0, -0.792763, -1.409961, 0.0, 1.0, 0.0, 0.715019, 0.0, 0.0, 0.0, 1.0],
                [0.792763, 0.0, -0.60953, -0.042668, -0.60953, 0.0, -0.792763, -1.483009, 0.0, 1.0, 0.0, 0.672187, 0.0, 0.0, 0.0, 1.0],
                [0.789959, -0.008925, -0.613094, -0.053143, -0.612387, -0.061641, -0.788151, -1.532125, -0.030757, 0.998058, -0.054159, 0.627492, 0.0, 0.0, 0.0, 1.0],
                [0.988921, 0.005287, -0.148346, -0.038846, -0.147938, -0.047025, -0.987878, -1.10731, -0.012199, 0.99888, -0.045722, 0.733161, 0.0, 0.0, 0.0, 1.0],
                [0.449944, 0.0, 0.893057, 0.017877, 0.893057, 0.0, -0.449944, 0.222819, 0.0, 1.0, 0.0, 0.632138, 0.0, 0.0, 0.0, 1.0],
                [0.449944, 0.0, 0.893057, 0.075722, 0.893057, 0.0, -0.449944, 0.492027, 0.0, 1.0, 0.0, 0.65967, 0.0, 0.0, 0.0, 1.0],
                [0.956269, 0.0, 0.292487, 0.083253, 0.292487, 0.0, -0.956269, 0.64798, 0.0, 1.0, 0.0, 0.703766, 0.0, 0.0, 0.0, 1.0]
            ]
        },
        {
            "name": "Thigh_R",
            "time": [0.0, 0.15, 0.45, 0.6833, 1.25, 1.3667, 1.55, 1.95, 2.3333],
            "transform": [
                [0.809972, 0.374976, 0.45093, 0.124994, 0.079156, -0.831751, 0.549474, -0.002831, 0.581102, -0.409364, -0.703378, -1.2e-05, 0.0, 0.0, 0.0, 1.0],
                [0.925513, 0.346015, 0.153944, 0.124994, 0.167254, -0.738144, 0.653581, -0.002831, 0.339782, -0.579149, -0.741036, -1.2e-05, 0.0, 0.0, 0.0, 1.0],
                [0.839996, 0.216229, -0.497645, 0.124994, 0.0418, -0.940223, -0.337978, -0.002831, -0.54098, 0.263099, -0.798824, -1.2e-05, 0.0, 0.0, 0.0, 1.0],
                [0.839996, 0.248847, -0.482163, 0.124994, 0.0418, -0.915664, -0.399761, -0.002831, -0.540979, 0.315643, -0.779558, -1.2e-05, 0.0, 0.0, 0.0, 1.0],
                [0.839996, 0.276443, -0.466889, 0.124994, 0.0418, -0.890889, -0.452291, -0.002831, -0.540979, 0.360406, -0.7599, -1.2e-05, 0.0, 0.0, 0.0, 1.0],
                [0.954912, 0.206243, -0.213555, 0.124994, 0.280435, -0.862733, 0.420767, -0.002831, -0.097461, -0.461683, -0.881674, -1.2e-05, 0.0, 0.0, 0.0, 1.0],
                [0.391298, 0.675565, 0.624897, 0.124994, 0.018995, -0.684824, 0.72846, -0.002831, 0.920068, -0.273174, -0.280803, -1.2e-05, 0.0, 0.0, 0.0, 1.0],
                [0.774996, 0.412351, 0.478901, 0.124994, 0.09373, -0.824413, 0.558171, -0.002831, 0.624976, -0.387692, -0.677569, -1.2e-05, 0.0, 0.0, 0.0, 1.0],
                [0.974597, 0.135545, 0.178293, 0.124994, 0.061257, -0.927037, 0.369927, -0.002831, 0.215427, -0.349607, -0.911793, -1.2e-05, 0.0, 0.0, 0.0, 1.0]
            ]
        },
        {
            "name": "Leg_R",
            "time": [0.0, 0.15, 0.45, 1.25, 1.3667, 1.55, 1.95, 2.3333],
            "transform": [
                [1.0, -1e-06, 2e-06, -0.0, -0.0, 0.926377, 0.376598, 0.37472, -2e-06, -0.376598, 0.926376, -0.0, 0.0, 0.0, 0.0, 1.0],
                [1.0, -2e-06, 0.0, 0.0, -0.0, 0.050711, 0.998713, 0.37472, -2e-06, -0.998714, 0.050711, -0.0, 0.0, 0.0, 0.0, 1.0],
                [1.0, 0.0, 2e-06, 0.0, -0.0, 0.982103, 0.188351, 0.37472, -1e-06, -0.188351, 0.982101, -0.0, 0.0, 0.0, 0.0, 1.0],
                [1.0, -1e-06, 2e-06, 0.0, -0.0, 0.926377, 0.376598, 0.37472, -2e-06, -0.376598, 0.926376, 0.0, 0.0, 0.0, 0.0, 1.0],
                [1.0, -2e-06, -1e-06, -0.0, -0.0, -0.372192, 0.928155, 0.37472, -2e-06, -0.928157, -0.372191, 0.0, 0.0, 0.0, 0.0, 1.0],
                [1.0, -1e-06, 2e-06, -0.0, -0.0, 0.926378, 0.376598, 0.37472, -2e-06, -0.376598, 0.926376, -0.0, 0.0, 0.0, 0.0, 1.0],
                [1.0, -1e-06, 1e-06, -0.0, -0.0, 0.772331, 0.635221, 0.37472, -2e-06, -0.635222, 0.772329, -0.0, 0.0, 0.0, 0.0, 1.0],
                [1.0, -1e-06, 2e-06, -0.0, -0.0, 0.920015, 0.391884, 0.37472, -2e-06, -0.391885, 0.920014, 0.0, 0.0, 0.0, 0.0, 1.0]
            ]
        },
        {
            "name": "Knee_R",
            "time": [0.0, 1.25, 1.3667, 1.55, 1.95, 2.3333],
            "transform": [
                [1.0, 0.0, -0.0, -0.0, -0.0, 1e-06, -1.0, 0.37472, -0.0, 1.0, 1e-06, -0.0, 0.0, 0.0, 0.0, 1.0],
                [1.0, 0.0, -0.0, 0.0, -0.0, 1e-06, -1.0, 0.37472, -0.0, 1.0, 1e-06, 0.0, 0.0, 0.0, 0.0, 1.0],
                [1.0, 0.0, -0.0, -0.0, -0.0, 0.76933, -0.638852, 0.37472, -0.0, 0.638852, 0.76933, 0.0, 0.0, 0.0, 0.0, 1.0],
                [1.0, 0.0, -0.0, -0.0, -0.0, 1e-06, -1.0, 0.37472, -0.0, 1.0, 1e-06, -0.0, 0.0, 0.0, 0.0, 1.0],
                [1.0, 0.0, -0.0, -0.0, -0.0, 1e-06, -1.0, 0.37472, -0.0, 1.0, 1e-06, -0.0, 0.0, 0.0, 0.0, 1.0],
                [1.0, 0.0, -0.0, -0.0, -0.0, 1e-06, -1.0, 0.37472, -0.0, 1.0, 1e-06, 0.0, 0.0, 0.0, 0.0, 1.0]
            ]
        },
        {
            "name": "Thigh_L",
            "time": [0.0, 0.45, 0.6833, 1.25, 1.3667, 1.55, 1.95, 2.3333],
            "transform": [
                [0.805045, -0.090254, 0.586306, -0.125006, -0.08102, -0.995825, -0.042046, -0.002831, 0.587653, -0.013653, -0.808997, -1.2e-05, 0.0, 0.0, 0.0, 1.0],
                [0.799732, -0.311995, -0.51292, -0.125006, -0.014307, -0.864021, 0.503252, -0.002831, -0.600186, -0.395128, -0.695449, -1.2e-05, 0.0, 0.0, 0.0, 1.0],
                [0.799732, -0.346646, -0.490169, -0.125006, -0.014307, -0.827235, 0.561674, -0.002831, -0.600186, -0.442176, -0.666525, -1.2e-05, 0.0, 0.0, 0.0, 1.0],
                [0.799732, -0.440511, -0.407896, -0.125006, -0.014307, -0.693213, 0.72059, -0.002831, -0.600186, -0.570443, -0.560687, -1.2e-05, 0.0, 0.0, 0.0, 1.0],
                [0.996868, -0.072661, -0.03119, -0.125006, -0.04994, -0.884369, 0.46411, -0.002831, -0.061307, -0.461099, -0.885228, -1.2e-05, 0.0, 0.0, 0.0, 1.0],
                [0.441945, -0.387491, 0.809033, -0.125006, -0.052332, -0.911491, -0.407977, -0.002831, 0.895513, 0.137965, -0.423107, -1.2e-05, 0.0, 0.0, 0.0, 1.0],
                [0.441945, -0.32728, 0.835208, -0.125006, -0.052332, -0.93889, -0.340216, -0.002831, 0.895514, 0.106649, -0.432065, -1.2e-05, 0.0, 0.0, 0.0, 1.0],
                [0.953974, -0.223255, 0.200225, -0.125006, -0.228413, -0.973561, 0.002737, -0.002831, 0.19432, -0.048344, -0.979746, -1.2e-05, 0.0, 0.0, 0.0, 1.0]
            ]
        },
        {
            "name": "Leg_L",
            "time": [0.0, 1.25, 1.55, 1.95, 2.3333],
            "transform": [
                [1.0, -1e-06, 1e-06, 0.0, 0.0, 0.917738, 0.397187, 0.37472, -1e-06, -0.397187, 0.917738, -0.0, 0.0, 0.0, 0.0, 1.0],
                [1.0, -1e-06, 0.0, -0.0, 0.0, 0.784179, 0.620534, 0.37472, -1e-06, -0.620534, 0.78418, -0.0, 0.0, 0.0, 0.0, 1.0],
                [1.0, -1e-06, 1e-06, 0.0, 0.0, 0.917737, 0.397187, 0.37472, -1e-06, -0.397187, 0.917738, -0.0, 0.0, 0.0, 0.0, 1.0],
                [1.0, -1e-06, 1e-06, 0.0, 0.0, 0.917737, 0.397187, 0.37472, -1e-06, -0.397187, 0.917738, -0.0, 0.0, 0.0, 0.0, 1.0],
                [1.0, -0.0, 1e-06, 0.0, 0.0, 0.917738, 0.397187, 0.37472, -1e-06, -0.397187, 0.917738, 0.0, 0.0, 0.0, 0.0, 1.0]
            ]
        },
        {
            "name": "Knee_L",
            "time": [0.0, 1.25, 1.55, 1.95, 2.3333],
            "transform": [
                [1.0, 0.0, -0.0, 0.0, -0.0, 1e-06, -1.0, 0.37472, -0.0, 1.0, 1e-06, -0.0, 0.0, 0.0, 0.0, 1.0],
                [1.0, 0.0, -0.0, -0.0, -0.0, 1e-06, -1.0, 0.37472, -0.0, 1.0, 1e-06, -0.0, 0.0, 0.0, 0.0, 1.0],
                [1.0, 0.0, -0.0, 0.0, -0.0, 1e-06, -1.0, 0.37472, -0.0, 1.0, 1e-06, -0.0, 0.0, 0.0, 0.0, 1.0],
                [1.0, 0.0, -0.0, 0.0, -0.0, 1e-06, -1.0, 0.37472, -0.0, 1.0, 1e-06, -0.0, 0.0, 0.0, 0.0, 1.0],
                [1.0, 0.0, -0.0, 0.0, -0.0, 1e-06, -1.0, 0.37472, -0.0, 1.0, 1e-06, 0.0, 0.0, 0.0, 0.0, 1.0]
            ]
        },
        {
            "name": "Torso",
            "time": [0.0, 1.25, 1.3667, 1.55, 1.95, 2.3333],
            "transform": [
                [0.981277, 0.019996, -0.191563, -0.0, -0.017548, 0.999741, 0.014471, 0.05, 0.191803, -0.010839, 0.981374, 0.0, 0.0, 0.0, 0.0, 1.0],
                [0.981277, 0.019996, -0.191563, 0.0, -0.017548, 0.999741, 0.014471, 0.05, 0.191803, -0.010839, 0.981374, 0.0, 0.0, 0.0, 0.0, 1.0],
                [0.994485, 0.019996, 0.102959, 0.0, -0.021005, 0.999741, 0.008724, 0.05, -0.102758, -0.010839, 0.994647, 0.0, 0.0, 0.0, 0.0, 1.0],
                [0.942695, 0.306373, 0.132138, 0.0, -0.319161, 0.943471, 0.089436, 0.05, -0.097268, -0.126485, 0.987188, 0.0, 0.0, 0.0, 0.0, 1.0],
                [0.983538, 0.161653, 0.080755, 0.0, -0.168826, 0.981371, 0.091699, 0.05, -0.064427, -0.103823, 0.992507, 0.0, 0.0, 0.0, 0.0, 1.0],
                [0.99921, 0.022273, 0.032912, 0.0, -0.025052, 0.995929, 0.086589, 0.05, -0.030849, -0.087345, 0.9957, 0.0, 0.0, 0.0, 0.0, 1.0]
            ]
        },
        {
            "name": "Chest",
            "time": [0.0, 0.45, 1.25, 1.3667, 1.55, 1.7, 1.95, 2.3333],
            "transform": [
                [0.999771, -0.021411, -0.000206, -0.0, 0.021411, 0.999586, 0.019228, 0.3, -0.000206, -0.019228, 0.999815, -0.0, 0.0, 0.0, 0.0, 1.0],
                [0.970013, -0.021411, -0.242109, -0.0, 0.025428, 0.999586, 0.013476, 0.3, 0.24172, -0.019228, 0.970156, 0.0, 0.0, 0.0, 0.0, 1.0],
                [0.970013, -0.021411, -0.242109, -0.0, 0.025428, 0.999586, 0.013476, 0.3, 0.24172, -0.019228, 0.970156, -0.0, 0.0, 0.0, 0.0, 1.0],
                [0.732451, -0.023409, -0.680417, 0.0, 0.028939, 0.999576, -0.003237, 0.3, 0.680205, -0.017319, 0.732818, -0.0, 0.0, 0.0, 0.0, 1.0],
                [0.540296, 0.309338, 0.782554, -0.0, -0.279866, 0.943095, -0.179572, 0.3, -0.793571, -0.121988, 0.596124, 0.0, 0.0, 0.0, 0.0, 1.0],
                [0.638089, 0.21066, 0.740584, -0.0, -0.193551, 0.974844, -0.110532, 0.3, -0.745239, -0.072811, 0.662811, -0.0, 0.0, 0.0, 0.0, 1.0],
                [0.767208, 0.150051, 0.6236, -0.0, -0.200241, 0.979689, 0.010621, 0.3, -0.60934, -0.133019, 0.781672, 0.0, 0.0, 0.0, 0.0, 1.0],
                [0.966445, 0.150051, 0.208491, -0.0, -0.173715, 0.979689, 0.100162, 0.3, -0.189227, -0.133019, 0.972882, 0.0, 0.0, 0.0, 0.0, 1.0]
            ]
        },
        {
            "name": "Head",
            "time": [0.0, 0.45, 1.25, 1.55, 1.95, 2.3333],
            "transform": [
                [0.892318, -0.012968, -0.45122, 0.0, -0.017926, 0.997781, -0.064127, 0.4, 0.451051, 0.065311, 0.890106, 0.0, 0.0, 0.0, 0.0, 1.0],
                [0.588462, -0.012968, 0.808421, 0.0, 0.060423, 0.997781, -0.027977, 0.4, -0.806264, 0.065311, 0.58794, 0.0, 0.0, 0.0, 0.0, 1.0],
                [0.588462, -0.123122, 0.799096, -0.0, 0.060423, 0.992271, 0.108389, 0.4, -0.806264, -0.015499, 0.591353, -0.0, 0.0, 0.0, 0.0, 1.0],
                [0.257638, -0.012968, -0.966155, 0.0, -0.059777, 0.997781, -0.029333, 0.4, 0.964391, 0.065311, 0.256291, 0.0, 0.0, 0.0, 0.0, 1.0],
                [0.622868, -0.020615, -0.782056, -0.0, 0.015442, 0.999782, -0.014056, 0.4, 0.782175, -0.003321, 0.62305, -0.0, 0.0, 0.0, 0.0, 1.0],
                [0.868923, -0.05196, -0.492213, -0.0, 0.074513, 0.996873, 0.026305, 0.4, 0.489307, -0.059534, 0.870077, -0.0, 0.0, 0.0, 0.0, 1.0]
            ]
        },
        {
            "name": "Shoulder_R",
            "time": [0.0, 1.25, 1.3667, 1.55, 1.95, 2.3333],
            "transform": [
                [0.089555, 0.949274, 0.301428, 0.0, -0.003656, -0.302328, 0.953197, 0.4, 0.995975, -0.086466, -0.023605, 0.0, 0.0, 0.0, 0.0, 1.0],
                [0.089555, 0.949274, 0.301428, -0.0, -0.003656, -0.302328, 0.953197, 0.4, 0.995975, -0.086466, -0.023605, -0.0, 0.0, 0.0, 0.0, 1.0],
                [0.016083, 0.953353, 0.301428, 0.0, 0.01967, -0.30171, 0.953197, 0.4, 0.999677, -0.009401, -0.023605, 0.0, 0.0, 0.0, 0.0, 1.0],
                [0.417523, 0.857214, 0.301428, 0.0, -0.109695, -0.28175, 0.953197, 0.4, 0.902021, -0.431047, -0.023605, 0.0, 0.0, 0.0, 0.0, 1.0],
                [0.162649, 0.939514, 0.301428, -0.0, -0.027009, -0.301142, 0.953197, 0.4, 0.986314, -0.163178, -0.023605, -0.0, 0.0, 0.0, 0.0, 1.0],
                [-0.086921, 0.949519, 0.301428, -0.0, 0.052123, -0.297824, 0.953197, 0.4, 0.994851, 0.098565, -0.023605, -0.0, 0.0, 0.0, 0.0, 1.0]
            ]
        },
        {
            "name": "Arm_R",
            "time": [0.0, 0.45, 0.6833, 1.25, 1.3667, 1.45, 1.55, 1.7667, 1.95, 2.3333],
            "transform": [
                [0.134248, 0.001401, -0.990947, -0.0, 0.904713, 0.407837, 0.123142, 0.39386, 0.404317, -0.913054, 0.053483, 0.0, 0.0, 0.0, 0.0, 1.0],
                [0.950826, 0.109395, 0.289764, 0.0, -0.163882, 0.971552, 0.170966, 0.39386, -0.262818, -0.210046, 0.941704, -0.0, 0.0, 0.0, 0.0, 1.0],
                [0.849089, 0.148124, 0.507057, 0.0, -0.203617, 0.977481, 0.055418, 0.39386, -0.48743, -0.1503, 0.860129, -0.0, 0.0, 0.0, 0.0, 1.0],
                [0.849089, 0.148124, 0.507057, -0.0, -0.203617, 0.977481, 0.055418, 0.39386, -0.48743, -0.1503, 0.860129, -0.0, 0.0, 0.0, 0.0, 1.0],
                [0.562053, 0.166477, 0.810174, -0.0, -0.129006, 0.985191, -0.112943, 0.393861, -0.816979, -0.041037, 0.575206, 0.0, 0.0, 0.0, 0.0, 1.0],
                [0.162781, -0.783343, 0.599896, 0.0, 0.503082, 0.588929, 0.632511, 0.39386, -0.84877, 0.198836, 0.489952, -0.0, 0.0, 0.0, 0.0, 1.0],
                [0.42413, -0.905551, -0.009563, -0.0, 0.368012, 0.162697, 0.915477, 0.39386, -0.827455, -0.3918, 0.402258, -0.0, 0.0, 0.0, 0.0, 1.0],
                [0.42413, -0.891661, -0.158283, -0.0, 0.368012, 0.010002, 0.929767, 0.393861, -0.827455, -0.452592, 0.332384, 0.0, 0.0, 0.0, 0.0, 1.0],
                [0.622371, -0.667282, -0.409132, -0.0, 0.556122, 0.009148, 0.831051, 0.393861, -0.550803, -0.744749, 0.376783, -0.0, 0.0, 0.0, 0.0, 1.0],
                [0.579078, 0.072449, -0.812046, 0.0, 0.66606, 0.532345, 0.522469, 0.39386, 0.470141, -0.843422, 0.260014, -0.0, 0.0, 0.0, 0.0, 1.0]
            ]
        },
        {
            "name": "Hand_R",
            "time": [0.0, 1.25, 1.55, 1.95, 2.3333],
            "transform": [
                [0.999984, 0.001325, 0.005391, 0.0, -0.00125, 0.999903, -0.013885, 0.3, -0.005409, 0.013878, 0.999889, 0.0, 0.0, 0.0, 0.0, 1.0],
                [0.999985, 0.001325, 0.005391, -0.0, -0.00125, 0.999903, -0.013885, 0.3, -0.005409, 0.013878, 0.999889, -0.0, 0.0, 0.0, 0.0, 1.0],
                [0.999985, 0.001325, 0.005391, -0.0, -0.00125, 0.999903, -0.013885, 0.3, -0.005409, 0.013878, 0.999889, -0.0, 0.0, 0.0, 0.0, 1.0],
                [0.999985, 0.003768, 0.004077, -0.0, -0.00125, 0.868336, -0.495975, 0.3, -0.005409, 0.495962, 0.868327, 0.0, 0.0, 0.0, 0.0, 1.0],
                [0.999985, 0.003768, 0.004077, 0.0, -0.00125, 0.868336, -0.495975, 0.3, -0.005409, 0.495962, 0.868327, -0.0, 0.0, 0.0, 0.0, 1.0]
            ]
        },
        {
            "name": "Tool_R",
            "time": [0.0, 0.45, 1.25, 1.7167, 1.95, 2.3333],
            "transform": [
                [1.0, -0.0, 0.0, -0.0, 0.0, -0.944043, -0.329823, 0.272858, 0.0, 0.329618, -0.943487, 0.0, 0.0, 0.0, 0.0, 1.0],
                [1.0, 0.0, 0.0, 0.0, 0.0, -0.944043, -0.329823, 0.272858, 0.0, 0.329618, -0.943487, 0.0, 0.0, 0.0, 0.0, 1.0],
                [2.0, -0.0, 0.0, 0.116305, 0.0, -1.888085, -0.659646, 0.451768, 0.0, 0.659235, -1.886975, 0.049725, 0.0, 0.0, 0.0, 1.0],
                [2.0, 0.0, 0.0, 0.052079, 0.0, -1.888085, -0.659646, 0.452801, 0.0, 0.659235, -1.886975, 0.049364, 0.0, 0.0, 0.0, 1.0],
                [1.0, -0.0, 0.0, 0.005582, 0.0, -0.560483, -0.828166, 0.272858, 0.0, 0.82767, -0.56016, 0.0, 0.0, 0.0, 0.0, 1.0],
                [1.0, -0.0, 0.0, 0.0, 0.0, -0.805828, -0.592149, 0.272858, 0.0, 0.59179, -0.805358, -0.0, 0.0, 0.0, 0.0, 1.0]
            ]
        },
        {
            "name": "Elbow_R",
            "time": [0.0, 1.25, 1.55, 1.95, 2.3333],
            "transform": [
                [-1.0, 0.0, -0.0, 0.0, 0.0, -0.0, -1.0, 0.3, -0.0, -1.0, 0.0, 0.0, 0.0, 0.0, 0.0, 1.0],
                [-1.0, 0.0, -0.0, -0.0, 0.0, -0.0, -1.0, 0.3, -0.0, -1.0, 0.0, -0.0, 0.0, 0.0, 0.0, 1.0],
                [-1.0, 0.0, -0.0, -0.0, 0.0, -0.0, -1.0, 0.3, -0.0, -1.0, 0.0, -0.0, 0.0, 0.0, 0.0, 1.0],
                [-1.0, 0.0, -0.0, -0.0, 0.0, -0.0, -1.0, 0.3, -0.0, -1.0, 0.0, 0.0, 0.0, 0.0, 0.0, 1.0],
                [-1.0, 0.0, -0.0, 0.0, 0.0, 0.0, -1.0, 0.3, -0.0, -1.0, 0.0, -0.0, 0.0, 0.0, 0.0, 1.0]
            ]
        },
        {
            "name": "Shoulder_L",
            "time": [0.0, 0.45, 1.25, 1.55, 1.95, 2.3333],
            "transform": [
                [-0.194935, -0.933432, -0.301172, 0.0, -0.092838, -0.288124, 0.953082, 0.4, -0.976412, 0.213749, -0.030493, 0.0, 0.0, 0.0, 0.0, 1.0],
                [0.032643, -0.953011, -0.301172, 0.0, -0.021654, -0.301936, 0.953082, 0.4, -0.999232, -0.02459, -0.030493, 0.0, 0.0, 0.0, 0.0, 1.0],
                [0.032643, -0.953011, -0.301172, -0.0, -0.021654, -0.301936, 0.953082, 0.4, -0.999233, -0.02459, -0.030493, -0.0, 0.0, 0.0, 0.0, 1.0],
                [-0.012817, -0.953484, -0.301172, 0.0, -0.036021, -0.300561, 0.953082, 0.4, -0.999269, 0.023064, -0.030493, 0.0, 0.0, 0.0, 0.0, 1.0],
                [-0.012817, -0.953484, -0.301172, -0.0, -0.036021, -0.300561, 0.953082, 0.4, -0.999269, 0.023064, -0.030493, -0.0, 0.0, 0.0, 0.0, 1.0],
                [-0.012817, -0.953484, -0.301172, -0.0, -0.036021, -0.300561, 0.953082, 0.4, -0.999269, 0.023064, -0.030493, -0.0, 0.0, 0.0, 0.0, 1.0]
            ]
        },
        {
            "name": "Arm_L",
            "time": [0.0, 0.45, 0.6833, 1.25, 1.55, 1.95, 2.3333],
            "transform": [
                [-0.293097, -0.011148, 0.956018, 0.0, -0.954692, 0.057325, -0.292022, 0.39386, -0.051548, -0.998293, -0.027445, 0.0, 0.0, 0.0, 0.0, 1.0],
                [-0.074639, 0.28627, 0.955237, 0.0, -0.325749, 0.898361, -0.294679, 0.39386, -0.942505, -0.333162, 0.026199, -0.0, 0.0, 0.0, 0.0, 1.0],
                [-0.037156, 0.293498, 0.955237, -0.0, -0.207359, 0.932827, -0.294679, 0.39386, -0.977559, -0.209026, 0.026199, -0.0, 0.0, 0.0, 0.0, 1.0],
                [-0.037156, 0.293498, 0.955237, -0.0, -0.207359, 0.932827, -0.294679, 0.39386, -0.977559, -0.209026, 0.026199, -0.0, 0.0, 0.0, 0.0, 1.0],
                [-0.14407, 0.255488, 0.956018, 0.0, -0.386019, 0.87505, -0.292022, 0.39386, -0.911171, -0.411113, -0.027445, 0.0, 0.0, 0.0, 0.0, 1.0],
                [-0.234527, 0.176145, 0.956018, 0.0, -0.704876, 0.646431, -0.292022, 0.39386, -0.669437, -0.742361, -0.027445, 0.0, 0.0, 0.0, 0.0, 1.0],
                [-0.234527, 0.176145, 0.956018, 0.0, -0.704876, 0.646431, -0.292022, 0.39386, -0.669437, -0.742361, -0.027445, -0.0, 0.0, 0.0, 0.0, 1.0]
            ]
        },
        {
            "name": "Hand_L",
            "time": [0.0, 0.6833, 1.25, 1.55, 1.95, 2.3333],
            "transform": [
                [0.99932, -0.035435, 0.010227, -0.0, 0.03687, 0.966806, -0.25284, 0.3, -0.000928, 0.253045, 0.967454, -0.0, 0.0, 0.0, 0.0, 1.0],
                [0.99932, -0.033442, 0.015553, 0.0, 0.03687, 0.91645, -0.398448, 0.3, -0.000928, 0.398751, 0.917059, 0.0, 0.0, 0.0, 0.0, 1.0],
                [0.99932, -0.033442, 0.015553, 0.0, 0.03687, 0.91645, -0.398448, 0.3, -0.000928, 0.398751, 0.917059, -0.0, 0.0, 0.0, 0.0, 1.0],
                [0.99932, -0.035435, 0.010227, 0.0, 0.03687, 0.966806, -0.25284, 0.3, -0.000928, 0.253045, 0.967454, -0.0, 0.0, 0.0, 0.0, 1.0],
                [0.99932, -0.035435, 0.010227, 0.0, 0.03687, 0.966806, -0.25284, 0.3, -0.000928, 0.253045, 0.967454, 0.0, 0.0, 0.0, 0.0, 1.0],
                [0.99932, -0.035435, 0.010227, 0.0, 0.03687, 0.966806, -0.25284, 0.3, -0.000928, 0.253045, 0.967454, -0.0, 0.0, 0.0, 0.0, 1.0]
            ]
        },
        {
            "name": "Tool_L",
            "time": [0.0, 1.25, 1.55, 1.95, 2.3333],
            "transform": [
                [0.0, 0.0, 0.0, -0.0, 0.0, 0.0, 0.0, 0.272858, 0.0, 0.0, 0.0, 0.0, 0.0, 0.0, 0.0, 1.0],
                [0.0, 0.0, 0.0, 0.0, 0.0, 0.0, 0.0, 0.272858, 0.0, 0.0, 0.0, -0.0, 0.0, 0.0, 0.0, 1.0],
                [0.0, 0.0, 0.0, -0.0, 0.0, 0.0, 0.0, 0.272858, 0.0, 0.0, 0.0, 0.0, 0.0, 0.0, 0.0, 1.0],
                [0.0, 0.0, 0.0, -0.0, 0.0, 0.0, 0.0, 0.272858, 0.0, 0.0, 0.0, 0.0, 0.0, 0.0, 0.0, 1.0],
                [0.0, 0.0, 0.0, -0.0, 0.0, 0.0, 0.0, 0.272858, 0.0, 0.0, 0.0, 0.0, 0.0, 0.0, 0.0, 1.0]
            ]
        },
        {
            "name": "Elbow_L",
            "time": [0.0, 1.25, 1.55, 1.95, 2.3333],
            "transform": [
                [-1.0, 0.0, -0.0, -0.0, 0.0, -0.0, -1.0, 0.3, -0.0, -1.0, -0.0, -0.0, 0.0, 0.0, 0.0, 1.0],
                [-1.0, 0.0, -0.0, 0.0, 0.0, -0.0, -1.0, 0.3, -0.0, -1.0, -0.0, -0.0, 0.0, 0.0, 0.0, 1.0],
                [-1.0, 0.0, -0.0, 0.0, 0.0, -0.0, -1.0, 0.3, -0.0, -1.0, -0.0, -0.0, 0.0, 0.0, 0.0, 1.0],
                [-1.0, 0.0, -0.0, 0.0, 0.0, -0.0, -1.0, 0.3, -0.0, -1.0, -0.0, 0.0, 0.0, 0.0, 0.0, 1.0],
                [-1.0, 0.0, 0.0, 0.0, 0.0, -0.0, -1.0, 0.3, -0.0, -1.0, -0.0, -0.0, 0.0, 0.0, 0.0, 1.0]
            ]
        }
    ]
}