{
    
    "animation": [
        {
            "name": "Root",
            "time": [0.0, 1.9667, 3.85],
            "transform": [
                [0.602751, 0.0, 0.797929, -5e-06, 0.797929, 0.0, -0.602751, 0.000946, 0.0, 1.0, 0.0, 0.755725, 0.0, 0.0, 0.0, 1.0],
                [0.602751, 0.0, 0.797929, -5e-06, 0.797929, 0.0, -0.602751, 0.000946, 0.0, 1.0, 0.0, 0.746651, 0.0, 0.0, 0.0, 1.0],
                [0.602751, 0.0, 0.797929, -5e-06, 0.797929, 0.0, -0.602751, 0.000946, 0.0, 1.0, 0.0, 0.755725, 0.0, 0.0, 0.0, 1.0]
            ]
        },
        {
            "name": "Thigh_R",
            "time": [0.0, 1.9667, 3.85],
            "transform": [
                [0.592351, 0.431127, 0.680624, 0.124994, 0.105238, -0.878945, 0.465163, -0.002831, 0.798777, -0.203912, -0.566017, -1.2e-05, 0.0, 0.0, 0.0, 1.0],
                [0.592351, 0.444187, 0.672173, 0.124994, 0.105238, -0.869801, 0.482046, -0.002831, 0.798777, -0.214801, -0.561975, -1.2e-05, 0.0, 0.0, 0.0, 1.0],
                [0.592351, 0.431127, 0.680624, 0.124994, 0.105238, -0.878945, 0.465163, -0.002831, 0.798777, -0.203912, -0.566017, -1.2e-05, 0.0, 0.0, 0.0, 1.0]
            ]
        },
        {
            "name": "Leg_R",
            "time": [0.0, 1.9667, 3.85],
            "transform": [
                [1.0, -1e-06, 2e-06, -0.0, -0.0, 0.926377, 0.376598, 0.37472, -2e-06, -0.376598, 0.926376, -0.0, 0.0, 0.0, 0.0, 1.0],
                [1.0, -1e-06, 2e-06, -0.0, -0.0, 0.860579, 0.509318, 0.37472, -2e-06, -0.509319, 0.860577, 0.0, 0.0, 0.0, 0.0, 1.0],
                [1.0, -1e-06, 2e-06, -0.0, -0.0, 0.926377, 0.376598, 0.37472, -2e-06, -0.376598, 0.926376, -0.0, 0.0, 0.0, 0.0, 1.0]
            ]
        },
        {
            "name": "Knee_R",
            "time": [0.0, 3.85],
            "transform": [
                [1.0, 0.0, -0.0, -0.0, -0.0, 1e-06, -1.0, 0.37472, -0.0, 1.0, 1e-06, -0.0, 0.0, 0.0, 0.0, 1.0],
                [1.0, 0.0, -0.0, -0.0, -0.0, 1e-06, -1.0, 0.37472, -0.0, 1.0, 1e-06, -0.0, 0.0, 0.0, 0.0, 1.0]
            ]
        },
        {
            "name": "Thigh_L",
            "time": [0.0, 1.9667, 3.85],
            "transform": [
                [0.682889, -0.192615, 0.704671, -0.125006, -0.084338, -0.978951, -0.185855, -0.002831, 0.725636, 0.067488, -0.68476, -1.2e-05, 0.0, 0.0, 0.0, 1.0],
                [0.682889, -0.150312, 0.71489, -0.125006, -0.084338, -0.988281, -0.127231, -0.002831, 0.725636, 0.026592, -0.687564, -1.2e-05, 0.0, 0.0, 0.0, 1.0],
                [0.682889, -0.192615, 0.704671, -0.125006, -0.084338, -0.978951, -0.185855, -0.002831, 0.725636, 0.067488, -0.68476, -1.2e-05, 0.0, 0.0, 0.0, 1.0]
            ]
        },
        {
            "name": "Leg_L",
            "time": [0.0, 1.9667, 3.85],
            "transform": [
                [1.0, -1e-06, 1e-06, 0.0, 0.0, 0.917737, 0.397187, 0.37472, -1e-06, -0.397187, 0.917738, -0.0, 0.0, 0.0, 0.0, 1.0],
                [1.0, -1e-06, 0.0, -0.0, 0.0, 0.883351, 0.468711, 0.37472, -1e-06, -0.468711, 0.883352, -0.0, 0.0, 0.0, 0.0, 1.0],
                [1.0, -1e-06, 1e-06, 0.0, 0.0, 0.917737, 0.397187, 0.37472, -1e-06, -0.397187, 0.917738, -0.0, 0.0, 0.0, 0.0, 1.0]
            ]
        },
        {
            "name": "Knee_L",
            "time": [0.0, 3.85],
            "transform": [
                [1.0, 0.0, -0.0, 0.0, -0.0, 1e-06, -1.0, 0.37472, -0.0, 1.0, 1e-06, -0.0, 0.0, 0.0, 0.0, 1.0],
                [1.0, 0.0, -0.0, 0.0, -0.0, 1e-06, -1.0, 0.37472, -0.0, 1.0, 1e-06, -0.0, 0.0, 0.0, 0.0, 1.0]
            ]
        },
        {
            "name": "Torso",
            "time": [0.0, 3.85],
            "transform": [
                [0.988648, 0.019996, -0.148917, -0.0, -0.018157, 0.999741, 0.013698, 0.05, 0.149153, -0.010839, 0.988755, -0.0, 0.0, 0.0, 0.0, 1.0],
                [0.988648, 0.019996, -0.148917, -0.0, -0.018157, 0.999741, 0.013698, 0.05, 0.149153, -0.010839, 0.988755, -0.0, 0.0, 0.0, 0.0, 1.0]
            ]
        },
        {
            "name": "Chest",
            "time": [0.0, 1.9667, 3.85],
            "transform": [
                [0.999771, -0.021411, -0.000206, -0.0, 0.021411, 0.999586, 0.019228, 0.3, -0.000206, -0.019228, 0.999815, -0.0, 0.0, 0.0, 0.0, 1.0],
                [0.999771, -0.021399, -0.00077, 0.0, 0.021411, 0.998732, 0.045564, 0.3, -0.000206, -0.04557, 0.998961, -0.0, 0.0, 0.0, 0.0, 1.0],
                [0.999771, -0.021411, -0.000206, -0.0, 0.021411, 0.999586, 0.019228, 0.3, -0.000206, -0.019228, 0.999815, -0.0, 0.0, 0.0, 0.0, 1.0]
            ]
        },
        {
            "name": "Head",
            "time": [0.0, 1.9667, 3.85],
            "transform": [
                [0.716946, -0.012968, -0.697008, 0.0, -0.036251, 0.997781, -0.055853, 0.4, 0.696185, 0.065311, 0.714885, 0.0, 0.0, 0.0, 0.0, 1.0],
                [0.716946, 0.034191, -0.696289, -0.0, -0.036251, 0.999274, 0.011742, 0.4, 0.696185, 0.016823, 0.717665, 0.0, 0.0, 0.0, 0.0, 1.0],
                [0.716946, -0.012968, -0.697008, 0.0, -0.036251, 0.997781, -0.055853, 0.4, 0.696185, 0.065311, 0.714885, 0.0, 0.0, 0.0, 0.0, 1.0]
            ]
        },
        {
            "name": "Shoulder_R",
            "time": [0.0, 1.9667, 3.85],
            "transform": [
                [0.089555, 0.949274, 0.301428, 0.0, -0.003656, -0.302328, 0.953197, 0.4, 0.995975, -0.086466, -0.023605, 0.0, 0.0, 0.0, 0.0, 1.0],
                [0.089555, 0.956525, 0.277559, -0.0, -0.003656, -0.278361, 0.960469, 0.4, 0.995975, -0.08703, -0.021432, 0.0, 0.0, 0.0, 0.0, 1.0],
                [0.089555, 0.949274, 0.301428, 0.0, -0.003656, -0.302328, 0.953197, 0.4, 0.995975, -0.086466, -0.023605, 0.0, 0.0, 0.0, 0.0, 1.0]
            ]
        },
        {
            "name": "Arm_R",
            "time": [0.0, 3.85],
            "transform": [
                [0.094043, 0.095814, -0.990947, 0.0, 0.352374, 0.927722, 0.123142, 0.39386, 0.931122, -0.360765, 0.053483, 0.0, 0.0, 0.0, 0.0, 1.0],
                [0.094043, 0.095814, -0.990947, 0.0, 0.352374, 0.927722, 0.123142, 0.39386, 0.931122, -0.360765, 0.053483, 0.0, 0.0, 0.0, 0.0, 1.0]
            ]
        },
        {
            "name": "Hand_R",
            "time": [0.0, 1.9667, 3.85],
            "transform": [
                [0.999984, 0.004389, 0.003399, -0.0, -0.00125, 0.774651, -0.632388, 0.3, -0.005409, 0.632374, 0.774644, 0.0, 0.0, 0.0, 0.0, 1.0],
                [0.999985, 0.004642, 0.003045, -0.0, -0.00125, 0.722672, -0.69119, 0.3, -0.005409, 0.691176, 0.722666, -0.0, 0.0, 0.0, 0.0, 1.0],
                [0.999984, 0.004389, 0.003399, -0.0, -0.00125, 0.774651, -0.632388, 0.3, -0.005409, 0.632374, 0.774644, 0.0, 0.0, 0.0, 0.0, 1.0]
            ]
        },
        {
            "name": "Tool_R",
            "time": [0.0, 3.85],
            "transform": [
                [1.0, 0.0, 0.0, 0.0, 0.0, -0.944043, -0.329823, 0.272858, 0.0, 0.329618, -0.943487, 0.0, 0.0, 0.0, 0.0, 1.0],
                [1.0, 0.0, 0.0, 0.0, 0.0, -0.944043, -0.329823, 0.272858, 0.0, 0.329618, -0.943487, 0.0, 0.0, 0.0, 0.0, 1.0]
            ]
        },
        {
            "name": "Elbow_R",
            "time": [0.0, 3.85],
            "transform": [
                [-1.0, 0.0, 0.0, -0.0, -0.0, -0.0, -1.0, 0.3, -0.0, -1.0, 0.0, 0.0, 0.0, 0.0, 0.0, 1.0],
                [-1.0, 0.0, 0.0, -0.0, -0.0, -0.0, -1.0, 0.3, -0.0, -1.0, 0.0, 0.0, 0.0, 0.0, 0.0, 1.0]
            ]
        },
        {
            "name": "Shoulder_L",
            "time": [0.0, 3.85],
            "transform": [
                [-0.194935, -0.933432, -0.301172, 0.0, -0.092838, -0.288124, 0.953082, 0.4, -0.976413, 0.213749, -0.030493, 0.0, 0.0, 0.0, 0.0, 1.0],
                [-0.194935, -0.933432, -0.301172, 0.0, -0.092838, -0.288124, 0.953082, 0.4, -0.976413, 0.213749, -0.030493, 0.0, 0.0, 0.0, 0.0, 1.0]
            ]
        },
        {
            "name": "Arm_L",
            "time": [0.0, 3.85],
            "transform": [
                [-0.293097, -0.011148, 0.956018, -0.0, -0.954692, 0.057325, -0.292022, 0.39386, -0.051548, -0.998293, -0.027445, -0.0, 0.0, 0.0, 0.0, 1.0],
                [-0.293097, -0.011148, 0.956018, -0.0, -0.954692, 0.057325, -0.292022, 0.39386, -0.051548, -0.998293, -0.027445, -0.0, 0.0, 0.0, 0.0, 1.0]
            ]
        },
        {
            "name": "Hand_L",
            "time": [0.0, 3.85],
            "transform": [
                [0.99932, -0.035435, 0.010227, 0.0, 0.036869, 0.966806, -0.25284, 0.3, -0.000928, 0.253045, 0.967454, 0.0, 0.0, 0.0, 0.0, 1.0],
                [0.99932, -0.035435, 0.010227, 0.0, 0.036869, 0.966806, -0.25284, 0.3, -0.000928, 0.253045, 0.967454, 0.0, 0.0, 0.0, 0.0, 1.0]
            ]
        },
        {
            "name": "Tool_L",
            "time": [0.0, 3.85],
            "transform": [
                [0.0, 0.0, 0.0, 0.0, 0.0, 0.0, 0.0, 0.272858, 0.0, 0.0, 0.0, -0.0, 0.0, 0.0, 0.0, 1.0],
                [0.0, 0.0, 0.0, 0.0, 0.0, 0.0, 0.0, 0.272858, 0.0, 0.0, 0.0, -0.0, 0.0, 0.0, 0.0, 1.0]
            ]
        },
        {
            "name": "Elbow_L",
            "time": [0.0, 3.85],
            "transform": [
                [-1.0, 0.0, -0.0, 0.0, 0.0, -0.0, -1.0, 0.3, -0.0, -1.0, -0.0, 0.0, 0.0, 0.0, 0.0, 1.0],
                [-1.0, 0.0, -0.0, 0.0, 0.0, -0.0, -1.0, 0.3, -0.0, -1.0, -0.0, 0.0, 0.0, 0.0, 0.0, 1.0]
            ]
        }
    ]
}