{
    
    "animation": [
        {
            "name": "Root",
            "time": [0.0, 3.1333],
            "transform": [
                [0.834853, 0.0, -0.550472, -5e-06, -0.550472, 0.0, -0.834853, 0.000946, 0.0, 1.0, 0.0, 0.755725, 0.0, 0.0, 0.0, 1.0],
                [0.834853, 0.0, -0.550472, -5e-06, -0.550472, 0.0, -0.834853, 0.000946, 0.0, 1.0, 0.0, 0.755725, 0.0, 0.0, 0.0, 1.0]
            ]
        },
        {
            "name": "Thigh_R",
            "time": [0.0, 1.5333, 3.1333],
            "transform": [
                [0.996122, 0.069591, -0.053819, 0.124994, 0.068868, -0.997508, -0.01518, -0.002831, -0.054742, 0.011415, -0.998436, -1.2e-05, 0.0, 0.0, 0.0, 1.0],
                [0.996122, 0.075565, -0.045047, 0.124994, 0.068868, -0.988421, -0.135195, -0.002831, -0.054742, 0.131569, -0.989795, -1.2e-05, 0.0, 0.0, 0.0, 1.0],
                [0.996122, 0.069591, -0.053819, 0.124994, 0.068868, -0.997508, -0.01518, -0.002831, -0.054742, 0.011415, -0.998436, -1.2e-05, 0.0, 0.0, 0.0, 1.0]
            ]
        },
        {
            "name": "Leg_R",
            "time": [0.0, 1.5333, 3.1333],
            "transform": [
                [1.0, -0.0, 2e-06, 0.0, -0.0, 0.926378, 0.376598, 0.37472, -2e-06, -0.376598, 0.926376, -0.0, 0.0, 0.0, 0.0, 1.0],
                [1.0, -0.0, 2e-06, 0.0, -0.0, 0.983479, 0.181025, 0.37472, -2e-06, -0.181025, 0.983478, 0.0, 0.0, 0.0, 0.0, 1.0],
                [1.0, -0.0, 2e-06, 0.0, -0.0, 0.926378, 0.376598, 0.37472, -2e-06, -0.376598, 0.926376, -0.0, 0.0, 0.0, 0.0, 1.0]
            ]
        },
        {
            "name": "Knee_R",
            "time": [0.0, 3.1333],
            "transform": [
                [1.0, 0.0, -0.0, 0.0, -0.0, 1e-06, -1.0, 0.37472, -0.0, 1.0, 1e-06, -0.0, 0.0, 0.0, 0.0, 1.0],
                [1.0, 0.0, -0.0, 0.0, -0.0, 1e-06, -1.0, 0.37472, -0.0, 1.0, 1e-06, -0.0, 0.0, 0.0, 0.0, 1.0]
            ]
        },
        {
            "name": "Thigh_L",
            "time": [0.0, 1.5333, 3.1333],
            "transform": [
                [0.866588, -0.21542, -0.450131, -0.125006, -0.027838, -0.921489, 0.387404, -0.002831, -0.498245, -0.323189, -0.804549, -1.2e-05, 0.0, 0.0, 0.0, 1.0],
                [0.866588, -0.22882, -0.443469, -0.125006, -0.027838, -0.90946, 0.414859, -0.002831, -0.498245, -0.347166, -0.794498, -1.2e-05, 0.0, 0.0, 0.0, 1.0],
                [0.866588, -0.21542, -0.450131, -0.125006, -0.027838, -0.921489, 0.387404, -0.002831, -0.498245, -0.323189, -0.804549, -1.2e-05, 0.0, 0.0, 0.0, 1.0]
            ]
        },
        {
            "name": "Leg_L",
            "time": [0.0, 1.5333, 3.1333],
            "transform": [
                [1.0, -1e-06, 1e-06, -0.0, 0.0, 0.917738, 0.397187, 0.37472, -1e-06, -0.397187, 0.917738, 0.0, 0.0, 0.0, 0.0, 1.0],
                [1.0, -1e-06, 1e-06, -0.0, 0.0, 0.88299, 0.469391, 0.37472, -1e-06, -0.469391, 0.88299, -0.0, 0.0, 0.0, 0.0, 1.0],
                [1.0, -1e-06, 1e-06, -0.0, 0.0, 0.917738, 0.397187, 0.37472, -1e-06, -0.397187, 0.917738, 0.0, 0.0, 0.0, 0.0, 1.0]
            ]
        },
        {
            "name": "Knee_L",
            "time": [0.0, 3.1333],
            "transform": [
                [1.0, 0.0, -0.0, -0.0, -0.0, 1e-06, -1.0, 0.37472, -0.0, 1.0, 1e-06, 0.0, 0.0, 0.0, 0.0, 1.0],
                [1.0, 0.0, -0.0, -0.0, -0.0, 1e-06, -1.0, 0.37472, -0.0, 1.0, 1e-06, 0.0, 0.0, 0.0, 0.0, 1.0]
            ]
        },
        {
            "name": "Torso",
            "time": [0.0, 3.1333],
            "transform": [
                [0.981277, 0.019996, -0.191563, -0.0, -0.017548, 0.999741, 0.014471, 0.05, 0.191803, -0.010839, 0.981374, -0.0, 0.0, 0.0, 0.0, 1.0],
                [0.981277, 0.019996, -0.191563, -0.0, -0.017548, 0.999741, 0.014471, 0.05, 0.191803, -0.010839, 0.981374, -0.0, 0.0, 0.0, 0.0, 1.0]
            ]
        },
        {
            "name": "Chest",
            "time": [0.0, 1.5333, 3.1333],
            "transform": [
                [0.999771, -0.021411, -0.000206, 0.0, 0.021411, 0.999586, 0.019228, 0.3, -0.000206, -0.019228, 0.999815, 0.0, 0.0, 0.0, 0.0, 1.0],
                [0.999501, -0.030819, -0.00692, 0.0, 0.031268, 0.996418, 0.078569, 0.3, 0.004473, -0.078746, 0.996885, 0.0, 0.0, 0.0, 0.0, 1.0],
                [0.999771, -0.021411, -0.000206, 0.0, 0.021411, 0.999586, 0.019228, 0.3, -0.000206, -0.019228, 0.999815, 0.0, 0.0, 0.0, 0.0, 1.0]
            ]
        },
        {
            "name": "Head",
            "time": [0.0, 3.1333],
            "transform": [
                [0.702717, -0.012968, 0.711351, 0.0, 0.055561, 0.997781, -0.036697, 0.4, -0.709296, 0.065311, 0.701878, 0.0, 0.0, 0.0, 0.0, 1.0],
                [0.702717, -0.012968, 0.711351, 0.0, 0.055561, 0.997781, -0.036697, 0.4, -0.709296, 0.065311, 0.701878, 0.0, 0.0, 0.0, 0.0, 1.0]
            ]
        },
        {
            "name": "Shoulder_R",
            "time": [0.0, 3.1333],
            "transform": [
                [0.089555, 0.949274, 0.301428, 0.0, -0.003656, -0.302328, 0.953197, 0.4, 0.995975, -0.086466, -0.023605, 0.0, 0.0, 0.0, 0.0, 1.0],
                [0.089555, 0.949274, 0.301428, 0.0, -0.003656, -0.302328, 0.953197, 0.4, 0.995975, -0.086466, -0.023605, 0.0, 0.0, 0.0, 0.0, 1.0]
            ]
        },
        {
            "name": "Arm_R",
            "time": [0.0, 1.5333, 3.1333],
            "transform": [
                [0.134248, 0.001401, -0.990947, -0.0, 0.904713, 0.407837, 0.123142, 0.39386, 0.404317, -0.913054, 0.053483, 0.0, 0.0, 0.0, 0.0, 1.0],
                [0.134248, 0.039217, -0.990171, 0.0, 0.904713, 0.40284, 0.138616, 0.39386, 0.404317, -0.91443, 0.0186, 0.0, 0.0, 0.0, 0.0, 1.0],
                [0.134248, 0.001401, -0.990947, -0.0, 0.904713, 0.407837, 0.123142, 0.39386, 0.404317, -0.913054, 0.053483, 0.0, 0.0, 0.0, 0.0, 1.0]
            ]
        },
        {
            "name": "Hand_R",
            "time": [0.0, 1.5333, 3.1333],
            "transform": [
                [0.999985, 0.001325, 0.005391, -0.0, -0.00125, 0.999903, -0.013885, 0.3, -0.005409, 0.013878, 0.999889, -0.0, 0.0, 0.0, 0.0, 1.0],
                [0.999984, 0.001702, 0.005284, 0.0, -0.00125, 0.996434, -0.084369, 0.3, -0.005409, 0.084361, 0.996421, -0.0, 0.0, 0.0, 0.0, 1.0],
                [0.999985, 0.001325, 0.005391, -0.0, -0.00125, 0.999903, -0.013885, 0.3, -0.005409, 0.013878, 0.999889, -0.0, 0.0, 0.0, 0.0, 1.0]
            ]
        },
        {
            "name": "Tool_R",
            "time": [0.0, 1.5333, 3.1333],
            "transform": [
                [1.0, -0.0, 0.0, -0.0, 0.0, -0.944043, -0.329823, 0.272858, 0.0, 0.329618, -0.943487, 0.0, 0.0, 0.0, 0.0, 1.0],
                [1.0, -0.0, 0.0, -0.0, 0.0, -0.919471, -0.393158, 0.272858, 0.0, 0.392915, -0.918931, 0.0, 0.0, 0.0, 0.0, 1.0],
                [1.0, -0.0, 0.0, -0.0, 0.0, -0.944043, -0.329823, 0.272858, 0.0, 0.329618, -0.943487, 0.0, 0.0, 0.0, 0.0, 1.0]
            ]
        },
        {
            "name": "Elbow_R",
            "time": [0.0, 3.1333],
            "transform": [
                [-1.0, 0.0, -0.0, -0.0, 0.0, -0.0, -1.0, 0.3, -0.0, -1.0, 0.0, -0.0, 0.0, 0.0, 0.0, 1.0],
                [-1.0, 0.0, -0.0, -0.0, 0.0, -0.0, -1.0, 0.3, -0.0, -1.0, 0.0, -0.0, 0.0, 0.0, 0.0, 1.0]
            ]
        },
        {
            "name": "Shoulder_L",
            "time": [0.0, 3.1333],
            "transform": [
                [-0.194935, -0.933432, -0.301172, 0.0, -0.092838, -0.288124, 0.953082, 0.4, -0.976413, 0.213749, -0.030493, 0.0, 0.0, 0.0, 0.0, 1.0],
                [-0.194935, -0.933432, -0.301172, 0.0, -0.092838, -0.288124, 0.953082, 0.4, -0.976413, 0.213749, -0.030493, 0.0, 0.0, 0.0, 0.0, 1.0]
            ]
        },
        {
            "name": "Arm_L",
            "time": [0.0, 3.1333],
            "transform": [
                [-0.293097, -0.011148, 0.956018, 0.0, -0.954692, 0.057325, -0.292022, 0.39386, -0.051548, -0.998293, -0.027445, 0.0, 0.0, 0.0, 0.0, 1.0],
                [-0.293097, -0.011148, 0.956018, 0.0, -0.954692, 0.057325, -0.292022, 0.39386, -0.051548, -0.998293, -0.027445, 0.0, 0.0, 0.0, 0.0, 1.0]
            ]
        },
        {
            "name": "Hand_L",
            "time": [0.0, 3.1333],
            "transform": [
                [0.99932, -0.035435, 0.010227, 0.0, 0.036869, 0.966806, -0.25284, 0.3, -0.000928, 0.253045, 0.967454, -0.0, 0.0, 0.0, 0.0, 1.0],
                [0.99932, -0.035435, 0.010227, 0.0, 0.036869, 0.966806, -0.25284, 0.3, -0.000928, 0.253045, 0.967454, -0.0, 0.0, 0.0, 0.0, 1.0]
            ]
        },
        {
            "name": "Tool_L",
            "time": [0.0, 3.1333],
            "transform": [
                [0.0, 0.0, 0.0, -0.0, 0.0, 0.0, 0.0, 0.272858, 0.0, 0.0, 0.0, 0.0, 0.0, 0.0, 0.0, 1.0],
                [0.0, 0.0, 0.0, -0.0, 0.0, 0.0, 0.0, 0.272858, 0.0, 0.0, 0.0, 0.0, 0.0, 0.0, 0.0, 1.0]
            ]
        },
        {
            "name": "Elbow_L",
            "time": [0.0, 3.1333],
            "transform": [
                [-1.0, 0.0, -0.0, 0.0, 0.0, -0.0, -1.0, 0.3, -0.0, -1.0, -0.0, -0.0, 0.0, 0.0, 0.0, 1.0],
                [-1.0, 0.0, -0.0, 0.0, 0.0, -0.0, -1.0, 0.3, -0.0, -1.0, -0.0, -0.0, 0.0, 0.0, 0.0, 1.0]
            ]
        }
    ]
}