{
    
    "animation": [
        {
            "name": "Root",
            "time": [0.0, 0.1, 0.2833, 0.5, 0.7, 1.05],
            "transform": [
                [0.958978, 0.120344, 0.256669, -0.053746, 0.083798, 0.744613, -0.662216, -0.691352, -0.270813, 0.656558, 0.703983, 0.894084, 0.0, 0.0, 0.0, 1.0],
                [0.958978, 0.120344, 0.256669, -0.210853, 0.083798, 0.744613, -0.662216, 0.152728, -0.270813, 0.656558, 0.703983, 0.502916, 0.0, 0.0, 0.0, 1.0],
                [0.958978, 0.120344, 0.256669, -0.197073, 0.083798, 0.744613, -0.662216, 0.352515, -0.270813, 0.656558, 0.703983, 0.469935, 0.0, 0.0, 0.0, 1.0],
                [0.958978, 0.120344, 0.256669, -0.197073, 0.083798, 0.744613, -0.662216, 0.352515, -0.270813, 0.656558, 0.703983, 0.469935, 0.0, 0.0, 0.0, 1.0],
                [0.958978, 0.262904, 0.106034, -0.046799, 0.083798, 0.094426, -0.991999, -1.333036, -0.270813, 0.96019, 0.068522, 0.972805, 0.0, 0.0, 0.0, 1.0],
                [0.958978, 0.262904, 0.106034, -0.034845, 0.083798, 0.094426, -0.991999, -2.734547, -0.270813, 0.96019, 0.068522, 0.66225, 0.0, 0.0, 0.0, 1.0]
            ]
        },
        {
            "name": "Thigh_R",
            "time": [0.0, 0.1, 0.2833, 0.5, 0.6, 0.7, 0.8333, 1.05],
            "transform": [
                [0.972121, 0.228921, -0.050741, 0.124994, 0.052094, 0.000135, 0.998642, -0.002831, 0.228617, -0.973443, -0.011795, -1.2e-05, 0.0, 0.0, 0.0, 1.0],
                [0.885849, 0.264751, -0.381021, 0.124994, 0.14171, 0.627585, 0.765542, -0.002831, 0.441801, -0.732148, 0.518429, -1.2e-05, 0.0, 0.0, 0.0, 1.0],
                [0.885849, 0.200277, -0.41852, 0.124994, 0.14171, 0.742141, 0.65509, -0.002831, 0.441801, -0.639619, 0.629046, -1.2e-05, 0.0, 0.0, 0.0, 1.0],
                [0.885849, 0.200277, -0.41852, 0.124994, 0.14171, 0.742141, 0.65509, -0.002831, 0.441801, -0.639619, 0.629046, -1.2e-05, 0.0, 0.0, 0.0, 1.0],
                [0.896858, 0.399829, -0.189162, 0.124994, 0.287444, -0.201796, 0.936298, -0.002831, 0.336187, -0.894098, -0.295912, -1.2e-05, 0.0, 0.0, 0.0, 1.0],
                [0.914264, 0.268996, -0.302922, 0.124994, 0.391636, -0.395565, 0.830752, -0.002831, 0.103644, -0.87816, -0.467001, -1.2e-05, 0.0, 0.0, 0.0, 1.0],
                [0.917343, 0.322797, 0.232986, 0.124994, 0.388577, -0.853262, -0.347778, -0.002831, 0.086536, 0.409564, -0.908168, -1.2e-05, 0.0, 0.0, 0.0, 1.0],
                [0.917343, 0.322797, 0.232986, 0.124994, 0.388577, -0.853262, -0.347778, -0.002831, 0.086536, 0.409564, -0.908168, -1.2e-05, 0.0, 0.0, 0.0, 1.0]
            ]
        },
        {
            "name": "Leg_R",
            "time": [0.0, 0.1, 0.2833, 0.5, 0.6, 0.7, 0.8333, 1.05],
            "transform": [
                [1.0, -0.0, 2e-06, 0.0, -0.0, 0.972693, 0.232099, 0.37472, -2e-06, -0.232099, 0.972691, 0.0, 0.0, 0.0, 0.0, 1.0],
                [1.0, -2e-06, 1e-06, -0.0, -0.0, 0.315315, 0.948986, 0.37472, -2e-06, -0.948988, 0.315314, 0.0, 0.0, 0.0, 0.0, 1.0],
                [1.0, -2e-06, 1e-06, 0.0, -0.0, 0.192762, 0.981245, 0.37472, -2e-06, -0.981246, 0.192762, -0.0, 0.0, 0.0, 0.0, 1.0],
                [1.0, -2e-06, 1e-06, 0.0, -0.0, 0.192762, 0.981245, 0.37472, -2e-06, -0.981246, 0.192762, -0.0, 0.0, 0.0, 0.0, 1.0],
                [1.0, -1e-06, 2e-06, 0.0, -0.0, 0.943511, 0.331343, 0.37472, -2e-06, -0.331343, 0.94351, 0.0, 0.0, 0.0, 0.0, 1.0],
                [1.0, -2e-06, 0.0, 0.0, -0.0, 0.060064, 0.998194, 0.37472, -2e-06, -0.998195, 0.060064, 0.0, 0.0, 0.0, 0.0, 1.0],
                [1.0, -0.0, 2e-06, -0.0, -0.0, 0.937382, 0.348306, 0.37472, -2e-06, -0.348306, 0.93738, -0.0, 0.0, 0.0, 0.0, 1.0],
                [1.0, -0.0, 2e-06, -0.0, -0.0, 0.937382, 0.348306, 0.37472, -2e-06, -0.348306, 0.93738, -0.0, 0.0, 0.0, 0.0, 1.0]
            ]
        },
        {
            "name": "Knee_R",
            "time": [0.0, 0.5, 1.05],
            "transform": [
                [1.0, 0.0, -0.0, 0.0, -0.0, 0.406103, -0.913828, 0.37472, -0.0, 0.913828, 0.406103, 0.0, 0.0, 0.0, 0.0, 1.0],
                [1.0, 0.0, -0.0, 0.0, -0.0, 0.406103, -0.913828, 0.37472, -0.0, 0.913828, 0.406103, -0.0, 0.0, 0.0, 0.0, 1.0],
                [1.0, 0.0, -0.0, -0.0, -0.0, 0.406103, -0.913827, 0.37472, -0.0, 0.913828, 0.406103, -0.0, 0.0, 0.0, 0.0, 1.0]
            ]
        },
        {
            "name": "Thigh_L",
            "time": [0.0, 0.1, 0.2833, 0.5, 0.6, 0.7, 0.8333, 1.05],
            "transform": [
                [0.979782, -0.124263, -0.156792, -0.125006, 0.19967, 0.558308, 0.805248, -0.002831, -0.012525, -0.820275, 0.571832, -1.2e-05, 0.0, 0.0, 0.0, 1.0],
                [0.954558, 0.184133, -0.234337, -0.125006, 0.142434, 0.408819, 0.901432, -0.002831, 0.261785, -0.893847, 0.364014, -1.2e-05, 0.0, 0.0, 0.0, 1.0],
                [0.954558, 0.155652, -0.254148, -0.125006, 0.142434, 0.510809, 0.847813, -0.002831, 0.261785, -0.845486, 0.465427, -1.2e-05, 0.0, 0.0, 0.0, 1.0],
                [0.954558, 0.155652, -0.254148, -0.125006, 0.142434, 0.510809, 0.847813, -0.002831, 0.261785, -0.845486, 0.465427, -1.2e-05, 0.0, 0.0, 0.0, 1.0],
                [0.955507, 0.199351, -0.217405, -0.125006, 0.275968, -0.343926, 0.897528, -0.002831, 0.104151, -0.917592, -0.383638, -1.2e-05, 0.0, 0.0, 0.0, 1.0],
                [0.953742, 0.133923, -0.269147, -0.125006, 0.282163, -0.707699, 0.647723, -0.002831, -0.10373, -0.693704, -0.712751, -1.2e-05, 0.0, 0.0, 0.0, 1.0],
                [0.971083, 0.225287, -0.079009, -0.125006, 0.237342, -0.875239, 0.421456, -0.002831, 0.025797, -0.428021, -0.9034, -1.2e-05, 0.0, 0.0, 0.0, 1.0],
                [0.971083, 0.225287, -0.079009, -0.125006, 0.237342, -0.875239, 0.421456, -0.002831, 0.025797, -0.428021, -0.9034, -1.2e-05, 0.0, 0.0, 0.0, 1.0]
            ]
        },
        {
            "name": "Leg_L",
            "time": [0.0, 0.1, 0.2833, 0.5, 0.6, 0.7, 1.05],
            "transform": [
                [1.0, -1e-06, 0.0, 0.0, 0.0, 0.435424, 0.900225, 0.37472, -1e-06, -0.900225, 0.435424, 0.0, 0.0, 0.0, 0.0, 1.0],
                [1.0, -1e-06, 0.0, 0.0, 0.0, 0.645796, 0.76351, 0.37472, -1e-06, -0.763509, 0.645796, 0.0, 0.0, 0.0, 0.0, 1.0],
                [1.0, -1e-06, 0.0, 0.0, 0.0, 0.391509, 0.920174, 0.37472, -1e-06, -0.920174, 0.39151, 0.0, 0.0, 0.0, 0.0, 1.0],
                [1.0, -1e-06, 0.0, 0.0, 0.0, 0.391509, 0.920174, 0.37472, -1e-06, -0.920174, 0.39151, 0.0, 0.0, 0.0, 0.0, 1.0],
                [1.0, -0.0, 1e-06, 0.0, 0.0, 0.984292, 0.176546, 0.37472, -1e-06, -0.176546, 0.984292, -0.0, 0.0, 0.0, 0.0, 1.0],
                [1.0, -0.0, 1e-06, -0.0, 0.0, 0.968346, 0.249611, 0.37472, -1e-06, -0.249611, 0.968346, 0.0, 0.0, 0.0, 0.0, 1.0],
                [1.0, -0.0, 1e-06, 0.0, 0.0, 0.968346, 0.249611, 0.37472, -1e-06, -0.249611, 0.968346, -0.0, 0.0, 0.0, 0.0, 1.0]
            ]
        },
        {
            "name": "Knee_L",
            "time": [0.0, 0.5, 1.05],
            "transform": [
                [1.0, 0.0, -0.0, 0.0, -0.0, 0.407615, -0.913154, 0.37472, -0.0, 0.913154, 0.407615, 0.0, 0.0, 0.0, 0.0, 1.0],
                [1.0, 0.0, -0.0, 0.0, -0.0, 0.407615, -0.913154, 0.37472, -0.0, 0.913154, 0.407615, 0.0, 0.0, 0.0, 0.0, 1.0],
                [1.0, 0.0, -0.0, 0.0, -0.0, 0.407615, -0.913154, 0.37472, -0.0, 0.913154, 0.407615, -0.0, 0.0, 0.0, 0.0, 1.0]
            ]
        },
        {
            "name": "Torso",
            "time": [0.0, 0.1, 0.5, 0.7, 1.05],
            "transform": [
                [0.997407, -0.004234, 0.071848, 0.0, -0.003723, 0.993897, 0.110246, 0.05, -0.071876, -0.110227, 0.991304, -0.0, 0.0, 0.0, 0.0, 1.0],
                [0.973406, -0.004234, -0.229048, 0.0, 0.029344, 0.993897, 0.106334, 0.05, 0.2272, -0.110227, 0.96759, -0.0, 0.0, 0.0, 0.0, 1.0],
                [0.973406, -0.004234, -0.229048, 0.0, 0.029344, 0.993897, 0.106334, 0.05, 0.2272, -0.110227, 0.96759, 0.0, 0.0, 0.0, 0.0, 1.0],
                [0.941868, -0.245807, -0.229048, -0.0, 0.275219, 0.955483, 0.106334, 0.05, 0.192713, -0.163191, 0.96759, -0.0, 0.0, 0.0, 0.0, 1.0],
                [0.95696, -0.245807, 0.154296, 0.0, 0.21241, 0.955483, 0.204779, 0.05, -0.197763, -0.163191, 0.96657, -0.0, 0.0, 0.0, 0.0, 1.0]
            ]
        },
        {
            "name": "Chest",
            "time": [0.0, 0.2833, 0.5, 0.7, 0.8333, 1.05],
            "transform": [
                [0.869197, -0.239193, 0.432762, -0.0, 0.143256, 0.959492, 0.242595, 0.3, -0.473259, -0.148867, 0.868254, -0.0, 0.0, 0.0, 0.0, 1.0],
                [0.87011, -0.228085, 0.436906, 0.0, 0.088747, 0.94449, 0.316325, 0.3, -0.484802, -0.236463, 0.842053, -0.0, 0.0, 0.0, 0.0, 1.0],
                [0.87011, -0.228085, 0.436906, 0.0, 0.088747, 0.94449, 0.316325, 0.3, -0.484802, -0.236463, 0.842053, -0.0, 0.0, 0.0, 0.0, 1.0],
                [0.583852, 0.048243, -0.810425, -0.0, 0.288399, 0.920801, 0.262584, 0.3, 0.758909, -0.387036, 0.523699, 0.0, 0.0, 0.0, 0.0, 1.0],
                [0.543051, 0.09489, -0.834321, 0.0, 0.001346, 0.993495, 0.113869, 0.3, 0.839698, -0.06296, 0.539391, -0.0, 0.0, 0.0, 0.0, 1.0],
                [0.543051, 0.09489, -0.834321, -0.0, 0.001346, 0.993495, 0.113869, 0.3, 0.839698, -0.06296, 0.539391, -0.0, 0.0, 0.0, 0.0, 1.0]
            ]
        },
        {
            "name": "Head",
            "time": [0.0, 0.5, 0.7, 0.8333, 1.05],
            "transform": [
                [0.727631, -0.225649, -0.647793, -0.0, -0.16058, 0.862077, -0.480663, 0.4, 0.666909, 0.453768, 0.59104, -0.0, 0.0, 0.0, 0.0, 1.0],
                [0.86581, -0.225649, -0.446605, -0.0, -0.036068, 0.862077, -0.505492, 0.4, 0.499072, 0.453767, 0.738256, 0.0, 0.0, 0.0, 0.0, 1.0],
                [0.475213, -0.006713, 0.879845, -0.0, 0.05048, 0.998532, -0.019647, 0.4, -0.878422, 0.053751, 0.474854, -0.0, 0.0, 0.0, 0.0, 1.0],
                [0.757451, -0.006713, 0.652857, 0.0, 0.04017, 0.998532, -0.036339, 0.4, -0.651655, 0.053751, 0.756609, -0.0, 0.0, 0.0, 0.0, 1.0],
                [0.757451, -0.006713, 0.652857, 0.0, 0.04017, 0.998532, -0.036339, 0.4, -0.651655, 0.053751, 0.756609, -0.0, 0.0, 0.0, 0.0, 1.0]
            ]
        },
        {
            "name": "Shoulder_R",
            "time": [0.0, 0.5, 0.7, 1.05],
            "transform": [
                [0.090949, 0.951578, 0.293645, -0.0, 0.020865, -0.296623, 0.954766, 0.4, 0.995637, -0.080708, -0.046832, -0.0, 0.0, 0.0, 0.0, 1.0],
                [0.090949, 0.951578, 0.293645, -0.0, 0.020865, -0.296623, 0.954766, 0.4, 0.995637, -0.080708, -0.046832, 0.0, 0.0, 0.0, 0.0, 1.0],
                [-0.099991, 0.95067, 0.293645, -0.0, 0.079402, -0.286559, 0.954767, 0.4, 0.991815, 0.118784, -0.046832, -0.0, 0.0, 0.0, 0.0, 1.0],
                [-0.099991, 0.95067, 0.293645, 0.0, 0.079402, -0.286559, 0.954766, 0.4, 0.991815, 0.118784, -0.046832, -0.0, 0.0, 0.0, 0.0, 1.0]
            ]
        },
        {
            "name": "Arm_R",
            "time": [0.0, 0.1, 0.5, 0.7, 1.05],
            "transform": [
                [0.295359, -0.451606, -0.841911, -0.0, -0.550213, 0.640012, -0.536331, 0.393861, 0.781044, 0.621641, -0.059447, -0.0, 0.0, 0.0, 0.0, 1.0],
                [0.295359, -0.848284, -0.43952, 0.0, -0.550213, 0.225064, -0.804122, 0.39386, 0.781044, 0.479334, -0.400262, -0.0, 0.0, 0.0, 0.0, 1.0],
                [0.295358, -0.848284, -0.43952, 0.0, -0.550213, 0.225064, -0.804122, 0.39386, 0.781044, 0.479334, -0.400262, 0.0, 0.0, 0.0, 0.0, 1.0],
                [0.295359, 0.048047, -0.954177, -0.0, -0.550213, 0.825036, -0.12877, 0.393861, 0.781044, 0.563034, 0.270117, -0.0, 0.0, 0.0, 0.0, 1.0],
                [0.295359, 0.048047, -0.954177, 0.0, -0.550213, 0.825036, -0.12877, 0.393861, 0.781044, 0.563034, 0.270117, 0.0, 0.0, 0.0, 0.0, 1.0]
            ]
        },
        {
            "name": "Hand_R",
            "time": [0.0, 0.1, 0.2833, 0.5, 0.7, 1.05],
            "transform": [
                [0.999985, 0.002183, 0.005104, 0.0, -0.00125, 0.984372, -0.176101, 0.3, -0.005409, 0.176092, 0.984359, -0.0, 0.0, 0.0, 0.0, 1.0],
                [0.999985, 0.004365, 0.00343, 0.0, -0.00125, 0.779041, -0.626971, 0.3, -0.005409, 0.626957, 0.779035, -0.0, 0.0, 0.0, 0.0, 1.0],
                [0.999984, 0.005351, 0.001481, 0.0, -0.00125, 0.476956, -0.878926, 0.3, -0.005409, 0.878911, 0.476956, 0.0, 0.0, 0.0, 0.0, 1.0],
                [0.999984, 0.005351, 0.001481, 0.0, -0.00125, 0.476956, -0.878926, 0.3, -0.005409, 0.878911, 0.476956, 0.0, 0.0, 0.0, 0.0, 1.0],
                [0.999985, 0.003402, 0.004387, 0.0, -0.00125, 0.907912, -0.41916, 0.3, -0.005409, 0.419148, 0.907902, 0.0, 0.0, 0.0, 0.0, 1.0],
                [0.999985, 0.003402, 0.004387, -0.0, -0.00125, 0.907912, -0.41916, 0.3, -0.005409, 0.419148, 0.907902, -0.0, 0.0, 0.0, 0.0, 1.0]
            ]
        },
        {
            "name": "Tool_R",
            "time": [0.0, 0.1, 0.2833, 0.5, 1.05],
            "transform": [
                [1.0, -0.0, 0.0, 0.0, 0.0, 0.132924, -0.991126, 0.272858, 0.0, 0.990541, 0.132835, -0.0, 0.0, 0.0, 0.0, 1.0],
                [1.0, -0.0, -0.0, -0.0, -0.0, 0.921897, -0.387435, 0.272858, 0.0, 0.387215, 0.921347, 0.0, 0.0, 0.0, 0.0, 1.0],
                [1.0, 0.0, -0.0, -0.0, -0.0, 0.999271, 0.038177, 0.272858, 0.0, -0.038144, 0.99868, -0.0, 0.0, 0.0, 0.0, 1.0],
                [1.0, 0.0, -0.0, -0.0, -0.0, 0.999271, 0.038177, 0.272858, 0.0, -0.038144, 0.99868, -0.0, 0.0, 0.0, 0.0, 1.0],
                [1.0, 0.0, -0.0, 0.0, -0.0, 0.999271, 0.038177, 0.272858, 0.0, -0.038144, 0.99868, -0.0, 0.0, 0.0, 0.0, 1.0]
            ]
        },
        {
            "name": "Elbow_R",
            "time": [0.0, 0.5, 1.05],
            "transform": [
                [-1.0, 0.0, 0.0, 0.0, 0.0, -0.0, -1.0, 0.3, -0.0, -1.0, 0.0, -0.0, 0.0, 0.0, 0.0, 1.0],
                [-1.0, 0.0, -0.0, 0.0, -0.0, -0.0, -1.0, 0.3, -0.0, -1.0, 0.0, 0.0, 0.0, 0.0, 0.0, 1.0],
                [-1.0, 0.0, -0.0, -0.0, -0.0, 0.0, -1.0, 0.3, -0.0, -1.0, 0.0, -0.0, 0.0, 0.0, 0.0, 1.0]
            ]
        },
        {
            "name": "Shoulder_L",
            "time": [0.0, 0.5, 1.05],
            "transform": [
                [-0.194935, -0.933432, -0.301172, -0.0, -0.092838, -0.288124, 0.953082, 0.4, -0.976412, 0.213749, -0.030493, -0.0, 0.0, 0.0, 0.0, 1.0],
                [-0.194935, -0.933432, -0.301172, -0.0, -0.092838, -0.288124, 0.953082, 0.4, -0.976412, 0.213749, -0.030493, 0.0, 0.0, 0.0, 0.0, 1.0],
                [-0.194935, -0.933432, -0.301172, 0.0, -0.092838, -0.288124, 0.953082, 0.4, -0.976413, 0.213749, -0.030493, -0.0, 0.0, 0.0, 0.0, 1.0]
            ]
        },
        {
            "name": "Arm_L",
            "time": [0.0, 0.5, 1.05],
            "transform": [
                [0.079214, 0.130206, 0.988317, 0.0, -0.225458, 0.968083, -0.10947, 0.39386, -0.971027, -0.214152, 0.106042, 0.0, 0.0, 0.0, 0.0, 1.0],
                [0.079214, 0.130206, 0.988318, 0.0, -0.225458, 0.968083, -0.10947, 0.39386, -0.971027, -0.214152, 0.106042, 0.0, 0.0, 0.0, 0.0, 1.0],
                [0.079214, 0.130206, 0.988317, 0.0, -0.225458, 0.968083, -0.10947, 0.39386, -0.971027, -0.214152, 0.106042, 0.0, 0.0, 0.0, 0.0, 1.0]
            ]
        },
        {
            "name": "Hand_L",
            "time": [0.0, 0.5, 1.05],
            "transform": [
                [0.999318, -0.026289, 0.025956, 0.0, 0.036932, 0.728315, -0.684247, 0.3, -0.000916, 0.684738, 0.728789, -0.0, 0.0, 0.0, 0.0, 1.0],
                [0.999317, -0.026289, 0.025956, 0.0, 0.036932, 0.728315, -0.684247, 0.3, -0.000916, 0.684738, 0.728789, -0.0, 0.0, 0.0, 0.0, 1.0],
                [0.999318, -0.026289, 0.025956, -0.0, 0.036932, 0.728315, -0.684247, 0.3, -0.000916, 0.684738, 0.728789, -0.0, 0.0, 0.0, 0.0, 1.0]
            ]
        },
        {
            "name": "Tool_L",
            "time": [0.0, 0.5, 1.05],
            "transform": [
                [0.0, 0.0, 0.0, 0.0, 0.0, 0.0, 0.0, 0.272858, 0.0, 0.0, 0.0, -0.0, 0.0, 0.0, 0.0, 1.0],
                [0.0, 0.0, 0.0, 0.0, 0.0, 0.0, 0.0, 0.272858, 0.0, 0.0, 0.0, 0.0, 0.0, 0.0, 0.0, 1.0],
                [0.0, 0.0, 0.0, -0.0, 0.0, 0.0, 0.0, 0.272858, 0.0, 0.0, 0.0, -0.0, 0.0, 0.0, 0.0, 1.0]
            ]
        },
        {
            "name": "Elbow_L",
            "time": [0.0, 0.5, 1.05],
            "transform": [
                [-1.0, 0.0, -0.0, 0.0, 0.0, -0.0, -1.0, 0.3, -0.0, -1.0, 0.0, -0.0, 0.0, 0.0, 0.0, 1.0],
                [-1.0, 0.0, -0.0, 0.0, 0.0, -0.0, -1.0, 0.3, -0.0, -1.0, -0.0, -0.0, 0.0, 0.0, 0.0, 1.0],
                [-1.0, 0.0, -0.0, -0.0, 0.0, -0.0, -1.0, 0.3, -0.0, -1.0, -0.0, -0.0, 0.0, 0.0, 0.0, 1.0]
            ]
        }
    ]
}