{
    
    "animation": [
        {
            "name": "Root",
            "time": [0.0, 0.3333, 0.7167, 1.0, 1.2333, 1.4],
            "transform": [
                [0.567904, -0.055869, -0.821196, 0.013538, -0.576366, 0.685266, -0.445211, -0.226758, 0.587611, 0.726147, 0.356965, 0.586958, 0.0, 0.0, 0.0, 1.0],
                [0.538781, -0.082718, -0.838375, -0.051613, -0.206957, 0.951676, -0.226897, 0.6872, 0.81663, 0.295756, 0.495625, 2.037112, 0.0, 0.0, 0.0, 1.0],
                [0.898444, -0.082718, 0.431226, -0.051613, 0.19963, 0.951676, -0.23337, 0.873336, -0.391083, 0.295756, 0.87154, 1.755811, 0.0, 0.0, 0.0, 1.0],
                [0.898444, -0.082718, 0.431226, -0.051613, 0.19963, 0.951676, -0.23337, 1.107278, -0.391083, 0.295756, 0.87154, 1.548996, 0.0, 0.0, 0.0, 1.0],
                [0.956418, 0.017603, 0.291471, -0.051237, 0.21036, 0.650755, -0.729566, 1.071635, -0.202519, 0.759084, 0.61869, 0.942791, 0.0, 0.0, 0.0, 1.0],
                [0.912723, 0.238019, 0.33209, -0.051021, 0.181559, 0.491863, -0.851532, 1.189481, -0.366023, 0.837507, 0.40572, 0.684359, 0.0, 0.0, 0.0, 1.0]
            ]
        },
        {
            "name": "Thigh_R",
            "time": [0.0, 0.2, 0.3333, 0.9167, 1.1667, 1.4],
            "transform": [
                [0.89454, 0.339505, -0.290745, 0.124994, 0.4177, -0.866497, 0.273324, -0.002831, -0.159135, -0.365943, -0.916931, -1.2e-05, 0.0, 0.0, 0.0, 1.0],
                [0.86566, 0.450662, -0.218026, 0.124994, 0.440924, -0.892575, -0.094303, -0.002831, -0.237103, -0.014498, -0.971377, -1.2e-05, 0.0, 0.0, 0.0, 1.0],
                [0.86566, 0.450662, -0.218026, 0.124994, 0.440924, -0.892575, -0.094303, -0.002831, -0.237103, -0.014498, -0.971377, -1.2e-05, 0.0, 0.0, 0.0, 1.0],
                [0.86566, 0.450662, -0.218026, 0.124994, 0.440924, -0.892575, -0.094303, -0.002831, -0.237103, -0.014498, -0.971376, -1.2e-05, 0.0, 0.0, 0.0, 1.0],
                [0.799, 0.572057, -0.185331, 0.124994, 0.272912, -0.07034, 0.959464, -0.002831, 0.535833, -0.81719, -0.212324, -1.2e-05, 0.0, 0.0, 0.0, 1.0],
                [0.799, 0.572057, -0.185331, 0.124994, 0.272912, -0.07034, 0.959464, -0.002831, 0.535833, -0.81719, -0.212324, -1.2e-05, 0.0, 0.0, 0.0, 1.0]
            ]
        },
        {
            "name": "Leg_R",
            "time": [0.0, 0.3333, 0.7167, 1.0, 1.2667, 1.4],
            "transform": [
                [1.0, -2e-06, 1e-06, -0.0, -0.0, 0.371147, 0.928573, 0.37472, -2e-06, -0.928575, 0.371147, 0.0, 0.0, 0.0, 0.0, 1.0],
                [1.0, -2e-06, 1e-06, -0.0, -0.0, 0.371147, 0.928573, 0.37472, -2e-06, -0.928575, 0.371147, -0.0, 0.0, 0.0, 0.0, 1.0],
                [1.0, -1e-06, 2e-06, 0.0, -0.0, 0.891657, 0.452713, 0.37472, -2e-06, -0.452714, 0.891655, -0.0, 0.0, 0.0, 0.0, 1.0],
                [1.0, -1e-06, 2e-06, -0.0, -0.0, 0.783769, 0.621053, 0.37472, -2e-06, -0.621054, 0.783768, -0.0, 0.0, 0.0, 0.0, 1.0],
                [1.0, -1e-06, 2e-06, 0.0, -0.0, 0.882672, 0.46999, 0.37472, -2e-06, -0.469991, 0.88267, -0.0, 0.0, 0.0, 0.0, 1.0],
                [1.0, -1e-06, 2e-06, 0.0, -0.0, 0.783769, 0.621053, 0.37472, -2e-06, -0.621054, 0.783768, 0.0, 0.0, 0.0, 0.0, 1.0]
            ]
        },
        {
            "name": "Knee_R",
            "time": [0.0, 0.3333, 0.7167, 1.4],
            "transform": [
                [1.0, 0.0, -0.0, -0.0, -0.0, 0.580487, -0.814269, 0.37472, -0.0, 0.814269, 0.580487, 0.0, 0.0, 0.0, 0.0, 1.0],
                [1.0, 0.0, -0.0, -0.0, -0.0, 0.580487, -0.814269, 0.37472, -0.0, 0.814269, 0.580487, -0.0, 0.0, 0.0, 0.0, 1.0],
                [1.0, 0.0, -0.0, 0.0, -0.0, 0.406103, -0.913828, 0.37472, -0.0, 0.913828, 0.406103, -0.0, 0.0, 0.0, 0.0, 1.0],
                [1.0, 0.0, -0.0, 0.0, -0.0, 0.406103, -0.913828, 0.37472, -0.0, 0.913827, 0.406103, 0.0, 0.0, 0.0, 0.0, 1.0]
            ]
        },
        {
            "name": "Thigh_L",
            "time": [0.0, 0.2, 0.3333, 1.4],
            "transform": [
                [0.866588, -0.497922, 0.03313, -0.125006, -0.027838, 0.01805, 0.999449, -0.002831, -0.498246, -0.867034, 0.00178, -1.2e-05, 0.0, 0.0, 0.0, 1.0],
                [0.912147, -0.406066, -0.05566, -0.125006, -0.093749, -0.338906, 0.936137, -0.002831, -0.398997, -0.848677, -0.347201, -1.2e-05, 0.0, 0.0, 0.0, 1.0],
                [0.912147, -0.406066, -0.05566, -0.125006, -0.093749, -0.338906, 0.936137, -0.002831, -0.398997, -0.848677, -0.347201, -1.2e-05, 0.0, 0.0, 0.0, 1.0],
                [0.912147, -0.247738, -0.326517, -0.125006, -0.093749, -0.90164, 0.422204, -0.002831, -0.398996, -0.354502, -0.845653, -1.2e-05, 0.0, 0.0, 0.0, 1.0]
            ]
        },
        {
            "name": "Leg_L",
            "time": [0.0, 0.2, 0.3333, 1.0, 1.4],
            "transform": [
                [1.0, -1e-06, 0.0, 0.0, 0.0, 0.415878, 0.909421, 0.37472, -1e-06, -0.90942, 0.415878, -0.0, 0.0, 0.0, 0.0, 1.0],
                [1.0, -1e-06, 0.0, 0.0, 0.0, 0.924781, 0.380499, 0.37472, -1e-06, -0.380499, 0.924782, -0.0, 0.0, 0.0, 0.0, 1.0],
                [1.0, -1e-06, 0.0, 0.0, 0.0, 0.924781, 0.380499, 0.37472, -1e-06, -0.380499, 0.924782, 0.0, 0.0, 0.0, 0.0, 1.0],
                [1.0, -1e-06, 0.0, -0.0, 0.0, 0.740346, 0.672226, 0.37472, -1e-06, -0.672226, 0.740346, -0.0, 0.0, 0.0, 0.0, 1.0],
                [1.0, -1e-06, 0.0, 0.0, 0.0, 0.740346, 0.672226, 0.37472, -1e-06, -0.672226, 0.740346, -0.0, 0.0, 0.0, 0.0, 1.0]
            ]
        },
        {
            "name": "Knee_L",
            "time": [0.0, 0.3333, 1.4],
            "transform": [
                [1.0, 0.0, -0.0, 0.0, -0.0, 0.407615, -0.913154, 0.37472, -0.0, 0.913154, 0.407615, -0.0, 0.0, 0.0, 0.0, 1.0],
                [1.0, 0.0, -0.0, 0.0, -0.0, 0.407615, -0.913154, 0.37472, -0.0, 0.913154, 0.407615, 0.0, 0.0, 0.0, 0.0, 1.0],
                [1.0, 0.0, -0.0, 0.0, -0.0, 0.407615, -0.913154, 0.37472, -0.0, 0.913154, 0.407615, -0.0, 0.0, 0.0, 0.0, 1.0]
            ]
        },
        {
            "name": "Torso",
            "time": [0.0, 0.3333, 1.4],
            "transform": [
                [0.981277, 0.019996, -0.191563, 0.0, -0.017548, 0.999741, 0.014471, 0.05, 0.191803, -0.010839, 0.981374, 0.0, 0.0, 0.0, 0.0, 1.0],
                [0.981277, 0.019996, -0.191563, 0.0, -0.017548, 0.999741, 0.014471, 0.05, 0.191803, -0.010839, 0.981374, 0.0, 0.0, 0.0, 0.0, 1.0],
                [0.937753, -0.046629, -0.344158, 0.0, 0.166483, 0.930026, 0.327621, 0.05, 0.3048, -0.364524, 0.879897, 0.0, 0.0, 0.0, 0.0, 1.0]
            ]
        },
        {
            "name": "Chest",
            "time": [0.0, 0.2, 0.3333, 0.7167, 1.4],
            "transform": [
                [0.970061, -0.239193, -0.042052, -0.0, 0.242783, 0.959492, 0.142937, 0.3, 0.00616, -0.148867, 0.988838, 0.0, 0.0, 0.0, 0.0, 1.0],
                [0.861825, -0.239193, -0.447264, 0.0, 0.280418, 0.959492, 0.027205, 0.3, 0.422639, -0.148867, 0.893988, -0.0, 0.0, 0.0, 0.0, 1.0],
                [0.861825, -0.239193, -0.447264, -0.0, 0.280418, 0.959492, 0.027205, 0.3, 0.422639, -0.148867, 0.893988, 0.0, 0.0, 0.0, 0.0, 1.0],
                [0.684984, -0.239193, 0.688174, -0.0, 0.058083, 0.959492, 0.275683, 0.3, -0.726239, -0.148867, 0.67113, -0.0, 0.0, 0.0, 0.0, 1.0],
                [0.938033, -0.239193, 0.250761, -0.0, 0.188751, 0.959492, 0.209159, 0.3, -0.290633, -0.148867, 0.945183, -0.0, 0.0, 0.0, 0.0, 1.0]
            ]
        },
        {
            "name": "Head",
            "time": [0.0, 0.3333, 0.7167, 1.4],
            "transform": [
                [0.702717, -0.012968, 0.711351, -0.0, 0.055561, 0.997781, -0.036697, 0.4, -0.709296, 0.065311, 0.701878, 0.0, 0.0, 0.0, 0.0, 1.0],
                [0.475084, -0.012968, 0.879845, -0.0, 0.063621, 0.997781, -0.019647, 0.4, -0.877638, 0.065311, 0.474854, -0.0, 0.0, 0.0, 0.0, 1.0],
                [0.427091, -0.225649, -0.8756, 0.0, -0.331097, 0.862077, -0.383663, 0.4, 0.841408, 0.453768, 0.293474, 0.0, 0.0, 0.0, 0.0, 1.0],
                [0.932779, -0.168192, -0.318803, -0.0, 0.056797, 0.941994, -0.33079, 0.4, 0.355947, 0.290446, 0.888225, 0.0, 0.0, 0.0, 0.0, 1.0]
            ]
        },
        {
            "name": "Shoulder_R",
            "time": [0.0, 0.2, 0.3333, 0.7167, 1.4],
            "transform": [
                [0.089555, 0.949274, 0.301428, -0.0, -0.003656, -0.302328, 0.953197, 0.4, 0.995975, -0.086466, -0.023605, 0.0, 0.0, 0.0, 0.0, 1.0],
                [-0.125459, 0.947646, 0.293645, 0.0, 0.087061, -0.284326, 0.954766, 0.4, 0.988271, 0.145349, -0.046832, -0.0, 0.0, 0.0, 0.0, 1.0],
                [-0.125459, 0.947646, 0.293645, -0.0, 0.087061, -0.284326, 0.954766, 0.4, 0.988271, 0.145349, -0.046832, -0.0, 0.0, 0.0, 0.0, 1.0],
                [0.090949, 0.951578, 0.293645, 0.0, 0.020865, -0.296623, 0.954766, 0.4, 0.995637, -0.080708, -0.046832, 0.0, 0.0, 0.0, 0.0, 1.0],
                [-0.163068, 0.941903, 0.293645, -0.0, 0.098306, -0.280636, 0.954766, 0.4, 0.981705, 0.184559, -0.046832, 0.0, 0.0, 0.0, 0.0, 1.0]
            ]
        },
        {
            "name": "Arm_R",
            "time": [0.0, 0.3333, 0.7167, 1.4],
            "transform": [
                [0.106185, 0.082154, -0.990947, 0.0, 0.47511, 0.871267, 0.123142, 0.393861, 0.873496, -0.483884, 0.053483, 0.0, 0.0, 0.0, 0.0, 1.0],
                [-0.118273, 0.520451, -0.845661, 0.0, 0.13687, 0.852054, 0.505243, 0.39386, 0.983503, -0.055989, -0.172009, 0.0, 0.0, 0.0, 0.0, 1.0],
                [0.397188, -0.116087, -0.910365, 0.0, -0.498809, 0.805346, -0.320323, 0.39386, 0.770345, 0.581327, 0.261969, 0.0, 0.0, 0.0, 0.0, 1.0],
                [0.142148, -0.388624, -0.910365, -0.0, 0.352472, 0.879293, -0.320323, 0.39386, 0.924964, -0.275345, 0.261969, -0.0, 0.0, 0.0, 0.0, 1.0]
            ]
        },
        {
            "name": "Hand_R",
            "time": [0.0, 0.2, 0.3333, 0.4333, 0.7167, 1.0, 1.4],
            "transform": [
                [0.999985, 0.004268, 0.00355, 0.0, -0.00125, 0.796206, -0.605024, 0.3, -0.005409, 0.60501, 0.796199, -0.0, 0.0, 0.0, 0.0, 1.0],
                [0.999984, 0.001836, 0.005239, -0.0, -0.00125, 0.993966, -0.10968, 0.3, -0.005409, 0.109672, 0.993953, -0.0, 0.0, 0.0, 0.0, 1.0],
                [0.999984, 0.002992, 0.004677, -0.0, -0.00125, 0.942105, -0.335317, 0.3, -0.005409, 0.335306, 0.942094, 0.0, 0.0, 0.0, 0.0, 1.0],
                [0.999985, 0.005449, 0.00106, 0.0, -0.00125, 0.407167, -0.913353, 0.3, -0.005409, 0.913338, 0.407167, -0.0, 0.0, 0.0, 0.0, 1.0],
                [0.999985, 0.002183, 0.005104, 0.0, -0.00125, 0.984371, -0.176101, 0.3, -0.005409, 0.176092, 0.984359, -0.0, 0.0, 0.0, 0.0, 1.0],
                [0.999984, 0.003404, 0.004385, -0.0, -0.00125, 0.90774, -0.419531, 0.3, -0.005409, 0.419519, 0.90773, 0.0, 0.0, 0.0, 0.0, 1.0],
                [0.999985, 0.003404, 0.004385, -0.0, -0.00125, 0.90774, -0.419531, 0.3, -0.005409, 0.419519, 0.90773, 0.0, 0.0, 0.0, 0.0, 1.0]
            ]
        },
        {
            "name": "Tool_R",
            "time": [0.0, 0.2, 0.3333, 0.7167, 1.0, 1.4],
            "transform": [
                [1.0, 0.0, 0.0, 0.0, 0.0, -0.944043, -0.329823, 0.272858, 0.0, 0.329618, -0.943487, -0.0, 0.0, 0.0, 0.0, 1.0],
                [1.0, 0.0, 0.0, -0.0, -0.0, -0.941029, 0.338325, 0.272858, 0.0, -0.338135, -0.940468, 0.0, 0.0, 0.0, 0.0, 1.0],
                [1.0, -0.0, 0.0, 0.0, -0.0, -0.941029, 0.338325, 0.272858, 0.0, -0.338135, -0.940468, -0.0, 0.0, 0.0, 0.0, 1.0],
                [1.0, -0.0, 0.0, -0.0, 0.0, 0.132924, -0.991126, 0.272858, 0.0, 0.990541, 0.132835, -0.0, 0.0, 0.0, 0.0, 1.0],
                [1.0, -0.0, 0.0, 0.0, 0.0, 0.132924, -0.991126, 0.272858, 0.0, 0.990541, 0.132835, 0.0, 0.0, 0.0, 0.0, 1.0],
                [1.0, -0.0, 0.0, -0.0, 0.0, 0.132924, -0.991126, 0.272858, 0.0, 0.990541, 0.132835, -0.0, 0.0, 0.0, 0.0, 1.0]
            ]
        },
        {
            "name": "Elbow_R",
            "time": [0.0, 0.3333, 1.4],
            "transform": [
                [-1.0, 0.0, -0.0, 0.0, 0.0, -0.0, -1.0, 0.3, -0.0, -1.0, 0.0, -0.0, 0.0, 0.0, 0.0, 1.0],
                [-1.0, 0.0, 0.0, -0.0, 0.0, -0.0, -1.0, 0.3, -0.0, -1.0, 0.0, 0.0, 0.0, 0.0, 0.0, 1.0],
                [-1.0, 0.0, -0.0, -0.0, 0.0, -0.0, -1.0, 0.3, -0.0, -1.0, 0.0, 0.0, 0.0, 0.0, 0.0, 1.0]
            ]
        },
        {
            "name": "Shoulder_L",
            "time": [0.0, 0.3333, 1.4],
            "transform": [
                [-0.194935, -0.933432, -0.301172, -0.0, -0.092838, -0.288124, 0.953082, 0.4, -0.976413, 0.213749, -0.030493, 0.0, 0.0, 0.0, 0.0, 1.0],
                [-0.194935, -0.933432, -0.301172, -0.0, -0.092838, -0.288124, 0.953082, 0.4, -0.976413, 0.213749, -0.030493, -0.0, 0.0, 0.0, 0.0, 1.0],
                [-0.194935, -0.933432, -0.301172, -0.0, -0.092838, -0.288124, 0.953082, 0.4, -0.976413, 0.213749, -0.030493, 0.0, 0.0, 0.0, 0.0, 1.0]
            ]
        },
        {
            "name": "Arm_L",
            "time": [0.0, 0.2, 0.3333, 1.4],
            "transform": [
                [0.061891, 0.286705, 0.956018, -0.0, 0.292309, 0.910647, -0.292022, 0.39386, -0.954319, 0.297526, -0.027445, 0.0, 0.0, 0.0, 0.0, 1.0],
                [0.150298, 0.121261, 0.981176, 0.0, 0.568086, 0.801653, -0.186094, 0.39386, -0.809128, 0.585362, 0.0516, -0.0, 0.0, 0.0, 0.0, 1.0],
                [0.150298, 0.029505, 0.9882, 0.0, 0.568086, 0.815483, -0.110749, 0.393861, -0.809128, 0.578028, 0.105804, -0.0, 0.0, 0.0, 0.0, 1.0],
                [0.078429, 0.131563, 0.9882, 0.0, -0.227468, 0.967467, -0.110749, 0.393861, -0.970622, -0.216098, 0.105804, -0.0, 0.0, 0.0, 0.0, 1.0]
            ]
        },
        {
            "name": "Hand_L",
            "time": [0.0, 0.2, 0.3333, 1.0, 1.4],
            "transform": [
                [0.99932, -0.035435, 0.010227, -0.0, 0.03687, 0.966806, -0.25284, 0.3, -0.000928, 0.253045, 0.967454, 0.0, 0.0, 0.0, 0.0, 1.0],
                [0.99932, -0.036549, 0.00494, 0.0, 0.03687, 0.993374, -0.108855, 0.3, -0.000929, 0.108963, 0.994046, 0.0, 0.0, 0.0, 0.0, 1.0],
                [0.99932, -0.032254, 0.017886, -0.0, 0.03687, 0.885866, -0.462475, 0.3, -0.000928, 0.462819, 0.886452, 0.0, 0.0, 0.0, 0.0, 1.0],
                [0.99932, -0.025614, 0.026536, -0.0, 0.03687, 0.71192, -0.701293, 0.3, -0.000928, 0.701794, 0.71238, -0.0, 0.0, 0.0, 0.0, 1.0],
                [0.99932, -0.025614, 0.026536, -0.0, 0.03687, 0.71192, -0.701293, 0.3, -0.000928, 0.701794, 0.71238, -0.0, 0.0, 0.0, 0.0, 1.0]
            ]
        },
        {
            "name": "Tool_L",
            "time": [0.0, 0.3333, 1.4],
            "transform": [
                [0.0, 0.0, 0.0, -0.0, 0.0, 0.0, 0.0, 0.272858, 0.0, 0.0, 0.0, -0.0, 0.0, 0.0, 0.0, 1.0],
                [0.0, 0.0, 0.0, -0.0, 0.0, 0.0, 0.0, 0.272858, 0.0, 0.0, 0.0, 0.0, 0.0, 0.0, 0.0, 1.0],
                [0.0, 0.0, 0.0, 0.0, 0.0, 0.0, 0.0, 0.272858, 0.0, 0.0, 0.0, 0.0, 0.0, 0.0, 0.0, 1.0]
            ]
        },
        {
            "name": "Elbow_L",
            "time": [0.0, 0.3333, 1.4],
            "transform": [
                [-1.0, 0.0, -0.0, -0.0, 0.0, -0.0, -1.0, 0.3, -0.0, -1.0, -0.0, 0.0, 0.0, 0.0, 0.0, 1.0],
                [-1.0, 0.0, -0.0, -0.0, 0.0, -0.0, -1.0, 0.3, -0.0, -1.0, -0.0, 0.0, 0.0, 0.0, 0.0, 1.0],
                [-1.0, 0.0, -0.0, -0.0, 0.0, -0.0, -1.0, 0.3, -0.0, -1.0, -0.0, -0.0, 0.0, 0.0, 0.0, 1.0]
            ]
        }
    ]
}