{
    
    "animation": [
        {
            "name": "Root",
            "time": [0.0, 0.15, 0.2833, 0.45, 0.5333, 0.75, 1.0667, 1.45, 1.75, 2.1667, 2.2333],
            "transform": [
                [0.885373, 0.0, 0.464882, -5e-06, 0.464882, 0.0, -0.885373, 0.000946, 0.0, 1.0, 0.0, 0.755725, 0.0, 0.0, 0.0, 1.0],
                [0.788169, 0.016909, -0.615227, 0.150668, -0.578565, -0.320537, -0.750012, 0.501229, -0.209885, 0.947085, -0.242854, 0.796471, 0.0, 0.0, 0.0, 1.0],
                [0.788169, 0.016909, -0.615227, 0.150668, -0.578565, -0.320537, -0.750012, 0.501229, -0.209885, 0.947085, -0.242854, 0.796471, 0.0, 0.0, 0.0, 1.0],
                [0.788169, 0.016909, -0.615227, 0.168558, -0.578565, -0.320537, -0.750012, 1.200816, -0.209885, 0.947085, -0.242854, 0.741521, 0.0, 0.0, 0.0, 1.0],
                [0.788169, 0.016909, -0.615227, 0.15213, -0.578565, -0.320537, -0.750012, 1.213221, -0.209885, 0.947085, -0.242854, 0.745726, 0.0, 0.0, 0.0, 1.0],
                [-0.283749, 0.089562, -0.954707, 0.176587, -0.957099, 0.03451, 0.287698, 1.692432, 0.058713, 0.995383, 0.075928, 0.723961, 0.0, 0.0, 0.0, 1.0],
                [-0.592089, 0.089562, 0.80088, -0.058118, 0.805474, 0.03451, 0.591626, 2.018171, 0.025349, 0.995383, -0.092573, 0.775217, 0.0, 0.0, 0.0, 1.0],
                [-0.355152, 0.049228, 0.933511, -0.058118, 0.927681, 0.141641, 0.345464, 2.018171, -0.115216, 0.988693, -0.095972, 0.775217, 0.0, 0.0, 0.0, 1.0],
                [0.997515, 0.049228, 0.050395, 0.01164, 0.042974, 0.141641, -0.988985, 2.653369, -0.055824, 0.988693, 0.139173, 0.638196, 0.0, 0.0, 0.0, 1.0],
                [0.997515, 0.049228, 0.050395, 0.01164, 0.042974, 0.141641, -0.988985, 2.798926, -0.055824, 0.988693, 0.139173, 0.638196, 0.0, 0.0, 0.0, 1.0],
                [0.997515, 0.049228, 0.050395, 0.01164, 0.042974, 0.141641, -0.988985, 2.798926, -0.055824, 0.988693, 0.139173, 0.638196, 0.0, 0.0, 0.0, 1.0]
            ]
        },
        {
            "name": "Thigh_R",
            "time": [0.0, 0.15, 0.2833, 0.45, 0.5333, 0.75, 1.0667, 1.45, 1.75, 2.1667, 2.2333],
            "transform": [
                [0.867241, 0.196843, 0.457324, 0.124994, -0.010013, -0.911445, 0.411296, -0.002831, 0.497787, -0.361271, -0.788474, -1.2e-05, 0.0, 0.0, 0.0, 1.0],
                [0.765579, 0.097097, 0.635972, 0.124994, 0.178672, -0.981744, -0.065196, -0.002831, 0.618033, 0.163543, -0.768953, -1.2e-05, 0.0, 0.0, 0.0, 1.0],
                [0.775162, 0.141474, 0.615719, 0.124994, 0.165639, -0.986019, 0.018027, -0.002831, 0.609662, 0.088013, -0.78776, -1.2e-05, 0.0, 0.0, 0.0, 1.0],
                [0.616148, 0.462747, 0.637359, 0.124994, 0.637343, -0.768373, -0.058263, -0.002831, 0.462769, 0.442115, -0.768361, -1.2e-05, 0.0, 0.0, 0.0, 1.0],
                [0.616148, 0.462747, 0.637359, 0.124994, 0.637343, -0.768373, -0.058263, -0.002831, 0.462769, 0.442115, -0.768361, -1.2e-05, 0.0, 0.0, 0.0, 1.0],
                [0.373223, 0.884534, 0.279823, 0.124994, 0.80717, -0.458288, 0.372085, -0.002831, 0.457361, 0.086994, -0.885016, -1.2e-05, 0.0, 0.0, 0.0, 1.0],
                [0.373223, 0.728399, -0.574576, 0.124994, 0.80717, 0.050371, 0.588165, -0.002831, 0.457361, -0.683296, -0.569144, -1.2e-05, 0.0, 0.0, 0.0, 1.0],
                [0.373223, 0.678133, -0.633117, 0.124994, 0.80717, 0.099073, 0.581945, -0.002831, 0.457362, -0.728228, -0.510395, -1.2e-05, 0.0, 0.0, 0.0, 1.0],
                [0.989098, 0.100016, -0.108081, 0.124994, 0.147247, -0.662699, 0.734266, -0.002831, 0.001813, -0.742174, -0.670203, -1.2e-05, 0.0, 0.0, 0.0, 1.0],
                [0.989098, 0.091583, -0.115314, 0.124994, 0.147247, -0.605453, 0.78214, -0.002831, 0.001813, -0.790591, -0.61234, -1.2e-05, 0.0, 0.0, 0.0, 1.0],
                [0.989098, 0.091583, -0.115314, 0.124994, 0.147247, -0.605453, 0.78214, -0.002831, 0.001813, -0.790591, -0.61234, -1.2e-05, 0.0, 0.0, 0.0, 1.0]
            ]
        },
        {
            "name": "Leg_R",
            "time": [0.0, 0.15, 0.2833, 0.5333, 0.75, 1.0667, 1.45, 1.75, 2.1667, 2.2333],
            "transform": [
                [1.0, -1e-06, 2e-06, -0.0, -0.0, 0.926377, 0.376598, 0.37472, -2e-06, -0.376598, 0.926376, 0.0, 0.0, 0.0, 0.0, 1.0],
                [1.0, -0.0, 2e-06, -0.0, -0.0, 0.984742, 0.174024, 0.37472, -2e-06, -0.174025, 0.98474, 0.0, 0.0, 0.0, 0.0, 1.0],
                [1.0, -0.0, 2e-06, -0.0, -0.0, 0.984742, 0.174024, 0.37472, -2e-06, -0.174025, 0.98474, 0.0, 0.0, 0.0, 0.0, 1.0],
                [1.0, -0.0, 2e-06, -0.0, -0.0, 0.984742, 0.174024, 0.37472, -2e-06, -0.174025, 0.98474, 0.0, 0.0, 0.0, 0.0, 1.0],
                [1.0, -1e-06, 1e-06, -0.0, -0.0, 0.427001, 0.90425, 0.37472, -2e-06, -0.904252, 0.427001, 0.0, 0.0, 0.0, 0.0, 1.0],
                [1.0, -1e-06, 0.0, 0.0, -0.0, -0.282055, 0.959398, 0.37472, -1e-06, -0.959399, -0.282054, -0.0, 0.0, 0.0, 0.0, 1.0],
                [1.0, -2e-06, -0.0, 0.0, -0.0, -0.282055, 0.959398, 0.37472, -1e-06, -0.959399, -0.282054, 0.0, 0.0, 0.0, 0.0, 1.0],
                [1.0, -0.0, 2e-06, -0.0, -0.0, 0.962663, 0.270704, 0.37472, -2e-06, -0.270705, 0.962662, -0.0, 0.0, 0.0, 0.0, 1.0],
                [0.998466, -0.05017, -0.023415, -0.0, 0.055242, 0.930982, 0.360862, 0.37472, 0.003694, -0.361603, 0.932324, -0.0, 0.0, 0.0, 0.0, 1.0],
                [0.998466, -0.05017, -0.023415, -0.0, 0.055242, 0.930982, 0.360862, 0.37472, 0.003694, -0.361603, 0.932324, -0.0, 0.0, 0.0, 0.0, 1.0]
            ]
        },
        {
            "name": "Knee_R",
            "time": [0.0, 0.2833, 0.5333, 1.45, 2.1667, 2.2333],
            "transform": [
                [1.0, 0.0, -0.0, -0.0, -0.0, 1e-06, -1.0, 0.37472, -0.0, 1.0, 1e-06, 0.0, 0.0, 0.0, 0.0, 1.0],
                [1.0, 0.0, -0.0, -0.0, -0.0, 1e-06, -1.0, 0.37472, -0.0, 1.0, 1e-06, 0.0, 0.0, 0.0, 0.0, 1.0],
                [1.0, 0.0, -0.0, -0.0, -0.0, 1e-06, -1.0, 0.37472, -0.0, 1.0, 1e-06, 0.0, 0.0, 0.0, 0.0, 1.0],
                [1.0, 0.0, -0.0, 0.0, -0.0, 1e-06, -1.0, 0.37472, -0.0, 1.0, 1e-06, 0.0, 0.0, 0.0, 0.0, 1.0],
                [1.0, 0.0, -0.0, -0.0, -0.0, 1e-06, -1.0, 0.37472, -0.0, 1.0, 1e-06, -0.0, 0.0, 0.0, 0.0, 1.0],
                [1.0, 0.0, -0.0, -0.0, -0.0, 1e-06, -1.0, 0.37472, -0.0, 1.0, 1e-06, -0.0, 0.0, 0.0, 0.0, 1.0]
            ]
        },
        {
            "name": "Thigh_L",
            "time": [0.0, 0.15, 0.2833, 0.45, 0.5333, 0.75, 1.45, 1.75, 2.1667, 2.2333],
            "transform": [
                [0.970002, -0.090553, 0.2256, -0.125006, -0.110969, -0.990639, 0.079498, -0.002831, 0.216289, -0.102147, -0.970971, -1.2e-05, 0.0, 0.0, 0.0, 1.0],
                [0.752733, 0.270567, 0.600154, -0.125006, -0.658149, 0.288249, 0.695522, -0.002831, 0.015192, -0.918535, 0.395048, -1.2e-05, 0.0, 0.0, 0.0, 1.0],
                [0.714226, 0.466072, 0.522167, -0.125006, -0.697816, 0.531906, 0.479717, -0.002831, -0.054161, -0.707003, 0.705133, -1.2e-05, 0.0, 0.0, 0.0, 1.0],
                [0.608348, -0.631062, 0.481324, -0.125006, -0.77133, -0.327219, 0.545873, -0.002831, -0.186981, -0.703341, -0.68582, -1.2e-05, 0.0, 0.0, 0.0, 1.0],
                [0.608348, -0.631062, 0.481324, -0.125006, -0.77133, -0.327219, 0.545873, -0.002831, -0.186981, -0.703341, -0.68582, -1.2e-05, 0.0, 0.0, 0.0, 1.0],
                [0.319577, -0.040937, -0.946675, -0.125006, 0.032662, -0.997997, 0.054182, -0.002831, -0.946997, -0.048235, -0.3176, -1.2e-05, 0.0, 0.0, 0.0, 1.0],
                [0.319577, -0.040937, -0.946675, -0.125006, 0.032662, -0.997997, 0.054182, -0.002831, -0.946997, -0.048235, -0.3176, -1.2e-05, 0.0, 0.0, 0.0, 1.0],
                [0.999119, -0.036494, -0.02067, -0.125006, -0.040446, -0.968774, -0.244626, -0.002831, -0.011098, 0.245247, -0.969397, -1.2e-05, 0.0, 0.0, 0.0, 1.0],
                [0.999119, -0.033606, -0.025094, -0.125006, -0.040446, -0.930334, -0.364475, -0.002831, -0.011098, 0.36517, -0.930874, -1.2e-05, 0.0, 0.0, 0.0, 1.0],
                [0.999119, -0.033606, -0.025094, -0.125006, -0.040446, -0.930334, -0.364475, -0.002831, -0.011098, 0.36517, -0.930874, -1.2e-05, 0.0, 0.0, 0.0, 1.0]
            ]
        },
        {
            "name": "Leg_L",
            "time": [0.0, 0.15, 0.2833, 0.45, 0.5333, 1.45, 1.75, 2.1667, 2.2333],
            "transform": [
                [1.0, -1e-06, 0.0, -0.0, 0.0, 0.719376, 0.694621, 0.37472, -1e-06, -0.69462, 0.719376, 0.0, 0.0, 0.0, 0.0, 1.0],
                [1.0, -1e-06, -1e-06, 0.0, 0.0, -0.492874, 0.8701, 0.37472, -1e-06, -0.8701, -0.492875, -0.0, 0.0, 0.0, 0.0, 1.0],
                [1.0, -1e-06, -1e-06, -0.0, 0.0, -0.340909, 0.940096, 0.37472, -1e-06, -0.940096, -0.340909, -0.0, 0.0, 0.0, 0.0, 1.0],
                [1.0, -0.0, 1e-06, 0.0, 0.0, 0.999276, 0.038046, 0.37472, -1e-06, -0.038046, 0.999276, -0.0, 0.0, 0.0, 0.0, 1.0],
                [1.0, -0.0, 1e-06, 0.0, 0.0, 0.999276, 0.038046, 0.37472, -1e-06, -0.038046, 0.999276, 0.0, 0.0, 0.0, 0.0, 1.0],
                [1.0, -0.0, 1e-06, -0.0, 0.0, 0.999276, 0.038046, 0.37472, -1e-06, -0.038046, 0.999276, -0.0, 0.0, 0.0, 0.0, 1.0],
                [1.0, -1e-06, 1e-06, -0.0, 0.0, 0.894258, 0.447551, 0.37472, -1e-06, -0.44755, 0.894259, 0.0, 0.0, 0.0, 0.0, 1.0],
                [1.0, -1e-06, 1e-06, 0.0, 0.0, 0.961054, 0.276361, 0.37472, -1e-06, -0.276361, 0.961054, -0.0, 0.0, 0.0, 0.0, 1.0],
                [1.0, -1e-06, 1e-06, 0.0, 0.0, 0.961054, 0.276361, 0.37472, -1e-06, -0.276361, 0.961054, -0.0, 0.0, 0.0, 0.0, 1.0]
            ]
        },
        {
            "name": "Knee_L",
            "time": [0.0, 0.15, 0.2833, 0.45, 0.5333, 1.45, 2.1667, 2.2333],
            "transform": [
                [1.0, 0.0, -0.0, -0.0, -0.0, 1e-06, -1.0, 0.37472, -0.0, 1.0, 1e-06, 0.0, 0.0, 0.0, 0.0, 1.0],
                [1.0, 0.0, 0.0, 0.0, -0.0, 0.829924, -0.557877, 0.37472, -0.0, 0.557877, 0.829924, -0.0, 0.0, 0.0, 0.0, 1.0],
                [1.0, 0.0, 0.0, -0.0, -0.0, 0.829924, -0.557877, 0.37472, -0.0, 0.557877, 0.829924, -0.0, 0.0, 0.0, 0.0, 1.0],
                [1.0, 0.0, -0.0, 0.0, -0.0, 0.127307, -0.991863, 0.37472, -0.0, 0.991863, 0.127307, -0.0, 0.0, 0.0, 0.0, 1.0],
                [1.0, 0.0, -0.0, 0.0, -0.0, 0.127307, -0.991863, 0.37472, -0.0, 0.991863, 0.127307, 0.0, 0.0, 0.0, 0.0, 1.0],
                [1.0, 0.0, -0.0, -0.0, -0.0, 0.127307, -0.991863, 0.37472, -0.0, 0.991863, 0.127307, -0.0, 0.0, 0.0, 0.0, 1.0],
                [1.0, 0.0, -0.0, 0.0, -0.0, 0.127307, -0.991863, 0.37472, -0.0, 0.991863, 0.127307, -0.0, 0.0, 0.0, 0.0, 1.0],
                [1.0, 0.0, -0.0, 0.0, -0.0, 0.127307, -0.991863, 0.37472, -0.0, 0.991863, 0.127307, -0.0, 0.0, 0.0, 0.0, 1.0]
            ]
        },
        {
            "name": "Torso",
            "time": [0.0, 0.15, 0.2833, 0.45, 0.5333, 0.75, 1.45, 1.75, 2.1667, 2.2333],
            "transform": [
                [0.981277, 0.019996, -0.191563, -0.0, -0.017548, 0.999741, 0.014471, 0.05, 0.191803, -0.010839, 0.981374, 0.0, 0.0, 0.0, 0.0, 1.0],
                [0.977818, -0.065317, -0.199014, 0.0, 0.087598, 0.990576, 0.105288, 0.05, 0.190261, -0.120386, 0.974324, 0.0, 0.0, 0.0, 0.0, 1.0],
                [0.977818, -0.065317, -0.199014, 0.0, 0.087598, 0.990576, 0.105288, 0.05, 0.190261, -0.120386, 0.974324, 0.0, 0.0, 0.0, 0.0, 1.0],
                [0.963414, 0.16473, -0.211417, -0.0, -0.21582, 0.94454, -0.247519, 0.05, 0.158918, 0.284092, 0.945535, 0.0, 0.0, 0.0, 0.0, 1.0],
                [0.969624, 0.135974, -0.203324, -0.0, -0.173951, 0.967718, -0.182381, 0.05, 0.171961, 0.212209, 0.961975, -0.0, 0.0, 0.0, 0.0, 1.0],
                [0.949749, -0.237983, -0.203324, -0.0, 0.202069, 0.96224, -0.182381, 0.05, 0.23905, 0.132131, 0.961975, -0.0, 0.0, 0.0, 0.0, 1.0],
                [0.949749, -0.237983, -0.203324, -0.0, 0.202069, 0.96224, -0.182381, 0.05, 0.23905, 0.132131, 0.961975, 0.0, 0.0, 0.0, 0.0, 1.0],
                [0.987888, 0.055807, -0.144786, 0.0, -0.06285, 0.997029, -0.044532, 0.05, 0.141871, 0.053093, 0.98846, 0.0, 0.0, 0.0, 0.0, 1.0],
                [0.987888, 0.055807, -0.144786, 0.0, -0.06285, 0.997029, -0.044532, 0.05, 0.141871, 0.053093, 0.98846, 0.0, 0.0, 0.0, 0.0, 1.0],
                [0.987888, 0.055807, -0.144786, 0.0, -0.06285, 0.997029, -0.044532, 0.05, 0.141871, 0.053093, 0.98846, 0.0, 0.0, 0.0, 0.0, 1.0]
            ]
        },
        {
            "name": "Chest",
            "time": [0.0, 0.15, 0.2833, 0.45, 0.5333, 1.0667, 1.45, 1.75, 2.1667, 2.2333],
            "transform": [
                [0.999771, -0.021411, -0.000206, 0.0, 0.021411, 0.999586, 0.019228, 0.3, -0.000206, -0.019228, 0.999815, -0.0, 0.0, 0.0, 0.0, 1.0],
                [0.878732, -0.451188, -0.15575, -0.0, 0.477294, 0.827542, 0.295574, 0.3, -0.00447, -0.334069, 0.942538, 0.0, 0.0, 0.0, 0.0, 1.0],
                [0.878732, -0.451188, -0.15575, -0.0, 0.477294, 0.827542, 0.295574, 0.3, -0.00447, -0.334069, 0.942538, 0.0, 0.0, 0.0, 0.0, 1.0],
                [0.931081, -0.210804, -0.297743, -0.0, 0.232827, 0.97169, 0.040118, 0.3, 0.280857, -0.106675, 0.953803, -0.0, 0.0, 0.0, 0.0, 1.0],
                [0.927976, -0.220825, -0.300162, 0.0, 0.251589, 0.965476, 0.06752, 0.3, 0.274889, -0.138175, 0.951496, 0.0, 0.0, 0.0, 0.0, 1.0],
                [0.851513, -0.220825, 0.475565, 0.0, 0.121771, 0.965476, 0.230278, 0.3, -0.509998, -0.138175, 0.849005, -0.0, 0.0, 0.0, 0.0, 1.0],
                [0.7302, -0.290046, 0.618612, -0.0, -0.090046, 0.856667, 0.507951, 0.3, -0.677274, -0.426609, 0.599421, -0.0, 0.0, 0.0, 0.0, 1.0],
                [0.469925, -0.070175, -0.879912, 0.0, 0.405986, 0.902326, 0.144858, 0.3, 0.783802, -0.425305, 0.452516, 0.0, 0.0, 0.0, 0.0, 1.0],
                [0.515869, -0.030375, -0.856129, -0.0, 0.271016, 0.953829, 0.129462, 0.3, 0.812668, -0.29881, 0.500283, 0.0, 0.0, 0.0, 0.0, 1.0],
                [0.515869, -0.030375, -0.856129, -0.0, 0.271016, 0.953829, 0.129462, 0.3, 0.812668, -0.29881, 0.500283, 0.0, 0.0, 0.0, 0.0, 1.0]
            ]
        },
        {
            "name": "Head",
            "time": [0.0, 0.15, 0.2833, 0.45, 0.5333, 1.0667, 1.45, 1.75, 2.1667, 2.2333],
            "transform": [
                [0.932993, -0.012968, -0.359661, -0.0, -0.011419, 0.997781, -0.065599, 0.4, 0.359713, 0.065311, 0.930774, -0.0, 0.0, 0.0, 0.0, 1.0],
                [0.420848, -0.107859, 0.900696, -0.0, 0.064696, 0.993946, 0.088797, 0.4, -0.904821, 0.020901, 0.425278, -0.0, 0.0, 0.0, 0.0, 1.0],
                [0.420848, -0.107859, 0.900696, -0.0, 0.064696, 0.993946, 0.088797, 0.4, -0.904821, 0.020901, 0.425278, -0.0, 0.0, 0.0, 0.0, 1.0],
                [0.434117, -0.017017, 0.900696, -0.0, -0.145609, 0.985349, 0.088797, 0.4, -0.889011, -0.169697, 0.425279, 0.0, 0.0, 0.0, 0.0, 1.0],
                [0.434117, -0.017017, 0.900696, -0.0, -0.145609, 0.985349, 0.088797, 0.4, -0.889011, -0.169697, 0.425279, 0.0, 0.0, 0.0, 0.0, 1.0],
                [0.793092, -0.051491, -0.606922, -0.0, 0.100603, 0.993809, 0.047148, 0.4, 0.600737, -0.098451, 0.793362, 0.0, 0.0, 0.0, 0.0, 1.0],
                [0.768962, 0.05141, -0.637224, -0.0, -0.217443, 0.958366, -0.185077, 0.4, 0.601178, 0.280878, 0.748126, -0.0, 0.0, 0.0, 0.0, 1.0],
                [0.456492, 0.083699, 0.885782, 0.0, -0.064258, 0.996067, -0.061005, 0.4, -0.887404, -0.02907, 0.460075, 0.0, 0.0, 0.0, 0.0, 1.0],
                [0.49692, 0.164987, 0.851968, 0.0, 0.120287, 0.959188, -0.255909, 0.4, -0.859419, 0.229647, 0.456794, 0.0, 0.0, 0.0, 0.0, 1.0],
                [0.49692, 0.164987, 0.851968, 0.0, 0.120287, 0.959188, -0.255909, 0.4, -0.859419, 0.229647, 0.456794, 0.0, 0.0, 0.0, 0.0, 1.0]
            ]
        },
        {
            "name": "Shoulder_R",
            "time": [0.0, 0.2833, 0.5333, 1.45, 1.75, 2.1667, 2.2333],
            "transform": [
                [0.089555, 0.949274, 0.301428, -0.0, -0.003656, -0.302328, 0.953197, 0.4, 0.995975, -0.086466, -0.023605, -0.0, 0.0, 0.0, 0.0, 1.0],
                [0.089555, 0.949274, 0.301428, -0.0, -0.003656, -0.302328, 0.953197, 0.4, 0.995975, -0.086466, -0.023605, -0.0, 0.0, 0.0, 0.0, 1.0],
                [0.089555, 0.949274, 0.301428, -0.0, -0.003656, -0.302328, 0.953197, 0.4, 0.995975, -0.086466, -0.023605, 0.0, 0.0, 0.0, 0.0, 1.0],
                [0.089555, 0.779895, 0.619469, -0.0, -0.003656, -0.621707, 0.783241, 0.4, 0.995975, -0.072408, -0.052826, -0.0, 0.0, 0.0, 0.0, 1.0],
                [0.13371, 0.944535, 0.299957, 0.0, 0.190647, -0.321537, 0.927506, 0.4, 0.97251, -0.066831, -0.223066, 0.0, 0.0, 0.0, 0.0, 1.0],
                [0.13371, 0.98769, -0.081179, 0.0, 0.190647, 0.054749, 0.980131, 0.4, 0.97251, -0.14653, -0.18098, 0.0, 0.0, 0.0, 0.0, 1.0],
                [0.13371, 0.98769, -0.081179, 0.0, 0.190647, 0.054749, 0.980131, 0.4, 0.97251, -0.14653, -0.18098, 0.0, 0.0, 0.0, 0.0, 1.0]
            ]
        },
        {
            "name": "Arm_R",
            "time": [0.0, 0.15, 0.2833, 0.5333, 1.0667, 1.45, 1.75, 2.1667, 2.2333],
            "transform": [
                [0.134248, 0.001401, -0.990947, 0.0, 0.904713, 0.407837, 0.123142, 0.39386, 0.404317, -0.913054, 0.053483, 0.0, 0.0, 0.0, 0.0, 1.0],
                [0.119597, 0.060999, -0.990947, 0.0, 0.628687, 0.767847, 0.123142, 0.39386, 0.768407, -0.637723, 0.053483, 0.0, 0.0, 0.0, 0.0, 1.0],
                [0.182183, -0.016627, -0.983124, 0.0, 0.83189, 0.535635, 0.145099, 0.39386, 0.524183, -0.844286, 0.111415, 0.0, 0.0, 0.0, 0.0, 1.0],
                [0.163368, 0.075984, -0.983635, 0.0, 0.327789, 0.936208, 0.126762, 0.39386, 0.930519, -0.343133, 0.128039, 0.0, 0.0, 0.0, 0.0, 1.0],
                [-0.052728, -0.680866, -0.730507, 0.0, 0.134435, 0.720026, -0.680801, 0.39386, 0.989519, -0.134103, 0.053566, -0.0, 0.0, 0.0, 0.0, 1.0],
                [0.363796, -0.577377, -0.73095, -0.0, -0.441802, 0.583884, -0.681095, 0.393861, 0.820039, 0.570715, -0.042672, -0.0, 0.0, 0.0, 0.0, 1.0],
                [0.390643, -0.181139, -0.902545, -0.0, 0.094923, 0.983149, -0.156231, 0.39386, 0.915635, -0.024642, 0.401254, 0.0, 0.0, 0.0, 0.0, 1.0],
                [0.470463, -0.275841, -0.838199, 0.0, 0.31914, 0.938775, -0.129813, 0.393861, 0.822688, -0.206431, 0.52969, 0.0, 0.0, 0.0, 0.0, 1.0],
                [0.470463, -0.275841, -0.838199, 0.0, 0.31914, 0.938775, -0.129813, 0.393861, 0.822688, -0.206431, 0.52969, 0.0, 0.0, 0.0, 0.0, 1.0]
            ]
        },
        {
            "name": "Hand_R",
            "time": [0.0, 0.15, 0.2833, 0.5333, 1.0667, 1.45, 1.75, 2.1667, 2.2333],
            "transform": [
                [0.999985, 0.001325, 0.005391, 0.0, -0.00125, 0.999903, -0.013885, 0.3, -0.005409, 0.013878, 0.999889, -0.0, 0.0, 0.0, 0.0, 1.0],
                [0.999985, 0.003224, 0.004519, -0.0, -0.00125, 0.923949, -0.382514, 0.3, -0.005409, 0.382502, 0.923939, 0.0, 0.0, 0.0, 0.0, 1.0],
                [0.999985, 0.003224, 0.004519, -0.0, -0.00125, 0.923949, -0.382514, 0.3, -0.005409, 0.382502, 0.923939, 0.0, 0.0, 0.0, 0.0, 1.0],
                [0.999985, 0.003224, 0.004519, 0.0, -0.00125, 0.923949, -0.382514, 0.3, -0.005409, 0.382502, 0.923939, 0.0, 0.0, 0.0, 0.0, 1.0],
                [0.999985, 0.004335, 0.003468, -0.0, -0.00125, 0.784495, -0.620134, 0.3, -0.005409, 0.62012, 0.784488, 0.0, 0.0, 0.0, 0.0, 1.0],
                [0.999985, 0.004335, 0.003468, -0.0, -0.00125, 0.784495, -0.620134, 0.3, -0.005409, 0.62012, 0.784488, -0.0, 0.0, 0.0, 0.0, 1.0],
                [0.999985, 0.001581, 0.005322, 0.0, -0.00125, 0.998104, -0.061544, 0.3, -0.005409, 0.061536, 0.99809, 0.0, 0.0, 0.0, 0.0, 1.0],
                [0.999985, 0.002516, 0.004949, 0.0, -0.00125, 0.970593, -0.240723, 0.3, -0.005409, 0.240713, 0.970581, 0.0, 0.0, 0.0, 0.0, 1.0],
                [0.999985, 0.002516, 0.004949, 0.0, -0.00125, 0.970593, -0.240723, 0.3, -0.005409, 0.240713, 0.970581, 0.0, 0.0, 0.0, 0.0, 1.0]
            ]
        },
        {
            "name": "Tool_R",
            "time": [0.0, 0.2833, 0.5333, 1.45, 2.1667, 2.2333],
            "transform": [
                [1.0, 0.0, 0.0, -0.0, 0.0, -0.944043, -0.329823, 0.272858, 0.0, 0.329618, -0.943487, 0.0, 0.0, 0.0, 0.0, 1.0],
                [1.0, -0.0, 0.0, -0.0, -0.0, -0.944043, -0.329823, 0.272858, 0.0, 0.329618, -0.943487, -0.0, 0.0, 0.0, 0.0, 1.0],
                [1.0, 0.0, 0.0, -0.0, -0.0, -0.944043, -0.329823, 0.272858, 0.0, 0.329618, -0.943487, -0.0, 0.0, 0.0, 0.0, 1.0],
                [2.1, -0.0, 0.0, 0.022191, 0.0, -1.98249, -0.692628, 0.446649, 0.0, 0.692197, -1.981323, 0.122924, 0.0, 0.0, 0.0, 1.0],
                [1.0, -0.0, 0.0, 0.03701, 0.0, -0.632141, -0.774854, 0.434139, 0.0, 0.774388, -0.631775, 0.036132, 0.0, 0.0, 0.0, 1.0],
                [1.0, -0.0, 0.0, -0.043398, 0.0, -0.632141, -0.774854, 0.434139, 0.0, 0.774388, -0.631775, 0.036132, 0.0, 0.0, 0.0, 1.0]
            ]
        },
        {
            "name": "Elbow_R",
            "time": [0.0, 0.2833, 0.5333, 1.45, 2.1667, 2.2333],
            "transform": [
                [-1.0, 0.0, -0.0, 0.0, 0.0, -0.0, -1.0, 0.3, -0.0, -1.0, 0.0, -0.0, 0.0, 0.0, 0.0, 1.0],
                [-1.0, 0.0, -0.0, -0.0, -0.0, -0.0, -1.0, 0.3, -0.0, -1.0, 0.0, 0.0, 0.0, 0.0, 0.0, 1.0],
                [-1.0, 0.0, 0.0, 0.0, 0.0, -0.0, -1.0, 0.3, -0.0, -1.0, 0.0, 0.0, 0.0, 0.0, 0.0, 1.0],
                [-1.0, 0.0, -0.0, -0.0, 0.0, -0.0, -1.0, 0.3, -0.0, -1.0, 0.0, -0.0, 0.0, 0.0, 0.0, 1.0],
                [-1.0, 0.0, -0.0, 0.0, 0.0, -0.0, -1.0, 0.3, -0.0, -1.0, 0.0, 0.0, 0.0, 0.0, 0.0, 1.0],
                [-1.0, 0.0, -0.0, 0.0, 0.0, -0.0, -1.0, 0.3, -0.0, -1.0, 0.0, 0.0, 0.0, 0.0, 0.0, 1.0]
            ]
        },
        {
            "name": "Shoulder_L",
            "time": [0.0, 0.15, 0.2833, 0.5333, 1.45, 1.75, 2.1667, 2.2333],
            "transform": [
                [-0.194935, -0.933432, -0.301172, -0.0, -0.092838, -0.288124, 0.953082, 0.4, -0.976413, 0.213749, -0.030493, -0.0, 0.0, 0.0, 0.0, 1.0],
                [-0.194935, -0.976796, -0.088709, -0.0, -0.092838, -0.071662, 0.993099, 0.4, -0.976412, 0.201825, -0.076714, -0.0, 0.0, 0.0, 0.0, 1.0],
                [-0.194935, -0.976796, -0.088709, -0.0, -0.092838, -0.071662, 0.993099, 0.4, -0.976412, 0.201825, -0.076714, -0.0, 0.0, 0.0, 0.0, 1.0],
                [-0.438691, -0.831948, -0.339723, -0.0, -0.1081, -0.326442, 0.939016, 0.4, -0.892112, 0.448662, 0.053274, 0.0, 0.0, 0.0, 0.0, 1.0],
                [-0.438691, -0.831948, -0.339723, -0.0, -0.1081, -0.326442, 0.939016, 0.4, -0.892112, 0.448662, 0.053274, -0.0, 0.0, 0.0, 0.0, 1.0],
                [-0.412752, -0.845118, -0.339723, 0.0, -0.097952, -0.329629, 0.939015, 0.4, -0.905561, 0.420857, 0.053274, 0.0, 0.0, 0.0, 0.0, 1.0],
                [-0.412752, -0.845118, -0.339723, 0.0, -0.097952, -0.329629, 0.939016, 0.4, -0.905561, 0.420857, 0.053274, 0.0, 0.0, 0.0, 0.0, 1.0],
                [-0.412752, -0.845118, -0.339723, 0.0, -0.097952, -0.329629, 0.939016, 0.4, -0.905561, 0.420857, 0.053274, 0.0, 0.0, 0.0, 0.0, 1.0]
            ]
        },
        {
            "name": "Arm_L",
            "time": [0.0, 0.15, 0.2833, 0.5333, 1.45, 1.75, 2.1667, 2.2333],
            "transform": [
                [-0.293097, -0.011148, 0.956018, 0.0, -0.954692, 0.057325, -0.292022, 0.39386, -0.051548, -0.998293, -0.027445, -0.0, 0.0, 0.0, 0.0, 1.0],
                [-0.066857, 0.285587, 0.956018, 0.0, -0.125853, 0.948095, -0.292022, 0.39386, -0.989793, -0.139841, -0.027445, -0.0, 0.0, 0.0, 0.0, 1.0],
                [-0.066858, 0.682903, 0.727443, 0.0, -0.125853, 0.71748, -0.685116, 0.39386, -0.989793, -0.137356, 0.037976, -0.0, 0.0, 0.0, 0.0, 1.0],
                [-0.066858, -0.649044, 0.757807, -0.0, -0.125853, 0.758927, 0.638899, 0.393861, -0.989794, -0.052657, -0.132424, -0.0, 0.0, 0.0, 0.0, 1.0],
                [-0.066858, 0.554606, 0.829423, 0.0, -0.125853, 0.819956, -0.558421, 0.39386, -0.989793, -0.14172, 0.014978, 0.0, 0.0, 0.0, 0.0, 1.0],
                [0.253064, 0.434373, 0.864453, -0.0, 0.092663, 0.878547, -0.468582, 0.39386, -0.963002, 0.198684, 0.182078, 0.0, 0.0, 0.0, 0.0, 1.0],
                [0.253064, 0.524814, 0.812729, -0.0, 0.092663, 0.823063, -0.56034, 0.39386, -0.963002, 0.217112, 0.159656, -0.0, 0.0, 0.0, 0.0, 1.0],
                [0.253064, 0.524814, 0.812729, -0.0, 0.092663, 0.823063, -0.56034, 0.39386, -0.963002, 0.217112, 0.159656, -0.0, 0.0, 0.0, 0.0, 1.0]
            ]
        },
        {
            "name": "Hand_L",
            "time": [0.0, 0.2833, 0.5333, 1.0667, 1.45, 1.75, 2.1667, 2.2333],
            "transform": [
                [0.99932, -0.035435, 0.010227, -0.0, 0.036869, 0.966806, -0.25284, 0.3, -0.000928, 0.253045, 0.967455, -0.0, 0.0, 0.0, 0.0, 1.0],
                [0.99932, -0.032795, 0.016873, -0.0, 0.03687, 0.899849, -0.434642, 0.3, -0.000928, 0.434968, 0.900446, -0.0, 0.0, 0.0, 0.0, 1.0],
                [0.99932, -0.032795, 0.016873, 0.0, 0.03687, 0.899849, -0.434642, 0.3, -0.000928, 0.434968, 0.900446, 0.0, 0.0, 0.0, 0.0, 1.0],
                [0.99932, -0.023169, 0.028695, -0.0, 0.03687, 0.647177, -0.761448, 0.3, -0.000928, 0.761988, 0.647591, -0.0, 0.0, 0.0, 0.0, 1.0],
                [0.99932, -0.023169, 0.028695, -0.0, 0.03687, 0.647178, -0.761448, 0.3, -0.000928, 0.761988, 0.647592, 0.0, 0.0, 0.0, 0.0, 1.0],
                [0.99932, -0.036782, 0.002711, -0.0, 0.03687, 0.998152, -0.048319, 0.3, -0.000928, 0.048386, 0.998829, -0.0, 0.0, 0.0, 0.0, 1.0],
                [0.99932, -0.034303, 0.013547, 0.0, 0.03687, 0.938414, -0.343541, 0.3, -0.000928, 0.343807, 0.93904, -0.0, 0.0, 0.0, 0.0, 1.0],
                [0.99932, -0.034303, 0.013547, 0.0, 0.03687, 0.938414, -0.343541, 0.3, -0.000928, 0.343807, 0.93904, -0.0, 0.0, 0.0, 0.0, 1.0]
            ]
        },
        {
            "name": "Tool_L",
            "time": [0.0, 0.2833, 0.5333, 1.45, 2.1667, 2.2333],
            "transform": [
                [0.0, 0.0, 0.0, 0.0, 0.0, 0.0, 0.0, 0.272858, 0.0, 0.0, 0.0, -0.0, 0.0, 0.0, 0.0, 1.0],
                [0.0, 0.0, 0.0, 0.0, 0.0, 0.0, 0.0, 0.272858, 0.0, 0.0, 0.0, -0.0, 0.0, 0.0, 0.0, 1.0],
                [0.0, 0.0, 0.0, 0.0, 0.0, 0.0, 0.0, 0.272858, 0.0, 0.0, 0.0, 0.0, 0.0, 0.0, 0.0, 1.0],
                [0.0, 0.0, 0.0, 0.0, 0.0, 0.0, 0.0, 0.272858, 0.0, 0.0, 0.0, 0.0, 0.0, 0.0, 0.0, 1.0],
                [0.0, 0.0, 0.0, -0.0, 0.0, 0.0, 0.0, 0.272858, 0.0, 0.0, 0.0, 0.0, 0.0, 0.0, 0.0, 1.0],
                [0.0, 0.0, 0.0, -0.0, 0.0, 0.0, 0.0, 0.272858, 0.0, 0.0, 0.0, 0.0, 0.0, 0.0, 0.0, 1.0]
            ]
        },
        {
            "name": "Elbow_L",
            "time": [0.0, 0.2833, 0.5333, 1.45, 2.1667, 2.2333],
            "transform": [
                [-1.0, 0.0, -0.0, -0.0, 0.0, -0.0, -1.0, 0.3, -0.0, -1.0, -0.0, -0.0, 0.0, 0.0, 0.0, 1.0],
                [-1.0, 0.0, -0.0, -0.0, 0.0, -0.0, -1.0, 0.3, -0.0, -1.0, -0.0, -0.0, 0.0, 0.0, 0.0, 1.0],
                [-1.0, 0.0, 0.0, 0.0, 0.0, -0.0, -1.0, 0.3, -0.0, -1.0, -0.0, 0.0, 0.0, 0.0, 0.0, 1.0],
                [-1.0, 0.0, -0.0, -0.0, 0.0, -0.0, -1.0, 0.3, -0.0, -1.0, -0.0, 0.0, 0.0, 0.0, 0.0, 1.0],
                [-1.0, 0.0, -0.0, 0.0, -0.0, -0.0, -1.0, 0.3, -0.0, -1.0, 0.0, -0.0, 0.0, 0.0, 0.0, 1.0],
                [-1.0, 0.0, -0.0, 0.0, -0.0, -0.0, -1.0, 0.3, -0.0, -1.0, 0.0, -0.0, 0.0, 0.0, 0.0, 1.0]
            ]
        }
    ]
}