{
    
    "animation": [
        {
            "name": "Root",
            "time": [0.0, 0.25, 0.5667, 1.0667, 1.1833, 1.6167, 1.8333, 1.95, 2.1833, 2.55, 3.0],
            "transform": [
                [0.618328, 0.0, -0.78592, -5e-06, -0.78592, 0.0, -0.618328, 0.000946, 0.0, 1.0, 0.0, 0.700363, 0.0, 0.0, 0.0, 1.0],
                [0.991927, -0.042209, 0.11958, -0.045759, 0.118665, -0.023568, -0.992655, 0.457851, 0.044717, 0.998831, -0.018369, 0.769429, 0.0, 0.0, 0.0, 1.0],
                [0.978251, 0.034298, 0.204568, -0.057127, 0.198307, 0.134519, -0.970865, 1.119596, -0.060817, 0.990317, 0.124791, 0.654764, 0.0, 0.0, 0.0, 1.0],
                [0.978251, 0.034298, 0.204568, -0.057127, 0.198307, 0.134519, -0.970865, 1.119596, -0.060817, 0.990317, 0.124791, 0.654764, 0.0, 0.0, 0.0, 1.0],
                [0.978251, 0.034298, 0.204568, -0.054164, 0.198307, 0.134519, -0.970865, 1.123371, -0.060817, 0.990317, 0.124791, 0.639111, 0.0, 0.0, 0.0, 1.0],
                [0.978251, 0.034298, 0.204568, -0.054164, 0.198307, 0.134519, -0.970865, 1.123371, -0.060817, 0.990317, 0.124791, 0.639111, 0.0, 0.0, 0.0, 1.0],
                [0.986507, -0.042209, -0.158183, -0.045759, -0.159263, -0.023568, -0.986955, 0.457851, 0.03793, 0.998831, -0.029972, 0.769429, 0.0, 0.0, 0.0, 1.0],
                [0.92666, -0.042209, -0.373524, -0.045759, -0.374676, -0.023568, -0.926856, 0.457851, 0.030318, 0.998831, -0.037654, 0.769429, 0.0, 0.0, 0.0, 1.0],
                [0.978251, 0.034298, 0.204568, -0.054164, 0.198307, 0.134519, -0.970865, 1.123371, -0.060817, 0.990317, 0.124791, 0.639111, 0.0, 0.0, 0.0, 1.0],
                [0.978251, 0.034298, 0.204568, 0.021585, 0.198307, 0.134519, -0.970865, 1.152754, -0.060817, 0.990317, 0.124791, 0.529635, 0.0, 0.0, 0.0, 1.0],
                [0.978251, 0.034298, 0.204568, 0.01372, 0.198307, 0.134519, -0.970865, 1.142495, -0.060817, 0.990317, 0.124791, 0.579679, 0.0, 0.0, 0.0, 1.0]
            ]
        },
        {
            "name": "Thigh_R",
            "time": [0.0, 0.25, 0.4, 0.5667, 1.0667, 1.1833, 1.6167, 1.8333, 1.95, 2.0833, 2.1833, 3.0],
            "transform": [
                [0.933082, 0.319346, -0.165458, 0.124994, 0.318659, -0.947347, -0.031412, -0.002831, -0.166778, -0.023414, -0.985717, -1.2e-05, 0.0, 0.0, 0.0, 1.0],
                [0.875901, 0.439519, 0.199045, 0.124994, 0.406627, -0.894497, 0.185812, -0.002831, 0.259713, -0.081815, -0.962214, -1.2e-05, 0.0, 0.0, 0.0, 1.0],
                [0.938, 0.345143, -0.032122, 0.124994, 0.250401, -0.61059, 0.751317, -0.002831, 0.239699, -0.712777, -0.65916, -1.2e-05, 0.0, 0.0, 0.0, 1.0],
                [0.986321, 0.164826, 0.001808, 0.124994, 0.104222, -0.632082, 0.76786, -0.002831, 0.127707, -0.757166, -0.640616, -1.2e-05, 0.0, 0.0, 0.0, 1.0],
                [0.986321, 0.164826, 0.001808, 0.124994, 0.104222, -0.632082, 0.76786, -0.002831, 0.127707, -0.757166, -0.640616, -1.2e-05, 0.0, 0.0, 0.0, 1.0],
                [0.98632, 0.162931, -0.02499, 0.124994, 0.104222, -0.498954, 0.860338, -0.002831, 0.127707, -0.851172, -0.509111, -1.2e-05, 0.0, 0.0, 0.0, 1.0],
                [0.98632, 0.162931, -0.02499, 0.124994, 0.104222, -0.498954, 0.860338, -0.002831, 0.127707, -0.851172, -0.509111, -1.2e-05, 0.0, 0.0, 0.0, 1.0],
                [0.875901, 0.439519, 0.199045, 0.124994, 0.406627, -0.894497, 0.185812, -0.002831, 0.259713, -0.081815, -0.962214, -1.2e-05, 0.0, 0.0, 0.0, 1.0],
                [0.875901, 0.439519, 0.199045, 0.124994, 0.406627, -0.894497, 0.185812, -0.002831, 0.259713, -0.081815, -0.962214, -1.2e-05, 0.0, 0.0, 0.0, 1.0],
                [0.954838, 0.290797, -0.060995, 0.124994, 0.206373, -0.501384, 0.840252, -0.002831, 0.21376, -0.814891, -0.538755, -1.2e-05, 0.0, 0.0, 0.0, 1.0],
                [0.98632, 0.162931, -0.02499, 0.124994, 0.104222, -0.498954, 0.860338, -0.002831, 0.127707, -0.851172, -0.509111, -1.2e-05, 0.0, 0.0, 0.0, 1.0],
                [0.98632, 0.162931, -0.02499, 0.124994, 0.104222, -0.498954, 0.860338, -0.002831, 0.127707, -0.851172, -0.509111, -1.2e-05, 0.0, 0.0, 0.0, 1.0]
            ]
        },
        {
            "name": "Leg_R",
            "time": [0.0, 0.25, 0.4, 0.5667, 1.0667, 1.1833, 1.6167, 1.8333, 1.95, 2.0833, 2.1833, 2.55, 3.0],
            "transform": [
                [1.0, -1e-06, 2e-06, 0.0, -0.0, 0.926377, 0.376598, 0.37472, -2e-06, -0.376598, 0.926376, 0.0, 0.0, 0.0, 0.0, 1.0],
                [1.0, -2e-06, 0.0, -0.0, -0.0, -0.030328, 0.999539, 0.37472, -2e-06, -0.999541, -0.030328, -0.0, 0.0, 0.0, 0.0, 1.0],
                [1.0, -2e-06, 0.0, 0.0, -0.0, 0.094204, 0.995552, 0.37472, -2e-06, -0.995554, 0.094204, 0.0, 0.0, 0.0, 0.0, 1.0],
                [1.0, -0.0, 2e-06, -0.0, -0.0, 0.941378, 0.337355, 0.37472, -2e-06, -0.337355, 0.941377, -0.0, 0.0, 0.0, 0.0, 1.0],
                [1.0, -0.0, 2e-06, -0.0, -0.0, 0.941378, 0.337355, 0.37472, -2e-06, -0.337355, 0.941377, -0.0, 0.0, 0.0, 0.0, 1.0],
                [1.0, -1e-06, 1e-06, 0.0, -0.0, 0.670189, 0.74219, 0.37472, -2e-06, -0.742191, 0.670188, -0.0, 0.0, 0.0, 0.0, 1.0],
                [1.0, -1e-06, 1e-06, 0.0, -0.0, 0.670189, 0.74219, 0.37472, -2e-06, -0.742191, 0.670188, -0.0, 0.0, 0.0, 0.0, 1.0],
                [1.0, -2e-06, 1e-06, -0.0, -0.0, 0.423048, 0.906107, 0.37472, -2e-06, -0.906108, 0.423047, 0.0, 0.0, 0.0, 0.0, 1.0],
                [1.0, -2e-06, 1e-06, 0.0, -0.0, 0.334229, 0.942491, 0.37472, -2e-06, -0.942493, 0.334228, -0.0, 0.0, 0.0, 0.0, 1.0],
                [1.0, -2e-06, 0.0, -0.0, -0.0, 0.009473, 0.999954, 0.37472, -2e-06, -0.999956, 0.009473, -0.0, 0.0, 0.0, 0.0, 1.0],
                [1.0, -1e-06, 1e-06, 0.0, -0.0, 0.670189, 0.74219, 0.37472, -2e-06, -0.742191, 0.670188, -0.0, 0.0, 0.0, 0.0, 1.0],
                [1.0, -1e-06, 2e-06, 0.0, -0.0, 0.89688, 0.442275, 0.37472, -2e-06, -0.442276, 0.896879, -0.0, 0.0, 0.0, 0.0, 1.0],
                [1.0, -1e-06, 2e-06, 0.0, -0.0, 0.814886, 0.579622, 0.37472, -2e-06, -0.579623, 0.814885, 0.0, 0.0, 0.0, 0.0, 1.0]
            ]
        },
        {
            "name": "Knee_R",
            "time": [0.0, 0.25, 1.6167, 1.8333, 1.95, 3.0],
            "transform": [
                [1.0, 0.0, -0.0, 0.0, -0.0, 1e-06, -1.0, 0.37472, -0.0, 1.0, 1e-06, 0.0, 0.0, 0.0, 0.0, 1.0],
                [1.0, 0.0, -0.0, -0.0, -0.0, 0.352434, -0.935837, 0.37472, -0.0, 0.935837, 0.352434, -0.0, 0.0, 0.0, 0.0, 1.0],
                [1.0, 0.0, -0.0, 0.0, -0.0, 0.352433, -0.935837, 0.37472, -0.0, 0.935837, 0.352434, -0.0, 0.0, 0.0, 0.0, 1.0],
                [1.0, 0.0, -0.0, -0.0, -0.0, 0.352434, -0.935837, 0.37472, -0.0, 0.935837, 0.352434, 0.0, 0.0, 0.0, 0.0, 1.0],
                [1.0, 0.0, -0.0, 0.0, -0.0, 0.352434, -0.935837, 0.37472, -0.0, 0.935837, 0.352434, -0.0, 0.0, 0.0, 0.0, 1.0],
                [1.0, 0.0, -0.0, 0.0, -0.0, 0.352433, -0.935837, 0.37472, -0.0, 0.935837, 0.352434, 0.0, 0.0, 0.0, 0.0, 1.0]
            ]
        },
        {
            "name": "Thigh_L",
            "time": [0.0, 0.25, 0.5667, 1.0667, 1.1833, 1.6167, 1.8333, 1.95, 2.1833, 2.55, 3.0],
            "transform": [
                [0.646836, -0.440137, -0.622802, -0.125006, -0.052541, -0.840431, 0.539366, -0.002831, -0.760816, -0.316159, -0.566747, -1.2e-05, 0.0, 0.0, 0.0, 1.0],
                [0.991101, -0.09101, 0.097134, -0.125006, -0.105235, -0.982586, 0.153134, -0.002831, 0.081506, -0.161993, -0.98342, -1.2e-05, 0.0, 0.0, 0.0, 1.0],
                [0.99889, 0.002972, 0.047003, -0.125006, 0.016779, -0.954981, -0.296192, -0.002831, 0.044006, 0.296652, -0.953971, -1.2e-05, 0.0, 0.0, 0.0, 1.0],
                [0.99889, 0.002972, 0.047003, -0.125006, 0.016779, -0.954981, -0.296192, -0.002831, 0.044006, 0.296652, -0.953971, -1.2e-05, 0.0, 0.0, 0.0, 1.0],
                [0.99889, -0.000715, 0.047091, -0.125006, 0.016779, -0.928873, -0.370017, -0.002831, 0.044006, 0.370397, -0.92783, -1.2e-05, 0.0, 0.0, 0.0, 1.0],
                [0.99889, -0.000715, 0.047091, -0.125006, 0.016779, -0.928873, -0.370017, -0.002831, 0.044006, 0.370397, -0.92783, -1.2e-05, 0.0, 0.0, 0.0, 1.0],
                [0.99084, -0.121835, 0.058233, -0.125006, -0.132585, -0.959539, 0.248406, -0.002831, 0.025612, -0.253851, -0.966904, -1.2e-05, 0.0, 0.0, 0.0, 1.0],
                [0.99084, -0.11629, 0.06864, -0.125006, -0.132585, -0.93421, 0.33117, -0.002831, 0.025612, -0.337237, -0.941071, -1.2e-05, 0.0, 0.0, 0.0, 1.0],
                [0.99889, -0.000715, 0.047091, -0.125006, 0.016779, -0.928873, -0.370017, -0.002831, 0.044006, 0.370397, -0.92783, -1.2e-05, 0.0, 0.0, 0.0, 1.0],
                [0.988441, -0.144771, 0.044991, -0.125006, -0.086604, -0.782809, -0.616205, -0.002831, 0.124428, 0.605187, -0.786299, -1.2e-05, 0.0, 0.0, 0.0, 1.0],
                [0.988441, -0.134328, 0.070275, -0.125006, -0.086604, -0.880802, -0.465497, -0.002831, 0.124428, 0.454032, -0.882254, -1.2e-05, 0.0, 0.0, 0.0, 1.0]
            ]
        },
        {
            "name": "Leg_L",
            "time": [0.0, 0.25, 1.6167, 1.8333, 1.95, 3.0],
            "transform": [
                [1.0, -1e-06, 1e-06, 0.0, 0.0, 0.917737, 0.397187, 0.37472, -1e-06, -0.397187, 0.917738, 0.0, 0.0, 0.0, 0.0, 1.0],
                [1.0, -0.0, 1e-06, -0.0, 0.0, 0.979201, 0.202891, 0.37472, -1e-06, -0.202891, 0.979201, 0.0, 0.0, 0.0, 0.0, 1.0],
                [1.0, -0.0, 1e-06, 0.0, 0.0, 0.979201, 0.202891, 0.37472, -1e-06, -0.202891, 0.979201, -0.0, 0.0, 0.0, 0.0, 1.0],
                [1.0, -0.0, 1e-06, 0.0, 0.0, 0.979201, 0.202891, 0.37472, -1e-06, -0.202891, 0.979201, -0.0, 0.0, 0.0, 0.0, 1.0],
                [1.0, -0.0, 1e-06, 0.0, 0.0, 0.979201, 0.202891, 0.37472, -1e-06, -0.202891, 0.979201, 0.0, 0.0, 0.0, 0.0, 1.0],
                [1.0, -0.0, 1e-06, 0.0, 0.0, 0.979201, 0.202891, 0.37472, -1e-06, -0.202891, 0.979201, 0.0, 0.0, 0.0, 0.0, 1.0]
            ]
        },
        {
            "name": "Knee_L",
            "time": [0.0, 1.6167, 3.0],
            "transform": [
                [1.0, 0.0, -0.0, 0.0, -0.0, 1e-06, -1.0, 0.37472, -0.0, 1.0, 1e-06, 0.0, 0.0, 0.0, 0.0, 1.0],
                [1.0, 0.0, -0.0, 0.0, -0.0, 1e-06, -1.0, 0.37472, -0.0, 1.0, 1e-06, -0.0, 0.0, 0.0, 0.0, 1.0],
                [1.0, 0.0, -0.0, 0.0, -0.0, 1e-06, -1.0, 0.37472, -0.0, 1.0, 1e-06, 0.0, 0.0, 0.0, 0.0, 1.0]
            ]
        },
        {
            "name": "Torso",
            "time": [0.0, 0.25, 0.5667, 1.0667, 1.6167, 1.8333, 1.95, 2.0667, 2.1833, 3.0],
            "transform": [
                [0.885803, 0.019996, -0.463631, -0.0, -0.012688, 0.999741, 0.018877, 0.05, 0.463889, -0.010839, 0.885827, 0.0, 0.0, 0.0, 0.0, 1.0],
                [0.991728, -0.112017, -0.062676, -0.0, 0.112983, 0.993524, 0.012073, 0.05, 0.060917, -0.019054, 0.997961, 0.0, 0.0, 0.0, 0.0, 1.0],
                [0.978907, -0.112017, 0.17086, -0.0, 0.107032, 0.993524, 0.038146, 0.05, -0.174026, -0.019054, 0.984557, -0.0, 0.0, 0.0, 0.0, 1.0],
                [0.978907, -0.112017, 0.17086, -0.0, 0.107032, 0.993524, 0.038146, 0.05, -0.174026, -0.019054, 0.984557, -0.0, 0.0, 0.0, 0.0, 1.0],
                [0.978907, -0.112017, 0.17086, -0.0, 0.107032, 0.993524, 0.038146, 0.05, -0.174026, -0.019054, 0.984557, 0.0, 0.0, 0.0, 0.0, 1.0],
                [0.991728, -0.112017, -0.062676, -0.0, 0.112983, 0.993524, 0.012073, 0.05, 0.060917, -0.019054, 0.997961, -0.0, 0.0, 0.0, 0.0, 1.0],
                [0.991728, -0.112017, -0.062675, -0.0, 0.112983, 0.993524, 0.012073, 0.05, 0.060917, -0.019054, 0.997961, -0.0, 0.0, 0.0, 0.0, 1.0],
                [0.998276, 0.02187, 0.054471, -0.0, -0.023275, 0.999409, 0.025285, 0.05, -0.053885, -0.026509, 0.998195, 0.0, 0.0, 0.0, 0.0, 1.0],
                [0.978907, -0.112017, 0.17086, -0.0, 0.107032, 0.993524, 0.038146, 0.05, -0.174026, -0.019054, 0.984557, 0.0, 0.0, 0.0, 0.0, 1.0],
                [0.978907, -0.112017, 0.17086, 0.0, 0.107032, 0.993524, 0.038146, 0.05, -0.174026, -0.019054, 0.984557, 0.0, 0.0, 0.0, 0.0, 1.0]
            ]
        },
        {
            "name": "Chest",
            "time": [0.0, 0.25, 0.5667, 1.0667, 1.1833, 1.6167, 1.8333, 1.95, 2.0667, 2.1833, 2.55, 3.0],
            "transform": [
                [0.967962, -0.021411, 0.25018, 0.0, 0.015914, 0.999586, 0.023977, 0.3, -0.25059, -0.019228, 0.967902, 0.0, 0.0, 0.0, 0.0, 1.0],
                [0.912548, 0.080339, -0.401, 0.0, -0.170329, 0.966089, -0.194063, 0.3, 0.371811, 0.245394, 0.895287, 0.0, 0.0, 0.0, 0.0, 1.0],
                [0.886869, 0.057676, 0.458407, 0.0, -0.130158, 0.983182, 0.128112, 0.3, -0.443308, -0.173284, 0.879461, 0.0, 0.0, 0.0, 0.0, 1.0],
                [0.886869, 0.057676, 0.458407, 0.0, -0.130158, 0.983182, 0.128112, 0.3, -0.443308, -0.173284, 0.879461, 0.0, 0.0, 0.0, 0.0, 1.0],
                [0.871175, 0.103068, 0.480032, -0.0, -0.243543, 0.939668, 0.24023, 0.3, -0.426311, -0.326191, 0.843717, 0.0, 0.0, 0.0, 0.0, 1.0],
                [0.871175, 0.103068, 0.480032, -0.0, -0.243543, 0.939668, 0.24023, 0.3, -0.426311, -0.326191, 0.843717, 0.0, 0.0, 0.0, 0.0, 1.0],
                [0.593713, 0.080339, -0.800656, 0.0, -0.244133, 0.966089, -0.084094, 0.3, 0.766749, 0.245394, 0.593193, -0.0, 0.0, 0.0, 0.0, 1.0],
                [0.593713, 0.080339, -0.800656, 0.0, -0.244133, 0.966088, -0.084094, 0.3, 0.766749, 0.245394, 0.593193, 0.0, 0.0, 0.0, 0.0, 1.0],
                [0.974321, -0.223207, -0.029626, -0.0, 0.225013, 0.97002, 0.091821, 0.3, 0.008243, -0.096129, 0.995335, 0.0, 0.0, 0.0, 0.0, 1.0],
                [0.626285, 0.135764, 0.767682, -0.0, -0.411467, 0.893956, 0.177586, 0.3, -0.662164, -0.427095, 0.615734, 0.0, 0.0, 0.0, 0.0, 1.0],
                [0.608955, 0.154466, 0.77802, -0.0, -0.420434, 0.894592, 0.151462, 0.3, -0.672614, -0.419339, 0.609709, 0.0, 0.0, 0.0, 0.0, 1.0],
                [0.608955, 0.154466, 0.77802, 0.0, -0.420434, 0.894592, 0.151462, 0.3, -0.672614, -0.419339, 0.609709, 0.0, 0.0, 0.0, 0.0, 1.0]
            ]
        },
        {
            "name": "Head",
            "time": [0.0, 0.25, 0.5667, 1.0667, 1.6167, 1.8333, 1.95, 2.1833, 3.0],
            "transform": [
                [0.472268, -0.012968, 0.88136, -0.0, 0.063684, 0.997781, -0.019443, 0.4, -0.879151, 0.065311, 0.472046, -0.0, 0.0, 0.0, 0.0, 1.0],
                [0.928714, -0.096209, 0.358097, -0.0, -0.023257, 0.948736, 0.315213, 0.4, -0.370066, -0.301071, 0.878867, 0.0, 0.0, 0.0, 0.0, 1.0],
                [0.720252, -0.048626, -0.692006, 0.0, -0.076993, 0.985774, -0.149404, 0.4, 0.689427, 0.160888, 0.706262, -0.0, 0.0, 0.0, 0.0, 1.0],
                [0.720252, -0.048626, -0.692006, 0.0, -0.076993, 0.985774, -0.149404, 0.4, 0.689427, 0.160888, 0.706262, -0.0, 0.0, 0.0, 0.0, 1.0],
                [0.720252, -0.048626, -0.692006, -0.0, -0.076993, 0.985774, -0.149404, 0.4, 0.689427, 0.160888, 0.706262, -0.0, 0.0, 0.0, 0.0, 1.0],
                [0.653129, -0.096209, 0.75111, 0.0, -0.168077, 0.948736, 0.267675, 0.4, -0.738358, -0.301071, 0.603477, 0.0, 0.0, 0.0, 0.0, 1.0],
                [0.653129, -0.096209, 0.75111, -0.0, -0.168077, 0.948736, 0.267675, 0.4, -0.738358, -0.301071, 0.603477, -0.0, 0.0, 0.0, 0.0, 1.0],
                [0.720252, -0.048626, -0.692006, -0.0, -0.076993, 0.985774, -0.149404, 0.4, 0.689427, 0.160888, 0.706262, 0.0, 0.0, 0.0, 0.0, 1.0],
                [0.720252, -0.048626, -0.692006, 0.0, -0.076993, 0.985774, -0.149404, 0.4, 0.689427, 0.160888, 0.706262, -0.0, 0.0, 0.0, 0.0, 1.0]
            ]
        },
        {
            "name": "Shoulder_R",
            "time": [0.0, 1.6167, 1.8333, 1.95, 2.0667, 2.1833, 3.0],
            "transform": [
                [-0.075864, 0.950466, 0.301428, -0.0, 0.048653, -0.29841, 0.953197, 0.4, 0.99593, 0.086979, -0.023605, -0.0, 0.0, 0.0, 0.0, 1.0],
                [-0.075864, 0.950466, 0.301428, -0.0, 0.048653, -0.29841, 0.953197, 0.4, 0.99593, 0.086979, -0.023605, -0.0, 0.0, 0.0, 0.0, 1.0],
                [0.17225, 0.937801, 0.301428, 0.0, -0.030088, -0.30085, 0.953197, 0.4, 0.984593, -0.173258, -0.023605, 0.0, 0.0, 0.0, 0.0, 1.0],
                [0.172251, 0.937801, 0.301428, -0.0, -0.030088, -0.30085, 0.953197, 0.4, 0.984593, -0.173258, -0.023605, -0.0, 0.0, 0.0, 0.0, 1.0],
                [0.172251, 0.983362, -0.0577, -0.0, -0.030088, 0.0638, 0.997509, 0.4, 0.984593, -0.170085, 0.040577, 0.0, 0.0, 0.0, 0.0, 1.0],
                [0.172251, 0.959982, 0.220826, -0.0, -0.030088, -0.218945, 0.975273, 0.4, 0.984593, -0.174636, -0.008829, 0.0, 0.0, 0.0, 0.0, 1.0],
                [0.172251, 0.959982, 0.220826, 0.0, -0.030088, -0.218945, 0.975273, 0.4, 0.984593, -0.174636, -0.008829, -0.0, 0.0, 0.0, 0.0, 1.0]
            ]
        },
        {
            "name": "Arm_R",
            "time": [0.0, 0.25, 0.5667, 1.0667, 1.1833, 1.6167, 1.8333, 1.95, 2.0667, 2.1833, 3.0],
            "transform": [
                [0.70125, 0.222925, 0.677165, -0.0, 0.115099, 0.901991, -0.416131, 0.39386, -0.703563, 0.369753, 0.606863, 0.0, 0.0, 0.0, 0.0, 1.0],
                [-0.27121, -0.025209, 0.96219, 0.0, 0.944471, 0.185713, 0.271081, 0.393861, -0.185525, 0.982281, -0.026558, -0.0, 0.0, 0.0, 0.0, 1.0],
                [0.499003, -0.86134, 0.09534, -0.0, 0.850629, 0.465808, -0.243833, 0.393861, 0.165613, 0.202772, 0.965119, 0.0, 0.0, 0.0, 0.0, 1.0],
                [0.499003, -0.86134, 0.09534, -0.0, 0.850629, 0.465808, -0.243833, 0.393861, 0.165613, 0.202772, 0.965119, 0.0, 0.0, 0.0, 0.0, 1.0],
                [0.499003, -0.811936, -0.302913, -0.0, 0.850628, 0.525709, -0.007844, 0.39386, 0.165613, -0.253752, 0.952986, -0.0, 0.0, 0.0, 0.0, 1.0],
                [0.499003, -0.811936, -0.302913, -0.0, 0.850628, 0.525709, -0.007844, 0.39386, 0.165613, -0.253752, 0.952986, -0.0, 0.0, 0.0, 0.0, 1.0],
                [0.512077, -0.025209, 0.858569, 0.0, 0.846292, 0.185713, -0.499301, 0.39386, -0.14686, 0.982281, 0.116433, 0.0, 0.0, 0.0, 0.0, 1.0],
                [0.512077, 0.030835, 0.858386, 0.0, 0.846292, 0.152756, -0.510349, 0.393861, -0.14686, 0.987783, 0.052128, -0.0, 0.0, 0.0, 0.0, 1.0],
                [0.220794, -0.74163, 0.633431, 0.0, 0.95204, 0.304935, 0.025172, 0.39386, -0.211824, 0.597494, 0.77339, -0.0, 0.0, 0.0, 0.0, 1.0],
                [0.985835, -0.135423, -0.098948, 0.0, 0.167719, 0.7982, 0.578573, 0.39386, 0.000628, -0.586973, 0.809606, -0.0, 0.0, 0.0, 0.0, 1.0],
                [0.985835, -0.135423, -0.098948, -0.0, 0.167719, 0.7982, 0.578573, 0.39386, 0.000628, -0.586973, 0.809606, -0.0, 0.0, 0.0, 0.0, 1.0]
            ]
        },
        {
            "name": "Hand_R",
            "time": [0.0, 0.25, 0.5667, 1.0667, 1.6167, 1.8333, 1.95, 2.1833, 2.55, 3.0],
            "transform": [
                [0.999984, 0.003029, 0.004652, 0.0, -0.00125, 0.939387, -0.342857, 0.3, -0.005409, 0.342846, 0.939376, 0.0, 0.0, 0.0, 0.0, 1.0],
                [0.999985, 0.004637, 0.003052, 0.0, -0.00125, 0.723759, -0.690053, 0.3, -0.005409, 0.690038, 0.723753, 0.0, 0.0, 0.0, 0.0, 1.0],
                [0.999985, 0.001882, 0.005223, 0.0, -0.00125, 0.992953, -0.118507, 0.3, -0.005409, 0.118499, 0.99294, 0.0, 0.0, 0.0, 0.0, 1.0],
                [0.999985, 0.001882, 0.005223, 0.0, -0.00125, 0.992953, -0.118507, 0.3, -0.005409, 0.118499, 0.99294, 0.0, 0.0, 0.0, 0.0, 1.0],
                [0.999985, 0.001882, 0.005223, -0.0, -0.00125, 0.992953, -0.118507, 0.3, -0.005409, 0.118499, 0.992939, -0.0, 0.0, 0.0, 0.0, 1.0],
                [0.999984, 0.004637, 0.003052, 0.0, -0.00125, 0.723759, -0.690053, 0.3, -0.005409, 0.690038, 0.723753, -0.0, 0.0, 0.0, 0.0, 1.0],
                [0.999985, 0.004637, 0.003052, 0.0, -0.00125, 0.723759, -0.690053, 0.3, -0.005409, 0.690038, 0.723753, -0.0, 0.0, 0.0, 0.0, 1.0],
                [0.999984, 0.001882, 0.005223, 0.0, -0.00125, 0.992953, -0.118507, 0.3, -0.005409, 0.118499, 0.992939, 0.0, 0.0, 0.0, 0.0, 1.0],
                [0.999984, 0.002818, 0.004783, -0.0, -0.00125, 0.953762, -0.300562, 0.3, -0.005409, 0.300551, 0.95375, -0.0, 0.0, 0.0, 0.0, 1.0],
                [0.999984, 0.002818, 0.004783, -0.0, -0.00125, 0.953762, -0.300562, 0.3, -0.005409, 0.300551, 0.95375, -0.0, 0.0, 0.0, 0.0, 1.0]
            ]
        },
        {
            "name": "Tool_R",
            "time": [0.0, 0.25, 0.5667, 1.0667, 1.6167, 1.8333, 1.95, 2.1833, 3.0],
            "transform": [
                [1.0, -0.0, 0.0, -0.0, 0.0, -0.944043, -0.329823, 0.272858, 0.0, 0.329618, -0.943487, -0.0, 0.0, 0.0, 0.0, 1.0],
                [1.0, -0.0, 0.0, -0.0, 0.0, -0.920439, -0.390887, 0.272858, 0.0, 0.390646, -0.919898, 0.0, 0.0, 0.0, 0.0, 1.0],
                [1.0, -0.0, 0.0, 0.0, 0.0, -0.575268, -0.817965, 0.272858, 0.0, 0.817475, -0.574936, 0.0, 0.0, 0.0, 0.0, 1.0],
                [1.0, -0.0, 0.0, 0.0, 0.0, -0.575268, -0.817965, 0.272858, 0.0, 0.817475, -0.574936, 0.0, 0.0, 0.0, 0.0, 1.0],
                [1.0, -0.0, 0.0, -0.0, 0.0, -0.575268, -0.817965, 0.272858, 0.0, 0.817475, -0.574936, -0.0, 0.0, 0.0, 0.0, 1.0],
                [1.0, -0.0, 0.0, -0.0, 0.0, -0.920439, -0.390887, 0.272858, 0.0, 0.390646, -0.919898, 0.0, 0.0, 0.0, 0.0, 1.0],
                [1.0, 0.0, 0.0, -0.0, 0.0, -0.920439, -0.390887, 0.272858, 0.0, 0.390646, -0.919898, -0.0, 0.0, 0.0, 0.0, 1.0],
                [1.0, 0.0, 0.0, -0.0, 0.0, -0.930045, -0.367445, 0.272858, 0.0, 0.367218, -0.929499, 0.0, 0.0, 0.0, 0.0, 1.0],
                [1.0, 0.0, 0.0, -0.0, 0.0, -0.930045, -0.367445, 0.272858, 0.0, 0.367218, -0.929499, -0.0, 0.0, 0.0, 0.0, 1.0]
            ]
        },
        {
            "name": "Elbow_R",
            "time": [0.0, 1.6167, 3.0],
            "transform": [
                [-1.0, 0.0, -0.0, 0.0, 0.0, -0.0, -1.0, 0.3, -0.0, -1.0, 0.0, 0.0, 0.0, 0.0, 0.0, 1.0],
                [-1.0, 0.0, -0.0, -0.0, 0.0, -0.0, -1.0, 0.3, -0.0, -1.0, 0.0, -0.0, 0.0, 0.0, 0.0, 1.0],
                [-1.0, 0.0, -0.0, -0.0, 0.0, -0.0, -1.0, 0.3, -0.0, -1.0, 0.0, -0.0, 0.0, 0.0, 0.0, 1.0]
            ]
        },
        {
            "name": "Shoulder_L",
            "time": [0.0, 0.5667, 1.0667, 1.6167, 2.1833, 3.0],
            "transform": [
                [-0.194935, -0.933432, -0.301172, -0.0, -0.092838, -0.288124, 0.953082, 0.4, -0.976413, 0.213749, -0.030493, -0.0, 0.0, 0.0, 0.0, 1.0],
                [0.283394, -0.910485, -0.301172, 0.0, 0.058928, -0.296921, 0.953082, 0.4, -0.957192, -0.287845, -0.030493, -0.0, 0.0, 0.0, 0.0, 1.0],
                [0.283394, -0.910485, -0.301172, 0.0, 0.058928, -0.296921, 0.953082, 0.4, -0.957192, -0.287845, -0.030493, -0.0, 0.0, 0.0, 0.0, 1.0],
                [0.283394, -0.910485, -0.301172, -0.0, 0.058928, -0.296921, 0.953082, 0.4, -0.957191, -0.287845, -0.030493, -0.0, 0.0, 0.0, 0.0, 1.0],
                [0.283394, -0.910485, -0.301172, -0.0, 0.058928, -0.296921, 0.953082, 0.4, -0.957191, -0.287845, -0.030493, 0.0, 0.0, 0.0, 0.0, 1.0],
                [0.283394, -0.910485, -0.301172, 0.0, 0.058928, -0.296921, 0.953082, 0.4, -0.957191, -0.287845, -0.030493, -0.0, 0.0, 0.0, 0.0, 1.0]
            ]
        },
        {
            "name": "Arm_L",
            "time": [0.0, 0.25, 1.6167, 1.8333, 1.95, 2.55, 3.0],
            "transform": [
                [-0.293097, -0.011148, 0.956018, -0.0, -0.954692, 0.057325, -0.292022, 0.39386, -0.051548, -0.998293, -0.027445, 0.0, 0.0, 0.0, 0.0, 1.0],
                [-0.216332, -0.205865, 0.954369, -0.0, -0.976268, 0.035515, -0.213635, 0.39386, 0.010085, -0.977936, -0.208663, -0.0, 0.0, 0.0, 0.0, 1.0],
                [-0.216332, -0.205865, 0.954369, 0.0, -0.976268, 0.035515, -0.213635, 0.39386, 0.010085, -0.977936, -0.208663, -0.0, 0.0, 0.0, 0.0, 1.0],
                [-0.297376, -0.168422, 0.939788, -0.0, -0.615903, 0.785966, -0.054034, 0.39386, -0.729541, -0.594887, -0.337459, 0.0, 0.0, 0.0, 0.0, 1.0],
                [-0.32338, -0.110562, 0.939788, 0.0, -0.460037, 0.886254, -0.054034, 0.39386, -0.826917, -0.44981, -0.337459, -0.0, 0.0, 0.0, 0.0, 1.0],
                [-0.407335, -0.184581, 0.894432, 0.0, -0.344071, 0.938217, 0.036922, 0.39386, -0.845986, -0.292708, -0.445678, 0.0, 0.0, 0.0, 0.0, 1.0],
                [-0.407335, -0.184581, 0.894432, -0.0, -0.344071, 0.938217, 0.036922, 0.39386, -0.845986, -0.292708, -0.445678, -0.0, 0.0, 0.0, 0.0, 1.0]
            ]
        },
        {
            "name": "Hand_L",
            "time": [0.0, 1.6167, 2.55, 3.0],
            "transform": [
                [0.99932, -0.035435, 0.010227, -0.0, 0.03687, 0.966806, -0.25284, 0.3, -0.000928, 0.253045, 0.967454, -0.0, 0.0, 0.0, 0.0, 1.0],
                [0.99932, -0.035435, 0.010227, -0.0, 0.03687, 0.966806, -0.25284, 0.3, -0.000929, 0.253045, 0.967454, -0.0, 0.0, 0.0, 0.0, 1.0],
                [0.99932, -0.032669, 0.017116, -0.0, 0.03687, 0.896596, -0.441312, 0.3, -0.000928, 0.441643, 0.897191, -0.0, 0.0, 0.0, 0.0, 1.0],
                [0.99932, -0.02682, 0.025316, 0.0, 0.036869, 0.743746, -0.667445, 0.3, -0.000929, 0.667924, 0.744229, 0.0, 0.0, 0.0, 0.0, 1.0]
            ]
        },
        {
            "name": "Tool_L",
            "time": [0.0, 1.6167, 3.0],
            "transform": [
                [0.0, 0.0, 0.0, -0.0, 0.0, 0.0, 0.0, 0.272858, 0.0, 0.0, 0.0, -0.0, 0.0, 0.0, 0.0, 1.0],
                [0.0, 0.0, 0.0, 0.0, 0.0, 0.0, 0.0, 0.272858, 0.0, 0.0, 0.0, -0.0, 0.0, 0.0, 0.0, 1.0],
                [0.0, 0.0, 0.0, -0.0, 0.0, 0.0, 0.0, 0.272858, 0.0, 0.0, 0.0, 0.0, 0.0, 0.0, 0.0, 1.0]
            ]
        },
        {
            "name": "Elbow_L",
            "time": [0.0, 1.6167, 3.0],
            "transform": [
                [-1.0, 0.0, -0.0, -0.0, 0.0, -0.0, -1.0, 0.3, -0.0, -1.0, -0.0, -0.0, 0.0, 0.0, 0.0, 1.0],
                [-1.0, 0.0, -0.0, -0.0, 0.0, 0.0, -1.0, 0.3, -0.0, -1.0, -0.0, -0.0, 0.0, 0.0, 0.0, 1.0],
                [-1.0, 0.0, -0.0, 0.0, 0.0, -0.0, -1.0, 0.3, -0.0, -1.0, -0.0, 0.0, 0.0, 0.0, 0.0, 1.0]
            ]
        }
    ]
}