{
    
    "animation": [
        {
            "name": "Root",
            "time": [0.0, 1.7833, 3.55],
            "transform": [
                [1.0, 0.0, 0.0, -5e-06, 0.0, 0.0, -1.0, 0.000946, 0.0, 1.0, 0.0, 0.487162, 0.0, 0.0, 0.0, 1.0],
                [1.0, 0.0, 0.0, -5e-06, 0.0, 0.0, -1.0, 0.022573, 0.0, 1.0, 0.0, 0.48062, 0.0, 0.0, 0.0, 1.0],
                [1.0, 0.0, 0.0, -5e-06, 0.0, 0.0, -1.0, 0.000946, 0.0, 1.0, 0.0, 0.487162, 0.0, 0.0, 0.0, 1.0]
            ]
        },
        {
            "name": "Thigh_R",
            "time": [0.0, 1.7833, 3.55],
            "transform": [
                [1.0, -1e-06, 0.0, 0.124994, -0.0, -0.991031, -0.133618, -0.002831, 0.0, 0.133619, -0.991033, -1.2e-05, 0.0, 0.0, 0.0, 1.0],
                [1.0, -1e-06, 0.0, 0.124994, -0.0, -0.977127, -0.212645, -0.002831, 0.0, 0.212645, -0.97713, -1.2e-05, 0.0, 0.0, 0.0, 1.0],
                [1.0, -1e-06, 0.0, 0.124994, -0.0, -0.991031, -0.133618, -0.002831, 0.0, 0.133619, -0.991033, -1.2e-05, 0.0, 0.0, 0.0, 1.0]
            ]
        },
        {
            "name": "Leg_R",
            "time": [0.0, 1.7833, 3.55],
            "transform": [
                [1.0, 0.0, 1e-06, 0.0, -1e-06, 0.162193, 0.986758, 0.37472, 0.0, -0.98676, 0.162192, -0.0, 0.0, 0.0, 0.0, 1.0],
                [1.0, 0.0, 1e-06, 0.0, -1e-06, 0.216075, 0.976376, 0.37472, 0.0, -0.976378, 0.216074, -0.0, 0.0, 0.0, 0.0, 1.0],
                [1.0, 0.0, 1e-06, 0.0, -1e-06, 0.162193, 0.986758, 0.37472, 0.0, -0.98676, 0.162192, -0.0, 0.0, 0.0, 0.0, 1.0]
            ]
        },
        {
            "name": "Knee_R",
            "time": [0.0, 3.55],
            "transform": [
                [1.0, -0.0, -0.0, 0.0, -0.0, -0.168581, -0.985688, 0.486932, -0.0, 0.985688, -0.168581, -0.001311, 0.0, 0.0, 0.0, 1.0],
                [1.0, -0.0, -0.0, 0.0, -0.0, -0.168581, -0.985688, 0.486932, -0.0, 0.985688, -0.168581, -0.001311, 0.0, 0.0, 0.0, 1.0]
            ]
        },
        {
            "name": "Thigh_L",
            "time": [0.0, 1.7833, 3.55],
            "transform": [
                [0.995363, -0.009443, 0.095721, -0.125006, -0.094803, -0.26443, 0.959734, -0.002831, 0.016249, -0.964359, -0.264099, -1.2e-05, 0.0, 0.0, 0.0, 1.0],
                [0.995363, -0.004467, 0.096082, -0.125006, -0.094803, -0.214314, 0.972153, -0.002831, 0.016249, -0.976755, -0.213744, -1.2e-05, 0.0, 0.0, 0.0, 1.0],
                [0.995363, -0.009443, 0.095721, -0.125006, -0.094803, -0.26443, 0.959734, -0.002831, 0.016249, -0.964359, -0.264099, -1.2e-05, 0.0, 0.0, 0.0, 1.0]
            ]
        },
        {
            "name": "Leg_L",
            "time": [0.0, 1.7833, 3.55],
            "transform": [
                [1.0, 0.0, 1e-06, -0.0, -1e-06, 0.353565, 0.93541, 0.37472, -0.0, -0.93541, 0.353565, 0.0, 0.0, 0.0, 0.0, 1.0],
                [1.0, 0.0, 1e-06, -0.0, -1e-06, 0.227908, 0.973683, 0.37472, -0.0, -0.973682, 0.227908, -0.0, 0.0, 0.0, 0.0, 1.0],
                [1.0, 0.0, 1e-06, -0.0, -1e-06, 0.353565, 0.93541, 0.37472, -0.0, -0.93541, 0.353565, 0.0, 0.0, 0.0, 0.0, 1.0]
            ]
        },
        {
            "name": "Knee_L",
            "time": [0.0, 3.55],
            "transform": [
                [1.0, -0.0, -0.0, 0.0, -0.0, -0.235096, -0.971972, 0.459884, -0.0, 0.971972, -0.235096, -0.004006, 0.0, 0.0, 0.0, 1.0],
                [1.0, -0.0, -0.0, 0.0, -0.0, -0.235096, -0.971972, 0.459884, -0.0, 0.971972, -0.235096, -0.004006, 0.0, 0.0, 0.0, 1.0]
            ]
        },
        {
            "name": "Torso",
            "time": [0.0, 1.7833, 3.55],
            "transform": [
                [1.0, 0.0, 0.0, 0.0, 0.0, 0.99823, -0.059478, 0.05, 0.0, 0.059478, 0.99823, 0.0, 0.0, 0.0, 0.0, 1.0],
                [1.0, 0.0, 0.0, 0.0, 0.0, 0.997045, 0.076816, 0.05, 0.0, -0.076816, 0.997045, 0.0, 0.0, 0.0, 0.0, 1.0],
                [1.0, 0.0, 0.0, 0.0, 0.0, 0.99823, -0.059478, 0.05, 0.0, 0.059478, 0.99823, 0.0, 0.0, 0.0, 0.0, 1.0]
            ]
        },
        {
            "name": "Chest",
            "time": [0.0, 1.7833, 3.55],
            "transform": [
                [1.0, 0.0, 0.0, -0.0, 0.0, 0.857411, 0.514632, 0.3, 0.0, -0.514632, 0.857411, 0.0, 0.0, 0.0, 0.0, 1.0],
                [1.0, 0.0, 0.0, 0.0, 0.0, 0.906865, 0.421422, 0.3, 0.0, -0.421422, 0.906865, 0.0, 0.0, 0.0, 0.0, 1.0],
                [1.0, 0.0, 0.0, -0.0, 0.0, 0.857411, 0.514632, 0.3, 0.0, -0.514632, 0.857411, 0.0, 0.0, 0.0, 0.0, 1.0]
            ]
        },
        {
            "name": "Head",
            "time": [0.0, 1.7833, 3.55],
            "transform": [
                [1.0, 0.0, 0.0, 0.0, 0.0, 0.906203, -0.422842, 0.4, 0.0, 0.422842, 0.906203, 0.0, 0.0, 0.0, 0.0, 1.0],
                [1.0, 0.0, 0.0, 0.0, 0.0, 0.884116, -0.467267, 0.4, 0.0, 0.467267, 0.884116, 0.0, 0.0, 0.0, 0.0, 1.0],
                [1.0, 0.0, 0.0, 0.0, 0.0, 0.906203, -0.422842, 0.4, 0.0, 0.422842, 0.906203, 0.0, 0.0, 0.0, 0.0, 1.0]
            ]
        },
        {
            "name": "Shoulder_R",
            "time": [0.0, 3.55],
            "transform": [
                [0.0, 0.952114, 0.305743, 0.0, 0.0, -0.305743, 0.952114, 0.4, 1.0, -0.0, -0.0, 0.0, 0.0, 0.0, 0.0, 1.0],
                [0.0, 0.952114, 0.305743, 0.0, 0.0, -0.305743, 0.952114, 0.4, 1.0, -0.0, -0.0, 0.0, 0.0, 0.0, 0.0, 1.0]
            ]
        },
        {
            "name": "Arm_R",
            "time": [0.0, 3.55],
            "transform": [
                [0.066988, -0.441726, -0.894645, 0.0, 0.900339, 0.413196, -0.136599, 0.39386, 0.430003, -0.796334, 0.425382, 0.0, 0.0, 0.0, 0.0, 1.0],
                [0.066988, -0.441726, -0.894645, 0.0, 0.900339, 0.413196, -0.136599, 0.39386, 0.430003, -0.796334, 0.425382, 0.0, 0.0, 0.0, 0.0, 1.0]
            ]
        },
        {
            "name": "Hand_R",
            "time": [0.0, 1.7833, 3.55],
            "transform": [
                [1.0, 0.0, 0.0, -0.0, -0.0, 0.998507, -0.054621, 0.3, -0.0, 0.054621, 0.998507, -0.0, 0.0, 0.0, 0.0, 1.0],
                [1.0, 0.0, 0.0, 0.0, -0.0, 0.967317, -0.25357, 0.3, -0.0, 0.25357, 0.967317, -0.0, 0.0, 0.0, 0.0, 1.0],
                [1.0, 0.0, 0.0, -0.0, -0.0, 0.998507, -0.054621, 0.3, -0.0, 0.054621, 0.998507, -0.0, 0.0, 0.0, 0.0, 1.0]
            ]
        },
        {
            "name": "Tool_R",
            "time": [0.0, 1.7833, 3.55],
            "transform": [
                [1.0, 0.0, 0.0, 0.0, 0.0, -0.999836, 0.018122, 0.272858, 0.0, -0.018122, -0.999244, 0.0, 0.0, 0.0, 0.0, 1.0],
                [1.0, -0.0, 0.0, 0.0, 0.0, -0.990785, -0.135448, 0.272858, 0.0, 0.135357, -0.990199, -0.0, 0.0, 0.0, 0.0, 1.0],
                [1.0, 0.0, 0.0, 0.0, 0.0, -0.999836, 0.018122, 0.272858, 0.0, -0.018122, -0.999244, 0.0, 0.0, 0.0, 0.0, 1.0]
            ]
        },
        {
            "name": "Elbow_R",
            "time": [0.0, 3.55],
            "transform": [
                [-1.0, 0.0, -0.0, -0.0, 0.0, -0.0, -1.0, 0.3, -0.0, -1.0, 0.0, -0.0, 0.0, 0.0, 0.0, 1.0],
                [-1.0, 0.0, -0.0, -0.0, 0.0, -0.0, -1.0, 0.3, -0.0, -1.0, 0.0, -0.0, 0.0, 0.0, 0.0, 1.0]
            ]
        },
        {
            "name": "Shoulder_L",
            "time": [0.0, 3.55],
            "transform": [
                [-0.182414, -0.929975, -0.319173, 0.0, -0.145477, -0.295518, 0.944195, 0.4, -0.9724, 0.218667, -0.081384, 0.0, 0.0, 0.0, 0.0, 1.0],
                [-0.182414, -0.929975, -0.319173, 0.0, -0.145477, -0.295518, 0.944195, 0.4, -0.9724, 0.218667, -0.081384, 0.0, 0.0, 0.0, 0.0, 1.0]
            ]
        },
        {
            "name": "Arm_L",
            "time": [0.0, 3.55],
            "transform": [
                [-0.443138, 0.210983, 0.871272, 0.0, -0.861689, 0.167785, -0.478895, 0.39386, -0.247225, -0.962982, 0.107449, 0.0, 0.0, 0.0, 0.0, 1.0],
                [-0.443138, 0.210983, 0.871272, 0.0, -0.861689, 0.167785, -0.478895, 0.39386, -0.247225, -0.962982, 0.107449, 0.0, 0.0, 0.0, 0.0, 1.0]
            ]
        },
        {
            "name": "Hand_L",
            "time": [0.0, 3.55],
            "transform": [
                [0.986757, 0.151973, -0.056703, 0.0, -0.161952, 0.903487, -0.396842, 0.3, -0.009079, 0.40077, 0.916134, -0.0, 0.0, 0.0, 0.0, 1.0],
                [0.986757, 0.151973, -0.056703, 0.0, -0.161952, 0.903487, -0.396842, 0.3, -0.009079, 0.40077, 0.916134, -0.0, 0.0, 0.0, 0.0, 1.0]
            ]
        },
        {
            "name": "Tool_L",
            "time": [0.0, 3.55],
            "transform": [
                [0.0, 0.0, 0.0, 0.0, 0.0, 0.0, 0.0, 0.272858, 0.0, 0.0, 0.0, 0.0, 0.0, 0.0, 0.0, 1.0],
                [0.0, 0.0, 0.0, 0.0, 0.0, 0.0, 0.0, 0.272858, 0.0, 0.0, 0.0, 0.0, 0.0, 0.0, 0.0, 1.0]
            ]
        },
        {
            "name": "Elbow_L",
            "time": [0.0, 3.55],
            "transform": [
                [-1.0, 0.0, -0.0, 0.0, 0.0, -0.22782, -0.973703, 0.416895, -0.0, -0.973703, 0.22782, -0.0, 0.0, 0.0, 0.0, 1.0],
                [-1.0, 0.0, -0.0, 0.0, 0.0, -0.22782, -0.973703, 0.416895, -0.0, -0.973703, 0.22782, -0.0, 0.0, 0.0, 0.0, 1.0]
            ]
        }
    ]
}