{
    
    "animation": [
        {
            "name": "Root",
            "time": [0.0, 0.35, 0.5167, 0.95, 1.25, 1.5],
            "transform": [
                [0.834853, 0.0, -0.550472, -5e-06, -0.550472, 0.0, -0.834853, 0.000946, 0.0, 1.0, 0.0, 0.755725, 0.0, 0.0, 0.0, 1.0],
                [0.746275, -0.000911, 0.665637, 0.041648, 0.657206, 0.159665, -0.736605, 0.621983, -0.105608, 0.987171, 0.119753, 0.603212, 0.0, 0.0, 0.0, 1.0],
                [0.746275, -0.000911, 0.665637, 0.043219, 0.657206, 0.159665, -0.736605, 0.651494, -0.105608, 0.987171, 0.119753, 0.561914, 0.0, 0.0, 0.0, 1.0],
                [0.801767, -0.077181, -0.592633, 0.010165, -0.525567, 0.381024, -0.760657, 6.270424, 0.284515, 0.921338, 0.264929, 0.603013, 0.0, 0.0, 0.0, 1.0],
                [0.990627, -0.052543, -0.126083, 0.007091, -0.106587, 0.279898, -0.954095, 6.589186, 0.085421, 0.958591, 0.271674, 0.776593, 0.0, 0.0, 0.0, 1.0],
                [0.982481, -0.012324, 0.185953, -0.057391, 0.184159, 0.217127, -0.958614, 6.991552, -0.028562, 0.976066, 0.215593, 0.64952, 0.0, 0.0, 0.0, 1.0]
            ]
        },
        {
            "name": "Thigh_R",
            "time": [0.0, 0.2, 0.35, 0.5167, 0.55, 0.95, 1.25, 1.5],
            "transform": [
                [0.996122, 0.069591, -0.053819, 0.124994, 0.068868, -0.997508, -0.01518, -0.002831, -0.054742, 0.011415, -0.998436, -1.2e-05, 0.0, 0.0, 0.0, 1.0],
                [0.93043, 0.362105, 0.056381, 0.124994, 0.128325, -0.466035, 0.875411, -0.002831, 0.343266, -0.807271, -0.480082, -1.2e-05, 0.0, 0.0, 0.0, 1.0],
                [0.81882, 0.531538, 0.216793, 0.124994, 0.024768, -0.410015, 0.911742, -0.002831, 0.573514, -0.741182, -0.348896, -1.2e-05, 0.0, 0.0, 0.0, 1.0],
                [0.81882, 0.54996, 0.164546, 0.124994, 0.024768, -0.32022, 0.947019, -0.002831, 0.573514, -0.771362, -0.275826, -1.2e-05, 0.0, 0.0, 0.0, 1.0],
                [0.925828, -0.015946, 0.377609, 0.124994, 0.127989, -0.926846, -0.352946, -0.002831, 0.355614, 0.375096, -0.856061, -1.2e-05, 0.0, 0.0, 0.0, 1.0],
                [0.834652, 0.291678, -0.467203, 0.124994, 0.035927, -0.875285, -0.482268, -0.002831, -0.549604, 0.38574, -0.74104, -1.1e-05, 0.0, 0.0, 0.0, 1.0],
                [0.958742, -0.119154, -0.2581, 0.124994, 0.187527, -0.417268, 0.889225, -0.002831, -0.213652, -0.900936, -0.377709, -1.2e-05, 0.0, 0.0, 0.0, 1.0],
                [0.982336, 0.174324, 0.068017, 0.124994, 0.041583, -0.55776, 0.828959, -0.002831, 0.182445, -0.811486, -0.555159, -1.2e-05, 0.0, 0.0, 0.0, 1.0]
            ]
        },
        {
            "name": "Leg_R",
            "time": [0.0, 0.2, 0.35, 0.5167, 0.55, 0.95, 1.25, 1.5],
            "transform": [
                [1.0, -1e-06, 2e-06, 0.0, -0.0, 0.926377, 0.376598, 0.37472, -2e-06, -0.376598, 0.926376, -0.0, 0.0, 0.0, 0.0, 1.0],
                [1.0, -2e-06, -0.0, 0.0, -0.0, -0.246551, 0.969129, 0.37472, -2e-06, -0.969131, -0.246551, -0.0, 0.0, 0.0, 0.0, 1.0],
                [1.0, -2e-06, 0.0, -0.0, -0.0, 0.113482, 0.993539, 0.37472, -2e-06, -0.993541, 0.113481, -0.0, 0.0, 0.0, 0.0, 1.0],
                [1.0, -2e-06, 0.0, -0.0, -0.0, 0.113482, 0.993539, 0.37472, -2e-06, -0.993541, 0.113481, -0.0, 0.0, 0.0, 0.0, 1.0],
                [1.0, -0.0, 2e-06, 0.0, -0.0, 0.953935, 0.300017, 0.37472, -2e-06, -0.300017, 0.953933, -0.0, 0.0, 0.0, 0.0, 1.0],
                [1.0, 0.0, 1e-06, -0.0, -0.0, 0.990533, 0.137277, 0.374721, -1e-06, -0.137278, 0.990532, 0.0, 0.0, 0.0, 0.0, 1.0],
                [1.0, -2e-06, 0.0, -0.0, -1e-06, -0.121598, 0.992579, 0.374721, -2e-06, -0.99258, -0.121597, 0.0, 0.0, 0.0, 0.0, 1.0],
                [1.0, -0.0, 2e-06, 0.0, -0.0, 0.884996, 0.465599, 0.37472, -2e-06, -0.4656, 0.884995, -0.0, 0.0, 0.0, 0.0, 1.0]
            ]
        },
        {
            "name": "Knee_R",
            "time": [0.0, 0.2, 0.35, 0.5167, 0.95, 1.5],
            "transform": [
                [1.0, 0.0, -0.0, 0.0, -0.0, 1e-06, -1.0, 0.37472, -0.0, 1.0, 1e-06, -0.0, 0.0, 0.0, 0.0, 1.0],
                [1.0, 0.0, -0.0, 0.0, -0.0, 0.782533, -0.62261, 0.37472, -0.0, 0.62261, 0.782533, -0.0, 0.0, 0.0, 0.0, 1.0],
                [1.0, 0.0, -0.0, -0.0, -0.0, 0.497314, -0.86757, 0.37472, -0.0, 0.86757, 0.497314, -0.0, 0.0, 0.0, 0.0, 1.0],
                [1.0, 0.0, -0.0, -0.0, -0.0, 0.497314, -0.86757, 0.37472, -0.0, 0.86757, 0.497314, -0.0, 0.0, 0.0, 0.0, 1.0],
                [1.0, -0.0, -0.0, -0.0, -0.0, 0.116366, -0.993206, 0.374721, 0.0, 0.993206, 0.116366, 0.0, 0.0, 0.0, 0.0, 1.0],
                [1.0, -0.0, -0.0, 0.0, -0.0, 0.116366, -0.993206, 0.37472, 0.0, 0.993206, 0.116366, -0.0, 0.0, 0.0, 0.0, 1.0]
            ]
        },
        {
            "name": "Thigh_L",
            "time": [0.0, 0.35, 0.5167, 0.55, 0.65, 0.95, 1.5],
            "transform": [
                [0.866588, -0.21542, -0.450131, -0.125006, -0.027838, -0.921489, 0.387404, -0.002831, -0.498245, -0.323189, -0.804549, -1.2e-05, 0.0, 0.0, 0.0, 1.0],
                [0.861854, -0.121268, 0.492444, -0.125006, -0.090238, -0.992166, -0.086396, -0.002831, 0.499063, 0.030024, -0.866045, -1.2e-05, 0.0, 0.0, 0.0, 1.0],
                [0.861854, -0.088272, 0.499414, -0.125006, -0.090238, -0.995714, -0.020267, -0.002831, 0.499063, -0.027599, -0.866126, -1.2e-05, 0.0, 0.0, 0.0, 1.0],
                [0.956938, 0.199619, 0.210761, -0.125006, -0.167319, -0.214012, 0.962394, -0.002831, 0.237217, -0.956217, -0.171397, -1.2e-05, 0.0, 0.0, 0.0, 1.0],
                [0.935887, -0.343003, 0.080402, -0.125006, -0.029858, 0.150172, 0.988209, -0.002831, -0.351032, -0.927253, 0.130302, -1.2e-05, 0.0, 0.0, 0.0, 1.0],
                [0.80365, -0.59504, -0.008615, -0.125006, -0.058826, -0.093839, 0.993847, -0.002831, -0.592187, -0.798199, -0.110418, -1.2e-05, 0.0, 0.0, 0.0, 1.0],
                [0.987725, -0.011839, 0.155749, -0.125006, 0.001263, -0.996486, -0.083753, -0.002831, 0.156193, 0.082922, -0.984239, -1.2e-05, 0.0, 0.0, 0.0, 1.0]
            ]
        },
        {
            "name": "Leg_L",
            "time": [0.0, 0.35, 0.5167, 0.55, 0.65, 0.95, 1.5],
            "transform": [
                [1.0, -1e-06, 1e-06, -0.0, 0.0, 0.917737, 0.397187, 0.37472, -1e-06, -0.397187, 0.917738, 0.0, 0.0, 0.0, 0.0, 1.0],
                [1.0, -1e-06, 0.0, 0.0, 0.0, 0.761495, 0.648171, 0.37472, -1e-06, -0.64817, 0.761495, 0.0, 0.0, 0.0, 0.0, 1.0],
                [1.0, -1e-06, 0.0, 0.0, 0.0, 0.622045, 0.782981, 0.37472, -1e-06, -0.782981, 0.622046, -0.0, 0.0, 0.0, 0.0, 1.0],
                [1.0, -1e-06, -0.0, -0.0, 0.0, -0.420912, 0.907102, 0.37472, -1e-06, -0.907101, -0.420912, -0.0, 0.0, 0.0, 0.0, 1.0],
                [1.0, -1e-06, -0.0, 0.0, 0.0, -0.347543, 0.937665, 0.374721, -1e-06, -0.937664, -0.347543, -0.0, 0.0, 0.0, 0.0, 1.0],
                [1.0, -1e-06, 1e-06, -0.0, 1e-06, 0.915961, 0.401267, 0.374721, -1e-06, -0.401267, 0.915962, 0.0, 0.0, 0.0, 0.0, 1.0],
                [1.0, -1e-06, 0.0, -0.0, 0.0, 0.836941, 0.547292, 0.37472, -1e-06, -0.547292, 0.836942, -0.0, 0.0, 0.0, 0.0, 1.0]
            ]
        },
        {
            "name": "Knee_L",
            "time": [0.0, 0.5167, 0.55, 0.95, 1.5],
            "transform": [
                [1.0, 0.0, -0.0, -0.0, -0.0, 1e-06, -1.0, 0.37472, -0.0, 1.0, 1e-06, 0.0, 0.0, 0.0, 0.0, 1.0],
                [1.0, 0.0, -0.0, 0.0, -0.0, 1e-06, -1.0, 0.37472, -0.0, 1.0, 1e-06, -0.0, 0.0, 0.0, 0.0, 1.0],
                [1.0, 0.0, -0.0, -0.0, -0.0, 0.862744, -0.505642, 0.37472, -0.0, 0.505642, 0.862744, -0.0, 0.0, 0.0, 0.0, 1.0],
                [1.0, 0.0, -0.0, -0.0, -0.0, 0.517326, -0.855789, 0.374721, -0.0, 0.855789, 0.517326, 0.0, 0.0, 0.0, 0.0, 1.0],
                [1.0, 0.0, -0.0, -0.0, -0.0, 0.517326, -0.855789, 0.37472, -0.0, 0.855789, 0.517326, -0.0, 0.0, 0.0, 0.0, 1.0]
            ]
        },
        {
            "name": "Torso",
            "time": [0.0, 0.35, 0.5167, 0.5667, 0.95, 1.5],
            "transform": [
                [0.981277, 0.019996, -0.191563, -0.0, -0.017548, 0.999741, 0.014471, 0.05, 0.191803, -0.010839, 0.981374, -0.0, 0.0, 0.0, 0.0, 1.0],
                [0.997994, 0.012056, 0.062144, 0.0, -0.02061, 0.990089, 0.138919, 0.05, -0.059853, -0.139921, 0.988352, 0.0, 0.0, 0.0, 0.0, 1.0],
                [0.997994, 0.012056, 0.062144, 0.0, -0.02061, 0.990089, 0.138919, 0.05, -0.059853, -0.139921, 0.988352, 0.0, 0.0, 0.0, 0.0, 1.0],
                [0.263342, 0.022998, -0.964428, -0.0, 0.127537, 0.990111, 0.058435, 0.05, 0.956235, -0.138389, 0.257804, 0.0, 0.0, 0.0, 0.0, 1.0],
                [0.956893, 0.012056, -0.29019, 0.0, 0.029186, 0.990089, 0.137373, 0.05, 0.28897, -0.139921, 0.947058, 1e-06, 0.0, 0.0, 0.0, 1.0],
                [0.956893, 0.012056, -0.29019, 0.0, 0.029186, 0.990089, 0.137373, 0.05, 0.28897, -0.139921, 0.947058, -1e-06, 0.0, 0.0, 0.0, 1.0]
            ]
        },
        {
            "name": "Chest",
            "time": [0.0, 0.35, 0.5167, 0.65, 0.95, 1.1167, 1.5],
            "transform": [
                [0.999771, -0.021411, -0.000206, 0.0, 0.021411, 0.999586, 0.019228, 0.3, -0.000206, -0.019228, 0.999815, 0.0, 0.0, 0.0, 0.0, 1.0],
                [0.981589, -0.0206, 0.18989, -0.0, -0.034173, 0.959184, 0.280708, 0.3, -0.187923, -0.282029, 0.940821, -0.0, 0.0, 0.0, 0.0, 1.0],
                [0.985362, -0.0206, 0.169224, -0.0, -0.028268, 0.959184, 0.281364, 0.3, -0.168113, -0.282029, 0.944562, -0.0, 0.0, 0.0, 0.0, 1.0],
                [0.856841, 0.046521, -0.513478, 0.0, 0.102314, 0.960772, 0.257776, 0.3, 0.505328, -0.273409, 0.818469, 0.0, 0.0, 0.0, 0.0, 1.0],
                [0.830539, 0.131728, -0.541159, -0.0, -0.043751, 0.984057, 0.172391, 0.3, 0.55524, -0.119501, 0.82306, -0.0, 0.0, 0.0, 0.0, 1.0],
                [0.933447, -0.039262, -0.356559, -0.0, 0.164817, 0.929801, 0.329096, 0.3, 0.318608, -0.365961, 0.874392, 0.0, 0.0, 0.0, 0.0, 1.0],
                [0.998582, -0.047892, -0.023232, 0.0, 0.049684, 0.99523, 0.083959, 0.3, 0.0191, -0.084994, 0.996198, -0.0, 0.0, 0.0, 0.0, 1.0]
            ]
        },
        {
            "name": "Head",
            "time": [0.0, 0.35, 0.5167, 0.95, 1.5],
            "transform": [
                [0.702717, -0.012968, 0.711351, 0.0, 0.055561, 0.997781, -0.036697, 0.4, -0.709296, 0.065311, 0.701878, 0.0, 0.0, 0.0, 0.0, 1.0],
                [0.850711, 0.065762, -0.521505, 0.0, -0.023315, 0.995887, 0.087549, 0.4, 0.525117, -0.06232, 0.848745, -0.0, 0.0, 0.0, 0.0, 1.0],
                [0.850711, 0.065762, -0.521505, -0.0, -0.023315, 0.995887, 0.087549, 0.4, 0.525117, -0.06232, 0.848745, 0.0, 0.0, 0.0, 0.0, 1.0],
                [0.666981, 0.065762, 0.742167, -0.0, -0.090324, 0.995887, -0.00707, 0.4, -0.739579, -0.06232, 0.670178, -0.0, 0.0, 0.0, 0.0, 1.0],
                [0.98747, 0.065762, 0.143449, 0.0, -0.07393, 0.995887, 0.052371, 0.4, -0.139415, -0.06232, 0.988271, 1e-06, 0.0, 0.0, 0.0, 1.0]
            ]
        },
        {
            "name": "Shoulder_R",
            "time": [0.0, 0.35, 0.95, 1.5],
            "transform": [
                [0.089555, 0.892685, 0.441692, 0.0, -0.003656, -0.443177, 0.896427, 0.4, 0.995975, -0.081895, -0.036425, 0.0, 0.0, 0.0, 0.0, 1.0],
                [-0.160963, 0.882609, 0.441692, 0.0, 0.119121, -0.426883, 0.896427, 0.4, 0.979745, 0.196906, -0.036425, -0.0, 0.0, 0.0, 0.0, 1.0],
                [-0.009726, 0.897114, 0.441692, -0.0, 0.045382, -0.440862, 0.896427, 0.4, 0.998922, 0.028764, -0.036425, -0.0, 0.0, 0.0, 0.0, 1.0],
                [-0.009726, 0.897114, 0.441692, 0.0, 0.045382, -0.440862, 0.896427, 0.4, 0.998922, 0.028764, -0.036425, 1e-06, 0.0, 0.0, 0.0, 1.0]
            ]
        },
        {
            "name": "Arm_R",
            "time": [0.0, 0.35, 0.95, 1.5],
            "transform": [
                [0.53923, -0.840026, -0.059898, 0.0, 0.805942, 0.535367, -0.252665, 0.39386, 0.244312, 0.08797, 0.965698, -0.0, 0.0, 0.0, 0.0, 1.0],
                [0.726205, -0.547356, -0.415966, -0.0, 0.678741, 0.474682, 0.560345, 0.39386, -0.109257, -0.689259, 0.71623, -0.0, 0.0, 0.0, 0.0, 1.0],
                [0.240137, -0.430499, -0.87006, 0.0, 0.588425, 0.777407, -0.222249, 0.39386, 0.772069, -0.458595, 0.440001, 0.0, 0.0, 0.0, 0.0, 1.0],
                [0.290793, -0.694625, 0.657979, 0.0, 0.953757, 0.155766, -0.25707, 0.393861, 0.076076, 0.702306, 0.707799, 0.0, 0.0, 0.0, 0.0, 1.0]
            ]
        },
        {
            "name": "Hand_R",
            "time": [0.0, 0.35, 0.95, 1.5],
            "transform": [
                [0.999985, 0.004432, -0.003343, -0.0, -0.00125, -0.406877, -0.913482, 0.3, -0.005409, 0.913472, -0.406865, 0.0, 0.0, 0.0, 0.0, 1.0],
                [0.999985, 0.002288, 0.005058, 0.0, -0.00125, 0.980524, -0.196396, 0.3, -0.005409, 0.196386, 0.980512, -0.0, 0.0, 0.0, 0.0, 1.0],
                [0.999985, 0.001379, 0.005378, 0.0, -0.00125, 0.999714, -0.023863, 0.3, -0.005409, 0.023856, 0.999701, 0.0, 0.0, 0.0, 0.0, 1.0],
                [0.999984, 0.00546, -0.001005, -1e-06, -0.00125, 0.04512, -0.998981, 0.3, -0.005409, 0.998967, 0.045126, 0.0, 0.0, 0.0, 0.0, 1.0]
            ]
        },
        {
            "name": "Tool_R",
            "time": [0.0, 0.5167, 0.95, 1.5],
            "transform": [
                [1.0, -0.0, 0.0, -0.0, 0.0, -0.944043, -0.329823, 0.272858, 0.0, 0.329618, -0.943487, 0.0, 0.0, 0.0, 0.0, 1.0],
                [1.0, 0.0, 0.0, -0.0, 0.0, -0.944043, -0.329823, 0.272858, 0.0, 0.329618, -0.943487, 0.0, 0.0, 0.0, 0.0, 1.0],
                [1.0, 0.0, -0.0, 0.0, -0.0, -0.444332, -0.895862, 0.272858, 0.0, 0.895327, -0.444079, 0.0, 0.0, 0.0, 0.0, 1.0],
                [1.0, 0.0, 0.0, 0.0, 0.0, -0.992441, -0.122723, 0.272858, 0.0, 0.12264, -0.991854, -0.0, 0.0, 0.0, 0.0, 1.0]
            ]
        },
        {
            "name": "Elbow_R",
            "time": [0.0, 0.5167, 0.95, 1.5],
            "transform": [
                [-1.0, 0.0, -0.0, -0.0, 0.0, -0.0, -1.0, 0.3, -0.0, -1.0, 0.0, 0.0, 0.0, 0.0, 0.0, 1.0],
                [-1.0, 0.0, -0.0, 0.0, 0.0, -0.0, -1.0, 0.3, -0.0, -1.0, 0.0, 0.0, 0.0, 0.0, 0.0, 1.0],
                [-1.0, 0.0, 0.0, 0.0, -0.0, -0.0, -1.0, 0.3, -0.0, -1.0, 0.0, 0.0, 0.0, 0.0, 0.0, 1.0],
                [-1.0, 0.0, 0.0, -1e-06, -0.0, -0.0, -1.0, 0.3, -0.0, -1.0, 0.0, 0.0, 0.0, 0.0, 0.0, 1.0]
            ]
        },
        {
            "name": "Shoulder_L",
            "time": [0.0, 0.35, 0.5167, 0.95, 1.5],
            "transform": [
                [-0.194935, -0.933432, -0.301172, 0.0, -0.092838, -0.288124, 0.953082, 0.4, -0.976413, 0.213749, -0.030493, 0.0, 0.0, 0.0, 0.0, 1.0],
                [0.070267, -0.950977, -0.301172, 0.0, -0.009709, -0.302556, 0.953082, 0.4, -0.997481, -0.064046, -0.030493, -0.0, 0.0, 0.0, 0.0, 1.0],
                [0.070267, -0.950977, -0.301172, -0.0, -0.009709, -0.302556, 0.953082, 0.4, -0.997481, -0.064046, -0.030493, 0.0, 0.0, 0.0, 0.0, 1.0],
                [0.070267, -0.950977, -0.301172, -0.0, -0.009709, -0.302556, 0.953082, 0.4, -0.997481, -0.064046, -0.030493, -0.0, 0.0, 0.0, 0.0, 1.0],
                [-0.069587, -0.951027, -0.301172, 0.0, -0.053859, -0.297882, 0.953082, 0.4, -0.996121, 0.082543, -0.030493, 1e-06, 0.0, 0.0, 0.0, 1.0]
            ]
        },
        {
            "name": "Arm_L",
            "time": [0.0, 0.5167, 0.95, 1.5],
            "transform": [
                [-0.293097, -0.011148, 0.956018, 0.0, -0.954692, 0.057325, -0.292022, 0.39386, -0.051548, -0.998293, -0.027445, 0.0, 0.0, 0.0, 0.0, 1.0],
                [-0.293097, -0.011148, 0.956018, -0.0, -0.954692, 0.057325, -0.292022, 0.39386, -0.051548, -0.998293, -0.027445, -0.0, 0.0, 0.0, 0.0, 1.0],
                [-0.293097, -0.011148, 0.956018, 0.0, -0.954692, 0.057325, -0.292022, 0.393861, -0.051548, -0.998293, -0.027445, -1e-06, 0.0, 0.0, 0.0, 1.0],
                [-0.293097, -0.011148, 0.956018, -0.0, -0.954692, 0.057325, -0.292022, 0.39386, -0.051548, -0.998293, -0.027445, 0.0, 0.0, 0.0, 0.0, 1.0]
            ]
        },
        {
            "name": "Hand_L",
            "time": [0.0, 0.5167, 0.95, 1.5],
            "transform": [
                [0.99932, -0.035435, 0.010227, -0.0, 0.03687, 0.966806, -0.25284, 0.3, -0.000929, 0.253045, 0.967454, 0.0, 0.0, 0.0, 0.0, 1.0],
                [0.99932, -0.035435, 0.010227, -0.0, 0.036869, 0.966806, -0.25284, 0.3, -0.000928, 0.253045, 0.967454, -0.0, 0.0, 0.0, 0.0, 1.0],
                [0.99932, -0.035435, 0.010227, -0.0, 0.03687, 0.966806, -0.25284, 0.3, -0.000928, 0.253045, 0.967455, -0.0, 0.0, 0.0, 0.0, 1.0],
                [0.99932, -0.035435, 0.010227, -0.0, 0.036869, 0.966806, -0.25284, 0.3, -0.000928, 0.253045, 0.967454, -0.0, 0.0, 0.0, 0.0, 1.0]
            ]
        },
        {
            "name": "Tool_L",
            "time": [0.0, 0.5167, 0.95, 1.5],
            "transform": [
                [1.0, 0.0, 0.0, -0.0, 0.0, -0.999836, 0.018122, 0.272858, 0.0, -0.018122, -0.999247, 0.0, 0.0, 0.0, 0.0, 1.0],
                [1.0, 0.0, 0.0, 0.0, 0.0, -0.999836, 0.018122, 0.272858, 0.0, -0.018122, -0.999247, 0.0, 0.0, 0.0, 0.0, 1.0],
                [1.0, -0.0, 0.0, 0.0, 0.0, -0.999836, 0.018122, 0.272857, 0.0, -0.018122, -0.999247, 0.0, 0.0, 0.0, 0.0, 1.0],
                [1.0, 0.0, 0.0, 0.0, 0.0, -0.999836, 0.018122, 0.272858, 0.0, -0.018122, -0.999247, -0.0, 0.0, 0.0, 0.0, 1.0]
            ]
        },
        {
            "name": "Elbow_L",
            "time": [0.0, 0.5167, 0.95, 1.5],
            "transform": [
                [-1.0, 0.0, -0.0, -0.0, 0.0, -0.0, -1.0, 0.3, -0.0, -1.0, -0.0, 0.0, 0.0, 0.0, 0.0, 1.0],
                [-1.0, 0.0, -0.0, -0.0, 0.0, -0.0, -1.0, 0.3, -0.0, -1.0, -0.0, -0.0, 0.0, 0.0, 0.0, 1.0],
                [-1.0, 0.0, -0.0, -0.0, 0.0, -0.0, -1.0, 0.3, -0.0, -1.0, -0.0, -0.0, 0.0, 0.0, 0.0, 1.0],
                [-1.0, 0.0, -0.0, -0.0, 0.0, -0.0, -1.0, 0.3, -0.0, -1.0, -0.0, -0.0, 0.0, 0.0, 0.0, 1.0]
            ]
        }
    ]
}