{
    
    "animation": [
        {
            "name": "Root",
            "time": [0.0, 0.4833, 0.6],
            "transform": [
                [0.507728, 0.0, 0.861517, -5e-06, 0.861517, 0.0, -0.507728, 0.000946, 0.0, 1.0, 0.0, 0.755725, 0.0, 0.0, 0.0, 1.0],
                [0.927747, 0.0, -0.373209, 0.027529, -0.373209, 0.0, -0.927747, -3.355269, 0.0, 1.0, 0.0, 0.665693, 0.0, 0.0, 0.0, 1.0],
                [0.927747, 0.0, -0.373209, 0.027529, -0.373209, 0.0, -0.927747, -3.328661, 0.0, 1.0, 0.0, 0.665693, 0.0, 0.0, 0.0, 1.0]
            ]
        },
        {
            "name": "Thigh_R",
            "time": [0.0, 0.0833, 0.4833, 0.6],
            "transform": [
                [0.673479, 0.401906, 0.6204, 0.124994, 0.038469, -0.857196, 0.513549, -0.002831, 0.738204, -0.321997, -0.592766, -1.2e-05, 0.0, 0.0, 0.0, 1.0],
                [0.567195, 0.818927, 0.087443, 0.124994, 0.194624, -0.236444, 0.951954, -0.002831, 0.800257, -0.522924, -0.293494, -1.2e-05, 0.0, 0.0, 0.0, 1.0],
                [0.471593, 0.547828, 0.691002, 0.124994, 0.476368, -0.8177, 0.323168, -0.002831, 0.742073, 0.176767, -0.646591, -1.2e-05, 0.0, 0.0, 0.0, 1.0],
                [0.471593, 0.547828, 0.691002, 0.124994, 0.476368, -0.8177, 0.323168, -0.002831, 0.742073, 0.176767, -0.646591, -1.2e-05, 0.0, 0.0, 0.0, 1.0]
            ]
        },
        {
            "name": "Leg_R",
            "time": [0.0, 0.0833, 0.4833, 0.6],
            "transform": [
                [1.0, -1e-06, 2e-06, 0.0, -0.0, 0.753724, 0.657191, 0.37472, -2e-06, -0.657192, 0.753723, -0.0, 0.0, 0.0, 0.0, 1.0],
                [1.0, -0.0, 2e-06, 0.0, -0.0, 0.930794, 0.365546, 0.37472, -2e-06, -0.365547, 0.930792, -0.0, 0.0, 0.0, 0.0, 1.0],
                [1.0, -1e-06, 2e-06, 0.0, -0.0, 0.894412, 0.447245, 0.37472, -2e-06, -0.447245, 0.894411, -0.0, 0.0, 0.0, 0.0, 1.0],
                [1.0, -1e-06, 1e-06, -0.0, -0.0, 0.743333, 0.668922, 0.37472, -2e-06, -0.668923, 0.743332, -0.0, 0.0, 0.0, 0.0, 1.0]
            ]
        },
        {
            "name": "Knee_R",
            "time": [0.0, 0.6],
            "transform": [
                [1.0, 0.0, -0.0, 0.0, -0.0, 1e-06, -1.0, 0.37472, -0.0, 1.0, 1e-06, -0.0, 0.0, 0.0, 0.0, 1.0],
                [1.0, 0.0, -0.0, -0.0, -0.0, 1e-06, -1.0, 0.37472, -0.0, 1.0, 1e-06, -0.0, 0.0, 0.0, 0.0, 1.0]
            ]
        },
        {
            "name": "Thigh_L",
            "time": [0.0, 0.0833, 0.4833, 0.6],
            "transform": [
                [0.596753, -0.123267, 0.7929, -0.125006, 0.078257, -0.974479, -0.210394, -0.002831, 0.798599, 0.187604, -0.571877, -1.2e-05, 0.0, 0.0, 0.0, 1.0],
                [0.68523, 0.606198, 0.403712, -0.125006, -0.037465, -0.524229, 0.850752, -0.002831, 0.727362, -0.598087, -0.336507, -1.2e-05, 0.0, 0.0, 0.0, 1.0],
                [0.916303, -0.337447, -0.215678, -0.125006, -0.059746, -0.6477, 0.759549, -0.002831, -0.396002, -0.683091, -0.613651, -1.2e-05, 0.0, 0.0, 0.0, 1.0],
                [0.916303, -0.337447, -0.215678, -0.125006, -0.059746, -0.6477, 0.759549, -0.002831, -0.396002, -0.683091, -0.613651, -1.2e-05, 0.0, 0.0, 0.0, 1.0]
            ]
        },
        {
            "name": "Leg_L",
            "time": [0.0, 0.0833, 0.6],
            "transform": [
                [1.0, -1e-06, 1e-06, 0.0, 0.0, 0.917738, 0.397187, 0.37472, -1e-06, -0.397187, 0.917738, -0.0, 0.0, 0.0, 0.0, 1.0],
                [1.0, -1e-06, 1e-06, 0.0, 0.0, 0.871436, 0.490508, 0.37472, -1e-06, -0.490508, 0.871437, -0.0, 0.0, 0.0, 0.0, 1.0],
                [1.0, -1e-06, 0.0, 0.0, 0.0, 0.731976, 0.68133, 0.37472, -1e-06, -0.68133, 0.731977, 0.0, 0.0, 0.0, 0.0, 1.0]
            ]
        },
        {
            "name": "Knee_L",
            "time": [0.0, 0.0833, 0.6],
            "transform": [
                [1.0, 0.0, -0.0, 0.0, -0.0, 1e-06, -1.0, 0.37472, -0.0, 1.0, 1e-06, -0.0, 0.0, 0.0, 0.0, 1.0],
                [1.0, 0.0, -0.0, 0.0, -0.0, 0.414281, -0.910149, 0.37472, -0.0, 0.910149, 0.414281, -0.0, 0.0, 0.0, 0.0, 1.0],
                [1.0, 0.0, -0.0, 0.0, -0.0, 0.414281, -0.910149, 0.37472, -0.0, 0.910149, 0.414281, 0.0, 0.0, 0.0, 0.0, 1.0]
            ]
        },
        {
            "name": "Torso",
            "time": [0.0, 0.0833, 0.4833, 0.6],
            "transform": [
                [0.988647, 0.019996, -0.148917, 0.0, -0.018157, 0.999741, 0.013698, 0.05, 0.149153, -0.010839, 0.988755, 0.0, 0.0, 0.0, 0.0, 1.0],
                [0.947466, -0.296347, -0.120358, 0.0, 0.234851, 0.899997, -0.367221, 0.05, 0.217147, 0.319664, 0.922314, 0.0, 0.0, 0.0, 0.0, 1.0],
                [0.999283, 0.019996, -0.032162, -0.0, -0.019636, 0.999741, 0.011478, 0.05, 0.032383, -0.010839, 0.999417, 0.0, 0.0, 0.0, 0.0, 1.0],
                [0.999283, 0.019996, -0.032162, -0.0, -0.019636, 0.999741, 0.011478, 0.05, 0.032383, -0.010839, 0.999417, 0.0, 0.0, 0.0, 0.0, 1.0]
            ]
        },
        {
            "name": "Chest",
            "time": [0.0, 0.0833, 0.4833, 0.6],
            "transform": [
                [0.851485, -0.045223, 0.522426, 0.0, -0.037506, 0.98847, 0.146695, 0.3, -0.523036, -0.144502, 0.839971, -0.0, 0.0, 0.0, 0.0, 1.0],
                [0.936022, 0.289, 0.200855, -0.0, -0.347209, 0.851564, 0.39279, 0.3, -0.057524, -0.437399, 0.897426, 0.0, 0.0, 0.0, 0.0, 1.0],
                [0.788874, 0.061598, -0.61146, -0.0, -0.01035, 0.996155, 0.086999, 0.3, 0.614468, -0.062303, 0.786478, 0.0, 0.0, 0.0, 0.0, 1.0],
                [0.877019, 0.061598, -0.476491, 0.0, -0.02422, 0.996155, 0.084198, 0.3, 0.479845, -0.062303, 0.875138, -0.0, 0.0, 0.0, 0.0, 1.0]
            ]
        },
        {
            "name": "Head",
            "time": [0.0, 0.0833, 0.4833, 0.6],
            "transform": [
                [0.991061, 0.017958, 0.132199, 0.0, -0.013026, 0.99919, -0.038075, 0.4, -0.132775, 0.036012, 0.990492, -0.0, 0.0, 0.0, 0.0, 1.0],
                [0.579436, 0.017957, -0.81482, 0.0, -0.03974, 0.99919, -0.00624, 0.4, 0.814049, 0.035997, 0.57968, 0.0, 0.0, 0.0, 0.0, 1.0],
                [0.486408, 0.017958, 0.873547, -0.0, 0.022738, 0.99919, -0.033202, 0.4, -0.873436, 0.036012, 0.485605, 0.0, 0.0, 0.0, 0.0, 1.0],
                [0.617811, 0.017958, 0.786121, -0.0, 0.01723, 0.99919, -0.036366, 0.4, -0.786138, 0.036012, 0.617001, 0.0, 0.0, 0.0, 0.0, 1.0]
            ]
        },
        {
            "name": "Shoulder_R",
            "time": [0.0, 0.6],
            "transform": [
                [0.287476, 0.90912, 0.301428, 0.0, -0.067248, -0.294777, 0.953197, 0.4, 0.955424, -0.294292, -0.023605, -0.0, 0.0, 0.0, 0.0, 1.0],
                [0.287476, 0.90912, 0.301428, -0.0, -0.067248, -0.294777, 0.953197, 0.4, 0.955424, -0.294292, -0.023605, 0.0, 0.0, 0.0, 0.0, 1.0]
            ]
        },
        {
            "name": "Arm_R",
            "time": [0.0, 0.4833, 0.6],
            "transform": [
                [-0.231892, -0.580186, -0.780775, 0.0, 0.627134, 0.524403, -0.575938, 0.39386, 0.743593, -0.623206, 0.242249, 0.0, 0.0, 0.0, 0.0, 1.0],
                [-0.063867, 0.111685, -0.991689, 0.0, -0.325125, 0.937174, 0.126484, 0.393861, 0.943512, 0.330501, -0.023543, 0.0, 0.0, 0.0, 0.0, 1.0],
                [-0.063867, 0.111685, -0.991689, -0.0, -0.325125, 0.937174, 0.126484, 0.393861, 0.943512, 0.330501, -0.023543, 0.0, 0.0, 0.0, 0.0, 1.0]
            ]
        },
        {
            "name": "Hand_R",
            "time": [0.0, 0.6],
            "transform": [
                [0.999985, 0.003848, 0.004001, -0.0, -0.00125, 0.858359, -0.513048, 0.3, -0.005409, 0.513035, 0.858351, 0.0, 0.0, 0.0, 0.0, 1.0],
                [0.999985, 0.004719, 0.002923, -0.0, -0.00125, 0.704538, -0.709665, 0.3, -0.005409, 0.709651, 0.704533, -0.0, 0.0, 0.0, 0.0, 1.0]
            ]
        },
        {
            "name": "Tool_R",
            "time": [0.0, 0.4833, 0.6],
            "transform": [
                [0.993363, -0.096796, 0.06214, 0.0, -0.012285, -0.62642, -0.779389, 0.272858, 0.114299, 0.772988, -0.623091, -0.0, 0.0, 0.0, 0.0, 1.0],
                [0.997631, -0.048114, -0.049162, -0.0, -0.061158, -0.947541, -0.313728, 0.272858, -0.031471, 0.315795, -0.947681, 0.0, 0.0, 0.0, 0.0, 1.0],
                [0.997631, -0.048114, -0.049162, 0.0, -0.061158, -0.947541, -0.313728, 0.272858, -0.031471, 0.315795, -0.947681, 0.0, 0.0, 0.0, 0.0, 1.0]
            ]
        },
        {
            "name": "Elbow_R",
            "time": [0.0, 0.6],
            "transform": [
                [-1.0, 0.0, -0.0, -0.0, 0.0, 0.0, -1.0, 0.3, -0.0, -1.0, 0.0, 0.0, 0.0, 0.0, 0.0, 1.0],
                [-1.0, 0.0, -0.0, -0.0, 0.0, 0.0, -1.0, 0.3, -0.0, -1.0, 0.0, -0.0, 0.0, 0.0, 0.0, 1.0]
            ]
        },
        {
            "name": "Shoulder_L",
            "time": [0.0, 0.6],
            "transform": [
                [0.087803, -0.949519, -0.301172, 0.0, -0.004125, -0.302684, 0.953082, 0.4, -0.996129, -0.082441, -0.030493, -0.0, 0.0, 0.0, 0.0, 1.0],
                [0.087803, -0.949519, -0.301172, -0.0, -0.004125, -0.302684, 0.953082, 0.4, -0.996129, -0.082441, -0.030493, 0.0, 0.0, 0.0, 0.0, 1.0]
            ]
        },
        {
            "name": "Arm_L",
            "time": [0.0, 0.0833, 0.4833, 0.6],
            "transform": [
                [-0.293097, -0.011148, 0.956018, 0.0, -0.954692, 0.057325, -0.292022, 0.39386, -0.051548, -0.998293, -0.027445, -0.0, 0.0, 0.0, 0.0, 1.0],
                [-0.157928, -0.507694, 0.846939, 0.0, -0.425913, 0.808839, 0.405435, 0.39386, -0.890874, -0.296693, -0.343972, -0.0, 0.0, 0.0, 0.0, 1.0],
                [0.000978, 0.293307, 0.956018, 0.0, 0.096744, 0.951506, -0.292022, 0.39386, -0.995309, 0.092775, -0.027445, -0.0, 0.0, 0.0, 0.0, 1.0],
                [0.000978, 0.153718, 0.988114, -0.0, 0.096744, 0.983465, -0.15309, 0.39386, -0.995309, 0.095744, -0.013909, 0.0, 0.0, 0.0, 0.0, 1.0]
            ]
        },
        {
            "name": "Hand_L",
            "time": [0.0, 0.4833, 0.6],
            "transform": [
                [0.99932, -0.035435, 0.010227, -0.0, 0.03687, 0.966806, -0.25284, 0.3, -0.000928, 0.253045, 0.967454, 0.0, 0.0, 0.0, 0.0, 1.0],
                [0.99932, -0.013806, 0.0342, 0.0, 0.03687, 0.397301, -0.916948, 0.3, -0.000929, 0.917585, 0.39754, 0.0, 0.0, 0.0, 0.0, 1.0],
                [0.99932, -0.00605, 0.036382, -0.0, 0.03687, 0.188705, -0.981342, 0.300001, -0.000929, 0.982016, 0.188799, -0.0, 0.0, 0.0, 0.0, 1.0]
            ]
        },
        {
            "name": "Tool_L",
            "time": [0.0, 0.6],
            "transform": [
                [0.0, 0.0, 0.0, 0.0, 0.0, 0.0, 0.0, 0.272858, 0.0, 0.0, 0.0, 0.0, 0.0, 0.0, 0.0, 1.0],
                [0.0, 0.0, 0.0, -0.0, 0.0, 0.0, 0.0, 0.272858, 0.0, 0.0, 0.0, 0.0, 0.0, 0.0, 0.0, 1.0]
            ]
        },
        {
            "name": "Elbow_L",
            "time": [0.0, 0.6],
            "transform": [
                [-1.0, 0.0, -0.0, -0.0, 0.0, -0.0, -1.0, 0.3, -0.0, -1.0, -0.0, 0.0, 0.0, 0.0, 0.0, 1.0],
                [-1.0, 0.0, -0.0, -0.0, 0.0, -0.0, -1.0, 0.300001, -0.0, -1.0, -0.0, -0.0, 0.0, 0.0, 0.0, 1.0]
            ]
        }
    ]
}