{
    
    "animation": [
        {
            "name": "Root",
            "time": [0.0, 0.15, 0.3667],
            "transform": [
                [0.602751, 0.0, 0.797929, -5e-06, 0.797929, 0.0, -0.602751, 0.000946, 0.0, 1.0, 0.0, 0.755725, 0.0, 0.0, 0.0, 1.0],
                [0.878482, 0.0, 0.477775, 8.3e-05, 0.477775, 0.0, -0.878482, 0.016549, 0.0, 1.0, 0.0, 0.723413, 0.0, 0.0, 0.0, 1.0],
                [0.99787, 0.0, 0.065232, -5e-06, 0.065232, 0.0, -0.99787, 0.000946, 0.0, 1.0, 0.0, 0.755725, 0.0, 0.0, 0.0, 1.0]
            ]
        },
        {
            "name": "Thigh_R",
            "time": [0.0, 0.15, 0.3667],
            "transform": [
                [0.592351, 0.431127, 0.680624, 0.124994, 0.105238, -0.878945, 0.465163, -0.002831, 0.798777, -0.203912, -0.566017, -1.2e-05, 0.0, 0.0, 0.0, 1.0],
                [0.876322, 0.389146, 0.283942, 0.124994, 0.099068, -0.722411, 0.684329, -0.002831, 0.471428, -0.571563, -0.671618, -1.2e-05, 0.0, 0.0, 0.0, 1.0],
                [0.978439, 0.140142, 0.151715, 0.124994, 0.043998, -0.859134, 0.509853, -0.002831, 0.201795, -0.492184, -0.846778, -1.2e-05, 0.0, 0.0, 0.0, 1.0]
            ]
        },
        {
            "name": "Leg_R",
            "time": [0.0, 0.15, 0.3667],
            "transform": [
                [1.0, -1e-06, 2e-06, -0.0, -0.0, 0.926377, 0.376598, 0.37472, -2e-06, -0.376598, 0.926376, -0.0, 0.0, 0.0, 0.0, 1.0],
                [1.0, -1e-06, 2e-06, 0.0, -0.0, 0.753724, 0.657191, 0.37472, -2e-06, -0.657192, 0.753723, 0.0, 0.0, 0.0, 0.0, 1.0],
                [1.0, -1e-06, 2e-06, 0.0, -0.0, 0.753724, 0.657191, 0.37472, -2e-06, -0.657192, 0.753723, 0.0, 0.0, 0.0, 0.0, 1.0]
            ]
        },
        {
            "name": "Knee_R",
            "time": [0.0, 0.3667],
            "transform": [
                [1.0, 0.0, -0.0, -0.0, -0.0, 1e-06, -1.0, 0.37472, -0.0, 1.0, 1e-06, -0.0, 0.0, 0.0, 0.0, 1.0],
                [1.0, 0.0, -0.0, 0.0, -0.0, 1e-06, -1.0, 0.37472, -0.0, 1.0, 1e-06, 0.0, 0.0, 0.0, 0.0, 1.0]
            ]
        },
        {
            "name": "Thigh_L",
            "time": [0.0, 0.15, 0.3667],
            "transform": [
                [0.682889, -0.192615, 0.704671, -0.125006, -0.084338, -0.978951, -0.185855, -0.002831, 0.725636, 0.067488, -0.68476, -1.2e-05, 0.0, 0.0, 0.0, 1.0],
                [0.932978, -0.211815, 0.291008, -0.125006, -0.150543, -0.964032, -0.219041, -0.002831, 0.326937, 0.160552, -0.931308, -1.2e-05, 0.0, 0.0, 0.0, 1.0],
                [0.978836, -0.123267, 0.163354, -0.125006, -0.088274, -0.974479, -0.206391, -0.002831, 0.184626, 0.187604, -0.964737, -1.2e-05, 0.0, 0.0, 0.0, 1.0]
            ]
        },
        {
            "name": "Leg_L",
            "time": [0.0, 0.15, 0.3667],
            "transform": [
                [1.0, -1e-06, 1e-06, 0.0, 0.0, 0.917737, 0.397187, 0.37472, -1e-06, -0.397187, 0.917738, -0.0, 0.0, 0.0, 0.0, 1.0],
                [1.0, -1e-06, 1e-06, 0.0, 0.0, 0.917738, 0.397187, 0.37472, -1e-06, -0.397187, 0.917738, 0.0, 0.0, 0.0, 0.0, 1.0],
                [1.0, -1e-06, 1e-06, 0.0, 0.0, 0.917737, 0.397187, 0.37472, -1e-06, -0.397187, 0.917738, -0.0, 0.0, 0.0, 0.0, 1.0]
            ]
        },
        {
            "name": "Knee_L",
            "time": [0.0, 0.3667],
            "transform": [
                [1.0, 0.0, -0.0, 0.0, -0.0, 1e-06, -1.0, 0.37472, -0.0, 1.0, 1e-06, -0.0, 0.0, 0.0, 0.0, 1.0],
                [1.0, 0.0, -0.0, 0.0, -0.0, 1e-06, -1.0, 0.37472, -0.0, 1.0, 1e-06, -0.0, 0.0, 0.0, 0.0, 1.0]
            ]
        },
        {
            "name": "Torso",
            "time": [0.0, 0.3667],
            "transform": [
                [0.988648, 0.019996, -0.148917, -0.0, -0.018157, 0.999741, 0.013698, 0.05, 0.149153, -0.010839, 0.988755, -0.0, 0.0, 0.0, 0.0, 1.0],
                [0.988648, 0.019996, -0.148917, -0.0, -0.018157, 0.999741, 0.013698, 0.05, 0.149153, -0.010839, 0.988755, -0.0, 0.0, 0.0, 0.0, 1.0]
            ]
        },
        {
            "name": "Chest",
            "time": [0.0, 0.15, 0.3667],
            "transform": [
                [0.999771, -0.021411, -0.000206, -0.0, 0.021411, 0.999586, 0.019228, 0.3, -0.000206, -0.019228, 0.999815, -0.0, 0.0, 0.0, 0.0, 1.0],
                [0.96021, 0.062909, -0.272101, -0.0, -0.012437, 0.982965, 0.183371, 0.3, 0.279001, -0.17269, 0.944636, 0.0, 0.0, 0.0, 0.0, 1.0],
                [0.725391, 0.000876, -0.688337, 0.0, 0.047623, 0.997539, 0.051456, 0.3, 0.686688, -0.070106, 0.723564, -0.0, 0.0, 0.0, 0.0, 1.0]
            ]
        },
        {
            "name": "Head",
            "time": [0.0, 0.15, 0.3667],
            "transform": [
                [0.716946, -0.012968, -0.697008, 0.0, -0.036251, 0.997781, -0.055853, 0.4, 0.696185, 0.065311, 0.714885, 0.0, 0.0, 0.0, 0.0, 1.0],
                [0.998256, -0.012968, -0.057591, 0.0, 0.009157, 0.997781, -0.065953, 0.4, 0.058318, 0.065311, 0.996159, -0.0, 0.0, 0.0, 0.0, 1.0],
                [0.725339, 0.017958, 0.688157, -0.0, 0.011771, 0.99919, -0.038481, 0.4, -0.688291, 0.036012, 0.72454, -0.0, 0.0, 0.0, 0.0, 1.0]
            ]
        },
        {
            "name": "Shoulder_R",
            "time": [0.0, 0.15, 0.3667],
            "transform": [
                [0.089555, 0.949274, 0.301428, 0.0, -0.003656, -0.302328, 0.953197, 0.4, 0.995975, -0.086466, -0.023605, 0.0, 0.0, 0.0, 0.0, 1.0],
                [0.281605, 0.910955, 0.301428, 0.0, -0.065345, -0.295205, 0.953197, 0.4, 0.957303, -0.288122, -0.023605, -0.0, 0.0, 0.0, 0.0, 1.0],
                [0.071512, 0.950803, 0.301428, -0.0, 0.002086, -0.302343, 0.953197, 0.4, 0.997437, -0.067536, -0.023605, -0.0, 0.0, 0.0, 0.0, 1.0]
            ]
        },
        {
            "name": "Arm_R",
            "time": [0.0, 0.15, 0.3667],
            "transform": [
                [0.094043, 0.095814, -0.990947, 0.0, 0.352374, 0.927722, 0.123142, 0.39386, 0.931122, -0.360765, 0.053483, 0.0, 0.0, 0.0, 0.0, 1.0],
                [-0.133634, -0.120314, -0.9837, -0.0, 0.221008, 0.963988, -0.147926, 0.39386, 0.966073, -0.237174, -0.102231, 0.0, 0.0, 0.0, 0.0, 1.0],
                [-0.133634, 0.255942, -0.957411, -0.0, 0.221008, 0.949443, 0.222964, 0.393861, 0.966073, -0.1818, -0.183443, 0.0, 0.0, 0.0, 0.0, 1.0]
            ]
        },
        {
            "name": "Hand_R",
            "time": [0.0, 0.15, 0.3667],
            "transform": [
                [0.999984, 0.004389, 0.003399, -0.0, -0.00125, 0.774651, -0.632388, 0.3, -0.005409, 0.632374, 0.774644, 0.0, 0.0, 0.0, 0.0, 1.0],
                [0.999985, 0.005495, 0.000791, 0.0, -0.00125, 0.361788, -0.93226, 0.3, -0.005409, 0.932244, 0.361789, 0.0, 0.0, 0.0, 0.0, 1.0],
                [0.999985, 0.002792, 0.004798, 0.0, -0.00125, 0.955409, -0.295284, 0.3, -0.005409, 0.295274, 0.955398, -0.0, 0.0, 0.0, 0.0, 1.0]
            ]
        },
        {
            "name": "Tool_R",
            "time": [0.0, 0.15, 0.3667],
            "transform": [
                [1.0, 0.0, 0.0, 0.0, 0.0, -0.944043, -0.329823, 0.272858, 0.0, 0.329618, -0.943487, 0.0, 0.0, 0.0, 0.0, 1.0],
                [0.946124, -6.6e-05, 0.323804, -0.0, 0.106739, -0.944043, -0.312073, 0.272858, 0.305526, 0.329617, -0.892649, -0.0, 0.0, 0.0, 0.0, 1.0],
                [0.993362, -0.069863, 0.091381, -0.0, -0.01231, -0.854432, -0.519417, 0.272858, 0.1143, 0.514531, -0.849123, 0.0, 0.0, 0.0, 0.0, 1.0]
            ]
        },
        {
            "name": "Elbow_R",
            "time": [0.0, 0.3667],
            "transform": [
                [-1.0, 0.0, 0.0, -0.0, -0.0, -0.0, -1.0, 0.3, -0.0, -1.0, 0.0, 0.0, 0.0, 0.0, 0.0, 1.0],
                [-1.0, 0.0, -0.0, 0.0, -0.0, -0.0, -1.0, 0.3, -0.0, -1.0, 0.0, -0.0, 0.0, 0.0, 0.0, 1.0]
            ]
        },
        {
            "name": "Shoulder_L",
            "time": [0.0, 0.3667],
            "transform": [
                [-0.194935, -0.933432, -0.301172, 0.0, -0.092838, -0.288124, 0.953082, 0.4, -0.976413, 0.213749, -0.030493, 0.0, 0.0, 0.0, 0.0, 1.0],
                [-0.395747, -0.867571, -0.301172, -0.0, -0.154021, -0.260599, 0.953082, 0.4, -0.905352, 0.423566, -0.030493, -0.0, 0.0, 0.0, 0.0, 1.0]
            ]
        },
        {
            "name": "Arm_L",
            "time": [0.0, 0.3667],
            "transform": [
                [-0.293097, -0.011148, 0.956018, -0.0, -0.954692, 0.057325, -0.292022, 0.39386, -0.051548, -0.998293, -0.027445, -0.0, 0.0, 0.0, 0.0, 1.0],
                [-0.293097, -0.011148, 0.956018, 0.0, -0.954692, 0.057325, -0.292022, 0.39386, -0.051548, -0.998293, -0.027445, 0.0, 0.0, 0.0, 0.0, 1.0]
            ]
        },
        {
            "name": "Hand_L",
            "time": [0.0, 0.3667],
            "transform": [
                [0.99932, -0.035435, 0.010227, 0.0, 0.036869, 0.966806, -0.25284, 0.3, -0.000928, 0.253045, 0.967454, 0.0, 0.0, 0.0, 0.0, 1.0],
                [0.99932, -0.035435, 0.010227, -0.0, 0.03687, 0.966806, -0.25284, 0.3, -0.000928, 0.253045, 0.967455, -0.0, 0.0, 0.0, 0.0, 1.0]
            ]
        },
        {
            "name": "Tool_L",
            "time": [0.0, 0.3667],
            "transform": [
                [0.0, 0.0, 0.0, 0.0, 0.0, 0.0, 0.0, 0.272858, 0.0, 0.0, 0.0, -0.0, 0.0, 0.0, 0.0, 1.0],
                [0.0, 0.0, 0.0, 0.0, 0.0, 0.0, 0.0, 0.272858, 0.0, 0.0, 0.0, 0.0, 0.0, 0.0, 0.0, 1.0]
            ]
        },
        {
            "name": "Elbow_L",
            "time": [0.0, 0.3667],
            "transform": [
                [-1.0, 0.0, -0.0, 0.0, 0.0, -0.0, -1.0, 0.3, -0.0, -1.0, -0.0, 0.0, 0.0, 0.0, 0.0, 1.0],
                [-1.0, 0.0, -0.0, -0.0, 0.0, -0.0, -1.0, 0.3, -0.0, -1.0, -0.0, -0.0, 0.0, 0.0, 0.0, 1.0]
            ]
        }
    ]
}