{
    
    "animation": [
        {
            "name": "Root",
            "time": [0.0, 0.2833, 0.6667],
            "transform": [
                [0.99787, 0.0, 0.065232, -5e-06, 0.065232, 0.0, -0.99787, 0.000946, 0.0, 1.0, 0.0, 0.755725, 0.0, 0.0, 0.0, 1.0],
                [0.507728, 0.0, 0.861517, -5e-06, 0.861517, 0.0, -0.507728, 0.000946, 0.0, 1.0, 0.0, 0.755725, 0.0, 0.0, 0.0, 1.0],
                [0.507728, 0.0, 0.861517, -5e-06, 0.861517, 0.0, -0.507728, 0.000946, 0.0, 1.0, 0.0, 0.755725, 0.0, 0.0, 0.0, 1.0]
            ]
        },
        {
            "name": "Thigh_R",
            "time": [0.0, 0.2833, 0.6667],
            "transform": [
                [0.978439, 0.140142, 0.151715, 0.124994, 0.043998, -0.859134, 0.509853, -0.002831, 0.201795, -0.492184, -0.846778, -1.2e-05, 0.0, 0.0, 0.0, 1.0],
                [0.673479, 0.401906, 0.6204, 0.124994, 0.038469, -0.857196, 0.513549, -0.002831, 0.738204, -0.321997, -0.592766, -1.2e-05, 0.0, 0.0, 0.0, 1.0],
                [0.673479, 0.401906, 0.6204, 0.124994, 0.038469, -0.857196, 0.513549, -0.002831, 0.738204, -0.321997, -0.592766, -1.2e-05, 0.0, 0.0, 0.0, 1.0]
            ]
        },
        {
            "name": "Leg_R",
            "time": [0.0, 0.6667],
            "transform": [
                [1.0, -1e-06, 2e-06, 0.0, -0.0, 0.753724, 0.657191, 0.37472, -2e-06, -0.657192, 0.753723, 0.0, 0.0, 0.0, 0.0, 1.0],
                [1.0, -1e-06, 2e-06, 0.0, -0.0, 0.753724, 0.657191, 0.37472, -2e-06, -0.657192, 0.753723, -0.0, 0.0, 0.0, 0.0, 1.0]
            ]
        },
        {
            "name": "Knee_R",
            "time": [0.0, 0.6667],
            "transform": [
                [1.0, 0.0, -0.0, 0.0, -0.0, 1e-06, -1.0, 0.37472, -0.0, 1.0, 1e-06, 0.0, 0.0, 0.0, 0.0, 1.0],
                [1.0, 0.0, -0.0, 0.0, -0.0, 1e-06, -1.0, 0.37472, -0.0, 1.0, 1e-06, -0.0, 0.0, 0.0, 0.0, 1.0]
            ]
        },
        {
            "name": "Thigh_L",
            "time": [0.0, 0.2833, 0.6667],
            "transform": [
                [0.978836, -0.123267, 0.163354, -0.125006, -0.088274, -0.974479, -0.206391, -0.002831, 0.184626, 0.187604, -0.964737, -1.2e-05, 0.0, 0.0, 0.0, 1.0],
                [0.596753, -0.123267, 0.7929, -0.125006, 0.078257, -0.974479, -0.210394, -0.002831, 0.798599, 0.187604, -0.571877, -1.2e-05, 0.0, 0.0, 0.0, 1.0],
                [0.596753, -0.123267, 0.7929, -0.125006, 0.078257, -0.974479, -0.210394, -0.002831, 0.798599, 0.187604, -0.571877, -1.2e-05, 0.0, 0.0, 0.0, 1.0]
            ]
        },
        {
            "name": "Leg_L",
            "time": [0.0, 0.6667],
            "transform": [
                [1.0, -1e-06, 1e-06, 0.0, 0.0, 0.917737, 0.397187, 0.37472, -1e-06, -0.397187, 0.917738, -0.0, 0.0, 0.0, 0.0, 1.0],
                [1.0, -1e-06, 1e-06, 0.0, 0.0, 0.917738, 0.397187, 0.37472, -1e-06, -0.397187, 0.917738, -0.0, 0.0, 0.0, 0.0, 1.0]
            ]
        },
        {
            "name": "Knee_L",
            "time": [0.0, 0.6667],
            "transform": [
                [1.0, 0.0, -0.0, 0.0, -0.0, 1e-06, -1.0, 0.37472, -0.0, 1.0, 1e-06, -0.0, 0.0, 0.0, 0.0, 1.0],
                [1.0, 0.0, -0.0, 0.0, -0.0, 1e-06, -1.0, 0.37472, -0.0, 1.0, 1e-06, -0.0, 0.0, 0.0, 0.0, 1.0]
            ]
        },
        {
            "name": "Torso",
            "time": [0.0, 0.6667],
            "transform": [
                [0.988648, 0.019996, -0.148917, -0.0, -0.018157, 0.999741, 0.013698, 0.05, 0.149153, -0.010839, 0.988755, -0.0, 0.0, 0.0, 0.0, 1.0],
                [0.988647, 0.019996, -0.148917, 0.0, -0.018157, 0.999741, 0.013698, 0.05, 0.149153, -0.010839, 0.988755, 0.0, 0.0, 0.0, 0.0, 1.0]
            ]
        },
        {
            "name": "Chest",
            "time": [0.0, 0.4167, 0.6667],
            "transform": [
                [0.725391, 0.000876, -0.688337, 0.0, 0.047623, 0.997539, 0.051456, 0.3, 0.686688, -0.070106, 0.723564, -0.0, 0.0, 0.0, 0.0, 1.0],
                [0.69046, -0.045223, 0.721956, -0.0, -0.07361, 0.98847, 0.132316, 0.3, -0.719616, -0.144502, 0.67917, -0.0, 0.0, 0.0, 0.0, 1.0],
                [0.707136, -0.045223, 0.70563, 0.0, -0.070499, 0.98847, 0.134, 0.3, -0.703554, -0.144502, 0.695795, -0.0, 0.0, 0.0, 0.0, 1.0]
            ]
        },
        {
            "name": "Head",
            "time": [0.0, 0.2833, 0.6667],
            "transform": [
                [0.725339, 0.017958, 0.688157, -0.0, 0.011771, 0.99919, -0.038481, 0.4, -0.688291, 0.036012, 0.72454, -0.0, 0.0, 0.0, 0.0, 1.0],
                [0.991061, 0.017958, 0.132199, 0.0, -0.013026, 0.99919, -0.038075, 0.4, -0.132775, 0.036012, 0.990492, -0.0, 0.0, 0.0, 0.0, 1.0],
                [0.991061, 0.017958, 0.132199, 0.0, -0.013026, 0.99919, -0.038075, 0.4, -0.132775, 0.036012, 0.990492, -0.0, 0.0, 0.0, 0.0, 1.0]
            ]
        },
        {
            "name": "Shoulder_R",
            "time": [0.0, 0.2833, 0.6667],
            "transform": [
                [0.071512, 0.950803, 0.301428, -0.0, 0.002086, -0.302343, 0.953197, 0.4, 0.997437, -0.067536, -0.023605, -0.0, 0.0, 0.0, 0.0, 1.0],
                [0.287476, 0.90912, 0.301428, 0.0, -0.067248, -0.294777, 0.953197, 0.4, 0.955424, -0.294292, -0.023605, -0.0, 0.0, 0.0, 0.0, 1.0],
                [0.287476, 0.90912, 0.301428, 0.0, -0.067248, -0.294777, 0.953197, 0.4, 0.955424, -0.294292, -0.023605, -0.0, 0.0, 0.0, 0.0, 1.0]
            ]
        },
        {
            "name": "Arm_R",
            "time": [0.0, 0.0667, 0.2833, 0.4167, 0.6667],
            "transform": [
                [-0.133634, 0.255942, -0.957411, -0.0, 0.221008, 0.949443, 0.222964, 0.393861, 0.966073, -0.1818, -0.183443, 0.0, 0.0, 0.0, 0.0, 1.0],
                [0.88435, -0.457879, 0.090949, -0.0, 0.432974, 0.877344, 0.206884, 0.39386, -0.174522, -0.143579, 0.974129, -0.0, 0.0, 0.0, 0.0, 1.0],
                [0.81422, -0.563296, 0.140511, -0.0, 0.353951, 0.673495, 0.64894, 0.39386, -0.460179, -0.478646, 0.747752, -0.0, 0.0, 0.0, 0.0, 1.0],
                [0.712903, -0.700956, 0.020735, 0.0, 0.431979, 0.462249, 0.774416, 0.393861, -0.552417, -0.543126, 0.632336, -0.0, 0.0, 0.0, 0.0, 1.0],
                [0.710021, -0.703876, 0.020735, -0.0, 0.433872, 0.460472, 0.774416, 0.393861, -0.554641, -0.540855, 0.632337, 0.0, 0.0, 0.0, 0.0, 1.0]
            ]
        },
        {
            "name": "Hand_R",
            "time": [0.0, 0.6667],
            "transform": [
                [0.999985, 0.002792, 0.004798, 0.0, -0.00125, 0.955409, -0.295284, 0.3, -0.005409, 0.295274, 0.955398, -0.0, 0.0, 0.0, 0.0, 1.0],
                [0.999985, 0.001949, 0.005198, -0.0, -0.00125, 0.991353, -0.131217, 0.3, -0.005409, 0.131208, 0.99134, 0.0, 0.0, 0.0, 0.0, 1.0]
            ]
        },
        {
            "name": "Tool_R",
            "time": [0.0, 0.6667],
            "transform": [
                [0.993362, -0.069863, 0.091381, -0.0, -0.01231, -0.854432, -0.519417, 0.272858, 0.1143, 0.514531, -0.849123, 0.0, 0.0, 0.0, 0.0, 1.0],
                [0.993363, -0.096796, 0.06214, -0.0, -0.012285, -0.62642, -0.779389, 0.272858, 0.114299, 0.772988, -0.623091, 0.0, 0.0, 0.0, 0.0, 1.0]
            ]
        },
        {
            "name": "Elbow_R",
            "time": [0.0, 0.6667],
            "transform": [
                [-1.0, 0.0, -0.0, 0.0, -0.0, -0.0, -1.0, 0.3, -0.0, -1.0, 0.0, -0.0, 0.0, 0.0, 0.0, 1.0],
                [-1.0, 0.0, 0.0, -0.0, 0.0, -0.0, -1.0, 0.3, -0.0, -1.0, 0.0, 0.0, 0.0, 0.0, 0.0, 1.0]
            ]
        },
        {
            "name": "Shoulder_L",
            "time": [0.0, 0.2833, 0.6667],
            "transform": [
                [-0.395747, -0.867571, -0.301172, -0.0, -0.154021, -0.260599, 0.953082, 0.4, -0.905352, 0.423566, -0.030493, -0.0, 0.0, 0.0, 0.0, 1.0],
                [0.087803, -0.949519, -0.301172, 0.0, -0.004125, -0.302684, 0.953082, 0.4, -0.996129, -0.082441, -0.030493, -0.0, 0.0, 0.0, 0.0, 1.0],
                [0.087803, -0.949519, -0.301172, 0.0, -0.004125, -0.302684, 0.953082, 0.4, -0.996129, -0.082441, -0.030493, -0.0, 0.0, 0.0, 0.0, 1.0]
            ]
        },
        {
            "name": "Arm_L",
            "time": [0.0, 0.6667],
            "transform": [
                [-0.293097, -0.011148, 0.956018, 0.0, -0.954692, 0.057325, -0.292022, 0.39386, -0.051548, -0.998293, -0.027445, 0.0, 0.0, 0.0, 0.0, 1.0],
                [-0.293097, -0.011148, 0.956018, 0.0, -0.954692, 0.057325, -0.292022, 0.39386, -0.051548, -0.998293, -0.027445, -0.0, 0.0, 0.0, 0.0, 1.0]
            ]
        },
        {
            "name": "Hand_L",
            "time": [0.0, 0.6667],
            "transform": [
                [0.99932, -0.035435, 0.010227, -0.0, 0.03687, 0.966806, -0.25284, 0.3, -0.000928, 0.253045, 0.967455, -0.0, 0.0, 0.0, 0.0, 1.0],
                [0.99932, -0.035435, 0.010227, 0.0, 0.03687, 0.966806, -0.25284, 0.3, -0.000928, 0.253045, 0.967454, -0.0, 0.0, 0.0, 0.0, 1.0]
            ]
        },
        {
            "name": "Tool_L",
            "time": [0.0, 0.6667],
            "transform": [
                [0.0, 0.0, 0.0, 0.0, 0.0, 0.0, 0.0, 0.272858, 0.0, 0.0, 0.0, 0.0, 0.0, 0.0, 0.0, 1.0],
                [0.0, 0.0, 0.0, -0.0, 0.0, 0.0, 0.0, 0.272858, 0.0, 0.0, 0.0, 0.0, 0.0, 0.0, 0.0, 1.0]
            ]
        },
        {
            "name": "Elbow_L",
            "time": [0.0, 0.6667],
            "transform": [
                [-1.0, 0.0, -0.0, -0.0, 0.0, -0.0, -1.0, 0.3, -0.0, -1.0, -0.0, -0.0, 0.0, 0.0, 0.0, 1.0],
                [-1.0, 0.0, -0.0, 0.0, 0.0, -0.0, -1.0, 0.3, -0.0, -1.0, -0.0, -0.0, 0.0, 0.0, 0.0, 1.0]
            ]
        }
    ]
}