{
    
    "animation": [
        {
            "name": "Root",
            "time": [0.0, 0.2, 0.3833, 0.65, 0.9667],
            "transform": [
                [0.857655, 0.0, 0.514225, -0.064434, 0.514225, 0.0, -0.857655, 0.115849, 0.0, 1.0, 0.0, 0.65051, 0.0, 0.0, 0.0, 1.0],
                [0.994297, 0.0, 0.106647, -0.038778, 0.106647, 0.0, -0.994297, 0.727368, 0.0, 1.0, 0.0, 0.705299, 0.0, 0.0, 0.0, 1.0],
                [0.994297, 0.0, 0.106647, -0.038778, 0.106647, 0.0, -0.994297, 0.883211, 0.0, 1.0, 0.0, 0.705299, 0.0, 0.0, 0.0, 1.0],
                [0.974417, 0.0, -0.224749, -0.038778, -0.224749, 0.0, -0.974417, 1.690166, 0.0, 1.0, 0.0, 0.571385, 0.0, 0.0, 0.0, 1.0],
                [0.974417, 0.0, -0.224749, -0.038778, -0.224749, 0.0, -0.974417, 1.690166, 0.0, 1.0, 0.0, 0.571385, 0.0, 0.0, 0.0, 1.0]
            ]
        },
        {
            "name": "Thigh_R",
            "time": [0.0, 0.2, 0.3833, 0.65, 0.9667],
            "transform": [
                [0.907542, 0.293885, 0.299997, 0.124994, -0.051684, -0.630753, 0.77426, -0.002831, 0.416768, -0.718177, -0.557248, -1.2e-05, 0.0, 0.0, 0.0, 1.0],
                [0.978348, 0.161422, 0.129527, 0.124994, 0.131067, -0.967583, 0.21587, -0.002831, 0.160175, -0.194218, -0.967793, -1.2e-05, 0.0, 0.0, 0.0, 1.0],
                [0.978348, 0.13181, 0.159563, 0.124994, 0.131067, -0.991255, 0.015224, -0.002831, 0.160175, 0.00602, -0.987071, -1.2e-05, 0.0, 0.0, 0.0, 1.0],
                [0.983018, 0.095489, 0.156708, 0.124994, 0.168474, -0.808126, -0.564398, -0.002831, 0.072746, 0.581214, -0.810492, -1.2e-05, 0.0, 0.0, 0.0, 1.0],
                [0.983018, 0.095489, 0.156708, 0.124994, 0.168474, -0.808126, -0.564398, -0.002831, 0.072746, 0.581214, -0.810492, -1.2e-05, 0.0, 0.0, 0.0, 1.0]
            ]
        },
        {
            "name": "Leg_R",
            "time": [0.0, 0.2, 0.3833, 0.65, 0.9667],
            "transform": [
                [1.0, 0.0, 2e-06, 0.0, -2e-06, 0.598931, 0.8008, 0.37472, -1e-06, -0.800802, 0.59893, 0.0, 0.0, 0.0, 0.0, 1.0],
                [1.0, 1e-06, 2e-06, 0.0, -2e-06, 0.840045, 0.542517, 0.37472, -1e-06, -0.542518, 0.840044, -0.0, 0.0, 0.0, 0.0, 1.0],
                [0.999994, -0.002811, 0.002028, -0.0, 0.001339, 0.852894, 0.522083, 0.37472, -0.003197, -0.522078, 0.852891, -0.0, 0.0, 0.0, 0.0, 1.0],
                [0.996011, -0.078208, -0.04296, 0.0, 0.087464, 0.951022, 0.296494, 0.37472, 0.017668, -0.29907, 0.954067, -0.0, 0.0, 0.0, 0.0, 1.0],
                [0.996011, -0.078208, -0.04296, 0.0, 0.087464, 0.951022, 0.296494, 0.37472, 0.017668, -0.29907, 0.954067, -0.0, 0.0, 0.0, 0.0, 1.0]
            ]
        },
        {
            "name": "Knee_R",
            "time": [0.0, 0.3833, 0.9667],
            "transform": [
                [1.0, -0.0, -0.0, -0.000179, -0.0, -0.254613, -0.967043, 0.436391, 0.0, 0.967043, -0.254613, -0.000613, 0.0, 0.0, 0.0, 1.0],
                [1.0, -0.0, -0.0, -0.000179, -0.0, -0.254613, -0.967043, 0.436391, 0.0, 0.967043, -0.254613, -0.000613, 0.0, 0.0, 0.0, 1.0],
                [1.0, -0.0, -0.0, -0.000179, -0.0, -0.254613, -0.967043, 0.436391, 0.0, 0.967043, -0.254613, -0.000613, 0.0, 0.0, 0.0, 1.0]
            ]
        },
        {
            "name": "Thigh_L",
            "time": [0.0, 0.2, 0.3833, 0.45, 0.5167, 0.65, 0.9667],
            "transform": [
                [0.997549, -0.069704, -0.005971, -0.125006, -0.060179, -0.81144, -0.581328, -0.002831, 0.035676, 0.580264, -0.813646, -1.2e-05, 0.0, 0.0, 0.0, 1.0],
                [0.997549, -0.058745, 0.037991, -0.125006, -0.060179, -0.997472, 0.037781, -0.002831, 0.035675, -0.039974, -0.998563, -1.2e-05, 0.0, 0.0, 0.0, 1.0],
                [0.997549, -0.034908, 0.060628, -0.125006, -0.060179, -0.870099, 0.489189, -0.002831, 0.035675, -0.491638, -0.870068, -1.2e-05, 0.0, 0.0, 0.0, 1.0],
                [0.997946, -0.061596, 0.01758, -0.125006, -0.048907, -0.555452, 0.830109, -0.002831, -0.041367, -0.829264, -0.557324, -1.2e-05, 0.0, 0.0, 0.0, 1.0],
                [0.988799, -0.144886, -0.035824, -0.125006, -0.03376, -0.450939, 0.891916, -0.002831, -0.145381, -0.880717, -0.45078, -1.2e-05, 0.0, 0.0, 0.0, 1.0],
                [0.954231, -0.260141, -0.147541, -0.125006, -0.024879, -0.560674, 0.827663, -0.002831, -0.298031, -0.786111, -0.541485, -1.2e-05, 0.0, 0.0, 0.0, 1.0],
                [0.954231, -0.260141, -0.147541, -0.125006, -0.024879, -0.560674, 0.827663, -0.002831, -0.298031, -0.786111, -0.541485, -1.2e-05, 0.0, 0.0, 0.0, 1.0]
            ]
        },
        {
            "name": "Leg_L",
            "time": [0.0, 0.2, 0.3833, 0.45, 0.5833, 0.65, 0.9667],
            "transform": [
                [1.0, -1e-06, 1e-06, -0.0, 0.0, 0.936366, 0.351025, 0.37472, -1e-06, -0.351024, 0.936366, -0.0, 0.0, 0.0, 0.0, 1.0],
                [1.0, -2e-06, -0.0, 0.0, 0.0, -0.180031, 0.983661, 0.37472, -2e-06, -0.983661, -0.180031, 0.0, 0.0, 0.0, 0.0, 1.0],
                [1.0, -2e-06, -0.0, 0.0, 0.0, -0.180031, 0.983661, 0.37472, -2e-06, -0.983661, -0.180031, 0.0, 0.0, 0.0, 0.0, 1.0],
                [0.998274, -0.057019, 0.014097, -0.0, -0.012581, 0.026851, 0.99956, 0.37472, -0.057372, -0.998012, 0.026087, -0.0, 0.0, 0.0, 0.0, 1.0],
                [0.999808, 0.013756, 0.013932, -0.0, -0.019083, 0.843765, 0.536373, 0.37472, -0.004377, -0.536536, 0.843866, -0.0, 0.0, 0.0, 0.0, 1.0],
                [0.999808, 0.013756, 0.013932, 0.0, -0.019083, 0.843765, 0.536373, 0.37472, -0.004377, -0.536536, 0.843866, 0.0, 0.0, 0.0, 0.0, 1.0],
                [0.999808, 0.013756, 0.013932, 0.0, -0.019083, 0.843765, 0.536373, 0.37472, -0.004377, -0.536536, 0.843866, 0.0, 0.0, 0.0, 0.0, 1.0]
            ]
        },
        {
            "name": "Knee_L",
            "time": [0.0, 0.2, 0.3833, 0.5833, 0.65, 0.9667],
            "transform": [
                [1.0, 0.0, -0.0, -0.0, -0.0, 0.061189, -0.998126, 0.37472, -0.0, 0.998126, 0.061189, -0.0, 0.0, 0.0, 0.0, 1.0],
                [1.0, 0.0, 0.0, 0.0, -0.0, 0.72427, -0.689517, 0.37472, -0.0, 0.689517, 0.72427, 0.0, 0.0, 0.0, 0.0, 1.0],
                [1.0, 0.0, 0.0, 0.0, -0.0, 0.72427, -0.689517, 0.37472, -0.0, 0.689517, 0.72427, 0.0, 0.0, 0.0, 0.0, 1.0],
                [0.998977, -0.033722, -0.030136, -0.0, -0.02056, 0.254879, -0.966754, 0.37472, 0.040282, 0.966385, 0.253925, -0.0, 0.0, 0.0, 0.0, 1.0],
                [0.999634, -0.016379, -0.021521, 0.0, -0.011746, 0.453838, -0.891007, 0.37472, 0.02436, 0.890934, 0.45348, 0.0, 0.0, 0.0, 0.0, 1.0],
                [0.999634, -0.016379, -0.021521, 0.0, -0.011746, 0.453838, -0.891007, 0.37472, 0.02436, 0.890934, 0.45348, 0.0, 0.0, 0.0, 0.0, 1.0]
            ]
        },
        {
            "name": "Torso",
            "time": [0.0, 0.3833, 0.65, 0.9667],
            "transform": [
                [0.985623, 0.105926, 0.131634, 0.0, -0.142341, 0.940308, 0.309129, 0.05, -0.091031, -0.323421, 0.941866, -0.0, 0.0, 0.0, 0.0, 1.0],
                [0.985623, 0.105926, 0.131634, 0.0, -0.142341, 0.940308, 0.309129, 0.05, -0.091031, -0.323421, 0.941866, 0.0, 0.0, 0.0, 0.0, 1.0],
                [0.976671, -0.065017, -0.20466, -0.0, 0.109704, 0.970376, 0.215258, 0.05, 0.184602, -0.232688, 0.954871, 0.0, 0.0, 0.0, 0.0, 1.0],
                [0.976671, -0.065017, -0.20466, -0.0, 0.109704, 0.970376, 0.215258, 0.05, 0.184602, -0.232688, 0.954871, 0.0, 0.0, 0.0, 0.0, 1.0]
            ]
        },
        {
            "name": "Chest",
            "time": [0.0, 0.2, 0.3833, 0.65, 0.9667],
            "transform": [
                [0.826483, -0.145106, 0.543939, 0.0, -0.027052, 0.954857, 0.295831, 0.3, -0.562311, -0.259214, 0.785248, 0.0, 0.0, 0.0, 0.0, 1.0],
                [0.750011, -0.227386, 0.621111, -0.0, 0.014331, 0.944415, 0.328442, 0.3, -0.66127, -0.237434, 0.711581, 0.0, 0.0, 0.0, 0.0, 1.0],
                [0.679946, -0.294575, 0.67149, -0.0, 0.050276, 0.932331, 0.358094, 0.3, -0.731537, -0.209725, 0.648745, -0.0, 0.0, 0.0, 0.0, 1.0],
                [0.929261, 0.099464, -0.355783, 0.0, -0.070908, 0.993189, 0.092457, 0.3, 0.362556, -0.060688, 0.929984, -0.0, 0.0, 0.0, 0.0, 1.0],
                [0.904652, 0.099464, -0.41438, 0.0, -0.064861, 0.993189, 0.096795, 0.3, 0.421185, -0.060688, 0.904942, -0.0, 0.0, 0.0, 0.0, 1.0]
            ]
        },
        {
            "name": "Head",
            "time": [0.0, 0.2, 0.3833, 0.65, 0.9667],
            "transform": [
                [0.367115, -0.296034, -0.881811, -0.0, -0.282606, 0.867695, -0.40895, 0.4, 0.886206, 0.399337, 0.234883, -0.0, 0.0, 0.0, 0.0, 1.0],
                [0.492836, -0.296034, -0.818216, 0.0, -0.219375, 0.867694, -0.446072, 0.4, 0.842014, 0.399337, 0.362688, -0.0, 0.0, 0.0, 0.0, 1.0],
                [0.448891, -0.296034, -0.843125, 0.0, -0.24265, 0.867695, -0.433851, 0.4, 0.86001, 0.399337, 0.317668, -0.0, 0.0, 0.0, 0.0, 1.0],
                [0.652887, -0.013305, 0.757338, -0.0, 0.148454, 0.982702, -0.110716, 0.4, -0.742765, 0.184715, 0.643569, -0.0, 0.0, 0.0, 0.0, 1.0],
                [0.673973, -0.013305, 0.738636, -0.0, 0.145275, 0.982702, -0.114856, 0.4, -0.724331, 0.184715, 0.664248, -0.0, 0.0, 0.0, 0.0, 1.0]
            ]
        },
        {
            "name": "Shoulder_R",
            "time": [0.0, 0.3833, 0.65, 0.9667],
            "transform": [
                [-0.219158, 0.967555, 0.125726, -0.0, -0.193698, -0.169439, 0.966318, 0.4, 0.956269, 0.187424, 0.224548, -0.0, 0.0, 0.0, 0.0, 1.0],
                [-0.219158, 0.967555, 0.125726, 0.0, -0.193698, -0.169439, 0.966318, 0.4, 0.956269, 0.187424, 0.224548, -0.0, 0.0, 0.0, 0.0, 1.0],
                [-0.219158, 0.886306, 0.40796, -0.0, -0.193698, -0.449325, 0.872117, 0.4, 0.956269, 0.11211, 0.270149, -0.0, 0.0, 0.0, 0.0, 1.0],
                [-0.219158, 0.886306, 0.40796, -0.0, -0.193698, -0.449325, 0.872117, 0.4, 0.956269, 0.112111, 0.270149, -0.0, 0.0, 0.0, 0.0, 1.0]
            ]
        },
        {
            "name": "Arm_R",
            "time": [0.0, 0.2, 0.3833, 0.65, 0.9667],
            "transform": [
                [0.394267, -0.160803, -0.904818, -0.0, -0.306084, 0.905381, -0.294276, 0.39386, 0.866526, 0.392974, 0.307742, 0.0, 0.0, 0.0, 0.0, 1.0],
                [0.309276, -0.697589, -0.646311, 0.0, -0.372716, 0.536339, -0.757247, 0.393861, 0.874889, 0.475089, -0.094126, 0.0, 0.0, 0.0, 0.0, 1.0],
                [0.309276, -0.697589, -0.646311, 0.0, -0.372716, 0.536339, -0.757247, 0.393861, 0.874889, 0.475089, -0.094126, -0.0, 0.0, 0.0, 0.0, 1.0],
                [-0.174525, 0.036429, -0.983979, 0.0, -0.279901, 0.956254, 0.085048, 0.39386, 0.944032, 0.29026, -0.156693, -0.0, 0.0, 0.0, 0.0, 1.0],
                [-0.174525, 0.160975, -0.971405, -0.0, -0.279901, 0.937737, 0.205683, 0.393861, 0.944032, 0.307794, -0.118601, 0.0, 0.0, 0.0, 0.0, 1.0]
            ]
        },
        {
            "name": "Hand_R",
            "time": [0.0, 0.2, 0.3833, 0.65, 0.9667],
            "transform": [
                [0.999701, 0.01504, 0.019285, 0.0, -0.009721, 0.967952, -0.250947, 0.3, -0.022441, 0.250684, 0.967809, 0.0, 0.0, 0.0, 0.0, 1.0],
                [0.999701, 0.024436, -0.000993, 0.0, -0.009721, 0.3598, -0.932979, 0.3, -0.022441, 0.93271, 0.35993, 0.0, 0.0, 0.0, 0.0, 1.0],
                [0.999701, 0.024436, -0.000993, 0.0, -0.009721, 0.3598, -0.932979, 0.3, -0.022441, 0.93271, 0.35993, -0.0, 0.0, 0.0, 0.0, 1.0],
                [0.999791, -0.019561, 0.005855, 0.0, 0.020369, 0.975511, -0.219008, 0.3, -0.001428, 0.219081, 0.975706, -0.0, 0.0, 0.0, 0.0, 1.0],
                [0.999791, -0.01765, 0.010267, -0.0, 0.020369, 0.897257, -0.441038, 0.3, -0.001428, 0.441156, 0.89743, 0.0, 0.0, 0.0, 0.0, 1.0]
            ]
        },
        {
            "name": "Tool_R",
            "time": [0.0, 0.2, 0.3833, 0.9667],
            "transform": [
                [0.975962, 0.216025, 0.028835, 0.002259, 0.039514, -0.045279, -0.998193, 0.348382, -0.214202, 0.97476, -0.052707, 0.037078, 0.0, 0.0, 0.0, 1.0],
                [0.985957, 0.099687, 0.13398, 0.006119, -0.056012, 0.95322, -0.297044, 0.253225, -0.157231, 0.28521, 0.944855, 0.095071, 0.0, 0.0, 0.0, 1.0],
                [0.985957, 0.099687, 0.13398, 0.006119, -0.056012, 0.95322, -0.297044, 0.253225, -0.157231, 0.28521, 0.944855, 0.095071, 0.0, 0.0, 0.0, 1.0],
                [0.985955, 0.0477, 0.160052, 0.006119, -0.056046, 0.997272, 0.048042, 0.253225, -0.157232, -0.056294, 0.985356, 0.095071, 0.0, 0.0, 0.0, 1.0]
            ]
        },
        {
            "name": "Elbow_R",
            "time": [0.0, 0.3833, 0.9667],
            "transform": [
                [-1.0, 0.0, -0.0, 0.000596, 0.0, -0.128782, -0.991673, 0.318392, -0.0, -0.991673, 0.128782, -0.003988, 0.0, 0.0, 0.0, 1.0],
                [-1.0, 0.0, -0.0, 0.000596, 0.0, -0.128782, -0.991673, 0.318392, -0.0, -0.991673, 0.128782, -0.003988, 0.0, 0.0, 0.0, 1.0],
                [-1.0, 0.0, -0.0, 0.000596, 0.0, -0.128782, -0.991673, 0.318392, -0.0, -0.991673, 0.128782, -0.003988, 0.0, 0.0, 0.0, 1.0]
            ]
        },
        {
            "name": "Shoulder_L",
            "time": [0.0, 0.3833, 0.9667],
            "transform": [
                [-0.0, -0.952114, -0.305743, -0.0, 0.0, -0.305743, 0.952114, 0.4, -1.0, 0.0, 0.0, -0.0, 0.0, 0.0, 0.0, 1.0],
                [-0.0, -0.952114, -0.305743, 0.0, 0.0, -0.305743, 0.952114, 0.4, -1.0, 0.0, 0.0, -0.0, 0.0, 0.0, 0.0, 1.0],
                [-0.0, -0.952114, -0.305743, -0.0, 0.0, -0.305743, 0.952114, 0.4, -1.0, -0.0, 0.0, -0.0, 0.0, 0.0, 0.0, 1.0]
            ]
        },
        {
            "name": "Arm_L",
            "time": [0.0, 0.2, 0.3833, 0.65, 0.9667],
            "transform": [
                [-0.157191, 0.138023, 0.977876, -0.0, 0.059393, 0.989714, -0.130147, 0.39386, -0.985781, 0.037621, -0.163772, 0.0, 0.0, 0.0, 0.0, 1.0],
                [0.755727, -0.145019, 0.638629, 0.0, 0.07393, 0.987832, 0.136829, 0.39386, -0.6507, -0.056191, 0.757252, -0.0, 0.0, 0.0, 0.0, 1.0],
                [0.755727, -0.145019, 0.638629, -0.0, 0.07393, 0.987832, 0.136829, 0.39386, -0.6507, -0.056191, 0.757252, -0.0, 0.0, 0.0, 0.0, 1.0],
                [0.463866, -0.145018, 0.873955, -0.0, 0.017714, 0.987832, 0.154512, 0.39386, -0.885728, -0.056192, 0.46079, 0.0, 0.0, 0.0, 0.0, 1.0],
                [0.463866, -0.355821, 0.811308, -0.0, 0.017714, 0.919337, 0.393072, 0.39386, -0.885728, -0.167961, 0.432752, -0.0, 0.0, 0.0, 0.0, 1.0]
            ]
        },
        {
            "name": "Hand_L",
            "time": [0.0, 0.2, 0.3833, 0.65, 0.9667],
            "transform": [
                [1.0, -0.0, 0.0, -0.0, 0.0, 0.838215, -0.54534, 0.3, 0.0, 0.54534, 0.838215, -0.0, 0.0, 0.0, 0.0, 1.0],
                [1.0, -0.0, 0.0, 0.0, 0.0, 0.988831, -0.149041, 0.3, -0.0, 0.14904, 0.988831, -0.0, 0.0, 0.0, 0.0, 1.0],
                [1.0, -0.0, 0.0, -0.0, 0.0, 0.988831, -0.14904, 0.3, -0.0, 0.149041, 0.988831, 0.0, 0.0, 0.0, 0.0, 1.0],
                [1.0, -0.0, 0.0, 0.0, 0.0, 0.743914, -0.668276, 0.3, -0.0, 0.668276, 0.743914, 0.0, 0.0, 0.0, 0.0, 1.0],
                [1.0, -0.0, 0.0, -0.0, 0.0, 0.490174, -0.871625, 0.3, -0.0, 0.871625, 0.490174, 0.0, 0.0, 0.0, 0.0, 1.0]
            ]
        },
        {
            "name": "Tool_L",
            "time": [0.0, 0.3833, 0.9667],
            "transform": [
                [0.0, 0.0, 0.0, -0.0, 0.0, 0.0, 0.0, 0.272858, 0.0, 0.0, 0.0, 0.0, 0.0, 0.0, 0.0, 1.0],
                [0.0, 0.0, 0.0, 0.0, 0.0, 0.0, 0.0, 0.272858, 0.0, 0.0, 0.0, 0.0, 0.0, 0.0, 0.0, 1.0],
                [0.0, 0.0, 0.0, -0.0, 0.0, 0.0, 0.0, 0.272858, 0.0, 0.0, 0.0, -0.0, 0.0, 0.0, 0.0, 1.0]
            ]
        },
        {
            "name": "Elbow_L",
            "time": [0.0, 0.3833, 0.9667],
            "transform": [
                [-1.0, 0.0, -0.0, 0.000226, 0.0, -0.0, -1.0, 0.33408, -0.0, -1.0, -0.0, -0.000541, 0.0, 0.0, 0.0, 1.0],
                [-1.0, 0.0, -0.0, 0.000227, 0.0, -0.0, -1.0, 0.33408, -0.0, -1.0, -0.0, -0.000541, 0.0, 0.0, 0.0, 1.0],
                [-1.0, 0.0, -0.0, 0.000226, 0.0, -0.0, -1.0, 0.33408, -0.0, -1.0, -0.0, -0.000541, 0.0, 0.0, 0.0, 1.0]
            ]
        }
    ]
}