{
    "animation": [
        {
            "name": "Root",
            "time": [0.0, 0.15, 0.6333],
            "transform": [
                [0.851163, 0.01724, -0.524619, -5e-06, -0.481457, -0.372494, -0.793377, 0.000946, -0.209095, 0.927874, -0.308753, 0.734337, 0.0, 0.0, 0.0, 1.0],
                [0.852943, 0.079828, -0.515863, -0.006628, -0.352249, -0.641299, -0.681657, -0.054128, -0.385238, 0.763127, -0.518872, 0.732083, 0.0, 0.0, 0.0, 1.0],
                [0.850405, 0.101171, -0.51631, -0.00888, -0.296699, -0.718195, -0.629418, -0.072855, -0.43449, 0.688448, -0.580739, 0.731316, 0.0, 0.0, 0.0, 1.0]
            ]
        },
        {
            "name": "Thigh_R",
            "time": [0.0, 0.15, 0.6333],
            "transform": [
                [0.906691, 0.168528, -0.386664, 0.124994, 0.262751, -0.942787, 0.205208, -0.002831, -0.329959, -0.287656, -0.8991, -1.2e-05, 0.0, 0.0, 0.0, 1.0],
                [0.836623, 0.268374, -0.477531, 0.124994, 0.272451, -0.96015, -0.062284, -0.002831, -0.475218, -0.077995, -0.876405, -1.2e-05, 0.0, 0.0, 0.0, 1.0],
                [0.809941, 0.306548, -0.500022, 0.124994, 0.26587, -0.951809, -0.152869, -0.002831, -0.522788, -0.009125, -0.852414, -1.2e-05, 0.0, 0.0, 0.0, 1.0]
            ]
        },
        {
            "name": "Leg_R",
            "time": [0.0, 0.15, 0.6333],
            "transform": [
                [0.998294, -0.039003, -0.043442, -0.0, 0.058094, 0.589915, 0.805373, 0.37472, -0.005785, -0.806524, 0.591174, 0.0, 0.0, 0.0, 0.0, 1.0],
                [0.998294, -0.039003, -0.043442, -0.0, 0.058094, 0.589915, 0.805373, 0.37472, -0.005785, -0.806524, 0.591174, 0.0, 0.0, 0.0, 0.0, 1.0],
                [0.998294, -0.039003, -0.043442, 0.0, 0.058094, 0.589915, 0.805373, 0.37472, -0.005785, -0.806524, 0.591174, 0.0, 0.0, 0.0, 0.0, 1.0]
            ]
        },
        {
            "name": "Knee_R",
            "time": [0.0, 0.15, 0.6333],
            "transform": [
                [1.0, 0.0, -0.0, -0.0, -0.0, 1e-06, -1.0, 0.37472, -0.0, 1.0, 1e-06, 0.0, 0.0, 0.0, 0.0, 1.0],
                [1.0, 0.0, -0.0, -0.0, -0.0, 1e-06, -1.0, 0.37472, -0.0, 1.0, 1e-06, 0.0, 0.0, 0.0, 0.0, 1.0],
                [1.0, 0.0, -0.0, 0.0, -0.0, 1e-06, -1.0, 0.37472, -0.0, 1.0, 1e-06, 0.0, 0.0, 0.0, 0.0, 1.0]
            ]
        },
        {
            "name": "Thigh_L",
            "time": [0.0, 0.15, 0.6333],
            "transform": [
                [0.784703, -0.38221, -0.488013, -0.109662, -0.081415, -0.84401, 0.530113, -0.002831, -0.614502, -0.376249, -0.693414, 0.02525, 0.0, 0.0, 0.0, 1.0],
                [0.784703, -0.275721, -0.555174, -0.109662, -0.081415, -0.933713, 0.348643, -0.002831, -0.614501, -0.228382, -0.755135, 0.02525, 0.0, 0.0, 0.0, 1.0],
                [0.784702, -0.236745, -0.572881, -0.109662, -0.081415, -0.95555, 0.283366, -0.002831, -0.614501, -0.175717, -0.769097, 0.02525, 0.0, 0.0, 0.0, 1.0]
            ]
        },
        {
            "name": "Leg_L",
            "time": [0.0, 0.15, 0.6333],
            "transform": [
                [0.997933, 0.002539, 0.064219, 0.0, -0.064028, 0.125827, 0.989984, 0.37472, -0.005567, -0.992049, 0.12573, -0.0, 0.0, 0.0, 0.0, 1.0],
                [0.997933, -0.010707, 0.063371, -0.0, -0.064028, -0.080218, 0.994719, 0.37472, -0.005567, -0.996719, -0.080737, -0.0, 0.0, 0.0, 0.0, 1.0],
                [0.997933, -0.015128, 0.062463, -0.0, -0.064028, -0.149831, 0.986637, 0.37472, -0.005567, -0.988596, -0.15049, 0.0, 0.0, 0.0, 0.0, 1.0]
            ]
        },
        {
            "name": "Knee_L",
            "time": [0.0, 0.15, 0.6333],
            "transform": [
                [1.0, 0.0, -0.0, 0.0, -0.0, 1e-06, -1.0, 0.37472, -0.0, 1.0, 1e-06, -0.0, 0.0, 0.0, 0.0, 1.0],
                [1.0, 0.0, -0.0, -0.0, -0.0, 0.515455, -0.856917, 0.37472, -0.0, 0.856917, 0.515455, -0.0, 0.0, 0.0, 0.0, 1.0],
                [1.0, 0.0, -0.0, -0.0, -0.0, 0.662153, -0.749369, 0.37472, -0.0, 0.749369, 0.662153, 0.0, 0.0, 0.0, 0.0, 1.0]
            ]
        },
        {
            "name": "Torso",
            "time": [0.0, 0.15, 0.6333],
            "transform": [
                [0.875904, -0.100203, 0.471965, -0.0, -0.057288, 0.949678, 0.307945, 0.05, -0.479072, -0.296768, 0.826087, -0.0, 0.0, 0.0, 0.0, 1.0],
                [0.87684, -0.181359, 0.445265, -0.0, -0.052517, 0.884454, 0.463662, 0.05, -0.477906, -0.429942, 0.766, 0.0, 0.0, 0.0, 0.0, 1.0],
                [0.877065, -0.207752, 0.433123, 0.0, -0.050848, 0.856426, 0.51376, 0.05, -0.477672, -0.472624, 0.740578, -0.0, 0.0, 0.0, 0.0, 1.0]
            ]
        },
        {
            "name": "Chest",
            "time": [0.0, 0.15, 0.6333],
            "transform": [
                [0.986768, 0.051661, -0.153685, 0.0, 0.026191, 0.884642, 0.465534, 0.3, 0.160006, -0.463399, 0.871584, -0.0, 0.0, 0.0, 0.0, 1.0],
                [0.935091, -0.072339, -0.346947, -0.0, 0.236804, 0.855877, 0.45978, 0.3, 0.263684, -0.512095, 0.817453, -0.0, 0.0, 0.0, 0.0, 1.0],
                [0.905209, -0.111339, -0.410123, -0.0, 0.306342, 0.83983, 0.448152, 0.3, 0.294537, -0.531308, 0.79433, -0.0, 0.0, 0.0, 0.0, 1.0]
            ]
        },
        {
            "name": "Head",
            "time": [0.0, 0.15, 0.6333],
            "transform": [
                [0.907906, 0.03176, 0.417969, 0.0, -0.015014, 0.99895, -0.043293, 0.4, -0.418905, 0.033031, 0.907429, 0.0, 0.0, 0.0, 0.0, 1.0],
                [0.907906, 0.03176, 0.417969, -0.0, -0.015014, 0.99895, -0.043293, 0.4, -0.418905, 0.033031, 0.907429, -0.0, 0.0, 0.0, 0.0, 1.0],
                [0.907906, 0.03176, 0.417969, 0.0, -0.015014, 0.99895, -0.043293, 0.4, -0.418905, 0.033031, 0.907429, 0.0, 0.0, 0.0, 0.0, 1.0]
            ]
        },
        {
            "name": "Shoulder_R",
            "time": [0.0, 0.15, 0.6333],
            "transform": [
                [0.06334, 0.923689, 0.37787, 0.0, -0.094282, -0.371398, 0.923674, 0.4, 0.993528, -0.094132, 0.063562, 0.0, 0.0, 0.0, 0.0, 1.0],
                [0.06334, 0.923689, 0.37787, -0.0, -0.094281, -0.371399, 0.923674, 0.4, 0.993528, -0.094132, 0.063562, -0.0, 0.0, 0.0, 0.0, 1.0],
                [0.06334, 0.923689, 0.37787, 0.0, -0.094281, -0.371399, 0.923674, 0.4, 0.993528, -0.094132, 0.063562, 0.0, 0.0, 0.0, 0.0, 1.0]
            ]
        },
        {
            "name": "Arm_R",
            "time": [0.0, 0.15, 0.6333],
            "transform": [
                [0.078197, -0.512449, -0.85515, 0.0, 0.712345, 0.628823, -0.311684, 0.393861, 0.69746, -0.584789, 0.414213, -0.0, 0.0, 0.0, 0.0, 1.0],
                [0.078197, -0.512449, -0.85515, 0.0, 0.712345, 0.628823, -0.311684, 0.39386, 0.69746, -0.584789, 0.414213, 0.0, 0.0, 0.0, 0.0, 1.0],
                [0.078197, -0.512449, -0.85515, -0.0, 0.712345, 0.628823, -0.311683, 0.393861, 0.69746, -0.584789, 0.414213, -0.0, 0.0, 0.0, 0.0, 1.0]
            ]
        },
        {
            "name": "Hand_R",
            "time": [0.0, 0.15, 0.6333],
            "transform": [
                [0.999599, -0.023021, -0.016487, -0.0, 0.023395, 0.999464, 0.022904, 0.3, 0.015951, -0.02328, 0.999602, -0.0, 0.0, 0.0, 0.0, 1.0],
                [0.999599, -0.025906, -0.011431, 0.0, 0.023395, 0.983023, -0.181987, 0.3, 0.015951, 0.181646, 0.983235, -0.0, 0.0, 0.0, 0.0, 1.0],
                [0.999599, -0.026641, -0.009593, -0.0, 0.023395, 0.967905, -0.250225, 0.3, 0.015951, 0.249901, 0.96814, 0.0, 0.0, 0.0, 0.0, 1.0]
            ]
        },
        {
            "name": "Tool_R",
            "time": [0.0, 0.15, 0.6333],
            "transform": [
                [0.999822, 0.009713, 0.016189, -0.017311, 0.006818, -0.985396, 0.17014, 0.36637, 0.017595, -0.169909, -0.984702, 0.051121, 0.0, 0.0, 0.0, 1.0],
                [0.999822, 0.009713, 0.016189, -0.017312, 0.006818, -0.985396, 0.17014, 0.36637, 0.017595, -0.169909, -0.984702, 0.051121, 0.0, 0.0, 0.0, 1.0],
                [0.999822, 0.009713, 0.016189, -0.017311, 0.006818, -0.985396, 0.17014, 0.36637, 0.017595, -0.169909, -0.984702, 0.051121, 0.0, 0.0, 0.0, 1.0]
            ]
        },
        {
            "name": "Elbow_R",
            "time": [0.0, 0.15, 0.6333],
            "transform": [
                [-1.0, 0.0, 0.0, -0.0, -0.0, -0.139408, -0.990235, 0.335189, -0.0, -0.990235, 0.139408, -0.005621, 0.0, 0.0, 0.0, 1.0],
                [-1.0, 0.0, 0.0, 0.0, -0.0, -0.139409, -0.990235, 0.335189, -0.0, -0.990235, 0.139408, -0.005621, 0.0, 0.0, 0.0, 1.0],
                [-1.0, 0.0, 0.0, -0.0, -0.0, -0.139408, -0.990235, 0.335189, -0.0, -0.990235, 0.139408, -0.005621, 0.0, 0.0, 0.0, 1.0]
            ]
        },
        {
            "name": "Shoulder_L",
            "time": [0.0, 0.15, 0.6333],
            "transform": [
                [-0.007939, -0.952498, -0.304441, 0.0, -0.088921, -0.302572, 0.94897, 0.4, -0.996007, 0.034605, -0.082295, 0.0, 0.0, 0.0, 0.0, 1.0],
                [-0.007939, -0.952498, -0.304441, -0.0, -0.088921, -0.302572, 0.94897, 0.4, -0.996007, 0.034605, -0.082295, -0.0, 0.0, 0.0, 0.0, 1.0],
                [-0.007939, -0.952498, -0.304441, 0.0, -0.088921, -0.302572, 0.94897, 0.4, -0.996007, 0.034605, -0.082295, 0.0, 0.0, 0.0, 0.0, 1.0]
            ]
        },
        {
            "name": "Arm_L",
            "time": [0.0, 0.15, 0.6333],
            "transform": [
                [-0.251595, 0.929287, 0.270417, 0.0, 0.438896, 0.358574, -0.82389, 0.39386, -0.862595, -0.088602, -0.498075, 0.0, 0.0, 0.0, 0.0, 1.0],
                [0.001294, 0.989478, 0.144676, 0.0, 0.48182, 0.126158, -0.867141, 0.39386, -0.876269, 0.07083, -0.476587, 0.0, 0.0, 0.0, 0.0, 1.0],
                [0.088504, 0.991085, 0.099584, 0.0, 0.482416, 0.04482, -0.874795, 0.39386, -0.87146, 0.125464, -0.474149, -0.0, 0.0, 0.0, 0.0, 1.0]
            ]
        },
        {
            "name": "Hand_L",
            "time": [0.0, 0.15, 0.6333],
            "transform": [
                [0.99991, 0.013352, -0.001578, -0.0, -0.012582, 0.887892, -0.45988, 0.3, -0.004739, 0.459858, 0.88798, -0.0, 0.0, 0.0, 0.0, 1.0],
                [0.99991, 0.013352, -0.001578, 0.0, -0.012582, 0.887892, -0.45988, 0.3, -0.004739, 0.459858, 0.88798, 0.0, 0.0, 0.0, 0.0, 1.0],
                [0.99991, 0.013352, -0.001578, 0.0, -0.012582, 0.887892, -0.45988, 0.3, -0.004739, 0.459858, 0.88798, 0.0, 0.0, 0.0, 0.0, 1.0]
            ]
        },
        {
            "name": "Tool_L",
            "time": [0.0, 0.15, 0.6333],
            "transform": [
                [0.998658, 0.039723, -0.033233, -0.012677, 0.043929, -0.98956, 0.137266, 0.208813, -0.027417, -0.138471, -0.989393, 0.160811, 0.0, 0.0, 0.0, 1.0],
                [0.998658, 0.039723, -0.033233, -0.012677, 0.043929, -0.98956, 0.137266, 0.208813, -0.027417, -0.138471, -0.989393, 0.160811, 0.0, 0.0, 0.0, 1.0],
                [0.998658, 0.039723, -0.033233, -0.012677, 0.043929, -0.98956, 0.137266, 0.208813, -0.027417, -0.138471, -0.989393, 0.160811, 0.0, 0.0, 0.0, 1.0]
            ]
        },
        {
            "name": "Elbow_L",
            "time": [0.0, 0.15, 0.6333],
            "transform": [
                [-0.999641, -0.004744, -0.026384, -0.001644, 0.023045, 0.350725, -0.936195, 0.298484, 0.013695, -0.936467, -0.350489, -0.001028, 0.0, 0.0, 0.0, 1.0],
                [-0.999641, -0.004744, -0.026384, -0.001644, 0.023045, 0.350725, -0.936195, 0.298484, 0.013695, -0.936467, -0.35049, -0.001028, 0.0, 0.0, 0.0, 1.0],
                [-0.999641, -0.004744, -0.026384, -0.001644, 0.023045, 0.350725, -0.936195, 0.298484, 0.013695, -0.936467, -0.350489, -0.001028, 0.0, 0.0, 0.0, 1.0]
            ]
        }
    ]
}