{
    
    "animation": [
        {
            "name": "Root",
            "time": [0.0, 0.1833, 0.5, 0.6667, 0.2667, 0.35, 0.4333],
            "transform": [
                [0.854689, 0.0, -0.51914, -5e-06, -0.51914, 0.0, -0.854689, 0.000946, 0.0, 1.0, 0.0, 0.755725, 0.0, 0.0, 0.0, 1.0],
                [-0.546318, 0.0, 0.837578, -0.003386, 0.837578, 0.0, 0.546318, -2.328367, 0.0, 1.0, 0.0, 0.755725, 0.0, 0.0, 0.0, 1.0],
                [-0.412113, 0.0, -0.911133, -0.021191, -0.911133, 0.0, 0.412113, -2.674502, 0.0, 1.0, 0.0, 0.743502, 0.0, 0.0, 0.0, 1.0],
                [0.792039, 0.0, -0.61047, -0.059956, -0.61047, 0.0, -0.792039, -2.869283, 0.0, 1.0, 0.0, 0.712319, 0.0, 0.0, 0.0, 1.0],
                [0.973845, 0.0, -0.227215, -0.09441, -0.227215, 0.0, -0.973845, -2.962099, 0.0, 1.0, 0.0, 0.683671, 0.0, 0.0, 0.0, 1.0],
                [0.997518, 0.0, -0.070409, -0.103758, -0.070409, 0.0, -0.997518, -2.981358, 0.0, 1.0, 0.0, 0.675804, 0.0, 0.0, 0.0, 1.0],
                [0.997518, 0.0, -0.070409, -0.103758, -0.070409, 0.0, -0.997518, -2.981358, 0.0, 1.0, 0.0, 0.769874, 0.0, 0.0, 0.0, 1.0]
            ]
        },
        {
            "name": "Thigh_R",
            "time": [0.0, 0.0833, 0.2, 0.3333, 0.5, 0.6667],
            "transform": [
                [0.996122, 0.056386, -0.067528, 0.124994, 0.068868, -0.977426, 0.199728, -0.002831, -0.054742, -0.203604, -0.977522, -1.2e-05, 0.0, 0.0, 0.0, 1.0],
                [0.861553, 0.052464, 0.50495, 0.124994, -0.055417, -0.978981, 0.196269, -0.002831, 0.504634, -0.197078, -0.840539, -1.2e-05, 0.0, 0.0, 0.0, 1.0],
                [0.861553, -0.018628, 0.507326, 0.124994, -0.055417, -0.996804, 0.05751, -0.002831, 0.504634, -0.077662, -0.859833, -1.2e-05, 0.0, 0.0, 0.0, 1.0],
                [0.861553, 0.001563, 0.507665, 0.124994, -0.055417, -0.993728, 0.097107, -0.002831, 0.504634, -0.111795, -0.856065, -1.2e-05, 0.0, 0.0, 0.0, 1.0],
                [0.994604, 0.072585, 0.074113, 0.124994, 0.092248, -0.945655, -0.311807, -0.002831, 0.047453, 0.316962, -0.947251, -1.2e-05, 0.0, 0.0, 0.0, 1.0],
                [0.996122, 0.056386, -0.067528, 0.124994, 0.068868, -0.977426, 0.199728, -0.002831, -0.054742, -0.203604, -0.977522, -1.2e-05, 0.0, 0.0, 0.0, 1.0]
            ]
        },
        {
            "name": "Leg_R",
            "time": [0.0, 0.5, 0.6667],
            "transform": [
                [1.0, -0.0, 2e-06, -0.0, -0.0, 0.9661, 0.258173, 0.37472, -2e-06, -0.258173, 0.966098, -0.0, 0.0, 0.0, 0.0, 1.0],
                [0.976624, 0.154282, 0.149675, 0.0, -0.209167, 0.842583, 0.496289, 0.37472, -0.049545, -0.515996, 0.855157, 0.0, 0.0, 0.0, 0.0, 1.0],
                [1.0, -0.0, 2e-06, 0.0, -0.0, 0.966099, 0.258173, 0.37472, -2e-06, -0.258173, 0.966098, -0.0, 0.0, 0.0, 0.0, 1.0]
            ]
        },
        {
            "name": "Knee_R",
            "time": [0.0, 0.6667],
            "transform": [
                [1.0, 0.0, -0.0, -0.0, -0.0, 1e-06, -1.0, 0.37472, -0.0, 1.0, 1e-06, -0.0, 0.0, 0.0, 0.0, 1.0],
                [1.0, 0.0, -0.0, 0.0, -0.0, 1e-06, -1.0, 0.37472, -0.0, 1.0, 1e-06, -0.0, 0.0, 0.0, 0.0, 1.0]
            ]
        },
        {
            "name": "Thigh_L",
            "time": [0.0, 0.0833, 0.2, 0.3333, 0.4167, 0.5, 0.6667],
            "transform": [
                [0.866588, -0.133703, -0.480778, -0.125006, -0.027838, -0.974891, 0.220935, -0.002831, -0.498245, -0.178075, -0.848552, -1.2e-05, 0.0, 0.0, 0.0, 1.0],
                [0.866588, -0.290572, -0.405699, -0.125006, -0.027838, -0.839871, 0.542072, -0.002831, -0.498245, -0.458459, -0.735912, -1.2e-05, 0.0, 0.0, 0.0, 1.0],
                [0.951465, 0.055876, 0.302641, -0.125006, -0.22932, -0.527104, 0.818274, -0.002831, 0.205246, -0.847961, -0.488708, -1.2e-05, 0.0, 0.0, 0.0, 1.0],
                [0.973186, 0.055876, 0.223128, -0.125006, -0.161043, -0.527104, 0.834401, -0.002831, 0.164235, -0.847961, -0.503972, -1.2e-05, 0.0, 0.0, 0.0, 1.0],
                [0.973703, -0.171485, -0.14998, -0.125006, 0.000916, -0.655381, 0.755297, -0.002831, -0.227816, -0.735573, -0.63799, -1.2e-05, 0.0, 0.0, 0.0, 1.0],
                [0.973703, -0.126143, -0.189708, -0.125006, 0.000916, -0.830541, 0.556956, -0.002831, -0.227816, -0.542484, -0.808585, -1.2e-05, 0.0, 0.0, 0.0, 1.0],
                [0.866588, -0.133703, -0.480778, -0.125006, -0.027838, -0.974891, 0.220935, -0.002831, -0.498245, -0.178075, -0.848552, -1.2e-05, 0.0, 0.0, 0.0, 1.0]
            ]
        },
        {
            "name": "Leg_L",
            "time": [0.0, 0.0833, 0.2, 0.5, 0.6667],
            "transform": [
                [1.0, -0.0, 1e-06, 0.0, 0.0, 0.984973, 0.172708, 0.37472, -1e-06, -0.172708, 0.984973, 0.0, 0.0, 0.0, 0.0, 1.0],
                [1.0, -1e-06, -0.0, -0.0, 0.0, -0.132787, 0.991145, 0.37472, -1e-06, -0.991144, -0.132787, 0.0, 0.0, 0.0, 0.0, 1.0],
                [1.0, -1e-06, -1e-06, 0.0, 0.0, -0.6112, 0.791476, 0.37472, -1e-06, -0.791476, -0.6112, -0.0, 0.0, 0.0, 0.0, 1.0],
                [1.0, -1e-06, 0.0, 0.0, 0.0, 0.607496, 0.794323, 0.37472, -1e-06, -0.794322, 0.607497, -0.0, 0.0, 0.0, 0.0, 1.0],
                [1.0, -0.0, 1e-06, -0.0, 0.0, 0.984973, 0.172708, 0.37472, -1e-06, -0.172708, 0.984973, -0.0, 0.0, 0.0, 0.0, 1.0]
            ]
        },
        {
            "name": "Knee_L",
            "time": [0.0, 0.0833, 0.2, 0.5, 0.6667],
            "transform": [
                [1.0, 0.0, -0.0, 0.0, -0.0, 1e-06, -1.0, 0.37472, -0.0, 1.0, 1e-06, 0.0, 0.0, 0.0, 0.0, 1.0],
                [1.0, 0.0, 0.0, -0.0, -0.0, 0.798079, -0.602553, 0.37472, -0.0, 0.602553, 0.798079, 0.0, 0.0, 0.0, 0.0, 1.0],
                [1.0, 0.0, 0.0, 0.0, -0.0, 0.953642, -0.300944, 0.37472, -0.0, 0.300944, 0.953642, -0.0, 0.0, 0.0, 0.0, 1.0],
                [1.0, 0.0, -0.0, 0.0, -0.0, 0.614282, -0.789087, 0.37472, -0.0, 0.789087, 0.614281, -0.0, 0.0, 0.0, 0.0, 1.0],
                [1.0, 0.0, -0.0, -0.0, -0.0, 1e-06, -1.0, 0.37472, -0.0, 1.0, 1e-06, -0.0, 0.0, 0.0, 0.0, 1.0]
            ]
        },
        {
            "name": "Torso",
            "time": [0.0, 0.2333, 0.5, 0.6667],
            "transform": [
                [0.99978, -0.020971, -0.000197, -0.0, 0.020971, 0.999603, 0.018833, 0.05, -0.000198, -0.018833, 0.999823, 0.0, 0.0, 0.0, 0.0, 1.0],
                [0.985531, -0.083886, -0.147278, -0.0, 0.145619, 0.863719, 0.482478, 0.05, 0.086734, -0.496944, 0.863437, 0.0, 0.0, 0.0, 0.0, 1.0],
                [0.999784, 0.020765, -0.000151, 0.0, -0.020484, 0.985012, -0.171269, 0.05, -0.003408, 0.171235, 0.985224, -0.0, 0.0, 0.0, 0.0, 1.0],
                [0.99978, -0.020971, -0.000197, 0.0, 0.020971, 0.999603, 0.018833, 0.05, -0.000198, -0.018833, 0.999823, -0.0, 0.0, 0.0, 0.0, 1.0]
            ]
        },
        {
            "name": "Chest",
            "time": [0.0, 0.15, 0.5, 0.6667],
            "transform": [
                [0.999771, -0.021411, -0.000206, 0.0, 0.021411, 0.999586, 0.019228, 0.3, -0.000206, -0.019228, 0.999815, 0.0, 0.0, 0.0, 0.0, 1.0],
                [0.93097, 0.153166, -0.331412, 0.0, 0.178297, 0.6014, 0.778799, 0.3, 0.318597, -0.784129, 0.532577, 0.0, 0.0, 0.0, 0.0, 1.0],
                [0.93097, 0.053208, -0.361197, -0.0, 0.178297, 0.797067, 0.576969, 0.3, 0.318597, -0.601542, 0.73256, -0.0, 0.0, 0.0, 0.0, 1.0],
                [0.999771, -0.021411, -0.000206, 0.0, 0.021411, 0.999586, 0.019228, 0.3, -0.000206, -0.019228, 0.999815, 0.0, 0.0, 0.0, 0.0, 1.0]
            ]
        },
        {
            "name": "Head",
            "time": [0.0, 0.2167, 0.3333, 0.5, 0.6667],
            "transform": [
                [0.85311, 0.037721, 0.520365, -0.0, -0.006297, 0.998055, -0.062025, 0.4, -0.521693, 0.049637, 0.851688, 0.0, 0.0, 0.0, 0.0, 1.0],
                [0.908658, 0.037721, -0.415834, -0.0, -0.054928, 0.998055, -0.02949, 0.4, 0.413913, 0.049637, 0.908962, 0.0, 0.0, 0.0, 0.0, 1.0],
                [0.872386, 0.037721, -0.487361, -0.0, -0.057116, 0.998055, -0.02499, 0.4, 0.48547, 0.049637, 0.872843, -0.0, 0.0, 0.0, 0.0, 1.0],
                [0.860237, 0.037721, 0.508496, 0.0, -0.007156, 0.998055, -0.061932, 0.4, -0.509843, 0.049637, 0.858834, -0.0, 0.0, 0.0, 0.0, 1.0],
                [0.85311, 0.037721, 0.520365, 0.0, -0.006297, 0.998055, -0.062025, 0.4, -0.521693, 0.049637, 0.851688, -0.0, 0.0, 0.0, 0.0, 1.0]
            ]
        },
        {
            "name": "Shoulder_R",
            "time": [0.0, 0.6667],
            "transform": [
                [0.089555, 0.949274, 0.301428, -0.0, -0.003656, -0.302328, 0.953197, 0.4, 0.995975, -0.086466, -0.023605, 0.0, 0.0, 0.0, 0.0, 1.0],
                [0.089555, 0.949274, 0.301428, 0.0, -0.003656, -0.302328, 0.953197, 0.4, 0.995975, -0.086466, -0.023605, -0.0, 0.0, 0.0, 0.0, 1.0]
            ]
        },
        {
            "name": "Arm_R",
            "time": [0.0, 0.1667, 0.35, 0.5, 0.6667],
            "transform": [
                [0.021071, 0.013447, -0.999687, 0.0, 0.946416, 0.322036, 0.02428, 0.39386, 0.322262, -0.946632, -0.005941, 0.0, 0.0, 0.0, 0.0, 1.0],
                [-0.079766, -0.592919, -0.801301, -0.0, 0.808875, 0.431282, -0.399645, 0.393861, 0.582545, -0.680031, 0.445196, 0.0, 0.0, 0.0, 0.0, 1.0],
                [-0.087507, 0.519146, -0.850194, -0.0, 0.808844, 0.53521, 0.243559, 0.39386, 0.581475, -0.666362, -0.466742, -0.0, 0.0, 0.0, 0.0, 1.0],
                [-0.079766, 0.165444, -0.982988, 0.0, 0.808875, 0.587044, 0.033167, 0.39386, 0.582545, -0.792469, -0.18065, 0.0, 0.0, 0.0, 0.0, 1.0],
                [0.021071, 0.013447, -0.999687, -0.0, 0.946416, 0.322036, 0.02428, 0.393861, 0.322262, -0.946632, -0.005941, 0.0, 0.0, 0.0, 0.0, 1.0]
            ]
        },
        {
            "name": "Hand_R",
            "time": [0.0, 0.1667, 0.35, 0.5, 0.6667],
            "transform": [
                [0.999984, 0.001325, 0.005391, -0.0, -0.00125, 0.999903, -0.013885, 0.3, -0.005409, 0.013878, 0.999889, -0.0, 0.0, 0.0, 0.0, 1.0],
                [0.999985, 0.004221, 0.003606, -0.0, -0.00125, 0.80408, -0.59452, 0.3, -0.005409, 0.594507, 0.804072, -0.0, 0.0, 0.0, 0.0, 1.0],
                [0.999985, 0.005544, 0.000287, 0.0, -0.00125, 0.275366, -0.961339, 0.300001, -0.005409, 0.961324, 0.275369, 0.0, 0.0, 0.0, 0.0, 1.0],
                [0.999985, 0.003431, 0.004364, 0.0, -0.00125, 0.905116, -0.425163, 0.3, -0.005409, 0.425151, 0.905106, -0.0, 0.0, 0.0, 0.0, 1.0],
                [0.999984, 0.001325, 0.005391, -0.0, -0.00125, 0.999903, -0.013885, 0.3, -0.005409, 0.013878, 0.999889, -0.0, 0.0, 0.0, 0.0, 1.0]
            ]
        },
        {
            "name": "Tool_R",
            "time": [0.0, 0.6667],
            "transform": [
                [1.0, 0.0, 0.0, -0.0, 0.0, -0.999836, 0.018122, 0.272858, 0.0, -0.018122, -0.999244, -0.0, 0.0, 0.0, 0.0, 1.0],
                [1.0, 0.0, 0.0, 0.0, 0.0, -0.999836, 0.018122, 0.272858, 0.0, -0.018122, -0.999244, -0.0, 0.0, 0.0, 0.0, 1.0]
            ]
        },
        {
            "name": "Elbow_R",
            "time": [0.0, 0.35, 0.6667],
            "transform": [
                [-1.0, 0.0, -0.0, -0.0, 0.0, -0.0, -1.0, 0.3, -0.0, -1.0, 0.0, -0.0, 0.0, 0.0, 0.0, 1.0],
                [-1.0, 0.0, 0.0, 0.0, -0.0, 0.593225, -0.805037, 0.300001, -0.0, -0.805037, -0.593225, 0.0, 0.0, 0.0, 0.0, 1.0],
                [-1.0, 0.0, -0.0, -0.0, 0.0, -0.0, -1.0, 0.3, -0.0, -1.0, 0.0, -0.0, 0.0, 0.0, 0.0, 1.0]
            ]
        },
        {
            "name": "Shoulder_L",
            "time": [0.0, 0.6667],
            "transform": [
                [0.088499, -0.949454, -0.301172, -0.0, -0.003902, -0.302687, 0.953082, 0.4, -0.996068, -0.083172, -0.030493, 0.0, 0.0, 0.0, 0.0, 1.0],
                [0.088499, -0.949454, -0.301172, 0.0, -0.003902, -0.302687, 0.953082, 0.4, -0.996068, -0.083172, -0.030493, -0.0, 0.0, 0.0, 0.0, 1.0]
            ]
        },
        {
            "name": "Arm_L",
            "time": [0.0, 0.1667, 0.35, 0.5, 0.6667],
            "transform": [
                [0.159467, 0.003163, 0.987198, -0.0, -0.915361, 0.374973, 0.146661, 0.39386, -0.369709, -0.92703, 0.062691, -0.0, 0.0, 0.0, 0.0, 1.0],
                [0.112815, 0.854486, 0.507076, -0.0, -0.49208, 0.491403, -0.718596, 0.39386, -0.863209, -0.168453, 0.475913, -0.0, 0.0, 0.0, 0.0, 1.0],
                [-0.167883, -0.529751, 0.831372, 0.0, -0.614563, 0.715646, 0.331909, 0.39386, -0.770797, -0.455208, -0.44571, -0.0, 0.0, 0.0, 0.0, 1.0],
                [-0.14315, -0.108051, 0.983785, -0.0, -0.614713, 0.788745, -0.002817, 0.39386, -0.775652, -0.605149, -0.179329, -0.0, 0.0, 0.0, 0.0, 1.0],
                [0.159467, 0.003163, 0.987198, 0.0, -0.915361, 0.374973, 0.146661, 0.39386, -0.369709, -0.92703, 0.062691, -0.0, 0.0, 0.0, 0.0, 1.0]
            ]
        },
        {
            "name": "Hand_L",
            "time": [0.0, 0.1667, 0.35, 0.5, 0.6667],
            "transform": [
                [0.99932, -0.036878, 0.000448, 0.0, 0.03687, 0.999235, 0.013035, 0.3, -0.000928, -0.013009, 0.999915, -0.0, 0.0, 0.0, 0.0, 1.0],
                [0.99932, -0.031413, 0.019326, -0.0, 0.03687, 0.864062, -0.502034, 0.3, -0.000929, 0.502405, 0.864632, 0.0, 0.0, 0.0, 0.0, 1.0],
                [0.99932, -0.010385, 0.035389, 0.0, 0.03687, 0.305455, -0.951493, 0.3, -0.000929, 0.95215, 0.30563, -0.0, 0.0, 0.0, 0.0, 1.0],
                [0.99932, -0.033227, 0.016006, -0.0, 0.03687, 0.91095, -0.410867, 0.3, -0.000929, 0.411178, 0.911555, -0.0, 0.0, 0.0, 0.0, 1.0],
                [0.99932, -0.036878, 0.000448, -0.0, 0.03687, 0.999235, 0.013035, 0.3, -0.000928, -0.013009, 0.999915, 0.0, 0.0, 0.0, 0.0, 1.0]
            ]
        },
        {
            "name": "Tool_L",
            "time": [0.0, 0.6667],
            "transform": [
                [0.0, 0.0, 0.0, -0.0, 0.0, 0.0, 0.0, 0.272858, 0.0, 0.0, 0.0, 0.0, 0.0, 0.0, 0.0, 1.0],
                [0.0, 0.0, 0.0, 0.0, 0.0, 0.0, 0.0, 0.272858, 0.0, 0.0, 0.0, -0.0, 0.0, 0.0, 0.0, 1.0]
            ]
        },
        {
            "name": "Elbow_L",
            "time": [0.0, 0.35, 0.6667],
            "transform": [
                [-1.0, 0.0, -0.0, 0.0, 0.0, -0.0, -1.0, 0.3, -0.0, -1.0, -0.0, -0.0, 0.0, 0.0, 0.0, 1.0],
                [-1.0, 0.0, 0.0, 0.0, 0.0, 0.747115, -0.664695, 0.3, -0.0, -0.664695, -0.747115, -0.0, 0.0, 0.0, 0.0, 1.0],
                [-1.0, 0.0, -0.0, -0.0, 0.0, -0.0, -1.0, 0.3, -0.0, -1.0, -0.0, 0.0, 0.0, 0.0, 0.0, 1.0]
            ]
        }
    ]
}