{
    
    "animation": [
        {
            "name": "Root",
            "time": [0.0, 0.2167, 0.3, 0.55, 0.6667],
            "transform": [
                [0.854689, 0.0, -0.51914, -5e-06, -0.51914, 0.0, -0.854689, 0.000946, 0.0, 1.0, 0.0, 0.755725, 0.0, 0.0, 0.0, 1.0],
                [0.854689, 0.0, -0.51914, -5e-06, -0.51914, 0.0, -0.854689, 0.000946, 0.0, 1.0, 0.0, 0.676879, 0.0, 0.0, 0.0, 1.0],
                [0.854689, 0.0, -0.51914, -5e-06, -0.51914, 0.0, -0.854689, 0.000946, 0.0, 1.0, 0.0, 0.676879, 0.0, 0.0, 0.0, 1.0],
                [0.854689, 0.0, -0.51914, -5e-06, -0.51914, 0.0, -0.854689, 0.000946, 0.0, 1.0, 0.0, 0.755725, 0.0, 0.0, 0.0, 1.0],
                [0.854689, 0.0, -0.51914, -5e-06, -0.51914, 0.0, -0.854689, 0.000946, 0.0, 1.0, 0.0, 0.755725, 0.0, 0.0, 0.0, 1.0]
            ]
        },
        {
            "name": "Thigh_R",
            "time": [0.0, 0.2167, 0.3, 0.55, 0.6667],
            "transform": [
                [0.996122, 0.056386, -0.067528, 0.124994, 0.068868, -0.977426, 0.199728, -0.002831, -0.054742, -0.203604, -0.977522, -1.2e-05, 0.0, 0.0, 0.0, 1.0],
                [0.996122, 0.079843, -0.036939, 0.124994, 0.068868, -0.968987, -0.237315, -0.002831, -0.054742, 0.23385, -0.970731, -1.2e-05, 0.0, 0.0, 0.0, 1.0],
                [0.996122, 0.079843, -0.036939, 0.124994, 0.068868, -0.968987, -0.237315, -0.002831, -0.054742, 0.23385, -0.970731, -1.2e-05, 0.0, 0.0, 0.0, 1.0],
                [0.996122, 0.056386, -0.067528, 0.124994, 0.068868, -0.977426, 0.199728, -0.002831, -0.054742, -0.203604, -0.977522, -1.2e-05, 0.0, 0.0, 0.0, 1.0],
                [0.996122, 0.056386, -0.067528, 0.124994, 0.068868, -0.977426, 0.199728, -0.002831, -0.054742, -0.203604, -0.977522, -1.2e-05, 0.0, 0.0, 0.0, 1.0]
            ]
        },
        {
            "name": "Leg_R",
            "time": [0.0, 0.2167, 0.3, 0.6667],
            "transform": [
                [1.0, -0.0, 2e-06, -0.0, -0.0, 0.9661, 0.258173, 0.37472, -2e-06, -0.258173, 0.966098, -0.0, 0.0, 0.0, 0.0, 1.0],
                [1.0, -0.0, 2e-06, 0.0, -0.0, 0.966099, 0.258173, 0.37472, -2e-06, -0.258173, 0.966098, -0.0, 0.0, 0.0, 0.0, 1.0],
                [1.0, -0.0, 2e-06, 0.0, -0.0, 0.966099, 0.258173, 0.37472, -2e-06, -0.258173, 0.966098, -0.0, 0.0, 0.0, 0.0, 1.0],
                [1.0, -0.0, 2e-06, -0.0, -0.0, 0.9661, 0.258173, 0.37472, -2e-06, -0.258173, 0.966098, -0.0, 0.0, 0.0, 0.0, 1.0]
            ]
        },
        {
            "name": "Knee_R",
            "time": [0.0, 0.2167, 0.3, 0.6667],
            "transform": [
                [1.0, 0.0, -0.0, -0.0, -0.0, 1e-06, -1.0, 0.37472, -0.0, 1.0, 1e-06, -0.0, 0.0, 0.0, 0.0, 1.0],
                [1.0, 0.0, -0.0, 0.0, -0.0, 1e-06, -1.0, 0.37472, -0.0, 1.0, 1e-06, -0.0, 0.0, 0.0, 0.0, 1.0],
                [1.0, 0.0, -0.0, 0.0, -0.0, 1e-06, -1.0, 0.37472, -0.0, 1.0, 1e-06, -0.0, 0.0, 0.0, 0.0, 1.0],
                [1.0, 0.0, -0.0, -0.0, -0.0, 1e-06, -1.0, 0.37472, -0.0, 1.0, 1e-06, -0.0, 0.0, 0.0, 0.0, 1.0]
            ]
        },
        {
            "name": "Thigh_L",
            "time": [0.0, 0.2167, 0.3, 0.55, 0.6667],
            "transform": [
                [0.866588, -0.133703, -0.480778, -0.125006, -0.027838, -0.974891, 0.220935, -0.002831, -0.498245, -0.178075, -0.848552, -1.2e-05, 0.0, 0.0, 0.0, 1.0],
                [0.866588, -0.266118, -0.422143, -0.125006, -0.027838, -0.870403, 0.491552, -0.002831, -0.498245, -0.414221, -0.76169, -1.2e-05, 0.0, 0.0, 0.0, 1.0],
                [0.866588, -0.266118, -0.422143, -0.125006, -0.027838, -0.870403, 0.491552, -0.002831, -0.498245, -0.414221, -0.76169, -1.2e-05, 0.0, 0.0, 0.0, 1.0],
                [0.866588, -0.133703, -0.480778, -0.125006, -0.027838, -0.974891, 0.220935, -0.002831, -0.498245, -0.178075, -0.848552, -1.2e-05, 0.0, 0.0, 0.0, 1.0],
                [0.866588, -0.133703, -0.480778, -0.125006, -0.027838, -0.974891, 0.220935, -0.002831, -0.498245, -0.178075, -0.848552, -1.2e-05, 0.0, 0.0, 0.0, 1.0]
            ]
        },
        {
            "name": "Leg_L",
            "time": [0.0, 0.2167, 0.3, 0.6667],
            "transform": [
                [1.0, -0.0, 1e-06, 0.0, 0.0, 0.984973, 0.172708, 0.37472, -1e-06, -0.172708, 0.984973, 0.0, 0.0, 0.0, 0.0, 1.0],
                [1.0, -0.0, 1e-06, -0.0, 0.0, 0.984973, 0.172708, 0.37472, -1e-06, -0.172708, 0.984973, 0.0, 0.0, 0.0, 0.0, 1.0],
                [1.0, -0.0, 1e-06, -0.0, 0.0, 0.984973, 0.172708, 0.37472, -1e-06, -0.172708, 0.984973, 0.0, 0.0, 0.0, 0.0, 1.0],
                [1.0, -0.0, 1e-06, 0.0, 0.0, 0.984973, 0.172708, 0.37472, -1e-06, -0.172708, 0.984973, 0.0, 0.0, 0.0, 0.0, 1.0]
            ]
        },
        {
            "name": "Knee_L",
            "time": [0.0, 0.2167, 0.3, 0.6667],
            "transform": [
                [1.0, 0.0, -0.0, 0.0, -0.0, 1e-06, -1.0, 0.37472, -0.0, 1.0, 1e-06, 0.0, 0.0, 0.0, 0.0, 1.0],
                [1.0, 0.0, -0.0, -0.0, -0.0, 1e-06, -1.0, 0.37472, -0.0, 1.0, 1e-06, 0.0, 0.0, 0.0, 0.0, 1.0],
                [1.0, 0.0, -0.0, -0.0, -0.0, 1e-06, -1.0, 0.37472, -0.0, 1.0, 1e-06, 0.0, 0.0, 0.0, 0.0, 1.0],
                [1.0, 0.0, -0.0, 0.0, -0.0, 1e-06, -1.0, 0.37472, -0.0, 1.0, 1e-06, 0.0, 0.0, 0.0, 0.0, 1.0]
            ]
        },
        {
            "name": "Torso",
            "time": [0.0, 0.2167, 0.3, 0.55, 0.6667],
            "transform": [
                [0.99978, -0.020971, -0.000197, -0.0, 0.020971, 0.999603, 0.018833, 0.05, -0.000198, -0.018833, 0.999823, 0.0, 0.0, 0.0, 0.0, 1.0],
                [0.99978, -0.020971, -0.000197, -0.0, 0.020971, 0.999603, 0.018833, 0.05, -0.000198, -0.018833, 0.999823, 0.0, 0.0, 0.0, 0.0, 1.0],
                [0.947838, -0.020971, -0.318063, -0.0, 0.025871, 0.999603, 0.011188, 0.05, 0.317702, -0.018833, 0.948004, 0.0, 0.0, 0.0, 0.0, 1.0],
                [0.999769, -0.020971, -0.00477, -0.0, 0.021057, 0.999603, 0.018737, 0.05, 0.004375, -0.018833, 0.999813, 0.0, 0.0, 0.0, 0.0, 1.0],
                [0.999769, -0.020971, -0.00477, -0.0, 0.021057, 0.999603, 0.018737, 0.05, 0.004375, -0.018833, 0.999813, 0.0, 0.0, 0.0, 0.0, 1.0]
            ]
        },
        {
            "name": "Chest",
            "time": [0.0, 0.2167, 0.3, 0.55, 0.6667],
            "transform": [
                [0.999771, -0.021411, -0.000206, 0.0, 0.021411, 0.999586, 0.019228, 0.3, -0.000206, -0.019228, 0.999815, 0.0, 0.0, 0.0, 0.0, 1.0],
                [0.7623, -0.021411, -0.646869, 0.0, 0.028766, 0.999586, 0.000813, 0.3, 0.646584, -0.019228, 0.7626, 0.0, 0.0, 0.0, 0.0, 1.0],
                [0.7623, -0.021411, -0.646869, -0.0, 0.028766, 0.999586, 0.000813, 0.3, 0.646584, -0.019228, 0.7626, 0.0, 0.0, 0.0, 0.0, 1.0],
                [0.999491, -0.021411, 0.023647, 0.0, 0.020947, 0.999586, 0.019733, 0.3, -0.024059, -0.019228, 0.999526, 0.0, 0.0, 0.0, 0.0, 1.0],
                [0.999491, -0.021411, 0.023647, 0.0, 0.020947, 0.999586, 0.019733, 0.3, -0.024059, -0.019228, 0.999526, 0.0, 0.0, 0.0, 0.0, 1.0]
            ]
        },
        {
            "name": "Head",
            "time": [0.0, 0.2167, 0.3, 0.55, 0.6667],
            "transform": [
                [0.85311, 0.037721, 0.520365, -0.0, -0.006297, 0.998055, -0.062025, 0.4, -0.521693, 0.049637, 0.851688, 0.0, 0.0, 0.0, 0.0, 1.0],
                [0.323708, 0.037721, 0.945405, -0.0, 0.03479, 0.998055, -0.051734, 0.4, -0.945517, 0.049637, 0.321766, 0.0, 0.0, 0.0, 0.0, 1.0],
                [0.323708, 0.037721, 0.945405, -0.0, 0.03479, 0.998055, -0.051734, 0.4, -0.945517, 0.049637, 0.321766, -0.0, 0.0, 0.0, 0.0, 1.0],
                [0.866611, 0.037721, 0.497557, -0.0, -0.00794, 0.998055, -0.061836, 0.4, -0.498922, 0.049637, 0.865224, 0.0, 0.0, 0.0, 0.0, 1.0],
                [0.866611, 0.037721, 0.497557, -0.0, -0.00794, 0.998055, -0.061836, 0.4, -0.498922, 0.049637, 0.865224, 0.0, 0.0, 0.0, 0.0, 1.0]
            ]
        },
        {
            "name": "Shoulder_R",
            "time": [0.0, 0.2167, 0.3, 0.6667],
            "transform": [
                [0.089555, 0.949274, 0.301428, -0.0, -0.003656, -0.302328, 0.953197, 0.4, 0.995975, -0.086466, -0.023605, 0.0, 0.0, 0.0, 0.0, 1.0],
                [0.089555, 0.949274, 0.301428, -0.0, -0.003656, -0.302328, 0.953197, 0.4, 0.995975, -0.086466, -0.023605, 0.0, 0.0, 0.0, 0.0, 1.0],
                [0.089555, 0.949274, 0.301428, -0.0, -0.003656, -0.302328, 0.953197, 0.4, 0.995975, -0.086466, -0.023605, -0.0, 0.0, 0.0, 0.0, 1.0],
                [0.089555, 0.949274, 0.301428, -0.0, -0.003656, -0.302328, 0.953197, 0.4, 0.995975, -0.086466, -0.023605, 0.0, 0.0, 0.0, 0.0, 1.0]
            ]
        },
        {
            "name": "Arm_R",
            "time": [0.0, 0.2167, 0.3, 0.55, 0.6667],
            "transform": [
                [0.021071, 0.013447, -0.999687, 0.0, 0.946416, 0.322036, 0.02428, 0.39386, 0.322262, -0.946632, -0.005941, 0.0, 0.0, 0.0, 0.0, 1.0],
                [0.003733, -0.99977, 0.021127, 0.0, -0.233837, -0.021414, -0.97204, 0.393861, 0.972269, -0.001312, -0.233863, 0.0, 0.0, 0.0, 0.0, 1.0],
                [0.003733, -0.99977, 0.021127, 0.0, -0.233837, -0.021414, -0.97204, 0.393861, 0.972269, -0.001312, -0.233863, 0.0, 0.0, 0.0, 0.0, 1.0],
                [-0.018979, 0.00774, -0.99979, 0.0, 0.854271, 0.519685, -0.012193, 0.39386, 0.519481, -0.854323, -0.016475, 0.0, 0.0, 0.0, 0.0, 1.0],
                [-0.018979, 0.00774, -0.99979, 0.0, 0.854271, 0.519685, -0.012193, 0.39386, 0.519481, -0.854323, -0.016475, 0.0, 0.0, 0.0, 0.0, 1.0]
            ]
        },
        {
            "name": "Hand_R",
            "time": [0.0, 0.2167, 0.3, 0.6667],
            "transform": [
                [0.999984, 0.001325, 0.005391, -0.0, -0.00125, 0.999903, -0.013885, 0.3, -0.005409, 0.013878, 0.999889, -0.0, 0.0, 0.0, 0.0, 1.0],
                [0.999985, 0.005213, 0.001909, -0.0, -0.00125, 0.546585, -0.837403, 0.3, -0.005409, 0.837387, 0.546583, 0.0, 0.0, 0.0, 0.0, 1.0],
                [0.999985, 0.005213, 0.001909, -0.0, -0.00125, 0.546585, -0.837403, 0.3, -0.005409, 0.837387, 0.546583, -0.0, 0.0, 0.0, 0.0, 1.0],
                [0.999985, 0.005213, 0.001909, -0.0, -0.00125, 0.546585, -0.837403, 0.3, -0.005409, 0.837388, 0.546583, -0.0, 0.0, 0.0, 0.0, 1.0]
            ]
        },
        {
            "name": "Tool_R",
            "time": [0.0, 0.2167, 0.3, 0.4833, 0.6667],
            "transform": [
                [0.0, 0.0, 0.0, -0.0, 0.0, 0.0, 0.0, 0.272858, 0.0, 0.0, 0.0, -0.0, 0.0, 0.0, 0.0, 1.0],
                [0.0, 0.0, 0.0, -0.0, 0.0, 0.0, 0.0, 0.272858, 0.0, 0.0, 0.0, 0.0, 0.0, 0.0, 0.0, 1.0],
                [1.0, 0.0, 0.0, 0.0, 0.0, -0.999836, 0.018122, 0.272858, 0.0, -0.018122, -0.999244, 0.0, 0.0, 0.0, 0.0, 1.0],
                [1.0, 0.0, 0.0, 0.0, 0.0, -0.998852, 0.047898, 0.272858, 0.0, -0.047881, -0.99826, 0.0, 0.0, 0.0, 0.0, 1.0],
                [1.0, 0.0, 0.0, 0.0, 0.0, -0.998852, 0.047898, 0.272858, 0.0, -0.047881, -0.99826, 0.0, 0.0, 0.0, 0.0, 1.0]
            ]
        },
        {
            "name": "Elbow_R",
            "time": [0.0, 0.2167, 0.3, 0.6667],
            "transform": [
                [-1.0, 0.0, -0.0, -0.0, 0.0, -0.0, -1.0, 0.3, -0.0, -1.0, 0.0, -0.0, 0.0, 0.0, 0.0, 1.0],
                [-1.0, 0.0, -0.0, -0.0, 0.0, -0.0, -1.0, 0.3, -0.0, -1.0, 0.0, 0.0, 0.0, 0.0, 0.0, 1.0],
                [-1.0, 0.0, -0.0, -0.0, 0.0, -0.0, -1.0, 0.3, -0.0, -1.0, 0.0, -0.0, 0.0, 0.0, 0.0, 1.0],
                [-1.0, 0.0, -0.0, -0.0, 0.0, -0.0, -1.0, 0.3, -0.0, -1.0, 0.0, -0.0, 0.0, 0.0, 0.0, 1.0]
            ]
        },
        {
            "name": "Shoulder_L",
            "time": [0.0, 0.2167, 0.3, 0.55, 0.6667],
            "transform": [
                [0.088499, -0.949454, -0.301172, -0.0, -0.003902, -0.302687, 0.953082, 0.4, -0.996068, -0.083172, -0.030493, 0.0, 0.0, 0.0, 0.0, 1.0],
                [0.088499, -0.949454, -0.301172, -0.0, -0.003902, -0.302687, 0.953082, 0.4, -0.996069, -0.083172, -0.030493, 0.0, 0.0, 0.0, 0.0, 1.0],
                [0.088499, -0.949454, -0.301172, -0.0, -0.003902, -0.302687, 0.953082, 0.4, -0.996068, -0.083172, -0.030493, -0.0, 0.0, 0.0, 0.0, 1.0],
                [-0.310972, -0.901439, -0.301172, -0.0, -0.128395, -0.274133, 0.953082, 0.4, -0.941706, 0.335051, -0.030493, 0.0, 0.0, 0.0, 0.0, 1.0],
                [-0.310972, -0.901439, -0.301172, -0.0, -0.128395, -0.274133, 0.953082, 0.4, -0.941706, 0.335051, -0.030493, 0.0, 0.0, 0.0, 0.0, 1.0]
            ]
        },
        {
            "name": "Arm_L",
            "time": [0.0, 0.2167, 0.3, 0.55, 0.6667],
            "transform": [
                [0.159467, 0.003163, 0.987198, -0.0, -0.915361, 0.374973, 0.146661, 0.39386, -0.369709, -0.92703, 0.062691, -0.0, 0.0, 0.0, 0.0, 1.0],
                [0.039918, 0.994351, 0.098347, -0.0, 0.153356, 0.091162, -0.983957, 0.39386, -0.987364, 0.05436, -0.148851, -0.0, 0.0, 0.0, 0.0, 1.0],
                [0.039918, 0.994351, 0.098347, 0.0, 0.153356, 0.091163, -0.983957, 0.39386, -0.987364, 0.05436, -0.148851, 0.0, 0.0, 0.0, 0.0, 1.0],
                [0.715312, 0.222361, 0.662483, -0.0, -0.673887, 0.4704, 0.569737, 0.39386, -0.184944, -0.853978, 0.486329, 0.0, 0.0, 0.0, 0.0, 1.0],
                [0.715312, 0.222361, 0.662483, -0.0, -0.673887, 0.4704, 0.569737, 0.39386, -0.184944, -0.853978, 0.486329, 0.0, 0.0, 0.0, 0.0, 1.0]
            ]
        },
        {
            "name": "Hand_L",
            "time": [0.0, 0.2167, 0.3, 0.6667],
            "transform": [
                [0.99932, -0.036878, 0.000448, 0.0, 0.03687, 0.999235, 0.013035, 0.3, -0.000928, -0.013009, 0.999915, -0.0, 0.0, 0.0, 0.0, 1.0],
                [0.99932, 0.002061, 0.036824, -0.0, 0.03687, -0.030702, -0.998849, 0.3, -0.000929, 0.999527, -0.030757, -0.0, 0.0, 0.0, 0.0, 1.0],
                [0.99932, 0.002061, 0.036824, 0.0, 0.03687, -0.030702, -0.998849, 0.3, -0.000929, 0.999527, -0.030757, 0.0, 0.0, 0.0, 0.0, 1.0],
                [0.99932, -0.035917, 0.008377, 0.0, 0.036869, 0.97861, -0.202394, 0.3, -0.000928, 0.202565, 0.979269, -0.0, 0.0, 0.0, 0.0, 1.0]
            ]
        },
        {
            "name": "Tool_L",
            "time": [0.0, 0.2167, 0.3, 0.4833, 0.6667],
            "transform": [
                [0.0, 0.0, 0.0, -0.0, 0.0, 0.0, 0.0, 0.272858, 0.0, 0.0, 0.0, 0.0, 0.0, 0.0, 0.0, 1.0],
                [0.0, 0.0, 0.0, 0.0, 0.0, 0.0, 0.0, 0.272858, 0.0, 0.0, 0.0, -0.0, 0.0, 0.0, 0.0, 1.0],
                [1.0, 0.0, 0.0, -0.0, 0.0, -0.999836, 0.018122, 0.272858, 0.0, -0.018122, -0.999247, -0.0, 0.0, 0.0, 0.0, 1.0],
                [1.0, 0.0, 0.0, 0.0, 0.0, -0.981261, 0.192684, 0.272858, 0.0, -0.192582, -0.980682, 0.0, 0.0, 0.0, 0.0, 1.0],
                [1.0, 0.0, 0.0, 0.0, 0.0, -0.981261, 0.192684, 0.272858, 0.0, -0.192582, -0.980682, -0.0, 0.0, 0.0, 0.0, 1.0]
            ]
        },
        {
            "name": "Elbow_L",
            "time": [0.0, 0.2167, 0.3, 0.6667],
            "transform": [
                [-1.0, 0.0, -0.0, 0.0, 0.0, -0.0, -1.0, 0.3, -0.0, -1.0, -0.0, -0.0, 0.0, 0.0, 0.0, 1.0],
                [-1.0, 0.0, -0.0, -0.0, 0.0, -0.0, -1.0, 0.3, -0.0, -1.0, 0.0, -0.0, 0.0, 0.0, 0.0, 1.0],
                [-1.0, 0.0, -0.0, 0.0, 0.0, -0.0, -1.0, 0.3, -0.0, -1.0, -0.0, 0.0, 0.0, 0.0, 0.0, 1.0],
                [-1.0, 0.0, -0.0, 0.0, 0.0, -0.0, -1.0, 0.3, -0.0, -1.0, 0.0, -0.0, 0.0, 0.0, 0.0, 1.0]
            ]
        }
    ]
}