{
    "animation": [
        {
            "name": "Root",
            "time": [0.0, 0.0833, 0.7667, 1.4, 2.2667, 2.9, 3.7667, 4.5167, 5.7167, 6.65, 7.85, 8.4333, 9.6333, 10.7],
            "transform": [
                [0.854689, 0.0, -0.51914, -5e-06, -0.51914, 0.0, -0.854689, 0.000946, 0.0, 1.0, 0.0, 0.734337, 0.0, 0.0, 0.0, 1.0],
                [0.854689, -0.140673, -0.499717, -5e-06, -0.51914, -0.231598, -0.822713, 0.000946, 0.0, 0.962587, -0.270973, 0.734337, 0.0, 0.0, 0.0, 1.0],
                [0.854689, 0.201312, -0.478518, 0.023164, -0.51914, 0.331431, -0.787812, 0.035187, 0.0, 0.921752, 0.387779, 0.625158, 0.0, 0.0, 0.0, 1.0],
                [0.854689, 0.201312, -0.478518, 0.023347, -0.51914, 0.331431, -0.787812, 0.032017, 0.0, 0.921752, 0.387779, 0.597086, 0.0, 0.0, 0.0, 1.0],
                [0.854689, 0.201312, -0.478518, 0.023164, -0.51914, 0.331431, -0.787812, 0.035187, 0.0, 0.921752, 0.387779, 0.625158, 0.0, 0.0, 0.0, 1.0],
                [0.842139, 0.202138, -0.499942, 0.036169, -0.533413, 0.448405, -0.717219, 0.058471, 0.079199, 0.870674, 0.485443, 0.566639, 0.0, 0.0, 0.0, 1.0],
                [0.854689, 0.201312, -0.478518, 0.023164, -0.51914, 0.331431, -0.787812, 0.035187, 0.0, 0.921752, 0.387779, 0.625158, 0.0, 0.0, 0.0, 1.0],
                [0.842139, 0.202138, -0.499942, 0.036169, -0.533413, 0.448405, -0.717219, 0.058471, 0.079199, 0.870674, 0.485443, 0.566639, 0.0, 0.0, 0.0, 1.0],
                [0.854689, 0.201312, -0.478518, 0.023164, -0.51914, 0.331431, -0.787812, 0.035187, 0.0, 0.921752, 0.387779, 0.625158, 0.0, 0.0, 0.0, 1.0],
                [0.842139, 0.202138, -0.499942, 0.039267, -0.533413, 0.448405, -0.717219, 0.014259, 0.079199, 0.870674, 0.485443, 0.529289, 0.0, 0.0, 0.0, 1.0],
                [0.854689, 0.201312, -0.478518, 0.023164, -0.51914, 0.331431, -0.787812, 0.035187, 0.0, 0.921752, 0.387779, 0.625158, 0.0, 0.0, 0.0, 1.0],
                [0.842139, 0.202138, -0.499942, 0.039267, -0.533413, 0.448405, -0.717219, 0.014259, 0.079199, 0.870674, 0.485443, 0.529289, 0.0, 0.0, 0.0, 1.0],
                [0.854689, 0.201312, -0.478518, 0.023164, -0.51914, 0.331431, -0.787812, 0.035187, 0.0, 0.921752, 0.387779, 0.625158, 0.0, 0.0, 0.0, 1.0],
                [0.854689, 0.0, -0.51914, -5e-06, -0.51914, 0.0, -0.854689, 0.000946, 0.0, 1.0, 0.0, 0.734337, 0.0, 0.0, 0.0, 1.0]
            ]
        },
        {
            "name": "Thigh_R",
            "time": [0.0, 0.0833, 0.7667, 1.4, 2.2667, 2.9, 3.7667, 4.5167, 5.7167, 6.65, 7.85, 8.4333, 9.6333, 10.7],
            "transform": [
                [0.984651, 0.173939, 0.014417, 0.124994, 0.174462, -0.983275, -0.052289, -0.002831, 0.005081, 0.054002, -0.998528, -1.2e-05, 0.0, 0.0, 0.0, 1.0],
                [0.90035, 0.305913, 0.309493, 0.124994, 0.315984, -0.948586, 0.01838, -0.002831, 0.299204, 0.081247, -0.950724, -1.2e-05, 0.0, 0.0, 0.0, 1.0],
                [0.896793, 0.442176, 0.015562, 0.153616, 0.17346, -0.383721, 0.907012, -0.015945, 0.407029, -0.810702, -0.420819, 0.061216, 0.0, 0.0, 0.0, 1.0],
                [0.896793, 0.442176, 0.015562, 0.151016, 0.17346, -0.383721, 0.907012, -0.001784, 0.407029, -0.810702, -0.420819, 0.073643, 0.0, 0.0, 0.0, 1.0],
                [0.896793, 0.442176, 0.015562, 0.153616, 0.17346, -0.383721, 0.907012, -0.015945, 0.407029, -0.810702, -0.420819, 0.061216, 0.0, 0.0, 0.0, 1.0],
                [0.854705, 0.517923, -0.03514, 0.153616, 0.274772, -0.393933, 0.877108, -0.015945, 0.440431, -0.759324, -0.479007, 0.061216, 0.0, 0.0, 0.0, 1.0],
                [0.896793, 0.442176, 0.015562, 0.153616, 0.17346, -0.383721, 0.907012, -0.015945, 0.407029, -0.810702, -0.420819, 0.061216, 0.0, 0.0, 0.0, 1.0],
                [0.854705, 0.517923, -0.03514, 0.153616, 0.274772, -0.393933, 0.877108, -0.015945, 0.440431, -0.759324, -0.479007, 0.061216, 0.0, 0.0, 0.0, 1.0],
                [0.896793, 0.442176, 0.015562, 0.153616, 0.17346, -0.383721, 0.907012, -0.015945, 0.407029, -0.810702, -0.420819, 0.061216, 0.0, 0.0, 0.0, 1.0],
                [0.82794, 0.559349, -0.040544, 0.153616, 0.354802, -0.46644, 0.810278, -0.015945, 0.434317, -0.685246, -0.584643, 0.061216, 0.0, 0.0, 0.0, 1.0],
                [0.896793, 0.442176, 0.015562, 0.153616, 0.17346, -0.383721, 0.907012, -0.015945, 0.407029, -0.810702, -0.420819, 0.061216, 0.0, 0.0, 0.0, 1.0],
                [0.82794, 0.559349, -0.040544, 0.153616, 0.354802, -0.46644, 0.810278, -0.015945, 0.434317, -0.685246, -0.584643, 0.061216, 0.0, 0.0, 0.0, 1.0],
                [0.896793, 0.442176, 0.015562, 0.153616, 0.17346, -0.383721, 0.907012, -0.015945, 0.407029, -0.810702, -0.420819, 0.061216, 0.0, 0.0, 0.0, 1.0],
                [0.984651, 0.173939, 0.014417, 0.124994, 0.174462, -0.983275, -0.052289, -0.002831, 0.005081, 0.054002, -0.998528, -1.2e-05, 0.0, 0.0, 0.0, 1.0]
            ]
        },
        {
            "name": "Leg_R",
            "time": [0.0, 0.7667, 1.4, 2.2667, 2.9, 3.7667, 4.5167, 5.7167, 6.65, 7.85, 8.4333, 9.6333, 10.7],
            "transform": [
                [0.998294, -0.058101, -0.005717, 0.0, 0.058095, 0.978904, 0.195889, 0.37472, -0.005785, -0.195888, 0.980608, 0.0, 0.0, 0.0, 0.0, 1.0],
                [0.998294, -0.040689, -0.041867, 0.0, 0.058095, 0.621268, 0.781441, 0.37472, -0.005785, -0.782542, 0.622572, -0.0, 0.0, 0.0, 0.0, 1.0],
                [0.998294, -0.040689, -0.041867, -0.0, 0.058095, 0.621268, 0.781441, 0.37472, -0.005785, -0.782542, 0.622572, -0.0, 0.0, 0.0, 0.0, 1.0],
                [0.998294, -0.040689, -0.041867, 0.0, 0.058095, 0.621268, 0.781441, 0.37472, -0.005785, -0.782542, 0.622572, -0.0, 0.0, 0.0, 0.0, 1.0],
                [0.998294, -0.040689, -0.041867, 0.0, 0.058094, 0.621269, 0.781441, 0.37472, -0.005785, -0.782542, 0.622572, 0.0, 0.0, 0.0, 0.0, 1.0],
                [0.998294, -0.040689, -0.041867, 0.0, 0.058095, 0.621268, 0.781441, 0.37472, -0.005785, -0.782542, 0.622572, -0.0, 0.0, 0.0, 0.0, 1.0],
                [0.998294, -0.040689, -0.041867, 0.0, 0.058094, 0.621269, 0.781441, 0.37472, -0.005785, -0.782542, 0.622572, 0.0, 0.0, 0.0, 0.0, 1.0],
                [0.998294, -0.040689, -0.041867, 0.0, 0.058095, 0.621268, 0.781441, 0.37472, -0.005785, -0.782542, 0.622572, -0.0, 0.0, 0.0, 0.0, 1.0],
                [0.998294, -0.040689, -0.041867, -0.0, 0.058095, 0.621269, 0.781441, 0.37472, -0.005785, -0.782542, 0.622572, 0.0, 0.0, 0.0, 0.0, 1.0],
                [0.998294, -0.040689, -0.041867, 0.0, 0.058095, 0.621268, 0.781441, 0.37472, -0.005785, -0.782542, 0.622572, -0.0, 0.0, 0.0, 0.0, 1.0],
                [0.998294, -0.040689, -0.041867, -0.0, 0.058095, 0.621269, 0.781441, 0.37472, -0.005785, -0.782542, 0.622572, 0.0, 0.0, 0.0, 0.0, 1.0],
                [0.998294, -0.040689, -0.041867, 0.0, 0.058095, 0.621268, 0.781441, 0.37472, -0.005785, -0.782542, 0.622572, -0.0, 0.0, 0.0, 0.0, 1.0],
                [0.998294, -0.058101, -0.005717, 0.0, 0.058095, 0.978904, 0.195889, 0.37472, -0.005785, -0.195888, 0.980608, 0.0, 0.0, 0.0, 0.0, 1.0]
            ]
        },
        {
            "name": "Knee_R",
            "time": [0.0, 0.7667, 1.4, 2.2667, 2.9, 3.7667, 4.5167, 5.7167, 6.65, 7.85, 8.4333, 9.6333, 10.7],
            "transform": [
                [1.0, 0.0, -0.0, 0.0, -0.0, 1e-06, -1.0, 0.37472, -0.0, 1.0, 1e-06, 0.0, 0.0, 0.0, 0.0, 1.0],
                [1.0, 0.0, -0.0, 0.0, -0.0, 1e-06, -1.0, 0.37472, -0.0, 1.0, 1e-06, -0.0, 0.0, 0.0, 0.0, 1.0],
                [1.0, 0.0, -0.0, -0.0, -0.0, 1e-06, -1.0, 0.37472, -0.0, 1.0, 1e-06, -0.0, 0.0, 0.0, 0.0, 1.0],
                [1.0, 0.0, -0.0, 0.0, -0.0, 1e-06, -1.0, 0.37472, -0.0, 1.0, 1e-06, -0.0, 0.0, 0.0, 0.0, 1.0],
                [1.0, 0.0, -0.0, 0.0, -0.0, 1e-06, -1.0, 0.37472, -0.0, 1.0, 1e-06, 0.0, 0.0, 0.0, 0.0, 1.0],
                [1.0, 0.0, -0.0, 0.0, -0.0, 1e-06, -1.0, 0.37472, -0.0, 1.0, 1e-06, -0.0, 0.0, 0.0, 0.0, 1.0],
                [1.0, 0.0, -0.0, 0.0, -0.0, 1e-06, -1.0, 0.37472, -0.0, 1.0, 1e-06, 0.0, 0.0, 0.0, 0.0, 1.0],
                [1.0, 0.0, -0.0, 0.0, -0.0, 1e-06, -1.0, 0.37472, -0.0, 1.0, 1e-06, -0.0, 0.0, 0.0, 0.0, 1.0],
                [1.0, 0.0, -0.0, -0.0, -0.0, 1e-06, -1.0, 0.37472, -0.0, 1.0, 1e-06, 0.0, 0.0, 0.0, 0.0, 1.0],
                [1.0, 0.0, -0.0, 0.0, -0.0, 1e-06, -1.0, 0.37472, -0.0, 1.0, 1e-06, -0.0, 0.0, 0.0, 0.0, 1.0],
                [1.0, 0.0, -0.0, -0.0, -0.0, 1e-06, -1.0, 0.37472, -0.0, 1.0, 1e-06, 0.0, 0.0, 0.0, 0.0, 1.0],
                [1.0, 0.0, -0.0, 0.0, -0.0, 1e-06, -1.0, 0.37472, -0.0, 1.0, 1e-06, -0.0, 0.0, 0.0, 0.0, 1.0],
                [1.0, 0.0, -0.0, 0.0, -0.0, 1e-06, -1.0, 0.37472, -0.0, 1.0, 1e-06, 0.0, 0.0, 0.0, 0.0, 1.0]
            ]
        },
        {
            "name": "Thigh_L",
            "time": [0.0, 0.0833, 0.7667, 1.4, 2.2667, 2.9, 3.7667, 4.5167, 5.7167, 6.65, 7.85, 8.4333, 9.6333, 10.7],
            "transform": [
                [0.784702, -0.303887, -0.540272, -0.109662, -0.081415, -0.914563, 0.396164, -0.002831, -0.614502, -0.266885, -0.742401, 0.02525, 0.0, 0.0, 0.0, 1.0],
                [0.658641, -0.523734, -0.540272, -0.129599, -0.350014, -0.848848, 0.396164, -0.048999, -0.666094, -0.071827, -0.742401, 0.034749, 0.0, 0.0, 0.0, 1.0],
                [0.604236, -0.556254, -0.570508, -0.202788, 0.181235, -0.601285, 0.77821, 0.061846, -0.77592, -0.573618, -0.262506, 0.021357, 0.0, 0.0, 0.0, 1.0],
                [0.604236, -0.625639, -0.493432, -0.19276, 0.181235, -0.49512, 0.849711, 0.060933, -0.77592, -0.602853, -0.185782, 0.038656, 0.0, 0.0, 0.0, 1.0],
                [0.604236, -0.556254, -0.570508, -0.202788, 0.181235, -0.601285, 0.77821, 0.061846, -0.77592, -0.573618, -0.262506, 0.021357, 0.0, 0.0, 0.0, 1.0],
                [0.604236, -0.735264, -0.307059, -0.202788, 0.181235, -0.248443, 0.95154, 0.061846, -0.77592, -0.630605, -0.016863, 0.021357, 0.0, 0.0, 0.0, 1.0],
                [0.604236, -0.556254, -0.570508, -0.202788, 0.181235, -0.601285, 0.77821, 0.061846, -0.77592, -0.573618, -0.262506, 0.021357, 0.0, 0.0, 0.0, 1.0],
                [0.604236, -0.735264, -0.307059, -0.202788, 0.181235, -0.248443, 0.95154, 0.061846, -0.77592, -0.630605, -0.016863, 0.021357, 0.0, 0.0, 0.0, 1.0],
                [0.604236, -0.556254, -0.570508, -0.202788, 0.181235, -0.601285, 0.77821, 0.061846, -0.77592, -0.573618, -0.262506, 0.021357, 0.0, 0.0, 0.0, 1.0],
                [0.604235, -0.769269, -0.207661, -0.202788, 0.181235, -0.121102, 0.975955, 0.061846, -0.77592, -0.627343, 0.066244, 0.021357, 0.0, 0.0, 0.0, 1.0],
                [0.604236, -0.556254, -0.570508, -0.202788, 0.181235, -0.601285, 0.77821, 0.061846, -0.77592, -0.573618, -0.262506, 0.021357, 0.0, 0.0, 0.0, 1.0],
                [0.604235, -0.769269, -0.207661, -0.202788, 0.181235, -0.121102, 0.975955, 0.061846, -0.77592, -0.627343, 0.066244, 0.021357, 0.0, 0.0, 0.0, 1.0],
                [0.604236, -0.556254, -0.570508, -0.202788, 0.181235, -0.601285, 0.77821, 0.061846, -0.77592, -0.573618, -0.262506, 0.021357, 0.0, 0.0, 0.0, 1.0],
                [0.784702, -0.303887, -0.540272, -0.109662, -0.081415, -0.914563, 0.396164, -0.002831, -0.614502, -0.266885, -0.742401, 0.02525, 0.0, 0.0, 0.0, 1.0]
            ]
        },
        {
            "name": "Leg_L",
            "time": [0.0, 0.7667, 1.4, 2.2667, 2.9, 3.7667, 4.5167, 5.7167, 6.65, 7.85, 8.4333, 9.6333, 10.7],
            "transform": [
                [0.997933, 0.05815, 0.027369, 0.0, -0.064028, 0.936412, 0.345012, 0.37472, -0.005566, -0.34605, 0.9382, 0.0, 0.0, 0.0, 0.0, 1.0],
                [0.997933, 0.049325, 0.041202, 0.0, -0.064028, 0.818533, 0.570881, 0.37472, -0.005566, -0.572338, 0.819999, 0.0, 0.0, 0.0, 0.0, 1.0],
                [0.997933, 0.040992, 0.049499, 0.0, -0.064028, 0.700812, 0.710467, 0.37472, -0.005566, -0.712167, 0.701988, 0.0, 0.0, 0.0, 0.0, 1.0],
                [0.997933, 0.049325, 0.041202, 0.0, -0.064028, 0.818533, 0.570881, 0.37472, -0.005566, -0.572338, 0.819999, 0.0, 0.0, 0.0, 0.0, 1.0],
                [0.997933, 0.024094, 0.059582, 0.0, -0.064028, 0.453011, 0.889203, 0.37472, -0.005567, -0.891179, 0.453617, 0.0, 0.0, 0.0, 0.0, 1.0],
                [0.997933, 0.049325, 0.041202, 0.0, -0.064028, 0.818533, 0.570881, 0.37472, -0.005566, -0.572338, 0.819999, 0.0, 0.0, 0.0, 0.0, 1.0],
                [0.997933, 0.024094, 0.059582, 0.0, -0.064028, 0.453011, 0.889203, 0.37472, -0.005567, -0.891179, 0.453617, 0.0, 0.0, 0.0, 0.0, 1.0],
                [0.997933, 0.049325, 0.041202, 0.0, -0.064028, 0.818533, 0.570881, 0.37472, -0.005566, -0.572338, 0.819999, 0.0, 0.0, 0.0, 0.0, 1.0],
                [0.997933, 0.024094, 0.059582, -0.0, -0.064028, 0.453011, 0.889203, 0.37472, -0.005566, -0.891179, 0.453617, -0.0, 0.0, 0.0, 0.0, 1.0],
                [0.997933, 0.049325, 0.041202, 0.0, -0.064028, 0.818533, 0.570881, 0.37472, -0.005566, -0.572338, 0.819999, 0.0, 0.0, 0.0, 0.0, 1.0],
                [0.997933, 0.024094, 0.059582, -0.0, -0.064028, 0.453011, 0.889203, 0.37472, -0.005566, -0.891179, 0.453617, -0.0, 0.0, 0.0, 0.0, 1.0],
                [0.997933, 0.049325, 0.041202, 0.0, -0.064028, 0.818533, 0.570881, 0.37472, -0.005566, -0.572338, 0.819999, 0.0, 0.0, 0.0, 0.0, 1.0],
                [0.997933, 0.05815, 0.027369, 0.0, -0.064028, 0.936412, 0.345012, 0.37472, -0.005566, -0.34605, 0.9382, 0.0, 0.0, 0.0, 0.0, 1.0]
            ]
        },
        {
            "name": "Knee_L",
            "time": [0.0, 0.7667, 1.4, 2.2667, 2.9, 3.7667, 4.5167, 5.7167, 6.65, 7.85, 8.4333, 9.6333, 10.7],
            "transform": [
                [1.0, 0.0, -0.0, 0.0, -0.0, 1e-06, -1.0, 0.37472, -0.0, 1.0, 1e-06, 0.0, 0.0, 0.0, 0.0, 1.0],
                [1.0, 0.0, -0.0, 0.0, -0.0, 1e-06, -1.0, 0.37472, -0.0, 1.0, 1e-06, 0.0, 0.0, 0.0, 0.0, 1.0],
                [1.0, 0.0, -0.0, 0.0, -0.0, 1e-06, -1.0, 0.37472, -0.0, 1.0, 1e-06, 0.0, 0.0, 0.0, 0.0, 1.0],
                [1.0, 0.0, -0.0, 0.0, -0.0, 1e-06, -1.0, 0.37472, -0.0, 1.0, 1e-06, 0.0, 0.0, 0.0, 0.0, 1.0],
                [1.0, 0.0, -0.0, 0.0, -0.0, 1e-06, -1.0, 0.37472, -0.0, 1.0, 1e-06, 0.0, 0.0, 0.0, 0.0, 1.0],
                [1.0, 0.0, -0.0, 0.0, -0.0, 1e-06, -1.0, 0.37472, -0.0, 1.0, 1e-06, 0.0, 0.0, 0.0, 0.0, 1.0],
                [1.0, 0.0, -0.0, 0.0, -0.0, 1e-06, -1.0, 0.37472, -0.0, 1.0, 1e-06, 0.0, 0.0, 0.0, 0.0, 1.0],
                [1.0, 0.0, -0.0, 0.0, -0.0, 1e-06, -1.0, 0.37472, -0.0, 1.0, 1e-06, 0.0, 0.0, 0.0, 0.0, 1.0],
                [1.0, 0.0, -0.0, -0.0, -0.0, 1e-06, -1.0, 0.37472, -0.0, 1.0, 1e-06, -0.0, 0.0, 0.0, 0.0, 1.0],
                [1.0, 0.0, -0.0, 0.0, -0.0, 1e-06, -1.0, 0.37472, -0.0, 1.0, 1e-06, 0.0, 0.0, 0.0, 0.0, 1.0],
                [1.0, 0.0, -0.0, -0.0, -0.0, 1e-06, -1.0, 0.37472, -0.0, 1.0, 1e-06, -0.0, 0.0, 0.0, 0.0, 1.0],
                [1.0, 0.0, -0.0, 0.0, -0.0, 1e-06, -1.0, 0.37472, -0.0, 1.0, 1e-06, 0.0, 0.0, 0.0, 0.0, 1.0],
                [1.0, 0.0, -0.0, 0.0, -0.0, 1e-06, -1.0, 0.37472, -0.0, 1.0, 1e-06, 0.0, 0.0, 0.0, 0.0, 1.0]
            ]
        },
        {
            "name": "Torso",
            "time": [0.0, 0.7667, 1.4, 2.2667, 2.9, 3.7667, 4.5167, 5.7167, 6.65, 7.85, 8.4333, 9.6333, 10.7],
            "transform": [
                [0.965662, -0.025127, 0.258583, -0.0, 0.020968, 0.999603, 0.018828, 0.05, -0.258953, -0.012759, 0.965806, 0.0, 0.0, 0.0, 0.0, 1.0],
                [0.965662, 0.038727, 0.256898, 0.0, 0.020968, 0.973984, -0.225643, 0.05, -0.258953, 0.223282, 0.939728, 0.0, 0.0, 0.0, 0.0, 1.0],
                [0.965662, 0.030788, 0.25797, 0.0, 0.020968, 0.980478, -0.195509, 0.05, -0.258953, 0.194204, 0.946165, 0.0, 0.0, 0.0, 0.0, 1.0],
                [0.965662, 0.038727, 0.256898, 0.0, 0.020968, 0.973984, -0.225643, 0.05, -0.258953, 0.223282, 0.939728, 0.0, 0.0, 0.0, 0.0, 1.0],
                [0.965662, 0.053747, 0.25418, 0.0, 0.020968, 0.959052, -0.282452, 0.05, -0.258953, 0.278083, 0.924994, -0.0, 0.0, 0.0, 0.0, 1.0],
                [0.965662, 0.038727, 0.256898, 0.0, 0.020968, 0.973984, -0.225643, 0.05, -0.258953, 0.223282, 0.939728, 0.0, 0.0, 0.0, 0.0, 1.0],
                [0.965662, 0.053747, 0.25418, 0.0, 0.020968, 0.959052, -0.282452, 0.05, -0.258953, 0.278083, 0.924994, -0.0, 0.0, 0.0, 0.0, 1.0],
                [0.965662, 0.038727, 0.256898, 0.0, 0.020968, 0.973984, -0.225643, 0.05, -0.258953, 0.223282, 0.939728, 0.0, 0.0, 0.0, 0.0, 1.0],
                [0.965662, 0.028507, 0.258232, 0.0, 0.020968, 0.982167, -0.186836, 0.05, -0.258953, 0.185835, 0.947844, 0.0, 0.0, 0.0, 0.0, 1.0],
                [0.965662, 0.038727, 0.256898, 0.0, 0.020968, 0.973984, -0.225643, 0.05, -0.258953, 0.223282, 0.939728, 0.0, 0.0, 0.0, 0.0, 1.0],
                [0.965662, 0.028507, 0.258232, 0.0, 0.020968, 0.982167, -0.186836, 0.05, -0.258953, 0.185835, 0.947844, 0.0, 0.0, 0.0, 0.0, 1.0],
                [0.965662, 0.038727, 0.256898, 0.0, 0.020968, 0.973984, -0.225643, 0.05, -0.258953, 0.223282, 0.939728, 0.0, 0.0, 0.0, 0.0, 1.0],
                [0.965662, -0.025127, 0.258583, -0.0, 0.020968, 0.999603, 0.018828, 0.05, -0.258953, -0.012759, 0.965806, 0.0, 0.0, 0.0, 0.0, 1.0]
            ]
        },
        {
            "name": "Chest",
            "time": [0.0, 0.0833, 0.7667, 1.4, 2.2667, 2.9, 3.7667, 4.5167, 5.7167, 6.65, 7.85, 8.4333, 9.6333, 10.7],
            "transform": [
                [0.986768, -0.023894, -0.160365, -0.0, 0.026191, 0.999582, 0.012223, 0.3, 0.160006, -0.016261, 0.986982, -0.0, 0.0, 0.0, 0.0, 1.0],
                [0.986768, -0.047057, -0.155157, 0.0, 0.026191, 0.990652, -0.133879, 0.3, 0.160006, 0.128044, 0.978776, 0.0, 0.0, 0.0, 0.0, 1.0],
                [0.986768, 0.068657, -0.146882, 0.0, 0.026191, 0.826521, 0.562297, 0.3, 0.160006, -0.558704, 0.813787, 0.0, 0.0, 0.0, 0.0, 1.0],
                [0.986768, 0.068657, -0.146882, 0.0, 0.026191, 0.826521, 0.562297, 0.3, 0.160006, -0.558704, 0.813787, 0.0, 0.0, 0.0, 0.0, 1.0],
                [0.986768, 0.068657, -0.146882, 0.0, 0.026191, 0.826521, 0.562297, 0.3, 0.160006, -0.558704, 0.813787, 0.0, 0.0, 0.0, 0.0, 1.0],
                [0.986768, 0.068657, -0.146882, -0.0, 0.026191, 0.826521, 0.562297, 0.3, 0.160006, -0.558704, 0.813787, -0.0, 0.0, 0.0, 0.0, 1.0],
                [0.986768, 0.068657, -0.146882, 0.0, 0.026191, 0.826521, 0.562297, 0.3, 0.160006, -0.558704, 0.813787, 0.0, 0.0, 0.0, 0.0, 1.0],
                [0.986768, 0.068657, -0.146882, -0.0, 0.026191, 0.826521, 0.562297, 0.3, 0.160006, -0.558704, 0.813787, -0.0, 0.0, 0.0, 0.0, 1.0],
                [0.986768, 0.068657, -0.146882, 0.0, 0.026191, 0.826521, 0.562297, 0.3, 0.160006, -0.558704, 0.813787, 0.0, 0.0, 0.0, 0.0, 1.0],
                [0.986769, 0.076063, -0.143187, 0.0, 0.026191, 0.796749, 0.603742, 0.3, 0.160006, -0.599504, 0.784215, 0.0, 0.0, 0.0, 0.0, 1.0],
                [0.986768, 0.068657, -0.146882, 0.0, 0.026191, 0.826521, 0.562297, 0.3, 0.160006, -0.558704, 0.813787, 0.0, 0.0, 0.0, 0.0, 1.0],
                [0.986769, 0.076063, -0.143187, 0.0, 0.026191, 0.796749, 0.603742, 0.3, 0.160006, -0.599504, 0.784215, 0.0, 0.0, 0.0, 0.0, 1.0],
                [0.986768, 0.068657, -0.146882, 0.0, 0.026191, 0.826521, 0.562297, 0.3, 0.160006, -0.558704, 0.813787, 0.0, 0.0, 0.0, 0.0, 1.0],
                [0.986768, -0.023894, -0.160365, -0.0, 0.026191, 0.999582, 0.012223, 0.3, 0.160006, -0.016261, 0.986982, -0.0, 0.0, 0.0, 0.0, 1.0]
            ]
        },
        {
            "name": "Head",
            "time": [0.0, 0.0833, 0.7667, 1.4, 2.2667, 2.9, 3.7667, 4.5167, 4.8167, 4.9167, 5.1, 5.2, 5.7167, 6.65, 6.95, 7.05, 7.2333, 7.3333, 7.85, 8.6833, 9.0, 9.3167, 9.6333, 10.7],
            "transform": [
                [0.907906, 0.03176, 0.417969, -0.0, -0.015014, 0.99895, -0.043293, 0.4, -0.418905, 0.033031, 0.907429, -0.0, 0.0, 0.0, 0.0, 1.0],
                [0.907906, 0.076904, 0.412059, 0.0, -0.015014, 0.988362, -0.15138, 0.4, -0.418905, 0.131252, 0.898494, -0.0, 0.0, 0.0, 0.0, 1.0],
                [0.876131, -0.237716, 0.419386, 0.0, -0.064205, 0.804674, 0.590235, 0.4, -0.477778, -0.54405, 0.689738, -0.0, 0.0, 0.0, 0.0, 1.0],
                [0.876131, -0.253833, 0.409832, -0.0, -0.064205, 0.781132, 0.621056, 0.4, -0.477778, -0.57044, 0.668077, -0.0, 0.0, 0.0, 0.0, 1.0],
                [0.876131, -0.237716, 0.419386, 0.0, -0.064205, 0.804674, 0.590235, 0.4, -0.477778, -0.54405, 0.689738, -0.0, 0.0, 0.0, 0.0, 1.0],
                [0.876131, -0.274072, 0.396583, 0.0, -0.064205, 0.748994, 0.659459, 0.4, -0.477777, -0.603235, 0.63862, -0.0, 0.0, 0.0, 0.0, 1.0],
                [0.876131, -0.237716, 0.419386, 0.0, -0.064205, 0.804674, 0.590235, 0.4, -0.477778, -0.54405, 0.689738, -0.0, 0.0, 0.0, 0.0, 1.0],
                [0.876131, -0.274072, 0.396583, 0.0, -0.064205, 0.748994, 0.659459, 0.4, -0.477777, -0.603235, 0.63862, -0.0, 0.0, 0.0, 0.0, 1.0],
                [0.858009, -0.29561, 0.420041, 0.0, -0.009205, 0.808802, 0.58801, 0.4, -0.513552, -0.508384, 0.691238, 0.0, 0.0, 0.0, 0.0, 1.0],
                [0.858032, -0.279057, 0.43117, 0.0, 0.000336, 0.839817, 0.542869, 0.4, -0.513596, -0.465654, 0.720684, -0.0, 0.0, 0.0, 0.0, 1.0],
                [0.863873, -0.200157, 0.462234, -0.0, -0.012509, 0.908853, 0.41693, 0.4, -0.503554, -0.365956, 0.78263, 0.0, 0.0, 0.0, 0.0, 1.0],
                [0.86512, -0.169956, 0.471892, -0.0, -0.003183, 0.938961, 0.344009, 0.4, -0.501555, -0.299111, 0.811773, -0.0, 0.0, 0.0, 0.0, 1.0],
                [0.876131, 0.032337, 0.480986, 0.0, -0.064205, 0.996686, 0.049943, 0.4, -0.477778, -0.074638, 0.875304, -0.0, 0.0, 0.0, 0.0, 1.0],
                [0.876132, -0.365879, 0.313888, -0.0, -0.064205, 0.55676, 0.828189, 0.4, -0.477778, -0.745755, 0.464304, 0.0, 0.0, 0.0, 0.0, 1.0],
                [0.858009, -0.29561, 0.420041, -0.0, -0.009205, 0.808802, 0.58801, 0.4, -0.513552, -0.508384, 0.691238, 0.0, 0.0, 0.0, 0.0, 1.0],
                [0.858032, -0.279057, 0.43117, -0.0, 0.000336, 0.839817, 0.542869, 0.4, -0.513596, -0.465654, 0.720684, 0.0, 0.0, 0.0, 0.0, 1.0],
                [0.863873, -0.200157, 0.462234, 0.0, -0.012508, 0.908853, 0.416929, 0.4, -0.503554, -0.365956, 0.78263, -0.0, 0.0, 0.0, 0.0, 1.0],
                [0.86512, -0.169956, 0.471892, 0.0, -0.003183, 0.938961, 0.344009, 0.4, -0.501555, -0.299111, 0.811773, 0.0, 0.0, 0.0, 0.0, 1.0],
                [0.876131, 0.032337, 0.480986, 0.0, -0.064205, 0.996686, 0.049943, 0.4, -0.477778, -0.074638, 0.875304, -0.0, 0.0, 0.0, 0.0, 1.0],
                [0.740513, -0.29561, 0.603536, -0.0, -0.142206, 0.808802, 0.570629, 0.4, -0.656825, -0.508384, 0.55689, -0.0, 0.0, 0.0, 0.0, 1.0],
                [0.978876, -0.169956, -0.113652, -0.0, 0.195863, 0.938961, 0.282825, 0.4, 0.058647, -0.299111, 0.952414, 0.0, 0.0, 0.0, 0.0, 1.0],
                [0.867606, -0.121264, 0.482239, -0.0, 0.011245, 0.974345, 0.224779, 0.4, -0.497125, -0.189596, 0.846712, -0.0, 0.0, 0.0, 0.0, 1.0],
                [0.983262, 0.032337, 0.179302, 0.0, -0.045121, 0.996686, 0.067681, 0.4, -0.17652, -0.074638, 0.981463, -0.0, 0.0, 0.0, 0.0, 1.0],
                [0.907906, 0.03176, 0.417969, -0.0, -0.015014, 0.99895, -0.043293, 0.4, -0.418905, 0.033031, 0.907429, -0.0, 0.0, 0.0, 0.0, 1.0]
            ]
        },
        {
            "name": "Shoulder_R",
            "time": [0.0, 0.7667, 1.4, 2.2667, 2.9, 3.7667, 4.5167, 5.7167, 6.65, 7.85, 8.4333, 9.6333, 10.7],
            "transform": [
                [0.06334, 0.923689, 0.37787, -0.0, -0.094281, -0.371399, 0.923674, 0.4, 0.993528, -0.094132, 0.063562, -0.0, 0.0, 0.0, 0.0, 1.0],
                [0.06334, 0.923689, 0.37787, 0.0, -0.094281, -0.371399, 0.923674, 0.4, 0.993528, -0.094132, 0.063562, -0.0, 0.0, 0.0, 0.0, 1.0],
                [0.06334, 0.923689, 0.37787, -0.0, -0.094281, -0.371399, 0.923674, 0.4, 0.993528, -0.094132, 0.063562, -0.0, 0.0, 0.0, 0.0, 1.0],
                [0.06334, 0.923689, 0.37787, 0.0, -0.094281, -0.371399, 0.923674, 0.4, 0.993528, -0.094132, 0.063562, -0.0, 0.0, 0.0, 0.0, 1.0],
                [0.06334, 0.923689, 0.37787, 0.0, -0.094281, -0.371399, 0.923674, 0.4, 0.993528, -0.094132, 0.063562, -0.0, 0.0, 0.0, 0.0, 1.0],
                [0.06334, 0.923689, 0.37787, 0.0, -0.094281, -0.371399, 0.923674, 0.4, 0.993528, -0.094132, 0.063562, -0.0, 0.0, 0.0, 0.0, 1.0],
                [0.06334, 0.923689, 0.37787, 0.0, -0.094281, -0.371399, 0.923674, 0.4, 0.993528, -0.094132, 0.063562, -0.0, 0.0, 0.0, 0.0, 1.0],
                [0.06334, 0.923689, 0.37787, 0.0, -0.094281, -0.371399, 0.923674, 0.4, 0.993528, -0.094132, 0.063562, -0.0, 0.0, 0.0, 0.0, 1.0],
                [0.06334, 0.923689, 0.37787, -0.0, -0.094281, -0.371399, 0.923674, 0.4, 0.993528, -0.094132, 0.063562, 0.0, 0.0, 0.0, 0.0, 1.0],
                [0.06334, 0.923689, 0.37787, 0.0, -0.094281, -0.371399, 0.923674, 0.4, 0.993528, -0.094132, 0.063562, -0.0, 0.0, 0.0, 0.0, 1.0],
                [0.06334, 0.923689, 0.37787, -0.0, -0.094281, -0.371399, 0.923674, 0.4, 0.993528, -0.094132, 0.063562, 0.0, 0.0, 0.0, 0.0, 1.0],
                [0.06334, 0.923689, 0.37787, 0.0, -0.094281, -0.371399, 0.923674, 0.4, 0.993528, -0.094132, 0.063562, -0.0, 0.0, 0.0, 0.0, 1.0],
                [0.06334, 0.923689, 0.37787, -0.0, -0.094281, -0.371399, 0.923674, 0.4, 0.993528, -0.094132, 0.063562, -0.0, 0.0, 0.0, 0.0, 1.0]
            ]
        },
        {
            "name": "Arm_R",
            "time": [0.0, 0.0833, 0.7667, 0.8333, 0.9, 0.9667, 1.0167, 1.0833, 1.15, 1.2, 1.2667, 1.3333, 1.4, 1.45, 1.5167, 1.5833, 1.6333, 1.7, 1.7667, 1.8167, 1.8833, 1.95, 2.0, 2.0667, 2.1333, 2.1833, 2.25, 2.2667, 2.3167, 2.3667, 2.4333, 2.5, 2.6333, 2.7, 2.7667, 2.8167, 2.8833, 2.9, 2.95, 3.0, 3.0667, 3.1333, 3.2, 3.2667, 3.3333, 3.3833, 3.45, 3.5167, 3.5667, 3.6333, 3.7, 3.7667, 3.8, 3.85, 3.9167, 3.9833, 4.05, 4.1167, 4.1833, 4.2333, 4.3, 4.3667, 4.4167, 4.4833, 4.5167, 4.55, 4.5833, 4.6333, 4.7, 4.7667, 4.8333, 4.9, 4.9667, 5.0167, 5.0833, 5.15, 5.2, 5.2667, 5.3333, 5.4, 5.45, 5.5167, 5.5833, 5.7167, 5.7833, 5.8333, 5.9, 5.9667, 6.0167, 6.0833, 6.1167, 6.15, 6.1667, 6.2333, 6.3, 6.3667, 6.4333, 6.5, 6.65, 7.0833, 7.1667, 7.2167, 7.2833, 7.3667, 7.4167, 7.4667, 7.55, 7.6, 7.85, 8.4333, 9.6333, 10.7],
            "transform": [
                [0.095459, 0.079765, -0.992232, -0.0, 0.832695, 0.539784, 0.123503, 0.39386, 0.545442, -0.838016, -0.014892, -0.0, 0.0, 0.0, 0.0, 1.0],
                [0.224422, 0.573567, -0.787817, 0.0, 0.430333, 0.667011, 0.608202, 0.39386, 0.874328, -0.475517, -0.097132, -0.0, 0.0, 0.0, 0.0, 1.0],
                [0.098227, -0.974599, -0.201269, -0.0, 0.463454, 0.223776, -0.8574, 0.39386, 0.88066, -0.009059, 0.473662, 0.0, 0.0, 0.0, 0.0, 1.0],
                [0.100522, -0.982029, -0.159731, -0.0, 0.475482, 0.18844, -0.859306, 0.393861, 0.873964, 0.01043, 0.485879, 0.0, 0.0, 0.0, 0.0, 1.0],
                [0.094906, -0.971854, -0.215623, -0.0, 0.451311, 0.235067, -0.86085, 0.39386, 0.887306, -0.015614, 0.460917, 0.0, 0.0, 0.0, 0.0, 1.0],
                [0.097406, -0.979603, -0.175757, -0.0, 0.465481, 0.200933, -0.861947, 0.39386, 0.879681, 0.002147, 0.475559, 0.0, 0.0, 0.0, 0.0, 1.0],
                [0.100522, -0.982029, -0.159731, 0.0, 0.475481, 0.18844, -0.859306, 0.393861, 0.873964, 0.01043, 0.485879, 0.0, 0.0, 0.0, 0.0, 1.0],
                [0.094906, -0.971854, -0.215623, -0.0, 0.451311, 0.235067, -0.86085, 0.39386, 0.887306, -0.015614, 0.460917, 0.0, 0.0, 0.0, 0.0, 1.0],
                [0.097406, -0.979603, -0.175757, -0.0, 0.465482, 0.200933, -0.861947, 0.393861, 0.879681, 0.002147, 0.475559, -0.0, 0.0, 0.0, 0.0, 1.0],
                [0.100522, -0.982029, -0.159731, 0.0, 0.475482, 0.18844, -0.859306, 0.39386, 0.873964, 0.01043, 0.485879, -0.0, 0.0, 0.0, 0.0, 1.0],
                [0.094906, -0.971854, -0.215623, 0.0, 0.451311, 0.235067, -0.86085, 0.39386, 0.887306, -0.015613, 0.460917, 0.0, 0.0, 0.0, 0.0, 1.0],
                [0.097406, -0.979603, -0.175757, 0.0, 0.465481, 0.200933, -0.861947, 0.39386, 0.879681, 0.002147, 0.475559, 0.0, 0.0, 0.0, 0.0, 1.0],
                [0.098227, -0.98246, -0.158504, -0.0, 0.463454, 0.186109, -0.866357, 0.39386, 0.88066, 0.01164, 0.473606, -0.0, 0.0, 0.0, 0.0, 1.0],
                [0.100522, -0.982029, -0.159731, -0.0, 0.475482, 0.18844, -0.859306, 0.39386, 0.873964, 0.01043, 0.485879, -0.0, 0.0, 0.0, 0.0, 1.0],
                [0.094906, -0.971854, -0.215623, -0.0, 0.451311, 0.235067, -0.86085, 0.39386, 0.887306, -0.015613, 0.460917, -0.0, 0.0, 0.0, 0.0, 1.0],
                [0.097406, -0.979603, -0.175757, -0.0, 0.465482, 0.200933, -0.861947, 0.393861, 0.879681, 0.002147, 0.475559, 0.0, 0.0, 0.0, 0.0, 1.0],
                [0.100522, -0.982029, -0.159731, 0.0, 0.475482, 0.18844, -0.859306, 0.393861, 0.873964, 0.01043, 0.485879, 0.0, 0.0, 0.0, 0.0, 1.0],
                [0.094906, -0.971854, -0.215623, 0.0, 0.451311, 0.235067, -0.86085, 0.39386, 0.887306, -0.015613, 0.460917, -0.0, 0.0, 0.0, 0.0, 1.0],
                [0.097406, -0.979603, -0.175757, 0.0, 0.465481, 0.200933, -0.861947, 0.39386, 0.879681, 0.002147, 0.475559, -0.0, 0.0, 0.0, 0.0, 1.0],
                [0.100522, -0.982029, -0.159731, -0.0, 0.475482, 0.18844, -0.859306, 0.393861, 0.873964, 0.01043, 0.485879, 0.0, 0.0, 0.0, 0.0, 1.0],
                [0.094906, -0.971854, -0.215623, -0.0, 0.451311, 0.235067, -0.860849, 0.393861, 0.887306, -0.015613, 0.460917, -0.0, 0.0, 0.0, 0.0, 1.0],
                [0.097406, -0.979603, -0.175757, -0.0, 0.465482, 0.200933, -0.861947, 0.39386, 0.879681, 0.002147, 0.475559, -0.0, 0.0, 0.0, 0.0, 1.0],
                [0.100522, -0.982029, -0.159731, -0.0, 0.475482, 0.18844, -0.859306, 0.39386, 0.873964, 0.01043, 0.485879, -0.0, 0.0, 0.0, 0.0, 1.0],
                [0.094906, -0.971854, -0.215623, 0.0, 0.451311, 0.235067, -0.86085, 0.39386, 0.887306, -0.015613, 0.460917, 0.0, 0.0, 0.0, 0.0, 1.0],
                [0.097406, -0.979603, -0.175757, -0.0, 0.465482, 0.200933, -0.861947, 0.393861, 0.879681, 0.002147, 0.475559, 0.0, 0.0, 0.0, 0.0, 1.0],
                [0.100522, -0.982029, -0.159731, 0.0, 0.475482, 0.18844, -0.859306, 0.393861, 0.873964, 0.01043, 0.485879, -0.0, 0.0, 0.0, 0.0, 1.0],
                [0.094906, -0.971854, -0.215623, -0.0, 0.451311, 0.235067, -0.86085, 0.393861, 0.887306, -0.015613, 0.460917, -0.0, 0.0, 0.0, 0.0, 1.0],
                [0.098227, -0.974599, -0.201269, -0.0, 0.463454, 0.223776, -0.8574, 0.39386, 0.88066, -0.009059, 0.473662, 0.0, 0.0, 0.0, 0.0, 1.0],
                [0.097406, -0.979603, -0.175757, -0.0, 0.465481, 0.200933, -0.861947, 0.39386, 0.879681, 0.002147, 0.475559, 0.0, 0.0, 0.0, 0.0, 1.0],
                [0.100522, -0.982029, -0.159731, -0.0, 0.475482, 0.18844, -0.859306, 0.393861, 0.873964, 0.01043, 0.485879, 0.0, 0.0, 0.0, 0.0, 1.0],
                [0.094906, -0.971854, -0.215623, 0.0, 0.451311, 0.235067, -0.86085, 0.393861, 0.887306, -0.015613, 0.460917, 0.0, 0.0, 0.0, 0.0, 1.0],
                [0.097406, -0.979603, -0.175757, 0.0, 0.465481, 0.200933, -0.861947, 0.393861, 0.879681, 0.002147, 0.475559, 0.0, 0.0, 0.0, 0.0, 1.0],
                [0.100522, -0.982029, -0.159731, 0.0, 0.475482, 0.18844, -0.859306, 0.39386, 0.873964, 0.01043, 0.485879, 0.0, 0.0, 0.0, 0.0, 1.0],
                [0.094906, -0.971854, -0.215623, 0.0, 0.451311, 0.235067, -0.86085, 0.393861, 0.887306, -0.015614, 0.460917, 0.0, 0.0, 0.0, 0.0, 1.0],
                [0.097406, -0.979603, -0.175757, -0.0, 0.465481, 0.200933, -0.861947, 0.393861, 0.879681, 0.002147, 0.475559, 0.0, 0.0, 0.0, 0.0, 1.0],
                [0.100522, -0.982029, -0.159731, -0.0, 0.475482, 0.18844, -0.859306, 0.393861, 0.873964, 0.01043, 0.485879, 0.0, 0.0, 0.0, 0.0, 1.0],
                [0.094906, -0.971854, -0.215623, 0.0, 0.451311, 0.235067, -0.86085, 0.39386, 0.887306, -0.015613, 0.460917, 0.0, 0.0, 0.0, 0.0, 1.0],
                [0.098227, -0.99128, -0.087834, -0.0, 0.463454, 0.123671, -0.877448, 0.39386, 0.88066, 0.045482, 0.471561, 0.0, 0.0, 0.0, 0.0, 1.0],
                [0.097406, -0.979603, -0.175757, 0.0, 0.465482, 0.200933, -0.861947, 0.393861, 0.879681, 0.002147, 0.475559, 0.0, 0.0, 0.0, 0.0, 1.0],
                [0.100522, -0.982029, -0.159731, 0.0, 0.475482, 0.18844, -0.859306, 0.39386, 0.873964, 0.01043, 0.485879, 0.0, 0.0, 0.0, 0.0, 1.0],
                [0.094906, -0.971854, -0.215623, 0.0, 0.451311, 0.235067, -0.86085, 0.393861, 0.887306, -0.015613, 0.460917, 0.0, 0.0, 0.0, 0.0, 1.0],
                [0.097406, -0.979603, -0.175757, 0.0, 0.465482, 0.200933, -0.861947, 0.393861, 0.879681, 0.002147, 0.475559, 0.0, 0.0, 0.0, 0.0, 1.0],
                [0.100522, -0.982029, -0.159731, -0.0, 0.475482, 0.18844, -0.859306, 0.393861, 0.873964, 0.01043, 0.485879, 0.0, 0.0, 0.0, 0.0, 1.0],
                [0.094906, -0.971854, -0.215623, 0.0, 0.451311, 0.235067, -0.86085, 0.39386, 0.887306, -0.015613, 0.460917, -0.0, 0.0, 0.0, 0.0, 1.0],
                [0.097406, -0.979603, -0.175757, -0.0, 0.465482, 0.200933, -0.861947, 0.393861, 0.879681, 0.002147, 0.475559, 0.0, 0.0, 0.0, 0.0, 1.0],
                [0.100522, -0.982029, -0.159731, 0.0, 0.475481, 0.18844, -0.859306, 0.393861, 0.873964, 0.01043, 0.485879, -0.0, 0.0, 0.0, 0.0, 1.0],
                [0.094906, -0.971854, -0.215623, 0.0, 0.451311, 0.235067, -0.86085, 0.39386, 0.887306, -0.015613, 0.460917, 0.0, 0.0, 0.0, 0.0, 1.0],
                [0.097406, -0.979603, -0.175757, 0.0, 0.465481, 0.200933, -0.861947, 0.39386, 0.879681, 0.002147, 0.475559, 0.0, 0.0, 0.0, 0.0, 1.0],
                [0.100522, -0.982029, -0.159731, -0.0, 0.475482, 0.18844, -0.859306, 0.39386, 0.873964, 0.01043, 0.485879, 0.0, 0.0, 0.0, 0.0, 1.0],
                [0.094906, -0.971854, -0.215623, -0.0, 0.451311, 0.235067, -0.86085, 0.393861, 0.887306, -0.015613, 0.460917, -0.0, 0.0, 0.0, 0.0, 1.0],
                [0.097406, -0.979603, -0.175757, -0.0, 0.465482, 0.200933, -0.861947, 0.393861, 0.879681, 0.002147, 0.475559, 0.0, 0.0, 0.0, 0.0, 1.0],
                [0.098227, -0.974599, -0.201269, -0.0, 0.463454, 0.223776, -0.8574, 0.39386, 0.88066, -0.009059, 0.473662, 0.0, 0.0, 0.0, 0.0, 1.0],
                [0.097406, -0.979603, -0.175757, -0.0, 0.465482, 0.200933, -0.861947, 0.393861, 0.879681, 0.002147, 0.475559, -0.0, 0.0, 0.0, 0.0, 1.0],
                [0.100522, -0.982029, -0.159731, -0.0, 0.475482, 0.18844, -0.859306, 0.39386, 0.873964, 0.01043, 0.485879, 0.0, 0.0, 0.0, 0.0, 1.0],
                [0.094906, -0.971854, -0.215623, -0.0, 0.451311, 0.235067, -0.86085, 0.39386, 0.887306, -0.015614, 0.460917, -0.0, 0.0, 0.0, 0.0, 1.0],
                [0.097406, -0.979603, -0.175757, 0.0, 0.465482, 0.200933, -0.861947, 0.39386, 0.879681, 0.002147, 0.475559, 0.0, 0.0, 0.0, 0.0, 1.0],
                [0.100522, -0.982029, -0.159731, 0.0, 0.475482, 0.18844, -0.859306, 0.393861, 0.873964, 0.01043, 0.485879, -0.0, 0.0, 0.0, 0.0, 1.0],
                [0.094906, -0.971854, -0.215623, 0.0, 0.451311, 0.235067, -0.86085, 0.39386, 0.887306, -0.015613, 0.460917, 0.0, 0.0, 0.0, 0.0, 1.0],
                [0.097406, -0.979603, -0.175757, 0.0, 0.465482, 0.200933, -0.861947, 0.39386, 0.879681, 0.002147, 0.475559, 0.0, 0.0, 0.0, 0.0, 1.0],
                [0.100522, -0.982029, -0.159731, 0.0, 0.475482, 0.18844, -0.859306, 0.393861, 0.873964, 0.01043, 0.485879, -0.0, 0.0, 0.0, 0.0, 1.0],
                [0.094906, -0.971854, -0.215623, -0.0, 0.451311, 0.235067, -0.86085, 0.39386, 0.887306, -0.015613, 0.460917, 0.0, 0.0, 0.0, 0.0, 1.0],
                [0.097406, -0.979603, -0.175757, -0.0, 0.465482, 0.200933, -0.861947, 0.39386, 0.879681, 0.002147, 0.475559, -0.0, 0.0, 0.0, 0.0, 1.0],
                [0.100522, -0.982029, -0.159731, 0.0, 0.475482, 0.18844, -0.859306, 0.39386, 0.873964, 0.01043, 0.485879, 0.0, 0.0, 0.0, 0.0, 1.0],
                [0.094906, -0.971854, -0.215623, 0.0, 0.451311, 0.235067, -0.86085, 0.39386, 0.887306, -0.015613, 0.460917, 0.0, 0.0, 0.0, 0.0, 1.0],
                [0.098227, -0.99128, -0.087834, -0.0, 0.463454, 0.123671, -0.877448, 0.39386, 0.88066, 0.045482, 0.471561, 0.0, 0.0, 0.0, 0.0, 1.0],
                [0.097406, -0.979603, -0.175757, -0.0, 0.465481, 0.200933, -0.861947, 0.393861, 0.879681, 0.002147, 0.475559, 0.0, 0.0, 0.0, 0.0, 1.0],
                [0.097406, -0.979603, -0.175757, 0.0, 0.465482, 0.200933, -0.861947, 0.393861, 0.879681, 0.002147, 0.475559, 0.0, 0.0, 0.0, 0.0, 1.0],
                [0.100522, -0.982029, -0.159731, 0.0, 0.475482, 0.18844, -0.859306, 0.39386, 0.873964, 0.01043, 0.485879, 0.0, 0.0, 0.0, 0.0, 1.0],
                [0.094906, -0.971854, -0.215623, -0.0, 0.451311, 0.235067, -0.86085, 0.39386, 0.887306, -0.015614, 0.460917, -0.0, 0.0, 0.0, 0.0, 1.0],
                [0.097406, -0.979603, -0.175757, 0.0, 0.465482, 0.200933, -0.861947, 0.39386, 0.879681, 0.002147, 0.475559, 0.0, 0.0, 0.0, 0.0, 1.0],
                [0.100522, -0.982029, -0.159731, -0.0, 0.475482, 0.18844, -0.859306, 0.393861, 0.873964, 0.01043, 0.485879, -0.0, 0.0, 0.0, 0.0, 1.0],
                [0.094906, -0.971854, -0.215623, -0.0, 0.451311, 0.235067, -0.86085, 0.39386, 0.887306, -0.015614, 0.460917, 0.0, 0.0, 0.0, 0.0, 1.0],
                [0.097406, -0.979603, -0.175757, -0.0, 0.465482, 0.200933, -0.861947, 0.393861, 0.879681, 0.002147, 0.475559, 0.0, 0.0, 0.0, 0.0, 1.0],
                [0.100522, -0.982029, -0.159731, 0.0, 0.475482, 0.18844, -0.859306, 0.39386, 0.873964, 0.01043, 0.485879, 0.0, 0.0, 0.0, 0.0, 1.0],
                [0.094906, -0.971854, -0.215623, -0.0, 0.451311, 0.235067, -0.86085, 0.393861, 0.887306, -0.015613, 0.460917, 0.0, 0.0, 0.0, 0.0, 1.0],
                [0.097406, -0.979603, -0.175757, -0.0, 0.465482, 0.200933, -0.861947, 0.39386, 0.879681, 0.002147, 0.475559, -0.0, 0.0, 0.0, 0.0, 1.0],
                [0.100522, -0.982029, -0.159731, -0.0, 0.475482, 0.18844, -0.859306, 0.393861, 0.873964, 0.01043, 0.485879, -0.0, 0.0, 0.0, 0.0, 1.0],
                [0.094906, -0.971854, -0.215623, 0.0, 0.451311, 0.235067, -0.86085, 0.393861, 0.887306, -0.015613, 0.460917, 0.0, 0.0, 0.0, 0.0, 1.0],
                [0.097406, -0.979603, -0.175757, 0.0, 0.465481, 0.200933, -0.861947, 0.393861, 0.879681, 0.002147, 0.475559, -0.0, 0.0, 0.0, 0.0, 1.0],
                [0.097406, -0.979603, -0.175758, -0.0, 0.465482, 0.200933, -0.861947, 0.393861, 0.879681, 0.002147, 0.475559, -0.0, 0.0, 0.0, 0.0, 1.0],
                [0.100522, -0.982029, -0.159731, -0.0, 0.475482, 0.18844, -0.859306, 0.393861, 0.873964, 0.01043, 0.485879, -0.0, 0.0, 0.0, 0.0, 1.0],
                [0.094906, -0.971854, -0.215623, 0.0, 0.451311, 0.235067, -0.86085, 0.39386, 0.887306, -0.015613, 0.460917, 0.0, 0.0, 0.0, 0.0, 1.0],
                [0.097406, -0.979603, -0.175757, -0.0, 0.465481, 0.200933, -0.861947, 0.39386, 0.879681, 0.002147, 0.475559, 0.0, 0.0, 0.0, 0.0, 1.0],
                [0.094906, -0.971854, -0.215623, -0.0, 0.451311, 0.235067, -0.86085, 0.39386, 0.887306, -0.015613, 0.460917, 0.0, 0.0, 0.0, 0.0, 1.0],
                [0.097406, -0.979603, -0.175757, 0.0, 0.465482, 0.200933, -0.861947, 0.393861, 0.879681, 0.002147, 0.475559, -0.0, 0.0, 0.0, 0.0, 1.0],
                [0.100522, -0.982029, -0.159731, -0.0, 0.475482, 0.18844, -0.859306, 0.39386, 0.873964, 0.01043, 0.485879, 0.0, 0.0, 0.0, 0.0, 1.0],
                [0.094906, -0.971854, -0.215623, 0.0, 0.451311, 0.235067, -0.86085, 0.39386, 0.887306, -0.015614, 0.460917, 0.0, 0.0, 0.0, 0.0, 1.0],
                [0.097406, -0.979603, -0.175757, -0.0, 0.465482, 0.200933, -0.861947, 0.393861, 0.879681, 0.002147, 0.475559, 0.0, 0.0, 0.0, 0.0, 1.0],
                [0.100522, -0.982029, -0.159731, -0.0, 0.475482, 0.18844, -0.859306, 0.393861, 0.873964, 0.01043, 0.485879, -0.0, 0.0, 0.0, 0.0, 1.0],
                [0.094906, -0.971854, -0.215623, -0.0, 0.451311, 0.235067, -0.86085, 0.39386, 0.887306, -0.015613, 0.460917, 0.0, 0.0, 0.0, 0.0, 1.0],
                [0.097406, -0.979603, -0.175757, 0.0, 0.465482, 0.200933, -0.861947, 0.39386, 0.879681, 0.002147, 0.475559, 0.0, 0.0, 0.0, 0.0, 1.0],
                [0.097406, -0.979603, -0.175757, -0.0, 0.465481, 0.200933, -0.861947, 0.39386, 0.879681, 0.002147, 0.475559, -0.0, 0.0, 0.0, 0.0, 1.0],
