{
    
    "animation": [
        {
            "name": "Root",
            "time": [0.0, 0.15, 0.2833, 0.4167, 1.1333],
            "transform": [
                [0.828434, -0.550229, 0.104618, 0.127713, -0.535262, -0.832776, -0.141348, 0.165039, 0.164897, 0.0611, -0.984416, 0.471097, 0.0, 0.0, 0.0, 1.0],
                [0.828434, -0.452981, -0.329401, 0.10691, -0.535262, -0.467164, -0.703741, 0.202891, 0.164897, 0.759319, -0.629478, 0.0832, 0.0, 0.0, 0.0, 1.0],
                [0.828434, -0.452981, -0.329401, 0.112968, -0.535262, -0.467164, -0.703741, 0.203253, 0.164897, 0.759319, -0.629478, 0.132214, 0.0, 0.0, 0.0, 1.0],
                [0.828434, -0.452981, -0.329401, 0.10691, -0.535262, -0.467164, -0.703741, 0.202891, 0.164897, 0.759319, -0.629478, 0.0832, 0.0, 0.0, 0.0, 1.0],
                [0.828434, -0.452981, -0.329401, 0.10691, -0.535262, -0.467164, -0.703741, 0.202891, 0.164897, 0.759319, -0.629478, 0.0832, 0.0, 0.0, 0.0, 1.0]
            ]
        },
        {
            "name": "Thigh_R",
            "time": [0.0, 0.2833, 0.4167, 1.1333],
            "transform": [
                [0.996122, -0.015805, -0.086542, 0.124994, 0.068868, -0.472029, 0.878888, -0.002831, -0.054742, -0.881439, -0.469112, -1.2e-05, 0.0, 0.0, 0.0, 1.0],
                [0.871278, 0.490501, -0.016791, 0.124994, 0.295108, -0.496249, 0.816485, -0.002831, 0.392154, -0.716339, -0.577124, -1.2e-05, 0.0, 0.0, 0.0, 1.0],
                [0.871278, 0.486682, 0.063355, 0.124994, 0.295108, -0.622653, 0.724716, -0.002831, 0.392154, -0.612731, -0.68613, -1.2e-05, 0.0, 0.0, 0.0, 1.0],
                [0.871278, 0.486682, 0.063355, 0.124994, 0.295108, -0.622653, 0.724716, -0.002831, 0.392154, -0.612731, -0.68613, -1.2e-05, 0.0, 0.0, 0.0, 1.0]
            ]
        },
        {
            "name": "Leg_R",
            "time": [0.0, 0.15, 0.4167, 1.1333],
            "transform": [
                [1.0, -0.0, 2e-06, -0.0, -0.0, 0.926377, 0.376598, 0.37472, -2e-06, -0.376598, 0.926376, -0.0, 0.0, 0.0, 0.0, 1.0],
                [1.0, -0.0, 2e-06, 0.0, -0.0, 0.980699, 0.195528, 0.37472, -2e-06, -0.195528, 0.980697, 0.0, 0.0, 0.0, 0.0, 1.0],
                [1.0, -0.0, 2e-06, 0.0, -0.0, 0.980699, 0.195528, 0.37472, -2e-06, -0.195528, 0.980697, 0.0, 0.0, 0.0, 0.0, 1.0],
                [1.0, -0.0, 2e-06, 0.0, -0.0, 0.980699, 0.195528, 0.37472, -2e-06, -0.195528, 0.980697, 0.0, 0.0, 0.0, 0.0, 1.0]
            ]
        },
        {
            "name": "Knee_R",
            "time": [0.0, 1.1333],
            "transform": [
                [1.0, 0.0, -0.0, -0.0, -0.0, 1e-06, -1.0, 0.37472, -0.0, 1.0, 1e-06, -0.0, 0.0, 0.0, 0.0, 1.0],
                [1.0, 0.0, -0.0, 0.0, -0.0, 1e-06, -1.0, 0.37472, -0.0, 1.0, 1e-06, 0.0, 0.0, 0.0, 0.0, 1.0]
            ]
        },
        {
            "name": "Thigh_L",
            "time": [0.0, 0.2833, 0.4167, 1.1333],
            "transform": [
                [0.84446, -0.175633, 0.506003, -0.125006, -0.533816, -0.198558, 0.821958, -0.002831, -0.043892, -0.964224, -0.261431, -1.2e-05, 0.0, 0.0, 0.0, 1.0],
                [0.84446, -0.234169, 0.481717, -0.125006, -0.533816, -0.294251, 0.792752, -0.002831, -0.043892, -0.926597, -0.373487, -1.2e-05, 0.0, 0.0, 0.0, 1.0],
                [0.84446, -0.3551, 0.400987, -0.125006, -0.533816, -0.496623, 0.684402, -0.002831, -0.043892, -0.792004, -0.608937, -1.2e-05, 0.0, 0.0, 0.0, 1.0],
                [0.84446, -0.3551, 0.400987, -0.125006, -0.533816, -0.496623, 0.684402, -0.002831, -0.043892, -0.792004, -0.608937, -1.2e-05, 0.0, 0.0, 0.0, 1.0]
            ]
        },
        {
            "name": "Leg_L",
            "time": [0.0, 1.1333],
            "transform": [
                [1.0, -1e-06, 1e-06, 0.0, 0.0, 0.917738, 0.397187, 0.37472, -1e-06, -0.397187, 0.917738, 0.0, 0.0, 0.0, 0.0, 1.0],
                [1.0, -1e-06, 1e-06, 0.0, 0.0, 0.917737, 0.397187, 0.37472, -1e-06, -0.397187, 0.917738, 0.0, 0.0, 0.0, 0.0, 1.0]
            ]
        },
        {
            "name": "Knee_L",
            "time": [0.0, 1.1333],
            "transform": [
                [1.0, 0.0, -0.0, 0.0, -0.0, 1e-06, -1.0, 0.37472, -0.0, 1.0, 1e-06, 0.0, 0.0, 0.0, 0.0, 1.0],
                [1.0, 0.0, -0.0, 0.0, -0.0, 1e-06, -1.0, 0.37472, -0.0, 1.0, 1e-06, 0.0, 0.0, 0.0, 0.0, 1.0]
            ]
        },
        {
            "name": "Torso",
            "time": [0.0, 0.15, 0.4167, 1.1333],
            "transform": [
                [0.981277, -0.019938, -0.191569, -0.0, -0.017548, 0.981237, -0.192008, 0.05, 0.191803, 0.191775, 0.962515, -0.0, 0.0, 0.0, 0.0, 1.0],
                [0.981277, -0.132029, -0.14023, -0.0, -0.017548, 0.663762, -0.747738, 0.05, 0.191803, 0.736198, 0.649018, 0.0, 0.0, 0.0, 0.0, 1.0],
                [0.981277, -0.132029, -0.14023, -0.0, -0.017548, 0.663762, -0.747738, 0.05, 0.191803, 0.736198, 0.649018, 0.0, 0.0, 0.0, 0.0, 1.0],
                [0.981277, -0.132029, -0.14023, -0.0, -0.017548, 0.663762, -0.747738, 0.05, 0.191803, 0.736198, 0.649018, 0.0, 0.0, 0.0, 0.0, 1.0]
            ]
        },
        {
            "name": "Chest",
            "time": [0.0, 0.15, 0.2833, 0.4167, 1.1333],
            "transform": [
                [0.999771, -0.018637, -0.010543, 0.0, 0.021411, 0.865415, 0.500598, 0.3, -0.000206, -0.500709, 0.865616, -0.0, 0.0, 0.0, 0.0, 1.0],
                [0.99715, -0.021412, -0.072333, -0.0, 0.021735, 0.999757, 0.003683, 0.3, 0.072236, -0.005245, 0.997374, -0.0, 0.0, 0.0, 0.0, 1.0],
                [0.99715, -0.011285, -0.074587, -0.0, 0.021735, 0.989796, 0.140824, 0.3, 0.072236, -0.142044, 0.987221, 0.0, 0.0, 0.0, 0.0, 1.0],
                [0.99715, -0.021412, -0.072333, -0.0, 0.021735, 0.999757, 0.003683, 0.3, 0.072236, -0.005245, 0.997374, -0.0, 0.0, 0.0, 0.0, 1.0],
                [0.99715, -0.021412, -0.072333, -0.0, 0.021735, 0.999757, 0.003683, 0.3, 0.072236, -0.005245, 0.997374, -0.0, 0.0, 0.0, 0.0, 1.0]
            ]
        },
        {
            "name": "Head",
            "time": [0.0, 0.2833, 1.1333],
            "transform": [
                [0.702717, -0.012968, 0.711351, 0.0, 0.055561, 0.997781, -0.036697, 0.4, -0.709296, 0.065311, 0.701878, -0.0, 0.0, 0.0, 0.0, 1.0],
                [0.700642, -0.024742, 0.713084, 0.0, -0.006086, 0.999155, 0.040648, 0.4, -0.713487, -0.032819, 0.699899, -0.0, 0.0, 0.0, 0.0, 1.0],
                [0.700642, -0.024742, 0.713084, 0.0, -0.006086, 0.999155, 0.040648, 0.4, -0.713487, -0.032819, 0.699899, -0.0, 0.0, 0.0, 0.0, 1.0]
            ]
        },
        {
            "name": "Shoulder_R",
            "time": [0.0, 0.15, 0.4167, 1.1333],
            "transform": [
                [0.089555, 0.949274, 0.301428, 0.0, -0.003656, -0.302328, 0.953197, 0.4, 0.995975, -0.086466, -0.023605, -0.0, 0.0, 0.0, 0.0, 1.0],
                [-0.022869, 0.953215, 0.301428, 0.0, 0.031976, -0.300655, 0.953197, 0.4, 0.999227, 0.031437, -0.023605, -0.0, 0.0, 0.0, 0.0, 1.0],
                [-0.022869, 0.953215, 0.301428, 0.0, 0.031976, -0.300655, 0.953197, 0.4, 0.999227, 0.031437, -0.023605, -0.0, 0.0, 0.0, 0.0, 1.0],
                [-0.022869, 0.953215, 0.301428, 0.0, 0.031976, -0.300655, 0.953197, 0.4, 0.999227, 0.031437, -0.023605, -0.0, 0.0, 0.0, 0.0, 1.0]
            ]
        },
        {
            "name": "Arm_R",
            "time": [0.0, 0.2833, 0.4167, 1.1333],
            "transform": [
                [0.289558, -0.954631, 0.069538, 0.0, 0.880468, 0.237159, -0.410527, 0.39386, 0.37541, 0.180097, 0.909193, 0.0, 0.0, 0.0, 0.0, 1.0],
                [0.975506, -0.208696, 0.069538, -0.0, 0.21865, 0.885246, -0.410526, 0.39386, 0.024117, 0.415675, 0.909193, 0.0, 0.0, 0.0, 0.0, 1.0],
                [0.997299, -0.023645, 0.069538, 0.0, 0.050211, 0.910465, -0.410526, 0.39386, -0.053605, 0.412909, 0.909193, 0.0, 0.0, 0.0, 0.0, 1.0],
                [0.997299, -0.023645, 0.069538, 0.0, 0.050211, 0.910465, -0.410526, 0.39386, -0.053605, 0.412909, 0.909193, 0.0, 0.0, 0.0, 0.0, 1.0]
            ]
        },
        {
            "name": "Hand_R",
            "time": [0.0, 1.1333],
            "transform": [
                [0.999985, 0.001325, 0.005391, 0.0, -0.00125, 0.999903, -0.013885, 0.3, -0.005409, 0.013878, 0.999889, -0.0, 0.0, 0.0, 0.0, 1.0],
                [0.999985, 0.001325, 0.005391, 0.0, -0.00125, 0.999903, -0.013885, 0.3, -0.005409, 0.013878, 0.999889, -0.0, 0.0, 0.0, 0.0, 1.0]
            ]
        },
        {
            "name": "Tool_R",
            "time": [0.0, 1.1333],
            "transform": [
                [1.0, 0.0, 0.0, 0.0, 0.0, -0.944043, -0.329823, 0.272858, 0.0, 0.329618, -0.943487, 0.0, 0.0, 0.0, 0.0, 1.0],
                [1.0, -0.0, 0.0, 0.0, 0.0, -0.944043, -0.329823, 0.272858, 0.0, 0.329618, -0.943487, -0.0, 0.0, 0.0, 0.0, 1.0]
            ]
        },
        {
            "name": "Elbow_R",
            "time": [0.0, 1.1333],
            "transform": [
                [-1.0, 0.0, -0.0, 0.0, 0.0, -0.0, -1.0, 0.3, -0.0, -1.0, 0.0, -0.0, 0.0, 0.0, 0.0, 1.0],
                [-1.0, 0.0, -0.0, 0.0, 0.0, 0.0, -1.0, 0.3, -0.0, -1.0, 0.0, -0.0, 0.0, 0.0, 0.0, 1.0]
            ]
        },
        {
            "name": "Shoulder_L",
            "time": [0.0, 1.1333],
            "transform": [
                [-0.194935, -0.933432, -0.301172, 0.0, -0.092838, -0.288124, 0.953082, 0.4, -0.976412, 0.213749, -0.030493, -0.0, 0.0, 0.0, 0.0, 1.0],
                [-0.194935, -0.933432, -0.301172, 0.0, -0.092838, -0.288124, 0.953082, 0.4, -0.976413, 0.213749, -0.030493, -0.0, 0.0, 0.0, 0.0, 1.0]
            ]
        },
        {
            "name": "Arm_L",
            "time": [0.0, 0.2833, 0.4167, 1.1333],
            "transform": [
                [0.091034, 0.994496, 0.051862, -0.0, -0.901671, 0.10442, -0.419627, 0.39386, -0.422733, -0.008562, 0.906214, 0.0, 0.0, 0.0, 0.0, 1.0],
                [0.964939, 0.2573, 0.051862, 0.0, -0.212742, 0.882414, -0.419627, 0.39386, -0.153734, 0.393881, 0.906214, 0.0, 0.0, 0.0, 0.0, 1.0],
                [0.998245, 0.028577, 0.051862, 0.0, -0.004184, 0.907687, -0.419627, 0.39386, -0.059066, 0.418674, 0.906214, 0.0, 0.0, 0.0, 0.0, 1.0],
                [0.998245, 0.028577, 0.051862, 0.0, -0.004184, 0.907687, -0.419627, 0.39386, -0.059066, 0.418674, 0.906214, 0.0, 0.0, 0.0, 0.0, 1.0]
            ]
        },
        {
            "name": "Hand_L",
            "time": [0.0, 1.1333],
            "transform": [
                [0.99932, -0.035435, 0.010227, -0.0, 0.03687, 0.966806, -0.25284, 0.3, -0.000928, 0.253045, 0.967454, -0.0, 0.0, 0.0, 0.0, 1.0],
                [0.99932, -0.035435, 0.010227, -0.0, 0.03687, 0.966806, -0.25284, 0.3, -0.000928, 0.253045, 0.967454, -0.0, 0.0, 0.0, 0.0, 1.0]
            ]
        },
        {
            "name": "Tool_L",
            "time": [0.0, 1.1333],
            "transform": [
                [0.0, 0.0, 0.0, 0.0, 0.0, 0.0, 0.0, 0.272858, 0.0, 0.0, 0.0, -0.0, 0.0, 0.0, 0.0, 1.0],
                [0.0, 0.0, 0.0, 0.0, 0.0, 0.0, 0.0, 0.272858, 0.0, 0.0, 0.0, -0.0, 0.0, 0.0, 0.0, 1.0]
            ]
        },
        {
            "name": "Elbow_L",
            "time": [0.0, 1.1333],
            "transform": [
                [-1.0, 0.0, -0.0, -0.0, 0.0, -0.0, -1.0, 0.3, -0.0, -1.0, 0.0, -0.0, 0.0, 0.0, 0.0, 1.0],
                [-1.0, 0.0, -0.0, -0.0, 0.0, -0.0, -1.0, 0.3, -0.0, -1.0, 0.0, -0.0, 0.0, 0.0, 0.0, 1.0]
            ]
        }
    ]
}