{
    
    "animation": [
        {
            "name": "Root",
            "time": [0.0, 0.05, 0.3833, 1.3, 1.8333, 2.1833, 2.7167],
            "transform": [
                [1.0, 0.0, 0.0, -5e-06, 0.0, 0.0, -1.0, 0.000946, 0.0, 1.0, 0.0, 0.764948, 0.0, 0.0, 0.0, 1.0],
                [1.0, 0.0, 0.0, 0.023828, 0.0, -0.430994, -0.902355, -0.949151, 0.0, 0.902355, -0.430994, 0.727113, 0.0, 0.0, 0.0, 1.0],
                [1.0, 0.0, 0.0, 0.047582, 0.0, 0.0, -1.0, -2.069396, 0.0, 1.0, 0.0, 0.682636, 0.0, 0.0, 0.0, 1.0],
                [1.0, 0.0, 0.0, 0.026691, 0.0, 0.0, -1.0, -2.21635, 0.0, 1.0, 0.0, 0.674265, 0.0, 0.0, 0.0, 1.0],
                [1.0, 0.0, 0.0, 0.01434, 0.0, 0.0, -1.0, -2.729194, 0.0, 1.0, 0.0, 0.575265, 0.0, 0.0, 0.0, 1.0],
                [1.0, 0.0, 0.0, 0.044621, 0.0, 0.0, -1.0, -2.712259, 0.0, 1.0, 0.0, 0.662087, 0.0, 0.0, 0.0, 1.0],
                [1.0, 0.0, 0.0, 0.047421, 0.0, 0.0, -1.0, -2.72859, 0.0, 1.0, 0.0, 0.739669, 0.0, 0.0, 0.0, 1.0]
            ]
        },
        {
            "name": "Thigh_R",
            "time": [0.0, 0.05, 0.3833, 1.3, 1.8333, 2.1833, 2.7167],
            "transform": [
                [0.992544, 0.121636, -0.007815, 0.124994, 0.112779, -0.892162, 0.437407, -0.002831, 0.046232, -0.435026, -0.89923, -1.2e-05, 0.0, 0.0, 0.0, 1.0],
                [0.992805, 0.095238, -0.072574, 0.124994, 0.110515, -0.49555, 0.86152, -0.002831, 0.046086, -0.86334, -0.502511, -1.2e-05, 0.0, 0.0, 0.0, 1.0],
                [0.997724, 0.065899, 0.014278, 0.124994, 0.052335, -0.890346, 0.452263, -0.002831, 0.042516, -0.450485, -0.891771, -1.2e-05, 0.0, 0.0, 0.0, 1.0],
                [0.997724, 0.067196, 0.005589, 0.124994, 0.052335, -0.823988, 0.564182, -0.002831, 0.042516, -0.562604, -0.825632, -1.2e-05, 0.0, 0.0, 0.0, 1.0],
                [0.997724, 0.064882, -0.018355, 0.124994, 0.052335, -0.573497, 0.817533, -0.002831, 0.042516, -0.816631, -0.575589, -1.2e-05, 0.0, 0.0, 0.0, 1.0],
                [0.997724, 0.066993, -0.00765, 0.124994, 0.052335, -0.697845, 0.714332, -0.002831, 0.042516, -0.713105, -0.699765, -1.2e-05, 0.0, 0.0, 0.0, 1.0],
                [0.997724, 0.065694, 0.015194, 0.124994, 0.052335, -0.896554, 0.439827, -0.002831, 0.042516, -0.43803, -0.897954, -1.2e-05, 0.0, 0.0, 0.0, 1.0]
            ]
        },
        {
            "name": "Leg_R",
            "time": [0.0, 0.3833, 1.3, 1.8333, 2.7167],
            "transform": [
                [1.0, 1e-06, 0.0, -0.0, -1e-06, 0.865104, 0.501593, 0.37472, -0.0, -0.501594, 0.865103, -0.0, 0.0, 0.0, 0.0, 1.0],
                [1.0, 1e-06, 0.0, 0.0, -1e-06, 0.995692, 0.092734, 0.37472, -0.0, -0.092734, 0.99569, -0.0, 0.0, 0.0, 0.0, 1.0],
                [1.0, 1e-06, 0.0, -0.0, -1e-06, 0.995692, 0.092734, 0.37472, -0.0, -0.092734, 0.99569, 0.0, 0.0, 0.0, 0.0, 1.0],
                [1.0, 1e-06, 1e-06, -0.0, -1e-06, 0.789715, 0.613474, 0.37472, -0.0, -0.613475, 0.789714, -0.0, 0.0, 0.0, 0.0, 1.0],
                [1.0, 1e-06, 0.0, -0.0, -1e-06, 0.953256, 0.302165, 0.37472, -0.0, -0.302165, 0.953255, -0.0, 0.0, 0.0, 0.0, 1.0]
            ]
        },
        {
            "name": "Knee_R",
            "time": [0.0, 0.3833, 1.3, 2.7167],
            "transform": [
                [1.0, -0.0, -0.0, 0.0, -0.0, -0.436395, -0.899755, 0.439324, -0.0, 0.899755, -0.436395, -0.000954, 0.0, 0.0, 0.0, 1.0],
                [1.0, 0.0, -0.0, 0.0, -0.0, 0.014653, -0.999893, 0.385876, -0.0, 0.999893, 0.014653, -0.002085, 0.0, 0.0, 0.0, 1.0],
                [1.0, 0.0, -0.0, -0.0, -0.0, 0.014654, -0.999893, 0.385876, -0.0, 0.999893, 0.014653, -0.002085, 0.0, 0.0, 0.0, 1.0],
                [1.0, 0.0, -0.0, -0.0, -0.0, 0.014654, -0.999893, 0.385876, -0.0, 0.999893, 0.014653, -0.002085, 0.0, 0.0, 0.0, 1.0]
            ]
        },
        {
            "name": "Thigh_L",
            "time": [0.0, 0.3833, 1.3, 1.6667, 1.8333, 2.1833, 2.7167],
            "transform": [
                [0.984312, -0.17548, 0.018325, -0.125006, -0.174423, -0.983467, -0.048673, -0.002831, 0.026563, 0.044714, -0.998646, -1.2e-05, 0.0, 0.0, 0.0, 1.0],
                [0.919479, -0.009125, 0.393032, -0.125006, -0.391977, -0.098055, 0.914734, -0.002831, 0.030192, -0.995139, -0.093737, -1.2e-05, 0.0, 0.0, 0.0, 1.0],
                [0.919479, 0.099373, 0.380372, -0.125006, -0.391977, 0.157426, 0.906405, -0.002831, 0.030192, -0.982518, 0.183701, -1.2e-05, 0.0, 0.0, 0.0, 1.0],
                [0.981403, -0.150338, 0.119357, -0.125006, -0.189128, -0.863641, 0.467283, -0.002831, 0.032831, -0.481167, -0.876014, -1.2e-05, 0.0, 0.0, 0.0, 1.0],
                [0.997585, -0.044662, -0.053184, -0.125006, -0.065539, -0.858741, -0.508201, -0.002831, -0.022974, 0.510461, -0.859594, -1.2e-05, 0.0, 0.0, 0.0, 1.0],
                [0.997585, -0.056869, -0.039865, -0.125006, -0.065539, -0.960766, -0.269505, -0.002831, -0.022975, 0.271467, -0.962173, -1.2e-05, 0.0, 0.0, 0.0, 1.0],
                [0.997585, -0.065504, -0.023075, -0.125006, -0.065539, -0.99785, -0.000781, -0.002831, -0.022975, 0.002292, -0.999733, -1.2e-05, 0.0, 0.0, 0.0, 1.0]
            ]
        },
        {
            "name": "Leg_L",
            "time": [0.0, 0.3833, 1.3, 1.6667, 1.8333, 2.7167],
            "transform": [
                [1.0, 0.0, 1e-06, -0.0, -0.0, 0.996194, 0.087156, 0.37472, -1e-06, -0.087156, 0.996195, -0.0, 0.0, 0.0, 0.0, 1.0],
                [1.0, -1e-06, 0.0, 0.0, -0.0, -0.037242, 0.999306, 0.37472, -1e-06, -0.999306, -0.037242, 0.0, 0.0, 0.0, 0.0, 1.0],
                [0.999709, 0.009631, 0.02214, -0.0, -0.020207, -0.16813, 0.985558, 0.37472, 0.013214, -0.985717, -0.167886, -0.0, 0.0, 0.0, 0.0, 1.0],
                [1.0, -1e-06, 0.0, -0.0, -1e-06, -0.279324, 0.960197, 0.37472, -1e-06, -0.960196, -0.279325, -0.0, 0.0, 0.0, 0.0, 1.0],
                [1.0, 0.0, 1e-06, 0.0, -1e-06, 0.92654, 0.376197, 0.37472, -1e-06, -0.376197, 0.92654, 0.0, 0.0, 0.0, 0.0, 1.0],
                [1.0, 0.0, 1e-06, -0.0, -1e-06, 0.926539, 0.376197, 0.37472, -1e-06, -0.376196, 0.92654, -0.0, 0.0, 0.0, 0.0, 1.0]
            ]
        },
        {
            "name": "Knee_L",
            "time": [0.0, 0.3833, 1.3, 1.6667, 1.8333, 2.7167],
            "transform": [
                [1.0, 0.0, -0.0, -0.0, -0.0, 1e-06, -1.0, 0.37472, -0.0, 1.0, 1e-06, -0.0, 0.0, 0.0, 0.0, 1.0],
                [1.0, 0.0, -0.0, 0.0, -0.0, 0.493358, -0.869827, 0.37472, -0.0, 0.869827, 0.493357, 0.0, 0.0, 0.0, 0.0, 1.0],
                [1.0, 0.0, -0.0, -0.0, -0.0, 0.493357, -0.869827, 0.37472, -0.0, 0.869827, 0.493357, -0.0, 0.0, 0.0, 0.0, 1.0],
                [1.0, 0.0, 0.0, -0.0, -0.0, 0.907062, -0.420996, 0.37472, -0.0, 0.420996, 0.907062, -0.0, 0.0, 0.0, 0.0, 1.0],
                [1.0, 0.0, -0.0, 0.0, -0.0, 0.17489, -0.984588, 0.37472, -0.0, 0.984588, 0.17489, 0.0, 0.0, 0.0, 0.0, 1.0],
                [1.0, 0.0, -0.0, -0.0, -0.0, 0.17489, -0.984588, 0.37472, -0.0, 0.984588, 0.17489, -0.0, 0.0, 0.0, 0.0, 1.0]
            ]
        },
        {
            "name": "Torso",
            "time": [0.0, 0.05, 0.3833, 1.8333, 2.7167],
            "transform": [
                [1.0, 0.0, 0.0, 0.0, 0.0, 0.989967, -0.141296, 0.05, 0.0, 0.141296, 0.989967, 0.0, 0.0, 0.0, 0.0, 1.0],
                [0.999536, -0.021875, 0.021181, 0.0, 0.005955, 0.822626, 0.568552, 0.05, -0.029861, -0.568162, 0.822375, -0.0, 0.0, 0.0, 0.0, 1.0],
                [0.999977, 0.000399, -0.006798, 0.0, -0.002784, 0.935019, -0.354587, 0.05, 0.006215, 0.354598, 0.934998, 0.0, 0.0, 0.0, 0.0, 1.0],
                [0.996811, 0.074281, 0.02915, 0.0, -0.076903, 0.991747, 0.102582, 0.05, -0.02129, -0.104497, 0.994297, 0.0, 0.0, 0.0, 0.0, 1.0],
                [0.996811, 0.074281, 0.02915, 0.0, -0.076903, 0.991747, 0.102582, 0.05, -0.02129, -0.104497, 0.994297, 0.0, 0.0, 0.0, 0.0, 1.0]
            ]
        },
        {
            "name": "Chest",
            "time": [0.0, 0.3833, 1.3, 2.1833, 2.7167],
            "transform": [
                [0.999507, 0.031245, -0.00308, 0.0, -0.03036, 0.986855, 0.158727, 0.3, 0.007999, -0.158556, 0.987318, 0.0, 0.0, 0.0, 0.0, 1.0],
                [0.955455, 0.148762, -0.254903, -0.0, 0.017089, 0.834344, 0.55098, 0.3, 0.294642, -0.530792, 0.794636, 0.0, 0.0, 0.0, 0.0, 1.0],
                [0.955455, 0.177477, -0.235813, -0.0, 0.017089, 0.764389, 0.64453, 0.3, 0.294642, -0.619849, 0.727306, -0.0, 0.0, 0.0, 0.0, 1.0],
                [0.959726, 0.182616, -0.213488, 0.0, -0.003703, 0.768069, 0.640356, 0.3, 0.280913, -0.613776, 0.737813, -0.0, 0.0, 0.0, 0.0, 1.0],
                [0.959726, -0.016062, -0.280478, 0.0, -0.003703, 0.997554, -0.069798, 0.3, 0.280913, 0.068026, 0.957319, -0.0, 0.0, 0.0, 0.0, 1.0]
            ]
        },
        {
            "name": "Head",
            "time": [0.0, 0.3833, 1.3, 2.7167],
            "transform": [
                [1.0, -0.0, -0.0, -0.0, 0.0, 0.998828, 0.048405, 0.4, 0.0, -0.048405, 0.998828, 0.0, 0.0, 0.0, 0.0, 1.0],
                [1.0, -0.0, 0.0, -0.0, 0.0, 0.93439, 0.356252, 0.4, -0.0, -0.356252, 0.93439, -0.0, 0.0, 0.0, 0.0, 1.0],
                [1.0, 0.0, 0.0, -0.0, -0.0, 0.999927, -0.012075, 0.4, -0.0, 0.012075, 0.999927, -0.0, 0.0, 0.0, 0.0, 1.0],
                [1.0, -0.0, 0.0, -0.0, 0.0, 1.0, -0.000359, 0.4, 0.0, 0.000359, 1.0, -0.0, 0.0, 0.0, 0.0, 1.0]
            ]
        },
        {
            "name": "Shoulder_R",
            "time": [0.0, 0.3833, 1.3, 2.7167],
            "transform": [
                [-0.004613, 0.951979, 0.306128, -0.0, 0.000526, -0.306129, 0.95199, 0.4, 0.999989, 0.004553, 0.000911, 0.0, 0.0, 0.0, 0.0, 1.0],
                [-0.306427, 0.901325, 0.306128, -0.0, 0.09763, -0.290144, 0.95199, 0.4, 0.946874, 0.321603, 0.000911, -0.0, 0.0, 0.0, 0.0, 1.0],
                [-0.306427, 0.901325, 0.306128, -0.0, 0.09763, -0.290144, 0.95199, 0.4, 0.946874, 0.321603, 0.000912, -0.0, 0.0, 0.0, 0.0, 1.0],
                [0.054297, 0.950441, 0.306128, -0.0, -0.018416, -0.305575, 0.95199, 0.4, 0.998355, -0.057327, 0.000911, -0.0, 0.0, 0.0, 0.0, 1.0]
            ]
        },
        {
            "name": "Arm_R",
            "time": [0.0, 0.3833, 1.3, 1.8333, 2.1833, 2.7167],
            "transform": [
                [-0.63706, -0.655187, -0.40606, 0.0, 0.267488, 0.306147, -0.913632, 0.39386, 0.722914, -0.690655, -0.019779, 0.0, 0.0, 0.0, 0.0, 1.0],
                [-0.090156, -0.199325, -0.975777, -0.0, 0.835519, 0.518082, -0.183028, 0.39386, 0.542014, -0.831781, 0.119832, 0.0, 0.0, 0.0, 0.0, 1.0],
                [-0.068147, -0.207882, -0.975777, -0.0, 0.774812, 0.605117, -0.183028, 0.393861, 0.628508, -0.768517, 0.119832, 0.0, 0.0, 0.0, 0.0, 1.0],
                [-0.090156, -0.555099, -0.826884, 0.0, 0.835519, 0.409699, -0.366135, 0.39386, 0.542014, -0.723886, 0.426859, -0.0, 0.0, 0.0, 0.0, 1.0],
                [-0.186525, -0.747243, -0.637837, -0.0, 0.865632, 0.182046, -0.466412, 0.393861, 0.464639, -0.63913, 0.612882, -0.0, 0.0, 0.0, 0.0, 1.0],
                [-0.186525, -0.108661, -0.976423, -0.0, 0.865632, 0.45186, -0.215646, 0.39386, 0.464639, -0.885446, 0.009777, 0.0, 0.0, 0.0, 0.0, 1.0]
            ]
        },
        {
            "name": "Hand_R",
            "time": [0.0, 0.3833, 1.3, 1.8333, 2.7167],
            "transform": [
                [1.0, -0.0, 0.0, 0.0, -0.0, 0.997929, -0.064318, 0.3, -0.0, 0.064318, 0.997929, 0.0, 0.0, 0.0, 0.0, 1.0],
                [1.0, 0.0, 0.0, -0.0, -0.0, 0.93511, -0.354357, 0.3, -0.0, 0.354357, 0.93511, 0.0, 0.0, 0.0, 0.0, 1.0],
                [1.0, 0.0, 0.0, 0.0, -0.0, 0.93511, -0.354357, 0.3, -0.0, 0.354357, 0.93511, 0.0, 0.0, 0.0, 0.0, 1.0],
                [1.0, 0.0, 0.0, -0.0, -0.0, 0.999996, 0.002729, 0.3, -0.0, -0.002729, 0.999996, -0.0, 0.0, 0.0, 0.0, 1.0],
                [1.0, 0.0, 0.0, 0.0, -0.0, 0.999996, 0.002729, 0.3, -0.0, -0.002729, 0.999996, -0.0, 0.0, 0.0, 0.0, 1.0]
            ]
        },
        {
            "name": "Tool_R",
            "time": [0.0, 2.7167],
            "transform": [
                [1.0, 0.0, 0.0, -0.0, 0.0, -0.999836, 0.018122, 0.272858, 0.0, -0.018122, -0.999244, 0.0, 0.0, 0.0, 0.0, 1.0],
                [1.0, 0.0, 0.0, 0.0, 0.0, -0.999836, 0.018122, 0.272858, 0.0, -0.018122, -0.999244, 0.0, 0.0, 0.0, 0.0, 1.0]
            ]
        },
        {
            "name": "Elbow_R",
            "time": [0.0, 2.7167],
            "transform": [
                [-1.0, 0.0, 0.0, 0.0, 0.0, -0.0, -1.0, 0.3, -0.0, -1.0, 0.0, 0.0, 0.0, 0.0, 0.0, 1.0],
                [-1.0, 0.0, -0.0, 0.0, 0.0, -0.0, -1.0, 0.3, -0.0, -1.0, 0.0, -0.0, 0.0, 0.0, 0.0, 1.0]
            ]
        },
        {
            "name": "Shoulder_L",
            "time": [0.0, 0.3833, 1.3, 2.7167],
            "transform": [
                [0.004613, -0.952227, -0.305355, -0.0, 0.000524, -0.305355, 0.952238, 0.4, -0.999989, -0.004553, -0.00091, 0.0, 0.0, 0.0, 0.0, 1.0],
                [0.15558, -0.939443, -0.305355, -0.0, 0.048948, -0.301407, 0.952238, 0.4, -0.98661, -0.163096, -0.00091, -0.0, 0.0, 0.0, 0.0, 1.0],
                [0.15558, -0.939443, -0.305355, -0.0, 0.048948, -0.301407, 0.952238, 0.4, -0.98661, -0.163096, -0.000909, -0.0, 0.0, 0.0, 0.0, 1.0],
                [0.15558, -0.939443, -0.305355, -0.0, 0.048948, -0.301407, 0.952238, 0.4, -0.98661, -0.163096, -0.00091, -0.0, 0.0, 0.0, 0.0, 1.0]
            ]
        },
        {
            "name": "Arm_L",
            "time": [0.0, 0.3833, 1.3, 1.8333, 2.1833, 2.7167],
            "transform": [
                [-0.391686, 0.854007, 0.342423, -0.0, -0.322128, 0.221326, -0.920461, 0.39386, -0.861868, -0.470835, 0.188409, 0.0, 0.0, 0.0, 0.0, 1.0],
                [0.226091, 0.955895, -0.187475, -0.0, 0.319654, -0.254606, -0.912687, 0.39386, -0.920165, 0.146424, -0.36312, -0.0, 0.0, 0.0, 0.0, 1.0],
                [0.37691, 0.926227, 0.006493, -0.0, 0.61575, -0.245318, -0.74878, 0.39386, -0.691948, 0.28622, -0.662787, 0.0, 0.0, 0.0, 0.0, 1.0],
                [-0.429506, 0.828336, 0.3597, 0.0, 0.188413, 0.47174, -0.861372, 0.39386, -0.88319, -0.302192, -0.358684, 0.0, 0.0, 0.0, 0.0, 1.0],
                [-0.618673, 0.69847, 0.3597, -0.0, 0.067588, 0.503458, -0.861372, 0.39386, -0.782736, -0.508596, -0.358684, -0.0, 0.0, 0.0, 0.0, 1.0],
                [0.235066, -0.204875, 0.950142, 0.0, -0.832657, 0.461843, 0.305585, 0.39386, -0.501424, -0.862975, -0.062027, -0.0, 0.0, 0.0, 0.0, 1.0]
            ]
        },
        {
            "name": "Hand_L",
            "time": [0.0, 0.3833, 2.7167],
            "transform": [
                [1.0, -0.0, 0.0, -0.0, -0.0, 0.99793, -0.064318, 0.3, -0.0, 0.064318, 0.99793, -0.0, 0.0, 0.0, 0.0, 1.0],
                [1.0, 0.0, 0.0, 0.0, -0.0, 0.867963, -0.49663, 0.3, -0.0, 0.49663, 0.867963, -0.0, 0.0, 0.0, 0.0, 1.0],
                [1.0, 0.0, 0.0, 0.0, -0.0, 0.867963, -0.49663, 0.3, -0.0, 0.49663, 0.867963, -0.0, 0.0, 0.0, 0.0, 1.0]
            ]
        },
        {
            "name": "Tool_L",
            "time": [0.0, 2.7167],
            "transform": [
                [1.0, 0.0, 0.0, 0.0, -0.0, -0.999836, 0.018122, 0.272858, 0.0, -0.018122, -0.999247, 0.0, 0.0, 0.0, 0.0, 1.0],
                [1.0, 0.0, 0.0, 0.0, 0.0, -0.999835, 0.018122, 0.272858, 0.0, -0.018122, -0.999247, 0.0, 0.0, 0.0, 0.0, 1.0]
            ]
        },
        {
            "name": "Elbow_L",
            "time": [0.0, 2.7167],
            "transform": [
                [-1.0, 0.0, -0.0, -0.0, 0.0, -0.0, -1.0, 0.3, -0.0, -1.0, 0.0, -0.0, 0.0, 0.0, 0.0, 1.0],
                [-1.0, 0.0, -0.0, 0.0, -0.0, -0.0, -1.0, 0.3, -0.0, -1.0, -0.0, -0.0, 0.0, 0.0, 0.0, 1.0]
            ]
        }
    ]
}