{
    "animation": [
        {
            "name": "Root",
            "time": [0.0, 0.1, 0.25, 0.7167, 1.2167, 1.7833],
            "transform": [
                [1.0, 0.0, 0.0, -5e-06, 0.0, 0.0, -1.0, 0.000946, 0.0, 1.0, 0.0, 0.764948, 0.0, 0.0, 0.0, 1.0],
                [0.075522, 0.110151, -0.991042, -0.001463, -0.997044, 0.022409, -0.073488, -0.011501, 0.014114, 0.993662, 0.111518, 0.595811, 0.0, 0.0, 0.0, 1.0],
                [-0.268057, 0.131525, -0.954383, -0.011196, -0.962617, 0.003456, 0.270846, -0.02874, 0.038922, 0.991307, 0.125682, 0.623469, 0.0, 0.0, 0.0, 1.0],
                [-0.268057, 0.131525, -0.954383, -0.016599, -0.962617, 0.003456, 0.270846, -0.037468, 0.038922, 0.991307, 0.125682, 0.591227, 0.0, 0.0, 0.0, 1.0],
                [-0.268057, 0.131525, -0.954383, -0.011196, -0.962617, 0.003456, 0.270846, -0.02874, 0.038922, 0.991307, 0.125682, 0.623469, 0.0, 0.0, 0.0, 1.0],
                [1.0, 0.0, 0.0, -5e-06, 0.0, 0.0, -1.0, 0.000946, 0.0, 1.0, 0.0, 0.764948, 0.0, 0.0, 0.0, 1.0]
            ]
        },
        {
            "name": "Thigh_R",
            "time": [0.0, 0.1, 0.25, 0.7167, 1.2167, 1.7833],
            "transform": [
                [0.973736, 0.084118, 0.211568, 0.124994, 0.051884, -0.986777, 0.153544, -0.002831, 0.221686, -0.138534, -0.965227, -1.2e-05, 0.0, 0.0, 0.0, 1.0],
                [0.551865, 0.538202, 0.637011, 0.142899, -0.073267, -0.729615, 0.67992, 0.079843, 0.830708, -0.421895, -0.363217, 0.025041, 0.0, 0.0, 0.0, 1.0],
                [0.399045, 0.662707, 0.633705, 0.124994, -0.167564, -0.62677, 0.760974, -0.002831, 0.90149, -0.409848, -0.139064, -1.2e-05, 0.0, 0.0, 0.0, 1.0],
                [0.399045, 0.702461, 0.58933, 0.143193, -0.167564, -0.576029, 0.80007, 0.038719, 0.90149, -0.418014, -0.112155, -0.009475, 0.0, 0.0, 0.0, 1.0],
                [0.399045, 0.662707, 0.633705, 0.124994, -0.167564, -0.62677, 0.760974, -0.002831, 0.90149, -0.409848, -0.139064, -1.2e-05, 0.0, 0.0, 0.0, 1.0],
                [0.973736, 0.084118, 0.211568, 0.124994, 0.051884, -0.986777, 0.153544, -0.002831, 0.221686, -0.138534, -0.965227, -1.2e-05, 0.0, 0.0, 0.0, 1.0]
            ]
        },
        {
            "name": "Leg_R",
            "time": [0.0, 0.1, 0.25, 0.8667, 1.2167, 1.7833],
            "transform": [
                [1.0, 0.0, 1e-06, 0.0, -0.0, 0.984472, 0.175547, 0.37472, -1e-06, -0.175547, 0.98447, 0.0, 0.0, 0.0, 0.0, 1.0],
                [0.999781, -0.012906, -0.016475, -0.0, 0.020865, 0.675924, 0.736676, 0.37472, 0.001628, -0.73686, 0.676044, -0.0, 0.0, 0.0, 0.0, 1.0],
                [0.999665, -0.01426, -0.021628, -0.0, 0.025905, 0.547127, 0.836648, 0.37472, -9.7e-05, -0.836929, 0.547312, -0.0, 0.0, 0.0, 0.0, 1.0],
                [0.999665, -0.01426, -0.021628, 0.0, 0.025905, 0.547127, 0.836648, 0.37472, -9.7e-05, -0.836929, 0.547312, 0.0, 0.0, 0.0, 0.0, 1.0],
                [0.999665, -0.01426, -0.021628, -0.0, 0.025905, 0.547127, 0.836648, 0.37472, -9.7e-05, -0.836929, 0.547312, -0.0, 0.0, 0.0, 0.0, 1.0],
                [1.0, 0.0, 1e-06, 0.0, -0.0, 0.984472, 0.175547, 0.37472, -1e-06, -0.175547, 0.98447, 0.0, 0.0, 0.0, 0.0, 1.0]
            ]
        },
        {
            "name": "Knee_R",
            "time": [0.0, 0.1, 0.25, 0.8667, 1.2167, 1.7833],
            "transform": [
                [1.0, 0.0, -0.0, 0.0, -0.0, 1e-06, -1.0, 0.383077, -0.0, 1.0, 1e-06, -0.001653, 0.0, 0.0, 0.0, 1.0],
                [1.0, 0.0, -0.0, -0.0, -0.0, 1e-06, -1.0, 0.383077, -0.0, 1.0, 1e-06, -0.001653, 0.0, 0.0, 0.0, 1.0],
                [1.0, 0.0, -0.0, -0.0, -0.0, 1e-06, -1.0, 0.383077, -0.0, 1.0, 1e-06, -0.001653, 0.0, 0.0, 0.0, 1.0],
                [1.0, 0.0, -0.0, 0.0, -0.0, 1e-06, -1.0, 0.383077, -0.0, 1.0, 1e-06, -0.001653, 0.0, 0.0, 0.0, 1.0],
                [1.0, 0.0, -0.0, -0.0, -0.0, 1e-06, -1.0, 0.383077, -0.0, 1.0, 1e-06, -0.001653, 0.0, 0.0, 0.0, 1.0],
                [1.0, 0.0, -0.0, 0.0, -0.0, 1e-06, -1.0, 0.383077, -0.0, 1.0, 1e-06, -0.001653, 0.0, 0.0, 0.0, 1.0]
            ]
        },
        {
            "name": "Thigh_L",
            "time": [0.0, 0.1, 0.25, 0.7167, 1.2167, 1.7833],
            "transform": [
                [0.95515, -0.069461, -0.287858, -0.125006, -0.059939, -0.997328, 0.041774, -0.002831, -0.28999, -0.022646, -0.956761, -1.2e-05, 0.0, 0.0, 0.0, 1.0],
                [0.879037, -0.460734, 0.122546, -0.244234, -0.446681, -0.706073, 0.549487, 0.034223, -0.166641, -0.537759, -0.826466, -0.036816, 0.0, 0.0, 0.0, 1.0],
                [0.820403, -0.509551, 0.259414, -0.260066, -0.546415, -0.56503, 0.6182, -0.024961, -0.168428, -0.648922, -0.741979, -0.019256, 0.0, 0.0, 0.0, 1.0],
                [0.786007, -0.537297, 0.305784, -0.277691, -0.599647, -0.542289, 0.588511, -0.005854, -0.150381, -0.645937, -0.748432, -0.02642, 0.0, 0.0, 0.0, 1.0],
                [0.820403, -0.509551, 0.259414, -0.260066, -0.546415, -0.56503, 0.6182, -0.024961, -0.168428, -0.648922, -0.741979, -0.019256, 0.0, 0.0, 0.0, 1.0],
                [0.95515, -0.069461, -0.287858, -0.125006, -0.059939, -0.997328, 0.041774, -0.002831, -0.28999, -0.022646, -0.956761, -1.2e-05, 0.0, 0.0, 0.0, 1.0]
            ]
        },
        {
            "name": "Leg_L",
            "time": [0.0, 0.1, 0.25, 0.8667, 1.2167, 1.7833],
            "transform": [
                [1.0, 0.0, 1e-06, 0.0, -0.0, 0.996194, 0.087156, 0.37472, -1e-06, -0.087156, 0.996195, -0.0, 0.0, 0.0, 0.0, 1.0],
                [1.0, -0.0, 1e-06, 0.0, -0.0, 0.759353, 0.650679, 0.37472, -1e-06, -0.650678, 0.759354, -0.0, 0.0, 0.0, 0.0, 1.0],
                [1.0, -0.0, 1e-06, -0.0, -0.0, 0.649202, 0.760616, 0.37472, -1e-06, -0.760616, 0.649202, 0.0, 0.0, 0.0, 0.0, 1.0],
                [1.0, -1e-06, 1e-06, -0.0, -0.0, 0.649202, 0.760616, 0.37472, -1e-06, -0.760616, 0.649202, -0.0, 0.0, 0.0, 0.0, 1.0],
                [1.0, -0.0, 1e-06, -0.0, -0.0, 0.649202, 0.760616, 0.37472, -1e-06, -0.760616, 0.649202, 0.0, 0.0, 0.0, 0.0, 1.0],
                [1.0, 0.0, 1e-06, 0.0, -0.0, 0.996194, 0.087156, 0.37472, -1e-06, -0.087156, 0.996195, -0.0, 0.0, 0.0, 0.0, 1.0]
            ]
        },
        {
            "name": "Knee_L",
            "time": [0.0, 0.1, 0.25, 0.8667, 1.2167, 1.7833],
            "transform": [
                [1.0, 0.0, -0.0, 0.0, -0.0, 1e-06, -1.0, 0.37472, -0.0, 1.0, 1e-06, -0.0, 0.0, 0.0, 0.0, 1.0],
                [1.0, 0.0, -0.0, 0.0, -0.0, 1e-06, -1.0, 0.37472, -0.0, 1.0, 1e-06, -0.0, 0.0, 0.0, 0.0, 1.0],
                [1.0, 0.0, -0.0, -0.0, -0.0, 1e-06, -1.0, 0.37472, -0.0, 1.0, 1e-06, 0.0, 0.0, 0.0, 0.0, 1.0],
                [1.0, 0.0, -0.0, -0.0, -0.0, 1e-06, -1.0, 0.37472, -0.0, 1.0, 1e-06, -0.0, 0.0, 0.0, 0.0, 1.0],
                [1.0, 0.0, -0.0, -0.0, -0.0, 1e-06, -1.0, 0.37472, -0.0, 1.0, 1e-06, 0.0, 0.0, 0.0, 0.0, 1.0],
                [1.0, 0.0, -0.0, 0.0, -0.0, 1e-06, -1.0, 0.37472, -0.0, 1.0, 1e-06, -0.0, 0.0, 0.0, 0.0, 1.0]
            ]
        },
        {
            "name": "Torso",
            "time": [0.0, 0.1, 0.25, 0.8667, 1.2167, 1.7833],
            "transform": [
                [0.996512, 0.0, 0.083446, 0.0, 0.0, 1.0, 0.0, 0.05, -0.083446, 0.0, 0.996512, 0.0, 0.0, 0.0, 0.0, 1.0],
                [0.92592, 0.001516, -0.377718, 0.0, 0.019682, 0.99844, 0.052256, 0.05, 0.377208, -0.05582, 0.924445, -0.0, 0.0, 0.0, 0.0, 1.0],
                [0.707262, 0.006017, -0.706926, 0.0, 0.044735, 0.997579, 0.053247, 0.05, 0.705535, -0.069284, 0.70528, 0.0, 0.0, 0.0, 0.0, 1.0],
                [0.681395, -0.044086, -0.730587, 0.0, 0.119573, 0.991479, 0.051693, 0.05, 0.722082, -0.122582, 0.68086, 0.0, 0.0, 0.0, 0.0, 1.0],
                [0.707262, 0.006017, -0.706926, 0.0, 0.044735, 0.997579, 0.053247, 0.05, 0.705535, -0.069284, 0.70528, 0.0, 0.0, 0.0, 0.0, 1.0],
                [0.996512, 0.0, 0.083446, 0.0, 0.0, 1.0, 0.0, 0.05, -0.083446, 0.0, 0.996512, 0.0, 0.0, 0.0, 0.0, 1.0]
            ]
        },
        {
            "name": "Chest",
            "time": [0.0, 0.1, 0.25, 0.8667, 1.2167, 1.4667, 1.7833],
            "transform": [
                [0.996909, 0.004476, -0.078441, 0.0, 0.0, 0.998376, 0.056972, 0.3, 0.078568, -0.056796, 0.99529, 0.0, 0.0, 0.0, 0.0, 1.0],
                [0.925846, 0.179936, -0.332315, -0.0, 0.097734, 0.73544, 0.670504, 0.3, 0.365045, -0.653261, 0.663318, 0.0, 0.0, 0.0, 0.0, 1.0],
                [0.894134, 0.084477, -0.43976, 0.0, 0.139738, 0.88037, 0.453236, 0.3, 0.425439, -0.466704, 0.775364, 0.0, 0.0, 0.0, 0.0, 1.0],
                [0.894134, 0.129949, -0.428531, -0.0, 0.139738, 0.828212, 0.542714, 0.3, 0.425439, -0.54514, 0.722373, -0.0, 0.0, 0.0, 0.0, 1.0],
                [0.894134, 0.084477, -0.43976, 0.0, 0.139738, 0.88037, 0.453236, 0.3, 0.425439, -0.466704, 0.775364, 0.0, 0.0, 0.0, 0.0, 1.0],
                [0.952511, 0.126102, -0.277165, 0.0, 0.060485, 0.81373, 0.578088, 0.3, 0.298435, -0.567399, 0.76746, 0.0, 0.0, 0.0, 0.0, 1.0],
                [0.996909, 0.004476, -0.078441, 0.0, 0.0, 0.998376, 0.056972, 0.3, 0.078568, -0.056796, 0.99529, 0.0, 0.0, 0.0, 0.0, 1.0]
            ]
        },
        {
            "name": "Head",
            "time": [0.0, 0.1, 0.25, 0.8667, 1.2167, 1.4667, 1.7833],
            "transform": [
                [1.0, -0.0, 0.0, 0.0, -0.0, 0.999699, -0.024548, 0.4, 0.0, 0.024548, 0.999699, 0.0, 0.0, 0.0, 0.0, 1.0],
                [0.670154, -0.003815, 0.742212, -0.0, 0.050697, 0.997887, -0.040646, 0.4, -0.740489, 0.064867, 0.668931, 0.0, 0.0, 0.0, 0.0, 1.0],
                [0.503064, -0.003634, 0.864241, -0.0, 0.068013, 0.997056, -0.035397, 0.4, -0.861569, 0.076587, 0.501831, 0.0, 0.0, 0.0, 0.0, 1.0],
                [0.503064, -0.065923, 0.861731, -0.0, 0.068013, 0.997014, 0.036567, 0.4, -0.861569, 0.040214, 0.506046, 0.0, 0.0, 0.0, 0.0, 1.0],
                [0.503064, -0.003634, 0.864241, -0.0, 0.068013, 0.997056, -0.035397, 0.4, -0.861569, 0.076587, 0.501831, 0.0, 0.0, 0.0, 0.0, 1.0],
                [0.573622, -0.003494, 0.819113, -0.0, 0.046, 0.99855, -0.027954, 0.4, -0.817828, 0.053714, 0.572951, 0.0, 0.0, 0.0, 0.0, 1.0],
                [1.0, -0.0, 0.0, 0.0, -0.0, 0.999699, -0.024548, 0.4, 0.0, 0.024548, 0.999699, 0.0, 0.0, 0.0, 0.0, 1.0]
            ]
        },
        {
            "name": "Shoulder_R",
            "time": [0.0, 0.1, 0.25, 0.8667, 1.2167, 1.7833],
            "transform": [
                [-0.004613, 0.951979, 0.306128, 0.0, 0.000526, -0.306129, 0.95199, 0.4, 0.999989, 0.004553, 0.000911, 0.0, 0.0, 0.0, 0.0, 1.0],
                [-0.004613, 0.951979, 0.306128, -0.0, 0.000526, -0.306129, 0.95199, 0.4, 0.999989, 0.004553, 0.000911, 0.0, 0.0, 0.0, 0.0, 1.0],
                [-0.004613, 0.951979, 0.306128, -0.0, 0.000526, -0.306129, 0.95199, 0.4, 0.999989, 0.004553, 0.000911, 0.0, 0.0, 0.0, 0.0, 1.0],
                [-0.004613, 0.951979, 0.306128, -0.0, 0.000526, -0.306129, 0.95199, 0.4, 0.999989, 0.004553, 0.000911, 0.0, 0.0, 0.0, 0.0, 1.0],
                [-0.004613, 0.951979, 0.306128, -0.0, 0.000526, -0.306129, 0.95199, 0.4, 0.999989, 0.004553, 0.000911, 0.0, 0.0, 0.0, 0.0, 1.0],
                [-0.004613, 0.951979, 0.306128, 0.0, 0.000526, -0.306129, 0.95199, 0.4, 0.999989, 0.004553, 0.000911, 0.0, 0.0, 0.0, 0.0, 1.0]
            ]
        },
        {
            "name": "Arm_R",
            "time": [0.0, 0.1, 0.25, 0.7167, 1.2167, 1.4667, 1.7833],
            "transform": [
                [0.101348, -0.728137, -0.677897, -0.0, 0.953637, 0.265202, -0.142285, 0.393861, 0.283383, -0.632047, 0.721256, -0.0, 0.0, 0.0, 0.0, 1.0],
                [0.074621, -0.38236, -0.920995, 0.0, 0.663813, 0.708257, -0.240257, 0.39386, 0.744166, -0.593441, 0.306667, -0.0, 0.0, 0.0, 0.0, 1.0],
                [0.022683, -0.545225, -0.837982, -0.0, 0.742867, 0.570137, -0.350846, 0.39386, 0.669055, -0.614551, 0.417962, 0.0, 0.0, 0.0, 0.0, 1.0],
                [-0.066417, -0.483007, -0.873094, -0.0, 0.767997, 0.533879, -0.353771, 0.39386, 0.637001, -0.69403, 0.335489, -0.0, 0.0, 0.0, 0.0, 1.0],
                [0.022683, -0.545225, -0.837982, -0.0, 0.742867, 0.570137, -0.350846, 0.39386, 0.669055, -0.614551, 0.417962, 0.0, 0.0, 0.0, 0.0, 1.0],
                [0.421901, -0.436616, -0.794585, -0.0, 0.631783, 0.770164, -0.087739, 0.39386, 0.650269, -0.464988, 0.600779, 0.0, 0.0, 0.0, 0.0, 1.0],
                [0.101348, -0.728137, -0.677897, -0.0, 0.953637, 0.265202, -0.142285, 0.393861, 0.283383, -0.632047, 0.721256, -0.0, 0.0, 0.0, 0.0, 1.0]
            ]
        },
        {
            "name": "Hand_R",
            "time": [0.0, 0.1, 0.25, 0.8667, 1.2167, 1.7833],
            "transform": [
                [1.0, -0.0, 0.0, -0.0, 0.0, -0.293999, -0.955806, 0.3, 0.0, 0.955806, -0.293998, 0.0, 0.0, 0.0, 0.0, 1.0],
                [1.0, -0.0, 0.0, -0.0, 0.0, 0.445845, -0.89511, 0.3, 0.0, 0.89511, 0.445845, 0.0, 0.0, 0.0, 0.0, 1.0],
                [1.0, -0.0, -0.0, -0.0, -0.0, 0.642993, -0.765872, 0.3, 0.0, 0.765872, 0.642993, 0.0, 0.0, 0.0, 0.0, 1.0],
                [1.0, -0.0, -0.0, 0.0, -0.0, 0.87306, -0.487613, 0.3, 0.0, 0.487613, 0.87306, -0.0, 0.0, 0.0, 0.0, 1.0],
                [1.0, -0.0, -0.0, -0.0, -0.0, 0.642993, -0.765872, 0.3, 0.0, 0.765872, 0.642993, 0.0, 0.0, 0.0, 0.0, 1.0],
                [1.0, -0.0, 0.0, -0.0, 0.0, -0.293999, -0.955806, 0.3, 0.0, 0.955806, -0.293998, 0.0, 0.0, 0.0, 0.0, 1.0]
            ]
        },
        {
            "name": "Tool_R",
            "time": [0.0, 0.1, 0.25, 0.8667, 1.2167, 1.7833],
            "transform": [
                [1.0, 0.0, 0.0, 0.0, 0.0, -0.999836, 0.018122, 0.272858, 0.0, -0.018122, -0.999244, -0.0, 0.0, 0.0, 0.0, 1.0],
                [1.0, -0.0, 0.0, 0.0, -0.0, -0.999836, 0.018122, 0.272858, 0.0, -0.018122, -0.999244, -0.0, 0.0, 0.0, 0.0, 1.0],
                [1.0, 0.0, 0.0, 0.0, 0.0, -0.999836, 0.018122, 0.272858, 0.0, -0.018122, -0.999244, 0.0, 0.0, 0.0, 0.0, 1.0],
                [1.0, 0.0, 0.0, -0.0, 0.0, -0.999836, 0.018122, 0.272858, 0.0, -0.018122, -0.999244, -0.0, 0.0, 0.0, 0.0, 1.0],
                [1.0, 0.0, 0.0, 0.0, 0.0, -0.999836, 0.018122, 0.272858, 0.0, -0.018122, -0.999244, 0.0, 0.0, 0.0, 0.0, 1.0],
                [1.0, 0.0, 0.0, 0.0, 0.0, -0.999836, 0.018122, 0.272858, 0.0, -0.018122, -0.999244, -0.0, 0.0, 0.0, 0.0, 1.0]
            ]
        },
        {
            "name": "Elbow_R",
            "time": [0.0, 0.1, 0.25, 0.8667, 1.2167, 1.7833],
            "transform": [
                [-1.0, 0.0, 0.0, -0.0, 0.0, 0.735098, -0.677961, 0.3, -0.0, -0.677961, -0.735098, 0.0, 0.0, 0.0, 0.0, 1.0],
                [-1.0, 0.0, 0.0, -0.0, -0.0, 0.735098, -0.677961, 0.3, -0.0, -0.677961, -0.735098, 0.0, 0.0, 0.0, 0.0, 1.0],
                [-1.0, 0.0, 0.0, -0.0, 0.0, 0.735098, -0.677961, 0.3, -0.0, -0.677961, -0.735098, 0.0, 0.0, 0.0, 0.0, 1.0],
                [-1.0, 0.0, 0.0, 0.0, 0.0, 0.735098, -0.677961, 0.3, -0.0, -0.677961, -0.735098, -0.0, 0.0, 0.0, 0.0, 1.0],
                [-1.0, 0.0, 0.0, -0.0, 0.0, 0.735098, -0.677961, 0.3, -0.0, -0.677961, -0.735098, 0.0, 0.0, 0.0, 0.0, 1.0],
                [-1.0, 0.0, 0.0, -0.0, 0.0, 0.735098, -0.677961, 0.3, -0.0, -0.677961, -0.735098, 0.0, 0.0, 0.0, 0.0, 1.0]
            ]
        },
        {
            "name": "Shoulder_L",
            "time": [0.0, 0.1, 0.25, 0.8667, 1.2167, 1.7833],
            "transform": [
                [0.004613, -0.952228, -0.305355, 0.0, 0.000524, -0.305355, 0.952238, 0.4, -0.999989, -0.004553, -0.00091, 0.0, 0.0, 0.0, 0.0, 1.0],
                [0.277645, -0.910863, -0.305355, -0.0, 0.088119, -0.292365, 0.952238, 0.4, -0.956634, -0.291292, -0.00091, 0.0, 0.0, 0.0, 0.0, 1.0],
                [0.344093, -0.887895, -0.305355, -0.0, 0.10945, -0.285067, 0.952238, 0.4, -0.932534, -0.36108, -0.00091, 0.0, 0.0, 0.0, 0.0, 1.0],
                [0.344093, -0.887895, -0.305355, -0.0, 0.10945, -0.285067, 0.952238, 0.4, -0.932534, -0.36108, -0.00091, 0.0, 0.0, 0.0, 0.0, 1.0],
                [0.344093, -0.887895, -0.305355, -0.0, 0.10945, -0.285067, 0.952238, 0.4, -0.932534, -0.36108, -0.00091, 0.0, 0.0, 0.0, 0.0, 1.0],
                [0.004613, -0.952228, -0.305355, 0.0, 0.000524, -0.305355, 0.952238, 0.4, -0.999989, -0.004553, -0.00091, 0.0, 0.0, 0.0, 0.0, 1.0]
            ]
        },
        {
            "name": "Arm_L",
            "time": [0.0, 0.1, 0.25, 0.7167, 1.2167, 1.4667, 1.7833],
            "transform": [
                [0.337981, -0.043619, 0.940141, 0.0, -0.891463, 0.305452, 0.334653, 0.39386, -0.301766, -0.951208, 0.064352, 0.0, 0.0, 0.0, 0.0, 1.0],
                [-0.012531, 0.802891, 0.595994, 0.0, -0.358599, 0.552784, -0.752221, 0.39386, -0.933407, -0.223149, 0.280989, -0.0, 0.0, 0.0, 0.0, 1.0],
                [-0.368059, 0.813727, 0.449868, 0.0, -0.623219, 0.143158, -0.768833, 0.39386, -0.690022, -0.563341, 0.45444, 0.0, 0.0, 0.0, 0.0, 1.0],
                [-0.359915, 0.770708, 0.525805, -0.0, -0.633206, 0.212119, -0.744349, 0.39386, -0.685209, -0.600845, 0.411672, 0.0, 0.0, 0.0, 0.0, 1.0],
                [-0.368059, 0.813727, 0.449868, 0.0, -0.623219, 0.143158, -0.768833, 0.39386, -0.690022, -0.563341, 0.45444, 0.0, 0.0, 0.0, 0.0, 1.0],
                [-0.316706, 0.631809, 0.707471, -0.0, 0.004401, 0.746836, -0.664993, 0.39386, -0.948513, -0.207494, -0.239309, -0.0, 0.0, 0.0, 0.0, 1.0],
                [0.337981, -0.043619, 0.940141, 0.0, -0.891463, 0.305452, 0.334653, 0.39386, -0.301766, -0.951208, 0.064352, 0.0, 0.0, 0.0, 0.0, 1.0]
            ]
        },
        {
            "name": "Hand_L",
            "time": [0.0, 0.1, 0.25, 0.7167, 1.2167, 1.4667, 1.7833],
            "transform": [
                [1.0, 0.0, 0.0, -0.0, -0.0, 0.99793, -0.064318, 0.3, -0.0, 0.064318, 0.99793, 0.0, 0.0, 0.0, 0.0, 1.0],
                [1.0, 0.0, 0.0, -0.0, -0.0, 0.714148, -0.699995, 0.3, -0.0, 0.699995, 0.714148, 0.0, 0.0, 0.0, 0.0, 1.0],
                [1.0, 0.0, 0.0, -0.0, -0.0, 0.579356, -0.815075, 0.3, -0.0, 0.815075, 0.579356, -0.0, 0.0, 0.0, 0.0, 1.0],
                [1.0, 0.0, 0.0, -0.0, 0.0, 0.714008, -0.700138, 0.3, -0.0, 0.700138, 0.714008, -0.0, 0.0, 0.0, 0.0, 1.0],
                [1.0, 0.0, 0.0, -0.0, -0.0, 0.579356, -0.815075, 0.3, -0.0, 0.815075, 0.579356, -0.0, 0.0, 0.0, 0.0, 1.0],
                [1.0, 0.0, -0.0, -0.0, -0.0, 0.635106, -0.772425, 0.3, -0.0, 0.772425, 0.635106, 0.0, 0.0, 0.0, 0.0, 1.0],
                [1.0, 0.0, 0.0, -0.0, -0.0, 0.99793, -0.064318, 0.3, -0.0, 0.064318, 0.99793, 0.0, 0.0, 0.0, 0.0, 1.0]
            ]
        },
        {
            "name": "Tool_L",
            "time": [0.0, 0.1, 0.25, 0.8667, 1.2167, 1.7833],
            "transform": [
                [1.0, 0.0, 0.0, 0.0, 0.0, -0.999836, 0.018122, 0.272858, 0.0, -0.018122, -0.999247, -0.0, 0.0, 0.0, 0.0, 1.0],
                [1.0, 0.0, 0.0, 0.0, 0.0, -0.999836, 0.018122, 0.272858, 0.0, -0.018122, -0.999247, -0.0, 0.0, 0.0, 0.0, 1.0],
                [1.0, 0.0, 0.0, 0.0, -0.0, -0.999836, 0.018122, 0.272858, 0.0, -0.018122, -0.999247, -0.0, 0.0, 0.0, 0.0, 1.0],
                [1.0, -0.0, 0.0, 0.0, -0.0, -0.999836, 0.018122, 0.272858, 0.0, -0.018122, -0.999247, -0.0, 0.0, 0.0, 0.0, 1.0],
                [1.0, 0.0, 0.0, 0.0, -0.0, -0.999836, 0.018122, 0.272858, 0.0, -0.018122, -0.999247, -0.0, 0.0, 0.0, 0.0, 1.0],
                [1.0, 0.0, 0.0, 0.0, 0.0, -0.999836, 0.018122, 0.272858, 0.0, -0.018122, -0.999247, -0.0, 0.0, 0.0, 0.0, 1.0]
            ]
        },
        {
            "name": "Elbow_L",
            "time": [0.0, 0.1, 0.25, 0.8667, 1.2167, 1.7833],
            "transform": [
                [-1.0, 0.0, -0.0, -0.0, 0.0, -0.0, -1.0, 0.3, -0.0, -1.0, -0.0, 0.0, 0.0, 0.0, 0.0, 1.0],
                [-1.0, 0.0, -0.0, -0.0, 0.0, -0.0, -1.0, 0.3, -0.0, -1.0, -0.0, 0.0, 0.0, 0.0, 0.0, 1.0],
                [-1.0, 0.0, -0.0, -0.0, 0.0, -0.0, -1.0, 0.3, -0.0, -1.0, 0.0, -0.0, 0.0, 0.0, 0.0, 1.0],
                [-1.0, 0.0, -0.0, 0.0, 0.0, -0.0, -1.0, 0.3, -0.0, -1.0, 0.0, 0.0, 0.0, 0.0, 0.0, 1.0],
                [-1.0, 0.0, -0.0, -0.0, 0.0, -0.0, -1.0, 0.3, -0.0, -1.0, 0.0, -0.0, 0.0, 0.0, 0.0, 1.0],
                [-1.0, 0.0, -0.0, -0.0, 0.0, -0.0, -1.0, 0.3, -0.0, -1.0, -0.0, 0.0, 0.0, 0.0, 0.0, 1.0]
            ]
        }
    ]
}