{
    "animation": [
        {
            "name": "Root",
            "time": [0.0, 0.0333, 0.05, 0.0667, 0.1, 0.2167, 0.2833, 0.4, 0.7833],
            "transform": [
                [-0.268057, 0.131525, -0.954383, -0.011196, -0.962617, 0.003456, 0.270846, -0.02874, 0.038922, 0.991307, 0.125682, 0.623469, 0.0, 0.0, 0.0, 1.0],
                [-0.58103, 0.138979, -0.801929, -0.017968, -0.799296, 0.088267, 0.59442, 0.361874, 0.153395, 0.986354, 0.0598, 0.62347, 0.0, 0.0, 0.0, 1.0],
                [-0.579546, 0.137188, -0.803309, -0.047923, -0.797486, 0.107442, 0.593694, 0.399241, 0.167757, 0.984701, 0.047138, 0.536104, 0.0, 0.0, 0.0, 1.0],
                [-0.576401, 0.133783, -0.806141, 0.018096, -0.797648, 0.122215, 0.590611, 0.445255, 0.177536, 0.983446, 0.036267, 0.795733, 0.0, 0.0, 0.0, 1.0],
                [-0.557738, 0.127108, -0.820227, -0.017545, -0.808874, 0.138388, 0.571464, 0.33746, 0.186147, 0.982187, 0.02563, 0.62347, 0.0, 0.0, 0.0, 1.0],
                [-0.522148, 0.124728, -0.843684, -0.017116, -0.83425, 0.1308, 0.535647, 0.262193, 0.177165, 0.983531, 0.035758, 0.62347, 0.0, 0.0, 0.0, 1.0],
                [-0.268057, 0.131525, -0.954383, -0.011196, -0.962617, 0.003456, 0.270846, -0.02874, 0.038922, 0.991307, 0.125682, 0.623469, 0.0, 0.0, 0.0, 1.0],
                [0.129908, -0.264069, -0.955715, -0.054437, -0.943016, -0.330707, -0.036806, -0.779027, -0.306342, 0.906036, -0.291982, 0.597917, 0.0, 0.0, 0.0, 1.0],
                [1.0, 0.0, 0.0, -5e-06, 0.0, 0.0, -1.0, 0.000946, 0.0, 1.0, 0.0, 0.764948, 0.0, 0.0, 0.0, 1.0]
            ]
        },
        {
            "name": "Thigh_R",
            "time": [0.0, 0.0333, 0.1, 0.2167, 0.2833, 0.4, 0.7833],
            "transform": [
                [0.399045, 0.662707, 0.633705, 0.124994, -0.167564, -0.62677, 0.760974, -0.002831, 0.90149, -0.409848, -0.139064, -1.2e-05, 0.0, 0.0, 0.0, 1.0],
                [0.395693, 0.660015, 0.638597, 0.124994, 0.095961, -0.721255, 0.685989, -0.002831, 0.913355, -0.21016, -0.348733, -1.2e-05, 0.0, 0.0, 0.0, 1.0],
                [0.395694, 0.660015, 0.638597, 0.124994, 0.095961, -0.721255, 0.685989, -0.002831, 0.913355, -0.21016, -0.348733, -1.2e-05, 0.0, 0.0, 0.0, 1.0],
                [0.395785, 0.660127, 0.638423, 0.124994, 0.086845, -0.718977, 0.689585, -0.002831, 0.914227, -0.217482, -0.341891, -1.2e-05, 0.0, 0.0, 0.0, 1.0],
                [0.399045, 0.662707, 0.633705, 0.124994, -0.167564, -0.62677, 0.760974, -0.002831, 0.90149, -0.409848, -0.139064, -1.2e-05, 0.0, 0.0, 0.0, 1.0],
                [0.678503, 0.635796, -0.367962, 0.23125, 0.659627, -0.747765, -0.07574, 0.03641, -0.323305, -0.191327, -0.926751, -0.103774, 0.0, 0.0, 0.0, 1.0],
                [0.973736, 0.084118, 0.211568, 0.124994, 0.051884, -0.986777, 0.153544, -0.002831, 0.221686, -0.138534, -0.965227, -1.2e-05, 0.0, 0.0, 0.0, 1.0]
            ]
        },
        {
            "name": "Leg_R",
            "time": [0.0, 0.0333, 0.1, 0.2167, 0.2833, 0.4, 0.7833],
            "transform": [
                [0.999665, -0.01426, -0.021628, -0.0, 0.025905, 0.547127, 0.836648, 0.37472, -9.7e-05, -0.836929, 0.547312, -0.0, 0.0, 0.0, 0.0, 1.0],
                [0.999665, -0.021933, -0.013786, 0.0, 0.025905, 0.844358, 0.535152, 0.37472, -9.7e-05, -0.535331, 0.844642, -0.0, 0.0, 0.0, 0.0, 1.0],
                [0.999664, -0.021933, -0.013786, -0.0, 0.025905, 0.844358, 0.535152, 0.37472, -9.7e-05, -0.535331, 0.844642, 0.0, 0.0, 0.0, 0.0, 1.0],
                [0.999664, -0.021728, -0.014107, -0.0, 0.025905, 0.836396, 0.547513, 0.37472, -9.7e-05, -0.547696, 0.836677, 0.0, 0.0, 0.0, 0.0, 1.0],
                [0.999665, -0.01426, -0.021628, -0.0, 0.025905, 0.547127, 0.836648, 0.37472, -9.7e-05, -0.836929, 0.547312, -0.0, 0.0, 0.0, 0.0, 1.0],
                [1.0, -0.0, 1e-06, 0.0, -0.0, 0.632623, 0.77446, 0.37472, -1e-06, -0.774461, 0.632621, -0.0, 0.0, 0.0, 0.0, 1.0],
                [1.0, 0.0, 1e-06, 0.0, -0.0, 0.984472, 0.175547, 0.37472, -1e-06, -0.175547, 0.98447, 0.0, 0.0, 0.0, 0.0, 1.0]
            ]
        },
        {
            "name": "Knee_R",
            "time": [0.0, 0.0333, 0.1, 0.2167, 0.2833, 0.4, 0.7833],
            "transform": [
                [1.0, 0.0, -0.0, -0.0, -0.0, 1e-06, -1.0, 0.383077, -0.0, 1.0, 1e-06, -0.001653, 0.0, 0.0, 0.0, 1.0],
                [1.0, 0.0, -0.0, 0.0, -0.0, 1e-06, -1.0, 0.383077, -0.0, 1.0, 1e-06, -0.001653, 0.0, 0.0, 0.0, 1.0],
                [1.0, 0.0, -0.0, -0.0, -0.0, 1e-06, -1.0, 0.383077, -0.0, 1.0, 1e-06, -0.001653, 0.0, 0.0, 0.0, 1.0],
                [1.0, 0.0, -0.0, -0.0, -0.0, 1e-06, -1.0, 0.383077, -0.0, 1.0, 1e-06, -0.001653, 0.0, 0.0, 0.0, 1.0],
                [1.0, 0.0, -0.0, -0.0, -0.0, 1e-06, -1.0, 0.383077, -0.0, 1.0, 1e-06, -0.001653, 0.0, 0.0, 0.0, 1.0],
                [1.0, 0.0, -0.0, 0.0, -0.0, 1e-06, -1.0, 0.383077, -0.0, 1.0, 1e-06, -0.001653, 0.0, 0.0, 0.0, 1.0],
                [1.0, 0.0, -0.0, 0.0, -0.0, 1e-06, -1.0, 0.383077, -0.0, 1.0, 1e-06, -0.001653, 0.0, 0.0, 0.0, 1.0]
            ]
        },
        {
            "name": "Thigh_L",
            "time": [0.0, 0.0333, 0.1, 0.2167, 0.2833, 0.4, 0.7833],
            "transform": [
                [0.820403, -0.509551, 0.259414, -0.260066, -0.546415, -0.56503, 0.6182, -0.024961, -0.168428, -0.648922, -0.741979, -0.019256, 0.0, 0.0, 0.0, 1.0],
                [0.784259, -0.571394, 0.241755, -0.133181, -0.481413, -0.314634, 0.818074, -0.098465, -0.391378, -0.757967, -0.521832, -0.052496, 0.0, 0.0, 0.0, 1.0],
                [0.784259, -0.571394, 0.241755, -0.133181, -0.481414, -0.314634, 0.818074, -0.098465, -0.391378, -0.757968, -0.521832, -0.052496, 0.0, 0.0, 0.0, 1.0],
                [0.785707, -0.569296, 0.242006, -0.137585, -0.484877, -0.323843, 0.812416, -0.095914, -0.384132, -0.755664, -0.530484, -0.051343, 0.0, 0.0, 0.0, 1.0],
                [0.820403, -0.509551, 0.259414, -0.260066, -0.546415, -0.56503, 0.6182, -0.024961, -0.168428, -0.648922, -0.741979, -0.019256, 0.0, 0.0, 0.0, 1.0],
                [0.710983, -0.485631, -0.508591, -0.115411, -0.23716, -0.846464, 0.476712, -0.036045, -0.662009, -0.218316, -0.716994, 0.047041, 0.0, 0.0, 0.0, 1.0],
                [0.95515, -0.069461, -0.287858, -0.125006, -0.059939, -0.997328, 0.041774, -0.002831, -0.28999, -0.022646, -0.956761, -1.2e-05, 0.0, 0.0, 0.0, 1.0]
            ]
        },
        {
            "name": "Leg_L",
            "time": [0.0, 0.0333, 0.1, 0.2167, 0.2833, 0.4, 0.7833],
            "transform": [
                [1.0, -0.0, 1e-06, -0.0, -0.0, 0.649202, 0.760616, 0.37472, -1e-06, -0.760616, 0.649202, 0.0, 0.0, 0.0, 0.0, 1.0],
                [1.0, -1e-06, 1e-06, 0.0, -0.0, 0.115789, 0.993274, 0.37472, -1e-06, -0.993273, 0.115789, -0.0, 0.0, 0.0, 0.0, 1.0],
                [1.0, -1e-06, 1e-06, 0.0, -0.0, 0.115789, 0.993274, 0.37472, -1e-06, -0.993273, 0.115789, 0.0, 0.0, 0.0, 0.0, 1.0],
                [1.0, -1e-06, 1e-06, 0.0, -0.0, 0.135852, 0.990729, 0.37472, -1e-06, -0.990729, 0.135852, -0.0, 0.0, 0.0, 0.0, 1.0],
                [1.0, -0.0, 1e-06, -0.0, -0.0, 0.649202, 0.760616, 0.37472, -1e-06, -0.760616, 0.649202, 0.0, 0.0, 0.0, 0.0, 1.0],
                [1.0, -0.0, 0.0, -0.0, 0.0, 0.670147, 0.742229, 0.37472, -1e-06, -0.742228, 0.670147, 0.0, 0.0, 0.0, 0.0, 1.0],
                [1.0, 0.0, 1e-06, 0.0, -0.0, 0.996194, 0.087156, 0.37472, -1e-06, -0.087156, 0.996195, -0.0, 0.0, 0.0, 0.0, 1.0]
            ]
        },
        {
            "name": "Knee_L",
            "time": [0.0, 0.0333, 0.1, 0.2167, 0.2833, 0.4, 0.7833],
            "transform": [
                [1.0, 0.0, -0.0, -0.0, -0.0, 1e-06, -1.0, 0.37472, -0.0, 1.0, 1e-06, 0.0, 0.0, 0.0, 0.0, 1.0],
                [1.0, 0.0, -0.0, 0.0, -0.0, 1e-06, -1.0, 0.37472, -0.0, 1.0, 1e-06, -0.0, 0.0, 0.0, 0.0, 1.0],
                [1.0, 0.0, -0.0, 0.0, -0.0, 1e-06, -1.0, 0.37472, -0.0, 1.0, 1e-06, 0.0, 0.0, 0.0, 0.0, 1.0],
                [1.0, 0.0, -0.0, 0.0, -0.0, 1e-06, -1.0, 0.37472, -0.0, 1.0, 1e-06, -0.0, 0.0, 0.0, 0.0, 1.0],
                [1.0, 0.0, -0.0, -0.0, -0.0, 1e-06, -1.0, 0.37472, -0.0, 1.0, 1e-06, 0.0, 0.0, 0.0, 0.0, 1.0],
                [1.0, 0.0, -0.0, -0.0, -0.0, 0.546416, -0.837514, 0.37472, -0.0, 0.837514, 0.546416, 0.0, 0.0, 0.0, 0.0, 1.0],
                [1.0, 0.0, -0.0, 0.0, -0.0, 1e-06, -1.0, 0.37472, -0.0, 1.0, 1e-06, -0.0, 0.0, 0.0, 0.0, 1.0]
            ]
        },
        {
            "name": "Torso",
            "time": [0.0, 0.0333, 0.1, 0.2167, 0.2833, 0.4, 0.7833],
            "transform": [
                [0.874629, 0.006017, -0.484756, 0.0, 0.028337, 0.997579, 0.063509, 0.05, 0.483965, -0.069284, 0.872341, 0.0, 0.0, 0.0, 0.0, 1.0],
                [0.808063, 0.020789, -0.588729, -0.0, 0.039723, 0.99518, 0.089663, 0.05, 0.587755, -0.09584, 0.803342, -0.0, 0.0, 0.0, 0.0, 1.0],
                [0.808063, 0.020789, -0.588729, 0.0, 0.039723, 0.99518, 0.089663, 0.05, 0.587755, -0.09584, 0.803342, 0.0, 0.0, 0.0, 0.0, 1.0],
                [0.810584, 0.020222, -0.585273, 0.0, 0.039275, 0.995277, 0.088782, 0.05, 0.584304, -0.094952, 0.805961, -0.0, 0.0, 0.0, 0.0, 1.0],
                [0.874629, 0.006017, -0.484756, 0.0, 0.028337, 0.997579, 0.063509, 0.05, 0.483965, -0.069284, 0.872341, 0.0, 0.0, 0.0, 0.0, 1.0],
                [0.71855, -0.548675, 0.427366, -0.0, 0.085521, 0.67954, 0.728637, 0.05, -0.690197, -0.487013, 0.535206, -0.0, 0.0, 0.0, 0.0, 1.0],
                [0.996512, 0.0, 0.083446, 0.0, 0.0, 1.0, 0.0, 0.05, -0.083446, 0.0, 0.996512, 0.0, 0.0, 0.0, 0.0, 1.0]
            ]
        },
        {
            "name": "Chest",
            "time": [0.0, 0.0333, 0.1, 0.2167, 0.2833, 0.4, 0.7833],
            "transform": [
                [0.894134, 0.084477, -0.43976, -0.0, 0.139738, 0.88037, 0.453236, 0.3, 0.425439, -0.466704, 0.775364, 0.0, 0.0, 0.0, 0.0, 1.0],
                [0.894134, 0.084477, -0.43976, -0.0, 0.139738, 0.88037, 0.453236, 0.3, 0.425439, -0.466704, 0.775364, 0.0, 0.0, 0.0, 0.0, 1.0],
                [0.894134, 0.084477, -0.43976, -0.0, 0.139738, 0.88037, 0.453236, 0.3, 0.425439, -0.466704, 0.775364, -0.0, 0.0, 0.0, 0.0, 1.0],
                [0.894134, 0.084477, -0.43976, 0.0, 0.139738, 0.88037, 0.453236, 0.3, 0.425439, -0.466704, 0.775364, 0.0, 0.0, 0.0, 0.0, 1.0],
                [0.894134, 0.084477, -0.43976, -0.0, 0.139738, 0.88037, 0.453236, 0.3, 0.425439, -0.466704, 0.775364, 0.0, 0.0, 0.0, 0.0, 1.0],
                [0.948031, -0.194056, 0.252148, -0.0, 0.061353, 0.889098, 0.453586, 0.3, -0.312205, -0.414543, 0.854799, 0.0, 0.0, 0.0, 0.0, 1.0],
                [0.996909, 0.004476, -0.078441, 0.0, 0.0, 0.998376, 0.056972, 0.3, 0.078568, -0.056796, 0.99529, 0.0, 0.0, 0.0, 0.0, 1.0]
            ]
        },
        {
            "name": "Head",
            "time": [0.0, 0.0333, 0.1, 0.2167, 0.2833, 0.4, 0.7833],
            "transform": [
                [0.503064, -0.003634, 0.864241, 0.0, 0.068013, 0.997056, -0.035397, 0.4, -0.861569, 0.076587, 0.501831, -0.0, 0.0, 0.0, 0.0, 1.0],
                [0.503064, -0.003634, 0.864241, -0.0, 0.068013, 0.997056, -0.035397, 0.4, -0.861569, 0.076587, 0.501831, -0.0, 0.0, 0.0, 0.0, 1.0],
                [0.503064, -0.003634, 0.864241, 0.0, 0.068013, 0.997056, -0.035397, 0.4, -0.861569, 0.076587, 0.501831, 0.0, 0.0, 0.0, 0.0, 1.0],
                [0.503064, -0.003634, 0.864241, 0.0, 0.068013, 0.997056, -0.035397, 0.4, -0.861569, 0.076587, 0.501831, 0.0, 0.0, 0.0, 0.0, 1.0],
                [0.503064, -0.003634, 0.864241, 0.0, 0.068013, 0.997056, -0.035397, 0.4, -0.861569, 0.076587, 0.501831, -0.0, 0.0, 0.0, 0.0, 1.0],
                [0.995059, -0.035704, 0.092647, -0.0, 0.025521, 0.993729, 0.108863, 0.4, -0.095953, -0.105961, 0.98973, 0.0, 0.0, 0.0, 0.0, 1.0],
                [1.0, -0.0, 0.0, 0.0, -0.0, 0.999699, -0.024548, 0.4, 0.0, 0.024548, 0.999699, 0.0, 0.0, 0.0, 0.0, 1.0]
            ]
        },
        {
            "name": "Shoulder_R",
            "time": [0.0, 0.0333, 0.1, 0.2167, 0.2833, 0.4, 0.7833],
            "transform": [
                [-0.004613, 0.951979, 0.306128, 0.0, 0.000526, -0.306129, 0.95199, 0.4, 0.999989, 0.004553, 0.000911, -0.0, 0.0, 0.0, 0.0, 1.0],
                [-0.004613, 0.951979, 0.306128, -0.0, 0.000526, -0.306129, 0.95199, 0.4, 0.999989, 0.004553, 0.000911, -0.0, 0.0, 0.0, 0.0, 1.0],
                [-0.004613, 0.951979, 0.306128, 0.0, 0.000526, -0.306129, 0.95199, 0.4, 0.999989, 0.004553, 0.000911, 0.0, 0.0, 0.0, 0.0, 1.0],
                [-0.004613, 0.951979, 0.306128, 0.0, 0.000526, -0.306129, 0.95199, 0.4, 0.999989, 0.004553, 0.000911, 0.0, 0.0, 0.0, 0.0, 1.0],
                [-0.004613, 0.951979, 0.306128, 0.0, 0.000526, -0.306129, 0.95199, 0.4, 0.999989, 0.004553, 0.000911, -0.0, 0.0, 0.0, 0.0, 1.0],
                [0.10503, 0.946179, 0.306128, -0.0, -0.034726, -0.304153, 0.95199, 0.4, 0.993862, -0.110618, 0.000911, 0.0, 0.0, 0.0, 0.0, 1.0],
                [-0.004613, 0.951979, 0.306128, 0.0, 0.000526, -0.306129, 0.95199, 0.4, 0.999989, 0.004553, 0.000911, 0.0, 0.0, 0.0, 0.0, 1.0]
            ]
        },
        {
            "name": "Arm_R",
            "time": [0.0, 0.0333, 0.1, 0.2167, 0.2833, 0.4, 0.7833],
            "transform": [
                [0.022683, -0.545225, -0.837982, -0.0, 0.742867, 0.570137, -0.350846, 0.39386, 0.669055, -0.614551, 0.417962, -0.0, 0.0, 0.0, 0.0, 1.0],
                [0.022683, -0.545225, -0.837982, 0.0, 0.742867, 0.570137, -0.350846, 0.393861, 0.669055, -0.614551, 0.417962, 0.0, 0.0, 0.0, 0.0, 1.0],
                [0.022683, -0.545225, -0.837982, -0.0, 0.742867, 0.570137, -0.350846, 0.39386, 0.669055, -0.614551, 0.417962, 0.0, 0.0, 0.0, 0.0, 1.0],
                [0.022683, -0.545225, -0.837982, 0.0, 0.742867, 0.570137, -0.350846, 0.39386, 0.669055, -0.614551, 0.417962, -0.0, 0.0, 0.0, 0.0, 1.0],
                [0.022683, -0.545225, -0.837982, -0.0, 0.742867, 0.570137, -0.350846, 0.39386, 0.669055, -0.614551, 0.417962, -0.0, 0.0, 0.0, 0.0, 1.0],
                [0.812418, -0.209312, -0.54421, 0.0, 0.494774, 0.741308, 0.453498, 0.393861, 0.308505, -0.637691, 0.705815, 0.0, 0.0, 0.0, 0.0, 1.0],
                [0.101348, -0.728137, -0.677897, -0.0, 0.953637, 0.265202, -0.142285, 0.393861, 0.283383, -0.632047, 0.721256, -0.0, 0.0, 0.0, 0.0, 1.0]
            ]
        },
        {
            "name": "Hand_R",
            "time": [0.0, 0.0333, 0.1, 0.2167, 0.2833, 0.4, 0.7833],
            "transform": [
                [1.0, -0.0, -0.0, 0.0, -0.0, 0.642993, -0.765872, 0.3, 0.0, 0.765872, 0.642993, -0.0, 0.0, 0.0, 0.0, 1.0],
                [1.0, -0.0, -0.0, 0.0, -0.0, 0.642993, -0.765872, 0.3, 0.0, 0.765872, 0.642993, 0.0, 0.0, 0.0, 0.0, 1.0],
                [1.0, -0.0, -0.0, 0.0, -0.0, 0.642993, -0.765872, 0.3, 0.0, 0.765872, 0.642993, -0.0, 0.0, 0.0, 0.0, 1.0],
                [1.0, -0.0, -0.0, 0.0, -0.0, 0.642993, -0.765872, 0.3, 0.0, 0.765872, 0.642993, 0.0, 0.0, 0.0, 0.0, 1.0],
                [1.0, -0.0, -0.0, 0.0, -0.0, 0.642993, -0.765872, 0.3, 0.0, 0.765872, 0.642993, -0.0, 0.0, 0.0, 0.0, 1.0],
                [1.0, 0.0, -0.0, -0.0, -0.0, 0.998542, 0.053977, 0.3, 0.0, -0.053977, 0.998542, -0.0, 0.0, 0.0, 0.0, 1.0],
                [1.0, -0.0, 0.0, -0.0, 0.0, -0.293999, -0.955806, 0.3, 0.0, 0.955806, -0.293998, 0.0, 0.0, 0.0, 0.0, 1.0]
            ]
        },
        {
            "name": "Tool_R",
            "time": [0.0, 0.0333, 0.1, 0.2167, 0.2833, 0.4, 0.7833],
            "transform": [
                [1.0, -0.0, 0.0, -0.0, 0.0, -0.999836, 0.018122, 0.272858, 0.0, -0.018122, -0.999243, -0.0, 0.0, 0.0, 0.0, 1.0],
                [1.0, 0.0, 0.0, 0.0, 0.0, -0.999836, 0.018122, 0.272858, 0.0, -0.018122, -0.999244, -0.0, 0.0, 0.0, 0.0, 1.0],
                [1.0, 0.0, 0.0, -0.0, 0.0, -0.999836, 0.018122, 0.272858, 0.0, -0.018122, -0.999244, 0.0, 0.0, 0.0, 0.0, 1.0],
                [1.0, 0.0, 0.0, 0.0, 0.0, -0.999836, 0.018122, 0.272858, 0.0, -0.018122, -0.999244, -0.0, 0.0, 0.0, 0.0, 1.0],
                [1.0, -0.0, 0.0, -0.0, 0.0, -0.999836, 0.018122, 0.272858, 0.0, -0.018122, -0.999243, -0.0, 0.0, 0.0, 0.0, 1.0],
                [1.0, 0.0, 0.0, 0.0, -0.0, -0.999836, 0.018122, 0.272858, 0.0, -0.018122, -0.999244, 0.0, 0.0, 0.0, 0.0, 1.0],
                [1.0, 0.0, 0.0, 0.0, 0.0, -0.999836, 0.018122, 0.272858, 0.0, -0.018122, -0.999244, -0.0, 0.0, 0.0, 0.0, 1.0]
            ]
        },
        {
            "name": "Elbow_R",
            "time": [0.0, 0.0333, 0.1, 0.2167, 0.2833, 0.4, 0.7833],
            "transform": [
                [-1.0, 0.0, 0.0, 0.0, 0.0, 0.735098, -0.677961, 0.3, -0.0, -0.677961, -0.735098, -0.0, 0.0, 0.0, 0.0, 1.0],
                [-1.0, 0.0, 0.0, 0.0, -0.0, 0.735098, -0.677961, 0.3, -0.0, -0.677961, -0.735098, 0.0, 0.0, 0.0, 0.0, 1.0],
                [-1.0, 0.0, 0.0, 0.0, -0.0, 0.735098, -0.677961, 0.3, -0.0, -0.677961, -0.735098, -0.0, 0.0, 0.0, 0.0, 1.0],
                [-1.0, 0.0, 0.0, 0.0, 0.0, 0.735098, -0.677961, 0.3, -0.0, -0.677961, -0.735098, 0.0, 0.0, 0.0, 0.0, 1.0],
                [-1.0, 0.0, 0.0, 0.0, 0.0, 0.735098, -0.677961, 0.3, -0.0, -0.677961, -0.735098, -0.0, 0.0, 0.0, 0.0, 1.0],
                [-1.0, 0.0, 0.0, -0.0, 0.0, 0.152392, -0.98832, 0.3, -0.0, -0.98832, -0.152392, -0.0, 0.0, 0.0, 0.0, 1.0],
                [-1.0, 0.0, 0.0, -0.0, 0.0, 0.735098, -0.677961, 0.3, -0.0, -0.677961, -0.735098, 0.0, 0.0, 0.0, 0.0, 1.0]
            ]
        },
        {
            "name": "Shoulder_L",
            "time": [0.0, 0.0333, 0.1, 0.2167, 0.2833, 0.4, 0.7833],
            "transform": [
                [0.344093, -0.887895, -0.305354, 0.0, 0.10945, -0.285067, 0.952238, 0.4, -0.932534, -0.36108, -0.00091, -0.0, 0.0, 0.0, 0.0, 1.0],
                [0.344093, -0.887895, -0.305355, -0.0, 0.10945, -0.285067, 0.952238, 0.4, -0.932534, -0.36108, -0.00091, -0.0, 0.0, 0.0, 0.0, 1.0],
                [0.344093, -0.887895, -0.305355, 0.0, 0.10945, -0.285067, 0.952238, 0.4, -0.932534, -0.36108, -0.00091, 0.0, 0.0, 0.0, 0.0, 1.0],
                [0.344093, -0.887895, -0.305355, 0.0, 0.10945, -0.285067, 0.952238, 0.4, -0.932534, -0.36108, -0.00091, 0.0, 0.0, 0.0, 0.0, 1.0],
                [0.344093, -0.887895, -0.305354, 0.0, 0.10945, -0.285067, 0.952238, 0.4, -0.932534, -0.36108, -0.00091, -0.0, 0.0, 0.0, 0.0, 1.0],
                [-0.137749, -0.864241, -0.483853, -0.0, -0.15578, -0.463525, 0.872283, 0.4, -0.97814, 0.195531, -0.070781, 0.0, 0.0, 0.0, 0.0, 1.0],
                [0.004613, -0.952228, -0.305355, 0.0, 0.000524, -0.305355, 0.952238, 0.4, -0.999989, -0.004553, -0.00091, 0.0, 0.0, 0.0, 0.0, 1.0]
            ]
        },
        {
            "name": "Arm_L",
            "time": [0.0, 0.0333, 0.1, 0.2167, 0.2833, 0.4, 0.7833],
            "transform": [
                [-0.368059, 0.813727, 0.449868, -0.0, -0.623219, 0.143158, -0.768833, 0.39386, -0.690022, -0.563341, 0.45444, 0.0, 0.0, 0.0, 0.0, 1.0],
                [-0.397361, 0.915322, 0.065492, -0.0, -0.478981, -0.146002, -0.865599, 0.39386, -0.78274, -0.375324, 0.496437, -0.0, 0.0, 0.0, 0.0, 1.0],
                [-0.397361, 0.915322, 0.065492, -0.0, -0.478981, -0.146002, -0.865599, 0.39386, -0.78274, -0.375324, 0.496437, 0.0, 0.0, 0.0, 0.0, 1.0],
                [-0.397509, 0.914166, 0.079286, -0.0, -0.484087, -0.135522, -0.864461, 0.39386, -0.779517, -0.382012, 0.496407, 0.0, 0.0, 0.0, 0.0, 1.0],
                [-0.368059, 0.813727, 0.449868, -0.0, -0.623219, 0.143158, -0.768833, 0.39386, -0.690022, -0.563341, 0.45444, 0.0, 0.0, 0.0, 0.0, 1.0],
                [0.874895, -0.301611, 0.378933, -0.0, -0.12311, 0.618215, 0.776308, 0.39386, -0.468405, -0.725838, 0.503742, 0.0, 0.0, 0.0, 0.0, 1.0],
                [0.337981, -0.043619, 0.940141, 0.0, -0.891463, 0.305452, 0.334653, 0.39386, -0.301766, -0.951208, 0.064352, 0.0, 0.0, 0.0, 0.0, 1.0]
            ]
        },
        {
            "name": "Hand_L",
            "time": [0.0, 0.0333, 0.1, 0.2167, 0.2833, 0.4, 0.7833],
            "transform": [
                [1.0, 0.0, 0.0, -0.0, -0.0, 0.579356, -0.815075, 0.3, -0.0, 0.815074, 0.579356, -0.0, 0.0, 0.0, 0.0, 1.0],
                [1.0, 0.0, -0.0, -0.0, -0.0, 0.579356, -0.815075, 0.3, -0.0, 0.815075, 0.579356, -0.0, 0.0, 0.0, 0.0, 1.0],
                [1.0, 0.0, -0.0, -0.0, -0.0, 0.579356, -0.815075, 0.3, -0.0, 0.815075, 0.579356, -0.0, 0.0, 0.0, 0.0, 1.0],
                [1.0, 0.0, 0.0, 0.0, -0.0, 0.579356, -0.815075, 0.3, -0.0, 0.815075, 0.579357, 0.0, 0.0, 0.0, 0.0, 1.0],
                [1.0, 0.0, 0.0, -0.0, -0.0, 0.579356, -0.815075, 0.3, -0.0, 0.815074, 0.579356, -0.0, 0.0, 0.0, 0.0, 1.0],
                [1.0, 0.0, 0.0, 0.0, -0.0, 0.981865, -0.189585, 0.3, -0.0, 0.189585, 0.981865, -0.0, 0.0, 0.0, 0.0, 1.0],
                [1.0, 0.0, 0.0, -0.0, -0.0, 0.99793, -0.064318, 0.3, -0.0, 0.064318, 0.99793, 0.0, 0.0, 0.0, 0.0, 1.0]
            ]
        },
        {
            "name": "Tool_L",
            "time": [0.0, 0.0333, 0.1, 0.2167, 0.2833, 0.4, 0.7833],
            "transform": [
                [1.0, 0.0, 0.0, -0.0, 0.0, -0.999836, 0.018122, 0.272858, 0.0, -0.018122, -0.999247, -0.0, 0.0, 0.0, 0.0, 1.0],
                [1.0, 0.0, 0.0, -0.0, 0.0, -0.999836, 0.018122, 0.272858, 0.0, -0.018122, -0.999247, -0.0, 0.0, 0.0, 0.0, 1.0],
                [1.0, 0.0, 0.0, 0.0, 0.0, -0.999836, 0.018122, 0.272858, 0.0, -0.018122, -0.999247, -0.0, 0.0, 0.0, 0.0, 1.0],
                [1.0, -0.0, 0.0, 0.0, 0.0, -0.999836, 0.018122, 0.272858, 0.0, -0.018122, -0.999247, 0.0, 0.0, 0.0, 0.0, 1.0],
                [1.0, 0.0, 0.0, -0.0, 0.0, -0.999836, 0.018122, 0.272858, 0.0, -0.018122, -0.999247, -0.0, 0.0, 0.0, 0.0, 1.0],
                [1.0, 0.0, 0.0, -0.0, 0.0, -0.999836, 0.018122, 0.272858, 0.0, -0.018122, -0.999247, 0.0, 0.0, 0.0, 0.0, 1.0],
                [1.0, 0.0, 0.0, 0.0, 0.0, -0.999836, 0.018122, 0.272858, 0.0, -0.018122, -0.999247, -0.0, 0.0, 0.0, 0.0, 1.0]
            ]
        },
        {
            "name": "Elbow_L",
            "time": [0.0, 0.0333, 0.1, 0.2167, 0.2833, 0.4, 0.7833],
            "transform": [
                [-1.0, 0.0, 0.0, -0.0, 0.0, -0.0, -1.0, 0.3, -0.0, -1.0, -0.0, -0.0, 0.0, 0.0, 0.0, 1.0],
                [-1.0, 0.0, -0.0, -0.0, 0.0, -0.0, -1.0, 0.3, -0.0, -1.0, -0.0, -0.0, 0.0, 0.0, 0.0, 1.0],
                [-1.0, 0.0, -0.0, -0.0, 0.0, -0.0, -1.0, 0.3, -0.0, -1.0, -0.0, -0.0, 0.0, 0.0, 0.0, 1.0],
                [-1.0, 0.0, 0.0, 0.0, 0.0, -0.0, -1.0, 0.3, -0.0, -1.0, -0.0, 0.0, 0.0, 0.0, 0.0, 1.0],
                [-1.0, 0.0, 0.0, -0.0, 0.0, -0.0, -1.0, 0.3, -0.0, -1.0, -0.0, -0.0, 0.0, 0.0, 0.0, 1.0],
                [-1.0, 0.0, -0.0, 0.0, 0.0, -0.0, -1.0, 0.3, -0.0, -1.0, -0.0, -0.0, 0.0, 0.0, 0.0, 1.0],
                [-1.0, 0.0, -0.0, -0.0, 0.0, -0.0, -1.0, 0.3, -0.0, -1.0, -0.0, 0.0, 0.0, 0.0, 0.0, 1.0]
            ]
        }
    ]
}