{
    "animation": [
        {
            "name": "Root",
            "time": [0.0, 0.1333, 0.3333, 0.4, 0.4167, 0.4333, 0.4667, 0.5, 0.8333, 1.1333],
            "transform": [
                [0.14964, -0.36144, -0.920309, 0.046642, -0.703549, -0.692919, 0.15774, 0.018976, -0.694713, 0.623879, -0.357979, 0.860323, 0.0, 0.0, 0.0, 1.0],
                [0.14964, -0.36144, -0.920309, 0.052591, -0.703549, -0.692919, 0.15774, 0.795131, -0.694713, 0.623879, -0.357979, 0.946887, 0.0, 0.0, 0.0, 1.0],
                [0.158451, -0.357665, -0.920309, 0.04723, -0.68636, -0.709949, 0.15774, 0.934797, -0.709791, 0.60667, -0.357979, 0.971384, 0.0, 0.0, 0.0, 1.0],
                [0.305255, -0.295469, -0.905272, -0.027902, -0.945279, -0.209004, -0.250529, 0.652862, -0.115182, 0.93221, -0.343101, 0.681781, 0.0, 0.0, 0.0, 1.0],
                [0.295561, -0.293042, -0.909269, -0.068168, -0.946842, -0.216407, -0.23803, 0.445414, -0.127019, 0.931287, -0.341426, 0.84155, 0.0, 0.0, 0.0, 1.0],
                [0.267115, -0.286444, -0.920108, -0.013379, -0.950207, -0.237303, -0.201977, 0.177588, -0.16049, 0.928244, -0.335568, 0.557007, 0.0, 0.0, 0.0, 1.0],
                [0.183506, -0.271155, -0.944881, -0.048396, -0.949781, -0.296742, -0.0993, -0.420484, -0.25346, 0.915652, -0.311992, 0.74197, 0.0, 0.0, 0.0, 1.0],
                [0.129908, -0.264069, -0.955715, -0.054437, -0.943016, -0.330707, -0.036806, -0.779027, -0.306342, 0.906036, -0.291982, 0.597917, 0.0, 0.0, 0.0, 1.0],
                [0.100194, -0.259339, -0.960575, -0.038342, -0.942393, -0.334411, -0.008012, -0.928324, -0.319149, 0.906042, -0.277905, 0.689559, 0.0, 0.0, 0.0, 1.0],
                [1.0, 0.0, 0.0, 0.019262, 0.0, 0.0, -1.0, -1.019055, 0.0, 1.0, 0.0, 0.772701, 0.0, 0.0, 0.0, 1.0]
            ]
        },
        {
            "name": "Thigh_R",
            "time": [0.0, 0.05, 0.1333, 0.3333, 0.4, 0.5, 0.8333, 1.1333],
            "transform": [
                [0.422768, 0.898073, -0.121359, 0.25298, 0.839034, -0.438498, -0.322087, 0.048791, -0.342474, 0.034344, -0.9389, 0.060598, 0.0, 0.0, 0.0, 1.0],
                [0.698349, 0.697376, -0.161163, 0.270377, 0.66107, -0.714749, -0.228296, 0.041986, -0.274399, 0.05289, -0.960161, 0.062937, 0.0, 0.0, 0.0, 1.0],
                [0.422768, 0.898073, -0.121359, 0.322131, 0.839034, -0.438498, -0.322087, 0.02174, -0.342474, 0.034344, -0.9389, 0.069895, 0.0, 0.0, 0.0, 1.0],
                [0.422768, 0.898073, -0.121359, 0.339136, 0.839034, -0.438498, -0.322087, 0.015089, -0.342474, 0.034344, -0.9389, 0.072181, 0.0, 0.0, 0.0, 1.0],
                [0.808971, 0.489292, -0.325819, 0.153833, 0.497818, -0.864991, -0.062964, -0.053111, -0.312639, -0.111262, -0.943333, -0.093852, 0.0, 0.0, 0.0, 1.0],
                [0.678503, 0.635796, -0.367962, 0.23125, 0.659627, -0.747765, -0.07574, 0.03641, -0.323305, -0.191327, -0.926751, -0.103774, 0.0, 0.0, 0.0, 1.0],
                [0.651648, 0.663539, -0.367517, 0.235796, 0.687657, -0.721279, -0.082958, -0.049623, -0.320129, -0.198665, -0.92631, -0.078106, 0.0, 0.0, 0.0, 1.0],
                [0.973736, 0.084118, 0.211568, 0.124994, 0.051884, -0.986777, 0.153544, -0.002831, 0.221686, -0.138534, -0.965227, -1.2e-05, 0.0, 0.0, 0.0, 1.0]
            ]
        },
        {
            "name": "Leg_R",
            "time": [0.0, 0.1333, 0.3333, 0.4, 0.5, 0.8333, 1.1333],
            "transform": [
                [1.0, 0.0, 1e-06, 0.0, -0.0, 0.957342, 0.288959, 0.37472, -1e-06, -0.28896, 0.957341, 0.0, 0.0, 0.0, 0.0, 1.0],
                [1.0, 0.0, 1e-06, 0.0, -0.0, 0.957342, 0.288959, 0.37472, -1e-06, -0.28896, 0.957341, -0.0, 0.0, 0.0, 0.0, 1.0],
                [1.0, 0.0, 1e-06, 0.0, -0.0, 0.957342, 0.288959, 0.37472, -1e-06, -0.28896, 0.957341, -0.0, 0.0, 0.0, 0.0, 1.0],
                [1.0, -0.0, 1e-06, 0.0, -0.0, 0.90127, 0.43326, 0.37472, -1e-06, -0.43326, 0.901268, 0.0, 0.0, 0.0, 0.0, 1.0],
                [1.0, -0.0, 1e-06, 0.0, -0.0, 0.632623, 0.77446, 0.37472, -1e-06, -0.774461, 0.632621, -0.0, 0.0, 0.0, 0.0, 1.0],
                [1.0, -0.0, 1e-06, 0.0, -0.0, 0.590503, 0.807035, 0.37472, -1e-06, -0.807037, 0.590502, 0.0, 0.0, 0.0, 0.0, 1.0],
                [1.0, 0.0, 1e-06, 0.0, -0.0, 0.984472, 0.175547, 0.37472, -1e-06, -0.175547, 0.98447, -0.0, 0.0, 0.0, 0.0, 1.0]
            ]
        },
        {
            "name": "Knee_R",
            "time": [0.0, 0.1333, 0.3333, 0.4, 0.5, 0.8333, 1.1333],
            "transform": [
                [1.0, 0.0, -0.0, -0.0, -0.0, 1e-06, -1.0, 0.383077, -0.0, 1.0, 1e-06, -0.001653, 0.0, 0.0, 0.0, 1.0],
                [1.0, 0.0, -0.0, -0.0, -0.0, 1e-06, -1.0, 0.383077, -0.0, 1.0, 1e-06, -0.001653, 0.0, 0.0, 0.0, 1.0],
                [1.0, 0.0, -0.0, 0.0, -0.0, 1e-06, -1.0, 0.383077, -0.0, 1.0, 1e-06, -0.001653, 0.0, 0.0, 0.0, 1.0],
                [1.0, 0.0, -0.0, -0.0, -0.0, 1e-06, -1.0, 0.383077, -0.0, 1.0, 1e-06, -0.001653, 0.0, 0.0, 0.0, 1.0],
                [1.0, 0.0, -0.0, 0.0, -0.0, 1e-06, -1.0, 0.383077, -0.0, 1.0, 1e-06, -0.001653, 0.0, 0.0, 0.0, 1.0],
                [1.0, 0.0, -0.0, 0.0, -0.0, 1e-06, -1.0, 0.383077, 0.0, 1.0, 1e-06, -0.001653, 0.0, 0.0, 0.0, 1.0],
                [1.0, 0.0, -0.0, 0.0, -0.0, 1e-06, -1.0, 0.383077, -0.0, 1.0, 1e-06, -0.001653, 0.0, 0.0, 0.0, 1.0]
            ]
        },
        {
            "name": "Thigh_L",
            "time": [0.0, 0.05, 0.1333, 0.3333, 0.4, 0.5, 0.8333, 1.1333],
            "transform": [
                [0.59175, -0.80462, 0.04918, -0.28425, -0.801502, -0.580742, 0.142593, -0.165784, -0.086172, -0.123797, -0.988559, 0.079195, 0.0, 0.0, 0.0, 1.0],
                [0.592839, -0.64326, 0.484518, -0.243434, -0.773886, -0.288602, 0.563745, -0.146278, -0.222801, -0.709173, -0.668905, 0.081325, 0.0, 0.0, 0.0, 1.0],
                [0.527121, -0.80462, -0.273368, -0.12201, -0.602599, -0.580742, 0.547368, -0.088248, -0.59918, -0.123797, -0.790985, 0.08766, 0.0, 0.0, 0.0, 1.0],
                [0.485074, -0.80462, -0.342476, -0.082114, -0.522611, -0.580742, 0.624192, -0.069181, -0.701127, -0.123797, -0.702207, 0.089742, 0.0, 0.0, 0.0, 1.0],
                [0.542695, -0.601687, -0.586049, -0.082114, -0.583744, -0.771872, 0.251906, -0.069181, -0.603922, 0.205396, -0.770123, 0.089742, 0.0, 0.0, 0.0, 1.0],
                [0.710983, -0.485631, -0.508591, -0.115411, -0.23716, -0.846464, 0.476712, -0.036045, -0.662009, -0.218316, -0.716994, 0.047041, 0.0, 0.0, 0.0, 1.0],
                [0.723304, -0.352869, -0.59356, -0.082114, -0.196238, -0.929172, 0.313256, -0.069181, -0.662058, -0.1101, -0.741321, 0.089742, 0.0, 0.0, 0.0, 1.0],
                [0.95515, -0.069461, -0.287858, -0.125006, -0.059939, -0.997328, 0.041774, -0.002831, -0.28999, -0.022646, -0.956761, -1.2e-05, 0.0, 0.0, 0.0, 1.0]
            ]
        },
        {
            "name": "Leg_L",
            "time": [0.0, 0.1333, 0.3333, 0.4, 0.5, 0.8333, 1.1333],
            "transform": [
                [1.0, 0.0, 1e-06, 0.0, -0.0, 0.994743, 0.102402, 0.37472, -1e-06, -0.102402, 0.994743, 0.0, 0.0, 0.0, 0.0, 1.0],
                [1.0, -1e-06, 0.0, -0.0, -0.0, 0.300937, 0.953644, 0.37472, -1e-06, -0.953644, 0.300937, -0.0, 0.0, 0.0, 0.0, 1.0],
                [1.0, -1e-06, 0.0, -0.0, -0.0, 0.034794, 0.999395, 0.37472, -1e-06, -0.999394, 0.034794, 0.0, 0.0, 0.0, 0.0, 1.0],
                [1.0, -0.0, 0.0, 0.0, -0.0, 0.864479, 0.502668, 0.37472, -1e-06, -0.502668, 0.86448, 0.0, 0.0, 0.0, 0.0, 1.0],
                [1.0, -0.0, 0.0, -0.0, 0.0, 0.670147, 0.742229, 0.37472, -1e-06, -0.742228, 0.670147, 0.0, 0.0, 0.0, 0.0, 1.0],
                [1.0, -1e-06, 0.0, 0.0, -0.0, 0.624466, 0.781053, 0.37472, -1e-06, -0.781052, 0.624466, 0.0, 0.0, 0.0, 0.0, 1.0],
                [1.0, 0.0, 1e-06, 0.0, -0.0, 0.996194, 0.087156, 0.37472, -1e-06, -0.087156, 0.996195, 0.0, 0.0, 0.0, 0.0, 1.0]
            ]
        },
        {
            "name": "Knee_L",
            "time": [0.0, 0.1333, 0.3333, 0.4, 0.5, 0.8333, 1.1333],
            "transform": [
                [1.0, 0.0, -0.0, 0.0, -0.0, 1e-06, -1.0, 0.37472, -0.0, 1.0, 1e-06, 0.0, 0.0, 0.0, 0.0, 1.0],
                [1.0, 0.0, -0.0, -0.0, -0.0, 0.448206, -0.89393, 0.37472, -0.0, 0.89393, 0.448206, -0.0, 0.0, 0.0, 0.0, 1.0],
                [1.0, 0.0, -0.0, -0.0, -0.0, 0.546416, -0.837514, 0.37472, -0.0, 0.837514, 0.546416, 0.0, 0.0, 0.0, 0.0, 1.0],
                [1.0, 0.0, -0.0, 0.0, -0.0, 0.546416, -0.837514, 0.37472, -0.0, 0.837514, 0.546416, 0.0, 0.0, 0.0, 0.0, 1.0],
                [1.0, 0.0, -0.0, -0.0, -0.0, 0.546416, -0.837514, 0.37472, -0.0, 0.837514, 0.546416, 0.0, 0.0, 0.0, 0.0, 1.0],
                [1.0, 0.0, -0.0, 0.0, -0.0, 0.546417, -0.837514, 0.37472, -0.0, 0.837514, 0.546416, 0.0, 0.0, 0.0, 0.0, 1.0],
                [1.0, 0.0, -0.0, 0.0, -0.0, 1e-06, -1.0, 0.37472, -0.0, 1.0, 1e-06, 0.0, 0.0, 0.0, 0.0, 1.0]
            ]
        },
        {
            "name": "Torso",
            "time": [0.0, 0.1333, 0.3333, 0.4, 0.5, 0.8333, 1.1333],
            "transform": [
                [0.907169, -0.190724, 0.375059, 0.0, 0.013688, 0.904275, 0.426732, 0.05, -0.420544, -0.381984, 0.822941, -0.0, 0.0, 0.0, 0.0, 1.0],
                [0.907169, -0.190724, 0.375059, -0.0, 0.013688, 0.904275, 0.426732, 0.05, -0.420544, -0.381984, 0.822941, 0.0, 0.0, 0.0, 0.0, 1.0],
                [0.820674, -0.437966, 0.366988, 0.0, 0.201379, 0.822746, 0.531541, 0.05, -0.534735, -0.362318, 0.763403, 0.0, 0.0, 0.0, 0.0, 1.0],
                [0.907169, -0.190724, 0.375059, 0.0, 0.013688, 0.904275, 0.426732, 0.05, -0.420544, -0.381984, 0.822941, 0.0, 0.0, 0.0, 0.0, 1.0],
                [0.71855, -0.548675, 0.427366, -0.0, 0.085521, 0.67954, 0.728637, 0.05, -0.690197, -0.487013, 0.535206, -0.0, 0.0, 0.0, 0.0, 1.0],
                [0.907169, -0.190724, 0.375059, -0.0, 0.013688, 0.904275, 0.426732, 0.05, -0.420544, -0.381984, 0.82294, 0.0, 0.0, 0.0, 0.0, 1.0],
                [0.996512, 0.0, 0.083446, 0.0, 0.0, 1.0, 0.0, 0.05, -0.083446, 0.0, 0.996512, 0.0, 0.0, 0.0, 0.0, 1.0]
            ]
        },
        {
            "name": "Chest",
            "time": [0.0, 0.05, 0.1333, 0.3333, 0.4, 0.5, 0.6833, 0.8333, 1.1333],
            "transform": [
                [0.585079, -0.236498, 0.775727, 0.0, -0.071545, 0.937752, 0.339857, 0.3, -0.807814, -0.254343, 0.531738, -0.0, 0.0, 0.0, 0.0, 1.0],
                [0.585079, -0.466584, 0.663312, 0.0, -0.071545, 0.785031, 0.615311, 0.3, -0.807814, -0.407462, 0.425923, 0.0, 0.0, 0.0, 0.0, 1.0],
                [0.585079, -0.236498, 0.775727, -0.0, -0.071545, 0.937752, 0.339857, 0.3, -0.807814, -0.254343, 0.531738, 0.0, 0.0, 0.0, 0.0, 1.0],
                [0.48129, 0.223671, 0.847545, -0.0, -0.114335, 0.974655, -0.192289, 0.3, -0.869073, -0.004358, 0.494665, 0.0, 0.0, 0.0, 0.0, 1.0],
                [0.642924, -0.123676, 0.755879, -0.0, -0.066712, 0.974085, 0.216121, 0.3, -0.763019, -0.189376, 0.618012, -0.0, 0.0, 0.0, 0.0, 1.0],
                [0.948031, -0.194056, 0.252148, -0.0, 0.061353, 0.889098, 0.453586, 0.3, -0.312205, -0.414543, 0.854799, 0.0, 0.0, 0.0, 0.0, 1.0],
                [0.957334, -0.130744, 0.257715, 0.0, 0.072103, 0.971663, 0.225106, 0.3, -0.279843, -0.196919, 0.939633, 0.0, 0.0, 0.0, 0.0, 1.0],
                [0.965675, -0.046458, 0.255564, 0.0, 0.076465, 0.991123, -0.108759, 0.3, -0.248242, 0.124567, 0.960655, 0.0, 0.0, 0.0, 0.0, 1.0],
                [0.996909, 0.004476, -0.078441, 0.0, 0.0, 0.998376, 0.056972, 0.3, 0.078568, -0.056796, 0.99529, -0.0, 0.0, 0.0, 0.0, 1.0]
            ]
        },
        {
            "name": "Head",
            "time": [0.0, 0.1333, 0.3333, 0.4, 0.5, 0.8333, 1.1333],
            "transform": [
                [0.995059, -0.035704, 0.092647, 0.0, 0.025521, 0.993729, 0.108863, 0.4, -0.095953, -0.105961, 0.98973, -0.0, 0.0, 0.0, 0.0, 1.0],
                [0.995059, -0.035704, 0.092647, 0.0, 0.025521, 0.993729, 0.108863, 0.4, -0.095953, -0.105961, 0.98973, 0.0, 0.0, 0.0, 0.0, 1.0],
                [0.995059, -0.035704, 0.092647, 0.0, 0.025521, 0.993729, 0.108863, 0.4, -0.095953, -0.105961, 0.98973, -0.0, 0.0, 0.0, 0.0, 1.0],
                [0.995059, -0.035704, 0.092647, -0.0, 0.025521, 0.993729, 0.108863, 0.4, -0.095953, -0.105961, 0.98973, 0.0, 0.0, 0.0, 0.0, 1.0],
                [0.995059, -0.035704, 0.092647, -0.0, 0.025521, 0.993729, 0.108863, 0.4, -0.095953, -0.105961, 0.98973, 0.0, 0.0, 0.0, 0.0, 1.0],
                [0.995059, -0.035704, 0.092647, 0.0, 0.025521, 0.993729, 0.108863, 0.4, -0.095953, -0.105961, 0.98973, -0.0, 0.0, 0.0, 0.0, 1.0],
                [1.0, -0.0, 0.0, 0.0, -0.0, 0.999699, -0.024548, 0.4, 0.0, 0.024548, 0.999699, 0.0, 0.0, 0.0, 0.0, 1.0]
            ]
        },
        {
            "name": "Shoulder_R",
            "time": [0.0, 0.1333, 0.3333, 0.4, 0.5, 0.8333, 1.1333],
            "transform": [
                [-0.234537, 0.922647, 0.306128, 0.0, 0.074491, -0.296928, 0.95199, 0.4, 0.969249, 0.246081, 0.000911, -0.0, 0.0, 0.0, 0.0, 1.0],
                [0.660582, 0.685504, 0.306128, 0.0, -0.21311, -0.219771, 0.95199, 0.4, 0.719871, -0.694107, 0.000911, 0.0, 0.0, 0.0, 0.0, 1.0],
                [0.804476, 0.509022, 0.306128, 0.0, -0.259204, -0.162875, 0.95199, 0.4, 0.534445, -0.845203, 0.000911, -0.0, 0.0, 0.0, 0.0, 1.0],
                [0.264523, 0.914501, 0.306128, -0.0, -0.085981, -0.293807, 0.95199, 0.4, 0.960539, -0.278145, 0.000911, 0.0, 0.0, 0.0, 0.0, 1.0],
                [0.10503, 0.946179, 0.306128, -0.0, -0.034726, -0.304153, 0.95199, 0.4, 0.993862, -0.110618, 0.000911, 0.0, 0.0, 0.0, 0.0, 1.0],
                [0.030027, 0.951517, 0.306128, 0.0, -0.010613, -0.305945, 0.95199, 0.4, 0.999493, -0.031834, 0.000911, -0.0, 0.0, 0.0, 0.0, 1.0],
                [-0.004613, 0.951979, 0.306128, 0.0, 0.000526, -0.306129, 0.95199, 0.4, 0.999989, 0.004553, 0.000911, 0.0, 0.0, 0.0, 0.0, 1.0]
            ]
        },
        {
            "name": "Arm_R",
            "time": [0.0, 0.1333, 0.3333, 0.4, 0.5, 0.6833, 0.8333, 1.1333],
            "transform": [
                [-0.383381, 0.40895, -0.828118, 0.0, -0.037481, 0.889002, 0.456367, 0.39386, 0.92283, 0.206001, -0.325499, 0.0, 0.0, 0.0, 0.0, 1.0],
                [-0.076288, -0.985401, -0.1522, 0.0, 0.173264, 0.137221, -0.975269, 0.393861, 0.981916, -0.100773, 0.160266, 0.0, 0.0, 0.0, 0.0, 1.0],
                [-0.090166, -0.957455, 0.274136, -0.0, 0.262468, -0.288371, -0.920843, 0.393861, 0.960719, -0.011077, 0.277303, 0.0, 0.0, 0.0, 0.0, 1.0],
                [0.019183, 0.346942, -0.937691, 0.0, 0.551715, 0.778472, 0.299318, 0.39386, 0.833812, -0.52308, -0.17648, -0.0, 0.0, 0.0, 0.0, 1.0],
                [0.812418, -0.209312, -0.54421, 0.0, 0.494774, 0.741308, 0.453498, 0.393861, 0.308505, -0.637691, 0.705815, 0.0, 0.0, 0.0, 0.0, 1.0],
                [0.87302, -0.111951, -0.47466, 0.0, 0.402509, 0.714951, 0.571692, 0.39386, 0.275358, -0.690153, 0.669228, -0.0, 0.0, 0.0, 0.0, 1.0],
                [0.867558, -0.268379, -0.418707, 0.0, 0.408951, 0.86407, 0.2935, 0.39386, 0.283023, -0.425859, 0.859384, -0.0, 0.0, 0.0, 0.0, 1.0],
                [0.101348, -0.728137, -0.677897, 0.0, 0.953637, 0.265202, -0.142285, 0.39386, 0.283383, -0.632047, 0.721256, 0.0, 0.0, 0.0, 0.0, 1.0]
            ]
        },
        {
            "name": "Hand_R",
            "time": [0.0, 0.1333, 0.3333, 0.4, 0.5, 0.6833, 0.8333, 0.9833, 1.1333],
            "transform": [
                [1.0, -0.0, -0.0, -0.0, -0.0, 0.885176, -0.465256, 0.3, 0.0, 0.465256, 0.885176, 0.0, 0.0, 0.0, 0.0, 1.0],
                [1.0, 0.0, -0.0, 0.0, -0.0, 0.885176, -0.465256, 0.3, 0.0, 0.465256, 0.885176, 0.0, 0.0, 0.0, 0.0, 1.0],
                [1.0, -0.0, -0.0, 0.0, -0.0, 0.885176, -0.465256, 0.3, 0.0, 0.465256, 0.885176, 0.0, 0.0, 0.0, 0.0, 1.0],
                [1.0, -0.0, -0.0, 0.0, -0.0, 0.941723, -0.33639, 0.3, 0.0, 0.33639, 0.941723, -0.0, 0.0, 0.0, 0.0, 1.0],
                [1.0, 0.0, -0.0, -0.0, -0.0, 0.998542, 0.053977, 0.3, 0.0, -0.053977, 0.998542, -0.0, 0.0, 0.0, 0.0, 1.0],
                [1.0, 0.0, -0.0, 0.0, -0.0, 0.994833, 0.101522, 0.3, 0.0, -0.101522, 0.994833, 0.0, 0.0, 0.0, 0.0, 1.0],
                [1.0, -0.0, -0.0, -0.0, -0.0, 0.85732, -0.514784, 0.3, 0.0, 0.514784, 0.85732, -0.0, 0.0, 0.0, 0.0, 1.0],
                [1.0, 0.0, -0.0, 0.0, -0.0, 0.930239, -0.366955, 0.3, 0.0, 0.366955, 0.930239, 0.0, 0.0, 0.0, 0.0, 1.0],
                [1.0, -0.0, 0.0, -0.0, 0.0, -0.293999, -0.955806, 0.3, 0.0, 0.955806, -0.293998, 0.0, 0.0, 0.0, 0.0, 1.0]
            ]
        },
        {
            "name": "Tool_R",
            "time": [0.0, 0.1333, 0.3333, 0.4, 0.5, 0.6833, 0.8333, 0.9833, 1.1333],
            "transform": [
                [1.0, 0.0, 0.0, 0.0, 0.0, -0.999836, 0.018122, 0.272858, 0.0, -0.018122, -0.999244, 0.0, 0.0, 0.0, 0.0, 1.0],
                [1.0, -0.0, 0.0, 0.0, 0.0, -0.999836, 0.018122, 0.272858, 0.0, -0.018122, -0.999244, 0.0, 0.0, 0.0, 0.0, 1.0],
                [1.0, 0.0, 0.0, 0.0, 0.0, -0.999836, 0.018122, 0.272858, 0.0, -0.018122, -0.999244, 0.0, 0.0, 0.0, 0.0, 1.0],
                [1.0, 0.0, 0.0, -0.0, 0.0, -0.999836, 0.018122, 0.272858, 0.0, -0.018122, -0.999243, -0.0, 0.0, 0.0, 0.0, 1.0],
                [1.0, 0.0, 0.0, 0.0, -0.0, -0.999836, 0.018122, 0.272858, 0.0, -0.018122, -0.999244, 0.0, 0.0, 0.0, 0.0, 1.0],
                [1.0, -0.0, 0.0, 0.0, 0.0, -0.999836, 0.018122, 0.272858, 0.0, -0.018122, -0.999244, -0.0, 0.0, 0.0, 0.0, 1.0],
                [0.783868, -5.4e-05, -0.620928, 0.0, 0.616097, -0.124427, 0.77778, 0.272858, -0.07725, -0.991643, -0.097435, -0.0, 0.0, 0.0, 0.0, 1.0],
                [1.0, -1e-06, -1e-06, 0.0, 0.0, 0.922982, -0.384844, 0.272858, 1e-06, 0.384626, 0.922432, 0.0, 0.0, 0.0, 0.0, 1.0],
                [1.0, 1e-06, 1e-06, -0.0, 1e-06, -0.999923, -0.012381, 0.272858, 0.0, 0.012363, -0.999331, -0.0, 0.0, 0.0, 0.0, 1.0]
            ]
        },
        {
            "name": "Elbow_R",
            "time": [0.0, 0.1333, 0.3333, 0.4, 0.5, 0.8333, 1.1333],
            "transform": [
                [-1.0, 0.0, 0.0, -0.0, 0.0, 0.735098, -0.677961, 0.3, -0.0, -0.677961, -0.735098, 0.0, 0.0, 0.0, 0.0, 1.0],
                [-1.0, 0.0, 0.0, 0.0, 0.0, 0.735098, -0.677961, 0.3, -0.0, -0.677961, -0.735098, 0.0, 0.0, 0.0, 0.0, 1.0],
                [-1.0, 0.0, 0.0, 0.0, 0.0, 0.735098, -0.677961, 0.3, -0.0, -0.677961, -0.735098, 0.0, 0.0, 0.0, 0.0, 1.0],
                [-1.0, 0.0, 0.0, 0.0, 0.0, 0.605437, -0.795893, 0.3, -0.0, -0.795893, -0.605437, -0.0, 0.0, 0.0, 0.0, 1.0],
                [-1.0, 0.0, 0.0, -0.0, 0.0, 0.152392, -0.98832, 0.3, -0.0, -0.98832, -0.152392, -0.0, 0.0, 0.0, 0.0, 1.0],
                [-1.0, 0.0, 0.0, -0.0, -0.0, 0.09266, -0.995698, 0.3, -0.0, -0.995698, -0.09266, -0.0, 0.0, 0.0, 0.0, 1.0],
                [-1.0, 0.0, 0.0, -0.0, 0.0, 0.735098, -0.677961, 0.3, -0.0, -0.677961, -0.735098, 0.0, 0.0, 0.0, 0.0, 1.0]
            ]
        },
        {
            "name": "Shoulder_L",
            "time": [0.0, 0.1333, 0.3333, 0.4, 0.5, 0.8333, 1.1333],
            "transform": [
                [0.06205, -0.950215, -0.305355, 0.0, 0.018944, -0.304768, 0.952238, 0.4, -0.997893, -0.064871, -0.00091, -0.0, 0.0, 0.0, 0.0, 1.0],
                [0.459618, -0.830444, -0.314823, 0.0, 0.046149, -0.331672, 0.942265, 0.4, -0.886917, -0.447611, -0.114118, 0.0, 0.0, 0.0, 0.0, 1.0],
                [0.640551, -0.702615, -0.309881, 0.0, 0.096349, -0.326811, 0.940165, 0.4, -0.761847, -0.632081, -0.141643, -0.0, 0.0, 0.0, 0.0, 1.0],
                [0.100341, -0.924842, -0.366877, -0.0, -0.112139, -0.376901, 0.91944, 0.4, -0.988613, -0.051116, -0.14153, 0.0, 0.0, 0.0, 0.0, 1.0],
                [-0.137749, -0.864241, -0.483853, -0.0, -0.15578, -0.463525, 0.872283, 0.4, -0.97814, 0.195531, -0.070781, 0.0, 0.0, 0.0, 0.0, 1.0],
                [-0.208367, -0.844586, -0.493211, 0.0, -0.181971, -0.461997, 0.868012, 0.4, -0.960973, 0.270615, -0.057425, -0.0, 0.0, 0.0, 0.0, 1.0],
                [0.004613, -0.952228, -0.305355, 0.0, 0.000524, -0.305355, 0.952238, 0.4, -0.999989, -0.004553, -0.00091, 0.0, 0.0, 0.0, 0.0, 1.0]
            ]
        },
        {
            "name": "Arm_L",
            "time": [0.0, 0.1333, 0.3333, 0.4, 0.5, 0.6833, 0.8333, 1.1333],
            "transform": [
                [0.032567, -0.217669, 0.975479, 0.0, -0.292289, 0.931254, 0.217559, 0.39386, -0.955775, -0.292208, -0.033294, -0.0, 0.0, 0.0, 0.0, 1.0],
                [0.252932, 0.812603, 0.525074, -0.0, -0.18818, 0.573676, -0.797172, 0.39386, -0.949007, 0.102822, 0.298016, -0.0, 0.0, 0.0, 0.0, 1.0],
                [0.307376, 0.950339, 0.048744, -0.0, -0.203958, 0.115828, -0.972103, 0.39386, -0.929474, 0.28886, 0.229432, 0.0, 0.0, 0.0, 0.0, 1.0],
                [-0.214979, 0.536974, 0.815747, -0.0, -0.719821, 0.477387, -0.503944, 0.39386, -0.660032, -0.695529, 0.283896, -0.0, 0.0, 0.0, 0.0, 1.0],
                [0.874895, -0.301611, 0.378933, -0.0, -0.12311, 0.618215, 0.776308, 0.39386, -0.468405, -0.725838, 0.503742, 0.0, 0.0, 0.0, 0.0, 1.0],
                [0.881573, -0.389036, 0.267357, 0.0, -0.035814, 0.509623, 0.859652, 0.39386, -0.470687, -0.767421, 0.435337, 0.0, 0.0, 0.0, 0.0, 1.0],
                [0.900193, -0.419707, 0.116184, 0.0, 0.242165, 0.704166, 0.667463, 0.39386, -0.361952, -0.572709, 0.735523, -0.0, 0.0, 0.0, 0.0, 1.0],
                [0.337981, -0.043619, 0.940141, 0.0, -0.891463, 0.305452, 0.334653, 0.39386, -0.301766, -0.951208, 0.064352, -0.0, 0.0, 0.0, 0.0, 1.0]
            ]
        },
        {
            "name": "Hand_L",
            "time": [0.0, 0.1333, 0.3333, 0.4, 0.5, 0.6833, 0.8333, 0.9833, 1.1333],
            "transform": [
                [1.0, 0.0, 0.0, -0.0, -0.0, 0.876197, -0.481953, 0.3, -0.0, 0.481953, 0.876197, 0.0, 0.0, 0.0, 0.0, 1.0],
                [1.0, 0.0, 0.0, 0.0, -0.0, 0.876197, -0.481953, 0.3, -0.0, 0.481953, 0.876197, -0.0, 0.0, 0.0, 0.0, 1.0],
                [1.0, 0.0, 0.0, -0.0, -0.0, 0.8402, -0.542278, 0.3, -0.0, 0.542278, 0.8402, -0.0, 0.0, 0.0, 0.0, 1.0],
                [1.0, 0.0, 0.0, -0.0, -0.0, 0.890346, -0.455284, 0.3, -0.0, 0.455284, 0.890346, 0.0, 0.0, 0.0, 0.0, 1.0],
                [1.0, 0.0, 0.0, 0.0, -0.0, 0.981865, -0.189585, 0.3, -0.0, 0.189585, 0.981865, -0.0, 0.0, 0.0, 0.0, 1.0],
                [1.0, 0.0, 0.0, -0.0, 0.0, 0.986159, -0.165801, 0.3, -0.0, 0.165801, 0.986159, 0.0, 0.0, 0.0, 0.0, 1.0],
                [1.0, 0.0, -0.0, 0.0, -0.0, 0.60571, -0.795686, 0.3, -0.0, 0.795686, 0.60571, 0.0, 0.0, 0.0, 0.0, 1.0],
                [1.0, 0.0, 0.0, 0.0, -0.0, 0.980947, -0.194279, 0.3, -0.0, 0.194279, 0.980947, -0.0, 0.0, 0.0, 0.0, 1.0],
                [1.0, 0.0, 0.0, -0.0, -0.0, 0.99793, -0.064318, 0.3, -0.0, 0.064318, 0.99793, -0.0, 0.0, 0.0, 0.0, 1.0]
            ]
        },
        {
            "name": "Tool_L",
            "time": [0.0, 0.1333, 0.3333, 0.4, 0.5, 0.6833, 0.8333, 0.9833, 1.1333],
            "transform": [
                [1.0, 0.0, 0.0, 0.0, -0.0, -0.999836, 0.018122, 0.272858, 0.0, -0.018122, -0.999247, -0.0, 0.0, 0.0, 0.0, 1.0],
                [1.0, 0.0, 0.0, 0.0, 0.0, -0.999836, 0.018122, 0.272858, 0.0, -0.018122, -0.999247, 0.0, 0.0, 0.0, 0.0, 1.0],
                [1.0, 0.0, 0.0, 0.0, 0.0, -0.999836, 0.018122, 0.272858, 0.0, -0.018122, -0.999247, -0.0, 0.0, 0.0, 0.0, 1.0],
                [1.0, 0.0, 0.0, -0.0, 0.0, -0.999836, 0.018122, 0.272858, 0.0, -0.018122, -0.999247, 0.0, 0.0, 0.0, 0.0, 1.0],
                [1.0, 0.0, 0.0, -0.0, 0.0, -0.999836, 0.018122, 0.272858, 0.0, -0.018122, -0.999247, 0.0, 0.0, 0.0, 0.0, 1.0],
                [1.0, -0.0, 0.0, -0.0, 0.0, -0.999836, 0.018122, 0.272858, 0.0, -0.018122, -0.999247, 0.0, 0.0, 0.0, 0.0, 1.0],
                [0.583503, -0.000338, 0.812111, 0.0, -0.574201, 0.706994, 0.412859, 0.272858, -0.573965, -0.706796, 0.412101, -0.0, 0.0, 0.0, 0.0, 1.0],
                [1.0, 1e-06, 0.0, -0.0, 1e-06, -0.400945, -0.916102, 0.272858, -1e-06, 0.915559, -0.400719, -0.0, 0.0, 0.0, 0.0, 1.0],
                [1.0, 1e-06, -1e-06, -0.0, 1e-06, -0.976317, 0.216345, 0.272858, -1e-06, -0.216228, -0.97574, -0.0, 0.0, 0.0, 0.0, 1.0]
            ]
        },
        {
            "name": "Elbow_L",
            "time": [0.0, 0.1333, 0.3333, 0.4, 0.5, 0.8333, 1.1333],
            "transform": [
                [-1.0, 0.0, -0.0, -0.0, 0.0, -0.0, -1.0, 0.3, -0.0, -1.0, -0.0, 0.0, 0.0, 0.0, 0.0, 1.0],
                [-1.0, 0.0, -0.0, 0.0, 0.0, -0.0, -1.0, 0.3, -0.0, -1.0, -0.0, -0.0, 0.0, 0.0, 0.0, 1.0],
                [-1.0, 0.0, -0.0, -0.0, 0.0, -0.0, -1.0, 0.3, -0.0, -1.0, -0.0, -0.0, 0.0, 0.0, 0.0, 1.0],
                [-1.0, 0.0, -0.0, -0.0, 0.0, -0.0, -1.0, 0.3, -0.0, -1.0, -0.0, 0.0, 0.0, 0.0, 0.0, 1.0],
                [-1.0, 0.0, -0.0, 0.0, 0.0, -0.0, -1.0, 0.3, -0.0, -1.0, -0.0, -0.0, 0.0, 0.0, 0.0, 1.0],
                [-1.0, 0.0, -0.0, 0.0, 0.0, 0.0, -1.0, 0.3, -0.0, -1.0, -0.0, 0.0, 0.0, 0.0, 0.0, 1.0],
                [-1.0, 0.0, -0.0, -0.0, 0.0, -0.0, -1.0, 0.3, -0.0, -1.0, -0.0, -0.0, 0.0, 0.0, 0.0, 1.0]
            ]
        }
    ]
}