{
    "animation": [
        {
            "name": "Root",
            "time": [0.0, 0.1167, 0.2667, 0.4333, 0.6667, 0.8833],
            "transform": [
                [0.521914, 0.071728, -0.849977, 0.034255, -0.852113, 0.089205, -0.515699, -0.007252, 0.038832, 0.993427, 0.107678, 0.53065, 0.0, 0.0, 0.0, 1.0],
                [0.121785, 0.078109, -0.989478, 0.043475, -0.992031, 0.042025, -0.118781, -0.026995, 0.032305, 0.996059, 0.082605, 0.488656, 0.0, 0.0, 0.0, 1.0],
                [0.219968, -0.332201, -0.917201, 0.036498, -0.853757, 0.389299, -0.345753, 0.096196, 0.471924, 0.859121, -0.197985, 0.685355, 0.0, 0.0, 0.0, 1.0],
                [0.389232, 0.140725, 0.910327, 0.070968, 0.921131, -0.063871, -0.383978, 0.496677, 0.004108, 0.987986, -0.154487, 0.512647, 0.0, 0.0, 0.0, 1.0],
                [0.198818, 0.224409, 0.953998, 0.077068, 0.97968, -0.01927, -0.199637, 0.540591, -0.026417, 0.974305, -0.22368, 0.512188, 0.0, 0.0, 0.0, 1.0],
                [0.198818, 0.224409, 0.953998, 0.077068, 0.97968, -0.01927, -0.199637, 0.540591, -0.026417, 0.974305, -0.22368, 0.512188, 0.0, 0.0, 0.0, 1.0]
            ]
        },
        {
            "name": "Thigh_R",
            "time": [0.0, 0.1167, 0.2667, 0.4333, 0.6667, 0.8833],
            "transform": [
                [0.571383, 0.773613, 0.273938, 0.212066, 0.532547, -0.60348, 0.593468, -0.017831, 0.624431, -0.193212, -0.756805, -0.084447, 0.0, 0.0, 0.0, 1.0],
                [0.66923, 0.698173, 0.254329, 0.212066, 0.637099, -0.715291, 0.287161, -0.017831, 0.382407, -0.030144, -0.923502, -0.084447, 0.0, 0.0, 0.0, 1.0],
                [0.774632, -0.040229, -0.631132, 0.206461, 0.387443, -0.758568, 0.523888, -0.017002, -0.499833, -0.650347, -0.572027, -0.074494, 0.0, 0.0, 0.0, 1.0],
                [0.643899, 0.733695, 0.216987, 0.162466, 0.470847, -0.603523, 0.643476, 0.011308, 0.603072, -0.312165, -0.734069, -0.019982, 0.0, 0.0, 0.0, 1.0],
                [0.790534, 0.598011, -0.132051, 0.163694, 0.566689, -0.632541, 0.527972, -0.01068, 0.232205, -0.49221, -0.838934, 0.001454, 0.0, 0.0, 0.0, 1.0],
                [0.790534, 0.598011, -0.132051, 0.163694, 0.566689, -0.632541, 0.527972, -0.01068, 0.232205, -0.49221, -0.838934, 0.001454, 0.0, 0.0, 0.0, 1.0]
            ]
        },
        {
            "name": "Leg_R",
            "time": [0.0, 0.1167, 0.2667, 0.4333, 0.6667, 0.8833],
            "transform": [
                [1.0, -0.0, 1e-06, -0.0, -0.0, 0.791009, 0.611805, 0.37472, -1e-06, -0.611806, 0.791008, 0.0, 0.0, 0.0, 0.0, 1.0],
                [1.0, -0.0, 1e-06, 0.0, -0.0, 0.791009, 0.611805, 0.37472, -1e-06, -0.611806, 0.791008, 0.0, 0.0, 0.0, 0.0, 1.0],
                [1.0, -0.0, 1e-06, -0.0, -0.0, 0.791009, 0.611805, 0.37472, -1e-06, -0.611806, 0.791008, 0.0, 0.0, 0.0, 0.0, 1.0],
                [1.0, -0.0, 1e-06, -0.0, -0.0, 0.791009, 0.611805, 0.37472, -1e-06, -0.611806, 0.791008, 0.0, 0.0, 0.0, 0.0, 1.0],
                [1.0, -0.0, 1e-06, 0.0, -0.0, 0.791009, 0.611805, 0.37472, -1e-06, -0.611806, 0.791008, 0.0, 0.0, 0.0, 0.0, 1.0],
                [1.0, -0.0, 1e-06, 0.0, -0.0, 0.791009, 0.611805, 0.37472, -1e-06, -0.611806, 0.791008, 0.0, 0.0, 0.0, 0.0, 1.0]
            ]
        },
        {
            "name": "Knee_R",
            "time": [0.0, 0.1167, 0.2667, 0.4333, 0.6667, 0.8833],
            "transform": [
                [1.0, 0.0, -0.0, -0.0, -0.0, 1e-06, -1.0, 0.383077, -0.0, 1.0, 1e-06, -0.001653, 0.0, 0.0, 0.0, 1.0],
                [1.0, 0.0, -0.0, 0.0, -0.0, 1e-06, -1.0, 0.383077, -0.0, 1.0, 1e-06, -0.001653, 0.0, 0.0, 0.0, 1.0],
                [1.0, 0.0, -0.0, 0.0, -0.0, 0.465454, -0.885072, 0.383077, -0.0, 0.885072, 0.465454, -0.001653, 0.0, 0.0, 0.0, 1.0],
                [1.0, 0.0, -0.0, -0.0, -0.0, 0.066493, -0.997787, 0.383077, -0.0, 0.997787, 0.066493, -0.001653, 0.0, 0.0, 0.0, 1.0],
                [1.0, 0.0, -0.0, 0.0, -0.0, 1e-06, -1.0, 0.383077, -0.0, 1.0, 1e-06, -0.001653, 0.0, 0.0, 0.0, 1.0],
                [1.0, 0.0, -0.0, 0.0, -0.0, 1e-06, -1.0, 0.383077, -0.0, 1.0, 1e-06, -0.001653, 0.0, 0.0, 0.0, 1.0]
            ]
        },
        {
            "name": "Thigh_L",
            "time": [0.0, 0.1167, 0.2667, 0.4333, 0.6667, 0.8833],
            "transform": [
                [0.605807, -0.781245, -0.15051, -0.215917, -0.200979, -0.33331, 0.921147, -0.016149, -0.769808, -0.527788, -0.358936, 0.020336, 0.0, 0.0, 0.0, 1.0],
                [0.605807, -0.792996, -0.064466, -0.215917, -0.200979, -0.230929, 0.951986, -0.016149, -0.769808, -0.563764, -0.299274, 0.020336, 0.0, 0.0, 0.0, 1.0],
                [0.604756, -0.77426, -0.186526, -0.212594, -0.508192, -0.555493, 0.658155, -0.017471, -0.613197, -0.303232, -0.72941, 0.0285, 0.0, 0.0, 0.0, 1.0],
                [0.712046, -0.697771, 0.078131, -0.19241, -0.626191, -0.580755, 0.5202, 0.021696, -0.317606, -0.419331, -0.850463, 0.058361, 0.0, 0.0, 0.0, 1.0],
                [0.71593, -0.689451, 0.110005, -0.187238, -0.636944, -0.580465, 0.507308, -0.027552, -0.285909, -0.433265, -0.854715, 0.090798, 0.0, 0.0, 0.0, 1.0],
                [0.71593, -0.689451, 0.110005, -0.187238, -0.636944, -0.580465, 0.507308, -0.027552, -0.285909, -0.433265, -0.854715, 0.090798, 0.0, 0.0, 0.0, 1.0]
            ]
        },
        {
            "name": "Leg_L",
            "time": [0.0, 0.1167, 0.2667, 0.4333, 0.6667, 0.8833],
            "transform": [
                [1.0, -0.0, 1e-06, 0.0, -0.0, 0.774419, 0.632673, 0.37472, -1e-06, -0.632673, 0.774419, -0.0, 0.0, 0.0, 0.0, 1.0],
                [1.0, -1e-06, 1e-06, 0.0, -0.0, 0.321829, 0.946798, 0.37472, -1e-06, -0.946798, 0.321829, 0.0, 0.0, 0.0, 0.0, 1.0],
                [1.0, -1e-06, 1e-06, -0.0, -0.0, 0.321829, 0.946798, 0.37472, -1e-06, -0.946798, 0.321829, 0.0, 0.0, 0.0, 0.0, 1.0],
                [1.0, -1e-06, 1e-06, -0.0, -0.0, 0.321829, 0.946798, 0.37472, -1e-06, -0.946798, 0.321829, 0.0, 0.0, 0.0, 0.0, 1.0],
                [1.0, -1e-06, 1e-06, 0.0, -1e-06, 0.321829, 0.946798, 0.37472, -1e-06, -0.946798, 0.321829, -0.0, 0.0, 0.0, 0.0, 1.0],
                [1.0, -1e-06, 1e-06, 0.0, -1e-06, 0.321829, 0.946798, 0.37472, -1e-06, -0.946798, 0.321829, -0.0, 0.0, 0.0, 0.0, 1.0]
            ]
        },
        {
            "name": "Knee_L",
            "time": [0.0, 0.1167, 0.2667, 0.4333, 0.6667, 0.8833],
            "transform": [
                [1.0, 0.0, -0.0, 0.0, -0.0, 1e-06, -1.0, 0.37472, -0.0, 1.0, 1e-06, -0.0, 0.0, 0.0, 0.0, 1.0],
                [1.0, 0.0, -0.0, 0.0, -0.0, 1e-06, -1.0, 0.37472, -0.0, 1.0, 1e-06, 0.0, 0.0, 0.0, 0.0, 1.0],
                [1.0, 0.0, -0.0, -0.0, -0.0, 1e-06, -1.0, 0.37472, -0.0, 1.0, 1e-06, 0.0, 0.0, 0.0, 0.0, 1.0],
                [1.0, 0.0, -0.0, -0.0, -0.0, 1e-06, -1.0, 0.37472, -0.0, 1.0, 1e-06, 0.0, 0.0, 0.0, 0.0, 1.0],
                [1.0, 0.0, -0.0, 0.0, -0.0, 1e-06, -1.0, 0.37472, -0.0, 1.0, 1e-06, -0.0, 0.0, 0.0, 0.0, 1.0],
                [1.0, 0.0, -0.0, 0.0, -0.0, 1e-06, -1.0, 0.37472, -0.0, 1.0, 1e-06, -0.0, 0.0, 0.0, 0.0, 1.0]
            ]
        },
        {
            "name": "Torso",
            "time": [0.0, 0.1167, 0.2667, 0.4333, 0.6667, 0.8833],
            "transform": [
                [0.991218, 0.111906, 0.070451, 0.0, -0.119891, 0.985292, 0.121764, 0.05, -0.055788, -0.129141, 0.990056, -0.0, 0.0, 0.0, 0.0, 1.0],
                [0.991218, 0.111906, 0.070451, -0.0, -0.119891, 0.985292, 0.121764, 0.05, -0.055789, -0.129141, 0.990056, -0.0, 0.0, 0.0, 0.0, 1.0],
                [0.987892, 0.102614, 0.116357, 0.0, -0.127045, 0.96554, 0.22714, 0.05, -0.089039, -0.239173, 0.966886, 0.0, 0.0, 0.0, 0.0, 1.0],
                [0.932754, 0.091133, 0.348804, -0.0, -0.212993, 0.919916, 0.329225, 0.05, -0.290867, -0.381379, 0.877466, 0.0, 0.0, 0.0, 0.0, 1.0],
                [0.922652, 0.098863, 0.372744, -0.0, -0.196668, 0.952065, 0.234295, 0.05, -0.331714, -0.28948, 0.897868, 0.0, 0.0, 0.0, 0.0, 1.0],
                [0.922652, 0.098863, 0.372744, -0.0, -0.196668, 0.952065, 0.234295, 0.05, -0.331714, -0.28948, 0.897868, 0.0, 0.0, 0.0, 0.0, 1.0]
            ]
        },
        {
            "name": "Chest",
            "time": [0.0, 0.1167, 0.2667, 0.4333, 0.6667, 0.8833],
            "transform": [
                [0.777119, 0.18477, -0.601619, -0.0, 0.032271, 0.942976, 0.331294, 0.3, 0.628526, -0.276869, 0.726842, -0.0, 0.0, 0.0, 0.0, 1.0],
                [0.705814, 0.18477, -0.683877, 0.0, 0.068714, 0.942976, 0.325692, 0.3, 0.705057, -0.276869, 0.652869, -0.0, 0.0, 0.0, 0.0, 1.0],
                [0.948081, -0.059373, -0.312437, -0.0, 0.174272, 0.918779, 0.354224, 0.3, 0.26603, -0.390282, 0.881424, 0.0, 0.0, 0.0, 0.0, 1.0],
                [0.666837, -0.304116, 0.680325, -0.0, -0.018857, 0.90576, 0.423372, 0.3, -0.744965, -0.295149, 0.598259, -0.0, 0.0, 0.0, 0.0, 1.0],
                [0.582732, -0.294766, 0.757322, -0.0, -0.126224, 0.88776, 0.442661, 0.3, -0.802802, -0.353545, 0.48012, -0.0, 0.0, 0.0, 0.0, 1.0],
                [0.582732, -0.294766, 0.757322, -0.0, -0.126224, 0.88776, 0.442661, 0.3, -0.802802, -0.353545, 0.48012, -0.0, 0.0, 0.0, 0.0, 1.0]
            ]
        },
        {
            "name": "Head",
            "time": [0.0, 0.1167, 0.2667, 0.4333, 0.6667, 0.8833],
            "transform": [
                [0.001521, -0.000359, 0.999999, -0.0, 0.253605, 0.967308, -3.8e-05, 0.4, -0.967306, 0.253605, 0.001562, 0.0, 0.0, 0.0, 0.0, 1.0],
                [0.001521, -0.000359, 0.999999, -0.0, 0.253605, 0.967308, -3.8e-05, 0.4, -0.967306, 0.253605, 0.001562, 0.0, 0.0, 0.0, 0.0, 1.0],
                [0.257669, -0.000359, 0.966233, 0.0, 0.245131, 0.967308, -0.06501, 0.4, -0.934622, 0.253605, 0.249333, 0.0, 0.0, 0.0, 0.0, 1.0],
                [0.280893, -0.000354, -0.959739, 0.0, -0.243297, 0.967308, -0.071564, 0.4, 0.928389, 0.253603, 0.271624, 0.0, 0.0, 0.0, 0.0, 1.0],
                [0.077923, -0.000354, -0.996959, 0.0, -0.252806, 0.967308, -0.020103, 0.4, 0.964374, 0.253604, 0.075286, 0.0, 0.0, 0.0, 0.0, 1.0],
                [0.077923, -0.000354, -0.996959, 0.0, -0.252806, 0.967308, -0.020103, 0.4, 0.964374, 0.253604, 0.075286, 0.0, 0.0, 0.0, 0.0, 1.0]
            ]
        },
        {
            "name": "Shoulder_R",
            "time": [0.0, 0.1167, 0.2667, 0.4333, 0.6667, 0.8833],
            "transform": [
                [0.099208, 0.946807, 0.306128, -0.0, -0.032854, -0.304361, 0.95199, 0.4, 0.994524, -0.104502, 0.000912, 0.0, 0.0, 0.0, 0.0, 1.0],
                [0.037262, 0.951261, 0.306128, -0.0, -0.012939, -0.305856, 0.95199, 0.4, 0.999222, -0.039434, 0.000912, 0.0, 0.0, 0.0, 0.0, 1.0],
                [0.072209, 0.949248, 0.306128, 0.0, -0.024175, -0.305173, 0.95199, 0.4, 0.997096, -0.076143, 0.000911, 0.0, 0.0, 0.0, 0.0, 1.0],
                [0.306202, 0.901402, 0.306128, 0.0, -0.099371, -0.289552, 0.95199, 0.4, 0.946766, -0.321922, 0.000912, 0.0, 0.0, 0.0, 0.0, 1.0],
                [0.33306, 0.891828, 0.306128, 0.0, -0.107998, -0.286447, 0.95199, 0.4, 0.9367, -0.350131, 0.000912, 0.0, 0.0, 0.0, 0.0, 1.0],
                [0.33306, 0.891828, 0.306128, 0.0, -0.107998, -0.286447, 0.95199, 0.4, 0.9367, -0.350131, 0.000912, 0.0, 0.0, 0.0, 0.0, 1.0]
            ]
        },
        {
            "name": "Arm_R",
            "time": [0.0, 0.1167, 0.2667, 0.4333, 0.6667, 0.8833],
            "transform": [
                [0.593702, 0.382548, -0.707937, -0.0, -0.055491, 0.897139, 0.43825, 0.39386, 0.80277, -0.220906, 0.553861, -0.0, 0.0, 0.0, 0.0, 1.0],
                [0.593702, 0.382548, -0.707937, 0.0, -0.055491, 0.897139, 0.43825, 0.39386, 0.80277, -0.220906, 0.553861, 0.0, 0.0, 0.0, 0.0, 1.0],
                [0.568216, 0.659883, -0.491615, 0.0, -0.459505, 0.750056, 0.47568, 0.393861, 0.682631, -0.044389, 0.729413, -0.0, 0.0, 0.0, 0.0, 1.0],
                [-0.240532, -0.18441, -0.952962, -0.0, -0.034953, 0.982795, -0.181361, 0.39386, 0.970011, -0.010314, -0.242839, 0.0, 0.0, 0.0, 0.0, 1.0],
                [-0.383381, -0.296173, -0.874815, -0.0, -0.03748, 0.951398, -0.305676, 0.393861, 0.92283, -0.084402, -0.375848, -0.0, 0.0, 0.0, 0.0, 1.0],
                [-0.383381, -0.296173, -0.874815, -0.0, -0.03748, 0.951398, -0.305676, 0.393861, 0.92283, -0.084402, -0.375848, -0.0, 0.0, 0.0, 0.0, 1.0]
            ]
        },
        {
            "name": "Hand_R",
            "time": [0.0, 0.1167, 0.2667, 0.4333, 0.6667, 0.8833],
            "transform": [
                [1.0, -0.0, -0.0, 0.0, 0.0, 0.28009, -0.959974, 0.3, 0.0, 0.959974, 0.280091, 0.0, 0.0, 0.0, 0.0, 1.0],
                [1.0, 0.0, -0.0, 0.0, -0.0, 0.998456, 0.055544, 0.3, 0.0, -0.055544, 0.998456, 0.0, 0.0, 0.0, 0.0, 1.0],
                [1.0, 0.0, -0.0, 0.0, -0.0, 0.998456, 0.055544, 0.3, 0.0, -0.055545, 0.998456, -0.0, 0.0, 0.0, 0.0, 1.0],
                [1.0, 0.0, -0.0, 0.0, -0.0, 0.998456, 0.055544, 0.3, 0.0, -0.055544, 0.998456, 0.0, 0.0, 0.0, 0.0, 1.0],
                [1.0, -0.0, -0.0, 0.0, -0.0, 0.885176, -0.465256, 0.3, 0.0, 0.465256, 0.885176, 0.0, 0.0, 0.0, 0.0, 1.0],
                [1.0, -0.0, -0.0, 0.0, -0.0, 0.885176, -0.465256, 0.3, 0.0, 0.465256, 0.885176, 0.0, 0.0, 0.0, 0.0, 1.0]
            ]
        },
        {
            "name": "Tool_R",
            "time": [0.0, 0.1167, 0.2667, 0.4333, 0.6667, 0.8833],
            "transform": [
                [1.0, 0.0, 0.0, -0.0, 0.0, -0.999836, 0.018122, 0.272858, 0.0, -0.018122, -0.999244, 0.0, 0.0, 0.0, 0.0, 1.0],
                [1.0, 0.0, 0.0, -0.0, 0.0, -0.999836, 0.018122, 0.272858, 0.0, -0.018122, -0.999244, -0.0, 0.0, 0.0, 0.0, 1.0],
                [1.0, -0.0, 0.0, 0.0, 0.0, -0.999836, 0.018122, 0.272858, 0.0, -0.018122, -0.999244, -0.0, 0.0, 0.0, 0.0, 1.0],
                [1.0, -0.0, 0.0, -0.0, -0.0, -0.999836, 0.018122, 0.272858, 0.0, -0.018122, -0.999244, 0.0, 0.0, 0.0, 0.0, 1.0],
                [1.0, 0.0, 0.0, 0.0, 0.0, -0.999836, 0.018122, 0.272858, 0.0, -0.018122, -0.999244, -0.0, 0.0, 0.0, 0.0, 1.0],
                [1.0, 0.0, 0.0, 0.0, 0.0, -0.999836, 0.018122, 0.272858, 0.0, -0.018122, -0.999244, -0.0, 0.0, 0.0, 0.0, 1.0]
            ]
        },
        {
            "name": "Elbow_R",
            "time": [0.0, 0.1167, 0.2667, 0.4333, 0.6667, 0.8833],
            "transform": [
                [-1.0, 0.0, 0.0, 0.0, 0.0, 0.735098, -0.677961, 0.3, -0.0, -0.677961, -0.735098, 0.0, 0.0, 0.0, 0.0, 1.0],
                [-1.0, 0.0, 0.0, 0.0, 0.0, 0.735098, -0.677961, 0.3, -0.0, -0.677961, -0.735098, 0.0, 0.0, 0.0, 0.0, 1.0],
                [-1.0, 0.0, 0.0, 0.0, -0.0, 0.735098, -0.677961, 0.3, -0.0, -0.677961, -0.735098, -0.0, 0.0, 0.0, 0.0, 1.0],
                [-1.0, 0.0, 0.0, 0.0, 0.0, 0.735098, -0.677961, 0.3, -0.0, -0.677961, -0.735098, 0.0, 0.0, 0.0, 0.0, 1.0],
                [-1.0, 0.0, 0.0, 0.0, 0.0, 0.735098, -0.677961, 0.3, -0.0, -0.677961, -0.735098, 0.0, 0.0, 0.0, 0.0, 1.0],
                [-1.0, 0.0, 0.0, 0.0, 0.0, 0.735098, -0.677961, 0.3, -0.0, -0.677961, -0.735098, 0.0, 0.0, 0.0, 0.0, 1.0]
            ]
        },
        {
            "name": "Shoulder_L",
            "time": [0.0, 0.1167, 0.2667, 0.4333, 0.6667, 0.8833],
            "transform": [
                [0.710961, -0.633477, -0.305355, -0.0, 0.227348, -0.20385, 0.952238, 0.4, -0.665467, -0.746426, -0.00091, 0.0, 0.0, 0.0, 0.0, 1.0],
                [0.710961, -0.633477, -0.305355, -0.0, 0.227348, -0.20385, 0.952238, 0.4, -0.665467, -0.746426, -0.000909, 0.0, 0.0, 0.0, 0.0, 1.0],
                [0.652138, -0.693884, -0.305355, 0.0, 0.208425, -0.223162, 0.952238, 0.4, -0.728886, -0.684634, -0.00091, 0.0, 0.0, 0.0, 0.0, 1.0],
                [0.130305, -0.943281, -0.305355, 0.0, 0.040839, -0.302613, 0.952238, 0.4, -0.990632, -0.136551, -0.00091, 0.0, 0.0, 0.0, 0.0, 1.0],
                [0.06205, -0.950215, -0.305355, 0.0, 0.018944, -0.304768, 0.952238, 0.4, -0.997893, -0.064871, -0.00091, 0.0, 0.0, 0.0, 0.0, 1.0],
                [0.06205, -0.950215, -0.305355, 0.0, 0.018944, -0.304768, 0.952238, 0.4, -0.997893, -0.064871, -0.00091, 0.0, 0.0, 0.0, 0.0, 1.0]
            ]
        },
        {
            "name": "Arm_L",
            "time": [0.0, 0.1167, 0.2667, 0.4333, 0.6667, 0.8833],
            "transform": [
                [-0.093139, 0.316104, 0.944142, 0.0, 0.38467, 0.886058, -0.25871, 0.39386, -0.918343, 0.339087, -0.204123, 0.0, 0.0, 0.0, 0.0, 1.0],
                [-0.093139, 0.316104, 0.944141, 0.0, 0.38467, 0.886058, -0.25871, 0.39386, -0.918343, 0.339087, -0.204123, -0.0, 0.0, 0.0, 0.0, 1.0],
                [-0.097887, 0.258916, 0.960927, -0.0, 0.301847, 0.927804, -0.219243, 0.39386, -0.948318, 0.268591, -0.168973, -0.0, 0.0, 0.0, 0.0, 1.0],
                [0.013013, -0.135754, 0.990657, -0.0, -0.294282, 0.946342, 0.133546, 0.39386, -0.95563, -0.29327, -0.027635, 0.0, 0.0, 0.0, 0.0, 1.0],
                [0.032567, -0.217669, 0.975479, -0.0, -0.292289, 0.931254, 0.217559, 0.39386, -0.955775, -0.292207, -0.033294, -0.0, 0.0, 0.0, 0.0, 1.0],
                [0.032567, -0.217669, 0.975479, -0.0, -0.292289, 0.931254, 0.217559, 0.39386, -0.955775, -0.292207, -0.033294, -0.0, 0.0, 0.0, 0.0, 1.0]
            ]
        },
        {
            "name": "Hand_L",
            "time": [0.0, 0.1167, 0.2667, 0.4333, 0.6667, 0.8833],
            "transform": [
                [1.0, 0.0, -0.0, -0.0, -0.0, 0.584739, -0.811222, 0.3, -0.0, 0.811222, 0.584739, 0.0, 0.0, 0.0, 0.0, 1.0],
                [1.0, 0.0, -0.0, 0.0, -0.0, -0.209746, -0.977757, 0.3, -0.0, 0.977756, -0.209746, -0.0, 0.0, 0.0, 0.0, 1.0],
                [1.0, -0.0, -0.0, -0.0, -0.0, -0.069928, -0.997552, 0.3, -0.0, 0.997552, -0.069928, 0.0, 0.0, 0.0, 0.0, 1.0],
                [1.0, 0.0, -0.0, -0.0, 0.0, 0.815274, -0.579076, 0.3, 0.0, 0.579076, 0.815274, -0.0, 0.0, 0.0, 0.0, 1.0],
                [1.0, 0.0, 0.0, -0.0, -0.0, 0.876197, -0.481953, 0.3, -0.0, 0.481953, 0.876197, 0.0, 0.0, 0.0, 0.0, 1.0],
                [1.0, 0.0, 0.0, -0.0, -0.0, 0.876197, -0.481953, 0.3, -0.0, 0.481953, 0.876197, 0.0, 0.0, 0.0, 0.0, 1.0]
            ]
        },
        {
            "name": "Tool_L",
            "time": [0.0, 0.1167, 0.2667, 0.4333, 0.6667, 0.8833],
            "transform": [
                [1.0, 0.0, 0.0, -0.0, 0.0, -0.999836, 0.018122, 0.272858, 0.0, -0.018122, -0.999247, 0.0, 0.0, 0.0, 0.0, 1.0],
                [1.0, 0.0, 0.0, 0.0, 0.0, -0.999836, 0.018122, 0.272858, 0.0, -0.018122, -0.999247, -0.0, 0.0, 0.0, 0.0, 1.0],
                [1.0, 0.0, 0.0, -0.0, 0.0, -0.999836, 0.018122, 0.272858, 0.0, -0.018122, -0.999247, 0.0, 0.0, 0.0, 0.0, 1.0],
                [1.0, 0.0, 0.0, 0.0, -0.0, -0.999836, 0.018122, 0.272858, 0.0, -0.018122, -0.999247, -0.0, 0.0, 0.0, 0.0, 1.0],
                [1.0, 0.0, 0.0, 0.0, 0.0, -0.999836, 0.018122, 0.272858, 0.0, -0.018122, -0.999247, 0.0, 0.0, 0.0, 0.0, 1.0],
                [1.0, 0.0, 0.0, 0.0, 0.0, -0.999836, 0.018122, 0.272858, 0.0, -0.018122, -0.999247, 0.0, 0.0, 0.0, 0.0, 1.0]
            ]
        },
        {
            "name": "Elbow_L",
            "time": [0.0, 0.1167, 0.2667, 0.4333, 0.6667, 0.8833],
            "transform": [
                [-1.0, 0.0, -0.0, -0.0, 0.0, -0.0, -1.0, 0.3, -0.0, -1.0, -0.0, 0.0, 0.0, 0.0, 0.0, 1.0],
                [-1.0, 0.0, -0.0, 0.0, 0.0, -0.0, -1.0, 0.3, -0.0, -1.0, -0.0, -0.0, 0.0, 0.0, 0.0, 1.0],
                [-1.0, 0.0, -0.0, -0.0, 0.0, -0.0, -1.0, 0.3, -0.0, -1.0, 0.0, 0.0, 0.0, 0.0, 0.0, 1.0],
                [-1.0, 0.0, -0.0, -0.0, 0.0, -0.0, -1.0, 0.3, -0.0, -1.0, -0.0, -0.0, 0.0, 0.0, 0.0, 1.0],
                [-1.0, 0.0, -0.0, -0.0, 0.0, -0.0, -1.0, 0.3, -0.0, -1.0, -0.0, 0.0, 0.0, 0.0, 0.0, 1.0],
                [-1.0, 0.0, -0.0, -0.0, 0.0, -0.0, -1.0, 0.3, -0.0, -1.0, -0.0, 0.0, 0.0, 0.0, 0.0, 1.0]
            ]
        }
    ]
}