{
    
    "animation": [
        {
            "name": "Root",
            "time": [0.0, 0.2167, 0.3333, 0.4, 0.5667, 0.7167, 0.8167],
            "transform": [
                [1.0, 0.0, 0.0, -5e-06, 0.0, 0.0, -1.0, 0.000946, 0.0, 1.0, 0.0, 0.764948, 0.0, 0.0, 0.0, 1.0],
                [0.657793, 0.0, -0.753199, -5e-06, -0.753199, 0.0, -0.657793, 0.000946, 0.0, 1.0, 0.0, 0.704302, 0.0, 0.0, 0.0, 1.0],
                [0.657793, 0.0, -0.753199, -5e-06, -0.753199, 0.0, -0.657793, 0.000946, 0.0, 1.0, 0.0, 0.704302, 0.0, 0.0, 0.0, 1.0],
                [0.657793, 0.0, -0.753199, -5e-06, -0.753199, 0.0, -0.657793, 0.000946, 0.0, 1.0, 0.0, 0.704302, 0.0, 0.0, 0.0, 1.0],
                [0.657793, 0.0, -0.753199, -5e-06, -0.753199, 0.0, -0.657793, -0.28726, 0.0, 1.0, 0.0, 0.704302, 0.0, 0.0, 0.0, 1.0],
                [0.657793, 0.0, -0.753199, -5e-06, -0.753199, 0.0, -0.657793, -0.28726, 0.0, 1.0, 0.0, 0.704302, 0.0, 0.0, 0.0, 1.0],
                [0.657793, 0.0, -0.753199, -5e-06, -0.753199, 0.0, -0.657793, -0.28726, 0.0, 1.0, 0.0, 0.704302, 0.0, 0.0, 0.0, 1.0]
            ]
        },
        {
            "name": "Thigh_R",
            "time": [0.0, 0.2167, 0.3333, 0.4, 0.4667, 0.7167, 0.8167],
            "transform": [
                [0.973736, 0.084118, 0.211568, 0.124994, 0.051884, -0.986777, 0.153544, -0.002831, 0.221686, -0.138534, -0.965227, -1.2e-05, 0.0, 0.0, 0.0, 1.0],
                [0.948279, 0.311851, -0.059284, 0.124994, 0.309301, -0.949728, -0.048425, -0.002831, -0.071405, 0.027584, -0.997066, -1.2e-05, 0.0, 0.0, 0.0, 1.0],
                [0.948279, 0.311851, -0.059284, 0.124994, 0.309301, -0.949728, -0.048425, -0.002831, -0.071405, 0.027584, -0.997066, -1.2e-05, 0.0, 0.0, 0.0, 1.0],
                [0.948279, 0.311851, -0.059284, 0.124994, 0.309301, -0.949728, -0.048425, -0.002831, -0.071405, 0.027584, -0.997066, -1.2e-05, 0.0, 0.0, 0.0, 1.0],
                [0.995398, 0.089113, 0.035211, 0.124994, 0.084022, -0.988427, 0.126287, -0.002831, 0.046058, -0.122747, -0.991369, -1.2e-05, 0.0, 0.0, 0.0, 1.0],
                [0.948279, 0.311851, -0.059284, 0.124994, 0.309301, -0.949728, -0.048425, -0.002831, -0.071405, 0.027584, -0.997066, -1.2e-05, 0.0, 0.0, 0.0, 1.0],
                [0.948279, 0.311851, -0.059284, 0.124994, 0.309301, -0.949728, -0.048425, -0.002831, -0.071405, 0.027584, -0.997066, -1.2e-05, 0.0, 0.0, 0.0, 1.0]
            ]
        },
        {
            "name": "Leg_R",
            "time": [0.0, 0.2167, 0.3333, 0.4, 0.4667, 0.7167, 0.8167],
            "transform": [
                [1.0, 0.0, 1e-06, 0.0, -0.0, 0.984472, 0.175547, 0.37472, -1e-06, -0.175547, 0.98447, 0.0, 0.0, 0.0, 0.0, 1.0],
                [1.0, 0.0, 1e-06, -0.0, -0.0, 0.960492, 0.278311, 0.37472, -1e-06, -0.278311, 0.96049, -0.0, 0.0, 0.0, 0.0, 1.0],
                [1.0, 0.0, 1e-06, -0.0, -0.0, 0.960492, 0.278311, 0.37472, -1e-06, -0.278311, 0.96049, -0.0, 0.0, 0.0, 0.0, 1.0],
                [1.0, 0.0, 1e-06, -0.0, -0.0, 0.960492, 0.278311, 0.37472, -1e-06, -0.278311, 0.96049, -0.0, 0.0, 0.0, 0.0, 1.0],
                [1.0, -0.0, 1e-06, -0.0, -0.0, 0.808488, 0.588513, 0.37472, -1e-06, -0.588513, 0.808487, -0.0, 0.0, 0.0, 0.0, 1.0],
                [1.0, 0.0, 1e-06, -0.0, -0.0, 0.960492, 0.278311, 0.37472, -1e-06, -0.278311, 0.96049, -0.0, 0.0, 0.0, 0.0, 1.0],
                [1.0, 0.0, 1e-06, -0.0, -0.0, 0.960492, 0.278311, 0.37472, -1e-06, -0.278311, 0.96049, -0.0, 0.0, 0.0, 0.0, 1.0]
            ]
        },
        {
            "name": "Knee_R",
            "time": [0.0, 0.3333, 0.4, 0.5667, 0.7167, 0.8167],
            "transform": [
                [1.0, 0.0, -0.0, 0.0, -0.0, 1e-06, -1.0, 0.383077, -0.0, 1.0, 1e-06, -0.001653, 0.0, 0.0, 0.0, 1.0],
                [1.0, 0.0, -0.0, -0.0, -0.0, 1e-06, -1.0, 0.383077, -0.0, 1.0, 1e-06, -0.001653, 0.0, 0.0, 0.0, 1.0],
                [1.0, 0.0, -0.0, -0.0, -0.0, 1e-06, -1.0, 0.383077, -0.0, 1.0, 1e-06, -0.001653, 0.0, 0.0, 0.0, 1.0],
                [1.0, 0.0, -0.0, 0.0, -0.0, 1e-06, -1.0, 0.383077, -0.0, 1.0, 1e-06, -0.001653, 0.0, 0.0, 0.0, 1.0],
                [1.0, 0.0, -0.0, -0.0, -0.0, 1e-06, -1.0, 0.383077, -0.0, 1.0, 1e-06, -0.001653, 0.0, 0.0, 0.0, 1.0],
                [1.0, 0.0, -0.0, -0.0, -0.0, 1e-06, -1.0, 0.383077, -0.0, 1.0, 1e-06, -0.001653, 0.0, 0.0, 0.0, 1.0]
            ]
        },
        {
            "name": "Thigh_L",
            "time": [0.0, 0.2167, 0.3333, 0.4, 0.4667, 0.5667, 0.7167, 0.8167],
            "transform": [
                [0.95515, -0.069461, -0.287858, -0.125006, -0.059939, -0.997328, 0.041774, -0.002831, -0.28999, -0.022646, -0.956761, -1.2e-05, 0.0, 0.0, 0.0, 1.0],
                [0.745146, -0.343761, -0.571476, -0.125006, 0.032315, -0.837295, 0.545794, -0.002831, -0.666117, -0.425164, -0.612799, -1.2e-05, 0.0, 0.0, 0.0, 1.0],
                [0.745146, -0.343761, -0.571476, -0.125006, 0.032315, -0.837295, 0.545794, -0.002831, -0.666117, -0.425164, -0.612799, -1.2e-05, 0.0, 0.0, 0.0, 1.0],
                [0.745146, -0.343761, -0.571476, -0.125006, 0.032315, -0.837295, 0.545794, -0.002831, -0.666117, -0.425164, -0.612799, -1.2e-05, 0.0, 0.0, 0.0, 1.0],
                [0.72418, -0.304207, -0.618887, -0.125006, -0.034092, -0.91214, 0.408459, -0.002831, -0.688767, -0.274699, -0.670925, -1.2e-05, 0.0, 0.0, 0.0, 1.0],
                [0.745146, -0.343761, -0.571476, -0.125006, 0.032315, -0.837295, 0.545794, -0.002831, -0.666117, -0.425164, -0.612799, -1.2e-05, 0.0, 0.0, 0.0, 1.0],
                [0.745146, -0.343761, -0.571476, -0.125006, 0.032315, -0.837295, 0.545794, -0.002831, -0.666117, -0.425164, -0.612799, -1.2e-05, 0.0, 0.0, 0.0, 1.0],
                [0.745146, -0.343761, -0.571476, -0.125006, 0.032315, -0.837295, 0.545794, -0.002831, -0.666117, -0.425164, -0.612799, -1.2e-05, 0.0, 0.0, 0.0, 1.0]
            ]
        },
        {
            "name": "Leg_L",
            "time": [0.0, 0.0833, 0.3333, 0.4, 0.4667, 0.5667, 0.7167, 0.8167],
            "transform": [
                [1.0, 0.0, 1e-06, 0.0, -0.0, 0.996194, 0.087156, 0.37472, -1e-06, -0.087156, 0.996195, -0.0, 0.0, 0.0, 0.0, 1.0],
                [1.0, -0.0, 1e-06, 0.0, -0.0, 0.968826, 0.247741, 0.37472, -1e-06, -0.247741, 0.968827, 0.0, 0.0, 0.0, 0.0, 1.0],
                [1.0, -0.0, 1e-06, 0.0, -0.0, 0.968826, 0.247741, 0.37472, -1e-06, -0.247741, 0.968827, 0.0, 0.0, 0.0, 0.0, 1.0],
                [1.0, -0.0, 1e-06, 0.0, -0.0, 0.968826, 0.247741, 0.37472, -1e-06, -0.247741, 0.968827, 0.0, 0.0, 0.0, 0.0, 1.0],
                [1.0, 0.0, 1e-06, -0.0, -0.0, 0.997718, 0.067512, 0.37472, -1e-06, -0.067512, 0.997719, -0.0, 0.0, 0.0, 0.0, 1.0],
                [1.0, -0.0, 1e-06, 0.0, -0.0, 0.968826, 0.247741, 0.37472, -1e-06, -0.247741, 0.968827, 0.0, 0.0, 0.0, 0.0, 1.0],
                [1.0, -0.0, 1e-06, 0.0, -0.0, 0.968826, 0.247741, 0.37472, -1e-06, -0.247741, 0.968827, 0.0, 0.0, 0.0, 0.0, 1.0],
                [1.0, -0.0, 1e-06, 0.0, -0.0, 0.968826, 0.247741, 0.37472, -1e-06, -0.247741, 0.968827, 0.0, 0.0, 0.0, 0.0, 1.0]
            ]
        },
        {
            "name": "Knee_L",
            "time": [0.0, 0.3333, 0.4, 0.5667, 0.7167, 0.8167],
            "transform": [
                [1.0, 0.0, -0.0, 0.0, -0.0, 1e-06, -1.0, 0.37472, -0.0, 1.0, 1e-06, -0.0, 0.0, 0.0, 0.0, 1.0],
                [1.0, 0.0, -0.0, 0.0, -0.0, 1e-06, -1.0, 0.37472, -0.0, 1.0, 1e-06, 0.0, 0.0, 0.0, 0.0, 1.0],
                [1.0, 0.0, -0.0, 0.0, -0.0, 1e-06, -1.0, 0.37472, -0.0, 1.0, 1e-06, 0.0, 0.0, 0.0, 0.0, 1.0],
                [1.0, 0.0, -0.0, 0.0, -0.0, 1e-06, -1.0, 0.37472, -0.0, 1.0, 1e-06, 0.0, 0.0, 0.0, 0.0, 1.0],
                [1.0, 0.0, -0.0, 0.0, -0.0, 1e-06, -1.0, 0.37472, -0.0, 1.0, 1e-06, 0.0, 0.0, 0.0, 0.0, 1.0],
                [1.0, 0.0, -0.0, 0.0, -0.0, 1e-06, -1.0, 0.37472, -0.0, 1.0, 1e-06, 0.0, 0.0, 0.0, 0.0, 1.0]
            ]
        },
        {
            "name": "Torso",
            "time": [0.0, 0.3333, 0.4, 0.5667, 0.7167, 0.8167],
            "transform": [
                [0.996512, 0.0, 0.083446, 0.0, 0.0, 1.0, 0.0, 0.05, -0.083446, 0.0, 0.996512, 0.0, 0.0, 0.0, 0.0, 1.0],
                [0.998606, 0.0, -0.052779, -0.0, 0.0, 1.0, 0.0, 0.05, 0.052779, 0.0, 0.998606, 0.0, 0.0, 0.0, 0.0, 1.0],
                [0.998606, 0.0, -0.052779, -0.0, 0.0, 1.0, 0.0, 0.05, 0.052779, 0.0, 0.998606, 0.0, 0.0, 0.0, 0.0, 1.0],
                [0.998606, 0.0, -0.052779, -0.0, 0.0, 1.0, 0.0, 0.05, 0.052779, 0.0, 0.998606, -0.0, 0.0, 0.0, 0.0, 1.0],
                [0.998606, 0.0, -0.052779, -0.0, 0.0, 1.0, 0.0, 0.05, 0.052779, 0.0, 0.998606, -0.0, 0.0, 0.0, 0.0, 1.0],
                [0.998606, 0.0, -0.052779, -0.0, 0.0, 1.0, 0.0, 0.05, 0.052779, 0.0, 0.998606, -0.0, 0.0, 0.0, 0.0, 1.0]
            ]
        },
        {
            "name": "Chest",
            "time": [0.0, 0.0833, 0.1167, 0.3333, 0.4, 0.45, 0.5667, 0.7167, 0.8167],
            "transform": [
                [0.996909, 0.004476, -0.078441, 0.0, 0.0, 0.998376, 0.056972, 0.3, 0.078568, -0.056796, 0.99529, 0.0, 0.0, 0.0, 0.0, 1.0],
                [0.996698, -0.005775, 0.080992, 0.0, -0.009059, 0.983331, 0.181601, 0.3, -0.08069, -0.181735, 0.980031, -0.0, 0.0, 0.0, 0.0, 1.0],
                [0.993779, -0.027646, 0.107883, 0.0, -0.011272, 0.938757, 0.344395, 0.3, -0.110797, -0.343468, 0.932606, -0.0, 0.0, 0.0, 0.0, 1.0],
                [0.994553, 0.004476, -0.104132, 0.0, 0.00147, 0.998376, 0.056953, 0.3, 0.104218, -0.056795, 0.992932, 0.0, 0.0, 0.0, 0.0, 1.0],
                [0.994553, 0.004476, -0.104132, 0.0, 0.00147, 0.998376, 0.056953, 0.3, 0.104218, -0.056795, 0.992932, 0.0, 0.0, 0.0, 0.0, 1.0],
                [0.971704, 0.232417, -0.042113, 0.0, -0.236101, 0.960917, -0.144547, 0.3, 0.006872, 0.1504, 0.988601, -0.0, 0.0, 0.0, 0.0, 1.0],
                [0.9765, 0.144897, 0.159539, 0.0, -0.142281, 0.989437, -0.027762, 0.3, -0.161876, 0.00441, 0.986801, 0.0, 0.0, 0.0, 0.0, 1.0],
                [0.989321, -0.001436, 0.14575, 0.0, -0.018725, 0.990413, 0.136864, 0.3, -0.144549, -0.138132, 0.979809, 0.0, 0.0, 0.0, 0.0, 1.0],
                [0.989321, -0.001436, 0.14575, 0.0, -0.018725, 0.990413, 0.136864, 0.3, -0.144549, -0.138132, 0.979809, 0.0, 0.0, 0.0, 0.0, 1.0]
            ]
        },
        {
            "name": "Head",
            "time": [0.0, 0.2167, 0.3333, 0.4, 0.5667, 0.7167, 0.8167],
            "transform": [
                [1.0, -0.0, 0.0, 0.0, -0.0, 0.999699, -0.024548, 0.4, 0.0, 0.024548, 0.999699, 0.0, 0.0, 0.0, 0.0, 1.0],
                [0.753234, -0.0, 0.657753, 0.0, 0.016146, 0.999699, -0.01849, 0.4, -0.657555, 0.024548, 0.753007, 0.0, 0.0, 0.0, 0.0, 1.0],
                [0.753234, -0.0, 0.657753, -0.0, 0.016146, 0.999699, -0.01849, 0.4, -0.657554, 0.024548, 0.753007, -0.0, 0.0, 0.0, 0.0, 1.0],
                [0.753234, -0.0, 0.657753, -0.0, 0.016146, 0.999699, -0.01849, 0.4, -0.657554, 0.024548, 0.753007, -0.0, 0.0, 0.0, 0.0, 1.0],
                [0.756309, 0.0, 0.654215, 0.0, 0.01606, 0.999699, -0.018566, 0.4, -0.654018, 0.024548, 0.756081, 0.0, 0.0, 0.0, 0.0, 1.0],
                [0.756309, -0.0, 0.654215, 0.0, 0.01606, 0.999699, -0.018566, 0.4, -0.654018, 0.024548, 0.756081, -0.0, 0.0, 0.0, 0.0, 1.0],
                [0.756309, -0.0, 0.654215, 0.0, 0.01606, 0.999699, -0.018566, 0.4, -0.654018, 0.024548, 0.756081, -0.0, 0.0, 0.0, 0.0, 1.0]
            ]
        },
        {
            "name": "Shoulder_R",
            "time": [0.0, 0.3333, 0.4, 0.5667, 0.7167, 0.8167],
            "transform": [
                [-0.004613, 0.951979, 0.306128, 0.0, 0.000526, -0.306129, 0.95199, 0.4, 0.999989, 0.004553, 0.000911, 0.0, 0.0, 0.0, 0.0, 1.0],
                [-0.004613, 0.951979, 0.306128, -0.0, 0.000526, -0.306129, 0.95199, 0.4, 0.999989, 0.004553, 0.000911, -0.0, 0.0, 0.0, 0.0, 1.0],
                [-0.004613, 0.951979, 0.306128, -0.0, 0.000526, -0.306129, 0.95199, 0.4, 0.999989, 0.004553, 0.000911, -0.0, 0.0, 0.0, 0.0, 1.0],
                [-0.004613, 0.951979, 0.306128, 0.0, 0.000526, -0.306129, 0.95199, 0.4, 0.999989, 0.004553, 0.000911, 0.0, 0.0, 0.0, 0.0, 1.0],
                [-0.004613, 0.951979, 0.306128, 0.0, 0.000526, -0.306129, 0.95199, 0.4, 0.999989, 0.004553, 0.000911, -0.0, 0.0, 0.0, 0.0, 1.0],
                [-0.004613, 0.951979, 0.306128, 0.0, 0.000526, -0.306129, 0.95199, 0.4, 0.999989, 0.004553, 0.000911, -0.0, 0.0, 0.0, 0.0, 1.0]
            ]
        },
        {
            "name": "Arm_R",
            "time": [0.0, 0.0833, 0.3333, 0.4, 0.45, 0.5667, 0.7167, 0.8167],
            "transform": [
                [0.101348, -0.728137, -0.677897, -0.0, 0.953637, 0.265202, -0.142285, 0.393861, 0.283383, -0.632047, 0.721256, -0.0, 0.0, 0.0, 0.0, 1.0],
                [0.353841, -0.494271, -0.794035, 0.0, 0.868437, 0.488855, 0.082694, 0.39386, 0.347295, -0.71883, 0.60222, 0.0, 0.0, 0.0, 0.0, 1.0],
                [0.327848, 0.103439, -0.93905, -0.0, 0.773555, 0.541221, 0.329686, 0.39386, 0.542336, -0.834494, 0.097423, -0.0, 0.0, 0.0, 0.0, 1.0],
                [0.327848, 0.103439, -0.93905, -0.0, 0.773555, 0.541221, 0.329686, 0.39386, 0.542336, -0.834494, 0.097423, -0.0, 0.0, 0.0, 0.0, 1.0],
                [0.281556, 0.197257, -0.93905, 0.0, 0.574953, 0.748823, 0.329686, 0.39386, 0.768216, -0.632735, 0.097423, -0.0, 0.0, 0.0, 0.0, 1.0],
                [0.281556, 0.197257, -0.93905, -0.0, 0.574953, 0.748823, 0.329686, 0.39386, 0.768216, -0.632735, 0.097423, 0.0, 0.0, 0.0, 0.0, 1.0],
                [0.325384, 0.086927, -0.941578, 0.0, 0.655932, 0.696483, 0.290972, 0.393861, 0.681086, -0.712289, 0.169606, -0.0, 0.0, 0.0, 0.0, 1.0],
                [0.325384, 0.086927, -0.941578, 0.0, 0.655932, 0.696483, 0.290972, 0.393861, 0.681086, -0.712289, 0.169606, -0.0, 0.0, 0.0, 0.0, 1.0]
            ]
        },
        {
            "name": "Hand_R",
            "time": [0.0, 0.2167, 0.3333, 0.4, 0.5667, 0.7167, 0.8167],
            "transform": [
                [1.0, -0.0, 0.0, -0.0, 0.0, -0.293999, -0.955806, 0.3, 0.0, 0.955806, -0.293998, 0.0, 0.0, 0.0, 0.0, 1.0],
                [1.0, 0.0, 0.0, 0.0, -0.0, 0.98901, -0.147852, 0.3, -0.0, 0.147852, 0.98901, 0.0, 0.0, 0.0, 0.0, 1.0],
                [1.0, 0.0, 0.0, -0.0, -0.0, 0.98901, -0.147852, 0.3, -0.0, 0.147852, 0.98901, 0.0, 0.0, 0.0, 0.0, 1.0],
                [1.0, 0.0, 0.0, -0.0, -0.0, 0.98901, -0.147852, 0.3, -0.0, 0.147852, 0.98901, 0.0, 0.0, 0.0, 0.0, 1.0],
                [1.0, 0.0, 0.0, -0.0, -0.0, 0.98901, -0.147852, 0.3, -0.0, 0.147852, 0.98901, -0.0, 0.0, 0.0, 0.0, 1.0],
                [1.0, 0.0, -0.0, 0.0, -0.0, 0.98901, -0.147852, 0.3, -0.0, 0.147852, 0.98901, -0.0, 0.0, 0.0, 0.0, 1.0],
                [1.0, 0.0, -0.0, 0.0, -0.0, 0.98901, -0.147852, 0.3, -0.0, 0.147852, 0.98901, -0.0, 0.0, 0.0, 0.0, 1.0]
            ]
        },
        {
            "name": "Tool_R",
            "time": [0.0, 0.3333, 0.4, 0.5667, 0.7167, 0.8167],
            "transform": [
                [1.0, 0.0, 0.0, 0.0, 0.0, -0.999836, 0.018122, 0.272858, 0.0, -0.018122, -0.999244, -0.0, 0.0, 0.0, 0.0, 1.0],
                [1.0, 0.0, 0.0, 0.0, 0.0, -0.999836, 0.018122, 0.272858, 0.0, -0.018122, -0.999244, 0.0, 0.0, 0.0, 0.0, 1.0],
                [1.0, 0.0, 0.0, 0.0, 0.0, -0.999836, 0.018122, 0.272858, 0.0, -0.018122, -0.999244, 0.0, 0.0, 0.0, 0.0, 1.0],
                [1.0, 0.0, 0.0, -0.0, 0.0, -0.999836, 0.018122, 0.272858, 0.0, -0.018122, -0.999244, 0.0, 0.0, 0.0, 0.0, 1.0],
                [1.0, 0.0, 0.0, -0.0, 0.0, -0.999836, 0.018122, 0.272858, 0.0, -0.018122, -0.999244, -0.0, 0.0, 0.0, 0.0, 1.0],
                [1.0, 0.0, 0.0, -0.0, 0.0, -0.999836, 0.018122, 0.272858, 0.0, -0.018122, -0.999244, -0.0, 0.0, 0.0, 0.0, 1.0]
            ]
        },
        {
            "name": "Elbow_R",
            "time": [0.0, 0.2167, 0.3333, 0.4, 0.5667, 0.7167, 0.8167],
            "transform": [
                [-1.0, 0.0, 0.0, -0.0, 0.0, 0.735098, -0.677961, 0.3, -0.0, -0.677961, -0.735098, 0.0, 0.0, 0.0, 0.0, 1.0],
                [-1.0, 0.0, -0.0, 0.0, 0.0, 0.013688, -0.999906, 0.3, -0.0, -0.999906, -0.013688, 0.0, 0.0, 0.0, 0.0, 1.0],
                [-1.0, 0.0, -0.0, -0.0, 0.0, 0.013688, -0.999906, 0.3, -0.0, -0.999906, -0.013688, 0.0, 0.0, 0.0, 0.0, 1.0],
                [-1.0, 0.0, -0.0, -0.0, 0.0, 0.013688, -0.999906, 0.3, -0.0, -0.999906, -0.013688, 0.0, 0.0, 0.0, 0.0, 1.0],
                [-1.0, 0.0, -0.0, -0.0, 0.0, 0.013688, -0.999906, 0.3, -0.0, -0.999906, -0.013688, -0.0, 0.0, 0.0, 0.0, 1.0],
                [-1.0, 0.0, -0.0, 0.0, 0.0, 0.013688, -0.999906, 0.3, -0.0, -0.999906, -0.013688, -0.0, 0.0, 0.0, 0.0, 1.0],
                [-1.0, 0.0, -0.0, 0.0, 0.0, 0.013688, -0.999906, 0.3, -0.0, -0.999906, -0.013688, -0.0, 0.0, 0.0, 0.0, 1.0]
            ]
        },
        {
            "name": "Shoulder_L",
            "time": [0.0, 0.3333, 0.4, 0.5667, 0.7167, 0.8167],
            "transform": [
                [0.004613, -0.952228, -0.305355, 0.0, 0.000524, -0.305355, 0.952238, 0.4, -0.999989, -0.004553, -0.00091, 0.0, 0.0, 0.0, 0.0, 1.0],
                [0.136255, -0.94244, -0.305355, -0.0, 0.042747, -0.302349, 0.952238, 0.4, -0.989751, -0.1428, -0.00091, -0.0, 0.0, 0.0, 0.0, 1.0],
                [0.136255, -0.94244, -0.305355, -0.0, 0.042747, -0.302349, 0.952238, 0.4, -0.989751, -0.1428, -0.00091, -0.0, 0.0, 0.0, 0.0, 1.0],
                [-0.084059, -0.951609, -0.295591, 0.0, 0.01088, -0.297499, 0.95466, 0.4, -0.996401, 0.077032, 0.035361, 0.0, 0.0, 0.0, 0.0, 1.0],
                [0.136255, -0.94244, -0.305355, 0.0, 0.042747, -0.302349, 0.952238, 0.4, -0.989751, -0.1428, -0.00091, -0.0, 0.0, 0.0, 0.0, 1.0],
                [0.136255, -0.94244, -0.305355, 0.0, 0.042747, -0.302349, 0.952238, 0.4, -0.989751, -0.1428, -0.00091, -0.0, 0.0, 0.0, 0.0, 1.0]
            ]
        },
        {
            "name": "Arm_L",
            "time": [0.0, 0.2167, 0.3333, 0.4, 0.5667, 0.7167, 0.8167],
            "transform": [
                [0.337981, -0.043619, 0.940141, 0.0, -0.891463, 0.305452, 0.334653, 0.39386, -0.301766, -0.951208, 0.064352, 0.0, 0.0, 0.0, 0.0, 1.0],
                [0.806926, 0.588778, 0.047021, 0.0, -0.51036, 0.735094, -0.446284, 0.39386, -0.297327, 0.33612, 0.893655, -0.0, 0.0, 0.0, 0.0, 1.0],
                [0.901813, 0.431397, -0.025123, 0.0, -0.412979, 0.843279, -0.343989, 0.39386, -0.12721, 0.320589, 0.938638, 0.0, 0.0, 0.0, 0.0, 1.0],
                [0.901813, 0.431397, -0.025123, 0.0, -0.412979, 0.843279, -0.343989, 0.39386, -0.12721, 0.320589, 0.938638, 0.0, 0.0, 0.0, 0.0, 1.0],
                [0.954729, 0.161851, -0.249595, -0.0, -0.288765, 0.705816, -0.646868, 0.39386, 0.071472, 0.689658, 0.720599, -0.0, 0.0, 0.0, 0.0, 1.0],
                [0.954728, 0.161851, -0.249595, 0.0, -0.288765, 0.705816, -0.646869, 0.39386, 0.071472, 0.689658, 0.720599, -0.0, 0.0, 0.0, 0.0, 1.0],
                [0.954728, 0.161851, -0.249595, 0.0, -0.288765, 0.705816, -0.646869, 0.39386, 0.071472, 0.689658, 0.720599, -0.0, 0.0, 0.0, 0.0, 1.0]
            ]
        },
        {
            "name": "Hand_L",
            "time": [0.0, 0.1167, 0.2167, 0.3333, 0.4, 0.45, 0.5667, 0.7167, 0.8167],
            "transform": [
                [1.0, 0.0, 0.0, -0.0, -0.0, 0.99793, -0.064318, 0.3, -0.0, 0.064318, 0.99793, 0.0, 0.0, 0.0, 0.0, 1.0],
                [1.0, 0.0, 0.0, -0.0, -0.0, 0.547391, -0.836878, 0.3, -0.0, 0.836877, 0.547391, 0.0, 0.0, 0.0, 0.0, 1.0],
                [1.0, 0.0, 0.0, -0.0, -0.0, 0.994218, 0.107381, 0.3, -0.0, -0.107381, 0.994218, 0.0, 0.0, 0.0, 0.0, 1.0],
                [1.0, 0.0, 0.0, -0.0, -0.0, 0.994218, 0.107381, 0.3, -0.0, -0.107381, 0.994218, 0.0, 0.0, 0.0, 0.0, 1.0],
                [1.0, 0.0, 0.0, -0.0, -0.0, 0.994218, 0.107381, 0.3, -0.0, -0.107381, 0.994218, 0.0, 0.0, 0.0, 0.0, 1.0],
                [1.0, 0.0, 0.0, -0.0, -0.0, 0.836915, -0.547333, 0.3, -0.0, 0.547333, 0.836915, 0.0, 0.0, 0.0, 0.0, 1.0],
                [1.0, 0.0, -0.0, 0.0, -0.0, 0.667382, -0.744716, 0.3, 0.0, 0.744716, 0.667382, -0.0, 0.0, 0.0, 0.0, 1.0],
                [1.0, 0.0, -0.0, -0.0, -0.0, 0.667382, -0.744716, 0.3, -0.0, 0.744716, 0.667382, -0.0, 0.0, 0.0, 0.0, 1.0],
                [1.0, 0.0, -0.0, -0.0, -0.0, 0.667382, -0.744716, 0.3, -0.0, 0.744716, 0.667382, -0.0, 0.0, 0.0, 0.0, 1.0]
            ]
        },
        {
            "name": "Tool_L",
            "time": [0.0, 0.3333, 0.4, 0.5667, 0.7167, 0.8167],
            "transform": [
                [1.0, 0.0, 0.0, 0.0, 0.0, -0.999836, 0.018122, 0.272858, 0.0, -0.018122, -0.999247, -0.0, 0.0, 0.0, 0.0, 1.0],
                [1.0, 0.0, 0.0, 0.0, 0.0, -0.999836, 0.018122, 0.272858, 0.0, -0.018122, -0.999247, 0.0, 0.0, 0.0, 0.0, 1.0],
                [1.0, 0.0, 0.0, 0.0, 0.0, -0.999836, 0.018122, 0.272858, 0.0, -0.018122, -0.999247, 0.0, 0.0, 0.0, 0.0, 1.0],
                [1.0, 0.0, 0.0, 0.0, 0.0, -0.999836, 0.018122, 0.272858, 0.0, -0.018122, -0.999247, -0.0, 0.0, 0.0, 0.0, 1.0],
                [1.0, 0.0, 0.0, 0.0, 0.0, -0.999836, 0.018122, 0.272858, 0.0, -0.018122, -0.999247, 0.0, 0.0, 0.0, 0.0, 1.0],
                [1.0, 0.0, 0.0, 0.0, 0.0, -0.999836, 0.018122, 0.272858, 0.0, -0.018122, -0.999247, 0.0, 0.0, 0.0, 0.0, 1.0]
            ]
        },
        {
            "name": "Elbow_L",
            "time": [0.0, 0.3333, 0.4, 0.5667, 0.7167, 0.8167],
            "transform": [
                [-1.0, 0.0, -0.0, -0.0, 0.0, -0.0, -1.0, 0.3, -0.0, -1.0, -0.0, 0.0, 0.0, 0.0, 0.0, 1.0],
                [-1.0, 0.0, -0.0, -0.0, 0.0, -0.0, -1.0, 0.3, -0.0, -1.0, -0.0, 0.0, 0.0, 0.0, 0.0, 1.0],
                [-1.0, 0.0, -0.0, -0.0, 0.0, -0.0, -1.0, 0.3, -0.0, -1.0, -0.0, 0.0, 0.0, 0.0, 0.0, 1.0],
                [-1.0, 0.0, -0.0, 0.0, 0.0, -0.0, -1.0, 0.3, -0.0, -1.0, 0.0, -0.0, 0.0, 0.0, 0.0, 1.0],
                [-1.0, 0.0, -0.0, -0.0, 0.0, -0.0, -1.0, 0.3, -0.0, -1.0, 0.0, -0.0, 0.0, 0.0, 0.0, 1.0],
                [-1.0, 0.0, -0.0, -0.0, 0.0, -0.0, -1.0, 0.3, -0.0, -1.0, 0.0, -0.0, 0.0, 0.0, 0.0, 1.0]
            ]
        }
    ]
}