{
    
    "animation": [
        {
            "name": "Root",
            "time": [0.0, 0.1667, 0.4167, 0.5667, 0.8333, 0.9833],
            "transform": [
                [0.657793, 0.0, -0.753199, -0.053156, -0.753199, 0.0, -0.657793, -0.028367, 0.0, 1.0, 0.0, 0.702626, 0.0, 0.0, 0.0, 1.0],
                [0.768217, 0.0, -0.640189, -0.038131, -0.640189, 0.0, -0.768217, 0.118933, 0.0, 1.0, 0.0, 0.615692, 0.0, 0.0, 0.0, 1.0],
                [0.781982, 0.002347, -0.623296, -0.029286, -0.621665, 0.075329, -0.779652, 0.033601, 0.045122, 0.997156, 0.060365, 0.690858, 0.0, 0.0, 0.0, 1.0],
                [0.757248, -0.015802, -0.652936, -0.029286, -0.653012, -0.037134, -0.756437, 0.033601, -0.012293, 0.999185, -0.038438, 0.690858, 0.0, 0.0, 0.0, 1.0],
                [0.757248, -0.015802, -0.652936, -0.029286, -0.653012, -0.037134, -0.756437, 0.033601, -0.012293, 0.999185, -0.038438, 0.690858, 0.0, 0.0, 0.0, 1.0],
                [0.757248, -0.015802, -0.652936, -0.029286, -0.653012, -0.037134, -0.756437, 0.033601, -0.012293, 0.999185, -0.038438, 0.690858, 0.0, 0.0, 0.0, 1.0]
            ]
        },
        {
            "name": "Thigh_R",
            "time": [0.0, 0.1667, 0.4167, 0.5667, 0.8333, 0.9833],
            "transform": [
                [0.948279, 0.311851, -0.059284, 0.124994, 0.309301, -0.949728, -0.048425, -0.002831, -0.071405, 0.027584, -0.997066, -1.2e-05, 0.0, 0.0, 0.0, 1.0],
                [0.948279, 0.311851, -0.059284, 0.124994, 0.309301, -0.949728, -0.048425, -0.002831, -0.071405, 0.027584, -0.997066, -1.2e-05, 0.0, 0.0, 0.0, 1.0],
                [0.948279, 0.310087, -0.06791, 0.124994, 0.309301, -0.950706, -0.022066, -0.002831, -0.071405, -7.9e-05, -0.997448, -1.2e-05, 0.0, 0.0, 0.0, 1.0],
                [0.948279, 0.309252, -0.071615, 0.124994, 0.309302, -0.950902, -0.010691, -0.002831, -0.071405, -0.012012, -0.997375, -1.2e-05, 0.0, 0.0, 0.0, 1.0],
                [0.948279, 0.309252, -0.071615, 0.124994, 0.309302, -0.950902, -0.010691, -0.002831, -0.071405, -0.012012, -0.997375, -1.2e-05, 0.0, 0.0, 0.0, 1.0],
                [0.948279, 0.309252, -0.071615, 0.124994, 0.309302, -0.950902, -0.010691, -0.002831, -0.071405, -0.012012, -0.997375, -1.2e-05, 0.0, 0.0, 0.0, 1.0]
            ]
        },
        {
            "name": "Leg_R",
            "time": [0.0, 0.1667, 0.4167, 0.5667, 0.8333, 0.9833],
            "transform": [
                [1.0, 0.0, 1e-06, -0.0, -0.0, 0.960492, 0.278311, 0.37472, -1e-06, -0.278311, 0.96049, -0.0, 0.0, 0.0, 0.0, 1.0],
                [1.0, -0.0, 1e-06, -0.0, -0.0, 0.827981, 0.560757, 0.37472, -1e-06, -0.560758, 0.82798, 0.0, 0.0, 0.0, 0.0, 1.0],
                [1.0, 0.0, 1e-06, 0.0, -0.0, 0.92237, 0.386308, 0.37472, -1e-06, -0.386308, 0.922369, -0.0, 0.0, 0.0, 0.0, 1.0],
                [1.0, -0.0, 1e-06, -0.0, -0.0, 0.827981, 0.560757, 0.37472, -1e-06, -0.560758, 0.82798, -0.0, 0.0, 0.0, 0.0, 1.0],
                [1.0, -0.0, 1e-06, -0.0, -0.0, 0.827981, 0.560757, 0.37472, -1e-06, -0.560758, 0.82798, -0.0, 0.0, 0.0, 0.0, 1.0],
                [1.0, -0.0, 1e-06, -0.0, -0.0, 0.827981, 0.560757, 0.37472, -1e-06, -0.560758, 0.82798, -0.0, 0.0, 0.0, 0.0, 1.0]
            ]
        },
        {
            "name": "Knee_R",
            "time": [0.0, 0.1667, 0.5667, 0.8333, 0.9833],
            "transform": [
                [1.0, 0.0, -0.0, -0.0, -0.0, 1e-06, -1.0, 0.383077, -0.0, 1.0, 1e-06, -0.001653, 0.0, 0.0, 0.0, 1.0],
                [1.0, 0.0, -0.0, 0.0, -0.0, 1e-06, -1.0, 0.383077, -0.0, 1.0, 1e-06, -0.001653, 0.0, 0.0, 0.0, 1.0],
                [1.0, 0.0, -0.0, -0.0, -0.0, 1e-06, -1.0, 0.383077, -0.0, 1.0, 1e-06, -0.001653, 0.0, 0.0, 0.0, 1.0],
                [1.0, 0.0, -0.0, -0.0, -0.0, 1e-06, -1.0, 0.383077, -0.0, 1.0, 1e-06, -0.001653, 0.0, 0.0, 0.0, 1.0],
                [1.0, 0.0, -0.0, -0.0, -0.0, 1e-06, -1.0, 0.383077, -0.0, 1.0, 1e-06, -0.001653, 0.0, 0.0, 0.0, 1.0]
            ]
        },
        {
            "name": "Thigh_L",
            "time": [0.0, 0.1667, 0.4167, 0.5667, 0.8333, 0.9833],
            "transform": [
                [0.745146, -0.343761, -0.571476, -0.125006, 0.032315, -0.837295, 0.545794, -0.002831, -0.666117, -0.425164, -0.612799, -1.2e-05, 0.0, 0.0, 0.0, 1.0],
                [0.745146, -0.494869, -0.447059, -0.125006, 0.032315, -0.642773, 0.765374, -0.002831, -0.666117, -0.584762, -0.462968, -1.2e-05, 0.0, 0.0, 0.0, 1.0],
                [0.745146, -0.407088, -0.528239, -0.125006, 0.032315, -0.76911, 0.638299, -0.002831, -0.666117, -0.492696, -0.559944, -1.2e-05, 0.0, 0.0, 0.0, 1.0],
                [0.745146, -0.33416, -0.577142, -0.125006, 0.032315, -0.846302, 0.531722, -0.002831, -0.666117, -0.414861, -0.61982, -1.2e-05, 0.0, 0.0, 0.0, 1.0],
                [0.745146, -0.33416, -0.577142, -0.125006, 0.032315, -0.846302, 0.531722, -0.002831, -0.666117, -0.414861, -0.61982, -1.2e-05, 0.0, 0.0, 0.0, 1.0],
                [0.745146, -0.33416, -0.577142, -0.125006, 0.032315, -0.846302, 0.531722, -0.002831, -0.666117, -0.414861, -0.61982, -1.2e-05, 0.0, 0.0, 0.0, 1.0]
            ]
        },
        {
            "name": "Leg_L",
            "time": [0.0, 0.1667, 0.4167, 0.5667, 0.8333, 0.9833],
            "transform": [
                [1.0, -0.0, 1e-06, -0.0, -0.0, 0.968826, 0.247741, 0.37472, -1e-06, -0.247741, 0.968827, 0.0, 0.0, 0.0, 0.0, 1.0],
                [1.0, -0.0, 1e-06, 0.0, -0.0, 0.737479, 0.67537, 0.37472, -1e-06, -0.675369, 0.73748, -0.0, 0.0, 0.0, 0.0, 1.0],
                [1.0, -0.0, 1e-06, 0.0, -0.0, 0.881884, 0.471466, 0.37472, -1e-06, -0.471466, 0.881885, -0.0, 0.0, 0.0, 0.0, 1.0],
                [1.0, -0.0, 1e-06, -0.0, -0.0, 0.9275, 0.373822, 0.37472, -1e-06, -0.373821, 0.927501, -0.0, 0.0, 0.0, 0.0, 1.0],
                [1.0, -0.0, 1e-06, -0.0, -0.0, 0.9275, 0.373822, 0.37472, -1e-06, -0.373821, 0.927501, -0.0, 0.0, 0.0, 0.0, 1.0],
                [1.0, -0.0, 1e-06, -0.0, -0.0, 0.9275, 0.373822, 0.37472, -1e-06, -0.373821, 0.927501, -0.0, 0.0, 0.0, 0.0, 1.0]
            ]
        },
        {
            "name": "Knee_L",
            "time": [0.0, 0.1667, 0.5667, 0.8333, 0.9833],
            "transform": [
                [1.0, 0.0, -0.0, -0.0, -0.0, 1e-06, -1.0, 0.37472, -0.0, 1.0, 1e-06, 0.0, 0.0, 0.0, 0.0, 1.0],
                [1.0, 0.0, -0.0, 0.0, -0.0, 1e-06, -1.0, 0.37472, -0.0, 1.0, 1e-06, -0.0, 0.0, 0.0, 0.0, 1.0],
                [1.0, 0.0, -0.0, -0.0, -0.0, 1e-06, -1.0, 0.37472, -0.0, 1.0, 1e-06, -0.0, 0.0, 0.0, 0.0, 1.0],
                [1.0, 0.0, -0.0, -0.0, -0.0, 1e-06, -1.0, 0.37472, -0.0, 1.0, 1e-06, -0.0, 0.0, 0.0, 0.0, 1.0],
                [1.0, 0.0, -0.0, -0.0, -0.0, 1e-06, -1.0, 0.37472, -0.0, 1.0, 1e-06, -0.0, 0.0, 0.0, 0.0, 1.0]
            ]
        },
        {
            "name": "Torso",
            "time": [0.0, 0.1667, 0.5667, 0.8333, 0.9833],
            "transform": [
                [0.998606, 0.0, -0.052779, 0.0, 0.0, 1.0, 0.0, 0.05, 0.052779, 0.0, 0.998606, 0.0, 0.0, 0.0, 0.0, 1.0],
                [0.998606, 0.0, -0.052779, 0.0, 0.0, 1.0, 0.0, 0.05, 0.052779, 0.0, 0.998606, -0.0, 0.0, 0.0, 0.0, 1.0],
                [0.998606, -0.0, -0.052779, 0.0, 0.0, 1.0, -0.0, 0.05, 0.052779, -0.0, 0.998606, -0.0, 0.0, 0.0, 0.0, 1.0],
                [0.998606, -0.0, -0.052779, 0.0, 0.0, 1.0, -0.0, 0.05, 0.052779, -0.0, 0.998606, -0.0, 0.0, 0.0, 0.0, 1.0],
                [0.998606, -0.0, -0.052779, 0.0, 0.0, 1.0, -0.0, 0.05, 0.052779, -0.0, 0.998606, -0.0, 0.0, 0.0, 0.0, 1.0]
            ]
        },
        {
            "name": "Chest",
            "time": [0.0, 0.1667, 0.4167, 0.5667, 0.8333, 0.9833],
            "transform": [
                [0.989321, -0.001436, 0.14575, 0.0, -0.018725, 0.990413, 0.136864, 0.3, -0.144549, -0.138132, 0.979809, 0.0, 0.0, 0.0, 0.0, 1.0],
                [0.988816, -0.053943, -0.139045, 0.0, 0.114047, 0.874259, 0.471873, 0.3, 0.096107, -0.482453, 0.870634, 0.0, 0.0, 0.0, 0.0, 1.0],
                [0.729519, 0.219917, 0.64764, 0.0, -0.026859, 0.955379, -0.29416, 0.3, -0.683432, 0.1972, 0.702874, -0.0, 0.0, 0.0, 0.0, 1.0],
                [0.893488, 0.118725, 0.43311, 0.0, -0.116127, 0.992701, -0.032557, 0.3, -0.433814, -0.021206, 0.900753, 0.0, 0.0, 0.0, 0.0, 1.0],
                [0.903604, 0.058344, -0.424377, 0.0, -0.099167, 0.99226, -0.074734, 0.3, 0.416733, 0.109614, 0.902396, 0.0, 0.0, 0.0, 0.0, 1.0],
                [0.903604, 0.058344, -0.424377, 0.0, -0.099167, 0.99226, -0.074734, 0.3, 0.416733, 0.109614, 0.902396, 0.0, 0.0, 0.0, 0.0, 1.0]
            ]
        },
        {
            "name": "Head",
            "time": [0.0, 0.1667, 0.4167, 0.5667, 0.8333, 0.9833],
            "transform": [
                [0.756309, -0.0, 0.654215, 0.0, 0.01606, 0.999699, -0.018566, 0.4, -0.654018, 0.024548, 0.756081, 0.0, 0.0, 0.0, 0.0, 1.0],
                [0.740377, -0.154417, 0.654215, -0.0, 0.219832, 0.975361, -0.018566, 0.4, -0.635229, 0.157563, 0.756081, 0.0, 0.0, 0.0, 0.0, 1.0],
                [0.985976, -0.147972, 0.077177, -0.0, 0.132426, 0.975118, 0.17779, 0.4, -0.101565, -0.165076, 0.981037, -0.0, 0.0, 0.0, 0.0, 1.0],
                [0.947348, -0.147972, 0.283966, 0.0, 0.091827, 0.975117, 0.201776, 0.4, -0.306758, -0.165076, 0.937363, 0.0, 0.0, 0.0, 0.0, 1.0],
                [0.49691, -0.147972, 0.855094, 0.0, -0.071011, 0.975118, 0.210008, 0.4, -0.864892, -0.165076, 0.474037, -0.0, 0.0, 0.0, 0.0, 1.0],
                [0.49691, -0.147972, 0.855094, 0.0, -0.071011, 0.975118, 0.210008, 0.4, -0.864892, -0.165076, 0.474037, -0.0, 0.0, 0.0, 0.0, 1.0]
            ]
        },
        {
            "name": "Shoulder_R",
            "time": [0.0, 0.1667, 0.5667, 0.8333, 0.9833],
            "transform": [
                [-0.004613, 0.951979, 0.306128, 0.0, 0.000526, -0.306129, 0.95199, 0.4, 0.999989, 0.004553, 0.000911, 0.0, 0.0, 0.0, 0.0, 1.0],
                [-0.004613, 0.951979, 0.306128, -0.0, 0.000526, -0.306129, 0.95199, 0.4, 0.999989, 0.004553, 0.000911, 0.0, 0.0, 0.0, 0.0, 1.0],
                [-0.004613, 0.951979, 0.306128, 0.0, 0.000526, -0.306129, 0.95199, 0.4, 0.999989, 0.004553, 0.000911, 0.0, 0.0, 0.0, 0.0, 1.0],
                [-0.004613, 0.951979, 0.306128, 0.0, 0.000526, -0.306129, 0.95199, 0.4, 0.999989, 0.004553, 0.000911, -0.0, 0.0, 0.0, 0.0, 1.0],
                [-0.004613, 0.951979, 0.306128, 0.0, 0.000526, -0.306129, 0.95199, 0.4, 0.999989, 0.004553, 0.000911, -0.0, 0.0, 0.0, 0.0, 1.0]
            ]
        },
        {
            "name": "Arm_R",
            "time": [0.0, 0.1667, 0.5667, 0.8333, 0.9833],
            "transform": [
                [0.325384, 0.086927, -0.941578, 0.0, 0.655932, 0.696483, 0.290972, 0.393861, 0.681086, -0.712289, 0.169606, 0.0, 0.0, 0.0, 0.0, 1.0],
                [0.325384, 0.086927, -0.941578, 0.0, 0.655932, 0.696483, 0.290972, 0.39386, 0.681086, -0.712289, 0.169606, -0.0, 0.0, 0.0, 0.0, 1.0],
                [0.325384, 0.086927, -0.941578, 0.0, 0.655932, 0.696483, 0.290972, 0.39386, 0.681086, -0.712289, 0.169606, 0.0, 0.0, 0.0, 0.0, 1.0],
                [0.325384, 0.086927, -0.941578, -0.0, 0.655932, 0.696483, 0.290972, 0.39386, 0.681086, -0.712289, 0.169606, 0.0, 0.0, 0.0, 0.0, 1.0],
                [0.325384, 0.086927, -0.941578, -0.0, 0.655932, 0.696483, 0.290972, 0.39386, 0.681086, -0.712289, 0.169606, 0.0, 0.0, 0.0, 0.0, 1.0]
            ]
        },
        {
            "name": "Hand_R",
            "time": [0.0, 0.1667, 0.5667, 0.8333, 0.9833],
            "transform": [
                [1.0, 0.0, -0.0, -0.0, -0.0, 0.98901, -0.147852, 0.3, -0.0, 0.147852, 0.98901, 0.0, 0.0, 0.0, 0.0, 1.0],
                [1.0, 0.0, -0.0, 0.0, -0.0, 0.949609, -0.313436, 0.3, -0.0, 0.313436, 0.949609, -0.0, 0.0, 0.0, 0.0, 1.0],
                [1.0, 0.0, -0.0, -0.0, -0.0, 0.949609, -0.313436, 0.3, -0.0, 0.313436, 0.949609, -0.0, 0.0, 0.0, 0.0, 1.0],
                [1.0, 0.0, -0.0, 0.0, -0.0, 0.949609, -0.313436, 0.3, -0.0, 0.313436, 0.949609, 0.0, 0.0, 0.0, 0.0, 1.0],
                [1.0, 0.0, -0.0, 0.0, -0.0, 0.949609, -0.313436, 0.3, -0.0, 0.313436, 0.949609, 0.0, 0.0, 0.0, 0.0, 1.0]
            ]
        },
        {
            "name": "Tool_R",
            "time": [0.0, 0.1667, 0.5667, 0.8333, 0.9833],
            "transform": [
                [1.0, 0.0, 0.0, 0.0, 0.0, -0.999836, 0.018122, 0.272858, 0.0, -0.018122, -0.999244, 0.0, 0.0, 0.0, 0.0, 1.0],
                [1.0, 0.0, 0.0, -0.0, -0.0, -0.999836, 0.018122, 0.272858, 0.0, -0.018122, -0.999244, 0.0, 0.0, 0.0, 0.0, 1.0],
                [1.0, 0.0, 0.0, 0.0, 0.0, -0.999836, 0.018122, 0.272858, 0.0, -0.018122, -0.999244, -0.0, 0.0, 0.0, 0.0, 1.0],
                [1.0, -0.0, 0.0, 0.0, 0.0, -0.999836, 0.018122, 0.272858, 0.0, -0.018122, -0.999244, 0.0, 0.0, 0.0, 0.0, 1.0],
                [1.0, -0.0, 0.0, 0.0, 0.0, -0.999836, 0.018122, 0.272858, 0.0, -0.018122, -0.999244, 0.0, 0.0, 0.0, 0.0, 1.0]
            ]
        },
        {
            "name": "Elbow_R",
            "time": [0.0, 0.1667, 0.5667, 0.8333, 0.9833],
            "transform": [
                [-1.0, 0.0, -0.0, -0.0, 0.0, 0.013688, -0.999906, 0.3, -0.0, -0.999906, -0.013688, 0.0, 0.0, 0.0, 0.0, 1.0],
                [-1.0, 0.0, -0.0, 0.0, 0.0, 0.013688, -0.999906, 0.3, -0.0, -0.999906, -0.013688, -0.0, 0.0, 0.0, 0.0, 1.0],
                [-1.0, 0.0, -0.0, -0.0, 0.0, 0.013688, -0.999906, 0.3, -0.0, -0.999906, -0.013688, -0.0, 0.0, 0.0, 0.0, 1.0],
                [-1.0, 0.0, -0.0, 0.0, 0.0, 0.013688, -0.999906, 0.3, -0.0, -0.999906, -0.013688, 0.0, 0.0, 0.0, 0.0, 1.0],
                [-1.0, 0.0, -0.0, 0.0, 0.0, 0.013688, -0.999906, 0.3, -0.0, -0.999906, -0.013688, 0.0, 0.0, 0.0, 0.0, 1.0]
            ]
        },
        {
            "name": "Shoulder_L",
            "time": [0.0, 0.1667, 0.4167, 0.5667, 0.8333, 0.9833],
            "transform": [
                [0.136255, -0.94244, -0.305355, 0.0, 0.042747, -0.302349, 0.952238, 0.4, -0.989751, -0.1428, -0.00091, 0.0, 0.0, 0.0, 0.0, 1.0],
                [0.136255, -0.94244, -0.305355, -0.0, 0.042747, -0.302349, 0.952238, 0.4, -0.989751, -0.1428, -0.00091, 0.0, 0.0, 0.0, 0.0, 1.0],
                [-0.053821, -0.898972, -0.434686, -0.0, -0.052771, -0.432148, 0.900257, 0.4, -0.997155, 0.071392, -0.024181, -0.0, 0.0, 0.0, 0.0, 1.0],
                [-0.053821, -0.898972, -0.434686, 0.0, -0.052771, -0.432148, 0.900257, 0.4, -0.997155, 0.071392, -0.024181, 0.0, 0.0, 0.0, 0.0, 1.0],
                [-0.175706, -0.883275, -0.434686, 0.0, -0.111113, -0.42094, 0.900257, 0.4, -0.978152, 0.20648, -0.024181, -0.0, 0.0, 0.0, 0.0, 1.0],
                [-0.175706, -0.883275, -0.434686, 0.0, -0.111113, -0.42094, 0.900257, 0.4, -0.978152, 0.20648, -0.024181, -0.0, 0.0, 0.0, 0.0, 1.0]
            ]
        },
        {
            "name": "Arm_L",
            "time": [0.0, 0.1667, 0.25, 0.4167, 0.5667, 0.8333, 0.9833],
            "transform": [
                [0.954728, 0.161851, -0.249595, -0.0, -0.288765, 0.705816, -0.646869, 0.39386, 0.071472, 0.689658, 0.720599, 0.0, 0.0, 0.0, 0.0, 1.0],
                [0.704785, 0.641362, 0.303205, -0.0, -0.631667, 0.761879, -0.143307, 0.39386, -0.322918, -0.090524, 0.942088, -0.0, 0.0, 0.0, 0.0, 1.0],
                [0.445057, 0.670743, 0.593319, 0.0, -0.867642, 0.486962, 0.100324, 0.39386, -0.221632, -0.559439, 0.798691, -0.0, 0.0, 0.0, 0.0, 1.0],
                [0.36072, 0.929499, 0.076889, 0.0, -0.910887, 0.368809, -0.185109, 0.39386, -0.200416, -0.003265, 0.979705, 0.0, 0.0, 0.0, 0.0, 1.0],
                [0.36072, 0.865791, -0.346823, -0.0, -0.910887, 0.247124, -0.330477, 0.39386, -0.200416, 0.435126, 0.877781, -0.0, 0.0, 0.0, 0.0, 1.0],
                [0.868378, 0.495892, -0.003444, 0.0, -0.470386, 0.821474, -0.322362, 0.39386, -0.157028, 0.281551, 0.94661, -0.0, 0.0, 0.0, 0.0, 1.0],
                [0.868378, 0.495892, -0.003444, 0.0, -0.470386, 0.821474, -0.322362, 0.39386, -0.157028, 0.281551, 0.94661, -0.0, 0.0, 0.0, 0.0, 1.0]
            ]
        },
        {
            "name": "Hand_L",
            "time": [0.0, 0.1667, 0.4167, 0.5667, 0.8333, 0.9833],
            "transform": [
                [1.0, 0.0, -0.0, -0.0, -0.0, 0.667382, -0.744716, 0.3, -0.0, 0.744716, 0.667382, -0.0, 0.0, 0.0, 0.0, 1.0],
                [1.0, 0.0, 0.0, 0.0, -0.0, 0.99977, -0.021463, 0.3, 0.0, 0.021463, 0.99977, 0.0, 0.0, 0.0, 0.0, 1.0],
                [1.0, 0.0, -0.0, 0.0, -0.0, -0.370884, -0.928679, 0.3, -0.0, 0.928679, -0.370884, -0.0, 0.0, 0.0, 0.0, 1.0],
                [1.0, 0.0, -0.0, -0.0, -0.0, 0.055604, -0.998453, 0.3, -0.0, 0.998453, 0.055604, -0.0, 0.0, 0.0, 0.0, 1.0],
                [1.0, 0.0, 0.0, 0.0, -0.0, 0.998429, 0.056035, 0.3, -0.0, -0.056035, 0.998429, 0.0, 0.0, 0.0, 0.0, 1.0],
                [1.0, 0.0, 0.0, 0.0, -0.0, 0.998429, 0.056035, 0.3, -0.0, -0.056035, 0.998429, 0.0, 0.0, 0.0, 0.0, 1.0]
            ]
        },
        {
            "name": "Tool_L",
            "time": [0.0, 0.1667, 0.2333, 0.3333, 0.45, 0.9833],
            "transform": [
                [1.0, 0.0, 0.0, 0.0, 0.0, -0.999836, 0.018122, 0.272858, 0.0, -0.018122, -0.999247, 0.0, 0.0, 0.0, 0.0, 1.0],
                [1.0, 0.0, 0.0, -0.0, 0.0, -0.999836, 0.018122, 0.272858, 0.0, -0.018122, -0.999247, -0.0, 0.0, 0.0, 0.0, 1.0],
                [1.0, -3e-06, -1e-06, 0.0, -0.0, 0.265648, -0.96407, 0.272858, 3e-06, 0.963506, 0.265481, 0.0, 0.0, 0.0, 0.0, 1.0],
                [1.0, 3e-06, -1e-06, 0.0, 0.0, 0.328993, 0.944332, 0.272858, 3e-06, -0.943773, 0.32881, 0.0, 0.0, 0.0, 0.0, 1.0],
                [1.0, 0.0, 3e-06, -0.0, 0.0, -0.996786, 0.080109, 0.272858, 3e-06, -0.080072, -0.996199, 0.0, 0.0, 0.0, 0.0, 1.0],
                [1.0, 0.0, 3e-06, 0.0, 0.0, -0.996786, 0.080109, 0.272858, 3e-06, -0.080072, -0.996199, -0.0, 0.0, 0.0, 0.0, 1.0]
            ]
        },
        {
            "name": "Elbow_L",
            "time": [0.0, 0.1667, 0.4167, 0.5667, 0.8333, 0.9833],
            "transform": [
                [-1.0, 0.0, -0.0, -0.0, 0.0, -0.0, -1.0, 0.3, -0.0, -1.0, 0.0, -0.0, 0.0, 0.0, 0.0, 1.0],
                [-1.0, 0.0, -0.0, 0.0, 0.0, -0.0, -1.0, 0.3, -0.0, -1.0, -0.0, 0.0, 0.0, 0.0, 0.0, 1.0],
                [-1.0, 0.0, 0.0, 0.0, 0.0, 0.694824, -0.719179, 0.3, -0.0, -0.719179, -0.694824, -0.0, 0.0, 0.0, 0.0, 1.0],
                [-1.0, 0.0, 0.0, -0.0, 0.0, 0.694824, -0.719179, 0.3, -0.0, -0.719179, -0.694824, -0.0, 0.0, 0.0, 0.0, 1.0],
                [-1.0, 0.0, -0.0, 0.0, 0.0, -0.061835, -0.998086, 0.3, -0.0, -0.998086, 0.061835, 0.0, 0.0, 0.0, 0.0, 1.0],
                [-1.0, 0.0, -0.0, 0.0, 0.0, -0.061835, -0.998086, 0.3, -0.0, -0.998086, 0.061835, 0.0, 0.0, 0.0, 0.0, 1.0]
            ]
        }
    ]
}