{
    
    "animation": [
        {
            "name": "Root",
            "time": [0.0, 0.1333, 0.25, 0.4667, 0.65],
            "transform": [
                [1.0, 0.0, 0.0, -5e-06, 0.0, 0.0, -1.0, 0.000946, 0.0, 1.0, 0.0, 0.764948, 0.0, 0.0, 0.0, 1.0],
                [0.914109, 0.0, 0.40547, -5e-06, 0.40547, 0.0, -0.914109, 0.000946, 0.0, 1.0, 0.0, 0.704302, 0.0, 0.0, 0.0, 1.0],
                [0.914109, 0.0, 0.40547, -5e-06, 0.40547, 0.0, -0.914109, 0.000946, 0.0, 1.0, 0.0, 0.704302, 0.0, 0.0, 0.0, 1.0],
                [0.914109, 0.0, 0.40547, -5e-06, 0.40547, 0.0, -0.914109, 0.000946, 0.0, 1.0, 0.0, 0.704302, 0.0, 0.0, 0.0, 1.0],
                [0.914109, 0.0, 0.40547, -5e-06, 0.40547, 0.0, -0.914109, 0.000946, 0.0, 1.0, 0.0, 0.704302, 0.0, 0.0, 0.0, 1.0]
            ]
        },
        {
            "name": "Thigh_R",
            "time": [0.0, 0.1333, 0.25, 0.4667, 0.65],
            "transform": [
                [0.973736, 0.084118, 0.211568, 0.124994, 0.051884, -0.986777, 0.153544, -0.002831, 0.221686, -0.138534, -0.965227, -1.2e-05, 0.0, 0.0, 0.0, 1.0],
                [0.923348, 0.253502, 0.288382, 0.124994, 0.090207, -0.873265, 0.478819, -0.002831, 0.373216, -0.416101, -0.829198, -1.2e-05, 0.0, 0.0, 0.0, 1.0],
                [0.923348, 0.253502, 0.288382, 0.124994, 0.090207, -0.873265, 0.478819, -0.002831, 0.373216, -0.416101, -0.829198, -1.2e-05, 0.0, 0.0, 0.0, 1.0],
                [0.923348, 0.253502, 0.288382, 0.124994, 0.090207, -0.873265, 0.478819, -0.002831, 0.373216, -0.416101, -0.829198, -1.2e-05, 0.0, 0.0, 0.0, 1.0],
                [0.923348, 0.253502, 0.288382, 0.124994, 0.090207, -0.873265, 0.478819, -0.002831, 0.373216, -0.416101, -0.829198, -1.2e-05, 0.0, 0.0, 0.0, 1.0]
            ]
        },
        {
            "name": "Leg_R",
            "time": [0.0, 0.25, 0.4667, 0.65],
            "transform": [
                [1.0, 0.0, 1e-06, 0.0, -0.0, 0.984472, 0.175547, 0.37472, -1e-06, -0.175547, 0.98447, 0.0, 0.0, 0.0, 0.0, 1.0],
                [1.0, 0.0, 1e-06, 0.0, -0.0, 0.984472, 0.175547, 0.37472, -1e-06, -0.175547, 0.98447, 0.0, 0.0, 0.0, 0.0, 1.0],
                [1.0, 0.0, 1e-06, 0.0, -0.0, 0.984472, 0.175547, 0.37472, -1e-06, -0.175547, 0.98447, 0.0, 0.0, 0.0, 0.0, 1.0],
                [1.0, 0.0, 1e-06, 0.0, -0.0, 0.984472, 0.175547, 0.37472, -1e-06, -0.175547, 0.98447, 0.0, 0.0, 0.0, 0.0, 1.0]
            ]
        },
        {
            "name": "Knee_R",
            "time": [0.0, 0.25, 0.4667, 0.65],
            "transform": [
                [1.0, 0.0, -0.0, 0.0, -0.0, 1e-06, -1.0, 0.383077, -0.0, 1.0, 1e-06, -0.001653, 0.0, 0.0, 0.0, 1.0],
                [1.0, 0.0, -0.0, 0.0, -0.0, 1e-06, -1.0, 0.383077, -0.0, 1.0, 1e-06, -0.001653, 0.0, 0.0, 0.0, 1.0],
                [1.0, 0.0, -0.0, 0.0, -0.0, 1e-06, -1.0, 0.383077, -0.0, 1.0, 1e-06, -0.001653, 0.0, 0.0, 0.0, 1.0],
                [1.0, 0.0, -0.0, 0.0, -0.0, 1e-06, -1.0, 0.383077, -0.0, 1.0, 1e-06, -0.001653, 0.0, 0.0, 0.0, 1.0]
            ]
        },
        {
            "name": "Thigh_L",
            "time": [0.0, 0.1333, 0.25, 0.4667, 0.65],
            "transform": [
                [0.95515, -0.069461, -0.287858, -0.125006, -0.059939, -0.997328, 0.041774, -0.002831, -0.28999, -0.022646, -0.956761, -1.2e-05, 0.0, 0.0, 0.0, 1.0],
                [0.923313, -0.274049, -0.269052, -0.125006, -0.332029, -0.921685, -0.200634, -0.002831, -0.192998, 0.274582, -0.941996, -1.2e-05, 0.0, 0.0, 0.0, 1.0],
                [0.923313, -0.274049, -0.269052, -0.125006, -0.332029, -0.921685, -0.200634, -0.002831, -0.192998, 0.274582, -0.941996, -1.2e-05, 0.0, 0.0, 0.0, 1.0],
                [0.923313, -0.274049, -0.269052, -0.125006, -0.332029, -0.921685, -0.200634, -0.002831, -0.192998, 0.274582, -0.941996, -1.2e-05, 0.0, 0.0, 0.0, 1.0],
                [0.923313, -0.274049, -0.269052, -0.125006, -0.332029, -0.921685, -0.200634, -0.002831, -0.192998, 0.274582, -0.941996, -1.2e-05, 0.0, 0.0, 0.0, 1.0]
            ]
        },
        {
            "name": "Leg_L",
            "time": [0.0, 0.05, 0.25, 0.4667, 0.65],
            "transform": [
                [1.0, 0.0, 1e-06, 0.0, -0.0, 0.996194, 0.087156, 0.37472, -1e-06, -0.087156, 0.996195, -0.0, 0.0, 0.0, 0.0, 1.0],
                [1.0, -0.0, 1e-06, 0.0, -0.0, 0.968826, 0.247741, 0.37472, -1e-06, -0.247741, 0.968827, 0.0, 0.0, 0.0, 0.0, 1.0],
                [1.0, -0.0, 1e-06, -0.0, -0.0, 0.968826, 0.247741, 0.37472, -1e-06, -0.247741, 0.968827, 0.0, 0.0, 0.0, 0.0, 1.0],
                [1.0, -0.0, 1e-06, -0.0, -0.0, 0.968826, 0.247741, 0.37472, -1e-06, -0.247741, 0.968827, 0.0, 0.0, 0.0, 0.0, 1.0],
                [1.0, -0.0, 1e-06, -0.0, -0.0, 0.968826, 0.247741, 0.37472, -1e-06, -0.247741, 0.968827, 0.0, 0.0, 0.0, 0.0, 1.0]
            ]
        },
        {
            "name": "Knee_L",
            "time": [0.0, 0.25, 0.4667, 0.65],
            "transform": [
                [1.0, 0.0, -0.0, 0.0, -0.0, 1e-06, -1.0, 0.37472, -0.0, 1.0, 1e-06, -0.0, 0.0, 0.0, 0.0, 1.0],
                [1.0, 0.0, -0.0, -0.0, -0.0, 1e-06, -1.0, 0.37472, -0.0, 1.0, 1e-06, 0.0, 0.0, 0.0, 0.0, 1.0],
                [1.0, 0.0, -0.0, -0.0, -0.0, 1e-06, -1.0, 0.37472, -0.0, 1.0, 1e-06, 0.0, 0.0, 0.0, 0.0, 1.0],
                [1.0, 0.0, -0.0, -0.0, -0.0, 1e-06, -1.0, 0.37472, -0.0, 1.0, 1e-06, 0.0, 0.0, 0.0, 0.0, 1.0]
            ]
        },
        {
            "name": "Torso",
            "time": [0.0, 0.25, 0.4667, 0.65],
            "transform": [
                [0.996512, 0.0, 0.083446, 0.0, 0.0, 1.0, 0.0, 0.05, -0.083446, 0.0, 0.996512, 0.0, 0.0, 0.0, 0.0, 1.0],
                [0.996512, 0.0, 0.083446, -0.0, 0.0, 1.0, 0.0, 0.05, -0.083446, 0.0, 0.996512, -0.0, 0.0, 0.0, 0.0, 1.0],
                [0.996512, 0.0, 0.083446, -0.0, 0.0, 1.0, 0.0, 0.05, -0.083446, 0.0, 0.996512, -0.0, 0.0, 0.0, 0.0, 1.0],
                [0.996512, 0.0, 0.083446, -0.0, 0.0, 1.0, 0.0, 0.05, -0.083446, 0.0, 0.996512, -0.0, 0.0, 0.0, 0.0, 1.0]
            ]
        },
        {
            "name": "Chest",
            "time": [0.0, 0.05, 0.1333, 0.25, 0.35, 0.4667, 0.65],
            "transform": [
                [0.996909, 0.004476, -0.078441, 0.0, 0.0, 0.998376, 0.056972, 0.3, 0.078568, -0.056796, 0.99529, 0.0, 0.0, 0.0, 0.0, 1.0],
                [0.996698, -0.005775, 0.080992, 0.0, -0.009059, 0.983331, 0.181601, 0.3, -0.08069, -0.181735, 0.980031, 0.0, 0.0, 0.0, 0.0, 1.0],
                [0.954328, 0.004476, 0.298727, 0.0, -0.021232, 0.998376, 0.052868, 0.3, -0.298005, -0.056796, 0.952873, 0.0, 0.0, 0.0, 0.0, 1.0],
                [0.953571, 0.016016, 0.300743, 0.0, -0.037891, 0.99703, 0.067046, 0.3, -0.298776, -0.075329, 0.951346, 0.0, 0.0, 0.0, 0.0, 1.0],
                [0.997631, 0.028576, 0.062582, 0.0, -0.021038, 0.992795, -0.117962, 0.3, -0.065502, 0.116365, 0.991044, 0.0, 0.0, 0.0, 0.0, 1.0],
                [0.971043, 0.016016, -0.238369, 0.0, 0.002451, 0.99703, 0.076974, 0.3, 0.238894, -0.075329, 0.968119, 0.0, 0.0, 0.0, 0.0, 1.0],
                [0.971043, 0.016016, -0.238369, 0.0, 0.002451, 0.99703, 0.076974, 0.3, 0.238894, -0.075329, 0.968119, 0.0, 0.0, 0.0, 0.0, 1.0]
            ]
        },
        {
            "name": "Head",
            "time": [0.0, 0.1333, 0.25, 0.35, 0.4667, 0.65],
            "transform": [
                [1.0, -0.0, 0.0, 0.0, -0.0, 0.999699, -0.024548, 0.4, 0.0, 0.024548, 0.999699, 0.0, 0.0, 0.0, 0.0, 1.0],
                [0.810807, 0.0, -0.585313, 0.0, -0.014368, 0.999699, -0.019904, 0.4, 0.585137, 0.024548, 0.810563, 0.0, 0.0, 0.0, 0.0, 1.0],
                [0.810807, -0.030121, -0.584538, -0.0, -0.014368, 0.99735, -0.071323, 0.4, 0.585137, 0.066228, 0.808226, 0.0, 0.0, 0.0, 0.0, 1.0],
                [0.924244, 0.045097, -0.379129, -0.0, 0.005498, 0.991324, 0.131321, 0.4, 0.381762, -0.123457, 0.915978, -0.0, 0.0, 0.0, 0.0, 1.0],
                [0.995631, -0.030121, -0.088384, 0.0, 0.024078, 0.99735, -0.068656, 0.4, 0.090218, 0.066228, 0.993717, 0.0, 0.0, 0.0, 0.0, 1.0],
                [0.995631, -0.030121, -0.088384, 0.0, 0.024078, 0.99735, -0.068656, 0.4, 0.090218, 0.066228, 0.993717, 0.0, 0.0, 0.0, 0.0, 1.0]
            ]
        },
        {
            "name": "Shoulder_R",
            "time": [0.0, 0.25, 0.4667, 0.65],
            "transform": [
                [-0.004613, 0.951979, 0.306128, 0.0, 0.000526, -0.306129, 0.95199, 0.4, 0.999989, 0.004553, 0.000911, 0.0, 0.0, 0.0, 0.0, 1.0],
                [-0.004613, 0.951979, 0.306128, -0.0, 0.000526, -0.306129, 0.95199, 0.4, 0.999989, 0.004553, 0.000911, 0.0, 0.0, 0.0, 0.0, 1.0],
                [-0.004613, 0.951979, 0.306128, 0.0, 0.000526, -0.306129, 0.95199, 0.4, 0.999989, 0.004553, 0.000911, 0.0, 0.0, 0.0, 0.0, 1.0],
                [-0.004613, 0.951979, 0.306128, 0.0, 0.000526, -0.306129, 0.95199, 0.4, 0.999989, 0.004553, 0.000911, 0.0, 0.0, 0.0, 0.0, 1.0]
            ]
        },
        {
            "name": "Arm_R",
            "time": [0.0, 0.05, 0.1333, 0.25, 0.4667, 0.65],
            "transform": [
                [0.101348, -0.728137, -0.677897, -0.0, 0.953637, 0.265202, -0.142285, 0.393861, 0.283383, -0.632047, 0.721256, -0.0, 0.0, 0.0, 0.0, 1.0],
                [0.353841, -0.494271, -0.794035, -0.0, 0.868437, 0.488854, 0.082694, 0.393861, 0.347295, -0.71883, 0.60222, 0.0, 0.0, 0.0, 0.0, 1.0],
                [0.677913, -0.733766, -0.044953, -0.0, 0.684171, 0.652102, -0.326606, 0.39386, 0.268967, 0.190655, 0.944091, 0.0, 0.0, 0.0, 0.0, 1.0],
                [0.677913, -0.735142, 0.000623, 0.0, 0.684171, 0.630601, -0.366404, 0.39386, 0.268967, 0.248817, 0.930455, -0.0, 0.0, 0.0, 0.0, 1.0],
                [0.218503, -0.773754, 0.59461, 0.0, 0.967738, 0.093476, -0.233978, 0.393861, 0.12546, 0.626551, 0.769216, 0.0, 0.0, 0.0, 0.0, 1.0],
                [0.218503, -0.773754, 0.59461, 0.0, 0.967738, 0.093476, -0.233978, 0.393861, 0.12546, 0.626551, 0.769216, 0.0, 0.0, 0.0, 0.0, 1.0]
            ]
        },
        {
            "name": "Hand_R",
            "time": [0.0, 0.1333, 0.25, 0.4667, 0.65],
            "transform": [
                [1.0, -0.0, 0.0, -0.0, 0.0, -0.293999, -0.955806, 0.3, 0.0, 0.955806, -0.293998, 0.0, 0.0, 0.0, 0.0, 1.0],
                [1.0, 0.0, 0.0, -0.0, -0.0, 0.996585, 0.082573, 0.3, -0.0, -0.082573, 0.996585, 0.0, 0.0, 0.0, 0.0, 1.0],
                [1.0, 0.0, 0.0, -0.0, -0.0, 0.996585, 0.082573, 0.3, -0.0, -0.082573, 0.996585, 0.0, 0.0, 0.0, 0.0, 1.0],
                [1.0, 0.0, 0.0, 0.0, 0.0, 0.698098, -0.716002, 0.3, -0.0, 0.716002, 0.698098, -0.0, 0.0, 0.0, 0.0, 1.0],
                [1.0, 0.0, 0.0, 0.0, 0.0, 0.698098, -0.716002, 0.3, -0.0, 0.716002, 0.698098, -0.0, 0.0, 0.0, 0.0, 1.0]
            ]
        },
        {
            "name": "Tool_R",
            "time": [0.0, 0.25, 0.4667, 0.65],
            "transform": [
                [1.0, 0.0, 0.0, 0.0, 0.0, -0.999836, 0.018122, 0.272858, 0.0, -0.018122, -0.999244, -0.0, 0.0, 0.0, 0.0, 1.0],
                [1.0, 0.0, 0.0, -0.0, 0.0, -0.999836, 0.018122, 0.272858, 0.0, -0.018122, -0.999244, 0.0, 0.0, 0.0, 0.0, 1.0],
                [1.0, 0.0, 0.0, 0.0, 0.0, -0.999836, 0.018122, 0.272858, 0.0, -0.018122, -0.999244, -0.0, 0.0, 0.0, 0.0, 1.0],
                [1.0, 0.0, 0.0, 0.0, 0.0, -0.999836, 0.018122, 0.272858, 0.0, -0.018122, -0.999244, -0.0, 0.0, 0.0, 0.0, 1.0]
            ]
        },
        {
            "name": "Elbow_R",
            "time": [0.0, 0.1333, 0.25, 0.4667, 0.65],
            "transform": [
                [-1.0, 0.0, 0.0, -0.0, 0.0, 0.735098, -0.677961, 0.3, -0.0, -0.677961, -0.735098, 0.0, 0.0, 0.0, 0.0, 1.0],
                [-1.0, 0.0, -0.0, -0.0, 0.0, 0.013688, -0.999906, 0.3, -0.0, -0.999907, -0.013688, 0.0, 0.0, 0.0, 0.0, 1.0],
                [-1.0, 0.0, -0.0, -0.0, 0.0, 0.013688, -0.999906, 0.3, -0.0, -0.999906, -0.013688, 0.0, 0.0, 0.0, 0.0, 1.0],
                [-1.0, 0.0, 0.0, 0.0, 0.0, 0.428499, -0.903542, 0.3, -0.0, -0.903542, -0.428499, -0.0, 0.0, 0.0, 0.0, 1.0],
                [-1.0, 0.0, 0.0, 0.0, 0.0, 0.428499, -0.903542, 0.3, -0.0, -0.903542, -0.428499, -0.0, 0.0, 0.0, 0.0, 1.0]
            ]
        },
        {
            "name": "Shoulder_L",
            "time": [0.0, 0.25, 0.4667, 0.65],
            "transform": [
                [0.004613, -0.952228, -0.305355, 0.0, 0.000524, -0.305355, 0.952238, 0.4, -0.999989, -0.004553, -0.00091, 0.0, 0.0, 0.0, 0.0, 1.0],
                [0.004613, -0.952228, -0.305355, -0.0, 0.000524, -0.305355, 0.952238, 0.4, -0.999989, -0.004553, -0.00091, 0.0, 0.0, 0.0, 0.0, 1.0],
                [0.004613, -0.952228, -0.305355, 0.0, 0.000524, -0.305355, 0.952238, 0.4, -0.999989, -0.004553, -0.00091, 0.0, 0.0, 0.0, 0.0, 1.0],
                [0.004613, -0.952228, -0.305355, 0.0, 0.000524, -0.305355, 0.952238, 0.4, -0.999989, -0.004553, -0.00091, 0.0, 0.0, 0.0, 0.0, 1.0]
            ]
        },
        {
            "name": "Arm_L",
            "time": [0.0, 0.1333, 0.25, 0.4667, 0.65],
            "transform": [
                [0.337981, -0.043619, 0.940141, 0.0, -0.891463, 0.305452, 0.334653, 0.39386, -0.301766, -0.951208, 0.064352, 0.0, 0.0, 0.0, 0.0, 1.0],
                [0.308254, -0.145305, 0.940141, -0.0, -0.754582, 0.564458, 0.334654, 0.39386, -0.579297, -0.812572, 0.064352, -0.0, 0.0, 0.0, 0.0, 1.0],
                [0.310993, -0.15783, 0.937216, 0.0, -0.718535, 0.606409, 0.34055, 0.39386, -0.622085, -0.779331, 0.075183, 0.0, 0.0, 0.0, 0.0, 1.0],
                [0.310993, -0.241251, 0.919283, -0.0, -0.718536, 0.573422, 0.393566, 0.39386, -0.622085, -0.782933, 0.004983, -0.0, 0.0, 0.0, 0.0, 1.0],
                [0.310993, -0.241251, 0.919283, -0.0, -0.718536, 0.573422, 0.393566, 0.39386, -0.622085, -0.782933, 0.004983, -0.0, 0.0, 0.0, 0.0, 1.0]
            ]
        },
        {
            "name": "Hand_L",
            "time": [0.0, 0.1333, 0.25, 0.4667, 0.65],
            "transform": [
                [1.0, 0.0, 0.0, -0.0, -0.0, 0.99793, -0.064318, 0.3, -0.0, 0.064318, 0.99793, 0.0, 0.0, 0.0, 0.0, 1.0],
                [1.0, 0.0, -0.0, 0.0, -0.0, 0.95311, -0.302624, 0.3, -0.0, 0.302624, 0.95311, -0.0, 0.0, 0.0, 0.0, 1.0],
                [1.0, 0.0, -0.0, -0.0, -0.0, 0.95311, -0.302624, 0.3, -0.0, 0.302624, 0.95311, 0.0, 0.0, 0.0, 0.0, 1.0],
                [1.0, 0.0, 0.0, 0.0, 0.0, 0.95311, -0.302624, 0.3, -0.0, 0.302624, 0.95311, 0.0, 0.0, 0.0, 0.0, 1.0],
                [1.0, 0.0, 0.0, 0.0, 0.0, 0.95311, -0.302624, 0.3, -0.0, 0.302624, 0.95311, 0.0, 0.0, 0.0, 0.0, 1.0]
            ]
        },
        {
            "name": "Tool_L",
            "time": [0.0, 0.25, 0.4667, 0.65],
            "transform": [
                [1.0, 0.0, 0.0, 0.0, 0.0, -0.999836, 0.018122, 0.272858, 0.0, -0.018122, -0.999247, -0.0, 0.0, 0.0, 0.0, 1.0],
                [1.0, 0.0, 0.0, -0.0, 0.0, -0.999836, 0.018122, 0.272858, 0.0, -0.018122, -0.999247, -0.0, 0.0, 0.0, 0.0, 1.0],
                [1.0, 0.0, 0.0, 0.0, 0.0, -0.999836, 0.018122, 0.272858, 0.0, -0.018122, -0.999247, -0.0, 0.0, 0.0, 0.0, 1.0],
                [1.0, 0.0, 0.0, 0.0, 0.0, -0.999836, 0.018122, 0.272858, 0.0, -0.018122, -0.999247, -0.0, 0.0, 0.0, 0.0, 1.0]
            ]
        },
        {
            "name": "Elbow_L",
            "time": [0.0, 0.25, 0.4667, 0.65],
            "transform": [
                [-1.0, 0.0, -0.0, -0.0, 0.0, -0.0, -1.0, 0.3, -0.0, -1.0, -0.0, 0.0, 0.0, 0.0, 0.0, 1.0],
                [-1.0, 0.0, -0.0, -0.0, 0.0, -0.0, -1.0, 0.3, -0.0, -1.0, -0.0, 0.0, 0.0, 0.0, 0.0, 1.0],
                [-1.0, 0.0, -0.0, 0.0, 0.0, -0.0, -1.0, 0.3, -0.0, -1.0, -0.0, 0.0, 0.0, 0.0, 0.0, 1.0],
                [-1.0, 0.0, -0.0, 0.0, 0.0, -0.0, -1.0, 0.3, -0.0, -1.0, -0.0, 0.0, 0.0, 0.0, 0.0, 1.0]
            ]
        }
    ]
}