{
    
    "animation": [
        {
            "name": "Root",
            "time": [0.0, 0.05, 0.1833, 0.2667, 0.5, 0.7333],
            "transform": [
                [0.757248, -0.015802, -0.652936, -0.029286, -0.653012, -0.037134, -0.756437, 0.033601, -0.012293, 0.999185, -0.038438, 0.690858, 0.0, 0.0, 0.0, 1.0],
                [0.757248, -0.015802, -0.652936, -0.029286, -0.653012, -0.037134, -0.756437, 0.033601, -0.012293, 0.999185, -0.038438, 0.690858, 0.0, 0.0, 0.0, 1.0],
                [0.757248, -0.015802, -0.652936, -0.029286, -0.653012, -0.037134, -0.756437, -0.255112, -0.012293, 0.999185, -0.038438, 0.690858, 0.0, 0.0, 0.0, 1.0],
                [0.757248, -0.015802, -0.652936, -0.029286, -0.653012, -0.037134, -0.756437, -0.428594, -0.012293, 0.999185, -0.038438, 0.690858, 0.0, 0.0, 0.0, 1.0],
                [0.757248, -0.015802, -0.652936, -0.029286, -0.653012, -0.037134, -0.756437, -0.255112, -0.012293, 0.999185, -0.038438, 0.690858, 0.0, 0.0, 0.0, 1.0],
                [0.757248, -0.015802, -0.652936, -0.029286, -0.653012, -0.037134, -0.756437, -0.255112, -0.012293, 0.999185, -0.038438, 0.690858, 0.0, 0.0, 0.0, 1.0]
            ]
        },
        {
            "name": "Thigh_R",
            "time": [0.0, 0.05, 0.1833, 0.2667, 0.5, 0.7333],
            "transform": [
                [0.948279, 0.309252, -0.071615, 0.124994, 0.309302, -0.950902, -0.010691, -0.002831, -0.071405, -0.012012, -0.997375, -1.2e-05, 0.0, 0.0, 0.0, 1.0],
                [0.948279, 0.309252, -0.071615, 0.124994, 0.309302, -0.950902, -0.010691, -0.002831, -0.071405, -0.012012, -0.997375, -1.2e-05, 0.0, 0.0, 0.0, 1.0],
                [0.981287, 0.173269, 0.083978, 0.124994, 0.152282, -0.965283, 0.212214, -0.002831, 0.117833, -0.195454, -0.973609, -1.2e-05, 0.0, 0.0, 0.0, 1.0],
                [0.981287, 0.173269, 0.083978, 0.124994, 0.152282, -0.965283, 0.212214, -0.002831, 0.117833, -0.195454, -0.973609, -1.2e-05, 0.0, 0.0, 0.0, 1.0],
                [0.948279, 0.309252, -0.071615, 0.124994, 0.309302, -0.950902, -0.010691, -0.002831, -0.071405, -0.012012, -0.997375, -1.2e-05, 0.0, 0.0, 0.0, 1.0],
                [0.948279, 0.309252, -0.071615, 0.124994, 0.309302, -0.950902, -0.010691, -0.002831, -0.071405, -0.012012, -0.997375, -1.2e-05, 0.0, 0.0, 0.0, 1.0]
            ]
        },
        {
            "name": "Leg_R",
            "time": [0.0, 0.05, 0.1833, 0.2667, 0.5, 0.7333],
            "transform": [
                [1.0, -0.0, 1e-06, -0.0, -0.0, 0.827981, 0.560757, 0.37472, -1e-06, -0.560758, 0.82798, -0.0, 0.0, 0.0, 0.0, 1.0],
                [1.0, -0.0, 1e-06, -0.0, -0.0, 0.827981, 0.560757, 0.37472, -1e-06, -0.560758, 0.82798, -0.0, 0.0, 0.0, 0.0, 1.0],
                [1.0, -1e-06, 1e-06, 0.0, -0.0, 0.556074, 0.831133, 0.37472, -1e-06, -0.831134, 0.556073, -0.0, 0.0, 0.0, 0.0, 1.0],
                [1.0, -1e-06, 1e-06, 0.0, -0.0, 0.556074, 0.831133, 0.37472, -1e-06, -0.831134, 0.556073, -0.0, 0.0, 0.0, 0.0, 1.0],
                [1.0, -0.0, 1e-06, 0.0, -0.0, 0.827981, 0.560757, 0.37472, -1e-06, -0.560758, 0.82798, 0.0, 0.0, 0.0, 0.0, 1.0],
                [1.0, -0.0, 1e-06, 0.0, -0.0, 0.827981, 0.560757, 0.37472, -1e-06, -0.560758, 0.82798, 0.0, 0.0, 0.0, 0.0, 1.0]
            ]
        },
        {
            "name": "Knee_R",
            "time": [0.0, 0.05, 0.2667, 0.5, 0.7333],
            "transform": [
                [1.0, 0.0, -0.0, -0.0, -0.0, 1e-06, -1.0, 0.383077, -0.0, 1.0, 1e-06, -0.001653, 0.0, 0.0, 0.0, 1.0],
                [1.0, 0.0, -0.0, -0.0, -0.0, 1e-06, -1.0, 0.383077, -0.0, 1.0, 1e-06, -0.001653, 0.0, 0.0, 0.0, 1.0],
                [1.0, 0.0, -0.0, -0.0, -0.0, 1e-06, -1.0, 0.383077, -0.0, 1.0, 1e-06, -0.001653, 0.0, 0.0, 0.0, 1.0],
                [1.0, 0.0, -0.0, 0.0, -0.0, 1e-06, -1.0, 0.383077, -0.0, 1.0, 1e-06, -0.001653, 0.0, 0.0, 0.0, 1.0],
                [1.0, 0.0, -0.0, 0.0, -0.0, 1e-06, -1.0, 0.383077, -0.0, 1.0, 1e-06, -0.001653, 0.0, 0.0, 0.0, 1.0]
            ]
        },
        {
            "name": "Thigh_L",
            "time": [0.0, 0.05, 0.2667, 0.5, 0.7333],
            "transform": [
                [0.745146, -0.33416, -0.577142, -0.125006, 0.032315, -0.846302, 0.531722, -0.002831, -0.666117, -0.414861, -0.61982, -1.2e-05, 0.0, 0.0, 0.0, 1.0],
                [0.745146, -0.33416, -0.577142, -0.125006, 0.032315, -0.846302, 0.531722, -0.002831, -0.666117, -0.414861, -0.61982, -1.2e-05, 0.0, 0.0, 0.0, 1.0],
                [0.745146, -0.33416, -0.577142, -0.125006, 0.032315, -0.846302, 0.531722, -0.002831, -0.666117, -0.414861, -0.61982, -1.2e-05, 0.0, 0.0, 0.0, 1.0],
                [0.745146, -0.33416, -0.577142, -0.125006, 0.032315, -0.846302, 0.531722, -0.002831, -0.666117, -0.414861, -0.61982, -1.2e-05, 0.0, 0.0, 0.0, 1.0],
                [0.745146, -0.33416, -0.577142, -0.125006, 0.032315, -0.846302, 0.531722, -0.002831, -0.666117, -0.414861, -0.61982, -1.2e-05, 0.0, 0.0, 0.0, 1.0]
            ]
        },
        {
            "name": "Leg_L",
            "time": [0.0, 0.05, 0.1833, 0.2667, 0.5, 0.7333],
            "transform": [
                [1.0, -0.0, 1e-06, -0.0, -0.0, 0.9275, 0.373822, 0.37472, -1e-06, -0.373821, 0.927501, -0.0, 0.0, 0.0, 0.0, 1.0],
                [1.0, -0.0, 1e-06, -0.0, -0.0, 0.9275, 0.373822, 0.37472, -1e-06, -0.373821, 0.927501, -0.0, 0.0, 0.0, 0.0, 1.0],
                [1.0, 0.0, 1e-06, -0.0, -0.0, 0.996221, 0.086848, 0.37472, -1e-06, -0.086848, 0.996222, 0.0, 0.0, 0.0, 0.0, 1.0],
                [1.0, 0.0, 1e-06, -0.0, -0.0, 0.996221, 0.086848, 0.37472, -1e-06, -0.086848, 0.996222, 0.0, 0.0, 0.0, 0.0, 1.0],
                [1.0, -0.0, 1e-06, -0.0, -0.0, 0.9275, 0.373822, 0.37472, -1e-06, -0.373821, 0.927501, 0.0, 0.0, 0.0, 0.0, 1.0],
                [1.0, -0.0, 1e-06, -0.0, -0.0, 0.9275, 0.373822, 0.37472, -1e-06, -0.373821, 0.927501, 0.0, 0.0, 0.0, 0.0, 1.0]
            ]
        },
        {
            "name": "Knee_L",
            "time": [0.0, 0.05, 0.2667, 0.5, 0.7333],
            "transform": [
                [1.0, 0.0, -0.0, -0.0, -0.0, 1e-06, -1.0, 0.37472, -0.0, 1.0, 1e-06, -0.0, 0.0, 0.0, 0.0, 1.0],
                [1.0, 0.0, -0.0, -0.0, -0.0, 1e-06, -1.0, 0.37472, -0.0, 1.0, 1e-06, -0.0, 0.0, 0.0, 0.0, 1.0],
                [1.0, 0.0, -0.0, -0.0, -0.0, 1e-06, -1.0, 0.37472, -0.0, 1.0, 1e-06, 0.0, 0.0, 0.0, 0.0, 1.0],
                [1.0, 0.0, -0.0, -0.0, -0.0, 1e-06, -1.0, 0.37472, -0.0, 1.0, 1e-06, 0.0, 0.0, 0.0, 0.0, 1.0],
                [1.0, 0.0, -0.0, -0.0, -0.0, 1e-06, -1.0, 0.37472, -0.0, 1.0, 1e-06, 0.0, 0.0, 0.0, 0.0, 1.0]
            ]
        },
        {
            "name": "Torso",
            "time": [0.0, 0.05, 0.1833, 0.2667, 0.5, 0.7333],
            "transform": [
                [0.998606, -0.0, -0.052779, 0.0, 0.0, 1.0, -0.0, 0.05, 0.052779, -0.0, 0.998606, -0.0, 0.0, 0.0, 0.0, 1.0],
                [0.998606, -0.0, -0.052779, 0.0, 0.0, 1.0, -0.0, 0.05, 0.052779, -0.0, 0.998606, -0.0, 0.0, 0.0, 0.0, 1.0],
                [0.994819, 0.053589, -0.086394, -0.0, -0.061241, 0.994191, -0.088505, 0.05, 0.081149, 0.093338, 0.992322, -0.0, 0.0, 0.0, 0.0, 1.0],
                [0.994819, 0.053589, -0.086394, -0.0, -0.061241, 0.994191, -0.088505, 0.05, 0.081149, 0.093338, 0.992322, -0.0, 0.0, 0.0, 0.0, 1.0],
                [0.998606, -0.0, -0.052779, -0.0, 0.0, 1.0, -0.0, 0.05, 0.052779, -0.0, 0.998606, -0.0, 0.0, 0.0, 0.0, 1.0],
                [0.998606, -0.0, -0.052779, -0.0, 0.0, 1.0, -0.0, 0.05, 0.052779, -0.0, 0.998606, -0.0, 0.0, 0.0, 0.0, 1.0]
            ]
        },
        {
            "name": "Chest",
            "time": [0.0, 0.05, 0.1, 0.1833, 0.2667, 0.5, 0.7333],
            "transform": [
                [0.903604, 0.058344, -0.424377, 0.0, -0.099167, 0.99226, -0.074734, 0.3, 0.416733, 0.109614, 0.902396, 0.0, 0.0, 0.0, 0.0, 1.0],
                [0.903604, 0.058344, -0.424377, 0.0, -0.099167, 0.99226, -0.074734, 0.3, 0.416733, 0.109614, 0.902396, 0.0, 0.0, 0.0, 0.0, 1.0],
                [0.857159, 0.212664, -0.469098, -0.0, -0.317601, 0.935246, -0.156346, 0.3, 0.405473, 0.283, 0.869197, 0.0, 0.0, 0.0, 0.0, 1.0],
                [0.903604, 0.058342, -0.424377, -0.0, -0.099163, 0.992261, -0.074732, 0.3, 0.416732, 0.109611, 0.902397, -0.0, 0.0, 0.0, 0.0, 1.0],
                [0.91486, -0.043786, -0.40139, -0.0, 0.046147, 0.998928, -0.003789, 0.3, 0.401126, -0.015057, 0.9159, -0.0, 0.0, 0.0, 0.0, 1.0],
                [0.903604, 0.058344, -0.424377, 0.0, -0.099167, 0.99226, -0.074734, 0.3, 0.416733, 0.109614, 0.902396, 0.0, 0.0, 0.0, 0.0, 1.0],
                [0.903604, 0.058344, -0.424377, 0.0, -0.099167, 0.99226, -0.074734, 0.3, 0.416733, 0.109614, 0.902396, 0.0, 0.0, 0.0, 0.0, 1.0]
            ]
        },
        {
            "name": "Head",
            "time": [0.0, 0.05, 0.1, 0.2667, 0.5, 0.7333],
            "transform": [
                [0.49691, -0.147972, 0.855094, 0.0, -0.071011, 0.975118, 0.210008, 0.4, -0.864892, -0.165076, 0.474037, -0.0, 0.0, 0.0, 0.0, 1.0],
                [0.49691, -0.147972, 0.855094, 0.0, -0.071011, 0.975118, 0.210008, 0.4, -0.864892, -0.165076, 0.474037, -0.0, 0.0, 0.0, 0.0, 1.0],
                [0.49691, -0.35536, 0.791707, -0.0, -0.071011, 0.892602, 0.445217, 0.4, -0.864892, -0.277453, 0.418308, -0.0, 0.0, 0.0, 0.0, 1.0],
                [0.49691, -0.147972, 0.855094, -0.0, -0.071011, 0.975118, 0.210008, 0.4, -0.864892, -0.165076, 0.474038, 0.0, 0.0, 0.0, 0.0, 1.0],
                [0.49691, -0.147972, 0.855094, 0.0, -0.071011, 0.975118, 0.210008, 0.4, -0.864892, -0.165076, 0.474037, -0.0, 0.0, 0.0, 0.0, 1.0],
                [0.49691, -0.147972, 0.855094, 0.0, -0.071011, 0.975118, 0.210008, 0.4, -0.864892, -0.165076, 0.474037, -0.0, 0.0, 0.0, 0.0, 1.0]
            ]
        },
        {
            "name": "Shoulder_R",
            "time": [0.0, 0.05, 0.2667, 0.5, 0.7333],
            "transform": [
                [-0.004613, 0.951979, 0.306128, 0.0, 0.000526, -0.306129, 0.95199, 0.4, 0.999989, 0.004553, 0.000911, -0.0, 0.0, 0.0, 0.0, 1.0],
                [-0.004613, 0.951979, 0.306128, 0.0, 0.000526, -0.306129, 0.95199, 0.4, 0.999989, 0.004553, 0.000911, -0.0, 0.0, 0.0, 0.0, 1.0],
                [-0.004613, 0.951979, 0.306128, -0.0, 0.000526, -0.306129, 0.95199, 0.4, 0.999989, 0.004553, 0.000911, 0.0, 0.0, 0.0, 0.0, 1.0],
                [-0.004613, 0.951979, 0.306128, 0.0, 0.000526, -0.306129, 0.95199, 0.4, 0.999989, 0.004553, 0.000911, -0.0, 0.0, 0.0, 0.0, 1.0],
                [-0.004613, 0.951979, 0.306128, 0.0, 0.000526, -0.306129, 0.95199, 0.4, 0.999989, 0.004553, 0.000911, -0.0, 0.0, 0.0, 0.0, 1.0]
            ]
        },
        {
            "name": "Arm_R",
            "time": [0.0, 0.05, 0.1, 0.2667, 0.5, 0.7333],
            "transform": [
                [0.325384, 0.086927, -0.941578, -0.0, 0.655932, 0.696483, 0.290972, 0.39386, 0.681086, -0.712289, 0.169606, 0.0, 0.0, 0.0, 0.0, 1.0],
                [0.325384, 0.086927, -0.941578, -0.0, 0.655932, 0.696483, 0.290972, 0.39386, 0.681086, -0.712289, 0.169606, 0.0, 0.0, 0.0, 0.0, 1.0],
                [0.348183, -0.037203, -0.936688, -0.0, 0.403958, 0.907633, 0.114109, 0.39386, 0.845924, -0.418113, 0.33105, -0.0, 0.0, 0.0, 0.0, 1.0],
                [0.325384, 0.086927, -0.941578, 0.0, 0.655932, 0.696483, 0.290972, 0.39386, 0.681086, -0.712289, 0.169606, -0.0, 0.0, 0.0, 0.0, 1.0],
                [0.325384, 0.086927, -0.941578, -0.0, 0.655932, 0.696483, 0.290972, 0.393861, 0.681086, -0.712289, 0.169606, 0.0, 0.0, 0.0, 0.0, 1.0],
                [0.325384, 0.086927, -0.941578, -0.0, 0.655932, 0.696483, 0.290972, 0.393861, 0.681086, -0.712289, 0.169606, 0.0, 0.0, 0.0, 0.0, 1.0]
            ]
        },
        {
            "name": "Hand_R",
            "time": [0.0, 0.05, 0.2667, 0.5, 0.7333],
            "transform": [
                [1.0, 0.0, -0.0, 0.0, -0.0, 0.949609, -0.313436, 0.3, -0.0, 0.313436, 0.949609, 0.0, 0.0, 0.0, 0.0, 1.0],
                [1.0, 0.0, -0.0, 0.0, -0.0, 0.949609, -0.313436, 0.3, -0.0, 0.313436, 0.949609, 0.0, 0.0, 0.0, 0.0, 1.0],
                [1.0, 0.0, 0.0, -0.0, -0.0, 0.949609, -0.313436, 0.3, -0.0, 0.313436, 0.949609, 0.0, 0.0, 0.0, 0.0, 1.0],
                [1.0, 0.0, -0.0, 0.0, -0.0, 0.949609, -0.313436, 0.3, -0.0, 0.313436, 0.949609, -0.0, 0.0, 0.0, 0.0, 1.0],
                [1.0, 0.0, -0.0, 0.0, -0.0, 0.949609, -0.313436, 0.3, -0.0, 0.313436, 0.949609, -0.0, 0.0, 0.0, 0.0, 1.0]
            ]
        },
        {
            "name": "Tool_R",
            "time": [0.0, 0.05, 0.2667, 0.5, 0.7333],
            "transform": [
                [1.0, -0.0, 0.0, 0.0, 0.0, -0.999836, 0.018122, 0.272858, 0.0, -0.018122, -0.999244, 0.0, 0.0, 0.0, 0.0, 1.0],
                [1.0, -0.0, 0.0, 0.0, 0.0, -0.999836, 0.018122, 0.272858, 0.0, -0.018122, -0.999244, 0.0, 0.0, 0.0, 0.0, 1.0],
                [1.0, 0.0, 0.0, -0.0, 0.0, -0.999836, 0.018122, 0.272858, 0.0, -0.018122, -0.999244, 0.0, 0.0, 0.0, 0.0, 1.0],
                [1.0, -0.0, 0.0, 0.0, 0.0, -0.999836, 0.018122, 0.272858, 0.0, -0.018122, -0.999244, -0.0, 0.0, 0.0, 0.0, 1.0],
                [1.0, -0.0, 0.0, 0.0, 0.0, -0.999836, 0.018122, 0.272858, 0.0, -0.018122, -0.999244, -0.0, 0.0, 0.0, 0.0, 1.0]
            ]
        },
        {
            "name": "Elbow_R",
            "time": [0.0, 0.05, 0.2667, 0.5, 0.7333],
            "transform": [
                [-1.0, 0.0, -0.0, 0.0, 0.0, 0.013688, -0.999906, 0.3, -0.0, -0.999906, -0.013688, 0.0, 0.0, 0.0, 0.0, 1.0],
                [-1.0, 0.0, -0.0, 0.0, 0.0, 0.013688, -0.999906, 0.3, -0.0, -0.999906, -0.013688, 0.0, 0.0, 0.0, 0.0, 1.0],
                [-1.0, 0.0, -0.0, -0.0, 0.0, 0.013688, -0.999906, 0.3, -0.0, -0.999906, -0.013688, 0.0, 0.0, 0.0, 0.0, 1.0],
                [-1.0, 0.0, -0.0, 0.0, 0.0, 0.013688, -0.999906, 0.3, -0.0, -0.999906, -0.013688, -0.0, 0.0, 0.0, 0.0, 1.0],
                [-1.0, 0.0, -0.0, 0.0, 0.0, 0.013688, -0.999906, 0.3, -0.0, -0.999906, -0.013688, -0.0, 0.0, 0.0, 0.0, 1.0]
            ]
        },
        {
            "name": "Shoulder_L",
            "time": [0.0, 0.05, 0.2667, 0.5, 0.7333],
            "transform": [
                [-0.175706, -0.883275, -0.434686, 0.0, -0.111113, -0.42094, 0.900257, 0.4, -0.978152, 0.20648, -0.024181, -0.0, 0.0, 0.0, 0.0, 1.0],
                [-0.175706, -0.883275, -0.434686, 0.0, -0.111113, -0.42094, 0.900257, 0.4, -0.978152, 0.20648, -0.024181, -0.0, 0.0, 0.0, 0.0, 1.0],
                [-0.175706, -0.883275, -0.434686, -0.0, -0.111113, -0.42094, 0.900257, 0.4, -0.978152, 0.20648, -0.024181, 0.0, 0.0, 0.0, 0.0, 1.0],
                [-0.175706, -0.883275, -0.434686, 0.0, -0.111113, -0.42094, 0.900257, 0.4, -0.978152, 0.20648, -0.024181, -0.0, 0.0, 0.0, 0.0, 1.0],
                [-0.175706, -0.883275, -0.434686, 0.0, -0.111113, -0.42094, 0.900257, 0.4, -0.978152, 0.20648, -0.024181, -0.0, 0.0, 0.0, 0.0, 1.0]
            ]
        },
        {
            "name": "Arm_L",
            "time": [0.0, 0.05, 0.1833, 0.2667, 0.5, 0.7333],
            "transform": [
                [0.868378, 0.495892, -0.003444, 0.0, -0.470386, 0.821474, -0.322362, 0.39386, -0.157028, 0.281551, 0.94661, -0.0, 0.0, 0.0, 0.0, 1.0],
                [0.868378, 0.495892, -0.003444, 0.0, -0.470386, 0.821474, -0.322362, 0.39386, -0.157028, 0.281551, 0.94661, -0.0, 0.0, 0.0, 0.0, 1.0],
                [0.868378, 0.477195, -0.134928, -0.0, -0.470386, 0.706462, -0.528818, 0.39386, -0.157028, 0.522682, 0.837942, -0.0, 0.0, 0.0, 0.0, 1.0],
                [0.868378, 0.477195, -0.134928, 0.0, -0.470386, 0.706462, -0.528818, 0.39386, -0.157028, 0.522682, 0.837942, -0.0, 0.0, 0.0, 0.0, 1.0],
                [0.868378, 0.495892, -0.003444, 0.0, -0.470386, 0.821474, -0.322362, 0.39386, -0.157028, 0.281551, 0.94661, -0.0, 0.0, 0.0, 0.0, 1.0],
                [0.868378, 0.495892, -0.003444, 0.0, -0.470386, 0.821474, -0.322362, 0.39386, -0.157028, 0.281551, 0.94661, -0.0, 0.0, 0.0, 0.0, 1.0]
            ]
        },
        {
            "name": "Hand_L",
            "time": [0.0, 0.05, 0.1833, 0.2667, 0.5, 0.7333],
            "transform": [
                [1.0, 0.0, 0.0, 0.0, -0.0, 0.998429, 0.056035, 0.3, -0.0, -0.056035, 0.998429, 0.0, 0.0, 0.0, 0.0, 1.0],
                [1.0, 0.0, 0.0, 0.0, -0.0, 0.998429, 0.056035, 0.3, -0.0, -0.056035, 0.998429, 0.0, 0.0, 0.0, 0.0, 1.0],
                [1.0, 0.0, -0.0, 0.0, -0.0, 0.643467, -0.765474, 0.3, -0.0, 0.765474, 0.643467, 0.0, 0.0, 0.0, 0.0, 1.0],
                [1.0, 0.0, -0.0, -0.0, -0.0, 0.643467, -0.765474, 0.3, -0.0, 0.765474, 0.643467, 0.0, 0.0, 0.0, 0.0, 1.0],
                [1.0, 0.0, 0.0, 0.0, -0.0, 0.998429, 0.056035, 0.3, -0.0, -0.056035, 0.998429, 0.0, 0.0, 0.0, 0.0, 1.0],
                [1.0, 0.0, 0.0, 0.0, -0.0, 0.998429, 0.056035, 0.3, -0.0, -0.056035, 0.998429, 0.0, 0.0, 0.0, 0.0, 1.0]
            ]
        },
        {
            "name": "Tool_L",
            "time": [0.0, 0.05, 0.2667, 0.5, 0.7333],
            "transform": [
                [1.0, 0.0, 0.0, 0.0, 0.0, -0.999836, 0.018122, 0.272858, 0.0, -0.018122, -0.999247, -0.0, 0.0, 0.0, 0.0, 1.0],
                [1.0, 0.0, 0.0, 0.0, 0.0, -0.999836, 0.018122, 0.272858, 0.0, -0.018122, -0.999247, -0.0, 0.0, 0.0, 0.0, 1.0],
                [1.0, 0.0, 0.0, 0.0, 0.0, -0.999836, 0.018122, 0.272858, 0.0, -0.018122, -0.999247, -0.0, 0.0, 0.0, 0.0, 1.0],
                [1.0, 0.0, 0.0, 0.0, 0.0, -0.999836, 0.018122, 0.272858, 0.0, -0.018122, -0.999247, -0.0, 0.0, 0.0, 0.0, 1.0],
                [1.0, 0.0, 0.0, 0.0, 0.0, -0.999836, 0.018122, 0.272858, 0.0, -0.018122, -0.999247, -0.0, 0.0, 0.0, 0.0, 1.0]
            ]
        },
        {
            "name": "Elbow_L",
            "time": [0.0, 0.05, 0.1833, 0.2667, 0.5, 0.7333],
            "transform": [
                [-1.0, 0.0, -0.0, 0.0, 0.0, -0.061835, -0.998086, 0.3, -0.0, -0.998086, 0.061835, 0.0, 0.0, 0.0, 0.0, 1.0],
                [-1.0, 0.0, -0.0, 0.0, 0.0, -0.061835, -0.998086, 0.3, -0.0, -0.998086, 0.061835, 0.0, 0.0, 0.0, 0.0, 1.0],
                [-1.0, 0.0, -0.0, 0.0, 0.0, 0.5354, -0.844599, 0.3, -0.0, -0.844599, -0.5354, 0.0, 0.0, 0.0, 0.0, 1.0],
                [-1.0, 0.0, -0.0, -0.0, 0.0, 0.5354, -0.844599, 0.3, -0.0, -0.844599, -0.5354, 0.0, 0.0, 0.0, 0.0, 1.0],
                [-1.0, 0.0, -0.0, 0.0, 0.0, -0.061835, -0.998086, 0.3, -0.0, -0.998086, 0.061835, 0.0, 0.0, 0.0, 0.0, 1.0],
                [-1.0, 0.0, -0.0, 0.0, 0.0, -0.061835, -0.998086, 0.3, -0.0, -0.998086, 0.061835, 0.0, 0.0, 0.0, 0.0, 1.0]
            ]
        }
    ]
}