{
    
    "animation": [
        {
            "name": "Root",
            "time": [0.0, 0.0667, 0.2667, 0.4333],
            "transform": [
                [0.995905, 0.0, 0.090407, -5e-06, 0.090407, 0.0, -0.995905, 0.089485, 0.0, 1.0, 0.0, 0.670457, 0.0, 0.0, 0.0, 1.0],
                [0.995905, 0.0, 0.090407, -5e-06, 0.090407, 0.0, -0.995905, 0.089485, 0.0, 1.0, 0.0, 0.670457, 0.0, 0.0, 0.0, 1.0],
                [0.995905, 0.0, 0.090407, -5e-06, 0.090407, 0.0, -0.995905, -0.012981, 0.0, 1.0, 0.0, 0.670457, 0.0, 0.0, 0.0, 1.0],
                [0.995905, 0.0, 0.090407, -5e-06, 0.090407, 0.0, -0.995905, -0.012981, 0.0, 1.0, 0.0, 0.670457, 0.0, 0.0, 0.0, 1.0]
            ]
        },
        {
            "name": "Thigh_R",
            "time": [0.0, 0.0667, 0.2667, 0.4333],
            "transform": [
                [0.996811, 0.077825, 0.017627, 0.124994, 0.053999, -0.820519, 0.569061, -0.002831, 0.05875, -0.566293, -0.822107, -1.2e-05, 0.0, 0.0, 0.0, 1.0],
                [0.996811, 0.077825, 0.017627, 0.124994, 0.053999, -0.820519, 0.569061, -0.002831, 0.05875, -0.566293, -0.822107, -1.2e-05, 0.0, 0.0, 0.0, 1.0],
                [0.996811, 0.077825, 0.017627, 0.124994, 0.053999, -0.820519, 0.569061, -0.002831, 0.05875, -0.566293, -0.822107, -1.2e-05, 0.0, 0.0, 0.0, 1.0],
                [0.996811, 0.077825, 0.017627, 0.124994, 0.053999, -0.820519, 0.569061, -0.002831, 0.05875, -0.566293, -0.822107, -1.2e-05, 0.0, 0.0, 0.0, 1.0]
            ]
        },
        {
            "name": "Leg_R",
            "time": [0.0, 0.0667, 0.2667, 0.4333],
            "transform": [
                [1.0, -0.0, 1e-06, -0.0, -0.0, 0.641542, 0.767088, 0.37472, -1e-06, -0.767089, 0.641541, 0.0, 0.0, 0.0, 0.0, 1.0],
                [1.0, -0.0, 1e-06, -0.0, -0.0, 0.641542, 0.767088, 0.37472, -1e-06, -0.767089, 0.641541, 0.0, 0.0, 0.0, 0.0, 1.0],
                [1.0, -0.0, 1e-06, 0.0, -0.0, 0.641542, 0.767088, 0.37472, -1e-06, -0.767089, 0.641541, 0.0, 0.0, 0.0, 0.0, 1.0],
                [1.0, -0.0, 1e-06, 0.0, -0.0, 0.641542, 0.767088, 0.37472, -1e-06, -0.767089, 0.641541, 0.0, 0.0, 0.0, 0.0, 1.0]
            ]
        },
        {
            "name": "Knee_R",
            "time": [0.0, 0.0667, 0.2667, 0.4333],
            "transform": [
                [1.0, 0.0, -0.0, -0.0, -0.0, 1e-06, -1.0, 0.383077, -0.0, 1.0, 1e-06, -0.001653, 0.0, 0.0, 0.0, 1.0],
                [1.0, 0.0, -0.0, -0.0, -0.0, 1e-06, -1.0, 0.383077, -0.0, 1.0, 1e-06, -0.001653, 0.0, 0.0, 0.0, 1.0],
                [1.0, 0.0, -0.0, 0.0, -0.0, 1e-06, -1.0, 0.383077, -0.0, 1.0, 1e-06, -0.001653, 0.0, 0.0, 0.0, 1.0],
                [1.0, 0.0, -0.0, 0.0, -0.0, 1e-06, -1.0, 0.383077, -0.0, 1.0, 1e-06, -0.001653, 0.0, 0.0, 0.0, 1.0]
            ]
        },
        {
            "name": "Thigh_L",
            "time": [0.0, 0.0667, 0.2667, 0.4333],
            "transform": [
                [0.990035, -0.085163, 0.112144, -0.125006, -0.028507, -0.901112, -0.432647, -0.002831, 0.1379, 0.42514, -0.894561, -1.2e-05, 0.0, 0.0, 0.0, 1.0],
                [0.990035, -0.085163, 0.112144, -0.125006, -0.028507, -0.901112, -0.432647, -0.002831, 0.1379, 0.42514, -0.894561, -1.2e-05, 0.0, 0.0, 0.0, 1.0],
                [0.990035, -0.085163, 0.112144, -0.125006, -0.028507, -0.901112, -0.432647, -0.002831, 0.1379, 0.42514, -0.894561, -1.2e-05, 0.0, 0.0, 0.0, 1.0],
                [0.990035, -0.085163, 0.112144, -0.125006, -0.028507, -0.901112, -0.432647, -0.002831, 0.1379, 0.42514, -0.894561, -1.2e-05, 0.0, 0.0, 0.0, 1.0]
            ]
        },
        {
            "name": "Leg_L",
            "time": [0.0, 0.0667, 0.2667, 0.4333],
            "transform": [
                [1.0, 0.0, 1e-06, 0.0, -0.0, 0.993802, 0.111165, 0.37472, -1e-06, -0.111165, 0.993802, 0.0, 0.0, 0.0, 0.0, 1.0],
                [1.0, 0.0, 1e-06, 0.0, -0.0, 0.993802, 0.111165, 0.37472, -1e-06, -0.111165, 0.993802, 0.0, 0.0, 0.0, 0.0, 1.0],
                [1.0, 0.0, 1e-06, -0.0, -0.0, 0.993802, 0.111165, 0.37472, -1e-06, -0.111165, 0.993802, -0.0, 0.0, 0.0, 0.0, 1.0],
                [1.0, 0.0, 1e-06, -0.0, -0.0, 0.993802, 0.111165, 0.37472, -1e-06, -0.111165, 0.993802, -0.0, 0.0, 0.0, 0.0, 1.0]
            ]
        },
        {
            "name": "Knee_L",
            "time": [0.0, 0.0667, 0.2667, 0.4333],
            "transform": [
                [1.0, 0.0, -0.0, 0.0, -0.0, 1e-06, -1.0, 0.37472, -0.0, 1.0, 1e-06, 0.0, 0.0, 0.0, 0.0, 1.0],
                [1.0, 0.0, -0.0, 0.0, -0.0, 1e-06, -1.0, 0.37472, -0.0, 1.0, 1e-06, 0.0, 0.0, 0.0, 0.0, 1.0],
                [1.0, 0.0, -0.0, -0.0, -0.0, 1e-06, -1.0, 0.37472, -0.0, 1.0, 1e-06, -0.0, 0.0, 0.0, 0.0, 1.0],
                [1.0, 0.0, -0.0, -0.0, -0.0, 1e-06, -1.0, 0.37472, -0.0, 1.0, 1e-06, -0.0, 0.0, 0.0, 0.0, 1.0]
            ]
        },
        {
            "name": "Torso",
            "time": [0.0, 0.0667, 0.2667, 0.4333],
            "transform": [
                [0.996512, 0.0, 0.083446, 0.0, 0.0, 1.0, 0.0, 0.05, -0.083446, 0.0, 0.996512, 0.0, 0.0, 0.0, 0.0, 1.0],
                [0.996512, 0.0, 0.083446, 0.0, 0.0, 1.0, 0.0, 0.05, -0.083446, 0.0, 0.996512, 0.0, 0.0, 0.0, 0.0, 1.0],
                [0.996512, 0.0, 0.083446, 0.0, 0.0, 1.0, 0.0, 0.05, -0.083446, 0.0, 0.996512, 0.0, 0.0, 0.0, 0.0, 1.0],
                [0.996512, 0.0, 0.083446, 0.0, 0.0, 1.0, 0.0, 0.05, -0.083446, 0.0, 0.996512, 0.0, 0.0, 0.0, 0.0, 1.0]
            ]
        },
        {
            "name": "Chest",
            "time": [0.0, 0.0667, 0.1667, 0.2667, 0.4333],
            "transform": [
                [0.982499, 0.00579, -0.18618, -0.0, 0.049461, 0.955527, 0.290726, 0.3, 0.179583, -0.294846, 0.938518, -0.0, 0.0, 0.0, 0.0, 1.0],
                [0.982499, 0.00579, -0.18618, -0.0, 0.049461, 0.955527, 0.290726, 0.3, 0.179583, -0.294846, 0.938518, -0.0, 0.0, 0.0, 0.0, 1.0],
                [0.982499, -0.050833, -0.179199, 0.0, 0.049461, 0.998702, -0.012123, 0.3, 0.179583, 0.003048, 0.983738, -0.0, 0.0, 0.0, 0.0, 1.0],
                [0.982499, -0.026379, -0.184392, -0.0, 0.049461, 0.991331, 0.121725, 0.3, 0.179583, -0.128715, 0.975286, -0.0, 0.0, 0.0, 0.0, 1.0],
                [0.982499, -0.026379, -0.184392, -0.0, 0.049461, 0.991331, 0.121725, 0.3, 0.179583, -0.128715, 0.975286, -0.0, 0.0, 0.0, 0.0, 1.0]
            ]
        },
        {
            "name": "Head",
            "time": [0.0, 0.0667, 0.1667, 0.2667, 0.4333],
            "transform": [
                [0.995861, 0.01763, 0.089162, -0.0, 0.016208, 0.930833, -0.365084, 0.4, -0.089431, 0.365018, 0.926695, 0.0, 0.0, 0.0, 0.0, 1.0],
                [0.995861, 0.01763, 0.089162, -0.0, 0.016208, 0.930833, -0.365084, 0.4, -0.089431, 0.365018, 0.926695, 0.0, 0.0, 0.0, 0.0, 1.0],
                [0.995861, -0.024804, 0.087438, -0.0, 0.016208, 0.995086, 0.097684, 0.4, -0.089431, -0.095863, 0.991369, -0.0, 0.0, 0.0, 0.0, 1.0],
                [0.995861, -0.006207, 0.090676, -0.0, 0.016208, 0.993802, -0.109973, 0.4, -0.089431, 0.110988, 0.98979, -0.0, 0.0, 0.0, 0.0, 1.0],
                [0.995861, -0.006207, 0.090676, -0.0, 0.016208, 0.993802, -0.109973, 0.4, -0.089431, 0.110988, 0.98979, -0.0, 0.0, 0.0, 0.0, 1.0]
            ]
        },
        {
            "name": "Shoulder_R",
            "time": [0.0, 0.0667, 0.2667, 0.4333],
            "transform": [
                [0.321123, 0.896195, 0.306128, -0.0, -0.104164, -0.287863, 0.95199, 0.4, 0.941291, -0.337594, 0.000912, 0.0, 0.0, 0.0, 0.0, 1.0],
                [0.321123, 0.896195, 0.306128, -0.0, -0.104164, -0.287863, 0.95199, 0.4, 0.941291, -0.337594, 0.000912, 0.0, 0.0, 0.0, 0.0, 1.0],
                [0.321123, 0.896195, 0.306128, -0.0, -0.104164, -0.287863, 0.95199, 0.4, 0.941291, -0.337594, 0.000911, -0.0, 0.0, 0.0, 0.0, 1.0],
                [0.321123, 0.896195, 0.306128, -0.0, -0.104164, -0.287863, 0.95199, 0.4, 0.941291, -0.337594, 0.000911, -0.0, 0.0, 0.0, 0.0, 1.0]
            ]
        },
        {
            "name": "Arm_R",
            "time": [0.0, 0.0667, 0.2667, 0.4333],
            "transform": [
                [0.266391, -0.963363, 0.031117, 0.0, 0.910595, 0.240953, -0.335795, 0.393861, 0.315995, 0.117787, 0.941421, -0.0, 0.0, 0.0, 0.0, 1.0],
                [0.266391, -0.963363, 0.031117, 0.0, 0.910595, 0.240953, -0.335795, 0.393861, 0.315995, 0.117787, 0.941421, -0.0, 0.0, 0.0, 0.0, 1.0],
                [0.456701, -0.740524, 0.493, 0.0, 0.872568, 0.26489, -0.410436, 0.393861, 0.173347, 0.617623, 0.767133, 0.0, 0.0, 0.0, 0.0, 1.0],
                [0.456701, -0.740524, 0.493, 0.0, 0.872568, 0.26489, -0.410436, 0.393861, 0.173347, 0.617623, 0.767133, 0.0, 0.0, 0.0, 0.0, 1.0]
            ]
        },
        {
            "name": "Hand_R",
            "time": [0.0, 0.0667, 0.1167, 0.2667, 0.4333],
            "transform": [
                [1.0, 0.0, 0.0, 0.0, 0.0, 0.995354, -0.096281, 0.3, -0.0, 0.096281, 0.995354, 0.0, 0.0, 0.0, 0.0, 1.0],
                [1.0, 0.0, 0.0, 0.0, 0.0, 0.995354, -0.096281, 0.3, -0.0, 0.096281, 0.995354, 0.0, 0.0, 0.0, 0.0, 1.0],
                [1.0, 0.0, 0.0, -0.0, -0.0, 0.999815, 0.019222, 0.3, -0.0, -0.019222, 0.999815, 0.0, 0.0, 0.0, 0.0, 1.0],
                [1.0, 0.0, 0.0, 0.0, 0.0, 0.728274, -0.685286, 0.3, -0.0, 0.685286, 0.728274, 0.0, 0.0, 0.0, 0.0, 1.0],
                [1.0, 0.0, 0.0, 0.0, 0.0, 0.728274, -0.685286, 0.3, -0.0, 0.685286, 0.728274, 0.0, 0.0, 0.0, 0.0, 1.0]
            ]
        },
        {
            "name": "Tool_R",
            "time": [0.0, 0.0667, 0.2667, 0.4333],
            "transform": [
                [1.0, 0.0, 0.0, 0.0, 0.0, -0.999836, 0.018122, 0.272858, 0.0, -0.018122, -0.999244, -0.0, 0.0, 0.0, 0.0, 1.0],
                [1.0, 0.0, 0.0, 0.0, 0.0, -0.999836, 0.018122, 0.272858, 0.0, -0.018122, -0.999244, -0.0, 0.0, 0.0, 0.0, 1.0],
                [1.0, 0.0, 0.0, -0.0, 0.0, -0.999836, 0.018122, 0.272858, 0.0, -0.018122, -0.999244, -0.0, 0.0, 0.0, 0.0, 1.0],
                [1.0, 0.0, 0.0, -0.0, 0.0, -0.999836, 0.018122, 0.272858, 0.0, -0.018122, -0.999244, -0.0, 0.0, 0.0, 0.0, 1.0]
            ]
        },
        {
            "name": "Elbow_R",
            "time": [0.0, 0.0667, 0.2667, 0.4333],
            "transform": [
                [-1.0, 0.0, 0.0, 0.0, 0.0, 0.28461, -0.958643, 0.3, -0.0, -0.958643, -0.28461, 0.0, 0.0, 0.0, 0.0, 1.0],
                [-1.0, 0.0, 0.0, 0.0, 0.0, 0.28461, -0.958643, 0.3, -0.0, -0.958643, -0.28461, 0.0, 0.0, 0.0, 0.0, 1.0],
                [-1.0, 0.0, 0.0, 0.0, 0.0, 0.28461, -0.958643, 0.3, -0.0, -0.958644, -0.28461, 0.0, 0.0, 0.0, 0.0, 1.0],
                [-1.0, 0.0, 0.0, 0.0, 0.0, 0.28461, -0.958643, 0.3, -0.0, -0.958644, -0.28461, 0.0, 0.0, 0.0, 0.0, 1.0]
            ]
        },
        {
            "name": "Shoulder_L",
            "time": [0.0, 0.0667, 0.2667, 0.4333],
            "transform": [
                [0.096766, -0.944652, -0.313478, -0.0, 0.250701, -0.281668, 0.926181, 0.4, -0.963216, -0.168212, 0.20957, 0.0, 0.0, 0.0, 0.0, 1.0],
                [0.096766, -0.944652, -0.313478, -0.0, 0.250701, -0.281668, 0.926181, 0.4, -0.963216, -0.168212, 0.20957, 0.0, 0.0, 0.0, 0.0, 1.0],
                [0.096766, -0.944652, -0.313478, -0.0, 0.250701, -0.281668, 0.926181, 0.4, -0.963216, -0.168212, 0.20957, -0.0, 0.0, 0.0, 0.0, 1.0],
                [0.096766, -0.944652, -0.313478, -0.0, 0.250701, -0.281668, 0.926181, 0.4, -0.963216, -0.168212, 0.20957, -0.0, 0.0, 0.0, 0.0, 1.0]
            ]
        },
        {
            "name": "Arm_L",
            "time": [0.0, 0.0667, 0.1667, 0.2667, 0.4333],
            "transform": [
                [0.071881, 0.997216, 0.019852, -0.0, -0.919615, 0.073968, -0.385793, 0.39386, -0.386187, 0.009475, 0.922372, -0.0, 0.0, 0.0, 0.0, 1.0],
                [0.071881, 0.997216, 0.019852, -0.0, -0.919615, 0.073968, -0.385793, 0.39386, -0.386187, 0.009475, 0.922372, -0.0, 0.0, 0.0, 0.0, 1.0],
                [0.071881, 0.9609, 0.267403, -0.0, -0.919615, 0.167652, -0.355247, 0.39386, -0.386187, -0.220372, 0.89571, 0.0, 0.0, 0.0, 0.0, 1.0],
                [0.071881, 0.977965, 0.196001, 0.0, -0.919615, 0.141069, -0.366616, 0.39386, -0.386187, -0.153893, 0.909492, 0.0, 0.0, 0.0, 0.0, 1.0],
                [0.071881, 0.977965, 0.196001, 0.0, -0.919615, 0.141069, -0.366616, 0.39386, -0.386187, -0.153893, 0.909492, 0.0, 0.0, 0.0, 0.0, 1.0]
            ]
        },
        {
            "name": "Hand_L",
            "time": [0.0, 0.0667, 0.2667, 0.4333],
            "transform": [
                [0.99987, 0.015549, -0.004245, -0.0, -0.015291, 0.998353, 0.055295, 0.3, 0.005098, -0.055223, 0.998461, 0.0, 0.0, 0.0, 0.0, 1.0],
                [0.99987, 0.015549, -0.004245, -0.0, -0.015291, 0.998353, 0.055295, 0.3, 0.005098, -0.055223, 0.998461, 0.0, 0.0, 0.0, 0.0, 1.0],
                [0.99987, 0.015549, -0.004245, -0.0, -0.015291, 0.998353, 0.055295, 0.3, 0.005098, -0.055223, 0.998461, 0.0, 0.0, 0.0, 0.0, 1.0],
                [0.99987, 0.015549, -0.004245, -0.0, -0.015291, 0.998353, 0.055295, 0.3, 0.005098, -0.055223, 0.998461, 0.0, 0.0, 0.0, 0.0, 1.0]
            ]
        },
        {
            "name": "Tool_L",
            "time": [0.0, 0.0667, 0.2667, 0.4333],
            "transform": [
                [1.0, 0.0, 0.0, 0.0, 0.0, -0.999836, 0.018122, 0.272858, 0.0, -0.018122, -0.999247, -0.0, 0.0, 0.0, 0.0, 1.0],
                [1.0, 0.0, 0.0, 0.0, 0.0, -0.999836, 0.018122, 0.272858, 0.0, -0.018122, -0.999247, -0.0, 0.0, 0.0, 0.0, 1.0],
                [1.0, 0.0, 0.0, -0.0, 0.0, -0.999836, 0.018122, 0.272858, 0.0, -0.018122, -0.999247, -0.0, 0.0, 0.0, 0.0, 1.0],
                [1.0, 0.0, 0.0, -0.0, 0.0, -0.999836, 0.018122, 0.272858, 0.0, -0.018122, -0.999247, -0.0, 0.0, 0.0, 0.0, 1.0]
            ]
        },
        {
            "name": "Elbow_L",
            "time": [0.0, 0.0667, 0.2667, 0.4333],
            "transform": [
                [-1.0, 0.0, -0.0, -0.0, 0.0, 0.098306, -0.995156, 0.3, -0.0, -0.995156, -0.098306, 0.0, 0.0, 0.0, 0.0, 1.0],
                [-1.0, 0.0, -0.0, -0.0, 0.0, 0.098306, -0.995156, 0.3, -0.0, -0.995156, -0.098306, 0.0, 0.0, 0.0, 0.0, 1.0],
                [-1.0, 0.0, -0.0, -0.0, 0.0, 0.098306, -0.995156, 0.3, -0.0, -0.995156, -0.098306, 0.0, 0.0, 0.0, 0.0, 1.0],
                [-1.0, 0.0, -0.0, -0.0, 0.0, 0.098306, -0.995156, 0.3, -0.0, -0.995156, -0.098306, 0.0, 0.0, 0.0, 0.0, 1.0]
            ]
        }
    ]
}