{
    
    "animation": [
        {
            "name": "Root",
            "time": [0.0, 0.3167, 0.45, 0.65, 0.8],
            "transform": [
                [0.914109, 0.0, 0.40547, -5e-06, 0.40547, 0.0, -0.914109, 0.000946, 0.0, 1.0, 0.0, 0.704302, 0.0, 0.0, 0.0, 1.0],
                [0.914109, 0.0, 0.40547, -5e-06, 0.40547, 0.0, -0.914109, 0.000946, 0.0, 1.0, 0.0, 0.665554, 0.0, 0.0, 0.0, 1.0],
                [0.914109, 0.0, 0.40547, -5e-06, 0.40547, 0.0, -0.914109, 0.000946, 0.0, 1.0, 0.0, 0.665554, 0.0, 0.0, 0.0, 1.0],
                [0.914109, 0.0, 0.40547, -5e-06, 0.40547, 0.0, -0.914109, 0.000946, 0.0, 1.0, 0.0, 0.665554, 0.0, 0.0, 0.0, 1.0],
                [0.914109, 0.0, 0.40547, -5e-06, 0.40547, 0.0, -0.914109, 0.000946, 0.0, 1.0, 0.0, 0.665554, 0.0, 0.0, 0.0, 1.0]
            ]
        },
        {
            "name": "Thigh_R",
            "time": [0.0, 0.3167, 0.45, 0.65, 0.8],
            "transform": [
                [0.923348, 0.253502, 0.288382, 0.124994, 0.090207, -0.873265, 0.478819, -0.002831, 0.373216, -0.416101, -0.829198, -1.2e-05, 0.0, 0.0, 0.0, 1.0],
                [0.923348, 0.290976, 0.250519, 0.124994, 0.090207, -0.798588, 0.595078, -0.002831, 0.373216, -0.526864, -0.763625, -1.2e-05, 0.0, 0.0, 0.0, 1.0],
                [0.923348, 0.290976, 0.250519, 0.124994, 0.090207, -0.798588, 0.595078, -0.002831, 0.373216, -0.526864, -0.763625, -1.2e-05, 0.0, 0.0, 0.0, 1.0],
                [0.923348, 0.290976, 0.250519, 0.124994, 0.090207, -0.798588, 0.595078, -0.002831, 0.373216, -0.526864, -0.763625, -1.2e-05, 0.0, 0.0, 0.0, 1.0],
                [0.923348, 0.290976, 0.250519, 0.124994, 0.090207, -0.798588, 0.595078, -0.002831, 0.373216, -0.526864, -0.763625, -1.2e-05, 0.0, 0.0, 0.0, 1.0]
            ]
        },
        {
            "name": "Leg_R",
            "time": [0.0, 0.3167, 0.45, 0.65, 0.8],
            "transform": [
                [1.0, 0.0, 1e-06, 0.0, -0.0, 0.984472, 0.175547, 0.37472, -1e-06, -0.175547, 0.98447, 0.0, 0.0, 0.0, 0.0, 1.0],
                [1.0, -0.0, 1e-06, 0.0, -0.0, 0.859142, 0.511738, 0.37472, -1e-06, -0.511739, 0.85914, -0.0, 0.0, 0.0, 0.0, 1.0],
                [1.0, -0.0, 1e-06, 0.0, -0.0, 0.859142, 0.511738, 0.37472, -1e-06, -0.511739, 0.85914, -0.0, 0.0, 0.0, 0.0, 1.0],
                [1.0, -0.0, 1e-06, 0.0, -0.0, 0.859142, 0.511738, 0.37472, -1e-06, -0.511739, 0.85914, -0.0, 0.0, 0.0, 0.0, 1.0],
                [1.0, -0.0, 1e-06, 0.0, -0.0, 0.859142, 0.511738, 0.37472, -1e-06, -0.511739, 0.85914, -0.0, 0.0, 0.0, 0.0, 1.0]
            ]
        },
        {
            "name": "Knee_R",
            "time": [0.0, 0.3167, 0.45, 0.65, 0.8],
            "transform": [
                [1.0, 0.0, -0.0, 0.0, -0.0, 1e-06, -1.0, 0.383077, -0.0, 1.0, 1e-06, -0.001653, 0.0, 0.0, 0.0, 1.0],
                [1.0, 0.0, -0.0, -0.0, -0.0, 1e-06, -1.0, 0.383077, -0.0, 1.0, 1e-06, -0.001653, 0.0, 0.0, 0.0, 1.0],
                [1.0, 0.0, -0.0, -0.0, -0.0, 1e-06, -1.0, 0.383077, -0.0, 1.0, 1e-06, -0.001653, 0.0, 0.0, 0.0, 1.0],
                [1.0, 0.0, -0.0, -0.0, -0.0, 1e-06, -1.0, 0.383077, -0.0, 1.0, 1e-06, -0.001653, 0.0, 0.0, 0.0, 1.0],
                [1.0, 0.0, -0.0, -0.0, -0.0, 1e-06, -1.0, 0.383077, -0.0, 1.0, 1e-06, -0.001653, 0.0, 0.0, 0.0, 1.0]
            ]
        },
        {
            "name": "Thigh_L",
            "time": [0.0, 0.3167, 0.45, 0.65, 0.8],
            "transform": [
                [0.923313, -0.274049, -0.269052, -0.125006, -0.332029, -0.921685, -0.200634, -0.002831, -0.192998, 0.274582, -0.941996, -1.2e-05, 0.0, 0.0, 0.0, 1.0],
                [0.91121, -0.311942, -0.269048, -0.125006, -0.376826, -0.89506, -0.238475, -0.002831, -0.166423, 0.318686, -0.933136, -1.2e-05, 0.0, 0.0, 0.0, 1.0],
                [0.91121, -0.311942, -0.269048, -0.125006, -0.376826, -0.89506, -0.238475, -0.002831, -0.166423, 0.318686, -0.933136, -1.2e-05, 0.0, 0.0, 0.0, 1.0],
                [0.91121, -0.311942, -0.269048, -0.125006, -0.376826, -0.89506, -0.238475, -0.002831, -0.166423, 0.318686, -0.933136, -1.2e-05, 0.0, 0.0, 0.0, 1.0],
                [0.91121, -0.311942, -0.269048, -0.125006, -0.376826, -0.89506, -0.238475, -0.002831, -0.166423, 0.318686, -0.933136, -1.2e-05, 0.0, 0.0, 0.0, 1.0]
            ]
        },
        {
            "name": "Leg_L",
            "time": [0.0, 0.3167, 0.45, 0.65, 0.8],
            "transform": [
                [1.0, -0.0, 1e-06, -0.0, -0.0, 0.968826, 0.247741, 0.37472, -1e-06, -0.247741, 0.968827, 0.0, 0.0, 0.0, 0.0, 1.0],
                [1.0, -0.0, 1e-06, 0.0, -0.0, 0.968826, 0.247741, 0.37472, -1e-06, -0.247741, 0.968827, 0.0, 0.0, 0.0, 0.0, 1.0],
                [1.0, -0.0, 1e-06, 0.0, -0.0, 0.968826, 0.247741, 0.37472, -1e-06, -0.247741, 0.968827, 0.0, 0.0, 0.0, 0.0, 1.0],
                [1.0, -0.0, 1e-06, 0.0, -0.0, 0.968826, 0.247741, 0.37472, -1e-06, -0.247741, 0.968827, 0.0, 0.0, 0.0, 0.0, 1.0],
                [1.0, -0.0, 1e-06, 0.0, -0.0, 0.968826, 0.247741, 0.37472, -1e-06, -0.247741, 0.968827, 0.0, 0.0, 0.0, 0.0, 1.0]
            ]
        },
        {
            "name": "Knee_L",
            "time": [0.0, 0.3167, 0.45, 0.65, 0.8],
            "transform": [
                [1.0, 0.0, -0.0, -0.0, -0.0, 1e-06, -1.0, 0.37472, -0.0, 1.0, 1e-06, 0.0, 0.0, 0.0, 0.0, 1.0],
                [1.0, 0.0, -0.0, 0.0, -0.0, 1e-06, -1.0, 0.37472, -0.0, 1.0, 1e-06, 0.0, 0.0, 0.0, 0.0, 1.0],
                [1.0, 0.0, -0.0, 0.0, -0.0, 1e-06, -1.0, 0.37472, -0.0, 1.0, 1e-06, 0.0, 0.0, 0.0, 0.0, 1.0],
                [1.0, 0.0, -0.0, 0.0, -0.0, 1e-06, -1.0, 0.37472, -0.0, 1.0, 1e-06, 0.0, 0.0, 0.0, 0.0, 1.0],
                [1.0, 0.0, -0.0, 0.0, -0.0, 1e-06, -1.0, 0.37472, -0.0, 1.0, 1e-06, 0.0, 0.0, 0.0, 0.0, 1.0]
            ]
        },
        {
            "name": "Torso",
            "time": [0.0, 0.3167, 0.45, 0.65, 0.8],
            "transform": [
                [0.996512, 0.0, 0.083446, -0.0, 0.0, 1.0, 0.0, 0.05, -0.083446, 0.0, 0.996512, -0.0, 0.0, 0.0, 0.0, 1.0],
                [0.996512, 0.0, 0.083446, -0.0, 0.0, 1.0, 0.0, 0.05, -0.083446, 0.0, 0.996512, -0.0, 0.0, 0.0, 0.0, 1.0],
                [0.996512, 0.0, 0.083446, -0.0, 0.0, 1.0, 0.0, 0.05, -0.083446, 0.0, 0.996512, -0.0, 0.0, 0.0, 0.0, 1.0],
                [0.996512, 0.0, 0.083446, -0.0, 0.0, 1.0, 0.0, 0.05, -0.083446, 0.0, 0.996512, -0.0, 0.0, 0.0, 0.0, 1.0],
                [0.996512, 0.0, 0.083446, -0.0, 0.0, 1.0, 0.0, 0.05, -0.083446, 0.0, 0.996512, -0.0, 0.0, 0.0, 0.0, 1.0]
            ]
        },
        {
            "name": "Chest",
            "time": [0.0, 0.15, 0.3167, 0.45, 0.55, 0.65, 0.8],
            "transform": [
                [0.971043, 0.016016, -0.238369, 0.0, 0.002451, 0.99703, 0.076974, 0.3, 0.238894, -0.075329, 0.968119, 0.0, 0.0, 0.0, 0.0, 1.0],
                [0.872961, -0.034409, -0.486574, 0.0, 0.022791, 0.999297, -0.029777, 0.3, 0.487256, 0.014905, 0.873132, 0.0, 0.0, 0.0, 0.0, 1.0],
                [0.67551, 0.016016, -0.737177, 0.0, 0.044756, 0.99703, 0.062673, 0.3, 0.735991, -0.075329, 0.672787, 0.0, 0.0, 0.0, 0.0, 1.0],
                [0.677274, 0.047671, -0.734185, 0.0, 0.065931, 0.989951, 0.125099, 0.3, 0.732771, -0.133132, 0.667325, 0.0, 0.0, 0.0, 0.0, 1.0],
                [0.852063, -0.074495, -0.518111, 0.0, 0.063288, 0.997221, -0.039302, 0.3, 0.519599, 0.000698, 0.85441, 0.0, 0.0, 0.0, 0.0, 1.0],
                [0.986175, -0.025153, -0.163787, 0.0, 0.047378, 0.989951, 0.133237, 0.3, 0.15879, -0.139155, 0.977457, 0.0, 0.0, 0.0, 0.0, 1.0],
                [0.986175, -0.025153, -0.163787, 0.0, 0.047378, 0.989951, 0.133237, 0.3, 0.15879, -0.139155, 0.977457, 0.0, 0.0, 0.0, 0.0, 1.0]
            ]
        },
        {
            "name": "Head",
            "time": [0.0, 0.15, 0.3167, 0.45, 0.55, 0.65, 0.8],
            "transform": [
                [0.995631, -0.030121, -0.088384, 0.0, 0.024078, 0.99735, -0.068656, 0.4, 0.090218, 0.066228, 0.993717, 0.0, 0.0, 0.0, 0.0, 1.0],
                [0.989248, -0.046217, 0.138754, -0.0, 0.039232, 0.997841, 0.052667, 0.4, -0.140889, -0.046658, 0.988925, 0.0, 0.0, 0.0, 0.0, 1.0],
                [0.91269, -0.030121, 0.407541, 0.0, 0.054458, 0.99735, -0.048246, 0.4, -0.405007, 0.066228, 0.911912, 0.0, 0.0, 0.0, 0.0, 1.0],
                [0.915046, -0.002971, 0.403339, 0.0, 0.061658, 0.989251, -0.132594, 0.4, -0.398609, 0.146198, 0.905393, 0.0, 0.0, 0.0, 0.0, 1.0],
                [0.915046, -0.073555, 0.396586, -0.0, 0.061658, 0.997184, 0.042685, 0.4, -0.398609, -0.014607, 0.917005, -0.0, 0.0, 0.0, 0.0, 1.0],
                [0.97676, -0.002971, -0.214317, -0.0, -0.028462, 0.989251, -0.143432, 0.4, 0.21244, 0.146198, 0.966176, 0.0, 0.0, 0.0, 0.0, 1.0],
                [0.97676, -0.002971, -0.214317, -0.0, -0.028462, 0.989251, -0.143432, 0.4, 0.21244, 0.146198, 0.966176, 0.0, 0.0, 0.0, 0.0, 1.0]
            ]
        },
        {
            "name": "Shoulder_R",
            "time": [0.0, 0.3167, 0.45, 0.65, 0.8],
            "transform": [
                [-0.004613, 0.951979, 0.306128, 0.0, 0.000526, -0.306129, 0.95199, 0.4, 0.999989, 0.004553, 0.000911, 0.0, 0.0, 0.0, 0.0, 1.0],
                [-0.004613, 0.951979, 0.306128, 0.0, 0.000526, -0.306129, 0.95199, 0.4, 0.999989, 0.004553, 0.000911, 0.0, 0.0, 0.0, 0.0, 1.0],
                [-0.004613, 0.951979, 0.306128, 0.0, 0.000526, -0.306129, 0.95199, 0.4, 0.999989, 0.004553, 0.000911, 0.0, 0.0, 0.0, 0.0, 1.0],
                [-0.004613, 0.951979, 0.306128, -0.0, 0.000526, -0.306129, 0.95199, 0.4, 0.999989, 0.004553, 0.000911, 0.0, 0.0, 0.0, 0.0, 1.0],
                [-0.004613, 0.951979, 0.306128, -0.0, 0.000526, -0.306129, 0.95199, 0.4, 0.999989, 0.004553, 0.000911, 0.0, 0.0, 0.0, 0.0, 1.0]
            ]
        },
        {
            "name": "Arm_R",
            "time": [0.0, 0.3167, 0.45, 0.65, 0.8],
            "transform": [
                [0.677913, -0.552891, 0.484506, 0.0, 0.684171, 0.233367, -0.690977, 0.393861, 0.268967, 0.799907, 0.536475, 0.0, 0.0, 0.0, 0.0, 1.0],
                [0.064958, -0.613862, -0.786737, 0.0, 0.835826, 0.464167, -0.293162, 0.393861, 0.545138, -0.638532, 0.543233, -0.0, 0.0, 0.0, 0.0, 1.0],
                [0.088146, -0.676232, -0.731397, 0.0, 0.853618, 0.42971, -0.294424, 0.39386, 0.513388, -0.598381, 0.615121, 0.0, 0.0, 0.0, 0.0, 1.0],
                [0.088146, -0.676232, -0.731397, 0.0, 0.853618, 0.429711, -0.294424, 0.393861, 0.513388, -0.598381, 0.615121, -0.0, 0.0, 0.0, 0.0, 1.0],
                [0.088146, -0.676232, -0.731397, 0.0, 0.853618, 0.429711, -0.294424, 0.393861, 0.513388, -0.598381, 0.615121, -0.0, 0.0, 0.0, 0.0, 1.0]
            ]
        },
        {
            "name": "Hand_R",
            "time": [0.0, 0.3167, 0.45, 0.65, 0.8],
            "transform": [
                [1.0, 0.0, 0.0, -0.0, -0.0, 0.698098, -0.716002, 0.3, -0.0, 0.716002, 0.698098, 0.0, 0.0, 0.0, 0.0, 1.0],
                [1.0, 0.0, 0.0, 0.0, -0.0, 0.698098, -0.716002, 0.3, -0.0, 0.716002, 0.698098, -0.0, 0.0, 0.0, 0.0, 1.0],
                [1.0, -0.0, 0.0, -0.0, 0.0, 0.698098, -0.716002, 0.3, 0.0, 0.716002, 0.698098, 0.0, 0.0, 0.0, 0.0, 1.0],
                [1.0, 0.0, 0.0, 0.0, 0.0, 0.698098, -0.716002, 0.3, -0.0, 0.716002, 0.698098, 0.0, 0.0, 0.0, 0.0, 1.0],
                [1.0, 0.0, 0.0, 0.0, 0.0, 0.698098, -0.716002, 0.3, -0.0, 0.716002, 0.698098, 0.0, 0.0, 0.0, 0.0, 1.0]
            ]
        },
        {
            "name": "Tool_R",
            "time": [0.0, 0.3167, 0.45, 0.65, 0.8],
            "transform": [
                [1.0, 0.0, 0.0, 0.0, 0.0, -0.999836, 0.018122, 0.272858, 0.0, -0.018122, -0.999244, 0.0, 0.0, 0.0, 0.0, 1.0],
                [1.0, -0.0, 0.0, 0.0, 0.0, -0.999836, 0.018122, 0.272858, 0.0, -0.018122, -0.999244, 0.0, 0.0, 0.0, 0.0, 1.0],
                [1.0, 0.0, 0.0, 0.0, -0.0, -0.999836, 0.018122, 0.272858, 0.0, -0.018122, -0.999244, -0.0, 0.0, 0.0, 0.0, 1.0],
                [1.0, -0.0, 0.0, 0.0, -0.0, -0.999836, 0.018122, 0.272858, 0.0, -0.018122, -0.999244, -0.0, 0.0, 0.0, 0.0, 1.0],
                [1.0, -0.0, 0.0, 0.0, -0.0, -0.999836, 0.018122, 0.272858, 0.0, -0.018122, -0.999244, -0.0, 0.0, 0.0, 0.0, 1.0]
            ]
        },
        {
            "name": "Elbow_R",
            "time": [0.0, 0.3167, 0.45, 0.65, 0.8],
            "transform": [
                [-1.0, 0.0, 0.0, -0.0, 0.0, 0.428499, -0.903542, 0.3, -0.0, -0.903542, -0.428499, 0.0, 0.0, 0.0, 0.0, 1.0],
                [-1.0, 0.0, -0.0, 0.0, 0.0, 0.428499, -0.903542, 0.3, -0.0, -0.903542, -0.428499, -0.0, 0.0, 0.0, 0.0, 1.0],
                [-1.0, 0.0, 0.0, -0.0, 0.0, 0.428499, -0.903542, 0.3, -0.0, -0.903542, -0.428499, 0.0, 0.0, 0.0, 0.0, 1.0],
                [-1.0, 0.0, 0.0, 0.0, 0.0, 0.428499, -0.903542, 0.3, -0.0, -0.903542, -0.428499, 0.0, 0.0, 0.0, 0.0, 1.0],
                [-1.0, 0.0, 0.0, 0.0, 0.0, 0.428499, -0.903542, 0.3, -0.0, -0.903542, -0.428499, 0.0, 0.0, 0.0, 0.0, 1.0]
            ]
        },
        {
            "name": "Shoulder_L",
            "time": [0.0, 0.3167, 0.45, 0.65, 0.8],
            "transform": [
                [0.004613, -0.952228, -0.305355, 0.0, 0.000524, -0.305355, 0.952238, 0.4, -0.999989, -0.004553, -0.00091, 0.0, 0.0, 0.0, 0.0, 1.0],
                [0.209619, -0.92888, -0.305355, 0.0, 0.066287, -0.298074, 0.952238, 0.4, -0.975534, -0.219848, -0.00091, 0.0, 0.0, 0.0, 0.0, 1.0],
                [0.209619, -0.92888, -0.305355, 0.0, 0.066287, -0.298074, 0.952238, 0.4, -0.975534, -0.219848, -0.00091, 0.0, 0.0, 0.0, 0.0, 1.0],
                [-0.33717, -0.88772, -0.313478, -0.0, 0.097752, -0.364188, 0.926181, 0.4, -0.936355, 0.281637, 0.20957, 0.0, 0.0, 0.0, 0.0, 1.0],
                [-0.33717, -0.88772, -0.313478, -0.0, 0.097752, -0.364188, 0.926181, 0.4, -0.936355, 0.281637, 0.20957, 0.0, 0.0, 0.0, 0.0, 1.0]
            ]
        },
        {
            "name": "Arm_L",
            "time": [0.0, 0.15, 0.3167, 0.45, 0.65, 0.8],
            "transform": [
                [0.310993, -0.241251, 0.919283, -0.0, -0.718536, 0.573422, 0.393566, 0.39386, -0.622085, -0.782933, 0.004983, -0.0, 0.0, 0.0, 0.0, 1.0],
                [0.467612, 0.097582, 0.878531, 0.0, -0.728049, 0.606156, 0.320187, 0.39386, -0.501282, -0.789337, 0.35449, 0.0, 0.0, 0.0, 0.0, 1.0],
                [0.506771, 0.853025, 0.124625, -0.0, -0.81345, 0.521028, -0.258514, 0.39386, -0.285452, 0.029632, 0.957935, 0.0, 0.0, 0.0, 0.0, 1.0],
                [0.503973, 0.863486, 0.020083, 0.0, -0.814659, 0.482943, -0.321088, 0.39386, -0.286954, 0.145459, 0.946837, 0.0, 0.0, 0.0, 0.0, 1.0],
                [0.172465, 0.922825, -0.344455, 0.0, -0.900986, 0.006463, -0.433801, 0.39386, -0.398096, 0.385164, 0.832567, -0.0, 0.0, 0.0, 0.0, 1.0],
                [0.172465, 0.922825, -0.344455, 0.0, -0.900986, 0.006463, -0.433801, 0.39386, -0.398096, 0.385164, 0.832567, -0.0, 0.0, 0.0, 0.0, 1.0]
            ]
        },
        {
            "name": "Hand_L",
            "time": [0.0, 0.15, 0.3167, 0.45, 0.65, 0.8],
            "transform": [
                [1.0, 0.0, 0.0, 0.0, 0.0, 0.95311, -0.302624, 0.3, -0.0, 0.302624, 0.95311, 0.0, 0.0, 0.0, 0.0, 1.0],
                [1.0, 0.0, 0.0, 0.0, 0.0, 0.454368, -0.890814, 0.3, -0.0, 0.890814, 0.454368, 0.0, 0.0, 0.0, 0.0, 1.0],
                [1.0, 0.0, 0.0, -0.0, -0.0, 0.999403, -0.034562, 0.3, -0.0, 0.034562, 0.999403, -0.0, 0.0, 0.0, 0.0, 1.0],
                [1.0, 0.0, 0.0, -0.0, -0.0, 0.999403, -0.034562, 0.3, -0.0, 0.034562, 0.999403, 0.0, 0.0, 0.0, 0.0, 1.0],
                [1.0, 0.0, -0.0, -0.0, -0.0, 0.68304, -0.730381, 0.3, -0.0, 0.730381, 0.68304, 0.0, 0.0, 0.0, 0.0, 1.0],
                [1.0, 0.0, -0.0, -0.0, -0.0, 0.68304, -0.730381, 0.3, -0.0, 0.730381, 0.68304, 0.0, 0.0, 0.0, 0.0, 1.0]
            ]
        },
        {
            "name": "Tool_L",
            "time": [0.0, 0.3167, 0.45, 0.65, 0.8],
            "transform": [
                [1.0, 0.0, 0.0, 0.0, 0.0, -0.999836, 0.018122, 0.272858, 0.0, -0.018122, -0.999247, -0.0, 0.0, 0.0, 0.0, 1.0],
                [1.0, 0.0, 0.0, -0.0, 0.0, -0.999836, 0.018122, 0.272858, 0.0, -0.018122, -0.999247, 0.0, 0.0, 0.0, 0.0, 1.0],
                [1.0, 0.0, 0.0, -0.0, 0.0, -0.999836, 0.018122, 0.272858, 0.0, -0.018122, -0.999247, 0.0, 0.0, 0.0, 0.0, 1.0],
                [1.0, 0.0, 0.0, -0.0, 0.0, -0.999836, 0.018122, 0.272858, 0.0, -0.018122, -0.999247, -0.0, 0.0, 0.0, 0.0, 1.0],
                [1.0, 0.0, 0.0, -0.0, 0.0, -0.999836, 0.018122, 0.272858, 0.0, -0.018122, -0.999247, -0.0, 0.0, 0.0, 0.0, 1.0]
            ]
        },
        {
            "name": "Elbow_L",
            "time": [0.0, 0.3167, 0.45, 0.65, 0.8],
            "transform": [
                [-1.0, 0.0, -0.0, 0.0, 0.0, -0.0, -1.0, 0.3, -0.0, -1.0, -0.0, 0.0, 0.0, 0.0, 0.0, 1.0],
                [-1.0, 0.0, -0.0, -0.0, 0.0, -0.0, -1.0, 0.3, -0.0, -1.0, -0.0, -0.0, 0.0, 0.0, 0.0, 1.0],
                [-1.0, 0.0, -0.0, -0.0, 0.0, -0.0, -1.0, 0.3, -0.0, -1.0, -0.0, 0.0, 0.0, 0.0, 0.0, 1.0],
                [-1.0, 0.0, -0.0, -0.0, 0.0, -0.0, -1.0, 0.3, -0.0, -1.0, -0.0, 0.0, 0.0, 0.0, 0.0, 1.0],
                [-1.0, 0.0, -0.0, -0.0, 0.0, -0.0, -1.0, 0.3, -0.0, -1.0, -0.0, 0.0, 0.0, 0.0, 0.0, 1.0]
            ]
        }
    ]
}