{
    "animation": [
        {
            "name": "Root",
            "time": [0.0, 0.1167, 0.25, 0.3167, 0.4333, 0.6, 0.8833],
            "transform": [
                [1.0, 0.0, 0.0, -5e-06, 0.0, 0.0, -1.0, 0.000946, 0.0, 1.0, 0.0, 0.764948, 0.0, 0.0, 0.0, 1.0],
                [0.767062, -0.004154, 0.641559, 0.008135, 0.633815, 0.159949, -0.756766, -0.200183, -0.099473, 0.987116, 0.125324, 0.623677, 0.0, 0.0, 0.0, 1.0],
                [0.852461, 0.005907, 0.522758, 0.011481, 0.515107, 0.161322, -0.841807, -0.156274, -0.089305, 0.986884, 0.134478, 0.60619, 0.0, 0.0, 0.0, 1.0],
                [0.987157, 0.032271, 0.156458, 0.033153, 0.149689, 0.155242, -0.97647, -0.017305, -0.0558, 0.987349, 0.148418, 0.716103, 0.0, 0.0, 0.0, 1.0],
                [0.42474, 0.071389, -0.902496, 0.035084, -0.903247, 0.10076, -0.417123, 0.206989, 0.061157, 0.992346, 0.107279, 0.518462, 0.0, 0.0, 0.0, 1.0],
                [0.521914, 0.071728, -0.849977, 0.027892, -0.852113, 0.089205, -0.515699, 0.255768, 0.038832, 0.993427, 0.107678, 0.546011, 0.0, 0.0, 0.0, 1.0],
                [0.521914, 0.071728, -0.849977, 0.027892, -0.852113, 0.089205, -0.515699, 0.255768, 0.038832, 0.993427, 0.107678, 0.546011, 0.0, 0.0, 0.0, 1.0]
            ]
        },
        {
            "name": "Thigh_R",
            "time": [0.0, 0.1167, 0.25, 0.3167, 0.4333, 0.6, 0.8833],
            "transform": [
                [0.973736, 0.084118, 0.211568, 0.124994, 0.051884, -0.986777, 0.153544, -0.002831, 0.221686, -0.138534, -0.965227, -1.2e-05, 0.0, 0.0, 0.0, 1.0],
                [0.829076, 0.510311, 0.228504, 0.212066, 0.10358, -0.541775, 0.834116, -0.017831, 0.549457, -0.667876, -0.502033, -0.084447, 0.0, 0.0, 0.0, 1.0],
                [0.800889, 0.53364, 0.271668, 0.209163, 0.004418, -0.458929, 0.888462, -0.002361, 0.598796, -0.710357, -0.36991, -0.113491, 0.0, 0.0, 0.0, 1.0],
                [0.961633, 0.273865, 0.01609, 0.209865, 0.206661, -0.761726, 0.614054, -0.006097, 0.180424, -0.587168, -0.789101, -0.106476, 0.0, 0.0, 0.0, 1.0],
                [0.558787, 0.792462, 0.244456, 0.212066, 0.539722, -0.571306, 0.618311, -0.017831, 0.629647, -0.213565, -0.74695, -0.084447, 0.0, 0.0, 0.0, 1.0],
                [0.571383, 0.773613, 0.273938, 0.212066, 0.532547, -0.60348, 0.593468, -0.017831, 0.624431, -0.193212, -0.756805, -0.084447, 0.0, 0.0, 0.0, 1.0],
                [0.571383, 0.773613, 0.273938, 0.212066, 0.532547, -0.60348, 0.593468, -0.017831, 0.624431, -0.193212, -0.756805, -0.084447, 0.0, 0.0, 0.0, 1.0]
            ]
        },
        {
            "name": "Leg_R",
            "time": [0.0, 0.1167, 0.25, 0.4333, 0.6, 0.8833],
            "transform": [
                [1.0, 0.0, 1e-06, 0.0, -0.0, 0.984472, 0.175547, 0.37472, -1e-06, -0.175547, 0.98447, 0.0, 0.0, 0.0, 0.0, 1.0],
                [1.0, -0.0, 1e-06, 0.0, -0.0, 0.791009, 0.611805, 0.37472, -1e-06, -0.611806, 0.791008, -0.0, 0.0, 0.0, 0.0, 1.0],
                [1.0, -0.0, 1e-06, 0.0, -0.0, 0.791009, 0.611805, 0.37472, -1e-06, -0.611806, 0.791008, -0.0, 0.0, 0.0, 0.0, 1.0],
                [1.0, -0.0, 1e-06, 0.0, -0.0, 0.791009, 0.611805, 0.37472, -1e-06, -0.611806, 0.791008, -0.0, 0.0, 0.0, 0.0, 1.0],
                [1.0, -0.0, 1e-06, 0.0, -0.0, 0.791009, 0.611805, 0.37472, -1e-06, -0.611806, 0.791008, -0.0, 0.0, 0.0, 0.0, 1.0],
                [1.0, -0.0, 1e-06, 0.0, -0.0, 0.791009, 0.611805, 0.37472, -1e-06, -0.611806, 0.791008, -0.0, 0.0, 0.0, 0.0, 1.0]
            ]
        },
        {
            "name": "Knee_R",
            "time": [0.0, 0.1167, 0.25, 0.4333, 0.6, 0.8833],
            "transform": [
                [1.0, 0.0, -0.0, 0.0, -0.0, 1e-06, -1.0, 0.383077, -0.0, 1.0, 1e-06, -0.001653, 0.0, 0.0, 0.0, 1.0],
                [1.0, 0.0, -0.0, 0.0, -0.0, 1e-06, -1.0, 0.383077, -0.0, 1.0, 1e-06, -0.001653, 0.0, 0.0, 0.0, 1.0],
                [1.0, 0.0, -0.0, 0.0, -0.0, 1e-06, -1.0, 0.383077, -0.0, 1.0, 1e-06, -0.001653, 0.0, 0.0, 0.0, 1.0],
                [1.0, 0.0, -0.0, 0.0, -0.0, 1e-06, -1.0, 0.383077, -0.0, 1.0, 1e-06, -0.001653, 0.0, 0.0, 0.0, 1.0],
                [1.0, 0.0, -0.0, 0.0, -0.0, 1e-06, -1.0, 0.383077, -0.0, 1.0, 1e-06, -0.001653, 0.0, 0.0, 0.0, 1.0],
                [1.0, 0.0, -0.0, 0.0, -0.0, 1e-06, -1.0, 0.383077, -0.0, 1.0, 1e-06, -0.001653, 0.0, 0.0, 0.0, 1.0]
            ]
        },
        {
            "name": "Thigh_L",
            "time": [0.0, 0.1167, 0.25, 0.3167, 0.4333, 0.6, 0.8833],
            "transform": [
                [0.95515, -0.069461, -0.287858, -0.125006, -0.059939, -0.997328, 0.041774, -0.002831, -0.28999, -0.022646, -0.956761, -1.2e-05, 0.0, 0.0, 0.0, 1.0],
                [0.843426, -0.341309, -0.414896, -0.138086, -0.431556, -0.890383, -0.144834, -0.084233, -0.319983, 0.301209, -0.898267, 0.064811, 0.0, 0.0, 0.0, 1.0],
                [0.926899, -0.373658, 0.03516, -0.150862, -0.374951, -0.926031, 0.043333, -0.075294, 0.016368, -0.053349, -0.998441, 0.058971, 0.0, 0.0, 0.0, 1.0],
                [0.99026, -0.131597, -0.04546, -0.115992, -0.107817, -0.931411, 0.347634, 0.031344, -0.088089, -0.339346, -0.936528, -0.048612, 0.0, 0.0, 0.0, 1.0],
                [0.553049, -0.823717, -0.12501, -0.2083, -0.277165, -0.323401, 0.90476, -0.023439, -0.785694, -0.465728, -0.407163, 0.025098, 0.0, 0.0, 0.0, 1.0],
                [0.605807, -0.781245, -0.15051, -0.215917, -0.200979, -0.33331, 0.921147, -0.016149, -0.769808, -0.527788, -0.358936, 0.020336, 0.0, 0.0, 0.0, 1.0],
                [0.605807, -0.781245, -0.15051, -0.215917, -0.200979, -0.33331, 0.921147, -0.016149, -0.769808, -0.527788, -0.358936, 0.020336, 0.0, 0.0, 0.0, 1.0]
            ]
        },
        {
            "name": "Leg_L",
            "time": [0.0, 0.1167, 0.25, 0.3167, 0.4333, 0.6, 0.8833],
            "transform": [
                [1.0, 0.0, 1e-06, 0.0, -0.0, 0.996194, 0.087156, 0.37472, -1e-06, -0.087156, 0.996195, -0.0, 0.0, 0.0, 0.0, 1.0],
                [1.0, -0.0, 1e-06, -0.0, -0.0, 0.929906, 0.367797, 0.37472, -1e-06, -0.367797, 0.929907, -0.0, 0.0, 0.0, 0.0, 1.0],
                [1.0, -1e-06, 1e-06, -0.0, -0.0, 0.518681, 0.854968, 0.37472, -1e-06, -0.854967, 0.518682, 0.0, 0.0, 0.0, 0.0, 1.0],
                [1.0, -1e-06, 0.0, -0.0, -0.0, 0.048369, 0.99883, 0.37472, -1e-06, -0.998829, 0.048369, 0.0, 0.0, 0.0, 0.0, 1.0],
                [1.0, -0.0, 1e-06, 0.0, -0.0, 0.79057, 0.612372, 0.37472, -1e-06, -0.612371, 0.79057, 0.0, 0.0, 0.0, 0.0, 1.0],
                [1.0, -0.0, 1e-06, -0.0, -0.0, 0.774419, 0.632673, 0.37472, -1e-06, -0.632673, 0.774419, 0.0, 0.0, 0.0, 0.0, 1.0],
                [1.0, -0.0, 1e-06, -0.0, -0.0, 0.774419, 0.632673, 0.37472, -1e-06, -0.632673, 0.774419, 0.0, 0.0, 0.0, 0.0, 1.0]
            ]
        },
        {
            "name": "Knee_L",
            "time": [0.0, 0.1167, 0.25, 0.4333, 0.6, 0.8833],
            "transform": [
                [1.0, 0.0, -0.0, 0.0, -0.0, 1e-06, -1.0, 0.37472, -0.0, 1.0, 1e-06, -0.0, 0.0, 0.0, 0.0, 1.0],
                [1.0, 0.0, -0.0, -0.0, -0.0, 1e-06, -1.0, 0.37472, -0.0, 1.0, 1e-06, -0.0, 0.0, 0.0, 0.0, 1.0],
                [1.0, 0.0, -0.0, -0.0, -0.0, 1e-06, -1.0, 0.37472, -0.0, 1.0, 1e-06, 0.0, 0.0, 0.0, 0.0, 1.0],
                [1.0, 0.0, -0.0, 0.0, -0.0, 1e-06, -1.0, 0.37472, -0.0, 1.0, 1e-06, 0.0, 0.0, 0.0, 0.0, 1.0],
                [1.0, 0.0, -0.0, -0.0, -0.0, 1e-06, -1.0, 0.37472, -0.0, 1.0, 1e-06, 0.0, 0.0, 0.0, 0.0, 1.0],
                [1.0, 0.0, -0.0, -0.0, -0.0, 1e-06, -1.0, 0.37472, -0.0, 1.0, 1e-06, 0.0, 0.0, 0.0, 0.0, 1.0]
            ]
        },
        {
            "name": "Torso",
            "time": [0.0, 0.1167, 0.25, 0.4333, 0.6, 0.8833],
            "transform": [
                [0.996512, 0.0, 0.083446, 0.0, 0.0, 1.0, 0.0, 0.05, -0.083446, 0.0, 0.996512, 0.0, 0.0, 0.0, 0.0, 1.0],
                [0.991218, 0.111906, 0.070451, -0.0, -0.119891, 0.985292, 0.121764, 0.05, -0.055789, -0.129141, 0.990056, 0.0, 0.0, 0.0, 0.0, 1.0],
                [0.991218, 0.111906, 0.070451, 0.0, -0.119891, 0.985292, 0.121764, 0.05, -0.055788, -0.129141, 0.990056, 0.0, 0.0, 0.0, 0.0, 1.0],
                [0.991218, 0.111906, 0.070451, 0.0, -0.119891, 0.985292, 0.121764, 0.05, -0.055789, -0.129141, 0.990056, 0.0, 0.0, 0.0, 0.0, 1.0],
                [0.991218, 0.111906, 0.070451, 0.0, -0.119891, 0.985292, 0.121764, 0.05, -0.055788, -0.129141, 0.990056, -0.0, 0.0, 0.0, 0.0, 1.0],
                [0.991218, 0.111906, 0.070451, 0.0, -0.119891, 0.985292, 0.121764, 0.05, -0.055788, -0.129141, 0.990056, -0.0, 0.0, 0.0, 0.0, 1.0]
            ]
        },
        {
            "name": "Chest",
            "time": [0.0, 0.1167, 0.25, 0.4333, 0.6, 0.8833],
            "transform": [
                [0.996909, 0.004476, -0.078441, 0.0, 0.0, 0.998376, 0.056972, 0.3, 0.078568, -0.056796, 0.99529, 0.0, 0.0, 0.0, 0.0, 1.0],
                [0.931962, 0.004476, 0.362528, 0.0, -0.024755, 0.998376, 0.051312, 0.3, -0.36171, -0.056796, 0.930559, -0.0, 0.0, 0.0, 0.0, 1.0],
                [0.809008, 0.108799, 0.577641, 0.0, -0.059999, 0.992872, -0.102978, 0.3, -0.584728, 0.048652, 0.809769, -0.0, 0.0, 0.0, 0.0, 1.0],
                [0.764082, 0.157551, -0.625584, 0.0, 0.052781, 0.951201, 0.304023, 0.3, 0.642956, -0.265318, 0.718481, -0.0, 0.0, 0.0, 0.0, 1.0],
                [0.777119, 0.18477, -0.601619, 0.0, 0.032271, 0.942976, 0.331294, 0.3, 0.628526, -0.276869, 0.726842, -0.0, 0.0, 0.0, 0.0, 1.0],
                [0.777119, 0.18477, -0.601619, 0.0, 0.032271, 0.942976, 0.331294, 0.3, 0.628526, -0.276869, 0.726842, -0.0, 0.0, 0.0, 0.0, 1.0]
            ]
        },
        {
            "name": "Head",
            "time": [0.0, 0.1167, 0.25, 0.4333, 0.6, 0.8833],
            "transform": [
                [1.0, -0.0, 0.0, 0.0, -0.0, 0.999699, -0.024548, 0.4, 0.0, 0.024548, 0.999699, 0.0, 0.0, 0.0, 0.0, 1.0],
                [0.927644, 0.0, -0.373466, -0.0, -0.009168, 0.999699, -0.022772, 0.4, 0.373353, 0.024548, 0.927364, -0.0, 0.0, 0.0, 0.0, 1.0],
                [0.726051, -0.018169, -0.687401, -0.0, -0.01375, 0.999067, -0.04093, 0.4, 0.687504, 0.039169, 0.725124, -0.0, 0.0, 0.0, 0.0, 1.0],
                [0.183713, -0.020207, 0.982772, -0.0, 0.237411, 0.971102, -0.024413, 0.4, -0.953879, 0.237806, 0.183201, -0.0, 0.0, 0.0, 0.0, 1.0],
                [0.001521, -0.000359, 0.999999, -0.0, 0.253605, 0.967308, -3.8e-05, 0.4, -0.967306, 0.253605, 0.001562, 0.0, 0.0, 0.0, 0.0, 1.0],
                [0.001521, -0.000359, 0.999999, -0.0, 0.253605, 0.967308, -3.8e-05, 0.4, -0.967306, 0.253605, 0.001562, 0.0, 0.0, 0.0, 0.0, 1.0]
            ]
        },
        {
            "name": "Shoulder_R",
            "time": [0.0, 0.1167, 0.25, 0.4333, 0.6, 0.8833],
            "transform": [
                [-0.004613, 0.951979, 0.306128, 0.0, 0.000526, -0.306129, 0.95199, 0.4, 0.999989, 0.004553, 0.000911, 0.0, 0.0, 0.0, 0.0, 1.0],
                [0.099208, 0.946807, 0.306128, -0.0, -0.032854, -0.304361, 0.95199, 0.4, 0.994524, -0.104502, 0.000912, -0.0, 0.0, 0.0, 0.0, 1.0],
                [0.099208, 0.946807, 0.306128, -0.0, -0.032854, -0.304361, 0.95199, 0.4, 0.994524, -0.104502, 0.000911, -0.0, 0.0, 0.0, 0.0, 1.0],
                [0.099208, 0.946807, 0.306128, -0.0, -0.032854, -0.304361, 0.95199, 0.4, 0.994524, -0.104502, 0.000911, -0.0, 0.0, 0.0, 0.0, 1.0],
                [0.099208, 0.946807, 0.306128, -0.0, -0.032854, -0.304361, 0.95199, 0.4, 0.994524, -0.104502, 0.000912, 0.0, 0.0, 0.0, 0.0, 1.0],
                [0.099208, 0.946807, 0.306128, -0.0, -0.032854, -0.304361, 0.95199, 0.4, 0.994524, -0.104502, 0.000912, 0.0, 0.0, 0.0, 0.0, 1.0]
            ]
        },
        {
            "name": "Arm_R",
            "time": [0.0, 0.1167, 0.25, 0.4333, 0.6, 0.8833],
            "transform": [
                [0.101348, -0.728137, -0.677897, -0.0, 0.953637, 0.265202, -0.142285, 0.393861, 0.283383, -0.632047, 0.721256, -0.0, 0.0, 0.0, 0.0, 1.0],
                [0.593702, -0.251169, -0.764482, 0.0, -0.055491, 0.934998, -0.350285, 0.393861, 0.80277, 0.250387, 0.541172, -0.0, 0.0, 0.0, 0.0, 1.0],
                [0.600811, -0.147182, -0.785725, 0.0, -0.069113, 0.96966, -0.234485, 0.39386, 0.796398, 0.195185, 0.572411, 0.0, 0.0, 0.0, 0.0, 1.0],
                [0.593669, 0.331673, -0.733178, 0.0, -0.059538, 0.926716, 0.371016, 0.393861, 0.802504, -0.176608, 0.56991, -0.0, 0.0, 0.0, 0.0, 1.0],
                [0.593702, 0.382548, -0.707937, -0.0, -0.055491, 0.897139, 0.43825, 0.393861, 0.80277, -0.220906, 0.553861, 0.0, 0.0, 0.0, 0.0, 1.0],
                [0.593702, 0.382548, -0.707937, -0.0, -0.055491, 0.897139, 0.43825, 0.393861, 0.80277, -0.220906, 0.553861, 0.0, 0.0, 0.0, 0.0, 1.0]
            ]
        },
        {
            "name": "Hand_R",
            "time": [0.0, 0.1167, 0.25, 0.4333, 0.6, 0.8833],
            "transform": [
                [1.0, -0.0, 0.0, -0.0, 0.0, -0.293999, -0.955806, 0.3, 0.0, 0.955806, -0.293998, 0.0, 0.0, 0.0, 0.0, 1.0],
                [1.0, -0.0, -0.0, -0.0, -0.0, 0.280091, -0.959974, 0.3, 0.0, 0.959974, 0.280091, 0.0, 0.0, 0.0, 0.0, 1.0],
                [1.0, -0.0, -0.0, -0.0, 0.0, 0.280091, -0.959974, 0.3, 0.0, 0.959974, 0.280091, -0.0, 0.0, 0.0, 0.0, 1.0],
                [1.0, -0.0, -0.0, 0.0, -0.0, 0.280091, -0.959974, 0.3, 0.0, 0.959974, 0.280091, -0.0, 0.0, 0.0, 0.0, 1.0],
                [1.0, -0.0, -0.0, -0.0, 0.0, 0.28009, -0.959974, 0.3, 0.0, 0.959974, 0.280091, 0.0, 0.0, 0.0, 0.0, 1.0],
                [1.0, -0.0, -0.0, -0.0, 0.0, 0.28009, -0.959974, 0.3, 0.0, 0.959974, 0.280091, 0.0, 0.0, 0.0, 0.0, 1.0]
            ]
        },
        {
            "name": "Tool_R",
            "time": [0.0, 0.1167, 0.25, 0.4333, 0.6, 0.8833],
            "transform": [
                [1.0, 0.0, 0.0, 0.0, 0.0, -0.999836, 0.018122, 0.272858, 0.0, -0.018122, -0.999244, -0.0, 0.0, 0.0, 0.0, 1.0],
                [1.0, 0.0, 0.0, 0.0, 0.0, -0.999836, 0.018122, 0.272858, 0.0, -0.018122, -0.999244, -0.0, 0.0, 0.0, 0.0, 1.0],
                [1.0, -0.0, 0.0, 0.0, 0.0, -0.999836, 0.018122, 0.272858, 0.0, -0.018122, -0.999244, 0.0, 0.0, 0.0, 0.0, 1.0],
                [1.0, 0.0, 0.0, -0.0, 0.0, -0.999836, 0.018122, 0.272858, 0.0, -0.018122, -0.999244, -0.0, 0.0, 0.0, 0.0, 1.0],
                [1.0, 0.0, 0.0, 0.0, 0.0, -0.999836, 0.018122, 0.272858, 0.0, -0.018122, -0.999244, -0.0, 0.0, 0.0, 0.0, 1.0],
                [1.0, 0.0, 0.0, 0.0, 0.0, -0.999836, 0.018122, 0.272858, 0.0, -0.018122, -0.999244, -0.0, 0.0, 0.0, 0.0, 1.0]
            ]
        },
        {
            "name": "Elbow_R",
            "time": [0.0, 0.1167, 0.25, 0.4333, 0.6, 0.8833],
            "transform": [
                [-1.0, 0.0, 0.0, -0.0, 0.0, 0.735098, -0.677961, 0.3, -0.0, -0.677961, -0.735098, 0.0, 0.0, 0.0, 0.0, 1.0],
                [-1.0, 0.0, 0.0, -0.0, 0.0, 0.735098, -0.677961, 0.3, -0.0, -0.677961, -0.735098, 0.0, 0.0, 0.0, 0.0, 1.0],
                [-1.0, 0.0, 0.0, -0.0, 0.0, 0.735098, -0.677961, 0.3, -0.0, -0.677961, -0.735098, -0.0, 0.0, 0.0, 0.0, 1.0],
                [-1.0, 0.0, 0.0, 0.0, 0.0, 0.735098, -0.677961, 0.3, -0.0, -0.677961, -0.735098, -0.0, 0.0, 0.0, 0.0, 1.0],
                [-1.0, 0.0, 0.0, -0.0, 0.0, 0.735098, -0.677961, 0.3, -0.0, -0.677961, -0.735098, 0.0, 0.0, 0.0, 0.0, 1.0],
                [-1.0, 0.0, 0.0, -0.0, 0.0, 0.735098, -0.677961, 0.3, -0.0, -0.677961, -0.735098, 0.0, 0.0, 0.0, 0.0, 1.0]
            ]
        },
        {
            "name": "Shoulder_L",
            "time": [0.0, 0.1167, 0.25, 0.4333, 0.6, 0.8833],
            "transform": [
                [0.004613, -0.952228, -0.305355, 0.0, 0.000524, -0.305355, 0.952238, 0.4, -0.999989, -0.004553, -0.00091, 0.0, 0.0, 0.0, 0.0, 1.0],
                [0.004613, -0.952227, -0.305355, -0.0, 0.000524, -0.305355, 0.952238, 0.4, -0.999989, -0.004553, -0.00091, -0.0, 0.0, 0.0, 0.0, 1.0],
                [0.079736, -0.948894, -0.305355, -0.0, 0.024617, -0.304362, 0.952238, 0.4, -0.996512, -0.083445, -0.00091, -0.0, 0.0, 0.0, 0.0, 1.0],
                [0.652608, -0.693442, -0.305355, -0.0, 0.208576, -0.223021, 0.952238, 0.4, -0.728422, -0.685127, -0.00091, -0.0, 0.0, 0.0, 0.0, 1.0],
                [0.710961, -0.633477, -0.305355, -0.0, 0.227348, -0.20385, 0.952238, 0.4, -0.665467, -0.746426, -0.00091, 0.0, 0.0, 0.0, 0.0, 1.0],
                [0.710961, -0.633477, -0.305355, -0.0, 0.227348, -0.20385, 0.952238, 0.4, -0.665467, -0.746426, -0.00091, 0.0, 0.0, 0.0, 0.0, 1.0]
            ]
        },
        {
            "name": "Arm_L",
            "time": [0.0, 0.1167, 0.25, 0.4333, 0.6, 0.8833],
            "transform": [
                [0.337981, -0.043619, 0.940141, 0.0, -0.891463, 0.305452, 0.334653, 0.39386, -0.301766, -0.951208, 0.064352, 0.0, 0.0, 0.0, 0.0, 1.0],
                [0.071806, -0.333134, 0.940141, -0.0, -0.009934, 0.942289, 0.334654, 0.39386, -0.997369, -0.03337, 0.064352, 0.0, 0.0, 0.0, 0.0, 1.0],
                [-0.093139, -0.288237, 0.953018, -0.0, 0.38467, 0.872439, 0.301461, 0.39386, -0.918343, 0.394675, 0.029618, -0.0, 0.0, 0.0, 0.0, 1.0],
                [-0.093139, 0.294286, 0.951168, -0.0, 0.38467, 0.891778, -0.238244, 0.39386, -0.918343, 0.343696, -0.196263, 0.0, 0.0, 0.0, 0.0, 1.0],
                [-0.093139, 0.316104, 0.944142, 0.0, 0.38467, 0.886058, -0.25871, 0.39386, -0.918343, 0.339087, -0.204123, 0.0, 0.0, 0.0, 0.0, 1.0],
                [-0.093139, 0.316104, 0.944142, 0.0, 0.38467, 0.886058, -0.25871, 0.39386, -0.918343, 0.339087, -0.204123, 0.0, 0.0, 0.0, 0.0, 1.0]
            ]
        },
        {
            "name": "Hand_L",
            "time": [0.0, 0.1167, 0.25, 0.4333, 0.6, 0.8833],
            "transform": [
                [1.0, 0.0, 0.0, -0.0, -0.0, 0.99793, -0.064318, 0.3, -0.0, 0.064318, 0.99793, 0.0, 0.0, 0.0, 0.0, 1.0],
                [1.0, 0.0, 0.0, 0.0, -0.0, 0.99793, -0.064318, 0.3, -0.0, 0.064318, 0.99793, 0.0, 0.0, 0.0, 0.0, 1.0],
                [1.0, 0.0, 0.0, -0.0, -0.0, 0.966457, 0.25683, 0.3, -0.0, -0.256829, 0.966457, 0.0, 0.0, 0.0, 0.0, 1.0],
                [1.0, 0.0, 0.0, -0.0, 0.0, 0.657002, -0.753889, 0.3, -0.0, 0.753889, 0.657002, 0.0, 0.0, 0.0, 0.0, 1.0],
                [1.0, 0.0, -0.0, -0.0, -0.0, 0.584739, -0.811222, 0.3, -0.0, 0.811222, 0.584739, 0.0, 0.0, 0.0, 0.0, 1.0],
                [1.0, 0.0, -0.0, -0.0, -0.0, 0.584739, -0.811222, 0.3, -0.0, 0.811222, 0.584739, 0.0, 0.0, 0.0, 0.0, 1.0]
            ]
        },
        {
            "name": "Tool_L",
            "time": [0.0, 0.1167, 0.25, 0.4333, 0.6, 0.8833],
            "transform": [
                [1.0, 0.0, 0.0, 0.0, 0.0, -0.999836, 0.018122, 0.272858, 0.0, -0.018122, -0.999247, -0.0, 0.0, 0.0, 0.0, 1.0],
                [1.0, 0.0, 0.0, 0.0, 0.0, -0.999836, 0.018122, 0.272858, 0.0, -0.018122, -0.999247, 0.0, 0.0, 0.0, 0.0, 1.0],
                [1.0, 0.0, 0.0, -0.0, 0.0, -0.999836, 0.018122, 0.272858, 0.0, -0.018122, -0.999247, 0.0, 0.0, 0.0, 0.0, 1.0],
                [1.0, 0.0, 0.0, -0.0, 0.0, -0.999836, 0.018122, 0.272858, 0.0, -0.018122, -0.999247, -0.0, 0.0, 0.0, 0.0, 1.0],
                [1.0, 0.0, 0.0, -0.0, 0.0, -0.999836, 0.018122, 0.272858, 0.0, -0.018122, -0.999247, -0.0, 0.0, 0.0, 0.0, 1.0],
                [1.0, 0.0, 0.0, -0.0, 0.0, -0.999836, 0.018122, 0.272858, 0.0, -0.018122, -0.999247, -0.0, 0.0, 0.0, 0.0, 1.0]
            ]
        },
        {
            "name": "Elbow_L",
            "time": [0.0, 0.1167, 0.25, 0.4333, 0.6, 0.8833],
            "transform": [
                [-1.0, 0.0, -0.0, -0.0, 0.0, -0.0, -1.0, 0.3, -0.0, -1.0, -0.0, 0.0, 0.0, 0.0, 0.0, 1.0],
                [-1.0, 0.0, -0.0, 0.0, 0.0, -0.0, -1.0, 0.3, -0.0, -1.0, -0.0, 0.0, 0.0, 0.0, 0.0, 1.0],
                [-1.0, 0.0, -0.0, -0.0, 0.0, -0.0, -1.0, 0.3, -0.0, -1.0, -0.0, 0.0, 0.0, 0.0, 0.0, 1.0],
                [-1.0, 0.0, -0.0, -0.0, 0.0, -0.0, -1.0, 0.3, -0.0, -1.0, -0.0, 0.0, 0.0, 0.0, 0.0, 1.0],
                [-1.0, 0.0, -0.0, -0.0, 0.0, -0.0, -1.0, 0.3, -0.0, -1.0, -0.0, 0.0, 0.0, 0.0, 0.0, 1.0],
                [-1.0, 0.0, -0.0, -0.0, 0.0, -0.0, -1.0, 0.3, -0.0, -1.0, -0.0, 0.0, 0.0, 0.0, 0.0, 1.0]
            ]
        }
    ]
}