{
    "animation": [
        {
            "name": "Root",
            "time": [0.0, 0.1333, 0.3, 0.3333, 0.3667, 0.4, 0.4333, 0.4667, 0.5, 0.6833, 0.9333],
            "transform": [
                [0.198818, 0.224409, 0.953998, 0.031805, 0.97968, -0.01927, -0.199637, 0.009786, -0.026417, 0.974305, -0.22368, 0.553632, 0.0, 0.0, 0.0, 1.0],
                [-0.349557, 0.071357, 0.934194, 0.006894, 0.916685, 0.232132, 0.325275, -0.20563, -0.193646, 0.970063, -0.146555, 0.635812, 0.0, 0.0, 0.0, 1.0],
                [-0.127134, 0.137365, 0.982328, 0.019123, 0.879033, 0.474397, 0.047427, -0.111168, -0.459498, 0.869528, -0.181061, 0.683896, 0.0, 0.0, 0.0, 1.0],
                [0.082452, 0.253383, 0.963846, 0.030622, 0.874471, 0.445496, -0.191922, -0.022336, -0.478019, 0.85868, -0.184844, 0.702549, 0.0, 0.0, 0.0, 1.0],
                [0.504818, 0.491582, 0.709582, 0.050696, 0.729331, 0.196839, -0.655234, 0.132729, -0.461775, 0.848293, -0.259158, 0.725398, 0.0, 0.0, 0.0, 1.0],
                [0.855787, 0.514697, -0.05211, 0.074524, 0.155927, -0.352674, -0.922663, 0.3168, -0.49327, 0.781478, -0.382069, 0.749791, 0.0, 0.0, 0.0, 1.0],
                [0.649105, 0.102482, -0.753764, 0.099076, -0.470391, -0.72465, -0.503602, 0.506467, -0.597825, 0.681454, -0.422168, 0.77379, 0.0, 0.0, 0.0, 1.0],
                [0.283011, -0.262128, -0.922602, 0.120922, -0.682929, -0.730483, -0.001947, 0.675218, -0.673434, 0.630622, -0.385749, 0.794592, 0.0, 0.0, 0.0, 1.0],
                [0.140643, -0.379837, -0.9143, 0.13191, -0.704161, -0.687544, 0.177315, 0.760107, -0.695972, 0.618876, -0.364164, 0.804725, 0.0, 0.0, 0.0, 1.0],
                [0.14964, -0.36144, -0.920309, 0.136091, -0.703549, -0.692919, 0.15774, 0.7924, -0.694713, 0.623879, -0.357979, 0.807982, 0.0, 0.0, 0.0, 1.0],
                [0.14964, -0.36144, -0.920309, 0.136091, -0.703549, -0.692919, 0.15774, 0.7924, -0.694713, 0.623879, -0.357979, 0.807982, 0.0, 0.0, 0.0, 1.0]
            ]
        },
        {
            "name": "Thigh_R",
            "time": [0.0, 0.1333, 0.3, 0.3333, 0.3667, 0.4, 0.4333, 0.4667, 0.5, 0.6833, 0.9333],
            "transform": [
                [0.790534, 0.598011, -0.132051, 0.163694, 0.566689, -0.632541, 0.527972, -0.01068, 0.232205, -0.49221, -0.838934, 0.001454, 0.0, 0.0, 0.0, 1.0],
                [0.841073, 0.407792, -0.355388, 0.163694, 0.538679, -0.691208, 0.48172, -0.01068, -0.049206, -0.5966, -0.801028, 0.001454, 0.0, 0.0, 0.0, 1.0],
                [0.80469, 0.457818, -0.377989, 0.172145, 0.588193, -0.701252, 0.40283, -0.005051, -0.080643, -0.546482, -0.833578, 0.007052, 0.0, 0.0, 0.0, 1.0],
                [0.772116, 0.511657, -0.376886, 0.180092, 0.62825, -0.703809, 0.33159, 0.000242, -0.095596, -0.492803, -0.864874, 0.012316, 0.0, 0.0, 0.0, 1.0],
                [0.710909, 0.604605, -0.359248, 0.193965, 0.691891, -0.692831, 0.203149, 0.009482, -0.126074, -0.39298, -0.910863, 0.021506, 0.0, 0.0, 0.0, 1.0],
                [0.632031, 0.707096, -0.317096, 0.210432, 0.755177, -0.653813, 0.047257, 0.020451, -0.173907, -0.269331, -0.947216, 0.032414, 0.0, 0.0, 0.0, 1.0],
                [0.54732, 0.798095, -0.251958, 0.2274, 0.803225, -0.585479, -0.109736, 0.031753, -0.235097, -0.142318, -0.961497, 0.043653, 0.0, 0.0, 0.0, 1.0],
                [0.472593, 0.862956, -0.178774, 0.242496, 0.829697, -0.504063, -0.239836, 0.041808, -0.297082, -0.034983, -0.954211, 0.053654, 0.0, 0.0, 0.0, 1.0],
                [0.436239, 0.889226, -0.137731, 0.250091, 0.837154, -0.457195, -0.30024, 0.046867, -0.329952, 0.015674, -0.943868, 0.058684, 0.0, 0.0, 0.0, 1.0],
                [0.422768, 0.898073, -0.121359, 0.25298, 0.839034, -0.438498, -0.322087, 0.048791, -0.342474, 0.034344, -0.9389, 0.060598, 0.0, 0.0, 0.0, 1.0],
                [0.422768, 0.898073, -0.121359, 0.25298, 0.839034, -0.438498, -0.322087, 0.048791, -0.342474, 0.034344, -0.9389, 0.060598, 0.0, 0.0, 0.0, 1.0]
            ]
        },
        {
            "name": "Leg_R",
            "time": [0.0, 0.1333, 0.3, 0.3333, 0.3667, 0.4, 0.4333, 0.4667, 0.5, 0.6833, 0.9333],
            "transform": [
                [1.0, -0.0, 1e-06, -0.0, -1e-06, 0.872504, 0.488607, 0.37472, -1e-06, -0.488608, 0.872503, -0.0, 0.0, 0.0, 0.0, 1.0],
                [1.0, -1e-06, 1e-06, -0.0, -0.0, 0.341317, 0.939948, 0.37472, -1e-06, -0.939949, 0.341316, -0.0, 0.0, 0.0, 0.0, 1.0],
                [1.0, -1e-06, 1e-06, 0.0, -0.0, 0.43692, 0.8995, 0.37472, -1e-06, -0.899501, 0.43692, 0.0, 0.0, 0.0, 0.0, 1.0],
                [1.0, -0.0, 1e-06, 0.0, -0.0, 0.51769, 0.855568, 0.37472, -1e-06, -0.855569, 0.517689, -0.0, 0.0, 0.0, 0.0, 1.0],
                [1.0, -0.0, 1e-06, 0.0, -0.0, 0.641065, 0.767486, 0.37472, -1e-06, -0.767487, 0.641064, 0.0, 0.0, 0.0, 0.0, 1.0],
                [1.0, -0.0, 1e-06, 0.0, -0.0, 0.766959, 0.641697, 0.37472, -1e-06, -0.641698, 0.766958, 0.0, 0.0, 0.0, 0.0, 1.0],
                [1.0, -0.0, 1e-06, -0.0, -0.0, 0.869674, 0.493627, 0.37472, -1e-06, -0.493628, 0.869673, 0.0, 0.0, 0.0, 0.0, 1.0],
                [1.0, 0.0, 1e-06, 0.0, -0.0, 0.935319, 0.353806, 0.37472, -1e-06, -0.353807, 0.935318, -0.0, 0.0, 0.0, 0.0, 1.0],
                [1.0, 0.0, 1e-06, 0.0, -0.0, 0.957342, 0.288959, 0.37472, -1e-06, -0.28896, 0.957341, 0.0, 0.0, 0.0, 0.0, 1.0],
                [1.0, 0.0, 1e-06, -0.0, -0.0, 0.957342, 0.288959, 0.37472, -1e-06, -0.28896, 0.957341, 0.0, 0.0, 0.0, 0.0, 1.0],
                [1.0, 0.0, 1e-06, -0.0, -0.0, 0.957342, 0.288959, 0.37472, -1e-06, -0.28896, 0.957341, 0.0, 0.0, 0.0, 0.0, 1.0]
            ]
        },
        {
            "name": "Knee_R",
            "time": [0.0, 0.1333, 0.3, 0.3333, 0.3667, 0.4, 0.4333, 0.4667, 0.5, 0.6833, 0.9333],
            "transform": [
                [1.0, 0.0, -0.0, 0.0, -0.0, 1e-06, -1.0, 0.383077, -0.0, 1.0, 1e-06, -0.001653, 0.0, 0.0, 0.0, 1.0],
                [1.0, 0.0, -0.0, -0.0, -0.0, 1e-06, -1.0, 0.383077, -0.0, 1.0, 1e-06, -0.001653, 0.0, 0.0, 0.0, 1.0],
                [1.0, 0.0, -0.0, -0.0, -0.0, 1e-06, -1.0, 0.383077, -0.0, 1.0, 1e-06, -0.001653, 0.0, 0.0, 0.0, 1.0],
                [1.0, 0.0, -0.0, 0.0, -0.0, 1e-06, -1.0, 0.383077, -0.0, 1.0, 1e-06, -0.001653, 0.0, 0.0, 0.0, 1.0],
                [1.0, 0.0, -0.0, 0.0, -0.0, 1e-06, -1.0, 0.383077, -0.0, 1.0, 1e-06, -0.001653, 0.0, 0.0, 0.0, 1.0],
                [1.0, 0.0, -0.0, 0.0, -0.0, 1e-06, -1.0, 0.383077, -0.0, 1.0, 1e-06, -0.001653, 0.0, 0.0, 0.0, 1.0],
                [1.0, 0.0, -0.0, -0.0, -0.0, 1e-06, -1.0, 0.383077, -0.0, 1.0, 1e-06, -0.001653, 0.0, 0.0, 0.0, 1.0],
                [1.0, 0.0, -0.0, 0.0, -0.0, 1e-06, -1.0, 0.383077, -0.0, 1.0, 1e-06, -0.001653, 0.0, 0.0, 0.0, 1.0],
                [1.0, 0.0, -0.0, 0.0, -0.0, 1e-06, -1.0, 0.383077, -0.0, 1.0, 1e-06, -0.001653, 0.0, 0.0, 0.0, 1.0],
                [1.0, 0.0, -0.0, -0.0, -0.0, 1e-06, -1.0, 0.383077, -0.0, 1.0, 1e-06, -0.001653, 0.0, 0.0, 0.0, 1.0],
                [1.0, 0.0, -0.0, -0.0, -0.0, 1e-06, -1.0, 0.383077, -0.0, 1.0, 1e-06, -0.001653, 0.0, 0.0, 0.0, 1.0]
            ]
        },
        {
            "name": "Thigh_L",
            "time": [0.0, 0.1333, 0.3, 0.3333, 0.3667, 0.4, 0.4333, 0.4667, 0.5, 0.6833, 0.9333],
            "transform": [
                [0.71593, -0.689451, 0.110005, -0.187238, -0.636944, -0.580465, 0.507308, -0.027552, -0.285909, -0.433265, -0.854715, 0.090798, 0.0, 0.0, 0.0, 1.0],
                [0.861652, -0.450339, -0.233984, -0.164593, -0.440389, -0.892631, 0.096265, -0.073227, -0.252213, 0.020098, -0.967463, 0.111012, 0.0, 0.0, 0.0, 1.0],
                [0.845842, -0.461308, -0.267853, -0.174303, -0.479192, -0.877708, -0.001598, -0.095828, -0.23436, 0.129705, -0.963458, 0.107831, 0.0, 0.0, 0.0, 1.0],
                [0.829161, -0.500687, -0.248604, -0.16632, -0.51351, -0.857948, 0.015206, -0.053993, -0.220903, 0.115053, -0.968485, 0.085255, 0.0, 0.0, 0.0, 1.0],
                [0.793807, -0.575609, -0.196327, -0.150783, -0.577917, -0.814483, 0.051282, 0.027426, -0.189423, 0.072753, -0.979196, 0.043327, 0.0, 0.0, 0.0, 1.0],
                [0.746796, -0.651992, -0.131157, -0.141254, -0.64647, -0.757966, 0.086965, 0.077365, -0.156113, 0.019844, -0.98754, 0.017875, 0.0, 0.0, 0.0, 1.0],
                [0.690237, -0.721162, -0.059134, -0.176035, -0.712702, -0.691704, 0.116621, 0.018263, -0.125006, -0.038351, -0.991414, 0.03275, 0.0, 0.0, 0.0, 1.0],
                [0.63377, -0.773489, 0.007058, -0.243724, -0.766883, -0.627113, 0.136449, -0.09676, -0.101115, -0.091889, -0.990622, 0.0617, 0.0, 0.0, 0.0, 1.0],
                [0.603511, -0.796356, 0.039877, -0.285241, -0.792207, -0.593194, 0.143273, -0.167309, -0.090441, -0.118057, -0.988879, 0.079456, 0.0, 0.0, 0.0, 1.0],
                [0.59175, -0.80462, 0.04918, -0.28425, -0.801502, -0.580742, 0.142593, -0.165784, -0.086172, -0.123797, -0.988559, 0.079195, 0.0, 0.0, 0.0, 1.0],
                [0.59175, -0.80462, 0.04918, -0.28425, -0.801502, -0.580742, 0.142593, -0.165784, -0.086172, -0.123797, -0.988559, 0.079195, 0.0, 0.0, 0.0, 1.0]
            ]
        },
        {
            "name": "Leg_L",
            "time": [0.0, 0.1333, 0.3, 0.3333, 0.3667, 0.4, 0.4333, 0.4667, 0.5, 0.6833, 0.9333],
            "transform": [
                [1.0, -1e-06, 1e-06, 0.0, -1e-06, 0.321829, 0.946798, 0.37472, -1e-06, -0.946798, 0.321829, -0.0, 0.0, 0.0, 0.0, 1.0],
                [1.0, 0.0, 1e-06, 0.0, -0.0, 0.994743, 0.102402, 0.37472, -1e-06, -0.102402, 0.994743, -0.0, 0.0, 0.0, 0.0, 1.0],
                [1.0, -1e-06, 0.0, -0.0, -0.0, 0.099669, 0.995021, 0.37472, -1e-06, -0.99502, 0.099669, 0.0, 0.0, 0.0, 0.0, 1.0],
                [1.0, -1e-06, 0.0, 0.0, -0.0, -0.096641, 0.99532, 0.37472, -1e-06, -0.995319, -0.096641, 0.0, 0.0, 0.0, 0.0, 1.0],
                [1.0, -1e-06, 0.0, -0.0, -0.0, -0.248959, 0.968514, 0.37472, -1e-06, -0.968514, -0.24896, 0.0, 0.0, 0.0, 0.0, 1.0],
                [1.0, -1e-06, -0.0, -0.0, -0.0, -0.314269, 0.949334, 0.37472, -1e-06, -0.949334, -0.314269, 0.0, 0.0, 0.0, 0.0, 1.0],
                [1.0, -1e-06, 0.0, 0.0, -0.0, 0.108415, 0.994106, 0.37472, -1e-06, -0.994105, 0.108415, -0.0, 0.0, 0.0, 0.0, 1.0],
                [1.0, -0.0, 1e-06, -0.0, -0.0, 0.839774, 0.542936, 0.37472, -1e-06, -0.542936, 0.839774, -0.0, 0.0, 0.0, 0.0, 1.0],
                [1.0, 0.0, 1e-06, 0.0, -0.0, 0.994743, 0.102402, 0.37472, -1e-06, -0.102402, 0.994743, -0.0, 0.0, 0.0, 0.0, 1.0],
                [1.0, 0.0, 1e-06, -0.0, -0.0, 0.994743, 0.102402, 0.37472, -1e-06, -0.102402, 0.994743, 0.0, 0.0, 0.0, 0.0, 1.0],
                [1.0, 0.0, 1e-06, -0.0, -0.0, 0.994743, 0.102402, 0.37472, -1e-06, -0.102402, 0.994743, 0.0, 0.0, 0.0, 0.0, 1.0]
            ]
        },
        {
            "name": "Knee_L",
            "time": [0.0, 0.1333, 0.3, 0.3333, 0.3667, 0.4, 0.4333, 0.4667, 0.5, 0.6833, 0.9333],
            "transform": [
                [1.0, 0.0, -0.0, 0.0, -0.0, 1e-06, -1.0, 0.37472, -0.0, 1.0, 1e-06, -0.0, 0.0, 0.0, 0.0, 1.0],
                [1.0, 0.0, -0.0, 0.0, -0.0, 1e-06, -1.0, 0.37472, -0.0, 1.0, 1e-06, -0.0, 0.0, 0.0, 0.0, 1.0],
                [1.0, 0.0, -0.0, -0.0, -0.0, 1e-06, -1.0, 0.37472, -0.0, 1.0, 1e-06, 0.0, 0.0, 0.0, 0.0, 1.0],
                [1.0, 0.0, -0.0, 0.0, -0.0, 1e-06, -1.0, 0.37472, -0.0, 1.0, 1e-06, 0.0, 0.0, 0.0, 0.0, 1.0],
                [1.0, 0.0, -0.0, -0.0, -0.0, 1e-06, -1.0, 0.37472, -0.0, 1.0, 1e-06, 0.0, 0.0, 0.0, 0.0, 1.0],
                [1.0, 0.0, -0.0, -0.0, -0.0, 1e-06, -1.0, 0.37472, -0.0, 1.0, 1e-06, 0.0, 0.0, 0.0, 0.0, 1.0],
                [1.0, 0.0, -0.0, 0.0, -0.0, 1e-06, -1.0, 0.37472, -0.0, 1.0, 1e-06, -0.0, 0.0, 0.0, 0.0, 1.0],
                [1.0, 0.0, -0.0, -0.0, -0.0, 1e-06, -1.0, 0.37472, -0.0, 1.0, 1e-06, -0.0, 0.0, 0.0, 0.0, 1.0],
                [1.0, 0.0, -0.0, 0.0, -0.0, 1e-06, -1.0, 0.37472, -0.0, 1.0, 1e-06, -0.0, 0.0, 0.0, 0.0, 1.0],
                [1.0, 0.0, -0.0, -0.0, -0.0, 1e-06, -1.0, 0.37472, -0.0, 1.0, 1e-06, 0.0, 0.0, 0.0, 0.0, 1.0],
                [1.0, 0.0, -0.0, -0.0, -0.0, 1e-06, -1.0, 0.37472, -0.0, 1.0, 1e-06, 0.0, 0.0, 0.0, 0.0, 1.0]
            ]
        },
        {
            "name": "Torso",
            "time": [0.0, 0.1333, 0.3, 0.3333, 0.3667, 0.4, 0.4333, 0.4667, 0.5, 0.6833, 0.9333],
            "transform": [
                [0.922652, 0.098863, 0.372744, -0.0, -0.196668, 0.952065, 0.234295, 0.05, -0.331714, -0.28948, 0.897868, 0.0, 0.0, 0.0, 0.0, 1.0],
                [0.907169, -0.190724, 0.375059, 0.0, 0.013688, 0.904275, 0.426732, 0.05, -0.420544, -0.381984, 0.82294, -0.0, 0.0, 0.0, 0.0, 1.0],
                [0.907169, -0.190724, 0.375059, 0.0, 0.013688, 0.904275, 0.426732, 0.05, -0.420544, -0.381984, 0.82294, -0.0, 0.0, 0.0, 0.0, 1.0],
                [0.907169, -0.190724, 0.375059, -0.0, 0.013688, 0.904275, 0.426732, 0.05, -0.420544, -0.381984, 0.822941, 0.0, 0.0, 0.0, 0.0, 1.0],
                [0.907169, -0.190724, 0.375059, 0.0, 0.013688, 0.904275, 0.426732, 0.05, -0.420544, -0.381984, 0.822941, -0.0, 0.0, 0.0, 0.0, 1.0],
                [0.907169, -0.190724, 0.375059, 0.0, 0.013688, 0.904275, 0.426732, 0.05, -0.420544, -0.381984, 0.82294, -0.0, 0.0, 0.0, 0.0, 1.0],
                [0.907169, -0.190724, 0.375059, -0.0, 0.013688, 0.904275, 0.426732, 0.05, -0.420544, -0.381984, 0.82294, -0.0, 0.0, 0.0, 0.0, 1.0],
                [0.907169, -0.190724, 0.375059, -0.0, 0.013688, 0.904275, 0.426732, 0.05, -0.420544, -0.381984, 0.82294, -0.0, 0.0, 0.0, 0.0, 1.0],
                [0.907169, -0.190724, 0.375059, 0.0, 0.013688, 0.904275, 0.426732, 0.05, -0.420544, -0.381984, 0.82294, 0.0, 0.0, 0.0, 0.0, 1.0],
                [0.907169, -0.190724, 0.375059, 0.0, 0.013688, 0.904275, 0.426732, 0.05, -0.420544, -0.381984, 0.822941, -0.0, 0.0, 0.0, 0.0, 1.0],
                [0.907169, -0.190724, 0.375059, 0.0, 0.013688, 0.904275, 0.426732, 0.05, -0.420544, -0.381984, 0.822941, -0.0, 0.0, 0.0, 0.0, 1.0]
            ]
        },
        {
            "name": "Chest",
            "time": [0.0, 0.1333, 0.3, 0.3333, 0.3667, 0.4, 0.4333, 0.4667, 0.5, 0.6833, 0.9333],
            "transform": [
                [0.582732, -0.294766, 0.757322, 0.0, -0.126224, 0.88776, 0.442661, 0.3, -0.802802, -0.353545, 0.48012, -0.0, 0.0, 0.0, 0.0, 1.0],
                [0.582732, -0.294766, 0.757322, -0.0, -0.126224, 0.88776, 0.442661, 0.3, -0.802802, -0.353545, 0.48012, -0.0, 0.0, 0.0, 0.0, 1.0],
                [0.582732, -0.294767, 0.757322, 0.0, -0.126224, 0.887761, 0.442661, 0.3, -0.802802, -0.353545, 0.48012, -0.0, 0.0, 0.0, 0.0, 1.0],
                [0.583594, -0.338657, 0.738058, 0.0, -0.119097, 0.863364, 0.490325, 0.3, -0.803265, -0.374051, 0.463521, 0.0, 0.0, 0.0, 0.0, 1.0],
                [0.584288, -0.420979, 0.693819, -0.0, -0.105164, 0.808449, 0.579094, 0.3, -0.804704, -0.411322, 0.428095, 0.0, 0.0, 0.0, 0.0, 1.0],
                [0.584065, -0.46896, 0.662529, -0.0, -0.09666, 0.770226, 0.630403, 0.3, -0.805931, -0.432236, 0.404532, -0.0, 0.0, 0.0, 0.0, 1.0],
                [0.584022, -0.415567, 0.697297, 0.0, -0.08947, 0.820829, 0.564124, 0.3, -0.806792, -0.391848, 0.442202, -0.0, 0.0, 0.0, 0.0, 1.0],
                [0.585123, -0.303808, 0.751886, -0.0, -0.075439, 0.90276, 0.423478, 0.3, -0.807428, -0.304508, 0.505306, 0.0, 0.0, 0.0, 0.0, 1.0],
                [0.58637, -0.231722, 0.776193, 0.0, -0.06702, 0.941048, 0.331567, 0.3, -0.807266, -0.246442, 0.536272, 0.0, 0.0, 0.0, 0.0, 1.0],
                [0.585079, -0.236498, 0.775727, 0.0, -0.071545, 0.937752, 0.339857, 0.3, -0.807814, -0.254343, 0.531738, -0.0, 0.0, 0.0, 0.0, 1.0],
                [0.585079, -0.236498, 0.775727, 0.0, -0.071545, 0.937752, 0.339857, 0.3, -0.807814, -0.254343, 0.531738, -0.0, 0.0, 0.0, 0.0, 1.0]
            ]
        },
        {
            "name": "Head",
            "time": [0.0, 0.1333, 0.3, 0.3333, 0.3667, 0.4, 0.4333, 0.4667, 0.5, 0.6667, 0.6833, 0.9333],
            "transform": [
                [0.077923, -0.000354, -0.996959, 0.0, -0.252806, 0.967308, -0.020103, 0.4, 0.964374, 0.253604, 0.075286, 0.0, 0.0, 0.0, 0.0, 1.0],
                [0.077923, -0.000354, -0.996959, 0.0, -0.252806, 0.967308, -0.020103, 0.4, 0.964374, 0.253604, 0.075286, 0.0, 0.0, 0.0, 0.0, 1.0],
                [0.077923, -0.000354, -0.99696, 0.0, -0.252806, 0.967308, -0.020103, 0.4, 0.964374, 0.253604, 0.075286, -0.0, 0.0, 0.0, 0.0, 1.0],
                [0.165815, 0.013484, -0.986065, 0.0, -0.234946, 0.971655, -0.026221, 0.4, 0.957761, 0.23602, 0.164283, 0.0, 0.0, 0.0, 0.0, 1.0],
                [0.418124, 0.044461, -0.907301, -0.0, -0.179203, 0.98321, -0.034404, 0.4, 0.890538, 0.176976, 0.419072, -0.0, 0.0, 0.0, 0.0, 1.0],
                [0.716605, 0.05916, -0.694966, -0.0, -0.102029, 0.994569, -0.020541, 0.4, 0.689977, 0.085627, 0.718749, 0.0, 0.0, 0.0, 0.0, 1.0],
                [0.929894, 0.037014, -0.365961, -0.0, -0.030177, 0.999247, 0.024389, 0.4, 0.366588, -0.011635, 0.930311, 0.0, 0.0, 0.0, 0.0, 1.0],
                [0.998902, -0.009499, -0.045875, 0.0, 0.013203, 0.996616, 0.081134, 0.4, 0.044949, -0.08165, 0.995647, 0.0, 0.0, 0.0, 0.0, 1.0],
                [0.995059, -0.035704, 0.092647, -0.0, 0.025521, 0.993729, 0.108863, 0.4, -0.095953, -0.105961, 0.98973, -0.0, 0.0, 0.0, 0.0, 1.0],
                [0.995059, -0.035704, 0.092647, 0.0, 0.025521, 0.993729, 0.108863, 0.4, -0.095953, -0.105961, 0.98973, 0.0, 0.0, 0.0, 0.0, 1.0],
                [0.995059, -0.035704, 0.092647, 0.0, 0.025521, 0.993729, 0.108863, 0.4, -0.095953, -0.105961, 0.98973, 0.0, 0.0, 0.0, 0.0, 1.0],
                [0.995059, -0.035704, 0.092647, 0.0, 0.025521, 0.993729, 0.108863, 0.4, -0.095953, -0.105961, 0.98973, 0.0, 0.0, 0.0, 0.0, 1.0]
            ]
        },
        {
            "name": "Shoulder_R",
            "time": [0.0, 0.1333, 0.3, 0.3333, 0.3667, 0.4, 0.4333, 0.4667, 0.5, 0.6833, 0.9333],
            "transform": [
                [0.33306, 0.891828, 0.306128, 0.0, -0.107998, -0.286447, 0.95199, 0.4, 0.9367, -0.350131, 0.000912, 0.0, 0.0, 0.0, 0.0, 1.0],
                [0.33306, 0.891828, 0.306128, 0.0, -0.107998, -0.286446, 0.95199, 0.4, 0.9367, -0.35013, 0.000911, 0.0, 0.0, 0.0, 0.0, 1.0],
                [0.28204, 0.909252, 0.306128, 0.0, -0.091609, -0.292101, 0.95199, 0.4, 0.955019, -0.296543, 0.000912, -0.0, 0.0, 0.0, 0.0, 1.0],
                [0.232876, 0.923068, 0.306128, 0.0, -0.075813, -0.296593, 0.95199, 0.4, 0.969547, -0.244904, 0.000911, 0.0, 0.0, 0.0, 0.0, 1.0],
                [0.144902, 0.940898, 0.306128, -0.0, -0.047542, -0.302415, 0.95199, 0.4, 0.988303, -0.152499, 0.000912, -0.0, 0.0, 0.0, 0.0, 1.0],
                [0.038279, 0.95122, 0.306128, -0.0, -0.013266, -0.305842, 0.95199, 0.4, 0.999179, -0.040502, 0.000912, 0.0, 0.0, 0.0, 0.0, 1.0],
                [-0.072067, 0.949258, 0.306128, -0.0, 0.02222, -0.305322, 0.95199, 0.4, 0.997152, 0.075409, 0.000912, 0.0, 0.0, 0.0, 0.0, 1.0],
                [-0.168884, 0.93689, 0.306128, 0.0, 0.053365, -0.301442, 0.95199, 0.4, 0.98419, 0.177113, 0.000911, 0.0, 0.0, 0.0, 0.0, 1.0],
                [-0.216607, 0.92702, 0.306128, -0.0, 0.068721, -0.298316, 0.95199, 0.4, 0.973837, 0.227246, 0.000911, -0.0, 0.0, 0.0, 0.0, 1.0],
                [-0.234537, 0.922647, 0.306128, 0.0, 0.074491, -0.296928, 0.95199, 0.4, 0.969249, 0.246081, 0.000911, 0.0, 0.0, 0.0, 0.0, 1.0],
                [-0.234537, 0.922647, 0.306128, 0.0, 0.074491, -0.296928, 0.95199, 0.4, 0.969249, 0.246081, 0.000911, 0.0, 0.0, 0.0, 0.0, 1.0]
            ]
        },
        {
            "name": "Arm_R",
            "time": [0.0, 0.1333, 0.3, 0.3333, 0.3667, 0.4, 0.4333, 0.4667, 0.5, 0.6833, 0.9333],
            "transform": [
                [-0.383381, -0.296173, -0.874815, 0.0, -0.03748, 0.951398, -0.305676, 0.393861, 0.92283, -0.084402, -0.375848, 0.0, 0.0, 0.0, 0.0, 1.0],
                [-0.383381, -0.296173, -0.874814, -0.0, -0.03748, 0.951398, -0.305675, 0.393861, 0.92283, -0.084402, -0.375848, -0.0, 0.0, 0.0, 0.0, 1.0],
                [-0.383381, -0.23186, -0.894013, 0.0, -0.03748, 0.971085, -0.235776, 0.393861, 0.92283, -0.056884, -0.380985, -0.0, 0.0, 0.0, 0.0, 1.0],
                [-0.383381, -0.169501, -0.907903, 0.0, -0.03748, 0.985061, -0.168079, 0.39386, 0.92283, -0.03041, -0.384006, 0.0, 0.0, 0.0, 0.0, 1.0],
                [-0.383381, -0.057535, -0.921796, -0.0, -0.03748, 0.998205, -0.046716, 0.39386, 0.922829, 0.016639, -0.384849, 0.0, 0.0, 0.0, 0.0, 1.0],
                [-0.383381, 0.077595, -0.920325, 0.0, -0.037481, 0.994337, 0.099448, 0.393861, 0.922829, 0.072621, -0.378301, -0.0, 0.0, 0.0, 0.0, 1.0],
                [-0.383381, 0.215041, -0.898207, 0.0, -0.03748, 0.968093, 0.247771, 0.39386, 0.922829, 0.128656, -0.363089, -0.0, 0.0, 0.0, 0.0, 1.0],
                [-0.383381, 0.332125, -0.861807, 0.0, -0.037481, 0.926742, 0.373823, 0.39386, 0.922829, 0.175618, -0.342847, 0.0, 0.0, 0.0, 0.0, 1.0],
                [-0.383381, 0.388205, -0.838042, -0.0, -0.037481, 0.900088, 0.434093, 0.39386, 0.922829, 0.197833, -0.330526, -0.0, 0.0, 0.0, 0.0, 1.0],
                [-0.383381, 0.40895, -0.828118, 0.0, -0.037481, 0.889002, 0.456367, 0.393861, 0.92283, 0.206001, -0.325499, -0.0, 0.0, 0.0, 0.0, 1.0],
                [-0.383381, 0.40895, -0.828118, 0.0, -0.037481, 0.889002, 0.456367, 0.393861, 0.92283, 0.206001, -0.325499, -0.0, 0.0, 0.0, 0.0, 1.0]
            ]
        },
        {
            "name": "Hand_R",
            "time": [0.0, 0.1333, 0.3, 0.3333, 0.3667, 0.4, 0.4333, 0.4667, 0.5, 0.6833, 0.9333],
            "transform": [
                [1.0, -0.0, -0.0, 0.0, -0.0, 0.885176, -0.465256, 0.3, 0.0, 0.465256, 0.885176, -0.0, 0.0, 0.0, 0.0, 1.0],
                [1.0, 0.0, -0.0, 0.0, -0.0, 0.885176, -0.465256, 0.3, 0.0, 0.465256, 0.885176, 0.0, 0.0, 0.0, 0.0, 1.0],
                [1.0, -0.0, -0.0, -0.0, -0.0, 0.885176, -0.465256, 0.3, 0.0, 0.465256, 0.885176, 0.0, 0.0, 0.0, 0.0, 1.0],
                [1.0, 0.0, -0.0, -0.0, -0.0, 0.885176, -0.465256, 0.3, 0.0, 0.465256, 0.885176, 0.0, 0.0, 0.0, 0.0, 1.0],
                [1.0, 0.0, -0.0, -0.0, -0.0, 0.885176, -0.465256, 0.3, 0.0, 0.465256, 0.885176, 0.0, 0.0, 0.0, 0.0, 1.0],
                [1.0, 0.0, -0.0, -0.0, -0.0, 0.885176, -0.465256, 0.3, 0.0, 0.465256, 0.885176, 0.0, 0.0, 0.0, 0.0, 1.0],
                [1.0, -0.0, -0.0, -0.0, -0.0, 0.885176, -0.465256, 0.3, 0.0, 0.465256, 0.885176, -0.0, 0.0, 0.0, 0.0, 1.0],
                [1.0, 0.0, -0.0, 0.0, -0.0, 0.885176, -0.465256, 0.3, 0.0, 0.465256, 0.885176, -0.0, 0.0, 0.0, 0.0, 1.0],
                [1.0, -0.0, -0.0, -0.0, -0.0, 0.885176, -0.465256, 0.3, 0.0, 0.465256, 0.885176, -0.0, 0.0, 0.0, 0.0, 1.0],
                [1.0, -0.0, -0.0, -0.0, -0.0, 0.885176, -0.465256, 0.3, 0.0, 0.465256, 0.885176, -0.0, 0.0, 0.0, 0.0, 1.0],
                [1.0, -0.0, -0.0, -0.0, -0.0, 0.885176, -0.465256, 0.3, 0.0, 0.465256, 0.885176, -0.0, 0.0, 0.0, 0.0, 1.0]
            ]
        },
        {
            "name": "Tool_R",
            "time": [0.0, 0.1333, 0.3, 0.3333, 0.3667, 0.4, 0.4333, 0.4667, 0.5, 0.6833, 0.9333],
            "transform": [
                [1.0, 0.0, 0.0, 0.0, 0.0, -0.999836, 0.018122, 0.272858, 0.0, -0.018122, -0.999244, -0.0, 0.0, 0.0, 0.0, 1.0],
                [1.0, 0.0, 0.0, 0.0, -0.0, -0.999836, 0.018122, 0.272858, 0.0, -0.018122, -0.999244, 0.0, 0.0, 0.0, 0.0, 1.0],
                [1.0, -0.0, 0.0, -0.0, -0.0, -0.999836, 0.018122, 0.272858, 0.0, -0.018122, -0.999244, 0.0, 0.0, 0.0, 0.0, 1.0],
                [1.0, 0.0, 0.0, 0.0, -0.0, -0.999836, 0.018122, 0.272858, 0.0, -0.018122, -0.999244, -0.0, 0.0, 0.0, 0.0, 1.0],
                [1.0, 0.0, 0.0, -0.0, -0.0, -0.999836, 0.018122, 0.272858, 0.0, -0.018122, -0.999244, -0.0, 0.0, 0.0, 0.0, 1.0],
                [1.0, 0.0, 0.0, 0.0, 0.0, -0.999836, 0.018122, 0.272858, 0.0, -0.018122, -0.999244, -0.0, 0.0, 0.0, 0.0, 1.0],
                [1.0, 0.0, 0.0, -0.0, 0.0, -0.999836, 0.018122, 0.272858, 0.0, -0.018122, -0.999244, 0.0, 0.0, 0.0, 0.0, 1.0],
                [1.0, 0.0, 0.0, 0.0, 0.0, -0.999836, 0.018122, 0.272858, 0.0, -0.018122, -0.999244, -0.0, 0.0, 0.0, 0.0, 1.0],
                [1.0, 0.0, 0.0, -0.0, 0.0, -0.999836, 0.018122, 0.272858, 0.0, -0.018122, -0.999244, 0.0, 0.0, 0.0, 0.0, 1.0],
                [1.0, 0.0, 0.0, -0.0, 0.0, -0.999836, 0.018122, 0.272858, 0.0, -0.018122, -0.999244, -0.0, 0.0, 0.0, 0.0, 1.0],
                [1.0, 0.0, 0.0, -0.0, 0.0, -0.999836, 0.018122, 0.272858, 0.0, -0.018122, -0.999244, -0.0, 0.0, 0.0, 0.0, 1.0]
            ]
        },
        {
            "name": "Elbow_R",
            "time": [0.0, 0.1333, 0.3, 0.3333, 0.3667, 0.4, 0.4333, 0.4667, 0.5, 0.6833, 0.9333],
            "transform": [
                [-1.0, 0.0, 0.0, 0.0, 0.0, 0.735098, -0.677961, 0.3, -0.0, -0.677961, -0.735098, -0.0, 0.0, 0.0, 0.0, 1.0],
                [-1.0, 0.0, 0.0, 0.0, -0.0, 0.735098, -0.677961, 0.3, -0.0, -0.677961, -0.735098, 0.0, 0.0, 0.0, 0.0, 1.0],
                [-1.0, 0.0, 0.0, -0.0, 0.0, 0.735098, -0.677961, 0.3, -0.0, -0.677961, -0.735098, 0.0, 0.0, 0.0, 0.0, 1.0],
                [-1.0, 0.0, 0.0, -0.0, 0.0, 0.735098, -0.677961, 0.3, -0.0, -0.677961, -0.735098, 0.0, 0.0, 0.0, 0.0, 1.0],
                [-1.0, 0.0, 0.0, -0.0, 0.0, 0.735098, -0.677961, 0.3, -0.0, -0.677961, -0.735098, 0.0, 0.0, 0.0, 0.0, 1.0],
                [-1.0, 0.0, 0.0, -0.0, 0.0, 0.735098, -0.677961, 0.3, -0.0, -0.677961, -0.735098, 0.0, 0.0, 0.0, 0.0, 1.0],
                [-1.0, 0.0, 0.0, -0.0, 0.0, 0.735098, -0.677961, 0.3, -0.0, -0.677961, -0.735098, -0.0, 0.0, 0.0, 0.0, 1.0],
                [-1.0, 0.0, 0.0, 0.0, 0.0, 0.735098, -0.677961, 0.3, -0.0, -0.677961, -0.735098, -0.0, 0.0, 0.0, 0.0, 1.0],
                [-1.0, 0.0, 0.0, -0.0, 0.0, 0.735098, -0.677961, 0.3, -0.0, -0.677961, -0.735098, -0.0, 0.0, 0.0, 0.0, 1.0],
                [-1.0, 0.0, 0.0, -0.0, 0.0, 0.735098, -0.677961, 0.3, -0.0, -0.677961, -0.735098, -0.0, 0.0, 0.0, 0.0, 1.0],
                [-1.0, 0.0, 0.0, -0.0, 0.0, 0.735098, -0.677961, 0.3, -0.0, -0.677961, -0.735098, -0.0, 0.0, 0.0, 0.0, 1.0]
            ]
        },
        {
            "name": "Shoulder_L",
            "time": [0.0, 0.1333, 0.3, 0.3333, 0.3667, 0.4, 0.4333, 0.4667, 0.5, 0.6833, 0.9333],
            "transform": [
                [0.06205, -0.950215, -0.305355, 0.0, 0.018944, -0.304768, 0.952238, 0.4, -0.997893, -0.064871, -0.00091, 0.0, 0.0, 0.0, 0.0, 1.0],
                [0.06205, -0.950215, -0.305355, 0.0, 0.018944, -0.304768, 0.952238, 0.4, -0.997893, -0.064871, -0.00091, 0.0, 0.0, 0.0, 0.0, 1.0],
                [0.06205, -0.950215, -0.305355, 0.0, 0.018944, -0.304768, 0.952238, 0.4, -0.997893, -0.064871, -0.00091, -0.0, 0.0, 0.0, 0.0, 1.0],
                [0.06205, -0.950215, -0.305355, 0.0, 0.018944, -0.304768, 0.952238, 0.4, -0.997893, -0.064871, -0.00091, 0.0, 0.0, 0.0, 0.0, 1.0],
                [0.06205, -0.950215, -0.305355, -0.0, 0.018944, -0.304768, 0.952238, 0.4, -0.997893, -0.064871, -0.00091, -0.0, 0.0, 0.0, 0.0, 1.0],
                [0.06205, -0.950215, -0.305355, -0.0, 0.018944, -0.304768, 0.952238, 0.4, -0.997893, -0.064871, -0.00091, 0.0, 0.0, 0.0, 0.0, 1.0],
                [0.06205, -0.950215, -0.305355, -0.0, 0.018944, -0.304768, 0.952238, 0.4, -0.997893, -0.064871, -0.00091, 0.0, 0.0, 0.0, 0.0, 1.0],
                [0.06205, -0.950215, -0.305355, 0.0, 0.018944, -0.304768, 0.952238, 0.4, -0.997893, -0.064871, -0.00091, 0.0, 0.0, 0.0, 0.0, 1.0],
                [0.06205, -0.950215, -0.305355, -0.0, 0.018944, -0.304768, 0.952238, 0.4, -0.997893, -0.064871, -0.00091, -0.0, 0.0, 0.0, 0.0, 1.0],
                [0.06205, -0.950215, -0.305355, 0.0, 0.018944, -0.304768, 0.952238, 0.4, -0.997893, -0.064871, -0.00091, 0.0, 0.0, 0.0, 0.0, 1.0],
                [0.06205, -0.950215, -0.305355, 0.0, 0.018944, -0.304768, 0.952238, 0.4, -0.997893, -0.064871, -0.00091, 0.0, 0.0, 0.0, 0.0, 1.0]
            ]
        },
        {
            "name": "Arm_L",
            "time": [0.0, 0.1333, 0.3, 0.3333, 0.3667, 0.4, 0.4333, 0.4667, 0.5, 0.6833, 0.9333],
            "transform": [
                [0.032567, -0.217669, 0.975479, 0.0, -0.292289, 0.931254, 0.217559, 0.39386, -0.955775, -0.292207, -0.033294, 0.0, 0.0, 0.0, 0.0, 1.0],
                [0.032567, -0.217669, 0.975479, 0.0, -0.292289, 0.931254, 0.217559, 0.39386, -0.955775, -0.292208, -0.033294, -0.0, 0.0, 0.0, 0.0, 1.0],
                [0.032567, -0.217669, 0.975479, -0.0, -0.292289, 0.931254, 0.217559, 0.39386, -0.955775, -0.292207, -0.033294, -0.0, 0.0, 0.0, 0.0, 1.0],
                [0.032567, -0.217669, 0.975479, -0.0, -0.292289, 0.931254, 0.217559, 0.39386, -0.955775, -0.292208, -0.033294, -0.0, 0.0, 0.0, 0.0, 1.0],
                [0.032567, -0.217669, 0.975479, -0.0, -0.292289, 0.931254, 0.217559, 0.39386, -0.955775, -0.292207, -0.033294, -0.0, 0.0, 0.0, 0.0, 1.0],
                [0.032567, -0.217669, 0.975479, -0.0, -0.292289, 0.931254, 0.217559, 0.39386, -0.955775, -0.292208, -0.033294, 0.0, 0.0, 0.0, 0.0, 1.0],
                [0.032567, -0.217669, 0.975479, 0.0, -0.292289, 0.931254, 0.217559, 0.39386, -0.955775, -0.292207, -0.033294, 0.0, 0.0, 0.0, 0.0, 1.0],
                [0.032567, -0.217669, 0.975479, -0.0, -0.292289, 0.931254, 0.217559, 0.39386, -0.955775, -0.292207, -0.033294, 0.0, 0.0, 0.0, 0.0, 1.0],
                [0.032567, -0.217669, 0.975479, 0.0, -0.292289, 0.931254, 0.217559, 0.39386, -0.955775, -0.292208, -0.033294, -0.0, 0.0, 0.0, 0.0, 1.0],
                [0.032567, -0.217669, 0.975479, 0.0, -0.292289, 0.931254, 0.217559, 0.39386, -0.955775, -0.292208, -0.033294, 0.0, 0.0, 0.0, 0.0, 1.0],
                [0.032567, -0.217669, 0.975479, 0.0, -0.292289, 0.931254, 0.217559, 0.39386, -0.955775, -0.292208, -0.033294, 0.0, 0.0, 0.0, 0.0, 1.0]
            ]
        },
        {
            "name": "Hand_L",
            "time": [0.0, 0.1333, 0.3, 0.3333, 0.3667, 0.4, 0.4333, 0.4667, 0.5, 0.6833, 0.9333],
            "transform": [
                [1.0, 0.0, 0.0, 0.0, -0.0, 0.876197, -0.481953, 0.3, -0.0, 0.481953, 0.876197, 0.0, 0.0, 0.0, 0.0, 1.0],
                [1.0, 0.0, 0.0, 0.0, -0.0, 0.876197, -0.481953, 0.3, -0.0, 0.481953, 0.876197, 0.0, 0.0, 0.0, 0.0, 1.0],
                [1.0, 0.0, 0.0, -0.0, -0.0, 0.876197, -0.481953, 0.3, -0.0, 0.481953, 0.876197, 0.0, 0.0, 0.0, 0.0, 1.0],
                [1.0, 0.0, 0.0, 0.0, -0.0, 0.876197, -0.481953, 0.3, -0.0, 0.481953, 0.876197, 0.0, 0.0, 0.0, 0.0, 1.0],
                [1.0, 0.0, 0.0, -0.0, -0.0, 0.876197, -0.481953, 0.3, -0.0, 0.481953, 0.876197, 0.0, 0.0, 0.0, 0.0, 1.0],
                [1.0, 0.0, 0.0, -0.0, 0.0, 0.876197, -0.481953, 0.3, -0.0, 0.481953, 0.876197, 0.0, 0.0, 0.0, 0.0, 1.0],
                [1.0, 0.0, 0.0, 0.0, -0.0, 0.876197, -0.481953, 0.3, -0.0, 0.481953, 0.876197, 0.0, 0.0, 0.0, 0.0, 1.0],
                [1.0, 0.0, 0.0, 0.0, -0.0, 0.876197, -0.481953, 0.3, -0.0, 0.481953, 0.876197, -0.0, 0.0, 0.0, 0.0, 1.0],
                [1.0, 0.0, 0.0, -0.0, 0.0, 0.876197, -0.481953, 0.3, -0.0, 0.481953, 0.876197, -0.0, 0.0, 0.0, 0.0, 1.0],
                [1.0, 0.0, 0.0, -0.0, -0.0, 0.876197, -0.481953, 0.3, -0.0, 0.481953, 0.876197, 0.0, 0.0, 0.0, 0.0, 1.0],
                [1.0, 0.0, 0.0, -0.0, -0.0, 0.876197, -0.481953, 0.3, -0.0, 0.481953, 0.876197, 0.0, 0.0, 0.0, 0.0, 1.0]
            ]
        },
        {
            "name": "Tool_L",
            "time": [0.0, 0.1333, 0.3, 0.3333, 0.3667, 0.4, 0.4333, 0.4667, 0.5, 0.6833, 0.9333],
            "transform": [
                [1.0, 0.0, 0.0, -0.0, 0.0, -0.999836, 0.018122, 0.272858, 0.0, -0.018122, -0.999247, -0.0, 0.0, 0.0, 0.0, 1.0],
                [1.0, 0.0, 0.0, 0.0, 0.0, -0.999836, 0.018122, 0.272858, 0.0, -0.018122, -0.999247, -0.0, 0.0, 0.0, 0.0, 1.0],
                [1.0, 0.0, 0.0, -0.0, -0.0, -0.999836, 0.018122, 0.272858, 0.0, -0.018122, -0.999247, 0.0, 0.0, 0.0, 0.0, 1.0],
                [1.0, 0.0, 0.0, 0.0, 0.0, -0.999836, 0.018122, 0.272858, 0.0, -0.018122, -0.999247, 0.0, 0.0, 0.0, 0.0, 1.0],
                [1.0, 0.0, 0.0, 0.0, 0.0, -0.999836, 0.018122, 0.272858, 0.0, -0.018122, -0.999247, 0.0, 0.0, 0.0, 0.0, 1.0],
                [1.0, 0.0, 0.0, -0.0, 0.0, -0.999836, 0.018122, 0.272858, 0.0, -0.018122, -0.999247, 0.0, 0.0, 0.0, 0.0, 1.0],
                [1.0, 0.0, 0.0, -0.0, 0.0, -0.999836, 0.018122, 0.272858, 0.0, -0.018122, -0.999247, 0.0, 0.0, 0.0, 0.0, 1.0],
                [1.0, -0.0, 0.0, -0.0, 0.0, -0.999836, 0.018122, 0.272858, 0.0, -0.018122, -0.999247, 0.0, 0.0, 0.0, 0.0, 1.0],
                [1.0, 0.0, 0.0, -0.0, 0.0, -0.999836, 0.018122, 0.272858, 0.0, -0.018122, -0.999248, 0.0, 0.0, 0.0, 0.0, 1.0],
                [1.0, 0.0, 0.0, -0.0, -0.0, -0.999836, 0.018122, 0.272858, 0.0, -0.018122, -0.999247, -0.0, 0.0, 0.0, 0.0, 1.0],
                [1.0, 0.0, 0.0, -0.0, -0.0, -0.999836, 0.018122, 0.272858, 0.0, -0.018122, -0.999247, -0.0, 0.0, 0.0, 0.0, 1.0]
            ]
        },
        {
            "name": "Elbow_L",
            "time": [0.0, 0.1333, 0.3, 0.3333, 0.3667, 0.4, 0.4333, 0.4667, 0.5, 0.6833, 0.9333],
            "transform": [
                [-1.0, 0.0, -0.0, 0.0, 0.0, -0.0, -1.0, 0.3, -0.0, -1.0, -0.0, 0.0, 0.0, 0.0, 0.0, 1.0],
                [-1.0, 0.0, -0.0, 0.0, 0.0, 0.0, -1.0, 0.3, -0.0, -1.0, -0.0, 0.0, 0.0, 0.0, 0.0, 1.0],
                [-1.0, 0.0, -0.0, -0.0, 0.0, -0.0, -1.0, 0.3, -0.0, -1.0, -0.0, 0.0, 0.0, 0.0, 0.0, 1.0],
                [-1.0, 0.0, -0.0, 0.0, 0.0, -0.0, -1.0, 0.3, -0.0, -1.0, -0.0, 0.0, 0.0, 0.0, 0.0, 1.0],
                [-1.0, 0.0, -0.0, -0.0, 0.0, -0.0, -1.0, 0.3, -0.0, -1.0, 0.0, 0.0, 0.0, 0.0, 0.0, 1.0],
                [-1.0, 0.0, 0.0, -0.0, 0.0, -0.0, -1.0, 0.3, -0.0, -1.0, -0.0, 0.0, 0.0, 0.0, 0.0, 1.0],
                [-1.0, 0.0, -0.0, 0.0, 0.0, -0.0, -1.0, 0.3, -0.0, -1.0, -0.0, 0.0, 0.0, 0.0, 0.0, 1.0],
                [-1.0, 0.0, -0.0, 0.0, 0.0, -0.0, -1.0, 0.3, -0.0, -1.0, -0.0, -0.0, 0.0, 0.0, 0.0, 1.0],
                [-1.0, 0.0, -0.0, -0.0, 0.0, -0.0, -1.0, 0.3, -0.0, -1.0, -0.0, -0.0, 0.0, 0.0, 0.0, 1.0],
                [-1.0, 0.0, -0.0, -0.0, 0.0, -0.0, -1.0, 0.3, -0.0, -1.0, -0.0, 0.0, 0.0, 0.0, 0.0, 1.0],
                [-1.0, 0.0, -0.0, -0.0, 0.0, -0.0, -1.0, 0.3, -0.0, -1.0, -0.0, 0.0, 0.0, 0.0, 0.0, 1.0]
            ]
        }
    ]
}