{
    
    "animation": [
        {
            "name": "Root",
            "time": [0.0, 0.0833, 0.35, 0.5833, 0.7667, 0.9167, 1.1333],
            "transform": [
                [0.914109, 0.0, 0.40547, -5e-06, 0.40547, 0.0, -0.914109, 0.000946, 0.0, 1.0, 0.0, 0.665554, 0.0, 0.0, 0.0, 1.0],
                [0.914109, 0.0, 0.40547, -5e-06, 0.40547, 0.0, -0.914109, 0.000946, 0.0, 1.0, 0.0, 0.665554, 0.0, 0.0, 0.0, 1.0],
                [0.995905, 0.0, 0.090407, -5e-06, 0.090407, 0.0, -0.995905, 0.115483, 0.0, 1.0, 0.0, 0.748064, 0.0, 0.0, 0.0, 1.0],
                [0.995905, 0.0, 0.090407, -5e-06, 0.090407, 0.0, -0.995905, 0.115483, 0.0, 1.0, 0.0, 0.748064, 0.0, 0.0, 0.0, 1.0],
                [0.995905, 0.0, 0.090407, -5e-06, 0.090407, 0.0, -0.995905, 0.157744, 0.0, 1.0, 0.0, 0.630576, 0.0, 0.0, 0.0, 1.0],
                [0.995905, 0.0, 0.090407, -5e-06, 0.090407, 0.0, -0.995905, 0.274518, 0.0, 1.0, 0.0, 0.670457, 0.0, 0.0, 0.0, 1.0],
                [0.995905, 0.0, 0.090407, -5e-06, 0.090407, 0.0, -0.995905, 0.274518, 0.0, 1.0, 0.0, 0.670457, 0.0, 0.0, 0.0, 1.0]
            ]
        },
        {
            "name": "Thigh_R",
            "time": [0.0, 0.0833, 0.35, 0.5833, 0.7667, 0.9167, 1.1333],
            "transform": [
                [0.923348, 0.290976, 0.250519, 0.124994, 0.090207, -0.798588, 0.595078, -0.002831, 0.373216, -0.526864, -0.763625, -1.2e-05, 0.0, 0.0, 0.0, 1.0],
                [0.923348, 0.290976, 0.250519, 0.124994, 0.090207, -0.798588, 0.595078, -0.002831, 0.373216, -0.526864, -0.763625, -1.2e-05, 0.0, 0.0, 0.0, 1.0],
                [0.996811, 0.073287, 0.031566, 0.124994, 0.053999, -0.91077, 0.409364, -0.002831, 0.05875, -0.406353, -0.911825, -1.2e-05, 0.0, 0.0, 0.0, 1.0],
                [0.996811, 0.073287, 0.031566, 0.124994, 0.053999, -0.91077, 0.409364, -0.002831, 0.05875, -0.406353, -0.911825, -1.2e-05, 0.0, 0.0, 0.0, 1.0],
                [0.995489, 0.094845, 0.002278, 0.124994, 0.060219, -0.650242, 0.757336, -0.002831, 0.07331, -0.753781, -0.653022, -1.2e-05, 0.0, 0.0, 0.0, 1.0],
                [0.996811, 0.077825, 0.017627, 0.124994, 0.053999, -0.820519, 0.569061, -0.002831, 0.05875, -0.566293, -0.822107, -1.2e-05, 0.0, 0.0, 0.0, 1.0],
                [0.996811, 0.077825, 0.017627, 0.124994, 0.053999, -0.820519, 0.569061, -0.002831, 0.05875, -0.566293, -0.822107, -1.2e-05, 0.0, 0.0, 0.0, 1.0]
            ]
        },
        {
            "name": "Leg_R",
            "time": [0.0, 0.0833, 0.35, 0.5833, 0.7667, 0.9167, 1.1333],
            "transform": [
                [1.0, -0.0, 1e-06, 0.0, -0.0, 0.859142, 0.511738, 0.37472, -1e-06, -0.511739, 0.85914, -0.0, 0.0, 0.0, 0.0, 1.0],
                [1.0, -0.0, 1e-06, 0.0, -0.0, 0.859142, 0.511738, 0.37472, -1e-06, -0.511739, 0.85914, -0.0, 0.0, 0.0, 0.0, 1.0],
                [1.0, 0.0, 1e-06, -0.0, -0.0, 0.958305, 0.285751, 0.37472, -1e-06, -0.285751, 0.958303, 0.0, 0.0, 0.0, 0.0, 1.0],
                [1.0, 0.0, 1e-06, -0.0, -0.0, 0.958305, 0.285751, 0.37472, -1e-06, -0.285751, 0.958303, 0.0, 0.0, 0.0, 0.0, 1.0],
                [1.0, -0.0, 1e-06, 0.0, -0.0, 0.641542, 0.767088, 0.37472, -1e-06, -0.767089, 0.641541, -0.0, 0.0, 0.0, 0.0, 1.0],
                [1.0, -0.0, 1e-06, -0.0, -0.0, 0.641542, 0.767088, 0.37472, -1e-06, -0.767089, 0.641541, 0.0, 0.0, 0.0, 0.0, 1.0],
                [1.0, -0.0, 1e-06, -0.0, -0.0, 0.641542, 0.767088, 0.37472, -1e-06, -0.767089, 0.641541, 0.0, 0.0, 0.0, 0.0, 1.0]
            ]
        },
        {
            "name": "Knee_R",
            "time": [0.0, 0.0833, 0.5833, 0.9167, 1.1333],
            "transform": [
                [1.0, 0.0, -0.0, -0.0, -0.0, 1e-06, -1.0, 0.383077, -0.0, 1.0, 1e-06, -0.001653, 0.0, 0.0, 0.0, 1.0],
                [1.0, 0.0, -0.0, -0.0, -0.0, 1e-06, -1.0, 0.383077, -0.0, 1.0, 1e-06, -0.001653, 0.0, 0.0, 0.0, 1.0],
                [1.0, 0.0, -0.0, -0.0, -0.0, 1e-06, -1.0, 0.383077, -0.0, 1.0, 1e-06, -0.001653, 0.0, 0.0, 0.0, 1.0],
                [1.0, 0.0, -0.0, 0.0, -0.0, 1e-06, -1.0, 0.383077, -0.0, 1.0, 1e-06, -0.001653, 0.0, 0.0, 0.0, 1.0],
                [1.0, 0.0, -0.0, 0.0, -0.0, 1e-06, -1.0, 0.383077, -0.0, 1.0, 1e-06, -0.001653, 0.0, 0.0, 0.0, 1.0]
            ]
        },
        {
            "name": "Thigh_L",
            "time": [0.0, 0.0833, 0.35, 0.5833, 0.7667, 0.9167, 1.1333],
            "transform": [
                [0.91121, -0.311942, -0.269048, -0.125006, -0.376826, -0.89506, -0.238475, -0.002831, -0.166423, 0.318686, -0.933136, -1.2e-05, 0.0, 0.0, 0.0, 1.0],
                [0.91121, -0.311942, -0.269048, -0.125006, -0.376826, -0.89506, -0.238475, -0.002831, -0.166423, 0.318686, -0.933136, -1.2e-05, 0.0, 0.0, 0.0, 1.0],
                [0.990035, -0.048337, 0.132259, -0.125006, -0.028507, -0.98859, -0.14791, -0.002831, 0.1379, 0.142667, -0.980117, -1.2e-05, 0.0, 0.0, 0.0, 1.0],
                [0.990035, -0.048337, 0.132259, -0.125006, -0.028507, -0.98859, -0.14791, -0.002831, 0.1379, 0.142667, -0.980117, -1.2e-05, 0.0, 0.0, 0.0, 1.0],
                [0.989673, -0.01048, 0.142958, -0.125006, -0.020321, -0.997509, 0.06755, -0.002831, 0.141894, -0.069757, -0.987421, -1.2e-05, 0.0, 0.0, 0.0, 1.0],
                [0.990035, -0.085163, 0.112144, -0.125006, -0.028507, -0.901112, -0.432647, -0.002831, 0.1379, 0.42514, -0.894561, -1.2e-05, 0.0, 0.0, 0.0, 1.0],
                [0.990035, -0.085163, 0.112144, -0.125006, -0.028507, -0.901112, -0.432647, -0.002831, 0.1379, 0.42514, -0.894561, -1.2e-05, 0.0, 0.0, 0.0, 1.0]
            ]
        },
        {
            "name": "Leg_L",
            "time": [0.0, 0.0833, 0.35, 0.5833, 0.7667, 0.9167, 1.1333],
            "transform": [
                [1.0, -0.0, 1e-06, 0.0, -0.0, 0.968826, 0.247741, 0.37472, -1e-06, -0.247741, 0.968827, 0.0, 0.0, 0.0, 0.0, 1.0],
                [1.0, -0.0, 1e-06, 0.0, -0.0, 0.968826, 0.247741, 0.37472, -1e-06, -0.247741, 0.968827, 0.0, 0.0, 0.0, 0.0, 1.0],
                [1.0, 0.0, 1e-06, -0.0, -0.0, 0.993802, 0.111165, 0.37472, -1e-06, -0.111165, 0.993802, -0.0, 0.0, 0.0, 0.0, 1.0],
                [1.0, 0.0, 1e-06, -0.0, -0.0, 0.993802, 0.111165, 0.37472, -1e-06, -0.111165, 0.993802, -0.0, 0.0, 0.0, 0.0, 1.0],
                [1.0, -1e-06, 1e-06, -0.0, -0.0, 0.579317, 0.815103, 0.37472, -1e-06, -0.815102, 0.579317, 0.0, 0.0, 0.0, 0.0, 1.0],
                [1.0, 0.0, 1e-06, -0.0, -0.0, 0.993802, 0.111165, 0.37472, -1e-06, -0.111165, 0.993802, 0.0, 0.0, 0.0, 0.0, 1.0],
                [1.0, 0.0, 1e-06, -0.0, -0.0, 0.993802, 0.111165, 0.37472, -1e-06, -0.111165, 0.993802, 0.0, 0.0, 0.0, 0.0, 1.0]
            ]
        },
        {
            "name": "Knee_L",
            "time": [0.0, 0.0833, 0.5833, 0.9167, 1.1333],
            "transform": [
                [1.0, 0.0, -0.0, 0.0, -0.0, 1e-06, -1.0, 0.37472, -0.0, 1.0, 1e-06, 0.0, 0.0, 0.0, 0.0, 1.0],
                [1.0, 0.0, -0.0, 0.0, -0.0, 1e-06, -1.0, 0.37472, -0.0, 1.0, 1e-06, 0.0, 0.0, 0.0, 0.0, 1.0],
                [1.0, 0.0, -0.0, -0.0, -0.0, 1e-06, -1.0, 0.37472, -0.0, 1.0, 1e-06, -0.0, 0.0, 0.0, 0.0, 1.0],
                [1.0, 0.0, -0.0, -0.0, -0.0, 1e-06, -1.0, 0.37472, -0.0, 1.0, 1e-06, 0.0, 0.0, 0.0, 0.0, 1.0],
                [1.0, 0.0, -0.0, -0.0, -0.0, 1e-06, -1.0, 0.37472, -0.0, 1.0, 1e-06, 0.0, 0.0, 0.0, 0.0, 1.0]
            ]
        },
        {
            "name": "Torso",
            "time": [0.0, 0.0833, 0.5833, 0.9167, 1.1333],
            "transform": [
                [0.996512, 0.0, 0.083446, -0.0, 0.0, 1.0, 0.0, 0.05, -0.083446, 0.0, 0.996512, -0.0, 0.0, 0.0, 0.0, 1.0],
                [0.996512, 0.0, 0.083446, -0.0, 0.0, 1.0, 0.0, 0.05, -0.083446, 0.0, 0.996512, -0.0, 0.0, 0.0, 0.0, 1.0],
                [0.996512, 0.0, 0.083446, 0.0, 0.0, 1.0, 0.0, 0.05, -0.083446, 0.0, 0.996512, 0.0, 0.0, 0.0, 0.0, 1.0],
                [0.996512, 0.0, 0.083446, 0.0, 0.0, 1.0, 0.0, 0.05, -0.083446, 0.0, 0.996512, 0.0, 0.0, 0.0, 0.0, 1.0],
                [0.996512, 0.0, 0.083446, 0.0, 0.0, 1.0, 0.0, 0.05, -0.083446, 0.0, 0.996512, 0.0, 0.0, 0.0, 0.0, 1.0]
            ]
        },
        {
            "name": "Chest",
            "time": [0.0, 0.0833, 0.35, 0.5833, 0.7667, 0.9167, 1.1333],
            "transform": [
                [0.986175, -0.025153, -0.163787, 0.0, 0.047378, 0.989951, 0.133237, 0.3, 0.15879, -0.139155, 0.977457, 0.0, 0.0, 0.0, 0.0, 1.0],
                [0.986175, -0.025153, -0.163787, 0.0, 0.047378, 0.989951, 0.133237, 0.3, 0.15879, -0.139155, 0.977457, 0.0, 0.0, 0.0, 0.0, 1.0],
                [0.983043, -0.072395, -0.168479, 0.0, 0.049786, 0.989628, -0.134752, 0.3, 0.176486, 0.124079, 0.976451, -0.0, 0.0, 0.0, 0.0, 1.0],
                [0.983043, -0.072395, -0.168479, 0.0, 0.049786, 0.989628, -0.134752, 0.3, 0.176486, 0.124079, 0.976451, -0.0, 0.0, 0.0, 0.0, 1.0],
                [0.983043, 0.016164, -0.18266, 0.0, 0.049786, 0.935167, 0.35069, 0.3, 0.176486, -0.353838, 0.918505, 0.0, 0.0, 0.0, 0.0, 1.0],
                [0.982499, 0.00579, -0.18618, -0.0, 0.049461, 0.955527, 0.290726, 0.3, 0.179583, -0.294846, 0.938518, 0.0, 0.0, 0.0, 0.0, 1.0],
                [0.982499, 0.00579, -0.18618, -0.0, 0.049461, 0.955527, 0.290726, 0.3, 0.179583, -0.294846, 0.938518, 0.0, 0.0, 0.0, 0.0, 1.0]
            ]
        },
        {
            "name": "Head",
            "time": [0.0, 0.0833, 0.35, 0.5833, 0.7667, 0.9167, 1.1333],
            "transform": [
                [0.97676, -0.002971, -0.214317, -0.0, -0.028462, 0.989251, -0.143432, 0.4, 0.21244, 0.146198, 0.966176, 0.0, 0.0, 0.0, 0.0, 1.0],
                [0.97676, -0.002971, -0.214317, -0.0, -0.028462, 0.989251, -0.143432, 0.4, 0.21244, 0.146198, 0.966176, 0.0, 0.0, 0.0, 0.0, 1.0],
                [0.995861, -0.002971, 0.09084, -0.0, 0.016208, 0.989251, -0.145327, 0.4, -0.089431, 0.146198, 0.985205, 0.0, 0.0, 0.0, 0.0, 1.0],
                [0.995861, -0.002971, 0.09084, -0.0, 0.016208, 0.989251, -0.145327, 0.4, -0.089431, 0.146198, 0.985205, 0.0, 0.0, 0.0, 0.0, 1.0],
                [0.995861, 0.01763, 0.089162, 0.0, 0.016208, 0.930833, -0.365084, 0.4, -0.089431, 0.365018, 0.926695, 0.0, 0.0, 0.0, 0.0, 1.0],
                [0.995861, 0.01763, 0.089162, 0.0, 0.016208, 0.930833, -0.365084, 0.4, -0.089431, 0.365018, 0.926695, 0.0, 0.0, 0.0, 0.0, 1.0],
                [0.995861, 0.01763, 0.089162, 0.0, 0.016208, 0.930833, -0.365084, 0.4, -0.089431, 0.365018, 0.926695, 0.0, 0.0, 0.0, 0.0, 1.0]
            ]
        },
        {
            "name": "Shoulder_R",
            "time": [0.0, 0.0833, 0.5833, 0.7667, 0.9167, 1.1333],
            "transform": [
                [-0.004613, 0.951979, 0.306128, -0.0, 0.000526, -0.306129, 0.95199, 0.4, 0.999989, 0.004553, 0.000911, 0.0, 0.0, 0.0, 0.0, 1.0],
                [-0.004613, 0.951979, 0.306128, -0.0, 0.000526, -0.306129, 0.95199, 0.4, 0.999989, 0.004553, 0.000911, 0.0, 0.0, 0.0, 0.0, 1.0],
                [-0.004613, 0.951979, 0.306128, -0.0, 0.000526, -0.306129, 0.95199, 0.4, 0.999989, 0.004553, 0.000911, 0.0, 0.0, 0.0, 0.0, 1.0],
                [0.321123, 0.896195, 0.306128, 0.0, -0.104164, -0.287863, 0.95199, 0.4, 0.941291, -0.337594, 0.000912, 0.0, 0.0, 0.0, 0.0, 1.0],
                [0.321123, 0.896195, 0.306128, 0.0, -0.104164, -0.287863, 0.95199, 0.4, 0.941291, -0.337594, 0.000912, 0.0, 0.0, 0.0, 0.0, 1.0],
                [0.321123, 0.896195, 0.306128, 0.0, -0.104164, -0.287863, 0.95199, 0.4, 0.941291, -0.337594, 0.000912, 0.0, 0.0, 0.0, 0.0, 1.0]
            ]
        },
        {
            "name": "Arm_R",
            "time": [0.0, 0.0833, 0.35, 0.5833, 0.7667, 0.9167, 1.1333],
            "transform": [
                [0.088146, -0.676232, -0.731397, 0.0, 0.853618, 0.429711, -0.294424, 0.393861, 0.513388, -0.598381, 0.615121, -0.0, 0.0, 0.0, 0.0, 1.0],
                [0.088146, -0.676232, -0.731397, 0.0, 0.853618, 0.429711, -0.294424, 0.393861, 0.513388, -0.598381, 0.615121, -0.0, 0.0, 0.0, 0.0, 1.0],
                [0.029679, -0.929055, 0.368749, 0.0, 0.999549, 0.029263, -0.00672, 0.393861, -0.004547, 0.368782, 0.929505, 0.0, 0.0, 0.0, 0.0, 1.0],
                [0.029679, -0.8508, 0.524651, 0.0, 0.999549, 0.027649, -0.011705, 0.393861, -0.004547, 0.524762, 0.851237, 0.0, 0.0, 0.0, 0.0, 1.0],
                [0.273652, -0.948209, 0.161288, 0.0, 0.906946, 0.198549, -0.371521, 0.39386, 0.320256, 0.247947, 0.914307, -0.0, 0.0, 0.0, 0.0, 1.0],
                [0.266391, -0.963363, 0.031117, 0.0, 0.910595, 0.240953, -0.335795, 0.393861, 0.315995, 0.117787, 0.941421, -0.0, 0.0, 0.0, 0.0, 1.0],
                [0.266391, -0.963363, 0.031117, 0.0, 0.910595, 0.240953, -0.335795, 0.393861, 0.315995, 0.117787, 0.941421, -0.0, 0.0, 0.0, 0.0, 1.0]
            ]
        },
        {
            "name": "Hand_R",
            "time": [0.0, 0.0833, 0.35, 0.5833, 0.7667, 0.9167, 1.1333],
            "transform": [
                [1.0, 0.0, 0.0, 0.0, 0.0, 0.698098, -0.716002, 0.3, -0.0, 0.716002, 0.698098, 0.0, 0.0, 0.0, 0.0, 1.0],
                [1.0, 0.0, 0.0, 0.0, 0.0, 0.698098, -0.716002, 0.3, -0.0, 0.716002, 0.698098, 0.0, 0.0, 0.0, 0.0, 1.0],
                [1.0, 0.0, 0.0, 0.0, 0.0, -0.510559, -0.859843, 0.3, -0.0, 0.859843, -0.510559, 0.0, 0.0, 0.0, 0.0, 1.0],
                [1.0, 0.0, 0.0, -0.0, 0.0, -0.233802, -0.972284, 0.3, -0.0, 0.972284, -0.233802, 0.0, 0.0, 0.0, 0.0, 1.0],
                [1.0, 0.0, 0.0, 0.0, 0.0, 0.995354, -0.096281, 0.3, -0.0, 0.096281, 0.995354, 0.0, 0.0, 0.0, 0.0, 1.0],
                [1.0, 0.0, 0.0, 0.0, 0.0, 0.995354, -0.096281, 0.3, -0.0, 0.096281, 0.995354, 0.0, 0.0, 0.0, 0.0, 1.0],
                [1.0, 0.0, 0.0, 0.0, 0.0, 0.995354, -0.096281, 0.3, -0.0, 0.096281, 0.995354, 0.0, 0.0, 0.0, 0.0, 1.0]
            ]
        },
        {
            "name": "Tool_R",
            "time": [0.0, 0.0833, 0.1667, 0.35, 0.5667, 0.5833, 0.7667, 0.7833, 0.9167, 1.1333],
            "transform": [
                [1.0, -0.0, 0.0, 0.0, -0.0, -0.999836, 0.018122, 0.272858, 0.0, -0.018122, -0.999244, -0.0, 0.0, 0.0, 0.0, 1.0],
                [1.0, -0.0, 0.0, 0.0, -0.0, -0.999836, 0.018122, 0.272858, 0.0, -0.018122, -0.999244, -0.0, 0.0, 0.0, 0.0, 1.0],
                [1.0, 0.0, -0.0, -0.0, 0.0, -0.119725, 0.992807, 0.272858, 0.0, -0.992221, -0.119643, 0.0, 0.0, 0.0, 0.0, 1.0],
                [1.0, -0.0, -0.0, 0.0, 0.0, 0.987528, 0.157446, 0.272858, 0.0, -0.157342, 0.986945, -0.0, 0.0, 0.0, 0.0, 1.0],
                [1.0, 0.0, -0.0, 0.0, 0.0, -0.999971, 0.00766, 0.272858, -0.0, -0.007666, -0.999379, 0.0, 0.0, 0.0, 0.0, 1.0],
                [1.0, 0.0, -0.0, -0.0, 0.0, -0.999971, 0.00766, 0.272858, -0.0, -0.007666, -0.999379, -0.0, 0.0, 0.0, 0.0, 1.0],
                [0.999975, 0.005137, -0.004859, -0.0, 0.004635, -0.995153, -0.098229, 0.272858, -0.005337, 0.098135, -0.994564, -0.0, 0.0, 0.0, 0.0, 1.0],
                [1.0, 0.0, 0.0, 0.0, 0.0, -0.999836, 0.018122, 0.272858, 0.0, -0.018122, -0.999244, 0.0, 0.0, 0.0, 0.0, 1.0],
                [1.0, 0.0, 0.0, 0.0, 0.0, -0.999836, 0.018122, 0.272858, 0.0, -0.018122, -0.999244, -0.0, 0.0, 0.0, 0.0, 1.0],
                [1.0, 0.0, 0.0, 0.0, 0.0, -0.999836, 0.018122, 0.272858, 0.0, -0.018122, -0.999244, -0.0, 0.0, 0.0, 0.0, 1.0]
            ]
        },
        {
            "name": "Elbow_R",
            "time": [0.0, 0.0833, 0.35, 0.5833, 0.7667, 0.9167, 1.1333],
            "transform": [
                [-1.0, 0.0, 0.0, 0.0, 0.0, 0.428499, -0.903542, 0.3, -0.0, -0.903542, -0.428499, 0.0, 0.0, 0.0, 0.0, 1.0],
                [-1.0, 0.0, 0.0, 0.0, 0.0, 0.428499, -0.903542, 0.3, -0.0, -0.903542, -0.428499, 0.0, 0.0, 0.0, 0.0, 1.0],
                [-1.0, -0.0, 0.0, 0.0, -0.0, 0.972766, -0.23179, 0.3, -0.0, -0.23179, -0.972766, 0.0, 0.0, 0.0, 0.0, 1.0],
                [-1.0, -0.0, 0.0, -0.0, -0.0, 0.972766, -0.23179, 0.3, -0.0, -0.23179, -0.972766, 0.0, 0.0, 0.0, 0.0, 1.0],
                [-1.0, 0.0, 0.0, 0.0, 0.0, 0.28461, -0.958643, 0.3, -0.0, -0.958643, -0.28461, 0.0, 0.0, 0.0, 0.0, 1.0],
                [-1.0, 0.0, 0.0, 0.0, 0.0, 0.28461, -0.958643, 0.3, -0.0, -0.958643, -0.28461, 0.0, 0.0, 0.0, 0.0, 1.0],
                [-1.0, 0.0, 0.0, 0.0, 0.0, 0.28461, -0.958643, 0.3, -0.0, -0.958643, -0.28461, 0.0, 0.0, 0.0, 0.0, 1.0]
            ]
        },
        {
            "name": "Shoulder_L",
            "time": [0.0, 0.0833, 0.5833, 0.7667, 0.9167, 1.1333],
            "transform": [
                [-0.33717, -0.88772, -0.313478, -0.0, 0.097752, -0.364188, 0.926181, 0.4, -0.936355, 0.281637, 0.20957, 0.0, 0.0, 0.0, 0.0, 1.0],
                [-0.33717, -0.88772, -0.313478, -0.0, 0.097752, -0.364188, 0.926181, 0.4, -0.936355, 0.281637, 0.20957, 0.0, 0.0, 0.0, 0.0, 1.0],
                [-0.33717, -0.887721, -0.313478, -0.0, 0.097752, -0.364188, 0.926181, 0.4, -0.936355, 0.281637, 0.20957, 0.0, 0.0, 0.0, 0.0, 1.0],
                [0.096766, -0.944652, -0.313478, 0.0, 0.250701, -0.281668, 0.926181, 0.4, -0.963216, -0.168212, 0.20957, 0.0, 0.0, 0.0, 0.0, 1.0],
                [0.096766, -0.944652, -0.313478, 0.0, 0.250701, -0.281668, 0.926181, 0.4, -0.963216, -0.168212, 0.20957, 0.0, 0.0, 0.0, 0.0, 1.0],
                [0.096766, -0.944652, -0.313478, 0.0, 0.250701, -0.281668, 0.926181, 0.4, -0.963216, -0.168212, 0.20957, 0.0, 0.0, 0.0, 0.0, 1.0]
            ]
        },
        {
            "name": "Arm_L",
            "time": [0.0, 0.0833, 0.35, 0.5833, 0.7667, 0.9167, 1.1333],
            "transform": [
                [0.172465, 0.922825, -0.344455, 0.0, -0.900986, 0.006463, -0.433801, 0.39386, -0.398096, 0.385164, 0.832567, -0.0, 0.0, 0.0, 0.0, 1.0],
                [0.172465, 0.922825, -0.344455, 0.0, -0.900986, 0.006463, -0.433801, 0.39386, -0.398096, 0.385164, 0.832567, -0.0, 0.0, 0.0, 0.0, 1.0],
                [-0.222725, 0.918093, -0.327869, -0.0, -0.974823, -0.21341, 0.064622, 0.39386, -0.010642, 0.334007, 0.942511, -0.0, 0.0, 0.0, 0.0, 1.0],
                [-0.222725, 0.834585, -0.503847, -0.0, -0.974823, -0.196302, 0.105759, 0.39386, -0.010642, 0.514717, 0.857294, -0.0, 0.0, 0.0, 0.0, 1.0],
                [0.074966, 0.993555, -0.085022, -0.0, -0.918089, 0.035489, -0.394783, 0.39386, -0.389221, 0.107653, 0.914832, -0.0, 0.0, 0.0, 0.0, 1.0],
                [0.071881, 0.997216, 0.019852, 0.0, -0.919615, 0.073968, -0.385793, 0.39386, -0.386187, 0.009475, 0.922372, -0.0, 0.0, 0.0, 0.0, 1.0],
                [0.071881, 0.997216, 0.019852, 0.0, -0.919615, 0.073968, -0.385793, 0.39386, -0.386187, 0.009475, 0.922372, -0.0, 0.0, 0.0, 0.0, 1.0]
            ]
        },
        {
            "name": "Hand_L",
            "time": [0.0, 0.0833, 0.35, 0.5833, 0.7667, 0.9167, 1.1333],
            "transform": [
                [1.0, 0.0, -0.0, -0.0, -0.0, 0.68304, -0.730381, 0.3, -0.0, 0.730381, 0.68304, 0.0, 0.0, 0.0, 0.0, 1.0],
                [1.0, 0.0, -0.0, -0.0, -0.0, 0.68304, -0.730381, 0.3, -0.0, 0.730381, 0.68304, 0.0, 0.0, 0.0, 0.0, 1.0],
                [0.997286, -0.073626, 0.0002, 0.0, -0.01151, -0.15859, -0.987278, 0.3, 0.072721, 0.984596, -0.159007, -0.0, 0.0, 0.0, 0.0, 1.0],
                [0.997286, -0.072258, -0.01413, -0.0, -0.01151, 0.036549, -0.999266, 0.3, 0.072721, 0.996716, 0.035618, 0.0, 0.0, 0.0, 0.0, 1.0],
                [0.99987, 0.015549, -0.004245, 0.0, -0.015291, 0.998353, 0.055295, 0.3, 0.005098, -0.055223, 0.998461, 0.0, 0.0, 0.0, 0.0, 1.0],
                [0.99987, 0.015549, -0.004245, 0.0, -0.015291, 0.998353, 0.055295, 0.3, 0.005098, -0.055223, 0.998461, -0.0, 0.0, 0.0, 0.0, 1.0],
                [0.99987, 0.015549, -0.004245, 0.0, -0.015291, 0.998353, 0.055295, 0.3, 0.005098, -0.055223, 0.998461, -0.0, 0.0, 0.0, 0.0, 1.0]
            ]
        },
        {
            "name": "Tool_L",
            "time": [0.0, 0.0833, 0.1667, 0.35, 0.5833, 0.7667, 0.7833, 0.9167, 1.1333],
            "transform": [
                [1.0, 0.0, 0.0, -0.0, 0.0, -0.999836, 0.018122, 0.272858, 0.0, -0.018122, -0.999247, -0.0, 0.0, 0.0, 0.0, 1.0],
                [1.0, 0.0, 0.0, -0.0, 0.0, -0.999836, 0.018122, 0.272858, 0.0, -0.018122, -0.999247, -0.0, 0.0, 0.0, 0.0, 1.0],
                [1.0, 0.0, -0.0, 0.0, -0.0, 0.27981, 0.960055, 0.272858, 0.0, -0.959487, 0.279656, 0.0, 0.0, 0.0, 0.0, 1.0],
                [1.0, 0.0, -0.0, 0.0, -0.0, 0.996793, -0.08002, 0.272858, 0.0, 0.079983, 0.996206, 0.0, 0.0, 0.0, 0.0, 1.0],
                [1.0, -1e-06, 0.0, -0.0, -1e-06, -0.988903, -0.148564, 0.272858, 1e-06, 0.148466, -0.988323, -0.0, 0.0, 0.0, 0.0, 1.0],
                [0.999989, 0.002656, -0.003821, -0.0, 0.002413, -0.998055, -0.062287, 0.272858, -0.003977, 0.06223, -0.997464, -0.0, 0.0, 0.0, 0.0, 1.0],
                [1.0, 0.0, 0.0, -0.0, 0.0, -0.999836, 0.018122, 0.272858, 0.0, -0.018122, -0.999247, -0.0, 0.0, 0.0, 0.0, 1.0],
                [1.0, 0.0, 0.0, 0.0, 0.0, -0.999836, 0.018122, 0.272858, 0.0, -0.018122, -0.999247, -0.0, 0.0, 0.0, 0.0, 1.0],
                [1.0, 0.0, 0.0, 0.0, 0.0, -0.999836, 0.018122, 0.272858, 0.0, -0.018122, -0.999247, -0.0, 0.0, 0.0, 0.0, 1.0]
            ]
        },
        {
            "name": "Elbow_L",
            "time": [0.0, 0.0833, 0.35, 0.5833, 0.7667, 0.9167, 1.1333],
            "transform": [
                [-1.0, 0.0, -0.0, -0.0, 0.0, -0.0, -1.0, 0.3, -0.0, -1.0, -0.0, 0.0, 0.0, 0.0, 0.0, 1.0],
                [-1.0, 0.0, -0.0, -0.0, 0.0, -0.0, -1.0, 0.3, -0.0, -1.0, -0.0, 0.0, 0.0, 0.0, 0.0, 1.0],
                [-1.0, 0.0, 0.0, 0.0, 0.0, 0.666256, -0.745723, 0.3, -0.0, -0.745723, -0.666256, -0.0, 0.0, 0.0, 0.0, 1.0],
                [-1.0, 0.0, 0.0, -0.0, 0.0, 0.666256, -0.745723, 0.3, -0.0, -0.745723, -0.666256, 0.0, 0.0, 0.0, 0.0, 1.0],
                [-1.0, 0.0, -0.0, 0.0, 0.0, 0.098306, -0.995156, 0.3, -0.0, -0.995156, -0.098306, 0.0, 0.0, 0.0, 0.0, 1.0],
                [-1.0, 0.0, -0.0, 0.0, 0.0, 0.098306, -0.995156, 0.3, -0.0, -0.995156, -0.098306, -0.0, 0.0, 0.0, 0.0, 1.0],
                [-1.0, 0.0, -0.0, 0.0, 0.0, 0.098306, -0.995156, 0.3, -0.0, -0.995156, -0.098306, -0.0, 0.0, 0.0, 0.0, 1.0]
            ]
        }
    ]
}