{
    
    "animation": [
        {
            "name": "Root",
            "time": [0.0, 0.1667, 0.3667, 0.5167, 0.95],
            "transform": [
                [0.914109, 0.0, 0.40547, -5e-06, 0.40547, 0.0, -0.914109, 0.000946, 0.0, 1.0, 0.0, 0.704302, 0.0, 0.0, 0.0, 1.0],
                [0.914109, 0.0, 0.40547, -5e-06, 0.40547, 0.0, -0.914109, 0.000946, 0.0, 1.0, 0.0, 0.675525, 0.0, 0.0, 0.0, 1.0],
                [0.914109, 0.0, 0.40547, -5e-06, 0.40547, 0.0, -0.914109, 0.000946, 0.0, 1.0, 0.0, 0.675525, 0.0, 0.0, 0.0, 1.0],
                [0.914109, 0.0, 0.40547, -5e-06, 0.40547, 0.0, -0.914109, 0.000946, 0.0, 1.0, 0.0, 0.675525, 0.0, 0.0, 0.0, 1.0],
                [0.914109, 0.0, 0.40547, -5e-06, 0.40547, 0.0, -0.914109, 0.000946, 0.0, 1.0, 0.0, 0.675525, 0.0, 0.0, 0.0, 1.0]
            ]
        },
        {
            "name": "Thigh_R",
            "time": [0.0, 0.1667, 0.3667, 0.5167, 0.95],
            "transform": [
                [0.923348, 0.253502, 0.288382, 0.124994, 0.090207, -0.873265, 0.478819, -0.002831, 0.373216, -0.416101, -0.829198, -1.2e-05, 0.0, 0.0, 0.0, 1.0],
                [0.923348, 0.30666, 0.231055, 0.124994, 0.090207, -0.758175, 0.645779, -0.002831, 0.373216, -0.575435, -0.727725, -1.2e-05, 0.0, 0.0, 0.0, 1.0],
                [0.923348, 0.30666, 0.231055, 0.124994, 0.090207, -0.758175, 0.645779, -0.002831, 0.373216, -0.575435, -0.727725, -1.2e-05, 0.0, 0.0, 0.0, 1.0],
                [0.923348, 0.30666, 0.231055, 0.124994, 0.090207, -0.758175, 0.645779, -0.002831, 0.373216, -0.575435, -0.727725, -1.2e-05, 0.0, 0.0, 0.0, 1.0],
                [0.923348, 0.30666, 0.231055, 0.124994, 0.090207, -0.758175, 0.645779, -0.002831, 0.373216, -0.575435, -0.727725, -1.2e-05, 0.0, 0.0, 0.0, 1.0]
            ]
        },
        {
            "name": "Leg_R",
            "time": [0.0, 0.1667, 0.3667, 0.5167, 0.95],
            "transform": [
                [1.0, 0.0, 1e-06, 0.0, -0.0, 0.984472, 0.175547, 0.37472, -1e-06, -0.175547, 0.98447, 0.0, 0.0, 0.0, 0.0, 1.0],
                [1.0, -0.0, 1e-06, -0.0, -0.0, 0.801998, 0.597326, 0.37472, -1e-06, -0.597327, 0.801997, 0.0, 0.0, 0.0, 0.0, 1.0],
                [1.0, -0.0, 1e-06, -0.0, -0.0, 0.801998, 0.597326, 0.37472, -1e-06, -0.597327, 0.801997, 0.0, 0.0, 0.0, 0.0, 1.0],
                [1.0, -0.0, 1e-06, -0.0, -0.0, 0.801998, 0.597326, 0.37472, -1e-06, -0.597327, 0.801997, 0.0, 0.0, 0.0, 0.0, 1.0],
                [1.0, -0.0, 1e-06, -0.0, -0.0, 0.801998, 0.597326, 0.37472, -1e-06, -0.597327, 0.801997, 0.0, 0.0, 0.0, 0.0, 1.0]
            ]
        },
        {
            "name": "Knee_R",
            "time": [0.0, 0.3667, 0.5167, 0.95],
            "transform": [
                [1.0, 0.0, -0.0, 0.0, -0.0, 1e-06, -1.0, 0.383077, -0.0, 1.0, 1e-06, -0.001653, 0.0, 0.0, 0.0, 1.0],
                [1.0, 0.0, -0.0, -0.0, -0.0, 1e-06, -1.0, 0.383077, -0.0, 1.0, 1e-06, -0.001653, 0.0, 0.0, 0.0, 1.0],
                [1.0, 0.0, -0.0, -0.0, -0.0, 1e-06, -1.0, 0.383077, -0.0, 1.0, 1e-06, -0.001653, 0.0, 0.0, 0.0, 1.0],
                [1.0, 0.0, -0.0, -0.0, -0.0, 1e-06, -1.0, 0.383077, -0.0, 1.0, 1e-06, -0.001653, 0.0, 0.0, 0.0, 1.0]
            ]
        },
        {
            "name": "Thigh_L",
            "time": [0.0, 0.1667, 0.3667, 0.5167, 0.95],
            "transform": [
                [0.923313, -0.274049, -0.269052, -0.125006, -0.332029, -0.921685, -0.200634, -0.002831, -0.192998, 0.274582, -0.941996, -1.2e-05, 0.0, 0.0, 0.0, 1.0],
                [0.923313, -0.326931, -0.201513, -0.125006, -0.332029, -0.943227, 0.008947, -0.002831, -0.192998, 0.058648, -0.979445, -1.2e-05, 0.0, 0.0, 0.0, 1.0],
                [0.923313, -0.326931, -0.201513, -0.125006, -0.332029, -0.943227, 0.008947, -0.002831, -0.192998, 0.058648, -0.979445, -1.2e-05, 0.0, 0.0, 0.0, 1.0],
                [0.923313, -0.326931, -0.201513, -0.125006, -0.332029, -0.943227, 0.008947, -0.002831, -0.192998, 0.058648, -0.979445, -1.2e-05, 0.0, 0.0, 0.0, 1.0],
                [0.923313, -0.326931, -0.201513, -0.125006, -0.332029, -0.943227, 0.008947, -0.002831, -0.192998, 0.058648, -0.979445, -1.2e-05, 0.0, 0.0, 0.0, 1.0]
            ]
        },
        {
            "name": "Leg_L",
            "time": [0.0, 0.1667, 0.3667, 0.5167, 0.95],
            "transform": [
                [1.0, -0.0, 1e-06, -0.0, -0.0, 0.968826, 0.247741, 0.37472, -1e-06, -0.247741, 0.968827, 0.0, 0.0, 0.0, 0.0, 1.0],
                [1.0, -0.0, 1e-06, 0.0, -0.0, 0.844926, 0.534883, 0.37472, -1e-06, -0.534883, 0.844926, -0.0, 0.0, 0.0, 0.0, 1.0],
                [1.0, -0.0, 1e-06, 0.0, -0.0, 0.844926, 0.534883, 0.37472, -1e-06, -0.534883, 0.844926, -0.0, 0.0, 0.0, 0.0, 1.0],
                [1.0, -0.0, 1e-06, 0.0, -0.0, 0.844926, 0.534883, 0.37472, -1e-06, -0.534883, 0.844926, -0.0, 0.0, 0.0, 0.0, 1.0],
                [1.0, -0.0, 1e-06, 0.0, -0.0, 0.844926, 0.534883, 0.37472, -1e-06, -0.534883, 0.844926, -0.0, 0.0, 0.0, 0.0, 1.0]
            ]
        },
        {
            "name": "Knee_L",
            "time": [0.0, 0.3667, 0.5167, 0.95],
            "transform": [
                [1.0, 0.0, -0.0, -0.0, -0.0, 1e-06, -1.0, 0.37472, -0.0, 1.0, 1e-06, 0.0, 0.0, 0.0, 0.0, 1.0],
                [1.0, 0.0, -0.0, 0.0, -0.0, 1e-06, -1.0, 0.37472, -0.0, 1.0, 1e-06, -0.0, 0.0, 0.0, 0.0, 1.0],
                [1.0, 0.0, -0.0, 0.0, -0.0, 1e-06, -1.0, 0.37472, -0.0, 1.0, 1e-06, -0.0, 0.0, 0.0, 0.0, 1.0],
                [1.0, 0.0, -0.0, 0.0, -0.0, 1e-06, -1.0, 0.37472, -0.0, 1.0, 1e-06, -0.0, 0.0, 0.0, 0.0, 1.0]
            ]
        },
        {
            "name": "Torso",
            "time": [0.0, 0.3667, 0.5167, 0.95],
            "transform": [
                [0.996512, 0.0, 0.083446, -0.0, 0.0, 1.0, 0.0, 0.05, -0.083446, 0.0, 0.996512, -0.0, 0.0, 0.0, 0.0, 1.0],
                [0.996512, 0.0, 0.083446, -0.0, 0.0, 1.0, 0.0, 0.05, -0.083446, 0.0, 0.996512, -0.0, 0.0, 0.0, 0.0, 1.0],
                [0.996512, 0.0, 0.083446, -0.0, 0.0, 1.0, 0.0, 0.05, -0.083446, 0.0, 0.996512, -0.0, 0.0, 0.0, 0.0, 1.0],
                [0.996512, 0.0, 0.083446, -0.0, 0.0, 1.0, 0.0, 0.05, -0.083446, 0.0, 0.996512, -0.0, 0.0, 0.0, 0.0, 1.0]
            ]
        },
        {
            "name": "Chest",
            "time": [0.0, 0.1667, 0.3667, 0.5167, 0.95],
            "transform": [
                [0.971043, 0.016016, -0.238369, 0.0, 0.002451, 0.99703, 0.076974, 0.3, 0.238894, -0.075329, 0.968119, 0.0, 0.0, 0.0, 0.0, 1.0],
                [0.971043, 0.126491, -0.202673, 0.0, 0.002451, 0.843016, 0.537883, 0.3, 0.238894, -0.522804, 0.818294, 0.0, 0.0, 0.0, 0.0, 1.0],
                [0.885973, -0.075359, -0.457573, 0.0, 0.083035, 0.996541, -0.003347, 0.3, 0.456243, -0.035029, 0.889166, 0.0, 0.0, 0.0, 0.0, 1.0],
                [0.885973, -0.000972, -0.463736, 0.0, 0.083035, 0.984169, 0.156577, 0.3, 0.456243, -0.177229, 0.872028, 0.0, 0.0, 0.0, 0.0, 1.0],
                [0.973004, -0.000972, 0.230787, 0.0, -0.039971, 0.984169, 0.172665, 0.3, -0.227301, -0.177229, 0.957562, 0.0, 0.0, 0.0, 0.0, 1.0]
            ]
        },
        {
            "name": "Head",
            "time": [0.0, 0.1667, 0.3667, 0.5167, 0.95],
            "transform": [
                [0.995631, -0.030121, -0.088384, 0.0, 0.024078, 0.99735, -0.068656, 0.4, 0.090218, 0.066228, 0.993717, 0.0, 0.0, 0.0, 0.0, 1.0],
                [0.981342, -0.030121, -0.189896, 0.0, 0.016919, 0.99735, -0.070761, 0.4, 0.191524, 0.066228, 0.979251, 0.0, 0.0, 0.0, 0.0, 1.0],
                [0.991121, -0.030121, 0.129508, 0.0, 0.038386, 0.99735, -0.061805, 0.4, -0.127303, 0.066228, 0.98965, -0.0, 0.0, 0.0, 0.0, 1.0],
                [0.991121, -0.030121, 0.129508, -0.0, 0.038386, 0.99735, -0.061805, 0.4, -0.127303, 0.066228, 0.98965, 0.0, 0.0, 0.0, 0.0, 1.0],
                [0.849633, -0.030121, -0.526513, -0.0, -0.009354, 0.99735, -0.072152, 0.4, 0.527291, 0.066228, 0.8471, 0.0, 0.0, 0.0, 0.0, 1.0]
            ]
        },
        {
            "name": "Shoulder_R",
            "time": [0.0, 0.3667, 0.5167, 0.95],
            "transform": [
                [-0.004613, 0.951979, 0.306128, 0.0, 0.000526, -0.306129, 0.95199, 0.4, 0.999989, 0.004553, 0.000911, 0.0, 0.0, 0.0, 0.0, 1.0],
                [-0.004613, 0.951979, 0.306128, 0.0, 0.000526, -0.306129, 0.95199, 0.4, 0.999989, 0.004553, 0.000911, -0.0, 0.0, 0.0, 0.0, 1.0],
                [-0.004613, 0.951979, 0.306128, -0.0, 0.000526, -0.306129, 0.95199, 0.4, 0.999989, 0.004553, 0.000911, 0.0, 0.0, 0.0, 0.0, 1.0],
                [-0.004613, 0.951979, 0.306128, -0.0, 0.000526, -0.306129, 0.95199, 0.4, 0.999989, 0.004553, 0.000911, 0.0, 0.0, 0.0, 0.0, 1.0]
            ]
        },
        {
            "name": "Arm_R",
            "time": [0.0, 0.1667, 0.3667, 0.5167, 0.95],
            "transform": [
                [0.218503, -0.773754, 0.59461, 0.0, 0.967738, 0.093476, -0.233978, 0.393861, 0.12546, 0.626551, 0.769216, 0.0, 0.0, 0.0, 0.0, 1.0],
                [0.218503, -0.975209, -0.034986, -0.0, 0.967738, 0.221159, -0.120715, 0.393861, 0.12546, -0.007481, 0.99207, 0.0, 0.0, 0.0, 0.0, 1.0],
                [-0.143197, -0.908963, 0.39151, -0.0, 0.989689, -0.132857, 0.053531, 0.393861, 0.003358, 0.395139, 0.918615, -0.0, 0.0, 0.0, 0.0, 1.0],
                [-0.096515, -0.908963, 0.40555, -0.0, 0.989171, -0.132857, -0.062367, 0.39386, 0.11057, 0.395139, 0.911943, -0.0, 0.0, 0.0, 0.0, 1.0],
                [0.587798, -0.801969, 0.106483, -0.0, 0.761816, 0.504398, -0.406472, 0.393861, 0.272269, 0.320044, 0.907437, 0.0, 0.0, 0.0, 0.0, 1.0]
            ]
        },
        {
            "name": "Hand_R",
            "time": [0.0, 0.1667, 0.3667, 0.5167, 0.6167, 0.95],
            "transform": [
                [1.0, 0.0, 0.0, 0.0, 0.0, 0.698098, -0.716002, 0.3, -0.0, 0.716002, 0.698098, -0.0, 0.0, 0.0, 0.0, 1.0],
                [1.0, 0.0, 0.0, 0.0, 0.0, 0.886881, -0.461997, 0.3, -0.0, 0.461997, 0.886881, 0.0, 0.0, 0.0, 0.0, 1.0],
                [1.0, 0.0, 0.0, 0.0, 0.0, -0.304597, -0.952482, 0.3, -0.0, 0.952482, -0.304597, 0.0, 0.0, 0.0, 0.0, 1.0],
                [1.0, 0.0, 0.0, -0.0, 0.0, -0.000909, -1.0, 0.3, -0.0, 1.0, -0.000909, -0.0, 0.0, 0.0, 0.0, 1.0],
                [0.99997, -0.007487, -0.001711, 0.0, -0.000877, 0.110123, -0.993918, 0.3, 0.00763, 0.99389, 0.110113, -0.0, 0.0, 0.0, 0.0, 1.0],
                [1.0, 0.0, 0.0, -0.0, -0.0, 0.995251, 0.097338, 0.3, -0.0, -0.097338, 0.995251, 0.0, 0.0, 0.0, 0.0, 1.0]
            ]
        },
        {
            "name": "Tool_R",
            "time": [0.0, 0.1833, 0.2667, 0.3667, 0.4833, 0.75, 0.95],
            "transform": [
                [1.0, 0.0, 0.0, 0.0, 0.0, -0.999836, 0.018122, 0.272858, 0.0, -0.018122, -0.999244, -0.0, 0.0, 0.0, 0.0, 1.0],
                [1.0, 0.0, 0.0, -0.0, 0.0, -0.999836, 0.018122, 0.272858, 0.0, -0.018122, -0.999244, -0.0, 0.0, 0.0, 0.0, 1.0],
                [1.0, 0.0, -0.0, -0.0, 0.0, 0.040838, 0.999166, 0.272858, 0.0, -0.998574, 0.040824, -0.0, 0.0, 0.0, 0.0, 1.0],
                [1.0, -0.0, -0.0, -0.0, 0.0, 0.836856, 0.547423, 0.272858, 0.0, -0.54709, 0.836366, 0.0, 0.0, 0.0, 0.0, 1.0],
                [1.0, 0.0, 0.0, 0.0, 0.0, 0.654365, -0.756179, 0.272858, -0.0, 0.755738, 0.65397, -0.0, 0.0, 0.0, 0.0, 1.0],
                [1.0, 1e-06, -0.0, 0.0, 1e-06, -0.998324, -0.05787, 0.272858, -0.0, 0.057825, -0.997734, -0.0, 0.0, 0.0, 0.0, 1.0],
                [1.0, 1e-06, -0.0, 0.0, 1e-06, -0.998324, -0.05787, 0.272858, -0.0, 0.057825, -0.997734, -0.0, 0.0, 0.0, 0.0, 1.0]
            ]
        },
        {
            "name": "Elbow_R",
            "time": [0.0, 0.3667, 0.5167, 0.95],
            "transform": [
                [-1.0, 0.0, 0.0, 0.0, 0.0, 0.428499, -0.903542, 0.3, -0.0, -0.903542, -0.428499, -0.0, 0.0, 0.0, 0.0, 1.0],
                [-1.0, 0.0, 0.0, 0.0, -0.0, 0.876543, -0.481325, 0.3, -0.0, -0.481325, -0.876543, 0.0, 0.0, 0.0, 0.0, 1.0],
                [-1.0, 0.0, 0.0, -0.0, -0.0, 0.876543, -0.481325, 0.3, -0.0, -0.481325, -0.876542, -0.0, 0.0, 0.0, 0.0, 1.0],
                [-1.0, 0.0, 0.0, -0.0, 0.0, 0.278355, -0.960478, 0.3, -0.0, -0.960479, -0.278355, 0.0, 0.0, 0.0, 0.0, 1.0]
            ]
        },
        {
            "name": "Shoulder_L",
            "time": [0.0, 0.1667, 0.3667, 0.5167, 0.95],
            "transform": [
                [0.004613, -0.952228, -0.305355, 0.0, 0.000524, -0.305355, 0.952238, 0.4, -0.999989, -0.004553, -0.00091, 0.0, 0.0, 0.0, 0.0, 1.0],
                [-0.240715, -0.921311, -0.305355, 0.0, -0.078114, -0.295196, 0.952238, 0.4, -0.967447, 0.253071, -0.00091, 0.0, 0.0, 0.0, 0.0, 1.0],
                [-0.240715, -0.921311, -0.305355, 0.0, -0.078114, -0.295196, 0.952238, 0.4, -0.967447, 0.253071, -0.00091, -0.0, 0.0, 0.0, 0.0, 1.0],
                [-0.240715, -0.921311, -0.305355, -0.0, -0.078114, -0.295195, 0.952238, 0.4, -0.967447, 0.253071, -0.00091, 0.0, 0.0, 0.0, 0.0, 1.0],
                [-0.240715, -0.921311, -0.305355, -0.0, -0.078114, -0.295196, 0.952238, 0.4, -0.967447, 0.253071, -0.00091, 0.0, 0.0, 0.0, 0.0, 1.0]
            ]
        },
        {
            "name": "Arm_L",
            "time": [0.0, 0.3667, 0.5167, 0.95],
            "transform": [
                [0.310993, -0.241251, 0.919283, -0.0, -0.718536, 0.573422, 0.393566, 0.39386, -0.622085, -0.782933, 0.004983, -0.0, 0.0, 0.0, 0.0, 1.0],
                [0.315118, -0.235838, 0.919283, 0.0, -0.728343, 0.560912, 0.393566, 0.39386, -0.608455, -0.793573, 0.004983, -0.0, 0.0, 0.0, 0.0, 1.0],
                [0.315118, -0.235838, 0.919283, 0.0, -0.728343, 0.560912, 0.393566, 0.39386, -0.608455, -0.793572, 0.004983, -0.0, 0.0, 0.0, 0.0, 1.0],
                [0.315118, -0.235838, 0.919283, -0.0, -0.728343, 0.560912, 0.393566, 0.39386, -0.608455, -0.793573, 0.004983, -0.0, 0.0, 0.0, 0.0, 1.0]
            ]
        },
        {
            "name": "Hand_L",
            "time": [0.0, 0.3667, 0.5167, 0.95],
            "transform": [
                [1.0, 0.0, 0.0, 0.0, 0.0, 0.95311, -0.302624, 0.3, -0.0, 0.302624, 0.95311, 0.0, 0.0, 0.0, 0.0, 1.0],
                [1.0, -0.0, -0.0, -0.0, -0.0, 0.875544, -0.483139, 0.3, -0.0, 0.483139, 0.875544, -0.0, 0.0, 0.0, 0.0, 1.0],
                [1.0, 0.0, 0.0, 0.0, 0.0, 0.875544, -0.483139, 0.3, 0.0, 0.483139, 0.875544, 0.0, 0.0, 0.0, 0.0, 1.0],
                [1.0, 0.0, 0.0, -0.0, -0.0, 0.875544, -0.483139, 0.3, -0.0, 0.483139, 0.875544, -0.0, 0.0, 0.0, 0.0, 1.0]
            ]
        },
        {
            "name": "Tool_L",
            "time": [0.0, 0.3667, 0.5167, 0.95],
            "transform": [
                [1.0, 0.0, 0.0, 0.0, 0.0, -0.999836, 0.018122, 0.272858, 0.0, -0.018122, -0.999247, -0.0, 0.0, 0.0, 0.0, 1.0],
                [1.0, 0.0, 0.0, -0.0, 0.0, -0.999836, 0.018122, 0.272858, 0.0, -0.018122, -0.999247, 0.0, 0.0, 0.0, 0.0, 1.0],
                [1.0, 0.0, 0.0, -0.0, 0.0, -0.999836, 0.018122, 0.272858, 0.0, -0.018122, -0.999248, 0.0, 0.0, 0.0, 0.0, 1.0],
                [1.0, 0.0, 0.0, -0.0, 0.0, -0.999836, 0.018122, 0.272858, 0.0, -0.018122, -0.999247, -0.0, 0.0, 0.0, 0.0, 1.0]
            ]
        },
        {
            "name": "Elbow_L",
            "time": [0.0, 0.3667, 0.5167, 0.95],
            "transform": [
                [-1.0, 0.0, -0.0, 0.0, 0.0, -0.0, -1.0, 0.3, -0.0, -1.0, -0.0, 0.0, 0.0, 0.0, 0.0, 1.0],
                [-1.0, 0.0, -0.0, -0.0, 0.0, -0.0, -1.0, 0.3, -0.0, -1.0, -0.0, -0.0, 0.0, 0.0, 0.0, 1.0],
                [-1.0, 0.0, 0.0, 0.0, 0.0, -0.0, -1.0, 0.3, -0.0, -1.0, 0.0, 0.0, 0.0, 0.0, 0.0, 1.0],
                [-1.0, 0.0, -0.0, -0.0, 0.0, -0.0, -1.0, 0.3, -0.0, -1.0, -0.0, -0.0, 0.0, 0.0, 0.0, 1.0]
            ]
        }
    ]
}