{
    
    "animation": [
        {
            "name": "Root",
            "time": [0.0, 0.1833, 0.4167, 0.6667, 0.7667, 1.1833, 1.4167],
            "transform": [
                [1.0, 0.0, 0.0, -5e-06, 0.0, 0.0, -1.0, 0.000946, 0.0, 1.0, 0.0, 0.69247, 0.0, 0.0, 0.0, 1.0],
                [1.0, 0.0, 0.0, -5e-06, 0.0, 0.0, -1.0, 1.839866, 0.0, 1.0, 0.0, 0.622899, 0.0, 0.0, 0.0, 1.0],
                [1.0, 0.0, 0.0, -0.012668, 0.0, -0.22802, -0.973656, 1.703132, 0.0, 0.973656, -0.22802, 0.671518, 0.0, 0.0, 0.0, 1.0],
                [1.0, 0.0, 0.0, -5e-06, 0.0, 0.137026, -0.990567, 1.839866, 0.0, 0.990567, 0.137026, 0.478557, 0.0, 0.0, 0.0, 1.0],
                [1.0, 0.0, 0.0, -5e-06, 0.0, 0.137026, -0.990567, 1.839866, 0.0, 0.990567, 0.137026, 0.478557, 0.0, 0.0, 0.0, 1.0],
                [1.0, 0.0, 0.0, -5e-06, 0.0, -0.047957, -0.998849, 1.839866, 0.0, 0.998849, -0.047957, 0.72238, 0.0, 0.0, 0.0, 1.0],
                [1.0, 0.0, 0.0, -5e-06, 0.0, -0.047957, -0.998849, 1.839866, 0.0, 0.998849, -0.047957, 0.72238, 0.0, 0.0, 0.0, 1.0]
            ]
        },
        {
            "name": "Thigh_R",
            "time": [0.0, 0.1, 0.1833, 0.4167, 0.5167, 0.6667, 0.7667, 1.1833, 1.4167],
            "transform": [
                [0.987895, 0.150128, -0.039036, 0.124994, 0.151396, -0.878335, 0.453435, -0.002831, 0.033787, -0.453855, -0.890434, -1.2e-05, 0.0, 0.0, 0.0, 1.0],
                [0.987895, 0.082506, 0.131358, 0.124994, 0.151396, -0.697279, -0.700628, -0.002831, 0.033787, 0.712033, -0.701331, -1.2e-05, 0.0, 0.0, 0.0, 1.0],
                [0.987895, 0.105117, 0.114072, 0.124994, 0.151396, -0.81355, -0.561438, -0.002831, 0.033787, 0.571911, -0.819619, -1.2e-05, 0.0, 0.0, 0.0, 1.0],
                [0.987895, 0.105117, 0.114072, 0.124994, 0.151396, -0.81355, -0.561438, -0.002831, 0.033787, 0.571911, -0.819619, -1.2e-05, 0.0, 0.0, 0.0, 1.0],
                [0.987895, 0.120624, 0.09753, 0.124994, 0.151396, -0.886704, -0.436842, -0.002831, 0.033787, 0.44632, -0.894235, -1.2e-05, 0.0, 0.0, 0.0, 1.0],
                [0.987895, 0.087142, 0.128329, 0.124994, 0.151396, -0.72184, -0.675295, -0.002831, 0.033787, 0.686549, -0.726297, -1.2e-05, 0.0, 0.0, 0.0, 1.0],
                [0.987895, 0.087142, 0.128329, 0.124994, 0.151396, -0.72184, -0.675295, -0.002831, 0.033787, 0.686549, -0.726297, -1.2e-05, 0.0, 0.0, 0.0, 1.0],
                [0.987895, 0.127995, 0.087631, 0.124994, 0.151396, -0.918627, -0.364966, -0.002831, 0.033787, 0.373815, -0.926888, -1.2e-05, 0.0, 0.0, 0.0, 1.0],
                [0.987895, 0.127995, 0.087631, 0.124994, 0.151396, -0.918627, -0.364966, -0.002831, 0.033787, 0.373815, -0.926888, -1.2e-05, 0.0, 0.0, 0.0, 1.0]
            ]
        },
        {
            "name": "Leg_R",
            "time": [0.0, 0.1, 0.1833, 0.4167, 0.5167, 0.6667, 0.7667, 1.1833, 1.4167],
            "transform": [
                [1.0, -0.0, 1e-06, -0.0, -0.0, 0.640593, 0.767881, 0.37472, -1e-06, -0.767882, 0.640592, -0.0, 0.0, 0.0, 0.0, 1.0],
                [1.0, 0.0, 1e-06, 0.0, -0.0, 0.992655, 0.120985, 0.37472, -1e-06, -0.120985, 0.992653, 0.0, 0.0, 0.0, 0.0, 1.0],
                [1.0, 0.0, 1e-06, 0.0, -0.0, 0.99589, 0.090577, 0.37472, -1e-06, -0.090577, 0.995889, 0.0, 0.0, 0.0, 0.0, 1.0],
                [1.0, 0.0, 1e-06, 0.0, -0.0, 0.99589, 0.090577, 0.37472, -1e-06, -0.090577, 0.995889, -0.0, 0.0, 0.0, 0.0, 1.0],
                [1.0, 0.0, 1e-06, -0.0, -0.0, 0.950545, 0.310589, 0.37472, -1e-06, -0.31059, 0.950543, -0.0, 0.0, 0.0, 0.0, 1.0],
                [1.0, 0.0, 1e-06, -0.0, -0.0, 0.950545, 0.310589, 0.37472, -1e-06, -0.31059, 0.950544, 0.0, 0.0, 0.0, 0.0, 1.0],
                [1.0, 0.0, 1e-06, -0.0, -0.0, 0.950545, 0.310589, 0.37472, -1e-06, -0.31059, 0.950544, 0.0, 0.0, 0.0, 0.0, 1.0],
                [1.0, 0.0, 1e-06, 0.0, -0.0, 0.950545, 0.310589, 0.37472, -1e-06, -0.31059, 0.950543, -0.0, 0.0, 0.0, 0.0, 1.0],
                [1.0, 0.0, 1e-06, 0.0, -0.0, 0.950545, 0.310589, 0.37472, -1e-06, -0.31059, 0.950543, -0.0, 0.0, 0.0, 0.0, 1.0]
            ]
        },
        {
            "name": "Knee_R",
            "time": [0.0, 0.4167, 0.6667, 0.7667, 1.1833, 1.4167],
            "transform": [
                [1.0, 0.0, -0.0, -0.0, -0.0, 1e-06, -1.0, 0.383077, -0.0, 1.0, 1e-06, -0.001653, 0.0, 0.0, 0.0, 1.0],
                [1.0, 0.0, -0.0, -0.0, -0.0, 1e-06, -1.0, 0.383077, -0.0, 1.0, 1e-06, -0.001653, 0.0, 0.0, 0.0, 1.0],
                [1.0, 0.0, -0.0, 0.0, -0.0, 1e-06, -1.0, 0.383077, -0.0, 1.0, 1e-06, -0.001653, 0.0, 0.0, 0.0, 1.0],
                [1.0, 0.0, -0.0, 0.0, -0.0, 1e-06, -1.0, 0.383077, -0.0, 1.0, 1e-06, -0.001653, 0.0, 0.0, 0.0, 1.0],
                [1.0, 0.0, -0.0, 0.0, -0.0, 1e-06, -1.0, 0.383077, -0.0, 1.0, 1e-06, -0.001654, 0.0, 0.0, 0.0, 1.0],
                [1.0, 0.0, -0.0, 0.0, -0.0, 1e-06, -1.0, 0.383077, -0.0, 1.0, 1e-06, -0.001654, 0.0, 0.0, 0.0, 1.0]
            ]
        },
        {
            "name": "Thigh_L",
            "time": [0.0, 0.1, 0.1833, 0.4167, 0.5167, 0.6667, 0.7667, 1.1833, 1.4167],
            "transform": [
                [0.992572, -0.063116, 0.104001, -0.125006, -0.05382, -0.994497, -0.089887, -0.002831, 0.109102, 0.083622, -0.990507, -1.2e-05, 0.0, 0.0, 0.0, 1.0],
                [0.997805, -0.031968, 0.057977, -0.125006, -0.058133, -0.84212, 0.536147, -0.002831, 0.031684, -0.538341, -0.842131, -1.2e-05, 0.0, 0.0, 0.0, 1.0],
                [0.998793, -0.048569, -0.007246, -0.125006, -0.028355, -0.690888, 0.722405, -0.002831, -0.040093, -0.721328, -0.691432, -1.2e-05, 0.0, 0.0, 0.0, 1.0],
                [0.998793, -0.048569, -0.007246, -0.125006, -0.028355, -0.690888, 0.722405, -0.002831, -0.040093, -0.721329, -0.691432, -1.2e-05, 0.0, 0.0, 0.0, 1.0],
                [0.998793, -0.049093, 0.001165, -0.125006, -0.028355, -0.557202, 0.829892, -0.002831, -0.040093, -0.828924, -0.557922, -1.2e-05, 0.0, 0.0, 0.0, 1.0],
                [0.998793, -0.0428, 0.024076, -0.125006, -0.028355, -0.102377, 0.994341, -0.002831, -0.040093, -0.993824, -0.103468, -1.2e-05, 0.0, 0.0, 0.0, 1.0],
                [0.998793, -0.0428, 0.024076, -0.125006, -0.028355, -0.102377, 0.994341, -0.002831, -0.040093, -0.993824, -0.103468, -1.2e-05, 0.0, 0.0, 0.0, 1.0],
                [0.998793, -0.042053, -0.025357, -0.125006, -0.028355, -0.915479, 0.401365, -0.002831, -0.040092, -0.400162, -0.915567, -1.2e-05, 0.0, 0.0, 0.0, 1.0],
                [0.998793, -0.042053, -0.025357, -0.125006, -0.028355, -0.915479, 0.401365, -0.002831, -0.040092, -0.400162, -0.915567, -1.2e-05, 0.0, 0.0, 0.0, 1.0]
            ]
        },
        {
            "name": "Leg_L",
            "time": [0.0, 0.1, 0.1833, 0.4167, 0.6667, 0.7667, 1.1833, 1.4167],
            "transform": [
                [1.0, -0.0, 1e-06, -0.0, -0.0, 0.82031, 0.571919, 0.37472, -1e-06, -0.571919, 0.82031, 0.0, 0.0, 0.0, 0.0, 1.0],
                [1.0, -1e-06, 0.0, -0.0, -0.0, -0.225175, 0.974319, 0.37472, -1e-06, -0.974318, -0.225175, 0.0, 0.0, 0.0, 0.0, 1.0],
                [1.0, -0.0, 1e-06, -0.0, -0.0, 0.891464, 0.453092, 0.37472, -1e-06, -0.453092, 0.891464, 0.0, 0.0, 0.0, 0.0, 1.0],
                [1.0, -0.0, 1e-06, 0.0, -0.0, 0.891463, 0.453092, 0.37472, -1e-06, -0.453092, 0.891464, 0.0, 0.0, 0.0, 0.0, 1.0],
                [1.0, -1e-06, 0.0, 0.0, -0.0, 0.155184, 0.987886, 0.37472, -1e-06, -0.987885, 0.155185, -0.0, 0.0, 0.0, 0.0, 1.0],
                [1.0, -1e-06, 0.0, 0.0, -0.0, 0.155184, 0.987886, 0.37472, -1e-06, -0.987885, 0.155185, -0.0, 0.0, 0.0, 0.0, 1.0],
                [1.0, -0.0, 1e-06, 0.0, -0.0, 0.926298, 0.376791, 0.37472, -1e-06, -0.376791, 0.926298, -0.0, 0.0, 0.0, 0.0, 1.0],
                [1.0, -0.0, 1e-06, 0.0, -0.0, 0.926298, 0.376791, 0.37472, -1e-06, -0.376791, 0.926298, -0.0, 0.0, 0.0, 0.0, 1.0]
            ]
        },
        {
            "name": "Knee_L",
            "time": [0.0, 0.1, 0.4167, 0.6667, 0.7667, 1.1833, 1.4167],
            "transform": [
                [1.0, 0.0, -0.0, -0.0, -0.0, 1e-06, -1.0, 0.37472, -0.0, 1.0, 1e-06, 0.0, 0.0, 0.0, 0.0, 1.0],
                [1.0, 0.0, -0.0, -0.0, -0.0, 0.680746, -0.732519, 0.37472, -0.0, 0.732519, 0.680746, 0.0, 0.0, 0.0, 0.0, 1.0],
                [1.0, 0.0, -0.0, 0.0, -0.0, 0.680746, -0.732519, 0.37472, -0.0, 0.732519, 0.680746, 0.0, 0.0, 0.0, 0.0, 1.0],
                [1.0, 0.0, -0.0, 0.0, -0.0, 0.571924, -0.820307, 0.37472, -0.0, 0.820307, 0.571924, -0.0, 0.0, 0.0, 0.0, 1.0],
                [1.0, 0.0, -0.0, 0.0, -0.0, 0.571924, -0.820307, 0.37472, -0.0, 0.820307, 0.571924, -0.0, 0.0, 0.0, 0.0, 1.0],
                [1.0, 0.0, -0.0, 0.0, -0.0, 0.300025, -0.953931, 0.37472, -0.0, 0.953931, 0.300025, -0.0, 0.0, 0.0, 0.0, 1.0],
                [1.0, 0.0, -0.0, 0.0, -0.0, 0.300025, -0.953931, 0.37472, -0.0, 0.953931, 0.300025, -0.0, 0.0, 0.0, 0.0, 1.0]
            ]
        },
        {
            "name": "Torso",
            "time": [0.0, 0.4167, 0.6667, 0.7667, 1.1833, 1.4167],
            "transform": [
                [0.996512, 0.0, 0.083446, 0.0, 0.0, 1.0, 0.0, 0.05, -0.083446, 0.0, 0.996512, 0.0, 0.0, 0.0, 0.0, 1.0],
                [0.996512, 0.0, 0.083446, 0.0, 0.0, 1.0, -0.0, 0.05, -0.083446, 0.0, 0.996512, 0.0, 0.0, 0.0, 0.0, 1.0],
                [0.996512, -0.01634, 0.081831, 0.0, 0.0, 0.980641, 0.195814, 0.05, -0.083446, -0.195131, 0.977221, 0.0, 0.0, 0.0, 0.0, 1.0],
                [0.996512, -0.01634, 0.081831, 0.0, 0.0, 0.980641, 0.195814, 0.05, -0.083446, -0.195131, 0.977221, 0.0, 0.0, 0.0, 0.0, 1.0],
                [0.996512, -0.008826, 0.082978, 0.0, 0.0, 0.99439, 0.105775, 0.05, -0.083446, -0.105406, 0.990922, 0.0, 0.0, 0.0, 0.0, 1.0],
                [0.996512, -0.008826, 0.082978, 0.0, 0.0, 0.99439, 0.105775, 0.05, -0.083446, -0.105406, 0.990922, 0.0, 0.0, 0.0, 0.0, 1.0]
            ]
        },
        {
            "name": "Chest",
            "time": [0.0, 0.1833, 0.4167, 0.5167, 0.6667, 0.7667, 0.9833, 1.1833, 1.4167],
            "transform": [
                [0.996909, 0.021762, -0.075494, 0.0, 0.0, 0.960875, 0.276983, 0.3, 0.078568, -0.276126, 0.957905, 0.0, 0.0, 0.0, 0.0, 1.0],
                [0.996909, -0.007251, -0.078233, 0.0, 0.0, 0.995732, -0.09229, 0.3, 0.078568, 0.092005, 0.992654, -0.0, 0.0, 0.0, 0.0, 1.0],
                [0.996909, -0.014544, -0.07721, -0.0, 0.0, 0.982717, -0.185116, 0.3, 0.078568, 0.184544, 0.979679, -0.0, 0.0, 0.0, 0.0, 1.0],
                [0.996758, 0.01438, -0.079164, 0.0, -8.7e-05, 0.984093, 0.177655, 0.3, 0.080459, -0.177072, 0.980904, -0.0, 0.0, 0.0, 0.0, 1.0],
                [0.997057, 0.032367, -0.069497, -0.0, -0.000418, 0.908786, 0.417263, 0.3, 0.076663, -0.416006, 0.906125, -0.0, 0.0, 0.0, 0.0, 1.0],
                [0.997057, 0.024662, -0.072589, -0.0, -0.000418, 0.948578, 0.316544, 0.3, 0.076663, -0.315582, 0.945796, -0.0, 0.0, 0.0, 0.0, 1.0],
                [0.913024, 0.031859, -0.406659, -0.0, 0.187805, 0.852161, 0.488417, 0.3, 0.3621, -0.522309, 0.772061, -0.0, 0.0, 0.0, 0.0, 1.0],
                [0.996909, 0.010247, -0.077897, -0.0, 0.0, 0.991459, 0.130417, 0.3, 0.078568, -0.130014, 0.988394, -0.0, 0.0, 0.0, 0.0, 1.0],
                [0.996909, 0.010247, -0.077897, -0.0, 0.0, 0.991459, 0.130417, 0.3, 0.078568, -0.130014, 0.988394, -0.0, 0.0, 0.0, 0.0, 1.0]
            ]
        },
        {
            "name": "Head",
            "time": [0.0, 0.1833, 0.4167, 0.6667, 0.7667, 1.0, 1.1833, 1.4167],
            "transform": [
                [1.0, -0.0, -0.0, 0.0, 0.0, 0.975167, -0.221469, 0.4, -0.0, 0.221469, 0.975167, 0.0, 0.0, 0.0, 0.0, 1.0],
                [1.0, -0.0, -0.0, 0.0, 0.0, 0.985067, 0.172173, 0.4, 0.0, -0.172173, 0.985067, 0.0, 0.0, 0.0, 0.0, 1.0],
                [1.0, -0.0, -0.0, 0.0, 0.0, 0.985067, 0.172173, 0.4, 0.0, -0.172173, 0.985067, 0.0, 0.0, 0.0, 0.0, 1.0],
                [1.0, -0.0, 0.0, 0.0, 0.0, 0.823468, -0.567363, 0.4, -0.0, 0.567363, 0.823468, -0.0, 0.0, 0.0, 0.0, 1.0],
                [1.0, -0.0, 0.0, -0.0, 0.0, 0.869421, -0.494072, 0.4, 0.0, 0.494072, 0.869421, 0.0, 0.0, 0.0, 0.0, 1.0],
                [0.948692, 0.0, 0.316202, 0.0, -0.054441, 0.985067, 0.163339, 0.4, -0.31148, -0.172173, 0.934525, -0.0, 0.0, 0.0, 0.0, 1.0],
                [1.0, -0.0, 0.0, 0.0, 0.0, 0.992597, -0.121452, 0.4, 0.0, 0.121452, 0.992597, -0.0, 0.0, 0.0, 0.0, 1.0],
                [1.0, -0.0, 0.0, 0.0, 0.0, 0.992597, -0.121452, 0.4, 0.0, 0.121452, 0.992597, -0.0, 0.0, 0.0, 0.0, 1.0]
            ]
        },
        {
            "name": "Shoulder_R",
            "time": [0.0, 0.4167, 0.5167, 0.6667, 0.7667, 1.1833, 1.4167],
            "transform": [
                [-0.004613, 0.951979, 0.306128, 0.0, 0.000526, -0.306129, 0.95199, 0.4, 0.999989, 0.004553, 0.000911, 0.0, 0.0, 0.0, 0.0, 1.0],
                [-0.004613, 0.951979, 0.306128, 0.0, 0.000526, -0.306129, 0.95199, 0.4, 0.999989, 0.004553, 0.000911, 0.0, 0.0, 0.0, 0.0, 1.0],
                [0.515946, 0.800053, 0.306128, 0.0, -0.166716, -0.256751, 0.95199, 0.4, 0.840241, -0.542212, 0.000912, 0.0, 0.0, 0.0, 0.0, 1.0],
                [-0.187707, 0.933301, 0.306128, 0.0, 0.059422, -0.300307, 0.95199, 0.4, 0.980426, 0.196886, 0.000911, -0.0, 0.0, 0.0, 0.0, 1.0],
                [-0.187707, 0.933301, 0.306128, -0.0, 0.059422, -0.300307, 0.95199, 0.4, 0.980426, 0.196886, 0.000911, 0.0, 0.0, 0.0, 0.0, 1.0],
                [-0.187707, 0.933301, 0.306128, 0.0, 0.059422, -0.300307, 0.95199, 0.4, 0.980426, 0.196886, 0.000911, -0.0, 0.0, 0.0, 0.0, 1.0],
                [-0.187707, 0.933301, 0.306128, 0.0, 0.059422, -0.300307, 0.95199, 0.4, 0.980426, 0.196886, 0.000911, -0.0, 0.0, 0.0, 0.0, 1.0]
            ]
        },
        {
            "name": "Arm_R",
            "time": [0.0, 0.1833, 0.4167, 0.5167, 0.6667, 0.7667, 0.9167, 1.1833, 1.4167],
            "transform": [
                [0.101348, -0.728137, -0.677897, -0.0, 0.953636, 0.265202, -0.142285, 0.393861, 0.283383, -0.632047, 0.721256, -0.0, 0.0, 0.0, 0.0, 1.0],
                [0.101347, -0.30552, 0.946777, 0.0, 0.953636, -0.241251, -0.179932, 0.393861, 0.283383, 0.921116, 0.266905, -0.0, 0.0, 0.0, 0.0, 1.0],
                [0.101347, -0.220905, 0.970015, 0.0, 0.953636, -0.256167, -0.157974, 0.393861, 0.283383, 0.941052, 0.184701, -0.0, 0.0, 0.0, 0.0, 1.0],
                [0.334538, -0.360929, -0.870525, -0.0, 0.849594, 0.515217, 0.11288, 0.393861, 0.407768, -0.777355, 0.479003, 0.0, 0.0, 0.0, 0.0, 1.0],
                [0.029292, 0.086902, -0.995786, 0.0, 0.868894, 0.490257, 0.068344, 0.393861, 0.494131, -0.867234, -0.061148, 0.0, 0.0, 0.0, 0.0, 1.0],
                [0.035025, -0.080305, -0.996155, 0.0, 0.898392, 0.439177, -0.003817, 0.393861, 0.437794, -0.894804, 0.087528, 0.0, 0.0, 0.0, 0.0, 1.0],
                [0.342198, 0.440235, -0.830117, -0.0, 0.582721, 0.593617, 0.555027, 0.393861, 0.737114, -0.673656, -0.053399, 0.0, 0.0, 0.0, 0.0, 1.0],
                [0.282945, -0.487625, -0.825932, -0.0, 0.935698, 0.329538, 0.12599, 0.39386, 0.21074, -0.808471, 0.549511, -0.0, 0.0, 0.0, 0.0, 1.0],
                [0.282945, -0.487625, -0.825932, -0.0, 0.935698, 0.329538, 0.12599, 0.39386, 0.21074, -0.808471, 0.549511, -0.0, 0.0, 0.0, 0.0, 1.0]
            ]
        },
        {
            "name": "Hand_R",
            "time": [0.0, 0.1833, 0.4167, 0.5167, 0.6667, 0.7667, 0.9167, 1.1833, 1.4167],
            "transform": [
                [1.0, -0.0, 0.0, -0.0, 0.0, -0.293999, -0.955806, 0.3, 0.0, 0.955806, -0.293999, -0.0, 0.0, 0.0, 0.0, 1.0],
                [1.0, -0.0, -0.0, 0.0, -0.0, 0.923696, -0.383126, 0.3, 0.0, 0.383126, 0.923696, -0.0, 0.0, 0.0, 0.0, 1.0],
                [1.0, -0.0, -0.0, 0.0, -0.0, 0.635831, -0.771828, 0.3, 0.0, 0.771828, 0.635831, 0.0, 0.0, 0.0, 0.0, 1.0],
                [1.0, -0.0, -0.0, -0.0, -0.0, 0.996595, -0.082456, 0.3, 0.0, 0.082456, 0.996595, 0.0, 0.0, 0.0, 0.0, 1.0],
                [1.0, 0.0, -0.0, 0.0, -0.0, 0.996676, 0.081473, 0.3, 0.0, -0.081473, 0.996676, 0.0, 0.0, 0.0, 0.0, 1.0],
                [1.0, 0.0, -0.0, 0.0, -0.0, 0.907424, -0.420216, 0.3, 0.0, 0.420216, 0.907424, -0.0, 0.0, 0.0, 0.0, 1.0],
                [1.0, -0.0, -0.0, 0.0, -0.0, 0.390836, -0.92046, 0.3, 0.0, 0.92046, 0.390836, -0.0, 0.0, 0.0, 0.0, 1.0],
                [1.0, 0.0, -0.0, 0.0, -0.0, 0.996676, 0.081473, 0.3, 0.0, -0.081473, 0.996676, -0.0, 0.0, 0.0, 0.0, 1.0],
                [1.0, 0.0, -0.0, 0.0, -0.0, 0.996676, 0.081473, 0.3, 0.0, -0.081473, 0.996676, -0.0, 0.0, 0.0, 0.0, 1.0]
            ]
        },
        {
            "name": "Tool_R",
            "time": [0.0, 0.4167, 0.6667, 0.7667, 0.9333, 1.0167, 1.1833, 1.4167],
            "transform": [
                [1.0, 0.0, 0.0, -0.0, 0.0, -0.999836, 0.018122, 0.272858, 0.0, -0.018122, -0.999244, -0.0, 0.0, 0.0, 0.0, 1.0],
                [1.0, 0.0, 0.0, -0.0, 0.0, -0.999836, 0.018122, 0.272858, 0.0, -0.018122, -0.999244, -0.0, 0.0, 0.0, 0.0, 1.0],
                [1.0, -0.0, 0.0, -0.0, 0.0, -0.904969, -0.425476, 0.272858, 0.0, 0.425215, -0.904438, 0.0, 0.0, 0.0, 0.0, 1.0],
                [1.0, -0.0, 0.0, 0.0, 0.0, -0.90497, -0.425476, 0.272858, 0.0, 0.425215, -0.904438, 0.0, 0.0, 0.0, 0.0, 1.0],
                [1.0, -0.0, 0.0, 0.0, 0.0, 0.381502, -0.924368, 0.272858, -0.0, 0.923825, 0.381266, 0.0, 0.0, 0.0, 0.0, 1.0],
                [1.0, -1e-06, -0.0, 0.0, 1e-06, 0.792664, 0.609659, 0.272858, -1e-06, -0.60929, 0.792201, 0.0, 0.0, 0.0, 0.0, 1.0],
                [1.0, -0.0, 0.0, 0.0, -0.0, -0.999579, 0.029013, 0.272858, 0.0, -0.029007, -0.998987, 0.0, 0.0, 0.0, 0.0, 1.0],
                [1.0, -0.0, 0.0, 0.0, -0.0, -0.999579, 0.029013, 0.272858, 0.0, -0.029007, -0.998987, 0.0, 0.0, 0.0, 0.0, 1.0]
            ]
        },
        {
            "name": "Elbow_R",
            "time": [0.0, 0.4167, 0.6667, 0.7667, 1.1833, 1.4167],
            "transform": [
                [-1.0, 0.0, 0.0, -0.0, 0.0, 0.735098, -0.677961, 0.3, -0.0, -0.677961, -0.735098, -0.0, 0.0, 0.0, 0.0, 1.0],
                [-1.0, 0.0, 0.0, 0.0, 0.0, 0.735098, -0.677961, 0.3, -0.0, -0.677961, -0.735098, 0.0, 0.0, 0.0, 0.0, 1.0],
                [-1.0, 0.0, 0.0, 0.0, 0.0, 0.735098, -0.677961, 0.3, -0.0, -0.677961, -0.735098, 0.0, 0.0, 0.0, 0.0, 1.0],
                [-1.0, 0.0, 0.0, 0.0, 0.0, 0.735098, -0.677961, 0.3, -0.0, -0.677961, -0.735098, -0.0, 0.0, 0.0, 0.0, 1.0],
                [-1.0, 0.0, 0.0, 0.0, 0.0, 0.735098, -0.677961, 0.3, -0.0, -0.677961, -0.735098, -0.0, 0.0, 0.0, 0.0, 1.0],
                [-1.0, 0.0, 0.0, 0.0, 0.0, 0.735098, -0.677961, 0.3, -0.0, -0.677961, -0.735098, -0.0, 0.0, 0.0, 0.0, 1.0]
            ]
        },
        {
            "name": "Shoulder_L",
            "time": [0.0, 0.4167, 0.5167, 0.6667, 0.7667, 1.1833, 1.4167],
            "transform": [
                [0.004613, -0.952228, -0.305355, 0.0, 0.000524, -0.305355, 0.952238, 0.4, -0.999989, -0.004553, -0.00091, 0.0, 0.0, 0.0, 0.0, 1.0],
                [0.004613, -0.952227, -0.305355, 0.0, 0.000524, -0.305355, 0.952238, 0.4, -0.999989, -0.004553, -0.00091, 0.0, 0.0, 0.0, 0.0, 1.0],
                [0.520003, -0.797719, -0.305355, 0.0, 0.165949, -0.256326, 0.952238, 0.4, -0.837889, -0.54584, -0.00091, 0.0, 0.0, 0.0, 0.0, 1.0],
                [-0.156293, -0.939325, -0.305355, 0.0, -0.051061, -0.301057, 0.952238, 0.4, -0.98639, 0.16442, -0.000909, -0.0, 0.0, 0.0, 0.0, 1.0],
                [-0.156293, -0.939325, -0.305355, -0.0, -0.051061, -0.301057, 0.952238, 0.4, -0.98639, 0.16442, -0.000909, 0.0, 0.0, 0.0, 0.0, 1.0],
                [-0.156293, -0.939325, -0.305355, 0.0, -0.051061, -0.301057, 0.952238, 0.4, -0.98639, 0.16442, -0.00091, -0.0, 0.0, 0.0, 0.0, 1.0],
                [-0.156293, -0.939325, -0.305355, 0.0, -0.051061, -0.301057, 0.952238, 0.4, -0.98639, 0.16442, -0.00091, -0.0, 0.0, 0.0, 0.0, 1.0]
            ]
        },
        {
            "name": "Arm_L",
            "time": [0.0, 0.0667, 0.1833, 0.4167, 0.5167, 0.6667, 0.7667, 0.9333, 1.1833, 1.4167],
            "transform": [
                [0.337982, -0.043619, 0.940141, -0.0, -0.891463, 0.305452, 0.334653, 0.39386, -0.301766, -0.951208, 0.064352, 0.0, 0.0, 0.0, 0.0, 1.0],
                [0.337981, 0.899063, 0.278306, -0.0, -0.891463, 0.400633, -0.211628, 0.39386, -0.301766, -0.176574, 0.936888, 0.0, 0.0, 0.0, 0.0, 1.0],
                [0.060706, 0.29068, -0.954892, 0.0, -0.97059, -0.206082, -0.124438, 0.39386, -0.232958, 0.934363, 0.269621, 0.0, 0.0, 0.0, 0.0, 1.0],
                [0.060706, 0.29068, -0.954892, -0.0, -0.97059, -0.206082, -0.124438, 0.39386, -0.232958, 0.934363, 0.269621, 0.0, 0.0, 0.0, 0.0, 1.0],
                [0.340389, 0.387739, 0.856618, 0.0, -0.890374, 0.42578, 0.161077, 0.39386, -0.302275, -0.817538, 0.490164, 0.0, 0.0, 0.0, 0.0, 1.0],
                [0.340389, -0.058442, 0.938467, -0.0, -0.890374, 0.300817, 0.341678, 0.39386, -0.302275, -0.95189, 0.050359, -0.0, 0.0, 0.0, 0.0, 1.0],
                [-0.140728, -0.01086, 0.989988, -0.0, -0.8833, 0.453033, -0.120593, 0.39386, -0.447188, -0.891428, -0.073347, -0.0, 0.0, 0.0, 0.0, 1.0],
                [0.08107, -0.53222, 0.842716, 0.0, -0.470344, 0.725008, 0.503129, 0.39386, -0.878751, -0.437155, -0.19155, -0.0, 0.0, 0.0, 0.0, 1.0],
                [-0.102893, 0.270757, 0.957133, 0.0, -0.892012, 0.400669, -0.209235, 0.39386, -0.440145, -0.875303, 0.200293, 0.0, 0.0, 0.0, 0.0, 1.0],
                [-0.102893, 0.270757, 0.957133, 0.0, -0.892012, 0.400669, -0.209235, 0.39386, -0.440145, -0.875303, 0.200293, 0.0, 0.0, 0.0, 0.0, 1.0]
            ]
        },
        {
            "name": "Hand_L",
            "time": [0.0, 0.0667, 0.4167, 0.5167, 0.6667, 0.7667, 0.9333, 1.1833, 1.4167],
            "transform": [
                [1.0, 0.0, 0.0, 0.0, -0.0, 0.99793, -0.064318, 0.3, -0.0, 0.064318, 0.99793, -0.0, 0.0, 0.0, 0.0, 1.0],
                [1.0, 0.0, 0.0, -0.0, -0.0, 0.547572, -0.836759, 0.3, -0.0, 0.836759, 0.547572, -0.0, 0.0, 0.0, 0.0, 1.0],
                [1.0, 0.0, -0.0, -0.0, -0.0, 0.531612, -0.846988, 0.3, 0.0, 0.846988, 0.531612, -0.0, 0.0, 0.0, 0.0, 1.0],
                [1.0, 0.0, -0.0, 0.0, -0.0, 0.999869, -0.016231, 0.3, 0.0, 0.016231, 0.999869, -0.0, 0.0, 0.0, 0.0, 1.0],
                [1.0, 0.0, 0.0, 0.0, -0.0, 0.996171, 0.087424, 0.3, -0.0, -0.087424, 0.996172, 0.0, 0.0, 0.0, 0.0, 1.0],
                [1.0, 0.0, 0.0, 0.0, -0.0, 0.96204, -0.272909, 0.300001, -0.0, 0.272909, 0.96204, -0.0, 0.0, 0.0, 0.0, 1.0],
                [1.0, 0.0, 0.0, 0.0, 0.0, 0.73517, -0.677884, 0.3, -0.0, 0.677884, 0.73517, -0.0, 0.0, 0.0, 0.0, 1.0],
                [1.0, 0.0, 0.0, -0.0, -0.0, 0.996171, 0.087424, 0.3, -0.0, -0.087424, 0.996171, -0.0, 0.0, 0.0, 0.0, 1.0],
                [1.0, 0.0, 0.0, -0.0, -0.0, 0.996171, 0.087424, 0.3, -0.0, -0.087424, 0.996171, -0.0, 0.0, 0.0, 0.0, 1.0]
            ]
        },
        {
            "name": "Tool_L",
            "time": [0.0, 0.4167, 0.6667, 0.7667, 0.9333, 1.0167, 1.1, 1.1833, 1.4167],
            "transform": [
                [1.0, 0.0, 0.0, 0.0, 0.0, -0.999836, 0.018122, 0.272858, 0.0, -0.018122, -0.999247, 0.0, 0.0, 0.0, 0.0, 1.0],
                [1.0, 0.0, 0.0, 0.0, 0.0, -0.999836, 0.018122, 0.272858, 0.0, -0.018122, -0.999247, -0.0, 0.0, 0.0, 0.0, 1.0],
                [1.0, -0.0, 0.0, -0.0, 0.0, -0.887302, -0.461188, 0.272858, 0.0, 0.460907, -0.886786, -0.0, 0.0, 0.0, 0.0, 1.0],
                [1.0, -0.0, 0.0, -0.0, 0.0, -0.887302, -0.461188, 0.272858, 0.0, 0.460907, -0.886785, -0.0, 0.0, 0.0, 0.0, 1.0],
                [1.0, -0.0, -0.0, -0.0, 0.0, 0.302429, -0.953172, 0.272858, 0.0, 0.952615, 0.302241, -0.0, 0.0, 0.0, 0.0, 1.0],
                [1.0, 0.0, -0.0, -0.0, -0.0, 0.886617, 0.462504, 0.272858, 0.0, -0.462222, 0.886101, -0.0, 0.0, 0.0, 0.0, 1.0],
                [1.0, 0.0, 0.0, -0.0, -0.0, -0.139224, 0.990261, 0.272858, 0.0, -0.98968, -0.139132, 0.0, 0.0, 0.0, 0.0, 1.0],
                [1.0, -0.0, 0.0, 0.0, -0.0, -0.999579, 0.029013, 0.272858, 0.0, -0.029007, -0.998991, -0.0, 0.0, 0.0, 0.0, 1.0],
                [1.0, -0.0, 0.0, 0.0, -0.0, -0.999579, 0.029013, 0.272858, 0.0, -0.029007, -0.998991, -0.0, 0.0, 0.0, 0.0, 1.0]
            ]
        },
        {
            "name": "Elbow_L",
            "time": [0.0, 0.4167, 0.6667, 0.7667, 1.1833, 1.4167],
            "transform": [
                [-1.0, 0.0, -0.0, 0.0, 0.0, -0.0, -1.0, 0.3, -0.0, -1.0, -0.0, -0.0, 0.0, 0.0, 0.0, 1.0],
                [-1.0, 0.0, -0.0, -0.0, 0.0, -0.0, -1.0, 0.3, -0.0, -1.0, -0.0, -0.0, 0.0, 0.0, 0.0, 1.0],
                [-1.0, 0.0, -0.0, 0.0, 0.0, -0.0, -1.0, 0.3, -0.0, -1.0, 0.0, 0.0, 0.0, 0.0, 0.0, 1.0],
                [-1.0, 0.0, -0.0, 0.0, 0.0, 0.0, -1.0, 0.300001, -0.0, -1.0, 0.0, -0.0, 0.0, 0.0, 0.0, 1.0],
                [-1.0, 0.0, -0.0, -0.0, 0.0, -0.0, -1.0, 0.3, -0.0, -1.0, -0.0, -0.0, 0.0, 0.0, 0.0, 1.0],
                [-1.0, 0.0, -0.0, -0.0, 0.0, -0.0, -1.0, 0.3, -0.0, -1.0, -0.0, -0.0, 0.0, 0.0, 0.0, 1.0]
            ]
        }
    ]
}