{
    "animation": [
        {
            "name": "Root",
            "time": [0.0, 0.1667, 0.25, 0.35, 0.4333, 0.5667, 0.7, 0.9333],
            "transform": [
                [0.984196, 0.093894, -0.150138, -5e-06, -0.166203, 0.197227, -0.966167, 0.000946, -0.061106, 0.975851, 0.209716, 0.695056, 0.0, 0.0, 0.0, 1.0],
                [0.550825, 0.086131, -0.830165, -0.093632, -0.831661, 0.140335, -0.537258, 2.245704, 0.070226, 0.986351, 0.148932, 0.836367, 0.0, 0.0, 0.0, 1.0],
                [0.23472, 0.086131, -0.96824, -0.061159, -0.96502, 0.140335, -0.221455, 2.509162, 0.116804, 0.986351, 0.116058, 0.811176, 0.0, 0.0, 0.0, 1.0],
                [0.73129, 0.09186, -0.675853, 0.097208, -0.67789, 0.207379, -0.705308, 3.729328, 0.075368, 0.973938, 0.213925, 0.743227, 0.0, 0.0, 0.0, 1.0],
                [0.513419, -0.048974, 0.85674, 0.228079, 0.827373, 0.293179, -0.479061, 3.714754, -0.227717, 0.954802, 0.191043, 0.453415, 0.0, 0.0, 0.0, 1.0],
                [0.465007, 0.00997, 0.885251, 0.190249, 0.856817, 0.246562, -0.452848, 4.211565, -0.222784, 0.969076, 0.106111, 0.472533, 0.0, 0.0, 0.0, 1.0],
                [0.720005, 0.046206, 0.692428, 0.108307, 0.680271, 0.150268, -0.717391, 4.521425, -0.137197, 0.987565, 0.076761, 0.590886, 0.0, 0.0, 0.0, 1.0],
                [1.0, 0.0, 0.0, -5e-06, 0.0, 0.0, -1.0, 4.874575, 0.0, 1.0, 0.0, 0.764948, 0.0, 0.0, 0.0, 1.0]
            ]
        },
        {
            "name": "Thigh_R",
            "time": [0.0, 0.1667, 0.25, 0.4333, 0.5667, 0.7, 0.9333],
            "transform": [
                [0.987144, 0.077035, -0.140038, 0.124994, 0.088761, -0.992873, 0.079502, -0.002831, -0.132916, -0.090909, -0.98695, -1.2e-05, 0.0, 0.0, 0.0, 1.0],
                [0.897925, 0.415837, -0.14425, 0.146872, 0.390933, -0.904064, -0.17273, -0.060909, -0.20224, 0.098707, -0.974349, -0.000573, 0.0, 0.0, 0.0, 1.0],
                [0.847718, 0.512401, -0.137176, 0.146872, 0.506749, -0.858729, -0.076068, -0.060909, -0.156775, -0.005029, -0.987622, -0.000573, 0.0, 0.0, 0.0, 1.0],
                [0.516732, 0.806332, -0.287776, 0.146872, 0.474068, 0.010417, 0.880427, -0.060909, 0.712914, -0.591368, -0.376875, -0.000573, 0.0, 0.0, 0.0, 1.0],
                [0.45466, 0.886707, -0.083858, 0.146873, 0.327539, -0.078901, 0.941538, -0.060909, 0.828252, -0.455545, -0.326306, -0.000573, 0.0, 0.0, 0.0, 1.0],
                [0.728735, 0.61719, 0.296682, 0.133473, 0.099087, -0.523715, 0.846111, 0.010349, 0.677589, -0.587192, -0.442807, 0.004489, 0.0, 0.0, 0.0, 1.0],
                [0.973736, 0.084118, 0.211568, 0.124994, 0.051884, -0.986777, 0.153544, -0.002831, 0.221686, -0.138534, -0.965227, -1.2e-05, 0.0, 0.0, 0.0, 1.0]
            ]
        },
        {
            "name": "Leg_R",
            "time": [0.0, 0.1667, 0.25, 0.4333, 0.5667, 0.9333],
            "transform": [
                [0.999395, -0.034514, 0.004231, 0.0, 0.034355, 0.998858, 0.033237, 0.37472, -0.005373, -0.033072, 0.999438, -0.0, 0.0, 0.0, 0.0, 1.0],
                [0.999395, -0.034514, 0.004231, 0.0, 0.034355, 0.998858, 0.033237, 0.37472, -0.005373, -0.033072, 0.999438, -0.0, 0.0, 0.0, 0.0, 1.0],
                [0.999395, -0.03465, 0.002909, -0.0, 0.034355, 0.996859, 0.071371, 0.37472, -0.005373, -0.071228, 0.997445, 0.0, 0.0, 0.0, 0.0, 1.0],
                [0.999395, -0.031382, -0.014977, -0.0, 0.034355, 0.824558, 0.564734, 0.37472, -0.005373, -0.564907, 0.825137, -0.0, 0.0, 0.0, 0.0, 1.0],
                [0.999395, -0.029462, -0.018469, 0.0, 0.034355, 0.754519, 0.655379, 0.37472, -0.005373, -0.655618, 0.755073, -0.0, 0.0, 0.0, 0.0, 1.0],
                [1.0, 0.0, 1e-06, -0.0, -0.0, 0.984472, 0.175547, 0.37472, -1e-06, -0.175547, 0.98447, 0.0, 0.0, 0.0, 0.0, 1.0]
            ]
        },
        {
            "name": "Knee_R",
            "time": [0.0, 0.1667, 0.25, 0.4333, 0.5667, 0.9333],
            "transform": [
                [1.0, -0.0, -0.0, -0.000179, -0.0, -0.260585, -0.965451, 0.436391, -0.0, 0.965451, -0.260585, -0.000613, 0.0, 0.0, 0.0, 1.0],
                [1.0, -0.0, -0.0, -0.000179, -0.0, -0.260585, -0.965451, 0.436391, -0.0, 0.965451, -0.260585, -0.000613, 0.0, 0.0, 0.0, 1.0],
                [1.0, 0.0, -0.0, -0.000179, -0.0, -0.260585, -0.965451, 0.436391, -0.0, 0.965451, -0.260585, -0.000613, 0.0, 0.0, 0.0, 1.0],
                [1.0, 0.0, -0.0, -0.000179, -0.0, -0.260585, -0.965451, 0.436391, -0.0, 0.965451, -0.260585, -0.000613, 0.0, 0.0, 0.0, 1.0],
                [1.0, 0.0, -0.0, -0.000179, -0.0, -0.260585, -0.965451, 0.436391, -0.0, 0.965451, -0.260585, -0.000614, 0.0, 0.0, 0.0, 1.0],
                [1.0, 0.0, -0.0, -0.0, -0.0, 1e-06, -1.0, 0.383077, -0.0, 1.0, 1e-06, -0.001653, 0.0, 0.0, 0.0, 1.0]
            ]
        },
        {
            "name": "Thigh_L",
            "time": [0.0, 0.1667, 0.25, 0.4333, 0.5667, 0.9333],
            "transform": [
                [0.981707, -0.186942, -0.036084, -0.125006, -0.011385, -0.246828, 0.968992, -0.002831, -0.190052, -0.950857, -0.244442, -1.2e-05, 0.0, 0.0, 0.0, 1.0],
                [0.887754, -0.416752, 0.195471, -0.125006, -0.081239, 0.276132, 0.95768, -0.002831, -0.45309, -0.866065, 0.21128, -1.2e-05, 0.0, 0.0, 0.0, 1.0],
                [0.872501, -0.441934, 0.208412, -0.125006, -0.126211, 0.20822, 0.969904, -0.002831, -0.472029, -0.872547, 0.125895, -1.2e-05, 0.0, 0.0, 0.0, 1.0],
                [0.844091, -0.534066, 0.047779, -0.125006, -0.475803, -0.704953, 0.525977, -0.002831, -0.247224, -0.466706, -0.849155, -1.2e-05, 0.0, 0.0, 0.0, 1.0],
                [0.746962, -0.662907, 0.051001, -0.125006, -0.650055, -0.712073, 0.26529, -0.002831, -0.139546, -0.231315, -0.962819, -1.2e-05, 0.0, 0.0, 0.0, 1.0],
                [0.95515, -0.069461, -0.287858, -0.125006, -0.059939, -0.997328, 0.041774, -0.002831, -0.28999, -0.022646, -0.956761, -1.2e-05, 0.0, 0.0, 0.0, 1.0]
            ]
        },
        {
            "name": "Leg_L",
            "time": [0.0, 0.1667, 0.25, 0.4333, 0.5667, 0.7, 0.9333],
            "transform": [
                [0.998876, -0.041922, 0.022113, 0.0, -0.038489, -0.445202, 0.894603, 0.37472, -0.027659, -0.894448, -0.446316, 0.0, 0.0, 0.0, 0.0, 1.0],
                [0.998876, -0.041922, 0.022113, -0.0, -0.038489, -0.445202, 0.894603, 0.37472, -0.027659, -0.894448, -0.446316, 0.0, 0.0, 0.0, 0.0, 1.0],
                [0.998876, -0.039702, 0.025888, 0.0, -0.038489, -0.360733, 0.931875, 0.37472, -0.027659, -0.931823, -0.361856, -0.0, 0.0, 0.0, 0.0, 1.0],
                [0.998876, 0.021119, 0.042431, -0.0, -0.038489, 0.88386, 0.466165, 0.37472, -0.027658, -0.467274, 0.88368, -0.0, 0.0, 0.0, 0.0, 1.0],
                [0.998876, 0.032272, 0.034712, -0.0, -0.038489, 0.979703, 0.196725, 0.37472, -0.027658, -0.197839, 0.979845, -0.0, 0.0, 0.0, 0.0, 1.0],
                [0.999473, 0.002736, 0.032356, 0.0, -0.026654, 0.638247, 0.76937, 0.37472, -0.018546, -0.769826, 0.637984, -0.0, 0.0, 0.0, 0.0, 1.0],
                [1.0, 0.0, 1e-06, 0.0, -0.0, 0.996194, 0.087156, 0.37472, -1e-06, -0.087156, 0.996195, 0.0, 0.0, 0.0, 0.0, 1.0]
            ]
        },
        {
            "name": "Knee_L",
            "time": [0.0, 0.1667, 0.25, 0.4333, 0.5667, 0.9333],
            "transform": [
                [0.999765, 0.020014, 0.008299, 0.0, -0.007895, 0.693204, -0.720698, 0.37472, -0.020177, 0.720464, 0.693199, 0.0, 0.0, 0.0, 0.0, 1.0],
                [0.999765, 0.020014, 0.008299, -0.0, -0.007895, 0.693204, -0.720698, 0.37472, -0.020177, 0.720464, 0.693199, 0.0, 0.0, 0.0, 0.0, 1.0],
                [0.999765, 0.020244, 0.007722, 0.0, -0.007895, 0.672273, -0.740261, 0.37472, -0.020177, 0.740026, 0.672275, -0.0, 0.0, 0.0, 0.0, 1.0],
                [0.999765, 0.021657, -0.000624, -0.0, -0.007895, 0.337353, -0.941345, 0.37472, -0.020177, 0.941129, 0.337445, -0.0, 0.0, 0.0, 0.0, 1.0],
                [0.999765, 0.021524, -0.002477, -0.0, -0.007895, 0.255465, -0.966786, 0.37472, -0.020177, 0.966579, 0.255575, -0.0, 0.0, 0.0, 0.0, 1.0],
                [1.0, 0.0, -0.0, 0.0, -0.0, 1e-06, -1.0, 0.37472, -0.0, 1.0, 1e-06, 0.0, 0.0, 0.0, 0.0, 1.0]
            ]
        },
        {
            "name": "Torso",
            "time": [0.0, 0.1667, 0.25, 0.4333, 0.5667, 0.9333],
            "transform": [
                [0.988045, -0.080186, -0.13167, 0.0, 0.1033, 0.978346, 0.179356, 0.05, 0.114437, -0.190814, 0.974933, -0.0, 0.0, 0.0, 0.0, 1.0],
                [0.988045, -0.080186, -0.13167, -0.0, 0.1033, 0.978346, 0.179356, 0.05, 0.114437, -0.190814, 0.974933, 0.0, 0.0, 0.0, 0.0, 1.0],
                [0.989774, -0.06554, -0.126693, 0.0, 0.089152, 0.977577, 0.190775, 0.05, 0.111349, -0.200119, 0.973424, 0.0, 0.0, 0.0, 0.0, 1.0],
                [0.990779, 0.128649, -0.042494, -0.0, -0.107128, 0.935891, 0.335606, 0.05, 0.082945, -0.327959, 0.941043, 0.0, 0.0, 0.0, 0.0, 1.0],
                [0.985382, 0.169149, -0.020275, 0.0, -0.150286, 0.919143, 0.36413, 0.05, 0.080228, -0.35576, 0.931127, -0.0, 0.0, 0.0, 0.0, 1.0],
                [0.996512, 0.0, 0.083446, 0.0, 0.0, 1.0, 0.0, 0.05, -0.083446, 0.0, 0.996512, 0.0, 0.0, 0.0, 0.0, 1.0]
            ]
        },
        {
            "name": "Chest",
            "time": [0.0, 0.1667, 0.25, 0.4333, 0.5667, 0.7, 0.9333],
            "transform": [
                [0.800587, 0.082248, -0.593545, 0.0, -0.087194, 0.995982, 0.020405, 0.3, 0.592838, 0.035418, 0.804542, 0.0, 0.0, 0.0, 0.0, 1.0],
                [0.699238, 0.082248, -0.710142, -0.0, -0.082993, 0.995982, 0.033635, 0.3, 0.710055, 0.035418, 0.703254, -0.0, 0.0, 0.0, 0.0, 1.0],
                [0.742943, 0.087081, -0.663665, 0.0, -0.076188, 0.996059, 0.045406, 0.3, 0.665004, 0.01683, 0.74665, 0.0, 0.0, 0.0, 0.0, 1.0],
                [0.981427, 0.027811, 0.189811, -0.0, -0.06538, 0.978691, 0.194654, 0.3, -0.180353, -0.203448, 0.962331, -0.0, 0.0, 0.0, 0.0, 1.0],
                [0.928104, -0.00817, 0.372231, 0.0, -0.080182, 0.971914, 0.221255, 0.3, -0.363585, -0.235194, 0.901382, -0.0, 0.0, 0.0, 0.0, 1.0],
                [0.968924, -0.09193, 0.229639, -0.0, -0.045158, 0.84703, 0.529623, 0.3, -0.2432, -0.523534, 0.816557, 0.0, 0.0, 0.0, 0.0, 1.0],
                [0.996909, 0.004476, -0.078441, 0.0, 0.0, 0.998376, 0.056972, 0.3, 0.078568, -0.056796, 0.99529, 0.0, 0.0, 0.0, 0.0, 1.0]
            ]
        },
        {
            "name": "Head",
            "time": [0.0, 0.1667, 0.25, 0.4333, 0.5667, 0.9333],
            "transform": [
                [0.562194, -0.0, 0.827005, -0.0, 0.155283, 0.982214, -0.10556, 0.4, -0.812296, 0.187765, 0.552195, -0.0, 0.0, 0.0, 0.0, 1.0],
                [0.562194, -0.0, 0.827005, 0.0, 0.155283, 0.982214, -0.10556, 0.4, -0.812296, 0.187765, 0.552195, 0.0, 0.0, 0.0, 0.0, 1.0],
                [0.645001, -0.0, 0.764182, 0.0, 0.143487, 0.982214, -0.121109, 0.4, -0.75059, 0.187765, 0.633529, -0.0, 0.0, 0.0, 0.0, 1.0],
                [0.64134, -0.0, -0.767257, 0.0, -0.144064, 0.982214, -0.120421, 0.4, 0.75361, 0.187765, 0.629933, 0.0, 0.0, 0.0, 0.0, 1.0],
                [0.359629, 0.0, -0.933096, -0.0, -0.175203, 0.982214, -0.067526, 0.4, 0.916499, 0.187765, 0.353232, -0.0, 0.0, 0.0, 0.0, 1.0],
                [1.0, -0.0, 0.0, 0.0, -0.0, 0.999699, -0.024548, 0.4, 0.0, 0.024548, 0.999699, 0.0, 0.0, 0.0, 0.0, 1.0]
            ]
        },
        {
            "name": "Shoulder_R",
            "time": [0.0, 0.1667, 0.25, 0.4333, 0.5667, 0.9333],
            "transform": [
                [0.0, 0.996269, -0.086301, -0.0, -0.0, 0.086301, 0.996269, 0.4, 1.0, 0.0, 0.0, -0.0, 0.0, 0.0, 0.0, 1.0],
                [0.099721, 0.937908, 0.332241, 0.0, -0.180782, -0.311269, 0.932968, 0.4, 0.978454, -0.1531, 0.138517, 0.0, 0.0, 0.0, 0.0, 1.0],
                [0.071484, 0.935875, 0.345005, 0.0, -0.172217, -0.329114, 0.928453, 0.4, 0.982462, -0.125785, 0.137647, -0.0, 0.0, 0.0, 0.0, 1.0],
                [-0.295208, 0.893964, 0.337165, 0.0, -0.035854, -0.363009, 0.931095, 0.4, 0.95476, 0.262778, 0.139216, 0.0, 0.0, 0.0, 0.0, 1.0],
                [-0.3712, 0.867079, 0.332241, -0.0, -0.00567, -0.359915, 0.932968, 0.4, 0.928535, 0.344434, 0.138517, -0.0, 0.0, 0.0, 0.0, 1.0],
                [-0.004613, 0.951979, 0.306128, 0.0, 0.000526, -0.306129, 0.95199, 0.4, 0.999989, 0.004553, 0.000911, 0.0, 0.0, 0.0, 0.0, 1.0]
            ]
        },
        {
            "name": "Arm_R",
            "time": [0.0, 0.1667, 0.25, 0.4333, 0.5667, 0.7, 0.9333],
            "transform": [
                [-0.21332, -0.781568, -0.586213, 0.0, 0.964885, -0.262672, -0.00091, 0.39386, -0.15327, -0.565822, 0.810156, 0.0, 0.0, 0.0, 0.0, 1.0],
                [0.803449, 0.015398, -0.595175, 0.0, 0.463115, 0.612069, 0.641012, 0.39386, 0.374158, -0.790654, 0.484635, 0.0, 0.0, 0.0, 0.0, 1.0],
                [0.797538, 0.017543, -0.603014, -0.0, 0.406799, 0.722484, 0.559045, 0.39386, 0.445475, -0.691165, 0.569072, -0.0, 0.0, 0.0, 0.0, 1.0],
                [0.816575, -0.505217, -0.279213, -0.0, 0.418103, 0.851162, -0.317353, 0.39386, 0.397988, 0.142402, 0.906271, -0.0, 0.0, 0.0, 0.0, 1.0],
                [0.803449, -0.579042, -0.138492, 0.0, 0.463115, 0.754009, -0.465827, 0.393861, 0.374158, 0.310131, 0.87397, 0.0, 0.0, 0.0, 0.0, 1.0],
                [0.68644, -0.581918, -0.436086, 0.0, 0.361208, 0.793331, -0.490055, 0.39386, 0.631133, 0.178875, 0.754768, -1e-06, 0.0, 0.0, 0.0, 1.0],
                [0.101348, -0.728137, -0.677897, 0.0, 0.953637, 0.265202, -0.142285, 0.39386, 0.283383, -0.632047, 0.721256, 0.0, 0.0, 0.0, 0.0, 1.0]
            ]
        },
        {
            "name": "Hand_R",
            "time": [0.0, 0.1667, 0.25, 0.4333, 0.5667, 0.9333],
            "transform": [
                [1.0, -0.0, 0.0, 0.0, -0.0, 0.189181, -0.981942, 0.3, -0.0, 0.981942, 0.18918, -0.0, 0.0, 0.0, 0.0, 1.0],
                [1.0, 0.0, 0.0, 0.0, 0.0, 0.189181, -0.981942, 0.3, 0.0, 0.981942, 0.189181, 0.0, 0.0, 0.0, 0.0, 1.0],
                [1.0, -0.0, -0.0, 0.0, 0.0, 0.184527, -0.982828, 0.3, 0.0, 0.982827, 0.184527, 0.0, 0.0, 0.0, 0.0, 1.0],
                [1.0, -0.0, 0.0, -0.0, 0.0, 0.120969, -0.992656, 0.3, -0.0, 0.992656, 0.120969, -0.0, 0.0, 0.0, 0.0, 1.0],
                [1.0, 0.0, 0.0, -0.0, 0.0, 0.10692, -0.994268, 0.3, 0.0, 0.994268, 0.10692, 0.0, 0.0, 0.0, 0.0, 1.0],
                [1.0, -0.0, 0.0, -0.0, 0.0, -0.293999, -0.955806, 0.3, 0.0, 0.955806, -0.293998, -0.0, 0.0, 0.0, 0.0, 1.0]
            ]
        },
        {
            "name": "Tool_R",
            "time": [0.0, 0.1667, 0.25, 0.4333, 0.5667, 0.9333],
            "transform": [
                [1.0, -0.0, 0.0, -0.0, 0.0, -0.999836, 0.018122, 0.272858, 0.0, -0.018122, -0.999244, -0.0, 0.0, 0.0, 0.0, 1.0],
                [1.0, 0.0, 0.0, 0.0, 0.0, -0.999836, 0.018122, 0.272858, 0.0, -0.018122, -0.999244, -0.0, 0.0, 0.0, 0.0, 1.0],
                [1.0, 0.0, 0.0, -0.0, 0.0, -0.999836, 0.018122, 0.272858, 0.0, -0.018122, -0.999244, -0.0, 0.0, 0.0, 0.0, 1.0],
                [1.0, 0.0, 0.0, 0.0, 0.0, -0.999836, 0.018122, 0.272858, 0.0, -0.018122, -0.999244, 0.0, 0.0, 0.0, 0.0, 1.0],
                [1.0, 0.0, 0.0, -0.0, 0.0, -0.999836, 0.018122, 0.272858, 0.0, -0.018122, -0.999244, -0.0, 0.0, 0.0, 0.0, 1.0],
                [1.0, 0.0, 0.0, 0.0, 0.0, -0.999836, 0.018122, 0.272858, 0.0, -0.018122, -0.999244, 0.0, 0.0, 0.0, 0.0, 1.0]
            ]
        },
        {
            "name": "Elbow_R",
            "time": [0.0, 0.1667, 0.25, 0.4333, 0.5667, 0.9333],
            "transform": [
                [-1.0, 0.0, 0.0, 0.000596, 0.0, 0.367435, -0.930049, 0.384548, -0.0, -0.93005, -0.367434, 0.001188, 0.0, 0.0, 0.0, 1.0],
                [-1.0, 0.0, 0.0, 0.000596, -0.0, 0.367434, -0.930049, 0.384548, -0.0, -0.93005, -0.367434, 0.001188, 0.0, 0.0, 0.0, 1.0],
                [-1.0, 0.0, 0.0, 0.000596, -0.0, 0.367435, -0.930049, 0.384548, -0.0, -0.93005, -0.367434, 0.001188, 0.0, 0.0, 0.0, 1.0],
                [-1.0, 0.0, 0.0, 0.000596, -0.0, 0.367434, -0.930049, 0.384548, -0.0, -0.93005, -0.367434, 0.001187, 0.0, 0.0, 0.0, 1.0],
                [-1.0, 0.0, 0.0, 0.000596, -0.0, 0.367434, -0.930049, 0.384548, -0.0, -0.93005, -0.367434, 0.001188, 0.0, 0.0, 0.0, 1.0],
                [-1.0, 0.0, 0.0, -0.0, 0.0, 0.735098, -0.677961, 0.3, -0.0, -0.677961, -0.735098, -0.0, 0.0, 0.0, 0.0, 1.0]
            ]
        },
        {
            "name": "Shoulder_L",
            "time": [0.0, 0.1667, 0.25, 0.4333, 0.5667, 0.9333],
            "transform": [
                [0.114511, -0.945203, -0.305743, -0.0, 0.036772, -0.303524, 0.952114, 0.4, -0.992741, -0.12027, -0.0, -0.0, 0.0, 0.0, 0.0, 1.0],
                [0.419363, -0.854784, -0.305743, 0.0, 0.134666, -0.274489, 0.952114, 0.4, -0.897775, -0.440454, 0.0, 0.0, 0.0, 0.0, 0.0, 1.0],
                [0.376388, -0.874559, -0.305743, 0.0, 0.120866, -0.280839, 0.952114, 0.4, -0.918544, -0.395318, 0.0, -0.0, 0.0, 0.0, 0.0, 1.0],
                [-0.273826, -0.911888, -0.305743, 0.0, -0.087931, -0.292826, 0.952114, 0.4, -0.957751, 0.287597, 0.0, 0.0, 0.0, 0.0, 0.0, 1.0],
                [-0.406804, -0.860832, -0.305743, -0.0, -0.130633, -0.276431, 0.952114, 0.4, -0.904127, 0.427264, 0.0, -0.0, 0.0, 0.0, 0.0, 1.0],
                [0.004613, -0.952228, -0.305355, 0.0, 0.000524, -0.305355, 0.952238, 0.4, -0.999989, -0.004553, -0.00091, 0.0, 0.0, 0.0, 0.0, 1.0]
            ]
        },
        {
            "name": "Arm_L",
            "time": [0.0, 0.1667, 0.25, 0.4333, 0.5667, 0.7, 0.9333],
            "transform": [
                [-0.394069, 0.915358, 0.082644, -0.0, 0.0979, 0.131214, -0.986508, 0.39386, -0.913852, -0.380661, -0.141321, 0.0, 0.0, 0.0, 0.0, 1.0],
                [0.138918, 0.986849, 0.082644, -0.0, 0.151825, 0.061243, -0.986508, 0.39386, -0.978596, 0.149591, -0.141321, -0.0, 0.0, 0.0, 0.0, 1.0],
                [0.165285, 0.951213, 0.260528, -0.0, 0.112112, 0.244327, -0.96319, 0.393861, -0.979853, 0.188409, -0.066259, 0.0, 0.0, 0.0, 0.0, 1.0],
                [-0.069537, -0.358173, 0.931062, 0.0, -0.144022, 0.927148, 0.345911, 0.393861, -0.987128, -0.11004, -0.116056, 0.0, 0.0, 0.0, 0.0, 1.0],
                [-0.106944, 0.55507, 0.8249, -0.0, -0.207125, 0.799019, -0.564507, 0.39386, -0.972452, -0.231227, 0.029519, -0.0, 0.0, 0.0, 0.0, 1.0],
                [-0.056496, 0.113873, 0.991888, 0.0, -0.508612, 0.851617, -0.126739, 0.39386, -0.85914, -0.511646, 0.009804, -0.0, 0.0, 0.0, 0.0, 1.0],
                [0.337981, -0.043619, 0.940141, -0.0, -0.891463, 0.305452, 0.334653, 0.39386, -0.301766, -0.951208, 0.064352, 0.0, 0.0, 0.0, 0.0, 1.0]
            ]
        },
        {
            "name": "Hand_L",
            "time": [0.0, 0.1667, 0.25, 0.4333, 0.5667, 0.7, 0.9333],
            "transform": [
                [1.0, -0.0, 0.0, 0.0, 0.0, 0.945698, -0.325048, 0.3, -0.0, 0.325048, 0.945698, -0.0, 0.0, 0.0, 0.0, 1.0],
                [1.0, -0.0, 0.0, -0.0, 0.0, 0.945698, -0.325048, 0.3, -0.0, 0.325048, 0.945698, -0.0, 0.0, 0.0, 0.0, 1.0],
                [1.0, -0.0, 0.0, -0.0, 0.0, 0.953174, -0.302423, 0.3, -0.0, 0.302422, 0.953174, -0.0, 0.0, 0.0, 0.0, 1.0],
                [1.0, -0.0, 0.0, 0.0, 0.0, 0.999826, 0.018661, 0.3, 0.0, -0.018661, 0.999826, 0.0, 0.0, 0.0, 0.0, 1.0],
                [1.0, -0.0, 0.0, -0.0, 0.0, 0.995959, 0.089814, 0.3, -0.0, -0.089814, 0.995959, 0.0, 0.0, 0.0, 0.0, 1.0],
                [1.0, -0.0, 0.0, 0.0, 0.0, 0.848331, -0.529466, 0.3, -0.0, 0.529466, 0.848331, -0.0, 0.0, 0.0, 0.0, 1.0],
                [1.0, 0.0, 0.0, 0.0, -0.0, 0.99793, -0.064318, 0.3, -0.0, 0.064318, 0.99793, -0.0, 0.0, 0.0, 0.0, 1.0]
            ]
        },
        {
            "name": "Tool_L",
            "time": [0.0, 0.1667, 0.25, 0.4333, 0.5667, 0.9333],
            "transform": [
                [1.0, 0.0, 0.0, 0.0, 0.0, -0.999836, 0.018122, 0.272858, 0.0, -0.018122, -0.999248, -0.0, 0.0, 0.0, 0.0, 1.0],
                [1.0, -0.0, 0.0, 0.0, 0.0, -0.999836, 0.018122, 0.272858, 0.0, -0.018122, -0.999247, -0.0, 0.0, 0.0, 0.0, 1.0],
                [1.0, -0.0, 0.0, -0.0, 0.0, -0.999836, 0.018122, 0.272858, 0.0, -0.018122, -0.999247, 0.0, 0.0, 0.0, 0.0, 1.0],
                [1.0, 0.0, 0.0, 0.0, 0.0, -0.999836, 0.018122, 0.272858, 0.0, -0.018122, -0.999247, 0.0, 0.0, 0.0, 0.0, 1.0],
                [1.0, 0.0, 0.0, -0.0, 0.0, -0.999836, 0.018122, 0.272858, 0.0, -0.018122, -0.999247, -0.0, 0.0, 0.0, 0.0, 1.0],
                [1.0, 0.0, 0.0, 0.0, 0.0, -0.999836, 0.018122, 0.272858, 0.0, -0.018122, -0.999247, -0.0, 0.0, 0.0, 0.0, 1.0]
            ]
        },
        {
            "name": "Elbow_L",
            "time": [0.0, 0.1667, 0.25, 0.4333, 0.5667, 0.9333],
            "transform": [
                [-1.0, 0.0, -0.0, 0.000227, -0.0, -0.0, -1.0, 0.380327, -0.0, -1.0, -0.0, -0.000541, 0.0, 0.0, 0.0, 1.0],
                [-1.0, 0.0, -0.0, 0.000226, 0.0, -0.0, -1.0, 0.380328, -0.0, -1.0, 0.0, -0.000541, 0.0, 0.0, 0.0, 1.0],
                [-1.0, 0.0, -0.0, 0.000226, 0.0, -0.0, -1.0, 0.380328, -0.0, -1.0, 0.0, -0.000541, 0.0, 0.0, 0.0, 1.0],
                [-1.0, 0.0, -0.0, 0.000227, -0.0, -0.0, -1.0, 0.380328, -0.0, -1.0, -0.0, -0.00054, 0.0, 0.0, 0.0, 1.0],
                [-1.0, 0.0, -0.0, 0.000227, 0.0, -0.0, -1.0, 0.380327, -0.0, -1.0, -0.0, -0.000541, 0.0, 0.0, 0.0, 1.0],
                [-1.0, 0.0, -0.0, 0.0, 0.0, -0.0, -1.0, 0.3, -0.0, -1.0, -0.0, -0.0, 0.0, 0.0, 0.0, 1.0]
            ]
        }
    ]
}