{
    
    "animation": [
        {
            "name": "Root",
            "time": [0.0, 0.35, 0.6333, 0.8167, 1.0333],
            "transform": [
                [1.0, 0.0, 0.0, -5e-06, 0.0, 0.0, -1.0, 0.000946, 0.0, 1.0, 0.0, 0.764948, 0.0, 0.0, 0.0, 1.0],
                [0.352843, 0.0, -0.935683, -0.052297, -0.935683, 0.0, -0.352843, 1.621827, 0.0, 1.0, 0.0, 0.609331, 0.0, 0.0, 0.0, 1.0],
                [0.352843, 0.0, -0.935683, -0.052297, -0.935683, 0.0, -0.352843, 1.621827, 0.0, 1.0, 0.0, 0.609331, 0.0, 0.0, 0.0, 1.0],
                [0.352843, 0.0, -0.935683, -0.052297, -0.935683, 0.0, -0.352843, 1.383692, 0.0, 1.0, 0.0, 0.609331, 0.0, 0.0, 0.0, 1.0],
                [0.352843, 0.0, -0.935683, -0.052297, -0.935683, 0.0, -0.352843, 1.383692, 0.0, 1.0, 0.0, 0.609331, 0.0, 0.0, 0.0, 1.0]
            ]
        },
        {
            "name": "Thigh_R",
            "time": [0.0, 0.2167, 0.35, 0.6333, 0.8167, 1.0333],
            "transform": [
                [0.973736, 0.084118, 0.211568, 0.124994, 0.051884, -0.986777, 0.153544, -0.002831, 0.221686, -0.138534, -0.965227, -1.2e-05, 0.0, 0.0, 0.0, 1.0],
                [0.948279, 0.311851, -0.059284, 0.124994, 0.309301, -0.949728, -0.048425, -0.002831, -0.071405, 0.027584, -0.997066, -1.2e-05, 0.0, 0.0, 0.0, 1.0],
                [0.843465, 0.53217, -0.07321, 0.124994, 0.514821, -0.839722, -0.172695, -0.002831, -0.153379, 0.107973, -0.982251, -1.2e-05, 0.0, 0.0, 0.0, 1.0],
                [0.843465, 0.53217, -0.07321, 0.124994, 0.514821, -0.839722, -0.172695, -0.002831, -0.153379, 0.107973, -0.982251, -1.2e-05, 0.0, 0.0, 0.0, 1.0],
                [0.965263, 0.250811, -0.07321, 0.124994, 0.235418, -0.956426, -0.172695, -0.002831, -0.113334, 0.149462, -0.982251, -1.2e-05, 0.0, 0.0, 0.0, 1.0],
                [0.965263, 0.250811, -0.07321, 0.124994, 0.235418, -0.956426, -0.172695, -0.002831, -0.113334, 0.149462, -0.982251, -1.2e-05, 0.0, 0.0, 0.0, 1.0]
            ]
        },
        {
            "name": "Leg_R",
            "time": [0.0, 0.2167, 0.35, 0.6333, 1.0333],
            "transform": [
                [1.0, 0.0, 1e-06, 0.0, -0.0, 0.984472, 0.175547, 0.37472, -1e-06, -0.175547, 0.98447, 0.0, 0.0, 0.0, 0.0, 1.0],
                [1.0, 0.0, 1e-06, 0.0, -0.0, 0.960492, 0.278311, 0.37472, -1e-06, -0.278311, 0.96049, 0.0, 0.0, 0.0, 0.0, 1.0],
                [1.0, -0.0, 1e-06, 0.0, -0.0, 0.879186, 0.47648, 0.37472, -1e-06, -0.47648, 0.879185, 0.0, 0.0, 0.0, 0.0, 1.0],
                [1.0, -0.0, 1e-06, 0.0, -0.0, 0.879186, 0.47648, 0.37472, -1e-06, -0.47648, 0.879185, 0.0, 0.0, 0.0, 0.0, 1.0],
                [1.0, 0.0, 1e-06, 0.0, -0.0, 0.879186, 0.47648, 0.37472, -1e-06, -0.47648, 0.879185, 0.0, 0.0, 0.0, 0.0, 1.0]
            ]
        },
        {
            "name": "Knee_R",
            "time": [0.0, 0.35, 0.6333, 1.0333],
            "transform": [
                [1.0, 0.0, -0.0, 0.0, -0.0, 1e-06, -1.0, 0.383077, -0.0, 1.0, 1e-06, -0.001653, 0.0, 0.0, 0.0, 1.0],
                [1.0, 0.0, -0.0, 0.0, -0.0, 1e-06, -1.0, 0.383077, -0.0, 1.0, 1e-06, -0.001653, 0.0, 0.0, 0.0, 1.0],
                [1.0, 0.0, -0.0, 0.0, -0.0, 1e-06, -1.0, 0.383077, -0.0, 1.0, 1e-06, -0.001653, 0.0, 0.0, 0.0, 1.0],
                [1.0, 0.0, -0.0, -0.0, -0.0, 1e-06, -1.0, 0.383077, -0.0, 1.0, 1e-06, -0.001653, 0.0, 0.0, 0.0, 1.0]
            ]
        },
        {
            "name": "Thigh_L",
            "time": [0.0, 0.2167, 0.35, 0.6333, 0.8167, 1.0333],
            "transform": [
                [0.95515, -0.069461, -0.287858, -0.125006, -0.059939, -0.997328, 0.041774, -0.002831, -0.28999, -0.022646, -0.956761, -1.2e-05, 0.0, 0.0, 0.0, 1.0],
                [0.745146, -0.343761, -0.571476, -0.125006, 0.032315, -0.837295, 0.545794, -0.002831, -0.666117, -0.425164, -0.612799, -1.2e-05, 0.0, 0.0, 0.0, 1.0],
                [0.748258, -0.51931, -0.412827, -0.125006, 0.00317, -0.619478, 0.785007, -0.002831, -0.663399, -0.588697, -0.461883, -1.2e-05, 0.0, 0.0, 0.0, 1.0],
                [0.748258, -0.51931, -0.412827, -0.125006, 0.00317, -0.619478, 0.785007, -0.002831, -0.663399, -0.588697, -0.461883, -1.2e-05, 0.0, 0.0, 0.0, 1.0],
                [0.563047, -0.657496, -0.500676, -0.125006, -0.038561, -0.626077, 0.778807, -0.002831, -0.825524, -0.419198, -0.377865, -1.2e-05, 0.0, 0.0, 0.0, 1.0],
                [0.563047, -0.657496, -0.500676, -0.125006, -0.038561, -0.626077, 0.778807, -0.002831, -0.825524, -0.419198, -0.377865, -1.2e-05, 0.0, 0.0, 0.0, 1.0]
            ]
        },
        {
            "name": "Leg_L",
            "time": [0.0, 0.0833, 0.35, 0.6333, 0.8167, 1.0333],
            "transform": [
                [1.0, 0.0, 1e-06, 0.0, -0.0, 0.996194, 0.087156, 0.37472, -1e-06, -0.087156, 0.996195, -0.0, 0.0, 0.0, 0.0, 1.0],
                [1.0, -0.0, 1e-06, -0.0, -0.0, 0.968826, 0.247741, 0.37472, -1e-06, -0.247741, 0.968827, -0.0, 0.0, 0.0, 0.0, 1.0],
                [1.0, -0.0, 1e-06, -0.0, -0.0, 0.745522, 0.66648, 0.37472, -1e-06, -0.66648, 0.745523, -0.0, 0.0, 0.0, 0.0, 1.0],
                [1.0, -0.0, 1e-06, -0.0, -0.0, 0.745522, 0.66648, 0.37472, -1e-06, -0.66648, 0.745523, -0.0, 0.0, 0.0, 0.0, 1.0],
                [1.0, -0.0, 1e-06, -0.0, -0.0, 0.875482, 0.48325, 0.37472, -1e-06, -0.48325, 0.875483, 0.0, 0.0, 0.0, 0.0, 1.0],
                [1.0, -0.0, 1e-06, -0.0, -0.0, 0.875482, 0.48325, 0.37472, -1e-06, -0.48325, 0.875483, 0.0, 0.0, 0.0, 0.0, 1.0]
            ]
        },
        {
            "name": "Knee_L",
            "time": [0.0, 0.35, 0.6333, 1.0333],
            "transform": [
                [1.0, 0.0, -0.0, 0.0, -0.0, 1e-06, -1.0, 0.37472, -0.0, 1.0, 1e-06, -0.0, 0.0, 0.0, 0.0, 1.0],
                [1.0, 0.0, -0.0, -0.0, -0.0, 1e-06, -1.0, 0.37472, -0.0, 1.0, 1e-06, -0.0, 0.0, 0.0, 0.0, 1.0],
                [1.0, 0.0, -0.0, -0.0, -0.0, 1e-06, -1.0, 0.37472, -0.0, 1.0, 1e-06, -0.0, 0.0, 0.0, 0.0, 1.0],
                [1.0, 0.0, -0.0, -0.0, -0.0, 1e-06, -1.0, 0.37472, -0.0, 1.0, 1e-06, 0.0, 0.0, 0.0, 0.0, 1.0]
            ]
        },
        {
            "name": "Torso",
            "time": [0.0, 0.35, 0.6333, 1.0333],
            "transform": [
                [0.996512, 0.0, 0.083446, 0.0, 0.0, 1.0, 0.0, 0.05, -0.083446, 0.0, 0.996512, 0.0, 0.0, 0.0, 0.0, 1.0],
                [0.998606, 0.0, -0.052779, -0.0, 0.0, 1.0, 0.0, 0.05, 0.052779, 0.0, 0.998606, -0.0, 0.0, 0.0, 0.0, 1.0],
                [0.998606, 0.0, -0.052779, -0.0, 0.0, 1.0, 0.0, 0.05, 0.052779, 0.0, 0.998606, -0.0, 0.0, 0.0, 0.0, 1.0],
                [0.998606, 0.0, -0.052779, -0.0, 0.0, 1.0, 0.0, 0.05, 0.052779, 0.0, 0.998606, -0.0, 0.0, 0.0, 0.0, 1.0]
            ]
        },
        {
            "name": "Chest",
            "time": [0.0, 0.0833, 0.1167, 0.35, 0.6333, 0.7, 1.0333],
            "transform": [
                [0.996909, 0.004476, -0.078441, 0.0, 0.0, 0.998376, 0.056972, 0.3, 0.078568, -0.056796, 0.99529, 0.0, 0.0, 0.0, 0.0, 1.0],
                [0.996698, -0.005775, 0.080992, -0.0, -0.009059, 0.983331, 0.181601, 0.3, -0.08069, -0.181735, 0.980032, 0.0, 0.0, 0.0, 0.0, 1.0],
                [0.993779, -0.027646, 0.107883, -0.0, -0.011272, 0.938757, 0.344395, 0.3, -0.110797, -0.343468, 0.932606, 0.0, 0.0, 0.0, 0.0, 1.0],
                [0.994553, 0.004476, -0.104133, 0.0, 0.00147, 0.998376, 0.056953, 0.3, 0.104218, -0.056795, 0.992932, 0.0, 0.0, 0.0, 0.0, 1.0],
                [0.994553, 0.004476, -0.104133, 0.0, 0.00147, 0.998376, 0.056953, 0.3, 0.104218, -0.056795, 0.992932, 0.0, 0.0, 0.0, 0.0, 1.0],
                [0.973604, 0.203107, -0.104133, 0.0, -0.198045, 0.978537, 0.056953, 0.3, 0.113465, -0.034826, 0.992932, 0.0, 0.0, 0.0, 0.0, 1.0],
                [0.99391, -0.036048, -0.104133, 0.0, 0.042144, 0.997487, 0.056953, 0.3, 0.101818, -0.060994, 0.992932, 0.0, 0.0, 0.0, 0.0, 1.0]
            ]
        },
        {
            "name": "Head",
            "time": [0.0, 0.2167, 0.35, 0.6333, 0.7, 1.0333],
            "transform": [
                [1.0, -0.0, 0.0, 0.0, -0.0, 0.999699, -0.024548, 0.4, 0.0, 0.024548, 0.999699, 0.0, 0.0, 0.0, 0.0, 1.0],
                [0.753234, -0.0, 0.657753, 0.0, 0.016146, 0.999699, -0.01849, 0.4, -0.657554, 0.024548, 0.753007, -0.0, 0.0, 0.0, 0.0, 1.0],
                [0.920247, -0.132835, 0.368105, -0.0, -0.087473, 0.847009, 0.524332, 0.4, -0.381438, -0.514714, 0.767838, -0.0, 0.0, 0.0, 0.0, 1.0],
                [0.920247, -0.132835, 0.368105, -0.0, -0.087473, 0.847009, 0.524332, 0.4, -0.381438, -0.514714, 0.767838, -0.0, 0.0, 0.0, 0.0, 1.0],
                [0.833983, -0.000645, 0.55179, 0.0, -0.123629, 0.974359, 0.187992, 0.4, -0.537763, -0.224999, 0.812519, 0.0, 0.0, 0.0, 0.0, 1.0],
                [0.833983, -0.033943, 0.550745, 0.0, -0.123629, 0.961238, 0.246451, 0.4, -0.537763, -0.273624, 0.79746, 0.0, 0.0, 0.0, 0.0, 1.0]
            ]
        },
        {
            "name": "Shoulder_R",
            "time": [0.0, 0.35, 0.6333, 1.0333],
            "transform": [
                [-0.004613, 0.951979, 0.306128, 0.0, 0.000526, -0.306129, 0.95199, 0.4, 0.999989, 0.004553, 0.000911, 0.0, 0.0, 0.0, 0.0, 1.0],
                [-0.004613, 0.951979, 0.306128, -0.0, 0.000526, -0.306129, 0.95199, 0.4, 0.999989, 0.004553, 0.000911, -0.0, 0.0, 0.0, 0.0, 1.0],
                [-0.004613, 0.951979, 0.306128, -0.0, 0.000526, -0.306129, 0.95199, 0.4, 0.999989, 0.004553, 0.000911, -0.0, 0.0, 0.0, 0.0, 1.0],
                [-0.004613, 0.951979, 0.306128, 0.0, 0.000526, -0.306129, 0.95199, 0.4, 0.999989, 0.004553, 0.000911, 0.0, 0.0, 0.0, 0.0, 1.0]
            ]
        },
        {
            "name": "Arm_R",
            "time": [0.0, 0.0833, 0.35, 0.6333, 0.7, 0.8167, 1.0333],
            "transform": [
                [0.101348, -0.728137, -0.677897, -0.0, 0.953637, 0.265202, -0.142285, 0.393861, 0.283383, -0.632047, 0.721256, -0.0, 0.0, 0.0, 0.0, 1.0],
                [0.353841, -0.494271, -0.794035, -0.0, 0.868437, 0.488855, 0.082694, 0.393861, 0.347295, -0.71883, 0.60222, -0.0, 0.0, 0.0, 0.0, 1.0],
                [0.314302, 0.139279, -0.93905, -0.0, 0.708523, 0.62394, 0.329686, 0.39386, 0.63183, -0.76896, 0.097423, 0.0, 0.0, 0.0, 0.0, 1.0],
                [0.314302, 0.139279, -0.93905, -0.0, 0.708523, 0.62394, 0.329686, 0.39386, 0.63183, -0.76896, 0.097423, 0.0, 0.0, 0.0, 0.0, 1.0],
                [0.275229, 0.205993, -0.93905, -0.0, 0.551176, 0.766493, 0.329686, 0.39386, 0.787689, -0.608321, 0.097423, 0.0, 0.0, 0.0, 0.0, 1.0],
                [0.255083, 0.230471, -0.93905, -0.0, 0.478225, 0.814007, 0.329686, 0.393861, 0.840377, -0.533175, 0.097423, 0.0, 0.0, 0.0, 0.0, 1.0],
                [0.255083, 0.230471, -0.93905, -0.0, 0.478225, 0.814007, 0.329686, 0.39386, 0.840377, -0.533175, 0.097423, 0.0, 0.0, 0.0, 0.0, 1.0]
            ]
        },
        {
            "name": "Hand_R",
            "time": [0.0, 0.2167, 0.35, 0.6333, 0.8167, 1.0333],
            "transform": [
                [1.0, -0.0, 0.0, -0.0, 0.0, -0.293999, -0.955806, 0.3, 0.0, 0.955806, -0.293998, 0.0, 0.0, 0.0, 0.0, 1.0],
                [1.0, 0.0, 0.0, -0.0, -0.0, 0.98901, -0.147852, 0.3, -0.0, 0.147852, 0.989009, 0.0, 0.0, 0.0, 0.0, 1.0],
                [1.0, 0.0, 0.0, 0.0, -0.0, 0.98901, -0.147852, 0.3, -0.0, 0.147852, 0.989009, -0.0, 0.0, 0.0, 0.0, 1.0],
                [1.0, 0.0, 0.0, 0.0, -0.0, 0.98901, -0.147852, 0.3, -0.0, 0.147852, 0.989009, -0.0, 0.0, 0.0, 0.0, 1.0],
                [1.0, 0.0, -0.0, 0.0, -0.0, 0.812554, -0.582886, 0.3, -0.0, 0.582885, 0.812554, 0.0, 0.0, 0.0, 0.0, 1.0],
                [1.0, 0.0, 0.0, 0.0, -0.0, 0.812554, -0.582885, 0.3, -0.0, 0.582885, 0.812554, -0.0, 0.0, 0.0, 0.0, 1.0]
            ]
        },
        {
            "name": "Tool_R",
            "time": [0.0, 0.35, 0.6333, 1.0333],
            "transform": [
                [1.0, 0.0, 0.0, 0.0, 0.0, -0.999836, 0.018122, 0.272858, 0.0, -0.018122, -0.999244, -0.0, 0.0, 0.0, 0.0, 1.0],
                [1.0, 0.0, 0.0, 0.0, -0.0, -0.999836, 0.018122, 0.272858, 0.0, -0.018122, -0.999244, 0.0, 0.0, 0.0, 0.0, 1.0],
                [1.0, 0.0, 0.0, 0.0, -0.0, -0.999836, 0.018122, 0.272858, 0.0, -0.018122, -0.999244, 0.0, 0.0, 0.0, 0.0, 1.0],
                [1.0, 0.0, 0.0, 0.0, -0.0, -0.999836, 0.018122, 0.272858, 0.0, -0.018122, -0.999244, -0.0, 0.0, 0.0, 0.0, 1.0]
            ]
        },
        {
            "name": "Elbow_R",
            "time": [0.0, 0.2167, 0.35, 0.6333, 1.0333],
            "transform": [
                [-1.0, 0.0, 0.0, -0.0, 0.0, 0.735098, -0.677961, 0.3, -0.0, -0.677961, -0.735098, 0.0, 0.0, 0.0, 0.0, 1.0],
                [-1.0, 0.0, -0.0, -0.0, 0.0, 0.013688, -0.999906, 0.3, -0.0, -0.999906, -0.013688, 0.0, 0.0, 0.0, 0.0, 1.0],
                [-1.0, 0.0, -0.0, 0.0, 0.0, 0.013688, -0.999906, 0.3, -0.0, -0.999906, -0.013688, -0.0, 0.0, 0.0, 0.0, 1.0],
                [-1.0, 0.0, -0.0, 0.0, 0.0, 0.013688, -0.999906, 0.3, -0.0, -0.999906, -0.013688, -0.0, 0.0, 0.0, 0.0, 1.0],
                [-1.0, 0.0, -0.0, 0.0, 0.0, 0.013688, -0.999906, 0.3, -0.0, -0.999906, -0.013688, -0.0, 0.0, 0.0, 0.0, 1.0]
            ]
        },
        {
            "name": "Shoulder_L",
            "time": [0.0, 0.35, 0.6333, 1.0333],
            "transform": [
                [0.004613, -0.952228, -0.305355, 0.0, 0.000524, -0.305355, 0.952238, 0.4, -0.999989, -0.004553, -0.00091, 0.0, 0.0, 0.0, 0.0, 1.0],
                [0.136255, -0.94244, -0.305355, -0.0, 0.042747, -0.302349, 0.952238, 0.4, -0.989751, -0.1428, -0.00091, -0.0, 0.0, 0.0, 0.0, 1.0],
                [0.136255, -0.94244, -0.305355, -0.0, 0.042747, -0.302349, 0.952238, 0.4, -0.989751, -0.1428, -0.00091, -0.0, 0.0, 0.0, 0.0, 1.0],
                [0.136255, -0.94244, -0.305355, 0.0, 0.042747, -0.302349, 0.952238, 0.4, -0.989751, -0.1428, -0.00091, 0.0, 0.0, 0.0, 0.0, 1.0]
            ]
        },
        {
            "name": "Arm_L",
            "time": [0.0, 0.2167, 0.35, 0.6333, 0.8167, 1.0333],
            "transform": [
                [0.337981, -0.043619, 0.940141, 0.0, -0.891463, 0.305452, 0.334653, 0.39386, -0.301766, -0.951208, 0.064352, 0.0, 0.0, 0.0, 0.0, 1.0],
                [0.806926, 0.588778, 0.047021, 0.0, -0.51036, 0.735094, -0.446284, 0.393861, -0.297327, 0.33612, 0.893655, 0.0, 0.0, 0.0, 0.0, 1.0],
                [0.999684, 0.00094, -0.025123, 0.0, -0.009528, 0.938925, -0.343989, 0.39386, 0.023265, 0.34412, 0.938637, 0.0, 0.0, 0.0, 0.0, 1.0],
                [0.999684, 0.00094, -0.025123, 0.0, -0.009528, 0.938925, -0.343989, 0.39386, 0.023265, 0.34412, 0.938637, 0.0, 0.0, 0.0, 0.0, 1.0],
                [0.999684, -0.00529, -0.024578, -0.0, -0.009528, 0.824966, -0.565102, 0.39386, 0.023266, 0.565157, 0.824655, -0.0, 0.0, 0.0, 0.0, 1.0],
                [0.535264, -0.264356, 0.802252, 0.0, -0.247928, 0.858762, 0.448395, 0.39386, -0.80748, -0.438911, 0.394123, 0.0, 0.0, 0.0, 0.0, 1.0]
            ]
        },
        {
            "name": "Hand_L",
            "time": [0.0, 0.1167, 0.2167, 0.35, 0.6333, 0.7, 0.8167, 1.0333],
            "transform": [
                [1.0, 0.0, 0.0, -0.0, -0.0, 0.99793, -0.064318, 0.3, -0.0, 0.064318, 0.99793, 0.0, 0.0, 0.0, 0.0, 1.0],
                [1.0, 0.0, 0.0, -0.0, 0.0, 0.547391, -0.836878, 0.3, -0.0, 0.836878, 0.547391, 0.0, 0.0, 0.0, 0.0, 1.0],
                [1.0, 0.0, 0.0, -0.0, -0.0, 0.994218, 0.107381, 0.3, 0.0, -0.107381, 0.994218, -0.0, 0.0, 0.0, 0.0, 1.0],
                [1.0, 0.0, 0.0, -0.0, -0.0, 0.994218, 0.107381, 0.3, -0.0, -0.107381, 0.994218, 0.0, 0.0, 0.0, 0.0, 1.0],
                [1.0, 0.0, 0.0, -0.0, -0.0, 0.994218, 0.107381, 0.3, -0.0, -0.107381, 0.994218, 0.0, 0.0, 0.0, 0.0, 1.0],
                [1.0, 0.0, -0.0, -0.0, -0.0, 0.865754, -0.50047, 0.3, -0.0, 0.50047, 0.865754, 0.0, 0.0, 0.0, 0.0, 1.0],
                [1.0, 0.0, -0.0, 0.0, -0.0, 0.776212, -0.630473, 0.3, -0.0, 0.630473, 0.776212, -0.0, 0.0, 0.0, 0.0, 1.0],
                [1.0, 0.0, -0.0, -0.0, -0.0, 0.776211, -0.630473, 0.3, -0.0, 0.630473, 0.776212, 0.0, 0.0, 0.0, 0.0, 1.0]
            ]
        },
        {
            "name": "Tool_L",
            "time": [0.0, 0.35, 0.6333, 1.0333],
            "transform": [
                [1.0, 0.0, 0.0, 0.0, 0.0, -0.999836, 0.018122, 0.272858, 0.0, -0.018122, -0.999247, -0.0, 0.0, 0.0, 0.0, 1.0],
                [1.0, 0.0, 0.0, -0.0, 0.0, -0.999836, 0.018122, 0.272858, 0.0, -0.018122, -0.999247, -0.0, 0.0, 0.0, 0.0, 1.0],
                [1.0, 0.0, 0.0, -0.0, 0.0, -0.999836, 0.018122, 0.272858, 0.0, -0.018122, -0.999247, -0.0, 0.0, 0.0, 0.0, 1.0],
                [1.0, 0.0, 0.0, -0.0, 0.0, -0.999836, 0.018122, 0.272858, 0.0, -0.018122, -0.999247, -0.0, 0.0, 0.0, 0.0, 1.0]
            ]
        },
        {
            "name": "Elbow_L",
            "time": [0.0, 0.35, 0.6333, 1.0333],
            "transform": [
                [-1.0, 0.0, -0.0, -0.0, 0.0, -0.0, -1.0, 0.3, -0.0, -1.0, -0.0, 0.0, 0.0, 0.0, 0.0, 1.0],
                [-1.0, 0.0, -0.0, -0.0, 0.0, -0.0, -1.0, 0.3, -0.0, -1.0, -0.0, 0.0, 0.0, 0.0, 0.0, 1.0],
                [-1.0, 0.0, -0.0, -0.0, 0.0, -0.0, -1.0, 0.3, -0.0, -1.0, -0.0, 0.0, 0.0, 0.0, 0.0, 1.0],
                [-1.0, 0.0, -0.0, -0.0, 0.0, -0.0, -1.0, 0.3, -0.0, -1.0, -0.0, 0.0, 0.0, 0.0, 0.0, 1.0]
            ]
        }
    ]
}