{
    
    "animation": [
        {
            "name": "Root",
            "time": [0.0, 0.25, 0.6, 0.7667, 1.0667],
            "transform": [
                [1.0, 0.0, 0.0, -5e-06, 0.0, 0.0, -1.0, 0.000946, 0.0, 1.0, 0.0, 0.764948, 0.0, 0.0, 0.0, 1.0],
                [0.572099, 0.0, 0.820184, -5e-06, 0.820184, 0.0, -0.572099, 2.038529, 0.0, 1.0, 0.0, 0.641346, 0.0, 0.0, 0.0, 1.0],
                [0.572099, 0.0, 0.820184, -5e-06, 0.820184, 0.0, -0.572099, 2.038529, 0.0, 1.0, 0.0, 0.641346, 0.0, 0.0, 0.0, 1.0],
                [0.572099, 0.0, 0.820184, -5e-06, 0.820184, 0.0, -0.572099, 1.569523, 0.0, 1.0, 0.0, 0.641346, 0.0, 0.0, 0.0, 1.0],
                [0.572099, 0.0, 0.820184, -5e-06, 0.820184, 0.0, -0.572099, 1.569523, 0.0, 1.0, 0.0, 0.641346, 0.0, 0.0, 0.0, 1.0]
            ]
        },
        {
            "name": "Thigh_R",
            "time": [0.0, 0.25, 0.6, 0.7667, 1.0667],
            "transform": [
                [0.973736, 0.084118, 0.211568, 0.124994, 0.051884, -0.986777, 0.153544, -0.002831, 0.221686, -0.138534, -0.965227, -1.2e-05, 0.0, 0.0, 0.0, 1.0],
                [0.767563, 0.522797, 0.370848, 0.124994, 0.141637, -0.702605, 0.69734, -0.002831, 0.625128, -0.482726, -0.613344, -1.2e-05, 0.0, 0.0, 0.0, 1.0],
                [0.767563, 0.522797, 0.370848, 0.124994, 0.141637, -0.702605, 0.69734, -0.002831, 0.625128, -0.482726, -0.613344, -1.2e-05, 0.0, 0.0, 0.0, 1.0],
                [0.767563, 0.522797, 0.370848, 0.124994, 0.141637, -0.702605, 0.69734, -0.002831, 0.625128, -0.482726, -0.613344, -1.2e-05, 0.0, 0.0, 0.0, 1.0],
                [0.767563, 0.522797, 0.370848, 0.124994, 0.141637, -0.702605, 0.69734, -0.002831, 0.625128, -0.482726, -0.613344, -1.2e-05, 0.0, 0.0, 0.0, 1.0]
            ]
        },
        {
            "name": "Leg_R",
            "time": [0.0, 0.25, 0.6, 0.7667, 1.0667],
            "transform": [
                [1.0, 0.0, 1e-06, 0.0, -0.0, 0.984472, 0.175547, 0.37472, -1e-06, -0.175547, 0.98447, 0.0, 0.0, 0.0, 0.0, 1.0],
                [1.0, -0.0, 1e-06, -0.0, -0.0, 0.72866, 0.684875, 0.37472, -1e-06, -0.684877, 0.728659, 0.0, 0.0, 0.0, 0.0, 1.0],
                [1.0, -0.0, 1e-06, -0.0, -0.0, 0.72866, 0.684875, 0.37472, -1e-06, -0.684877, 0.728659, 0.0, 0.0, 0.0, 0.0, 1.0],
                [1.0, 0.0, 1e-06, -0.0, -0.0, 0.919881, 0.3922, 0.37472, -1e-06, -0.3922, 0.919879, -0.0, 0.0, 0.0, 0.0, 1.0],
                [1.0, 0.0, 1e-06, -0.0, -0.0, 0.919881, 0.3922, 0.37472, -1e-06, -0.3922, 0.919879, -0.0, 0.0, 0.0, 0.0, 1.0]
            ]
        },
        {
            "name": "Knee_R",
            "time": [0.0, 0.6, 0.7667, 1.0667],
            "transform": [
                [1.0, 0.0, -0.0, 0.0, -0.0, 1e-06, -1.0, 0.383077, -0.0, 1.0, 1e-06, -0.001653, 0.0, 0.0, 0.0, 1.0],
                [1.0, 0.0, -0.0, 0.0, -0.0, 1e-06, -1.0, 0.383077, -0.0, 1.0, 1e-06, -0.001653, 0.0, 0.0, 0.0, 1.0],
                [1.0, 0.0, -0.0, 0.0, -0.0, 1e-06, -1.0, 0.383077, -0.0, 1.0, 1e-06, -0.001654, 0.0, 0.0, 0.0, 1.0],
                [1.0, 0.0, -0.0, 0.0, -0.0, 1e-06, -1.0, 0.383077, -0.0, 1.0, 1e-06, -0.001654, 0.0, 0.0, 0.0, 1.0]
            ]
        },
        {
            "name": "Thigh_L",
            "time": [0.0, 0.25, 0.6, 0.7667, 1.0667],
            "transform": [
                [0.95515, -0.069461, -0.287858, -0.125006, -0.059939, -0.997328, 0.041774, -0.002831, -0.28999, -0.022646, -0.956761, -1.2e-05, 0.0, 0.0, 0.0, 1.0],
                [0.835651, -0.541463, -0.092219, -0.125006, -0.5324, -0.839783, 0.106369, -0.002831, -0.135039, -0.03979, -0.990041, -1.2e-05, 0.0, 0.0, 0.0, 1.0],
                [0.835651, -0.541463, -0.092219, -0.125006, -0.5324, -0.839783, 0.106369, -0.002831, -0.135039, -0.03979, -0.990041, -1.2e-05, 0.0, 0.0, 0.0, 1.0],
                [0.835651, -0.541463, -0.092219, -0.125006, -0.5324, -0.839783, 0.106369, -0.002831, -0.135039, -0.03979, -0.990041, -1.2e-05, 0.0, 0.0, 0.0, 1.0],
                [0.835651, -0.541463, -0.092219, -0.125006, -0.5324, -0.839783, 0.106369, -0.002831, -0.135039, -0.03979, -0.990041, -1.2e-05, 0.0, 0.0, 0.0, 1.0]
            ]
        },
        {
            "name": "Leg_L",
            "time": [0.0, 0.1, 0.25, 0.6, 0.7667, 1.0667],
            "transform": [
                [1.0, 0.0, 1e-06, 0.0, -0.0, 0.996194, 0.087156, 0.37472, -1e-06, -0.087156, 0.996195, -0.0, 0.0, 0.0, 0.0, 1.0],
                [1.0, -0.0, 1e-06, 0.0, -0.0, 0.968826, 0.247741, 0.37472, -1e-06, -0.247741, 0.968827, 0.0, 0.0, 0.0, 0.0, 1.0],
                [1.0, -0.0, 1e-06, -0.0, -0.0, 0.768988, 0.639263, 0.37472, -1e-06, -0.639263, 0.768988, 0.0, 0.0, 0.0, 0.0, 1.0],
                [1.0, -0.0, 1e-06, -0.0, -0.0, 0.768988, 0.639263, 0.37472, -1e-06, -0.639263, 0.768988, 0.0, 0.0, 0.0, 0.0, 1.0],
                [1.0, -0.0, 1e-06, -0.0, -0.0, 0.768988, 0.639263, 0.37472, -1e-06, -0.639263, 0.768988, -0.0, 0.0, 0.0, 0.0, 1.0],
                [1.0, -0.0, 1e-06, -0.0, -0.0, 0.768988, 0.639263, 0.37472, -1e-06, -0.639263, 0.768988, -0.0, 0.0, 0.0, 0.0, 1.0]
            ]
        },
        {
            "name": "Knee_L",
            "time": [0.0, 0.6, 0.7667, 1.0667],
            "transform": [
                [1.0, 0.0, -0.0, 0.0, -0.0, 1e-06, -1.0, 0.37472, -0.0, 1.0, 1e-06, -0.0, 0.0, 0.0, 0.0, 1.0],
                [1.0, 0.0, -0.0, -0.0, -0.0, 1e-06, -1.0, 0.37472, 0.0, 1.0, 1e-06, 0.0, 0.0, 0.0, 0.0, 1.0],
                [1.0, 0.0, -0.0, -0.0, -0.0, 1e-06, -1.0, 0.37472, 0.0, 1.0, 1e-06, -0.0, 0.0, 0.0, 0.0, 1.0],
                [1.0, 0.0, -0.0, -0.0, -0.0, 1e-06, -1.0, 0.37472, 0.0, 1.0, 1e-06, -0.0, 0.0, 0.0, 0.0, 1.0]
            ]
        },
        {
            "name": "Torso",
            "time": [0.0, 0.25, 0.6, 0.7667, 1.0667],
            "transform": [
                [0.996512, 0.0, 0.083446, 0.0, 0.0, 1.0, 0.0, 0.05, -0.083446, 0.0, 0.996512, 0.0, 0.0, 0.0, 0.0, 1.0],
                [0.993628, 0.077351, 0.081981, -0.0, -0.076794, 0.996998, -0.009936, 0.05, -0.082503, 0.003577, 0.996584, 0.0, 0.0, 0.0, 0.0, 1.0],
                [0.996512, 0.0, 0.083446, -0.0, 0.0, 1.0, 0.0, 0.05, -0.083446, 0.0, 0.996512, 0.0, 0.0, 0.0, 0.0, 1.0],
                [0.996512, 0.0, 0.083446, -0.0, 0.0, 1.0, 0.0, 0.05, -0.083446, 0.0, 0.996512, -0.0, 0.0, 0.0, 0.0, 1.0],
                [0.996512, 0.0, 0.083446, -0.0, 0.0, 1.0, 0.0, 0.05, -0.083446, 0.0, 0.996512, -0.0, 0.0, 0.0, 0.0, 1.0]
            ]
        },
        {
            "name": "Chest",
            "time": [0.0, 0.1, 0.25, 0.6, 0.6667, 0.7667, 1.0667],
            "transform": [
                [0.996909, 0.004476, -0.078441, 0.0, 0.0, 0.998376, 0.056972, 0.3, 0.078568, -0.056796, 0.99529, 0.0, 0.0, 0.0, 0.0, 1.0],
                [0.996698, -0.005775, 0.080992, -0.0, -0.009059, 0.98333, 0.181601, 0.3, -0.08069, -0.181735, 0.980031, -0.0, 0.0, 0.0, 0.0, 1.0],
                [0.945917, 0.126507, 0.298727, -0.0, -0.148759, 0.987459, 0.052868, 0.3, -0.288293, -0.094447, 0.952873, 0.0, 0.0, 0.0, 0.0, 1.0],
                [0.954328, 0.004476, 0.298727, -0.0, -0.021232, 0.998376, 0.052868, 0.3, -0.298005, -0.056796, 0.952873, -0.0, 0.0, 0.0, 0.0, 1.0],
                [0.909114, -0.247254, 0.335227, -0.0, 0.277338, 0.959753, -0.044237, 0.3, -0.310797, 0.133188, 0.941099, 0.0, 0.0, 0.0, 0.0, 1.0],
                [0.946194, -0.115406, 0.302323, 0.0, 0.120869, 0.992668, 0.000641, 0.3, -0.30018, 0.035935, 0.953206, 0.0, 0.0, 0.0, 0.0, 1.0],
                [0.942073, 0.145258, 0.302323, 0.0, -0.15259, 0.988289, 0.000641, 0.3, -0.298689, -0.046735, 0.953206, 0.0, 0.0, 0.0, 0.0, 1.0]
            ]
        },
        {
            "name": "Head",
            "time": [0.0, 0.25, 0.6, 0.7667, 1.0667],
            "transform": [
                [1.0, -0.0, 0.0, 0.0, -0.0, 0.999699, -0.024548, 0.4, 0.0, 0.024548, 0.999699, 0.0, 0.0, 0.0, 0.0, 1.0],
                [0.861302, 0.052224, -0.505402, -0.0, 0.360574, 0.637986, 0.680412, 0.4, 0.357973, -0.768275, 0.530668, -0.0, 0.0, 0.0, 0.0, 1.0],
                [0.861302, -0.064339, -0.504003, -0.0, 0.360574, 0.776271, 0.517098, 0.4, 0.357973, -0.627108, 0.691803, -0.0, 0.0, 0.0, 0.0, 1.0],
                [0.861302, -0.064339, -0.504003, -0.0, 0.360574, 0.776271, 0.517098, 0.4, 0.357973, -0.627108, 0.691803, 0.0, 0.0, 0.0, 0.0, 1.0],
                [0.914599, -0.099694, -0.391881, 0.0, 0.118062, 0.99274, 0.02299, 0.4, 0.386744, -0.067293, 0.919729, 0.0, 0.0, 0.0, 0.0, 1.0]
            ]
        },
        {
            "name": "Shoulder_R",
            "time": [0.0, 0.6, 0.7667, 1.0667],
            "transform": [
                [-0.004613, 0.951979, 0.306128, 0.0, 0.000526, -0.306129, 0.95199, 0.4, 0.999989, 0.004553, 0.000911, 0.0, 0.0, 0.0, 0.0, 1.0],
                [-0.004613, 0.951979, 0.306128, -0.0, 0.000526, -0.306129, 0.95199, 0.4, 0.999989, 0.004553, 0.000911, -0.0, 0.0, 0.0, 0.0, 1.0],
                [-0.004613, 0.951979, 0.306128, -0.0, 0.000526, -0.306129, 0.95199, 0.4, 0.999989, 0.004553, 0.000911, 0.0, 0.0, 0.0, 0.0, 1.0],
                [-0.004613, 0.951979, 0.306128, 0.0, 0.000526, -0.306129, 0.95199, 0.4, 0.999989, 0.004553, 0.000911, 0.0, 0.0, 0.0, 0.0, 1.0]
            ]
        },
        {
            "name": "Arm_R",
            "time": [0.0, 0.1, 0.25, 0.6, 0.7667, 1.0667],
            "transform": [
                [0.101348, -0.728137, -0.677897, -0.0, 0.953637, 0.265202, -0.142285, 0.393861, 0.283383, -0.632047, 0.721256, -0.0, 0.0, 0.0, 0.0, 1.0],
                [0.353841, -0.494271, -0.794035, -0.0, 0.868437, 0.488855, 0.082694, 0.39386, 0.347295, -0.71883, 0.60222, -0.0, 0.0, 0.0, 0.0, 1.0],
                [0.982675, -0.183091, -0.028758, 0.0, 0.155635, 0.899459, -0.408352, 0.393861, 0.100632, 0.396802, 0.912372, -0.0, 0.0, 0.0, 0.0, 1.0],
                [0.982675, -0.179801, -0.044953, 0.0, 0.155635, 0.932258, -0.326606, 0.393861, 0.100632, 0.313951, 0.944091, -0.0, 0.0, 0.0, 0.0, 1.0],
                [0.982675, -0.172226, 0.068464, 0.0, 0.155636, 0.566256, -0.809402, 0.393861, 0.100632, 0.806034, 0.583251, -0.0, 0.0, 0.0, 0.0, 1.0],
                [0.291219, -0.531396, -0.795493, 0.0, 0.343089, 0.834234, -0.431675, 0.39386, 0.893018, -0.147212, 0.425261, 0.0, 0.0, 0.0, 0.0, 1.0]
            ]
        },
        {
            "name": "Hand_R",
            "time": [0.0, 0.25, 0.6, 0.6667, 0.7667, 0.9, 1.0667],
            "transform": [
                [1.0, -0.0, 0.0, -0.0, 0.0, -0.293999, -0.955806, 0.3, 0.0, 0.955806, -0.293998, 0.0, 0.0, 0.0, 0.0, 1.0],
                [1.0, 0.0, 0.0, -0.0, -0.0, 0.996585, 0.082573, 0.3, -0.0, -0.082573, 0.996585, 0.0, 0.0, 0.0, 0.0, 1.0],
                [1.0, 0.0, 0.0, -0.0, -0.0, 0.996585, 0.082573, 0.3, -0.0, -0.082573, 0.996585, 0.0, 0.0, 0.0, 0.0, 1.0],
                [1.0, 0.0, 0.0, -0.0, -0.0, 0.825558, -0.564318, 0.3, -0.0, 0.564318, 0.825558, 0.0, 0.0, 0.0, 0.0, 1.0],
                [1.0, 0.0, 0.0, 0.0, -0.0, 0.871472, -0.490446, 0.3, -0.0, 0.490446, 0.871471, -0.0, 0.0, 0.0, 0.0, 1.0],
                [1.0, 0.0, -0.0, -0.0, -0.0, 0.508395, -0.861124, 0.3, -0.0, 0.861124, 0.508395, -0.0, 0.0, 0.0, 0.0, 1.0],
                [1.0, 0.0, 0.0, 0.0, -0.0, 0.953567, -0.30118, 0.3, -0.0, 0.30118, 0.953567, -0.0, 0.0, 0.0, 0.0, 1.0]
            ]
        },
        {
            "name": "Tool_R",
            "time": [0.0, 0.6, 0.7667, 1.0667],
            "transform": [
                [1.0, 0.0, 0.0, 0.0, 0.0, -0.999836, 0.018122, 0.272858, 0.0, -0.018122, -0.999244, -0.0, 0.0, 0.0, 0.0, 1.0],
                [1.0, 0.0, 0.0, -0.0, 0.0, -0.999836, 0.018122, 0.272858, 0.0, -0.018122, -0.999244, 0.0, 0.0, 0.0, 0.0, 1.0],
                [1.0, 0.0, 0.0, 0.0, 0.0, -0.999836, 0.018122, 0.272858, 0.0, -0.018122, -0.999244, 0.0, 0.0, 0.0, 0.0, 1.0],
                [1.0, 0.0, 0.0, 0.0, 0.0, -0.999836, 0.018122, 0.272858, 0.0, -0.018122, -0.999244, 0.0, 0.0, 0.0, 0.0, 1.0]
            ]
        },
        {
            "name": "Elbow_R",
            "time": [0.0, 0.25, 0.6, 0.7667, 1.0667],
            "transform": [
                [-1.0, 0.0, 0.0, -0.0, 0.0, 0.735098, -0.677961, 0.3, -0.0, -0.677961, -0.735098, 0.0, 0.0, 0.0, 0.0, 1.0],
                [-1.0, 0.0, -0.0, -0.0, 0.0, 0.013688, -0.999906, 0.3, -0.0, -0.999906, -0.013688, 0.0, 0.0, 0.0, 0.0, 1.0],
                [-1.0, 0.0, -0.0, -0.0, 0.0, 0.013688, -0.999906, 0.3, -0.0, -0.999906, -0.013688, 0.0, 0.0, 0.0, 0.0, 1.0],
                [-1.0, 0.0, -0.0, 0.0, 0.0, 0.013688, -0.999906, 0.3, -0.0, -0.999906, -0.013688, -0.0, 0.0, 0.0, 0.0, 1.0],
                [-1.0, 0.0, -0.0, 0.0, 0.0, 0.013688, -0.999906, 0.3, -0.0, -0.999906, -0.013688, -0.0, 0.0, 0.0, 0.0, 1.0]
            ]
        },
        {
            "name": "Shoulder_L",
            "time": [0.0, 0.6, 0.7667, 1.0667],
            "transform": [
                [0.004613, -0.952228, -0.305355, 0.0, 0.000524, -0.305355, 0.952238, 0.4, -0.999989, -0.004553, -0.00091, 0.0, 0.0, 0.0, 0.0, 1.0],
                [0.004613, -0.952227, -0.305355, -0.0, 0.000524, -0.305355, 0.952238, 0.4, -0.999989, -0.004553, -0.00091, -0.0, 0.0, 0.0, 0.0, 1.0],
                [0.004613, -0.952228, -0.305355, -0.0, 0.000524, -0.305355, 0.952238, 0.4, -0.999989, -0.004553, -0.00091, 0.0, 0.0, 0.0, 0.0, 1.0],
                [0.004613, -0.952227, -0.305355, 0.0, 0.000524, -0.305355, 0.952238, 0.4, -0.999989, -0.004553, -0.00091, 0.0, 0.0, 0.0, 0.0, 1.0]
            ]
        },
        {
            "name": "Arm_L",
            "time": [0.0, 0.25, 0.6, 0.7667, 1.0667],
            "transform": [
                [0.337981, -0.043619, 0.940141, 0.0, -0.891463, 0.305452, 0.334653, 0.39386, -0.301766, -0.951208, 0.064352, 0.0, 0.0, 0.0, 0.0, 1.0],
                [0.16683, -0.297156, 0.940141, -0.0, -0.287304, 0.897476, 0.334653, 0.39386, -0.943199, -0.325937, 0.064352, 0.0, 0.0, 0.0, 0.0, 1.0],
                [0.191509, -0.281884, 0.940141, 0.0, -0.362623, 0.869777, 0.334653, 0.39386, -0.912046, -0.405006, 0.064352, -0.0, 0.0, 0.0, 0.0, 1.0],
                [0.090757, -0.328477, 0.940141, 0.0, -0.063857, 0.940175, 0.334653, 0.39386, -0.993824, -0.090407, 0.064352, 0.0, 0.0, 0.0, 0.0, 1.0],
                [0.305933, -0.15013, 0.940141, 0.0, -0.745621, 0.576243, 0.334653, 0.39386, -0.591992, -0.80337, 0.064352, -0.0, 0.0, 0.0, 0.0, 1.0]
            ]
        },
        {
            "name": "Hand_L",
            "time": [0.0, 0.25, 0.6, 0.7667, 1.0667],
            "transform": [
                [1.0, 0.0, 0.0, -0.0, -0.0, 0.99793, -0.064318, 0.3, -0.0, 0.064318, 0.99793, 0.0, 0.0, 0.0, 0.0, 1.0],
                [1.0, 0.0, 0.0, 0.0, -0.0, 0.95311, -0.302624, 0.3, -0.0, 0.302624, 0.95311, 0.0, 0.0, 0.0, 0.0, 1.0],
                [1.0, -0.0, 0.0, -0.0, 0.0, 0.95311, -0.302624, 0.3, -0.0, 0.302624, 0.95311, 0.0, 0.0, 0.0, 0.0, 1.0],
                [1.0, 0.0, 0.0, -0.0, 0.0, 0.95311, -0.302624, 0.3, -0.0, 0.302624, 0.95311, -0.0, 0.0, 0.0, 0.0, 1.0],
                [1.0, 0.0, 0.0, 0.0, -0.0, 0.95311, -0.302624, 0.3, -0.0, 0.302624, 0.95311, -0.0, 0.0, 0.0, 0.0, 1.0]
            ]
        },
        {
            "name": "Tool_L",
            "time": [0.0, 0.6, 0.7667, 1.0667],
            "transform": [
                [1.0, 0.0, 0.0, 0.0, 0.0, -0.999836, 0.018122, 0.272858, 0.0, -0.018122, -0.999247, -0.0, 0.0, 0.0, 0.0, 1.0],
                [1.0, -0.0, 0.0, -0.0, 0.0, -0.999836, 0.018122, 0.272858, 0.0, -0.018122, -0.999247, -0.0, 0.0, 0.0, 0.0, 1.0],
                [1.0, 0.0, 0.0, 0.0, -0.0, -0.999836, 0.018122, 0.272858, 0.0, -0.018122, -0.999247, -0.0, 0.0, 0.0, 0.0, 1.0],
                [1.0, 0.0, 0.0, 0.0, 0.0, -0.999836, 0.018122, 0.272858, 0.0, -0.018122, -0.999247, 0.0, 0.0, 0.0, 0.0, 1.0]
            ]
        },
        {
            "name": "Elbow_L",
            "time": [0.0, 0.6, 0.7667, 1.0667],
            "transform": [
                [-1.0, 0.0, -0.0, -0.0, 0.0, -0.0, -1.0, 0.3, -0.0, -1.0, -0.0, 0.0, 0.0, 0.0, 0.0, 1.0],
                [-1.0, 0.0, -0.0, -0.0, 0.0, -0.0, -1.0, 0.3, -0.0, -1.0, -0.0, 0.0, 0.0, 0.0, 0.0, 1.0],
                [-1.0, 0.0, -0.0, -0.0, 0.0, -0.0, -1.0, 0.3, -0.0, -1.0, -0.0, -0.0, 0.0, 0.0, 0.0, 1.0],
                [-1.0, 0.0, -0.0, 0.0, 0.0, -0.0, -1.0, 0.3, -0.0, -1.0, -0.0, -0.0, 0.0, 0.0, 0.0, 1.0]
            ]
        }
    ]
}