{
    
    "animation": [
        {
            "name": "Root",
            "time": [0.0, 0.1667],
            "transform": [
                [0.726066, 0.0, 0.687625, -5e-06, 0.687625, 0.0, -0.726066, 0.000946, 0.0, 1.0, 0.0, 0.690351, 0.0, 0.0, 0.0, 1.0],
                [0.726066, 0.0, 0.687625, -5e-06, 0.687625, 0.0, -0.726066, 0.000946, 0.0, 1.0, 0.0, 0.764948, 0.0, 0.0, 0.0, 1.0]
            ]
        },
        {
            "name": "Thigh_R",
            "time": [0.0, 0.1667],
            "transform": [
                [0.709732, 0.395916, 0.582692, 0.124994, -0.028435, -0.810357, 0.585243, -0.002831, 0.703897, -0.431934, -0.563881, -1.2e-05, 0.0, 0.0, 0.0, 1.0],
                [0.704449, 0.28049, 0.651978, 0.124994, -0.001166, -0.918137, 0.396258, -0.002831, 0.709753, -0.279903, -0.646456, -1.2e-05, 0.0, 0.0, 0.0, 1.0]
            ]
        },
        {
            "name": "Leg_R",
            "time": [0.0, 0.1667],
            "transform": [
                [0.999665, -0.022912, -0.012088, 0.0, 0.025905, 0.882399, 0.46979, 0.37472, -9.7e-05, -0.469946, 0.882695, -0.0, 0.0, 0.0, 0.0, 1.0],
                [0.999664, -0.024877, -0.007227, -0.0, 0.025905, 0.958924, 0.28248, 0.37472, -9.7e-05, -0.282573, 0.959245, 0.0, 0.0, 0.0, 0.0, 1.0]
            ]
        },
        {
            "name": "Knee_R",
            "time": [0.0, 0.1667],
            "transform": [
                [1.0, 0.0, -0.0, 0.0, -0.0, 1e-06, -1.0, 0.383077, -0.0, 1.0, 1e-06, -0.001653, 0.0, 0.0, 0.0, 1.0],
                [1.0, 0.0, -0.0, -0.0, -0.0, 1e-06, -1.0, 0.383077, -0.0, 1.0, 1e-06, -0.001653, 0.0, 0.0, 0.0, 1.0]
            ]
        },
        {
            "name": "Thigh_L",
            "time": [0.0, 0.1667],
            "transform": [
                [0.914052, -0.33087, -0.234592, -0.125006, -0.391818, -0.869791, -0.299902, -0.002831, -0.104817, 0.366044, -0.924675, -1.2e-05, 0.0, 0.0, 0.0, 1.0],
                [0.959641, -0.191834, -0.205642, -0.125006, -0.224687, -0.962753, -0.150407, -0.002831, -0.169129, 0.190543, -0.967, -1.2e-05, 0.0, 0.0, 0.0, 1.0]
            ]
        },
        {
            "name": "Leg_L",
            "time": [0.0, 0.1667],
            "transform": [
                [1.0, 0.0, 1e-06, 0.0, -0.0, 0.996194, 0.087156, 0.37472, -1e-06, -0.087156, 0.996195, 0.0, 0.0, 0.0, 0.0, 1.0],
                [1.0, 0.0, 1e-06, 0.0, -0.0, 0.996194, 0.087156, 0.37472, -1e-06, -0.087156, 0.996195, -0.0, 0.0, 0.0, 0.0, 1.0]
            ]
        },
        {
            "name": "Knee_L",
            "time": [0.0, 0.1667],
            "transform": [
                [1.0, 0.0, -0.0, 0.0, -0.0, 1e-06, -1.0, 0.37472, -0.0, 1.0, 1e-06, 0.0, 0.0, 0.0, 0.0, 1.0],
                [1.0, 0.0, -0.0, 0.0, -0.0, 1e-06, -1.0, 0.37472, -0.0, 1.0, 1e-06, -0.0, 0.0, 0.0, 0.0, 1.0]
            ]
        },
        {
            "name": "Torso",
            "time": [0.0, 0.1667],
            "transform": [
                [0.996512, 0.0, 0.083446, 0.0, 0.0, 1.0, 0.0, 0.05, -0.083446, 0.0, 0.996512, 0.0, 0.0, 0.0, 0.0, 1.0],
                [0.996512, 0.0, 0.083446, 0.0, 0.0, 1.0, 0.0, 0.05, -0.083446, 0.0, 0.996512, 0.0, 0.0, 0.0, 0.0, 1.0]
            ]
        },
        {
            "name": "Chest",
            "time": [0.0, 0.1667],
            "transform": [
                [0.973807, 0.147516, -0.173028, -0.0, -0.104586, 0.966301, 0.235212, 0.3, 0.201895, -0.210955, 0.956419, 0.0, 0.0, 0.0, 0.0, 1.0],
                [0.981807, 0.004476, -0.189831, -0.0, 0.006394, 0.998376, 0.056612, 0.3, 0.189776, -0.056796, 0.980183, 0.0, 0.0, 0.0, 0.0, 1.0]
            ]
        },
        {
            "name": "Head",
            "time": [0.0, 0.1667],
            "transform": [
                [0.786218, -0.097374, -0.610229, 0.0, -0.044478, 0.976028, -0.21305, 0.4, 0.616346, 0.194646, 0.76304, 0.0, 0.0, 0.0, 0.0, 1.0],
                [0.786218, -0.003634, -0.617938, -0.0, -0.044478, 0.997056, -0.062454, 0.4, 0.616346, 0.076587, 0.783742, 0.0, 0.0, 0.0, 0.0, 1.0]
            ]
        },
        {
            "name": "Shoulder_R",
            "time": [0.0, 0.1667],
            "transform": [
                [-0.004613, 0.951979, 0.306128, 0.0, 0.000526, -0.306129, 0.95199, 0.4, 0.999989, 0.004553, 0.000912, 0.0, 0.0, 0.0, 0.0, 1.0],
                [-0.004613, 0.951979, 0.306128, -0.0, 0.000526, -0.306129, 0.95199, 0.4, 0.999989, 0.004553, 0.000911, 0.0, 0.0, 0.0, 0.0, 1.0]
            ]
        },
        {
            "name": "Arm_R",
            "time": [0.0, 0.1667],
            "transform": [
                [0.022683, -0.545225, -0.837982, 0.0, 0.742867, 0.570137, -0.350846, 0.39386, 0.669055, -0.614551, 0.417962, -0.0, 0.0, 0.0, 0.0, 1.0],
                [0.022683, -0.545225, -0.837982, 0.0, 0.742867, 0.570137, -0.350846, 0.39386, 0.669055, -0.614551, 0.417962, -0.0, 0.0, 0.0, 0.0, 1.0]
            ]
        },
        {
            "name": "Hand_R",
            "time": [0.0, 0.1667],
            "transform": [
                [1.0, -0.0, -0.0, -0.0, -0.0, 0.298892, -0.954287, 0.3, 0.0, 0.954287, 0.298892, 0.0, 0.0, 0.0, 0.0, 1.0],
                [1.0, -0.0, -0.0, 0.0, -0.0, 0.642993, -0.765872, 0.3, 0.0, 0.765872, 0.642993, 0.0, 0.0, 0.0, 0.0, 1.0]
            ]
        },
        {
            "name": "Tool_R",
            "time": [0.0, 0.1667],
            "transform": [
                [1.0, -0.0, 0.0, 0.0, 0.0, -0.999836, 0.018122, 0.272858, 0.0, -0.018122, -0.999244, 0.0, 0.0, 0.0, 0.0, 1.0],
                [1.0, -0.0, 0.0, -0.0, 0.0, -0.999836, 0.018122, 0.272858, 0.0, -0.018122, -0.999244, 0.0, 0.0, 0.0, 0.0, 1.0]
            ]
        },
        {
            "name": "Elbow_R",
            "time": [0.0, 0.1667],
            "transform": [
                [-1.0, 0.0, 0.0, -0.0, 0.0, 0.735098, -0.677961, 0.3, -0.0, -0.677961, -0.735098, 0.0, 0.0, 0.0, 0.0, 1.0],
                [-1.0, 0.0, 0.0, 0.0, -0.0, 0.735098, -0.677961, 0.3, -0.0, -0.677961, -0.735098, 0.0, 0.0, 0.0, 0.0, 1.0]
            ]
        },
        {
            "name": "Shoulder_L",
            "time": [0.0, 0.1667],
            "transform": [
                [0.344093, -0.887895, -0.305355, 0.0, 0.10945, -0.285067, 0.952238, 0.4, -0.932534, -0.36108, -0.00091, 0.0, 0.0, 0.0, 0.0, 1.0],
                [0.344093, -0.887895, -0.305355, -0.0, 0.10945, -0.285067, 0.952238, 0.4, -0.932534, -0.36108, -0.00091, 0.0, 0.0, 0.0, 0.0, 1.0]
            ]
        },
        {
            "name": "Arm_L",
            "time": [0.0, 0.1667],
            "transform": [
                [-0.368059, 0.727098, 0.579535, -0.0, -0.623219, 0.269636, -0.734094, 0.39386, -0.690022, -0.631367, 0.3539, -0.0, 0.0, 0.0, 0.0, 1.0],
                [-0.368059, 0.880111, 0.299896, 0.0, -0.623219, 0.005846, -0.782026, 0.39386, -0.690022, -0.474732, 0.54635, 0.0, 0.0, 0.0, 0.0, 1.0]
            ]
        },
        {
            "name": "Hand_L",
            "time": [0.0, 0.1667],
            "transform": [
                [1.0, 0.0, -0.0, -0.0, -0.0, 0.054756, -0.9985, 0.3, -0.0, 0.9985, 0.054756, -0.0, 0.0, 0.0, 0.0, 1.0],
                [1.0, 0.0, -0.0, 0.0, -0.0, 0.579356, -0.815075, 0.3, -0.0, 0.815075, 0.579356, 0.0, 0.0, 0.0, 0.0, 1.0]
            ]
        },
        {
            "name": "Tool_L",
            "time": [0.0, 0.1667],
            "transform": [
                [1.0, 0.0, 0.0, 0.0, 0.0, -0.999836, 0.018122, 0.272858, 0.0, -0.018122, -0.999247, 0.0, 0.0, 0.0, 0.0, 1.0],
                [1.0, 0.0, 0.0, 0.0, 0.0, -0.999836, 0.018122, 0.272858, 0.0, -0.018122, -0.999247, -0.0, 0.0, 0.0, 0.0, 1.0]
            ]
        },
        {
            "name": "Elbow_L",
            "time": [0.0, 0.1667],
            "transform": [
                [-1.0, 0.0, 0.0, -0.0, 0.0, -0.0, -1.0, 0.3, -0.0, -1.0, 0.0, -0.0, 0.0, 0.0, 0.0, 1.0],
                [-1.0, 0.0, -0.0, 0.0, 0.0, -0.0, -1.0, 0.3, -0.0, -1.0, -0.0, 0.0, 0.0, 0.0, 0.0, 1.0]
            ]
        }
    ]
}