{
    "animation": [
        {
            "name": "Root",
            "time": [0.0, 0.05, 0.1333, 0.3333, 0.4, 0.5667, 0.9833, 1.1, 1.3],
            "transform": [
                [1.0, 0.0, 0.0, -5e-06, 0.0, 0.0, -1.0, 0.000946, 0.0, 1.0, 0.0, 0.764948, 0.0, 0.0, 0.0, 1.0],
                [0.759109, 0.0, -0.650964, -0.105035, -0.623203, 0.288918, -0.726735, 0.367414, 0.188075, 0.957354, 0.219321, 0.63982, 0.0, 0.0, 0.0, 1.0],
                [0.983168, -0.01172, 0.182329, -0.00443, 0.182569, 0.024501, -0.982888, 2.415893, 0.007052, 0.999631, 0.026228, 0.800402, 0.0, 0.0, 0.0, 1.0],
                [0.963755, 0.0, 0.26679, -0.015902, 0.26679, 0.0, -0.963755, 2.97344, 0.0, 1.0, 0.0, 0.799349, 0.0, 0.0, 0.0, 1.0],
                [0.900579, -0.019568, -0.434252, -0.089357, -0.424102, 0.179622, -0.887623, 2.792608, 0.09537, 0.983541, 0.153465, 0.588797, 0.0, 0.0, 0.0, 1.0],
                [0.868901, -0.014586, -0.494772, -0.092823, -0.48271, 0.196266, -0.853505, 2.044444, 0.109556, 0.980442, 0.163494, 0.58795, 0.0, 0.0, 0.0, 1.0],
                [0.868901, -0.014586, -0.494772, -0.092823, -0.48271, 0.196266, -0.853505, 2.044444, 0.109556, 0.980442, 0.163494, 0.58795, 0.0, 0.0, 0.0, 1.0],
                [0.9314, -0.047445, -0.360893, -0.065267, -0.348509, 0.169909, -0.921777, 2.362532, 0.105053, 0.984317, 0.141718, 0.71486, 0.0, 0.0, 0.0, 1.0],
                [1.0, 0.0, 0.0, 0.022708, 0.0, 0.0, -1.0, 2.501206, 0.0, 1.0, 0.0, 0.765248, 0.0, 0.0, 0.0, 1.0]
            ]
        },
        {
            "name": "Thigh_R",
            "time": [0.0, 0.05, 0.1333, 0.3333, 0.4, 0.5667, 0.9833, 1.1, 1.3],
            "transform": [
                [0.973736, 0.084118, 0.211568, 0.124994, 0.051884, -0.986777, 0.153544, -0.002831, 0.221686, -0.138534, -0.965227, -1.2e-05, 0.0, 0.0, 0.0, 1.0],
                [0.902226, 0.418243, 0.105165, 0.152848, 0.419353, -0.907736, 0.012407, -0.020953, 0.100651, 0.032907, -0.994378, -0.011693, 0.0, 0.0, 0.0, 1.0],
                [0.969616, 0.236183, 0.06373, 0.127557, 0.087719, -0.578866, 0.810691, -0.004498, 0.228362, -0.780468, -0.581996, -0.001087, 0.0, 0.0, 0.0, 1.0],
                [0.973736, 0.216684, 0.06989, 0.124994, 0.051884, -0.510079, 0.858561, -0.002831, 0.221686, -0.832386, -0.507926, -1.2e-05, 0.0, 0.0, 0.0, 1.0],
                [0.909467, 0.37845, 0.172175, 0.125661, 0.407889, -0.892393, -0.193033, 0.009944, 0.080594, 0.245786, -0.965968, -0.001221, 0.0, 0.0, 0.0, 1.0],
                [0.924201, 0.338586, 0.176671, 0.160814, 0.367008, -0.91535, -0.165646, -0.019629, 0.10563, 0.21793, -0.970232, 0.046703, 0.0, 0.0, 0.0, 1.0],
                [0.924196, 0.338589, 0.176689, 0.125727, 0.367029, -0.91532, -0.165766, 0.011022, 0.1056, 0.21805, -0.970208, -0.001339, 0.0, 0.0, 0.0, 1.0],
                [0.947498, 0.285638, 0.14373, 0.125189, 0.281713, -0.958327, 0.047395, 0.006982, 0.151278, -0.004416, -0.988482, -0.000952, 0.0, 0.0, 0.0, 1.0],
                [0.973736, 0.084118, 0.211568, 0.124994, 0.051884, -0.986779, 0.153544, -0.002831, 0.221686, -0.138534, -0.965228, -1.2e-05, 0.0, 0.0, 0.0, 1.0]
            ]
        },
        {
            "name": "Leg_R",
            "time": [0.0, 0.05, 0.1333, 0.3333, 0.4, 0.5667, 0.9833, 1.1, 1.3],
            "transform": [
                [1.0, 0.0, 1e-06, 0.0, -0.0, 0.984472, 0.175547, 0.37472, -1e-06, -0.175547, 0.98447, 0.0, 0.0, 0.0, 0.0, 1.0],
                [1.0, 0.0, 1e-06, -0.0, -0.0, 0.984472, 0.175547, 0.37472, -1e-06, -0.175547, 0.98447, 0.0, 0.0, 0.0, 0.0, 1.0],
                [1.0, -1e-06, 1e-06, -0.0, -1e-06, 0.246975, 0.969021, 0.37472, -1e-06, -0.969023, 0.246975, 0.0, 0.0, 0.0, 0.0, 1.0],
                [1.0, -1e-06, 1e-06, 0.0, -1e-06, 0.13927, 0.990254, 0.37472, -1e-06, -0.990255, 0.139269, -0.0, 0.0, 0.0, 0.0, 1.0],
                [1.0, 0.0, 1e-06, 0.0, -0.0, 0.96036, 0.278764, 0.37472, -1e-06, -0.278765, 0.960359, -0.0, 0.0, 0.0, 0.0, 1.0],
                [1.0, 0.0, 1e-06, -0.0, -0.0, 0.984449, 0.175673, 0.37472, -1e-06, -0.175673, 0.984448, 0.0, 0.0, 0.0, 0.0, 1.0],
                [1.0, 0.0, 1e-06, 0.0, -0.0, 0.984472, 0.175547, 0.37472, -1e-06, -0.175547, 0.98447, -0.0, 0.0, 0.0, 0.0, 1.0],
                [1.0, -0.0, 1e-06, 0.0, -0.0, 0.664558, 0.747237, 0.37472, -1e-06, -0.747238, 0.664557, 0.0, 0.0, 0.0, 0.0, 1.0],
                [1.0, 0.0, 1e-06, 0.0, -0.0, 0.984472, 0.175547, 0.37472, -1e-06, -0.175547, 0.98447, 0.0, 0.0, 0.0, 0.0, 1.0]
            ]
        },
        {
            "name": "Knee_R",
            "time": [0.0, 0.05, 0.1333, 0.3333, 0.4, 0.5667, 0.9833, 1.3],
            "transform": [
                [1.0, 0.0, -0.0, 0.0, -0.0, 1e-06, -1.0, 0.383077, -0.0, 1.0, 1e-06, -0.001653, 0.0, 0.0, 0.0, 1.0],
                [1.0, 0.0, -0.0, 0.0, -0.0, 1e-06, -1.0, 0.383077, -0.0, 1.0, 1e-06, -0.001653, 0.0, 0.0, 0.0, 1.0],
                [1.0, 0.0, -0.0, -0.0, -0.0, 1e-06, -1.0, 0.383077, -0.0, 1.0, 1e-06, -0.001653, 0.0, 0.0, 0.0, 1.0],
                [1.0, 0.0, -0.0, 0.0, -0.0, 1e-06, -1.0, 0.383077, -0.0, 1.0, 1e-06, -0.001654, 0.0, 0.0, 0.0, 1.0],
                [1.0, 0.0, -0.0, 0.0, -0.0, 1e-06, -1.0, 0.383077, -0.0, 1.0, 1e-06, -0.001654, 0.0, 0.0, 0.0, 1.0],
                [1.0, 0.0, -0.0, -0.0, -0.0, 1e-06, -1.0, 0.383077, -0.0, 1.0, 1e-06, -0.001653, 0.0, 0.0, 0.0, 1.0],
                [1.0, 0.0, -0.0, 0.0, -0.0, 1e-06, -1.0, 0.383077, -0.0, 1.0, 1e-06, -0.001653, 0.0, 0.0, 0.0, 1.0],
                [1.0, 0.0, -0.0, 0.0, -0.0, 1e-06, -1.0, 0.383077, -0.0, 1.0, 1e-06, -0.001653, 0.0, 0.0, 0.0, 1.0]
            ]
        },
        {
            "name": "Thigh_L",
            "time": [0.0, 0.05, 0.1333, 0.3333, 0.4, 0.5667, 0.9833, 1.1, 1.3],
            "transform": [
                [0.95515, -0.069461, -0.287858, -0.125006, -0.059939, -0.997328, 0.041774, -0.002831, -0.28999, -0.022646, -0.956761, -1.2e-05, 0.0, 0.0, 0.0, 1.0],
                [0.824407, -0.507013, -0.251574, -0.238227, -0.046159, -0.503228, 0.86292, 0.083199, -0.564111, -0.699785, -0.438269, -0.056938, 0.0, 0.0, 0.0, 1.0],
                [0.978918, -0.225063, -0.042088, -0.135424, -0.204251, -1.077897, -0.204888, 0.005085, 0.000663, 0.235532, -0.97788, -0.00525, 0.0, 0.0, 0.0, 1.0],
                [0.982224, -0.213917, -0.003293, -0.125006, -0.178973, -1.061275, -0.317851, -0.002831, 0.056587, 0.356524, -0.948134, -1.2e-05, 0.0, 0.0, 0.0, 1.0],
                [0.958269, -0.288996, -0.015422, -0.143393, -0.087865, -0.349742, 0.934315, 0.024225, -0.272027, -0.905081, -0.356114, -0.029719, 0.0, 0.0, 0.0, 1.0],
                [0.955154, -0.287012, -0.072846, -0.162603, -0.059973, -0.428432, 0.901584, 0.067525, -0.289971, -0.856797, -0.426425, -0.058585, 0.0, 0.0, 0.0, 1.0],
                [0.95515, -0.287021, -0.072845, -0.145187, -0.059939, -0.428299, 0.901646, 0.026865, -0.289991, -0.856842, -0.426294, -0.032618, 0.0, 0.0, 0.0, 1.0],
                [0.955147, -0.219973, -0.198255, -0.135969, -0.059934, -0.799228, 0.598032, 0.011929, -0.290002, -0.559326, -0.776565, -0.017922, 0.0, 0.0, 0.0, 1.0],
                [0.95515, -0.069461, -0.287858, -0.125006, -0.059939, -0.997327, 0.041774, -0.002831, -0.28999, -0.022646, -0.956761, -1.2e-05, 0.0, 0.0, 0.0, 1.0]
            ]
        },
        {
            "name": "Leg_L",
            "time": [0.0, 0.05, 0.1333, 0.3333, 0.4, 0.5667, 0.9833, 1.1, 1.3],
            "transform": [
                [1.0, 0.0, 1e-06, 0.0, -0.0, 0.996194, 0.087156, 0.37472, -1e-06, -0.087156, 0.996195, -0.0, 0.0, 0.0, 0.0, 1.0],
                [1.0, -1e-06, 1e-06, -0.0, -0.0, 0.431715, 0.90201, 0.37472, -1e-06, -0.90201, 0.431715, -0.0, 0.0, 0.0, 0.0, 1.0],
                [1.0, 0.0, 1e-06, -0.0, -0.0, 0.973959, 0.226723, 0.37472, -1e-06, -0.226723, 0.97396, 0.0, 0.0, 0.0, 0.0, 1.0],
                [1.0, 0.0, 1e-06, -0.0, -0.0, 0.990087, 0.140453, 0.37472, -1e-06, -0.140453, 0.990088, -1e-06, 0.0, 0.0, 0.0, 1.0],
                [1.0, -0.0, 1e-06, 0.0, -0.0, 0.576506, 0.817093, 0.37472, -1e-06, -0.817092, 0.576507, 0.0, 0.0, 0.0, 0.0, 1.0],
                [1.0, -1e-06, 1e-06, 0.0, -0.0, 0.511692, 0.859169, 0.37472, -1e-06, -0.859168, 0.511693, -0.0, 0.0, 0.0, 0.0, 1.0],
                [1.0, -1e-06, 1e-06, 0.0, -0.0, 0.511611, 0.859217, 0.37472, -1e-06, -0.859217, 0.511612, -0.0, 0.0, 0.0, 0.0, 1.0],
                [1.0, -0.0, 1e-06, -0.0, -0.0, 0.902557, 0.430569, 0.37472, -1e-06, -0.430569, 0.902558, -0.0, 0.0, 0.0, 0.0, 1.0],
                [1.0, 0.0, 1e-06, 0.0, -0.0, 0.996194, 0.087156, 0.37472, -1e-06, -0.087156, 0.996195, -0.0, 0.0, 0.0, 0.0, 1.0]
            ]
        },
        {
            "name": "Knee_L",
            "time": [0.0, 0.05, 0.1333, 0.3333, 0.4, 0.5667, 0.9833, 1.3],
            "transform": [
                [1.0, 0.0, -0.0, 0.0, -0.0, 1e-06, -1.0, 0.37472, -0.0, 1.0, 1e-06, -0.0, 0.0, 0.0, 0.0, 1.0],
                [1.0, 0.0, -0.0, -0.0, -0.0, 1e-06, -1.0, 0.37472, -0.0, 1.0, 1e-06, -0.0, 0.0, 0.0, 0.0, 1.0],
                [1.0, 0.0, -0.0, -0.0, -0.0, 1e-06, -1.0, 0.37472, -0.0, 1.0, 1e-06, 0.0, 0.0, 0.0, 0.0, 1.0],
                [1.0, 0.0, -0.0, -0.0, -0.0, 1e-06, -1.0, 0.37472, -0.0, 1.0, 1e-06, -1e-06, 0.0, 0.0, 0.0, 1.0],
                [1.0, 0.0, -0.0, 0.0, -0.0, 1e-06, -1.0, 0.37472, -0.0, 1.0, 1e-06, 0.0, 0.0, 0.0, 0.0, 1.0],
                [1.0, 0.0, -0.0, 0.0, -0.0, 1e-06, -1.0, 0.37472, -0.0, 1.0, 1e-06, -0.0, 0.0, 0.0, 0.0, 1.0],
                [1.0, 0.0, -0.0, 0.0, -0.0, 1e-06, -1.0, 0.37472, -0.0, 1.0, 1e-06, -0.0, 0.0, 0.0, 0.0, 1.0],
                [1.0, 0.0, -0.0, 0.0, -0.0, 1e-06, -1.0, 0.37472, -0.0, 1.0, 1e-06, -0.0, 0.0, 0.0, 0.0, 1.0]
            ]
        },
        {
            "name": "Torso",
            "time": [0.0, 0.05, 0.1333, 0.3333, 0.4, 0.5667, 0.9833, 1.3],
            "transform": [
                [0.996512, 0.0, 0.083446, 0.0, 0.0, 1.0, 0.0, 0.05, -0.083446, 0.0, 0.996512, 0.0, 0.0, 0.0, 0.0, 1.0],
                [0.996512, -0.013256, 0.082387, 0.0, -0.0, 0.987301, 0.15886, 0.05, -0.083446, -0.158306, 0.983858, -0.0, 0.0, 0.0, 0.0, 1.0],
                [0.996512, -0.02124, 0.080698, -0.0, -0.0, 0.967063, 0.25454, 0.05, -0.083446, -0.253652, 0.96369, -0.0, 0.0, 0.0, 0.0, 1.0],
                [0.996512, -0.001131, 0.083438, 0.0, -0.0, 0.999908, 0.013552, 0.05, -0.083446, -0.013505, 0.996421, 0.0, 0.0, 0.0, 0.0, 1.0],
                [0.967281, -0.245137, 0.06538, -0.0, 0.152751, 0.768468, 0.621389, 0.05, -0.202568, -0.591071, 0.78077, -0.0, 0.0, 0.0, 0.0, 1.0],
                [0.996315, -0.007674, 0.085422, 0.0, 0.005902, 0.999763, 0.020974, 0.05, -0.085563, -0.020393, 0.996124, -0.0, 0.0, 0.0, 0.0, 1.0],
                [0.996512, -0.0, 0.083446, 0.0, 0.0, 1.0, 0.0, 0.05, -0.083446, -0.0, 0.996512, -0.0, 0.0, 0.0, 0.0, 1.0],
                [0.996512, 0.0, 0.083446, 0.0, 0.0, 1.0, 0.0, 0.05, -0.083446, 0.0, 0.996512, 0.0, 0.0, 0.0, 0.0, 1.0]
            ]
        },
        {
            "name": "Chest",
            "time": [0.0, 0.05, 0.1333, 0.3333, 0.4, 0.5667, 0.9833, 1.1, 1.3],
            "transform": [
                [0.996909, 0.004476, -0.078441, 0.0, 0.0, 0.998376, 0.056972, 0.3, 0.078568, -0.056796, 0.99529, 0.0, 0.0, 0.0, 0.0, 1.0],
                [0.999636, 0.012403, 0.02397, 0.0, -0.016018, 0.987461, 0.157048, 0.3, -0.021722, -0.157375, 0.9873, -0.0, 0.0, 0.0, 0.0, 1.0],
                [0.997599, -0.015934, -0.067393, -0.0, 0.000321, 0.974222, -0.22559, 0.3, 0.06925, 0.225027, 0.971889, 0.0, 0.0, 0.0, 0.0, 1.0],
                [0.996909, -0.031282, -0.072072, 0.0, 0.0, 0.917319, -0.398153, 0.3, 0.078568, 0.396922, 0.914483, 0.0, 0.0, 0.0, 0.0, 1.0],
                [0.957213, -0.098769, 0.272009, -0.0, 0.013362, 0.954035, 0.299396, 0.3, -0.289077, -0.282951, 0.914535, -0.0, 0.0, 0.0, 0.0, 1.0],
                [0.997767, 0.022009, -0.063054, 0.0, 0.000206, 0.943118, 0.332459, 0.3, 0.066785, -0.331729, 0.941008, -0.0, 0.0, 0.0, 0.0, 1.0],
                [0.996909, 0.011644, -0.077701, 0.0, 0.0, 0.988957, 0.148202, 0.3, 0.078568, -0.147744, 0.9859, 0.0, 0.0, 0.0, 0.0, 1.0],
                [0.947125, -0.174545, -0.269238, -0.0, 0.206439, 0.973849, 0.094873, 0.3, 0.245637, -0.145438, 0.958389, -0.0, 0.0, 0.0, 0.0, 1.0],
                [0.996909, 0.004476, -0.078441, 0.0, 0.0, 0.998376, 0.056972, 0.3, 0.078568, -0.056796, 0.99529, -0.0, 0.0, 0.0, 0.0, 1.0]
            ]
        },
        {
            "name": "Head",
            "time": [0.0, 0.05, 0.1333, 0.3333, 0.4, 0.5667, 0.9833, 1.1, 1.3],
            "transform": [
                [1.0, -0.0, 0.0, 0.0, -0.0, 0.999699, -0.024548, 0.4, 0.0, 0.024548, 0.999699, 0.0, 0.0, 0.0, 0.0, 1.0],
                [0.870644, 0.196986, 0.450751, -0.0, 0.012075, 0.907485, -0.419911, 0.4, -0.491766, 0.371036, 0.787717, 0.0, 0.0, 0.0, 0.0, 1.0],
                [0.998895, 0.010453, 0.045822, -0.0, -0.007634, 0.998092, -0.061268, 0.4, -0.046375, 0.06085, 0.997069, -0.0, 0.0, 0.0, 0.0, 1.0],
                [0.990072, -0.0, -0.14056, 0.0, 0.04367, 0.950514, 0.307598, 0.4, 0.133604, -0.310682, 0.941077, 0.0, 0.0, 0.0, 0.0, 1.0],
                [0.977899, 0.201705, -0.055039, 0.0, -0.2024, 0.847261, -0.491104, 0.4, -0.052426, 0.49139, 0.869361, -0.0, 0.0, 0.0, 0.0, 1.0],
                [0.90853, 0.088873, 0.408259, -0.0, 0.007025, 0.973729, -0.227604, 0.4, -0.417761, 0.209653, 0.884037, 0.0, 0.0, 0.0, 0.0, 1.0],
                [0.902729, 0.0, 0.43021, -0.0, 0.010561, 0.999699, -0.02216, 0.4, -0.43008, 0.024548, 0.902457, -0.0, 0.0, 0.0, 0.0, 1.0],
                [0.86974, 0.121894, 0.478219, -0.0, -0.12716, 0.991649, -0.021495, 0.4, -0.476846, -0.042115, 0.877977, 0.0, 0.0, 0.0, 0.0, 1.0],
                [1.0, -0.0, 0.0, -0.0, -0.0, 0.999699, -0.024548, 0.4, 0.0, 0.024548, 0.999699, 0.0, 0.0, 0.0, 0.0, 1.0]
            ]
        },
        {
            "name": "Shoulder_R",
            "time": [0.0, 0.05, 0.1333, 0.3333, 0.4, 0.5667, 0.9833, 1.3],
            "transform": [
                [-0.004613, 0.951979, 0.306128, 0.0, 0.000526, -0.306129, 0.95199, 0.4, 0.999989, 0.004553, 0.000911, 0.0, 0.0, 0.0, 0.0, 1.0],
                [-0.004613, 0.951979, 0.306128, -0.0, 0.000526, -0.306129, 0.95199, 0.4, 0.999989, 0.004553, 0.000911, 0.0, 0.0, 0.0, 0.0, 1.0],
                [-0.004613, 0.999844, 0.017023, -0.0, 0.000526, -0.017021, 0.999855, 0.4, 0.999989, 0.004621, -0.000447, -0.0, 0.0, 0.0, 0.0, 1.0],
                [-0.004613, 0.999909, -0.012673, 0.0, 0.000526, 0.012676, 0.999919, 0.4, 0.999989, 0.004606, -0.000584, 0.0, 0.0, 0.0, 0.0, 1.0],
                [-0.004613, 0.9648, 0.262943, 0.0, 0.000526, -0.262944, 0.964811, 0.4, 0.999989, 0.004589, 0.000705, -0.0, 0.0, 0.0, 0.0, 1.0],
                [-0.004613, 0.957328, 0.288965, -0.0, 0.000526, -0.288966, 0.957339, 0.4, 0.999989, 0.004568, 0.000829, 0.0, 0.0, 0.0, 0.0, 1.0],
                [-0.004613, 0.957319, 0.288997, -0.0, 0.000526, -0.288998, 0.95733, 0.4, 0.999989, 0.004568, 0.00083, -0.0, 0.0, 0.0, 0.0, 1.0],
                [-0.004613, 0.951979, 0.306128, -0.0, 0.000526, -0.306129, 0.95199, 0.4, 0.999989, 0.004553, 0.000911, 0.0, 0.0, 0.0, 0.0, 1.0]
            ]
        },
        {
            "name": "Arm_R",
            "time": [0.0, 0.05, 0.1333, 0.3333, 0.4, 0.5667, 0.9833, 1.1, 1.3],
            "transform": [
                [0.101348, -0.728137, -0.677897, -0.0, 0.953637, 0.265202, -0.142285, 0.393861, 0.283383, -0.632047, 0.721256, -0.0, 0.0, 0.0, 0.0, 1.0],
                [0.101348, -0.728137, -0.677897, -0.0, 0.953636, 0.265202, -0.142286, 0.39386, 0.283383, -0.632047, 0.721256, -0.0, 0.0, 0.0, 0.0, 1.0],
                [0.305184, -0.64379, 0.70171, -0.0, 0.951667, 0.179464, -0.249243, 0.393861, 0.034529, 0.743859, 0.667443, -0.0, 0.0, 0.0, 0.0, 1.0],
                [0.300048, -0.464913, 0.832963, -0.0, 0.953921, 0.144022, -0.263234, 0.39386, 0.002416, 0.873564, 0.486704, 0.0, 0.0, 0.0, 0.0, 1.0],
                [-0.233734, -0.971273, -0.044693, -0.0, 0.832639, -0.176212, -0.525035, 0.39386, 0.502077, -0.159932, 0.849906, 0.0, 0.0, 0.0, 0.0, 1.0],
                [0.563616, 0.222854, -0.795407, -0.0, 0.593721, 0.560188, 0.577654, 0.393861, 0.574311, -0.797825, 0.183419, 0.0, 0.0, 0.0, 0.0, 1.0],
                [0.568054, -0.235308, -0.788634, 0.0, 0.800681, 0.379623, 0.463462, 0.393861, 0.190328, -0.894716, 0.404053, -0.0, 0.0, 0.0, 0.0, 1.0],
                [-0.147291, -0.445863, -0.882899, 0.0, 0.676911, 0.605407, -0.418656, 0.393861, 0.721177, -0.659309, 0.212639, -0.0, 0.0, 0.0, 0.0, 1.0],
                [0.101348, -0.728137, -0.677897, -0.0, 0.953637, 0.265202, -0.142285, 0.393861, 0.283383, -0.632047, 0.721256, -0.0, 0.0, 0.0, 0.0, 1.0]
            ]
        },
        {
            "name": "Hand_R",
            "time": [0.0, 0.05, 0.1333, 0.3333, 0.4, 0.5667, 0.9833, 1.3],
            "transform": [
                [1.0, -0.0, 0.0, -0.0, 0.0, -0.293999, -0.955806, 0.3, 0.0, 0.955806, -0.293998, 0.0, 0.0, 0.0, 0.0, 1.0],
                [1.0, -0.0, 0.0, 0.0, 0.0, -0.293999, -0.955806, 0.3, 0.0, 0.955806, -0.293998, -0.0, 0.0, 0.0, 0.0, 1.0],
                [1.0, -0.0, 0.0, -0.0, 0.0, 0.668485, -0.743726, 0.3, 0.0, 0.743725, 0.668485, -0.0, 0.0, 0.0, 0.0, 1.0],
                [1.0, -0.0, -0.0, 0.0, -0.0, 0.349587, -0.936904, 0.3, 0.0, 0.936904, 0.349587, 0.0, 0.0, 0.0, 0.0, 1.0],
                [1.0, -0.0, -0.0, -0.0, 0.0, 0.853669, -0.520817, 0.3, 0.0, 0.520817, 0.853669, 0.0, 0.0, 0.0, 0.0, 1.0],
                [1.0, -0.0, -0.0, 0.0, 0.0, 0.999813, 0.019323, 0.3, 0.0, -0.019323, 0.999813, 0.0, 0.0, 0.0, 0.0, 1.0],
                [1.0, -0.0, -0.0, 0.0, 0.0, 0.999593, 0.028547, 0.3, 0.0, -0.028547, 0.999592, -0.0, 0.0, 0.0, 0.0, 1.0],
                [1.0, -0.0, 0.0, -0.0, 0.0, -0.293999, -0.955806, 0.3, 0.0, 0.955806, -0.293998, -0.0, 0.0, 0.0, 0.0, 1.0]
            ]
        },
        {
            "name": "Tool_R",
            "time": [0.0, 0.05, 0.1333, 0.3333, 0.4, 0.5667, 0.9833, 1.3],
            "transform": [
                [1.0, 0.0, 0.0, 0.0, 0.0, -0.999836, 0.018122, 0.272858, 0.0, -0.018122, -0.999244, -0.0, 0.0, 0.0, 0.0, 1.0],
                [1.0, -0.0, 0.0, 0.0, 0.0, -0.999836, 0.018122, 0.272858, 0.0, -0.018122, -0.999244, 0.0, 0.0, 0.0, 0.0, 1.0],
                [1.0, 0.0, 0.0, -0.0, 0.0, -0.999836, 0.018122, 0.272858, 0.0, -0.018122, -0.999244, 0.0, 0.0, 0.0, 0.0, 1.0],
                [1.0, 0.0, 0.0, 0.0, 0.0, -0.999836, 0.018122, 0.272858, 0.0, -0.018122, -0.999244, -0.0, 0.0, 0.0, 0.0, 1.0],
                [1.0, -0.0, 0.0, 0.0, 0.0, -0.999836, 0.018122, 0.272858, 0.0, -0.018122, -0.999244, -0.0, 0.0, 0.0, 0.0, 1.0],
                [1.0, 0.0, 0.0, 0.0, -0.0, -0.999836, 0.018122, 0.272858, 0.0, -0.018122, -0.999244, 0.0, 0.0, 0.0, 0.0, 1.0],
                [1.0, 0.0, 0.0, -0.0, 0.0, -0.999836, 0.018122, 0.272858, 0.0, -0.018122, -0.999244, 0.0, 0.0, 0.0, 0.0, 1.0],
                [1.0, 0.0, 0.0, -0.0, 0.0, -0.999836, 0.018122, 0.272858, 0.0, -0.018122, -0.999244, 0.0, 0.0, 0.0, 0.0, 1.0]
            ]
        },
        {
            "name": "Elbow_R",
            "time": [0.0, 0.05, 0.1333, 0.3333, 0.4, 0.5667, 0.9833, 1.3],
            "transform": [
                [-1.0, 0.0, 0.0, -0.0, 0.0, 0.735098, -0.677961, 0.3, -0.0, -0.677961, -0.735098, 0.0, 0.0, 0.0, 0.0, 1.0],
                [-1.0, 0.0, 0.0, 0.0, -0.0, 0.735098, -0.677961, 0.3, -0.0, -0.677961, -0.735098, -0.0, 0.0, 0.0, 0.0, 1.0],
                [-1.0, 0.0, 0.0, -0.0, 0.0, 0.735098, -0.677961, 0.3, -0.0, -0.677961, -0.735098, -0.0, 0.0, 0.0, 0.0, 1.0],
                [-1.0, 0.0, 0.0, 0.0, 0.0, 0.735098, -0.677961, 0.3, -0.0, -0.677961, -0.735098, 0.0, 0.0, 0.0, 0.0, 1.0],
                [-1.0, 0.0, 0.0, -0.0, -0.0, 0.375957, -0.926637, 0.3, -0.0, -0.926637, -0.375957, 0.0, 0.0, 0.0, 0.0, 1.0],
                [-1.0, 0.0, 0.0, 0.0, 0.0, 0.336182, -0.941797, 0.3, -0.0, -0.941797, -0.336182, 0.0, 0.0, 0.0, 0.0, 1.0],
                [-1.0, 0.0, 0.0, 0.0, -0.0, 0.336133, -0.941815, 0.3, -0.0, -0.941815, -0.336133, -0.0, 0.0, 0.0, 0.0, 1.0],
                [-1.0, 0.0, 0.0, -0.0, 0.0, 0.735098, -0.677961, 0.3, -0.0, -0.677961, -0.735098, -0.0, 0.0, 0.0, 0.0, 1.0]
            ]
        },
        {
            "name": "Shoulder_L",
            "time": [0.0, 0.05, 0.1333, 0.3333, 0.4, 0.5667, 0.9833, 1.3],
            "transform": [
                [0.004613, -0.952228, -0.305355, 0.0, 0.000524, -0.305355, 0.952238, 0.4, -0.999989, -0.004553, -0.00091, 0.0, 0.0, 0.0, 0.0, 1.0],
                [0.004613, -0.952227, -0.305355, -0.0, 0.000524, -0.305355, 0.952238, 0.4, -0.999989, -0.004553, -0.00091, 0.0, 0.0, 0.0, 0.0, 1.0],
                [0.413321, -0.90974, -0.039231, -0.0, 0.011317, -0.037947, 0.999216, 0.4, -0.910515, -0.413441, -0.005389, -0.0, 0.0, 0.0, 0.0, 1.0],
                [0.451288, -0.892291, -0.012484, 0.0, 0.006051, -0.01093, 0.999922, 0.4, -0.892358, -0.451328, 0.000466, 0.0, 0.0, 0.0, 0.0, 1.0],
                [0.045118, -0.958766, -0.280593, 0.0, 0.006585, -0.280588, 0.959806, 0.4, -0.99896, -0.045152, -0.006346, -0.0, 0.0, 0.0, 0.0, 1.0],
                [0.004663, -0.952237, -0.305324, -0.0, 0.000532, -0.305325, 0.952248, 0.4, -0.999989, -0.004603, -0.000917, 0.0, 0.0, 0.0, 0.0, 1.0],
                [0.004613, -0.952228, -0.305355, -0.0, 0.000524, -0.305355, 0.952238, 0.4, -0.999989, -0.004553, -0.00091, -0.0, 0.0, 0.0, 0.0, 1.0],
                [0.004613, -0.952228, -0.305355, -0.0, 0.000524, -0.305355, 0.952238, 0.4, -0.999989, -0.004553, -0.00091, 0.0, 0.0, 0.0, 0.0, 1.0]
            ]
        },
        {
            "name": "Arm_L",
            "time": [0.0, 0.05, 0.1333, 0.3333, 0.4, 0.5667, 0.9833, 1.1, 1.3],
            "transform": [
                [0.337981, -0.043619, 0.940141, 0.0, -0.891463, 0.305452, 0.334653, 0.39386, -0.301766, -0.951208, 0.064352, 0.0, 0.0, 0.0, 0.0, 1.0],
                [-0.029126, 0.374177, 0.9269, -0.0, -0.71329, 0.641845, -0.281518, 0.39386, -0.700264, -0.669348, 0.248202, 0.0, 0.0, 0.0, 0.0, 1.0],
                [0.354623, 0.341568, -0.870387, -0.0, -0.871681, -0.215988, -0.439911, 0.39386, -0.338253, 0.914702, 0.221144, -0.0, 0.0, 0.0, 0.0, 1.0],
                [0.380023, 0.105271, -0.918967, 0.0, -0.924239, 0.003528, -0.381798, 0.39386, -0.03695, 0.994437, 0.098636, -0.0, 0.0, 0.0, 0.0, 1.0],
                [-0.220975, 0.974262, -0.044537, 0.0, -0.890517, -0.220181, -0.39812, 0.39386, -0.39768, -0.048314, 0.916251, 0.0, 0.0, 0.0, 0.0, 1.0],
                [0.748374, -0.436499, 0.499405, -0.0, -0.338877, 0.395622, 0.853607, 0.39386, -0.570174, -0.808054, 0.148154, -0.0, 0.0, 0.0, 0.0, 1.0],
                [0.840571, -0.077487, 0.53613, 0.0, -0.460831, 0.417941, 0.782918, 0.39386, -0.284737, -0.905163, 0.315601, -0.0, 0.0, 0.0, 0.0, 1.0],
                [0.69509, -0.316354, 0.645578, 0.0, -0.521886, 0.395568, 0.755752, 0.39386, -0.494455, -0.862233, 0.109855, 0.0, 0.0, 0.0, 0.0, 1.0],
                [0.337981, -0.043619, 0.940141, -0.0, -0.891463, 0.305452, 0.334653, 0.39386, -0.301766, -0.951208, 0.064352, 0.0, 0.0, 0.0, 0.0, 1.0]
            ]
        },
        {
            "name": "Hand_L",
            "time": [0.0, 0.05, 0.1333, 0.3333, 0.4, 0.5667, 0.9833, 1.3],
            "transform": [
                [1.0, 0.0, 0.0, -0.0, -0.0, 0.99793, -0.064318, 0.3, -0.0, 0.064318, 0.99793, 0.0, 0.0, 0.0, 0.0, 1.0],
                [1.0, 0.0, 0.0, -0.0, -0.0, 0.579041, -0.815299, 0.3, -0.0, 0.815299, 0.579041, -0.0, 0.0, 0.0, 0.0, 1.0],
                [1.0, 0.0, 0.0, 0.0, -0.0, 0.989627, -0.143659, 0.3, -0.0, 0.143659, 0.989628, 0.0, 0.0, 0.0, 0.0, 1.0],
                [1.0, 0.0, -0.0, -0.0, -0.0, 0.570096, -0.821579, 0.3, -0.0, 0.821579, 0.570096, 0.0, 0.0, 0.0, 0.0, 1.0],
                [1.0, 0.0, 0.0, 0.0, -0.0, 0.897915, -0.44017, 0.3, -0.0, 0.44017, 0.897915, 0.0, 0.0, 0.0, 0.0, 1.0],
                [1.0, 0.0, -0.0, -0.0, 0.0, 0.997053, -0.076717, 0.3, -0.0, 0.076717, 0.997053, -0.0, 0.0, 0.0, 0.0, 1.0],
                [1.0, 0.0, 0.0, -0.0, -0.0, 0.99793, -0.064318, 0.3, -0.0, 0.064318, 0.99793, -0.0, 0.0, 0.0, 0.0, 1.0],
                [1.0, 0.0, 0.0, -0.0, -0.0, 0.99793, -0.064318, 0.3, -0.0, 0.064318, 0.99793, -1e-06, 0.0, 0.0, 0.0, 1.0]
            ]
        },
        {
            "name": "Tool_L",
            "time": [0.0, 0.05, 0.1333, 0.3333, 0.4, 0.5667, 0.9833, 1.3],
            "transform": [
                [1.0, 0.0, 0.0, 0.0, 0.0, -0.999836, 0.018122, 0.272858, 0.0, -0.018122, -0.999247, -0.0, 0.0, 0.0, 0.0, 1.0],
                [1.0, 0.0, 0.0, 0.0, 0.0, -0.999836, 0.018122, 0.272858, 0.0, -0.018122, -0.999247, 0.0, 0.0, 0.0, 0.0, 1.0],
                [1.0, 0.0, 0.0, -0.0, 0.0, -0.999836, 0.018122, 0.272858, 0.0, -0.018122, -0.999247, 0.0, 0.0, 0.0, 0.0, 1.0],
                [1.0, 0.0, 0.0, 0.0, 0.0, -0.999836, 0.018122, 0.272858, 0.0, -0.018122, -0.999247, -0.0, 0.0, 0.0, 0.0, 1.0],
                [1.0, 0.0, 0.0, -0.0, 0.0, -0.999836, 0.018122, 0.272858, 0.0, -0.018122, -0.999247, 1e-06, 0.0, 0.0, 0.0, 1.0],
                [1.0, 0.0, 0.0, 0.0, 0.0, -0.999836, 0.018122, 0.272858, 0.0, -0.018122, -0.999247, -0.0, 0.0, 0.0, 0.0, 1.0],
                [1.0, 0.0, 0.0, 0.0, 0.0, -0.999836, 0.018122, 0.272858, 0.0, -0.018122, -0.999247, -0.0, 0.0, 0.0, 0.0, 1.0],
                [1.0, 0.0, 0.0, 0.0, 0.0, -0.999836, 0.018122, 0.272858, 0.0, -0.018122, -0.999247, 0.0, 0.0, 0.0, 0.0, 1.0]
            ]
        },
        {
            "name": "Elbow_L",
            "time": [0.0, 0.05, 0.1333, 0.3333, 0.4, 0.5667, 0.9833, 1.3],
            "transform": [
                [-1.0, 0.0, -0.0, -0.0, 0.0, -0.0, -1.0, 0.3, -0.0, -1.0, -0.0, 0.0, 0.0, 0.0, 0.0, 1.0],
                [-1.0, 0.0, -0.0, -0.0, 0.0, -0.0, -1.0, 0.3, -0.0, -1.0, -0.0, -0.0, 0.0, 0.0, 0.0, 1.0],
                [-1.0, 0.0, -0.0, 0.0, 0.0, -0.0, -1.0, 0.3, -0.0, -1.0, -0.0, 0.0, 0.0, 0.0, 0.0, 1.0],
                [-1.0, 0.0, -0.0, -0.0, 0.0, -0.0, -1.0, 0.3, -0.0, -1.0, -0.0, 0.0, 0.0, 0.0, 0.0, 1.0],
                [-1.0, 0.0, -0.0, 0.0, 0.0, -0.0, -1.0, 0.3, -0.0, -1.0, -0.0, 0.0, 0.0, 0.0, 0.0, 1.0],
                [-1.0, 0.0, -0.0, -0.0, 0.0, -0.0, -1.0, 0.3, -0.0, -1.0, -0.0, -0.0, 0.0, 0.0, 0.0, 1.0],
                [-1.0, 0.0, -0.0, -0.0, 0.0, -0.0, -1.0, 0.3, -0.0, -1.0, -0.0, -0.0, 0.0, 0.0, 0.0, 1.0],
                [-1.0, 0.0, -0.0, -0.0, 0.0, -0.0, -1.0, 0.3, -0.0, -1.0, -0.0, -1e-06, 0.0, 0.0, 0.0, 1.0]
            ]
        }
    ]
}