{
    
    "animation": [
        {
            "name": "Root",
            "time": [0.0, 1.35, 2.6667],
            "transform": [
                [1.0, 0.0, 0.0, -5e-06, 0.0, 0.0, -1.0, 0.000946, 0.0, 1.0, 0.0, 0.480021, 0.0, 0.0, 0.0, 1.0],
                [1.0, 0.0, 0.0, -5e-06, 0.0, 0.0, -1.0, 0.000946, 0.0, 1.0, 0.0, 0.480021, 0.0, 0.0, 0.0, 1.0],
                [1.0, 0.0, 0.0, -5e-06, 0.0, 0.0, -1.0, 0.000946, 0.0, 1.0, 0.0, 0.480021, 0.0, 0.0, 0.0, 1.0]
            ]
        },
        {
            "name": "Thigh_R",
            "time": [0.0, 1.35, 2.6667],
            "transform": [
                [1.0, -1e-06, 0.0, 0.124994, -0.0, -0.99311, -0.117165, -0.002831, 0.0, 0.117165, -0.993113, -1.2e-05, 0.0, 0.0, 0.0, 1.0],
                [1.0, -1e-06, 0.0, 0.124994, -0.0, -0.99311, -0.117165, -0.002831, 0.0, 0.117165, -0.993113, -1.2e-05, 0.0, 0.0, 0.0, 1.0],
                [1.0, -1e-06, 0.0, 0.124994, -0.0, -0.99311, -0.117165, -0.002831, 0.0, 0.117165, -0.993113, -1.2e-05, 0.0, 0.0, 0.0, 1.0]
            ]
        },
        {
            "name": "Leg_R",
            "time": [0.0, 1.35, 2.6667],
            "transform": [
                [1.0, 0.0, 1e-06, 0.0, -1e-06, 0.0888, 0.996049, 0.37472, 0.0, -0.99605, 0.0888, -0.0, 0.0, 0.0, 0.0, 1.0],
                [1.0, 0.0, 1e-06, 0.0, -1e-06, 0.0888, 0.996049, 0.37472, 0.0, -0.99605, 0.0888, -0.0, 0.0, 0.0, 0.0, 1.0],
                [1.0, 0.0, 1e-06, 0.0, -1e-06, 0.0888, 0.996049, 0.37472, 0.0, -0.99605, 0.0888, -0.0, 0.0, 0.0, 0.0, 1.0]
            ]
        },
        {
            "name": "Knee_R",
            "time": [0.0, 2.6667],
            "transform": [
                [1.0, -0.0, -0.0, 0.0, -0.0, -0.159744, -0.987159, 0.486932, -0.0, 0.987159, -0.159744, -0.001311, 0.0, 0.0, 0.0, 1.0],
                [1.0, -0.0, -0.0, 0.0, -0.0, -0.159744, -0.987159, 0.486932, -0.0, 0.987159, -0.159744, -0.001311, 0.0, 0.0, 0.0, 1.0]
            ]
        },
        {
            "name": "Thigh_L",
            "time": [0.0, 1.35, 2.6667],
            "transform": [
                [0.999999, -0.0, 0.0, -0.125006, 0.0, -0.262893, 0.964825, -0.002831, -0.0, -0.964825, -0.262894, -1.2e-05, 0.0, 0.0, 0.0, 1.0],
                [0.999999, -0.0, 0.0, -0.125006, 0.0, -0.262893, 0.964825, -0.002831, -0.0, -0.964825, -0.262894, -1.2e-05, 0.0, 0.0, 0.0, 1.0],
                [0.999999, -0.0, 0.0, -0.125006, 0.0, -0.262893, 0.964825, -0.002831, -0.0, -0.964825, -0.262894, -1.2e-05, 0.0, 0.0, 0.0, 1.0]
            ]
        },
        {
            "name": "Leg_L",
            "time": [0.0, 2.6667, 1.35],
            "transform": [
                [1.0, 0.0, 1e-06, -0.0, -1e-06, 0.275584, 0.961277, 0.37472, -0.0, -0.961277, 0.275585, 0.0, 0.0, 0.0, 0.0, 1.0],
                [1.0, 0.0, 1e-06, -0.0, -1e-06, 0.275584, 0.961277, 0.37472, -0.0, -0.961277, 0.275585, 0.0, 0.0, 0.0, 0.0, 1.0],
                [1.0, 0.0, 1e-06, -0.0, -1e-06, 0.275584, 0.961277, 0.37472, -0.0, -0.961277, 0.275585, 0.0, 0.0, 0.0, 0.0, 1.0]
            ]
        },
        {
            "name": "Knee_L",
            "time": [0.0, 2.6667],
            "transform": [
                [1.0, 0.0, -0.0, 0.0, -0.0, -0.155235, -0.987877, 0.459884, -0.0, 0.987877, -0.155235, -0.004006, 0.0, 0.0, 0.0, 1.0],
                [1.0, 0.0, -0.0, 0.0, -0.0, -0.155235, -0.987877, 0.459884, -0.0, 0.987877, -0.155235, -0.004006, 0.0, 0.0, 0.0, 1.0]
            ]
        },
        {
            "name": "Torso",
            "time": [0.0, 1.35, 2.6667],
            "transform": [
                [1.0, 0.0, 0.0, 0.0, 0.0, 0.997901, 0.064763, 0.05, 0.0, -0.064763, 0.997901, 0.0, 0.0, 0.0, 0.0, 1.0],
                [1.0, 0.0, 0.0, 0.0, 0.0, 0.997901, 0.064763, 0.05, 0.0, -0.064763, 0.997901, 0.0, 0.0, 0.0, 0.0, 1.0],
                [1.0, 0.0, 0.0, 0.0, 0.0, 0.997901, 0.064763, 0.05, 0.0, -0.064763, 0.997901, 0.0, 0.0, 0.0, 0.0, 1.0]
            ]
        },
        {
            "name": "Chest",
            "time": [0.0, 1.35, 2.6667],
            "transform": [
                [1.0, 0.0, 0.0, 0.0, 0.0, 0.890293, 0.455389, 0.3, 0.0, -0.455388, 0.890293, 0.0, 0.0, 0.0, 0.0, 1.0],
                [1.0, 0.0, 0.0, 0.0, 0.0, 0.864905, 0.501935, 0.3, 0.0, -0.501935, 0.864906, 0.0, 0.0, 0.0, 0.0, 1.0],
                [1.0, 0.0, 0.0, 0.0, 0.0, 0.890293, 0.455389, 0.3, 0.0, -0.455388, 0.890293, 0.0, 0.0, 0.0, 0.0, 1.0]
            ]
        },
        {
            "name": "Head",
            "time": [0.0, 2.6667],
            "transform": [
                [1.0, 0.0, 0.0, 0.0, 0.0, 0.906204, -0.422842, 0.4, 0.0, 0.422842, 0.906204, 0.0, 0.0, 0.0, 0.0, 1.0],
                [1.0, 0.0, 0.0, 0.0, 0.0, 0.906204, -0.422842, 0.4, 0.0, 0.422842, 0.906204, 0.0, 0.0, 0.0, 0.0, 1.0]
            ]
        },
        {
            "name": "Shoulder_R",
            "time": [0.0, 2.6667],
            "transform": [
                [0.0, 0.87481, 0.484466, 0.0, 0.0, -0.484467, 0.87481, 0.4, 1.0, 0.0, -0.0, 0.0, 0.0, 0.0, 0.0, 1.0],
                [0.0, 0.87481, 0.484466, 0.0, 0.0, -0.484467, 0.87481, 0.4, 1.0, 0.0, -0.0, 0.0, 0.0, 0.0, 0.0, 1.0]
            ]
        },
        {
            "name": "Arm_R",
            "time": [0.0, 1.35, 2.6667],
            "transform": [
                [0.329396, -0.889853, -0.315689, -0.0, 0.829059, 0.432586, -0.354303, 0.393861, 0.45184, -0.145019, 0.880233, -0.0, 0.0, 0.0, 0.0, 1.0],
                [0.329396, -0.91791, -0.221222, 0.0, 0.829059, 0.393302, -0.397461, 0.39386, 0.45184, -0.052484, 0.890554, 0.0, 0.0, 0.0, 0.0, 1.0],
                [0.329396, -0.889853, -0.315689, -0.0, 0.829059, 0.432586, -0.354303, 0.393861, 0.45184, -0.145019, 0.880233, -0.0, 0.0, 0.0, 0.0, 1.0]
            ]
        },
        {
            "name": "Hand_R",
            "time": [0.0, 2.6667],
            "transform": [
                [1.0, -0.0, 0.0, -0.0, 0.0, -0.41514, -0.909758, 0.3, 0.0, 0.909758, -0.41514, -0.0, 0.0, 0.0, 0.0, 1.0],
                [1.0, -0.0, 0.0, -0.0, 0.0, -0.41514, -0.909758, 0.3, 0.0, 0.909758, -0.41514, -0.0, 0.0, 0.0, 0.0, 1.0]
            ]
        },
        {
            "name": "Tool_R",
            "time": [0.0, 2.6667],
            "transform": [
                [1.0, 0.0, 0.0, -0.0, 0.0, -0.999836, 0.018122, 0.272858, 0.0, -0.018122, -0.999244, 0.0, 0.0, 0.0, 0.0, 1.0],
                [1.0, 0.0, 0.0, -0.0, 0.0, -0.999836, 0.018122, 0.272858, 0.0, -0.018122, -0.999244, 0.0, 0.0, 0.0, 0.0, 1.0]
            ]
        },
        {
            "name": "Elbow_R",
            "time": [0.0, 2.6667],
            "transform": [
                [-1.0, 0.0, 0.0, -0.0, 0.0, 0.871968, -0.489563, 0.3, -0.0, -0.489563, -0.871968, -0.0, 0.0, 0.0, 0.0, 1.0],
                [-1.0, 0.0, 0.0, -0.0, 0.0, 0.871968, -0.489563, 0.3, -0.0, -0.489563, -0.871968, -0.0, 0.0, 0.0, 0.0, 1.0]
            ]
        },
        {
            "name": "Shoulder_L",
            "time": [0.0, 2.6667],
            "transform": [
                [0.057018, -0.944101, -0.324689, 0.0, -0.084463, -0.328613, 0.94068, 0.4, -0.994794, -0.026211, -0.098478, 0.0, 0.0, 0.0, 0.0, 1.0],
                [0.057018, -0.944101, -0.324689, 0.0, -0.084463, -0.328613, 0.94068, 0.4, -0.994794, -0.026211, -0.098478, 0.0, 0.0, 0.0, 0.0, 1.0]
            ]
        },
        {
            "name": "Arm_L",
            "time": [0.0, 1.35, 2.6667],
            "transform": [
                [0.183516, 0.920904, 0.343886, -0.0, -0.931777, 0.274429, -0.237656, 0.39386, -0.313231, -0.276811, 0.908439, 0.0, 0.0, 0.0, 0.0, 1.0],
                [0.183516, 0.946655, 0.264887, 0.0, -0.931777, 0.253379, -0.259983, 0.39386, -0.313231, -0.199104, 0.928571, -0.0, 0.0, 0.0, 0.0, 1.0],
                [0.183516, 0.920904, 0.343886, -0.0, -0.931777, 0.274429, -0.237656, 0.39386, -0.313231, -0.276811, 0.908439, 0.0, 0.0, 0.0, 0.0, 1.0]
            ]
        },
        {
            "name": "Hand_L",
            "time": [0.0, 2.6667],
            "transform": [
                [0.998421, -0.053663, 0.016632, 0.0, -0.000423, -0.303218, -0.952922, 0.3, 0.05618, 0.951409, -0.302761, 0.0, 0.0, 0.0, 0.0, 1.0],
                [0.998421, -0.053663, 0.016632, 0.0, -0.000423, -0.303218, -0.952922, 0.3, 0.05618, 0.951409, -0.302761, 0.0, 0.0, 0.0, 0.0, 1.0]
            ]
        },
        {
            "name": "Tool_L",
            "time": [0.0, 2.6667],
            "transform": [
                [1.0, 0.0, 0.0, 0.0, 0.0, -0.999836, 0.018122, 0.272858, 0.0, -0.018122, -0.999247, -0.0, 0.0, 0.0, 0.0, 1.0],
                [1.0, 0.0, 0.0, 0.0, 0.0, -0.999836, 0.018122, 0.272858, 0.0, -0.018122, -0.999247, -0.0, 0.0, 0.0, 0.0, 1.0]
            ]
        },
        {
            "name": "Elbow_L",
            "time": [0.0, 2.6667],
            "transform": [
                [-1.0, 0.0, -0.0, 0.0, 0.0, 0.0992, -0.995068, 0.416895, -0.0, -0.995068, -0.0992, 0.0, 0.0, 0.0, 0.0, 1.0],
                [-1.0, 0.0, -0.0, 0.0, 0.0, 0.0992, -0.995068, 0.416895, -0.0, -0.995068, -0.0992, 0.0, 0.0, 0.0, 0.0, 1.0]
            ]
        }
    ]
}