{
    
    "animation": [
        {
            "name": "Root",
            "time": [0.0, 0.15, 0.3167, 0.5333, 0.9, 1.4833],
            "transform": [
                [0.726066, 0.0, 0.687625, -5e-06, 0.687625, 0.0, -0.726066, 0.000946, 0.0, 1.0, 0.0, 0.764948, 0.0, 0.0, 0.0, 1.0],
                [0.625802, 0.0, -0.779982, -5e-06, -0.779982, 0.0, -0.625802, -2.30216, 0.0, 1.0, 0.0, 0.764948, 0.0, 0.0, 0.0, 1.0],
                [-0.913465, 0.0, 0.406917, -5e-06, 0.406917, 0.0, 0.913465, -4.085605, 0.0, 1.0, 0.0, 0.764948, 0.0, 0.0, 0.0, 1.0],
                [0.691632, 0.0, 0.72225, -5e-06, 0.72225, 0.0, -0.691632, -5.036601, 0.0, 1.0, 0.0, 0.61156, 0.0, 0.0, 0.0, 1.0],
                [0.691632, 0.0, 0.72225, -5e-06, 0.72225, 0.0, -0.691632, -5.036601, 0.0, 1.0, 0.0, 0.744351, 0.0, 0.0, 0.0, 1.0],
                [0.691632, 0.0, 0.72225, -5e-06, 0.72225, 0.0, -0.691632, -5.036601, 0.0, 1.0, 0.0, 0.744351, 0.0, 0.0, 0.0, 1.0]
            ]
        },
        {
            "name": "Thigh_R",
            "time": [0.0, 0.0667, 0.15, 0.5333, 0.9, 1.4833],
            "transform": [
                [0.704449, 0.28049, 0.651978, 0.124994, -0.001166, -0.918137, 0.396258, -0.002831, 0.709753, -0.279903, -0.646456, -1.2e-05, 0.0, 0.0, 0.0, 1.0],
                [0.747374, 0.215215, 0.628581, 0.124994, 0.251802, -0.967255, 0.031783, -0.002831, 0.614839, 0.134525, -0.777095, -1.2e-05, 0.0, 0.0, 0.0, 1.0],
                [0.727624, -0.039649, 0.684829, 0.124994, 0.002831, -0.998144, -0.060797, -0.002831, 0.68597, 0.046176, -0.726163, -1.2e-05, 0.0, 0.0, 0.0, 1.0],
                [0.727624, 0.554447, 0.403919, 0.124994, 0.002831, -0.591244, 0.806487, -0.002831, 0.68597, -0.585674, -0.431774, -1.2e-05, 0.0, 0.0, 0.0, 1.0],
                [0.720066, 0.385332, 0.577081, 0.124994, 0.129112, -0.891519, 0.43419, -0.002831, 0.681787, -0.238137, -0.691706, -1.2e-05, 0.0, 0.0, 0.0, 1.0],
                [0.973736, 0.084118, 0.211568, 0.124994, 0.051884, -0.986777, 0.153544, -0.002831, 0.221686, -0.138534, -0.965227, -1.2e-05, 0.0, 0.0, 0.0, 1.0]
            ]
        },
        {
            "name": "Leg_R",
            "time": [0.0, 0.5333, 0.9, 1.4833],
            "transform": [
                [0.999664, -0.024877, -0.007227, -0.0, 0.025905, 0.958924, 0.28248, 0.37472, -9.7e-05, -0.282573, 0.959245, 0.0, 0.0, 0.0, 0.0, 1.0],
                [0.999664, -0.021409, -0.014586, -0.0, 0.025905, 0.824045, 0.565932, 0.37472, -9.7e-05, -0.56612, 0.824322, -0.0, 0.0, 0.0, 0.0, 1.0],
                [1.0, -0.0, 1e-06, -0.0, -0.0, 0.865858, 0.500291, 0.37472, -1e-06, -0.500292, 0.865856, 0.0, 0.0, 0.0, 0.0, 1.0],
                [1.0, 0.0, 1e-06, 0.0, -0.0, 0.984472, 0.175547, 0.37472, -1e-06, -0.175547, 0.98447, 0.0, 0.0, 0.0, 0.0, 1.0]
            ]
        },
        {
            "name": "Knee_R",
            "time": [0.0, 0.5333, 0.9, 1.4833],
            "transform": [
                [1.0, 0.0, -0.0, -0.0, -0.0, 1e-06, -1.0, 0.383077, -0.0, 1.0, 1e-06, -0.001653, 0.0, 0.0, 0.0, 1.0],
                [1.0, 0.0, -0.0, -0.0, -0.0, 1e-06, -1.0, 0.383077, -0.0, 1.0, 1e-06, -0.001653, 0.0, 0.0, 0.0, 1.0],
                [1.0, 0.0, -0.0, 0.0, -0.0, 1e-06, -1.0, 0.383077, -0.0, 1.0, 1e-06, -0.001653, 0.0, 0.0, 0.0, 1.0],
                [1.0, 0.0, -0.0, -0.0, -0.0, 1e-06, -1.0, 0.383077, -0.0, 1.0, 1e-06, -0.001653, 0.0, 0.0, 0.0, 1.0]
            ]
        },
        {
            "name": "Thigh_L",
            "time": [0.0, 0.0667, 0.15, 0.3833, 0.5333, 0.9, 1.4833],
            "transform": [
                [0.959641, -0.191834, -0.205642, -0.125006, -0.224687, -0.962753, -0.150407, -0.002831, -0.169129, 0.190543, -0.967, -1.2e-05, 0.0, 0.0, 0.0, 1.0],
                [0.959641, -0.281196, -0.004182, -0.125006, -0.224687, -0.775565, 0.589928, -0.002831, -0.169129, -0.565179, -0.807445, -1.2e-05, 0.0, 0.0, 0.0, 1.0],
                [0.853395, -0.271248, 0.445129, -0.125006, -0.513912, -0.580715, 0.631398, -0.002831, 0.087227, -0.76759, -0.634978, -1.2e-05, 0.0, 0.0, 0.0, 1.0],
                [0.853396, -0.066107, 0.517054, -0.125006, -0.513912, -0.272689, 0.813347, -0.002831, 0.087227, -0.959828, -0.266685, -1.2e-05, 0.0, 0.0, 0.0, 1.0],
                [0.781934, -0.470699, 0.408681, -0.125006, -0.176276, -0.795817, -0.579311, -0.002831, 0.597916, 0.380944, -0.70525, -1.2e-05, 0.0, 0.0, 0.0, 1.0],
                [0.930798, -0.303063, -0.204368, -0.125006, -0.330671, -0.936413, -0.117417, -0.002831, -0.155788, 0.176871, -0.971826, -1.2e-05, 0.0, 0.0, 0.0, 1.0],
                [0.95515, -0.069461, -0.287858, -0.125006, -0.059939, -0.997328, 0.041774, -0.002831, -0.28999, -0.022646, -0.956761, -1.2e-05, 0.0, 0.0, 0.0, 1.0]
            ]
        },
        {
            "name": "Leg_L",
            "time": [0.0, 0.15, 0.5333, 0.9, 1.4833],
            "transform": [
                [1.0, 0.0, 1e-06, 0.0, -0.0, 0.996194, 0.087156, 0.37472, -1e-06, -0.087156, 0.996195, -0.0, 0.0, 0.0, 0.0, 1.0],
                [1.0, -0.0, 1e-06, 0.0, -0.0, 0.852092, 0.523392, 0.37472, -1e-06, -0.523392, 0.852092, -0.0, 0.0, 0.0, 0.0, 1.0],
                [1.0, 0.0, 1e-06, -0.0, -0.0, 0.96362, 0.267276, 0.37472, -1e-06, -0.267276, 0.96362, -1e-06, 0.0, 0.0, 0.0, 1.0],
                [1.0, 0.0, 1e-06, -0.0, -0.0, 0.996194, 0.087156, 0.37472, -1e-06, -0.087156, 0.996195, 0.0, 0.0, 0.0, 0.0, 1.0],
                [1.0, 0.0, 1e-06, -0.0, -0.0, 0.996194, 0.087156, 0.37472, -1e-06, -0.087156, 0.996195, -0.0, 0.0, 0.0, 0.0, 1.0]
            ]
        },
        {
            "name": "Knee_L",
            "time": [0.0, 0.5333, 0.9, 1.4833],
            "transform": [
                [1.0, 0.0, -0.0, 0.0, -0.0, 1e-06, -1.0, 0.37472, -0.0, 1.0, 1e-06, -0.0, 0.0, 0.0, 0.0, 1.0],
                [1.0, 0.0, -0.0, -0.0, -0.0, 1e-06, -1.0, 0.37472, -0.0, 1.0, 1e-06, -1e-06, 0.0, 0.0, 0.0, 1.0],
                [1.0, 0.0, -0.0, -0.0, -0.0, 1e-06, -1.0, 0.37472, -0.0, 1.0, 1e-06, 0.0, 0.0, 0.0, 0.0, 1.0],
                [1.0, 0.0, -0.0, -0.0, -0.0, 1e-06, -1.0, 0.37472, -0.0, 1.0, 1e-06, -0.0, 0.0, 0.0, 0.0, 1.0]
            ]
        },
        {
            "name": "Torso",
            "time": [0.0, 0.5333, 0.9, 1.4833],
            "transform": [
                [0.996512, 0.0, 0.083446, 0.0, 0.0, 1.0, 0.0, 0.05, -0.083446, 0.0, 0.996512, 0.0, 0.0, 0.0, 0.0, 1.0],
                [0.999693, 0.0, -0.024791, -0.0, 0.0, 1.0, 0.0, 0.05, 0.024791, 0.0, 0.999693, 0.0, 0.0, 0.0, 0.0, 1.0],
                [0.996512, 0.0, 0.083446, -0.0, 0.0, 1.0, 0.0, 0.05, -0.083446, 0.0, 0.996512, 0.0, 0.0, 0.0, 0.0, 1.0],
                [0.996512, 0.0, 0.083446, -0.0, 0.0, 1.0, 0.0, 0.05, -0.083446, 0.0, 0.996512, 0.0, 0.0, 0.0, 0.0, 1.0]
            ]
        },
        {
            "name": "Chest",
            "time": [0.0, 0.0667, 0.35, 0.5333, 0.9, 1.1833, 1.4833],
            "transform": [
                [0.981807, 0.004476, -0.189831, -0.0, 0.006394, 0.998376, 0.056612, 0.3, 0.189776, -0.056796, 0.980183, 0.0, 0.0, 0.0, 0.0, 1.0],
                [0.662386, 0.004476, -0.74915, 0.0, 0.039589, 0.998376, 0.040969, 0.3, 0.748116, -0.056796, 0.661133, 0.0, 0.0, 0.0, 0.0, 1.0],
                [0.991847, 0.113226, 0.058478, -0.0, -0.121945, 0.976524, 0.177565, 0.3, -0.037, -0.183248, 0.98237, -0.0, 0.0, 0.0, 0.0, 1.0],
                [0.770382, 0.136633, -0.622771, 1e-06, 0.032769, 0.966992, 0.25269, 0.3, 0.63674, -0.215075, 0.740476, -0.0, 0.0, 0.0, 0.0, 1.0],
                [0.770382, 0.136633, -0.622771, -0.0, 0.032769, 0.966992, 0.25269, 0.3, 0.63674, -0.215075, 0.740476, 0.0, 0.0, 0.0, 0.0, 1.0],
                [0.973232, 0.052282, 0.223797, -0.0, -0.0174, 0.987748, -0.155084, 0.3, -0.229164, 0.147039, 0.962218, 0.0, 0.0, 0.0, 0.0, 1.0],
                [0.996909, 0.004476, -0.078441, -0.0, 0.0, 0.998376, 0.056972, 0.3, 0.078568, -0.056796, 0.99529, 0.0, 0.0, 0.0, 0.0, 1.0]
            ]
        },
        {
            "name": "Head",
            "time": [0.0, 0.5333, 0.9, 1.1833, 1.4833],
            "transform": [
                [0.786218, -0.003634, -0.617938, -0.0, -0.044478, 0.997056, -0.062454, 0.4, 0.616346, 0.076587, 0.783742, 0.0, 0.0, 0.0, 0.0, 1.0],
                [0.997188, -0.003634, -0.074847, 0.0, -0.00212, 0.997056, -0.076644, 0.4, 0.074905, 0.076587, 0.994245, 0.0, 0.0, 0.0, 0.0, 1.0],
                [0.968288, -0.0, -0.249834, 0.0, -0.006133, 0.999699, -0.023769, 0.4, 0.249759, 0.024548, 0.967997, 0.0, 0.0, 0.0, 0.0, 1.0],
                [0.642679, -0.0, -0.766135, 0.0, -0.018807, 0.999699, -0.015776, 0.4, 0.765905, 0.024548, 0.642485, 0.0, 0.0, 0.0, 0.0, 1.0],
                [0.741312, 0.0, -0.67116, -0.0, -0.016476, 0.999699, -0.018198, 0.4, 0.670958, 0.024548, 0.741089, -0.0, 0.0, 0.0, 0.0, 1.0]
            ]
        },
        {
            "name": "Shoulder_R",
            "time": [0.0, 0.5333, 0.9, 1.1833, 1.4833],
            "transform": [
                [-0.004613, 0.951979, 0.306128, -0.0, 0.000526, -0.306129, 0.95199, 0.4, 0.999989, 0.004553, 0.000911, 0.0, 0.0, 0.0, 0.0, 1.0],
                [-0.004613, 0.951979, 0.306128, 0.0, 0.000526, -0.306129, 0.95199, 0.4, 0.999989, 0.004553, 0.000911, 0.0, 0.0, 0.0, 0.0, 1.0],
                [0.719782, 0.623056, 0.306128, 0.0, -0.232084, -0.19963, 0.95199, 0.4, 0.654256, -0.756273, 0.000911, 0.0, 0.0, 0.0, 0.0, 1.0],
                [-0.00926, 0.951945, 0.306128, 0.0, 0.00202, -0.306123, 0.95199, 0.4, 0.999955, 0.009434, 0.000911, 0.0, 0.0, 0.0, 0.0, 1.0],
                [-0.004613, 0.951979, 0.306128, -0.0, 0.000526, -0.306129, 0.95199, 0.4, 0.999989, 0.004553, 0.000911, -0.0, 0.0, 0.0, 0.0, 1.0]
            ]
        },
        {
            "name": "Arm_R",
            "time": [0.0, 0.1667, 0.5333, 0.9, 1.2167, 1.4833],
            "transform": [
                [0.022683, -0.545225, -0.837982, 0.0, 0.742867, 0.570137, -0.350846, 0.39386, 0.669055, -0.614551, 0.417962, -0.0, 0.0, 0.0, 0.0, 1.0],
                [-0.037725, 0.081771, -0.995937, 0.0, 0.042773, 0.995865, 0.080144, 0.393861, 0.998372, -0.039575, -0.041067, -0.0, 0.0, 0.0, 0.0, 1.0],
                [-0.037725, 0.081771, -0.995937, 1e-06, 0.042773, 0.995865, 0.080144, 0.393861, 0.998372, -0.039575, -0.041067, 0.0, 0.0, 0.0, 0.0, 1.0],
                [-0.6045, -0.173779, -0.777419, -0.0, 0.781155, 0.061958, -0.621255, 0.39386, 0.156128, -0.982834, 0.098295, -0.0, 0.0, 0.0, 0.0, 1.0],
                [-0.814561, -0.566438, -0.125052, 0.0, -0.320246, 0.618872, -0.717245, 0.39386, 0.483666, -0.544192, -0.685508, -0.0, 0.0, 0.0, 0.0, 1.0],
                [0.101347, -0.728137, -0.677897, -0.0, 0.953636, 0.265202, -0.142285, 0.39386, 0.283383, -0.632047, 0.721256, -0.0, 0.0, 0.0, 0.0, 1.0]
            ]
        },
        {
            "name": "Hand_R",
            "time": [0.0, 0.1667, 0.5333, 0.9, 1.2167, 1.4833],
            "transform": [
                [1.0, -0.0, -0.0, 0.0, -0.0, 0.642993, -0.765872, 0.3, 0.0, 0.765872, 0.642993, 0.0, 0.0, 0.0, 0.0, 1.0],
                [1.0, 0.0, -0.0, 0.0, -0.0, 0.86091, -0.508757, 0.300001, 0.0, 0.508757, 0.86091, 0.0, 0.0, 0.0, 0.0, 1.0],
                [1.0, -0.0, -0.0, 0.0, -0.0, 0.86091, -0.508757, 0.3, 0.0, 0.508757, 0.86091, -0.0, 0.0, 0.0, 0.0, 1.0],
                [1.0, -0.0, -0.0, 0.0, 0.0, 0.940278, -0.340408, 0.3, 0.0, 0.340408, 0.940278, -0.0, 0.0, 0.0, 0.0, 1.0],
                [1.0, -0.0, -0.0, -0.0, 0.0, 0.94013, -0.340815, 0.3, 0.0, 0.340815, 0.94013, -0.0, 0.0, 0.0, 0.0, 1.0],
                [1.0, -0.0, 0.0, -0.0, 0.0, -0.293999, -0.955806, 0.300001, 0.0, 0.955806, -0.293999, -0.0, 0.0, 0.0, 0.0, 1.0]
            ]
        },
        {
            "name": "Tool_R",
            "time": [0.0, 0.5333, 0.7, 0.9, 1.1167, 1.4833],
            "transform": [
                [1.0, -0.0, 0.0, -0.0, 0.0, -0.999836, 0.018122, 0.272858, 0.0, -0.018122, -0.999244, 0.0, 0.0, 0.0, 0.0, 1.0],
                [1.0, 0.0, 0.0, -0.0, 0.0, -0.999836, 0.018122, 0.272858, 0.0, -0.018122, -0.999244, -1e-06, 0.0, 0.0, 0.0, 1.0],
                [1.0, 0.0, 0.0, 0.0, -0.0, -0.999836, 0.018122, 0.272858, 0.0, -0.018122, -0.999244, 0.0, 0.0, 0.0, 0.0, 1.0],
                [1.0, -0.0, -0.0, -1e-06, -0.0, -0.996986, 0.077579, 0.272858, -0.0, -0.077544, -0.996395, -0.0, 0.0, 0.0, 0.0, 1.0],
                [1.0, -0.0, 0.0, -0.0, -0.0, -0.601936, 0.798545, 0.272858, -0.0, -0.798078, -0.601571, -1e-06, 0.0, 0.0, 0.0, 1.0],
                [1.0, 0.0, 0.0, -0.0, 0.0, -0.999836, 0.018122, 0.272858, 0.0, -0.018122, -0.999244, -0.0, 0.0, 0.0, 0.0, 1.0]
            ]
        },
        {
            "name": "Elbow_R",
            "time": [0.0, 0.5333, 0.9, 1.4833],
            "transform": [
                [-1.0, 0.0, 0.0, 0.0, -0.0, 0.735098, -0.677961, 0.3, -0.0, -0.677961, -0.735098, 0.0, 0.0, 0.0, 0.0, 1.0],
                [-1.0, 0.0, 0.0, 0.0, 0.0, 0.735098, -0.677961, 0.3, -0.0, -0.677961, -0.735098, -0.0, 0.0, 0.0, 0.0, 1.0],
                [-1.0, 0.0, 0.0, 0.0, 0.0, 0.339179, -0.940722, 0.3, -0.0, -0.940722, -0.339179, -0.0, 0.0, 0.0, 0.0, 1.0],
                [-1.0, 0.0, 0.0, -0.0, 0.0, 0.735098, -0.677961, 0.300001, -0.0, -0.677961, -0.735098, -0.0, 0.0, 0.0, 0.0, 1.0]
            ]
        },
        {
            "name": "Shoulder_L",
            "time": [0.0, 0.5333, 0.9, 1.4833],
            "transform": [
                [0.344093, -0.887895, -0.305355, -0.0, 0.10945, -0.285067, 0.952238, 0.4, -0.932534, -0.36108, -0.00091, 0.0, 0.0, 0.0, 0.0, 1.0],
                [0.344093, -0.887895, -0.305355, 0.0, 0.10945, -0.285067, 0.952238, 0.4, -0.932534, -0.36108, -0.00091, 0.0, 0.0, 0.0, 0.0, 1.0],
                [0.495208, -0.782884, -0.376644, 0.0, 0.200202, -0.319032, 0.926357, 0.4, -0.845392, -0.534145, -0.001252, 0.0, 0.0, 0.0, 0.0, 1.0],
                [0.004613, -0.952227, -0.305355, -0.0, 0.000524, -0.305355, 0.952238, 0.4, -0.999989, -0.004553, -0.00091, -0.0, 0.0, 0.0, 0.0, 1.0]
            ]
        },
        {
            "name": "Arm_L",
            "time": [0.0, 0.0667, 0.35, 0.5333, 0.9, 1.1167, 1.4833],
            "transform": [
                [-0.166119, 0.693633, 0.700912, 0.0, -0.154394, 0.683726, -0.713219, 0.39386, -0.973944, -0.226696, -0.006488, 0.0, 0.0, 0.0, 0.0, 1.0],
                [-0.129536, 0.939039, 0.318475, -0.0, 0.006526, 0.321982, -0.946723, 0.39386, -0.991553, -0.120556, -0.047837, -0.0, 0.0, 0.0, 0.0, 1.0],
                [-0.129536, 0.536063, 0.83418, 0.0, 0.006526, 0.841711, -0.539889, 0.39386, -0.991553, -0.064491, -0.11253, 0.0, 0.0, 0.0, 0.0, 1.0],
                [-0.129536, 0.536063, 0.83418, 0.0, 0.006526, 0.841711, -0.539889, 0.39386, -0.991553, -0.064491, -0.11253, 0.0, 0.0, 0.0, 0.0, 1.0],
                [0.123346, 0.912245, 0.390634, -0.0, -0.89841, 0.26984, -0.346476, 0.39386, -0.42148, -0.308213, 0.852854, 0.0, 0.0, 0.0, 0.0, 1.0],
                [0.732781, 0.675322, -0.083496, -0.0, -0.643513, 0.647867, -0.407626, 0.393861, -0.221184, 0.352431, 0.909324, -0.0, 0.0, 0.0, 0.0, 1.0],
                [0.337981, -0.043619, 0.940141, 0.0, -0.891463, 0.305452, 0.334653, 0.39386, -0.301766, -0.951208, 0.064352, -0.0, 0.0, 0.0, 0.0, 1.0]
            ]
        },
        {
            "name": "Hand_L",
            "time": [0.0, 0.0667, 0.35, 0.5333, 0.9, 1.4833],
            "transform": [
                [1.0, 0.0, 0.0, 0.0, -0.0, 0.931389, -0.364027, 0.3, -0.0, 0.364026, 0.931389, 0.0, 0.0, 0.0, 0.0, 1.0],
                [1.0, 0.0, 0.0, -0.0, -0.0, 0.929328, -0.369256, 0.3, -0.0, 0.369256, 0.929328, -0.0, 0.0, 0.0, 0.0, 1.0],
                [1.0, 0.0, 0.0, 0.0, -0.0, 0.800294, -0.599609, 0.3, -0.0, 0.599609, 0.800294, 0.0, 0.0, 0.0, 0.0, 1.0],
                [1.0, 0.0, 0.0, -0.0, -0.0, 0.800294, -0.599609, 0.3, -0.0, 0.599609, 0.800294, -0.0, 0.0, 0.0, 0.0, 1.0],
                [1.0, 0.0, -0.0, 0.0, -0.0, 0.256613, -0.966515, 0.300001, -0.0, 0.966514, 0.256613, 0.0, 0.0, 0.0, 0.0, 1.0],
                [1.0, 0.0, 0.0, -0.0, -0.0, 0.99793, -0.064318, 0.3, -0.0, 0.064318, 0.99793, 0.0, 0.0, 0.0, 0.0, 1.0]
            ]
        },
        {
            "name": "Tool_L",
            "time": [0.0, 0.5333, 0.7167, 0.9, 1.1167, 1.4833],
            "transform": [
                [1.0, -0.0, 0.0, 0.0, 0.0, -0.008855, -0.999961, 0.271926, 0.0, 0.999372, -0.00886, 0.105214, 0.0, 0.0, 0.0, 1.0],
                [1.0, -0.0, 0.0, -0.0, 0.0, -0.008855, -0.999961, 0.271926, 0.0, 0.999372, -0.00886, 0.105214, 0.0, 0.0, 0.0, 1.0],
                [1.0, -0.0, -0.0, -0.0, -0.0, -0.999576, -0.029105, 0.272858, -0.0, 0.029078, -0.998989, -0.0, 0.0, 0.0, 0.0, 1.0],
                [1.0, -0.0, -0.0, -0.0, -0.0, -0.999576, -0.029105, 0.272858, -0.0, 0.029078, -0.998989, -0.0, 0.0, 0.0, 0.0, 1.0],
                [1.0, -0.0, 0.0, -0.0, -0.0, -0.343166, 0.939275, 0.272858, -0.0, -0.938726, -0.342954, -0.0, 0.0, 0.0, 0.0, 1.0],
                [1.0, 0.0, 0.0, -0.0, 0.0, -0.999836, 0.018122, 0.272858, 0.0, -0.018122, -0.999247, -0.0, 0.0, 0.0, 0.0, 1.0]
            ]
        },
        {
            "name": "Elbow_L",
            "time": [0.0, 0.5333, 0.9, 1.4833],
            "transform": [
                [-1.0, 0.0, 0.0, 0.0, 0.0, -0.0, -1.0, 0.3, -0.0, -1.0, -0.0, 0.0, 0.0, 0.0, 0.0, 1.0],
                [-1.0, 0.0, -0.0, -0.0, 0.0, -0.0, -1.0, 0.3, -0.0, -1.0, -0.0, -0.0, 0.0, 0.0, 0.0, 1.0],
                [-1.0, 0.0, 0.0, 0.0, 0.0, 0.998244, -0.059243, 0.300001, -0.0, -0.059243, -0.998244, 0.0, 0.0, 0.0, 0.0, 1.0],
                [-1.0, 0.0, -0.0, -0.0, 0.0, -0.0, -1.0, 0.3, -0.0, -1.0, -0.0, 0.0, 0.0, 0.0, 0.0, 1.0]
            ]
        }
    ]
}