{
    
    "animation": [
        {
            "name": "Root",
            "time": [0.0, 0.1833, 0.3167],
            "transform": [
                [0.887915, 0.0, 0.460007, -5e-06, 0.460007, 0.0, -0.887915, 0.000946, 0.0, 1.0, 0.0, 0.764948, 0.0, 0.0, 0.0, 1.0],
                [-0.172935, 0.0, 0.984933, -5e-06, 0.984933, 0.0, 0.172935, 0.000946, 0.0, 1.0, 0.0, 0.764948, 0.0, 0.0, 0.0, 1.0],
                [-0.172935, 0.0, 0.984933, -5e-06, 0.984933, 0.0, 0.172935, 0.000946, 0.0, 1.0, 0.0, 0.764948, 0.0, 0.0, 0.0, 1.0]
            ]
        },
        {
            "name": "Thigh_R",
            "time": [0.0, 0.1833, 0.3167],
            "transform": [
                [0.704449, 0.28049, 0.651978, 0.124994, -0.001166, -0.918137, 0.396258, -0.002831, 0.709753, -0.279903, -0.646456, -1.2e-05, 0.0, 0.0, 0.0, 1.0],
                [0.160987, 0.431932, 0.887422, 0.124994, 0.065487, -0.901841, 0.427073, -0.002831, 0.984781, -0.010638, -0.173472, -1.2e-05, 0.0, 0.0, 0.0, 1.0],
                [0.160987, 0.431932, 0.887422, 0.124994, 0.065487, -0.901841, 0.427073, -0.002831, 0.984781, -0.010638, -0.173472, -1.2e-05, 0.0, 0.0, 0.0, 1.0]
            ]
        },
        {
            "name": "Leg_R",
            "time": [0.0, 0.1833, 0.3167],
            "transform": [
                [0.999664, -0.024877, -0.007227, 0.0, 0.025905, 0.958924, 0.28248, 0.37472, -9.7e-05, -0.282573, 0.959245, -0.0, 0.0, 0.0, 0.0, 1.0],
                [0.999664, -0.024877, -0.007227, 0.0, 0.025905, 0.958924, 0.28248, 0.37472, -9.7e-05, -0.282573, 0.959245, 0.0, 0.0, 0.0, 0.0, 1.0],
                [0.999664, -0.024877, -0.007227, 0.0, 0.025905, 0.958924, 0.28248, 0.37472, -9.7e-05, -0.282573, 0.959245, 0.0, 0.0, 0.0, 0.0, 1.0]
            ]
        },
        {
            "name": "Knee_R",
            "time": [0.0, 0.1833, 0.3167],
            "transform": [
                [1.0, 0.0, -0.0, -0.0, -0.0, 1e-06, -1.0, 0.383077, -0.0, 1.0, 1e-06, -0.001653, 0.0, 0.0, 0.0, 1.0],
                [1.0, 0.0, -0.0, 0.0, -0.0, 1e-06, -1.0, 0.383077, -0.0, 1.0, 1e-06, -0.001653, 0.0, 0.0, 0.0, 1.0],
                [1.0, 0.0, -0.0, 0.0, -0.0, 1e-06, -1.0, 0.383077, -0.0, 1.0, 1e-06, -0.001653, 0.0, 0.0, 0.0, 1.0]
            ]
        },
        {
            "name": "Thigh_L",
            "time": [0.0, 0.1833, 0.3167],
            "transform": [
                [0.959641, -0.191834, -0.205642, -0.125006, -0.224687, -0.962753, -0.150407, -0.002831, -0.169129, 0.190543, -0.967, -1.2e-05, 0.0, 0.0, 0.0, 1.0],
                [0.924241, -0.26808, 0.271866, -0.125006, -0.310452, -0.942148, 0.126395, -0.002831, 0.222255, -0.201221, -0.953998, -1.2e-05, 0.0, 0.0, 0.0, 1.0],
                [0.924241, -0.26808, 0.271866, -0.125006, -0.310452, -0.942148, 0.126395, -0.002831, 0.222255, -0.201221, -0.953998, -1.2e-05, 0.0, 0.0, 0.0, 1.0]
            ]
        },
        {
            "name": "Leg_L",
            "time": [0.0, 0.1833, 0.3167],
            "transform": [
                [1.0, 0.0, 1e-06, -0.0, -0.0, 0.996194, 0.087156, 0.37472, -1e-06, -0.087156, 0.996195, -0.0, 0.0, 0.0, 0.0, 1.0],
                [1.0, 0.0, 1e-06, -0.0, -0.0, 0.96376, 0.266771, 0.37472, -1e-06, -0.266771, 0.96376, -0.0, 0.0, 0.0, 0.0, 1.0],
                [1.0, 0.0, 1e-06, -0.0, -0.0, 0.96376, 0.266771, 0.37472, -1e-06, -0.266771, 0.96376, -0.0, 0.0, 0.0, 0.0, 1.0]
            ]
        },
        {
            "name": "Knee_L",
            "time": [0.0, 0.1833, 0.3167],
            "transform": [
                [1.0, 0.0, -0.0, -0.0, -0.0, 1e-06, -1.0, 0.37472, -0.0, 1.0, 1e-06, -0.0, 0.0, 0.0, 0.0, 1.0],
                [1.0, 0.0, -0.0, -0.0, -0.0, 1e-06, -1.0, 0.37472, -0.0, 1.0, 1e-06, -0.0, 0.0, 0.0, 0.0, 1.0],
                [1.0, 0.0, -0.0, -0.0, -0.0, 1e-06, -1.0, 0.37472, -0.0, 1.0, 1e-06, -0.0, 0.0, 0.0, 0.0, 1.0]
            ]
        },
        {
            "name": "Torso",
            "time": [0.0, 0.1833, 0.3167],
            "transform": [
                [0.996512, 0.0, 0.083446, -0.0, 0.0, 1.0, 0.0, 0.05, -0.083446, 0.0, 0.996512, -0.0, 0.0, 0.0, 0.0, 1.0],
                [0.996512, 0.0, 0.083446, -0.0, 0.0, 1.0, 0.0, 0.05, -0.083446, 0.0, 0.996512, 0.0, 0.0, 0.0, 0.0, 1.0],
                [0.996512, 0.0, 0.083446, -0.0, 0.0, 1.0, 0.0, 0.05, -0.083446, 0.0, 0.996512, 0.0, 0.0, 0.0, 0.0, 1.0]
            ]
        },
        {
            "name": "Chest",
            "time": [0.0, 0.1833, 0.3167],
            "transform": [
                [0.981807, 0.004476, -0.189831, -0.0, 0.006394, 0.998376, 0.056612, 0.3, 0.189776, -0.056796, 0.980183, -0.0, 0.0, 0.0, 0.0, 1.0],
                [0.948192, -0.059563, 0.312063, -0.0, -0.02228, 0.967382, 0.25234, 0.3, -0.316914, -0.246219, 0.915937, 0.0, 0.0, 0.0, 0.0, 1.0],
                [0.918907, -0.059563, 0.38995, -0.0, -0.043219, 0.967382, 0.249608, 0.3, -0.392098, -0.246219, 0.886361, 0.0, 0.0, 0.0, 0.0, 1.0]
            ]
        },
        {
            "name": "Head",
            "time": [0.0, 0.1833, 0.3167],
            "transform": [
                [0.786218, -0.003634, -0.617938, 0.0, -0.044478, 0.997056, -0.062454, 0.4, 0.616346, 0.076587, 0.783742, -0.0, 0.0, 0.0, 0.0, 1.0],
                [-0.061444, -0.003634, -0.998104, 0.0, -0.076665, 0.997056, 0.00109, 0.4, 0.995162, 0.076587, -0.061541, 0.0, 0.0, 0.0, 0.0, 1.0],
                [-0.034321, 0.060722, -0.997564, 0.0, -0.078415, 0.994912, 0.063258, 0.4, 0.99633, 0.080395, -0.029385, 0.0, 0.0, 0.0, 0.0, 1.0]
            ]
        },
        {
            "name": "Shoulder_R",
            "time": [0.0, 0.1833, 0.3167],
            "transform": [
                [-0.004613, 0.951979, 0.306128, 0.0, 0.000526, -0.306129, 0.95199, 0.4, 0.999989, 0.004553, 0.000911, -0.0, 0.0, 0.0, 0.0, 1.0],
                [-0.004613, 0.951979, 0.306128, 0.0, 0.000526, -0.306129, 0.95199, 0.4, 0.999989, 0.004553, 0.000911, 0.0, 0.0, 0.0, 0.0, 1.0],
                [-0.004613, 0.951979, 0.306128, 0.0, 0.000526, -0.306129, 0.95199, 0.4, 0.999989, 0.004553, 0.000911, 0.0, 0.0, 0.0, 0.0, 1.0]
            ]
        },
        {
            "name": "Arm_R",
            "time": [0.0, 0.1833, 0.3167],
            "transform": [
                [0.205002, -0.505727, -0.837982, -0.0, 0.507425, 0.787037, -0.350846, 0.393861, 0.836955, -0.353289, 0.417962, -0.0, 0.0, 0.0, 0.0, 1.0],
                [0.419413, -0.366439, -0.830552, 0.0, 0.127348, 0.929613, -0.345836, 0.393861, 0.898819, 0.039279, 0.436556, 0.0, 0.0, 0.0, 0.0, 1.0],
                [0.419413, -0.411265, -0.809292, 0.0, 0.127348, 0.909331, -0.396105, 0.39386, 0.898819, 0.06307, 0.433759, 0.0, 0.0, 0.0, 0.0, 1.0]
            ]
        },
        {
            "name": "Hand_R",
            "time": [0.0, 0.1833, 0.3167],
            "transform": [
                [1.0, 0.0, 0.0, -0.0, -0.0, 0.953428, -0.301621, 0.3, 0.0, 0.301621, 0.953428, -0.0, 0.0, 0.0, 0.0, 1.0],
                [1.0, 0.0, -0.0, 0.0, -0.0, 0.972383, -0.233392, 0.3, 0.0, 0.233392, 0.972383, 0.0, 0.0, 0.0, 0.0, 1.0],
                [1.0, 0.0, -0.0, 0.0, -0.0, 0.841076, -0.540918, 0.3, 0.0, 0.540917, 0.841076, -0.0, 0.0, 0.0, 0.0, 1.0]
            ]
        },
        {
            "name": "Tool_R",
            "time": [0.0, 0.0667, 0.1833, 0.3167],
            "transform": [
                [1.0, 0.0, 0.0, -0.0, 0.0, -0.999836, 0.018122, 0.272858, 0.0, -0.018122, -0.999244, -0.0, 0.0, 0.0, 0.0, 1.0],
                [1.0, -0.0, -0.0, -0.0, -0.0, 0.259194, -0.965825, 0.204098, 0.0, 0.965256, 0.25903, 0.211013, 0.0, 0.0, 0.0, 1.0],
                [1.0, -0.0, -0.0, 0.0, -0.0, 0.46413, -0.885767, 0.213949, 0.0, 0.885248, 0.463846, 0.221103, 0.0, 0.0, 0.0, 1.0],
                [1.0, -0.0, -0.0, -0.0, -0.0, 0.46413, -0.885767, 0.213949, 0.0, 0.885248, 0.463846, 0.221103, 0.0, 0.0, 0.0, 1.0]
            ]
        },
        {
            "name": "Elbow_R",
            "time": [0.0, 0.1833, 0.3167],
            "transform": [
                [-1.0, 0.0, 0.0, -0.0, -0.0, 0.735098, -0.677961, 0.3, -0.0, -0.677961, -0.735098, -0.0, 0.0, 0.0, 0.0, 1.0],
                [-1.0, 0.0, 0.0, 0.0, 0.0, 0.735098, -0.677961, 0.3, -0.0, -0.677961, -0.735098, 0.0, 0.0, 0.0, 0.0, 1.0],
                [-1.0, 0.0, 0.0, 0.0, 0.0, 0.735098, -0.677961, 0.3, -0.0, -0.677961, -0.735098, -0.0, 0.0, 0.0, 0.0, 1.0]
            ]
        },
        {
            "name": "Shoulder_L",
            "time": [0.0, 0.1833, 0.3167],
            "transform": [
                [0.344093, -0.887895, -0.305355, 0.0, 0.10945, -0.285067, 0.952238, 0.4, -0.932535, -0.36108, -0.00091, -0.0, 0.0, 0.0, 0.0, 1.0],
                [0.344093, -0.887895, -0.305355, 0.0, 0.10945, -0.285067, 0.952238, 0.4, -0.932534, -0.36108, -0.00091, 0.0, 0.0, 0.0, 0.0, 1.0],
                [0.344093, -0.887895, -0.305355, 0.0, 0.10945, -0.285067, 0.952238, 0.4, -0.932534, -0.36108, -0.00091, 0.0, 0.0, 0.0, 0.0, 1.0]
            ]
        },
        {
            "name": "Arm_L",
            "time": [0.0, 0.1833, 0.3167],
            "transform": [
                [-0.368059, 0.880111, 0.299896, 0.0, -0.623219, 0.005846, -0.782026, 0.39386, -0.690022, -0.474732, 0.54635, -0.0, 0.0, 0.0, 0.0, 1.0],
                [-0.368059, 0.880111, 0.299896, 0.0, -0.623219, 0.005846, -0.782026, 0.39386, -0.690022, -0.474732, 0.54635, -0.0, 0.0, 0.0, 0.0, 1.0],
                [-0.336898, 0.88941, 0.30895, 0.0, -0.533185, 0.090229, -0.841173, 0.39386, -0.776024, -0.448117, 0.443822, 0.0, 0.0, 0.0, 0.0, 1.0]
            ]
        },
        {
            "name": "Hand_L",
            "time": [0.0, 0.1833, 0.3167],
            "transform": [
                [1.0, 0.0, 0.0, 0.0, -0.0, 0.579356, -0.815075, 0.3, -0.0, 0.815075, 0.579356, 0.0, 0.0, 0.0, 0.0, 1.0],
                [1.0, 0.0, 0.0, 0.0, -0.0, 0.855766, -0.517363, 0.3, -0.0, 0.517363, 0.855766, -0.0, 0.0, 0.0, 0.0, 1.0],
                [1.0, 0.0, 0.0, 0.0, -0.0, 0.855766, -0.517363, 0.3, -0.0, 0.517363, 0.855766, -0.0, 0.0, 0.0, 0.0, 1.0]
            ]
        },
        {
            "name": "Tool_L",
            "time": [0.0, 0.1833, 0.3167],
            "transform": [
                [1.0, -0.0, 0.0, 0.0, 0.0, -0.008855, -0.999961, 0.271926, 0.0, 0.999372, -0.00886, 0.105214, 0.0, 0.0, 0.0, 1.0],
                [1.0, -0.0, 0.0, -0.0, 0.0, -0.008854, -0.999961, 0.271926, 0.0, 0.999372, -0.00886, 0.105214, 0.0, 0.0, 0.0, 1.0],
                [1.0, -0.0, 0.0, 0.0, 0.0, -0.008854, -0.999961, 0.271926, 0.0, 0.999373, -0.00886, 0.105214, 0.0, 0.0, 0.0, 1.0]
            ]
        },
        {
            "name": "Elbow_L",
            "time": [0.0, 0.1833, 0.3167],
            "transform": [
                [-1.0, 0.0, -0.0, 0.0, 0.0, -0.0, -1.0, 0.3, -0.0, -1.0, -0.0, 0.0, 0.0, 0.0, 0.0, 1.0],
                [-1.0, 0.0, -0.0, 0.0, 0.0, -0.0, -1.0, 0.3, -0.0, -1.0, -0.0, -0.0, 0.0, 0.0, 0.0, 1.0],
                [-1.0, 0.0, -0.0, 0.0, 0.0, -0.0, -1.0, 0.3, -0.0, -1.0, 0.0, -0.0, 0.0, 0.0, 0.0, 1.0]
            ]
        }
    ]
}