{
    
    "animation": [
        {
            "name": "Root",
            "time": [0.0, 0.1667, 0.2667],
            "transform": [
                [0.726066, 0.0, 0.687625, -5e-06, 0.687625, 0.0, -0.726066, 0.000946, 0.0, 1.0, 0.0, 0.764948, 0.0, 0.0, 0.0, 1.0],
                [0.78785, 0.0, -0.615867, -5e-06, -0.615867, 0.0, -0.78785, 0.000946, 0.0, 1.0, 0.0, 0.723829, 0.0, 0.0, 0.0, 1.0],
                [0.775687, 0.0, -0.631117, -5e-06, -0.631117, 0.0, -0.775687, 0.000946, 0.0, 1.0, 0.0, 0.723829, 0.0, 0.0, 0.0, 1.0]
            ]
        },
        {
            "name": "Thigh_R",
            "time": [0.0, 0.1667, 0.2667],
            "transform": [
                [0.704449, 0.28049, 0.651978, 0.124994, -0.001166, -0.918137, 0.396258, -0.002831, 0.709753, -0.279903, -0.646456, -1.2e-05, 0.0, 0.0, 0.0, 1.0],
                [0.700934, 0.222737, 0.677554, 0.124994, 0.372428, -0.924485, -0.081365, -0.002831, 0.608266, 0.309372, -0.730959, -1.2e-05, 0.0, 0.0, 0.0, 1.0],
                [0.700934, 0.222737, 0.677554, 0.124994, 0.372428, -0.924485, -0.081365, -0.002831, 0.608266, 0.309372, -0.730959, -1.2e-05, 0.0, 0.0, 0.0, 1.0]
            ]
        },
        {
            "name": "Leg_R",
            "time": [0.0, 0.1667, 0.2667],
            "transform": [
                [0.999664, -0.024877, -0.007227, -0.0, 0.025905, 0.958924, 0.28248, 0.37472, -9.7e-05, -0.282573, 0.959245, 0.0, 0.0, 0.0, 0.0, 1.0],
                [0.999665, -0.024877, -0.007227, 0.0, 0.025905, 0.958924, 0.28248, 0.37472, -9.7e-05, -0.282573, 0.959245, -0.0, 0.0, 0.0, 0.0, 1.0],
                [0.999665, -0.024877, -0.007227, 0.0, 0.025905, 0.958924, 0.28248, 0.37472, -9.7e-05, -0.282573, 0.959245, -0.0, 0.0, 0.0, 0.0, 1.0]
            ]
        },
        {
            "name": "Knee_R",
            "time": [0.0, 0.1667, 0.2667],
            "transform": [
                [1.0, 0.0, -0.0, -0.0, -0.0, 1e-06, -1.0, 0.383077, -0.0, 1.0, 1e-06, -0.001653, 0.0, 0.0, 0.0, 1.0],
                [1.0, 0.0, -0.0, 0.0, -0.0, 1e-06, -1.0, 0.383077, -0.0, 1.0, 1e-06, -0.001653, 0.0, 0.0, 0.0, 1.0],
                [1.0, 0.0, -0.0, 0.0, -0.0, 1e-06, -1.0, 0.383077, -0.0, 1.0, 1e-06, -0.001653, 0.0, 0.0, 0.0, 1.0]
            ]
        },
        {
            "name": "Thigh_L",
            "time": [0.0, 0.1667, 0.2667],
            "transform": [
                [0.959641, -0.191834, -0.205642, -0.125006, -0.224687, -0.962753, -0.150407, -0.002831, -0.169129, 0.190543, -0.967, -1.2e-05, 0.0, 0.0, 0.0, 1.0],
                [0.989361, -0.080796, 0.120974, -0.125006, -0.128363, -0.876146, 0.464641, -0.002831, 0.068449, -0.475227, -0.877197, -1.2e-05, 0.0, 0.0, 0.0, 1.0],
                [0.996724, -0.080796, -0.003311, -0.125006, -0.069437, -0.876146, 0.477019, -0.002831, -0.041442, -0.475227, -0.878887, -1.2e-05, 0.0, 0.0, 0.0, 1.0]
            ]
        },
        {
            "name": "Leg_L",
            "time": [0.0, 0.1667, 0.2667],
            "transform": [
                [1.0, 0.0, 1e-06, 0.0, -0.0, 0.996194, 0.087156, 0.37472, -1e-06, -0.087156, 0.996195, -0.0, 0.0, 0.0, 0.0, 1.0],
                [0.998901, -0.046505, 0.005841, -0.0, 0.043361, 0.964211, 0.261565, 0.37472, -0.017797, -0.261024, 0.965168, 0.0, 0.0, 0.0, 0.0, 1.0],
                [0.998901, -0.046505, 0.005841, 0.0, 0.043361, 0.964211, 0.261565, 0.37472, -0.017797, -0.261024, 0.965168, -0.0, 0.0, 0.0, 0.0, 1.0]
            ]
        },
        {
            "name": "Knee_L",
            "time": [0.0, 0.1667, 0.2667],
            "transform": [
                [1.0, 0.0, -0.0, 0.0, -0.0, 1e-06, -1.0, 0.37472, -0.0, 1.0, 1e-06, -0.0, 0.0, 0.0, 0.0, 1.0],
                [1.0, 0.0, -0.0, -0.0, -0.0, 1e-06, -1.0, 0.37472, -0.0, 1.0, 1e-06, 0.0, 0.0, 0.0, 0.0, 1.0],
                [1.0, 0.0, -0.0, 0.0, -0.0, 1e-06, -1.0, 0.37472, -0.0, 1.0, 1e-06, -0.0, 0.0, 0.0, 0.0, 1.0]
            ]
        },
        {
            "name": "Torso",
            "time": [0.0, 0.1667, 0.2667],
            "transform": [
                [0.996512, 0.0, 0.083446, 0.0, 0.0, 1.0, 0.0, 0.05, -0.083446, 0.0, 0.996512, 0.0, 0.0, 0.0, 0.0, 1.0],
                [0.996512, 0.0, 0.083446, -0.0, 0.0, 1.0, 0.0, 0.05, -0.083446, 0.0, 0.996512, -0.0, 0.0, 0.0, 0.0, 1.0],
                [0.996512, 0.0, 0.083446, 0.0, 0.0, 1.0, 0.0, 0.05, -0.083446, 0.0, 0.996512, 0.0, 0.0, 0.0, 0.0, 1.0]
            ]
        },
        {
            "name": "Chest",
            "time": [0.0, 0.1667, 0.2667],
            "transform": [
                [0.981807, 0.004476, -0.189831, -0.0, 0.006394, 0.998376, 0.056612, 0.3, 0.189776, -0.056796, 0.980183, 0.0, 0.0, 0.0, 0.0, 1.0],
                [0.790825, -0.214879, -0.573081, -0.0, 0.144928, 0.975459, -0.165758, 0.3, 0.594635, 0.04803, 0.80256, -0.0, 0.0, 0.0, 0.0, 1.0],
                [0.790825, -0.240057, -0.562999, 0.0, 0.144928, 0.967158, -0.20881, 0.3, 0.594635, 0.083538, 0.799644, -0.0, 0.0, 0.0, 0.0, 1.0]
            ]
        },
        {
            "name": "Head",
            "time": [0.0, 0.1667, 0.2667],
            "transform": [
                [0.786218, -0.003634, -0.617938, -0.0, -0.044478, 0.997056, -0.062454, 0.4, 0.616346, 0.076587, 0.783742, 0.0, 0.0, 0.0, 0.0, 1.0],
                [0.488189, -0.003634, 0.872731, 0.0, 0.068609, 0.997056, -0.034228, 0.4, -0.870037, 0.076587, 0.487001, -0.0, 0.0, 0.0, 0.0, 1.0],
                [0.488189, -0.003634, 0.872731, 0.0, 0.068609, 0.997056, -0.034228, 0.4, -0.870037, 0.076587, 0.487001, -0.0, 0.0, 0.0, 0.0, 1.0]
            ]
        },
        {
            "name": "Shoulder_R",
            "time": [0.0, 0.1667, 0.2667],
            "transform": [
                [-0.004613, 0.951979, 0.306128, -0.0, 0.000526, -0.306129, 0.95199, 0.4, 0.999989, 0.004553, 0.000911, 0.0, 0.0, 0.0, 0.0, 1.0],
                [-0.004613, 0.951979, 0.306128, 0.0, 0.000526, -0.306129, 0.95199, 0.4, 0.999989, 0.004553, 0.000911, -0.0, 0.0, 0.0, 0.0, 1.0],
                [-0.004613, 0.951979, 0.306128, 0.0, 0.000526, -0.306129, 0.95199, 0.4, 0.999989, 0.004553, 0.000911, -0.0, 0.0, 0.0, 0.0, 1.0]
            ]
        },
        {
            "name": "Arm_R",
            "time": [0.0, 0.1667, 0.2667],
            "transform": [
                [0.022683, -0.545225, -0.837982, 0.0, 0.742867, 0.570137, -0.350846, 0.39386, 0.669055, -0.614551, 0.417962, -0.0, 0.0, 0.0, 0.0, 1.0],
                [0.022683, -0.545225, -0.837982, -0.0, 0.742867, 0.570137, -0.350846, 0.39386, 0.669055, -0.614551, 0.417962, 0.0, 0.0, 0.0, 0.0, 1.0],
                [0.07664, -0.540288, -0.837983, -0.0, 0.682665, 0.640995, -0.350846, 0.393861, 0.726701, -0.545173, 0.417962, -0.0, 0.0, 0.0, 0.0, 1.0]
            ]
        },
        {
            "name": "Hand_R",
            "time": [0.0, 0.1667, 0.2667],
            "transform": [
                [1.0, -0.0, -0.0, 0.0, -0.0, 0.642993, -0.765872, 0.3, 0.0, 0.765872, 0.642993, 0.0, 0.0, 0.0, 0.0, 1.0],
                [1.0, -0.0, -0.0, -0.0, 0.0, 0.987611, -0.156922, 0.3, 0.0, 0.156922, 0.987611, -0.0, 0.0, 0.0, 0.0, 1.0],
                [1.0, -0.0, -0.0, -0.0, 0.0, 0.987611, -0.156922, 0.3, 0.0, 0.156922, 0.987611, 0.0, 0.0, 0.0, 0.0, 1.0]
            ]
        },
        {
            "name": "Tool_R",
            "time": [0.0, 0.1667, 0.2667],
            "transform": [
                [1.0, -0.0, 0.0, -0.0, 0.0, -0.999836, 0.018122, 0.272858, 0.0, -0.018122, -0.999244, 0.0, 0.0, 0.0, 0.0, 1.0],
                [1.0, 0.0, 0.0, -0.0, 0.0, -0.999836, 0.018122, 0.272858, 0.0, -0.018122, -0.999244, -0.0, 0.0, 0.0, 0.0, 1.0],
                [1.0, 0.0, 0.0, 0.0, 0.0, -0.999836, 0.018122, 0.272858, 0.0, -0.018122, -0.999244, -0.0, 0.0, 0.0, 0.0, 1.0]
            ]
        },
        {
            "name": "Elbow_R",
            "time": [0.0, 0.1667, 0.2667],
            "transform": [
                [-1.0, 0.0, 0.0, 0.0, -0.0, 0.735098, -0.677961, 0.3, -0.0, -0.677961, -0.735098, 0.0, 0.0, 0.0, 0.0, 1.0],
                [-1.0, 0.0, 0.0, -0.0, 0.0, 0.735098, -0.677961, 0.3, -0.0, -0.677961, -0.735098, -0.0, 0.0, 0.0, 0.0, 1.0],
                [-1.0, 0.0, 0.0, -0.0, 0.0, 0.735098, -0.677961, 0.3, -0.0, -0.677961, -0.735098, 0.0, 0.0, 0.0, 0.0, 1.0]
            ]
        },
        {
            "name": "Shoulder_L",
            "time": [0.0, 0.1667, 0.2667],
            "transform": [
                [0.344093, -0.887895, -0.305355, -0.0, 0.10945, -0.285067, 0.952238, 0.4, -0.932534, -0.36108, -0.00091, 0.0, 0.0, 0.0, 0.0, 1.0],
                [0.344093, -0.887895, -0.305355, 0.0, 0.10945, -0.285067, 0.952238, 0.4, -0.932534, -0.36108, -0.00091, -0.0, 0.0, 0.0, 0.0, 1.0],
                [0.344093, -0.887895, -0.305355, 0.0, 0.10945, -0.285067, 0.952238, 0.4, -0.932535, -0.36108, -0.00091, -0.0, 0.0, 0.0, 0.0, 1.0]
            ]
        },
        {
            "name": "Arm_L",
            "time": [0.0, 0.05, 0.1667, 0.2667],
            "transform": [
                [-0.368059, 0.880111, 0.299896, 0.0, -0.623219, 0.005846, -0.782026, 0.39386, -0.690022, -0.474732, 0.54635, 0.0, 0.0, 0.0, 0.0, 1.0],
                [-0.356576, 0.877631, 0.320339, -0.0, -0.041396, 0.327699, -0.943875, 0.39386, -0.933349, -0.349824, -0.080519, 0.0, 0.0, 0.0, 0.0, 1.0],
                [-0.161785, 0.972764, 0.165999, 0.0, -0.459307, 0.074656, -0.885135, 0.39386, -0.87342, -0.219446, 0.434719, -0.0, 0.0, 0.0, 0.0, 1.0],
                [-0.161785, 0.972764, 0.165999, 0.0, -0.459307, 0.074656, -0.885135, 0.39386, -0.87342, -0.219446, 0.434719, -0.0, 0.0, 0.0, 0.0, 1.0]
            ]
        },
        {
            "name": "Hand_L",
            "time": [0.0, 0.05, 0.1667, 0.2667],
            "transform": [
                [1.0, 0.0, -0.0, 0.0, -0.0, 0.579356, -0.815075, 0.3, -0.0, 0.815075, 0.579356, 0.0, 0.0, 0.0, 0.0, 1.0],
                [1.0, 0.0, 0.0, 0.0, -0.0, 0.893318, -0.449426, 0.3, -0.0, 0.449426, 0.893318, 0.0, 0.0, 0.0, 0.0, 1.0],
                [1.0, -0.0, 0.0, -0.0, 0.0, 0.997119, -0.075858, 0.3, -0.0, 0.075858, 0.997119, 0.0, 0.0, 0.0, 0.0, 1.0],
                [1.0, 0.0, 0.0, -0.0, 0.0, 0.906481, -0.422248, 0.3, -0.0, 0.422248, 0.906481, 0.0, 0.0, 0.0, 0.0, 1.0]
            ]
        },
        {
            "name": "Tool_L",
            "time": [0.0, 0.1667, 0.2667],
            "transform": [
                [1.0, -0.0, 0.0, 0.0, 0.0, -0.008855, -0.999961, 0.271926, 0.0, 0.999372, -0.00886, 0.105214, 0.0, 0.0, 0.0, 1.0],
                [1.0, -0.0, 0.0, 0.0, 0.0, -0.008854, -0.999961, 0.271926, 0.0, 0.999372, -0.00886, 0.105214, 0.0, 0.0, 0.0, 1.0],
                [1.0, -0.0, 0.0, -0.0, 0.0, -0.008854, -0.999961, 0.271926, 0.0, 0.999372, -0.00886, 0.105214, 0.0, 0.0, 0.0, 1.0]
            ]
        },
        {
            "name": "Elbow_L",
            "time": [0.0, 0.1667, 0.2667],
            "transform": [
                [-1.0, 0.0, -0.0, 0.0, 0.0, -0.0, -1.0, 0.3, -0.0, -1.0, -0.0, 0.0, 0.0, 0.0, 0.0, 1.0],
                [-1.0, 0.0, -0.0, -0.0, 0.0, -0.0, -1.0, 0.3, -0.0, -1.0, -0.0, 0.0, 0.0, 0.0, 0.0, 1.0],
                [-1.0, 0.0, -0.0, -0.0, 0.0, -0.0, -1.0, 0.3, -0.0, -1.0, -0.0, 0.0, 0.0, 0.0, 0.0, 1.0]
            ]
        }
    ]
}