{
    
    "animation": [
        {
            "name": "Root",
            "time": [0.0, 0.0667, 0.35, 0.5667, 0.8, 1.25],
            "transform": [
                [1.0, 0.0, 0.0, -5e-06, 0.0, 0.0, -1.0, 0.000946, 0.0, 1.0, 0.0, 0.764948, 0.0, 0.0, 0.0, 1.0],
                [1.0, 0.0, 0.0, -5e-06, 0.0, 0.0, -1.0, 0.000946, 0.0, 1.0, 0.0, 0.764948, 0.0, 0.0, 0.0, 1.0],
                [0.594108, 0.0, 0.804386, -5e-06, 0.804386, 0.0, -0.594108, 0.000946, 0.0, 1.0, 0.0, 0.702954, 0.0, 0.0, 0.0, 1.0],
                [0.594108, 0.0, 0.804386, -5e-06, 0.804386, 0.0, -0.594108, 0.000946, 0.0, 1.0, 0.0, 0.702954, 0.0, 0.0, 0.0, 1.0],
                [0.594108, 0.0, 0.804386, -5e-06, 0.804386, 0.0, -0.594108, 0.000946, 0.0, 1.0, 0.0, 0.702954, 0.0, 0.0, 0.0, 1.0],
                [1.0, 0.0, 0.0, -5e-06, 0.0, 0.0, -1.0, 0.000946, 0.0, 1.0, 0.0, 0.764948, 0.0, 0.0, 0.0, 1.0]
            ]
        },
        {
            "name": "Thigh_R",
            "time": [0.0, 0.0667, 0.35, 0.5667, 0.8, 1.25],
            "transform": [
                [0.973736, 0.084118, 0.211568, 0.124994, 0.051884, -0.986777, 0.153544, -0.002831, 0.221686, -0.138534, -0.965227, -1.2e-05, 0.0, 0.0, 0.0, 1.0],
                [0.973736, 0.084118, 0.211568, 0.124994, 0.051884, -0.986777, 0.153544, -0.002831, 0.221686, -0.138534, -0.965227, -1.2e-05, 0.0, 0.0, 0.0, 1.0],
                [0.720067, 0.385332, 0.577081, 0.124994, 0.129112, -0.891519, 0.43419, -0.002831, 0.681787, -0.238137, -0.691706, -1.2e-05, 0.0, 0.0, 0.0, 1.0],
                [0.720067, 0.385332, 0.577081, 0.124994, 0.129112, -0.891519, 0.43419, -0.002831, 0.681787, -0.238137, -0.691706, -1.2e-05, 0.0, 0.0, 0.0, 1.0],
                [0.720067, 0.385332, 0.577081, 0.124994, 0.129112, -0.891519, 0.43419, -0.002831, 0.681787, -0.238137, -0.691706, -1.2e-05, 0.0, 0.0, 0.0, 1.0],
                [0.973736, 0.084118, 0.211568, 0.124994, 0.051884, -0.986777, 0.153544, -0.002831, 0.221686, -0.138534, -0.965227, -1.2e-05, 0.0, 0.0, 0.0, 1.0]
            ]
        },
        {
            "name": "Leg_R",
            "time": [0.0, 0.0667, 0.35, 0.5667, 0.8, 1.25],
            "transform": [
                [1.0, 0.0, 1e-06, 0.0, -0.0, 0.984472, 0.175547, 0.37472, -1e-06, -0.175547, 0.98447, 0.0, 0.0, 0.0, 0.0, 1.0],
                [1.0, 0.0, 1e-06, 0.0, -0.0, 0.984472, 0.175547, 0.37472, -1e-06, -0.175547, 0.98447, 0.0, 0.0, 0.0, 0.0, 1.0],
                [1.0, -0.0, 1e-06, 0.0, -0.0, 0.865858, 0.500291, 0.37472, -1e-06, -0.500292, 0.865856, -0.0, 0.0, 0.0, 0.0, 1.0],
                [1.0, -0.0, 1e-06, 0.0, -0.0, 0.865858, 0.500291, 0.37472, -1e-06, -0.500292, 0.865856, -0.0, 0.0, 0.0, 0.0, 1.0],
                [1.0, -0.0, 1e-06, 0.0, -0.0, 0.865858, 0.500291, 0.37472, -1e-06, -0.500292, 0.865856, -0.0, 0.0, 0.0, 0.0, 1.0],
                [1.0, 0.0, 1e-06, 0.0, -0.0, 0.984472, 0.175547, 0.37472, -1e-06, -0.175547, 0.98447, 0.0, 0.0, 0.0, 0.0, 1.0]
            ]
        },
        {
            "name": "Knee_R",
            "time": [0.0, 0.0667, 0.5667, 0.8, 1.25],
            "transform": [
                [1.0, 0.0, -0.0, 0.0, -0.0, 1e-06, -1.0, 0.383077, -0.0, 1.0, 1e-06, -0.001653, 0.0, 0.0, 0.0, 1.0],
                [1.0, 0.0, -0.0, 0.0, -0.0, 1e-06, -1.0, 0.383077, -0.0, 1.0, 1e-06, -0.001653, 0.0, 0.0, 0.0, 1.0],
                [1.0, 0.0, -0.0, 0.0, -0.0, 1e-06, -1.0, 0.383077, -0.0, 1.0, 1e-06, -0.001653, 0.0, 0.0, 0.0, 1.0],
                [1.0, 0.0, -0.0, 0.0, -0.0, 1e-06, -1.0, 0.383077, -0.0, 1.0, 1e-06, -0.001653, 0.0, 0.0, 0.0, 1.0],
                [1.0, 0.0, -0.0, 0.0, -0.0, 1e-06, -1.0, 0.383077, -0.0, 1.0, 1e-06, -0.001653, 0.0, 0.0, 0.0, 1.0]
            ]
        },
        {
            "name": "Thigh_L",
            "time": [0.0, 0.0667, 0.35, 0.5667, 0.8, 1.25],
            "transform": [
                [0.95515, -0.069461, -0.287858, -0.125006, -0.059939, -0.997328, 0.041774, -0.002831, -0.28999, -0.022646, -0.956761, -1.2e-05, 0.0, 0.0, 0.0, 1.0],
                [0.95515, -0.069461, -0.287858, -0.125006, -0.059939, -0.997328, 0.041774, -0.002831, -0.28999, -0.022646, -0.956761, -1.2e-05, 0.0, 0.0, 0.0, 1.0],
                [0.930798, -0.303063, -0.204368, -0.125006, -0.330671, -0.936413, -0.117417, -0.002831, -0.155788, 0.176871, -0.971826, -1.2e-05, 0.0, 0.0, 0.0, 1.0],
                [0.930798, -0.303063, -0.204368, -0.125006, -0.330671, -0.936413, -0.117417, -0.002831, -0.155788, 0.176871, -0.971826, -1.2e-05, 0.0, 0.0, 0.0, 1.0],
                [0.930798, -0.303063, -0.204368, -0.125006, -0.330671, -0.936413, -0.117417, -0.002831, -0.155788, 0.176871, -0.971826, -1.2e-05, 0.0, 0.0, 0.0, 1.0],
                [0.95515, -0.069461, -0.287858, -0.125006, -0.059939, -0.997328, 0.041774, -0.002831, -0.28999, -0.022646, -0.956761, -1.2e-05, 0.0, 0.0, 0.0, 1.0]
            ]
        },
        {
            "name": "Leg_L",
            "time": [0.0, 0.0667, 0.5667, 0.8, 1.25],
            "transform": [
                [1.0, 0.0, 1e-06, 0.0, -0.0, 0.996194, 0.087156, 0.37472, -1e-06, -0.087156, 0.996195, -0.0, 0.0, 0.0, 0.0, 1.0],
                [1.0, 0.0, 1e-06, 0.0, -0.0, 0.996194, 0.087156, 0.37472, -1e-06, -0.087156, 0.996195, -0.0, 0.0, 0.0, 0.0, 1.0],
                [1.0, 0.0, 1e-06, 0.0, -0.0, 0.996194, 0.087156, 0.37472, -1e-06, -0.087156, 0.996195, -0.0, 0.0, 0.0, 0.0, 1.0],
                [1.0, 0.0, 1e-06, 0.0, -0.0, 0.996194, 0.087156, 0.37472, -1e-06, -0.087156, 0.996195, -0.0, 0.0, 0.0, 0.0, 1.0],
                [1.0, 0.0, 1e-06, 0.0, -0.0, 0.996194, 0.087156, 0.37472, -1e-06, -0.087156, 0.996195, -0.0, 0.0, 0.0, 0.0, 1.0]
            ]
        },
        {
            "name": "Knee_L",
            "time": [0.0, 0.0667, 0.5667, 0.8, 1.25],
            "transform": [
                [1.0, 0.0, -0.0, 0.0, -0.0, 1e-06, -1.0, 0.37472, -0.0, 1.0, 1e-06, -0.0, 0.0, 0.0, 0.0, 1.0],
                [1.0, 0.0, -0.0, 0.0, -0.0, 1e-06, -1.0, 0.37472, -0.0, 1.0, 1e-06, -0.0, 0.0, 0.0, 0.0, 1.0],
                [1.0, 0.0, -0.0, 0.0, -0.0, 1e-06, -1.0, 0.37472, -0.0, 1.0, 1e-06, -0.0, 0.0, 0.0, 0.0, 1.0],
                [1.0, 0.0, -0.0, 0.0, -0.0, 1e-06, -1.0, 0.37472, -0.0, 1.0, 1e-06, -0.0, 0.0, 0.0, 0.0, 1.0],
                [1.0, 0.0, -0.0, 0.0, -0.0, 1e-06, -1.0, 0.37472, -0.0, 1.0, 1e-06, -0.0, 0.0, 0.0, 0.0, 1.0]
            ]
        },
        {
            "name": "Torso",
            "time": [0.0, 0.0667, 0.5667, 0.8, 1.25],
            "transform": [
                [0.996512, 0.0, 0.083446, 0.0, 0.0, 1.0, 0.0, 0.05, -0.083446, 0.0, 0.996512, 0.0, 0.0, 0.0, 0.0, 1.0],
                [0.996512, 0.0, 0.083446, 0.0, 0.0, 1.0, 0.0, 0.05, -0.083446, 0.0, 0.996512, 0.0, 0.0, 0.0, 0.0, 1.0],
                [0.996512, 0.0, 0.083446, -0.0, 0.0, 1.0, 0.0, 0.05, -0.083446, 0.0, 0.996512, -0.0, 0.0, 0.0, 0.0, 1.0],
                [0.996512, 0.0, 0.083446, -0.0, 0.0, 1.0, 0.0, 0.05, -0.083446, 0.0, 0.996512, -0.0, 0.0, 0.0, 0.0, 1.0],
                [0.996512, 0.0, 0.083446, 0.0, 0.0, 1.0, 0.0, 0.05, -0.083446, 0.0, 0.996512, 0.0, 0.0, 0.0, 0.0, 1.0]
            ]
        },
        {
            "name": "Chest",
            "time": [0.0, 0.2833, 0.5, 0.8, 0.95, 1.25],
            "transform": [
                [0.996909, 0.004476, -0.078441, 0.0, 0.0, 0.998376, 0.056972, 0.3, 0.078568, -0.056796, 0.99529, 0.0, 0.0, 0.0, 0.0, 1.0],
                [0.999673, 0.024825, 0.006109, -0.0, -0.024633, 0.999255, -0.029718, 0.3, -0.006842, 0.029558, 0.99954, -0.0, 0.0, 0.0, 0.0, 1.0],
                [0.973232, -0.005251, 0.229763, 0.0, -0.0174, 0.995186, 0.096449, 0.3, -0.229164, -0.097865, 0.968456, 0.0, 0.0, 0.0, 0.0, 1.0],
                [0.973232, -0.005251, 0.229763, 0.0, -0.0174, 0.995186, 0.096449, 0.3, -0.229164, -0.097865, 0.968456, 0.0, 0.0, 0.0, 0.0, 1.0],
                [0.973232, 0.052282, 0.223797, 0.0, -0.0174, 0.987748, -0.155084, 0.3, -0.229164, 0.147039, 0.962218, 0.0, 0.0, 0.0, 0.0, 1.0],
                [0.996909, 0.004476, -0.078441, 0.0, 0.0, 0.998376, 0.056972, 0.3, 0.078568, -0.056796, 0.99529, 0.0, 0.0, 0.0, 0.0, 1.0]
            ]
        },
        {
            "name": "Head",
            "time": [0.0, 0.0667, 0.35, 0.5667, 0.8, 1.25],
            "transform": [
                [1.0, -0.0, 0.0, 0.0, -0.0, 0.999699, -0.024548, 0.4, 0.0, 0.024548, 0.999699, 0.0, 0.0, 0.0, 0.0, 1.0],
                [1.0, -0.0, 0.0, -0.0, -0.0, 0.999699, -0.024548, 0.4, -0.0, 0.024548, 0.999699, 0.0, 0.0, 0.0, 0.0, 1.0],
                [0.720947, 0.0, -0.69299, 0.0, -0.017011, 0.999699, -0.017698, 0.4, 0.692781, 0.024548, 0.72073, -0.0, 0.0, 0.0, 0.0, 1.0],
                [0.602694, 0.0, -0.797972, -0.0, -0.019589, 0.999699, -0.014795, 0.4, 0.797732, 0.024548, 0.602512, -0.0, 0.0, 0.0, 0.0, 1.0],
                [0.602694, 0.0, -0.797972, -0.0, -0.019589, 0.999699, -0.014795, 0.4, 0.797732, 0.024548, 0.602512, -0.0, 0.0, 0.0, 0.0, 1.0],
                [1.0, -0.0, 0.0, 0.0, -0.0, 0.999699, -0.024548, 0.4, 0.0, 0.024548, 0.999699, 0.0, 0.0, 0.0, 0.0, 1.0]
            ]
        },
        {
            "name": "Shoulder_R",
            "time": [0.0, 0.0667, 0.35, 0.5667, 0.8, 0.95, 1.25],
            "transform": [
                [-0.004613, 0.951979, 0.306128, 0.0, 0.000526, -0.306129, 0.95199, 0.4, 0.999989, 0.004553, 0.000911, 0.0, 0.0, 0.0, 0.0, 1.0],
                [-0.004613, 0.951979, 0.306128, -0.0, 0.000526, -0.306129, 0.95199, 0.4, 0.999989, 0.004553, 0.000911, 0.0, 0.0, 0.0, 0.0, 1.0],
                [0.719782, 0.623056, 0.306128, 0.0, -0.232084, -0.19963, 0.95199, 0.4, 0.654256, -0.756272, 0.000911, -0.0, 0.0, 0.0, 0.0, 1.0],
                [0.719782, 0.623056, 0.306128, -0.0, -0.232084, -0.19963, 0.95199, 0.4, 0.654256, -0.756272, 0.000911, -0.0, 0.0, 0.0, 0.0, 1.0],
                [0.719782, 0.623056, 0.306128, -0.0, -0.232084, -0.19963, 0.95199, 0.4, 0.654256, -0.756272, 0.000911, -0.0, 0.0, 0.0, 0.0, 1.0],
                [-0.00926, 0.951945, 0.306128, 0.0, 0.00202, -0.306123, 0.95199, 0.4, 0.999955, 0.009434, 0.000911, -0.0, 0.0, 0.0, 0.0, 1.0],
                [-0.004613, 0.951979, 0.306128, 0.0, 0.000526, -0.306129, 0.95199, 0.4, 0.999989, 0.004553, 0.000911, 0.0, 0.0, 0.0, 0.0, 1.0]
            ]
        },
        {
            "name": "Arm_R",
            "time": [0.0, 0.0667, 0.2, 0.35, 0.5667, 0.8, 0.9833, 1.25],
            "transform": [
                [0.144876, -0.724871, -0.673479, -0.0, 0.604302, 0.603787, -0.519866, 0.393861, 0.783473, -0.331668, 0.525515, -0.0, 0.0, 0.0, 0.0, 1.0],
                [0.144876, -0.724871, -0.673479, -0.0, 0.604302, 0.603787, -0.519866, 0.39386, 0.783473, -0.331668, 0.525515, 0.0, 0.0, 0.0, 0.0, 1.0],
                [-0.394768, -0.656894, -0.642376, -0.0, 0.618428, 0.32709, -0.714534, 0.393861, 0.679488, -0.679339, 0.277117, 0.0, 0.0, 0.0, 0.0, 1.0],
                [-0.6045, -0.280102, -0.745736, -0.0, 0.781155, -0.024955, -0.623838, 0.39386, 0.156129, -0.959646, 0.233888, 0.0, 0.0, 0.0, 0.0, 1.0],
                [-0.6045, -0.173779, -0.777419, -0.0, 0.781155, 0.061958, -0.621255, 0.39386, 0.156128, -0.982834, 0.098295, -0.0, 0.0, 0.0, 0.0, 1.0],
                [-0.6045, -0.173779, -0.777419, -0.0, 0.781155, 0.061958, -0.621255, 0.39386, 0.156128, -0.982834, 0.098295, -0.0, 0.0, 0.0, 0.0, 1.0],
                [-0.814561, -0.566438, -0.125052, 0.0, -0.320246, 0.618872, -0.717245, 0.393861, 0.483666, -0.544192, -0.685508, 0.0, 0.0, 0.0, 0.0, 1.0],
                [0.101348, -0.728137, -0.677897, -0.0, 0.953637, 0.265202, -0.142285, 0.393861, 0.283383, -0.632047, 0.721256, -0.0, 0.0, 0.0, 0.0, 1.0]
            ]
        },
        {
            "name": "Hand_R",
            "time": [0.0, 0.0667, 0.2, 0.35, 0.5667, 0.8, 0.9833, 1.25],
            "transform": [
                [1.0, -0.0, 0.0, 0.0, 0.0, 0.206514, -0.978444, 0.3, 0.0, 0.978444, 0.206514, -0.0, 0.0, 0.0, 0.0, 1.0],
                [1.0, -0.0, -0.0, 0.0, 0.0, 0.206514, -0.978444, 0.3, 0.0, 0.978444, 0.206514, -0.0, 0.0, 0.0, 0.0, 1.0],
                [1.0, -0.0, -0.0, 0.0, 0.0, 0.963098, -0.269153, 0.3, 0.0, 0.269153, 0.963097, -0.0, 0.0, 0.0, 0.0, 1.0],
                [1.0, -0.0, -0.0, 0.0, 0.0, 0.940278, -0.340408, 0.3, 0.0, 0.340408, 0.940278, 0.0, 0.0, 0.0, 0.0, 1.0],
                [1.0, -0.0, -0.0, 0.0, 0.0, 0.940278, -0.340408, 0.3, 0.0, 0.340408, 0.940278, 0.0, 0.0, 0.0, 0.0, 1.0],
                [1.0, -0.0, -0.0, 0.0, 0.0, 0.940278, -0.340408, 0.3, 0.0, 0.340408, 0.940278, 0.0, 0.0, 0.0, 0.0, 1.0],
                [1.0, -0.0, -0.0, -0.0, 0.0, 0.94013, -0.340815, 0.3, 0.0, 0.340815, 0.94013, 0.0, 0.0, 0.0, 0.0, 1.0],
                [1.0, -0.0, 0.0, -0.0, 0.0, -0.293999, -0.955806, 0.3, 0.0, 0.955806, -0.293998, 0.0, 0.0, 0.0, 0.0, 1.0]
            ]
        },
        {
            "name": "Tool_R",
            "time": [0.0, 0.0667, 0.1333, 0.2, 0.2667, 0.4667, 0.5667, 0.8, 0.8833, 1.25],
            "transform": [
                [1.0, 0.0, 0.0, 0.0, 0.0, -0.999836, 0.018122, 0.272858, 0.0, -0.018122, -0.999244, 0.0, 0.0, 0.0, 0.0, 1.0],
                [1.0, 0.0, 0.0, -0.0, 0.0, -0.999836, 0.018122, 0.272858, 0.0, -0.018122, -0.999244, -0.0, 0.0, 0.0, 0.0, 1.0],
                [1.0, -0.0, 0.0, -0.0, 0.0, -0.07857, -0.996909, 0.272858, 0.0, 0.996318, -0.078534, -0.0, 0.0, 0.0, 0.0, 1.0],
                [1.0, 0.0, -0.0, -0.0, -0.0, 0.993676, 0.112289, 0.272858, 0.0, -0.112212, 0.993089, -0.0, 0.0, 0.0, 0.0, 1.0],
                [1.0, -0.0, 0.0, 0.0, -0.0, -0.183466, 0.983026, 0.272858, -0.0, -0.982446, -0.183347, 0.0, 0.0, 0.0, 0.0, 1.0],
                [1.0, -0.0, -0.0, -0.0, -0.0, -0.996986, 0.077579, 0.272858, -0.0, -0.077544, -0.996395, -0.0, 0.0, 0.0, 0.0, 1.0],
                [1.0, -0.0, -0.0, 0.0, -0.0, -0.996986, 0.077579, 0.272858, -0.0, -0.077544, -0.996395, 0.0, 0.0, 0.0, 0.0, 1.0],
                [1.0, -0.0, -0.0, 0.0, -0.0, -0.996986, 0.077579, 0.272858, -0.0, -0.077544, -0.996395, 0.0, 0.0, 0.0, 0.0, 1.0],
                [1.0, -0.0, 0.0, 0.0, -0.0, -0.601936, 0.798545, 0.272858, -0.0, -0.798078, -0.60157, -0.0, 0.0, 0.0, 0.0, 1.0],
                [1.0, 0.0, 0.0, 0.0, 0.0, -0.999836, 0.018122, 0.272858, 0.0, -0.018122, -0.999244, -0.0, 0.0, 0.0, 0.0, 1.0]
            ]
        },
        {
            "name": "Elbow_R",
            "time": [0.0, 0.0667, 0.2, 0.5667, 0.8, 1.25],
            "transform": [
                [-1.0, 0.0, 0.0, 0.0, 0.0, 0.735098, -0.677961, 0.3, -0.0, -0.677961, -0.735098, -0.0, 0.0, 0.0, 0.0, 1.0],
                [-1.0, 0.0, 0.0, 0.0, -0.0, 0.735098, -0.677961, 0.3, -0.0, -0.677961, -0.735098, -0.0, 0.0, 0.0, 0.0, 1.0],
                [-1.0, 0.0, 0.0, 0.0, 0.0, 0.339179, -0.940722, 0.3, -0.0, -0.940722, -0.339179, -0.0, 0.0, 0.0, 0.0, 1.0],
                [-1.0, 0.0, 0.0, 0.0, 0.0, 0.339179, -0.940722, 0.3, -0.0, -0.940722, -0.339179, 0.0, 0.0, 0.0, 0.0, 1.0],
                [-1.0, 0.0, 0.0, 0.0, 0.0, 0.339179, -0.940722, 0.3, -0.0, -0.940722, -0.339179, 0.0, 0.0, 0.0, 0.0, 1.0],
                [-1.0, 0.0, 0.0, -0.0, 0.0, 0.735098, -0.677961, 0.3, -0.0, -0.677961, -0.735098, 0.0, 0.0, 0.0, 0.0, 1.0]
            ]
        },
        {
            "name": "Shoulder_L",
            "time": [0.0, 0.0667, 0.35, 0.5667, 0.8, 1.25],
            "transform": [
                [0.004613, -0.952228, -0.305355, 0.0, 0.000524, -0.305355, 0.952238, 0.4, -0.999989, -0.004553, -0.00091, 0.0, 0.0, 0.0, 0.0, 1.0],
                [0.004613, -0.952228, -0.305355, -0.0, 0.000524, -0.305355, 0.952238, 0.4, -0.999989, -0.004553, -0.00091, 0.0, 0.0, 0.0, 0.0, 1.0],
                [0.495208, -0.782884, -0.376644, 0.0, 0.200202, -0.319032, 0.926357, 0.4, -0.845392, -0.534145, -0.001252, -0.0, 0.0, 0.0, 0.0, 1.0],
                [0.495208, -0.782884, -0.376644, -0.0, 0.200202, -0.319032, 0.926357, 0.4, -0.845392, -0.534145, -0.001252, -0.0, 0.0, 0.0, 0.0, 1.0],
                [0.495208, -0.782884, -0.376644, -0.0, 0.200202, -0.319032, 0.926357, 0.4, -0.845392, -0.534145, -0.001252, -0.0, 0.0, 0.0, 0.0, 1.0],
                [0.004613, -0.952228, -0.305355, 0.0, 0.000524, -0.305355, 0.952238, 0.4, -0.999989, -0.004553, -0.00091, 0.0, 0.0, 0.0, 0.0, 1.0]
            ]
        },
        {
            "name": "Arm_L",
            "time": [0.0, 0.0667, 0.2, 0.35, 0.5667, 0.8, 0.8833, 1.25],
            "transform": [
                [-0.042239, 0.050187, 0.997846, 0.0, -0.460133, 0.885539, -0.064016, 0.39386, -0.886845, -0.461846, -0.014311, 0.0, 0.0, 0.0, 0.0, 1.0],
                [-0.042239, 0.050187, 0.997846, 0.0, -0.460133, 0.885539, -0.064016, 0.39386, -0.886845, -0.461846, -0.014311, -0.0, 0.0, 0.0, 0.0, 1.0],
                [-0.376043, 0.251754, 0.891746, -0.0, -0.29914, 0.877868, -0.373982, 0.39386, -0.876987, -0.40739, -0.254807, -0.0, 0.0, 0.0, 0.0, 1.0],
                [0.123346, 0.978581, 0.164819, 0.0, -0.89841, 0.180658, -0.400278, 0.39386, -0.42148, -0.098702, 0.90145, -0.0, 0.0, 0.0, 0.0, 1.0],
                [0.123346, 0.912245, 0.390634, 0.0, -0.89841, 0.26984, -0.346476, 0.39386, -0.42148, -0.308213, 0.852854, -0.0, 0.0, 0.0, 0.0, 1.0],
                [0.123346, 0.912245, 0.390634, 0.0, -0.89841, 0.26984, -0.346476, 0.39386, -0.42148, -0.308213, 0.852854, -0.0, 0.0, 0.0, 0.0, 1.0],
                [0.732781, 0.675322, -0.083496, 0.0, -0.643513, 0.647867, -0.407626, 0.39386, -0.221184, 0.352431, 0.909324, 0.0, 0.0, 0.0, 0.0, 1.0],
                [0.337981, -0.043619, 0.940141, 0.0, -0.891463, 0.305452, 0.334653, 0.39386, -0.301766, -0.951208, 0.064352, 0.0, 0.0, 0.0, 0.0, 1.0]
            ]
        },
        {
            "name": "Hand_L",
            "time": [0.0, 0.0667, 0.2, 0.35, 0.5667, 0.8, 1.25],
            "transform": [
                [1.0, -0.0, 0.0, -0.0, 0.0, 0.99793, -0.064318, 0.3, -0.0, 0.064318, 0.99793, -0.0, 0.0, 0.0, 0.0, 1.0],
                [1.0, -0.0, 0.0, 0.0, 0.0, 0.99793, -0.064318, 0.3, -0.0, 0.064318, 0.99793, -0.0, 0.0, 0.0, 0.0, 1.0],
                [1.0, -0.0, 0.0, 0.0, 0.0, 0.985342, -0.170594, 0.3, -0.0, 0.170594, 0.985342, 0.0, 0.0, 0.0, 0.0, 1.0],
                [1.0, 0.0, -0.0, -0.0, -0.0, 0.256613, -0.966515, 0.3, -0.0, 0.966514, 0.256613, -0.0, 0.0, 0.0, 0.0, 1.0],
                [1.0, 0.0, -0.0, 0.0, -0.0, 0.256613, -0.966515, 0.3, -0.0, 0.966514, 0.256613, 0.0, 0.0, 0.0, 0.0, 1.0],
                [1.0, 0.0, -0.0, 0.0, -0.0, 0.256613, -0.966515, 0.3, -0.0, 0.966514, 0.256613, 0.0, 0.0, 0.0, 0.0, 1.0],
                [1.0, 0.0, 0.0, -0.0, -0.0, 0.99793, -0.064318, 0.3, -0.0, 0.064318, 0.99793, 0.0, 0.0, 0.0, 0.0, 1.0]
            ]
        },
        {
            "name": "Tool_L",
            "time": [0.0, 0.0667, 0.2, 0.4, 0.5667, 0.8, 0.8833, 1.25],
            "transform": [
                [1.0, -0.0, 0.0, -0.0, 0.0, -0.999836, 0.018122, 0.272858, 0.0, -0.018122, -0.999247, -0.0, 0.0, 0.0, 0.0, 1.0],
                [1.0, 0.0, 0.0, 0.0, 0.0, -0.999836, 0.018122, 0.272858, 0.0, -0.018122, -0.999248, 0.0, 0.0, 0.0, 0.0, 1.0],
                [1.0, -0.0, -0.0, -0.0, 0.0, 0.905001, -0.425408, 0.272858, 0.0, 0.425167, 0.904465, -0.0, 0.0, 0.0, 0.0, 1.0],
                [1.0, 0.0, -0.0, 0.0, 0.0, -0.992603, 0.121408, 0.272858, 0.0, -0.121348, -0.992018, -0.0, 0.0, 0.0, 0.0, 1.0],
                [1.0, -0.0, -0.0, 0.0, -0.0, -0.999576, -0.029105, 0.272858, -0.0, 0.029078, -0.998989, 0.0, 0.0, 0.0, 0.0, 1.0],
                [1.0, -0.0, -0.0, 0.0, -0.0, -0.999576, -0.029105, 0.272858, -0.0, 0.029078, -0.998989, 0.0, 0.0, 0.0, 0.0, 1.0],
                [1.0, -0.0, 0.0, 0.0, -0.0, -0.343166, 0.939275, 0.272858, -0.0, -0.938726, -0.342954, 0.0, 0.0, 0.0, 0.0, 1.0],
                [1.0, 0.0, 0.0, 0.0, 0.0, -0.999836, 0.018122, 0.272858, 0.0, -0.018122, -0.999247, -0.0, 0.0, 0.0, 0.0, 1.0]
            ]
        },
        {
            "name": "Elbow_L",
            "time": [0.0, 0.0667, 0.35, 0.5667, 0.8, 1.25],
            "transform": [
                [-1.0, 0.0, -0.0, -0.0, 0.0, -0.0, -1.0, 0.3, -0.0, -1.0, -0.0, -0.0, 0.0, 0.0, 0.0, 1.0],
                [-1.0, 0.0, -0.0, 0.0, 0.0, -0.0, -1.0, 0.3, -0.0, -1.0, -0.0, -0.0, 0.0, 0.0, 0.0, 1.0],
                [-1.0, 0.0, 0.0, -0.0, 0.0, 0.998244, -0.059243, 0.3, -0.0, -0.059243, -0.998244, -0.0, 0.0, 0.0, 0.0, 1.0],
                [-1.0, 0.0, 0.0, 0.0, 0.0, 0.998244, -0.059243, 0.3, -0.0, -0.059243, -0.998244, 0.0, 0.0, 0.0, 0.0, 1.0],
                [-1.0, 0.0, 0.0, 0.0, 0.0, 0.998244, -0.059243, 0.3, -0.0, -0.059243, -0.998244, 0.0, 0.0, 0.0, 0.0, 1.0],
                [-1.0, 0.0, -0.0, -0.0, 0.0, -0.0, -1.0, 0.3, -0.0, -1.0, -0.0, 0.0, 0.0, 0.0, 0.0, 1.0]
            ]
        }
    ]
}