{
    
    "animation": [
        {
            "name": "Root",
            "time": [0.0, 0.15, 0.2167, 0.2667, 0.4167, 0.5333],
            "transform": [
                [0.960075, 0.0, 0.279741, -5e-06, 0.272986, 0.218437, -0.936891, 0.000946, -0.061106, 0.975851, 0.209716, 0.797984, 0.0, 0.0, 0.0, 1.0],
                [0.929117, -0.021159, 0.36918, -5e-06, 0.364702, 0.21741, -0.905387, 0.000946, -0.061106, 0.975851, 0.209716, 0.589331, 0.0, 0.0, 0.0, 1.0],
                [0.997323, 0.051242, 0.052156, -5e-06, 0.04015, 0.212341, -0.97637, 0.000946, -0.061106, 0.975851, 0.209716, 0.794101, 0.0, 0.0, 0.0, 1.0],
                [0.984196, 0.093894, -0.150138, -5e-06, -0.166203, 0.197227, -0.966167, 0.000946, -0.061106, 0.975851, 0.209716, 0.695056, 0.0, 0.0, 0.0, 1.0],
                [0.984196, 0.093894, -0.150138, -5e-06, -0.166203, 0.197227, -0.966167, 0.000946, -0.061106, 0.975851, 0.209716, 0.538921, 0.0, 0.0, 0.0, 1.0],
                [0.960075, 0.0, 0.279741, -5e-06, 0.272986, 0.218437, -0.936891, 0.000946, -0.061106, 0.975851, 0.209716, 0.797984, 0.0, 0.0, 0.0, 1.0]
            ]
        },
        {
            "name": "Thigh_R",
            "time": [0.0, 0.0833, 0.15, 0.2667, 0.4167, 0.4667, 0.5333],
            "transform": [
                [0.973617, 0.224496, 0.040881, 0.124994, 0.061261, -0.429728, 0.900877, -0.002831, 0.219811, -0.874603, -0.432145, -1.2e-05, 0.0, 0.0, 0.0, 1.0],
                [0.940084, 0.331577, 0.079351, 0.124994, -0.019798, -0.179256, 0.983604, -0.002831, 0.340365, -0.92624, -0.161952, -1.2e-05, 0.0, 0.0, 0.0, 1.0],
                [0.90513, 0.362766, 0.221673, 0.124994, -0.078689, -0.369453, 0.925912, -0.002831, 0.417788, -0.855512, -0.305859, -1.2e-05, 0.0, 0.0, 0.0, 1.0],
                [0.987144, 0.077035, -0.140038, 0.124994, 0.088761, -0.992873, 0.079502, -0.002831, -0.132916, -0.090909, -0.98695, -1.2e-05, 0.0, 0.0, 0.0, 1.0],
                [0.986654, 0.15327, -0.05497, 0.124994, 0.095148, -0.816655, -0.569227, -0.002831, -0.132137, 0.556399, -0.820341, -1.2e-05, 0.0, 0.0, 0.0, 1.0],
                [0.996199, 0.086978, -0.004615, 0.124994, 0.087099, -0.995128, 0.046156, -0.002831, -0.000578, -0.046382, -0.998924, -1.2e-05, 0.0, 0.0, 0.0, 1.0],
                [0.973617, 0.224496, 0.040881, 0.124994, 0.061261, -0.429728, 0.900877, -0.002831, 0.219811, -0.874603, -0.432145, -1.2e-05, 0.0, 0.0, 0.0, 1.0]
            ]
        },
        {
            "name": "Leg_R",
            "time": [0.0, 0.0833, 0.15, 0.2667, 0.4167, 0.5333],
            "transform": [
                [1.0, -2e-06, 1e-06, 0.0, -2e-06, -0.50759, 0.861598, 0.37472, -1e-06, -0.8616, -0.507589, 0.0, 0.0, 0.0, 0.0, 1.0],
                [1.0, 0.0, 2e-06, -0.0, -2e-06, 0.671217, 0.741261, 0.37472, -1e-06, -0.741262, 0.671216, -0.0, 0.0, 0.0, 0.0, 1.0],
                [1.0, 1e-06, 2e-06, -0.0, -1e-06, 0.888926, 0.458051, 0.37472, -1e-06, -0.458052, 0.888925, 0.0, 0.0, 0.0, 0.0, 1.0],
                [0.999395, -0.034514, 0.004231, 0.0, 0.034355, 0.998858, 0.033237, 0.37472, -0.005373, -0.033072, 0.999438, -0.0, 0.0, 0.0, 0.0, 1.0],
                [0.999395, -0.034514, 0.004231, -0.0, 0.034355, 0.998858, 0.033237, 0.37472, -0.005373, -0.033072, 0.999438, -0.0, 0.0, 0.0, 0.0, 1.0],
                [1.0, -2e-06, 1e-06, 0.0, -2e-06, -0.50759, 0.861598, 0.37472, -1e-06, -0.8616, -0.507589, 0.0, 0.0, 0.0, 0.0, 1.0]
            ]
        },
        {
            "name": "Knee_R",
            "time": [0.0, 0.15, 0.2667, 0.4167, 0.5333],
            "transform": [
                [1.0, 0.0, -0.0, -0.000179, -0.0, 1e-06, -1.0, 0.436391, -0.0, 1.0, 1e-06, -0.000613, 0.0, 0.0, 0.0, 1.0],
                [1.0, -0.0, -0.0, -0.000179, -0.0, -0.260585, -0.965451, 0.436391, -0.0, 0.965451, -0.260585, -0.000613, 0.0, 0.0, 0.0, 1.0],
                [1.0, -0.0, -0.0, -0.000179, -0.0, -0.260585, -0.965451, 0.436391, -0.0, 0.965451, -0.260585, -0.000613, 0.0, 0.0, 0.0, 1.0],
                [1.0, -0.0, -0.0, -0.000179, -0.0, -0.260585, -0.965451, 0.436391, -0.0, 0.965451, -0.260585, -0.000613, 0.0, 0.0, 0.0, 1.0],
                [1.0, 0.0, -0.0, -0.000179, -0.0, 1e-06, -1.0, 0.436391, -0.0, 1.0, 1e-06, -0.000613, 0.0, 0.0, 0.0, 1.0]
            ]
        },
        {
            "name": "Thigh_L",
            "time": [0.0, 0.15, 0.2167, 0.2667, 0.3333, 0.4167, 0.4667, 0.5333],
            "transform": [
                [0.959241, -0.005375, 0.282535, -0.125006, -0.02173, -0.998261, 0.054788, -0.002831, 0.281749, -0.058694, -0.957691, -1.2e-05, 0.0, 0.0, 0.0, 1.0],
                [0.92261, -0.240952, 0.301219, -0.125006, -0.045785, -0.843784, -0.534726, -0.002831, 0.383007, 0.479553, -0.789515, -1.2e-05, 0.0, 0.0, 0.0, 1.0],
                [0.99851, 0.004564, 0.054369, -0.125006, -0.020863, -0.888819, 0.457784, -0.002831, 0.050413, -0.458236, -0.887399, -1.2e-05, 0.0, 0.0, 0.0, 1.0],
                [0.981707, -0.186942, -0.036084, -0.125006, -0.011385, -0.246828, 0.968992, -0.002831, -0.190052, -0.950857, -0.244442, -1.2e-05, 0.0, 0.0, 0.0, 1.0],
                [0.981182, -0.19308, 0.000387, -0.125006, -0.004573, -0.021239, 0.999764, -0.002831, -0.193026, -0.980953, -0.021722, -1.2e-05, 0.0, 0.0, 0.0, 1.0],
                [0.981707, -0.179616, -0.063144, -0.125006, -0.011385, -0.386442, 0.922243, -0.002831, -0.190052, -0.904655, -0.381418, -1.2e-05, 0.0, 0.0, 0.0, 1.0],
                [0.999807, 0.019486, 0.002156, -0.125006, 0.014694, -0.817605, 0.575592, -0.002831, 0.012979, -0.57545, -0.817734, -1.2e-05, 0.0, 0.0, 0.0, 1.0],
                [0.959241, -0.005375, 0.282535, -0.125006, -0.02173, -0.998261, 0.054788, -0.002831, 0.281749, -0.058694, -0.957691, -1.2e-05, 0.0, 0.0, 0.0, 1.0]
            ]
        },
        {
            "name": "Leg_L",
            "time": [0.0, 0.15, 0.2667, 0.3333, 0.4167, 0.5333],
            "transform": [
                [1.0, -0.0, 1e-06, -0.0, 0.0, 0.999948, 0.010137, 0.37472, -1e-06, -0.010137, 0.999949, -0.0, 0.0, 0.0, 0.0, 1.0],
                [1.0, -0.0, 1e-06, -0.0, 0.0, 0.999948, 0.010137, 0.37472, -1e-06, -0.010137, 0.999949, -0.0, 0.0, 0.0, 0.0, 1.0],
                [0.998876, -0.041922, 0.022113, 0.0, -0.038489, -0.445202, 0.894603, 0.37472, -0.027659, -0.894448, -0.446316, 0.0, 0.0, 0.0, 0.0, 1.0],
                [0.998769, 0.001629, 0.049571, -0.0, -0.041242, 0.582466, 0.811808, 0.37472, -0.027551, -0.812853, 0.581817, 0.0, 0.0, 0.0, 0.0, 1.0],
                [0.998876, 0.022708, 0.041603, 0.0, -0.038489, 0.900853, 0.432415, 0.37472, -0.027659, -0.43353, 0.900715, 0.0, 0.0, 0.0, 0.0, 1.0],
                [1.0, -0.0, 1e-06, -0.0, 0.0, 0.999948, 0.010137, 0.37472, -1e-06, -0.010137, 0.999949, -0.0, 0.0, 0.0, 0.0, 1.0]
            ]
        },
        {
            "name": "Knee_L",
            "time": [0.0, 0.15, 0.2667, 0.4167, 0.5333],
            "transform": [
                [1.0, 0.0, -0.0, -0.0, -0.0, 1e-06, -1.0, 0.37472, -0.0, 1.0, 1e-06, -0.0, 0.0, 0.0, 0.0, 1.0],
                [1.0, 0.0, -0.0, -0.0, -0.0, 1e-06, -1.0, 0.37472, -0.0, 1.0, 1e-06, -0.0, 0.0, 0.0, 0.0, 1.0],
                [0.999765, 0.020014, 0.008299, 0.0, -0.007895, 0.693204, -0.720698, 0.37472, -0.020177, 0.720464, 0.693199, 0.0, 0.0, 0.0, 0.0, 1.0],
                [0.999765, 0.020014, 0.008299, 0.0, -0.007895, 0.693204, -0.720698, 0.37472, -0.020177, 0.720464, 0.693199, 0.0, 0.0, 0.0, 0.0, 1.0],
                [1.0, 0.0, -0.0, -0.0, -0.0, 1e-06, -1.0, 0.37472, -0.0, 1.0, 1e-06, -0.0, 0.0, 0.0, 0.0, 1.0]
            ]
        },
        {
            "name": "Torso",
            "time": [0.0, 0.15, 0.2667, 0.4167, 0.5333],
            "transform": [
                [1.0, 0.0, 0.0, -0.0, 0.0, 0.979725, 0.200346, 0.05, 0.0, -0.200346, 0.979725, 0.0, 0.0, 0.0, 0.0, 1.0],
                [0.998725, -0.0, -0.050483, 0.0, 0.010114, 0.979725, 0.20009, 0.05, 0.049459, -0.200346, 0.978476, -0.0, 0.0, 0.0, 0.0, 1.0],
                [0.988045, -0.080186, -0.13167, 0.0, 0.1033, 0.978346, 0.179356, 0.05, 0.114437, -0.190814, 0.974933, -0.0, 0.0, 0.0, 0.0, 1.0],
                [0.987018, -0.153679, -0.04667, 0.0, 0.159852, 0.968164, 0.192632, 0.05, 0.015581, -0.197591, 0.980161, -0.0, 0.0, 0.0, 0.0, 1.0],
                [1.0, 0.0, 0.0, -0.0, 0.0, 0.979725, 0.200346, 0.05, 0.0, -0.200346, 0.979725, 0.0, 0.0, 0.0, 0.0, 1.0]
            ]
        },
        {
            "name": "Chest",
            "time": [0.0, 0.15, 0.2667, 0.4167, 0.5333],
            "transform": [
                [0.800587, 0.082248, -0.593545, 0.0, -0.087194, 0.995982, 0.020405, 0.3, 0.592838, 0.035418, 0.804542, -0.0, 0.0, 0.0, 0.0, 1.0],
                [0.800587, 0.082248, -0.593545, 0.0, -0.087194, 0.995982, 0.020405, 0.3, 0.592838, 0.035418, 0.804542, -0.0, 0.0, 0.0, 0.0, 1.0],
                [0.800587, 0.082248, -0.593545, 0.0, -0.087194, 0.995982, 0.020405, 0.3, 0.592838, 0.035418, 0.804542, 0.0, 0.0, 0.0, 0.0, 1.0],
                [0.850082, 0.082248, -0.520189, -0.0, -0.08866, 0.995982, 0.01259, 0.3, 0.519134, 0.035418, 0.853958, -0.0, 0.0, 0.0, 0.0, 1.0],
                [0.800587, 0.082248, -0.593545, 0.0, -0.087194, 0.995982, 0.020405, 0.3, 0.592838, 0.035418, 0.804542, -0.0, 0.0, 0.0, 0.0, 1.0]
            ]
        },
        {
            "name": "Head",
            "time": [0.0, 0.15, 0.2667, 0.4167, 0.5333],
            "transform": [
                [0.914728, -0.0, 0.40407, 0.0, 0.07587, 0.982214, -0.171754, 0.4, -0.396883, 0.187765, 0.898459, -0.0, 0.0, 0.0, 0.0, 1.0],
                [0.914728, -0.0, 0.40407, 0.0, 0.07587, 0.982214, -0.171754, 0.4, -0.396883, 0.187765, 0.898459, 0.0, 0.0, 0.0, 0.0, 1.0],
                [0.562194, -0.0, 0.827005, -0.0, 0.155283, 0.982214, -0.10556, 0.4, -0.812296, 0.187765, 0.552195, -0.0, 0.0, 0.0, 0.0, 1.0],
                [0.699145, 0.019799, 0.714705, 0.0, 0.106339, 0.985619, -0.131328, 0.4, -0.707027, 0.167818, 0.686986, 0.0, 0.0, 0.0, 0.0, 1.0],
                [0.914728, -0.0, 0.40407, 0.0, 0.07587, 0.982214, -0.171754, 0.4, -0.396883, 0.187765, 0.898459, -0.0, 0.0, 0.0, 0.0, 1.0]
            ]
        },
        {
            "name": "Shoulder_R",
            "time": [0.0, 0.15, 0.2667, 0.4167, 0.5333],
            "transform": [
                [0.0, 0.996269, -0.086301, 0.0, 0.0, 0.086301, 0.996269, 0.4, 1.0, 0.0, 0.0, -0.0, 0.0, 0.0, 0.0, 1.0],
                [0.0, 0.996269, -0.086301, 0.0, -0.0, 0.086301, 0.996269, 0.4, 1.0, 0.0, -0.0, 0.0, 0.0, 0.0, 0.0, 1.0],
                [0.0, 0.996269, -0.086301, -0.0, -0.0, 0.086301, 0.996269, 0.4, 1.0, 0.0, 0.0, -0.0, 0.0, 0.0, 0.0, 1.0],
                [0.0, 0.996269, -0.086301, 0.0, -0.0, 0.086301, 0.996269, 0.4, 1.0, 0.0, -0.0, 0.0, 0.0, 0.0, 0.0, 1.0],
                [0.0, 0.996269, -0.086301, 0.0, 0.0, 0.086301, 0.996269, 0.4, 1.0, 0.0, 0.0, -0.0, 0.0, 0.0, 0.0, 1.0]
            ]
        },
        {
            "name": "Arm_R",
            "time": [0.0, 0.15, 0.2667, 0.4167, 0.5333],
            "transform": [
                [-0.21332, -0.863397, -0.457208, -0.0, 0.964885, -0.259602, 0.040049, 0.39386, -0.15327, -0.43261, 0.888457, 0.0, 0.0, 0.0, 0.0, 1.0],
                [-0.21332, -0.899987, -0.380154, 0.0, 0.964885, -0.25512, 0.06254, 0.39386, -0.15327, -0.353464, 0.922806, 0.0, 0.0, 0.0, 0.0, 1.0],
                [-0.21332, -0.781568, -0.586213, 0.0, 0.964885, -0.262672, -0.00091, 0.39386, -0.15327, -0.565822, 0.810156, 0.0, 0.0, 0.0, 0.0, 1.0],
                [-0.21332, -0.863397, -0.457208, -0.0, 0.964885, -0.259603, 0.040049, 0.39386, -0.15327, -0.43261, 0.888457, 0.0, 0.0, 0.0, 0.0, 1.0],
                [-0.21332, -0.863397, -0.457208, -0.0, 0.964885, -0.259602, 0.040049, 0.39386, -0.15327, -0.43261, 0.888457, 0.0, 0.0, 0.0, 0.0, 1.0]
            ]
        },
        {
            "name": "Hand_R",
            "time": [0.0, 0.15, 0.2667, 0.4167, 0.5333],
            "transform": [
                [1.0, 0.0, -0.0, -0.0, 0.0, -0.027951, -0.999609, 0.3, -0.0, 0.999609, -0.027951, 0.0, 0.0, 0.0, 0.0, 1.0],
                [1.0, 0.0, 0.0, 0.0, 0.0, 0.132328, -0.991206, 0.3, -0.0, 0.991206, 0.132329, -0.0, 0.0, 0.0, 0.0, 1.0],
                [1.0, -0.0, 0.0, 0.0, -0.0, 0.189181, -0.981942, 0.3, -0.0, 0.981942, 0.18918, -0.0, 0.0, 0.0, 0.0, 1.0],
                [1.0, 0.0, 0.0, 0.0, 0.0, -0.027951, -0.999609, 0.3, 0.0, 0.999609, -0.027951, -0.0, 0.0, 0.0, 0.0, 1.0],
                [1.0, 0.0, -0.0, -0.0, 0.0, -0.027951, -0.999609, 0.3, -0.0, 0.999609, -0.027951, 0.0, 0.0, 0.0, 0.0, 1.0]
            ]
        },
        {
            "name": "Tool_R",
            "time": [0.0, 0.15, 0.2667, 0.4167, 0.5333],
            "transform": [
                [1.0, 0.0, 0.0, 0.0, 0.0, -0.999836, 0.018122, 0.272858, 0.0, -0.018122, -0.999244, -0.0, 0.0, 0.0, 0.0, 1.0],
                [1.0, 0.0, 0.0, -0.0, 0.0, -0.999836, 0.018122, 0.272858, 0.0, -0.018122, -0.999244, 0.0, 0.0, 0.0, 0.0, 1.0],
                [1.0, -0.0, 0.0, -0.0, 0.0, -0.999836, 0.018122, 0.272858, 0.0, -0.018122, -0.999244, -0.0, 0.0, 0.0, 0.0, 1.0],
                [1.0, 0.0, 0.0, 0.0, 0.0, -0.999836, 0.018122, 0.272858, 0.0, -0.018122, -0.999243, 0.0, 0.0, 0.0, 0.0, 1.0],
                [1.0, 0.0, 0.0, 0.0, 0.0, -0.999836, 0.018122, 0.272858, 0.0, -0.018122, -0.999244, -0.0, 0.0, 0.0, 0.0, 1.0]
            ]
        },
        {
            "name": "Elbow_R",
            "time": [0.0, 0.15, 0.2667, 0.4167, 0.5333],
            "transform": [
                [-1.0, 0.0, 0.0, 0.000596, -0.0, 0.367434, -0.93005, 0.384548, -0.0, -0.93005, -0.367434, 0.001188, 0.0, 0.0, 0.0, 1.0],
                [-1.0, 0.0, 0.0, 0.000596, -0.0, 0.367434, -0.930049, 0.384548, -0.0, -0.93005, -0.367434, 0.001187, 0.0, 0.0, 0.0, 1.0],
                [-1.0, 0.0, 0.0, 0.000596, 0.0, 0.367435, -0.930049, 0.384548, -0.0, -0.93005, -0.367434, 0.001188, 0.0, 0.0, 0.0, 1.0],
                [-1.0, 0.0, 0.0, 0.000596, -0.0, 0.367434, -0.930049, 0.384548, -0.0, -0.93005, -0.367434, 0.001188, 0.0, 0.0, 0.0, 1.0],
                [-1.0, 0.0, 0.0, 0.000596, -0.0, 0.367434, -0.93005, 0.384548, -0.0, -0.93005, -0.367434, 0.001188, 0.0, 0.0, 0.0, 1.0]
            ]
        },
        {
            "name": "Shoulder_L",
            "time": [0.0, 0.15, 0.2667, 0.4167, 0.5333],
            "transform": [
                [0.306984, -0.901267, -0.305743, 0.0, 0.098579, -0.289415, 0.952114, 0.4, -0.946595, -0.322424, 0.0, -0.0, 0.0, 0.0, 0.0, 1.0],
                [0.306984, -0.901267, -0.305743, 0.0, 0.098579, -0.289415, 0.952114, 0.4, -0.946595, -0.322424, 0.0, 0.0, 0.0, 0.0, 0.0, 1.0],
                [0.114511, -0.945203, -0.305743, -0.0, 0.036772, -0.303524, 0.952114, 0.4, -0.992741, -0.12027, -0.0, -0.0, 0.0, 0.0, 0.0, 1.0],
                [0.306984, -0.901267, -0.305743, 0.0, 0.098579, -0.289415, 0.952114, 0.4, -0.946595, -0.322424, 0.0, 0.0, 0.0, 0.0, 0.0, 1.0],
                [0.306984, -0.901267, -0.305743, 0.0, 0.098579, -0.289415, 0.952114, 0.4, -0.946595, -0.322424, 0.0, -0.0, 0.0, 0.0, 0.0, 1.0]
            ]
        },
        {
            "name": "Arm_L",
            "time": [0.0, 0.15, 0.2667, 0.4167, 0.5333],
            "transform": [
                [-0.394069, 0.913695, 0.099351, -0.0, 0.0979, 0.149213, -0.983947, 0.39386, -0.913852, -0.378016, -0.148251, -0.0, 0.0, 0.0, 0.0, 1.0],
                [-0.394069, 0.917455, -0.054637, -0.0, 0.0979, -0.017207, -0.995048, 0.39386, -0.913852, -0.397466, -0.083038, -0.0, 0.0, 0.0, 0.0, 1.0],
                [-0.394069, 0.915358, 0.082644, -0.0, 0.0979, 0.131214, -0.986508, 0.39386, -0.913852, -0.380661, -0.141321, 0.0, 0.0, 0.0, 0.0, 1.0],
                [-0.394069, 0.917455, -0.054637, 0.0, 0.0979, -0.017207, -0.995048, 0.39386, -0.913852, -0.397466, -0.083038, 0.0, 0.0, 0.0, 0.0, 1.0],
                [-0.394069, 0.913695, 0.099351, -0.0, 0.0979, 0.149213, -0.983947, 0.39386, -0.913852, -0.378016, -0.148251, -0.0, 0.0, 0.0, 0.0, 1.0]
            ]
        },
        {
            "name": "Hand_L",
            "time": [0.0, 0.15, 0.2667, 0.4167, 0.5333],
            "transform": [
                [1.0, -0.0, 0.0, -0.0, 0.0, 0.7026, -0.711585, 0.3, -0.0, 0.711585, 0.7026, 0.0, 0.0, 0.0, 0.0, 1.0],
                [1.0, -0.0, 0.0, 0.0, 0.0, 0.881664, -0.471878, 0.3, -0.0, 0.471878, 0.881664, -0.0, 0.0, 0.0, 0.0, 1.0],
                [1.0, -0.0, 0.0, 0.0, 0.0, 0.945698, -0.325048, 0.3, -0.0, 0.325048, 0.945698, -0.0, 0.0, 0.0, 0.0, 1.0],
                [1.0, -0.0, -0.0, 0.0, 0.0, 0.881664, -0.471878, 0.3, -0.0, 0.471878, 0.881664, -0.0, 0.0, 0.0, 0.0, 1.0],
                [1.0, -0.0, 0.0, -0.0, 0.0, 0.7026, -0.711585, 0.3, -0.0, 0.711585, 0.7026, 0.0, 0.0, 0.0, 0.0, 1.0]
            ]
        },
        {
            "name": "Tool_L",
            "time": [0.0, 0.15, 0.2667, 0.4167, 0.5333],
            "transform": [
                [1.0, 0.0, 0.0, -0.0, 0.0, -0.999836, 0.018122, 0.272858, 0.0, -0.018122, -0.999247, 0.0, 0.0, 0.0, 0.0, 1.0],
                [1.0, 0.0, 0.0, 0.0, 0.0, -0.999836, 0.018122, 0.272858, 0.0, -0.018122, -0.999247, 0.0, 0.0, 0.0, 0.0, 1.0],
                [1.0, 0.0, 0.0, 0.0, 0.0, -0.999836, 0.018122, 0.272858, 0.0, -0.018122, -0.999248, -0.0, 0.0, 0.0, 0.0, 1.0],
                [1.0, 0.0, 0.0, 0.0, 0.0, -0.999836, 0.018122, 0.272858, 0.0, -0.018122, -0.999247, 0.0, 0.0, 0.0, 0.0, 1.0],
                [1.0, 0.0, 0.0, -0.0, 0.0, -0.999836, 0.018122, 0.272858, 0.0, -0.018122, -0.999247, 0.0, 0.0, 0.0, 0.0, 1.0]
            ]
        },
        {
            "name": "Elbow_L",
            "time": [0.0, 0.15, 0.2667, 0.4167, 0.5333],
            "transform": [
                [-1.0, 0.0, -0.0, 0.000226, 0.0, -0.0, -1.0, 0.380328, -0.0, -1.0, 0.0, -0.000541, 0.0, 0.0, 0.0, 1.0],
                [-1.0, 0.0, -0.0, 0.000227, -0.0, -0.0, -1.0, 0.380328, -0.0, -1.0, -0.0, -0.000541, 0.0, 0.0, 0.0, 1.0],
                [-1.0, 0.0, -0.0, 0.000227, -0.0, -0.0, -1.0, 0.380327, -0.0, -1.0, -0.0, -0.000541, 0.0, 0.0, 0.0, 1.0],
                [-1.0, 0.0, -0.0, 0.000227, 0.0, -0.0, -1.0, 0.380328, -0.0, -1.0, -0.0, -0.000541, 0.0, 0.0, 0.0, 1.0],
                [-1.0, 0.0, -0.0, 0.000226, 0.0, -0.0, -1.0, 0.380328, -0.0, -1.0, 0.0, -0.000541, 0.0, 0.0, 0.0, 1.0]
            ]
        }
    ]
}