{
    "animation": [
        {
            "name": "Root",
            "time": [0.0, 0.15, 0.2833, 0.3333, 0.35, 0.3833, 0.4333, 0.6333, 0.8, 1.0333, 1.2833, 1.4833],
            "transform": [
                [-0.268057, 0.131525, -0.954383, -0.011196, -0.962617, 0.003456, 0.270846, -0.02874, 0.038922, 0.991307, 0.125682, 0.623469, 0.0, 0.0, 0.0, 1.0],
                [-0.782438, 0.131525, -0.60868, -0.011196, -0.613648, 0.003456, 0.789572, -0.02874, 0.105952, 0.991307, 0.078006, 0.623469, 0.0, 0.0, 0.0, 1.0],
                [0.129908, -0.264069, -0.955715, 0.010685, -0.943016, -0.330707, -0.036806, -0.38988, -0.306342, 0.906036, -0.291982, 0.59792, 0.0, 0.0, 0.0, 1.0],
                [0.129908, -0.264069, -0.955715, 0.002704, -0.943016, -0.330707, -0.036806, -0.40499, -0.306342, 0.906036, -0.291982, 0.551599, 0.0, 0.0, 0.0, 1.0],
                [0.129907, -0.264069, -0.955715, 0.0139, -0.943016, -0.330707, -0.036805, -0.407743, -0.306342, 0.906036, -0.291982, 0.61259, 0.0, 0.0, 0.0, 1.0],
                [0.129904, -0.264069, -0.955716, -0.004051, -0.943016, -0.330706, -0.036802, -0.414805, -0.306343, 0.906036, -0.291981, 0.518768, 0.0, 0.0, 0.0, 1.0],
                [0.129894, -0.264071, -0.955717, 0.011207, -0.943017, -0.330705, -0.036793, -0.437772, -0.306344, 0.906036, -0.29198, 0.623226, 0.0, 0.0, 0.0, 1.0],
                [0.12954, -0.264124, -0.95575, 0.010072, -0.943049, -0.330652, -0.036442, -0.457821, -0.306395, 0.90604, -0.291915, 0.599066, 0.0, 0.0, 0.0, 1.0],
                [0.439366, -0.010075, -0.898252, 0.020928, -0.842191, -0.352503, -0.407991, -0.328769, -0.312526, 0.935756, -0.163363, 0.672602, 0.0, 0.0, 0.0, 1.0],
                [0.596194, 0.147121, -0.789245, 0.035939, -0.697811, -0.391167, -0.600041, -0.309352, -0.397005, 0.908484, -0.130549, 0.717391, 0.0, 0.0, 0.0, 1.0],
                [0.950914, 0.305314, -0.050456, -0.023714, 0.043411, -0.293045, -0.955113, -0.43984, -0.306395, 0.90604, -0.291915, 0.668045, 0.0, 0.0, 0.0, 1.0],
                [0.950914, 0.305314, -0.050456, -0.023714, 0.043411, -0.293045, -0.955113, -0.43984, -0.306395, 0.90604, -0.291915, 0.668045, 0.0, 0.0, 0.0, 1.0]
            ]
        },
        {
            "name": "Thigh_R",
            "time": [0.0, 0.15, 0.2833, 0.6333, 0.8, 1.0333, 1.2833, 1.4833],
            "transform": [
                [0.399045, 0.662707, 0.633705, 0.124994, -0.167564, -0.62677, 0.760974, -0.002831, 0.90149, -0.409848, -0.139064, -1.2e-05, 0.0, 0.0, 0.0, 1.0],
                [0.854823, 0.433115, 0.285813, 0.124994, 0.108671, -0.687984, 0.717543, -0.002831, 0.507413, -0.582311, -0.635173, -1.2e-05, 0.0, 0.0, 0.0, 1.0],
                [0.48114, 0.742012, -0.466819, 0.23125, 0.778107, -0.606755, -0.162467, 0.03641, -0.403798, -0.285065, -0.869301, -0.103774, 0.0, 0.0, 0.0, 1.0],
                [0.482818, 0.741239, -0.466314, 0.232092, 0.776618, -0.608483, -0.163126, 0.035334, -0.40466, -0.283387, -0.869449, -0.103767, 0.0, 0.0, 0.0, 1.0],
                [0.454181, 0.534682, -0.712625, 0.177491, 0.579612, -0.784793, -0.219425, -0.01342, -0.676586, -0.313387, -0.666348, -0.092584, 0.0, 0.0, 0.0, 1.0],
                [0.581552, 0.334368, -0.741616, 0.167326, 0.519436, -0.854219, 0.022187, -0.022289, -0.626085, -0.398124, -0.670458, -0.090503, 0.0, 0.0, 0.0, 1.0],
                [0.89746, 0.363939, -0.249225, 0.204385, 0.435037, -0.823633, 0.363826, 0.027619, -0.07286, -0.43494, -0.897507, -0.068272, 0.0, 0.0, 0.0, 1.0],
                [0.89746, 0.363939, -0.249225, 0.204385, 0.435037, -0.823633, 0.363826, 0.027619, -0.07286, -0.43494, -0.897507, -0.068272, 0.0, 0.0, 0.0, 1.0]
            ]
        },
        {
            "name": "Leg_R",
            "time": [0.0, 0.15, 0.2833, 0.6333, 0.8, 1.0333, 1.2833, 1.4833],
            "transform": [
                [0.999665, -0.01426, -0.021628, -0.0, 0.025905, 0.547127, 0.836648, 0.37472, -9.7e-05, -0.836929, 0.547312, -0.0, 0.0, 0.0, 0.0, 1.0],
                [0.999664, -0.01426, -0.021628, 0.0, 0.025905, 0.547127, 0.836648, 0.37472, -9.7e-05, -0.836929, 0.547312, -0.0, 0.0, 0.0, 0.0, 1.0],
                [1.0, -0.0, 1e-06, -0.0, -0.0, 0.632622, 0.77446, 0.37472, -1e-06, -0.774461, 0.632621, -0.0, 0.0, 0.0, 0.0, 1.0],
                [1.0, -0.0, 1e-06, 0.0, -0.0, 0.632105, 0.774883, 0.37472, -1e-06, -0.774884, 0.632104, -0.0, 0.0, 0.0, 0.0, 1.0],
                [1.0, -0.0, 1e-06, -0.0, -0.0, 0.632105, 0.774883, 0.37472, -1e-06, -0.774884, 0.632104, 0.0, 0.0, 0.0, 0.0, 1.0],
                [1.0, -0.0, 1e-06, -0.0, -0.0, 0.632105, 0.774883, 0.37472, -1e-06, -0.774884, 0.632104, 0.0, 0.0, 0.0, 0.0, 1.0],
                [1.0, -0.0, 1e-06, 0.0, -0.0, 0.805928, 0.592014, 0.37472, -1e-06, -0.592015, 0.805927, 0.0, 0.0, 0.0, 0.0, 1.0],
                [1.0, -0.0, 1e-06, 0.0, -0.0, 0.805928, 0.592014, 0.37472, -1e-06, -0.592015, 0.805927, 0.0, 0.0, 0.0, 0.0, 1.0]
            ]
        },
        {
            "name": "Knee_R",
            "time": [0.0, 0.15, 0.2833, 0.6333, 0.8, 1.0333, 1.2833, 1.4833],
            "transform": [
                [1.0, 0.0, -0.0, -0.0, -0.0, 1e-06, -1.0, 0.383077, -0.0, 1.0, 1e-06, -0.001653, 0.0, 0.0, 0.0, 1.0],
                [1.0, 0.0, -0.0, 0.0, -0.0, 1e-06, -1.0, 0.383077, -0.0, 1.0, 1e-06, -0.001653, 0.0, 0.0, 0.0, 1.0],
                [1.0, 0.0, -0.0, -0.0, -0.0, 1e-06, -1.0, 0.383077, -0.0, 1.0, 1e-06, -0.001653, 0.0, 0.0, 0.0, 1.0],
                [1.0, 0.0, -0.0, -0.0, -0.0, 1e-06, -1.0, 0.383077, -0.0, 1.0, 1e-06, -0.001653, 0.0, 0.0, 0.0, 1.0],
                [1.0, 0.0, -0.0, -0.0, -0.0, 1e-06, -1.0, 0.383077, -0.0, 1.0, 1e-06, -0.001653, 0.0, 0.0, 0.0, 1.0],
                [1.0, 0.0, -0.0, 0.0, -0.0, 1e-06, -1.0, 0.383077, -0.0, 1.0, 1e-06, -0.001653, 0.0, 0.0, 0.0, 1.0],
                [1.0, 0.0, -0.0, 0.0, -0.0, 1e-06, -1.0, 0.383077, -0.0, 1.0, 1e-06, -0.001653, 0.0, 0.0, 0.0, 1.0],
                [1.0, 0.0, -0.0, 0.0, -0.0, 1e-06, -1.0, 0.383077, -0.0, 1.0, 1e-06, -0.001653, 0.0, 0.0, 0.0, 1.0]
            ]
        },
        {
            "name": "Thigh_L",
            "time": [0.0, 0.15, 0.2833, 0.6333, 0.8, 1.0333, 1.2833, 1.4833],
            "transform": [
                [0.820403, -0.509551, 0.259414, -0.260066, -0.546415, -0.56503, 0.6182, -0.024961, -0.168428, -0.648922, -0.741979, -0.019256, 0.0, 0.0, 0.0, 1.0],
                [0.490383, -0.634984, -0.596925, -0.170328, -0.505898, -0.765127, 0.398305, -0.02823, -0.709641, 0.106662, -0.696443, 0.053768, 0.0, 0.0, 0.0, 1.0],
                [0.312213, -0.691387, -0.651542, -0.115411, -0.311367, -0.722414, 0.617388, -0.036045, -0.897537, 0.010112, -0.440822, 0.047042, 0.0, 0.0, 0.0, 1.0],
                [0.320746, -0.681027, -0.658273, -0.10924, -0.302057, -0.732252, 0.610383, -0.038508, -0.897709, 0.003058, -0.440576, 0.047576, 0.0, 0.0, 0.0, 1.0],
                [0.304982, -0.532097, -0.789847, -0.092529, -0.242069, -0.845433, 0.476073, -0.113608, -0.921079, 0.046004, -0.386646, 0.075042, 0.0, 0.0, 0.0, 1.0],
                [0.320746, -0.281096, -0.904492, -0.09027, -0.302057, -0.935442, 0.183601, -0.127114, -0.897709, 0.21432, -0.384947, 0.080053, 0.0, 0.0, 0.0, 1.0],
                [0.424479, -0.082544, -0.901667, -0.176554, -0.624461, -0.747789, -0.225521, -0.040463, -0.655641, 0.658786, -0.368966, 0.098248, 0.0, 0.0, 0.0, 1.0],
                [0.424479, -0.082544, -0.901667, -0.176554, -0.624461, -0.747789, -0.225521, -0.040463, -0.655641, 0.658786, -0.368966, 0.098248, 0.0, 0.0, 0.0, 1.0]
            ]
        },
        {
            "name": "Leg_L",
            "time": [0.0, 0.15, 0.2833, 0.6333, 0.8, 1.0333, 1.2833, 1.4833],
            "transform": [
                [1.0, -0.0, 1e-06, -0.0, -0.0, 0.649202, 0.760616, 0.37472, -1e-06, -0.760616, 0.649202, 0.0, 0.0, 0.0, 0.0, 1.0],
                [1.0, -0.0, 1e-06, 0.0, -0.0, 0.649202, 0.760616, 0.37472, -1e-06, -0.760616, 0.649203, -0.0, 0.0, 0.0, 0.0, 1.0],
                [1.0, -0.0, 0.0, 0.0, -0.0, 0.670147, 0.742228, 0.37472, -1e-06, -0.742228, 0.670147, -0.0, 0.0, 0.0, 0.0, 1.0],
                [1.0, -0.0, 0.0, -0.0, -0.0, 0.669588, 0.742733, 0.37472, -1e-06, -0.742732, 0.669589, 0.0, 0.0, 0.0, 0.0, 1.0],
                [1.0, -0.0, 0.0, 0.0, -0.0, 0.889786, 0.456377, 0.37472, -0.0, -0.456377, 0.889787, 0.0, 0.0, 0.0, 0.0, 1.0],
                [1.0, -0.0, 0.0, -0.0, 0.0, 0.918449, 0.395538, 0.37472, -0.0, -0.395538, 0.91845, 0.0, 0.0, 0.0, 0.0, 1.0],
                [1.0, -0.0, 0.0, -0.0, -0.0, 0.931109, 0.364741, 0.37472, -0.0, -0.36474, 0.93111, 0.0, 0.0, 0.0, 0.0, 1.0],
                [1.0, -0.0, 0.0, -0.0, -0.0, 0.931109, 0.364741, 0.37472, -0.0, -0.36474, 0.93111, 0.0, 0.0, 0.0, 0.0, 1.0]
            ]
        },
        {
            "name": "Knee_L",
            "time": [0.0, 0.15, 0.2833, 0.6333, 0.8, 1.0333, 1.2833, 1.4833],
            "transform": [
                [1.0, 0.0, -0.0, -0.0, -0.0, 1e-06, -1.0, 0.37472, -0.0, 1.0, 1e-06, 0.0, 0.0, 0.0, 0.0, 1.0],
                [1.0, 0.0, -0.0, 0.0, -0.0, 1e-06, -1.0, 0.37472, -0.0, 1.0, 1e-06, -0.0, 0.0, 0.0, 0.0, 1.0],
                [1.0, 0.0, -0.0, 0.0, -0.0, 0.546416, -0.837514, 0.37472, -0.0, 0.837514, 0.546416, -0.0, 0.0, 0.0, 0.0, 1.0],
                [1.0, 0.0, -0.0, -0.0, -0.0, 0.546416, -0.837514, 0.37472, -0.0, 0.837514, 0.546416, 0.0, 0.0, 0.0, 0.0, 1.0],
                [1.0, 0.0, -0.0, 0.0, -0.0, 0.546416, -0.837514, 0.37472, -0.0, 0.837514, 0.546416, 0.0, 0.0, 0.0, 0.0, 1.0],
                [1.0, 0.0, -0.0, -0.0, -0.0, 0.546416, -0.837514, 0.37472, -0.0, 0.837514, 0.546416, 0.0, 0.0, 0.0, 0.0, 1.0],
                [1.0, 0.0, -0.0, -0.0, -0.0, 0.546416, -0.837514, 0.37472, -0.0, 0.837514, 0.546416, 0.0, 0.0, 0.0, 0.0, 1.0],
                [1.0, 0.0, -0.0, -0.0, -0.0, 0.546416, -0.837514, 0.37472, -0.0, 0.837514, 0.546416, 0.0, 0.0, 0.0, 0.0, 1.0]
            ]
        },
        {
            "name": "Torso",
            "time": [0.0, 0.15, 0.2833, 0.6333, 0.8, 1.0333, 1.2833, 1.4833],
            "transform": [
                [0.874629, 0.006017, -0.484756, 0.0, 0.028337, 0.997579, 0.063509, 0.05, 0.483965, -0.069284, 0.872341, 0.0, 0.0, 0.0, 0.0, 1.0],
                [0.874629, 0.006017, -0.484756, 0.0, 0.028337, 0.997579, 0.063509, 0.05, 0.483965, -0.069284, 0.872341, 0.0, 0.0, 0.0, 0.0, 1.0],
                [0.71855, -0.548675, 0.427366, -0.0, 0.085521, 0.67954, 0.728637, 0.05, -0.690197, -0.487013, 0.535206, -0.0, 0.0, 0.0, 0.0, 1.0],
                [0.719463, -0.54683, 0.428194, -0.0, 0.083965, 0.680483, 0.727938, 0.05, -0.689437, -0.487771, 0.535496, -0.0, 0.0, 0.0, 0.0, 1.0],
                [0.702447, -0.390799, 0.594848, -0.0, 0.151643, 0.898758, 0.411386, 0.05, -0.695394, -0.198773, 0.690592, 0.0, 0.0, 0.0, 0.0, 1.0],
                [0.495702, -0.428661, 0.755334, 0.0, 0.019569, 0.874999, 0.48373, 0.05, -0.868272, -0.225005, 0.442127, 0.0, 0.0, 0.0, 0.0, 1.0],
                [0.962386, -0.254436, 0.095267, 0.0, 0.17319, 0.844703, 0.506442, 0.05, -0.20933, -0.470893, 0.856995, -0.0, 0.0, 0.0, 0.0, 1.0],
                [0.962386, -0.254436, 0.095267, 0.0, 0.17319, 0.844703, 0.506442, 0.05, -0.20933, -0.470893, 0.856995, -0.0, 0.0, 0.0, 0.0, 1.0]
            ]
        },
        {
            "name": "Chest",
            "time": [0.0, 0.15, 0.2833, 0.6333, 0.8, 1.0333, 1.2833, 1.4833],
            "transform": [
                [0.894134, 0.084477, -0.43976, -0.0, 0.139738, 0.88037, 0.453236, 0.3, 0.425439, -0.466704, 0.775364, 0.0, 0.0, 0.0, 0.0, 1.0],
                [0.817018, 0.084477, -0.570391, -0.0, 0.206918, 0.88037, 0.426772, 0.3, 0.538207, -0.466704, 0.701798, 0.0, 0.0, 0.0, 0.0, 1.0],
                [0.660837, -0.464087, 0.589845, 0.0, 0.215264, 0.870087, 0.443408, 0.3, -0.718996, -0.166048, 0.674887, 0.0, 0.0, 0.0, 0.0, 1.0],
                [0.66552, -0.454369, 0.592143, -0.0, 0.222895, 0.878139, 0.423307, 0.3, -0.712321, -0.149734, 0.685696, 0.0, 0.0, 0.0, 0.0, 1.0],
                [0.727896, 0.03531, 0.684778, -0.0, -0.026285, 0.999376, -0.023593, 0.3, -0.685184, -0.000826, 0.72837, -0.0, 0.0, 0.0, 0.0, 1.0],
                [0.949556, 0.055407, 0.308665, 0.0, -0.014404, 0.990935, -0.133565, 0.3, -0.313267, 0.122381, 0.941747, 0.0, 0.0, 0.0, 0.0, 1.0],
                [0.972274, -0.091288, 0.215291, 0.0, 0.062042, 0.988361, 0.138899, 0.3, -0.225465, -0.12169, 0.966622, -0.0, 0.0, 0.0, 0.0, 1.0],
                [0.972274, -0.091288, 0.215291, 0.0, 0.062042, 0.988361, 0.138899, 0.3, -0.225465, -0.12169, 0.966622, -0.0, 0.0, 0.0, 0.0, 1.0]
            ]
        },
        {
            "name": "Head",
            "time": [0.0, 0.15, 0.2833, 0.6333, 0.8, 1.0333, 1.2833, 1.4833],
            "transform": [
                [0.503064, -0.003634, 0.864241, 0.0, 0.068013, 0.997056, -0.035397, 0.4, -0.861569, 0.076587, 0.501831, -0.0, 0.0, 0.0, 0.0, 1.0],
                [0.503064, -0.003634, 0.864241, -0.0, 0.068013, 0.997056, -0.035397, 0.4, -0.861569, 0.076587, 0.501831, -0.0, 0.0, 0.0, 0.0, 1.0],
                [0.995059, -0.035704, 0.092647, -0.0, 0.025521, 0.993729, 0.108863, 0.4, -0.095953, -0.105961, 0.98973, 0.0, 0.0, 0.0, 0.0, 1.0],
                [0.995059, -0.035704, 0.092647, 0.0, 0.025521, 0.993729, 0.108863, 0.4, -0.095953, -0.105961, 0.98973, -0.0, 0.0, 0.0, 0.0, 1.0],
                [0.90457, -0.035704, -0.424826, -0.0, 0.077208, 0.993729, 0.080879, 0.4, 0.419275, -0.105961, 0.901655, 0.0, 0.0, 0.0, 0.0, 1.0],
                [0.858712, -0.035704, -0.511213, 0.0, 0.084744, 0.993729, 0.072945, 0.4, 0.505403, -0.105961, 0.856353, 0.0, 0.0, 0.0, 0.0, 1.0],
                [0.995059, -0.035704, 0.092647, 0.0, 0.025521, 0.993729, 0.108863, 0.4, -0.095952, -0.105961, 0.98973, -0.0, 0.0, 0.0, 0.0, 1.0],
                [0.995059, -0.035704, 0.092647, 0.0, 0.025521, 0.993729, 0.108863, 0.4, -0.095952, -0.105961, 0.98973, -0.0, 0.0, 0.0, 0.0, 1.0]
            ]
        },
        {
            "name": "Shoulder_R",
            "time": [0.0, 0.15, 0.2833, 0.6333, 0.8, 1.0333, 1.2833, 1.4833],
            "transform": [
                [0.70383, 0.641021, 0.306128, 0.0, -0.226973, -0.205423, 0.95199, 0.4, 0.673131, -0.739522, 0.000911, -0.0, 0.0, 0.0, 0.0, 1.0],
                [0.877293, 0.369651, 0.306128, -0.0, -0.282479, -0.117985, 0.95199, 0.4, 0.388023, -0.921649, 0.000911, -0.0, 0.0, 0.0, 0.0, 1.0],
                [0.10503, 0.946179, 0.306128, -0.0, -0.034726, -0.304153, 0.95199, 0.4, 0.993862, -0.110618, 0.000911, 0.0, 0.0, 0.0, 0.0, 1.0],
                [0.104673, 0.946218, 0.306128, 0.0, -0.034611, -0.304166, 0.95199, 0.4, 0.993904, -0.110243, 0.000911, -0.0, 0.0, 0.0, 0.0, 1.0],
                [-0.19051, 0.932733, 0.306128, -0.0, 0.060324, -0.300127, 0.95199, 0.4, 0.97983, 0.199831, 0.000911, 0.0, 0.0, 0.0, 0.0, 1.0],
                [0.104673, 0.946218, 0.306128, 0.0, -0.034611, -0.304166, 0.95199, 0.4, 0.993904, -0.110243, 0.000911, 0.0, 0.0, 0.0, 0.0, 1.0],
                [0.104674, 0.946218, 0.306128, 0.0, -0.034611, -0.304166, 0.95199, 0.4, 0.993904, -0.110243, 0.000911, -0.0, 0.0, 0.0, 0.0, 1.0],
                [0.104674, 0.946218, 0.306128, 0.0, -0.034611, -0.304166, 0.95199, 0.4, 0.993904, -0.110243, 0.000911, -0.0, 0.0, 0.0, 0.0, 1.0]
            ]
        },
        {
            "name": "Arm_R",
            "time": [0.0, 0.15, 0.2833, 0.6333, 0.8, 1.0333, 1.2833, 1.4833],
            "transform": [
                [0.022683, -0.545225, -0.837982, 0.0, 0.742867, 0.570137, -0.350846, 0.39386, 0.669055, -0.614551, 0.417962, -0.0, 0.0, 0.0, 0.0, 1.0],
                [-0.010376, -0.996928, -0.07763, 0.0, 0.256925, 0.07237, -0.963718, 0.39386, 0.966376, -0.029945, 0.255385, 0.0, 0.0, 0.0, 0.0, 1.0],
                [0.761659, 0.351725, -0.54421, 0.0, -0.08564, 0.887133, 0.453498, 0.39386, 0.642294, -0.298805, 0.705815, 0.0, 0.0, 0.0, 0.0, 1.0],
                [0.76903, 0.350652, -0.53445, 0.0, -0.081185, 0.882915, 0.46246, 0.39386, 0.634036, -0.312256, 0.707456, -0.0, 0.0, 0.0, 0.0, 1.0],
                [0.410563, 0.135886, -0.90165, 0.0, -0.371372, 0.928024, -0.029242, 0.39386, 0.832779, 0.346853, 0.431477, 0.0, 0.0, 0.0, 0.0, 1.0],
                [0.941875, -0.24497, -0.229916, 0.0, 0.244697, 0.96913, -0.03016, 0.39386, 0.230207, -0.027853, 0.972743, 0.0, 0.0, 0.0, 0.0, 1.0],
                [0.843824, -0.048212, -0.53445, 0.0, 0.3397, 0.818984, 0.46246, 0.39386, 0.415409, -0.571788, 0.707456, -0.0, 0.0, 0.0, 0.0, 1.0],
                [0.843824, -0.048212, -0.53445, 0.0, 0.3397, 0.818984, 0.46246, 0.39386, 0.415409, -0.571788, 0.707456, -0.0, 0.0, 0.0, 0.0, 1.0]
            ]
        },
        {
            "name": "Hand_R",
            "time": [0.0, 0.15, 0.2833, 0.6333, 0.8, 1.0333, 1.2833, 1.4833],
            "transform": [
                [1.0, 0.0, -0.0, -0.0, -0.0, 0.642993, -0.765872, 0.3, 0.0, 0.765872, 0.642993, -0.0, 0.0, 0.0, 0.0, 1.0],
                [1.0, -0.0, -0.0, 0.0, -0.0, 0.642993, -0.765872, 0.3, 0.0, 0.765872, 0.642993, 0.0, 0.0, 0.0, 0.0, 1.0],
                [1.0, 0.0, -0.0, 0.0, -0.0, 0.998542, 0.053977, 0.3, 0.0, -0.053977, 0.998542, -0.0, 0.0, 0.0, 0.0, 1.0],
                [1.0, 0.0, -0.0, 0.0, -0.0, 0.997913, 0.064575, 0.3, 0.0, -0.064575, 0.997913, -0.0, 0.0, 0.0, 0.0, 1.0],
                [1.0, -0.0, -0.0, 0.0, -0.0, 0.330031, -0.94397, 0.3, 0.0, 0.94397, 0.330031, 0.0, 0.0, 0.0, 0.0, 1.0],
                [1.0, -0.0, -0.0, 0.0, -0.0, 0.110424, -0.993885, 0.3, 0.0, 0.993885, 0.110424, -0.0, 0.0, 0.0, 0.0, 1.0],
                [1.0, 0.0, -0.0, -0.0, -0.0, 0.997913, 0.064575, 0.3, 0.0, -0.064575, 0.997913, 0.0, 0.0, 0.0, 0.0, 1.0],
                [1.0, 0.0, -0.0, -0.0, -0.0, 0.997913, 0.064575, 0.3, 0.0, -0.064575, 0.997913, 0.0, 0.0, 0.0, 0.0, 1.0]
            ]
        },
        {
            "name": "Tool_R",
            "time": [0.0, 0.15, 0.2833, 0.6333, 0.8, 0.8833, 1.0333, 1.1167, 1.1833, 1.2833, 1.4833],
            "transform": [
                [1.0, 0.0, 0.0, 0.0, 0.0, -0.999836, 0.018122, 0.272858, 0.0, -0.018122, -0.999244, 0.0, 0.0, 0.0, 0.0, 1.0],
                [1.0, 0.0, 0.0, -0.0, 0.0, -0.999836, 0.018122, 0.272858, 0.0, -0.018122, -0.999244, 0.0, 0.0, 0.0, 0.0, 1.0],
                [1.0, 0.0, 0.0, 0.0, 0.0, -0.999836, 0.018122, 0.272858, 0.0, -0.018122, -0.999244, -0.0, 0.0, 0.0, 0.0, 1.0],
                [1.0, 0.0, 0.0, -0.0, 0.0, -0.999836, 0.018122, 0.272858, 0.0, -0.018122, -0.999244, 0.0, 0.0, 0.0, 0.0, 1.0],
                [1.0, -0.0, -0.0, 0.0, -0.0, -0.041044, -0.999157, 0.272858, 0.0, 0.998565, -0.04103, -0.0, 0.0, 0.0, 0.0, 1.0],
                [1.0, 0.0, -0.0, 0.0, -0.0, 0.888744, 0.458404, 0.272858, 0.0, -0.458123, 0.888223, -0.0, 0.0, 0.0, 0.0, 1.0],
                [1.0, -1e-06, -0.0, -0.0, -1e-06, -0.999843, -0.017696, 0.272858, -0.0, 0.017674, -0.999252, 0.0, 0.0, 0.0, 0.0, 1.0],
                [1.0, 0.0, -0.0, -0.0, -0.0, 0.888744, 0.458404, 0.272858, 0.0, -0.458123, 0.888223, 0.0, 0.0, 0.0, 0.0, 1.0],
                [1.0, -0.0, -0.0, -0.0, -0.0, -0.041044, -0.999158, 0.272858, 0.0, 0.998566, -0.04103, -0.0, 0.0, 0.0, 0.0, 1.0],
                [1.0, 0.0, 0.0, 0.0, -0.0, -0.999836, 0.018122, 0.272858, 0.0, -0.018122, -0.999244, -0.0, 0.0, 0.0, 0.0, 1.0],
                [1.0, 0.0, 0.0, 0.0, -0.0, -0.999836, 0.018122, 0.272858, 0.0, -0.018122, -0.999244, -0.0, 0.0, 0.0, 0.0, 1.0]
            ]
        },
        {
            "name": "Elbow_R",
            "time": [0.0, 0.15, 0.2833, 0.6333, 0.8, 1.0333, 1.2833, 1.4833],
            "transform": [
                [-1.0, 0.0, 0.0, -0.0, 0.0, 0.735098, -0.677961, 0.3, -0.0, -0.677961, -0.735098, -0.0, 0.0, 0.0, 0.0, 1.0],
                [-1.0, 0.0, 0.0, 0.0, 0.0, 0.735098, -0.677961, 0.3, -0.0, -0.677961, -0.735098, 0.0, 0.0, 0.0, 0.0, 1.0],
                [-1.0, 0.0, 0.0, 0.0, -0.0, 0.152392, -0.98832, 0.3, -0.0, -0.98832, -0.152392, -0.0, 0.0, 0.0, 0.0, 1.0],
                [-1.0, 0.0, 0.0, 0.0, -0.0, 0.141313, -0.989965, 0.3, -0.0, -0.989965, -0.141313, -0.0, 0.0, 0.0, 0.0, 1.0],
                [-1.0, 0.0, 0.0, 0.0, -0.0, 0.141313, -0.989965, 0.3, -0.0, -0.989965, -0.141313, 0.0, 0.0, 0.0, 0.0, 1.0],
                [-1.0, 0.0, 0.0, 0.0, -0.0, 0.141313, -0.989965, 0.3, -0.0, -0.989965, -0.141313, -0.0, 0.0, 0.0, 0.0, 1.0],
                [-1.0, 0.0, -0.0, -0.0, 0.0, 0.141313, -0.989965, 0.3, -0.0, -0.989965, -0.141313, 0.0, 0.0, 0.0, 0.0, 1.0],
                [-1.0, 0.0, -0.0, -0.0, 0.0, 0.141313, -0.989965, 0.3, -0.0, -0.989965, -0.141313, 0.0, 0.0, 0.0, 0.0, 1.0]
            ]
        },
        {
            "name": "Shoulder_L",
            "time": [0.0, 0.15, 0.2833, 0.6333, 0.8, 1.0333, 1.2833, 1.4833],
            "transform": [
                [0.344093, -0.887895, -0.305354, 0.0, 0.10945, -0.285067, 0.952238, 0.4, -0.932534, -0.36108, -0.00091, -0.0, 0.0, 0.0, 0.0, 1.0],
                [0.344093, -0.887895, -0.305355, -0.0, 0.10945, -0.285067, 0.952238, 0.4, -0.932534, -0.36108, -0.00091, -0.0, 0.0, 0.0, 0.0, 1.0],
                [-0.137749, -0.864241, -0.483852, -0.0, -0.15578, -0.463525, 0.872283, 0.4, -0.97814, 0.195531, -0.070781, 0.0, 0.0, 0.0, 0.0, 1.0],
                [-0.150841, -0.860928, -0.485849, 0.0, -0.161451, -0.463419, 0.871307, 0.4, -0.975285, 0.209869, -0.069095, -0.0, 0.0, 0.0, 0.0, 1.0],
                [-0.150841, -0.860928, -0.485849, -0.0, -0.161451, -0.463419, 0.871307, 0.4, -0.975285, 0.209869, -0.069095, 0.0, 0.0, 0.0, 0.0, 1.0],
                [-0.150841, -0.860928, -0.485849, 0.0, -0.161451, -0.463419, 0.871308, 0.4, -0.975285, 0.209869, -0.069095, 0.0, 0.0, 0.0, 0.0, 1.0],
                [-0.150841, -0.860928, -0.485849, 0.0, -0.161451, -0.463419, 0.871307, 0.4, -0.975285, 0.209869, -0.069095, -0.0, 0.0, 0.0, 0.0, 1.0],
                [-0.150841, -0.860928, -0.485849, 0.0, -0.161451, -0.463419, 0.871307, 0.4, -0.975285, 0.209869, -0.069095, -0.0, 0.0, 0.0, 0.0, 1.0]
            ]
        },
        {
            "name": "Arm_L",
            "time": [0.0, 0.15, 0.2833, 0.6333, 0.8, 1.0333, 1.2833, 1.4833],
            "transform": [
                [-0.368059, 0.813727, 0.449868, -0.0, -0.623219, 0.143158, -0.768833, 0.39386, -0.690022, -0.563341, 0.45444, 0.0, 0.0, 0.0, 0.0, 1.0],
                [-0.14974, 0.977676, 0.147406, -0.0, 0.207852, 0.176882, -0.962035, 0.39386, -0.966631, -0.113416, -0.229698, 0.0, 0.0, 0.0, 0.0, 1.0],
                [0.664878, -0.643698, 0.378933, 0.0, 0.150246, 0.612187, 0.776308, 0.39386, -0.731686, -0.459217, 0.503742, -0.0, 0.0, 0.0, 0.0, 1.0],
                [0.695972, -0.623717, 0.355807, 0.0, 0.125229, 0.59334, 0.795151, 0.39386, -0.707065, -0.508846, 0.491056, -0.0, 0.0, 0.0, 0.0, 1.0],
                [0.126244, 0.335228, 0.93364, -0.0, 0.092317, 0.933116, -0.347523, 0.39386, -0.987694, 0.130064, 0.086853, 0.0, 0.0, 0.0, 0.0, 1.0],
                [0.676212, 0.532011, 0.509609, 0.0, -0.302904, 0.831343, -0.465959, 0.39386, -0.671555, 0.160724, 0.723313, -0.0, 0.0, 0.0, 0.0, 1.0],
                [0.778403, 0.242523, 0.579027, 0.0, -0.567746, 0.66554, 0.48448, 0.39386, -0.267868, -0.70586, 0.65575, 0.0, 0.0, 0.0, 0.0, 1.0],
                [0.778403, 0.242523, 0.579027, 0.0, -0.567746, 0.66554, 0.48448, 0.39386, -0.267868, -0.70586, 0.65575, 0.0, 0.0, 0.0, 0.0, 1.0]
            ]
        },
        {
            "name": "Hand_L",
            "time": [0.0, 0.15, 0.2833, 0.6333, 0.8, 1.0333, 1.2833, 1.4833],
            "transform": [
                [1.0, 0.0, 0.0, -0.0, -0.0, 0.579356, -0.815075, 0.3, -0.0, 0.815074, 0.579356, -0.0, 0.0, 0.0, 0.0, 1.0],
                [1.0, 0.0, 0.0, -0.0, -0.0, 0.579356, -0.815075, 0.3, -0.0, 0.815075, 0.579357, -0.0, 0.0, 0.0, 0.0, 1.0],
                [1.0, 0.0, 0.0, -0.0, -0.0, 0.981865, -0.189585, 0.3, -0.0, 0.189585, 0.981865, 0.0, 0.0, 0.0, 0.0, 1.0],
                [1.0, 0.0, 0.0, 0.0, -0.0, 0.982869, -0.184306, 0.3, -0.0, 0.184306, 0.982869, 0.0, 0.0, 0.0, 0.0, 1.0],
                [1.0, 0.0, 0.0, 0.0, 0.0, 0.86133, -0.508047, 0.3, -0.0, 0.508047, 0.86133, -0.0, 0.0, 0.0, 0.0, 1.0],
                [1.0, 0.0, -0.0, 0.0, -0.0, 0.475711, -0.879602, 0.3, -0.0, 0.879602, 0.475711, 0.0, 0.0, 0.0, 0.0, 1.0],
                [1.0, 0.0, 0.0, 0.0, -0.0, 0.982869, -0.184306, 0.3, -0.0, 0.184306, 0.982869, -0.0, 0.0, 0.0, 0.0, 1.0],
                [1.0, 0.0, 0.0, 0.0, -0.0, 0.982869, -0.184306, 0.3, -0.0, 0.184306, 0.982869, -0.0, 0.0, 0.0, 0.0, 1.0]
            ]
        },
        {
            "name": "Tool_L",
            "time": [0.0, 0.15, 0.2833, 0.6333, 0.8, 0.8833, 0.95, 1.0333, 1.1167, 1.1833, 1.2833, 1.4833],
            "transform": [
                [1.0, 0.0, 0.0, -0.0, 0.0, -0.999836, 0.018122, 0.272858, 0.0, -0.018122, -0.999247, -0.0, 0.0, 0.0, 0.0, 1.0],
                [1.0, 0.0, 0.0, -0.0, 0.0, -0.999836, 0.018122, 0.272858, 0.0, -0.018122, -0.999247, -0.0, 0.0, 0.0, 0.0, 1.0],
                [1.0, 0.0, 0.0, -0.0, 0.0, -0.999836, 0.018122, 0.272858, 0.0, -0.018122, -0.999247, -0.0, 0.0, 0.0, 0.0, 1.0],
                [1.0, 0.0, 0.0, 0.0, 0.0, -0.999836, 0.018122, 0.272858, 0.0, -0.018122, -0.999247, -0.0, 0.0, 0.0, 0.0, 1.0],
                [1.0, -0.0, 0.0, 0.002735, 0.0, 0.075588, -0.997139, 0.219261, 0.0, 0.996553, 0.075533, 0.003035, 0.0, 0.0, 0.0, 1.0],
                [1.0, -0.0, -1e-06, 0.002734, -0.0, 0.989153, -0.146889, 0.219261, 1e-06, 0.146813, 0.98857, 0.003035, 0.0, 0.0, 0.0, 1.0],
                [1.0, 1e-06, -0.0, -0.018385, 0.0, -0.07015, 0.997536, 0.367814, 1e-06, -0.996951, -0.070098, 0.071806, 0.0, 0.0, 0.0, 1.0],
                [1.0, 0.0, 1e-06, 0.00312, -0.0, -0.995486, 0.094907, 0.374863, 1e-06, -0.094862, -0.9949, 0.013994, 0.0, 0.0, 0.0, 1.0],
                [1.0, 1e-06, -0.0, -0.018385, 0.0, -0.07015, 0.997536, 0.367814, 1e-06, -0.996951, -0.070098, 0.071806, 0.0, 0.0, 0.0, 1.0],
                [1.0, -0.0, -1e-06, 0.002734, -0.0, 0.989153, -0.146889, 0.219261, 1e-06, 0.146813, 0.98857, 0.003035, 0.0, 0.0, 0.0, 1.0],
                [1.0, 0.0, 0.0, 0.0, -0.0, -0.999836, 0.018122, 0.272858, 0.0, -0.018122, -0.999247, 0.0, 0.0, 0.0, 0.0, 1.0],
                [1.0, 0.0, 0.0, 0.0, -0.0, -0.999836, 0.018122, 0.272858, 0.0, -0.018122, -0.999247, 0.0, 0.0, 0.0, 0.0, 1.0]
            ]
        },
        {
            "name": "Elbow_L",
            "time": [0.0, 0.15, 0.2833, 0.6333, 0.8, 1.0333, 1.2833, 1.4833],
            "transform": [
                [-1.0, 0.0, 0.0, -0.0, 0.0, -0.0, -1.0, 0.3, -0.0, -1.0, -0.0, -0.0, 0.0, 0.0, 0.0, 1.0],
                [-1.0, 0.0, -0.0, -0.0, 0.0, -0.0, -1.0, 0.3, -0.0, -1.0, 0.0, -0.0, 0.0, 0.0, 0.0, 1.0],
                [-1.0, 0.0, -0.0, -0.0, 0.0, -0.0, -1.0, 0.3, -0.0, -1.0, -0.0, 0.0, 0.0, 0.0, 0.0, 1.0],
                [-1.0, 0.0, -0.0, 0.0, 0.0, -0.0, -1.0, 0.3, -0.0, -1.0, -0.0, 0.0, 0.0, 0.0, 0.0, 1.0],
                [-1.0, 0.0, -0.0, 0.0, 0.0, -0.0, -1.0, 0.3, -0.0, -1.0, -0.0, -0.0, 0.0, 0.0, 0.0, 1.0],
                [-1.0, 0.0, -0.0, 0.0, 0.0, -0.0, -1.0, 0.3, -0.0, -1.0, -0.0, 0.0, 0.0, 0.0, 0.0, 1.0],
                [-1.0, 0.0, -0.0, 0.0, -0.0, -0.0, -1.0, 0.3, -0.0, -1.0, -0.0, -0.0, 0.0, 0.0, 0.0, 1.0],
                [-1.0, 0.0, -0.0, 0.0, -0.0, -0.0, -1.0, 0.3, -0.0, -1.0, -0.0, -0.0, 0.0, 0.0, 0.0, 1.0]
            ]
        }
    ]
}