{
    "animation": [
        {
            "name": "Root",
            "time": [0.0, 0.0833, 0.2167, 0.7667, 0.9333, 1.0833, 1.2333, 1.2833, 1.45, 1.6833, 2.1333],
            "transform": [
                [0.802292, -0.030609, -0.596146, 0.001299, -0.580224, -0.274618, -0.766763, 0.271656, -0.140242, 0.961066, -0.238084, 0.807769, 0.0, 0.0, 0.0, 1.0],
                [0.802292, -0.030609, -0.596146, 0.001299, -0.580224, -0.274618, -0.766763, 0.271656, -0.140242, 0.961066, -0.238084, 0.807769, 0.0, 0.0, 0.0, 1.0],
                [0.8231, -0.000915, -0.567896, 0.060237, -0.567895, -0.00363, -0.823093, -2.687479, -0.001308, 0.999993, -0.003508, 0.635228, 0.0, 0.0, 0.0, 1.0],
                [0.811421, -0.061915, -0.581173, 0.036755, -0.583667, -0.1377, -0.800232, -3.250599, -0.030481, 0.988537, -0.147871, 0.705248, 0.0, 0.0, 0.0, 1.0],
                [0.810158, -0.067542, -0.582307, 0.034013, -0.585112, -0.153982, -0.7962, -3.262375, -0.035888, 0.985762, -0.164269, 0.743605, 0.0, 0.0, 0.0, 1.0],
                [0.810158, -0.067542, -0.582307, 0.023276, -0.585112, -0.153982, -0.7962, -3.252675, -0.035888, 0.985762, -0.164269, 0.655446, 0.0, 0.0, 0.0, 1.0],
                [0.80453, 0.054542, 0.591403, 0.044198, 0.590316, -0.182857, -0.786187, -3.281627, 0.065262, 0.981625, -0.179311, 0.709331, 0.0, 0.0, 0.0, 1.0],
                [0.657598, -0.095668, 0.74727, 0.051199, 0.721722, -0.204472, -0.661293, -3.293789, 0.21606, 0.974186, -0.065414, 0.717979, 0.0, 0.0, 0.0, 1.0],
                [0.808618, -0.027385, 0.587697, 0.060482, 0.588199, 0.016205, -0.808554, -3.326689, 0.012619, 0.999494, 0.029211, 0.577668, 0.0, 0.0, 0.0, 1.0],
                [0.808618, -0.027385, 0.587697, 0.060482, 0.588199, 0.016205, -0.808554, -3.326689, 0.012619, 0.999494, 0.029211, 0.577668, 0.0, 0.0, 0.0, 1.0],
                [1.0, 0.0, 0.0, 0.020327, 0.0, 0.0, -1.0, -2.93461, 0.0, 1.0, 0.0, 0.764102, 0.0, 0.0, 0.0, 1.0]
            ]
        },
        {
            "name": "Thigh_R",
            "time": [0.0, 0.0833, 0.2167, 0.7667, 0.9333, 1.0833, 1.2833, 1.45, 1.6833, 2.1333],
            "transform": [
                [0.937995, 0.313883, 0.147111, 0.161049, 0.343215, -0.900498, -0.267027, -0.060999, 0.048658, 0.300961, -0.952394, 0.091665, 0.0, 0.0, 0.0, 1.0],
                [0.937995, 0.313883, 0.147111, 0.161049, 0.343215, -0.900498, -0.267027, -0.060999, 0.048658, 0.300961, -0.952394, 0.091665, 0.0, 0.0, 0.0, 1.0],
                [0.479146, 0.678659, 0.556632, 0.1556, 0.513498, -0.731054, 0.449307, -0.020626, 0.711855, 0.070546, -0.698774, 0.065637, 0.0, 0.0, 0.0, 1.0],
                [0.531657, 0.586262, 0.611257, 0.155138, 0.53351, -0.79234, 0.295909, -0.017208, 0.657804, 0.16879, -0.734032, 0.063433, 0.0, 0.0, 0.0, 1.0],
                [0.55189, 0.574174, 0.604765, 0.153722, 0.535538, -0.79993, 0.270754, -0.059333, 0.63923, 0.174449, -0.748967, 0.122607, 0.0, 0.0, 0.0, 1.0],
                [0.621437, 0.622418, 0.475826, 0.13982, 0.555725, -0.778291, 0.292284, -0.008199, 0.552254, 0.082792, -0.829554, 0.030537, 0.0, 0.0, 0.0, 1.0],
                [0.898349, 0.422987, -0.118535, 0.124994, 0.438152, -0.84345, 0.310823, -0.002831, 0.031496, -0.331162, -0.943048, -1.2e-05, 0.0, 0.0, 0.0, 1.0],
                [0.744112, 0.541289, 0.391538, 0.124994, 0.045675, -0.625935, 0.778536, -0.002831, 0.666492, -0.561433, -0.49049, -1.2e-05, 0.0, 0.0, 0.0, 1.0],
                [0.744112, 0.541289, 0.391538, 0.124994, 0.045675, -0.625935, 0.778536, -0.002831, 0.666492, -0.561433, -0.49049, -1.2e-05, 0.0, 0.0, 0.0, 1.0],
                [0.973736, 0.084118, 0.211568, 0.124994, 0.051884, -0.986777, 0.153544, -0.002831, 0.221686, -0.138534, -0.965227, -1.2e-05, 0.0, 0.0, 0.0, 1.0]
            ]
        },
        {
            "name": "Leg_R",
            "time": [0.0, 0.0833, 0.2167, 0.7667, 0.9333, 1.0833, 1.2833, 1.45, 1.6833, 2.1333],
            "transform": [
                [1.0, -0.0, 1e-06, 0.0, -0.0, 0.898482, 0.439012, 0.37472, -1e-06, -0.439012, 0.898481, -0.0, 0.0, 0.0, 0.0, 1.0],
                [1.0, -0.0, 1e-06, 0.0, -0.0, 0.898482, 0.439012, 0.37472, -1e-06, -0.439012, 0.898481, -0.0, 0.0, 0.0, 0.0, 1.0],
                [1.0, 0.0, 1e-06, 0.0, -0.0, 0.898482, 0.439012, 0.37472, -1e-06, -0.439012, 0.898481, -0.0, 0.0, 0.0, 0.0, 1.0],
                [1.0, 0.0, 1e-06, 0.0, -0.0, 0.898482, 0.439012, 0.37472, -1e-06, -0.439012, 0.89848, 0.0, 0.0, 0.0, 0.0, 1.0],
                [1.0, 0.0, 1e-06, 0.0, -0.0, 0.898482, 0.439012, 0.37472, -1e-06, -0.439012, 0.898481, -0.0, 0.0, 0.0, 0.0, 1.0],
                [1.0, 0.0, 1e-06, 0.0, -0.0, 0.882702, 0.469934, 0.37472, -1e-06, -0.469935, 0.8827, 0.0, 0.0, 0.0, 0.0, 1.0],
                [0.999988, 0.004837, -0.000806, -0.0, -0.00231, 0.609535, 0.792756, 0.37472, 0.004326, -0.792746, 0.609538, 0.0, 0.0, 0.0, 0.0, 1.0],
                [1.0, -0.0, 1e-06, 0.0, -0.0, 0.865858, 0.500291, 0.37472, -1e-06, -0.500292, 0.865856, 0.0, 0.0, 0.0, 0.0, 1.0],
                [1.0, -0.0, 1e-06, 0.0, -0.0, 0.865858, 0.500291, 0.37472, -1e-06, -0.500292, 0.865856, 0.0, 0.0, 0.0, 0.0, 1.0],
                [1.0, 0.0, 1e-06, 0.0, -0.0, 0.984472, 0.175547, 0.37472, -1e-06, -0.175547, 0.98447, -0.0, 0.0, 0.0, 0.0, 1.0]
            ]
        },
        {
            "name": "Knee_R",
            "time": [0.0, 0.0833, 0.2167, 0.7667, 0.9333, 1.0833, 1.45, 1.6833, 2.1333],
            "transform": [
                [1.0, 0.0, -0.0, 0.0, -0.0, 1e-06, -1.0, 0.383077, -0.0, 1.0, 1e-06, -0.001653, 0.0, 0.0, 0.0, 1.0],
                [1.0, 0.0, -0.0, 0.0, -0.0, 1e-06, -1.0, 0.383077, -0.0, 1.0, 1e-06, -0.001653, 0.0, 0.0, 0.0, 1.0],
                [1.0, 0.0, -0.0, 0.0, -0.0, 1e-06, -1.0, 0.383077, -0.0, 1.0, 1e-06, -0.001653, 0.0, 0.0, 0.0, 1.0],
                [1.0, 0.0, -0.0, 0.0, -0.0, 1e-06, -1.0, 0.383077, -0.0, 1.0, 1e-06, -0.001653, 0.0, 0.0, 0.0, 1.0],
                [1.0, 0.0, -0.0, -0.0, -0.0, 1e-06, -1.0, 0.383077, -0.0, 1.0, 1e-06, -0.001653, 0.0, 0.0, 0.0, 1.0],
                [1.0, 0.0, -0.0, 0.0, -0.0, 1e-06, -1.0, 0.383077, -0.0, 1.0, 1e-06, -0.001653, 0.0, 0.0, 0.0, 1.0],
                [1.0, 0.0, -0.0, 0.0, -0.0, 1e-06, -1.0, 0.383077, -0.0, 1.0, 1e-06, -0.001653, 0.0, 0.0, 0.0, 1.0],
                [1.0, 0.0, -0.0, 0.0, -0.0, 1e-06, -1.0, 0.383077, -0.0, 1.0, 1e-06, -0.001653, 0.0, 0.0, 0.0, 1.0],
                [1.0, 0.0, -0.0, 0.0, -0.0, 1e-06, -1.0, 0.383077, -0.0, 1.0, 1e-06, -0.001654, 0.0, 0.0, 0.0, 1.0]
            ]
        },
        {
            "name": "Thigh_L",
            "time": [0.0, 0.0833, 0.2167, 0.7667, 0.9333, 1.0833, 1.2333, 1.45, 1.6833, 2.1333],
            "transform": [
                [0.95515, -0.169116, -0.243078, -0.127061, -0.059939, -0.914299, 0.400579, 0.02219, -0.28999, -0.368043, -0.88343, -0.042119, 0.0, 0.0, 0.0, 1.0],
                [0.95515, -0.169116, -0.243078, -0.127061, -0.059939, -0.914299, 0.400579, 0.02219, -0.28999, -0.368043, -0.88343, -0.042119, 0.0, 0.0, 0.0, 1.0],
                [0.958924, -0.279563, -0.048046, -0.175425, -0.177914, -0.724674, 0.665728, 0.016382, -0.220931, -0.629835, -0.744646, -0.16302, 0.0, 0.0, 0.0, 1.0],
                [0.94557, -0.279521, -0.166624, -0.187105, -0.21619, -0.922299, 0.320353, -0.042145, -0.243223, -0.266894, -0.932529, -0.137185, 0.0, 0.0, 0.0, 1.0],
                [0.943135, -0.279569, -0.179823, -0.20135, -0.224611, -0.93477, 0.275237, -0.077977, -0.245041, -0.219195, -0.944408, -0.156222, 0.0, 0.0, 0.0, 1.0],
                [0.946355, -0.301774, -0.115511, -0.156105, -0.23981, -0.895528, 0.374862, -0.025153, -0.216567, -0.327052, -0.919856, -0.049686, 0.0, 0.0, 0.0, 1.0],
                [0.930798, -0.303063, -0.204368, -0.125006, -0.330671, -0.936413, -0.117417, -0.002831, -0.155788, 0.176871, -0.971826, -1.2e-05, 0.0, 0.0, 0.0, 1.0],
                [0.905108, -0.400725, -0.14212, -0.186061, -0.423727, -0.877745, -0.223651, 0.047032, -0.035123, 0.262649, -0.964252, -0.05151, 0.0, 0.0, 0.0, 1.0],
                [0.905108, -0.400725, -0.14212, -0.186061, -0.423727, -0.877745, -0.223651, 0.047032, -0.035123, 0.262649, -0.964252, -0.05151, 0.0, 0.0, 0.0, 1.0],
                [0.95515, -0.069461, -0.287858, -0.125006, -0.059939, -0.997328, 0.041774, -0.002831, -0.28999, -0.022646, -0.956761, -1.2e-05, 0.0, 0.0, 0.0, 1.0]
            ]
        },
        {
            "name": "Leg_L",
            "time": [0.0, 0.0833, 0.2167, 0.7667, 0.9333, 1.0833, 1.45, 1.6833, 2.1333],
            "transform": [
                [1.0, -1e-06, 1e-06, 0.0, -0.0, 0.646396, 0.763002, 0.37472, -1e-06, -0.763002, 0.646396, -0.0, 0.0, 0.0, 0.0, 1.0],
                [1.0, -1e-06, 1e-06, 0.0, -0.0, 0.646396, 0.763002, 0.37472, -1e-06, -0.763002, 0.646396, -0.0, 0.0, 0.0, 0.0, 1.0],
                [1.0, -1e-06, 1e-06, 0.0, -0.0, 0.476044, 0.879422, 0.37472, -1e-06, -0.879421, 0.476044, -0.0, 0.0, 0.0, 0.0, 1.0],
                [1.0, -0.0, 1e-06, -0.0, -0.0, 0.918819, 0.394679, 0.37472, -1e-06, -0.394679, 0.918819, -0.0, 0.0, 0.0, 0.0, 1.0],
                [1.0, -0.0, 1e-06, 0.0, -0.0, 0.946735, 0.322012, 0.37472, -1e-06, -0.322012, 0.946736, -0.0, 0.0, 0.0, 0.0, 1.0],
                [1.0, -0.0, 1e-06, -0.0, -0.0, 0.896017, 0.44402, 0.37472, -1e-06, -0.44402, 0.896017, -0.0, 0.0, 0.0, 0.0, 1.0],
                [1.0, 0.0, 1e-06, -0.0, -0.0, 0.996194, 0.087156, 0.37472, -1e-06, -0.087156, 0.996195, 0.0, 0.0, 0.0, 0.0, 1.0],
                [1.0, 0.0, 1e-06, -0.0, -0.0, 0.996194, 0.087156, 0.37472, -1e-06, -0.087156, 0.996195, 0.0, 0.0, 0.0, 0.0, 1.0],
                [1.0, 0.0, 1e-06, -0.0, -0.0, 0.996194, 0.087156, 0.37472, -1e-06, -0.087156, 0.996195, -0.0, 0.0, 0.0, 0.0, 1.0]
            ]
        },
        {
            "name": "Knee_L",
            "time": [0.0, 0.0833, 0.2167, 0.7667, 0.9333, 1.0833, 1.45, 1.6833, 2.1333],
            "transform": [
                [1.0, 0.0, -0.0, 0.0, -0.0, 1e-06, -1.0, 0.37472, -0.0, 1.0, 1e-06, -0.0, 0.0, 0.0, 0.0, 1.0],
                [1.0, 0.0, -0.0, 0.0, -0.0, 1e-06, -1.0, 0.37472, -0.0, 1.0, 1e-06, -0.0, 0.0, 0.0, 0.0, 1.0],
                [1.0, 0.0, -0.0, 0.0, -0.0, 1e-06, -1.0, 0.37472, -0.0, 1.0, 1e-06, -0.0, 0.0, 0.0, 0.0, 1.0],
                [1.0, 0.0, -0.0, -0.0, -0.0, 1e-06, -1.0, 0.37472, -0.0, 1.0, 1e-06, -0.0, 0.0, 0.0, 0.0, 1.0],
                [1.0, 0.0, -0.0, 0.0, -0.0, 1e-06, -1.0, 0.37472, -0.0, 1.0, 1e-06, -0.0, 0.0, 0.0, 0.0, 1.0],
                [1.0, 0.0, -0.0, -0.0, -0.0, 1e-06, -1.0, 0.37472, -0.0, 1.0, 1e-06, -0.0, 0.0, 0.0, 0.0, 1.0],
                [1.0, 0.0, -0.0, -0.0, -0.0, 1e-06, -1.0, 0.37472, -0.0, 1.0, 1e-06, 0.0, 0.0, 0.0, 0.0, 1.0],
                [1.0, 0.0, -0.0, -0.0, -0.0, 1e-06, -1.0, 0.37472, -0.0, 1.0, 1e-06, 0.0, 0.0, 0.0, 0.0, 1.0],
                [1.0, 0.0, -0.0, -0.0, -0.0, 1e-06, -1.0, 0.37472, -0.0, 1.0, 1e-06, -0.0, 0.0, 0.0, 0.0, 1.0]
            ]
        },
        {
            "name": "Torso",
            "time": [0.0, 0.0833, 0.2167, 0.7667, 0.9333, 1.0833, 1.45, 1.6833, 2.1333],
            "transform": [
                [0.932382, -0.0, -0.361475, -0.0, 0.0, 1.0, 0.0, 0.05, 0.361475, -0.0, 0.932382, 0.0, 0.0, 0.0, 0.0, 1.0],
                [0.932382, -0.0, -0.361475, -0.0, 0.0, 1.0, 0.0, 0.05, 0.361475, -0.0, 0.932382, 0.0, 0.0, 0.0, 0.0, 1.0],
                [0.910776, -0.018497, -0.412485, 0.0, 0.198602, 0.895469, 0.398362, 0.05, 0.361999, -0.444739, 0.819246, -0.0, 0.0, 0.0, 0.0, 1.0],
                [0.908844, 0.01025, -0.41701, 0.0, 0.138996, 0.935125, 0.325916, 0.05, 0.393297, -0.35417, 0.848458, -0.0, 0.0, 0.0, 0.0, 1.0],
                [0.910109, 0.002842, -0.414359, 0.0, 0.110451, 0.962134, 0.249196, 0.05, 0.399377, -0.272562, 0.875333, 0.0, 0.0, 0.0, 0.0, 1.0],
                [0.945316, -0.006144, -0.326097, 0.0, 0.068319, 0.981372, 0.179561, 0.05, 0.318919, -0.19202, 0.928127, -0.0, 0.0, 0.0, 0.0, 1.0],
                [0.996512, -0.0, 0.083446, -0.0, -0.0, 1.0, 0.0, 0.05, -0.083446, -0.0, 0.996512, 0.0, 0.0, 0.0, 0.0, 1.0],
                [0.996512, -0.0, 0.083446, -0.0, -0.0, 1.0, 0.0, 0.05, -0.083446, -0.0, 0.996512, 0.0, 0.0, 0.0, 0.0, 1.0],
                [0.996512, 0.0, 0.083446, 0.0, 0.0, 1.0, 0.0, 0.05, -0.083446, 0.0, 0.996512, 0.0, 0.0, 0.0, 0.0, 1.0]
            ]
        },
        {
            "name": "Chest",
            "time": [0.0, 0.0833, 0.2167, 0.7667, 0.9333, 1.0833, 1.15, 1.3833, 1.45, 1.6833, 1.8333, 2.1333],
            "transform": [
                [0.834778, -0.052365, 0.54809, -0.0, -0.020938, 0.991728, 0.126642, 0.3, -0.550188, -0.117194, 0.826776, -0.0, 0.0, 0.0, 0.0, 1.0],
                [0.834778, -0.052365, 0.54809, -0.0, -0.020938, 0.991728, 0.126642, 0.3, -0.550188, -0.117194, 0.826776, -0.0, 0.0, 0.0, 0.0, 1.0],
                [0.834778, -0.170126, 0.523643, 0.0, -0.020938, 0.940568, 0.33896, 0.3, -0.550188, -0.29392, 0.781604, 0.0, 0.0, 0.0, 0.0, 1.0],
                [0.832982, -0.152516, 0.531865, -0.0, -0.012339, 0.955899, 0.293436, 0.3, -0.553162, -0.25099, 0.794365, 0.0, 0.0, 0.0, 0.0, 1.0],
                [0.828017, 0.112562, 0.549288, 0.0, 0.002548, 0.978876, -0.204436, 0.3, -0.560697, 0.170676, 0.81024, 0.0, 0.0, 0.0, 0.0, 1.0],
                [0.986397, -0.020947, 0.163039, -0.0, -0.016433, 0.974313, 0.224598, 0.3, -0.163556, -0.224222, 0.960716, 0.0, 0.0, 0.0, 0.0, 1.0],
                [0.997671, -0.065612, 0.01866, 0.0, 0.060152, 0.97521, 0.212949, 0.3, -0.03217, -0.211331, 0.976885, -0.0, 0.0, 0.0, 0.0, 1.0],
                [0.973232, -0.005251, 0.229763, -0.0, -0.0174, 0.995186, 0.096449, 0.3, -0.229164, -0.097865, 0.968456, -0.0, 0.0, 0.0, 0.0, 1.0],
                [0.973232, -0.005251, 0.229763, 0.0, -0.0174, 0.995186, 0.096449, 0.3, -0.229164, -0.097865, 0.968456, -0.0, 0.0, 0.0, 0.0, 1.0],
                [0.973232, -0.005251, 0.229763, 0.0, -0.0174, 0.995186, 0.096449, 0.3, -0.229164, -0.097865, 0.968456, -0.0, 0.0, 0.0, 0.0, 1.0],
                [0.973232, 0.052282, 0.223797, -0.0, -0.0174, 0.987748, -0.155084, 0.3, -0.229164, 0.147039, 0.962218, -0.0, 0.0, 0.0, 0.0, 1.0],
                [0.996909, 0.004476, -0.078441, 0.0, 0.0, 0.998376, 0.056972, 0.3, 0.078568, -0.056796, 0.99529, 0.0, 0.0, 0.0, 0.0, 1.0]
            ]
        },
        {
            "name": "Head",
            "time": [0.0, 0.0833, 0.2167, 0.7667, 0.9333, 1.0833, 1.15, 1.2333, 1.45, 1.6833, 2.1333],
            "transform": [
                [1.0, -0.0, -0.0, -0.0, -0.0, 0.975195, 0.221346, 0.4, 0.0, -0.221346, 0.975195, -0.0, 0.0, 0.0, 0.0, 1.0],
                [1.0, -0.0, -0.0, -0.0, -0.0, 0.975195, 0.221346, 0.4, 0.0, -0.221346, 0.975195, -0.0, 0.0, 0.0, 0.0, 1.0],
                [0.901495, -0.10579, 0.41966, 0.0, 0.268884, 0.896722, -0.351555, 0.4, -0.339127, 0.429766, 0.836836, -0.0, 0.0, 0.0, 0.0, 1.0],
                [0.94271, 0.058398, 0.328462, -0.0, -0.021866, 0.993259, -0.113835, 0.4, -0.332896, 0.100131, 0.937632, 0.0, 0.0, 0.0, 0.0, 1.0],
                [0.956882, -0.165476, 0.238734, 0.0, 0.116397, 0.971435, 0.206801, 0.4, -0.266135, -0.170096, 0.94881, -0.0, 0.0, 0.0, 0.0, 1.0],
                [0.982985, 0.037759, -0.179766, 0.0, -0.042477, 0.998845, -0.022467, 0.4, 0.17871, 0.029721, 0.983453, 0.0, 0.0, 0.0, 0.0, 1.0],
                [0.956472, -0.040275, 0.289031, -0.0, -0.01094, 0.984786, 0.173427, 0.4, -0.291618, -0.16904, 0.94148, 0.0, 0.0, 0.0, 0.0, 1.0],
                [0.720947, 0.0, -0.69299, -0.0, -0.017011, 0.999699, -0.017698, 0.4, 0.692781, 0.024548, 0.72073, -0.0, 0.0, 0.0, 0.0, 1.0],
                [0.602694, 0.0, -0.797972, -0.0, -0.019589, 0.999699, -0.014795, 0.4, 0.797732, 0.024548, 0.602512, -0.0, 0.0, 0.0, 0.0, 1.0],
                [0.602694, 0.0, -0.797972, -0.0, -0.019589, 0.999699, -0.014795, 0.4, 0.797732, 0.024548, 0.602512, -0.0, 0.0, 0.0, 0.0, 1.0],
                [1.0, -0.0, 0.0, 0.0, -0.0, 0.999699, -0.024548, 0.4, 0.0, 0.024548, 0.999699, -0.0, 0.0, 0.0, 0.0, 1.0]
            ]
        },
        {
            "name": "Shoulder_R",
            "time": [0.0, 0.0833, 0.2167, 0.7667, 0.9333, 1.0833, 1.2333, 1.45, 1.6833, 1.8333, 2.1333],
            "transform": [
                [0.64959, 0.69593, 0.306128, -0.0, -0.209586, -0.223134, 0.95199, 0.4, 0.730826, -0.682563, 0.000911, -0.0, 0.0, 0.0, 0.0, 1.0],
                [0.64959, 0.69593, 0.306128, -0.0, -0.209586, -0.223134, 0.95199, 0.4, 0.730826, -0.682563, 0.000911, -0.0, 0.0, 0.0, 0.0, 1.0],
                [-0.026363, 0.951625, 0.306128, 0.0, 0.007521, -0.306037, 0.95199, 0.4, 0.999624, 0.0274, 0.000911, -0.0, 0.0, 0.0, 0.0, 1.0],
                [-0.126295, 0.943576, 0.306128, -0.0, 0.039657, -0.303549, 0.95199, 0.4, 0.9912, 0.132372, 0.000917, 0.0, 0.0, 0.0, 0.0, 1.0],
                [-0.127116, 0.943465, 0.306128, 0.0, 0.039927, -0.303514, 0.95199, 0.4, 0.991084, 0.133236, 0.000911, -0.0, 0.0, 0.0, 0.0, 1.0],
                [-0.11598, 0.944899, 0.306128, 0.0, 0.036345, -0.303964, 0.95199, 0.4, 0.992586, 0.121538, 0.000911, 0.0, 0.0, 0.0, 0.0, 1.0],
                [0.719782, 0.623056, 0.306128, -0.0, -0.232084, -0.19963, 0.95199, 0.4, 0.654256, -0.756273, 0.000911, -0.0, 0.0, 0.0, 0.0, 1.0],
                [0.719782, 0.623056, 0.306128, -0.0, -0.232084, -0.19963, 0.95199, 0.4, 0.654256, -0.756272, 0.000911, -0.0, 0.0, 0.0, 0.0, 1.0],
                [0.719782, 0.623056, 0.306128, -0.0, -0.232084, -0.19963, 0.95199, 0.4, 0.654256, -0.756272, 0.000911, -0.0, 0.0, 0.0, 0.0, 1.0],
                [-0.00926, 0.951945, 0.306128, 0.0, 0.00202, -0.306123, 0.95199, 0.4, 0.999955, 0.009434, 0.000911, 0.0, 0.0, 0.0, 0.0, 1.0],
                [-0.004613, 0.951979, 0.306128, 0.0, 0.000526, -0.306129, 0.95199, 0.4, 0.999989, 0.004553, 0.000911, -0.0, 0.0, 0.0, 0.0, 1.0]
            ]
        },
        {
            "name": "Arm_R",
            "time": [0.0, 0.0833, 0.2167, 0.7667, 0.9333, 1.0833, 1.15, 1.2333, 1.45, 1.6833, 1.8667, 2.1333],
            "transform": [
                [0.388616, -0.815749, -0.428405, -0.0, 0.832908, 0.509834, -0.215252, 0.39386, 0.394007, -0.273172, 0.877574, -0.0, 0.0, 0.0, 0.0, 1.0],
                [0.388616, -0.815749, -0.428405, -0.0, 0.832908, 0.509834, -0.215252, 0.39386, 0.394007, -0.273172, 0.877574, -0.0, 0.0, 0.0, 0.0, 1.0],
                [0.536676, -0.103409, -0.837428, 0.0, 0.629912, 0.709439, 0.316082, 0.393861, 0.561418, -0.697139, 0.445878, 0.0, 0.0, 0.0, 0.0, 1.0],
                [0.486573, -0.230843, -0.84259, 0.0, 0.745526, 0.612515, 0.262711, 0.393861, 0.455454, -0.756001, 0.470133, -0.0, 0.0, 0.0, 0.0, 1.0],
                [-0.413907, -0.473681, -0.777372, 0.0, 0.108548, 0.822181, -0.558781, 0.393861, 0.903824, -0.315665, -0.288889, 0.0, 0.0, 0.0, 0.0, 1.0],
                [-0.394768, 0.329714, -0.857582, 0.0, 0.618428, 0.785649, 0.017379, 0.39386, 0.679488, -0.523492, -0.514053, 0.0, 0.0, 0.0, 0.0, 1.0],
                [-0.402361, 0.208252, -0.89148, -0.0, 0.567139, 0.82112, -0.064157, 0.39386, 0.718651, -0.531407, -0.448494, -0.0, 0.0, 0.0, 0.0, 1.0],
                [-0.6045, -0.280102, -0.745736, 0.0, 0.781155, -0.024955, -0.623838, 0.39386, 0.156128, -0.959646, 0.233888, 0.0, 0.0, 0.0, 0.0, 1.0],
                [-0.6045, -0.173779, -0.777419, -0.0, 0.781155, 0.061958, -0.621255, 0.39386, 0.156128, -0.982834, 0.098295, -0.0, 0.0, 0.0, 0.0, 1.0],
                [-0.6045, -0.173779, -0.777419, -0.0, 0.781155, 0.061958, -0.621255, 0.39386, 0.156128, -0.982834, 0.098295, -0.0, 0.0, 0.0, 0.0, 1.0],
                [-0.814561, -0.566438, -0.125052, -0.0, -0.320246, 0.618872, -0.717245, 0.39386, 0.483666, -0.544192, -0.685508, -0.0, 0.0, 0.0, 0.0, 1.0],
                [0.101348, -0.728137, -0.677897, 0.0, 0.953637, 0.265202, -0.142285, 0.393861, 0.283383, -0.632047, 0.721256, 0.0, 0.0, 0.0, 0.0, 1.0]
            ]
        },
        {
            "name": "Hand_R",
            "time": [0.0, 0.0833, 0.2167, 0.7667, 0.9333, 1.0833, 1.2333, 1.45, 1.6833, 1.8667, 2.1333],
            "transform": [
                [1.0, -0.0, -0.0, -0.0, -0.0, 0.763688, -0.645586, 0.3, 0.0, 0.645586, 0.763688, 0.0, 0.0, 0.0, 0.0, 1.0],
                [1.0, -0.0, -0.0, -0.0, -0.0, 0.763688, -0.645586, 0.3, 0.0, 0.645586, 0.763688, 0.0, 0.0, 0.0, 0.0, 1.0],
                [1.0, -0.0, -0.0, 0.0, -0.0, 0.999935, -0.011378, 0.3, 0.0, 0.011378, 0.999935, -0.0, 0.0, 0.0, 0.0, 1.0],
                [1.0, -0.0, -0.0, 0.0, 0.0, 0.999341, -0.036293, 0.3, 0.0, 0.036293, 0.999341, 0.0, 0.0, 0.0, 0.0, 1.0],
                [1.0, -0.0, -0.0, 0.0, 0.0, 0.981739, -0.190232, 0.3, 0.0, 0.190232, 0.981739, 0.0, 0.0, 0.0, 0.0, 1.0],
                [1.0, -0.0, -0.0, -0.0, 0.0, 0.963097, -0.269153, 0.3, 0.0, 0.269153, 0.963097, -0.0, 0.0, 0.0, 0.0, 1.0],
                [1.0, -0.0, -0.0, 0.0, 0.0, 0.940278, -0.340408, 0.3, 0.0, 0.340408, 0.940278, 0.0, 0.0, 0.0, 0.0, 1.0],
                [1.0, -0.0, -0.0, 0.0, 0.0, 0.940278, -0.340408, 0.3, 0.0, 0.340408, 0.940278, 0.0, 0.0, 0.0, 0.0, 1.0],
                [1.0, -0.0, -0.0, 0.0, 0.0, 0.940278, -0.340408, 0.3, 0.0, 0.340408, 0.940278, 0.0, 0.0, 0.0, 0.0, 1.0],
                [1.0, -0.0, -0.0, 0.0, 0.0, 0.94013, -0.340815, 0.3, 0.0, 0.340815, 0.94013, 0.0, 0.0, 0.0, 0.0, 1.0],
                [1.0, -0.0, 0.0, 0.0, 0.0, -0.293999, -0.955806, 0.3, 0.0, 0.955806, -0.293998, 0.0, 0.0, 0.0, 0.0, 1.0]
            ]
        },
        {
            "name": "Tool_R",
            "time": [0.0, 0.0833, 0.2167, 0.7667, 0.9333, 1.0167, 1.0833, 1.15, 1.35, 1.45, 1.6833, 1.7667, 2.1333],
            "transform": [
                [1.0, 0.0, 0.0, 0.0, 0.0, -0.999836, 0.018122, 0.272858, 0.0, -0.018122, -0.999244, -0.0, 0.0, 0.0, 0.0, 1.0],
                [1.0, 0.0, 0.0, 0.0, 0.0, -0.999836, 0.018122, 0.272858, 0.0, -0.018122, -0.999244, -0.0, 0.0, 0.0, 0.0, 1.0],
                [1.0, -0.0, 0.0, 0.0, 0.0, -0.999836, 0.018122, 0.272858, 0.0, -0.018122, -0.999244, 0.0, 0.0, 0.0, 0.0, 1.0],
                [1.0, 0.0, 0.0, 0.0, 0.0, -0.999836, 0.018122, 0.272858, 0.0, -0.018122, -0.999244, -0.0, 0.0, 0.0, 0.0, 1.0],
                [1.0, 0.0, 0.0, 0.0, 0.0, -0.999836, 0.018122, 0.272858, 0.0, -0.018122, -0.999244, 0.0, 0.0, 0.0, 0.0, 1.0],
                [1.0, -0.0, 0.0, 0.0, 0.0, -0.07857, -0.996909, 0.272858, 0.0, 0.996318, -0.078534, 0.0, 0.0, 0.0, 0.0, 1.0],
                [1.0, 0.0, -0.0, 0.0, -0.0, 0.993676, 0.112289, 0.272858, 0.0, -0.112212, 0.993089, -0.0, 0.0, 0.0, 0.0, 1.0],
                [1.0, -0.0, 0.0, -0.0, -0.0, -0.183466, 0.983026, 0.272858, -0.0, -0.982446, -0.183347, -0.0, 0.0, 0.0, 0.0, 1.0],
                [1.0, -0.0, -0.0, 0.0, -0.0, -0.996986, 0.077579, 0.272858, -0.0, -0.077544, -0.996395, -0.0, 0.0, 0.0, 0.0, 1.0],
                [1.0, -0.0, -0.0, 0.0, -0.0, -0.996986, 0.077579, 0.272858, -0.0, -0.077544, -0.996395, -0.0, 0.0, 0.0, 0.0, 1.0],
                [1.0, -0.0, -0.0, 0.0, -0.0, -0.996986, 0.077579, 0.272858, -0.0, -0.077544, -0.996395, -0.0, 0.0, 0.0, 0.0, 1.0],
                [1.0, -0.0, 0.0, -0.0, -0.0, -0.601936, 0.798545, 0.272858, -0.0, -0.798078, -0.601571, 0.0, 0.0, 0.0, 0.0, 1.0],
                [1.0, 0.0, 0.0, -0.0, 0.0, -0.999836, 0.018122, 0.272858, 0.0, -0.018122, -0.999244, 0.0, 0.0, 0.0, 0.0, 1.0]
            ]
        },
        {
            "name": "Elbow_R",
            "time": [0.0, 0.0833, 0.2167, 0.7667, 0.9333, 1.0833, 1.45, 1.6833, 2.1333],
            "transform": [
                [-1.0, 0.0, 0.0, -0.0, 0.0, 0.735098, -0.677961, 0.3, -0.0, -0.677961, -0.735098, 0.0, 0.0, 0.0, 0.0, 1.0],
                [-1.0, 0.0, 0.0, -0.0, 0.0, 0.735098, -0.677961, 0.3, -0.0, -0.677961, -0.735098, 0.0, 0.0, 0.0, 0.0, 1.0],
                [-1.0, 0.0, 0.0, 0.0, 0.0, 0.115609, -0.993295, 0.3, -0.0, -0.993295, -0.115609, -0.0, 0.0, 0.0, 0.0, 1.0],
                [-1.0, 0.0, 0.0, 0.0, 0.0, 0.019402, -0.999812, 0.3, -0.0, -0.999812, -0.019402, 0.0, 0.0, 0.0, 0.0, 1.0],
                [-1.0, 0.0, 0.0, 0.0, 0.0, 0.018603, -0.999827, 0.3, -0.0, -0.999827, -0.018603, 0.0, 0.0, 0.0, 0.0, 1.0],
                [-1.0, 0.0, 0.0, -0.0, 0.0, 0.339179, -0.940722, 0.3, -0.0, -0.940722, -0.339179, -0.0, 0.0, 0.0, 0.0, 1.0],
                [-1.0, 0.0, -0.0, 0.0, 0.0, 0.339179, -0.940722, 0.3, -0.0, -0.940722, -0.339179, 0.0, 0.0, 0.0, 0.0, 1.0],
                [-1.0, 0.0, -0.0, 0.0, 0.0, 0.339179, -0.940722, 0.3, -0.0, -0.940722, -0.339179, 0.0, 0.0, 0.0, 0.0, 1.0],
                [-1.0, 0.0, 0.0, 0.0, 0.0, 0.735098, -0.677961, 0.3, -0.0, -0.677961, -0.735098, 0.0, 0.0, 0.0, 0.0, 1.0]
            ]
        },
        {
            "name": "Shoulder_L",
            "time": [0.0, 0.0833, 0.2167, 0.7667, 0.9333, 1.0833, 1.2333, 1.45, 1.6833, 2.1333],
            "transform": [
                [0.004613, -0.952228, -0.305355, -0.0, 0.000524, -0.305355, 0.952238, 0.4, -0.999989, -0.004553, -0.00091, -0.0, 0.0, 0.0, 0.0, 1.0],
                [0.004613, -0.952228, -0.305355, -0.0, 0.000524, -0.305355, 0.952238, 0.4, -0.999989, -0.004553, -0.00091, -0.0, 0.0, 0.0, 0.0, 1.0],
                [0.004613, -0.952227, -0.305355, 0.0, 0.000524, -0.305355, 0.952238, 0.4, -0.999989, -0.004553, -0.000909, -0.0, 0.0, 0.0, 0.0, 1.0],
                [0.004613, -0.952227, -0.305355, -0.0, 0.000524, -0.305355, 0.952238, 0.4, -0.999989, -0.004553, -0.00091, 0.0, 0.0, 0.0, 0.0, 1.0],
                [0.004613, -0.952228, -0.305355, 0.0, 0.000524, -0.305355, 0.952238, 0.4, -0.999989, -0.004553, -0.00091, -0.0, 0.0, 0.0, 0.0, 1.0],
                [0.262008, -0.902713, -0.341264, 0.0, 0.099471, -0.326474, 0.939958, 0.4, -0.959926, -0.280222, 0.004255, 0.0, 0.0, 0.0, 0.0, 1.0],
                [0.495208, -0.782884, -0.376644, -0.0, 0.200202, -0.319032, 0.926357, 0.4, -0.845392, -0.534145, -0.001252, -0.0, 0.0, 0.0, 0.0, 1.0],
                [0.495208, -0.782884, -0.376644, -0.0, 0.200202, -0.319032, 0.926357, 0.4, -0.845392, -0.534145, -0.001252, -0.0, 0.0, 0.0, 0.0, 1.0],
                [0.495208, -0.782884, -0.376644, -0.0, 0.200202, -0.319032, 0.926357, 0.4, -0.845392, -0.534145, -0.001252, -0.0, 0.0, 0.0, 0.0, 1.0],
                [0.004613, -0.952228, -0.305355, 0.0, 0.000524, -0.305355, 0.952238, 0.4, -0.999989, -0.004553, -0.00091, -0.0, 0.0, 0.0, 0.0, 1.0]
            ]
        },
        {
            "name": "Arm_L",
            "time": [0.0, 0.0833, 0.2167, 0.7667, 0.9333, 1.0833, 1.15, 1.2333, 1.45, 1.6833, 1.7667, 2.1333],
            "transform": [
                [0.337981, 0.924415, 0.176707, 0.0, -0.891463, 0.374645, -0.254824, 0.39386, -0.301766, -0.071402, 0.950704, -0.0, 0.0, 0.0, 0.0, 1.0],
                [0.337981, 0.924415, 0.176707, 0.0, -0.891463, 0.374645, -0.254824, 0.39386, -0.301766, -0.071402, 0.950704, -0.0, 0.0, 0.0, 0.0, 1.0],
                [0.793675, 0.441157, 0.41888, 0.0, -0.586074, 0.739082, 0.332077, 0.39386, -0.163088, -0.509055, 0.845142, -0.0, 0.0, 0.0, 0.0, 1.0],
                [0.817535, 0.25954, 0.514078, -0.0, -0.561369, 0.558295, 0.610878, 0.39386, -0.12846, -0.788001, 0.602123, -0.0, 0.0, 0.0, 0.0, 1.0],
                [-0.375476, -0.536903, 0.755482, 0.0, -0.330594, 0.839089, 0.432014, 0.39386, -0.865867, -0.087547, -0.492555, 0.0, 0.0, 0.0, 0.0, 1.0],
                [-0.376043, -0.731217, 0.569134, -0.0, -0.29914, 0.677129, 0.672318, 0.39386, -0.876987, 0.08257, -0.473366, -0.0, 0.0, 0.0, 0.0, 1.0],
                [-0.087297, -0.1681, 0.981897, 0.0, -0.043024, 0.985376, 0.164871, 0.393861, -0.995253, -0.027852, -0.093253, 0.0, 0.0, 0.0, 0.0, 1.0],
                [0.123346, 0.978581, 0.164818, -0.0, -0.89841, 0.180658, -0.400278, 0.39386, -0.42148, -0.098702, 0.90145, 0.0, 0.0, 0.0, 0.0, 1.0],
                [0.123346, 0.912245, 0.390634, 0.0, -0.89841, 0.26984, -0.346476, 0.39386, -0.42148, -0.308213, 0.852854, -0.0, 0.0, 0.0, 0.0, 1.0],
                [0.123346, 0.912245, 0.390634, 0.0, -0.89841, 0.26984, -0.346476, 0.39386, -0.42148, -0.308213, 0.852854, -0.0, 0.0, 0.0, 0.0, 1.0],
                [0.732781, 0.675322, -0.083496, 0.0, -0.643513, 0.647867, -0.407626, 0.39386, -0.221184, 0.352431, 0.909324, 0.0, 0.0, 0.0, 0.0, 1.0],
                [0.337981, -0.043619, 0.940141, 0.0, -0.891463, 0.305452, 0.334653, 0.39386, -0.301766, -0.951208, 0.064352, -0.0, 0.0, 0.0, 0.0, 1.0]
            ]
        },
        {
            "name": "Hand_L",
            "time": [0.0, 0.0833, 0.2167, 0.7667, 0.9333, 1.0833, 1.2333, 1.45, 1.6833, 2.1333],
            "transform": [
                [1.0, 0.0, 0.0, 0.0, -0.0, 0.724618, -0.689152, 0.3, -0.0, 0.689152, 0.724618, 0.0, 0.0, 0.0, 0.0, 1.0],
                [1.0, 0.0, 0.0, 0.0, -0.0, 0.724618, -0.689152, 0.3, -0.0, 0.689152, 0.724618, 0.0, 0.0, 0.0, 0.0, 1.0],
                [1.0, -0.0, 0.0, 0.0, -0.0, 0.999725, -0.023464, 0.3, -0.0, 0.023464, 0.999725, -0.0, 0.0, 0.0, 0.0, 1.0],
                [1.0, 0.0, 0.0, 0.0, -0.0, 0.999844, -0.017671, 0.3, -0.0, 0.017671, 0.999844, 0.0, 0.0, 0.0, 0.0, 1.0],
                [1.0, 0.0, 0.0, 0.0, -0.0, 0.623981, -0.78144, 0.3, -0.0, 0.78144, 0.623981, -0.0, 0.0, 0.0, 0.0, 1.0],
                [1.0, 0.0, 0.0, 0.0, -0.0, 0.985342, -0.170594, 0.3, -0.0, 0.170594, 0.985342, -0.0, 0.0, 0.0, 0.0, 1.0],
                [1.0, 0.0, -0.0, -0.0, -0.0, 0.256613, -0.966515, 0.3, -0.0, 0.966514, 0.256613, -0.0, 0.0, 0.0, 0.0, 1.0],
                [1.0, 0.0, -0.0, -0.0, -0.0, 0.256613, -0.966515, 0.3, -0.0, 0.966514, 0.256613, 0.0, 0.0, 0.0, 0.0, 1.0],
                [1.0, 0.0, -0.0, -0.0, -0.0, 0.256613, -0.966515, 0.3, -0.0, 0.966514, 0.256613, 0.0, 0.0, 0.0, 0.0, 1.0],
                [1.0, 0.0, 0.0, -0.0, -0.0, 0.99793, -0.064318, 0.3, -0.0, 0.064318, 0.99793, 0.0, 0.0, 0.0, 0.0, 1.0]
            ]
        },
        {
            "name": "Tool_L",
            "time": [0.0, 0.0833, 0.2167, 0.7667, 0.9333, 1.0833, 1.2833, 1.45, 1.6833, 1.7667, 2.1333],
            "transform": [
                [1.0, 0.0, 0.0, 0.0, 0.0, -0.999836, 0.018122, 0.272858, 0.0, -0.018122, -0.999248, -0.0, 0.0, 0.0, 0.0, 1.0],
                [1.0, 0.0, 0.0, 0.0, 0.0, -0.999836, 0.018122, 0.272858, 0.0, -0.018122, -0.999248, -0.0, 0.0, 0.0, 0.0, 1.0],
                [1.0, 0.0, 0.0, 0.0, 0.0, -0.999836, 0.018122, 0.272858, 0.0, -0.018122, -0.999247, 0.0, 0.0, 0.0, 0.0, 1.0],
                [1.0, 0.0, 0.0, 0.0, 0.0, -0.999836, 0.018122, 0.272858, 0.0, -0.018122, -0.999247, -0.0, 0.0, 0.0, 0.0, 1.0],
                [1.0, 0.0, 0.0, -0.0, -0.0, -0.999836, 0.018122, 0.272858, 0.0, -0.018122, -0.999248, -0.0, 0.0, 0.0, 0.0, 1.0],
                [1.0, -0.0, -0.0, 0.0, 0.0, 0.905001, -0.425408, 0.272858, 0.0, 0.425167, 0.904465, -0.0, 0.0, 0.0, 0.0, 1.0],
                [1.0, 0.0, -0.0, -0.0, -0.0, -0.992602, 0.121408, 0.272858, 0.0, -0.121348, -0.992017, -0.0, 0.0, 0.0, 0.0, 1.0],
                [1.0, -0.0, -0.0, 0.0, -0.0, -0.999576, -0.029105, 0.272858, -0.0, 0.029078, -0.998989, -0.0, 0.0, 0.0, 0.0, 1.0],
                [1.0, -0.0, -0.0, 0.0, -0.0, -0.999576, -0.029105, 0.272858, -0.0, 0.029078, -0.998989, -0.0, 0.0, 0.0, 0.0, 1.0],
                [1.0, -0.0, 0.0, -0.0, -0.0, -0.343166, 0.939275, 0.272858, -0.0, -0.938726, -0.342954, 0.0, 0.0, 0.0, 0.0, 1.0],
                [1.0, 0.0, 0.0, 0.0, 0.0, -0.999836, 0.018122, 0.272858, 0.0, -0.018122, -0.999247, 0.0, 0.0, 0.0, 0.0, 1.0]
            ]
        },
        {
            "name": "Elbow_L",
            "time": [0.0, 0.0833, 0.2167, 0.7667, 0.9333, 1.0833, 1.2333, 1.45, 1.6833, 2.1333],
            "transform": [
                [-1.0, 0.0, -0.0, 0.0, 0.0, -0.0, -1.0, 0.3, -0.0, -1.0, -0.0, 0.0, 0.0, 0.0, 0.0, 1.0],
                [-1.0, 0.0, -0.0, 0.0, 0.0, -0.0, -1.0, 0.3, -0.0, -1.0, -0.0, 0.0, 0.0, 0.0, 0.0, 1.0],
                [-1.0, 0.0, -0.0, 0.0, 0.0, -0.0, -1.0, 0.3, -0.0, -1.0, -0.0, -0.0, 0.0, 0.0, 0.0, 1.0],
                [-1.0, 0.0, -0.0, 0.0, 0.0, -0.0, -1.0, 0.3, -0.0, -1.0, -0.0, 0.0, 0.0, 0.0, 0.0, 1.0],
                [-1.0, 0.0, 0.0, 0.0, 0.0, -0.0, -1.0, 0.3, -0.0, -1.0, -0.0, -0.0, 0.0, 0.0, 0.0, 1.0],
                [-1.0, 0.0, 0.0, 0.0, 0.0, 0.685841, -0.727751, 0.3, -0.0, -0.727751, -0.685842, -0.0, 0.0, 0.0, 0.0, 1.0],
                [-1.0, 0.0, 0.0, -0.0, 0.0, 0.998244, -0.059243, 0.3, -0.0, -0.059243, -0.998244, -0.0, 0.0, 0.0, 0.0, 1.0],
                [-1.0, 0.0, 0.0, -0.0, 0.0, 0.998244, -0.059243, 0.3, -0.0, -0.059243, -0.998244, 0.0, 0.0, 0.0, 0.0, 1.0],
                [-1.0, 0.0, 0.0, -0.0, 0.0, 0.998244, -0.059243, 0.3, -0.0, -0.059243, -0.998244, 0.0, 0.0, 0.0, 0.0, 1.0],
                [-1.0, 0.0, -0.0, -0.0, 0.0, -0.0, -1.0, 0.3, -0.0, -1.0, -0.0, 0.0, 0.0, 0.0, 0.0, 1.0]
            ]
        }
    ]
}