{
    "animation": [
        {
            "name": "Root",
            "time": [0.0, 0.1333, 0.25, 0.3667, 0.55, 0.65, 0.7167, 0.95, 1.1667, 1.25, 1.4167, 1.7667, 2.1333, 2.2167, 2.5, 2.7, 2.7833, 3.1833, 3.4167],
            "transform": [
                [1.0, 0.0, 0.0, -5e-06, 0.0, 0.0, -1.0, 0.000946, 0.0, 1.0, 0.0, 0.764948, 0.0, 0.0, 0.0, 1.0],
                [0.237872, 0.218033, -0.946509, 0.014473, -0.964244, 0.170227, -0.203116, 1.451145, 0.116835, 0.960981, 0.250729, 0.529211, 0.0, 0.0, 0.0, 1.0],
                [0.250016, 0.23051, -0.940403, 0.014317, -0.963179, 0.158398, -0.217245, 1.499859, 0.098881, 0.960091, 0.261624, 0.530993, 0.0, 0.0, 0.0, 1.0],
                [0.55512, 0.242529, -0.795626, 0.010339, -0.830701, 0.113163, -0.545097, 1.607014, -0.042167, 0.963522, 0.264288, 0.576487, 0.0, 0.0, 0.0, 1.0],
                [0.604889, 0.243321, -0.758224, 0.009598, -0.793684, 0.106954, -0.598855, 1.62018, -0.064619, 0.964031, 0.257815, 0.584965, 0.0, 0.0, 0.0, 1.0],
                [0.604889, 0.243321, -0.758224, 0.009598, -0.793684, 0.106954, -0.598855, 1.62018, -0.064619, 0.964031, 0.257815, 0.584965, 0.0, 0.0, 0.0, 1.0],
                [0.849109, 0.194147, -0.491245, 0.015423, -0.519056, 0.13421, -0.844138, 1.451947, -0.097957, 0.971748, 0.214732, 0.63081, 0.0, 0.0, 0.0, 1.0],
                [0.767957, 0.025872, 0.639979, 0.017453, 0.636475, 0.08104, -0.767028, 0.923086, -0.071709, 0.996375, 0.045769, 0.62032, 0.0, 0.0, 0.0, 1.0],
                [0.73048, 0.092546, -0.676634, -0.023055, -0.681407, 0.032555, -0.73118, 0.132779, -0.04564, 0.995176, 0.086842, 0.560067, 0.0, 0.0, 0.0, 1.0],
                [0.98358, 0.06028, -0.170111, -0.006382, -0.174548, 0.078158, -0.981542, -0.335891, -0.045872, 0.995117, 0.087396, 0.66271, 0.0, 0.0, 0.0, 1.0],
                [-0.441796, -0.098077, 0.891738, -0.022585, 0.895954, 0.002332, 0.444142, -0.985884, -0.04564, 0.995176, 0.086842, 0.584931, 0.0, 0.0, 0.0, 1.0],
                [0.99592, -0.079003, -0.043601, 0.012839, -0.007085, 0.413239, -0.910595, -2.181425, 0.089957, 0.907189, 0.410994, 0.603634, 0.0, 0.0, 0.0, 1.0],
                [0.957424, -0.022626, -0.287796, 0.085331, -0.252234, 0.41934, -0.872085, -2.487942, 0.140416, 0.907547, 0.395779, 0.553311, 0.0, 0.0, 0.0, 1.0],
                [0.22889, 0.278326, -0.932815, -0.343161, -0.93305, 0.335933, -0.128715, -0.505065, 0.277539, 0.899824, 0.336584, 0.524185, 0.0, 0.0, 0.0, 1.0],
                [0.910879, 0.181417, -0.370658, -0.161522, -0.404626, 0.569137, -0.715794, 0.66174, 0.081098, 0.80198, 0.591821, 0.46016, 0.0, 0.0, 0.0, 1.0],
                [0.998093, 0.04296, 0.044321, -0.111221, 0.009074, 0.608125, -0.793789, 0.664754, -0.061054, 0.792678, 0.606576, 0.458725, 0.0, 0.0, 0.0, 1.0],
                [0.209529, -0.314767, 0.925753, -0.022685, 0.954807, 0.269982, -0.124308, -0.911103, -0.210809, 0.909962, 0.357111, 0.526155, 0.0, 0.0, 0.0, 1.0],
                [0.758654, 0.0, 0.651494, 0.039379, 0.651494, 0.0, -0.758654, -1.829565, 0.0, 1.0, 0.0, 0.605046, 0.0, 0.0, 0.0, 1.0],
                [1.0, 0.0, 0.0, -5e-06, 0.0, 0.0, -1.0, -1.962609, 0.0, 1.0, 0.0, 0.764948, 0.0, 0.0, 0.0, 1.0]
            ]
        },
        {
            "name": "Thigh_R",
            "time": [0.0, 0.1333, 0.25, 0.3667, 0.55, 0.65, 0.7167, 0.95, 1.0167, 1.1667, 1.25, 1.4167, 1.7667, 2.1333, 2.2167, 2.5, 2.7, 2.7833, 3.1833, 3.4167],
            "transform": [
                [0.973736, 0.084118, 0.211568, 0.124994, 0.051884, -0.986777, 0.153544, -0.002831, 0.221686, -0.138534, -0.965227, -1.2e-05, 0.0, 0.0, 0.0, 1.0],
                [0.489393, 0.773142, 0.403415, 0.140258, 0.719068, -0.619485, 0.314925, -0.023009, 0.493392, 0.135961, -0.859115, 0.038951, 0.0, 0.0, 0.0, 1.0],
                [0.487445, 0.771806, 0.408302, 0.140728, 0.71576, -0.621019, 0.319407, -0.023629, 0.500084, 0.136553, -0.855143, 0.04015, 0.0, 0.0, 0.0, 1.0],
                [0.507665, 0.764084, 0.398057, 0.14176, 0.673217, -0.640126, 0.370157, -0.024994, 0.537638, 0.080064, -0.839366, 0.042785, 0.0, 0.0, 0.0, 1.0],
                [0.511844, 0.762636, 0.395472, 0.141887, 0.665331, -0.643125, 0.379108, -0.025162, 0.54346, 0.069076, -0.836588, 0.043109, 0.0, 0.0, 0.0, 1.0],
                [0.511844, 0.762636, 0.395472, 0.141887, 0.665331, -0.643125, 0.379108, -0.025162, 0.54346, 0.069076, -0.836588, 0.043109, 0.0, 0.0, 0.0, 1.0],
                [0.618192, 0.702316, 0.352972, 0.141887, 0.420538, -0.674901, 0.606345, -0.025162, 0.664068, -0.226399, -0.712571, 0.043109, 0.0, 0.0, 0.0, 1.0],
                [0.777983, 0.623352, 0.078565, 0.141887, 0.370056, -0.555683, 0.744495, -0.025162, 0.50774, -0.55013, -0.662989, 0.043109, 0.0, 0.0, 0.0, 1.0],
                [0.841649, 0.516427, 0.157885, 0.14982, 0.248984, -0.630532, 0.735143, -0.01261, 0.4792, -0.57942, -0.659271, 0.052816, 0.0, 0.0, 0.0, 1.0],
                [0.831047, 0.536089, 0.148214, 0.180162, 0.542012, -0.840368, 0.000517, 0.035402, 0.124832, 0.079905, -0.988955, 0.089946, 0.0, 0.0, 0.0, 1.0],
                [0.964449, 0.143816, 0.221709, 0.162388, 0.135098, -0.989353, 0.054081, 0.036807, 0.227126, -0.022205, -0.973612, 0.075487, 0.0, 0.0, 0.0, 1.0],
                [0.831047, 0.550567, 0.078961, 0.106579, 0.542012, -0.833504, 0.107193, 0.037452, 0.124832, -0.046284, -0.991098, 0.030087, 0.0, 0.0, 0.0, 1.0],
                [0.975532, 0.156836, 0.154075, 0.12502, 0.166324, -0.984766, -0.050668, -0.031274, 0.143781, 0.075055, -0.986759, 0.043126, 0.0, 0.0, 0.0, 1.0],
                [0.855687, 0.189908, 0.481387, 0.127955, 0.268543, -0.958127, -0.099363, -0.033745, 0.442361, 0.214297, -0.870858, 0.043595, 0.0, 0.0, 0.0, 1.0],
                [0.712318, 0.685284, 0.151614, 0.140258, 0.481241, -0.634124, 0.605221, -0.023009, 0.510891, -0.358145, -0.781487, 0.038951, 0.0, 0.0, 0.0, 1.0],
                [0.16545, 0.331089, 0.928981, 0.141756, 0.232105, -0.928574, 0.289609, -0.024892, 0.958516, 0.167705, -0.230481, 0.042588, 0.0, 0.0, 0.0, 1.0],
                [0.129834, 0.297486, 0.945857, 0.14176, 0.228506, -0.937229, 0.263408, -0.024994, 0.964846, 0.181935, -0.189662, 0.042785, 0.0, 0.0, 0.0, 1.0],
                [0.598115, 0.793387, 0.113103, 0.14176, 0.219475, -0.297895, 0.929026, -0.024994, 0.770771, -0.53084, -0.352306, 0.042785, 0.0, 0.0, 0.0, 1.0],
                [0.949029, 0.314935, 0.012608, 0.124994, 0.233977, -0.730738, 0.641307, -0.002831, 0.211183, -0.605668, -0.767181, -1.2e-05, 0.0, 0.0, 0.0, 1.0],
                [0.973736, 0.084118, 0.211568, 0.124994, 0.051884, -0.986777, 0.153544, -0.002831, 0.221686, -0.138534, -0.965227, -1.2e-05, 0.0, 0.0, 0.0, 1.0]
            ]
        },
        {
            "name": "Leg_R",
            "time": [0.0, 0.1333, 0.25, 0.3667, 0.55, 0.65, 0.7167, 0.95, 1.1667, 1.4167, 1.7667, 2.1333, 2.2167, 2.5, 2.7, 2.7833, 3.1833, 3.4167],
            "transform": [
                [1.0, 0.0, 1e-06, 0.0, -0.0, 0.984472, 0.175547, 0.37472, -1e-06, -0.175547, 0.98447, 0.0, 0.0, 0.0, 0.0, 1.0],
                [1.0, 0.0, 1e-06, 0.0, -0.0, 0.915196, 0.403011, 0.37472, -1e-06, -0.403012, 0.915194, 0.0, 0.0, 0.0, 0.0, 1.0],
                [1.0, 0.0, 1e-06, 0.0, -0.0, 0.912223, 0.409696, 0.37472, -1e-06, -0.409696, 0.912221, 0.0, 0.0, 0.0, 0.0, 1.0],
                [1.0, 0.0, 1e-06, -0.0, -0.0, 0.905517, 0.424311, 0.37472, -1e-06, -0.424312, 0.905516, -0.0, 0.0, 0.0, 0.0, 1.0],
                [1.0, 0.0, 1e-06, 0.0, -0.0, 0.904677, 0.426098, 0.37472, -1e-06, -0.426099, 0.904676, -0.0, 0.0, 0.0, 0.0, 1.0],
                [1.0, 0.0, 1e-06, 0.0, -0.0, 0.904677, 0.426098, 0.37472, -1e-06, -0.426099, 0.904676, -0.0, 0.0, 0.0, 0.0, 1.0],
                [1.0, 0.0, 1e-06, 0.0, -0.0, 0.904677, 0.426098, 0.37472, -1e-06, -0.426099, 0.904676, 0.0, 0.0, 0.0, 0.0, 1.0],
                [1.0, 0.0, 1e-06, 0.0, -0.0, 0.904677, 0.426098, 0.37472, -1e-06, -0.426099, 0.904676, 0.0, 0.0, 0.0, 0.0, 1.0],
                [1.0, 0.0, 1e-06, -0.0, -0.0, 0.904677, 0.426098, 0.37472, -1e-06, -0.426099, 0.904676, -0.0, 0.0, 0.0, 0.0, 1.0],
                [1.0, 0.0, 1e-06, 0.0, -0.0, 0.995047, 0.099411, 0.37472, -1e-06, -0.099411, 0.995046, -0.0, 0.0, 0.0, 0.0, 1.0],
                [1.0, 0.0, 1e-06, 0.0, -0.0, 0.995047, 0.099411, 0.37472, -1e-06, -0.099411, 0.995046, -0.0, 0.0, 0.0, 0.0, 1.0],
                [1.0, 0.0, 1e-06, 0.0, -0.0, 0.995047, 0.099411, 0.37472, -1e-06, -0.099411, 0.995046, -0.0, 0.0, 0.0, 0.0, 1.0],
                [1.0, 0.0, 1e-06, -0.0, -0.0, 0.915196, 0.403011, 0.37472, -1e-06, -0.403012, 0.915194, -0.0, 0.0, 0.0, 0.0, 1.0],
                [1.0, 0.0, 1e-06, -0.0, -0.0, 0.905543, 0.424256, 0.37472, -1e-06, -0.424257, 0.905541, -0.0, 0.0, 0.0, 0.0, 1.0],
                [1.0, 0.0, 1e-06, -0.0, -0.0, 0.905517, 0.424311, 0.37472, -1e-06, -0.424312, 0.905516, 0.0, 0.0, 0.0, 0.0, 1.0],
                [1.0, -0.0, 1e-06, -0.0, -0.0, 0.905517, 0.424311, 0.37472, -1e-06, -0.424311, 0.905516, -0.0, 0.0, 0.0, 0.0, 1.0],
                [1.0, -0.0, 1e-06, -0.0, -0.0, 0.743854, 0.668342, 0.37472, -1e-06, -0.668343, 0.743853, -0.0, 0.0, 0.0, 0.0, 1.0],
                [1.0, 0.0, 1e-06, 0.0, -0.0, 0.984472, 0.175547, 0.37472, -1e-06, -0.175547, 0.98447, -0.0, 0.0, 0.0, 0.0, 1.0]
            ]
        },
        {
            "name": "Knee_R",
            "time": [0.0, 0.1333, 0.25, 0.3667, 0.55, 0.65, 0.7167, 0.95, 1.1667, 1.4167, 1.7667, 2.1333, 2.2167, 2.5, 2.7, 2.7833, 3.1833, 3.4167],
            "transform": [
                [1.0, 0.0, -0.0, 0.0, -0.0, 1e-06, -1.0, 0.383077, -0.0, 1.0, 1e-06, -0.001653, 0.0, 0.0, 0.0, 1.0],
                [1.0, 0.0, -0.0, 0.0, -0.0, 1e-06, -1.0, 0.383077, -0.0, 1.0, 1e-06, -0.001653, 0.0, 0.0, 0.0, 1.0],
                [1.0, 0.0, -0.0, 0.0, -0.0, 1e-06, -1.0, 0.383077, -0.0, 1.0, 1e-06, -0.001653, 0.0, 0.0, 0.0, 1.0],
                [1.0, 0.0, -0.0, 0.0, -0.0, 1e-06, -1.0, 0.383077, -0.0, 1.0, 1e-06, -0.001653, 0.0, 0.0, 0.0, 1.0],
                [1.0, 0.0, -0.0, 0.0, -0.0, 1e-06, -1.0, 0.383077, -0.0, 1.0, 1e-06, -0.001653, 0.0, 0.0, 0.0, 1.0],
                [1.0, 0.0, -0.0, 0.0, -0.0, 1e-06, -1.0, 0.383077, -0.0, 1.0, 1e-06, -0.001653, 0.0, 0.0, 0.0, 1.0],
                [1.0, 0.0, -0.0, -0.0, -0.0, 1e-06, -1.0, 0.383077, -0.0, 1.0, 1e-06, -0.001653, 0.0, 0.0, 0.0, 1.0],
                [1.0, 0.0, -0.0, 0.0, -0.0, 1e-06, -1.0, 0.383077, -0.0, 1.0, 1e-06, -0.001653, 0.0, 0.0, 0.0, 1.0],
                [1.0, 0.0, -0.0, -0.0, -0.0, 1e-06, -1.0, 0.383077, -0.0, 1.0, 1e-06, -0.001653, 0.0, 0.0, 0.0, 1.0],
                [1.0, 0.0, -0.0, 0.0, -0.0, 1e-06, -1.0, 0.383077, -0.0, 1.0, 1e-06, -0.001653, 0.0, 0.0, 0.0, 1.0],
                [1.0, 0.0, -0.0, 0.0, -0.0, 1e-06, -1.0, 0.383077, -0.0, 1.0, 1e-06, -0.001653, 0.0, 0.0, 0.0, 1.0],
                [1.0, 0.0, -0.0, 0.0, -0.0, 1e-06, -1.0, 0.383077, -0.0, 1.0, 1e-06, -0.001654, 0.0, 0.0, 0.0, 1.0],
                [1.0, 0.0, -0.0, -0.0, -0.0, 1e-06, -1.0, 0.383077, -0.0, 1.0, 1e-06, -0.001653, 0.0, 0.0, 0.0, 1.0],
                [1.0, 0.0, -0.0, -0.0, -0.0, 1e-06, -1.0, 0.383077, -0.0, 1.0, 1e-06, -0.001653, 0.0, 0.0, 0.0, 1.0],
                [1.0, 0.0, -0.0, -0.0, -0.0, 1e-06, -1.0, 0.383077, -0.0, 1.0, 1e-06, -0.001653, 0.0, 0.0, 0.0, 1.0],
                [1.0, 0.0, -0.0, -0.0, -0.0, 1e-06, -1.0, 0.383077, -0.0, 1.0, 1e-06, -0.001653, 0.0, 0.0, 0.0, 1.0],
                [1.0, 0.0, -0.0, -0.0, -0.0, 1e-06, -1.0, 0.383077, 0.0, 1.0, 1e-06, -0.001654, 0.0, 0.0, 0.0, 1.0],
                [1.0, 0.0, -0.0, 0.0, -0.0, 1e-06, -1.0, 0.383077, -0.0, 1.0, 1e-06, -0.001653, 0.0, 0.0, 0.0, 1.0]
            ]
        },
        {
            "name": "Thigh_L",
            "time": [0.0, 0.1333, 0.25, 0.3667, 0.55, 0.65, 0.7167, 0.95, 1.1667, 1.25, 1.4167, 1.7667, 2.1333, 2.2167, 2.5, 2.7, 2.7833, 3.1833, 3.4167],
            "transform": [
                [0.95515, -0.069461, -0.287858, -0.125006, -0.059939, -0.997328, 0.041774, -0.002831, -0.28999, -0.022646, -0.956761, -1.2e-05, 0.0, 0.0, 0.0, 1.0],
                [0.860116, -0.502056, -0.090215, -0.14695, -0.006094, -0.18696, 0.982348, 0.021501, -0.510061, -0.844385, -0.163868, -0.057084, 0.0, 0.0, 0.0, 1.0],
                [0.853798, -0.507906, -0.114277, -0.147625, 0.012388, -0.199626, 0.979793, 0.02225, -0.520455, -0.837962, -0.164148, -0.058839, 0.0, 0.0, 0.0, 1.0],
                [0.880404, -0.352396, -0.317339, -0.149109, 0.158118, -0.412749, 0.897015, 0.023896, -0.447086, -0.839914, -0.307666, -0.062699, 0.0, 0.0, 0.0, 1.0],
                [0.88214, -0.317165, -0.348187, -0.149291, 0.18475, -0.447005, 0.875245, 0.024098, -0.433238, -0.836417, -0.335725, -0.063173, 0.0, 0.0, 0.0, 1.0],
                [0.88214, -0.317165, -0.348187, -0.149291, 0.18475, -0.447005, 0.875245, 0.024098, -0.433238, -0.836417, -0.335725, -0.063173, 0.0, 0.0, 0.0, 1.0],
                [0.897148, -0.348041, -0.272014, -0.141241, 0.050393, -0.531135, 0.845787, 0.006525, -0.438845, -0.772504, -0.458969, -0.028186, 0.0, 0.0, 0.0, 1.0],
                [0.893793, -0.39197, -0.217926, -0.115964, -0.361973, -0.917386, 0.165463, -0.048651, -0.264779, -0.069006, -0.961836, 0.081671, 0.0, 0.0, 0.0, 1.0],
                [0.869214, -0.486601, 0.087672, -0.20373, -0.397041, -0.581263, 0.710275, -0.007248, -0.29466, -0.652191, -0.698443, -0.049676, 0.0, 0.0, 0.0, 1.0],
                [0.869214, -0.486601, 0.087672, -0.097903, -0.397041, -0.581263, 0.710275, -0.004775, -0.29466, -0.652191, -0.698443, -0.083308, 0.0, 0.0, 0.0, 1.0],
                [0.869214, -0.486601, 0.087672, -0.11626, -0.397041, -0.581263, 0.710275, -0.023364, -0.29466, -0.652191, -0.698443, -0.107984, 0.0, 0.0, 0.0, 1.0],
                [0.93588, -0.313879, 0.160024, -0.11626, -0.233549, -0.212637, 0.948809, -0.023364, -0.263784, -0.925346, -0.27231, -0.107984, 0.0, 0.0, 0.0, 1.0],
                [0.922234, -0.255449, 0.290223, -0.148572, -0.241108, 0.206823, 0.948204, -0.025564, -0.302242, -0.944442, 0.129148, -0.176227, 0.0, 0.0, 0.0, 1.0],
                [0.598748, -0.667422, 0.442774, -0.14695, -0.23759, 0.379931, 0.893981, 0.021502, -0.764886, -0.640468, 0.06891, -0.057084, 0.0, 0.0, 0.0, 1.0],
                [0.987203, -0.099701, 0.124451, -0.167513, -0.085568, 0.327352, 0.94102, 0.026693, -0.13456, -0.939628, 0.314632, -0.09205, 0.0, 0.0, 0.0, 1.0],
                [0.992703, -0.065885, 0.100992, -0.168623, -0.077157, 0.296562, 0.951891, 0.026706, -0.092665, -0.952738, 0.289314, -0.093938, 0.0, 0.0, 0.0, 1.0],
                [0.682517, -0.528976, -0.504336, -0.168623, 0.145292, -0.578077, 0.802942, 0.026706, -0.716282, -0.621298, -0.317692, -0.093938, 0.0, 0.0, 0.0, 1.0],
                [0.814444, -0.431828, -0.387561, -0.174649, -0.499933, -0.861276, -0.090942, 0.033953, -0.294525, 0.267822, -0.917347, 0.041017, 0.0, 0.0, 0.0, 1.0],
                [0.95515, -0.069461, -0.287858, -0.125006, -0.059939, -0.997328, 0.041774, -0.002831, -0.28999, -0.022646, -0.956761, -1.2e-05, 0.0, 0.0, 0.0, 1.0]
            ]
        },
        {
            "name": "Leg_L",
            "time": [0.0, 0.1333, 0.25, 0.3667, 0.55, 0.65, 0.7167, 0.95, 1.0167, 1.1667, 1.25, 1.4167, 1.7667, 2.1333, 2.2167, 2.5, 2.7, 2.7833, 3.1833, 3.4167],
            "transform": [
                [1.0, 0.0, 1e-06, 0.0, -0.0, 0.996194, 0.087156, 0.37472, -1e-06, -0.087156, 0.996195, -0.0, 0.0, 0.0, 0.0, 1.0],
                [1.0, -1e-06, 0.0, 0.0, -0.0, 0.202588, 0.979264, 0.37472, -1e-06, -0.979264, 0.202588, -0.0, 0.0, 0.0, 0.0, 1.0],
                [1.0, -1e-06, 0.0, -0.0, -0.0, 0.226171, 0.974088, 0.37472, -1e-06, -0.974087, 0.226171, -0.0, 0.0, 0.0, 0.0, 1.0],
                [1.0, -0.0, 1e-06, -0.0, -0.0, 0.757293, 0.653076, 0.37472, -1e-06, -0.653075, 0.757293, 0.0, 0.0, 0.0, 0.0, 1.0],
                [1.0, -0.0, 1e-06, 0.0, -0.0, 0.827303, 0.561756, 0.37472, -1e-06, -0.561756, 0.827303, 0.0, 0.0, 0.0, 0.0, 1.0],
                [1.0, -0.0, 1e-06, 0.0, -0.0, 0.827303, 0.561756, 0.37472, -1e-06, -0.561756, 0.827303, 0.0, 0.0, 0.0, 0.0, 1.0],
                [1.0, -1e-06, 1e-06, 0.0, -0.0, 0.354587, 0.935023, 0.37472, -1e-06, -0.935023, 0.354587, -0.0, 0.0, 0.0, 0.0, 1.0],
                [1.0, -0.0, 1e-06, 0.0, -0.0, 0.827303, 0.561756, 0.37472, -1e-06, -0.561756, 0.827303, 0.0, 0.0, 0.0, 0.0, 1.0],
                [1.0, -1e-06, 1e-06, -0.0, -0.0, 0.276292, 0.961074, 0.37472, -1e-06, -0.961073, 0.276292, -0.0, 0.0, 0.0, 0.0, 1.0],
                [1.0, -0.0, 1e-06, 0.0, -0.0, 0.827303, 0.561756, 0.37472, -1e-06, -0.561756, 0.827303, -0.0, 0.0, 0.0, 0.0, 1.0],
                [1.0, -1e-06, 1e-06, -0.0, -0.0, 0.277934, 0.9606, 0.37472, -1e-06, -0.9606, 0.277934, 0.0, 0.0, 0.0, 0.0, 1.0],
                [1.0, -0.0, 1e-06, -0.0, -0.0, 0.827303, 0.561756, 0.37472, -1e-06, -0.561756, 0.827303, -0.0, 0.0, 0.0, 0.0, 1.0],
                [1.0, -0.0, 1e-06, 0.0, -0.0, 0.827303, 0.561756, 0.37472, -1e-06, -0.561756, 0.827303, -0.0, 0.0, 0.0, 0.0, 1.0],
                [1.0, -0.0, 1e-06, 0.0, -0.0, 0.476716, 0.879058, 0.37472, -1e-06, -0.879057, 0.476716, -0.0, 0.0, 0.0, 0.0, 1.0],
                [1.0, -1e-06, 0.0, 0.0, -0.0, -0.416374, 0.909194, 0.37472, -1e-06, -0.909193, -0.416374, -0.0, 0.0, 0.0, 0.0, 1.0],
                [1.0, -0.0, 1e-06, 0.0, -0.0, 0.714959, 0.699167, 0.37472, -1e-06, -0.699166, 0.714959, 0.0, 0.0, 0.0, 0.0, 1.0],
                [1.0, -0.0, 1e-06, -0.0, -0.0, 0.757293, 0.653076, 0.37472, -1e-06, -0.653075, 0.757293, 0.0, 0.0, 0.0, 0.0, 1.0],
                [1.0, -0.0, 1e-06, -0.0, -0.0, 0.757293, 0.653076, 0.37472, -1e-06, -0.653075, 0.757293, 0.0, 0.0, 0.0, 0.0, 1.0],
                [1.0, 0.0, 1e-06, -0.0, -0.0, 0.996194, 0.087156, 0.37472, -1e-06, -0.087156, 0.996195, -0.0, 0.0, 0.0, 0.0, 1.0],
                [1.0, 0.0, 1e-06, -0.0, -0.0, 0.996194, 0.087156, 0.37472, -1e-06, -0.087156, 0.996195, -0.0, 0.0, 0.0, 0.0, 1.0]
            ]
        },
        {
            "name": "Knee_L",
            "time": [0.0, 0.1333, 0.25, 0.3667, 0.55, 0.65, 0.7167, 0.95, 1.1667, 1.4167, 1.7667, 2.1333, 2.2167, 2.5, 2.7, 2.7833, 3.1833, 3.4167],
            "transform": [
                [1.0, 0.0, -0.0, 0.0, -0.0, 1e-06, -1.0, 0.37472, -0.0, 1.0, 1e-06, -0.0, 0.0, 0.0, 0.0, 1.0],
                [1.0, 0.0, -0.0, 0.0, -0.0, 1e-06, -1.0, 0.37472, -0.0, 1.0, 1e-06, -0.0, 0.0, 0.0, 0.0, 1.0],
                [1.0, 0.0, -0.0, -0.0, -0.0, 1e-06, -1.0, 0.37472, -0.0, 1.0, 1e-06, -0.0, 0.0, 0.0, 0.0, 1.0],
                [1.0, 0.0, -0.0, -0.0, -0.0, 1e-06, -1.0, 0.37472, -0.0, 1.0, 1e-06, 0.0, 0.0, 0.0, 0.0, 1.0],
                [1.0, 0.0, -0.0, 0.0, -0.0, 1e-06, -1.0, 0.37472, -0.0, 1.0, 1e-06, 0.0, 0.0, 0.0, 0.0, 1.0],
                [1.0, 0.0, -0.0, 0.0, -0.0, 1e-06, -1.0, 0.37472, -0.0, 1.0, 1e-06, 0.0, 0.0, 0.0, 0.0, 1.0],
                [1.0, 0.0, -0.0, 0.0, -0.0, 1e-06, -1.0, 0.37472, -0.0, 1.0, 1e-06, -0.0, 0.0, 0.0, 0.0, 1.0],
                [1.0, 0.0, -0.0, 0.0, -0.0, 1e-06, -1.0, 0.37472, -0.0, 1.0, 1e-06, 0.0, 0.0, 0.0, 0.0, 1.0],
                [1.0, 0.0, -0.0, 0.0, -0.0, 1e-06, -1.0, 0.37472, -0.0, 1.0, 1e-06, -0.0, 0.0, 0.0, 0.0, 1.0],
                [1.0, 0.0, -0.0, -0.0, -0.0, 1e-06, -1.0, 0.37472, -0.0, 1.0, 1e-06, -0.0, 0.0, 0.0, 0.0, 1.0],
                [1.0, 0.0, -0.0, 0.0, -0.0, 1e-06, -1.0, 0.37472, -0.0, 1.0, 1e-06, -0.0, 0.0, 0.0, 0.0, 1.0],
                [1.0, 0.0, -0.0, 0.0, -0.0, 1e-06, -1.0, 0.37472, -0.0, 1.0, 1e-06, -0.0, 0.0, 0.0, 0.0, 1.0],
                [1.0, 0.0, -0.0, 0.0, -0.0, 1e-06, -1.0, 0.37472, -0.0, 1.0, 1e-06, -0.0, 0.0, 0.0, 0.0, 1.0],
                [1.0, 0.0, -0.0, 0.0, -0.0, 1e-06, -1.0, 0.37472, -0.0, 1.0, 1e-06, 0.0, 0.0, 0.0, 0.0, 1.0],
                [1.0, 0.0, -0.0, -0.0, -0.0, 1e-06, -1.0, 0.37472, -0.0, 1.0, 1e-06, 0.0, 0.0, 0.0, 0.0, 1.0],
                [1.0, 0.0, -0.0, -0.0, -0.0, 1e-06, -1.0, 0.37472, -0.0, 1.0, 1e-06, 0.0, 0.0, 0.0, 0.0, 1.0],
                [1.0, 0.0, -0.0, -0.0, -0.0, 1e-06, -1.0, 0.37472, -0.0, 1.0, 1e-06, -0.0, 0.0, 0.0, 0.0, 1.0],
                [1.0, 0.0, -0.0, -0.0, -0.0, 1e-06, -1.0, 0.37472, -0.0, 1.0, 1e-06, -0.0, 0.0, 0.0, 0.0, 1.0]
            ]
        },
        {
            "name": "Torso",
            "time": [0.0, 0.1333, 0.25, 0.3667, 0.55, 0.65, 0.7167, 0.95, 1.0167, 1.1667, 1.4167, 1.4833, 1.7667, 2.1333, 2.2167, 2.5, 2.7, 2.7833, 3.1833, 3.4167],
            "transform": [
                [0.996512, 0.0, 0.083446, 0.0, 0.0, 1.0, 0.0, 0.05, -0.083446, 0.0, 0.996512, 0.0, 0.0, 0.0, 0.0, 1.0],
                [0.991984, -0.053223, -0.114605, -0.0, 0.041499, 0.993881, -0.102365, 0.05, 0.119352, 0.096788, 0.988123, -0.0, 0.0, 0.0, 0.0, 1.0],
                [0.991173, -0.055153, -0.120559, -0.0, 0.042436, 0.993501, -0.105614, 0.05, 0.1256, 0.099566, 0.987072, 0.0, 0.0, 0.0, 0.0, 1.0],
                [0.98925, -0.059452, -0.133607, -0.0, 0.044424, 0.992627, -0.112774, 0.05, 0.139327, 0.105626, 0.984597, 0.0, 0.0, 0.0, 0.0, 1.0],
                [0.989, -0.059986, -0.135206, -0.0, 0.044661, 0.992516, -0.113654, 0.05, 0.141011, 0.106366, 0.984277, 0.0, 0.0, 0.0, 0.0, 1.0],
                [0.989, -0.059986, -0.135206, -0.0, 0.044661, 0.992516, -0.113654, 0.05, 0.141011, 0.106366, 0.984277, 0.0, 0.0, 0.0, 0.0, 1.0],
                [0.989, -0.059986, -0.135206, 0.0, 0.044661, 0.992516, -0.113654, 0.05, 0.141011, 0.106366, 0.984277, -0.0, 0.0, 0.0, 0.0, 1.0],
                [0.885103, -0.059986, -0.461514, 0.0, 0.00362, 0.992516, -0.122061, 0.05, 0.465381, 0.106366, 0.878696, -0.0, 0.0, 0.0, 0.0, 1.0],
                [0.981339, -0.137012, -0.134917, 0.0, 0.094966, 0.955432, -0.27952, 0.05, 0.167201, 0.261491, 0.950614, -0.0, 0.0, 0.0, 0.0, 1.0],
                [0.989, -0.059986, -0.135205, -0.0, 0.044661, 0.992516, -0.113654, 0.05, 0.141011, 0.106366, 0.984277, -0.0, 0.0, 0.0, 0.0, 1.0],
                [0.980285, -0.059986, -0.188264, -0.0, 0.038477, 0.992516, -0.115894, 0.05, 0.193807, 0.106366, 0.975257, 0.0, 0.0, 0.0, 0.0, 1.0],
                [0.923055, -0.355365, -0.147261, -0.0, 0.291975, 0.896494, -0.33324, 0.05, 0.250441, 0.264602, 0.931271, 0.0, 0.0, 0.0, 0.0, 1.0],
                [0.977674, 0.075475, -0.196102, -0.0, -0.103824, 0.984897, -0.138558, 0.05, 0.182683, 0.155825, 0.970745, -0.0, 0.0, 0.0, 0.0, 1.0],
                [0.977008, 0.100065, -0.188264, -0.0, -0.123275, 0.985582, -0.115894, 0.05, 0.173952, 0.136438, 0.975257, 0.0, 0.0, 0.0, 0.0, 1.0],
                [0.991984, -0.053223, -0.114605, 0.0, 0.041499, 0.993881, -0.102365, 0.05, 0.119352, 0.096788, 0.988123, -0.0, 0.0, 0.0, 0.0, 1.0],
                [0.994457, -0.057433, 0.088074, 0.0, 0.065962, 0.993077, -0.097197, 0.05, -0.081882, 0.102468, 0.991361, 0.0, 0.0, 0.0, 0.0, 1.0],
                [0.98925, -0.059452, -0.133607, 0.0, 0.044424, 0.992627, -0.112774, 0.05, 0.139327, 0.105626, 0.984597, -0.0, 0.0, 0.0, 0.0, 1.0],
                [0.373963, -0.446074, -0.813123, 0.0, -0.41898, 0.700916, -0.577211, 0.05, 0.82741, 0.556538, 0.075221, 0.0, 0.0, 0.0, 0.0, 1.0],
                [0.996512, -0.005545, 0.083262, 0.0, 0.0, 0.99779, 0.066447, 0.05, -0.083446, -0.066215, 0.99431, -0.0, 0.0, 0.0, 0.0, 1.0],
                [0.996512, 0.0, 0.083446, 0.0, 0.0, 1.0, 0.0, 0.05, -0.083446, 0.0, 0.996512, 0.0, 0.0, 0.0, 0.0, 1.0]
            ]
        },
        {
            "name": "Chest",
            "time": [0.0, 0.1333, 0.25, 0.3667, 0.55, 0.65, 0.7167, 0.95, 1.0167, 1.1667, 1.25, 1.4167, 1.4833, 1.7667, 2.1333, 2.2167, 2.3667, 2.5, 2.7, 2.7833, 3.1833, 3.4167],
            "transform": [
                [0.996909, 0.004476, -0.078441, 0.0, 0.0, 0.998376, 0.056972, 0.3, 0.078568, -0.056796, 0.99529, 0.0, 0.0, 0.0, 0.0, 1.0],
                [0.632049, 0.072687, -0.771512, 0.0, 0.223352, 0.936255, 0.271186, 0.3, 0.742043, -0.343721, 0.575524, -0.0, 0.0, 0.0, 0.0, 1.0],
                [0.643743, 0.068701, -0.762152, 0.0, 0.21553, 0.939365, 0.266721, 0.3, 0.734263, -0.335966, 0.589903, -0.0, 0.0, 0.0, 0.0, 1.0],
                [0.890081, -0.100719, -0.444536, 0.0, 0.040626, 0.988929, -0.142718, 0.3, 0.453989, 0.10897, 0.884319, 0.0, 0.0, 0.0, 0.0, 1.0],
                [0.92129, 0.011566, -0.388704, 0.0, 0.015859, 0.997609, 0.067271, 0.3, 0.388552, -0.06814, 0.918904, -0.0, 0.0, 0.0, 0.0, 1.0],
                [0.92129, 0.011566, -0.388704, 0.0, 0.015859, 0.997609, 0.067271, 0.3, 0.388552, -0.06814, 0.918904, -0.0, 0.0, 0.0, 0.0, 1.0],
                [0.963285, 0.011566, 0.268231, 0.0, -0.029396, 0.997609, 0.062552, 0.3, -0.266866, -0.06814, 0.961322, 0.0, 0.0, 0.0, 0.0, 1.0],
                [0.95783, 0.011566, 0.287104, 0.0, -0.030619, 0.997609, 0.061963, 0.3, -0.285701, -0.06814, 0.955893, -0.0, 0.0, 0.0, 0.0, 1.0],
                [0.951643, 0.065741, -0.300091, -0.0, -0.008256, 0.981954, 0.188938, 0.3, 0.307097, -0.177324, 0.935012, 0.0, 0.0, 0.0, 0.0, 1.0],
                [0.885169, 0.067808, -0.460302, -0.0, 0.15273, 0.892155, 0.425126, 0.3, 0.439488, -0.44661, 0.779352, -0.0, 0.0, 0.0, 0.0, 1.0],
                [0.922207, -0.137397, -0.361465, 0.0, 0.086636, 0.984399, -0.153145, 0.3, 0.376868, 0.109915, 0.919722, -0.0, 0.0, 0.0, 0.0, 1.0],
                [0.994757, -0.00463, -0.102165, 0.0, -0.026106, 0.954383, -0.297443, 0.3, 0.098882, 0.29855, 0.949258, -0.0, 0.0, 0.0, 0.0, 1.0],
                [0.994757, 0.033377, -0.096671, 0.0, -0.026106, 0.996802, 0.075525, 0.3, 0.098882, -0.072606, 0.992447, -0.0, 0.0, 0.0, 0.0, 1.0],
                [0.994824, 0.003179, -0.101564, -0.0, -0.031479, 0.95998, -0.278294, 0.3, 0.096614, 0.28005, 0.955111, -0.0, 0.0, 0.0, 0.0, 1.0],
                [0.994757, 0.039101, -0.0945, -0.0, -0.026106, 0.990497, 0.13503, 0.3, 0.098882, -0.131855, 0.986325, 0.0, 0.0, 0.0, 0.0, 1.0],
                [0.632049, 0.328185, -0.702003, 0.0, 0.223352, 0.790301, 0.57056, 0.3, 0.742043, -0.517415, 0.426209, 0.0, 0.0, 0.0, 0.0, 1.0],
                [0.906167, 0.194201, -0.375696, -0.0, 0.054644, 0.827128, 0.559351, 0.3, 0.419376, -0.527395, 0.738904, -0.0, 0.0, 0.0, 0.0, 1.0],
                [0.96248, -0.124414, 0.241149, -0.0, 0.037744, 0.941439, 0.335065, 0.3, -0.268714, -0.313391, 0.910812, 0.0, 0.0, 0.0, 0.0, 1.0],
                [0.994987, 0.016067, 0.098706, 0.0, -0.036803, 0.976572, 0.212021, 0.3, -0.092987, -0.214591, 0.972268, 0.0, 0.0, 0.0, 0.0, 1.0],
                [0.994987, 0.047768, 0.087859, 0.0, -0.036803, 0.991793, -0.12244, 0.3, -0.092987, 0.118592, 0.98858, -0.0, 0.0, 0.0, 0.0, 1.0],
                [0.996909, 0.026711, -0.073888, -0.0, -0.0, 0.940436, 0.339971, 0.3, 0.078568, -0.33892, 0.937529, -0.0, 0.0, 0.0, 0.0, 1.0],
                [0.996909, 0.004476, -0.078441, 0.0, 0.0, 0.998376, 0.056972, 0.3, 0.078568, -0.056796, 0.99529, -0.0, 0.0, 0.0, 0.0, 1.0]
            ]
        },
        {
            "name": "Head",
            "time": [0.0, 0.1333, 0.25, 0.3667, 0.55, 0.65, 0.7167, 0.95, 1.0167, 1.1667, 1.4167, 1.4833, 1.7667, 2.1333, 2.2167, 2.5, 2.7, 2.7833, 3.1833, 3.4167],
            "transform": [
                [1.0, -0.0, 0.0, 0.0, -0.0, 0.999699, -0.024548, 0.4, 0.0, 0.024548, 0.999699, 0.0, 0.0, 0.0, 0.0, 1.0],
                [0.036246, -0.04572, 0.998297, 0.0, 0.087413, 0.995269, 0.042408, 0.4, -0.995513, 0.085727, 0.040071, 0.0, 0.0, 0.0, 0.0, 1.0],
                [0.054036, -0.044038, 0.997567, -0.0, 0.090058, 0.99517, 0.039054, 0.4, -0.99447, 0.087729, 0.057741, 0.0, 0.0, 0.0, 0.0, 1.0],
                [0.487987, -0.045927, 0.871642, 0.0, 0.104068, 0.994553, -0.005858, 0.4, -0.866625, 0.093569, 0.490109, -0.0, 0.0, 0.0, 0.0, 1.0],
                [0.558853, -0.046953, 0.827937, 0.0, 0.10395, 0.994487, -0.013767, 0.4, -0.822726, 0.093758, 0.560653, 0.0, 0.0, 0.0, 0.0, 1.0],
                [0.558853, -0.046953, 0.827937, 0.0, 0.10395, 0.994487, -0.013767, 0.4, -0.822726, 0.093758, 0.560653, 0.0, 0.0, 0.0, 0.0, 1.0],
                [0.8571, -0.046953, 0.513006, 0.0, 0.088315, 0.994487, -0.05653, 0.4, -0.507524, 0.093758, 0.856521, 0.0, 0.0, 0.0, 0.0, 1.0],
                [0.869666, 0.005365, -0.493612, 0.0, -0.005476, 0.999984, 0.001221, 0.4, 0.49361, 0.001641, 0.869681, 0.0, 0.0, 0.0, 0.0, 1.0],
                [0.997906, -0.046953, 0.044488, 0.0, 0.05088, 0.994487, -0.091686, 0.4, -0.039937, 0.093758, 0.994794, -0.0, 0.0, 0.0, 0.0, 1.0],
                [0.287247, -0.046954, 0.956705, 0.0, 0.103339, 0.994487, 0.017781, 0.4, -0.952266, 0.093758, 0.290515, -0.0, 0.0, 0.0, 0.0, 1.0],
                [0.056931, -0.064619, -0.996285, 0.0, 0.180189, 0.982181, -0.053408, 0.4, 0.981983, -0.176479, 0.06756, -0.0, 0.0, 0.0, 0.0, 1.0],
                [0.056931, -0.064619, -0.996285, -0.0, 0.180189, 0.982181, -0.053408, 0.4, 0.981983, -0.176479, 0.06756, -0.0, 0.0, 0.0, 0.0, 1.0],
                [0.971154, -0.064619, 0.229529, -0.0, 0.021218, 0.982181, 0.186736, 0.4, -0.237506, -0.176479, 0.95522, -0.0, 0.0, 0.0, 0.0, 1.0],
                [0.971154, -0.064619, 0.229529, 0.0, 0.021218, 0.982181, 0.186736, 0.4, -0.237506, -0.176479, 0.95522, 0.0, 0.0, 0.0, 0.0, 1.0],
                [0.036246, -0.04572, 0.998296, 0.0, 0.087413, 0.995269, 0.042408, 0.4, -0.995513, 0.085727, 0.040071, 0.0, 0.0, 0.0, 0.0, 1.0],
                [0.999655, 0.005587, -0.025684, 0.0, 0.01312, 0.74066, 0.671752, 0.4, 0.022776, -0.671857, 0.740331, 0.0, 0.0, 0.0, 0.0, 1.0],
                [0.994826, 0.038428, -0.094043, 0.0, 0.03704, 0.724776, 0.687988, 0.4, 0.094598, -0.687912, 0.719603, -0.0, 0.0, 0.0, 0.0, 1.0],
                [0.994826, 0.038428, -0.094043, 0.0, 0.03704, 0.724776, 0.687988, 0.4, 0.094598, -0.687912, 0.719603, 0.0, 0.0, 0.0, 0.0, 1.0],
                [0.849405, -0.0, -0.527742, -0.0, -0.012955, 0.999699, -0.020851, 0.4, 0.527583, 0.024548, 0.849149, 0.0, 0.0, 0.0, 0.0, 1.0],
                [1.0, -0.0, 0.0, 0.0, -0.0, 0.999699, -0.024548, 0.4, 0.0, 0.024548, 0.999699, 0.0, 0.0, 0.0, 0.0, 1.0]
            ]
        },
        {
            "name": "Shoulder_R",
            "time": [0.0, 0.1333, 0.25, 0.3667, 0.55, 0.65, 0.7167, 0.95, 1.1667, 1.4167, 1.7667, 2.1333, 2.2167, 2.3667, 2.5, 2.7, 2.7833, 3.1833, 3.4167],
            "transform": [
                [-0.004613, 0.951979, 0.306128, 0.0, 0.000526, -0.306129, 0.95199, 0.4, 0.999989, 0.004553, 0.000911, 0.0, 0.0, 0.0, 0.0, 1.0],
                [-0.004613, 0.951979, 0.306128, 0.0, 0.000526, -0.306129, 0.95199, 0.4, 0.999989, 0.004553, 0.000911, 0.0, 0.0, 0.0, 0.0, 1.0],
                [-0.004613, 0.951979, 0.306128, -0.0, 0.000526, -0.306129, 0.95199, 0.4, 0.999989, 0.004553, 0.000911, 0.0, 0.0, 0.0, 0.0, 1.0],
                [-0.004613, 0.951979, 0.306128, 0.0, 0.000526, -0.306129, 0.95199, 0.4, 0.999989, 0.004553, 0.000911, -0.0, 0.0, 0.0, 0.0, 1.0],
                [-0.004613, 0.951979, 0.306128, 0.0, 0.000526, -0.306129, 0.95199, 0.4, 0.999989, 0.004553, 0.000911, 0.0, 0.0, 0.0, 0.0, 1.0],
                [-0.004613, 0.951979, 0.306128, 0.0, 0.000526, -0.306129, 0.95199, 0.4, 0.999989, 0.004553, 0.000911, 0.0, 0.0, 0.0, 0.0, 1.0],
                [0.062159, 0.949959, 0.306128, 0.0, -0.020944, -0.305412, 0.95199, 0.4, 0.997846, -0.065586, 0.000911, 0.0, 0.0, 0.0, 0.0, 1.0],
                [0.071628, 0.949292, 0.306128, 0.0, -0.023988, -0.305188, 0.95199, 0.4, 0.997143, -0.075533, 0.000911, 0.0, 0.0, 0.0, 0.0, 1.0],
                [0.26868, 0.913289, 0.306128, 0.0, -0.087317, -0.293412, 0.95199, 0.4, 0.959264, -0.282511, 0.000911, -0.0, 0.0, 0.0, 0.0, 1.0],
                [-0.128081, 0.943335, 0.306128, 0.0, 0.040238, -0.303473, 0.95199, 0.4, 0.990947, 0.13425, 0.000911, -0.0, 0.0, 0.0, 0.0, 1.0],
                [-0.128081, 0.943335, 0.306128, -0.0, 0.040238, -0.303473, 0.95199, 0.4, 0.990947, 0.13425, 0.000911, -0.0, 0.0, 0.0, 0.0, 1.0],
                [-0.128081, 0.943335, 0.306128, 0.0, 0.040238, -0.303473, 0.95199, 0.4, 0.990947, 0.13425, 0.000912, 0.0, 0.0, 0.0, 0.0, 1.0],
                [-0.004613, 0.951979, 0.306128, 0.0, 0.000526, -0.306129, 0.95199, 0.4, 0.999989, 0.004553, 0.000911, 0.0, 0.0, 0.0, 0.0, 1.0],
                [0.484487, 0.819486, 0.306128, -0.0, -0.156619, -0.263032, 0.95199, 0.4, 0.860664, -0.509172, 0.000911, 0.0, 0.0, 0.0, 0.0, 1.0],
                [0.040554, 0.951126, 0.306128, 0.0, -0.013997, -0.305809, 0.95199, 0.4, 0.999079, -0.042892, 0.000911, 0.0, 0.0, 0.0, 0.0, 1.0],
                [-0.004613, 0.951979, 0.306128, 0.0, 0.000526, -0.306129, 0.95199, 0.4, 0.999989, 0.004553, 0.000911, -0.0, 0.0, 0.0, 0.0, 1.0],
                [-0.004613, 0.951979, 0.306128, 0.0, 0.000526, -0.306129, 0.95199, 0.4, 0.999989, 0.004553, 0.000911, 0.0, 0.0, 0.0, 0.0, 1.0],
                [-0.004613, 0.951979, 0.306128, -0.0, 0.000526, -0.306129, 0.95199, 0.4, 0.999989, 0.004553, 0.000911, 0.0, 0.0, 0.0, 0.0, 1.0],
                [-0.004613, 0.951979, 0.306128, 0.0, 0.000526, -0.306129, 0.95199, 0.4, 0.999989, 0.004553, 0.000911, 0.0, 0.0, 0.0, 0.0, 1.0]
            ]
        },
        {
            "name": "Arm_R",
            "time": [0.0, 0.1333, 0.25, 0.3667, 0.55, 0.65, 0.7167, 0.95, 1.0167, 1.1667, 1.25, 1.4167, 1.4833, 1.7667, 2.1333, 2.2167, 2.3667, 2.5, 2.7, 2.7833, 3.1833, 3.4167],
            "transform": [
                [0.101348, -0.728137, -0.677897, -0.0, 0.953637, 0.265202, -0.142285, 0.393861, 0.283383, -0.632047, 0.721256, -0.0, 0.0, 0.0, 0.0, 1.0],
                [0.288297, -0.247432, -0.92502, 0.0, 0.708697, 0.70477, 0.032359, 0.393861, 0.64392, -0.664888, 0.378537, -0.0, 0.0, 0.0, 0.0, 1.0],
                [0.282175, -0.222547, -0.933193, 0.0, 0.709033, 0.703634, 0.046592, 0.39386, 0.646258, -0.674812, 0.356341, 0.0, 0.0, 0.0, 0.0, 1.0],
                [0.26722, -0.171422, -0.948266, 0.0, 0.727029, 0.681736, 0.081636, 0.393861, 0.632473, -0.711232, 0.306803, 0.0, 0.0, 0.0, 0.0, 1.0],
                [0.265369, -0.165343, -0.949864, 0.0, 0.730378, 0.677595, 0.0861, 0.39386, 0.629387, -0.716608, 0.300576, 0.0, 0.0, 0.0, 0.0, 1.0],
                [0.265369, -0.165343, -0.949864, 0.0, 0.730378, 0.677595, 0.0861, 0.39386, 0.629387, -0.716608, 0.300576, 0.0, 0.0, 0.0, 0.0, 1.0],
                [0.008382, -0.935791, -0.352455, -0.0, 0.091465, 0.351707, -0.931631, 0.39386, 0.995773, -0.024428, 0.08854, 0.0, 0.0, 0.0, 0.0, 1.0],
                [0.544765, -0.833818, -0.089317, 0.0, 0.792257, 0.546652, -0.271108, 0.393861, 0.27488, 0.076928, 0.958396, -0.0, 0.0, 0.0, 0.0, 1.0],
                [0.205754, -0.924373, 0.321246, -0.0, 0.949658, 0.109353, -0.293585, 0.39386, 0.236253, 0.365481, 0.900338, 0.0, 0.0, 0.0, 0.0, 1.0],
                [0.98025, -0.12043, -0.156864, -0.0, 0.083126, 0.970637, -0.225731, 0.39386, 0.179443, 0.208233, 0.961478, -0.0, 0.0, 0.0, 0.0, 1.0],
                [0.130054, -0.033125, -0.990953, -0.0, -0.20285, 0.977413, -0.059294, 0.39386, 0.970535, 0.208726, 0.120397, -0.0, 0.0, 0.0, 0.0, 1.0],
                [0.98671, 0.036823, -0.158261, 0.0, -0.073786, 0.969312, -0.234497, 0.393861, 0.144769, 0.243058, 0.959148, 0.0, 0.0, 0.0, 0.0, 1.0],
                [0.986711, -0.079555, -0.141681, 0.0, -0.073786, 0.557488, -0.8269, 0.39386, 0.144769, 0.826365, 0.544209, -0.0, 0.0, 0.0, 0.0, 1.0],
                [0.984796, 0.173587, 0.00662, -0.0, -0.129546, 0.708485, 0.693734, 0.393861, 0.115733, -0.684044, 0.7202, 0.0, 0.0, 0.0, 0.0, 1.0],
                [0.98671, 0.157982, -0.038001, 0.0, -0.073786, 0.644005, 0.761455, 0.39386, 0.144769, -0.748531, 0.647103, -0.0, 0.0, 0.0, 0.0, 1.0],
                [0.288297, -0.920038, -0.265358, -0.0, 0.708697, 0.391376, -0.587003, 0.39386, 0.64392, -0.018827, 0.764861, 0.0, 0.0, 0.0, 0.0, 1.0],
                [0.158689, -0.908238, -0.387198, 0.0, 0.856862, 0.32152, -0.403004, 0.39386, 0.490515, -0.267823, 0.829256, -0.0, 0.0, 0.0, 0.0, 1.0],
                [-0.038521, -0.924433, 0.379394, 0.0, 0.930514, -0.171575, -0.323583, 0.393861, 0.364225, 0.340567, 0.866807, -0.0, 0.0, 0.0, 0.0, 1.0],
                [-0.048122, -0.823511, 0.565255, 0.0, 0.927117, -0.247402, -0.281506, 0.393861, 0.371669, 0.510511, 0.775397, -0.0, 0.0, 0.0, 0.0, 1.0],
                [0.45713, -0.406381, 0.79113, -0.0, 0.684391, 0.728811, -0.021085, 0.39386, -0.568015, 0.551081, 0.611285, 0.0, 0.0, 0.0, 0.0, 1.0],
                [0.084908, -0.00716, -0.996363, 0.0, 0.721274, 0.690341, 0.056504, 0.39386, 0.687426, -0.723448, 0.06378, 0.0, 0.0, 0.0, 0.0, 1.0],
                [0.101348, -0.728137, -0.677897, -0.0, 0.953637, 0.265202, -0.142285, 0.39386, 0.283383, -0.632047, 0.721256, -0.0, 0.0, 0.0, 0.0, 1.0]
            ]
        },
        {
            "name": "Hand_R",
            "time": [0.0, 0.1333, 0.25, 0.3667, 0.55, 0.65, 0.7167, 0.95, 1.0167, 1.1667, 1.4167, 1.4833, 1.7667, 2.1333, 2.2167, 2.3667, 2.5, 2.7, 2.7833, 3.1833, 3.4167],
            "transform": [
                [1.0, -0.0, 0.0, -0.0, 0.0, -0.293999, -0.955806, 0.3, 0.0, 0.955806, -0.293998, 0.0, 0.0, 0.0, 0.0, 1.0],
                [1.0, -0.0, 0.0, -0.0, 0.0, 0.358406, -0.933566, 0.3, 0.0, 0.933566, 0.358406, -0.0, 0.0, 0.0, 0.0, 1.0],
                [1.0, -0.0, 0.0, -0.0, 0.0, 0.377152, -0.926152, 0.3, 0.0, 0.926152, 0.377152, -0.0, 0.0, 0.0, 0.0, 1.0],
                [1.0, -0.0, 0.0, 0.0, 0.0, 0.417622, -0.908621, 0.3, 0.0, 0.908621, 0.417622, 0.0, 0.0, 0.0, 0.0, 1.0],
                [1.0, -0.0, 0.0, 0.0, 0.0, 0.422519, -0.906354, 0.3, 0.0, 0.906354, 0.422519, -0.0, 0.0, 0.0, 0.0, 1.0],
                [1.0, -0.0, 0.0, 0.0, 0.0, 0.422519, -0.906354, 0.3, 0.0, 0.906354, 0.422519, -0.0, 0.0, 0.0, 0.0, 1.0],
                [1.0, -0.0, -0.0, -0.0, 0.0, 0.66242, -0.749133, 0.3, 0.0, 0.749133, 0.66242, -0.0, 0.0, 0.0, 0.0, 1.0],
                [1.0, -0.0, -0.0, -0.0, 0.0, 0.996178, 0.087349, 0.3, 0.0, -0.087349, 0.996178, -0.0, 0.0, 0.0, 0.0, 1.0],
                [1.0, -0.0, -0.0, 0.0, 0.0, 0.797399, -0.603453, 0.3, 0.0, 0.603453, 0.797399, 0.0, 0.0, 0.0, 0.0, 1.0],
                [1.0, -0.0, 0.0, -0.0, 0.0, 0.65058, -0.759438, 0.3, 0.0, 0.759438, 0.65058, 0.0, 0.0, 0.0, 0.0, 1.0],
                [1.0, -0.0, -0.0, 0.0, 0.0, 0.999177, 0.040561, 0.3, 0.0, -0.040561, 0.999177, -0.0, 0.0, 0.0, 0.0, 1.0],
                [1.0, -0.0, 0.0, -0.0, 0.0, 0.675166, -0.737666, 0.3, 0.0, 0.737666, 0.675166, 0.0, 0.0, 0.0, 0.0, 1.0],
                [1.0, -0.0, -0.0, 0.0, 0.0, 0.999998, -0.001788, 0.3, 0.0, 0.001788, 0.999998, -0.0, 0.0, 0.0, 0.0, 1.0],
                [1.0, -0.0, 0.0, -0.0, 0.0, 0.501621, -0.865088, 0.3, 0.0, 0.865088, 0.501621, -0.0, 0.0, 0.0, 0.0, 1.0],
                [1.0, -0.0, 0.0, 0.0, 0.0, 0.999983, -0.005838, 0.3, -0.0, 0.005838, 0.999983, 0.0, 0.0, 0.0, 0.0, 1.0],
                [1.0, 0.0, 0.0, 0.0, 0.0, 0.734106, -0.679035, 0.3, -0.0, 0.679035, 0.734106, 0.0, 0.0, 0.0, 0.0, 1.0],
                [1.0, -0.0, -0.0, 0.0, 0.0, 0.999499, -0.031651, 0.3, 0.0, 0.031651, 0.999499, 0.0, 0.0, 0.0, 0.0, 1.0],
                [1.0, -0.0, -0.0, 0.0, 0.0, 0.999337, 0.036411, 0.3, 0.0, -0.036411, 0.999337, 0.0, 0.0, 0.0, 0.0, 1.0],
                [1.0, -0.0, -0.0, 0.0, 0.0, 0.550531, -0.834815, 0.3, 0.0, 0.834815, 0.55053, 0.0, 0.0, 0.0, 0.0, 1.0],
                [1.0, -0.0, 0.0, -0.0, 0.0, 0.239549, -0.970884, 0.3, 0.0, 0.970884, 0.239549, -0.0, 0.0, 0.0, 0.0, 1.0],
                [1.0, -0.0, 0.0, 0.0, 0.0, -0.293999, -0.955806, 0.3, 0.0, 0.955806, -0.293998, 0.0, 0.0, 0.0, 0.0, 1.0]
            ]
        },
        {
            "name": "Tool_R",
            "time": [0.0, 0.1333, 0.25, 0.3667, 0.55, 0.65, 0.7167, 0.95, 1.1667, 1.4167, 1.4833, 1.6, 1.7, 1.7667, 2.1333, 2.2167, 2.5, 2.7, 2.7833, 2.8333, 3.0, 3.1, 3.1833, 3.4167],
            "transform": [
                [1.0, 0.0, 0.0, 0.0, 0.0, -0.999836, 0.018122, 0.272858, 0.0, -0.018122, -0.999244, -0.0, 0.0, 0.0, 0.0, 1.0],
                [1.0, 0.0, 0.0, 0.0, 0.0, -0.999836, 0.018122, 0.272858, 0.0, -0.018122, -0.999244, -0.0, 0.0, 0.0, 0.0, 1.0],
                [1.0, 0.0, 0.0, -0.0, 0.0, -0.999836, 0.018122, 0.272858, 0.0, -0.018122, -0.999244, 0.0, 0.0, 0.0, 0.0, 1.0],
                [1.0, -0.0, 0.0, 0.0, 0.0, -0.999836, 0.018122, 0.272858, 0.0, -0.018122, -0.999244, 0.0, 0.0, 0.0, 0.0, 1.0],
