{
    "animation": [
        {
            "name": "Root",
            "time": [0.0, 0.2667, 0.4833, 0.6, 1.0333, 1.1667],
            "transform": [
                [0.854689, 0.0, -0.51914, -5e-06, -0.51914, 0.0, -0.854689, 0.000946, 0.0, 1.0, 0.0, 0.743765, 0.0, 0.0, 0.0, 1.0],
                [0.910685, 0.0, -0.413101, -5e-06, -0.413101, 0.0, -0.910685, -0.403149, 0.0, 1.0, 0.0, 0.743765, 0.0, 0.0, 0.0, 1.0],
                [0.995701, 0.0, 0.092629, 0.00111, 0.092629, 0.0, -0.995701, -0.408208, 0.0, 1.0, 0.0, 0.717601, 0.0, 0.0, 0.0, 1.0],
                [0.995701, 0.0, 0.092629, 0.00111, 0.092629, 0.0, -0.995701, -0.408208, 0.0, 1.0, 0.0, 0.717601, 0.0, 0.0, 0.0, 1.0],
                [0.796508, 0.000936, 0.604627, -0.153892, 0.603502, 0.059768, -0.795119, 1.026276, -0.036881, 0.998212, 0.04704, 0.667791, 0.0, 0.0, 0.0, 1.0],
                [0.796508, 0.000936, 0.604627, -0.153892, 0.603502, 0.059768, -0.795119, 1.026276, -0.036881, 0.998212, 0.04704, 0.667791, 0.0, 0.0, 0.0, 1.0]
            ]
        },
        {
            "name": "Thigh_R",
            "time": [0.0, 0.2667, 0.4833, 0.6, 0.7333, 1.0333, 1.1667],
            "transform": [
                [0.979293, 0.193041, -0.060989, 0.124994, 0.184597, -0.97515, -0.122482, -0.002831, -0.083118, 0.108688, -0.990595, -1.2e-05, 0.0, 0.0, 0.0, 1.0],
                [0.922092, 0.175963, -0.344649, 0.124994, 0.119864, -0.976705, -0.177975, -0.002831, -0.367938, 0.122799, -0.921706, -1.2e-05, 0.0, 0.0, 0.0, 1.0],
                [0.979661, -0.037668, 0.197093, 0.124994, 0.012776, -0.968519, -0.248604, -0.002831, 0.200253, 0.246065, -0.948341, -1.2e-05, 0.0, 0.0, 0.0, 1.0],
                [0.979661, -0.037668, 0.197093, 0.124994, 0.012776, -0.968519, -0.248604, -0.002831, 0.200253, 0.246065, -0.948341, -1.2e-05, 0.0, 0.0, 0.0, 1.0],
                [0.973238, 0.19683, 0.118597, 0.124994, 0.02574, -0.606213, 0.794885, -0.002831, 0.228352, -0.770557, -0.595058, -1.2e-05, 0.0, 0.0, 0.0, 1.0],
                [0.692466, 0.478731, 0.539728, 0.124994, -0.018483, -0.736096, 0.676624, -0.002831, 0.721213, -0.478514, -0.500875, -1.2e-05, 0.0, 0.0, 0.0, 1.0],
                [0.692466, 0.478731, 0.539728, 0.124994, -0.018483, -0.736096, 0.676624, -0.002831, 0.721213, -0.478514, -0.500875, -1.2e-05, 0.0, 0.0, 0.0, 1.0]
            ]
        },
        {
            "name": "Leg_R",
            "time": [0.0, 0.2667, 0.4833, 0.6, 0.7333, 1.0333, 1.1667],
            "transform": [
                [1.0, -0.0, 1e-06, -0.0, 0.0, 0.968297, 0.249805, 0.37472, -1e-06, -0.249805, 0.968295, 0.0, 0.0, 0.0, 0.0, 1.0],
                [1.0, -0.0, 1e-06, 0.0, 0.0, 0.894466, 0.447137, 0.37472, -1e-06, -0.447137, 0.894465, 0.0, 0.0, 0.0, 0.0, 1.0],
                [1.0, -0.0, 1e-06, 0.0, 0.0, 0.894466, 0.447137, 0.37472, -1e-06, -0.447137, 0.894465, -0.0, 0.0, 0.0, 0.0, 1.0],
                [1.0, -0.0, 1e-06, 0.0, 0.0, 0.894466, 0.447137, 0.37472, -1e-06, -0.447137, 0.894465, -0.0, 0.0, 0.0, 0.0, 1.0],
                [1.0, -1e-06, -0.0, 0.0, 0.0, -0.006893, 0.999976, 0.37472, -1e-06, -0.999977, -0.006892, 0.0, 0.0, 0.0, 0.0, 1.0],
                [1.0, -0.0, 1e-06, -0.0, 0.0, 0.861977, 0.506947, 0.37472, -1e-06, -0.506948, 0.861976, 0.0, 0.0, 0.0, 0.0, 1.0],
                [1.0, -0.0, 1e-06, -0.0, 0.0, 0.861977, 0.506947, 0.37472, -1e-06, -0.506948, 0.861976, 0.0, 0.0, 0.0, 0.0, 1.0]
            ]
        },
        {
            "name": "Knee_R",
            "time": [0.0, 0.2667, 0.4833, 0.6, 0.7333, 1.0333, 1.1667],
            "transform": [
                [1.0, 0.0, -0.0, -0.0, -0.0, 1e-06, -1.0, 0.37472, -0.0, 1.0, 1e-06, 0.0, 0.0, 0.0, 0.0, 1.0],
                [1.0, 0.0, -0.0, 0.0, -0.0, 1e-06, -1.0, 0.37472, -0.0, 1.0, 1e-06, 0.0, 0.0, 0.0, 0.0, 1.0],
                [1.0, 0.0, -0.0, 0.0, -0.0, 1e-06, -1.0, 0.37472, -0.0, 1.0, 1e-06, -0.0, 0.0, 0.0, 0.0, 1.0],
                [1.0, 0.0, -0.0, 0.0, -0.0, 1e-06, -1.0, 0.37472, -0.0, 1.0, 1e-06, -0.0, 0.0, 0.0, 0.0, 1.0],
                [1.0, 0.0, -0.0, 0.0, -0.0, 0.754165, -0.656685, 0.37472, -0.0, 0.656685, 0.754165, 0.0, 0.0, 0.0, 0.0, 1.0],
                [1.0, 0.0, -0.0, -0.0, -0.0, 1e-06, -1.0, 0.37472, -0.0, 1.0, 1e-06, 0.0, 0.0, 0.0, 0.0, 1.0],
                [1.0, 0.0, -0.0, -0.0, -0.0, 1e-06, -1.0, 0.37472, -0.0, 1.0, 1e-06, 0.0, 0.0, 0.0, 0.0, 1.0]
            ]
        },
        {
            "name": "Thigh_L",
            "time": [0.0, 0.2667, 0.4833, 0.6, 0.7333, 1.0333, 1.1667],
            "transform": [
                [0.866497, -0.165629, -0.470902, -0.125006, -0.027169, -0.957599, 0.28682, -0.002831, -0.498441, -0.235734, -0.834257, -1.2e-05, 0.0, 0.0, 0.0, 1.0],
                [0.888431, -0.249835, -0.385061, -0.125006, -0.024595, -0.863601, 0.503575, -0.002831, -0.45835, -0.437921, -0.773395, -1.2e-05, 0.0, 0.0, 0.0, 1.0],
                [0.999803, 0.007882, 0.018158, -0.125006, -0.005307, -0.776981, 0.629501, -0.002831, 0.01907, -0.629474, -0.776787, -1.2e-05, 0.0, 0.0, 0.0, 1.0],
                [0.999803, 0.007882, 0.018158, -0.125006, -0.005307, -0.776981, 0.629501, -0.002831, 0.01907, -0.629474, -0.776787, -1.2e-05, 0.0, 0.0, 0.0, 1.0],
                [0.936936, -0.288588, 0.197146, -0.125006, -0.103313, -0.767567, -0.632587, -0.002831, 0.33388, 0.572327, -0.748976, -1.2e-05, 0.0, 0.0, 0.0, 1.0],
                [0.833328, -0.183679, 0.521369, -0.125006, -0.055, -0.96605, -0.252432, -0.002831, 0.550035, 0.181684, -0.815139, -1.2e-05, 0.0, 0.0, 0.0, 1.0],
                [0.833328, -0.183679, 0.521369, -0.125006, -0.055, -0.96605, -0.252432, -0.002831, 0.550035, 0.181684, -0.815139, -1.2e-05, 0.0, 0.0, 0.0, 1.0]
            ]
        },
        {
            "name": "Leg_L",
            "time": [0.0, 0.2667, 0.4833, 0.6, 0.7333, 1.0333, 1.1667],
            "transform": [
                [1.0, -0.0, 1e-06, -0.0, 0.0, 0.970944, 0.239307, 0.37472, -1e-06, -0.239306, 0.970944, 0.0, 0.0, 0.0, 0.0, 1.0],
                [1.0, -0.0, 1e-06, 0.0, 0.0, 0.970944, 0.239307, 0.37472, -1e-06, -0.239307, 0.970944, 0.0, 0.0, 0.0, 0.0, 1.0],
                [1.0, -0.0, 1e-06, 0.0, 0.0, 0.970944, 0.239307, 0.37472, -1e-06, -0.239307, 0.970944, -0.0, 0.0, 0.0, 0.0, 1.0],
                [1.0, -0.0, 1e-06, 0.0, 0.0, 0.970944, 0.239307, 0.37472, -1e-06, -0.239307, 0.970944, -0.0, 0.0, 0.0, 0.0, 1.0],
                [0.999999, 0.001367, 0.000458, 0.0, -0.001415, 0.991383, 0.130981, 0.37472, -0.000275, -0.130982, 0.991385, 0.0, 0.0, 0.0, 0.0, 1.0],
                [0.999625, 0.022951, 0.014918, 0.0, -0.027322, 0.870164, 0.492004, 0.37472, -0.001689, -0.492227, 0.870465, 0.0, 0.0, 0.0, 0.0, 1.0],
                [0.999625, 0.022951, 0.014918, 0.0, -0.027322, 0.870164, 0.492004, 0.37472, -0.001689, -0.492227, 0.870465, 0.0, 0.0, 0.0, 0.0, 1.0]
            ]
        },
        {
            "name": "Knee_L",
            "time": [0.0, 0.2667, 0.4833, 0.6, 1.0333, 1.1667],
            "transform": [
                [1.0, 0.0, -0.0, -0.0, -0.0, 1e-06, -1.0, 0.37472, -0.0, 1.0, 1e-06, 0.0, 0.0, 0.0, 0.0, 1.0],
                [1.0, 0.0, -0.0, 0.0, -0.0, 1e-06, -1.0, 0.37472, -0.0, 1.0, 1e-06, 0.0, 0.0, 0.0, 0.0, 1.0],
                [1.0, 0.0, -0.0, 0.0, -0.0, 1e-06, -1.0, 0.37472, -0.0, 1.0, 1e-06, -0.0, 0.0, 0.0, 0.0, 1.0],
                [1.0, 0.0, -0.0, 0.0, -0.0, 1e-06, -1.0, 0.37472, -0.0, 1.0, 1e-06, -0.0, 0.0, 0.0, 0.0, 1.0],
                [1.0, 0.0, -0.0, 0.0, -0.0, 1e-06, -1.0, 0.37472, -0.0, 1.0, 1e-06, 0.0, 0.0, 0.0, 0.0, 1.0],
                [1.0, 0.0, -0.0, 0.0, -0.0, 1e-06, -1.0, 0.37472, -0.0, 1.0, 1e-06, 0.0, 0.0, 0.0, 0.0, 1.0]
            ]
        },
        {
            "name": "Torso",
            "time": [0.0, 0.2667, 0.4833, 0.6, 1.0333, 1.1667],
            "transform": [
                [0.99978, -0.020971, -0.000197, -0.0, 0.020971, 0.999603, 0.018833, 0.05, -0.000198, -0.018833, 0.999823, 0.0, 0.0, 0.0, 0.0, 1.0],
                [0.650746, -0.020934, 0.759007, -0.0, -0.039733, 0.997312, 0.061571, 0.05, -0.758255, -0.070225, 0.648164, -0.0, 0.0, 0.0, 0.0, 1.0],
                [0.906143, -0.044332, 0.420641, 0.0, 0.026463, 0.998486, 0.048226, 0.05, -0.422142, -0.032569, 0.905945, -0.0, 0.0, 0.0, 0.0, 1.0],
                [0.906143, -0.044332, 0.420641, 0.0, 0.026463, 0.998486, 0.048226, 0.05, -0.422142, -0.032569, 0.905945, -0.0, 0.0, 0.0, 0.0, 1.0],
                [0.99978, -0.020934, -0.001276, -0.0, 0.020971, 0.997312, 0.070213, 0.05, -0.000198, -0.070225, 0.997531, 0.0, 0.0, 0.0, 0.0, 1.0],
                [0.99978, -0.020934, -0.001276, -0.0, 0.020971, 0.997312, 0.070213, 0.05, -0.000198, -0.070225, 0.997531, 0.0, 0.0, 0.0, 0.0, 1.0]
            ]
        },
        {
            "name": "Chest",
            "time": [0.0, 0.2667, 0.4833, 0.6, 1.0333, 1.1667],
            "transform": [
                [0.999771, -0.021316, -0.002029, 0.0, 0.021411, 0.994316, 0.104295, 0.3, -0.000206, -0.104315, 0.994544, 0.0, 0.0, 0.0, 0.0, 1.0],
                [0.561429, -0.021316, 0.827251, 0.0, -0.074429, 0.994316, 0.076133, 0.3, -0.824171, -0.104315, 0.556651, 0.0, 0.0, 0.0, 0.0, 1.0],
                [0.526378, 0.081553, 0.846331, 0.0, -0.200053, 0.979324, 0.030056, 0.3, -0.82638, -0.185132, 0.53181, 0.0, 0.0, 0.0, 0.0, 1.0],
                [0.526378, 0.081553, 0.846331, 0.0, -0.200053, 0.979324, 0.030056, 0.3, -0.82638, -0.185132, 0.53181, 0.0, 0.0, 0.0, 0.0, 1.0],
                [0.56364, -0.021316, 0.825745, 0.0, -0.074225, 0.994316, 0.076332, 0.3, -0.822678, -0.104315, 0.558855, -0.0, 0.0, 0.0, 0.0, 1.0],
                [0.56364, -0.021316, 0.825745, 0.0, -0.074225, 0.994316, 0.076332, 0.3, -0.822678, -0.104315, 0.558855, -0.0, 0.0, 0.0, 0.0, 1.0]
            ]
        },
        {
            "name": "Head",
            "time": [0.0, 0.2667, 0.4833, 0.6, 1.0333, 1.1667],
            "transform": [
                [0.853111, 0.037721, 0.520365, -0.0, -0.006297, 0.998055, -0.062025, 0.4, -0.521692, 0.049637, 0.851689, -0.0, 0.0, 0.0, 0.0, 1.0],
                [0.74747, 0.001262, -0.664294, 0.0, -0.04433, 0.997864, -0.047984, 0.4, 0.662814, 0.065315, 0.74593, -0.0, 0.0, 0.0, 0.0, 1.0],
                [0.996404, 0.001262, -0.084719, 0.0, -0.006788, 0.997864, -0.064973, 0.4, 0.084456, 0.065315, 0.994284, -0.0, 0.0, 0.0, 0.0, 1.0],
                [0.996404, 0.001262, -0.084719, 0.0, -0.006788, 0.997864, -0.064973, 0.4, 0.084456, 0.065315, 0.994284, -0.0, 0.0, 0.0, 0.0, 1.0],
                [0.225651, 0.001262, -0.974207, 0.0, -0.063915, 0.997864, -0.013511, 0.4, 0.972109, 0.065315, 0.225249, -0.0, 0.0, 0.0, 0.0, 1.0],
                [0.225651, 0.001262, -0.974207, 0.0, -0.063915, 0.997864, -0.013511, 0.4, 0.972109, 0.065315, 0.225249, -0.0, 0.0, 0.0, 0.0, 1.0]
            ]
        },
        {
            "name": "Shoulder_R",
            "time": [0.0, 0.2667, 0.4833, 0.6, 1.0333, 1.1667],
            "transform": [
                [0.110305, 0.959352, 0.259762, -0.0, 0.091141, -0.270019, 0.958532, 0.4, 0.98971, -0.082056, -0.11722, -0.0, 0.0, 0.0, 0.0, 1.0],
                [0.110305, 0.959352, 0.259762, 0.0, 0.091141, -0.270019, 0.958532, 0.4, 0.98971, -0.082056, -0.11722, -0.0, 0.0, 0.0, 0.0, 1.0],
                [0.110305, 0.959352, 0.259762, 0.0, 0.091141, -0.270019, 0.958532, 0.4, 0.98971, -0.082056, -0.11722, -0.0, 0.0, 0.0, 0.0, 1.0],
                [0.110305, 0.959352, 0.259762, 0.0, 0.091141, -0.270019, 0.958532, 0.4, 0.98971, -0.082056, -0.11722, -0.0, 0.0, 0.0, 0.0, 1.0],
                [-0.100226, 0.960457, 0.259762, 0.0, 0.147492, -0.243849, 0.958532, 0.4, 0.983972, 0.134383, -0.11722, -0.0, 0.0, 0.0, 0.0, 1.0],
                [-0.100226, 0.960457, 0.259762, 0.0, 0.147492, -0.243849, 0.958532, 0.4, 0.983972, 0.134383, -0.11722, -0.0, 0.0, 0.0, 0.0, 1.0]
            ]
        },
        {
            "name": "Arm_R",
            "time": [0.0, 0.2667, 0.4833, 0.6, 0.7, 1.0333, 1.1667],
            "transform": [
                [0.043023, -0.059379, -0.997308, 0.0, 0.813119, 0.582097, 0.00042, 0.39386, 0.580505, -0.810948, 0.073326, 0.0, 0.0, 0.0, 0.0, 1.0],
                [-0.256628, -0.949263, -0.181774, -0.0, 0.321451, 0.093537, -0.942295, 0.39386, 0.911488, -0.30025, 0.281138, -0.0, 0.0, 0.0, 0.0, 1.0],
                [0.05602, -0.614998, -0.786536, 0.0, 0.288557, -0.744183, 0.602434, 0.39386, -0.955823, -0.260709, 0.135773, -0.0, 0.0, 0.0, 0.0, 1.0],
                [0.05602, -0.614998, -0.786536, 0.0, 0.288557, -0.744183, 0.602434, 0.39386, -0.955823, -0.260709, 0.135773, -0.0, 0.0, 0.0, 0.0, 1.0],
                [-0.049964, 0.277533, 0.959416, -0.0, 0.309193, 0.917722, -0.24937, 0.39386, -0.949686, 0.284185, -0.131664, -0.0, 0.0, 0.0, 0.0, 1.0],
                [-0.074135, -0.209352, 0.975026, -0.0, 0.375016, 0.900099, 0.221778, 0.393861, -0.924049, 0.382092, 0.011781, -0.0, 0.0, 0.0, 0.0, 1.0],
                [-0.074135, -0.209352, 0.975026, -0.0, 0.375016, 0.900099, 0.221778, 0.393861, -0.924049, 0.382092, 0.011781, -0.0, 0.0, 0.0, 0.0, 1.0]
            ]
        },
        {
            "name": "Hand_R",
            "time": [0.0, 0.2667, 0.4833, 0.6, 0.6333, 0.7, 1.0333, 1.1667],
            "transform": [
                [0.999998, -0.000848, 0.001614, -0.0, 0.000868, 0.999919, -0.012686, 0.3, -0.001603, 0.012688, 0.999918, 0.0, 0.0, 0.0, 0.0, 1.0],
                [0.999998, -0.000848, 0.001614, 0.0, 0.000868, 0.999919, -0.012686, 0.3, -0.001603, 0.012688, 0.999918, 0.0, 0.0, 0.0, 0.0, 1.0],
                [0.999998, 1.6e-05, 0.001823, 0.0, 0.000868, 0.875273, -0.483628, 0.3, -0.001603, 0.483629, 0.875272, 0.0, 0.0, 0.0, 0.0, 1.0],
                [0.999998, 1.6e-05, 0.001823, 0.0, 0.000868, 0.875273, -0.483628, 0.3, -0.001603, 0.483629, 0.875272, 0.0, 0.0, 0.0, 0.0, 1.0],
                [0.999998, 0.000666, 0.001698, 0.0, 0.000868, 0.644936, -0.764236, 0.3, -0.001604, 0.764236, 0.644934, -0.0, 0.0, 0.0, 0.0, 1.0],
                [0.999998, -0.001015, 0.001514, -0.0, 0.000868, 0.995534, 0.094396, 0.3, -0.001603, -0.094395, 0.995533, 0.0, 0.0, 0.0, 0.0, 1.0],
                [0.999998, -0.000932, 0.001567, -0.0, 0.000868, 0.999177, 0.040557, 0.3, -0.001603, -0.040556, 0.999176, 0.0, 0.0, 0.0, 0.0, 1.0],
                [0.999998, -0.000932, 0.001567, -0.0, 0.000868, 0.999177, 0.040557, 0.3, -0.001603, -0.040556, 0.999176, 0.0, 0.0, 0.0, 0.0, 1.0]
            ]
        },
        {
            "name": "Tool_R",
            "time": [0.0, 0.2667, 0.4833, 0.6, 0.7, 1.0333, 1.1667],
            "transform": [
                [0.993314, -0.054493, -0.101777, 0.010704, -0.088154, -0.927265, -0.363881, 0.330594, -0.074502, 0.37019, -0.925324, 0.180402, 0.0, 0.0, 0.0, 1.0],
                [0.993314, -0.054493, -0.101777, 0.010704, -0.088154, -0.927265, -0.363881, 0.330594, -0.074502, 0.37019, -0.925324, 0.180402, 0.0, 0.0, 0.0, 1.0],
                [0.995876, 0.074579, -0.051656, -0.001588, 0.084798, -0.967589, 0.237865, 0.210746, -0.032222, -0.241132, -0.969347, 0.145598, 0.0, 0.0, 0.0, 1.0],
                [0.995876, 0.074579, -0.051656, -0.001588, 0.084798, -0.967589, 0.237865, 0.210746, -0.032222, -0.241132, -0.969347, 0.145598, 0.0, 0.0, 0.0, 1.0],
                [0.995439, 0.078465, 0.054261, -0.011909, 0.061894, -0.098365, -0.993224, 0.282838, -0.072553, 0.991464, -0.102723, -0.011611, 0.0, 0.0, 0.0, 1.0],
                [0.995876, 0.032386, 0.084743, -0.008708, 0.084805, -0.000557, -0.996398, 0.494109, -0.032202, 0.998884, -0.00331, 0.088537, 0.0, 0.0, 0.0, 1.0],
                [0.995876, 0.032386, 0.084743, -0.008708, 0.084805, -0.000557, -0.996398, 0.494109, -0.032202, 0.998884, -0.00331, 0.088537, 0.0, 0.0, 0.0, 1.0]
            ]
        },
        {
            "name": "Elbow_R",
            "time": [0.0, 0.2667, 0.4833, 0.6, 0.6333, 1.0333, 1.1667],
            "transform": [
                [-1.0, 0.0, -0.0, -0.0, 0.0, 0.0, -1.0, 0.429832, -0.0, -1.0, 0.0, 0.0, 0.0, 0.0, 0.0, 1.0],
                [-1.0, 0.0, -0.0, 0.0, -0.0, -0.0, -1.0, 0.429832, -0.0, -1.0, 0.0, 0.0, 0.0, 0.0, 0.0, 1.0],
                [-1.0, 0.0, -0.0, 0.0, 0.0, -0.0, -1.0, 0.429832, -0.0, -1.0, 0.0, 0.0, 0.0, 0.0, 0.0, 1.0],
                [-1.0, 0.0, -0.0, 0.0, 0.0, -0.0, -1.0, 0.429832, -0.0, -1.0, 0.0, 0.0, 0.0, 0.0, 0.0, 1.0],
                [-1.0, 0.0, -0.0, 0.009475, 0.0, -0.0, -1.0, 0.37527, -0.0, -1.0, 0.0, 0.003493, 0.0, 0.0, 0.0, 1.0],
                [-1.0, 0.0, -0.0, 0.0, 0.0, -0.0, -1.0, 0.429832, -0.0, -1.0, 0.0, 0.0, 0.0, 0.0, 0.0, 1.0],
                [-1.0, 0.0, -0.0, 0.0, 0.0, -0.0, -1.0, 0.429832, -0.0, -1.0, 0.0, 0.0, 0.0, 0.0, 0.0, 1.0]
            ]
        },
        {
            "name": "Shoulder_L",
            "time": [0.0, 0.2667, 0.4833, 0.6, 1.0333, 1.1667],
            "transform": [
                [-0.226937, -0.879834, -0.417602, -0.0, -0.021067, -0.424255, 0.905298, 0.4, -0.973681, 0.214243, 0.077744, -0.0, 0.0, 0.0, 0.0, 1.0],
                [-0.226937, -0.879834, -0.417602, 0.0, -0.021067, -0.424255, 0.905298, 0.4, -0.973681, 0.214243, 0.077744, -0.0, 0.0, 0.0, 0.0, 1.0],
                [-0.226937, -0.879834, -0.417602, 0.0, -0.021067, -0.424255, 0.905298, 0.4, -0.973681, 0.214243, 0.077744, -0.0, 0.0, 0.0, 0.0, 1.0],
                [-0.226937, -0.879834, -0.417602, 0.0, -0.021067, -0.424255, 0.905298, 0.4, -0.973681, 0.214243, 0.077744, -0.0, 0.0, 0.0, 0.0, 1.0],
                [-0.226937, -0.879834, -0.417602, 0.0, -0.021067, -0.424255, 0.905298, 0.4, -0.973681, 0.214243, 0.077744, -0.0, 0.0, 0.0, 0.0, 1.0],
                [-0.226937, -0.879834, -0.417602, 0.0, -0.021067, -0.424255, 0.905298, 0.4, -0.973681, 0.214243, 0.077744, -0.0, 0.0, 0.0, 0.0, 1.0]
            ]
        },
        {
            "name": "Arm_L",
            "time": [0.0, 0.2667, 0.4833, 0.6, 1.0333, 1.1667],
            "transform": [
                [-0.136384, 0.036069, 0.989999, 0.0, -0.636592, 0.762506, -0.115479, 0.39386, -0.759045, -0.645975, -0.081033, -0.0, 0.0, 0.0, 0.0, 1.0],
                [-0.134189, 0.034993, 0.990338, 0.0, -0.626357, 0.77143, -0.112128, 0.39386, -0.7679, -0.635351, -0.0816, 0.0, 0.0, 0.0, 0.0, 1.0],
                [-0.675246, -0.251511, 0.693386, 0.0, -0.43458, 0.895233, -0.098484, 0.39386, -0.595972, -0.367832, -0.713804, -0.0, 0.0, 0.0, 0.0, 1.0],
                [-0.675246, -0.251511, 0.693386, 0.0, -0.43458, 0.895233, -0.098484, 0.39386, -0.595972, -0.367832, -0.713804, -0.0, 0.0, 0.0, 0.0, 1.0],
                [-0.52485, -0.060082, 0.849072, 0.0, -0.261486, 0.960652, -0.093659, 0.393861, -0.810035, -0.271177, -0.519909, -0.0, 0.0, 0.0, 0.0, 1.0],
                [-0.52485, -0.060082, 0.849072, 0.0, -0.261486, 0.960652, -0.093659, 0.393861, -0.810035, -0.271177, -0.519909, -0.0, 0.0, 0.0, 0.0, 1.0]
            ]
        },
        {
            "name": "Hand_L",
            "time": [0.0, 0.2667, 0.4833, 0.6, 1.0333, 1.1667],
            "transform": [
                [0.999993, -0.001541, -0.00347, 0.0, 0.000938, 0.985901, -0.167329, 0.3, 0.003679, 0.167324, 0.985895, 0.0, 0.0, 0.0, 0.0, 1.0],
                [0.999993, -0.001541, -0.00347, 0.0, 0.000938, 0.985901, -0.167329, 0.3, 0.003679, 0.167324, 0.985895, -0.0, 0.0, 0.0, 0.0, 1.0],
                [0.999993, -0.001878, -0.0033, 0.0, 0.000938, 0.964374, -0.26454, 0.3, 0.003679, 0.264535, 0.964369, -0.0, 0.0, 0.0, 0.0, 1.0],
                [0.999993, -0.001878, -0.0033, 0.0, 0.000938, 0.964374, -0.26454, 0.3, 0.003679, 0.264535, 0.964369, -0.0, 0.0, 0.0, 0.0, 1.0],
                [0.999993, -0.001878, -0.0033, -0.0, 0.000938, 0.964375, -0.26454, 0.3, 0.003679, 0.264535, 0.964369, -0.0, 0.0, 0.0, 0.0, 1.0],
                [0.999993, -0.001878, -0.0033, -0.0, 0.000938, 0.964375, -0.26454, 0.3, 0.003679, 0.264535, 0.964369, -0.0, 0.0, 0.0, 0.0, 1.0]
            ]
        },
        {
            "name": "Tool_L",
            "time": [0.0, 0.2667, 0.4833, 0.6, 1.0333, 1.1667],
            "transform": [
                [0.997004, 0.01104, -0.076554, 0.0, -0.036659, -0.804079, -0.593391, 0.272858, -0.068067, 0.594062, -0.8008, -0.0, 0.0, 0.0, 0.0, 1.0],
                [0.997004, 0.01104, -0.076554, 0.0, -0.036659, -0.804079, -0.593391, 0.272858, -0.068067, 0.594062, -0.8008, -0.0, 0.0, 0.0, 0.0, 1.0],
                [0.997004, 0.01104, -0.076554, 0.0, -0.036659, -0.804079, -0.593391, 0.272858, -0.068067, 0.594062, -0.8008, -0.0, 0.0, 0.0, 0.0, 1.0],
                [0.997004, 0.01104, -0.076554, 0.0, -0.036659, -0.804079, -0.593391, 0.272858, -0.068067, 0.594062, -0.8008, -0.0, 0.0, 0.0, 0.0, 1.0],
                [0.997004, 0.01104, -0.076554, -0.0, -0.036659, -0.804079, -0.593391, 0.272858, -0.068067, 0.594062, -0.8008, -0.0, 0.0, 0.0, 0.0, 1.0],
                [0.997004, 0.01104, -0.076554, -0.0, -0.036659, -0.804079, -0.593391, 0.272858, -0.068067, 0.594062, -0.8008, -0.0, 0.0, 0.0, 0.0, 1.0]
            ]
        },
        {
            "name": "Elbow_L",
            "time": [0.0, 0.2667, 0.4833, 0.6, 1.0333, 1.1667],
            "transform": [
                [-1.0, 0.0, -0.0, 2.7e-05, -0.0, -0.0, -1.0, 0.396148, -0.0, -1.0, -0.0, -0.002121, 0.0, 0.0, 0.0, 1.0],
                [-1.0, 0.0, -0.0, 2.7e-05, 0.0, -0.0, -1.0, 0.396148, -0.0, -1.0, -0.0, -0.002121, 0.0, 0.0, 0.0, 1.0],
                [-1.0, 0.0, -0.0, 2.7e-05, 0.0, -0.0, -1.0, 0.396148, -0.0, -1.0, 0.0, -0.002121, 0.0, 0.0, 0.0, 1.0],
                [-1.0, 0.0, -0.0, 2.7e-05, 0.0, -0.0, -1.0, 0.396148, -0.0, -1.0, 0.0, -0.002121, 0.0, 0.0, 0.0, 1.0],
                [-1.0, 0.0, -0.0, 2.7e-05, 0.0, -0.0, -1.0, 0.396147, -0.0, -1.0, -0.0, -0.002121, 0.0, 0.0, 0.0, 1.0],
                [-1.0, 0.0, -0.0, 2.7e-05, 0.0, -0.0, -1.0, 0.396147, -0.0, -1.0, -0.0, -0.002121, 0.0, 0.0, 0.0, 1.0]
            ]
        }
    ]
}