{
    "animation": [
        {
            "name": "Root",
            "time": [0.0, 0.1167, 0.2167, 0.3833, 0.5167, 0.6, 0.7, 1.0333, 1.2167],
            "transform": [
                [0.854689, 0.0, -0.51914, -5e-06, -0.51914, 0.0, -0.854689, 0.000946, 0.0, 1.0, 0.0, 0.743765, 0.0, 0.0, 0.0, 1.0],
                [0.992633, 0.030406, 0.117287, -0.042771, 0.11721, 0.004302, -0.993098, -0.267693, -0.030701, 0.999528, 0.000706, 0.747893, 0.0, 0.0, 0.0, 1.0],
                [0.695548, 0.0, 0.718479, -0.049236, 0.718479, 0.0, -0.695548, -0.512158, 0.0, 1.0, 0.0, 0.688205, 0.0, 0.0, 0.0, 1.0],
                [0.581434, 0.0, 0.813594, -0.046324, 0.813594, 0.0, -0.581434, -0.572592, 0.0, 1.0, 0.0, 0.750296, 0.0, 0.0, 0.0, 1.0],
                [0.663548, -0.028498, 0.747591, -0.073386, 0.747911, 0.049627, -0.661941, -0.444019, -0.018237, 0.998361, 0.054244, 0.723505, 0.0, 0.0, 0.0, 1.0],
                [0.940961, 0.245698, 0.232861, -0.064204, 0.224659, 0.061309, -0.972507, 0.008856, -0.25322, 0.967406, 0.002491, 0.748514, 0.0, 0.0, 0.0, 1.0],
                [0.308803, 0.000625, -0.951126, -0.01926, -0.951007, 0.016035, -0.308754, 1.034338, 0.015059, 0.999871, 0.005546, 0.565857, 0.0, 0.0, 0.0, 1.0],
                [0.009706, 0.001688, -0.999951, -0.019869, -0.999952, 0.000933, -0.009705, 1.060514, 0.000916, 0.999998, 0.001697, 0.606701, 0.0, 0.0, 0.0, 1.0],
                [0.009706, 0.001688, -0.999951, -0.019869, -0.999952, 0.000933, -0.009705, 1.060514, 0.000916, 0.999998, 0.001697, 0.606701, 0.0, 0.0, 0.0, 1.0]
            ]
        },
        {
            "name": "Thigh_R",
            "time": [0.0, 0.2167, 0.3833, 0.5167, 0.6, 0.7, 1.0333, 1.2167],
            "transform": [
                [0.979293, 0.193041, -0.060989, 0.124994, 0.184597, -0.975152, -0.122482, -0.002831, -0.083118, 0.108688, -0.990596, -1.2e-05, 0.0, 0.0, 0.0, 1.0],
                [0.985752, 0.167042, -0.019727, 0.217595, 0.158451, -0.882839, 0.442141, 0.009164, 0.05644, -0.438967, -0.896729, -0.069192, 0.0, 0.0, 0.0, 1.0],
                [0.986083, 0.165647, -0.014142, 0.194223, 0.150334, -0.852128, 0.501275, -0.043943, 0.070984, -0.496425, -0.865173, -0.041418, 0.0, 0.0, 0.0, 1.0],
                [0.9746, 0.2084, -0.081993, 0.186219, 0.216335, -0.781431, 0.58529, -0.042322, 0.057903, -0.588161, -0.806669, -0.04188, 0.0, 0.0, 0.0, 1.0],
                [0.888994, 0.199464, -0.412193, 0.173937, 0.422712, -0.703585, 0.571211, -0.029178, -0.176077, -0.682042, -0.7098, -0.045628, 0.0, 0.0, 0.0, 1.0],
                [0.738502, 0.39199, -0.548597, 0.180231, 0.494691, -0.86786, 0.045823, 0.032448, -0.458143, -0.305226, -0.834831, -0.036671, 0.0, 0.0, 0.0, 1.0],
                [0.648962, 0.605417, -0.46078, 0.164398, 0.619539, -0.772046, -0.141829, -0.014081, -0.441609, -0.193429, -0.876109, -0.049932, 0.0, 0.0, 0.0, 1.0],
                [0.648962, 0.605417, -0.46078, 0.164398, 0.619539, -0.772046, -0.141829, -0.014081, -0.441609, -0.193429, -0.876109, -0.049932, 0.0, 0.0, 0.0, 1.0]
            ]
        },
        {
            "name": "Leg_R",
            "time": [0.0, 0.2167, 0.3833, 0.5167, 0.6, 0.7, 1.0333, 1.2167],
            "transform": [
                [1.0, -0.0, 1e-06, 0.0, 0.0, 0.968297, 0.249805, 0.37472, -1e-06, -0.249805, 0.968295, 0.0, 0.0, 0.0, 0.0, 1.0],
                [1.0, -0.0, 1e-06, 0.0, 0.0, 0.925622, 0.378451, 0.37472, -1e-06, -0.378452, 0.92562, -0.0, 0.0, 0.0, 0.0, 1.0],
                [1.0, -0.0, 1e-06, 0.0, 0.0, 0.968297, 0.249805, 0.37472, -1e-06, -0.249805, 0.968295, 0.0, 0.0, 0.0, 0.0, 1.0],
                [1.0, -1e-06, 1e-06, -0.0, 0.0, 0.730693, 0.682706, 0.37472, -1e-06, -0.682707, 0.730692, 0.0, 0.0, 0.0, 0.0, 1.0],
                [1.0, -1e-06, 0.0, 0.0, 0.0, 0.56638, 0.824144, 0.37472, -1e-06, -0.824145, 0.566379, 0.0, 0.0, 0.0, 0.0, 1.0],
                [1.0, -1e-06, 1e-06, -0.0, 0.0, 0.778424, 0.627739, 0.37472, -1e-06, -0.62774, 0.778423, -0.0, 0.0, 0.0, 0.0, 1.0],
                [1.0, -0.0, 1e-06, 0.0, 0.0, 0.968297, 0.249805, 0.37472, -1e-06, -0.249805, 0.968295, -0.0, 0.0, 0.0, 0.0, 1.0],
                [1.0, -0.0, 1e-06, 0.0, 0.0, 0.968297, 0.249805, 0.37472, -1e-06, -0.249805, 0.968295, -0.0, 0.0, 0.0, 0.0, 1.0]
            ]
        },
        {
            "name": "Knee_R",
            "time": [0.0, 0.2167, 0.3833, 0.5167, 0.7, 1.0333, 1.2167],
            "transform": [
                [1.0, 0.0, -0.0, 0.0, -0.0, 1e-06, -1.0, 0.37472, -0.0, 1.0, 1e-06, 0.0, 0.0, 0.0, 0.0, 1.0],
                [1.0, 0.0, -0.0, 0.0, -0.0, 1e-06, -1.0, 0.37472, -0.0, 1.0, 1e-06, -0.0, 0.0, 0.0, 0.0, 1.0],
                [1.0, 0.0, -0.0, 0.0, -0.0, 1e-06, -1.0, 0.37472, -0.0, 1.0, 1e-06, 0.0, 0.0, 0.0, 0.0, 1.0],
                [1.0, 0.0, -0.0, -0.0, -0.0, 1e-06, -1.0, 0.37472, -0.0, 1.0, 1e-06, 0.0, 0.0, 0.0, 0.0, 1.0],
                [1.0, 0.0, -0.0, -0.0, -0.0, 1e-06, -1.0, 0.37472, -0.0, 1.0, 1e-06, -0.0, 0.0, 0.0, 0.0, 1.0],
                [1.0, 0.0, -0.0, 0.0, -0.0, 1e-06, -1.0, 0.37472, -0.0, 1.0, 1e-06, -0.0, 0.0, 0.0, 0.0, 1.0],
                [1.0, 0.0, -0.0, 0.0, -0.0, 1e-06, -1.0, 0.37472, -0.0, 1.0, 1e-06, -0.0, 0.0, 0.0, 0.0, 1.0]
            ]
        },
        {
            "name": "Thigh_L",
            "time": [0.0, 0.1167, 0.2167, 0.3833, 0.5167, 0.6, 0.7, 1.0333, 1.2167],
            "transform": [
                [0.866497, -0.165629, -0.470902, -0.125006, -0.027169, -0.957599, 0.28682, -0.002831, -0.498441, -0.235734, -0.834257, -1.2e-05, 0.0, 0.0, 0.0, 1.0],
                [0.773292, -0.464852, -0.431197, -0.131053, -0.177336, -0.811495, 0.556801, -0.006173, -0.608744, -0.354103, -0.709958, 0.02958, 0.0, 0.0, 0.0, 1.0],
                [0.669613, -0.405495, -0.622247, -0.209706, -0.299559, -0.914091, 0.273317, 0.00515, -0.679619, 0.003383, -0.733557, 0.063549, 0.0, 0.0, 0.0, 1.0],
                [0.661766, -0.37803, -0.647424, -0.198712, -0.324862, -0.922874, 0.206805, -0.021851, -0.675669, 0.073467, -0.733535, 0.04579, 0.0, 0.0, 0.0, 1.0],
                [0.631411, -0.396676, -0.666309, -0.198712, -0.317751, -0.916159, 0.24431, -0.021852, -0.707356, 0.05746, -0.704517, 0.04579, 0.0, 0.0, 0.0, 1.0],
                [0.893491, -0.382394, -0.235473, -0.112993, -0.196623, -0.804527, 0.560424, 0.032948, -0.403748, -0.454435, -0.794025, 0.016476, 0.0, 0.0, 0.0, 1.0],
                [0.310191, -0.843001, -0.439465, -0.198712, -0.025114, -0.469372, 0.882643, -0.021851, -0.950342, -0.262752, -0.166767, 0.04579, 0.0, 0.0, 0.0, 1.0],
                [0.22076, -0.753741, -0.618983, -0.198712, -0.05161, -0.642779, 0.76431, -0.021851, -0.973961, -0.136783, -0.180801, 0.04579, 0.0, 0.0, 0.0, 1.0],
                [0.22076, -0.753741, -0.618983, -0.198712, -0.05161, -0.642779, 0.76431, -0.021851, -0.973961, -0.136783, -0.180801, 0.04579, 0.0, 0.0, 0.0, 1.0]
            ]
        },
        {
            "name": "Leg_L",
            "time": [0.0, 0.1167, 0.2167, 0.3833, 0.5167, 0.6, 0.7, 1.0333, 1.2167],
            "transform": [
                [1.0, -0.0, 1e-06, -0.0, 0.0, 0.970944, 0.239307, 0.37472, -1e-06, -0.239306, 0.970944, -0.0, 0.0, 0.0, 0.0, 1.0],
                [1.0, -1e-06, 1e-06, -0.0, 0.0, 0.723302, 0.690532, 0.37472, -1e-06, -0.690531, 0.723302, -0.0, 0.0, 0.0, 0.0, 1.0],
                [1.0, -1e-06, 1e-06, 0.0, 0.0, 0.857463, 0.514546, 0.37472, -1e-06, -0.514546, 0.857463, -0.0, 0.0, 0.0, 0.0, 1.0],
                [1.0, -0.0, 1e-06, 0.0, 0.0, 0.970944, 0.239307, 0.37472, -1e-06, -0.239306, 0.970944, 0.0, 0.0, 0.0, 0.0, 1.0],
                [1.0, -1e-06, 1e-06, -0.0, 0.0, 0.910611, 0.413265, 0.37472, -1e-06, -0.413265, 0.910611, 0.0, 0.0, 0.0, 0.0, 1.0],
                [1.0, -1e-06, 0.0, -0.0, 0.0, 0.042334, 0.999104, 0.37472, -1e-06, -0.999103, 0.042334, -0.0, 0.0, 0.0, 0.0, 1.0],
                [1.0, -1e-06, 1e-06, 0.0, 0.0, 0.566273, 0.824218, 0.37472, -1e-06, -0.824217, 0.566274, 0.0, 0.0, 0.0, 0.0, 1.0],
                [1.0, -1e-06, 1e-06, -0.0, 0.0, 0.911425, 0.411465, 0.37472, -1e-06, -0.411465, 0.911426, 0.0, 0.0, 0.0, 0.0, 1.0],
                [1.0, -1e-06, 1e-06, -0.0, 0.0, 0.911425, 0.411465, 0.37472, -1e-06, -0.411465, 0.911426, 0.0, 0.0, 0.0, 0.0, 1.0]
            ]
        },
        {
            "name": "Knee_L",
            "time": [0.0, 0.2167, 0.3833, 0.5167, 0.7, 1.0333, 1.2167],
            "transform": [
                [1.0, 0.0, -0.0, -0.0, -0.0, 1e-06, -1.0, 0.37472, -0.0, 1.0, 1e-06, -0.0, 0.0, 0.0, 0.0, 1.0],
                [1.0, 0.0, -0.0, 0.0, -0.0, 1e-06, -1.0, 0.37472, -0.0, 1.0, 1e-06, -0.0, 0.0, 0.0, 0.0, 1.0],
                [1.0, 0.0, -0.0, 0.0, -0.0, 1e-06, -1.0, 0.37472, -0.0, 1.0, 1e-06, 0.0, 0.0, 0.0, 0.0, 1.0],
                [1.0, 0.0, -0.0, -0.0, -0.0, 1e-06, -1.0, 0.37472, -0.0, 1.0, 1e-06, 0.0, 0.0, 0.0, 0.0, 1.0],
                [1.0, 0.0, -0.0, 0.0, -0.0, 1e-06, -1.0, 0.37472, -0.0, 1.0, 1e-06, 0.0, 0.0, 0.0, 0.0, 1.0],
                [1.0, 0.0, -0.0, -0.0, -0.0, 1e-06, -1.0, 0.37472, -0.0, 1.0, 1e-06, 0.0, 0.0, 0.0, 0.0, 1.0],
                [1.0, 0.0, -0.0, -0.0, -0.0, 1e-06, -1.0, 0.37472, -0.0, 1.0, 1e-06, 0.0, 0.0, 0.0, 0.0, 1.0]
            ]
        },
        {
            "name": "Torso",
            "time": [0.0, 0.2167, 0.3833, 0.5167, 0.7, 1.0333, 1.2167],
            "transform": [
                [0.99978, -0.020971, -0.000197, -0.0, 0.020971, 0.999603, 0.018833, 0.05, -0.000198, -0.018833, 0.999823, 0.0, 0.0, 0.0, 0.0, 1.0],
                [0.887391, -0.034117, 0.459753, 0.0, -0.0003, 0.997215, 0.074579, 0.05, -0.461017, -0.066318, 0.88491, -0.0, 0.0, 0.0, 0.0, 1.0],
                [0.954518, -0.020971, 0.297415, 0.0, 0.014415, 0.999603, 0.024222, 0.05, -0.297805, -0.018833, 0.954441, -0.0, 0.0, 0.0, 0.0, 1.0],
                [0.948109, -0.033598, 0.316166, 0.0, 0.023859, 0.999116, 0.034624, 0.05, -0.31705, -0.025283, 0.948072, 0.0, 0.0, 0.0, 0.0, 1.0],
                [0.775171, -0.245979, 0.581897, -0.0, 0.137001, 0.964619, 0.225258, 0.05, -0.616717, -0.094893, 0.781444, -0.0, 0.0, 0.0, 0.0, 1.0],
                [0.760844, -0.259251, 0.594899, -0.0, 0.14155, 0.960959, 0.237741, 0.05, -0.633309, -0.096676, 0.767837, -0.0, 0.0, 0.0, 0.0, 1.0],
                [0.760844, -0.259251, 0.594899, -0.0, 0.14155, 0.960959, 0.237741, 0.05, -0.633309, -0.096676, 0.767837, -0.0, 0.0, 0.0, 0.0, 1.0]
            ]
        },
        {
            "name": "Chest",
            "time": [0.0, 0.1167, 0.2167, 0.3833, 0.5167, 0.7, 1.0333, 1.2167],
            "transform": [
                [0.999771, -0.021316, -0.002029, 0.0, 0.021411, 0.994316, 0.104295, 0.3, -0.000206, -0.104315, 0.994544, 0.0, 0.0, 0.0, 0.0, 1.0],
                [0.98579, -0.051754, 0.159812, 0.0, -0.00578, 0.940342, 0.340181, 0.3, -0.167884, -0.33627, 0.926681, -0.0, 0.0, 0.0, 0.0, 1.0],
                [0.943562, -0.024124, 0.330315, 0.0, -0.039722, 0.981901, 0.185182, 0.3, -0.328804, -0.187851, 0.925527, 0.0, 0.0, 0.0, 0.0, 1.0],
                [0.929745, -0.026308, 0.367263, -0.0, -0.048532, 0.979986, 0.193059, 0.3, -0.364992, -0.19732, 0.90986, -0.0, 0.0, 0.0, 0.0, 1.0],
                [0.875972, -0.026421, 0.481638, -0.0, -0.072417, 0.979979, 0.185465, 0.3, -0.476895, -0.19734, 0.856521, -0.0, 0.0, 0.0, 0.0, 1.0],
                [0.884676, -0.026322, 0.465464, 0.0, -0.069073, 0.979985, 0.186702, 0.3, -0.461062, -0.197322, 0.865151, -0.0, 0.0, 0.0, 0.0, 1.0],
                [0.88268, -0.026308, 0.469238, -0.0, -0.069882, 0.979986, 0.186397, 0.3, -0.46475, -0.19732, 0.863176, -0.0, 0.0, 0.0, 0.0, 1.0],
                [0.88268, -0.026308, 0.469238, -0.0, -0.069882, 0.979986, 0.186397, 0.3, -0.46475, -0.19732, 0.863176, -0.0, 0.0, 0.0, 0.0, 1.0]
            ]
        },
        {
            "name": "Head",
            "time": [0.0, 0.1167, 0.2167, 0.3833, 0.5167, 0.7, 1.0333, 1.2167],
            "transform": [
                [0.853111, 0.037721, 0.520365, -0.0, -0.006297, 0.998055, -0.062025, 0.4, -0.521692, 0.049637, 0.851689, -0.0, 0.0, 0.0, 0.0, 1.0],
                [0.85121, 0.037721, -0.523468, -0.0, -0.058112, 0.998055, -0.022576, 0.4, 0.521598, 0.049637, 0.851746, -0.0, 0.0, 0.0, 0.0, 1.0],
                [0.479801, 0.037721, -0.876566, 0.0, -0.061661, 0.998055, 0.009198, 0.4, 0.875208, 0.049637, 0.481194, -0.0, 0.0, 0.0, 0.0, 1.0],
                [0.324775, 0.037721, -0.945039, 0.0, -0.05922, 0.998055, 0.019485, 0.4, 0.943936, 0.049637, 0.326377, -0.0, 0.0, 0.0, 0.0, 1.0],
                [0.396397, 0.021512, -0.917827, 0.0, -0.062491, 0.998039, -0.003597, 0.4, 0.91595, 0.058782, 0.396964, -0.0, 0.0, 0.0, 0.0, 1.0],
                [0.964339, -0.073934, 0.254133, 0.0, 0.155747, 0.934861, -0.319026, 0.4, -0.213992, 0.347229, 0.913038, 0.0, 0.0, 0.0, 0.0, 1.0],
                [0.941804, -0.065924, 0.329634, 0.0, 0.178242, 0.929323, -0.323402, 0.4, -0.285016, 0.363336, 0.886991, 0.0, 0.0, 0.0, 0.0, 1.0],
                [0.941804, -0.065924, 0.329634, 0.0, 0.178242, 0.929323, -0.323402, 0.4, -0.285016, 0.363336, 0.886991, 0.0, 0.0, 0.0, 0.0, 1.0]
            ]
        },
        {
            "name": "Shoulder_R",
            "time": [0.0, 0.2167, 0.3833, 0.5167, 0.7, 1.0333, 1.2167],
            "transform": [
                [0.110305, 0.959352, 0.259762, -0.0, 0.091141, -0.270019, 0.958532, 0.4, 0.98971, -0.082056, -0.11722, -0.0, 0.0, 0.0, 0.0, 1.0],
                [0.731634, 0.620959, 0.281285, 0.0, 0.066314, -0.475498, 0.877214, 0.4, 0.678464, -0.623146, -0.389069, -0.0, 0.0, 0.0, 0.0, 1.0],
                [0.78453, 0.557954, 0.270554, 0.0, 0.05366, -0.495764, 0.866798, 0.4, 0.617765, -0.665511, -0.418881, -0.0, 0.0, 0.0, 0.0, 1.0],
                [0.805931, 0.530889, 0.261976, 0.0, 0.025496, -0.473236, 0.880567, 0.4, 0.59146, -0.702996, -0.394931, -0.0, 0.0, 0.0, 0.0, 1.0],
                [0.91708, 0.31487, 0.244582, 0.0, -0.237441, -0.061481, 0.969454, 0.4, 0.320289, -0.947141, 0.01838, 0.0, 0.0, 0.0, 0.0, 1.0],
                [0.851734, 0.4634, 0.24456, 0.0, -0.236468, -0.076557, 0.968618, 0.4, 0.467581, -0.882835, 0.044373, 0.0, 0.0, 0.0, 0.0, 1.0],
                [0.851734, 0.4634, 0.24456, 0.0, -0.236468, -0.076557, 0.968618, 0.4, 0.467581, -0.882835, 0.044373, 0.0, 0.0, 0.0, 0.0, 1.0]
            ]
        },
        {
            "name": "Arm_R",
            "time": [0.0, 0.1167, 0.2167, 0.3833, 0.5167, 0.6, 0.7, 1.0333, 1.2167],
            "transform": [
                [0.043023, -0.059379, -0.997308, 0.0, 0.813119, 0.582097, 0.00042, 0.39386, 0.580505, -0.810948, 0.073326, 0.0, 0.0, 0.0, 0.0, 1.0],
                [-0.243869, -0.812737, -0.529137, -0.0, 0.368812, 0.426895, -0.825675, 0.393861, 0.896942, -0.396509, 0.195641, -0.0, 0.0, 0.0, 0.0, 1.0],
                [-0.135496, -0.8991, -0.416244, 0.0, 0.716616, -0.379046, 0.585479, 0.39386, -0.68418, -0.218957, 0.695669, 0.0, 0.0, 0.0, 0.0, 1.0],
                [-0.229053, -0.912168, -0.33983, -0.0, 0.619795, -0.405865, 0.671661, 0.393861, -0.750592, -0.056779, 0.658322, -0.0, 0.0, 0.0, 0.0, 1.0],
                [-0.208971, -0.925146, -0.316918, -0.0, 0.601901, -0.377094, 0.703928, 0.39386, -0.770744, -0.043652, 0.635648, -0.0, 0.0, 0.0, 0.0, 1.0],
                [-0.06092, -0.962566, -0.264111, -0.0, 0.565556, -0.251316, 0.785485, 0.393861, -0.822457, -0.101518, 0.559696, -0.0, 0.0, 0.0, 0.0, 1.0],
                [0.13714, -0.603153, 0.785748, -0.0, 0.409333, 0.756853, 0.50953, 0.393861, -0.902019, 0.251756, 0.350685, 0.0, 0.0, 0.0, 0.0, 1.0],
                [0.068974, -0.885068, 0.460324, -0.0, 0.472221, 0.435421, 0.766431, 0.393861, -0.878778, 0.164511, 0.44798, -0.0, 0.0, 0.0, 0.0, 1.0],
                [0.068974, -0.885068, 0.460324, -0.0, 0.472221, 0.435421, 0.766431, 0.393861, -0.878778, 0.164511, 0.44798, -0.0, 0.0, 0.0, 0.0, 1.0]
            ]
        },
        {
            "name": "Hand_R",
            "time": [0.0, 0.2167, 0.3833, 0.5167, 0.6, 0.7, 1.0333, 1.2167],
            "transform": [
                [0.999998, -0.000848, 0.001614, -0.0, 0.000868, 0.999919, -0.012686, 0.3, -0.001603, 0.012688, 0.999918, 0.0, 0.0, 0.0, 0.0, 1.0],
                [0.999998, 0.000974, 0.001541, 0.0, 0.000868, 0.489069, -0.872245, 0.3, -0.001603, 0.872244, 0.489067, 0.0, 0.0, 0.0, 0.0, 1.0],
                [0.999998, 0.001148, 0.001417, -0.0, 0.000868, 0.383663, -0.923473, 0.3, -0.001603, 0.923472, 0.383661, -0.0, 0.0, 0.0, 0.0, 1.0],
                [0.999998, 0.001063, 0.001482, 0.0, 0.000868, 0.43711, -0.899408, 0.3, -0.001603, 0.899408, 0.437108, 0.0, 0.0, 0.0, 0.0, 1.0],
                [0.999998, 0.001022, 0.00151, 0.0, 0.000868, 0.461414, -0.887185, 0.3, -0.001603, 0.887185, 0.461412, 0.0, 0.0, 0.0, 0.0, 1.0],
                [0.999998, -0.000969, 0.001544, -0.0, 0.000868, 0.997922, 0.064425, 0.3, -0.001603, -0.064423, 0.997921, 0.0, 0.0, 0.0, 0.0, 1.0],
                [0.999998, -0.000792, 0.001642, -0.0, 0.000868, 0.998908, -0.046719, 0.3, -0.001603, 0.04672, 0.998907, -0.0, 0.0, 0.0, 0.0, 1.0],
                [0.999998, -0.000792, 0.001642, -0.0, 0.000868, 0.998908, -0.046719, 0.3, -0.001603, 0.04672, 0.998907, -0.0, 0.0, 0.0, 0.0, 1.0]
            ]
        },
        {
            "name": "Tool_R",
            "time": [0.0, 0.2167, 0.3833, 0.5167, 0.7, 1.0333, 1.2167],
            "transform": [
                [0.993314, -0.054493, -0.101777, 0.010704, -0.088154, -0.927265, -0.363881, 0.330594, -0.074502, 0.37019, -0.925324, 0.180402, 0.0, 0.0, 0.0, 1.0],
                [0.998977, 0.02661, -0.036572, 0.011817, 0.037067, -0.945027, 0.324883, 0.279086, -0.025901, -0.325724, -0.944484, 0.149918, 0.0, 0.0, 0.0, 1.0],
                [0.998715, 0.038334, -0.033153, 0.011947, 0.048415, -0.915043, 0.40044, 0.273049, -0.014976, -0.401303, -0.915177, 0.146345, 0.0, 0.0, 0.0, 1.0],
                [0.998775, 0.042424, -0.02549, 0.012131, 0.048319, -0.947326, 0.316604, 0.271745, -0.010709, -0.31727, -0.947651, 0.135948, 0.0, 0.0, 0.0, 1.0],
                [0.9987, 0.023181, 0.045401, 0.01326, 0.048838, -0.179841, -0.982483, 0.271228, -0.014601, 0.982838, -0.180643, 0.02558, 0.0, 0.0, 0.0, 1.0],
                [0.998714, 0.019291, 0.046879, 0.013321, 0.048428, -0.089709, -0.99479, 0.271289, -0.014976, 0.995191, -0.090485, 0.019047, 0.0, 0.0, 0.0, 1.0],
                [0.998714, 0.019291, 0.046879, 0.013321, 0.048428, -0.089709, -0.99479, 0.271289, -0.014976, 0.995191, -0.090485, 0.019047, 0.0, 0.0, 0.0, 1.0]
            ]
        },
        {
            "name": "Elbow_R",
            "time": [0.0, 0.1167, 0.2167, 0.3833, 0.5167, 0.7, 1.0333, 1.2167],
            "transform": [
                [-1.0, 0.0, -0.0, -0.0, 0.0, 0.0, -1.0, 0.429832, -0.0, -1.0, 0.0, 0.0, 0.0, 0.0, 0.0, 1.0],
                [-1.0, 0.0, -0.0, 0.010405, -0.0, -0.0, -1.0, 0.365784, -0.0, -1.0, 0.0, -0.006419, 0.0, 0.0, 0.0, 1.0],
                [-1.0, 0.0, -0.0, 0.0, 0.0, -0.0, -1.0, 0.429832, -0.0, -1.0, 0.0, 0.0, 0.0, 0.0, 0.0, 1.0],
                [-1.0, 0.0, -0.0, 0.0, 0.0, -0.0, -1.0, 0.429832, -0.0, -1.0, 0.0, -0.0, 0.0, 0.0, 0.0, 1.0],
                [-1.0, 0.0, -0.0, 0.0, 0.0, -0.0, -1.0, 0.425043, -0.0, -1.0, 0.0, -0.0, 0.0, 0.0, 0.0, 1.0],
                [-1.0, 0.0, -0.0, -0.0, 0.0, -0.0, -1.0, 0.346447, -0.0, -1.0, 0.0, -0.0, 0.0, 0.0, 0.0, 1.0],
                [-1.0, 0.0, -0.0, -0.0, 0.0, -0.0, -1.0, 0.341604, -0.0, -1.0, 0.0, -0.0, 0.0, 0.0, 0.0, 1.0],
                [-1.0, 0.0, -0.0, -0.0, 0.0, -0.0, -1.0, 0.341604, -0.0, -1.0, 0.0, -0.0, 0.0, 0.0, 0.0, 1.0]
            ]
        },
        {
            "name": "Shoulder_L",
            "time": [0.0, 0.2167, 0.3833, 0.5167, 0.7, 1.0333, 1.2167],
            "transform": [
                [-0.226937, -0.879834, -0.417602, -0.0, -0.021067, -0.424255, 0.905298, 0.4, -0.973681, 0.214243, 0.077744, -0.0, 0.0, 0.0, 0.0, 1.0],
                [-0.226937, -0.879834, -0.417602, 0.0, -0.021067, -0.424255, 0.905298, 0.4, -0.973682, 0.214243, 0.077744, -0.0, 0.0, 0.0, 0.0, 1.0],
                [-0.226937, -0.879834, -0.417602, 0.0, -0.021067, -0.424255, 0.905298, 0.4, -0.973682, 0.214243, 0.077744, -0.0, 0.0, 0.0, 0.0, 1.0],
                [-0.227278, -0.879746, -0.417602, 0.0, -0.021231, -0.424246, 0.905298, 0.4, -0.973598, 0.21462, 0.077744, -0.0, 0.0, 0.0, 0.0, 1.0],
                [-0.23286, -0.878285, -0.417602, 0.0, -0.023925, -0.424103, 0.905298, 0.4, -0.972216, 0.220799, 0.077744, 0.0, 0.0, 0.0, 0.0, 1.0],
                [-0.233204, -0.878194, -0.417602, 0.0, -0.024091, -0.424094, 0.905298, 0.4, -0.972129, 0.221179, 0.077744, 0.0, 0.0, 0.0, 0.0, 1.0],
                [-0.233204, -0.878194, -0.417602, 0.0, -0.024091, -0.424094, 0.905298, 0.4, -0.972129, 0.221179, 0.077744, 0.0, 0.0, 0.0, 0.0, 1.0]
            ]
        },
        {
            "name": "Arm_L",
            "time": [0.0, 0.2167, 0.3833, 0.5167, 0.7, 1.0333, 1.2167],
            "transform": [
                [-0.136384, 0.036069, 0.989999, 0.0, -0.636592, 0.762506, -0.115479, 0.39386, -0.759045, -0.645975, -0.081033, -0.0, 0.0, 0.0, 0.0, 1.0],
                [-0.136384, 0.036069, 0.989999, -0.0, -0.636592, 0.762506, -0.115479, 0.39386, -0.759045, -0.645975, -0.081033, 0.0, 0.0, 0.0, 0.0, 1.0],
                [-0.136384, 0.036069, 0.989999, -0.0, -0.636592, 0.762506, -0.115479, 0.39386, -0.759045, -0.645975, -0.081033, -0.0, 0.0, 0.0, 0.0, 1.0],
                [-0.136385, 0.036069, 0.989999, -0.0, -0.636592, 0.762506, -0.115479, 0.39386, -0.759045, -0.645975, -0.081033, -0.0, 0.0, 0.0, 0.0, 1.0],
                [-0.136384, 0.036069, 0.989999, -0.0, -0.636592, 0.762506, -0.115479, 0.39386, -0.759045, -0.645975, -0.081033, -0.0, 0.0, 0.0, 0.0, 1.0],
                [-0.136384, 0.036069, 0.989999, -0.0, -0.636592, 0.762506, -0.115479, 0.39386, -0.759045, -0.645975, -0.081033, 0.0, 0.0, 0.0, 0.0, 1.0],
                [-0.136384, 0.036069, 0.989999, -0.0, -0.636592, 0.762506, -0.115479, 0.39386, -0.759045, -0.645975, -0.081033, 0.0, 0.0, 0.0, 0.0, 1.0]
            ]
        },
        {
            "name": "Hand_L",
            "time": [0.0, 0.2167, 0.3833, 0.5167, 0.7, 1.0333, 1.2167],
            "transform": [
                [0.999993, -0.001541, -0.00347, 0.0, 0.000938, 0.985901, -0.167329, 0.3, 0.003679, 0.167324, 0.985895, 0.0, 0.0, 0.0, 0.0, 1.0],
                [0.999993, -0.00154, -0.00347, -0.0, 0.000938, 0.985901, -0.167329, 0.3, 0.003679, 0.167324, 0.985895, -0.0, 0.0, 0.0, 0.0, 1.0],
                [0.999993, -0.001541, -0.00347, 0.0, 0.000938, 0.985901, -0.167329, 0.3, 0.003679, 0.167324, 0.985895, -0.0, 0.0, 0.0, 0.0, 1.0],
                [0.999993, -0.001541, -0.00347, 0.0, 0.000938, 0.985901, -0.167329, 0.3, 0.003679, 0.167324, 0.985895, -0.0, 0.0, 0.0, 0.0, 1.0],
                [0.999993, -0.001541, -0.00347, 0.0, 0.000938, 0.985901, -0.167329, 0.3, 0.003679, 0.167324, 0.985895, -0.0, 0.0, 0.0, 0.0, 1.0],
                [0.999993, -0.001541, -0.00347, -0.0, 0.000938, 0.985901, -0.167329, 0.3, 0.003679, 0.167324, 0.985895, 0.0, 0.0, 0.0, 0.0, 1.0],
                [0.999993, -0.001541, -0.00347, -0.0, 0.000938, 0.985901, -0.167329, 0.3, 0.003679, 0.167324, 0.985895, 0.0, 0.0, 0.0, 0.0, 1.0]
            ]
        },
        {
            "name": "Tool_L",
            "time": [0.0, 0.2167, 0.3833, 0.5167, 0.7, 1.0333, 1.2167],
            "transform": [
                [0.997004, 0.01104, -0.076554, 0.0, -0.036659, -0.804079, -0.593391, 0.272858, -0.068067, 0.594062, -0.8008, -0.0, 0.0, 0.0, 0.0, 1.0],
                [0.997004, 0.01104, -0.076554, 0.0, -0.036659, -0.804079, -0.593392, 0.272858, -0.068067, 0.594062, -0.8008, -0.0, 0.0, 0.0, 0.0, 1.0],
                [0.997004, 0.01104, -0.076554, -0.0, -0.036659, -0.804079, -0.593391, 0.272858, -0.068067, 0.594062, -0.8008, -0.0, 0.0, 0.0, 0.0, 1.0],
                [0.997004, 0.01104, -0.076554, -0.0, -0.036659, -0.804079, -0.593391, 0.272858, -0.068067, 0.594062, -0.8008, -0.0, 0.0, 0.0, 0.0, 1.0],
                [0.997004, 0.01104, -0.076554, 0.0, -0.036659, -0.804079, -0.593391, 0.272858, -0.068067, 0.594062, -0.8008, -0.0, 0.0, 0.0, 0.0, 1.0],
                [0.997004, 0.01104, -0.076554, 0.0, -0.036659, -0.804079, -0.593391, 0.272858, -0.068067, 0.594062, -0.8008, -0.0, 0.0, 0.0, 0.0, 1.0],
                [0.997004, 0.01104, -0.076554, 0.0, -0.036659, -0.804079, -0.593391, 0.272858, -0.068067, 0.594062, -0.8008, -0.0, 0.0, 0.0, 0.0, 1.0]
            ]
        },
        {
            "name": "Elbow_L",
            "time": [0.0, 0.2167, 0.3833, 0.5167, 0.7, 1.0333, 1.2167],
            "transform": [
                [-1.0, 0.0, -0.0, 2.7e-05, -0.0, -0.0, -1.0, 0.396148, -0.0, -1.0, -0.0, -0.002121, 0.0, 0.0, 0.0, 1.0],
                [-1.0, 0.0, -0.0, 2.7e-05, 0.0, -0.0, -1.0, 0.396148, -0.0, -1.0, 0.0, -0.002121, 0.0, 0.0, 0.0, 1.0],
                [-1.0, 0.0, -0.0, 2.7e-05, 0.0, -0.0, -1.0, 0.396148, -0.0, -1.0, -0.0, -0.002121, 0.0, 0.0, 0.0, 1.0],
                [-1.0, 0.0, -0.0, 2.7e-05, 0.0, -0.0, -1.0, 0.396148, -0.0, -1.0, 0.0, -0.002121, 0.0, 0.0, 0.0, 1.0],
                [-1.0, 0.0, -0.0, 2.7e-05, 0.0, -0.0, -1.0, 0.396148, -0.0, -1.0, -0.0, -0.002121, 0.0, 0.0, 0.0, 1.0],
                [-1.0, 0.0, -0.0, 2.7e-05, 0.0, -0.0, -1.0, 0.396148, -0.0, -1.0, 0.0, -0.00212, 0.0, 0.0, 0.0, 1.0],
                [-1.0, 0.0, -0.0, 2.7e-05, 0.0, -0.0, -1.0, 0.396148, -0.0, -1.0, 0.0, -0.00212, 0.0, 0.0, 0.0, 1.0]
            ]
        }
    ]
}