{
    "animation": [
        {
            "name": "Root",
            "time": [0.0, 0.1333, 0.3667, 0.6333, 0.7667],
            "transform": [
                [0.796508, 0.000936, 0.604627, -0.153892, 0.603502, 0.059768, -0.795119, 0.01026, -0.036881, 0.998212, 0.04704, 0.667791, 0.0, 0.0, 0.0, 1.0],
                [0.796508, 0.000936, 0.604627, -0.153892, 0.594445, 0.18154, -0.783376, 0.153252, -0.110497, 0.983383, 0.144041, 0.667791, 0.0, 0.0, 0.0, 1.0],
                [0.908471, -0.044948, 0.415523, -0.008526, 0.383209, -0.307259, -0.871059, -0.610942, 0.166826, 0.950564, -0.261911, 0.667791, 0.0, 0.0, 0.0, 1.0],
                [0.976247, -0.044948, 0.211945, -0.008526, 0.188365, -0.307259, -0.932797, -0.783131, 0.107049, 0.950564, -0.291494, 0.667791, 0.0, 0.0, 0.0, 1.0],
                [0.976247, -0.044948, 0.211945, -0.008526, 0.188365, -0.307259, -0.932797, -0.783131, 0.107049, 0.950564, -0.291494, 0.667791, 0.0, 0.0, 0.0, 1.0]
            ]
        },
        {
            "name": "Thigh_R",
            "time": [0.0, 0.1333, 0.2333, 0.3667, 0.6333, 0.7667],
            "transform": [
                [0.753265, 0.533361, 0.384859, 0.124994, 0.121852, -0.688181, 0.715232, -0.002831, 0.64633, -0.491862, -0.583376, -1.2e-05, 0.0, 0.0, 0.0, 1.0],
                [0.753265, 0.566859, 0.333557, 0.124994, 0.121852, -0.618639, 0.776168, -0.002831, 0.64633, -0.544014, -0.535075, -1.2e-05, 0.0, 0.0, 0.0, 1.0],
                [0.795059, 0.389479, 0.464958, 0.124994, 0.209382, -0.895702, 0.392267, -0.002831, 0.569245, -0.214521, -0.793688, -1.2e-05, 0.0, 0.0, 0.0, 1.0],
                [0.895366, -0.19989, 0.397948, 0.124994, 0.199856, -0.618198, -0.76019, -0.002831, 0.397965, 0.760179, -0.513565, -1.2e-05, 0.0, 0.0, 0.0, 1.0],
                [0.895366, -0.19989, 0.397948, 0.124994, 0.199856, -0.618198, -0.76019, -0.002831, 0.397965, 0.760179, -0.513565, -1.2e-05, 0.0, 0.0, 0.0, 1.0],
                [0.895366, -0.19989, 0.397948, 0.124994, 0.199856, -0.618198, -0.76019, -0.002831, 0.397965, 0.760179, -0.513565, -1.2e-05, 0.0, 0.0, 0.0, 1.0]
            ]
        },
        {
            "name": "Leg_R",
            "time": [0.0, 0.1333, 0.2333, 0.3667, 0.6333, 0.7667],
            "transform": [
                [0.996317, -0.084952, -0.011662, 0.0, 0.061413, 0.612007, 0.788464, 0.37472, -0.059844, -0.786277, 0.614969, -0.0, 0.0, 0.0, 0.0, 1.0],
                [0.996317, -0.083024, 0.021441, 0.0, 0.061413, 0.8654, 0.497305, 0.37472, -0.059844, -0.494158, 0.86731, -0.0, 0.0, 0.0, 0.0, 1.0],
                [0.996317, -0.064103, -0.056952, -0.0, 0.061413, 0.069903, 0.995661, 0.37472, -0.059844, -0.995493, 0.073583, 0.0, 0.0, 0.0, 0.0, 1.0],
                [0.996317, -0.071578, 0.047216, 0.0, 0.061412, 0.979929, 0.189656, 0.37472, -0.059844, -0.186058, 0.980714, 0.0, 0.0, 0.0, 0.0, 1.0],
                [0.996317, -0.071578, 0.047216, 0.0, 0.061413, 0.979929, 0.189656, 0.37472, -0.059844, -0.186058, 0.980714, 0.0, 0.0, 0.0, 0.0, 1.0],
                [0.996317, -0.071578, 0.047216, 0.0, 0.061413, 0.979929, 0.189656, 0.37472, -0.059844, -0.186058, 0.980714, 0.0, 0.0, 0.0, 0.0, 1.0]
            ]
        },
        {
            "name": "Knee_R",
            "time": [0.0, 0.1333, 0.3667, 0.6333, 0.7667],
            "transform": [
                [1.0, 0.0, -0.0, 0.0, -0.0, 1e-06, -1.0, 0.37472, -0.0, 1.0, 1e-06, -0.0, 0.0, 0.0, 0.0, 1.0],
                [1.0, 0.0, -0.0, 0.0, -0.0, 1e-06, -1.0, 0.37472, -0.0, 1.0, 1e-06, -0.0, 0.0, 0.0, 0.0, 1.0],
                [1.0, 0.0, -0.0, 0.0, -0.0, 1e-06, -1.0, 0.37472, -0.0, 1.0, 1e-06, 0.0, 0.0, 0.0, 0.0, 1.0],
                [1.0, 0.0, -0.0, 0.0, -0.0, 1e-06, -1.0, 0.37472, -0.0, 1.0, 1e-06, 0.0, 0.0, 0.0, 0.0, 1.0],
                [1.0, 0.0, -0.0, 0.0, -0.0, 1e-06, -1.0, 0.37472, -0.0, 1.0, 1e-06, 0.0, 0.0, 0.0, 0.0, 1.0]
            ]
        },
        {
            "name": "Thigh_L",
            "time": [0.0, 0.1333, 0.3667, 0.6333, 0.7667],
            "transform": [
                [0.833328, 0.034016, 0.551731, -0.125006, -0.055, -0.98805, 0.143987, -0.002831, 0.550035, -0.150333, -0.821499, -1.2e-05, 0.0, 0.0, 0.0, 1.0],
                [0.944015, -0.264536, 0.197118, -0.125006, -0.303438, -0.930726, 0.204144, -0.002831, 0.12946, -0.252528, -0.95889, -1.2e-05, 0.0, 0.0, 0.0, 1.0],
                [0.95625, 0.027629, 0.291239, -0.125006, -0.137321, -0.836645, 0.530252, -0.002831, 0.258314, -0.547047, -0.796249, -1.2e-05, 0.0, 0.0, 0.0, 1.0],
                [0.956251, 0.027629, 0.291239, -0.125006, -0.137321, -0.836645, 0.530252, -0.002831, 0.258314, -0.547047, -0.796249, -1.2e-05, 0.0, 0.0, 0.0, 1.0],
                [0.956251, 0.027629, 0.291239, -0.125006, -0.137321, -0.836645, 0.530252, -0.002831, 0.258314, -0.547047, -0.796249, -1.2e-05, 0.0, 0.0, 0.0, 1.0]
            ]
        },
        {
            "name": "Leg_L",
            "time": [0.0, 0.1333, 0.3667, 0.6333, 0.7667],
            "transform": [
                [0.999625, 0.015536, 0.022538, -0.0, -0.027322, 0.617078, 0.786427, 0.37472, -0.001689, -0.786748, 0.617272, -0.0, 0.0, 0.0, 0.0, 1.0],
                [0.999625, 0.015536, 0.022538, -0.0, -0.027322, 0.617078, 0.786427, 0.37472, -0.001689, -0.786748, 0.617272, -0.0, 0.0, 0.0, 0.0, 1.0],
                [0.999626, 0.015536, 0.022538, -0.0, -0.027322, 0.617079, 0.786427, 0.37472, -0.001689, -0.786748, 0.617272, 0.0, 0.0, 0.0, 0.0, 1.0],
                [0.999625, 0.023845, 0.013445, 0.0, -0.027322, 0.899396, 0.436281, 0.37472, -0.001689, -0.436484, 0.899711, -0.0, 0.0, 0.0, 0.0, 1.0],
                [0.999625, 0.023845, 0.013445, 0.0, -0.027322, 0.899396, 0.436281, 0.37472, -0.001689, -0.436484, 0.899711, -0.0, 0.0, 0.0, 0.0, 1.0]
            ]
        },
        {
            "name": "Knee_L",
            "time": [0.0, 0.1333, 0.3667, 0.6333, 0.7667],
            "transform": [
                [1.0, 0.0, -0.0, -0.0, -0.0, 1e-06, -1.0, 0.37472, -0.0, 1.0, 1e-06, -0.0, 0.0, 0.0, 0.0, 1.0],
                [1.0, 0.0, -0.0, -0.0, -0.0, 1e-06, -1.0, 0.37472, -0.0, 1.0, 1e-06, -0.0, 0.0, 0.0, 0.0, 1.0],
                [1.0, 0.0, -0.0, -0.0, -0.0, 1e-06, -1.0, 0.37472, -0.0, 1.0, 1e-06, 0.0, 0.0, 0.0, 0.0, 1.0],
                [1.0, 0.0, -0.0, 0.0, -0.0, 1e-06, -1.0, 0.37472, -0.0, 1.0, 1e-06, -0.0, 0.0, 0.0, 0.0, 1.0],
                [1.0, 0.0, -0.0, 0.0, -0.0, 1e-06, -1.0, 0.37472, -0.0, 1.0, 1e-06, -0.0, 0.0, 0.0, 0.0, 1.0]
            ]
        },
        {
            "name": "Torso",
            "time": [0.0, 0.1333, 0.3667, 0.6333, 0.7667],
            "transform": [
                [0.99978, -0.020934, -0.001276, 0.0, 0.020971, 0.997312, 0.070213, 0.05, -0.000198, -0.070225, 0.997531, 0.0, 0.0, 0.0, 0.0, 1.0],
                [0.99978, -0.020934, -0.001276, 0.0, 0.020971, 0.997312, 0.070213, 0.05, -0.000198, -0.070225, 0.997531, 0.0, 0.0, 0.0, 0.0, 1.0],
                [0.942462, -0.020934, -0.333657, 0.0, 0.043126, 0.997312, 0.059244, 0.05, 0.33152, -0.070225, 0.940831, -0.0, 0.0, 0.0, 0.0, 1.0],
                [0.889297, -0.020934, -0.45685, 0.0, 0.05067, 0.997312, 0.052936, 0.05, 0.454514, -0.070225, 0.887967, 0.0, 0.0, 0.0, 0.0, 1.0],
                [0.889297, -0.020934, -0.45685, 0.0, 0.05067, 0.997312, 0.052936, 0.05, 0.454514, -0.070225, 0.887967, 0.0, 0.0, 0.0, 0.0, 1.0]
            ]
        },
        {
            "name": "Chest",
            "time": [0.0, 0.1333, 0.3667, 0.6333, 0.7667],
            "transform": [
                [0.790334, -0.021316, 0.612305, -0.0, -0.047143, 0.994316, 0.095465, 0.3, -0.610859, -0.104315, 0.784837, -0.0, 0.0, 0.0, 0.0, 1.0],
                [0.756524, 0.212302, 0.618547, 0.0, -0.373428, 0.916713, 0.142087, 0.3, -0.536865, -0.338474, 0.772795, 0.0, 0.0, 0.0, 0.0, 1.0],
                [0.944109, -0.068364, 0.322468, 0.0, 0.101696, 0.990946, -0.087658, 0.3, -0.313555, 0.115552, 0.942513, 0.0, 0.0, 0.0, 0.0, 1.0],
                [0.944109, -0.042546, 0.326877, 0.0, 0.101696, 0.980858, -0.166056, 0.3, -0.313555, 0.190017, 0.930364, -0.0, 0.0, 0.0, 0.0, 1.0],
                [0.944109, -0.042546, 0.326877, 0.0, 0.101696, 0.980858, -0.166056, 0.3, -0.313555, 0.190017, 0.930364, -0.0, 0.0, 0.0, 0.0, 1.0]
            ]
        },
        {
            "name": "Head",
            "time": [0.0, 0.1333, 0.3667, 0.6333, 0.7667],
            "transform": [
                [0.225651, 0.001262, -0.974207, -0.0, -0.063915, 0.997864, -0.013511, 0.4, 0.972109, 0.065315, 0.225249, -0.0, 0.0, 0.0, 0.0, 1.0],
                [0.225651, 0.001262, -0.974208, 0.0, -0.063915, 0.997864, -0.013511, 0.4, 0.972109, 0.065315, 0.225249, 0.0, 0.0, 0.0, 0.0, 1.0],
                [0.91795, -0.009843, -0.396573, 0.0, 0.016063, 0.999794, 0.012367, 0.4, 0.39637, -0.017723, 0.91792, -0.0, 0.0, 0.0, 0.0, 1.0],
                [0.917951, -0.009843, -0.396573, -0.0, 0.016063, 0.999794, 0.012367, 0.4, 0.39637, -0.017723, 0.91792, 0.0, 0.0, 0.0, 0.0, 1.0],
                [0.917951, -0.009843, -0.396573, -0.0, 0.016063, 0.999794, 0.012367, 0.4, 0.39637, -0.017723, 0.91792, 0.0, 0.0, 0.0, 0.0, 1.0]
            ]
        },
        {
            "name": "Shoulder_R",
            "time": [0.0, 0.1333, 0.3667, 0.6333, 0.7667],
            "transform": [
                [-0.100226, 0.960457, 0.259762, -0.0, 0.147493, -0.243849, 0.958532, 0.4, 0.983972, 0.134383, -0.11722, -0.0, 0.0, 0.0, 0.0, 1.0],
                [-0.100226, 0.960457, 0.259761, 0.0, 0.147492, -0.243849, 0.958532, 0.4, 0.983972, 0.134383, -0.11722, 0.0, 0.0, 0.0, 0.0, 1.0],
                [0.297903, 0.949497, 0.098529, 0.0, 0.035925, -0.114294, 0.992797, 0.4, 0.95392, -0.292218, -0.068159, -0.0, 0.0, 0.0, 0.0, 1.0],
                [-0.074859, 0.996847, -0.026302, -0.0, 0.129801, 0.035892, 0.99089, 0.4, 0.98871, 0.070764, -0.132078, 0.0, 0.0, 0.0, 0.0, 1.0],
                [-0.074859, 0.996847, -0.026302, -0.0, 0.129801, 0.035892, 0.99089, 0.4, 0.98871, 0.070764, -0.132078, 0.0, 0.0, 0.0, 0.0, 1.0]
            ]
        },
        {
            "name": "Arm_R",
            "time": [0.0, 0.1333, 0.3667, 0.6333, 0.7667],
            "transform": [
                [-0.874886, -0.448816, -0.182039, 0.0, -0.48026, 0.852544, 0.206201, 0.39386, 0.06265, 0.267829, -0.961428, 0.0, 0.0, 0.0, 0.0, 1.0],
                [-0.820539, -0.517438, -0.242843, 0.0, -0.569847, 0.773693, 0.2769, 0.393861, 0.044607, 0.365591, -0.929706, -0.0, 0.0, 0.0, 0.0, 1.0],
                [-0.866396, -0.146996, -0.477232, -0.0, -0.495783, 0.367375, 0.786915, 0.393861, 0.05965, 0.918383, -0.39117, 0.0, 0.0, 0.0, 0.0, 1.0],
                [-0.514756, -0.146996, -0.844641, 0.0, -0.821248, 0.367375, 0.436564, 0.39386, 0.246127, 0.918383, -0.309828, -0.0, 0.0, 0.0, 0.0, 1.0],
                [-0.514756, -0.146996, -0.844641, 0.0, -0.821248, 0.367375, 0.436564, 0.39386, 0.246127, 0.918383, -0.309828, -0.0, 0.0, 0.0, 0.0, 1.0]
            ]
        },
        {
            "name": "Hand_R",
            "time": [0.0, 0.1333, 0.3667, 0.6333, 0.7667],
            "transform": [
                [0.999998, -0.001168, 0.0014, 0.0, 0.000868, 0.980204, 0.197986, 0.3, -0.001603, -0.197984, 0.980204, -0.0, 0.0, 0.0, 0.0, 1.0],
                [0.999998, -0.001257, 0.001321, 0.0, 0.000868, 0.965309, 0.261111, 0.3, -0.001603, -0.26111, 0.965308, -0.0, 0.0, 0.0, 0.0, 1.0],
                [0.999998, -0.001257, 0.001321, -0.0, 0.000868, 0.965308, 0.261111, 0.3, -0.001603, -0.26111, 0.965308, 0.0, 0.0, 0.0, 0.0, 1.0],
                [0.999998, -0.001257, 0.001321, -0.0, 0.000868, 0.965308, 0.261111, 0.3, -0.001603, -0.26111, 0.965308, 0.0, 0.0, 0.0, 0.0, 1.0],
                [0.999998, -0.001257, 0.001321, -0.0, 0.000868, 0.965308, 0.261111, 0.3, -0.001603, -0.26111, 0.965308, 0.0, 0.0, 0.0, 0.0, 1.0]
            ]
        },
        {
            "name": "Tool_R",
            "time": [0.0, 0.1333, 0.3667, 0.6333, 0.7667],
            "transform": [
                [0.995876, 0.032386, 0.084743, -0.008708, 0.084805, -0.000557, -0.996398, 0.494109, -0.032202, 0.998884, -0.00331, 0.088537, 0.0, 0.0, 0.0, 1.0],
                [0.995876, 0.032386, 0.084743, -0.008708, 0.084805, -0.000557, -0.996398, 0.494109, -0.032202, 0.998884, -0.00331, 0.088537, 0.0, 0.0, 0.0, 1.0],
                [0.995877, 0.000444, 0.090712, 0.003259, 0.084798, 0.350633, -0.932666, 0.295618, -0.032201, 0.935962, 0.348933, 0.027105, 0.0, 0.0, 0.0, 1.0],
                [0.995877, 0.000444, 0.090712, 0.003259, 0.084798, 0.350633, -0.932666, 0.295618, -0.032201, 0.935962, 0.348933, 0.027105, 0.0, 0.0, 0.0, 1.0],
                [0.995877, 0.000444, 0.090712, 0.003259, 0.084798, 0.350633, -0.932666, 0.295618, -0.032201, 0.935962, 0.348933, 0.027105, 0.0, 0.0, 0.0, 1.0]
            ]
        },
        {
            "name": "Elbow_R",
            "time": [0.0, 0.1333, 0.3667, 0.6333, 0.7667],
            "transform": [
                [-1.0, 0.0, -0.0, 0.0, 0.0, -0.0, -1.0, 0.429832, -0.0, -1.0, 0.0, -0.0, 0.0, 0.0, 0.0, 1.0],
                [-1.0, 0.0, -0.0, 0.0, 0.0, 0.0, -1.0, 0.429832, -0.0, -1.0, -0.0, 0.0, 0.0, 0.0, 0.0, 1.0],
                [-1.0, 0.0, -0.0, -0.0, 0.0, -0.0, -1.0, 0.429832, -0.0, -1.0, 0.0, 0.0, 0.0, 0.0, 0.0, 1.0],
                [-1.0, 0.0, -0.0, -0.0, 0.0, -0.0, -1.0, 0.429832, -0.0, -1.0, 0.0, 0.0, 0.0, 0.0, 0.0, 1.0],
                [-1.0, 0.0, -0.0, -0.0, 0.0, -0.0, -1.0, 0.429832, -0.0, -1.0, 0.0, 0.0, 0.0, 0.0, 0.0, 1.0]
            ]
        },
        {
            "name": "Shoulder_L",
            "time": [0.0, 0.1333, 0.3667, 0.6333, 0.7667],
            "transform": [
                [-0.226937, -0.879834, -0.417602, -0.0, -0.021067, -0.424255, 0.905298, 0.4, -0.973681, 0.214243, 0.077744, -0.0, 0.0, 0.0, 0.0, 1.0],
                [-0.226937, -0.879834, -0.417602, 0.0, -0.021067, -0.424255, 0.905298, 0.4, -0.973682, 0.214243, 0.077744, 0.0, 0.0, 0.0, 0.0, 1.0],
                [-0.226937, -0.879834, -0.417602, 0.0, -0.021067, -0.424255, 0.905298, 0.4, -0.973681, 0.214243, 0.077744, -0.0, 0.0, 0.0, 0.0, 1.0],
                [-0.226937, -0.879834, -0.417602, -0.0, -0.021067, -0.424255, 0.905298, 0.4, -0.973682, 0.214243, 0.077744, 0.0, 0.0, 0.0, 0.0, 1.0],
                [-0.226937, -0.879834, -0.417602, -0.0, -0.021067, -0.424255, 0.905298, 0.4, -0.973682, 0.214243, 0.077744, 0.0, 0.0, 0.0, 0.0, 1.0]
            ]
        },
        {
            "name": "Arm_L",
            "time": [0.0, 0.1333, 0.3667, 0.6333, 0.7667],
            "transform": [
                [-0.52485, -0.060082, 0.849072, -0.0, -0.261486, 0.960652, -0.093659, 0.39386, -0.810035, -0.271178, -0.519909, 0.0, 0.0, 0.0, 0.0, 1.0],
                [-0.415007, -0.145116, 0.898171, -0.0, -0.142523, 0.985379, 0.093352, 0.39386, -0.898586, -0.089268, -0.429622, 0.0, 0.0, 0.0, 0.0, 1.0],
                [-0.415007, -0.145116, 0.898171, 0.0, -0.142523, 0.985379, 0.093352, 0.39386, -0.898586, -0.089268, -0.429622, 0.0, 0.0, 0.0, 0.0, 1.0],
                [-0.415007, -0.145116, 0.898171, 0.0, -0.142523, 0.985379, 0.093352, 0.39386, -0.898586, -0.089268, -0.429622, 0.0, 0.0, 0.0, 0.0, 1.0],
                [-0.415007, -0.145116, 0.898171, 0.0, -0.142523, 0.985379, 0.093352, 0.39386, -0.898586, -0.089268, -0.429622, 0.0, 0.0, 0.0, 0.0, 1.0]
            ]
        },
        {
            "name": "Hand_L",
            "time": [0.0, 0.1333, 0.3667, 0.6333, 0.7667],
            "transform": [
                [0.999993, -0.001878, -0.0033, 0.0, 0.000938, 0.964374, -0.26454, 0.3, 0.003679, 0.264535, 0.964369, 0.0, 0.0, 0.0, 0.0, 1.0],
                [0.999993, -0.001878, -0.0033, -0.0, 0.000938, 0.964374, -0.26454, 0.3, 0.003679, 0.264535, 0.964369, -0.0, 0.0, 0.0, 0.0, 1.0],
                [0.999993, -0.001878, -0.0033, 0.0, 0.000938, 0.964375, -0.26454, 0.3, 0.003679, 0.264535, 0.964369, 0.0, 0.0, 0.0, 0.0, 1.0],
                [0.999993, -0.001878, -0.0033, -0.0, 0.000938, 0.964374, -0.26454, 0.3, 0.003679, 0.264535, 0.964369, -0.0, 0.0, 0.0, 0.0, 1.0],
                [0.999993, -0.001878, -0.0033, -0.0, 0.000938, 0.964374, -0.26454, 0.3, 0.003679, 0.264535, 0.964369, -0.0, 0.0, 0.0, 0.0, 1.0]
            ]
        },
        {
            "name": "Tool_L",
            "time": [0.0, 0.1333, 0.3667, 0.6333, 0.7667],
            "transform": [
                [0.997004, 0.01104, -0.076554, -0.0, -0.036659, -0.804079, -0.593391, 0.272858, -0.068067, 0.594062, -0.8008, -0.0, 0.0, 0.0, 0.0, 1.0],
                [0.997004, 0.01104, -0.076554, -0.0, -0.036659, -0.804079, -0.593391, 0.272858, -0.068067, 0.594062, -0.8008, -0.0, 0.0, 0.0, 0.0, 1.0],
                [0.997004, 0.01104, -0.076554, -0.0, -0.036659, -0.804079, -0.593391, 0.272858, -0.068067, 0.594062, -0.8008, -0.0, 0.0, 0.0, 0.0, 1.0],
                [0.997004, 0.01104, -0.076554, -0.0, -0.036659, -0.804079, -0.593391, 0.272858, -0.068067, 0.594062, -0.8008, -0.0, 0.0, 0.0, 0.0, 1.0],
                [0.997004, 0.01104, -0.076554, -0.0, -0.036659, -0.804079, -0.593391, 0.272858, -0.068067, 0.594062, -0.8008, -0.0, 0.0, 0.0, 0.0, 1.0]
            ]
        },
        {
            "name": "Elbow_L",
            "time": [0.0, 0.1333, 0.3667, 0.6333, 0.7667],
            "transform": [
                [-1.0, 0.0, -0.0, 2.7e-05, 0.0, -0.0, -1.0, 0.396148, -0.0, -1.0, -0.0, -0.002121, 0.0, 0.0, 0.0, 1.0],
                [-1.0, 0.0, -0.0, 2.7e-05, 0.0, -0.0, -1.0, 0.396148, -0.0, -1.0, -0.0, -0.002121, 0.0, 0.0, 0.0, 1.0],
                [-1.0, 0.0, -0.0, 2.7e-05, 0.0, -0.0, -1.0, 0.396148, -0.0, -1.0, -0.0, -0.00212, 0.0, 0.0, 0.0, 1.0],
                [-1.0, 0.0, -0.0, 2.7e-05, 0.0, -0.0, -1.0, 0.396148, -0.0, -1.0, -0.0, -0.002121, 0.0, 0.0, 0.0, 1.0],
                [-1.0, 0.0, -0.0, 2.7e-05, 0.0, -0.0, -1.0, 0.396148, -0.0, -1.0, -0.0, -0.002121, 0.0, 0.0, 0.0, 1.0]
            ]
        }
    ]
}