{
    "animation": [
        {
            "name": "Root",
            "time": [0.0, 0.0833, 0.25, 0.3333, 0.4167, 0.6667, 0.8333, 0.9333, 1.1],
            "transform": [
                [0.977014, 0.103208, 0.186523, -0.039763, 0.179982, 0.06951, -0.981211, -0.005962, -0.114234, 0.992228, 0.049337, 0.704006, 0.0, 0.0, 0.0, 1.0],
                [0.810367, 0.063562, 0.582465, -0.017144, 0.584474, -0.017828, -0.811216, -0.490084, -0.041178, 0.997819, -0.051597, 0.69914, 0.0, 0.0, 0.0, 1.0],
                [0.804632, 0.060481, 0.590686, 0.034287, 0.593599, -0.057746, -0.802687, -0.64686, -0.014438, 0.996498, -0.082366, 0.73963, 0.0, 0.0, 0.0, 1.0],
                [0.892443, 0.042411, 0.449163, 0.033321, 0.435083, 0.182508, -0.8817, 0.571461, -0.119369, 0.982289, 0.144425, 0.62586, 0.0, 0.0, 0.0, 1.0],
                [0.953775, 0.064783, 0.293458, 0.031594, 0.242693, 0.409871, -0.879264, 0.798189, -0.177241, 0.90984, 0.375203, 0.51209, 0.0, 0.0, 0.0, 1.0],
                [0.954949, 0.05444, 0.291735, 0.027847, 0.253476, 0.361635, -0.897201, 0.717148, -0.154346, 0.930729, 0.331544, 0.555785, 0.0, 0.0, 0.0, 1.0],
                [0.977846, 0.045881, -0.204235, -0.00087, -0.208114, 0.108269, -0.972094, 0.460498, -0.022488, 0.993062, 0.115419, 0.781488, 0.0, 0.0, 0.0, 1.0],
                [0.875759, 0.007707, -0.482688, 0.001176, -0.482749, 0.012612, -0.875668, 0.060249, -0.000661, 0.999891, 0.014765, 0.739067, 0.0, 0.0, 0.0, 1.0],
                [0.875759, 0.007707, -0.482688, 0.001176, -0.482749, 0.012612, -0.875668, 0.060249, -0.000661, 0.999891, 0.014765, 0.739067, 0.0, 0.0, 0.0, 1.0]
            ]
        },
        {
            "name": "Thigh_R",
            "time": [0.0, 0.0833, 0.25, 0.4167, 0.6667, 0.8333, 0.9333, 1.1],
            "transform": [
                [0.977499, 0.07835, -0.19585, 0.135343, 0.175754, -0.815931, 0.550788, -0.009914, -0.116646, -0.572816, -0.811343, -0.138167, 0.0, 0.0, 0.0, 1.0],
                [0.897263, 0.299997, -0.323914, 0.119386, 0.419093, -0.809495, 0.411191, -0.083628, -0.138851, -0.504696, -0.852058, -0.113658, 0.0, 0.0, 0.0, 1.0],
                [0.921473, 0.320604, -0.219316, 0.112947, 0.387978, -0.732067, 0.559956, -0.087362, 0.01897, -0.601074, -0.798968, -0.127657, 0.0, 0.0, 0.0, 1.0],
                [0.916396, 0.389353, 0.092854, 0.090058, -0.029619, -0.165378, 0.985786, 0.118522, 0.399174, -0.90612, -0.140021, -0.133379, 0.0, 0.0, 0.0, 1.0],
                [0.877942, 0.39142, 0.275696, 0.080097, -0.133373, -0.353095, 0.926032, 0.092877, 0.459815, -0.849773, -0.257793, -0.132266, 0.0, 0.0, 0.0, 1.0],
                [0.955309, 0.26211, 0.136682, 0.105197, 0.131528, -0.790976, 0.597542, 0.025485, 0.264734, -0.55286, -0.790103, -0.042418, 0.0, 0.0, 0.0, 1.0],
                [0.981469, 0.18948, -0.028554, 0.122449, 0.187404, -0.980245, -0.063239, 0.000697, -0.039973, 0.056716, -0.99759, -0.00514, 0.0, 0.0, 0.0, 1.0],
                [0.979293, 0.193041, -0.060989, 0.124994, 0.184597, -0.975152, -0.122482, -0.002831, -0.083118, 0.108688, -0.990596, -1.2e-05, 0.0, 0.0, 0.0, 1.0]
            ]
        },
        {
            "name": "Leg_R",
            "time": [0.0, 0.0833, 0.25, 0.4167, 0.6667, 0.8333, 0.9333, 1.1],
            "transform": [
                [1.0, -0.0, 1e-06, 0.0, 0.0, 0.960524, 0.278201, 0.37472, -1e-06, -0.278201, 0.960522, 0.0, 0.0, 0.0, 0.0, 1.0],
                [1.0, -0.0, 1e-06, 0.0, 0.0, 0.990367, 0.138473, 0.37472, -1e-06, -0.138473, 0.990365, 0.0, 0.0, 0.0, 0.0, 1.0],
                [1.0, -0.0, 1e-06, 0.0, 0.0, 0.980317, 0.197431, 0.37472, -1e-06, -0.197431, 0.980316, 0.0, 0.0, 0.0, 0.0, 1.0],
                [1.0, -1e-06, 1e-06, 0.0, 0.0, 0.897445, 0.441128, 0.37472, -1e-06, -0.441128, 0.897444, -0.0, 0.0, 0.0, 0.0, 1.0],
                [1.0, -0.0, 1e-06, -0.0, 0.0, 0.947345, 0.320216, 0.37472, -1e-06, -0.320216, 0.947344, -0.0, 0.0, 0.0, 0.0, 1.0],
                [1.0, -1e-06, 0.0, -0.0, 0.0, 0.725885, 0.687816, 0.37472, -1e-06, -0.687817, 0.725884, 0.0, 0.0, 0.0, 0.0, 1.0],
                [1.0, -0.0, 1e-06, -0.0, 0.0, 0.964773, 0.263087, 0.37472, -1e-06, -0.263087, 0.964771, 0.0, 0.0, 0.0, 0.0, 1.0],
                [1.0, -0.0, 1e-06, 0.0, 0.0, 0.968297, 0.249805, 0.37472, -1e-06, -0.249805, 0.968295, 0.0, 0.0, 0.0, 0.0, 1.0]
            ]
        },
        {
            "name": "Knee_R",
            "time": [0.0, 0.0833, 0.25, 0.4167, 0.6667, 0.9333, 1.1],
            "transform": [
                [1.0, 0.0, -0.0, 0.0, -0.0, 1e-06, -1.0, 0.37472, -0.0, 1.0, 1e-06, 0.0, 0.0, 0.0, 0.0, 1.0],
                [1.0, 0.0, -0.0, 0.0, -0.0, 1e-06, -1.0, 0.37472, -0.0, 1.0, 1e-06, 0.0, 0.0, 0.0, 0.0, 1.0],
                [1.0, 0.0, -0.0, 0.0, -0.0, 1e-06, -1.0, 0.37472, -0.0, 1.0, 1e-06, 0.0, 0.0, 0.0, 0.0, 1.0],
                [1.0, 0.0, -0.0, 0.0, -0.0, 1e-06, -1.0, 0.37472, -0.0, 1.0, 1e-06, -0.0, 0.0, 0.0, 0.0, 1.0],
                [1.0, 0.0, -0.0, -0.0, -0.0, 1e-06, -1.0, 0.37472, -0.0, 1.0, 1e-06, -0.0, 0.0, 0.0, 0.0, 1.0],
                [1.0, 0.0, -0.0, -0.0, -0.0, 1e-06, -1.0, 0.37472, -0.0, 1.0, 1e-06, 0.0, 0.0, 0.0, 0.0, 1.0],
                [1.0, 0.0, -0.0, 0.0, -0.0, 1e-06, -1.0, 0.37472, -0.0, 1.0, 1e-06, 0.0, 0.0, 0.0, 0.0, 1.0]
            ]
        },
        {
            "name": "Thigh_L",
            "time": [0.0, 0.0833, 0.25, 0.4167, 0.6667, 0.8333, 0.9333, 1.1],
            "transform": [
                [0.323864, -0.123151, -0.938054, -0.067609, -0.317238, -0.948228, 0.014959, -0.015175, -0.891331, 0.292743, -0.346165, 0.162961, 0.0, 0.0, 0.0, 1.0],
                [0.302929, -0.515394, -0.801625, -0.067609, -0.368296, -0.839109, 0.400317, -0.015175, -0.878971, 0.173968, -0.444009, 0.162961, 0.0, 0.0, 0.0, 1.0],
                [0.287271, -0.527939, -0.799221, -0.066223, -0.286503, -0.843552, 0.454241, -0.027819, -0.913996, 0.09849, -0.393585, 0.158838, 0.0, 0.0, 0.0, 1.0],
                [0.582733, -0.207719, -0.785668, -0.077701, -0.383799, -0.922516, -0.040767, -0.045458, -0.716323, 0.325296, -0.617303, 0.158932, 0.0, 0.0, 0.0, 1.0],
                [0.56962, -0.157195, -0.806735, -0.075265, -0.329637, -0.942833, -0.049037, -0.056119, -0.752908, 0.293863, -0.588875, 0.158697, 0.0, 0.0, 0.0, 1.0],
                [0.680878, -0.112415, -0.723718, -0.097955, -0.052861, -0.993116, 0.104529, -0.036587, -0.730486, -0.032915, -0.682133, 0.049547, 0.0, 0.0, 0.0, 1.0],
                [0.845736, -0.17939, -0.502543, -0.121529, -0.045306, -0.962536, 0.267344, -0.00717, -0.531674, -0.203334, -0.822178, 0.006003, 0.0, 0.0, 0.0, 1.0],
                [0.866497, -0.165629, -0.470902, -0.125006, -0.027169, -0.957599, 0.28682, -0.002831, -0.498441, -0.235734, -0.834257, -1.2e-05, 0.0, 0.0, 0.0, 1.0]
            ]
        },
        {
            "name": "Leg_L",
            "time": [0.0, 0.0833, 0.25, 0.4167, 0.6667, 0.9333, 1.1],
            "transform": [
                [1.0, -0.0, 1e-06, 0.0, 0.0, 0.967089, 0.254435, 0.37472, -1e-06, -0.254435, 0.96709, 0.0, 0.0, 0.0, 0.0, 1.0],
                [1.0, -1e-06, 1e-06, 0.0, 0.0, 0.842877, 0.538106, 0.37472, -1e-06, -0.538105, 0.842878, 0.0, 0.0, 0.0, 0.0, 1.0],
                [1.0, -1e-06, 1e-06, 0.0, 0.0, 0.667448, 0.744657, 0.37472, -1e-06, -0.744656, 0.667448, -0.0, 0.0, 0.0, 0.0, 1.0],
                [1.0, -1e-06, 1e-06, 0.0, 0.0, 0.977816, 0.209466, 0.37472, -1e-06, -0.209466, 0.977816, 0.0, 0.0, 0.0, 0.0, 1.0],
                [1.0, -0.0, 1e-06, -0.0, 0.0, 0.980326, 0.197385, 0.37472, -1e-06, -0.197385, 0.980326, 0.0, 0.0, 0.0, 0.0, 1.0],
                [1.0, -0.0, 1e-06, 0.0, 0.0, 0.971619, 0.236549, 0.37472, -1e-06, -0.236549, 0.97162, 0.0, 0.0, 0.0, 0.0, 1.0],
                [1.0, -0.0, 1e-06, 0.0, 0.0, 0.970944, 0.239307, 0.37472, -1e-06, -0.239306, 0.970944, -0.0, 0.0, 0.0, 0.0, 1.0]
            ]
        },
        {
            "name": "Knee_L",
            "time": [0.0, 0.0833, 0.25, 0.4167, 0.6667, 0.9333, 1.1],
            "transform": [
                [1.0, 0.0, -0.0, 0.0, -0.0, 1e-06, -1.0, 0.37472, -0.0, 1.0, 1e-06, 0.0, 0.0, 0.0, 0.0, 1.0],
                [1.0, 0.0, -0.0, 0.0, -0.0, 1e-06, -1.0, 0.37472, -0.0, 1.0, 1e-06, 0.0, 0.0, 0.0, 0.0, 1.0],
                [1.0, 0.0, -0.0, 0.0, -0.0, 1e-06, -1.0, 0.37472, -0.0, 1.0, 1e-06, -0.0, 0.0, 0.0, 0.0, 1.0],
                [1.0, 0.0, -0.0, 0.0, -0.0, 1e-06, -1.0, 0.37472, -0.0, 1.0, 1e-06, 0.0, 0.0, 0.0, 0.0, 1.0],
                [1.0, 0.0, -0.0, -0.0, -0.0, 1e-06, -1.0, 0.37472, -0.0, 1.0, 1e-06, 0.0, 0.0, 0.0, 0.0, 1.0],
                [1.0, 0.0, -0.0, 0.0, -0.0, 1e-06, -1.0, 0.37472, -0.0, 1.0, 1e-06, 0.0, 0.0, 0.0, 0.0, 1.0],
                [1.0, 0.0, -0.0, 0.0, -0.0, 1e-06, -1.0, 0.37472, -0.0, 1.0, 1e-06, -0.0, 0.0, 0.0, 0.0, 1.0]
            ]
        },
        {
            "name": "Torso",
            "time": [0.0, 0.0833, 0.25, 0.3667, 0.4167, 0.6667, 0.9333, 1.1],
            "transform": [
                [0.386549, -0.242105, 0.889924, 0.0, 0.161464, 0.967792, 0.193154, 0.05, -0.908025, 0.069028, 0.41319, -0.0, 0.0, 0.0, 0.0, 1.0],
                [0.386549, -0.242105, 0.889924, -0.0, 0.161464, 0.967792, 0.193154, 0.05, -0.908025, 0.069028, 0.41319, -0.0, 0.0, 0.0, 0.0, 1.0],
                [0.365905, -0.057063, 0.928901, -0.0, 0.13123, 0.991309, 0.009204, 0.05, -0.921353, 0.118531, 0.370214, 0.0, 0.0, 0.0, 0.0, 1.0],
                [0.98298, -0.140519, 0.118346, 0.0, 0.131122, 0.987819, 0.083795, 0.05, -0.128679, -0.066851, 0.98943, 0.0, 0.0, 0.0, 0.0, 1.0],
                [0.959127, -0.218794, -0.179458, 0.0, 0.238048, 0.96673, 0.093633, 0.05, 0.153001, -0.132525, 0.9793, 0.0, 0.0, 0.0, 0.0, 1.0],
                [0.968273, -0.203646, 0.144828, 0.0, 0.200191, 0.979012, 0.038196, 0.05, -0.149567, -0.007991, 0.988719, -0.0, 0.0, 0.0, 0.0, 1.0],
                [0.999532, -0.028726, 0.010556, 0.0, 0.028486, 0.999347, 0.022217, 0.05, -0.011187, -0.021906, 0.999698, 0.0, 0.0, 0.0, 0.0, 1.0],
                [0.99978, -0.020971, -0.000197, 0.0, 0.020971, 0.999603, 0.018833, 0.05, -0.000198, -0.018833, 0.999823, 0.0, 0.0, 0.0, 0.0, 1.0]
            ]
        },
        {
            "name": "Chest",
            "time": [0.0, 0.0833, 0.25, 0.3667, 0.4167, 0.6667, 0.8333, 0.9333, 1.1],
            "transform": [
                [0.697457, -0.10043, 0.709554, 0.0, 0.24685, 0.963205, -0.106311, 0.3, -0.672769, 0.249301, 0.696585, -0.0, 0.0, 0.0, 0.0, 1.0],
                [0.614552, -0.023295, 0.788533, -0.0, 0.256098, 0.951318, -0.171489, 0.3, -0.74615, 0.307331, 0.5906, -0.0, 0.0, 0.0, 0.0, 1.0],
                [0.680698, -0.061134, 0.730009, -0.0, 0.209381, 0.971177, -0.113906, 0.3, -0.702004, 0.230386, 0.673879, 0.0, 0.0, 0.0, 0.0, 1.0],
                [0.905187, 0.146757, -0.398872, -0.0, -0.034412, 0.960718, 0.275384, 0.3, 0.423618, -0.235548, 0.87468, -0.0, 0.0, 0.0, 0.0, 1.0],
                [0.521312, 0.386891, -0.760625, -0.0, -0.061857, 0.906109, 0.418497, 0.3, 0.851121, -0.171117, 0.496297, -0.0, 0.0, 0.0, 0.0, 1.0],
                [0.533323, 0.393806, -0.748654, -0.0, -0.053651, 0.898992, 0.434666, 0.3, 0.844208, -0.191652, 0.500582, 0.0, 0.0, 0.0, 0.0, 1.0],
                [0.942763, 0.178446, -0.281701, -0.0, -0.046269, 0.906599, 0.419448, 0.3, 0.330239, -0.382406, 0.862965, -0.0, 0.0, 0.0, 0.0, 1.0],
                [0.999515, -0.008244, -0.03004, -0.0, 0.011749, 0.992892, 0.118433, 0.3, 0.02885, -0.118729, 0.992508, 0.0, 0.0, 0.0, 0.0, 1.0],
                [0.999771, -0.021316, -0.002029, 0.0, 0.021411, 0.994316, 0.104295, 0.3, -0.000206, -0.104315, 0.994544, 0.0, 0.0, 0.0, 0.0, 1.0]
            ]
        },
        {
            "name": "Head",
            "time": [0.0, 0.0833, 0.25, 0.4167, 0.6667, 0.8333, 1.1],
            "transform": [
                [-0.29369, 0.245655, -0.923796, 0.0, 0.082656, 0.969321, 0.231483, 0.4, 0.95232, -0.008373, -0.304985, 0.0, 0.0, 0.0, 0.0, 1.0],
                [-0.29369, 0.245655, -0.923796, 0.0, 0.082656, 0.969321, 0.231483, 0.4, 0.95232, -0.008373, -0.304985, 0.0, 0.0, 0.0, 0.0, 1.0],
                [-0.450618, 0.204366, -0.86901, -0.0, 0.06106, 0.97822, 0.198387, 0.4, 0.890626, 0.036335, -0.453282, -0.0, 0.0, 0.0, 0.0, 1.0],
                [0.657237, -0.00165, 0.753682, -0.0, 0.168566, 0.974988, -0.14486, 0.4, -0.734592, 0.222252, 0.641076, 0.0, 0.0, 0.0, 0.0, 1.0],
                [0.813995, -0.017087, 0.58062, -0.0, 0.129861, 0.979621, -0.153228, 0.4, -0.566169, 0.200127, 0.799626, -0.0, 0.0, 0.0, 0.0, 1.0],
                [0.844434, -0.120352, 0.521963, 0.0, 0.071934, 0.991085, 0.112145, 0.4, -0.530807, -0.057152, 0.845564, -0.0, 0.0, 0.0, 0.0, 1.0],
                [0.85311, 0.037721, 0.520365, 0.0, -0.006297, 0.998055, -0.062025, 0.4, -0.521692, 0.049637, 0.851689, -0.0, 0.0, 0.0, 0.0, 1.0]
            ]
        },
        {
            "name": "Shoulder_R",
            "time": [0.0, 0.0833, 0.25, 0.3667, 0.4167, 0.6667, 0.9333, 1.1],
            "transform": [
                [0.086643, 0.933528, 0.347875, 0.0, -0.012802, -0.348116, 0.937364, 0.4, 0.996157, -0.08567, -0.01821, 0.0, 0.0, 0.0, 0.0, 1.0],
                [0.086643, 0.974324, 0.207809, 0.0, -0.012802, -0.207487, 0.978154, 0.4, 0.996157, -0.087411, -0.005504, 0.0, 0.0, 0.0, 0.0, 1.0],
                [0.129166, 0.969307, 0.209189, -0.0, -0.037193, -0.206072, 0.97783, 0.4, 0.990925, -0.134083, 0.009434, -0.0, 0.0, 0.0, 0.0, 1.0],
                [0.209765, 0.803685, 0.556856, 0.0, -0.083102, -0.552811, 0.829153, 0.4, 0.974214, -0.220203, -0.049173, -0.0, 0.0, 0.0, 0.0, 1.0],
                [0.299099, 0.878644, 0.372189, -0.0, -0.144744, -0.343754, 0.927837, 0.4, 0.94318, -0.331388, 0.024362, 0.0, 0.0, 0.0, 0.0, 1.0],
                [0.302307, 0.883416, 0.35803, -0.0, -0.148017, -0.327543, 0.93317, 0.4, 0.941648, -0.335098, 0.031742, -0.0, 0.0, 0.0, 0.0, 1.0],
                [0.121375, 0.957303, 0.262371, -0.0, 0.078663, -0.272771, 0.958858, 0.4, 0.989485, -0.095742, -0.108412, -0.0, 0.0, 0.0, 0.0, 1.0],
                [0.110305, 0.959352, 0.259762, 0.0, 0.091141, -0.270019, 0.958532, 0.4, 0.98971, -0.082056, -0.11722, -0.0, 0.0, 0.0, 0.0, 1.0]
            ]
        },
        {
            "name": "Arm_R",
            "time": [0.0, 0.0833, 0.25, 0.3, 0.4167, 0.6667, 0.9333, 1.1],
            "transform": [
                [0.63884, -0.661477, -0.39285, 0.0, -0.596446, -0.103304, -0.795978, 0.393861, 0.485938, 0.742817, -0.460529, 0.0, 0.0, 0.0, 0.0, 1.0],
                [0.63884, -0.706764, -0.303921, -0.0, -0.596445, -0.205469, -0.77591, 0.39386, 0.485939, 0.676955, -0.552808, 0.0, 0.0, 0.0, 0.0, 1.0],
                [0.540229, -0.688247, -0.48422, 0.0, -0.528495, 0.170298, -0.83168, 0.39386, 0.654863, 0.705205, -0.271735, -0.0, 0.0, 0.0, 0.0, 1.0],
                [0.616216, -0.607184, -0.501602, -0.0, -0.031324, 0.617494, -0.785952, 0.39386, 0.786954, 0.500028, 0.36149, 0.0, 0.0, 0.0, 0.0, 1.0],
                [0.640922, 0.290289, -0.710599, 0.0, 0.441693, 0.617651, 0.650703, 0.393861, 0.627794, -0.730917, 0.267647, -0.0, 0.0, 0.0, 0.0, 1.0],
                [0.670343, 0.375562, -0.639995, 0.0, 0.356396, 0.593534, 0.721595, 0.39386, 0.650862, -0.711808, 0.264023, 0.0, 0.0, 0.0, 0.0, 1.0],
                [0.085488, -0.035446, -0.995708, 0.0, 0.796751, 0.60248, 0.046958, 0.39386, 0.59823, -0.797346, 0.079746, 0.0, 0.0, 0.0, 0.0, 1.0],
                [0.043023, -0.059379, -0.997308, -0.0, 0.813119, 0.582097, 0.00042, 0.39386, 0.580505, -0.810948, 0.073326, 0.0, 0.0, 0.0, 0.0, 1.0]
            ]
        },
        {
            "name": "Hand_R",
            "time": [0.0, 0.0833, 0.25, 0.4167, 0.6667, 0.9333, 1.1],
            "transform": [
                [0.999998, -0.000718, 0.001676, 0.0, 0.000868, 0.995825, -0.091284, 0.3, -0.001603, 0.091285, 0.995824, -0.0, 0.0, 0.0, 0.0, 1.0],
                [0.999998, -0.000594, 0.001724, 0.0, 0.000868, 0.986545, -0.163487, 0.3, -0.001603, 0.163488, 0.986544, 0.0, 0.0, 0.0, 0.0, 1.0],
                [0.999998, -0.00039, 0.001781, -0.0, 0.000868, 0.960946, -0.276736, 0.3, -0.001603, 0.276737, 0.960944, 0.0, 0.0, 0.0, 0.0, 1.0],
                [0.999998, -0.000894, 0.001589, 0.0, 0.000868, 0.999867, 0.016265, 0.3, -0.001603, -0.016263, 0.999867, 0.0, 0.0, 0.0, 0.0, 1.0],
                [0.999998, -0.000914, 0.001577, 0.0, 0.000868, 0.999575, 0.029152, 0.3, -0.001603, -0.029151, 0.999574, -0.0, 0.0, 0.0, 0.0, 1.0],
                [0.999998, -0.000852, 0.001612, -0.0, 0.000868, 0.999951, -0.009882, 0.3, -0.001603, 0.009883, 0.99995, 0.0, 0.0, 0.0, 0.0, 1.0],
                [0.999998, -0.000848, 0.001614, 0.0, 0.000868, 0.999919, -0.012686, 0.3, -0.001603, 0.012688, 0.999918, 0.0, 0.0, 0.0, 0.0, 1.0]
            ]
        },
        {
            "name": "Tool_R",
            "time": [0.0, 0.0833, 0.25, 0.4167, 0.6667, 0.9333, 1.1],
            "transform": [
                [0.998714, 0.039768, 0.031447, 0.013321, 0.048434, -0.565027, -0.82365, 0.271288, -0.014977, 0.82362, -0.5659, 0.019047, 0.0, 0.0, 0.0, 1.0],
                [0.998714, 0.039768, 0.031447, 0.013321, 0.048434, -0.565027, -0.82365, 0.271289, -0.014977, 0.82362, -0.5659, 0.019047, 0.0, 0.0, 0.0, 1.0],
                [0.99587, 0.089581, -0.014762, 0.003259, 0.084886, -0.9764, -0.198587, 0.295618, -0.032183, 0.196387, -0.979394, 0.027105, 0.0, 0.0, 0.0, 1.0],
                [0.995871, 0.090311, 0.009254, 0.003259, 0.084881, -0.890104, -0.447783, 0.295618, -0.032183, 0.446445, -0.89357, 0.027105, 0.0, 0.0, 0.0, 1.0],
                [0.993314, -0.054493, -0.101777, 0.010704, -0.088154, -0.927265, -0.363881, 0.330594, -0.074502, 0.37019, -0.925324, 0.180402, 0.0, 0.0, 0.0, 1.0],
                [0.993314, -0.054493, -0.101777, 0.010704, -0.088154, -0.927265, -0.363881, 0.330594, -0.074502, 0.37019, -0.925324, 0.180402, 0.0, 0.0, 0.0, 1.0],
                [0.993314, -0.054493, -0.101777, 0.010704, -0.088154, -0.927265, -0.363881, 0.330594, -0.074502, 0.37019, -0.925324, 0.180402, 0.0, 0.0, 0.0, 1.0]
            ]
        },
        {
            "name": "Elbow_R",
            "time": [0.0, 0.0833, 0.25, 0.4167, 0.6667, 0.9333, 1.1],
            "transform": [
                [-1.0, 0.0, 0.0, 0.0, 0.0, -0.0, -1.0, 0.341604, -0.0, -1.0, 0.0, -0.0, 0.0, 0.0, 0.0, 1.0],
                [-1.0, 0.0, -0.0, 0.0, 0.0, 0.0, -1.0, 0.341604, -0.0, -1.0, 0.0, -0.0, 0.0, 0.0, 0.0, 1.0],
                [-1.0, 0.0, -0.0, -0.0, -0.0, 0.0, -1.0, 0.341604, -0.0, -1.0, 0.0, 0.0, 0.0, 0.0, 0.0, 1.0],
                [-1.0, 0.0, 0.0, 0.0, -0.0, -0.0, -1.0, 0.341604, -0.0, -1.0, 0.0, 0.0, 0.0, 0.0, 0.0, 1.0],
                [-1.0, 0.0, 0.0, 0.0, 0.0, -0.0, -1.0, 0.341604, -0.0, -1.0, 0.0, -0.0, 0.0, 0.0, 0.0, 1.0],
                [-1.0, 0.0, -0.0, -0.0, 0.0, -0.0, -1.0, 0.425107, -0.0, -1.0, 0.0, 0.0, 0.0, 0.0, 0.0, 1.0],
                [-1.0, 0.0, -0.0, 0.0, 0.0, -0.0, -1.0, 0.429832, -0.0, -1.0, 0.0, 0.0, 0.0, 0.0, 0.0, 1.0]
            ]
        },
        {
            "name": "Shoulder_L",
            "time": [0.0, 0.0833, 0.25, 0.4167, 0.6667, 0.9333, 1.1],
            "transform": [
                [-0.233204, -0.878194, -0.417602, 0.0, -0.024091, -0.424094, 0.905298, 0.4, -0.972129, 0.221179, 0.077744, 0.0, 0.0, 0.0, 0.0, 1.0],
                [-0.233204, -0.878194, -0.417602, 0.0, -0.024091, -0.424094, 0.905298, 0.4, -0.972129, 0.221179, 0.077744, 0.0, 0.0, 0.0, 0.0, 1.0],
                [-0.290777, -0.860847, -0.417602, -0.0, -0.052088, -0.421572, 0.905298, 0.4, -0.955372, 0.284992, 0.077744, -0.0, 0.0, 0.0, 0.0, 1.0],
                [-0.226937, -0.879834, -0.417602, -0.0, -0.021067, -0.424255, 0.905298, 0.4, -0.973681, 0.214243, 0.077744, 0.0, 0.0, 0.0, 0.0, 1.0],
                [-0.226937, -0.879834, -0.417602, -0.0, -0.021067, -0.424255, 0.905298, 0.4, -0.973681, 0.214243, 0.077744, -0.0, 0.0, 0.0, 0.0, 1.0],
                [-0.226937, -0.879834, -0.417602, -0.0, -0.021067, -0.424255, 0.905298, 0.4, -0.973681, 0.214243, 0.077744, -0.0, 0.0, 0.0, 0.0, 1.0],
                [-0.226937, -0.879834, -0.417602, 0.0, -0.021067, -0.424255, 0.905298, 0.4, -0.973681, 0.214243, 0.077744, -0.0, 0.0, 0.0, 0.0, 1.0]
            ]
        },
        {
            "name": "Arm_L",
            "time": [0.0, 0.0833, 0.25, 0.4167, 0.6667, 0.9333, 1.1],
            "transform": [
                [-0.026044, -0.042455, 0.998759, 0.0, -0.462845, 0.886069, 0.025595, 0.39386, -0.886057, -0.461604, -0.042726, 0.0, 0.0, 0.0, 0.0, 1.0],
                [-0.016185, -0.14999, 0.988555, -0.0, -0.444003, 0.886936, 0.127303, 0.39386, -0.895879, -0.436861, -0.080951, -0.0, 0.0, 0.0, 0.0, 1.0],
                [0.064855, -0.281252, 0.95744, 0.0, -0.481718, 0.831439, 0.27687, 0.39386, -0.873923, -0.479172, -0.081561, -0.0, 0.0, 0.0, 0.0, 1.0],
                [0.411931, -0.519263, 0.748785, -0.0, -0.548943, 0.514477, 0.658767, 0.39386, -0.727306, -0.682407, -0.073117, 0.0, 0.0, 0.0, 0.0, 1.0],
                [0.421958, -0.468472, 0.776199, 0.0, -0.548343, 0.549929, 0.629998, 0.39386, -0.721991, -0.691456, -0.024837, -0.0, 0.0, 0.0, 0.0, 1.0],
                [-0.106504, 0.002611, 0.994309, 0.0, -0.644401, 0.761382, -0.071023, 0.39386, -0.757234, -0.648298, -0.079408, 0.0, 0.0, 0.0, 0.0, 1.0],
                [-0.136384, 0.036069, 0.989999, 0.0, -0.636592, 0.762506, -0.115479, 0.39386, -0.759045, -0.645975, -0.081033, -0.0, 0.0, 0.0, 0.0, 1.0]
            ]
        },
        {
            "name": "Hand_L",
            "time": [0.0, 0.0833, 0.25, 0.4167, 0.6667, 0.9333, 1.1],
            "transform": [
                [0.999993, -0.001541, -0.00347, -0.0, 0.000938, 0.985901, -0.167329, 0.3, 0.003679, 0.167324, 0.985895, -0.0, 0.0, 0.0, 0.0, 1.0],
                [0.999993, -0.001541, -0.00347, 0.0, 0.000938, 0.985901, -0.167329, 0.3, 0.003679, 0.167324, 0.985895, 0.0, 0.0, 0.0, 0.0, 1.0],
                [0.999993, -0.001541, -0.00347, -0.0, 0.000938, 0.985901, -0.167329, 0.3, 0.003679, 0.167324, 0.985895, -0.0, 0.0, 0.0, 0.0, 1.0],
                [0.999993, -0.001541, -0.00347, -0.0, 0.000938, 0.985901, -0.167329, 0.3, 0.003679, 0.167324, 0.985895, 0.0, 0.0, 0.0, 0.0, 1.0],
                [0.999993, -0.001541, -0.00347, 0.0, 0.000938, 0.985901, -0.167329, 0.3, 0.003679, 0.167324, 0.985895, 0.0, 0.0, 0.0, 0.0, 1.0],
                [0.999993, -0.001541, -0.00347, -0.0, 0.000938, 0.985901, -0.167329, 0.3, 0.003679, 0.167324, 0.985895, -0.0, 0.0, 0.0, 0.0, 1.0],
                [0.999993, -0.001541, -0.00347, 0.0, 0.000938, 0.985901, -0.167329, 0.3, 0.003679, 0.167324, 0.985895, 0.0, 0.0, 0.0, 0.0, 1.0]
            ]
        },
        {
            "name": "Tool_L",
            "time": [0.0, 0.0833, 0.25, 0.4167, 0.6667, 0.9333, 1.1],
            "transform": [
                [0.997004, 0.01104, -0.076554, -0.0, -0.036659, -0.804079, -0.593391, 0.272858, -0.068067, 0.594062, -0.8008, -0.0, 0.0, 0.0, 0.0, 1.0],
                [0.997004, 0.01104, -0.076554, 0.0, -0.036659, -0.804079, -0.593391, 0.272858, -0.068067, 0.594062, -0.8008, -0.0, 0.0, 0.0, 0.0, 1.0],
                [0.997004, 0.01104, -0.076554, -0.0, -0.036659, -0.804079, -0.593392, 0.272858, -0.068067, 0.594062, -0.8008, -0.0, 0.0, 0.0, 0.0, 1.0],
                [0.997004, 0.01104, -0.076554, -0.0, -0.036659, -0.804079, -0.593391, 0.272858, -0.068067, 0.594062, -0.8008, -0.0, 0.0, 0.0, 0.0, 1.0],
                [0.997004, 0.01104, -0.076554, -0.0, -0.036659, -0.804079, -0.593391, 0.272858, -0.068067, 0.594062, -0.8008, -0.0, 0.0, 0.0, 0.0, 1.0],
                [0.997004, 0.01104, -0.076554, -0.0, -0.036659, -0.804079, -0.593391, 0.272858, -0.068067, 0.594062, -0.8008, -0.0, 0.0, 0.0, 0.0, 1.0],
                [0.997004, 0.01104, -0.076554, 0.0, -0.036659, -0.804079, -0.593391, 0.272858, -0.068067, 0.594062, -0.8008, -0.0, 0.0, 0.0, 0.0, 1.0]
            ]
        },
        {
            "name": "Elbow_L",
            "time": [0.0, 0.0833, 0.25, 0.4167, 0.6667, 0.9333, 1.1],
            "transform": [
                [-1.0, 0.0, -0.0, 2.7e-05, 0.0, -0.0, -1.0, 0.396147, -0.0, -1.0, -0.0, -0.002121, 0.0, 0.0, 0.0, 1.0],
                [-1.0, 0.0, -0.0, 2.7e-05, 0.0, -0.0, -1.0, 0.396147, -0.0, -1.0, 0.0, -0.00212, 0.0, 0.0, 0.0, 1.0],
                [-1.0, 0.0, -0.0, 2.7e-05, 0.0, -0.0, -1.0, 0.396148, -0.0, -1.0, -0.0, -0.002121, 0.0, 0.0, 0.0, 1.0],
                [-1.0, 0.0, -0.0, 2.7e-05, 0.0, -0.0, -1.0, 0.396148, -0.0, -1.0, -0.0, -0.002121, 0.0, 0.0, 0.0, 1.0],
                [-1.0, 0.0, -0.0, 2.7e-05, 0.0, -0.0, -1.0, 0.396148, -0.0, -1.0, -0.0, -0.002121, 0.0, 0.0, 0.0, 1.0],
                [-1.0, 0.0, -0.0, 2.7e-05, -0.0, -0.0, -1.0, 0.396147, -0.0, -1.0, -0.0, -0.002121, 0.0, 0.0, 0.0, 1.0],
                [-1.0, 0.0, -0.0, 2.7e-05, 0.0, -0.0, -1.0, 0.396147, -0.0, -1.0, -0.0, -0.002121, 0.0, 0.0, 0.0, 1.0]
            ]
        }
    ]
}