{
    "animation": [
        {
            "name": "Root",
            "time": [0.0, 0.1167, 0.2333, 0.3, 0.35, 0.55, 0.7],
            "transform": [
                [-0.029991, 0.001688, -0.999549, -0.020587, -0.99955, 0.000933, 0.029993, -0.032126, 0.000983, 0.999998, 0.001659, 0.608284, 0.0, 0.0, 0.0, 1.0],
                [0.400224, -0.001528, -0.916416, -0.00909, -0.914223, 0.0685, -0.39938, 0.191, 0.063385, 0.99765, 0.026018, 0.594572, 0.0, 0.0, 0.0, 1.0],
                [0.445257, -0.003749, -0.895395, -0.007785, -0.892696, 0.075837, -0.444233, 0.216332, 0.069569, 0.997113, 0.03042, 0.593015, 0.0, 0.0, 0.0, 1.0],
                [0.916538, 0.130434, -0.37808, -0.080792, -0.388947, 0.070499, -0.918559, -0.423394, -0.093157, 0.988947, 0.115347, 0.764045, 0.0, 0.0, 0.0, 1.0],
                [0.992717, 0.093349, 0.076145, -0.042389, 0.070304, 0.064346, -0.995448, -0.857027, -0.097824, 0.993552, 0.057315, 0.778821, 0.0, 0.0, 0.0, 1.0],
                [0.977014, 0.103208, 0.186523, -0.039763, 0.179982, 0.06951, -0.981211, -0.982159, -0.114234, 0.992228, 0.049337, 0.704006, 0.0, 0.0, 0.0, 1.0],
                [0.977014, 0.103208, 0.186523, -0.039763, 0.179982, 0.06951, -0.981211, -0.982159, -0.114234, 0.992228, 0.049337, 0.704006, 0.0, 0.0, 0.0, 1.0]
            ]
        },
        {
            "name": "Thigh_R",
            "time": [0.0, 0.1167, 0.2333, 0.3, 0.35, 0.55, 0.7],
            "transform": [
                [0.648962, 0.586516, -0.48461, 0.159374, 0.619539, -0.777098, -0.110858, -0.025334, -0.441609, -0.228292, -0.867678, -0.051666, 0.0, 0.0, 0.0, 1.0],
                [0.872905, 0.409079, -0.265876, 0.08354, 0.454276, -0.88025, 0.137089, -0.024997, -0.177958, -0.240446, -0.954211, -0.104277, 0.0, 0.0, 0.0, 1.0],
                [0.891001, 0.387801, -0.236065, 0.07493, 0.42952, -0.88848, 0.161603, -0.024958, -0.147069, -0.245383, -0.958206, -0.11025, 0.0, 0.0, 0.0, 1.0],
                [0.953445, 0.213076, -0.213403, 0.085061, 0.276162, -0.901203, 0.334018, -0.00026, -0.121148, -0.377401, -0.918092, -0.118784, 0.0, 0.0, 0.0, 1.0],
                [0.975902, 0.103834, -0.191919, 0.141794, 0.183256, -0.867456, 0.462533, -0.0543, -0.118455, -0.486557, -0.865582, -0.157587, 0.0, 0.0, 0.0, 1.0],
                [0.977499, 0.07835, -0.19585, 0.135343, 0.175754, -0.815931, 0.550788, -0.009914, -0.116646, -0.572816, -0.811343, -0.138167, 0.0, 0.0, 0.0, 1.0],
                [0.977499, 0.07835, -0.19585, 0.135343, 0.175754, -0.815931, 0.550788, -0.009914, -0.116646, -0.572816, -0.811343, -0.138167, 0.0, 0.0, 0.0, 1.0]
            ]
        },
        {
            "name": "Leg_R",
            "time": [0.0, 0.1167, 0.2333, 0.35, 0.55, 0.7],
            "transform": [
                [1.0, -0.0, 1e-06, -0.0, 0.0, 0.943778, 0.330581, 0.37472, -1e-06, -0.330582, 0.943777, 0.0, 0.0, 0.0, 0.0, 1.0],
                [1.0, -1e-06, 1e-06, 0.0, 0.0, 0.740175, 0.672415, 0.37472, -1e-06, -0.672416, 0.740173, -0.0, 0.0, 0.0, 0.0, 1.0],
                [1.0, -1e-06, 1e-06, -0.0, 0.0, 0.709053, 0.705155, 0.37472, -1e-06, -0.705156, 0.709052, 0.0, 0.0, 0.0, 0.0, 1.0],
                [0.999278, 0.03798, -0.000677, -0.0, -0.037555, 0.990473, 0.132491, 0.37472, 0.005702, -0.13237, 0.991183, -0.0, 0.0, 0.0, 0.0, 1.0],
                [1.0, -0.0, 1e-06, 0.0, 0.0, 0.960524, 0.278201, 0.37472, -1e-06, -0.278201, 0.960522, -0.0, 0.0, 0.0, 0.0, 1.0],
                [1.0, -0.0, 1e-06, 0.0, 0.0, 0.960524, 0.278201, 0.37472, -1e-06, -0.278201, 0.960522, -0.0, 0.0, 0.0, 0.0, 1.0]
            ]
        },
        {
            "name": "Knee_R",
            "time": [0.0, 0.1167, 0.2333, 0.35, 0.55, 0.7],
            "transform": [
                [1.0, 0.0, -0.0, -0.0, -0.0, 1e-06, -1.0, 0.37472, -0.0, 1.0, 1e-06, 0.0, 0.0, 0.0, 0.0, 1.0],
                [1.0, 0.0, -0.0, 0.0, -0.0, 1e-06, -1.0, 0.37472, -0.0, 1.0, 1e-06, -0.0, 0.0, 0.0, 0.0, 1.0],
                [1.0, 0.0, -0.0, -0.0, -0.0, 1e-06, -1.0, 0.37472, -0.0, 1.0, 1e-06, 0.0, 0.0, 0.0, 0.0, 1.0],
                [1.0, 0.0, -0.0, -0.0, -0.0, 1e-06, -1.0, 0.37472, -0.0, 1.0, 1e-06, -0.0, 0.0, 0.0, 0.0, 1.0],
                [1.0, 0.0, -0.0, 0.0, -0.0, 1e-06, -1.0, 0.37472, -0.0, 1.0, 1e-06, -0.0, 0.0, 0.0, 0.0, 1.0],
                [1.0, 0.0, -0.0, 0.0, -0.0, 1e-06, -1.0, 0.37472, -0.0, 1.0, 1e-06, -0.0, 0.0, 0.0, 0.0, 1.0]
            ]
        },
        {
            "name": "Thigh_L",
            "time": [0.0, 0.1167, 0.2333, 0.3, 0.35, 0.55, 0.7],
            "transform": [
                [0.223127, -0.754543, -0.617153, -0.22136, -0.057546, -0.642207, 0.764368, -0.025026, -0.973089, -0.135036, -0.186715, 0.04769, 0.0, 0.0, 0.0, 1.0],
                [0.313057, -0.895937, -0.315106, -0.22136, 0.02423, -0.324141, 0.945698, -0.025026, -0.949424, -0.303693, -0.079766, 0.04769, 0.0, 0.0, 0.0, 1.0],
                [0.324591, -0.88343, -0.337922, -0.22136, 0.031155, -0.347087, 0.937315, -0.025026, -0.94534, -0.314772, -0.085139, 0.04769, 0.0, 0.0, 0.0, 1.0],
                [0.808462, -0.21937, -0.546137, -0.115063, -0.148125, -0.97391, 0.171922, -0.014893, -0.569603, -0.058096, -0.819864, 0.1158, 0.0, 0.0, 0.0, 1.0],
                [0.328175, -0.022995, -0.944336, -0.071284, -0.284502, -0.95569, -0.075599, -0.076469, -0.900754, 0.293476, -0.320176, 0.155717, 0.0, 0.0, 0.0, 1.0],
                [0.323864, -0.123151, -0.938054, -0.067609, -0.317238, -0.948228, 0.014959, -0.015175, -0.891331, 0.292743, -0.346165, 0.162961, 0.0, 0.0, 0.0, 1.0],
                [0.323864, -0.123151, -0.938054, -0.067609, -0.317238, -0.948228, 0.014959, -0.015175, -0.891331, 0.292743, -0.346165, 0.162961, 0.0, 0.0, 0.0, 1.0]
            ]
        },
        {
            "name": "Leg_L",
            "time": [0.0, 0.1167, 0.2333, 0.3, 0.35, 0.55, 0.7],
            "transform": [
                [1.0, -1e-06, 1e-06, -0.0, 0.0, 0.936114, 0.351695, 0.37472, -1e-06, -0.351695, 0.936115, -0.0, 0.0, 0.0, 0.0, 1.0],
                [1.0, -1e-06, 1e-06, 0.0, 0.0, 0.497698, 0.867351, 0.37472, -1e-06, -0.86735, 0.497699, -0.0, 0.0, 0.0, 0.0, 1.0],
                [1.0, -1e-06, 1e-06, 0.0, 0.0, 0.625257, 0.780419, 0.37472, -1e-06, -0.780418, 0.625258, 0.0, 0.0, 0.0, 0.0, 1.0],
                [1.0, -1e-06, 0.0, -0.0, 0.0, 0.443478, 0.896286, 0.37472, -1e-06, -0.896285, 0.443478, 0.0, 0.0, 0.0, 0.0, 1.0],
                [1.0, -0.0, 1e-06, 0.0, 0.0, 0.967883, 0.2514, 0.37472, -1e-06, -0.251399, 0.967884, -0.0, 0.0, 0.0, 0.0, 1.0],
                [1.0, -0.0, 1e-06, 0.0, 0.0, 0.967089, 0.254435, 0.37472, -1e-06, -0.254435, 0.96709, 0.0, 0.0, 0.0, 0.0, 1.0],
                [1.0, -0.0, 1e-06, 0.0, 0.0, 0.967089, 0.254435, 0.37472, -1e-06, -0.254435, 0.96709, 0.0, 0.0, 0.0, 0.0, 1.0]
            ]
        },
        {
            "name": "Knee_L",
            "time": [0.0, 0.1167, 0.2333, 0.35, 0.55, 0.7],
            "transform": [
                [1.0, 0.0, -0.0, -0.0, -0.0, 1e-06, -1.0, 0.37472, -0.0, 1.0, 1e-06, -0.0, 0.0, 0.0, 0.0, 1.0],
                [1.0, 0.0, -0.0, 0.0, -0.0, 1e-06, -1.0, 0.37472, -0.0, 1.0, 1e-06, -0.0, 0.0, 0.0, 0.0, 1.0],
                [1.0, 0.0, -0.0, 0.0, -0.0, 1e-06, -1.0, 0.37472, -0.0, 1.0, 1e-06, 0.0, 0.0, 0.0, 0.0, 1.0],
                [1.0, 0.0, -0.0, 0.0, -0.0, 1e-06, -1.0, 0.37472, -0.0, 1.0, 1e-06, -0.0, 0.0, 0.0, 0.0, 1.0],
                [1.0, 0.0, -0.0, 0.0, -0.0, 1e-06, -1.0, 0.37472, -0.0, 1.0, 1e-06, 0.0, 0.0, 0.0, 0.0, 1.0],
                [1.0, 0.0, -0.0, 0.0, -0.0, 1e-06, -1.0, 0.37472, -0.0, 1.0, 1e-06, 0.0, 0.0, 0.0, 0.0, 1.0]
            ]
        },
        {
            "name": "Torso",
            "time": [0.0, 0.1167, 0.2333, 0.35, 0.55, 0.7],
            "transform": [
                [0.769442, -0.232496, 0.594899, -0.0, 0.107871, 0.96532, 0.237741, 0.05, -0.629542, -0.118756, 0.767837, -0.0, 0.0, 0.0, 0.0, 1.0],
                [0.777381, -0.285641, 0.560436, 0.0, 0.138391, 0.946786, 0.290592, 0.05, -0.613618, -0.148342, 0.775544, 0.0, 0.0, 0.0, 0.0, 1.0],
                [0.778143, -0.291555, 0.556317, -0.0, 0.141907, 0.94444, 0.296471, 0.05, -0.611846, -0.151752, 0.776283, 0.0, 0.0, 0.0, 0.0, 1.0],
                [0.411577, -0.257182, 0.874335, 0.0, 0.216209, 0.959524, 0.180463, 0.05, -0.885358, 0.114765, 0.450523, -0.0, 0.0, 0.0, 0.0, 1.0],
                [0.386549, -0.242105, 0.889924, -0.0, 0.161464, 0.967792, 0.193154, 0.05, -0.908025, 0.069028, 0.41319, 0.0, 0.0, 0.0, 0.0, 1.0],
                [0.386549, -0.242105, 0.889924, -0.0, 0.161464, 0.967792, 0.193154, 0.05, -0.908025, 0.069028, 0.41319, 0.0, 0.0, 0.0, 0.0, 1.0]
            ]
        },
        {
            "name": "Chest",
            "time": [0.0, 0.1167, 0.2333, 0.3, 0.35, 0.55, 0.7],
            "transform": [
                [0.92006, -0.026308, 0.390894, -0.0, -0.053448, 0.979986, 0.191757, 0.3, -0.388116, -0.19732, 0.90024, 0.0, 0.0, 0.0, 0.0, 1.0],
                [0.92006, -0.045758, 0.389097, 0.0, -0.053448, 0.969211, 0.240362, 0.3, -0.388115, -0.241944, 0.889286, 0.0, 0.0, 0.0, 0.0, 1.0],
                [0.92006, -0.026308, 0.390894, -0.0, -0.053448, 0.979986, 0.191757, 0.3, -0.388115, -0.19732, 0.90024, -0.0, 0.0, 0.0, 0.0, 1.0],
                [0.877343, -0.084501, 0.472365, 0.0, 0.019173, 0.98976, 0.141447, 0.3, -0.47948, -0.115041, 0.86998, -0.0, 0.0, 0.0, 0.0, 1.0],
                [0.724948, -0.097682, 0.681842, -0.0, 0.216967, 0.971886, -0.091449, 0.3, -0.65374, 0.214233, 0.725761, 0.0, 0.0, 0.0, 0.0, 1.0],
                [0.697457, -0.10043, 0.709554, -0.0, 0.24685, 0.963205, -0.106311, 0.3, -0.672769, 0.249301, 0.696585, -0.0, 0.0, 0.0, 0.0, 1.0],
                [0.697457, -0.10043, 0.709554, -0.0, 0.24685, 0.963205, -0.106311, 0.3, -0.672769, 0.249301, 0.696585, -0.0, 0.0, 0.0, 0.0, 1.0]
            ]
        },
        {
            "name": "Head",
            "time": [0.0, 0.1167, 0.2333, 0.35, 0.55, 0.7],
            "transform": [
                [0.896099, -0.065924, 0.438932, -0.0, 0.215315, 0.929323, -0.299997, 0.4, -0.388133, 0.363336, 0.846959, 0.0, 0.0, 0.0, 0.0, 1.0],
                [0.982194, -0.065924, 0.17592, 0.0, 0.124634, 0.929323, -0.347599, 0.4, -0.140572, 0.363336, 0.920992, -0.0, 0.0, 0.0, 0.0, 1.0],
                [0.987246, -0.065924, 0.14491, 0.0, 0.113628, 0.929323, -0.351351, 0.4, -0.111505, 0.363336, 0.924961, 0.0, 0.0, 0.0, 0.0, 1.0],
                [-0.137785, 0.197125, -0.970648, 0.0, 0.036561, 0.980339, 0.193903, 0.4, 0.989787, -0.008771, -0.142283, 0.0, 0.0, 0.0, 0.0, 1.0],
                [-0.29369, 0.245655, -0.923796, 0.0, 0.082656, 0.969321, 0.231483, 0.4, 0.95232, -0.008373, -0.304985, -0.0, 0.0, 0.0, 0.0, 1.0],
                [-0.29369, 0.245655, -0.923796, 0.0, 0.082656, 0.969321, 0.231483, 0.4, 0.95232, -0.008373, -0.304985, -0.0, 0.0, 0.0, 0.0, 1.0]
            ]
        },
        {
            "name": "Shoulder_R",
            "time": [0.0, 0.1167, 0.2333, 0.3, 0.35, 0.55, 0.7],
            "transform": [
                [0.851734, 0.4634, 0.24456, -0.0, -0.236468, -0.076557, 0.968618, 0.4, 0.467581, -0.882836, 0.044373, 0.0, 0.0, 0.0, 0.0, 1.0],
                [0.851734, 0.4634, 0.24456, 0.0, -0.236468, -0.076557, 0.968618, 0.4, 0.467581, -0.882835, 0.044373, -0.0, 0.0, 0.0, 0.0, 1.0],
                [0.851734, 0.4634, 0.24456, 0.0, -0.236468, -0.076557, 0.968619, 0.4, 0.467581, -0.882836, 0.044373, 0.0, 0.0, 0.0, 0.0, 1.0],
                [0.208236, 0.930178, 0.302336, 0.0, -0.070131, -0.294116, 0.953193, 0.4, 0.975561, -0.219692, 0.003989, -0.0, 0.0, 0.0, 0.0, 1.0],
                [0.086643, 0.933528, 0.347875, 0.0, -0.012802, -0.348116, 0.937364, 0.4, 0.996157, -0.08567, -0.01821, 0.0, 0.0, 0.0, 0.0, 1.0],
                [0.086643, 0.933528, 0.347875, 0.0, -0.012802, -0.348116, 0.937364, 0.4, 0.996157, -0.08567, -0.01821, -0.0, 0.0, 0.0, 0.0, 1.0],
                [0.086643, 0.933528, 0.347875, 0.0, -0.012802, -0.348116, 0.937364, 0.4, 0.996157, -0.08567, -0.01821, -0.0, 0.0, 0.0, 0.0, 1.0]
            ]
        },
        {
            "name": "Arm_R",
            "time": [0.0, 0.1167, 0.2333, 0.3, 0.35, 0.55, 0.7],
            "transform": [
                [0.068974, -0.953964, 0.291881, -0.0, 0.472221, 0.288945, 0.832777, 0.39386, -0.878777, 0.080393, 0.470411, -0.0, 0.0, 0.0, 0.0, 1.0],
                [0.738122, -0.674551, 0.012543, -0.0, 0.588673, 0.634846, -0.500435, 0.393861, 0.329606, 0.376766, 0.865683, -0.0, 0.0, 0.0, 0.0, 1.0],
                [0.680907, -0.712269, -0.170404, 0.0, 0.557131, 0.65479, -0.510739, 0.39386, 0.475363, 0.252829, 0.842679, -0.0, 0.0, 0.0, 0.0, 1.0],
                [0.94803, -0.26949, -0.169156, -0.0, 0.138297, 0.827796, -0.543716, 0.39386, 0.286552, 0.492066, 0.822046, -0.0, 0.0, 0.0, 0.0, 1.0],
                [0.715182, -0.647927, -0.262116, -0.0, -0.403511, -0.076544, -0.911767, 0.393861, 0.570695, 0.757847, -0.316189, 0.0, 0.0, 0.0, 0.0, 1.0],
                [0.63884, -0.661477, -0.39285, -0.0, -0.596446, -0.103304, -0.795978, 0.39386, 0.485938, 0.742817, -0.460529, 0.0, 0.0, 0.0, 0.0, 1.0],
                [0.63884, -0.661477, -0.39285, -0.0, -0.596446, -0.103304, -0.795978, 0.39386, 0.485938, 0.742817, -0.460529, 0.0, 0.0, 0.0, 0.0, 1.0]
            ]
        },
        {
            "name": "Hand_R",
            "time": [0.0, 0.1167, 0.2333, 0.3, 0.35, 0.55, 0.7],
            "transform": [
                [0.999998, -0.000731, 0.00167, 0.0, 0.000868, 0.99651, -0.083469, 0.3, -0.001603, 0.083471, 0.996509, 0.0, 0.0, 0.0, 0.0, 1.0],
                [0.999998, -0.000833, 0.001622, 0.0, 0.000868, 0.999768, -0.021533, 0.3, -0.001603, 0.021534, 0.999767, -0.0, 0.0, 0.0, 0.0, 1.0],
                [0.999998, -0.000845, 0.001616, 0.0, 0.000868, 0.999895, -0.014493, 0.3, -0.001603, 0.014494, 0.999894, 0.0, 0.0, 0.0, 0.0, 1.0],
                [0.999998, -0.00098, 0.001537, 0.0, 0.000868, 0.997434, 0.071593, 0.3, -0.001603, -0.071591, 0.997433, 0.0, 0.0, 0.0, 0.0, 1.0],
                [0.999998, -0.000845, 0.001616, -0.0, 0.000868, 0.999895, -0.014493, 0.3, -0.001603, 0.014494, 0.999894, 0.0, 0.0, 0.0, 0.0, 1.0],
                [0.999998, -0.000718, 0.001676, -0.0, 0.000868, 0.995825, -0.091284, 0.3, -0.001603, 0.091285, 0.995824, 0.0, 0.0, 0.0, 0.0, 1.0],
                [0.999998, -0.000718, 0.001676, -0.0, 0.000868, 0.995825, -0.091284, 0.3, -0.001603, 0.091285, 0.995824, 0.0, 0.0, 0.0, 0.0, 1.0]
            ]
        },
        {
            "name": "Tool_R",
            "time": [0.0, 0.1167, 0.2333, 0.35, 0.55, 0.7],
            "transform": [
                [0.998714, 0.019291, 0.046879, 0.013321, 0.048428, -0.089709, -0.99479, 0.271289, -0.014976, 0.995191, -0.090485, 0.019047, 0.0, 0.0, 0.0, 1.0],
                [0.998714, 0.019291, 0.046879, 0.013321, 0.048428, -0.089709, -0.99479, 0.271288, -0.014976, 0.995191, -0.090485, 0.019047, 0.0, 0.0, 0.0, 1.0],
                [0.998714, 0.019291, 0.046879, 0.013321, 0.048428, -0.089709, -0.99479, 0.271288, -0.014976, 0.995191, -0.090485, 0.019047, 0.0, 0.0, 0.0, 1.0],
                [0.998714, 0.019291, 0.046879, 0.013321, 0.048427, -0.089709, -0.99479, 0.271289, -0.014976, 0.995191, -0.090485, 0.019047, 0.0, 0.0, 0.0, 1.0],
                [0.998714, 0.039768, 0.031447, 0.013321, 0.048434, -0.565027, -0.82365, 0.271288, -0.014977, 0.82362, -0.5659, 0.019047, 0.0, 0.0, 0.0, 1.0],
                [0.998714, 0.039768, 0.031447, 0.013321, 0.048434, -0.565027, -0.82365, 0.271288, -0.014977, 0.82362, -0.5659, 0.019047, 0.0, 0.0, 0.0, 1.0]
            ]
        },
        {
            "name": "Elbow_R",
            "time": [0.0, 0.1167, 0.2333, 0.35, 0.55, 0.7],
            "transform": [
                [-1.0, 0.0, -0.0, 0.0, 0.0, -0.0, -1.0, 0.341605, -0.0, -1.0, 0.0, 0.0, 0.0, 0.0, 0.0, 1.0],
                [-1.0, 0.0, -0.0, 0.0, 0.0, -0.0, -1.0, 0.341604, -0.0, -1.0, 0.0, -0.0, 0.0, 0.0, 0.0, 1.0],
                [-1.0, 0.0, -0.0, 0.0, 0.0, -0.0, -1.0, 0.341604, -0.0, -1.0, 0.0, 0.0, 0.0, 0.0, 0.0, 1.0],
                [-1.0, 0.0, -0.0, -0.0, 0.0, -0.0, -1.0, 0.341604, -0.0, -1.0, 0.0, 0.0, 0.0, 0.0, 0.0, 1.0],
                [-1.0, 0.0, 0.0, 0.0, 0.0, -0.0, -1.0, 0.341604, -0.0, -1.0, 0.0, 0.0, 0.0, 0.0, 0.0, 1.0],
                [-1.0, 0.0, 0.0, 0.0, 0.0, -0.0, -1.0, 0.341604, -0.0, -1.0, 0.0, 0.0, 0.0, 0.0, 0.0, 1.0]
            ]
        },
        {
            "name": "Shoulder_L",
            "time": [0.0, 0.1167, 0.2333, 0.35, 0.55, 0.7],
            "transform": [
                [-0.233204, -0.878194, -0.417602, -0.0, -0.024091, -0.424094, 0.905298, 0.4, -0.972129, 0.221179, 0.077744, 0.0, 0.0, 0.0, 0.0, 1.0],
                [-0.233204, -0.878194, -0.417602, 0.0, -0.024091, -0.424094, 0.905298, 0.4, -0.972129, 0.221179, 0.077744, -0.0, 0.0, 0.0, 0.0, 1.0],
                [-0.233204, -0.878194, -0.417602, 0.0, -0.024091, -0.424094, 0.905298, 0.4, -0.972129, 0.221179, 0.077744, 0.0, 0.0, 0.0, 0.0, 1.0],
                [-0.233204, -0.878193, -0.417602, 0.0, -0.024091, -0.424094, 0.905298, 0.4, -0.972129, 0.221179, 0.077744, 0.0, 0.0, 0.0, 0.0, 1.0],
                [-0.233204, -0.878194, -0.417602, 0.0, -0.024091, -0.424094, 0.905298, 0.4, -0.972129, 0.221179, 0.077744, -0.0, 0.0, 0.0, 0.0, 1.0],
                [-0.233204, -0.878194, -0.417602, 0.0, -0.024091, -0.424094, 0.905298, 0.4, -0.972129, 0.221179, 0.077744, -0.0, 0.0, 0.0, 0.0, 1.0]
            ]
        },
        {
            "name": "Arm_L",
            "time": [0.0, 0.1167, 0.2333, 0.35, 0.55, 0.7],
            "transform": [
                [-0.136384, 0.036069, 0.989999, 0.0, -0.636592, 0.762506, -0.115479, 0.39386, -0.759045, -0.645975, -0.081033, -0.0, 0.0, 0.0, 0.0, 1.0],
                [-0.136385, 0.036069, 0.989999, 0.0, -0.636592, 0.762506, -0.115479, 0.39386, -0.759045, -0.645975, -0.081033, 0.0, 0.0, 0.0, 0.0, 1.0],
                [-0.136384, 0.036069, 0.989999, -0.0, -0.636592, 0.762506, -0.115479, 0.39386, -0.759045, -0.645975, -0.081033, -0.0, 0.0, 0.0, 0.0, 1.0],
                [-0.036131, -0.033681, 0.998779, 0.0, -0.481718, 0.876243, 0.012123, 0.39386, -0.875581, -0.480691, -0.047884, -0.0, 0.0, 0.0, 0.0, 1.0],
                [-0.026044, -0.042455, 0.998759, 0.0, -0.462845, 0.886069, 0.025595, 0.39386, -0.886057, -0.461604, -0.042726, 0.0, 0.0, 0.0, 0.0, 1.0],
                [-0.026044, -0.042455, 0.998759, 0.0, -0.462845, 0.886069, 0.025595, 0.39386, -0.886057, -0.461604, -0.042726, 0.0, 0.0, 0.0, 0.0, 1.0]
            ]
        },
        {
            "name": "Hand_L",
            "time": [0.0, 0.1167, 0.2333, 0.35, 0.55, 0.7],
            "transform": [
                [0.999993, -0.001541, -0.00347, -0.0, 0.000938, 0.985901, -0.167329, 0.3, 0.003679, 0.167324, 0.985895, -0.0, 0.0, 0.0, 0.0, 1.0],
                [0.999993, -0.001985, -0.003237, 0.0, 0.000938, 0.955177, -0.296035, 0.3, 0.003679, 0.29603, 0.955172, -0.0, 0.0, 0.0, 0.0, 1.0],
                [0.999993, -0.001541, -0.00347, 0.0, 0.000938, 0.985901, -0.167329, 0.3, 0.003679, 0.167324, 0.985895, 0.0, 0.0, 0.0, 0.0, 1.0],
                [0.999993, -0.001541, -0.00347, -0.0, 0.000938, 0.985901, -0.167329, 0.3, 0.003679, 0.167324, 0.985895, -0.0, 0.0, 0.0, 0.0, 1.0],
                [0.999993, -0.001541, -0.00347, -0.0, 0.000938, 0.985901, -0.167329, 0.3, 0.003679, 0.167324, 0.985895, -0.0, 0.0, 0.0, 0.0, 1.0],
                [0.999993, -0.001541, -0.00347, -0.0, 0.000938, 0.985901, -0.167329, 0.3, 0.003679, 0.167324, 0.985895, -0.0, 0.0, 0.0, 0.0, 1.0]
            ]
        },
        {
            "name": "Tool_L",
            "time": [0.0, 0.1167, 0.2333, 0.35, 0.55, 0.7],
            "transform": [
                [0.997004, 0.01104, -0.076554, -0.0, -0.036659, -0.804079, -0.593391, 0.272858, -0.068067, 0.594062, -0.8008, -0.0, 0.0, 0.0, 0.0, 1.0],
                [0.997004, 0.01104, -0.076554, -0.0, -0.036659, -0.804079, -0.593391, 0.272858, -0.068067, 0.594062, -0.8008, -0.0, 0.0, 0.0, 0.0, 1.0],
                [0.997004, 0.01104, -0.076554, 0.0, -0.036659, -0.804079, -0.593391, 0.272858, -0.068067, 0.594062, -0.8008, -0.0, 0.0, 0.0, 0.0, 1.0],
                [0.997004, 0.01104, -0.076554, -0.0, -0.036659, -0.804079, -0.593391, 0.272858, -0.068067, 0.594062, -0.8008, -0.0, 0.0, 0.0, 0.0, 1.0],
                [0.997004, 0.01104, -0.076554, -0.0, -0.036659, -0.804079, -0.593391, 0.272858, -0.068067, 0.594062, -0.8008, -0.0, 0.0, 0.0, 0.0, 1.0],
                [0.997004, 0.01104, -0.076554, -0.0, -0.036659, -0.804079, -0.593391, 0.272858, -0.068067, 0.594062, -0.8008, -0.0, 0.0, 0.0, 0.0, 1.0]
            ]
        },
        {
            "name": "Elbow_L",
            "time": [0.0, 0.1167, 0.2333, 0.35, 0.55, 0.7],
            "transform": [
                [-1.0, 0.0, -0.0, 2.7e-05, 0.0, -0.0, -1.0, 0.396148, -0.0, -1.0, -0.0, -0.002121, 0.0, 0.0, 0.0, 1.0],
                [-1.0, 0.0, -0.0, 2.7e-05, 0.0, -0.0, -1.0, 0.396147, -0.0, -1.0, 0.0, -0.002121, 0.0, 0.0, 0.0, 1.0],
                [-1.0, 0.0, -0.0, 2.7e-05, 0.0, 0.0, -1.0, 0.396148, -0.0, -1.0, 0.0, -0.00212, 0.0, 0.0, 0.0, 1.0],
                [-1.0, 0.0, -0.0, 2.7e-05, 0.0, -0.0, -1.0, 0.396148, -0.0, -1.0, -0.0, -0.002121, 0.0, 0.0, 0.0, 1.0],
                [-1.0, 0.0, -0.0, 2.7e-05, 0.0, -0.0, -1.0, 0.396148, -0.0, -1.0, -0.0, -0.002121, 0.0, 0.0, 0.0, 1.0],
                [-1.0, 0.0, -0.0, 2.7e-05, 0.0, -0.0, -1.0, 0.396148, -0.0, -1.0, -0.0, -0.002121, 0.0, 0.0, 0.0, 1.0]
            ]
        }
    ]
}