{
    "animation": [
        {
            "name": "Root",
            "time": [0.0, 0.15, 0.2167, 0.2667, 0.45],
            "transform": [
                [0.009706, 0.001688, -0.999951, -0.019869, -0.999952, 0.000933, -0.009705, 0.003254, 0.000916, 0.999998, 0.001697, 0.606701, 0.0, 0.0, 0.0, 1.0],
                [-0.047546, 0.001688, -0.998868, -0.020905, -0.998869, 0.000933, 0.047547, -0.047778, 0.001012, 0.999998, 0.001642, 0.608985, 0.0, 0.0, 0.0, 1.0],
                [0.009706, 0.001688, -0.999951, -0.019869, -0.999952, 0.000933, -0.009705, 0.003254, 0.000916, 0.999998, 0.001697, 0.606701, 0.0, 0.0, 0.0, 1.0],
                [-0.029991, 0.001688, -0.999549, -0.020587, -0.99955, 0.000933, 0.029993, -0.032126, 0.000983, 0.999998, 0.001659, 0.608284, 0.0, 0.0, 0.0, 1.0],
                [-0.029991, 0.001688, -0.999549, -0.020587, -0.99955, 0.000933, 0.029993, -0.032126, 0.000983, 0.999998, 0.001659, 0.608284, 0.0, 0.0, 0.0, 1.0]
            ]
        },
        {
            "name": "Thigh_R",
            "time": [0.0, 0.15, 0.2167, 0.2667, 0.45],
            "transform": [
                [0.648962, 0.605417, -0.46078, 0.164398, 0.619539, -0.772046, -0.141829, -0.014081, -0.441609, -0.193429, -0.876109, -0.049932, 0.0, 0.0, 0.0, 1.0],
                [0.648962, 0.577851, -0.49491, 0.157151, 0.619539, -0.778938, -0.097094, -0.030313, -0.441609, -0.243606, -0.863504, -0.052433, 0.0, 0.0, 0.0, 1.0],
                [0.648962, 0.605417, -0.46078, 0.164398, 0.619539, -0.772046, -0.141829, -0.014081, -0.441609, -0.193429, -0.876109, -0.049932, 0.0, 0.0, 0.0, 1.0],
                [0.648962, 0.586516, -0.48461, 0.159374, 0.619539, -0.777098, -0.110858, -0.025334, -0.441609, -0.228292, -0.867678, -0.051666, 0.0, 0.0, 0.0, 1.0],
                [0.648962, 0.586516, -0.48461, 0.159374, 0.619539, -0.777098, -0.110858, -0.025334, -0.441609, -0.228292, -0.867678, -0.051666, 0.0, 0.0, 0.0, 1.0]
            ]
        },
        {
            "name": "Leg_R",
            "time": [0.0, 0.15, 0.2167, 0.2667, 0.45],
            "transform": [
                [1.0, -0.0, 1e-06, -0.0, 0.0, 0.968297, 0.249805, 0.37472, -1e-06, -0.249805, 0.968295, 0.0, 0.0, 0.0, 0.0, 1.0],
                [1.0, -0.0, 1e-06, 0.0, 0.0, 0.930759, 0.365634, 0.37472, -1e-06, -0.365634, 0.930758, 0.0, 0.0, 0.0, 0.0, 1.0],
                [1.0, -0.0, 1e-06, -0.0, 0.0, 0.968297, 0.249805, 0.37472, -1e-06, -0.249805, 0.968295, 0.0, 0.0, 0.0, 0.0, 1.0],
                [1.0, -0.0, 1e-06, -0.0, 0.0, 0.943778, 0.330581, 0.37472, -1e-06, -0.330582, 0.943777, 0.0, 0.0, 0.0, 0.0, 1.0],
                [1.0, -0.0, 1e-06, -0.0, 0.0, 0.943778, 0.330581, 0.37472, -1e-06, -0.330582, 0.943777, 0.0, 0.0, 0.0, 0.0, 1.0]
            ]
        },
        {
            "name": "Knee_R",
            "time": [0.0, 0.15, 0.2167, 0.2667, 0.45],
            "transform": [
                [1.0, 0.0, -0.0, -0.0, -0.0, 1e-06, -1.0, 0.37472, -0.0, 1.0, 1e-06, 0.0, 0.0, 0.0, 0.0, 1.0],
                [1.0, 0.0, -0.0, 0.0, -0.0, 1e-06, -1.0, 0.37472, -0.0, 1.0, 1e-06, 0.0, 0.0, 0.0, 0.0, 1.0],
                [1.0, 0.0, -0.0, -0.0, -0.0, 1e-06, -1.0, 0.37472, -0.0, 1.0, 1e-06, 0.0, 0.0, 0.0, 0.0, 1.0],
                [1.0, 0.0, -0.0, -0.0, -0.0, 1e-06, -1.0, 0.37472, -0.0, 1.0, 1e-06, 0.0, 0.0, 0.0, 0.0, 1.0],
                [1.0, 0.0, -0.0, -0.0, -0.0, 1e-06, -1.0, 0.37472, -0.0, 1.0, 1e-06, 0.0, 0.0, 0.0, 0.0, 1.0]
            ]
        },
        {
            "name": "Thigh_L",
            "time": [0.0, 0.15, 0.2167, 0.2667, 0.45],
            "transform": [
                [0.22076, -0.753741, -0.618983, -0.198712, -0.05161, -0.642779, 0.76431, -0.021851, -0.973961, -0.136783, -0.180801, 0.04579, 0.0, 0.0, 0.0, 1.0],
                [0.22417, -0.7549, -0.616339, -0.231379, -0.060172, -0.64195, 0.764382, -0.02643, -0.97269, -0.134265, -0.18933, 0.04853, 0.0, 0.0, 0.0, 1.0],
                [0.22076, -0.753741, -0.618983, -0.198712, -0.05161, -0.642779, 0.76431, -0.021851, -0.973961, -0.136783, -0.180801, 0.04579, 0.0, 0.0, 0.0, 1.0],
                [0.223127, -0.754543, -0.617153, -0.22136, -0.057546, -0.642207, 0.764368, -0.025026, -0.973089, -0.135036, -0.186715, 0.04769, 0.0, 0.0, 0.0, 1.0],
                [0.223127, -0.754543, -0.617153, -0.22136, -0.057546, -0.642207, 0.764368, -0.025026, -0.973089, -0.135036, -0.186715, 0.04769, 0.0, 0.0, 0.0, 1.0]
            ]
        },
        {
            "name": "Leg_L",
            "time": [0.0, 0.15, 0.2167, 0.2667, 0.45],
            "transform": [
                [1.0, -1e-06, 1e-06, -0.0, 0.0, 0.911425, 0.411465, 0.37472, -1e-06, -0.411465, 0.911426, 0.0, 0.0, 0.0, 0.0, 1.0],
                [1.0, -1e-06, 1e-06, -0.0, 0.0, 0.945799, 0.324753, 0.37472, -1e-06, -0.324753, 0.945799, -0.0, 0.0, 0.0, 0.0, 1.0],
                [1.0, -1e-06, 1e-06, -0.0, 0.0, 0.911425, 0.411465, 0.37472, -1e-06, -0.411465, 0.911426, 0.0, 0.0, 0.0, 0.0, 1.0],
                [1.0, -1e-06, 1e-06, -0.0, 0.0, 0.936114, 0.351695, 0.37472, -1e-06, -0.351695, 0.936115, -0.0, 0.0, 0.0, 0.0, 1.0],
                [1.0, -1e-06, 1e-06, -0.0, 0.0, 0.936114, 0.351695, 0.37472, -1e-06, -0.351695, 0.936115, -0.0, 0.0, 0.0, 0.0, 1.0]
            ]
        },
        {
            "name": "Knee_L",
            "time": [0.0, 0.15, 0.2167, 0.2667, 0.45],
            "transform": [
                [1.0, 0.0, -0.0, -0.0, -0.0, 1e-06, -1.0, 0.37472, -0.0, 1.0, 1e-06, 0.0, 0.0, 0.0, 0.0, 1.0],
                [1.0, 0.0, -0.0, -0.0, -0.0, 1e-06, -1.0, 0.37472, -0.0, 1.0, 1e-06, -0.0, 0.0, 0.0, 0.0, 1.0],
                [1.0, 0.0, -0.0, -0.0, -0.0, 1e-06, -1.0, 0.37472, -0.0, 1.0, 1e-06, 0.0, 0.0, 0.0, 0.0, 1.0],
                [1.0, 0.0, -0.0, -0.0, -0.0, 1e-06, -1.0, 0.37472, -0.0, 1.0, 1e-06, -0.0, 0.0, 0.0, 0.0, 1.0],
                [1.0, 0.0, -0.0, -0.0, -0.0, 1e-06, -1.0, 0.37472, -0.0, 1.0, 1e-06, -0.0, 0.0, 0.0, 0.0, 1.0]
            ]
        },
        {
            "name": "Torso",
            "time": [0.0, 0.15, 0.2167, 0.2667, 0.45],
            "transform": [
                [0.760844, -0.259251, 0.594899, 0.0, 0.14155, 0.960959, 0.237741, 0.05, -0.633309, -0.096676, 0.767837, -0.0, 0.0, 0.0, 0.0, 1.0],
                [0.772947, -0.220565, 0.594899, -0.0, 0.092925, 0.966873, 0.237741, 0.05, -0.627629, -0.128481, 0.767837, 0.0, 0.0, 0.0, 0.0, 1.0],
                [0.760844, -0.259251, 0.594899, 0.0, 0.14155, 0.960959, 0.237741, 0.05, -0.633309, -0.096676, 0.767837, -0.0, 0.0, 0.0, 0.0, 1.0],
                [0.769442, -0.232496, 0.594899, -0.0, 0.107871, 0.96532, 0.237741, 0.05, -0.629542, -0.118756, 0.767837, -0.0, 0.0, 0.0, 0.0, 1.0],
                [0.769442, -0.232496, 0.594899, -0.0, 0.107871, 0.96532, 0.237741, 0.05, -0.629542, -0.118756, 0.767837, -0.0, 0.0, 0.0, 0.0, 1.0]
            ]
        },
        {
            "name": "Chest",
            "time": [0.0, 0.15, 0.2167, 0.2667, 0.45],
            "transform": [
                [0.88268, -0.026308, 0.469238, 0.0, -0.069882, 0.979986, 0.186397, 0.3, -0.46475, -0.19732, 0.863176, -0.0, 0.0, 0.0, 0.0, 1.0],
                [0.934412, -0.026308, 0.35522, 0.0, -0.046034, 0.979986, 0.19367, 0.3, -0.353206, -0.19732, 0.9145, -0.0, 0.0, 0.0, 0.0, 1.0],
                [0.88268, -0.026308, 0.469238, 0.0, -0.069882, 0.979986, 0.186397, 0.3, -0.46475, -0.19732, 0.863176, -0.0, 0.0, 0.0, 0.0, 1.0],
                [0.92006, -0.026308, 0.390894, -0.0, -0.053448, 0.979986, 0.191757, 0.3, -0.388116, -0.19732, 0.90024, 0.0, 0.0, 0.0, 0.0, 1.0],
                [0.92006, -0.026308, 0.390894, -0.0, -0.053448, 0.979986, 0.191757, 0.3, -0.388116, -0.19732, 0.90024, 0.0, 0.0, 0.0, 0.0, 1.0]
            ]
        },
        {
            "name": "Head",
            "time": [0.0, 0.15, 0.2167, 0.2667, 0.45],
            "transform": [
                [0.941804, -0.065924, 0.329634, -0.0, 0.178242, 0.929323, -0.323402, 0.4, -0.285016, 0.363336, 0.886991, 0.0, 0.0, 0.0, 0.0, 1.0],
                [0.871751, -0.065924, 0.485494, -0.0, 0.230808, 0.929323, -0.288247, 0.4, -0.432178, 0.363336, 0.825354, 0.0, 0.0, 0.0, 0.0, 1.0],
                [0.941804, -0.065924, 0.329634, -0.0, 0.178242, 0.929323, -0.323402, 0.4, -0.285016, 0.363336, 0.886991, 0.0, 0.0, 0.0, 0.0, 1.0],
                [0.896099, -0.065924, 0.438932, -0.0, 0.215315, 0.929323, -0.299997, 0.4, -0.388133, 0.363336, 0.846959, 0.0, 0.0, 0.0, 0.0, 1.0],
                [0.896099, -0.065924, 0.438932, -0.0, 0.215315, 0.929323, -0.299997, 0.4, -0.388133, 0.363336, 0.846959, 0.0, 0.0, 0.0, 0.0, 1.0]
            ]
        },
        {
            "name": "Shoulder_R",
            "time": [0.0, 0.15, 0.2167, 0.2667, 0.45],
            "transform": [
                [0.851734, 0.4634, 0.24456, -0.0, -0.236468, -0.076557, 0.968618, 0.4, 0.467581, -0.882835, 0.044373, 0.0, 0.0, 0.0, 0.0, 1.0],
                [0.851734, 0.4634, 0.24456, -0.0, -0.236468, -0.076557, 0.968618, 0.4, 0.467581, -0.882836, 0.044373, 0.0, 0.0, 0.0, 0.0, 1.0],
                [0.851734, 0.4634, 0.24456, -0.0, -0.236468, -0.076557, 0.968618, 0.4, 0.467581, -0.882835, 0.044373, 0.0, 0.0, 0.0, 0.0, 1.0],
                [0.851734, 0.4634, 0.24456, -0.0, -0.236468, -0.076557, 0.968618, 0.4, 0.467581, -0.882836, 0.044373, 0.0, 0.0, 0.0, 0.0, 1.0],
                [0.851734, 0.4634, 0.24456, -0.0, -0.236468, -0.076557, 0.968618, 0.4, 0.467581, -0.882836, 0.044373, 0.0, 0.0, 0.0, 0.0, 1.0]
            ]
        },
        {
            "name": "Arm_R",
            "time": [0.0, 0.15, 0.2167, 0.2667, 0.45],
            "transform": [
                [0.068974, -0.885068, 0.460324, -0.0, 0.472221, 0.435421, 0.766431, 0.393861, -0.878778, 0.164511, 0.44798, 0.0, 0.0, 0.0, 0.0, 1.0],
                [0.068974, -0.974498, 0.213531, 0.0, 0.472221, 0.220435, 0.853473, 0.393861, -0.878777, 0.041967, 0.475383, 0.0, 0.0, 0.0, 0.0, 1.0],
                [0.068974, -0.885068, 0.460324, -0.0, 0.472221, 0.435421, 0.766431, 0.393861, -0.878778, 0.164511, 0.44798, 0.0, 0.0, 0.0, 0.0, 1.0],
                [0.068974, -0.953964, 0.291881, -0.0, 0.472221, 0.288945, 0.832777, 0.39386, -0.878777, 0.080393, 0.470411, -0.0, 0.0, 0.0, 0.0, 1.0],
                [0.068974, -0.953964, 0.291881, -0.0, 0.472221, 0.288945, 0.832777, 0.39386, -0.878777, 0.080393, 0.470411, -0.0, 0.0, 0.0, 0.0, 1.0]
            ]
        },
        {
            "name": "Hand_R",
            "time": [0.0, 0.15, 0.2167, 0.2667, 0.45],
            "transform": [
                [0.999998, -0.000792, 0.001642, -0.0, 0.000868, 0.998908, -0.046719, 0.3, -0.001603, 0.04672, 0.998907, -0.0, 0.0, 0.0, 0.0, 1.0],
                [0.999998, -0.000704, 0.001682, -0.0, 0.000868, 0.995018, -0.099697, 0.3, -0.001603, 0.099698, 0.995016, -0.0, 0.0, 0.0, 0.0, 1.0],
                [0.999998, -0.000792, 0.001642, -0.0, 0.000868, 0.998908, -0.046719, 0.3, -0.001603, 0.04672, 0.998907, -0.0, 0.0, 0.0, 0.0, 1.0],
                [0.999998, -0.000731, 0.00167, 0.0, 0.000868, 0.99651, -0.083469, 0.3, -0.001603, 0.083471, 0.996509, 0.0, 0.0, 0.0, 0.0, 1.0],
                [0.999998, -0.000731, 0.00167, 0.0, 0.000868, 0.99651, -0.083469, 0.3, -0.001603, 0.083471, 0.996509, 0.0, 0.0, 0.0, 0.0, 1.0]
            ]
        },
        {
            "name": "Tool_R",
            "time": [0.0, 0.15, 0.2167, 0.2667, 0.45],
            "transform": [
                [0.998714, 0.019291, 0.046879, 0.013321, 0.048428, -0.089709, -0.99479, 0.271288, -0.014976, 0.995191, -0.090485, 0.019047, 0.0, 0.0, 0.0, 1.0],
                [0.998714, 0.019291, 0.046879, 0.013321, 0.048428, -0.089709, -0.99479, 0.271288, -0.014976, 0.995191, -0.090485, 0.019047, 0.0, 0.0, 0.0, 1.0],
                [0.998714, 0.019291, 0.046879, 0.013321, 0.048428, -0.089709, -0.99479, 0.271288, -0.014976, 0.995191, -0.090485, 0.019047, 0.0, 0.0, 0.0, 1.0],
                [0.998714, 0.019291, 0.046879, 0.013321, 0.048428, -0.089709, -0.99479, 0.271289, -0.014976, 0.995191, -0.090485, 0.019047, 0.0, 0.0, 0.0, 1.0],
                [0.998714, 0.019291, 0.046879, 0.013321, 0.048428, -0.089709, -0.99479, 0.271289, -0.014976, 0.995191, -0.090485, 0.019047, 0.0, 0.0, 0.0, 1.0]
            ]
        },
        {
            "name": "Elbow_R",
            "time": [0.0, 0.15, 0.2167, 0.2667, 0.45],
            "transform": [
                [-1.0, 0.0, -0.0, -0.0, 0.0, -0.0, -1.0, 0.341604, -0.0, -1.0, 0.0, -0.0, 0.0, 0.0, 0.0, 1.0],
                [-1.0, 0.0, -0.0, 0.0, 0.0, -0.0, -1.0, 0.341604, -0.0, -1.0, 0.0, -0.0, 0.0, 0.0, 0.0, 1.0],
                [-1.0, 0.0, -0.0, -0.0, 0.0, -0.0, -1.0, 0.341604, -0.0, -1.0, 0.0, -0.0, 0.0, 0.0, 0.0, 1.0],
                [-1.0, 0.0, -0.0, 0.0, 0.0, -0.0, -1.0, 0.341605, -0.0, -1.0, 0.0, 0.0, 0.0, 0.0, 0.0, 1.0],
                [-1.0, 0.0, -0.0, 0.0, 0.0, -0.0, -1.0, 0.341605, -0.0, -1.0, 0.0, 0.0, 0.0, 0.0, 0.0, 1.0]
            ]
        },
        {
            "name": "Shoulder_L",
            "time": [0.0, 0.15, 0.2167, 0.2667, 0.45],
            "transform": [
                [-0.233204, -0.878194, -0.417602, -0.0, -0.024091, -0.424094, 0.905298, 0.4, -0.972129, 0.221179, 0.077744, 0.0, 0.0, 0.0, 0.0, 1.0],
                [-0.233204, -0.878194, -0.417602, -0.0, -0.024091, -0.424094, 0.905298, 0.4, -0.972129, 0.221179, 0.077744, 0.0, 0.0, 0.0, 0.0, 1.0],
                [-0.233204, -0.878194, -0.417602, -0.0, -0.024091, -0.424094, 0.905298, 0.4, -0.972129, 0.221179, 0.077744, 0.0, 0.0, 0.0, 0.0, 1.0],
                [-0.233204, -0.878194, -0.417602, -0.0, -0.024091, -0.424094, 0.905298, 0.4, -0.972129, 0.221179, 0.077744, 0.0, 0.0, 0.0, 0.0, 1.0],
                [-0.233204, -0.878194, -0.417602, -0.0, -0.024091, -0.424094, 0.905298, 0.4, -0.972129, 0.221179, 0.077744, 0.0, 0.0, 0.0, 0.0, 1.0]
            ]
        },
        {
            "name": "Arm_L",
            "time": [0.0, 0.15, 0.2167, 0.2667, 0.45],
            "transform": [
                [-0.136384, 0.036069, 0.989999, -0.0, -0.636592, 0.762506, -0.115479, 0.39386, -0.759045, -0.645975, -0.081033, 0.0, 0.0, 0.0, 0.0, 1.0],
                [-0.136385, 0.036069, 0.989999, 0.0, -0.636592, 0.762506, -0.115479, 0.39386, -0.759045, -0.645975, -0.081033, 0.0, 0.0, 0.0, 0.0, 1.0],
                [-0.136384, 0.036069, 0.989999, -0.0, -0.636592, 0.762506, -0.115479, 0.39386, -0.759045, -0.645975, -0.081033, 0.0, 0.0, 0.0, 0.0, 1.0],
                [-0.136384, 0.036069, 0.989999, 0.0, -0.636592, 0.762506, -0.115479, 0.39386, -0.759045, -0.645975, -0.081033, -0.0, 0.0, 0.0, 0.0, 1.0],
                [-0.136384, 0.036069, 0.989999, 0.0, -0.636592, 0.762506, -0.115479, 0.39386, -0.759045, -0.645975, -0.081033, -0.0, 0.0, 0.0, 0.0, 1.0]
            ]
        },
        {
            "name": "Hand_L",
            "time": [0.0, 0.15, 0.2167, 0.2667, 0.45],
            "transform": [
                [0.999993, -0.001541, -0.00347, -0.0, 0.000938, 0.985901, -0.167329, 0.3, 0.003679, 0.167324, 0.985895, 0.0, 0.0, 0.0, 0.0, 1.0],
                [0.999993, -0.001541, -0.00347, 0.0, 0.000938, 0.985901, -0.167329, 0.3, 0.003679, 0.167324, 0.985895, -0.0, 0.0, 0.0, 0.0, 1.0],
                [0.999993, -0.001541, -0.00347, -0.0, 0.000938, 0.985901, -0.167329, 0.3, 0.003679, 0.167324, 0.985895, 0.0, 0.0, 0.0, 0.0, 1.0],
                [0.999993, -0.001541, -0.00347, -0.0, 0.000938, 0.985901, -0.167329, 0.3, 0.003679, 0.167324, 0.985895, -0.0, 0.0, 0.0, 0.0, 1.0],
                [0.999993, -0.001541, -0.00347, -0.0, 0.000938, 0.985901, -0.167329, 0.3, 0.003679, 0.167324, 0.985895, -0.0, 0.0, 0.0, 0.0, 1.0]
            ]
        },
        {
            "name": "Tool_L",
            "time": [0.0, 0.15, 0.2167, 0.2667, 0.45],
            "transform": [
                [0.997004, 0.01104, -0.076554, 0.0, -0.036659, -0.804079, -0.593391, 0.272858, -0.068067, 0.594062, -0.8008, -0.0, 0.0, 0.0, 0.0, 1.0],
                [0.997004, 0.01104, -0.076554, -0.0, -0.036659, -0.804079, -0.593391, 0.272858, -0.068067, 0.594062, -0.8008, -0.0, 0.0, 0.0, 0.0, 1.0],
                [0.997004, 0.01104, -0.076554, 0.0, -0.036659, -0.804079, -0.593391, 0.272858, -0.068067, 0.594062, -0.8008, -0.0, 0.0, 0.0, 0.0, 1.0],
                [0.997004, 0.01104, -0.076554, -0.0, -0.036659, -0.804079, -0.593391, 0.272858, -0.068067, 0.594062, -0.8008, -0.0, 0.0, 0.0, 0.0, 1.0],
                [0.997004, 0.01104, -0.076554, -0.0, -0.036659, -0.804079, -0.593391, 0.272858, -0.068067, 0.594062, -0.8008, -0.0, 0.0, 0.0, 0.0, 1.0]
            ]
        },
        {
            "name": "Elbow_L",
            "time": [0.0, 0.15, 0.2167, 0.2667, 0.45],
            "transform": [
                [-1.0, 0.0, -0.0, 2.7e-05, 0.0, -0.0, -1.0, 0.396147, -0.0, -1.0, 0.0, -0.002121, 0.0, 0.0, 0.0, 1.0],
                [-1.0, 0.0, -0.0, 2.7e-05, -0.0, -0.0, -1.0, 0.396147, -0.0, -1.0, 0.0, -0.002121, 0.0, 0.0, 0.0, 1.0],
                [-1.0, 0.0, -0.0, 2.7e-05, 0.0, -0.0, -1.0, 0.396147, -0.0, -1.0, 0.0, -0.002121, 0.0, 0.0, 0.0, 1.0],
                [-1.0, 0.0, -0.0, 2.7e-05, 0.0, -0.0, -1.0, 0.396148, -0.0, -1.0, -0.0, -0.002121, 0.0, 0.0, 0.0, 1.0],
                [-1.0, 0.0, -0.0, 2.7e-05, 0.0, -0.0, -1.0, 0.396148, -0.0, -1.0, -0.0, -0.002121, 0.0, 0.0, 0.0, 1.0]
            ]
        }
    ]
}