{
    "animation": [
        {
            "name": "Root",
            "time": [0.0, 0.0667, 0.4667, 0.7333, 1.15, 1.3167, 1.4333, 1.5167, 1.8333, 2.05],
            "transform": [
                [0.822426, 0.0, -0.568872, -5e-06, -0.568872, 0.0, -0.822426, 0.005689, 0.0, 1.0, 0.0, 0.743765, 0.0, 0.0, 0.0, 1.0],
                [0.578559, -0.103267, -0.809077, 0.001298, -0.808791, -0.20092, -0.552711, -2.4234, -0.105483, 0.97415, -0.199765, 0.742638, 0.0, 0.0, 0.0, 1.0],
                [0.309677, -0.231069, -0.922338, 0.024745, -0.912359, -0.345384, -0.219799, -3.983742, -0.267772, 0.90957, -0.317776, 0.722364, 0.0, 0.0, 0.0, 1.0],
                [0.309677, -0.231069, -0.922338, 0.024745, -0.912359, -0.345384, -0.219799, -4.388875, -0.267772, 0.90957, -0.317776, 0.722364, 0.0, 0.0, 0.0, 1.0],
                [0.551387, -0.058697, 0.832182, 0.006653, 0.830742, -0.052743, -0.554153, 0.067939, 0.076419, 0.996882, 0.01968, 0.675199, 0.0, 0.0, 0.0, 1.0],
                [0.551387, -0.058697, 0.832182, 0.006653, 0.830742, -0.052743, -0.554153, 0.067939, 0.076419, 0.996882, 0.01968, 0.675199, 0.0, 0.0, 0.0, 1.0],
                [0.551387, -0.058697, 0.832182, 0.006653, 0.830742, -0.052743, -0.554153, 0.481256, 0.076419, 0.996882, 0.01968, 0.675199, 0.0, 0.0, 0.0, 1.0],
                [0.551387, -0.058697, 0.832182, 0.006653, 0.830742, -0.052743, -0.554153, 0.481256, 0.076419, 0.996882, 0.01968, 0.675199, 0.0, 0.0, 0.0, 1.0],
                [0.551387, -0.058697, 0.832182, 0.006653, 0.830742, -0.052743, -0.554153, 0.481256, 0.076419, 0.996882, 0.01968, 0.675199, 0.0, 0.0, 0.0, 1.0],
                [0.551387, -0.058697, 0.832182, 0.006653, 0.830742, -0.052743, -0.554153, 0.481256, 0.076419, 0.996882, 0.01968, 0.675199, 0.0, 0.0, 0.0, 1.0]
            ]
        },
        {
            "name": "Thigh_R",
            "time": [0.0, 0.0667, 0.4667, 0.7333, 0.7667, 1.15, 1.3167, 1.4333, 1.5167, 1.8333, 2.05],
            "transform": [
                [0.973929, 0.224277, -0.034076, 0.124994, 0.220193, -0.970742, -0.095767, -0.002831, -0.054558, 0.085767, -0.994821, -1.2e-05, 0.0, 0.0, 0.0, 1.0],
                [0.940135, -0.078811, -0.331563, 0.124994, 0.190026, -0.686392, 0.701965, -0.002831, -0.282905, -0.722946, -0.630327, -1.2e-05, 0.0, 0.0, 0.0, 1.0],
                [0.857883, -0.448142, -0.251404, 0.124994, 0.121777, -0.298005, 0.946765, -0.002831, -0.499206, -0.842827, -0.201081, -1.2e-05, 0.0, 0.0, 0.0, 1.0],
                [0.790865, 0.610388, -0.044238, 0.124994, 0.610315, -0.781291, 0.130757, -0.00283, 0.045249, -0.130409, -0.990427, -1.2e-05, 0.0, 0.0, 0.0, 1.0],
                [0.790146, -0.081444, -0.607483, 0.124994, 0.091032, -0.964544, 0.247719, -0.002831, -0.60612, -0.251034, -0.754719, -1.2e-05, 0.0, 0.0, 0.0, 1.0],
                [0.730186, 0.432724, 0.52875, 0.124994, 0.056914, -0.809708, 0.584064, -0.002831, 0.680873, -0.396381, -0.615868, -1.2e-05, 0.0, 0.0, 0.0, 1.0],
                [0.730186, 0.4984, 0.467359, 0.124994, 0.056914, -0.726015, 0.685318, -0.002831, 0.680873, -0.473809, -0.558494, -1.2e-05, 0.0, 0.0, 0.0, 1.0],
                [0.730186, 0.477035, 0.489147, 0.124994, 0.056914, -0.755891, 0.652217, -0.002831, 0.680873, -0.448399, -0.579093, -1.2e-05, 0.0, 0.0, 0.0, 1.0],
                [0.730186, 0.4984, 0.467359, 0.124994, 0.056914, -0.726015, 0.685318, -0.002831, 0.680873, -0.473809, -0.558494, -1.2e-05, 0.0, 0.0, 0.0, 1.0],
                [0.709726, 0.610118, 0.352196, 0.124994, 0.075185, -0.562682, 0.823246, -0.002831, 0.700453, -0.557799, -0.445224, -1.2e-05, 0.0, 0.0, 0.0, 1.0],
                [0.709726, 0.610118, 0.352196, 0.124994, 0.075185, -0.562682, 0.823246, -0.002831, 0.700453, -0.557799, -0.445224, -1.2e-05, 0.0, 0.0, 0.0, 1.0]
            ]
        },
        {
            "name": "Leg_R",
            "time": [0.0, 0.0667, 0.4667, 0.7333, 0.7667, 0.85, 1.15, 1.3167, 1.4333, 1.5167, 1.8333, 2.05],
            "transform": [
                [1.0, -0.0, 1e-06, -0.0, 0.0, 0.942922, 0.333015, 0.37472, -1e-06, -0.333015, 0.942921, 0.0, 0.0, 0.0, 0.0, 1.0],
                [1.0, -1e-06, -0.0, -0.0, -0.0, -0.25334, 0.967377, 0.37472, -1e-06, -0.967378, -0.25334, -0.0, 0.0, 0.0, 0.0, 1.0],
                [1.0, -1e-06, -0.0, -1e-06, -0.0, -0.600247, 0.799815, 0.374721, -1e-06, -0.799816, -0.600246, -0.0, 0.0, 0.0, 0.0, 1.0],
                [1.0, -0.0, 1e-06, 0.0, 0.0, 0.916072, 0.401016, 0.37472, -1e-06, -0.401017, 0.91607, -0.0, 0.0, 0.0, 0.0, 1.0],
                [1.0, -1e-06, -0.0, 0.0, -0.0, -0.054183, 0.99853, 0.37472, -1e-06, -0.998532, -0.054183, -0.0, 0.0, 0.0, 0.0, 1.0],
                [1.0, -1e-06, -0.0, -0.0, -0.0, -0.010404, 0.999945, 0.37472, -1e-06, -0.999947, -0.010404, 0.0, 0.0, 0.0, 0.0, 1.0],
                [1.0, -0.0, 1e-06, -0.0, 0.0, 0.950247, 0.3115, 0.37472, -1e-06, -0.3115, 0.950245, -0.0, 0.0, 0.0, 0.0, 1.0],
                [1.0, -0.0, 1e-06, -0.0, 0.0, 0.820893, 0.571082, 0.37472, -1e-06, -0.571083, 0.820892, -0.0, 0.0, 0.0, 0.0, 1.0],
                [1.0, -0.0, 1e-06, 0.0, 0.0, 0.873157, 0.487439, 0.37472, -1e-06, -0.48744, 0.873156, 0.0, 0.0, 0.0, 0.0, 1.0],
                [1.0, -0.0, 1e-06, 0.0, 0.0, 0.820893, 0.571082, 0.37472, -1e-06, -0.571083, 0.820892, -0.0, 0.0, 0.0, 0.0, 1.0],
                [1.0, -0.0, 1e-06, 0.0, 0.0, 0.820893, 0.571082, 0.37472, -1e-06, -0.571083, 0.820892, -0.0, 0.0, 0.0, 0.0, 1.0],
                [1.0, -0.0, 1e-06, 0.0, 0.0, 0.820893, 0.571082, 0.37472, -1e-06, -0.571083, 0.820892, -0.0, 0.0, 0.0, 0.0, 1.0]
            ]
        },
        {
            "name": "Knee_R",
            "time": [0.0, 0.0667, 0.4667, 0.7333, 0.7667, 0.8333, 0.85, 1.15, 1.3167, 1.4333, 1.5167, 1.8333, 2.05],
            "transform": [
                [1.0, 0.0, -0.0, -0.0, -0.0, 1e-06, -1.0, 0.37472, -0.0, 1.0, 1e-06, 0.0, 0.0, 0.0, 0.0, 1.0],
                [0.962699, -0.195855, -0.186684, -0.0, -0.090349, 0.417662, -0.904099, 0.37472, 0.255043, 0.887242, 0.384388, -0.0, 0.0, 0.0, 0.0, 1.0],
                [1.0, 1e-06, -0.0, -1e-06, -1e-06, 0.905838, -0.423625, 0.374721, -0.0, 0.423625, 0.905838, -0.0, 0.0, 0.0, 0.0, 1.0],
                [1.0, 0.0, -0.0, 0.0, -0.0, 1e-06, -1.0, 0.37472, -0.0, 1.0, 1e-06, -0.0, 0.0, 0.0, 0.0, 1.0],
                [1.0, 0.0, 0.0, 0.0, -0.0, 0.844711, -0.535223, 0.37472, -0.0, 0.535223, 0.844711, -0.0, 0.0, 0.0, 0.0, 1.0],
                [1.0, 0.0, -0.0, 0.0, -0.0, 1e-06, -1.0, 0.37472, -0.0, 1.0, 1e-06, -0.0, 0.0, 0.0, 0.0, 1.0],
                [1.0, 0.0, 0.0, -0.0, -0.0, 0.79077, -0.612114, 0.37472, -0.0, 0.612114, 0.79077, 0.0, 0.0, 0.0, 0.0, 1.0],
                [1.0, 0.0, 0.0, -0.0, -0.0, 0.79077, -0.612114, 0.37472, -0.0, 0.612114, 0.79077, -0.0, 0.0, 0.0, 0.0, 1.0],
                [1.0, 0.0, -0.0, -0.0, -0.0, 0.302674, -0.953094, 0.37472, -0.0, 0.953094, 0.302674, -0.0, 0.0, 0.0, 0.0, 1.0],
                [1.0, 1e-06, -0.0, 0.0, -0.0, 0.489865, -0.871798, 0.37472, -0.0, 0.871798, 0.489865, 0.0, 0.0, 0.0, 0.0, 1.0],
                [1.0, 0.0, -0.0, 0.0, -0.0, 0.302674, -0.953094, 0.37472, -0.0, 0.953094, 0.302674, -0.0, 0.0, 0.0, 0.0, 1.0],
                [1.0, 1e-06, -0.0, 0.0, -0.0, 0.302674, -0.953094, 0.37472, -0.0, 0.953094, 0.302674, -0.0, 0.0, 0.0, 0.0, 1.0],
                [1.0, 1e-06, -0.0, 0.0, -0.0, 0.302674, -0.953094, 0.37472, -0.0, 0.953094, 0.302674, -0.0, 0.0, 0.0, 0.0, 1.0]
            ]
        },
        {
            "name": "Thigh_L",
            "time": [0.0, 0.0667, 0.4667, 0.7333, 0.7667, 1.15, 1.3167, 1.4333, 1.5167, 1.8333, 2.05],
            "transform": [
                [0.592978, -0.35556, -0.722463, -0.125006, 0.01069, -0.893672, 0.448594, -0.002831, -0.805147, -0.27373, -0.526127, -1.2e-05, 0.0, 0.0, 0.0, 1.0],
                [0.56266, -0.195222, -0.803306, -0.125006, -0.237128, -0.968997, 0.069397, -0.002831, -0.791949, 0.15144, -0.591508, -1.2e-05, 0.0, 0.0, 0.0, 1.0],
                [0.629352, 0.003686, -0.777111, -0.125006, -0.198463, -0.966067, -0.16531, -0.002831, -0.75135, 0.258267, -0.607264, -1.2e-05, 0.0, 0.0, 0.0, 1.0],
                [0.613355, -0.483442, -0.624563, -0.125006, -0.173718, -0.853991, 0.490429, -0.002831, -0.770465, -0.192309, -0.607783, -1.2e-05, 0.0, 0.0, 0.0, 1.0],
                [0.867277, 0.295527, -0.400615, -0.125006, -0.225577, -0.484084, -0.845445, -0.002831, -0.443783, 0.823606, -0.353171, -1.2e-05, 0.0, 0.0, 0.0, 1.0],
                [0.65515, -0.38001, 0.65297, -0.125006, -0.056419, -0.886486, -0.459302, -0.002831, 0.753388, 0.264073, -0.602222, -1.2e-05, 0.0, 0.0, 0.0, 1.0],
                [0.65515, -0.469934, 0.591557, -0.125006, -0.056419, -0.811249, -0.581972, -0.002831, 0.753388, 0.347905, -0.558003, -1.2e-05, 0.0, 0.0, 0.0, 1.0],
                [0.656027, -0.449958, 0.605941, -0.125006, -0.04405, -0.82431, -0.564421, -0.002831, 0.753449, 0.343585, -0.560591, -1.2e-05, 0.0, 0.0, 0.0, 1.0],
                [0.65515, -0.469934, 0.591557, -0.125006, -0.056419, -0.811249, -0.581972, -0.002831, 0.753388, 0.347905, -0.558003, -1.2e-05, 0.0, 0.0, 0.0, 1.0],
                [0.656007, -0.536719, 0.530648, -0.125006, -0.055833, -0.735657, -0.675049, -0.002831, 0.752686, 0.41321, -0.512562, -1.2e-05, 0.0, 0.0, 0.0, 1.0],
                [0.656007, -0.536719, 0.530648, -0.125006, -0.055833, -0.735657, -0.675049, -0.002831, 0.752686, 0.41321, -0.512562, -1.2e-05, 0.0, 0.0, 0.0, 1.0]
            ]
        },
        {
            "name": "Leg_L",
            "time": [0.0, 0.0667, 0.4667, 0.7333, 0.7667, 0.85, 1.15, 1.3167, 1.4333, 1.5167, 1.8333, 2.05],
            "transform": [
                [0.999989, -0.002343, -0.004028, -0.0, 0.003782, 0.913028, 0.407879, 0.37472, 0.002722, -0.407889, 0.913028, -0.0, 0.0, 0.0, 0.0, 1.0],
                [0.999989, -0.003413, -0.003173, 0.0, 0.003782, 0.992201, 0.124592, 0.37472, 0.002722, -0.124603, 0.992203, 0.0, 0.0, 0.0, 0.0, 1.0],
                [0.999989, -0.003209, -0.003379, -0.0, 0.003782, 0.982549, 0.185963, 0.37472, 0.002723, -0.185973, 0.982551, 0.0, 0.0, 0.0, 0.0, 1.0],
                [0.999989, -0.002243, -0.004085, -0.0, 0.003782, 0.902704, 0.430245, 0.37472, 0.002722, -0.430256, 0.902703, -0.0, 0.0, 0.0, 0.0, 1.0],
                [0.999989, -0.00358, -0.002983, -0.0, 0.003782, 0.997485, 0.070777, 0.37472, 0.002722, -0.070788, 0.997488, 0.0, 0.0, 0.0, 0.0, 1.0],
                [0.999989, -0.003283, -0.003308, 0.0, 0.003782, 0.986355, 0.164585, 0.37472, 0.002722, -0.164596, 0.986358, -0.0, 0.0, 0.0, 0.0, 1.0],
                [0.999989, -0.003282, -0.003308, 0.0, 0.003782, 0.986355, 0.164585, 0.37472, 0.002722, -0.164596, 0.986358, 0.0, 0.0, 0.0, 0.0, 1.0],
                [0.999989, -0.003282, -0.003308, 0.0, 0.003782, 0.986355, 0.164585, 0.37472, 0.002722, -0.164596, 0.986358, -0.0, 0.0, 0.0, 0.0, 1.0],
                [0.999989, -0.003282, -0.003308, -0.0, 0.003782, 0.986355, 0.164585, 0.37472, 0.002722, -0.164596, 0.986358, -0.0, 0.0, 0.0, 0.0, 1.0],
                [0.999989, -0.003282, -0.003308, 0.0, 0.003782, 0.986355, 0.164585, 0.37472, 0.002722, -0.164596, 0.986358, 0.0, 0.0, 0.0, 0.0, 1.0],
                [0.999989, -0.003282, -0.003308, 0.0, 0.003782, 0.986355, 0.164585, 0.37472, 0.002722, -0.164596, 0.986358, -0.0, 0.0, 0.0, 0.0, 1.0],
                [0.999989, -0.003282, -0.003308, 0.0, 0.003782, 0.986355, 0.164585, 0.37472, 0.002722, -0.164596, 0.986358, -0.0, 0.0, 0.0, 0.0, 1.0]
            ]
        },
        {
            "name": "Knee_L",
            "time": [0.0, 0.4667, 0.7333, 0.8333, 1.15, 1.3167, 1.4333, 1.5167, 1.8333, 2.05],
            "transform": [
                [1.0, 0.0, -0.0, -0.0, -0.0, 1e-06, -1.0, 0.37472, -0.0, 1.0, 1e-06, -0.0, 0.0, 0.0, 0.0, 1.0],
                [1.0, -0.0, -1e-06, -0.0, -1e-06, -0.06479, -0.997899, 0.37472, 0.0, 0.997899, -0.06479, 0.0, 0.0, 0.0, 0.0, 1.0],
                [1.0, 0.0, -0.0, -0.0, -0.0, 1e-06, -1.0, 0.37472, -0.0, 1.0, 1e-06, -0.0, 0.0, 0.0, 0.0, 1.0],
                [1.0, 0.0, -0.0, -0.0, -0.0, 1e-06, -1.0, 0.37472, -0.0, 1.0, 1e-06, -0.0, 0.0, 0.0, 0.0, 1.0],
                [1.0, 0.0, -0.0, 0.0, -0.0, 1e-06, -1.0, 0.37472, -0.0, 1.0, 1e-06, 0.0, 0.0, 0.0, 0.0, 1.0],
                [1.0, 0.0, -0.0, 0.0, -0.0, 1e-06, -1.0, 0.37472, -0.0, 1.0, 1e-06, -0.0, 0.0, 0.0, 0.0, 1.0],
                [1.0, 0.0, -0.0, -0.0, -0.0, 1e-06, -1.0, 0.37472, -0.0, 1.0, 0.0, -0.0, 0.0, 0.0, 0.0, 1.0],
                [1.0, 0.0, -0.0, 0.0, -0.0, 1e-06, -1.0, 0.37472, -0.0, 1.0, 1e-06, 0.0, 0.0, 0.0, 0.0, 1.0],
                [1.0, 0.0, -0.0, 0.0, -0.0, 1e-06, -1.0, 0.37472, -0.0, 1.0, 1e-06, -0.0, 0.0, 0.0, 0.0, 1.0],
                [1.0, 0.0, -0.0, 0.0, -0.0, 1e-06, -1.0, 0.37472, -0.0, 1.0, 1e-06, -0.0, 0.0, 0.0, 0.0, 1.0]
            ]
        },
        {
            "name": "Torso",
            "time": [0.0, 0.0667, 0.4667, 0.7333, 0.8333, 1.15, 1.3167, 1.4333, 1.5167, 1.8333, 2.05],
            "transform": [
                [0.99978, -0.020971, -0.000197, -0.0, 0.020971, 0.999603, 0.018833, 0.05, -0.000198, -0.018833, 0.999823, 0.0, 0.0, 0.0, 0.0, 1.0],
                [0.976779, -0.01863, 0.213437, 0.0, 0.015881, 0.999768, 0.014586, 0.05, -0.213659, -0.010858, 0.976848, -0.0, 0.0, 0.0, 0.0, 1.0],
                [0.856034, 0.060471, 0.51337, -0.0, 0.008221, 0.991416, -0.13049, 0.05, -0.516854, 0.115925, 0.848188, 0.0, 0.0, 0.0, 0.0, 1.0],
                [0.995765, -0.020548, 0.089614, -0.0, 0.001233, 0.977603, 0.210456, 0.05, -0.091932, -0.209454, 0.973487, -0.0, 0.0, 0.0, 0.0, 1.0],
                [0.995764, -0.020548, 0.089614, -0.0, 0.001233, 0.977603, 0.210456, 0.05, -0.091932, -0.209454, 0.973487, 0.0, 0.0, 0.0, 0.0, 1.0],
                [0.993368, 0.033466, 0.110001, 0.0, -0.037604, 0.998653, 0.035755, 0.05, -0.108656, -0.039654, 0.993288, -0.0, 0.0, 0.0, 0.0, 1.0],
                [0.98943, 0.121212, 0.079594, 0.0, -0.12481, 0.991296, 0.041883, 0.05, -0.073824, -0.051375, 0.995947, -0.0, 0.0, 0.0, 0.0, 1.0],
                [0.991155, 0.09756, 0.089965, 0.0, -0.101407, 0.994072, 0.039224, 0.05, -0.085605, -0.048, 0.995172, -0.0, 0.0, 0.0, 0.0, 1.0],
                [0.98943, 0.121212, 0.079594, 0.0, -0.12481, 0.991296, 0.041883, 0.05, -0.073824, -0.051375, 0.995947, -0.0, 0.0, 0.0, 0.0, 1.0],
                [0.98943, 0.121212, 0.079594, 0.0, -0.12481, 0.991296, 0.041883, 0.05, -0.073824, -0.051375, 0.995947, -0.0, 0.0, 0.0, 0.0, 1.0],
                [0.98943, 0.121212, 0.079594, 0.0, -0.12481, 0.991296, 0.041883, 0.05, -0.073824, -0.051375, 0.995947, -0.0, 0.0, 0.0, 0.0, 1.0]
            ]
        },
        {
            "name": "Chest",
            "time": [0.0, 0.0667, 0.4667, 0.7333, 0.8333, 0.8833, 1.15, 1.3167, 1.4333, 1.5167, 1.8333, 2.05],
            "transform": [
                [0.993182, -0.021316, -0.114605, 0.0, 0.03302, 0.994316, 0.101221, 0.3, 0.111796, -0.104315, 0.988241, 0.0, 0.0, 0.0, 0.0, 1.0],
                [0.993182, 0.050586, -0.105023, -0.0, 0.03302, 0.741949, 0.669643, 0.3, 0.111796, -0.668545, 0.73522, -0.0, 0.0, 0.0, 0.0, 1.0],
                [0.993182, 0.041758, -0.108835, 0.0, 0.03302, 0.794617, 0.606212, 0.3, 0.111796, -0.605673, 0.787821, 0.0, 0.0, 0.0, 0.0, 1.0],
                [0.957176, -0.002408, -0.289497, 0.0, 0.098895, 0.942533, 0.319141, 0.3, 0.272092, -0.334104, 0.902408, -0.0, 0.0, 0.0, 0.0, 1.0],
                [0.861572, 0.040079, -0.506051, 0.0, 0.011255, 0.995125, 0.097976, 0.3, 0.507511, -0.09011, 0.856921, 0.0, 0.0, 0.0, 0.0, 1.0],
                [0.933077, 0.049808, 0.356211, 0.0, -0.076241, 0.995249, 0.060547, 0.3, -0.351503, -0.083653, 0.932442, -0.0, 0.0, 0.0, 0.0, 1.0],
                [0.974574, 0.040079, 0.220451, -0.0, -0.058829, 0.995125, 0.079153, 0.3, -0.216204, -0.09011, 0.972181, 0.0, 0.0, 0.0, 0.0, 1.0],
                [0.96251, 0.158037, 0.220451, -0.0, -0.179141, 0.980634, 0.079153, 0.3, -0.203673, -0.115678, 0.972181, 0.0, 0.0, 0.0, 0.0, 1.0],
                [0.968543, 0.118164, 0.219002, -0.0, -0.138602, 0.98708, 0.080388, 0.3, -0.206673, -0.108213, 0.972407, -0.0, 0.0, 0.0, 0.0, 1.0],
                [0.96251, 0.158037, 0.220451, -0.0, -0.179141, 0.980634, 0.079153, 0.3, -0.203673, -0.115678, 0.972181, 0.0, 0.0, 0.0, 0.0, 1.0],
                [0.96251, 0.158037, 0.220451, -0.0, -0.179141, 0.980634, 0.079153, 0.3, -0.203673, -0.115678, 0.972181, 0.0, 0.0, 0.0, 0.0, 1.0],
                [0.96251, 0.158037, 0.220451, -0.0, -0.179141, 0.980634, 0.079153, 0.3, -0.203673, -0.115678, 0.972181, 0.0, 0.0, 0.0, 0.0, 1.0]
            ]
        },
        {
            "name": "Head",
            "time": [0.0, 0.0667, 0.4667, 0.7333, 0.8333, 0.8833, 1.15, 1.3167, 1.4333, 1.5167, 1.8333, 2.05],
            "transform": [
                [0.85311, 0.037721, 0.520365, -0.0, -0.006297, 0.998055, -0.062025, 0.4, -0.521692, 0.049637, 0.851689, -0.0, 0.0, 0.0, 0.0, 1.0],
                [0.85311, -0.115707, 0.508738, 0.0, -0.006297, 0.972743, 0.231799, 0.4, -0.521692, -0.200954, 0.829129, 0.0, 0.0, 0.0, 0.0, 1.0],
                [0.85311, -0.1468, 0.500652, 0.0, -0.006297, 0.956632, 0.291232, 0.4, -0.521692, -0.251605, 0.815188, -0.0, 0.0, 0.0, 0.0, 1.0],
                [0.853111, 0.037721, 0.520365, -1e-06, -0.006297, 0.998055, -0.062025, 0.4, -0.521692, 0.049637, 0.851689, -0.0, 0.0, 0.0, 0.0, 1.0],
                [0.551548, 0.037721, 0.83329, 0.0, 0.020627, 0.998055, -0.058832, 0.4, -0.833888, 0.049637, 0.549697, 0.0, 0.0, 0.0, 0.0, 1.0],
                [0.997356, 0.037721, -0.062115, 0.0, -0.040689, 0.998055, -0.047235, 0.4, 0.060213, 0.049637, 0.996951, 0.0, 0.0, 0.0, 0.0, 1.0],
                [0.378968, 0.037721, -0.924641, -0.0, -0.06025, 0.998055, 0.016022, 0.4, 0.923446, 0.049637, 0.380503, 0.0, 0.0, 0.0, 0.0, 1.0],
                [0.378968, 0.037721, -0.924641, -0.0, -0.06025, 0.998055, 0.016022, 0.4, 0.923446, 0.049637, 0.380503, 0.0, 0.0, 0.0, 0.0, 1.0],
                [0.378968, 0.037721, -0.924641, -0.0, -0.06025, 0.998055, 0.016022, 0.4, 0.923446, 0.049637, 0.380503, -0.0, 0.0, 0.0, 0.0, 1.0],
                [0.378968, 0.037721, -0.924641, -0.0, -0.06025, 0.998055, 0.016022, 0.4, 0.923446, 0.049637, 0.380503, 0.0, 0.0, 0.0, 0.0, 1.0],
                [0.378968, 0.037721, -0.924641, -0.0, -0.06025, 0.998055, 0.016022, 0.4, 0.923446, 0.049637, 0.380503, 0.0, 0.0, 0.0, 0.0, 1.0],
                [0.378968, 0.037721, -0.924641, -0.0, -0.06025, 0.998055, 0.016022, 0.4, 0.923446, 0.049637, 0.380503, 0.0, 0.0, 0.0, 0.0, 1.0]
            ]
        },
        {
            "name": "Shoulder_R",
            "time": [0.0, 0.4667, 0.7333, 0.8333, 1.15, 1.3167, 1.4333, 1.5167, 1.8333, 2.05],
            "transform": [
                [-0.159653, 0.952383, 0.259762, -0.0, 0.162345, -0.234224, 0.958532, 0.4, 0.973732, 0.195203, -0.11722, -0.0, 0.0, 0.0, 0.0, 1.0],
                [-0.159653, 0.952384, 0.259762, 0.0, 0.162345, -0.234224, 0.958532, 0.4, 0.973732, 0.195203, -0.11722, -0.0, 0.0, 0.0, 0.0, 1.0],
                [0.110305, 0.959352, 0.259762, -1e-06, 0.091141, -0.270019, 0.958532, 0.4, 0.98971, -0.082056, -0.11722, -0.0, 0.0, 0.0, 0.0, 1.0],
                [0.110305, 0.959352, 0.259762, 0.0, 0.091141, -0.270019, 0.958532, 0.4, 0.98971, -0.082056, -0.11722, 0.0, 0.0, 0.0, 0.0, 1.0],
                [0.110305, 0.959352, 0.259762, -0.0, 0.091141, -0.270019, 0.958532, 0.4, 0.98971, -0.082056, -0.11722, 0.0, 0.0, 0.0, 0.0, 1.0],
                [0.110305, 0.959352, 0.259762, -0.0, 0.091141, -0.270019, 0.958532, 0.4, 0.98971, -0.082056, -0.11722, 0.0, 0.0, 0.0, 0.0, 1.0],
                [0.110305, 0.959352, 0.259762, -0.0, 0.091141, -0.270019, 0.958532, 0.4, 0.98971, -0.082056, -0.11722, -0.0, 0.0, 0.0, 0.0, 1.0],
                [0.110305, 0.959352, 0.259762, -0.0, 0.091141, -0.270019, 0.958532, 0.4, 0.98971, -0.082056, -0.11722, 0.0, 0.0, 0.0, 0.0, 1.0],
                [0.110305, 0.959352, 0.259762, -0.0, 0.091141, -0.270019, 0.958532, 0.4, 0.98971, -0.082056, -0.11722, 0.0, 0.0, 0.0, 0.0, 1.0],
                [0.110305, 0.959352, 0.259762, -0.0, 0.091141, -0.270019, 0.958532, 0.4, 0.98971, -0.082056, -0.11722, 0.0, 0.0, 0.0, 0.0, 1.0]
            ]
        },
        {
            "name": "Arm_R",
            "time": [0.0, 0.4667, 0.7333, 0.8333, 0.8833, 1.15, 1.3167, 1.4333, 1.5167, 1.8333, 2.05],
            "transform": [
                [-0.19979, -0.884972, -0.420605, 0.0, -0.274683, 0.462633, -0.842924, 0.39386, 0.940549, -0.052874, -0.335516, -0.0, 0.0, 0.0, 0.0, 1.0],
                [-0.269191, -0.411265, -0.87086, 0.0, 0.604639, 0.631657, -0.485202, 0.393861, 0.749631, -0.657168, 0.078631, -0.0, 0.0, 0.0, 0.0, 1.0],
                [0.17791, -0.0243, -0.983747, -0.0, 0.533864, 0.842171, 0.075746, 0.39386, 0.826642, -0.538663, 0.162804, 0.0, 0.0, 0.0, 0.0, 1.0],
                [0.25164, 0.023157, -0.967544, -0.0, 0.310243, 0.945028, 0.103306, 0.39386, 0.916748, -0.32617, 0.230623, -0.0, 0.0, 0.0, 0.0, 1.0],
                [-0.063868, -0.264779, -0.962192, 0.0, -0.066808, 0.963132, -0.260603, 0.39386, 0.99572, 0.047638, -0.079203, -0.0, 0.0, 0.0, 0.0, 1.0],
                [0.221208, -0.172906, -0.959776, 0.0, -0.094977, 0.975659, -0.197658, 0.39386, 0.970591, 0.13488, 0.199402, -0.0, 0.0, 0.0, 0.0, 1.0],
                [0.270704, -0.074492, -0.959776, -0.0, -0.463032, 0.864021, -0.197658, 0.393861, 0.843991, 0.497914, 0.199402, 0.0, 0.0, 0.0, 0.0, 1.0],
                [0.266815, -0.099485, -0.958599, -0.0, -0.352853, 0.91551, -0.193226, 0.39386, 0.89683, 0.3898, 0.209168, -0.0, 0.0, 0.0, 0.0, 1.0],
                [0.270704, -0.074492, -0.959776, -0.0, -0.463032, 0.864021, -0.197658, 0.393861, 0.843991, 0.497914, 0.199402, -0.0, 0.0, 0.0, 0.0, 1.0],
                [0.270704, -0.074492, -0.959776, -0.0, -0.463032, 0.864021, -0.197658, 0.393861, 0.843991, 0.497914, 0.199402, -0.0, 0.0, 0.0, 0.0, 1.0],
                [0.270704, -0.074492, -0.959776, -0.0, -0.463032, 0.864021, -0.197658, 0.393861, 0.843991, 0.497914, 0.199402, -0.0, 0.0, 0.0, 0.0, 1.0]
            ]
        },
        {
            "name": "Hand_R",
            "time": [0.0, 0.4667, 0.7333, 0.8333, 0.9, 0.95, 1.15, 1.3167, 1.4333, 1.5167, 1.8333, 2.05],
            "transform": [
                [0.999998, 0.001622, 0.000833, -0.0, 0.000868, -0.021756, -0.999763, 0.3, -0.001603, 0.999762, -0.021757, -0.0, 0.0, 0.0, 0.0, 1.0],
                [0.999998, -0.00064, 0.001708, 0.0, 0.000868, 0.990517, -0.137389, 0.3, -0.001604, 0.137391, 0.990516, 0.0, 0.0, 0.0, 0.0, 1.0],
                [0.999998, -0.000848, 0.001614, 0.0, 0.000868, 0.999919, -0.012686, 0.3, -0.001603, 0.012688, 0.999918, -0.0, 0.0, 0.0, 0.0, 1.0],
                [0.999998, -0.000848, 0.001614, 0.0, 0.000868, 0.999919, -0.012686, 0.3, -0.001603, 0.012688, 0.999918, 0.0, 0.0, 0.0, 0.0, 1.0],
                [0.999998, -0.000426, 0.001772, -0.0, 0.000868, 0.966293, -0.257444, 0.3, -0.001603, 0.257445, 0.966292, -0.0, 0.0, 0.0, 0.0, 1.0],
                [0.999998, -0.000341, 0.001791, -0.0, 0.000868, 0.952924, -0.30321, 0.3, -0.001603, 0.303211, 0.952922, -0.0, 0.0, 0.0, 0.0, 1.0],
                [0.999998, -0.00093, 0.001568, 0.0, 0.000868, 0.999239, 0.039003, 0.3, -0.001603, -0.039002, 0.999238, -0.0, 0.0, 0.0, 0.0, 1.0],
                [0.999998, -0.00093, 0.001568, -0.0, 0.000868, 0.999239, 0.039003, 0.3, -0.001603, -0.039002, 0.999238, -0.0, 0.0, 0.0, 0.0, 1.0],
                [0.999998, -0.00093, 0.001568, 0.0, 0.000868, 0.999239, 0.039003, 0.3, -0.001603, -0.039002, 0.999238, 0.0, 0.0, 0.0, 0.0, 1.0],
                [0.999998, -0.00093, 0.001568, -0.0, 0.000868, 0.999239, 0.039003, 0.3, -0.001603, -0.039002, 0.999238, -0.0, 0.0, 0.0, 0.0, 1.0],
                [0.999998, -0.00093, 0.001568, -0.0, 0.000868, 0.999239, 0.039003, 0.3, -0.001603, -0.039002, 0.999238, -0.0, 0.0, 0.0, 0.0, 1.0],
                [0.999998, -0.00093, 0.001568, -0.0, 0.000868, 0.999239, 0.039003, 0.3, -0.001603, -0.039002, 0.999238, -0.0, 0.0, 0.0, 0.0, 1.0]
            ]
        },
        {
            "name": "Tool_R",
            "time": [0.0, 0.4667, 0.7333, 0.8333, 0.9, 0.95, 1.0333, 1.15, 1.3167, 1.4333, 1.5167, 1.8333, 2.05],
            "transform": [
                [0.993307, 0.058649, -0.099504, 0.004096, -0.088229, -0.1707, -0.981365, 0.349829, -0.074498, 0.982992, -0.164297, 0.069638, 0.0, 0.0, 0.0, 1.0],
                [0.993313, -0.077163, -0.085881, -0.005462, -0.088202, -0.987154, -0.133217, 0.227549, -0.074455, 0.139808, -0.986776, 0.086956, 0.0, 0.0, 0.0, 1.0],
                [0.993314, -0.054493, -0.101777, 0.010704, -0.088154, -0.927265, -0.363881, 0.330594, -0.074502, 0.37019, -0.925324, 0.180402, 0.0, 0.0, 0.0, 1.0],
                [0.974421, -0.15668, 0.161107, -0.012071, -0.211653, -0.880811, 0.423526, 0.202559, 0.075499, -0.446536, -0.89091, 0.115493, 0.0, 0.0, 0.0, 1.0],
                [0.972696, -0.022532, -0.230986, -0.011591, -0.218945, 0.241024, -0.9455, 0.20312, 0.076929, 0.969686, 0.229364, 0.090035, 0.0, 0.0, 0.0, 1.0],
                [0.973063, -0.05465, -0.223968, -0.010691, -0.215612, 0.128161, -0.968032, 0.203624, 0.081556, 0.989662, 0.112848, 0.07251, 0.0, 0.0, 0.0, 1.0],
                [0.973768, 0.008647, -0.227379, -0.008886, -0.215607, 0.35445, -0.909878, 0.204176, 0.072681, 0.934485, 0.346801, 0.062635, 0.0, 0.0, 0.0, 1.0],
                [0.974415, -0.084933, -0.208093, -0.007341, -0.211681, -0.035586, -0.976691, 0.204542, 0.075501, 0.995161, -0.052633, 0.060073, 0.0, 0.0, 0.0, 1.0],
                [0.996284, -0.084936, -0.014279, -0.007341, -0.017354, -0.035576, -0.999216, 0.204542, 0.084311, 0.995161, -0.036906, 0.060073, 0.0, 0.0, 0.0, 1.0],
                [0.993145, -0.087088, -0.077968, -0.007341, -0.081144, -0.033542, -0.996138, 0.204535, 0.084086, 0.995046, -0.040365, 0.060451, 0.0, 0.0, 0.0, 1.0],
                [0.996284, -0.084936, -0.014279, -0.007341, -0.017354, -0.035576, -0.999216, 0.204542, 0.084311, 0.995161, -0.036906, 0.060073, 0.0, 0.0, 0.0, 1.0],
                [0.996284, -0.084936, -0.014279, -0.007341, -0.017354, -0.035576, -0.999216, 0.204542, 0.084311, 0.995161, -0.036906, 0.060073, 0.0, 0.0, 0.0, 1.0],
                [0.996284, -0.084936, -0.014279, -0.007341, -0.017354, -0.035576, -0.999216, 0.204542, 0.084311, 0.995161, -0.036906, 0.060073, 0.0, 0.0, 0.0, 1.0]
            ]
        },
        {
            "name": "Elbow_R",
            "time": [0.0, 0.4667, 0.7333, 0.8333, 1.15, 1.3167, 1.4333, 1.5167, 1.8333, 2.05],
            "transform": [
                [-1.0, 0.0, -0.0, -0.0, 0.0, -0.0, -1.0, 0.429832, -0.0, -1.0, 0.0, -0.0, 0.0, 0.0, 0.0, 1.0],
                [-1.0, 0.0, -0.0, 0.0, 0.0, -0.0, -1.0, 0.30582, -0.0, -1.0, 0.0, 0.0, 0.0, 0.0, 0.0, 1.0],
                [-1.0, 0.0, 0.0, 0.0, -0.0, -0.0, -1.0, 0.429832, -0.0, -1.0, 0.0, -0.0, 0.0, 0.0, 0.0, 1.0],
                [-1.0, 0.0, -0.0, 0.0, 0.0, -0.0, -1.0, 0.297548, -0.0, -1.0, 0.0, 0.0, 0.0, 0.0, 0.0, 1.0],
                [-1.0, 0.0, -0.0, 0.0, 0.0, -0.0, -1.0, 0.297548, -0.0, -1.0, 0.0, 0.0, 0.0, 0.0, 0.0, 1.0],
                [-1.0, 0.0, -0.0, 0.0, 0.0, -0.0, -1.0, 0.297548, -0.0, -1.0, 0.0, 0.0, 0.0, 0.0, 0.0, 1.0],
                [-1.0, 0.0, -0.0, 0.0, 0.0, -0.0, -1.0, 0.297548, -0.0, -1.0, 0.0, 0.0, 0.0, 0.0, 0.0, 1.0],
                [-1.0, 0.0, -0.0, 0.0, 0.0, -0.0, -1.0, 0.297548, -0.0, -1.0, 0.0, 0.0, 0.0, 0.0, 0.0, 1.0],
                [-1.0, 0.0, -0.0, 0.0, 0.0, -0.0, -1.0, 0.297548, -0.0, -1.0, 0.0, 0.0, 0.0, 0.0, 0.0, 1.0],
                [-1.0, 0.0, -0.0, 0.0, 0.0, -0.0, -1.0, 0.297548, -0.0, -1.0, 0.0, 0.0, 0.0, 0.0, 0.0, 1.0]
            ]
        },
        {
            "name": "Shoulder_L",
            "time": [0.0, 0.0667, 0.4667, 0.7333, 0.8333, 1.15, 1.3167, 1.4333, 1.5167, 1.8333, 2.05],
            "transform": [
                [-0.226937, -0.879834, -0.417602, -0.0, -0.021067, -0.424255, 0.905298, 0.4, -0.973681, 0.214243, 0.077744, -0.0, 0.0, 0.0, 0.0, 1.0],
                [-0.226937, -0.959593, -0.166373, 0.0, -0.021067, -0.165954, 0.985909, 0.4, -0.973681, 0.227244, 0.017445, 0.0, 0.0, 0.0, 0.0, 1.0],
                [-0.226937, -0.959593, -0.166373, 0.0, -0.021067, -0.165953, 0.985909, 0.4, -0.973681, 0.227244, 0.017445, -0.0, 0.0, 0.0, 0.0, 1.0],
                [-0.226937, -0.879834, -0.417602, -1e-06, -0.021067, -0.424255, 0.905298, 0.4, -0.973681, 0.214243, 0.077744, -0.0, 0.0, 0.0, 0.0, 1.0],
                [-0.226937, -0.879834, -0.417602, 0.0, -0.021067, -0.424255, 0.905298, 0.4, -0.973682, 0.214243, 0.077744, 0.0, 0.0, 0.0, 0.0, 1.0],
                [-0.226937, -0.879834, -0.417602, -0.0, -0.021067, -0.424255, 0.905298, 0.4, -0.973681, 0.214243, 0.077744, 0.0, 0.0, 0.0, 0.0, 1.0],
                [-0.226937, -0.879834, -0.417602, -0.0, -0.021067, -0.424255, 0.905298, 0.4, -0.973682, 0.214243, 0.077744, 0.0, 0.0, 0.0, 0.0, 1.0],
                [-0.226937, -0.879834, -0.417602, -0.0, -0.021067, -0.424255, 0.905298, 0.4, -0.973681, 0.214243, 0.077744, -0.0, 0.0, 0.0, 0.0, 1.0],
                [-0.226937, -0.879834, -0.417602, -0.0, -0.021067, -0.424255, 0.905298, 0.4, -0.973682, 0.214243, 0.077744, 0.0, 0.0, 0.0, 0.0, 1.0],
                [-0.226937, -0.879834, -0.417602, -0.0, -0.021067, -0.424255, 0.905298, 0.4, -0.973682, 0.214243, 0.077744, 0.0, 0.0, 0.0, 0.0, 1.0],
                [-0.226937, -0.879834, -0.417602, -0.0, -0.021067, -0.424255, 0.905298, 0.4, -0.973682, 0.214243, 0.077744, 0.0, 0.0, 0.0, 0.0, 1.0]
            ]
        },
        {
            "name": "Arm_L",
            "time": [0.0, 0.0667, 0.4667, 0.7333, 0.8333, 1.15, 1.3167, 1.5167, 1.8333, 2.05],
            "transform": [
                [-0.160316, 0.728879, 0.665608, 0.0, -0.36571, 0.582478, -0.725931, 0.39386, -0.916818, -0.359798, 0.173178, -0.0, 0.0, 0.0, 0.0, 1.0],
                [0.65651, 0.753824, 0.027264, 0.0, -0.045553, 0.075699, -0.99609, 0.393861, -0.752941, 0.652701, 0.084036, 0.0, 0.0, 0.0, 0.0, 1.0],
                [0.408188, 0.898882, -0.159351, 0.0, -0.295401, -0.035108, -0.954728, 0.39386, -0.863783, 0.436781, 0.2512, 0.0, 0.0, 0.0, 0.0, 1.0],
                [0.053729, 0.034132, 0.997972, -0.0, -0.618699, 0.785602, 0.006442, 0.393861, -0.783789, -0.61779, 0.063327, -0.0, 0.0, 0.0, 0.0, 1.0],
                [0.053729, 0.034132, 0.997972, -0.0, -0.618699, 0.785602, 0.006442, 0.39386, -0.783789, -0.61779, 0.063327, 0.0, 0.0, 0.0, 0.0, 1.0],
                [0.063473, -0.004789, 0.997972, -0.0, -0.02585, 0.999645, 0.006442, 0.39386, -0.997649, -0.026206, 0.063327, -0.0, 0.0, 0.0, 0.0, 1.0],
                [0.062086, 0.014042, 0.997972, 0.0, -0.317973, 0.948078, 0.006442, 0.39386, -0.946065, -0.317728, 0.063327, 0.0, 0.0, 0.0, 0.0, 1.0],
                [0.047937, 0.070992, 0.996324, 0.0, -0.760274, 0.64953, -0.009702, 0.39386, -0.647832, -0.757014, 0.08511, -0.0, 0.0, 0.0, 0.0, 1.0],
                [0.047937, 0.070992, 0.996324, 0.0, -0.760274, 0.64953, -0.009702, 0.39386, -0.647832, -0.757014, 0.08511, -0.0, 0.0, 0.0, 0.0, 1.0],
                [0.047937, 0.070992, 0.996324, 0.0, -0.760274, 0.64953, -0.009702, 0.39386, -0.647832, -0.757014, 0.08511, -0.0, 0.0, 0.0, 0.0, 1.0]
            ]
        },
        {
            "name": "Hand_L",
            "time": [0.0, 0.0667, 0.4667, 0.7333, 0.8333, 1.15, 1.3167, 1.4333, 1.5167, 1.8333, 2.05],
            "transform": [
                [0.999993, -0.003708, -0.000818, -0.0, 0.000938, 0.450059, -0.892999, 0.3, 0.003679, 0.892991, 0.45006, -0.0, 0.0, 0.0, 0.0, 1.0],
                [0.999993, -0.003138, -0.002138, 0.0, 0.000938, 0.749722, -0.661752, 0.3, 0.003679, 0.661745, 0.74972, 0.0, 0.0, 0.0, 0.0, 1.0],
                [0.999993, -0.002781, -0.002585, 0.0, 0.000938, 0.840669, -0.54155, 0.3, 0.003679, 0.541543, 0.840665, 0.0, 0.0, 0.0, 0.0, 1.0],
                [0.999993, -0.001541, -0.00347, -0.0, 0.000938, 0.985901, -0.167329, 0.3, 0.003679, 0.167324, 0.985895, 0.0, 0.0, 0.0, 0.0, 1.0],
                [0.999993, -0.001541, -0.00347, 0.0, 0.000938, 0.985901, -0.167329, 0.3, 0.003679, 0.167324, 0.985895, -0.0, 0.0, 0.0, 0.0, 1.0],
                [0.999993, -0.001541, -0.00347, 0.0, 0.000938, 0.985901, -0.167329, 0.3, 0.003679, 0.167324, 0.985895, -0.0, 0.0, 0.0, 0.0, 1.0],
                [0.999993, -0.001541, -0.00347, -0.0, 0.000938, 0.985901, -0.167329, 0.3, 0.003679, 0.167324, 0.985895, 0.0, 0.0, 0.0, 0.0, 1.0],
                [0.999993, -0.001541, -0.00347, 0.0, 0.000938, 0.985901, -0.167329, 0.3, 0.003679, 0.167324, 0.985895, 0.0, 0.0, 0.0, 0.0, 1.0],
                [0.999993, -0.001541, -0.00347, -0.0, 0.000938, 0.985901, -0.167329, 0.3, 0.003679, 0.167324, 0.985895, 0.0, 0.0, 0.0, 0.0, 1.0],
                [0.999993, -0.001541, -0.00347, -0.0, 0.000938, 0.985901, -0.167329, 0.3, 0.003679, 0.167324, 0.985895, 0.0, 0.0, 0.0, 0.0, 1.0],
                [0.999993, -0.001541, -0.00347, -0.0, 0.000938, 0.985901, -0.167329, 0.3, 0.003679, 0.167324, 0.985895, 0.0, 0.0, 0.0, 0.0, 1.0]
            ]
        },
        {
            "name": "Tool_L",
            "time": [0.0, 0.4667, 0.7333, 0.8333, 1.15, 1.3167, 1.4333, 1.5167, 1.8333, 2.05],
            "transform": [
                [0.997004, 0.01104, -0.076554, 0.0, -0.036659, -0.804079, -0.593391, 0.272858, -0.068067, 0.594062, -0.8008, -0.0, 0.0, 0.0, 0.0, 1.0],
                [0.997004, 0.01104, -0.076554, 0.0, -0.036659, -0.804079, -0.593391, 0.272858, -0.068067, 0.594062, -0.8008, -0.0, 0.0, 0.0, 0.0, 1.0],
                [0.997004, 0.01104, -0.076554, -0.0, -0.036659, -0.804079, -0.593391, 0.272858, -0.068067, 0.594062, -0.8008, -0.0, 0.0, 0.0, 0.0, 1.0],
                [0.997004, 0.01104, -0.076554, 0.0, -0.036659, -0.804079, -0.593391, 0.272858, -0.068067, 0.594062, -0.8008, -0.0, 0.0, 0.0, 0.0, 1.0],
                [0.997004, 0.01104, -0.076554, 0.0, -0.036659, -0.804079, -0.593391, 0.272858, -0.068067, 0.594062, -0.8008, -0.0, 0.0, 0.0, 0.0, 1.0],
                [0.997004, 0.01104, -0.076554, -0.0, -0.036659, -0.804079, -0.593391, 0.272858, -0.068067, 0.594062, -0.8008, -0.0, 0.0, 0.0, 0.0, 1.0],
                [0.997004, 0.01104, -0.076554, -0.0, -0.036659, -0.804079, -0.593391, 0.272858, -0.068067, 0.594062, -0.8008, -0.0, 0.0, 0.0, 0.0, 1.0],
                [0.997004, 0.01104, -0.076554, -0.0, -0.036659, -0.804079, -0.593391, 0.272858, -0.068067, 0.594062, -0.8008, -0.0, 0.0, 0.0, 0.0, 1.0],
                [0.997004, 0.01104, -0.076554, -0.0, -0.036659, -0.804079, -0.593391, 0.272858, -0.068067, 0.594062, -0.8008, -0.0, 0.0, 0.0, 0.0, 1.0],
                [0.997004, 0.01104, -0.076554, -0.0, -0.036659, -0.804079, -0.593391, 0.272858, -0.068067, 0.594062, -0.8008, -0.0, 0.0, 0.0, 0.0, 1.0]
            ]
        },
        {
            "name": "Elbow_L",
            "time": [0.0, 0.4667, 0.7333, 0.8333, 1.15, 1.3167, 1.4333, 1.5167, 1.8333, 2.05],
            "transform": [
                [-1.0, 0.0, 0.0, 2.7e-05, 0.0, -0.0, -1.0, 0.396148, -0.0, -1.0, -0.0, -0.002121, 0.0, 0.0, 0.0, 1.0],
                [-1.0, 0.0, -0.0, 2.7e-05, 0.0, -0.257132, -0.966376, 0.396147, -0.0, -0.966376, 0.257133, -0.002121, 0.0, 0.0, 0.0, 1.0],
                [-1.0, 0.0, -0.0, 2.7e-05, 0.0, -0.0, -1.0, 0.396148, -0.0, -1.0, 0.0, -0.002121, 0.0, 0.0, 0.0, 1.0],
                [-1.0, 0.0, -0.0, 2.7e-05, -0.0, -0.0, -1.0, 0.396147, -0.0, -1.0, -0.0, -0.002121, 0.0, 0.0, 0.0, 1.0],
                [-1.0, 0.0, -0.0, 2.7e-05, 0.0, -0.0, -1.0, 0.396148, -0.0, -1.0, -0.0, -0.002121, 0.0, 0.0, 0.0, 1.0],
                [-1.0, 0.0, -0.0, 2.7e-05, 0.0, -0.0, -1.0, 0.396148, -0.0, -1.0, -0.0, -0.002121, 0.0, 0.0, 0.0, 1.0],
                [-1.0, 0.0, -0.0, 2.7e-05, 0.0, -0.0, -1.0, 0.396147, -0.0, -1.0, -0.0, -0.002121, 0.0, 0.0, 0.0, 1.0],
                [-1.0, 0.0, -0.0, 2.7e-05, 0.0, -0.0, -1.0, 0.396147, -0.0, -1.0, -0.0, -0.002121, 0.0, 0.0, 0.0, 1.0],
                [-1.0, 0.0, -0.0, 2.7e-05, 0.0, -0.0, -1.0, 0.396147, -0.0, -1.0, -0.0, -0.002121, 0.0, 0.0, 0.0, 1.0],
                [-1.0, 0.0, -0.0, 2.7e-05, 0.0, -0.0, -1.0, 0.396147, -0.0, -1.0, -0.0, -0.002121, 0.0, 0.0, 0.0, 1.0]
            ]
        }
    ]
}