{
    "animation": [
        {
            "name": "Root",
            "time": [0.0, 0.0667, 0.5833, 0.7833],
            "transform": [
                [0.822426, 0.0, -0.568872, -5e-06, -0.568872, 0.0, -0.822426, 0.005689, 0.0, 1.0, 0.0, 0.743765, 0.0, 0.0, 0.0, 1.0],
                [0.578559, -0.103267, -0.809077, 0.001298, -0.808791, -0.20092, -0.552711, -2.4234, -0.105483, 0.97415, -0.199765, 0.742638, 0.0, 0.0, 0.0, 1.0],
                [0.309677, -0.231069, -0.922338, 0.024745, -0.912359, -0.345384, -0.219799, -4.710679, -0.267772, 0.90957, -0.317776, 0.722364, 0.0, 0.0, 0.0, 1.0],
                [0.309677, -0.231069, -0.922338, 0.024745, -0.912359, -0.345384, -0.219799, -4.710679, -0.267772, 0.90957, -0.317776, 0.722364, 0.0, 0.0, 0.0, 1.0]
            ]
        },
        {
            "name": "Thigh_R",
            "time": [0.0, 0.0667, 0.5833, 0.7833],
            "transform": [
                [0.973929, 0.224277, -0.034076, 0.124994, 0.220193, -0.970742, -0.095767, -0.002831, -0.054558, 0.085767, -0.994821, -1.2e-05, 0.0, 0.0, 0.0, 1.0],
                [0.940135, -0.078811, -0.331563, 0.124994, 0.190026, -0.686392, 0.701965, -0.002831, -0.282905, -0.722946, -0.630327, -1.2e-05, 0.0, 0.0, 0.0, 1.0],
                [0.857883, -0.448142, -0.251404, 0.124995, 0.121777, -0.298005, 0.946765, -0.002831, -0.499206, -0.842827, -0.201081, -1.2e-05, 0.0, 0.0, 0.0, 1.0],
                [0.857883, -0.448142, -0.251404, 0.124995, 0.121777, -0.298005, 0.946765, -0.002831, -0.499206, -0.842827, -0.201081, -1.2e-05, 0.0, 0.0, 0.0, 1.0]
            ]
        },
        {
            "name": "Leg_R",
            "time": [0.0, 0.0667, 0.5833, 0.7833],
            "transform": [
                [1.0, -0.0, 1e-06, -0.0, 0.0, 0.942922, 0.333015, 0.37472, -1e-06, -0.333015, 0.942921, 0.0, 0.0, 0.0, 0.0, 1.0],
                [1.0, -1e-06, -0.0, -0.0, -0.0, -0.25334, 0.967377, 0.37472, -1e-06, -0.967378, -0.25334, -0.0, 0.0, 0.0, 0.0, 1.0],
                [1.0, -1e-06, -0.0, -1e-06, -0.0, -0.600247, 0.799815, 0.374721, -1e-06, -0.799816, -0.600246, -0.0, 0.0, 0.0, 0.0, 1.0],
                [1.0, -1e-06, -0.0, -1e-06, -0.0, -0.600247, 0.799815, 0.374721, -1e-06, -0.799816, -0.600246, -0.0, 0.0, 0.0, 0.0, 1.0]
            ]
        },
        {
            "name": "Knee_R",
            "time": [0.0, 0.0667, 0.5833, 0.7833],
            "transform": [
                [1.0, 0.0, -0.0, -0.0, -0.0, 1e-06, -1.0, 0.37472, -0.0, 1.0, 1e-06, 0.0, 0.0, 0.0, 0.0, 1.0],
                [0.962699, -0.195855, -0.186684, -0.0, -0.090349, 0.417662, -0.904099, 0.37472, 0.255043, 0.887242, 0.384388, -0.0, 0.0, 0.0, 0.0, 1.0],
                [1.0, 1e-06, -0.0, -1e-06, -1e-06, 0.905838, -0.423625, 0.374721, -0.0, 0.423625, 0.905838, -0.0, 0.0, 0.0, 0.0, 1.0],
                [1.0, 1e-06, -0.0, -1e-06, -1e-06, 0.905838, -0.423625, 0.374721, -0.0, 0.423625, 0.905838, -0.0, 0.0, 0.0, 0.0, 1.0]
            ]
        },
        {
            "name": "Thigh_L",
            "time": [0.0, 0.0667, 0.5833, 0.7833],
            "transform": [
                [0.592978, -0.35556, -0.722463, -0.125006, 0.01069, -0.893672, 0.448594, -0.002831, -0.805147, -0.27373, -0.526127, -1.2e-05, 0.0, 0.0, 0.0, 1.0],
                [0.56266, -0.195222, -0.803306, -0.125006, -0.237128, -0.968997, 0.069397, -0.002831, -0.791949, 0.15144, -0.591508, -1.2e-05, 0.0, 0.0, 0.0, 1.0],
                [0.629352, 0.003686, -0.777111, -0.125006, -0.198463, -0.966067, -0.16531, -0.002831, -0.75135, 0.258267, -0.607264, -1.2e-05, 0.0, 0.0, 0.0, 1.0],
                [0.629352, 0.003686, -0.777111, -0.125006, -0.198463, -0.966067, -0.16531, -0.002831, -0.75135, 0.258267, -0.607264, -1.2e-05, 0.0, 0.0, 0.0, 1.0]
            ]
        },
        {
            "name": "Leg_L",
            "time": [0.0, 0.0667, 0.5833, 0.7833],
            "transform": [
                [0.999989, -0.002343, -0.004028, -0.0, 0.003782, 0.913028, 0.407879, 0.37472, 0.002722, -0.407889, 0.913028, -0.0, 0.0, 0.0, 0.0, 1.0],
                [0.999989, -0.003413, -0.003173, 0.0, 0.003782, 0.992201, 0.124592, 0.37472, 0.002722, -0.124603, 0.992203, 0.0, 0.0, 0.0, 0.0, 1.0],
                [0.999989, -0.003209, -0.003379, 0.0, 0.003782, 0.982549, 0.185963, 0.37472, 0.002723, -0.185973, 0.982551, -0.0, 0.0, 0.0, 0.0, 1.0],
                [0.999989, -0.003209, -0.003379, 0.0, 0.003782, 0.982549, 0.185963, 0.37472, 0.002723, -0.185973, 0.982551, -0.0, 0.0, 0.0, 0.0, 1.0]
            ]
        },
        {
            "name": "Knee_L",
            "time": [0.0, 0.5833, 0.7833],
            "transform": [
                [1.0, 0.0, -0.0, -0.0, -0.0, 1e-06, -1.0, 0.37472, -0.0, 1.0, 1e-06, -0.0, 0.0, 0.0, 0.0, 1.0],
                [1.0, -0.0, -1e-06, 0.0, -1e-06, -0.06479, -0.997899, 0.37472, 0.0, 0.997899, -0.06479, -0.0, 0.0, 0.0, 0.0, 1.0],
                [1.0, -0.0, -1e-06, 0.0, -1e-06, -0.06479, -0.997899, 0.37472, 0.0, 0.997899, -0.06479, -0.0, 0.0, 0.0, 0.0, 1.0]
            ]
        },
        {
            "name": "Torso",
            "time": [0.0, 0.0667, 0.5833, 0.7833],
            "transform": [
                [0.99978, -0.020971, -0.000197, -0.0, 0.020971, 0.999603, 0.018833, 0.05, -0.000198, -0.018833, 0.999823, 0.0, 0.0, 0.0, 0.0, 1.0],
                [0.976779, -0.01863, 0.213437, 0.0, 0.015881, 0.999768, 0.014586, 0.05, -0.213659, -0.010858, 0.976848, -0.0, 0.0, 0.0, 0.0, 1.0],
                [0.856034, 0.060471, 0.51337, 1e-06, 0.008221, 0.991416, -0.13049, 0.05, -0.516854, 0.115925, 0.848188, 0.0, 0.0, 0.0, 0.0, 1.0],
                [0.856034, 0.060471, 0.51337, 1e-06, 0.008221, 0.991416, -0.13049, 0.05, -0.516854, 0.115925, 0.848188, 0.0, 0.0, 0.0, 0.0, 1.0]
            ]
        },
        {
            "name": "Chest",
            "time": [0.0, 0.0667, 0.5833, 0.7833],
            "transform": [
                [0.993182, -0.021316, -0.114605, 0.0, 0.03302, 0.994316, 0.101221, 0.3, 0.111796, -0.104315, 0.988241, 0.0, 0.0, 0.0, 0.0, 1.0],
                [0.993182, 0.050586, -0.105023, -0.0, 0.03302, 0.741949, 0.669643, 0.3, 0.111796, -0.668545, 0.73522, -0.0, 0.0, 0.0, 0.0, 1.0],
                [0.993182, 0.041758, -0.108835, -0.0, 0.03302, 0.794617, 0.606212, 0.3, 0.111796, -0.605673, 0.787821, 0.0, 0.0, 0.0, 0.0, 1.0],
                [0.993182, 0.041758, -0.108835, -0.0, 0.03302, 0.794617, 0.606212, 0.3, 0.111796, -0.605673, 0.787821, 0.0, 0.0, 0.0, 0.0, 1.0]
            ]
        },
        {
            "name": "Head",
            "time": [0.0, 0.0667, 0.5833, 0.7833],
            "transform": [
                [0.85311, 0.037721, 0.520365, -0.0, -0.006297, 0.998055, -0.062025, 0.4, -0.521692, 0.049637, 0.851689, -0.0, 0.0, 0.0, 0.0, 1.0],
                [0.85311, -0.115707, 0.508738, 0.0, -0.006297, 0.972743, 0.231799, 0.4, -0.521692, -0.200954, 0.829129, 0.0, 0.0, 0.0, 0.0, 1.0],
                [0.85311, -0.1468, 0.500652, -0.0, -0.006297, 0.956632, 0.291232, 0.4, -0.521692, -0.251605, 0.815188, -0.0, 0.0, 0.0, 0.0, 1.0],
                [0.85311, -0.1468, 0.500652, -0.0, -0.006297, 0.956632, 0.291232, 0.4, -0.521692, -0.251605, 0.815188, -0.0, 0.0, 0.0, 0.0, 1.0]
            ]
        },
        {
            "name": "Shoulder_R",
            "time": [0.0, 0.5833, 0.7833],
            "transform": [
                [-0.159653, 0.952383, 0.259762, -0.0, 0.162345, -0.234224, 0.958532, 0.4, 0.973732, 0.195203, -0.11722, -0.0, 0.0, 0.0, 0.0, 1.0],
                [-0.159653, 0.952384, 0.259762, -0.0, 0.162345, -0.234224, 0.958532, 0.4, 0.973732, 0.195203, -0.11722, -0.0, 0.0, 0.0, 0.0, 1.0],
                [-0.159653, 0.952384, 0.259762, -0.0, 0.162345, -0.234224, 0.958532, 0.4, 0.973732, 0.195203, -0.11722, -0.0, 0.0, 0.0, 0.0, 1.0]
            ]
        },
        {
            "name": "Arm_R",
            "time": [0.0, 0.5833, 0.7833],
            "transform": [
                [-0.19979, -0.884972, -0.420605, 0.0, -0.274683, 0.462633, -0.842924, 0.39386, 0.940549, -0.052874, -0.335516, -0.0, 0.0, 0.0, 0.0, 1.0],
                [-0.269191, -0.411265, -0.87086, 0.0, 0.604639, 0.631657, -0.485202, 0.39386, 0.749631, -0.657168, 0.078631, -0.0, 0.0, 0.0, 0.0, 1.0],
                [-0.269191, -0.411265, -0.87086, 0.0, 0.604639, 0.631657, -0.485202, 0.39386, 0.749631, -0.657168, 0.078631, -0.0, 0.0, 0.0, 0.0, 1.0]
            ]
        },
        {
            "name": "Hand_R",
            "time": [0.0, 0.5833, 0.7833],
            "transform": [
                [0.999998, 0.001622, 0.000833, -0.0, 0.000868, -0.021756, -0.999763, 0.3, -0.001603, 0.999762, -0.021757, -0.0, 0.0, 0.0, 0.0, 1.0],
                [0.999998, -0.00064, 0.001708, -0.0, 0.000868, 0.990517, -0.137389, 0.3, -0.001604, 0.137391, 0.990516, 0.0, 0.0, 0.0, 0.0, 1.0],
                [0.999998, -0.00064, 0.001708, -0.0, 0.000868, 0.990517, -0.137389, 0.3, -0.001604, 0.137391, 0.990516, 0.0, 0.0, 0.0, 0.0, 1.0]
            ]
        },
        {
            "name": "Tool_R",
            "time": [0.0, 0.5833, 0.7833],
            "transform": [
                [0.993307, 0.058649, -0.099504, 0.004096, -0.088229, -0.1707, -0.981365, 0.349829, -0.074498, 0.982992, -0.164297, 0.069638, 0.0, 0.0, 0.0, 1.0],
                [0.993313, -0.077163, -0.085881, -0.005463, -0.088202, -0.987154, -0.133217, 0.227549, -0.074455, 0.139808, -0.986776, 0.086956, 0.0, 0.0, 0.0, 1.0],
                [0.993313, -0.077163, -0.085881, -0.005463, -0.088202, -0.987154, -0.133217, 0.227549, -0.074455, 0.139808, -0.986776, 0.086956, 0.0, 0.0, 0.0, 1.0]
            ]
        },
        {
            "name": "Elbow_R",
            "time": [0.0, 0.5833, 0.7833],
            "transform": [
                [-1.0, 0.0, -0.0, -0.0, 0.0, -0.0, -1.0, 0.429832, -0.0, -1.0, 0.0, -0.0, 0.0, 0.0, 0.0, 1.0],
                [-1.0, 0.0, -0.0, -0.0, 0.0, -0.0, -1.0, 0.30582, -0.0, -1.0, 0.0, -0.0, 0.0, 0.0, 0.0, 1.0],
                [-1.0, 0.0, -0.0, -0.0, 0.0, -0.0, -1.0, 0.30582, -0.0, -1.0, 0.0, -0.0, 0.0, 0.0, 0.0, 1.0]
            ]
        },
        {
            "name": "Shoulder_L",
            "time": [0.0, 0.0667, 0.5833, 0.7833],
            "transform": [
                [-0.226937, -0.879834, -0.417602, -0.0, -0.021067, -0.424255, 0.905298, 0.4, -0.973681, 0.214243, 0.077744, -0.0, 0.0, 0.0, 0.0, 1.0],
                [-0.226937, -0.959593, -0.166373, 0.0, -0.021067, -0.165954, 0.985909, 0.4, -0.973681, 0.227244, 0.017445, 0.0, 0.0, 0.0, 0.0, 1.0],
                [-0.226937, -0.959593, -0.166373, -0.0, -0.021067, -0.165953, 0.985909, 0.4, -0.973681, 0.227244, 0.017445, -0.0, 0.0, 0.0, 0.0, 1.0],
                [-0.226937, -0.959593, -0.166373, -0.0, -0.021067, -0.165953, 0.985909, 0.4, -0.973681, 0.227244, 0.017445, -0.0, 0.0, 0.0, 0.0, 1.0]
            ]
        },
        {
            "name": "Arm_L",
            "time": [0.0, 0.0667, 0.5833, 0.7833],
            "transform": [
                [-0.160316, 0.728879, 0.665608, 0.0, -0.36571, 0.582478, -0.725931, 0.39386, -0.916818, -0.359798, 0.173178, -0.0, 0.0, 0.0, 0.0, 1.0],
                [0.65651, 0.753824, 0.027264, 0.0, -0.045553, 0.075699, -0.99609, 0.393861, -0.752941, 0.652701, 0.084036, 0.0, 0.0, 0.0, 0.0, 1.0],
                [0.408188, 0.898882, -0.159351, 1e-06, -0.295401, -0.035108, -0.954728, 0.39386, -0.863783, 0.436781, 0.2512, 0.0, 0.0, 0.0, 0.0, 1.0],
                [0.408188, 0.898882, -0.159351, 1e-06, -0.295401, -0.035108, -0.954728, 0.39386, -0.863783, 0.436781, 0.2512, 0.0, 0.0, 0.0, 0.0, 1.0]
            ]
        },
        {
            "name": "Hand_L",
            "time": [0.0, 0.0667, 0.5833, 0.7833],
            "transform": [
                [0.999993, -0.003708, -0.000818, -0.0, 0.000938, 0.450059, -0.892999, 0.3, 0.003679, 0.892991, 0.45006, -0.0, 0.0, 0.0, 0.0, 1.0],
                [0.999993, -0.003138, -0.002138, 0.0, 0.000938, 0.749722, -0.661752, 0.3, 0.003679, 0.661745, 0.74972, 0.0, 0.0, 0.0, 0.0, 1.0],
                [0.999993, -0.002781, -0.002585, -0.0, 0.000938, 0.840669, -0.54155, 0.3, 0.003679, 0.541543, 0.840665, -0.0, 0.0, 0.0, 0.0, 1.0],
                [0.999993, -0.002781, -0.002585, -0.0, 0.000938, 0.840669, -0.54155, 0.3, 0.003679, 0.541543, 0.840665, -0.0, 0.0, 0.0, 0.0, 1.0]
            ]
        },
        {
            "name": "Tool_L",
            "time": [0.0, 0.5833, 0.7833],
            "transform": [
                [0.997004, 0.01104, -0.076554, 0.0, -0.036659, -0.804079, -0.593391, 0.272858, -0.068067, 0.594062, -0.8008, -0.0, 0.0, 0.0, 0.0, 1.0],
                [0.997004, 0.01104, -0.076554, 0.0, -0.036659, -0.804079, -0.593391, 0.272858, -0.068067, 0.594062, -0.8008, -0.0, 0.0, 0.0, 0.0, 1.0],
                [0.997004, 0.01104, -0.076554, 0.0, -0.036659, -0.804079, -0.593391, 0.272858, -0.068067, 0.594062, -0.8008, -0.0, 0.0, 0.0, 0.0, 1.0]
            ]
        },
        {
            "name": "Elbow_L",
            "time": [0.0, 0.5833, 0.7833],
            "transform": [
                [-1.0, 0.0, 0.0, 2.7e-05, 0.0, -0.0, -1.0, 0.396148, -0.0, -1.0, -0.0, -0.002121, 0.0, 0.0, 0.0, 1.0],
                [-1.0, 0.0, -0.0, 2.7e-05, 0.0, -0.257132, -0.966376, 0.396147, -0.0, -0.966376, 0.257133, -0.002121, 0.0, 0.0, 0.0, 1.0],
                [-1.0, 0.0, -0.0, 2.7e-05, 0.0, -0.257132, -0.966376, 0.396147, -0.0, -0.966376, 0.257133, -0.002121, 0.0, 0.0, 0.0, 1.0]
            ]
        }
    ]
}