{
    "animation": [
        {
            "name": "Root",
            "time": [0.0, 0.2833, 0.5833, 0.9667, 1.05, 1.2167, 1.3333, 1.7667, 2.0667],
            "transform": [
                [0.854689, 0.0, -0.51914, -5e-06, -0.51914, 0.0, -0.854689, 0.000946, 0.0, 1.0, 0.0, 0.743765, 0.0, 0.0, 0.0, 1.0],
                [0.835475, 0.0, 0.549528, -5e-06, 0.549528, 0.0, -0.835475, -0.670667, 0.0, 1.0, 0.0, 0.661469, 0.0, 0.0, 0.0, 1.0],
                [0.835475, 0.0, 0.549528, -5e-06, 0.549528, 0.0, -0.835475, -0.859353, 0.0, 1.0, 0.0, 0.661469, 0.0, 0.0, 0.0, 1.0],
                [0.835475, 0.0, 0.549528, -5e-06, 0.549528, 0.0, -0.835475, -0.859353, 0.0, 1.0, 0.0, 0.661469, 0.0, 0.0, 0.0, 1.0],
                [0.835475, 0.0, 0.549528, -5e-06, 0.549528, 0.0, -0.835475, -0.859353, 0.0, 1.0, 0.0, 0.661469, 0.0, 0.0, 0.0, 1.0],
                [0.954585, -0.19594, -0.224442, -0.02021, -0.207561, 0.103076, -0.972776, -2.398401, 0.21374, 0.975183, 0.057726, 0.585934, 0.0, 0.0, 0.0, 1.0],
                [0.736969, 0.0, -0.675926, -0.032801, -0.675926, 0.0, -0.736969, -3.357372, 0.0, 1.0, 0.0, 0.538869, 0.0, 0.0, 0.0, 1.0],
                [0.65441, 0.0, -0.75614, -0.035871, -0.75614, 0.0, -0.65441, -3.59126, 0.0, 1.0, 0.0, 0.52739, 0.0, 0.0, 0.0, 1.0],
                [0.854689, 0.0, -0.51914, -5e-06, -0.51914, 0.0, -0.854689, -4.269692, 0.0, 1.0, 0.0, 0.743765, 0.0, 0.0, 0.0, 1.0]
            ]
        },
        {
            "name": "Thigh_R",
            "time": [0.0, 0.2833, 0.5833, 0.9667, 1.05, 1.2167, 1.3333, 1.7667, 2.0667],
            "transform": [
                [0.992811, 0.11785, -0.020883, 0.124994, 0.118536, -0.992318, 0.035348, -0.002831, -0.016557, -0.037569, -0.999157, -1.2e-05, 0.0, 0.0, 0.0, 1.0],
                [0.892161, 0.306736, 0.331604, 0.124994, 0.08919, -0.83926, 0.536363, -0.002831, 0.442825, -0.448945, -0.776115, -1.2e-05, 0.0, 0.0, 0.0, 1.0],
                [0.893917, 0.333256, 0.299752, 0.124994, 0.110599, -0.812056, 0.573001, -0.002831, 0.434372, -0.479062, -0.762771, -1.2e-05, 0.0, 0.0, 0.0, 1.0],
                [0.893917, 0.333256, 0.299752, 0.124994, 0.110599, -0.812056, 0.573001, -0.002831, 0.434372, -0.479062, -0.762771, -1.2e-05, 0.0, 0.0, 0.0, 1.0],
                [0.893917, 0.333256, 0.299752, 0.124994, 0.110599, -0.812056, 0.573001, -0.002831, 0.434372, -0.479062, -0.762771, -1.2e-05, 0.0, 0.0, 0.0, 1.0],
                [0.604667, 0.783897, 0.140997, 0.124994, 0.757375, -0.620685, 0.202809, -0.002831, 0.246496, -0.015844, -0.969014, -1.2e-05, 0.0, 0.0, 0.0, 1.0],
                [0.785369, 0.613475, 0.082719, 0.124994, 0.618735, -0.782064, -0.074429, -0.002831, 0.019031, 0.109636, -0.99379, -1.2e-05, 0.0, 0.0, 0.0, 1.0],
                [0.764656, 0.640107, 0.074578, 0.124994, 0.643529, -0.752301, -0.141103, -0.002831, -0.034217, 0.155888, -0.987182, -1.2e-05, 0.0, 0.0, 0.0, 1.0],
                [0.992811, 0.11785, -0.020883, 0.124994, 0.118536, -0.992318, 0.035348, -0.002831, -0.016557, -0.037569, -0.999157, -1.2e-05, 0.0, 0.0, 0.0, 1.0]
            ]
        },
        {
            "name": "Leg_R",
            "time": [0.0, 0.5833, 0.9667, 1.05, 1.2167, 1.3333, 1.7667, 2.0667],
            "transform": [
                [1.0, -0.0, 1e-06, -0.0, 0.0, 0.997612, 0.069073, 0.37472, -1e-06, -0.069073, 0.997611, -0.0, 0.0, 0.0, 0.0, 1.0],
                [1.0, -0.0, 1e-06, -0.0, 0.0, 0.997612, 0.069073, 0.37472, -1e-06, -0.069073, 0.997611, 0.0, 0.0, 0.0, 0.0, 1.0],
                [1.0, -0.0, 1e-06, -0.0, 0.0, 0.997612, 0.069073, 0.37472, -1e-06, -0.069073, 0.997611, 0.0, 0.0, 0.0, 0.0, 1.0],
                [1.0, -0.0, 1e-06, -0.0, 0.0, 0.997612, 0.069073, 0.37472, -1e-06, -0.069073, 0.997611, 0.0, 0.0, 0.0, 0.0, 1.0],
                [1.0, -1e-06, 0.0, -0.0, 0.0, 0.575812, 0.817582, 0.37472, -1e-06, -0.817584, 0.575811, 0.0, 0.0, 0.0, 0.0, 1.0],
                [1.0, -0.0, 1e-06, 0.0, -0.0, 0.918637, 0.395104, 0.37472, -1e-06, -0.395104, 0.918635, 0.0, 0.0, 0.0, 0.0, 1.0],
                [1.0, -0.0, 1e-06, 0.0, 0.0, 0.934469, 0.356045, 0.37472, -1e-06, -0.356045, 0.934468, -0.0, 0.0, 0.0, 0.0, 1.0],
                [1.0, -0.0, 1e-06, 0.0, 0.0, 0.997612, 0.069073, 0.37472, -1e-06, -0.069073, 0.997611, 0.0, 0.0, 0.0, 0.0, 1.0]
            ]
        },
        {
            "name": "Knee_R",
            "time": [0.0, 0.5833, 0.9667, 1.05, 1.3333, 1.7667, 2.0667],
            "transform": [
                [1.0, 0.0, -0.0, -0.0, -0.0, 1e-06, -1.0, 0.37472, -0.0, 1.0, 1e-06, -0.0, 0.0, 0.0, 0.0, 1.0],
                [1.0, 0.0, -0.0, -0.0, -0.0, 1e-06, -1.0, 0.37472, -0.0, 1.0, 1e-06, 0.0, 0.0, 0.0, 0.0, 1.0],
                [1.0, 0.0, -0.0, -0.0, -0.0, 1e-06, -1.0, 0.37472, -0.0, 1.0, 1e-06, 0.0, 0.0, 0.0, 0.0, 1.0],
                [1.0, 0.0, -0.0, -0.0, -0.0, 1e-06, -1.0, 0.37472, -0.0, 1.0, 1e-06, 0.0, 0.0, 0.0, 0.0, 1.0],
                [1.0, 0.0, -0.0, 0.0, -0.0, 1e-06, -1.0, 0.37472, -0.0, 1.0, 1e-06, 0.0, 0.0, 0.0, 0.0, 1.0],
                [1.0, 0.0, -0.0, 0.0, -0.0, 1e-06, -1.0, 0.37472, -0.0, 1.0, 1e-06, -0.0, 0.0, 0.0, 0.0, 1.0],
                [1.0, 0.0, -0.0, 0.0, -0.0, 1e-06, -1.0, 0.37472, -0.0, 1.0, 1e-06, 0.0, 0.0, 0.0, 0.0, 1.0]
            ]
        },
        {
            "name": "Thigh_L",
            "time": [0.0, 0.2833, 0.5833, 0.9667, 1.05, 1.2167, 1.3333, 1.7667, 2.0667],
            "transform": [
                [0.869242, -0.05516, -0.491298, -0.125006, -0.021407, -0.997024, 0.074063, -0.002831, -0.493921, -0.053862, -0.867837, -1.2e-05, 0.0, 0.0, 0.0, 1.0],
                [0.697032, -0.319633, -0.641857, -0.125006, -0.331376, -0.937417, 0.106953, 0.035441, -0.635873, 0.138148, -0.759328, -1.2e-05, 0.0, 0.0, 0.0, 1.0],
                [0.660377, -0.472551, -0.583608, -0.125006, -0.515584, -0.850364, 0.105138, -0.002831, -0.545962, 0.231468, -0.8052, -1.2e-05, 0.0, 0.0, 0.0, 1.0],
                [0.660377, -0.472551, -0.583608, -0.125006, -0.515584, -0.850364, 0.105138, -0.002831, -0.545962, 0.231468, -0.8052, -1.2e-05, 0.0, 0.0, 0.0, 1.0],
                [0.660377, -0.472551, -0.583608, -0.125006, -0.515584, -0.850364, 0.105138, -0.002831, -0.545962, 0.231468, -0.8052, -1.2e-05, 0.0, 0.0, 0.0, 1.0],
                [0.840432, -0.456817, -0.291534, -0.125006, -0.046533, -0.596815, 0.801028, -0.002831, -0.539915, -0.659644, -0.52284, -1.2e-05, 0.0, 0.0, 0.0, 1.0],
                [0.66104, -0.668765, -0.340264, -0.125006, 0.004096, -0.45025, 0.892892, -0.002831, -0.750339, -0.591632, -0.294895, -1.2e-05, 0.0, 0.0, 0.0, 1.0],
                [0.61015, -0.705549, -0.360441, -0.125006, 0.009043, -0.448707, 0.893633, -0.002831, -0.792234, -0.54851, -0.267399, -1.2e-05, 0.0, 0.0, 0.0, 1.0],
                [0.869242, -0.05516, -0.491298, -0.125006, -0.021407, -0.997024, 0.074063, -0.002831, -0.493921, -0.053862, -0.867837, -1.2e-05, 0.0, 0.0, 0.0, 1.0]
            ]
        },
        {
            "name": "Leg_L",
            "time": [0.0, 0.2833, 0.5833, 0.9667, 1.05, 1.2167, 1.3333, 1.7667, 2.0667],
            "transform": [
                [0.999989, -0.003452, -0.00313, -0.0, 0.003782, 0.993653, 0.112423, 0.37472, 0.002722, -0.112434, 0.993656, 0.0, 0.0, 0.0, 0.0, 1.0],
                [0.999989, -0.002265, -0.004073, 0.0, 0.003782, 0.904987, 0.425422, 0.37472, 0.002722, -0.425433, 0.904986, -0.0, 0.0, 0.0, 0.0, 1.0],
                [0.999989, -0.002265, -0.004073, -0.0, 0.003782, 0.904987, 0.425422, 0.37472, 0.002722, -0.425433, 0.904986, -0.0, 0.0, 0.0, 0.0, 1.0],
                [0.999989, -0.002265, -0.004073, -0.0, 0.003782, 0.904987, 0.425422, 0.37472, 0.002722, -0.425433, 0.904986, -0.0, 0.0, 0.0, 0.0, 1.0],
                [0.999989, -0.002265, -0.004073, -0.0, 0.003782, 0.904987, 0.425422, 0.37472, 0.002722, -0.425433, 0.904986, -0.0, 0.0, 0.0, 0.0, 1.0],
                [0.999989, -0.000504, -0.004625, -0.0, 0.003771, 0.67015, 0.742216, 0.37472, 0.002726, -0.742225, 0.670145, -0.0, 0.0, 0.0, 0.0, 1.0],
                [0.999989, -0.001519, -0.004398, -0.0, 0.00377, 0.818443, 0.574576, 0.37472, 0.002727, -0.574585, 0.81844, -0.0, 0.0, 0.0, 0.0, 1.0],
                [0.999989, -0.001428, -0.004436, 0.0, 0.003782, 0.804814, 0.593515, 0.37472, 0.002722, -0.593525, 0.804811, 0.0, 0.0, 0.0, 0.0, 1.0],
                [0.999989, -0.003452, -0.00313, -0.0, 0.003782, 0.993653, 0.112423, 0.37472, 0.002722, -0.112434, 0.993656, -1e-06, 0.0, 0.0, 0.0, 1.0]
            ]
        },
        {
            "name": "Knee_L",
            "time": [0.0, 0.5833, 0.9667, 1.05, 1.3333, 1.7667, 2.0667],
            "transform": [
                [1.0, 0.0, -0.0, -0.0, -0.0, 1e-06, -1.0, 0.37472, -0.0, 1.0, 1e-06, 0.0, 0.0, 0.0, 0.0, 1.0],
                [1.0, 0.0, -0.0, -0.0, -0.0, 1e-06, -1.0, 0.37472, -0.0, 1.0, 1e-06, -0.0, 0.0, 0.0, 0.0, 1.0],
                [1.0, 0.0, -0.0, -0.0, -0.0, 1e-06, -1.0, 0.37472, -0.0, 1.0, 1e-06, -0.0, 0.0, 0.0, 0.0, 1.0],
                [1.0, 0.0, -0.0, -0.0, -0.0, 1e-06, -1.0, 0.37472, -0.0, 1.0, 1e-06, -0.0, 0.0, 0.0, 0.0, 1.0],
                [1.0, 0.0, -0.0, -0.0, -0.0, 1e-06, -1.0, 0.37472, -0.0, 1.0, 1e-06, -0.0, 0.0, 0.0, 0.0, 1.0],
                [1.0, 0.0, -0.0, 0.0, -0.0, 1e-06, -1.0, 0.37472, -0.0, 1.0, 1e-06, 0.0, 0.0, 0.0, 0.0, 1.0],
                [1.0, 0.0, -0.0, -0.0, -0.0, 1e-06, -1.0, 0.37472, -0.0, 1.0, 1e-06, -1e-06, 0.0, 0.0, 0.0, 1.0]
            ]
        },
        {
            "name": "Torso",
            "time": [0.0, 0.2833, 0.5833, 0.9667, 1.05, 1.3333, 1.7667, 2.0667],
            "transform": [
                [0.99978, -0.020971, -0.000197, -0.0, 0.020971, 0.999603, 0.018833, 0.05, -0.000198, -0.018833, 0.999823, 0.0, 0.0, 0.0, 0.0, 1.0],
                [0.980152, -0.020971, -0.197134, -0.0, 0.02427, 0.999603, 0.014333, 0.05, 0.196756, -0.018833, 0.980272, -0.0, 0.0, 0.0, 0.0, 1.0],
                [0.95702, -0.020971, 0.289261, -0.0, 0.014621, 0.999603, 0.024098, 0.05, -0.289652, -0.018833, 0.956947, -0.0, 0.0, 0.0, 0.0, 1.0],
                [0.95702, -0.020971, 0.289261, -0.0, 0.014621, 0.999603, 0.024098, 0.05, -0.289652, -0.018833, 0.956947, -0.0, 0.0, 0.0, 0.0, 1.0],
                [0.95702, -0.020971, 0.289261, -0.0, 0.014621, 0.999603, 0.024098, 0.05, -0.289652, -0.018833, 0.956947, -0.0, 0.0, 0.0, 0.0, 1.0],
                [0.953118, -0.020971, -0.301871, 0.0, 0.025677, 0.999603, 0.011627, 0.05, 0.301507, -0.018833, 0.953278, -0.0, 0.0, 0.0, 0.0, 1.0],
                [0.934952, -0.020971, -0.354154, -0.0, 0.026281, 0.999603, 0.010189, 0.05, 0.353799, -0.018833, 0.935132, -0.0, 0.0, 0.0, 0.0, 1.0],
                [0.99978, -0.020971, -0.000197, 0.0, 0.020971, 0.999603, 0.018833, 0.05, -0.000198, -0.018833, 0.999823, 0.0, 0.0, 0.0, 0.0, 1.0]
            ]
        },
        {
            "name": "Chest",
            "time": [0.0, 0.2833, 0.5833, 0.9667, 1.05, 1.2167, 1.3333, 1.7667, 2.0667],
            "transform": [
                [0.999771, -0.021316, -0.002029, 0.0, 0.021411, 0.994316, 0.104295, 0.3, -0.000206, -0.104315, 0.994544, 0.0, 0.0, 0.0, 0.0, 1.0],
                [0.863089, -0.220665, 0.454296, 0.0, -0.03436, 0.871764, 0.48872, 0.3, -0.503882, -0.437418, 0.744828, -0.0, 0.0, 0.0, 0.0, 1.0],
                [0.830316, -0.027276, 0.556625, -0.0, -0.295214, 0.825624, 0.480827, 0.3, -0.472678, -0.563561, 0.677476, -0.0, 0.0, 0.0, 0.0, 1.0],
                [0.830316, -0.027276, 0.556625, -0.0, -0.295214, 0.825624, 0.480827, 0.3, -0.472678, -0.563561, 0.677476, -0.0, 0.0, 0.0, 0.0, 1.0],
                [0.654362, -0.277574, 0.703394, -0.0, -0.411448, 0.649748, 0.639171, 0.3, -0.634446, -0.707659, 0.310963, -0.0, 0.0, 0.0, 0.0, 1.0],
                [0.991646, -0.102358, 0.078487, 0.0, 0.003505, 0.62965, 0.776871, 0.3, -0.128939, -0.770106, 0.624749, -0.0, 0.0, 0.0, 0.0, 1.0],
                [0.94111, -0.019239, -0.337553, -0.0, 0.124917, 0.947524, 0.294269, 0.3, 0.314178, -0.319105, 0.894128, 0.0, 0.0, 0.0, 0.0, 1.0],
                [0.901509, -0.020679, -0.432266, 0.0, 0.134162, 0.963, 0.233732, 0.3, 0.411439, -0.268705, 0.870928, -0.0, 0.0, 0.0, 0.0, 1.0],
                [0.999771, -0.021316, -0.002029, 0.0, 0.021411, 0.994316, 0.104295, 0.3, -0.000206, -0.104315, 0.994544, -0.0, 0.0, 0.0, 0.0, 1.0]
            ]
        },
        {
            "name": "Head",
            "time": [0.0, 0.2833, 0.5833, 0.9667, 1.05, 1.2167, 1.3333, 1.7667, 2.0667],
            "transform": [
                [0.853111, 0.037721, 0.520365, -0.0, -0.006297, 0.998055, -0.062025, 0.4, -0.521692, 0.049637, 0.851689, -0.0, 0.0, 0.0, 0.0, 1.0],
                [0.859629, 0.037721, -0.509525, 0.0, -0.057737, 0.998055, -0.023521, 0.4, 0.507646, 0.049637, 0.860135, -0.0, 0.0, 0.0, 0.0, 1.0],
                [0.859629, 0.037721, -0.509525, -0.0, -0.057737, 0.998055, -0.023521, 0.4, 0.507646, 0.049637, 0.860135, 0.0, 0.0, 0.0, 0.0, 1.0],
                [0.859629, 0.037721, -0.509525, -0.0, -0.057737, 0.998055, -0.023521, 0.4, 0.507646, 0.049637, 0.860135, 0.0, 0.0, 0.0, 0.0, 1.0],
                [0.447631, 0.037721, -0.893422, -0.0, -0.061286, 0.998055, 0.011432, 0.4, 0.892116, 0.049637, 0.449072, -0.0, 0.0, 0.0, 0.0, 1.0],
                [0.929659, 0.193047, 0.313794, 0.0, -0.018109, 0.874641, -0.484432, 0.4, -0.367976, 0.444674, 0.816614, 0.0, 0.0, 0.0, 0.0, 1.0],
                [0.281474, 0.038244, 0.958806, 0.0, 0.037046, 0.998027, -0.050684, 0.4, -0.958854, 0.049786, 0.279502, 0.0, 0.0, 0.0, 0.0, 1.0],
                [0.121445, 0.037721, 0.991881, -0.0, 0.044726, 0.998055, -0.043432, 0.4, -0.99159, 0.049637, 0.119522, 0.0, 0.0, 0.0, 0.0, 1.0],
                [0.853111, 0.037721, 0.520365, -0.0, -0.006297, 0.998055, -0.062025, 0.4, -0.521692, 0.049637, 0.851689, -0.0, 0.0, 0.0, 0.0, 1.0]
            ]
        },
        {
            "name": "Shoulder_R",
            "time": [0.0, 0.5833, 0.9667, 1.05, 1.3333, 1.7667, 2.0667],
            "transform": [
                [0.110305, 0.959352, 0.259762, -0.0, 0.091141, -0.270019, 0.958532, 0.4, 0.98971, -0.082056, -0.11722, -0.0, 0.0, 0.0, 0.0, 1.0],
                [-0.13163, 0.956659, 0.259762, -0.0, 0.1554, -0.238888, 0.958532, 0.4, 0.979042, 0.166539, -0.11722, 0.0, 0.0, 0.0, 0.0, 1.0],
                [-0.13163, 0.956659, 0.259762, -0.0, 0.1554, -0.238888, 0.958532, 0.4, 0.979042, 0.166539, -0.11722, 0.0, 0.0, 0.0, 0.0, 1.0],
                [-0.13163, 0.956659, 0.259762, -0.0, 0.1554, -0.238888, 0.958532, 0.4, 0.979042, 0.166539, -0.11722, -0.0, 0.0, 0.0, 0.0, 1.0],
                [0.089689, 0.961498, 0.259762, 0.0, 0.096915, -0.268, 0.958532, 0.4, 0.991243, -0.060795, -0.11722, 0.0, 0.0, 0.0, 0.0, 1.0],
                [0.110305, 0.959352, 0.259762, -0.0, 0.091141, -0.270019, 0.958532, 0.4, 0.98971, -0.082056, -0.11722, 0.0, 0.0, 0.0, 0.0, 1.0],
                [0.110305, 0.959352, 0.259762, -0.0, 0.091141, -0.270019, 0.958532, 0.4, 0.98971, -0.082056, -0.11722, -0.0, 0.0, 0.0, 0.0, 1.0]
            ]
        },
        {
            "name": "Arm_R",
            "time": [0.0, 0.2833, 0.5833, 0.9667, 1.05, 1.3333, 1.7667, 2.0667],
            "transform": [
                [0.043023, -0.059379, -0.997308, 0.0, 0.813119, 0.582097, 0.00042, 0.39386, 0.580505, -0.810948, 0.073326, 0.0, 0.0, 0.0, 0.0, 1.0],
                [0.061615, 0.030638, -0.99763, 0.0, 0.546959, 0.835047, 0.059425, 0.39386, 0.834889, -0.549324, 0.034694, 0.0, 0.0, 0.0, 0.0, 1.0],
                [0.415776, -0.324014, -0.849791, 0.0, 0.637143, 0.770537, 0.017938, 0.393861, 0.648983, -0.548896, 0.526814, 0.0, 0.0, 0.0, 0.0, 1.0],
                [0.415776, -0.324014, -0.849791, 0.0, 0.637143, 0.770537, 0.017938, 0.393861, 0.648983, -0.548896, 0.526814, 0.0, 0.0, 0.0, 0.0, 1.0],
                [0.472926, -0.232801, -0.849791, 0.0, 0.467338, 0.883897, 0.017938, 0.39386, 0.746951, -0.405623, 0.526814, 0.0, 0.0, 0.0, 0.0, 1.0],
                [0.076441, -0.077104, -0.994088, 0.0, 0.790161, 0.612757, 0.013233, 0.393861, 0.608114, -0.786501, 0.107764, -0.0, 0.0, 0.0, 0.0, 1.0],
                [0.043023, -0.059379, -0.997308, -0.0, 0.813119, 0.582097, 0.00042, 0.39386, 0.580505, -0.810948, 0.073326, -0.0, 0.0, 0.0, 0.0, 1.0],
                [0.043023, -0.059379, -0.997308, -0.0, 0.813119, 0.582097, 0.00042, 0.39386, 0.580505, -0.810948, 0.073326, 0.0, 0.0, 0.0, 0.0, 1.0]
            ]
        },
        {
            "name": "Hand_R",
            "time": [0.0, 0.5833, 0.9667, 1.05, 1.3333, 1.7667, 2.0667],
            "transform": [
                [0.999998, -0.000848, 0.001614, -0.0, 0.000868, 0.999919, -0.012686, 0.3, -0.001603, 0.012688, 0.999918, 0.0, 0.0, 0.0, 0.0, 1.0],
                [0.999998, 0.000673, 0.001695, 0.0, 0.000868, 0.641809, -0.766864, 0.3, -0.001603, 0.766865, 0.641807, 0.0, 0.0, 0.0, 0.0, 1.0],
                [0.999998, 0.000673, 0.001695, 0.0, 0.000868, 0.641809, -0.766864, 0.3, -0.001603, 0.766865, 0.641807, 0.0, 0.0, 0.0, 0.0, 1.0],
                [0.999998, 0.000672, 0.001695, -0.0, 0.000868, 0.641809, -0.766864, 0.3, -0.001603, 0.766864, 0.641807, -0.0, 0.0, 0.0, 0.0, 1.0],
                [0.999998, -0.000729, 0.001671, -0.0, 0.000868, 0.996415, -0.084595, 0.3, -0.001603, 0.084596, 0.996414, 0.0, 0.0, 0.0, 0.0, 1.0],
                [0.999998, -0.000848, 0.001614, 1e-06, 0.000868, 0.999919, -0.012686, 0.3, -0.001603, 0.012688, 0.999918, 0.0, 0.0, 0.0, 0.0, 1.0],
                [0.999998, -0.000848, 0.001614, -0.0, 0.000868, 0.999919, -0.012686, 0.3, -0.001603, 0.012688, 0.999918, 0.0, 0.0, 0.0, 0.0, 1.0]
            ]
        },
        {
            "name": "Tool_R",
            "time": [0.0, 0.5833, 0.9667, 1.05, 1.3333, 1.7667, 2.0667],
            "transform": [
                [0.993314, -0.054493, -0.101777, 0.010704, -0.088154, -0.927265, -0.363881, 0.330594, -0.074502, 0.37019, -0.925324, 0.180402, 0.0, 0.0, 0.0, 1.0],
                [0.993316, -0.091487, -0.070387, -0.000481, -0.088134, -0.994885, 0.049356, 0.208961, -0.074499, -0.042808, -0.995707, 0.175168, 0.0, 0.0, 0.0, 1.0],
                [0.993316, -0.091487, -0.070387, -0.000481, -0.088134, -0.994885, 0.049356, 0.208961, -0.074499, -0.042808, -0.995707, 0.175168, 0.0, 0.0, 0.0, 1.0],
                [0.993316, -0.091487, -0.070387, -0.000481, -0.088134, -0.994885, 0.049356, 0.208961, -0.074499, -0.042808, -0.995708, 0.175168, 0.0, 0.0, 0.0, 1.0],
                [0.993314, -0.058125, -0.099746, 0.009747, -0.088152, -0.939779, -0.330219, 0.32018, -0.074502, 0.336595, -0.938067, 0.179954, 0.0, 0.0, 0.0, 1.0],
                [0.993314, -0.054493, -0.101777, 0.010704, -0.088154, -0.927265, -0.363881, 0.330594, -0.074502, 0.37019, -0.925324, 0.180402, 0.0, 0.0, 0.0, 1.0],
                [0.993314, -0.054493, -0.101777, 0.010704, -0.088154, -0.927265, -0.363881, 0.330594, -0.074502, 0.37019, -0.925324, 0.180402, 0.0, 0.0, 0.0, 1.0]
            ]
        },
        {
            "name": "Elbow_R",
            "time": [0.0, 0.5833, 0.9667, 1.05, 1.3333, 1.7667, 2.0667],
            "transform": [
                [-1.0, 0.0, -0.0, -0.0, 0.0, 0.0, -1.0, 0.429832, -0.0, -1.0, 0.0, 0.0, 0.0, 0.0, 0.0, 1.0],
                [-1.0, 0.0, -0.0, -0.0, 0.0, -0.0, -1.0, 0.299156, -0.0, -1.0, 0.0, 0.0, 0.0, 0.0, 0.0, 1.0],
                [-1.0, 0.0, -0.0, -0.0, 0.0, -0.0, -1.0, 0.299156, -0.0, -1.0, 0.0, 0.0, 0.0, 0.0, 0.0, 1.0],
                [-1.0, 0.0, 0.0, -0.0, 0.0, -0.0, -1.0, 0.299156, -0.0, -1.0, 0.0, 0.0, 0.0, 0.0, 0.0, 1.0],
                [-1.0, 0.0, 0.0, 0.0, -0.0, 0.0, -1.0, 0.418645, -0.0, -1.0, 0.0, 0.0, 0.0, 0.0, 0.0, 1.0],
                [-1.0, 0.0, -0.0, 1e-06, -0.0, -0.0, -1.0, 0.429832, -0.0, -1.0, 0.0, 0.0, 0.0, 0.0, 0.0, 1.0],
                [-1.0, 0.0, -0.0, -0.0, 0.0, 0.0, -1.0, 0.429832, -0.0, -1.0, 0.0, -0.0, 0.0, 0.0, 0.0, 1.0]
            ]
        },
        {
            "name": "Shoulder_L",
            "time": [0.0, 0.2833, 0.5833, 0.9667, 1.05, 1.3333, 1.7667, 2.0667],
            "transform": [
                [-0.226937, -0.879834, -0.417602, -0.0, -0.021067, -0.424255, 0.905298, 0.4, -0.973681, 0.214243, 0.077744, -0.0, 0.0, 0.0, 0.0, 1.0],
                [0.375636, -0.827349, -0.417602, 0.0, 0.249915, -0.34348, 0.905298, 0.4, -0.892435, -0.444428, 0.077744, -0.0, 0.0, 0.0, 0.0, 1.0],
                [0.375636, -0.827349, -0.417602, -0.0, 0.249915, -0.34348, 0.905298, 0.4, -0.892435, -0.444428, 0.077744, 0.0, 0.0, 0.0, 0.0, 1.0],
                [0.375636, -0.827349, -0.417602, -0.0, 0.249915, -0.34348, 0.905298, 0.4, -0.892435, -0.444428, 0.077744, 0.0, 0.0, 0.0, 0.0, 1.0],
                [0.375636, -0.827349, -0.417602, -0.0, 0.249915, -0.343479, 0.905298, 0.4, -0.892435, -0.444428, 0.077744, -0.0, 0.0, 0.0, 0.0, 1.0],
                [-0.176218, -0.891378, -0.417602, 0.0, 0.003245, -0.424765, 0.905298, 0.4, -0.984346, 0.158175, 0.077744, 0.0, 0.0, 0.0, 0.0, 1.0],
                [-0.226937, -0.879834, -0.417602, -0.0, -0.021067, -0.424255, 0.905298, 0.4, -0.973681, 0.214243, 0.077744, 0.0, 0.0, 0.0, 0.0, 1.0],
                [-0.226937, -0.879834, -0.417602, -0.0, -0.021067, -0.424255, 0.905298, 0.4, -0.973681, 0.214243, 0.077744, -0.0, 0.0, 0.0, 0.0, 1.0]
            ]
        },
        {
            "name": "Arm_L",
            "time": [0.0, 0.2833, 0.5833, 0.9667, 1.05, 1.2167, 1.3333, 1.7667, 2.0667],
            "transform": [
                [0.036604, 0.052076, 0.997972, 0.0, -0.871994, 0.489475, 0.006442, 0.39386, -0.488147, -0.870461, 0.063327, -0.0, 0.0, 0.0, 0.0, 1.0],
                [-0.908732, -0.386609, -0.157288, -0.0, -0.414029, 0.882635, 0.222565, 0.39386, 0.052782, 0.267373, -0.962146, 0.0, 0.0, 0.0, 0.0, 1.0],
                [0.077208, -0.969988, -0.23057, -0.0, -0.245916, 0.205588, -0.947238, 0.39386, 0.966211, 0.129835, -0.222662, 0.0, 0.0, 0.0, 0.0, 1.0],
                [0.077208, -0.969988, -0.23057, -0.0, -0.245916, 0.205588, -0.947238, 0.39386, 0.966211, 0.129835, -0.222662, 0.0, 0.0, 0.0, 0.0, 1.0],
                [0.077208, -0.980402, -0.181247, -0.0, -0.245916, 0.157447, -0.956418, 0.39386, 0.966211, 0.118415, -0.22894, -0.0, 0.0, 0.0, 0.0, 1.0],
                [-0.727879, -0.65608, -0.199379, 0.0, -0.671439, 0.740945, 0.013074, 0.39386, 0.139151, 0.143387, -0.979835, 0.0, 0.0, 0.0, 0.0, 1.0],
                [-5.5e-05, 0.966545, 0.256495, 0.0, 0.141376, 0.253927, -0.956835, 0.393861, -0.989956, 0.036209, -0.13666, 0.0, 0.0, 0.0, 0.0, 1.0],
                [0.063216, 0.972581, 0.223808, -0.0, 0.01624, 0.223225, -0.974632, 0.393861, -0.997868, 0.065247, -0.001683, -0.0, 0.0, 0.0, 0.0, 1.0],
                [0.036604, 0.052076, 0.997972, -0.0, -0.871994, 0.489475, 0.006442, 0.39386, -0.488147, -0.870461, 0.063327, 0.0, 0.0, 0.0, 0.0, 1.0]
            ]
        },
        {
            "name": "Hand_L",
            "time": [0.0, 0.2833, 0.5833, 0.9667, 1.05, 1.2167, 1.3333, 1.7667, 2.0667],
            "transform": [
                [0.999993, -0.001541, -0.00347, -0.0, 0.000938, 0.985901, -0.167329, 0.3, 0.003679, 0.167324, 0.985895, 0.0, 0.0, 0.0, 0.0, 1.0],
                [0.999993, -0.002419, -0.002927, -0.0, 0.000938, 0.904309, -0.426878, 0.3, 0.003679, 0.426872, 0.904305, 0.0, 0.0, 0.0, 0.0, 1.0],
                [0.999993, -0.003761, -0.000522, -0.0, 0.000938, 0.378, -0.925805, 0.3, 0.003679, 0.925798, 0.378001, 0.0, 0.0, 0.0, 0.0, 1.0],
                [0.999993, -0.003761, -0.000522, -0.0, 0.000938, 0.378, -0.925805, 0.3, 0.003679, 0.925798, 0.378001, 0.0, 0.0, 0.0, 0.0, 1.0],
                [0.999993, -0.003747, 0.00061, 0.0, 0.000938, 0.088119, -0.99611, 0.3, 0.003679, 0.996103, 0.088122, -0.0, 0.0, 0.0, 0.0, 1.0],
                [0.999993, -0.001018, -0.003658, -0.0, 0.000938, 0.999764, -0.021707, 0.3, 0.003679, 0.021703, 0.999758, 0.0, 0.0, 0.0, 0.0, 1.0],
                [0.999993, -0.002965, -0.002372, 0.0, 0.000938, 0.798331, -0.602219, 0.3, 0.003679, 0.602212, 0.798328, 0.0, 0.0, 0.0, 0.0, 1.0],
                [0.999993, -0.003098, -0.002196, 0.0, 0.000938, 0.761956, -0.647629, 0.3, 0.003679, 0.647622, 0.761953, 0.0, 0.0, 0.0, 0.0, 1.0],
                [0.999993, -0.001541, -0.00347, 0.0, 0.000938, 0.985901, -0.167329, 0.3, 0.003679, 0.167324, 0.985895, -0.0, 0.0, 0.0, 0.0, 1.0]
            ]
        },
        {
            "name": "Tool_L",
            "time": [0.0, 0.5833, 0.9667, 1.05, 1.3333, 1.7667, 2.0667],
            "transform": [
                [0.997004, 0.01104, -0.076554, -0.0, -0.036659, -0.804079, -0.593391, 0.272858, -0.068067, 0.594062, -0.8008, -0.0, 0.0, 0.0, 0.0, 1.0],
                [0.997004, 0.01104, -0.076554, 0.0, -0.036659, -0.804079, -0.593391, 0.272858, -0.068067, 0.594062, -0.8008, -0.0, 0.0, 0.0, 0.0, 1.0],
                [0.997004, 0.01104, -0.076554, 0.0, -0.036659, -0.804079, -0.593391, 0.272858, -0.068067, 0.594062, -0.8008, -0.0, 0.0, 0.0, 0.0, 1.0],
                [0.997004, 0.01104, -0.076554, 0.0, -0.036659, -0.804079, -0.593391, 0.272858, -0.068067, 0.594062, -0.8008, -0.0, 0.0, 0.0, 0.0, 1.0],
                [0.997004, 0.01104, -0.076554, 0.0, -0.036659, -0.804079, -0.593391, 0.272858, -0.068067, 0.594062, -0.8008, -0.0, 0.0, 0.0, 0.0, 1.0],
                [0.997004, 0.01104, -0.076554, 0.0, -0.036659, -0.804079, -0.593391, 0.272858, -0.068067, 0.594062, -0.8008, -0.0, 0.0, 0.0, 0.0, 1.0],
                [0.997004, 0.01104, -0.076554, 0.0, -0.036659, -0.804079, -0.593391, 0.272858, -0.068067, 0.594062, -0.8008, -0.0, 0.0, 0.0, 0.0, 1.0]
            ]
        },
        {
            "name": "Elbow_L",
            "time": [0.0, 0.4, 0.5833, 0.9667, 1.05, 1.3333, 1.7667, 2.0667],
            "transform": [
                [-1.0, 0.0, -0.0, 2.7e-05, 0.0, -0.0, -1.0, 0.396148, -0.0, -1.0, -0.0, -0.002121, 0.0, 0.0, 0.0, 1.0],
                [-1.0, 0.0, -0.0, 2.7e-05, 0.0, -0.222877, -0.974847, 0.396148, -0.0, -0.974847, 0.222877, -0.002121, 0.0, 0.0, 0.0, 1.0],
                [-1.0, 0.0, -0.0, 2.7e-05, 0.0, -0.0, -1.0, 0.396147, -0.0, -1.0, 0.0, -0.002121, 0.0, 0.0, 0.0, 1.0],
                [-1.0, 0.0, -0.0, 2.7e-05, 0.0, -0.0, -1.0, 0.396147, -0.0, -1.0, 0.0, -0.002121, 0.0, 0.0, 0.0, 1.0],
                [-1.0, 0.0, -0.0, 2.7e-05, 0.0, -0.0, -1.0, 0.396148, -0.0, -1.0, -0.0, -0.002121, 0.0, 0.0, 0.0, 1.0],
                [-1.0, 0.0, 0.0, 2.7e-05, 0.0, -0.0, -1.0, 0.396148, -0.0, -1.0, 0.0, -0.00212, 0.0, 0.0, 0.0, 1.0],
                [-1.0, 0.0, -0.0, 2.7e-05, 0.0, -0.0, -1.0, 0.396148, -0.0, -1.0, -0.0, -0.00212, 0.0, 0.0, 0.0, 1.0],
                [-1.0, 0.0, -0.0, 2.7e-05, 0.0, -0.0, -1.0, 0.396148, -0.0, -1.0, -0.0, -0.002121, 0.0, 0.0, 0.0, 1.0]
            ]
        }
    ]
}