{
    "animation": [
        {
            "name": "Root",
            "time": [0.0, 0.1],
            "transform": [
                [0.454056, 0.0, -0.890973, -5e-06, -0.890973, 0.0, -0.454056, -0.358035, 0.0, 1.0, 0.0, 0.743765, 0.0, 0.0, 0.0, 1.0],
                [0.576454, 0.0, -0.81713, -5e-06, -0.81713, 0.0, -0.576454, -0.358035, 0.0, 1.0, 0.0, 0.743765, 0.0, 0.0, 0.0, 1.0]
            ]
        },
        {
            "name": "Thigh_R",
            "time": [0.0, 0.1],
            "transform": [
                [0.973929, 0.224277, -0.034076, 0.124994, 0.220193, -0.970742, -0.095767, -0.002831, -0.054558, 0.085767, -0.994821, -1.2e-05, 0.0, 0.0, 0.0, 1.0],
                [0.973929, 0.224277, -0.034076, 0.124994, 0.220193, -0.970742, -0.095767, -0.002831, -0.054558, 0.085767, -0.994821, -1.2e-05, 0.0, 0.0, 0.0, 1.0]
            ]
        },
        {
            "name": "Leg_R",
            "time": [0.0, 0.1],
            "transform": [
                [1.0, -0.0, 1e-06, 0.0, 0.0, 0.942922, 0.333015, 0.37472, -1e-06, -0.333015, 0.942921, 0.0, 0.0, 0.0, 0.0, 1.0],
                [1.0, -0.0, 1e-06, -0.0, 0.0, 0.942922, 0.333015, 0.37472, -1e-06, -0.333015, 0.942921, -0.0, 0.0, 0.0, 0.0, 1.0]
            ]
        },
        {
            "name": "Knee_R",
            "time": [0.0, 0.1],
            "transform": [
                [1.0, 0.0, -0.0, 0.0, -0.0, 1e-06, -1.0, 0.37472, -0.0, 1.0, 1e-06, 0.0, 0.0, 0.0, 0.0, 1.0],
                [1.0, -0.0, -0.0, -0.0, -0.0, 1e-06, -1.0, 0.37472, -0.0, 1.0, 1e-06, -0.0, 0.0, 0.0, 0.0, 1.0]
            ]
        },
        {
            "name": "Thigh_L",
            "time": [0.0, 0.1],
            "transform": [
                [0.592978, -0.35556, -0.722463, -0.125006, 0.01069, -0.893672, 0.448594, -0.002831, -0.805147, -0.27373, -0.526127, -1.2e-05, 0.0, 0.0, 0.0, 1.0],
                [0.592978, -0.35556, -0.722463, -0.125006, 0.01069, -0.893672, 0.448594, -0.002831, -0.805147, -0.27373, -0.526127, -1.2e-05, 0.0, 0.0, 0.0, 1.0]
            ]
        },
        {
            "name": "Leg_L",
            "time": [0.0, 0.1],
            "transform": [
                [0.999989, -0.002343, -0.004028, 0.0, 0.003782, 0.913028, 0.407879, 0.37472, 0.002722, -0.407889, 0.913028, -0.0, 0.0, 0.0, 0.0, 1.0],
                [0.999989, -0.002343, -0.004028, -0.0, 0.003782, 0.913028, 0.407879, 0.37472, 0.002722, -0.407889, 0.913028, 0.0, 0.0, 0.0, 0.0, 1.0]
            ]
        },
        {
            "name": "Knee_L",
            "time": [0.0, 0.1],
            "transform": [
                [1.0, 0.0, -0.0, 0.0, -0.0, 1e-06, -1.0, 0.37472, -0.0, 1.0, 1e-06, -0.0, 0.0, 0.0, 0.0, 1.0],
                [1.0, 0.0, -0.0, -0.0, -0.0, 1e-06, -1.0, 0.37472, -0.0, 1.0, 1e-06, 0.0, 0.0, 0.0, 0.0, 1.0]
            ]
        },
        {
            "name": "Torso",
            "time": [0.0, 0.1],
            "transform": [
                [0.99978, -0.020971, -0.000197, -0.0, 0.020971, 0.999603, 0.018833, 0.05, -0.000198, -0.018833, 0.999823, 0.0, 0.0, 0.0, 0.0, 1.0],
                [0.99978, -0.020971, -0.000197, -0.0, 0.020971, 0.999603, 0.018833, 0.05, -0.000198, -0.018833, 0.999823, 0.0, 0.0, 0.0, 0.0, 1.0]
            ]
        },
        {
            "name": "Chest",
            "time": [0.0, 0.1],
            "transform": [
                [0.991422, -0.096013, 0.088677, -0.0, 0.081114, 0.984014, 0.158546, 0.3, -0.102482, -0.149993, 0.983361, 0.0, 0.0, 0.0, 0.0, 1.0],
                [0.993182, -0.021316, -0.114605, -0.0, 0.03302, 0.994316, 0.101221, 0.3, 0.111796, -0.104315, 0.988241, -0.0, 0.0, 0.0, 0.0, 1.0]
            ]
        },
        {
            "name": "Head",
            "time": [0.0, 0.1],
            "transform": [
                [0.85311, -0.009299, 0.521647, -0.0, -0.006297, 0.999585, 0.028118, 0.4, -0.521692, -0.027272, 0.852698, -0.0, 0.0, 0.0, 0.0, 1.0],
                [0.85311, 0.037721, 0.520365, -0.0, -0.006297, 0.998055, -0.062025, 0.4, -0.521692, 0.049637, 0.851689, -0.0, 0.0, 0.0, 0.0, 1.0]
            ]
        },
        {
            "name": "Shoulder_R",
            "time": [0.0, 0.1],
            "transform": [
                [-0.159653, 0.952384, 0.259762, -0.0, 0.162345, -0.234224, 0.958532, 0.4, 0.973732, 0.195203, -0.11722, -0.0, 0.0, 0.0, 0.0, 1.0],
                [-0.159653, 0.952384, 0.259762, -0.0, 0.162345, -0.234224, 0.958532, 0.4, 0.973732, 0.195203, -0.11722, -0.0, 0.0, 0.0, 0.0, 1.0]
            ]
        },
        {
            "name": "Arm_R",
            "time": [0.0, 0.1],
            "transform": [
                [-0.115701, -0.884972, -0.451041, 0.0, -0.108481, 0.462633, -0.879888, 0.393861, 0.987342, -0.052875, -0.14953, 0.0, 0.0, 0.0, 0.0, 1.0],
                [-0.19979, -0.884972, -0.420605, 0.0, -0.274683, 0.462633, -0.842924, 0.393861, 0.940549, -0.052874, -0.335516, 0.0, 0.0, 0.0, 0.0, 1.0]
            ]
        },
        {
            "name": "Hand_R",
            "time": [0.0, 0.1],
            "transform": [
                [0.999998, 0.001622, 0.000833, 0.0, 0.000868, -0.021756, -0.999763, 0.3, -0.001603, 0.999762, -0.021757, -0.0, 0.0, 0.0, 0.0, 1.0],
                [0.999998, 0.001622, 0.000833, 0.0, 0.000868, -0.021756, -0.999763, 0.3, -0.001603, 0.999762, -0.021757, -0.0, 0.0, 0.0, 0.0, 1.0]
            ]
        },
        {
            "name": "Tool_R",
            "time": [0.0, 0.1],
            "transform": [
                [0.993307, 0.058649, -0.099504, 0.004096, -0.088229, -0.1707, -0.981365, 0.349829, -0.074498, 0.982992, -0.164297, 0.069638, 0.0, 0.0, 0.0, 1.0],
                [0.993307, 0.058649, -0.099504, 0.004096, -0.088229, -0.1707, -0.981365, 0.349829, -0.074498, 0.982992, -0.164297, 0.069638, 0.0, 0.0, 0.0, 1.0]
            ]
        },
        {
            "name": "Elbow_R",
            "time": [0.0, 0.1],
            "transform": [
                [-1.0, 0.0, -0.0, -0.0, 0.0, -0.0, -1.0, 0.429832, -0.0, -1.0, 0.0, -0.0, 0.0, 0.0, 0.0, 1.0],
                [-1.0, 0.0, -0.0, 0.0, 0.0, -0.0, -1.0, 0.429832, -0.0, -1.0, 0.0, -0.0, 0.0, 0.0, 0.0, 1.0]
            ]
        },
        {
            "name": "Shoulder_L",
            "time": [0.0, 0.1],
            "transform": [
                [-0.226937, -0.879834, -0.417602, -0.0, -0.021067, -0.424255, 0.905298, 0.4, -0.973681, 0.214243, 0.077744, -0.0, 0.0, 0.0, 0.0, 1.0],
                [-0.226937, -0.879834, -0.417602, -0.0, -0.021067, -0.424255, 0.905298, 0.4, -0.973681, 0.214243, 0.077744, -0.0, 0.0, 0.0, 0.0, 1.0]
            ]
        },
        {
            "name": "Arm_L",
            "time": [0.0, 0.1],
            "transform": [
                [0.055437, 0.890657, 0.451282, -0.0, -0.203778, 0.452557, -0.86814, 0.39386, -0.977446, -0.043834, 0.206585, 0.0, 0.0, 0.0, 0.0, 1.0],
                [-0.160316, 0.728879, 0.665608, 0.0, -0.36571, 0.582478, -0.725931, 0.39386, -0.916818, -0.359798, 0.173178, -0.0, 0.0, 0.0, 0.0, 1.0]
            ]
        },
        {
            "name": "Hand_L",
            "time": [0.0, 0.1],
            "transform": [
                [0.999993, -0.003708, -0.000818, -0.0, 0.000938, 0.450059, -0.892999, 0.3, 0.003679, 0.892991, 0.45006, -0.0, 0.0, 0.0, 0.0, 1.0],
                [0.999993, -0.003708, -0.000818, -0.0, 0.000938, 0.450059, -0.892998, 0.3, 0.003679, 0.892991, 0.45006, -0.0, 0.0, 0.0, 0.0, 1.0]
            ]
        },
        {
            "name": "Tool_L",
            "time": [0.0, 0.1],
            "transform": [
                [0.997004, 0.01104, -0.076554, 0.0, -0.036659, -0.804079, -0.593391, 0.272858, -0.068067, 0.594062, -0.8008, -0.0, 0.0, 0.0, 0.0, 1.0],
                [0.997004, 0.01104, -0.076554, -0.0, -0.036659, -0.804079, -0.593391, 0.272858, -0.068067, 0.594062, -0.8008, -0.0, 0.0, 0.0, 0.0, 1.0]
            ]
        },
        {
            "name": "Elbow_L",
            "time": [0.0, 0.1],
            "transform": [
                [-1.0, 0.0, -0.0, 2.7e-05, 0.0, -0.0, -1.0, 0.396148, -0.0, -1.0, -0.0, -0.002121, 0.0, 0.0, 0.0, 1.0],
                [-1.0, 0.0, -0.0, 2.7e-05, 0.0, -0.0, -1.0, 0.396148, -0.0, -1.0, -0.0, -0.002121, 0.0, 0.0, 0.0, 1.0]
            ]
        }
    ]
}