{
    "animation": [
        {
            "name": "Root",
            "time": [0.0, 0.25, 0.3833, 0.5833, 1.0333],
            "transform": [
                [1.0, 0.0, 0.0, -5e-06, 0.0, 0.0, -1.0, 0.000946, 0.0, 1.0, 0.0, 0.722945, 0.0, 0.0, 0.0, 1.0],
                [0.872609, -0.403666, -0.274969, -5e-06, -0.280142, 0.047515, -0.958782, 0.000946, 0.400093, 0.913672, -0.071622, 1.066968, 0.0, 0.0, 0.0, 1.0],
                [0.817551, -0.441708, -0.369465, -5e-06, -0.321544, 0.182103, -0.929219, 0.000946, 0.477724, 0.878483, 0.00685, 1.077704, 0.0, 0.0, 0.0, 1.0],
                [0.910684, -0.126523, 0.393252, -5e-06, 0.411881, 0.351286, -0.840805, 0.000946, -0.031763, 0.92768, 0.372022, 1.131344, 0.0, 0.0, 0.0, 1.0],
                [0.910684, -0.126523, 0.393252, 0.065778, 0.411881, 0.351286, -0.840805, 0.008059, -0.031763, 0.92768, 0.372022, 0.696361, 0.0, 0.0, 0.0, 1.0]
            ]
        },
        {
            "name": "Thigh_R",
            "time": [0.0, 0.25, 0.3833, 0.5833, 0.7167, 1.0333],
            "transform": [
                [0.973736, 0.161835, 0.160144, 0.124994, 0.051884, -0.8426, 0.536031, -0.002831, 0.221686, -0.513643, -0.82887, -1.2e-05, 0.0, 0.0, 0.0, 1.0],
                [0.973736, 0.172888, 0.148143, 0.124994, 0.051884, -0.80205, 0.594997, -0.002831, 0.221686, -0.571682, -0.789958, -1.2e-05, 0.0, 0.0, 0.0, 1.0],
                [0.973736, 0.172888, 0.148143, 0.124994, 0.051884, -0.80205, 0.594997, -0.002831, 0.221686, -0.571682, -0.789958, -1.2e-05, 0.0, 0.0, 0.0, 1.0],
                [0.973736, 0.215836, 0.072465, 0.124994, 0.051884, -0.520263, 0.852428, -0.002831, 0.221686, -0.826278, -0.5178, -1.2e-05, 0.0, 0.0, 0.0, 1.0],
                [0.973736, 0.215836, 0.072465, 0.124994, 0.051884, -0.520263, 0.852428, -0.002831, 0.221686, -0.826278, -0.5178, -1.2e-05, 0.0, 0.0, 0.0, 1.0],
                [0.973736, 0.215836, 0.072465, 0.124994, 0.051884, -0.520263, 0.852428, -0.002831, 0.221686, -0.826278, -0.5178, -1.2e-05, 0.0, 0.0, 0.0, 1.0]
            ]
        },
        {
            "name": "Leg_R",
            "time": [0.0, 0.25, 0.3833, 0.5833, 0.7167, 1.0333],
            "transform": [
                [1.0, -0.0, 1e-06, -0.0, -0.0, 0.636969, 0.770889, 0.37472, -1e-06, -0.77089, 0.636968, 0.0, 0.0, 0.0, 0.0, 1.0],
                [1.0, -1e-06, 1e-06, -0.0, -0.0, 0.158345, 0.987383, 0.37472, -1e-06, -0.987385, 0.158344, 0.0, 0.0, 0.0, 0.0, 1.0],
                [1.0, -1e-06, 1e-06, 0.0, -0.0, 0.158345, 0.987383, 0.37472, -1e-06, -0.987385, 0.158344, 0.0, 0.0, 0.0, 0.0, 1.0],
                [1.0, -0.0, 1e-06, 0.0, -0.0, 0.898537, 0.438898, 0.37472, -1e-06, -0.438899, 0.898536, -0.0, 0.0, 0.0, 0.0, 1.0],
                [1.0, -0.0, 1e-06, 0.0, -0.0, 0.898537, 0.438898, 0.37472, -1e-06, -0.438899, 0.898536, 0.0, 0.0, 0.0, 0.0, 1.0],
                [1.0, -0.0, 1e-06, -0.0, -0.0, 0.898537, 0.438898, 0.37472, -1e-06, -0.438899, 0.898536, -0.0, 0.0, 0.0, 0.0, 1.0]
            ]
        },
        {
            "name": "Knee_R",
            "time": [0.0, 0.3833, 0.5833, 0.7167, 1.0333],
            "transform": [
                [1.0, 0.0, -0.0, -0.0, -0.0, 1e-06, -1.0, 0.383077, -0.0, 1.0, 1e-06, -0.001653, 0.0, 0.0, 0.0, 1.0],
                [1.0, 0.0, -0.0, 0.0, -0.0, 1e-06, -1.0, 0.383077, -0.0, 1.0, 1e-06, -0.001653, 0.0, 0.0, 0.0, 1.0],
                [1.0, 0.0, -0.0, 0.0, -0.0, 1e-06, -1.0, 0.383077, -0.0, 1.0, 1e-06, -0.001653, 0.0, 0.0, 0.0, 1.0],
                [1.0, 0.0, -0.0, 0.0, -0.0, 1e-06, -1.0, 0.383077, -0.0, 1.0, 1e-06, -0.001653, 0.0, 0.0, 0.0, 1.0],
                [1.0, 0.0, -0.0, -0.0, -0.0, 1e-06, -1.0, 0.383077, -0.0, 1.0, 1e-06, -0.001653, 0.0, 0.0, 0.0, 1.0]
            ]
        },
        {
            "name": "Thigh_L",
            "time": [0.0, 0.25, 0.3833, 0.5833, 0.7167, 1.0333],
            "transform": [
                [0.95515, -0.217961, -0.20045, -0.125006, -0.059939, -0.805215, 0.589945, -0.002831, -0.28999, -0.551472, -0.782166, -1.2e-05, 0.0, 0.0, 0.0, 1.0],
                [0.807933, -0.440802, -0.391072, -0.125006, -0.352026, -0.893259, 0.27958, -0.002831, -0.472568, -0.088214, -0.876868, -1.2e-05, 0.0, 0.0, 0.0, 1.0],
                [0.807933, -0.440802, -0.391072, -0.125006, -0.352026, -0.893259, 0.27958, -0.002831, -0.472568, -0.088214, -0.876868, -1.2e-05, 0.0, 0.0, 0.0, 1.0],
                [0.941485, -0.150217, 0.301727, -0.125006, -0.095372, -0.977338, -0.188983, -0.002831, 0.323278, 0.149149, -0.934476, -1.2e-05, 0.0, 0.0, 0.0, 1.0],
                [0.941485, -0.150217, 0.301727, -0.125006, -0.095372, -0.977338, -0.188983, -0.002831, 0.323278, 0.149149, -0.934476, -1.2e-05, 0.0, 0.0, 0.0, 1.0],
                [0.941485, -0.150217, 0.301727, -0.125006, -0.095372, -0.977338, -0.188983, -0.002831, 0.323278, 0.149149, -0.934476, -1.2e-05, 0.0, 0.0, 0.0, 1.0]
            ]
        },
        {
            "name": "Leg_L",
            "time": [0.0, 0.25, 0.3833, 0.5833, 0.7167, 1.0333],
            "transform": [
                [1.0, -1e-06, 1e-06, 0.0, -0.0, 0.645858, 0.763457, 0.37472, -1e-06, -0.763457, 0.645859, -0.0, 0.0, 0.0, 0.0, 1.0],
                [1.0, -0.0, 1e-06, 0.0, -0.0, 0.968399, 0.249405, 0.37472, -1e-06, -0.249405, 0.9684, 0.0, 0.0, 0.0, 0.0, 1.0],
                [1.0, -0.0, 1e-06, -0.0, -0.0, 0.968399, 0.249405, 0.37472, -1e-06, -0.249405, 0.9684, 0.0, 0.0, 0.0, 0.0, 1.0],
                [1.0, -0.0, 1e-06, -0.0, -0.0, 0.968399, 0.249405, 0.37472, -1e-06, -0.249405, 0.9684, -0.0, 0.0, 0.0, 0.0, 1.0],
                [1.0, -0.0, 1e-06, 0.0, -0.0, 0.968399, 0.249405, 0.37472, -1e-06, -0.249405, 0.9684, -0.0, 0.0, 0.0, 0.0, 1.0],
                [1.0, -0.0, 1e-06, 0.0, -0.0, 0.968399, 0.249405, 0.37472, -1e-06, -0.249405, 0.9684, -0.0, 0.0, 0.0, 0.0, 1.0]
            ]
        },
        {
            "name": "Knee_L",
            "time": [0.0, 0.3833, 0.5833, 0.7167, 1.0333],
            "transform": [
                [1.0, 0.0, -0.0, 0.0, -0.0, 1e-06, -1.0, 0.37472, -0.0, 1.0, 1e-06, -0.0, 0.0, 0.0, 0.0, 1.0],
                [1.0, 0.0, -0.0, -0.0, -0.0, 1e-06, -1.0, 0.37472, -0.0, 1.0, 1e-06, 0.0, 0.0, 0.0, 0.0, 1.0],
                [1.0, 0.0, -0.0, -0.0, -0.0, 1e-06, -1.0, 0.37472, -0.0, 1.0, 1e-06, -0.0, 0.0, 0.0, 0.0, 1.0],
                [1.0, 0.0, -0.0, 0.0, -0.0, 1e-06, -1.0, 0.37472, -0.0, 1.0, 1e-06, -0.0, 0.0, 0.0, 0.0, 1.0],
                [1.0, 0.0, -0.0, 0.0, -0.0, 1e-06, -1.0, 0.37472, -0.0, 1.0, 1e-06, -0.0, 0.0, 0.0, 0.0, 1.0]
            ]
        },
        {
            "name": "Torso",
            "time": [0.0, 0.25, 0.3833, 0.5833, 0.7167, 1.0333],
            "transform": [
                [0.996512, -0.012129, 0.08256, 0.0, 0.0, 0.98938, 0.145353, 0.05, -0.083446, -0.144846, 0.985929, 0.0, 0.0, 0.0, 0.0, 1.0],
                [0.999835, -0.012129, -0.013542, -0.0, 0.013962, 0.98938, 0.144681, 0.05, 0.011643, -0.144846, 0.989386, 0.0, 0.0, 0.0, 0.0, 1.0],
                [0.999835, -0.012129, -0.013542, 0.0, 0.013962, 0.98938, 0.144681, 0.05, 0.011643, -0.144846, 0.989386, -0.0, 0.0, 0.0, 0.0, 1.0],
                [0.999835, -0.012129, -0.013542, 0.0, 0.013962, 0.98938, 0.144681, 0.05, 0.011643, -0.144846, 0.989386, -0.0, 0.0, 0.0, 0.0, 1.0],
                [0.999835, -0.012129, -0.013542, -0.0, 0.013962, 0.98938, 0.144681, 0.05, 0.011643, -0.144846, 0.989386, 0.0, 0.0, 0.0, 0.0, 1.0],
                [0.999835, -0.012129, -0.013542, -0.0, 0.013962, 0.98938, 0.144681, 0.05, 0.011643, -0.144846, 0.989386, 0.0, 0.0, 0.0, 0.0, 1.0]
            ]
        },
        {
            "name": "Chest",
            "time": [0.0, 0.25, 0.3833, 0.5833, 0.7167, 1.0333],
            "transform": [
                [0.996909, 0.025113, -0.074447, 0.0, -0.0, 0.94754, 0.319637, 0.3, 0.078568, -0.318649, 0.944611, 0.0, 0.0, 0.0, 0.0, 1.0],
                [0.894614, 0.025113, -0.446134, 0.0, 0.120948, 0.94754, 0.295871, 0.3, 0.43016, -0.318649, 0.844645, 0.0, 0.0, 0.0, 0.0, 1.0],
                [0.861605, 0.025113, -0.506959, -0.0, 0.141128, 0.94754, 0.286794, 0.3, 0.487566, -0.318649, 0.812861, -0.0, 0.0, 0.0, 0.0, 1.0],
                [0.887592, 0.025113, 0.459945, -0.0, -0.167788, 0.94754, 0.272057, 0.3, -0.428984, -0.318649, 0.845243, -0.0, 0.0, 0.0, 0.0, 1.0],
                [0.887592, 0.025113, 0.459945, -0.0, -0.167788, 0.94754, 0.272057, 0.3, -0.428984, -0.318649, 0.845243, -0.0, 0.0, 0.0, 0.0, 1.0],
                [0.885105, 0.060053, 0.461502, -0.0, -0.246929, 0.901145, 0.35632, 0.3, -0.394482, -0.429339, 0.812436, -0.0, 0.0, 0.0, 0.0, 1.0]
            ]
        },
        {
            "name": "Head",
            "time": [0.0, 0.25, 0.3833, 0.5833, 0.7167, 1.0333],
            "transform": [
                [1.0, 0.0, 0.0, -0.0, -0.0, 0.999699, -0.024548, 0.4, -0.0, 0.024548, 0.999699, 0.0, 0.0, 0.0, 0.0, 1.0],
                [0.854803, 0.0, 0.518952, -0.0, 0.012739, 0.999699, -0.020984, 0.4, -0.518796, 0.024548, 0.854545, -0.0, 0.0, 0.0, 0.0, 1.0],
                [0.763911, -0.0, 0.645322, 0.0, 0.015841, 0.999699, -0.018752, 0.4, -0.645127, 0.024548, 0.76368, 0.0, 0.0, 0.0, 0.0, 1.0],
                [0.608351, -0.0, -0.793668, -0.0, -0.019483, 0.999699, -0.014934, 0.4, 0.793429, 0.024548, 0.608168, 0.0, 0.0, 0.0, 0.0, 1.0],
                [0.608351, -0.0, -0.793668, 0.0, -0.019483, 0.999699, -0.014934, 0.4, 0.793429, 0.024548, 0.608168, 0.0, 0.0, 0.0, 0.0, 1.0],
                [0.608351, -0.0, -0.793668, -0.0, -0.019483, 0.999699, -0.014934, 0.4, 0.793429, 0.024548, 0.608168, 0.0, 0.0, 0.0, 0.0, 1.0]
            ]
        },
        {
            "name": "Shoulder_R",
            "time": [0.0, 0.3833, 0.5833, 0.7167, 1.0333],
            "transform": [
                [-0.004613, 0.899921, 0.436029, -0.0, 0.000526, -0.436031, 0.899931, 0.4, 0.999989, 0.004381, 0.001538, 0.0, 0.0, 0.0, 0.0, 1.0],
                [-0.004613, 0.899921, 0.436029, 0.0, 0.000526, -0.436031, 0.899931, 0.4, 0.999989, 0.004381, 0.001538, 0.0, 0.0, 0.0, 0.0, 1.0],
                [-0.004613, 0.899921, 0.436029, -0.0, 0.000526, -0.436031, 0.899931, 0.4, 0.999989, 0.004381, 0.001538, 0.0, 0.0, 0.0, 0.0, 1.0],
                [-0.004613, 0.899921, 0.436029, 0.0, 0.000526, -0.436031, 0.899931, 0.4, 0.999989, 0.004381, 0.001538, 0.0, 0.0, 0.0, 0.0, 1.0],
                [-0.004613, 0.899921, 0.436029, -0.0, 0.000526, -0.436031, 0.899931, 0.4, 0.999989, 0.004381, 0.001538, 0.0, 0.0, 0.0, 0.0, 1.0]
            ]
        },
        {
            "name": "Arm_R",
            "time": [0.0, 0.25, 0.3833, 0.5833, 0.7167, 1.0333],
            "transform": [
                [0.142052, -0.192319, -0.970997, 0.0, 0.875938, 0.481307, 0.032816, 0.39386, 0.461036, -0.855194, 0.236831, 0.0, 0.0, 0.0, 0.0, 1.0],
                [0.235053, 0.043769, -0.970996, 0.0, -0.05031, 0.998194, 0.032816, 0.39386, 0.97068, 0.041138, 0.236831, 0.0, 0.0, 0.0, 0.0, 1.0],
                [0.235053, 0.137726, -0.962175, -0.0, -0.05031, 0.990307, 0.129462, 0.39386, 0.97068, 0.017977, 0.239704, 0.0, 0.0, 0.0, 0.0, 1.0],
                [0.119659, -0.703074, -0.700977, 0.0, -0.359098, 0.627598, -0.690774, 0.393861, 0.925597, 0.334377, -0.177375, -0.0, 0.0, 0.0, 0.0, 1.0],
                [0.119659, -0.703074, -0.700977, 0.0, -0.359098, 0.627598, -0.690774, 0.393861, 0.925597, 0.334377, -0.177375, -0.0, 0.0, 0.0, 0.0, 1.0],
                [0.119658, -0.703074, -0.700977, 0.0, -0.359098, 0.627598, -0.690774, 0.393861, 0.925597, 0.334377, -0.177375, -0.0, 0.0, 0.0, 0.0, 1.0]
            ]
        },
        {
            "name": "Hand_R",
            "time": [0.0, 0.25, 0.3833, 0.5833, 0.7167, 1.0333],
            "transform": [
                [1.0, -0.0, -0.0, 0.0, 0.0, 0.979752, -0.200215, 0.3, 0.0, 0.200215, 0.979752, 0.0, 0.0, 0.0, 0.0, 1.0],
                [1.0, -0.0, 0.0, 0.0, 0.0, 0.611353, -0.791358, 0.3, 0.0, 0.791358, 0.611353, -0.0, 0.0, 0.0, 0.0, 1.0],
                [1.0, -0.0, 0.0, -0.0, 0.0, 0.611353, -0.791358, 0.3, 0.0, 0.791358, 0.611353, 0.0, 0.0, 0.0, 0.0, 1.0],
                [1.0, -0.0, -0.0, 0.0, 0.0, 0.999957, -0.009275, 0.3, 0.0, 0.009275, 0.999957, -0.0, 0.0, 0.0, 0.0, 1.0],
                [1.0, -0.0, -0.0, -0.0, 0.0, 0.999957, -0.009275, 0.3, 0.0, 0.009275, 0.999957, -0.0, 0.0, 0.0, 0.0, 1.0],
                [1.0, -0.0, 0.0, 0.0, 0.0, 0.937701, -0.347443, 0.3, 0.0, 0.347443, 0.937701, -0.0, 0.0, 0.0, 0.0, 1.0]
            ]
        },
        {
            "name": "Tool_R",
            "time": [0.0, 0.3833, 0.5833, 0.7167, 1.0333],
            "transform": [
                [1.0, 0.0, 0.0, 0.0, 0.0, -0.999836, 0.018122, 0.272858, 0.0, -0.018122, -0.999244, 0.0, 0.0, 0.0, 0.0, 1.0],
                [1.0, 0.0, 0.0, -0.0, 0.0, -0.999836, 0.018122, 0.272858, 0.0, -0.018122, -0.999244, -0.0, 0.0, 0.0, 0.0, 1.0],
                [1.0, -0.0, 0.0, 0.0, 0.0, 0.071814, -0.997418, 0.272858, 0.0, 0.996828, 0.071761, -0.0, 0.0, 0.0, 0.0, 1.0],
                [1.0, -0.0, 0.0, 0.0, 0.0, 0.071814, -0.997418, 0.272858, 0.0, 0.996828, 0.071761, -0.0, 0.0, 0.0, 0.0, 1.0],
                [1.0, -0.0, 0.0, -0.0, -0.0, -0.21988, -0.975527, 0.272858, 0.0, 0.974947, -0.21976, 0.0, 0.0, 0.0, 0.0, 1.0]
            ]
        },
        {
            "name": "Elbow_R",
            "time": [0.0, 0.3833, 0.5833, 0.7167, 1.0333],
            "transform": [
                [-1.0, 0.0, 0.0, 0.0, 0.0, 0.36455, -0.931184, 0.3, -0.0, -0.931184, -0.36455, 0.0, 0.0, 0.0, 0.0, 1.0],
                [-1.0, 0.0, 0.0, -0.0, 0.0, 0.36455, -0.931184, 0.3, -0.0, -0.931184, -0.36455, 0.0, 0.0, 0.0, 0.0, 1.0],
                [-1.0, 0.0, 0.0, 0.0, 0.0, 0.36455, -0.931184, 0.3, -0.0, -0.931184, -0.36455, -0.0, 0.0, 0.0, 0.0, 1.0],
                [-1.0, 0.0, 0.0, -0.0, 0.0, 0.36455, -0.931184, 0.3, -0.0, -0.931184, -0.36455, -0.0, 0.0, 0.0, 0.0, 1.0],
                [-1.0, 0.0, 0.0, 0.0, 0.0, 0.36455, -0.931184, 0.3, -0.0, -0.931184, -0.36455, -0.0, 0.0, 0.0, 0.0, 1.0]
            ]
        },
        {
            "name": "Shoulder_L",
            "time": [0.0, 0.25, 0.3833, 0.5833, 0.7167, 1.0333],
            "transform": [
                [0.004613, -0.900043, -0.435778, -0.0, 0.000524, -0.43578, 0.900053, 0.4, -0.999989, -0.004381, -0.001539, 0.0, 0.0, 0.0, 0.0, 1.0],
                [-0.194097, -0.878877, -0.435778, -0.0, -0.095645, -0.425155, 0.900053, 0.4, -0.976308, 0.216378, -0.001539, -0.0, 0.0, 0.0, 0.0, 1.0],
                [-0.194097, -0.878877, -0.435777, 0.0, -0.095645, -0.425155, 0.900053, 0.4, -0.976308, 0.216378, -0.001539, 0.0, 0.0, 0.0, 0.0, 1.0],
                [-0.194097, -0.878877, -0.435778, -0.0, -0.095645, -0.425155, 0.900053, 0.4, -0.976308, 0.216378, -0.001539, 0.0, 0.0, 0.0, 0.0, 1.0],
                [-0.194097, -0.878877, -0.435778, 0.0, -0.095645, -0.425155, 0.900053, 0.4, -0.976308, 0.216378, -0.001539, 0.0, 0.0, 0.0, 0.0, 1.0],
                [-0.194097, -0.878877, -0.435777, -0.0, -0.095645, -0.425155, 0.900053, 0.4, -0.976308, 0.216378, -0.001539, 0.0, 0.0, 0.0, 0.0, 1.0]
            ]
        },
        {
            "name": "Arm_L",
            "time": [0.0, 0.25, 0.3833, 0.5833, 0.7167, 1.0333],
            "transform": [
                [0.366349, 0.13971, 0.919929, -0.0, -0.815602, 0.524085, 0.245209, 0.39386, -0.447863, -0.840128, 0.305946, 0.0, 0.0, 0.0, 0.0, 1.0],
                [0.338143, 0.271606, 0.901049, -0.0, -0.101193, 0.96239, -0.252121, 0.39386, -0.935639, -0.005926, 0.35291, -0.0, 0.0, 0.0, 0.0, 1.0],
                [0.338143, 0.271606, 0.901049, -0.0, -0.101193, 0.96239, -0.252121, 0.39386, -0.935638, -0.005926, 0.35291, -0.0, 0.0, 0.0, 0.0, 1.0],
                [0.338143, 0.271606, 0.901049, -0.0, -0.101193, 0.96239, -0.252121, 0.39386, -0.935638, -0.005926, 0.35291, -0.0, 0.0, 0.0, 0.0, 1.0],
                [0.338143, 0.271606, 0.901049, -0.0, -0.101193, 0.96239, -0.252121, 0.39386, -0.935638, -0.005926, 0.35291, -0.0, 0.0, 0.0, 0.0, 1.0],
                [0.338143, 0.271606, 0.901049, -0.0, -0.101193, 0.96239, -0.252121, 0.39386, -0.935638, -0.005926, 0.35291, -0.0, 0.0, 0.0, 0.0, 1.0]
            ]
        },
        {
            "name": "Hand_L",
            "time": [0.0, 0.3833, 0.5833, 0.7167, 1.0333],
            "transform": [
                [1.0, 0.0, 0.0, -0.0, -0.0, 0.973785, -0.22747, 0.3, -0.0, 0.22747, 0.973785, 0.0, 0.0, 0.0, 0.0, 1.0],
                [1.0, 0.0, 0.0, -0.0, -0.0, 0.908319, -0.418279, 0.3, -0.0, 0.418279, 0.908319, 0.0, 0.0, 0.0, 0.0, 1.0],
                [1.0, 0.0, 0.0, 0.0, -0.0, 0.908319, -0.418279, 0.3, -0.0, 0.418279, 0.908319, -0.0, 0.0, 0.0, 0.0, 1.0],
                [1.0, 0.0, 0.0, 0.0, -0.0, 0.908319, -0.418279, 0.3, -0.0, 0.418279, 0.908319, -0.0, 0.0, 0.0, 0.0, 1.0],
                [1.0, 0.0, 0.0, -0.0, -0.0, 0.908319, -0.418279, 0.3, -0.0, 0.418279, 0.908319, -0.0, 0.0, 0.0, 0.0, 1.0]
            ]
        },
        {
            "name": "Tool_L",
            "time": [0.0, 0.3833, 0.5833, 0.7167, 1.0333],
            "transform": [
                [1.0, 0.0, 0.0, -0.0, 0.0, -0.999836, 0.018122, 0.272858, 0.0, -0.018122, -0.999247, 0.0, 0.0, 0.0, 0.0, 1.0],
                [1.0, 0.0, 0.0, -0.0, 0.0, -0.999836, 0.018122, 0.272858, 0.0, -0.018122, -0.999247, -0.0, 0.0, 0.0, 0.0, 1.0],
                [1.0, 0.0, 0.0, 0.0, 0.0, -0.999836, 0.018122, 0.272858, 0.0, -0.018122, -0.999247, 0.0, 0.0, 0.0, 0.0, 1.0],
                [1.0, 0.0, 0.0, -0.0, 0.0, -0.999836, 0.018122, 0.272858, 0.0, -0.018122, -0.999247, 0.0, 0.0, 0.0, 0.0, 1.0],
                [1.0, 0.0, 0.0, -0.0, 0.0, -0.999836, 0.018122, 0.272858, 0.0, -0.018122, -0.999247, -0.0, 0.0, 0.0, 0.0, 1.0]
            ]
        },
        {
            "name": "Elbow_L",
            "time": [0.0, 0.3833, 0.5833, 0.7167, 1.0333],
            "transform": [
                [-1.0, 0.0, -0.0, -0.0, 0.0, 0.31776, -0.948171, 0.3, -0.0, -0.948171, -0.31776, 0.0, 0.0, 0.0, 0.0, 1.0],
                [-1.0, 0.0, 0.0, -0.0, 0.0, 0.31776, -0.948171, 0.3, -0.0, -0.948171, -0.31776, 0.0, 0.0, 0.0, 0.0, 1.0],
                [-1.0, 0.0, -0.0, 0.0, 0.0, 0.31776, -0.948171, 0.3, -0.0, -0.948171, -0.31776, -0.0, 0.0, 0.0, 0.0, 1.0],
                [-1.0, 0.0, -0.0, 0.0, 0.0, 0.31776, -0.948171, 0.3, -0.0, -0.948171, -0.31776, -0.0, 0.0, 0.0, 0.0, 1.0],
                [-1.0, 0.0, 0.0, -0.0, 0.0, 0.31776, -0.948171, 0.3, -0.0, -0.948171, -0.31776, -0.0, 0.0, 0.0, 0.0, 1.0]
            ]
        }
    ]
}