{
    "animation": [
        {
            "name": "Root",
            "time": [0.0, 0.1167, 0.2167, 0.35],
            "transform": [
                [1.0, 0.0, 0.0, -5e-06, 0.0, 0.0, -1.0, 0.000946, 0.0, 1.0, 0.0, 0.541212, 0.0, 0.0, 0.0, 1.0],
                [1.0, 0.0, 0.0, -5e-06, 0.0, 0.0, -1.0, 0.000946, 0.0, 1.0, 0.0, 0.412615, 0.0, 0.0, 0.0, 1.0],
                [1.0, 0.0, 0.0, -5e-06, 0.0, 0.0, -1.0, 0.000946, 0.0, 1.0, 0.0, 0.721238, 0.0, 0.0, 0.0, 1.0],
                [1.0, 0.0, 0.0, -5e-06, 0.0, 0.0, -1.0, 0.000946, 0.0, 1.0, 0.0, 0.722945, 0.0, 0.0, 0.0, 1.0]
            ]
        },
        {
            "name": "Thigh_R",
            "time": [0.0, 0.1167, 0.35],
            "transform": [
                [0.973736, 0.114966, 0.196518, 0.124994, 0.051884, -0.952482, 0.300139, -0.002831, 0.221686, -0.282059, -0.933434, -1.2e-05, 0.0, 0.0, 0.0, 1.0],
                [0.973736, 0.047975, 0.222565, 0.124994, 0.051884, -0.998582, -0.011744, -0.002831, 0.221686, 0.022983, -0.974847, -1.2e-05, 0.0, 0.0, 0.0, 1.0],
                [0.973736, 0.161835, 0.160144, 0.124994, 0.051884, -0.8426, 0.536031, -0.002831, 0.221686, -0.513643, -0.82887, -1.2e-05, 0.0, 0.0, 0.0, 1.0]
            ]
        },
        {
            "name": "Leg_R",
            "time": [0.0, 0.1167, 0.35],
            "transform": [
                [1.0, -1e-06, 0.0, -0.0, -0.0, -0.066059, 0.997815, 0.37472, -1e-06, -0.997817, -0.066059, -0.0, 0.0, 0.0, 0.0, 1.0],
                [1.0, 0.0, 1e-06, 0.0, -0.0, 0.99962, 0.027578, 0.37472, -1e-06, -0.027578, 0.999619, -0.0, 0.0, 0.0, 0.0, 1.0],
                [1.0, -0.0, 1e-06, -0.0, -0.0, 0.636969, 0.770889, 0.37472, -1e-06, -0.77089, 0.636968, 0.0, 0.0, 0.0, 0.0, 1.0]
            ]
        },
        {
            "name": "Knee_R",
            "time": [0.0, 0.1167, 0.35],
            "transform": [
                [1.0, 0.0, -0.0, -0.0, -0.0, 0.266149, -0.963932, 0.383077, -0.0, 0.963932, 0.266149, -0.001653, 0.0, 0.0, 0.0, 1.0],
                [1.0, 0.0, -0.0, 0.0, -0.0, 1e-06, -1.0, 0.383077, -0.0, 1.0, 1e-06, -0.001653, 0.0, 0.0, 0.0, 1.0],
                [1.0, 0.0, -0.0, -0.0, -0.0, 1e-06, -1.0, 0.383077, -0.0, 1.0, 1e-06, -0.001653, 0.0, 0.0, 0.0, 1.0]
            ]
        },
        {
            "name": "Thigh_L",
            "time": [0.0, 0.1167, 0.35],
            "transform": [
                [0.95515, -0.289309, -0.063146, -0.125006, -0.059939, -0.397719, 0.915547, -0.002831, -0.28999, -0.870701, -0.397223, -1.2e-05, 0.0, 0.0, 0.0, 1.0],
                [0.95515, -0.066548, -0.288546, -0.125006, -0.059939, -0.997699, 0.031689, -0.002831, -0.28999, -0.012972, -0.956941, -1.2e-05, 0.0, 0.0, 0.0, 1.0],
                [0.95515, -0.217961, -0.20045, -0.125006, -0.059939, -0.805215, 0.589945, -0.002831, -0.28999, -0.551472, -0.782166, -1.2e-05, 0.0, 0.0, 0.0, 1.0]
            ]
        },
        {
            "name": "Leg_L",
            "time": [0.0, 0.1167, 0.35],
            "transform": [
                [1.0, -1e-06, 1e-06, -0.0, -1e-06, 0.311117, 0.950372, 0.37472, -1e-06, -0.950371, 0.311118, 0.0, 0.0, 0.0, 0.0, 1.0],
                [1.0, 0.0, 1e-06, 0.0, -0.0, 0.997649, 0.068532, 0.37472, -1e-06, -0.068532, 0.997649, 0.0, 0.0, 0.0, 0.0, 1.0],
                [1.0, -1e-06, 1e-06, 0.0, -0.0, 0.645858, 0.763457, 0.37472, -1e-06, -0.763457, 0.645859, -0.0, 0.0, 0.0, 0.0, 1.0]
            ]
        },
        {
            "name": "Knee_L",
            "time": [0.0, 0.1167, 0.35],
            "transform": [
                [1.0, 0.0, -0.0, -0.0, -0.0, 0.525144, -0.851014, 0.37472, -0.0, 0.851014, 0.525144, 0.0, 0.0, 0.0, 0.0, 1.0],
                [1.0, 0.0, -0.0, 0.0, -0.0, 1e-06, -1.0, 0.37472, -0.0, 1.0, 1e-06, 0.0, 0.0, 0.0, 0.0, 1.0],
                [1.0, 0.0, -0.0, 0.0, -0.0, 1e-06, -1.0, 0.37472, -0.0, 1.0, 1e-06, -0.0, 0.0, 0.0, 0.0, 1.0]
            ]
        },
        {
            "name": "Torso",
            "time": [0.0, 0.1167, 0.35],
            "transform": [
                [0.996512, -0.009223, 0.082935, 0.0, 0.0, 0.993873, 0.110526, 0.05, -0.083446, -0.11014, 0.990407, 0.0, 0.0, 0.0, 0.0, 1.0],
                [0.996512, -0.012129, 0.08256, 0.0, 0.0, 0.98938, 0.145353, 0.05, -0.083446, -0.144846, 0.985929, 0.0, 0.0, 0.0, 0.0, 1.0],
                [0.996512, -0.012129, 0.08256, 0.0, 0.0, 0.98938, 0.145353, 0.05, -0.083446, -0.144846, 0.985929, 0.0, 0.0, 0.0, 0.0, 1.0]
            ]
        },
        {
            "name": "Chest",
            "time": [0.0, 0.1167, 0.35],
            "transform": [
                [0.996909, 0.029607, -0.072776, 0.0, 0.0, 0.926281, 0.376834, 0.3, 0.078568, -0.375669, 0.923418, -0.0, 0.0, 0.0, 0.0, 1.0],
                [0.996909, -0.005151, -0.078399, 0.0, 0.0, 0.997848, -0.065565, 0.3, 0.078568, 0.065362, 0.994764, 0.0, 0.0, 0.0, 0.0, 1.0],
                [0.996909, 0.025113, -0.074447, 0.0, -0.0, 0.94754, 0.319637, 0.3, 0.078568, -0.318649, 0.944611, 0.0, 0.0, 0.0, 0.0, 1.0]
            ]
        },
        {
            "name": "Head",
            "time": [0.0, 0.1167, 0.35],
            "transform": [
                [1.0, 0.0, -0.0, 0.0, 0.0, 0.905818, -0.423666, 0.4, 0.0, 0.423666, 0.905818, -0.0, 0.0, 0.0, 0.0, 1.0],
                [1.0, 0.0, -0.0, 0.0, 0.0, 0.999699, -0.024548, 0.4, 0.0, 0.024548, 0.999699, 0.0, 0.0, 0.0, 0.0, 1.0],
                [1.0, 0.0, 0.0, -0.0, -0.0, 0.999699, -0.024548, 0.4, -0.0, 0.024548, 0.999699, 0.0, 0.0, 0.0, 0.0, 1.0]
            ]
        },
        {
            "name": "Shoulder_R",
            "time": [0.0, 0.1167, 0.35],
            "transform": [
                [-0.004613, 0.951979, 0.306128, 0.0, 0.000526, -0.306129, 0.95199, 0.4, 0.999989, 0.004553, 0.000911, -0.0, 0.0, 0.0, 0.0, 1.0],
                [-0.004613, 0.951979, 0.306128, 0.0, 0.000526, -0.306129, 0.95199, 0.4, 0.999989, 0.004553, 0.000911, 0.0, 0.0, 0.0, 0.0, 1.0],
                [-0.004613, 0.899921, 0.436029, -0.0, 0.000526, -0.436031, 0.899931, 0.4, 0.999989, 0.004381, 0.001538, 0.0, 0.0, 0.0, 0.0, 1.0]
            ]
        },
        {
            "name": "Arm_R",
            "time": [0.0, 0.1167, 0.35],
            "transform": [
                [0.204683, -0.194731, -0.959262, -0.0, 0.866427, 0.492016, 0.084994, 0.393861, 0.455422, -0.848528, 0.269428, 0.0, 0.0, 0.0, 0.0, 1.0],
                [0.193263, 0.151684, -0.969351, 0.0, 0.690903, 0.680447, 0.244224, 0.39386, 0.696636, -0.716927, 0.026706, 0.0, 0.0, 0.0, 0.0, 1.0],
                [0.142052, -0.192319, -0.970997, 0.0, 0.875938, 0.481307, 0.032816, 0.39386, 0.461036, -0.855194, 0.236831, 0.0, 0.0, 0.0, 0.0, 1.0]
            ]
        },
        {
            "name": "Hand_R",
            "time": [0.0, 0.1167, 0.35],
            "transform": [
                [1.0, 0.0, 0.0, 0.0, -0.0, 0.985416, -0.170162, 0.3, -0.0, 0.170161, 0.985416, -0.0, 0.0, 0.0, 0.0, 1.0],
                [1.0, -0.0, 0.0, -0.0, 0.0, 0.975884, -0.21829, 0.3, 0.0, 0.21829, 0.975884, 0.0, 0.0, 0.0, 0.0, 1.0],
                [1.0, -0.0, -0.0, 0.0, 0.0, 0.979752, -0.200215, 0.3, 0.0, 0.200215, 0.979752, 0.0, 0.0, 0.0, 0.0, 1.0]
            ]
        },
        {
            "name": "Tool_R",
            "time": [0.0, 0.1167, 0.35],
            "transform": [
                [1.0, 0.0, 0.0, -0.0, 0.0, -0.999836, 0.018122, 0.272858, 0.0, -0.018122, -0.999244, -0.0, 0.0, 0.0, 0.0, 1.0],
                [1.0, 0.0, 0.0, -0.0, 0.0, -0.999836, 0.018122, 0.272858, 0.0, -0.018122, -0.999244, 0.0, 0.0, 0.0, 0.0, 1.0],
                [1.0, 0.0, 0.0, 0.0, 0.0, -0.999836, 0.018122, 0.272858, 0.0, -0.018122, -0.999244, 0.0, 0.0, 0.0, 0.0, 1.0]
            ]
        },
        {
            "name": "Elbow_R",
            "time": [0.0, 0.1167, 0.35],
            "transform": [
                [-1.0, 0.0, -0.0, 0.0, 0.0, -0.006389, -0.99998, 0.3, -0.0, -0.99998, 0.006389, -0.0, 0.0, 0.0, 0.0, 1.0],
                [-1.0, 0.0, 0.0, -0.0, -0.0, 0.259778, -0.965668, 0.3, -0.0, -0.965668, -0.259778, 0.0, 0.0, 0.0, 0.0, 1.0],
                [-1.0, 0.0, 0.0, 0.0, 0.0, 0.36455, -0.931184, 0.3, -0.0, -0.931184, -0.36455, 0.0, 0.0, 0.0, 0.0, 1.0]
            ]
        },
        {
            "name": "Shoulder_L",
            "time": [0.0, 0.1167, 0.35],
            "transform": [
                [0.004613, -0.952228, -0.305355, 0.0, 0.000524, -0.305355, 0.952238, 0.4, -0.999989, -0.004553, -0.00091, -0.0, 0.0, 0.0, 0.0, 1.0],
                [0.004613, -0.952227, -0.305355, 0.0, 0.000524, -0.305355, 0.952238, 0.4, -0.999989, -0.004553, -0.00091, 0.0, 0.0, 0.0, 0.0, 1.0],
                [0.004613, -0.900043, -0.435778, -0.0, 0.000524, -0.43578, 0.900053, 0.4, -0.999989, -0.004381, -0.001539, 0.0, 0.0, 0.0, 0.0, 1.0]
            ]
        },
        {
            "name": "Arm_L",
            "time": [0.0, 0.1167, 0.35],
            "transform": [
                [-0.152506, -0.1287, 0.979887, -0.0, -0.667554, 0.744536, -0.006107, 0.39386, -0.728775, -0.655059, -0.199461, -0.0, 0.0, 0.0, 0.0, 1.0],
                [0.315868, -0.124961, 0.940538, -0.0, -0.773322, 0.540436, 0.331514, 0.39386, -0.549727, -0.832054, 0.074071, -0.0, 0.0, 0.0, 0.0, 1.0],
                [0.366349, 0.13971, 0.919929, -0.0, -0.815602, 0.524085, 0.245209, 0.39386, -0.447863, -0.840128, 0.305946, 0.0, 0.0, 0.0, 0.0, 1.0]
            ]
        },
        {
            "name": "Hand_L",
            "time": [0.0, 0.1167, 0.35],
            "transform": [
                [1.0, 0.0, -0.0, -0.0, -0.0, 0.355321, -0.934744, 0.3, 0.0, 0.934744, 0.355321, 0.0, 0.0, 0.0, 0.0, 1.0],
                [1.0, 0.0, 0.0, 0.0, -0.0, 0.957302, -0.28909, 0.3, -0.0, 0.28909, 0.957302, 0.0, 0.0, 0.0, 0.0, 1.0],
                [1.0, 0.0, 0.0, -0.0, -0.0, 0.973785, -0.22747, 0.3, -0.0, 0.22747, 0.973785, 0.0, 0.0, 0.0, 0.0, 1.0]
            ]
        },
        {
            "name": "Tool_L",
            "time": [0.0, 0.1167, 0.35],
            "transform": [
                [1.0, 0.0, 0.0, 0.0, 0.0, -0.999836, 0.018122, 0.272858, 0.0, -0.018122, -0.999247, 0.0, 0.0, 0.0, 0.0, 1.0],
                [1.0, 0.0, 0.0, -0.0, 0.0, -0.999836, 0.018122, 0.272858, 0.0, -0.018122, -0.999247, 0.0, 0.0, 0.0, 0.0, 1.0],
                [1.0, 0.0, 0.0, -0.0, 0.0, -0.999836, 0.018122, 0.272858, 0.0, -0.018122, -0.999247, 0.0, 0.0, 0.0, 0.0, 1.0]
            ]
        },
        {
            "name": "Elbow_L",
            "time": [0.0, 0.1167, 0.35],
            "transform": [
                [-1.0, 0.0, -0.0, -0.0, 0.0, -0.0, -1.0, 0.3, -0.0, -1.0, -0.0, 0.0, 0.0, 0.0, 0.0, 1.0],
                [-1.0, 0.0, 0.0, 0.0, 0.0, 0.543556, -0.839373, 0.3, -0.0, -0.839373, -0.543556, 0.0, 0.0, 0.0, 0.0, 1.0],
                [-1.0, 0.0, -0.0, -0.0, 0.0, 0.31776, -0.948171, 0.3, -0.0, -0.948171, -0.31776, 0.0, 0.0, 0.0, 0.0, 1.0]
            ]
        }
    ]
}