{
    "animation": [
        {
            "name": "Root",
            "time": [0.0, 1.6167],
            "transform": [
                [0.854689, 0.0, -0.51914, -5e-06, -0.51914, 0.0, -0.854689, 0.000946, 0.0, 1.0, 0.0, 0.459663, 0.0, 0.0, 0.0, 1.0],
                [0.854689, 0.0, -0.51914, -5e-06, -0.51914, 0.0, -0.854689, 0.000946, 0.0, 1.0, 0.0, 0.459663, 0.0, 0.0, 0.0, 1.0]
            ]
        },
        {
            "name": "Thigh_R",
            "time": [0.0, 1.6167],
            "transform": [
                [0.992811, 0.119164, -0.011165, 0.124994, 0.118536, -0.991881, -0.04601, -0.002831, -0.016557, 0.044356, -0.998879, -1.2e-05, 0.0, 0.0, 0.0, 1.0],
                [0.992811, 0.119164, -0.011165, 0.124994, 0.118536, -0.991881, -0.04601, -0.002831, -0.016557, 0.044356, -0.998879, -1.2e-05, 0.0, 0.0, 0.0, 1.0]
            ]
        },
        {
            "name": "Leg_R",
            "time": [0.0, 1.6167],
            "transform": [
                [1.0, -1e-06, -0.0, -0.0, 0.0, 0.02323, 0.99973, 0.37472, -1e-06, -0.999731, 0.02323, 0.0, 0.0, 0.0, 0.0, 1.0],
                [1.0, -1e-06, -0.0, -0.0, 0.0, 0.02323, 0.99973, 0.37472, -1e-06, -0.999731, 0.02323, 0.0, 0.0, 0.0, 0.0, 1.0]
            ]
        },
        {
            "name": "Knee_R",
            "time": [0.0, 1.6167],
            "transform": [
                [1.0, 0.0, -0.0, -0.0, -0.0, 0.345369, -0.938467, 0.37472, -0.0, 0.938467, 0.345369, 0.0, 0.0, 0.0, 0.0, 1.0],
                [1.0, 0.0, -0.0, -0.0, -0.0, 0.345369, -0.938467, 0.37472, -0.0, 0.938467, 0.345369, 0.0, 0.0, 0.0, 0.0, 1.0]
            ]
        },
        {
            "name": "Thigh_L",
            "time": [0.0, 1.6167],
            "transform": [
                [0.869242, -0.484796, -0.096898, -0.125006, -0.021407, -0.232723, 0.972307, -0.002831, -0.493921, -0.843097, -0.212671, -1.2e-05, 0.0, 0.0, 0.0, 1.0],
                [0.869242, -0.484796, -0.096898, -0.125006, -0.021407, -0.232723, 0.972307, -0.002831, -0.493921, -0.843097, -0.212671, -1.2e-05, 0.0, 0.0, 0.0, 1.0]
            ]
        },
        {
            "name": "Leg_L",
            "time": [0.0, 1.6167],
            "transform": [
                [0.999989, 0.001584, -0.004382, -0.0, 0.003782, 0.273534, 0.961855, 0.37472, 0.002722, -0.961861, 0.273525, -0.0, 0.0, 0.0, 0.0, 1.0],
                [0.999989, 0.001584, -0.004382, -0.0, 0.003782, 0.273534, 0.961855, 0.37472, 0.002722, -0.961861, 0.273525, -0.0, 0.0, 0.0, 0.0, 1.0]
            ]
        },
        {
            "name": "Knee_L",
            "time": [0.0, 1.6167],
            "transform": [
                [1.0, 0.0, -0.0, -0.0, -0.0, 0.468905, -0.883249, 0.37472, -0.0, 0.883249, 0.468904, -0.0, 0.0, 0.0, 0.0, 1.0],
                [1.0, 0.0, -0.0, -0.0, -0.0, 0.468905, -0.883249, 0.37472, -0.0, 0.883249, 0.468904, -0.0, 0.0, 0.0, 0.0, 1.0]
            ]
        },
        {
            "name": "Torso",
            "time": [0.0, 0.8, 1.6167],
            "transform": [
                [0.99978, -0.020971, -0.000197, -0.0, 0.020971, 0.999603, 0.018833, 0.05, -0.000198, -0.018833, 0.999823, 0.0, 0.0, 0.0, 0.0, 1.0],
                [0.99736, -0.071721, -0.011401, -0.0, 0.072586, 0.989442, 0.125443, 0.05, 0.002283, -0.125939, 0.992035, 0.0, 0.0, 0.0, 0.0, 1.0],
                [0.99978, -0.020971, -0.000197, -0.0, 0.020971, 0.999603, 0.018833, 0.05, -0.000198, -0.018833, 0.999823, 0.0, 0.0, 0.0, 0.0, 1.0]
            ]
        },
        {
            "name": "Chest",
            "time": [0.0, 0.8, 1.6167],
            "transform": [
                [0.999771, -0.021316, -0.002029, -0.0, 0.021411, 0.994316, 0.104295, 0.3, -0.000206, -0.104315, 0.994544, 0.0, 0.0, 0.0, 0.0, 1.0],
                [0.999005, -0.044593, -0.001074, 0.0, 0.044121, 0.984321, 0.170776, 0.3, -0.006558, -0.170654, 0.985309, 0.0, 0.0, 0.0, 0.0, 1.0],
                [0.999771, -0.021316, -0.002029, -0.0, 0.021411, 0.994316, 0.104295, 0.3, -0.000206, -0.104315, 0.994544, 0.0, 0.0, 0.0, 0.0, 1.0]
            ]
        },
        {
            "name": "Head",
            "time": [0.0, 1.6167],
            "transform": [
                [0.853111, 0.037721, 0.520365, -0.0, -0.006297, 0.998055, -0.062025, 0.4, -0.521692, 0.049637, 0.851689, -0.0, 0.0, 0.0, 0.0, 1.0],
                [0.853111, 0.037721, 0.520365, -0.0, -0.006297, 0.998055, -0.062025, 0.4, -0.521692, 0.049637, 0.851689, -0.0, 0.0, 0.0, 0.0, 1.0]
            ]
        },
        {
            "name": "Shoulder_R",
            "time": [0.0, 1.6167],
            "transform": [
                [0.110305, 0.959352, 0.259762, -0.0, 0.091141, -0.270019, 0.958532, 0.4, 0.98971, -0.082056, -0.11722, -0.0, 0.0, 0.0, 0.0, 1.0],
                [0.110305, 0.959352, 0.259762, -0.0, 0.091141, -0.270019, 0.958532, 0.4, 0.98971, -0.082056, -0.11722, -0.0, 0.0, 0.0, 0.0, 1.0]
            ]
        },
        {
            "name": "Arm_R",
            "time": [0.0, 0.8, 1.6167],
            "transform": [
                [0.015456, -0.105278, -0.994323, -0.0, 0.927372, 0.373297, -0.025109, 0.39386, 0.373821, -0.921719, 0.103402, 0.0, 0.0, 0.0, 0.0, 1.0],
                [0.048838, -0.289448, -0.955947, 0.0, 0.923046, 0.378719, -0.067514, 0.39386, 0.381577, -0.879086, 0.28567, 0.0, 0.0, 0.0, 0.0, 1.0],
                [0.015456, -0.105278, -0.994323, -0.0, 0.927372, 0.373297, -0.025109, 0.39386, 0.373821, -0.921719, 0.103402, 0.0, 0.0, 0.0, 0.0, 1.0]
            ]
        },
        {
            "name": "Hand_R",
            "time": [0.0, 1.6167],
            "transform": [
                [0.999998, -0.000848, 0.001614, -0.0, 0.000868, 0.999919, -0.012686, 0.3, -0.001603, 0.012688, 0.999918, 0.0, 0.0, 0.0, 0.0, 1.0],
                [0.999998, -0.000848, 0.001614, -0.0, 0.000868, 0.999919, -0.012686, 0.3, -0.001603, 0.012688, 0.999918, 0.0, 0.0, 0.0, 0.0, 1.0]
            ]
        },
        {
            "name": "Tool_R",
            "time": [0.0, 1.6167],
            "transform": [
                [0.993314, -0.054493, -0.101777, 0.010704, -0.088154, -0.927265, -0.363881, 0.330594, -0.074502, 0.37019, -0.925324, 0.180402, 0.0, 0.0, 0.0, 1.0],
                [0.993314, -0.054493, -0.101777, 0.010704, -0.088154, -0.927265, -0.363881, 0.330594, -0.074502, 0.37019, -0.925324, 0.180402, 0.0, 0.0, 0.0, 1.0]
            ]
        },
        {
            "name": "Elbow_R",
            "time": [0.0, 1.6167],
            "transform": [
                [-1.0, 0.0, -0.0, -0.0, 0.0, -0.0, -1.0, 0.429832, -0.0, -1.0, 0.0, 0.0, 0.0, 0.0, 0.0, 1.0],
                [-1.0, 0.0, -0.0, -0.0, 0.0, -0.0, -1.0, 0.429832, -0.0, -1.0, 0.0, 0.0, 0.0, 0.0, 0.0, 1.0]
            ]
        },
        {
            "name": "Shoulder_L",
            "time": [0.0, 1.6167],
            "transform": [
                [-0.226937, -0.879834, -0.417602, -0.0, -0.021067, -0.424255, 0.905298, 0.4, -0.973681, 0.214243, 0.077744, -0.0, 0.0, 0.0, 0.0, 1.0],
                [-0.226937, -0.879834, -0.417602, -0.0, -0.021067, -0.424255, 0.905298, 0.4, -0.973681, 0.214243, 0.077744, -0.0, 0.0, 0.0, 0.0, 1.0]
            ]
        },
        {
            "name": "Arm_L",
            "time": [0.0, 0.8, 1.6167],
            "transform": [
                [0.036604, 0.052076, 0.997972, 0.0, -0.871994, 0.489475, 0.006442, 0.39386, -0.488147, -0.870461, 0.063327, -0.0, 0.0, 0.0, 0.0, 1.0],
                [0.107792, 0.223347, 0.96876, -0.0, -0.823087, 0.566571, -0.039039, 0.39386, -0.557591, -0.793166, 0.244907, 0.0, 0.0, 0.0, 0.0, 1.0],
                [0.036604, 0.052076, 0.997972, 0.0, -0.871994, 0.489475, 0.006442, 0.39386, -0.488147, -0.870461, 0.063327, -0.0, 0.0, 0.0, 0.0, 1.0]
            ]
        },
        {
            "name": "Hand_L",
            "time": [0.0, 1.6167],
            "transform": [
                [0.999993, -0.001541, -0.00347, 0.0, 0.000938, 0.985901, -0.167329, 0.3, 0.003679, 0.167324, 0.985895, 0.0, 0.0, 0.0, 0.0, 1.0],
                [0.999993, -0.001541, -0.00347, 0.0, 0.000938, 0.985901, -0.167329, 0.3, 0.003679, 0.167324, 0.985895, 0.0, 0.0, 0.0, 0.0, 1.0]
            ]
        },
        {
            "name": "Tool_L",
            "time": [0.0, 1.6167],
            "transform": [
                [0.997004, 0.01104, -0.076554, 0.0, -0.036659, -0.804079, -0.593391, 0.272858, -0.068067, 0.594062, -0.8008, -0.0, 0.0, 0.0, 0.0, 1.0],
                [0.997004, 0.01104, -0.076554, 0.0, -0.036659, -0.804079, -0.593391, 0.272858, -0.068067, 0.594062, -0.8008, -0.0, 0.0, 0.0, 0.0, 1.0]
            ]
        },
        {
            "name": "Elbow_L",
            "time": [0.0, 1.6167],
            "transform": [
                [-1.0, 0.0, -0.0, 2.7e-05, 0.0, -0.0, -1.0, 0.396148, -0.0, -1.0, -0.0, -0.002121, 0.0, 0.0, 0.0, 1.0],
                [-1.0, 0.0, -0.0, 2.7e-05, 0.0, -0.0, -1.0, 0.396148, -0.0, -1.0, -0.0, -0.002121, 0.0, 0.0, 0.0, 1.0]
            ]
        }
    ]
}