{
    "animation": [
        {
            "name": "Root",
            "time": [0.0, 0.15, 0.7333],
            "transform": [
                [0.971153, 0.173547, -0.163533, -5e-06, -0.182219, 0.982464, -0.039496, 0.000946, 0.153811, 0.068155, 0.985747, 1.828287, 0.0, 0.0, 0.0, 1.0],
                [0.971153, 0.173547, -0.163533, -5e-06, -0.182219, 0.982464, -0.039496, 0.000946, 0.153811, 0.068155, 0.985747, 1.828287, 0.0, 0.0, 0.0, 1.0],
                [0.971153, 0.173547, -0.163533, -5e-06, -0.182219, 0.982464, -0.039496, 0.000946, 0.153811, 0.068155, 0.985747, 1.828287, 0.0, 0.0, 0.0, 1.0]
            ]
        },
        {
            "name": "Thigh_R",
            "time": [0.0, 0.15, 0.7333],
            "transform": [
                [0.992811, 0.045722, -0.110609, 0.124994, 0.118536, -0.503468, 0.855844, -0.002831, -0.016557, -0.862801, -0.50527, -1.2e-05, 0.0, 0.0, 0.0, 1.0],
                [0.992811, 0.002793, -0.119654, 0.124994, 0.118536, -0.161249, 0.979769, -0.002831, -0.016557, -0.986908, -0.160422, -1.2e-05, 0.0, 0.0, 0.0, 1.0],
                [0.992811, 0.045722, -0.110609, 0.124994, 0.118536, -0.503468, 0.855844, -0.002831, -0.016557, -0.862801, -0.50527, -1.2e-05, 0.0, 0.0, 0.0, 1.0]
            ]
        },
        {
            "name": "Leg_R",
            "time": [0.0, 0.15, 0.7333],
            "transform": [
                [1.0, -0.0, 1e-06, -0.0, 0.0, 0.997612, 0.069073, 0.37472, -1e-06, -0.069073, 0.997611, 0.0, 0.0, 0.0, 0.0, 1.0],
                [1.0, -0.0, 1e-06, -0.0, 0.0, 0.997612, 0.069073, 0.37472, -1e-06, -0.069073, 0.997611, 0.0, 0.0, 0.0, 0.0, 1.0],
                [1.0, -0.0, 1e-06, -0.0, 0.0, 0.997612, 0.069073, 0.37472, -1e-06, -0.069073, 0.997611, 0.0, 0.0, 0.0, 0.0, 1.0]
            ]
        },
        {
            "name": "Knee_R",
            "time": [0.0, 0.15, 0.7333],
            "transform": [
                [1.0, 0.0, -0.0, -0.0, -0.0, 1e-06, -1.0, 0.37472, -0.0, 1.0, 1e-06, 0.0, 0.0, 0.0, 0.0, 1.0],
                [1.0, 0.0, -0.0, -0.0, -0.0, 1e-06, -1.0, 0.37472, -0.0, 1.0, 1e-06, 0.0, 0.0, 0.0, 0.0, 1.0],
                [1.0, 0.0, -0.0, -0.0, -0.0, 1e-06, -1.0, 0.37472, -0.0, 1.0, 1e-06, 0.0, 0.0, 0.0, 0.0, 1.0]
            ]
        },
        {
            "name": "Thigh_L",
            "time": [0.0, 0.15, 0.7333],
            "transform": [
                [0.869242, -0.444613, -0.216184, -0.125006, -0.021407, -0.470719, 0.882023, -0.002831, -0.493921, -0.762065, -0.418687, -1.2e-05, 0.0, 0.0, 0.0, 1.0],
                [0.869242, -0.414542, -0.269391, -0.125006, -0.021407, -0.57595, 0.817204, -0.002831, -0.493921, -0.704582, -0.509515, -1.2e-05, 0.0, 0.0, 0.0, 1.0],
                [0.869242, -0.444613, -0.216184, -0.125006, -0.021407, -0.470719, 0.882023, -0.002831, -0.493921, -0.762065, -0.418687, -1.2e-05, 0.0, 0.0, 0.0, 1.0]
            ]
        },
        {
            "name": "Leg_L",
            "time": [0.0, 0.15, 0.7333],
            "transform": [
                [0.999989, -0.003452, -0.00313, -0.0, 0.003782, 0.993653, 0.112423, 0.37472, 0.002722, -0.112434, 0.993656, -0.0, 0.0, 0.0, 0.0, 1.0],
                [0.999989, -0.003452, -0.00313, 0.0, 0.003782, 0.993653, 0.112423, 0.37472, 0.002722, -0.112434, 0.993656, 0.0, 0.0, 0.0, 0.0, 1.0],
                [0.999989, -0.003452, -0.00313, -0.0, 0.003782, 0.993653, 0.112423, 0.37472, 0.002722, -0.112434, 0.993656, -0.0, 0.0, 0.0, 0.0, 1.0]
            ]
        },
        {
            "name": "Knee_L",
            "time": [0.0, 0.15, 0.7333],
            "transform": [
                [1.0, 0.0, -0.0, -0.0, -0.0, 1e-06, -1.0, 0.37472, -0.0, 1.0, 1e-06, -0.0, 0.0, 0.0, 0.0, 1.0],
                [1.0, 0.0, -0.0, 0.0, -0.0, 1e-06, -1.0, 0.37472, -0.0, 1.0, 1e-06, 0.0, 0.0, 0.0, 0.0, 1.0],
                [1.0, 0.0, -0.0, -0.0, -0.0, 1e-06, -1.0, 0.37472, -0.0, 1.0, 1e-06, -0.0, 0.0, 0.0, 0.0, 1.0]
            ]
        },
        {
            "name": "Torso",
            "time": [0.0, 0.15, 0.7333],
            "transform": [
                [0.99978, -0.020971, -0.000197, 0.0, 0.020971, 0.999603, 0.018833, 0.05, -0.000198, -0.018833, 0.999823, -0.0, 0.0, 0.0, 0.0, 1.0],
                [0.99978, -0.020971, -0.000197, 0.0, 0.020971, 0.999603, 0.018833, 0.05, -0.000198, -0.018833, 0.999823, -0.0, 0.0, 0.0, 0.0, 1.0],
                [0.99978, -0.020971, -0.000197, 0.0, 0.020971, 0.999603, 0.018833, 0.05, -0.000198, -0.018833, 0.999823, -0.0, 0.0, 0.0, 0.0, 1.0]
            ]
        },
        {
            "name": "Chest",
            "time": [0.0, 0.15, 0.7333],
            "transform": [
                [0.999771, -0.019187, -0.009506, 0.0, 0.021411, 0.891541, 0.452434, 0.3, -0.000206, -0.452534, 0.891747, 0.0, 0.0, 0.0, 0.0, 1.0],
                [0.999771, -0.01551, -0.014763, 0.0, 0.021411, 0.717514, 0.696215, 0.3, -0.000206, -0.696371, 0.717682, 0.0, 0.0, 0.0, 0.0, 1.0],
                [0.999771, -0.019187, -0.009506, 0.0, 0.021411, 0.891541, 0.452434, 0.3, -0.000206, -0.452534, 0.891747, 0.0, 0.0, 0.0, 0.0, 1.0]
            ]
        },
        {
            "name": "Head",
            "time": [0.0, 0.15, 0.7333],
            "transform": [
                [0.965347, -0.254912, 0.055904, -0.0, 0.202738, 0.86742, 0.454401, 0.4, -0.164324, -0.427321, 0.889042, -0.0, 0.0, 0.0, 0.0, 1.0],
                [0.85311, -0.255039, 0.455146, -0.0, -0.006297, 0.86728, 0.497781, 0.4, -0.521692, -0.427528, 0.73828, -0.0, 0.0, 0.0, 0.0, 1.0],
                [0.965347, -0.254912, 0.055904, -0.0, 0.202738, 0.86742, 0.454401, 0.4, -0.164324, -0.427321, 0.889042, -0.0, 0.0, 0.0, 0.0, 1.0]
            ]
        },
        {
            "name": "Shoulder_R",
            "time": [0.0, 0.15, 0.7333],
            "transform": [
                [0.110305, 0.959352, 0.259762, -0.0, 0.091141, -0.270019, 0.958532, 0.4, 0.98971, -0.082056, -0.11722, -0.0, 0.0, 0.0, 0.0, 1.0],
                [0.110305, 0.959352, 0.259762, -0.0, 0.091141, -0.270019, 0.958532, 0.4, 0.98971, -0.082056, -0.11722, -0.0, 0.0, 0.0, 0.0, 1.0],
                [0.110305, 0.959352, 0.259762, -0.0, 0.091141, -0.270019, 0.958532, 0.4, 0.98971, -0.082056, -0.11722, -0.0, 0.0, 0.0, 0.0, 1.0]
            ]
        },
        {
            "name": "Arm_R",
            "time": [0.0, 0.15, 0.7333],
            "transform": [
                [0.043023, -0.996666, -0.069325, 0.0, 0.813119, 0.075249, -0.577213, 0.393861, 0.580505, -0.031536, 0.813645, 0.0, 0.0, 0.0, 0.0, 1.0],
                [0.043023, -0.940329, -0.337535, -0.0, 0.813119, 0.229261, -0.535049, 0.393861, 0.580505, -0.251436, 0.774463, -0.0, 0.0, 0.0, 0.0, 1.0],
                [0.043023, -0.996666, -0.069325, 0.0, 0.813119, 0.075249, -0.577213, 0.393861, 0.580505, -0.031536, 0.813645, 0.0, 0.0, 0.0, 0.0, 1.0]
            ]
        },
        {
            "name": "Hand_R",
            "time": [0.0, 0.15, 0.7333],
            "transform": [
                [0.999998, -0.000848, 0.001614, 0.0, 0.000868, 0.999919, -0.012686, 0.3, -0.001603, 0.012688, 0.999918, 0.0, 0.0, 0.0, 0.0, 1.0],
                [0.999998, -0.000848, 0.001614, -0.0, 0.000868, 0.999919, -0.012686, 0.3, -0.001603, 0.012688, 0.999918, 0.0, 0.0, 0.0, 0.0, 1.0],
                [0.999998, -0.000848, 0.001614, 0.0, 0.000868, 0.999919, -0.012686, 0.3, -0.001603, 0.012688, 0.999918, 0.0, 0.0, 0.0, 0.0, 1.0]
            ]
        },
        {
            "name": "Tool_R",
            "time": [0.0, 0.7333],
            "transform": [
                [0.993316, -0.095743, -0.064473, -0.017144, -0.088131, -0.989789, 0.112032, 0.209843, -0.074498, -0.105549, -0.991023, -0.047798, 0.0, 0.0, 0.0, 1.0],
                [0.993316, -0.095743, -0.064473, -0.017144, -0.088131, -0.989789, 0.112032, 0.209843, -0.074498, -0.105549, -0.991023, -0.047798, 0.0, 0.0, 0.0, 1.0]
            ]
        },
        {
            "name": "Elbow_R",
            "time": [0.0, 0.15, 0.7333],
            "transform": [
                [-1.0, 0.0, -0.0, 0.0, 0.0, -0.0, -1.0, 0.429832, -0.0, -1.0, 0.0, 0.0, 0.0, 0.0, 0.0, 1.0],
                [-1.0, 0.0, -0.0, 0.0, 0.0, -0.0, -1.0, 0.429832, -0.0, -1.0, 0.0, 0.0, 0.0, 0.0, 0.0, 1.0],
                [-1.0, 0.0, -0.0, 0.0, 0.0, -0.0, -1.0, 0.429832, -0.0, -1.0, 0.0, 0.0, 0.0, 0.0, 0.0, 1.0]
            ]
        },
        {
            "name": "Shoulder_L",
            "time": [0.0, 0.15, 0.7333],
            "transform": [
                [-0.226937, -0.879834, -0.417602, -0.0, -0.021067, -0.424255, 0.905298, 0.4, -0.973682, 0.214243, 0.077744, -0.0, 0.0, 0.0, 0.0, 1.0],
                [-0.226937, -0.879834, -0.417602, -0.0, -0.021067, -0.424255, 0.905298, 0.4, -0.973681, 0.214243, 0.077744, -0.0, 0.0, 0.0, 0.0, 1.0],
                [-0.226937, -0.879834, -0.417602, -0.0, -0.021067, -0.424255, 0.905298, 0.4, -0.973682, 0.214243, 0.077744, -0.0, 0.0, 0.0, 0.0, 1.0]
            ]
        },
        {
            "name": "Arm_L",
            "time": [0.0, 0.15, 0.7333],
            "transform": [
                [0.036604, 0.994938, 0.093588, -0.0, -0.871994, 0.077545, -0.483336, 0.39386, -0.488147, -0.063916, 0.870418, 0.0, 0.0, 0.0, 0.0, 1.0],
                [0.036604, 0.990343, 0.133719, 0.0, -0.871994, 0.097015, -0.479807, 0.39386, -0.488147, -0.09904, 0.867124, 0.0, 0.0, 0.0, 0.0, 1.0],
                [0.036604, 0.994938, 0.093588, -0.0, -0.871994, 0.077545, -0.483336, 0.39386, -0.488147, -0.063916, 0.870418, 0.0, 0.0, 0.0, 0.0, 1.0]
            ]
        },
        {
            "name": "Hand_L",
            "time": [0.0, 0.15, 0.7333],
            "transform": [
                [0.999993, -0.001541, -0.00347, 0.0, 0.000938, 0.985901, -0.167329, 0.3, 0.003679, 0.167324, 0.985895, 0.0, 0.0, 0.0, 0.0, 1.0],
                [0.999993, -0.001541, -0.00347, -0.0, 0.000938, 0.985901, -0.167329, 0.3, 0.003679, 0.167324, 0.985895, 0.0, 0.0, 0.0, 0.0, 1.0],
                [0.999993, -0.001541, -0.00347, 0.0, 0.000938, 0.985901, -0.167329, 0.3, 0.003679, 0.167324, 0.985895, 0.0, 0.0, 0.0, 0.0, 1.0]
            ]
        },
        {
            "name": "Tool_L",
            "time": [0.0, 0.7333],
            "transform": [
                [0.997006, -0.037206, -0.067788, -0.005893, -0.03663, -0.999282, 0.009718, 0.185203, -0.068061, -0.007212, -0.997065, -0.0391, 0.0, 0.0, 0.0, 1.0],
                [0.997006, -0.037206, -0.067788, -0.005893, -0.03663, -0.999282, 0.009718, 0.185203, -0.068061, -0.007212, -0.997065, -0.0391, 0.0, 0.0, 0.0, 1.0]
            ]
        },
        {
            "name": "Elbow_L",
            "time": [0.0, 0.15, 0.7333],
            "transform": [
                [-1.0, 0.0, -0.0, 2.7e-05, 0.0, 0.0, -1.0, 0.396148, -0.0, -1.0, -0.0, -0.002121, 0.0, 0.0, 0.0, 1.0],
                [-1.0, 0.0, -0.0, 2.7e-05, 0.0, -0.0, -1.0, 0.396147, -0.0, -1.0, 0.0, -0.00212, 0.0, 0.0, 0.0, 1.0],
                [-1.0, 0.0, -0.0, 2.7e-05, 0.0, 0.0, -1.0, 0.396148, -0.0, -1.0, -0.0, -0.002121, 0.0, 0.0, 0.0, 1.0]
            ]
        }
    ]
}