{
    "animation": [
        {
            "name": "Root",
            "time": [0.0, 0.0333, 0.15, 0.2333],
            "transform": [
                [0.802162, 0.0, -0.597107, -5e-06, -0.597107, 0.0, -0.802162, -0.184389, 0.0, 1.0, 0.0, 0.743765, 0.0, 0.0, 0.0, 1.0],
                [0.802162, 0.0, -0.597107, -5e-06, -0.597107, 0.0, -0.802162, -0.184389, 0.0, 1.0, 0.0, 0.743765, 0.0, 0.0, 0.0, 1.0],
                [0.882112, 0.0, 0.471039, -5e-06, 0.471039, 0.0, -0.882112, -0.503803, 0.0, 1.0, 0.0, 0.586524, 0.0, 0.0, 0.0, 1.0],
                [0.882112, 0.0, 0.471039, -5e-06, 0.471039, 0.0, -0.882112, -0.503803, 0.0, 1.0, 0.0, 0.586524, 0.0, 0.0, 0.0, 1.0]
            ]
        },
        {
            "name": "Thigh_R",
            "time": [0.0, 0.0333, 0.15, 0.2333],
            "transform": [
                [0.909406, 0.307716, -0.279805, 0.124994, 0.227043, -0.930967, -0.285915, -0.002831, -0.34847, 0.196486, -0.916494, -1.2e-05, 0.0, 0.0, 0.0, 1.0],
                [0.909406, 0.307716, -0.279805, 0.124994, 0.227043, -0.930967, -0.285915, -0.002831, -0.34847, 0.196486, -0.916494, -1.2e-05, 0.0, 0.0, 0.0, 1.0],
                [0.944793, 0.272851, 0.181431, 0.124994, 0.122049, -0.806904, 0.577933, -0.002831, 0.304088, -0.523883, -0.795661, -1.2e-05, 0.0, 0.0, 0.0, 1.0],
                [0.944793, 0.291233, 0.150161, 0.124994, 0.122049, -0.738082, 0.663579, -0.002831, 0.304088, -0.608616, -0.732882, -1.2e-05, 0.0, 0.0, 0.0, 1.0]
            ]
        },
        {
            "name": "Leg_R",
            "time": [0.0, 0.0333, 0.2333],
            "transform": [
                [1.0, -0.0, 1e-06, -0.0, 0.0, 0.997612, 0.069073, 0.37472, -1e-06, -0.069073, 0.997611, 0.0, 0.0, 0.0, 0.0, 1.0],
                [1.0, -0.0, 1e-06, -0.0, 0.0, 0.997612, 0.069073, 0.37472, -1e-06, -0.069073, 0.997611, 0.0, 0.0, 0.0, 0.0, 1.0],
                [1.0, -0.0, 1e-06, 0.0, 0.0, 0.997612, 0.069073, 0.37472, -1e-06, -0.069073, 0.997611, 0.0, 0.0, 0.0, 0.0, 1.0]
            ]
        },
        {
            "name": "Knee_R",
            "time": [0.0, 0.0333, 0.2333],
            "transform": [
                [1.0, 0.0, -0.0, -0.0, -0.0, 1e-06, -1.0, 0.37472, -0.0, 1.0, 1e-06, 0.0, 0.0, 0.0, 0.0, 1.0],
                [1.0, 0.0, -0.0, -0.0, -0.0, 1e-06, -1.0, 0.37472, -0.0, 1.0, 1e-06, 0.0, 0.0, 0.0, 0.0, 1.0],
                [1.0, 0.0, -0.0, 0.0, -0.0, 1e-06, -1.0, 0.37472, -0.0, 1.0, 1e-06, 0.0, 0.0, 0.0, 0.0, 1.0]
            ]
        },
        {
            "name": "Thigh_L",
            "time": [0.0, 0.0333, 0.15, 0.2333],
            "transform": [
                [0.934508, -0.227802, -0.273497, -0.125006, -0.092386, -0.897279, 0.431688, -0.002831, -0.343742, -0.378149, -0.85956, -1.2e-05, 0.0, 0.0, 0.0, 1.0],
                [0.934508, -0.227802, -0.273497, -0.125006, -0.092386, -0.897279, 0.431688, -0.002831, -0.343742, -0.378149, -0.85956, -1.2e-05, 0.0, 0.0, 0.0, 1.0],
                [0.972832, -0.228904, -0.03463, -0.125006, -0.208365, -0.800536, -0.561894, -0.002831, 0.100897, 0.553846, -0.826483, -1.2e-05, 0.0, 0.0, 0.0, 1.0],
                [0.961108, -0.257851, -0.098908, -0.125006, -0.26198, -0.737928, -0.621955, -0.002831, 0.087385, 0.623679, -0.776781, -1.2e-05, 0.0, 0.0, 0.0, 1.0]
            ]
        },
        {
            "name": "Leg_L",
            "time": [0.0, 0.0333, 0.2333],
            "transform": [
                [0.999989, -0.003452, -0.00313, 0.0, 0.003782, 0.993653, 0.112423, 0.37472, 0.002722, -0.112434, 0.993656, 0.0, 0.0, 0.0, 0.0, 1.0],
                [0.999989, -0.003452, -0.00313, 0.0, 0.003782, 0.993653, 0.112423, 0.37472, 0.002722, -0.112434, 0.993656, 0.0, 0.0, 0.0, 0.0, 1.0],
                [0.999989, -0.003452, -0.00313, -0.0, 0.003782, 0.993653, 0.112423, 0.37472, 0.002722, -0.112434, 0.993656, 0.0, 0.0, 0.0, 0.0, 1.0]
            ]
        },
        {
            "name": "Knee_L",
            "time": [0.0, 0.0333, 0.2333],
            "transform": [
                [1.0, 0.0, -0.0, 0.0, -0.0, 1e-06, -1.0, 0.37472, -0.0, 1.0, 1e-06, 0.0, 0.0, 0.0, 0.0, 1.0],
                [1.0, 0.0, -0.0, 0.0, -0.0, 1e-06, -1.0, 0.37472, -0.0, 1.0, 1e-06, 0.0, 0.0, 0.0, 0.0, 1.0],
                [1.0, 0.0, -0.0, -0.0, -0.0, 1e-06, -1.0, 0.37472, -0.0, 1.0, 1e-06, 0.0, 0.0, 0.0, 0.0, 1.0]
            ]
        },
        {
            "name": "Torso",
            "time": [0.0, 0.0333, 0.2333],
            "transform": [
                [0.99978, -0.020971, -0.000197, 0.0, 0.020971, 0.999603, 0.018833, 0.05, -0.000198, -0.018833, 0.999823, -0.0, 0.0, 0.0, 0.0, 1.0],
                [0.99978, -0.020971, -0.000197, 0.0, 0.020971, 0.999603, 0.018833, 0.05, -0.000198, -0.018833, 0.999823, -0.0, 0.0, 0.0, 0.0, 1.0],
                [0.99978, -0.020971, -0.000197, 0.0, 0.020971, 0.999603, 0.018833, 0.05, -0.000198, -0.018833, 0.999823, 0.0, 0.0, 0.0, 0.0, 1.0]
            ]
        },
        {
            "name": "Chest",
            "time": [0.0, 0.0333, 0.15, 0.2333],
            "transform": [
                [0.933236, -0.021316, -0.35863, 0.0, 0.057216, 0.994316, 0.08979, 0.3, 0.354677, -0.104315, 0.929152, 0.0, 0.0, 0.0, 0.0, 1.0],
                [0.89432, -0.021316, -0.446921, 0.0, 0.065605, 0.994316, 0.083856, 0.3, 0.442593, -0.104315, 0.890635, 0.0, 0.0, 0.0, 0.0, 1.0],
                [0.868066, -0.194959, 0.456565, 0.0, 0.011164, 0.927097, 0.374656, 0.3, -0.496323, -0.320129, 0.806958, -0.0, 0.0, 0.0, 0.0, 1.0],
                [0.868066, -0.194959, 0.456565, 0.0, 0.011164, 0.927097, 0.374656, 0.3, -0.496323, -0.320129, 0.806958, -0.0, 0.0, 0.0, 0.0, 1.0]
            ]
        },
        {
            "name": "Head",
            "time": [0.0, 0.0333, 0.2333],
            "transform": [
                [0.882355, 0.037721, 0.46907, 0.0, -0.009949, 0.998055, -0.061545, 0.4, -0.470479, 0.049637, 0.881014, -0.0, 0.0, 0.0, 0.0, 1.0],
                [0.882355, 0.037721, 0.46907, 0.0, -0.009949, 0.998055, -0.061545, 0.4, -0.470479, 0.049637, 0.881014, -0.0, 0.0, 0.0, 0.0, 1.0],
                [0.975394, 0.037721, -0.217219, 0.0, -0.047571, 0.998055, -0.040295, 0.4, 0.215276, 0.049637, 0.975291, 0.0, 0.0, 0.0, 0.0, 1.0]
            ]
        },
        {
            "name": "Shoulder_R",
            "time": [0.0, 0.0333, 0.15, 0.2333],
            "transform": [
                [0.27416, 0.925937, 0.259762, 0.0, 0.04319, -0.281694, 0.958532, 0.4, 0.960714, -0.251572, -0.11722, -0.0, 0.0, 0.0, 0.0, 1.0],
                [0.27416, 0.925937, 0.259762, 0.0, 0.04319, -0.281694, 0.958532, 0.4, 0.960714, -0.251572, -0.11722, -0.0, 0.0, 0.0, 0.0, 1.0],
                [0.540655, 0.800135, 0.259762, 0.0, -0.04378, -0.281602, 0.958532, 0.4, 0.840104, -0.529607, -0.11722, 0.0, 0.0, 0.0, 0.0, 1.0],
                [0.540655, 0.800135, 0.259762, 0.0, -0.04378, -0.281602, 0.958532, 0.4, 0.840104, -0.529607, -0.11722, 0.0, 0.0, 0.0, 0.0, 1.0]
            ]
        },
        {
            "name": "Arm_R",
            "time": [0.0, 0.0333, 0.15, 0.2333],
            "transform": [
                [0.139084, -0.198727, 0.970136, -0.0, 0.465057, 0.878015, 0.113184, 0.39386, -0.874287, 0.435427, 0.214537, -0.0, 0.0, 0.0, 0.0, 1.0],
                [0.139084, -0.028862, 0.98986, 0.0, 0.465058, 0.884396, -0.039558, 0.393861, -0.874287, 0.465844, 0.136427, -0.0, 0.0, 0.0, 0.0, 1.0],
                [0.139083, -0.915964, 0.376386, 0.0, 0.465058, 0.395975, 0.791786, 0.39386, -0.874287, 0.064917, 0.48105, -0.0, 0.0, 0.0, 0.0, 1.0],
                [0.139084, -0.974114, 0.178206, 0.0, 0.465057, 0.223127, 0.856701, 0.39386, -0.874287, -0.036277, 0.484052, -0.0, 0.0, 0.0, 0.0, 1.0]
            ]
        },
        {
            "name": "Hand_R",
            "time": [0.0, 0.0333, 0.15, 0.2333],
            "transform": [
                [0.999998, 0.000858, 0.001609, -0.0, 0.000868, 0.551872, -0.833928, 0.3, -0.001603, 0.833928, 0.55187, 0.0, 0.0, 0.0, 0.0, 1.0],
                [0.999998, 0.001031, 0.001503, -0.0, 0.000868, 0.455979, -0.88999, 0.3, -0.001603, 0.88999, 0.455978, -0.0, 0.0, 0.0, 0.0, 1.0],
                [0.999998, -0.000537, 0.001742, 0.0, 0.000868, 0.980613, -0.195951, 0.3, -0.001603, 0.195952, 0.980612, -0.0, 0.0, 0.0, 0.0, 1.0],
                [0.999998, -0.000537, 0.001742, 0.0, 0.000868, 0.980613, -0.195951, 0.3, -0.001603, 0.195952, 0.980612, -0.0, 0.0, 0.0, 0.0, 1.0]
            ]
        },
        {
            "name": "Tool_R",
            "time": [0.0, 0.0333, 0.2333],
            "transform": [
                [0.993314, -0.054493, -0.101777, -0.004417, -0.088154, -0.927265, -0.363881, 0.276532, -0.074502, 0.37019, -0.925324, 0.042926, 0.0, 0.0, 0.0, 1.0],
                [0.993314, -0.054493, -0.101777, -0.004417, -0.088154, -0.927265, -0.363881, 0.276532, -0.074502, 0.37019, -0.925324, 0.042926, 0.0, 0.0, 0.0, 1.0],
                [0.993314, -0.054493, -0.101777, -0.004417, -0.088154, -0.927265, -0.36388, 0.276532, -0.074502, 0.37019, -0.925324, 0.042926, 0.0, 0.0, 0.0, 1.0]
            ]
        },
        {
            "name": "Elbow_R",
            "time": [0.0, 0.0333, 0.2333],
            "transform": [
                [-1.0, 0.0, -0.0, 0.0, 0.0, -0.0, -1.0, 0.296315, -0.0, -1.0, 0.0, 0.0, 0.0, 0.0, 0.0, 1.0],
                [-1.0, 0.0, 0.0, -0.0, 0.0, -0.0, -1.0, 0.296315, -0.0, -1.0, 0.0, -0.0, 0.0, 0.0, 0.0, 1.0],
                [-1.0, 0.0, -0.0, -0.0, 0.0, -0.0, -1.0, 0.296315, -0.0, -1.0, 0.0, -0.0, 0.0, 0.0, 0.0, 1.0]
            ]
        },
        {
            "name": "Shoulder_L",
            "time": [0.0, 0.0333, 0.2333],
            "transform": [
                [-0.226937, -0.879834, -0.417602, 0.0, -0.021067, -0.424255, 0.905298, 0.4, -0.973682, 0.214243, 0.077744, -0.0, 0.0, 0.0, 0.0, 1.0],
                [-0.226937, -0.879834, -0.417602, 0.0, -0.021067, -0.424255, 0.905298, 0.4, -0.973682, 0.214244, 0.077744, -0.0, 0.0, 0.0, 0.0, 1.0],
                [-0.226937, -0.879834, -0.417602, 0.0, -0.021067, -0.424255, 0.905298, 0.4, -0.973682, 0.214243, 0.077744, 0.0, 0.0, 0.0, 0.0, 1.0]
            ]
        },
        {
            "name": "Arm_L",
            "time": [0.0, 0.0333, 0.2333],
            "transform": [
                [-0.009254, -0.070166, 0.997492, -0.0, -0.713545, 0.699315, 0.042572, 0.39386, -0.700549, -0.711361, -0.056538, 0.0, 0.0, 0.0, 0.0, 1.0],
                [-0.016647, -0.068788, 0.997492, 0.0, -0.635314, 0.771079, 0.042572, 0.39386, -0.772074, -0.633012, -0.056538, -0.0, 0.0, 0.0, 0.0, 1.0],
                [-0.016647, -0.124063, 0.992135, 0.0, -0.635314, 0.767526, 0.085317, 0.39386, -0.772074, -0.628897, -0.091596, -0.0, 0.0, 0.0, 0.0, 1.0]
            ]
        },
        {
            "name": "Hand_L",
            "time": [0.0, 0.0333, 0.2333],
            "transform": [
                [0.999993, -0.001541, -0.00347, 0.0, 0.000938, 0.985901, -0.167329, 0.3, 0.003679, 0.167324, 0.985895, -0.0, 0.0, 0.0, 0.0, 1.0],
                [0.999993, -0.001541, -0.00347, -0.0, 0.000938, 0.985901, -0.167329, 0.3, 0.003679, 0.167324, 0.985895, 0.0, 0.0, 0.0, 0.0, 1.0],
                [0.999993, -0.001541, -0.00347, -0.0, 0.000938, 0.985901, -0.167329, 0.3, 0.003679, 0.167324, 0.985895, 0.0, 0.0, 0.0, 0.0, 1.0]
            ]
        },
        {
            "name": "Tool_L",
            "time": [0.0, 0.0333, 0.2333],
            "transform": [
                [0.997004, 0.01104, -0.076554, -0.0, -0.036659, -0.804079, -0.593391, 0.272858, -0.068067, 0.594062, -0.8008, -0.0, 0.0, 0.0, 0.0, 1.0],
                [0.997004, 0.01104, -0.076554, -0.0, -0.036659, -0.804079, -0.593391, 0.272858, -0.068067, 0.594062, -0.8008, -0.0, 0.0, 0.0, 0.0, 1.0],
                [0.997004, 0.01104, -0.076554, -0.0, -0.036659, -0.804079, -0.593391, 0.272858, -0.068067, 0.594062, -0.8008, -0.0, 0.0, 0.0, 0.0, 1.0]
            ]
        },
        {
            "name": "Elbow_L",
            "time": [0.0, 0.0333, 0.2333],
            "transform": [
                [-1.0, 0.0, -0.0, 2.7e-05, 0.0, -0.0, -1.0, 0.396148, -0.0, -1.0, -0.0, -0.002121, 0.0, 0.0, 0.0, 1.0],
                [-1.0, 0.0, -0.0, 2.7e-05, 0.0, -0.0, -1.0, 0.396148, -0.0, -1.0, -0.0, -0.002121, 0.0, 0.0, 0.0, 1.0],
                [-1.0, 0.0, -0.0, 2.7e-05, 0.0, -0.0, -1.0, 0.396148, -0.0, -1.0, -0.0, -0.00212, 0.0, 0.0, 0.0, 1.0]
            ]
        }
    ]
}