{
    "animation": [
        {
            "name": "Root",
            "time": [0.0, 0.0333, 0.15, 0.2333],
            "transform": [
                [0.802162, 0.0, -0.597107, -5e-06, -0.597107, 0.0, -0.802162, -0.184389, 0.0, 1.0, 0.0, 0.743765, 0.0, 0.0, 0.0, 1.0],
                [0.802162, 0.0, -0.597107, -5e-06, -0.597107, 0.0, -0.802162, -0.184389, 0.0, 1.0, 0.0, 0.743765, 0.0, 0.0, 0.0, 1.0],
                [0.99982, 0.0, 0.018994, 0.010744, 0.018994, 0.0, -0.99982, -0.75017, 0.0, 1.0, 0.0, 0.687276, 0.0, 0.0, 0.0, 1.0],
                [0.99982, 0.0, 0.018994, 0.010744, 0.018994, 0.0, -0.99982, -0.75017, 0.0, 1.0, 0.0, 0.687276, 0.0, 0.0, 0.0, 1.0]
            ]
        },
        {
            "name": "Thigh_R",
            "time": [0.0, 0.0333, 0.15, 0.2333],
            "transform": [
                [0.909406, 0.307716, -0.279805, 0.124994, 0.227043, -0.930967, -0.285915, -0.002831, -0.34847, 0.196486, -0.916494, -1.2e-05, 0.0, 0.0, 0.0, 1.0],
                [0.909406, 0.307716, -0.279805, 0.124994, 0.227043, -0.930967, -0.285915, -0.002831, -0.34847, 0.196486, -0.916494, -1.2e-05, 0.0, 0.0, 0.0, 1.0],
                [0.949387, 0.190052, -0.250087, 0.124994, 0.28674, -0.849421, 0.443013, -0.002831, -0.128234, -0.4923, -0.860927, -1.2e-05, 0.0, 0.0, 0.0, 1.0],
                [0.949387, 0.168623, -0.265009, 0.124994, 0.28674, -0.809688, 0.512037, -0.002831, -0.128234, -0.562109, -0.817061, -1.2e-05, 0.0, 0.0, 0.0, 1.0]
            ]
        },
        {
            "name": "Leg_R",
            "time": [0.0, 0.0333, 0.2333],
            "transform": [
                [1.0, -0.0, 1e-06, -0.0, 0.0, 0.997612, 0.069073, 0.37472, -1e-06, -0.069073, 0.997611, 0.0, 0.0, 0.0, 0.0, 1.0],
                [1.0, -0.0, 1e-06, -0.0, 0.0, 0.997612, 0.069073, 0.37472, -1e-06, -0.069073, 0.997611, 0.0, 0.0, 0.0, 0.0, 1.0],
                [1.0, -0.0, 1e-06, 0.0, 0.0, 0.997612, 0.069073, 0.37472, -1e-06, -0.069073, 0.997611, -0.0, 0.0, 0.0, 0.0, 1.0]
            ]
        },
        {
            "name": "Knee_R",
            "time": [0.0, 0.0333, 0.2333],
            "transform": [
                [1.0, 0.0, -0.0, -0.0, -0.0, 1e-06, -1.0, 0.37472, -0.0, 1.0, 1e-06, 0.0, 0.0, 0.0, 0.0, 1.0],
                [1.0, 0.0, -0.0, -0.0, -0.0, 1e-06, -1.0, 0.37472, -0.0, 1.0, 1e-06, 0.0, 0.0, 0.0, 0.0, 1.0],
                [1.0, 0.0, -0.0, 0.0, -0.0, 1e-06, -1.0, 0.37472, -0.0, 1.0, 1e-06, -0.0, 0.0, 0.0, 0.0, 1.0]
            ]
        },
        {
            "name": "Thigh_L",
            "time": [0.0, 0.0333, 0.15, 0.2333],
            "transform": [
                [0.934508, -0.227802, -0.273497, -0.125006, -0.092386, -0.897279, 0.431688, -0.002831, -0.343742, -0.378149, -0.85956, -1.2e-05, 0.0, 0.0, 0.0, 1.0],
                [0.934508, -0.227802, -0.273497, -0.125006, -0.092386, -0.897279, 0.431688, -0.002831, -0.343742, -0.378149, -0.85956, -1.2e-05, 0.0, 0.0, 0.0, 1.0],
                [0.928379, -0.136225, -0.345766, -0.125006, -0.2956, -0.834569, -0.464882, -0.002831, -0.225237, 0.533796, -0.815064, -1.2e-05, 0.0, 0.0, 0.0, 1.0],
                [0.928379, -0.116255, -0.352982, -0.125006, -0.2956, -0.806655, -0.511789, -0.002831, -0.225237, 0.579477, -0.783246, -1.2e-05, 0.0, 0.0, 0.0, 1.0]
            ]
        },
        {
            "name": "Leg_L",
            "time": [0.0, 0.0333, 0.2333],
            "transform": [
                [0.999989, -0.003452, -0.00313, 0.0, 0.003782, 0.993653, 0.112423, 0.37472, 0.002722, -0.112434, 0.993656, 0.0, 0.0, 0.0, 0.0, 1.0],
                [0.999989, -0.003452, -0.00313, 0.0, 0.003782, 0.993653, 0.112423, 0.37472, 0.002722, -0.112434, 0.993656, 0.0, 0.0, 0.0, 0.0, 1.0],
                [0.999989, -0.003452, -0.00313, 0.0, 0.003782, 0.993653, 0.112423, 0.37472, 0.002723, -0.112434, 0.993656, 0.0, 0.0, 0.0, 0.0, 1.0]
            ]
        },
        {
            "name": "Knee_L",
            "time": [0.0, 0.0333, 0.2333],
            "transform": [
                [1.0, 0.0, -0.0, 0.0, -0.0, 1e-06, -1.0, 0.37472, -0.0, 1.0, 1e-06, 0.0, 0.0, 0.0, 0.0, 1.0],
                [1.0, 0.0, -0.0, 0.0, -0.0, 1e-06, -1.0, 0.37472, -0.0, 1.0, 1e-06, 0.0, 0.0, 0.0, 0.0, 1.0],
                [1.0, 0.0, -0.0, 0.0, -0.0, 1e-06, -1.0, 0.37472, -0.0, 1.0, 1e-06, 0.0, 0.0, 0.0, 0.0, 1.0]
            ]
        },
        {
            "name": "Torso",
            "time": [0.0, 0.0333, 0.15, 0.2333],
            "transform": [
                [0.99978, -0.020971, -0.000197, 0.0, 0.020971, 0.999603, 0.018833, 0.05, -0.000198, -0.018833, 0.999823, -0.0, 0.0, 0.0, 0.0, 1.0],
                [0.99978, -0.020971, -0.000197, 0.0, 0.020971, 0.999603, 0.018833, 0.05, -0.000198, -0.018833, 0.999823, -0.0, 0.0, 0.0, 0.0, 1.0],
                [0.958345, -0.020971, 0.284841, 0.0, 0.014732, 0.999603, 0.024031, 0.05, -0.285232, -0.018833, 0.958273, -0.0, 0.0, 0.0, 0.0, 1.0],
                [0.958345, -0.020971, 0.284841, 0.0, 0.014732, 0.999603, 0.024031, 0.05, -0.285232, -0.018833, 0.958273, -0.0, 0.0, 0.0, 0.0, 1.0]
            ]
        },
        {
            "name": "Chest",
            "time": [0.0, 0.0333, 0.15, 0.2333],
            "transform": [
                [0.933236, -0.021316, -0.35863, 0.0, 0.057216, 0.994316, 0.08979, 0.3, 0.354677, -0.104315, 0.929152, 0.0, 0.0, 0.0, 0.0, 1.0],
                [0.879452, -0.021316, -0.47551, 0.0, 0.068274, 0.994316, 0.081699, 0.3, 0.471066, -0.104315, 0.875908, 0.0, 0.0, 0.0, 0.0, 1.0],
                [0.586815, -0.021316, 0.809441, 0.0, -0.072032, 0.994316, 0.078405, 0.3, -0.806511, -0.104315, 0.581944, -0.0, 0.0, 0.0, 0.0, 1.0],
                [0.694715, -0.150209, 0.703426, 0.0, -0.060302, 0.962346, 0.265054, 0.3, -0.716753, -0.226555, 0.659499, -0.0, 0.0, 0.0, 0.0, 1.0]
            ]
        },
        {
            "name": "Head",
            "time": [0.0, 0.0333, 0.2333],
            "transform": [
                [0.882355, 0.037721, 0.46907, 0.0, -0.009949, 0.998055, -0.061545, 0.4, -0.470479, 0.049637, 0.881014, -0.0, 0.0, 0.0, 0.0, 1.0],
                [0.666548, 0.037721, 0.744507, -0.0, 0.011878, 0.998055, -0.061202, 0.4, -0.745368, 0.049637, 0.664803, 0.0, 0.0, 0.0, 0.0, 1.0],
                [0.49518, 0.037721, -0.867971, 0.0, -0.061814, 0.998055, 0.008109, 0.4, 0.866589, 0.049637, 0.496549, 0.0, 0.0, 0.0, 0.0, 1.0]
            ]
        },
        {
            "name": "Shoulder_R",
            "time": [0.0, 0.0333, 0.15, 0.2333],
            "transform": [
                [0.27416, 0.925937, 0.259762, 0.0, 0.04319, -0.281694, 0.958532, 0.4, 0.960714, -0.251572, -0.11722, -0.0, 0.0, 0.0, 0.0, 1.0],
                [0.27416, 0.925937, 0.259762, -0.0, 0.04319, -0.281694, 0.958532, 0.4, 0.960714, -0.251572, -0.11722, 0.0, 0.0, 0.0, 0.0, 1.0],
                [0.449738, 0.854552, 0.259761, -0.0, -0.012664, -0.284704, 0.958532, 0.4, 0.89307, -0.434378, -0.11722, -0.0, 0.0, 0.0, 0.0, 1.0],
                [0.449738, 0.854552, 0.259762, 0.0, -0.012664, -0.284704, 0.958532, 0.4, 0.893071, -0.434378, -0.11722, 0.0, 0.0, 0.0, 0.0, 1.0]
            ]
        },
        {
            "name": "Arm_R",
            "time": [0.0, 0.0333, 0.15, 0.2333],
            "transform": [
                [0.232253, -0.291082, -0.928079, -0.0, 0.685223, 0.726156, -0.056273, 0.39386, 0.69031, -0.622871, 0.368108, -0.0, 0.0, 0.0, 0.0, 1.0],
                [0.050524, -0.24313, -0.968677, -0.0, 0.661823, 0.734532, -0.149843, 0.39386, 0.747956, -0.633522, 0.19802, 0.0, 0.0, 0.0, 0.0, 1.0],
                [0.153928, -0.95736, 0.244473, 0.0, -0.139754, -0.266029, -0.953781, 0.393861, 0.978149, 0.112648, -0.174744, 0.0, 0.0, 0.0, 0.0, 1.0],
                [0.153928, -0.90476, -0.397133, -0.0, -0.139754, 0.377947, -0.915219, 0.39386, 0.978149, 0.196379, -0.068267, -0.0, 0.0, 0.0, 0.0, 1.0]
            ]
        },
        {
            "name": "Hand_R",
            "time": [0.0, 0.0333, 0.2333],
            "transform": [
                [0.999998, -0.000799, 0.001639, 0.0, 0.000868, 0.999086, -0.042728, 0.3, -0.001603, 0.042729, 0.999085, -0.0, 0.0, 0.0, 0.0, 1.0],
                [0.999998, -0.000901, 0.001585, -0.0, 0.000868, 0.99979, 0.020495, 0.3, -0.001603, -0.020493, 0.999789, -0.0, 0.0, 0.0, 0.0, 1.0],
                [0.984697, -0.156197, 0.077291, -0.0, 0.17376, 0.845882, -0.504273, 0.3, 0.013387, 0.509986, 0.860078, 0.0, 0.0, 0.0, 0.0, 1.0]
            ]
        },
        {
            "name": "Tool_R",
            "time": [0.0, 0.0333, 0.15, 0.2333],
            "transform": [
                [0.993314, -0.054493, -0.101777, -0.004417, -0.088154, -0.927265, -0.363881, 0.276532, -0.074502, 0.37019, -0.925324, 0.042926, 0.0, 0.0, 0.0, 1.0],
                [0.993314, -0.054493, -0.101777, -0.004417, -0.088154, -0.927265, -0.363881, 0.276532, -0.074502, 0.37019, -0.925324, 0.042926, 0.0, 0.0, 0.0, 1.0],
                [0.993288, 0.095724, 0.064927, -0.004417, -0.088484, 0.990372, -0.106462, 0.276532, -0.074449, 0.099954, 0.991606, 0.042926, 0.0, 0.0, 0.0, 1.0],
                [0.993288, 0.095724, 0.064927, -0.004417, -0.088484, 0.990372, -0.106462, 0.276532, -0.074449, 0.099954, 0.991606, 0.042926, 0.0, 0.0, 0.0, 1.0]
            ]
        },
        {
            "name": "Elbow_R",
            "time": [0.0, 0.0333, 0.2333],
            "transform": [
                [-1.0, 0.0, -0.0, 0.0, 0.0, 0.0, -1.0, 0.296315, -0.0, -1.0, 0.0, -0.0, 0.0, 0.0, 0.0, 1.0],
                [-1.0, 0.0, 0.0, -0.0, -0.0, -0.0, -1.0, 0.296315, -0.0, -1.0, 0.0, -0.0, 0.0, 0.0, 0.0, 1.0],
                [-1.0, 0.0, -0.0, -0.0, 0.0, 0.0, -1.0, 0.296315, -0.0, -1.0, 0.0, 0.0, 0.0, 0.0, 0.0, 1.0]
            ]
        },
        {
            "name": "Shoulder_L",
            "time": [0.0, 0.0333, 0.2333],
            "transform": [
                [-0.226937, -0.879834, -0.417602, 0.0, -0.021067, -0.424255, 0.905298, 0.4, -0.973682, 0.214243, 0.077744, -0.0, 0.0, 0.0, 0.0, 1.0],
                [-0.226937, -0.879834, -0.417602, -0.0, -0.021067, -0.424255, 0.905298, 0.4, -0.973681, 0.214244, 0.077744, 0.0, 0.0, 0.0, 0.0, 1.0],
                [-0.226937, -0.879834, -0.417602, 0.0, -0.021067, -0.424255, 0.905298, 0.4, -0.973681, 0.214243, 0.077744, 0.0, 0.0, 0.0, 0.0, 1.0]
            ]
        },
        {
            "name": "Arm_L",
            "time": [0.0, 0.0333, 0.2333],
            "transform": [
                [-0.009254, -0.070166, 0.997492, -0.0, -0.713545, 0.699315, 0.042572, 0.39386, -0.700549, -0.711361, -0.056538, 0.0, 0.0, 0.0, 0.0, 1.0],
                [-0.017539, -0.068566, 0.997492, 0.0, -0.625246, 0.779266, 0.042572, 0.39386, -0.780231, -0.622931, -0.056538, 0.0, 0.0, 0.0, 0.0, 1.0],
                [-0.011424, -0.046163, 0.998869, 0.0, -0.546228, 0.837008, 0.032435, 0.39386, -0.837558, -0.54524, -0.034778, 0.0, 0.0, 0.0, 0.0, 1.0]
            ]
        },
        {
            "name": "Hand_L",
            "time": [0.0, 0.0333, 0.2333],
            "transform": [
                [0.999993, -0.001541, -0.00347, 0.0, 0.000938, 0.985901, -0.167329, 0.3, 0.003679, 0.167324, 0.985895, -0.0, 0.0, 0.0, 0.0, 1.0],
                [0.999993, -0.001541, -0.00347, -0.0, 0.000938, 0.985901, -0.167329, 0.3, 0.003679, 0.167324, 0.985895, 0.0, 0.0, 0.0, 0.0, 1.0],
                [0.999993, -0.001541, -0.00347, 0.0, 0.000938, 0.985901, -0.167329, 0.3, 0.003679, 0.167324, 0.985895, 0.0, 0.0, 0.0, 0.0, 1.0]
            ]
        },
        {
            "name": "Tool_L",
            "time": [0.0, 0.0333, 0.2333],
            "transform": [
                [0.997004, 0.01104, -0.076554, -0.0, -0.036659, -0.804079, -0.593391, 0.272858, -0.068067, 0.594062, -0.8008, -0.0, 0.0, 0.0, 0.0, 1.0],
                [0.997004, 0.01104, -0.076554, -0.0, -0.036659, -0.804079, -0.593391, 0.272858, -0.068067, 0.594062, -0.800801, -0.0, 0.0, 0.0, 0.0, 1.0],
                [0.997004, 0.01104, -0.076554, 0.0, -0.036659, -0.804079, -0.593391, 0.272858, -0.068067, 0.594062, -0.8008, -0.0, 0.0, 0.0, 0.0, 1.0]
            ]
        },
        {
            "name": "Elbow_L",
            "time": [0.0, 0.0333, 0.2333],
            "transform": [
                [-1.0, 0.0, -0.0, 2.7e-05, 0.0, -0.0, -1.0, 0.396148, -0.0, -1.0, -0.0, -0.002121, 0.0, 0.0, 0.0, 1.0],
                [-1.0, 0.0, -0.0, 2.7e-05, 0.0, -0.0, -1.0, 0.396147, -0.0, -1.0, -0.0, -0.002121, 0.0, 0.0, 0.0, 1.0],
                [-1.0, 0.0, -0.0, 2.7e-05, 0.0, -0.0, -1.0, 0.396148, -0.0, -1.0, -0.0, -0.002121, 0.0, 0.0, 0.0, 1.0]
            ]
        }
    ]
}