{
    "animation": [
        {
            "name": "Root",
            "time": [0.0, 0.1, 0.1833, 0.3167, 0.45, 0.4833, 0.5167, 0.55, 0.7167, 0.8833, 1.0167, 1.2667, 1.4667, 1.6667, 1.8, 1.9, 2.1833],
            "transform": [
                [0.772761, -0.059774, -0.631876, 0.008951, -0.631298, 0.030501, -0.77494, -0.033656, 0.065595, 0.997746, -0.014165, 0.585593, 0.0, 0.0, 0.0, 1.0],
                [0.761186, -0.105522, -0.639892, -0.038666, -0.648419, -0.142399, -0.747847, -0.368037, -0.012205, 0.984169, -0.176815, 0.688147, 0.0, 0.0, 0.0, 1.0],
                [0.759628, -0.104915, -0.64184, -0.0525, -0.649211, -0.180914, -0.738779, -0.436517, -0.038609, 0.977887, -0.205539, 0.709149, 0.0, 0.0, 0.0, 1.0],
                [0.861362, -0.351365, 0.366876, -0.01342, 0.366434, -0.070431, -0.927775, -0.215668, 0.351827, 0.933585, 0.068086, 0.873666, 0.0, 0.0, 0.0, 1.0],
                [0.54135, -0.374528, 0.752774, -0.034652, 0.836387, 0.331456, -0.43657, 0.152033, -0.086004, 0.865948, 0.492684, 0.543025, 0.0, 0.0, 0.0, 1.0],
                [0.539464, -0.348897, 0.766322, -0.039406, 0.836359, 0.327285, -0.439759, 0.157259, -0.097376, 0.878154, 0.468362, 0.5139, 0.0, 0.0, 0.0, 1.0],
                [0.539119, -0.332587, 0.773781, -0.0407, 0.835675, 0.32563, -0.442281, 0.155497, -0.104869, 0.885071, 0.453488, 0.580011, 0.0, 0.0, 0.0, 1.0],
                [0.539865, -0.321819, 0.777804, -0.04226, 0.834362, 0.326764, -0.443921, 0.159595, -0.111296, 0.888627, 0.444922, 0.559262, 0.0, 0.0, 0.0, 1.0],
                [0.544112, -0.304028, 0.781991, -0.04472, 0.829673, 0.333654, -0.447569, 0.163281, -0.124841, 0.892324, 0.433789, 0.558989, 0.0, 0.0, 0.0, 1.0],
                [0.544112, -0.304028, 0.781991, -0.04472, 0.829673, 0.333654, -0.447569, 0.163281, -0.124841, 0.892324, 0.433789, 0.558989, 0.0, 0.0, 0.0, 1.0],
                [0.426828, -0.281914, 0.859269, -0.049479, 0.89853, 0.23967, -0.367698, 0.043549, -0.102281, 0.929022, 0.355606, 0.736137, 0.0, 0.0, 0.0, 1.0],
                [0.086468, -0.188322, 0.978293, -0.02361, 0.996214, 0.025223, -0.083196, 0.009111, -0.009008, 0.981783, 0.18979, 0.747042, 0.0, 0.0, 0.0, 1.0],
                [0.086468, -0.188322, 0.978293, -0.02361, 0.996214, 0.025223, -0.083196, 0.009111, -0.009008, 0.981783, 0.18979, 0.747042, 0.0, 0.0, 0.0, 1.0],
                [0.863409, -0.09377, 0.495714, -0.012415, 0.502205, 0.066032, -0.862224, 0.005239, 0.048118, 0.993402, 0.104104, 0.745488, 0.0, 0.0, 0.0, 1.0],
                [0.969865, -0.110304, 0.217242, -0.014073, 0.223427, 0.047058, -0.973584, 0.011749, 0.097167, 0.992783, 0.070285, 0.780671, 0.0, 0.0, 0.0, 1.0],
                [0.602844, -0.018155, -0.797653, -0.003876, -0.797157, 0.028229, -0.603112, 0.002285, 0.033466, 0.999437, 0.002546, 0.744302, 0.0, 0.0, 0.0, 1.0],
                [0.854689, 0.0, -0.51914, -5e-06, -0.51914, 0.0, -0.854689, 0.000946, 0.0, 1.0, 0.0, 0.743765, 0.0, 0.0, 0.0, 1.0]
            ]
        },
        {
            "name": "Thigh_R",
            "time": [0.0, 0.1, 0.1833, 0.3167, 0.45, 0.7167, 0.8833, 1.0167, 1.2667, 1.4667, 1.6667, 1.8, 1.9, 2.1833],
            "transform": [
                [0.80956, 0.455479, 0.37034, 0.208435, 0.494871, -0.868867, -0.013167, 0.012917, 0.315778, 0.19393, -0.928804, 0.078186, 0.0, 0.0, 0.0, 1.0],
                [0.804513, 0.437566, 0.401614, 0.208435, 0.428202, -0.895902, 0.11833, 0.012917, 0.411584, 0.076774, -0.908133, 0.078186, 0.0, 0.0, 0.0, 1.0],
                [0.818644, 0.400259, 0.411843, 0.208435, 0.3787, -0.915348, 0.136837, 0.012917, 0.431749, 0.043945, -0.900923, 0.078186, 0.0, 0.0, 0.0, 1.0],
                [0.908302, 0.282341, 0.308661, 0.169804, 0.058021, -0.815765, 0.575466, -0.016568, 0.414272, -0.504787, -0.757344, 0.044838, 0.0, 0.0, 0.0, 1.0],
                [0.797834, 0.601884, -0.034591, 0.209519, 0.08488, -0.055338, 0.994854, 0.042657, 0.596872, -0.796664, -0.095239, 0.01535, 0.0, 0.0, 0.0, 1.0],
                [0.816257, 0.57763, 0.008291, 0.216689, 0.048158, -0.082341, 0.995441, 0.05335, 0.575678, -0.812135, -0.095029, 0.008028, 0.0, 0.0, 0.0, 1.0],
                [0.816257, 0.57763, 0.008291, 0.216689, 0.048158, -0.082341, 0.995441, 0.05335, 0.575678, -0.812135, -0.095029, 0.008028, 0.0, 0.0, 0.0, 1.0],
                [0.886377, 0.405235, 0.223875, 0.128176, 0.032728, -0.537204, 0.842817, -0.000881, 0.461805, -0.739727, -0.489429, 0.000267, 0.0, 0.0, 0.0, 1.0],
                [0.713891, 0.292913, 0.636051, 0.124994, -0.040967, -0.889286, 0.455514, -0.002831, 0.699057, -0.351244, -0.622854, -1.2e-05, 0.0, 0.0, 0.0, 1.0],
                [0.713891, 0.292913, 0.636051, 0.124994, -0.040967, -0.889286, 0.455514, -0.002831, 0.699057, -0.351244, -0.622854, -1.2e-05, 0.0, 0.0, 0.0, 1.0],
                [0.91442, 0.180111, 0.362486, 0.124994, 0.078294, -0.957335, 0.278173, -0.002831, 0.397122, -0.225986, -0.889509, -1.2e-05, 0.0, 0.0, 0.0, 1.0],
                [0.936265, 0.247229, 0.24957, 0.128152, 0.104649, -0.874464, 0.473669, -0.003295, 0.335344, -0.417362, -0.844603, 0.002229, 0.0, 0.0, 0.0, 1.0],
                [0.886758, 0.324854, 0.32883, 0.163978, 0.230573, -0.927438, 0.294438, -0.046042, 0.400619, -0.185276, -0.897317, 0.037176, 0.0, 0.0, 0.0, 1.0],
                [0.992812, 0.117851, -0.020883, 0.124994, 0.118536, -0.99232, 0.035348, -0.002831, -0.016557, -0.037569, -0.999157, -1.2e-05, 0.0, 0.0, 0.0, 1.0]
            ]
        },
        {
            "name": "Leg_R",
            "time": [0.0, 0.1, 0.1833, 0.3167, 0.45, 0.7167, 0.8833, 1.0167, 1.2667, 1.4667, 1.6667, 1.8, 1.9, 2.1833],
            "transform": [
                [1.0, -0.0, 1e-06, -0.0, 0.0, 0.929281, 0.369375, 0.37472, -1e-06, -0.369376, 0.929279, 0.0, 0.0, 0.0, 0.0, 1.0],
                [1.0, -1e-06, 1e-06, 0.0, 0.0, 0.826292, 0.563242, 0.37472, -1e-06, -0.563243, 0.826291, 0.0, 0.0, 0.0, 0.0, 1.0],
                [1.0, -0.0, 1e-06, 0.0, 0.0, 0.800128, 0.599829, 0.37472, -1e-06, -0.59983, 0.800127, -0.0, 0.0, 0.0, 0.0, 1.0],
                [1.0, -1e-06, 0.0, 0.0, 0.0, 0.386438, 0.922315, 0.37472, -1e-06, -0.922316, 0.386437, 0.0, 0.0, 0.0, 0.0, 1.0],
                [1.0, -1e-06, 0.0, -0.0, 0.0, 0.451977, 0.892029, 0.37472, -1e-06, -0.892031, 0.451976, 0.0, 0.0, 0.0, 0.0, 1.0],
                [1.0, -1e-06, 0.0, -0.0, 0.0, 0.5361, 0.844154, 0.37472, -1e-06, -0.844155, 0.5361, 0.0, 0.0, 0.0, 0.0, 1.0],
                [1.0, -1e-06, 0.0, -0.0, 0.0, 0.5361, 0.844154, 0.37472, -1e-06, -0.844155, 0.5361, 0.0, 0.0, 0.0, 0.0, 1.0],
                [1.0, -1e-06, 0.0, -0.0, 0.0, 0.606807, 0.794849, 0.37472, -1e-06, -0.79485, 0.606806, 0.0, 0.0, 0.0, 0.0, 1.0],
                [1.0, -0.0, 1e-06, -0.0, 0.0, 0.937624, 0.347652, 0.37472, -1e-06, -0.347653, 0.937623, -0.0, 0.0, 0.0, 0.0, 1.0],
                [1.0, -0.0, 1e-06, -0.0, 0.0, 0.937624, 0.347652, 0.37472, -1e-06, -0.347653, 0.937623, -0.0, 0.0, 0.0, 0.0, 1.0],
                [1.0, -0.0, 1e-06, -0.0, 0.0, 0.976015, 0.217706, 0.37472, -1e-06, -0.217706, 0.976014, 0.0, 0.0, 0.0, 0.0, 1.0],
                [1.0, -1e-06, 1e-06, -0.0, 0.0, 0.771969, 0.63566, 0.37472, -1e-06, -0.635661, 0.771968, -0.0, 0.0, 0.0, 0.0, 1.0],
                [1.0, -0.0, 1e-06, 0.0, 0.0, 0.993288, 0.115674, 0.37472, -1e-06, -0.115674, 0.993286, -0.0, 0.0, 0.0, 0.0, 1.0],
                [1.0, -0.0, 1e-06, 0.0, 0.0, 0.997612, 0.069073, 0.37472, -1e-06, -0.069073, 0.997611, 0.0, 0.0, 0.0, 0.0, 1.0]
            ]
        },
        {
            "name": "Knee_R",
            "time": [0.0, 0.1, 0.1833, 0.3167, 0.45, 0.7167, 0.8833, 1.2667, 1.4667, 1.6667, 1.8, 1.9, 2.1833],
            "transform": [
                [1.0, 0.0, -0.0, -0.0, -0.0, 1e-06, -1.0, 0.37472, -0.0, 1.0, 1e-06, 0.0, 0.0, 0.0, 0.0, 1.0],
                [1.0, 0.0, -0.0, 0.0, -0.0, 1e-06, -1.0, 0.37472, -0.0, 1.0, 1e-06, 0.0, 0.0, 0.0, 0.0, 1.0],
                [1.0, 0.0, -0.0, 0.0, -0.0, 1e-06, -1.0, 0.37472, -0.0, 1.0, 1e-06, -0.0, 0.0, 0.0, 0.0, 1.0],
                [1.0, 0.0, -0.0, 0.0, -0.0, 1e-06, -1.0, 0.37472, -0.0, 1.0, 1e-06, 0.0, 0.0, 0.0, 0.0, 1.0],
                [1.0, 0.0, -0.0, -0.0, -0.0, 1e-06, -1.0, 0.37472, -0.0, 1.0, 1e-06, 0.0, 0.0, 0.0, 0.0, 1.0],
                [1.0, 0.0, -0.0, -0.0, -0.0, 1e-06, -1.0, 0.37472, -0.0, 1.0, 1e-06, 0.0, 0.0, 0.0, 0.0, 1.0],
                [1.0, 0.0, -0.0, -0.0, -0.0, 1e-06, -1.0, 0.37472, -0.0, 1.0, 1e-06, 0.0, 0.0, 0.0, 0.0, 1.0],
                [1.0, 0.0, -0.0, -0.0, -0.0, 1e-06, -1.0, 0.37472, -0.0, 1.0, 1e-06, -0.0, 0.0, 0.0, 0.0, 1.0],
                [1.0, 0.0, -0.0, -0.0, -0.0, 1e-06, -1.0, 0.37472, -0.0, 1.0, 1e-06, -0.0, 0.0, 0.0, 0.0, 1.0],
                [1.0, 0.0, -0.0, -0.0, -0.0, 1e-06, -1.0, 0.37472, -0.0, 1.0, 1e-06, 0.0, 0.0, 0.0, 0.0, 1.0],
                [1.0, 0.0, -0.0, -0.0, -0.0, 1e-06, -1.0, 0.37472, -0.0, 1.0, 1e-06, -0.0, 0.0, 0.0, 0.0, 1.0],
                [1.0, 0.0, -0.0, 0.0, -0.0, 1e-06, -1.0, 0.37472, -0.0, 1.0, 1e-06, -0.0, 0.0, 0.0, 0.0, 1.0],
                [1.0, 0.0, -0.0, 0.0, -0.0, 1e-06, -1.0, 0.37472, -0.0, 1.0, 1e-06, 0.0, 0.0, 0.0, 0.0, 1.0]
            ]
        },
        {
            "name": "Thigh_L",
            "time": [0.0, 0.1, 0.1833, 0.3167, 0.45, 0.7167, 0.8833, 1.0167, 1.2667, 1.4667, 1.6, 1.6667, 1.8, 1.9, 2.1833],
            "transform": [
                [0.738978, -0.577868, -0.346379, -0.145493, -0.093061, -0.596745, 0.797016, 0.028655, -0.66727, -0.556743, -0.49476, -0.020489, 0.0, 0.0, 0.0, 1.0],
                [0.760583, -0.418594, -0.496278, -0.170029, -0.186349, -0.872987, 0.450741, -0.051039, -0.621921, -0.250345, -0.741984, -0.029507, 0.0, 0.0, 0.0, 1.0],
                [0.777025, -0.347359, -0.524949, -0.175054, -0.168124, -0.918185, 0.358706, -0.06736, -0.6066, -0.190467, -0.771853, -0.031354, 0.0, 0.0, 0.0, 1.0],
                [0.698927, -0.518404, -0.492704, -0.168668, -0.223323, -0.812658, 0.53825, -0.059126, -0.67943, -0.266165, -0.683761, -0.027355, 0.0, 0.0, 0.0, 1.0],
                [0.777131, -0.520919, -0.353143, -0.129964, -0.416404, -0.846353, 0.332104, -0.009224, -0.471883, -0.111037, -0.874641, -0.003117, 0.0, 0.0, 0.0, 1.0],
                [0.846817, -0.507955, -0.157738, -0.125006, -0.463821, -0.850386, 0.24842, -0.002831, -0.260324, -0.137204, -0.955723, -1.2e-05, 0.0, 0.0, 0.0, 1.0],
                [0.846817, -0.507955, -0.157738, -0.125006, -0.463821, -0.850386, 0.24842, -0.002831, -0.260324, -0.137204, -0.955723, -1.2e-05, 0.0, 0.0, 0.0, 1.0],
                [0.999662, -0.014789, 0.021354, -0.125006, -0.024255, -0.825648, 0.563663, -0.002831, 0.009295, -0.563991, -0.825729, -1.2e-05, 0.0, 0.0, 0.0, 1.0],
                [0.975696, -0.166323, -0.142666, -0.125006, -0.080807, -0.87828, 0.47127, -0.002831, -0.203684, -0.448287, -0.870374, -1.2e-05, 0.0, 0.0, 0.0, 1.0],
                [0.975696, -0.166323, -0.142666, -0.125006, -0.080807, -0.87828, 0.47127, -0.002831, -0.203684, -0.448287, -0.870374, -1.2e-05, 0.0, 0.0, 0.0, 1.0],
                [0.961045, -0.202785, -0.187801, -0.125006, -0.053042, -0.802169, 0.594736, -0.002831, -0.271252, -0.561607, -0.781678, -1.2e-05, 0.0, 0.0, 0.0, 1.0],
                [0.938699, -0.209853, -0.273503, -0.125006, -0.036411, -0.849289, 0.52667, -0.002831, -0.342807, -0.484426, -0.804869, -1.2e-05, 0.0, 0.0, 0.0, 1.0],
                [0.917731, -0.143662, -0.37031, -0.12881, -0.03075, -0.955199, 0.294361, -0.003025, -0.396009, -0.258757, -0.881034, -0.002083, 0.0, 0.0, 0.0, 1.0],
                [0.725755, -0.39197, -0.565365, -0.167802, -0.281984, -0.919094, 0.275228, -0.005015, -0.627505, -0.040324, -0.777567, -0.023313, 0.0, 0.0, 0.0, 1.0],
                [0.869242, -0.055159, -0.491298, -0.125006, -0.021407, -0.997024, 0.074063, -0.002831, -0.493921, -0.053862, -0.867837, -1.2e-05, 0.0, 0.0, 0.0, 1.0]
            ]
        },
        {
            "name": "Leg_L",
            "time": [0.0, 0.1, 0.1833, 0.3167, 0.45, 0.7167, 0.8833, 1.0167, 1.2667, 1.4667, 1.6, 1.6667, 1.8, 1.9, 2.1833],
            "transform": [
                [0.999896, -0.014317, 0.001587, 0.0, 0.011576, 0.864186, 0.503039, 0.37472, -0.008574, -0.502968, 0.864263, -0.0, 0.0, 0.0, 0.0, 1.0],
                [0.999882, -0.013507, 0.007288, -0.0, 0.012226, 0.988032, 0.153762, 0.37472, -0.009278, -0.153655, 0.988081, -0.0, 0.0, 0.0, 0.0, 1.0],
                [0.999879, -0.013078, 0.008406, 0.0, 0.01239, 0.996936, 0.077234, 0.37472, -0.009391, -0.07712, 0.996978, 0.0, 0.0, 0.0, 0.0, 1.0],
                [0.99988, -0.015474, 0.001211, -0.0, 0.01237, 0.841586, 0.539981, 0.37472, -0.009375, -0.539901, 0.841676, 0.0, 0.0, 0.0, 0.0, 1.0],
                [0.999878, -0.014653, 0.005489, 0.0, 0.012433, 0.956954, 0.289971, 0.37472, -0.009502, -0.289867, 0.95702, 0.0, 0.0, 0.0, 0.0, 1.0],
                [0.999877, -0.014385, 0.006219, 0.0, 0.012447, 0.97005, 0.242585, 0.37472, -0.009522, -0.242478, 0.970111, 0.0, 0.0, 0.0, 0.0, 1.0],
                [0.999877, -0.014385, 0.006219, 0.0, 0.012447, 0.97005, 0.242585, 0.37472, -0.009522, -0.242478, 0.970111, 0.0, 0.0, 0.0, 0.0, 1.0],
                [0.999877, -0.01441, 0.00616, -0.0, 0.012447, 0.969059, 0.246513, 0.37472, -0.009522, -0.246405, 0.96912, 0.0, 0.0, 0.0, 0.0, 1.0],
                [0.999877, -0.01441, 0.00616, 0.0, 0.012447, 0.969059, 0.246513, 0.37472, -0.009522, -0.246405, 0.96912, -0.0, 0.0, 0.0, 0.0, 1.0],
                [0.999877, -0.01441, 0.00616, 0.0, 0.012447, 0.969059, 0.246513, 0.37472, -0.009522, -0.246405, 0.96912, -0.0, 0.0, 0.0, 0.0, 1.0],
                [0.999928, -0.011953, -0.001449, 0.0, 0.01033, 0.789773, 0.613312, 0.37472, -0.006187, -0.613282, 0.78984, -0.0, 0.0, 0.0, 0.0, 1.0],
                [0.999958, -0.009127, 3e-06, 0.0, 0.008455, 0.926457, 0.376306, 0.37472, -0.003438, -0.37629, 0.926496, -0.0, 0.0, 0.0, 0.0, 1.0],
                [0.999967, -0.008015, 0.001053, -0.0, 0.007718, 0.985318, 0.170551, 0.37472, -0.002404, -0.170537, 0.985349, 0.0, 0.0, 0.0, 0.0, 1.0],
                [0.999986, -0.0051, -0.001562, -0.0, 0.005263, 0.99099, 0.133834, 0.37472, 0.000866, -0.133841, 0.991003, 0.0, 0.0, 0.0, 0.0, 1.0],
                [0.999989, -0.003452, -0.00313, -0.0, 0.003782, 0.993653, 0.112423, 0.37472, 0.002722, -0.112434, 0.993656, 0.0, 0.0, 0.0, 0.0, 1.0]
            ]
        },
        {
            "name": "Knee_L",
            "time": [0.0, 0.1, 0.1833, 0.3167, 0.45, 0.7167, 0.8833, 1.2667, 1.4667, 1.6667, 1.8, 1.9, 2.1833],
            "transform": [
                [1.0, 0.0, -0.0, 0.0, -0.0, 0.131361, -0.991335, 0.37472, -0.0, 0.991335, 0.131361, -0.0, 0.0, 0.0, 0.0, 1.0],
                [1.0, 0.0, -0.0, -0.0, -0.0, 0.135805, -0.990736, 0.37472, -0.0, 0.990736, 0.135805, -0.0, 0.0, 0.0, 0.0, 1.0],
                [1.0, 0.0, -0.0, 0.0, -0.0, 0.142413, -0.989807, 0.37472, -0.0, 0.989807, 0.142413, 0.0, 0.0, 0.0, 0.0, 1.0],
                [1.0, 0.0, -0.0, -0.0, -0.0, 0.217633, -0.976031, 0.37472, -0.0, 0.976031, 0.217633, 0.0, 0.0, 0.0, 0.0, 1.0],
                [1.0, 0.0, -0.0, 0.0, -0.0, 0.604507, -0.7966, 0.37472, -0.0, 0.7966, 0.604507, 0.0, 0.0, 0.0, 0.0, 1.0],
                [1.0, 0.0, -0.0, 0.0, -0.0, 0.646483, -0.762928, 0.37472, 0.0, 0.762928, 0.646483, 0.0, 0.0, 0.0, 0.0, 1.0],
                [1.0, 0.0, -0.0, 0.0, -0.0, 0.646483, -0.762928, 0.37472, 0.0, 0.762928, 0.646483, 0.0, 0.0, 0.0, 0.0, 1.0],
                [1.0, 0.0, -0.0, 0.0, -0.0, 0.646483, -0.762929, 0.37472, -0.0, 0.762928, 0.646483, -0.0, 0.0, 0.0, 0.0, 1.0],
                [1.0, 0.0, -0.0, 0.0, -0.0, 0.646483, -0.762929, 0.37472, -0.0, 0.762928, 0.646483, -0.0, 0.0, 0.0, 0.0, 1.0],
                [1.0, 0.0, -0.0, 0.0, -0.0, 0.361383, -0.932417, 0.37472, -0.0, 0.932417, 0.361383, -0.0, 0.0, 0.0, 0.0, 1.0],
                [1.0, 0.0, -0.0, -0.0, -0.0, 0.304677, -0.952456, 0.37472, -0.0, 0.952456, 0.304677, 0.0, 0.0, 0.0, 0.0, 1.0],
                [1.0, 0.0, -0.0, -0.0, -0.0, 0.113705, -0.993515, 0.37472, -0.0, 0.993515, 0.113705, 0.0, 0.0, 0.0, 0.0, 1.0],
                [1.0, 0.0, -0.0, -0.0, -0.0, 1e-06, -1.0, 0.37472, -0.0, 1.0, 1e-06, 0.0, 0.0, 0.0, 0.0, 1.0]
            ]
        },
        {
            "name": "Torso",
            "time": [0.0, 0.1, 0.1833, 0.3167, 0.45, 0.7167, 0.8833, 1.2667, 1.4667, 1.6667, 1.8, 1.9, 2.1833],
            "transform": [
                [0.967943, -0.159536, -0.193999, 0.0, 0.168248, 0.985313, 0.029184, 0.05, 0.186494, -0.060888, 0.980568, 0.0, 0.0, 0.0, 0.0, 1.0],
                [0.980025, -0.059012, -0.189916, 0.0, 0.058457, 0.998254, -0.008529, 0.05, 0.190088, -0.002743, 0.981763, -0.0, 0.0, 0.0, 0.0, 1.0],
                [0.981201, -0.038136, -0.18918, 0.0, 0.0319, 0.998846, -0.035905, 0.05, 0.190331, 0.029195, 0.981286, 0.0, 0.0, 0.0, 0.0, 1.0],
                [0.98627, -0.01882, -0.164062, 0.0, -0.013607, 0.980844, -0.194317, 0.05, 0.164576, 0.193881, 0.967122, -0.0, 0.0, 0.0, 0.0, 1.0],
                [0.982287, 0.187318, -0.004839, 0.0, -0.186257, 0.973248, -0.134524, 0.05, -0.020489, 0.133042, 0.990899, -0.0, 0.0, 0.0, 0.0, 1.0],
                [0.987269, 0.158948, -0.005927, -0.0, -0.157904, 0.974946, -0.156677, 0.05, -0.019125, 0.155618, 0.987632, 0.0, 0.0, 0.0, 0.0, 1.0],
                [0.987269, 0.158948, -0.005927, -0.0, -0.157904, 0.974946, -0.156677, 0.05, -0.019125, 0.155618, 0.987632, 0.0, 0.0, 0.0, 0.0, 1.0],
                [0.937681, 0.074007, -0.339526, 0.0, -0.131266, 0.980103, -0.148887, 0.05, 0.321752, 0.184177, 0.928738, 0.0, 0.0, 0.0, 0.0, 1.0],
                [0.937681, 0.074007, -0.339526, 0.0, -0.131266, 0.980103, -0.148887, 0.05, 0.321752, 0.184177, 0.928738, 0.0, 0.0, 0.0, 0.0, 1.0],
                [0.989798, 0.037888, 0.137346, 0.0, -0.025786, 0.995712, -0.088842, 0.05, -0.140123, 0.084394, 0.986531, 0.0, 0.0, 0.0, 0.0, 1.0],
                [0.992331, 0.026442, 0.120746, -0.0, -0.017868, 0.997277, -0.071547, 0.05, -0.122309, 0.068841, 0.990102, -0.0, 0.0, 0.0, 0.0, 1.0],
                [0.998462, -0.000706, -0.055432, 0.0, 3.3e-05, 0.999926, -0.012146, 0.05, 0.055436, 0.012125, 0.998389, 0.0, 0.0, 0.0, 0.0, 1.0],
                [0.99978, -0.020971, -0.000197, -0.0, 0.020971, 0.999603, 0.018833, 0.05, -0.000198, -0.018833, 0.999823, 0.0, 0.0, 0.0, 0.0, 1.0]
            ]
        },
        {
            "name": "Chest",
            "time": [0.0, 0.1, 0.1833, 0.3167, 0.45, 0.7167, 0.8833, 1.0167, 1.2667, 1.4667, 1.6667, 1.8, 1.9, 2.1833],
            "transform": [
                [0.986025, -0.164049, -0.029023, -0.0, 0.166567, 0.967465, 0.190438, 0.3, -0.003162, -0.192611, 0.98127, -0.0, 0.0, 0.0, 0.0, 1.0],
                [0.924139, 0.016808, -0.381686, -0.0, 0.045738, 0.98698, 0.154203, 0.3, 0.379308, -0.159963, 0.911338, -0.0, 0.0, 0.0, 0.0, 1.0],
                [0.89287, 0.050695, -0.447452, -0.0, 0.020268, 0.988112, 0.152396, 0.3, 0.449858, -0.145139, 0.881228, 0.0, 0.0, 0.0, 0.0, 1.0],
                [0.875186, -0.085768, -0.476123, 0.0, 0.010532, 0.987304, -0.158491, 0.3, 0.483671, 0.133694, 0.864979, 0.0, 0.0, 0.0, 0.0, 1.0],
                [0.875725, 0.067705, -0.47804, -0.0, -0.034158, 0.996326, 0.078536, 0.3, 0.481601, -0.052447, 0.87482, -0.0, 0.0, 0.0, 0.0, 1.0],
                [0.866105, 0.004853, -0.499839, -0.0, 0.003083, 0.999882, 0.01505, 0.3, 0.499853, -0.014576, 0.865988, 0.0, 0.0, 0.0, 0.0, 1.0],
                [0.866105, 0.004853, -0.499839, -0.0, 0.003083, 0.999882, 0.01505, 0.3, 0.499853, -0.014576, 0.865988, 0.0, 0.0, 0.0, 0.0, 1.0],
                [0.975145, -0.199453, 0.09649, -0.0, 0.106106, 0.802686, 0.586887, 0.3, -0.194507, -0.562062, 0.803899, 0.0, 0.0, 0.0, 0.0, 1.0],
                [0.968559, -0.146555, 0.201035, 0.0, 0.125279, 0.985455, 0.114821, 0.3, -0.214939, -0.086026, 0.972831, 0.0, 0.0, 0.0, 0.0, 1.0],
                [0.968559, -0.146555, 0.201035, 0.0, 0.125279, 0.985455, 0.114821, 0.3, -0.214939, -0.086026, 0.972831, 0.0, 0.0, 0.0, 0.0, 1.0],
                [0.822387, -0.021076, 0.568538, 0.0, 0.031791, 0.999455, -0.008935, 0.3, -0.56804, 0.025422, 0.822608, -0.0, 0.0, 0.0, 0.0, 1.0],
                [0.848949, -0.025833, 0.527842, 0.0, 0.029779, 0.999556, 0.001025, 0.3, -0.527634, 0.014849, 0.849342, -0.0, 0.0, 0.0, 0.0, 1.0],
                [0.998615, -0.042108, 0.031537, 0.0, 0.038602, 0.99377, 0.104553, 0.3, -0.035743, -0.103191, 0.994019, -0.0, 0.0, 0.0, 0.0, 1.0],
                [0.999771, -0.021316, -0.002029, 0.0, 0.021411, 0.994316, 0.104295, 0.3, -0.000206, -0.104315, 0.994544, 0.0, 0.0, 0.0, 0.0, 1.0]
            ]
        },
        {
            "name": "Head",
            "time": [0.0, 0.1, 0.1833, 0.3167, 0.45, 0.7167, 0.8833, 1.0167, 1.1, 1.2667, 1.4667, 1.6667, 1.8, 1.9, 2.1833],
            "transform": [
                [0.623403, 0.24514, 0.742479, 0.0, -0.102334, 0.966994, -0.233345, 0.4, -0.775175, 0.069487, 0.627914, -0.0, 0.0, 0.0, 0.0, 1.0],
                [0.391872, -0.095352, 0.915065, 0.0, 0.017459, 0.995206, 0.096227, 0.4, -0.919854, -0.021733, 0.391658, 0.0, 0.0, 0.0, 0.0, 1.0],
                [0.3368, -0.165996, 0.926829, -0.0, 0.029925, 0.985727, 0.16567, 0.4, -0.941101, -0.028063, 0.33696, 0.0, 0.0, 0.0, 0.0, 1.0],
                [0.954204, -0.044086, 0.29589, -0.0, 0.007904, 0.992452, 0.122379, 0.4, -0.299052, -0.114436, 0.94735, 0.0, 0.0, 0.0, 0.0, 1.0],
                [0.972586, -0.001298, -0.232538, 0.0, -0.04363, 0.981207, -0.187961, 0.4, 0.228412, 0.192954, 0.954252, 0.0, 0.0, 0.0, 0.0, 1.0],
                [0.971133, -0.006335, -0.238453, -0.0, -0.048321, 0.973698, -0.222661, 0.4, 0.233591, 0.227756, 0.945284, -0.0, 0.0, 0.0, 0.0, 1.0],
                [0.971133, -0.006335, -0.238453, -0.0, -0.048321, 0.973698, -0.222661, 0.4, 0.233591, 0.227756, 0.945284, -0.0, 0.0, 0.0, 0.0, 1.0],
                [0.615416, 0.006499, -0.788176, 0.0, -0.105455, 0.991655, -0.074164, 0.4, 0.781116, 0.128759, 0.610966, 0.0, 0.0, 0.0, 0.0, 1.0],
                [0.686656, 0.037721, -0.726003, -0.0, -0.061976, 0.998055, -0.006761, 0.4, 0.724336, 0.049637, 0.687658, 0.0, 0.0, 0.0, 0.0, 1.0],
                [0.338392, 0.037721, -0.940249, -0.0, -0.059495, 0.998055, 0.018628, 0.4, 0.939122, 0.049637, 0.339978, -0.0, 0.0, 0.0, 0.0, 1.0],
                [0.338392, 0.037721, -0.940249, -0.0, -0.059495, 0.998055, 0.018628, 0.4, 0.939122, 0.049637, 0.339978, -0.0, 0.0, 0.0, 0.0, 1.0],
                [0.925143, 0.037721, -0.377739, -0.0, -0.053656, 0.998055, -0.031746, 0.4, 0.375807, 0.049637, 0.925368, -0.0, 0.0, 0.0, 0.0, 1.0],
                [0.973669, 0.037721, -0.224826, -0.0, -0.047884, 0.998055, -0.039923, 0.4, 0.222882, 0.049637, 0.973581, -0.0, 0.0, 0.0, 0.0, 1.0],
                [0.960687, 0.037721, 0.275059, -0.0, -0.022546, 0.998055, -0.058124, 0.4, -0.276716, 0.049637, 0.959669, 0.0, 0.0, 0.0, 0.0, 1.0],
                [0.853111, 0.037721, 0.520365, -0.0, -0.006297, 0.998055, -0.062025, 0.4, -0.521692, 0.049637, 0.851689, -0.0, 0.0, 0.0, 0.0, 1.0]
            ]
        },
        {
            "name": "Shoulder_R",
            "time": [0.0, 0.1, 0.1833, 0.3167, 0.45, 0.7167, 0.8833, 1.0167, 1.2667, 1.4667, 1.6667, 1.8, 1.9, 2.1833],
            "transform": [
                [0.107205, 0.959703, 0.259762, 0.0, 0.092012, -0.269723, 0.958532, 0.4, 0.98997, -0.078858, -0.11722, -0.0, 0.0, 0.0, 0.0, 1.0],
                [0.156581, 0.972843, 0.170464, 0.0, 0.074006, -0.183664, 0.980199, 0.4, 0.984888, -0.140865, -0.100755, 0.0, 0.0, 0.0, 0.0, 1.0],
                [0.195294, 0.971733, 0.132642, -0.0, 0.06564, -0.147894, 0.986823, 0.4, 0.978546, -0.184013, -0.092668, 0.0, 0.0, 0.0, 0.0, 1.0],
                [0.257007, 0.96039, 0.107692, -0.0, 0.057181, -0.126352, 0.990336, 0.4, 0.964716, -0.248366, -0.087389, 0.0, 0.0, 0.0, 0.0, 1.0],
                [0.437324, 0.898008, 0.048261, 0.0, 0.046179, -0.076017, 0.996037, 0.4, 0.898118, -0.433362, -0.074713, 0.0, 0.0, 0.0, 0.0, 1.0],
                [0.456558, 0.888691, 0.042237, -0.0, 0.045748, -0.07086, 0.996437, 0.4, 0.888517, -0.452998, -0.073008, -0.0, 0.0, 0.0, 0.0, 1.0],
                [0.456558, 0.888691, 0.042237, -0.0, 0.045748, -0.07086, 0.996437, 0.4, 0.888517, -0.452998, -0.073008, -0.0, 0.0, 0.0, 0.0, 1.0],
                [0.044555, 0.993099, 0.108481, 0.0, 0.085797, -0.111992, 0.989998, 0.4, 0.995316, -0.034802, -0.090195, 0.0, 0.0, 0.0, 0.0, 1.0],
                [0.115371, 0.922008, 0.36958, -0.0, 0.06772, -0.3785, 0.923121, 0.4, 0.991011, -0.081474, -0.106106, -0.0, 0.0, 0.0, 0.0, 1.0],
                [0.115371, 0.922008, 0.36958, -0.0, 0.06772, -0.3785, 0.923121, 0.4, 0.991011, -0.081474, -0.106106, -0.0, 0.0, 0.0, 0.0, 1.0],
                [0.113308, 0.94129, 0.318016, -0.0, 0.078902, -0.327592, 0.941519, 0.4, 0.990422, -0.081589, -0.111389, -0.0, 0.0, 0.0, 0.0, 1.0],
                [0.112875, 0.944438, 0.308702, -0.0, 0.080887, -0.31839, 0.944503, 0.4, 0.990311, -0.081641, -0.112331, -0.0, 0.0, 0.0, 0.0, 1.0],
                [0.111322, 0.954097, 0.27804, -0.0, 0.087344, -0.28809, 0.953612, 0.4, 0.989938, -0.081872, -0.115406, 0.0, 0.0, 0.0, 0.0, 1.0],
                [0.110305, 0.959352, 0.259762, -0.0, 0.091141, -0.270019, 0.958532, 0.4, 0.98971, -0.082056, -0.11722, -0.0, 0.0, 0.0, 0.0, 1.0]
            ]
        },
        {
            "name": "Arm_R",
            "time": [0.0, 0.1, 0.1833, 0.3167, 0.45, 0.7167, 0.8833, 1.0167, 1.1, 1.1667, 1.2667, 1.4667, 1.6, 1.6667, 1.8, 1.9, 2.1833],
            "transform": [
                [0.264055, 0.015962, -0.964375, -0.0, -0.637223, 0.753459, -0.162006, 0.39386, 0.724032, 0.657301, 0.209126, 0.0, 0.0, 0.0, 0.0, 1.0],
                [0.323458, 0.038268, -0.945468, -0.0, -0.791321, 0.558799, -0.248104, 0.39386, 0.518832, 0.82842, 0.21103, 0.0, 0.0, 0.0, 0.0, 1.0],
                [0.333388, 0.044012, -0.941762, 0.0, -0.813069, 0.519085, -0.263571, 0.393861, 0.477254, 0.853589, 0.208841, -0.0, 0.0, 0.0, 0.0, 1.0],
                [0.195441, 0.138793, -0.970845, -0.0, -0.843999, 0.527967, -0.094427, 0.393861, 0.499468, 0.837847, 0.220328, 0.0, 0.0, 0.0, 0.0, 1.0],
                [-0.613141, -0.646853, -0.453474, -0.0, -0.772961, 0.609737, 0.175366, 0.39386, 0.163063, 0.458041, -0.873847, -0.0, 0.0, 0.0, 0.0, 1.0],
                [-0.668303, -0.660646, -0.341932, -0.0, -0.740605, 0.634042, 0.222474, 0.39386, 0.069823, 0.401916, -0.91301, 0.0, 0.0, 0.0, 0.0, 1.0],
                [-0.668303, -0.660646, -0.341932, -0.0, -0.740605, 0.634042, 0.222474, 0.39386, 0.069823, 0.401916, -0.91301, 0.0, 0.0, 0.0, 0.0, 1.0],
                [-0.74554, -0.081034, -0.661516, 0.0, -0.328388, 0.908389, 0.258823, 0.393861, 0.579941, 0.410197, -0.703851, -0.0, 0.0, 0.0, 0.0, 1.0],
                [-0.754459, -0.503168, -0.421443, 0.0, -0.638179, 0.712403, 0.291905, 0.39386, 0.15336, 0.489187, -0.85859, 0.0, 0.0, 0.0, 0.0, 1.0],
                [-0.918076, -0.283716, -0.276843, 0.0, -0.373291, 0.853765, 0.362958, 0.39386, 0.133382, 0.436566, -0.88973, -0.0, 0.0, 0.0, 0.0, 1.0],
                [-0.963848, -0.213373, -0.159586, 0.0, -0.237284, 0.959822, 0.149794, 0.39386, 0.121213, 0.182246, -0.975753, -0.0, 0.0, 0.0, 0.0, 1.0],
                [-0.963848, -0.213373, -0.159586, 0.0, -0.237284, 0.959822, 0.149794, 0.39386, 0.121213, 0.182246, -0.975753, -0.0, 0.0, 0.0, 0.0, 1.0],
                [-0.853483, -0.355525, -0.381009, -0.0, -0.521088, 0.574175, 0.631498, 0.39386, -0.005747, 0.737512, -0.675309, 0.0, 0.0, 0.0, 0.0, 1.0],
                [0.269721, -0.881408, -0.387776, -0.0, 0.09024, 0.424065, -0.901125, 0.39386, 0.958701, 0.208059, 0.193917, 0.0, 0.0, 0.0, 0.0, 1.0],
                [0.240624, -0.822193, -0.515848, 0.0, 0.363545, 0.56912, -0.737521, 0.39386, 0.899964, -0.010069, 0.435848, 0.0, 0.0, 0.0, 0.0, 1.0],
                [0.298287, -0.046815, -0.953327, -0.0, 0.658072, 0.73354, 0.169883, 0.393861, 0.691351, -0.678032, 0.249613, 0.0, 0.0, 0.0, 0.0, 1.0],
                [0.043023, -0.059379, -0.997308, 0.0, 0.813119, 0.582097, 0.00042, 0.39386, 0.580505, -0.810948, 0.073326, 0.0, 0.0, 0.0, 0.0, 1.0]
            ]
        },
        {
            "name": "Hand_R",
            "time": [0.0, 0.1, 0.1833, 0.3167, 0.45, 0.7167, 0.8833, 1.0833, 1.1667, 1.2667, 1.4667, 1.6667, 1.8, 1.9, 2.1833],
            "transform": [
                [0.999998, -0.000967, 0.001545, 0.0, 0.000868, 0.998005, 0.063128, 0.3, -0.001603, -0.063126, 0.998004, 0.0, 0.0, 0.0, 0.0, 1.0],
                [0.999998, -0.000413, 0.001776, -0.0, 0.000868, 0.964432, -0.26433, 0.3, -0.001603, 0.264331, 0.964431, -0.0, 0.0, 0.0, 0.0, 1.0],
                [0.999998, -0.000292, 0.0018, 0.0, 0.000868, 0.944382, -0.328849, 0.3, -0.001603, 0.328851, 0.944381, 0.0, 0.0, 0.0, 0.0, 1.0],
                [0.999998, -0.000636, 0.001709, 0.0, 0.000868, 0.990237, -0.139391, 0.3, -0.001604, 0.139392, 0.990236, 0.0, 0.0, 0.0, 0.0, 1.0],
                [0.999998, -0.001014, 0.001515, 0.0, 0.000868, 0.9956, 0.0937, 0.3, -0.001603, -0.093699, 0.995599, -0.0, 0.0, 0.0, 0.0, 1.0],
                [0.999998, -0.000907, 0.001582, 0.0, 0.000868, 0.999702, 0.024404, 0.3, -0.001603, -0.024403, 0.999701, 0.0, 0.0, 0.0, 0.0, 1.0],
                [0.999998, -0.000907, 0.001582, 0.0, 0.000868, 0.999702, 0.024404, 0.3, -0.001603, -0.024403, 0.999701, 0.0, 0.0, 0.0, 0.0, 1.0],
                [0.999998, -0.000986, 0.001533, 0.0, 0.000868, 0.997144, 0.075514, 0.3, -0.001603, -0.075512, 0.997144, 0.0, 0.0, 0.0, 0.0, 1.0],
                [0.999998, -0.001434, 0.001126, 0.0, 0.000868, 0.917464, 0.397818, 0.3, -0.001603, -0.397817, 0.917464, -0.0, 0.0, 0.0, 0.0, 1.0],
                [0.999998, -0.000998, 0.001526, 0.0, 0.000868, 0.996578, 0.082649, 0.3, -0.001603, -0.082647, 0.996578, 0.0, 0.0, 0.0, 0.0, 1.0],
                [0.999998, -0.000998, 0.001526, 0.0, 0.000868, 0.996578, 0.082649, 0.3, -0.001603, -0.082647, 0.996578, 0.0, 0.0, 0.0, 0.0, 1.0],
                [0.999998, -0.00051, 0.001751, 0.0, 0.000868, 0.977439, -0.211216, 0.3, -0.001603, 0.211217, 0.977438, 0.0, 0.0, 0.0, 0.0, 1.0],
                [0.999998, -0.000546, 0.00174, -0.0, 0.000868, 0.981611, -0.190888, 0.3, -0.001604, 0.190889, 0.98161, -0.0, 0.0, 0.0, 0.0, 1.0],
                [0.999998, -0.000903, 0.001584, 0.0, 0.000868, 0.999763, 0.021739, 0.3, -0.001604, -0.021738, 0.999762, 0.0, 0.0, 0.0, 0.0, 1.0],
                [0.999998, -0.000848, 0.001614, -0.0, 0.000868, 0.999919, -0.012686, 0.3, -0.001603, 0.012688, 0.999918, 0.0, 0.0, 0.0, 0.0, 1.0]
            ]
        },
        {
            "name": "Tool_R",
            "time": [0.0, 0.1, 0.1833, 0.3167, 0.45, 0.7167, 0.8833, 1.0167, 1.0833, 1.1667, 1.2667, 1.4667, 1.6, 1.6667, 1.8, 1.9, 2.1833],
            "transform": [
                [0.993314, -0.054493, -0.101777, 0.010704, -0.088154, -0.927265, -0.363881, 0.330594, -0.074502, 0.37019, -0.925324, 0.180402, 0.0, 0.0, 0.0, 1.0],
                [0.993314, -0.054493, -0.101777, 0.010704, -0.088154, -0.927265, -0.363881, 0.330594, -0.074502, 0.37019, -0.925324, 0.180402, 0.0, 0.0, 0.0, 1.0],
                [0.993314, -0.054493, -0.101777, 0.010704, -0.088154, -0.927265, -0.363881, 0.330594, -0.074502, 0.37019, -0.925324, 0.180402, 0.0, 0.0, 0.0, 1.0],
                [0.995038, -0.069079, -0.071608, 0.010674, -0.067433, -0.997407, 0.025161, 0.314549, -0.073117, -0.020206, -0.996525, 0.151414, 0.0, 0.0, 0.0, 1.0],
                [0.99653, 0.063002, -0.054394, 0.01418, 0.052125, -0.981863, -0.182284, 0.280367, -0.064853, 0.178699, -0.981161, -0.090918, 0.0, 0.0, 0.0, 1.0],
                [0.995585, 0.082019, -0.045652, 0.014814, 0.074065, -0.985173, -0.154754, 0.261192, -0.057633, 0.15059, -0.986315, -0.171058, 0.0, 0.0, 0.0, 1.0],
                [0.995585, 0.082019, -0.045652, 0.014814, 0.074065, -0.985173, -0.154754, 0.261192, -0.057633, 0.15059, -0.986315, -0.171058, 0.0, 0.0, 0.0, 1.0],
                [0.996808, 0.049212, -0.062869, 0.013401, 0.050156, -0.99865, 0.013536, 0.226812, -0.062081, -0.016647, -0.997339, -0.16868, 0.0, 0.0, 0.0, 1.0],
                [0.995585, 0.087445, -0.034116, 0.007964, 0.074061, -0.95511, -0.286843, 0.206916, -0.057633, 0.282872, -0.956806, -0.160909, 0.0, 0.0, 0.0, 1.0],
                [0.994827, 0.094114, 0.038232, -0.024429, 0.086491, -0.982135, 0.16712, 0.318333, 0.053247, -0.162863, -0.98461, -0.143277, 0.0, 0.0, 0.0, 1.0],
                [0.995585, 0.087445, -0.034116, 0.000755, 0.074061, -0.95511, -0.286843, 0.303678, -0.057633, 0.282872, -0.956806, -0.173177, 0.0, 0.0, 0.0, 1.0],
                [0.995585, 0.087445, -0.034116, 0.000755, 0.074061, -0.95511, -0.286843, 0.303678, -0.057633, 0.282872, -0.956806, -0.173177, 0.0, 0.0, 0.0, 1.0],
                [0.9975, 0.006, -0.070411, 0.003433, 0.030619, -0.934694, 0.354131, 0.310921, -0.06365, -0.355202, -0.931985, -0.078023, 0.0, 0.0, 0.0, 1.0],
                [0.996723, -0.026744, -0.07634, 0.005818, -0.007993, -0.971705, 0.23606, 0.317375, -0.080446, -0.234548, -0.968159, 0.00675, 0.0, 0.0, 0.0, 1.0],
                [0.996075, -0.03355, -0.081912, 0.006724, -0.023457, -0.992349, 0.121215, 0.319825, -0.085302, -0.118758, -0.988654, 0.038934, 0.0, 0.0, 0.0, 1.0],
                [0.994335, -0.031505, -0.101515, 0.009225, -0.065555, -0.933557, -0.352383, 0.326591, -0.083619, 0.35682, -0.929787, 0.127822, 0.0, 0.0, 0.0, 1.0],
                [0.993314, -0.054493, -0.101777, 0.010704, -0.088154, -0.927265, -0.363881, 0.330594, -0.074502, 0.37019, -0.925324, 0.180402, 0.0, 0.0, 0.0, 1.0]
            ]
        },
        {
            "name": "Elbow_R",
            "time": [0.0, 0.1, 0.1833, 0.3167, 0.45, 0.7167, 0.8833, 1.2667, 1.4667, 1.6667, 1.8, 1.9, 2.1833],
            "transform": [
                [-1.0, 0.0, -0.0, 0.0, 0.0, -0.0, -1.0, 0.314053, -0.0, -1.0, 0.0, 0.0, 0.0, 0.0, 0.0, 1.0],
                [-1.0, 0.0, 0.0, -0.0, 0.0, -0.0, -1.0, 0.314054, -0.0, -1.0, 0.0, -0.0, 0.0, 0.0, 0.0, 1.0],
                [-1.0, 0.0, -0.0, 0.0, 0.0, -0.0, -1.0, 0.314053, -0.0, -1.0, -0.0, 0.0, 0.0, 0.0, 0.0, 1.0],
                [-1.0, 0.0, -0.0, 0.0, 0.0, 0.0, -1.0, 0.314053, -0.0, -1.0, 0.0, 0.0, 0.0, 0.0, 0.0, 1.0],
                [-1.0, 0.0, -0.0, 0.0, 0.0, -0.0, -1.0, 0.314054, -0.0, -1.0, 0.0, -0.0, 0.0, 0.0, 0.0, 1.0],
                [-1.0, 0.0, -0.0, 0.0, 0.0, -0.0, -1.0, 0.314053, -0.0, -1.0, 0.0, 0.0, 0.0, 0.0, 0.0, 1.0],
                [-1.0, 0.0, -0.0, 0.0, 0.0, -0.0, -1.0, 0.314053, -0.0, -1.0, 0.0, 0.0, 0.0, 0.0, 0.0, 1.0],
                [-1.0, 0.0, -0.0, -0.0, 0.0, -0.0, -1.0, 0.314053, -0.0, -1.0, 0.0, 0.0, 0.0, 0.0, 0.0, 1.0],
                [-1.0, 0.0, -0.0, -0.0, 0.0, -0.0, -1.0, 0.314053, -0.0, -1.0, 0.0, 0.0, 0.0, 0.0, 0.0, 1.0],
                [-1.0, 0.0, -0.0, 0.0, 0.0, 0.0, -1.0, 0.326541, -0.0, -1.0, 0.0, -0.0, 0.0, 0.0, 0.0, 1.0],
                [-1.0, 0.0, 0.0, -0.0, 0.0, -0.0, -1.0, 0.33168, -0.0, -1.0, 0.0, 0.0, 0.0, 0.0, 0.0, 1.0],
                [-1.0, 0.0, -0.0, -0.0, 0.0, -0.0, -1.0, 0.360479, -0.0, -1.0, 0.0, 0.0, 0.0, 0.0, 0.0, 1.0],
                [-1.0, 0.0, -0.0, -0.0, 0.0, 0.0, -1.0, 0.429832, -0.0, -1.0, 0.0, 0.0, 0.0, 0.0, 0.0, 1.0]
            ]
        },
        {
            "name": "Shoulder_L",
            "time": [0.0, 0.1, 0.1833, 0.3167, 0.45, 0.7167, 0.8833, 1.2667, 1.4667, 1.6667, 1.8, 1.9, 2.1833],
            "transform": [
                [-0.226937, -0.879834, -0.417602, 0.0, -0.021067, -0.424255, 0.905298, 0.4, -0.973682, 0.214244, 0.077744, -0.0, 0.0, 0.0, 0.0, 1.0],
                [-0.226937, -0.879834, -0.417602, 0.0, -0.021067, -0.424255, 0.905298, 0.4, -0.973681, 0.214243, 0.077744, 0.0, 0.0, 0.0, 0.0, 1.0],
                [-0.226937, -0.879834, -0.417602, -0.0, -0.021067, -0.424255, 0.905298, 0.4, -0.973682, 0.214243, 0.077744, 0.0, 0.0, 0.0, 0.0, 1.0],
                [-0.226937, -0.879834, -0.417602, -0.0, -0.021067, -0.424255, 0.905298, 0.4, -0.973681, 0.214243, 0.077744, 0.0, 0.0, 0.0, 0.0, 1.0],
                [-0.226937, -0.879834, -0.417602, 0.0, -0.021067, -0.424255, 0.905298, 0.4, -0.973682, 0.214243, 0.077744, 0.0, 0.0, 0.0, 0.0, 1.0],
                [-0.226937, -0.879834, -0.417602, -0.0, -0.021067, -0.424255, 0.905298, 0.4, -0.973682, 0.214244, 0.077744, -0.0, 0.0, 0.0, 0.0, 1.0],
                [-0.226937, -0.879834, -0.417602, -0.0, -0.021067, -0.424255, 0.905298, 0.4, -0.973682, 0.214244, 0.077744, -0.0, 0.0, 0.0, 0.0, 1.0],
                [-0.226937, -0.879834, -0.417602, -0.0, -0.021067, -0.424255, 0.905298, 0.4, -0.973681, 0.214243, 0.077744, -0.0, 0.0, 0.0, 0.0, 1.0],
                [-0.226937, -0.879834, -0.417602, -0.0, -0.021067, -0.424255, 0.905298, 0.4, -0.973681, 0.214243, 0.077744, -0.0, 0.0, 0.0, 0.0, 1.0],
                [-0.226937, -0.879834, -0.417602, -0.0, -0.021067, -0.424255, 0.905298, 0.4, -0.973682, 0.214243, 0.077744, -0.0, 0.0, 0.0, 0.0, 1.0],
                [-0.226937, -0.879834, -0.417602, -0.0, -0.021067, -0.424255, 0.905298, 0.4, -0.973682, 0.214243, 0.077744, -0.0, 0.0, 0.0, 0.0, 1.0],
                [-0.226937, -0.879834, -0.417602, -0.0, -0.021067, -0.424255, 0.905298, 0.4, -0.973681, 0.214243, 0.077744, 0.0, 0.0, 0.0, 0.0, 1.0],
                [-0.226937, -0.879834, -0.417602, -0.0, -0.021067, -0.424255, 0.905298, 0.4, -0.973681, 0.214243, 0.077744, -0.0, 0.0, 0.0, 0.0, 1.0]
            ]
        },
        {
            "name": "Arm_L",
            "time": [0.0, 0.1, 0.1833, 0.3167, 0.45, 0.7167, 0.8833, 1.1167, 1.2667, 1.4667, 1.6667, 1.8, 1.9, 2.1833],
            "transform": [
                [0.026023, -0.20945, 0.977473, 0.0, -0.320362, 0.924486, 0.206625, 0.39386, -0.946938, -0.318522, -0.043042, -0.0, 0.0, 0.0, 0.0, 1.0],
                [0.147369, 0.07346, 0.98635, 0.0, -0.079533, 0.994889, -0.062213, 0.39386, -0.985879, -0.069279, 0.152458, -0.0, 0.0, 0.0, 0.0, 1.0],
                [0.196809, 0.186462, 0.962548, 0.0, -0.040561, 0.982457, -0.182026, 0.39386, -0.979602, -0.003217, 0.20092, -0.0, 0.0, 0.0, 0.0, 1.0],
                [0.162301, 0.083958, 0.983163, 0.0, -0.078461, 0.994317, -0.071958, 0.39386, -0.983617, -0.065461, 0.167966, -0.0, 0.0, 0.0, 0.0, 1.0],
                [0.05494, -0.561957, 0.82534, -0.0, -0.382762, 0.751589, 0.537221, 0.39386, -0.922212, -0.345423, -0.173804, 0.0, 0.0, 0.0, 0.0, 1.0],
                [0.059949, -0.623208, 0.779755, -0.0, -0.429565, 0.689021, 0.583715, 0.39386, -0.901044, -0.369949, -0.226402, -0.0, 0.0, 0.0, 0.0, 1.0],
                [0.059949, -0.623208, 0.779755, -0.0, -0.429565, 0.689021, 0.583715, 0.39386, -0.901044, -0.369949, -0.226402, -0.0, 0.0, 0.0, 0.0, 1.0],
                [0.059949, 0.466427, 0.882526, 0.0, -0.429565, 0.810117, -0.398978, 0.39386, -0.901044, -0.355184, 0.248927, 0.0, 0.0, 0.0, 0.0, 1.0],
                [-0.455396, 0.248528, 0.854896, 0.0, -0.69629, 0.498963, -0.515962, 0.39386, -0.554793, -0.830222, -0.054178, 0.0, 0.0, 0.0, 0.0, 1.0],
                [-0.455396, 0.248528, 0.854896, 0.0, -0.69629, 0.498963, -0.515962, 0.39386, -0.554793, -0.830222, -0.054178, 0.0, 0.0, 0.0, 0.0, 1.0],
                [-0.204594, 0.191137, 0.960004, -0.0, -0.718047, 0.637231, -0.279901, 0.39386, -0.665244, -0.746594, 0.006871, 0.0, 0.0, 0.0, 0.0, 1.0],
                [-0.16119, 0.165458, 0.972955, 0.0, -0.730502, 0.642888, -0.23035, 0.39386, -0.663614, -0.747876, 0.017241, 0.0, 0.0, 0.0, 0.0, 1.0],
                [-0.023727, 0.065696, 0.997557, 0.0, -0.780868, 0.621854, -0.059526, 0.39386, -0.624245, -0.780373, 0.036545, -0.0, 0.0, 0.0, 0.0, 1.0],
                [0.036604, 0.052076, 0.997972, 0.0, -0.871994, 0.489475, 0.006442, 0.39386, -0.488147, -0.870461, 0.063327, -0.0, 0.0, 0.0, 0.0, 1.0]
            ]
        },
        {
            "name": "Hand_L",
            "time": [0.0, 0.1, 0.1833, 0.3167, 0.45, 0.7167, 0.8833, 1.2667, 1.4667, 1.6667, 1.8, 1.9, 2.1833],
            "transform": [
                [0.999993, -0.002516, -0.002843, -0.0, 0.000938, 0.889428, -0.457075, 0.3, 0.003679, 0.457069, 0.889424, -0.0, 0.0, 0.0, 0.0, 1.0],
                [0.999993, -0.003631, -0.001111, -0.0, 0.000938, 0.519767, -0.854308, 0.3, 0.003679, 0.8543, 0.519767, 0.0, 0.0, 0.0, 0.0, 1.0],
