{
    "animation": [
        {
            "name": "Root",
            "time": [0.0, 0.0667, 0.2167, 0.3833, 0.45, 0.5167, 0.7167, 0.9],
            "transform": [
                [0.854689, 0.0, -0.51914, -5e-06, -0.51914, 0.0, -0.854689, 0.000946, 0.0, 1.0, 0.0, 0.743765, 0.0, 0.0, 0.0, 1.0],
                [0.953397, 0.233116, 0.19155, -0.004293, 0.172564, 0.099477, -0.979962, -0.179058, -0.2475, 0.967347, 0.054614, 0.743171, 0.0, 0.0, 0.0, 1.0],
                [0.701044, -0.011868, 0.713019, 0.000512, 0.712855, 0.0388, -0.700237, -0.314721, -0.019354, 0.999177, 0.035661, 0.602037, 0.0, 0.0, 0.0, 1.0],
                [0.767865, -0.04095, 0.639301, -0.039582, 0.639114, 0.117164, -0.760135, 0.015001, -0.043775, 0.992268, 0.116138, 0.687272, 0.0, 0.0, 0.0, 1.0],
                [0.962833, 0.105456, 0.248662, -0.022697, 0.240847, 0.081499, -0.967135, 0.813795, -0.122256, 0.991079, 0.053071, 0.68993, 0.0, 0.0, 0.0, 1.0],
                [0.965627, 0.002844, -0.259917, 0.000486, -0.25993, 0.014968, -0.965511, 1.545648, 0.001144, 0.999884, 0.015193, 0.625663, 0.0, 0.0, 0.0, 1.0],
                [0.772761, -0.059774, -0.631876, 0.008951, -0.631298, 0.030501, -0.77494, 1.771388, 0.065595, 0.997746, -0.014165, 0.585593, 0.0, 0.0, 0.0, 1.0],
                [0.772761, -0.059774, -0.631876, 0.008951, -0.631298, 0.030501, -0.77494, 1.771388, 0.065595, 0.997746, -0.014165, 0.585593, 0.0, 0.0, 0.0, 1.0]
            ]
        },
        {
            "name": "Thigh_R",
            "time": [0.0, 0.0667, 0.2167, 0.3833, 0.45, 0.5167, 0.7167, 0.9],
            "transform": [
                [0.992811, 0.117851, -0.020883, 0.124994, 0.118536, -0.99232, 0.035348, -0.002831, -0.016557, -0.037569, -0.999157, -1.2e-05, 0.0, 0.0, 0.0, 1.0],
                [0.891611, 0.395379, 0.220693, 0.153004, 0.22242, -0.806965, 0.547117, 0.040113, 0.394409, -0.438729, -0.80744, -0.013408, 0.0, 0.0, 0.0, 1.0],
                [0.817936, 0.513067, 0.260274, 0.163602, 0.198524, -0.67633, 0.709342, 0.05636, 0.53997, -0.528526, -0.655052, -0.018477, 0.0, 0.0, 0.0, 1.0],
                [0.874269, 0.317836, 0.366925, 0.140613, 0.112679, -0.868081, 0.483466, 0.044922, 0.472183, -0.381334, -0.79475, -0.026589, 0.0, 0.0, 0.0, 1.0],
                [0.931244, 0.251472, 0.263715, 0.113867, 0.237499, -0.967737, 0.084142, 0.007129, 0.276365, -0.015724, -0.960924, -0.013397, 0.0, 0.0, 0.0, 1.0],
                [0.96503, 0.245216, 0.092663, 0.173813, 0.261246, -0.870476, -0.41716, 0.020543, -0.021633, 0.42678, -0.904097, 0.049821, 0.0, 0.0, 0.0, 1.0],
                [0.80956, 0.455479, 0.37034, 0.208435, 0.494871, -0.868867, -0.013167, 0.012917, 0.315778, 0.19393, -0.928804, 0.078186, 0.0, 0.0, 0.0, 1.0],
                [0.80956, 0.455479, 0.37034, 0.208435, 0.494871, -0.868867, -0.013167, 0.012917, 0.315778, 0.19393, -0.928804, 0.078186, 0.0, 0.0, 0.0, 1.0]
            ]
        },
        {
            "name": "Leg_R",
            "time": [0.0, 0.0667, 0.2167, 0.3833, 0.5167, 0.7167, 0.9],
            "transform": [
                [1.0, -0.0, 1e-06, 0.0, 0.0, 0.997612, 0.069073, 0.37472, -1e-06, -0.069073, 0.997611, -0.0, 0.0, 0.0, 0.0, 1.0],
                [1.0, -0.0, 1e-06, 0.0, 0.0, 0.900067, 0.435753, 0.37472, -1e-06, -0.435753, 0.900066, 0.0, 0.0, 0.0, 0.0, 1.0],
                [1.0, -1e-06, 1e-06, 0.0, 0.0, 0.828399, 0.56014, 0.37472, -1e-06, -0.56014, 0.828397, 0.0, 0.0, 0.0, 0.0, 1.0],
                [1.0, -0.0, 1e-06, 0.0, 0.0, 0.924713, 0.380666, 0.37472, -1e-06, -0.380667, 0.924712, 0.0, 0.0, 0.0, 0.0, 1.0],
                [1.0, -0.0, 1e-06, -0.0, 0.0, 0.993329, 0.115322, 0.37472, -1e-06, -0.115322, 0.993327, 0.0, 0.0, 0.0, 0.0, 1.0],
                [1.0, -0.0, 1e-06, 0.0, 0.0, 0.929281, 0.369375, 0.37472, -1e-06, -0.369376, 0.929279, 0.0, 0.0, 0.0, 0.0, 1.0],
                [1.0, -0.0, 1e-06, 0.0, 0.0, 0.929281, 0.369375, 0.37472, -1e-06, -0.369376, 0.929279, 0.0, 0.0, 0.0, 0.0, 1.0]
            ]
        },
        {
            "name": "Knee_R",
            "time": [0.0, 0.0667, 0.2167, 0.3833, 0.5167, 0.7167, 0.9],
            "transform": [
                [1.0, 0.0, -0.0, 0.0, -0.0, 1e-06, -1.0, 0.37472, -0.0, 1.0, 1e-06, -0.0, 0.0, 0.0, 0.0, 1.0],
                [1.0, 0.0, -0.0, 0.0, -0.0, 1e-06, -1.0, 0.37472, -0.0, 1.0, 1e-06, 0.0, 0.0, 0.0, 0.0, 1.0],
                [1.0, 0.0, -0.0, 0.0, -0.0, 1e-06, -1.0, 0.37472, -0.0, 1.0, 1e-06, 0.0, 0.0, 0.0, 0.0, 1.0],
                [1.0, 0.0, -0.0, 0.0, -0.0, 1e-06, -1.0, 0.37472, -0.0, 1.0, 1e-06, 0.0, 0.0, 0.0, 0.0, 1.0],
                [1.0, 0.0, -0.0, -0.0, -0.0, 1e-06, -1.0, 0.37472, -0.0, 1.0, 1e-06, 0.0, 0.0, 0.0, 0.0, 1.0],
                [1.0, 0.0, -0.0, 0.0, -0.0, 1e-06, -1.0, 0.37472, -0.0, 1.0, 1e-06, 0.0, 0.0, 0.0, 0.0, 1.0],
                [1.0, 0.0, -0.0, 0.0, -0.0, 1e-06, -1.0, 0.37472, -0.0, 1.0, 1e-06, 0.0, 0.0, 0.0, 0.0, 1.0]
            ]
        },
        {
            "name": "Thigh_L",
            "time": [0.0, 0.0667, 0.2167, 0.3833, 0.45, 0.5167, 0.7167, 0.9],
            "transform": [
                [0.869242, -0.055159, -0.491298, -0.125006, -0.021407, -0.997024, 0.074063, -0.002831, -0.493921, -0.053862, -0.867837, -1.2e-05, 0.0, 0.0, 0.0, 1.0],
                [0.835281, -0.405768, -0.371022, -0.125006, -0.241523, -0.876996, 0.415385, -0.002831, -0.493934, -0.257353, -0.83054, -1.2e-05, 0.0, 0.0, 0.0, 1.0],
                [0.688346, -0.62584, -0.366747, -0.125006, -0.534162, -0.779394, 0.327437, -0.002831, -0.490764, -0.029487, -0.870793, -1.2e-05, 0.0, 0.0, 0.0, 1.0],
                [0.697302, -0.611694, -0.37363, -0.125006, -0.507912, -0.78948, 0.344596, -0.002831, -0.50576, -0.050515, -0.861193, -1.2e-05, 0.0, 0.0, 0.0, 1.0],
                [0.797244, -0.592376, 0.116153, -0.132153, -0.600953, -0.760654, 0.24548, 0.008153, -0.057063, -0.26551, -0.962418, -0.007156, 0.0, 0.0, 0.0, 1.0],
                [0.840259, -0.538068, -0.066691, -0.141928, -0.385716, -0.679675, 0.62391, 0.023176, -0.381034, -0.498522, -0.778645, -0.016926, 0.0, 0.0, 0.0, 1.0],
                [0.738978, -0.577868, -0.346379, -0.145493, -0.093061, -0.596745, 0.797016, 0.028655, -0.66727, -0.556743, -0.49476, -0.02049, 0.0, 0.0, 0.0, 1.0],
                [0.738978, -0.577868, -0.346379, -0.145493, -0.093061, -0.596745, 0.797016, 0.028655, -0.66727, -0.556743, -0.49476, -0.02049, 0.0, 0.0, 0.0, 1.0]
            ]
        },
        {
            "name": "Leg_L",
            "time": [0.0, 0.0667, 0.2167, 0.3833, 0.5167, 0.7167, 0.9],
            "transform": [
                [0.999989, -0.003452, -0.00313, -0.0, 0.003782, 0.993653, 0.112423, 0.37472, 0.002722, -0.112434, 0.993656, 0.0, 0.0, 0.0, 0.0, 1.0],
                [0.999988, 0.001077, -0.004719, 0.0, 0.003806, 0.427447, 0.904032, 0.37472, 0.002991, -0.904039, 0.427438, 0.0, 0.0, 0.0, 0.0, 1.0],
                [0.999989, -0.001903, -0.004254, 0.0, 0.003782, 0.864663, 0.502338, 0.37472, 0.002722, -0.502348, 0.864662, 0.0, 0.0, 0.0, 0.0, 1.0],
                [0.999989, 5.6e-05, -0.004701, 0.0, 0.004438, 0.318853, 0.947794, 0.37472, 0.001552, -0.947804, 0.318849, 0.0, 0.0, 0.0, 0.0, 1.0],
                [0.999925, -0.012292, -0.000161, -0.0, 0.009903, 0.797712, 0.602957, 0.37472, -0.007283, -0.602913, 0.797774, -0.0, 0.0, 0.0, 0.0, 1.0],
                [0.999896, -0.014317, 0.001587, -0.0, 0.011576, 0.864186, 0.503039, 0.37472, -0.008574, -0.502968, 0.864263, 0.0, 0.0, 0.0, 0.0, 1.0],
                [0.999896, -0.014317, 0.001587, -0.0, 0.011576, 0.864186, 0.503039, 0.37472, -0.008574, -0.502968, 0.864263, 0.0, 0.0, 0.0, 0.0, 1.0]
            ]
        },
        {
            "name": "Knee_L",
            "time": [0.0, 0.0667, 0.2167, 0.3833, 0.5167, 0.7167, 0.9],
            "transform": [
                [1.0, 0.0, -0.0, -0.0, -0.0, 1e-06, -1.0, 0.37472, -0.0, 1.0, 1e-06, 0.0, 0.0, 0.0, 0.0, 1.0],
                [1.0, 0.0, -0.0, 0.0, -0.0, 1e-06, -1.0, 0.37472, -0.0, 1.0, 1e-06, 0.0, 0.0, 0.0, 0.0, 1.0],
                [1.0, 0.0, -0.0, 0.0, -0.0, 1e-06, -1.0, 0.37472, -0.0, 1.0, 1e-06, 0.0, 0.0, 0.0, 0.0, 1.0],
                [1.0, 0.0, -0.0, 0.0, -0.0, 0.011438, -0.999935, 0.37472, -0.0, 0.999934, 0.011438, 0.0, 0.0, 0.0, 0.0, 1.0],
                [1.0, 0.0, -0.0, -0.0, -0.0, 0.113623, -0.993524, 0.37472, -0.0, 0.993524, 0.113623, -0.0, 0.0, 0.0, 0.0, 1.0],
                [1.0, 0.0, -0.0, -0.0, -0.0, 0.131361, -0.991335, 0.37472, -0.0, 0.991335, 0.131361, 0.0, 0.0, 0.0, 0.0, 1.0],
                [1.0, 0.0, -0.0, -0.0, -0.0, 0.131361, -0.991335, 0.37472, -0.0, 0.991335, 0.131361, 0.0, 0.0, 0.0, 0.0, 1.0]
            ]
        },
        {
            "name": "Torso",
            "time": [0.0, 0.0667, 0.2167, 0.3833, 0.45, 0.5167, 0.7167, 0.9],
            "transform": [
                [0.99978, -0.020971, -0.000197, -0.0, 0.020971, 0.999603, 0.018833, 0.05, -0.000198, -0.018833, 0.999823, 0.0, 0.0, 0.0, 0.0, 1.0],
                [0.99457, -0.030638, 0.099455, -0.0, 0.020497, 0.994632, 0.101427, 0.05, -0.102029, -0.098838, 0.989859, 0.0, 0.0, 0.0, 0.0, 1.0],
                [0.989943, -0.036381, 0.136708, -0.0, 0.018125, 0.99102, 0.132479, 0.05, -0.1403, -0.128669, 0.981713, -0.0, 0.0, 0.0, 0.0, 1.0],
                [0.965794, -0.046135, 0.255172, -0.0, 0.013267, 0.991548, 0.129058, 0.05, -0.25897, -0.121258, 0.958244, 0.0, 0.0, 0.0, 0.0, 1.0],
                [0.958417, -0.081959, 0.273348, -0.0, 0.053031, 0.992338, 0.111599, 0.05, -0.2804, -0.092462, 0.95542, 0.0, 0.0, 0.0, 0.0, 1.0],
                [0.990282, -0.13821, -0.015478, -0.0, 0.138904, 0.988425, 0.061011, 0.05, 0.006867, -0.062568, 0.998017, -0.0, 0.0, 0.0, 0.0, 1.0],
                [0.967943, -0.159536, -0.193999, -0.0, 0.168248, 0.985313, 0.029184, 0.05, 0.186494, -0.060888, 0.980568, -0.0, 0.0, 0.0, 0.0, 1.0],
                [0.967943, -0.159536, -0.193999, -0.0, 0.168248, 0.985313, 0.029184, 0.05, 0.186494, -0.060888, 0.980568, -0.0, 0.0, 0.0, 0.0, 1.0]
            ]
        },
        {
            "name": "Chest",
            "time": [0.0, 0.0667, 0.2167, 0.3833, 0.5167, 0.7167, 0.9],
            "transform": [
                [0.999771, -0.021316, -0.002029, 0.0, 0.021411, 0.994316, 0.104295, 0.3, -0.000206, -0.104315, 0.994544, 0.0, 0.0, 0.0, 0.0, 1.0],
                [0.846717, -0.109966, 0.520555, 0.0, -0.051118, 0.957067, 0.285326, 0.3, -0.529582, -0.2682, 0.804743, -0.0, 0.0, 0.0, 0.0, 1.0],
                [0.772484, -0.150845, 0.616858, -0.0, -0.071805, 0.9444, 0.320862, 0.3, -0.630961, -0.292154, 0.718703, -0.0, 0.0, 0.0, 0.0, 1.0],
                [0.807189, -0.15159, 0.570497, 0.0, -0.046773, 0.947, 0.31781, 0.3, -0.588438, -0.283216, 0.757318, 0.0, 0.0, 0.0, 0.0, 1.0],
                [0.985059, -0.158885, 0.066432, 0.0, 0.141033, 0.965642, 0.218278, 0.3, -0.09883, -0.205647, 0.973623, -0.0, 0.0, 0.0, 0.0, 1.0],
                [0.986025, -0.164049, -0.029023, 0.0, 0.166567, 0.967465, 0.190438, 0.3, -0.003162, -0.192611, 0.98127, -0.0, 0.0, 0.0, 0.0, 1.0],
                [0.986025, -0.164049, -0.029023, 0.0, 0.166567, 0.967465, 0.190438, 0.3, -0.003162, -0.192611, 0.98127, -0.0, 0.0, 0.0, 0.0, 1.0]
            ]
        },
        {
            "name": "Head",
            "time": [0.0, 0.0667, 0.2167, 0.3833, 0.5167, 0.7167, 0.9],
            "transform": [
                [0.853111, 0.037721, 0.520365, -0.0, -0.006297, 0.998055, -0.062025, 0.4, -0.521692, 0.049637, 0.851689, -0.0, 0.0, 0.0, 0.0, 1.0],
                [0.588746, 0.037721, -0.807437, 0.0, -0.062333, 0.998055, 0.001176, 0.4, 0.805911, 0.049637, 0.589952, 0.0, 0.0, 0.0, 0.0, 1.0],
                [0.311813, 0.037721, -0.949394, -0.0, -0.058948, 0.998055, 0.020294, 0.4, 0.948313, 0.049637, 0.31343, 0.0, 0.0, 0.0, 0.0, 1.0],
                [0.457417, 0.045577, -0.888083, -0.0, -0.077371, 0.996938, 0.011312, 0.4, 0.88588, 0.063538, 0.459543, -0.0, 0.0, 0.0, 0.0, 1.0],
                [0.88477, 0.278456, 0.373691, 0.0, -0.243113, 0.959892, -0.139658, 0.4, -0.397591, 0.032716, 0.916979, 0.0, 0.0, 0.0, 0.0, 1.0],
                [0.623403, 0.24514, 0.742479, 0.0, -0.102334, 0.966994, -0.233345, 0.4, -0.775175, 0.069487, 0.627914, -0.0, 0.0, 0.0, 0.0, 1.0],
                [0.623403, 0.24514, 0.742479, 0.0, -0.102334, 0.966994, -0.233345, 0.4, -0.775175, 0.069487, 0.627914, -0.0, 0.0, 0.0, 0.0, 1.0]
            ]
        },
        {
            "name": "Shoulder_R",
            "time": [0.0, 0.0667, 0.2167, 0.3833, 0.5167, 0.7167, 0.9],
            "transform": [
                [0.110305, 0.959352, 0.259762, -0.0, 0.091141, -0.270019, 0.958532, 0.4, 0.98971, -0.082056, -0.11722, -0.0, 0.0, 0.0, 0.0, 1.0],
                [0.190908, 0.946614, 0.259762, 0.0, 0.068018, -0.276749, 0.958532, 0.4, 0.979248, -0.165323, -0.11722, 0.0, 0.0, 0.0, 0.0, 1.0],
                [0.209258, 0.942727, 0.259762, -0.0, 0.06263, -0.278018, 0.958532, 0.4, 0.975852, -0.184312, -0.11722, 0.0, 0.0, 0.0, 0.0, 1.0],
                [0.209258, 0.942727, 0.259762, -0.0, 0.06263, -0.278018, 0.958532, 0.4, 0.975852, -0.184312, -0.11722, -0.0, 0.0, 0.0, 0.0, 1.0],
                [0.124054, 0.957671, 0.259762, 0.0, 0.087258, -0.271298, 0.958532, 0.4, 0.988431, -0.096243, -0.11722, 0.0, 0.0, 0.0, 0.0, 1.0],
                [0.107205, 0.959703, 0.259762, 0.0, 0.092012, -0.269723, 0.958532, 0.4, 0.98997, -0.078858, -0.11722, -0.0, 0.0, 0.0, 0.0, 1.0],
                [0.107205, 0.959703, 0.259762, 0.0, 0.092012, -0.269723, 0.958532, 0.4, 0.98997, -0.078858, -0.11722, -0.0, 0.0, 0.0, 0.0, 1.0]
            ]
        },
        {
            "name": "Arm_R",
            "time": [0.0, 0.0667, 0.2167, 0.3833, 0.45, 0.5167, 0.7167, 0.9],
            "transform": [
                [0.043023, -0.059379, -0.997308, 0.0, 0.813119, 0.582097, 0.00042, 0.39386, 0.580505, -0.810948, 0.073326, 0.0, 0.0, 0.0, 0.0, 1.0],
                [-0.572003, -0.768874, -0.285736, -0.0, 0.285367, 0.140054, -0.94813, 0.393861, 0.769011, -0.623873, 0.139301, 0.0, 0.0, 0.0, 0.0, 1.0],
                [-0.528166, -0.808763, 0.258734, -0.0, -0.224417, -0.160918, -0.961115, 0.393861, 0.818949, -0.565693, -0.096508, -0.0, 0.0, 0.0, 0.0, 1.0],
                [-0.441281, -0.803285, 0.400004, 0.0, -0.245604, -0.320618, -0.914813, 0.39386, 0.863104, -0.501933, -0.055807, 0.0, 0.0, 0.0, 0.0, 1.0],
                [-0.138461, -0.989021, 0.05164, 0.0, -0.706244, 0.06205, -0.705244, 0.393861, 0.694296, -0.13412, -0.707082, -0.0, 0.0, 0.0, 0.0, 1.0],
                [0.11717, -0.40765, -0.905589, -0.0, -0.664944, 0.6451, -0.376425, 0.39386, 0.737645, 0.646272, -0.195478, -0.0, 0.0, 0.0, 0.0, 1.0],
                [0.264055, 0.015962, -0.964375, 0.0, -0.637223, 0.753459, -0.162006, 0.39386, 0.724032, 0.657301, 0.209126, -0.0, 0.0, 0.0, 0.0, 1.0],
                [0.264055, 0.015962, -0.964375, 0.0, -0.637223, 0.753459, -0.162006, 0.39386, 0.724032, 0.657301, 0.209126, -0.0, 0.0, 0.0, 0.0, 1.0]
            ]
        },
        {
            "name": "Hand_R",
            "time": [0.0, 0.0667, 0.2167, 0.3833, 0.5167, 0.7167, 0.9],
            "transform": [
                [0.999998, -0.000848, 0.001614, -0.0, 0.000868, 0.999919, -0.012686, 0.3, -0.001603, 0.012688, 0.999918, 0.0, 0.0, 0.0, 0.0, 1.0],
                [0.999998, -0.000954, 0.001554, 0.0, 0.000868, 0.998524, 0.054306, 0.3, -0.001603, -0.054305, 0.998523, -0.0, 0.0, 0.0, 0.0, 1.0],
                [0.999998, -0.000978, 0.001539, -0.0, 0.000868, 0.997569, 0.069679, 0.3, -0.001603, -0.069677, 0.997568, -0.0, 0.0, 0.0, 0.0, 1.0],
                [0.999998, -0.000484, 0.001758, -0.0, 0.000868, 0.974246, -0.225486, 0.3, -0.001603, 0.225487, 0.974245, 0.0, 0.0, 0.0, 0.0, 1.0],
                [0.999998, -0.000893, 0.00159, -0.0, 0.000868, 0.999878, 0.015592, 0.3, -0.001603, -0.015591, 0.999877, -0.0, 0.0, 0.0, 0.0, 1.0],
                [0.999998, -0.000967, 0.001545, 0.0, 0.000868, 0.998005, 0.063128, 0.3, -0.001603, -0.063126, 0.998004, -0.0, 0.0, 0.0, 0.0, 1.0],
                [0.999998, -0.000967, 0.001545, 0.0, 0.000868, 0.998005, 0.063128, 0.3, -0.001603, -0.063126, 0.998004, -0.0, 0.0, 0.0, 0.0, 1.0]
            ]
        },
        {
            "name": "Tool_R",
            "time": [0.0, 0.0667, 0.2167, 0.3833, 0.5167, 0.7167, 0.9],
            "transform": [
                [0.993314, -0.054493, -0.101777, 0.010704, -0.088154, -0.927265, -0.363881, 0.330594, -0.074502, 0.37019, -0.925324, 0.180402, 0.0, 0.0, 0.0, 1.0],
                [0.993314, -0.054493, -0.101777, 0.010704, -0.088154, -0.927265, -0.36388, 0.330594, -0.074502, 0.37019, -0.925324, 0.180402, 0.0, 0.0, 0.0, 1.0],
                [0.993314, -0.054493, -0.101777, 0.010704, -0.088154, -0.927265, -0.363881, 0.330594, -0.074502, 0.37019, -0.925324, 0.180402, 0.0, 0.0, 0.0, 1.0],
                [0.993314, -0.054493, -0.101777, 0.010704, -0.088154, -0.927265, -0.363881, 0.330594, -0.074502, 0.37019, -0.925324, 0.180402, 0.0, 0.0, 0.0, 1.0],
                [0.993314, -0.054493, -0.101777, 0.010704, -0.088154, -0.927265, -0.363881, 0.330594, -0.074502, 0.37019, -0.925324, 0.180402, 0.0, 0.0, 0.0, 1.0],
                [0.993314, -0.054493, -0.101777, 0.010704, -0.088154, -0.927265, -0.363881, 0.330594, -0.074502, 0.37019, -0.925324, 0.180402, 0.0, 0.0, 0.0, 1.0],
                [0.993314, -0.054493, -0.101777, 0.010704, -0.088154, -0.927265, -0.363881, 0.330594, -0.074502, 0.37019, -0.925324, 0.180402, 0.0, 0.0, 0.0, 1.0]
            ]
        },
        {
            "name": "Elbow_R",
            "time": [0.0, 0.0667, 0.2167, 0.3833, 0.5167, 0.7167, 0.9],
            "transform": [
                [-1.0, 0.0, -0.0, -0.0, 0.0, 0.0, -1.0, 0.429832, -0.0, -1.0, 0.0, 0.0, 0.0, 0.0, 0.0, 1.0],
                [-1.0, 0.0, -0.0, 0.0, 0.0, 0.0, -1.0, 0.335692, -0.0, -1.0, 0.0, -0.0, 0.0, 0.0, 0.0, 1.0],
                [-1.0, 0.0, -0.0, -0.0, 0.0, -0.0, -1.0, 0.314054, -0.0, -1.0, 0.0, -0.0, 0.0, 0.0, 0.0, 1.0],
                [-1.0, 0.0, -0.0, -0.0, 0.0, -0.0, -1.0, 0.314053, -0.0, -1.0, 0.0, 0.0, 0.0, 0.0, 0.0, 1.0],
                [-1.0, 0.0, -0.0, 0.0, -0.0, -0.0, -1.0, 0.314053, -0.0, -1.0, 0.0, 0.0, 0.0, 0.0, 0.0, 1.0],
                [-1.0, 0.0, -0.0, 0.0, 0.0, -0.0, -1.0, 0.314053, -0.0, -1.0, 0.0, -0.0, 0.0, 0.0, 0.0, 1.0],
                [-1.0, 0.0, -0.0, 0.0, 0.0, -0.0, -1.0, 0.314053, -0.0, -1.0, 0.0, -0.0, 0.0, 0.0, 0.0, 1.0]
            ]
        },
        {
            "name": "Shoulder_L",
            "time": [0.0, 0.0667, 0.2167, 0.3833, 0.5167, 0.7167, 0.9],
            "transform": [
                [-0.226937, -0.879834, -0.417602, -0.0, -0.021067, -0.424255, 0.905298, 0.4, -0.973681, 0.214243, 0.077744, -0.0, 0.0, 0.0, 0.0, 1.0],
                [-0.226937, -0.879834, -0.417602, 0.0, -0.021067, -0.424255, 0.905298, 0.4, -0.973681, 0.214243, 0.077744, 0.0, 0.0, 0.0, 0.0, 1.0],
                [-0.226937, -0.879834, -0.417602, -0.0, -0.021067, -0.424255, 0.905298, 0.4, -0.973681, 0.214243, 0.077744, 0.0, 0.0, 0.0, 0.0, 1.0],
                [-0.226937, -0.879834, -0.417602, -0.0, -0.021067, -0.424255, 0.905298, 0.4, -0.973682, 0.214243, 0.077744, -0.0, 0.0, 0.0, 0.0, 1.0],
                [-0.226937, -0.879834, -0.417602, 0.0, -0.021067, -0.424255, 0.905298, 0.4, -0.973682, 0.214243, 0.077744, 0.0, 0.0, 0.0, 0.0, 1.0],
                [-0.226937, -0.879834, -0.417602, 0.0, -0.021067, -0.424255, 0.905298, 0.4, -0.973682, 0.214244, 0.077744, -0.0, 0.0, 0.0, 0.0, 1.0],
                [-0.226937, -0.879834, -0.417602, 0.0, -0.021067, -0.424255, 0.905298, 0.4, -0.973682, 0.214244, 0.077744, -0.0, 0.0, 0.0, 0.0, 1.0]
            ]
        },
        {
            "name": "Arm_L",
            "time": [0.0, 0.0667, 0.2167, 0.3833, 0.5167, 0.7167, 0.9],
            "transform": [
                [0.036604, 0.052076, 0.997972, 0.0, -0.871994, 0.489475, 0.006442, 0.39386, -0.488147, -0.870461, 0.063327, -0.0, 0.0, 0.0, 0.0, 1.0],
                [0.041154, 0.048622, 0.997969, -0.0, -0.824559, 0.56574, 0.00644, 0.39386, -0.564278, -0.823149, 0.063374, -0.0, 0.0, 0.0, 0.0, 1.0],
                [0.045074, 0.044946, 0.997972, 0.0, -0.773986, 0.63317, 0.006442, 0.39386, -0.631596, -0.772707, 0.063327, -0.0, 0.0, 0.0, 0.0, 1.0],
                [0.049604, 0.022288, 0.99852, -0.0, -0.732013, 0.680961, 0.021165, 0.39386, -0.679482, -0.73198, 0.050094, 0.0, 0.0, 0.0, 0.0, 1.0],
                [0.036526, -0.176883, 0.983554, 0.0, -0.385543, 0.905521, 0.177167, 0.39386, -0.921966, -0.385673, -0.035121, 0.0, 0.0, 0.0, 0.0, 1.0],
                [0.026023, -0.20945, 0.977473, 0.0, -0.320362, 0.924486, 0.206625, 0.39386, -0.946938, -0.318522, -0.043042, 0.0, 0.0, 0.0, 0.0, 1.0],
                [0.026023, -0.20945, 0.977473, 0.0, -0.320362, 0.924486, 0.206625, 0.39386, -0.946938, -0.318522, -0.043042, 0.0, 0.0, 0.0, 0.0, 1.0]
            ]
        },
        {
            "name": "Hand_L",
            "time": [0.0, 0.0667, 0.2167, 0.3833, 0.5167, 0.7167, 0.9],
            "transform": [
                [0.999993, -0.001541, -0.00347, -0.0, 0.000938, 0.985901, -0.167329, 0.3, 0.003679, 0.167324, 0.985895, 0.0, 0.0, 0.0, 0.0, 1.0],
                [0.999993, -0.001541, -0.00347, 0.0, 0.000938, 0.985901, -0.167329, 0.3, 0.003679, 0.167324, 0.985895, -0.0, 0.0, 0.0, 0.0, 1.0],
                [0.999993, -0.001541, -0.00347, -0.0, 0.000938, 0.985901, -0.167329, 0.3, 0.003679, 0.167324, 0.985895, 0.0, 0.0, 0.0, 0.0, 1.0],
                [0.999993, -0.001632, -0.003428, 0.0, 0.000938, 0.981115, -0.193423, 0.3, 0.003679, 0.193418, 0.98111, 0.0, 0.0, 0.0, 0.0, 1.0],
                [0.999993, -0.002396, -0.002946, -0.0, 0.000938, 0.907643, -0.419743, 0.3, 0.003679, 0.419737, 0.907639, 0.0, 0.0, 0.0, 0.0, 1.0],
                [0.999993, -0.002516, -0.002843, 0.0, 0.000938, 0.889428, -0.457075, 0.3, 0.003679, 0.457069, 0.889424, -0.0, 0.0, 0.0, 0.0, 1.0],
                [0.999993, -0.002516, -0.002843, 0.0, 0.000938, 0.889428, -0.457075, 0.3, 0.003679, 0.457069, 0.889424, -0.0, 0.0, 0.0, 0.0, 1.0]
            ]
        },
        {
            "name": "Tool_L",
            "time": [0.0, 0.0667, 0.2167, 0.3833, 0.5167, 0.7167, 0.9],
            "transform": [
                [0.997004, 0.01104, -0.076554, -0.0, -0.036659, -0.804079, -0.593391, 0.272858, -0.068067, 0.594062, -0.8008, -0.0, 0.0, 0.0, 0.0, 1.0],
                [0.997004, 0.01104, -0.076554, 0.0, -0.036659, -0.804079, -0.593391, 0.272858, -0.068067, 0.594062, -0.8008, -0.0, 0.0, 0.0, 0.0, 1.0],
                [0.997004, 0.01104, -0.076554, 0.0, -0.036659, -0.804079, -0.593391, 0.272858, -0.068067, 0.594062, -0.8008, -0.0, 0.0, 0.0, 0.0, 1.0],
                [0.997004, 0.01104, -0.076554, 0.0, -0.036659, -0.804079, -0.593391, 0.272858, -0.068067, 0.594062, -0.8008, -0.0, 0.0, 0.0, 0.0, 1.0],
                [0.997004, 0.01104, -0.076554, -0.0, -0.036659, -0.804079, -0.593391, 0.272858, -0.068067, 0.594062, -0.8008, -0.0, 0.0, 0.0, 0.0, 1.0],
                [0.997004, 0.01104, -0.076554, -0.0, -0.036659, -0.804079, -0.593391, 0.272858, -0.068067, 0.594062, -0.8008, -0.0, 0.0, 0.0, 0.0, 1.0],
                [0.997004, 0.01104, -0.076554, -0.0, -0.036659, -0.804079, -0.593391, 0.272858, -0.068067, 0.594062, -0.8008, -0.0, 0.0, 0.0, 0.0, 1.0]
            ]
        },
        {
            "name": "Elbow_L",
            "time": [0.0, 0.0667, 0.2167, 0.3833, 0.5167, 0.7167, 0.9],
            "transform": [
                [-1.0, 0.0, -0.0, 2.7e-05, 0.0, -0.0, -1.0, 0.396148, -0.0, -1.0, -0.0, -0.002121, 0.0, 0.0, 0.0, 1.0],
                [-1.0, 0.0, 0.0, 2.7e-05, 0.0, -0.0, -1.0, 0.396148, -0.0, -1.0, -0.0, -0.002121, 0.0, 0.0, 0.0, 1.0],
                [-1.0, 0.0, -0.0, 2.7e-05, -0.0, -0.0, -1.0, 0.396148, -0.0, -1.0, -0.0, -0.002121, 0.0, 0.0, 0.0, 1.0],
                [-1.0, 0.0, -0.0, 2.7e-05, 0.0, -0.019478, -0.99981, 0.396148, -0.0, -0.99981, 0.019478, -0.002121, 0.0, 0.0, 0.0, 1.0],
                [-1.0, 0.0, -0.0, 2.7e-05, 0.0, -0.193005, -0.981198, 0.396148, -0.0, -0.981198, 0.193005, -0.002121, 0.0, 0.0, 0.0, 1.0],
                [-1.0, 0.0, -0.0, 2.7e-05, 0.0, -0.222804, -0.974863, 0.396148, -0.0, -0.974863, 0.222804, -0.00212, 0.0, 0.0, 0.0, 1.0],
                [-1.0, 0.0, -0.0, 2.7e-05, 0.0, -0.222804, -0.974863, 0.396148, -0.0, -0.974863, 0.222804, -0.00212, 0.0, 0.0, 0.0, 1.0]
            ]
        }
    ]
}