{
    "animation": [
        {
            "name": "Root",
            "time": [0.0, 0.1333, 0.2667, 0.4, 0.45, 0.8667, 1.15],
            "transform": [
                [0.854689, 0.0, -0.51914, -5e-06, -0.51914, 0.0, -0.854689, 0.000946, 0.0, 1.0, 0.0, 0.743765, 0.0, 0.0, 0.0, 1.0],
                [0.997242, 0.055888, 0.048832, -5e-06, 0.048756, 0.002732, -0.998807, -0.116537, -0.055955, 0.998433, -0.0, 0.743765, 0.0, 0.0, 0.0, 1.0],
                [0.799972, 0.0, 0.600037, -5e-06, 0.600037, 0.0, -0.799972, -0.23402, 0.0, 1.0, 0.0, 0.743765, 0.0, 0.0, 0.0, 1.0],
                [0.689815, 0.0, 0.723986, -5e-06, 0.723986, 0.0, -0.689815, -0.300049, 0.0, 1.0, 0.0, 0.668074, 0.0, 0.0, 0.0, 1.0],
                [0.799885, 0.0, 0.600154, -5e-06, 0.600154, 0.0, -0.799885, 1.1391, 0.0, 1.0, 0.0, 0.675308, 0.0, 0.0, 0.0, 1.0],
                [0.898622, 0.0, -0.438723, -5e-06, -0.438723, 0.0, -0.898622, 1.828982, 0.0, 1.0, 0.0, 0.720387, 0.0, 0.0, 0.0, 1.0],
                [0.898622, 0.0, -0.438723, -5e-06, -0.438723, 0.0, -0.898622, 1.828982, 0.0, 1.0, 0.0, 0.622968, 0.0, 0.0, 0.0, 1.0]
            ]
        },
        {
            "name": "Thigh_R",
            "time": [0.0, 0.1333, 0.2667, 0.4, 0.45, 0.7167, 0.8667, 1.15],
            "transform": [
                [0.992811, 0.11785, -0.020883, 0.124994, 0.118536, -0.992318, 0.035348, -0.002831, -0.016557, -0.037569, -0.999157, -1.2e-05, 0.0, 0.0, 0.0, 1.0],
                [0.958202, 0.186577, 0.21688, 0.124994, 0.115282, -0.945615, 0.304168, -0.002831, 0.261836, -0.266452, -0.927602, -1.2e-05, 0.0, 0.0, 0.0, 1.0],
                [0.850968, 0.197733, 0.486574, 0.124994, 0.081419, -0.964887, 0.249718, -0.002831, 0.518868, -0.172885, -0.83719, -1.2e-05, 0.0, 0.0, 0.0, 1.0],
                [0.850968, 0.351933, 0.389867, 0.124994, 0.081419, -0.821714, 0.564052, -0.002831, 0.518868, -0.448246, -0.727909, -1.2e-05, 0.0, 0.0, 0.0, 1.0],
                [0.886871, -0.266845, 0.377165, 0.124994, 0.028813, -0.782809, -0.621593, -0.002831, 0.461118, 0.562139, -0.686563, -1.2e-05, 0.0, 0.0, 0.0, 1.0],
                [0.904517, 0.17116, -0.39058, 0.124994, 0.011349, -0.92525, -0.379183, -0.002831, -0.426286, 0.338545, -0.838849, -1.2e-05, 0.0, 0.0, 0.0, 1.0],
                [0.904517, 0.17116, -0.39058, 0.124994, 0.011349, -0.92525, -0.379183, -0.002831, -0.426286, 0.338545, -0.838849, -1.2e-05, 0.0, 0.0, 0.0, 1.0],
                [0.952522, 0.281894, -0.115052, 0.124994, 0.224498, -0.905523, -0.360035, -0.002831, -0.205674, 0.317113, -0.925817, -1.2e-05, 0.0, 0.0, 0.0, 1.0]
            ]
        },
        {
            "name": "Leg_R",
            "time": [0.0, 0.2667, 0.4, 0.45, 0.7167, 0.8667, 1.15],
            "transform": [
                [1.0, -0.0, 1e-06, -0.0, 0.0, 0.997612, 0.069073, 0.37472, -1e-06, -0.069073, 0.997611, -0.0, 0.0, 0.0, 0.0, 1.0],
                [1.0, -0.0, 1e-06, 0.0, 0.0, 0.957119, 0.289696, 0.37472, -1e-06, -0.289696, 0.957118, -0.0, 0.0, 0.0, 0.0, 1.0],
                [1.0, -0.0, 1e-06, -0.0, 0.0, 0.957119, 0.289696, 0.37472, -1e-06, -0.289696, 0.957118, 0.0, 0.0, 0.0, 0.0, 1.0],
                [1.0, -0.0, 1e-06, 0.0, 0.0, 0.999811, -0.019489, 0.37472, -1e-06, 0.019489, 0.999809, 0.0, 0.0, 0.0, 0.0, 1.0],
                [1.0, -0.0, 1e-06, 0.0, 0.0, 0.935241, 0.354013, 0.37472, -1e-06, -0.354013, 0.93524, 0.0, 0.0, 0.0, 0.0, 1.0],
                [1.0, -0.0, 1e-06, 0.0, 0.0, 0.935241, 0.354013, 0.37472, -1e-06, -0.354013, 0.93524, -0.0, 0.0, 0.0, 0.0, 1.0],
                [1.0, -1e-06, 1e-06, 0.0, 0.0, 0.859626, 0.510924, 0.37472, -1e-06, -0.510925, 0.859625, -0.0, 0.0, 0.0, 0.0, 1.0]
            ]
        },
        {
            "name": "Knee_R",
            "time": [0.0, 0.4, 0.8667, 1.15],
            "transform": [
                [1.0, 0.0, -0.0, -0.0, -0.0, 1e-06, -1.0, 0.37472, -0.0, 1.0, 1e-06, -0.0, 0.0, 0.0, 0.0, 1.0],
                [1.0, 0.0, -0.0, -0.0, -0.0, 1e-06, -1.0, 0.37472, -0.0, 1.0, 1e-06, 0.0, 0.0, 0.0, 0.0, 1.0],
                [1.0, 0.0, -0.0, 0.0, -0.0, 1e-06, -1.0, 0.37472, -0.0, 1.0, 1e-06, -0.0, 0.0, 0.0, 0.0, 1.0],
                [1.0, 0.0, -0.0, 0.0, -0.0, 1e-06, -1.0, 0.37472, -0.0, 1.0, 1e-06, -0.0, 0.0, 0.0, 0.0, 1.0]
            ]
        },
        {
            "name": "Thigh_L",
            "time": [0.0, 0.2667, 0.4, 0.45, 0.6167, 0.7167, 1.15],
            "transform": [
                [0.869242, -0.05516, -0.491298, -0.125006, -0.021407, -0.997024, 0.074063, -0.002831, -0.493921, -0.053862, -0.867837, -1.2e-05, 0.0, 0.0, 0.0, 1.0],
                [0.858521, -0.191891, -0.47552, -0.125006, -0.222925, -0.974793, -0.00911, -0.002831, -0.461785, 0.113826, -0.879658, -1.2e-05, 0.0, 0.0, 0.0, 1.0],
                [0.725039, -0.567343, -0.390435, -0.125006, -0.462268, -0.821128, 0.334748, -0.002831, -0.510514, -0.06222, -0.857615, -1.2e-05, 0.0, 0.0, 0.0, 1.0],
                [0.834973, 0.193727, 0.515061, -0.125006, -0.130673, -0.839408, 0.527559, -0.002831, 0.534549, -0.507802, -0.675569, -1.2e-05, 0.0, 0.0, 0.0, 1.0],
                [0.975416, 0.111049, 0.190344, -0.125006, -0.082774, -0.615873, 0.783485, -0.002831, 0.204233, -0.77998, -0.59154, -1.2e-05, 0.0, 0.0, 0.0, 1.0],
                [0.866466, -0.265084, -0.423044, -0.125006, -0.007491, -0.854193, 0.519902, -0.002831, -0.499179, -0.447308, -0.742115, -1.2e-05, 0.0, 0.0, 0.0, 1.0],
                [0.866338, -0.372354, -0.33288, -0.125006, 0.004035, -0.661246, 0.750158, -0.002831, -0.49944, -0.651234, -0.571361, -1.2e-05, 0.0, 0.0, 0.0, 1.0]
            ]
        },
        {
            "name": "Leg_L",
            "time": [0.0, 0.1333, 0.2667, 0.4, 0.45, 0.7167, 0.8667, 1.15],
            "transform": [
                [0.999989, -0.003452, -0.00313, -0.0, 0.003782, 0.993653, 0.112423, 0.37472, 0.002722, -0.112434, 0.993656, 0.0, 0.0, 0.0, 0.0, 1.0],
                [0.999989, -0.000547, -0.004628, 0.0, 0.003782, 0.675459, 0.737388, 0.37472, 0.002722, -0.737397, 0.675454, 0.0, 0.0, 0.0, 0.0, 1.0],
                [0.999989, -0.003128, -0.003455, -0.0, 0.003782, 0.977785, 0.209576, 0.37472, 0.002722, -0.209586, 0.977787, 0.0, 0.0, 0.0, 0.0, 1.0],
                [0.999989, -0.001903, -0.004254, 0.0, 0.003782, 0.864663, 0.502338, 0.37472, 0.002722, -0.502348, 0.864661, 0.0, 0.0, 0.0, 0.0, 1.0],
                [0.998435, 0.014761, 0.053939, 0.0, -0.053853, -0.00613, 0.99853, 0.37472, 0.01507, -0.999872, -0.005326, -0.0, 0.0, 0.0, 0.0, 1.0],
                [0.999877, -0.015516, 0.002205, -0.0, 0.012447, 0.871743, 0.489805, 0.37472, -0.009522, -0.489717, 0.87183, 0.0, 0.0, 0.0, 0.0, 1.0],
                [0.999877, -0.015516, 0.002205, -0.0, 0.012447, 0.871743, 0.489805, 0.37472, -0.009522, -0.489717, 0.871829, -0.0, 0.0, 0.0, 0.0, 1.0],
                [0.999877, -0.0146, -0.005697, 0.0, 0.012447, 0.518957, 0.85471, 0.37472, -0.009522, -0.854675, 0.519075, -0.0, 0.0, 0.0, 0.0, 1.0]
            ]
        },
        {
            "name": "Knee_L",
            "time": [0.0, 0.4, 0.45, 0.7167, 0.8667, 1.15],
            "transform": [
                [1.0, 0.0, -0.0, -0.0, -0.0, 1e-06, -1.0, 0.37472, -0.0, 1.0, 1e-06, 0.0, 0.0, 0.0, 0.0, 1.0],
                [1.0, 0.0, -0.0, 0.0, -0.0, 1e-06, -1.0, 0.37472, -0.0, 1.0, 1e-06, 0.0, 0.0, 0.0, 0.0, 1.0],
                [1.0, 0.0, -0.0, 0.0, -0.0, 0.615526, -0.788117, 0.37472, -0.0, 0.788117, 0.615525, -0.0, 0.0, 0.0, 0.0, 1.0],
                [1.0, -0.0, -0.0, -0.0, -0.0, 0.143771, -0.989611, 0.37472, 0.0, 0.989611, 0.143771, 0.0, 0.0, 0.0, 0.0, 1.0],
                [1.0, -0.0, -0.0, -0.0, -0.0, 0.143772, -0.989611, 0.37472, 0.0, 0.989611, 0.143771, -0.0, 0.0, 0.0, 0.0, 1.0],
                [1.0, -0.0, -0.0, 0.0, -0.0, 0.143771, -0.989611, 0.37472, 0.0, 0.989611, 0.143771, -0.0, 0.0, 0.0, 0.0, 1.0]
            ]
        },
        {
            "name": "Torso",
            "time": [0.0, 0.4, 0.45, 0.7167, 0.8667, 1.15],
            "transform": [
                [0.99978, -0.020971, -0.000197, -0.0, 0.020971, 0.999603, 0.018833, 0.05, -0.000198, -0.018833, 0.999823, 0.0, 0.0, 0.0, 0.0, 1.0],
                [0.989943, -0.020971, 0.139903, -0.0, 0.018125, 0.999603, 0.021586, 0.05, -0.1403, -0.018833, 0.98993, 0.0, 0.0, 0.0, 0.0, 1.0],
                [0.980811, -0.020971, -0.193829, 0.0, 0.024222, 0.999603, 0.014415, 0.05, 0.19345, -0.018833, 0.980929, -0.0, 0.0, 0.0, 0.0, 1.0],
                [0.999139, -0.020971, -0.035785, 0.0, 0.021629, 0.999603, 0.018075, 0.05, 0.035392, -0.018833, 0.999196, 0.0, 0.0, 0.0, 0.0, 1.0],
                [0.999139, -0.020971, -0.035785, -0.0, 0.021629, 0.999603, 0.018075, 0.05, 0.035392, -0.018833, 0.999196, -0.0, 0.0, 0.0, 0.0, 1.0],
                [0.999139, -0.020971, -0.035785, -0.0, 0.021629, 0.999603, 0.018075, 0.05, 0.035392, -0.018833, 0.999196, -0.0, 0.0, 0.0, 0.0, 1.0]
            ]
        },
        {
            "name": "Chest",
            "time": [0.0, 0.1333, 0.2667, 0.4, 0.7167, 1.15],
            "transform": [
                [0.999771, -0.021316, -0.002029, 0.0, 0.021411, 0.994316, 0.104295, 0.3, -0.000206, -0.104315, 0.994544, 0.0, 0.0, 0.0, 0.0, 1.0],
                [0.969521, -0.116746, 0.215404, 0.0, 0.002206, 0.883298, 0.468807, 0.3, -0.244997, -0.454044, 0.856634, 0.0, 0.0, 0.0, 0.0, 1.0],
                [0.792398, -0.074929, 0.605385, 0.0, -0.065197, 0.97634, 0.206179, 0.3, -0.60651, -0.202845, 0.768765, -0.0, 0.0, 0.0, 0.0, 1.0],
                [0.772484, -0.074928, 0.630598, 0.0, -0.071805, 0.97634, 0.203971, 0.3, -0.630961, -0.202845, 0.748827, 0.0, 0.0, 0.0, 0.0, 1.0],
                [0.958927, -0.09058, -0.2688, -0.0, 0.108454, 0.992721, 0.052374, 0.3, 0.262099, -0.079376, 0.961771, 0.0, 0.0, 0.0, 0.0, 1.0],
                [0.925176, -0.039852, -0.377441, -0.0, 0.113379, 0.978083, 0.17464, 0.3, 0.362209, -0.204366, 0.909417, 0.0, 0.0, 0.0, 0.0, 1.0]
            ]
        },
        {
            "name": "Head",
            "time": [0.0, 0.4, 0.8667, 1.15],
            "transform": [
                [0.853111, 0.037721, 0.520365, -0.0, -0.006297, 0.998055, -0.062025, 0.4, -0.521692, 0.049637, 0.851689, -0.0, 0.0, 0.0, 0.0, 1.0],
                [0.311813, 0.037721, -0.949394, -0.0, -0.058948, 0.998055, 0.020294, 0.4, 0.948313, 0.049637, 0.31343, 0.0, 0.0, 0.0, 0.0, 1.0],
                [0.634326, 0.037721, 0.772144, 0.0, 0.014467, 0.998055, -0.060642, 0.4, -0.77293, 0.049637, 0.632547, 0.0, 0.0, 0.0, 0.0, 1.0],
                [0.634327, 0.037721, 0.772144, 0.0, 0.014467, 0.998055, -0.060642, 0.4, -0.77293, 0.049637, 0.632547, -0.0, 0.0, 0.0, 0.0, 1.0]
            ]
        },
        {
            "name": "Shoulder_R",
            "time": [0.0, 0.2667, 0.4, 0.8667, 1.15],
            "transform": [
                [0.110305, 0.959352, 0.259762, -0.0, 0.091141, -0.270019, 0.958532, 0.4, 0.98971, -0.082056, -0.11722, -0.0, 0.0, 0.0, 0.0, 1.0],
                [0.209258, 0.942727, 0.259762, -0.0, 0.06263, -0.278018, 0.958532, 0.4, 0.975852, -0.184312, -0.11722, -0.0, 0.0, 0.0, 0.0, 1.0],
                [0.209258, 0.942727, 0.259762, -0.0, 0.06263, -0.278018, 0.958532, 0.4, 0.975852, -0.184312, -0.11722, 0.0, 0.0, 0.0, 0.0, 1.0],
                [0.209258, 0.942727, 0.259762, 0.0, 0.06263, -0.278018, 0.958532, 0.4, 0.975852, -0.184312, -0.11722, 0.0, 0.0, 0.0, 0.0, 1.0],
                [0.209258, 0.942727, 0.259762, 0.0, 0.06263, -0.278018, 0.958532, 0.4, 0.975852, -0.184312, -0.11722, -0.0, 0.0, 0.0, 0.0, 1.0]
            ]
        },
        {
            "name": "Arm_R",
            "time": [0.0, 0.2667, 0.4, 0.45, 0.7167, 1.15],
            "transform": [
                [0.043023, -0.059379, -0.997308, 0.0, 0.813119, 0.582097, 0.00042, 0.39386, 0.580505, -0.810948, 0.073326, 0.0, 0.0, 0.0, 0.0, 1.0],
                [-0.466045, -0.808763, 0.358755, 0.0, -0.411363, -0.160918, -0.897154, 0.39386, 0.783315, -0.565693, -0.2577, -0.0, 0.0, 0.0, 0.0, 1.0],
                [-0.528166, -0.808763, 0.258734, 0.0, -0.224417, -0.160918, -0.961115, 0.39386, 0.818949, -0.565693, -0.096508, -0.0, 0.0, 0.0, 0.0, 1.0],
                [-0.46614, -0.725424, -0.506431, -0.0, -0.705098, 0.650366, -0.282598, 0.39386, 0.534369, 0.225353, -0.814657, -0.0, 0.0, 0.0, 0.0, 1.0],
                [0.34844, 0.192056, -0.917444, -0.0, -0.826268, 0.52508, -0.203893, 0.39386, 0.442572, 0.829099, 0.341649, 0.0, 0.0, 0.0, 0.0, 1.0],
                [0.34844, -0.123811, -0.929118, -0.0, -0.826268, 0.427454, -0.36683, 0.39386, 0.442572, 0.895519, 0.046641, -0.0, 0.0, 0.0, 0.0, 1.0]
            ]
        },
        {
            "name": "Hand_R",
            "time": [0.0, 0.2667, 0.4, 0.8667, 1.15],
            "transform": [
                [0.999998, -0.000848, 0.001614, -0.0, 0.000868, 0.999919, -0.012686, 0.3, -0.001603, 0.012688, 0.999918, 0.0, 0.0, 0.0, 0.0, 1.0],
                [0.999998, -0.000978, 0.001539, -0.0, 0.000868, 0.997569, 0.069679, 0.3, -0.001603, -0.069677, 0.997568, -0.0, 0.0, 0.0, 0.0, 1.0],
                [0.999998, -0.000978, 0.001539, -0.0, 0.000868, 0.997569, 0.069679, 0.3, -0.001603, -0.069677, 0.997568, 0.0, 0.0, 0.0, 0.0, 1.0],
                [0.999998, -0.000978, 0.001539, 0.0, 0.000868, 0.997569, 0.069679, 0.3, -0.001603, -0.069677, 0.997568, 0.0, 0.0, 0.0, 0.0, 1.0],
                [0.999998, -0.000204, 0.001812, -0.0, 0.000868, 0.92726, -0.374417, 0.3, -0.001603, 0.374418, 0.927259, 0.0, 0.0, 0.0, 0.0, 1.0]
            ]
        },
        {
            "name": "Tool_R",
            "time": [0.0, 0.4, 0.45, 0.8667, 1.15],
            "transform": [
                [0.993314, -0.054493, -0.101777, 0.010704, -0.088154, -0.927265, -0.363881, 0.330594, -0.074502, 0.37019, -0.925324, 0.180402, 0.0, 0.0, 0.0, 1.0],
                [0.993314, -0.054493, -0.101777, 0.010704, -0.088154, -0.927265, -0.363881, 0.330594, -0.074502, 0.37019, -0.925324, 0.180402, 0.0, 0.0, 0.0, 1.0],
                [0.993315, -0.08893, -0.073594, -0.009687, -0.088136, -0.99601, 0.013975, 0.199493, -0.0745, -0.007402, -0.9966, 0.06376, 0.0, 0.0, 0.0, 1.0],
                [0.993314, -0.054493, -0.101777, 0.010704, -0.088154, -0.927265, -0.36388, 0.330594, -0.074502, 0.37019, -0.925324, 0.180402, 0.0, 0.0, 0.0, 1.0],
                [0.993314, -0.054493, -0.101777, 0.010704, -0.088154, -0.927265, -0.363881, 0.330594, -0.074502, 0.37019, -0.925324, 0.180402, 0.0, 0.0, 0.0, 1.0]
            ]
        },
        {
            "name": "Elbow_R",
            "time": [0.0, 0.2667, 0.4, 0.8667, 1.15],
            "transform": [
                [-1.0, 0.0, -0.0, -0.0, 0.0, 0.0, -1.0, 0.429832, -0.0, -1.0, 0.0, 0.0, 0.0, 0.0, 0.0, 1.0],
                [-1.0, 0.0, -0.0, -0.0, 0.0, -0.0, -1.0, 0.314054, -0.0, -1.0, 0.0, -0.0, 0.0, 0.0, 0.0, 1.0],
                [-1.0, 0.0, -0.0, -0.0, 0.0, 0.0, -1.0, 0.314053, -0.0, -1.0, 0.0, -0.0, 0.0, 0.0, 0.0, 1.0],
                [-1.0, 0.0, -0.0, 0.0, -0.0, 0.0, -1.0, 0.314053, -0.0, -1.0, 0.0, 0.0, 0.0, 0.0, 0.0, 1.0],
                [-1.0, 0.0, -0.0, -0.0, -0.0, -0.0, -1.0, 0.314053, -0.0, -1.0, 0.0, 0.0, 0.0, 0.0, 0.0, 1.0]
            ]
        },
        {
            "name": "Shoulder_L",
            "time": [0.0, 0.4, 0.8667, 1.15],
            "transform": [
                [-0.226937, -0.879834, -0.417602, -0.0, -0.021067, -0.424255, 0.905298, 0.4, -0.973681, 0.214243, 0.077744, -0.0, 0.0, 0.0, 0.0, 1.0],
                [-0.226937, -0.879834, -0.417602, -0.0, -0.021067, -0.424255, 0.905298, 0.4, -0.973681, 0.214243, 0.077744, 0.0, 0.0, 0.0, 0.0, 1.0],
                [-0.226937, -0.879834, -0.417602, 0.0, -0.021067, -0.424255, 0.905298, 0.4, -0.973681, 0.214243, 0.077744, 0.0, 0.0, 0.0, 0.0, 1.0],
                [-0.226937, -0.879834, -0.417602, 0.0, -0.021067, -0.424255, 0.905298, 0.4, -0.973681, 0.214243, 0.077744, -0.0, 0.0, 0.0, 0.0, 1.0]
            ]
        },
        {
            "name": "Arm_L",
            "time": [0.0, 0.2667, 0.4, 0.7167, 0.8667, 1.15],
            "transform": [
                [0.036604, 0.052076, 0.997972, 0.0, -0.871994, 0.489475, 0.006442, 0.39386, -0.488147, -0.870461, 0.063327, -0.0, 0.0, 0.0, 0.0, 1.0],
                [0.045074, 0.044946, 0.997972, -0.0, -0.773986, 0.63317, 0.006442, 0.39386, -0.631596, -0.772707, 0.063327, 0.0, 0.0, 0.0, 0.0, 1.0],
                [0.045074, 0.044946, 0.997972, 0.0, -0.773986, 0.63317, 0.006442, 0.39386, -0.631596, -0.772707, 0.063327, -0.0, 0.0, 0.0, 0.0, 1.0],
                [0.05778, 0.026709, 0.997972, 0.0, -0.509107, 0.860679, 0.006442, 0.39386, -0.858762, -0.508447, 0.063327, 0.0, 0.0, 0.0, 0.0, 1.0],
                [0.059949, 0.021399, 0.997972, 0.0, -0.429565, 0.903013, 0.006442, 0.393861, -0.901044, -0.42908, 0.063327, -0.0, 0.0, 0.0, 0.0, 1.0],
                [0.059949, 0.021399, 0.997972, 0.0, -0.429565, 0.903013, 0.006442, 0.39386, -0.901044, -0.42908, 0.063327, 0.0, 0.0, 0.0, 0.0, 1.0]
            ]
        },
        {
            "name": "Hand_L",
            "time": [0.0, 0.4, 0.8667, 1.15],
            "transform": [
                [0.999993, -0.001541, -0.00347, -0.0, 0.000938, 0.985901, -0.167329, 0.3, 0.003679, 0.167324, 0.985895, 0.0, 0.0, 0.0, 0.0, 1.0],
                [0.999993, -0.001541, -0.00347, 0.0, 0.000938, 0.985901, -0.167329, 0.3, 0.003679, 0.167324, 0.985895, -0.0, 0.0, 0.0, 0.0, 1.0],
                [0.999993, -0.001541, -0.00347, 0.0, 0.000938, 0.985901, -0.167329, 0.3, 0.003679, 0.167324, 0.985895, 0.0, 0.0, 0.0, 0.0, 1.0],
                [0.999993, -0.001541, -0.00347, 0.0, 0.000938, 0.985901, -0.167329, 0.3, 0.003679, 0.167324, 0.985895, -0.0, 0.0, 0.0, 0.0, 1.0]
            ]
        },
        {
            "name": "Tool_L",
            "time": [0.0, 0.4, 0.8667, 1.15],
            "transform": [
                [0.997004, 0.01104, -0.076554, -0.0, -0.036659, -0.804079, -0.593391, 0.272858, -0.068067, 0.594062, -0.8008, -0.0, 0.0, 0.0, 0.0, 1.0],
                [0.997004, 0.01104, -0.076554, -0.0, -0.036659, -0.804079, -0.593391, 0.272858, -0.068067, 0.594062, -0.8008, -0.0, 0.0, 0.0, 0.0, 1.0],
                [0.997004, 0.01104, -0.076554, -0.0, -0.036659, -0.804079, -0.593391, 0.272858, -0.068067, 0.594062, -0.8008, -0.0, 0.0, 0.0, 0.0, 1.0],
                [0.997004, 0.01104, -0.076554, -0.0, -0.036659, -0.804079, -0.593391, 0.272858, -0.068067, 0.594062, -0.8008, -0.0, 0.0, 0.0, 0.0, 1.0]
            ]
        },
        {
            "name": "Elbow_L",
            "time": [0.0, 0.4, 0.8667, 1.15],
            "transform": [
                [-1.0, 0.0, -0.0, 2.7e-05, 0.0, -0.0, -1.0, 0.396148, -0.0, -1.0, -0.0, -0.002121, 0.0, 0.0, 0.0, 1.0],
                [-1.0, 0.0, -0.0, 2.7e-05, 0.0, -0.0, -1.0, 0.396148, -0.0, -1.0, -0.0, -0.002121, 0.0, 0.0, 0.0, 1.0],
                [-1.0, 0.0, -0.0, 2.7e-05, 0.0, -0.0, -1.0, 0.396148, -0.0, -1.0, -0.0, -0.00212, 0.0, 0.0, 0.0, 1.0],
                [-1.0, 0.0, 0.0, 2.7e-05, 0.0, -0.0, -1.0, 0.396148, -0.0, -1.0, 0.0, -0.002121, 0.0, 0.0, 0.0, 1.0]
            ]
        }
    ]
}