{
    "animation": [
        {
            "name": "Root",
            "time": [0.0, 0.1, 0.2167, 0.3833, 0.6, 0.7, 0.7667],
            "transform": [
                [1.0, 0.0, 0.0, -5e-06, 0.0, 0.0, -1.0, 0.000946, 0.0, 1.0, 0.0, 0.735366, 0.0, 0.0, 0.0, 1.0],
                [1.0, 0.0, 0.0, -5e-06, 0.0, 0.0, -1.0, 0.000946, 0.0, 1.0, 0.0, 0.706291, 0.0, 0.0, 0.0, 1.0],
                [1.0, 0.0, 0.0, -5e-06, 0.0, 0.0, -1.0, 0.000946, 0.0, 1.0, 0.0, 0.553985, 0.0, 0.0, 0.0, 1.0],
                [1.0, 0.0, 0.0, -5e-06, 0.0, 0.0, -1.0, 0.000946, 0.0, 1.0, 0.0, 0.735366, 0.0, 0.0, 0.0, 1.0],
                [1.0, 0.0, 0.0, -5e-06, 0.0, 0.0, -1.0, 0.000946, 0.0, 1.0, 0.0, 0.553985, 0.0, 0.0, 0.0, 1.0],
                [1.0, 0.0, 0.0, -5e-06, 0.0, 0.0, -1.0, 0.000946, 0.0, 1.0, 0.0, 0.714994, 0.0, 0.0, 0.0, 1.0],
                [1.0, 0.0, 0.0, -5e-06, 0.0, 0.0, -1.0, 0.000946, 0.0, 1.0, 0.0, 0.735366, 0.0, 0.0, 0.0, 1.0]
            ]
        },
        {
            "name": "Thigh_R",
            "time": [0.0, 0.2167, 0.3833, 0.6, 0.7667],
            "transform": [
                [1.0, -0.0, -0.0, 0.124994, 0.0, -0.846897, 0.531753, -0.002831, -0.0, -0.531752, -0.8469, -1.2e-05, 0.0, 0.0, 0.0, 1.0],
                [1.0, -0.0, 0.0, 0.124994, 0.0, -0.429737, 0.902954, -0.002831, -0.0, -0.902952, -0.429738, -1.2e-05, 0.0, 0.0, 0.0, 1.0],
                [1.0, -0.0, -0.0, 0.124994, 0.0, -0.997935, 0.064205, -0.002831, -0.0, -0.064204, -0.997937, -1.2e-05, 0.0, 0.0, 0.0, 1.0],
                [1.0, -0.0, 0.0, 0.124994, 0.0, -0.734509, -0.678598, -0.002831, 0.0, 0.678596, -0.73451, -1.2e-05, 0.0, 0.0, 0.0, 1.0],
                [1.0, -0.0, -0.0, 0.124994, 0.0, -0.846897, 0.531753, -0.002831, -0.0, -0.531752, -0.8469, -1.2e-05, 0.0, 0.0, 0.0, 1.0]
            ]
        },
        {
            "name": "Leg_R",
            "time": [0.0, 0.2167, 0.3833, 0.6, 0.7667],
            "transform": [
                [1.0, -0.0, 1e-06, 0.0, -1e-06, 0.013508, 0.999908, 0.37472, -0.0, -0.99991, 0.013508, -0.0, 0.0, 0.0, 0.0, 1.0],
                [1.0, 0.0, 1e-06, -0.0, -1e-06, 0.62441, 0.781097, 0.37472, -0.0, -0.781098, 0.624409, 0.0, 0.0, 0.0, 0.0, 1.0],
                [1.0, 1e-06, -0.0, 0.0, -1e-06, 0.992335, 0.123579, 0.37472, 0.0, -0.123579, 0.992334, -0.0, 0.0, 0.0, 0.0, 1.0],
                [1.0, 1e-06, 0.0, 0.0, -1e-06, 0.990202, 0.139646, 0.37472, -0.0, -0.139646, 0.990201, -0.0, 0.0, 0.0, 0.0, 1.0],
                [1.0, -0.0, 1e-06, 0.0, -1e-06, 0.013508, 0.999908, 0.37472, -0.0, -0.99991, 0.013508, -0.0, 0.0, 0.0, 0.0, 1.0]
            ]
        },
        {
            "name": "Knee_R",
            "time": [0.0, 0.2167, 0.3833, 0.6, 0.7667],
            "transform": [
                [1.0, 0.0, -0.0, 0.0, -0.0, 1e-06, -1.0, 0.471392, -0.0, 1.0, 1e-06, -0.004956, 0.0, 0.0, 0.0, 1.0],
                [1.0, -0.0, -0.0, 0.0, -0.0, -0.425023, -0.905182, 0.471392, -0.0, 0.905182, -0.425023, -0.004956, 0.0, 0.0, 0.0, 1.0],
                [1.0, 0.0, -0.0, -0.002235, -0.0, 1e-06, -1.0, 0.3794, -0.0, 1.0, 1e-06, 0.002754, 0.0, 0.0, 0.0, 1.0],
                [1.0, -0.0, -0.0, 0.0, -0.0, -0.425023, -0.905182, 0.471392, -0.0, 0.905182, -0.425023, -0.004956, 0.0, 0.0, 0.0, 1.0],
                [1.0, 0.0, -0.0, 0.0, -0.0, 1e-06, -1.0, 0.471392, -0.0, 1.0, 1e-06, -0.004956, 0.0, 0.0, 0.0, 1.0]
            ]
        },
        {
            "name": "Thigh_L",
            "time": [0.0, 0.2167, 0.3833, 0.6, 0.7667],
            "transform": [
                [0.998546, 0.019401, 0.050287, -0.125006, 0.010296, -0.98445, 0.175362, -0.002831, 0.052907, -0.174589, -0.983219, -1.2e-05, 0.0, 0.0, 0.0, 1.0],
                [0.999999, -0.0, -0.0, -0.125006, -0.0, -0.741614, -0.670826, -0.002831, 0.0, 0.670827, -0.741614, -1.2e-05, 0.0, 0.0, 0.0, 1.0],
                [0.999999, -0.0, 0.0, -0.125006, -0.0, -0.77982, 0.626003, -0.002831, -0.0, -0.626003, -0.77982, -1.2e-05, 0.0, 0.0, 0.0, 1.0],
                [0.999999, -0.0, 0.0, -0.125006, -0.0, -0.512793, 0.858512, -0.002831, -0.0, -0.858512, -0.512794, -1.2e-05, 0.0, 0.0, 0.0, 1.0],
                [0.998546, 0.019401, 0.050287, -0.125006, 0.010296, -0.98445, 0.175362, -0.002831, 0.052907, -0.174589, -0.983219, -1.2e-05, 0.0, 0.0, 0.0, 1.0]
            ]
        },
        {
            "name": "Leg_L",
            "time": [0.0, 0.2167, 0.3833, 0.6, 0.7667],
            "transform": [
                [1.0, -0.0, 0.0, 0.0, -0.0, 0.96099, 0.276581, 0.37472, -0.0, -0.276581, 0.960991, -0.0, 0.0, 0.0, 0.0, 1.0],
                [1.0, -0.0, 0.0, -0.0, -0.0, 0.96099, 0.276581, 0.37472, -0.0, -0.276581, 0.960991, -0.0, 0.0, 0.0, 0.0, 1.0],
                [1.0, -1e-06, 0.0, -0.0, -0.0, -0.019004, 0.99982, 0.37472, -1e-06, -0.999819, -0.019004, 0.0, 0.0, 0.0, 0.0, 1.0],
                [1.0, -0.0, 1e-06, -0.0, -0.0, 0.78319, 0.621782, 0.37472, -1e-06, -0.621782, 0.783191, 0.0, 0.0, 0.0, 0.0, 1.0],
                [1.0, -0.0, 0.0, 0.0, -0.0, 0.96099, 0.276581, 0.37472, -0.0, -0.276581, 0.960991, -0.0, 0.0, 0.0, 0.0, 1.0]
            ]
        },
        {
            "name": "Knee_L",
            "time": [0.0, 0.2167, 0.3833, 0.6, 0.7667],
            "transform": [
                [1.0, 0.0, -0.0, 0.0, -0.0, 1e-06, -1.0, 0.37472, -0.0, 1.0, 1e-06, -0.0, 0.0, 0.0, 0.0, 1.0],
                [1.0, 0.0, -0.0, -0.0, -0.0, 1e-06, -1.0, 0.37472, -0.0, 1.0, 1e-06, -0.0, 0.0, 0.0, 0.0, 1.0],
                [1.0, 0.0, -0.0, -0.0, -0.0, 0.439011, -0.898481, 0.37472, -0.0, 0.898482, 0.439011, 0.0, 0.0, 0.0, 0.0, 1.0],
                [1.0, 0.0, -0.0, -0.0, -0.0, 1e-06, -1.0, 0.37472, -0.0, 1.0, 1e-06, 0.0, 0.0, 0.0, 0.0, 1.0],
                [1.0, 0.0, -0.0, 0.0, -0.0, 1e-06, -1.0, 0.37472, -0.0, 1.0, 1e-06, -0.0, 0.0, 0.0, 0.0, 1.0]
            ]
        },
        {
            "name": "Torso",
            "time": [0.0, 0.2167, 0.3833, 0.6, 0.7667],
            "transform": [
                [1.0, 0.0, 0.0, 0.0, 0.0, 0.883293, 0.468822, 0.05, 0.0, -0.468822, 0.883292, 0.0, 0.0, 0.0, 0.0, 1.0],
                [1.0, 0.0, 0.0, 0.0, 0.0, 0.918385, 0.395687, 0.05, 0.0, -0.395687, 0.918385, 0.0, 0.0, 0.0, 0.0, 1.0],
                [1.0, 0.0, 0.0, 0.0, 0.0, 0.883293, 0.468822, 0.05, 0.0, -0.468822, 0.883292, 0.0, 0.0, 0.0, 0.0, 1.0],
                [1.0, 0.0, 0.0, 0.0, 0.0, 0.918385, 0.395687, 0.05, 0.0, -0.395687, 0.918385, 0.0, 0.0, 0.0, 0.0, 1.0],
                [1.0, 0.0, 0.0, 0.0, 0.0, 0.883293, 0.468822, 0.05, 0.0, -0.468822, 0.883292, 0.0, 0.0, 0.0, 0.0, 1.0]
            ]
        },
        {
            "name": "Chest",
            "time": [0.0, 0.2167, 0.3833, 0.6, 0.7667],
            "transform": [
                [1.0, 0.0, 0.0, 0.0, 0.0, 0.892107, 0.451824, 0.3, 0.0, -0.451824, 0.892107, 0.0, 0.0, 0.0, 0.0, 1.0],
                [1.0, 0.0, 0.0, 0.0, 0.0, 0.961847, 0.273588, 0.3, 0.0, -0.273588, 0.961847, -0.0, 0.0, 0.0, 0.0, 1.0],
                [1.0, 0.0, 0.0, 0.0, 0.0, 0.892107, 0.451824, 0.3, 0.0, -0.451824, 0.892107, 0.0, 0.0, 0.0, 0.0, 1.0],
                [1.0, 0.0, 0.0, 0.0, 0.0, 0.961847, 0.273588, 0.3, 0.0, -0.273588, 0.961847, -0.0, 0.0, 0.0, 0.0, 1.0],
                [1.0, 0.0, 0.0, 0.0, 0.0, 0.892107, 0.451824, 0.3, 0.0, -0.451824, 0.892107, 0.0, 0.0, 0.0, 0.0, 1.0]
            ]
        },
        {
            "name": "Head",
            "time": [0.0, 0.2167, 0.3833, 0.6, 0.7667],
            "transform": [
                [1.0, 0.0, 0.0, 0.0, 0.0, 0.754687, -0.656085, 0.4, 0.0, 0.656085, 0.754687, -0.0, 0.0, 0.0, 0.0, 1.0],
                [1.0, 0.0, 0.0, 0.0, 0.0, 0.85756, -0.514385, 0.4, 0.0, 0.514385, 0.85756, -0.0, 0.0, 0.0, 0.0, 1.0],
                [1.0, 0.0, 0.0, 0.0, 0.0, 0.754687, -0.656085, 0.4, 0.0, 0.656085, 0.754687, -0.0, 0.0, 0.0, 0.0, 1.0],
                [1.0, 0.0, 0.0, 0.0, 0.0, 0.842158, -0.539231, 0.4, 0.0, 0.539231, 0.842158, -0.0, 0.0, 0.0, 0.0, 1.0],
                [1.0, 0.0, 0.0, 0.0, 0.0, 0.754687, -0.656085, 0.4, 0.0, 0.656085, 0.754687, -0.0, 0.0, 0.0, 0.0, 1.0]
            ]
        },
        {
            "name": "Shoulder_R",
            "time": [0.0, 0.2167, 0.3833, 0.6, 0.7667],
            "transform": [
                [-0.126197, 0.881244, 0.455502, 0.0, 0.302656, -0.403077, 0.863671, 0.4, 0.944708, 0.246853, -0.215847, -0.0, 0.0, 0.0, 0.0, 1.0],
                [-0.126197, 0.881244, 0.455502, 0.0, 0.302656, -0.403077, 0.863671, 0.4, 0.944708, 0.246853, -0.215847, -0.0, 0.0, 0.0, 0.0, 1.0],
                [-0.126197, 0.881244, 0.455502, 0.0, 0.302656, -0.403077, 0.863671, 0.4, 0.944708, 0.246853, -0.215847, -0.0, 0.0, 0.0, 0.0, 1.0],
                [-0.126197, 0.881244, 0.455502, 0.0, 0.302656, -0.403077, 0.863671, 0.4, 0.944708, 0.246853, -0.215847, -0.0, 0.0, 0.0, 0.0, 1.0],
                [-0.126197, 0.881244, 0.455502, 0.0, 0.302656, -0.403077, 0.863671, 0.4, 0.944708, 0.246853, -0.215847, -0.0, 0.0, 0.0, 0.0, 1.0]
            ]
        },
        {
            "name": "Arm_R",
            "time": [0.0, 0.2167, 0.3833, 0.6, 0.7667],
            "transform": [
                [0.040925, -0.586744, -0.808737, -0.0, 0.439978, 0.737298, -0.512651, 0.393861, 0.897075, -0.334847, 0.288328, -0.0, 0.0, 0.0, 0.0, 1.0],
                [0.040925, -0.586744, -0.808737, -0.0, 0.439978, 0.737298, -0.512651, 0.39386, 0.897076, -0.334847, 0.288328, 0.0, 0.0, 0.0, 0.0, 1.0],
                [0.040925, -0.586744, -0.808737, -0.0, 0.439978, 0.737298, -0.512651, 0.393861, 0.897075, -0.334847, 0.288328, -0.0, 0.0, 0.0, 0.0, 1.0],
                [0.040925, -0.586744, -0.808737, -0.0, 0.439978, 0.737298, -0.512651, 0.39386, 0.897076, -0.334847, 0.288328, 0.0, 0.0, 0.0, 0.0, 1.0],
                [0.040925, -0.586744, -0.808737, -0.0, 0.439978, 0.737298, -0.512651, 0.393861, 0.897075, -0.334847, 0.288328, -0.0, 0.0, 0.0, 0.0, 1.0]
            ]
        },
        {
            "name": "Hand_R",
            "time": [0.0, 0.2167, 0.3833, 0.6, 0.7667],
            "transform": [
                [0.999439, -0.032336, -0.008672, -0.0, 0.025419, 0.901503, -0.432026, 0.3, 0.021788, 0.431563, 0.901819, 0.0, 0.0, 0.0, 0.0, 1.0],
                [0.999439, -0.032336, -0.008672, 0.0, 0.025419, 0.901503, -0.432026, 0.3, 0.021788, 0.431563, 0.901819, 0.0, 0.0, 0.0, 0.0, 1.0],
                [0.999439, -0.032336, -0.008672, -0.0, 0.025419, 0.901503, -0.432026, 0.3, 0.021788, 0.431563, 0.901819, 0.0, 0.0, 0.0, 0.0, 1.0],
                [0.999439, -0.032336, -0.008672, 0.0, 0.025419, 0.901503, -0.432026, 0.3, 0.021788, 0.431563, 0.901819, 0.0, 0.0, 0.0, 0.0, 1.0],
                [0.999439, -0.032336, -0.008672, -0.0, 0.025419, 0.901503, -0.432026, 0.3, 0.021788, 0.431563, 0.901819, 0.0, 0.0, 0.0, 0.0, 1.0]
            ]
        },
        {
            "name": "Tool_R",
            "time": [0.0, 0.2167, 0.3833, 0.6, 0.7667],
            "transform": [
                [1.0, 0.0, 0.0, 0.0, 0.0, -0.999836, 0.018122, 0.272858, 0.0, -0.018122, -0.999244, 0.0, 0.0, 0.0, 0.0, 1.0],
                [1.0, 0.0, 0.0, 0.0, 0.0, -0.999836, 0.018122, 0.272858, 0.0, -0.018122, -0.999244, 0.0, 0.0, 0.0, 0.0, 1.0],
                [1.0, 0.0, 0.0, 0.0, 0.0, -0.999836, 0.018122, 0.272858, 0.0, -0.018122, -0.999244, 0.0, 0.0, 0.0, 0.0, 1.0],
                [1.0, 0.0, 0.0, 0.0, 0.0, -0.999836, 0.018122, 0.272858, 0.0, -0.018122, -0.999244, 0.0, 0.0, 0.0, 0.0, 1.0],
                [1.0, 0.0, 0.0, 0.0, 0.0, -0.999836, 0.018122, 0.272858, 0.0, -0.018122, -0.999244, 0.0, 0.0, 0.0, 0.0, 1.0]
            ]
        },
        {
            "name": "Elbow_R",
            "time": [0.0, 0.2167, 0.3833, 0.6, 0.7667],
            "transform": [
                [-1.0, 0.0, 0.0, -0.01069, 0.0, 0.515356, -0.856976, 0.268977, -0.0, -0.856976, -0.515356, -0.007788, 0.0, 0.0, 0.0, 1.0],
                [-1.0, 0.0, 0.0, -0.01069, 0.0, 0.515356, -0.856976, 0.268977, -0.0, -0.856976, -0.515356, -0.007788, 0.0, 0.0, 0.0, 1.0],
                [-1.0, 0.0, 0.0, -0.01069, 0.0, 0.515356, -0.856976, 0.268977, -0.0, -0.856976, -0.515356, -0.007788, 0.0, 0.0, 0.0, 1.0],
                [-1.0, 0.0, 0.0, -0.01069, 0.0, 0.515356, -0.856976, 0.268977, -0.0, -0.856976, -0.515356, -0.007788, 0.0, 0.0, 0.0, 1.0],
                [-1.0, 0.0, 0.0, -0.01069, 0.0, 0.515356, -0.856976, 0.268977, -0.0, -0.856976, -0.515356, -0.007788, 0.0, 0.0, 0.0, 1.0]
            ]
        },
        {
            "name": "Shoulder_L",
            "time": [0.0, 0.2167, 0.3833, 0.6, 0.7667],
            "transform": [
                [-0.06625, -0.997365, 0.029548, 0.0, -0.05142, 0.032986, 0.998132, 0.4, -0.996477, 0.064607, -0.05347, -0.0, 0.0, 0.0, 0.0, 1.0],
                [-0.06625, -0.997365, 0.029548, 0.0, -0.05142, 0.032986, 0.998132, 0.4, -0.996477, 0.064607, -0.05347, -0.0, 0.0, 0.0, 0.0, 1.0],
                [-0.06625, -0.997365, 0.029548, 0.0, -0.05142, 0.032986, 0.998132, 0.4, -0.996477, 0.064607, -0.05347, -0.0, 0.0, 0.0, 0.0, 1.0],
                [-0.06625, -0.997365, 0.029548, 0.0, -0.05142, 0.032986, 0.998132, 0.4, -0.996477, 0.064607, -0.05347, -0.0, 0.0, 0.0, 0.0, 1.0],
                [-0.06625, -0.997365, 0.029548, 0.0, -0.05142, 0.032986, 0.998132, 0.4, -0.996477, 0.064607, -0.05347, -0.0, 0.0, 0.0, 0.0, 1.0]
            ]
        },
        {
            "name": "Arm_L",
            "time": [0.0, 0.2167, 0.3833, 0.6, 0.7667],
            "transform": [
                [-0.096551, 0.981149, -0.167408, -0.0, 0.027363, -0.165513, -0.985828, 0.39386, -0.994952, -0.099764, -0.010867, 0.0, 0.0, 0.0, 0.0, 1.0],
                [-0.096551, 0.981148, -0.167408, -0.0, 0.027363, -0.165513, -0.985828, 0.39386, -0.994952, -0.099764, -0.010867, -0.0, 0.0, 0.0, 0.0, 1.0],
                [-0.096551, 0.981149, -0.167408, -0.0, 0.027363, -0.165513, -0.985828, 0.39386, -0.994952, -0.099764, -0.010867, 0.0, 0.0, 0.0, 0.0, 1.0],
                [-0.096551, 0.981148, -0.167408, -0.0, 0.027363, -0.165513, -0.985828, 0.39386, -0.994952, -0.099764, -0.010867, -0.0, 0.0, 0.0, 0.0, 1.0],
                [-0.096551, 0.981149, -0.167408, -0.0, 0.027363, -0.165513, -0.985828, 0.39386, -0.994952, -0.099764, -0.010867, 0.0, 0.0, 0.0, 0.0, 1.0]
            ]
        },
        {
            "name": "Hand_L",
            "time": [0.0, 0.2167, 0.3833, 0.6, 0.7667],
            "transform": [
                [0.999802, -0.016222, 0.011521, -0.0, 0.019896, 0.82194, -0.569227, 0.3, -0.000235, 0.569343, 0.8221, -0.0, 0.0, 0.0, 0.0, 1.0],
                [0.999802, -0.016222, 0.011521, 0.0, 0.019896, 0.82194, -0.569227, 0.3, -0.000235, 0.569343, 0.8221, 0.0, 0.0, 0.0, 0.0, 1.0],
                [0.999802, -0.016222, 0.011521, -0.0, 0.019896, 0.82194, -0.569227, 0.3, -0.000235, 0.569343, 0.8221, -0.0, 0.0, 0.0, 0.0, 1.0],
                [0.999802, -0.016222, 0.011521, 0.0, 0.019896, 0.82194, -0.569227, 0.3, -0.000235, 0.569343, 0.8221, 0.0, 0.0, 0.0, 0.0, 1.0],
                [0.999802, -0.016222, 0.011521, -0.0, 0.019896, 0.82194, -0.569227, 0.3, -0.000235, 0.569343, 0.8221, -0.0, 0.0, 0.0, 0.0, 1.0]
            ]
        },
        {
            "name": "Tool_L",
            "time": [0.0, 0.2167, 0.3833, 0.6, 0.7667],
            "transform": [
                [1.0, 0.0, 0.0, -0.0, 0.0, -0.999836, 0.018122, 0.272858, 0.0, -0.018122, -0.999247, -0.0, 0.0, 0.0, 0.0, 1.0],
                [1.0, 0.0, 0.0, -0.0, -0.0, -0.999836, 0.018122, 0.272858, 0.0, -0.018122, -0.999247, -0.0, 0.0, 0.0, 0.0, 1.0],
                [1.0, 0.0, 0.0, -0.0, 0.0, -0.999836, 0.018122, 0.272858, 0.0, -0.018122, -0.999247, -0.0, 0.0, 0.0, 0.0, 1.0],
                [1.0, 0.0, 0.0, -0.0, -0.0, -0.999836, 0.018122, 0.272858, 0.0, -0.018122, -0.999247, -0.0, 0.0, 0.0, 0.0, 1.0],
                [1.0, 0.0, 0.0, -0.0, 0.0, -0.999836, 0.018122, 0.272858, 0.0, -0.018122, -0.999247, -0.0, 0.0, 0.0, 0.0, 1.0]
            ]
        },
        {
            "name": "Elbow_L",
            "time": [0.0, 0.2167, 0.3833, 0.6, 0.7667],
            "transform": [
                [-1.0, 0.0, -0.0, -0.001234, -0.0, -0.0, -1.0, 0.36851, -0.0, -1.0, -0.0, -0.001546, 0.0, 0.0, 0.0, 1.0],
                [-1.0, 0.0, -0.0, -0.001234, 0.0, -0.0, -1.0, 0.36851, -0.0, -1.0, -0.0, -0.001546, 0.0, 0.0, 0.0, 1.0],
                [-1.0, 0.0, -0.0, -0.001234, -0.0, -0.0, -1.0, 0.36851, -0.0, -1.0, -0.0, -0.001546, 0.0, 0.0, 0.0, 1.0],
                [-1.0, 0.0, -0.0, -0.001234, 0.0, -0.0, -1.0, 0.36851, -0.0, -1.0, -0.0, -0.001546, 0.0, 0.0, 0.0, 1.0],
                [-1.0, 0.0, -0.0, -0.001234, -0.0, -0.0, -1.0, 0.36851, -0.0, -1.0, -0.0, -0.001546, 0.0, 0.0, 0.0, 1.0]
            ]
        }
    ]
}