{
    "animation": [
        {
            "name": "Root",
            "time": [0.0, 0.1, 0.2833, 0.3667, 0.5, 0.6667, 0.9333, 1.1833],
            "transform": [
                [0.539729, 0.0, 0.841839, -5e-06, 0.841839, 0.0, -0.539729, 0.041882, 0.0, 1.0, 0.0, 0.716262, 0.0, 0.0, 0.0, 1.0],
                [0.539729, 0.0, 0.841839, -5e-06, 0.841839, 0.0, -0.539729, 0.041882, 0.0, 1.0, 0.0, 0.716262, 0.0, 0.0, 0.0, 1.0],
                [0.539729, 0.0, 0.841839, 0.016491, 0.841839, 0.0, -0.539729, 0.039662, 0.0, 1.0, 0.0, 0.659867, 0.0, 0.0, 0.0, 1.0],
                [0.539729, 0.0, 0.841839, 0.016491, 0.841839, 0.0, -0.539729, 0.039662, 0.0, 1.0, 0.0, 0.659867, 0.0, 0.0, 0.0, 1.0],
                [0.539729, 0.0, 0.841839, 0.016491, 0.841839, 0.0, -0.539729, 0.039662, 0.0, 1.0, 0.0, 0.659867, 0.0, 0.0, 0.0, 1.0],
                [0.539729, 0.0, 0.841839, -5e-06, 0.841839, 0.0, -0.539729, 0.041882, 0.0, 1.0, 0.0, 0.716262, 0.0, 0.0, 0.0, 1.0],
                [0.539729, 0.0, 0.841839, -5e-06, 0.841839, 0.0, -0.539729, 0.041882, 0.0, 1.0, 0.0, 0.716262, 0.0, 0.0, 0.0, 1.0],
                [0.854689, 0.0, -0.51914, -5e-06, -0.51914, 0.0, -0.854689, -0.646405, 0.0, 1.0, 0.0, 0.743765, 0.0, 0.0, 0.0, 1.0]
            ]
        },
        {
            "name": "Thigh_R",
            "time": [0.0, 0.1, 0.2833, 0.3667, 0.5, 0.6667, 0.9333, 1.1833],
            "transform": [
                [0.559337, 0.476805, 0.678084, 0.124994, 0.131255, -0.858635, 0.495495, -0.002831, 0.818482, -0.188146, -0.542851, -1.2e-05, 0.0, 0.0, 0.0, 1.0],
                [0.559337, 0.476805, 0.678084, 0.124994, 0.131255, -0.858635, 0.495495, -0.002831, 0.818482, -0.188146, -0.542851, -1.2e-05, 0.0, 0.0, 0.0, 1.0],
                [0.559337, 0.550649, 0.619618, 0.124994, 0.131255, -0.796883, 0.589701, -0.002831, 0.818482, -0.248513, -0.518003, -1.2e-05, 0.0, 0.0, 0.0, 1.0],
                [0.559337, 0.550649, 0.619618, 0.124994, 0.131255, -0.796883, 0.589701, -0.002831, 0.818482, -0.248513, -0.518003, -1.2e-05, 0.0, 0.0, 0.0, 1.0],
                [0.559337, 0.550649, 0.619618, 0.124994, 0.131255, -0.796883, 0.589701, -0.002831, 0.818482, -0.248513, -0.518003, -1.2e-05, 0.0, 0.0, 0.0, 1.0],
                [0.559337, 0.476805, 0.678084, 0.124994, 0.131255, -0.858635, 0.495495, -0.002831, 0.818482, -0.188146, -0.542851, -1.2e-05, 0.0, 0.0, 0.0, 1.0],
                [0.559337, 0.476805, 0.678084, 0.124994, 0.131255, -0.858635, 0.495495, -0.002831, 0.818482, -0.188146, -0.542851, -1.2e-05, 0.0, 0.0, 0.0, 1.0],
                [0.992811, 0.11785, -0.020883, 0.124994, 0.118536, -0.992318, 0.035348, -0.002831, -0.016557, -0.037569, -0.999157, -1.2e-05, 0.0, 0.0, 0.0, 1.0]
            ]
        },
        {
            "name": "Leg_R",
            "time": [0.0, 0.1, 0.2833, 0.3667, 0.5, 0.6667, 0.9333, 1.1833],
            "transform": [
                [1.0, -0.0, 1e-06, 0.0, 0.0, 0.924635, 0.380856, 0.37472, -1e-06, -0.380857, 0.924634, 0.0, 0.0, 0.0, 0.0, 1.0],
                [1.0, -0.0, 1e-06, 0.0, 0.0, 0.924635, 0.380856, 0.37472, -1e-06, -0.380857, 0.924634, 0.0, 0.0, 0.0, 0.0, 1.0],
                [1.0, -1e-06, 1e-06, -0.0, 0.0, 0.801676, 0.59776, 0.37472, -1e-06, -0.59776, 0.801674, -0.0, 0.0, 0.0, 0.0, 1.0],
                [1.0, -1e-06, 1e-06, -0.0, 0.0, 0.801676, 0.59776, 0.37472, -1e-06, -0.59776, 0.801674, -0.0, 0.0, 0.0, 0.0, 1.0],
                [1.0, -1e-06, 1e-06, -0.0, 0.0, 0.801676, 0.59776, 0.37472, -1e-06, -0.59776, 0.801674, -0.0, 0.0, 0.0, 0.0, 1.0],
                [1.0, -0.0, 1e-06, 0.0, 0.0, 0.924635, 0.380856, 0.37472, -1e-06, -0.380857, 0.924634, 0.0, 0.0, 0.0, 0.0, 1.0],
                [1.0, -0.0, 1e-06, 0.0, 0.0, 0.924635, 0.380856, 0.37472, -1e-06, -0.380857, 0.924634, 0.0, 0.0, 0.0, 0.0, 1.0],
                [1.0, -0.0, 1e-06, 0.0, 0.0, 0.997612, 0.069073, 0.37472, -1e-06, -0.069073, 0.997611, -0.0, 0.0, 0.0, 0.0, 1.0]
            ]
        },
        {
            "name": "Knee_R",
            "time": [0.0, 0.1, 0.2833, 0.3667, 0.5, 0.6667, 0.9333, 1.1833],
            "transform": [
                [1.0, 0.0, -0.0, 0.0, -0.0, 1e-06, -1.0, 0.37472, -0.0, 1.0, 1e-06, 0.0, 0.0, 0.0, 0.0, 1.0],
                [1.0, 0.0, -0.0, 0.0, -0.0, 1e-06, -1.0, 0.37472, -0.0, 1.0, 1e-06, 0.0, 0.0, 0.0, 0.0, 1.0],
                [1.0, 0.0, -0.0, -0.0, -0.0, 1e-06, -1.0, 0.37472, -0.0, 1.0, 1e-06, -0.0, 0.0, 0.0, 0.0, 1.0],
                [1.0, 0.0, -0.0, -0.0, -0.0, 1e-06, -1.0, 0.37472, -0.0, 1.0, 1e-06, -0.0, 0.0, 0.0, 0.0, 1.0],
                [1.0, 0.0, -0.0, -0.0, -0.0, 1e-06, -1.0, 0.37472, -0.0, 1.0, 1e-06, -0.0, 0.0, 0.0, 0.0, 1.0],
                [1.0, 0.0, -0.0, 0.0, -0.0, 1e-06, -1.0, 0.37472, -0.0, 1.0, 1e-06, 0.0, 0.0, 0.0, 0.0, 1.0],
                [1.0, 0.0, -0.0, 0.0, -0.0, 1e-06, -1.0, 0.37472, -0.0, 1.0, 1e-06, 0.0, 0.0, 0.0, 0.0, 1.0],
                [1.0, 0.0, -0.0, 0.0, -0.0, 1e-06, -1.0, 0.37472, -0.0, 1.0, 1e-06, -0.0, 0.0, 0.0, 0.0, 1.0]
            ]
        },
        {
            "name": "Thigh_L",
            "time": [0.0, 0.1, 0.2833, 0.3667, 0.5, 0.6667, 0.9333, 1.1833],
            "transform": [
                [0.681573, -0.424435, 0.596081, -0.125006, -0.238006, -0.898888, -0.367904, -0.002831, 0.691961, 0.108883, -0.713676, -1.2e-05, 0.0, 0.0, 0.0, 1.0],
                [0.681573, -0.424435, 0.596081, -0.125006, -0.238006, -0.898888, -0.367904, -0.002831, 0.691961, 0.108883, -0.713676, -1.2e-05, 0.0, 0.0, 0.0, 1.0],
                [0.681573, -0.481545, 0.550973, -0.125006, -0.238006, -0.857898, -0.455371, -0.002831, 0.691961, 0.179234, -0.699331, -1.2e-05, 0.0, 0.0, 0.0, 1.0],
                [0.681573, -0.481545, 0.550973, -0.125006, -0.238006, -0.857898, -0.455371, -0.002831, 0.691961, 0.179234, -0.699331, -1.2e-05, 0.0, 0.0, 0.0, 1.0],
                [0.681573, -0.481545, 0.550973, -0.125006, -0.238006, -0.857898, -0.455371, -0.002831, 0.691961, 0.179234, -0.699331, -1.2e-05, 0.0, 0.0, 0.0, 1.0],
                [0.681573, -0.424435, 0.596081, -0.125006, -0.238006, -0.898888, -0.367904, -0.002831, 0.691961, 0.108883, -0.713676, -1.2e-05, 0.0, 0.0, 0.0, 1.0],
                [0.681573, -0.424435, 0.596081, -0.125006, -0.238006, -0.898888, -0.367904, -0.002831, 0.691961, 0.108883, -0.713676, -1.2e-05, 0.0, 0.0, 0.0, 1.0],
                [0.869242, -0.05516, -0.491298, -0.125006, -0.021407, -0.997024, 0.074063, -0.002831, -0.493921, -0.053862, -0.867837, -1.2e-05, 0.0, 0.0, 0.0, 1.0]
            ]
        },
        {
            "name": "Leg_L",
            "time": [0.0, 0.1, 0.2833, 0.3667, 0.5, 0.6667, 0.9333, 1.1833],
            "transform": [
                [0.999989, -0.003452, -0.00313, 0.0, 0.003782, 0.993653, 0.112423, 0.37472, 0.002722, -0.112434, 0.993656, -0.0, 0.0, 0.0, 0.0, 1.0],
                [0.999989, -0.003452, -0.00313, 0.0, 0.003782, 0.993653, 0.112423, 0.37472, 0.002722, -0.112434, 0.993656, -0.0, 0.0, 0.0, 0.0, 1.0],
                [0.999989, -0.003452, -0.00313, 0.0, 0.003782, 0.993653, 0.112423, 0.37472, 0.002723, -0.112434, 0.993656, -0.0, 0.0, 0.0, 0.0, 1.0],
                [0.999989, -0.003452, -0.00313, 0.0, 0.003782, 0.993653, 0.112423, 0.37472, 0.002723, -0.112434, 0.993656, -0.0, 0.0, 0.0, 0.0, 1.0],
                [0.999989, -0.003452, -0.00313, 0.0, 0.003782, 0.993653, 0.112423, 0.37472, 0.002723, -0.112434, 0.993656, -0.0, 0.0, 0.0, 0.0, 1.0],
                [0.999989, -0.003452, -0.00313, 0.0, 0.003782, 0.993653, 0.112423, 0.37472, 0.002722, -0.112434, 0.993656, -0.0, 0.0, 0.0, 0.0, 1.0],
                [0.999989, -0.003452, -0.00313, 0.0, 0.003782, 0.993653, 0.112423, 0.37472, 0.002722, -0.112434, 0.993656, -0.0, 0.0, 0.0, 0.0, 1.0],
                [0.999989, -0.003452, -0.00313, -0.0, 0.003782, 0.993653, 0.112423, 0.37472, 0.002722, -0.112434, 0.993656, 0.0, 0.0, 0.0, 0.0, 1.0]
            ]
        },
        {
            "name": "Knee_L",
            "time": [0.0, 0.1, 0.2833, 0.3667, 0.5, 0.6667, 0.9333, 1.1833],
            "transform": [
                [1.0, 0.0, -0.0, 0.0, -0.0, 1e-06, -1.0, 0.37472, -0.0, 1.0, 1e-06, -0.0, 0.0, 0.0, 0.0, 1.0],
                [1.0, 0.0, -0.0, 0.0, -0.0, 1e-06, -1.0, 0.37472, -0.0, 1.0, 1e-06, -0.0, 0.0, 0.0, 0.0, 1.0],
                [1.0, 0.0, -0.0, 0.0, -0.0, 1e-06, -1.0, 0.37472, -0.0, 1.0, 1e-06, -0.0, 0.0, 0.0, 0.0, 1.0],
                [1.0, 0.0, -0.0, 0.0, -0.0, 1e-06, -1.0, 0.37472, -0.0, 1.0, 1e-06, -0.0, 0.0, 0.0, 0.0, 1.0],
                [1.0, 0.0, -0.0, 0.0, -0.0, 1e-06, -1.0, 0.37472, -0.0, 1.0, 1e-06, -0.0, 0.0, 0.0, 0.0, 1.0],
                [1.0, 0.0, -0.0, 0.0, -0.0, 1e-06, -1.0, 0.37472, -0.0, 1.0, 1e-06, -0.0, 0.0, 0.0, 0.0, 1.0],
                [1.0, 0.0, -0.0, 0.0, -0.0, 1e-06, -1.0, 0.37472, -0.0, 1.0, 1e-06, -0.0, 0.0, 0.0, 0.0, 1.0],
                [1.0, 0.0, -0.0, -0.0, -0.0, 1e-06, -1.0, 0.37472, -0.0, 1.0, 1e-06, 0.0, 0.0, 0.0, 0.0, 1.0]
            ]
        },
        {
            "name": "Torso",
            "time": [0.0, 0.1, 0.2833, 0.3667, 0.5, 0.6667, 0.9333, 1.1833],
            "transform": [
                [0.99719, -0.020971, -0.071926, -0.0, 0.022269, 0.999603, 0.01728, 0.05, 0.071535, -0.018833, 0.99726, 0.0, 0.0, 0.0, 0.0, 1.0],
                [0.99719, -0.020971, -0.071926, -0.0, 0.022269, 0.999603, 0.01728, 0.05, 0.071535, -0.018833, 0.99726, 0.0, 0.0, 0.0, 0.0, 1.0],
                [0.99719, -0.020971, -0.071926, 0.0, 0.022269, 0.999603, 0.01728, 0.05, 0.071535, -0.018833, 0.99726, -0.0, 0.0, 0.0, 0.0, 1.0],
                [0.99719, -0.020971, -0.071926, 0.0, 0.022269, 0.999603, 0.01728, 0.05, 0.071535, -0.018833, 0.99726, -0.0, 0.0, 0.0, 0.0, 1.0],
                [0.99719, -0.020971, -0.071926, 0.0, 0.022269, 0.999603, 0.01728, 0.05, 0.071535, -0.018833, 0.99726, -0.0, 0.0, 0.0, 0.0, 1.0],
                [0.99719, -0.020971, -0.071926, -0.0, 0.022269, 0.999603, 0.01728, 0.05, 0.071535, -0.018833, 0.99726, 0.0, 0.0, 0.0, 0.0, 1.0],
                [0.99719, -0.020971, -0.071926, -0.0, 0.022269, 0.999603, 0.01728, 0.05, 0.071535, -0.018833, 0.99726, 0.0, 0.0, 0.0, 0.0, 1.0],
                [0.99978, -0.020971, -0.000197, -0.0, 0.020971, 0.999603, 0.018833, 0.05, -0.000198, -0.018833, 0.999823, 0.0, 0.0, 0.0, 0.0, 1.0]
            ]
        },
        {
            "name": "Chest",
            "time": [0.0, 0.1, 0.2833, 0.3667, 0.5, 0.6, 0.6667, 0.9333, 1.1833],
            "transform": [
                [0.958825, 0.074299, 0.274105, 0.0, -0.114187, 0.984577, 0.132549, 0.3, -0.260029, -0.15839, 0.952522, -0.0, 0.0, 0.0, 0.0, 1.0],
                [0.958825, 0.074299, 0.274105, 0.0, -0.114187, 0.984577, 0.132549, 0.3, -0.260029, -0.15839, 0.952522, -0.0, 0.0, 0.0, 0.0, 1.0],
                [0.915199, 0.218847, 0.338402, 0.0, -0.282692, 0.947084, 0.152047, 0.3, -0.28722, -0.234816, 0.928637, 0.0, 0.0, 0.0, 0.0, 1.0],
                [0.915199, 0.218847, 0.338402, 0.0, -0.282692, 0.947084, 0.152047, 0.3, -0.28722, -0.234816, 0.928637, 0.0, 0.0, 0.0, 0.0, 1.0],
                [0.909474, 0.232383, 0.344753, 0.0, -0.298787, 0.941926, 0.153304, 0.3, -0.289107, -0.242434, 0.92609, 0.0, 0.0, 0.0, 0.0, 1.0],
                [0.966789, -0.130785, 0.219578, 0.0, 0.125563, 0.991372, 0.03763, 0.3, -0.222605, -0.00881, 0.974869, 0.0, 0.0, 0.0, 0.0, 1.0],
                [0.962667, -0.158296, 0.219578, 0.0, 0.153777, 0.987389, 0.03763, 0.3, -0.222766, -0.002459, 0.974869, -0.0, 0.0, 0.0, 0.0, 1.0],
                [0.962667, -0.158296, 0.219578, 0.0, 0.153777, 0.987389, 0.03763, 0.3, -0.222766, -0.002459, 0.974869, -0.0, 0.0, 0.0, 0.0, 1.0],
                [0.999771, -0.021316, -0.002029, -0.0, 0.021411, 0.994316, 0.104295, 0.3, -0.000206, -0.104315, 0.994544, -0.0, 0.0, 0.0, 0.0, 1.0]
            ]
        },
        {
            "name": "Head",
            "time": [0.0, 0.1, 0.2833, 0.3667, 0.5, 0.6667, 0.9333, 1.1833],
            "transform": [
                [0.324229, -0.088923, -0.94179, -0.0, -0.055587, 0.992061, -0.112806, 0.4, 0.944344, 0.088926, 0.316712, -0.0, 0.0, 0.0, 0.0, 1.0],
                [0.324229, -0.088923, -0.94179, -0.0, -0.055587, 0.992061, -0.112806, 0.4, 0.944344, 0.088926, 0.316712, -0.0, 0.0, 0.0, 0.0, 1.0],
                [0.324229, -0.088923, -0.94179, 0.0, -0.055587, 0.992061, -0.112806, 0.4, 0.944344, 0.088926, 0.316711, 0.0, 0.0, 0.0, 0.0, 1.0],
                [0.324229, -0.088923, -0.94179, 0.0, -0.055587, 0.992061, -0.112806, 0.4, 0.944344, 0.088926, 0.316711, 0.0, 0.0, 0.0, 0.0, 1.0],
                [0.324229, -0.088923, -0.94179, -0.0, -0.055587, 0.992061, -0.112806, 0.4, 0.944344, 0.088926, 0.316712, -0.0, 0.0, 0.0, 0.0, 1.0],
                [0.324228, -0.027675, -0.945574, -0.0, -0.055587, 0.997287, -0.048249, 0.4, 0.944344, 0.068205, 0.321811, 0.0, 0.0, 0.0, 0.0, 1.0],
                [0.324228, -0.027675, -0.945574, -0.0, -0.055587, 0.997287, -0.048249, 0.4, 0.944344, 0.068205, 0.321811, 0.0, 0.0, 0.0, 0.0, 1.0],
                [0.853111, 0.037721, 0.520365, -0.0, -0.006297, 0.998055, -0.062025, 0.4, -0.521692, 0.049637, 0.851689, 0.0, 0.0, 0.0, 0.0, 1.0]
            ]
        },
        {
            "name": "Shoulder_R",
            "time": [0.0, 0.1, 0.2833, 0.3667, 0.5, 0.6667, 0.9333, 1.1833],
            "transform": [
                [0.110305, 0.895273, 0.431647, -0.0, 0.091141, -0.441578, 0.892582, 0.4, 0.98971, -0.059115, -0.130304, -0.0, 0.0, 0.0, 0.0, 1.0],
                [0.110305, 0.895273, 0.431647, -0.0, 0.091141, -0.441578, 0.892582, 0.4, 0.98971, -0.059115, -0.130304, -0.0, 0.0, 0.0, 0.0, 1.0],
                [0.110305, 0.895273, 0.431647, 0.0, 0.091141, -0.441578, 0.892582, 0.4, 0.98971, -0.059115, -0.130304, 0.0, 0.0, 0.0, 0.0, 1.0],
                [0.110305, 0.895273, 0.431647, 0.0, 0.091141, -0.441578, 0.892582, 0.4, 0.98971, -0.059115, -0.130304, 0.0, 0.0, 0.0, 0.0, 1.0],
                [0.110305, 0.895273, 0.431647, -0.0, 0.091141, -0.441578, 0.892582, 0.4, 0.98971, -0.059115, -0.130304, -0.0, 0.0, 0.0, 0.0, 1.0],
                [0.110305, 0.895273, 0.431647, -0.0, 0.091141, -0.441578, 0.892582, 0.4, 0.98971, -0.059115, -0.130304, 0.0, 0.0, 0.0, 0.0, 1.0],
                [0.110305, 0.895273, 0.431647, -0.0, 0.091141, -0.441578, 0.892582, 0.4, 0.98971, -0.059115, -0.130304, 0.0, 0.0, 0.0, 0.0, 1.0],
                [0.110305, 0.959352, 0.259762, -0.0, 0.091141, -0.270019, 0.958532, 0.4, 0.98971, -0.082056, -0.11722, 0.0, 0.0, 0.0, 0.0, 1.0]
            ]
        },
        {
            "name": "Arm_R",
            "time": [0.0, 0.1, 0.2833, 0.3667, 0.5, 0.6, 0.6667, 0.9333, 1.1833],
            "transform": [
                [0.951934, -0.286558, 0.108193, -0.0, 0.298149, 0.785905, -0.54172, 0.393861, 0.070205, 0.547939, 0.833567, -0.0, 0.0, 0.0, 0.0, 1.0],
                [0.951934, -0.286558, 0.108193, -0.0, 0.298149, 0.785905, -0.54172, 0.393861, 0.070205, 0.547939, 0.833567, -0.0, 0.0, 0.0, 0.0, 1.0],
                [0.951934, -0.306225, 0.006897, -0.0, 0.298149, 0.921196, -0.250009, 0.393861, 0.070205, 0.240048, 0.968219, -0.0, 0.0, 0.0, 0.0, 1.0],
                [0.951934, -0.306225, 0.006897, -0.0, 0.298149, 0.921196, -0.250009, 0.393861, 0.070205, 0.240048, 0.968219, -0.0, 0.0, 0.0, 0.0, 1.0],
                [0.951934, -0.306286, -0.003169, -0.0, 0.298149, 0.928915, -0.219602, 0.39386, 0.070205, 0.208101, 0.975584, -0.0, 0.0, 0.0, 0.0, 1.0],
                [0.951934, -0.295941, 0.078996, 0.0, 0.298149, 0.836136, -0.460417, 0.39386, 0.070205, 0.461839, 0.884181, 0.0, 0.0, 0.0, 0.0, 1.0],
                [0.951934, -0.299209, 0.065538, -0.0, 0.298149, 0.856093, -0.422151, 0.393861, 0.070205, 0.421401, 0.904153, 0.0, 0.0, 0.0, 0.0, 1.0],
                [0.951934, -0.299209, 0.065538, -0.0, 0.298149, 0.856093, -0.422151, 0.393861, 0.070205, 0.421401, 0.904153, 0.0, 0.0, 0.0, 0.0, 1.0],
                [0.043023, -0.059379, -0.997308, 0.0, 0.813119, 0.582097, 0.00042, 0.39386, 0.580505, -0.810948, 0.073326, 0.0, 0.0, 0.0, 0.0, 1.0]
            ]
        },
        {
            "name": "Hand_R",
            "time": [0.0, 0.1, 0.2833, 0.3667, 0.5, 0.6, 0.6667, 0.9333, 1.1833],
            "transform": [
                [0.999998, -0.000817, 0.00163, -0.0, 0.000868, 0.999499, -0.03165, 0.3, -0.001603, 0.031651, 0.999498, 0.0, 0.0, 0.0, 0.0, 1.0],
                [0.999998, -0.000817, 0.00163, -0.0, 0.000868, 0.999499, -0.03165, 0.3, -0.001603, 0.031651, 0.999498, 0.0, 0.0, 0.0, 0.0, 1.0],
                [0.999998, -5.8e-05, 0.001822, -0.0, 0.000868, 0.894105, -0.447857, 0.3, -0.001603, 0.447858, 0.894103, -0.0, 0.0, 0.0, 0.0, 1.0],
                [0.999998, -5.8e-05, 0.001822, -0.0, 0.000868, 0.894105, -0.447857, 0.3, -0.001603, 0.447858, 0.894103, -0.0, 0.0, 0.0, 0.0, 1.0],
                [0.999998, 1.8e-05, 0.001823, -0.0, 0.000868, 0.874565, -0.484908, 0.3, -0.001603, 0.484909, 0.874563, 0.0, 0.0, 0.0, 0.0, 1.0],
                [0.999998, -0.000971, 0.001543, -0.0, 0.000868, 0.997848, 0.065568, 0.3, -0.001603, -0.065567, 0.997847, -0.0, 0.0, 0.0, 0.0, 1.0],
                [0.999998, -0.000971, 0.001543, -0.0, 0.000868, 0.997848, 0.065568, 0.3, -0.001603, -0.065567, 0.997847, -0.0, 0.0, 0.0, 0.0, 1.0],
                [0.999998, -0.000971, 0.001543, -0.0, 0.000868, 0.997848, 0.065568, 0.3, -0.001603, -0.065567, 0.997847, -0.0, 0.0, 0.0, 0.0, 1.0],
                [0.999998, -0.000848, 0.001614, 0.0, 0.000868, 0.999919, -0.012686, 0.3, -0.001603, 0.012688, 0.999918, 0.0, 0.0, 0.0, 0.0, 1.0]
            ]
        },
        {
            "name": "Tool_R",
            "time": [0.0, 0.1, 0.2833, 0.3667, 0.5, 0.6667, 0.9333, 1.1833],
            "transform": [
                [0.993313, -0.06917, -0.09244, -0.037588, -0.08818, -0.971345, -0.220712, 0.220018, -0.074481, 0.227242, -0.970376, -0.081086, 0.0, 0.0, 0.0, 1.0],
                [0.993313, -0.06917, -0.09244, -0.037588, -0.08818, -0.971345, -0.220712, 0.220018, -0.074481, 0.227242, -0.970376, -0.081086, 0.0, 0.0, 0.0, 1.0],
                [0.993313, -0.06917, -0.09244, -0.037588, -0.08818, -0.971345, -0.220712, 0.220018, -0.074481, 0.227242, -0.970376, -0.081086, 0.0, 0.0, 0.0, 1.0],
                [0.993313, -0.06917, -0.09244, -0.037588, -0.08818, -0.971345, -0.220712, 0.220018, -0.074481, 0.227242, -0.970376, -0.081086, 0.0, 0.0, 0.0, 1.0],
                [0.993313, -0.06917, -0.09244, -0.037588, -0.08818, -0.971345, -0.220712, 0.220018, -0.074481, 0.227242, -0.970376, -0.081086, 0.0, 0.0, 0.0, 1.0],
                [0.993313, -0.06917, -0.09244, -0.037588, -0.08818, -0.971345, -0.220712, 0.220018, -0.074481, 0.227242, -0.970376, -0.081086, 0.0, 0.0, 0.0, 1.0],
                [0.993313, -0.06917, -0.09244, -0.037588, -0.08818, -0.971345, -0.220712, 0.220018, -0.074481, 0.227242, -0.970376, -0.081086, 0.0, 0.0, 0.0, 1.0],
                [0.993314, -0.054493, -0.101777, 0.010704, -0.088154, -0.927265, -0.363881, 0.330594, -0.074502, 0.37019, -0.925324, 0.180402, 0.0, 0.0, 0.0, 1.0]
            ]
        },
        {
            "name": "Elbow_R",
            "time": [0.0, 0.1, 0.2833, 0.3667, 0.5, 0.6667, 0.9333, 1.1833],
            "transform": [
                [-1.0, 0.0, -0.0, -0.0, 0.0, -0.0, -1.0, 0.316992, -0.0, -1.0, 0.0, 0.0, 0.0, 0.0, 0.0, 1.0],
                [-1.0, 0.0, -0.0, -0.0, 0.0, -0.0, -1.0, 0.316992, -0.0, -1.0, 0.0, 0.0, 0.0, 0.0, 0.0, 1.0],
                [-1.0, 0.0, -0.0, -0.0, 0.0, -0.0, -1.0, 0.316992, -0.0, -1.0, 0.0, -0.0, 0.0, 0.0, 0.0, 1.0],
                [-1.0, 0.0, -0.0, -0.0, 0.0, -0.0, -1.0, 0.316992, -0.0, -1.0, 0.0, -0.0, 0.0, 0.0, 0.0, 1.0],
                [-1.0, 0.0, -0.0, -0.0, 0.0, 0.0, -1.0, 0.316991, -0.0, -1.0, 0.0, 0.0, 0.0, 0.0, 0.0, 1.0],
                [-1.0, 0.0, -0.0, -0.0, 0.0, -0.0, -1.0, 0.316992, -0.0, -1.0, 0.0, -0.0, 0.0, 0.0, 0.0, 1.0],
                [-1.0, 0.0, -0.0, -0.0, 0.0, -0.0, -1.0, 0.316992, -0.0, -1.0, 0.0, -0.0, 0.0, 0.0, 0.0, 1.0],
                [-1.0, 0.0, -0.0, 0.0, 0.0, 0.0, -1.0, 0.429832, -0.0, -1.0, 0.0, 0.0, 0.0, 0.0, 0.0, 1.0]
            ]
        },
        {
            "name": "Shoulder_L",
            "time": [0.0, 0.1, 0.2833, 0.3667, 0.5, 0.6667, 0.9333, 1.1833],
            "transform": [
                [-0.226937, -0.879834, -0.417602, -0.0, -0.021067, -0.424255, 0.905298, 0.4, -0.973681, 0.214243, 0.077744, -0.0, 0.0, 0.0, 0.0, 1.0],
                [-0.226937, -0.879834, -0.417602, -0.0, -0.021067, -0.424255, 0.905298, 0.4, -0.973681, 0.214243, 0.077744, -0.0, 0.0, 0.0, 0.0, 1.0],
                [-0.226937, -0.879834, -0.417602, 0.0, -0.021067, -0.424255, 0.905298, 0.4, -0.973681, 0.214243, 0.077744, 0.0, 0.0, 0.0, 0.0, 1.0],
                [-0.226937, -0.879834, -0.417602, 0.0, -0.021067, -0.424255, 0.905298, 0.4, -0.973681, 0.214243, 0.077744, 0.0, 0.0, 0.0, 0.0, 1.0],
                [-0.226937, -0.879834, -0.417602, -0.0, -0.021067, -0.424255, 0.905298, 0.4, -0.973681, 0.214243, 0.077744, -0.0, 0.0, 0.0, 0.0, 1.0],
                [-0.226937, -0.879834, -0.417602, -0.0, -0.021067, -0.424255, 0.905298, 0.4, -0.973681, 0.214243, 0.077744, 0.0, 0.0, 0.0, 0.0, 1.0],
                [-0.226937, -0.879834, -0.417602, -0.0, -0.021067, -0.424255, 0.905298, 0.4, -0.973681, 0.214243, 0.077744, 0.0, 0.0, 0.0, 0.0, 1.0],
                [-0.226937, -0.879834, -0.417602, -0.0, -0.021067, -0.424255, 0.905298, 0.4, -0.973681, 0.214243, 0.077744, 0.0, 0.0, 0.0, 0.0, 1.0]
            ]
        },
        {
            "name": "Arm_L",
            "time": [0.0, 0.1, 0.2833, 0.3667, 0.5, 0.6667, 0.9333, 1.1833],
            "transform": [
                [0.066152, 0.043548, 0.996859, -0.0, -0.683789, 0.729554, 0.013506, 0.39386, -0.726675, -0.682535, 0.07804, -0.0, 0.0, 0.0, 0.0, 1.0],
                [0.066152, 0.043548, 0.996859, -0.0, -0.683789, 0.729554, 0.013506, 0.39386, -0.726675, -0.682535, 0.07804, -0.0, 0.0, 0.0, 0.0, 1.0],
                [0.074314, 0.027387, 0.996859, 0.0, -0.500235, 0.865785, 0.013506, 0.39386, -0.862695, -0.499667, 0.07804, 0.0, 0.0, 0.0, 0.0, 1.0],
                [0.074314, 0.027387, 0.996859, 0.0, -0.500235, 0.865785, 0.013506, 0.39386, -0.862695, -0.499667, 0.07804, 0.0, 0.0, 0.0, 0.0, 1.0],
                [0.074906, 0.025723, 0.996859, -0.0, -0.480802, 0.876725, 0.013506, 0.39386, -0.873624, -0.480303, 0.07804, -0.0, 0.0, 0.0, 0.0, 1.0],
                [0.073473, 0.029569, 0.996859, 0.0, -0.525575, 0.85064, 0.013506, 0.39386, -0.847569, -0.524916, 0.07804, 0.0, 0.0, 0.0, 0.0, 1.0],
                [0.073473, 0.029569, 0.996859, 0.0, -0.525575, 0.85064, 0.013506, 0.39386, -0.847569, -0.524916, 0.07804, 0.0, 0.0, 0.0, 0.0, 1.0],
                [0.036604, 0.052076, 0.997972, -0.0, -0.871994, 0.489475, 0.006442, 0.39386, -0.488147, -0.870461, 0.063327, -0.0, 0.0, 0.0, 0.0, 1.0]
            ]
        },
        {
            "name": "Hand_L",
            "time": [0.0, 0.1, 0.2833, 0.3667, 0.5, 0.6667, 0.9333, 1.1833],
            "transform": [
                [0.999993, -0.001541, -0.00347, 0.0, 0.000938, 0.985901, -0.167329, 0.3, 0.003679, 0.167324, 0.985895, 0.0, 0.0, 0.0, 0.0, 1.0],
                [0.999993, -0.001541, -0.00347, 0.0, 0.000938, 0.985901, -0.167329, 0.3, 0.003679, 0.167324, 0.985895, 0.0, 0.0, 0.0, 0.0, 1.0],
                [0.999993, -0.00154, -0.00347, -0.0, 0.000938, 0.985901, -0.167329, 0.3, 0.003679, 0.167324, 0.985895, 0.0, 0.0, 0.0, 0.0, 1.0],
                [0.999993, -0.00154, -0.00347, -0.0, 0.000938, 0.985901, -0.167329, 0.3, 0.003679, 0.167324, 0.985895, 0.0, 0.0, 0.0, 0.0, 1.0],
                [0.999993, -0.001541, -0.00347, 0.0, 0.000938, 0.985901, -0.167329, 0.3, 0.003679, 0.167324, 0.985895, -0.0, 0.0, 0.0, 0.0, 1.0],
                [0.999993, -0.001541, -0.00347, 0.0, 0.000938, 0.985901, -0.167329, 0.3, 0.003679, 0.167324, 0.985895, -0.0, 0.0, 0.0, 0.0, 1.0],
                [0.999993, -0.001541, -0.00347, 0.0, 0.000938, 0.985901, -0.167329, 0.3, 0.003679, 0.167324, 0.985895, -0.0, 0.0, 0.0, 0.0, 1.0],
                [0.999993, -0.001541, -0.00347, 0.0, 0.000938, 0.985901, -0.167329, 0.3, 0.003679, 0.167324, 0.985895, -0.0, 0.0, 0.0, 0.0, 1.0]
            ]
        },
        {
            "name": "Tool_L",
            "time": [0.0, 0.1, 0.2833, 0.3667, 0.5, 0.6667, 0.9333, 1.1833],
            "transform": [
                [0.997004, 0.01104, -0.076554, 0.0, -0.036659, -0.804079, -0.593391, 0.272858, -0.068067, 0.594062, -0.8008, -0.0, 0.0, 0.0, 0.0, 1.0],
                [0.997004, 0.01104, -0.076554, 0.0, -0.036659, -0.804079, -0.593391, 0.272858, -0.068067, 0.594062, -0.8008, -0.0, 0.0, 0.0, 0.0, 1.0],
                [0.997004, 0.01104, -0.076554, -0.0, -0.036659, -0.804079, -0.593391, 0.272858, -0.068067, 0.594062, -0.8008, -0.0, 0.0, 0.0, 0.0, 1.0],
                [0.997004, 0.01104, -0.076554, -0.0, -0.036659, -0.804079, -0.593391, 0.272858, -0.068067, 0.594062, -0.8008, -0.0, 0.0, 0.0, 0.0, 1.0],
                [0.997004, 0.01104, -0.076554, 0.0, -0.036659, -0.804079, -0.593391, 0.272858, -0.068067, 0.594062, -0.8008, -0.0, 0.0, 0.0, 0.0, 1.0],
                [0.997004, 0.01104, -0.076554, 0.0, -0.036659, -0.804079, -0.593391, 0.272858, -0.068067, 0.594062, -0.8008, -0.0, 0.0, 0.0, 0.0, 1.0],
                [0.997004, 0.01104, -0.076554, 0.0, -0.036659, -0.804079, -0.593391, 0.272858, -0.068067, 0.594062, -0.8008, -0.0, 0.0, 0.0, 0.0, 1.0],
                [0.997004, 0.01104, -0.076554, 0.0, -0.036659, -0.804079, -0.593391, 0.272858, -0.068067, 0.594062, -0.8008, -0.0, 0.0, 0.0, 0.0, 1.0]
            ]
        },
        {
            "name": "Elbow_L",
            "time": [0.0, 0.1, 0.2833, 0.3667, 0.5, 0.6667, 0.9333, 1.1833],
            "transform": [
                [-1.0, 0.0, -0.0, 2.7e-05, 0.0, -0.0, -1.0, 0.297755, -0.0, -1.0, -0.0, -0.002121, 0.0, 0.0, 0.0, 1.0],
                [-1.0, 0.0, -0.0, 2.7e-05, 0.0, -0.0, -1.0, 0.297755, -0.0, -1.0, -0.0, -0.002121, 0.0, 0.0, 0.0, 1.0],
                [-1.0, 0.0, -0.0, 2.7e-05, 0.0, -0.0, -1.0, 0.297755, -0.0, -1.0, -0.0, -0.002121, 0.0, 0.0, 0.0, 1.0],
                [-1.0, 0.0, -0.0, 2.7e-05, 0.0, -0.0, -1.0, 0.297755, -0.0, -1.0, -0.0, -0.002121, 0.0, 0.0, 0.0, 1.0],
                [-1.0, 0.0, -0.0, 2.7e-05, 0.0, -0.0, -1.0, 0.297755, -0.0, -1.0, -0.0, -0.002121, 0.0, 0.0, 0.0, 1.0],
                [-1.0, 0.0, -0.0, 2.7e-05, 0.0, -0.0, -1.0, 0.297755, -0.0, -1.0, -0.0, -0.002121, 0.0, 0.0, 0.0, 1.0],
                [-1.0, 0.0, -0.0, 2.7e-05, 0.0, -0.0, -1.0, 0.297755, -0.0, -1.0, -0.0, -0.002121, 0.0, 0.0, 0.0, 1.0],
                [-1.0, 0.0, -0.0, 2.7e-05, 0.0, -0.0, -1.0, 0.396148, -0.0, -1.0, -0.0, -0.002121, 0.0, 0.0, 0.0, 1.0]
            ]
        }
    ]
}