{
    "animation": [
        {
            "name": "Root",
            "time": [0.0, 0.0333, 0.1667, 0.3667, 0.45, 0.4833, 0.5167, 0.5667, 0.6, 0.6333, 0.8167, 0.9, 1.1],
            "transform": [
                [0.996276, 0.027866, -0.0816, -5e-06, -0.086227, 0.321963, -0.942818, 0.000946, -0.0, 0.946342, 0.323167, 0.743765, 0.0, 0.0, 0.0, 1.0],
                [0.996276, 0.027866, -0.0816, -5e-06, -0.086227, 0.321963, -0.942818, 0.000946, -0.0, 0.946342, 0.323167, 0.743765, 0.0, 0.0, 0.0, 1.0],
                [0.736002, 0.135793, -0.66322, -5e-06, -0.671517, 0.270639, -0.689797, 1.186615, 0.085824, 0.953055, 0.290378, 0.576253, 0.0, 0.0, 0.0, 1.0],
                [0.573098, 0.264831, -0.775515, -5e-06, -0.819487, 0.185206, -0.542347, 1.634767, -0.0, 0.946342, 0.323167, 0.579959, 0.0, 0.0, 0.0, 1.0],
                [0.138333, 0.036569, -0.98971, -5e-06, -0.858199, -0.494358, -0.138218, 4.891654, -0.494326, 0.868489, -0.037003, 0.484452, 0.0, 0.0, 0.0, 1.0],
                [0.100296, -0.127509, -0.986753, -5e-06, -0.710357, -0.703593, 0.018716, 6.376332, -0.696659, 0.69907, -0.161145, 0.680905, 0.0, 0.0, 0.0, 1.0],
                [0.109766, -0.208343, -0.971877, -5e-06, -0.618541, -0.779707, 0.097288, 7.279425, -0.778048, 0.590466, -0.214455, 0.436661, 0.0, 0.0, 0.0, 1.0],
                [0.109674, -0.208378, -0.97188, -5e-06, -0.618573, -0.779671, 0.097363, 7.750386, -0.778035, 0.590501, -0.214407, 0.588757, 0.0, 0.0, 0.0, 1.0],
                [0.109677, -0.208377, -0.97188, -5e-06, -0.618572, -0.779673, 0.09736, 7.88562, -0.778036, 0.590499, -0.214409, 0.455392, 0.0, 0.0, 0.0, 1.0],
                [0.10969, -0.208372, -0.971879, -5e-06, -0.618568, -0.779678, 0.09735, 7.96943, -0.778037, 0.590495, -0.214415, 0.515007, 0.0, 0.0, 0.0, 1.0],
                [0.109766, -0.208343, -0.971877, -5e-06, -0.618541, -0.779707, 0.097288, 8.176142, -0.778048, 0.590466, -0.214455, 0.492244, 0.0, 0.0, 0.0, 1.0],
                [0.109766, -0.208343, -0.971877, -5e-06, -0.618541, -0.779707, 0.097288, 8.176142, -0.778048, 0.590466, -0.214455, 0.492244, 0.0, 0.0, 0.0, 1.0],
                [-0.985189, -0.035106, 0.167843, 0.019677, 0.169683, -0.058454, 0.983764, 7.964078, -0.024725, 0.997673, 0.063545, 0.764886, 0.0, 0.0, 0.0, 1.0]
            ]
        },
        {
            "name": "Thigh_R",
            "time": [0.0, 0.0333, 0.1667, 0.3667, 0.5167, 0.8167, 0.9, 1.0, 1.1],
            "transform": [
                [0.997358, 0.053447, -0.049185, 0.124994, 0.060571, -0.985723, 0.157087, -0.002831, -0.040087, -0.159651, -0.98636, -1.2e-05, 0.0, 0.0, 0.0, 1.0],
                [0.997358, 0.053447, -0.049185, 0.124994, 0.060571, -0.985723, 0.157087, -0.002831, -0.040087, -0.159651, -0.98636, -1.2e-05, 0.0, 0.0, 0.0, 1.0],
                [0.803082, 0.497815, -0.327472, 0.124994, 0.516264, -0.855721, -0.034781, -0.002831, -0.29754, -0.141129, -0.944221, -1.2e-05, 0.0, 0.0, 0.0, 1.0],
                [0.922129, 0.356956, -0.149196, 0.124994, 0.381201, -0.772468, 0.507913, -0.002831, 0.066053, -0.525234, -0.84839, -1.2e-05, 0.0, 0.0, 0.0, 1.0],
                [0.386376, 0.858702, -0.336661, 0.124993, 0.307163, 0.224376, 0.924828, -0.00283, 0.869692, -0.460741, -0.177069, -1.2e-05, 0.0, 0.0, 0.0, 1.0],
                [0.223025, 0.622156, -0.750454, 0.124994, 0.200317, 0.724162, 0.659894, -0.002831, 0.954008, -0.297501, 0.036877, -1.2e-05, 0.0, 0.0, 0.0, 1.0],
                [0.223025, 0.622156, -0.750454, 0.124994, 0.200317, 0.724162, 0.659894, -0.002831, 0.954008, -0.297501, 0.036877, -1.2e-05, 0.0, 0.0, 0.0, 1.0],
                [0.667553, 0.61315, -0.422395, 0.124994, 0.567821, -0.052284, 0.82149, -0.002831, 0.481612, -0.788232, -0.383063, -1.2e-05, 0.0, 0.0, 0.0, 1.0],
                [0.992811, 0.11785, -0.020883, 0.124994, 0.118536, -0.992318, 0.035348, -0.002831, -0.016557, -0.037569, -0.999157, -1.2e-05, 0.0, 0.0, 0.0, 1.0]
            ]
        },
        {
            "name": "Leg_R",
            "time": [0.0, 0.0333, 0.1667, 0.3667, 0.5167, 0.8167, 0.9, 1.0, 1.1],
            "transform": [
                [1.0, -0.0, 1e-06, -0.0, 0.0, 0.972951, 0.231014, 0.37472, -1e-06, -0.231014, 0.97295, 0.0, 0.0, 0.0, 0.0, 1.0],
                [1.0, -0.0, 1e-06, -0.0, 0.0, 0.972951, 0.231014, 0.37472, -1e-06, -0.231014, 0.97295, 0.0, 0.0, 0.0, 0.0, 1.0],
                [1.0, -1e-06, 1e-06, 0.0, 0.0, 0.8882, 0.459458, 0.37472, -1e-06, -0.459458, 0.888199, 0.0, 0.0, 0.0, 0.0, 1.0],
                [1.0, -1e-06, 0.0, 0.0, -0.0, 0.392887, 0.919586, 0.37472, -1e-06, -0.919588, 0.392887, 0.0, 0.0, 0.0, 0.0, 1.0],
                [1.0, -1e-06, -0.0, -0.0, 0.0, -0.615101, 0.788448, 0.37472, -1e-06, -0.78845, -0.6151, -0.0, 0.0, 0.0, 0.0, 1.0],
                [1.0, -1e-06, -0.0, 0.0, -0.0, -0.071214, 0.99746, 0.37472, -1e-06, -0.997462, -0.071214, 0.0, 0.0, 0.0, 0.0, 1.0],
                [1.0, -1e-06, -0.0, 0.0, -0.0, -0.071214, 0.99746, 0.37472, -1e-06, -0.997462, -0.071214, 0.0, 0.0, 0.0, 0.0, 1.0],
                [1.0, -1e-06, 0.0, 0.0, 0.0, 0.329685, 0.94409, 0.37472, -1e-06, -0.944092, 0.329684, 0.0, 0.0, 0.0, 0.0, 1.0],
                [1.0, -0.0, 1e-06, -0.0, 0.0, 0.997612, 0.069073, 0.37472, -1e-06, -0.069073, 0.997611, -0.0, 0.0, 0.0, 0.0, 1.0]
            ]
        },
        {
            "name": "Knee_R",
            "time": [0.0, 0.0333, 0.1667, 0.3667, 0.5167, 0.8167, 0.9, 1.1],
            "transform": [
                [1.0, 0.0, -0.0, -0.0, -0.0, 1e-06, -1.0, 0.37472, -0.0, 1.0, 1e-06, 0.0, 0.0, 0.0, 0.0, 1.0],
                [1.0, 0.0, -0.0, -0.0, -0.0, 1e-06, -1.0, 0.37472, -0.0, 1.0, 1e-06, 0.0, 0.0, 0.0, 0.0, 1.0],
                [0.986433, -0.159652, 0.038222, 0.0, 0.092285, 0.346724, -0.933416, 0.37472, 0.13577, 0.92428, 0.356754, 0.0, 0.0, 0.0, 0.0, 1.0],
                [0.976577, -0.204611, 0.066578, 0.0, 0.12779, 0.302586, -0.944517, 0.37472, 0.173113, 0.930901, 0.321646, 0.0, 0.0, 0.0, 0.0, 1.0],
                [0.976577, -0.204611, 0.066578, -0.0, 0.12779, 0.302586, -0.944517, 0.37472, 0.173113, 0.930901, 0.321645, -0.0, 0.0, 0.0, 0.0, 1.0],
                [0.976577, -0.204611, 0.066578, 0.0, 0.12779, 0.302586, -0.944516, 0.37472, 0.173113, 0.930901, 0.321646, 0.0, 0.0, 0.0, 0.0, 1.0],
                [0.976577, -0.204611, 0.066578, 0.0, 0.12779, 0.302586, -0.944516, 0.37472, 0.173113, 0.930901, 0.321646, 0.0, 0.0, 0.0, 0.0, 1.0],
                [1.0, 0.0, -0.0, -0.0, -0.0, 1e-06, -1.0, 0.37472, -0.0, 1.0, 1e-06, -0.0, 0.0, 0.0, 0.0, 1.0]
            ]
        },
        {
            "name": "Thigh_L",
            "time": [0.0, 0.0333, 0.1667, 0.3667, 0.5167, 0.8167, 0.9, 1.0, 1.1],
            "transform": [
                [0.997238, -0.073919, 0.007091, -0.125006, -0.052324, -0.631709, 0.773437, -0.002831, -0.052692, -0.771673, -0.633833, -1.2e-05, 0.0, 0.0, 0.0, 1.0],
                [0.997238, -0.073919, 0.007091, -0.125006, -0.052324, -0.631709, 0.773437, -0.002831, -0.052692, -0.771673, -0.633833, -1.2e-05, 0.0, 0.0, 0.0, 1.0],
                [0.811187, -0.529406, -0.248404, -0.125006, 0.061509, -0.345179, 0.936519, -0.002831, -0.581542, -0.774972, -0.247441, -1.2e-05, 0.0, 0.0, 0.0, 1.0],
                [0.811187, -0.529406, -0.248404, -0.125006, 0.061509, -0.345179, 0.936519, -0.002831, -0.581542, -0.774972, -0.247441, -1.2e-05, 0.0, 0.0, 0.0, 1.0],
                [0.693318, 0.266753, 0.669442, -0.125007, 0.196554, -0.963743, 0.18046, -0.002831, 0.693308, 0.006465, -0.720612, -1.2e-05, 0.0, 0.0, 0.0, 1.0],
                [0.693318, 0.392075, 0.604638, -0.125006, 0.196554, -0.910112, 0.364777, -0.002831, 0.693308, -0.134062, -0.708061, -1.2e-05, 0.0, 0.0, 0.0, 1.0],
                [0.693318, 0.392075, 0.604638, -0.125006, 0.196554, -0.910112, 0.364777, -0.002831, 0.693308, -0.134062, -0.708061, -1.2e-05, 0.0, 0.0, 0.0, 1.0],
                [0.919033, 0.383021, 0.093127, -0.125007, 0.361789, -0.913423, 0.186457, -0.002831, 0.156481, -0.137668, -0.978039, -1.2e-05, 0.0, 0.0, 0.0, 1.0],
                [0.869242, -0.055159, -0.491298, -0.125006, -0.021407, -0.997024, 0.074063, -0.002831, -0.493921, -0.053862, -0.867836, -1.2e-05, 0.0, 0.0, 0.0, 1.0]
            ]
        },
        {
            "name": "Leg_L",
            "time": [0.0, 0.0333, 0.3667, 0.5167, 0.8167, 0.9, 1.1],
            "transform": [
                [0.999989, 0.004442, -0.001409, 0.0, 0.003782, -0.597053, 0.802193, 0.37472, 0.002722, -0.802189, -0.597064, -0.0, 0.0, 0.0, 0.0, 1.0],
                [0.999989, 0.004442, -0.001409, 0.0, 0.003782, -0.597053, 0.802193, 0.37472, 0.002722, -0.802189, -0.597064, -0.0, 0.0, 0.0, 0.0, 1.0],
                [0.999989, -0.002146, -0.004136, -0.0, 0.003782, 0.892339, 0.451349, 0.37472, 0.002722, -0.451359, 0.892338, -0.0, 0.0, 0.0, 0.0, 1.0],
                [0.999989, -0.003471, -0.003109, -0.0, 0.003782, 0.994334, 0.106227, 0.374721, 0.002722, -0.106238, 0.994337, 0.0, 0.0, 0.0, 0.0, 1.0],
                [0.999989, -0.002048, -0.004186, -1e-06, 0.003782, 0.881478, 0.472209, 0.374721, 0.002722, -0.472219, 0.881477, -1e-06, 0.0, 0.0, 0.0, 1.0],
                [0.999989, -0.002048, -0.004186, -1e-06, 0.003782, 0.881478, 0.472209, 0.374721, 0.002722, -0.472219, 0.881477, -1e-06, 0.0, 0.0, 0.0, 1.0],
                [0.999989, -0.003452, -0.00313, 0.0, 0.003782, 0.993653, 0.112423, 0.37472, 0.002722, -0.112434, 0.993656, 0.0, 0.0, 0.0, 0.0, 1.0]
            ]
        },
        {
            "name": "Knee_L",
            "time": [0.0, 0.0333, 0.3667, 0.5167, 0.8167, 0.9, 1.1],
            "transform": [
                [1.0, 0.0, 0.0, 0.0, -0.0, 0.925155, -0.37959, 0.37472, -0.0, 0.37959, 0.925155, -0.0, 0.0, 0.0, 0.0, 1.0],
                [1.0, 0.0, 0.0, 0.0, -0.0, 0.925155, -0.37959, 0.37472, -0.0, 0.37959, 0.925155, -0.0, 0.0, 0.0, 0.0, 1.0],
                [1.0, 0.0, -0.0, -0.0, -0.0, 0.174336, -0.984686, 0.37472, -0.0, 0.984686, 0.174336, -0.0, 0.0, 0.0, 0.0, 1.0],
                [1.0, 0.0, -0.0, -0.0, -0.0, -0.037077, -0.999312, 0.374721, -0.0, 0.999312, -0.037077, 0.0, 0.0, 0.0, 0.0, 1.0],
                [1.0, 0.0, -0.0, -1e-06, -0.0, -0.037077, -0.999312, 0.374721, -0.0, 0.999312, -0.037077, -1e-06, 0.0, 0.0, 0.0, 1.0],
                [1.0, 0.0, -0.0, -1e-06, -0.0, -0.037077, -0.999312, 0.374721, -0.0, 0.999312, -0.037077, -1e-06, 0.0, 0.0, 0.0, 1.0],
                [1.0, 0.0, -0.0, 0.0, -0.0, 1e-06, -1.0, 0.37472, -0.0, 1.0, 1e-06, 0.0, 0.0, 0.0, 0.0, 1.0]
            ]
        },
        {
            "name": "Torso",
            "time": [0.0, 0.0333, 0.3667, 0.5167, 0.8167, 0.9, 1.0, 1.1],
            "transform": [
                [0.99978, -0.020259, -0.005422, -0.0, 0.020971, 0.963306, 0.267584, 0.05, -0.000198, -0.267639, 0.963519, -0.0, 0.0, 0.0, 0.0, 1.0],
                [0.99978, -0.020259, -0.005422, -0.0, 0.020971, 0.963306, 0.267584, 0.05, -0.000198, -0.267639, 0.963519, -0.0, 0.0, 0.0, 0.0, 1.0],
                [0.974731, -0.020259, -0.222463, 0.0, 0.078595, 0.963306, 0.25664, 0.05, 0.2091, -0.267639, 0.940556, 0.0, 0.0, 0.0, 0.0, 1.0],
                [0.997361, -0.020259, 0.069712, -0.0, 0.000807, 0.963306, 0.268403, 0.05, -0.072592, -0.267639, 0.960781, 0.0, 0.0, 0.0, 0.0, 1.0],
                [0.997361, -0.020259, 0.069712, -0.0, 0.000807, 0.963306, 0.268403, 0.05, -0.072592, -0.267639, 0.960781, 0.0, 0.0, 0.0, 0.0, 1.0],
                [0.997361, -0.020259, 0.069712, -0.0, 0.000807, 0.963306, 0.268403, 0.05, -0.072592, -0.267639, 0.960781, 0.0, 0.0, 0.0, 0.0, 1.0],
                [0.914683, -0.40417, 0.001226, -1e-06, 0.403239, 0.912363, -0.070657, 0.05, 0.027439, 0.065123, 0.9975, 0.0, 0.0, 0.0, 0.0, 1.0],
                [0.99978, -0.020971, -0.000197, 0.0, 0.020971, 0.999603, 0.018833, 0.05, -0.000198, -0.018833, 0.999822, 0.0, 0.0, 0.0, 0.0, 1.0]
            ]
        },
        {
            "name": "Chest",
            "time": [0.0, 0.0333, 0.3667, 0.5167, 0.8167, 0.9, 1.0, 1.1],
            "transform": [
                [0.999771, -0.021316, -0.002029, -0.0, 0.021411, 0.994316, 0.104295, 0.3, -0.000206, -0.104315, 0.994545, -0.0, 0.0, 0.0, 0.0, 1.0],
                [0.999771, -0.021316, -0.002029, -0.0, 0.021411, 0.994316, 0.104295, 0.3, -0.000206, -0.104315, 0.994545, -0.0, 0.0, 0.0, 0.0, 1.0],
                [0.987879, -0.021316, -0.153755, -0.0, 0.036994, 0.994316, 0.099837, 0.3, 0.150753, -0.104315, 0.983052, 0.0, 0.0, 0.0, 0.0, 1.0],
                [0.752075, -0.021316, -0.658733, 1e-06, 0.084694, 0.994316, 0.06452, 0.3, 0.653614, -0.104315, 0.749605, 0.0, 0.0, 0.0, 0.0, 1.0],
                [0.599067, -0.021316, -0.800415, 0.0, 0.096236, 0.994316, 0.045547, 0.3, 0.794895, -0.104315, 0.597713, -0.0, 0.0, 0.0, 0.0, 1.0],
                [0.599067, -0.021316, -0.800415, 0.0, 0.096236, 0.994316, 0.045547, 0.3, 0.794895, -0.104315, 0.597713, -0.0, 0.0, 0.0, 0.0, 1.0],
                [0.893547, 0.218479, -0.392226, 0.0, 0.06575, 0.800516, 0.595693, 0.3, 0.44413, -0.558069, 0.700934, -1e-06, 0.0, 0.0, 0.0, 1.0],
                [0.999771, -0.021316, -0.002029, -0.0, 0.021411, 0.994316, 0.104295, 0.3, -0.000206, -0.104315, 0.994544, -0.0, 0.0, 0.0, 0.0, 1.0]
            ]
        },
        {
            "name": "Head",
            "time": [0.0, 0.0333, 0.3667, 0.5167, 0.8167, 0.9, 1.1],
            "transform": [
                [0.997758, 0.037721, 0.05528, -0.0, -0.034869, 0.998055, -0.051681, 0.4, -0.057122, 0.049637, 0.997132, -0.0, 0.0, 0.0, 0.0, 1.0],
                [0.997758, 0.037721, 0.05528, -0.0, -0.034869, 0.998055, -0.051681, 0.4, -0.057122, 0.049637, 0.997132, -0.0, 0.0, 0.0, 0.0, 1.0],
                [0.642009, 0.037721, 0.765769, 0.0, 0.01386, 0.998055, -0.060783, 0.4, -0.766572, 0.049637, 0.640237, 0.0, 0.0, 0.0, 0.0, 1.0],
                [0.65494, 0.037721, -0.754739, 0.0, -0.062209, 0.998055, -0.004101, 0.399999, 0.753116, 0.049637, 0.656013, 0.0, 0.0, 0.0, 0.0, 1.0],
                [0.843405, -0.074217, -0.532127, 0.0, -0.058438, 0.971866, -0.228171, 0.4, 0.534091, 0.223538, 0.815339, 0.0, 0.0, 0.0, 0.0, 1.0],
                [0.843405, -0.074217, -0.532127, 0.0, -0.058438, 0.971866, -0.228171, 0.4, 0.534091, 0.223538, 0.815339, 0.0, 0.0, 0.0, 0.0, 1.0],
                [0.85311, 0.037721, 0.520365, -0.0, -0.006297, 0.998055, -0.062025, 0.4, -0.521692, 0.049637, 0.851688, -1e-06, 0.0, 0.0, 0.0, 1.0]
            ]
        },
        {
            "name": "Shoulder_R",
            "time": [0.0, 0.0333, 0.3667, 0.5167, 0.8167, 0.9, 1.1],
            "transform": [
                [0.110305, 0.959352, 0.259762, -0.0, 0.091141, -0.270019, 0.958532, 0.4, 0.98971, -0.082056, -0.11722, -0.0, 0.0, 0.0, 0.0, 1.0],
                [0.110305, 0.959352, 0.259762, -0.0, 0.091141, -0.270019, 0.958532, 0.4, 0.98971, -0.082056, -0.11722, -0.0, 0.0, 0.0, 0.0, 1.0],
                [0.110305, 0.959352, 0.259762, 0.0, 0.091141, -0.270019, 0.958532, 0.4, 0.98971, -0.082056, -0.11722, 0.0, 0.0, 0.0, 0.0, 1.0],
                [0.110305, 0.959352, 0.259762, 0.0, 0.091141, -0.270019, 0.958532, 0.399999, 0.98971, -0.082056, -0.11722, 0.0, 0.0, 0.0, 0.0, 1.0],
                [0.110305, 0.959352, 0.259762, 0.0, 0.09114, -0.270019, 0.958532, 0.4, 0.98971, -0.082056, -0.11722, 0.0, 0.0, 0.0, 0.0, 1.0],
                [0.110305, 0.959352, 0.259762, 0.0, 0.09114, -0.270019, 0.958532, 0.4, 0.98971, -0.082056, -0.11722, 0.0, 0.0, 0.0, 0.0, 1.0],
                [0.110305, 0.959352, 0.259762, -0.0, 0.091141, -0.270019, 0.958532, 0.4, 0.98971, -0.082056, -0.11722, -1e-06, 0.0, 0.0, 0.0, 1.0]
            ]
        },
        {
            "name": "Arm_R",
            "time": [0.0, 0.0333, 0.3667, 0.5167, 0.8167, 0.9, 1.1],
            "transform": [
                [0.769754, 0.256074, -0.584726, 0.0, 0.522008, 0.274704, 0.807493, 0.39386, 0.367405, -0.926803, 0.077782, -0.0, 0.0, 0.0, 0.0, 1.0],
                [0.769754, 0.256074, -0.584726, 0.0, 0.522008, 0.274704, 0.807493, 0.39386, 0.367405, -0.926803, 0.077782, -0.0, 0.0, 0.0, 0.0, 1.0],
                [0.769754, 0.256074, -0.584726, -0.0, 0.522008, 0.274704, 0.807493, 0.39386, 0.367405, -0.926803, 0.077782, 0.0, 0.0, 0.0, 0.0, 1.0],
                [0.248276, -0.723846, -0.643744, -0.0, -0.016345, 0.661327, -0.74992, 0.393861, 0.968552, 0.196709, 0.15236, -1e-06, 0.0, 0.0, 0.0, 1.0],
                [0.248276, -0.723846, -0.643744, -0.0, -0.016345, 0.661327, -0.74992, 0.39386, 0.968551, 0.196709, 0.15236, 0.0, 0.0, 0.0, 0.0, 1.0],
                [0.248276, -0.723846, -0.643744, -0.0, -0.016345, 0.661327, -0.74992, 0.39386, 0.968551, 0.196709, 0.15236, 0.0, 0.0, 0.0, 0.0, 1.0],
                [0.043023, -0.059379, -0.997308, -1e-06, 0.813119, 0.582097, 0.00042, 0.39386, 0.580505, -0.810948, 0.073326, 0.0, 0.0, 0.0, 0.0, 1.0]
            ]
        },
        {
            "name": "Hand_R",
            "time": [0.0, 0.0333, 0.3667, 0.5167, 0.8167, 0.9, 1.1],
            "transform": [
                [0.999998, -0.000848, 0.001614, -0.0, 0.000868, 0.999919, -0.012686, 0.3, -0.001603, 0.012688, 0.999918, 0.0, 0.0, 0.0, 0.0, 1.0],
                [0.999998, -0.000848, 0.001614, -0.0, 0.000868, 0.999919, -0.012686, 0.3, -0.001603, 0.012688, 0.999918, 0.0, 0.0, 0.0, 0.0, 1.0],
                [0.999998, -0.000848, 0.001614, -0.0, 0.000868, 0.999919, -0.012686, 0.3, -0.001603, 0.012688, 0.999918, 0.0, 0.0, 0.0, 0.0, 1.0],
                [0.999998, 0.001257, 0.001321, -0.0, 0.000868, 0.309165, -0.951008, 0.3, -0.001604, 0.951008, 0.309163, 0.0, 0.0, 0.0, 0.0, 1.0],
                [0.999998, 0.001257, 0.001321, 0.0, 0.000868, 0.309165, -0.951008, 0.3, -0.001604, 0.951008, 0.309163, 0.0, 0.0, 0.0, 0.0, 1.0],
                [0.999998, 0.001257, 0.001321, 0.0, 0.000868, 0.309165, -0.951008, 0.3, -0.001604, 0.951008, 0.309163, 0.0, 0.0, 0.0, 0.0, 1.0],
                [0.999998, -0.000848, 0.001614, 0.0, 0.000868, 0.999919, -0.012686, 0.3, -0.001603, 0.012688, 0.999918, 0.0, 0.0, 0.0, 0.0, 1.0]
            ]
        },
        {
            "name": "Tool_R",
            "time": [0.0, 0.0333, 0.3667, 0.5167, 0.8167, 0.9, 1.1],
            "transform": [
                [0.993314, -0.07299, -0.089437, 0.010704, -0.088145, -0.979835, -0.179316, 0.330594, -0.074502, 0.18588, -0.97914, 0.180402, 0.0, 0.0, 0.0, 1.0],
                [0.993314, -0.07299, -0.089437, 0.010704, -0.088145, -0.979835, -0.179316, 0.330594, -0.074502, 0.18588, -0.97914, 0.180402, 0.0, 0.0, 0.0, 1.0],
                [0.993315, -0.07299, -0.089437, 0.010704, -0.088145, -0.979835, -0.179316, 0.330594, -0.074502, 0.18588, -0.97914, 0.180402, 0.0, 0.0, 0.0, 1.0],
                [0.993311, -0.004409, -0.115386, 0.010705, -0.088182, -0.674092, -0.733365, 0.330594, -0.074504, 0.73819, -0.669583, 0.180402, 0.0, 0.0, 0.0, 1.0],
                [0.993311, -0.004409, -0.115386, 0.010704, -0.088182, -0.674092, -0.733365, 0.330594, -0.074504, 0.73819, -0.669583, 0.180402, 0.0, 0.0, 0.0, 1.0],
                [0.993311, -0.004409, -0.115386, 0.010704, -0.088182, -0.674092, -0.733365, 0.330594, -0.074504, 0.73819, -0.669583, 0.180402, 0.0, 0.0, 0.0, 1.0],
                [0.993313, -0.054493, -0.101777, 0.010704, -0.088154, -0.927265, -0.36388, 0.330594, -0.074502, 0.37019, -0.925324, 0.180402, 0.0, 0.0, 0.0, 1.0]
            ]
        },
        {
            "name": "Elbow_R",
            "time": [0.0, 0.0333, 0.3667, 0.5167, 0.8167, 0.9, 1.1],
            "transform": [
                [-1.0, 0.0, -0.0, -0.0, 0.0, -0.0, -1.0, 0.429832, -0.0, -1.0, 0.0, -0.0, 0.0, 0.0, 0.0, 1.0],
                [-1.0, 0.0, -0.0, -0.0, 0.0, -0.0, -1.0, 0.429832, -0.0, -1.0, 0.0, -0.0, 0.0, 0.0, 0.0, 1.0],
                [-1.0, 0.0, -0.0, -0.0, 0.0, -0.0, -1.0, 0.429832, -0.0, -1.0, 0.0, 0.0, 0.0, 0.0, 0.0, 1.0],
                [-1.0, 0.0, -0.0, -0.0, 0.0, -0.0, -1.0, 0.429832, -0.0, -1.0, 0.0, 0.0, 0.0, 0.0, 0.0, 1.0],
                [-1.0, 0.0, -0.0, -0.0, 0.0, -0.0, -1.0, 0.429832, -0.0, -1.0, 0.0, 0.0, 0.0, 0.0, 0.0, 1.0],
                [-1.0, 0.0, -0.0, -0.0, 0.0, -0.0, -1.0, 0.429832, -0.0, -1.0, 0.0, 0.0, 0.0, 0.0, 0.0, 1.0],
                [-1.0, 0.0, -0.0, 0.0, 0.0, -0.0, -1.0, 0.429832, -0.0, -1.0, 0.0, 0.0, 0.0, 0.0, 0.0, 1.0]
            ]
        },
        {
            "name": "Shoulder_L",
            "time": [0.0, 0.0333, 0.3667, 0.5167, 0.8167, 0.9, 1.1],
            "transform": [
                [-0.226937, -0.879834, -0.417602, -0.0, -0.021067, -0.424255, 0.905298, 0.4, -0.973681, 0.214243, 0.077744, -0.0, 0.0, 0.0, 0.0, 1.0],
                [-0.226937, -0.879834, -0.417602, -0.0, -0.021067, -0.424255, 0.905298, 0.4, -0.973681, 0.214243, 0.077744, -0.0, 0.0, 0.0, 0.0, 1.0],
                [-0.226937, -0.879834, -0.417602, 0.0, -0.021067, -0.424255, 0.905298, 0.4, -0.973681, 0.214243, 0.077744, 0.0, 0.0, 0.0, 0.0, 1.0],
                [-0.226937, -0.879834, -0.417602, 0.0, -0.021067, -0.424255, 0.905298, 0.399999, -0.973681, 0.214243, 0.077744, 0.0, 0.0, 0.0, 0.0, 1.0],
                [-0.226937, -0.879834, -0.417602, 0.0, -0.021067, -0.424255, 0.905298, 0.4, -0.973681, 0.214243, 0.077744, 0.0, 0.0, 0.0, 0.0, 1.0],
                [-0.226937, -0.879834, -0.417602, 0.0, -0.021067, -0.424255, 0.905298, 0.4, -0.973681, 0.214243, 0.077744, 0.0, 0.0, 0.0, 0.0, 1.0],
                [-0.226937, -0.879834, -0.417602, -0.0, -0.021067, -0.424255, 0.905298, 0.4, -0.973681, 0.214243, 0.077744, -1e-06, 0.0, 0.0, 0.0, 1.0]
            ]
        },
        {
            "name": "Arm_L",
            "time": [0.0, 0.0333, 0.3667, 0.5167, 0.8167, 0.9, 1.1],
            "transform": [
                [0.086117, 0.278425, 0.95659, -0.0, -0.776254, 0.620616, -0.110754, 0.39386, -0.624511, -0.733018, 0.269574, 0.0, 0.0, 0.0, 0.0, 1.0],
                [0.086117, 0.278425, 0.95659, -0.0, -0.776254, 0.620616, -0.110754, 0.39386, -0.624511, -0.733018, 0.269574, 0.0, 0.0, 0.0, 0.0, 1.0],
                [0.235443, 0.285741, 0.928934, -0.0, -0.251475, 0.941164, -0.225766, 0.39386, -0.93879, -0.180449, 0.293447, 0.0, 0.0, 0.0, 0.0, 1.0],
                [0.235442, 0.285741, 0.928934, 0.0, -0.251474, 0.941164, -0.225766, 0.39386, -0.93879, -0.180448, 0.293447, 0.0, 0.0, 0.0, 0.0, 1.0],
                [0.235443, 0.285741, 0.928934, -0.0, -0.251475, 0.941164, -0.225766, 0.39386, -0.93879, -0.180448, 0.293447, 0.0, 0.0, 0.0, 0.0, 1.0],
                [0.235443, 0.285741, 0.928934, -0.0, -0.251475, 0.941164, -0.225766, 0.39386, -0.93879, -0.180448, 0.293447, 0.0, 0.0, 0.0, 0.0, 1.0],
                [0.036604, 0.052076, 0.997972, -0.0, -0.871994, 0.489475, 0.006442, 0.39386, -0.488146, -0.870461, 0.063327, -0.0, 0.0, 0.0, 0.0, 1.0]
            ]
        },
        {
            "name": "Hand_L",
            "time": [0.0, 0.0333, 0.3667, 0.5167, 0.8167, 0.9, 1.1],
            "transform": [
                [0.999993, -0.001541, -0.00347, -0.0, 0.000938, 0.985901, -0.167329, 0.3, 0.003679, 0.167324, 0.985895, 0.0, 0.0, 0.0, 0.0, 1.0],
                [0.999993, -0.001541, -0.00347, -0.0, 0.000938, 0.985901, -0.167329, 0.3, 0.003679, 0.167324, 0.985895, 0.0, 0.0, 0.0, 0.0, 1.0],
                [0.999993, -0.003752, 0.000579, 0.0, 0.000938, 0.096477, -0.995335, 0.3, 0.003679, 0.995328, 0.09648, -0.0, 0.0, 0.0, 0.0, 1.0],
                [0.999993, -0.003752, 0.000579, -0.0, 0.000938, 0.096477, -0.995335, 0.3, 0.003679, 0.995328, 0.09648, -0.0, 0.0, 0.0, 0.0, 1.0],
                [0.999993, -0.003752, 0.000579, -0.0, 0.000938, 0.096477, -0.995335, 0.3, 0.003679, 0.995328, 0.09648, 0.0, 0.0, 0.0, 0.0, 1.0],
                [0.999993, -0.003752, 0.000579, -0.0, 0.000938, 0.096477, -0.995335, 0.3, 0.003679, 0.995328, 0.09648, 0.0, 0.0, 0.0, 0.0, 1.0],
                [0.999993, -0.001541, -0.00347, 0.0, 0.000938, 0.985901, -0.167329, 0.3, 0.003679, 0.167324, 0.985895, 0.0, 0.0, 0.0, 0.0, 1.0]
            ]
        },
        {
            "name": "Tool_L",
            "time": [0.0, 0.0333, 0.3667, 0.5167, 0.8167, 0.9, 1.1],
            "transform": [
                [0.997004, 0.01104, -0.076554, 0.0, -0.036659, -0.804079, -0.593391, 0.272858, -0.068067, 0.594062, -0.8008, -0.0, 0.0, 0.0, 0.0, 1.0],
                [0.997004, 0.01104, -0.076554, 0.0, -0.036659, -0.804079, -0.593391, 0.272858, -0.068067, 0.594062, -0.8008, -0.0, 0.0, 0.0, 0.0, 1.0],
                [0.997004, 0.01104, -0.076554, -0.0, -0.036659, -0.804079, -0.593391, 0.272858, -0.068067, 0.594062, -0.8008, -0.0, 0.0, 0.0, 0.0, 1.0],
                [0.997004, 0.01104, -0.076554, 0.0, -0.036659, -0.804079, -0.593391, 0.272858, -0.068067, 0.594062, -0.8008, 0.0, 0.0, 0.0, 0.0, 1.0],
                [0.997004, 0.01104, -0.076554, -0.0, -0.036659, -0.804079, -0.593391, 0.272858, -0.068067, 0.594062, -0.8008, -0.0, 0.0, 0.0, 0.0, 1.0],
                [0.997004, 0.01104, -0.076554, -0.0, -0.036659, -0.804079, -0.593391, 0.272858, -0.068067, 0.594062, -0.8008, -0.0, 0.0, 0.0, 0.0, 1.0],
                [0.997004, 0.01104, -0.076554, -0.0, -0.036659, -0.804079, -0.593391, 0.272858, -0.068067, 0.594062, -0.8008, -1e-06, 0.0, 0.0, 0.0, 1.0]
            ]
        },
        {
            "name": "Elbow_L",
            "time": [0.0, 0.0333, 0.3667, 0.5167, 0.8167, 0.9, 1.1],
            "transform": [
                [-1.0, 0.0, -0.0, 2.7e-05, -0.0, -0.0, -1.0, 0.396148, -0.0, -1.0, 0.0, -0.002121, 0.0, 0.0, 0.0, 1.0],
                [-1.0, 0.0, -0.0, 2.7e-05, -0.0, -0.0, -1.0, 0.396148, -0.0, -1.0, 0.0, -0.002121, 0.0, 0.0, 0.0, 1.0],
                [-1.0, 0.0, -0.0, 2.7e-05, 0.0, -0.0, -1.0, 0.396148, -0.0, -1.0, -0.0, -0.002121, 0.0, 0.0, 0.0, 1.0],
                [-1.0, 0.0, -0.0, 2.7e-05, 0.0, -0.0, -1.0, 0.396147, -0.0, -1.0, -0.0, -0.002121, 0.0, 0.0, 0.0, 1.0],
                [-1.0, 0.0, -0.0, 2.7e-05, 0.0, -0.0, -1.0, 0.396147, -0.0, -1.0, -0.0, -0.00212, 0.0, 0.0, 0.0, 1.0],
                [-1.0, 0.0, -0.0, 2.7e-05, 0.0, -0.0, -1.0, 0.396147, -0.0, -1.0, -0.0, -0.00212, 0.0, 0.0, 0.0, 1.0],
                [-1.0, 0.0, -0.0, 2.7e-05, 0.0, -0.0, -1.0, 0.396148, -0.0, -1.0, -0.0, -0.002121, 0.0, 0.0, 0.0, 1.0]
            ]
        }
    ]
}