{
    "animation": [
        {
            "name": "Root",
            "time": [0.0, 0.2333, 0.4667, 0.7, 0.9333],
            "transform": [
                [0.996276, 0.0, -0.086227, -5e-06, -0.086227, 0.0, -0.996276, 0.000946, 0.0, 1.0, 0.0, 0.743765, 0.0, 0.0, 0.0, 1.0],
                [0.978735, 0.0, -0.205128, -5e-06, -0.205128, 0.0, -0.978735, 0.000946, 0.0, 1.0, 0.0, 0.698873, 0.0, 0.0, 0.0, 1.0],
                [0.996276, 0.0, -0.086227, -5e-06, -0.086227, 0.0, -0.996276, 0.000946, 0.0, 1.0, 0.0, 0.743765, 0.0, 0.0, 0.0, 1.0],
                [0.996867, 0.0, 0.0791, -5e-06, 0.0791, 0.0, -0.996867, 0.000946, 0.0, 1.0, 0.0, 0.67533, 0.0, 0.0, 0.0, 1.0],
                [0.996276, 0.0, -0.086227, -5e-06, -0.086227, 0.0, -0.996276, 0.000946, 0.0, 1.0, 0.0, 0.743765, 0.0, 0.0, 0.0, 1.0]
            ]
        },
        {
            "name": "Thigh_R",
            "time": [0.0, 0.2333, 0.5167, 0.7, 0.9333],
            "transform": [
                [0.999125, 0.039328, -0.014227, 0.124994, 0.036959, -0.989491, -0.139777, -0.002831, -0.019575, 0.139129, -0.990081, -1.2e-05, 0.0, 0.0, 0.0, 1.0],
                [0.976023, 0.09377, -0.196432, 0.124994, 0.025372, -0.945304, -0.325197, -0.002831, -0.216182, 0.312416, -0.92502, -1.2e-05, 0.0, 0.0, 0.0, 1.0],
                [0.995533, -0.040086, -0.085474, 0.124994, 0.024328, -0.765865, 0.64254, -0.002831, -0.091218, -0.641747, -0.761471, -1.2e-05, 0.0, 0.0, 0.0, 1.0],
                [0.997834, 0.053582, 0.038156, 0.124994, 0.025372, -0.848681, 0.528294, -0.002831, 0.06069, -0.52618, -0.848204, -1.2e-05, 0.0, 0.0, 0.0, 1.0],
                [0.999125, 0.039328, -0.014227, 0.124994, 0.036959, -0.989491, -0.139777, -0.002831, -0.019575, 0.139129, -0.990081, -1.2e-05, 0.0, 0.0, 0.0, 1.0]
            ]
        },
        {
            "name": "Leg_R",
            "time": [0.0, 0.2333, 0.4667, 0.7, 0.9333],
            "transform": [
                [1.0, -0.0, 1e-06, -0.0, 0.0, 0.997612, 0.069073, 0.37472, -1e-06, -0.069073, 0.997611, -0.0, 0.0, 0.0, 0.0, 1.0],
                [0.999948, -0.004772, 0.009002, 0.0, 0.002312, 0.966751, 0.255712, 0.37472, -0.009923, -0.255678, 0.96671, 0.0, 0.0, 0.0, 0.0, 1.0],
                [1.0, -1e-06, 0.0, 0.0, 0.0, 0.376571, 0.926387, 0.37472, -1e-06, -0.926389, 0.376571, -0.0, 0.0, 0.0, 0.0, 1.0],
                [1.0, -0.0, 1e-06, -0.0, 0.0, 0.97873, 0.205157, 0.37472, -1e-06, -0.205157, 0.978728, -0.0, 0.0, 0.0, 0.0, 1.0],
                [1.0, -0.0, 1e-06, -0.0, 0.0, 0.997612, 0.069073, 0.37472, -1e-06, -0.069073, 0.997611, -0.0, 0.0, 0.0, 0.0, 1.0]
            ]
        },
        {
            "name": "Knee_R",
            "time": [0.0, 0.2333, 0.4667, 0.7, 0.9333],
            "transform": [
                [1.0, 0.0, -0.0, -0.0, -0.0, 1e-06, -1.0, 0.37472, -0.0, 1.0, 1e-06, -0.0, 0.0, 0.0, 0.0, 1.0],
                [1.0, 0.0, -0.0, 0.0, -0.0, 0.038306, -0.999266, 0.37472, -0.0, 0.999266, 0.038306, 0.0, 0.0, 0.0, 0.0, 1.0],
                [1.0, 0.0, -0.0, 0.0, -0.0, 0.076556, -0.997065, 0.37472, -0.0, 0.997065, 0.076556, -0.0, 0.0, 0.0, 0.0, 1.0],
                [1.0, 0.0, -0.0, -0.0, -0.0, 0.038306, -0.999266, 0.37472, -0.0, 0.999266, 0.038306, -0.0, 0.0, 0.0, 0.0, 1.0],
                [1.0, 0.0, -0.0, -0.0, -0.0, 1e-06, -1.0, 0.37472, -0.0, 1.0, 1e-06, -0.0, 0.0, 0.0, 0.0, 1.0]
            ]
        },
        {
            "name": "Thigh_L",
            "time": [0.0, 0.05, 0.2333, 0.4667, 0.7, 0.9333],
            "transform": [
                [0.997238, -0.072033, -0.018043, -0.125006, -0.052324, -0.854036, 0.517576, -0.002831, -0.052692, -0.515203, -0.855447, -1.2e-05, 0.0, 0.0, 0.0, 1.0],
                [0.99663, -0.079638, -0.019611, -0.125006, -0.047497, -0.755349, 0.653599, -0.002831, -0.066864, -0.650465, -0.756587, -1.2e-05, 0.0, 0.0, 0.0, 1.0],
                [0.978114, -0.120131, -0.169882, -0.125006, -0.029608, -0.888537, 0.457848, -0.002831, -0.205948, -0.442798, -0.872648, -1.2e-05, 0.0, 0.0, 0.0, 1.0],
                [0.991726, -0.009267, -0.128033, -0.125006, -0.029608, -0.987011, -0.157901, -0.002831, -0.124906, 0.160386, -0.979119, -1.2e-05, 0.0, 0.0, 0.0, 1.0],
                [0.998758, -0.044189, 0.022975, -0.125006, -0.029608, -0.897738, -0.439534, -0.002831, 0.040048, 0.438309, -0.897931, -1.2e-05, 0.0, 0.0, 0.0, 1.0],
                [0.997238, -0.072033, -0.018043, -0.125006, -0.052324, -0.854036, 0.517576, -0.002831, -0.052692, -0.515203, -0.855447, -1.2e-05, 0.0, 0.0, 0.0, 1.0]
            ]
        },
        {
            "name": "Leg_L",
            "time": [0.0, 0.2333, 0.4667, 0.7, 0.9333],
            "transform": [
                [0.999989, 0.001721, -0.004331, 0.0, 0.003782, 0.243162, 0.969979, 0.37472, 0.002722, -0.969984, 0.243153, -0.0, 0.0, 0.0, 0.0, 1.0],
                [0.999989, -0.003317, -0.003274, -0.0, 0.003782, 0.988, 0.154406, 0.37472, 0.002722, -0.154417, 0.988002, -0.0, 0.0, 0.0, 0.0, 1.0],
                [0.999989, -0.003642, -0.002907, 0.0, 0.003782, 0.998758, 0.049672, 0.37472, 0.002722, -0.049683, 0.998762, -0.0, 0.0, 0.0, 0.0, 1.0],
                [0.999989, -0.003136, -0.003447, 0.0, 0.003782, 0.978282, 0.20724, 0.37472, 0.002722, -0.207251, 0.978284, 0.0, 0.0, 0.0, 0.0, 1.0],
                [0.999989, 0.001721, -0.004331, 0.0, 0.003782, 0.243162, 0.969979, 0.37472, 0.002722, -0.969984, 0.243153, -0.0, 0.0, 0.0, 0.0, 1.0]
            ]
        },
        {
            "name": "Knee_L",
            "time": [0.0, 0.2333, 0.4667, 0.7, 0.9333],
            "transform": [
                [1.0, 0.0, -0.0, 0.0, -0.0, 0.410561, -0.911833, 0.37472, -0.0, 0.911833, 0.410561, -0.0, 0.0, 0.0, 0.0, 1.0],
                [1.0, 0.0, -0.0, -0.0, -0.0, 0.115137, -0.99335, 0.37472, -0.0, 0.99335, 0.115137, -0.0, 0.0, 0.0, 0.0, 1.0],
                [1.0, 0.0, -0.0, 0.0, -0.0, 0.115137, -0.99335, 0.37472, -0.0, 0.99335, 0.115137, -0.0, 0.0, 0.0, 0.0, 1.0],
                [1.0, 0.0, -0.0, 0.0, -0.0, 0.265991, -0.963976, 0.37472, -0.0, 0.963975, 0.26599, 0.0, 0.0, 0.0, 0.0, 1.0],
                [1.0, 0.0, -0.0, 0.0, -0.0, 0.410561, -0.911833, 0.37472, -0.0, 0.911833, 0.410561, -0.0, 0.0, 0.0, 0.0, 1.0]
            ]
        },
        {
            "name": "Torso",
            "time": [0.0, 0.2333, 0.4667, 0.7, 0.9333],
            "transform": [
                [0.99978, -0.020971, -0.000197, -0.0, 0.020971, 0.999603, 0.018833, 0.05, -0.000198, -0.018833, 0.999823, -0.0, 0.0, 0.0, 0.0, 1.0],
                [0.99978, -0.020971, -0.000197, 0.0, 0.020971, 0.999603, 0.018833, 0.05, -0.000198, -0.018833, 0.999823, 0.0, 0.0, 0.0, 0.0, 1.0],
                [0.99978, -0.020971, -0.000197, -0.0, 0.020971, 0.999603, 0.018833, 0.05, -0.000198, -0.018833, 0.999823, -0.0, 0.0, 0.0, 0.0, 1.0],
                [0.99978, -0.020971, -0.000197, -0.0, 0.020971, 0.999603, 0.018833, 0.05, -0.000198, -0.018833, 0.999823, -0.0, 0.0, 0.0, 0.0, 1.0],
                [0.99978, -0.020971, -0.000197, -0.0, 0.020971, 0.999603, 0.018833, 0.05, -0.000198, -0.018833, 0.999823, -0.0, 0.0, 0.0, 0.0, 1.0]
            ]
        },
        {
            "name": "Chest",
            "time": [0.0, 0.2333, 0.4667, 0.7, 0.9333],
            "transform": [
                [0.999771, -0.021316, -0.002029, 0.0, 0.021411, 0.994316, 0.104295, 0.3, -0.000206, -0.104315, 0.994544, 0.0, 0.0, 0.0, 0.0, 1.0],
                [0.984281, -0.021316, 0.17532, -0.0, 0.002574, 0.994316, 0.106439, 0.3, -0.176593, -0.104315, 0.978741, -0.0, 0.0, 0.0, 0.0, 1.0],
                [0.999771, -0.021316, -0.002029, 0.0, 0.021411, 0.994316, 0.104295, 0.3, -0.000206, -0.104315, 0.994544, 0.0, 0.0, 0.0, 0.0, 1.0],
                [0.993805, -0.021316, -0.109076, 0.0, 0.032457, 0.994316, 0.101403, 0.3, 0.106295, -0.104315, 0.988848, 0.0, 0.0, 0.0, 0.0, 1.0],
                [0.999771, -0.021316, -0.002029, 0.0, 0.021411, 0.994316, 0.104295, 0.3, -0.000206, -0.104315, 0.994544, 0.0, 0.0, 0.0, 0.0, 1.0]
            ]
        },
        {
            "name": "Head",
            "time": [0.0, 0.2333, 0.4667, 0.7, 0.9333],
            "transform": [
                [0.997758, 0.037721, 0.05528, -0.0, -0.034869, 0.998055, -0.051681, 0.4, -0.057122, 0.049637, 0.997133, -0.0, 0.0, 0.0, 0.0, 1.0],
                [0.997758, 0.037721, 0.05528, -0.0, -0.034869, 0.998055, -0.051681, 0.4, -0.057122, 0.049637, 0.997132, 0.0, 0.0, 0.0, 0.0, 1.0],
                [0.997758, 0.037721, 0.05528, -0.0, -0.034869, 0.998055, -0.051681, 0.4, -0.057122, 0.049637, 0.997133, -0.0, 0.0, 0.0, 0.0, 1.0],
                [0.997758, 0.037721, 0.05528, 0.0, -0.034869, 0.998055, -0.051681, 0.4, -0.057122, 0.049637, 0.997133, 0.0, 0.0, 0.0, 0.0, 1.0],
                [0.997758, 0.037721, 0.05528, -0.0, -0.034869, 0.998055, -0.051681, 0.4, -0.057122, 0.049637, 0.997133, -0.0, 0.0, 0.0, 0.0, 1.0]
            ]
        },
        {
            "name": "Shoulder_R",
            "time": [0.0, 0.2333, 0.4667, 0.7, 0.9333],
            "transform": [
                [0.110305, 0.959352, 0.259762, -0.0, 0.091141, -0.270019, 0.958532, 0.4, 0.98971, -0.082056, -0.11722, -0.0, 0.0, 0.0, 0.0, 1.0],
                [0.110305, 0.959352, 0.259762, -0.0, 0.091141, -0.270019, 0.958532, 0.4, 0.98971, -0.082056, -0.11722, 0.0, 0.0, 0.0, 0.0, 1.0],
                [0.110305, 0.959352, 0.259762, -0.0, 0.091141, -0.270019, 0.958532, 0.4, 0.98971, -0.082056, -0.11722, -0.0, 0.0, 0.0, 0.0, 1.0],
                [0.110305, 0.959352, 0.259762, 0.0, 0.091141, -0.270019, 0.958532, 0.4, 0.98971, -0.082056, -0.11722, 0.0, 0.0, 0.0, 0.0, 1.0],
                [0.110305, 0.959352, 0.259762, -0.0, 0.091141, -0.270019, 0.958532, 0.4, 0.98971, -0.082056, -0.11722, -0.0, 0.0, 0.0, 0.0, 1.0]
            ]
        },
        {
            "name": "Arm_R",
            "time": [0.0, 0.2333, 0.4667, 0.7, 0.9333],
            "transform": [
                [0.11793, -0.069305, -0.9906, 0.0, 0.942732, 0.321249, 0.089755, 0.39386, 0.312009, -0.944455, 0.103221, -0.0, 0.0, 0.0, 0.0, 1.0],
                [0.187685, -0.32675, -0.926288, -0.0, 0.944436, 0.319111, 0.078795, 0.393861, 0.269842, -0.889608, 0.368487, 0.0, 0.0, 0.0, 0.0, 1.0],
                [0.11793, -0.069305, -0.9906, 0.0, 0.942732, 0.321249, 0.089755, 0.39386, 0.312009, -0.944455, 0.103221, -0.0, 0.0, 0.0, 0.0, 1.0],
                [0.29755, 0.10034, -0.949419, -0.0, 0.885524, 0.342658, 0.313739, 0.39386, 0.356807, -0.934086, 0.013105, -0.0, 0.0, 0.0, 0.0, 1.0],
                [0.11793, -0.069305, -0.9906, 0.0, 0.942732, 0.321249, 0.089755, 0.39386, 0.312009, -0.944455, 0.103221, -0.0, 0.0, 0.0, 0.0, 1.0]
            ]
        },
        {
            "name": "Hand_R",
            "time": [0.0, 0.2333, 0.4667, 0.7, 0.9333],
            "transform": [
                [0.999998, -0.000848, 0.001614, -0.0, 0.000868, 0.999919, -0.012686, 0.3, -0.001603, 0.012688, 0.999918, 0.0, 0.0, 0.0, 0.0, 1.0],
                [0.999998, -0.000848, 0.001614, 0.0, 0.000868, 0.999919, -0.012686, 0.3, -0.001603, 0.012688, 0.999918, 0.0, 0.0, 0.0, 0.0, 1.0],
                [0.999998, -0.000848, 0.001614, -0.0, 0.000868, 0.999919, -0.012686, 0.3, -0.001603, 0.012688, 0.999918, 0.0, 0.0, 0.0, 0.0, 1.0],
                [0.999998, -0.000848, 0.001614, -0.0, 0.000868, 0.999919, -0.012686, 0.3, -0.001603, 0.012688, 0.999918, -0.0, 0.0, 0.0, 0.0, 1.0],
                [0.999998, -0.000848, 0.001614, -0.0, 0.000868, 0.999919, -0.012686, 0.3, -0.001603, 0.012688, 0.999918, 0.0, 0.0, 0.0, 0.0, 1.0]
            ]
        },
        {
            "name": "Tool_R",
            "time": [0.0, 0.2333, 0.4667, 0.7, 0.9333],
            "transform": [
                [0.993314, -0.07299, -0.089437, 0.010704, -0.088145, -0.979835, -0.179316, 0.330594, -0.074502, 0.18588, -0.97914, 0.180402, 0.0, 0.0, 0.0, 1.0],
                [0.993314, -0.07299, -0.089437, 0.010704, -0.088145, -0.979835, -0.179316, 0.330594, -0.074502, 0.18588, -0.97914, 0.180402, 0.0, 0.0, 0.0, 1.0],
                [0.993314, -0.07299, -0.089437, 0.010704, -0.088145, -0.979835, -0.179316, 0.330594, -0.074502, 0.18588, -0.97914, 0.180402, 0.0, 0.0, 0.0, 1.0],
                [0.993314, -0.07299, -0.089437, 0.010704, -0.088145, -0.979835, -0.179316, 0.330594, -0.074502, 0.18588, -0.97914, 0.180402, 0.0, 0.0, 0.0, 1.0],
                [0.993314, -0.07299, -0.089437, 0.010704, -0.088145, -0.979835, -0.179316, 0.330594, -0.074502, 0.18588, -0.97914, 0.180402, 0.0, 0.0, 0.0, 1.0]
            ]
        },
        {
            "name": "Elbow_R",
            "time": [0.0, 0.2333, 0.4667, 0.7, 0.9333],
            "transform": [
                [-1.0, 0.0, -0.0, -0.0, 0.0, -0.0, -1.0, 0.429832, -0.0, -1.0, 0.0, 0.0, 0.0, 0.0, 0.0, 1.0],
                [-1.0, 0.0, -0.0, 0.0, 0.0, -0.0, -1.0, 0.429832, -0.0, -1.0, 0.0, 0.0, 0.0, 0.0, 0.0, 1.0],
                [-1.0, 0.0, -0.0, -0.0, 0.0, -0.0, -1.0, 0.429832, -0.0, -1.0, 0.0, 0.0, 0.0, 0.0, 0.0, 1.0],
                [-1.0, 0.0, -0.0, -0.0, 0.0, -0.0, -1.0, 0.429832, -0.0, -1.0, 0.0, -0.0, 0.0, 0.0, 0.0, 1.0],
                [-1.0, 0.0, -0.0, -0.0, 0.0, -0.0, -1.0, 0.429832, -0.0, -1.0, 0.0, 0.0, 0.0, 0.0, 0.0, 1.0]
            ]
        },
        {
            "name": "Shoulder_L",
            "time": [0.0, 0.2333, 0.4667, 0.7, 0.9333],
            "transform": [
                [-0.226937, -0.879834, -0.417602, -0.0, -0.021067, -0.424255, 0.905298, 0.4, -0.973681, 0.214243, 0.077744, -0.0, 0.0, 0.0, 0.0, 1.0],
                [-0.226937, -0.879834, -0.417602, -0.0, -0.021067, -0.424255, 0.905298, 0.4, -0.973681, 0.214243, 0.077744, 0.0, 0.0, 0.0, 0.0, 1.0],
                [-0.226937, -0.879834, -0.417602, -0.0, -0.021067, -0.424255, 0.905298, 0.4, -0.973681, 0.214243, 0.077744, -0.0, 0.0, 0.0, 0.0, 1.0],
                [-0.226937, -0.879834, -0.417602, 0.0, -0.021067, -0.424255, 0.905298, 0.4, -0.973681, 0.214243, 0.077744, 0.0, 0.0, 0.0, 0.0, 1.0],
                [-0.226937, -0.879834, -0.417602, -0.0, -0.021067, -0.424255, 0.905298, 0.4, -0.973681, 0.214243, 0.077744, -0.0, 0.0, 0.0, 0.0, 1.0]
            ]
        },
        {
            "name": "Arm_L",
            "time": [0.0, 0.2333, 0.4667, 0.7, 0.9333],
            "transform": [
                [0.036604, 0.052076, 0.997972, 0.0, -0.871994, 0.489475, 0.006442, 0.39386, -0.488147, -0.870461, 0.063327, -0.0, 0.0, 0.0, 0.0, 1.0],
                [0.036604, -0.177371, 0.983463, 0.0, -0.871994, 0.475049, 0.118132, 0.39386, -0.488147, -0.861898, -0.137278, -0.0, 0.0, 0.0, 0.0, 1.0],
                [0.036604, 0.052076, 0.997972, 0.0, -0.871994, 0.489475, 0.006442, 0.39386, -0.488147, -0.870461, 0.063327, -0.0, 0.0, 0.0, 0.0, 1.0],
                [-0.122561, 0.34011, 0.932365, -0.0, -0.81987, 0.494706, -0.288233, 0.39386, -0.559278, -0.799744, 0.218214, -0.0, 0.0, 0.0, 0.0, 1.0],
                [0.036604, 0.052076, 0.997972, 0.0, -0.871994, 0.489475, 0.006442, 0.39386, -0.488147, -0.870461, 0.063327, -0.0, 0.0, 0.0, 0.0, 1.0]
            ]
        },
        {
            "name": "Hand_L",
            "time": [0.0, 0.2333, 0.4667, 0.7, 0.9333],
            "transform": [
                [0.999993, -0.001541, -0.00347, 0.0, 0.000938, 0.985901, -0.167329, 0.3, 0.003679, 0.167324, 0.985895, -0.0, 0.0, 0.0, 0.0, 1.0],
                [0.999993, -0.001136, -0.003623, 0.0, 0.000938, 0.998527, -0.054254, 0.3, 0.003679, 0.05425, 0.998521, -0.0, 0.0, 0.0, 0.0, 1.0],
                [0.999993, -0.001541, -0.00347, 0.0, 0.000938, 0.985901, -0.167329, 0.3, 0.003679, 0.167324, 0.985895, -0.0, 0.0, 0.0, 0.0, 1.0],
                [0.999993, -0.001541, -0.00347, 0.0, 0.000938, 0.985901, -0.167329, 0.3, 0.003679, 0.167324, 0.985895, 0.0, 0.0, 0.0, 0.0, 1.0],
                [0.999993, -0.001541, -0.00347, 0.0, 0.000938, 0.985901, -0.167329, 0.3, 0.003679, 0.167324, 0.985895, -0.0, 0.0, 0.0, 0.0, 1.0]
            ]
        },
        {
            "name": "Tool_L",
            "time": [0.0, 0.2333, 0.4667, 0.7, 0.9333],
            "transform": [
                [0.997004, 0.01104, -0.076554, 0.0, -0.036659, -0.804079, -0.593391, 0.272858, -0.068067, 0.594062, -0.8008, -0.0, 0.0, 0.0, 0.0, 1.0],
                [0.997004, 0.01104, -0.076554, -0.0, -0.036659, -0.804079, -0.593391, 0.272858, -0.068067, 0.594062, -0.8008, -0.0, 0.0, 0.0, 0.0, 1.0],
                [0.997004, 0.01104, -0.076554, 0.0, -0.036659, -0.804079, -0.593391, 0.272858, -0.068067, 0.594062, -0.8008, -0.0, 0.0, 0.0, 0.0, 1.0],
                [0.997004, 0.01104, -0.076554, -0.0, -0.036659, -0.804079, -0.593391, 0.272858, -0.068067, 0.594062, -0.8008, -0.0, 0.0, 0.0, 0.0, 1.0],
                [0.997004, 0.01104, -0.076554, 0.0, -0.036659, -0.804079, -0.593391, 0.272858, -0.068067, 0.594062, -0.8008, -0.0, 0.0, 0.0, 0.0, 1.0]
            ]
        },
        {
            "name": "Elbow_L",
            "time": [0.0, 0.2333, 0.4667, 0.7, 0.9333],
            "transform": [
                [-1.0, 0.0, -0.0, 2.7e-05, 0.0, -0.0, -1.0, 0.396148, -0.0, -1.0, -0.0, -0.002121, 0.0, 0.0, 0.0, 1.0],
                [-1.0, 0.0, -0.0, 2.7e-05, 0.0, -0.0, -1.0, 0.396148, -0.0, -1.0, 0.0, -0.002121, 0.0, 0.0, 0.0, 1.0],
                [-1.0, 0.0, -0.0, 2.7e-05, 0.0, -0.0, -1.0, 0.396148, -0.0, -1.0, -0.0, -0.002121, 0.0, 0.0, 0.0, 1.0],
                [-1.0, 0.0, -0.0, 2.7e-05, 0.0, -0.0, -1.0, 0.396148, -0.0, -1.0, -0.0, -0.002121, 0.0, 0.0, 0.0, 1.0],
                [-1.0, 0.0, -0.0, 2.7e-05, 0.0, -0.0, -1.0, 0.396148, -0.0, -1.0, -0.0, -0.002121, 0.0, 0.0, 0.0, 1.0]
            ]
        }
    ]
}