{
    "animation": [
        {
            "name": "Root",
            "time": [0.0, 0.0333, 0.2, 0.4167, 0.9],
            "transform": [
                [0.999912, 0.0, -0.013243, -5e-06, -0.013243, 0.0, -0.999912, 0.005278, 0.0, 1.0, 0.0, 0.585007, 0.0, 0.0, 0.0, 1.0],
                [0.999912, 0.0, -0.013243, -5e-06, -0.013243, 0.0, -0.999912, 0.006159, 0.0, 1.0, 0.0, 0.585007, 0.0, 0.0, 0.0, 1.0],
                [0.999943, 0.000448, -0.010657, -5e-06, -0.010216, 0.327412, -0.944826, 6.05239, 0.003066, 0.944881, 0.327398, 0.549783, 0.0, 0.0, 0.0, 1.0],
                [0.999943, 0.000448, -0.010657, -5e-06, -0.00947, 0.497014, -0.867691, 6.05239, 0.004908, 0.867742, 0.49699, 0.539124, 0.0, 0.0, 0.0, 1.0],
                [0.999943, 0.000448, -0.010657, -5e-06, -0.010216, 0.327412, -0.944826, 6.389459, 0.003066, 0.944881, 0.327398, 0.763626, 0.0, 0.0, 0.0, 1.0]
            ]
        },
        {
            "name": "Thigh_R",
            "time": [0.0, 0.0333, 0.2, 0.4167, 0.9],
            "transform": [
                [0.976389, 0.196784, -0.089106, 0.124994, 0.164602, -0.410614, 0.896828, -0.002831, 0.139894, -0.890318, -0.433312, -1.2e-05, 0.0, 0.0, 0.0, 1.0],
                [0.976389, 0.196784, -0.089106, 0.124994, 0.164602, -0.410614, 0.896828, -0.002831, 0.139894, -0.890318, -0.433312, -1.2e-05, 0.0, 0.0, 0.0, 1.0],
                [0.98385, -0.159654, 0.080932, 0.124994, -0.136169, -0.961044, -0.240515, -0.003116, 0.116179, 0.225611, -0.967265, -5.6e-05, 0.0, 0.0, 0.0, 1.0],
                [0.98385, -0.126858, 0.12628, 0.124994, -0.136169, -0.988345, 0.068023, -0.003116, 0.116179, -0.08412, -0.989659, -5.5e-05, 0.0, 0.0, 0.0, 1.0],
                [0.999096, 0.042506, 0.000909, 0.124994, 0.04028, -0.953181, 0.299697, -0.002831, 0.013606, -0.299388, -0.954034, -1.1e-05, 0.0, 0.0, 0.0, 1.0]
            ]
        },
        {
            "name": "Leg_R",
            "time": [0.0, 0.0333, 0.1167, 0.2, 0.4167, 0.5833, 0.8667, 0.9],
            "transform": [
                [1.0, -1e-06, 1e-06, -0.0, -0.0, 0.722173, 0.691713, 0.37472, -1e-06, -0.691711, 0.722176, 0.0, 0.0, 0.0, 0.0, 1.0],
                [1.0, -1e-06, 1e-06, -0.0, -1e-06, 0.722172, 0.691715, 0.37472, -1e-06, -0.691712, 0.722175, 0.0, 0.0, 0.0, 0.0, 1.0],
                [1.0, -1e-06, 1e-06, -0.0, -1e-06, 0.310113, 0.950702, 0.37472, -1e-06, -0.950699, 0.310114, -0.0, 0.0, 0.0, 0.0, 1.0],
                [1.0, -0.0, 1e-06, -0.0, -0.0, 0.761948, 0.647639, 0.37472, -1e-06, -0.647637, 0.761951, -1e-06, 0.0, 0.0, 0.0, 1.0],
                [1.0, -1e-06, 1e-06, -0.0, -0.0, 0.645982, 0.763354, 0.37472, -1e-06, -0.763351, 0.645985, -0.0, 0.0, 0.0, 0.0, 1.0],
                [0.999984, -0.005305, 0.001831, -0.0, 0.00084, 0.464114, 0.885777, 0.37472, -0.005549, -0.885759, 0.464113, 1e-06, 0.0, 0.0, 0.0, 1.0],
                [0.999776, -0.009477, 0.018935, 0.0, 0.009452, 0.999953, 0.001407, 0.37472, -0.018947, -0.001228, 0.999822, -0.0, 0.0, 0.0, 0.0, 1.0],
                [0.999772, -0.009758, 0.019005, 0.0, 0.009744, 0.999951, 0.000822, 0.37472, -0.019012, -0.000637, 0.999822, 0.0, 0.0, 0.0, 0.0, 1.0]
            ]
        },
        {
            "name": "Knee_R",
            "time": [0.0, 0.0333, 0.2, 0.4167, 0.9],
            "transform": [
                [1.0, 0.0, -0.0, -0.0, -0.0, 1e-06, -1.0, 0.406094, -0.0, 1.0, 1e-06, 0.0, 0.0, 0.0, 0.0, 1.0],
                [1.0, 0.0, -0.0, -0.0, -0.0, 1e-06, -1.0, 0.405421, -0.0, 1.0, 1e-06, 0.0, 0.0, 0.0, 0.0, 1.0],
                [1.0, 0.0, -0.0, -0.000112, -0.0, 1e-06, -1.0, 0.388831, -0.0, 1.0, 1e-06, 0.001045, 0.0, 0.0, 0.0, 1.0],
                [1.0, 0.0, -0.0, -0.0, -0.0, 1e-06, -1.0, 0.37472, -0.0, 1.0, 1e-06, -0.0, 0.0, 0.0, 0.0, 1.0],
                [1.0, 0.0, -0.0, 0.0, -0.0, 1e-06, -1.0, 0.37472, -0.0, 1.0, 1e-06, 0.0, 0.0, 0.0, 0.0, 1.0]
            ]
        },
        {
            "name": "Thigh_L",
            "time": [0.0, 0.0333, 0.2, 0.4167, 0.9],
            "transform": [
                [0.999542, -0.004502, -0.029918, -0.125006, -0.011829, -0.968299, -0.249507, -0.002831, -0.027846, 0.249747, -0.967911, -1.2e-05, 0.0, 0.0, 0.0, 1.0],
                [0.999542, -0.004502, -0.029918, -0.125006, -0.011829, -0.968299, -0.249507, -0.002831, -0.027846, 0.249747, -0.967911, -1.2e-05, 0.0, 0.0, 0.0, 1.0],
                [0.990369, 0.122621, 0.064288, -0.125006, -0.051883, -0.101803, 0.99345, -0.002721, 0.128363, -0.987217, -0.094461, 5e-06, 0.0, 0.0, 0.0, 1.0],
                [0.990369, 0.134498, 0.03285, -0.125006, -0.051883, 0.140554, 0.988713, -0.002721, 0.128363, -0.980894, 0.146178, 6e-06, 0.0, 0.0, 0.0, 1.0],
                [0.999938, 0.010717, 0.002772, -0.125006, 0.006842, -0.795196, 0.606313, -0.002831, 0.008702, -0.606255, -0.795222, -1.2e-05, 0.0, 0.0, 0.0, 1.0]
            ]
        },
        {
            "name": "Leg_L",
            "time": [0.0, 0.0333, 0.1167, 0.2, 0.4167, 0.5833, 0.9],
            "transform": [
                [1.0, -1e-06, 1e-06, -0.0, -1e-06, 0.561409, 0.827537, 0.37472, -1e-06, -0.827539, 0.561408, 0.0, 0.0, 0.0, 0.0, 1.0],
                [1.0, -1e-06, 5e-06, -0.0, -4e-06, 0.561411, 0.827536, 0.37472, -3e-06, -0.827538, 0.561409, 0.0, 0.0, 0.0, 0.0, 1.0],
                [0.999425, 0.032896, -0.008253, -0.0, 0.022614, -0.464997, 0.885023, 0.37472, 0.025276, -0.884702, -0.465472, 0.0, 0.0, 0.0, 0.0, 1.0],
                [0.997627, 0.009583, -0.068183, -0.0, 0.043773, 0.676122, 0.735488, 0.37472, 0.053148, -0.736729, 0.674096, -0.0, 0.0, 0.0, 0.0, 1.0],
                [0.997627, 0.027025, -0.063328, -0.0, 0.043773, 0.461033, 0.886302, 0.37472, 0.053148, -0.886972, 0.458755, 0.0, 0.0, 0.0, 0.0, 1.0],
                [0.99904, 0.015811, -0.040865, -0.0, 0.024159, 0.579288, 0.814764, 0.374721, 0.036555, -0.81497, 0.578349, 0.0, 0.0, 0.0, 0.0, 1.0],
                [0.999819, -0.018176, 0.005543, -0.0, 0.015683, 0.954009, 0.299369, 0.37472, -0.01073, -0.299229, 0.95412, 0.0, 0.0, 0.0, 0.0, 1.0]
            ]
        },
        {
            "name": "Knee_L",
            "time": [0.0, 0.0333, 0.2, 0.4167, 0.9],
            "transform": [
                [1.0, 0.0, -0.0, 0.0, -0.0, 1e-06, -1.0, 0.418692, -0.0, 1.0, 1e-06, -0.0, 0.0, 0.0, 0.0, 1.0],
                [1.0, 0.0, -0.0, -0.0, -0.0, 1e-06, -1.0, 0.416315, -0.0, 1.0, 1e-06, 0.0, 0.0, 0.0, 0.0, 1.0],
                [1.0, 0.0, -0.0, 0.000112, -0.0, 1e-06, -1.0, 0.426603, -0.0, 1.0, 1e-06, 0.000176, 0.0, 0.0, 0.0, 1.0],
                [0.997837, -0.0278, 0.059563, 0.000146, 0.040247, -0.458035, -0.888023, 0.44576, 0.051969, 0.888499, -0.455926, 0.000766, 0.0, 0.0, 0.0, 1.0],
                [1.0, 0.0, -0.0, 0.000146, -0.0, 1e-06, -1.0, 0.44576, -0.0, 1.0, 1e-06, 0.000766, 0.0, 0.0, 0.0, 1.0]
            ]
        },
        {
            "name": "Torso",
            "time": [0.0, 0.0333, 0.2, 0.2667, 0.3833, 0.9],
            "transform": [
                [1.0, -0.000644, 1.4e-05, -0.0, 0.000644, 0.999112, -0.042126, 0.05, 1.3e-05, 0.042126, 0.999112, -0.0, 0.0, 0.0, 0.0, 1.0],
                [1.0, 0.0, -0.0, 0.0, 0.0, 0.999029, -0.044054, 0.05, 0.0, 0.044054, 0.999029, -0.0, 0.0, 0.0, 0.0, 1.0],
                [0.999999, -0.001302, -0.000135, -0.0, 0.001308, 0.992473, 0.122457, 0.05, -2.5e-05, -0.122457, 0.992474, -0.0, 0.0, 0.0, 0.0, 1.0],
                [1.0, 0.0, 0.0, 0.0, -0.0, 0.987654, 0.156651, 0.05, 0.0, -0.156651, 0.987654, -0.0, 0.0, 0.0, 0.0, 1.0],
                [0.999998, -0.001865, -0.000558, -0.0, 0.001944, 0.942752, 0.33349, 0.05, -9.6e-05, -0.333491, 0.942753, 0.0, 0.0, 0.0, 0.0, 1.0],
                [0.999993, 0.003628, 0.000103, 0.0, -0.003548, 0.982993, -0.18361, 0.05, -0.000767, 0.183608, 0.982999, -0.0, 0.0, 0.0, 0.0, 1.0]
            ]
        },
        {
            "name": "Chest",
            "time": [0.0, 0.0333, 0.2, 0.2667, 0.3667, 0.9],
            "transform": [
                [0.999844, -0.002803, -0.017446, -0.0, -0.000254, 0.984957, -0.172797, 0.3, 0.017668, 0.172774, 0.984803, -0.0, 0.0, 0.0, 0.0, 1.0],
                [1.0, 0.0, -0.0, 0.0, -0.0, 0.940908, -0.338662, 0.3, 0.0, 0.338662, 0.940908, 0.0, 0.0, 0.0, 0.0, 1.0],
                [1.0, -0.0, 0.0, -0.0, 0.0, 1.0, -0.0, 0.3, -0.0, -0.0, 1.0, -0.0, 0.0, 0.0, 0.0, 1.0],
                [1.0, 0.0, 0.0, -0.0, 0.0, 0.970064, 0.242848, 0.3, -0.0, -0.242848, 0.970064, -0.0, 0.0, 0.0, 0.0, 1.0],
                [0.999997, -0.002217, -0.001415, 0.0, 0.002623, 0.881153, 0.472823, 0.3, 0.000199, -0.472825, 0.881156, 0.0, 0.0, 0.0, 0.0, 1.0],
                [0.999996, 0.002697, 0.000868, -0.0, -0.002678, 0.999774, -0.021081, 0.3, -0.000925, 0.021078, 0.999777, -1e-06, 0.0, 0.0, 0.0, 1.0]
            ]
        },
        {
            "name": "Head",
            "time": [0.0, 0.0333, 0.2, 0.2667, 0.35, 0.9],
            "transform": [
                [0.999223, -0.002852, 0.039313, -0.0, -0.004154, 0.984206, 0.17698, 0.4, -0.039197, -0.177005, 0.983429, -0.0, 0.0, 0.0, 0.0, 1.0],
                [0.999971, 0.001242, 0.007577, -0.0, -0.003192, 0.964765, 0.263094, 0.4, -0.006983, -0.263111, 0.96474, -0.0, 0.0, 0.0, 0.0, 1.0],
                [1.0, -0.0, 0.0, -0.0, 0.0, 0.945294, -0.32622, 0.4, 0.0, 0.32622, 0.945294, 0.0, 0.0, 0.0, 0.0, 1.0],
                [1.0, -0.0, -0.0, -0.0, 0.0, 0.8318, -0.555075, 0.4, 0.0, 0.555076, 0.8318, -0.0, 0.0, 0.0, 0.0, 1.0],
                [1.0, 0.000431, -1.2e-05, -0.0, -0.000354, 0.805619, -0.592434, 0.4, -0.000245, 0.592434, 0.805619, -0.0, 0.0, 0.0, 0.0, 1.0],
                [0.999978, -0.006505, -0.001121, -0.0, 0.006545, 0.999152, 0.040664, 0.4, 0.000856, -0.04067, 0.999172, -0.0, 0.0, 0.0, 0.0, 1.0]
            ]
        },
        {
            "name": "Shoulder_R",
            "time": [0.0, 0.0333, 0.2, 0.4167, 0.9],
            "transform": [
                [0.530898, 0.716689, 0.452221, -0.0, -0.061392, -0.499706, 0.864017, 0.4, 0.845209, -0.486467, -0.221294, -0.0, 0.0, 0.0, 0.0, 1.0],
                [0.60585, 0.643463, 0.467869, -0.0, -0.085831, -0.531789, 0.842516, 0.4, 0.790935, -0.550596, -0.266955, -0.0, 0.0, 0.0, 0.0, 1.0],
                [-0.279964, 0.867054, 0.412113, -0.0, 0.01826, -0.424392, 0.905294, 0.4, 0.959837, 0.260975, 0.102982, 0.0, 0.0, 0.0, 0.0, 1.0],
                [-0.279964, 0.867054, 0.412113, 0.0, 0.01826, -0.424392, 0.905294, 0.4, 0.959837, 0.260975, 0.102982, 0.0, 0.0, 0.0, 0.0, 1.0],
                [-0.068916, 0.93441, 0.349469, -0.0, -0.081731, -0.354413, 0.93151, 0.4, 0.994269, 0.035634, 0.100795, -0.0, 0.0, 0.0, 0.0, 1.0]
            ]
        },
        {
            "name": "Arm_R",
            "time": [0.0, 0.0333, 0.2, 0.3667, 0.4167, 0.9],
            "transform": [
                [0.466072, -0.883549, 0.046017, 0.0, -0.281105, -0.197198, -0.939198, 0.393861, 0.838902, 0.424798, -0.340278, -0.0, 0.0, 0.0, 0.0, 1.0],
                [0.44969, -0.887876, 0.09724, -0.0, -0.256764, -0.232778, -0.938023, 0.39386, 0.855483, 0.396852, -0.332653, -0.0, 0.0, 0.0, 0.0, 1.0],
                [0.069563, 0.60633, -0.792165, -0.0, 0.116595, 0.783704, 0.610093, 0.393861, 0.99074, -0.134803, -0.016179, 0.0, 0.0, 0.0, 0.0, 1.0],
                [0.069563, 0.755487, -0.65146, 0.0, 0.116595, 0.642409, 0.75744, 0.39386, 0.99074, -0.128647, -0.043399, 0.0, 0.0, 0.0, 0.0, 1.0],
                [0.069563, 0.60633, -0.792164, -0.0, 0.116596, 0.783704, 0.610093, 0.393861, 0.99074, -0.134803, -0.016179, -0.0, 0.0, 0.0, 0.0, 1.0],
                [-0.175518, -0.129827, -0.975878, 0.0, 0.864369, 0.45416, -0.215882, 0.393861, 0.471232, -0.88141, 0.032505, -0.0, 0.0, 0.0, 0.0, 1.0]
            ]
        },
        {
            "name": "Hand_R",
            "time": [0.0, 0.0333, 0.2, 0.3667, 0.8167, 0.9],
            "transform": [
                [0.999945, -0.008675, 0.005875, 0.0, 0.009665, 0.547203, -0.836944, 0.3, 0.004046, 0.836955, 0.547257, -0.0, 0.0, 0.0, 0.0, 1.0],
                [0.999945, -0.008675, 0.005875, 0.0, 0.009664, 0.547203, -0.836944, 0.3, 0.004045, 0.836955, 0.547257, 0.0, 0.0, 0.0, 0.0, 1.0],
                [1.0, 0.0, 0.0, -0.0, -0.0, 0.993937, 0.109947, 0.3, -0.0, -0.109947, 0.993937, 0.0, 0.0, 0.0, 0.0, 1.0],
                [1.0, 0.0, 0.0, 0.0, 0.0, 0.928066, -0.372415, 0.3, -0.0, 0.372415, 0.928066, -0.0, 0.0, 0.0, 0.0, 1.0],
                [1.0, 0.0, 0.0, 0.0, -0.0, 0.993938, 0.109947, 0.3, -0.0, -0.109947, 0.993938, -0.0, 0.0, 0.0, 0.0, 1.0],
                [1.0, 0.0, 0.0, 0.0, -0.0, 0.993937, 0.109947, 0.3, -0.0, -0.109947, 0.993937, 1e-06, 0.0, 0.0, 0.0, 1.0]
            ]
        },
        {
            "name": "Tool_R",
            "time": [0.0, 0.0333, 0.2, 0.4167, 0.8833, 0.9],
            "transform": [
                [0.999382, -0.03458, 0.006329, -0.0, -0.005482, -0.331118, -0.943574, 0.272858, 0.034704, 0.942394, -0.330917, 1e-06, 0.0, 0.0, 0.0, 1.0],
                [0.999382, -0.034607, 0.006138, -0.0, -0.005259, -0.319914, -0.947432, 0.272858, 0.034731, 0.94625, -0.319719, -0.0, 0.0, 0.0, 0.0, 1.0],
                [0.999382, -0.034607, 0.006139, 1e-06, -0.005258, -0.319914, -0.947432, 0.272858, 0.034731, 0.946251, -0.319719, -0.0, 0.0, 0.0, 0.0, 1.0],
                [0.999382, -0.034607, 0.006139, -0.0, -0.005258, -0.319914, -0.947432, 0.272858, 0.034731, 0.946251, -0.319719, 0.0, 0.0, 0.0, 0.0, 1.0],
                [0.999382, -0.034607, 0.006139, -0.0, -0.005258, -0.319914, -0.947432, 0.272858, 0.034731, 0.946251, -0.319719, -0.0, 0.0, 0.0, 0.0, 1.0],
                [0.999382, -0.034607, 0.006139, -0.0, -0.005258, -0.319914, -0.947432, 0.272858, 0.034731, 0.946251, -0.319719, 0.0, 0.0, 0.0, 0.0, 1.0]
            ]
        },
        {
            "name": "Elbow_R",
            "time": [0.0, 0.0333, 0.2, 0.8833, 0.9],
            "transform": [
                [-1.0, 0.0, -0.0, -0.0, 0.0, -0.0, -1.0, 0.399723, -0.0, -1.0, 0.0, 0.0, 0.0, 0.0, 0.0, 1.0],
                [-1.0, 0.0, 0.0, 0.0, 0.0, -0.0, -1.0, 0.39986, -0.0, -1.0, 0.0, 0.0, 0.0, 0.0, 0.0, 1.0],
                [-1.0, 0.0, -0.0, -0.0, 0.0, -0.0, -1.0, 0.3, -0.0, -1.0, 0.0, 0.0, 0.0, 0.0, 0.0, 1.0],
                [-1.0, 0.0, -0.0, 0.0, 0.0, -0.0, -1.0, 0.3, -0.0, -1.0, 0.0, -0.0, 0.0, 0.0, 0.0, 1.0],
                [-1.0, 0.0, -0.0, 0.0, 0.0, -0.0, -1.0, 0.3, -0.0, -1.0, 0.0, 1e-06, 0.0, 0.0, 0.0, 1.0]
            ]
        },
        {
            "name": "Shoulder_L",
            "time": [0.0, 0.0333, 0.2, 0.8833, 0.9],
            "transform": [
                [0.369192, -0.817644, -0.441764, -0.0, 0.032919, -0.463542, 0.885463, 0.4, -0.92877, -0.341448, -0.14422, -0.0, 0.0, 0.0, 0.0, 1.0],
                [0.491513, -0.744906, -0.451143, -0.0, 0.053694, -0.49113, 0.86943, 0.4, -0.869213, -0.45156, -0.2014, -0.0, 0.0, 0.0, 0.0, 1.0],
                [-0.373136, -0.81659, -0.440398, -0.0, -0.033104, -0.462661, 0.885917, 0.4, -0.927186, 0.345146, 0.145603, 0.0, 0.0, 0.0, 0.0, 1.0],
                [-0.227981, -0.904805, -0.359656, -0.0, 0.04651, -0.379082, 0.924193, 0.4, -0.972554, 0.193971, 0.128506, -0.0, 0.0, 0.0, 0.0, 1.0],
                [-0.227981, -0.904805, -0.359656, -0.0, 0.04651, -0.379082, 0.924194, 0.4, -0.972554, 0.193971, 0.128506, -0.0, 0.0, 0.0, 0.0, 1.0]
            ]
        },
        {
            "name": "Arm_L",
            "time": [0.0, 0.0333, 0.2, 0.3667, 0.8833, 0.9],
            "transform": [
                [0.368291, 0.921846, -0.120672, 0.0, 0.303526, -0.241903, -0.921605, 0.39386, -0.878768, 0.302791, -0.368895, -0.0, 0.0, 0.0, 0.0, 1.0],
                [0.390737, 0.902267, -0.182317, 0.0, 0.295696, -0.310596, -0.903379, 0.39386, -0.871716, 0.299073, -0.388159, 0.0, 0.0, 0.0, 0.0, 1.0],
                [-0.003659, -0.521185, 0.853436, -0.0, -0.021706, 0.853282, 0.520998, 0.393861, -0.999758, -0.016618, -0.014435, -0.0, 0.0, 0.0, 0.0, 1.0],
                [-0.003659, -0.7103, 0.70389, -0.0, -0.021706, 0.703785, 0.710081, 0.39386, -0.999758, -0.01268, -0.017993, 1e-06, 0.0, 0.0, 0.0, 1.0],
                [-0.213017, 0.175521, 0.961154, -0.0, -0.842481, 0.465211, -0.27167, 0.39386, -0.494823, -0.867624, 0.048775, 0.0, 0.0, 0.0, 0.0, 1.0],
                [-0.213017, 0.175521, 0.961154, 0.0, -0.842481, 0.465211, -0.27167, 0.39386, -0.494823, -0.867624, 0.048775, 0.0, 0.0, 0.0, 0.0, 1.0]
            ]
        },
        {
            "name": "Hand_L",
            "time": [0.0, 0.0333, 0.2, 0.3667, 0.8833, 0.9],
            "transform": [
                [0.999993, -0.000351, 0.003776, 0.0, 0.00186, 0.913134, -0.407655, 0.3, -0.003305, 0.407659, 0.913128, -0.0, 0.0, 0.0, 0.0, 1.0],
                [0.999993, -0.000351, 0.003776, 0.0, 0.00186, 0.913134, -0.407655, 0.3, -0.003305, 0.407659, 0.913129, -0.0, 0.0, 0.0, 0.0, 1.0],
                [1.0, 0.0, -0.0, 0.0, -0.0, 0.993938, 0.109947, 0.300001, 0.0, -0.109947, 0.993938, -0.0, 0.0, 0.0, 0.0, 1.0],
                [1.0, 0.0, 0.0, 0.0, -0.0, 0.978068, -0.208289, 0.3, -0.0, 0.208289, 0.978068, 0.0, 0.0, 0.0, 0.0, 1.0],
                [1.0, 0.0, 0.0, -0.0, -0.0, 0.993938, 0.109947, 0.3, -0.0, -0.109947, 0.993938, -0.0, 0.0, 0.0, 0.0, 1.0],
                [1.0, 0.0, 0.0, 0.0, -0.0, 0.993938, 0.109947, 0.3, -0.0, -0.109947, 0.993938, -0.0, 0.0, 0.0, 0.0, 1.0]
            ]
        },
        {
            "name": "Tool_L",
            "time": [0.0, 0.0333, 0.2, 0.4167, 0.8167, 0.9],
            "transform": [
                [0.997005, 0.01104, -0.076554, 0.0, -0.036659, -0.804079, -0.593391, 0.272858, -0.068067, 0.594062, -0.8008, -0.0, 0.0, 0.0, 0.0, 1.0],
                [0.997001, 0.011407, -0.076542, -1e-06, -0.037744, -0.791783, -0.609635, 0.272858, -0.067519, 0.610328, -0.788521, -0.0, 0.0, 0.0, 0.0, 1.0],
                [0.997001, 0.011407, -0.076541, 0.0, -0.037744, -0.791783, -0.609635, 0.272858, -0.067519, 0.610328, -0.788521, -0.0, 0.0, 0.0, 0.0, 1.0],
                [0.997001, 0.011407, -0.076541, -0.0, -0.037743, -0.791783, -0.609635, 0.272858, -0.067519, 0.610328, -0.78852, 0.0, 0.0, 0.0, 0.0, 1.0],
                [0.997001, 0.011407, -0.076541, -0.0, -0.037743, -0.791783, -0.609635, 0.272858, -0.067519, 0.610328, -0.78852, -0.0, 0.0, 0.0, 0.0, 1.0],
                [0.997001, 0.011407, -0.076541, 0.0, -0.037743, -0.791783, -0.609635, 0.272858, -0.067519, 0.610328, -0.78852, -0.0, 0.0, 0.0, 0.0, 1.0]
            ]
        },
        {
            "name": "Elbow_L",
            "time": [0.0, 0.0333, 0.2, 0.8833, 0.9],
            "transform": [
                [-1.0, 0.0, -0.0, 0.0, 0.0, -0.0, -1.0, 0.356395, -0.0, -1.0, -0.0, -0.0, 0.0, 0.0, 0.0, 1.0],
                [-1.0, 0.0, -0.0, 0.0, 0.0, -0.0, -1.0, 0.35612, -0.0, -1.0, 0.0, -0.0, 0.0, 0.0, 0.0, 1.0],
                [-1.0, 0.0, -0.0, 0.0, 0.0, 0.0, -1.0, 0.300001, -0.0, -1.0, -0.0, -0.0, 0.0, 0.0, 0.0, 1.0],
                [-1.0, 0.0, -0.0, -0.0, 0.0, -0.0, -1.0, 0.3, -0.0, -1.0, -0.0, -0.0, 0.0, 0.0, 0.0, 1.0],
                [-1.0, 0.0, -0.0, 0.0, 0.0, -0.0, -1.0, 0.3, -0.0, -1.0, -0.0, -0.0, 0.0, 0.0, 0.0, 1.0]
            ]
        }
    ]
}