{
    "animation": [
        {
            "name": "Root",
            "time": [0.0, 0.0333, 0.2, 0.4167, 0.5167, 1.2167, 1.75],
            "transform": [
                [0.999912, 0.0, -0.013243, -5e-06, -0.013243, 0.0, -0.999912, 0.005278, 0.0, 1.0, 0.0, 0.585007, 0.0, 0.0, 0.0, 1.0],
                [0.999912, 0.0, -0.013243, -5e-06, -0.013243, 0.0, -0.999912, 0.006159, 0.0, 1.0, 0.0, 0.585007, 0.0, 0.0, 0.0, 1.0],
                [0.999943, 0.000448, -0.010657, 0.001954, -0.010216, 0.327412, -0.944826, 6.225989, 0.003066, 0.944881, 0.327398, 0.489627, 0.0, 0.0, 0.0, 1.0],
                [0.999758, -0.018429, -0.012049, -5e-06, -0.001459, 0.490577, -0.871397, 6.307264, 0.02197, 0.871203, 0.490431, 0.539124, 0.0, 0.0, 0.0, 1.0],
                [0.999758, -0.018429, -0.012049, -5e-06, -0.001459, 0.490577, -0.871397, 6.307264, 0.02197, 0.871203, 0.490431, 0.539124, 0.0, 0.0, 0.0, 1.0],
                [0.999877, -0.01049, 0.011685, -0.002868, 0.01458, 0.34388, -0.938901, 6.593389, 0.005831, 0.938955, 0.34399, 0.752638, 0.0, 0.0, 0.0, 1.0],
                [0.999877, -0.01049, 0.011685, -0.005725, 0.01458, 0.34388, -0.938901, 6.773998, 0.005831, 0.938955, 0.34399, 0.791007, 0.0, 0.0, 0.0, 1.0]
            ]
        },
        {
            "name": "Thigh_R",
            "time": [0.0, 0.0333, 0.1167, 0.15, 0.2, 0.4167, 0.5167, 1.75],
            "transform": [
                [0.976389, 0.129612, 0.172815, 0.124994, 0.164603, -0.964472, -0.206627, -0.002831, 0.139894, 0.230194, -0.963037, -1.2e-05, 0.0, 0.0, 0.0, 1.0],
                [0.976389, 0.129612, 0.172815, 0.124994, 0.164603, -0.964472, -0.206627, -0.002831, 0.139894, 0.230194, -0.963037, -1.2e-05, 0.0, 0.0, 0.0, 1.0],
                [0.995962, 0.028441, 0.085152, 0.124994, -0.050183, -0.610093, 0.790737, -0.00294, 0.07444, -0.791815, -0.606204, -2.8e-05, 0.0, 0.0, 0.0, 1.0],
                [0.994679, 0.038027, 0.095748, 0.124994, -0.084088, -0.237274, 0.967796, -0.002991, 0.059521, -0.970695, -0.232815, -3.6e-05, 0.0, 0.0, 0.0, 1.0],
                [0.999268, -0.037417, 0.007953, 0.124994, -0.003737, 0.111398, 0.993768, -0.003116, -0.03807, -0.993069, 0.111177, -5.5e-05, 0.0, 0.0, 0.0, 1.0],
                [0.98385, 0.101269, 0.147594, 0.124994, -0.155104, 0.07076, 0.98536, -0.003116, 0.089343, -0.992337, 0.085324, -5.6e-05, 0.0, 0.0, 0.0, 1.0],
                [0.987984, 0.105734, 0.112727, 0.124994, -0.127255, 0.142592, 0.981566, -0.003095, 0.087712, -0.984115, 0.154334, -5.3e-05, 0.0, 0.0, 0.0, 1.0],
                [0.999096, 0.042506, 0.000909, 0.124994, 0.04028, -0.953181, 0.299697, -0.002831, 0.013606, -0.299389, -0.954034, -1.1e-05, 0.0, 0.0, 0.0, 1.0]
            ]
        },
        {
            "name": "Leg_R",
            "time": [0.0, 0.0333, 0.1, 0.2, 0.4167, 0.5167, 1.75],
            "transform": [
                [1.0, -1e-06, 1e-06, 0.0, -0.0, 0.722173, 0.691713, 0.37472, -1e-06, -0.691711, 0.722176, -0.0, 0.0, 0.0, 0.0, 1.0],
                [1.0, -1e-06, 1e-06, 0.0, -1e-06, 0.722172, 0.691715, 0.37472, -1e-06, -0.691712, 0.722175, -0.0, 0.0, 0.0, 0.0, 1.0],
                [0.994862, 0.064077, 0.078385, 0.0, -0.061587, -0.23147, 0.970893, 0.37472, 0.080355, -0.970728, -0.226335, -0.0, 0.0, 0.0, 0.0, 1.0],
                [1.0, -1e-06, 1e-06, -0.0, -0.0, 0.383325, 0.923616, 0.37472, -1e-06, -0.923613, 0.383326, -0.0, 0.0, 0.0, 0.0, 1.0],
                [0.997731, 0.064529, 0.019219, -0.0, -0.047502, 0.47232, 0.880149, 0.37472, 0.047718, -0.879061, 0.474315, 0.0, 0.0, 0.0, 0.0, 1.0],
                [0.998079, 0.05432, 0.029775, 0.0, -0.049461, 0.409435, 0.911, 0.374721, 0.037295, -0.91072, 0.411337, -0.0, 0.0, 0.0, 0.0, 1.0],
                [0.999772, -0.009758, 0.019005, 0.0, 0.009744, 0.999951, 0.000822, 0.37472, -0.019012, -0.000637, 0.999822, -0.0, 0.0, 0.0, 0.0, 1.0]
            ]
        },
        {
            "name": "Knee_R",
            "time": [0.0, 0.0333, 0.1, 0.2, 0.4167, 1.75],
            "transform": [
                [1.0, 0.0, -0.0, 0.0, -0.0, 1e-06, -1.0, 0.406094, -0.0, 1.0, 1e-06, -0.0, 0.0, 0.0, 0.0, 1.0],
                [1.0, 0.0, -0.0, 0.0, -0.0, 1e-06, -1.0, 0.405421, -0.0, 1.0, 1e-06, -0.0, 0.0, 0.0, 0.0, 1.0],
                [0.998041, -0.00478, -0.062373, -4.3e-05, -0.047606, 0.588813, -0.806866, 0.399425, 0.040583, 0.808255, 0.587432, 0.000402, 0.0, 0.0, 0.0, 1.0],
                [1.0, 0.0, -0.0, -0.000112, -0.0, 1e-06, -1.0, 0.388831, -0.0, 1.0, 1e-06, 0.001046, 0.0, 0.0, 0.0, 1.0],
                [1.0, 0.0, -0.0, -0.0, -0.0, 1e-06, -1.0, 0.37472, -0.0, 1.0, 1e-06, 0.0, 0.0, 0.0, 0.0, 1.0],
                [1.0, 0.0, -0.0, 0.0, -0.0, 1e-06, -1.0, 0.37472, -0.0, 1.0, 1e-06, -0.0, 0.0, 0.0, 0.0, 1.0]
            ]
        },
        {
            "name": "Thigh_L",
            "time": [0.0, 0.0333, 0.1167, 0.2, 0.5167, 1.0167, 1.75],
            "transform": [
                [0.999465, -0.021032, -0.025042, -0.125006, 0.010493, -0.519045, 0.854682, -0.002831, -0.030974, -0.854487, -0.518547, -1.2e-05, 0.0, 0.0, 0.0, 1.0],
                [0.999522, -0.02016, -0.023399, -0.125006, 0.00954, -0.519037, 0.854698, -0.002831, -0.029376, -0.854512, -0.518598, -1.1e-05, 0.0, 0.0, 0.0, 1.0],
                [0.990369, -0.086438, 0.108155, -0.125006, -0.051883, -0.95595, -0.288902, -0.002721, 0.128363, 0.280509, -0.951229, 6e-06, 0.0, 0.0, 0.0, 1.0],
                [0.990369, -0.103994, 0.091402, -0.125006, -0.051883, -0.890825, -0.451373, -0.002721, 0.128363, 0.442283, -0.887642, 6e-06, 0.0, 0.0, 0.0, 1.0],
                [0.991262, -0.116652, 0.061563, -0.125006, -0.094897, -0.954892, -0.281378, -0.002737, 0.091609, 0.273078, -0.95762, 3e-06, 0.0, 0.0, 0.0, 1.0],
                [0.999486, -0.019667, 0.02529, -0.125006, -0.029773, -0.861682, 0.506572, -0.00281, 0.01183, -0.507064, -0.861827, -8e-06, 0.0, 0.0, 0.0, 1.0],
                [0.999924, 0.012266, 0.000549, -0.125006, 0.009724, -0.818337, 0.574654, -0.002831, 0.007498, -0.574604, -0.818397, -1.2e-05, 0.0, 0.0, 0.0, 1.0]
            ]
        },
        {
            "name": "Leg_L",
            "time": [0.0, 0.0333, 0.1167, 0.2, 0.5167, 0.75, 1.75],
            "transform": [
                [1.0, -1e-06, 1e-06, -0.0, -1e-06, 0.561409, 0.827537, 0.37472, -1e-06, -0.827539, 0.561408, 0.0, 0.0, 0.0, 0.0, 1.0],
                [1.0, -1e-06, 5e-06, -0.0, -4e-06, 0.561411, 0.827536, 0.37472, -3e-06, -0.827538, 0.561409, 0.0, 0.0, 0.0, 0.0, 1.0],
                [0.999628, 0.000896, 0.027267, -0.0, -0.02685, 0.209527, 0.977433, 0.37472, -0.004838, -0.977803, 0.209473, 0.0, 0.0, 0.0, 0.0, 1.0],
                [0.997627, -0.008163, -0.068368, -0.0, 0.043773, 0.841654, 0.538241, 0.374719, 0.053148, -0.539957, 0.840012, 0.0, 0.0, 0.0, 0.0, 1.0],
                [0.9993, 0.010026, -0.036038, -0.0, 0.006683, 0.900068, 0.435698, 0.37472, 0.036805, -0.435635, 0.899369, 0.0, 0.0, 0.0, 0.0, 1.0],
                [0.999426, -0.027785, -0.019389, -0.0, 0.032256, 0.605226, 0.795399, 0.37472, -0.010365, -0.79557, 0.605773, -0.0, 0.0, 0.0, 0.0, 1.0],
                [0.999819, -0.018176, 0.005543, 0.0, 0.015683, 0.954009, 0.299369, 0.37472, -0.01073, -0.299229, 0.95412, 0.0, 0.0, 0.0, 0.0, 1.0]
            ]
        },
        {
            "name": "Knee_L",
            "time": [0.0, 0.0333, 0.2, 0.5167, 1.75],
            "transform": [
                [1.0, 0.0, -0.0, -0.0, -0.0, 1e-06, -1.0, 0.418692, -0.0, 1.0, 1e-06, -0.0, 0.0, 0.0, 0.0, 1.0],
                [1.0, 0.0, -0.0, 0.0, -0.0, 1e-06, -1.0, 0.416315, -0.0, 1.0, 1e-06, -0.0, 0.0, 0.0, 0.0, 1.0],
                [1.0, -0.0, -0.0, 0.000112, -0.0, -0.369502, -0.92923, 0.426602, -0.0, 0.92923, -0.369502, 0.000176, 0.0, 0.0, 0.0, 1.0],
                [0.999947, -0.000981, -0.010252, 0.000139, -0.009791, -0.399159, -0.916829, 0.439071, -0.003192, 0.916881, -0.399148, 0.000505, 0.0, 0.0, 0.0, 1.0],
                [1.0, 0.0, -0.0, 0.000146, -0.0, 1e-06, -1.0, 0.44576, -0.0, 1.0, 1e-06, 0.000766, 0.0, 0.0, 0.0, 1.0]
            ]
        },
        {
            "name": "Torso",
            "time": [0.0, 0.0333, 0.15, 0.4, 1.2667, 1.75],
            "transform": [
                [1.0, -0.000644, 1.4e-05, -0.0, 0.000644, 0.999112, -0.042126, 0.05, 1.3e-05, 0.042126, 0.999112, -0.0, 0.0, 0.0, 0.0, 1.0],
                [1.0, 0.0, -0.0, 0.0, 0.0, 0.999029, -0.044054, 0.05, 0.0, 0.044054, 0.999029, -0.0, 0.0, 0.0, 0.0, 1.0],
                [0.999999, -0.001159, -0.000609, 0.0, 0.001308, 0.876107, 0.482115, 0.05, -2.5e-05, -0.482115, 0.876108, 0.0, 0.0, 0.0, 0.0, 1.0],
                [1.0, -0.000201, -0.000291, 0.0, 0.00034, 0.770778, 0.637103, 0.05, 9.7e-05, -0.637103, 0.770778, -0.0, 0.0, 0.0, 0.0, 1.0],
                [1.0, -0.000346, -7.2e-05, 0.0, 0.00034, 0.997523, -0.070341, 0.05, 9.7e-05, 0.070341, 0.997523, 0.0, 0.0, 0.0, 0.0, 1.0],
                [0.999993, 0.003628, 0.000103, 0.0, -0.003548, 0.982993, -0.18361, 0.05, -0.000767, 0.183608, 0.982999, 0.0, 0.0, 0.0, 0.0, 1.0]
            ]
        },
        {
            "name": "Chest",
            "time": [0.0, 0.0333, 0.1667, 0.3833, 1.2833, 1.75],
            "transform": [
                [0.999844, -0.002803, -0.017446, -0.0, -0.000254, 0.984957, -0.172797, 0.3, 0.017668, 0.172774, 0.984803, -0.0, 0.0, 0.0, 0.0, 1.0],
                [1.0, 0.0, -0.0, 0.0, -0.0, 0.940908, -0.338662, 0.3, 0.0, 0.338662, 0.940908, 0.0, 0.0, 0.0, 0.0, 1.0],
                [1.0, -0.0, 0.0, -0.0, 0.0, 0.986257, -0.165219, 0.3, -0.0, 0.165218, 0.986257, -0.0, 0.0, 0.0, 0.0, 1.0],
                [1.0, 0.000294, 0.00029, 0.0, -0.000386, 0.915048, 0.403346, 0.3, -0.000147, -0.403346, 0.915048, -0.0, 0.0, 0.0, 0.0, 1.0],
                [0.999999, 0.000892, 0.001132, -0.0, -0.001397, 0.791639, 0.610988, 0.3, -0.000351, -0.610988, 0.791639, 0.0, 0.0, 0.0, 0.0, 1.0],
                [0.999996, 0.002697, 0.000868, -0.0, -0.002678, 0.999774, -0.021081, 0.3, -0.000925, 0.021078, 0.999777, -0.0, 0.0, 0.0, 0.0, 1.0]
            ]
        },
        {
            "name": "Head",
            "time": [0.0, 0.0333, 0.2, 0.4167, 1.2167, 1.75],
            "transform": [
                [0.999223, -0.002852, 0.039313, -0.0, -0.004154, 0.984206, 0.17698, 0.4, -0.039197, -0.177005, 0.983429, -0.0, 0.0, 0.0, 0.0, 1.0],
                [0.999971, 0.001242, 0.007577, -0.0, -0.003192, 0.964765, 0.263094, 0.4, -0.006983, -0.263111, 0.96474, -0.0, 0.0, 0.0, 0.0, 1.0],
                [1.0, 0.0, 0.0, -0.0, -0.0, 0.866592, -0.499017, 0.400001, -0.0, 0.499017, 0.866592, 0.0, 0.0, 0.0, 0.0, 1.0],
                [0.999998, -0.002111, -0.000584, 0.0, 0.001451, 0.838149, -0.545439, 0.4, 0.001641, 0.545437, 0.83815, 0.0, 0.0, 0.0, 0.0, 1.0],
                [0.999983, -0.004561, -0.003581, -0.0, 0.005675, 0.896548, 0.442909, 0.399999, 0.00119, -0.442922, 0.896559, 0.0, 0.0, 0.0, 0.0, 1.0],
                [0.999978, -0.006505, -0.001121, 0.0, 0.006545, 0.999151, 0.040664, 0.4, 0.000856, -0.04067, 0.999172, -0.0, 0.0, 0.0, 0.0, 1.0]
            ]
        },
        {
            "name": "Shoulder_R",
            "time": [0.0, 0.0333, 0.2, 0.4167, 1.75],
            "transform": [
                [0.530898, 0.716689, 0.452221, -0.0, -0.061392, -0.499706, 0.864017, 0.4, 0.845209, -0.486467, -0.221294, -0.0, 0.0, 0.0, 0.0, 1.0],
                [0.60585, 0.643463, 0.467869, -0.0, -0.085831, -0.531789, 0.842516, 0.4, 0.790935, -0.550596, -0.266955, -0.0, 0.0, 0.0, 0.0, 1.0],
                [-0.279964, 0.867054, 0.412113, -0.0, 0.01826, -0.424392, 0.905294, 0.400001, 0.959837, 0.260975, 0.102982, 0.0, 0.0, 0.0, 0.0, 1.0],
                [-0.279964, 0.867054, 0.412112, 0.0, 0.01826, -0.424392, 0.905294, 0.4, 0.959837, 0.260975, 0.102982, 0.0, 0.0, 0.0, 0.0, 1.0],
                [-0.010248, 0.958653, 0.284391, 0.0, -0.064506, -0.284447, 0.956519, 0.4, 0.997864, -0.008542, 0.064754, -0.0, 0.0, 0.0, 0.0, 1.0]
            ]
        },
        {
            "name": "Arm_R",
            "time": [0.0, 0.0333, 0.2, 0.4167, 1.1667, 1.75],
            "transform": [
                [0.466072, -0.883549, 0.046017, 0.0, -0.281105, -0.197198, -0.939198, 0.393861, 0.838902, 0.424798, -0.340278, -0.0, 0.0, 0.0, 0.0, 1.0],
                [0.44969, -0.887876, 0.09724, -0.0, -0.256764, -0.232778, -0.938023, 0.39386, 0.855483, 0.396852, -0.332653, -0.0, 0.0, 0.0, 0.0, 1.0],
                [0.069563, 0.60633, -0.792165, -0.0, 0.116595, 0.783704, 0.610093, 0.393861, 0.990741, -0.134802, -0.016179, -1e-06, 0.0, 0.0, 0.0, 1.0],
                [-0.025105, 0.782366, -0.622313, -0.0, 0.243828, 0.608501, 0.755165, 0.39386, 0.969494, -0.132779, -0.206039, 0.0, 0.0, 0.0, 0.0, 1.0],
                [-0.145549, -0.267954, -0.952374, -0.0, 0.855758, 0.448973, -0.257103, 0.39386, 0.496482, -0.852422, 0.163956, -0.0, 0.0, 0.0, 0.0, 1.0],
                [-0.175518, -0.129827, -0.975878, -0.0, 0.864369, 0.45416, -0.215882, 0.39386, 0.471232, -0.88141, 0.032505, 0.0, 0.0, 0.0, 0.0, 1.0]
            ]
        },
        {
            "name": "Hand_R",
            "time": [0.0, 0.0333, 0.2, 0.4167, 0.5833, 1.0833, 1.75],
            "transform": [
                [0.999945, -0.008675, 0.005875, 0.0, 0.009665, 0.547203, -0.836944, 0.3, 0.004046, 0.836955, 0.547257, -0.0, 0.0, 0.0, 0.0, 1.0],
                [0.999945, -0.008675, 0.005875, 0.0, 0.009664, 0.547203, -0.836944, 0.3, 0.004045, 0.836955, 0.547257, 0.0, 0.0, 0.0, 0.0, 1.0],
                [1.0, 0.0, 0.0, 0.0, -0.0, 0.993938, 0.109947, 0.3, -0.0, -0.109947, 0.993937, -0.0, 0.0, 0.0, 0.0, 1.0],
                [1.0, 0.0, 0.0, 0.0, -0.0, 0.993937, 0.109947, 0.3, -0.0, -0.109947, 0.993937, 0.0, 0.0, 0.0, 0.0, 1.0],
                [1.0, -0.0, -0.0, 0.0, -0.0, 0.919238, -0.393702, 0.3, 0.0, 0.393702, 0.919238, 0.0, 0.0, 0.0, 0.0, 1.0],
                [1.0, 0.0, -0.0, -0.0, -0.0, 0.900257, -0.43536, 0.3, -0.0, 0.43536, 0.900257, -0.0, 0.0, 0.0, 0.0, 1.0],
                [1.0, 0.0, 0.0, -0.0, -0.0, 0.999785, 0.020718, 0.3, -0.0, -0.020718, 0.999785, 0.0, 0.0, 0.0, 0.0, 1.0]
            ]
        },
        {
            "name": "Tool_R",
            "time": [0.0, 0.0333, 0.2, 0.4167, 1.1667, 1.75],
            "transform": [
                [0.999382, -0.03458, 0.006329, -0.0, -0.005482, -0.331118, -0.943574, 0.272858, 0.034704, 0.942394, -0.330917, 1e-06, 0.0, 0.0, 0.0, 1.0],
                [0.999382, -0.034607, 0.006138, -0.0, -0.005259, -0.319914, -0.947432, 0.272858, 0.034731, 0.94625, -0.319719, -0.0, 0.0, 0.0, 0.0, 1.0],
                [0.999382, -0.034607, 0.006139, 0.0, -0.005258, -0.319914, -0.947432, 0.272857, 0.034731, 0.946251, -0.319719, 0.0, 0.0, 0.0, 0.0, 1.0],
                [0.999382, -0.034607, 0.006139, -0.0, -0.005258, -0.319914, -0.947432, 0.272858, 0.034731, 0.94625, -0.319719, 0.0, 0.0, 0.0, 0.0, 1.0],
                [0.999382, -0.034607, 0.006139, 0.0, -0.005258, -0.319914, -0.947432, 0.272858, 0.034731, 0.946251, -0.319719, 0.0, 0.0, 0.0, 0.0, 1.0],
                [0.999382, -0.034607, 0.006139, -0.0, -0.005258, -0.319914, -0.947432, 0.272858, 0.034731, 0.946251, -0.319719, -0.0, 0.0, 0.0, 0.0, 1.0]
            ]
        },
        {
            "name": "Elbow_R",
            "time": [0.0, 0.0333, 0.2, 1.1667, 1.75],
            "transform": [
                [-1.0, 0.0, -0.0, -0.0, 0.0, -0.0, -1.0, 0.399723, -0.0, -1.0, 0.0, 0.0, 0.0, 0.0, 0.0, 1.0],
                [-1.0, 0.0, 0.0, 0.0, 0.0, -0.0, -1.0, 0.39986, -0.0, -1.0, 0.0, 0.0, 0.0, 0.0, 0.0, 1.0],
                [-1.0, 0.0, -0.0, 0.0, 0.0, 0.0, -1.0, 0.3, -0.0, -1.0, 0.0, -0.0, 0.0, 0.0, 0.0, 1.0],
                [-1.0, 0.0, -0.0, 0.0, 0.0, 0.0, -1.0, 0.3, -0.0, -1.0, 0.0, -1e-06, 0.0, 0.0, 0.0, 1.0],
                [-1.0, 0.0, -0.0, -0.0, 0.0, -0.0, -1.0, 0.3, -0.0, -1.0, 0.0, 0.0, 0.0, 0.0, 0.0, 1.0]
            ]
        },
        {
            "name": "Shoulder_L",
            "time": [0.0, 0.0333, 0.2, 1.75],
            "transform": [
                [0.369192, -0.817644, -0.441764, -0.0, 0.032919, -0.463542, 0.885463, 0.4, -0.92877, -0.341448, -0.14422, -0.0, 0.0, 0.0, 0.0, 1.0],
                [0.491513, -0.744906, -0.451143, -0.0, 0.053694, -0.49113, 0.86943, 0.4, -0.869213, -0.45156, -0.2014, -0.0, 0.0, 0.0, 0.0, 1.0],
                [-0.373136, -0.81659, -0.440398, -0.0, -0.033104, -0.462661, 0.885917, 0.400001, -0.927186, 0.345146, 0.145603, 0.0, 0.0, 0.0, 0.0, 1.0],
                [-0.082609, -0.956701, -0.279104, 0.0, 0.057153, -0.284148, 0.957075, 0.4, -0.994942, 0.063112, 0.078151, -0.0, 0.0, 0.0, 0.0, 1.0]
            ]
        },
        {
            "name": "Arm_L",
            "time": [0.0, 0.0333, 0.2, 0.4167, 1.1667, 1.75],
            "transform": [
                [0.368291, 0.921846, -0.120672, 0.0, 0.303526, -0.241903, -0.921605, 0.39386, -0.878768, 0.302791, -0.368895, -0.0, 0.0, 0.0, 0.0, 1.0],
                [0.390737, 0.902267, -0.182317, 0.0, 0.295696, -0.310596, -0.903379, 0.39386, -0.871716, 0.299073, -0.388159, 0.0, 0.0, 0.0, 0.0, 1.0],
                [-0.00366, -0.521185, 0.853436, -0.0, -0.021706, 0.853282, 0.520998, 0.39386, -0.999758, -0.016618, -0.014435, 0.0, 0.0, 0.0, 0.0, 1.0],
                [0.042599, -0.577005, 0.815629, -0.0, -0.222882, 0.790308, 0.570734, 0.39386, -0.973914, -0.206101, -0.094937, 1e-06, 0.0, 0.0, 0.0, 1.0],
                [-0.213017, 0.434414, 0.875162, 0.0, -0.842481, 0.371968, -0.3897, 0.39386, -0.494823, -0.82032, 0.28675, -1e-06, 0.0, 0.0, 0.0, 1.0],
                [-0.213017, 0.218006, 0.952416, 0.0, -0.842481, 0.452695, -0.29205, 0.39386, -0.494823, -0.864604, 0.087234, -0.0, 0.0, 0.0, 0.0, 1.0]
            ]
        },
        {
            "name": "Hand_L",
            "time": [0.0, 0.0333, 0.2, 0.5833, 1.0833, 1.75],
            "transform": [
                [0.999993, -0.000351, 0.003776, 0.0, 0.00186, 0.913134, -0.407655, 0.3, -0.003305, 0.407659, 0.913128, -0.0, 0.0, 0.0, 0.0, 1.0],
                [0.999993, -0.000351, 0.003776, 0.0, 0.00186, 0.913134, -0.407655, 0.3, -0.003305, 0.407659, 0.913129, -0.0, 0.0, 0.0, 0.0, 1.0],
                [1.0, 0.0, 0.0, 0.0, 0.0, 0.993938, 0.109947, 0.299999, -0.0, -0.109947, 0.993938, 0.0, 0.0, 0.0, 0.0, 1.0],
                [1.0, -0.0, -0.0, -1e-06, 0.0, 0.934324, -0.356426, 0.3, 0.0, 0.356426, 0.934324, -0.0, 0.0, 0.0, 0.0, 1.0],
                [1.0, 0.0, -0.0, -0.0, -0.0, 0.882711, -0.469918, 0.300001, -0.0, 0.469918, 0.882711, -0.0, 0.0, 0.0, 0.0, 1.0],
                [1.0, 0.0, 0.0, 0.0, -0.0, 0.999998, -0.002013, 0.3, -0.0, 0.002013, 0.999998, -0.0, 0.0, 0.0, 0.0, 1.0]
            ]
        },
        {
            "name": "Tool_L",
            "time": [0.0, 0.0333, 0.2, 0.4167, 1.1667, 1.75],
            "transform": [
                [0.997005, 0.01104, -0.076554, 0.0, -0.036659, -0.804079, -0.593391, 0.272858, -0.068067, 0.594062, -0.8008, -0.0, 0.0, 0.0, 0.0, 1.0],
                [0.997001, 0.011407, -0.076542, -1e-06, -0.037744, -0.791783, -0.609635, 0.272858, -0.067519, 0.610328, -0.788521, -0.0, 0.0, 0.0, 0.0, 1.0],
                [0.997001, 0.011407, -0.076541, 0.0, -0.037743, -0.791783, -0.609635, 0.272858, -0.067519, 0.610328, -0.788521, -0.0, 0.0, 0.0, 0.0, 1.0],
                [0.997001, 0.011407, -0.076541, 1e-06, -0.037743, -0.791783, -0.609635, 0.272858, -0.067519, 0.610328, -0.78852, 0.0, 0.0, 0.0, 0.0, 1.0],
                [0.997001, 0.011407, -0.076541, 0.0, -0.037743, -0.791783, -0.609635, 0.272858, -0.067519, 0.610328, -0.78852, 0.0, 0.0, 0.0, 0.0, 1.0],
                [0.997001, 0.011407, -0.076541, 0.0, -0.037743, -0.791783, -0.609635, 0.272858, -0.067519, 0.610328, -0.78852, -1e-06, 0.0, 0.0, 0.0, 1.0]
            ]
        },
        {
            "name": "Elbow_L",
            "time": [0.0, 0.0333, 0.2, 1.75],
            "transform": [
                [-1.0, 0.0, -0.0, 0.0, 0.0, -0.0, -1.0, 0.356395, -0.0, -1.0, -0.0, -0.0, 0.0, 0.0, 0.0, 1.0],
                [-1.0, 0.0, -0.0, 0.0, 0.0, -0.0, -1.0, 0.35612, -0.0, -1.0, 0.0, -0.0, 0.0, 0.0, 0.0, 1.0],
                [-1.0, 0.0, -0.0, 0.0, 0.0, -0.0, -1.0, 0.299999, -0.0, -1.0, -0.0, 0.0, 0.0, 0.0, 0.0, 1.0],
                [-1.0, 0.0, -0.0, 0.0, 0.0, -0.0, -1.0, 0.3, -0.0, -1.0, -0.0, -0.0, 0.0, 0.0, 0.0, 1.0]
            ]
        }
    ]
}