{
    "animation": [
        {
            "name": "Root",
            "time": [0.0, 0.45, 0.4667],
            "transform": [
                [0.991399, 0.0, -0.130877, -5e-06, -0.130877, 0.0, -0.991399, 0.000946, 0.0, 1.0, 0.0, 0.723987, 0.0, 0.0, 0.0, 1.0],
                [0.991399, 0.0, -0.130877, -0.013625, -0.130877, 0.0, -0.991399, -1.96031, 0.0, 1.0, 0.0, 0.755725, 0.0, 0.0, 0.0, 1.0],
                [0.991399, 0.0, -0.130877, -0.013625, -0.130877, 0.0, -0.991399, -1.96031, 0.0, 1.0, 0.0, 0.755725, 0.0, 0.0, 0.0, 1.0]
            ]
        },
        {
            "name": "Thigh_R",
            "time": [0.0, 0.45, 0.4667],
            "transform": [
                [0.99683, 0.063081, -0.048485, 0.124994, 0.042576, -0.937739, -0.344715, -0.002831, -0.067212, 0.341557, -0.937455, -1.2e-05, 0.0, 0.0, 0.0, 1.0],
                [0.99683, -0.002071, -0.079535, 0.124994, 0.042576, -0.8306, 0.555236, -0.002831, -0.067212, -0.556861, -0.827881, -1.2e-05, 0.0, 0.0, 0.0, 1.0],
                [0.99683, -0.002071, -0.079535, 0.124994, 0.042576, -0.8306, 0.555236, -0.002831, -0.067212, -0.556861, -0.827881, -1.2e-05, 0.0, 0.0, 0.0, 1.0]
            ]
        },
        {
            "name": "Leg_R",
            "time": [0.0, 0.4667],
            "transform": [
                [1.0, -0.0, 2e-06, -0.0, -0.0, 0.959224, 0.28265, 0.37472, -2e-06, -0.282651, 0.959222, -0.0, 0.0, 0.0, 0.0, 1.0],
                [1.0, 0.0, 2e-06, 0.0, -0.0, 0.999975, 0.007181, 0.37472, -2e-06, -0.007181, 0.999973, -0.0, 0.0, 0.0, 0.0, 1.0]
            ]
        },
        {
            "name": "Knee_R",
            "time": [0.0, 0.4667],
            "transform": [
                [1.0, 0.0, -0.0, -0.0, -0.0, 1e-06, -1.0, 0.37472, -0.0, 1.0, 1e-06, -0.0, 0.0, 0.0, 0.0, 1.0],
                [1.0, 0.0, -0.0, 0.0, -0.0, 1e-06, -1.0, 0.37472, -0.0, 1.0, 1e-06, -0.0, 0.0, 0.0, 0.0, 1.0]
            ]
        },
        {
            "name": "Thigh_L",
            "time": [0.0, 0.4667],
            "transform": [
                [0.983747, -0.099462, -0.149495, -0.125006, -0.023879, -0.897642, 0.440078, -0.002831, -0.177964, -0.429356, -0.885428, -1.2e-05, 0.0, 0.0, 0.0, 1.0],
                [0.983747, -0.157085, -0.086982, -0.125006, -0.023879, -0.59457, 0.803689, -0.002831, -0.177964, -0.78855, -0.588657, -1.2e-05, 0.0, 0.0, 0.0, 1.0]
            ]
        },
        {
            "name": "Leg_L",
            "time": [0.0, 0.4667],
            "transform": [
                [1.0, -0.0, 1e-06, -0.0, 0.0, 0.984973, 0.172708, 0.37472, -1e-06, -0.172708, 0.984974, -0.0, 0.0, 0.0, 0.0, 1.0],
                [1.0, -1e-06, -1e-06, 0.0, 0.0, -0.509403, 0.860528, 0.37472, -1e-06, -0.860528, -0.509403, 0.0, 0.0, 0.0, 0.0, 1.0]
            ]
        },
        {
            "name": "Knee_L",
            "time": [0.0, 0.3333, 0.4667],
            "transform": [
                [1.0, 0.0, -0.0, -0.0, -0.0, 1e-06, -1.0, 0.37472, -0.0, 1.0, 1e-06, -0.0, 0.0, 0.0, 0.0, 1.0],
                [1.0, 0.0, -0.0, 0.0, -0.0, 0.792824, -0.60945, 0.37472, -0.0, 0.60945, 0.792825, 0.0, 0.0, 0.0, 0.0, 1.0],
                [1.0, 0.0, -0.0, 0.0, -0.0, 0.792824, -0.60945, 0.37472, -0.0, 0.60945, 0.792824, 0.0, 0.0, 0.0, 0.0, 1.0]
            ]
        },
        {
            "name": "Torso",
            "time": [0.0, 0.4667],
            "transform": [
                [0.99978, -0.020971, -0.000197, -0.0, 0.020971, 0.999603, 0.018833, 0.05, -0.000198, -0.018833, 0.999823, -0.0, 0.0, 0.0, 0.0, 1.0],
                [0.99978, -0.018315, 0.010218, 0.0, 0.020971, 0.877631, -0.478879, 0.05, -0.000198, 0.478988, 0.877822, -0.0, 0.0, 0.0, 0.0, 1.0]
            ]
        },
        {
            "name": "Chest",
            "time": [0.0, 0.4667],
            "transform": [
                [0.999771, -0.021411, -0.000206, 0.0, 0.021411, 0.999586, 0.019228, 0.3, -0.000206, -0.019228, 0.999815, -0.0, 0.0, 0.0, 0.0, 1.0],
                [0.87277, -0.018385, 0.487785, -0.0, -0.240461, 0.853437, 0.462411, 0.3, -0.424795, -0.520872, 0.740434, 0.0, 0.0, 0.0, 0.0, 1.0]
            ]
        },
        {
            "name": "Head",
            "time": [0.0, 0.3333, 0.4667],
            "transform": [
                [0.993073, 0.037721, 0.111283, -0.0, -0.031908, 0.998055, -0.053559, 0.4, -0.113087, 0.049637, 0.992344, 0.0, 0.0, 0.0, 0.0, 1.0],
                [0.93032, -0.135623, -0.340751, 0.0, 0.112473, 0.989848, -0.086895, 0.4, 0.349077, 0.042515, 0.936129, 0.0, 0.0, 0.0, 0.0, 1.0],
                [0.93032, -0.135623, -0.340751, -0.0, 0.112473, 0.989848, -0.086895, 0.4, 0.349077, 0.042515, 0.936129, 0.0, 0.0, 0.0, 0.0, 1.0]
            ]
        },
        {
            "name": "Shoulder_R",
            "time": [0.0, 0.3333, 0.4667],
            "transform": [
                [0.089555, 0.949274, 0.301428, -0.0, -0.003656, -0.302328, 0.953197, 0.4, 0.995975, -0.086466, -0.023605, 0.0, 0.0, 0.0, 0.0, 1.0],
                [0.781179, 0.546717, 0.301428, 0.0, -0.232685, -0.193064, 0.953197, 0.4, 0.579324, -0.814755, -0.023605, 0.0, 0.0, 0.0, 0.0, 1.0],
                [0.781179, 0.546717, 0.301428, -0.0, -0.232685, -0.193064, 0.953197, 0.4, 0.579324, -0.814755, -0.023605, 0.0, 0.0, 0.0, 0.0, 1.0]
            ]
        },
        {
            "name": "Arm_R",
            "time": [0.0, 0.3333, 0.4667],
            "transform": [
                [0.017663, 0.017687, -0.999687, -0.0, 0.854328, 0.519167, 0.02428, 0.393861, 0.519434, -0.85449, -0.005941, -0.0, 0.0, 0.0, 0.0, 1.0],
                [-0.33002, -0.943772, 0.019519, 0.0, -0.055808, -0.001135, -0.998441, 0.39386, 0.942323, -0.330595, -0.052295, 0.0, 0.0, 0.0, 0.0, 1.0],
                [-0.33002, -0.943772, 0.019519, 0.0, -0.055808, -0.001135, -0.998441, 0.39386, 0.942323, -0.330595, -0.052295, -0.0, 0.0, 0.0, 0.0, 1.0]
            ]
        },
        {
            "name": "Hand_R",
            "time": [0.0, 0.4667],
            "transform": [
                [0.999985, 0.002843, 0.004768, 0.0, -0.00125, 0.952208, -0.305449, 0.3, -0.005409, 0.305438, 0.952197, -0.0, 0.0, 0.0, 0.0, 1.0],
                [0.999985, 0.002843, 0.004769, 0.0, -0.00125, 0.952208, -0.305449, 0.3, -0.005409, 0.305438, 0.952196, 0.0, 0.0, 0.0, 0.0, 1.0]
            ]
        },
        {
            "name": "Tool_R",
            "time": [0.0, 0.45, 0.4667],
            "transform": [
                [1.0, -0.0, 0.0, -0.0, 0.0, -0.999836, 0.000651, 0.272858, 0.0, -0.018122, -0.035896, -0.0, 0.0, 0.0, 0.0, 1.0],
                [1.0, 0.0, 0.0, -0.0, 0.0, -0.999836, 0.000651, 0.272858, 0.0, -0.018122, -0.035896, 0.0, 0.0, 0.0, 0.0, 1.0],
                [1.0, 0.0, 0.0, 0.0, 0.0, -0.999836, 0.000651, 0.272858, 0.0, -0.018122, -0.035896, 0.0, 0.0, 0.0, 0.0, 1.0]
            ]
        },
        {
            "name": "Elbow_R",
            "time": [0.0, 0.4667],
            "transform": [
                [-1.0, 0.0, -0.0, 0.0, 0.0, -0.0, -1.0, 0.3, -0.0, -1.0, 0.0, -0.0, 0.0, 0.0, 0.0, 1.0],
                [-1.0, 0.0, -0.0, 0.0, 0.0, -0.0, -1.0, 0.3, -0.0, -1.0, 0.0, 0.0, 0.0, 0.0, 0.0, 1.0]
            ]
        },
        {
            "name": "Shoulder_L",
            "time": [0.0, 0.1833, 0.4667],
            "transform": [
                [0.088499, -0.949454, -0.301172, -0.0, -0.003902, -0.302687, 0.953082, 0.4, -0.996068, -0.083172, -0.030493, 0.0, 0.0, 0.0, 0.0, 1.0],
                [0.359456, -0.883225, -0.301172, -0.0, 0.083853, -0.290866, 0.953082, 0.4, -0.929387, -0.367845, -0.030493, 0.0, 0.0, 0.0, 0.0, 1.0],
                [0.359456, -0.883225, -0.301172, -0.0, 0.083853, -0.290866, 0.953082, 0.4, -0.929387, -0.367845, -0.030493, 0.0, 0.0, 0.0, 0.0, 1.0]
            ]
        },
        {
            "name": "Arm_L",
            "time": [0.0, 0.1833, 0.4667],
            "transform": [
                [0.158496, -0.017852, 0.987198, 0.0, -0.858049, 0.492182, 0.146661, 0.39386, -0.488499, -0.870309, 0.062691, -0.0, 0.0, 0.0, 0.0, 1.0],
                [0.782114, 0.468399, 0.410975, 0.0, -0.60472, 0.72968, 0.319187, 0.39386, -0.150374, -0.498165, 0.853943, -0.0, 0.0, 0.0, 0.0, 1.0],
                [0.782114, 0.468399, 0.410975, -0.0, -0.60472, 0.729681, 0.319187, 0.39386, -0.150374, -0.498165, 0.853943, -0.0, 0.0, 0.0, 0.0, 1.0]
            ]
        },
        {
            "name": "Hand_L",
            "time": [0.0, 0.1833, 0.4667],
            "transform": [
                [0.99932, -0.035643, 0.009475, 0.0, 0.03687, 0.97194, -0.232322, 0.3, -0.000928, 0.232513, 0.972593, -0.0, 0.0, 0.0, 0.0, 1.0],
                [0.99932, 0.022371, 0.029322, 0.0, 0.036869, -0.585934, -0.80952, 0.3, -0.000929, 0.81005, -0.58636, -0.0, 0.0, 0.0, 0.0, 1.0],
                [0.99932, 0.022371, 0.029322, 0.0, 0.03687, -0.585934, -0.80952, 0.3, -0.000929, 0.81005, -0.58636, 0.0, 0.0, 0.0, 0.0, 1.0]
            ]
        },
        {
            "name": "Tool_L",
            "time": [0.0, 0.4667],
            "transform": [
                [1.0, 0.0, 0.0, 0.0, 0.0, -0.999836, 0.002692, 0.272858, 0.0, -0.018122, -0.148428, -0.0, 0.0, 0.0, 0.0, 1.0],
                [1.0, 0.0, 0.0, -0.0, 0.0, -0.999836, 0.002692, 0.272858, 0.0, -0.018122, -0.148428, -0.0, 0.0, 0.0, 0.0, 1.0]
            ]
        },
        {
            "name": "Elbow_L",
            "time": [0.0, 0.3333, 0.4667],
            "transform": [
                [-1.0, 0.0, -0.0, 0.0, 0.0, -0.0, -1.0, 0.3, -0.0, -1.0, -0.0, -0.0, 0.0, 0.0, 0.0, 1.0],
                [-1.0, -0.0, 0.0, 0.0, -0.0, 0.933324, -0.359036, 0.3, -0.0, -0.359036, -0.933324, 0.0, 0.0, 0.0, 0.0, 1.0],
                [-1.0, -0.0, 0.0, 0.0, -0.0, 0.933324, -0.359036, 0.3, -0.0, -0.359036, -0.933324, 0.0, 0.0, 0.0, 0.0, 1.0]
            ]
        }
    ]
}