{
    "animation": [
        {
            "name": "Root",
            "time": [0.0, 0.2, 0.4167, 0.6, 0.7333, 0.9333, 1.2167, 1.7],
            "transform": [
                [0.854339, 0.028643, -0.518927, -0.000196, -0.51914, 0.0, -0.854689, 0.000946, -0.024481, 0.99959, 0.01487, 0.74699, 0.0, 0.0, 0.0, 1.0],
                [0.510001, 0.010082, -0.860114, -0.023813, -0.859484, 0.045994, -0.509089, -0.031398, 0.034427, 0.998891, 0.032123, 0.637672, 0.0, 0.0, 0.0, 1.0],
                [0.333605, 0.112381, -0.93599, -0.032323, -0.942664, 0.029699, -0.332418, -0.043055, -0.00956, 0.993221, 0.115845, 0.598275, 0.0, 0.0, 0.0, 1.0],
                [0.347824, 0.093697, -0.932866, -0.031771, -0.937559, 0.035903, -0.345967, -0.042299, 0.001076, 0.994953, 0.100334, 0.60083, 0.0, 0.0, 0.0, 1.0],
                [0.347824, 0.093697, -0.932866, -0.031771, -0.937559, 0.035903, -0.345967, -0.042299, 0.001076, 0.994953, 0.100334, 0.60083, 0.0, 0.0, 0.0, 1.0],
                [0.861326, 0.040261, -0.506455, -0.019646, -0.508053, 0.067599, -0.858669, -0.102088, -0.000335, 0.9969, 0.078679, 0.637006, 0.0, 0.0, 0.0, 1.0],
                [0.861326, 0.040261, -0.506455, -0.019646, -0.508053, 0.067599, -0.858669, -0.102088, -0.000335, 0.9969, 0.078679, 0.637006, 0.0, 0.0, 0.0, 1.0],
                [0.854339, 0.028643, -0.518927, -0.000196, -0.51914, 0.0, -0.854689, 0.000946, -0.024481, 0.99959, 0.01487, 0.74699, 0.0, 0.0, 0.0, 1.0]
            ]
        },
        {
            "name": "Thigh_R",
            "time": [0.0, 0.2, 0.4167, 0.6, 0.7333, 0.9333, 1.2167, 1.7],
            "transform": [
                [0.988545, 0.148801, -0.025238, 0.124994, 0.148718, -0.988864, -0.005161, -0.002831, -0.025725, 0.001349, -0.999668, -1.2e-05, 0.0, 0.0, 0.0, 1.0],
                [0.904837, 0.406034, -0.128085, 0.124994, 0.407664, -0.739476, 0.535707, -0.002831, 0.1228, -0.536942, -0.834633, -1.2e-05, 0.0, 0.0, 0.0, 1.0],
                [0.853369, 0.506071, 0.12511, 0.124994, 0.489889, -0.860556, 0.139462, -0.002831, 0.178242, -0.057722, -0.982292, -1.2e-05, 0.0, 0.0, 0.0, 1.0],
                [0.858029, 0.508488, 0.072284, 0.124994, 0.482473, -0.846253, 0.225991, -0.002831, 0.176084, -0.159031, -0.971444, -1.2e-05, 0.0, 0.0, 0.0, 1.0],
                [0.858029, 0.508488, 0.072284, 0.124994, 0.482473, -0.846253, 0.225991, -0.002831, 0.176084, -0.159031, -0.971444, -1.2e-05, 0.0, 0.0, 0.0, 1.0],
                [0.868508, 0.49071, 0.069972, 0.124994, 0.464963, -0.855454, 0.228045, -0.002831, 0.171762, -0.165524, -0.971133, -1.2e-05, 0.0, 0.0, 0.0, 1.0],
                [0.874682, 0.479521, 0.070639, 0.124994, 0.453903, -0.861482, 0.227636, -0.002831, 0.170011, -0.167045, -0.971181, -1.2e-05, 0.0, 0.0, 0.0, 1.0],
                [0.988545, 0.148801, -0.025238, 0.124994, 0.148718, -0.988864, -0.005161, -0.002831, -0.025725, 0.001349, -0.999668, -1.2e-05, 0.0, 0.0, 0.0, 1.0]
            ]
        },
        {
            "name": "Leg_R",
            "time": [0.0, 0.2, 0.4167, 0.6, 0.7333, 0.9333, 1.2167, 1.7],
            "transform": [
                [1.0, -0.0, 1e-06, -0.0, 0.0, 0.997612, 0.069073, 0.37472, -1e-06, -0.069073, 0.997611, -0.0, 0.0, 0.0, 0.0, 1.0],
                [1.0, -1e-06, 0.0, -0.0, -0.0, 0.343376, 0.939197, 0.37472, -1e-06, -0.939199, 0.343376, 0.0, 0.0, 0.0, 0.0, 1.0],
                [1.0, -1e-06, 1e-06, -0.0, 0.0, 0.79458, 0.60716, 0.37472, -1e-06, -0.607161, 0.794579, 0.0, 0.0, 0.0, 0.0, 1.0],
                [1.0, -1e-06, 1e-06, 0.0, -0.0, 0.71885, 0.695165, 0.37472, -1e-06, -0.695166, 0.718849, 0.0, 0.0, 0.0, 0.0, 1.0],
                [1.0, -1e-06, 1e-06, 0.0, -0.0, 0.71885, 0.695165, 0.37472, -1e-06, -0.695166, 0.718849, 0.0, 0.0, 0.0, 0.0, 1.0],
                [1.0, -1e-06, 1e-06, -0.0, -0.0, 0.71885, 0.695165, 0.37472, -1e-06, -0.695166, 0.718849, -0.0, 0.0, 0.0, 0.0, 1.0],
                [1.0, -1e-06, 1e-06, 0.0, 0.0, 0.71885, 0.695165, 0.37472, -1e-06, -0.695166, 0.718849, -0.0, 0.0, 0.0, 0.0, 1.0],
                [1.0, -0.0, 1e-06, -0.0, 0.0, 0.997612, 0.069073, 0.37472, -1e-06, -0.069073, 0.997611, -0.0, 0.0, 0.0, 0.0, 1.0]
            ]
        },
        {
            "name": "Knee_R",
            "time": [0.0, 0.2, 0.4167, 0.6, 0.7333, 0.9333, 1.2167, 1.7],
            "transform": [
                [1.0, 0.0, -0.0, -0.0, -0.0, 1e-06, -1.0, 0.37472, -0.0, 1.0, 1e-06, -0.0, 0.0, 0.0, 0.0, 1.0],
                [1.0, 0.0, -0.0, -0.0, -0.0, 1e-06, -1.0, 0.37472, -0.0, 1.0, 1e-06, 0.0, 0.0, 0.0, 0.0, 1.0],
                [1.0, 0.0, -0.0, -0.0, -0.0, 1e-06, -1.0, 0.37472, -0.0, 1.0, 1e-06, 0.0, 0.0, 0.0, 0.0, 1.0],
                [1.0, 0.0, -0.0, 0.0, -0.0, 1e-06, -1.0, 0.37472, -0.0, 1.0, 1e-06, 0.0, 0.0, 0.0, 0.0, 1.0],
                [1.0, 0.0, -0.0, 0.0, -0.0, 1e-06, -1.0, 0.37472, -0.0, 1.0, 1e-06, 0.0, 0.0, 0.0, 0.0, 1.0],
                [1.0, 0.0, -0.0, -0.0, -0.0, 1e-06, -1.0, 0.37472, -0.0, 1.0, 1e-06, -0.0, 0.0, 0.0, 0.0, 1.0],
                [1.0, 0.0, -0.0, 0.0, -0.0, 1e-06, -1.0, 0.37472, -0.0, 1.0, 1e-06, -0.0, 0.0, 0.0, 0.0, 1.0],
                [1.0, 0.0, -0.0, -0.0, -0.0, 1e-06, -1.0, 0.37472, -0.0, 1.0, 1e-06, -0.0, 0.0, 0.0, 0.0, 1.0]
            ]
        },
        {
            "name": "Thigh_L",
            "time": [0.0, 0.2, 0.4167, 0.6, 0.7333, 0.9333, 1.2167, 1.7],
            "transform": [
                [0.869242, -0.150522, -0.470913, -0.125006, -0.021407, -0.96309, 0.268325, -0.002831, -0.493921, -0.223159, -0.840382, -1.2e-05, 0.0, 0.0, 0.0, 1.0],
                [0.894039, -0.409601, -0.181436, -0.125006, -0.173669, -0.690224, 0.702445, -0.002831, -0.412954, -0.596504, -0.688223, -1.2e-05, 0.0, 0.0, 0.0, 1.0],
                [0.886285, -0.460337, -0.050874, -0.125006, -0.234482, -0.54073, 0.807854, -0.002831, -0.399394, -0.704061, -0.587182, -1.2e-05, 0.0, 0.0, 0.0, 1.0],
                [0.887039, -0.457846, -0.059471, -0.125006, -0.230579, -0.550914, 0.802076, -0.002831, -0.399991, -0.697761, -0.594253, -1.2e-05, 0.0, 0.0, 0.0, 1.0],
                [0.887039, -0.457846, -0.059471, -0.125006, -0.230579, -0.550914, 0.802076, -0.002831, -0.399991, -0.697761, -0.594253, -1.2e-05, 0.0, 0.0, 0.0, 1.0],
                [0.8872, -0.439993, -0.138858, -0.125006, -0.228914, -0.681079, 0.695507, -0.002831, -0.400591, -0.585267, -0.704974, -1.2e-05, 0.0, 0.0, 0.0, 1.0],
                [0.887131, -0.432627, -0.160721, -0.125006, -0.230073, -0.716454, 0.658604, -0.002831, -0.400079, -0.547291, -0.735125, -1.2e-05, 0.0, 0.0, 0.0, 1.0],
                [0.869242, -0.150522, -0.470913, -0.125006, -0.021407, -0.96309, 0.268325, -0.002831, -0.493921, -0.223159, -0.840382, -1.2e-05, 0.0, 0.0, 0.0, 1.0]
            ]
        },
        {
            "name": "Leg_L",
            "time": [0.0, 0.2, 0.4167, 0.6, 0.7333, 0.9333, 1.2167, 1.7],
            "transform": [
                [0.998576, 0.053341, 0.000405, -0.0, -0.051599, 0.963981, 0.260918, 0.37472, 0.013527, -0.260567, 0.965361, -0.0, 0.0, 0.0, 0.0, 1.0],
                [0.998576, 0.042521, 0.032209, 0.0, -0.051599, 0.616853, 0.785385, 0.37472, 0.013527, -0.785929, 0.618169, -0.0, 0.0, 0.0, 0.0, 1.0],
                [0.998576, 0.034163, 0.040968, 0.0, -0.051599, 0.423865, 0.904254, 0.37472, 0.013527, -0.90508, 0.425024, -0.0, 0.0, 0.0, 0.0, 1.0],
                [0.998576, 0.034752, 0.040469, 0.0, -0.051599, 0.436907, 0.898026, 0.37472, 0.013527, -0.898835, 0.438079, 0.0, 0.0, 0.0, 0.0, 1.0],
                [0.998576, 0.034752, 0.040469, 0.0, -0.051599, 0.436907, 0.898026, 0.37472, 0.013527, -0.898835, 0.438079, 0.0, 0.0, 0.0, 0.0, 1.0],
                [0.99857, 0.050943, 0.016217, -0.0, -0.051706, 0.843185, 0.535132, 0.37472, 0.013587, -0.535205, 0.844613, 0.0, 0.0, 0.0, 0.0, 1.0],
                [0.998568, 0.053058, 0.006886, 0.0, -0.051748, 0.92507, 0.376255, 0.37472, 0.013594, -0.376072, 0.926491, 0.0, 0.0, 0.0, 0.0, 1.0],
                [0.998576, 0.053341, 0.000405, -0.0, -0.051599, 0.963981, 0.260918, 0.37472, 0.013527, -0.260567, 0.965361, -0.0, 0.0, 0.0, 0.0, 1.0]
            ]
        },
        {
            "name": "Knee_L",
            "time": [0.0, 0.2, 0.4167, 0.6, 0.7333, 0.9333, 1.2167, 1.7],
            "transform": [
                [1.0, 0.0, -0.0, -0.0, -0.0, 1e-06, -1.0, 0.37472, -0.0, 1.0, 1e-06, -0.0, 0.0, 0.0, 0.0, 1.0],
                [1.0, 0.0, -0.0, 0.0, -0.0, 1e-06, -1.0, 0.37472, -0.0, 1.0, 1e-06, -0.0, 0.0, 0.0, 0.0, 1.0],
                [1.0, 0.0, -0.0, 0.0, -0.0, 1e-06, -1.0, 0.37472, 0.0, 1.0, 1e-06, -0.0, 0.0, 0.0, 0.0, 1.0],
                [1.0, 0.0, -0.0, 0.0, -0.0, 1e-06, -1.0, 0.37472, -0.0, 1.0, 1e-06, 0.0, 0.0, 0.0, 0.0, 1.0],
                [1.0, 0.0, -0.0, 0.0, -0.0, 1e-06, -1.0, 0.37472, -0.0, 1.0, 1e-06, 0.0, 0.0, 0.0, 0.0, 1.0],
                [1.0, 0.0, -0.0, -0.0, -0.0, 1e-06, -1.0, 0.37472, -0.0, 1.0, 1e-06, 0.0, 0.0, 0.0, 0.0, 1.0],
                [1.0, 0.0, -0.0, 0.0, -0.0, 1e-06, -1.0, 0.37472, -0.0, 1.0, 1e-06, 0.0, 0.0, 0.0, 0.0, 1.0],
                [1.0, 0.0, -0.0, -0.0, -0.0, 1e-06, -1.0, 0.37472, -0.0, 1.0, 1e-06, -0.0, 0.0, 0.0, 0.0, 1.0]
            ]
        },
        {
            "name": "Torso",
            "time": [0.0, 0.2, 0.4167, 0.6, 0.7333, 0.9333, 1.2167, 1.7],
            "transform": [
                [0.999042, -0.043673, -0.002705, 0.0, 0.04367, 0.999045, -0.001423, 0.05, 0.002765, 0.001304, 0.999995, -0.0, 0.0, 0.0, 0.0, 1.0],
                [0.999042, -0.043673, -0.002706, 0.0, 0.04367, 0.999045, -0.001423, 0.05, 0.002765, 0.001304, 0.999995, -0.0, 0.0, 0.0, 0.0, 1.0],
                [0.999042, -0.043673, -0.002706, 0.0, 0.04367, 0.999045, -0.001423, 0.05, 0.002765, 0.001304, 0.999995, 0.0, 0.0, 0.0, 0.0, 1.0],
                [0.999042, -0.043673, -0.002706, -0.0, 0.04367, 0.999045, -0.001423, 0.05, 0.002765, 0.001304, 0.999995, -0.0, 0.0, 0.0, 0.0, 1.0],
                [0.999042, -0.043673, -0.002706, -0.0, 0.04367, 0.999045, -0.001423, 0.05, 0.002765, 0.001304, 0.999995, -0.0, 0.0, 0.0, 0.0, 1.0],
                [0.95015, -0.019588, 0.311177, -0.0, 0.073276, 0.9841, -0.161797, 0.05, -0.30306, 0.176533, 0.936478, -0.0, 0.0, 0.0, 0.0, 1.0],
                [0.911268, -0.000563, 0.411814, -0.0, 0.096522, 0.972436, -0.212256, 0.05, -0.400343, 0.233172, 0.886203, -0.0, 0.0, 0.0, 0.0, 1.0],
                [0.999042, -0.043673, -0.002705, 0.0, 0.04367, 0.999045, -0.001423, 0.05, 0.002765, 0.001304, 0.999995, -0.0, 0.0, 0.0, 0.0, 1.0]
            ]
        },
        {
            "name": "Chest",
            "time": [0.0, 0.2, 0.4167, 0.6, 0.7333, 0.9333, 1.2167, 1.7],
            "transform": [
                [0.999771, -0.021316, -0.002029, 0.0, 0.021411, 0.994316, 0.104295, 0.3, -0.000206, -0.104315, 0.994544, -0.0, 0.0, 0.0, 0.0, 1.0],
                [0.999474, -0.032114, -0.004481, 0.0, 0.032405, 0.984367, 0.17312, 0.3, -0.001149, -0.173174, 0.984891, -0.0, 0.0, 0.0, 0.0, 1.0],
                [0.999338, -0.035958, -0.005547, -0.0, 0.036345, 0.979584, 0.197724, 0.3, -0.001676, -0.197794, 0.980242, 0.0, 0.0, 0.0, 0.0, 1.0],
                [0.999347, -0.03571, -0.005475, 0.0, 0.03609, 0.979913, 0.196132, 0.3, -0.001639, -0.196202, 0.980562, 0.0, 0.0, 0.0, 0.0, 1.0],
                [0.999347, -0.033203, -0.014237, 0.0, 0.03609, 0.899651, 0.435117, 0.3, -0.001639, -0.435346, 0.900262, 0.0, 0.0, 0.0, 0.0, 1.0],
                [0.895587, -0.047811, 0.442309, 0.0, -0.005907, 0.992843, 0.119282, 0.3, -0.444846, -0.10944, 0.888895, 0.0, 0.0, 0.0, 0.0, 1.0],
                [0.809351, 0.098742, 0.578966, 0.0, -0.177454, 0.980807, 0.080792, 0.3, -0.559876, -0.168129, 0.811339, -0.0, 0.0, 0.0, 0.0, 1.0],
                [0.999771, -0.021316, -0.002029, 0.0, 0.021411, 0.994316, 0.104295, 0.3, -0.000206, -0.104315, 0.994544, -0.0, 0.0, 0.0, 0.0, 1.0]
            ]
        },
        {
            "name": "Head",
            "time": [0.0, 0.2, 0.4167, 0.6, 0.7333, 0.9333, 1.2167, 1.7],
            "transform": [
                [0.85311, 0.037721, 0.520365, -0.0, -0.006297, 0.998055, -0.062025, 0.4, -0.521692, 0.049637, 0.851689, -0.0, 0.0, 0.0, 0.0, 1.0],
                [0.722882, 0.037721, 0.689941, 0.0, 0.007042, 0.998055, -0.061945, 0.4, -0.690935, 0.049637, 0.72121, 0.0, 0.0, 0.0, 0.0, 1.0],
                [0.667572, 0.037721, 0.743589, -0.0, 0.011794, 0.998055, -0.061218, 0.4, -0.744452, 0.049637, 0.665829, -0.0, 0.0, 0.0, 0.0, 1.0],
                [0.671275, 0.037721, 0.740248, 0.0, 0.011488, 0.998055, -0.061276, 0.4, -0.741119, 0.049637, 0.669536, 0.0, 0.0, 0.0, 0.0, 1.0],
                [0.671275, -0.133041, 0.729171, -0.0, 0.011488, 0.985509, 0.169235, 0.4, -0.741119, -0.105226, 0.663076, 0.0, 0.0, 0.0, 0.0, 1.0],
                [0.944424, 0.151366, -0.291807, 0.0, -0.145911, 0.988468, 0.040501, 0.4, 0.294573, 0.004328, 0.955619, 0.0, 0.0, 0.0, 0.0, 1.0],
                [0.853074, 0.020983, -0.521368, -0.0, 0.036268, 0.99439, 0.099362, 0.4, 0.520528, -0.103672, 0.847528, 0.0, 0.0, 0.0, 0.0, 1.0],
                [0.85311, 0.037721, 0.520365, -0.0, -0.006297, 0.998055, -0.062025, 0.4, -0.521692, 0.049637, 0.851689, -0.0, 0.0, 0.0, 0.0, 1.0]
            ]
        },
        {
            "name": "Shoulder_R",
            "time": [0.0, 0.2, 0.4167, 0.6, 0.7333, 0.9333, 1.2167, 1.7],
            "transform": [
                [0.110305, 0.959352, 0.259762, -0.0, 0.091141, -0.270019, 0.958532, 0.4, 0.98971, -0.082056, -0.11722, -0.0, 0.0, 0.0, 0.0, 1.0],
                [0.110305, 0.959352, 0.259762, 0.0, 0.091141, -0.270019, 0.958532, 0.4, 0.98971, -0.082056, -0.11722, 0.0, 0.0, 0.0, 0.0, 1.0],
                [0.110305, 0.959352, 0.259762, -0.0, 0.091141, -0.270019, 0.958532, 0.4, 0.98971, -0.082056, -0.11722, -0.0, 0.0, 0.0, 0.0, 1.0],
                [0.110305, 0.959352, 0.259762, 0.0, 0.091141, -0.270019, 0.958532, 0.4, 0.98971, -0.082056, -0.11722, 0.0, 0.0, 0.0, 0.0, 1.0],
                [0.110305, 0.959352, 0.259762, -0.0, 0.091141, -0.270019, 0.958532, 0.4, 0.98971, -0.082056, -0.11722, 0.0, 0.0, 0.0, 0.0, 1.0],
                [-0.510071, 0.81997, 0.259762, 0.0, 0.239264, -0.15482, 0.958532, 0.4, 0.826184, 0.551071, -0.11722, 0.0, 0.0, 0.0, 0.0, 1.0],
                [-0.335601, 0.905481, 0.259762, -0.0, 0.203429, -0.199583, 0.958532, 0.4, 0.919776, 0.374528, -0.11722, 0.0, 0.0, 0.0, 0.0, 1.0],
                [0.110305, 0.959352, 0.259762, -0.0, 0.091141, -0.270019, 0.958532, 0.4, 0.98971, -0.082056, -0.11722, -0.0, 0.0, 0.0, 0.0, 1.0]
            ]
        },
        {
            "name": "Arm_R",
            "time": [0.0, 0.2, 0.4167, 0.6, 0.7333, 0.9333, 1.2167, 1.7],
            "transform": [
                [0.016005, -0.035545, -0.99924, -0.0, 0.894149, 0.447767, -0.001606, 0.393861, 0.447483, -0.893444, 0.038949, 0.0, 0.0, 0.0, 0.0, 1.0],
                [0.016005, 0.043187, -0.998939, -0.0, 0.894149, 0.446505, 0.03363, 0.393861, 0.447483, -0.893739, -0.031469, 0.0, 0.0, 0.0, 0.0, 1.0],
                [0.016005, 0.071514, -0.997311, 0.0, 0.894149, 0.445371, 0.046286, 0.39386, 0.447483, -0.892486, -0.056816, -0.0, 0.0, 0.0, 0.0, 1.0],
                [0.016005, 0.069679, -0.997441, 0.0, 0.894149, 0.445455, 0.045466, 0.39386, 0.447483, -0.892589, -0.055174, -0.0, 0.0, 0.0, 0.0, 1.0],
                [-0.008839, 0.070945, -0.997441, -0.0, 0.68739, 0.724864, 0.045466, 0.393861, 0.726235, -0.685229, -0.055174, -0.0, 0.0, 0.0, 0.0, 1.0],
                [0.024343, 0.071839, -0.997119, 0.0, 0.788534, 0.611722, 0.063323, 0.393861, 0.614509, -0.787804, -0.041756, 0.0, 0.0, 0.0, 0.0, 1.0],
                [0.035544, 0.069971, -0.996916, 0.0, 0.81195, 0.579559, 0.069628, 0.39386, 0.582644, -0.811921, -0.036213, 0.0, 0.0, 0.0, 0.0, 1.0],
                [0.016005, -0.035545, -0.99924, -0.0, 0.894149, 0.447767, -0.001606, 0.393861, 0.447483, -0.893444, 0.038949, 0.0, 0.0, 0.0, 0.0, 1.0]
            ]
        },
        {
            "name": "Hand_R",
            "time": [0.0, 0.2, 0.4167, 0.6, 0.7333, 0.9333, 1.2167, 1.7],
            "transform": [
                [0.999998, -0.000876, 0.001599, -0.0, 0.000868, 0.999986, 0.005244, 0.3, -0.001603, -0.005243, 0.999985, 0.0, 0.0, 0.0, 0.0, 1.0],
                [0.999998, -0.00039, 0.001781, -0.0, 0.000868, 0.960853, -0.277058, 0.3, -0.001603, 0.277059, 0.960852, 0.0, 0.0, 0.0, 0.0, 1.0],
                [0.999998, -0.000205, 0.001812, -0.0, 0.000868, 0.927366, -0.374155, 0.3, -0.001603, 0.374156, 0.927364, 0.0, 0.0, 0.0, 0.0, 1.0],
                [0.999998, -0.000217, 0.00181, -0.0, 0.000868, 0.929829, -0.36799, 0.3, -0.001603, 0.367991, 0.929828, -0.0, 0.0, 0.0, 0.0, 1.0],
                [0.999998, -0.000217, 0.00181, -0.0, 0.000868, 0.929829, -0.36799, 0.3, -0.001603, 0.367991, 0.929828, -0.0, 0.0, 0.0, 0.0, 1.0],
                [0.999998, -0.000217, 0.00181, -0.0, 0.000868, 0.929829, -0.367991, 0.3, -0.001603, 0.367991, 0.929828, -0.0, 0.0, 0.0, 0.0, 1.0],
                [0.999998, -0.000217, 0.00181, -0.0, 0.000868, 0.929829, -0.36799, 0.3, -0.001603, 0.367991, 0.929828, -0.0, 0.0, 0.0, 0.0, 1.0],
                [0.999998, -0.000876, 0.001599, -0.0, 0.000868, 0.999986, 0.005244, 0.3, -0.001603, -0.005243, 0.999985, 0.0, 0.0, 0.0, 0.0, 1.0]
            ]
        },
        {
            "name": "Tool_R",
            "time": [0.0, 0.2, 0.4167, 0.6, 0.7333, 0.9333, 1.2167, 1.7],
            "transform": [
                [0.976086, -0.063799, 0.207812, 0.015054, -0.000916, -0.957162, -0.28955, 0.243316, 0.217254, 0.282258, -0.933781, 0.024459, 0.0, 0.0, 0.0, 1.0],
                [0.976086, -0.063799, 0.207812, 0.015054, -0.000916, -0.957162, -0.28955, 0.243316, 0.217254, 0.282258, -0.933781, 0.024459, 0.0, 0.0, 0.0, 1.0],
                [0.976086, -0.063799, 0.207811, 0.015054, -0.000916, -0.957162, -0.28955, 0.243316, 0.217254, 0.282258, -0.933781, 0.024459, 0.0, 0.0, 0.0, 1.0],
                [0.976086, -0.063799, 0.207812, 0.015054, -0.000916, -0.957162, -0.28955, 0.243316, 0.217254, 0.282258, -0.933781, 0.024459, 0.0, 0.0, 0.0, 1.0],
                [0.976086, -0.063799, 0.207812, 0.015054, -0.000916, -0.957162, -0.28955, 0.243316, 0.217254, 0.282258, -0.933781, 0.024459, 0.0, 0.0, 0.0, 1.0],
                [0.976086, -0.063799, 0.207812, 0.015054, -0.000916, -0.957162, -0.28955, 0.243316, 0.217254, 0.282258, -0.933781, 0.024459, 0.0, 0.0, 0.0, 1.0],
                [0.976086, -0.063799, 0.207812, 0.015054, -0.000916, -0.957162, -0.28955, 0.243316, 0.217254, 0.282258, -0.933781, 0.024459, 0.0, 0.0, 0.0, 1.0],
                [0.976086, -0.063799, 0.207812, 0.015054, -0.000916, -0.957162, -0.28955, 0.243316, 0.217254, 0.282258, -0.933781, 0.024459, 0.0, 0.0, 0.0, 1.0]
            ]
        },
        {
            "name": "Elbow_R",
            "time": [0.0, 0.2, 0.4167, 0.6, 0.7333, 0.9333, 1.2167, 1.7],
            "transform": [
                [-1.0, 0.0, -0.0, -0.0, 0.0, -0.0, -1.0, 0.341622, -0.0, -1.0, 0.0, 0.0, 0.0, 0.0, 0.0, 1.0],
                [-1.0, 0.0, -0.0, -0.0, 0.0, -0.0, -1.0, 0.341622, -0.0, -1.0, 0.0, 0.0, 0.0, 0.0, 0.0, 1.0],
                [-1.0, 0.0, 0.0, -0.0, 0.0, -0.0, -1.0, 0.341622, -0.0, -1.0, 0.0, 0.0, 0.0, 0.0, 0.0, 1.0],
                [-1.0, 0.0, -0.0, -0.0, 0.0, -0.0, -1.0, 0.341622, -0.0, -1.0, 0.0, -0.0, 0.0, 0.0, 0.0, 1.0],
                [-1.0, 0.0, 0.0, -0.0, 0.0, -0.0, -1.0, 0.341622, -0.0, -1.0, 0.0, 0.0, 0.0, 0.0, 0.0, 1.0],
                [-1.0, 0.0, -0.0, -0.0, -0.0, 0.0, -1.0, 0.341622, -0.0, -1.0, 0.0, -0.0, 0.0, 0.0, 0.0, 1.0],
                [-1.0, 0.0, -0.0, -0.0, 0.0, -0.0, -1.0, 0.341622, -0.0, -1.0, 0.0, -0.0, 0.0, 0.0, 0.0, 1.0],
                [-1.0, 0.0, -0.0, -0.0, 0.0, -0.0, -1.0, 0.341622, -0.0, -1.0, 0.0, 0.0, 0.0, 0.0, 0.0, 1.0]
            ]
        },
        {
            "name": "Shoulder_L",
            "time": [0.0, 0.2, 0.4167, 0.6, 0.7333, 0.9333, 1.2167, 1.7],
            "transform": [
                [-0.226937, -0.947819, -0.223918, -0.0, -0.021067, -0.225085, 0.974111, 0.4, -0.973681, 0.225779, 0.031113, -0.0, 0.0, 0.0, 0.0, 1.0],
                [-0.226937, -0.947819, -0.223918, 0.0, -0.021067, -0.225085, 0.974111, 0.4, -0.973681, 0.225779, 0.031113, 0.0, 0.0, 0.0, 0.0, 1.0],
                [-0.226937, -0.947819, -0.223918, -0.0, -0.021067, -0.225085, 0.974111, 0.4, -0.973682, 0.225779, 0.031113, -0.0, 0.0, 0.0, 0.0, 1.0],
                [-0.226937, -0.947819, -0.223918, 0.0, -0.021067, -0.225085, 0.974111, 0.4, -0.973681, 0.225779, 0.031113, 0.0, 0.0, 0.0, 0.0, 1.0],
                [0.161629, -0.961112, -0.223918, -0.0, 0.068597, -0.21541, 0.974111, 0.4, -0.984464, -0.172805, 0.031113, 0.0, 0.0, 0.0, 0.0, 1.0],
                [-0.297847, -0.904881, -0.304101, 0.0, -0.046992, -0.304275, 0.951424, 0.4, -0.953456, 0.297669, 0.048105, 0.0, 0.0, 0.0, 0.0, 1.0],
                [-0.321622, -0.88456, -0.337807, -0.0, -0.056889, -0.338066, 0.939401, 0.4, -0.945158, 0.321349, 0.058408, 0.0, 0.0, 0.0, 0.0, 1.0],
                [-0.226937, -0.947819, -0.223918, -0.0, -0.021067, -0.225085, 0.974111, 0.4, -0.973681, 0.225779, 0.031113, -0.0, 0.0, 0.0, 0.0, 1.0]
            ]
        },
        {
            "name": "Arm_L",
            "time": [0.0, 0.2, 0.4167, 0.6, 0.7333, 0.9333, 1.2167, 1.7],
            "transform": [
                [-0.368333, -0.025786, 0.929336, 0.0, -0.839661, 0.438368, -0.320628, 0.39386, -0.399124, -0.898425, -0.183117, -0.0, 0.0, 0.0, 0.0, 1.0],
                [-0.456709, 0.887595, -0.059934, 0.0, 0.10605, -0.01257, -0.994281, 0.39386, -0.883272, -0.460453, -0.088389, 0.0, 0.0, 0.0, 0.0, 1.0],
                [-0.26589, 0.883258, -0.38621, -0.0, 0.446306, -0.24232, -0.861448, 0.39386, -0.854467, -0.401418, -0.329773, 0.0, 0.0, 0.0, 0.0, 1.0],
                [-0.275801, 0.887229, -0.369808, 0.0, 0.42393, -0.233016, -0.875207, 0.39386, -0.862681, -0.398155, -0.311857, 0.0, 0.0, 0.0, 0.0, 1.0],
                [-0.275801, 0.887229, -0.369808, 0.0, 0.42393, -0.233016, -0.875207, 0.39386, -0.862681, -0.398155, -0.311857, -0.0, 0.0, 0.0, 0.0, 1.0],
                [0.300351, 0.575658, 0.76053, -0.0, 0.049237, 0.786925, -0.615082, 0.39386, -0.952557, 0.222187, 0.20801, -0.0, 0.0, 0.0, 0.0, 1.0],
                [0.54722, -0.035188, 0.836249, 0.0, 0.151161, 0.986841, -0.057391, 0.39386, -0.823226, 0.157814, 0.545338, 0.0, 0.0, 0.0, 0.0, 1.0],
                [-0.368333, -0.025786, 0.929336, 0.0, -0.839661, 0.438368, -0.320628, 0.39386, -0.399124, -0.898425, -0.183117, -0.0, 0.0, 0.0, 0.0, 1.0]
            ]
        },
        {
            "name": "Hand_L",
            "time": [0.0, 0.2, 0.4167, 0.6, 0.7333, 0.9333, 1.2167, 1.7],
            "transform": [
                [0.999993, -0.001541, -0.00347, 0.0, 0.000938, 0.985901, -0.167329, 0.3, 0.003679, 0.167324, 0.985895, -0.0, 0.0, 0.0, 0.0, 1.0],
                [0.999993, -0.003719, 0.000763, 0.0, 0.000938, 0.047281, -0.998881, 0.3, 0.003679, 0.998875, 0.047284, 0.0, 0.0, 0.0, 0.0, 1.0],
                [0.999993, -0.00365, 0.001046, -0.0, 0.000938, -0.029489, -0.999565, 0.3, 0.003679, 0.999559, -0.029486, -0.0, 0.0, 0.0, 0.0, 1.0],
                [0.999993, -0.003652, 0.001039, -0.0, 0.000938, -0.027586, -0.99962, 0.3, 0.003679, 0.999613, -0.027582, -0.0, 0.0, 0.0, 0.0, 1.0],
                [0.999993, -0.003652, 0.001039, -0.0, 0.000938, -0.027586, -0.99962, 0.3, 0.003679, 0.999613, -0.027582, 0.0, 0.0, 0.0, 0.0, 1.0],
                [0.999993, -0.00081, -0.003709, 0.0, 0.000938, 0.999394, 0.034805, 0.3, 0.003679, -0.034809, 0.999388, -0.0, 0.0, 0.0, 0.0, 1.0],
                [0.999993, -0.001407, -0.003527, 0.0, 0.000938, 0.991585, -0.129454, 0.3, 0.003679, 0.12945, 0.991579, 0.0, 0.0, 0.0, 0.0, 1.0],
                [0.999993, -0.001541, -0.00347, 0.0, 0.000938, 0.985901, -0.167329, 0.3, 0.003679, 0.167324, 0.985895, -0.0, 0.0, 0.0, 0.0, 1.0]
            ]
        },
        {
            "name": "Tool_L",
            "time": [0.0, 0.2, 0.4167, 0.6, 0.7333, 0.9333, 1.2167, 1.7],
            "transform": [
                [0.997004, 0.01104, -0.076554, -0.0, -0.036659, -0.804079, -0.593391, 0.272858, -0.068067, 0.594062, -0.8008, -0.0, 0.0, 0.0, 0.0, 1.0],
                [0.997004, 0.01104, -0.076554, 0.0, -0.036659, -0.804079, -0.593391, 0.272858, -0.068067, 0.594062, -0.8008, -0.0, 0.0, 0.0, 0.0, 1.0],
                [0.997004, 0.01104, -0.076554, -0.0, -0.036659, -0.804079, -0.593391, 0.272858, -0.068067, 0.594062, -0.8008, -0.0, 0.0, 0.0, 0.0, 1.0],
                [0.997004, 0.01104, -0.076554, -0.0, -0.036659, -0.804079, -0.593391, 0.272858, -0.068067, 0.594062, -0.8008, -0.0, 0.0, 0.0, 0.0, 1.0],
                [0.997004, 0.01104, -0.076554, 0.0, -0.036659, -0.804079, -0.593391, 0.272858, -0.068067, 0.594062, -0.8008, -0.0, 0.0, 0.0, 0.0, 1.0],
                [0.993525, 0.011051, -0.113076, 0.0, -0.058394, -0.804079, -0.591648, 0.272858, -0.097403, 0.594062, -0.797764, -0.0, 0.0, 0.0, 0.0, 1.0],
                [0.99149, 0.011055, -0.129715, -0.0, -0.0683, -0.804078, -0.590587, 0.272858, -0.110766, 0.594062, -0.796018, -0.0, 0.0, 0.0, 0.0, 1.0],
                [0.997004, 0.01104, -0.076554, -0.0, -0.036659, -0.804079, -0.593391, 0.272858, -0.068067, 0.594062, -0.8008, -0.0, 0.0, 0.0, 0.0, 1.0]
            ]
        },
        {
            "name": "Elbow_L",
            "time": [0.0, 0.2, 0.4167, 0.6, 0.7333, 0.9333, 1.2167, 1.7],
            "transform": [
                [-1.0, 0.0, -0.0, 2.7e-05, 0.0, -0.0, -1.0, 0.334302, -0.0, -1.0, -0.0, -0.002121, 0.0, 0.0, 0.0, 1.0],
                [-1.0, 0.0, -0.0, 2.7e-05, 0.0, -0.0, -1.0, 0.334301, -0.0, -1.0, -0.0, -0.002121, 0.0, 0.0, 0.0, 1.0],
                [-1.0, 0.0, -0.0, 2.7e-05, 0.0, -0.0, -1.0, 0.334301, -0.0, -1.0, -0.0, -0.002121, 0.0, 0.0, 0.0, 1.0],
                [-1.0, 0.0, -0.0, 2.7e-05, 0.0, -0.0, -1.0, 0.334302, -0.0, -1.0, -0.0, -0.002121, 0.0, 0.0, 0.0, 1.0],
                [-1.0, 0.0, -0.0, 2.7e-05, 0.0, -0.0, -1.0, 0.334302, -0.0, -1.0, -0.0, -0.002121, 0.0, 0.0, 0.0, 1.0],
                [-1.0, 0.0, -0.0, 2.7e-05, 0.0, -0.0, -1.0, 0.334301, -0.0, -1.0, -0.0, -0.002121, 0.0, 0.0, 0.0, 1.0],
                [-1.0, 0.0, -0.0, 2.7e-05, 0.0, -0.0, -1.0, 0.334301, -0.0, -1.0, -0.0, -0.002121, 0.0, 0.0, 0.0, 1.0],
                [-1.0, 0.0, -0.0, 2.7e-05, 0.0, -0.0, -1.0, 0.334302, -0.0, -1.0, -0.0, -0.002121, 0.0, 0.0, 0.0, 1.0]
            ]
        }
    ]
}