{
    "animation": [
        {
            "name": "Root",
            "time": [0.0, 0.0667, 0.1833, 0.2833, 0.4167, 0.5667, 0.6667, 0.8833, 0.9667, 1.1167, 1.2667, 1.6667, 1.9833],
            "transform": [
                [0.837822, -0.05959, -0.542682, 0.004558, -0.431124, 0.537631, -0.724628, 0.067902, 0.334943, 0.841072, 0.424748, 0.543601, 0.0, 0.0, 0.0, 1.0],
                [0.833234, -0.051387, -0.550527, 0.00458, -0.440025, 0.541284, -0.716512, 0.067727, 0.334811, 0.839268, 0.428405, 0.542338, 0.0, 0.0, 0.0, 1.0],
                [0.7677, 0.046923, -0.639089, 0.004782, -0.5449, 0.572635, -0.612513, 0.066136, 0.337224, 0.818466, 0.465181, 0.530846, 0.0, 0.0, 0.0, 1.0],
                [0.598499, 0.224645, -0.768982, 0.004975, -0.718119, 0.575922, -0.390666, 0.064623, 0.355112, 0.786034, 0.50601, 0.519925, 0.0, 0.0, 0.0, 1.0],
                [-0.204434, 0.683272, -0.700961, 0.005244, -0.853371, 0.226403, 0.469574, 0.062512, 0.479547, 0.694176, 0.5368, 0.504682, 0.0, 0.0, 0.0, 1.0],
                [-0.497377, 0.028516, 0.867065, 0.005499, 0.670538, -0.621519, 0.405083, 0.060507, 0.550449, 0.78288, 0.290008, 0.4902, 0.0, 0.0, 0.0, 1.0],
                [0.076162, -0.367362, 0.926955, 0.005562, 0.912768, -0.348484, -0.213104, 0.06001, 0.401315, 0.862325, 0.308775, 0.486615, 0.0, 0.0, 0.0, 1.0],
                [0.450264, -0.503493, 0.737399, 0.003095, 0.877999, 0.099438, -0.46822, 0.244273, 0.16242, 0.858258, 0.48684, 0.505738, 0.0, 0.0, 0.0, 1.0],
                [0.908671, -0.417395, -0.009898, -0.001997, 0.208455, 0.474093, -0.855443, 0.557591, 0.36175, 0.775253, 0.517803, 0.564323, 0.0, 0.0, 0.0, 1.0],
                [0.555489, 0.036204, -0.830735, -0.007123, -0.732901, 0.49325, -0.468574, 1.002352, 0.392796, 0.869134, 0.300529, 0.695409, 0.0, 0.0, 0.0, 1.0],
                [0.241089, 0.201572, -0.949339, -0.017657, -0.920465, 0.357533, -0.157842, 1.214498, 0.307604, 0.911888, 0.271737, 0.562539, 0.0, 0.0, 0.0, 1.0],
                [0.175723, 0.207674, -0.962285, -0.091337, -0.884062, 0.463312, -0.06145, 1.265509, 0.433076, 0.861518, 0.265012, 0.522944, 0.0, 0.0, 0.0, 1.0],
                [0.175723, 0.207674, -0.962285, -0.091337, -0.884062, 0.463312, -0.06145, 1.265509, 0.433076, 0.861518, 0.265012, 0.522944, 0.0, 0.0, 0.0, 1.0]
            ]
        },
        {
            "name": "Thigh_R",
            "time": [0.0, 0.0667, 0.1833, 0.2833, 0.4167, 0.5667, 0.6667, 0.8833, 0.9667, 1.2667, 1.6667, 1.9833],
            "transform": [
                [0.944427, 0.148527, 0.293251, 0.124994, 0.142519, -0.988903, 0.041876, -0.002831, 0.296216, 0.002246, -0.955118, -1.2e-05, 0.0, 0.0, 0.0, 1.0],
                [0.941774, 0.151691, 0.300086, 0.124994, 0.143542, -0.98842, 0.049157, -0.002831, 0.304068, -0.00322, -0.952645, -1.2e-05, 0.0, 0.0, 0.0, 1.0],
                [0.914067, 0.184814, 0.361005, 0.124994, 0.148439, -0.980824, 0.12628, -0.002831, 0.377421, -0.06184, -0.923975, -1.2e-05, 0.0, 0.0, 0.0, 1.0],
                [0.881112, 0.229227, 0.413637, 0.124994, 0.139464, -0.96172, 0.235884, -0.002831, 0.451874, -0.150152, -0.879354, -1.2e-05, 0.0, 0.0, 0.0, 1.0],
                [0.8252, 0.308583, 0.473096, 0.124994, 0.103338, -0.905916, 0.41065, -0.002831, 0.555306, -0.289979, -0.779453, -1.2e-05, 0.0, 0.0, 0.0, 1.0],
                [0.764408, 0.411312, 0.49649, 0.124994, 0.02563, -0.788847, 0.614053, -0.002831, 0.644223, -0.456661, -0.613544, -1.2e-05, 0.0, 0.0, 0.0, 1.0],
                [0.753679, 0.467879, 0.46158, 0.124994, -0.043942, -0.664852, 0.74568, -0.002831, 0.655772, -0.582285, -0.480527, -1.2e-05, 0.0, 0.0, 0.0, 1.0],
                [0.986968, 0.133596, 0.0897, 0.124994, -0.057569, -0.227385, 0.972102, -0.002831, 0.150266, -0.964595, -0.216731, -1.2e-05, 0.0, 0.0, 0.0, 1.0],
                [0.960422, -0.065577, 0.270718, 0.124994, -0.267404, -0.4892, 0.830167, -0.002831, 0.077995, -0.8697, -0.487376, -1.2e-05, 0.0, 0.0, 0.0, 1.0],
                [0.923948, 0.340147, 0.174985, 0.124994, 0.303544, -0.930344, 0.205712, -0.002831, 0.232769, -0.136951, -0.962841, -1.2e-05, 0.0, 0.0, 0.0, 1.0],
                [0.934643, 0.351668, 0.052634, 0.124994, 0.292427, -0.844378, 0.448897, -0.002831, 0.202306, -0.404166, -0.892033, -1.2e-05, 0.0, 0.0, 0.0, 1.0],
                [0.934643, 0.351668, 0.052634, 0.124994, 0.292427, -0.844378, 0.448897, -0.002831, 0.202306, -0.404166, -0.892033, -1.2e-05, 0.0, 0.0, 0.0, 1.0]
            ]
        },
        {
            "name": "Leg_R",
            "time": [0.0, 0.0667, 0.1833, 0.2833, 0.4167, 0.5667, 0.6667, 0.8833, 0.9667, 1.2667, 1.6667, 1.9833],
            "transform": [
                [1.0, -0.0, 1e-06, 0.0, -0.0, 0.918614, 0.395158, 0.37472, -1e-06, -0.395158, 0.918613, 0.0, 0.0, 0.0, 0.0, 1.0],
                [1.0, -0.0, 1e-06, 0.0, -0.0, 0.915663, 0.401948, 0.37472, -1e-06, -0.401949, 0.915662, 0.0, 0.0, 0.0, 0.0, 1.0],
                [1.0, -0.0, 1e-06, 0.0, -0.0, 0.884184, 0.46714, 0.37472, -1e-06, -0.46714, 0.884183, 0.0, 0.0, 0.0, 0.0, 1.0],
                [1.0, -0.0, 1e-06, -0.0, -0.0, 0.839277, 0.543705, 0.37472, -1e-06, -0.543706, 0.839275, -0.0, 0.0, 0.0, 0.0, 1.0],
                [1.0, -0.0, 1e-06, -0.0, -0.0, 0.75661, 0.653867, 0.37472, -1e-06, -0.653868, 0.756609, -0.0, 0.0, 0.0, 0.0, 1.0],
                [1.0, -1e-06, 1e-06, 0.0, -0.0, 0.638346, 0.769749, 0.37472, -1e-06, -0.769751, 0.638345, 0.0, 0.0, 0.0, 0.0, 1.0],
                [1.0, -1e-06, 1e-06, -0.0, -0.0, 0.547701, 0.836674, 0.37472, -1e-06, -0.836675, 0.5477, 0.0, 0.0, 0.0, 0.0, 1.0],
                [1.0, -1e-06, 0.0, -0.0, -0.0, 0.324771, 0.945792, 0.37472, -1e-06, -0.945793, 0.324771, 0.0, 0.0, 0.0, 0.0, 1.0],
                [1.0, -1e-06, 0.0, -0.0, -0.0, 0.160094, 0.987101, 0.37472, -1e-06, -0.987102, 0.160094, -0.0, 0.0, 0.0, 0.0, 1.0],
                [1.0, 0.0, 1e-06, 0.0, -0.0, 0.997762, 0.066879, 0.37472, -1e-06, -0.066879, 0.99776, -0.0, 0.0, 0.0, 0.0, 1.0],
                [1.0, -0.0, 1e-06, -0.0, -0.0, 0.939824, 0.341661, 0.37472, -1e-06, -0.341661, 0.939822, 0.0, 0.0, 0.0, 0.0, 1.0],
                [1.0, -0.0, 1e-06, -0.0, -0.0, 0.939824, 0.341661, 0.37472, -1e-06, -0.341661, 0.939822, 0.0, 0.0, 0.0, 0.0, 1.0]
            ]
        },
        {
            "name": "Knee_R",
            "time": [0.0, 0.0667, 0.1833, 0.2833, 0.4167, 0.5667, 0.6667, 0.8833, 0.9667, 1.2667, 1.6667, 1.9833],
            "transform": [
                [1.0, 0.0, -0.0, 0.0, -0.0, 1e-06, -1.0, 0.37472, -0.0, 1.0, 1e-06, 0.0, 0.0, 0.0, 0.0, 1.0],
                [1.0, 0.0, -0.0, 0.0, -0.0, 1e-06, -1.0, 0.37472, -0.0, 1.0, 1e-06, 0.0, 0.0, 0.0, 0.0, 1.0],
                [1.0, 0.0, -0.0, 0.0, -0.0, 1e-06, -1.0, 0.37472, -0.0, 1.0, 1e-06, 0.0, 0.0, 0.0, 0.0, 1.0],
                [1.0, 0.0, -0.0, -0.0, -0.0, 1e-06, -1.0, 0.37472, -0.0, 1.0, 1e-06, -0.0, 0.0, 0.0, 0.0, 1.0],
                [1.0, 0.0, -0.0, -0.0, -0.0, 1e-06, -1.0, 0.37472, -0.0, 1.0, 1e-06, -0.0, 0.0, 0.0, 0.0, 1.0],
                [1.0, 0.0, -0.0, 0.0, -0.0, 1e-06, -1.0, 0.37472, -0.0, 1.0, 1e-06, 0.0, 0.0, 0.0, 0.0, 1.0],
                [1.0, 0.0, -0.0, -0.0, -0.0, 1e-06, -1.0, 0.37472, -0.0, 1.0, 1e-06, 0.0, 0.0, 0.0, 0.0, 1.0],
                [1.0, 0.0, -0.0, -0.0, -0.0, 1e-06, -1.0, 0.37472, -0.0, 1.0, 1e-06, 0.0, 0.0, 0.0, 0.0, 1.0],
                [1.0, 0.0, -0.0, -0.0, -0.0, 1e-06, -1.0, 0.37472, -0.0, 1.0, 1e-06, -0.0, 0.0, 0.0, 0.0, 1.0],
                [1.0, 0.0, -0.0, 0.0, -0.0, 1e-06, -1.0, 0.37472, -0.0, 1.0, 1e-06, -0.0, 0.0, 0.0, 0.0, 1.0],
                [1.0, 0.0, -0.0, -0.0, -0.0, 1e-06, -1.0, 0.37472, -0.0, 1.0, 1e-06, 0.0, 0.0, 0.0, 0.0, 1.0],
                [1.0, 0.0, -0.0, -0.0, -0.0, 1e-06, -1.0, 0.37472, -0.0, 1.0, 1e-06, 0.0, 0.0, 0.0, 0.0, 1.0]
            ]
        },
        {
            "name": "Thigh_L",
            "time": [0.0, 0.0667, 0.1833, 0.2833, 0.4167, 0.5667, 0.6667, 0.8833, 0.9667, 1.2667, 1.6667, 1.9833],
            "transform": [
                [0.853709, -0.406091, 0.325992, -0.125006, -0.2717, 0.186695, 0.944099, -0.002831, -0.44425, -0.894559, 0.049048, -1.2e-05, 0.0, 0.0, 0.0, 1.0],
                [0.847661, -0.412933, 0.333102, -0.125006, -0.280199, 0.184702, 0.942005, -0.002831, -0.450509, -0.891836, 0.040861, -1.2e-05, 0.0, 0.0, 0.0, 1.0],
                [0.786594, -0.475728, 0.393639, -0.125006, -0.358382, 0.167395, 0.918444, -0.002831, -0.502823, -0.863517, -0.038821, -1.2e-05, 0.0, 0.0, 0.0, 1.0],
                [0.718586, -0.536612, 0.442358, -0.125006, -0.434312, 0.150511, 0.888098, -0.002831, -0.543144, -0.830297, -0.124903, -1.2e-05, 0.0, 0.0, 0.0, 1.0],
                [0.610288, -0.620202, 0.492846, -0.125006, -0.538924, 0.130933, 0.832116, -0.002831, -0.58061, -0.773437, -0.254336, -1.2e-05, 0.0, 0.0, 0.0, 1.0],
                [0.496538, -0.697549, 0.516599, -0.125006, -0.635676, 0.113045, 0.763633, -0.002831, -0.59107, -0.707564, -0.387285, -1.2e-05, 0.0, 0.0, 0.0, 1.0],
                [0.467728, -0.722684, 0.508879, -0.125006, -0.666372, 0.089914, 0.740178, -0.002831, -0.58067, -0.685305, -0.439522, -1.2e-05, 0.0, 0.0, 0.0, 1.0],
                [0.596181, -0.768467, 0.232436, -0.125006, -0.458062, -0.087814, 0.884571, -0.002831, -0.659352, -0.633836, -0.404359, -1.2e-05, 0.0, 0.0, 0.0, 1.0],
                [0.741204, -0.51186, 0.434299, -0.125006, -0.599067, -0.21247, 0.771994, -0.002831, -0.302877, -0.83238, -0.464122, -1.2e-05, 0.0, 0.0, 0.0, 1.0],
                [0.485435, -0.872805, 0.050641, -0.125006, -0.085935, 0.010008, 0.99625, -0.002831, -0.870038, -0.487967, -0.070146, -1.2e-05, 0.0, 0.0, 0.0, 1.0],
                [0.436513, -0.852714, 0.28694, -0.125006, 0.00038, 0.319104, 0.947719, -0.002831, -0.899697, -0.413583, 0.139617, -1.2e-05, 0.0, 0.0, 0.0, 1.0],
                [0.436513, -0.852714, 0.28694, -0.125006, 0.00038, 0.319104, 0.947719, -0.002831, -0.899697, -0.413583, 0.139617, -1.2e-05, 0.0, 0.0, 0.0, 1.0]
            ]
        },
        {
            "name": "Leg_L",
            "time": [0.0, 0.0667, 0.1833, 0.2833, 0.4167, 0.5667, 0.6667, 0.8833, 0.9667, 1.2667, 1.6667, 1.9833],
            "transform": [
                [0.999313, -0.018365, -0.032207, 0.0, 0.035683, 0.24062, 0.969964, 0.37472, -0.010064, -0.970445, 0.24111, 0.0, 0.0, 0.0, 0.0, 1.0],
                [0.999313, -0.018403, -0.032185, -0.0, 0.035683, 0.241761, 0.96968, 0.37472, -0.010064, -0.970161, 0.242252, -0.0, 0.0, 0.0, 0.0, 1.0],
                [0.999313, -0.018747, -0.031986, 0.0, 0.035683, 0.252132, 0.967035, 0.37472, -0.010064, -0.967511, 0.252628, -0.0, 0.0, 0.0, 0.0, 1.0],
                [0.999312, -0.019072, -0.031793, 0.0, 0.035683, 0.261977, 0.964415, 0.37472, -0.010064, -0.964885, 0.262477, -0.0, 0.0, 0.0, 0.0, 1.0],
                [0.999313, -0.019523, -0.031518, 0.0, 0.035683, 0.275696, 0.960583, 0.37472, -0.010064, -0.961046, 0.276203, -0.0, 0.0, 0.0, 0.0, 1.0],
                [0.999313, -0.019949, -0.031251, 0.0, 0.035683, 0.288703, 0.956754, 0.37472, -0.010064, -0.957211, 0.289216, -0.0, 0.0, 0.0, 0.0, 1.0],
                [0.999313, -0.020054, -0.031183, -0.0, 0.035683, 0.291918, 0.955778, 0.37472, -0.010064, -0.956232, 0.292433, -0.0, 0.0, 0.0, 0.0, 1.0],
                [0.999313, 0.001793, -0.037031, -0.0, 0.035683, -0.317656, 0.947535, 0.37472, -0.010064, -0.948204, -0.317502, -0.0, 0.0, 0.0, 0.0, 1.0],
                [0.999313, 0.003758, -0.036884, 0.0, 0.035683, -0.367535, 0.929326, 0.37472, -0.010064, -0.930002, -0.367416, -0.0, 0.0, 0.0, 0.0, 1.0],
                [0.999313, -0.028759, -0.023398, -0.0, 0.035683, 0.574753, 0.817549, 0.37472, -0.010064, -0.817821, 0.575384, -0.0, 0.0, 0.0, 0.0, 1.0],
                [0.999313, -0.021313, -0.030336, 0.0, 0.035683, 0.330789, 0.94303, 0.37472, -0.010064, -0.943464, 0.331322, 0.0, 0.0, 0.0, 0.0, 1.0],
                [0.999313, -0.021313, -0.030336, 0.0, 0.035683, 0.330789, 0.94303, 0.37472, -0.010064, -0.943464, 0.331322, 0.0, 0.0, 0.0, 0.0, 1.0]
            ]
        },
        {
            "name": "Knee_L",
            "time": [0.0, 0.0667, 0.1833, 0.2833, 0.4167, 0.5667, 0.6667, 0.8833, 0.9667, 1.2667, 1.6667, 1.9833],
            "transform": [
                [1.0, 0.0, -0.0, 0.0, -0.0, 1e-06, -1.0, 0.37472, -0.0, 1.0, 1e-06, 0.0, 0.0, 0.0, 0.0, 1.0],
                [1.0, 0.0, -0.0, -0.0, -0.0, 1e-06, -1.0, 0.37472, -0.0, 1.0, 1e-06, -0.0, 0.0, 0.0, 0.0, 1.0],
                [1.0, 0.0, -0.0, 0.0, -0.0, 1e-06, -1.0, 0.37472, -0.0, 1.0, 1e-06, -0.0, 0.0, 0.0, 0.0, 1.0],
                [1.0, 0.0, -0.0, 0.0, -0.0, 1e-06, -1.0, 0.37472, -0.0, 1.0, 1e-06, -0.0, 0.0, 0.0, 0.0, 1.0],
                [1.0, 0.0, -0.0, 0.0, -0.0, 1e-06, -1.0, 0.37472, -0.0, 1.0, 1e-06, -0.0, 0.0, 0.0, 0.0, 1.0],
                [1.0, 0.0, -0.0, 0.0, -0.0, 1e-06, -1.0, 0.37472, -0.0, 1.0, 1e-06, -0.0, 0.0, 0.0, 0.0, 1.0],
                [1.0, 0.0, -0.0, -0.0, -0.0, 1e-06, -1.0, 0.37472, -0.0, 1.0, 1e-06, -0.0, 0.0, 0.0, 0.0, 1.0],
                [1.0, 0.0, -0.0, -0.0, -0.0, 0.238163, -0.971225, 0.37472, -0.0, 0.971225, 0.238163, -0.0, 0.0, 0.0, 0.0, 1.0],
                [1.0, 0.0, -0.0, 0.0, -0.0, 0.462619, -0.886557, 0.37472, -0.0, 0.886557, 0.462619, -0.0, 0.0, 0.0, 0.0, 1.0],
                [1.0, 0.0, -0.0, -0.0, -0.0, 0.054713, -0.998502, 0.37472, -0.0, 0.998502, 0.054713, -0.0, 0.0, 0.0, 0.0, 1.0],
                [1.0, 0.0, -0.0, 0.0, -0.0, 1e-06, -1.0, 0.37472, -0.0, 1.0, 1e-06, 0.0, 0.0, 0.0, 0.0, 1.0],
                [1.0, 0.0, -0.0, 0.0, -0.0, 1e-06, -1.0, 0.37472, -0.0, 1.0, 1e-06, 0.0, 0.0, 0.0, 0.0, 1.0]
            ]
        },
        {
            "name": "Torso",
            "time": [0.0, 0.0667, 0.1833, 0.2833, 0.4167, 0.5667, 0.6667, 0.8833, 0.9667, 1.2667, 1.6667, 1.9833],
            "transform": [
                [0.974146, 0.214675, -0.070389, 0.0, -0.221841, 0.850012, -0.477772, 0.05, -0.042734, 0.481035, 0.875659, -0.0, 0.0, 0.0, 0.0, 1.0],
                [0.974146, 0.214675, -0.070389, 0.0, -0.221841, 0.850012, -0.477772, 0.05, -0.042734, 0.481035, 0.875659, 0.0, 0.0, 0.0, 0.0, 1.0],
                [0.974146, 0.214675, -0.070389, -0.0, -0.221841, 0.850012, -0.477772, 0.05, -0.042734, 0.481035, 0.875659, -0.0, 0.0, 0.0, 0.0, 1.0],
                [0.974146, 0.214675, -0.070389, 0.0, -0.221841, 0.850012, -0.477772, 0.05, -0.042734, 0.481035, 0.875659, -0.0, 0.0, 0.0, 0.0, 1.0],
                [0.974146, 0.214675, -0.070389, -0.0, -0.221841, 0.850012, -0.477772, 0.05, -0.042734, 0.481035, 0.875659, -0.0, 0.0, 0.0, 0.0, 1.0],
                [0.974146, 0.214675, -0.070389, -0.0, -0.221841, 0.850012, -0.477772, 0.05, -0.042734, 0.481035, 0.875659, 0.0, 0.0, 0.0, 0.0, 1.0],
                [0.974146, 0.214675, -0.070389, 0.0, -0.221841, 0.850012, -0.477772, 0.05, -0.042734, 0.481035, 0.875659, -0.0, 0.0, 0.0, 0.0, 1.0],
                [0.974146, 0.214675, -0.070389, -0.0, -0.221841, 0.850012, -0.477772, 0.05, -0.042734, 0.481035, 0.875659, -0.0, 0.0, 0.0, 0.0, 1.0],
                [0.974146, 0.214675, -0.070389, -0.0, -0.221841, 0.850012, -0.477772, 0.05, -0.042734, 0.481035, 0.875659, 0.0, 0.0, 0.0, 0.0, 1.0],
                [0.974146, 0.214675, -0.070389, 0.0, -0.221841, 0.850012, -0.477772, 0.05, -0.042734, 0.481035, 0.875659, -0.0, 0.0, 0.0, 0.0, 1.0],
                [0.974146, 0.214675, -0.070389, -0.0, -0.221841, 0.850012, -0.477772, 0.05, -0.042734, 0.481035, 0.875659, -0.0, 0.0, 0.0, 0.0, 1.0],
                [0.974146, 0.214675, -0.070389, -0.0, -0.221841, 0.850012, -0.477772, 0.05, -0.042734, 0.481035, 0.875659, -0.0, 0.0, 0.0, 0.0, 1.0]
            ]
        },
        {
            "name": "Chest",
            "time": [0.0, 0.0667, 0.1833, 0.2833, 0.35, 0.4167, 0.5667, 0.6667, 0.8833, 0.9667, 1.0333, 1.2667, 1.6667, 1.9833],
            "transform": [
                [0.889715, 0.127525, -0.438344, 0.0, -0.01627, 0.968439, 0.24872, 0.3, 0.456227, -0.214158, 0.863709, 0.0, 0.0, 0.0, 0.0, 1.0],
                [0.891363, 0.147057, -0.428773, 0.0, -0.037349, 0.966523, 0.253848, 0.3, 0.451749, -0.210256, 0.867015, -0.0, 0.0, 0.0, 0.0, 1.0],
                [0.898974, 0.251842, -0.35836, -0.0, -0.154842, 0.948068, 0.277833, 0.3, 0.40972, -0.194275, 0.891284, 0.0, 0.0, 0.0, 0.0, 1.0],
                [0.905806, 0.340849, -0.25167, 0.0, -0.265688, 0.919641, 0.289257, 0.3, 0.330039, -0.195145, 0.923576, -0.0, 0.0, 0.0, 0.0, 1.0],
                [0.918624, 0.360956, -0.160751, -0.0, -0.305515, 0.906837, 0.290356, 0.3, 0.25058, -0.217616, 0.94332, -0.0, 0.0, 0.0, 0.0, 1.0],
                [0.94841, 0.31187, -0.057056, 0.0, -0.282822, 0.913549, 0.292302, 0.3, 0.143283, -0.261085, 0.954623, 0.0, 0.0, 0.0, 0.0, 1.0],
                [0.98454, -0.032223, 0.172171, -0.0, -0.028012, 0.941317, 0.336358, 0.3, -0.172905, -0.335981, 0.925862, 0.0, 0.0, 0.0, 0.0, 1.0],
                [0.93154, -0.204921, 0.3004, 0.0, 0.079116, 0.920518, 0.382605, 0.3, -0.354928, -0.332646, 0.873712, -0.0, 0.0, 0.0, 0.0, 1.0],
                [0.806645, -0.299295, 0.509653, -0.0, 0.062782, 0.900816, 0.429639, 0.3, -0.587692, -0.314569, 0.74543, 0.0, 0.0, 0.0, 0.0, 1.0],
                [0.895646, -0.288868, 0.338193, -0.0, 0.254581, 0.956458, 0.142747, 0.3, -0.364702, -0.041753, 0.930188, 0.0, 0.0, 0.0, 0.0, 1.0],
                [0.980626, -0.04906, 0.189645, -0.0, 0.027833, 0.993204, 0.113013, 0.3, -0.193901, -0.105545, 0.975327, -0.0, 0.0, 0.0, 0.0, 1.0],
                [0.984517, 0.023649, -0.173685, 0.0, -0.009108, 0.99642, 0.084043, 0.3, 0.175051, -0.081159, 0.981209, -0.0, 0.0, 0.0, 0.0, 1.0],
                [0.968051, 0.008659, -0.250605, -0.0, 0.026078, 0.990508, 0.134961, 0.3, 0.249395, -0.137184, 0.958636, -0.0, 0.0, 0.0, 0.0, 1.0],
                [0.968051, 0.008659, -0.250605, -0.0, 0.026078, 0.990508, 0.134961, 0.3, 0.249395, -0.137184, 0.958636, -0.0, 0.0, 0.0, 0.0, 1.0]
            ]
        },
        {
            "name": "Head",
            "time": [0.0, 0.0667, 0.1833, 0.2833, 0.4167, 0.5667, 0.6667, 0.8833, 0.9667, 1.2667, 1.6667, 1.9833],
            "transform": [
                [0.793245, -0.100418, 0.600565, 0.0, 0.148187, 0.988491, -0.030449, 0.4, -0.590595, 0.113149, 0.798996, -0.0, 0.0, 0.0, 0.0, 1.0],
                [0.814647, -0.100898, 0.571112, -0.0, 0.147389, 0.988437, -0.035613, 0.4, -0.560916, 0.113188, 0.820099, -0.0, 0.0, 0.0, 0.0, 1.0],
                [0.962613, -0.104934, 0.249729, 0.0, 0.129364, 0.988078, -0.083472, 0.4, -0.237993, 0.112657, 0.964711, 0.0, 0.0, 0.0, 0.0, 1.0],
                [0.987477, -0.106834, -0.116083, 0.0, 0.092382, 0.98804, -0.123458, 0.4, 0.127884, 0.111188, 0.985537, -0.0, 0.0, 0.0, 0.0, 1.0],
                [0.794207, -0.107223, -0.598113, 0.0, 0.019281, 0.98826, -0.151562, 0.4, 0.607341, 0.10884, 0.78695, 0.0, 0.0, 0.0, 0.0, 1.0],
                [0.441866, -0.104565, -0.890966, 0.0, -0.051921, 0.988538, -0.141765, 0.4, 0.895577, 0.108901, 0.431372, -0.0, 0.0, 0.0, 0.0, 1.0],
                [0.334604, -0.100418, -0.936993, 0.0, -0.073548, 0.98849, -0.132202, 0.4, 0.939484, 0.11315, 0.323367, 0.0, 0.0, 0.0, 0.0, 1.0],
                [0.456051, -0.083206, -0.886055, 0.0, -0.068489, 0.989386, -0.128161, 0.4, 0.887314, 0.119133, 0.445512, -0.0, 0.0, 0.0, 0.0, 1.0],
                [0.770895, -0.049903, -0.635005, -0.0, -0.037702, 0.991603, -0.123697, 0.4, 0.635846, 0.119298, 0.76254, 0.0, 0.0, 0.0, 0.0, 1.0],
                [0.394936, -0.095309, 0.913751, 0.0, 0.139247, 0.989323, 0.043007, 0.4, -0.908094, 0.110252, 0.403991, 0.0, 0.0, 0.0, 0.0, 1.0],
                [0.341577, -0.100418, 0.934474, 0.0, 0.141063, 0.98849, 0.05466, 0.4, -0.929207, 0.113149, 0.351811, -0.0, 0.0, 0.0, 0.0, 1.0],
                [0.341577, -0.100418, 0.934474, 0.0, 0.141063, 0.98849, 0.05466, 0.4, -0.929207, 0.113149, 0.351811, -0.0, 0.0, 0.0, 0.0, 1.0]
            ]
        },
        {
            "name": "Shoulder_R",
            "time": [0.0, 0.0667, 0.1833, 0.2833, 0.4167, 0.5667, 0.6667, 0.8833, 0.9667, 1.0333, 1.1167, 1.6667, 1.9833],
            "transform": [
                [0.057091, 0.869653, 0.490351, 0.0, 0.088498, -0.493627, 0.86516, 0.4, 0.994439, -0.005998, -0.105144, -0.0, 0.0, 0.0, 0.0, 1.0],
                [0.062769, 0.870487, 0.488172, -0.0, 0.084632, -0.492017, 0.866462, 0.4, 0.994433, -0.013072, -0.104555, -0.0, 0.0, 0.0, 0.0, 1.0],
                [0.114736, 0.876406, 0.467704, 0.0, 0.049999, -0.475311, 0.878396, 0.4, 0.992137, -0.077399, -0.098355, 0.0, 0.0, 0.0, 0.0, 1.0],
                [0.16452, 0.88016, 0.445254, 0.0, 0.018354, -0.454059, 0.890783, 0.4, 0.986203, -0.13838, -0.090856, -0.0, 0.0, 0.0, 0.0, 1.0],
                [0.234435, 0.880459, 0.412106, 0.0, -0.023354, -0.418697, 0.907826, 0.4, 0.971851, -0.22245, -0.077595, 0.0, 0.0, 0.0, 0.0, 1.0],
                [0.30111, 0.876585, 0.375407, 0.0, -0.05919, -0.375738, 0.924834, 0.4, 0.951751, -0.300697, -0.061253, -0.0, 0.0, 0.0, 0.0, 1.0],
                [0.318652, 0.87884, 0.355106, 0.0, -0.065684, -0.353261, 0.933216, 0.4, 0.945593, -0.320696, -0.054841, 0.0, 0.0, 0.0, 0.0, 1.0],
                [0.310299, 0.892709, 0.326779, 0.0, -0.050614, -0.327745, 0.943409, 0.4, 0.949291, -0.309279, -0.056515, -0.0, 0.0, 0.0, 0.0, 1.0],
                [0.230389, 0.966532, 0.112856, -0.0, -0.029851, -0.108901, 0.993604, 0.4, 0.97264, -0.232285, 0.003762, 0.0, 0.0, 0.0, 0.0, 1.0],
                [0.048058, 0.947716, -0.315476, -0.0, 0.010685, 0.315335, 0.94892, 0.4, 0.998787, -0.048974, 0.005028, -0.0, 0.0, 0.0, 0.0, 1.0],
                [-0.105927, 0.977161, 0.184215, 0.0, 0.097881, -0.174111, 0.979849, 0.4, 0.989545, 0.121823, -0.077203, 0.0, 0.0, 0.0, 0.0, 1.0],
                [-0.109487, 0.928392, 0.355106, 0.0, 0.099779, -0.345183, 0.933216, 0.4, 0.988967, 0.137608, -0.054841, -0.0, 0.0, 0.0, 0.0, 1.0],
                [-0.109487, 0.928392, 0.355106, 0.0, 0.099779, -0.345183, 0.933216, 0.4, 0.988967, 0.137608, -0.054841, -0.0, 0.0, 0.0, 0.0, 1.0]
            ]
        },
        {
            "name": "Arm_R",
            "time": [0.0, 0.0667, 0.1833, 0.2833, 0.4167, 0.5667, 0.6667, 0.8833, 0.9667, 1.0333, 1.1167, 1.6667, 1.9833],
            "transform": [
                [0.569109, 0.585841, -0.57698, 0.0, 0.072274, 0.663343, 0.744818, 0.39386, 0.81908, -0.465583, 0.335173, 0.0, 0.0, 0.0, 0.0, 1.0],
                [0.562459, 0.580666, -0.588614, -0.0, 0.081311, 0.6696, 0.738257, 0.39386, 0.822817, -0.463101, 0.329408, -0.0, 0.0, 0.0, 0.0, 1.0],
                [0.488849, 0.519011, -0.701181, 0.0, 0.168402, 0.732505, 0.659604, 0.39386, 0.85596, -0.440527, 0.270682, -0.0, 0.0, 0.0, 0.0, 1.0],
                [0.377484, 0.410601, -0.830007, -0.0, 0.266784, 0.810096, 0.522083, 0.39386, 0.886753, -0.418511, 0.196257, -0.0, 0.0, 0.0, 0.0, 1.0],
                [0.154999, 0.192732, -0.968932, -0.0, 0.380078, 0.893661, 0.23856, 0.39386, 0.911875, -0.405247, 0.065263, 0.0, 0.0, 0.0, 0.0, 1.0],
                [-0.153245, -0.118807, -0.98102, 0.0, 0.412262, 0.894541, -0.172733, 0.39386, 0.898085, -0.430907, -0.088104, 0.0, 0.0, 0.0, 0.0, 1.0],
                [-0.340159, -0.344093, -0.875152, 0.0, 0.356257, 0.814122, -0.458569, 0.39386, 0.870272, -0.467766, -0.154346, -0.0, 0.0, 0.0, 0.0, 1.0],
                [-0.536514, -0.784629, -0.310661, 0.0, -0.011855, 0.375101, -0.926908, 0.393861, 0.843808, -0.493616, -0.210549, -0.0, 0.0, 0.0, 0.0, 1.0],
                [-0.225756, -0.554288, -0.801123, -0.0, -0.406044, 0.801055, -0.439817, 0.39386, 0.885529, 0.226, -0.405908, -0.0, 0.0, 0.0, 0.0, 1.0],
                [0.342088, -0.008102, -0.939633, -0.0, -0.160933, 0.984683, -0.06708, 0.393861, 0.925784, 0.174165, 0.335545, -0.0, 0.0, 0.0, 0.0, 1.0],
                [0.138528, 0.688699, -0.71169, 0.0, -0.654085, 0.603211, 0.456409, 0.393861, 0.743628, 0.40228, 0.534029, -0.0, 0.0, 0.0, 0.0, 1.0],
                [-0.117381, 0.326635, -0.937833, -0.0, -0.482549, 0.806621, 0.341332, 0.393861, 0.867967, 0.492617, 0.062935, 0.0, 0.0, 0.0, 0.0, 1.0],
                [-0.117381, 0.326635, -0.937833, -0.0, -0.482549, 0.806621, 0.341332, 0.393861, 0.867967, 0.492617, 0.062935, 0.0, 0.0, 0.0, 0.0, 1.0]
            ]
        },
        {
            "name": "Hand_R",
            "time": [0.0, 0.0667, 0.1833, 0.2833, 0.4167, 0.5667, 0.6667, 0.8833, 0.9667, 1.2667, 1.6667, 1.9833],
            "transform": [
                [0.999998, -7.1e-05, 0.001822, -0.0, 0.000868, 0.897324, -0.441372, 0.3, -0.001603, 0.441373, 0.897323, -0.0, 0.0, 0.0, 0.0, 1.0],
                [0.999998, -7.1e-05, 0.001822, -0.0, 0.000868, 0.897324, -0.441372, 0.3, -0.001603, 0.441373, 0.897322, -0.0, 0.0, 0.0, 0.0, 1.0],
                [0.999998, -7.1e-05, 0.001822, 0.0, 0.000868, 0.897324, -0.441372, 0.3, -0.001603, 0.441373, 0.897322, 0.0, 0.0, 0.0, 0.0, 1.0],
                [0.999998, -7.1e-05, 0.001822, 0.0, 0.000868, 0.897324, -0.441372, 0.3, -0.001603, 0.441373, 0.897322, -0.0, 0.0, 0.0, 0.0, 1.0],
                [0.999998, -7.1e-05, 0.001822, -0.0, 0.000868, 0.897324, -0.441372, 0.3, -0.001603, 0.441373, 0.897322, -0.0, 0.0, 0.0, 0.0, 1.0],
                [0.999998, -7.1e-05, 0.001822, 0.0, 0.000868, 0.897324, -0.441372, 0.3, -0.001603, 0.441373, 0.897322, 0.0, 0.0, 0.0, 0.0, 1.0],
                [0.999998, -7.1e-05, 0.001822, -0.0, 0.000868, 0.897324, -0.441372, 0.3, -0.001603, 0.441373, 0.897323, 0.0, 0.0, 0.0, 0.0, 1.0],
                [0.999998, -0.000742, 0.001665, -0.0, 0.000868, 0.997053, -0.076709, 0.3, -0.001603, 0.076711, 0.997052, -0.0, 0.0, 0.0, 0.0, 1.0],
                [0.999998, -0.000261, 0.001804, -0.0, 0.000868, 0.938564, -0.345104, 0.3, -0.001603, 0.345105, 0.938563, -0.0, 0.0, 0.0, 0.0, 1.0],
                [0.999998, -0.000875, 0.0016, 0.0, 0.000868, 0.99999, 0.004397, 0.3, -0.001603, -0.004396, 0.999989, 0.0, 0.0, 0.0, 0.0, 1.0],
                [0.999998, -0.000481, 0.001759, -0.0, 0.000868, 0.97383, -0.227276, 0.3, -0.001603, 0.227278, 0.973829, -0.0, 0.0, 0.0, 0.0, 1.0],
                [0.999998, -0.000481, 0.001759, -0.0, 0.000868, 0.97383, -0.227276, 0.3, -0.001603, 0.227278, 0.973829, -0.0, 0.0, 0.0, 0.0, 1.0]
            ]
        },
        {
            "name": "Tool_R",
            "time": [0.0, 0.0667, 0.1833, 0.2833, 0.35, 0.4167, 0.5667, 0.6667, 0.8833, 0.9667, 1.2667, 1.6667, 1.9833],
            "transform": [
                [0.999114, -0.040797, 0.010373, 0.015054, -0.028606, -0.838785, -0.543711, 0.243316, 0.030864, 0.542602, -0.838717, 0.024459, 0.0, 0.0, 0.0, 1.0],
                [0.999112, -0.039943, 0.013378, 0.015054, -0.02862, -0.876713, -0.480162, 0.243316, 0.030889, 0.47906, -0.876564, 0.024459, 0.0, 0.0, 0.0, 1.0],
                [0.999108, -0.031187, 0.028477, 0.015054, -0.028698, -0.996056, -0.083959, 0.243316, 0.030965, 0.083006, -0.995473, 0.024459, 0.0, 0.0, 0.0, 1.0],
                [0.999107, -0.018883, 0.037784, 0.015054, -0.028726, -0.959552, 0.280061, 0.243316, 0.030949, -0.28074, -0.958668, 0.024459, 0.0, 0.0, 0.0, 1.0],
                [0.999113, -0.015094, 0.039312, 0.015054, -0.028627, -0.928111, 0.371202, 0.243316, 0.030865, -0.371788, -0.927166, 0.024459, 0.0, 0.0, 0.0, 1.0],
                [0.999118, -0.016119, 0.038783, 0.015054, -0.028538, -0.938055, 0.34531, 0.243316, 0.030796, -0.345917, -0.937128, 0.024459, 0.0, 0.0, 0.0, 1.0],
                [0.999108, -0.025093, 0.033949, 0.015054, -0.0287, -0.993485, 0.110287, 0.243316, 0.030942, -0.111108, -0.99273, 0.024459, 0.0, 0.0, 0.0, 1.0],
                [0.999113, -0.031508, 0.027926, 0.015054, -0.028616, -0.994725, -0.098506, 0.243316, 0.030864, 0.097551, -0.994157, 0.024459, 0.0, 0.0, 0.0, 1.0],
                [0.999114, -0.040797, 0.010373, 0.015054, -0.028606, -0.838785, -0.543711, 0.243316, 0.030864, 0.542602, -0.838717, 0.024459, 0.0, 0.0, 0.0, 1.0],
                [0.999114, -0.040797, 0.010373, 0.015053, -0.028606, -0.838785, -0.543711, 0.243316, 0.030864, 0.542602, -0.838717, 0.024459, 0.0, 0.0, 0.0, 1.0],
                [0.999114, -0.040797, 0.010373, 0.015054, -0.028606, -0.838785, -0.543711, 0.243316, 0.030864, 0.542602, -0.838718, 0.024459, 0.0, 0.0, 0.0, 1.0],
                [0.999114, -0.040797, 0.010373, 0.015054, -0.028606, -0.838785, -0.543711, 0.243316, 0.030864, 0.542602, -0.838717, 0.024459, 0.0, 0.0, 0.0, 1.0],
                [0.999114, -0.040797, 0.010373, 0.015054, -0.028606, -0.838785, -0.543711, 0.243316, 0.030864, 0.542602, -0.838717, 0.024459, 0.0, 0.0, 0.0, 1.0]
            ]
        },
        {
            "name": "Elbow_R",
            "time": [0.0, 0.0667, 0.1833, 0.2833, 0.4167, 0.5667, 0.6667, 0.8833, 0.9667, 1.2667, 1.6667, 1.9833],
            "transform": [
                [-1.0, 0.0, -0.0, -0.0, 0.0, -0.0, -1.0, 0.341622, -0.0, -1.0, 0.0, 0.0, 0.0, 0.0, 0.0, 1.0],
                [-1.0, 0.0, -0.0, -0.0, -0.0, 0.0, -1.0, 0.341622, -0.0, -1.0, 0.0, -0.0, 0.0, 0.0, 0.0, 1.0],
                [-1.0, 0.0, 0.0, 0.0, 0.0, -0.0, -1.0, 0.341622, -0.0, -1.0, 0.0, 0.0, 0.0, 0.0, 0.0, 1.0],
                [-1.0, 0.0, -0.0, 0.0, 0.0, -0.0, -1.0, 0.341622, -0.0, -1.0, 0.0, -0.0, 0.0, 0.0, 0.0, 1.0],
                [-1.0, 0.0, 0.0, -0.0, 0.0, 0.0, -1.0, 0.341622, -0.0, -1.0, 0.0, -0.0, 0.0, 0.0, 0.0, 1.0],
                [-1.0, 0.0, -0.0, 0.0, 0.0, -0.0, -1.0, 0.341622, -0.0, -1.0, 0.0, 0.0, 0.0, 0.0, 0.0, 1.0],
                [-1.0, 0.0, -0.0, -0.0, 0.0, -0.0, -1.0, 0.341622, -0.0, -1.0, 0.0, 0.0, 0.0, 0.0, 0.0, 1.0],
                [-1.0, 0.0, 0.0, -0.0, 0.0, -0.0, -1.0, 0.341622, -0.0, -1.0, 0.0, -0.0, 0.0, 0.0, 0.0, 1.0],
                [-1.0, 0.0, -0.0, -0.0, 0.0, -0.0, -1.0, 0.341622, -0.0, -1.0, 0.0, -0.0, 0.0, 0.0, 0.0, 1.0],
                [-1.0, 0.0, -0.0, 0.0, 0.0, 0.0, -1.0, 0.341622, -0.0, -1.0, 0.0, 0.0, 0.0, 0.0, 0.0, 1.0],
                [-1.0, 0.0, 0.0, -0.0, 0.0, -0.0, -1.0, 0.341622, -0.0, -1.0, 0.0, -0.0, 0.0, 0.0, 0.0, 1.0],
                [-1.0, 0.0, 0.0, -0.0, 0.0, -0.0, -1.0, 0.341622, -0.0, -1.0, 0.0, -0.0, 0.0, 0.0, 0.0, 1.0]
            ]
        },
        {
            "name": "Shoulder_L",
            "time": [0.0, 0.0667, 0.1833, 0.2833, 0.4167, 0.5667, 0.6667, 0.8833, 0.9667, 1.2667, 1.6667, 1.9833],
            "transform": [
                [0.168462, -0.925644, -0.338827, 0.0, 0.121884, -0.32154, 0.939019, 0.4, -0.978144, -0.199486, 0.058654, -0.0, 0.0, 0.0, 0.0, 1.0],
                [0.185483, -0.922384, -0.338827, -0.0, 0.127786, -0.319241, 0.939019, 0.4, -0.974303, -0.21747, 0.058654, -0.0, 0.0, 0.0, 0.0, 1.0],
                [0.339254, -0.877555, -0.338827, 0.0, 0.180085, -0.292939, 0.939019, 0.4, -0.923296, -0.379583, 0.058654, 0.0, 0.0, 0.0, 0.0, 1.0],
                [0.479037, -0.809765, -0.338827, 0.0, 0.225835, -0.259311, 0.939019, 0.4, -0.848246, -0.526344, 0.058654, -0.0, 0.0, 0.0, 0.0, 1.0],
                [0.652332, -0.677982, -0.338827, 0.0, 0.27939, -0.200462, 0.939019, 0.4, -0.704559, -0.707217, 0.058654, 0.0, 0.0, 0.0, 0.0, 1.0],
                [0.782774, -0.521977, -0.338827, 0.0, 0.315938, -0.135746, 0.939019, 0.4, -0.536141, -0.842088, 0.058654, -0.0, 0.0, 0.0, 0.0, 1.0],
                [0.809067, -0.480215, -0.338827, 0.0, 0.322621, -0.118994, 0.939019, 0.4, -0.49125, -0.869042, 0.058654, 0.0, 0.0, 0.0, 0.0, 1.0],
                [0.809067, -0.480216, -0.338827, 0.0, 0.322621, -0.118994, 0.939019, 0.4, -0.49125, -0.869042, 0.058654, -0.0, 0.0, 0.0, 0.0, 1.0],
                [0.937148, 0.207184, -0.280765, -0.0, 0.331313, -0.275889, 0.902284, 0.4, 0.109479, -0.938595, -0.327192, 0.0, 0.0, 0.0, 0.0, 1.0],
                [0.168462, -0.925644, -0.338827, 0.0, 0.121884, -0.32154, 0.939019, 0.4, -0.978144, -0.199486, 0.058654, 0.0, 0.0, 0.0, 0.0, 1.0],
                [0.168462, -0.925644, -0.338827, 0.0, 0.121884, -0.321541, 0.939019, 0.4, -0.978143, -0.199486, 0.058654, -0.0, 0.0, 0.0, 0.0, 1.0],
                [0.168462, -0.925644, -0.338827, 0.0, 0.121884, -0.321541, 0.939019, 0.4, -0.978143, -0.199486, 0.058654, -0.0, 0.0, 0.0, 0.0, 1.0]
            ]
        },
        {
            "name": "Arm_L",
            "time": [0.0, 0.0667, 0.1833, 0.2833, 0.35, 0.4167, 0.5667, 0.6667, 0.8833, 0.9667, 1.0333, 1.2667, 1.6667, 1.9833],
            "transform": [
                [-0.233956, 0.4827, 0.843958, 0.0, -0.127658, 0.845282, -0.518846, 0.39386, -0.96383, -0.229125, -0.136139, 0.0, 0.0, 0.0, 0.0, 1.0],
                [-0.201069, 0.432051, 0.879149, -0.0, -0.14317, 0.874879, -0.462697, 0.39386, -0.969058, -0.218902, -0.114055, -0.0, 0.0, 0.0, 0.0, 1.0],
                [0.085113, 0.036321, 0.995709, -0.0, -0.229349, 0.973214, -0.015896, 0.39386, -0.969616, -0.227012, 0.091164, 0.0, 0.0, 0.0, 0.0, 1.0],
                [0.508826, -0.401532, 0.761491, -0.0, -0.224835, 0.791875, 0.567787, 0.39386, -0.830991, -0.460115, 0.312649, 0.0, 0.0, 0.0, 0.0, 1.0],
                [0.765338, -0.442542, 0.467349, -0.0, -0.185385, 0.543774, 0.8185, 0.39386, -0.616353, -0.713068, 0.334131, 0.0, 0.0, 0.0, 0.0, 1.0],
                [0.936885, -0.231461, 0.262054, 0.0, -0.197935, 0.266719, 0.94323, 0.39386, -0.288216, -0.935567, 0.20407, -0.0, 0.0, 0.0, 0.0, 1.0],
                [0.880682, 0.443494, 0.166469, 0.0, -0.03915, -0.282074, 0.958593, 0.39386, 0.472088, -0.850733, -0.231055, -0.0, 0.0, 0.0, 0.0, 1.0],
                [0.782188, 0.606903, 0.140894, -0.0, 0.077368, -0.319001, 0.944591, 0.39386, 0.618221, -0.727947, -0.296474, 0.0, 0.0, 0.0, 0.0, 1.0],
                [0.854103, 0.475636, -0.210426, -0.0, 0.195559, 0.081212, 0.977324, 0.39386, 0.481939, -0.875885, -0.023652, -0.0, 0.0, 0.0, 0.0, 1.0],
                [0.126061, 0.936647, -0.326803, -0.0, -0.291884, 0.34987, 0.890166, 0.39386, 0.94811, -0.016827, 0.317498, 0.0, 0.0, 0.0, 0.0, 1.0],
                [0.008292, 0.987237, 0.15904, -0.0, -0.642013, -0.11668, 0.757763, 0.39386, 0.766648, -0.108389, 0.632852, 0.0, 0.0, 0.0, 0.0, 1.0],
                [-0.236795, 0.948151, 0.211986, -0.0, -0.128807, 0.185628, -0.974141, 0.39386, -0.962983, -0.257977, 0.078173, -0.0, 0.0, 0.0, 0.0, 1.0],
                [-0.233956, 0.142596, 0.961733, -0.0, -0.127658, 0.976116, -0.175783, 0.39386, -0.96383, -0.163898, -0.210165, 0.0, 0.0, 0.0, 0.0, 1.0],
                [-0.233956, 0.142596, 0.961733, -0.0, -0.127658, 0.976116, -0.175783, 0.39386, -0.96383, -0.163898, -0.210165, 0.0, 0.0, 0.0, 0.0, 1.0]
            ]
        },
        {
            "name": "Hand_L",
            "time": [0.0, 0.0667, 0.1833, 0.2833, 0.4167, 0.5667, 0.6667, 0.8833, 0.9667, 1.0333, 1.2667, 1.6667, 1.9833],
            "transform": [
                [0.999993, -0.003406, -0.001678, 0.0, 0.000938, 0.64979, -0.760113, 0.3, 0.003679, 0.760106, 0.649789, 0.0, 0.0, 0.0, 0.0, 1.0],
                [0.999993, -0.003383, -0.001724, 0.0, 0.000938, 0.66016, -0.751125, 0.3, 0.003679, 0.751118, 0.660158, 0.0, 0.0, 0.0, 0.0, 1.0],
                [0.999993, -0.003139, -0.002135, 0.0, 0.000938, 0.749305, -0.662225, 0.3, 0.003679, 0.662218, 0.749303, -0.0, 0.0, 0.0, 0.0, 1.0],
                [0.999993, -0.002858, -0.002499, -0.0, 0.000938, 0.823783, -0.566905, 0.3, 0.003679, 0.566899, 0.823779, -0.0, 0.0, 0.0, 0.0, 1.0],
                [0.999993, -0.002396, -0.002945, -0.0, 0.000938, 0.90757, -0.419901, 0.3, 0.003679, 0.419895, 0.907565, 0.0, 0.0, 0.0, 0.0, 1.0],
                [0.999993, -0.001898, -0.003288, -0.0, 0.000938, 0.962731, -0.27046, 0.3, 0.003679, 0.270455, 0.962726, -0.0, 0.0, 0.0, 0.0, 1.0],
                [0.999993, -0.001768, -0.00336, 0.0, 0.000938, 0.972548, -0.232703, 0.3, 0.003679, 0.232698, 0.972542, -0.0, 0.0, 0.0, 0.0, 1.0],
                [0.999993, -0.001768, -0.00336, 0.0, 0.000938, 0.972548, -0.232703, 0.3, 0.003679, 0.232698, 0.972542, 0.0, 0.0, 0.0, 0.0, 1.0],
                [0.999993, -0.001916, -0.003278, 0.0, 0.000938, 0.961285, -0.275557, 0.3, 0.003679, 0.275552, 0.961279, 0.0, 0.0, 0.0, 0.0, 1.0],
                [0.999993, -0.000865, -0.003697, 0.0, 0.000938, 0.999804, 0.019768, 0.3, 0.003679, -0.019771, 0.999798, -0.0, 0.0, 0.0, 0.0, 1.0],
                [0.999993, -0.003767, -0.000471, -0.0, 0.000938, 0.365355, -0.930868, 0.3, 0.003679, 0.930861, 0.365356, 0.0, 0.0, 0.0, 0.0, 1.0],
                [0.999993, -0.003777, -0.000385, -0.0, 0.000938, 0.344036, -0.938956, 0.3, 0.003679, 0.938949, 0.344037, -0.0, 0.0, 0.0, 0.0, 1.0],
                [0.999993, -0.003777, -0.000385, -0.0, 0.000938, 0.344036, -0.938956, 0.3, 0.003679, 0.938949, 0.344037, -0.0, 0.0, 0.0, 0.0, 1.0]
            ]
        },
        {
            "name": "Tool_L",
            "time": [0.0, 0.0667, 0.1833, 0.2833, 0.4167, 0.5667, 0.6667, 0.8833, 0.9667, 1.2667, 1.6667, 1.9833],
            "transform": [
                [0.997004, 0.01104, -0.076554, -0.0, -0.036659, -0.804079, -0.593391, 0.272858, -0.068067, 0.594062, -0.8008, -0.0, 0.0, 0.0, 0.0, 1.0],
                [0.997004, 0.01104, -0.076554, -0.0, -0.036659, -0.804079, -0.593391, 0.272858, -0.068067, 0.594062, -0.8008, -0.0, 0.0, 0.0, 0.0, 1.0],
                [0.997004, 0.01104, -0.076554, 0.0, -0.036659, -0.804079, -0.593391, 0.272858, -0.068067, 0.594062, -0.8008, -0.0, 0.0, 0.0, 0.0, 1.0],
                [0.997004, 0.01104, -0.076554, -0.0, -0.036659, -0.804079, -0.593391, 0.272858, -0.068067, 0.594062, -0.8008, -0.0, 0.0, 0.0, 0.0, 1.0],
                [0.997004, 0.01104, -0.076554, 0.0, -0.036659, -0.804079, -0.593391, 0.272858, -0.068067, 0.594062, -0.8008, -0.0, 0.0, 0.0, 0.0, 1.0],
                [0.997004, 0.01104, -0.076554, -0.0, -0.036659, -0.804079, -0.593391, 0.272858, -0.068067, 0.594062, -0.8008, -0.0, 0.0, 0.0, 0.0, 1.0],
                [0.997004, 0.01104, -0.076554, 0.0, -0.036659, -0.804079, -0.593391, 0.272858, -0.068067, 0.594062, -0.8008, -0.0, 0.0, 0.0, 0.0, 1.0],
                [0.997004, 0.01104, -0.076554, -0.0, -0.036659, -0.804079, -0.593391, 0.272858, -0.068067, 0.594062, -0.8008, -0.0, 0.0, 0.0, 0.0, 1.0],
                [0.997004, 0.01104, -0.076554, -0.0, -0.036659, -0.804079, -0.593391, 0.272858, -0.068067, 0.594062, -0.8008, -0.0, 0.0, 0.0, 0.0, 1.0],
                [0.997004, 0.01104, -0.076554, -0.0, -0.036659, -0.804079, -0.593391, 0.272858, -0.068067, 0.594062, -0.800801, -0.0, 0.0, 0.0, 0.0, 1.0],
                [0.997004, 0.01104, -0.076554, -0.0, -0.036659, -0.804079, -0.593391, 0.272858, -0.068067, 0.594062, -0.8008, -0.0, 0.0, 0.0, 0.0, 1.0],
                [0.997004, 0.01104, -0.076554, -0.0, -0.036659, -0.804079, -0.593391, 0.272858, -0.068067, 0.594062, -0.8008, -0.0, 0.0, 0.0, 0.0, 1.0]
            ]
        },
        {
            "name": "Elbow_L",
            "time": [0.0, 0.0667, 0.1833, 0.2833, 0.4167, 0.5667, 0.6667, 0.8833, 0.9667, 1.2667, 1.6667, 1.9833],
            "transform": [
                [-1.0, 0.0, -0.0, 2.7e-05, 0.0, -0.0, -1.0, 0.334301, -0.0, -1.0, -0.0, -0.002121, 0.0, 0.0, 0.0, 1.0],
                [-1.0, 0.0, -0.0, 2.7e-05, 0.0, -0.0, -1.0, 0.334302, -0.0, -1.0, -0.0, -0.002121, 0.0, 0.0, 0.0, 1.0],
                [-1.0, 0.0, -0.0, 2.7e-05, 0.0, -0.0, -1.0, 0.334302, -0.0, -1.0, -0.0, -0.002121, 0.0, 0.0, 0.0, 1.0],
                [-1.0, 0.0, -0.0, 2.7e-05, 0.0, -0.0, -1.0, 0.334301, -0.0, -1.0, -0.0, -0.002121, 0.0, 0.0, 0.0, 1.0],
                [-1.0, 0.0, -0.0, 2.7e-05, 0.0, -0.0, -1.0, 0.334302, -0.0, -1.0, -0.0, -0.002121, 0.0, 0.0, 0.0, 1.0],
                [-1.0, 0.0, -0.0, 2.7e-05, 0.0, -0.0, -1.0, 0.334301, -0.0, -1.0, 0.0, -0.002121, 0.0, 0.0, 0.0, 1.0],
                [-1.0, 0.0, -0.0, 2.7e-05, 0.0, -0.0, -1.0, 0.334301, -0.0, -1.0, -0.0, -0.002121, 0.0, 0.0, 0.0, 1.0],
                [-1.0, 0.0, -0.0, 2.7e-05, 0.0, -0.0, -1.0, 0.334301, -0.0, -1.0, -0.0, -0.002121, 0.0, 0.0, 0.0, 1.0],
                [-1.0, 0.0, -0.0, 2.7e-05, 0.0, -0.0, -1.0, 0.334302, -0.0, -1.0, -0.0, -0.002121, 0.0, 0.0, 0.0, 1.0],
                [-1.0, 0.0, -0.0, 2.7e-05, 0.0, -0.0, -1.0, 0.334301, -0.0, -1.0, -0.0, -0.002121, 0.0, 0.0, 0.0, 1.0],
                [-1.0, 0.0, -0.0, 2.7e-05, 0.0, -0.0, -1.0, 0.334301, -0.0, -1.0, -0.0, -0.002121, 0.0, 0.0, 0.0, 1.0],
                [-1.0, 0.0, -0.0, 2.7e-05, 0.0, -0.0, -1.0, 0.334301, -0.0, -1.0, -0.0, -0.002121, 0.0, 0.0, 0.0, 1.0]
            ]
        }
    ]
}