{
    "animation": [
        {
            "name": "Root",
            "time": [0.0, 0.2167, 0.4167, 0.5167, 0.65, 0.7667, 0.8333, 1.1333, 1.3],
            "transform": [
                [0.854339, 0.028643, -0.518927, -0.000196, -0.51914, 0.0, -0.854689, 0.000946, -0.024481, 0.99959, 0.01487, 0.74699, 0.0, 0.0, 0.0, 1.0],
                [0.683719, -0.00656, -0.729716, 0.001666, -0.729601, 0.013744, -0.683735, -0.186531, 0.014515, 0.999884, 0.004611, 0.680973, 0.0, 0.0, 0.0, 1.0],
                [0.655646, -0.048989, -0.753478, 0.01204, -0.750187, -0.15555, -0.642669, -0.359414, -0.085719, 0.986613, -0.138737, 0.61916, 0.0, 0.0, 0.0, 1.0],
                [0.665349, -0.049606, -0.744882, 0.011713, -0.745659, -0.09242, -0.659888, -0.357791, -0.036107, 0.994484, -0.098481, 0.637004, 0.0, 0.0, 0.0, 1.0],
                [0.93573, -0.17572, -0.305832, 0.008841, -0.181359, 0.503981, -0.84446, -0.149842, 0.302521, 0.845651, 0.439722, 0.79417, 0.0, 0.0, 0.0, 1.0],
                [0.704948, -0.346274, 0.618985, 0.060742, 0.70506, 0.436949, -0.558538, 0.38367, -0.077057, 0.830162, 0.552171, 0.658462, 0.0, 0.0, 0.0, 1.0],
                [0.548176, -0.390648, 0.739525, 0.099652, 0.832015, 0.34476, -0.434617, 0.708159, -0.085177, 0.853543, 0.514014, 0.389416, 0.0, 0.0, 0.0, 1.0],
                [0.540006, -0.379729, 0.751132, 0.099923, 0.841237, 0.271833, -0.467362, 0.677215, -0.026711, 0.884259, 0.466233, 0.487395, 0.0, 0.0, 0.0, 1.0],
                [0.540006, -0.379729, 0.751132, 0.099923, 0.841237, 0.271833, -0.467362, 0.677215, -0.026711, 0.884259, 0.466233, 0.487395, 0.0, 0.0, 0.0, 1.0]
            ]
        },
        {
            "name": "Thigh_R",
            "time": [0.0, 0.1, 0.2167, 0.4167, 0.5167, 0.65, 0.7667, 0.8333, 1.1333, 1.3],
            "transform": [
                [0.988545, 0.148801, -0.025238, 0.124994, 0.148718, -0.988864, -0.005161, -0.002831, -0.025725, 0.001349, -0.999668, -1.2e-05, 0.0, 0.0, 0.0, 1.0],
                [0.952942, 0.258909, -0.157691, 0.124994, 0.300913, -0.870954, 0.388443, -0.002831, -0.03677, -0.417614, -0.90788, -1.2e-05, 0.0, 0.0, 0.0, 1.0],
                [0.954308, 0.225123, -0.196505, 0.124994, 0.153864, -0.93391, -0.322699, -0.002831, -0.256165, 0.27772, -0.925879, -1.2e-05, 0.0, 0.0, 0.0, 1.0],
                [0.884948, 0.381861, -0.266547, 0.124994, 0.40774, -0.911867, 0.047351, -0.002831, -0.224974, -0.150584, -0.962658, -1.2e-05, 0.0, 0.0, 0.0, 1.0],
                [0.856291, 0.43531, -0.277974, 0.124994, 0.40231, -0.899659, -0.169577, -0.002831, -0.323901, 0.033376, -0.945502, -1.2e-05, 0.0, 0.0, 0.0, 1.0],
                [0.991324, 0.079717, -0.104505, 0.124994, 0.129205, -0.736961, 0.663469, -0.002831, -0.024126, -0.671214, -0.74087, -1.2e-05, 0.0, 0.0, 0.0, 1.0],
                [0.828164, 0.539034, 0.153572, 0.124994, -0.305249, 0.203973, 0.930171, -0.002831, 0.47007, -0.817211, 0.333463, -1.2e-05, 0.0, 0.0, 0.0, 1.0],
                [0.597185, 0.778562, -0.192894, 0.124994, -0.257423, 0.413797, 0.873215, -0.002831, 0.759672, -0.471815, 0.447535, -1.2e-05, 0.0, 0.0, 0.0, 1.0],
                [0.597185, 0.795166, 0.105251, 0.124994, -0.257423, 0.065724, 0.964061, -0.002831, 0.759672, -0.602816, 0.243944, -1.2e-05, 0.0, 0.0, 0.0, 1.0],
                [0.597185, 0.795166, 0.105251, 0.124994, -0.257423, 0.065724, 0.964061, -0.002831, 0.759672, -0.602816, 0.243944, -1.2e-05, 0.0, 0.0, 0.0, 1.0]
            ]
        },
        {
            "name": "Leg_R",
            "time": [0.0, 0.1, 0.2167, 0.4167, 0.5167, 0.65, 0.7667, 0.8333, 1.1333, 1.3],
            "transform": [
                [1.0, -0.0, 1e-06, -0.0, 0.0, 0.997612, 0.069073, 0.37472, -1e-06, -0.069073, 0.997611, -0.0, 0.0, 0.0, 0.0, 1.0],
                [1.0, -1e-06, 0.0, 0.0, 0.0, 0.436102, 0.899897, 0.37472, -1e-06, -0.899898, 0.436102, 0.0, 0.0, 0.0, 0.0, 1.0],
                [0.99505, 0.018273, 0.097683, 0.0, -0.033526, 0.987052, 0.156861, 0.37472, -0.093552, -0.15936, 0.982777, -0.0, 0.0, 0.0, 0.0, 1.0],
                [1.0, -1e-06, 1e-06, -0.0, 0.0, 0.669008, 0.743255, 0.37472, -1e-06, -0.743256, 0.669007, 0.0, 0.0, 0.0, 0.0, 1.0],
                [1.0, -1e-06, 1e-06, 0.0, 0.0, 0.712465, 0.701708, 0.37472, -1e-06, -0.701709, 0.712464, 0.0, 0.0, 0.0, 0.0, 1.0],
                [1.0, -1e-06, 0.0, 0.0, 0.0, 0.517613, 0.855614, 0.37472, -1e-06, -0.855616, 0.517612, -0.0, 0.0, 0.0, 0.0, 1.0],
                [1.0, -1e-06, -0.0, -0.0, 0.0, -0.267676, 0.963508, 0.37472, -1e-06, -0.96351, -0.267676, -0.0, 0.0, 0.0, 0.0, 1.0],
                [1.0, -1e-06, 0.0, 0.0, -0.0, -0.001728, 0.999998, 0.37472, -1e-06, -0.999999, -0.001728, 0.0, 0.0, 0.0, 0.0, 1.0],
                [1.0, -1e-06, 0.0, -0.0, -0.0, 0.215353, 0.976536, 0.37472, -1e-06, -0.976537, 0.215352, 0.0, 0.0, 0.0, 0.0, 1.0],
                [1.0, -1e-06, 0.0, -0.0, -0.0, 0.215353, 0.976536, 0.37472, -1e-06, -0.976537, 0.215352, 0.0, 0.0, 0.0, 0.0, 1.0]
            ]
        },
        {
            "name": "Knee_R",
            "time": [0.0, 0.2167, 0.4167, 0.5167, 0.65, 0.7667, 0.8333, 1.1333, 1.3],
            "transform": [
                [1.0, 0.0, -0.0, -0.0, -0.0, 1e-06, -1.0, 0.37472, -0.0, 1.0, 1e-06, -0.0, 0.0, 0.0, 0.0, 1.0],
                [1.0, 0.0, -0.0, 0.0, -0.0, 1e-06, -1.0, 0.37472, -0.0, 1.0, 1e-06, -0.0, 0.0, 0.0, 0.0, 1.0],
                [1.0, 0.0, -0.0, -0.0, -0.0, 1e-06, -1.0, 0.37472, -0.0, 1.0, 1e-06, 0.0, 0.0, 0.0, 0.0, 1.0],
                [1.0, 0.0, -0.0, 0.0, -0.0, 1e-06, -1.0, 0.37472, -0.0, 1.0, 1e-06, 0.0, 0.0, 0.0, 0.0, 1.0],
                [1.0, 0.0, -0.0, 0.0, -0.0, 1e-06, -1.0, 0.37472, -0.0, 1.0, 1e-06, -0.0, 0.0, 0.0, 0.0, 1.0],
                [1.0, 0.0, -0.0, -0.0, -0.0, 0.849738, -0.527205, 0.37472, -0.0, 0.527205, 0.849738, -0.0, 0.0, 0.0, 0.0, 1.0],
                [1.0, 0.0, -0.0, 0.0, -0.0, 1e-06, -1.0, 0.37472, -0.0, 1.0, 1e-06, 0.0, 0.0, 0.0, 0.0, 1.0],
                [1.0, 0.0, -0.0, -0.0, -0.0, 1e-06, -1.0, 0.37472, -0.0, 1.0, 1e-06, 0.0, 0.0, 0.0, 0.0, 1.0],
                [1.0, 0.0, -0.0, -0.0, -0.0, 1e-06, -1.0, 0.37472, -0.0, 1.0, 1e-06, 0.0, 0.0, 0.0, 0.0, 1.0]
            ]
        },
        {
            "name": "Thigh_L",
            "time": [0.0, 0.2167, 0.4167, 0.5167, 0.65, 0.7667, 0.8333, 1.1333, 1.3],
            "transform": [
                [0.869242, -0.150522, -0.470913, -0.125006, -0.021407, -0.96309, 0.268325, -0.002831, -0.493921, -0.223159, -0.840382, -1.2e-05, 0.0, 0.0, 0.0, 1.0],
                [0.741961, -0.363298, -0.563478, -0.125006, -0.027116, -0.856031, 0.516213, -0.002831, -0.669893, -0.367731, -0.644993, -1.2e-05, 0.0, 0.0, 0.0, 1.0],
                [0.709619, -0.440689, -0.549757, -0.125006, -0.032659, -0.799991, 0.599122, -0.002831, -0.703827, -0.407194, -0.582082, -1.2e-05, 0.0, 0.0, 0.0, 1.0],
                [0.731538, -0.447387, -0.514486, -0.125006, -0.047908, -0.786465, 0.615774, -0.002831, -0.680115, -0.425814, -0.596763, -1.2e-05, 0.0, 0.0, 0.0, 1.0],
                [0.927914, -0.36046, -0.095098, -0.125006, -0.234286, -0.762289, 0.603344, -0.002831, -0.289973, -0.537572, -0.79179, -1.2e-05, 0.0, 0.0, 0.0, 1.0],
                [0.914279, -0.402473, 0.045917, -0.125006, -0.392547, -0.852295, 0.345687, -0.002831, -0.099995, -0.334079, -0.937225, -1.2e-05, 0.0, 0.0, 0.0, 1.0],
                [0.658733, -0.746646, -0.092681, -0.125006, -0.668837, -0.637548, 0.382347, -0.002831, -0.344566, -0.189876, -0.919359, -1.2e-05, 0.0, 0.0, 0.0, 1.0],
                [0.701599, -0.706877, -0.089906, -0.125006, -0.62537, -0.6713, 0.397828, -0.002831, -0.341569, -0.222891, -0.913044, -1.2e-05, 0.0, 0.0, 0.0, 1.0],
                [0.701599, -0.706877, -0.089906, -0.125006, -0.62537, -0.6713, 0.397828, -0.002831, -0.341569, -0.222891, -0.913044, -1.2e-05, 0.0, 0.0, 0.0, 1.0]
            ]
        },
        {
            "name": "Leg_L",
            "time": [0.0, 0.2167, 0.4167, 0.5167, 0.65, 0.8333, 1.1333, 1.3],
            "transform": [
                [0.998576, 0.053341, 0.000405, -0.0, -0.051599, 0.963981, 0.260918, 0.37472, 0.013527, -0.260567, 0.965361, -0.0, 0.0, 0.0, 0.0, 1.0],
                [0.999738, -0.018178, -0.013919, -0.0, 0.022775, 0.727398, 0.685838, 0.37472, -0.002342, -0.685975, 0.727622, -0.0, 0.0, 0.0, 0.0, 1.0],
                [0.999313, -0.03108, -0.020214, 0.0, 0.035683, 0.658271, 0.751935, 0.37472, -0.010064, -0.752138, 0.658928, 0.0, 0.0, 0.0, 0.0, 1.0],
                [0.999313, -0.032392, -0.017985, 0.0, 0.035544, 0.701195, 0.712082, 0.37472, -0.010455, -0.712232, 0.701866, -0.0, 0.0, 0.0, 0.0, 1.0],
                [0.999313, -0.037075, 0.000155, -0.0, 0.035683, 0.962918, 0.267422, 0.37472, -0.010064, -0.267233, 0.96358, -0.0, 0.0, 0.0, 0.0, 1.0],
                [0.999313, -0.037075, 0.000155, 0.0, 0.035683, 0.962918, 0.267422, 0.37472, -0.010064, -0.267233, 0.96358, -0.0, 0.0, 0.0, 0.0, 1.0],
                [0.999313, -0.037075, 0.000155, 0.0, 0.035683, 0.962918, 0.267422, 0.37472, -0.010064, -0.267233, 0.96358, -0.0, 0.0, 0.0, 0.0, 1.0],
                [0.999313, -0.037075, 0.000155, 0.0, 0.035683, 0.962918, 0.267422, 0.37472, -0.010064, -0.267233, 0.96358, -0.0, 0.0, 0.0, 0.0, 1.0]
            ]
        },
        {
            "name": "Knee_L",
            "time": [0.0, 0.2167, 0.4167, 0.5167, 0.65, 0.8333, 1.1333, 1.3],
            "transform": [
                [1.0, 0.0, -0.0, -0.0, -0.0, 1e-06, -1.0, 0.37472, -0.0, 1.0, 1e-06, -0.0, 0.0, 0.0, 0.0, 1.0],
                [1.0, 0.0, -0.0, -0.0, -0.0, 1e-06, -1.0, 0.37472, -0.0, 1.0, 1e-06, -0.0, 0.0, 0.0, 0.0, 1.0],
                [1.0, 0.0, -0.0, 0.0, -0.0, 1e-06, -1.0, 0.37472, -0.0, 1.0, 1e-06, 0.0, 0.0, 0.0, 0.0, 1.0],
                [1.0, 0.0, -0.0, 0.0, -0.0, 1e-06, -1.0, 0.37472, -0.0, 1.0, 1e-06, -0.0, 0.0, 0.0, 0.0, 1.0],
                [1.0, 0.0, -0.0, -0.0, -0.0, 1e-06, -1.0, 0.37472, -0.0, 1.0, 1e-06, -0.0, 0.0, 0.0, 0.0, 1.0],
                [1.0, 0.0, -0.0, 0.0, -0.0, 1e-06, -1.0, 0.37472, -0.0, 1.0, 1e-06, -0.0, 0.0, 0.0, 0.0, 1.0],
                [1.0, 0.0, -0.0, 0.0, -0.0, 1e-06, -1.0, 0.37472, -0.0, 1.0, 1e-06, -0.0, 0.0, 0.0, 0.0, 1.0],
                [1.0, 0.0, -0.0, 0.0, -0.0, 1e-06, -1.0, 0.37472, -0.0, 1.0, 1e-06, -0.0, 0.0, 0.0, 0.0, 1.0]
            ]
        },
        {
            "name": "Torso",
            "time": [0.0, 0.2167, 0.4167, 0.5167, 0.65, 0.8333, 1.1333, 1.3],
            "transform": [
                [0.999042, -0.043673, -0.002705, 0.0, 0.04367, 0.999045, -0.001423, 0.05, 0.002765, 0.001304, 0.999995, -0.0, 0.0, 0.0, 0.0, 1.0],
                [0.995863, 0.088519, -0.020533, 0.0, -0.09074, 0.980777, -0.172752, 0.05, 0.004846, 0.1739, 0.984751, -0.0, 0.0, 0.0, 0.0, 1.0],
                [0.993143, 0.113821, -0.026665, -0.0, -0.116875, 0.971656, -0.205487, 0.05, 0.002521, 0.207195, 0.978296, 0.0, 0.0, 0.0, 0.0, 1.0],
                [0.993144, 0.113821, -0.026665, 0.0, -0.116875, 0.971656, -0.205487, 0.05, 0.002521, 0.207195, 0.978297, 0.0, 0.0, 0.0, 0.0, 1.0],
                [0.993143, 0.113821, -0.026665, 0.0, -0.116875, 0.971656, -0.205487, 0.05, 0.002521, 0.207195, 0.978296, -0.0, 0.0, 0.0, 0.0, 1.0],
                [0.974635, 0.222445, 0.024608, 0.0, -0.22325, 0.974053, 0.037149, 0.05, -0.015705, -0.0417, 0.999007, 0.0, 0.0, 0.0, 0.0, 1.0],
                [0.987376, 0.15815, 0.008732, -0.0, -0.157682, 0.986673, -0.040171, 0.05, -0.014968, 0.038287, 0.999155, 0.0, 0.0, 0.0, 0.0, 1.0],
                [0.987376, 0.15815, 0.008732, -0.0, -0.157682, 0.986673, -0.040171, 0.05, -0.014968, 0.038287, 0.999155, 0.0, 0.0, 0.0, 0.0, 1.0]
            ]
        },
        {
            "name": "Chest",
            "time": [0.0, 0.1, 0.2167, 0.4167, 0.5167, 0.65, 0.7167, 0.8333, 1.1333, 1.3],
            "transform": [
                [0.999771, -0.021316, -0.002029, 0.0, 0.021411, 0.994316, 0.104295, 0.3, -0.000206, -0.104315, 0.994544, -0.0, 0.0, 0.0, 0.0, 1.0],
                [0.913338, 0.235106, -0.332475, -0.0, -0.256027, 0.966465, -0.019903, 0.3, 0.316646, 0.1033, 0.942902, 0.0, 0.0, 0.0, 0.0, 1.0],
                [0.850206, 0.098224, -0.517206, -0.0, -0.159221, 0.984406, -0.074783, 0.3, 0.501796, 0.145931, 0.852588, 0.0, 0.0, 0.0, 0.0, 1.0],
                [0.788847, 0.104471, -0.605646, -0.0, -0.203089, 0.974399, -0.096443, 0.3, 0.580065, 0.199079, 0.789869, 0.0, 0.0, 0.0, 0.0, 1.0],
                [0.788847, 0.104471, -0.605646, -0.0, -0.203089, 0.974399, -0.096443, 0.3, 0.580065, 0.199079, 0.789869, 0.0, 0.0, 0.0, 0.0, 1.0],
                [0.788847, 0.104471, -0.605646, 0.0, -0.203089, 0.974399, -0.096443, 0.3, 0.580065, 0.199079, 0.789869, -0.0, 0.0, 0.0, 0.0, 1.0],
                [0.855228, -0.047461, -0.516074, 0.0, 0.018108, 0.997926, -0.061767, 0.3, 0.517935, 0.04348, 0.854314, 0.0, 0.0, 0.0, 0.0, 1.0],
                [0.95984, 0.006049, 0.280481, -0.0, -0.083339, 0.960785, 0.264473, 0.3, -0.267883, -0.277227, 0.922705, 0.0, 0.0, 0.0, 0.0, 1.0],
                [0.96175, -0.020522, 0.27316, 0.0, -0.048014, 0.969123, 0.241858, 0.3, -0.269689, -0.245722, 0.931069, 0.0, 0.0, 0.0, 0.0, 1.0],
                [0.96175, -0.020522, 0.27316, 0.0, -0.048014, 0.969123, 0.241858, 0.3, -0.269689, -0.245722, 0.931069, 0.0, 0.0, 0.0, 0.0, 1.0]
            ]
        },
        {
            "name": "Head",
            "time": [0.0, 0.1, 0.2167, 0.4167, 0.5167, 0.65, 0.8333, 1.1333, 1.3],
            "transform": [
                [0.85311, 0.037721, 0.520365, -0.0, -0.006297, 0.998055, -0.062025, 0.4, -0.521692, 0.049637, 0.851689, -0.0, 0.0, 0.0, 0.0, 1.0],
                [0.576466, -0.300778, 0.75975, -0.0, 0.021256, 0.934994, 0.354027, 0.4, -0.816845, -0.187935, 0.545385, -0.0, 0.0, 0.0, 0.0, 1.0],
                [0.36317, -0.136979, 0.921599, 0.0, 0.009688, 0.989636, 0.143274, 0.4, -0.931673, -0.043104, 0.360733, 0.0, 0.0, 0.0, 0.0, 1.0],
                [0.244828, -0.180732, 0.952573, -0.0, -0.008369, 0.982042, 0.188474, 0.4, -0.96953, -0.054116, 0.238919, 0.0, 0.0, 0.0, 0.0, 1.0],
                [0.262611, -0.176793, 0.948567, 0.0, -0.012809, 0.982346, 0.186635, 0.4, -0.964817, -0.061163, 0.255711, -0.0, 0.0, 0.0, 0.0, 1.0],
                [0.666788, -0.11998, 0.735526, 0.0, -0.0119, 0.985115, 0.171482, 0.4, -0.745152, -0.123095, 0.655436, -0.0, 0.0, 0.0, 0.0, 1.0],
                [0.616346, -0.287216, -0.733229, -0.0, 0.171114, 0.957713, -0.231312, 0.4, 0.76866, 0.017102, 0.639429, 0.0, 0.0, 0.0, 0.0, 1.0],
                [0.616346, -0.11998, -0.778282, -0.0, 0.171114, 0.985115, -0.016355, 0.4, 0.76866, -0.123095, 0.627702, 0.0, 0.0, 0.0, 0.0, 1.0],
                [0.616346, -0.11998, -0.778282, -0.0, 0.171114, 0.985115, -0.016355, 0.4, 0.76866, -0.123095, 0.627702, 0.0, 0.0, 0.0, 0.0, 1.0]
            ]
        },
        {
            "name": "Shoulder_R",
            "time": [0.0, 0.2167, 0.4167, 0.5167, 0.65, 0.8333, 1.1333, 1.3],
            "transform": [
                [0.110305, 0.959352, 0.259762, -0.0, 0.091141, -0.270019, 0.958532, 0.4, 0.98971, -0.082056, -0.11722, -0.0, 0.0, 0.0, 0.0, 1.0],
                [0.065735, 0.996856, 0.044243, 0.0, 0.089907, -0.050075, 0.99469, 0.4, 0.993778, -0.061408, -0.092916, 0.0, 0.0, 0.0, 0.0, 1.0],
                [0.057091, 0.998368, 0.001334, -0.0, 0.088498, -0.006391, 0.996056, 0.4, 0.994439, -0.056748, -0.088719, 0.0, 0.0, 0.0, 0.0, 1.0],
                [0.057091, 0.998368, 0.001333, 0.0, 0.088498, -0.006391, 0.996056, 0.4, 0.994439, -0.056748, -0.088719, -0.0, 0.0, 0.0, 0.0, 1.0],
                [0.057091, 0.998368, 0.001333, 0.0, 0.088498, -0.006391, 0.996056, 0.4, 0.994439, -0.056748, -0.088719, -0.0, 0.0, 0.0, 0.0, 1.0],
                [0.057091, 0.998368, 0.001333, -0.0, 0.088498, -0.006391, 0.996056, 0.4, 0.994439, -0.056748, -0.088719, 0.0, 0.0, 0.0, 0.0, 1.0],
                [0.057091, 0.998368, 0.001334, -0.0, 0.088498, -0.006391, 0.996056, 0.4, 0.994439, -0.056748, -0.088719, 0.0, 0.0, 0.0, 0.0, 1.0],
                [0.057091, 0.998368, 0.001334, -0.0, 0.088498, -0.006391, 0.996056, 0.4, 0.994439, -0.056748, -0.088719, 0.0, 0.0, 0.0, 0.0, 1.0]
            ]
        },
        {
            "name": "Arm_R",
            "time": [0.0, 0.1, 0.2167, 0.4167, 0.5167, 0.65, 0.7167, 0.7667, 0.8333, 1.1333, 1.3],
            "transform": [
                [0.016005, -0.035545, -0.99924, -0.0, 0.894149, 0.447767, -0.001606, 0.393861, 0.447483, -0.893444, 0.038949, 0.0, 0.0, 0.0, 0.0, 1.0],
                [0.970051, -0.086073, 0.227139, -0.0, -0.051517, 0.840933, 0.538682, 0.393861, -0.237375, -0.53425, 0.811313, -0.0, 0.0, 0.0, 0.0, 1.0],
                [-0.595036, -0.268264, 0.757606, -0.0, 0.5549, 0.544779, 0.62873, 0.39386, -0.581394, 0.794512, -0.175303, -0.0, 0.0, 0.0, 0.0, 1.0],
                [-0.756962, 0.044558, 0.651938, -0.0, 0.514004, 0.656639, 0.551929, 0.393861, -0.403495, 0.752888, -0.519953, -0.0, 0.0, 0.0, 0.0, 1.0],
                [-0.756962, 0.044558, 0.651938, -0.0, 0.514004, 0.656639, 0.551929, 0.39386, -0.403495, 0.752888, -0.519953, -0.0, 0.0, 0.0, 0.0, 1.0],
                [-0.756962, 0.044558, 0.651938, 0.0, 0.514004, 0.656639, 0.551929, 0.39386, -0.403495, 0.752888, -0.519953, -0.0, 0.0, 0.0, 0.0, 1.0],
                [-0.368347, 0.147303, 0.917944, -0.0, 0.921515, 0.188485, 0.339534, 0.393861, -0.123004, 0.970966, -0.20517, 0.0, 0.0, 0.0, 0.0, 1.0],
                [0.461028, -0.52974, 0.71192, 0.0, 0.882995, 0.353562, -0.308728, 0.39386, -0.088162, 0.770954, 0.630759, -0.0, 0.0, 0.0, 0.0, 1.0],
                [0.836864, -0.508674, 0.202264, -0.0, 0.275969, 0.711138, 0.646625, 0.393861, -0.472758, -0.485318, 0.735504, 0.0, 0.0, 0.0, 0.0, 1.0],
                [0.836864, -0.537668, 0.102823, -0.0, 0.275969, 0.576601, 0.769007, 0.39386, -0.472758, -0.615178, 0.630916, -0.0, 0.0, 0.0, 0.0, 1.0],
                [0.836864, -0.537668, 0.102823, -0.0, 0.275969, 0.576601, 0.769007, 0.39386, -0.472758, -0.615178, 0.630916, -0.0, 0.0, 0.0, 0.0, 1.0]
            ]
        },
        {
            "name": "Hand_R",
            "time": [0.0, 0.2167, 0.4167, 0.5167, 0.65, 0.8333, 1.1333, 1.3],
            "transform": [
                [0.999998, -0.000876, 0.001599, -0.0, 0.000868, 0.999986, 0.005244, 0.3, -0.001603, -0.005243, 0.999985, 0.0, 0.0, 0.0, 0.0, 1.0],
                [0.999998, -0.000876, 0.001599, 0.0, 0.000868, 0.999986, 0.005244, 0.3, -0.001603, -0.005243, 0.999985, -0.0, 0.0, 0.0, 0.0, 1.0],
                [0.999998, -0.000876, 0.001599, 0.0, 0.000868, 0.999986, 0.005244, 0.3, -0.001603, -0.005243, 0.999985, -0.0, 0.0, 0.0, 0.0, 1.0],
                [0.999998, -0.000876, 0.001599, -0.0, 0.000868, 0.999986, 0.005244, 0.3, -0.001603, -0.005243, 0.999985, 0.0, 0.0, 0.0, 0.0, 1.0],
                [0.999998, -0.000876, 0.001599, 0.0, 0.000868, 0.999986, 0.005244, 0.3, -0.001603, -0.005243, 0.999985, 0.0, 0.0, 0.0, 0.0, 1.0],
                [0.999998, -0.000876, 0.001599, -0.0, 0.000868, 0.999986, 0.005244, 0.3, -0.001603, -0.005243, 0.999985, -0.0, 0.0, 0.0, 0.0, 1.0],
                [0.999998, -0.000876, 0.001599, 0.0, 0.000868, 0.999986, 0.005244, 0.3, -0.001603, -0.005243, 0.999985, 0.0, 0.0, 0.0, 0.0, 1.0],
                [0.999998, -0.000876, 0.001599, 0.0, 0.000868, 0.999986, 0.005244, 0.3, -0.001603, -0.005243, 0.999985, 0.0, 0.0, 0.0, 0.0, 1.0]
            ]
        },
        {
            "name": "Tool_R",
            "time": [0.0, 0.2167, 0.4167, 0.5167, 0.65, 0.7667, 0.8333, 1.1333, 1.3],
            "transform": [
                [0.976086, -0.063799, 0.207812, 0.015054, -0.000916, -0.957162, -0.28955, 0.243316, 0.217254, 0.282258, -0.933781, 0.024459, 0.0, 0.0, 0.0, 1.0],
                [0.976086, -0.063799, 0.207812, 0.015053, -0.000916, -0.957162, -0.28955, 0.243316, 0.217254, 0.282258, -0.933781, 0.024459, 0.0, 0.0, 0.0, 1.0],
                [0.976086, -0.063799, 0.207812, 0.015054, -0.000916, -0.957162, -0.28955, 0.243316, 0.217254, 0.282258, -0.933781, 0.024459, 0.0, 0.0, 0.0, 1.0],
                [0.976086, -0.063799, 0.207811, 0.015053, -0.000916, -0.957162, -0.28955, 0.243316, 0.217254, 0.282258, -0.933781, 0.024459, 0.0, 0.0, 0.0, 1.0],
                [0.976086, -0.063799, 0.207812, 0.015054, -0.000916, -0.957162, -0.28955, 0.243316, 0.217254, 0.282258, -0.933781, 0.024459, 0.0, 0.0, 0.0, 1.0],
                [0.999002, -0.043071, -0.011814, 0.015054, -0.044578, -0.977783, -0.204824, 0.243316, -0.002728, 0.205014, -0.97815, 0.024459, 0.0, 0.0, 0.0, 1.0],
                [0.999113, -0.034595, 0.023993, 0.015054, -0.028613, -0.976016, -0.215809, 0.243316, 0.030865, 0.214793, -0.975565, 0.024459, 0.0, 0.0, 0.0, 1.0],
                [0.999113, -0.032746, 0.026462, 0.015054, -0.028614, -0.989201, -0.143744, 0.243316, 0.030865, 0.142764, -0.988677, 0.024459, 0.0, 0.0, 0.0, 1.0],
                [0.999113, -0.032746, 0.026462, 0.015054, -0.028614, -0.989201, -0.143744, 0.243316, 0.030865, 0.142764, -0.988677, 0.024459, 0.0, 0.0, 0.0, 1.0]
            ]
        },
        {
            "name": "Elbow_R",
            "time": [0.0, 0.2167, 0.4167, 0.5167, 0.65, 0.8333, 1.1333, 1.3],
            "transform": [
                [-1.0, 0.0, -0.0, -0.0, 0.0, -0.0, -1.0, 0.341622, -0.0, -1.0, 0.0, 0.0, 0.0, 0.0, 0.0, 1.0],
                [-1.0, 0.0, -0.0, 0.0, 0.0, -0.0, -1.0, 0.341622, -0.0, -1.0, 0.0, -0.0, 0.0, 0.0, 0.0, 1.0],
                [-1.0, 0.0, -0.0, -0.0, 0.0, 0.0, -1.0, 0.341622, -0.0, -1.0, 0.0, -0.0, 0.0, 0.0, 0.0, 1.0],
                [-1.0, 0.0, -0.0, -0.0, 0.0, -0.0, -1.0, 0.341622, -0.0, -1.0, 0.0, 0.0, 0.0, 0.0, 0.0, 1.0],
                [-1.0, 0.0, -0.0, -0.0, 0.0, -0.0, -1.0, 0.341622, -0.0, -1.0, 0.0, -0.0, 0.0, 0.0, 0.0, 1.0],
                [-1.0, 0.0, -0.0, -0.0, 0.0, 0.0, -1.0, 0.341622, -0.0, -1.0, 0.0, -0.0, 0.0, 0.0, 0.0, 1.0],
                [-1.0, 0.0, -0.0, -0.0, 0.0, -0.0, -1.0, 0.341622, -0.0, -1.0, 0.0, 0.0, 0.0, 0.0, 0.0, 1.0],
                [-1.0, 0.0, -0.0, -0.0, 0.0, -0.0, -1.0, 0.341622, -0.0, -1.0, 0.0, 0.0, 0.0, 0.0, 0.0, 1.0]
            ]
        },
        {
            "name": "Shoulder_L",
            "time": [0.0, 0.2167, 0.4167, 0.5167, 0.65, 0.8333, 1.1333, 1.3],
            "transform": [
                [-0.226937, -0.947819, -0.223918, -0.0, -0.021067, -0.225085, 0.974111, 0.4, -0.973681, 0.225779, 0.031113, -0.0, 0.0, 0.0, 0.0, 1.0],
                [-0.226937, -0.919734, -0.320295, 0.0, -0.021067, -0.324163, 0.945767, 0.4, -0.973681, 0.221377, 0.054189, 0.0, 0.0, 0.0, 0.0, 1.0],
                [-0.226937, -0.913069, -0.338827, -0.0, -0.021067, -0.34322, 0.939019, 0.4, -0.973681, 0.220236, 0.058654, 0.0, 0.0, 0.0, 0.0, 1.0],
                [-0.226937, -0.913069, -0.338827, 0.0, -0.021067, -0.34322, 0.939019, 0.4, -0.973682, 0.220236, 0.058654, -0.0, 0.0, 0.0, 0.0, 1.0],
                [-0.226937, -0.913069, -0.338827, 0.0, -0.021067, -0.34322, 0.939019, 0.4, -0.973682, 0.220237, 0.058654, -0.0, 0.0, 0.0, 0.0, 1.0],
                [-0.226937, -0.913069, -0.338827, -0.0, -0.021067, -0.34322, 0.939019, 0.4, -0.973681, 0.220236, 0.058654, 0.0, 0.0, 0.0, 0.0, 1.0],
                [-0.226937, -0.913069, -0.338827, -0.0, -0.021067, -0.34322, 0.939019, 0.4, -0.973682, 0.220236, 0.058654, 0.0, 0.0, 0.0, 0.0, 1.0],
                [-0.226937, -0.913069, -0.338827, -0.0, -0.021067, -0.34322, 0.939019, 0.4, -0.973682, 0.220236, 0.058654, 0.0, 0.0, 0.0, 0.0, 1.0]
            ]
        },
        {
            "name": "Arm_L",
            "time": [0.0, 0.2167, 0.4167, 0.5167, 0.65, 0.8333, 1.1333, 1.3],
            "transform": [
                [-0.368333, -0.025786, 0.929336, 0.0, -0.839661, 0.438368, -0.320628, 0.39386, -0.399124, -0.898425, -0.183117, -0.0, 0.0, 0.0, 0.0, 1.0],
                [-0.318946, 0.18603, 0.929336, 0.0, -0.447222, 0.834979, -0.320628, 0.39386, -0.835623, -0.517883, -0.183117, 0.0, 0.0, 0.0, 0.0, 1.0],
                [-0.295355, 0.221583, 0.929336, -0.0, -0.347907, 0.880998, -0.320628, 0.39386, -0.88979, -0.418022, -0.183117, -0.0, 0.0, 0.0, 0.0, 1.0],
                [-0.295355, 0.221583, 0.929336, -0.0, -0.347907, 0.880999, -0.320628, 0.39386, -0.88979, -0.418022, -0.183117, -0.0, 0.0, 0.0, 0.0, 1.0],
                [-0.295355, 0.221583, 0.929336, 0.0, -0.347907, 0.880998, -0.320627, 0.39386, -0.88979, -0.418022, -0.183117, -0.0, 0.0, 0.0, 0.0, 1.0],
                [-0.295355, 0.221583, 0.929336, -0.0, -0.347907, 0.880998, -0.320628, 0.39386, -0.88979, -0.418022, -0.183117, 0.0, 0.0, 0.0, 0.0, 1.0],
                [-0.295355, 0.221583, 0.929336, -0.0, -0.347907, 0.880998, -0.320628, 0.39386, -0.88979, -0.418022, -0.183117, 0.0, 0.0, 0.0, 0.0, 1.0],
                [-0.295355, 0.221583, 0.929336, -0.0, -0.347907, 0.880998, -0.320628, 0.39386, -0.88979, -0.418022, -0.183117, 0.0, 0.0, 0.0, 0.0, 1.0]
            ]
        },
        {
            "name": "Hand_L",
            "time": [0.0, 0.2167, 0.4167, 0.5167, 0.65, 0.8333, 1.1333, 1.3],
            "transform": [
                [0.999993, -0.001541, -0.00347, 0.0, 0.000938, 0.985901, -0.167329, 0.3, 0.003679, 0.167324, 0.985895, -0.0, 0.0, 0.0, 0.0, 1.0],
                [0.999993, -0.003493, -0.001488, -0.0, 0.000938, 0.607153, -0.794585, 0.3, 0.003679, 0.794578, 0.607151, 0.0, 0.0, 0.0, 0.0, 1.0],
                [0.999993, -0.00367, -0.000972, 0.0, 0.000938, 0.486955, -0.873427, 0.3, 0.003679, 0.87342, 0.486955, 0.0, 0.0, 0.0, 0.0, 1.0],
                [0.999993, -0.00367, -0.000972, -0.0, 0.000938, 0.486955, -0.873427, 0.3, 0.003679, 0.87342, 0.486955, -0.0, 0.0, 0.0, 0.0, 1.0],
                [0.999993, -0.00367, -0.000972, -0.0, 0.000938, 0.486955, -0.873427, 0.3, 0.003679, 0.87342, 0.486955, -0.0, 0.0, 0.0, 0.0, 1.0],
                [0.999993, -0.002159, -0.003123, -0.0, 0.000938, 0.937587, -0.347751, 0.3, 0.003679, 0.347745, 0.937582, -0.0, 0.0, 0.0, 0.0, 1.0],
                [0.999993, -0.002159, -0.003123, -0.0, 0.000938, 0.937587, -0.347751, 0.3, 0.003679, 0.347745, 0.937582, 0.0, 0.0, 0.0, 0.0, 1.0],
                [0.999993, -0.002159, -0.003123, -0.0, 0.000938, 0.937587, -0.347751, 0.3, 0.003679, 0.347745, 0.937582, 0.0, 0.0, 0.0, 0.0, 1.0]
            ]
        },
        {
            "name": "Tool_L",
            "time": [0.0, 0.2167, 0.4167, 0.5167, 0.65, 0.8333, 1.1333, 1.3],
            "transform": [
                [0.997004, 0.01104, -0.076554, -0.0, -0.036659, -0.804079, -0.593391, 0.272858, -0.068067, 0.594062, -0.8008, -0.0, 0.0, 0.0, 0.0, 1.0],
                [0.997004, 0.01104, -0.076554, -0.0, -0.036659, -0.804079, -0.593391, 0.272858, -0.068067, 0.594062, -0.8008, -0.0, 0.0, 0.0, 0.0, 1.0],
                [0.997004, 0.01104, -0.076554, -0.0, -0.036659, -0.804079, -0.593391, 0.272858, -0.068067, 0.594062, -0.8008, -0.0, 0.0, 0.0, 0.0, 1.0],
                [0.997004, 0.01104, -0.076554, 0.0, -0.036659, -0.804079, -0.593391, 0.272858, -0.068067, 0.594062, -0.8008, -0.0, 0.0, 0.0, 0.0, 1.0],
                [0.997004, 0.01104, -0.076554, -0.0, -0.036659, -0.804079, -0.593391, 0.272858, -0.068067, 0.594062, -0.8008, -0.0, 0.0, 0.0, 0.0, 1.0],
                [0.997004, 0.01104, -0.076554, -0.0, -0.036659, -0.804079, -0.593391, 0.272858, -0.068067, 0.594062, -0.8008, -0.0, 0.0, 0.0, 0.0, 1.0],
                [0.997004, 0.01104, -0.076554, -0.0, -0.036659, -0.804079, -0.593391, 0.272858, -0.068067, 0.594062, -0.8008, -0.0, 0.0, 0.0, 0.0, 1.0],
                [0.997004, 0.01104, -0.076554, -0.0, -0.036659, -0.804079, -0.593391, 0.272858, -0.068067, 0.594062, -0.8008, -0.0, 0.0, 0.0, 0.0, 1.0]
            ]
        },
        {
            "name": "Elbow_L",
            "time": [0.0, 0.2167, 0.4167, 0.5167, 0.65, 0.8333, 1.1333, 1.3],
            "transform": [
                [-1.0, 0.0, -0.0, 2.7e-05, 0.0, -0.0, -1.0, 0.334302, -0.0, -1.0, -0.0, -0.002121, 0.0, 0.0, 0.0, 1.0],
                [-1.0, 0.0, -0.0, 2.7e-05, 0.0, -0.0, -1.0, 0.334301, -0.0, -1.0, -0.0, -0.002121, 0.0, 0.0, 0.0, 1.0],
                [-1.0, 0.0, -0.0, 2.7e-05, 0.0, -0.0, -1.0, 0.334301, -0.0, -1.0, -0.0, -0.002121, 0.0, 0.0, 0.0, 1.0],
                [-1.0, 0.0, -0.0, 2.7e-05, 0.0, -0.0, -1.0, 0.334301, -0.0, -1.0, -0.0, -0.002121, 0.0, 0.0, 0.0, 1.0],
                [-1.0, 0.0, -0.0, 2.7e-05, 0.0, -0.0, -1.0, 0.334301, -0.0, -1.0, -0.0, -0.002121, 0.0, 0.0, 0.0, 1.0],
                [-1.0, 0.0, -0.0, 2.7e-05, 0.0, -0.0, -1.0, 0.334301, -0.0, -1.0, -0.0, -0.002121, 0.0, 0.0, 0.0, 1.0],
                [-1.0, 0.0, -0.0, 2.7e-05, 0.0, -0.0, -1.0, 0.334301, -0.0, -1.0, -0.0, -0.002121, 0.0, 0.0, 0.0, 1.0],
                [-1.0, 0.0, -0.0, 2.7e-05, 0.0, -0.0, -1.0, 0.334301, -0.0, -1.0, -0.0, -0.002121, 0.0, 0.0, 0.0, 1.0]
            ]
        }
    ]
}