{
    "animation": [
        {
            "name": "Root",
            "time": [0.0, 0.1, 0.1667, 0.2667, 0.55, 0.6833, 0.7833, 0.95, 1.3333, 1.5167],
            "transform": [
                [0.540006, -0.379729, 0.751132, 0.099923, 0.841237, 0.271833, -0.467362, 0.013983, -0.026711, 0.884259, 0.466233, 0.487395, 0.0, 0.0, 0.0, 1.0],
                [0.462708, -0.394563, 0.793865, 0.099923, 0.886505, 0.202556, -0.416029, -0.005729, 0.003347, 0.896265, 0.443506, 0.497502, 0.0, 0.0, 0.0, 1.0],
                [-0.116689, -0.335457, 0.934801, 0.099923, 0.981264, -0.184236, 0.056375, -0.127137, 0.153312, 0.923864, 0.350671, 0.559752, 0.0, 0.0, 0.0, 1.0],
                [-0.183667, -0.309874, 0.932869, 0.10245, 0.957704, -0.27027, 0.098781, -0.188442, 0.221517, 0.911555, 0.346407, 0.543601, 0.0, 0.0, 0.0, 1.0],
                [0.109201, -0.121105, 0.986615, 0.082831, 0.992564, 0.066982, -0.101637, 0.025064, -0.053777, 0.990377, 0.127519, 0.641685, 0.0, 0.0, 0.0, 1.0],
                [0.555024, -0.200435, 0.807325, 0.059794, 0.831431, 0.163901, -0.530904, 0.272327, -0.025909, 0.9659, 0.257617, 0.650037, 0.0, 0.0, 0.0, 1.0],
                [0.973089, -0.223842, -0.054694, 0.022587, 0.047504, 0.427135, -0.902939, 0.694665, 0.225478, 0.876042, 0.426274, 0.652282, 0.0, 0.0, 0.0, 1.0],
                [0.828396, -0.074285, -0.555195, 0.004144, -0.398988, 0.617426, -0.677934, 0.98647, 0.393151, 0.783114, 0.481834, 0.488703, 0.0, 0.0, 0.0, 1.0],
                [0.837822, -0.05959, -0.542682, 0.004558, -0.431124, 0.537631, -0.724628, 1.102518, 0.334943, 0.841072, 0.424748, 0.543601, 0.0, 0.0, 0.0, 1.0],
                [0.837822, -0.05959, -0.542682, 0.004558, -0.431124, 0.537631, -0.724628, 1.102518, 0.334943, 0.841072, 0.424748, 0.543601, 0.0, 0.0, 0.0, 1.0]
            ]
        },
        {
            "name": "Thigh_R",
            "time": [0.0, 0.1, 0.1667, 0.2667, 0.55, 0.6833, 0.7833, 0.95, 1.3333, 1.5167],
            "transform": [
                [0.597185, 0.795166, 0.105251, 0.124994, -0.257423, 0.065724, 0.964061, -0.002831, 0.759672, -0.602816, 0.243944, -1.2e-05, 0.0, 0.0, 0.0, 1.0],
                [0.52612, 0.82101, 0.221667, 0.124994, -0.296959, -0.066882, 0.952545, -0.002831, 0.796876, -0.566978, 0.208618, -1.2e-05, 0.0, 0.0, 0.0, 1.0],
                [-0.001768, 0.682626, 0.730765, 0.124994, -0.260895, -0.705771, 0.65865, -0.002831, 0.965366, -0.189488, 0.179341, -1.2e-05, 0.0, 0.0, 0.0, 1.0],
                [-0.039201, 0.652826, 0.756492, 0.124994, -0.238738, -0.741265, 0.627319, -0.002831, 0.970292, -0.156011, 0.184913, -1.2e-05, 0.0, 0.0, 0.0, 1.0],
                [0.235814, 0.744422, 0.624681, 0.124994, -0.194637, -0.593603, 0.780865, -0.002831, 0.952107, -0.305724, 0.004912, -1.2e-05, 0.0, 0.0, 0.0, 1.0],
                [0.594782, 0.564942, 0.571904, 0.124994, -0.116485, -0.643345, 0.756662, -0.002831, 0.795402, -0.516666, -0.316845, -1.2e-05, 0.0, 0.0, 0.0, 1.0],
                [0.932141, 0.108681, 0.3454, 0.124994, -0.074859, -0.875442, 0.477487, -0.002831, 0.354272, -0.47094, -0.807902, -1.2e-05, 0.0, 0.0, 0.0, 1.0],
                [0.944427, 0.148527, 0.293251, 0.124994, 0.142519, -0.988904, 0.041876, -0.002831, 0.296217, 0.002246, -0.955119, -1.2e-05, 0.0, 0.0, 0.0, 1.0],
                [0.944427, 0.148527, 0.293251, 0.124994, 0.142519, -0.988903, 0.041876, -0.002831, 0.296216, 0.002246, -0.955118, -1.2e-05, 0.0, 0.0, 0.0, 1.0],
                [0.944427, 0.148527, 0.293251, 0.124994, 0.142519, -0.988903, 0.041876, -0.002831, 0.296216, 0.002246, -0.955118, -1.2e-05, 0.0, 0.0, 0.0, 1.0]
            ]
        },
        {
            "name": "Leg_R",
            "time": [0.0, 0.1, 0.1667, 0.2667, 0.55, 0.6833, 0.7833, 0.95, 1.3333, 1.5167],
            "transform": [
                [1.0, -1e-06, 0.0, -0.0, -0.0, 0.215353, 0.976536, 0.37472, -1e-06, -0.976537, 0.215352, 0.0, 0.0, 0.0, 0.0, 1.0],
                [1.0, -1e-06, 0.0, -0.0, -0.0, 0.360275, 0.932845, 0.37472, -1e-06, -0.932847, 0.360275, -0.0, 0.0, 0.0, 0.0, 1.0],
                [1.0, -0.0, 1e-06, 0.0, -0.0, 0.925419, 0.378946, 0.37472, -1e-06, -0.378947, 0.925418, -0.0, 0.0, 0.0, 0.0, 1.0],
                [1.0, -0.0, 1e-06, 0.0, -0.0, 0.918614, 0.395157, 0.37472, -1e-06, -0.395158, 0.918613, -0.0, 0.0, 0.0, 0.0, 1.0],
                [1.0, -1e-06, 0.0, 0.0, -0.0, 0.527812, 0.849361, 0.37472, -1e-06, -0.849362, 0.527812, -0.0, 0.0, 0.0, 0.0, 1.0],
                [1.0, -1e-06, 0.0, 0.0, -0.0, 0.536197, 0.844092, 0.37472, -1e-06, -0.844094, 0.536196, 0.0, 0.0, 0.0, 0.0, 1.0],
                [1.0, -1e-06, 1e-06, -0.0, -0.0, 0.65007, 0.759874, 0.37472, -1e-06, -0.759875, 0.650069, -0.0, 0.0, 0.0, 0.0, 1.0],
                [1.0, -0.0, 1e-06, 0.0, -0.0, 0.918614, 0.395158, 0.37472, -1e-06, -0.395158, 0.918613, 0.0, 0.0, 0.0, 0.0, 1.0],
                [1.0, -0.0, 1e-06, 0.0, -0.0, 0.918614, 0.395158, 0.37472, -1e-06, -0.395158, 0.918613, -0.0, 0.0, 0.0, 0.0, 1.0],
                [1.0, -0.0, 1e-06, 0.0, -0.0, 0.918614, 0.395158, 0.37472, -1e-06, -0.395158, 0.918613, -0.0, 0.0, 0.0, 0.0, 1.0]
            ]
        },
        {
            "name": "Knee_R",
            "time": [0.0, 0.1, 0.1667, 0.2667, 0.55, 0.6833, 0.7833, 0.95, 1.3333, 1.5167],
            "transform": [
                [1.0, 0.0, -0.0, -0.0, -0.0, 1e-06, -1.0, 0.37472, -0.0, 1.0, 1e-06, 0.0, 0.0, 0.0, 0.0, 1.0],
                [1.0, 0.0, -0.0, -0.0, -0.0, 1e-06, -1.0, 0.37472, -0.0, 1.0, 1e-06, -0.0, 0.0, 0.0, 0.0, 1.0],
                [1.0, 0.0, -0.0, 0.0, -0.0, 1e-06, -1.0, 0.37472, -0.0, 1.0, 1e-06, -0.0, 0.0, 0.0, 0.0, 1.0],
                [1.0, 0.0, -0.0, 0.0, -0.0, 1e-06, -1.0, 0.37472, -0.0, 1.0, 1e-06, -0.0, 0.0, 0.0, 0.0, 1.0],
                [1.0, 0.0, -0.0, 0.0, -0.0, 0.035101, -0.999384, 0.37472, -0.0, 0.999384, 0.0351, -0.0, 0.0, 0.0, 0.0, 1.0],
                [1.0, 0.0, -0.0, 0.0, -0.0, 0.081736, -0.996654, 0.37472, -0.0, 0.996654, 0.081736, 0.0, 0.0, 0.0, 0.0, 1.0],
                [1.0, 0.0, -0.0, -0.0, -0.0, 0.133836, -0.991004, 0.37472, -0.0, 0.991003, 0.133836, -0.0, 0.0, 0.0, 0.0, 1.0],
                [1.0, 0.0, -0.0, 0.0, -0.0, 1e-06, -1.0, 0.37472, -0.0, 1.0, 1e-06, 0.0, 0.0, 0.0, 0.0, 1.0],
                [1.0, 0.0, -0.0, 0.0, -0.0, 1e-06, -1.0, 0.37472, -0.0, 1.0, 1e-06, -0.0, 0.0, 0.0, 0.0, 1.0],
                [1.0, 0.0, -0.0, 0.0, -0.0, 1e-06, -1.0, 0.37472, -0.0, 1.0, 1e-06, -0.0, 0.0, 0.0, 0.0, 1.0]
            ]
        },
        {
            "name": "Thigh_L",
            "time": [0.0, 0.1, 0.1667, 0.2667, 0.55, 0.6833, 0.7833, 0.95, 1.3333, 1.5167],
            "transform": [
                [0.701599, -0.706877, -0.089906, -0.125006, -0.62537, -0.6713, 0.397828, -0.002831, -0.341569, -0.222891, -0.913044, -1.2e-05, 0.0, 0.0, 0.0, 1.0],
                [0.701599, -0.711014, -0.047094, -0.125006, -0.62537, -0.646075, 0.437606, -0.002831, -0.341569, -0.277572, -0.897933, -1.2e-05, 0.0, 0.0, 0.0, 1.0],
                [0.701599, -0.558391, 0.442671, -0.125006, -0.62537, -0.184726, 0.758147, -0.002831, -0.341569, -0.80875, -0.478805, -1.2e-05, 0.0, 0.0, 0.0, 1.0],
                [0.680435, -0.56516, 0.466478, -0.125006, -0.638272, -0.144334, 0.756158, -0.002831, -0.360021, -0.812257, -0.458936, -1.2e-05, 0.0, 0.0, 0.0, 1.0],
                [0.912188, -0.38496, 0.140422, -0.125006, -0.395719, -0.916541, 0.057961, -0.002831, 0.10639, -0.108439, -0.988393, -1.2e-05, 0.0, 0.0, 0.0, 1.0],
                [0.907505, -0.343468, 0.241791, -0.125006, -0.415111, -0.821285, 0.391375, -0.002831, 0.064155, -0.455545, -0.887898, -1.2e-05, 0.0, 0.0, 0.0, 1.0],
                [0.911116, -0.152608, 0.382854, -0.125006, -0.393394, -0.044991, 0.918268, -0.002831, -0.12291, -0.987262, -0.101028, -1.2e-05, 0.0, 0.0, 0.0, 1.0],
                [0.853709, -0.286805, 0.434653, -0.125006, -0.2717, 0.466736, 0.841627, -0.002831, -0.444251, -0.836601, 0.320531, -1.2e-05, 0.0, 0.0, 0.0, 1.0],
                [0.853709, -0.406091, 0.325992, -0.125006, -0.2717, 0.186695, 0.944099, -0.002831, -0.44425, -0.894559, 0.049048, -1.2e-05, 0.0, 0.0, 0.0, 1.0],
                [0.853709, -0.406091, 0.325992, -0.125006, -0.2717, 0.186695, 0.944099, -0.002831, -0.44425, -0.894559, 0.049048, -1.2e-05, 0.0, 0.0, 0.0, 1.0]
            ]
        },
        {
            "name": "Leg_L",
            "time": [0.0, 0.1, 0.1667, 0.2667, 0.55, 0.6833, 0.7833, 0.95, 1.3333, 1.5167],
            "transform": [
                [0.999313, -0.037075, 0.000155, 0.0, 0.035683, 0.962918, 0.267422, 0.37472, -0.010064, -0.267233, 0.96358, 0.0, 0.0, 0.0, 0.0, 1.0],
                [0.999313, -0.036766, -0.004777, 0.0, 0.035683, 0.918795, 0.393118, 0.37472, -0.010064, -0.393018, 0.919476, -0.0, 0.0, 0.0, 0.0, 1.0],
                [0.999313, -0.020554, -0.030856, -0.0, 0.035683, 0.307306, 0.950942, 0.37472, -0.010064, -0.951388, 0.307828, -0.0, 0.0, 0.0, 0.0, 1.0],
                [0.999313, -0.018365, -0.032207, 0.0, 0.035683, 0.24062, 0.969964, 0.37472, -0.010064, -0.970445, 0.24111, 0.0, 0.0, 0.0, 0.0, 1.0],
                [0.999306, -0.037255, -0.00052, 0.0, 0.035847, 0.957526, 0.286108, 0.37472, -0.010161, -0.285928, 0.958198, -0.0, 0.0, 0.0, 0.0, 1.0],
                [0.999308, -0.031316, -0.020058, 0.0, 0.035774, 0.662135, 0.74853, 0.37472, -0.01016, -0.748729, 0.662798, 0.0, 0.0, 0.0, 0.0, 1.0],
                [0.999313, 0.001656, -0.037038, 0.0, 0.035683, -0.314146, 0.948704, 0.37472, -0.010064, -0.949373, -0.31399, -0.0, 0.0, 0.0, 0.0, 1.0],
                [0.999313, -0.018365, -0.032207, -0.0, 0.035683, 0.24062, 0.969964, 0.37472, -0.010064, -0.970445, 0.24111, -0.0, 0.0, 0.0, 0.0, 1.0],
                [0.999313, -0.018365, -0.032207, 0.0, 0.035683, 0.24062, 0.969964, 0.37472, -0.010064, -0.970445, 0.24111, 0.0, 0.0, 0.0, 0.0, 1.0],
                [0.999313, -0.018365, -0.032207, 0.0, 0.035683, 0.24062, 0.969964, 0.37472, -0.010064, -0.970445, 0.24111, 0.0, 0.0, 0.0, 0.0, 1.0]
            ]
        },
        {
            "name": "Knee_L",
            "time": [0.0, 0.1, 0.1667, 0.2667, 0.55, 0.6833, 0.7833, 0.95, 1.3333, 1.5167],
            "transform": [
                [1.0, 0.0, -0.0, 0.0, -0.0, 1e-06, -1.0, 0.37472, -0.0, 1.0, 1e-06, 0.0, 0.0, 0.0, 0.0, 1.0],
                [1.0, 0.0, -0.0, 0.0, -0.0, 1e-06, -1.0, 0.37472, -0.0, 1.0, 1e-06, -0.0, 0.0, 0.0, 0.0, 1.0],
                [1.0, 0.0, -0.0, -0.0, -0.0, 1e-06, -1.0, 0.37472, -0.0, 1.0, 1e-06, -0.0, 0.0, 0.0, 0.0, 1.0],
                [1.0, 0.0, -0.0, 0.0, -0.0, 1e-06, -1.0, 0.37472, -0.0, 1.0, 1e-06, 0.0, 0.0, 0.0, 0.0, 1.0],
                [1.0, 0.0, -0.0, 0.0, -0.0, 0.163115, -0.986607, 0.37472, -0.0, 0.986607, 0.163115, -0.0, 0.0, 0.0, 0.0, 1.0],
                [1.0, 0.0, -0.0, 0.0, -0.0, 0.378433, -0.925629, 0.37472, -0.0, 0.925629, 0.378433, 0.0, 0.0, 0.0, 0.0, 1.0],
                [1.0, 0.0, -0.0, 0.0, -0.0, 0.598942, -0.800792, 0.37472, -0.0, 0.800792, 0.598942, -0.0, 0.0, 0.0, 0.0, 1.0],
                [1.0, 0.0, -0.0, -0.0, -0.0, 1e-06, -1.0, 0.37472, -0.0, 1.0, 1e-06, -0.0, 0.0, 0.0, 0.0, 1.0],
                [1.0, 0.0, -0.0, 0.0, -0.0, 1e-06, -1.0, 0.37472, -0.0, 1.0, 1e-06, 0.0, 0.0, 0.0, 0.0, 1.0],
                [1.0, 0.0, -0.0, 0.0, -0.0, 1e-06, -1.0, 0.37472, -0.0, 1.0, 1e-06, 0.0, 0.0, 0.0, 0.0, 1.0]
            ]
        },
        {
            "name": "Torso",
            "time": [0.0, 0.1, 0.1667, 0.2667, 0.55, 0.6833, 0.7833, 0.95, 1.3333, 1.5167],
            "transform": [
                [0.987376, 0.15815, 0.008732, -0.0, -0.157682, 0.986673, -0.040171, 0.05, -0.014968, 0.038287, 0.999155, -0.0, 0.0, 0.0, 0.0, 1.0],
                [0.987377, 0.15815, 0.008732, 0.0, -0.157682, 0.986673, -0.040171, 0.05, -0.014968, 0.038287, 0.999155, 0.0, 0.0, 0.0, 0.0, 1.0],
                [0.987376, 0.15815, 0.008732, 0.0, -0.157682, 0.986673, -0.040171, 0.05, -0.014968, 0.038287, 0.999155, 0.0, 0.0, 0.0, 0.0, 1.0],
                [0.987377, 0.15815, 0.008732, 0.0, -0.157682, 0.986673, -0.040171, 0.05, -0.014968, 0.038287, 0.999155, -0.0, 0.0, 0.0, 0.0, 1.0],
                [0.987377, 0.15815, 0.008732, -0.0, -0.157682, 0.986673, -0.040171, 0.05, -0.014968, 0.038287, 0.999155, 0.0, 0.0, 0.0, 0.0, 1.0],
                [0.987376, 0.15815, 0.008732, 0.0, -0.157682, 0.986673, -0.040171, 0.05, -0.014968, 0.038287, 0.999155, -0.0, 0.0, 0.0, 0.0, 1.0],
                [0.987376, 0.15815, 0.008732, -0.0, -0.157682, 0.986673, -0.040171, 0.05, -0.014968, 0.038287, 0.999155, -0.0, 0.0, 0.0, 0.0, 1.0],
                [0.987377, 0.15815, 0.008732, -0.0, -0.157682, 0.986673, -0.040171, 0.05, -0.014968, 0.038287, 0.999155, -0.0, 0.0, 0.0, 0.0, 1.0],
                [0.987376, 0.15815, 0.008732, 0.0, -0.157682, 0.986673, -0.040171, 0.05, -0.014968, 0.038287, 0.999155, 0.0, 0.0, 0.0, 0.0, 1.0],
                [0.987376, 0.15815, 0.008732, 0.0, -0.157682, 0.986673, -0.040171, 0.05, -0.014968, 0.038287, 0.999155, 0.0, 0.0, 0.0, 0.0, 1.0]
            ]
        },
        {
            "name": "Chest",
            "time": [0.0, 0.1, 0.1667, 0.2667, 0.55, 0.6833, 0.7833, 0.95, 1.3333, 1.5167],
            "transform": [
                [0.96175, -0.020522, 0.27316, 0.0, -0.048014, 0.969123, 0.241858, 0.3, -0.269689, -0.245722, 0.931069, 0.0, 0.0, 0.0, 0.0, 1.0],
                [0.950243, -0.004689, 0.311475, 0.0, -0.059556, 0.978708, 0.196426, 0.3, -0.305764, -0.205202, 0.929731, 0.0, 0.0, 0.0, 0.0, 1.0],
                [0.885117, 0.14624, 0.441793, 0.0, -0.097783, 0.986592, -0.130671, 0.3, -0.454979, 0.07246, 0.88755, -0.0, 0.0, 0.0, 0.0, 1.0],
                [0.878659, 0.074071, 0.47167, 0.0, -0.099779, 0.994566, 0.029689, 0.3, -0.466908, -0.073149, 0.881275, -0.0, 0.0, 0.0, 0.0, 1.0],
                [0.776082, 0.163717, 0.60901, -0.0, -0.142895, 0.986249, -0.083032, 0.3, -0.614229, -0.022584, 0.788805, -0.0, 0.0, 0.0, 0.0, 1.0],
                [0.983214, 0.113676, 0.142715, 0.0, -0.117255, 0.992958, 0.016902, 0.3, -0.139788, -0.033352, 0.98962, -0.0, 0.0, 0.0, 0.0, 1.0],
                [0.677022, 0.104629, -0.728488, 0.0, 0.090476, 0.970502, 0.223472, 0.3, 0.73038, -0.217206, 0.647585, -0.0, 0.0, 0.0, 0.0, 1.0],
                [0.889715, 0.245468, -0.384907, 0.0, -0.01627, 0.859652, 0.51062, 0.3, 0.456227, -0.448044, 0.768839, 0.0, 0.0, 0.0, 0.0, 1.0],
                [0.889715, 0.127525, -0.438344, -0.0, -0.01627, 0.968439, 0.24872, 0.3, 0.456227, -0.214158, 0.863709, 0.0, 0.0, 0.0, 0.0, 1.0],
                [0.889715, 0.127525, -0.438344, -0.0, -0.01627, 0.968439, 0.24872, 0.3, 0.456227, -0.214158, 0.863709, 0.0, 0.0, 0.0, 0.0, 1.0]
            ]
        },
        {
            "name": "Head",
            "time": [0.0, 0.1, 0.1667, 0.2667, 0.55, 0.6833, 0.7833, 0.95, 1.3333, 1.5167],
            "transform": [
                [0.616346, -0.11998, -0.778282, 0.0, 0.171114, 0.985115, -0.016355, 0.4, 0.76866, -0.123095, 0.627702, 0.0, 0.0, 0.0, 0.0, 1.0],
                [0.517277, -0.11998, -0.847366, -0.0, 0.167862, 0.985115, -0.037013, 0.4, 0.839194, -0.123095, 0.529718, 0.0, 0.0, 0.0, 0.0, 1.0],
                [-0.222297, -0.11998, -0.967569, -0.0, 0.094184, 0.985115, -0.143795, 0.4, 0.970419, -0.123095, -0.207687, -0.0, 0.0, 0.0, 0.0, 1.0],
                [-0.283168, -0.11998, -0.951536, -0.0, 0.084882, 0.985115, -0.149475, 0.4, 0.955307, -0.123095, -0.268769, 0.0, 0.0, 0.0, 0.0, 1.0],
                [0.039037, -0.158774, -0.986543, 0.0, 0.103461, 0.982631, -0.15405, 0.4, 0.993867, -0.096055, 0.054786, 0.0, 0.0, 0.0, 0.0, 1.0],
                [0.8127, -0.218592, -0.540126, -0.0, 0.191098, 0.975685, -0.107331, 0.4, 0.550454, -0.015989, 0.834712, -0.0, 0.0, 0.0, 0.0, 1.0],
                [0.722436, -0.153949, 0.674082, 0.0, 0.172534, 0.984197, 0.039864, 0.4, -0.669566, 0.087502, 0.73758, -0.0, 0.0, 0.0, 0.0, 1.0],
                [0.793245, -0.157717, 0.588122, 0.0, 0.148187, 0.986836, 0.06477, 0.4, -0.590595, 0.035774, 0.806175, 0.0, 0.0, 0.0, 0.0, 1.0],
                [0.793245, -0.100418, 0.600565, -0.0, 0.148187, 0.988491, -0.030449, 0.4, -0.590595, 0.113149, 0.798996, 0.0, 0.0, 0.0, 0.0, 1.0],
                [0.793245, -0.100418, 0.600565, -0.0, 0.148187, 0.988491, -0.030449, 0.4, -0.590595, 0.113149, 0.798996, 0.0, 0.0, 0.0, 0.0, 1.0]
            ]
        },
        {
            "name": "Shoulder_R",
            "time": [0.0, 0.1, 0.1667, 0.2667, 0.55, 0.6833, 0.7833, 0.95, 1.3333, 1.5167],
            "transform": [
                [0.057091, 0.998368, 0.001334, 0.0, 0.088498, -0.006391, 0.996056, 0.4, 0.994439, -0.056748, -0.088719, 0.0, 0.0, 0.0, 0.0, 1.0],
                [0.057091, 0.998368, 0.001333, -0.0, 0.088498, -0.006391, 0.996056, 0.4, 0.994439, -0.056748, -0.088719, 0.0, 0.0, 0.0, 0.0, 1.0],
                [0.057091, 0.998368, 0.001333, -0.0, 0.088498, -0.006391, 0.996056, 0.4, 0.994439, -0.056748, -0.088719, -0.0, 0.0, 0.0, 0.0, 1.0],
                [0.057091, 0.998368, 0.001333, -0.0, 0.088498, -0.006391, 0.996056, 0.4, 0.994439, -0.056748, -0.088719, 0.0, 0.0, 0.0, 0.0, 1.0],
                [0.057091, 0.995105, 0.080656, 0.0, 0.088498, -0.085514, 0.992399, 0.4, 0.994439, -0.049519, -0.092947, 0.0, 0.0, 0.0, 0.0, 1.0],
                [0.057116, 0.952643, 0.298679, -0.0, 0.088537, -0.302821, 0.948926, 0.4, 0.994434, -0.027755, -0.10164, -0.0, 0.0, 0.0, 0.0, 1.0],
                [0.057091, 0.819057, 0.570864, 0.0, 0.088498, -0.573697, 0.814272, 0.4, 0.994439, 0.004033, -0.105238, -0.0, 0.0, 0.0, 0.0, 1.0],
                [0.057091, 0.869653, 0.490351, 0.0, 0.088498, -0.493626, 0.86516, 0.4, 0.994439, -0.005997, -0.105144, 0.0, 0.0, 0.0, 0.0, 1.0],
                [0.057091, 0.869653, 0.490351, -0.0, 0.088498, -0.493626, 0.86516, 0.4, 0.994439, -0.005998, -0.105144, 0.0, 0.0, 0.0, 0.0, 1.0],
                [0.057091, 0.869653, 0.490351, -0.0, 0.088498, -0.493626, 0.86516, 0.4, 0.994439, -0.005998, -0.105144, 0.0, 0.0, 0.0, 0.0, 1.0]
            ]
        },
        {
            "name": "Arm_R",
            "time": [0.0, 0.1, 0.1667, 0.2667, 0.55, 0.6833, 0.7833, 0.95, 1.3333, 1.5167],
            "transform": [
                [0.836864, -0.537668, 0.102823, -0.0, 0.275969, 0.576601, 0.769007, 0.39386, -0.472758, -0.615178, 0.630916, -0.0, 0.0, 0.0, 0.0, 1.0],
                [0.807683, -0.589451, -0.013957, -0.0, 0.470577, 0.630175, 0.617605, 0.39386, -0.355253, -0.505398, 0.786364, -0.0, 0.0, 0.0, 0.0, 1.0],
                [0.166006, -0.927171, -0.335852, 0.0, 0.108538, 0.355688, -0.928281, 0.39386, 0.980133, 0.117647, 0.15968, 0.0, 0.0, 0.0, 0.0, 1.0],
                [0.466287, -0.880076, -0.089684, -0.0, -0.036537, 0.082134, -0.995952, 0.393861, 0.883879, 0.467676, 0.006143, 0.0, 0.0, 0.0, 0.0, 1.0],
                [0.466287, -0.868649, -0.167408, 0.0, -0.036537, 0.170168, -0.984738, 0.393861, 0.883878, 0.465287, 0.047609, 0.0, 0.0, 0.0, 0.0, 1.0],
                [0.445828, -0.747326, -0.492687, -0.0, 0.300654, 0.64346, -0.703965, 0.39386, 0.843116, 0.165719, 0.511559, -0.0, 0.0, 0.0, 0.0, 1.0],
                [0.319191, 0.116174, -0.940543, -0.0, 0.381416, 0.892781, 0.239715, 0.39386, 0.867548, -0.435253, 0.240657, -0.0, 0.0, 0.0, 0.0, 1.0],
                [0.466287, 0.670574, -0.57698, 0.0, -0.036537, 0.666267, 0.744818, 0.393861, 0.883879, -0.326218, 0.335173, -0.0, 0.0, 0.0, 0.0, 1.0],
                [0.569109, 0.585841, -0.57698, -0.0, 0.072274, 0.663342, 0.744818, 0.393861, 0.81908, -0.465583, 0.335173, 0.0, 0.0, 0.0, 0.0, 1.0],
                [0.569109, 0.585841, -0.57698, -0.0, 0.072274, 0.663342, 0.744818, 0.393861, 0.81908, -0.465583, 0.335173, 0.0, 0.0, 0.0, 0.0, 1.0]
            ]
        },
        {
            "name": "Hand_R",
            "time": [0.0, 0.1, 0.1667, 0.2667, 0.55, 0.6833, 0.7833, 0.95, 1.3333, 1.5167],
            "transform": [
                [0.999998, -0.000876, 0.001599, -0.0, 0.000868, 0.999986, 0.005244, 0.3, -0.001603, -0.005243, 0.999985, 0.0, 0.0, 0.0, 0.0, 1.0],
                [0.999998, -0.000876, 0.001599, 0.0, 0.000868, 0.999986, 0.005244, 0.3, -0.001603, -0.005243, 0.999985, 0.0, 0.0, 0.0, 0.0, 1.0],
                [0.999998, -0.000334, 0.001792, -0.0, 0.000868, 0.951825, -0.306641, 0.3, -0.001603, 0.306642, 0.951824, 0.0, 0.0, 0.0, 0.0, 1.0],
                [0.999998, -0.000229, 0.001809, 0.0, 0.000868, 0.932186, -0.361979, 0.3, -0.001603, 0.36198, 0.932184, 0.0, 0.0, 0.0, 0.0, 1.0],
                [0.999998, -0.000337, 0.001792, 0.0, 0.000868, 0.952289, -0.305197, 0.3, -0.001604, 0.305198, 0.952288, 0.0, 0.0, 0.0, 0.0, 1.0],
                [0.999998, -0.000901, 0.001585, 0.0, 0.000868, 0.999789, 0.020522, 0.3, -0.001603, -0.020521, 0.999788, -0.0, 0.0, 0.0, 0.0, 1.0],
                [0.999998, -0.000753, 0.001661, -0.0, 0.000868, 0.997513, -0.070482, 0.3, -0.001604, 0.070483, 0.997512, -0.0, 0.0, 0.0, 0.0, 1.0],
                [0.999998, -0.000894, 0.001589, 0.0, 0.000868, 0.999865, 0.016398, 0.3, -0.001603, -0.016396, 0.999864, 0.0, 0.0, 0.0, 0.0, 1.0],
                [0.999998, -7.1e-05, 0.001822, -0.0, 0.000868, 0.897324, -0.441372, 0.3, -0.001603, 0.441373, 0.897322, -0.0, 0.0, 0.0, 0.0, 1.0],
                [0.999998, -7.1e-05, 0.001822, -0.0, 0.000868, 0.897324, -0.441372, 0.3, -0.001603, 0.441373, 0.897322, -0.0, 0.0, 0.0, 0.0, 1.0]
            ]
        },
        {
            "name": "Tool_R",
            "time": [0.0, 0.1, 0.1667, 0.2667, 0.55, 0.6833, 0.7833, 0.95, 1.3333, 1.5167],
            "transform": [
                [0.999113, -0.032746, 0.026462, 0.015054, -0.028614, -0.989201, -0.143744, 0.243316, 0.030865, 0.142764, -0.988677, 0.024459, 0.0, 0.0, 0.0, 1.0],
                [0.999113, -0.032746, 0.026462, 0.015054, -0.028614, -0.989201, -0.143744, 0.243316, 0.030865, 0.142764, -0.988677, 0.024459, 0.0, 0.0, 0.0, 1.0],
                [0.999113, -0.032746, 0.026462, 0.015053, -0.028614, -0.989201, -0.143744, 0.243316, 0.030865, 0.142764, -0.988677, 0.024459, 0.0, 0.0, 0.0, 1.0],
                [0.999113, -0.032746, 0.026462, 0.015054, -0.028614, -0.989201, -0.143744, 0.243316, 0.030865, 0.142764, -0.988677, 0.024459, 0.0, 0.0, 0.0, 1.0],
                [0.999113, -0.034444, 0.024209, 0.015054, -0.028613, -0.977349, -0.209691, 0.243316, 0.030865, 0.208678, -0.976892, 0.024459, 0.0, 0.0, 0.0, 1.0],
                [0.999113, -0.036663, 0.020693, 0.015054, -0.028611, -0.951885, -0.305116, 0.243316, 0.030865, 0.304063, -0.95153, 0.024459, 0.0, 0.0, 0.0, 1.0],
                [0.999114, -0.039606, 0.014266, 0.015054, -0.028607, -0.887394, -0.460122, 0.243316, 0.030864, 0.459025, -0.88722, 0.024459, 0.0, 0.0, 0.0, 1.0],
                [0.999114, -0.040797, 0.010373, 0.015054, -0.028606, -0.838785, -0.543711, 0.243316, 0.030864, 0.542602, -0.838717, 0.024459, 0.0, 0.0, 0.0, 1.0],
                [0.999114, -0.040797, 0.010373, 0.015054, -0.028606, -0.838785, -0.543711, 0.243316, 0.030864, 0.542602, -0.838718, 0.024459, 0.0, 0.0, 0.0, 1.0],
                [0.999114, -0.040797, 0.010373, 0.015054, -0.028606, -0.838785, -0.543711, 0.243316, 0.030864, 0.542602, -0.838718, 0.024459, 0.0, 0.0, 0.0, 1.0]
            ]
        },
        {
            "name": "Elbow_R",
            "time": [0.0, 0.1, 0.1667, 0.2667, 0.55, 0.6833, 0.7833, 0.95, 1.3333, 1.5167],
            "transform": [
                [-1.0, 0.0, -0.0, -0.0, 0.0, -0.0, -1.0, 0.341622, -0.0, -1.0, 0.0, -0.0, 0.0, 0.0, 0.0, 1.0],
                [-1.0, 0.0, -0.0, -0.0, 0.0, -0.0, -1.0, 0.341622, -0.0, -1.0, 0.0, -0.0, 0.0, 0.0, 0.0, 1.0],
                [-1.0, 0.0, -0.0, -0.0, 0.0, -0.0, -1.0, 0.341622, -0.0, -1.0, 0.0, 0.0, 0.0, 0.0, 0.0, 1.0],
                [-1.0, 0.0, -0.0, 0.0, 0.0, -0.0, -1.0, 0.341622, -0.0, -1.0, 0.0, 0.0, 0.0, 0.0, 0.0, 1.0],
                [-1.0, 0.0, -0.0, 0.0, 0.0, 0.0, -1.0, 0.341622, -0.0, -1.0, 0.0, 0.0, 0.0, 0.0, 0.0, 1.0],
                [-1.0, 0.0, -0.0, -0.0, 0.0, -0.0, -1.0, 0.341622, -0.0, -1.0, 0.0, -0.0, 0.0, 0.0, 0.0, 1.0],
                [-1.0, 0.0, -0.0, 0.0, 0.0, -0.0, -1.0, 0.341622, -0.0, -1.0, 0.0, -0.0, 0.0, 0.0, 0.0, 1.0],
                [-1.0, 0.0, 0.0, -0.0, -0.0, -0.0, -1.0, 0.341622, -0.0, -1.0, 0.0, -0.0, 0.0, 0.0, 0.0, 1.0],
                [-1.0, 0.0, -0.0, -0.0, 0.0, -0.0, -1.0, 0.341622, -0.0, -1.0, 0.0, -0.0, 0.0, 0.0, 0.0, 1.0],
                [-1.0, 0.0, -0.0, -0.0, 0.0, -0.0, -1.0, 0.341622, -0.0, -1.0, 0.0, -0.0, 0.0, 0.0, 0.0, 1.0]
            ]
        },
        {
            "name": "Shoulder_L",
            "time": [0.0, 0.1, 0.1667, 0.2667, 0.55, 0.6833, 0.7833, 0.95, 1.3333, 1.5167],
            "transform": [
                [-0.226937, -0.913069, -0.338827, 0.0, -0.021067, -0.34322, 0.939019, 0.4, -0.973682, 0.220236, 0.058654, 0.0, 0.0, 0.0, 0.0, 1.0],
                [-0.226937, -0.913069, -0.338827, -0.0, -0.021067, -0.34322, 0.939019, 0.4, -0.973681, 0.220236, 0.058654, 0.0, 0.0, 0.0, 0.0, 1.0],
                [-0.226937, -0.913069, -0.338827, -0.0, -0.021067, -0.34322, 0.939019, 0.4, -0.973682, 0.220236, 0.058654, -0.0, 0.0, 0.0, 0.0, 1.0],
                [-0.226937, -0.913069, -0.338827, -0.0, -0.021067, -0.34322, 0.939019, 0.4, -0.973681, 0.220236, 0.058654, 0.0, 0.0, 0.0, 0.0, 1.0],
                [-0.166284, -0.926038, -0.338827, 0.0, 0.001593, -0.343863, 0.939019, 0.4, -0.986076, 0.155604, 0.058654, 0.0, 0.0, 0.0, 0.0, 1.0],
                [-0.075637, -0.937803, -0.338827, -0.0, 0.034954, -0.342085, 0.939019, 0.4, -0.996522, 0.059181, 0.058654, -0.0, 0.0, 0.0, 0.0, 1.0],
                [0.07974, -0.937464, -0.338827, 0.0, 0.090778, -0.331668, 0.939019, 0.4, -0.992674, -0.105635, 0.058654, -0.0, 0.0, 0.0, 0.0, 1.0],
                [0.168462, -0.925644, -0.338827, 0.0, 0.121884, -0.321541, 0.939019, 0.4, -0.978144, -0.199486, 0.058654, 0.0, 0.0, 0.0, 0.0, 1.0],
                [0.168462, -0.925644, -0.338827, -0.0, 0.121884, -0.32154, 0.939019, 0.4, -0.978144, -0.199486, 0.058654, 0.0, 0.0, 0.0, 0.0, 1.0],
                [0.168462, -0.925644, -0.338827, -0.0, 0.121884, -0.32154, 0.939019, 0.4, -0.978144, -0.199486, 0.058654, 0.0, 0.0, 0.0, 0.0, 1.0]
            ]
        },
        {
            "name": "Arm_L",
            "time": [0.0, 0.1, 0.1667, 0.2667, 0.55, 0.6833, 0.7833, 0.95, 1.3333, 1.5167],
            "transform": [
                [-0.295355, 0.221583, 0.929336, -0.0, -0.347907, 0.880998, -0.320628, 0.39386, -0.88979, -0.418022, -0.183117, 0.0, 0.0, 0.0, 0.0, 1.0],
                [-0.288274, 0.23072, 0.929336, -0.0, -0.32016, 0.891457, -0.320628, 0.39386, -0.902439, -0.389965, -0.183117, 0.0, 0.0, 0.0, 0.0, 1.0],
                [-0.23861, 0.281778, 0.929337, -0.0, -0.143036, 0.936343, -0.320628, 0.39386, -0.960524, -0.209434, -0.183117, 0.0, 0.0, 0.0, 0.0, 1.0],
                [-0.233956, 0.285654, 0.929337, 0.0, -0.127658, 0.938563, -0.320627, 0.39386, -0.96383, -0.19365, -0.183117, -0.0, 0.0, 0.0, 0.0, 1.0],
                [-0.231702, 0.321951, 0.917966, -0.0, -0.125386, 0.92589, -0.356379, 0.39386, -0.964672, -0.197674, -0.174162, -0.0, 0.0, 0.0, 0.0, 1.0],
                [-0.24022, 0.365614, 0.899234, 0.0, -0.127429, 0.906465, -0.402595, 0.39386, -0.962318, -0.211299, -0.171162, -0.0, 0.0, 0.0, 0.0, 1.0],
                [-0.232832, 0.442082, 0.866229, -0.0, -0.126713, 0.869325, -0.477721, 0.39386, -0.964227, -0.220991, -0.14639, 0.0, 0.0, 0.0, 0.0, 1.0],
                [-0.106463, 0.525738, 0.843958, -0.0, 0.086729, 0.850457, -0.518846, 0.39386, -0.990527, 0.017958, -0.136139, 0.0, 0.0, 0.0, 0.0, 1.0],
                [-0.233956, 0.4827, 0.843958, 0.0, -0.127658, 0.845282, -0.518846, 0.39386, -0.96383, -0.229125, -0.136139, 0.0, 0.0, 0.0, 0.0, 1.0],
                [-0.233956, 0.4827, 0.843958, 0.0, -0.127658, 0.845282, -0.518846, 0.39386, -0.96383, -0.229125, -0.136139, 0.0, 0.0, 0.0, 0.0, 1.0]
            ]
        },
        {
            "name": "Hand_L",
            "time": [0.0, 0.1, 0.1667, 0.2667, 0.55, 0.6833, 0.7833, 0.95, 1.3333, 1.5167],
            "transform": [
                [0.999993, -0.002159, -0.003123, -0.0, 0.000938, 0.937587, -0.347751, 0.3, 0.003679, 0.347745, 0.937582, 0.0, 0.0, 0.0, 0.0, 1.0],
                [0.999993, -0.002159, -0.003123, 0.0, 0.000938, 0.937587, -0.347751, 0.3, 0.003679, 0.347745, 0.937582, 0.0, 0.0, 0.0, 0.0, 1.0],
                [0.999993, -0.002159, -0.003123, -0.0, 0.000938, 0.937587, -0.347751, 0.3, 0.003679, 0.347745, 0.937582, 0.0, 0.0, 0.0, 0.0, 1.0],
                [0.999993, -0.002159, -0.003123, 0.0, 0.000938, 0.937587, -0.347751, 0.3, 0.003679, 0.347745, 0.937582, 0.0, 0.0, 0.0, 0.0, 1.0],
                [0.999993, -0.002399, -0.002943, -0.0, 0.000938, 0.907234, -0.420626, 0.3, 0.003679, 0.42062, 0.90723, 0.0, 0.0, 0.0, 0.0, 1.0],
                [0.999993, -0.002725, -0.002644, 0.0, 0.000938, 0.852097, -0.523384, 0.3, 0.003679, 0.523378, 0.852093, 0.0, 0.0, 0.0, 0.0, 1.0],
                [0.999993, -0.003193, -0.002054, 0.0, 0.000938, 0.73206, -0.68124, 0.3, 0.003679, 0.681233, 0.732058, 0.0, 0.0, 0.0, 0.0, 1.0],
                [0.999993, -0.003406, -0.001677, -0.0, 0.000938, 0.64979, -0.760113, 0.3, 0.003679, 0.760106, 0.649789, 0.0, 0.0, 0.0, 0.0, 1.0],
                [0.999993, -0.003406, -0.001678, -0.0, 0.000938, 0.64979, -0.760113, 0.3, 0.003679, 0.760106, 0.649789, -0.0, 0.0, 0.0, 0.0, 1.0],
                [0.999993, -0.003406, -0.001678, -0.0, 0.000938, 0.64979, -0.760113, 0.3, 0.003679, 0.760106, 0.649789, -0.0, 0.0, 0.0, 0.0, 1.0]
            ]
        },
        {
            "name": "Tool_L",
            "time": [0.0, 0.1, 0.1667, 0.2667, 0.55, 0.6833, 0.7833, 0.95, 1.3333, 1.5167],
            "transform": [
                [0.997004, 0.01104, -0.076554, -0.0, -0.036659, -0.804079, -0.593391, 0.272858, -0.068067, 0.594062, -0.8008, -0.0, 0.0, 0.0, 0.0, 1.0],
                [0.997004, 0.01104, -0.076554, 0.0, -0.036659, -0.804079, -0.593391, 0.272858, -0.068067, 0.594062, -0.8008, -0.0, 0.0, 0.0, 0.0, 1.0],
                [0.997004, 0.01104, -0.076554, -0.0, -0.036659, -0.804079, -0.593391, 0.272858, -0.068067, 0.594062, -0.8008, -0.0, 0.0, 0.0, 0.0, 1.0],
                [0.997004, 0.01104, -0.076554, 0.0, -0.036659, -0.804079, -0.593391, 0.272858, -0.068067, 0.594062, -0.8008, -0.0, 0.0, 0.0, 0.0, 1.0],
                [0.997004, 0.01104, -0.076554, -0.0, -0.036659, -0.804079, -0.593391, 0.272858, -0.068067, 0.594062, -0.8008, -0.0, 0.0, 0.0, 0.0, 1.0],
                [0.997004, 0.01104, -0.076554, 0.0, -0.036659, -0.804079, -0.593391, 0.272858, -0.068067, 0.594062, -0.8008, -0.0, 0.0, 0.0, 0.0, 1.0],
                [0.997004, 0.01104, -0.076554, -0.0, -0.036659, -0.804079, -0.593391, 0.272858, -0.068067, 0.594062, -0.8008, -0.0, 0.0, 0.0, 0.0, 1.0],
                [0.997004, 0.01104, -0.076554, 0.0, -0.036659, -0.804079, -0.593391, 0.272858, -0.068067, 0.594062, -0.8008, -0.0, 0.0, 0.0, 0.0, 1.0],
                [0.997004, 0.01104, -0.076554, -0.0, -0.036659, -0.804079, -0.593391, 0.272858, -0.068067, 0.594062, -0.8008, -0.0, 0.0, 0.0, 0.0, 1.0],
                [0.997004, 0.01104, -0.076554, -0.0, -0.036659, -0.804079, -0.593391, 0.272858, -0.068067, 0.594062, -0.8008, -0.0, 0.0, 0.0, 0.0, 1.0]
            ]
        },
        {
            "name": "Elbow_L",
            "time": [0.0, 0.1, 0.1667, 0.2667, 0.55, 0.6833, 0.7833, 0.95, 1.3333, 1.5167],
            "transform": [
                [-1.0, 0.0, -0.0, 2.7e-05, 0.0, -0.0, -1.0, 0.334301, -0.0, -1.0, -0.0, -0.002121, 0.0, 0.0, 0.0, 1.0],
                [-1.0, 0.0, -0.0, 2.7e-05, 0.0, -0.0, -1.0, 0.334301, -0.0, -1.0, -0.0, -0.00212, 0.0, 0.0, 0.0, 1.0],
                [-1.0, 0.0, -0.0, 2.7e-05, 0.0, -0.0, -1.0, 0.334301, -0.0, -1.0, -0.0, -0.002121, 0.0, 0.0, 0.0, 1.0],
                [-1.0, 0.0, -0.0, 2.7e-05, 0.0, -0.0, -1.0, 0.334301, -0.0, -1.0, -0.0, -0.002121, 0.0, 0.0, 0.0, 1.0],
                [-1.0, 0.0, -0.0, 2.7e-05, 0.0, 0.0, -1.0, 0.334301, -0.0, -1.0, -0.0, -0.002121, 0.0, 0.0, 0.0, 1.0],
                [-1.0, 0.0, -0.0, 2.7e-05, 0.0, -0.0, -1.0, 0.334301, -0.0, -1.0, -0.0, -0.002121, 0.0, 0.0, 0.0, 1.0],
                [-1.0, 0.0, -0.0, 2.7e-05, 0.0, -0.0, -1.0, 0.334301, -0.0, -1.0, -0.0, -0.002121, 0.0, 0.0, 0.0, 1.0],
                [-1.0, 0.0, 0.0, 2.7e-05, 0.0, -0.0, -1.0, 0.334301, -0.0, -1.0, -0.0, -0.002121, 0.0, 0.0, 0.0, 1.0],
                [-1.0, 0.0, -0.0, 2.7e-05, 0.0, -0.0, -1.0, 0.334301, -0.0, -1.0, -0.0, -0.002121, 0.0, 0.0, 0.0, 1.0],
                [-1.0, 0.0, -0.0, 2.7e-05, 0.0, -0.0, -1.0, 0.334301, -0.0, -1.0, -0.0, -0.002121, 0.0, 0.0, 0.0, 1.0]
            ]
        }
    ]
}