{
    "animation": [
        {
            "name": "Root",
            "time": [0.0, 0.1333, 0.3333, 0.6667, 0.8167, 0.8833, 1.0333, 1.4333, 1.7833, 2.0833],
            "transform": [
                [0.175723, 0.207674, -0.962285, -0.091337, -0.884062, 0.463312, -0.06145, 0.003908, 0.433076, 0.861518, 0.265012, 0.522944, 0.0, 0.0, 0.0, 1.0],
                [-0.058189, 0.258418, -0.964279, -0.094016, -0.986893, 0.130746, 0.094592, -0.495688, 0.15052, 0.957145, 0.247423, 0.472936, 0.0, 0.0, 0.0, 1.0],
                [-0.148567, 0.255833, -0.955237, -0.095033, -0.988186, -0.001651, 0.153249, -0.685343, 0.037629, 0.96672, 0.253055, 0.453952, 0.0, 0.0, 0.0, 1.0],
                [0.401299, -0.048721, -0.91465, -0.061291, -0.884331, 0.23949, -0.400753, -0.350538, 0.238575, 0.969675, 0.053021, 0.645013, 0.0, 0.0, 0.0, 1.0],
                [0.964461, -0.184147, -0.189483, -0.05456, -0.146884, 0.222448, -0.963816, 0.021215, 0.219634, 0.957396, 0.187495, 0.642995, 0.0, 0.0, 0.0, 1.0],
                [0.597887, -0.237257, 0.765663, -0.050067, 0.799352, 0.105308, -0.591562, 0.592876, 0.059721, 0.965722, 0.252614, 0.621211, 0.0, 0.0, 0.0, 1.0],
                [0.48609, -0.205845, 0.84932, -0.10987, 0.873297, 0.150779, -0.46327, 0.863498, -0.032698, 0.966899, 0.253055, 0.415153, 0.0, 0.0, 0.0, 1.0],
                [0.417091, -0.21689, 0.882606, -0.111312, 0.908276, 0.134407, -0.396193, 0.90443, -0.032698, 0.966899, 0.253055, 0.448521, 0.0, 0.0, 0.0, 1.0],
                [0.998761, 0.048556, 0.010856, 0.003125, 0.006248, 0.094066, -0.995546, 1.276428, -0.049361, 0.994381, 0.093647, 0.796137, 0.0, 0.0, 0.0, 1.0],
                [0.669298, 0.029532, -0.742407, 0.050246, -0.741382, -0.039244, -0.669935, 1.351121, -0.04892, 0.998793, -0.004371, 0.741394, 0.0, 0.0, 0.0, 1.0]
            ]
        },
        {
            "name": "Thigh_R",
            "time": [0.0, 0.1333, 0.3333, 0.6667, 0.8167, 0.8833, 1.0333, 1.4333, 1.7833, 2.0833],
            "transform": [
                [0.934643, 0.351668, 0.052634, 0.124994, 0.292427, -0.844378, 0.448897, -0.002831, 0.202306, -0.404166, -0.892033, -1.2e-05, 0.0, 0.0, 0.0, 1.0],
                [0.886056, 0.438826, -0.14945, 0.124994, 0.379509, -0.501501, 0.777476, -0.002831, 0.266228, -0.745603, -0.610898, -1.2e-05, 0.0, 0.0, 0.0, 1.0],
                [0.865597, 0.443549, -0.23239, 0.124994, 0.400842, -0.335621, 0.852457, -0.002831, 0.300112, -0.831035, -0.468307, -1.2e-05, 0.0, 0.0, 0.0, 1.0],
                [0.72042, 0.063434, -0.690631, 0.124994, 0.512746, -0.719247, 0.468799, -0.002831, -0.466997, -0.691849, -0.550687, -1.2e-05, 0.0, 0.0, 0.0, 1.0],
                [0.834558, 0.312536, -0.453688, 0.124994, 0.550726, -0.495101, 0.671993, -0.002831, -0.014599, -0.810674, -0.585314, -1.2e-05, 0.0, 0.0, 0.0, 1.0],
                [0.630267, 0.774522, -0.053635, 0.124994, 0.18295, -0.081026, 0.979778, -0.002831, 0.754515, -0.627333, -0.192768, -1.2e-05, 0.0, 0.0, 0.0, 1.0],
                [0.538439, 0.841659, -0.041109, 0.124994, -0.174498, 0.159094, 0.97172, -0.002831, 0.824399, -0.516038, 0.23253, -1.2e-05, 0.0, 0.0, 0.0, 1.0],
                [0.538439, 0.83895, 0.079014, 0.124994, -0.174498, 0.019275, 0.984469, -0.002831, 0.824399, -0.543863, 0.156773, -1.2e-05, 0.0, 0.0, 0.0, 1.0],
                [0.895065, 0.202818, 0.397144, 0.124994, 0.05696, -0.935287, 0.349271, -0.002831, 0.442282, -0.289998, -0.848698, -1.2e-05, 0.0, 0.0, 0.0, 1.0],
                [0.988545, 0.148801, -0.025238, 0.124994, 0.148718, -0.988864, -0.005161, -0.002831, -0.025725, 0.001349, -0.999668, -1.2e-05, 0.0, 0.0, 0.0, 1.0]
            ]
        },
        {
            "name": "Leg_R",
            "time": [0.0, 0.1333, 0.3333, 0.6667, 0.8167, 0.8833, 1.0333, 1.4333, 1.7833, 2.0833],
            "transform": [
                [1.0, -0.0, 1e-06, -0.0, -0.0, 0.939824, 0.341661, 0.37472, -1e-06, -0.341661, 0.939822, -0.0, 0.0, 0.0, 0.0, 1.0],
                [1.0, -1e-06, 0.0, -0.0, -0.0, 0.371053, 0.928611, 0.37472, -1e-06, -0.928613, 0.371053, 0.0, 0.0, 0.0, 0.0, 1.0],
                [1.0, -1e-06, 0.0, -0.0, 0.0, 0.068563, 0.997646, 0.37472, -1e-06, -0.997648, 0.068563, 0.0, 0.0, 0.0, 0.0, 1.0],
                [1.0, -1e-06, 0.0, -0.0, -0.0, 0.068563, 0.997646, 0.37472, -1e-06, -0.997647, 0.068563, 0.0, 0.0, 0.0, 0.0, 1.0],
                [1.0, -1e-06, -0.0, -0.0, -0.0, -0.130146, 0.991494, 0.37472, -1e-06, -0.991496, -0.130146, 0.0, 0.0, 0.0, 0.0, 1.0],
                [1.0, -1e-06, -0.0, 0.0, -0.0, -0.406172, 0.913796, 0.37472, -1e-06, -0.913797, -0.406172, 0.0, 0.0, 0.0, 0.0, 1.0],
                [1.0, -1e-06, 0.0, 0.0, -0.0, 0.068563, 0.997646, 0.37472, -1e-06, -0.997647, 0.068563, 0.0, 0.0, 0.0, 0.0, 1.0],
                [1.0, -1e-06, 0.0, -0.0, -0.0, 0.068563, 0.997646, 0.37472, -1e-06, -0.997647, 0.068563, 0.0, 0.0, 0.0, 0.0, 1.0],
                [1.0, -0.0, 1e-06, -0.0, 0.0, 0.939362, 0.342928, 0.37472, -1e-06, -0.342928, 0.939361, 0.0, 0.0, 0.0, 0.0, 1.0],
                [1.0, -0.0, 1e-06, -0.0, 0.0, 0.997612, 0.069073, 0.37472, -1e-06, -0.069073, 0.997611, 0.0, 0.0, 0.0, 0.0, 1.0]
            ]
        },
        {
            "name": "Knee_R",
            "time": [0.0, 0.1333, 0.3333, 0.6667, 0.8167, 0.8833, 1.0333, 1.4333, 2.0833],
            "transform": [
                [1.0, 0.0, -0.0, -0.0, -0.0, 1e-06, -1.0, 0.37472, -0.0, 1.0, 1e-06, -0.0, 0.0, 0.0, 0.0, 1.0],
                [1.0, 0.0, -0.0, -0.0, -0.0, 1e-06, -1.0, 0.37472, -0.0, 1.0, 1e-06, 0.0, 0.0, 0.0, 0.0, 1.0],
                [1.0, 0.0, -0.0, -0.0, -0.0, 1e-06, -1.0, 0.37472, -0.0, 1.0, 1e-06, 0.0, 0.0, 0.0, 0.0, 1.0],
                [1.0, 0.0, -0.0, -0.0, -0.0, 1e-06, -1.0, 0.37472, -0.0, 1.0, 1e-06, 0.0, 0.0, 0.0, 0.0, 1.0],
                [1.0, 0.0, -0.0, -0.0, -0.0, 0.259574, -0.965723, 0.37472, -0.0, 0.965723, 0.259574, 0.0, 0.0, 0.0, 0.0, 1.0],
                [1.0, 0.0, -0.0, 0.0, -0.0, 0.599213, -0.80059, 0.37472, 0.0, 0.80059, 0.599213, 0.0, 0.0, 0.0, 0.0, 1.0],
                [1.0, 0.0, -0.0, 0.0, -0.0, 1e-06, -1.0, 0.37472, -0.0, 1.0, 1e-06, 0.0, 0.0, 0.0, 0.0, 1.0],
                [1.0, 0.0, -0.0, -0.0, -0.0, 1e-06, -1.0, 0.37472, -0.0, 1.0, 1e-06, 0.0, 0.0, 0.0, 0.0, 1.0],
                [1.0, -0.0, -0.0, -0.0, -0.0, 1e-06, -1.0, 0.37472, -0.0, 1.0, 1e-06, 0.0, 0.0, 0.0, 0.0, 1.0]
            ]
        },
        {
            "name": "Thigh_L",
            "time": [0.0, 0.1333, 0.3333, 0.6667, 0.8167, 0.8833, 1.0333, 1.4333, 1.7833, 2.0833],
            "transform": [
                [0.436513, -0.852714, 0.28694, -0.125006, 0.00038, 0.319104, 0.947719, -0.002831, -0.899697, -0.413583, 0.139617, -1.2e-05, 0.0, 0.0, 0.0, 1.0],
                [0.143006, -0.945795, -0.291583, -0.125006, 0.13995, -0.272327, 0.951972, -0.002831, -0.979777, -0.176945, 0.093419, -1.2e-05, 0.0, 0.0, 0.0, 1.0],
                [0.016347, -0.870434, -0.492014, -0.125006, 0.140881, -0.485166, 0.862998, -0.002831, -0.989891, -0.083423, 0.114696, -1.2e-05, 0.0, 0.0, 0.0, 1.0],
                [0.55925, -0.738037, -0.377545, -0.125006, -0.07256, -0.497254, 0.864565, -0.002831, -0.825817, -0.456114, -0.331642, -1.2e-05, 0.0, 0.0, 0.0, 1.0],
                [0.816889, -0.568659, -0.096537, -0.125006, -0.400268, -0.679395, 0.614985, -0.002831, -0.415303, -0.463734, -0.782607, -1.2e-05, 0.0, 0.0, 0.0, 1.0],
                [0.832686, -0.493011, 0.252136, -0.125006, -0.497244, -0.866091, -0.051336, -0.002831, 0.243682, -0.082625, -0.966329, -1.2e-05, 0.0, 0.0, 0.0, 1.0],
                [0.697075, -0.696665, 0.169542, -0.125006, -0.553554, -0.673199, -0.490286, -0.002831, 0.455701, 0.247916, -0.854912, -1.2e-05, 0.0, 0.0, 0.0, 1.0],
                [0.74255, -0.622848, 0.24633, -0.125006, -0.482226, -0.752382, -0.448752, -0.002831, 0.464839, 0.214435, -0.859035, -1.2e-05, 0.0, 0.0, 0.0, 1.0],
                [0.97793, -0.160981, 0.133182, -0.125006, -0.192911, -0.940511, 0.279688, -0.002831, 0.080235, -0.299207, -0.950809, -1.2e-05, 0.0, 0.0, 0.0, 1.0],
                [0.869242, -0.150522, -0.470913, -0.125006, -0.021407, -0.963091, 0.268325, -0.002831, -0.493921, -0.223159, -0.840382, -1.2e-05, 0.0, 0.0, 0.0, 1.0]
            ]
        },
        {
            "name": "Leg_L",
            "time": [0.0, 0.1333, 0.3333, 0.6667, 0.8167, 0.8833, 1.0333, 1.4333, 1.7833, 2.0833],
            "transform": [
                [0.999313, -0.021313, -0.030336, 0.0, 0.035683, 0.330789, 0.94303, 0.37472, -0.010064, -0.943464, 0.331322, -0.0, 0.0, 0.0, 0.0, 1.0],
                [0.999313, -0.036632, -0.005718, -0.0, 0.035683, 0.908424, 0.416525, 0.37472, -0.010064, -0.416442, 0.909107, -0.0, 0.0, 0.0, 0.0, 1.0],
                [0.999313, -0.036696, 0.005289, -0.0, 0.035683, 0.99068, 0.131454, 0.37472, -0.010064, -0.131174, 0.991309, 0.0, 0.0, 0.0, 0.0, 1.0],
                [0.999309, -0.026041, -0.026541, -0.0, 0.035792, 0.480303, 0.876372, 0.37472, -0.010074, -0.876715, 0.480903, 0.0, 0.0, 0.0, 0.0, 1.0],
                [0.999314, -0.031993, -0.018646, -0.0, 0.035649, 0.694954, 0.71817, 0.37472, -0.010019, -0.718341, 0.695619, 0.0, 0.0, 0.0, 0.0, 1.0],
                [0.999313, -0.037072, -0.000517, 0.0, 0.035683, 0.957917, 0.284818, 0.37472, -0.010064, -0.284641, 0.958582, -0.0, 0.0, 0.0, 0.0, 1.0],
                [0.999313, -0.036696, 0.005289, -0.0, 0.035683, 0.99068, 0.131454, 0.37472, -0.010064, -0.131174, 0.991309, -0.0, 0.0, 0.0, 0.0, 1.0],
                [0.999313, -0.036696, 0.005289, -0.0, 0.035683, 0.99068, 0.131454, 0.37472, -0.010064, -0.131174, 0.991309, 0.0, 0.0, 0.0, 0.0, 1.0],
                [0.999903, 0.008402, 0.011155, 0.0, -0.013849, 0.493692, 0.869527, 0.37472, 0.001798, -0.869596, 0.493761, 0.0, 0.0, 0.0, 0.0, 1.0],
                [0.998576, 0.053341, 0.000405, -0.0, -0.051599, 0.963981, 0.260918, 0.37472, 0.013527, -0.260567, 0.965361, -0.0, 0.0, 0.0, 0.0, 1.0]
            ]
        },
        {
            "name": "Knee_L",
            "time": [0.0, 0.1333, 0.3333, 0.6667, 0.8167, 0.8833, 1.0333, 1.4333, 2.0833],
            "transform": [
                [1.0, 0.0, -0.0, 0.0, -0.0, 1e-06, -1.0, 0.37472, -0.0, 1.0, 1e-06, -0.0, 0.0, 0.0, 0.0, 1.0],
                [1.0, 0.0, -0.0, -0.0, -0.0, 1e-06, -1.0, 0.37472, -0.0, 1.0, 1e-06, -0.0, 0.0, 0.0, 0.0, 1.0],
                [1.0, 0.0, -0.0, -0.0, -0.0, 1e-06, -1.0, 0.37472, -0.0, 1.0, 1e-06, 0.0, 0.0, 0.0, 0.0, 1.0],
                [1.0, 0.0, -0.0, -0.0, -0.0, 1e-06, -1.0, 0.37472, -0.0, 1.0, 1e-06, 0.0, 0.0, 0.0, 0.0, 1.0],
                [1.0, 0.0, -0.0, -0.0, -0.0, 1e-06, -1.0, 0.37472, -0.0, 1.0, 1e-06, 0.0, 0.0, 0.0, 0.0, 1.0],
                [1.0, 0.0, -0.0, 0.0, -0.0, 1e-06, -1.0, 0.37472, -0.0, 1.0, 1e-06, -0.0, 0.0, 0.0, 0.0, 1.0],
                [1.0, 0.0, -0.0, -0.0, -0.0, 1e-06, -1.0, 0.37472, -0.0, 1.0, 1e-06, -0.0, 0.0, 0.0, 0.0, 1.0],
                [1.0, 0.0, -0.0, -0.0, -0.0, 1e-06, -1.0, 0.37472, -0.0, 1.0, 1e-06, 0.0, 0.0, 0.0, 0.0, 1.0],
                [1.0, 0.0, -0.0, -0.0, -0.0, 1e-06, -1.0, 0.37472, -0.0, 1.0, 1e-06, -0.0, 0.0, 0.0, 0.0, 1.0]
            ]
        },
        {
            "name": "Torso",
            "time": [0.0, 0.1333, 0.3333, 0.6667, 0.8167, 0.8833, 1.0333, 1.4333, 2.0833],
            "transform": [
                [0.987377, 0.15815, 0.008732, 0.0, -0.157682, 0.986673, -0.040171, 0.05, -0.014968, 0.038287, 0.999155, 0.0, 0.0, 0.0, 0.0, 1.0],
                [0.987376, 0.15815, 0.008732, 0.0, -0.157682, 0.986673, -0.040171, 0.05, -0.014968, 0.038287, 0.999155, 0.0, 0.0, 0.0, 0.0, 1.0],
                [0.987377, 0.15815, 0.008732, 0.0, -0.157682, 0.986673, -0.040171, 0.05, -0.014968, 0.038287, 0.999155, -0.0, 0.0, 0.0, 0.0, 1.0],
                [0.987377, 0.15815, 0.008732, -0.0, -0.157682, 0.986673, -0.040171, 0.05, -0.014968, 0.038287, 0.999155, 0.0, 0.0, 0.0, 0.0, 1.0],
                [0.987377, 0.15815, 0.008732, 0.0, -0.157682, 0.986673, -0.040171, 0.05, -0.014968, 0.038287, 0.999155, 0.0, 0.0, 0.0, 0.0, 1.0],
                [0.987377, 0.15815, 0.008732, 0.0, -0.157682, 0.986673, -0.040171, 0.05, -0.014968, 0.038287, 0.999155, 0.0, 0.0, 0.0, 0.0, 1.0],
                [0.987377, 0.15815, 0.008732, -0.0, -0.157682, 0.986673, -0.040171, 0.05, -0.014968, 0.038287, 0.999155, -0.0, 0.0, 0.0, 0.0, 1.0],
                [0.987377, 0.15815, 0.008732, 0.0, -0.157682, 0.986673, -0.040171, 0.05, -0.014968, 0.038287, 0.999155, 0.0, 0.0, 0.0, 0.0, 1.0],
                [0.987377, 0.15815, 0.008732, 0.0, -0.157682, 0.986673, -0.040171, 0.05, -0.014968, 0.038287, 0.999155, -0.0, 0.0, 0.0, 0.0, 1.0]
            ]
        },
        {
            "name": "Chest",
            "time": [0.0, 0.1333, 0.3333, 0.6667, 0.8167, 0.8833, 1.0333, 1.4333, 2.0833],
            "transform": [
                [0.968051, 0.008659, -0.250605, -0.0, 0.026078, 0.990508, 0.134961, 0.3, 0.249395, -0.137184, 0.958636, 0.0, 0.0, 0.0, 0.0, 1.0],
                [0.879756, -0.021024, -0.474961, -0.0, 0.016742, 0.999772, -0.013243, 0.3, 0.475131, 0.003698, 0.879907, -0.0, 0.0, 0.0, 0.0, 1.0],
                [0.832928, -0.040959, -0.551864, -0.0, 0.003875, 0.997664, -0.068199, 0.3, 0.553368, 0.054666, 0.831141, -0.0, 0.0, 0.0, 0.0, 1.0],
                [0.889738, -0.03422, -0.455188, 0.0, 0.030734, 0.999414, -0.015058, 0.3, 0.455436, -0.000592, 0.890268, 0.0, 0.0, 0.0, 0.0, 1.0],
                [0.95448, -0.030917, -0.296668, -0.0, 0.048768, 0.997405, 0.052962, 0.3, 0.294261, -0.065019, 0.953511, 0.0, 0.0, 0.0, 0.0, 1.0],
                [0.994449, -0.055965, 0.089104, -0.0, 0.03692, 0.97857, 0.202579, 0.3, -0.098532, -0.198165, 0.975204, 0.0, 0.0, 0.0, 0.0, 1.0],
                [0.752416, -0.153961, 0.640442, -0.0, -0.136815, 0.914565, 0.380596, 0.3, -0.644322, -0.373989, 0.667069, 0.0, 0.0, 0.0, 0.0, 1.0],
                [0.722664, -0.144049, 0.676023, -0.0, -0.087438, 0.951133, 0.296141, 0.3, -0.685647, -0.27312, 0.674755, -0.0, 0.0, 0.0, 0.0, 1.0],
                [0.999771, -0.021316, -0.002029, 0.0, 0.021411, 0.994316, 0.104295, 0.3, -0.000206, -0.104315, 0.994544, 0.0, 0.0, 0.0, 0.0, 1.0]
            ]
        },
        {
            "name": "Head",
            "time": [0.0, 0.1333, 0.3333, 0.6667, 0.8167, 0.8833, 1.0333, 1.4333, 2.0833],
            "transform": [
                [0.341577, -0.100418, 0.934474, 0.0, 0.141063, 0.988491, 0.05466, 0.4, -0.929208, 0.113149, 0.351811, -0.0, 0.0, 0.0, 0.0, 1.0],
                [0.341577, -0.100418, 0.934474, -0.0, 0.141063, 0.98849, 0.05466, 0.4, -0.929207, 0.113149, 0.351811, 0.0, 0.0, 0.0, 0.0, 1.0],
                [0.341577, -0.100418, 0.934474, 0.0, 0.141063, 0.988491, 0.05466, 0.4, -0.929208, 0.113149, 0.351811, 0.0, 0.0, 0.0, 0.0, 1.0],
                [0.685494, -0.101338, 0.720991, 0.0, 0.152312, 0.988315, -0.005901, 0.4, -0.711968, 0.113861, 0.692919, -0.0, 0.0, 0.0, 0.0, 1.0],
                [0.965685, -0.107198, 0.236559, -0.0, 0.132321, 0.986837, -0.092976, 0.4, -0.223478, 0.121087, 0.967158, -0.0, 0.0, 0.0, 0.0, 1.0],
                [0.762982, -0.102394, -0.638259, -0.0, 0.005699, 0.988402, -0.151754, 0.4, 0.646395, 0.112148, 0.754716, -0.0, 0.0, 0.0, 0.0, 1.0],
                [0.293198, 0.02007, -0.955841, 0.0, -0.079274, 0.996847, -0.003386, 0.4, 0.95276, 0.076766, 0.293864, -0.0, 0.0, 0.0, 0.0, 1.0],
                [0.293197, -0.100418, -0.950764, -0.0, -0.079274, 0.98849, -0.128849, 0.4, 0.95276, 0.113149, 0.281862, -0.0, 0.0, 0.0, 0.0, 1.0],
                [0.853111, 0.037721, 0.520365, -0.0, -0.006297, 0.998055, -0.062025, 0.4, -0.521692, 0.049637, 0.851689, -0.0, 0.0, 0.0, 0.0, 1.0]
            ]
        },
        {
            "name": "Shoulder_R",
            "time": [0.0, 0.1333, 0.3333, 0.6667, 0.8167, 0.8833, 1.0333, 1.4333, 2.0833],
            "transform": [
                [-0.109487, 0.928392, 0.355106, 0.0, 0.099779, -0.345183, 0.933216, 0.4, 0.988967, 0.137608, -0.054841, -0.0, 0.0, 0.0, 0.0, 1.0],
                [0.129529, 0.925809, 0.355106, -0.0, 0.00898, -0.359203, 0.933216, 0.4, 0.991535, -0.117689, -0.054841, 0.0, 0.0, 0.0, 0.0, 1.0],
                [0.218677, 0.908889, 0.355106, 0.0, -0.025887, -0.358382, 0.933216, 0.4, 0.975454, -0.213266, -0.054841, 0.0, 0.0, 0.0, 0.0, 1.0],
                [0.700652, 0.646235, 0.302435, 0.0, -0.226884, -0.20008, 0.953148, 0.4, 0.676469, -0.736443, 0.006434, -0.0, 0.0, 0.0, 0.0, 1.0],
                [0.619745, 0.715738, 0.321924, -0.0, -0.194277, -0.257514, 0.946543, 0.4, 0.760376, -0.649158, -0.020541, -0.0, 0.0, 0.0, 0.0, 1.0],
                [0.489656, 0.796339, 0.35508, -0.0, -0.135741, -0.332653, 0.933229, 0.4, 0.861285, -0.50516, -0.054789, -0.0, 0.0, 0.0, 0.0, 1.0],
                [0.517456, 0.778549, 0.355106, 0.0, -0.147366, -0.327705, 0.933216, 0.4, 0.842925, -0.535229, -0.054841, -0.0, 0.0, 0.0, 0.0, 1.0],
                [0.517456, 0.778549, 0.355106, -0.0, -0.147366, -0.327705, 0.933216, 0.4, 0.842924, -0.535229, -0.054841, -0.0, 0.0, 0.0, 0.0, 1.0],
                [0.110305, 0.959352, 0.259762, -0.0, 0.091141, -0.270019, 0.958532, 0.4, 0.98971, -0.082056, -0.11722, -0.0, 0.0, 0.0, 0.0, 1.0]
            ]
        },
        {
            "name": "Arm_R",
            "time": [0.0, 0.1333, 0.3333, 0.6667, 0.8167, 0.8833, 1.0333, 1.4333, 2.0833],
            "transform": [
                [-0.117381, 0.326635, -0.937833, 0.0, -0.482549, 0.806621, 0.341332, 0.39386, 0.867967, 0.492617, 0.062935, 0.0, 0.0, 0.0, 0.0, 1.0],
                [0.806384, 0.144759, 0.573402, 0.0, 0.124399, 0.906367, -0.403762, 0.39386, -0.578161, 0.396918, 0.712873, -0.0, 0.0, 0.0, 0.0, 1.0],
                [-0.068982, -0.979346, 0.190061, -0.0, 0.496774, 0.131494, 0.857861, 0.393861, -0.865134, 0.153594, 0.477443, 0.0, 0.0, 0.0, 0.0, 1.0],
                [0.352586, -0.699333, 0.621786, -0.0, 0.164634, 0.700451, 0.694453, 0.39386, -0.921184, -0.142487, 0.362103, 0.0, 0.0, 0.0, 0.0, 1.0],
                [0.274877, -0.845618, 0.457572, 0.0, 0.247002, 0.522038, 0.816374, 0.393861, -0.929211, -0.111382, 0.352365, 0.0, 0.0, 0.0, 0.0, 1.0],
                [0.154357, -0.986558, 0.053647, -0.0, 0.447156, 0.118174, 0.886615, 0.39386, -0.881036, -0.112867, 0.459387, 0.0, 0.0, 0.0, 0.0, 1.0],
                [0.378245, -0.758151, -0.531166, 0.0, 0.698603, -0.142686, 0.701138, 0.39386, -0.607359, -0.636276, 0.475676, -0.0, 0.0, 0.0, 0.0, 1.0],
                [0.306391, -0.874173, -0.376757, -0.0, 0.565356, -0.151313, 0.81085, 0.39386, -0.765831, -0.461438, 0.447858, -0.0, 0.0, 0.0, 0.0, 1.0],
                [0.016005, -0.035545, -0.99924, 0.0, 0.894149, 0.447767, -0.001606, 0.393861, 0.447483, -0.893444, 0.038949, 0.0, 0.0, 0.0, 0.0, 1.0]
            ]
        },
        {
            "name": "Hand_R",
            "time": [0.0, 0.1333, 0.3333, 0.6667, 0.8167, 0.8833, 1.0333, 1.4333, 2.0833],
            "transform": [
                [0.999998, -0.000481, 0.001759, -0.0, 0.000868, 0.97383, -0.227276, 0.3, -0.001603, 0.227278, 0.973829, 0.0, 0.0, 0.0, 0.0, 1.0],
                [0.999998, -0.000481, 0.001759, 0.0, 0.000868, 0.97383, -0.227276, 0.3, -0.001603, 0.227278, 0.973829, 0.0, 0.0, 0.0, 0.0, 1.0],
                [0.999998, -0.000481, 0.001759, 0.0, 0.000868, 0.97383, -0.227276, 0.3, -0.001603, 0.227278, 0.973829, 0.0, 0.0, 0.0, 0.0, 1.0],
                [0.999998, 0.000733, 0.001669, -0.0, 0.000868, 0.613854, -0.789419, 0.3, -0.001603, 0.789419, 0.613852, -0.0, 0.0, 0.0, 0.0, 1.0],
                [0.999998, 0.000247, 0.001807, 0.0, 0.000868, 0.806972, -0.59059, 0.3, -0.001603, 0.59059, 0.80697, 0.0, 0.0, 0.0, 0.0, 1.0],
                [0.999998, -0.000481, 0.001759, -0.0, 0.000868, 0.97383, -0.227277, 0.3, -0.001603, 0.227278, 0.973829, -0.0, 0.0, 0.0, 0.0, 1.0],
                [0.999998, -0.000481, 0.001759, -0.0, 0.000868, 0.97383, -0.227277, 0.3, -0.001603, 0.227278, 0.973829, -0.0, 0.0, 0.0, 0.0, 1.0],
                [0.999998, -0.000481, 0.001759, 0.0, 0.000868, 0.97383, -0.227277, 0.3, -0.001603, 0.227278, 0.973829, -0.0, 0.0, 0.0, 0.0, 1.0],
                [0.999998, -0.000876, 0.001599, 0.0, 0.000868, 0.999986, 0.005244, 0.3, -0.001604, -0.005243, 0.999985, -0.0, 0.0, 0.0, 0.0, 1.0]
            ]
        },
        {
            "name": "Tool_R",
            "time": [0.0, 0.1333, 0.3333, 0.6667, 0.8167, 0.8833, 1.0333, 1.4333, 2.0833],
            "transform": [
                [0.999114, -0.040797, 0.010373, 0.015054, -0.028605, -0.838785, -0.543711, 0.243316, 0.030864, 0.542602, -0.838718, 0.024459, 0.0, 0.0, 0.0, 1.0],
                [0.999113, -0.031772, 0.027627, 0.015054, -0.028617, -0.993745, -0.107946, 0.243316, 0.030865, 0.106985, -0.993185, 0.024459, 0.0, 0.0, 0.0, 1.0],
                [0.999113, -0.026453, 0.032759, 0.015054, -0.028621, -0.997302, 0.06759, 0.243316, 0.030864, -0.068437, -0.996584, 0.024459, 0.0, 0.0, 0.0, 1.0],
                [0.999113, -0.030691, 0.028823, 0.015054, -0.028618, -0.997152, -0.069773, 0.243316, 0.030864, 0.068835, -0.996557, 0.024459, 0.0, 0.0, 0.0, 1.0],
                [0.999113, -0.034981, 0.023427, 0.015054, -0.028614, -0.972388, -0.23161, 0.243316, 0.030864, 0.230587, -0.971953, 0.024459, 0.0, 0.0, 0.0, 1.0],
                [0.999114, -0.039635, 0.014184, 0.015054, -0.02861, -0.886481, -0.46188, 0.243316, 0.030862, 0.460782, -0.886309, 0.024459, 0.0, 0.0, 0.0, 1.0],
                [0.999114, -0.040763, 0.010506, 0.015054, -0.028608, -0.840597, -0.540905, 0.243316, 0.030861, 0.539796, -0.840526, 0.024459, 0.0, 0.0, 0.0, 1.0],
                [0.999114, -0.040763, 0.010506, 0.015054, -0.028608, -0.840597, -0.540905, 0.243316, 0.030861, 0.539796, -0.840526, 0.024459, 0.0, 0.0, 0.0, 1.0],
                [0.976086, -0.063799, 0.207812, 0.015054, -0.000916, -0.957162, -0.28955, 0.243316, 0.217254, 0.282258, -0.933781, 0.024459, 0.0, 0.0, 0.0, 1.0]
            ]
        },
        {
            "name": "Elbow_R",
            "time": [0.0, 0.1333, 0.3333, 0.6667, 0.8167, 0.8833, 1.0333, 1.4333, 2.0833],
            "transform": [
                [-1.0, 0.0, 0.0, -0.0, 0.0, 0.0, -1.0, 0.341622, -0.0, -1.0, 0.0, 0.0, 0.0, 0.0, 0.0, 1.0],
                [-1.0, 0.0, -0.0, 0.0, 0.0, -0.0, -1.0, 0.341622, -0.0, -1.0, 0.0, 0.0, 0.0, 0.0, 0.0, 1.0],
                [-1.0, 0.0, -0.0, 0.0, 0.0, -0.0, -1.0, 0.341622, -0.0, -1.0, 0.0, 0.0, 0.0, 0.0, 0.0, 1.0],
                [-1.0, 0.0, -0.0, -0.0, 0.0, -0.0, -1.0, 0.341622, -0.0, -1.0, 0.0, -0.0, 0.0, 0.0, 0.0, 1.0],
                [-1.0, 0.0, -0.0, 0.0, -0.0, -0.0, -1.0, 0.341622, -0.0, -1.0, 0.0, 0.0, 0.0, 0.0, 0.0, 1.0],
                [-1.0, 0.0, -0.0, 0.0, 0.0, -0.0, -1.0, 0.341622, -0.0, -1.0, 0.0, 0.0, 0.0, 0.0, 0.0, 1.0],
                [-1.0, 0.0, -0.0, -0.0, 0.0, -0.0, -1.0, 0.341622, -0.0, -1.0, 0.0, -0.0, 0.0, 0.0, 0.0, 1.0],
                [-1.0, 0.0, -0.0, 0.0, 0.0, -0.0, -1.0, 0.341622, -0.0, -1.0, 0.0, -0.0, 0.0, 0.0, 0.0, 1.0],
                [-1.0, 0.0, -0.0, 0.0, 0.0, -0.0, -1.0, 0.341622, -0.0, -1.0, 0.0, -0.0, 0.0, 0.0, 0.0, 1.0]
            ]
        },
        {
            "name": "Shoulder_L",
            "time": [0.0, 0.1333, 0.3333, 0.6667, 0.8167, 0.8833, 1.0333, 1.4333, 2.0833],
            "transform": [
                [0.168462, -0.925644, -0.338827, 0.0, 0.121884, -0.321541, 0.939019, 0.4, -0.978144, -0.199486, 0.058654, -0.0, 0.0, 0.0, 0.0, 1.0],
                [0.323743, -0.883395, -0.338827, -0.0, 0.174897, -0.296066, 0.939019, 0.4, -0.929839, -0.36326, 0.058654, 0.0, 0.0, 0.0, 0.0, 1.0],
                [0.81068, -0.477487, -0.338827, 0.0, 0.32302, -0.117906, 0.939019, 0.4, -0.488319, -0.870692, 0.058654, 0.0, 0.0, 0.0, 0.0, 1.0],
                [0.866668, -0.317363, -0.384926, 0.0, 0.372881, -0.100512, 0.922419, 0.4, -0.331431, -0.942962, 0.031228, -0.0, 0.0, 0.0, 0.0, 1.0],
                [0.844945, -0.326065, -0.423968, -0.0, 0.389765, -0.16745, 0.905562, 0.4, -0.366266, -0.930399, -0.014397, -0.0, 0.0, 0.0, 0.0, 1.0],
                [0.781406, -0.39475, -0.483299, -0.0, 0.384431, -0.305549, 0.871121, 0.4, -0.491547, -0.866494, -0.087004, -0.0, 0.0, 0.0, 0.0, 1.0],
                [0.58981, -0.624392, -0.512113, 0.0, 0.260565, -0.453095, 0.852532, 0.4, -0.76435, -0.63627, -0.104545, -0.0, 0.0, 0.0, 0.0, 1.0],
                [0.589809, -0.624392, -0.512113, -0.0, 0.260565, -0.453095, 0.852532, 0.4, -0.76435, -0.63627, -0.104545, -0.0, 0.0, 0.0, 0.0, 1.0],
                [-0.226937, -0.947819, -0.223918, -0.0, -0.021067, -0.225085, 0.974111, 0.4, -0.973682, 0.225779, 0.031113, -0.0, 0.0, 0.0, 0.0, 1.0]
            ]
        },
        {
            "name": "Arm_L",
            "time": [0.0, 0.1333, 0.3333, 0.6667, 0.8167, 0.8833, 1.0333, 1.4333, 2.0833],
            "transform": [
                [-0.233956, 0.142596, 0.961733, -0.0, -0.127658, 0.976116, -0.175783, 0.39386, -0.96383, -0.163898, -0.210165, -0.0, 0.0, 0.0, 0.0, 1.0],
                [-0.233956, 0.142596, 0.961733, -0.0, -0.127658, 0.976116, -0.175783, 0.39386, -0.96383, -0.163898, -0.210165, 0.0, 0.0, 0.0, 0.0, 1.0],
                [-0.233956, 0.959202, 0.158734, -0.0, -0.127658, 0.131545, -0.983056, 0.39386, -0.96383, -0.250255, 0.091674, -0.0, 0.0, 0.0, 0.0, 1.0],
                [-0.301623, 0.622147, 0.722466, -0.0, -0.177518, 0.707861, -0.683682, 0.39386, -0.936756, -0.334464, -0.103065, -0.0, 0.0, 0.0, 0.0, 1.0],
                [-0.260235, 0.630229, 0.731498, 0.0, -0.016843, 0.754523, -0.656058, 0.39386, -0.965398, -0.18305, -0.185738, -0.0, 0.0, 0.0, 0.0, 1.0],
                [-0.211224, 0.656453, 0.724192, -0.0, 0.16097, 0.754155, -0.636663, 0.39386, -0.964092, -0.017905, -0.264965, 0.0, 0.0, 0.0, 0.0, 1.0],
                [-0.267341, 0.647234, 0.713874, 0.0, 0.046407, 0.748628, -0.661365, 0.39386, -0.962484, -0.143681, -0.230175, 0.0, 0.0, 0.0, 0.0, 1.0],
                [-0.279017, 0.701802, 0.655456, 0.0, 0.12411, 0.703193, -0.700083, 0.39386, -0.952232, -0.113986, -0.283304, -0.0, 0.0, 0.0, 0.0, 1.0],
                [-0.368332, -0.025786, 0.929336, 0.0, -0.839661, 0.438368, -0.320628, 0.39386, -0.399124, -0.898425, -0.183117, 0.0, 0.0, 0.0, 0.0, 1.0]
            ]
        },
        {
            "name": "Hand_L",
            "time": [0.0, 0.1333, 0.3333, 0.6667, 0.8167, 0.8833, 1.0333, 1.4333, 2.0833],
            "transform": [
                [0.999993, -0.003777, -0.000385, -0.0, 0.000938, 0.344036, -0.938956, 0.3, 0.003679, 0.938949, 0.344037, -0.0, 0.0, 0.0, 0.0, 1.0],
                [0.999993, -0.003777, -0.000385, 0.0, 0.000938, 0.344036, -0.938956, 0.3, 0.003679, 0.938949, 0.344037, 0.0, 0.0, 0.0, 0.0, 1.0],
                [0.999993, -0.002054, -0.003193, 0.0, 0.000938, 0.948604, -0.316466, 0.3, 0.003679, 0.316461, 0.948599, -0.0, 0.0, 0.0, 0.0, 1.0],
                [0.999993, -0.002724, -0.002645, 0.0, 0.000938, 0.852273, -0.523097, 0.3, 0.003679, 0.523091, 0.852269, 0.0, 0.0, 0.0, 0.0, 1.0],
                [0.999993, -0.002955, -0.002383, 0.0, 0.000938, 0.80061, -0.599185, 0.3, 0.003679, 0.599179, 0.800607, 0.0, 0.0, 0.0, 0.0, 1.0],
                [0.999993, -0.003153, -0.002116, 0.0, 0.000938, 0.745106, -0.666945, 0.3, 0.003679, 0.666938, 0.745104, -0.0, 0.0, 0.0, 0.0, 1.0],
                [0.999993, -0.003182, -0.002072, 0.0, 0.000938, 0.735778, -0.677223, 0.3, 0.003679, 0.677216, 0.735775, -0.0, 0.0, 0.0, 0.0, 1.0],
                [0.999993, -0.003182, -0.002072, -0.0, 0.000938, 0.735778, -0.677223, 0.3, 0.003679, 0.677216, 0.735776, 0.0, 0.0, 0.0, 0.0, 1.0],
                [0.999993, -0.001541, -0.00347, 0.0, 0.000938, 0.985901, -0.167329, 0.3, 0.003679, 0.167324, 0.985895, -0.0, 0.0, 0.0, 0.0, 1.0]
            ]
        },
        {
            "name": "Tool_L",
            "time": [0.0, 0.1333, 0.3333, 0.6667, 0.8167, 0.8833, 1.0333, 1.4333, 2.0833],
            "transform": [
                [0.997004, 0.01104, -0.076554, -0.0, -0.036659, -0.804079, -0.593391, 0.272858, -0.068067, 0.594062, -0.8008, -0.0, 0.0, 0.0, 0.0, 1.0],
                [0.997004, 0.01104, -0.076554, -0.0, -0.036659, -0.804079, -0.593391, 0.272858, -0.068067, 0.594062, -0.8008, -0.0, 0.0, 0.0, 0.0, 1.0],
                [0.997004, 0.01104, -0.076554, 0.0, -0.036659, -0.804079, -0.593391, 0.272858, -0.068067, 0.594062, -0.8008, -0.0, 0.0, 0.0, 0.0, 1.0],
                [0.997004, 0.01104, -0.076554, 0.0, -0.036659, -0.804079, -0.593391, 0.272858, -0.068067, 0.594062, -0.8008, -0.0, 0.0, 0.0, 0.0, 1.0],
                [0.997004, 0.01104, -0.076554, 0.0, -0.036659, -0.804079, -0.593391, 0.272858, -0.068067, 0.594062, -0.8008, -0.0, 0.0, 0.0, 0.0, 1.0],
                [0.997004, 0.01104, -0.076554, -0.0, -0.036659, -0.804079, -0.593391, 0.272858, -0.068067, 0.594062, -0.8008, -0.0, 0.0, 0.0, 0.0, 1.0],
                [0.997004, 0.01104, -0.076554, -0.0, -0.036659, -0.804079, -0.593391, 0.272858, -0.068067, 0.594062, -0.8008, -0.0, 0.0, 0.0, 0.0, 1.0],
                [0.997004, 0.01104, -0.076554, -0.0, -0.036659, -0.804079, -0.593391, 0.272858, -0.068067, 0.594062, -0.8008, -0.0, 0.0, 0.0, 0.0, 1.0],
                [0.997004, 0.01104, -0.076554, -0.0, -0.036659, -0.804079, -0.593391, 0.272858, -0.068067, 0.594062, -0.8008, -0.0, 0.0, 0.0, 0.0, 1.0]
            ]
        },
        {
            "name": "Elbow_L",
            "time": [0.0, 0.1333, 0.3333, 0.6667, 0.8167, 0.8833, 1.0333, 1.4333, 2.0833],
            "transform": [
                [-1.0, 0.0, -0.0, 2.7e-05, 0.0, -0.0, -1.0, 0.334301, -0.0, -1.0, 0.0, -0.002121, 0.0, 0.0, 0.0, 1.0],
                [-1.0, 0.0, -0.0, 2.7e-05, 0.0, -0.0, -1.0, 0.334302, -0.0, -1.0, -0.0, -0.002121, 0.0, 0.0, 0.0, 1.0],
                [-1.0, 0.0, -0.0, 2.7e-05, 0.0, -0.0, -1.0, 0.334302, -0.0, -1.0, -0.0, -0.002121, 0.0, 0.0, 0.0, 1.0],
                [-1.0, 0.0, -0.0, 2.7e-05, 0.0, -0.0, -1.0, 0.334301, -0.0, -1.0, 0.0, -0.002121, 0.0, 0.0, 0.0, 1.0],
                [-1.0, 0.0, -0.0, 2.7e-05, 0.0, -0.0, -1.0, 0.334302, -0.0, -1.0, 0.0, -0.002121, 0.0, 0.0, 0.0, 1.0],
                [-1.0, 0.0, -0.0, 2.7e-05, 0.0, -0.0, -1.0, 0.334302, -0.0, -1.0, 0.0, -0.002121, 0.0, 0.0, 0.0, 1.0],
                [-1.0, 0.0, -0.0, 2.7e-05, 0.0, -0.0, -1.0, 0.334301, -0.0, -1.0, -0.0, -0.002121, 0.0, 0.0, 0.0, 1.0],
                [-1.0, 0.0, -0.0, 2.7e-05, 0.0, -0.0, -1.0, 0.334301, -0.0, -1.0, -0.0, -0.00212, 0.0, 0.0, 0.0, 1.0],
                [-1.0, 0.0, -0.0, 2.7e-05, 0.0, -0.0, -1.0, 0.334301, -0.0, -1.0, -0.0, -0.002121, 0.0, 0.0, 0.0, 1.0]
            ]
        }
    ]
}