{
    "animation": [
        {
            "name": "Root",
            "time": [0.0, 0.1, 0.4333, 0.6, 0.7167, 0.85, 1.3, 1.6333, 1.95],
            "transform": [
                [0.89632, 0.0, -0.443408, -5e-06, -0.441304, 0.097303, -0.892067, 0.060558, 0.043145, 0.995255, 0.087215, 0.539438, 0.0, 0.0, 0.0, 1.0],
                [-0.094663, -0.106205, -0.989828, -5e-06, -0.9166, 0.397262, 0.045035, 1.026882, 0.388438, 0.911539, -0.134953, 0.843377, 0.0, 0.0, 0.0, 1.0],
                [-0.977822, 0.004176, 0.209398, 0.04334, 0.195438, 0.377618, 0.905102, 2.348578, -0.075292, 0.925952, -0.370059, 0.891558, 0.0, 0.0, 0.0, 1.0],
                [0.312371, 0.109585, 0.943618, -0.006617, 0.893747, 0.302727, -0.331018, 3.310676, -0.321933, 0.946756, -0.003378, 0.546319, 0.0, 0.0, 0.0, 1.0],
                [0.989715, 0.05872, -0.130447, -0.028165, -0.139904, 0.206995, -0.968287, 4.325026, -0.029856, 0.976578, 0.213081, 0.633697, 0.0, 0.0, 0.0, 1.0],
                [0.785136, 0.013493, -0.619176, 0.056589, -0.608936, 0.199153, -0.767812, 4.373953, 0.11295, 0.979876, 0.164578, 0.429209, 0.0, 0.0, 0.0, 1.0],
                [0.669055, -0.00161, -0.743211, 0.050246, -0.727617, 0.202361, -0.655456, 4.334112, 0.151452, 0.97931, 0.134219, 0.485757, 0.0, 0.0, 0.0, 1.0],
                [0.676278, -0.046355, -0.735186, 0.072405, -0.725721, 0.12932, -0.675726, 4.516018, 0.126398, 0.990519, 0.053816, 0.762239, 0.0, 0.0, 0.0, 1.0],
                [0.669298, 0.029532, -0.742407, 0.050246, -0.741382, -0.039244, -0.669935, 4.627521, -0.04892, 0.998793, -0.004371, 0.741394, 0.0, 0.0, 0.0, 1.0]
            ]
        },
        {
            "name": "Thigh_R",
            "time": [0.0, 0.1, 0.4333, 0.6, 0.7167, 0.85, 1.3, 1.6333, 1.95],
            "transform": [
                [0.875196, 0.310514, -0.37096, 0.124994, 0.005147, -0.772747, -0.634691, -0.002831, -0.48374, 0.553569, -0.677906, -1.2e-05, 0.0, 0.0, 0.0, 1.0],
                [0.862624, -0.13199, -0.488322, 0.124994, 0.360289, -0.51729, 0.776274, -0.002831, -0.355065, -0.845568, -0.398674, -1.2e-05, 0.0, 0.0, 0.0, 1.0],
                [0.604525, 0.187593, -0.774182, 0.124994, 0.757132, -0.437383, 0.485228, -0.002831, -0.24759, -0.879489, -0.406443, -1.2e-05, 0.0, 0.0, 0.0, 1.0],
                [0.619207, 0.776686, 0.115497, 0.124994, 0.131654, -0.247693, 0.959852, -0.002831, 0.774112, -0.57914, -0.255628, -1.2e-05, 0.0, 0.0, 0.0, 1.0],
                [0.954757, 0.296307, 0.025298, 0.124994, 0.283865, -0.933404, 0.219487, -0.002831, 0.088649, -0.202374, -0.975288, -1.1e-05, 0.0, 0.0, 0.0, 1.0],
                [0.784104, 0.58511, 0.206943, 0.124994, 0.619025, -0.761276, -0.193039, -0.002831, 0.044591, 0.279466, -0.95912, -1.2e-05, 0.0, 0.0, 0.0, 1.0],
                [0.855698, 0.454707, 0.247023, 0.124994, 0.504177, -0.840105, -0.200065, -0.002831, 0.116555, 0.295738, -0.948132, -1.2e-05, 0.0, 0.0, 0.0, 1.0],
                [0.879014, -0.141707, -0.45525, 0.124994, 0.229825, -0.71064, 0.664958, -0.002831, -0.417749, -0.689134, -0.592097, -1.2e-05, 0.0, 0.0, 0.0, 1.0],
                [0.988545, 0.148801, -0.025238, 0.124994, 0.148718, -0.988864, -0.005161, -0.002831, -0.025725, 0.001349, -0.999668, -1.2e-05, 0.0, 0.0, 0.0, 1.0]
            ]
        },
        {
            "name": "Leg_R",
            "time": [0.0, 0.1, 0.4333, 0.6, 0.85, 1.3, 1.6333, 1.95],
            "transform": [
                [1.0, 1e-06, 1e-06, 0.0, -1e-06, 0.970294, 0.24193, 0.37472, -0.0, -0.241931, 0.970293, 0.0, 0.0, 0.0, 0.0, 1.0],
                [0.994522, 0.089342, -0.054253, -0.0, 0.085463, -0.396206, 0.914175, 0.37472, 0.060179, -0.913805, -0.401671, -0.0, 0.0, 0.0, 0.0, 1.0],
                [0.994522, 0.055226, -0.088744, -0.0, 0.085463, 0.05919, 0.994581, 0.37472, 0.060179, -0.996719, 0.054146, -0.0, 0.0, 0.0, 0.0, 1.0],
                [0.99439, 0.065248, -0.083254, 0.0, 0.086173, -0.043276, 0.995339, 0.37472, 0.061341, -0.996931, -0.048655, -0.0, 0.0, 0.0, 0.0, 1.0],
                [0.994514, -0.051945, -0.090796, 0.0, 0.085538, 0.90346, 0.420052, 0.37472, 0.060211, -0.425515, 0.902946, 0.0, 0.0, 0.0, 0.0, 1.0],
                [0.994522, -0.058458, -0.08665, -0.0, 0.085463, 0.932057, 0.352089, 0.37472, 0.06018, -0.357566, 0.931946, -0.0, 0.0, 0.0, 0.0, 1.0],
                [0.998778, 0.009215, -0.048552, -0.0, 0.038144, 0.480877, 0.875958, 0.37472, 0.031419, -0.876741, 0.479937, 0.0, 0.0, 0.0, 0.0, 1.0],
                [1.0, -0.0, 1e-06, -0.0, 0.0, 0.997612, 0.069073, 0.37472, -1e-06, -0.069073, 0.997611, 0.0, 0.0, 0.0, 0.0, 1.0]
            ]
        },
        {
            "name": "Knee_R",
            "time": [0.0, 0.1, 0.4333, 0.85, 1.3, 1.95],
            "transform": [
                [1.0, -0.0, -0.0, 0.0, -0.0, -0.282407, -0.959295, 0.399872, -0.0, 0.959294, -0.282407, 0.001742, 0.0, 0.0, 0.0, 1.0],
                [0.999981, -0.005992, 0.001192, -0.000179, 0.004411, 0.573051, -0.819507, 0.436391, 0.004227, 0.819497, 0.573067, -0.000613, 0.0, 0.0, 0.0, 1.0],
                [0.999981, -0.005992, 0.001192, -0.000179, 0.004411, 0.573052, -0.819507, 0.436391, 0.004227, 0.819497, 0.573067, -0.000613, 0.0, 0.0, 0.0, 1.0],
                [0.999981, -0.002272, 0.005671, -0.000179, 0.004411, -0.373854, -0.927477, 0.436391, 0.004227, 0.927485, -0.373837, -0.000613, 0.0, 0.0, 0.0, 1.0],
                [0.999981, -0.001817, 0.005833, -0.000179, 0.004411, -0.445986, -0.895029, 0.436391, 0.004227, 0.895038, -0.44597, -0.000613, 0.0, 0.0, 0.0, 1.0],
                [1.0, -0.0, -0.0, -0.0, -0.0, 1e-06, -1.0, 0.37472, -0.0, 1.0, 1e-06, 0.0, 0.0, 0.0, 0.0, 1.0]
            ]
        },
        {
            "name": "Thigh_L",
            "time": [0.0, 0.1, 0.4333, 0.6, 0.7167, 0.85, 1.3, 1.6333, 1.95],
            "transform": [
                [0.900858, -0.430666, 0.054589, -0.125006, -0.055786, 0.009858, 0.998394, -0.002831, -0.430512, -0.902458, -0.015145, -1.2e-05, 0.0, 0.0, 0.0, 1.0],
                [0.527158, -0.062515, -0.847464, -0.125006, -0.184492, -0.981922, -0.042328, -0.002831, -0.829498, 0.178665, -0.529161, -1.2e-05, 0.0, 0.0, 0.0, 1.0],
                [0.517528, -0.063021, -0.853342, -0.125006, -0.062509, -0.997404, 0.03575, -0.002831, -0.853379, 0.03484, -0.520123, -1.2e-05, 0.0, 0.0, 0.0, 1.0],
                [0.686124, -0.364524, -0.629567, -0.125006, -0.358655, -0.922419, 0.143212, -0.002831, -0.632928, 0.127537, -0.763633, -1.2e-05, 0.0, 0.0, 0.0, 1.0],
                [0.710877, -0.623093, 0.326203, -0.125006, -0.638047, -0.37622, 0.671829, -0.002831, -0.295887, -0.685721, -0.665009, -1.1e-05, 0.0, 0.0, 0.0, 1.0],
                [0.802829, -0.587613, 0.100875, -0.125006, -0.056975, 0.092806, 0.994052, -0.002831, -0.593479, -0.803803, 0.041027, -1.2e-05, 0.0, 0.0, 0.0, 1.0],
                [0.814113, -0.579931, 0.030006, -0.125006, -0.080765, -0.061907, 0.994808, -0.002831, -0.575062, -0.81231, -0.097237, -1.2e-05, 0.0, 0.0, 0.0, 1.0],
                [0.853138, -0.266092, -0.44872, -0.125006, -0.068151, -0.909613, 0.409828, -0.002831, -0.517213, -0.319059, -0.79416, -1.2e-05, 0.0, 0.0, 0.0, 1.0],
                [0.869242, -0.150522, -0.470913, -0.125006, -0.021407, -0.963091, 0.268325, -0.002831, -0.493921, -0.223159, -0.840382, -1.2e-05, 0.0, 0.0, 0.0, 1.0]
            ]
        },
        {
            "name": "Leg_L",
            "time": [0.0, 0.1, 0.4333, 0.7167, 0.85, 1.3, 1.6333, 1.95],
            "transform": [
                [0.997365, -0.025727, -0.067826, 0.0, 0.067351, 0.675723, 0.734073, 0.37472, 0.026946, -0.736706, 0.675676, 0.0, 0.0, 0.0, 0.0, 1.0],
                [1.0, 0.0, 1e-06, 0.0, -0.0, 0.999944, 0.010576, 0.37472, -1e-06, -0.010576, 0.999945, 0.0, 0.0, 0.0, 0.0, 1.0],
                [1.0, 1e-06, 1e-06, -0.0, -1e-06, 0.999944, 0.010576, 0.37472, -1e-06, -0.010576, 0.999944, -0.0, 0.0, 0.0, 0.0, 1.0],
                [1.0, -1e-06, 1e-06, -0.0, -1e-06, -0.045311, 0.998973, 0.37472, -1e-06, -0.998973, -0.045311, 0.0, 0.0, 0.0, 0.0, 1.0],
                [1.0, -1e-06, 1e-06, -0.0, -1e-06, 0.237327, 0.97143, 0.37472, -1e-06, -0.971429, 0.237328, 0.0, 0.0, 0.0, 0.0, 1.0],
                [1.0, -0.0, 1e-06, -0.0, -1e-06, 0.421873, 0.906655, 0.374721, -1e-06, -0.906654, 0.421874, -0.0, 0.0, 0.0, 0.0, 1.0],
                [0.999599, 0.028043, -0.003935, 0.0, -0.025806, 0.959324, 0.281125, 0.37472, 0.011659, -0.280911, 0.959664, 0.0, 0.0, 0.0, 0.0, 1.0],
                [0.998576, 0.053341, 0.000405, -0.0, -0.051599, 0.963981, 0.260918, 0.37472, 0.013527, -0.260567, 0.965361, -0.0, 0.0, 0.0, 0.0, 1.0]
            ]
        },
        {
            "name": "Knee_L",
            "time": [0.0, 0.1, 0.4333, 0.85, 1.3, 1.95],
            "transform": [
                [1.0, 0.0, -0.0, -0.000258, -0.0, 1e-06, -1.0, 0.391327, -0.0, 1.0, 1e-06, 0.001626, 0.0, 0.0, 0.0, 1.0],
                [1.0, 0.0, -0.0, 0.0, -0.0, 1e-06, -1.0, 0.37472, -0.0, 1.0, 1e-06, 0.0, 0.0, 0.0, 0.0, 1.0],
                [1.0, 0.0, -0.0, -0.0, -0.0, 1e-06, -1.0, 0.37472, -0.0, 1.0, 1e-06, -0.0, 0.0, 0.0, 0.0, 1.0],
                [1.0, 0.0, -0.0, -0.0, -0.0, 1e-06, -1.0, 0.37472, -0.0, 1.0, 1e-06, 0.0, 0.0, 0.0, 0.0, 1.0],
                [1.0, 0.0, -0.0, -0.0, -0.0, 1e-06, -1.0, 0.374721, -0.0, 1.0, 1e-06, -0.0, 0.0, 0.0, 0.0, 1.0],
                [1.0, 0.0, -0.0, -0.0, -0.0, 1e-06, -1.0, 0.37472, -0.0, 1.0, 1e-06, -0.0, 0.0, 0.0, 0.0, 1.0]
            ]
        },
        {
            "name": "Torso",
            "time": [0.0, 0.1, 0.4333, 0.85, 1.3, 1.6333, 1.95],
            "transform": [
                [0.982163, -0.137415, -0.128346, 0.0, 0.157306, 0.974418, 0.16051, 0.05, 0.103006, -0.177837, 0.978654, -0.0, 0.0, 0.0, 0.0, 1.0],
                [0.987206, -0.109324, 0.116069, -0.0, 0.078855, 0.967435, 0.240524, 0.05, -0.138584, -0.228294, 0.963679, 0.0, 0.0, 0.0, 0.0, 1.0],
                [0.924623, 0.195714, -0.326756, 0.0, -0.141672, 0.973052, 0.18193, 0.05, 0.353557, -0.121924, 0.927433, 0.0, 0.0, 0.0, 0.0, 1.0],
                [0.924103, 0.094753, -0.370211, -0.0, -0.142135, 0.984493, -0.102816, 0.05, 0.354728, 0.147633, 0.92324, -1e-06, 0.0, 0.0, 0.0, 1.0],
                [0.924622, 0.086546, -0.370922, -0.0, -0.141672, 0.982117, -0.124, 0.05, 0.353556, 0.167203, 0.920348, 0.0, 0.0, 0.0, 0.0, 1.0],
                [0.983346, -0.001484, -0.181737, 0.0, -0.037408, 0.976903, -0.210385, 0.05, 0.177852, 0.213679, 0.960578, 0.0, 0.0, 0.0, 0.0, 1.0],
                [0.999042, -0.043673, -0.002706, 0.0, 0.04367, 0.999045, -0.001423, 0.05, 0.002765, 0.001304, 0.999995, 0.0, 0.0, 0.0, 0.0, 1.0]
            ]
        },
        {
            "name": "Chest",
            "time": [0.0, 0.1, 0.4333, 0.85, 1.3, 1.6333, 1.95],
            "transform": [
                [0.98078, -0.05784, 0.186347, -0.0, 0.015181, 0.974778, 0.222662, 0.3, -0.194526, -0.215554, 0.95692, -0.0, 0.0, 0.0, 0.0, 1.0],
                [0.97087, -0.036843, 0.236756, 0.0, -0.003404, 0.985887, 0.167379, 0.3, -0.239581, -0.16331, 0.957043, 0.0, 0.0, 0.0, 0.0, 1.0],
                [0.667497, -0.036843, 0.743701, 0.0, -0.09734, 0.985887, 0.136207, 0.3, -0.738223, -0.16331, 0.65449, -0.0, 0.0, 0.0, 0.0, 1.0],
                [0.76398, -0.065492, -0.641908, -0.0, 0.281096, 0.929251, 0.239744, 0.3, 0.580793, -0.363597, 0.728339, -0.0, 0.0, 0.0, 0.0, 1.0],
                [0.919156, -0.036843, -0.392167, -0.0, 0.097564, 0.985887, 0.136047, 0.3, 0.38162, -0.16331, 0.909778, 0.0, 0.0, 0.0, 0.0, 1.0],
                [0.990437, 0.008195, -0.137721, 0.0, 0.035994, 0.948314, 0.315285, 0.3, 0.133187, -0.317227, 0.938951, 0.0, 0.0, 0.0, 0.0, 1.0],
                [0.999771, -0.021316, -0.002029, 0.0, 0.021411, 0.994316, 0.104295, 0.3, -0.000206, -0.104315, 0.994544, -0.0, 0.0, 0.0, 0.0, 1.0]
            ]
        },
        {
            "name": "Head",
            "time": [0.0, 0.1, 0.4333, 0.85, 1.3, 1.95],
            "transform": [
                [0.90569, 0.172735, 0.387154, 0.0, 0.00397, 0.909732, -0.415177, 0.4, -0.423922, 0.377559, 0.823249, 0.0, 0.0, 0.0, 0.0, 1.0],
                [0.28666, 0.183427, 0.940309, -0.0, 0.405851, 0.865827, -0.292624, 0.4, -0.86782, 0.465509, 0.173754, 0.0, 0.0, 0.0, 0.0, 1.0],
                [0.329634, 0.002953, -0.944104, -0.0, 0.057556, 0.998072, 0.023217, 0.4, 0.942353, -0.061992, 0.328828, -0.0, 0.0, 0.0, 0.0, 1.0],
                [0.207555, 0.004306, 0.978214, 1e-06, -0.062604, 0.997999, 0.00889, 0.4, -0.976218, -0.063086, 0.207409, -0.0, 0.0, 0.0, 0.0, 1.0],
                [0.049073, 0.002953, 0.998791, 1e-06, -0.062062, 0.998072, 9.9e-05, 0.4, -0.996865, -0.061992, 0.049161, 0.0, 0.0, 0.0, 0.0, 1.0],
                [0.85311, 0.037721, 0.520365, 0.0, -0.006297, 0.998055, -0.062025, 0.4, -0.521692, 0.049637, 0.851689, -0.0, 0.0, 0.0, 0.0, 1.0]
            ]
        },
        {
            "name": "Shoulder_R",
            "time": [0.0, 0.1, 0.4333, 0.85, 1.3, 1.95],
            "transform": [
                [-0.328587, 0.893617, 0.305743, 0.0, 0.105516, -0.286959, 0.952114, 0.4, 0.938561, 0.345113, -0.0, 0.0, 0.0, 0.0, 0.0, 1.0],
                [-0.328587, 0.893617, 0.305743, -0.0, 0.105516, -0.286959, 0.952114, 0.4, 0.938561, 0.345113, -0.0, 0.0, 0.0, 0.0, 0.0, 1.0],
                [0.406994, 0.900616, 0.152469, -0.0, -0.130694, -0.107785, 0.985546, 0.4, 0.904032, -0.421039, 0.073837, -0.0, 0.0, 0.0, 0.0, 1.0],
                [0.074631, 0.921071, 0.382176, 1e-06, -0.089932, -0.375466, 0.922463, 0.4, 0.993148, -0.103215, 0.054813, -0.0, 0.0, 0.0, 0.0, 1.0],
                [0.047172, 0.915178, 0.400279, 1e-06, -0.081883, -0.395834, 0.914664, 0.4, 0.995525, -0.075923, 0.056265, 0.0, 0.0, 0.0, 0.0, 1.0],
                [0.110305, 0.959352, 0.259762, 0.0, 0.091141, -0.270019, 0.958532, 0.4, 0.98971, -0.082056, -0.11722, -0.0, 0.0, 0.0, 0.0, 1.0]
            ]
        },
        {
            "name": "Arm_R",
            "time": [0.0, 0.1, 0.4333, 0.85, 1.3, 1.95],
            "transform": [
                [0.286619, 0.611998, -0.737094, 0.0, 0.451748, 0.592138, 0.667305, 0.393861, 0.844851, -0.524243, -0.106751, -0.0, 0.0, 0.0, 0.0, 1.0],
                [0.240413, 0.456636, -0.856554, 0.0, 0.590106, 0.631884, 0.502491, 0.39386, 0.770699, -0.626263, -0.117551, 0.0, 0.0, 0.0, 0.0, 1.0],
                [0.15161, -0.970654, -0.186667, 0.0, -0.267329, 0.141546, -0.953153, 0.39386, 0.951604, 0.194409, -0.238024, 0.0, 0.0, 0.0, 0.0, 1.0],
                [0.160405, 0.1864, -0.969291, 0.0, 0.08227, 0.976065, 0.201318, 0.39386, 0.983617, -0.112036, 0.141231, 0.0, 0.0, 0.0, 0.0, 1.0],
                [0.204909, 0.277837, -0.938519, 0.0, 0.193885, 0.928343, 0.317156, 0.393861, 0.959386, -0.246953, 0.136358, 0.0, 0.0, 0.0, 0.0, 1.0],
                [0.016005, -0.035544, -0.99924, 0.0, 0.894149, 0.447766, -0.001606, 0.39386, 0.447483, -0.893444, 0.038949, 0.0, 0.0, 0.0, 0.0, 1.0]
            ]
        },
        {
            "name": "Hand_R",
            "time": [0.0, 0.1, 0.4333, 0.85, 1.3, 1.95],
            "transform": [
                [1.0, 0.0, 0.0, -0.0, -0.0, 0.970458, -0.24127, 0.3, -0.0, 0.24127, 0.970458, 0.0, 0.0, 0.0, 0.0, 1.0],
                [1.0, 0.0, 0.0, -0.0, -0.0, 0.918233, -0.39604, 0.3, -0.0, 0.396041, 0.918233, 0.0, 0.0, 0.0, 0.0, 1.0],
                [1.0, 0.0, 0.0, -0.0, -0.0, 0.918233, -0.396041, 0.3, -0.0, 0.396041, 0.918233, 0.0, 0.0, 0.0, 0.0, 1.0],
                [1.0, 0.0, 0.0, -0.0, -0.0, 0.993059, -0.117615, 0.3, -0.0, 0.117615, 0.993059, 0.0, 0.0, 0.0, 0.0, 1.0],
                [1.0, 0.0, 0.0, 0.0, -0.0, 0.995589, -0.093823, 0.3, -0.0, 0.093823, 0.995589, -0.0, 0.0, 0.0, 0.0, 1.0],
                [0.999998, -0.000876, 0.001599, -0.0, 0.000868, 0.999986, 0.005244, 0.3, -0.001604, -0.005243, 0.999985, 0.0, 0.0, 0.0, 0.0, 1.0]
            ]
        },
        {
            "name": "Tool_R",
            "time": [0.0, 0.1, 0.4333, 0.85, 1.3, 1.95],
            "transform": [
                [1.0, -0.0, 0.0, -0.0, 0.0, -0.558766, -0.829326, 0.272858, 0.0, 0.828829, -0.558444, -0.0, 0.0, 0.0, 0.0, 1.0],
                [1.0, -0.0, 0.0, 0.0, 0.0, -0.558766, -0.829325, 0.272858, 0.0, 0.828829, -0.558444, 0.0, 0.0, 0.0, 0.0, 1.0],
                [1.0, -0.0, 0.0, -0.0, 0.0, -0.558766, -0.829326, 0.272858, 0.0, 0.828829, -0.558444, 0.0, 0.0, 0.0, 0.0, 1.0],
                [1.0, -0.0, 0.0, -0.0, 0.0, -0.558766, -0.829326, 0.272858, 0.0, 0.828829, -0.558444, -0.0, 0.0, 0.0, 0.0, 1.0],
                [1.0, -0.0, 0.0, -0.0, 0.0, -0.558766, -0.829326, 0.272858, 0.0, 0.828829, -0.558444, -0.0, 0.0, 0.0, 0.0, 1.0],
                [1.0, -0.0, 0.0, -0.0, 0.0, -0.558766, -0.829326, 0.272858, 0.0, 0.828829, -0.558444, 0.0, 0.0, 0.0, 0.0, 1.0]
            ]
        },
        {
            "name": "Elbow_R",
            "time": [0.0, 0.1, 0.4333, 0.85, 1.3, 1.95],
            "transform": [
                [-1.0, 0.0, -0.0, 0.000989, 0.0, -0.0, -1.0, 0.362407, -0.0, -1.0, 0.0, -0.002027, 0.0, 0.0, 0.0, 1.0],
                [-1.0, 0.0, 0.0, -0.0, 0.0, -0.0, -1.0, 0.3, -0.0, -1.0, 0.0, 0.0, 0.0, 0.0, 0.0, 1.0],
                [-1.0, 0.0, 0.0, -0.0, 0.0, -0.0, -1.0, 0.3, -0.0, -1.0, 0.0, 0.0, 0.0, 0.0, 0.0, 1.0],
                [-1.0, 0.0, -0.0, -0.0, 0.0, -0.0, -1.0, 0.3, -0.0, -1.0, 0.0, 0.0, 0.0, 0.0, 0.0, 1.0],
                [-1.0, 0.0, -0.0, 0.0, 0.0, -0.0, -1.0, 0.3, -0.0, -1.0, 0.0, -0.0, 0.0, 0.0, 0.0, 1.0],
                [-1.0, 0.0, -0.0, -0.0, 0.0, -0.0, -1.0, 0.341622, -0.0, -1.0, 0.0, 0.0, 0.0, 0.0, 0.0, 1.0]
            ]
        },
        {
            "name": "Shoulder_L",
            "time": [0.0, 0.1, 0.4333, 0.6, 0.85, 1.3, 1.95],
            "transform": [
                [-0.0, -0.952114, -0.305743, 0.0, 0.0, -0.305743, 0.952114, 0.4, -1.0, 0.0, 0.0, 0.0, 0.0, 0.0, 0.0, 1.0],
                [-0.082067, -0.94857, -0.305743, -0.0, -0.026354, -0.304606, 0.952114, 0.4, -0.996278, 0.086195, 0.0, 0.0, 0.0, 0.0, 0.0, 1.0],
                [0.428396, -0.850293, -0.305743, -0.0, 0.137567, -0.273047, 0.952114, 0.4, -0.893058, -0.449942, 0.0, -0.0, 0.0, 0.0, 0.0, 1.0],
                [0.912397, -0.272126, -0.305743, -0.0, 0.29299, -0.087385, 0.952114, 0.4, -0.285812, -0.958286, 0.0, 0.0, 0.0, 0.0, 0.0, 1.0],
                [-0.042209, -0.951178, -0.305743, 1e-06, -0.013554, -0.305443, 0.952114, 0.4, -0.999017, 0.044332, 0.0, -0.0, 0.0, 0.0, 0.0, 1.0],
                [-0.082067, -0.94857, -0.305743, 1e-06, -0.026353, -0.304606, 0.952114, 0.4, -0.996278, 0.086195, 0.0, 0.0, 0.0, 0.0, 0.0, 1.0],
                [-0.226937, -0.947819, -0.223918, 0.0, -0.021067, -0.225085, 0.974111, 0.4, -0.973681, 0.225779, 0.031113, -0.0, 0.0, 0.0, 0.0, 1.0]
            ]
        },
        {
            "name": "Arm_L",
            "time": [0.0, 0.1, 0.4333, 0.6, 0.7167, 0.85, 1.3, 1.95],
            "transform": [
                [0.157423, 0.290735, 0.943764, 0.0, -0.685513, 0.720083, -0.107482, 0.39386, -0.710838, -0.630042, 0.312661, -0.0, 0.0, 0.0, 0.0, 1.0],
                [0.51782, 0.417846, 0.746503, 0.0, 0.038105, 0.860472, -0.508071, 0.39386, -0.854641, 0.291535, 0.429647, -0.0, 0.0, 0.0, 0.0, 1.0],
                [-0.276632, 0.553777, 0.78537, 0.0, -0.059364, -0.825549, 0.561199, 0.39386, 0.959141, 0.108623, 0.261247, -0.0, 0.0, 0.0, 0.0, 1.0],
                [0.35194, 0.924109, 0.148867, -0.0, -0.169849, -0.093353, 0.981039, 0.39386, 0.920483, -0.370552, 0.124105, -0.0, 0.0, 0.0, 0.0, 1.0],
                [-0.063954, -0.091249, 0.993772, -0.0, 0.202557, 0.973896, 0.102459, 0.393861, -0.97718, 0.207848, -0.043801, -0.0, 0.0, 0.0, 0.0, 1.0],
                [0.13389, -0.927629, 0.348679, 0.0, -0.167626, 0.325578, 0.930538, 0.393861, -0.976716, -0.183037, -0.111903, 0.0, 0.0, 0.0, 0.0, 1.0],
                [0.208978, -0.730805, 0.649809, -0.0, -0.181786, 0.623868, 0.760094, 0.393861, -0.960876, -0.276969, -0.002475, 0.0, 0.0, 0.0, 0.0, 1.0],
                [-0.368332, -0.025786, 0.929336, -0.0, -0.839661, 0.438368, -0.320628, 0.39386, -0.399124, -0.898425, -0.183117, 0.0, 0.0, 0.0, 0.0, 1.0]
            ]
        },
        {
            "name": "Hand_L",
            "time": [0.0, 0.1, 0.4333, 0.6, 0.85, 1.3, 1.95],
            "transform": [
                [0.999999, 0.000748, 0.000935, 0.0, 0.000555, 0.402349, -0.915486, 0.3, -0.001061, 0.915486, 0.402349, -0.0, 0.0, 0.0, 0.0, 1.0],
                [0.999999, 0.000748, 0.000935, -0.0, 0.000555, 0.402349, -0.915487, 0.3, -0.001061, 0.915486, 0.402349, -0.0, 0.0, 0.0, 0.0, 1.0],
                [1.0, 0.000748, 0.000935, 0.0, 0.000555, 0.402349, -0.915487, 0.3, -0.001061, 0.915486, 0.402349, -0.0, 0.0, 0.0, 0.0, 1.0],
                [0.999999, -0.000205, 0.00118, -0.0, 0.000555, 0.952493, -0.304561, 0.3, -0.001061, 0.304562, 0.952492, -0.0, 0.0, 0.0, 0.0, 1.0],
                [0.999999, 0.000226, 0.001176, -0.0, 0.000555, 0.78279, -0.622287, 0.3, -0.001061, 0.622287, 0.782789, -0.0, 0.0, 0.0, 0.0, 1.0],
                [0.999999, 0.000179, 0.001184, 0.0, 0.000555, 0.806968, -0.590595, 0.3, -0.001061, 0.590595, 0.806968, -0.0, 0.0, 0.0, 0.0, 1.0],
                [0.999993, -0.001541, -0.00347, -0.0, 0.000938, 0.985901, -0.167329, 0.3, 0.003679, 0.167324, 0.985895, -0.0, 0.0, 0.0, 0.0, 1.0]
            ]
        },
        {
            "name": "Tool_L",
            "time": [0.0, 0.1, 0.4333, 0.85, 1.3, 1.95],
            "transform": [
                [1.0, 0.0, 0.0, -0.0, 0.0, -0.999836, 0.018122, 0.272858, 0.0, -0.018122, -0.999247, 0.0, 0.0, 0.0, 0.0, 1.0],
                [1.0, 0.0, 0.0, 0.0, 0.0, -0.999836, 0.018122, 0.272858, 0.0, -0.018122, -0.999247, -0.0, 0.0, 0.0, 0.0, 1.0],
                [1.0, 0.0, 0.0, 0.0, -0.0, -0.999836, 0.018122, 0.272858, 0.0, -0.018122, -0.999247, 0.0, 0.0, 0.0, 0.0, 1.0],
                [1.0, 0.0, 0.0, -1e-06, -0.0, -0.999836, 0.018122, 0.272858, 0.0, -0.018122, -0.999247, -0.0, 0.0, 0.0, 0.0, 1.0],
                [1.0, 0.0, 0.0, -0.0, 0.0, -0.999836, 0.018122, 0.272858, 0.0, -0.018122, -0.999247, -0.0, 0.0, 0.0, 0.0, 1.0],
                [0.997004, 0.01104, -0.076554, 0.0, -0.036659, -0.804079, -0.593391, 0.272858, -0.068067, 0.594062, -0.8008, 0.0, 0.0, 0.0, 0.0, 1.0]
            ]
        },
        {
            "name": "Elbow_L",
            "time": [0.0, 0.1, 0.4333, 0.85, 1.3, 1.95],
            "transform": [
                [-1.0, 0.0, -0.0, 1.4e-05, 0.0, -0.382164, -0.924094, 0.422465, -0.0, -0.924095, 0.382164, -3.3e-05, 0.0, 0.0, 0.0, 1.0],
                [-1.0, 0.0, 0.0, -0.0, 0.0, 0.55053, -0.834815, 0.3, -0.0, -0.834815, -0.55053, -0.0, 0.0, 0.0, 0.0, 1.0],
                [-1.0, 0.0, 0.0, 0.0, 0.0, 0.55053, -0.834815, 0.3, -0.0, -0.834815, -0.550531, -0.0, 0.0, 0.0, 0.0, 1.0],
                [-1.0, 0.0, 0.0, -0.0, 0.0, 0.55053, -0.834815, 0.3, -0.0, -0.834815, -0.55053, -0.0, 0.0, 0.0, 0.0, 1.0],
                [-1.0, 0.0, 0.0, 0.0, 0.0, 0.55053, -0.834815, 0.3, -0.0, -0.834815, -0.55053, -0.0, 0.0, 0.0, 0.0, 1.0],
                [-1.0, 0.0, -0.0, 2.7e-05, 0.0, -0.0, -1.0, 0.334301, -0.0, -1.0, -0.0, -0.002121, 0.0, 0.0, 0.0, 1.0]
            ]
        }
    ]
}