{
    "animation": [
        {
            "name": "Root",
            "time": [0.0, 0.1167, 0.3333, 0.45, 0.5833, 0.6667, 0.9167, 1.0667],
            "transform": [
                [0.854339, 0.028643, -0.518927, -5e-06, -0.51914, 0.0, -0.854689, 0.000946, -0.024481, 0.99959, 0.01487, 0.753683, 0.0, 0.0, 0.0, 1.0],
                [0.865459, 0.015486, -0.50074, -0.01278, -0.499981, 0.089775, -0.861371, 0.014136, 0.031614, 0.995842, 0.08544, 0.743754, 0.0, 0.0, 0.0, 1.0],
                [0.854339, 0.028643, -0.518927, -0.02911, -0.51914, 0.0, -0.854689, -0.124557, -0.024481, 0.99959, 0.01487, 0.706623, 0.0, 0.0, 0.0, 1.0],
                [0.854339, 0.028643, -0.518927, -0.025361, -0.51914, 0.0, -0.854689, -0.202417, -0.024481, 0.99959, 0.01487, 0.676108, 0.0, 0.0, 0.0, 1.0],
                [0.854339, 0.028643, -0.518927, -0.02911, -0.51914, 0.0, -0.854689, -0.124557, -0.024481, 0.99959, 0.01487, 0.706623, 0.0, 0.0, 0.0, 1.0],
                [0.854339, 0.028643, -0.518927, -0.007993, -0.51914, 0.0, -0.854689, -0.045346, -0.024481, 0.99959, 0.01487, 0.715382, 0.0, 0.0, 0.0, 1.0],
                [0.854339, 0.028643, -0.518927, -0.000196, -0.51914, 0.0, -0.854689, 0.000946, -0.024481, 0.99959, 0.01487, 0.74699, 0.0, 0.0, 0.0, 1.0],
                [0.854339, 0.028643, -0.518927, -0.000223, -0.51914, 0.0, -0.854689, 0.000642, -0.024481, 0.99959, 0.01487, 0.745622, 0.0, 0.0, 0.0, 1.0]
            ]
        },
        {
            "name": "Thigh_R",
            "time": [0.0, 0.1167, 0.3333, 0.45, 0.5833, 0.6667, 0.9167, 1.0667],
            "transform": [
                [0.960515, 0.273283, -0.052206, 0.124994, 0.274652, -0.961312, 0.020994, -0.002831, -0.044449, -0.034503, -0.998416, -1.2e-05, 0.0, 0.0, 0.0, 1.0],
                [0.94848, 0.315502, -0.029022, 0.124994, 0.315621, -0.932865, 0.173618, -0.002831, 0.027703, -0.173832, -0.984386, -1.2e-05, 0.0, 0.0, 0.0, 1.0],
                [0.850896, 0.412394, 0.325432, 0.124994, 0.426405, -0.90401, 0.03068, -0.002831, 0.306846, 0.112661, -0.945068, -1.2e-05, 0.0, 0.0, 0.0, 1.0],
                [0.842686, 0.400692, 0.359618, 0.124994, 0.368234, -0.91621, 0.157985, -0.002831, 0.392789, -0.000708, -0.919628, -1.2e-05, 0.0, 0.0, 0.0, 1.0],
                [0.850896, 0.412394, 0.325432, 0.124994, 0.426405, -0.90401, 0.03068, -0.002831, 0.306846, 0.112661, -0.945068, -1.2e-05, 0.0, 0.0, 0.0, 1.0],
                [0.955202, 0.283101, 0.086266, 0.124994, 0.254555, -0.934593, 0.248462, -0.002831, 0.150963, -0.215371, -0.964793, -1.2e-05, 0.0, 0.0, 0.0, 1.0],
                [0.988545, 0.148801, -0.025238, 0.124994, 0.148718, -0.988864, -0.005161, -0.002831, -0.025725, 0.001349, -0.999668, -1.2e-05, 0.0, 0.0, 0.0, 1.0],
                [0.987636, 0.154668, -0.02555, 0.124994, 0.154782, -0.987943, 0.002503, -0.002831, -0.024855, -0.006426, -0.999671, -1.2e-05, 0.0, 0.0, 0.0, 1.0]
            ]
        },
        {
            "name": "Leg_R",
            "time": [0.0, 0.1167, 0.3333, 0.45, 0.5833, 0.6667, 0.9167, 1.0667],
            "transform": [
                [1.0, -0.0, 1e-06, -0.0, 0.0, 0.977553, 0.210691, 0.37472, -1e-06, -0.210691, 0.977552, -0.0, 0.0, 0.0, 0.0, 1.0],
                [1.0, -1e-06, 1e-06, -0.0, 0.0, 0.740139, 0.672454, 0.37472, -1e-06, -0.672455, 0.740138, 0.0, 0.0, 0.0, 0.0, 1.0],
                [1.0, -0.0, 1e-06, 0.0, 0.0, 0.961087, 0.276247, 0.37472, -1e-06, -0.276247, 0.961086, -0.0, 0.0, 0.0, 0.0, 1.0],
                [1.0, -1e-06, 0.0, 0.0, 0.0, 0.748555, 0.663072, 0.37472, -1e-06, -0.663073, 0.748554, -0.0, 0.0, 0.0, 0.0, 1.0],
                [1.0, -0.0, 1e-06, 0.0, 0.0, 0.961087, 0.276247, 0.37472, -1e-06, -0.276247, 0.961086, -0.0, 0.0, 0.0, 0.0, 1.0],
                [1.0, -1e-06, 1e-06, 0.0, 0.0, 0.741277, 0.6712, 0.37472, -1e-06, -0.671201, 0.741276, 0.0, 0.0, 0.0, 0.0, 1.0],
                [1.0, -0.0, 1e-06, -0.0, 0.0, 0.997612, 0.069073, 0.37472, -1e-06, -0.069073, 0.997611, -0.0, 0.0, 0.0, 0.0, 1.0],
                [1.0, -0.0, 1e-06, 0.0, 0.0, 0.995646, 0.093224, 0.37472, -1e-06, -0.093224, 0.995644, -0.0, 0.0, 0.0, 0.0, 1.0]
            ]
        },
        {
            "name": "Knee_R",
            "time": [0.0, 0.3333, 0.45, 0.5833, 0.6667, 0.9167, 1.0667],
            "transform": [
                [1.0, 0.0, -0.0, -0.0, -0.0, 1e-06, -1.0, 0.37472, -0.0, 1.0, 1e-06, -0.0, 0.0, 0.0, 0.0, 1.0],
                [1.0, 0.0, -0.0, 0.0, -0.0, 1e-06, -1.0, 0.37472, -0.0, 1.0, 1e-06, -0.0, 0.0, 0.0, 0.0, 1.0],
                [1.0, 0.0, -0.0, 0.0, -0.0, 1e-06, -1.0, 0.37472, -0.0, 1.0, 1e-06, -0.0, 0.0, 0.0, 0.0, 1.0],
                [1.0, 0.0, -0.0, 0.0, -0.0, 1e-06, -1.0, 0.37472, -0.0, 1.0, 1e-06, -0.0, 0.0, 0.0, 0.0, 1.0],
                [1.0, 0.0, -0.0, 0.0, -0.0, 1e-06, -1.0, 0.37472, -0.0, 1.0, 1e-06, 0.0, 0.0, 0.0, 0.0, 1.0],
                [1.0, 0.0, -0.0, -0.0, -0.0, 1e-06, -1.0, 0.37472, -0.0, 1.0, 1e-06, -0.0, 0.0, 0.0, 0.0, 1.0],
                [1.0, 0.0, -0.0, 0.0, -0.0, 1e-06, -1.0, 0.37472, -0.0, 1.0, 1e-06, -0.0, 0.0, 0.0, 0.0, 1.0]
            ]
        },
        {
            "name": "Thigh_L",
            "time": [0.0, 0.3333, 0.45, 0.5833, 0.6667, 0.9167, 1.0667],
            "transform": [
                [0.74123, -0.283974, -0.608224, -0.125006, -0.051449, -0.927475, 0.370329, -0.002831, -0.669276, -0.243206, -0.702082, -1.2e-05, 0.0, 0.0, 0.0, 1.0],
                [0.74123, -0.395959, -0.542028, -0.125006, -0.051449, -0.838626, 0.542271, -0.002831, -0.669276, -0.374061, -0.641987, -1.2e-05, 0.0, 0.0, 0.0, 1.0],
                [0.74123, -0.465909, -0.483225, -0.125006, -0.051449, -0.757203, 0.65115, -0.002831, -0.669276, -0.457791, -0.585232, -1.2e-05, 0.0, 0.0, 0.0, 1.0],
                [0.74123, -0.394804, -0.54287, -0.125006, -0.051449, -0.83978, 0.540484, -0.002831, -0.669276, -0.372693, -0.642782, -1.2e-05, 0.0, 0.0, 0.0, 1.0],
                [0.74123, -0.371123, -0.559326, -0.125006, -0.051449, -0.862219, 0.503915, -0.002831, -0.669276, -0.344741, -0.658197, -1.2e-05, 0.0, 0.0, 0.0, 1.0],
                [0.869242, -0.150522, -0.470913, -0.125006, -0.021407, -0.96309, 0.268325, -0.002831, -0.493921, -0.223159, -0.840382, -1.2e-05, 0.0, 0.0, 0.0, 1.0],
                [0.862916, -0.161012, -0.47901, -0.125006, -0.023958, -0.959852, 0.27948, -0.002831, -0.504778, -0.229691, -0.83213, -1.2e-05, 0.0, 0.0, 0.0, 1.0]
            ]
        },
        {
            "name": "Leg_L",
            "time": [0.0, 0.3333, 0.45, 0.5833, 0.6667, 0.9167, 1.0667],
            "transform": [
                [0.998576, 0.053293, 0.002315, -0.0, -0.051599, 0.954021, 0.295265, 0.37472, 0.013527, -0.294964, 0.955413, -0.0, 0.0, 0.0, 0.0, 1.0],
                [0.998576, 0.053293, 0.002315, -0.0, -0.051599, 0.954021, 0.295265, 0.37472, 0.013527, -0.294964, 0.955413, -0.0, 0.0, 0.0, 0.0, 1.0],
                [0.998576, 0.050534, 0.017082, -0.0, -0.051599, 0.833864, 0.549552, 0.37472, 0.013527, -0.549651, 0.835285, -0.0, 0.0, 0.0, 0.0, 1.0],
                [0.998576, 0.053212, 0.003738, -0.0, -0.051599, 0.945787, 0.32066, 0.37472, 0.013527, -0.320396, 0.947187, 0.0, 0.0, 0.0, 0.0, 1.0],
                [0.998576, 0.05104, 0.015503, 0.0, -0.051599, 0.850541, 0.523371, 0.37472, 0.013527, -0.523425, 0.851965, 0.0, 0.0, 0.0, 0.0, 1.0],
                [0.998576, 0.053341, 0.000405, -0.0, -0.051599, 0.963981, 0.260918, 0.37472, 0.013527, -0.260567, 0.965361, -0.0, 0.0, 0.0, 0.0, 1.0],
                [0.998576, 0.053326, 0.001347, 0.0, -0.051599, 0.959223, 0.277898, 0.37472, 0.013527, -0.277572, 0.96061, -0.0, 0.0, 0.0, 0.0, 1.0]
            ]
        },
        {
            "name": "Knee_L",
            "time": [0.0, 0.3333, 0.45, 0.5833, 0.6667, 0.9167, 1.0667],
            "transform": [
                [1.0, 0.0, -0.0, -0.0, -0.0, 1e-06, -1.0, 0.37472, -0.0, 1.0, 1e-06, -0.0, 0.0, 0.0, 0.0, 1.0],
                [1.0, 0.0, -0.0, -0.0, -0.0, 1e-06, -1.0, 0.37472, -0.0, 1.0, 1e-06, -0.0, 0.0, 0.0, 0.0, 1.0],
                [1.0, 0.0, -0.0, -0.0, -0.0, 1e-06, -1.0, 0.37472, -0.0, 1.0, 1e-06, -0.0, 0.0, 0.0, 0.0, 1.0],
                [1.0, 0.0, -0.0, -0.0, -0.0, 1e-06, -1.0, 0.37472, -0.0, 1.0, 1e-06, 0.0, 0.0, 0.0, 0.0, 1.0],
                [1.0, 0.0, -0.0, 0.0, -0.0, 1e-06, -1.0, 0.37472, -0.0, 1.0, 1e-06, 0.0, 0.0, 0.0, 0.0, 1.0],
                [1.0, 0.0, -0.0, -0.0, -0.0, 1e-06, -1.0, 0.37472, -0.0, 1.0, 1e-06, -0.0, 0.0, 0.0, 0.0, 1.0],
                [1.0, 0.0, -0.0, 0.0, -0.0, 1e-06, -1.0, 0.37472, -0.0, 1.0, 1e-06, -0.0, 0.0, 0.0, 0.0, 1.0]
            ]
        },
        {
            "name": "Torso",
            "time": [0.0, 0.3333, 0.45, 0.5833, 0.6667, 0.9167, 1.0667],
            "transform": [
                [0.999042, -0.043673, -0.002705, 0.0, 0.04367, 0.999045, -0.001423, 0.05, 0.002765, 0.001304, 0.999995, -0.0, 0.0, 0.0, 0.0, 1.0],
                [0.999042, -0.043673, -0.002705, 0.0, 0.04367, 0.999045, -0.001423, 0.05, 0.002765, 0.001304, 0.999995, 0.0, 0.0, 0.0, 0.0, 1.0],
                [0.999042, -0.043673, -0.002705, 0.0, 0.04367, 0.999045, -0.001423, 0.05, 0.002765, 0.001304, 0.999995, 0.0, 0.0, 0.0, 0.0, 1.0],
                [0.999042, -0.043673, -0.002705, 0.0, 0.04367, 0.999045, -0.001423, 0.05, 0.002765, 0.001304, 0.999995, 0.0, 0.0, 0.0, 0.0, 1.0],
                [0.999042, -0.043673, -0.002705, 0.0, 0.04367, 0.999045, -0.001423, 0.05, 0.002765, 0.001304, 0.999995, 0.0, 0.0, 0.0, 0.0, 1.0],
                [0.999042, -0.043673, -0.002705, 0.0, 0.04367, 0.999045, -0.001423, 0.05, 0.002765, 0.001304, 0.999995, -0.0, 0.0, 0.0, 0.0, 1.0],
                [0.999042, -0.043673, -0.002705, 0.0, 0.04367, 0.999045, -0.001423, 0.05, 0.002765, 0.001304, 0.999995, -0.0, 0.0, 0.0, 0.0, 1.0]
            ]
        },
        {
            "name": "Chest",
            "time": [0.0, 0.3333, 0.45, 0.5833, 0.6667, 0.9167, 1.0667],
            "transform": [
                [0.999771, -0.021316, -0.002029, 0.0, 0.021411, 0.994316, 0.104295, 0.3, -0.000206, -0.104315, 0.994544, 0.0, 0.0, 0.0, 0.0, 1.0],
                [0.949854, 0.085197, -0.300864, -0.0, -0.074688, 0.996132, 0.046283, 0.3, 0.303643, -0.021491, 0.952544, 0.0, 0.0, 0.0, 0.0, 1.0],
                [0.938231, -0.148404, -0.312568, 0.0, 0.088004, 0.975993, -0.199231, 0.3, 0.334631, 0.159418, 0.928767, 0.0, 0.0, 0.0, 0.0, 1.0],
                [0.953371, 0.129023, -0.272831, -0.0, -0.105961, 0.989559, 0.097699, 0.3, 0.282588, -0.064233, 0.957089, 0.0, 0.0, 0.0, 0.0, 1.0],
                [0.997203, 0.0285, -0.069091, -0.0, -0.018856, 0.990472, 0.136415, 0.3, 0.07232, -0.134731, 0.98824, 0.0, 0.0, 0.0, 0.0, 1.0],
                [0.999774, -0.021146, -0.002283, 0.0, 0.021269, 0.994117, 0.106205, 0.3, 2.3e-05, -0.10623, 0.994342, -0.0, 0.0, 0.0, 0.0, 1.0],
                [0.999774, -0.021146, -0.002283, 0.0, 0.021269, 0.994117, 0.106205, 0.3, 2.3e-05, -0.10623, 0.994342, 0.0, 0.0, 0.0, 0.0, 1.0]
            ]
        },
        {
            "name": "Head",
            "time": [0.0, 0.3333, 0.45, 0.5833, 0.6667, 0.9167, 1.0667],
            "transform": [
                [0.85311, 0.037721, 0.520365, -0.0, -0.006297, 0.998055, -0.062025, 0.4, -0.521692, 0.049637, 0.851689, -0.0, 0.0, 0.0, 0.0, 1.0],
                [0.666221, 0.037721, 0.744799, -0.0, 0.011905, 0.998055, -0.061196, 0.4, -0.745659, 0.049637, 0.664476, -0.0, 0.0, 0.0, 0.0, 1.0],
                [0.666221, 0.037721, 0.744799, 0.0, 0.011905, 0.998055, -0.061196, 0.4, -0.745659, 0.049637, 0.664476, 0.0, 0.0, 0.0, 0.0, 1.0],
                [0.685155, -0.008751, 0.728345, 0.0, 0.083862, 0.994226, -0.066944, 0.4, -0.723554, 0.106948, 0.681932, 0.0, 0.0, 0.0, 0.0, 1.0],
                [0.818121, 0.047583, 0.573075, 0.0, 0.025428, 0.992603, -0.118717, 0.4, -0.574485, 0.111696, 0.810859, 0.0, 0.0, 0.0, 0.0, 1.0],
                [0.85311, 0.037721, 0.520365, -0.0, -0.006297, 0.998055, -0.062025, 0.4, -0.521692, 0.049637, 0.851689, -0.0, 0.0, 0.0, 0.0, 1.0],
                [0.853011, 0.038735, 0.520453, -0.0, -0.005202, 0.997823, -0.065739, 0.4, -0.521867, 0.053369, 0.851356, -0.0, 0.0, 0.0, 0.0, 1.0]
            ]
        },
        {
            "name": "Shoulder_R",
            "time": [0.0, 0.3333, 0.45, 0.5833, 0.6667, 0.9167, 1.0667],
            "transform": [
                [0.110305, 0.959352, 0.259762, -0.0, 0.091141, -0.270019, 0.958532, 0.4, 0.98971, -0.082056, -0.11722, -0.0, 0.0, 0.0, 0.0, 1.0],
                [0.110305, 0.959352, 0.259762, -0.0, 0.091141, -0.270019, 0.958532, 0.4, 0.98971, -0.082056, -0.11722, -0.0, 0.0, 0.0, 0.0, 1.0],
                [-0.080473, 0.962314, 0.259762, 0.0, 0.142452, -0.246828, 0.958532, 0.4, 0.986525, 0.114139, -0.11722, 0.0, 0.0, 0.0, 0.0, 1.0],
                [0.110305, 0.959352, 0.259762, 0.0, 0.091141, -0.270019, 0.958532, 0.4, 0.98971, -0.082056, -0.11722, 0.0, 0.0, 0.0, 0.0, 1.0],
                [0.110305, 0.959352, 0.259762, 0.0, 0.091141, -0.270019, 0.958532, 0.4, 0.98971, -0.082056, -0.11722, 0.0, 0.0, 0.0, 0.0, 1.0],
                [0.110305, 0.959352, 0.259762, -0.0, 0.091141, -0.270019, 0.958532, 0.4, 0.98971, -0.082056, -0.11722, -0.0, 0.0, 0.0, 0.0, 1.0],
                [0.110305, 0.959352, 0.259762, -0.0, 0.091141, -0.270019, 0.958532, 0.4, 0.98971, -0.082056, -0.11722, -0.0, 0.0, 0.0, 0.0, 1.0]
            ]
        },
        {
            "name": "Arm_R",
            "time": [0.0, 0.1167, 0.3333, 0.45, 0.5833, 0.6667, 0.9167, 1.0667],
            "transform": [
                [0.029874, -0.10887, -0.993607, -0.0, 0.907206, 0.420268, -0.018773, 0.393861, 0.419625, -0.900845, 0.111322, 0.0, 0.0, 0.0, 0.0, 1.0],
                [0.025768, -0.984654, -0.172603, -0.0, 0.899448, 0.098187, -0.425855, 0.39386, 0.436268, -0.144274, 0.888175, -0.0, 0.0, 0.0, 0.0, 1.0],
                [0.044177, -0.653706, 0.755458, 0.0, 0.880248, -0.332146, -0.338884, 0.39386, 0.472453, 0.679961, 0.56075, 0.0, 0.0, 0.0, 0.0, 1.0],
                [0.044177, 0.532293, 0.845407, -0.0, 0.880248, -0.420935, 0.219036, 0.39386, 0.472453, 0.734491, -0.487146, -0.0, 0.0, 0.0, 0.0, 1.0],
                [0.169521, -0.572492, 0.802194, 0.0, 0.93586, -0.161631, -0.313117, 0.39386, 0.308916, 0.803821, 0.508372, 0.0, 0.0, 0.0, 0.0, 1.0],
                [0.169521, -0.653785, -0.737446, 0.0, 0.93586, 0.34134, -0.087485, 0.39386, 0.308916, -0.675316, 0.669716, 0.0, 0.0, 0.0, 0.0, 1.0],
                [0.016005, -0.035545, -0.99924, -0.0, 0.894149, 0.447767, -0.001606, 0.393861, 0.447483, -0.893444, 0.038949, 0.0, 0.0, 0.0, 0.0, 1.0],
                [0.021042, -0.037038, -0.999092, 0.0, 0.896324, 0.443394, 0.00244, 0.39386, 0.442901, -0.895561, 0.042528, 0.0, 0.0, 0.0, 0.0, 1.0]
            ]
        },
        {
            "name": "Hand_R",
            "time": [0.0, 0.1167, 0.2, 0.3333, 0.45, 0.5833, 0.6667, 0.9167, 1.0667],
            "transform": [
                [0.999998, -0.000884, 0.001595, 0.0, 0.000868, 0.999949, 0.010043, 0.3, -0.001603, -0.010042, 0.999948, -0.0, 0.0, 0.0, 0.0, 1.0],
                [0.999998, 0.001421, 0.001122, 0.0, 0.000868, 0.167365, -0.985895, 0.3, -0.001589, 0.985894, 0.167363, -0.0, 0.0, 0.0, 0.0, 1.0],
                [0.999998, 0.001809, 8.1e-05, 0.0, 0.000867, -0.439214, -0.898383, 0.3, -0.00159, 0.898381, -0.439214, -0.0, 0.0, 0.0, 0.0, 1.0],
                [0.999998, 0.001809, 8.1e-05, -0.0, 0.000867, -0.439214, -0.898383, 0.3, -0.00159, 0.898381, -0.439214, -0.0, 0.0, 0.0, 0.0, 1.0],
                [0.999998, 0.001428, 0.001114, 0.0, 0.000867, 0.162722, -0.986672, 0.3, -0.00159, 0.986671, 0.16272, -0.0, 0.0, 0.0, 0.0, 1.0],
                [0.999998, -0.000534, 0.001731, -0.0, 0.000867, 0.980026, -0.198867, 0.3, -0.00159, 0.198868, 0.980025, -0.0, 0.0, 0.0, 0.0, 1.0],
                [0.999998, -0.00024, 0.001798, 0.0, 0.000869, 0.933519, -0.358528, 0.3, -0.001592, 0.358529, 0.933517, -0.0, 0.0, 0.0, 0.0, 1.0],
                [0.999998, -0.000876, 0.001599, -0.0, 0.000868, 0.999986, 0.005244, 0.3, -0.001603, -0.005243, 0.999985, -0.0, 0.0, 0.0, 0.0, 1.0],
                [0.999998, -0.00084, 0.001616, 0.0, 0.000867, 0.999852, -0.017178, 0.3, -0.001601, 0.017179, 0.999851, -0.0, 0.0, 0.0, 0.0, 1.0]
            ]
        },
        {
            "name": "Tool_R",
            "time": [0.0, 0.3333, 0.45, 0.5833, 0.6667, 0.9167, 1.0667],
            "transform": [
                [0.011753, -0.000776, -0.003083, 0.015054, -0.001594, -0.011654, -0.003144, 0.243316, -0.002749, 0.003437, -0.011345, 0.024459, 0.0, 0.0, 0.0, 1.0],
                [0.011753, -0.000776, -0.003083, 0.015054, -0.001594, -0.011654, -0.003144, 0.243316, -0.002749, 0.003437, -0.011345, 0.024459, 0.0, 0.0, 0.0, 1.0],
                [0.011753, -0.000776, -0.003083, 0.015054, -0.001594, -0.011654, -0.003144, 0.243316, -0.002749, 0.003437, -0.011345, 0.024459, 0.0, 0.0, 0.0, 1.0],
                [0.986305, -0.16448, 0.01216, 0.015053, -0.164584, -0.976793, 0.137068, 0.243316, -0.010663, -0.137121, -0.989899, 0.024459, 0.0, 0.0, 0.0, 1.0],
                [0.979012, -0.0993, -0.177974, 0.015054, -0.130709, -0.975945, -0.174489, 0.243316, -0.156275, 0.193965, -0.96787, 0.024459, 0.0, 0.0, 0.0, 1.0],
                [0.976086, -0.063799, 0.207812, 0.015054, -0.000916, -0.957162, -0.28955, 0.243316, 0.217254, 0.282258, -0.933781, 0.024459, 0.0, 0.0, 0.0, 1.0],
                [0.980779, -0.063286, 0.184571, 0.015054, -0.007222, -0.957065, -0.289784, 0.243316, 0.194871, 0.282703, -0.938574, 0.024459, 0.0, 0.0, 0.0, 1.0]
            ]
        },
        {
            "name": "Elbow_R",
            "time": [0.0, 0.3333, 0.45, 0.5833, 0.6667, 0.9167, 1.0667],
            "transform": [
                [-1.0, 0.0, -0.0, 0.0, 0.0, -0.0, -1.0, 0.341622, -0.0, -1.0, 0.0, 0.0, 0.0, 0.0, 0.0, 1.0],
                [-1.0, 0.0, 0.0, -0.0, -0.0, 0.564034, -0.825752, 0.341622, -0.0, -0.825752, -0.564034, -0.0, 0.0, 0.0, 0.0, 1.0],
                [-1.0, 0.0, -0.0, -0.0, 0.0, 0.0, -1.0, 0.341622, -0.0, -1.0, 0.0, 0.0, 0.0, 0.0, 0.0, 1.0],
                [-1.0, 0.0, -0.0, -0.0, 0.0, 0.0, -1.0, 0.341622, -0.0, -1.0, 0.0, -0.0, 0.0, 0.0, 0.0, 1.0],
                [-1.0, 0.0, -0.0, 0.0, 0.0, 0.0, -1.0, 0.341622, -0.0, -1.0, 0.0, -0.0, 0.0, 0.0, 0.0, 1.0],
                [-1.0, 0.0, -0.0, -0.0, 0.0, -0.0, -1.0, 0.341622, -0.0, -1.0, 0.0, -0.0, 0.0, 0.0, 0.0, 1.0],
                [-1.0, 0.0, -0.0, 0.0, 0.0, -0.0, -1.0, 0.341622, -0.0, -1.0, 0.0, -0.0, 0.0, 0.0, 0.0, 1.0]
            ]
        },
        {
            "name": "Shoulder_L",
            "time": [0.0, 0.3333, 0.45, 0.5833, 0.6667, 0.9167, 1.0667],
            "transform": [
                [-0.226937, -0.947819, -0.223918, -0.0, -0.021067, -0.225085, 0.974111, 0.4, -0.973681, 0.225779, 0.031113, -0.0, 0.0, 0.0, 0.0, 1.0],
                [-0.226937, -0.947819, -0.223918, -0.0, -0.021067, -0.225085, 0.974111, 0.4, -0.973681, 0.225779, 0.031113, -0.0, 0.0, 0.0, 0.0, 1.0],
                [-0.226937, -0.947819, -0.223918, 0.0, -0.021067, -0.225085, 0.974111, 0.4, -0.973681, 0.225779, 0.031113, 0.0, 0.0, 0.0, 0.0, 1.0],
                [-0.226937, -0.947819, -0.223918, 0.0, -0.021067, -0.225085, 0.974111, 0.4, -0.973681, 0.225779, 0.031113, 0.0, 0.0, 0.0, 0.0, 1.0],
                [-0.226937, -0.947819, -0.223918, 0.0, -0.021067, -0.225085, 0.974111, 0.4, -0.973682, 0.225779, 0.031113, 0.0, 0.0, 0.0, 0.0, 1.0],
                [-0.226937, -0.947819, -0.223918, -0.0, -0.021067, -0.225085, 0.974111, 0.4, -0.973681, 0.225779, 0.031113, -0.0, 0.0, 0.0, 0.0, 1.0],
                [-0.226937, -0.947819, -0.223918, -0.0, -0.021067, -0.225085, 0.974111, 0.4, -0.973681, 0.225779, 0.031113, -0.0, 0.0, 0.0, 0.0, 1.0]
            ]
        },
        {
            "name": "Arm_L",
            "time": [0.0, 0.3333, 0.45, 0.5833, 0.6667, 0.9167, 1.0667],
            "transform": [
                [-0.440424, 0.111403, 0.890851, 0.0, -0.817245, 0.361034, -0.449183, 0.39386, -0.371668, -0.925875, -0.067964, -0.0, 0.0, 0.0, 0.0, 1.0],
                [-0.359005, 0.278388, 0.890851, 0.0, -0.604392, 0.657986, -0.449183, 0.39386, -0.711215, -0.699682, -0.067964, 0.0, 0.0, 0.0, 0.0, 1.0],
                [-0.359005, 0.278388, 0.890851, 0.0, -0.604392, 0.657986, -0.449183, 0.39386, -0.711215, -0.699682, -0.067964, 0.0, 0.0, 0.0, 0.0, 1.0],
                [-0.32005, 0.316918, 0.892822, -0.0, -0.504743, 0.740472, -0.443775, 0.39386, -0.80175, -0.592675, -0.077026, 0.0, 0.0, 0.0, 0.0, 1.0],
                [-0.41289, 0.139395, 0.900051, -0.0, -0.705545, 0.575975, -0.412866, 0.39386, -0.575958, -0.805494, -0.139465, 0.0, 0.0, 0.0, 0.0, 1.0],
                [-0.368332, -0.025786, 0.929337, 0.0, -0.839661, 0.438368, -0.320628, 0.39386, -0.399124, -0.898425, -0.183117, -0.0, 0.0, 0.0, 0.0, 1.0],
                [-0.372087, -0.022494, 0.927925, 0.0, -0.837058, 0.440137, -0.324981, 0.39386, -0.401104, -0.897649, -0.182598, -0.0, 0.0, 0.0, 0.0, 1.0]
            ]
        },
        {
            "name": "Hand_L",
            "time": [0.0, 0.3333, 0.45, 0.5833, 0.6667, 0.9167, 1.0667],
            "transform": [
                [0.999993, -0.001541, -0.00347, -0.0, 0.000938, 0.985901, -0.167329, 0.3, 0.003679, 0.167324, 0.985895, -0.0, 0.0, 0.0, 0.0, 1.0],
                [0.999993, -0.002534, -0.002827, 0.0, 0.000938, 0.886448, -0.462828, 0.3, 0.003679, 0.462822, 0.886444, 0.0, 0.0, 0.0, 0.0, 1.0],
                [0.999993, -0.002535, -0.002827, 0.0, 0.000938, 0.886448, -0.462828, 0.3, 0.003679, 0.462822, 0.886444, 0.0, 0.0, 0.0, 0.0, 1.0],
                [0.999993, -0.002529, -0.002832, -0.0, 0.000938, 0.887304, -0.461184, 0.3, 0.003679, 0.461178, 0.8873, -0.0, 0.0, 0.0, 0.0, 1.0],
                [0.999993, -0.002367, -0.002969, 0.0, 0.000938, 0.911733, -0.410783, 0.3, 0.003679, 0.410778, 0.911728, -0.0, 0.0, 0.0, 0.0, 1.0],
                [0.999993, -0.001541, -0.00347, -0.0, 0.000938, 0.985901, -0.167329, 0.3, 0.003679, 0.167324, 0.985895, 0.0, 0.0, 0.0, 0.0, 1.0],
                [0.999993, -0.00158, -0.003453, 0.0, 0.000938, 0.983928, -0.178564, 0.3, 0.003679, 0.178559, 0.983923, 0.0, 0.0, 0.0, 0.0, 1.0]
            ]
        },
        {
            "name": "Tool_L",
            "time": [0.0, 0.3333, 0.45, 0.5833, 0.6667, 0.9167, 1.0667],
            "transform": [
                [0.997004, 0.01104, -0.076554, 0.0, -0.036659, -0.804079, -0.593391, 0.272858, -0.068067, 0.594062, -0.8008, -0.0, 0.0, 0.0, 0.0, 1.0],
                [0.997004, 0.01104, -0.076554, 0.0, -0.036659, -0.804079, -0.593391, 0.272858, -0.068067, 0.594062, -0.800801, -0.0, 0.0, 0.0, 0.0, 1.0],
                [0.997004, 0.01104, -0.076554, -0.0, -0.036659, -0.804079, -0.593391, 0.272858, -0.068067, 0.594062, -0.8008, -0.0, 0.0, 0.0, 0.0, 1.0],
                [0.997004, 0.01104, -0.076554, -0.0, -0.036659, -0.804079, -0.593391, 0.272858, -0.068067, 0.594062, -0.8008, -0.0, 0.0, 0.0, 0.0, 1.0],
                [0.997004, 0.01104, -0.076554, -0.0, -0.036659, -0.804079, -0.593391, 0.272858, -0.068067, 0.594062, -0.8008, -0.0, 0.0, 0.0, 0.0, 1.0],
                [0.997004, 0.01104, -0.076554, 0.0, -0.036659, -0.804079, -0.593391, 0.272858, -0.068067, 0.594062, -0.8008, -0.0, 0.0, 0.0, 0.0, 1.0],
                [0.997004, 0.01104, -0.076554, -0.0, -0.036659, -0.804079, -0.593391, 0.272858, -0.068067, 0.594062, -0.8008, -0.0, 0.0, 0.0, 0.0, 1.0]
            ]
        },
        {
            "name": "Elbow_L",
            "time": [0.0, 0.3333, 0.45, 0.5833, 0.6667, 0.9167, 1.0667],
            "transform": [
                [-1.0, 0.0, -0.0, 2.7e-05, 0.0, -0.0, -1.0, 0.334301, -0.0, -1.0, -0.0, -0.002121, 0.0, 0.0, 0.0, 1.0],
                [-1.0, 0.0, -0.0, 2.7e-05, 0.0, -0.0, -1.0, 0.334302, -0.0, -1.0, -0.0, -0.002121, 0.0, 0.0, 0.0, 1.0],
                [-1.0, 0.0, -0.0, 2.7e-05, 0.0, -0.0, -1.0, 0.334301, -0.0, -1.0, -0.0, -0.002121, 0.0, 0.0, 0.0, 1.0],
                [-1.0, 0.0, -0.0, 2.7e-05, 0.0, -0.0, -1.0, 0.334301, -0.0, -1.0, 0.0, -0.002121, 0.0, 0.0, 0.0, 1.0],
                [-1.0, 0.0, -0.0, 2.7e-05, 0.0, -0.0, -1.0, 0.334301, -0.0, -1.0, -0.0, -0.002121, 0.0, 0.0, 0.0, 1.0],
                [-1.0, 0.0, -0.0, 2.7e-05, 0.0, -0.0, -1.0, 0.334302, -0.0, -1.0, -0.0, -0.002121, 0.0, 0.0, 0.0, 1.0],
                [-1.0, 0.0, -0.0, 2.7e-05, 0.0, -0.0, -1.0, 0.334301, -0.0, -1.0, -0.0, -0.002121, 0.0, 0.0, 0.0, 1.0]
            ]
        }
    ]
}