{
    "animation": [
        {
            "name": "Root",
            "time": [0.0, 2.1333, 4.5333],
            "transform": [
                [0.745081, 0.020974, 0.666645, -0.000797, 0.658773, 0.133119, -0.740471, -0.058023, -0.104273, 0.990878, 0.085367, 0.622844, 0.0, 0.0, 0.0, 1.0],
                [0.745815, 0.019915, 0.665856, 0.001119, 0.655683, 0.15458, -0.739044, -0.047362, -0.117646, 0.98778, 0.10223, 0.563316, 0.0, 0.0, 0.0, 1.0],
                [0.745081, 0.020974, 0.666645, -0.000797, 0.658773, 0.133119, -0.740471, -0.058023, -0.104273, 0.990878, 0.085367, 0.622844, 0.0, 0.0, 0.0, 1.0]
            ]
        },
        {
            "name": "Thigh_R",
            "time": [0.0, 2.1333, 4.5333],
            "transform": [
                [0.69688, 0.657002, 0.287582, 0.124994, 0.03508, -0.431731, 0.90132, -0.002831, 0.716328, -0.618023, -0.323914, -1.2e-05, 0.0, 0.0, 0.0, 1.0],
                [0.69688, 0.707788, 0.115722, 0.124994, 0.03508, -0.194801, 0.980215, -0.002831, 0.716328, -0.679032, -0.160583, -1.2e-05, 0.0, 0.0, 0.0, 1.0],
                [0.69688, 0.657002, 0.287582, 0.124994, 0.03508, -0.431731, 0.90132, -0.002831, 0.716328, -0.618023, -0.323914, -1.2e-05, 0.0, 0.0, 0.0, 1.0]
            ]
        },
        {
            "name": "Leg_R",
            "time": [0.0, 2.1333, 4.5333],
            "transform": [
                [1.0, -1e-06, 0.0, -0.0, 0.0, 0.617801, 0.786334, 0.37472, -1e-06, -0.786335, 0.6178, 0.0, 0.0, 0.0, 0.0, 1.0],
                [1.0, -1e-06, 0.0, -0.0, 0.0, 0.290204, 0.956964, 0.37472, -1e-06, -0.956965, 0.290204, 0.0, 0.0, 0.0, 0.0, 1.0],
                [1.0, -1e-06, 0.0, -0.0, 0.0, 0.617801, 0.786334, 0.37472, -1e-06, -0.786335, 0.6178, 0.0, 0.0, 0.0, 0.0, 1.0]
            ]
        },
        {
            "name": "Knee_R",
            "time": [0.0, 4.5333],
            "transform": [
                [1.0, 0.0, -0.0, -0.0, -0.0, 1e-06, -1.0, 0.37472, -0.0, 1.0, 0.0, 0.0, 0.0, 0.0, 0.0, 1.0],
                [1.0, 0.0, -0.0, -0.0, -0.0, 1e-06, -1.0, 0.37472, -0.0, 1.0, 0.0, 0.0, 0.0, 0.0, 0.0, 1.0]
            ]
        },
        {
            "name": "Thigh_L",
            "time": [0.0, 2.1333, 4.5333],
            "transform": [
                [0.792223, -0.433137, -0.429854, -0.125006, -0.442533, -0.892806, 0.084032, -0.002831, -0.420173, 0.123653, -0.898979, -1.2e-05, 0.0, 0.0, 0.0, 1.0],
                [0.781049, -0.457669, -0.424854, -0.125006, -0.479672, -0.875318, 0.061098, -0.002831, -0.399844, 0.15607, -0.903197, -1.2e-05, 0.0, 0.0, 0.0, 1.0],
                [0.792223, -0.433137, -0.429854, -0.125006, -0.442533, -0.892806, 0.084032, -0.002831, -0.420173, 0.123653, -0.898979, -1.2e-05, 0.0, 0.0, 0.0, 1.0]
            ]
        },
        {
            "name": "Leg_L",
            "time": [0.0, 4.5333],
            "transform": [
                [0.998576, 0.053341, 0.000405, 0.0, -0.051599, 0.963981, 0.260918, 0.37472, 0.013527, -0.260567, 0.965361, 0.0, 0.0, 0.0, 0.0, 1.0],
                [0.998576, 0.053341, 0.000405, 0.0, -0.051599, 0.963981, 0.260918, 0.37472, 0.013527, -0.260567, 0.965361, 0.0, 0.0, 0.0, 0.0, 1.0]
            ]
        },
        {
            "name": "Knee_L",
            "time": [0.0, 4.5333],
            "transform": [
                [1.0, 0.0, -0.0, 0.0, -0.0, 1e-06, -1.0, 0.37472, -0.0, 1.0, 1e-06, 0.0, 0.0, 0.0, 0.0, 1.0],
                [1.0, 0.0, -0.0, 0.0, -0.0, 1e-06, -1.0, 0.37472, -0.0, 1.0, 1e-06, 0.0, 0.0, 0.0, 0.0, 1.0]
            ]
        },
        {
            "name": "Torso",
            "time": [0.0, 4.5333],
            "transform": [
                [0.999042, -0.043673, -0.002706, -0.0, 0.04367, 0.999045, -0.001423, 0.05, 0.002765, 0.001304, 0.999995, -0.0, 0.0, 0.0, 0.0, 1.0],
                [0.999042, -0.043673, -0.002706, -0.0, 0.04367, 0.999045, -0.001423, 0.05, 0.002765, 0.001304, 0.999995, -0.0, 0.0, 0.0, 0.0, 1.0]
            ]
        },
        {
            "name": "Chest",
            "time": [0.0, 2.1333, 4.5333],
            "transform": [
                [0.95876, -0.021316, 0.283417, 0.0, -0.009248, 0.994316, 0.106068, 0.3, -0.284067, -0.104315, 0.953113, -0.0, 0.0, 0.0, 0.0, 1.0],
                [0.960432, -0.001547, 0.278511, -0.0, -0.0346, 0.991576, 0.124821, 0.3, -0.276358, -0.129519, 0.952287, 0.0, 0.0, 0.0, 0.0, 1.0],
                [0.95876, -0.021316, 0.283417, 0.0, -0.009248, 0.994316, 0.106068, 0.3, -0.284067, -0.104315, 0.953113, -0.0, 0.0, 0.0, 0.0, 1.0]
            ]
        },
        {
            "name": "Head",
            "time": [0.0, 4.5333],
            "transform": [
                [0.669301, -0.045453, -0.7416, -0.0, 0.06187, 0.99807, -0.005334, 0.4, 0.740411, -0.042313, 0.670821, -0.0, 0.0, 0.0, 0.0, 1.0],
                [0.669301, -0.045453, -0.7416, -0.0, 0.06187, 0.99807, -0.005334, 0.4, 0.740411, -0.042313, 0.670821, -0.0, 0.0, 0.0, 0.0, 1.0]
            ]
        },
        {
            "name": "Shoulder_R",
            "time": [0.0, 4.5333],
            "transform": [
                [0.323317, 0.943503, 0.07258, -0.0, 0.028054, -0.086223, 0.995881, 0.4, 0.945874, -0.319949, -0.054346, -0.0, 0.0, 0.0, 0.0, 1.0],
                [0.323317, 0.943503, 0.07258, -0.0, 0.028054, -0.086223, 0.995881, 0.4, 0.945874, -0.319949, -0.054346, -0.0, 0.0, 0.0, 0.0, 1.0]
            ]
        },
        {
            "name": "Arm_R",
            "time": [0.0, 2.1333, 4.5333],
            "transform": [
                [-0.935709, -0.059717, -0.34768, 0.0, -0.317287, 0.573254, 0.755453, 0.39386, 0.154196, 0.817199, -0.555346, -0.0, 0.0, 0.0, 0.0, 1.0],
                [-0.935709, 0.034596, -0.351071, -0.0, -0.317288, 0.352458, 0.880399, 0.393861, 0.154196, 0.935188, -0.318821, -0.0, 0.0, 0.0, 0.0, 1.0],
                [-0.935709, -0.059717, -0.34768, 0.0, -0.317287, 0.573254, 0.755453, 0.39386, 0.154196, 0.817199, -0.555346, -0.0, 0.0, 0.0, 0.0, 1.0]
            ]
        },
        {
            "name": "Hand_R",
            "time": [0.0, 4.5333],
            "transform": [
                [0.999998, 0.000318, 0.001795, -0.0, 0.000868, 0.782864, -0.622193, 0.3, -0.001603, 0.622193, 0.782862, -0.0, 0.0, 0.0, 0.0, 1.0],
                [0.999998, 0.000318, 0.001795, -0.0, 0.000868, 0.782864, -0.622193, 0.3, -0.001603, 0.622193, 0.782862, -0.0, 0.0, 0.0, 0.0, 1.0]
            ]
        },
        {
            "name": "Tool_R",
            "time": [0.0, 2.1333, 4.5333],
            "transform": [
                [0.999979, 0.004216, -0.004899, 0.015054, 0.004253, -0.999963, 0.00752, 0.243316, -0.004864, -0.007547, -0.999368, 0.024459, 0.0, 0.0, 0.0, 1.0],
                [0.999979, 0.002867, -0.005793, 0.015054, 0.004253, -0.966743, 0.255714, 0.243316, -0.004864, -0.255592, -0.96616, 0.024459, 0.0, 0.0, 0.0, 1.0],
                [0.999979, 0.004216, -0.004899, 0.015054, 0.004253, -0.999963, 0.00752, 0.243316, -0.004864, -0.007547, -0.999368, 0.024459, 0.0, 0.0, 0.0, 1.0]
            ]
        },
        {
            "name": "Elbow_R",
            "time": [0.0, 4.5333],
            "transform": [
                [-1.0, 0.0, -0.0, -0.0, 0.0, -0.0, -1.0, 0.341622, -0.0, -1.0, 0.0, 0.0, 0.0, 0.0, 0.0, 1.0],
                [-1.0, 0.0, -0.0, -0.0, 0.0, -0.0, -1.0, 0.341622, -0.0, -1.0, 0.0, 0.0, 0.0, 0.0, 0.0, 1.0]
            ]
        },
        {
            "name": "Shoulder_L",
            "time": [0.0, 4.5333],
            "transform": [
                [0.937329, 0.266973, -0.223918, -0.0, 0.206498, 0.092008, 0.974111, 0.4, 0.280664, -0.959302, 0.031113, -0.0, 0.0, 0.0, 0.0, 1.0],
                [0.937329, 0.266973, -0.223918, -0.0, 0.206498, 0.092008, 0.974111, 0.4, 0.280664, -0.959302, 0.031113, -0.0, 0.0, 0.0, 0.0, 1.0]
            ]
        },
        {
            "name": "Arm_L",
            "time": [0.0, 2.1333, 4.5333],
            "transform": [
                [-0.050369, 0.84401, 0.533957, -0.0, 0.324376, 0.519476, -0.790522, 0.39386, -0.944586, 0.133385, -0.299943, 0.0, 0.0, 0.0, 0.0, 1.0],
                [0.130747, 0.835341, 0.533957, -0.0, 0.427679, 0.438368, -0.790522, 0.39386, -0.894425, 0.331721, -0.299943, 0.0, 0.0, 0.0, 0.0, 1.0],
                [-0.050369, 0.84401, 0.533957, -0.0, 0.324376, 0.519476, -0.790522, 0.39386, -0.944586, 0.133385, -0.299943, 0.0, 0.0, 0.0, 0.0, 1.0]
            ]
        },
        {
            "name": "Hand_L",
            "time": [0.0, 4.5333],
            "transform": [
                [0.999993, -0.001541, -0.00347, -0.0, 0.000938, 0.985901, -0.167329, 0.3, 0.003679, 0.167324, 0.985895, -0.0, 0.0, 0.0, 0.0, 1.0],
                [0.999993, -0.001541, -0.00347, -0.0, 0.000938, 0.985901, -0.167329, 0.3, 0.003679, 0.167324, 0.985895, -0.0, 0.0, 0.0, 0.0, 1.0]
            ]
        },
        {
            "name": "Tool_L",
            "time": [0.0, 4.5333],
            "transform": [
                [0.997004, 0.01104, -0.076554, 0.0, -0.036659, -0.804079, -0.593391, 0.272858, -0.068067, 0.594062, -0.8008, -0.0, 0.0, 0.0, 0.0, 1.0],
                [0.997004, 0.01104, -0.076554, 0.0, -0.036659, -0.804079, -0.593391, 0.272858, -0.068067, 0.594062, -0.8008, -0.0, 0.0, 0.0, 0.0, 1.0]
            ]
        },
        {
            "name": "Elbow_L",
            "time": [0.0, 4.5333],
            "transform": [
                [-1.0, 0.0, -0.0, 2.7e-05, 0.0, -0.0, -1.0, 0.334301, -0.0, -1.0, -0.0, -0.002121, 0.0, 0.0, 0.0, 1.0],
                [-1.0, 0.0, -0.0, 2.7e-05, 0.0, -0.0, -1.0, 0.334301, -0.0, -1.0, -0.0, -0.002121, 0.0, 0.0, 0.0, 1.0]
            ]
        }
    ]
}