{
    "animation": [
        {
            "name": "Root",
            "time": [0.0, 0.05, 0.0833, 0.1833, 0.4],
            "transform": [
                [0.745081, 0.020974, 0.666645, -0.000797, 0.658773, 0.133119, -0.740471, -0.058023, -0.104273, 0.990878, 0.085367, 0.622844, 0.0, 0.0, 0.0, 1.0],
                [0.585542, -0.008218, 0.810601, -0.000797, 0.798685, 0.176967, -0.57514, -0.209433, -0.138723, 0.984183, 0.110184, 0.506018, 0.0, 0.0, 0.0, 1.0],
                [0.586018, -0.008125, 0.810257, -0.000797, 0.798353, 0.176856, -0.575634, -0.209018, -0.138622, 0.984203, 0.110127, 0.593398, 0.0, 0.0, 0.0, 1.0],
                [0.609339, -0.003627, 0.792902, -0.000797, 0.781563, 0.171321, -0.599841, -0.188496, -0.133665, 0.985209, 0.107227, 0.562051, 0.0, 0.0, 0.0, 1.0],
                [0.745081, 0.020974, 0.666645, -0.000797, 0.658773, 0.133119, -0.740471, -0.058023, -0.104273, 0.990878, 0.085367, 0.622844, 0.0, 0.0, 0.0, 1.0]
            ]
        },
        {
            "name": "Thigh_R",
            "time": [0.0, 0.05, 0.1833, 0.4],
            "transform": [
                [0.69688, 0.657002, 0.287582, 0.124994, 0.03508, -0.431731, 0.90132, -0.002831, 0.716328, -0.618023, -0.323914, -1.2e-05, 0.0, 0.0, 0.0, 1.0],
                [0.69688, 0.70321, 0.140892, 0.124994, 0.03508, -0.229637, 0.972644, -0.002831, 0.716328, -0.672873, -0.184699, -1.2e-05, 0.0, 0.0, 0.0, 1.0],
                [0.69688, 0.69872, 0.161695, 0.124994, 0.03508, -0.258395, 0.965402, -0.002831, 0.716328, -0.667096, -0.204583, -1.2e-05, 0.0, 0.0, 0.0, 1.0],
                [0.69688, 0.657002, 0.287582, 0.124994, 0.03508, -0.431731, 0.90132, -0.002831, 0.716328, -0.618023, -0.323914, -1.2e-05, 0.0, 0.0, 0.0, 1.0]
            ]
        },
        {
            "name": "Leg_R",
            "time": [0.0, 0.05, 0.1833, 0.4],
            "transform": [
                [1.0, -1e-06, 0.0, -0.0, 0.0, 0.617801, 0.786334, 0.37472, -1e-06, -0.786335, 0.6178, 0.0, 0.0, 0.0, 0.0, 1.0],
                [1.0, -1e-06, 0.0, 0.0, 0.0, 0.496009, 0.868317, 0.37472, -1e-06, -0.868318, 0.496008, 0.0, 0.0, 0.0, 0.0, 1.0],
                [1.0, -1e-06, 0.0, -0.0, 0.0, 0.51354, 0.858065, 0.37472, -1e-06, -0.858067, 0.513539, 0.0, 0.0, 0.0, 0.0, 1.0],
                [1.0, -1e-06, 0.0, -0.0, 0.0, 0.617801, 0.786334, 0.37472, -1e-06, -0.786335, 0.6178, 0.0, 0.0, 0.0, 0.0, 1.0]
            ]
        },
        {
            "name": "Knee_R",
            "time": [0.0, 0.05, 0.1833, 0.4],
            "transform": [
                [1.0, 0.0, -0.0, -0.0, -0.0, 1e-06, -1.0, 0.37472, -0.0, 1.0, 0.0, 0.0, 0.0, 0.0, 0.0, 1.0],
                [1.0, 0.0, -0.0, 0.0, -0.0, 1e-06, -1.0, 0.37472, -0.0, 1.0, 1e-06, 0.0, 0.0, 0.0, 0.0, 1.0],
                [1.0, 0.0, -0.0, -0.0, -0.0, 1e-06, -1.0, 0.37472, -0.0, 1.0, 1e-06, 0.0, 0.0, 0.0, 0.0, 1.0],
                [1.0, 0.0, -0.0, -0.0, -0.0, 1e-06, -1.0, 0.37472, -0.0, 1.0, 0.0, 0.0, 0.0, 0.0, 0.0, 1.0]
            ]
        },
        {
            "name": "Thigh_L",
            "time": [0.0, 0.05, 0.1833, 0.4],
            "transform": [
                [0.792223, -0.433137, -0.429854, -0.125006, -0.442533, -0.892806, 0.084032, -0.002831, -0.420173, 0.123653, -0.898979, -1.2e-05, 0.0, 0.0, 0.0, 1.0],
                [0.72803, -0.54008, -0.422239, -0.125006, -0.573799, -0.817094, 0.055779, -0.002831, -0.375134, 0.201672, -0.904766, -1.2e-05, 0.0, 0.0, 0.0, 1.0],
                [0.737865, -0.525889, -0.423079, -0.125006, -0.556401, -0.828761, 0.059767, -0.002831, -0.382062, 0.191302, -0.904119, -1.2e-05, 0.0, 0.0, 0.0, 1.0],
                [0.792223, -0.433137, -0.429854, -0.125006, -0.442533, -0.892806, 0.084032, -0.002831, -0.420173, 0.123653, -0.898979, -1.2e-05, 0.0, 0.0, 0.0, 1.0]
            ]
        },
        {
            "name": "Leg_L",
            "time": [0.0, 0.05, 0.1833, 0.4],
            "transform": [
                [0.998576, 0.053341, 0.000405, 0.0, -0.051599, 0.963981, 0.260918, 0.37472, 0.013527, -0.260567, 0.965361, 0.0, 0.0, 0.0, 0.0, 1.0],
                [0.998576, 0.053341, 0.000405, 0.0, -0.051599, 0.963981, 0.260918, 0.37472, 0.013527, -0.260567, 0.965361, -0.0, 0.0, 0.0, 0.0, 1.0],
                [0.998576, 0.053341, 0.000405, -0.0, -0.051599, 0.963981, 0.260918, 0.37472, 0.013527, -0.260567, 0.965361, -0.0, 0.0, 0.0, 0.0, 1.0],
                [0.998576, 0.053341, 0.000405, 0.0, -0.051599, 0.963981, 0.260918, 0.37472, 0.013527, -0.260567, 0.965361, 0.0, 0.0, 0.0, 0.0, 1.0]
            ]
        },
        {
            "name": "Knee_L",
            "time": [0.0, 0.05, 0.1833, 0.4],
            "transform": [
                [1.0, 0.0, -0.0, 0.0, -0.0, 1e-06, -1.0, 0.37472, -0.0, 1.0, 1e-06, 0.0, 0.0, 0.0, 0.0, 1.0],
                [1.0, 0.0, -0.0, 0.0, -0.0, 1e-06, -1.0, 0.37472, -0.0, 1.0, 1e-06, -0.0, 0.0, 0.0, 0.0, 1.0],
                [1.0, 0.0, -0.0, -0.0, -0.0, 1e-06, -1.0, 0.37472, -0.0, 1.0, 1e-06, -0.0, 0.0, 0.0, 0.0, 1.0],
                [1.0, 0.0, -0.0, 0.0, -0.0, 1e-06, -1.0, 0.37472, -0.0, 1.0, 1e-06, 0.0, 0.0, 0.0, 0.0, 1.0]
            ]
        },
        {
            "name": "Torso",
            "time": [0.0, 0.05, 0.1833, 0.4],
            "transform": [
                [0.999042, -0.043673, -0.002706, -0.0, 0.04367, 0.999045, -0.001423, 0.05, 0.002765, 0.001304, 0.999995, -0.0, 0.0, 0.0, 0.0, 1.0],
                [0.999042, -0.043673, -0.002705, -0.0, 0.04367, 0.999045, -0.001423, 0.05, 0.002765, 0.001304, 0.999995, 0.0, 0.0, 0.0, 0.0, 1.0],
                [0.999042, -0.043673, -0.002705, 0.0, 0.04367, 0.999045, -0.001423, 0.05, 0.002765, 0.001304, 0.999995, 0.0, 0.0, 0.0, 0.0, 1.0],
                [0.999042, -0.043673, -0.002706, -0.0, 0.04367, 0.999045, -0.001423, 0.05, 0.002765, 0.001304, 0.999995, -0.0, 0.0, 0.0, 0.0, 1.0]
            ]
        },
        {
            "name": "Chest",
            "time": [0.0, 0.05, 0.1833, 0.4],
            "transform": [
                [0.95876, -0.021316, 0.283417, 0.0, -0.009248, 0.994316, 0.106068, 0.3, -0.284067, -0.104315, 0.953113, -0.0, 0.0, 0.0, 0.0, 1.0],
                [0.962864, 0.087984, 0.255248, -0.0, -0.138382, 0.972611, 0.186755, 0.3, -0.231826, -0.215142, 0.948668, 0.0, 0.0, 0.0, 0.0, 1.0],
                [0.963235, 0.072733, 0.258626, -0.0, -0.12089, 0.977033, 0.175476, 0.3, -0.239923, -0.20029, 0.949906, 0.0, 0.0, 0.0, 0.0, 1.0],
                [0.95876, -0.021316, 0.283417, 0.0, -0.009248, 0.994316, 0.106068, 0.3, -0.284067, -0.104315, 0.953113, -0.0, 0.0, 0.0, 0.0, 1.0]
            ]
        },
        {
            "name": "Head",
            "time": [0.0, 0.05, 0.1833, 0.4],
            "transform": [
                [0.669301, -0.045453, -0.7416, -0.0, 0.06187, 0.99807, -0.005334, 0.4, 0.740411, -0.042313, 0.670821, -0.0, 0.0, 0.0, 0.0, 1.0],
                [0.669301, -0.045453, -0.7416, 0.0, 0.06187, 0.99807, -0.005334, 0.4, 0.740411, -0.042313, 0.670821, 0.0, 0.0, 0.0, 0.0, 1.0],
                [0.669301, -0.045453, -0.7416, 0.0, 0.06187, 0.99807, -0.005334, 0.4, 0.740411, -0.042313, 0.670821, 0.0, 0.0, 0.0, 0.0, 1.0],
                [0.669301, -0.045453, -0.7416, -0.0, 0.06187, 0.99807, -0.005334, 0.4, 0.740411, -0.042313, 0.670821, -0.0, 0.0, 0.0, 0.0, 1.0]
            ]
        },
        {
            "name": "Shoulder_R",
            "time": [0.0, 0.05, 0.1833, 0.4],
            "transform": [
                [0.323317, 0.943503, 0.07258, -0.0, 0.028054, -0.086223, 0.995881, 0.4, 0.945874, -0.319949, -0.054346, -0.0, 0.0, 0.0, 0.0, 1.0],
                [0.323317, 0.943503, 0.07258, 0.0, 0.028054, -0.086223, 0.995881, 0.4, 0.945875, -0.319949, -0.054346, 0.0, 0.0, 0.0, 0.0, 1.0],
                [0.323317, 0.943503, 0.07258, 0.0, 0.028054, -0.086223, 0.995881, 0.4, 0.945875, -0.319949, -0.054346, 0.0, 0.0, 0.0, 0.0, 1.0],
                [0.323317, 0.943503, 0.07258, -0.0, 0.028054, -0.086223, 0.995881, 0.4, 0.945874, -0.319949, -0.054346, -0.0, 0.0, 0.0, 0.0, 1.0]
            ]
        },
        {
            "name": "Arm_R",
            "time": [0.0, 0.05, 0.1833, 0.4],
            "transform": [
                [-0.935709, -0.059717, -0.34768, 0.0, -0.317287, 0.573254, 0.755453, 0.39386, 0.154196, 0.817199, -0.555346, -0.0, 0.0, 0.0, 0.0, 1.0],
                [-0.970209, 0.191781, -0.148034, 0.0, -0.02965, 0.512448, 0.858206, 0.39386, 0.240447, 0.837029, -0.491495, 0.0, 0.0, 0.0, 0.0, 1.0],
                [-0.971274, 0.158296, -0.177675, 0.0, -0.069479, 0.525468, 0.847971, 0.393861, 0.227593, 0.835958, -0.499376, 0.0, 0.0, 0.0, 0.0, 1.0],
                [-0.935709, -0.059717, -0.34768, 0.0, -0.317287, 0.573254, 0.755453, 0.39386, 0.154196, 0.817199, -0.555346, -0.0, 0.0, 0.0, 0.0, 1.0]
            ]
        },
        {
            "name": "Hand_R",
            "time": [0.0, 0.05, 0.1833, 0.4],
            "transform": [
                [0.999998, 0.000318, 0.001795, -0.0, 0.000868, 0.782864, -0.622193, 0.3, -0.001603, 0.622193, 0.782862, -0.0, 0.0, 0.0, 0.0, 1.0],
                [0.999998, -5.6e-05, 0.001822, 0.0, 0.000868, 0.893691, -0.448682, 0.3, -0.001603, 0.448682, 0.89369, -0.0, 0.0, 0.0, 0.0, 1.0],
                [0.999998, -4e-06, 0.001823, -0.0, 0.000868, 0.880548, -0.473957, 0.3, -0.001603, 0.473958, 0.880546, -0.0, 0.0, 0.0, 0.0, 1.0],
                [0.999998, 0.000318, 0.001795, -0.0, 0.000868, 0.782864, -0.622193, 0.3, -0.001603, 0.622193, 0.782862, -0.0, 0.0, 0.0, 0.0, 1.0]
            ]
        },
        {
            "name": "Tool_R",
            "time": [0.0, 0.05, 0.1833, 0.4],
            "transform": [
                [0.999979, 0.004216, -0.004899, 0.015054, 0.004253, -0.999963, 0.00752, 0.243316, -0.004864, -0.007547, -0.999368, 0.024459, 0.0, 0.0, 0.0, 1.0],
                [0.999979, 0.004216, -0.004899, 0.015054, 0.004253, -0.999963, 0.00752, 0.243316, -0.004864, -0.007547, -0.999368, 0.024459, 0.0, 0.0, 0.0, 1.0],
                [0.999979, 0.004216, -0.004899, 0.015054, 0.004253, -0.999963, 0.00752, 0.243316, -0.004864, -0.007547, -0.999368, 0.024459, 0.0, 0.0, 0.0, 1.0],
                [0.999979, 0.004216, -0.004899, 0.015054, 0.004253, -0.999963, 0.00752, 0.243316, -0.004864, -0.007547, -0.999368, 0.024459, 0.0, 0.0, 0.0, 1.0]
            ]
        },
        {
            "name": "Elbow_R",
            "time": [0.0, 0.05, 0.1833, 0.4],
            "transform": [
                [-1.0, 0.0, -0.0, -0.0, 0.0, -0.0, -1.0, 0.341622, -0.0, -1.0, 0.0, 0.0, 0.0, 0.0, 0.0, 1.0],
                [-1.0, 0.0, -0.0, -0.0, 0.0, 0.0, -1.0, 0.341622, -0.0, -1.0, 0.0, -0.0, 0.0, 0.0, 0.0, 1.0],
                [-1.0, 0.0, -0.0, -0.0, 0.0, 0.0, -1.0, 0.341622, -0.0, -1.0, 0.0, -0.0, 0.0, 0.0, 0.0, 1.0],
                [-1.0, 0.0, -0.0, -0.0, 0.0, -0.0, -1.0, 0.341622, -0.0, -1.0, 0.0, 0.0, 0.0, 0.0, 0.0, 1.0]
            ]
        },
        {
            "name": "Shoulder_L",
            "time": [0.0, 0.05, 0.1833, 0.4],
            "transform": [
                [0.937329, 0.266973, -0.223918, -0.0, 0.206498, 0.092008, 0.974111, 0.4, 0.280664, -0.959302, 0.031113, -0.0, 0.0, 0.0, 0.0, 1.0],
                [0.937329, 0.266973, -0.223918, 0.0, 0.206498, 0.092008, 0.974111, 0.4, 0.280664, -0.959302, 0.031113, 0.0, 0.0, 0.0, 0.0, 1.0],
                [0.937329, 0.266973, -0.223918, 0.0, 0.206498, 0.092008, 0.974111, 0.4, 0.280664, -0.959302, 0.031113, 0.0, 0.0, 0.0, 0.0, 1.0],
                [0.937329, 0.266973, -0.223918, -0.0, 0.206498, 0.092008, 0.974111, 0.4, 0.280664, -0.959302, 0.031113, -0.0, 0.0, 0.0, 0.0, 1.0]
            ]
        },
        {
            "name": "Arm_L",
            "time": [0.0, 0.05, 0.1833, 0.4],
            "transform": [
                [-0.050369, 0.84401, 0.533957, -0.0, 0.324376, 0.519476, -0.790522, 0.39386, -0.944586, 0.133385, -0.299943, 0.0, 0.0, 0.0, 0.0, 1.0],
                [0.059623, 0.93077, 0.36071, 0.0, 0.331124, 0.322452, -0.886782, 0.39386, -0.941702, 0.172312, -0.288975, -0.0, 0.0, 0.0, 0.0, 1.0],
                [0.04439, 0.921489, 0.385859, 0.0, 0.331635, 0.350745, -0.875783, 0.39386, -0.942363, 0.166841, -0.290028, 0.0, 0.0, 0.0, 0.0, 1.0],
                [-0.050369, 0.84401, 0.533957, -0.0, 0.324376, 0.519476, -0.790522, 0.39386, -0.944586, 0.133385, -0.299943, 0.0, 0.0, 0.0, 0.0, 1.0]
            ]
        },
        {
            "name": "Hand_L",
            "time": [0.0, 0.05, 0.1833, 0.4],
            "transform": [
                [0.999993, -0.001541, -0.00347, -0.0, 0.000938, 0.985901, -0.167329, 0.3, 0.003679, 0.167324, 0.985895, -0.0, 0.0, 0.0, 0.0, 1.0],
                [0.999993, -0.001541, -0.00347, -0.0, 0.000938, 0.985901, -0.167329, 0.3, 0.003679, 0.167324, 0.985895, 0.0, 0.0, 0.0, 0.0, 1.0],
                [0.999993, -0.001541, -0.00347, 0.0, 0.000938, 0.985901, -0.167329, 0.3, 0.003679, 0.167324, 0.985895, 0.0, 0.0, 0.0, 0.0, 1.0],
                [0.999993, -0.001541, -0.00347, -0.0, 0.000938, 0.985901, -0.167329, 0.3, 0.003679, 0.167324, 0.985895, -0.0, 0.0, 0.0, 0.0, 1.0]
            ]
        },
        {
            "name": "Tool_L",
            "time": [0.0, 0.05, 0.1833, 0.4],
            "transform": [
                [0.997004, 0.01104, -0.076554, 0.0, -0.036659, -0.804079, -0.593391, 0.272858, -0.068067, 0.594062, -0.8008, -0.0, 0.0, 0.0, 0.0, 1.0],
                [0.997004, 0.01104, -0.076554, 0.0, -0.036659, -0.804079, -0.593391, 0.272858, -0.068067, 0.594062, -0.8008, -0.0, 0.0, 0.0, 0.0, 1.0],
                [0.997004, 0.01104, -0.076554, -0.0, -0.036659, -0.804079, -0.593391, 0.272858, -0.068067, 0.594062, -0.8008, -0.0, 0.0, 0.0, 0.0, 1.0],
                [0.997004, 0.01104, -0.076554, 0.0, -0.036659, -0.804079, -0.593391, 0.272858, -0.068067, 0.594062, -0.8008, -0.0, 0.0, 0.0, 0.0, 1.0]
            ]
        },
        {
            "name": "Elbow_L",
            "time": [0.0, 0.05, 0.1833, 0.4],
            "transform": [
                [-1.0, 0.0, -0.0, 2.7e-05, 0.0, -0.0, -1.0, 0.334301, -0.0, -1.0, -0.0, -0.002121, 0.0, 0.0, 0.0, 1.0],
                [-1.0, 0.0, -0.0, 2.7e-05, 0.0, -0.0, -1.0, 0.334301, -0.0, -1.0, -0.0, -0.002121, 0.0, 0.0, 0.0, 1.0],
                [-1.0, 0.0, -0.0, 2.7e-05, 0.0, -0.0, -1.0, 0.334301, -0.0, -1.0, -0.0, -0.002121, 0.0, 0.0, 0.0, 1.0],
                [-1.0, 0.0, -0.0, 2.7e-05, 0.0, -0.0, -1.0, 0.334301, -0.0, -1.0, -0.0, -0.002121, 0.0, 0.0, 0.0, 1.0]
            ]
        }
    ]
}