{
    "animation": [
        {
            "name": "Root",
            "time": [0.0, 0.15, 0.3333, 0.6833, 2.2667, 2.6833, 3.05, 3.4833, 3.7833, 4.15, 4.5],
            "transform": [
                [0.854339, 0.028643, -0.518927, -0.000196, -0.51914, 0.0, -0.854689, 0.000946, -0.024481, 0.99959, 0.01487, 0.74699, 0.0, 0.0, 0.0, 1.0],
                [0.857432, 0.200048, -0.474121, -0.000196, -0.513292, 0.26691, -0.815653, 0.000946, -0.036622, 0.94273, 0.33154, 0.94433, 0.0, 0.0, 0.0, 1.0],
                [0.859427, 0.013321, -0.511085, -0.000196, -0.509349, -0.064011, -0.858176, 0.000946, -0.044147, 0.99786, -0.048227, 1.068834, 0.0, 0.0, 0.0, 1.0],
                [0.863043, 0.003159, -0.50512, -0.000196, -0.501878, -0.107913, -0.85818, 0.000946, -0.05722, 0.994155, -0.091548, 1.289852, 0.0, 0.0, 0.0, 1.0],
                [0.863043, 0.003159, -0.50512, -0.000196, -0.501878, -0.107913, -0.85818, 0.000946, -0.05722, 0.994155, -0.091548, 1.402141, 0.0, 0.0, 0.0, 1.0],
                [0.863043, 0.003159, -0.50512, -0.000196, -0.501878, -0.107913, -0.85818, 0.000946, -0.05722, 0.994155, -0.091548, 1.156112, 0.0, 0.0, 0.0, 1.0],
                [0.863043, 0.003159, -0.50512, -0.000196, -0.476934, 0.334515, -0.812793, 0.000946, 0.166403, 0.942385, 0.290208, 0.442388, 0.0, 0.0, 0.0, 1.0],
                [0.863043, 0.003159, -0.50512, 0.011682, -0.476934, 0.334515, -0.812793, 0.001058, 0.166403, 0.942385, 0.290208, 0.494532, 0.0, 0.0, 0.0, 1.0],
                [0.862746, 0.004505, -0.505618, 0.011107, -0.480448, 0.31899, -0.816955, 0.001052, 0.157607, 0.947747, 0.277371, 0.528697, 0.0, 0.0, 0.0, 1.0],
                [0.855671, 0.02585, -0.516873, 0.001259, -0.517519, 0.041668, -0.854657, 0.00096, -0.000556, 0.998797, 0.049032, 0.723073, 0.0, 0.0, 0.0, 1.0],
                [0.854339, 0.028643, -0.518927, -0.000196, -0.51914, 0.0, -0.854689, 0.000946, -0.024481, 0.99959, 0.01487, 0.74699, 0.0, 0.0, 0.0, 1.0]
            ]
        },
        {
            "name": "Thigh_R",
            "time": [0.0, 0.15, 0.3333, 0.6833, 0.7833, 0.8833, 0.9833, 1.1167, 1.2167, 1.3333, 1.4667, 1.5667, 1.7167, 1.8333, 1.9333, 2.0667, 2.2667, 2.6833, 2.85, 3.05, 3.4833, 3.7833, 4.15, 4.5],
            "transform": [
                [0.988545, 0.148801, -0.025238, 0.124994, 0.148718, -0.988864, -0.005161, -0.002831, -0.025725, 0.001349, -0.999668, -1.2e-05, 0.0, 0.0, 0.0, 1.0],
                [0.997933, -0.064085, -0.004612, 0.124994, -0.054527, -0.88268, 0.466798, -0.002831, -0.033986, -0.46558, -0.884353, -1.2e-05, 0.0, 0.0, 0.0, 1.0],
                [0.988545, 0.150918, 0.001551, 0.124994, 0.148718, -0.972273, -0.180453, -0.002831, -0.025725, 0.178617, -0.983582, -1.2e-05, 0.0, 0.0, 0.0, 1.0],
                [0.988545, 0.149601, 0.019959, 0.124994, 0.148718, -0.942981, -0.297767, -0.002831, -0.025725, 0.297325, -0.95443, -1.2e-05, 0.0, 0.0, 0.0, 1.0],
                [0.973114, 0.22217, 0.060732, 0.124994, 0.226802, -0.878405, -0.420668, -0.002831, -0.040113, 0.423132, -0.90518, -1.2e-05, 0.0, 0.0, 0.0, 1.0],
                [0.997328, -0.072089, -0.011814, 0.124994, -0.061241, -0.913257, 0.402749, -0.002831, -0.039823, -0.400949, -0.915235, -1.2e-05, 0.0, 0.0, 0.0, 1.0],
                [0.997328, -0.058732, 0.043439, 0.124994, -0.061241, -0.348054, 0.935472, -0.002831, -0.039823, -0.935631, -0.350722, -1.2e-05, 0.0, 0.0, 0.0, 1.0],
                [0.997328, -0.070684, -0.018444, 0.124994, -0.061241, -0.946653, 0.316377, -0.002831, -0.039823, -0.314401, -0.948455, -1.2e-05, 0.0, 0.0, 0.0, 1.0],
                [0.958998, 0.279427, 0.047356, 0.124994, 0.28328, -0.950179, -0.130036, -0.002831, 0.008661, 0.138119, -0.990378, -1.2e-05, 0.0, 0.0, 0.0, 1.0],
                [0.973114, 0.22217, 0.060732, 0.124994, 0.226802, -0.878405, -0.420668, -0.002831, -0.040113, 0.423132, -0.90518, -1.2e-05, 0.0, 0.0, 0.0, 1.0],
                [0.997328, -0.072089, -0.011814, 0.124994, -0.061241, -0.913257, 0.402749, -0.002831, -0.039823, -0.400949, -0.915235, -1.2e-05, 0.0, 0.0, 0.0, 1.0],
                [0.997328, -0.058732, 0.043439, 0.124994, -0.061241, -0.348054, 0.935472, -0.002831, -0.039823, -0.935631, -0.350722, -1.2e-05, 0.0, 0.0, 0.0, 1.0],
                [0.997328, -0.070684, -0.018444, 0.124994, -0.061241, -0.946653, 0.316377, -0.002831, -0.039823, -0.314401, -0.948455, -1.2e-05, 0.0, 0.0, 0.0, 1.0],
                [0.997328, -0.072089, -0.011814, 0.124994, -0.061241, -0.913257, 0.402749, -0.002831, -0.039823, -0.400949, -0.915235, -1.2e-05, 0.0, 0.0, 0.0, 1.0],
                [0.997328, -0.058732, 0.043439, 0.124994, -0.061241, -0.348054, 0.935472, -0.002831, -0.039823, -0.935631, -0.350722, -1.2e-05, 0.0, 0.0, 0.0, 1.0],
                [0.997328, -0.070684, -0.018444, 0.124994, -0.061241, -0.946653, 0.316377, -0.002831, -0.039823, -0.314401, -0.948455, -1.2e-05, 0.0, 0.0, 0.0, 1.0],
                [0.958998, 0.279427, 0.047356, 0.124994, 0.28328, -0.950179, -0.130036, -0.002831, 0.008661, 0.138119, -0.990378, -1.2e-05, 0.0, 0.0, 0.0, 1.0],
                [0.958998, 0.254356, -0.125001, 0.124994, 0.28328, -0.8468, 0.4502, -0.002831, 0.00866, -0.467149, -0.884136, -1.2e-05, 0.0, 0.0, 0.0, 1.0],
                [0.983222, 0.179246, -0.033832, 0.124994, 0.182286, -0.958629, 0.218627, -0.002831, 0.006756, -0.221125, -0.975222, -1.2e-05, 0.0, 0.0, 0.0, 1.0],
                [0.896888, 0.335338, -0.288338, 0.124994, 0.440962, -0.628223, 0.641005, -0.002831, 0.033813, -0.702054, -0.711319, -1.2e-05, 0.0, 0.0, 0.0, 1.0],
                [0.896888, 0.309783, -0.315634, 0.124994, 0.440962, -0.571831, 0.69178, -0.002831, 0.033813, -0.75963, -0.649474, -1.2e-05, 0.0, 0.0, 0.0, 1.0],
                [0.904328, 0.305197, -0.298406, 0.124994, 0.426193, -0.60718, 0.67059, -0.002831, 0.023476, -0.73361, -0.679164, -1.2e-05, 0.0, 0.0, 0.0, 1.0],
                [0.98235, 0.179882, -0.051276, 0.124994, 0.184085, -0.978352, 0.094527, -0.002831, -0.033163, -0.102297, -0.994201, -1.2e-05, 0.0, 0.0, 0.0, 1.0],
                [0.988545, 0.148801, -0.025238, 0.124994, 0.148718, -0.988864, -0.005161, -0.002831, -0.025725, 0.001349, -0.999668, -1.2e-05, 0.0, 0.0, 0.0, 1.0]
            ]
        },
        {
            "name": "Leg_R",
            "time": [0.0, 0.15, 0.3333, 0.6833, 0.8833, 1.1167, 1.4667, 1.7167, 1.8333, 2.0667, 2.2667, 2.6833, 2.85, 3.05, 3.4833, 3.7833, 4.15, 4.5],
            "transform": [
                [1.0, -0.0, 1e-06, -0.0, 0.0, 0.997612, 0.069073, 0.37472, -1e-06, -0.069073, 0.997611, -0.0, 0.0, 0.0, 0.0, 1.0],
                [1.0, -0.0, 1e-06, -0.0, 0.0, 0.997612, 0.069073, 0.37472, -1e-06, -0.069073, 0.997611, -0.0, 0.0, 0.0, 0.0, 1.0],
                [1.0, -0.0, 1e-06, 0.0, 0.0, 0.997612, 0.069073, 0.37472, -1e-06, -0.069073, 0.997611, 0.0, 0.0, 0.0, 0.0, 1.0],
                [1.0, -0.0, 1e-06, -0.0, 0.0, 0.997612, 0.069073, 0.37472, -1e-06, -0.069073, 0.997611, -0.0, 0.0, 0.0, 0.0, 1.0],
                [1.0, -1e-06, 0.0, -0.0, 0.0, 0.24641, 0.969165, 0.37472, -1e-06, -0.969167, 0.246409, -0.0, 0.0, 0.0, 0.0, 1.0],
                [1.0, -0.0, 1e-06, -0.0, 0.0, 0.970096, 0.242725, 0.37472, -1e-06, -0.242725, 0.970094, 0.0, 0.0, 0.0, 0.0, 1.0],
                [1.0, -1e-06, 0.0, 0.0, 0.0, 0.24641, 0.969165, 0.37472, -1e-06, -0.969167, 0.246409, -0.0, 0.0, 0.0, 0.0, 1.0],
                [1.0, -0.0, 1e-06, 0.0, 0.0, 0.970096, 0.242725, 0.37472, -1e-06, -0.242725, 0.970094, -0.0, 0.0, 0.0, 0.0, 1.0],
                [1.0, -1e-06, 0.0, -0.0, 0.0, 0.24641, 0.969165, 0.37472, -1e-06, -0.969167, 0.246409, -0.0, 0.0, 0.0, 0.0, 1.0],
                [1.0, -0.0, 1e-06, -0.0, 0.0, 0.970096, 0.242725, 0.37472, -1e-06, -0.242725, 0.970094, 0.0, 0.0, 0.0, 0.0, 1.0],
                [1.0, -0.0, 1e-06, -0.0, 0.0, 0.970096, 0.242725, 0.37472, -1e-06, -0.242725, 0.970094, -0.0, 0.0, 0.0, 0.0, 1.0],
                [1.0, -1e-06, 1e-06, -0.0, 0.0, 0.622934, 0.782274, 0.37472, -1e-06, -0.782275, 0.622933, -0.0, 0.0, 0.0, 0.0, 1.0],
                [1.0, -0.0, 1e-06, 0.0, 0.0, 0.9902, 0.139665, 0.37472, -1e-06, -0.139665, 0.990198, -0.0, 0.0, 0.0, 0.0, 1.0],
                [1.0, -1e-06, 0.0, 0.0, -0.0, 0.259872, 0.965642, 0.37472, -1e-06, -0.965644, 0.259872, 0.0, 0.0, 0.0, 0.0, 1.0],
                [1.0, -1e-06, 0.0, 0.0, -0.0, 0.259872, 0.965642, 0.37472, -1e-06, -0.965644, 0.259872, -0.0, 0.0, 0.0, 0.0, 1.0],
                [1.0, -1e-06, 0.0, -0.0, -0.0, 0.314161, 0.949369, 0.37472, -1e-06, -0.949371, 0.31416, 0.0, 0.0, 0.0, 0.0, 1.0],
                [1.0, -0.0, 1e-06, -0.0, -0.0, 0.977091, 0.212823, 0.37472, -1e-06, -0.212824, 0.97709, -0.0, 0.0, 0.0, 0.0, 1.0],
                [1.0, -0.0, 1e-06, -0.0, 0.0, 0.997612, 0.069073, 0.37472, -1e-06, -0.069073, 0.997611, -0.0, 0.0, 0.0, 0.0, 1.0]
            ]
        },
        {
            "name": "Knee_R",
            "time": [0.0, 0.15, 0.3333, 0.6833, 2.2667, 2.6833, 3.05, 3.4833, 3.7833, 4.15, 4.5],
            "transform": [
                [1.0, 0.0, -0.0, -0.0, -0.0, 1e-06, -1.0, 0.37472, -0.0, 1.0, 1e-06, -0.0, 0.0, 0.0, 0.0, 1.0],
                [1.0, 0.0, -0.0, -0.0, -0.0, 1e-06, -1.0, 0.37472, -0.0, 1.0, 1e-06, -0.0, 0.0, 0.0, 0.0, 1.0],
                [1.0, 0.0, -0.0, 0.0, -0.0, 1e-06, -1.0, 0.37472, -0.0, 1.0, 1e-06, 0.0, 0.0, 0.0, 0.0, 1.0],
                [1.0, 0.0, -0.0, -0.0, -0.0, 1e-06, -1.0, 0.37472, -0.0, 1.0, 1e-06, -0.0, 0.0, 0.0, 0.0, 1.0],
                [1.0, 0.0, -0.0, -0.0, -0.0, 1e-06, -1.0, 0.37472, -0.0, 1.0, 1e-06, -0.0, 0.0, 0.0, 0.0, 1.0],
                [1.0, 0.0, -0.0, -0.0, -0.0, 1e-06, -1.0, 0.37472, -0.0, 1.0, 1e-06, -0.0, 0.0, 0.0, 0.0, 1.0],
                [1.0, 0.0, -0.0, 0.0, -0.0, 1e-06, -1.0, 0.37472, -0.0, 1.0, 1e-06, 0.0, 0.0, 0.0, 0.0, 1.0],
                [1.0, 0.0, -0.0, 0.0, -0.0, 1e-06, -1.0, 0.37472, -0.0, 1.0, 1e-06, -0.0, 0.0, 0.0, 0.0, 1.0],
                [1.0, 0.0, -0.0, -0.0, -0.0, 1e-06, -1.0, 0.37472, -0.0, 1.0, 1e-06, 0.0, 0.0, 0.0, 0.0, 1.0],
                [1.0, 0.0, -0.0, -0.0, -0.0, 1e-06, -1.0, 0.37472, -0.0, 1.0, 1e-06, -0.0, 0.0, 0.0, 0.0, 1.0],
                [1.0, 0.0, -0.0, -0.0, -0.0, 1e-06, -1.0, 0.37472, -0.0, 1.0, 1e-06, -0.0, 0.0, 0.0, 0.0, 1.0]
            ]
        },
        {
            "name": "Thigh_L",
            "time": [0.0, 0.15, 0.3333, 0.6833, 0.7833, 0.8833, 0.9833, 1.1167, 1.2167, 1.3333, 1.4667, 1.5667, 1.7167, 1.8333, 1.9333, 2.0667, 2.2667, 2.6833, 2.85, 3.05, 3.4833, 3.7833, 4.15, 4.5],
            "transform": [
                [0.869242, -0.150522, -0.470913, -0.125006, -0.021407, -0.96309, 0.268325, -0.002831, -0.493921, -0.223159, -0.840382, -1.2e-05, 0.0, 0.0, 0.0, 1.0],
                [0.869242, -0.225159, -0.440136, -0.125006, -0.021407, -0.906577, 0.421497, -0.002831, -0.493921, -0.356961, -0.792856, -1.2e-05, 0.0, 0.0, 0.0, 1.0],
                [0.867867, -0.054946, -0.493748, -0.125006, -0.021488, -0.997087, 0.073188, -0.002831, -0.496331, -0.052907, -0.866519, -1.2e-05, 0.0, 0.0, 0.0, 1.0],
                [0.869242, -0.43486, -0.235188, -0.125006, -0.021407, -0.50838, 0.860867, -0.002831, -0.493921, -0.743268, -0.451215, -1.2e-05, 0.0, 0.0, 0.0, 1.0],
                [0.869242, -0.471052, -0.15009, -0.125006, -0.021407, -0.339167, 0.940482, -0.002831, -0.493921, -0.814295, -0.304903, -1.2e-05, 0.0, 0.0, 0.0, 1.0],
                [0.869243, -0.058745, -0.490882, -0.125006, -0.021407, -0.996456, 0.081341, -0.002831, -0.493921, -0.060197, -0.86742, -1.2e-05, 0.0, 0.0, 0.0, 1.0],
                [0.915694, -0.148732, -0.37334, -0.125006, -0.229396, -0.956223, -0.181699, -0.002831, -0.329972, 0.252024, -0.909726, -1.2e-05, 0.0, 0.0, 0.0, 1.0],
                [0.915694, -0.303257, -0.263704, -0.125006, -0.229396, -0.933201, 0.27661, -0.002831, -0.329972, -0.192797, -0.924092, -1.2e-05, 0.0, 0.0, 0.0, 1.0],
                [0.915694, -0.382925, 0.121955, -0.125006, -0.229395, -0.248873, 0.940978, -0.002831, -0.329972, -0.889624, -0.315733, -1.2e-05, 0.0, 0.0, 0.0, 1.0],
                [0.869242, -0.471052, -0.15009, -0.125006, -0.021407, -0.339167, 0.940482, -0.002831, -0.493921, -0.814295, -0.304903, -1.2e-05, 0.0, 0.0, 0.0, 1.0],
                [0.869243, -0.058745, -0.490882, -0.125006, -0.021407, -0.996456, 0.081341, -0.002831, -0.493921, -0.060197, -0.86742, -1.2e-05, 0.0, 0.0, 0.0, 1.0],
                [0.915694, -0.148732, -0.37334, -0.125006, -0.229396, -0.956223, -0.181699, -0.002831, -0.329972, 0.252024, -0.909726, -1.2e-05, 0.0, 0.0, 0.0, 1.0],
                [0.915694, -0.303257, -0.263704, -0.125006, -0.229396, -0.933201, 0.27661, -0.002831, -0.329972, -0.192797, -0.924092, -1.2e-05, 0.0, 0.0, 0.0, 1.0],
                [0.869243, -0.058745, -0.490882, -0.125006, -0.021407, -0.996456, 0.081341, -0.002831, -0.493921, -0.060197, -0.86742, -1.2e-05, 0.0, 0.0, 0.0, 1.0],
                [0.915694, -0.148732, -0.37334, -0.125006, -0.229396, -0.956223, -0.181699, -0.002831, -0.329972, 0.252024, -0.909726, -1.2e-05, 0.0, 0.0, 0.0, 1.0],
                [0.915694, -0.303257, -0.263704, -0.125006, -0.229396, -0.933201, 0.27661, -0.002831, -0.329972, -0.192797, -0.924092, -1.2e-05, 0.0, 0.0, 0.0, 1.0],
                [0.915694, -0.382925, 0.121955, -0.125006, -0.229395, -0.248873, 0.940978, -0.002831, -0.329972, -0.889624, -0.315733, -1.2e-05, 0.0, 0.0, 0.0, 1.0],
                [0.596175, -0.793538, 0.121955, -0.125006, -0.323776, -0.098635, 0.940978, -0.002831, -0.734672, -0.600474, -0.315733, -1.2e-05, 0.0, 0.0, 0.0, 1.0],
                [0.604719, -0.764924, -0.221824, -0.125006, -0.259278, -0.452423, 0.853281, -0.002831, -0.753053, -0.458481, -0.471917, -1.2e-05, 0.0, 0.0, 0.0, 1.0],
                [0.635961, -0.737288, 0.227946, -0.125006, -0.184667, 0.141401, 0.972576, -0.002831, -0.7493, -0.660615, -0.046228, -1.2e-05, 0.0, 0.0, 0.0, 1.0],
                [0.635961, -0.755334, 0.15819, -0.125006, -0.184667, 0.050078, 0.981524, -0.002831, -0.7493, -0.653424, -0.107638, -1.2e-05, 0.0, 0.0, 0.0, 1.0],
                [0.656023, -0.750727, 0.07773, -0.125006, -0.198414, -0.072179, 0.977457, -0.002831, -0.728193, -0.656657, -0.196306, -1.2e-05, 0.0, 0.0, 0.0, 1.0],
                [0.857039, -0.248271, -0.451492, -0.125006, -0.061556, -0.919317, 0.388673, -0.002831, -0.51156, -0.305316, -0.803173, -1.2e-05, 0.0, 0.0, 0.0, 1.0],
                [0.869242, -0.150522, -0.470913, -0.125006, -0.021407, -0.96309, 0.268325, -0.002831, -0.493921, -0.223159, -0.840382, -1.2e-05, 0.0, 0.0, 0.0, 1.0]
            ]
        },
        {
            "name": "Leg_L",
            "time": [0.0, 0.15, 0.3333, 0.6833, 0.8833, 0.9833, 1.1167, 1.2167, 1.4667, 1.5667, 1.7167, 1.8333, 1.9333, 2.0667, 2.2667, 2.6833, 2.85, 3.05, 3.4833, 3.7833, 4.15, 4.5],
            "transform": [
                [0.998576, 0.053341, 0.000405, -0.0, -0.051599, 0.963981, 0.260918, 0.37472, 0.013527, -0.260567, 0.965361, -0.0, 0.0, 0.0, 0.0, 1.0],
                [0.998576, 0.052806, -0.007553, -0.0, -0.051599, 0.992108, 0.114274, 0.37472, 0.013527, -0.113722, 0.993421, -0.0, 0.0, 0.0, 0.0, 1.0],
                [0.998576, 0.035803, 0.039543, -0.0, -0.051599, 0.460342, 0.886241, 0.37472, 0.013527, -0.887019, 0.461534, -0.0, 0.0, 0.0, 0.0, 1.0],
                [0.998576, 0.009362, 0.052515, 0.0, -0.0516, -0.080122, 0.995449, 0.37472, 0.013527, -0.996741, -0.079525, -0.0, 0.0, 0.0, 0.0, 1.0],
                [0.998576, 0.048705, 0.021757, -0.0, -0.0516, 0.778513, 0.625504, 0.37472, 0.013527, -0.625736, 0.779918, 0.0, 0.0, 0.0, 0.0, 1.0],
                [0.998576, 0.053307, 0.001952, -0.0, -0.0516, 0.956005, 0.288776, 0.37472, 0.013527, -0.288465, 0.957395, -0.0, 0.0, 0.0, 0.0, 1.0],
                [0.998576, 0.036934, 0.038489, -0.0, -0.0516, 0.48583, 0.872529, 0.37472, 0.013527, -0.873272, 0.487045, 0.0, 0.0, 0.0, 0.0, 1.0],
                [0.998576, 0.002656, 0.053277, 0.0, -0.0516, -0.205172, 0.977366, 0.37472, 0.013527, -0.978722, -0.204743, -0.0, 0.0, 0.0, 0.0, 1.0],
                [0.998576, 0.048705, 0.021757, -0.0, -0.0516, 0.778513, 0.625504, 0.37472, 0.013527, -0.625736, 0.779918, 0.0, 0.0, 0.0, 0.0, 1.0],
                [0.998576, 0.053307, 0.001952, -0.0, -0.0516, 0.956005, 0.288776, 0.37472, 0.013527, -0.288465, 0.957395, 0.0, 0.0, 0.0, 0.0, 1.0],
                [0.998576, 0.036934, 0.038489, 0.0, -0.0516, 0.48583, 0.872529, 0.37472, 0.013527, -0.873272, 0.487045, 0.0, 0.0, 0.0, 0.0, 1.0],
                [0.998576, 0.048705, 0.021757, -0.0, -0.0516, 0.778513, 0.625504, 0.37472, 0.013527, -0.625736, 0.779918, 0.0, 0.0, 0.0, 0.0, 1.0],
                [0.998576, 0.053307, 0.001952, 0.0, -0.0516, 0.956005, 0.288776, 0.37472, 0.013527, -0.288465, 0.957395, 0.0, 0.0, 0.0, 0.0, 1.0],
                [0.998576, 0.036934, 0.038489, -0.0, -0.0516, 0.48583, 0.872529, 0.37472, 0.013527, -0.873272, 0.487045, 0.0, 0.0, 0.0, 0.0, 1.0],
                [0.998576, 0.002656, 0.053277, 0.0, -0.0516, -0.205172, 0.977366, 0.37472, 0.013527, -0.978722, -0.204743, -0.0, 0.0, 0.0, 0.0, 1.0],
                [0.998576, 0.002656, 0.053277, 0.0, -0.0516, -0.205172, 0.977365, 0.37472, 0.013527, -0.978722, -0.204743, 0.0, 0.0, 0.0, 0.0, 1.0],
                [0.998576, 0.039501, 0.035849, -0.0, -0.0516, 0.544851, 0.836944, 0.37472, 0.013527, -0.837601, 0.546114, -0.0, 0.0, 0.0, 0.0, 1.0],
                [0.998576, 0.026985, 0.046014, -0.0, -0.0516, 0.269904, 0.961504, 0.37472, 0.013527, -0.962509, 0.270912, -0.0, 0.0, 0.0, 0.0, 1.0],
                [0.998576, 0.026985, 0.046014, 0.0, -0.0516, 0.269904, 0.961504, 0.37472, 0.013527, -0.962509, 0.270912, 0.0, 0.0, 0.0, 0.0, 1.0],
                [0.998576, 0.029166, 0.044664, -0.0, -0.0516, 0.315806, 0.94742, 0.37472, 0.013527, -0.948375, 0.316861, 0.0, 0.0, 0.0, 0.0, 1.0],
                [0.998576, 0.05289, 0.006937, -0.0, -0.051599, 0.924754, 0.37705, 0.37472, 0.013527, -0.376871, 0.926167, 0.0, 0.0, 0.0, 0.0, 1.0],
                [0.998576, 0.053341, 0.000405, -0.0, -0.051599, 0.963981, 0.260918, 0.37472, 0.013527, -0.260567, 0.965361, -0.0, 0.0, 0.0, 0.0, 1.0]
            ]
        },
        {
            "name": "Knee_L",
            "time": [0.0, 0.15, 0.3333, 0.6833, 2.2667, 2.6833, 3.05, 3.4833, 3.7833, 4.15, 4.5],
            "transform": [
                [1.0, 0.0, -0.0, -0.0, -0.0, 1e-06, -1.0, 0.37472, -0.0, 1.0, 1e-06, -0.0, 0.0, 0.0, 0.0, 1.0],
                [1.0, 0.0, -0.0, -0.0, -0.0, 1e-06, -1.0, 0.37472, -0.0, 1.0, 1e-06, -0.0, 0.0, 0.0, 0.0, 1.0],
                [1.0, 0.0, -0.0, -0.0, -0.0, 1e-06, -1.0, 0.37472, -0.0, 1.0, 1e-06, -0.0, 0.0, 0.0, 0.0, 1.0],
                [1.0, 0.0, -0.0, 0.0, -0.0, 1e-06, -1.0, 0.37472, -0.0, 1.0, 1e-06, -0.0, 0.0, 0.0, 0.0, 1.0],
                [1.0, 0.0, -0.0, 0.0, -0.0, 1e-06, -1.0, 0.37472, -0.0, 1.0, 1e-06, -0.0, 0.0, 0.0, 0.0, 1.0],
                [1.0, 0.0, -0.0, 0.0, -0.0, 1e-06, -1.0, 0.37472, -0.0, 1.0, 1e-06, 0.0, 0.0, 0.0, 0.0, 1.0],
                [1.0, 0.0, -0.0, -0.0, -0.0, 1e-06, -1.0, 0.37472, -0.0, 1.0, 1e-06, -0.0, 0.0, 0.0, 0.0, 1.0],
                [1.0, 0.0, -0.0, 0.0, -0.0, 1e-06, -1.0, 0.37472, -0.0, 1.0, 1e-06, 0.0, 0.0, 0.0, 0.0, 1.0],
                [1.0, 0.0, -0.0, -0.0, -0.0, 1e-06, -1.0, 0.37472, -0.0, 1.0, 1e-06, 0.0, 0.0, 0.0, 0.0, 1.0],
                [1.0, 0.0, -0.0, -0.0, -0.0, 1e-06, -1.0, 0.37472, -0.0, 1.0, 1e-06, 0.0, 0.0, 0.0, 0.0, 1.0],
                [1.0, 0.0, -0.0, -0.0, -0.0, 1e-06, -1.0, 0.37472, -0.0, 1.0, 1e-06, -0.0, 0.0, 0.0, 0.0, 1.0]
            ]
        },
        {
            "name": "Torso",
            "time": [0.0, 0.15, 0.3333, 0.6833, 0.7833, 0.9333, 1.05, 1.3167, 1.8833, 2.0, 2.2667, 2.6833, 3.05, 3.4833, 3.7833, 4.15, 4.5],
            "transform": [
                [0.999042, -0.043673, -0.002705, 0.0, 0.04367, 0.999045, -0.001423, 0.05, 0.002765, 0.001304, 0.999995, -0.0, 0.0, 0.0, 0.0, 1.0],
                [0.999042, -0.043717, -0.001872, -0.0, 0.04367, 0.998837, -0.020469, 0.05, 0.002765, 0.020368, 0.999789, 0.0, 0.0, 0.0, 0.0, 1.0],
                [0.999042, -0.04365, -0.002964, -0.0, 0.043662, 0.999037, 0.004439, 0.05, 0.002767, -0.004564, 0.999986, -0.0, 0.0, 0.0, 0.0, 1.0],
                [0.999042, -0.041893, -0.012637, -0.0, 0.04367, 0.972813, 0.227437, 0.05, 0.002765, -0.227771, 0.973711, -0.0, 0.0, 0.0, 0.0, 1.0],
                [0.999042, -0.042858, -0.008827, -0.0, 0.04367, 0.989297, 0.139232, 0.05, 0.002765, -0.139484, 0.990221, -0.0, 0.0, 0.0, 0.0, 1.0],
                [0.999042, -0.04356, -0.004146, -0.0, 0.04367, 0.998547, 0.031566, 0.05, 0.002765, -0.031716, 0.999493, -0.0, 0.0, 0.0, 0.0, 1.0],
                [0.999042, -0.04301, -0.008054, -0.0, 0.04367, 0.991643, 0.121399, 0.05, 0.002765, -0.121635, 0.992571, 0.0, 0.0, 0.0, 0.0, 1.0],
                [0.999042, -0.042576, -0.010098, 0.0, 0.04367, 0.984715, 0.16861, 0.05, 0.002765, -0.168889, 0.985631, -0.0, 0.0, 0.0, 0.0, 1.0],
                [0.999042, -0.04356, -0.004146, -0.0, 0.04367, 0.998547, 0.031566, 0.05, 0.002765, -0.031716, 0.999493, -0.0, 0.0, 0.0, 0.0, 1.0],
                [0.999042, -0.04301, -0.008054, -0.0, 0.04367, 0.991643, 0.121399, 0.05, 0.002765, -0.121635, 0.992571, 0.0, 0.0, 0.0, 0.0, 1.0],
                [0.999042, -0.042576, -0.010098, -0.0, 0.04367, 0.984715, 0.16861, 0.05, 0.002765, -0.168889, 0.985631, -0.0, 0.0, 0.0, 0.0, 1.0],
                [0.999042, -0.042576, -0.010098, 0.0, 0.04367, 0.984715, 0.16861, 0.05, 0.002765, -0.168889, 0.985631, -0.0, 0.0, 0.0, 0.0, 1.0],
                [0.974433, -0.217402, -0.056725, 0.0, 0.223415, 0.9108, 0.347174, 0.05, -0.023812, -0.350971, 0.936083, 0.0, 0.0, 0.0, 0.0, 1.0],
                [0.974433, -0.217402, -0.056725, -0.0, 0.223415, 0.9108, 0.347174, 0.05, -0.023812, -0.350971, 0.936083, 0.0, 0.0, 0.0, 0.0, 1.0],
                [0.976345, -0.209694, -0.052724, -0.0, 0.215193, 0.918637, 0.331357, 0.05, -0.02105, -0.334865, 0.942031, -0.0, 0.0, 0.0, 0.0, 1.0],
                [0.997805, -0.065961, -0.00588, 0.0, 0.066152, 0.996905, 0.04248, 0.05, 0.00306, -0.042776, 0.99908, 0.0, 0.0, 0.0, 0.0, 1.0],
                [0.999042, -0.043673, -0.002705, 0.0, 0.04367, 0.999045, -0.001423, 0.05, 0.002765, 0.001304, 0.999995, -0.0, 0.0, 0.0, 0.0, 1.0]
            ]
        },
        {
            "name": "Chest",
            "time": [0.0, 0.15, 0.3333, 0.6833, 0.9333, 1.05, 1.3167, 1.55, 1.8833, 2.0, 2.2667, 2.6833, 3.05, 3.4833, 3.7833, 4.15, 4.5],
            "transform": [
                [0.999771, -0.021316, -0.002029, 0.0, 0.021411, 0.994316, 0.104295, 0.3, -0.000206, -0.104315, 0.994544, -0.0, 0.0, 0.0, 0.0, 1.0],
                [0.999771, -0.017953, -0.01167, 0.0, 0.021411, 0.83297, 0.552904, 0.3, -0.000206, -0.553027, 0.833163, -0.0, 0.0, 0.0, 0.0, 1.0],
                [0.999771, -0.018956, -0.009959, 0.0, 0.021411, 0.880552, 0.473465, 0.3, -0.000206, -0.473569, 0.880756, -0.0, 0.0, 0.0, 0.0, 1.0],
                [0.999771, -0.019938, 0.007809, 0.0, 0.021411, 0.934379, -0.355636, 0.3, -0.000206, 0.355721, 0.934592, -0.0, 0.0, 0.0, 0.0, 1.0],
                [0.999771, -0.021402, 0.000668, 0.0, 0.021411, 0.999538, -0.021572, 0.3, -0.000206, 0.021581, 0.999767, -0.0, 0.0, 0.0, 0.0, 1.0],
                [0.999771, -0.021129, -0.003475, 0.0, 0.021411, 0.984916, 0.171705, 0.3, -0.000206, -0.17174, 0.985143, 0.0, 0.0, 0.0, 0.0, 1.0],
                [0.999771, -0.021211, 0.002933, 0.0, 0.021411, 0.991614, -0.127445, 0.3, -0.000206, 0.127479, 0.991841, 0.0, 0.0, 0.0, 0.0, 1.0],
                [0.999771, -0.021159, -0.003285, -0.0, 0.021411, 0.986418, 0.162854, 0.3, -0.000206, -0.162887, 0.986645, -0.0, 0.0, 0.0, 0.0, 1.0],
                [0.999771, -0.021402, 0.000668, 0.0, 0.021411, 0.999538, -0.021572, 0.3, -0.000206, 0.021581, 0.999767, 0.0, 0.0, 0.0, 0.0, 1.0],
                [0.999771, -0.021129, -0.003475, 0.0, 0.021411, 0.984916, 0.171705, 0.3, -0.000206, -0.17174, 0.985143, 0.0, 0.0, 0.0, 0.0, 1.0],
                [0.999771, -0.021159, -0.003285, -0.0, 0.021411, 0.986418, 0.162854, 0.3, -0.000206, -0.162887, 0.986645, 0.0, 0.0, 0.0, 0.0, 1.0],
                [0.999771, -0.021159, -0.003285, -0.0, 0.021411, 0.986418, 0.162854, 0.3, -0.000206, -0.162887, 0.986645, 0.0, 0.0, 0.0, 0.0, 1.0],
                [0.978588, -0.196162, -0.062342, 0.0, 0.205296, 0.908401, 0.364228, 0.3, -0.014816, -0.369227, 0.929221, 0.0, 0.0, 0.0, 0.0, 1.0],
                [0.973201, -0.21734, -0.075124, 0.0, 0.229286, 0.89218, 0.389156, 0.3, -0.017555, -0.395952, 0.918104, 0.0, 0.0, 0.0, 0.0, 1.0],
                [0.975465, -0.208629, -0.070297, -0.0, 0.219623, 0.900025, 0.376458, 0.3, -0.015271, -0.382661, 0.923763, 0.0, 0.0, 0.0, 0.0, 1.0],
                [0.998886, -0.046551, -0.007746, -0.0, 0.047179, 0.988902, 0.140877, 0.3, 0.001102, -0.141085, 0.989997, -0.0, 0.0, 0.0, 0.0, 1.0],
                [0.999771, -0.021316, -0.002029, 0.0, 0.021411, 0.994316, 0.104295, 0.3, -0.000206, -0.104315, 0.994544, -0.0, 0.0, 0.0, 0.0, 1.0]
            ]
        },
        {
            "name": "Head",
            "time": [0.0, 0.15, 0.3333, 0.6833, 2.2667, 2.6833, 3.05, 3.4833, 3.7833, 4.15, 4.5],
            "transform": [
                [0.85311, 0.037721, 0.520365, -0.0, -0.006297, 0.998055, -0.062025, 0.4, -0.521692, 0.049637, 0.851689, -0.0, 0.0, 0.0, 0.0, 1.0],
                [0.85311, 0.096815, 0.512669, -0.0, -0.006297, 0.984471, -0.175435, 0.4, -0.521692, 0.146437, 0.840472, -0.0, 0.0, 0.0, 0.0, 1.0],
                [0.853111, -0.171997, 0.492564, 0.0, -0.006297, 0.940634, 0.339364, 0.4, -0.521692, -0.292617, 0.801382, 0.0, 0.0, 0.0, 0.0, 1.0],
                [0.85311, 0.196896, 0.483151, 0.0, -0.006297, 0.929873, -0.367827, 0.4, -0.521692, 0.310755, 0.794524, 0.0, 0.0, 0.0, 0.0, 1.0],
                [0.853111, 0.196896, 0.483151, 0.0, -0.006297, 0.929873, -0.367827, 0.4, -0.521692, 0.310755, 0.794524, 0.0, 0.0, 0.0, 0.0, 1.0],
                [0.853111, 0.196896, 0.483151, -0.0, -0.006297, 0.929873, -0.367827, 0.4, -0.521692, 0.310755, 0.794524, -0.0, 0.0, 0.0, 0.0, 1.0],
                [0.85311, 0.196896, 0.483151, 0.0, -0.006297, 0.929873, -0.367827, 0.4, -0.521692, 0.310755, 0.794524, -0.0, 0.0, 0.0, 0.0, 1.0],
                [0.85311, -0.011805, 0.521597, -0.0, -0.006297, 0.999438, 0.032918, 0.4, -0.521692, -0.031367, 0.852557, -0.0, 0.0, 0.0, 0.0, 1.0],
                [0.85311, -0.009408, 0.521645, -0.0, -0.006297, 0.999579, 0.028325, 0.4, -0.521692, -0.027449, 0.852692, 0.0, 0.0, 0.0, 0.0, 1.0],
                [0.85311, 0.031663, 0.520769, -0.0, -0.006297, 0.998709, -0.050406, 0.4, -0.521692, 0.039723, 0.852209, 0.0, 0.0, 0.0, 0.0, 1.0],
                [0.85311, 0.037721, 0.520365, -0.0, -0.006297, 0.998055, -0.062025, 0.4, -0.521692, 0.049637, 0.851689, -0.0, 0.0, 0.0, 0.0, 1.0]
            ]
        },
        {
            "name": "Shoulder_R",
            "time": [0.0, 0.15, 0.3333, 0.6833, 2.2667, 2.6833, 3.05, 3.4833, 3.7833, 4.15, 4.5],
            "transform": [
                [0.110305, 0.959352, 0.259762, -0.0, 0.091141, -0.270019, 0.958532, 0.4, 0.98971, -0.082056, -0.11722, -0.0, 0.0, 0.0, 0.0, 1.0],
                [0.110305, 0.959352, 0.259762, -0.0, 0.091141, -0.270019, 0.958532, 0.4, 0.98971, -0.082056, -0.11722, -0.0, 0.0, 0.0, 0.0, 1.0],
                [0.110305, 0.959352, 0.259762, 0.0, 0.091141, -0.270019, 0.958532, 0.4, 0.98971, -0.082056, -0.11722, 0.0, 0.0, 0.0, 0.0, 1.0],
                [0.110305, 0.959352, 0.259762, 0.0, 0.091141, -0.270019, 0.958532, 0.4, 0.98971, -0.082056, -0.11722, 0.0, 0.0, 0.0, 0.0, 1.0],
                [0.110305, 0.959352, 0.259762, 0.0, 0.091141, -0.270019, 0.958532, 0.4, 0.98971, -0.082056, -0.11722, 0.0, 0.0, 0.0, 0.0, 1.0],
                [0.110305, 0.959352, 0.259762, -0.0, 0.091141, -0.270019, 0.958532, 0.4, 0.98971, -0.082056, -0.11722, -0.0, 0.0, 0.0, 0.0, 1.0],
                [0.486201, 0.834345, 0.259762, 0.0, -0.02494, -0.283892, 0.958532, 0.4, 0.873491, -0.472518, -0.11722, -0.0, 0.0, 0.0, 0.0, 1.0],
                [0.486201, 0.834345, 0.259762, -0.0, -0.02494, -0.283892, 0.958532, 0.4, 0.873491, -0.472518, -0.11722, -0.0, 0.0, 0.0, 0.0, 1.0],
                [0.469526, 0.843841, 0.259762, -0.0, -0.019294, -0.284331, 0.958532, 0.4, 0.882707, -0.455068, -0.11722, 0.0, 0.0, 0.0, 0.0, 1.0],
                [0.158485, 0.952579, 0.259762, -0.0, 0.077425, -0.274266, 0.958532, 0.4, 0.984321, -0.131801, -0.11722, 0.0, 0.0, 0.0, 0.0, 1.0],
                [0.110305, 0.959352, 0.259762, -0.0, 0.091141, -0.270019, 0.958532, 0.4, 0.98971, -0.082056, -0.11722, -0.0, 0.0, 0.0, 0.0, 1.0]
            ]
        },
        {
            "name": "Arm_R",
            "time": [0.0, 0.15, 0.3333, 0.6833, 1.2667, 1.4333, 1.6333, 2.2667, 2.6833, 3.05, 3.4833, 3.7833, 4.15, 4.5],
            "transform": [
                [0.016005, -0.035545, -0.99924, -0.0, 0.894149, 0.447767, -0.001606, 0.393861, 0.447483, -0.893444, 0.038949, 0.0, 0.0, 0.0, 0.0, 1.0],
                [-0.141595, -0.733227, -0.665078, 0.0, 0.915578, 0.158446, -0.369609, 0.39386, 0.376387, -0.661266, 0.648892, 0.0, 0.0, 0.0, 0.0, 1.0],
                [-0.19668, -0.766536, -0.611342, -0.0, 0.859433, 0.165319, -0.483782, 0.39386, 0.471902, -0.620558, 0.626272, -0.0, 0.0, 0.0, 0.0, 1.0],
                [-0.056595, -0.986126, -0.156051, 0.0, 0.618488, 0.088069, -0.780843, 0.39386, 0.783753, -0.140707, 0.604923, 0.0, 0.0, 0.0, 0.0, 1.0],
                [-0.056595, -0.997303, 0.046726, -0.0, 0.618488, -0.071761, -0.782511, 0.393861, 0.783753, -0.015387, 0.620882, -0.0, 0.0, 0.0, 0.0, 1.0],
                [-0.056595, -0.987997, -0.143732, -0.0, 0.618488, 0.078318, -0.781881, 0.39386, 0.783753, -0.133147, 0.606632, -0.0, 0.0, 0.0, 0.0, 1.0],
                [-0.056595, -0.995907, 0.070468, 0.0, 0.618488, -0.090379, -0.780579, 0.393861, 0.783753, -0.000594, 0.621072, 0.0, 0.0, 0.0, 0.0, 1.0],
                [-0.056595, -0.986126, -0.156051, -0.0, 0.618488, 0.08807, -0.780843, 0.39386, 0.783753, -0.140707, 0.604923, -0.0, 0.0, 0.0, 0.0, 1.0],
                [-0.056595, -0.949416, -0.308879, -0.0, 0.618488, 0.209523, -0.757345, 0.393861, 0.783753, -0.2339, 0.575345, -0.0, 0.0, 0.0, 0.0, 1.0],
                [-0.056595, -0.826675, -0.559826, 0.0, 0.618488, 0.411146, -0.66965, 0.39386, 0.783753, -0.384144, 0.48802, 0.0, 0.0, 0.0, 0.0, 1.0],
                [-0.056595, -0.933183, -0.354916, 0.0, 0.618488, 0.246291, -0.746199, 0.39386, 0.783753, -0.261743, 0.563224, 0.0, 0.0, 0.0, 0.0, 1.0],
                [-0.077189, -0.91275, -0.40116, -0.0, 0.647214, 0.260188, -0.716531, 0.393861, 0.75839, -0.314945, 0.570661, 0.0, 0.0, 0.0, 0.0, 1.0],
                [-0.01935, -0.16888, -0.985447, -0.0, 0.877868, 0.468854, -0.097587, 0.393861, 0.478511, -0.866981, 0.139182, 0.0, 0.0, 0.0, 0.0, 1.0],
                [0.016005, -0.035545, -0.99924, -0.0, 0.894149, 0.447767, -0.001606, 0.393861, 0.447483, -0.893444, 0.038949, 0.0, 0.0, 0.0, 0.0, 1.0]
            ]
        },
        {
            "name": "Hand_R",
            "time": [0.0, 0.15, 0.3333, 0.6833, 2.2667, 2.6833, 3.05, 3.4833, 3.7833, 4.15, 4.5],
            "transform": [
                [0.999998, -0.000876, 0.001599, -0.0, 0.000868, 0.999986, 0.005244, 0.3, -0.001603, -0.005243, 0.999985, 0.0, 0.0, 0.0, 0.0, 1.0],
                [0.988331, -0.069785, -0.135396, 0.0, 0.072836, 0.997187, 0.017709, 0.3, 0.133779, -0.027364, 0.990633, -0.0, 0.0, 0.0, 0.0, 1.0],
                [0.96323, -0.105187, -0.24723, -0.0, 0.123222, 0.990648, 0.0586, 0.3, 0.238754, -0.086909, 0.967183, -0.0, 0.0, 0.0, 0.0, 1.0],
                [0.92865, -0.364649, 0.068124, 0.0, -0.04542, -0.294032, -0.954716, 0.3, 0.368167, 0.883502, -0.289615, -0.0, 0.0, 0.0, 0.0, 1.0],
                [0.92865, -0.364649, 0.068124, 0.0, -0.04542, -0.294032, -0.954716, 0.3, 0.368167, 0.883502, -0.289615, 0.0, 0.0, 0.0, 0.0, 1.0],
                [0.92865, -0.364649, 0.068124, 0.0, -0.04542, -0.294032, -0.954716, 0.3, 0.368167, 0.883502, -0.289615, -0.0, 0.0, 0.0, 0.0, 1.0],
                [0.992178, -0.123346, -0.019217, -0.0, 0.103387, 0.898198, -0.42726, 0.3, 0.069962, 0.421931, 0.903925, -0.0, 0.0, 0.0, 0.0, 1.0],
                [0.992178, -0.116033, -0.046042, 0.0, 0.103387, 0.97049, -0.217855, 0.3, 0.069961, 0.21139, 0.974895, 0.0, 0.0, 0.0, 0.0, 1.0],
                [0.99338, -0.104673, -0.047332, -0.0, 0.095616, 0.981754, -0.164369, 0.3, 0.063673, 0.158755, 0.985263, -0.0, 0.0, 0.0, 0.0, 1.0],
                [0.999908, -0.012259, -0.005806, 0.0, 0.012191, 0.99986, -0.011481, 0.3, 0.005946, 0.011409, 0.999917, -0.0, 0.0, 0.0, 0.0, 1.0],
                [0.999998, -0.000876, 0.001599, -0.0, 0.000868, 0.999986, 0.005244, 0.3, -0.001603, -0.005243, 0.999985, 0.0, 0.0, 0.0, 0.0, 1.0]
            ]
        },
        {
            "name": "Tool_R",
            "time": [0.0, 0.15, 0.3333, 0.6833, 2.2667, 2.6833, 3.05, 3.4833, 3.7833, 4.15, 4.5],
            "transform": [
                [0.976086, -0.063799, 0.207812, 0.015054, -0.000916, -0.957162, -0.28955, 0.243316, 0.217254, 0.282258, -0.933781, 0.024459, 0.0, 0.0, 0.0, 1.0],
                [0.976086, -0.063799, 0.207812, 0.015054, -0.000916, -0.957162, -0.28955, 0.243316, 0.217254, 0.282258, -0.933781, 0.024459, 0.0, 0.0, 0.0, 1.0],
                [0.976086, -0.063799, 0.207812, 0.015054, -0.000916, -0.957162, -0.28955, 0.243316, 0.217254, 0.282258, -0.933781, 0.024459, 0.0, 0.0, 0.0, 1.0],
                [0.976086, -0.063799, 0.207812, 0.015054, -0.000916, -0.957162, -0.28955, 0.243316, 0.217254, 0.282258, -0.933781, 0.024459, 0.0, 0.0, 0.0, 1.0],
                [0.976086, -0.063799, 0.207811, 0.015054, -0.000916, -0.957162, -0.28955, 0.243316, 0.217254, 0.282258, -0.933781, 0.024459, 0.0, 0.0, 0.0, 1.0],
                [0.976086, -0.063799, 0.207812, 0.015053, -0.000916, -0.957162, -0.28955, 0.243316, 0.217254, 0.282258, -0.933781, 0.024459, 0.0, 0.0, 0.0, 1.0],
                [0.976086, -0.063799, 0.207812, 0.015054, -0.000916, -0.957162, -0.28955, 0.243316, 0.217254, 0.282258, -0.933781, 0.024459, 0.0, 0.0, 0.0, 1.0],
                [0.976086, -0.063799, 0.207812, 0.015054, -0.000916, -0.957162, -0.28955, 0.243316, 0.217254, 0.282258, -0.933781, 0.024459, 0.0, 0.0, 0.0, 1.0],
                [0.976086, -0.063799, 0.207812, 0.015054, -0.000916, -0.957162, -0.28955, 0.243316, 0.217254, 0.282258, -0.933781, 0.024459, 0.0, 0.0, 0.0, 1.0],
                [0.976086, -0.063799, 0.207812, 0.015054, -0.000916, -0.957162, -0.28955, 0.243316, 0.217254, 0.282258, -0.933781, 0.024459, 0.0, 0.0, 0.0, 1.0],
                [0.976086, -0.063799, 0.207812, 0.015054, -0.000916, -0.957162, -0.28955, 0.243316, 0.217254, 0.282258, -0.933781, 0.024459, 0.0, 0.0, 0.0, 1.0]
            ]
        },
        {
            "name": "Elbow_R",
            "time": [0.0, 0.15, 0.3333, 0.6833, 2.2667, 2.6833, 3.05, 3.4833, 3.7833, 4.15, 4.5],
            "transform": [
                [-1.0, 0.0, -0.0, -0.0, 0.0, -0.0, -1.0, 0.341622, -0.0, -1.0, 0.0, 0.0, 0.0, 0.0, 0.0, 1.0],
                [-1.0, 0.0, -0.0, 0.0, 0.0, -0.0, -1.0, 0.341622, -0.0, -1.0, 0.0, -0.0, 0.0, 0.0, 0.0, 1.0],
                [-1.0, 0.0, -0.0, -0.0, 0.0, -0.0, -1.0, 0.341622, -0.0, -1.0, 0.0, -0.0, 0.0, 0.0, 0.0, 1.0],
                [-1.0, 0.0, 0.0, 0.0, 0.0, -0.0, -1.0, 0.341622, -0.0, -1.0, 0.0, -0.0, 0.0, 0.0, 0.0, 1.0],
                [-1.0, 0.0, -0.0, 0.0, -0.0, -0.0, -1.0, 0.341622, -0.0, -1.0, 0.0, -0.0, 0.0, 0.0, 0.0, 1.0],
                [-1.0, 0.0, 0.0, 0.0, 0.0, -0.0, -1.0, 0.341622, -0.0, -1.0, 0.0, 0.0, 0.0, 0.0, 0.0, 1.0],
                [-1.0, 0.0, -0.0, -0.0, 0.0, -0.0, -1.0, 0.341622, -0.0, -1.0, 0.0, -0.0, 0.0, 0.0, 0.0, 1.0],
                [-1.0, 0.0, -0.0, -0.0, 0.0, -0.0, -1.0, 0.341622, -0.0, -1.0, 0.0, -0.0, 0.0, 0.0, 0.0, 1.0],
                [-1.0, 0.0, -0.0, -0.0, 0.0, -0.0, -1.0, 0.341622, -0.0, -1.0, 0.0, -0.0, 0.0, 0.0, 0.0, 1.0],
                [-1.0, 0.0, -0.0, 0.0, 0.0, -0.0, -1.0, 0.341622, -0.0, -1.0, 0.0, -0.0, 0.0, 0.0, 0.0, 1.0],
                [-1.0, 0.0, -0.0, -0.0, 0.0, -0.0, -1.0, 0.341622, -0.0, -1.0, 0.0, 0.0, 0.0, 0.0, 0.0, 1.0]
            ]
        },
        {
            "name": "Shoulder_L",
            "time": [0.0, 0.15, 0.3333, 0.6833, 2.2667, 2.6833, 3.05, 3.4833, 3.7833, 4.15, 4.5],
            "transform": [
                [-0.226937, -0.947819, -0.223918, -0.0, -0.021067, -0.225085, 0.974111, 0.4, -0.973681, 0.225779, 0.031113, -0.0, 0.0, 0.0, 0.0, 1.0],
                [-0.226937, -0.947819, -0.223918, -0.0, -0.021067, -0.225085, 0.974111, 0.4, -0.973681, 0.225779, 0.031113, -0.0, 0.0, 0.0, 0.0, 1.0],
                [-0.226937, -0.947819, -0.223918, 0.0, -0.021067, -0.225085, 0.974111, 0.4, -0.973682, 0.225779, 0.031113, 0.0, 0.0, 0.0, 0.0, 1.0],
                [-0.226937, -0.947819, -0.223918, 0.0, -0.021067, -0.225085, 0.974111, 0.4, -0.973681, 0.225779, 0.031113, 0.0, 0.0, 0.0, 0.0, 1.0],
                [-0.226937, -0.947819, -0.223918, 0.0, -0.021067, -0.225085, 0.974111, 0.4, -0.973682, 0.225779, 0.031113, 0.0, 0.0, 0.0, 0.0, 1.0],
                [-0.226937, -0.947819, -0.223918, -0.0, -0.021067, -0.225085, 0.974111, 0.4, -0.973682, 0.225779, 0.031113, -0.0, 0.0, 0.0, 0.0, 1.0],
                [-0.226937, -0.947819, -0.223918, 0.0, -0.021067, -0.225085, 0.974111, 0.4, -0.973681, 0.225779, 0.031113, -0.0, 0.0, 0.0, 0.0, 1.0],
                [-0.226937, -0.947819, -0.223918, -0.0, -0.021067, -0.225085, 0.974111, 0.4, -0.973682, 0.22578, 0.031113, -0.0, 0.0, 0.0, 0.0, 1.0],
                [-0.226937, -0.947819, -0.223918, -0.0, -0.021067, -0.225085, 0.974111, 0.4, -0.973681, 0.225779, 0.031113, 0.0, 0.0, 0.0, 0.0, 1.0],
                [-0.226937, -0.947819, -0.223918, -0.0, -0.021067, -0.225085, 0.974111, 0.4, -0.973682, 0.22578, 0.031113, 0.0, 0.0, 0.0, 0.0, 1.0],
                [-0.226937, -0.947819, -0.223918, -0.0, -0.021067, -0.225085, 0.974111, 0.4, -0.973681, 0.225779, 0.031113, -0.0, 0.0, 0.0, 0.0, 1.0]
            ]
        },
        {
            "name": "Arm_L",
            "time": [0.0, 0.15, 0.3333, 0.6833, 0.9667, 1.2667, 1.4333, 1.6333, 1.9167, 2.2667, 2.6833, 3.05, 3.4833, 3.7833, 4.15, 4.5],
            "transform": [
                [-0.368333, -0.025786, 0.929336, 0.0, -0.839661, 0.438368, -0.320628, 0.39386, -0.399124, -0.898425, -0.183117, -0.0, 0.0, 0.0, 0.0, 1.0],
                [-0.455243, 0.791998, 0.406807, -0.0, -0.247944, 0.326057, -0.912256, 0.39386, -0.855147, -0.516164, 0.047936, 0.0, 0.0, 0.0, 0.0, 1.0],
                [-0.673195, 0.664078, 0.325284, -0.0, -0.19205, 0.267782, -0.944145, 0.39386, -0.714091, -0.698064, -0.052734, 0.0, 0.0, 0.0, 0.0, 1.0],
                [-0.615792, 0.734925, -0.284053, 0.0, -0.213295, -0.502545, -0.837827, 0.39386, -0.758489, -0.455339, 0.466219, -0.0, 0.0, 0.0, 0.0, 1.0],
                [-0.615792, 0.762466, -0.19861, -0.0, -0.213295, -0.403978, -0.889554, 0.39386, -0.758489, -0.505418, 0.411397, -0.0, 0.0, 0.0, 0.0, 1.0],
                [-0.615792, 0.738467, -0.274711, -0.0, -0.213295, -0.491881, -0.844132, 0.39386, -0.758489, -0.461215, 0.460408, -0.0, 0.0, 0.0, 0.0, 1.0],
                [-0.615792, 0.777451, -0.127947, 0.0, -0.213296, -0.320814, -0.922813, 0.39386, -0.758489, -0.54097, 0.363381, 0.0, 0.0, 0.0, 0.0, 1.0],
                [-0.615792, 0.786395, -0.048817, -0.0, -0.213296, -0.226025, -0.950483, 0.39386, -0.758489, -0.574887, 0.306919, -0.0, 0.0, 0.0, 0.0, 1.0],
                [-0.615792, 0.762466, -0.19861, -0.0, -0.213295, -0.403978, -0.889554, 0.39386, -0.758489, -0.505418, 0.411397, -0.0, 0.0, 0.0, 0.0, 1.0],
                [-0.615792, 0.734925, -0.284053, 0.0, -0.213295, -0.502545, -0.837827, 0.39386, -0.758489, -0.455339, 0.466219, 0.0, 0.0, 0.0, 0.0, 1.0],
                [-0.615792, 0.773119, -0.151947, -0.0, -0.213296, -0.349219, -0.912442, 0.39386, -0.758489, -0.529465, 0.379949, 0.0, 0.0, 0.0, 0.0, 1.0],
                [-0.412914, 0.882572, -0.224874, 0.0, -0.16435, -0.315056, -0.934735, 0.39386, -0.895819, -0.349007, 0.275142, 0.0, 0.0, 0.0, 0.0, 1.0],
