{
    "animation": [
        {
            "name": "Root",
            "time": [0.0, 0.15, 0.8833],
            "transform": [
                [0.854171, 0.048341, -0.51774, -0.000196, -0.497068, -0.216465, -0.840278, 0.000946, -0.152693, 0.975093, -0.160869, 0.74699, 0.0, 0.0, 0.0, 1.0],
                [0.864036, 0.086958, -0.495863, -0.000196, -0.439268, -0.350957, -0.826966, 0.000946, -0.245938, 0.932345, -0.265041, 0.74699, 0.0, 0.0, 0.0, 1.0],
                [0.854339, 0.028643, -0.518927, -0.000196, -0.51914, 0.0, -0.854689, 0.000946, -0.024481, 0.99959, 0.01487, 0.74699, 0.0, 0.0, 0.0, 1.0]
            ]
        },
        {
            "name": "Thigh_R",
            "time": [0.0, 0.15, 0.4667, 0.8833],
            "transform": [
                [0.971526, -0.21127, 0.107243, 0.124994, -0.233921, -0.783394, 0.575823, -0.002831, -0.037641, -0.584512, -0.810511, -1.2e-05, 0.0, 0.0, 0.0, 1.0],
                [0.977507, -0.199249, 0.069136, 0.124994, -0.20426, -0.81278, 0.545586, -0.002831, -0.052515, -0.547434, -0.835199, -1.2e-05, 0.0, 0.0, 0.0, 1.0],
                [0.900295, -0.032595, -0.434058, 0.124994, 0.193548, -0.86321, 0.466267, -0.002831, -0.389881, -0.503788, -0.770837, -1.2e-05, 0.0, 0.0, 0.0, 1.0],
                [0.988545, 0.148801, -0.025238, 0.124994, 0.148718, -0.988864, -0.005161, -0.002831, -0.025725, 0.001349, -0.999668, -1.2e-05, 0.0, 0.0, 0.0, 1.0]
            ]
        },
        {
            "name": "Leg_R",
            "time": [0.0, 0.15, 0.4667, 0.8833],
            "transform": [
                [1.0, -0.0, 1e-06, 0.0, 0.0, 0.997612, 0.069073, 0.37472, -1e-06, -0.069073, 0.997611, 0.0, 0.0, 0.0, 0.0, 1.0],
                [1.0, -0.0, 1e-06, 0.0, 0.0, 0.997612, 0.069073, 0.37472, -1e-06, -0.069073, 0.997611, 0.0, 0.0, 0.0, 0.0, 1.0],
                [1.0, -1e-06, 1e-06, 0.0, 0.0, 0.690766, 0.723078, 0.37472, -1e-06, -0.723079, 0.690765, -0.0, 0.0, 0.0, 0.0, 1.0],
                [1.0, -0.0, 1e-06, -0.0, 0.0, 0.997612, 0.069073, 0.37472, -1e-06, -0.069073, 0.997611, -0.0, 0.0, 0.0, 0.0, 1.0]
            ]
        },
        {
            "name": "Knee_R",
            "time": [0.0, 0.15, 0.8833],
            "transform": [
                [1.0, 0.0, -0.0, 0.0, -0.0, 1e-06, -1.0, 0.37472, -0.0, 1.0, 1e-06, 0.0, 0.0, 0.0, 0.0, 1.0],
                [1.0, -0.0, -0.0, 0.0, -0.0, 1e-06, -1.0, 0.37472, -0.0, 1.0, 1e-06, 0.0, 0.0, 0.0, 0.0, 1.0],
                [1.0, 0.0, -0.0, -0.0, -0.0, 1e-06, -1.0, 0.37472, -0.0, 1.0, 1e-06, -0.0, 0.0, 0.0, 0.0, 1.0]
            ]
        },
        {
            "name": "Thigh_L",
            "time": [0.0, 0.15, 0.4667, 0.8833],
            "transform": [
                [0.808554, -0.546389, -0.218399, -0.125006, -0.079283, -0.468939, 0.879664, -0.002831, -0.583055, -0.693942, -0.422482, -1.2e-05, 0.0, 0.0, 0.0, 1.0],
                [0.826701, -0.503319, -0.251466, -0.125006, -0.073322, -0.539502, 0.838785, -0.002831, -0.557842, -0.674987, -0.482912, -1.2e-05, 0.0, 0.0, 0.0, 1.0],
                [0.889517, 0.122977, -0.440039, -0.125006, 0.011488, -0.968812, -0.247531, -0.002831, -0.456755, 0.215129, -0.863188, -1.2e-05, 0.0, 0.0, 0.0, 1.0],
                [0.869242, -0.150522, -0.470913, -0.125006, -0.021407, -0.96309, 0.268325, -0.002831, -0.493921, -0.223159, -0.840382, -1.2e-05, 0.0, 0.0, 0.0, 1.0]
            ]
        },
        {
            "name": "Leg_L",
            "time": [0.0, 0.15, 0.4667, 0.8833],
            "transform": [
                [0.998576, 0.039719, 0.035608, -0.0, -0.051599, 0.549953, 0.8336, 0.37472, 0.013527, -0.83425, 0.55122, -0.0, 0.0, 0.0, 0.0, 1.0],
                [0.998576, 0.009047, 0.05257, 0.0, -0.051599, -0.086096, 0.99495, 0.37472, 0.013527, -0.996246, -0.085507, -0.0, 0.0, 0.0, 0.0, 1.0],
                [0.998576, 0.05333, 0.001197, -0.0, -0.051599, 0.959999, 0.275206, 0.37472, 0.013527, -0.274876, 0.961385, -0.0, 0.0, 0.0, 0.0, 1.0],
                [0.998576, 0.053341, 0.000405, -0.0, -0.051599, 0.963981, 0.260918, 0.37472, 0.013527, -0.260567, 0.965361, -0.0, 0.0, 0.0, 0.0, 1.0]
            ]
        },
        {
            "name": "Knee_L",
            "time": [0.0, 0.15, 0.8833],
            "transform": [
                [1.0, 0.0, -0.0, -0.0, -0.0, 1e-06, -1.0, 0.37472, -0.0, 1.0, 1e-06, -0.0, 0.0, 0.0, 0.0, 1.0],
                [1.0, 0.0, -0.0, 0.0, -0.0, 0.545284, -0.838251, 0.37472, -0.0, 0.838251, 0.545284, -0.0, 0.0, 0.0, 0.0, 1.0],
                [1.0, 0.0, -0.0, -0.0, -0.0, 1e-06, -1.0, 0.37472, -0.0, 1.0, 1e-06, -0.0, 0.0, 0.0, 0.0, 1.0]
            ]
        },
        {
            "name": "Torso",
            "time": [0.0, 0.15, 0.4667, 0.8833],
            "transform": [
                [0.997708, 0.045908, 0.049719, 0.0, -0.038641, 0.989628, -0.138356, 0.05, -0.055555, 0.136118, 0.989134, -0.0, 0.0, 0.0, 0.0, 1.0],
                [0.999041, 0.022473, 0.037573, 0.0, -0.018486, 0.994481, -0.103275, 0.05, -0.039687, 0.102481, 0.993943, -0.0, 0.0, 0.0, 0.0, 1.0],
                [0.981252, -0.175591, -0.079443, -0.0, 0.187779, 0.963862, 0.188972, 0.05, 0.04339, -0.200347, 0.978764, -0.0, 0.0, 0.0, 0.0, 1.0],
                [0.999042, -0.043673, -0.002705, 0.0, 0.04367, 0.999045, -0.001423, 0.05, 0.002765, 0.001304, 0.999995, -0.0, 0.0, 0.0, 0.0, 1.0]
            ]
        },
        {
            "name": "Chest",
            "time": [0.0, 0.15, 0.8833],
            "transform": [
                [0.999771, -0.015601, -0.014667, 0.0, 0.021411, 0.721793, 0.691778, 0.3, -0.000206, -0.691933, 0.721961, 0.0, 0.0, 0.0, 0.0, 1.0],
                [0.999771, -0.017818, -0.011875, 0.0, 0.021411, 0.826583, 0.562408, 0.3, -0.000206, -0.562533, 0.826775, 0.0, 0.0, 0.0, 0.0, 1.0],
                [0.999771, -0.021316, -0.002029, 0.0, 0.021411, 0.994316, 0.104295, 0.3, -0.000206, -0.104315, 0.994544, -0.0, 0.0, 0.0, 0.0, 1.0]
            ]
        },
        {
            "name": "Head",
            "time": [0.0, 0.15, 0.8833],
            "transform": [
                [0.853111, -0.150682, 0.499497, -0.0, -0.006297, 0.954343, 0.298648, 0.4, -0.521692, -0.257925, 0.813211, -0.0, 0.0, 0.0, 0.0, 1.0],
                [0.85311, -0.103763, 0.511308, 0.0, -0.006297, 0.977904, 0.20896, 0.4, -0.521692, -0.181485, 0.833607, 0.0, 0.0, 0.0, 0.0, 1.0],
                [0.85311, 0.037721, 0.520365, -0.0, -0.006297, 0.998055, -0.062025, 0.4, -0.521692, 0.049637, 0.851689, -0.0, 0.0, 0.0, 0.0, 1.0]
            ]
        },
        {
            "name": "Shoulder_R",
            "time": [0.0, 0.15, 0.8833],
            "transform": [
                [0.110305, 0.959352, 0.259762, -0.0, 0.091141, -0.270019, 0.958532, 0.4, 0.98971, -0.082056, -0.11722, -0.0, 0.0, 0.0, 0.0, 1.0],
                [0.110305, 0.959352, 0.259762, 0.0, 0.091141, -0.270018, 0.958532, 0.4, 0.98971, -0.082056, -0.11722, 0.0, 0.0, 0.0, 0.0, 1.0],
                [0.110305, 0.959352, 0.259762, -0.0, 0.091141, -0.270019, 0.958532, 0.4, 0.98971, -0.082056, -0.11722, -0.0, 0.0, 0.0, 0.0, 1.0]
            ]
        },
        {
            "name": "Arm_R",
            "time": [0.0, 0.15, 0.4667, 0.8833],
            "transform": [
                [0.181503, 0.371127, -0.910671, 0.0, 0.648348, 0.651121, 0.394572, 0.39386, 0.739393, -0.662047, -0.122439, 0.0, 0.0, 0.0, 0.0, 1.0],
                [0.155594, 0.266819, -0.951104, 0.0, 0.725464, 0.622615, 0.293347, 0.39386, 0.670442, -0.735634, -0.096692, -0.0, 0.0, 0.0, 0.0, 1.0],
                [0.236698, 0.125994, -0.963379, -0.0, 0.748141, 0.608994, 0.263461, 0.39386, 0.619886, -0.783104, 0.049886, -0.0, 0.0, 0.0, 0.0, 1.0],
                [0.016005, -0.035545, -0.99924, -0.0, 0.894149, 0.447767, -0.001606, 0.393861, 0.447483, -0.893444, 0.038949, 0.0, 0.0, 0.0, 0.0, 1.0]
            ]
        },
        {
            "name": "Hand_R",
            "time": [0.0, 0.15, 0.4667, 0.8833],
            "transform": [
                [0.999998, 0.000683, 0.00169, -0.0, 0.000868, 0.63694, -0.770913, 0.3, -0.001603, 0.770913, 0.636938, 0.0, 0.0, 0.0, 0.0, 1.0],
                [0.999998, 0.000293, 0.0018, 0.0, 0.000868, 0.791401, -0.611297, 0.3, -0.001603, 0.611297, 0.7914, -0.0, 0.0, 0.0, 0.0, 1.0],
                [0.999998, 0.000345, 0.00179, -0.0, 0.000868, 0.773372, -0.633952, 0.3, -0.001603, 0.633953, 0.77337, -0.0, 0.0, 0.0, 0.0, 1.0],
                [0.999998, -0.000876, 0.001599, -0.0, 0.000868, 0.999986, 0.005244, 0.3, -0.001603, -0.005243, 0.999985, 0.0, 0.0, 0.0, 0.0, 1.0]
            ]
        },
        {
            "name": "Tool_R",
            "time": [0.0, 0.15, 0.8833],
            "transform": [
                [0.976086, -0.063799, 0.207812, 0.015053, -0.000916, -0.957162, -0.28955, 0.243316, 0.217254, 0.282258, -0.933781, 0.024459, 0.0, 0.0, 0.0, 1.0],
                [0.976086, -0.063799, 0.207812, 0.015054, -0.000916, -0.957162, -0.28955, 0.243316, 0.217254, 0.282258, -0.933781, 0.024459, 0.0, 0.0, 0.0, 1.0],
                [0.976086, -0.063799, 0.207812, 0.015054, -0.000916, -0.957162, -0.28955, 0.243316, 0.217254, 0.282258, -0.933781, 0.024459, 0.0, 0.0, 0.0, 1.0]
            ]
        },
        {
            "name": "Elbow_R",
            "time": [0.0, 0.15, 0.8833],
            "transform": [
                [-1.0, 0.0, -0.0, 0.0, 0.0, -0.0, -1.0, 0.341622, -0.0, -1.0, -0.0, -0.0, 0.0, 0.0, 0.0, 1.0],
                [-1.0, 0.0, -0.0, 0.0, 0.0, -0.0, -1.0, 0.341622, -0.0, -1.0, 0.0, -0.0, 0.0, 0.0, 0.0, 1.0],
                [-1.0, 0.0, -0.0, -0.0, 0.0, -0.0, -1.0, 0.341622, -0.0, -1.0, 0.0, 0.0, 0.0, 0.0, 0.0, 1.0]
            ]
        },
        {
            "name": "Shoulder_L",
            "time": [0.0, 0.15, 0.8833],
            "transform": [
                [-0.226937, -0.947819, -0.223918, -0.0, -0.021067, -0.225085, 0.974111, 0.4, -0.973682, 0.225779, 0.031113, -0.0, 0.0, 0.0, 0.0, 1.0],
                [-0.226937, -0.947819, -0.223918, 0.0, -0.021067, -0.225085, 0.974111, 0.4, -0.973681, 0.225779, 0.031113, 0.0, 0.0, 0.0, 0.0, 1.0],
                [-0.226937, -0.947819, -0.223918, -0.0, -0.021067, -0.225085, 0.974111, 0.4, -0.973681, 0.225779, 0.031113, -0.0, 0.0, 0.0, 0.0, 1.0]
            ]
        },
        {
            "name": "Arm_L",
            "time": [0.0, 0.15, 0.4667, 0.8833],
            "transform": [
                [-0.081868, 0.898171, 0.431956, -0.0, 0.304662, 0.435218, -0.847211, 0.39386, -0.948936, 0.062241, -0.309269, -0.0, 0.0, 0.0, 0.0, 1.0],
                [-0.290709, 0.758211, 0.583613, -0.0, 0.022281, 0.615155, -0.788091, 0.39386, -0.956552, -0.216101, -0.195725, 0.0, 0.0, 0.0, 0.0, 1.0],
                [-0.222943, 0.42111, 0.879183, 0.0, -0.592074, 0.657986, -0.4653, 0.39386, -0.774432, -0.624276, 0.102635, 0.0, 0.0, 0.0, 0.0, 1.0],
                [-0.368333, -0.025786, 0.929336, 0.0, -0.839661, 0.438368, -0.320628, 0.39386, -0.399124, -0.898425, -0.183117, -0.0, 0.0, 0.0, 0.0, 1.0]
            ]
        },
        {
            "name": "Hand_L",
            "time": [0.0, 0.15, 0.8833],
            "transform": [
                [0.999993, -0.003729, 0.000717, -0.0, 0.000938, 0.059652, -0.998219, 0.3, 0.003679, 0.998213, 0.059655, 0.0, 0.0, 0.0, 0.0, 1.0],
                [0.999993, -0.003759, -0.000538, 0.0, 0.000938, 0.381768, -0.924258, 0.3, 0.003679, 0.92425, 0.381769, -0.0, 0.0, 0.0, 0.0, 1.0],
                [0.999993, -0.001541, -0.00347, 0.0, 0.000938, 0.985901, -0.167329, 0.3, 0.003679, 0.167324, 0.985895, -0.0, 0.0, 0.0, 0.0, 1.0]
            ]
        },
        {
            "name": "Tool_L",
            "time": [0.0, 0.15, 0.8833],
            "transform": [
                [0.997004, 0.01104, -0.076554, 0.0, -0.036659, -0.804079, -0.593391, 0.272858, -0.068067, 0.594062, -0.8008, -0.0, 0.0, 0.0, 0.0, 1.0],
                [0.997004, 0.01104, -0.076554, -0.0, -0.036659, -0.804079, -0.593391, 0.272858, -0.068067, 0.594062, -0.8008, -0.0, 0.0, 0.0, 0.0, 1.0],
                [0.997004, 0.01104, -0.076554, -0.0, -0.036659, -0.804079, -0.593391, 0.272858, -0.068067, 0.594062, -0.8008, -0.0, 0.0, 0.0, 0.0, 1.0]
            ]
        },
        {
            "name": "Elbow_L",
            "time": [0.0, 0.15, 0.8833],
            "transform": [
                [-1.0, 0.0, 0.0, 2.7e-05, 0.0, 0.602581, -0.798058, 0.334301, -0.0, -0.798058, -0.602581, -0.002121, 0.0, 0.0, 0.0, 1.0],
                [-1.0, 0.0, 0.0, 2.7e-05, 0.0, 0.464649, -0.885495, 0.334301, -0.0, -0.885495, -0.464649, -0.002121, 0.0, 0.0, 0.0, 1.0],
                [-1.0, 0.0, -0.0, 2.7e-05, 0.0, -0.0, -1.0, 0.334302, -0.0, -1.0, -0.0, -0.002121, 0.0, 0.0, 0.0, 1.0]
            ]
        }
    ]
}