{
    "animation": [
        {
            "name": "Root",
            "time": [0.0, 0.25, 0.5167, 0.8667, 1.0, 1.3667, 2.0833],
            "transform": [
                [0.854339, 0.028643, -0.518927, -0.000196, -0.51914, 0.0, -0.854689, 0.000946, -0.024481, 0.99959, 0.01487, 0.74699, 0.0, 0.0, 0.0, 1.0],
                [0.198795, 0.043899, -0.979057, -0.059977, -0.966737, 0.17283, -0.188544, -0.581154, 0.160934, 0.983973, 0.076797, 0.499589, 0.0, 0.0, 0.0, 1.0],
                [0.201102, 0.019494, -0.979376, -0.09529, -0.972074, 0.127428, -0.197066, -0.61455, 0.120958, 0.991656, 0.044576, 0.595157, 0.0, 0.0, 0.0, 1.0],
                [0.913305, -0.136367, -0.383768, -0.05597, -0.365084, 0.143533, -0.919843, -0.00725, 0.180519, 0.980205, 0.081304, 0.651699, 0.0, 0.0, 0.0, 1.0],
                [0.744103, -0.068545, 0.664539, -0.033758, 0.667395, 0.12082, -0.734838, 0.679972, -0.029921, 0.990305, 0.135649, 0.461929, 0.0, 0.0, 0.0, 1.0],
                [0.680348, -0.051404, 0.731084, -0.012624, 0.730264, 0.131895, -0.670312, 0.666683, -0.06197, 0.98993, 0.127273, 0.565432, 0.0, 0.0, 0.0, 1.0],
                [0.854339, 0.028643, -0.518927, -0.000196, -0.51914, 0.0, -0.854689, 0.000946, -0.024481, 0.99959, 0.01487, 0.74699, 0.0, 0.0, 0.0, 1.0]
            ]
        },
        {
            "name": "Thigh_R",
            "time": [0.0, 0.25, 0.5167, 0.8667, 1.0, 1.3667, 1.7, 2.0833],
            "transform": [
                [0.988545, 0.148801, -0.025238, 0.124994, 0.148718, -0.988864, -0.005161, -0.002831, -0.025725, 0.001349, -0.999668, -1.2e-05, 0.0, 0.0, 0.0, 1.0],
                [0.847557, 0.515268, -0.127059, 0.124994, 0.508356, -0.719509, 0.473158, -0.002831, 0.152383, -0.465619, -0.871767, -1.2e-05, 0.0, 0.0, 0.0, 1.0],
                [0.938279, 0.333935, -0.090108, 0.124994, 0.34494, -0.922602, 0.17268, -0.002831, -0.02547, -0.193103, -0.980848, -1.2e-05, 0.0, 0.0, 0.0, 1.0],
                [0.863821, 0.311156, -0.396226, 0.124994, 0.502864, -0.580413, 0.640506, -0.002831, -0.030678, -0.752528, -0.657844, -1.2e-05, 0.0, 0.0, 0.0, 1.0],
                [0.867467, 0.49628, -0.034725, 0.124994, 0.170091, -0.230265, 0.958148, -0.002831, 0.467514, -0.837066, -0.284161, -1.2e-05, 0.0, 0.0, 0.0, 1.0],
                [0.821174, 0.550256, 0.151295, 0.124994, 0.101566, -0.401799, 0.910078, -0.002831, 0.561567, -0.731964, -0.385836, -1.2e-05, 0.0, 0.0, 0.0, 1.0],
                [0.929729, 0.356944, 0.090518, 0.124994, 0.211329, -0.718487, 0.662657, -0.002831, 0.301568, -0.596961, -0.743433, -1.2e-05, 0.0, 0.0, 0.0, 1.0],
                [0.988545, 0.148801, -0.025238, 0.124994, 0.148718, -0.988864, -0.005161, -0.002831, -0.025725, 0.001349, -0.999668, -1.2e-05, 0.0, 0.0, 0.0, 1.0]
            ]
        },
        {
            "name": "Leg_R",
            "time": [0.0, 0.25, 0.5167, 0.8667, 1.0, 1.3667, 1.7, 2.0833],
            "transform": [
                [1.0, -0.0, 1e-06, -0.0, 0.0, 0.997612, 0.069073, 0.37472, -1e-06, -0.069073, 0.997611, -0.0, 0.0, 0.0, 0.0, 1.0],
                [1.0, -1e-06, 1e-06, 0.0, -0.0, 0.550497, 0.834837, 0.37472, -1e-06, -0.834838, 0.550496, 0.0, 0.0, 0.0, 0.0, 1.0],
                [1.0, -1e-06, 1e-06, -0.0, 0.0, 0.717082, 0.696989, 0.37472, -1e-06, -0.69699, 0.717081, 0.0, 0.0, 0.0, 0.0, 1.0],
                [1.0, -1e-06, -0.0, 0.0, -0.0, -0.340579, 0.940216, 0.37472, -1e-06, -0.940217, -0.340578, -0.0, 0.0, 0.0, 0.0, 1.0],
                [1.0, -1e-06, 1e-06, -0.0, -0.0, 0.564341, 0.825542, 0.37472, -1e-06, -0.825543, 0.56434, -0.0, 0.0, 0.0, 0.0, 1.0],
                [1.0, -1e-06, 1e-06, 0.0, 0.0, 0.717082, 0.696989, 0.37472, -1e-06, -0.69699, 0.717081, -0.0, 0.0, 0.0, 0.0, 1.0],
                [1.0, -1e-06, 0.0, 0.0, -0.0, 0.34542, 0.938448, 0.37472, -1e-06, -0.938449, 0.34542, -0.0, 0.0, 0.0, 0.0, 1.0],
                [1.0, -0.0, 1e-06, -0.0, 0.0, 0.997612, 0.069073, 0.37472, -1e-06, -0.069073, 0.997611, -0.0, 0.0, 0.0, 0.0, 1.0]
            ]
        },
        {
            "name": "Knee_R",
            "time": [0.0, 0.25, 0.5167, 0.8667, 1.0, 1.3667, 2.0833],
            "transform": [
                [1.0, 0.0, -0.0, -0.0, -0.0, 1e-06, -1.0, 0.37472, -0.0, 1.0, 1e-06, -0.0, 0.0, 0.0, 0.0, 1.0],
                [1.0, 0.0, -0.0, 0.0, -0.0, 1e-06, -1.0, 0.37472, -0.0, 1.0, 1e-06, 0.0, 0.0, 0.0, 0.0, 1.0],
                [1.0, 0.0, -0.0, -0.0, -0.0, 1e-06, -1.0, 0.37472, -0.0, 1.0, 1e-06, 0.0, 0.0, 0.0, 0.0, 1.0],
                [1.0, 0.0, -0.0, 0.0, -0.0, 0.760546, -0.649285, 0.37472, -0.0, 0.649285, 0.760545, -0.0, 0.0, 0.0, 0.0, 1.0],
                [1.0, 0.0, -0.0, -0.0, -0.0, 0.152023, -0.988377, 0.37472, -0.0, 0.988377, 0.152023, -0.0, 0.0, 0.0, 0.0, 1.0],
                [1.0, 0.0, -0.0, 0.0, -0.0, 1e-06, -1.0, 0.37472, -0.0, 1.0, 1e-06, -0.0, 0.0, 0.0, 0.0, 1.0],
                [1.0, 0.0, -0.0, -0.0, -0.0, 1e-06, -1.0, 0.37472, -0.0, 1.0, 1e-06, -0.0, 0.0, 0.0, 0.0, 1.0]
            ]
        },
        {
            "name": "Thigh_L",
            "time": [0.0, 0.25, 0.5167, 0.8667, 1.0, 1.3667, 2.0833],
            "transform": [
                [0.869242, -0.150522, -0.470913, -0.125006, -0.021407, -0.96309, 0.268325, -0.002831, -0.493921, -0.223159, -0.840382, -1.2e-05, 0.0, 0.0, 0.0, 1.0],
                [0.391004, -0.91332, -0.113851, -0.125006, -0.021304, -0.132647, 0.990934, -0.002831, -0.920142, -0.385034, -0.071323, -1.2e-05, 0.0, 0.0, 0.0, 1.0],
                [0.391004, -0.777505, -0.492546, -0.125006, -0.021304, -0.542652, 0.839687, -0.002831, -0.920142, -0.317828, -0.228743, -1.2e-05, 0.0, 0.0, 0.0, 1.0],
                [0.943172, -0.232444, -0.237477, -0.125006, -0.013566, -0.740977, 0.671393, -0.002831, -0.332026, -0.630018, -0.702023, -1.2e-05, 0.0, 0.0, 0.0, 1.0],
                [0.789338, -0.564237, -0.242037, -0.125006, -0.610517, -0.763025, -0.212277, -0.002831, -0.064905, 0.315326, -0.946761, -1.2e-05, 0.0, 0.0, 0.0, 1.0],
                [0.840986, -0.501326, -0.203503, -0.125006, -0.534061, -0.829443, -0.163716, -0.002831, -0.086719, 0.246366, -0.965289, -1.2e-05, 0.0, 0.0, 0.0, 1.0],
                [0.869242, -0.150522, -0.470913, -0.125006, -0.021407, -0.96309, 0.268325, -0.002831, -0.493921, -0.223159, -0.840382, -1.2e-05, 0.0, 0.0, 0.0, 1.0]
            ]
        },
        {
            "name": "Leg_L",
            "time": [0.0, 0.25, 0.5167, 0.8667, 1.0, 1.3667, 2.0833],
            "transform": [
                [0.998576, 0.053341, 0.000405, -0.0, -0.051599, 0.963981, 0.260918, 0.37472, 0.013527, -0.260567, 0.965361, -0.0, 0.0, 0.0, 0.0, 1.0],
                [0.998576, 0.035346, 0.039951, -0.0, -0.051599, 0.450128, 0.891472, 0.37472, 0.013527, -0.892264, 0.451312, 0.0, 0.0, 0.0, 0.0, 1.0],
                [0.998576, 0.052545, 0.009191, -0.0, -0.051599, 0.907796, 0.416224, 0.37472, 0.013527, -0.416106, 0.909216, -0.0, 0.0, 0.0, 0.0, 1.0],
                [0.998576, 0.035179, 0.040099, -0.0, -0.051599, 0.446403, 0.893343, 0.37472, 0.013527, -0.89414, 0.447583, -0.0, 0.0, 0.0, 0.0, 1.0],
                [0.998576, 0.05106, 0.015437, 0.0, -0.051599, 0.851219, 0.522267, 0.37472, 0.013527, -0.52232, 0.852643, -0.0, 0.0, 0.0, 0.0, 1.0],
                [0.998577, 0.052545, 0.009191, 0.0, -0.051599, 0.907796, 0.416224, 0.37472, 0.013527, -0.416106, 0.909216, -0.0, 0.0, 0.0, 0.0, 1.0],
                [0.998576, 0.053341, 0.000405, -0.0, -0.051599, 0.963981, 0.260918, 0.37472, 0.013527, -0.260567, 0.965361, -0.0, 0.0, 0.0, 0.0, 1.0]
            ]
        },
        {
            "name": "Knee_L",
            "time": [0.0, 0.25, 0.5167, 0.8667, 1.0, 1.3667, 2.0833],
            "transform": [
                [1.0, 0.0, -0.0, -0.0, -0.0, 1e-06, -1.0, 0.37472, -0.0, 1.0, 1e-06, -0.0, 0.0, 0.0, 0.0, 1.0],
                [1.0, 0.0, -0.0, -0.0, -0.0, 1e-06, -1.0, 0.37472, -0.0, 1.0, 1e-06, 0.0, 0.0, 0.0, 0.0, 1.0],
                [1.0, 0.0, -0.0, -0.0, -0.0, 1e-06, -1.0, 0.37472, -0.0, 1.0, 1e-06, -0.0, 0.0, 0.0, 0.0, 1.0],
                [1.0, 0.0, -0.0, -0.0, -0.0, 1e-06, -1.0, 0.37472, -0.0, 1.0, 1e-06, -0.0, 0.0, 0.0, 0.0, 1.0],
                [1.0, 0.0, -0.0, 0.0, -0.0, 1e-06, -1.0, 0.37472, -0.0, 1.0, 1e-06, -0.0, 0.0, 0.0, 0.0, 1.0],
                [1.0, 0.0, -0.0, 0.0, -0.0, 1e-06, -1.0, 0.37472, 0.0, 1.0, 1e-06, -0.0, 0.0, 0.0, 0.0, 1.0],
                [1.0, 0.0, -0.0, -0.0, -0.0, 1e-06, -1.0, 0.37472, -0.0, 1.0, 1e-06, -0.0, 0.0, 0.0, 0.0, 1.0]
            ]
        },
        {
            "name": "Torso",
            "time": [0.0, 0.25, 0.5167, 0.8667, 1.0, 1.3667, 1.7, 2.0833],
            "transform": [
                [0.999042, -0.043673, -0.002705, 0.0, 0.04367, 0.999045, -0.001423, 0.05, 0.002765, 0.001304, 0.999995, -0.0, 0.0, 0.0, 0.0, 1.0],
                [0.961464, -0.043673, -0.271441, 0.0, 0.041676, 0.999045, -0.013122, 0.05, 0.271755, 0.001304, 0.962366, 0.0, 0.0, 0.0, 0.0, 1.0],
                [0.961464, -0.043673, -0.271441, -0.0, 0.041676, 0.999045, -0.013122, 0.05, 0.271755, 0.001304, 0.962366, -0.0, 0.0, 0.0, 0.0, 1.0],
                [0.959775, 0.058816, -0.274543, -0.0, -0.072008, 0.996672, -0.038214, 0.05, 0.271381, 0.056446, 0.960815, -0.0, 0.0, 0.0, 0.0, 1.0],
                [0.946281, 0.161274, -0.280255, 0.0, -0.185764, 0.980576, -0.062956, 0.05, 0.264658, 0.111636, 0.957859, -0.0, 0.0, 0.0, 0.0, 1.0],
                [0.944398, 0.170859, -0.280927, 0.0, -0.196411, 0.978348, -0.065253, 0.05, 0.263695, 0.116802, 0.957508, 0.0, 0.0, 0.0, 0.0, 1.0],
                [0.977854, 0.140291, -0.155308, 0.0, -0.102486, 0.967989, 0.229118, 0.05, 0.18248, -0.208127, 0.960929, -0.0, 0.0, 0.0, 0.0, 1.0],
                [0.999042, -0.043673, -0.002705, 0.0, 0.04367, 0.999045, -0.001423, 0.05, 0.002765, 0.001304, 0.999995, -0.0, 0.0, 0.0, 0.0, 1.0]
            ]
        },
        {
            "name": "Chest",
            "time": [0.0, 0.25, 0.5167, 0.8667, 0.9333, 1.0, 1.3667, 1.7, 2.0833],
            "transform": [
                [0.999771, -0.021316, -0.002029, 0.0, 0.021411, 0.994316, 0.104295, 0.3, -0.000206, -0.104315, 0.994544, -0.0, 0.0, 0.0, 0.0, 1.0],
                [0.757659, -0.021316, -0.652302, 0.0, 0.084142, 0.994316, 0.065239, 0.3, 0.647204, -0.104315, 0.755146, 0.0, 0.0, 0.0, 0.0, 1.0],
                [0.667523, -0.2019, -0.716694, -0.0, 0.345131, 0.936788, 0.05755, 0.3, 0.659771, -0.285769, 0.69501, -0.0, 0.0, 0.0, 0.0, 1.0],
                [0.781969, -0.243315, -0.573867, -0.0, 0.169526, 0.968978, -0.179838, 0.3, 0.599822, 0.043342, 0.798959, 0.0, 0.0, 0.0, 0.0, 1.0],
                [0.893925, -0.444592, -0.056879, -0.0, 0.447891, 0.890886, 0.075597, 0.3, 0.017063, -0.093054, 0.995515, 0.0, 0.0, 0.0, 0.0, 1.0],
                [0.565458, -0.277136, 0.776822, -0.0, -0.015018, 0.938241, 0.345656, 0.3, -0.82464, -0.20712, 0.526374, -0.0, 0.0, 0.0, 0.0, 1.0],
                [0.747323, -0.309703, 0.587871, 0.0, 0.110829, 0.930439, 0.349285, 0.3, -0.655153, -0.195875, 0.729663, 0.0, 0.0, 0.0, 0.0, 1.0],
                [0.960451, -0.129756, 0.246368, 0.0, -0.025547, 0.839993, 0.541996, 0.3, -0.277275, -0.526854, 0.803457, 0.0, 0.0, 0.0, 0.0, 1.0],
                [0.999771, -0.021316, -0.002029, 0.0, 0.021411, 0.994316, 0.104295, 0.3, -0.000206, -0.104315, 0.994544, -0.0, 0.0, 0.0, 0.0, 1.0]
            ]
        },
        {
            "name": "Head",
            "time": [0.0, 0.25, 0.5167, 0.8667, 1.0, 1.3667, 1.7, 2.0833],
            "transform": [
                [0.85311, 0.037721, 0.520365, -0.0, -0.006297, 0.998055, -0.062025, 0.4, -0.521692, 0.049637, 0.851689, -0.0, 0.0, 0.0, 0.0, 1.0],
                [-0.159075, 0.037721, 0.986546, 0.0, 0.055036, 0.998055, -0.029287, 0.4, -0.985731, 0.049637, -0.160842, 0.0, 0.0, 0.0, 0.0, 1.0],
                [-0.143403, 0.078508, 0.986546, -0.0, 0.317424, 0.947831, -0.029287, 0.4, -0.937378, 0.308954, -0.160842, 0.0, 0.0, 0.0, 0.0, 1.0],
                [0.422995, 0.22917, 0.876674, 0.0, -0.087468, 0.973298, -0.212225, 0.4, -0.901901, 0.013089, 0.431745, -0.0, 0.0, 0.0, 0.0, 1.0],
                [0.816054, 0.077978, -0.572691, 0.0, -0.238944, 0.947734, -0.211438, 0.4, 0.526271, 0.309386, 0.792035, 0.0, 0.0, 0.0, 0.0, 1.0],
                [0.713379, 0.078508, -0.696367, 0.0, -0.269893, 0.947831, -0.169628, 0.4, 0.646721, 0.308954, 0.697352, -0.0, 0.0, 0.0, 0.0, 1.0],
                [0.977036, 0.024874, -0.211618, 0.0, -0.136225, 0.836593, -0.530618, 0.4, 0.16384, 0.54726, 0.82077, 0.0, 0.0, 0.0, 0.0, 1.0],
                [0.85311, 0.037721, 0.520365, -0.0, -0.006297, 0.998055, -0.062025, 0.4, -0.521692, 0.049637, 0.851689, -0.0, 0.0, 0.0, 0.0, 1.0]
            ]
        },
        {
            "name": "Shoulder_R",
            "time": [0.0, 0.25, 0.5167, 0.8667, 1.0, 1.3667, 2.0833],
            "transform": [
                [0.110305, 0.959352, 0.259762, -0.0, 0.091141, -0.270019, 0.958532, 0.4, 0.98971, -0.082056, -0.11722, -0.0, 0.0, 0.0, 0.0, 1.0],
                [0.110305, 0.959352, 0.259762, 0.0, 0.091141, -0.270019, 0.958532, 0.4, 0.98971, -0.082056, -0.11722, 0.0, 0.0, 0.0, 0.0, 1.0],
                [0.110305, 0.959352, 0.259762, -0.0, 0.091141, -0.270019, 0.958532, 0.4, 0.98971, -0.082056, -0.11722, 0.0, 0.0, 0.0, 0.0, 1.0],
                [0.110305, 0.959352, 0.259762, 0.0, 0.091141, -0.270019, 0.958532, 0.4, 0.98971, -0.082056, -0.11722, -0.0, 0.0, 0.0, 0.0, 1.0],
                [0.110305, 0.959352, 0.259762, 0.0, 0.091141, -0.270019, 0.958532, 0.4, 0.98971, -0.082056, -0.11722, 0.0, 0.0, 0.0, 0.0, 1.0],
                [0.110305, 0.959352, 0.259762, 0.0, 0.091141, -0.270019, 0.958532, 0.4, 0.98971, -0.082056, -0.11722, -0.0, 0.0, 0.0, 0.0, 1.0],
                [0.110305, 0.959352, 0.259762, -0.0, 0.091141, -0.270019, 0.958532, 0.4, 0.98971, -0.082056, -0.11722, -0.0, 0.0, 0.0, 0.0, 1.0]
            ]
        },
        {
            "name": "Arm_R",
            "time": [0.0, 0.25, 0.5167, 0.8667, 0.9333, 1.0, 1.3667, 1.7, 2.0833],
            "transform": [
                [0.016005, -0.035545, -0.99924, -0.0, 0.894149, 0.447767, -0.001606, 0.393861, 0.447483, -0.893444, 0.038949, 0.0, 0.0, 0.0, 0.0, 1.0],
                [0.038843, -0.003289, -0.99924, 0.0, 0.043294, 0.999061, -0.001606, 0.39386, 0.998307, -0.043199, 0.038949, 0.0, 0.0, 0.0, 0.0, 1.0],
                [0.038843, 0.085353, -0.995593, 0.0, 0.043294, 0.995266, 0.087014, 0.39386, 0.998307, -0.046483, 0.034964, 0.0, 0.0, 0.0, 0.0, 1.0],
                [0.007317, 0.464049, -0.885779, 0.0, -0.163609, 0.874422, 0.456748, 0.39386, 0.986498, 0.141579, 0.082321, 0.0, 0.0, 0.0, 0.0, 1.0],
                [-0.01751, 0.656685, -0.753962, -0.0, -0.283829, 0.719791, 0.633515, 0.39386, 0.958715, 0.225089, 0.173783, 0.0, 0.0, 0.0, 0.0, 1.0],
                [-0.012112, 0.076124, -0.997025, 0.0, -0.393238, 0.916393, 0.074745, 0.393861, 0.919357, 0.392974, 0.018836, 0.0, 0.0, 0.0, 0.0, 1.0],
                [-0.001306, -0.140584, -0.990068, -0.0, -0.385672, 0.913543, -0.12921, 0.39386, 0.922635, 0.381673, -0.055413, -0.0, 0.0, 0.0, 0.0, 1.0],
                [0.562099, -0.608292, -0.560381, -0.0, 0.134831, 0.73588, -0.663552, 0.393861, 0.816006, 0.297425, 0.495653, -0.0, 0.0, 0.0, 0.0, 1.0],
                [0.016005, -0.035545, -0.99924, -0.0, 0.894149, 0.447767, -0.001606, 0.393861, 0.447483, -0.893444, 0.038949, 0.0, 0.0, 0.0, 0.0, 1.0]
            ]
        },
        {
            "name": "Hand_R",
            "time": [0.0, 0.25, 0.5167, 0.8667, 0.9333, 1.0, 1.3667, 2.0833],
            "transform": [
                [0.999998, -0.000876, 0.001599, -0.0, 0.000868, 0.999986, 0.005244, 0.3, -0.001603, -0.005243, 0.999985, 0.0, 0.0, 0.0, 0.0, 1.0],
                [0.999998, -0.000519, 0.001748, -0.0, 0.000868, 0.978595, -0.205796, 0.3, -0.001603, 0.205797, 0.978593, 0.0, 0.0, 0.0, 0.0, 1.0],
                [0.999998, -0.000876, 0.001599, 0.0, 0.000868, 0.999986, 0.005244, 0.3, -0.001603, -0.005243, 0.999985, -0.0, 0.0, 0.0, 0.0, 1.0],
                [0.999998, 0.000604, 0.00172, 0.0, 0.000868, 0.67193, -0.740614, 0.3, -0.001604, 0.740615, 0.671928, 0.0, 0.0, 0.0, 0.0, 1.0],
                [0.999998, 0.001508, 0.001026, 0.0, 0.000868, 0.100915, -0.994895, 0.3, -0.001603, 0.994894, 0.100914, -0.0, 0.0, 0.0, 0.0, 1.0],
                [0.999998, -0.000876, 0.001599, 0.0, 0.000868, 0.999986, 0.005244, 0.3, -0.001603, -0.005243, 0.999985, 0.0, 0.0, 0.0, 0.0, 1.0],
                [0.999998, -0.000876, 0.001599, -0.0, 0.000868, 0.999986, 0.005244, 0.3, -0.001603, -0.005243, 0.999985, -0.0, 0.0, 0.0, 0.0, 1.0],
                [0.999998, -0.000876, 0.001599, -0.0, 0.000868, 0.999986, 0.005244, 0.3, -0.001603, -0.005243, 0.999985, 0.0, 0.0, 0.0, 0.0, 1.0]
            ]
        },
        {
            "name": "Tool_R",
            "time": [0.0, 0.25, 0.5167, 0.8667, 1.0, 1.3667, 1.7, 2.0833],
            "transform": [
                [0.976086, -0.063799, 0.207812, 0.015054, -0.000916, -0.957162, -0.28955, 0.243316, 0.217254, 0.282258, -0.933781, 0.024459, 0.0, 0.0, 0.0, 1.0],
                [0.97609, -0.19655, 0.09282, 0.015053, -0.000785, -0.430207, -0.90273, 0.243316, 0.217234, 0.880547, -0.419836, 0.024459, 0.0, 0.0, 0.0, 1.0],
                [0.97609, -0.19655, 0.09282, 0.015054, -0.000785, -0.430207, -0.90273, 0.243316, 0.217234, 0.880547, -0.419836, 0.024459, 0.0, 0.0, 0.0, 1.0],
                [0.976144, 0.03343, 0.214535, 0.015054, -0.000985, -0.987384, 0.15834, 0.243316, 0.216993, -0.154693, -0.963224, 0.024459, 0.0, 0.0, 0.0, 1.0],
                [0.987868, -0.147237, -0.04937, 0.015054, -0.068965, -0.131104, -0.988967, 0.243316, 0.139057, 0.979792, -0.139595, 0.024459, 0.0, 0.0, 0.0, 1.0],
                [0.975421, -0.21533, -0.046757, 0.015054, -0.078139, -0.139615, -0.987118, 0.243316, 0.205905, 0.965936, -0.152929, 0.024459, 0.0, 0.0, 0.0, 1.0],
                [0.976633, -0.082514, 0.19844, 0.015054, -0.036573, -0.9737, -0.224882, 0.243316, 0.211652, 0.212233, -0.953403, 0.024459, 0.0, 0.0, 0.0, 1.0],
                [0.976086, -0.063799, 0.207812, 0.015054, -0.000916, -0.957162, -0.28955, 0.243316, 0.217254, 0.282258, -0.933781, 0.024459, 0.0, 0.0, 0.0, 1.0]
            ]
        },
        {
            "name": "Elbow_R",
            "time": [0.0, 0.25, 0.5167, 0.8667, 1.0, 1.3667, 2.0833],
            "transform": [
                [-1.0, 0.0, -0.0, -0.0, 0.0, -0.0, -1.0, 0.341622, -0.0, -1.0, 0.0, 0.0, 0.0, 0.0, 0.0, 1.0],
                [-1.0, 0.0, -0.0, -0.0, 0.0, 0.0, -1.0, 0.341622, -0.0, -1.0, 0.0, 0.0, 0.0, 0.0, 0.0, 1.0],
                [-1.0, 0.0, -0.0, 0.0, 0.0, -0.0, -1.0, 0.341622, -0.0, -1.0, 0.0, 0.0, 0.0, 0.0, 0.0, 1.0],
                [-1.0, 0.0, -0.0, -0.0, 0.0, -0.0, -1.0, 0.341622, -0.0, -1.0, 0.0, 0.0, 0.0, 0.0, 0.0, 1.0],
                [-1.0, 0.0, -0.0, 0.0, 0.0, -0.0, -1.0, 0.341622, -0.0, -1.0, 0.0, 0.0, 0.0, 0.0, 0.0, 1.0],
                [-1.0, 0.0, -0.0, -0.0, 0.0, -0.0, -1.0, 0.341622, -0.0, -1.0, 0.0, -0.0, 0.0, 0.0, 0.0, 1.0],
                [-1.0, 0.0, -0.0, -0.0, 0.0, -0.0, -1.0, 0.341622, -0.0, -1.0, 0.0, 0.0, 0.0, 0.0, 0.0, 1.0]
            ]
        },
        {
            "name": "Shoulder_L",
            "time": [0.0, 0.25, 0.5167, 0.8667, 1.0, 1.3667, 2.0833],
            "transform": [
                [-0.226937, -0.947819, -0.223918, -0.0, -0.021067, -0.225085, 0.974111, 0.4, -0.973681, 0.225779, 0.031113, -0.0, 0.0, 0.0, 0.0, 1.0],
                [-0.226937, -0.947819, -0.223918, 0.0, -0.021067, -0.225085, 0.974111, 0.4, -0.973682, 0.225779, 0.031113, 0.0, 0.0, 0.0, 0.0, 1.0],
                [-0.226937, -0.947819, -0.223918, -0.0, -0.021067, -0.225085, 0.974111, 0.4, -0.973682, 0.225779, 0.031113, 0.0, 0.0, 0.0, 0.0, 1.0],
                [-0.226937, -0.947819, -0.223918, 0.0, -0.021067, -0.225085, 0.974111, 0.4, -0.973681, 0.225779, 0.031113, -0.0, 0.0, 0.0, 0.0, 1.0],
                [-0.226937, -0.947819, -0.223918, 0.0, -0.021067, -0.225085, 0.974111, 0.4, -0.973681, 0.225779, 0.031113, 0.0, 0.0, 0.0, 0.0, 1.0],
                [-0.226937, -0.947819, -0.223918, 0.0, -0.021067, -0.225085, 0.974111, 0.4, -0.973681, 0.225779, 0.031113, -0.0, 0.0, 0.0, 0.0, 1.0],
                [-0.226937, -0.947819, -0.223918, -0.0, -0.021067, -0.225085, 0.974111, 0.4, -0.973681, 0.225779, 0.031113, -0.0, 0.0, 0.0, 0.0, 1.0]
            ]
        },
        {
            "name": "Arm_L",
            "time": [0.0, 0.25, 0.5167, 0.8667, 1.0, 1.3667, 2.0833],
            "transform": [
                [-0.368333, -0.025786, 0.929336, 0.0, -0.839661, 0.438368, -0.320628, 0.39386, -0.399124, -0.898425, -0.183117, -0.0, 0.0, 0.0, 0.0, 1.0],
                [0.035276, 0.466225, 0.883963, 0.0, 0.012402, 0.884241, -0.466867, 0.39386, -0.999301, 0.027433, 0.025411, 0.0, 0.0, 0.0, 0.0, 1.0],
                [-0.109565, -0.389143, 0.914638, 0.0, 0.234136, 0.884181, 0.404232, 0.39386, -0.96601, 0.258439, -0.005763, 0.0, 0.0, 0.0, 0.0, 1.0],
                [-0.044221, 0.353866, 0.93425, -0.0, -0.061262, 0.932444, -0.356082, 0.39386, -0.997142, -0.07298, -0.019555, -0.0, 0.0, 0.0, 0.0, 1.0],
                [-0.028225, -0.077506, 0.996592, 0.0, -0.363454, 0.929547, 0.061998, 0.39386, -0.931185, -0.360465, -0.054406, -0.0, 0.0, 0.0, 0.0, 1.0],
                [-0.010774, -0.168693, 0.98561, -0.0, -0.386982, 0.909565, 0.151447, 0.39386, -0.922024, -0.379781, -0.075081, 0.0, 0.0, 0.0, 0.0, 1.0],
                [-0.368333, -0.025786, 0.929336, 0.0, -0.839661, 0.438368, -0.320628, 0.39386, -0.399124, -0.898425, -0.183117, -0.0, 0.0, 0.0, 0.0, 1.0]
            ]
        },
        {
            "name": "Hand_L",
            "time": [0.0, 0.25, 0.5167, 0.8667, 1.0, 1.3667, 2.0833],
            "transform": [
                [0.999993, -0.001541, -0.00347, 0.0, 0.000938, 0.985901, -0.167329, 0.3, 0.003679, 0.167324, 0.985895, -0.0, 0.0, 0.0, 0.0, 1.0],
                [0.999993, -0.003415, -0.00166, 0.0, 0.000938, 0.645842, -0.763471, 0.3, 0.003679, 0.763464, 0.64584, 0.0, 0.0, 0.0, 0.0, 1.0],
                [0.999993, -0.002831, -0.00253, -0.0, 0.000938, 0.829924, -0.557876, 0.3, 0.003679, 0.557869, 0.829921, 0.0, 0.0, 0.0, 0.0, 1.0],
                [0.999993, -0.002831, -0.00253, -0.0, 0.000938, 0.829924, -0.557876, 0.3, 0.003679, 0.557869, 0.829921, -0.0, 0.0, 0.0, 0.0, 1.0],
                [0.999993, -0.002831, -0.00253, -0.0, 0.000938, 0.829924, -0.557876, 0.3, 0.003679, 0.557869, 0.829921, -0.0, 0.0, 0.0, 0.0, 1.0],
                [0.999993, -0.002831, -0.00253, 0.0, 0.000938, 0.829924, -0.557876, 0.3, 0.003679, 0.557869, 0.829921, -0.0, 0.0, 0.0, 0.0, 1.0],
                [0.999993, -0.001541, -0.00347, 0.0, 0.000938, 0.985901, -0.167329, 0.3, 0.003679, 0.167324, 0.985895, -0.0, 0.0, 0.0, 0.0, 1.0]
            ]
        },
        {
            "name": "Tool_L",
            "time": [0.0, 0.25, 0.5167, 0.8667, 1.0, 1.3667, 2.0833],
            "transform": [
                [0.997004, 0.01104, -0.076554, -0.0, -0.036659, -0.804079, -0.593391, 0.272858, -0.068067, 0.594062, -0.8008, -0.0, 0.0, 0.0, 0.0, 1.0],
                [0.997004, 0.01104, -0.076554, -0.0, -0.036659, -0.804079, -0.593391, 0.272858, -0.068067, 0.594062, -0.8008, -0.0, 0.0, 0.0, 0.0, 1.0],
                [0.997004, 0.01104, -0.076554, -0.0, -0.036659, -0.804079, -0.593391, 0.272858, -0.068067, 0.594062, -0.8008, -0.0, 0.0, 0.0, 0.0, 1.0],
                [0.997004, 0.01104, -0.076554, 0.0, -0.036659, -0.804079, -0.593391, 0.272858, -0.068067, 0.594062, -0.8008, -0.0, 0.0, 0.0, 0.0, 1.0],
                [0.997004, 0.01104, -0.076554, 0.0, -0.036659, -0.804079, -0.593391, 0.272858, -0.068067, 0.594062, -0.8008, -0.0, 0.0, 0.0, 0.0, 1.0],
                [0.997004, 0.01104, -0.076554, -0.0, -0.036659, -0.804079, -0.593391, 0.272858, -0.068067, 0.594062, -0.8008, -0.0, 0.0, 0.0, 0.0, 1.0],
                [0.997004, 0.01104, -0.076554, -0.0, -0.036659, -0.804079, -0.593391, 0.272858, -0.068067, 0.594062, -0.8008, -0.0, 0.0, 0.0, 0.0, 1.0]
            ]
        },
        {
            "name": "Elbow_L",
            "time": [0.0, 0.25, 0.5167, 0.8667, 1.0, 1.3667, 2.0833],
            "transform": [
                [-1.0, 0.0, -0.0, 2.7e-05, 0.0, -0.0, -1.0, 0.334302, -0.0, -1.0, -0.0, -0.002121, 0.0, 0.0, 0.0, 1.0],
                [-1.0, 0.0, -0.0, 2.7e-05, 0.0, -0.0, -1.0, 0.334301, -0.0, -1.0, -0.0, -0.002121, 0.0, 0.0, 0.0, 1.0],
                [-1.0, 0.0, -0.0, 2.7e-05, 0.0, -0.0, -1.0, 0.334301, -0.0, -1.0, 0.0, -0.002121, 0.0, 0.0, 0.0, 1.0],
                [-1.0, 0.0, -0.0, 2.7e-05, -0.0, -0.0, -1.0, 0.334301, -0.0, -1.0, -0.0, -0.002121, 0.0, 0.0, 0.0, 1.0],
                [-1.0, 0.0, 0.0, 2.7e-05, 0.0, -0.0, -1.0, 0.334301, -0.0, -1.0, -0.0, -0.002121, 0.0, 0.0, 0.0, 1.0],
                [-1.0, 0.0, -0.0, 2.7e-05, 0.0, -0.0, -1.0, 0.334302, -0.0, -1.0, -0.0, -0.002121, 0.0, 0.0, 0.0, 1.0],
                [-1.0, 0.0, -0.0, 2.7e-05, 0.0, -0.0, -1.0, 0.334302, -0.0, -1.0, -0.0, -0.002121, 0.0, 0.0, 0.0, 1.0]
            ]
        }
    ]
}