{
    "animation": [
        {
            "name": "Root",
            "time": [0.0, 0.3, 0.4833, 0.85, 0.9, 0.95, 0.9833, 1.0167, 1.1167, 1.5, 1.8833, 2.2333],
            "transform": [
                [0.680348, -0.051404, 0.731084, -0.012624, 0.730264, 0.131895, -0.670312, 0.03801, -0.06197, 0.98993, 0.127273, 0.565432, 0.0, 0.0, 0.0, 1.0],
                [0.691785, -0.173631, 0.700918, -0.037017, 0.7221, 0.169394, -0.670729, 0.063755, -0.002272, 0.970133, 0.242564, 0.428162, 0.0, 0.0, 0.0, 1.0],
                [0.691785, -0.173631, 0.700918, -0.034062, 0.7221, 0.169394, -0.670729, 0.059048, -0.002272, 0.970133, 0.242564, 0.470583, 0.0, 0.0, 0.0, 1.0],
                [0.70701, -0.169908, 0.686489, -0.029738, 0.707203, 0.170394, -0.68617, 0.034986, -0.000388, 0.970617, 0.24063, 0.478471, 0.0, 0.0, 0.0, 1.0],
                [0.783384, -0.198557, 0.588969, -0.020884, 0.619322, 0.169417, -0.766641, -0.057312, 0.05244, 0.965336, 0.255689, 0.423257, 0.0, 0.0, 0.0, 1.0],
                [0.910344, -0.24395, 0.334308, -0.003197, 0.381246, 0.180051, -0.906771, -0.267134, 0.161014, 0.952927, 0.256914, 0.681207, 0.0, 0.0, 0.0, 1.0],
                [0.958821, -0.246982, 0.140223, 0.008341, 0.189653, 0.189272, -0.963435, -0.422669, 0.211411, 0.950356, 0.228319, 0.665217, 0.0, 0.0, 0.0, 1.0],
                [0.979672, -0.196103, -0.042272, 0.018216, -0.034109, 0.04482, -0.998413, -0.586556, 0.197686, 0.979558, 0.03722, 0.698875, 0.0, 0.0, 0.0, 1.0],
                [0.917848, 0.020375, -0.396409, 0.037382, -0.394038, -0.073613, -0.916142, -0.966811, -0.047847, 0.997079, -0.059537, 0.659908, 0.0, 0.0, 0.0, 1.0],
                [0.895177, 0.025831, -0.444962, 0.041606, -0.445347, 0.092185, -0.8906, -1.083219, 0.018014, 0.995407, 0.094026, 0.463799, 0.0, 0.0, 0.0, 1.0],
                [0.869508, 0.029439, -0.493041, 0.019148, -0.481977, -0.167606, -0.860004, -1.273363, -0.107955, 0.985414, -0.131545, 0.725967, 0.0, 0.0, 0.0, 1.0],
                [0.854339, 0.028643, -0.518927, -0.000196, -0.51914, 0.0, -0.854689, -1.31612, -0.024481, 0.99959, 0.01487, 0.74699, 0.0, 0.0, 0.0, 1.0]
            ]
        },
        {
            "name": "Thigh_R",
            "time": [0.0, 0.3, 0.4833, 0.85, 0.9833, 1.1167, 1.5, 2.2333],
            "transform": [
                [0.821174, 0.550256, 0.151295, 0.124994, 0.101566, -0.401799, 0.910078, -0.002831, 0.561567, -0.731964, -0.385836, -1.2e-05, 0.0, 0.0, 0.0, 1.0],
                [0.577084, 0.815089, 0.051011, 0.124994, -0.098502, 0.007463, 0.995109, -0.002831, 0.810723, -0.579285, 0.084594, -1.2e-05, 0.0, 0.0, 0.0, 1.0],
                [0.577084, 0.806643, 0.127667, 0.124994, -0.098502, -0.086435, 0.991376, -0.002831, 0.810723, -0.584681, 0.029575, -1.2e-05, 0.0, 0.0, 0.0, 1.0],
                [0.557848, 0.822743, 0.109072, 0.124994, -0.066152, -0.086924, 0.994016, -0.002831, 0.827302, -0.561724, 0.005936, -1.2e-05, 0.0, 0.0, 0.0, 1.0],
                [0.945515, 0.321323, 0.052465, 0.124994, 0.159982, -0.598878, 0.784697, -0.002831, 0.283561, -0.733548, -0.617656, -1.2e-05, 0.0, 0.0, 0.0, 1.0],
                [0.373434, 0.507499, 0.776525, 0.124994, 0.485813, -0.820101, 0.302352, -0.002831, 0.790273, 0.264337, -0.552805, -1.2e-05, 0.0, 0.0, 0.0, 1.0],
                [0.32927, 0.819955, 0.468245, 0.124994, 0.61446, -0.5626, 0.553098, -0.002831, 0.716951, 0.105599, -0.689079, -1.2e-05, 0.0, 0.0, 0.0, 1.0],
                [0.988545, 0.148801, -0.025238, 0.124994, 0.148718, -0.988864, -0.005161, -0.002831, -0.025725, 0.001349, -0.999668, -1.2e-05, 0.0, 0.0, 0.0, 1.0]
            ]
        },
        {
            "name": "Leg_R",
            "time": [0.0, 0.3, 0.4833, 0.85, 0.9833, 1.1167, 1.5, 2.2333],
            "transform": [
                [1.0, -1e-06, 1e-06, 0.0, 0.0, 0.717082, 0.696989, 0.37472, -1e-06, -0.69699, 0.717081, -0.0, 0.0, 0.0, 0.0, 1.0],
                [1.0, -1e-06, 0.0, -0.0, 0.0, 0.173672, 0.984803, 0.37472, -1e-06, -0.984804, 0.173672, -0.0, 0.0, 0.0, 0.0, 1.0],
                [1.0, -1e-06, 0.0, 0.0, 0.0, 0.173672, 0.984803, 0.37472, -1e-06, -0.984804, 0.173672, -0.0, 0.0, 0.0, 0.0, 1.0],
                [1.0, -1e-06, -0.0, 0.0, 0.0, -0.096794, 0.995304, 0.37472, -1e-06, -0.995305, -0.096794, 0.0, 0.0, 0.0, 0.0, 1.0],
                [1.0, -1e-06, -0.0, -0.0, 0.0, -0.432501, 0.901633, 0.37472, -1e-06, -0.901634, -0.432501, -0.0, 0.0, 0.0, 0.0, 1.0],
                [1.0, -1e-06, 1e-06, -0.0, 0.0, 0.842922, 0.538036, 0.37472, -1e-06, -0.538037, 0.842921, 0.0, 0.0, 0.0, 0.0, 1.0],
                [1.0, -1e-06, 0.0, -0.0, -0.0, 0.283031, 0.95911, 0.37472, -1e-06, -0.959112, 0.283031, 0.0, 0.0, 0.0, 0.0, 1.0],
                [1.0, -0.0, 1e-06, 0.0, 0.0, 0.997612, 0.069073, 0.37472, -1e-06, -0.069073, 0.997611, -0.0, 0.0, 0.0, 0.0, 1.0]
            ]
        },
        {
            "name": "Knee_R",
            "time": [0.0, 0.3, 0.4833, 0.85, 0.9833, 1.1167, 1.5, 2.2333],
            "transform": [
                [1.0, 0.0, -0.0, 0.0, -0.0, 1e-06, -1.0, 0.37472, -0.0, 1.0, 1e-06, -0.0, 0.0, 0.0, 0.0, 1.0],
                [1.0, 0.0, -0.0, -0.0, -0.0, 1e-06, -1.0, 0.37472, -0.0, 1.0, 1e-06, -0.0, 0.0, 0.0, 0.0, 1.0],
                [1.0, 0.0, -0.0, 0.0, -0.0, 1e-06, -1.0, 0.37472, -0.0, 1.0, 1e-06, -0.0, 0.0, 0.0, 0.0, 1.0],
                [1.0, 0.0, -0.0, 0.0, -0.0, 0.532325, -0.84654, 0.37472, -0.0, 0.84654, 0.532325, 0.0, 0.0, 0.0, 0.0, 1.0],
                [1.0, 0.0, -0.0, -0.0, -0.0, 0.722272, -0.691609, 0.37472, -0.0, 0.691609, 0.722272, -0.0, 0.0, 0.0, 0.0, 1.0],
                [1.0, 0.0, -0.0, -0.0, -0.0, 1e-06, -1.0, 0.37472, -0.0, 1.0, 1e-06, 0.0, 0.0, 0.0, 0.0, 1.0],
                [1.0, 0.0, -0.0, -0.0, -0.0, 1e-06, -1.0, 0.37472, -0.0, 1.0, 1e-06, 0.0, 0.0, 0.0, 0.0, 1.0],
                [1.0, 0.0, -0.0, 0.0, -0.0, 1e-06, -1.0, 0.37472, -0.0, 1.0, 1e-06, -0.0, 0.0, 0.0, 0.0, 1.0]
            ]
        },
        {
            "name": "Thigh_L",
            "time": [0.0, 0.3, 0.4833, 0.85, 0.9833, 1.1167, 1.5, 2.2333],
            "transform": [
                [0.840986, -0.501326, -0.203503, -0.125006, -0.534061, -0.829443, -0.163716, -0.002831, -0.086719, 0.246366, -0.965289, -1.2e-05, 0.0, 0.0, 0.0, 1.0],
                [0.473858, -0.878653, -0.058543, -0.125006, -0.634785, -0.386904, 0.668844, -0.002831, -0.610332, -0.279775, -0.741094, -1.2e-05, 0.0, 0.0, 0.0, 1.0],
                [0.552081, -0.828858, -0.090562, -0.125006, -0.604407, -0.472652, 0.64132, -0.002831, -0.574367, -0.299325, -0.76191, -1.2e-05, 0.0, 0.0, 0.0, 1.0],
                [0.669948, -0.73981, -0.062047, -0.125006, -0.463203, -0.481846, 0.743818, -0.002831, -0.580181, -0.469579, -0.665495, -1.2e-05, 0.0, 0.0, 0.0, 1.0],
                [0.970566, -0.13058, 0.202358, -0.125006, -0.239986, -0.594707, 0.767287, -0.002831, 0.020152, -0.793267, -0.608541, -1.2e-05, 0.0, 0.0, 0.0, 1.0],
                [0.916589, -0.311249, 0.250974, -0.125006, -0.383291, -0.505343, 0.773121, -0.002831, -0.113805, -0.804831, -0.582491, -1.2e-05, 0.0, 0.0, 0.0, 1.0],
                [0.921674, -0.271485, 0.277148, -0.125006, -0.37691, -0.457293, 0.805494, -0.002831, -0.091941, -0.846864, -0.523801, -1.2e-05, 0.0, 0.0, 0.0, 1.0],
                [0.869242, -0.150522, -0.470913, -0.125006, -0.021407, -0.96309, 0.268325, -0.002831, -0.493921, -0.223159, -0.840382, -1.2e-05, 0.0, 0.0, 0.0, 1.0]
            ]
        },
        {
            "name": "Leg_L",
            "time": [0.0, 0.3, 0.4833, 0.85, 0.9833, 1.1167, 1.5, 1.8833, 2.2333],
            "transform": [
                [0.998577, 0.052545, 0.009191, -0.0, -0.051599, 0.907796, 0.416224, 0.37472, 0.013527, -0.416106, 0.909216, -0.0, 0.0, 0.0, 0.0, 1.0],
                [0.998576, 0.026689, 0.046186, 0.0, -0.051599, 0.263719, 0.963219, 0.37472, 0.013527, -0.96423, 0.264721, -0.0, 0.0, 0.0, 0.0, 1.0],
                [0.998576, 0.026689, 0.046186, -0.0, -0.051599, 0.263719, 0.963219, 0.37472, 0.013527, -0.96423, 0.264721, -0.0, 0.0, 0.0, 0.0, 1.0],
                [0.998576, 0.0205, 0.049247, 0.0, -0.051599, 0.137101, 0.989213, 0.37472, 0.013527, -0.990345, 0.137964, -0.0, 0.0, 0.0, 0.0, 1.0],
                [0.998576, 0.037434, 0.038002, -0.0, -0.051599, 0.497212, 0.866093, 0.37472, 0.013527, -0.866821, 0.498436, 0.0, 0.0, 0.0, 0.0, 1.0],
                [0.998576, 0.053219, -0.003625, 0.0, -0.051599, 0.980936, 0.187356, 0.37472, 0.013527, -0.186902, 0.982286, 0.0, 0.0, 0.0, 0.0, 1.0],
                [0.998576, 0.052971, -0.006287, 0.0, -0.051599, 0.989091, 0.137974, 0.37472, 0.013527, -0.137453, 0.990416, 0.0, 0.0, 0.0, 0.0, 1.0],
                [0.998574, 0.048406, 0.022521, 0.0, -0.051645, 0.768898, 0.637282, 0.37472, 0.013532, -0.637536, 0.770302, 0.0, 0.0, 0.0, 0.0, 1.0],
                [0.998576, 0.053341, 0.000405, -0.0, -0.051599, 0.963981, 0.260918, 0.37472, 0.013527, -0.260567, 0.965361, 0.0, 0.0, 0.0, 0.0, 1.0]
            ]
        },
        {
            "name": "Knee_L",
            "time": [0.0, 0.3, 0.4833, 0.85, 1.1167, 1.5, 2.2333],
            "transform": [
                [1.0, 0.0, -0.0, -0.0, -0.0, 1e-06, -1.0, 0.37472, 0.0, 1.0, 1e-06, -0.0, 0.0, 0.0, 0.0, 1.0],
                [1.0, 0.0, -0.0, 0.0, -0.0, 1e-06, -1.0, 0.37472, -0.0, 1.0, 1e-06, -0.0, 0.0, 0.0, 0.0, 1.0],
                [1.0, 0.0, -0.0, -0.0, -0.0, 1e-06, -1.0, 0.37472, -0.0, 1.0, 1e-06, -0.0, 0.0, 0.0, 0.0, 1.0],
                [1.0, 0.0, -0.0, 0.0, -0.0, 1e-06, -1.0, 0.37472, -0.0, 1.0, 1e-06, -0.0, 0.0, 0.0, 0.0, 1.0],
                [1.0, 0.0, -0.0, 0.0, -0.0, 1e-06, -1.0, 0.37472, -0.0, 1.0, 1e-06, 0.0, 0.0, 0.0, 0.0, 1.0],
                [1.0, 0.0, -0.0, 0.0, -0.0, 1e-06, -1.0, 0.37472, -0.0, 1.0, 1e-06, 0.0, 0.0, 0.0, 0.0, 1.0],
                [1.0, 0.0, -0.0, -0.0, -0.0, 1e-06, -1.0, 0.37472, -0.0, 1.0, 1e-06, 0.0, 0.0, 0.0, 0.0, 1.0]
            ]
        },
        {
            "name": "Torso",
            "time": [0.0, 0.3, 0.4833, 0.85, 1.1167, 1.5, 1.8833, 2.2333],
            "transform": [
                [0.944398, 0.170859, -0.280927, 0.0, -0.196411, 0.978348, -0.065253, 0.05, 0.263695, 0.116802, 0.957508, -0.0, 0.0, 0.0, 0.0, 1.0],
                [0.944398, 0.170859, -0.280927, -0.0, -0.196411, 0.978348, -0.065253, 0.05, 0.263695, 0.116802, 0.957508, 0.0, 0.0, 0.0, 0.0, 1.0],
                [0.944398, 0.170859, -0.280927, -0.0, -0.196411, 0.978348, -0.065253, 0.05, 0.263695, 0.116802, 0.957508, 0.0, 0.0, 0.0, 0.0, 1.0],
                [0.943069, 0.187097, -0.274983, 0.0, -0.206013, 0.977676, -0.041328, 0.05, 0.261112, 0.095625, 0.96056, -0.0, 0.0, 0.0, 0.0, 1.0],
                [0.925268, 0.027677, 0.378304, 0.0, 0.04299, 0.983257, -0.177083, 0.05, -0.376871, 0.180112, 0.908586, -0.0, 0.0, 0.0, 0.0, 1.0],
                [0.913006, 0.022308, 0.407336, -0.0, 0.055444, 0.982453, -0.178078, 0.05, -0.404161, 0.18517, 0.895749, -0.0, 0.0, 0.0, 0.0, 1.0],
                [0.972605, -0.143925, 0.182551, -0.0, 0.118395, 0.982496, 0.143821, 0.05, -0.200055, -0.118268, 0.972621, -0.0, 0.0, 0.0, 0.0, 1.0],
                [0.999042, -0.043673, -0.002705, -0.0, 0.04367, 0.999045, -0.001423, 0.05, 0.002765, 0.001304, 0.999995, -0.0, 0.0, 0.0, 0.0, 1.0]
            ]
        },
        {
            "name": "Chest",
            "time": [0.0, 0.15, 0.3, 0.4833, 0.85, 1.1167, 1.5, 1.8833, 2.2333],
            "transform": [
                [0.747323, -0.309703, 0.587871, 0.0, 0.110829, 0.930439, 0.349285, 0.3, -0.655153, -0.195875, 0.729663, -0.0, 0.0, 0.0, 0.0, 1.0],
                [0.877796, -0.294433, 0.377867, 0.0, 0.082115, 0.869618, 0.486849, 0.3, -0.471945, -0.396326, 0.787524, -0.0, 0.0, 0.0, 0.0, 1.0],
                [0.922575, -0.160035, 0.351061, 0.0, -0.015752, 0.893532, 0.448723, 0.3, -0.385496, -0.41951, 0.82183, -0.0, 0.0, 0.0, 0.0, 1.0],
                [0.96971, -0.160035, 0.18453, 0.0, 0.062863, 0.893532, 0.444577, 0.3, -0.236032, -0.41951, 0.876528, 0.0, 0.0, 0.0, 0.0, 1.0],
                [0.976548, -0.061874, 0.206216, -0.0, -0.067994, 0.820164, 0.568073, 0.3, -0.20428, -0.568772, 0.796723, -0.0, 0.0, 0.0, 0.0, 1.0],
                [0.99088, 0.004861, 0.134658, 0.0, 0.038543, 0.947368, -0.317819, 0.3, -0.129116, 0.32011, 0.938541, 0.0, 0.0, 0.0, 0.0, 1.0],
                [0.991321, -0.013346, 0.130785, 0.0, 0.036096, 0.984232, -0.17316, 0.3, -0.126412, 0.176378, 0.976171, -0.0, 0.0, 0.0, 0.0, 1.0],
                [0.997992, -0.042198, 0.047233, 0.0, 0.022751, 0.934803, 0.354437, 0.3, -0.05911, -0.352651, 0.933886, 0.0, 0.0, 0.0, 0.0, 1.0],
                [0.999771, -0.021316, -0.002029, 0.0, 0.021411, 0.994316, 0.104295, 0.3, -0.000206, -0.104315, 0.994544, 0.0, 0.0, 0.0, 0.0, 1.0]
            ]
        },
        {
            "name": "Head",
            "time": [0.0, 0.3, 0.4833, 0.85, 1.1167, 1.5, 2.2333],
            "transform": [
                [0.713379, 0.078508, -0.696367, 0.0, -0.269893, 0.947831, -0.169628, 0.4, 0.646721, 0.308954, 0.697352, -0.0, 0.0, 0.0, 0.0, 1.0],
                [0.713379, 0.078508, -0.696367, 0.0, -0.269893, 0.947831, -0.169628, 0.4, 0.646721, 0.308954, 0.697352, 0.0, 0.0, 0.0, 0.0, 1.0],
                [0.713379, 0.078508, -0.696367, 0.0, -0.269893, 0.947831, -0.169628, 0.4, 0.646721, 0.308954, 0.697352, -0.0, 0.0, 0.0, 0.0, 1.0],
                [0.720076, 0.082125, -0.689018, -0.0, -0.266379, 0.949606, -0.165201, 0.4, 0.640728, 0.302497, 0.705665, -0.0, 0.0, 0.0, 0.0, 1.0],
                [0.965214, 0.167135, -0.201069, -0.0, -0.145556, 0.982312, 0.117799, 0.4, 0.217201, -0.084434, 0.972468, 0.0, 0.0, 0.0, 0.0, 1.0],
                [0.970537, 0.165633, -0.174995, -0.0, -0.143485, 0.980743, 0.132496, 0.4, 0.193571, -0.103483, 0.975613, -0.0, 0.0, 0.0, 0.0, 1.0],
                [0.85311, 0.037721, 0.520365, 0.0, -0.006297, 0.998055, -0.062025, 0.4, -0.521692, 0.049637, 0.851689, 0.0, 0.0, 0.0, 0.0, 1.0]
            ]
        },
        {
            "name": "Shoulder_R",
            "time": [0.0, 0.3, 0.4833, 0.85, 1.1167, 1.5, 2.2333],
            "transform": [
                [0.110305, 0.959352, 0.259762, 0.0, 0.091141, -0.270019, 0.958532, 0.4, 0.98971, -0.082056, -0.11722, -0.0, 0.0, 0.0, 0.0, 1.0],
                [-0.432148, 0.863581, 0.259762, 0.0, 0.22394, -0.17626, 0.958532, 0.4, 0.873555, 0.472399, -0.11722, 0.0, 0.0, 0.0, 0.0, 1.0],
                [-0.432148, 0.863581, 0.259762, 0.0, 0.22394, -0.176259, 0.958532, 0.4, 0.873555, 0.472399, -0.11722, -0.0, 0.0, 0.0, 0.0, 1.0],
                [-0.432148, 0.863581, 0.259762, -0.0, 0.22394, -0.17626, 0.958532, 0.4, 0.873555, 0.472399, -0.11722, -0.0, 0.0, 0.0, 0.0, 1.0],
                [-0.432148, 0.863581, 0.259762, -0.0, 0.22394, -0.176259, 0.958532, 0.4, 0.873555, 0.472399, -0.11722, 0.0, 0.0, 0.0, 0.0, 1.0],
                [-0.432148, 0.863581, 0.259762, -0.0, 0.22394, -0.17626, 0.958532, 0.4, 0.873555, 0.472399, -0.11722, -0.0, 0.0, 0.0, 0.0, 1.0],
                [0.110305, 0.959352, 0.259762, 0.0, 0.091141, -0.270019, 0.958532, 0.4, 0.98971, -0.082056, -0.11722, 0.0, 0.0, 0.0, 0.0, 1.0]
            ]
        },
        {
            "name": "Arm_R",
            "time": [0.0, 0.15, 0.3, 0.4833, 0.85, 0.9833, 1.1167, 1.5, 1.8833, 2.2333],
            "transform": [
                [-0.001306, -0.140584, -0.990068, -0.0, -0.385672, 0.913543, -0.12921, 0.39386, 0.922635, 0.381673, -0.055413, 0.0, 0.0, 0.0, 0.0, 1.0],
                [-0.297198, -0.563273, -0.770971, -0.0, -0.822299, 0.561378, -0.09316, 0.393861, 0.48528, 0.606282, -0.63002, 0.0, 0.0, 0.0, 0.0, 1.0],
                [-0.023464, -0.900725, -0.433755, 0.0, -0.997518, -0.007714, 0.06998, 0.39386, -0.066378, 0.43432, -0.898309, -0.0, 0.0, 0.0, 0.0, 1.0],
                [0.130003, -0.891603, -0.433755, -0.0, -0.981687, -0.177182, 0.06998, 0.39386, -0.139248, 0.416714, -0.898309, -0.0, 0.0, 0.0, 0.0, 1.0],
                [0.152951, -0.69942, -0.698153, 0.0, -0.971664, -0.235261, 0.022817, 0.39386, -0.180207, 0.674881, -0.715585, 0.0, 0.0, 0.0, 0.0, 1.0],
                [0.092736, -0.020469, -0.99548, 0.0, -0.738804, -0.671671, -0.055013, 0.393861, -0.667509, 0.740566, -0.077411, -0.0, 0.0, 0.0, 0.0, 1.0],
                [-0.095145, 0.504856, -0.857944, -0.0, -0.875237, -0.453017, -0.169515, 0.393861, -0.474244, 0.734776, 0.484972, 0.0, 0.0, 0.0, 0.0, 1.0],
                [-0.113184, 0.55929, -0.821209, 0.0, -0.874116, -0.448981, -0.185306, 0.39386, -0.472347, 0.696858, 0.539701, -0.0, 0.0, 0.0, 0.0, 1.0],
                [0.277279, 0.777973, -0.563804, -0.0, -0.319379, 0.628076, 0.709589, 0.393861, 0.906153, -0.016687, 0.422621, -0.0, 0.0, 0.0, 0.0, 1.0],
                [0.016005, -0.035545, -0.99924, 0.0, 0.894149, 0.447767, -0.001606, 0.393861, 0.447483, -0.893444, 0.038949, 0.0, 0.0, 0.0, 0.0, 1.0]
            ]
        },
        {
            "name": "Hand_R",
            "time": [0.0, 0.3, 0.4833, 0.85, 1.1167, 1.5, 1.8833, 2.2333],
            "transform": [
                [0.999998, -0.000876, 0.001599, -0.0, 0.000868, 0.999986, 0.005244, 0.3, -0.001603, -0.005243, 0.999985, 0.0, 0.0, 0.0, 0.0, 1.0],
                [0.999998, -0.000876, 0.001599, -0.0, 0.000868, 0.999986, 0.005244, 0.3, -0.001603, -0.005243, 0.999985, -0.0, 0.0, 0.0, 0.0, 1.0],
                [0.999998, -0.000876, 0.001599, 0.0, 0.000868, 0.999986, 0.005244, 0.3, -0.001603, -0.005243, 0.999985, -0.0, 0.0, 0.0, 0.0, 1.0],
                [0.999998, -0.000876, 0.001599, 0.0, 0.000868, 0.999986, 0.005244, 0.3, -0.001603, -0.005243, 0.999985, -0.0, 0.0, 0.0, 0.0, 1.0],
                [0.999998, -0.000876, 0.001599, 0.0, 0.000868, 0.999986, 0.005244, 0.3, -0.001603, -0.005243, 0.999985, -0.0, 0.0, 0.0, 0.0, 1.0],
                [0.999998, -0.000876, 0.001599, 0.0, 0.000868, 0.999986, 0.005244, 0.3, -0.001603, -0.005243, 0.999985, 0.0, 0.0, 0.0, 0.0, 1.0],
                [0.999998, 0.000694, 0.001686, 0.0, 0.000868, 0.632007, -0.774962, 0.3, -0.001604, 0.774962, 0.632006, 0.0, 0.0, 0.0, 0.0, 1.0],
                [0.999998, -0.000876, 0.001599, 0.0, 0.000868, 0.999986, 0.005244, 0.3, -0.001603, -0.005243, 0.999985, -0.0, 0.0, 0.0, 0.0, 1.0]
            ]
        },
        {
            "name": "Tool_R",
            "time": [0.0, 0.3, 0.4833, 0.85, 0.9833, 1.1167, 1.5, 1.8833, 2.2333],
            "transform": [
                [0.975421, -0.21533, -0.046757, 0.015054, -0.078139, -0.139615, -0.987118, 0.243316, 0.205905, 0.965936, -0.152929, 0.024459, 0.0, 0.0, 0.0, 1.0],
                [0.886077, -0.320797, 0.334599, 0.015054, 0.416483, 0.234085, -0.878491, 0.243316, 0.203376, 0.917225, 0.340813, 0.024459, 0.0, 0.0, 0.0, 1.0],
                [0.886077, -0.320797, 0.334599, 0.015054, 0.416483, 0.234085, -0.878491, 0.243316, 0.203376, 0.917225, 0.340813, 0.024459, 0.0, 0.0, 0.0, 1.0],
                [0.886087, -0.250739, 0.389846, 0.015054, 0.416463, 0.061427, -0.907075, 0.243316, 0.203376, 0.965533, 0.158749, 0.024459, 0.0, 0.0, 0.0, 1.0],
                [0.853975, -0.051183, 0.517791, 0.015054, 0.520308, 0.079387, -0.85028, 0.243316, 0.002418, 0.99494, 0.09436, 0.024459, 0.0, 0.0, 0.0, 1.0],
                [0.886061, -0.407108, 0.22172, 0.015054, 0.416518, 0.489205, -0.766284, 0.243316, 0.203378, 0.770873, 0.602668, 0.024459, 0.0, 0.0, 0.0, 1.0],
                [0.88605, -0.444817, 0.130592, 0.015053, 0.416541, 0.640233, -0.645442, 0.243316, 0.203378, 0.625927, 0.75211, 0.024459, 0.0, 0.0, 0.0, 1.0],
                [0.924324, 0.068947, 0.375327, 0.015053, 0.188194, -0.937981, -0.291162, 0.243316, 0.331781, 0.339551, -0.879456, 0.024459, 0.0, 0.0, 0.0, 1.0],
                [0.976086, -0.063799, 0.207812, 0.015054, -0.000916, -0.957162, -0.28955, 0.243316, 0.217254, 0.282258, -0.933781, 0.024459, 0.0, 0.0, 0.0, 1.0]
            ]
        },
        {
            "name": "Elbow_R",
            "time": [0.0, 0.3, 0.4833, 0.85, 1.1167, 1.5, 2.2333],
            "transform": [
                [-1.0, 0.0, -0.0, -0.0, 0.0, -0.0, -1.0, 0.341622, -0.0, -1.0, 0.0, 0.0, 0.0, 0.0, 0.0, 1.0],
                [-1.0, 0.0, -0.0, -0.0, -0.0, -0.0, -1.0, 0.341622, -0.0, -1.0, 0.0, -0.0, 0.0, 0.0, 0.0, 1.0],
                [-1.0, 0.0, -0.0, -0.0, 0.0, 0.0, -1.0, 0.341622, -0.0, -1.0, 0.0, 0.0, 0.0, 0.0, 0.0, 1.0],
                [-1.0, 0.0, -0.0, -0.0, 0.0, -0.0, -1.0, 0.341622, -0.0, -1.0, 0.0, -0.0, 0.0, 0.0, 0.0, 1.0],
                [-1.0, 0.0, 0.0, -0.0, 0.0, -0.0, -1.0, 0.341622, -0.0, -1.0, 0.0, -0.0, 0.0, 0.0, 0.0, 1.0],
                [-1.0, 0.0, 0.0, -0.0, 0.0, -0.0, -1.0, 0.341622, -0.0, -1.0, 0.0, -0.0, 0.0, 0.0, 0.0, 1.0],
                [-1.0, 0.0, -0.0, 0.0, 0.0, -0.0, -1.0, 0.341622, -0.0, -1.0, 0.0, -0.0, 0.0, 0.0, 0.0, 1.0]
            ]
        },
        {
            "name": "Shoulder_L",
            "time": [0.0, 0.3, 0.4833, 0.85, 1.1167, 1.5, 2.2333],
            "transform": [
                [-0.226937, -0.947819, -0.223918, 0.0, -0.021067, -0.225085, 0.974111, 0.4, -0.973681, 0.225779, 0.031113, -0.0, 0.0, 0.0, 0.0, 1.0],
                [0.93055, -0.289721, -0.223918, 0.0, 0.223176, -0.03605, 0.974111, 0.4, -0.290292, -0.956432, 0.031112, 0.0, 0.0, 0.0, 0.0, 1.0],
                [0.93055, -0.289721, -0.223918, 0.0, 0.223176, -0.03605, 0.974111, 0.4, -0.290292, -0.956432, 0.031112, -0.0, 0.0, 0.0, 0.0, 1.0],
                [0.92643, -0.302426, -0.224199, -0.0, 0.225406, -0.031388, 0.973759, 0.4, -0.301527, -0.952656, 0.03909, -0.0, 0.0, 0.0, 0.0, 1.0],
                [0.516399, -0.85167, -0.089387, -0.0, 0.408902, 0.153517, 0.899573, 0.4, -0.752417, -0.501089, 0.427525, 0.0, 0.0, 0.0, 0.0, 1.0],
                [0.4901, -0.868302, -0.076509, -0.0, 0.41967, 0.158121, 0.893798, 0.4, -0.763989, -0.470159, 0.441895, -0.0, 0.0, 0.0, 0.0, 1.0],
                [-0.226937, -0.947819, -0.223918, 0.0, -0.021067, -0.225085, 0.974111, 0.4, -0.973681, 0.225779, 0.031113, 0.0, 0.0, 0.0, 0.0, 1.0]
            ]
        },
        {
            "name": "Arm_L",
            "time": [0.0, 0.3, 0.4833, 0.85, 1.1167, 1.5, 2.2333],
            "transform": [
                [-0.010774, -0.168693, 0.98561, 0.0, -0.386982, 0.909565, 0.151447, 0.39386, -0.922024, -0.379781, -0.075081, -0.0, 0.0, 0.0, 0.0, 1.0],
                [0.029125, 0.989032, -0.144801, 0.0, 0.220907, -0.147649, -0.964054, 0.39386, -0.97486, -0.003909, -0.222785, 0.0, 0.0, 0.0, 0.0, 1.0],
                [0.029125, 0.997822, -0.059179, -0.0, 0.220907, -0.064166, -0.973182, 0.39386, -0.97486, 0.015271, -0.222295, -0.0, 0.0, 0.0, 0.0, 1.0],
                [0.336875, 0.940942, -0.033799, -0.0, 0.195197, -0.104912, -0.975137, 0.39386, -0.921093, 0.321902, -0.219012, -0.0, 0.0, 0.0, 0.0, 1.0],
                [0.995377, 0.06631, -0.069481, 0.0, -0.028347, -0.488368, -0.872177, 0.39386, -0.091766, 0.870114, -0.48423, 0.0, 0.0, 0.0, 0.0, 1.0],
                [0.9979, 0.007881, -0.064292, 0.0, -0.051799, -0.498844, -0.865143, 0.39386, -0.03889, 0.866656, -0.497388, -0.0, 0.0, 0.0, 0.0, 1.0],
                [-0.368333, -0.025786, 0.929336, 0.0, -0.839661, 0.438368, -0.320628, 0.39386, -0.399124, -0.898425, -0.183117, -0.0, 0.0, 0.0, 0.0, 1.0]
            ]
        },
        {
            "name": "Hand_L",
            "time": [0.0, 0.15, 0.3, 0.4833, 0.85, 1.1167, 1.5, 2.2333],
            "transform": [
                [0.999993, -0.002831, -0.00253, 0.0, 0.000938, 0.829924, -0.557876, 0.3, 0.003679, 0.557869, 0.829921, -0.0, 0.0, 0.0, 0.0, 1.0],
                [0.999993, -0.003792, 0.00019, 0.0, 0.000938, 0.198391, -0.980123, 0.3, 0.003679, 0.980116, 0.198393, 0.0, 0.0, 0.0, 0.0, 1.0],
                [0.999993, -0.001011, -0.00366, -0.0, 0.000938, 0.999803, -0.019854, 0.3, 0.003679, 0.019851, 0.999796, -0.0, 0.0, 0.0, 0.0, 1.0],
                [0.999993, -0.001011, -0.00366, -0.0, 0.000938, 0.999803, -0.019854, 0.3, 0.003679, 0.019851, 0.999796, 0.0, 0.0, 0.0, 0.0, 1.0],
                [0.999993, -0.001011, -0.00366, -0.0, 0.000938, 0.999803, -0.019854, 0.3, 0.003679, 0.019851, 0.999796, -0.0, 0.0, 0.0, 0.0, 1.0],
                [0.999993, -0.001011, -0.00366, 0.0, 0.000938, 0.999803, -0.019854, 0.3, 0.003679, 0.019851, 0.999796, -0.0, 0.0, 0.0, 0.0, 1.0],
                [0.999993, -0.001011, -0.00366, -0.0, 0.000938, 0.999803, -0.019854, 0.3, 0.003679, 0.019851, 0.999796, 0.0, 0.0, 0.0, 0.0, 1.0],
                [0.999993, -0.001541, -0.00347, 0.0, 0.000938, 0.985901, -0.167329, 0.3, 0.003679, 0.167324, 0.985895, 0.0, 0.0, 0.0, 0.0, 1.0]
            ]
        },
        {
            "name": "Tool_L",
            "time": [0.0, 0.3, 0.4833, 0.85, 1.1167, 1.5, 2.2333],
            "transform": [
                [0.997004, 0.01104, -0.076554, -0.0, -0.036659, -0.804079, -0.593391, 0.272858, -0.068067, 0.594062, -0.8008, -0.0, 0.0, 0.0, 0.0, 1.0],
                [0.997004, 0.01104, -0.076554, 0.0, -0.036659, -0.804079, -0.593391, 0.272858, -0.068067, 0.594062, -0.8008, -0.0, 0.0, 0.0, 0.0, 1.0],
                [0.997004, 0.01104, -0.076554, -0.0, -0.036659, -0.804079, -0.593391, 0.272858, -0.068067, 0.594062, -0.8008, -0.0, 0.0, 0.0, 0.0, 1.0],
                [0.997004, 0.01104, -0.076554, 0.0, -0.036659, -0.804079, -0.593391, 0.272858, -0.068067, 0.594062, -0.8008, -0.0, 0.0, 0.0, 0.0, 1.0],
                [0.997004, 0.01104, -0.076554, -0.0, -0.036659, -0.804079, -0.593391, 0.272858, -0.068067, 0.594062, -0.8008, -0.0, 0.0, 0.0, 0.0, 1.0],
                [0.997004, 0.01104, -0.076554, 0.0, -0.036659, -0.804079, -0.593391, 0.272858, -0.068067, 0.594062, -0.8008, -0.0, 0.0, 0.0, 0.0, 1.0],
                [0.997004, 0.01104, -0.076554, -0.0, -0.036659, -0.804079, -0.593391, 0.272858, -0.068067, 0.594062, -0.8008, -0.0, 0.0, 0.0, 0.0, 1.0]
            ]
        },
        {
            "name": "Elbow_L",
            "time": [0.0, 0.3, 0.4833, 0.85, 1.1167, 1.5, 2.2333],
            "transform": [
                [-1.0, 0.0, -0.0, 2.7e-05, 0.0, -0.0, -1.0, 0.334302, -0.0, -1.0, -0.0, -0.002121, 0.0, 0.0, 0.0, 1.0],
                [-1.0, 0.0, -0.0, 2.7e-05, 0.0, -0.0, -1.0, 0.334301, -0.0, -1.0, -0.0, -0.002121, 0.0, 0.0, 0.0, 1.0],
                [-1.0, 0.0, -0.0, 2.7e-05, 0.0, -0.0, -1.0, 0.334301, -0.0, -1.0, -0.0, -0.002121, 0.0, 0.0, 0.0, 1.0],
                [-1.0, 0.0, -0.0, 2.7e-05, 0.0, -0.0, -1.0, 0.334301, -0.0, -1.0, -0.0, -0.002121, 0.0, 0.0, 0.0, 1.0],
                [-1.0, 0.0, -0.0, 2.7e-05, 0.0, -0.0, -1.0, 0.334301, -0.0, -1.0, -0.0, -0.002121, 0.0, 0.0, 0.0, 1.0],
                [-1.0, 0.0, -0.0, 2.7e-05, 0.0, -0.0, -1.0, 0.334301, -0.0, -1.0, -0.0, -0.002121, 0.0, 0.0, 0.0, 1.0],
                [-1.0, 0.0, -0.0, 2.7e-05, 0.0, -0.0, -1.0, 0.334302, -0.0, -1.0, -0.0, -0.00212, 0.0, 0.0, 0.0, 1.0]
            ]
        }
    ]
}