{
    "animation": [
        {
            "name": "Root",
            "time": [0.0, 0.15, 0.2833, 0.4167, 0.5333, 0.6, 0.9, 1.0667, 1.2333, 1.3833],
            "transform": [
                [0.834853, 0.0, -0.550472, -0.105779, -0.550472, 0.0, -0.834853, -0.125048, 0.0, 1.0, 0.0, 0.437246, 0.0, 0.0, 0.0, 1.0],
                [0.683719, -0.00656, -0.729716, 0.001666, -0.708045, -0.248004, -0.661185, -0.186531, -0.176635, 0.968737, -0.17421, 0.680973, 0.0, 0.0, 0.0, 1.0],
                [0.559455, -0.136955, -0.817468, 0.011713, -0.727585, -0.553564, -0.4052, -0.144423, -0.397026, 0.821468, -0.409341, 0.637004, 0.0, 0.0, 0.0, 1.0],
                [0.93573, -0.17572, -0.305832, 0.008841, -0.181359, 0.503981, -0.84446, -0.149842, 0.302521, 0.845651, 0.439722, 0.79417, 0.0, 0.0, 0.0, 1.0],
                [0.704948, -0.346274, 0.618985, 0.060742, 0.70506, 0.436949, -0.558538, 0.38367, -0.077057, 0.830162, 0.552171, 0.658462, 0.0, 0.0, 0.0, 1.0],
                [0.548176, -0.390648, 0.739525, 0.099652, 0.832015, 0.34476, -0.434617, 0.708159, -0.085177, 0.853543, 0.514014, 0.389416, 0.0, 0.0, 0.0, 1.0],
                [0.540006, -0.379729, 0.751132, 0.099923, 0.841237, 0.271833, -0.467362, 0.677215, -0.026711, 0.884259, 0.466233, 0.487395, 0.0, 0.0, 0.0, 1.0],
                [0.540006, -0.379729, 0.751132, 0.099923, 0.841237, 0.271833, -0.467362, 0.677215, -0.026711, 0.884259, 0.466233, 0.487395, 0.0, 0.0, 0.0, 1.0],
                [0.993994, -0.090759, -0.061144, 0.073077, -0.017054, 0.423439, -0.905764, 0.323095, 0.108097, 0.901367, 0.419348, 0.692807, 0.0, 0.0, 0.0, 1.0],
                [0.854339, 0.028643, -0.518927, -0.000196, -0.51914, 0.0, -0.854689, 0.000946, -0.024481, 0.99959, 0.01487, 0.74699, 0.0, 0.0, 0.0, 1.0]
            ]
        },
        {
            "name": "Thigh_R",
            "time": [0.0, 0.15, 0.2833, 0.4167, 0.5333, 0.6, 0.9, 1.0667, 1.2333, 1.3833],
            "transform": [
                [0.996122, -0.00788, -0.08762, 0.124994, 0.068868, -0.549897, 0.832388, -0.002831, -0.054742, -0.835193, -0.547224, -1.2e-05, 0.0, 0.0, 0.0, 1.0],
                [0.954308, 0.225123, -0.196505, 0.124994, 0.153864, -0.93391, -0.322699, -0.002831, -0.256165, 0.27772, -0.925879, -1.2e-05, 0.0, 0.0, 0.0, 1.0],
                [0.856291, 0.232727, -0.461089, 0.124994, 0.40231, -0.860382, 0.312867, -0.002831, -0.323901, -0.453405, -0.830368, -1.2e-05, 0.0, 0.0, 0.0, 1.0],
                [0.991324, 0.079717, -0.104505, 0.124994, 0.129205, -0.736961, 0.663469, -0.002831, -0.024126, -0.671214, -0.74087, -1.2e-05, 0.0, 0.0, 0.0, 1.0],
                [0.828164, 0.539034, 0.153572, 0.124994, -0.305249, 0.203973, 0.930171, -0.002831, 0.47007, -0.817211, 0.333463, -1.2e-05, 0.0, 0.0, 0.0, 1.0],
                [0.597185, 0.778562, -0.192894, 0.124994, -0.257423, 0.413797, 0.873215, -0.002831, 0.759672, -0.471815, 0.447535, -1.2e-05, 0.0, 0.0, 0.0, 1.0],
                [0.597185, 0.795166, 0.105251, 0.124994, -0.257423, 0.065724, 0.964061, -0.002831, 0.759672, -0.602816, 0.243944, -1.2e-05, 0.0, 0.0, 0.0, 1.0],
                [0.597185, 0.795166, 0.105251, 0.124994, -0.257423, 0.065724, 0.964061, -0.002831, 0.759672, -0.602816, 0.243944, -1.2e-05, 0.0, 0.0, 0.0, 1.0],
                [0.980413, 0.180118, 0.079669, 0.124994, 0.082321, -0.742243, 0.665053, -0.002831, 0.178922, -0.645467, -0.742535, -1.2e-05, 0.0, 0.0, 0.0, 1.0],
                [0.988545, 0.148801, -0.025238, 0.124994, 0.148718, -0.988864, -0.005161, -0.002831, -0.025725, 0.001349, -0.999668, -1.2e-05, 0.0, 0.0, 0.0, 1.0]
            ]
        },
        {
            "name": "Leg_R",
            "time": [0.0, 0.15, 0.2833, 0.4167, 0.5333, 0.6, 0.9, 1.0667, 1.2333, 1.3833],
            "transform": [
                [1.0, -2e-06, 0.0, 0.0, -1e-06, -0.246352, 0.96918, 0.37472, -2e-06, -0.969182, -0.246352, 0.0, 0.0, 0.0, 0.0, 1.0],
                [0.99505, 0.018273, 0.097683, 0.0, -0.033526, 0.987052, 0.156861, 0.37472, -0.093552, -0.15936, 0.982777, -0.0, 0.0, 0.0, 0.0, 1.0],
                [1.0, -1e-06, -0.0, -0.0, -0.0, -0.181637, 0.983365, 0.37472, -1e-06, -0.983366, -0.181637, 0.0, 0.0, 0.0, 0.0, 1.0],
                [1.0, -1e-06, 0.0, 0.0, 0.0, 0.517613, 0.855614, 0.37472, -1e-06, -0.855616, 0.517612, -0.0, 0.0, 0.0, 0.0, 1.0],
                [1.0, -1e-06, -0.0, -0.0, 0.0, -0.267676, 0.963508, 0.37472, -1e-06, -0.96351, -0.267676, -0.0, 0.0, 0.0, 0.0, 1.0],
                [1.0, -1e-06, 0.0, 0.0, -0.0, -0.001728, 0.999998, 0.37472, -1e-06, -0.999999, -0.001728, 0.0, 0.0, 0.0, 0.0, 1.0],
                [1.0, -1e-06, 0.0, -0.0, -0.0, 0.215353, 0.976536, 0.37472, -1e-06, -0.976537, 0.215352, 0.0, 0.0, 0.0, 0.0, 1.0],
                [1.0, -1e-06, 0.0, -0.0, -0.0, 0.215353, 0.976536, 0.37472, -1e-06, -0.976537, 0.215352, 0.0, 0.0, 0.0, 0.0, 1.0],
                [1.0, -1e-06, 0.0, -0.0, -0.0, 0.320444, 0.947267, 0.37472, -1e-06, -0.947268, 0.320443, -0.0, 0.0, 0.0, 0.0, 1.0],
                [1.0, -0.0, 1e-06, -0.0, 0.0, 0.997612, 0.069073, 0.37472, -1e-06, -0.069073, 0.997611, -0.0, 0.0, 0.0, 0.0, 1.0]
            ]
        },
        {
            "name": "Knee_R",
            "time": [0.0, 0.15, 0.2833, 0.4167, 0.5333, 0.6, 0.9, 1.0667, 1.3833],
            "transform": [
                [1.0, 0.0, -0.0, 0.0, -0.0, 1e-06, -1.0, 0.37472, -0.0, 1.0, 1e-06, 0.0, 0.0, 0.0, 0.0, 1.0],
                [1.0, 0.0, -0.0, 0.0, -0.0, 1e-06, -1.0, 0.37472, -0.0, 1.0, 1e-06, -0.0, 0.0, 0.0, 0.0, 1.0],
                [1.0, 0.0, -0.0, -0.0, -0.0, 1e-06, -1.0, 0.37472, -0.0, 1.0, 1e-06, 0.0, 0.0, 0.0, 0.0, 1.0],
                [1.0, 0.0, -0.0, 0.0, -0.0, 1e-06, -1.0, 0.37472, -0.0, 1.0, 1e-06, -0.0, 0.0, 0.0, 0.0, 1.0],
                [1.0, 0.0, -0.0, -0.0, -0.0, 0.849738, -0.527205, 0.37472, -0.0, 0.527205, 0.849738, -0.0, 0.0, 0.0, 0.0, 1.0],
                [1.0, 0.0, -0.0, 0.0, -0.0, 1e-06, -1.0, 0.37472, -0.0, 1.0, 1e-06, 0.0, 0.0, 0.0, 0.0, 1.0],
                [1.0, 0.0, -0.0, -0.0, -0.0, 1e-06, -1.0, 0.37472, -0.0, 1.0, 1e-06, 0.0, 0.0, 0.0, 0.0, 1.0],
                [1.0, 0.0, -0.0, -0.0, -0.0, 1e-06, -1.0, 0.37472, -0.0, 1.0, 1e-06, 0.0, 0.0, 0.0, 0.0, 1.0],
                [1.0, 0.0, -0.0, -0.0, -0.0, 1e-06, -1.0, 0.37472, -0.0, 1.0, 1e-06, -0.0, 0.0, 0.0, 0.0, 1.0]
            ]
        },
        {
            "name": "Thigh_L",
            "time": [0.0, 0.15, 0.2833, 0.4167, 0.5333, 0.6, 0.9, 1.0667, 1.2333, 1.3833],
            "transform": [
                [0.866588, -0.474172, -0.155514, -0.125006, -0.027838, -0.357089, 0.933655, -0.002831, -0.498245, -0.804766, -0.32265, -1.2e-05, 0.0, 0.0, 0.0, 1.0],
                [0.741961, -0.363298, -0.563478, -0.125006, -0.027116, -0.856031, 0.516213, -0.002831, -0.669893, -0.367731, -0.644993, -1.2e-05, 0.0, 0.0, 0.0, 1.0],
                [0.449249, -0.769963, -0.453136, -0.125006, -0.399219, -0.626756, 0.669179, -0.002831, -0.799248, -0.119727, -0.588954, -1.2e-05, 0.0, 0.0, 0.0, 1.0],
                [0.927914, -0.36046, -0.095098, -0.125006, -0.234286, -0.762289, 0.603344, -0.002831, -0.289973, -0.537572, -0.79179, -1.2e-05, 0.0, 0.0, 0.0, 1.0],
                [0.914279, -0.402473, 0.045917, -0.125006, -0.392547, -0.852295, 0.345687, -0.002831, -0.099995, -0.334079, -0.937225, -1.2e-05, 0.0, 0.0, 0.0, 1.0],
                [0.658733, -0.746646, -0.092681, -0.125006, -0.668837, -0.637548, 0.382347, -0.002831, -0.344566, -0.189876, -0.919359, -1.2e-05, 0.0, 0.0, 0.0, 1.0],
                [0.701599, -0.706877, -0.089906, -0.125006, -0.62537, -0.6713, 0.397828, -0.002831, -0.341569, -0.222891, -0.913044, -1.2e-05, 0.0, 0.0, 0.0, 1.0],
                [0.701599, -0.706877, -0.089906, -0.125006, -0.62537, -0.6713, 0.397828, -0.002831, -0.341569, -0.222891, -0.913044, -1.2e-05, 0.0, 0.0, 0.0, 1.0],
                [0.934779, -0.107135, -0.338687, -0.125006, -0.037563, -0.977902, 0.205659, -0.002831, -0.353236, -0.179523, -0.918148, -1.2e-05, 0.0, 0.0, 0.0, 1.0],
                [0.869242, -0.150522, -0.470913, -0.125006, -0.021407, -0.96309, 0.268325, -0.002831, -0.493921, -0.223159, -0.840382, -1.2e-05, 0.0, 0.0, 0.0, 1.0]
            ]
        },
        {
            "name": "Leg_L",
            "time": [0.0, 0.15, 0.2833, 0.4167, 0.6, 0.9, 1.0667, 1.3833],
            "transform": [
                [1.0, -1e-06, 0.0, -0.0, -0.0, -0.065655, 0.997843, 0.37472, -1e-06, -0.997842, -0.065655, -0.0, 0.0, 0.0, 0.0, 1.0],
                [0.999738, -0.018178, -0.013919, -0.0, 0.022775, 0.727398, 0.685838, 0.37472, -0.002342, -0.685975, 0.727622, 0.0, 0.0, 0.0, 0.0, 1.0],
                [0.999313, -0.032392, -0.017985, -0.0, 0.035544, 0.701195, 0.712082, 0.37472, -0.010455, -0.712232, 0.701866, -0.0, 0.0, 0.0, 0.0, 1.0],
                [0.999313, -0.037075, 0.000155, -0.0, 0.035683, 0.962918, 0.267422, 0.37472, -0.010064, -0.267233, 0.96358, -0.0, 0.0, 0.0, 0.0, 1.0],
                [0.999313, -0.037075, 0.000155, 0.0, 0.035683, 0.962918, 0.267422, 0.37472, -0.010064, -0.267233, 0.96358, -0.0, 0.0, 0.0, 0.0, 1.0],
                [0.999313, -0.037075, 0.000155, 0.0, 0.035683, 0.962918, 0.267422, 0.37472, -0.010064, -0.267233, 0.96358, -0.0, 0.0, 0.0, 0.0, 1.0],
                [0.999313, -0.037075, 0.000155, 0.0, 0.035683, 0.962918, 0.267422, 0.37472, -0.010064, -0.267233, 0.96358, -0.0, 0.0, 0.0, 0.0, 1.0],
                [0.998576, 0.053341, 0.000405, -0.0, -0.051599, 0.963981, 0.260918, 0.37472, 0.013527, -0.260567, 0.965361, -0.0, 0.0, 0.0, 0.0, 1.0]
            ]
        },
        {
            "name": "Knee_L",
            "time": [0.0, 0.15, 0.2833, 0.4167, 0.6, 0.9, 1.0667, 1.3833],
            "transform": [
                [1.0, 0.0, -0.0, -0.0, -0.0, 1e-06, -1.0, 0.37472, -0.0, 1.0, 1e-06, -0.0, 0.0, 0.0, 0.0, 1.0],
                [1.0, 0.0, -0.0, -0.0, -0.0, 1e-06, -1.0, 0.37472, -0.0, 1.0, 0.0, 0.0, 0.0, 0.0, 0.0, 1.0],
                [1.0, 0.0, -0.0, -0.0, -0.0, 1e-06, -1.0, 0.37472, -0.0, 1.0, 1e-06, -0.0, 0.0, 0.0, 0.0, 1.0],
                [1.0, 0.0, -0.0, -0.0, -0.0, 1e-06, -1.0, 0.37472, -0.0, 1.0, 1e-06, -0.0, 0.0, 0.0, 0.0, 1.0],
                [1.0, 0.0, -0.0, 0.0, -0.0, 1e-06, -1.0, 0.37472, -0.0, 1.0, 1e-06, -0.0, 0.0, 0.0, 0.0, 1.0],
                [1.0, 0.0, -0.0, 0.0, -0.0, 1e-06, -1.0, 0.37472, -0.0, 1.0, 1e-06, -0.0, 0.0, 0.0, 0.0, 1.0],
                [1.0, 0.0, -0.0, 0.0, -0.0, 1e-06, -1.0, 0.37472, -0.0, 1.0, 1e-06, -0.0, 0.0, 0.0, 0.0, 1.0],
                [1.0, 0.0, -0.0, -0.0, -0.0, 1e-06, -1.0, 0.37472, -0.0, 1.0, 1e-06, -0.0, 0.0, 0.0, 0.0, 1.0]
            ]
        },
        {
            "name": "Torso",
            "time": [0.0, 0.15, 0.2833, 0.4167, 0.6, 0.9, 1.0667, 1.3833],
            "transform": [
                [0.981277, 0.0108, -0.192301, 0.0, -0.017548, 0.999287, -0.033421, 0.05, 0.191803, 0.036169, 0.980767, 0.0, 0.0, 0.0, 0.0, 1.0],
                [0.995863, 0.088519, -0.020533, 0.0, -0.09074, 0.980777, -0.172751, 0.05, 0.004846, 0.1739, 0.984751, -0.0, 0.0, 0.0, 0.0, 1.0],
                [0.993143, 0.113821, -0.026665, 0.0, -0.116875, 0.971656, -0.205487, 0.05, 0.002521, 0.207195, 0.978296, -0.0, 0.0, 0.0, 0.0, 1.0],
                [0.993143, 0.113821, -0.026665, 0.0, -0.116875, 0.971656, -0.205487, 0.05, 0.002521, 0.207195, 0.978296, -0.0, 0.0, 0.0, 0.0, 1.0],
                [0.974635, 0.222445, 0.024608, 0.0, -0.22325, 0.974053, 0.037149, 0.05, -0.015705, -0.0417, 0.999007, 0.0, 0.0, 0.0, 0.0, 1.0],
                [0.987376, 0.15815, 0.008732, -0.0, -0.157682, 0.986673, -0.040171, 0.05, -0.014968, 0.038287, 0.999155, 0.0, 0.0, 0.0, 0.0, 1.0],
                [0.987376, 0.15815, 0.008732, -0.0, -0.157682, 0.986673, -0.040171, 0.05, -0.014968, 0.038287, 0.999155, 0.0, 0.0, 0.0, 0.0, 1.0],
                [0.999042, -0.043673, -0.002705, 0.0, 0.04367, 0.999045, -0.001423, 0.05, 0.002765, 0.001304, 0.999995, -0.0, 0.0, 0.0, 0.0, 1.0]
            ]
        },
        {
            "name": "Chest",
            "time": [0.0, 0.15, 0.2833, 0.4167, 0.4833, 0.6, 0.9, 1.0667, 1.3833],
            "transform": [
                [0.963687, -0.011176, -0.266802, -0.0, 0.052557, 0.987519, 0.14847, 0.3, 0.261813, -0.157101, 0.952247, -0.0, 0.0, 0.0, 0.0, 1.0],
                [0.850206, 0.098224, -0.517206, 0.0, -0.159221, 0.984406, -0.074783, 0.3, 0.501795, 0.145931, 0.852588, 0.0, 0.0, 0.0, 0.0, 1.0],
                [0.788847, 0.104471, -0.605646, -0.0, -0.203089, 0.974399, -0.096443, 0.3, 0.580065, 0.199079, 0.789869, -0.0, 0.0, 0.0, 0.0, 1.0],
                [0.788847, 0.104471, -0.605646, 0.0, -0.203089, 0.974399, -0.096443, 0.3, 0.580065, 0.199079, 0.789869, -0.0, 0.0, 0.0, 0.0, 1.0],
                [0.855228, -0.047461, -0.516074, -0.0, 0.018108, 0.997926, -0.061767, 0.3, 0.517935, 0.04348, 0.854314, -0.0, 0.0, 0.0, 0.0, 1.0],
                [0.95984, 0.006049, 0.280481, -0.0, -0.083339, 0.960785, 0.264473, 0.3, -0.267883, -0.277227, 0.922705, 0.0, 0.0, 0.0, 0.0, 1.0],
                [0.96175, -0.020522, 0.27316, 0.0, -0.048014, 0.969123, 0.241858, 0.3, -0.269689, -0.245722, 0.931069, 0.0, 0.0, 0.0, 0.0, 1.0],
                [0.96175, -0.020522, 0.27316, 0.0, -0.048014, 0.969123, 0.241858, 0.3, -0.269689, -0.245722, 0.931069, 0.0, 0.0, 0.0, 0.0, 1.0],
                [0.999771, -0.021316, -0.002029, 0.0, 0.021411, 0.994316, 0.104295, 0.3, -0.000206, -0.104315, 0.994544, -0.0, 0.0, 0.0, 0.0, 1.0]
            ]
        },
        {
            "name": "Head",
            "time": [0.0, 0.15, 0.2833, 0.4167, 0.6, 0.9, 1.0667, 1.3833],
            "transform": [
                [0.689378, -0.058669, 0.722022, 0.0, 0.083627, 0.996497, 0.001126, 0.4, -0.719558, 0.059604, 0.691869, -0.0, 0.0, 0.0, 0.0, 1.0],
                [0.36317, -0.136979, 0.921599, -0.0, 0.009688, 0.989636, 0.143274, 0.4, -0.931673, -0.043104, 0.360733, -0.0, 0.0, 0.0, 0.0, 1.0],
                [0.262611, -0.176794, 0.948567, 0.0, -0.012809, 0.982346, 0.186635, 0.4, -0.964817, -0.061163, 0.255711, 0.0, 0.0, 0.0, 0.0, 1.0],
                [0.666788, -0.11998, 0.735526, 0.0, -0.0119, 0.985115, 0.171482, 0.4, -0.745152, -0.123095, 0.655436, -0.0, 0.0, 0.0, 0.0, 1.0],
                [0.616346, -0.287216, -0.733229, -0.0, 0.171114, 0.957713, -0.231312, 0.4, 0.76866, 0.017102, 0.639429, 0.0, 0.0, 0.0, 0.0, 1.0],
                [0.616346, -0.11998, -0.778282, -0.0, 0.171114, 0.985115, -0.016355, 0.4, 0.76866, -0.123095, 0.627702, 0.0, 0.0, 0.0, 0.0, 1.0],
                [0.616346, -0.11998, -0.778282, -0.0, 0.171114, 0.985115, -0.016355, 0.4, 0.76866, -0.123095, 0.627702, 0.0, 0.0, 0.0, 0.0, 1.0],
                [0.85311, 0.037721, 0.520365, -0.0, -0.006297, 0.998055, -0.062025, 0.4, -0.521692, 0.049637, 0.851689, -0.0, 0.0, 0.0, 0.0, 1.0]
            ]
        },
        {
            "name": "Shoulder_R",
            "time": [0.0, 0.15, 0.2833, 0.4167, 0.6, 0.9, 1.0667, 1.3833],
            "transform": [
                [0.356552, 0.842834, 0.403113, 0.0, -0.197463, -0.353741, 0.914262, 0.4, 0.913169, -0.405582, 0.040302, -0.0, 0.0, 0.0, 0.0, 1.0],
                [0.065735, 0.996855, 0.044243, -0.0, 0.089907, -0.050075, 0.99469, 0.4, 0.993778, -0.061408, -0.092916, -0.0, 0.0, 0.0, 0.0, 1.0],
                [0.057091, 0.998368, 0.001333, 0.0, 0.088498, -0.006391, 0.996056, 0.4, 0.994439, -0.056748, -0.088719, 0.0, 0.0, 0.0, 0.0, 1.0],
                [0.057091, 0.998368, 0.001333, 0.0, 0.088498, -0.006391, 0.996056, 0.4, 0.994439, -0.056748, -0.088719, -0.0, 0.0, 0.0, 0.0, 1.0],
                [0.057091, 0.998368, 0.001333, -0.0, 0.088498, -0.006391, 0.996056, 0.4, 0.994439, -0.056748, -0.088719, 0.0, 0.0, 0.0, 0.0, 1.0],
                [0.057091, 0.998368, 0.001334, -0.0, 0.088498, -0.006391, 0.996056, 0.4, 0.994439, -0.056748, -0.088719, 0.0, 0.0, 0.0, 0.0, 1.0],
                [0.057091, 0.998368, 0.001334, -0.0, 0.088498, -0.006391, 0.996056, 0.4, 0.994439, -0.056748, -0.088719, 0.0, 0.0, 0.0, 0.0, 1.0],
                [0.110305, 0.959352, 0.259762, -0.0, 0.091141, -0.270019, 0.958532, 0.4, 0.98971, -0.082056, -0.11722, -0.0, 0.0, 0.0, 0.0, 1.0]
            ]
        },
        {
            "name": "Arm_R",
            "time": [0.0, 0.0833, 0.15, 0.2833, 0.4167, 0.4833, 0.5333, 0.6, 0.9, 1.0667, 1.3833],
            "transform": [
                [0.016005, -0.035545, -0.99924, 0.0, 0.894149, 0.447767, -0.001606, 0.39386, 0.447483, -0.893444, 0.038949, 0.0, 0.0, 0.0, 0.0, 1.0],
                [0.936262, -0.256548, -0.239994, 0.0, 0.333054, 0.865531, 0.374074, 0.393861, 0.111754, -0.430162, 0.895808, -0.0, 0.0, 0.0, 0.0, 1.0],
                [-0.595035, -0.268264, 0.757606, -0.0, 0.5549, 0.544779, 0.62873, 0.39386, -0.581394, 0.794512, -0.175303, 0.0, 0.0, 0.0, 0.0, 1.0],
                [-0.756962, 0.044558, 0.651938, 0.0, 0.514004, 0.656639, 0.551929, 0.39386, -0.403495, 0.752888, -0.519953, -0.0, 0.0, 0.0, 0.0, 1.0],
                [-0.756962, 0.044558, 0.651938, 0.0, 0.514004, 0.656639, 0.551929, 0.39386, -0.403495, 0.752888, -0.519953, -0.0, 0.0, 0.0, 0.0, 1.0],
                [-0.368347, 0.147303, 0.917944, 0.0, 0.921515, 0.188485, 0.339534, 0.39386, -0.123004, 0.970966, -0.20517, -0.0, 0.0, 0.0, 0.0, 1.0],
                [0.461028, -0.52974, 0.71192, 0.0, 0.882995, 0.353562, -0.308728, 0.39386, -0.088162, 0.770954, 0.630759, -0.0, 0.0, 0.0, 0.0, 1.0],
                [0.836864, -0.508674, 0.202264, -0.0, 0.275969, 0.711138, 0.646625, 0.393861, -0.472758, -0.485318, 0.735504, 0.0, 0.0, 0.0, 0.0, 1.0],
                [0.836864, -0.537668, 0.102823, -0.0, 0.275969, 0.576601, 0.769007, 0.39386, -0.472758, -0.615178, 0.630916, -0.0, 0.0, 0.0, 0.0, 1.0],
                [0.836864, -0.537668, 0.102823, -0.0, 0.275969, 0.576601, 0.769007, 0.39386, -0.472758, -0.615178, 0.630916, -0.0, 0.0, 0.0, 0.0, 1.0],
                [0.016005, -0.035545, -0.99924, -0.0, 0.894149, 0.447767, -0.001606, 0.393861, 0.447483, -0.893444, 0.038949, 0.0, 0.0, 0.0, 0.0, 1.0]
            ]
        },
        {
            "name": "Hand_R",
            "time": [0.0, 0.15, 0.2833, 0.4167, 0.6, 0.9, 1.0667, 1.3833],
            "transform": [
                [1.0, 0.0, 0.0, -0.0, -0.0, 0.994337, -0.106277, 0.3, -0.0, 0.106277, 0.994337, 0.0, 0.0, 0.0, 0.0, 1.0],
                [1.0, 0.0, 0.0, -0.0, -0.0, 0.994337, -0.106277, 0.3, -0.0, 0.106277, 0.994337, 0.0, 0.0, 0.0, 0.0, 1.0],
                [1.0, 0.0, 0.0, -0.0, -0.0, 0.994337, -0.106277, 0.3, -0.0, 0.106277, 0.994337, -0.0, 0.0, 0.0, 0.0, 1.0],
                [1.0, 0.0, 0.0, 0.0, -0.0, 0.994337, -0.106277, 0.3, -0.0, 0.106277, 0.994337, 0.0, 0.0, 0.0, 0.0, 1.0],
                [1.0, 0.0, 0.0, -0.0, -0.0, 0.994337, -0.106277, 0.3, -0.0, 0.106277, 0.994337, -0.0, 0.0, 0.0, 0.0, 1.0],
                [1.0, 0.0, 0.0, 0.0, -0.0, 0.994337, -0.106277, 0.3, -0.0, 0.106277, 0.994337, 0.0, 0.0, 0.0, 0.0, 1.0],
                [1.0, 0.0, 0.0, 0.0, -0.0, 0.994337, -0.106277, 0.3, -0.0, 0.106277, 0.994337, 0.0, 0.0, 0.0, 0.0, 1.0],
                [1.0, 0.0, 0.0, -0.0, -0.0, 0.994337, -0.106277, 0.3, -0.0, 0.106277, 0.994337, 0.0, 0.0, 0.0, 0.0, 1.0]
            ]
        },
        {
            "name": "Tool_R",
            "time": [0.0, 0.15, 0.2833, 0.4167, 0.5333, 0.6, 0.9, 1.0667, 1.3833],
            "transform": [
                [0.98921, 0.138613, -0.047437, 0.0, 0.140008, -0.989769, 0.027465, 0.272858, -0.043117, -0.033801, -0.997905, -0.0, 0.0, 0.0, 0.0, 1.0],
                [0.976086, -0.063799, 0.207812, 0.015054, -0.000916, -0.957162, -0.28955, 0.243316, 0.217254, 0.282258, -0.933781, 0.024459, 0.0, 0.0, 0.0, 1.0],
                [0.976086, -0.063799, 0.207811, 0.015054, -0.000916, -0.957162, -0.28955, 0.243316, 0.217254, 0.282258, -0.933781, 0.024459, 0.0, 0.0, 0.0, 1.0],
                [0.976086, -0.063799, 0.207812, 0.015054, -0.000916, -0.957163, -0.28955, 0.243316, 0.217254, 0.282258, -0.933781, 0.024459, 0.0, 0.0, 0.0, 1.0],
                [0.999002, -0.043071, -0.011814, 0.015054, -0.044578, -0.977783, -0.204824, 0.243316, -0.002728, 0.205014, -0.97815, 0.024459, 0.0, 0.0, 0.0, 1.0],
                [0.999113, -0.036794, 0.020458, 0.015054, -0.028611, -0.949923, -0.31117, 0.243316, 0.030864, 0.310115, -0.949575, 0.024459, 0.0, 0.0, 0.0, 1.0],
                [0.999113, -0.032746, 0.026462, 0.015054, -0.028614, -0.989201, -0.143744, 0.243316, 0.030865, 0.142764, -0.988677, 0.02446, 0.0, 0.0, 0.0, 1.0],
                [0.999113, -0.032746, 0.026462, 0.015054, -0.028614, -0.989201, -0.143744, 0.243316, 0.030865, 0.142764, -0.988677, 0.02446, 0.0, 0.0, 0.0, 1.0],
                [0.976086, -0.063799, 0.207812, 0.015054, -0.000916, -0.957162, -0.28955, 0.243316, 0.217254, 0.282258, -0.933782, 0.024459, 0.0, 0.0, 0.0, 1.0]
            ]
        },
        {
            "name": "Elbow_R",
            "time": [0.0, 0.15, 0.2833, 0.4167, 0.6, 0.9, 1.0667, 1.3833],
            "transform": [
                [-1.0, 0.0, -0.0, -0.0, 0.0, -0.0, -1.0, 0.3, -0.0, -1.0, 0.0, 0.0, 0.0, 0.0, 0.0, 1.0],
                [-1.0, 0.0, -0.0, -0.0, 0.0, 0.0, -1.0, 0.341622, -0.0, -1.0, -0.0, 0.0, 0.0, 0.0, 0.0, 1.0],
                [-1.0, 0.0, -0.0, -0.0, 0.0, -0.0, -1.0, 0.341622, -0.0, -1.0, 0.0, -0.0, 0.0, 0.0, 0.0, 1.0],
                [-1.0, 0.0, -0.0, -0.0, 0.0, -0.0, -1.0, 0.341622, -0.0, -1.0, 0.0, -0.0, 0.0, 0.0, 0.0, 1.0],
                [-1.0, 0.0, -0.0, -0.0, 0.0, 0.0, -1.0, 0.341622, -0.0, -1.0, 0.0, -0.0, 0.0, 0.0, 0.0, 1.0],
                [-1.0, 0.0, -0.0, -0.0, 0.0, -0.0, -1.0, 0.341622, -0.0, -1.0, 0.0, 0.0, 0.0, 0.0, 0.0, 1.0],
                [-1.0, 0.0, -0.0, -0.0, 0.0, -0.0, -1.0, 0.341622, -0.0, -1.0, 0.0, 0.0, 0.0, 0.0, 0.0, 1.0],
                [-1.0, 0.0, -0.0, -0.0, 0.0, -0.0, -1.0, 0.341622, -0.0, -1.0, 0.0, 0.0, 0.0, 0.0, 0.0, 1.0]
            ]
        },
        {
            "name": "Shoulder_L",
            "time": [0.0, 0.15, 0.2833, 0.4167, 0.6, 0.9, 1.0667, 1.3833],
            "transform": [
                [0.096912, -0.948632, -0.301172, 0.0, -0.001219, -0.302709, 0.953082, 0.4, -0.995292, -0.091998, -0.030493, -0.0, 0.0, 0.0, 0.0, 1.0],
                [-0.226937, -0.919734, -0.320295, -0.0, -0.021067, -0.324163, 0.945767, 0.4, -0.973681, 0.221377, 0.054189, -0.0, 0.0, 0.0, 0.0, 1.0],
                [-0.226937, -0.913069, -0.338827, 0.0, -0.021067, -0.34322, 0.939019, 0.4, -0.973682, 0.220236, 0.058654, 0.0, 0.0, 0.0, 0.0, 1.0],
                [-0.226937, -0.913069, -0.338827, 0.0, -0.021067, -0.34322, 0.939019, 0.4, -0.973682, 0.220237, 0.058654, -0.0, 0.0, 0.0, 0.0, 1.0],
                [-0.226937, -0.913069, -0.338827, -0.0, -0.021067, -0.34322, 0.939019, 0.4, -0.973681, 0.220236, 0.058654, 0.0, 0.0, 0.0, 0.0, 1.0],
                [-0.226937, -0.913069, -0.338827, -0.0, -0.021067, -0.34322, 0.939019, 0.4, -0.973682, 0.220236, 0.058654, 0.0, 0.0, 0.0, 0.0, 1.0],
                [-0.226937, -0.913069, -0.338827, -0.0, -0.021067, -0.34322, 0.939019, 0.4, -0.973682, 0.220236, 0.058654, 0.0, 0.0, 0.0, 0.0, 1.0],
                [-0.226937, -0.947819, -0.223918, -0.0, -0.021067, -0.225085, 0.974111, 0.4, -0.973681, 0.225779, 0.031113, -0.0, 0.0, 0.0, 0.0, 1.0]
            ]
        },
        {
            "name": "Arm_L",
            "time": [0.0, 0.15, 0.2833, 0.4167, 0.6, 0.9, 1.0667, 1.3833],
            "transform": [
                [-0.31706, 0.27082, 0.908917, 0.0, -0.817821, 0.407223, -0.406618, 0.39386, -0.480252, -0.872253, 0.092368, -0.0, 0.0, 0.0, 0.0, 1.0],
                [-0.318946, 0.18603, 0.929336, 0.0, -0.447222, 0.834979, -0.320628, 0.39386, -0.835623, -0.517883, -0.183117, -0.0, 0.0, 0.0, 0.0, 1.0],
                [-0.295355, 0.221583, 0.929336, 0.0, -0.347907, 0.880998, -0.320628, 0.39386, -0.88979, -0.418022, -0.183117, 0.0, 0.0, 0.0, 0.0, 1.0],
                [-0.295355, 0.221583, 0.929336, 0.0, -0.347907, 0.880998, -0.320627, 0.39386, -0.88979, -0.418022, -0.183117, -0.0, 0.0, 0.0, 0.0, 1.0],
                [-0.295355, 0.221583, 0.929336, -0.0, -0.347907, 0.880998, -0.320628, 0.39386, -0.88979, -0.418022, -0.183117, 0.0, 0.0, 0.0, 0.0, 1.0],
                [-0.295355, 0.221583, 0.929336, -0.0, -0.347907, 0.880998, -0.320628, 0.39386, -0.88979, -0.418022, -0.183117, 0.0, 0.0, 0.0, 0.0, 1.0],
                [-0.295355, 0.221583, 0.929336, -0.0, -0.347907, 0.880998, -0.320628, 0.39386, -0.88979, -0.418022, -0.183117, 0.0, 0.0, 0.0, 0.0, 1.0],
                [-0.368333, -0.025786, 0.929336, 0.0, -0.839661, 0.438368, -0.320628, 0.39386, -0.399124, -0.898425, -0.183117, -0.0, 0.0, 0.0, 0.0, 1.0]
            ]
        },
        {
            "name": "Hand_L",
            "time": [0.0, 0.15, 0.2833, 0.4167, 0.6, 0.9, 1.0667, 1.3833],
            "transform": [
                [0.99932, -0.023322, 0.028571, -0.0, 0.036869, 0.651221, -0.757992, 0.3, -0.000928, 0.758529, 0.651638, -0.0, 0.0, 0.0, 0.0, 1.0],
                [0.999993, -0.003493, -0.001488, -0.0, 0.000938, 0.607153, -0.794585, 0.3, 0.003679, 0.794578, 0.607152, -0.0, 0.0, 0.0, 0.0, 1.0],
                [0.999993, -0.00367, -0.000972, 0.0, 0.000938, 0.486955, -0.873427, 0.3, 0.003679, 0.87342, 0.486955, 0.0, 0.0, 0.0, 0.0, 1.0],
                [0.999993, -0.00367, -0.000972, -0.0, 0.000938, 0.486955, -0.873427, 0.3, 0.003679, 0.87342, 0.486955, -0.0, 0.0, 0.0, 0.0, 1.0],
                [0.999993, -0.002159, -0.003123, -0.0, 0.000938, 0.937587, -0.347751, 0.3, 0.003679, 0.347745, 0.937582, -0.0, 0.0, 0.0, 0.0, 1.0],
                [0.999993, -0.002159, -0.003123, -0.0, 0.000938, 0.937587, -0.347751, 0.3, 0.003679, 0.347745, 0.937582, 0.0, 0.0, 0.0, 0.0, 1.0],
                [0.999993, -0.002159, -0.003123, -0.0, 0.000938, 0.937587, -0.347751, 0.3, 0.003679, 0.347745, 0.937582, 0.0, 0.0, 0.0, 0.0, 1.0],
                [0.999993, -0.001541, -0.00347, 0.0, 0.000938, 0.985901, -0.167329, 0.3, 0.003679, 0.167324, 0.985895, -0.0, 0.0, 0.0, 0.0, 1.0]
            ]
        },
        {
            "name": "Tool_L",
            "time": [0.0, 0.15, 0.2833, 0.4167, 0.6, 0.9, 1.0667, 1.3833],
            "transform": [
                [-0.286383, -0.251951, 0.924394, 0.390248, 0.95762, -0.044248, 0.284616, -0.151788, -0.030778, 0.966159, 0.253799, 0.363088, 0.0, 0.0, 0.0, 1.0],
                [0.997004, 0.01104, -0.076554, -0.0, -0.036659, -0.804079, -0.593391, 0.272858, -0.068067, 0.594062, -0.8008, -0.0, 0.0, 0.0, 0.0, 1.0],
                [0.997004, 0.01104, -0.076554, -0.0, -0.036659, -0.804079, -0.593391, 0.272858, -0.068067, 0.594062, -0.8008, -0.0, 0.0, 0.0, 0.0, 1.0],
                [0.997004, 0.01104, -0.076554, -0.0, -0.036659, -0.804079, -0.593391, 0.272858, -0.068067, 0.594062, -0.8008, -0.0, 0.0, 0.0, 0.0, 1.0],
                [0.997004, 0.01104, -0.076554, -0.0, -0.036659, -0.804079, -0.593391, 0.272858, -0.068067, 0.594062, -0.8008, -0.0, 0.0, 0.0, 0.0, 1.0],
                [0.997004, 0.01104, -0.076554, -0.0, -0.036659, -0.804079, -0.593391, 0.272858, -0.068067, 0.594062, -0.8008, -0.0, 0.0, 0.0, 0.0, 1.0],
                [0.997004, 0.01104, -0.076554, -0.0, -0.036659, -0.804079, -0.593391, 0.272858, -0.068067, 0.594062, -0.8008, -0.0, 0.0, 0.0, 0.0, 1.0],
                [0.997004, 0.01104, -0.076554, -0.0, -0.036659, -0.804079, -0.593391, 0.272858, -0.068067, 0.594062, -0.8008, -0.0, 0.0, 0.0, 0.0, 1.0]
            ]
        },
        {
            "name": "Elbow_L",
            "time": [0.0, 0.15, 0.2833, 0.4167, 0.6, 0.9, 1.0667, 1.3833],
            "transform": [
                [-1.0, 0.0, -0.0, 2.7e-05, 0.0, -0.0, -1.0, 0.334301, -0.0, -1.0, -0.0, -0.002121, 0.0, 0.0, 0.0, 1.0],
                [-1.0, 0.0, -0.0, 2.7e-05, 0.0, -0.0, -1.0, 0.334301, -0.0, -1.0, -0.0, -0.002121, 0.0, 0.0, 0.0, 1.0],
                [-1.0, 0.0, -0.0, 2.7e-05, 0.0, -0.0, -1.0, 0.334301, -0.0, -1.0, -0.0, -0.002121, 0.0, 0.0, 0.0, 1.0],
                [-1.0, 0.0, -0.0, 2.7e-05, 0.0, -0.0, -1.0, 0.334301, -0.0, -1.0, -0.0, -0.002121, 0.0, 0.0, 0.0, 1.0],
                [-1.0, 0.0, -0.0, 2.7e-05, 0.0, -0.0, -1.0, 0.334301, -0.0, -1.0, -0.0, -0.002121, 0.0, 0.0, 0.0, 1.0],
                [-1.0, 0.0, -0.0, 2.7e-05, 0.0, -0.0, -1.0, 0.334301, -0.0, -1.0, -0.0, -0.002121, 0.0, 0.0, 0.0, 1.0],
                [-1.0, 0.0, -0.0, 2.7e-05, 0.0, -0.0, -1.0, 0.334301, -0.0, -1.0, -0.0, -0.002121, 0.0, 0.0, 0.0, 1.0],
                [-1.0, 0.0, -0.0, 2.7e-05, 0.0, -0.0, -1.0, 0.334302, -0.0, -1.0, -0.0, -0.002121, 0.0, 0.0, 0.0, 1.0]
            ]
        }
    ]
}