{
    "animation": [
        {
            "name": "Root",
            "time": [0.0, 0.1, 0.15, 0.2, 0.3, 0.65],
            "transform": [
                [0.745081, 0.020974, 0.666645, -0.000797, 0.658773, 0.133119, -0.740471, -0.058023, -0.104273, 0.990878, 0.085367, 0.622844, 0.0, 0.0, 0.0, 1.0],
                [0.372221, -0.040716, 0.927251, -0.000284, 0.91829, 0.161346, -0.36154, -0.065053, -0.134888, 0.986058, 0.097445, 0.496427, 0.0, 0.0, 0.0, 1.0],
                [0.372222, -0.040716, 0.92725, -0.000355, 0.928136, 0.012236, -0.37204, -0.064081, 0.003802, 0.999096, 0.042344, 0.437845, 0.0, 0.0, 0.0, 1.0],
                [0.372222, -0.040716, 0.92725, -0.000519, 0.928136, 0.012236, -0.37204, -0.06184, 0.003802, 0.999096, 0.042344, 0.623282, 0.0, 0.0, 0.0, 1.0],
                [0.372222, -0.040716, 0.92725, -0.000797, 0.928136, 0.012236, -0.37204, -0.058023, 0.003802, 0.999096, 0.042344, 0.584199, 0.0, 0.0, 0.0, 1.0],
                [0.745081, 0.020974, 0.666645, -0.000797, 0.658773, 0.133119, -0.740471, -0.058023, -0.104273, 0.990878, 0.085367, 0.622844, 0.0, 0.0, 0.0, 1.0]
            ]
        },
        {
            "name": "Thigh_R",
            "time": [0.0, 0.1, 0.3, 0.65],
            "transform": [
                [0.69688, 0.657002, 0.287582, 0.124994, 0.03508, -0.431731, 0.90132, -0.002831, 0.716328, -0.618023, -0.323914, -1.2e-05, 0.0, 0.0, 0.0, 1.0],
                [0.550746, 0.834558, -0.013731, 0.124994, 0.304417, -0.185519, 0.934298, -0.002831, 0.77718, -0.51874, -0.356229, -1.2e-05, 0.0, 0.0, 0.0, 1.0],
                [0.667586, 0.68079, 0.301416, 0.124994, 0.193283, -0.549428, 0.812877, -0.002831, 0.719007, -0.484406, -0.498377, -1.2e-05, 0.0, 0.0, 0.0, 1.0],
                [0.69688, 0.657002, 0.287582, 0.124994, 0.03508, -0.431731, 0.90132, -0.002831, 0.716328, -0.618023, -0.323914, -1.2e-05, 0.0, 0.0, 0.0, 1.0]
            ]
        },
        {
            "name": "Leg_R",
            "time": [0.0, 0.1, 0.3, 0.65],
            "transform": [
                [1.0, -1e-06, 0.0, -0.0, 0.0, 0.617801, 0.786334, 0.37472, -1e-06, -0.786335, 0.6178, 0.0, 0.0, 0.0, 0.0, 1.0],
                [1.0, -1e-06, 0.0, -0.0, 0.0, 0.678056, 0.73501, 0.37472, -1e-06, -0.735011, 0.678055, 0.0, 0.0, 0.0, 0.0, 1.0],
                [1.0, -1e-06, 0.0, 0.0, 0.0, 0.678056, 0.73501, 0.37472, -1e-06, -0.735011, 0.678055, 0.0, 0.0, 0.0, 0.0, 1.0],
                [1.0, -1e-06, 0.0, -0.0, 0.0, 0.617801, 0.786334, 0.37472, -1e-06, -0.786335, 0.6178, 0.0, 0.0, 0.0, 0.0, 1.0]
            ]
        },
        {
            "name": "Knee_R",
            "time": [0.0, 0.1, 0.3, 0.65],
            "transform": [
                [1.0, 0.0, -0.0, -0.0, -0.0, 1e-06, -1.0, 0.37472, -0.0, 1.0, 0.0, 0.0, 0.0, 0.0, 0.0, 1.0],
                [1.0, 0.0, -0.0, -0.0, -0.0, 1e-06, -1.0, 0.37472, -0.0, 1.0, 1e-06, 0.0, 0.0, 0.0, 0.0, 1.0],
                [1.0, 0.0, -0.0, 0.0, -0.0, 1e-06, -1.0, 0.37472, -0.0, 1.0, 1e-06, 0.0, 0.0, 0.0, 0.0, 1.0],
                [1.0, 0.0, -0.0, -0.0, -0.0, 1e-06, -1.0, 0.37472, -0.0, 1.0, 0.0, 0.0, 0.0, 0.0, 0.0, 1.0]
            ]
        },
        {
            "name": "Thigh_L",
            "time": [0.0, 0.1, 0.3, 0.65],
            "transform": [
                [0.792223, -0.433137, -0.429854, -0.125006, -0.442533, -0.892806, 0.084032, -0.002831, -0.420173, 0.123653, -0.898979, -1.2e-05, 0.0, 0.0, 0.0, 1.0],
                [0.651583, -0.719409, -0.240603, -0.125006, -0.656606, -0.693709, 0.296034, -0.002831, -0.379878, -0.034909, -0.924377, -1.2e-05, 0.0, 0.0, 0.0, 1.0],
                [0.689295, -0.705206, -0.166002, -0.125006, -0.610996, -0.688982, 0.389855, -0.002831, -0.3893, -0.167299, -0.90579, -1.2e-05, 0.0, 0.0, 0.0, 1.0],
                [0.792223, -0.433137, -0.429854, -0.125006, -0.442533, -0.892806, 0.084032, -0.002831, -0.420173, 0.123653, -0.898979, -1.2e-05, 0.0, 0.0, 0.0, 1.0]
            ]
        },
        {
            "name": "Leg_L",
            "time": [0.0, 0.1, 0.3, 0.65],
            "transform": [
                [0.998576, 0.053341, 0.000405, 0.0, -0.051599, 0.963981, 0.260918, 0.37472, 0.013527, -0.260567, 0.965361, 0.0, 0.0, 0.0, 0.0, 1.0],
                [0.998576, 0.052654, 0.008548, 0.0, -0.051599, 0.912816, 0.405098, 0.37472, 0.013527, -0.404962, 0.914234, -0.0, 0.0, 0.0, 0.0, 1.0],
                [0.998576, 0.051238, 0.014837, -0.0, -0.051599, 0.857283, 0.512254, 0.37472, 0.013527, -0.51229, 0.858706, 0.0, 0.0, 0.0, 0.0, 1.0],
                [0.998576, 0.053341, 0.000405, 0.0, -0.051599, 0.963981, 0.260918, 0.37472, 0.013527, -0.260567, 0.965361, 0.0, 0.0, 0.0, 0.0, 1.0]
            ]
        },
        {
            "name": "Knee_L",
            "time": [0.0, 0.1, 0.3, 0.65],
            "transform": [
                [1.0, 0.0, -0.0, 0.0, -0.0, 1e-06, -1.0, 0.37472, -0.0, 1.0, 1e-06, 0.0, 0.0, 0.0, 0.0, 1.0],
                [1.0, 0.0, -0.0, 0.0, -0.0, 1e-06, -1.0, 0.37472, -0.0, 1.0, 1e-06, -0.0, 0.0, 0.0, 0.0, 1.0],
                [1.0, 0.0, -0.0, -0.0, -0.0, 1e-06, -1.0, 0.37472, -0.0, 1.0, 1e-06, 0.0, 0.0, 0.0, 0.0, 1.0],
                [1.0, 0.0, -0.0, 0.0, -0.0, 1e-06, -1.0, 0.37472, -0.0, 1.0, 1e-06, 0.0, 0.0, 0.0, 0.0, 1.0]
            ]
        },
        {
            "name": "Torso",
            "time": [0.0, 0.1, 0.3, 0.65],
            "transform": [
                [0.999042, -0.043673, -0.002706, -0.0, 0.04367, 0.999045, -0.001423, 0.05, 0.002765, 0.001304, 0.999995, -0.0, 0.0, 0.0, 0.0, 1.0],
                [0.997945, 0.057049, -0.029173, 0.0, -0.054442, 0.995021, 0.08348, 0.05, 0.03379, -0.081721, 0.996082, -0.0, 0.0, 0.0, 0.0, 1.0],
                [0.999042, -0.043673, -0.002706, -0.0, 0.04367, 0.999045, -0.001423, 0.05, 0.002765, 0.001304, 0.999995, -0.0, 0.0, 0.0, 0.0, 1.0],
                [0.999042, -0.043673, -0.002706, -0.0, 0.04367, 0.999045, -0.001423, 0.05, 0.002765, 0.001304, 0.999995, -0.0, 0.0, 0.0, 0.0, 1.0]
            ]
        },
        {
            "name": "Chest",
            "time": [0.0, 0.1, 0.3, 0.65],
            "transform": [
                [0.914064, -0.241039, 0.326171, 0.0, 0.279396, 0.957194, -0.075618, 0.3, -0.293982, 0.16025, 0.942282, -0.0, 0.0, 0.0, 0.0, 1.0],
                [0.821211, 0.259362, 0.508276, 0.0, -0.23166, 0.965562, -0.118418, 0.3, -0.521485, -0.020501, 0.853014, 0.0, 0.0, 0.0, 0.0, 1.0],
                [0.823033, 0.245282, 0.512302, 0.0, -0.212105, 0.969426, -0.12339, 0.3, -0.526904, -0.007108, 0.849895, -0.0, 0.0, 0.0, 0.0, 1.0],
                [0.95876, -0.021316, 0.283417, 0.0, -0.009248, 0.994316, 0.106068, 0.3, -0.284067, -0.104315, 0.953113, -0.0, 0.0, 0.0, 0.0, 1.0]
            ]
        },
        {
            "name": "Head",
            "time": [0.0, 0.1, 0.3, 0.65],
            "transform": [
                [0.669301, -0.045453, -0.7416, -0.0, 0.06187, 0.99807, -0.005334, 0.4, 0.740411, -0.042313, 0.670821, -0.0, 0.0, 0.0, 0.0, 1.0],
                [-0.045972, -0.274085, -0.960606, -0.0, 0.040222, 0.960335, -0.275932, 0.4, 0.998133, -0.051323, -0.033124, 0.0, 0.0, 0.0, 0.0, 1.0],
                [-0.045972, -0.045453, -0.997908, -0.0, 0.040222, 0.99807, -0.047314, 0.4, 0.998133, -0.042313, -0.044055, -0.0, 0.0, 0.0, 0.0, 1.0],
                [0.669301, -0.045453, -0.7416, -0.0, 0.06187, 0.99807, -0.005334, 0.4, 0.740411, -0.042313, 0.670821, -0.0, 0.0, 0.0, 0.0, 1.0]
            ]
        },
        {
            "name": "Shoulder_R",
            "time": [0.0, 0.1, 0.3, 0.65],
            "transform": [
                [0.301269, 0.94012, -0.159409, -0.0, -0.022535, 0.17415, 0.984461, 0.4, 0.953273, -0.292995, 0.073652, -0.0, 0.0, 0.0, 0.0, 1.0],
                [-0.073582, 0.993382, -0.088191, -0.0, -0.086247, 0.081761, 0.992913, 0.4, 0.993553, 0.080667, 0.07966, 0.0, 0.0, 0.0, 0.0, 1.0],
                [-0.073582, 0.993382, -0.088191, -0.0, -0.086247, 0.081761, 0.992913, 0.4, 0.993553, 0.080667, 0.07966, -0.0, 0.0, 0.0, 0.0, 1.0],
                [0.323317, 0.943503, 0.07258, -0.0, 0.028054, -0.086223, 0.995881, 0.4, 0.945874, -0.319949, -0.054346, -0.0, 0.0, 0.0, 0.0, 1.0]
            ]
        },
        {
            "name": "Arm_R",
            "time": [0.0, 0.1, 0.3, 0.65],
            "transform": [
                [-0.935709, -0.059717, -0.34768, -0.0, -0.317287, 0.573254, 0.755453, 0.39386, 0.154196, 0.817199, -0.555346, -0.0, 0.0, 0.0, 0.0, 1.0],
                [-0.997789, 0.064672, 0.015287, 0.0, 0.066384, 0.959462, 0.273907, 0.393861, 0.003047, 0.274317, -0.961635, 0.0, 0.0, 0.0, 0.0, 1.0],
                [-0.997789, 0.066419, 0.002142, 0.0, 0.066384, 0.994744, 0.077957, 0.39386, 0.003047, 0.077927, -0.996954, -0.0, 0.0, 0.0, 0.0, 1.0],
                [-0.935709, -0.059717, -0.34768, 0.0, -0.317287, 0.573254, 0.755453, 0.39386, 0.154196, 0.817199, -0.555346, -0.0, 0.0, 0.0, 0.0, 1.0]
            ]
        },
        {
            "name": "Hand_R",
            "time": [0.0, 0.1, 0.3, 0.65],
            "transform": [
                [0.996735, 0.077075, -0.024059, 0.0, -0.072476, 0.985382, 0.154175, 0.3, 0.035591, -0.151928, 0.987751, -0.0, 0.0, 0.0, 0.0, 1.0],
                [0.996735, 0.077075, -0.024059, -0.0, -0.072476, 0.985382, 0.154175, 0.3, 0.035591, -0.151927, 0.987751, -0.0, 0.0, 0.0, 0.0, 1.0],
                [0.996735, 0.077075, -0.024059, -0.0, -0.072476, 0.985382, 0.154175, 0.3, 0.035591, -0.151928, 0.987751, -0.0, 0.0, 0.0, 0.0, 1.0],
                [0.999998, 0.000318, 0.001795, -0.0, 0.000868, 0.782864, -0.622193, 0.3, -0.001603, 0.622193, 0.782862, -0.0, 0.0, 0.0, 0.0, 1.0]
            ]
        },
        {
            "name": "Tool_R",
            "time": [0.0, 0.1, 0.3, 0.65],
            "transform": [
                [0.997659, 0.047394, -0.049293, 0.015054, 0.063292, -0.912894, 0.403261, 0.243316, -0.025871, -0.405206, -0.913211, 0.024459, 0.0, 0.0, 0.0, 1.0],
                [0.993703, 0.065289, 0.091059, 0.015054, 0.053939, -0.991067, 0.121972, 0.243316, 0.098152, -0.116234, -0.987761, 0.024459, 0.0, 0.0, 0.0, 1.0],
                [0.993703, 0.061255, 0.093822, 0.015054, 0.053942, -0.995446, 0.078599, 0.243316, 0.098152, -0.073011, -0.991893, 0.024459, 0.0, 0.0, 0.0, 1.0],
                [0.999979, 0.004216, -0.004899, 0.015054, 0.004253, -0.999963, 0.00752, 0.243316, -0.004864, -0.007547, -0.999368, 0.024459, 0.0, 0.0, 0.0, 1.0]
            ]
        },
        {
            "name": "Elbow_R",
            "time": [0.0, 0.1, 0.3, 0.65],
            "transform": [
                [-1.0, 0.0, -0.0, -0.0, 0.0, -0.0, -1.0, 0.341622, -0.0, -1.0, 0.0, -0.0, 0.0, 0.0, 0.0, 1.0],
                [-1.0, 0.0, -0.0, -0.0, 0.0, -0.0, -1.0, 0.341622, -0.0, -1.0, 0.0, 0.0, 0.0, 0.0, 0.0, 1.0],
                [-1.0, 0.0, -0.0, -0.0, 0.0, -0.0, -1.0, 0.341622, -0.0, -1.0, 0.0, -0.0, 0.0, 0.0, 0.0, 1.0],
                [-1.0, 0.0, -0.0, -0.0, 0.0, -0.0, -1.0, 0.341622, -0.0, -1.0, 0.0, 0.0, 0.0, 0.0, 0.0, 1.0]
            ]
        },
        {
            "name": "Shoulder_L",
            "time": [0.0, 0.1, 0.3, 0.65],
            "transform": [
                [0.937329, 0.266973, -0.223918, -0.0, 0.206498, 0.092008, 0.974111, 0.4, 0.280664, -0.959302, 0.031113, -0.0, 0.0, 0.0, 0.0, 1.0],
                [0.244749, -0.85135, -0.464005, -0.0, -0.068734, -0.49259, 0.867543, 0.4, -0.967147, -0.180437, -0.179078, 0.0, 0.0, 0.0, 0.0, 1.0],
                [0.244749, -0.85135, -0.464005, -0.0, -0.068734, -0.49259, 0.867543, 0.4, -0.967147, -0.180437, -0.179078, -0.0, 0.0, 0.0, 0.0, 1.0],
                [0.937329, 0.266973, -0.223918, -0.0, 0.206498, 0.092008, 0.974111, 0.4, 0.280664, -0.959302, 0.031113, -0.0, 0.0, 0.0, 0.0, 1.0]
            ]
        },
        {
            "name": "Arm_L",
            "time": [0.0, 0.1, 0.3, 0.65],
            "transform": [
                [0.197229, 0.796835, 0.571099, 0.0, 0.532917, 0.401812, -0.744678, 0.39386, -0.822861, 0.451221, -0.345398, -0.0, 0.0, 0.0, 0.0, 1.0],
                [0.322468, -0.175305, 0.930206, -0.0, 0.064161, 0.984489, 0.163293, 0.39386, -0.944403, 0.007026, 0.328714, 0.0, 0.0, 0.0, 0.0, 1.0],
                [0.355212, -0.092422, 0.930206, -0.0, -0.174996, 0.970933, 0.163293, 0.39386, -0.91826, -0.220785, 0.328714, 0.0, 0.0, 0.0, 0.0, 1.0],
                [-0.050369, 0.84401, 0.533957, -0.0, 0.324376, 0.519476, -0.790522, 0.39386, -0.944586, 0.133385, -0.299943, 0.0, 0.0, 0.0, 0.0, 1.0]
            ]
        },
        {
            "name": "Hand_L",
            "time": [0.0, 0.1, 0.3, 0.65],
            "transform": [
                [0.999993, -0.001541, -0.00347, -0.0, 0.000938, 0.985901, -0.167329, 0.300001, 0.003679, 0.167324, 0.985895, -0.0, 0.0, 0.0, 0.0, 1.0],
                [0.999993, -0.001541, -0.00347, 0.0, 0.000938, 0.985901, -0.167329, 0.3, 0.003679, 0.167324, 0.985895, 0.0, 0.0, 0.0, 0.0, 1.0],
                [0.999993, -0.001541, -0.00347, 0.0, 0.000938, 0.985901, -0.167329, 0.3, 0.003679, 0.167324, 0.985895, -0.0, 0.0, 0.0, 0.0, 1.0],
                [0.999993, -0.001541, -0.00347, -0.0, 0.000938, 0.985901, -0.167329, 0.3, 0.003679, 0.167324, 0.985895, -0.0, 0.0, 0.0, 0.0, 1.0]
            ]
        },
        {
            "name": "Tool_L",
            "time": [0.0, 0.1, 0.3, 0.65],
            "transform": [
                [0.997004, 0.01104, -0.076554, 0.0, -0.036659, -0.804079, -0.593391, 0.272858, -0.068067, 0.594062, -0.8008, -0.0, 0.0, 0.0, 0.0, 1.0],
                [0.997004, 0.01104, -0.076554, -0.0, -0.036659, -0.804079, -0.593391, 0.272858, -0.068067, 0.594062, -0.8008, -0.0, 0.0, 0.0, 0.0, 1.0],
                [0.997004, 0.01104, -0.076554, 0.0, -0.036659, -0.804079, -0.593391, 0.272858, -0.068067, 0.594062, -0.8008, -0.0, 0.0, 0.0, 0.0, 1.0],
                [0.997004, 0.01104, -0.076554, 0.0, -0.036659, -0.804079, -0.593391, 0.272858, -0.068067, 0.594062, -0.8008, -0.0, 0.0, 0.0, 0.0, 1.0]
            ]
        },
        {
            "name": "Elbow_L",
            "time": [0.0, 0.1, 0.3, 0.65],
            "transform": [
                [-1.0, 0.0, 0.0, 2.7e-05, 0.0, -0.0, -1.0, 0.334302, -0.0, -1.0, -0.0, -0.002121, 0.0, 0.0, 0.0, 1.0],
                [-1.0, 0.0, -0.0, 2.7e-05, 0.0, -0.0, -1.0, 0.334301, -0.0, -1.0, -0.0, -0.002121, 0.0, 0.0, 0.0, 1.0],
                [-1.0, 0.0, -0.0, 2.7e-05, 0.0, -0.0, -1.0, 0.334301, -0.0, -1.0, -0.0, -0.002121, 0.0, 0.0, 0.0, 1.0],
                [-1.0, 0.0, -0.0, 2.7e-05, 0.0, -0.0, -1.0, 0.334301, -0.0, -1.0, -0.0, -0.002121, 0.0, 0.0, 0.0, 1.0]
            ]
        }
    ]
}