{
    "animation": [
        {
            "name": "Root",
            "time": [0.0, 0.35, 0.6333, 0.95, 1.2167, 1.55, 1.9, 2.15, 2.6, 2.9667, 3.3333],
            "transform": [
                [0.854339, 0.028643, -0.518927, -0.000196, -0.51914, 0.0, -0.854689, 0.000946, -0.024481, 0.99959, 0.01487, 0.74699, 0.0, 0.0, 0.0, 1.0],
                [0.854339, 0.028643, -0.518927, -0.006536, -0.51914, 0.0, -0.854689, 0.133827, -0.024481, 0.99959, 0.01487, 0.743105, 0.0, 0.0, 0.0, 1.0],
                [0.854339, 0.028643, -0.518927, -0.008065, -0.51914, 0.0, -0.854689, 0.152689, -0.024481, 0.99959, 0.01487, 0.738791, 0.0, 0.0, 0.0, 1.0],
                [0.854339, 0.028643, -0.518927, -0.009219, -0.51914, 0.0, -0.854689, 0.152689, -0.024481, 0.99959, 0.01487, 0.702522, 0.0, 0.0, 0.0, 1.0],
                [0.854339, 0.028643, -0.518927, -0.009219, -0.51914, 0.0, -0.854689, 0.152689, -0.024481, 0.99959, 0.01487, 0.702522, 0.0, 0.0, 0.0, 1.0],
                [0.854339, 0.028643, -0.518927, -0.009607, -0.51914, 0.0, -0.854689, 0.152689, -0.024481, 0.99959, 0.01487, 0.688989, 0.0, 0.0, 0.0, 1.0],
                [0.853854, 0.040597, -0.518927, -0.003203, -0.519089, -0.007265, -0.854689, 0.155766, -0.038468, 0.999149, 0.01487, 0.649192, 0.0, 0.0, 0.0, 1.0],
                [0.852665, 0.032736, -0.521432, -0.001584, -0.522458, 0.053314, -0.850996, 0.264525, -5.9e-05, 0.998041, 0.062562, 0.624282, 0.0, 0.0, 0.0, 1.0],
                [0.853854, 0.040597, -0.518927, -0.003203, -0.519089, -0.007265, -0.854689, 0.155766, -0.038468, 0.999149, 0.01487, 0.649192, 0.0, 0.0, 0.0, 1.0],
                [0.854138, 0.03462, -0.518893, -0.0017, -0.510728, -0.132198, -0.849517, 0.054049, -0.098007, 0.990619, -0.095235, 0.762238, 0.0, 0.0, 0.0, 1.0],
                [0.854339, 0.028643, -0.518927, -0.000196, -0.51914, 0.0, -0.854689, 0.000946, -0.024481, 0.99959, 0.01487, 0.74699, 0.0, 0.0, 0.0, 1.0]
            ]
        },
        {
            "name": "Thigh_R",
            "time": [0.0, 0.35, 0.6333, 0.95, 1.2167, 1.55, 1.9, 2.15, 2.6, 2.9667, 3.3333],
            "transform": [
                [0.988545, 0.148801, -0.025238, 0.124994, 0.148718, -0.988864, -0.005161, -0.002831, -0.025725, 0.001349, -0.999668, -1.2e-05, 0.0, 0.0, 0.0, 1.0],
                [0.965884, 0.258882, -0.006839, 0.124994, 0.255265, -0.956172, -0.143421, -0.002831, -0.043668, 0.136783, -0.989638, -1.2e-05, 0.0, 0.0, 0.0, 1.0],
                [0.957358, 0.288898, 0.001697, 0.124994, 0.284196, -0.940681, -0.185335, -0.002831, -0.051946, 0.177914, -0.982674, -1.2e-05, 0.0, 0.0, 0.0, 1.0],
                [0.948259, 0.317485, -0.002614, 0.124994, 0.306922, -0.918749, -0.248384, -0.002831, -0.08126, 0.23473, -0.968658, -1.2e-05, 0.0, 0.0, 0.0, 1.0],
                [0.948259, 0.317485, -0.002614, 0.124994, 0.306922, -0.918749, -0.248384, -0.002831, -0.08126, 0.23473, -0.968658, -1.2e-05, 0.0, 0.0, 0.0, 1.0],
                [0.938482, 0.345275, 0.005914, 0.124994, 0.330368, -0.89271, -0.306467, -0.002831, -0.100536, 0.289568, -0.951863, -1.2e-05, 0.0, 0.0, 0.0, 1.0],
                [0.960923, 0.276793, -0.003539, 0.124994, 0.273684, -0.951887, -0.137859, -0.002831, -0.041527, 0.131503, -0.990446, -1.2e-05, 0.0, 0.0, 0.0, 1.0],
                [0.932143, 0.35668, 0.062346, 0.124994, 0.360585, -0.930083, -0.070146, -0.002831, 0.032967, 0.087867, -0.995587, -1.2e-05, 0.0, 0.0, 0.0, 1.0],
                [0.919436, 0.392435, 0.025115, 0.124994, 0.372533, -0.848792, -0.375192, -0.002831, -0.125922, 0.354321, -0.926607, -1.2e-05, 0.0, 0.0, 0.0, 1.0],
                [0.980408, 0.193778, -0.035347, 0.124994, 0.190634, -0.978606, -0.077357, -0.002831, -0.049581, 0.069103, -0.996377, -1.2e-05, 0.0, 0.0, 0.0, 1.0],
                [0.988545, 0.148801, -0.025238, 0.124994, 0.148718, -0.988864, -0.005161, -0.002831, -0.025725, 0.001349, -0.999668, -1.2e-05, 0.0, 0.0, 0.0, 1.0]
            ]
        },
        {
            "name": "Leg_R",
            "time": [0.0, 0.35, 0.6333, 0.95, 1.2167, 1.55, 1.9, 2.15, 2.6, 3.3333],
            "transform": [
                [1.0, -0.0, 1e-06, -0.0, 0.0, 0.997612, 0.069073, 0.37472, -1e-06, -0.069073, 0.997611, -0.0, 0.0, 0.0, 0.0, 1.0],
                [1.0, -0.0, 1e-06, -0.0, 0.0, 0.997612, 0.069073, 0.37472, -1e-06, -0.069073, 0.997611, 0.0, 0.0, 0.0, 0.0, 1.0],
                [1.0, -0.0, 1e-06, -0.0, 0.0, 0.997612, 0.069073, 0.37472, -1e-06, -0.069073, 0.997611, -0.0, 0.0, 0.0, 0.0, 1.0],
                [1.0, -0.0, 1e-06, -0.0, 0.0, 0.997612, 0.069073, 0.37472, -1e-06, -0.069073, 0.997611, 0.0, 0.0, 0.0, 0.0, 1.0],
                [1.0, -0.0, 1e-06, -0.0, 0.0, 0.997612, 0.069073, 0.37472, -1e-06, -0.069073, 0.997611, 0.0, 0.0, 0.0, 0.0, 1.0],
                [1.0, -0.0, 1e-06, -0.0, 0.0, 0.997612, 0.069073, 0.37472, -1e-06, -0.069073, 0.997611, -0.0, 0.0, 0.0, 0.0, 1.0],
                [1.0, -1e-06, 1e-06, 0.0, 0.0, 0.854941, 0.518727, 0.37472, -1e-06, -0.518728, 0.854939, -0.0, 0.0, 0.0, 0.0, 1.0],
                [1.0, -1e-06, 1e-06, -0.0, 0.0, 0.840109, 0.542418, 0.37472, -1e-06, -0.542419, 0.840108, 0.0, 0.0, 0.0, 0.0, 1.0],
                [1.0, -0.0, 1e-06, -0.0, 0.0, 0.997612, 0.069073, 0.37472, -1e-06, -0.069073, 0.997611, -0.0, 0.0, 0.0, 0.0, 1.0],
                [1.0, -0.0, 1e-06, -0.0, 0.0, 0.997612, 0.069073, 0.37472, -1e-06, -0.069073, 0.997611, -0.0, 0.0, 0.0, 0.0, 1.0]
            ]
        },
        {
            "name": "Knee_R",
            "time": [0.0, 0.35, 0.6333, 0.95, 1.2167, 1.55, 1.9, 2.15, 2.6, 3.3333],
            "transform": [
                [1.0, 0.0, -0.0, -0.0, -0.0, 1e-06, -1.0, 0.37472, -0.0, 1.0, 1e-06, -0.0, 0.0, 0.0, 0.0, 1.0],
                [1.0, 0.0, -0.0, -0.0, -0.0, 1e-06, -1.0, 0.37472, -0.0, 1.0, 1e-06, 0.0, 0.0, 0.0, 0.0, 1.0],
                [1.0, 0.0, -0.0, -0.0, -0.0, 1e-06, -1.0, 0.37472, -0.0, 1.0, 1e-06, -0.0, 0.0, 0.0, 0.0, 1.0],
                [1.0, 0.0, -0.0, -0.0, -0.0, 1e-06, -1.0, 0.37472, -0.0, 1.0, 1e-06, 0.0, 0.0, 0.0, 0.0, 1.0],
                [1.0, 0.0, -0.0, -0.0, -0.0, 1e-06, -1.0, 0.37472, -0.0, 1.0, 1e-06, 0.0, 0.0, 0.0, 0.0, 1.0],
                [1.0, 0.0, -0.0, -0.0, -0.0, 1e-06, -1.0, 0.37472, -0.0, 1.0, 1e-06, -0.0, 0.0, 0.0, 0.0, 1.0],
                [1.0, 0.0, -0.0, 0.0, -0.0, 1e-06, -1.0, 0.37472, -0.0, 1.0, 1e-06, -0.0, 0.0, 0.0, 0.0, 1.0],
                [1.0, 0.0, -0.0, -0.0, -0.0, 1e-06, -1.0, 0.37472, -0.0, 1.0, 1e-06, 0.0, 0.0, 0.0, 0.0, 1.0],
                [1.0, 0.0, -0.0, -0.0, -0.0, 1e-06, -1.0, 0.37472, -0.0, 1.0, 1e-06, -0.0, 0.0, 0.0, 0.0, 1.0],
                [1.0, 0.0, -0.0, -0.0, -0.0, 1e-06, -1.0, 0.37472, -0.0, 1.0, 1e-06, -0.0, 0.0, 0.0, 0.0, 1.0]
            ]
        },
        {
            "name": "Thigh_L",
            "time": [0.0, 0.35, 0.6333, 0.95, 1.2167, 1.55, 1.9, 2.15, 2.6, 3.3333],
            "transform": [
                [0.869242, -0.150522, -0.470913, -0.125006, -0.021407, -0.96309, 0.268325, -0.002831, -0.493921, -0.223159, -0.840382, -1.2e-05, 0.0, 0.0, 0.0, 1.0],
                [0.862712, -0.231538, -0.449574, -0.125006, -0.044798, -0.920521, 0.388117, -0.002831, -0.503706, -0.314693, -0.804517, -1.2e-05, 0.0, 0.0, 0.0, 1.0],
                [0.859936, -0.260973, -0.438636, -0.125006, -0.050122, -0.898422, 0.436264, -0.002831, -0.507933, -0.353174, -0.785667, -1.2e-05, 0.0, 0.0, 0.0, 1.0],
                [0.859445, -0.32943, -0.390934, -0.125006, -0.050312, -0.815489, 0.576581, -0.002831, -0.508745, -0.475871, -0.717443, -1.2e-05, 0.0, 0.0, 0.0, 1.0],
                [0.859445, -0.32943, -0.390934, -0.125006, -0.050312, -0.815489, 0.576581, -0.002831, -0.508745, -0.475871, -0.717443, -1.2e-05, 0.0, 0.0, 0.0, 1.0],
                [0.857119, -0.336414, -0.390091, -0.125006, -0.052312, -0.810218, 0.583789, -0.002831, -0.512454, -0.479971, -0.712052, -1.2e-05, 0.0, 0.0, 0.0, 1.0],
                [0.857119, -0.361161, -0.367299, -0.125006, -0.052312, -0.770381, 0.635433, -0.002831, -0.512454, -0.525428, -0.679202, -1.2e-05, 0.0, 0.0, 0.0, 1.0],
                [0.857119, -0.414699, -0.305566, -0.125006, -0.052312, -0.660205, 0.749261, -0.002831, -0.512454, -0.626221, -0.587569, -1.2e-05, 0.0, 0.0, 0.0, 1.0],
                [0.857119, -0.361161, -0.367299, -0.125006, -0.052312, -0.770381, 0.635433, -0.002831, -0.512454, -0.525428, -0.679202, -1.2e-05, 0.0, 0.0, 0.0, 1.0],
                [0.869242, -0.150522, -0.470913, -0.125006, -0.021407, -0.96309, 0.268325, -0.002831, -0.493921, -0.223159, -0.840382, -1.2e-05, 0.0, 0.0, 0.0, 1.0]
            ]
        },
        {
            "name": "Leg_L",
            "time": [0.0, 0.35, 0.6333, 0.95, 1.2167, 1.55, 1.9, 2.15, 2.6, 2.9667, 3.3333],
            "transform": [
                [0.998576, 0.053341, 0.000405, -0.0, -0.051599, 0.963981, 0.260918, 0.37472, 0.013527, -0.260567, 0.965361, -0.0, 0.0, 0.0, 0.0, 1.0],
                [0.998576, 0.053341, 0.000405, 0.0, -0.051599, 0.963981, 0.260918, 0.37472, 0.013527, -0.260567, 0.965361, -0.0, 0.0, 0.0, 0.0, 1.0],
                [0.998576, 0.053341, 0.000405, -0.0, -0.051599, 0.963981, 0.260918, 0.37472, 0.013527, -0.260567, 0.965361, -0.0, 0.0, 0.0, 0.0, 1.0],
                [0.998576, 0.051922, 0.01223, -0.0, -0.051599, 0.88206, 0.468302, 0.37472, 0.013527, -0.468266, 0.883484, 0.0, 0.0, 0.0, 0.0, 1.0],
                [0.998576, 0.051922, 0.01223, -0.0, -0.051599, 0.88206, 0.468302, 0.37472, 0.013527, -0.468266, 0.883484, 0.0, 0.0, 0.0, 0.0, 1.0],
                [0.998576, 0.051922, 0.01223, 0.0, -0.051599, 0.88206, 0.468303, 0.37472, 0.013527, -0.468267, 0.883484, -0.0, 0.0, 0.0, 0.0, 1.0],
                [0.998576, 0.051922, 0.01223, 0.0, -0.051599, 0.88206, 0.468303, 0.37472, 0.013527, -0.468267, 0.883484, -0.0, 0.0, 0.0, 0.0, 1.0],
                [0.998576, 0.042743, 0.031914, 0.0, -0.051599, 0.622278, 0.781094, 0.37472, 0.013527, -0.781628, 0.623598, 0.0, 0.0, 0.0, 0.0, 1.0],
                [0.998576, 0.051922, 0.01223, 0.0, -0.051599, 0.88206, 0.468303, 0.37472, 0.013527, -0.468267, 0.883484, -0.0, 0.0, 0.0, 0.0, 1.0],
                [0.998577, 0.044796, 0.028933, -0.0, -0.051578, 0.673527, 0.737361, 0.37472, 0.013544, -0.737803, 0.67488, -0.0, 0.0, 0.0, 0.0, 1.0],
                [0.998576, 0.053341, 0.000405, -0.0, -0.051599, 0.963981, 0.260918, 0.37472, 0.013527, -0.260567, 0.965361, -0.0, 0.0, 0.0, 0.0, 1.0]
            ]
        },
        {
            "name": "Knee_L",
            "time": [0.0, 0.35, 0.6333, 0.95, 1.2167, 1.55, 1.9, 2.15, 2.6, 3.3333],
            "transform": [
                [1.0, 0.0, -0.0, -0.0, -0.0, 1e-06, -1.0, 0.37472, -0.0, 1.0, 1e-06, -0.0, 0.0, 0.0, 0.0, 1.0],
                [1.0, 0.0, -0.0, 0.0, -0.0, 1e-06, -1.0, 0.37472, -0.0, 1.0, 1e-06, -0.0, 0.0, 0.0, 0.0, 1.0],
                [1.0, 0.0, -0.0, -0.0, -0.0, 1e-06, -1.0, 0.37472, -0.0, 1.0, 1e-06, -0.0, 0.0, 0.0, 0.0, 1.0],
                [1.0, 0.0, -0.0, -0.0, -0.0, 1e-06, -1.0, 0.37472, -0.0, 1.0, 1e-06, 0.0, 0.0, 0.0, 0.0, 1.0],
                [1.0, 0.0, -0.0, -0.0, -0.0, 1e-06, -1.0, 0.37472, -0.0, 1.0, 1e-06, 0.0, 0.0, 0.0, 0.0, 1.0],
                [1.0, 0.0, -0.0, 0.0, -0.0, 1e-06, -1.0, 0.37472, -0.0, 1.0, 1e-06, -0.0, 0.0, 0.0, 0.0, 1.0],
                [1.0, 0.0, -0.0, 0.0, -0.0, 1e-06, -1.0, 0.37472, -0.0, 1.0, 1e-06, -0.0, 0.0, 0.0, 0.0, 1.0],
                [1.0, 0.0, -0.0, 0.0, -0.0, 1e-06, -1.0, 0.37472, -0.0, 1.0, 1e-06, 0.0, 0.0, 0.0, 0.0, 1.0],
                [1.0, 0.0, -0.0, 0.0, -0.0, 1e-06, -1.0, 0.37472, -0.0, 1.0, 1e-06, -0.0, 0.0, 0.0, 0.0, 1.0],
                [1.0, 0.0, -0.0, -0.0, -0.0, 1e-06, -1.0, 0.37472, -0.0, 1.0, 1e-06, -0.0, 0.0, 0.0, 0.0, 1.0]
            ]
        },
        {
            "name": "Torso",
            "time": [0.0, 0.35, 0.6333, 0.95, 1.2167, 1.55, 1.9, 2.15, 2.6, 3.3333],
            "transform": [
                [0.999042, -0.043673, -0.002705, 0.0, 0.04367, 0.999045, -0.001423, 0.05, 0.002765, 0.001304, 0.999995, -0.0, 0.0, 0.0, 0.0, 1.0],
                [0.999042, -0.043673, -0.002705, -0.0, 0.04367, 0.999045, -0.001423, 0.05, 0.002765, 0.001304, 0.999995, -0.0, 0.0, 0.0, 0.0, 1.0],
                [0.999042, -0.043673, -0.002705, 0.0, 0.04367, 0.999045, -0.001423, 0.05, 0.002765, 0.001304, 0.999995, 0.0, 0.0, 0.0, 0.0, 1.0],
                [0.999042, -0.043673, -0.002705, -0.0, 0.04367, 0.999045, -0.001423, 0.05, 0.002765, 0.001304, 0.999995, 0.0, 0.0, 0.0, 0.0, 1.0],
                [0.999042, -0.043673, -0.002705, -0.0, 0.04367, 0.999045, -0.001423, 0.05, 0.002765, 0.001304, 0.999995, 0.0, 0.0, 0.0, 0.0, 1.0],
                [0.999042, -0.043673, -0.002705, -0.0, 0.04367, 0.999045, -0.001423, 0.05, 0.002765, 0.001304, 0.999995, 0.0, 0.0, 0.0, 0.0, 1.0],
                [0.999042, -0.043619, -0.003468, -0.0, 0.04367, 0.998918, 0.016022, 0.05, 0.002765, -0.016158, 0.999866, 0.0, 0.0, 0.0, 0.0, 1.0],
                [0.999042, -0.042813, -0.009039, -0.0, 0.04367, 0.988595, 0.144129, 0.05, 0.002765, -0.144386, 0.989517, 0.0, 0.0, 0.0, 0.0, 1.0],
                [0.999042, -0.04269, -0.009606, -0.0, 0.04367, 0.986594, 0.15724, 0.05, 0.002765, -0.157509, 0.987514, 0.0, 0.0, 0.0, 0.0, 1.0],
                [0.999042, -0.043673, -0.002705, 0.0, 0.04367, 0.999045, -0.001423, 0.05, 0.002765, 0.001304, 0.999995, -0.0, 0.0, 0.0, 0.0, 1.0]
            ]
        },
        {
            "name": "Chest",
            "time": [0.0, 0.35, 0.6333, 0.7833, 0.95, 1.2167, 1.55, 1.9, 2.15, 2.6, 3.3333],
            "transform": [
                [0.999771, -0.021316, -0.002029, 0.0, 0.021411, 0.994316, 0.104295, 0.3, -0.000206, -0.104315, 0.994544, -0.0, 0.0, 0.0, 0.0, 1.0],
                [0.965211, -0.027543, 0.260017, -0.0, -0.000226, 0.994348, 0.10617, 0.3, -0.261472, -0.102535, 0.95975, -0.0, 0.0, 0.0, 0.0, 1.0],
                [0.954708, -0.021316, 0.29678, 0.0, -0.010728, 0.994316, 0.105929, 0.3, -0.297351, -0.104315, 0.949053, 0.0, 0.0, 0.0, 0.0, 1.0],
                [0.950539, -0.090151, 0.297234, 0.0, 0.061034, 0.992508, 0.105844, 0.3, -0.304549, -0.082468, 0.94892, -0.0, 0.0, 0.0, 0.0, 1.0],
                [0.947397, 0.119179, 0.297044, 0.0, -0.156717, 0.981954, 0.105859, 0.3, -0.279068, -0.146843, 0.948978, 0.0, 0.0, 0.0, 0.0, 1.0],
                [0.947397, 0.119179, 0.297044, 0.0, -0.156717, 0.981954, 0.105859, 0.3, -0.279068, -0.146843, 0.948978, 0.0, 0.0, 0.0, 0.0, 1.0],
                [0.944756, 0.138564, 0.297044, 0.0, -0.176802, 0.978537, 0.105859, 0.3, -0.276001, -0.152529, 0.948978, 0.0, 0.0, 0.0, 0.0, 1.0],
                [0.945424, 0.114793, 0.304953, 0.0, -0.166752, 0.9745, 0.15014, 0.3, -0.279942, -0.192798, 0.940458, -0.0, 0.0, 0.0, 0.0, 1.0],
                [0.942054, -0.080315, 0.325704, 0.0, -0.096826, 0.864494, 0.49323, 0.3, -0.321183, -0.496186, 0.806624, -0.0, 0.0, 0.0, 0.0, 1.0],
                [0.940871, -0.027188, 0.337671, 0.0, -0.090431, 0.940446, 0.327694, 0.3, -0.326471, -0.338854, 0.88238, 0.0, 0.0, 0.0, 0.0, 1.0],
                [0.999771, -0.021316, -0.002029, 0.0, 0.021411, 0.994316, 0.104295, 0.3, -0.000206, -0.104315, 0.994544, -0.0, 0.0, 0.0, 0.0, 1.0]
            ]
        },
        {
            "name": "Head",
            "time": [0.0, 0.35, 0.6333, 1.2167, 1.55, 1.9, 2.15, 2.6, 3.3333],
            "transform": [
                [0.85311, 0.037721, 0.520365, -0.0, -0.006297, 0.998055, -0.062025, 0.4, -0.521692, 0.049637, 0.851689, -0.0, 0.0, 0.0, 0.0, 1.0],
                [0.853111, 0.037721, 0.520365, -0.0, -0.006297, 0.998055, -0.062025, 0.4, -0.521692, 0.049637, 0.851689, -0.0, 0.0, 0.0, 0.0, 1.0],
                [0.85311, 0.037721, 0.520365, 0.0, -0.006297, 0.998055, -0.062025, 0.4, -0.521692, 0.049637, 0.851688, 0.0, 0.0, 0.0, 0.0, 1.0],
                [0.943801, -0.012638, 0.330272, -0.0, 0.038417, 0.99669, -0.071644, 0.4, -0.328273, 0.080306, 0.941163, 0.0, 0.0, 0.0, 0.0, 1.0],
                [0.943297, -0.033348, 0.330272, 0.0, 0.060282, 0.995607, -0.071644, 0.4, -0.326432, 0.087491, 0.941163, 0.0, 0.0, 0.0, 0.0, 1.0],
                [0.943293, -0.024304, 0.331071, 0.0, 0.060484, 0.993206, -0.09942, 0.4, -0.326405, 0.113806, 0.938354, 0.0, 0.0, 0.0, 0.0, 1.0],
                [0.943297, 0.040913, 0.329419, -0.0, 0.060318, 0.954729, -0.291297, 0.4, -0.326423, 0.294649, 0.898126, -0.0, 0.0, 0.0, 0.0, 1.0],
                [0.943297, 0.047563, 0.328526, 0.0, 0.060282, 0.948682, -0.310433, 0.4, -0.326432, 0.312635, 0.892021, -0.0, 0.0, 0.0, 0.0, 1.0],
                [0.85311, 0.037721, 0.520365, -0.0, -0.006297, 0.998055, -0.062025, 0.4, -0.521692, 0.049637, 0.851689, -0.0, 0.0, 0.0, 0.0, 1.0]
            ]
        },
        {
            "name": "Shoulder_R",
            "time": [0.0, 0.35, 0.6333, 0.95, 1.2167, 1.55, 1.9, 2.15, 2.6, 3.3333],
            "transform": [
                [0.110305, 0.959352, 0.259762, -0.0, 0.091141, -0.270019, 0.958532, 0.4, 0.98971, -0.082056, -0.11722, -0.0, 0.0, 0.0, 0.0, 1.0],
                [0.225586, 0.939836, 0.256553, -0.0, 0.058144, -0.27586, 0.959438, 0.4, 0.972486, -0.201518, -0.116876, -0.0, 0.0, 0.0, 0.0, 1.0],
                [0.241829, 0.934902, 0.259762, 0.0, 0.052949, -0.280023, 0.958532, 0.4, 0.968873, -0.218047, -0.11722, 0.0, 0.0, 0.0, 0.0, 1.0],
                [0.012111, 0.935923, 0.351997, -0.0, 0.114932, -0.350992, 0.929298, 0.4, 0.993299, 0.029201, -0.111819, 0.0, 0.0, 0.0, 0.0, 1.0],
                [0.012111, 0.935923, 0.351997, -0.0, 0.114932, -0.350992, 0.929298, 0.4, 0.993299, 0.029201, -0.111819, 0.0, 0.0, 0.0, 0.0, 1.0],
                [0.012111, 0.935923, 0.351997, 0.0, 0.114933, -0.350992, 0.929298, 0.4, 0.993299, 0.029201, -0.111819, 0.0, 0.0, 0.0, 0.0, 1.0],
                [0.012111, 0.935923, 0.351997, 0.0, 0.114932, -0.350992, 0.929298, 0.4, 0.993299, 0.029201, -0.111819, 0.0, 0.0, 0.0, 0.0, 1.0],
                [0.012111, 0.935923, 0.351997, -0.0, 0.114932, -0.350992, 0.929298, 0.4, 0.993299, 0.029201, -0.111819, -0.0, 0.0, 0.0, 0.0, 1.0],
                [0.012111, 0.935923, 0.351997, 0.0, 0.114933, -0.350992, 0.929298, 0.4, 0.993299, 0.029201, -0.111819, -0.0, 0.0, 0.0, 0.0, 1.0],
                [0.110305, 0.959352, 0.259762, -0.0, 0.091141, -0.270019, 0.958532, 0.4, 0.98971, -0.082056, -0.11722, -0.0, 0.0, 0.0, 0.0, 1.0]
            ]
        },
        {
            "name": "Arm_R",
            "time": [0.0, 0.35, 0.6333, 0.95, 1.2167, 1.55, 1.9, 2.15, 2.6, 2.9667, 3.3333],
            "transform": [
                [0.016005, -0.035545, -0.99924, -0.0, 0.894149, 0.447767, -0.001606, 0.393861, 0.447483, -0.893444, 0.038949, 0.0, 0.0, 0.0, 0.0, 1.0],
                [-0.184549, -0.762735, -0.61982, 0.0, 0.775802, 0.274122, -0.568321, 0.39386, 0.603385, -0.585741, 0.541142, 0.0, 0.0, 0.0, 0.0, 1.0],
                [-0.16669, -0.73322, -0.659244, 0.0, 0.767007, 0.323725, -0.553988, 0.393861, 0.619609, -0.597989, 0.508423, -0.0, 0.0, 0.0, 0.0, 1.0],
                [-0.072874, -0.282686, -0.95644, 0.0, 0.760439, 0.604744, -0.236679, 0.39386, 0.645307, -0.744563, 0.170895, -0.0, 0.0, 0.0, 0.0, 1.0],
                [-0.072874, -0.282686, -0.95644, 0.0, 0.760439, 0.604744, -0.236679, 0.39386, 0.645307, -0.744563, 0.170895, -0.0, 0.0, 0.0, 0.0, 1.0],
                [-0.066208, -0.284321, -0.95644, -0.0, 0.746011, 0.622456, -0.236679, 0.39386, 0.662634, -0.729185, 0.170895, 0.0, 0.0, 0.0, 0.0, 1.0],
                [-0.0661, -0.346165, -0.935842, 0.0, 0.745809, 0.605926, -0.276808, 0.39386, 0.662872, -0.716256, 0.218121, -0.0, 0.0, 0.0, 0.0, 1.0],
                [-0.066176, -0.648609, -0.75824, -0.0, 0.745979, 0.472516, -0.469302, 0.393861, 0.662673, -0.596687, 0.452579, -0.0, 0.0, 0.0, 0.0, 1.0],
                [-0.066208, -0.771961, -0.632212, -0.0, 0.746011, 0.382473, -0.545144, 0.39386, 0.662634, -0.50773, 0.550569, 0.0, 0.0, 0.0, 0.0, 1.0],
                [-0.146531, 0.155856, -0.976851, 0.0, 0.501514, 0.862893, 0.062445, 0.39386, 0.85265, -0.480754, -0.204605, 0.0, 0.0, 0.0, 0.0, 1.0],
                [0.016005, -0.035545, -0.99924, -0.0, 0.894149, 0.447767, -0.001606, 0.393861, 0.447483, -0.893444, 0.038949, 0.0, 0.0, 0.0, 0.0, 1.0]
            ]
        },
        {
            "name": "Hand_R",
            "time": [0.0, 0.35, 0.6333, 0.95, 1.2167, 1.55, 1.9, 2.15, 2.6, 2.9667, 3.3333],
            "transform": [
                [0.999998, -0.000876, 0.001599, -0.0, 0.000868, 0.999986, 0.005244, 0.3, -0.001603, -0.005243, 0.999985, 0.0, 0.0, 0.0, 0.0, 1.0],
                [0.999998, 0.000496, 0.001754, 0.0, 0.000868, 0.716576, -0.697508, 0.3, -0.001603, 0.697509, 0.716574, 0.0, 0.0, 0.0, 0.0, 1.0],
                [0.999998, 0.000472, 0.001759, 0.0, 0.000867, 0.725738, -0.68797, 0.3, -0.001602, 0.687971, 0.725737, -0.0, 0.0, 0.0, 0.0, 1.0],
                [0.999998, -0.00104, 0.001498, 0.0, 0.000868, 0.993876, 0.110495, 0.3, -0.001603, -0.110494, 0.993876, -0.0, 0.0, 0.0, 0.0, 1.0],
                [0.999998, -0.000905, 0.001583, 0.0, 0.000868, 0.999726, 0.023417, 0.3, -0.001603, -0.023415, 0.999725, -0.0, 0.0, 0.0, 0.0, 1.0],
                [0.999998, -0.000905, 0.001583, -0.0, 0.000868, 0.999725, 0.023417, 0.3, -0.001603, -0.023415, 0.999725, 0.0, 0.0, 0.0, 0.0, 1.0],
                [0.999998, -0.000905, 0.001583, -0.0, 0.000868, 0.999725, 0.023417, 0.3, -0.001603, -0.023415, 0.999725, 0.0, 0.0, 0.0, 0.0, 1.0],
                [0.999998, -0.000905, 0.001583, 0.0, 0.000868, 0.999726, 0.023417, 0.3, -0.001603, -0.023415, 0.999725, -0.0, 0.0, 0.0, 0.0, 1.0],
                [0.999998, -0.000905, 0.001583, -0.0, 0.000868, 0.999725, 0.023417, 0.3, -0.001603, -0.023415, 0.999725, 0.0, 0.0, 0.0, 0.0, 1.0],
                [0.999998, 0.00063, 0.001711, 0.0, 0.000868, 0.660606, -0.750732, 0.3, -0.001603, 0.750732, 0.660605, -0.0, 0.0, 0.0, 0.0, 1.0],
                [0.999998, -0.000876, 0.001599, -0.0, 0.000868, 0.999986, 0.005244, 0.3, -0.001603, -0.005243, 0.999985, 0.0, 0.0, 0.0, 0.0, 1.0]
            ]
        },
        {
            "name": "Tool_R",
            "time": [0.0, 0.35, 0.6333, 0.95, 1.2167, 1.55, 1.9, 2.15, 2.6, 2.9667, 3.3333],
            "transform": [
                [0.976086, -0.063799, 0.207812, 0.015054, -0.000916, -0.957162, -0.28955, 0.243316, 0.217254, 0.282258, -0.933781, 0.024459, 0.0, 0.0, 0.0, 1.0],
                [0.976058, -0.04982, -0.211727, 0.015054, 0.000657, 0.974087, -0.226176, 0.243316, 0.21738, 0.220501, 0.950233, 0.024459, 0.0, 0.0, 0.0, 1.0],
                [0.976106, 0.009525, -0.217087, 0.015054, 0.000703, 0.998895, 0.046988, 0.243316, 0.217166, -0.04598, 0.974444, 0.024459, 0.0, 0.0, 0.0, 1.0],
                [0.976106, 0.009525, -0.217087, 0.015054, 0.000703, 0.998895, 0.046988, 0.243316, 0.217166, -0.04598, 0.974444, 0.024459, 0.0, 0.0, 0.0, 1.0],
                [0.976106, 0.009525, -0.217087, 0.015054, 0.000703, 0.998895, 0.046988, 0.243316, 0.217166, -0.04598, 0.974444, 0.024459, 0.0, 0.0, 0.0, 1.0],
                [0.976106, 0.009525, -0.217087, 0.015054, 0.000703, 0.998895, 0.046988, 0.243316, 0.217166, -0.04598, 0.974444, 0.024459, 0.0, 0.0, 0.0, 1.0],
                [0.976106, 0.009525, -0.217087, 0.015054, 0.000703, 0.998895, 0.046988, 0.243316, 0.217166, -0.04598, 0.974444, 0.024459, 0.0, 0.0, 0.0, 1.0],
                [0.976106, 0.009525, -0.217087, 0.015054, 0.000703, 0.998895, 0.046988, 0.243316, 0.217166, -0.04598, 0.974444, 0.024459, 0.0, 0.0, 0.0, 1.0],
                [0.976106, 0.009525, -0.217087, 0.015054, 0.000703, 0.998895, 0.046988, 0.243316, 0.217166, -0.04598, 0.974444, 0.024459, 0.0, 0.0, 0.0, 1.0],
                [0.676883, -0.208319, -0.705998, 0.015053, -0.643899, 0.297184, -0.705035, 0.243316, 0.356465, 0.931269, 0.066975, 0.024459, 0.0, 0.0, 0.0, 1.0],
                [0.976086, -0.063799, 0.207812, 0.015054, -0.000916, -0.957162, -0.28955, 0.243316, 0.217254, 0.282258, -0.933781, 0.024459, 0.0, 0.0, 0.0, 1.0]
            ]
        },
        {
            "name": "Elbow_R",
            "time": [0.0, 0.35, 0.6333, 0.95, 1.2167, 1.55, 1.9, 2.15, 2.6, 3.3333],
            "transform": [
                [-1.0, 0.0, -0.0, -0.0, 0.0, -0.0, -1.0, 0.341622, -0.0, -1.0, 0.0, 0.0, 0.0, 0.0, 0.0, 1.0],
                [-1.0, 0.0, -0.0, 0.0, 0.0, -0.0, -1.0, 0.341622, -0.0, -1.0, 0.0, 0.0, 0.0, 0.0, 0.0, 1.0],
                [-1.0, 0.0, -0.0, 0.0, 0.0, -0.0, -1.0, 0.341622, -0.0, -1.0, 0.0, -0.0, 0.0, 0.0, 0.0, 1.0],
                [-1.0, 0.0, -0.0, 0.0, 0.0, -0.0, -1.0, 0.341622, -0.0, -1.0, 0.0, -0.0, 0.0, 0.0, 0.0, 1.0],
                [-1.0, 0.0, -0.0, 0.0, 0.0, -0.0, -1.0, 0.341622, -0.0, -1.0, 0.0, -0.0, 0.0, 0.0, 0.0, 1.0],
                [-1.0, 0.0, -0.0, -0.0, 0.0, -0.0, -1.0, 0.341622, -0.0, -1.0, 0.0, 0.0, 0.0, 0.0, 0.0, 1.0],
                [-1.0, 0.0, -0.0, -0.0, 0.0, -0.0, -1.0, 0.341622, -0.0, -1.0, 0.0, 0.0, 0.0, 0.0, 0.0, 1.0],
                [-1.0, 0.0, -0.0, -0.0, 0.0, 0.0, -1.0, 0.341622, -0.0, -1.0, 0.0, -0.0, 0.0, 0.0, 0.0, 1.0],
                [-1.0, 0.0, -0.0, -0.0, 0.0, 0.0, -1.0, 0.341622, -0.0, -1.0, 0.0, 0.0, 0.0, 0.0, 0.0, 1.0],
                [-1.0, 0.0, -0.0, -0.0, 0.0, -0.0, -1.0, 0.341622, -0.0, -1.0, 0.0, 0.0, 0.0, 0.0, 0.0, 1.0]
            ]
        },
        {
            "name": "Shoulder_L",
            "time": [0.0, 0.35, 0.6333, 0.95, 1.2167, 1.55, 1.9, 2.15, 2.6, 3.3333],
            "transform": [
                [-0.226937, -0.947819, -0.223918, -0.0, -0.021067, -0.225085, 0.974111, 0.4, -0.973681, 0.225779, 0.031113, -0.0, 0.0, 0.0, 0.0, 1.0],
                [-0.226937, -0.947819, -0.223918, -0.0, -0.021067, -0.225085, 0.974111, 0.4, -0.973681, 0.225779, 0.031113, -0.0, 0.0, 0.0, 0.0, 1.0],
                [-0.226937, -0.947819, -0.223918, 0.0, -0.021067, -0.225085, 0.974111, 0.4, -0.973681, 0.225779, 0.031113, 0.0, 0.0, 0.0, 0.0, 1.0],
                [-0.226937, -0.963946, -0.138952, -0.0, -0.021067, -0.137783, 0.990238, 0.4, -0.973681, 0.227649, 0.010961, 0.0, 0.0, 0.0, 0.0, 1.0],
                [-0.226937, -0.963946, -0.138952, -0.0, -0.021067, -0.137783, 0.990238, 0.4, -0.973681, 0.227649, 0.010961, 0.0, 0.0, 0.0, 0.0, 1.0],
                [-0.226937, -0.963946, -0.138952, 0.0, -0.021067, -0.137783, 0.990238, 0.4, -0.973682, 0.227649, 0.010961, 0.0, 0.0, 0.0, 0.0, 1.0],
                [-0.226937, -0.956584, -0.182884, 0.0, -0.021067, -0.182918, 0.982902, 0.4, -0.973681, 0.22691, 0.021359, 0.0, 0.0, 0.0, 0.0, 1.0],
                [-0.226937, -0.8413, -0.490626, -0.0, -0.021067, -0.499411, 0.866109, 0.4, -0.973681, 0.206888, 0.095611, -0.0, 0.0, 0.0, 0.0, 1.0],
                [-0.226937, -0.823742, -0.519566, 0.0, -0.021067, -0.529208, 0.84823, 0.4, -0.973682, 0.203441, 0.102743, -0.0, 0.0, 0.0, 0.0, 1.0],
                [-0.226937, -0.947819, -0.223918, -0.0, -0.021067, -0.225085, 0.974111, 0.4, -0.973681, 0.225779, 0.031113, -0.0, 0.0, 0.0, 0.0, 1.0]
            ]
        },
        {
            "name": "Arm_L",
            "time": [0.0, 0.35, 0.95, 1.2167, 1.55, 1.9, 2.15, 2.6, 3.3333],
            "transform": [
                [-0.368333, -0.025786, 0.929336, 0.0, -0.839661, 0.438368, -0.320628, 0.39386, -0.399124, -0.898425, -0.183117, -0.0, 0.0, 0.0, 0.0, 1.0],
                [-0.013328, 0.946614, 0.322092, -0.0, -0.878039, 0.143038, -0.456713, 0.39386, -0.478403, -0.288897, 0.829258, -0.0, 0.0, 0.0, 0.0, 1.0],
                [0.031716, 0.08029, -0.996267, -0.0, -0.999033, 0.032925, -0.029151, 0.39386, 0.030462, 0.996228, 0.081256, 0.0, 0.0, 0.0, 0.0, 1.0],
                [0.031716, 0.08029, -0.996267, -0.0, -0.999033, 0.032925, -0.029151, 0.39386, 0.030462, 0.996228, 0.081256, 0.0, 0.0, 0.0, 0.0, 1.0],
                [0.034989, 0.078918, -0.996267, 0.0, -0.996835, 0.073956, -0.029151, 0.39386, 0.071379, 0.994134, 0.081256, -0.0, 0.0, 0.0, 0.0, 1.0],
                [0.081086, 0.242724, -0.9667, -0.0, -0.995647, 0.064437, -0.067335, 0.39386, 0.045948, 0.967953, 0.246893, -0.0, 0.0, 0.0, 0.0, 1.0],
                [0.181544, 0.959637, 0.214799, 0.0, -0.926268, 0.240227, -0.290377, 0.39386, -0.330257, -0.146246, 0.932493, -0.0, 0.0, 0.0, 0.0, 1.0],
                [0.161969, 0.958673, 0.233905, 0.0, -0.917519, 0.233553, -0.321888, 0.39386, -0.363215, -0.162477, 0.917429, -0.0, 0.0, 0.0, 0.0, 1.0],
                [-0.368333, -0.025786, 0.929336, 0.0, -0.839661, 0.438368, -0.320628, 0.39386, -0.399124, -0.898425, -0.183117, -0.0, 0.0, 0.0, 0.0, 1.0]
            ]
        },
        {
            "name": "Hand_L",
            "time": [0.0, 0.35, 0.95, 1.2167, 1.55, 1.9, 2.15, 2.6, 3.3333],
            "transform": [
                [0.999993, -0.001541, -0.00347, 0.0, 0.000938, 0.985901, -0.167329, 0.3, 0.003679, 0.167324, 0.985895, -0.0, 0.0, 0.0, 0.0, 1.0],
                [0.999993, -0.003234, 0.00199, 0.0, 0.000938, -0.297409, -0.95475, 0.3, 0.003679, 0.954745, -0.297404, -0.0, 0.0, 0.0, 0.0, 1.0],
                [0.999993, -0.002038, -0.003204, -0.0, 0.000938, 0.950222, -0.311572, 0.3, 0.003679, 0.311567, 0.950217, -0.0, 0.0, 0.0, 0.0, 1.0],
                [0.999993, -0.001457, -0.003506, -0.0, 0.000938, 0.989638, -0.143581, 0.3, 0.003679, 0.143577, 0.989633, -0.0, 0.0, 0.0, 0.0, 1.0],
                [0.999993, -0.001457, -0.003506, 0.0, 0.000938, 0.989638, -0.143581, 0.3, 0.003679, 0.143577, 0.989633, 0.0, 0.0, 0.0, 0.0, 1.0],
                [0.999993, -0.002001, -0.003227, 0.0, 0.000938, 0.953682, -0.300815, 0.3, 0.003679, 0.30081, 0.953677, 0.0, 0.0, 0.0, 0.0, 1.0],
                [0.994559, -0.104171, 0.001092, 0.0, -0.003289, -0.04187, -0.999118, 0.3, 0.104125, 0.993678, -0.041985, -0.0, 0.0, 0.0, 0.0, 1.0],
                [0.999993, -0.003477, 0.001526, 0.0, 0.000938, -0.163151, -0.986601, 0.3, 0.003679, 0.986595, -0.163147, -0.0, 0.0, 0.0, 0.0, 1.0],
                [0.999993, -0.001541, -0.00347, 0.0, 0.000938, 0.985901, -0.167329, 0.3, 0.003679, 0.167324, 0.985895, -0.0, 0.0, 0.0, 0.0, 1.0]
            ]
        },
        {
            "name": "Tool_L",
            "time": [0.0, 0.35, 0.6333, 0.95, 1.2167, 1.55, 1.9, 2.15, 2.6, 3.3333],
            "transform": [
                [0.997004, 0.01104, -0.076554, -0.0, -0.036659, -0.804079, -0.593391, 0.272858, -0.068067, 0.594062, -0.8008, -0.0, 0.0, 0.0, 0.0, 1.0],
                [0.997004, 0.01104, -0.076554, 0.0, -0.036659, -0.804079, -0.593391, 0.272858, -0.068067, 0.594062, -0.8008, -0.0, 0.0, 0.0, 0.0, 1.0],
                [0.997004, 0.01104, -0.076554, -0.0, -0.036659, -0.804079, -0.593391, 0.272858, -0.068067, 0.594062, -0.8008, -0.0, 0.0, 0.0, 0.0, 1.0],
                [0.997004, 0.01104, -0.076554, 0.0, -0.036659, -0.804079, -0.593391, 0.272858, -0.068067, 0.594062, -0.8008, -0.0, 0.0, 0.0, 0.0, 1.0],
                [0.997004, 0.01104, -0.076554, 0.0, -0.036659, -0.804079, -0.593391, 0.272858, -0.068067, 0.594062, -0.8008, -0.0, 0.0, 0.0, 0.0, 1.0],
                [0.997004, 0.01104, -0.076554, 0.0, -0.036659, -0.804079, -0.593391, 0.272858, -0.068067, 0.594062, -0.8008, -0.0, 0.0, 0.0, 0.0, 1.0],
                [0.997004, 0.01104, -0.076554, 0.0, -0.036659, -0.804079, -0.593391, 0.272858, -0.068067, 0.594062, -0.8008, -0.0, 0.0, 0.0, 0.0, 1.0],
                [0.997004, 0.01104, -0.076554, -0.0, -0.036659, -0.804079, -0.593391, 0.272858, -0.068067, 0.594062, -0.8008, -0.0, 0.0, 0.0, 0.0, 1.0],
                [0.997004, 0.01104, -0.076554, -0.0, -0.036659, -0.804079, -0.593391, 0.272858, -0.068067, 0.594062, -0.8008, -0.0, 0.0, 0.0, 0.0, 1.0],
                [0.997004, 0.01104, -0.076554, -0.0, -0.036659, -0.804079, -0.593391, 0.272858, -0.068067, 0.594062, -0.8008, -0.0, 0.0, 0.0, 0.0, 1.0]
            ]
        },
        {
            "name": "Elbow_L",
            "time": [0.0, 0.35, 0.6333, 0.95, 1.2167, 1.55, 1.9, 2.15, 2.6, 3.3333],
            "transform": [
                [-1.0, 0.0, -0.0, 2.7e-05, 0.0, -0.0, -1.0, 0.334302, -0.0, -1.0, -0.0, -0.002121, 0.0, 0.0, 0.0, 1.0],
                [-1.0, 0.0, -0.0, 2.7e-05, 0.0, -0.0, -1.0, 0.334301, -0.0, -1.0, -0.0, -0.002121, 0.0, 0.0, 0.0, 1.0],
                [-1.0, 0.0, 0.0, 2.7e-05, 0.0, 0.617708, -0.786407, 0.334302, -0.0, -0.786408, -0.617708, -0.00212, 0.0, 0.0, 0.0, 1.0],
                [-1.0, 0.0, -0.0, 2.7e-05, 0.0, -0.0, -1.0, 0.334301, -0.0, -1.0, -0.0, -0.002121, 0.0, 0.0, 0.0, 1.0],
                [-1.0, 0.0, -0.0, 2.7e-05, 0.0, -0.0, -1.0, 0.334301, -0.0, -1.0, -0.0, -0.002121, 0.0, 0.0, 0.0, 1.0],
                [-1.0, 0.0, -0.0, 2.7e-05, 0.0, -0.0, -1.0, 0.334302, -0.0, -1.0, -0.0, -0.00212, 0.0, 0.0, 0.0, 1.0],
                [-1.0, 0.0, -0.0, 2.7e-05, 0.0, 0.074702, -0.997206, 0.334302, -0.0, -0.997206, -0.074702, -0.00212, 0.0, 0.0, 0.0, 1.0],
                [-1.0, 0.0, 0.0, 2.7e-05, 0.0, 0.593311, -0.804973, 0.334302, -0.0, -0.804973, -0.593311, -0.002121, 0.0, 0.0, 0.0, 1.0],
                [-1.0, 0.0, 0.0, 2.7e-05, 0.0, 0.638029, -0.770012, 0.334301, -0.0, -0.770012, -0.638029, -0.002121, 0.0, 0.0, 0.0, 1.0],
                [-1.0, 0.0, -0.0, 2.7e-05, 0.0, -0.0, -1.0, 0.334302, -0.0, -1.0, -0.0, -0.002121, 0.0, 0.0, 0.0, 1.0]
            ]
        }
    ]
}