{
    "animation": [
        {
            "name": "Root",
            "time": [0.0, 0.2, 0.4, 0.6, 0.8],
            "transform": [
                [0.998248, -0.059161, 0.0, -5e-06, 0.0, 0.0, -1.0, 0.000946, 0.059161, 0.998248, 0.0, 0.764948, 0.0, 0.0, 0.0, 1.0],
                [1.0, 0.0, 0.0, -5e-06, 0.0, 0.0, -1.0, 0.000946, 0.0, 1.0, 0.0, 0.679639, 0.0, 0.0, 0.0, 1.0],
                [0.99949, 0.031928, 0.0, -5e-06, 0.0, 0.0, -1.0, 0.000946, -0.031928, 0.99949, 0.0, 0.764948, 0.0, 0.0, 0.0, 1.0],
                [1.0, 0.0, 0.0, -5e-06, 0.0, 0.0, -1.0, 0.000946, 0.0, 1.0, 0.0, 0.679639, 0.0, 0.0, 0.0, 1.0],
                [0.998248, -0.059161, 0.0, -5e-06, 0.0, 0.0, -1.0, 0.000946, 0.059161, 0.998248, 0.0, 0.764948, 0.0, 0.0, 0.0, 1.0]
            ]
        },
        {
            "name": "Thigh_R",
            "time": [0.0, 0.0667, 0.2, 0.4, 0.6, 0.8],
            "transform": [
                [1.0, -0.0, -0.0, 0.124994, 0.0, -0.821325, 0.570459, -0.002831, -0.0, -0.570457, -0.821327, -1.2e-05, 0.0, 0.0, 0.0, 1.0],
                [1.0, -0.0, -0.0, 0.124994, 0.0, -0.722658, 0.691204, -0.002831, -0.0, -0.691202, -0.72266, -1.2e-05, 0.0, 0.0, 0.0, 1.0],
                [1.0, -0.0, -0.0, 0.124994, 0.0, -0.727038, 0.686596, -0.002831, -0.0, -0.686594, -0.72704, -1.2e-05, 0.0, 0.0, 0.0, 1.0],
                [0.998003, 0.063162, -0.0, 0.124994, 0.063102, -0.997051, 0.04362, -0.002831, 0.002755, -0.043532, -0.999049, -1.2e-05, 0.0, 0.0, 0.0, 1.0],
                [1.0, -0.0, -0.0, 0.124994, 0.0, -0.914725, -0.404072, -0.002831, 0.0, 0.404071, -0.914727, -1.2e-05, 0.0, 0.0, 0.0, 1.0],
                [1.0, -0.0, -0.0, 0.124994, 0.0, -0.821325, 0.570459, -0.002831, -0.0, -0.570457, -0.821327, -1.2e-05, 0.0, 0.0, 0.0, 1.0]
            ]
        },
        {
            "name": "Leg_R",
            "time": [0.0, 0.1167, 0.2, 0.4, 0.6, 0.8],
            "transform": [
                [1.0, -0.0, 1e-06, -0.0, -1e-06, 0.218247, 0.975893, 0.37472, -0.0, -0.975894, 0.218247, 0.0, 0.0, 0.0, 0.0, 1.0],
                [1.0, 0.0, 1e-06, -0.0, -1e-06, 0.874007, 0.485915, 0.37472, -0.0, -0.485916, 0.874005, 0.0, 0.0, 0.0, 0.0, 1.0],
                [1.0, 0.0, 1e-06, 0.0, -1e-06, 0.773965, 0.633228, 0.37472, -1e-06, -0.633229, 0.773964, 0.0, 0.0, 0.0, 0.0, 1.0],
                [1.0, 0.0, 1e-06, -0.0, -0.0, 0.996195, 0.087156, 0.37472, -1e-06, -0.087156, 0.996194, 0.0, 0.0, 0.0, 0.0, 1.0],
                [1.0, 0.0, 1e-06, 0.0, -0.0, 0.996195, 0.087156, 0.37472, -1e-06, -0.087156, 0.996194, 0.0, 0.0, 0.0, 0.0, 1.0],
                [1.0, -0.0, 1e-06, -0.0, -1e-06, 0.218247, 0.975893, 0.37472, -0.0, -0.975894, 0.218247, 0.0, 0.0, 0.0, 0.0, 1.0]
            ]
        },
        {
            "name": "Knee_R",
            "time": [0.0, 0.0667, 0.2, 0.4, 0.6, 0.8],
            "transform": [
                [1.0, 0.0, -0.0, 0.0, -0.0, 1e-06, -1.0, 0.439324, -0.0, 1.0, 1e-06, -0.000954, 0.0, 0.0, 0.0, 1.0],
                [1.0, -0.0, -0.0, 0.0, -0.0, -0.253438, -0.967352, 0.432635, -0.0, 0.967352, -0.253438, -0.001649, 0.0, 0.0, 0.0, 1.0],
                [1.0, 0.0, -0.0, 0.0, -0.0, 1e-06, -1.0, 0.40073, -0.0, 1.0, 1e-06, -0.003832, 0.0, 0.0, 0.0, 1.0],
                [1.0, 0.0, -0.0, -0.0, -0.0, 1e-06, -1.0, 0.37472, -0.0, 1.0, 1e-06, 0.0, 0.0, 0.0, 0.0, 1.0],
                [1.0, 0.0, -0.0, 0.0, -0.0, 1e-06, -1.0, 0.37472, -0.0, 1.0, 1e-06, 0.0, 0.0, 0.0, 0.0, 1.0],
                [1.0, 0.0, -0.0, 0.0, -0.0, 1e-06, -1.0, 0.439324, -0.0, 1.0, 1e-06, -0.000954, 0.0, 0.0, 0.0, 1.0]
            ]
        },
        {
            "name": "Thigh_L",
            "time": [0.0, 0.2, 0.4, 0.5, 0.6, 0.8],
            "transform": [
                [0.997718, -0.067511, -0.0, -0.125006, -0.067447, -0.996769, 0.04362, -0.002831, -0.002945, -0.04352, -0.999048, -1.2e-05, 0.0, 0.0, 0.0, 1.0],
                [0.999999, -0.0, -0.0, -0.125006, 0.0, -0.861736, -0.507356, -0.002831, 0.0, 0.507357, -0.861736, -1.2e-05, 0.0, 0.0, 0.0, 1.0],
                [0.997537, -0.064428, 0.027717, -0.125006, -0.070133, -0.91221, 0.403676, -0.002831, -0.000724, -0.404625, -0.914482, -1.2e-05, 0.0, 0.0, 0.0, 1.0],
                [0.999402, -0.028996, 0.018785, -0.125006, -0.034349, -0.775604, 0.630284, -0.002831, -0.003706, -0.630553, -0.776137, -1.2e-05, 0.0, 0.0, 0.0, 1.0],
                [0.999999, -0.0, -0.0, -0.125006, 0.0, -0.769842, 0.638235, -0.002831, -0.0, -0.638235, -0.769842, -1.2e-05, 0.0, 0.0, 0.0, 1.0],
                [0.997718, -0.067511, -0.0, -0.125006, -0.067447, -0.996769, 0.04362, -0.002831, -0.002945, -0.04352, -0.999048, -1.2e-05, 0.0, 0.0, 0.0, 1.0]
            ]
        },
        {
            "name": "Leg_L",
            "time": [0.0, 0.2, 0.4, 0.5, 0.6, 0.8],
            "transform": [
                [1.0, 0.0, 1e-06, 0.0, -0.0, 0.996194, 0.087156, 0.37472, -1e-06, -0.087156, 0.996195, -0.0, 0.0, 0.0, 0.0, 1.0],
                [1.0, 0.0, 1e-06, -0.0, -0.0, 0.996194, 0.087156, 0.37472, -1e-06, -0.087156, 0.996195, -0.0, 0.0, 0.0, 0.0, 1.0],
                [1.0, -0.0, 1e-06, 0.0, -1e-06, 0.206745, 0.978395, 0.37472, -1e-06, -0.978394, 0.206746, -0.0, 0.0, 0.0, 0.0, 1.0],
                [1.0, 0.0, 1e-06, 0.0, -1e-06, 0.890942, 0.454117, 0.37472, -1e-06, -0.454117, 0.890942, 0.0, 0.0, 0.0, 0.0, 1.0],
                [1.0, 0.0, 1e-06, -0.0, -1e-06, 0.769068, 0.639167, 0.37472, -1e-06, -0.639166, 0.769069, 0.0, 0.0, 0.0, 0.0, 1.0],
                [1.0, 0.0, 1e-06, 0.0, -0.0, 0.996194, 0.087156, 0.37472, -1e-06, -0.087156, 0.996195, -0.0, 0.0, 0.0, 0.0, 1.0]
            ]
        },
        {
            "name": "Knee_L",
            "time": [0.0, 0.2, 0.4, 0.6, 0.8],
            "transform": [
                [1.0, 0.0, -0.0, 0.0, -0.0, 1e-06, -1.0, 0.37472, -0.0, 1.0, 1e-06, -0.0, 0.0, 0.0, 0.0, 1.0],
                [1.0, 0.0, -0.0, -0.0, -0.0, 1e-06, -1.0, 0.37472, -0.0, 1.0, 1e-06, -0.0, 0.0, 0.0, 0.0, 1.0],
                [1.0, 0.0, -0.0, 0.0, -0.0, 1e-06, -1.0, 0.37472, -0.0, 1.0, 1e-06, -0.0, 0.0, 0.0, 0.0, 1.0],
                [1.0, 0.0, -0.0, -0.0, -0.0, 1e-06, -1.0, 0.37472, -0.0, 1.0, 1e-06, 0.0, 0.0, 0.0, 0.0, 1.0],
                [1.0, 0.0, -0.0, 0.0, -0.0, 1e-06, -1.0, 0.37472, -0.0, 1.0, 1e-06, -0.0, 0.0, 0.0, 0.0, 1.0]
            ]
        },
        {
            "name": "Torso",
            "time": [0.0, 0.2, 0.4, 0.6, 0.8],
            "transform": [
                [0.999075, 0.042991, -0.0, 0.0, -0.042714, 0.992649, 0.113239, 0.05, 0.004868, -0.113135, 0.993568, 0.0, 0.0, 0.0, 0.0, 1.0],
                [0.99998, -0.006357, 0.0, 0.0, 0.006357, 0.99998, 0.0, 0.05, 0.0, 0.0, 1.0, 0.0, 0.0, 0.0, 0.0, 1.0],
                [0.998599, -0.052924, 1.9e-05, 0.0, 0.052865, 0.997489, 0.047124, 0.05, -0.002512, -0.047057, 0.998889, 0.0, 0.0, 0.0, 0.0, 1.0],
                [0.999974, 0.007143, 0.0, 0.0, -0.007143, 0.999975, 0.0, 0.05, 0.0, 0.0, 1.0, 0.0, 0.0, 0.0, 0.0, 1.0],
                [0.999075, 0.042991, -0.0, 0.0, -0.042714, 0.992649, 0.113239, 0.05, 0.004868, -0.113135, 0.993568, 0.0, 0.0, 0.0, 0.0, 1.0]
            ]
        },
        {
            "name": "Chest",
            "time": [0.0, 0.2, 0.4, 0.6, 0.8],
            "transform": [
                [1.0, -0.0, -0.0, 0.0, 0.0, 0.99939, 0.034907, 0.3, 0.0, -0.034907, 0.999391, 0.0, 0.0, 0.0, 0.0, 1.0],
                [0.999772, -0.021289, -0.001837, 0.0, 0.021368, 0.996071, 0.085938, 0.3, 0.0, -0.085958, 0.996299, -0.0, 0.0, 0.0, 0.0, 1.0],
                [1.0, -0.0, -0.0, 0.0, -0.0, 0.993258, 0.11592, 0.3, 0.0, -0.11592, 0.993259, -0.0, 0.0, 0.0, 0.0, 1.0],
                [0.999718, 0.023759, 0.0, 0.0, -0.023742, 0.999004, 0.037781, 0.3, 0.000898, -0.03777, 0.999286, 0.0, 0.0, 0.0, 0.0, 1.0],
                [1.0, -0.0, -0.0, 0.0, 0.0, 0.99939, 0.034907, 0.3, 0.0, -0.034907, 0.999391, 0.0, 0.0, 0.0, 0.0, 1.0]
            ]
        },
        {
            "name": "Head",
            "time": [0.0, 0.2, 0.4, 0.6, 0.8],
            "transform": [
                [1.0, 0.0, -0.0, 0.0, -0.0, 0.996185, -0.087262, 0.4, 0.0, 0.087262, 0.996185, 0.0, 0.0, 0.0, 0.0, 1.0],
                [1.0, 0.0, -0.0, -0.0, 0.0, 0.998453, -0.055601, 0.4, -0.0, 0.055601, 0.998453, 0.0, 0.0, 0.0, 0.0, 1.0],
                [1.0, 0.0, 0.0, 0.0, -0.0, 0.996554, -0.08295, 0.4, -0.0, 0.08295, 0.996554, -0.0, 0.0, 0.0, 0.0, 1.0],
                [1.0, -0.0, 0.0, 0.0, -0.0, 0.998453, -0.055601, 0.4, -0.0, 0.055601, 0.998453, -0.0, 0.0, 0.0, 0.0, 1.0],
                [1.0, 0.0, -0.0, 0.0, -0.0, 0.996185, -0.087262, 0.4, 0.0, 0.087262, 0.996185, 0.0, 0.0, 0.0, 0.0, 1.0]
            ]
        },
        {
            "name": "Shoulder_R",
            "time": [0.0, 0.2, 0.4, 0.6, 0.8],
            "transform": [
                [-0.004613, 0.951979, 0.306128, 0.0, 0.000526, -0.306129, 0.95199, 0.4, 0.999989, 0.004553, 0.000911, 0.0, 0.0, 0.0, 0.0, 1.0],
                [0.0, 0.919793, 0.392404, -0.0, 0.0, -0.392403, 0.919793, 0.4, 1.0, -0.0, -0.0, 0.0, 0.0, 0.0, 0.0, 1.0],
                [-0.004613, 0.951979, 0.306128, 0.0, 0.000526, -0.306129, 0.95199, 0.4, 0.999989, 0.004553, 0.000911, -0.0, 0.0, 0.0, 0.0, 1.0],
                [0.0, 0.952114, 0.305743, 0.0, 0.0, -0.305743, 0.952114, 0.4, 1.0, 0.0, -0.0, -0.0, 0.0, 0.0, 0.0, 1.0],
                [-0.004613, 0.951979, 0.306128, 0.0, 0.000526, -0.306129, 0.95199, 0.4, 0.999989, 0.004553, 0.000911, 0.0, 0.0, 0.0, 0.0, 1.0]
            ]
        },
        {
            "name": "Arm_R",
            "time": [0.0, 0.2, 0.4, 0.6, 0.8],
            "transform": [
                [0.391426, 0.18045, -0.902343, 0.0, 0.773465, 0.466728, 0.428856, 0.39386, 0.498536, -0.865796, 0.043118, -0.0, 0.0, 0.0, 0.0, 1.0],
                [0.384834, 0.342385, -0.857132, 0.0, 0.679426, 0.523476, 0.514153, 0.39386, 0.624726, -0.780222, -0.031174, 0.0, 0.0, 0.0, 0.0, 1.0],
                [0.391426, 0.113573, -0.913174, 0.0, 0.773465, 0.497015, 0.393355, 0.39386, 0.498536, -0.860277, 0.1067, 0.0, 0.0, 0.0, 0.0, 1.0],
                [0.391426, 0.312845, -0.865398, 0.0, 0.773465, 0.397641, 0.493593, 0.393861, 0.498536, -0.86256, -0.086328, -0.0, 0.0, 0.0, 0.0, 1.0],
                [0.391426, 0.18045, -0.902343, 0.0, 0.773465, 0.466728, 0.428856, 0.39386, 0.498536, -0.865796, 0.043118, -0.0, 0.0, 0.0, 0.0, 1.0]
            ]
        },
        {
            "name": "Hand_R",
            "time": [0.0, 0.2, 0.4, 0.6, 0.8],
            "transform": [
                [1.0, 0.0, 0.0, 0.0, 0.0, 0.99793, -0.064318, 0.3, -0.0, 0.064319, 0.99793, -0.0, 0.0, 0.0, 0.0, 1.0],
                [1.0, 0.0, -0.0, 0.0, -0.0, 0.996474, -0.083908, 0.3, -0.0, 0.083908, 0.996474, -0.0, 0.0, 0.0, 0.0, 1.0],
                [1.0, 0.0, 0.0, 0.0, -0.0, 0.992838, 0.119472, 0.3, -0.0, -0.119472, 0.992838, -0.0, 0.0, 0.0, 0.0, 1.0],
                [1.0, 0.0, -0.0, -0.0, -0.0, 0.975708, -0.219077, 0.3, -0.0, 0.219077, 0.975708, 0.0, 0.0, 0.0, 0.0, 1.0],
                [1.0, 0.0, 0.0, 0.0, 0.0, 0.99793, -0.064318, 0.3, -0.0, 0.064319, 0.99793, -0.0, 0.0, 0.0, 0.0, 1.0]
            ]
        },
        {
            "name": "Tool_R",
            "time": [0.0, 0.2, 0.4, 0.6, 0.8],
            "transform": [
                [1.0, 0.0, 0.0, 0.0, -0.0, -0.999836, 0.018122, 0.272858, 0.0, -0.018122, -0.999243, 0.0, 0.0, 0.0, 0.0, 1.0],
                [1.0, 0.0, 0.0, -0.0, 0.0, -0.998897, -0.046949, 0.272858, 0.0, 0.04691, -0.998306, 0.0, 0.0, 0.0, 0.0, 1.0],
                [1.0, 0.0, 0.0, -0.0, 0.0, -0.999836, 0.018122, 0.272858, 0.0, -0.018122, -0.999244, 0.0, 0.0, 0.0, 0.0, 1.0],
                [1.0, 0.0, 0.0, -0.0, 0.0, -0.99325, -0.115993, 0.272858, 0.0, 0.115914, -0.992663, -0.0, 0.0, 0.0, 0.0, 1.0],
                [1.0, 0.0, 0.0, 0.0, -0.0, -0.999836, 0.018122, 0.272858, 0.0, -0.018122, -0.999243, 0.0, 0.0, 0.0, 0.0, 1.0]
            ]
        },
        {
            "name": "Elbow_R",
            "time": [0.0, 0.2, 0.4, 0.6, 0.8],
            "transform": [
                [-1.0, 0.0, -0.0, 0.0, 0.0, -0.0, -1.0, 0.3, -0.0, -1.0, 0.0, -0.0, 0.0, 0.0, 0.0, 1.0],
                [-1.0, 0.0, 0.0, 0.0, 0.0, -0.0, -1.0, 0.3, -0.0, -1.0, 0.0, -0.0, 0.0, 0.0, 0.0, 1.0],
                [-1.0, 0.0, -0.0, 0.0, 0.0, -0.0, -1.0, 0.3, -0.0, -1.0, 0.0, -0.0, 0.0, 0.0, 0.0, 1.0],
                [-1.0, 0.0, -0.0, -0.0, 0.0, -0.0, -1.0, 0.3, -0.0, -1.0, 0.0, 0.0, 0.0, 0.0, 0.0, 1.0],
                [-1.0, 0.0, -0.0, 0.0, 0.0, -0.0, -1.0, 0.3, -0.0, -1.0, 0.0, -0.0, 0.0, 0.0, 0.0, 1.0]
            ]
        },
        {
            "name": "Shoulder_L",
            "time": [0.0, 0.2, 0.4, 0.6, 0.8],
            "transform": [
                [0.004613, -0.952228, -0.305355, 0.0, 0.000524, -0.305355, 0.952238, 0.4, -0.999989, -0.004553, -0.00091, 0.0, 0.0, 0.0, 0.0, 1.0],
                [-0.0, -0.952114, -0.305743, -0.0, 0.0, -0.305743, 0.952114, 0.4, -1.0, -0.0, 0.0, 0.0, 0.0, 0.0, 0.0, 1.0],
                [0.004613, -0.952228, -0.305355, 0.0, 0.000524, -0.305355, 0.952238, 0.4, -0.999989, -0.004553, -0.00091, -0.0, 0.0, 0.0, 0.0, 1.0],
                [-0.0, -0.952114, -0.305743, 0.0, 0.0, -0.305743, 0.952114, 0.4, -1.0, -0.0, 0.0, -0.0, 0.0, 0.0, 0.0, 1.0],
                [0.004613, -0.952228, -0.305355, 0.0, 0.000524, -0.305355, 0.952238, 0.4, -0.999989, -0.004553, -0.00091, 0.0, 0.0, 0.0, 0.0, 1.0]
            ]
        },
        {
            "name": "Arm_L",
            "time": [0.0, 0.2, 0.4, 0.6, 0.8],
            "transform": [
                [0.033473, -0.069827, 0.996997, 0.0, -0.893855, 0.444171, 0.061119, 0.39386, -0.447105, -0.893217, -0.047548, -0.0, 0.0, 0.0, 0.0, 1.0],
                [-0.205906, 0.341813, 0.916933, -0.0, -0.87079, 0.363499, -0.331048, 0.39386, -0.446461, -0.866621, 0.222801, -0.0, 0.0, 0.0, 0.0, 1.0],
                [0.0345, -0.062858, 0.997426, -0.0, -0.904471, 0.422585, 0.057916, 0.39386, -0.425138, -0.904141, -0.042274, -0.0, 0.0, 0.0, 0.0, 1.0],
                [0.207218, -0.418201, 0.884403, 0.0, -0.866373, 0.341435, 0.364446, 0.39386, -0.454378, -0.841742, -0.291566, 0.0, 0.0, 0.0, 0.0, 1.0],
                [0.033473, -0.069827, 0.996997, 0.0, -0.893855, 0.444171, 0.061119, 0.39386, -0.447105, -0.893217, -0.047548, -0.0, 0.0, 0.0, 0.0, 1.0]
            ]
        },
        {
            "name": "Hand_L",
            "time": [0.0, 0.2, 0.4, 0.6, 0.8],
            "transform": [
                [1.0, 0.0, 0.0, -0.0, -0.0, 0.99793, -0.064318, 0.3, -0.0, 0.064318, 0.99793, 0.0, 0.0, 0.0, 0.0, 1.0],
                [1.0, 0.0, 0.0, 0.0, -0.0, 0.988526, -0.151049, 0.3, -0.0, 0.151049, 0.988526, 0.0, 0.0, 0.0, 0.0, 1.0],
                [1.0, 0.0, 0.0, 0.0, -0.0, 0.99793, -0.064318, 0.3, -0.0, 0.064318, 0.99793, 0.0, 0.0, 0.0, 0.0, 1.0],
                [1.0, 0.0, 0.0, 0.0, -0.0, 0.999738, 0.022902, 0.3, -0.0, -0.022902, 0.999738, 0.0, 0.0, 0.0, 0.0, 1.0],
                [1.0, 0.0, 0.0, -0.0, -0.0, 0.99793, -0.064318, 0.3, -0.0, 0.064318, 0.99793, 0.0, 0.0, 0.0, 0.0, 1.0]
            ]
        },
        {
            "name": "Tool_L",
            "time": [0.0, 0.2, 0.4, 0.6, 0.8],
            "transform": [
                [1.0, 0.0, 0.0, 0.0, 0.0, -0.999836, 0.018122, 0.272858, 0.0, -0.018122, -0.999247, 0.0, 0.0, 0.0, 0.0, 1.0],
                [1.0, 0.0, 0.0, -0.0, 0.0, -0.999836, 0.018122, 0.272858, 0.0, -0.018122, -0.999247, 0.0, 0.0, 0.0, 0.0, 1.0],
                [1.0, 0.0, 0.0, -0.0, 0.0, -0.999836, 0.018122, 0.272858, 0.0, -0.018122, -0.999247, 0.0, 0.0, 0.0, 0.0, 1.0],
                [1.0, 0.0, 0.0, 0.0, 0.0, -0.999836, 0.018122, 0.272858, 0.0, -0.018122, -0.999247, -0.0, 0.0, 0.0, 0.0, 1.0],
                [1.0, 0.0, 0.0, 0.0, 0.0, -0.999836, 0.018122, 0.272858, 0.0, -0.018122, -0.999247, 0.0, 0.0, 0.0, 0.0, 1.0]
            ]
        },
        {
            "name": "Elbow_L",
            "time": [0.0, 0.2, 0.4, 0.6, 0.8],
            "transform": [
                [-1.0, 0.0, -0.0, -0.0, 0.0, -0.0, -1.0, 0.3, -0.0, -1.0, -0.0, 0.0, 0.0, 0.0, 0.0, 1.0],
                [-1.0, 0.0, -0.0, 0.0, 0.0, -0.0, -1.0, 0.3, -0.0, -1.0, -0.0, 0.0, 0.0, 0.0, 0.0, 1.0],
                [-1.0, 0.0, -0.0, 0.0, 0.0, -0.0, -1.0, 0.3, -0.0, -1.0, -0.0, 0.0, 0.0, 0.0, 0.0, 1.0],
                [-1.0, 0.0, -0.0, 0.0, 0.0, -0.0, -1.0, 0.3, -0.0, -1.0, 0.0, 0.0, 0.0, 0.0, 0.0, 1.0],
                [-1.0, 0.0, -0.0, -0.0, 0.0, -0.0, -1.0, 0.3, -0.0, -1.0, -0.0, 0.0, 0.0, 0.0, 0.0, 1.0]
            ]
        }
    ]
}