{
    "animation": [
        {
            "name": "Root",
            "time": [0.0, 0.0833, 0.2, 0.35, 0.4667, 0.6667, 0.75, 1.15],
            "transform": [
                [0.899392, -0.169036, -0.403138, -0.0099, -0.405652, 0.020957, -0.913787, 0.065448, 0.162912, 0.985387, -0.049721, 0.586124, 0.0, 0.0, 0.0, 1.0],
                [0.757759, -0.169036, -0.63026, -0.0099, -0.636554, 0.020957, -0.770947, -0.575792, 0.143527, 0.985387, -0.09172, 0.586124, 0.0, 0.0, 0.0, 1.0],
                [0.729579, -0.169036, -0.662678, -0.0099, -0.66954, 0.020957, -0.74248, -0.678696, 0.139394, 0.985387, -0.097886, 0.586124, 0.0, 0.0, 0.0, 1.0],
                [0.729579, -0.169036, -0.662678, -0.0099, -0.66954, 0.020957, -0.74248, -0.678696, 0.139394, 0.985387, -0.097886, 0.535321, 0.0, 0.0, 0.0, 1.0],
                [0.665427, -0.100838, -0.73962, -0.0099, -0.74579, -0.131864, -0.653, 0.165181, -0.031682, 0.986126, -0.16295, 0.499118, 0.0, 0.0, 0.0, 1.0],
                [0.752256, -0.083821, -0.653517, -0.0099, -0.658109, -0.143284, -0.739163, 0.409711, -0.031682, 0.986126, -0.16295, 0.499118, 0.0, 0.0, 0.0, 1.0],
                [0.752256, -0.083821, -0.653517, -0.0099, -0.658109, -0.143284, -0.739163, 0.409711, -0.031682, 0.986126, -0.16295, 0.499118, 0.0, 0.0, 0.0, 1.0],
                [0.854689, 0.0, -0.51914, -0.007616, -0.51914, 0.0, -0.854689, 0.001678, 0.0, 1.0, 0.0, 0.764267, 0.0, 0.0, 0.0, 1.0]
            ]
        },
        {
            "name": "Thigh_R",
            "time": [0.0, 0.0833, 0.2, 0.35, 0.4667, 0.6667, 0.75, 1.15],
            "transform": [
                [0.892499, 0.087412, 0.442497, 0.124994, 0.293514, -0.857461, -0.422619, -0.002831, 0.342483, 0.507066, -0.790942, -1.2e-05, 0.0, 0.0, 0.0, 1.0],
                [0.680168, 0.437932, 0.587866, 0.124994, 0.397889, -0.894077, 0.205685, -0.002831, 0.615674, 0.094005, -0.782373, -1.2e-05, 0.0, 0.0, 0.0, 1.0],
                [0.646552, 0.488578, 0.585884, 0.124994, 0.394033, -0.871501, 0.291927, -0.002831, 0.653228, 0.042112, -0.755989, -1.2e-05, 0.0, 0.0, 0.0, 1.0],
                [0.629329, 0.562699, 0.536016, 0.124994, 0.518457, -0.817801, 0.249802, -0.002831, 0.578919, 0.120694, -0.806403, -1.2e-05, 0.0, 0.0, 0.0, 1.0],
                [0.444977, 0.667541, 0.596978, 0.124994, 0.847716, -0.528903, -0.040451, -0.002831, 0.288741, 0.524067, -0.801238, -1.2e-05, 0.0, 0.0, 0.0, 1.0],
                [0.433523, 0.672608, 0.599713, 0.124994, 0.86117, -0.505234, -0.055879, -0.002831, 0.265411, 0.540678, -0.798262, -1.2e-05, 0.0, 0.0, 0.0, 1.0],
                [0.433523, 0.672608, 0.599713, 0.124994, 0.86117, -0.505234, -0.055879, -0.002831, 0.265411, 0.540678, -0.798262, -1.2e-05, 0.0, 0.0, 0.0, 1.0],
                [0.992811, 0.11785, -0.020883, 0.124994, 0.118536, -0.992318, 0.035348, -0.002831, -0.016557, -0.037569, -0.999157, -1.2e-05, 0.0, 0.0, 0.0, 1.0]
            ]
        },
        {
            "name": "Leg_R",
            "time": [0.0, 0.0833, 0.2, 0.35, 0.4667, 0.6667, 0.75, 1.15],
            "transform": [
                [1.0, -1e-06, 1e-06, 0.0, 0.0, 0.800683, 0.599088, 0.37472, -1e-06, -0.599089, 0.800682, -0.0, 0.0, 0.0, 0.0, 1.0],
                [1.0, -1e-06, 0.0, -0.0, 0.0, 0.466041, 0.884762, 0.37472, -1e-06, -0.884764, 0.46604, 0.0, 0.0, 0.0, 0.0, 1.0],
                [1.0, -1e-06, 0.0, -0.0, 0.0, 0.410735, 0.911754, 0.37472, -1e-06, -0.911756, 0.410734, 0.0, 0.0, 0.0, 0.0, 1.0],
                [1.0, -1e-06, 0.0, -0.0, 0.0, 0.360216, 0.932868, 0.37472, -1e-06, -0.93287, 0.360215, -0.0, 0.0, 0.0, 0.0, 1.0],
                [1.0, -0.0, 1e-06, -0.0, 0.0, 0.938141, 0.346254, 0.37472, -1e-06, -0.346254, 0.93814, 0.0, 0.0, 0.0, 0.0, 1.0],
                [1.0, -0.0, 1e-06, -0.0, 0.0, 0.950229, 0.311555, 0.37472, -1e-06, -0.311555, 0.950227, -0.0, 0.0, 0.0, 0.0, 1.0],
                [1.0, -0.0, 1e-06, -0.0, 0.0, 0.950229, 0.311555, 0.37472, -1e-06, -0.311555, 0.950227, -0.0, 0.0, 0.0, 0.0, 1.0],
                [1.0, -0.0, 1e-06, 0.0, 0.0, 0.997612, 0.069073, 0.37472, -1e-06, -0.069073, 0.997611, -0.0, 0.0, 0.0, 0.0, 1.0]
            ]
        },
        {
            "name": "Knee_R",
            "time": [0.0, 0.0833, 0.2, 0.35, 0.4667, 0.6667, 0.75, 1.15],
            "transform": [
                [1.0, 0.0, -0.0, 0.0, -0.0, 1e-06, -1.0, 0.37472, -0.0, 1.0, 1e-06, -0.0, 0.0, 0.0, 0.0, 1.0],
                [1.0, 0.0, -0.0, -0.0, -0.0, 0.344124, -0.938924, 0.37472, -0.0, 0.938924, 0.344124, 0.0, 0.0, 0.0, 0.0, 1.0],
                [1.0, 0.0, -0.0, -0.0, -0.0, 0.389597, -0.920985, 0.37472, -0.0, 0.920985, 0.389597, 0.0, 0.0, 0.0, 0.0, 1.0],
                [1.0, 0.0, -0.0, -0.0, -0.0, 0.389597, -0.920985, 0.37472, -0.0, 0.920985, 0.389597, -0.0, 0.0, 0.0, 0.0, 1.0],
                [1.0, 0.0, -0.0, -0.0, -0.0, 0.389597, -0.920985, 0.37472, -0.0, 0.920985, 0.389597, 0.0, 0.0, 0.0, 0.0, 1.0],
                [1.0, 0.0, -0.0, -0.0, -0.0, 0.389597, -0.920985, 0.37472, -0.0, 0.920985, 0.389597, -0.0, 0.0, 0.0, 0.0, 1.0],
                [1.0, 0.0, -0.0, -0.0, -0.0, 0.389597, -0.920985, 0.37472, -0.0, 0.920985, 0.389597, -0.0, 0.0, 0.0, 0.0, 1.0],
                [1.0, 0.0, -0.0, 0.0, -0.0, 1e-06, -1.0, 0.37472, -0.0, 1.0, 1e-06, -0.0, 0.0, 0.0, 0.0, 1.0]
            ]
        },
        {
            "name": "Thigh_L",
            "time": [0.0, 0.0833, 0.2, 0.35, 0.4667, 0.6667, 0.75, 1.15],
            "transform": [
                [0.963527, -0.25288, -0.087555, -0.125006, -0.086404, -0.603632, 0.792566, -0.002831, -0.253275, -0.756095, -0.603467, -1.2e-05, 0.0, 0.0, 0.0, 1.0],
                [0.840693, -0.486291, -0.238234, -0.125006, -0.096923, -0.567967, 0.817324, -0.002831, -0.532766, -0.664029, -0.524619, -1.2e-05, 0.0, 0.0, 0.0, 1.0],
                [0.817022, -0.516146, -0.257036, -0.125006, -0.097316, -0.562814, 0.820835, -0.002831, -0.568334, -0.645627, -0.510061, -1.2e-05, 0.0, 0.0, 0.0, 1.0],
                [0.817022, -0.539808, -0.202686, -0.125006, -0.097316, -0.475567, 0.87428, -0.002831, -0.568334, -0.694582, -0.441081, -1.2e-05, 0.0, 0.0, 0.0, 1.0],
                [0.969581, -0.2445, 0.011436, -0.125006, -0.14404, -0.532181, 0.834288, -0.002831, -0.197897, -0.810557, -0.551211, -1.2e-05, 0.0, 0.0, 0.0, 1.0],
                [0.971588, -0.235749, 0.020944, -0.13846, -0.146012, -0.527404, 0.836973, -0.005406, -0.186269, -0.816252, -0.546842, -0.012095, 0.0, 0.0, 0.0, 1.0],
                [0.971588, -0.235749, 0.020944, -0.13846, -0.146012, -0.527404, 0.836973, -0.005406, -0.186269, -0.816252, -0.546842, -0.012095, 0.0, 0.0, 0.0, 1.0],
                [0.659168, -0.135791, -0.739633, -0.125006, -0.117516, -0.990078, 0.077038, -0.002831, -0.742756, 0.036138, -0.668586, -1.2e-05, 0.0, 0.0, 0.0, 1.0]
            ]
        },
        {
            "name": "Leg_L",
            "time": [0.0, 0.0833, 0.2, 0.35, 0.4667, 0.6667, 0.75, 1.15],
            "transform": [
                [0.999989, -0.001334, -0.004465, 0.0, 0.003782, 0.79203, 0.61047, 0.37472, 0.002722, -0.61048, 0.792027, 0.0, 0.0, 0.0, 0.0, 1.0],
                [0.999989, -0.002384, -0.004004, -0.0, 0.003782, 0.91714, 0.398546, 0.37472, 0.002722, -0.398557, 0.91714, 0.0, 0.0, 0.0, 0.0, 1.0],
                [0.999989, -0.00252, -0.00392, -0.0, 0.003782, 0.930313, 0.366745, 0.37472, 0.002722, -0.366756, 0.930313, -0.0, 0.0, 0.0, 0.0, 1.0],
                [0.999989, -0.001687, -0.004344, -0.0, 0.003782, 0.838353, 0.545114, 0.37472, 0.002722, -0.545124, 0.838351, 0.0, 0.0, 0.0, 0.0, 1.0],
                [0.999989, 0.000801, -0.00459, 0.0, 0.003782, 0.435928, 0.899974, 0.37472, 0.002722, -0.899981, 0.43592, 0.0, 0.0, 0.0, 0.0, 1.0],
                [0.999989, 0.000959, -0.00456, 0.0, 0.003782, 0.404575, 0.914497, 0.37472, 0.002722, -0.914504, 0.404568, -0.0, 0.0, 0.0, 0.0, 1.0],
                [0.999989, 0.000959, -0.00456, 0.0, 0.003782, 0.404575, 0.914497, 0.37472, 0.002722, -0.914504, 0.404568, -0.0, 0.0, 0.0, 0.0, 1.0],
                [0.999989, -0.003452, -0.00313, 0.0, 0.003782, 0.993653, 0.112423, 0.37472, 0.002723, -0.112434, 0.993656, -0.0, 0.0, 0.0, 0.0, 1.0]
            ]
        },
        {
            "name": "Knee_L",
            "time": [0.0, 0.0833, 0.2, 0.35, 0.4667, 0.6667, 0.75, 1.15],
            "transform": [
                [1.0, 0.0, -0.0, 0.0, -0.0, 1e-06, -1.0, 0.37472, -0.0, 1.0, 1e-06, 0.0, 0.0, 0.0, 0.0, 1.0],
                [1.0, 0.0, -0.0, -0.0, -0.0, 1e-06, -1.0, 0.37472, -0.0, 1.0, 1e-06, 0.0, 0.0, 0.0, 0.0, 1.0],
                [1.0, 0.0, -0.0, -0.0, -0.0, 1e-06, -1.0, 0.37472, -0.0, 1.0, 1e-06, -0.0, 0.0, 0.0, 0.0, 1.0],
                [1.0, 0.0, -0.0, -0.0, -0.0, 1e-06, -1.0, 0.37472, -0.0, 1.0, 1e-06, 0.0, 0.0, 0.0, 0.0, 1.0],
                [1.0, 0.0, -0.0, 0.0, -0.0, 1e-06, -1.0, 0.37472, -0.0, 1.0, 1e-06, 0.0, 0.0, 0.0, 0.0, 1.0],
                [1.0, 0.0, -0.0, 0.0, -0.0, 1e-06, -1.0, 0.37472, -0.0, 1.0, 1e-06, -0.0, 0.0, 0.0, 0.0, 1.0],
                [1.0, 0.0, -0.0, 0.0, -0.0, 1e-06, -1.0, 0.37472, -0.0, 1.0, 1e-06, -0.0, 0.0, 0.0, 0.0, 1.0],
                [1.0, 0.0, -0.0, 0.0, -0.0, 1e-06, -1.0, 0.37472, -0.0, 1.0, 1e-06, -0.0, 0.0, 0.0, 0.0, 1.0]
            ]
        },
        {
            "name": "Torso",
            "time": [0.0, 0.0833, 0.2, 0.35, 0.4667, 0.6667, 0.75, 1.15],
            "transform": [
                [0.943901, 0.071366, -0.322425, 0.0, 0.014475, 0.966489, 0.256298, 0.05, 0.329912, -0.246587, 0.911237, 0.0, 0.0, 0.0, 0.0, 1.0],
                [0.882939, 0.235098, -0.406384, 0.0, -0.171068, 0.967185, 0.187853, 0.05, 0.437212, -0.096343, 0.894183, 0.0, 0.0, 0.0, 0.0, 1.0],
                [0.871246, 0.256266, -0.418639, 0.0, -0.197224, 0.963782, 0.17952, 0.05, 0.449482, -0.07384, 0.890232, -0.0, 0.0, 0.0, 0.0, 1.0],
                [0.871246, 0.256266, -0.418639, 0.0, -0.197224, 0.963782, 0.17952, 0.05, 0.449482, -0.07384, 0.890232, 0.0, 0.0, 0.0, 0.0, 1.0],
                [0.958286, -0.003735, -0.285788, 0.0, 0.060784, 0.979704, 0.191013, 0.05, 0.279274, -0.200417, 0.939063, -0.0, 0.0, 0.0, 0.0, 1.0],
                [0.960031, -0.016609, -0.2794, -0.0, 0.072943, 0.97859, 0.192461, 0.05, 0.270222, -0.205149, 0.940688, -0.0, 0.0, 0.0, 0.0, 1.0],
                [0.960031, -0.016609, -0.2794, -0.0, 0.072943, 0.97859, 0.192461, 0.05, 0.270222, -0.205149, 0.940688, -0.0, 0.0, 0.0, 0.0, 1.0],
                [0.99978, -0.020971, -0.000197, 0.0, 0.020971, 0.999603, 0.018833, 0.05, -0.000198, -0.018833, 0.999823, 0.0, 0.0, 0.0, 0.0, 1.0]
            ]
        },
        {
            "name": "Chest",
            "time": [0.0, 0.0833, 0.2, 0.35, 0.4667, 0.6667, 0.75, 0.85, 1.15],
            "transform": [
                [0.808951, 0.279677, -0.517087, 0.0, 0.071535, 0.826219, 0.558789, 0.3, 0.583507, -0.489023, 0.648364, 0.0, 0.0, 0.0, 0.0, 1.0],
                [0.67519, -0.020213, -0.737367, -0.0, 0.187317, 0.971555, 0.144889, 0.3, 0.713464, -0.235948, 0.659771, -0.0, 0.0, 0.0, 0.0, 1.0],
                [0.652418, -0.067484, -0.754849, 0.0, 0.196303, 0.977082, 0.082314, 0.3, 0.731994, -0.201882, 0.650714, -0.0, 0.0, 0.0, 0.0, 1.0],
                [0.629765, -0.183301, -0.754849, 0.0, 0.368213, 0.926091, 0.082314, 0.3, 0.68397, -0.329783, 0.650714, -0.0, 0.0, 0.0, 0.0, 1.0],
                [0.990947, -0.002454, 0.134231, 0.0, -0.025323, 0.978469, 0.204835, 0.3, -0.131844, -0.20638, 0.969549, 0.0, 0.0, 0.0, 0.0, 1.0],
                [0.944992, 0.000134, 0.327093, -0.0, -0.068174, 0.978119, 0.19656, 0.3, -0.319909, -0.208047, 0.924324, -0.0, 0.0, 0.0, 0.0, 1.0],
                [0.944992, 0.000134, 0.327093, -0.0, -0.068174, 0.978119, 0.19656, 0.3, -0.319909, -0.208047, 0.924324, -0.0, 0.0, 0.0, 0.0, 1.0],
                [0.97083, -0.076601, 0.227202, 0.0, -0.036844, 0.888677, 0.457051, 0.3, -0.23692, -0.45209, 0.859932, 0.0, 0.0, 0.0, 0.0, 1.0],
                [0.999771, -0.021404, 0.000595, 0.0, 0.021411, 0.999605, -0.01819, 0.3, -0.000206, 0.018199, 0.999834, 0.0, 0.0, 0.0, 0.0, 1.0]
            ]
        },
        {
            "name": "Head",
            "time": [0.0, 0.0833, 0.2, 0.35, 0.4667, 0.6667, 0.75, 1.15],
            "transform": [
                [0.568389, 0.012325, 0.822667, 0.0, -0.000353, 0.999891, -0.014736, 0.4, -0.82276, 0.008086, 0.568332, 0.0, 0.0, 0.0, 0.0, 1.0],
                [-0.114811, 0.012325, 0.993311, -0.0, 0.009448, 0.999891, -0.011314, 0.4, -0.993342, 0.008086, -0.114915, 0.0, 0.0, 0.0, 0.0, 1.0],
                [-0.211977, 0.012325, 0.977197, 0.0, 0.010515, 0.999891, -0.01033, 0.4, -0.977218, 0.008086, -0.212084, 0.0, 0.0, 0.0, 0.0, 1.0],
                [-0.211977, 0.012325, 0.977197, -0.0, 0.010515, 0.999891, -0.01033, 0.4, -0.977218, 0.008086, -0.212084, -0.0, 0.0, 0.0, 0.0, 1.0],
                [0.814099, -0.063465, 0.577247, 0.0, 0.052172, 0.997984, 0.036144, 0.4, -0.578377, 0.000691, 0.815769, -0.0, 0.0, 0.0, 0.0, 1.0],
                [0.843118, -0.066211, 0.533637, 0.0, 0.055056, 0.997804, 0.036817, 0.4, -0.534903, -0.001661, 0.844912, -0.0, 0.0, 0.0, 0.0, 1.0],
                [0.843118, -0.066211, 0.533637, 0.0, 0.055056, 0.997804, 0.036817, 0.4, -0.534903, -0.001661, 0.844912, -0.0, 0.0, 0.0, 0.0, 1.0],
                [0.85311, 0.012325, 0.521585, -0.0, -0.006297, 0.999891, -0.013328, 0.4, -0.521692, 0.008086, 0.853095, -0.0, 0.0, 0.0, 0.0, 1.0]
            ]
        },
        {
            "name": "Shoulder_R",
            "time": [0.0, 0.0833, 0.2, 0.35, 0.4667, 0.6667, 0.75, 1.15],
            "transform": [
                [-0.046543, 0.96455, 0.259762, 0.0, 0.133673, -0.251691, 0.958532, 0.4, 0.989932, 0.079336, -0.11722, 0.0, 0.0, 0.0, 0.0, 1.0],
                [0.32438, 0.909561, 0.259762, -0.0, 0.027722, -0.283634, 0.958532, 0.4, 0.94552, -0.303727, -0.11722, 0.0, 0.0, 0.0, 0.0, 1.0],
                [0.373283, 0.890608, 0.259762, 0.0, 0.012282, -0.28472, 0.958532, 0.4, 0.927636, -0.354613, -0.11722, 0.0, 0.0, 0.0, 0.0, 1.0],
                [0.373283, 0.890608, 0.259762, -0.0, 0.012282, -0.28472, 0.958532, 0.4, 0.927636, -0.354613, -0.11722, -0.0, 0.0, 0.0, 0.0, 1.0],
                [0.373283, 0.890608, 0.259762, 0.0, 0.012282, -0.28472, 0.958532, 0.4, 0.927636, -0.354613, -0.11722, -0.0, 0.0, 0.0, 0.0, 1.0],
                [0.373283, 0.890608, 0.259762, 0.0, 0.012282, -0.284721, 0.958532, 0.4, 0.927636, -0.354613, -0.11722, -0.0, 0.0, 0.0, 0.0, 1.0],
                [0.373283, 0.890608, 0.259762, 0.0, 0.012282, -0.284721, 0.958532, 0.4, 0.927636, -0.354613, -0.11722, -0.0, 0.0, 0.0, 0.0, 1.0],
                [-0.276631, 0.925202, 0.259762, -0.0, 0.190162, -0.212262, 0.958532, 0.4, 0.941973, 0.314557, -0.11722, -0.0, 0.0, 0.0, 0.0, 1.0]
            ]
        },
        {
            "name": "Arm_R",
            "time": [0.0, 0.0833, 0.2, 0.35, 0.4667, 0.6667, 0.75, 0.8333, 1.15],
            "transform": [
                [0.487203, -0.202212, -0.849555, -0.0, -0.119154, 0.948332, -0.294056, 0.393861, 0.865122, 0.244493, 0.437935, -0.0, 0.0, 0.0, 0.0, 1.0],
                [0.111845, -0.69639, -0.708894, 0.0, -0.276261, 0.663459, -0.695343, 0.39386, 0.954553, 0.273611, -0.118181, -0.0, 0.0, 0.0, 0.0, 1.0],
                [0.065513, -0.751452, -0.656527, 0.0, -0.311016, 0.609788, -0.728991, 0.39386, 0.948144, 0.251949, -0.193765, 0.0, 0.0, 0.0, 0.0, 1.0],
                [0.065513, -0.61765, -0.783719, 0.0, -0.311016, 0.733643, -0.604183, 0.393861, 0.948144, 0.283331, -0.144037, 0.0, 0.0, 0.0, 0.0, 1.0],
                [0.065513, -0.956537, -0.284158, 0.0, -0.311016, 0.25101, -0.916658, 0.39386, 0.948144, 0.148431, -0.281054, 0.0, 0.0, 0.0, 0.0, 1.0],
                [0.065513, -0.962093, -0.264737, -0.0, -0.311017, 0.232403, -0.921552, 0.39386, 0.948144, 0.142711, -0.284001, 0.0, 0.0, 0.0, 0.0, 1.0],
                [0.065513, -0.962093, -0.264737, -0.0, -0.311017, 0.232403, -0.921552, 0.39386, 0.948144, 0.142711, -0.284001, 0.0, 0.0, 0.0, 0.0, 1.0],
                [-0.013675, -0.441052, -0.897377, 0.0, -0.203142, 0.87997, -0.429401, 0.39386, 0.979054, 0.176423, -0.10163, 0.0, 0.0, 0.0, 0.0, 1.0],
                [0.844974, 0.195057, -0.497967, 0.0, 0.520149, -0.083231, 0.85001, 0.39386, 0.124354, -0.977254, -0.171787, 0.0, 0.0, 0.0, 0.0, 1.0]
            ]
        },
        {
            "name": "Hand_R",
            "time": [0.0, 0.0833, 0.2, 0.35, 0.4667, 0.6667, 0.75, 0.8333, 1.15],
            "transform": [
                [0.999998, -0.00014, 0.001818, -0.0, 0.000868, 0.913389, -0.407088, 0.3, -0.001603, 0.407089, 0.913387, -0.0, 0.0, 0.0, 0.0, 1.0],
                [0.999998, -0.00014, 0.001818, -0.0, 0.000868, 0.913388, -0.407088, 0.3, -0.001603, 0.407089, 0.913387, -0.0, 0.0, 0.0, 0.0, 1.0],
                [0.999998, -0.00014, 0.001818, -0.0, 0.000868, 0.913388, -0.407088, 0.3, -0.001603, 0.407089, 0.913387, 0.0, 0.0, 0.0, 0.0, 1.0],
                [0.999998, -0.00014, 0.001818, 0.0, 0.000868, 0.913388, -0.407088, 0.3, -0.001603, 0.407089, 0.913387, -0.0, 0.0, 0.0, 0.0, 1.0],
                [0.999998, -0.00014, 0.001818, -0.0, 0.000868, 0.913388, -0.407088, 0.3, -0.001603, 0.407089, 0.913387, -0.0, 0.0, 0.0, 0.0, 1.0],
                [0.999998, -0.00014, 0.001818, 0.0, 0.000868, 0.913388, -0.407088, 0.3, -0.001603, 0.407089, 0.913387, 0.0, 0.0, 0.0, 0.0, 1.0],
                [0.999998, -0.00014, 0.001818, 0.0, 0.000868, 0.913388, -0.407088, 0.3, -0.001603, 0.407089, 0.913387, 0.0, 0.0, 0.0, 0.0, 1.0],
                [0.999998, -0.00091, 0.00158, -0.0, 0.000868, 0.999655, 0.026255, 0.3, -0.001603, -0.026253, 0.999654, -0.0, 0.0, 0.0, 0.0, 1.0],
                [0.999998, -0.000848, 0.001614, -0.0, 0.000868, 0.999919, -0.012686, 0.3, -0.001603, 0.012688, 0.999918, 0.0, 0.0, 0.0, 0.0, 1.0]
            ]
        },
        {
            "name": "Tool_R",
            "time": [0.0, 0.0833, 0.2, 0.35, 0.4667, 0.6667, 0.75, 0.8333, 1.15],
            "transform": [
                [-0.983805, 0.152716, -0.083808, 0.009539, 0.118757, 0.905893, 0.332784, 0.182266, 0.134182, 0.317576, -0.90792, 0.329295, 0.0, 0.0, 0.0, 1.0],
                [-0.983805, 0.152716, -0.083808, 0.009539, 0.118757, 0.905893, 0.332784, 0.182266, 0.134182, 0.317576, -0.90792, 0.329295, 0.0, 0.0, 0.0, 1.0],
                [-0.963691, 0.152739, -0.209662, 0.009539, 0.072324, 0.905889, 0.345137, 0.182266, 0.256889, 0.317576, -0.882646, 0.329295, 0.0, 0.0, 0.0, 1.0],
                [-0.963691, 0.152739, -0.209662, 0.009539, 0.072324, 0.905889, 0.345137, 0.182266, 0.256889, 0.317576, -0.882646, 0.329295, 0.0, 0.0, 0.0, 1.0],
                [-0.953675, 0.019048, -0.291532, 0.036684, 0.226302, 0.684564, -0.653506, 0.478739, 0.198109, -0.689469, -0.656132, 0.238057, 0.0, 0.0, 0.0, 1.0],
                [-0.953875, -0.067961, -0.283517, 0.030591, 0.230902, 0.438047, -0.837426, 0.540414, 0.191739, -0.8646, -0.401525, 0.139795, 0.0, 0.0, 0.0, 1.0],
                [-0.953875, -0.067961, -0.283517, 0.030591, 0.230902, 0.438047, -0.837426, 0.540414, 0.191739, -0.8646, -0.401525, 0.139795, 0.0, 0.0, 0.0, 1.0],
                [-0.711302, 0.374906, -0.570654, -0.136397, 0.559833, 0.793577, -0.137754, 0.154314, 0.424768, -0.417611, -0.773138, -0.134766, 0.0, 0.0, 0.0, 1.0],
                [0.995182, 0.015962, -0.093876, 0.047346, 0.051843, 0.727781, 0.641806, 0.292138, 0.083177, -0.643825, 0.722313, 0.103695, 0.0, 0.0, 0.0, 1.0]
            ]
        },
        {
            "name": "Elbow_R",
            "time": [0.0, 0.0833, 0.2, 0.35, 0.4667, 0.6667, 0.75, 1.15],
            "transform": [
                [-1.0, 0.0, -0.0, -0.0, 0.0, -0.352615, -0.935768, 0.429832, -0.0, -0.935769, 0.352615, -0.0, 0.0, 0.0, 0.0, 1.0],
                [-1.0, 0.0, -0.0, -0.0, 0.0, -0.352615, -0.935768, 0.429832, -0.0, -0.935768, 0.352615, -0.0, 0.0, 0.0, 0.0, 1.0],
                [-1.0, 0.0, -0.0, -0.0, 0.0, -0.352615, -0.935768, 0.429832, -0.0, -0.935769, 0.352615, 0.0, 0.0, 0.0, 0.0, 1.0],
                [-1.0, 0.0, -0.0, 0.0, 0.0, -0.352615, -0.935768, 0.429832, -0.0, -0.935769, 0.352615, -0.0, 0.0, 0.0, 0.0, 1.0],
                [-1.0, 0.0, -0.0, -0.0, 0.0, -0.352615, -0.935768, 0.429832, -0.0, -0.935769, 0.352615, -0.0, 0.0, 0.0, 0.0, 1.0],
                [-1.0, 0.0, -0.0, 0.0, 0.0, -0.352615, -0.935768, 0.429832, -0.0, -0.935768, 0.352615, -0.0, 0.0, 0.0, 0.0, 1.0],
                [-1.0, 0.0, -0.0, 0.0, 0.0, -0.352615, -0.935768, 0.429832, -0.0, -0.935768, 0.352615, -0.0, 0.0, 0.0, 0.0, 1.0],
                [-1.0, 0.0, -0.0, -0.0, 0.0, -0.0, -1.0, 0.429832, -0.0, -1.0, 0.0, 0.0, 0.0, 0.0, 0.0, 1.0]
            ]
        },
        {
            "name": "Shoulder_L",
            "time": [0.0, 0.0833, 0.2, 0.35, 0.4667, 0.6667, 0.75, 1.15],
            "transform": [
                [0.742719, -0.523427, -0.417602, 0.0, 0.389388, -0.169744, 0.905298, 0.4, -0.544743, -0.834992, 0.077744, 0.0, 0.0, 0.0, 0.0, 1.0],
                [-0.16465, -0.893587, -0.417602, -0.0, 0.00875, -0.424687, 0.905298, 0.4, -0.986313, 0.145403, 0.077744, 0.0, 0.0, 0.0, 0.0, 1.0],
                [-0.29719, -0.858654, -0.417602, 0.0, -0.055231, -0.421172, 0.905298, 0.4, -0.95322, 0.29211, 0.077744, 0.0, 0.0, 0.0, 0.0, 1.0],
                [-0.29719, -0.858654, -0.417602, -0.0, -0.055231, -0.421172, 0.905298, 0.4, -0.95322, 0.29211, 0.077744, -0.0, 0.0, 0.0, 0.0, 1.0],
                [0.605252, -0.791084, 0.088627, 0.0, -0.268479, -0.098053, 0.958282, 0.4, -0.749392, -0.603797, -0.271736, -0.0, 0.0, 0.0, 0.0, 1.0],
                [0.634412, -0.763987, 0.117666, 0.0, -0.284297, -0.089057, 0.954591, 0.4, -0.718816, -0.639056, -0.273698, -0.0, 0.0, 0.0, 0.0, 1.0],
                [0.634412, -0.763987, 0.117666, 0.0, -0.284297, -0.089057, 0.954591, 0.4, -0.718816, -0.639056, -0.273698, -0.0, 0.0, 0.0, 0.0, 1.0],
                [-0.503935, -0.756081, -0.417602, -0.0, -0.15956, -0.39367, 0.905298, 0.4, -0.848876, 0.522844, 0.077744, -0.0, 0.0, 0.0, 0.0, 1.0]
            ]
        },
        {
            "name": "Arm_L",
            "time": [0.0, 0.0833, 0.2, 0.35, 0.4667, 0.6667, 0.75, 1.15],
            "transform": [
                [-0.086165, 0.923238, 0.374442, 0.0, 0.646784, 0.337708, -0.683831, 0.39386, -0.757791, 0.183261, -0.626234, -0.0, 0.0, 0.0, 0.0, 1.0],
                [-0.042281, 0.792969, 0.607793, -0.0, 0.055392, -0.60554, 0.793884, 0.39386, 0.997569, 0.067234, -0.018321, 0.0, 0.0, 0.0, 0.0, 1.0],
                [-0.076907, 0.781986, 0.618533, -0.0, -0.200581, -0.619821, 0.758675, 0.39386, 0.976654, -0.065719, 0.204521, -0.0, 0.0, 0.0, 0.0, 1.0],
                [-0.076907, 0.781986, 0.618533, 0.0, -0.200581, -0.619821, 0.758676, 0.393861, 0.976654, -0.065719, 0.20452, -0.0, 0.0, 0.0, 0.0, 1.0],
                [-0.282973, 0.738934, -0.611476, 0.0, -0.042689, 0.627198, 0.777689, 0.39386, 0.958177, 0.246168, -0.145936, 0.0, 0.0, 0.0, 0.0, 1.0],
                [-0.294783, 0.940001, -0.171757, 0.0, -0.043409, 0.166385, 0.985105, 0.39386, 0.954578, 0.297848, -0.008242, -0.0, 0.0, 0.0, 0.0, 1.0],
                [-0.294783, 0.940001, -0.171757, 0.0, -0.043409, 0.166385, 0.985105, 0.39386, 0.954578, 0.297848, -0.008242, -0.0, 0.0, 0.0, 0.0, 1.0],
                [-0.846677, -0.311692, -0.431262, 0.0, 0.425666, 0.08958, -0.900435, 0.393861, 0.319291, -0.945951, 0.056831, 0.0, 0.0, 0.0, 0.0, 1.0]
            ]
        },
        {
            "name": "Hand_L",
            "time": [0.0, 0.0833, 0.2, 0.35, 0.4667, 0.6667, 0.75, 0.85, 1.15],
            "transform": [
                [0.999417, -0.023024, -0.025229, -0.0, 0.019618, 0.991606, -0.127799, 0.3, 0.02796, 0.12723, 0.991479, -0.0, 0.0, 0.0, 0.0, 1.0],
                [0.999417, -0.031614, -0.01293, -0.0, 0.019618, 0.841195, -0.540376, 0.3, 0.02796, 0.539807, 0.841325, 0.0, 0.0, 0.0, 0.0, 1.0],
                [0.999417, -0.032348, -0.010964, 0.0, 0.019618, 0.806426, -0.59101, 0.3, 0.02796, 0.59045, 0.80659, 0.0, 0.0, 0.0, 0.0, 1.0],
                [0.999417, -0.027214, -0.020639, 0.0, 0.019618, 0.952031, -0.305372, 0.3, 0.02796, 0.304789, 0.95201, -0.0, 0.0, 0.0, 0.0, 1.0],
                [0.999417, -0.022383, -0.025799, 0.0, 0.019618, 0.994502, -0.102862, 0.3, 0.02796, 0.102296, 0.994361, -0.0, 0.0, 0.0, 0.0, 1.0],
                [0.999417, -0.021735, -0.026348, -0.0, 0.019618, 0.996752, -0.078106, 0.3, 0.02796, 0.077543, 0.996597, 0.0, 0.0, 0.0, 0.0, 1.0],
                [0.999417, -0.021735, -0.026348, -0.0, 0.019618, 0.996752, -0.078106, 0.3, 0.02796, 0.077543, 0.996597, 0.0, 0.0, 0.0, 0.0, 1.0],
                [0.999665, -0.025374, 0.005148, 0.0, 0.014737, 0.394164, -0.918922, 0.3, 0.021288, 0.91869, 0.394406, -0.0, 0.0, 0.0, 0.0, 1.0],
                [0.999993, -0.000981, -0.003668, 0.0, 0.000938, 0.999931, -0.011754, 0.3, 0.003679, 0.011751, 0.999924, -0.0, 0.0, 0.0, 0.0, 1.0]
            ]
        },
        {
            "name": "Tool_L",
            "time": [0.0, 0.0833, 0.2, 0.35, 0.4667, 0.6667, 0.75, 1.15],
            "transform": [
                [0.997004, 0.01104, -0.076554, -0.0, -0.036659, -0.804079, -0.593391, 0.272858, -0.068067, 0.594062, -0.8008, -0.0, 0.0, 0.0, 0.0, 1.0],
                [0.997004, 0.01104, -0.076554, -0.0, -0.036659, -0.804079, -0.593391, 0.272858, -0.068067, 0.594062, -0.8008, -0.0, 0.0, 0.0, 0.0, 1.0],
                [0.997004, 0.01104, -0.076554, 0.0, -0.036659, -0.804079, -0.593391, 0.272858, -0.068067, 0.594062, -0.8008, -0.0, 0.0, 0.0, 0.0, 1.0],
                [0.997004, 0.01104, -0.076554, -0.0, -0.036659, -0.804079, -0.593391, 0.272858, -0.068067, 0.594062, -0.8008, -0.0, 0.0, 0.0, 0.0, 1.0],
                [0.997004, 0.01104, -0.076554, 0.0, -0.036659, -0.804079, -0.593391, 0.272858, -0.068067, 0.594062, -0.8008, -0.0, 0.0, 0.0, 0.0, 1.0],
                [0.997004, 0.01104, -0.076554, 0.0, -0.036659, -0.804079, -0.593391, 0.272858, -0.068067, 0.594062, -0.8008, -0.0, 0.0, 0.0, 0.0, 1.0],
                [0.997004, 0.01104, -0.076554, 0.0, -0.036659, -0.804079, -0.593391, 0.272858, -0.068067, 0.594062, -0.8008, -0.0, 0.0, 0.0, 0.0, 1.0],
                [0.997004, 0.01104, -0.076554, -0.0, -0.036659, -0.804079, -0.593391, 0.272858, -0.068067, 0.594062, -0.8008, -0.0, 0.0, 0.0, 0.0, 1.0]
            ]
        },
        {
            "name": "Elbow_L",
            "time": [0.0, 0.0833, 0.2, 0.35, 0.4667, 0.6667, 0.75, 1.15],
            "transform": [
                [-1.0, 0.0, -0.0, 2.7e-05, 0.0, -0.098535, -0.995134, 0.356629, -0.0, -0.995134, 0.098535, 0.001284, 0.0, 0.0, 0.0, 1.0],
                [-1.0, 0.0, -0.0, 2.7e-05, 0.0, -0.098535, -0.995134, 0.356629, -0.0, -0.995134, 0.098535, 0.001284, 0.0, 0.0, 0.0, 1.0],
                [-1.0, 0.0, -0.0, 2.7e-05, 0.0, -0.098535, -0.995134, 0.356629, -0.0, -0.995134, 0.098535, 0.001284, 0.0, 0.0, 0.0, 1.0],
                [-1.0, 0.0, -0.0, 2.7e-05, 0.0, -0.098535, -0.995134, 0.356629, -0.0, -0.995134, 0.098535, 0.001284, 0.0, 0.0, 0.0, 1.0],
                [-1.0, 0.0, 0.0, 2.7e-05, 0.0, -0.098535, -0.995134, 0.356629, -0.0, -0.995134, 0.098535, 0.001284, 0.0, 0.0, 0.0, 1.0],
                [-1.0, 0.0, -0.0, 2.7e-05, 0.0, -0.098535, -0.995134, 0.356629, -0.0, -0.995134, 0.098535, 0.001284, 0.0, 0.0, 0.0, 1.0],
                [-1.0, 0.0, -0.0, 2.7e-05, 0.0, -0.098535, -0.995134, 0.356629, -0.0, -0.995134, 0.098535, 0.001284, 0.0, 0.0, 0.0, 1.0],
                [-1.0, 0.0, 0.0, 2.7e-05, 0.0, -0.0, -1.0, 0.396148, -0.0, -1.0, -0.0, -0.002121, 0.0, 0.0, 0.0, 1.0]
            ]
        }
    ]
}