{
    "animation": [
        {
            "name": "Root",
            "time": [0.0, 0.2167, 0.3667, 0.6, 0.75, 0.9167],
            "transform": [
                [0.854689, 0.0, -0.51914, -0.007616, -0.51914, 0.0, -0.854689, 0.001678, 0.0, 1.0, 0.0, 0.764267, 0.0, 0.0, 0.0, 1.0],
                [0.491498, 0.0, -0.870879, -0.007616, -0.870879, 0.0, -0.491498, -0.284998, 0.0, 1.0, 0.0, 0.764267, 0.0, 0.0, 0.0, 1.0],
                [0.491498, 0.0, -0.870879, -0.007616, -0.870879, 0.0, -0.491498, -0.284998, 0.0, 1.0, 0.0, 0.727258, 0.0, 0.0, 0.0, 1.0],
                [0.900051, 0.0, 0.435785, -0.012904, 0.435785, 0.0, -0.900051, 0.534371, 0.0, 1.0, 0.0, 0.605739, 0.0, 0.0, 0.0, 1.0],
                [0.900051, 0.0, 0.435785, -0.012904, 0.435785, 0.0, -0.900051, 0.578644, 0.0, 1.0, 0.0, 0.605739, 0.0, 0.0, 0.0, 1.0],
                [0.900051, 0.0, 0.435785, -0.012904, 0.435785, 0.0, -0.900051, 0.578644, 0.0, 1.0, 0.0, 0.605739, 0.0, 0.0, 0.0, 1.0]
            ]
        },
        {
            "name": "Thigh_R",
            "time": [0.0, 0.2167, 0.3667, 0.5, 0.6, 0.75, 0.9167],
            "transform": [
                [0.992811, 0.11785, -0.020883, 0.124994, 0.118536, -0.992318, 0.035348, -0.002831, -0.016557, -0.037569, -0.999157, -1.2e-05, 0.0, 0.0, 0.0, 1.0],
                [0.947438, 0.313825, 0.062247, 0.124994, 0.318117, -0.944775, -0.078725, -0.002831, 0.034104, 0.094389, -0.994951, -1.2e-05, 0.0, 0.0, 0.0, 1.0],
                [0.933085, 0.352611, 0.070832, 0.124994, 0.358817, -0.926118, -0.116411, -0.002831, 0.024551, 0.134037, -0.990672, -1.2e-05, 0.0, 0.0, 0.0, 1.0],
                [0.902467, 0.356345, -0.242012, 0.124994, 0.424246, -0.832601, 0.356073, -0.002831, -0.074614, -0.424016, -0.902576, -1.2e-05, 0.0, 0.0, 0.0, 1.0],
                [0.872285, 0.322156, 0.367876, 0.124994, 0.063997, -0.821044, 0.567263, -0.002831, 0.48479, -0.471272, -0.736804, -1.2e-05, 0.0, 0.0, 0.0, 1.0],
                [0.872285, 0.379897, 0.307888, 0.124994, 0.063997, -0.712905, 0.698333, -0.002831, 0.48479, -0.58944, -0.646171, -1.2e-05, 0.0, 0.0, 0.0, 1.0],
                [0.872285, 0.379897, 0.307888, 0.124994, 0.063997, -0.712905, 0.698333, -0.002831, 0.48479, -0.58944, -0.646171, -1.2e-05, 0.0, 0.0, 0.0, 1.0]
            ]
        },
        {
            "name": "Leg_R",
            "time": [0.0, 0.2167, 0.3667, 0.5, 0.6, 0.75, 0.9167],
            "transform": [
                [1.0, -0.0, 1e-06, 0.0, 0.0, 0.997612, 0.069073, 0.37472, -1e-06, -0.069073, 0.997611, -0.0, 0.0, 0.0, 0.0, 1.0],
                [1.0, -0.0, 1e-06, -0.0, 0.0, 0.997612, 0.069073, 0.37472, -1e-06, -0.069073, 0.997611, -0.0, 0.0, 0.0, 0.0, 1.0],
                [1.0, -0.0, 1e-06, -0.0, 0.0, 0.997612, 0.069073, 0.37472, -1e-06, -0.069073, 0.997611, 0.0, 0.0, 0.0, 0.0, 1.0],
                [1.0, -1e-06, 0.0, -0.0, -0.0, 0.281218, 0.959643, 0.37472, -1e-06, -0.959645, 0.281218, -0.0, 0.0, 0.0, 0.0, 1.0],
                [1.0, -0.0, 1e-06, -0.0, 0.0, 0.984256, 0.176752, 0.37472, -1e-06, -0.176753, 0.984254, -0.0, 0.0, 0.0, 0.0, 1.0],
                [1.0, -0.0, 1e-06, 0.0, 0.0, 0.945009, 0.327046, 0.37472, -1e-06, -0.327046, 0.945008, 0.0, 0.0, 0.0, 0.0, 1.0],
                [1.0, -0.0, 1e-06, 0.0, 0.0, 0.945009, 0.327046, 0.37472, -1e-06, -0.327046, 0.945008, 0.0, 0.0, 0.0, 0.0, 1.0]
            ]
        },
        {
            "name": "Knee_R",
            "time": [0.0, 0.2167, 0.3667, 0.6, 0.75, 0.9167],
            "transform": [
                [1.0, 0.0, -0.0, 0.0, -0.0, 1e-06, -1.0, 0.37472, -0.0, 1.0, 1e-06, -0.0, 0.0, 0.0, 0.0, 1.0],
                [1.0, 0.0, -0.0, -0.0, -0.0, 1e-06, -1.0, 0.37472, -0.0, 1.0, 1e-06, -0.0, 0.0, 0.0, 0.0, 1.0],
                [1.0, 0.0, -0.0, -0.0, -0.0, 1e-06, -1.0, 0.37472, -0.0, 1.0, 1e-06, 0.0, 0.0, 0.0, 0.0, 1.0],
                [1.0, 0.0, -0.0, -0.0, -0.0, 1e-06, -1.0, 0.37472, -0.0, 1.0, 1e-06, -0.0, 0.0, 0.0, 0.0, 1.0],
                [1.0, 0.0, -0.0, 0.0, -0.0, 1e-06, -1.0, 0.37472, -0.0, 1.0, 1e-06, 0.0, 0.0, 0.0, 0.0, 1.0],
                [1.0, 0.0, -0.0, 0.0, -0.0, 1e-06, -1.0, 0.37472, -0.0, 1.0, 1e-06, 0.0, 0.0, 0.0, 0.0, 1.0]
            ]
        },
        {
            "name": "Thigh_L",
            "time": [0.0, 0.2167, 0.3667, 0.6, 0.75, 0.9167],
            "transform": [
                [0.659168, -0.135791, -0.739633, -0.125006, -0.117516, -0.990078, 0.077038, -0.002831, -0.742756, 0.036138, -0.668586, -1.2e-05, 0.0, 0.0, 0.0, 1.0],
                [0.659168, -0.320647, -0.680207, -0.125006, -0.117516, -0.937347, 0.327979, -0.002831, -0.742756, -0.136258, -0.655551, -1.2e-05, 0.0, 0.0, 0.0, 1.0],
                [0.659168, -0.364389, -0.657812, -0.125006, -0.117516, -0.913924, 0.3885, -0.002831, -0.742756, -0.178783, -0.645252, -1.2e-05, 0.0, 0.0, 0.0, 1.0],
                [0.915319, -0.238109, 0.324799, -0.125006, 0.014334, -0.786723, -0.617139, -0.002831, 0.402473, 0.569536, -0.716689, -1.2e-05, 0.0, 0.0, 0.0, 1.0],
                [0.915319, -0.229637, 0.330843, -0.125006, 0.014334, -0.802407, -0.596605, -0.002831, 0.402473, 0.550827, -0.731166, -1.2e-05, 0.0, 0.0, 0.0, 1.0],
                [0.915319, -0.229637, 0.330843, -0.125006, 0.014334, -0.802407, -0.596605, -0.002831, 0.402473, 0.550827, -0.731166, -1.2e-05, 0.0, 0.0, 0.0, 1.0]
            ]
        },
        {
            "name": "Leg_L",
            "time": [0.0, 0.2167, 0.3667, 0.6, 0.75, 0.9167],
            "transform": [
                [0.999989, -0.003452, -0.00313, 0.0, 0.003782, 0.993653, 0.112423, 0.37472, 0.002723, -0.112434, 0.993656, -0.0, 0.0, 0.0, 0.0, 1.0],
                [0.999989, -0.003452, -0.00313, 0.0, 0.003782, 0.993653, 0.112423, 0.37472, 0.002722, -0.112434, 0.993656, -0.0, 0.0, 0.0, 0.0, 1.0],
                [0.999989, -0.002349, -0.004025, 0.0, 0.003782, 0.913655, 0.406473, 0.37472, 0.002722, -0.406484, 0.913654, -0.0, 0.0, 0.0, 0.0, 1.0],
                [0.999989, -0.00333, -0.003259, -0.0, 0.003782, 0.988655, 0.150154, 0.37472, 0.002722, -0.150165, 0.988658, -0.0, 0.0, 0.0, 0.0, 1.0],
                [0.999989, -0.00333, -0.003259, -0.0, 0.003782, 0.988655, 0.150154, 0.37472, 0.002722, -0.150165, 0.988658, -0.0, 0.0, 0.0, 0.0, 1.0],
                [0.999989, -0.00333, -0.003259, -0.0, 0.003782, 0.988655, 0.150154, 0.37472, 0.002722, -0.150165, 0.988658, -0.0, 0.0, 0.0, 0.0, 1.0]
            ]
        },
        {
            "name": "Knee_L",
            "time": [0.0, 0.2167, 0.3667, 0.6, 0.75, 0.9167],
            "transform": [
                [1.0, 0.0, -0.0, 0.0, -0.0, 1e-06, -1.0, 0.37472, -0.0, 1.0, 1e-06, -0.0, 0.0, 0.0, 0.0, 1.0],
                [1.0, 0.0, -0.0, 0.0, -0.0, 1e-06, -1.0, 0.37472, -0.0, 1.0, 1e-06, -0.0, 0.0, 0.0, 0.0, 1.0],
                [1.0, 0.0, -0.0, 0.0, -0.0, 1e-06, -1.0, 0.37472, -0.0, 1.0, 1e-06, -0.0, 0.0, 0.0, 0.0, 1.0],
                [1.0, 0.0, -0.0, -0.0, -0.0, 1e-06, -1.0, 0.37472, -0.0, 1.0, 1e-06, -0.0, 0.0, 0.0, 0.0, 1.0],
                [1.0, 0.0, -0.0, -0.0, -0.0, 1e-06, -1.0, 0.37472, -0.0, 1.0, 1e-06, -0.0, 0.0, 0.0, 0.0, 1.0],
                [1.0, 0.0, -0.0, -0.0, -0.0, 1e-06, -1.0, 0.37472, -0.0, 1.0, 1e-06, -0.0, 0.0, 0.0, 0.0, 1.0]
            ]
        },
        {
            "name": "Torso",
            "time": [0.0, 0.2167, 0.3667, 0.6, 0.75, 0.9167],
            "transform": [
                [0.99978, -0.020971, -0.000197, 0.0, 0.020971, 0.999603, 0.018833, 0.05, -0.000198, -0.018833, 0.999823, 0.0, 0.0, 0.0, 0.0, 1.0],
                [0.99978, -0.020971, -0.000197, 0.0, 0.020971, 0.999603, 0.018833, 0.05, -0.000198, -0.018833, 0.999823, -0.0, 0.0, 0.0, 0.0, 1.0],
                [0.99978, -0.020971, -0.000197, 0.0, 0.020971, 0.999603, 0.018833, 0.05, -0.000198, -0.018833, 0.999823, -0.0, 0.0, 0.0, 0.0, 1.0],
                [0.995511, -0.024568, -0.091402, 0.0, 0.022507, 0.99947, -0.023518, 0.05, 0.091932, 0.021355, 0.995536, 0.0, 0.0, 0.0, 0.0, 1.0],
                [0.995511, -0.024568, -0.091402, 0.0, 0.022507, 0.99947, -0.023518, 0.05, 0.091932, 0.021355, 0.995536, 0.0, 0.0, 0.0, 0.0, 1.0],
                [0.995511, -0.024568, -0.091402, 0.0, 0.022507, 0.99947, -0.023518, 0.05, 0.091932, 0.021355, 0.995536, 0.0, 0.0, 0.0, 0.0, 1.0]
            ]
        },
        {
            "name": "Chest",
            "time": [0.0, 0.1, 0.2167, 0.3667, 0.5, 0.6, 0.75, 0.9167],
            "transform": [
                [0.999771, -0.021404, 0.000595, 0.0, 0.021411, 0.999605, -0.01819, 0.3, -0.000206, 0.018199, 0.999834, 0.0, 0.0, 0.0, 0.0, 1.0],
                [0.988735, 0.036793, -0.145082, -0.0, 0.018467, 0.931922, 0.362189, 0.3, 0.148531, -0.360789, 0.920744, 0.0, 0.0, 0.0, 0.0, 1.0],
                [0.904425, -0.021404, -0.426094, 0.0, 0.011602, 0.999605, -0.025588, 0.3, 0.426474, 0.018199, 0.904317, 0.0, 0.0, 0.0, 0.0, 1.0],
                [0.749236, -0.021404, -0.661957, 0.0, 0.003985, 0.999605, -0.027811, 0.3, 0.662291, 0.018199, 0.749026, -0.0, 0.0, 0.0, 0.0, 1.0],
                [0.811605, -0.016396, 0.583977, -0.0, -0.162111, 0.954029, 0.252087, 0.3, -0.561264, -0.299264, 0.771637, -0.0, 0.0, 0.0, 0.0, 1.0],
                [0.698391, 0.040541, 0.714568, 0.0, 0.062272, 0.991166, -0.117095, 0.3, -0.713003, 0.126276, 0.689697, -0.0, 0.0, 0.0, 0.0, 1.0],
                [0.61683, 0.104847, 0.780082, 0.0, 0.074596, 0.97884, -0.190546, 0.3, -0.783553, 0.175726, 0.595957, -0.0, 0.0, 0.0, 0.0, 1.0],
                [0.61683, 0.104847, 0.780082, 0.0, 0.074596, 0.97884, -0.190546, 0.3, -0.783553, 0.175726, 0.595957, -0.0, 0.0, 0.0, 0.0, 1.0]
            ]
        },
        {
            "name": "Head",
            "time": [0.0, 0.2167, 0.3667, 0.6, 0.75, 0.9167],
            "transform": [
                [0.85311, 0.012325, 0.521585, -0.0, -0.006297, 0.999891, -0.013328, 0.4, -0.521692, 0.008086, 0.853095, -0.0, 0.0, 0.0, 0.0, 1.0],
                [0.474338, 0.012325, 0.880256, 0.0, 0.001272, 0.999891, -0.014685, 0.4, -0.880342, 0.008086, 0.474271, 0.0, 0.0, 0.0, 0.0, 1.0],
                [0.474338, 0.012325, 0.880256, -0.0, 0.001272, 0.999891, -0.014685, 0.4, -0.880342, 0.008086, 0.474271, 0.0, 0.0, 0.0, 0.0, 1.0],
                [0.951657, 0.012325, -0.306914, -0.0, -0.014212, 0.999891, -0.003913, 0.4, 0.306833, 0.008086, 0.951729, -0.0, 0.0, 0.0, 0.0, 1.0],
                [0.923317, 0.012325, -0.38384, -0.0, -0.014484, 0.999891, -0.002736, 0.4, 0.383764, 0.008086, 0.923396, 0.0, 0.0, 0.0, 0.0, 1.0],
                [0.923317, 0.012325, -0.38384, -0.0, -0.014484, 0.999891, -0.002736, 0.4, 0.383764, 0.008086, 0.923396, 0.0, 0.0, 0.0, 0.0, 1.0]
            ]
        },
        {
            "name": "Shoulder_R",
            "time": [0.0, 0.2167, 0.3667, 0.6, 0.75, 0.9167],
            "transform": [
                [-0.276631, 0.925202, 0.259762, -0.0, 0.190162, -0.212262, 0.958532, 0.4, 0.941973, 0.314557, -0.11722, -0.0, 0.0, 0.0, 0.0, 1.0],
                [0.236307, 0.936313, 0.259762, 0.0, 0.054601, -0.279706, 0.958532, 0.4, 0.970143, -0.212324, -0.11722, 0.0, 0.0, 0.0, 0.0, 1.0],
                [0.236307, 0.936313, 0.259762, -0.0, 0.054601, -0.279706, 0.958532, 0.4, 0.970143, -0.212324, -0.11722, 0.0, 0.0, 0.0, 0.0, 1.0],
                [0.415954, 0.871496, 0.259762, -0.0, -0.001513, -0.284981, 0.958532, 0.4, 0.909384, -0.399098, -0.11722, -0.0, 0.0, 0.0, 0.0, 1.0],
                [0.415954, 0.871496, 0.259762, -0.0, -0.001513, -0.284981, 0.958532, 0.4, 0.909384, -0.399098, -0.11722, 0.0, 0.0, 0.0, 0.0, 1.0],
                [0.415954, 0.871496, 0.259762, -0.0, -0.001513, -0.284981, 0.958532, 0.4, 0.909384, -0.399098, -0.11722, 0.0, 0.0, 0.0, 0.0, 1.0]
            ]
        },
        {
            "name": "Arm_R",
            "time": [0.0, 0.1, 0.2167, 0.3667, 0.5, 0.6, 0.75, 0.9167],
            "transform": [
                [0.844974, 0.195057, -0.497967, 0.0, 0.520149, -0.083231, 0.85001, 0.39386, 0.124354, -0.977254, -0.171787, 0.0, 0.0, 0.0, 0.0, 1.0],
                [-0.193542, -0.016334, -0.980956, -0.0, 0.507558, 0.853995, -0.114361, 0.393861, 0.839599, -0.520025, -0.156993, -0.0, 0.0, 0.0, 0.0, 1.0],
                [-0.739696, -0.477478, -0.474198, 0.0, 0.041299, 0.671127, -0.740191, 0.393861, 0.671672, -0.567101, -0.476711, -0.0, 0.0, 0.0, 0.0, 1.0],
                [-0.715177, -0.371571, -0.591994, 0.0, -0.019461, 0.857242, -0.514546, 0.39386, 0.698672, -0.356471, -0.620311, 0.0, 0.0, 0.0, 0.0, 1.0],
                [0.342909, -0.936813, -0.06924, 0.0, 0.695026, 0.30261, -0.6522, 0.39386, 0.631943, 0.175522, 0.754878, 0.0, 0.0, 0.0, 0.0, 1.0],
                [0.487203, -0.869463, 0.081652, 0.0, -0.119154, -0.158809, -0.980093, 0.393861, 0.865122, 0.467775, -0.180972, 0.0, 0.0, 0.0, 0.0, 1.0],
                [0.487203, -0.857616, 0.164706, -0.0, -0.119154, -0.252123, -0.960331, 0.39386, 0.865122, 0.448251, -0.225024, -0.0, 0.0, 0.0, 0.0, 1.0],
                [0.487203, -0.857616, 0.164706, -0.0, -0.119154, -0.252123, -0.960331, 0.39386, 0.865122, 0.448251, -0.225024, -0.0, 0.0, 0.0, 0.0, 1.0]
            ]
        },
        {
            "name": "Hand_R",
            "time": [0.0, 0.1, 0.2167, 0.3667, 0.6, 0.75, 0.9167],
            "transform": [
                [0.999998, -0.000848, 0.001614, -0.0, 0.000868, 0.999919, -0.012686, 0.3, -0.001603, 0.012688, 0.999918, 0.0, 0.0, 0.0, 0.0, 1.0],
                [0.999998, 8.4e-05, 0.001821, -0.0, 0.000868, 0.856614, -0.515958, 0.3, -0.001603, 0.515959, 0.856612, -0.0, 0.0, 0.0, 0.0, 1.0],
                [0.999998, 2.3e-05, 0.001823, 0.0, 0.000868, 0.87324, -0.48729, 0.3, -0.001603, 0.487291, 0.873238, 0.0, 0.0, 0.0, 0.0, 1.0],
                [0.999998, 2.3e-05, 0.001823, -0.0, 0.000868, 0.87324, -0.48729, 0.3, -0.001603, 0.487291, 0.873238, -0.0, 0.0, 0.0, 0.0, 1.0],
                [0.999998, -0.000988, 0.001533, 0.0, 0.000868, 0.997092, 0.076203, 0.3, -0.001603, -0.076201, 0.997091, 0.0, 0.0, 0.0, 0.0, 1.0],
                [0.999998, -0.000988, 0.001533, 0.0, 0.000868, 0.997092, 0.076203, 0.3, -0.001603, -0.076201, 0.997091, -0.0, 0.0, 0.0, 0.0, 1.0],
                [0.999998, -0.000988, 0.001533, 0.0, 0.000868, 0.997092, 0.076203, 0.3, -0.001603, -0.076201, 0.997091, -0.0, 0.0, 0.0, 0.0, 1.0]
            ]
        },
        {
            "name": "Tool_R",
            "time": [0.0, 0.2167, 0.3667, 0.45, 0.5, 0.6, 0.75, 0.9167],
            "transform": [
                [0.995182, 0.015962, -0.093876, 0.047346, 0.051843, 0.727781, 0.641806, 0.292138, 0.083177, -0.643825, 0.722313, 0.103695, 0.0, 0.0, 0.0, 1.0],
                [0.999955, -0.008651, -0.003411, -0.076117, 0.009246, 0.965486, 0.112535, 0.320475, 0.002456, -0.112595, 0.964, 0.500762, 0.0, 0.0, 0.0, 1.0],
                [0.999955, -0.00865, -0.003411, -0.076117, 0.009246, 0.965486, 0.112535, 0.320475, 0.002456, -0.112595, 0.964, 0.500762, 0.0, 0.0, 0.0, 1.0],
                [0.938299, -0.162229, -0.294143, -0.257185, 0.113337, 0.948627, -0.18121, 0.165004, 0.326534, 0.136756, 0.907048, 0.272206, 0.0, 0.0, 0.0, 1.0],
                [0.795763, -0.110825, -0.577603, -0.406596, -0.040627, 0.942776, -0.23332, 0.150681, 0.603887, 0.209227, 0.744545, 0.333825, 0.0, 0.0, 0.0, 1.0],
                [0.977499, -0.00927, 0.20464, -0.012236, 0.05872, 0.944657, -0.221811, 0.242446, -0.202483, 0.228936, 0.922486, 0.344119, 0.0, 0.0, 0.0, 1.0],
                [0.999955, -0.009297, -0.000204, -0.012236, 0.009246, 0.944657, -0.228848, 0.242446, 0.002456, 0.228936, 0.943207, 0.344119, 0.0, 0.0, 0.0, 1.0],
                [0.999955, -0.009297, -0.000204, -0.012236, 0.009246, 0.944657, -0.228848, 0.242446, 0.002456, 0.228936, 0.943207, 0.344119, 0.0, 0.0, 0.0, 1.0]
            ]
        },
        {
            "name": "Elbow_R",
            "time": [0.0, 0.2167, 0.3667, 0.6, 0.75, 0.9167],
            "transform": [
                [-1.0, 0.0, -0.0, -0.0, 0.0, -0.0, -1.0, 0.429832, -0.0, -1.0, 0.0, 0.0, 0.0, 0.0, 0.0, 1.0],
                [-1.0, 0.0, -0.0, 0.0, 0.0, -0.352615, -0.935768, 0.429832, -0.0, -0.935769, 0.352615, -0.0, 0.0, 0.0, 0.0, 1.0],
                [-1.0, 0.0, -0.0, -0.0, 0.0, -0.352615, -0.935768, 0.429832, -0.0, -0.935769, 0.352615, -0.0, 0.0, 0.0, 0.0, 1.0],
                [-1.0, 0.0, -0.0, -0.0, -0.0, -0.352615, -0.935768, 0.429832, -0.0, -0.935769, 0.352615, 0.0, 0.0, 0.0, 0.0, 1.0],
                [-1.0, 0.0, -0.0, 0.0, 0.0, -0.352615, -0.935768, 0.429832, -0.0, -0.935769, 0.352615, -0.0, 0.0, 0.0, 0.0, 1.0],
                [-1.0, 0.0, -0.0, 0.0, 0.0, -0.352615, -0.935768, 0.429832, -0.0, -0.935769, 0.352615, -0.0, 0.0, 0.0, 0.0, 1.0]
            ]
        },
        {
            "name": "Shoulder_L",
            "time": [0.0, 0.2167, 0.3667, 0.6, 0.75, 0.9167],
            "transform": [
                [-0.503935, -0.756081, -0.417602, -0.0, -0.15956, -0.39367, 0.905298, 0.4, -0.848876, 0.522844, 0.077744, -0.0, 0.0, 0.0, 0.0, 1.0],
                [0.284231, -0.86303, -0.417602, 0.0, 0.21142, -0.368426, 0.905298, 0.4, -0.935155, -0.345603, 0.077744, 0.0, 0.0, 0.0, 0.0, 1.0],
                [0.377468, -0.760207, -0.528775, -0.0, 0.250676, -0.465814, 0.848634, 0.4, -0.891448, -0.452884, 0.014736, 0.0, 0.0, 0.0, 0.0, 1.0],
                [0.313786, -0.852729, -0.417602, -0.0, 0.223984, -0.360926, 0.905298, 0.4, -0.922697, -0.377606, 0.077744, -0.0, 0.0, 0.0, 0.0, 1.0],
                [0.313786, -0.852729, -0.417602, -0.0, 0.223984, -0.360926, 0.905298, 0.4, -0.922697, -0.377606, 0.077744, 0.0, 0.0, 0.0, 0.0, 1.0],
                [0.313786, -0.852729, -0.417602, -0.0, 0.223984, -0.360926, 0.905298, 0.4, -0.922697, -0.377606, 0.077744, 0.0, 0.0, 0.0, 0.0, 1.0]
            ]
        },
        {
            "name": "Arm_L",
            "time": [0.0, 0.1, 0.2167, 0.3667, 0.4167, 0.45, 0.5, 0.6, 0.75, 0.9167],
            "transform": [
                [-0.846677, -0.311692, -0.431262, 0.0, 0.425666, 0.08958, -0.900435, 0.393861, 0.319291, -0.945951, 0.056831, 0.0, 0.0, 0.0, 0.0, 1.0],
                [-0.219857, 0.8405, 0.4952, -0.0, 0.506839, 0.532146, -0.678184, 0.39386, -0.833533, 0.101883, -0.542994, -0.0, 0.0, 0.0, 0.0, 1.0],
                [-0.857303, -0.138795, 0.49575, 0.0, -0.201863, 0.976484, -0.075697, 0.39386, -0.473585, -0.164968, -0.86516, 0.0, 0.0, 0.0, 0.0, 1.0],
                [-0.857303, 0.201425, 0.473772, -0.0, -0.201863, 0.715057, -0.669286, 0.39386, -0.473585, -0.669418, -0.572361, -0.0, 0.0, 0.0, 0.0, 1.0],
                [-0.518689, -0.448673, 0.727773, -0.0, -0.21218, 0.892157, 0.398794, 0.39386, -0.828216, 0.052431, -0.557951, 0.0, 0.0, 0.0, 0.0, 1.0],
                [-0.214874, -0.559646, 0.800391, 0.0, 0.792946, 0.378459, 0.4775, 0.39386, -0.570146, 0.737268, 0.362448, 0.0, 0.0, 0.0, 0.0, 1.0],
                [-0.070755, -0.39558, 0.915702, 0.0, 0.936195, 0.290513, 0.197839, 0.39386, -0.344285, 0.871273, 0.349785, -0.0, 0.0, 0.0, 0.0, 1.0],
                [0.481538, -0.559646, 0.674475, 0.0, 0.872545, 0.378459, -0.308923, 0.39386, -0.082374, 0.737268, 0.670559, -0.0, 0.0, 0.0, 0.0, 1.0],
                [0.294664, -0.826114, 0.480321, -0.0, 0.922372, 0.377273, 0.08303, 0.39386, -0.249805, 0.418569, 0.873154, -0.0, 0.0, 0.0, 0.0, 1.0],
                [0.294664, -0.826114, 0.480321, -0.0, 0.922372, 0.377273, 0.08303, 0.39386, -0.249805, 0.418569, 0.873154, -0.0, 0.0, 0.0, 0.0, 1.0]
            ]
        },
        {
            "name": "Hand_L",
            "time": [0.0, 0.2167, 0.3667, 0.45, 0.6, 0.75, 0.9167],
            "transform": [
                [0.999993, -0.000981, -0.003668, 0.0, 0.000938, 0.999931, -0.011754, 0.3, 0.003679, 0.011751, 0.999924, -0.0, 0.0, 0.0, 0.0, 1.0],
                [0.999993, -0.003593, -0.001226, 0.0, 0.000938, 0.546805, -0.83726, 0.3, 0.003679, 0.837252, 0.546805, 0.0, 0.0, 0.0, 0.0, 1.0],
                [0.99943, -0.022722, -0.024962, -0.0, 0.019252, 0.991147, -0.131372, 0.3, 0.027726, 0.130816, 0.991019, -0.0, 0.0, 0.0, 0.0, 1.0],
                [0.99934, -0.035825, 0.006032, 0.0, 0.022781, 0.488622, -0.872198, 0.3, 0.028299, 0.87176, 0.489116, -0.0, 0.0, 0.0, 0.0, 1.0],
                [0.999417, -0.032725, 0.009779, 0.0, 0.019618, 0.315618, -0.948684, 0.3, 0.02796, 0.948322, 0.316076, -0.0, 0.0, 0.0, 0.0, 1.0],
                [0.999417, -0.032725, 0.009779, -0.0, 0.019618, 0.315618, -0.948684, 0.3, 0.02796, 0.948322, 0.316076, 0.0, 0.0, 0.0, 0.0, 1.0],
                [0.999417, -0.032725, 0.009779, -0.0, 0.019618, 0.315618, -0.948684, 0.3, 0.02796, 0.948322, 0.316076, 0.0, 0.0, 0.0, 0.0, 1.0]
            ]
        },
        {
            "name": "Tool_L",
            "time": [0.0, 0.2167, 0.3667, 0.6, 0.75, 0.9167],
            "transform": [
                [0.997004, 0.01104, -0.076554, -0.0, -0.036659, -0.804079, -0.593391, 0.272858, -0.068067, 0.594062, -0.8008, -0.0, 0.0, 0.0, 0.0, 1.0],
                [0.997004, 0.01104, -0.076554, 0.0, -0.036659, -0.804079, -0.593391, 0.272858, -0.068067, 0.594062, -0.8008, -0.0, 0.0, 0.0, 0.0, 1.0],
                [0.997004, 0.01104, -0.076554, 0.0, -0.036659, -0.804079, -0.593391, 0.272858, -0.068067, 0.594062, -0.8008, -0.0, 0.0, 0.0, 0.0, 1.0],
                [0.997004, 0.01104, -0.076554, -0.0, -0.036659, -0.804079, -0.593391, 0.272858, -0.068067, 0.594062, -0.8008, -0.0, 0.0, 0.0, 0.0, 1.0],
                [0.997004, 0.01104, -0.076554, -0.0, -0.036659, -0.804079, -0.593391, 0.272858, -0.068067, 0.594062, -0.8008, -0.0, 0.0, 0.0, 0.0, 1.0],
                [0.997004, 0.01104, -0.076554, -0.0, -0.036659, -0.804079, -0.593391, 0.272858, -0.068067, 0.594062, -0.8008, -0.0, 0.0, 0.0, 0.0, 1.0]
            ]
        },
        {
            "name": "Elbow_L",
            "time": [0.0, 0.2167, 0.3667, 0.6, 0.75, 0.9167],
            "transform": [
                [-1.0, 0.0, 0.0, 2.7e-05, 0.0, -0.0, -1.0, 0.396148, -0.0, -1.0, -0.0, -0.002121, 0.0, 0.0, 0.0, 1.0],
                [-1.0, 0.0, -0.0, 2.7e-05, -0.0, -0.227483, -0.973782, 0.396148, -0.0, -0.973782, 0.227483, -0.00212, 0.0, 0.0, 0.0, 1.0],
                [-1.0, 0.0, -0.0, 2.7e-05, 0.0, -0.227483, -0.973782, 0.396148, -0.0, -0.973782, 0.227483, -0.002121, 0.0, 0.0, 0.0, 1.0],
                [-1.0, 0.0, -0.0, 2.7e-05, 0.0, -0.098535, -0.995134, 0.356629, -0.0, -0.995134, 0.098535, 0.001284, 0.0, 0.0, 0.0, 1.0],
                [-1.0, 0.0, -0.0, 2.7e-05, 0.0, -0.098535, -0.995134, 0.356629, -0.0, -0.995134, 0.098535, 0.001284, 0.0, 0.0, 0.0, 1.0],
                [-1.0, 0.0, -0.0, 2.7e-05, 0.0, -0.098535, -0.995134, 0.356629, -0.0, -0.995134, 0.098535, 0.001284, 0.0, 0.0, 0.0, 1.0]
            ]
        }
    ]
}