{
    "animation": [
        {
            "name": "Root",
            "time": [0.0, 0.2333, 0.3333, 0.5, 0.75, 0.9833],
            "transform": [
                [0.900051, 0.0, 0.435785, -0.012904, 0.435785, 0.0, -0.900051, -0.011688, 0.0, 1.0, 0.0, 0.605739, 0.0, 0.0, 0.0, 1.0],
                [0.609059, 0.0, 0.793125, -0.002755, 0.793125, 0.0, -0.609059, 0.115296, 0.0, 1.0, 0.0, 0.650337, 0.0, 0.0, 0.0, 1.0],
                [0.555626, 0.0, 0.831432, -0.006306, 0.831432, 0.0, -0.555626, 0.042237, 0.0, 1.0, 0.0, 0.62441, 0.0, 0.0, 0.0, 1.0],
                [0.975464, -0.156047, -0.155307, -0.015848, -0.155659, 0.010038, -0.98776, 0.800687, 0.155696, 0.987699, -0.014498, 0.62441, 0.0, 0.0, 0.0, 1.0],
                [0.899392, -0.169036, -0.403138, -0.0099, -0.405652, 0.020957, -0.913787, 0.882682, 0.162912, 0.985387, -0.049721, 0.586124, 0.0, 0.0, 0.0, 1.0],
                [0.899392, -0.169036, -0.403138, -0.0099, -0.405652, 0.020957, -0.913787, 0.882682, 0.162912, 0.985387, -0.049721, 0.586124, 0.0, 0.0, 0.0, 1.0]
            ]
        },
        {
            "name": "Thigh_R",
            "time": [0.0, 0.2333, 0.3333, 0.5, 0.75, 0.9833],
            "transform": [
                [0.872285, 0.379897, 0.307888, 0.124994, 0.063997, -0.712905, 0.698333, -0.002831, 0.48479, -0.58944, -0.646171, -1.2e-05, 0.0, 0.0, 0.0, 1.0],
                [0.780453, 0.396098, 0.483735, 0.124994, 0.02271, -0.791158, 0.611188, -0.002831, 0.624802, -0.466017, -0.626459, -1.2e-05, 0.0, 0.0, 0.0, 1.0],
                [0.780452, 0.489922, 0.388418, 0.124994, 0.02271, -0.643058, 0.76548, -0.002831, 0.624802, -0.588598, -0.513004, -1.2e-05, 0.0, 0.0, 0.0, 1.0],
                [0.880593, 0.12353, 0.457489, 0.124994, 0.287896, -0.906289, -0.309439, -0.002831, 0.376392, 0.404198, -0.833638, -1.2e-05, 0.0, 0.0, 0.0, 1.0],
                [0.892499, 0.087412, 0.442497, 0.124994, 0.293514, -0.857461, -0.422619, -0.002831, 0.342483, 0.507066, -0.790942, -1.2e-05, 0.0, 0.0, 0.0, 1.0],
                [0.892499, 0.087412, 0.442497, 0.124994, 0.293514, -0.857461, -0.422619, -0.002831, 0.342483, 0.507066, -0.790942, -1.2e-05, 0.0, 0.0, 0.0, 1.0]
            ]
        },
        {
            "name": "Leg_R",
            "time": [0.0, 0.2333, 0.3333, 0.5, 0.75, 0.9833],
            "transform": [
                [1.0, -0.0, 1e-06, 0.0, 0.0, 0.945009, 0.327046, 0.37472, -1e-06, -0.327046, 0.945008, 0.0, 0.0, 0.0, 0.0, 1.0],
                [1.0, -1e-06, 1e-06, 0.0, 0.0, 0.800683, 0.599088, 0.37472, -1e-06, -0.599089, 0.800682, 0.0, 0.0, 0.0, 0.0, 1.0],
                [1.0, -1e-06, 1e-06, -0.0, 0.0, 0.800683, 0.599088, 0.37472, -1e-06, -0.599089, 0.800682, 0.0, 0.0, 0.0, 0.0, 1.0],
                [1.0, -1e-06, 1e-06, 0.0, 0.0, 0.800683, 0.599088, 0.37472, -1e-06, -0.599089, 0.800682, 0.0, 0.0, 0.0, 0.0, 1.0],
                [1.0, -1e-06, 1e-06, 0.0, 0.0, 0.800683, 0.599088, 0.37472, -1e-06, -0.599089, 0.800682, -0.0, 0.0, 0.0, 0.0, 1.0],
                [1.0, -1e-06, 1e-06, 0.0, 0.0, 0.800683, 0.599088, 0.37472, -1e-06, -0.599089, 0.800682, -0.0, 0.0, 0.0, 0.0, 1.0]
            ]
        },
        {
            "name": "Knee_R",
            "time": [0.0, 0.2333, 0.3333, 0.5, 0.75, 0.9833],
            "transform": [
                [1.0, 0.0, -0.0, 0.0, -0.0, 1e-06, -1.0, 0.37472, -0.0, 1.0, 1e-06, 0.0, 0.0, 0.0, 0.0, 1.0],
                [1.0, 0.0, -0.0, 0.0, -0.0, 1e-06, -1.0, 0.37472, -0.0, 1.0, 1e-06, 0.0, 0.0, 0.0, 0.0, 1.0],
                [1.0, 0.0, -0.0, -0.0, -0.0, 1e-06, -1.0, 0.37472, -0.0, 1.0, 1e-06, 0.0, 0.0, 0.0, 0.0, 1.0],
                [1.0, 0.0, -0.0, 0.0, -0.0, 1e-06, -1.0, 0.37472, -0.0, 1.0, 1e-06, 0.0, 0.0, 0.0, 0.0, 1.0],
                [1.0, 0.0, -0.0, 0.0, -0.0, 1e-06, -1.0, 0.37472, -0.0, 1.0, 1e-06, -0.0, 0.0, 0.0, 0.0, 1.0],
                [1.0, 0.0, -0.0, 0.0, -0.0, 1e-06, -1.0, 0.37472, -0.0, 1.0, 1e-06, -0.0, 0.0, 0.0, 0.0, 1.0]
            ]
        },
        {
            "name": "Thigh_L",
            "time": [0.0, 0.2333, 0.3333, 0.5, 0.75, 0.9833],
            "transform": [
                [0.915319, -0.229637, 0.330843, -0.125006, 0.014334, -0.802407, -0.596605, -0.002831, 0.402473, 0.550827, -0.731166, -1.2e-05, 0.0, 0.0, 0.0, 1.0],
                [0.672036, -0.336707, 0.659542, -0.125006, -0.007526, -0.893709, -0.448584, -0.002831, 0.740479, 0.296501, -0.603139, -1.2e-05, 0.0, 0.0, 0.0, 1.0],
                [0.662025, -0.374351, 0.649294, -0.125006, 0.014491, -0.85977, -0.510475, -0.002831, 0.749341, 0.347357, -0.563765, -1.2e-05, 0.0, 0.0, 0.0, 1.0],
                [0.975614, -0.219043, -0.013981, -0.125006, -0.145084, -0.691383, 0.707771, -0.002831, -0.164698, -0.688484, -0.706303, -1.2e-05, 0.0, 0.0, 0.0, 1.0],
                [0.963527, -0.25288, -0.087555, -0.125006, -0.086404, -0.603632, 0.792566, -0.002831, -0.253275, -0.756095, -0.603467, -1.2e-05, 0.0, 0.0, 0.0, 1.0],
                [0.963527, -0.25288, -0.087555, -0.125006, -0.086404, -0.603632, 0.792566, -0.002831, -0.253275, -0.756095, -0.603467, -1.2e-05, 0.0, 0.0, 0.0, 1.0]
            ]
        },
        {
            "name": "Leg_L",
            "time": [0.0, 0.2333, 0.3333, 0.5, 0.75, 0.9833],
            "transform": [
                [0.999989, -0.00333, -0.003259, 0.0, 0.003782, 0.988655, 0.150154, 0.37472, 0.002722, -0.150165, 0.988658, 0.0, 0.0, 0.0, 0.0, 1.0],
                [0.999989, -0.00333, -0.003259, -0.0, 0.003782, 0.988655, 0.150154, 0.37472, 0.002722, -0.150165, 0.988658, -0.0, 0.0, 0.0, 0.0, 1.0],
                [0.999989, -0.00333, -0.003259, -0.0, 0.003782, 0.988655, 0.150154, 0.37472, 0.002722, -0.150165, 0.988658, 0.0, 0.0, 0.0, 0.0, 1.0],
                [0.999989, -0.001553, -0.004394, -0.0, 0.003782, 0.821219, 0.570601, 0.37472, 0.002722, -0.570611, 0.821216, 0.0, 0.0, 0.0, 0.0, 1.0],
                [0.999989, -0.001334, -0.004465, -0.0, 0.003782, 0.79203, 0.61047, 0.37472, 0.002722, -0.61048, 0.792027, 0.0, 0.0, 0.0, 0.0, 1.0],
                [0.999989, -0.001334, -0.004465, -0.0, 0.003782, 0.79203, 0.61047, 0.37472, 0.002722, -0.61048, 0.792027, 0.0, 0.0, 0.0, 0.0, 1.0]
            ]
        },
        {
            "name": "Knee_L",
            "time": [0.0, 0.2333, 0.3333, 0.5, 0.75, 0.9833],
            "transform": [
                [1.0, 0.0, -0.0, 0.0, -0.0, 1e-06, -1.0, 0.37472, -0.0, 1.0, 1e-06, 0.0, 0.0, 0.0, 0.0, 1.0],
                [1.0, 0.0, -0.0, -0.0, -0.0, 1e-06, -1.0, 0.37472, -0.0, 1.0, 1e-06, -0.0, 0.0, 0.0, 0.0, 1.0],
                [1.0, 0.0, -0.0, -0.0, -0.0, 1e-06, -1.0, 0.37472, -0.0, 1.0, 1e-06, 0.0, 0.0, 0.0, 0.0, 1.0],
                [1.0, 0.0, -0.0, -0.0, -0.0, 1e-06, -1.0, 0.37472, -0.0, 1.0, 1e-06, 0.0, 0.0, 0.0, 0.0, 1.0],
                [1.0, 0.0, -0.0, -0.0, -0.0, 1e-06, -1.0, 0.37472, -0.0, 1.0, 1e-06, 0.0, 0.0, 0.0, 0.0, 1.0],
                [1.0, 0.0, -0.0, -0.0, -0.0, 1e-06, -1.0, 0.37472, -0.0, 1.0, 1e-06, 0.0, 0.0, 0.0, 0.0, 1.0]
            ]
        },
        {
            "name": "Torso",
            "time": [0.0, 0.2333, 0.3333, 0.5, 0.75, 0.9833],
            "transform": [
                [0.995511, -0.024568, -0.091402, 0.0, 0.022507, 0.99947, -0.023518, 0.05, 0.091932, 0.021355, 0.995536, 0.0, 0.0, 0.0, 0.0, 1.0],
                [0.995511, -0.024568, -0.091402, -0.0, 0.022507, 0.99947, -0.023518, 0.05, 0.091932, 0.021355, 0.995536, -0.0, 0.0, 0.0, 0.0, 1.0],
                [0.995511, -0.024568, -0.091402, -0.0, 0.022507, 0.99947, -0.023518, 0.05, 0.091932, 0.021355, 0.995536, 0.0, 0.0, 0.0, 0.0, 1.0],
                [0.951549, 0.059206, -0.301743, -0.0, 0.012201, 0.973247, 0.229439, 0.05, 0.307255, -0.222004, 0.925369, 0.0, 0.0, 0.0, 0.0, 1.0],
                [0.943901, 0.071366, -0.322425, 0.0, 0.014475, 0.966489, 0.256298, 0.05, 0.329912, -0.246587, 0.911237, 0.0, 0.0, 0.0, 0.0, 1.0],
                [0.943901, 0.071366, -0.322425, 0.0, 0.014475, 0.966489, 0.256298, 0.05, 0.329912, -0.246587, 0.911237, 0.0, 0.0, 0.0, 0.0, 1.0]
            ]
        },
        {
            "name": "Chest",
            "time": [0.0, 0.2333, 0.3333, 0.5, 0.75, 0.9833],
            "transform": [
                [0.61683, 0.104847, 0.780082, -0.0, 0.074596, 0.97884, -0.190546, 0.3, -0.783553, 0.175726, 0.595957, 0.0, 0.0, 0.0, 0.0, 1.0],
                [0.749502, -0.058848, 0.659381, 0.0, 0.038364, 0.998228, 0.045482, 0.3, -0.660889, -0.008793, 0.750432, -0.0, 0.0, 0.0, 0.0, 1.0],
                [0.61683, 0.104847, 0.780082, -0.0, 0.074596, 0.97884, -0.190546, 0.3, -0.783553, 0.175726, 0.595957, 0.0, 0.0, 0.0, 0.0, 1.0],
                [0.864377, 0.217905, -0.453178, 0.0, -0.028695, 0.921135, 0.388185, 0.3, 0.502025, -0.322535, 0.80246, 0.0, 0.0, 0.0, 0.0, 1.0],
                [0.808951, 0.279677, -0.517087, 0.0, 0.071535, 0.826219, 0.558789, 0.3, 0.583507, -0.489023, 0.648364, 0.0, 0.0, 0.0, 0.0, 1.0],
                [0.808951, 0.279677, -0.517087, 0.0, 0.071535, 0.826219, 0.558789, 0.3, 0.583507, -0.489023, 0.648364, 0.0, 0.0, 0.0, 0.0, 1.0]
            ]
        },
        {
            "name": "Head",
            "time": [0.0, 0.2333, 0.3333, 0.5, 0.75, 0.9833],
            "transform": [
                [0.923317, 0.012325, -0.38384, 0.0, -0.014484, 0.999891, -0.002736, 0.4, 0.383764, 0.008086, 0.923396, -0.0, 0.0, 0.0, 0.0, 1.0],
                [0.923317, 0.012325, -0.38384, -0.0, -0.014484, 0.999891, -0.002736, 0.4, 0.383764, 0.008086, 0.923396, -0.0, 0.0, 0.0, 0.0, 1.0],
                [0.923317, 0.012325, -0.38384, -0.0, -0.014484, 0.999891, -0.002736, 0.4, 0.383764, 0.008086, 0.923396, -0.0, 0.0, 0.0, 0.0, 1.0],
                [0.667569, 0.012325, 0.744446, -0.0, -0.002208, 0.999891, -0.014574, 0.4, -0.744545, 0.008086, 0.667524, -0.0, 0.0, 0.0, 0.0, 1.0],
                [0.568389, 0.012325, 0.822667, 0.0, -0.000353, 0.999891, -0.014736, 0.4, -0.82276, 0.008086, 0.568332, -0.0, 0.0, 0.0, 0.0, 1.0],
                [0.568389, 0.012325, 0.822667, 0.0, -0.000353, 0.999891, -0.014736, 0.4, -0.82276, 0.008086, 0.568332, -0.0, 0.0, 0.0, 0.0, 1.0]
            ]
        },
        {
            "name": "Shoulder_R",
            "time": [0.0, 0.2333, 0.3333, 0.5, 0.75, 0.9833],
            "transform": [
                [0.415954, 0.871496, 0.259762, 0.0, -0.001513, -0.284981, 0.958532, 0.4, 0.909384, -0.399098, -0.11722, -0.0, 0.0, 0.0, 0.0, 1.0],
                [0.415954, 0.871496, 0.259762, -0.0, -0.001513, -0.284981, 0.958532, 0.4, 0.909384, -0.399098, -0.11722, -0.0, 0.0, 0.0, 0.0, 1.0],
                [0.415954, 0.871496, 0.259762, -0.0, -0.001513, -0.284981, 0.958532, 0.4, 0.909384, -0.399098, -0.11722, -0.0, 0.0, 0.0, 0.0, 1.0],
                [8e-06, 0.965673, 0.259762, -0.0, 0.121385, -0.257842, 0.958532, 0.4, 0.992605, 0.031524, -0.11722, -0.0, 0.0, 0.0, 0.0, 1.0],
                [-0.046543, 0.96455, 0.259762, 0.0, 0.133673, -0.251691, 0.958532, 0.4, 0.989932, 0.079336, -0.11722, -0.0, 0.0, 0.0, 0.0, 1.0],
                [-0.046543, 0.96455, 0.259762, 0.0, 0.133673, -0.251691, 0.958532, 0.4, 0.989932, 0.079336, -0.11722, -0.0, 0.0, 0.0, 0.0, 1.0]
            ]
        },
        {
            "name": "Arm_R",
            "time": [0.0, 0.2333, 0.3333, 0.45, 0.5, 0.75, 0.9833],
            "transform": [
                [0.487203, -0.857616, 0.164706, -0.0, -0.119154, -0.252123, -0.960331, 0.39386, 0.865122, 0.448251, -0.225024, 0.0, 0.0, 0.0, 0.0, 1.0],
                [0.487203, -0.857616, 0.164706, 0.0, -0.119154, -0.252123, -0.960331, 0.39386, 0.865122, 0.448251, -0.225024, 0.0, 0.0, 0.0, 0.0, 1.0],
                [0.487203, -0.857616, 0.164706, 0.0, -0.119154, -0.252123, -0.960331, 0.393861, 0.865122, 0.448251, -0.225024, -0.0, 0.0, 0.0, 0.0, 1.0],
                [-0.122705, -0.746974, -0.653432, -0.0, 0.048413, 0.653118, -0.755707, 0.39386, 0.991261, -0.124364, -0.043978, 0.0, 0.0, 0.0, 0.0, 1.0],
                [0.487203, -0.318549, -0.813117, 0.0, -0.119154, 0.898142, -0.423254, 0.393861, 0.865122, 0.303097, 0.399621, 0.0, 0.0, 0.0, 0.0, 1.0],
                [0.487203, -0.202212, -0.849555, 0.0, -0.119154, 0.948332, -0.294056, 0.39386, 0.865122, 0.244493, 0.437935, -0.0, 0.0, 0.0, 0.0, 1.0],
                [0.487203, -0.202212, -0.849555, 0.0, -0.119154, 0.948332, -0.294056, 0.39386, 0.865122, 0.244493, 0.437935, -0.0, 0.0, 0.0, 0.0, 1.0]
            ]
        },
        {
            "name": "Hand_R",
            "time": [0.0, 0.2333, 0.3333, 0.5, 0.75, 0.9833],
            "transform": [
                [0.999998, -0.000988, 0.001533, 0.0, 0.000868, 0.997092, 0.076203, 0.3, -0.001603, -0.076201, 0.997091, -0.0, 0.0, 0.0, 0.0, 1.0],
                [0.999998, -0.000988, 0.001533, 0.0, 0.000868, 0.997092, 0.076203, 0.3, -0.001603, -0.076201, 0.997091, -0.0, 0.0, 0.0, 0.0, 1.0],
                [0.999998, -0.000988, 0.001533, -0.0, 0.000868, 0.997092, 0.076203, 0.3, -0.001603, -0.076201, 0.997091, 0.0, 0.0, 0.0, 0.0, 1.0],
                [0.999998, -0.000228, 0.001809, -0.0, 0.000868, 0.932021, -0.362405, 0.3, -0.001603, 0.362406, 0.932019, 0.0, 0.0, 0.0, 0.0, 1.0],
                [0.999998, -0.00014, 0.001818, 0.0, 0.000868, 0.913389, -0.407088, 0.3, -0.001603, 0.407089, 0.913387, -0.0, 0.0, 0.0, 0.0, 1.0],
                [0.999998, -0.00014, 0.001818, 0.0, 0.000868, 0.913389, -0.407088, 0.3, -0.001603, 0.407089, 0.913387, -0.0, 0.0, 0.0, 0.0, 1.0]
            ]
        },
        {
            "name": "Tool_R",
            "time": [0.0, 0.0833, 0.2333, 0.3333, 0.4, 0.45, 0.5, 0.75, 0.9833],
            "transform": [
                [0.999955, -0.009297, -0.000204, -0.012236, 0.009246, 0.944657, -0.228848, 0.242446, 0.002456, 0.228936, 0.943207, 0.344119, 0.0, 0.0, 0.0, 1.0],
                [0.11479, -0.293928, -0.918924, -0.039187, 0.025489, 0.926518, -0.29277, 0.238747, 0.992476, 0.010199, 0.113664, 0.009258, 0.0, 0.0, 0.0, 1.0],
                [-0.858606, 0.487969, -0.100951, -0.030401, 0.469673, 0.827787, 0.226176, 0.242983, 0.20532, 0.146848, -0.938443, -0.016613, 0.0, 0.0, 0.0, 1.0],
                [-0.858606, 0.487969, -0.100951, 0.006749, 0.469673, 0.827787, 0.226176, 0.15975, 0.20532, 0.146848, -0.938443, 0.328732, 0.0, 0.0, 0.0, 1.0],
                [-0.711756, 0.603207, -0.319643, 0.072619, 0.553551, 0.762085, 0.272887, 0.121394, 0.432167, 0.017306, -0.87494, 0.480854, 0.0, 0.0, 0.0, 1.0],
                [-0.876392, 0.422945, -0.200506, 0.043538, 0.369472, 0.857779, 0.282837, 0.130146, 0.308735, 0.173873, -0.906582, 0.505764, 0.0, 0.0, 0.0, 1.0],
                [-0.977457, 0.187381, -0.08366, 0.032704, 0.154264, 0.904607, 0.322377, 0.090796, 0.144076, 0.302333, -0.911676, 0.585254, 0.0, 0.0, 0.0, 1.0],
                [-0.983805, 0.152716, -0.083808, 0.009539, 0.118757, 0.905893, 0.332784, 0.182266, 0.134182, 0.317576, -0.90792, 0.329295, 0.0, 0.0, 0.0, 1.0],
                [-0.983805, 0.152716, -0.083808, 0.009539, 0.118757, 0.905893, 0.332784, 0.182266, 0.134182, 0.317576, -0.90792, 0.329295, 0.0, 0.0, 0.0, 1.0]
            ]
        },
        {
            "name": "Elbow_R",
            "time": [0.0, 0.2333, 0.3333, 0.5, 0.75, 0.9833],
            "transform": [
                [-1.0, 0.0, -0.0, -0.0, 0.0, -0.352615, -0.935768, 0.429832, -0.0, -0.935769, 0.352615, 0.0, 0.0, 0.0, 0.0, 1.0],
                [-1.0, 0.0, -0.0, 0.0, 0.0, -0.352615, -0.935768, 0.429832, -0.0, -0.935769, 0.352615, -0.0, 0.0, 0.0, 0.0, 1.0],
                [-1.0, 0.0, -0.0, -0.0, 0.0, -0.352615, -0.935768, 0.429832, -0.0, -0.935768, 0.352615, 0.0, 0.0, 0.0, 0.0, 1.0],
                [-1.0, 0.0, -0.0, -0.0, 0.0, -0.352615, -0.935768, 0.429832, -0.0, -0.935768, 0.352615, 0.0, 0.0, 0.0, 0.0, 1.0],
                [-1.0, 0.0, -0.0, 0.0, 0.0, -0.352615, -0.935768, 0.429832, -0.0, -0.935769, 0.352615, -0.0, 0.0, 0.0, 0.0, 1.0],
                [-1.0, 0.0, -0.0, 0.0, 0.0, -0.352615, -0.935768, 0.429832, -0.0, -0.935769, 0.352615, -0.0, 0.0, 0.0, 0.0, 1.0]
            ]
        },
        {
            "name": "Shoulder_L",
            "time": [0.0, 0.2333, 0.3333, 0.5, 0.75, 0.9833],
            "transform": [
                [0.313786, -0.852729, -0.417602, 0.0, 0.223984, -0.360926, 0.905298, 0.4, -0.922697, -0.377606, 0.077744, -0.0, 0.0, 0.0, 0.0, 1.0],
                [0.313786, -0.852729, -0.417602, -0.0, 0.223984, -0.360926, 0.905298, 0.4, -0.922697, -0.377606, 0.077744, -0.0, 0.0, 0.0, 0.0, 1.0],
                [0.313786, -0.852729, -0.417602, -0.0, 0.223984, -0.360926, 0.905298, 0.4, -0.922697, -0.377606, 0.077744, -0.0, 0.0, 0.0, 0.0, 1.0],
                [0.71066, -0.566189, -0.417602, -0.0, 0.378734, -0.192344, 0.905298, 0.4, -0.592893, -0.801519, 0.077744, -0.0, 0.0, 0.0, 0.0, 1.0],
                [0.742719, -0.523427, -0.417602, 0.0, 0.389388, -0.169744, 0.905298, 0.4, -0.544743, -0.834992, 0.077744, -0.0, 0.0, 0.0, 0.0, 1.0],
                [0.742719, -0.523427, -0.417602, 0.0, 0.389388, -0.169744, 0.905298, 0.4, -0.544743, -0.834992, 0.077744, -0.0, 0.0, 0.0, 0.0, 1.0]
            ]
        },
        {
            "name": "Arm_L",
            "time": [0.0, 0.0667, 0.2333, 0.3333, 0.4, 0.45, 0.5, 0.75, 0.9833],
            "transform": [
                [0.294664, -0.826114, 0.480321, 0.0, 0.922372, 0.377273, 0.08303, 0.39386, -0.249805, 0.418569, 0.873154, -0.0, 0.0, 0.0, 0.0, 1.0],
                [-0.476116, 0.304468, 0.824993, 0.0, -0.187699, 0.881345, -0.433589, 0.39386, -0.859117, -0.361289, -0.362474, -0.0, 0.0, 0.0, 0.0, 1.0],
                [0.294664, -0.826114, 0.480321, -0.0, 0.922372, 0.377273, 0.08303, 0.39386, -0.249805, 0.418569, 0.873154, 0.0, 0.0, 0.0, 0.0, 1.0],
                [0.294664, -0.826114, 0.480321, 0.0, 0.922372, 0.377273, 0.08303, 0.39386, -0.249805, 0.418569, 0.873154, 0.0, 0.0, 0.0, 0.0, 1.0],
                [0.330638, -0.186296, 0.925188, -0.0, 0.936433, 0.18666, -0.297071, 0.39386, -0.117352, 0.964599, 0.236171, -0.0, 0.0, 0.0, 0.0, 1.0],
                [-0.099877, -0.128604, 0.986654, -0.0, 0.489634, 0.856887, 0.161254, 0.39386, -0.866188, 0.499205, -0.022615, -0.0, 0.0, 0.0, 0.0, 1.0],
                [-0.014481, 0.848521, 0.528964, 0.0, 0.64831, 0.41072, -0.641095, 0.39386, -0.761238, 0.333649, -0.556053, -0.0, 0.0, 0.0, 0.0, 1.0],
                [-0.086165, 0.923238, 0.374442, 0.0, 0.646784, 0.337708, -0.683831, 0.39386, -0.757791, 0.183261, -0.626234, -0.0, 0.0, 0.0, 0.0, 1.0],
                [-0.086165, 0.923238, 0.374442, 0.0, 0.646784, 0.337708, -0.683831, 0.39386, -0.757791, 0.183261, -0.626234, -0.0, 0.0, 0.0, 0.0, 1.0]
            ]
        },
        {
            "name": "Hand_L",
            "time": [0.0, 0.2333, 0.3333, 0.45, 0.5, 0.75, 0.9833],
            "transform": [
                [0.999417, -0.032725, 0.009779, -0.0, 0.019618, 0.315618, -0.948684, 0.3, 0.02796, 0.948322, 0.316076, 0.0, 0.0, 0.0, 0.0, 1.0],
                [0.999417, -0.032726, 0.009779, -0.0, 0.019618, 0.315618, -0.948684, 0.3, 0.02796, 0.948322, 0.316076, 0.0, 0.0, 0.0, 0.0, 1.0],
                [0.999417, -0.032725, 0.009779, 0.0, 0.019618, 0.315618, -0.948684, 0.3, 0.02796, 0.948322, 0.316076, 0.0, 0.0, 0.0, 0.0, 1.0],
                [0.999417, -0.034092, -0.002081, -0.0, 0.019618, 0.622839, -0.782104, 0.3, 0.02796, 0.781607, 0.623145, 0.0, 0.0, 0.0, 0.0, 1.0],
                [0.999417, -0.025568, -0.022646, 0.0, 0.019618, 0.972473, -0.232188, 0.3, 0.02796, 0.231608, 0.972408, -0.0, 0.0, 0.0, 0.0, 1.0],
                [0.999417, -0.023024, -0.025229, -0.0, 0.019618, 0.991606, -0.127799, 0.3, 0.02796, 0.12723, 0.991479, 0.0, 0.0, 0.0, 0.0, 1.0],
                [0.999417, -0.023024, -0.025229, -0.0, 0.019618, 0.991606, -0.127799, 0.3, 0.02796, 0.12723, 0.991479, 0.0, 0.0, 0.0, 0.0, 1.0]
            ]
        },
        {
            "name": "Tool_L",
            "time": [0.0, 0.2333, 0.3333, 0.5, 0.75, 0.9833],
            "transform": [
                [0.997004, 0.01104, -0.076554, -0.0, -0.036659, -0.804079, -0.593391, 0.272858, -0.068067, 0.594062, -0.8008, -0.0, 0.0, 0.0, 0.0, 1.0],
                [0.997004, 0.01104, -0.076554, 0.0, -0.036659, -0.804079, -0.593391, 0.272858, -0.068067, 0.594062, -0.8008, -0.0, 0.0, 0.0, 0.0, 1.0],
                [0.997004, 0.01104, -0.076554, -0.0, -0.036659, -0.804079, -0.593391, 0.272858, -0.068067, 0.594062, -0.8008, -0.0, 0.0, 0.0, 0.0, 1.0],
                [0.997004, 0.01104, -0.076554, 0.0, -0.036659, -0.804079, -0.593391, 0.272858, -0.068067, 0.594062, -0.8008, -0.0, 0.0, 0.0, 0.0, 1.0],
                [0.997004, 0.01104, -0.076554, -0.0, -0.036659, -0.804079, -0.593391, 0.272858, -0.068067, 0.594062, -0.8008, -0.0, 0.0, 0.0, 0.0, 1.0],
                [0.997004, 0.01104, -0.076554, -0.0, -0.036659, -0.804079, -0.593391, 0.272858, -0.068067, 0.594062, -0.8008, -0.0, 0.0, 0.0, 0.0, 1.0]
            ]
        },
        {
            "name": "Elbow_L",
            "time": [0.0, 0.2333, 0.3333, 0.5, 0.75, 0.9833],
            "transform": [
                [-1.0, 0.0, -0.0, 2.7e-05, 0.0, -0.098535, -0.995134, 0.356629, -0.0, -0.995134, 0.098535, 0.001284, 0.0, 0.0, 0.0, 1.0],
                [-1.0, 0.0, 0.0, 2.7e-05, 0.0, -0.098535, -0.995134, 0.356629, -0.0, -0.995134, 0.098535, 0.001284, 0.0, 0.0, 0.0, 1.0],
                [-1.0, 0.0, -0.0, 2.7e-05, 0.0, -0.098535, -0.995134, 0.356629, -0.0, -0.995134, 0.098535, 0.001284, 0.0, 0.0, 0.0, 1.0],
                [-1.0, 0.0, -0.0, 2.7e-05, 0.0, -0.098535, -0.995134, 0.356629, -0.0, -0.995134, 0.098535, 0.001284, 0.0, 0.0, 0.0, 1.0],
                [-1.0, 0.0, -0.0, 2.7e-05, 0.0, -0.098535, -0.995134, 0.356629, -0.0, -0.995134, 0.098535, 0.001284, 0.0, 0.0, 0.0, 1.0],
                [-1.0, 0.0, -0.0, 2.7e-05, 0.0, -0.098535, -0.995134, 0.356629, -0.0, -0.995134, 0.098535, 0.001284, 0.0, 0.0, 0.0, 1.0]
            ]
        }
    ]
}