{
    "animation": [
        {
            "name": "Root",
            "time": [0.0, 0.1667, 0.3167, 0.5167, 0.8333, 1.3667],
            "transform": [
                [0.191431, -0.056479, -0.97988, -0.007616, -0.973723, 0.114545, -0.196831, 0.044372, 0.123357, 0.991811, -0.033067, 0.657201, 0.0, 0.0, 0.0, 1.0],
                [-0.166461, -0.012169, -0.985973, -0.007616, -0.978302, 0.127131, 0.163597, -0.271753, 0.123357, 0.991811, -0.033067, 0.657201, 0.0, 0.0, 0.0, 1.0],
                [0.799365, -0.079566, 0.595555, -0.007616, 0.588047, -0.099899, -0.802634, 3.410537, 0.123357, 0.991811, -0.033067, 0.657201, 0.0, 0.0, 0.0, 1.0],
                [0.815823, -0.082385, 0.572403, -0.007616, 0.564991, -0.097587, -0.819306, 4.233643, 0.123357, 0.991811, -0.033067, 0.494596, 0.0, 0.0, 0.0, 1.0],
                [0.815823, -0.082385, 0.572403, -0.007616, 0.564991, -0.097587, -0.819306, 4.239273, 0.123357, 0.991811, -0.033067, 0.43604, 0.0, 0.0, 0.0, 1.0],
                [0.854689, 0.0, -0.51914, -0.007616, -0.51914, 0.0, -0.854689, 3.756668, 0.0, 1.0, 0.0, 0.764267, 0.0, 0.0, 0.0, 1.0]
            ]
        },
        {
            "name": "Thigh_R",
            "time": [0.0, 0.1667, 0.3167, 0.5167, 0.8333, 1.3667],
            "transform": [
                [0.879958, 0.456006, -0.133161, 0.124994, 0.472006, -0.870952, 0.13656, -0.002831, -0.053705, -0.183019, -0.981642, -1.2e-05, 0.0, 0.0, 0.0, 1.0],
                [0.879958, 0.456006, -0.133161, 0.124994, 0.472006, -0.870952, 0.13656, -0.002831, -0.053705, -0.183019, -0.981642, -1.2e-05, 0.0, 0.0, 0.0, 1.0],
                [0.825152, 0.531976, 0.190063, 0.124994, 0.161954, -0.545094, 0.822583, -0.002831, 0.541197, -0.647973, -0.535943, -1.2e-05, 0.0, 0.0, 0.0, 1.0],
                [0.765757, 0.588708, 0.258916, 0.124994, -0.017161, -0.383738, 0.923282, -0.002831, 0.642901, -0.711452, -0.283749, -1.2e-05, 0.0, 0.0, 0.0, 1.0],
                [0.765757, 0.607405, 0.211362, 0.124994, -0.017161, -0.309229, 0.950832, -0.002831, 0.6429, -0.731732, -0.226372, -1.2e-05, 0.0, 0.0, 0.0, 1.0],
                [0.992811, 0.11785, -0.020883, 0.124994, 0.118536, -0.992318, 0.035348, -0.002831, -0.016557, -0.037569, -0.999157, -1.2e-05, 0.0, 0.0, 0.0, 1.0]
            ]
        },
        {
            "name": "Leg_R",
            "time": [0.0, 0.1667, 0.3167, 0.5167, 0.8333, 1.3667],
            "transform": [
                [1.0, -0.0, 1e-06, 0.0, 0.0, 0.908795, 0.417243, 0.37472, -1e-06, -0.417244, 0.908794, -0.0, 0.0, 0.0, 0.0, 1.0],
                [1.0, -0.0, 1e-06, 0.0, 0.0, 0.908795, 0.417243, 0.37472, -1e-06, -0.417244, 0.908794, -0.0, 0.0, 0.0, 0.0, 1.0],
                [1.0, -1e-06, 0.0, 0.0, 0.0, 0.597445, 0.801909, 0.37472, -1e-06, -0.80191, 0.597444, 0.0, 0.0, 0.0, 0.0, 1.0],
                [1.0, -1e-06, 0.0, 0.0, 0.0, 0.464027, 0.88582, 0.37472, -1e-06, -0.885822, 0.464026, -0.0, 0.0, 0.0, 0.0, 1.0],
                [1.0, -1e-06, 0.0, 0.0, 0.0, 0.464027, 0.88582, 0.37472, -1e-06, -0.885822, 0.464026, -0.0, 0.0, 0.0, 0.0, 1.0],
                [1.0, -0.0, 1e-06, -0.0, 0.0, 0.997612, 0.069073, 0.37472, -1e-06, -0.069073, 0.997611, 1e-06, 0.0, 0.0, 0.0, 1.0]
            ]
        },
        {
            "name": "Knee_R",
            "time": [0.0, 0.1667, 0.3167, 0.5167, 0.8333, 1.3667],
            "transform": [
                [1.0, 0.0, -0.0, 0.0, -0.0, 1e-06, -1.0, 0.37472, -0.0, 1.0, 1e-06, -0.0, 0.0, 0.0, 0.0, 1.0],
                [1.0, 0.0, -0.0, 0.0, -0.0, 1e-06, -1.0, 0.37472, -0.0, 1.0, 1e-06, -0.0, 0.0, 0.0, 0.0, 1.0],
                [1.0, 0.0, -0.0, 0.0, -0.0, 1e-06, -1.0, 0.37472, -0.0, 1.0, 1e-06, 0.0, 0.0, 0.0, 0.0, 1.0],
                [1.0, 0.0, -0.0, 0.0, -0.0, 1e-06, -1.0, 0.37472, -0.0, 1.0, 1e-06, -0.0, 0.0, 0.0, 0.0, 1.0],
                [1.0, 0.0, -0.0, 0.0, -0.0, 1e-06, -1.0, 0.37472, -0.0, 1.0, 1e-06, -0.0, 0.0, 0.0, 0.0, 1.0],
                [1.0, 0.0, -0.0, -0.0, -0.0, 1e-06, -1.0, 0.37472, -0.0, 1.0, 1e-06, 1e-06, 0.0, 0.0, 0.0, 1.0]
            ]
        },
        {
            "name": "Thigh_L",
            "time": [0.0, 0.1667, 0.3167, 0.5167, 0.8333, 1.3667],
            "transform": [
                [0.728511, -0.684584, -0.024825, -0.125006, -0.536396, -0.592606, 0.600914, -0.002831, -0.426087, -0.424456, -0.798928, -1.2e-05, 0.0, 0.0, 0.0, 1.0],
                [0.728511, -0.684584, -0.024825, -0.125006, -0.536396, -0.592606, 0.600914, -0.002831, -0.426087, -0.424456, -0.798928, -1.2e-05, 0.0, 0.0, 0.0, 1.0],
                [0.78758, -0.555739, 0.266217, -0.125006, -0.347976, -0.757648, -0.552161, -0.002831, 0.508556, 0.342235, -0.790092, -1.2e-05, 0.0, 0.0, 0.0, 1.0],
                [0.740916, -0.568707, 0.357233, -0.125006, -0.091456, -0.612399, -0.785241, -0.002831, 0.665341, 0.549127, -0.505747, -1.2e-05, 0.0, 0.0, 0.0, 1.0],
                [0.740916, -0.61012, 0.280707, -0.125006, -0.091456, -0.505735, -0.857827, -0.002831, 0.665341, 0.609906, -0.430506, -1.2e-05, 0.0, 0.0, 0.0, 1.0],
                [0.659168, -0.135791, -0.739633, -0.125006, -0.117516, -0.990078, 0.077038, -0.002831, -0.742756, 0.036138, -0.668586, -1.2e-05, 0.0, 0.0, 0.0, 1.0]
            ]
        },
        {
            "name": "Leg_L",
            "time": [0.0, 0.1667, 0.3167, 0.5167, 0.8333, 1.3667],
            "transform": [
                [0.999989, -0.001914, -0.004249, -0.0, 0.003782, 0.866011, 0.50001, 0.37472, 0.002722, -0.50002, 0.86601, 0.0, 0.0, 0.0, 0.0, 1.0],
                [0.999989, -0.001914, -0.004249, 0.0, 0.003782, 0.866011, 0.50001, 0.37472, 0.002722, -0.50002, 0.866009, -0.0, 0.0, 0.0, 0.0, 1.0],
                [0.999989, -0.00277, -0.003747, -0.0, 0.003782, 0.952218, 0.305394, 0.37472, 0.002722, -0.305404, 0.952219, 0.0, 0.0, 0.0, 0.0, 1.0],
                [0.999989, -0.003018, -0.003551, 0.0, 0.003782, 0.970721, 0.240177, 0.37472, 0.002722, -0.240188, 0.970723, -0.0, 0.0, 0.0, 0.0, 1.0],
                [0.999989, -0.003018, -0.003551, -0.0, 0.003782, 0.970721, 0.240177, 0.37472, 0.002722, -0.240188, 0.970723, -0.0, 0.0, 0.0, 0.0, 1.0],
                [0.999989, -0.003452, -0.00313, -0.0, 0.003782, 0.993653, 0.112423, 0.37472, 0.002723, -0.112434, 0.993656, 0.0, 0.0, 0.0, 0.0, 1.0]
            ]
        },
        {
            "name": "Knee_L",
            "time": [0.0, 0.1667, 0.3167, 0.5167, 0.8333, 1.3667],
            "transform": [
                [1.0, 0.0, -0.0, -0.0, -0.0, 1e-06, -1.0, 0.37472, -0.0, 1.0, 1e-06, 0.0, 0.0, 0.0, 0.0, 1.0],
                [1.0, 0.0, -0.0, 0.0, -0.0, 1e-06, -1.0, 0.37472, -0.0, 1.0, 1e-06, -0.0, 0.0, 0.0, 0.0, 1.0],
                [1.0, 0.0, -0.0, -0.0, -0.0, 1e-06, -1.0, 0.37472, -0.0, 1.0, 1e-06, 0.0, 0.0, 0.0, 0.0, 1.0],
                [1.0, 0.0, -0.0, 0.0, -0.0, 1e-06, -1.0, 0.37472, -0.0, 1.0, 1e-06, -0.0, 0.0, 0.0, 0.0, 1.0],
                [1.0, 0.0, -0.0, -0.0, -0.0, 1e-06, -1.0, 0.37472, -0.0, 1.0, 1e-06, -0.0, 0.0, 0.0, 0.0, 1.0],
                [1.0, 0.0, -0.0, -0.0, -0.0, 1e-06, -1.0, 0.37472, -0.0, 1.0, 1e-06, 0.0, 0.0, 0.0, 0.0, 1.0]
            ]
        },
        {
            "name": "Torso",
            "time": [0.0, 0.1667, 0.3167, 0.5167, 0.8333, 1.3667],
            "transform": [
                [0.99978, -0.020971, -0.000197, 0.0, 0.020971, 0.999603, 0.018833, 0.05, -0.000198, -0.018833, 0.999823, 0.0, 0.0, 0.0, 0.0, 1.0],
                [0.99978, -0.020971, -0.000197, -0.0, 0.020971, 0.999603, 0.018833, 0.05, -0.000198, -0.018833, 0.999823, -0.0, 0.0, 0.0, 0.0, 1.0],
                [0.995413, -0.023552, -0.092728, 0.0, 0.045214, 0.969966, 0.239002, 0.05, 0.084314, -0.242098, 0.966581, 0.0, 0.0, 0.0, 0.0, 1.0],
                [0.992345, -0.019993, -0.121865, -0.0, 0.056771, 0.95021, 0.306394, 0.05, 0.109671, -0.310967, 0.944072, 0.0, 0.0, 0.0, 0.0, 1.0],
                [0.992345, -0.019993, -0.121865, -0.0, 0.056771, 0.95021, 0.306394, 0.05, 0.109671, -0.310967, 0.944072, -0.0, 0.0, 0.0, 0.0, 1.0],
                [0.99978, -0.020971, -0.000197, -0.0, 0.020971, 0.999603, 0.018833, 0.05, -0.000198, -0.018833, 0.999823, 0.0, 0.0, 0.0, 0.0, 1.0]
            ]
        },
        {
            "name": "Chest",
            "time": [0.0, 0.1667, 0.3167, 0.5167, 0.8333, 1.3667],
            "transform": [
                [0.66135, 0.093927, -0.744174, 0.0, 0.184378, 0.94133, 0.282669, 0.3, 0.727063, -0.324153, 0.605231, 0.0, 0.0, 0.0, 0.0, 1.0],
                [0.66135, 0.093927, -0.744174, -0.0, 0.184378, 0.94133, 0.282669, 0.3, 0.727063, -0.324153, 0.605231, 0.0, 0.0, 0.0, 0.0, 1.0],
                [0.842663, -0.007766, 0.538385, -0.0, 0.012513, 0.999908, -0.005161, 0.3, -0.538296, 0.011086, 0.842683, 0.0, 0.0, 0.0, 0.0, 1.0],
                [0.55586, 0.058559, 0.829211, -0.0, 0.052821, 0.993012, -0.105536, 0.3, -0.829596, 0.102463, 0.548882, 0.0, 0.0, 0.0, 0.0, 1.0],
                [0.542374, 0.135053, 0.829211, -0.0, -0.08535, 0.990746, -0.105536, 0.3, -0.83579, -0.013533, 0.548882, 0.0, 0.0, 0.0, 0.0, 1.0],
                [0.999771, -0.021404, 0.000595, -0.0, 0.021411, 0.999605, -0.01819, 0.3, -0.000206, 0.018199, 0.999834, 0.0, 0.0, 0.0, 0.0, 1.0]
            ]
        },
        {
            "name": "Head",
            "time": [0.0, 0.1667, 0.3167, 0.5167, 0.8333, 1.3667],
            "transform": [
                [0.52213, 0.012325, 0.852777, 0.0, 0.000461, 0.999891, -0.014733, 0.4, -0.852866, 0.008086, 0.522067, -0.0, 0.0, 0.0, 0.0, 1.0],
                [0.52213, 0.012325, 0.852777, 0.0, 0.000461, 0.999891, -0.014733, 0.4, -0.852866, 0.008086, 0.522067, -0.0, 0.0, 0.0, 0.0, 1.0],
                [0.596401, 0.012325, -0.802592, -0.0, -0.013841, 0.999891, 0.005069, 0.4, 0.802567, 0.008086, 0.596506, 0.0, 0.0, 0.0, 0.0, 1.0],
                [0.10476, 0.012325, -0.994421, 1e-06, -0.009333, 0.999891, 0.011409, 0.4, 0.994454, 0.008086, 0.104864, 0.0, 0.0, 0.0, 0.0, 1.0],
                [0.10476, 0.012325, -0.994421, 0.0, -0.009333, 0.999891, 0.011409, 0.4, 0.994454, 0.008086, 0.104864, 0.0, 0.0, 0.0, 0.0, 1.0],
                [0.85311, 0.012325, 0.521585, -0.0, -0.006297, 0.999891, -0.013328, 0.4, -0.521692, 0.008086, 0.853095, -0.0, 0.0, 0.0, 0.0, 1.0]
            ]
        },
        {
            "name": "Shoulder_R",
            "time": [0.0, 0.1667, 0.3167, 0.5167, 0.8333, 1.0667, 1.3667],
            "transform": [
                [0.442732, 0.785658, 0.432122, 0.0, -0.158796, -0.405608, 0.900148, 0.4, 0.882481, -0.467143, -0.054816, -0.0, 0.0, 0.0, 0.0, 1.0],
                [0.442732, 0.785658, 0.432122, 0.0, -0.158796, -0.405608, 0.900148, 0.4, 0.882481, -0.467143, -0.054816, -0.0, 0.0, 0.0, 0.0, 1.0],
                [0.442732, 0.785658, 0.432122, -0.0, -0.158796, -0.405608, 0.900147, 0.4, 0.882481, -0.467143, -0.054816, 0.0, 0.0, 0.0, 0.0, 1.0],
                [0.442732, 0.785658, 0.432122, 1e-06, -0.158796, -0.405608, 0.900148, 0.4, 0.882481, -0.467143, -0.054816, 0.0, 0.0, 0.0, 0.0, 1.0],
                [0.442732, 0.785658, 0.432122, 0.0, -0.158796, -0.405608, 0.900148, 0.4, 0.882481, -0.467143, -0.054816, 0.0, 0.0, 0.0, 0.0, 1.0],
                [-0.394783, 0.845145, 0.360383, -0.0, 0.212001, -0.297864, 0.93077, 0.4, 0.893981, 0.443854, -0.06158, 0.0, 0.0, 0.0, 0.0, 1.0],
                [-0.276631, 0.925202, 0.259762, -0.0, 0.190162, -0.212262, 0.958532, 0.4, 0.941973, 0.314557, -0.11722, -0.0, 0.0, 0.0, 0.0, 1.0]
            ]
        },
        {
            "name": "Arm_R",
            "time": [0.0, 0.1667, 0.3167, 0.5167, 0.8333, 1.3667],
            "transform": [
                [0.203514, -0.404639, -0.891543, 0.0, -0.224296, 0.867114, -0.444752, 0.39386, 0.953034, 0.290483, 0.085711, -0.0, 0.0, 0.0, 0.0, 1.0],
                [0.203514, -0.404639, -0.891543, -0.0, -0.224296, 0.867114, -0.444752, 0.39386, 0.953034, 0.290483, 0.085711, -0.0, 0.0, 0.0, 0.0, 1.0],
                [0.203514, -0.802127, -0.561404, 0.0, -0.224296, 0.519958, -0.824218, 0.393861, 0.953034, 0.293661, -0.074095, 0.0, 0.0, 0.0, 0.0, 1.0],
                [0.203514, -0.884824, -0.419129, 0.0, -0.224296, 0.374568, -0.899661, 0.393861, 0.953034, 0.277103, -0.122233, -0.0, 0.0, 0.0, 0.0, 1.0],
                [0.203514, -0.884824, -0.419129, 0.0, -0.224296, 0.374568, -0.899661, 0.39386, 0.953034, 0.277103, -0.122233, 0.0, 0.0, 0.0, 0.0, 1.0],
                [0.844974, 0.195057, -0.497967, -0.0, 0.520149, -0.083231, 0.85001, 0.39386, 0.124354, -0.977254, -0.171787, -0.0, 0.0, 0.0, 0.0, 1.0]
            ]
        },
        {
            "name": "Hand_R",
            "time": [0.0, 0.1667, 0.3167, 0.5167, 0.8333, 1.0667, 1.3667],
            "transform": [
                [0.999998, 0.000319, 0.001795, -0.0, 0.000868, 0.782704, -0.622394, 0.3, -0.001603, 0.622394, 0.782703, 0.0, 0.0, 0.0, 0.0, 1.0],
                [0.999998, 0.000319, 0.001795, -0.0, 0.000868, 0.782704, -0.622394, 0.3, -0.001603, 0.622394, 0.782702, 0.0, 0.0, 0.0, 0.0, 1.0],
                [0.999998, -0.000621, 0.001714, -0.0, 0.000868, 0.988986, -0.148009, 0.3, -0.001603, 0.14801, 0.988985, 0.0, 0.0, 0.0, 0.0, 1.0],
                [0.999998, -0.000894, 0.001589, 0.0, 0.000868, 0.999865, 0.016381, 0.3, -0.001603, -0.01638, 0.999864, -0.0, 0.0, 0.0, 0.0, 1.0],
                [0.999998, -0.000894, 0.001589, -0.0, 0.000868, 0.999866, 0.016381, 0.3, -0.001603, -0.01638, 0.999865, 1e-06, 0.0, 0.0, 0.0, 1.0],
                [0.999998, 0.000145, 0.001818, -0.0, 0.000868, 0.838903, -0.54428, 0.3, -0.001603, 0.544281, 0.838902, 0.0, 0.0, 0.0, 0.0, 1.0],
                [0.999998, -0.000848, 0.001614, 0.0, 0.000868, 0.999919, -0.012686, 0.3, -0.001603, 0.012688, 0.999918, -0.0, 0.0, 0.0, 0.0, 1.0]
            ]
        },
        {
            "name": "Tool_R",
            "time": [0.0, 0.1667, 0.3167, 0.5167, 0.8333, 1.3667],
            "transform": [
                [0.995185, -0.029972, -0.090361, -0.084266, 0.051817, 0.944127, 0.225652, 0.22053, 0.08316, -0.229328, 0.939652, 0.113683, 0.0, 0.0, 0.0, 1.0],
                [0.995185, -0.029972, -0.090361, -0.084266, 0.051817, 0.944127, 0.225652, 0.22053, 0.08316, -0.229328, 0.939652, 0.113683, 0.0, 0.0, 0.0, 1.0],
                [0.995186, -0.068154, -0.066505, -0.084266, 0.051791, 0.942355, -0.232932, 0.22053, 0.083157, 0.228467, 0.939861, 0.113683, 0.0, 0.0, 0.0, 1.0],
                [0.995187, -0.077369, -0.055525, -0.084266, 0.051783, 0.896655, -0.371666, 0.22053, 0.083153, 0.367156, 0.894928, 0.113684, 0.0, 0.0, 0.0, 1.0],
                [0.995187, -0.077369, -0.055525, -0.084266, 0.051783, 0.896655, -0.371666, 0.22053, 0.083153, 0.367156, 0.894928, 0.113683, 0.0, 0.0, 0.0, 1.0],
                [0.995182, 0.015962, -0.093876, 0.047347, 0.051843, 0.727781, 0.641806, 0.292138, 0.083177, -0.643825, 0.722313, 0.103695, 0.0, 0.0, 0.0, 1.0]
            ]
        },
        {
            "name": "Elbow_R",
            "time": [0.0, 0.1667, 0.3167, 0.5167, 0.8333, 1.0667, 1.3667],
            "transform": [
                [-1.0, 0.0, -0.0, -0.0, 0.0, -0.391944, -0.919989, 0.429832, -0.0, -0.919989, 0.391944, 0.0, 0.0, 0.0, 0.0, 1.0],
                [-1.0, 0.0, -0.0, -0.0, 0.0, -0.391944, -0.919989, 0.429832, -0.0, -0.919989, 0.391944, 0.0, 0.0, 0.0, 0.0, 1.0],
                [-1.0, 0.0, -0.0, -0.0, -0.0, -0.391944, -0.919989, 0.429832, -0.0, -0.919989, 0.391944, 0.0, 0.0, 0.0, 0.0, 1.0],
                [-1.0, 0.0, -0.0, 0.0, 0.0, -0.391944, -0.919989, 0.429832, -0.0, -0.919989, 0.391944, 0.0, 0.0, 0.0, 0.0, 1.0],
                [-1.0, 0.0, -0.0, -0.0, -0.0, -0.391944, -0.919989, 0.429832, -0.0, -0.919989, 0.391944, 1e-06, 0.0, 0.0, 0.0, 1.0],
                [-1.0, 0.0, -0.0, 0.0, 0.0, -0.362566, -0.931958, 0.429832, -0.0, -0.931958, 0.362566, 0.0, 0.0, 0.0, 0.0, 1.0],
                [-1.0, 0.0, -0.0, 0.0, 0.0, -0.0, -1.0, 0.429832, -0.0, -1.0, 0.0, -0.0, 0.0, 0.0, 0.0, 1.0]
            ]
        },
        {
            "name": "Shoulder_L",
            "time": [0.0, 0.1667, 0.3167, 0.5167, 0.8333, 1.3667],
            "transform": [
                [0.644449, -0.641606, -0.415966, 0.0, 0.007428, -0.538718, 0.842453, 0.4, -0.764611, -0.546008, -0.34241, -0.0, 0.0, 0.0, 0.0, 1.0],
                [0.644449, -0.641606, -0.415966, 0.0, 0.007428, -0.538718, 0.842454, 0.4, -0.764611, -0.546008, -0.34241, -0.0, 0.0, 0.0, 0.0, 1.0],
                [0.644449, -0.641606, -0.415966, -0.0, 0.007428, -0.538718, 0.842453, 0.4, -0.764611, -0.546008, -0.34241, 0.0, 0.0, 0.0, 0.0, 1.0],
                [0.644449, -0.641606, -0.415966, 1e-06, 0.007428, -0.538718, 0.842453, 0.4, -0.764611, -0.546008, -0.34241, 0.0, 0.0, 0.0, 0.0, 1.0],
                [0.644449, -0.641606, -0.415966, 0.0, 0.007428, -0.538718, 0.842453, 0.4, -0.764611, -0.546008, -0.34241, 0.0, 0.0, 0.0, 0.0, 1.0],
                [-0.503935, -0.756081, -0.417602, -0.0, -0.15956, -0.39367, 0.905298, 0.4, -0.848876, 0.522844, 0.077744, -0.0, 0.0, 0.0, 0.0, 1.0]
            ]
        },
        {
            "name": "Arm_L",
            "time": [0.0, 0.1667, 0.3167, 0.5167, 0.8333, 1.3667],
            "transform": [
                [0.129776, 0.894792, 0.427207, -0.0, 0.7457, 0.195895, -0.636834, 0.39386, -0.653521, 0.401214, -0.641823, 0.0, 0.0, 0.0, 0.0, 1.0],
                [0.129776, 0.894792, 0.427207, -0.0, 0.7457, 0.195895, -0.636834, 0.39386, -0.653521, 0.401214, -0.641823, -0.0, 0.0, 0.0, 0.0, 1.0],
                [0.209301, 0.89957, 0.383363, 0.0, 0.333196, 0.302977, -0.892852, 0.39386, -0.919333, 0.31461, -0.23632, 0.0, 0.0, 0.0, 0.0, 1.0],
                [0.228747, 0.903565, 0.362276, -0.0, 0.180549, 0.326309, -0.92786, 0.39386, -0.956596, 0.277654, -0.088496, 0.0, 0.0, 0.0, 0.0, 1.0],
                [0.228747, 0.903565, 0.362276, 0.0, 0.180549, 0.326309, -0.92786, 0.39386, -0.956596, 0.277654, -0.088496, -0.0, 0.0, 0.0, 0.0, 1.0],
                [-0.846677, -0.311692, -0.431262, -0.0, 0.425666, 0.08958, -0.900435, 0.39386, 0.319291, -0.945951, 0.056831, 0.0, 0.0, 0.0, 0.0, 1.0]
            ]
        },
        {
            "name": "Hand_L",
            "time": [0.0, 0.1667, 0.3167, 0.5167, 0.8333, 1.3667],
            "transform": [
                [0.996512, -0.083367, -0.003668, -0.0, 0.083319, 0.996454, -0.011754, 0.3, 0.004635, 0.011408, 0.999924, -0.0, 0.0, 0.0, 0.0, 1.0],
                [0.996512, -0.083367, -0.003668, -0.0, 0.083319, 0.996454, -0.011754, 0.3, 0.004635, 0.011408, 0.999924, 0.0, 0.0, 0.0, 0.0, 1.0],
                [0.996512, -0.081445, 0.018175, -0.0, 0.083319, 0.958992, -0.270909, 0.3, 0.004635, 0.271478, 0.962434, -0.0, 0.0, 0.0, 0.0, 1.0],
                [0.996512, -0.07964, 0.024921, 0.0, 0.083319, 0.932983, -0.350144, 0.3, 0.004635, 0.350999, 0.936365, 0.0, 0.0, 0.0, 0.0, 1.0],
                [0.996512, -0.07964, 0.024921, 0.0, 0.083319, 0.932983, -0.350144, 0.3, 0.004635, 0.350999, 0.936365, 0.0, 0.0, 0.0, 0.0, 1.0],
                [0.999993, -0.000981, -0.003668, 1e-06, 0.000938, 0.999931, -0.011754, 0.3, 0.003679, 0.011751, 0.999924, -0.0, 0.0, 0.0, 0.0, 1.0]
            ]
        },
        {
            "name": "Tool_L",
            "time": [0.0, 0.1667, 0.3167, 0.5167, 0.8333, 1.3667],
            "transform": [
                [0.997004, 0.01104, -0.076554, 0.0, -0.036659, -0.804079, -0.593391, 0.272858, -0.068067, 0.594062, -0.8008, -0.0, 0.0, 0.0, 0.0, 1.0],
                [0.997004, 0.01104, -0.076554, 0.0, -0.036659, -0.804079, -0.593392, 0.272858, -0.068067, 0.594062, -0.8008, -0.0, 0.0, 0.0, 0.0, 1.0],
                [0.997004, 0.01104, -0.076554, -0.0, -0.036659, -0.804079, -0.593391, 0.272858, -0.068067, 0.594062, -0.8008, -0.0, 0.0, 0.0, 0.0, 1.0],
                [0.997004, 0.01104, -0.076554, -0.0, -0.036659, -0.804079, -0.593391, 0.272858, -0.068067, 0.594062, -0.8008, -1e-06, 0.0, 0.0, 0.0, 1.0],
                [0.997004, 0.01104, -0.076554, 0.0, -0.036659, -0.804079, -0.593391, 0.272858, -0.068067, 0.594062, -0.8008, -0.0, 0.0, 0.0, 0.0, 1.0],
                [0.997004, 0.01104, -0.076554, 0.0, -0.036659, -0.804079, -0.593391, 0.272858, -0.068067, 0.594062, -0.8008, -0.0, 0.0, 0.0, 0.0, 1.0]
            ]
        },
        {
            "name": "Elbow_L",
            "time": [0.0, 0.1667, 0.3167, 0.5167, 0.8333, 1.3667],
            "transform": [
                [-1.0, 0.0, -0.0, 2.7e-05, 0.0, -0.297224, -0.954808, 0.396148, -0.0, -0.954808, 0.297224, -0.002121, 0.0, 0.0, 0.0, 1.0],
                [-1.0, 0.0, -0.0, 2.7e-05, 0.0, -0.297224, -0.954808, 0.396148, -0.0, -0.954808, 0.297224, -0.002121, 0.0, 0.0, 0.0, 1.0],
                [-1.0, 0.0, -0.0, 2.7e-05, 0.0, -0.297224, -0.954808, 0.396147, -0.0, -0.954808, 0.297224, -0.002121, 0.0, 0.0, 0.0, 1.0],
                [-1.0, 0.0, -0.0, 2.7e-05, 0.0, -0.297224, -0.954808, 0.396148, -0.0, -0.954808, 0.297224, -0.00212, 0.0, 0.0, 0.0, 1.0],
                [-1.0, 0.0, -0.0, 2.7e-05, 0.0, -0.297224, -0.954808, 0.396148, -0.0, -0.954808, 0.297224, -0.00212, 0.0, 0.0, 0.0, 1.0],
                [-1.0, 0.0, 0.0, 2.7e-05, 0.0, -0.0, -1.0, 0.396148, -0.0, -1.0, -0.0, -0.002121, 0.0, 0.0, 0.0, 1.0]
            ]
        }
    ]
}