{
    "animation": [
        {
            "name": "Root",
            "time": [0.0, 0.0667, 0.1333, 0.2, 0.3833, 0.8167, 1.0333],
            "transform": [
                [-0.987808, 0.12688, -0.090204, -0.007616, -0.092783, -0.014556, 0.99558, -0.096052, 0.125007, 0.991811, 0.026151, 0.657201, 0.0, 0.0, 0.0, 1.0],
                [-0.983948, 0.127313, -0.125048, -0.007616, -0.127353, -0.010099, 0.991806, -0.148005, 0.125006, 0.991811, 0.026151, 0.58582, 0.0, 0.0, 0.0, 1.0],
                [-0.943653, 0.126994, -0.3056, -0.007616, -0.306419, 0.013525, 0.951801, -0.406809, 0.125006, 0.991811, 0.026151, 0.754353, 0.0, 0.0, 0.0, 1.0],
                [-0.778222, 0.114367, -0.617488, -0.007616, -0.615422, 0.056839, 0.786146, -0.849688, 0.125006, 0.991811, 0.026151, 0.713657, 0.0, 0.0, 0.0, 1.0],
                [0.191431, -0.056479, -0.97988, -0.007616, -0.973723, 0.114545, -0.196831, -1.28006, 0.123357, 0.991811, -0.033067, 0.657201, 0.0, 0.0, 0.0, 1.0],
                [0.191431, -0.056479, -0.97988, -0.007616, -0.973723, 0.114545, -0.196831, -1.28006, 0.123357, 0.991811, -0.033067, 0.657201, 0.0, 0.0, 0.0, 1.0],
                [0.191431, -0.056479, -0.97988, -0.007616, -0.973723, 0.114545, -0.196831, -1.28006, 0.123357, 0.991811, -0.033067, 0.657201, 0.0, 0.0, 0.0, 1.0]
            ]
        },
        {
            "name": "Thigh_R",
            "time": [0.0, 0.3833, 0.8167, 1.0333],
            "transform": [
                [0.992811, 0.089128, -0.079882, 0.124994, 0.118536, -0.824545, 0.553238, -0.002831, -0.016557, -0.558729, -0.829185, -1.2e-05, 0.0, 0.0, 0.0, 1.0],
                [0.898748, 0.416871, -0.135906, 0.124994, 0.436436, -0.880315, 0.185917, -0.002831, -0.042137, -0.226406, -0.973122, -1.2e-05, 0.0, 0.0, 0.0, 1.0],
                [0.879958, 0.456006, -0.133161, 0.124994, 0.472006, -0.870952, 0.13656, -0.002831, -0.053705, -0.183019, -0.981642, -1.2e-05, 0.0, 0.0, 0.0, 1.0],
                [0.879958, 0.456006, -0.133161, 0.124994, 0.472006, -0.870952, 0.13656, -0.002831, -0.053705, -0.183019, -0.981642, -1.2e-05, 0.0, 0.0, 0.0, 1.0]
            ]
        },
        {
            "name": "Leg_R",
            "time": [0.0, 0.3833, 0.8167, 1.0333],
            "transform": [
                [1.0, -0.0, 1e-06, -0.0, 0.0, 0.908795, 0.417243, 0.37472, -1e-06, -0.417244, 0.908794, -0.0, 0.0, 0.0, 0.0, 1.0],
                [1.0, -0.0, 1e-06, -0.0, 0.0, 0.908795, 0.417243, 0.37472, -1e-06, -0.417244, 0.908794, -0.0, 0.0, 0.0, 0.0, 1.0],
                [1.0, -0.0, 1e-06, -0.0, 0.0, 0.908795, 0.417243, 0.37472, -1e-06, -0.417244, 0.908794, -0.0, 0.0, 0.0, 0.0, 1.0],
                [1.0, -0.0, 1e-06, -0.0, 0.0, 0.908795, 0.417243, 0.37472, -1e-06, -0.417244, 0.908794, -0.0, 0.0, 0.0, 0.0, 1.0]
            ]
        },
        {
            "name": "Knee_R",
            "time": [0.0, 0.3833, 0.8167, 1.0333],
            "transform": [
                [1.0, 0.0, -0.0, -0.0, -0.0, 1e-06, -1.0, 0.37472, -0.0, 1.0, 1e-06, -0.0, 0.0, 0.0, 0.0, 1.0],
                [1.0, 0.0, -0.0, -0.0, -0.0, 1e-06, -1.0, 0.37472, -0.0, 1.0, 1e-06, -0.0, 0.0, 0.0, 0.0, 1.0],
                [1.0, 0.0, -0.0, -0.0, -0.0, 1e-06, -1.0, 0.37472, -0.0, 1.0, 1e-06, -0.0, 0.0, 0.0, 0.0, 1.0],
                [1.0, 0.0, -0.0, -0.0, -0.0, 1e-06, -1.0, 0.37472, -0.0, 1.0, 1e-06, -0.0, 0.0, 0.0, 0.0, 1.0]
            ]
        },
        {
            "name": "Thigh_L",
            "time": [0.0, 0.3833, 0.8167, 1.0333],
            "transform": [
                [0.728511, -0.482049, -0.486724, -0.125006, -0.536396, -0.843345, 0.032385, -0.002831, -0.426087, 0.237484, -0.872955, -1.2e-05, 0.0, 0.0, 0.0, 1.0],
                [0.728511, -0.680175, -0.081443, -0.125006, -0.536396, -0.640342, 0.549764, -0.002831, -0.426087, -0.356824, -0.83134, -1.2e-05, 0.0, 0.0, 0.0, 1.0],
                [0.728511, -0.684584, -0.024825, -0.125006, -0.536396, -0.592606, 0.600914, -0.002831, -0.426087, -0.424456, -0.798928, -1.2e-05, 0.0, 0.0, 0.0, 1.0],
                [0.728511, -0.684584, -0.024825, -0.125006, -0.536396, -0.592606, 0.600914, -0.002831, -0.426087, -0.424456, -0.798928, -1.2e-05, 0.0, 0.0, 0.0, 1.0]
            ]
        },
        {
            "name": "Leg_L",
            "time": [0.0, 0.3833, 0.8167, 1.0333],
            "transform": [
                [0.999989, -0.001914, -0.004249, 0.0, 0.003782, 0.866011, 0.50001, 0.37472, 0.002722, -0.50002, 0.86601, 0.0, 0.0, 0.0, 0.0, 1.0],
                [0.999989, -0.001914, -0.004249, -0.0, 0.003782, 0.866011, 0.50001, 0.37472, 0.002722, -0.500021, 0.86601, 0.0, 0.0, 0.0, 0.0, 1.0],
                [0.999989, -0.001914, -0.004249, -0.0, 0.003782, 0.866011, 0.50001, 0.37472, 0.002722, -0.50002, 0.86601, -0.0, 0.0, 0.0, 0.0, 1.0],
                [0.999989, -0.001914, -0.004249, -0.0, 0.003782, 0.866011, 0.50001, 0.37472, 0.002722, -0.50002, 0.86601, -0.0, 0.0, 0.0, 0.0, 1.0]
            ]
        },
        {
            "name": "Knee_L",
            "time": [0.0, 0.3833, 0.8167, 1.0333],
            "transform": [
                [1.0, 0.0, -0.0, 0.0, -0.0, 1e-06, -1.0, 0.37472, -0.0, 1.0, 1e-06, 0.0, 0.0, 0.0, 0.0, 1.0],
                [1.0, 0.0, -0.0, -0.0, -0.0, 1e-06, -1.0, 0.37472, -0.0, 1.0, 1e-06, 0.0, 0.0, 0.0, 0.0, 1.0],
                [1.0, 0.0, -0.0, -0.0, -0.0, 1e-06, -1.0, 0.37472, -0.0, 1.0, 1e-06, -0.0, 0.0, 0.0, 0.0, 1.0],
                [1.0, 0.0, -0.0, -0.0, -0.0, 1e-06, -1.0, 0.37472, -0.0, 1.0, 1e-06, -0.0, 0.0, 0.0, 0.0, 1.0]
            ]
        },
        {
            "name": "Torso",
            "time": [0.0, 0.3833, 0.8167, 1.0333],
            "transform": [
                [0.99978, -0.020971, -0.000197, -0.0, 0.020971, 0.999603, 0.018833, 0.05, -0.000198, -0.018833, 0.999823, 0.0, 0.0, 0.0, 0.0, 1.0],
                [0.99978, -0.020971, -0.000197, -0.0, 0.020971, 0.999603, 0.018833, 0.05, -0.000198, -0.018833, 0.999823, 0.0, 0.0, 0.0, 0.0, 1.0],
                [0.99978, -0.020971, -0.000197, -0.0, 0.020971, 0.999603, 0.018833, 0.05, -0.000198, -0.018833, 0.999823, 0.0, 0.0, 0.0, 0.0, 1.0],
                [0.99978, -0.020971, -0.000197, -0.0, 0.020971, 0.999603, 0.018833, 0.05, -0.000198, -0.018833, 0.999823, 0.0, 0.0, 0.0, 0.0, 1.0]
            ]
        },
        {
            "name": "Chest",
            "time": [0.0, 0.3833, 0.8167, 1.0333],
            "transform": [
                [0.992751, 0.111229, 0.045545, -0.0, -0.12016, 0.927224, 0.354708, 0.3, -0.002777, -0.357609, 0.933867, -0.0, 0.0, 0.0, 0.0, 1.0],
                [0.936728, 0.349278, -0.023347, 0.0, -0.320094, 0.881638, 0.346777, 0.3, 0.141705, -0.317363, 0.937657, 0.0, 0.0, 0.0, 0.0, 1.0],
                [0.66135, 0.093927, -0.744174, 0.0, 0.184378, 0.94133, 0.282669, 0.3, 0.727063, -0.324153, 0.605231, 0.0, 0.0, 0.0, 0.0, 1.0],
                [0.66135, 0.093927, -0.744174, 0.0, 0.184378, 0.94133, 0.282669, 0.3, 0.727063, -0.324153, 0.605231, 0.0, 0.0, 0.0, 0.0, 1.0]
            ]
        },
        {
            "name": "Head",
            "time": [0.0, 0.3833, 0.8167, 1.0333],
            "transform": [
                [0.169785, 0.012325, 0.985404, 0.0, 0.005876, 0.999891, -0.013519, 0.4, -0.985464, 0.008086, 0.169694, 0.0, 0.0, 0.0, 0.0, 1.0],
                [0.48571, 0.012325, 0.874033, -0.0, 0.001081, 0.999891, -0.014701, 0.4, -0.874119, 0.008086, 0.485644, -0.0, 0.0, 0.0, 0.0, 1.0],
                [0.52213, 0.012325, 0.852777, -0.0, 0.000461, 0.999891, -0.014733, 0.4, -0.852866, 0.008086, 0.522067, 0.0, 0.0, 0.0, 0.0, 1.0],
                [0.52213, 0.012325, 0.852777, -0.0, 0.000461, 0.999891, -0.014733, 0.4, -0.852866, 0.008086, 0.522067, 0.0, 0.0, 0.0, 0.0, 1.0]
            ]
        },
        {
            "name": "Shoulder_R",
            "time": [0.0, 0.3833, 0.8167, 1.0333],
            "transform": [
                [-0.276631, 0.925202, 0.259762, 0.0, 0.190162, -0.212262, 0.958532, 0.4, 0.941973, 0.314557, -0.11722, 0.0, 0.0, 0.0, 0.0, 1.0],
                [-0.276631, 0.925202, 0.259762, -0.0, 0.190162, -0.212262, 0.958532, 0.4, 0.941973, 0.314557, -0.11722, -0.0, 0.0, 0.0, 0.0, 1.0],
                [0.442732, 0.785658, 0.432122, -0.0, -0.158796, -0.405608, 0.900148, 0.4, 0.882481, -0.467143, -0.054816, 0.0, 0.0, 0.0, 0.0, 1.0],
                [0.442732, 0.785658, 0.432122, -0.0, -0.158796, -0.405608, 0.900148, 0.4, 0.882481, -0.467143, -0.054816, 0.0, 0.0, 0.0, 0.0, 1.0]
            ]
        },
        {
            "name": "Arm_R",
            "time": [0.0, 0.2, 0.3833, 0.8167, 1.0333],
            "transform": [
                [0.844974, 0.005846, -0.534775, -0.0, 0.520149, 0.223524, 0.824307, 0.393861, 0.124354, -0.974681, 0.185831, 0.0, 0.0, 0.0, 0.0, 1.0],
                [0.706118, 0.592806, -0.38727, -0.0, 0.509098, -0.044889, 0.859537, 0.393861, 0.492154, -0.804093, -0.333493, 0.0, 0.0, 0.0, 0.0, 1.0],
                [0.682076, -0.297003, -0.668253, -0.0, 0.412237, 0.910938, 0.0159, 0.39386, 0.604015, -0.286323, 0.743764, -0.0, 0.0, 0.0, 0.0, 1.0],
                [0.203514, -0.404639, -0.891543, -0.0, -0.224296, 0.867114, -0.444752, 0.393861, 0.953034, 0.290483, 0.085711, 0.0, 0.0, 0.0, 0.0, 1.0],
                [0.203514, -0.404639, -0.891543, -0.0, -0.224296, 0.867114, -0.444752, 0.393861, 0.953034, 0.290483, 0.085711, 0.0, 0.0, 0.0, 0.0, 1.0]
            ]
        },
        {
            "name": "Hand_R",
            "time": [0.0, 0.3833, 0.8167, 1.0333],
            "transform": [
                [0.999998, -0.000848, 0.001614, 0.0, 0.000868, 0.999919, -0.012686, 0.3, -0.001603, 0.012688, 0.999918, 0.0, 0.0, 0.0, 0.0, 1.0],
                [0.999998, -0.000848, 0.001614, -0.0, 0.000868, 0.999919, -0.012686, 0.3, -0.001603, 0.012688, 0.999918, -0.0, 0.0, 0.0, 0.0, 1.0],
                [0.999998, 0.000319, 0.001795, -0.0, 0.000868, 0.782704, -0.622394, 0.3, -0.001603, 0.622394, 0.782703, 0.0, 0.0, 0.0, 0.0, 1.0],
                [0.999998, 0.000319, 0.001795, -0.0, 0.000868, 0.782704, -0.622394, 0.3, -0.001603, 0.622394, 0.782703, 0.0, 0.0, 0.0, 0.0, 1.0]
            ]
        },
        {
            "name": "Tool_R",
            "time": [0.0, 0.2, 0.3833, 0.8167, 1.0333],
            "transform": [
                [0.995185, -0.029972, -0.090361, -0.084266, 0.051817, 0.944127, 0.225652, 0.22053, 0.08316, -0.229328, 0.939651, 0.113683, 0.0, 0.0, 0.0, 1.0],
                [0.833876, 0.024902, 0.535433, -0.084266, -0.013223, 0.971651, -0.025679, 0.22053, -0.551467, 0.014349, 0.809288, 0.113683, 0.0, 0.0, 0.0, 1.0],
                [0.995188, -0.08877, -0.034493, -0.084266, 0.051769, 0.77553, -0.583336, 0.22053, 0.083143, 0.57898, 0.775163, 0.113683, 0.0, 0.0, 0.0, 1.0],
                [0.995185, -0.029972, -0.090361, -0.084266, 0.051817, 0.944127, 0.225652, 0.22053, 0.08316, -0.229328, 0.939652, 0.113683, 0.0, 0.0, 0.0, 1.0],
                [0.995185, -0.029972, -0.090361, -0.084266, 0.051817, 0.944127, 0.225652, 0.22053, 0.08316, -0.229328, 0.939652, 0.113683, 0.0, 0.0, 0.0, 1.0]
            ]
        },
        {
            "name": "Elbow_R",
            "time": [0.0, 0.3833, 0.8167, 1.0333],
            "transform": [
                [-1.0, 0.0, 0.0, 0.0, -0.0, -0.0, -1.0, 0.429832, -0.0, -1.0, 0.0, 0.0, 0.0, 0.0, 0.0, 1.0],
                [-1.0, 0.0, -0.0, -0.0, -0.0, -0.0, -1.0, 0.429832, -0.0, -1.0, 0.0, -0.0, 0.0, 0.0, 0.0, 1.0],
                [-1.0, 0.0, -0.0, -0.0, 0.0, -0.391944, -0.919989, 0.429832, -0.0, -0.919989, 0.391944, 0.0, 0.0, 0.0, 0.0, 1.0],
                [-1.0, 0.0, -0.0, -0.0, 0.0, -0.391944, -0.919989, 0.429832, -0.0, -0.919989, 0.391944, 0.0, 0.0, 0.0, 0.0, 1.0]
            ]
        },
        {
            "name": "Shoulder_L",
            "time": [0.0, 0.3833, 0.8167, 1.0333],
            "transform": [
                [0.058871, -0.825127, -0.561871, 0.0, 0.112339, -0.553796, 0.825039, 0.4, -0.991924, -0.111691, 0.060092, 0.0, 0.0, 0.0, 0.0, 1.0],
                [0.058871, -0.825127, -0.561871, -0.0, 0.112339, -0.553796, 0.825039, 0.4, -0.991924, -0.111691, 0.060092, -0.0, 0.0, 0.0, 0.0, 1.0],
                [0.644449, -0.641606, -0.415966, -0.0, 0.007428, -0.538718, 0.842453, 0.4, -0.764611, -0.546008, -0.34241, 0.0, 0.0, 0.0, 0.0, 1.0],
                [0.644449, -0.641606, -0.415966, -0.0, 0.007428, -0.538718, 0.842453, 0.4, -0.764611, -0.546008, -0.34241, 0.0, 0.0, 0.0, 0.0, 1.0]
            ]
        },
        {
            "name": "Arm_L",
            "time": [0.0, 0.3833, 0.8167, 1.0333],
            "transform": [
                [0.578743, -0.793708, -0.187306, -0.0, 0.745626, 0.421977, 0.515731, 0.39386, -0.330301, -0.438135, 0.836026, 0.0, 0.0, 0.0, 0.0, 1.0],
                [-0.760172, 0.443768, 0.474562, -0.0, 0.30278, 0.888205, -0.345567, 0.39386, -0.574859, -0.119002, -0.809552, -0.0, 0.0, 0.0, 0.0, 1.0],
                [0.129776, 0.894792, 0.427207, -0.0, 0.7457, 0.195895, -0.636834, 0.39386, -0.653521, 0.401214, -0.641823, -0.0, 0.0, 0.0, 0.0, 1.0],
                [0.129776, 0.894792, 0.427207, -0.0, 0.7457, 0.195895, -0.636834, 0.39386, -0.653521, 0.401214, -0.641823, -0.0, 0.0, 0.0, 0.0, 1.0]
            ]
        },
        {
            "name": "Hand_L",
            "time": [0.0, 0.3833, 0.8167, 1.0333],
            "transform": [
                [0.578061, -0.815986, -0.003668, -0.0, 0.81591, 0.57806, -0.011754, 0.3, 0.011712, 0.003802, 0.999924, 0.0, 0.0, 0.0, 0.0, 1.0],
                [0.578061, -0.815986, -0.003668, 0.0, 0.81591, 0.57806, -0.011754, 0.3, 0.011712, 0.003802, 0.999924, 0.0, 0.0, 0.0, 0.0, 1.0],
                [0.996512, -0.083367, -0.003668, -0.0, 0.083319, 0.996454, -0.011754, 0.3, 0.004635, 0.011408, 0.999924, -0.0, 0.0, 0.0, 0.0, 1.0],
                [0.996512, -0.083367, -0.003668, -0.0, 0.083319, 0.996454, -0.011754, 0.3, 0.004635, 0.011408, 0.999924, -0.0, 0.0, 0.0, 0.0, 1.0]
            ]
        },
        {
            "name": "Tool_L",
            "time": [0.0, 0.3833, 0.8167, 1.0333],
            "transform": [
                [0.997004, 0.01104, -0.076554, 0.0, -0.036659, -0.804079, -0.593391, 0.272858, -0.068067, 0.594062, -0.8008, -0.0, 0.0, 0.0, 0.0, 1.0],
                [0.997004, 0.01104, -0.076554, 0.0, -0.036659, -0.804079, -0.593391, 0.272858, -0.068067, 0.594062, -0.8008, -0.0, 0.0, 0.0, 0.0, 1.0],
                [0.997004, 0.01104, -0.076554, 0.0, -0.036659, -0.804079, -0.593391, 0.272858, -0.068067, 0.594062, -0.8008, -0.0, 0.0, 0.0, 0.0, 1.0],
                [0.997004, 0.01104, -0.076554, 0.0, -0.036659, -0.804079, -0.593391, 0.272858, -0.068067, 0.594062, -0.8008, -0.0, 0.0, 0.0, 0.0, 1.0]
            ]
        },
        {
            "name": "Elbow_L",
            "time": [0.0, 0.3833, 0.8167, 1.0333],
            "transform": [
                [-1.0, 0.0, -0.0, 2.7e-05, 0.0, -0.0, -1.0, 0.396148, -0.0, -1.0, -0.0, -0.00212, 0.0, 0.0, 0.0, 1.0],
                [-1.0, 0.0, -0.0, 2.7e-05, 0.0, -0.0, -1.0, 0.396148, -0.0, -1.0, 0.0, -0.002121, 0.0, 0.0, 0.0, 1.0],
                [-1.0, 0.0, -0.0, 2.7e-05, 0.0, -0.297224, -0.954808, 0.396148, -0.0, -0.954808, 0.297224, -0.002121, 0.0, 0.0, 0.0, 1.0],
                [-1.0, 0.0, -0.0, 2.7e-05, 0.0, -0.297224, -0.954808, 0.396148, -0.0, -0.954808, 0.297224, -0.002121, 0.0, 0.0, 0.0, 1.0]
            ]
        }
    ]
}