{
    "animation": [
        {
            "name": "Root",
            "time": [0.0, 0.3, 0.45, 0.5333, 0.8, 0.9833, 1.55],
            "transform": [
                [1.0, 0.0, 0.0, -5e-06, 0.0, 0.0, -1.0, 0.000946, 0.0, 1.0, 0.0, 0.797984, 0.0, 0.0, 0.0, 1.0],
                [0.352642, -0.149837, -0.923684, -0.4215, -0.933546, 0.01151, -0.358274, -0.525225, 0.064314, 0.988644, -0.13582, 0.626836, 0.0, 0.0, 0.0, 1.0],
                [0.263271, -0.169036, -0.949798, -0.466338, -0.962487, 0.020957, -0.270518, -0.767043, 0.065633, 0.985387, -0.157178, 0.560207, 0.0, 0.0, 0.0, 1.0],
                [0.533985, -0.144482, -0.833058, -0.463865, -0.844464, -0.042516, -0.533923, 0.397275, 0.041724, 0.988594, -0.144713, 0.493931, 0.0, 0.0, 0.0, 1.0],
                [0.625332, -0.129471, -0.769543, -0.462927, -0.779667, -0.062144, -0.623103, 0.909581, 0.032851, 0.989634, -0.139805, 0.443025, 0.0, 0.0, 0.0, 1.0],
                [0.625332, -0.129471, -0.769543, -0.462927, -0.779667, -0.062144, -0.623103, 0.909581, 0.032851, 0.989634, -0.139805, 0.443025, 0.0, 0.0, 0.0, 1.0],
                [0.854689, 0.0, -0.51914, -0.007616, -0.51914, 0.0, -0.854689, 0.001678, 0.0, 1.0, 0.0, 0.764267, 0.0, 0.0, 0.0, 1.0]
            ]
        },
        {
            "name": "Thigh_R",
            "time": [0.0, 0.3, 0.45, 0.5333, 0.8, 0.9833, 1.55],
            "transform": [
                [0.984809, 0.168428, -0.042225, 0.124994, 0.170587, -0.893043, 0.416377, -0.002831, 0.032421, -0.417254, -0.908211, -1.2e-05, 0.0, 0.0, 0.0, 1.0],
                [0.738058, 0.400397, 0.543094, 0.124994, 0.349002, -0.915399, 0.200593, -0.002831, 0.577466, 0.041492, -0.81536, -1.2e-05, 0.0, 0.0, 0.0, 1.0],
                [0.646552, 0.602104, 0.468443, 0.124994, 0.394033, -0.789377, 0.470765, -0.002831, 0.653228, -0.119791, -0.747625, -1.2e-05, 0.0, 0.0, 0.0, 1.0],
                [0.434342, 0.728356, 0.529946, 0.124994, 0.70021, -0.643116, 0.31001, -0.002831, 0.566615, 0.236423, -0.789336, -1.2e-05, 0.0, 0.0, 0.0, 1.0],
                [0.325639, 0.776878, 0.538903, 0.124994, 0.82475, -0.512099, 0.239876, -0.002831, 0.462326, 0.366347, -0.807492, -1.2e-05, 0.0, 0.0, 0.0, 1.0],
                [0.325639, 0.776878, 0.538903, 0.124994, 0.82475, -0.512099, 0.239876, -0.002831, 0.462326, 0.366347, -0.807492, -1.2e-05, 0.0, 0.0, 0.0, 1.0],
                [0.992811, 0.11785, -0.020883, 0.124994, 0.118536, -0.992318, 0.035348, -0.002831, -0.016557, -0.037569, -0.999157, -1.2e-05, 0.0, 0.0, 0.0, 1.0]
            ]
        },
        {
            "name": "Leg_R",
            "time": [0.0, 0.3, 0.45, 0.5333, 0.8, 0.9833, 1.55],
            "transform": [
                [1.0, -1e-06, 2e-06, 0.0, -2e-06, 0.329795, 0.944052, 0.37472, -1e-06, -0.944053, 0.329795, 0.0, 0.0, 0.0, 0.0, 1.0],
                [1.0, -1e-06, 1e-06, 0.0, 0.0, 0.609671, 0.792654, 0.37472, -1e-06, -0.792656, 0.60967, 0.0, 0.0, 0.0, 0.0, 1.0],
                [1.0, -1e-06, 0.0, -0.0, 0.0, 0.298986, 0.954257, 0.37472, -1e-06, -0.954258, 0.298985, 0.0, 0.0, 0.0, 0.0, 1.0],
                [1.0, -1e-06, 0.0, -0.0, 0.0, 0.800382, 0.59949, 0.37472, -1e-06, -0.599491, 0.800381, 0.0, 0.0, 0.0, 0.0, 1.0],
                [1.0, -1e-06, 1e-06, -0.0, 0.0, 0.917453, 0.397846, 0.37472, -1e-06, -0.397846, 0.917452, -0.0, 0.0, 0.0, 0.0, 1.0],
                [1.0, -1e-06, 1e-06, -0.0, 0.0, 0.917453, 0.397846, 0.37472, -1e-06, -0.397846, 0.917452, -0.0, 0.0, 0.0, 0.0, 1.0],
                [1.0, -0.0, 1e-06, 0.0, 0.0, 0.997612, 0.069073, 0.37472, -1e-06, -0.069073, 0.997611, -0.0, 0.0, 0.0, 0.0, 1.0]
            ]
        },
        {
            "name": "Knee_R",
            "time": [0.0, 0.3, 0.45, 0.5333, 0.8, 0.9833, 1.55],
            "transform": [
                [1.0, 0.0, -0.0, -0.000179, -0.0, 1e-06, -1.0, 0.436391, -0.0, 1.0, 1e-06, -0.000613, 0.0, 0.0, 0.0, 1.0],
                [1.0, 0.0, -0.0, 0.0, -0.0, 0.344124, -0.938924, 0.37472, -0.0, 0.938924, 0.344124, 0.0, 0.0, 0.0, 0.0, 1.0],
                [1.0, 0.0, -0.0, -0.0, -0.0, 0.389597, -0.920985, 0.37472, -0.0, 0.920985, 0.389597, 0.0, 0.0, 0.0, 0.0, 1.0],
                [1.0, 0.0, -0.0, -0.0, -0.0, 0.389597, -0.920985, 0.37472, -0.0, 0.920985, 0.389597, 0.0, 0.0, 0.0, 0.0, 1.0],
                [1.0, 0.0, -0.0, -0.0, -0.0, 0.389597, -0.920985, 0.37472, -0.0, 0.920985, 0.389597, -0.0, 0.0, 0.0, 0.0, 1.0],
                [1.0, 0.0, -0.0, -0.0, -0.0, 0.389597, -0.920985, 0.37472, -0.0, 0.920985, 0.389597, -0.0, 0.0, 0.0, 0.0, 1.0],
                [1.0, 0.0, -0.0, 0.0, -0.0, 1e-06, -1.0, 0.37472, -0.0, 1.0, 1e-06, -0.0, 0.0, 0.0, 0.0, 1.0]
            ]
        },
        {
            "name": "Thigh_L",
            "time": [0.0, 0.3, 0.45, 0.5333, 0.8, 0.9833, 1.55],
            "transform": [
                [0.99823, -0.059461, 1.6e-05, -0.125006, -0.058379, -0.980129, -0.189574, -0.002831, 0.011287, 0.189238, -0.981866, -1.2e-05, 0.0, 0.0, 0.0, 1.0],
                [0.801339, -0.497423, -0.332301, -0.125006, -0.088457, -0.647917, 0.756557, -0.002831, -0.591633, -0.576865, -0.563203, -1.2e-05, 0.0, 0.0, 0.0, 1.0],
                [0.817022, -0.516146, -0.257036, -0.125006, -0.097316, -0.562814, 0.820835, -0.002831, -0.568334, -0.645627, -0.510061, -1.2e-05, 0.0, 0.0, 0.0, 1.0],
                [0.817893, -0.550715, -0.166622, -0.125006, -0.098075, -0.418794, 0.902769, -0.002831, -0.566948, -0.722028, -0.396541, -1.2e-05, 0.0, 0.0, 0.0, 1.0],
                [0.815051, -0.57874, -0.02739, -0.125006, -0.146117, -0.251067, 0.956877, -0.002831, -0.56066, -0.775903, -0.289197, -1.2e-05, 0.0, 0.0, 0.0, 1.0],
                [0.815051, -0.57874, -0.02739, -0.125006, -0.146117, -0.251067, 0.956877, -0.002831, -0.56066, -0.775903, -0.289197, -1.2e-05, 0.0, 0.0, 0.0, 1.0],
                [0.659168, -0.135791, -0.739633, -0.125006, -0.117516, -0.990078, 0.077038, -0.002831, -0.742756, 0.036138, -0.668586, -1.2e-05, 0.0, 0.0, 0.0, 1.0]
            ]
        },
        {
            "name": "Leg_L",
            "time": [0.0, 0.3, 0.45, 0.5333, 0.8, 0.9833, 1.55],
            "transform": [
                [1.0, -0.0, 1e-06, 0.0, 0.0, 0.999948, 0.010137, 0.37472, -1e-06, -0.010137, 0.999949, -0.0, 0.0, 0.0, 0.0, 1.0],
                [0.999989, -0.003011, -0.003583, 0.0, 0.003797, 0.969588, 0.244713, 0.37472, 0.002738, -0.244724, 0.969589, 0.0, 0.0, 0.0, 0.0, 1.0],
                [0.999989, -0.000741, -0.0046, -0.0, 0.003782, 0.705771, 0.70843, 0.37472, 0.002722, -0.708439, 0.705767, -0.0, 0.0, 0.0, 0.0, 1.0],
                [0.999989, 0.000307, -0.004649, -0.0, 0.003781, 0.529523, 0.848288, 0.37472, 0.002722, -0.848295, 0.529516, 0.0, 0.0, 0.0, 0.0, 1.0],
                [0.999989, 0.000474, -0.004635, 0.0, 0.003782, 0.498522, 0.866869, 0.37472, 0.002722, -0.866876, 0.498515, -0.0, 0.0, 0.0, 0.0, 1.0],
                [0.999989, 0.000474, -0.004635, 0.0, 0.003782, 0.498522, 0.866869, 0.37472, 0.002722, -0.866876, 0.498515, -0.0, 0.0, 0.0, 0.0, 1.0],
                [0.999989, -0.003452, -0.00313, 0.0, 0.003782, 0.993653, 0.112423, 0.37472, 0.002723, -0.112434, 0.993656, -0.0, 0.0, 0.0, 0.0, 1.0]
            ]
        },
        {
            "name": "Knee_L",
            "time": [0.0, 0.3, 0.45, 0.5333, 0.8, 0.9833, 1.55],
            "transform": [
                [1.0, 0.0, -0.0, 0.0, -0.0, 1e-06, -1.0, 0.37472, -0.0, 1.0, 1e-06, -0.0, 0.0, 0.0, 0.0, 1.0],
                [1.0, 0.0, -0.0, 0.0, -0.0, 1e-06, -1.0, 0.37472, -0.0, 1.0, 1e-06, 0.0, 0.0, 0.0, 0.0, 1.0],
                [1.0, 0.0, -0.0, -0.0, -0.0, 1e-06, -1.0, 0.37472, -0.0, 1.0, 1e-06, -0.0, 0.0, 0.0, 0.0, 1.0],
                [1.0, 0.0, -0.0, -0.0, -0.0, 1e-06, -1.0, 0.37472, -0.0, 1.0, 1e-06, 0.0, 0.0, 0.0, 0.0, 1.0],
                [1.0, 0.0, -0.0, 0.0, -0.0, 1e-06, -1.0, 0.37472, -0.0, 1.0, 1e-06, -0.0, 0.0, 0.0, 0.0, 1.0],
                [1.0, 0.0, -0.0, 0.0, -0.0, 1e-06, -1.0, 0.37472, -0.0, 1.0, 1e-06, -0.0, 0.0, 0.0, 0.0, 1.0],
                [1.0, 0.0, -0.0, 0.0, -0.0, 1e-06, -1.0, 0.37472, -0.0, 1.0, 1e-06, -0.0, 0.0, 0.0, 0.0, 1.0]
            ]
        },
        {
            "name": "Torso",
            "time": [0.0, 0.3, 0.45, 0.5333, 0.8, 0.9833, 1.55],
            "transform": [
                [1.0, 0.0, 0.0, 0.0, 0.0, 0.929943, 0.367703, 0.05, 0.0, -0.367703, 0.929943, 0.0, 0.0, 0.0, 0.0, 1.0],
                [0.900672, 0.222188, -0.373393, -0.0, -0.175477, 0.97217, 0.155218, 0.05, 0.397489, -0.074279, 0.914596, 0.0, 0.0, 0.0, 0.0, 1.0],
                [0.871246, 0.256266, -0.418639, -0.0, -0.197224, 0.963782, 0.17952, 0.05, 0.449482, -0.07384, 0.890232, -0.0, 0.0, 0.0, 0.0, 1.0],
                [0.991007, -0.011784, -0.133289, 0.0, 0.050643, 0.955046, 0.292101, 0.05, 0.123855, -0.296225, 0.947054, -0.0, 0.0, 0.0, 0.0, 1.0],
                [0.991203, -0.128755, -0.030639, 0.0, 0.131362, 0.928837, 0.346418, 0.05, -0.016144, -0.347395, 0.93758, 0.0, 0.0, 0.0, 0.0, 1.0],
                [0.991203, -0.128755, -0.030639, 0.0, 0.131362, 0.928837, 0.346418, 0.05, -0.016144, -0.347395, 0.93758, 0.0, 0.0, 0.0, 0.0, 1.0],
                [0.99978, -0.020971, -0.000197, 0.0, 0.020971, 0.999603, 0.018833, 0.05, -0.000198, -0.018833, 0.999823, 0.0, 0.0, 0.0, 0.0, 1.0]
            ]
        },
        {
            "name": "Chest",
            "time": [0.0, 0.3, 0.45, 0.5333, 0.8, 0.9833, 1.55],
            "transform": [
                [0.73789, 0.061845, -0.672081, 0.0, -0.017717, 0.997225, 0.072313, 0.3, 0.674688, -0.041452, 0.736938, 0.0, 0.0, 0.0, 0.0, 1.0],
                [0.724656, -0.074932, -0.685024, -0.0, 0.169409, 0.982935, 0.071691, 0.3, 0.667962, -0.168, 0.724984, -0.0, 0.0, 0.0, 0.0, 1.0],
                [0.458432, -0.067484, -0.886164, -0.0, 0.210085, 0.977082, 0.034274, 0.3, 0.863542, -0.201882, 0.462103, 0.0, 0.0, 0.0, 0.0, 1.0],
                [0.816287, 0.097279, -0.569396, 0.0, -0.016329, 0.98921, 0.145593, 0.3, 0.577415, -0.109548, 0.809068, -0.0, 0.0, 0.0, 0.0, 1.0],
                [0.899034, 0.113465, -0.422924, -0.0, -0.04554, 0.984835, 0.167412, 0.3, 0.435505, -0.131249, 0.890567, -0.0, 0.0, 0.0, 0.0, 1.0],
                [0.899034, 0.113465, -0.422924, -0.0, -0.04554, 0.984835, 0.167412, 0.3, 0.435505, -0.131249, 0.890567, -0.0, 0.0, 0.0, 0.0, 1.0],
                [0.999771, -0.021404, 0.000595, 0.0, 0.021411, 0.999605, -0.01819, 0.3, -0.000206, 0.018199, 0.999834, 0.0, 0.0, 0.0, 0.0, 1.0]
            ]
        },
        {
            "name": "Head",
            "time": [0.0, 0.3, 0.45, 0.5333, 0.8, 0.9833, 1.55],
            "transform": [
                [0.763496, 0.0, 0.645813, 0.0, 0.121261, 0.982214, -0.143358, 0.4, -0.634326, 0.187765, 0.749916, 0.0, 0.0, 0.0, 0.0, 1.0],
                [-0.179115, 0.012325, 0.983751, 0.0, 0.010163, 0.999891, -0.010677, 0.4, -0.983776, 0.008086, -0.17922, -0.0, 0.0, 0.0, 0.0, 1.0],
                [-0.335433, 0.012325, 0.941983, -0.0, 0.011752, 0.999891, -0.008898, 0.4, -0.941991, 0.008086, -0.335542, -0.0, 0.0, 0.0, 0.0, 1.0],
                [-0.016409, 0.012325, 0.999789, 0.0, 0.008287, 0.999891, -0.01219, 0.4, -0.999831, 0.008086, -0.016509, -0.0, 0.0, 0.0, 0.0, 1.0],
                [0.106545, 0.012325, 0.994231, 0.0, 0.006727, 0.999891, -0.013116, 0.4, -0.994285, 0.008086, 0.106451, -0.0, 0.0, 0.0, 0.0, 1.0],
                [0.106545, 0.012325, 0.994231, 0.0, 0.006727, 0.999891, -0.013116, 0.4, -0.994285, 0.008086, 0.106451, -0.0, 0.0, 0.0, 0.0, 1.0],
                [0.85311, 0.012325, 0.521585, -0.0, -0.006297, 0.999891, -0.013328, 0.4, -0.521692, 0.008086, 0.853095, -0.0, 0.0, 0.0, 0.0, 1.0]
            ]
        },
        {
            "name": "Shoulder_R",
            "time": [0.0, 0.3, 0.45, 0.5333, 0.8, 0.9833, 1.55],
            "transform": [
                [-0.009591, 0.956185, 0.292606, 0.0, -0.011136, -0.292704, 0.956138, 0.4, 0.999892, 0.005912, 0.013456, 0.0, 0.0, 0.0, 0.0, 1.0],
                [0.585891, 0.76763, 0.259762, 0.0, -0.059944, -0.27861, 0.958532, 0.4, 0.80817, -0.577166, -0.11722, -0.0, 0.0, 0.0, 0.0, 1.0],
                [0.678496, 0.687143, 0.259762, -0.0, -0.094788, -0.26876, 0.958532, 0.4, 0.728462, -0.674983, -0.11722, -0.0, 0.0, 0.0, 0.0, 1.0],
                [0.678496, 0.687143, 0.259762, 0.0, -0.094788, -0.26876, 0.958532, 0.4, 0.728462, -0.674982, -0.11722, -0.0, 0.0, 0.0, 0.0, 1.0],
                [0.678496, 0.687143, 0.259762, 0.0, -0.094787, -0.26876, 0.958532, 0.4, 0.728462, -0.674983, -0.11722, -0.0, 0.0, 0.0, 0.0, 1.0],
                [0.678496, 0.687143, 0.259762, 0.0, -0.094787, -0.26876, 0.958532, 0.4, 0.728462, -0.674983, -0.11722, -0.0, 0.0, 0.0, 0.0, 1.0],
                [-0.276631, 0.925202, 0.259762, -0.0, 0.190162, -0.212262, 0.958532, 0.4, 0.941973, 0.314557, -0.11722, -0.0, 0.0, 0.0, 0.0, 1.0]
            ]
        },
        {
            "name": "Arm_R",
            "time": [0.0, 0.3, 0.45, 0.5333, 0.8, 0.9833, 1.55],
            "transform": [
                [-0.599184, -0.092062, -0.795301, 0.0, 0.521659, 0.708658, -0.475054, 0.39386, 0.60733, -0.699521, -0.376591, -0.0, 0.0, 0.0, 0.0, 1.0],
                [-0.034008, -0.907336, -0.419028, 0.0, -0.196213, 0.417172, -0.887394, 0.39386, 0.979971, 0.05204, -0.192218, 0.0, 0.0, 0.0, 0.0, 1.0],
                [0.042654, -0.952954, -0.300098, 0.0, -0.39584, 0.259671, -0.880841, 0.39386, 0.917328, 0.156362, -0.366142, -0.0, 0.0, 0.0, 0.0, 1.0],
                [0.140818, -0.832042, -0.536542, -0.0, -0.278142, 0.486867, -0.828008, 0.39386, 0.950162, 0.265833, -0.162866, 0.0, 0.0, 0.0, 0.0, 1.0],
                [0.180486, -0.850886, -0.493375, 0.0, -0.227299, 0.451952, -0.862597, 0.39386, 0.956954, 0.26783, -0.111835, 0.0, 0.0, 0.0, 0.0, 1.0],
                [0.180486, -0.850886, -0.493375, 0.0, -0.227299, 0.451952, -0.862597, 0.39386, 0.956954, 0.26783, -0.111835, 0.0, 0.0, 0.0, 0.0, 1.0],
                [0.844974, 0.195057, -0.497967, 0.0, 0.520149, -0.083231, 0.85001, 0.39386, 0.124354, -0.977254, -0.171787, 0.0, 0.0, 0.0, 0.0, 1.0]
            ]
        },
        {
            "name": "Hand_R",
            "time": [0.0, 0.3, 0.45, 0.5333, 0.8, 0.9833, 1.55],
            "transform": [
                [0.999972, 0.004313, 0.006061, 0.0, -0.002699, 0.969591, -0.244715, 0.3, -0.006933, 0.244691, 0.969576, 0.0, 0.0, 0.0, 0.0, 1.0],
                [0.999998, -0.000531, 0.001744, -0.0, 0.000868, 0.97999, -0.199048, 0.3, -0.001603, 0.199049, 0.979988, -0.0, 0.0, 0.0, 0.0, 1.0],
                [0.999998, -0.000485, 0.001757, 0.0, 0.000868, 0.974411, -0.224774, 0.3, -0.001603, 0.224775, 0.974409, 0.0, 0.0, 0.0, 0.0, 1.0],
                [0.999998, 0.000877, 0.001598, 0.0, 0.000868, 0.541931, -0.840423, 0.3, -0.001603, 0.840423, 0.541929, 0.0, 0.0, 0.0, 0.0, 1.0],
                [0.999998, 0.001283, 0.001295, 0.0, 0.000868, 0.289827, -0.957079, 0.3, -0.001603, 0.957078, 0.289825, -0.0, 0.0, 0.0, 0.0, 1.0],
                [0.999998, 0.001283, 0.001295, 0.0, 0.000868, 0.289827, -0.957079, 0.3, -0.001603, 0.957078, 0.289825, -0.0, 0.0, 0.0, 0.0, 1.0],
                [0.999998, -0.000848, 0.001614, -0.0, 0.000868, 0.999919, -0.012686, 0.3, -0.001603, 0.012688, 0.999918, 0.0, 0.0, 0.0, 0.0, 1.0]
            ]
        },
        {
            "name": "Tool_R",
            "time": [0.0, 0.1, 0.3, 0.45, 0.5333, 0.8, 0.9833, 1.55],
            "transform": [
                [-0.991876, -0.014452, -0.122689, -0.012011, 0.076031, -0.841353, -0.480768, 0.176272, -0.101927, -0.486391, 0.834294, 0.436603, 0.0, 0.0, 0.0, 1.0],
                [0.744758, -0.043462, -0.646605, 0.010666, 0.567232, 0.552157, 0.579101, 0.352578, 0.351343, -0.798374, 0.435195, 0.160885, 0.0, 0.0, 0.0, 1.0],
                [0.305261, 0.905056, -0.194109, 0.042037, 0.936608, -0.248502, 0.232693, 0.264515, 0.171903, -0.252939, -0.922081, 0.344128, 0.0, 0.0, 0.0, 1.0],
                [0.341001, 0.908264, 0.100446, 0.041834, 0.77132, -0.331468, 0.521873, 0.263459, 0.537077, -0.100527, -0.812304, 0.353316, 0.0, 0.0, 0.0, 1.0],
                [0.37044, 0.900552, 0.065271, -0.016255, 0.582043, -0.170235, -0.771142, 0.482243, -0.723445, 0.323778, -0.586304, 0.214416, 0.0, 0.0, 0.0, 1.0],
                [0.359706, 0.905878, 0.045281, -0.03824, 0.052561, 0.028827, -0.969348, 0.565296, -0.931032, 0.351199, -0.037196, 0.161687, 0.0, 0.0, 0.0, 1.0],
                [0.359706, 0.905878, 0.045281, -0.03824, 0.052561, 0.028827, -0.969348, 0.565296, -0.931032, 0.351199, -0.037196, 0.161687, 0.0, 0.0, 0.0, 1.0],
                [0.995182, 0.015962, -0.093876, 0.047346, 0.051843, 0.727781, 0.641806, 0.292138, 0.083177, -0.643825, 0.722313, 0.103695, 0.0, 0.0, 0.0, 1.0]
            ]
        },
        {
            "name": "Elbow_R",
            "time": [0.0, 0.3, 0.45, 0.5333, 0.8, 0.9833, 1.55],
            "transform": [
                [-1.0, 0.0, -0.0, -0.0, 0.0, 0.0, -1.0, 0.321641, -0.0, -1.0, 0.0, 0.0, 0.0, 0.0, 0.0, 1.0],
                [-1.0, 0.0, -0.0, -0.0, 0.0, -0.311056, -0.950392, 0.429832, -0.0, -0.950392, 0.311056, 0.0, 0.0, 0.0, 0.0, 1.0],
                [-1.0, 0.0, -0.0, 0.0, 0.0, -0.352615, -0.935768, 0.429832, -0.0, -0.935768, 0.352615, -0.0, 0.0, 0.0, 0.0, 1.0],
                [-1.0, 0.0, -0.0, 0.0, 0.0, -0.352615, -0.935768, 0.429832, -0.0, -0.935768, 0.352615, 0.0, 0.0, 0.0, 0.0, 1.0],
                [-1.0, 0.0, -0.0, 0.0, 0.0, -0.352615, -0.935768, 0.429832, -0.0, -0.935768, 0.352615, -0.0, 0.0, 0.0, 0.0, 1.0],
                [-1.0, 0.0, -0.0, 0.0, 0.0, -0.352615, -0.935768, 0.429832, -0.0, -0.935768, 0.352615, -0.0, 0.0, 0.0, 0.0, 1.0],
                [-1.0, 0.0, -0.0, -0.0, 0.0, -0.0, -1.0, 0.429832, -0.0, -1.0, 0.0, 0.0, 0.0, 0.0, 0.0, 1.0]
            ]
        },
        {
            "name": "Shoulder_L",
            "time": [0.0, 0.3, 0.45, 0.5333, 0.8, 0.9833, 1.55],
            "transform": [
                [0.397672, -0.917439, -0.012781, 0.0, -0.049282, -0.035268, 0.998162, 0.4, -0.916203, -0.396311, -0.059238, 0.0, 0.0, 0.0, 0.0, 1.0],
                [-0.323828, -0.848966, -0.417602, 0.0, -0.06834, -0.419244, 0.905298, 0.4, -0.943645, 0.3217, 0.077744, -0.0, 0.0, 0.0, 0.0, 1.0],
                [-0.29719, -0.858654, -0.417602, -0.0, -0.055231, -0.421172, 0.905298, 0.4, -0.95322, 0.29211, 0.077744, -0.0, 0.0, 0.0, 0.0, 1.0],
                [-0.044812, -0.978761, -0.200046, 0.0, 0.07748, -0.203049, 0.976098, 0.4, -0.995986, 0.028241, 0.084933, -0.0, 0.0, 0.0, 0.0, 1.0],
                [0.049863, -0.992039, -0.115639, 0.0, 0.108265, -0.109732, 0.988047, 0.4, -0.992871, -0.061786, 0.101932, -0.0, 0.0, 0.0, 0.0, 1.0],
                [0.049863, -0.992039, -0.115639, 0.0, 0.108265, -0.109732, 0.988047, 0.4, -0.992871, -0.061786, 0.101932, -0.0, 0.0, 0.0, 0.0, 1.0],
                [-0.503935, -0.756081, -0.417602, -0.0, -0.15956, -0.39367, 0.905298, 0.4, -0.848876, 0.522844, 0.077744, -0.0, 0.0, 0.0, 0.0, 1.0]
            ]
        },
        {
            "name": "Arm_L",
            "time": [0.0, 0.3, 0.45, 0.5333, 0.8, 0.9833, 1.55],
            "transform": [
                [-0.326147, 0.902239, 0.282121, 0.0, 0.473355, 0.414201, -0.777414, 0.39386, -0.818269, -0.120007, -0.56217, -0.0, 0.0, 0.0, 0.0, 1.0],
                [-0.214828, 0.788436, 0.576384, -0.0, -0.329657, -0.614066, 0.717112, 0.39386, 0.919334, -0.035953, 0.391832, 0.0, 0.0, 0.0, 0.0, 1.0],
                [-0.340225, 0.638187, 0.690626, 0.0, -0.403235, -0.762501, 0.505958, 0.39386, 0.849499, -0.106345, 0.516761, -0.0, 0.0, 0.0, 0.0, 1.0],
                [-0.174037, 0.98251, -0.066211, 0.0, -0.349624, 0.001206, 0.936889, 0.39386, 0.920584, 0.186203, 0.343299, -0.0, 0.0, 0.0, 0.0, 1.0],
                [-0.12717, 0.842716, -0.523124, -0.0, -0.276493, 0.476382, 0.834633, 0.39386, 0.952564, 0.250781, 0.172424, -0.0, 0.0, 0.0, 0.0, 1.0],
                [-0.12717, 0.842716, -0.523124, -0.0, -0.276493, 0.476382, 0.834633, 0.39386, 0.952564, 0.250781, 0.172424, -0.0, 0.0, 0.0, 0.0, 1.0],
                [-0.846677, -0.311692, -0.431262, 0.0, 0.425666, 0.08958, -0.900435, 0.393861, 0.319291, -0.945951, 0.056831, 0.0, 0.0, 0.0, 0.0, 1.0]
            ]
        },
        {
            "name": "Hand_L",
            "time": [0.0, 0.3, 0.45, 0.5333, 0.8, 0.9833, 1.55],
            "transform": [
                [0.999304, -0.034053, 0.015212, 0.0, 0.037296, 0.914321, -0.403269, 0.3, -0.000176, 0.403556, 0.914955, 0.0, 0.0, 0.0, 0.0, 1.0],
                [0.999529, -0.030685, 0.000449, 0.0, 0.018859, 0.602632, -0.797797, 0.3, 0.02421, 0.79743, 0.602927, 0.0, 0.0, 0.0, 0.0, 1.0],
                [0.999417, -0.034022, 0.003016, 0.0, 0.019618, 0.499501, -0.866092, 0.3, 0.02796, 0.865645, 0.499877, 0.0, 0.0, 0.0, 0.0, 1.0],
                [0.999408, -0.029394, -0.017902, 0.0, 0.019562, 0.913116, -0.40723, 0.3, 0.028317, 0.406639, 0.91315, -0.0, 0.0, 0.0, 0.0, 1.0],
                [0.999417, -0.024405, -0.023895, 0.0, 0.019618, 0.982857, -0.183323, 0.3, 0.02796, 0.182747, 0.982762, -0.0, 0.0, 0.0, 0.0, 1.0],
                [0.999417, -0.024405, -0.023895, 0.0, 0.019618, 0.982857, -0.183323, 0.3, 0.02796, 0.182747, 0.982762, -0.0, 0.0, 0.0, 0.0, 1.0],
                [0.999993, -0.000981, -0.003668, 0.0, 0.000938, 0.999931, -0.011754, 0.3, 0.003679, 0.011751, 0.999924, -0.0, 0.0, 0.0, 0.0, 1.0]
            ]
        },
        {
            "name": "Tool_L",
            "time": [0.0, 0.3, 0.45, 0.5333, 0.8, 0.9833, 1.55],
            "transform": [
                [1.0, 0.0, 0.0, -0.0, 0.0, -0.999836, 0.018122, 0.272858, 0.0, -0.018122, -0.999247, 0.0, 0.0, 0.0, 0.0, 1.0],
                [0.997004, 0.01104, -0.076554, -0.0, -0.036659, -0.804079, -0.593391, 0.272858, -0.068067, 0.594062, -0.8008, -0.0, 0.0, 0.0, 0.0, 1.0],
                [0.997004, 0.01104, -0.076554, -0.0, -0.036659, -0.804079, -0.593391, 0.272858, -0.068067, 0.594062, -0.8008, -0.0, 0.0, 0.0, 0.0, 1.0],
                [0.997004, 0.01104, -0.076554, 0.0, -0.036659, -0.804079, -0.593391, 0.272858, -0.068067, 0.594062, -0.8008, -0.0, 0.0, 0.0, 0.0, 1.0],
                [0.997004, 0.01104, -0.076554, 0.0, -0.036659, -0.804079, -0.593391, 0.272858, -0.068067, 0.594062, -0.8008, -0.0, 0.0, 0.0, 0.0, 1.0],
                [0.997004, 0.01104, -0.076554, 0.0, -0.036659, -0.804079, -0.593391, 0.272858, -0.068067, 0.594062, -0.8008, -0.0, 0.0, 0.0, 0.0, 1.0],
                [0.997004, 0.01104, -0.076554, -0.0, -0.036659, -0.804079, -0.593391, 0.272858, -0.068067, 0.594062, -0.8008, -0.0, 0.0, 0.0, 0.0, 1.0]
            ]
        },
        {
            "name": "Elbow_L",
            "time": [0.0, 0.3, 0.45, 0.5333, 0.8, 0.9833, 1.55],
            "transform": [
                [-1.0, 0.0, -0.0, -0.001499, -0.0, 0.0, -1.0, 0.343808, -0.0, -1.0, -0.0, 0.003656, 0.0, 0.0, 0.0, 1.0],
                [-1.0, 0.0, -0.0, 2.7e-05, 0.0, -0.086477, -0.996254, 0.361479, -0.0, -0.996254, 0.086477, 0.000866, 0.0, 0.0, 0.0, 1.0],
                [-1.0, 0.0, -0.0, 2.7e-05, 0.0, -0.098535, -0.995134, 0.35663, -0.0, -0.995134, 0.098535, 0.001284, 0.0, 0.0, 0.0, 1.0],
                [-1.0, 0.0, -0.0, 2.7e-05, 0.0, -0.098535, -0.995134, 0.356629, -0.0, -0.995134, 0.098535, 0.001284, 0.0, 0.0, 0.0, 1.0],
                [-1.0, 0.0, -0.0, 2.7e-05, 0.0, -0.098535, -0.995134, 0.356629, -0.0, -0.995134, 0.098535, 0.001284, 0.0, 0.0, 0.0, 1.0],
                [-1.0, 0.0, -0.0, 2.7e-05, 0.0, -0.098535, -0.995134, 0.356629, -0.0, -0.995134, 0.098535, 0.001284, 0.0, 0.0, 0.0, 1.0],
                [-1.0, 0.0, 0.0, 2.7e-05, 0.0, -0.0, -1.0, 0.396148, -0.0, -1.0, -0.0, -0.002121, 0.0, 0.0, 0.0, 1.0]
            ]
        }
    ]
}