{
    "animation": [
        {
            "name": "Root",
            "time": [0.0, 0.1667, 0.3333, 0.5833, 1.1],
            "transform": [
                [0.854339, 0.028643, -0.518927, -5e-06, -0.51914, 0.0, -0.854689, 0.000946, -0.024481, 0.99959, 0.01487, 0.753683, 0.0, 0.0, 0.0, 1.0],
                [0.76077, 0.019245, -0.648736, 0.015976, -0.648452, -0.019333, -0.76101, -0.187304, -0.027187, 0.999628, -0.002228, 0.700001, 0.0, 0.0, 0.0, 1.0],
                [0.76077, 0.019245, -0.648736, 0.015976, -0.648452, -0.019333, -0.76101, -0.187304, -0.027187, 0.999628, -0.002228, 0.700001, 0.0, 0.0, 0.0, 1.0],
                [0.76077, 0.019245, -0.648736, 0.020458, -0.648452, -0.019333, -0.76101, -0.252321, -0.027187, 0.999628, -0.002228, 0.681905, 0.0, 0.0, 0.0, 1.0],
                [0.854689, 0.0, -0.51914, -0.007616, -0.51914, 0.0, -0.854689, 0.001678, 0.0, 1.0, 0.0, 0.764267, 0.0, 0.0, 0.0, 1.0]
            ]
        },
        {
            "name": "Thigh_R",
            "time": [0.0, 0.1667, 0.3333, 0.5833, 1.1],
            "transform": [
                [0.992811, 0.11785, -0.020883, 0.124994, 0.118536, -0.992318, 0.035348, -0.002831, -0.016557, -0.037569, -0.999157, -1.2e-05, 0.0, 0.0, 0.0, 1.0],
                [0.858972, 0.429933, 0.278071, 0.154387, 0.454197, -0.890515, -0.026176, 0.000394, 0.236372, 0.148784, -0.960204, 0.020055, 0.0, 0.0, 0.0, 1.0],
                [0.858972, 0.429933, 0.278071, 0.154387, 0.454197, -0.890515, -0.026176, 0.000394, 0.236372, 0.148784, -0.960204, 0.020055, 0.0, 0.0, 0.0, 1.0],
                [0.830271, 0.465346, 0.306759, 0.174116, 0.506528, -0.859619, -0.06694, 0.00336, 0.232545, 0.21096, -0.949431, 0.046121, 0.0, 0.0, 0.0, 1.0],
                [0.992811, 0.11785, -0.020883, 0.124994, 0.118536, -0.992318, 0.035348, -0.002831, -0.016557, -0.037569, -0.999157, -1.2e-05, 0.0, 0.0, 0.0, 1.0]
            ]
        },
        {
            "name": "Leg_R",
            "time": [0.0, 0.1667, 0.3333, 0.5833, 1.1],
            "transform": [
                [1.0, -0.0, 1e-06, 0.0, 0.0, 0.997612, 0.069073, 0.37472, -1e-06, -0.069073, 0.997611, 0.0, 0.0, 0.0, 0.0, 1.0],
                [1.0, -0.0, 1e-06, -0.0, 0.0, 0.934947, 0.354788, 0.37472, -1e-06, -0.354789, 0.934946, 0.0, 0.0, 0.0, 0.0, 1.0],
                [1.0, -0.0, 1e-06, -0.0, 0.0, 0.934947, 0.354788, 0.37472, -1e-06, -0.354789, 0.934946, 0.0, 0.0, 0.0, 0.0, 1.0],
                [1.0, -0.0, 1e-06, 0.0, 0.0, 0.934947, 0.354788, 0.37472, -1e-06, -0.354789, 0.934946, -0.0, 0.0, 0.0, 0.0, 1.0],
                [1.0, -0.0, 1e-06, 0.0, 0.0, 0.997612, 0.069073, 0.37472, -1e-06, -0.069073, 0.997611, -0.0, 0.0, 0.0, 0.0, 1.0]
            ]
        },
        {
            "name": "Knee_R",
            "time": [0.0, 0.1667, 0.3333, 0.5833, 1.1],
            "transform": [
                [1.0, 0.0, -0.0, 0.0, -0.0, 1e-06, -1.0, 0.37472, -0.0, 1.0, 1e-06, 0.0, 0.0, 0.0, 0.0, 1.0],
                [1.0, 0.0, -0.0, -0.0, -0.0, 1e-06, -1.0, 0.37472, -0.0, 1.0, 1e-06, 0.0, 0.0, 0.0, 0.0, 1.0],
                [1.0, 0.0, -0.0, -0.0, -0.0, 1e-06, -1.0, 0.37472, -0.0, 1.0, 1e-06, 0.0, 0.0, 0.0, 0.0, 1.0],
                [1.0, 0.0, -0.0, 0.0, -0.0, 1e-06, -1.0, 0.37472, -0.0, 1.0, 1e-06, -0.0, 0.0, 0.0, 0.0, 1.0],
                [1.0, 0.0, -0.0, 0.0, -0.0, 1e-06, -1.0, 0.37472, -0.0, 1.0, 1e-06, -0.0, 0.0, 0.0, 0.0, 1.0]
            ]
        },
        {
            "name": "Thigh_L",
            "time": [0.0, 0.1667, 0.3333, 0.5833, 1.1],
            "transform": [
                [0.869242, -0.120567, -0.479458, -0.125006, -0.021407, -0.978077, 0.207141, -0.002831, -0.493921, -0.169792, -0.852767, -1.2e-05, 0.0, 0.0, 0.0, 1.0],
                [0.869242, -0.291863, -0.39904, -0.143289, -0.021407, -0.828607, 0.559421, -0.002795, -0.493921, -0.477731, -0.726508, -0.032504, 0.0, 0.0, 0.0, 1.0],
                [0.869242, -0.291863, -0.39904, -0.143289, -0.021407, -0.828607, 0.559421, -0.002795, -0.493921, -0.477731, -0.726508, -0.032504, 0.0, 0.0, 0.0, 1.0],
                [0.845964, -0.367611, -0.386271, -0.143289, -0.036999, -0.763107, 0.645212, -0.002795, -0.531953, -0.531535, -0.659163, -0.032505, 0.0, 0.0, 0.0, 1.0],
                [0.659168, -0.135791, -0.739633, -0.125006, -0.117516, -0.990078, 0.077038, -0.002831, -0.742756, 0.036138, -0.668586, -1.2e-05, 0.0, 0.0, 0.0, 1.0]
            ]
        },
        {
            "name": "Leg_L",
            "time": [0.0, 0.1667, 0.3333, 0.5833, 1.1],
            "transform": [
                [0.998576, 0.053235, -0.003397, 0.0, -0.051599, 0.980122, 0.191569, 0.37472, 0.013527, -0.191121, 0.981474, -0.0, 0.0, 0.0, 0.0, 1.0],
                [0.998576, 0.048926, 0.021254, -0.0, -0.051599, 0.784909, 0.617458, 0.37472, 0.013527, -0.617675, 0.786317, -0.0, 0.0, 0.0, 0.0, 1.0],
                [0.998576, 0.048926, 0.021254, -0.0, -0.051599, 0.784909, 0.617458, 0.37472, 0.013527, -0.617675, 0.786317, -0.0, 0.0, 0.0, 0.0, 1.0],
                [0.998576, 0.048926, 0.021254, -0.0, -0.051599, 0.784909, 0.617458, 0.37472, 0.013527, -0.617676, 0.786317, -0.0, 0.0, 0.0, 0.0, 1.0],
                [0.999989, -0.003452, -0.00313, 0.0, 0.003782, 0.993653, 0.112423, 0.37472, 0.002723, -0.112434, 0.993656, -0.0, 0.0, 0.0, 0.0, 1.0]
            ]
        },
        {
            "name": "Knee_L",
            "time": [0.0, 0.1667, 0.3333, 0.5833, 1.1],
            "transform": [
                [1.0, 0.0, -0.0, 0.0, -0.0, 1e-06, -1.0, 0.37472, -0.0, 1.0, 1e-06, -0.0, 0.0, 0.0, 0.0, 1.0],
                [1.0, 0.0, -0.0, -0.0, -0.0, 1e-06, -1.0, 0.37472, -0.0, 1.0, 1e-06, -0.0, 0.0, 0.0, 0.0, 1.0],
                [1.0, 0.0, -0.0, -0.0, -0.0, 1e-06, -1.0, 0.37472, -0.0, 1.0, 1e-06, -0.0, 0.0, 0.0, 0.0, 1.0],
                [1.0, 0.0, -0.0, -0.0, -0.0, 1e-06, -1.0, 0.37472, -0.0, 1.0, 1e-06, -0.0, 0.0, 0.0, 0.0, 1.0],
                [1.0, 0.0, -0.0, 0.0, -0.0, 1e-06, -1.0, 0.37472, -0.0, 1.0, 1e-06, -0.0, 0.0, 0.0, 0.0, 1.0]
            ]
        },
        {
            "name": "Torso",
            "time": [0.0, 0.1667, 0.3333, 0.5833, 1.1],
            "transform": [
                [0.999042, -0.043673, -0.002705, 0.0, 0.04367, 0.999045, -0.001423, 0.05, 0.002765, 0.001304, 0.999995, -0.0, 0.0, 0.0, 0.0, 1.0],
                [0.999042, -0.043673, -0.002706, 0.0, 0.04367, 0.999045, -0.001423, 0.05, 0.002765, 0.001304, 0.999995, 0.0, 0.0, 0.0, 0.0, 1.0],
                [0.999042, -0.043673, -0.002706, 0.0, 0.04367, 0.999045, -0.001423, 0.05, 0.002765, 0.001304, 0.999995, 0.0, 0.0, 0.0, 0.0, 1.0],
                [0.999042, -0.043673, -0.002706, -0.0, 0.04367, 0.999045, -0.001423, 0.05, 0.002765, 0.001304, 0.999995, -0.0, 0.0, 0.0, 0.0, 1.0],
                [0.99978, -0.020971, -0.000197, 0.0, 0.020971, 0.999603, 0.018833, 0.05, -0.000198, -0.018833, 0.999823, 0.0, 0.0, 0.0, 0.0, 1.0]
            ]
        },
        {
            "name": "Chest",
            "time": [0.0, 0.1667, 0.3333, 0.5833, 1.1],
            "transform": [
                [0.999771, -0.021316, -0.002029, 0.0, 0.021411, 0.994316, 0.104295, 0.3, -0.000206, -0.104315, 0.994544, 0.0, 0.0, 0.0, 0.0, 1.0],
                [0.999771, -0.021143, 0.003384, 0.0, 0.021411, 0.988677, -0.148523, 0.3, -0.000206, 0.148561, 0.988903, 0.0, 0.0, 0.0, 0.0, 1.0],
                [0.999771, -0.021316, -0.002029, 0.0, 0.021411, 0.994316, 0.104295, 0.3, -0.000206, -0.104315, 0.994545, 0.0, 0.0, 0.0, 0.0, 1.0],
                [0.739357, 0.177961, -0.64937, 0.0, 0.029406, 0.954984, 0.295196, 0.3, 0.672671, -0.237351, 0.700841, 0.0, 0.0, 0.0, 0.0, 1.0],
                [0.999771, -0.021404, 0.000595, 0.0, 0.021411, 0.999605, -0.01819, 0.3, -0.000206, 0.018199, 0.999834, 0.0, 0.0, 0.0, 0.0, 1.0]
            ]
        },
        {
            "name": "Head",
            "time": [0.0, 0.1667, 0.3333, 0.5833, 1.1],
            "transform": [
                [0.85311, 0.037721, 0.520365, -0.0, -0.006297, 0.998055, -0.062025, 0.4, -0.521692, 0.049637, 0.851689, -0.0, 0.0, 0.0, 0.0, 1.0],
                [0.792728, -0.078494, 0.6045, 0.0, 0.085205, 0.996208, 0.017622, 0.4, -0.603591, 0.037537, 0.79641, -0.0, 0.0, 0.0, 0.0, 1.0],
                [0.796534, -0.010626, 0.6045, -0.0, -3.6e-05, 0.999845, 0.017622, 0.4, -0.604593, -0.014058, 0.79641, -0.0, 0.0, 0.0, 0.0, 1.0],
                [0.796534, -0.010626, 0.6045, -0.0, -3.6e-05, 0.999845, 0.017622, 0.4, -0.604593, -0.014058, 0.79641, -0.0, 0.0, 0.0, 0.0, 1.0],
                [0.85311, 0.012325, 0.521585, -0.0, -0.006297, 0.999891, -0.013328, 0.4, -0.521692, 0.008086, 0.853095, -0.0, 0.0, 0.0, 0.0, 1.0]
            ]
        },
        {
            "name": "Shoulder_R",
            "time": [0.0, 0.1667, 0.3333, 0.5833, 1.1],
            "transform": [
                [0.110305, 0.959352, 0.259762, -0.0, 0.091141, -0.270019, 0.958532, 0.4, 0.98971, -0.082056, -0.11722, -0.0, 0.0, 0.0, 0.0, 1.0],
                [0.110305, 0.959352, 0.259762, 0.0, 0.091141, -0.270019, 0.958532, 0.4, 0.98971, -0.082056, -0.11722, -0.0, 0.0, 0.0, 0.0, 1.0],
                [0.455681, 0.851398, 0.259762, -0.0, -0.014647, -0.284609, 0.958532, 0.4, 0.890023, -0.440589, -0.11722, -0.0, 0.0, 0.0, 0.0, 1.0],
                [0.082213, 0.962167, 0.259762, -0.0, 0.098995, -0.267239, 0.958532, 0.4, 0.991686, -0.053088, -0.11722, -0.0, 0.0, 0.0, 0.0, 1.0],
                [-0.276631, 0.925202, 0.259762, -0.0, 0.190162, -0.212262, 0.958532, 0.4, 0.941973, 0.314557, -0.11722, -0.0, 0.0, 0.0, 0.0, 1.0]
            ]
        },
        {
            "name": "Arm_R",
            "time": [0.0, 0.1667, 0.3333, 0.5833, 0.8167, 1.1],
            "transform": [
                [0.016005, 0.280634, -0.959681, -0.0, 0.894149, 0.425534, 0.139349, 0.393861, 0.447483, -0.860328, -0.244118, 0.0, 0.0, 0.0, 0.0, 1.0],
                [-0.113106, 0.786058, -0.607717, 0.0, 0.794554, -0.295684, -0.530335, 0.39386, -0.596566, -0.542848, -0.591122, 0.0, 0.0, 0.0, 0.0, 1.0],
                [0.439418, 0.896903, -0.049761, 0.0, -0.177905, 0.032594, -0.983508, 0.39386, -0.880489, 0.441024, 0.173886, 0.0, 0.0, 0.0, 0.0, 1.0],
                [0.789112, 0.175719, -0.588579, -0.0, -0.528426, 0.682718, -0.504641, 0.39386, 0.313159, 0.709238, 0.631595, 0.0, 0.0, 0.0, 0.0, 1.0],
                [0.791755, 0.600067, -0.114211, 0.0, -0.497907, 0.525681, -0.689745, 0.393861, -0.353855, 0.602976, 0.714988, -0.0, 0.0, 0.0, 0.0, 1.0],
                [0.844974, 0.195057, -0.497967, 0.0, 0.520149, -0.083231, 0.85001, 0.39386, 0.124354, -0.977254, -0.171787, 0.0, 0.0, 0.0, 0.0, 1.0]
            ]
        },
        {
            "name": "Hand_R",
            "time": [0.0, 0.1667, 0.3333, 0.5833, 1.1],
            "transform": [
                [0.999998, -1.3e-05, 0.001823, 0.0, 0.000868, 0.882719, -0.4699, 0.3, -0.001603, 0.469901, 0.882718, -0.0, 0.0, 0.0, 0.0, 1.0],
                [0.999998, -1.3e-05, 0.001823, 0.0, 0.000868, 0.882719, -0.4699, 0.3, -0.001603, 0.469901, 0.882718, 0.0, 0.0, 0.0, 0.0, 1.0],
                [0.999998, 0.000716, 0.001677, 0.0, 0.000868, 0.62172, -0.783239, 0.3, -0.001603, 0.78324, 0.621718, 0.0, 0.0, 0.0, 0.0, 1.0],
                [0.999998, -0.000534, 0.001743, -0.0, 0.000868, 0.980296, -0.197532, 0.3, -0.001603, 0.197533, 0.980295, 0.0, 0.0, 0.0, 0.0, 1.0],
                [0.999998, -0.000848, 0.001614, -0.0, 0.000868, 0.999919, -0.012686, 0.3, -0.001603, 0.012688, 0.999918, 0.0, 0.0, 0.0, 0.0, 1.0]
            ]
        },
        {
            "name": "Tool_R",
            "time": [0.0, 0.1667, 0.3333, 0.4333, 0.5833, 1.1],
            "transform": [
                [0.030108, -0.004554, -0.064879, 0.015054, -0.020229, -0.068604, -0.004573, 0.243316, -0.061777, 0.02022, -0.030088, 0.024459, 0.0, 0.0, 0.0, 1.0],
                [0.030108, -0.004554, -0.064879, 0.015054, -0.020229, -0.068604, -0.004573, 0.243316, -0.061777, 0.02022, -0.030088, 0.024459, 0.0, 0.0, 0.0, 1.0],
                [0.462106, -0.06989, -0.995778, 0.015054, -0.310476, -1.052938, -0.070179, 0.243316, -0.948158, 0.310346, -0.46179, 0.024459, 0.0, 0.0, 0.0, 1.0],
                [0.382602, 0.602303, -0.700604, 0.015054, -0.294913, -0.639018, -0.71041, 0.243316, -0.875066, 0.478131, -0.066831, 0.024459, 0.0, 0.0, 0.0, 1.0],
                [0.419981, 0.606875, 0.674773, 0.015053, -0.282955, 0.794025, -0.538016, 0.243316, -0.861788, 0.035014, 0.504888, 0.024459, 0.0, 0.0, 0.0, 1.0],
                [0.995181, 0.01642, -0.096668, 0.047346, 0.051843, 0.748687, 0.660893, 0.292138, 0.083177, -0.66232, 0.743795, 0.103695, 0.0, 0.0, 0.0, 1.0]
            ]
        },
        {
            "name": "Elbow_R",
            "time": [0.0, 0.1667, 0.3333, 0.5833, 1.1],
            "transform": [
                [-1.0, 0.0, -0.0, 0.0, 0.0, -0.0, -1.0, 0.341622, -0.0, -1.0, 0.0, -0.0, 0.0, 0.0, 0.0, 1.0],
                [-1.0, 0.0, 0.0, 0.0, -0.0, 0.0, -1.0, 0.341622, -0.0, -1.0, 0.0, 0.0, 0.0, 0.0, 0.0, 1.0],
                [-1.0, 0.0, -0.0, 0.0, 0.0, -0.0, -1.0, 0.341622, -0.0, -1.0, 0.0, 0.0, 0.0, 0.0, 0.0, 1.0],
                [-1.0, 0.0, -0.0, -0.0, 0.0, -0.0, -1.0, 0.341622, -0.0, -1.0, 0.0, -0.0, 0.0, 0.0, 0.0, 1.0],
                [-1.0, 0.0, -0.0, -0.0, 0.0, -0.0, -1.0, 0.429832, -0.0, -1.0, 0.0, 0.0, 0.0, 0.0, 0.0, 1.0]
            ]
        },
        {
            "name": "Shoulder_L",
            "time": [0.0, 0.1667, 0.3333, 0.5833, 1.1],
            "transform": [
                [-0.226937, -0.947819, -0.223918, -0.0, -0.021067, -0.225085, 0.974111, 0.4, -0.973681, 0.225779, 0.031113, -0.0, 0.0, 0.0, 0.0, 1.0],
                [-0.226937, -0.947819, -0.223918, 0.0, -0.021067, -0.225085, 0.974111, 0.4, -0.973681, 0.225779, 0.031113, -0.0, 0.0, 0.0, 0.0, 1.0],
                [-0.226937, -0.947819, -0.223918, -0.0, -0.021067, -0.225085, 0.974111, 0.4, -0.973681, 0.225779, 0.031113, -0.0, 0.0, 0.0, 0.0, 1.0],
                [-0.226937, -0.947819, -0.223918, -0.0, -0.021067, -0.225085, 0.974111, 0.4, -0.973682, 0.225779, 0.031113, -0.0, 0.0, 0.0, 0.0, 1.0],
                [-0.503935, -0.756081, -0.417602, -0.0, -0.15956, -0.39367, 0.905298, 0.4, -0.848876, 0.522844, 0.077744, -0.0, 0.0, 0.0, 0.0, 1.0]
            ]
        },
        {
            "name": "Arm_L",
            "time": [0.0, 0.1667, 0.3333, 0.5833, 1.1],
            "transform": [
                [-0.538552, 0.020444, 0.842344, 0.0, -0.836746, 0.104581, -0.537511, 0.39386, -0.099082, -0.994306, -0.039216, -0.0, 0.0, 0.0, 0.0, 1.0],
                [-0.449328, 0.297592, 0.842344, -0.0, -0.660242, 0.524558, -0.537511, 0.39386, -0.601818, -0.79767, -0.039216, -0.0, 0.0, 0.0, 0.0, 1.0],
                [-0.449328, 0.297592, 0.842344, 0.0, -0.660242, 0.524558, -0.537511, 0.39386, -0.601818, -0.79767, -0.039216, -0.0, 0.0, 0.0, 0.0, 1.0],
                [-0.271703, 0.461393, 0.844567, -0.0, -0.435965, 0.72336, -0.535429, 0.39386, -0.857969, -0.51368, 0.004612, -0.0, 0.0, 0.0, 0.0, 1.0],
                [-0.846677, -0.311692, -0.431262, 0.0, 0.425666, 0.08958, -0.900435, 0.393861, 0.319291, -0.945951, 0.056831, 0.0, 0.0, 0.0, 0.0, 1.0]
            ]
        },
        {
            "name": "Hand_L",
            "time": [0.0, 0.1667, 0.3333, 0.5833, 1.1],
            "transform": [
                [0.999993, -0.001541, -0.00347, 0.0, 0.000938, 0.985901, -0.167329, 0.3, 0.003679, 0.167324, 0.985895, -0.0, 0.0, 0.0, 0.0, 1.0],
                [0.999993, -0.003225, -0.002004, -0.0, 0.000938, 0.721207, -0.692719, 0.3, 0.003679, 0.692712, 0.721205, 0.0, 0.0, 0.0, 0.0, 1.0],
                [0.999993, -0.003225, -0.002003, -0.0, 0.000938, 0.721207, -0.692719, 0.3, 0.003679, 0.692712, 0.721205, 0.0, 0.0, 0.0, 0.0, 1.0],
                [0.999993, -0.003225, -0.002004, -0.0, 0.000938, 0.721207, -0.692719, 0.3, 0.003679, 0.692712, 0.721205, 0.0, 0.0, 0.0, 0.0, 1.0],
                [0.999993, -0.000981, -0.003668, 0.0, 0.000938, 0.999931, -0.011754, 0.3, 0.003679, 0.011751, 0.999924, -0.0, 0.0, 0.0, 0.0, 1.0]
            ]
        },
        {
            "name": "Tool_L",
            "time": [0.0, 0.1667, 0.3333, 0.5833, 1.1],
            "transform": [
                [0.997004, 0.01104, -0.076554, 0.0, -0.036659, -0.804079, -0.593391, 0.272858, -0.068067, 0.594062, -0.8008, -0.0, 0.0, 0.0, 0.0, 1.0],
                [0.997004, 0.01104, -0.076554, 0.0, -0.036659, -0.804079, -0.593391, 0.272858, -0.068067, 0.594062, -0.8008, -0.0, 0.0, 0.0, 0.0, 1.0],
                [0.997004, 0.01104, -0.076554, 0.0, -0.036659, -0.804079, -0.593391, 0.272858, -0.068067, 0.594062, -0.8008, -0.0, 0.0, 0.0, 0.0, 1.0],
                [0.997004, 0.01104, -0.076554, -0.0, -0.036659, -0.804079, -0.593391, 0.272858, -0.068067, 0.594062, -0.8008, -0.0, 0.0, 0.0, 0.0, 1.0],
                [0.997004, 0.01104, -0.076554, -0.0, -0.036659, -0.804079, -0.593391, 0.272858, -0.068067, 0.594062, -0.8008, -0.0, 0.0, 0.0, 0.0, 1.0]
            ]
        },
        {
            "name": "Elbow_L",
            "time": [0.0, 0.1667, 0.3333, 0.5833, 1.1],
            "transform": [
                [-1.0, 0.0, -0.0, 2.7e-05, 0.0, -0.0, -1.0, 0.334301, -0.0, -1.0, -0.0, -0.002121, 0.0, 0.0, 0.0, 1.0],
                [-1.0, 0.0, -0.0, 2.7e-05, 0.0, -0.0, -1.0, 0.334302, -0.0, -1.0, -0.0, -0.002121, 0.0, 0.0, 0.0, 1.0],
                [-1.0, 0.0, -0.0, 2.7e-05, 0.0, -0.0, -1.0, 0.334301, -0.0, -1.0, -0.0, -0.002121, 0.0, 0.0, 0.0, 1.0],
                [-1.0, 0.0, -0.0, 2.7e-05, 0.0, -0.0, -1.0, 0.334301, -0.0, -1.0, -0.0, -0.002121, 0.0, 0.0, 0.0, 1.0],
                [-1.0, 0.0, 0.0, 2.7e-05, 0.0, -0.0, -1.0, 0.396148, -0.0, -1.0, -0.0, -0.002121, 0.0, 0.0, 0.0, 1.0]
            ]
        }
    ]
}