{
    "animation": [
        {
            "name": "Root",
            "time": [0.0, 0.15, 0.4167],
            "transform": [
                [0.600669, 0.0, 0.799498, -0.007616, 0.799498, 0.0, -0.600669, -0.259191, 0.0, 1.0, 0.0, 0.654066, 0.0, 0.0, 0.0, 1.0],
                [0.603632, -0.008092, 0.797222, -0.007616, 0.793853, 0.098481, -0.600082, -0.320203, -0.073656, 0.995106, 0.06587, 0.654066, 0.0, 0.0, 0.0, 1.0],
                [0.600669, 0.0, 0.799498, -0.007616, 0.799498, 0.0, -0.600669, -0.259191, 0.0, 1.0, 0.0, 0.654066, 0.0, 0.0, 0.0, 1.0]
            ]
        },
        {
            "name": "Thigh_R",
            "time": [0.0, 0.15, 0.4167],
            "transform": [
                [0.698758, 0.562206, 0.442336, 0.124994, 0.101793, -0.690191, 0.716431, -0.002831, 0.708078, -0.455584, -0.539506, -1.2e-05, 0.0, 0.0, 0.0, 1.0],
                [0.700818, 0.614108, 0.362937, 0.124994, 0.124544, -0.606307, 0.785417, -0.002831, 0.702383, -0.505231, -0.501397, -1.2e-05, 0.0, 0.0, 0.0, 1.0],
                [0.698758, 0.562206, 0.442336, 0.124994, 0.101793, -0.690191, 0.716431, -0.002831, 0.708078, -0.455584, -0.539506, -1.2e-05, 0.0, 0.0, 0.0, 1.0]
            ]
        },
        {
            "name": "Leg_R",
            "time": [0.0, 0.15, 0.4167],
            "transform": [
                [1.0, -1e-06, 0.0, -0.0, 0.0, 0.79195, 0.610586, 0.37472, -1e-06, -0.610587, 0.791949, -0.0, 0.0, 0.0, 0.0, 1.0],
                [1.0, -1e-06, 1e-06, 0.0, 0.0, 0.79195, 0.610586, 0.37472, -1e-06, -0.610587, 0.791949, 0.0, 0.0, 0.0, 0.0, 1.0],
                [1.0, -1e-06, 0.0, -0.0, 0.0, 0.79195, 0.610586, 0.37472, -1e-06, -0.610587, 0.791949, -0.0, 0.0, 0.0, 0.0, 1.0]
            ]
        },
        {
            "name": "Knee_R",
            "time": [0.0, 0.15, 0.4167],
            "transform": [
                [1.0, 0.0, -0.0, -0.0, -0.0, 1e-06, -1.0, 0.37472, -0.0, 1.0, 1e-06, -0.0, 0.0, 0.0, 0.0, 1.0],
                [1.0, 0.0, -0.0, 0.0, -0.0, 1e-06, -1.0, 0.37472, -0.0, 1.0, 1e-06, 0.0, 0.0, 0.0, 0.0, 1.0],
                [1.0, 0.0, -0.0, -0.0, -0.0, 1e-06, -1.0, 0.37472, -0.0, 1.0, 1e-06, -0.0, 0.0, 0.0, 0.0, 1.0]
            ]
        },
        {
            "name": "Thigh_L",
            "time": [0.0, 0.15, 0.4167],
            "transform": [
                [0.825942, -0.510132, -0.239965, -0.125006, -0.529602, -0.848007, -0.020111, -0.002831, -0.193233, 0.143697, -0.970573, -1.2e-05, 0.0, 0.0, 0.0, 1.0],
                [0.825942, -0.543239, -0.150698, -0.125006, -0.529602, -0.839298, 0.122879, -0.002831, -0.193233, -0.021681, -0.980913, -1.2e-05, 0.0, 0.0, 0.0, 1.0],
                [0.825942, -0.510132, -0.239965, -0.125006, -0.529602, -0.848007, -0.020111, -0.002831, -0.193233, 0.143697, -0.970573, -1.2e-05, 0.0, 0.0, 0.0, 1.0]
            ]
        },
        {
            "name": "Leg_L",
            "time": [0.0, 0.15, 0.4167],
            "transform": [
                [0.999989, -0.002576, -0.003884, 0.0, 0.003782, 0.935446, 0.35345, 0.37472, 0.002722, -0.35346, 0.935446, 0.0, 0.0, 0.0, 0.0, 1.0],
                [0.999989, -0.001813, -0.004293, 0.0, 0.003782, 0.853944, 0.520351, 0.37472, 0.002722, -0.520361, 0.853942, -0.0, 0.0, 0.0, 0.0, 1.0],
                [0.999989, -0.002576, -0.003884, 0.0, 0.003782, 0.935446, 0.35345, 0.37472, 0.002722, -0.35346, 0.935446, 0.0, 0.0, 0.0, 0.0, 1.0]
            ]
        },
        {
            "name": "Knee_L",
            "time": [0.0, 0.15, 0.4167],
            "transform": [
                [1.0, -0.0, -0.0, 0.0, -0.0, 1e-06, -1.0, 0.37472, -0.0, 1.0, 1e-06, 0.0, 0.0, 0.0, 0.0, 1.0],
                [1.0, 0.0, -0.0, 0.0, -0.0, 1e-06, -1.0, 0.37472, -0.0, 1.0, 1e-06, -0.0, 0.0, 0.0, 0.0, 1.0],
                [1.0, -0.0, -0.0, 0.0, -0.0, 1e-06, -1.0, 0.37472, -0.0, 1.0, 1e-06, 0.0, 0.0, 0.0, 0.0, 1.0]
            ]
        },
        {
            "name": "Torso",
            "time": [0.0, 0.15, 0.4167],
            "transform": [
                [0.99978, -0.020971, -0.000197, -0.0, 0.020971, 0.999603, 0.018833, 0.05, -0.000198, -0.018833, 0.999823, -0.0, 0.0, 0.0, 0.0, 1.0],
                [0.975627, -0.213609, 0.050231, 0.0, 0.217751, 0.97074, -0.101234, 0.05, -0.027137, 0.109704, 0.993594, 0.0, 0.0, 0.0, 0.0, 1.0],
                [0.99978, -0.020971, -0.000197, -0.0, 0.020971, 0.999603, 0.018833, 0.05, -0.000198, -0.018833, 0.999823, -0.0, 0.0, 0.0, 0.0, 1.0]
            ]
        },
        {
            "name": "Chest",
            "time": [0.0, 0.15, 0.4167],
            "transform": [
                [0.908874, -0.151638, -0.388528, -0.0, 0.219489, 0.966031, 0.136415, 0.3, 0.354644, -0.209262, 0.911283, -0.0, 0.0, 0.0, 0.0, 1.0],
                [0.908874, -0.151638, -0.388528, -0.0, 0.219489, 0.966031, 0.136415, 0.3, 0.354644, -0.209262, 0.911283, 0.0, 0.0, 0.0, 0.0, 1.0],
                [0.908874, -0.151638, -0.388528, -0.0, 0.219489, 0.966031, 0.136415, 0.3, 0.354644, -0.209262, 0.911283, -0.0, 0.0, 0.0, 0.0, 1.0]
            ]
        },
        {
            "name": "Head",
            "time": [0.0, 0.15, 0.4167],
            "transform": [
                [0.909185, 0.2663, -0.320105, 0.0, -0.305936, 0.948711, -0.079693, 0.4, 0.282465, 0.170388, 0.944024, 0.0, 0.0, 0.0, 0.0, 1.0],
                [0.909185, 0.2663, -0.320105, -0.0, -0.305936, 0.948711, -0.079693, 0.4, 0.282465, 0.170388, 0.944024, 0.0, 0.0, 0.0, 0.0, 1.0],
                [0.909185, 0.2663, -0.320105, 0.0, -0.305936, 0.948711, -0.079693, 0.4, 0.282465, 0.170388, 0.944024, 0.0, 0.0, 0.0, 0.0, 1.0]
            ]
        },
        {
            "name": "Shoulder_R",
            "time": [0.0, 0.15, 0.4167],
            "transform": [
                [0.475415, 0.811249, 0.340375, 0.0, 0.084638, -0.427276, 0.900151, 0.4, 0.875681, -0.399137, -0.271796, 0.0, 0.0, 0.0, 0.0, 1.0],
                [0.475415, 0.811249, 0.340375, -0.0, 0.084638, -0.427276, 0.900151, 0.4, 0.875681, -0.399137, -0.271796, 0.0, 0.0, 0.0, 0.0, 1.0],
                [0.475415, 0.811249, 0.340375, 0.0, 0.084638, -0.427276, 0.900151, 0.4, 0.875681, -0.399137, -0.271796, 0.0, 0.0, 0.0, 0.0, 1.0]
            ]
        },
        {
            "name": "Arm_R",
            "time": [0.0, 0.15, 0.4167],
            "transform": [
                [0.415395, -0.183948, -0.890848, -0.0, 0.620669, 0.773264, 0.129744, 0.39386, 0.664994, -0.606817, 0.435381, -0.0, 0.0, 0.0, 0.0, 1.0],
                [0.415395, -0.183948, -0.890848, -0.0, 0.620669, 0.773264, 0.129744, 0.393861, 0.664994, -0.606817, 0.435381, 0.0, 0.0, 0.0, 0.0, 1.0],
                [0.415395, -0.183948, -0.890848, -0.0, 0.620669, 0.773264, 0.129744, 0.39386, 0.664994, -0.606817, 0.435381, -0.0, 0.0, 0.0, 0.0, 1.0]
            ]
        },
        {
            "name": "Hand_R",
            "time": [0.0, 0.15, 0.4167],
            "transform": [
                [0.999998, -0.00033, 0.001793, 0.0, 0.000868, 0.951029, -0.309101, 0.3, -0.001603, 0.309102, 0.951027, -0.0, 0.0, 0.0, 0.0, 1.0],
                [0.999998, 0.000616, 0.001716, 0.0, 0.000868, 0.66692, -0.745129, 0.3, -0.001603, 0.745129, 0.666919, -0.0, 0.0, 0.0, 0.0, 1.0],
                [0.999998, -0.00033, 0.001793, 0.0, 0.000868, 0.951029, -0.309101, 0.3, -0.001603, 0.309102, 0.951027, -0.0, 0.0, 0.0, 0.0, 1.0]
            ]
        },
        {
            "name": "Tool_R",
            "time": [0.0, 0.15, 0.4167],
            "transform": [
                [-0.450948, 0.852744, 0.159859, -0.030054, 0.367513, 0.014023, 0.903049, 0.290866, 0.812899, 0.466162, -0.319204, 0.061383, 0.0, 0.0, 0.0, 1.0],
                [-0.321965, 0.852743, 0.345793, -0.030053, 0.759245, 0.014152, 0.631851, 0.290866, 0.565259, 0.466159, -0.650961, 0.061383, 0.0, 0.0, 0.0, 1.0],
                [-0.450948, 0.852744, 0.159859, -0.030054, 0.367513, 0.014023, 0.903049, 0.290866, 0.812899, 0.466162, -0.319204, 0.061383, 0.0, 0.0, 0.0, 1.0]
            ]
        },
        {
            "name": "Elbow_R",
            "time": [0.0, 0.15, 0.4167],
            "transform": [
                [-1.0, 0.0, 0.0, 0.0, 0.0, -0.188054, -0.982159, 0.36794, -0.0, -0.982159, 0.188054, -0.0, 0.0, 0.0, 0.0, 1.0],
                [-1.0, 0.0, 0.0, 0.0, -0.0, -0.188054, -0.982159, 0.36794, -0.0, -0.982159, 0.188054, -0.0, 0.0, 0.0, 0.0, 1.0],
                [-1.0, 0.0, 0.0, 0.0, 0.0, -0.188054, -0.982159, 0.36794, -0.0, -0.982159, 0.188054, -0.0, 0.0, 0.0, 0.0, 1.0]
            ]
        },
        {
            "name": "Shoulder_L",
            "time": [0.0, 0.15, 0.4167],
            "transform": [
                [-0.10152, -0.902941, -0.417602, 0.0, 0.038539, -0.423026, 0.905298, 0.4, -0.994087, 0.075812, 0.077744, 0.0, 0.0, 0.0, 0.0, 1.0],
                [-0.10152, -0.902941, -0.417602, -0.0, 0.038539, -0.423026, 0.905298, 0.4, -0.994087, 0.075812, 0.077744, 0.0, 0.0, 0.0, 0.0, 1.0],
                [-0.10152, -0.902941, -0.417602, 0.0, 0.038539, -0.423026, 0.905298, 0.4, -0.994087, 0.075812, 0.077744, 0.0, 0.0, 0.0, 0.0, 1.0]
            ]
        },
        {
            "name": "Arm_L",
            "time": [0.0, 0.15, 0.4167],
            "transform": [
                [-0.301815, 0.62976, -0.715758, -0.0, -0.508209, -0.741481, -0.438096, 0.39386, -0.806617, 0.231531, 0.54384, -0.0, 0.0, 0.0, 0.0, 1.0],
                [-0.018735, 0.915758, -0.401293, -0.0, 0.018565, -0.400976, -0.915901, 0.39386, -0.999652, -0.024609, -0.009488, -0.0, 0.0, 0.0, 0.0, 1.0],
                [-0.301815, 0.62976, -0.715758, -0.0, -0.508209, -0.741481, -0.438096, 0.39386, -0.806617, 0.231531, 0.54384, -0.0, 0.0, 0.0, 0.0, 1.0]
            ]
        },
        {
            "name": "Hand_L",
            "time": [0.0, 0.15, 0.4167],
            "transform": [
                [0.999993, -0.000981, -0.003668, 0.0, 0.000938, 0.999931, -0.011754, 0.3, 0.003679, 0.011751, 0.999924, 0.0, 0.0, 0.0, 0.0, 1.0],
                [0.999993, -0.002568, -0.002796, 0.0, 0.000938, 0.880774, -0.473536, 0.3, 0.003679, 0.47353, 0.880771, -0.0, 0.0, 0.0, 0.0, 1.0],
                [0.999993, -0.000981, -0.003668, 0.0, 0.000938, 0.999931, -0.011754, 0.3, 0.003679, 0.011751, 0.999924, 0.0, 0.0, 0.0, 0.0, 1.0]
            ]
        },
        {
            "name": "Tool_L",
            "time": [0.0, 0.15, 0.4167],
            "transform": [
                [0.997004, 0.01104, -0.076554, -0.0, -0.036659, -0.804079, -0.593391, 0.272858, -0.068067, 0.594062, -0.8008, -0.0, 0.0, 0.0, 0.0, 1.0],
                [0.997004, 0.01104, -0.076554, -0.0, -0.036659, -0.804079, -0.593391, 0.272858, -0.068067, 0.594062, -0.8008, -0.0, 0.0, 0.0, 0.0, 1.0],
                [0.997004, 0.01104, -0.076554, -0.0, -0.036659, -0.804079, -0.593391, 0.272858, -0.068067, 0.594062, -0.8008, -0.0, 0.0, 0.0, 0.0, 1.0]
            ]
        },
        {
            "name": "Elbow_L",
            "time": [0.0, 0.15, 0.4167],
            "transform": [
                [-1.0, 0.0, -0.0, 2.7e-05, 0.0, -0.0, -1.0, 0.396148, -0.0, -1.0, -0.0, -0.002121, 0.0, 0.0, 0.0, 1.0],
                [-0.995491, 0.03967, -0.086159, 2.7e-05, 0.081175, -0.113604, -0.990205, 0.396148, -0.049069, -0.992734, 0.109871, -0.002121, 0.0, 0.0, 0.0, 1.0],
                [-1.0, 0.0, -0.0, 2.7e-05, 0.0, -0.0, -1.0, 0.396148, -0.0, -1.0, -0.0, -0.002121, 0.0, 0.0, 0.0, 1.0]
            ]
        }
    ]
}