{
    "animation": [
        {
            "name": "Root",
            "time": [0.0, 1.3, 2.6],
            "transform": [
                [0.600669, 0.0, 0.799498, -0.007616, 0.799498, 0.0, -0.600669, -0.259191, 0.0, 1.0, 0.0, 0.654066, 0.0, 0.0, 0.0, 1.0],
                [0.601042, 0.015519, 0.799067, -0.007616, 0.799151, 0.001232, -0.601129, -0.259191, -0.010313, 0.999879, -0.011662, 0.604045, 0.0, 0.0, 0.0, 1.0],
                [0.600669, 0.0, 0.799498, -0.007616, 0.799498, 0.0, -0.600669, -0.259191, 0.0, 1.0, 0.0, 0.654066, 0.0, 0.0, 0.0, 1.0]
            ]
        },
        {
            "name": "Thigh_R",
            "time": [0.0, 1.3, 2.6],
            "transform": [
                [0.698758, 0.562206, 0.442336, 0.124994, 0.101793, -0.690191, 0.716431, -0.002831, 0.708078, -0.455584, -0.539506, -1.2e-05, 0.0, 0.0, 0.0, 1.0],
                [0.698758, 0.629148, 0.340453, 0.124994, 0.101793, -0.558523, 0.823219, -0.002831, 0.708078, -0.540574, -0.454316, -1.2e-05, 0.0, 0.0, 0.0, 1.0],
                [0.698758, 0.562206, 0.442336, 0.124994, 0.101793, -0.690191, 0.716431, -0.002831, 0.708078, -0.455584, -0.539506, -1.2e-05, 0.0, 0.0, 0.0, 1.0]
            ]
        },
        {
            "name": "Leg_R",
            "time": [0.0, 1.3, 2.6],
            "transform": [
                [1.0, -1e-06, 0.0, -0.0, 0.0, 0.79195, 0.610586, 0.37472, -1e-06, -0.610587, 0.791949, -0.0, 0.0, 0.0, 0.0, 1.0],
                [1.0, -1e-06, 0.0, -0.0, 0.0, 0.553616, 0.832772, 0.37472, -1e-06, -0.832773, 0.553615, 0.0, 0.0, 0.0, 0.0, 1.0],
                [1.0, -1e-06, 0.0, -0.0, 0.0, 0.79195, 0.610586, 0.37472, -1e-06, -0.610587, 0.791949, -0.0, 0.0, 0.0, 0.0, 1.0]
            ]
        },
        {
            "name": "Knee_R",
            "time": [0.0, 2.6],
            "transform": [
                [1.0, 0.0, -0.0, -0.0, -0.0, 1e-06, -1.0, 0.37472, -0.0, 1.0, 1e-06, -0.0, 0.0, 0.0, 0.0, 1.0],
                [1.0, 0.0, -0.0, -0.0, -0.0, 1e-06, -1.0, 0.37472, -0.0, 1.0, 1e-06, -0.0, 0.0, 0.0, 0.0, 1.0]
            ]
        },
        {
            "name": "Thigh_L",
            "time": [0.0, 1.3, 2.6],
            "transform": [
                [0.825942, -0.510132, -0.239965, -0.125006, -0.529602, -0.848007, -0.020111, -0.002831, -0.193233, 0.143697, -0.970573, -1.2e-05, 0.0, 0.0, 0.0, 1.0],
                [0.848685, -0.479264, -0.223694, -0.125006, -0.467608, -0.87755, 0.106059, -0.002831, -0.247132, 0.014591, -0.968871, -1.2e-05, 0.0, 0.0, 0.0, 1.0],
                [0.825942, -0.510132, -0.239965, -0.125006, -0.529602, -0.848007, -0.020111, -0.002831, -0.193233, 0.143697, -0.970573, -1.2e-05, 0.0, 0.0, 0.0, 1.0]
            ]
        },
        {
            "name": "Leg_L",
            "time": [0.0, 1.3, 2.6],
            "transform": [
                [0.999989, -0.002576, -0.003884, 0.0, 0.003782, 0.935446, 0.35345, 0.37472, 0.002722, -0.35346, 0.935446, 0.0, 0.0, 0.0, 0.0, 1.0],
                [0.999989, -0.001451, -0.004429, -0.0, 0.003782, 0.807827, 0.589408, 0.37472, 0.002722, -0.589418, 0.807824, 0.0, 0.0, 0.0, 0.0, 1.0],
                [0.999989, -0.002576, -0.003884, 0.0, 0.003782, 0.935446, 0.35345, 0.37472, 0.002722, -0.35346, 0.935446, 0.0, 0.0, 0.0, 0.0, 1.0]
            ]
        },
        {
            "name": "Knee_L",
            "time": [0.0, 2.6],
            "transform": [
                [1.0, -0.0, -0.0, 0.0, -0.0, 1e-06, -1.0, 0.37472, -0.0, 1.0, 1e-06, 0.0, 0.0, 0.0, 0.0, 1.0],
                [1.0, -0.0, -0.0, 0.0, -0.0, 1e-06, -1.0, 0.37472, -0.0, 1.0, 1e-06, 0.0, 0.0, 0.0, 0.0, 1.0]
            ]
        },
        {
            "name": "Torso",
            "time": [0.0, 2.6],
            "transform": [
                [0.99978, -0.020971, -0.000197, -0.0, 0.020971, 0.999603, 0.018833, 0.05, -0.000198, -0.018833, 0.999823, -0.0, 0.0, 0.0, 0.0, 1.0],
                [0.99978, -0.020971, -0.000197, -0.0, 0.020971, 0.999603, 0.018833, 0.05, -0.000198, -0.018833, 0.999823, -0.0, 0.0, 0.0, 0.0, 1.0]
            ]
        },
        {
            "name": "Chest",
            "time": [0.0, 1.3, 2.6],
            "transform": [
                [0.908874, -0.151638, -0.388528, -0.0, 0.219489, 0.966031, 0.136415, 0.3, 0.354644, -0.209262, 0.911283, -0.0, 0.0, 0.0, 0.0, 1.0],
                [0.910177, -0.140858, -0.389533, 0.0, 0.216832, 0.963286, 0.158314, 0.3, 0.352932, -0.228557, 0.907304, -0.0, 0.0, 0.0, 0.0, 1.0],
                [0.908874, -0.151638, -0.388528, -0.0, 0.219489, 0.966031, 0.136415, 0.3, 0.354644, -0.209262, 0.911283, -0.0, 0.0, 0.0, 0.0, 1.0]
            ]
        },
        {
            "name": "Head",
            "time": [0.0, 2.6],
            "transform": [
                [0.909185, 0.2663, -0.320105, 0.0, -0.305936, 0.948711, -0.079693, 0.4, 0.282465, 0.170388, 0.944024, 0.0, 0.0, 0.0, 0.0, 1.0],
                [0.909185, 0.2663, -0.320105, 0.0, -0.305936, 0.948711, -0.079693, 0.4, 0.282465, 0.170388, 0.944024, 0.0, 0.0, 0.0, 0.0, 1.0]
            ]
        },
        {
            "name": "Shoulder_R",
            "time": [0.0, 2.6],
            "transform": [
                [0.475415, 0.811249, 0.340375, 0.0, 0.084638, -0.427276, 0.900151, 0.4, 0.875681, -0.399137, -0.271796, 0.0, 0.0, 0.0, 0.0, 1.0],
                [0.475415, 0.811249, 0.340375, 0.0, 0.084638, -0.427276, 0.900151, 0.4, 0.875681, -0.399137, -0.271796, 0.0, 0.0, 0.0, 0.0, 1.0]
            ]
        },
        {
            "name": "Arm_R",
            "time": [0.0, 1.3, 2.6],
            "transform": [
                [0.415395, -0.183948, -0.890848, -0.0, 0.620669, 0.773264, 0.129744, 0.39386, 0.664994, -0.606817, 0.435381, -0.0, 0.0, 0.0, 0.0, 1.0],
                [0.444147, -0.215383, -0.86968, -0.0, 0.608235, 0.785211, 0.116163, 0.39386, 0.657863, -0.580563, 0.479752, -0.0, 0.0, 0.0, 0.0, 1.0],
                [0.415395, -0.183948, -0.890848, -0.0, 0.620669, 0.773264, 0.129744, 0.39386, 0.664994, -0.606817, 0.435381, -0.0, 0.0, 0.0, 0.0, 1.0]
            ]
        },
        {
            "name": "Hand_R",
            "time": [0.0, 2.6],
            "transform": [
                [0.999998, -0.00033, 0.001793, 0.0, 0.000868, 0.951029, -0.309101, 0.3, -0.001603, 0.309102, 0.951027, -0.0, 0.0, 0.0, 0.0, 1.0],
                [0.999998, -0.00033, 0.001793, 0.0, 0.000868, 0.951029, -0.309101, 0.3, -0.001603, 0.309102, 0.951027, -0.0, 0.0, 0.0, 0.0, 1.0]
            ]
        },
        {
            "name": "Tool_R",
            "time": [0.0, 2.6],
            "transform": [
                [-0.450948, 0.852744, 0.159859, -0.030054, 0.367513, 0.014023, 0.903049, 0.290866, 0.812899, 0.466162, -0.319204, 0.061383, 0.0, 0.0, 0.0, 1.0],
                [-0.450948, 0.852744, 0.159859, -0.030054, 0.367513, 0.014023, 0.903049, 0.290866, 0.812899, 0.466162, -0.319204, 0.061383, 0.0, 0.0, 0.0, 1.0]
            ]
        },
        {
            "name": "Elbow_R",
            "time": [0.0, 2.6],
            "transform": [
                [-1.0, 0.0, 0.0, 0.0, 0.0, -0.188054, -0.982159, 0.36794, -0.0, -0.982159, 0.188054, -0.0, 0.0, 0.0, 0.0, 1.0],
                [-1.0, 0.0, 0.0, 0.0, 0.0, -0.188054, -0.982159, 0.36794, -0.0, -0.982159, 0.188054, -0.0, 0.0, 0.0, 0.0, 1.0]
            ]
        },
        {
            "name": "Shoulder_L",
            "time": [0.0, 2.6],
            "transform": [
                [-0.10152, -0.902941, -0.417602, 0.0, 0.038539, -0.423026, 0.905298, 0.4, -0.994087, 0.075812, 0.077744, 0.0, 0.0, 0.0, 0.0, 1.0],
                [-0.10152, -0.902941, -0.417602, 0.0, 0.038539, -0.423026, 0.905298, 0.4, -0.994087, 0.075812, 0.077744, 0.0, 0.0, 0.0, 0.0, 1.0]
            ]
        },
        {
            "name": "Arm_L",
            "time": [0.0, 1.3, 2.6],
            "transform": [
                [-0.301815, 0.62976, -0.715758, -0.0, -0.508209, -0.741481, -0.438096, 0.39386, -0.806617, 0.231531, 0.54384, -0.0, 0.0, 0.0, 0.0, 1.0],
                [-0.282221, 0.603014, -0.74614, -0.0, -0.489067, -0.759537, -0.428856, 0.39386, -0.825327, 0.24388, 0.509272, 0.0, 0.0, 0.0, 0.0, 1.0],
                [-0.301815, 0.62976, -0.715758, -0.0, -0.508209, -0.741481, -0.438096, 0.39386, -0.806617, 0.231531, 0.54384, -0.0, 0.0, 0.0, 0.0, 1.0]
            ]
        },
        {
            "name": "Hand_L",
            "time": [0.0, 2.6],
            "transform": [
                [0.999993, -0.000981, -0.003668, 0.0, 0.000938, 0.999931, -0.011754, 0.3, 0.003679, 0.011751, 0.999924, 0.0, 0.0, 0.0, 0.0, 1.0],
                [0.999993, -0.000981, -0.003668, 0.0, 0.000938, 0.999931, -0.011754, 0.3, 0.003679, 0.011751, 0.999924, 0.0, 0.0, 0.0, 0.0, 1.0]
            ]
        },
        {
            "name": "Tool_L",
            "time": [0.0, 2.6],
            "transform": [
                [0.997004, 0.01104, -0.076554, -0.0, -0.036659, -0.804079, -0.593391, 0.272858, -0.068067, 0.594062, -0.8008, -0.0, 0.0, 0.0, 0.0, 1.0],
                [0.997004, 0.01104, -0.076554, -0.0, -0.036659, -0.804079, -0.593391, 0.272858, -0.068067, 0.594062, -0.8008, -0.0, 0.0, 0.0, 0.0, 1.0]
            ]
        },
        {
            "name": "Elbow_L",
            "time": [0.0, 2.6],
            "transform": [
                [-1.0, 0.0, -0.0, 2.7e-05, 0.0, -0.0, -1.0, 0.396148, -0.0, -1.0, -0.0, -0.002121, 0.0, 0.0, 0.0, 1.0],
                [-1.0, 0.0, -0.0, 2.7e-05, 0.0, -0.0, -1.0, 0.396148, -0.0, -1.0, -0.0, -0.002121, 0.0, 0.0, 0.0, 1.0]
            ]
        }
    ]
}