{
    "animation": [
        {
            "name": "Root",
            "time": [0.0, 0.2667, 0.35, 0.45, 0.6167, 1.15],
            "transform": [
                [0.854689, 0.0, -0.51914, -0.007616, -0.51914, 0.0, -0.854689, 0.001678, 0.0, 1.0, 0.0, 0.764267, 0.0, 0.0, 0.0, 1.0],
                [0.484178, 0.0, -0.87497, -0.007616, -0.87497, 0.0, -0.484178, -0.421523, 0.0, 1.0, 0.0, 0.764267, 0.0, 0.0, 0.0, 1.0],
                [0.984942, 0.0, 0.172884, -0.007616, 0.172884, 0.0, -0.984942, -0.119388, 0.0, 1.0, 0.0, 0.729721, 0.0, 0.0, 0.0, 1.0],
                [0.991831, 0.0, 0.127555, -0.007616, 0.127555, 0.0, -0.991831, 0.210506, 0.0, 1.0, 0.0, 0.692002, 0.0, 0.0, 0.0, 1.0],
                [0.993337, 0.0, 0.115247, -0.007616, 0.115247, 0.0, -0.993337, 0.247159, 0.0, 1.0, 0.0, 0.687811, 0.0, 0.0, 0.0, 1.0],
                [0.993337, 0.0, 0.115247, -0.002821, 0.115247, 0.0, -0.993337, 0.289221, 0.0, 1.0, 0.0, 0.652541, 0.0, 0.0, 0.0, 1.0]
            ]
        },
        {
            "name": "Thigh_R",
            "time": [0.0, 0.2667, 0.45, 0.6167, 1.15],
            "transform": [
                [0.992811, 0.11785, -0.020883, 0.124994, 0.118536, -0.992318, 0.035348, -0.002831, -0.016557, -0.037569, -0.999157, -1.2e-05, 0.0, 0.0, 0.0, 1.0],
                [0.973936, 0.224653, -0.03127, 0.124994, 0.223555, -0.974057, -0.035092, -0.002831, -0.038342, 0.027187, -0.998895, -1.2e-05, 0.0, 0.0, 0.0, 1.0],
                [0.998181, 0.04627, -0.038635, 0.124994, 0.060177, -0.802231, 0.593971, -0.002831, -0.003511, -0.595214, -0.803559, -1.2e-05, 0.0, 0.0, 0.0, 1.0],
                [0.999404, 0.01908, -0.028741, 0.124994, 0.033482, -0.737116, 0.674935, -0.002831, -0.008308, -0.675494, -0.737318, -1.2e-05, 0.0, 0.0, 0.0, 1.0],
                [0.999404, 0.01649, -0.030301, 0.124994, 0.033482, -0.675194, 0.736878, -0.002831, -0.008308, -0.737452, -0.675347, -1.2e-05, 0.0, 0.0, 0.0, 1.0]
            ]
        },
        {
            "name": "Leg_R",
            "time": [0.0, 0.2667, 0.45, 0.6167, 1.15],
            "transform": [
                [1.0, -0.0, 1e-06, 0.0, 0.0, 0.997612, 0.069073, 0.37472, -1e-06, -0.069073, 0.997611, -0.0, 0.0, 0.0, 0.0, 1.0],
                [1.0, -0.0, 1e-06, 0.0, 0.0, 0.997612, 0.069073, 0.37472, -1e-06, -0.069073, 0.997611, 0.0, 0.0, 0.0, 0.0, 1.0],
                [1.0, -0.0, 1e-06, -0.0, 0.0, 0.887463, 0.46088, 0.37472, -1e-06, -0.460881, 0.887462, 0.0, 0.0, 0.0, 0.0, 1.0],
                [1.0, -0.0, 1e-06, 0.0, 0.0, 0.855484, 0.517829, 0.37472, -1e-06, -0.51783, 0.855483, 0.0, 0.0, 0.0, 0.0, 1.0],
                [1.0, -0.0, 1e-06, 0.0, 0.0, 0.855484, 0.517829, 0.37472, -1e-06, -0.51783, 0.855483, 0.0, 0.0, 0.0, 0.0, 1.0]
            ]
        },
        {
            "name": "Knee_R",
            "time": [0.0, 0.2667, 0.45, 0.6167, 1.15],
            "transform": [
                [1.0, 0.0, -0.0, 0.0, -0.0, 1e-06, -1.0, 0.37472, -0.0, 1.0, 1e-06, -0.0, 0.0, 0.0, 0.0, 1.0],
                [1.0, 0.0, -0.0, 0.0, -0.0, 1e-06, -1.0, 0.37472, -0.0, 1.0, 1e-06, 0.0, 0.0, 0.0, 0.0, 1.0],
                [1.0, 0.0, -0.0, -0.0, -0.0, 1e-06, -1.0, 0.37472, -0.0, 1.0, 1e-06, 0.0, 0.0, 0.0, 0.0, 1.0],
                [1.0, 0.0, -0.0, 0.0, -0.0, 1e-06, -1.0, 0.37472, -0.0, 1.0, 1e-06, 0.0, 0.0, 0.0, 0.0, 1.0],
                [1.0, 0.0, -0.0, 0.0, -0.0, 1e-06, -1.0, 0.37472, -0.0, 1.0, 1e-06, 0.0, 0.0, 0.0, 0.0, 1.0]
            ]
        },
        {
            "name": "Thigh_L",
            "time": [0.0, 0.2667, 0.45, 0.6167, 1.15],
            "transform": [
                [0.659168, -0.135791, -0.739633, -0.125006, -0.117516, -0.990078, 0.077038, -0.002831, -0.742756, 0.036138, -0.668586, -1.2e-05, 0.0, 0.0, 0.0, 1.0],
                [0.550908, -0.672301, -0.494481, -0.125006, -0.105774, -0.643971, 0.757703, -0.002831, -0.827835, -0.365121, -0.425881, -1.2e-05, 0.0, 0.0, 0.0, 1.0],
                [0.781104, -0.23711, -0.577629, -0.125006, -0.284183, -0.958725, 0.009254, -0.002831, -0.555981, 0.156925, -0.816247, -1.2e-05, 0.0, 0.0, 0.0, 1.0],
                [0.816891, -0.17055, -0.551, -0.125006, -0.282206, -0.951315, -0.12393, -0.002831, -0.503039, 0.256734, -0.825251, -1.2e-05, 0.0, 0.0, 0.0, 1.0],
                [0.793971, -0.22178, -0.566058, -0.125006, -0.438097, -0.854277, -0.279787, -0.002831, -0.421519, 0.470132, -0.775433, -1.2e-05, 0.0, 0.0, 0.0, 1.0]
            ]
        },
        {
            "name": "Leg_L",
            "time": [0.0, 0.2667, 0.45, 0.6167, 1.15],
            "transform": [
                [0.999989, -0.003452, -0.00313, 0.0, 0.003782, 0.993653, 0.112423, 0.37472, 0.002723, -0.112434, 0.993656, -0.0, 0.0, 0.0, 0.0, 1.0],
                [0.999989, -0.001034, -0.004544, -0.0, 0.003782, 0.749677, 0.661793, 0.37472, 0.002722, -0.661803, 0.749673, -0.0, 0.0, 0.0, 0.0, 1.0],
                [0.999989, -0.002787, -0.003735, -0.0, 0.003782, 0.953577, 0.301124, 0.37472, 0.002722, -0.301135, 0.953578, 0.0, 0.0, 0.0, 0.0, 1.0],
                [0.999989, -0.003029, -0.003542, -0.0, 0.003782, 0.97148, 0.237092, 0.37472, 0.002722, -0.237103, 0.971481, -0.0, 0.0, 0.0, 0.0, 1.0],
                [0.999989, -0.003029, -0.003542, -0.0, 0.003782, 0.97148, 0.237092, 0.37472, 0.002722, -0.237103, 0.971481, 0.0, 0.0, 0.0, 0.0, 1.0]
            ]
        },
        {
            "name": "Knee_L",
            "time": [0.0, 0.2667, 0.45, 0.6167, 1.15],
            "transform": [
                [1.0, 0.0, -0.0, 0.0, -0.0, 1e-06, -1.0, 0.37472, -0.0, 1.0, 1e-06, -0.0, 0.0, 0.0, 0.0, 1.0],
                [1.0, 0.0, -0.0, -0.0, -0.0, 1e-06, -1.0, 0.37472, -0.0, 1.0, 1e-06, -0.0, 0.0, 0.0, 0.0, 1.0],
                [1.0, 0.0, -0.0, -0.0, -0.0, 1e-06, -1.0, 0.37472, -0.0, 1.0, 1e-06, 0.0, 0.0, 0.0, 0.0, 1.0],
                [1.0, 0.0, -0.0, -0.0, -0.0, 1e-06, -1.0, 0.37472, -0.0, 1.0, 1e-06, -0.0, 0.0, 0.0, 0.0, 1.0],
                [1.0, 0.0, -0.0, -0.0, -0.0, 1e-06, -1.0, 0.37472, -0.0, 1.0, 1e-06, 0.0, 0.0, 0.0, 0.0, 1.0]
            ]
        },
        {
            "name": "Torso",
            "time": [0.0, 0.2667, 0.45, 0.6167, 1.15],
            "transform": [
                [0.99978, -0.020971, -0.000197, 0.0, 0.020971, 0.999603, 0.018833, 0.05, -0.000198, -0.018833, 0.999823, 0.0, 0.0, 0.0, 0.0, 1.0],
                [0.99978, -0.020971, -0.000197, 0.0, 0.020971, 0.999603, 0.018833, 0.05, -0.000198, -0.018833, 0.999823, -0.0, 0.0, 0.0, 0.0, 1.0],
                [0.976643, -0.020971, 0.213843, -0.0, 0.016453, 0.999603, 0.022886, 0.05, -0.214238, -0.018833, 0.9766, -0.0, 0.0, 0.0, 0.0, 1.0],
                [0.968671, -0.020971, 0.247459, 0.0, 0.015653, 0.999603, 0.023441, 0.05, -0.247852, -0.018833, 0.968615, -0.0, 0.0, 0.0, 0.0, 1.0],
                [0.968671, -0.020971, 0.247459, -0.0, 0.015653, 0.999603, 0.023441, 0.05, -0.247852, -0.018833, 0.968615, 0.0, 0.0, 0.0, 0.0, 1.0]
            ]
        },
        {
            "name": "Chest",
            "time": [0.0, 0.2667, 0.4, 0.45, 0.6167, 1.15],
            "transform": [
                [0.999771, -0.021404, 0.000595, 0.0, 0.021411, 0.999605, -0.01819, 0.3, -0.000206, 0.018199, 0.999834, 0.0, 0.0, 0.0, 0.0, 1.0],
                [0.99592, 0.088806, 0.01603, 0.0, -0.09024, 0.97925, 0.181455, 0.3, 0.000417, -0.182161, 0.983269, -0.0, 0.0, 0.0, 0.0, 1.0],
                [0.848935, 0.113357, 0.516197, 0.0, -0.211633, 0.967911, 0.135497, 0.3, -0.484274, -0.224273, 0.845684, -0.0, 0.0, 0.0, 0.0, 1.0],
                [0.658174, 0.068269, 0.749764, 0.0, 0.059655, 0.98802, -0.142331, 0.3, -0.750499, 0.138406, 0.646216, -0.0, 0.0, 0.0, 0.0, 1.0],
                [0.543583, 0.015067, 0.83922, 0.0, 0.278757, 0.939849, -0.197431, 0.3, -0.791715, 0.341258, 0.506686, 0.0, 0.0, 0.0, 0.0, 1.0],
                [0.553118, 0.090014, 0.828226, 0.0, 0.074468, 0.984824, -0.156766, 0.3, -0.829768, 0.148387, 0.538021, -0.0, 0.0, 0.0, 0.0, 1.0]
            ]
        },
        {
            "name": "Head",
            "time": [0.0, 0.2667, 0.45, 0.6167, 1.15],
            "transform": [
                [0.85311, 0.012325, 0.521585, -0.0, -0.006297, 0.999891, -0.013328, 0.4, -0.521692, 0.008086, 0.853095, -0.0, 0.0, 0.0, 0.0, 1.0],
                [0.853111, 0.012325, 0.521585, -0.0, -0.006297, 0.999891, -0.013328, 0.4, -0.521692, 0.008086, 0.853095, 0.0, 0.0, 0.0, 0.0, 1.0],
                [0.596751, 0.096529, -0.796599, -0.0, -0.147533, 0.989013, 0.009324, 0.4, 0.788747, 0.111961, 0.604436, 0.0, 0.0, 0.0, 0.0, 1.0],
                [0.41112, 0.092938, -0.906831, 0.0, -0.15975, 0.98674, 0.028703, 0.4, 0.897474, 0.133066, 0.420515, 0.0, 0.0, 0.0, 0.0, 1.0],
                [0.41112, 0.092938, -0.906831, 0.0, -0.159751, 0.98674, 0.028703, 0.4, 0.897474, 0.133066, 0.420515, 0.0, 0.0, 0.0, 0.0, 1.0]
            ]
        },
        {
            "name": "Shoulder_R",
            "time": [0.0, 0.2667, 0.45, 0.6167, 1.15],
            "transform": [
                [-0.276631, 0.925202, 0.259762, -0.0, 0.190162, -0.212262, 0.958532, 0.4, 0.941973, 0.314557, -0.11722, -0.0, 0.0, 0.0, 0.0, 1.0],
                [-0.036115, 0.908927, 0.415387, -0.0, 0.083715, -0.411446, 0.907582, 0.4, 0.995835, 0.067551, -0.061232, 0.0, 0.0, 0.0, 0.0, 1.0],
                [-0.05809, 0.983563, 0.170966, -0.0, 0.094193, -0.165091, 0.98177, 0.4, 0.993858, 0.073135, -0.083055, 0.0, 0.0, 0.0, 0.0, 1.0],
                [-0.061828, 0.98953, 0.13041, 0.0, 0.095328, -0.124208, 0.987666, 0.4, 0.993524, 0.073497, -0.08665, 0.0, 0.0, 0.0, 0.0, 1.0],
                [-0.061828, 0.98953, 0.13041, 0.0, 0.095328, -0.124208, 0.987666, 0.4, 0.993524, 0.073497, -0.08665, 0.0, 0.0, 0.0, 0.0, 1.0]
            ]
        },
        {
            "name": "Arm_R",
            "time": [0.0, 0.2667, 0.35, 0.45, 0.6167, 1.15],
            "transform": [
                [0.844974, 0.195057, -0.497967, 0.0, 0.520149, -0.083231, 0.85001, 0.39386, 0.124354, -0.977254, -0.171787, 0.0, 0.0, 0.0, 0.0, 1.0],
                [-0.809218, -0.4693, -0.353444, 0.0, 0.13377, 0.438617, -0.888662, 0.39386, 0.572076, -0.766402, -0.292159, 0.0, 0.0, 0.0, 0.0, 1.0],
                [-0.183253, -0.878999, -0.440203, 0.0, 0.618376, 0.245032, -0.746706, 0.393861, 0.764218, -0.409047, 0.498649, 0.0, 0.0, 0.0, 0.0, 1.0],
                [0.68108, -0.589325, 0.434541, -0.0, 0.245564, -0.375252, -0.893803, 0.393861, 0.689803, 0.715459, -0.11086, -0.0, 0.0, 0.0, 0.0, 1.0],
                [0.832524, -0.379436, 0.403648, -0.0, 0.183434, -0.498716, -0.847133, 0.393861, 0.522738, 0.779302, -0.345592, -0.0, 0.0, 0.0, 0.0, 1.0],
                [0.832524, -0.363453, 0.418097, -0.0, 0.183434, -0.531279, -0.8271, 0.39386, 0.522738, 0.765274, -0.375634, -0.0, 0.0, 0.0, 0.0, 1.0]
            ]
        },
        {
            "name": "Hand_R",
            "time": [0.0, 0.2667, 0.45, 0.6167, 1.15],
            "transform": [
                [0.999998, -0.000848, 0.001614, -0.0, 0.000868, 0.999919, -0.012686, 0.3, -0.001603, 0.012688, 0.999918, 0.0, 0.0, 0.0, 0.0, 1.0],
                [0.999998, -0.000848, 0.001614, 0.0, 0.000868, 0.999919, -0.012686, 0.3, -0.001603, 0.012688, 0.999918, 0.0, 0.0, 0.0, 0.0, 1.0],
                [0.999998, -0.000848, 0.001614, 0.0, 0.000868, 0.999919, -0.012686, 0.3, -0.001603, 0.012688, 0.999918, -0.0, 0.0, 0.0, 0.0, 1.0],
                [0.999998, -0.000848, 0.001614, 0.0, 0.000868, 0.999919, -0.012686, 0.3, -0.001603, 0.012688, 0.999918, -0.0, 0.0, 0.0, 0.0, 1.0],
                [0.999998, -0.000848, 0.001614, 0.0, 0.000868, 0.999919, -0.012686, 0.3, -0.001603, 0.012688, 0.999918, 0.0, 0.0, 0.0, 0.0, 1.0]
            ]
        },
        {
            "name": "Tool_R",
            "time": [0.0, 0.2667, 0.35, 0.4, 0.45, 0.6167, 1.15],
            "transform": [
                [0.995182, 0.015962, -0.093876, 0.047346, 0.051843, 0.727781, 0.641806, 0.292138, 0.083177, -0.643825, 0.722313, 0.103695, 0.0, 0.0, 0.0, 1.0],
                [0.995184, -0.044739, -0.084052, -0.146945, 0.051808, 0.968661, 0.063909, 0.244015, 0.08317, -0.067972, 0.96479, 0.594325, 0.0, 0.0, 0.0, 1.0],
                [0.88001, 0.458901, 0.05065, -0.146945, -0.459877, 0.849952, -0.150424, 0.244015, -0.118663, 0.109134, 0.957491, 0.594325, 0.0, 0.0, 0.0, 1.0],
                [0.593797, 0.765185, 0.161848, -0.146945, -0.760252, 0.599497, -0.198253, 0.244015, -0.263335, -0.005319, 0.936231, 0.594325, 0.0, 0.0, 0.0, 1.0],
                [0.994452, 0.067186, -0.077018, -0.121714, -0.080204, 0.958434, -0.142189, 0.290597, 0.068034, 0.147645, 0.956992, 0.28081, 0.0, 0.0, 0.0, 1.0],
                [0.995185, -0.072263, -0.062038, -0.141564, 0.051789, 0.925564, -0.292508, 0.175098, 0.083169, 0.28801, 0.923388, 0.57288, 0.0, 0.0, 0.0, 1.0],
                [0.995185, -0.061932, -0.072341, -0.146945, 0.051797, 0.959436, -0.147772, 0.244015, 0.08317, 0.143381, 0.956511, 0.594325, 0.0, 0.0, 0.0, 1.0]
            ]
        },
        {
            "name": "Elbow_R",
            "time": [0.0, 0.2667, 0.45, 0.6167, 1.15],
            "transform": [
                [-1.0, 0.0, -0.0, -0.0, 0.0, -0.0, -1.0, 0.429832, -0.0, -1.0, 0.0, 0.0, 0.0, 0.0, 0.0, 1.0],
                [-1.0, 0.0, -0.0, -0.0, 0.0, -0.0, -1.0, 0.429832, -0.0, -1.0, 0.0, 0.0, 0.0, 0.0, 0.0, 1.0],
                [-1.0, 0.0, 0.0, -0.0, 0.0, -0.0, -1.0, 0.429832, -0.0, -1.0, 0.0, -0.0, 0.0, 0.0, 0.0, 1.0],
                [-1.0, 0.0, 0.0, -0.0, 0.0, -0.0, -1.0, 0.429832, -0.0, -1.0, 0.0, -0.0, 0.0, 0.0, 0.0, 1.0],
                [-1.0, 0.0, -0.0, 0.0, 0.0, -0.0, -1.0, 0.429832, -0.0, -1.0, 0.0, 0.0, 0.0, 0.0, 0.0, 1.0]
            ]
        },
        {
            "name": "Shoulder_L",
            "time": [0.0, 0.2667, 0.45, 0.6167, 1.15],
            "transform": [
                [-0.503935, -0.756081, -0.417602, -0.0, -0.15956, -0.39367, 0.905298, 0.4, -0.848876, 0.522844, 0.077744, -0.0, 0.0, 0.0, 0.0, 1.0],
                [0.144721, -0.964135, -0.222485, -0.0, 0.150739, -0.200745, 0.967977, 0.4, -0.977923, -0.173624, 0.11628, 0.0, 0.0, 0.0, 0.0, 1.0],
                [0.144721, -0.964135, -0.222485, -0.0, 0.150739, -0.200745, 0.967977, 0.4, -0.977923, -0.173624, 0.11628, 0.0, 0.0, 0.0, 0.0, 1.0],
                [0.144721, -0.964135, -0.222485, 0.0, 0.150739, -0.200745, 0.967977, 0.4, -0.977923, -0.173624, 0.11628, 0.0, 0.0, 0.0, 0.0, 1.0],
                [0.144721, -0.964135, -0.222485, 0.0, 0.150739, -0.200745, 0.967977, 0.4, -0.977923, -0.173624, 0.11628, 0.0, 0.0, 0.0, 0.0, 1.0]
            ]
        },
        {
            "name": "Arm_L",
            "time": [0.0, 0.1333, 0.2667, 0.35, 0.45, 0.6167, 1.15],
            "transform": [
                [-0.846677, -0.311692, -0.431262, 0.0, 0.425666, 0.08958, -0.900435, 0.393861, 0.319291, -0.945951, 0.056831, 0.0, 0.0, 0.0, 0.0, 1.0],
                [-0.812519, 0.57598, 0.089773, -0.0, 0.282282, 0.523504, -0.803903, 0.39386, -0.510029, -0.627846, -0.587946, -0.0, 0.0, 0.0, 0.0, 1.0],
                [-0.968278, 0.244131, -0.053281, -0.0, 0.086618, 0.12792, -0.987995, 0.39386, -0.234384, -0.961268, -0.145009, 0.0, 0.0, 0.0, 0.0, 1.0],
                [-0.037555, 0.984018, -0.174066, 0.0, 0.428724, -0.141477, -0.892289, 0.39386, -0.902654, -0.108136, -0.416559, 0.0, 0.0, 0.0, 0.0, 1.0],
                [0.760238, 0.637086, 0.12712, -0.0, 0.502914, -0.453285, -0.735942, 0.39386, -0.411237, 0.623421, -0.665004, -0.0, 0.0, 0.0, 0.0, 1.0],
                [0.781657, 0.604051, 0.155351, 0.0, 0.507859, -0.471822, -0.720738, 0.39386, -0.362065, 0.642267, -0.675576, -0.0, 0.0, 0.0, 0.0, 1.0],
                [0.795378, 0.6061, -0.004051, 0.0, -0.218681, 0.280727, -0.934543, 0.39386, -0.565289, 0.744201, 0.355826, 0.0, 0.0, 0.0, 0.0, 1.0]
            ]
        },
        {
            "name": "Hand_L",
            "time": [0.0, 0.1333, 0.2667, 0.45, 0.6167, 1.15],
            "transform": [
                [0.999993, -0.000981, -0.003668, 0.0, 0.000938, 0.999931, -0.011754, 0.3, 0.003679, 0.011751, 0.999924, -0.0, 0.0, 0.0, 0.0, 1.0],
                [0.999993, -0.002569, -0.002796, -0.0, 0.000938, 0.880696, -0.473682, 0.3, 0.003679, 0.473676, 0.880692, -0.0, 0.0, 0.0, 0.0, 1.0],
                [0.999993, -0.000699, -0.003732, 0.0, 0.000938, 0.997925, 0.064381, 0.3, 0.003679, -0.064384, 0.997919, 0.0, 0.0, 0.0, 0.0, 1.0],
                [0.999993, -0.000699, -0.003732, 0.0, 0.000938, 0.997925, 0.064381, 0.3, 0.003679, -0.064384, 0.997919, -0.0, 0.0, 0.0, 0.0, 1.0],
                [0.999993, -0.000699, -0.003732, 0.0, 0.000938, 0.997925, 0.064381, 0.3, 0.003679, -0.064384, 0.997919, 0.0, 0.0, 0.0, 0.0, 1.0],
                [0.999993, -0.003786, -0.000293, 0.0, 0.000938, 0.321048, -0.947063, 0.3, 0.003679, 0.947056, 0.321049, 0.0, 0.0, 0.0, 0.0, 1.0]
            ]
        },
        {
            "name": "Tool_L",
            "time": [0.0, 0.2667, 0.45, 0.6167, 1.15],
            "transform": [
                [0.997004, 0.01104, -0.076554, -0.0, -0.036659, -0.804079, -0.593391, 0.272858, -0.068067, 0.594062, -0.8008, -0.0, 0.0, 0.0, 0.0, 1.0],
                [0.997004, 0.01104, -0.076554, 0.0, -0.036659, -0.804079, -0.593391, 0.272858, -0.068067, 0.594062, -0.8008, -0.0, 0.0, 0.0, 0.0, 1.0],
                [0.997004, 0.01104, -0.076554, 0.0, -0.036659, -0.804079, -0.593391, 0.272858, -0.068067, 0.594062, -0.8008, -0.0, 0.0, 0.0, 0.0, 1.0],
                [0.997004, 0.01104, -0.076554, -0.0, -0.036659, -0.804079, -0.593391, 0.272858, -0.068067, 0.594062, -0.8008, -0.0, 0.0, 0.0, 0.0, 1.0],
                [0.997004, 0.01104, -0.076554, 0.0, -0.036659, -0.804079, -0.593391, 0.272858, -0.068067, 0.594062, -0.8008, -0.0, 0.0, 0.0, 0.0, 1.0]
            ]
        },
        {
            "name": "Elbow_L",
            "time": [0.0, 0.1333, 0.2667, 0.45, 0.6167, 1.15],
            "transform": [
                [-1.0, 0.0, 0.0, 2.7e-05, 0.0, -0.0, -1.0, 0.396148, -0.0, -1.0, -0.0, -0.002121, 0.0, 0.0, 0.0, 1.0],
                [-1.0, 0.0, -0.0, 2.7e-05, 0.0, -0.252428, -0.967616, 0.396147, -0.0, -0.967616, 0.252428, -0.002121, 0.0, 0.0, 0.0, 1.0],
                [-1.0, 0.0, -0.0, 2.7e-05, 0.0, -0.252428, -0.967616, 0.396148, -0.0, -0.967616, 0.252428, -0.002121, 0.0, 0.0, 0.0, 1.0],
                [-1.0, 0.0, -0.0, 2.7e-05, 0.0, -0.252428, -0.967616, 0.396148, -0.0, -0.967616, 0.252428, -0.002121, 0.0, 0.0, 0.0, 1.0],
                [-1.0, 0.0, -0.0, 2.7e-05, 0.0, -0.252428, -0.967616, 0.396148, -0.0, -0.967616, 0.252428, -0.002121, 0.0, 0.0, 0.0, 1.0],
                [-1.0, 0.0, -0.0, 2.7e-05, 0.0, -0.252428, -0.967616, 0.396148, -0.0, -0.967616, 0.252428, -0.00212, 0.0, 0.0, 0.0, 1.0]
            ]
        }
    ]
}