{
    "animation": [
        {
            "name": "Root",
            "time": [0.0, 0.2333, 0.3833, 0.4167, 0.45, 0.5, 0.55, 0.7333, 1.1667],
            "transform": [
                [0.993337, 0.0, 0.115247, -0.002821, 0.115247, 0.0, -0.993337, -0.100438, 0.0, 1.0, 0.0, 0.652541, 0.0, 0.0, 0.0, 1.0],
                [0.993337, 0.0, 0.115247, -0.002821, 0.112252, -0.226475, -0.967527, -0.100438, 0.026101, 0.974017, -0.224966, 0.652541, 0.0, 0.0, 0.0, 1.0],
                [0.906666, 0.347339, -0.2394, -0.002821, -0.413786, 0.621827, -0.664915, 0.546491, -0.082086, 0.701916, 0.707513, 0.652541, 0.0, 0.0, 0.0, 1.0],
                [0.906666, 0.347339, -0.2394, -0.002821, -0.413786, 0.621827, -0.664915, 0.546491, -0.082086, 0.701916, 0.707513, 0.716128, 0.0, 0.0, 0.0, 1.0],
                [0.906666, 0.347339, -0.2394, -0.002821, -0.413786, 0.621827, -0.664915, 0.546491, -0.082086, 0.701916, 0.707513, 0.515705, 0.0, 0.0, 0.0, 1.0],
                [0.906666, 0.347339, -0.2394, -0.002821, -0.413786, 0.621827, -0.664915, 0.546491, -0.082086, 0.701916, 0.707513, 0.614968, 0.0, 0.0, 0.0, 1.0],
                [0.906666, 0.347339, -0.2394, -0.002821, -0.413786, 0.621827, -0.664915, 0.546491, -0.082086, 0.701916, 0.707513, 0.601364, 0.0, 0.0, 0.0, 1.0],
                [0.906666, 0.347339, -0.2394, -0.002821, -0.413786, 0.621827, -0.664915, 0.546491, -0.082086, 0.701916, 0.707513, 0.652541, 0.0, 0.0, 0.0, 1.0],
                [0.854689, 0.0, -0.51914, -0.007616, -0.51914, 0.0, -0.854689, 0.001678, 0.0, 1.0, 0.0, 0.764267, 0.0, 0.0, 0.0, 1.0]
            ]
        },
        {
            "name": "Thigh_R",
            "time": [0.0, 0.2333, 0.3833, 0.7333, 1.1667],
            "transform": [
                [0.999404, 0.01649, -0.030301, 0.124994, 0.033482, -0.675194, 0.736878, -0.002831, -0.008308, -0.737452, -0.675347, -1.2e-05, 0.0, 0.0, 0.0, 1.0],
                [0.999404, 0.025016, -0.023755, 0.124994, 0.033482, -0.869216, 0.493294, -0.002831, -0.008308, -0.493794, -0.869539, -1.2e-05, 0.0, 0.0, 0.0, 1.0],
                [0.873923, 0.239461, -0.422984, 0.124994, 0.396378, -0.854766, 0.335048, -0.002831, -0.281322, -0.460466, -0.841919, -1.2e-05, 0.0, 0.0, 0.0, 1.0],
                [0.873923, 0.239461, -0.422984, 0.124994, 0.396378, -0.854766, 0.335048, -0.002831, -0.281322, -0.460466, -0.841919, -1.2e-05, 0.0, 0.0, 0.0, 1.0],
                [0.992811, 0.11785, -0.020883, 0.124994, 0.118536, -0.992318, 0.035348, -0.002831, -0.016557, -0.037569, -0.999157, -1.2e-05, 0.0, 0.0, 0.0, 1.0]
            ]
        },
        {
            "name": "Leg_R",
            "time": [0.0, 0.2333, 0.3833, 0.7333, 1.1667],
            "transform": [
                [1.0, -0.0, 1e-06, 0.0, 0.0, 0.855484, 0.517829, 0.37472, -1e-06, -0.51783, 0.855483, -0.0, 0.0, 0.0, 0.0, 1.0],
                [1.0, -0.0, 1e-06, 0.0, 0.0, 0.855485, 0.517829, 0.37472, -1e-06, -0.51783, 0.855483, -0.0, 0.0, 0.0, 0.0, 1.0],
                [1.0, -1e-06, 1e-06, 0.0, 0.0, 0.855485, 0.517829, 0.37472, -1e-06, -0.51783, 0.855483, 0.0, 0.0, 0.0, 0.0, 1.0],
                [1.0, -1e-06, 1e-06, 0.0, 0.0, 0.855485, 0.517829, 0.37472, -1e-06, -0.51783, 0.855483, 0.0, 0.0, 0.0, 0.0, 1.0],
                [1.0, -0.0, 1e-06, 0.0, 0.0, 0.997612, 0.069073, 0.37472, -1e-06, -0.069073, 0.997611, -0.0, 0.0, 0.0, 0.0, 1.0]
            ]
        },
        {
            "name": "Knee_R",
            "time": [0.0, 0.2333, 0.3833, 0.7333, 1.1667],
            "transform": [
                [1.0, 0.0, -0.0, 0.0, -0.0, 1e-06, -1.0, 0.37472, -0.0, 1.0, 1e-06, -0.0, 0.0, 0.0, 0.0, 1.0],
                [1.0, 0.0, -0.0, 0.0, -0.0, 1e-06, -1.0, 0.37472, -0.0, 1.0, 1e-06, -0.0, 0.0, 0.0, 0.0, 1.0],
                [1.0, 0.0, -0.0, 0.0, -0.0, 1e-06, -1.0, 0.37472, -0.0, 1.0, 1e-06, 0.0, 0.0, 0.0, 0.0, 1.0],
                [1.0, 0.0, -0.0, 0.0, -0.0, 1e-06, -1.0, 0.37472, -0.0, 1.0, 1e-06, 0.0, 0.0, 0.0, 0.0, 1.0],
                [1.0, 0.0, -0.0, 0.0, -0.0, 1e-06, -1.0, 0.37472, -0.0, 1.0, 1e-06, -0.0, 0.0, 0.0, 0.0, 1.0]
            ]
        },
        {
            "name": "Thigh_L",
            "time": [0.0, 0.2333, 0.3833, 0.7333, 1.1667],
            "transform": [
                [0.793971, -0.22178, -0.566058, -0.125006, -0.438097, -0.854277, -0.279787, -0.002831, -0.421519, 0.470132, -0.775433, -1.2e-05, 0.0, 0.0, 0.0, 1.0],
                [0.793971, -0.22178, -0.566058, -0.125006, -0.438097, -0.854277, -0.279787, -0.002831, -0.42152, 0.470132, -0.775433, -1.2e-05, 0.0, 0.0, 0.0, 1.0],
                [0.896366, -0.260536, -0.358676, -0.125006, 0.364655, -0.026777, 0.930757, -0.002831, -0.2521, -0.965093, 0.071003, -1.2e-05, 0.0, 0.0, 0.0, 1.0],
                [0.896366, -0.260536, -0.358676, -0.125006, 0.364655, -0.026777, 0.930757, -0.002831, -0.2521, -0.965093, 0.071003, -1.2e-05, 0.0, 0.0, 0.0, 1.0],
                [0.659168, -0.135791, -0.739633, -0.125006, -0.117516, -0.990078, 0.077038, -0.002831, -0.742756, 0.036138, -0.668586, -1.2e-05, 0.0, 0.0, 0.0, 1.0]
            ]
        },
        {
            "name": "Leg_L",
            "time": [0.0, 0.2333, 0.3833, 0.7333, 1.1667],
            "transform": [
                [0.999989, -0.003029, -0.003542, 0.0, 0.003782, 0.97148, 0.237092, 0.37472, 0.002722, -0.237103, 0.971481, 0.0, 0.0, 0.0, 0.0, 1.0],
                [0.999989, -0.00131, -0.004472, -0.0, 0.003782, 0.788785, 0.614658, 0.37472, 0.002722, -0.614668, 0.788782, 0.0, 0.0, 0.0, 0.0, 1.0],
                [0.999989, -0.000118, -0.004659, 0.0, 0.003782, 0.604633, 0.796495, 0.37472, 0.002722, -0.796504, 0.604627, -0.0, 0.0, 0.0, 0.0, 1.0],
                [0.999989, -0.000118, -0.004659, 0.0, 0.003782, 0.604633, 0.796495, 0.37472, 0.002722, -0.796504, 0.604627, -0.0, 0.0, 0.0, 0.0, 1.0],
                [0.999989, -0.003452, -0.00313, 0.0, 0.003782, 0.993653, 0.112423, 0.37472, 0.002723, -0.112434, 0.993656, -0.0, 0.0, 0.0, 0.0, 1.0]
            ]
        },
        {
            "name": "Knee_L",
            "time": [0.0, 0.2333, 0.3833, 0.7333, 1.1667],
            "transform": [
                [1.0, 0.0, -0.0, 0.0, -0.0, 1e-06, -1.0, 0.37472, -0.0, 1.0, 1e-06, 0.0, 0.0, 0.0, 0.0, 1.0],
                [1.0, 0.0, -0.0, -0.0, -0.0, 1e-06, -1.0, 0.37472, -0.0, 1.0, 1e-06, 0.0, 0.0, 0.0, 0.0, 1.0],
                [1.0, 0.0, -0.0, 0.0, -0.0, 1e-06, -1.0, 0.37472, -0.0, 1.0, 1e-06, -0.0, 0.0, 0.0, 0.0, 1.0],
                [1.0, 0.0, -0.0, 0.0, -0.0, 1e-06, -1.0, 0.37472, -0.0, 1.0, 1e-06, -0.0, 0.0, 0.0, 0.0, 1.0],
                [1.0, 0.0, -0.0, 0.0, -0.0, 1e-06, -1.0, 0.37472, -0.0, 1.0, 1e-06, -0.0, 0.0, 0.0, 0.0, 1.0]
            ]
        },
        {
            "name": "Torso",
            "time": [0.0, 0.2333, 0.3833, 0.7333, 1.1667],
            "transform": [
                [0.968671, -0.020971, 0.247459, -0.0, 0.015653, 0.999603, 0.023441, 0.05, -0.247852, -0.018833, 0.968615, 0.0, 0.0, 0.0, 0.0, 1.0],
                [0.968671, -0.020971, 0.247459, -0.0, 0.015653, 0.999603, 0.023441, 0.05, -0.247852, -0.018833, 0.968615, 0.0, 0.0, 0.0, 0.0, 1.0],
                [0.973447, -0.228909, 0.000893, 0.0, 0.219987, 0.934412, -0.280144, 0.05, 0.063293, 0.272902, 0.959958, -0.0, 0.0, 0.0, 0.0, 1.0],
                [0.981615, -0.188457, 0.030261, 0.0, 0.186693, 0.914995, -0.357673, 0.05, 0.039717, 0.356747, 0.933357, -0.0, 0.0, 0.0, 0.0, 1.0],
                [0.99978, -0.020971, -0.000197, 0.0, 0.020971, 0.999603, 0.018833, 0.05, -0.000198, -0.018833, 0.999823, 0.0, 0.0, 0.0, 0.0, 1.0]
            ]
        },
        {
            "name": "Chest",
            "time": [0.0, 0.2333, 0.3833, 0.7333, 0.95, 1.1667],
            "transform": [
                [0.553118, 0.090014, 0.828226, -0.0, 0.074468, 0.984824, -0.156766, 0.3, -0.829768, 0.148387, 0.538021, -0.0, 0.0, 0.0, 0.0, 1.0],
                [0.525589, 0.014918, 0.850608, -0.0, 0.266138, 0.94678, -0.18105, 0.3, -0.808039, 0.321537, 0.493647, 0.0, 0.0, 0.0, 0.0, 1.0],
                [0.608751, -0.227429, 0.760064, 0.0, 0.248668, 0.964452, 0.089423, 0.3, -0.753383, 0.134567, 0.643666, 0.0, 0.0, 0.0, 0.0, 1.0],
                [0.586522, -0.2636, 0.765838, 0.0, 0.18399, 0.964199, 0.190966, 0.3, -0.788759, 0.028901, 0.614023, 0.0, 0.0, 0.0, 0.0, 1.0],
                [0.965901, -0.138497, -0.218753, 0.0, 0.136491, 0.990342, -0.024331, 0.3, 0.22001, -0.006357, 0.975477, -0.0, 0.0, 0.0, 0.0, 1.0],
                [0.999771, -0.021404, 0.000595, 0.0, 0.021411, 0.999605, -0.01819, 0.3, -0.000206, 0.018199, 0.999834, 0.0, 0.0, 0.0, 0.0, 1.0]
            ]
        },
        {
            "name": "Head",
            "time": [0.0, 0.2333, 0.3833, 0.7333, 1.1667],
            "transform": [
                [0.41112, 0.092938, -0.906831, -0.0, -0.159751, 0.98674, 0.028703, 0.4, 0.897474, 0.133066, 0.420515, 0.0, 0.0, 0.0, 0.0, 1.0],
                [0.41112, 0.092938, -0.906831, 0.0, -0.159751, 0.98674, 0.028703, 0.4, 0.897474, 0.133066, 0.420515, 0.0, 0.0, 0.0, 0.0, 1.0],
                [0.90403, 0.092938, -0.417244, -0.0, -0.139632, 0.98674, -0.082747, 0.4, 0.404021, 0.133066, 0.90502, -0.0, 0.0, 0.0, 0.0, 1.0],
                [0.986936, 0.092938, -0.131607, 0.0, -0.108961, 0.98674, -0.120298, 0.4, 0.118682, 0.133066, 0.983976, -0.0, 0.0, 0.0, 0.0, 1.0],
                [0.85311, 0.012325, 0.521585, -0.0, -0.006297, 0.999891, -0.013328, 0.4, -0.521692, 0.008086, 0.853095, -0.0, 0.0, 0.0, 0.0, 1.0]
            ]
        },
        {
            "name": "Shoulder_R",
            "time": [0.0, 0.2333, 0.3833, 0.7333, 1.1667],
            "transform": [
                [-0.061828, 0.98953, 0.13041, -0.0, 0.095328, -0.124208, 0.987666, 0.4, 0.993524, 0.073497, -0.08665, 0.0, 0.0, 0.0, 0.0, 1.0],
                [-0.061828, 0.98953, 0.13041, 0.0, 0.095328, -0.124208, 0.987666, 0.4, 0.993524, 0.073497, -0.08665, 0.0, 0.0, 0.0, 0.0, 1.0],
                [-0.061828, 0.98953, 0.13041, -0.0, 0.095328, -0.124208, 0.987666, 0.4, 0.993524, 0.073497, -0.08665, -0.0, 0.0, 0.0, 0.0, 1.0],
                [-0.061828, 0.98953, 0.13041, 0.0, 0.095328, -0.124208, 0.987666, 0.4, 0.993524, 0.073497, -0.08665, -0.0, 0.0, 0.0, 0.0, 1.0],
                [-0.276631, 0.925202, 0.259762, -0.0, 0.190162, -0.212262, 0.958532, 0.4, 0.941973, 0.314557, -0.11722, -0.0, 0.0, 0.0, 0.0, 1.0]
            ]
        },
        {
            "name": "Arm_R",
            "time": [0.0, 0.2333, 0.3833, 0.45, 0.7333, 1.1667],
            "transform": [
                [0.832524, -0.363453, 0.418097, -0.0, 0.183434, -0.531279, -0.8271, 0.39386, 0.522738, 0.765274, -0.375634, -0.0, 0.0, 0.0, 0.0, 1.0],
                [0.832524, -0.491246, 0.256087, 0.0, 0.183434, -0.191744, -0.96415, 0.39386, 0.522738, 0.849654, -0.06952, -0.0, 0.0, 0.0, 0.0, 1.0],
                [-0.127098, -0.820382, 0.557512, -0.0, 0.935945, -0.285291, -0.206436, 0.393861, 0.32841, 0.495563, 0.804092, 0.0, 0.0, 0.0, 0.0, 1.0],
                [-0.127098, -0.852461, 0.507106, -0.0, 0.935945, -0.272344, -0.223239, 0.393861, 0.32841, 0.44625, 0.832471, 0.0, 0.0, 0.0, 0.0, 1.0],
                [0.006949, -0.778604, 0.627477, 0.0, 0.907986, -0.257976, -0.330165, 0.39386, 0.418942, 0.572035, 0.705169, -0.0, 0.0, 0.0, 0.0, 1.0],
                [0.844974, 0.195057, -0.497967, 0.0, 0.520149, -0.083231, 0.85001, 0.39386, 0.124354, -0.977254, -0.171787, 0.0, 0.0, 0.0, 0.0, 1.0]
            ]
        },
        {
            "name": "Hand_R",
            "time": [0.0, 0.2333, 0.3833, 0.7333, 1.1667],
            "transform": [
                [0.999998, -0.000848, 0.001614, 0.0, 0.000868, 0.999919, -0.012686, 0.3, -0.001603, 0.012688, 0.999918, 0.0, 0.0, 0.0, 0.0, 1.0],
                [0.999998, -0.000348, 0.00179, -0.0, 0.000868, 0.954131, -0.299389, 0.3, -0.001603, 0.29939, 0.95413, 0.0, 0.0, 0.0, 0.0, 1.0],
                [0.999998, -0.000848, 0.001614, -0.0, 0.000868, 0.999919, -0.012686, 0.3, -0.001603, 0.012688, 0.999918, -0.0, 0.0, 0.0, 0.0, 1.0],
                [0.999998, -0.000848, 0.001614, 0.0, 0.000868, 0.999919, -0.012686, 0.3, -0.001603, 0.012688, 0.999918, -0.0, 0.0, 0.0, 0.0, 1.0],
                [0.999998, -0.000848, 0.001614, -0.0, 0.000868, 0.999919, -0.012686, 0.3, -0.001603, 0.012688, 0.999918, 0.0, 0.0, 0.0, 0.0, 1.0]
            ]
        },
        {
            "name": "Tool_R",
            "time": [0.0, 0.2333, 0.3, 0.3833, 0.7333, 0.85, 0.95, 1.1667],
            "transform": [
                [0.995185, -0.061932, -0.072341, -0.146945, 0.051797, 0.959436, -0.147772, 0.244015, 0.08317, 0.143381, 0.956511, 0.594325, 0.0, 0.0, 0.0, 1.0],
                [0.995184, -0.042236, -0.085335, -0.146945, 0.051809, 0.966349, 0.092463, 0.244016, 0.08317, -0.096466, 0.962364, 0.594325, 0.0, 0.0, 0.0, 1.0],
                [0.895799, 0.33597, 0.271376, 0.061778, -0.438804, 0.76572, 0.419895, 0.479059, -0.070647, -0.495409, 0.832046, 0.423465, 0.0, 0.0, 0.0, 1.0],
                [0.891643, 0.425566, 0.11205, -0.141901, -0.429933, 0.873542, -0.08473, 0.165857, -0.141804, 0.027395, 0.960334, 0.582645, 0.0, 0.0, 0.0, 1.0],
                [0.891637, 0.400953, 0.181295, -0.083482, -0.429946, 0.875461, 0.061797, 0.293412, -0.141805, -0.13309, 0.951479, 0.563254, 0.0, 0.0, 0.0, 1.0],
                [0.978133, 0.040321, 0.197918, 0.107711, 0.041013, 0.896451, -0.373421, 0.024701, -0.203777, 0.373529, 0.87381, 0.527335, 0.0, 0.0, 0.0, 1.0],
                [0.849109, -0.002531, -0.512956, -0.24549, -0.081038, 0.959932, -0.131234, 0.228925, 0.521655, 0.153072, 0.813595, 0.351492, 0.0, 0.0, 0.0, 1.0],
                [0.995182, 0.015962, -0.093876, 0.047346, 0.051843, 0.727781, 0.641806, 0.292138, 0.083177, -0.643825, 0.722313, 0.103695, 0.0, 0.0, 0.0, 1.0]
            ]
        },
        {
            "name": "Elbow_R",
            "time": [0.0, 0.2333, 0.3833, 0.7333, 1.1667],
            "transform": [
                [-1.0, 0.0, -0.0, 0.0, 0.0, -0.0, -1.0, 0.429832, -0.0, -1.0, 0.0, 0.0, 0.0, 0.0, 0.0, 1.0],
                [-1.0, 0.0, 0.0, -0.0, 0.0, -0.0, -1.0, 0.429832, -0.0, -1.0, 0.0, -0.0, 0.0, 0.0, 0.0, 1.0],
                [-1.0, 0.0, -0.0, -0.0, 0.0, -0.0, -1.0, 0.429832, -0.0, -1.0, 0.0, -0.0, 0.0, 0.0, 0.0, 1.0],
                [-1.0, 0.0, 0.0, 0.0, 0.0, -0.0, -1.0, 0.429832, -0.0, -1.0, 0.0, -0.0, 0.0, 0.0, 0.0, 1.0],
                [-1.0, 0.0, -0.0, -0.0, 0.0, -0.0, -1.0, 0.429832, -0.0, -1.0, 0.0, 0.0, 0.0, 0.0, 0.0, 1.0]
            ]
        },
        {
            "name": "Shoulder_L",
            "time": [0.0, 0.2333, 0.3833, 0.7333, 1.1667],
            "transform": [
                [0.144721, -0.964135, -0.222485, -0.0, 0.150739, -0.200745, 0.967977, 0.4, -0.977923, -0.173624, 0.11628, 0.0, 0.0, 0.0, 0.0, 1.0],
                [0.144721, -0.964135, -0.222485, 0.0, 0.150739, -0.200745, 0.967977, 0.4, -0.977923, -0.173624, 0.11628, 0.0, 0.0, 0.0, 0.0, 1.0],
                [0.596283, -0.771328, -0.222485, -0.0, 0.229464, -0.101818, 0.967977, 0.4, -0.769281, -0.628241, 0.11628, -0.0, 0.0, 0.0, 0.0, 1.0],
                [0.596283, -0.771328, -0.222485, 0.0, 0.229465, -0.101818, 0.967977, 0.4, -0.769281, -0.62824, 0.11628, -0.0, 0.0, 0.0, 0.0, 1.0],
                [-0.503935, -0.756081, -0.417602, -0.0, -0.15956, -0.39367, 0.905298, 0.4, -0.848876, 0.522844, 0.077744, -0.0, 0.0, 0.0, 0.0, 1.0]
            ]
        },
        {
            "name": "Arm_L",
            "time": [0.0, 0.2333, 0.3833, 0.7333, 0.95, 1.1667],
            "transform": [
                [0.795378, 0.6061, -0.004051, 0.0, -0.218681, 0.280727, -0.934543, 0.39386, -0.565289, 0.744201, 0.355826, 0.0, 0.0, 0.0, 0.0, 1.0],
                [0.795378, 0.6061, -0.004051, 0.0, -0.218681, 0.280727, -0.934543, 0.39386, -0.565289, 0.744201, 0.355826, 0.0, 0.0, 0.0, 0.0, 1.0],
                [-0.482301, 0.832967, 0.271204, 0.0, -0.815856, -0.314376, -0.485331, 0.39386, -0.319004, -0.455339, 0.831206, -0.0, 0.0, 0.0, 0.0, 1.0],
                [-0.472797, 0.869643, 0.142068, 0.0, -0.797271, -0.353523, -0.489265, 0.39386, -0.375262, -0.34459, 0.860486, 0.0, 0.0, 0.0, 0.0, 1.0],
                [-0.965666, -0.080313, -0.24706, -0.0, 0.144732, 0.62343, -0.768367, 0.39386, 0.215734, -0.777743, -0.590402, 0.0, 0.0, 0.0, 0.0, 1.0],
                [-0.846677, -0.311692, -0.431262, 0.0, 0.425666, 0.08958, -0.900435, 0.393861, 0.319291, -0.945951, 0.056831, 0.0, 0.0, 0.0, 0.0, 1.0]
            ]
        },
        {
            "name": "Hand_L",
            "time": [0.0, 0.2333, 0.3833, 0.7333, 1.1667],
            "transform": [
                [0.999993, -0.003786, -0.000293, -0.0, 0.000938, 0.321048, -0.947063, 0.3, 0.003679, 0.947056, 0.321049, -0.0, 0.0, 0.0, 0.0, 1.0],
                [0.999993, -0.003786, -0.000293, 0.0, 0.000938, 0.321048, -0.947063, 0.3, 0.003679, 0.947056, 0.321049, -0.0, 0.0, 0.0, 0.0, 1.0],
                [0.999993, -0.002242, -0.003064, 0.0, 0.000938, 0.92793, -0.372755, 0.3, 0.003679, 0.372749, 0.927925, 0.0, 0.0, 0.0, 0.0, 1.0],
                [0.999993, -0.002242, -0.003064, 0.0, 0.000938, 0.92793, -0.372755, 0.3, 0.003679, 0.372749, 0.927925, -0.0, 0.0, 0.0, 0.0, 1.0],
                [0.999993, -0.000981, -0.003668, 0.0, 0.000938, 0.999931, -0.011754, 0.3, 0.003679, 0.011751, 0.999924, -0.0, 0.0, 0.0, 0.0, 1.0]
            ]
        },
        {
            "name": "Tool_L",
            "time": [0.0, 0.2333, 0.3833, 0.7333, 1.1667],
            "transform": [
                [0.997004, 0.01104, -0.076554, 0.0, -0.036659, -0.804079, -0.593391, 0.272858, -0.068067, 0.594062, -0.8008, -0.0, 0.0, 0.0, 0.0, 1.0],
                [0.997004, 0.01104, -0.076554, -0.0, -0.036659, -0.804079, -0.593391, 0.272858, -0.068067, 0.594062, -0.8008, -0.0, 0.0, 0.0, 0.0, 1.0],
                [0.997004, 0.01104, -0.076554, 0.0, -0.036659, -0.804079, -0.593391, 0.272858, -0.068067, 0.594062, -0.8008, -0.0, 0.0, 0.0, 0.0, 1.0],
                [0.997004, 0.01104, -0.076554, -0.0, -0.036659, -0.804079, -0.593391, 0.272858, -0.068067, 0.594062, -0.8008, -0.0, 0.0, 0.0, 0.0, 1.0],
                [0.997004, 0.01104, -0.076554, -0.0, -0.036659, -0.804079, -0.593391, 0.272858, -0.068067, 0.594062, -0.8008, -0.0, 0.0, 0.0, 0.0, 1.0]
            ]
        },
        {
            "name": "Elbow_L",
            "time": [0.0, 0.2333, 0.3833, 0.7333, 1.1667],
            "transform": [
                [-1.0, 0.0, -0.0, 2.7e-05, 0.0, -0.252428, -0.967616, 0.396148, -0.0, -0.967616, 0.252428, -0.002121, 0.0, 0.0, 0.0, 1.0],
                [-1.0, 0.0, -0.0, 2.7e-05, 0.0, -0.252428, -0.967616, 0.396147, -0.0, -0.967616, 0.252428, -0.002121, 0.0, 0.0, 0.0, 1.0],
                [-1.0, 0.0, -0.0, 2.7e-05, 0.0, -0.252428, -0.967616, 0.353888, -0.0, -0.967616, 0.252428, -0.014946, 0.0, 0.0, 0.0, 1.0],
                [-1.0, 0.0, -0.0, 2.7e-05, 0.0, -0.252428, -0.967616, 0.353888, -0.0, -0.967616, 0.252428, -0.014946, 0.0, 0.0, 0.0, 1.0],
                [-1.0, 0.0, 0.0, 2.7e-05, 0.0, -0.0, -1.0, 0.396148, -0.0, -1.0, -0.0, -0.002121, 0.0, 0.0, 0.0, 1.0]
            ]
        }
    ]
}