{
    "animation": [
        {
            "name": "Root",
            "time": [0.0, 1.3667, 2.6],
            "transform": [
                [0.854689, 0.0, -0.51914, -5e-06, -0.51914, 0.0, -0.854689, 0.000946, 0.0, 1.0, 0.0, 0.459663, 0.0, 0.0, 0.0, 1.0],
                [0.854689, 0.0, -0.51914, -5e-06, -0.51914, 0.0, -0.854689, 0.000946, 0.0, 1.0, 0.0, 0.459663, 0.0, 0.0, 0.0, 1.0],
                [0.854689, 0.0, -0.51914, -5e-06, -0.51914, 0.0, -0.854689, 0.000946, 0.0, 1.0, 0.0, 0.459663, 0.0, 0.0, 0.0, 1.0]
            ]
        },
        {
            "name": "Thigh_R",
            "time": [0.0, 1.3667, 2.6],
            "transform": [
                [0.992811, 0.119164, -0.011165, 0.124994, 0.118536, -0.991881, -0.04601, -0.002831, -0.016557, 0.044356, -0.998879, -1.2e-05, 0.0, 0.0, 0.0, 1.0],
                [0.992811, 0.119164, -0.011165, 0.124994, 0.118536, -0.991881, -0.04601, -0.002831, -0.016557, 0.044356, -0.998879, -1.2e-05, 0.0, 0.0, 0.0, 1.0],
                [0.992811, 0.119164, -0.011165, 0.124994, 0.118536, -0.991881, -0.04601, -0.002831, -0.016557, 0.044356, -0.998879, -1.2e-05, 0.0, 0.0, 0.0, 1.0]
            ]
        },
        {
            "name": "Leg_R",
            "time": [0.0, 1.3667, 2.6],
            "transform": [
                [1.0, -1e-06, -0.0, -0.0, 0.0, 0.02323, 0.99973, 0.37472, -1e-06, -0.999731, 0.02323, 0.0, 0.0, 0.0, 0.0, 1.0],
                [1.0, -1e-06, -0.0, -0.0, 0.0, 0.02323, 0.99973, 0.37472, -1e-06, -0.999731, 0.02323, 0.0, 0.0, 0.0, 0.0, 1.0],
                [1.0, -1e-06, -0.0, -0.0, 0.0, 0.02323, 0.99973, 0.37472, -1e-06, -0.999731, 0.02323, 0.0, 0.0, 0.0, 0.0, 1.0]
            ]
        },
        {
            "name": "Knee_R",
            "time": [0.0, 1.3667, 2.6],
            "transform": [
                [1.0, 0.0, -0.0, -0.0, -0.0, 0.345369, -0.938467, 0.37472, -0.0, 0.938467, 0.345369, 0.0, 0.0, 0.0, 0.0, 1.0],
                [1.0, 0.0, -0.0, -0.0, -0.0, 0.345369, -0.938467, 0.37472, -0.0, 0.938467, 0.345369, 0.0, 0.0, 0.0, 0.0, 1.0],
                [1.0, 0.0, -0.0, -0.0, -0.0, 0.345369, -0.938467, 0.37472, -0.0, 0.938467, 0.345369, 0.0, 0.0, 0.0, 0.0, 1.0]
            ]
        },
        {
            "name": "Thigh_L",
            "time": [0.0, 1.3667, 2.6],
            "transform": [
                [0.869242, -0.484796, -0.096898, -0.125006, -0.021407, -0.232723, 0.972307, -0.002831, -0.493921, -0.843097, -0.212671, -1.2e-05, 0.0, 0.0, 0.0, 1.0],
                [0.869242, -0.484796, -0.096898, -0.125006, -0.021407, -0.232723, 0.972307, -0.002831, -0.493921, -0.843097, -0.212671, -1.2e-05, 0.0, 0.0, 0.0, 1.0],
                [0.869242, -0.484796, -0.096898, -0.125006, -0.021407, -0.232723, 0.972307, -0.002831, -0.493921, -0.843097, -0.212671, -1.2e-05, 0.0, 0.0, 0.0, 1.0]
            ]
        },
        {
            "name": "Leg_L",
            "time": [0.0, 1.3667, 2.6],
            "transform": [
                [0.999989, 0.001584, -0.004382, -0.0, 0.003782, 0.273534, 0.961855, 0.37472, 0.002722, -0.961861, 0.273525, -0.0, 0.0, 0.0, 0.0, 1.0],
                [0.999989, 0.001584, -0.004382, -0.0, 0.003782, 0.273534, 0.961855, 0.37472, 0.002722, -0.961861, 0.273525, -0.0, 0.0, 0.0, 0.0, 1.0],
                [0.999989, 0.001584, -0.004382, -0.0, 0.003782, 0.273534, 0.961855, 0.37472, 0.002722, -0.961861, 0.273525, -0.0, 0.0, 0.0, 0.0, 1.0]
            ]
        },
        {
            "name": "Knee_L",
            "time": [0.0, 1.3667, 2.6],
            "transform": [
                [1.0, 0.0, -0.0, -0.0, -0.0, 0.468905, -0.883249, 0.37472, -0.0, 0.883249, 0.468904, -0.0, 0.0, 0.0, 0.0, 1.0],
                [1.0, 0.0, -0.0, -0.0, -0.0, 0.468905, -0.883249, 0.37472, -0.0, 0.883249, 0.468904, -0.0, 0.0, 0.0, 0.0, 1.0],
                [1.0, 0.0, -0.0, -0.0, -0.0, 0.468905, -0.883249, 0.37472, -0.0, 0.883249, 0.468904, -0.0, 0.0, 0.0, 0.0, 1.0]
            ]
        },
        {
            "name": "Torso",
            "time": [0.0, 1.3667, 2.6],
            "transform": [
                [0.99978, -0.020971, -0.000197, -0.0, 0.020971, 0.999603, 0.018833, 0.05, -0.000198, -0.018833, 0.999823, 0.0, 0.0, 0.0, 0.0, 1.0],
                [0.99978, -0.020971, -0.000197, -0.0, 0.020971, 0.999603, 0.018833, 0.05, -0.000198, -0.018833, 0.999823, 0.0, 0.0, 0.0, 0.0, 1.0],
                [0.99978, -0.020971, -0.000197, -0.0, 0.020971, 0.999603, 0.018833, 0.05, -0.000198, -0.018833, 0.999823, 0.0, 0.0, 0.0, 0.0, 1.0]
            ]
        },
        {
            "name": "Chest",
            "time": [0.0, 1.3667, 2.6],
            "transform": [
                [0.999771, -0.021316, -0.002029, -0.0, 0.021411, 0.994316, 0.104295, 0.3, -0.000206, -0.104315, 0.994544, 0.0, 0.0, 0.0, 0.0, 1.0],
                [0.997333, -0.072541, 0.008065, -0.0, 0.069245, 0.975325, 0.209631, 0.3, -0.023073, -0.208513, 0.977747, 0.0, 0.0, 0.0, 0.0, 1.0],
                [0.999771, -0.021316, -0.002029, -0.0, 0.021411, 0.994316, 0.104295, 0.3, -0.000206, -0.104315, 0.994544, 0.0, 0.0, 0.0, 0.0, 1.0]
            ]
        },
        {
            "name": "Head",
            "time": [0.0, 1.3667, 2.6],
            "transform": [
                [0.853111, 0.037721, 0.520365, -0.0, -0.006297, 0.998055, -0.062025, 0.4, -0.521692, 0.049637, 0.851689, -0.0, 0.0, 0.0, 0.0, 1.0],
                [0.85311, 0.100667, 0.511926, 0.0, -0.006297, 0.983124, -0.18283, 0.4, -0.521692, 0.152751, 0.839347, -0.0, 0.0, 0.0, 0.0, 1.0],
                [0.853111, 0.037721, 0.520365, -0.0, -0.006297, 0.998055, -0.062025, 0.4, -0.521692, 0.049637, 0.851689, -0.0, 0.0, 0.0, 0.0, 1.0]
            ]
        },
        {
            "name": "Shoulder_R",
            "time": [0.0, 1.3667, 2.6],
            "transform": [
                [0.110305, 0.959352, 0.259762, -0.0, 0.091141, -0.270019, 0.958532, 0.4, 0.98971, -0.082056, -0.11722, -0.0, 0.0, 0.0, 0.0, 1.0],
                [0.110305, 0.959352, 0.259762, 0.0, 0.091141, -0.270019, 0.958532, 0.4, 0.98971, -0.082056, -0.11722, -0.0, 0.0, 0.0, 0.0, 1.0],
                [0.110305, 0.959352, 0.259762, -0.0, 0.091141, -0.270019, 0.958532, 0.4, 0.98971, -0.082056, -0.11722, -0.0, 0.0, 0.0, 0.0, 1.0]
            ]
        },
        {
            "name": "Arm_R",
            "time": [0.0, 1.3667, 2.6],
            "transform": [
                [0.015456, -0.105278, -0.994323, -0.0, 0.927372, 0.373297, -0.025109, 0.39386, 0.373821, -0.921719, 0.103402, 0.0, 0.0, 0.0, 0.0, 1.0],
                [0.015456, -0.105278, -0.994323, -0.0, 0.927372, 0.373297, -0.025109, 0.39386, 0.373821, -0.921719, 0.103402, -0.0, 0.0, 0.0, 0.0, 1.0],
                [0.015456, -0.105278, -0.994323, -0.0, 0.927372, 0.373297, -0.025109, 0.39386, 0.373821, -0.921719, 0.103402, 0.0, 0.0, 0.0, 0.0, 1.0]
            ]
        },
        {
            "name": "Hand_R",
            "time": [0.0, 1.3667, 2.6],
            "transform": [
                [0.999998, -0.000848, 0.001614, -0.0, 0.000868, 0.999919, -0.012686, 0.3, -0.001603, 0.012688, 0.999918, 0.0, 0.0, 0.0, 0.0, 1.0],
                [0.999998, -0.000848, 0.001614, 0.0, 0.000868, 0.999919, -0.012686, 0.3, -0.001603, 0.012688, 0.999918, 0.0, 0.0, 0.0, 0.0, 1.0],
                [0.999998, -0.000848, 0.001614, -0.0, 0.000868, 0.999919, -0.012686, 0.3, -0.001603, 0.012688, 0.999918, 0.0, 0.0, 0.0, 0.0, 1.0]
            ]
        },
        {
            "name": "Tool_R",
            "time": [0.0, 1.3667, 2.6],
            "transform": [
                [-0.922529, 0.238729, 0.289108, 0.010704, -0.336658, -0.864423, -0.300716, 0.330594, 0.188573, -0.374906, 0.876437, 0.180402, 0.0, 0.0, 0.0, 1.0],
                [-0.922523, 0.197216, 0.318833, 0.010704, -0.336672, -0.815516, -0.415234, 0.330594, 0.188574, -0.490607, 0.817434, 0.180402, 0.0, 0.0, 0.0, 1.0],
                [-0.922529, 0.238729, 0.289108, 0.010704, -0.336658, -0.864423, -0.300716, 0.330594, 0.188573, -0.374906, 0.876437, 0.180402, 0.0, 0.0, 0.0, 1.0]
            ]
        },
        {
            "name": "Elbow_R",
            "time": [0.0, 1.3667, 2.6],
            "transform": [
                [-1.0, 0.0, -0.0, -0.0, 0.0, -0.0, -1.0, 0.429832, -0.0, -1.0, 0.0, 0.0, 0.0, 0.0, 0.0, 1.0],
                [-1.0, 0.0, -0.0, 0.0, 0.0, -0.0, -1.0, 0.429832, -0.0, -1.0, 0.0, 0.0, 0.0, 0.0, 0.0, 1.0],
                [-1.0, 0.0, -0.0, -0.0, 0.0, -0.0, -1.0, 0.429832, -0.0, -1.0, 0.0, 0.0, 0.0, 0.0, 0.0, 1.0]
            ]
        },
        {
            "name": "Shoulder_L",
            "time": [0.0, 1.3667, 2.6],
            "transform": [
                [-0.226937, -0.879834, -0.417602, -0.0, -0.021067, -0.424255, 0.905298, 0.4, -0.973681, 0.214243, 0.077744, -0.0, 0.0, 0.0, 0.0, 1.0],
                [-0.226937, -0.879834, -0.417602, 0.0, -0.021067, -0.424255, 0.905298, 0.4, -0.973681, 0.214243, 0.077744, -0.0, 0.0, 0.0, 0.0, 1.0],
                [-0.226937, -0.879834, -0.417602, -0.0, -0.021067, -0.424255, 0.905298, 0.4, -0.973681, 0.214243, 0.077744, -0.0, 0.0, 0.0, 0.0, 1.0]
            ]
        },
        {
            "name": "Arm_L",
            "time": [0.0, 1.3667, 2.6],
            "transform": [
                [-0.552904, 0.581735, 0.596559, 0.0, -0.525776, 0.311847, -0.791398, 0.39386, -0.646419, -0.751223, 0.133441, -0.0, 0.0, 0.0, 0.0, 1.0],
                [-0.552904, 0.581734, 0.596559, -0.0, -0.525776, 0.311847, -0.791398, 0.39386, -0.646419, -0.751223, 0.133441, 0.0, 0.0, 0.0, 0.0, 1.0],
                [-0.552904, 0.581735, 0.596559, 0.0, -0.525776, 0.311847, -0.791398, 0.39386, -0.646419, -0.751223, 0.133441, -0.0, 0.0, 0.0, 0.0, 1.0]
            ]
        },
        {
            "name": "Hand_L",
            "time": [0.0, 1.3667, 2.6],
            "transform": [
                [0.999993, -0.001541, -0.00347, 0.0, 0.000938, 0.985901, -0.167329, 0.3, 0.003679, 0.167324, 0.985895, 0.0, 0.0, 0.0, 0.0, 1.0],
                [0.999993, -0.002333, -0.002996, 0.0, 0.000938, 0.916368, -0.400337, 0.3, 0.003679, 0.400331, 0.916363, 0.0, 0.0, 0.0, 0.0, 1.0],
                [0.999993, -0.001541, -0.00347, 0.0, 0.000938, 0.985901, -0.167329, 0.3, 0.003679, 0.167324, 0.985895, 0.0, 0.0, 0.0, 0.0, 1.0]
            ]
        },
        {
            "name": "Tool_L",
            "time": [0.0, 1.3667, 2.6],
            "transform": [
                [0.997004, 0.01104, -0.076554, 0.0, -0.036659, -0.804079, -0.593391, 0.272858, -0.068067, 0.594062, -0.8008, -0.0, 0.0, 0.0, 0.0, 1.0],
                [0.997004, 0.01104, -0.076554, -0.0, -0.036659, -0.804079, -0.593391, 0.272858, -0.068067, 0.594062, -0.8008, -0.0, 0.0, 0.0, 0.0, 1.0],
                [0.997004, 0.01104, -0.076554, 0.0, -0.036659, -0.804079, -0.593391, 0.272858, -0.068067, 0.594062, -0.8008, -0.0, 0.0, 0.0, 0.0, 1.0]
            ]
        },
        {
            "name": "Elbow_L",
            "time": [0.0, 1.3667, 2.6],
            "transform": [
                [-1.0, 0.0, -0.0, 2.7e-05, 0.0, -0.0, -1.0, 0.396148, -0.0, -1.0, -0.0, -0.002121, 0.0, 0.0, 0.0, 1.0],
                [-1.0, 0.0, -0.0, 2.7e-05, 0.0, -0.0, -1.0, 0.396147, -0.0, -1.0, -0.0, -0.002121, 0.0, 0.0, 0.0, 1.0],
                [-1.0, 0.0, -0.0, 2.7e-05, 0.0, -0.0, -1.0, 0.396148, -0.0, -1.0, -0.0, -0.002121, 0.0, 0.0, 0.0, 1.0]
            ]
        }
    ]
}