{
    "animation": [
        {
            "name": "Root",
            "time": [0.0, 0.35, 0.9833, 3.55, 3.9, 4.2667, 4.8167],
            "transform": [
                [0.898048, 0.0, 0.439897, -0.007616, 0.439897, 0.0, -0.898048, 0.001678, 0.0, 1.0, 0.0, 0.764267, 0.0, 0.0, 0.0, 1.0],
                [0.204763, -0.0, -0.978812, -0.007616, -0.970796, 0.127713, -0.203086, -1.53383, 0.125007, 0.991811, 0.026151, 0.653264, 0.0, 0.0, 0.0, 1.0],
                [0.204763, -0.0, -0.978812, -0.007616, -0.970796, 0.127713, -0.203086, -1.770688, 0.125007, 0.991811, 0.026151, 0.721603, 0.0, 0.0, 0.0, 1.0],
                [0.204763, -0.0, -0.978812, -0.007616, -0.970796, 0.127713, -0.203086, -1.770688, 0.125007, 0.991811, 0.026151, 0.721603, 0.0, 0.0, 0.0, 1.0],
                [0.280034, 0.01385, -0.95989, -0.007616, -0.958822, 0.05335, -0.278952, -1.791245, 0.047346, 0.99848, 0.028219, 0.725754, 0.0, 0.0, 0.0, 1.0],
                [0.99998, -0.003479, 0.0052, -0.007616, 0.00523, 0.008702, -0.999948, -1.966572, 0.003433, 0.999956, 0.00872, 0.76116, 0.0, 0.0, 0.0, 1.0],
                [0.854689, 0.0, -0.51914, -0.007616, -0.51914, 0.0, -0.854689, -1.981955, 0.0, 1.0, 0.0, 0.764267, 0.0, 0.0, 0.0, 1.0]
            ]
        },
        {
            "name": "Thigh_R",
            "time": [0.0, 0.1833, 0.35, 0.9833, 3.55, 3.9, 4.2667, 4.8167],
            "transform": [
                [0.959952, 0.101439, 0.261156, 0.124994, -0.018764, -0.906777, 0.421189, -0.002831, 0.279536, -0.409221, -0.868561, -1.2e-05, 0.0, 0.0, 0.0, 1.0],
                [0.922445, 0.320858, -0.21481, 0.124994, 0.376704, -0.869966, 0.318197, -0.002831, -0.084782, -0.374438, -0.923368, -1.2e-05, 0.0, 0.0, 0.0, 1.0],
                [0.874175, 0.475124, -0.100371, 0.124994, 0.485414, -0.860833, 0.152761, -0.002831, -0.013823, -0.182261, -0.983153, -1.2e-05, 0.0, 0.0, 0.0, 1.0],
                [0.992811, 0.11785, -0.020883, 0.124994, 0.118536, -0.992318, 0.035348, -0.002831, -0.016557, -0.037569, -0.999157, -1.2e-05, 0.0, 0.0, 0.0, 1.0],
                [0.992811, 0.11785, -0.020883, 0.124994, 0.118536, -0.992318, 0.035348, -0.002831, -0.016557, -0.037569, -0.999157, -1.2e-05, 0.0, 0.0, 0.0, 1.0],
                [0.992811, 0.11785, -0.020883, 0.124994, 0.118536, -0.992318, 0.035348, -0.002831, -0.016557, -0.037569, -0.999157, -1.2e-05, 0.0, 0.0, 0.0, 1.0],
                [0.992811, 0.11785, -0.020883, 0.124994, 0.118536, -0.992318, 0.035348, -0.002831, -0.016557, -0.037569, -0.999157, -1.2e-05, 0.0, 0.0, 0.0, 1.0],
                [0.992811, 0.11785, -0.020883, 0.124994, 0.118536, -0.992318, 0.035348, -0.002831, -0.016557, -0.037569, -0.999157, -1.2e-05, 0.0, 0.0, 0.0, 1.0]
            ]
        },
        {
            "name": "Leg_R",
            "time": [0.0, 0.1833, 0.35, 0.9833, 3.55, 3.9, 4.2667, 4.8167],
            "transform": [
                [1.0, -0.0, 1e-06, 0.0, 0.0, 0.997612, 0.069073, 0.37472, -1e-06, -0.069073, 0.997611, -0.0, 0.0, 0.0, 0.0, 1.0],
                [1.0, -1e-06, 0.0, -0.0, -0.0, 0.325219, 0.945638, 0.37472, -1e-06, -0.94564, 0.325218, 0.0, 0.0, 0.0, 0.0, 1.0],
                [1.0, -0.0, 1e-06, 0.0, 0.0, 0.915746, 0.401758, 0.37472, -1e-06, -0.401759, 0.915745, -0.0, 0.0, 0.0, 0.0, 1.0],
                [1.0, -0.0, 1e-06, 0.0, 0.0, 0.997612, 0.069073, 0.37472, -1e-06, -0.069073, 0.997611, -0.0, 0.0, 0.0, 0.0, 1.0],
                [1.0, -0.0, 1e-06, 0.0, 0.0, 0.997612, 0.069073, 0.37472, -1e-06, -0.069073, 0.997611, -0.0, 0.0, 0.0, 0.0, 1.0],
                [1.0, -0.0, 1e-06, -0.0, 0.0, 0.997612, 0.069073, 0.37472, -1e-06, -0.069073, 0.997611, -0.0, 0.0, 0.0, 0.0, 1.0],
                [1.0, -0.0, 1e-06, 0.0, 0.0, 0.997612, 0.069073, 0.37472, -1e-06, -0.069073, 0.997611, -0.0, 0.0, 0.0, 0.0, 1.0],
                [1.0, -0.0, 1e-06, 0.0, 0.0, 0.997612, 0.069073, 0.37472, -1e-06, -0.069073, 0.997611, 0.0, 0.0, 0.0, 0.0, 1.0]
            ]
        },
        {
            "name": "Knee_R",
            "time": [0.0, 0.9833, 3.55, 3.9, 4.2667, 4.8167],
            "transform": [
                [1.0, 0.0, -0.0, 0.0, -0.0, 1e-06, -1.0, 0.37472, -0.0, 1.0, 1e-06, -0.0, 0.0, 0.0, 0.0, 1.0],
                [1.0, 0.0, -0.0, 0.0, -0.0, 1e-06, -1.0, 0.37472, -0.0, 1.0, 1e-06, -0.0, 0.0, 0.0, 0.0, 1.0],
                [1.0, 0.0, -0.0, 0.0, -0.0, 1e-06, -1.0, 0.37472, -0.0, 1.0, 1e-06, -0.0, 0.0, 0.0, 0.0, 1.0],
                [1.0, 0.0, -0.0, -0.0, -0.0, 1e-06, -1.0, 0.37472, -0.0, 1.0, 1e-06, -0.0, 0.0, 0.0, 0.0, 1.0],
                [1.0, 0.0, -0.0, 0.0, -0.0, 1e-06, -1.0, 0.37472, -0.0, 1.0, 1e-06, -0.0, 0.0, 0.0, 0.0, 1.0],
                [1.0, 0.0, -0.0, 0.0, -0.0, 1e-06, -1.0, 0.37472, -0.0, 1.0, 1e-06, 0.0, 0.0, 0.0, 0.0, 1.0]
            ]
        },
        {
            "name": "Thigh_L",
            "time": [0.0, 0.1833, 0.35, 0.9833, 3.55, 3.9, 4.2667, 4.8167],
            "transform": [
                [0.980564, -0.176191, 0.086307, -0.125006, -0.129093, -0.910678, -0.392429, -0.002831, 0.14774, 0.373661, -0.915724, -1.2e-05, 0.0, 0.0, 0.0, 1.0],
                [0.907165, -0.207135, -0.366259, -0.125006, -0.154119, -0.97352, 0.168837, -0.002831, -0.391532, -0.096715, -0.915067, -1.2e-05, 0.0, 0.0, 0.0, 1.0],
                [0.359885, -0.814672, -0.454744, -0.125006, -0.137304, -0.52834, 0.837857, -0.002831, -0.922838, -0.239094, -0.302, -1.2e-05, 0.0, 0.0, 0.0, 1.0],
                [0.569535, -0.605863, -0.555481, -0.125006, -0.193002, -0.755473, 0.626108, -0.002831, -0.798986, -0.249381, -0.547201, -1.2e-05, 0.0, 0.0, 0.0, 1.0],
                [0.569535, -0.605863, -0.555481, -0.125006, -0.193002, -0.755473, 0.626108, -0.002831, -0.798986, -0.249381, -0.547201, -1.2e-05, 0.0, 0.0, 0.0, 1.0],
                [0.460356, -0.667458, -0.585296, -0.125006, -0.336986, -0.741355, 0.580373, -0.002831, -0.821287, -0.069941, -0.566212, -1.2e-05, 0.0, 0.0, 0.0, 1.0],
                [0.654212, -0.172766, -0.736313, -0.125006, -0.124973, -0.984871, 0.120048, -0.002831, -0.745914, 0.013483, -0.665905, -1.2e-05, 0.0, 0.0, 0.0, 1.0],
                [0.659168, -0.135791, -0.739633, -0.125006, -0.117516, -0.990078, 0.077038, -0.002831, -0.742756, 0.036138, -0.668586, -1.2e-05, 0.0, 0.0, 0.0, 1.0]
            ]
        },
        {
            "name": "Leg_L",
            "time": [0.0, 0.35, 0.9833, 3.55, 3.9, 4.2667, 4.8167],
            "transform": [
                [0.999989, -0.003452, -0.00313, -0.0, 0.003782, 0.993653, 0.112423, 0.37472, 0.002722, -0.112434, 0.993656, -0.0, 0.0, 0.0, 0.0, 1.0],
                [0.999989, -0.000657, -0.004613, -0.0, 0.003782, 0.692787, 0.721132, 0.37472, 0.002722, -0.721142, 0.692782, 0.0, 0.0, 0.0, 0.0, 1.0],
                [0.999989, -0.001914, -0.004249, -0.0, 0.003782, 0.866011, 0.50001, 0.37472, 0.002722, -0.50002, 0.866009, -0.0, 0.0, 0.0, 0.0, 1.0],
                [0.999989, -0.001914, -0.004249, -0.0, 0.003782, 0.866011, 0.50001, 0.37472, 0.002722, -0.50002, 0.866009, -0.0, 0.0, 0.0, 0.0, 1.0],
                [0.999989, 0.000873, -0.004577, 0.0, 0.003782, 0.421707, 0.906725, 0.37472, 0.002722, -0.906731, 0.4217, 0.0, 0.0, 0.0, 0.0, 1.0],
                [0.999989, -0.003357, -0.003232, -0.0, 0.003782, 0.989868, 0.141937, 0.37472, 0.002722, -0.141948, 0.989871, 0.0, 0.0, 0.0, 0.0, 1.0],
                [0.999989, -0.003452, -0.00313, 0.0, 0.003782, 0.993653, 0.112423, 0.37472, 0.002723, -0.112434, 0.993656, 0.0, 0.0, 0.0, 0.0, 1.0]
            ]
        },
        {
            "name": "Knee_L",
            "time": [0.0, 0.9833, 3.55, 3.9, 4.2667, 4.8167],
            "transform": [
                [1.0, 0.0, -0.0, -0.0, -0.0, 1e-06, -1.0, 0.37472, -0.0, 1.0, 1e-06, -0.0, 0.0, 0.0, 0.0, 1.0],
                [1.0, 0.0, -0.0, -0.0, -0.0, 1e-06, -1.0, 0.37472, -0.0, 1.0, 1e-06, -0.0, 0.0, 0.0, 0.0, 1.0],
                [1.0, 0.0, -0.0, -0.0, -0.0, 1e-06, -1.0, 0.37472, -0.0, 1.0, 1e-06, -0.0, 0.0, 0.0, 0.0, 1.0],
                [1.0, 0.0, -0.0, 0.0, -0.0, 1e-06, -1.0, 0.37472, -0.0, 1.0, 1e-06, 0.0, 0.0, 0.0, 0.0, 1.0],
                [1.0, 0.0, -0.0, -0.0, -0.0, 1e-06, -1.0, 0.37472, -0.0, 1.0, 1e-06, 0.0, 0.0, 0.0, 0.0, 1.0],
                [1.0, 0.0, -0.0, 0.0, -0.0, 1e-06, -1.0, 0.37472, -0.0, 1.0, 1e-06, 0.0, 0.0, 0.0, 0.0, 1.0]
            ]
        },
        {
            "name": "Torso",
            "time": [0.0, 0.9833, 3.55, 3.9, 4.2667, 4.8167],
            "transform": [
                [0.99978, -0.020971, -0.000197, -0.0, 0.020971, 0.999603, 0.018833, 0.05, -0.000198, -0.018833, 0.999823, 0.0, 0.0, 0.0, 0.0, 1.0],
                [0.99978, -0.020971, -0.000197, 0.0, 0.020971, 0.999603, 0.018833, 0.05, -0.000198, -0.018833, 0.999823, -0.0, 0.0, 0.0, 0.0, 1.0],
                [0.99978, -0.020971, -0.000197, 0.0, 0.020971, 0.999603, 0.018833, 0.05, -0.000198, -0.018833, 0.999823, -0.0, 0.0, 0.0, 0.0, 1.0],
                [0.99978, -0.020971, -0.000197, 0.0, 0.020971, 0.999603, 0.018833, 0.05, -0.000198, -0.018833, 0.999823, -0.0, 0.0, 0.0, 0.0, 1.0],
                [0.99978, -0.020971, -0.000197, -0.0, 0.020971, 0.999603, 0.018833, 0.05, -0.000198, -0.018833, 0.999823, 0.0, 0.0, 0.0, 0.0, 1.0],
                [0.99978, -0.020971, -0.000197, -0.0, 0.020971, 0.999603, 0.018833, 0.05, -0.000198, -0.018833, 0.999823, -0.0, 0.0, 0.0, 0.0, 1.0]
            ]
        },
        {
            "name": "Chest",
            "time": [0.0, 0.35, 0.9833, 1.3, 2.7, 3.55, 3.9, 4.2667, 4.8167],
            "transform": [
                [0.999771, -0.021404, 0.000595, 0.0, 0.021411, 0.999605, -0.01819, 0.3, -0.000206, 0.018199, 0.999834, -0.0, 0.0, 0.0, 0.0, 1.0],
                [0.990544, -0.110863, -0.080819, -0.0, 0.114668, 0.992426, 0.04406, 0.3, 0.075323, -0.052911, 0.995755, -0.0, 0.0, 0.0, 0.0, 1.0],
                [0.992751, 0.120191, 0.000595, 0.0, -0.12016, 0.992588, -0.01819, 0.3, -0.002777, 0.017987, 0.999834, -0.0, 0.0, 0.0, 0.0, 1.0],
                [0.999897, 0.014352, 0.000595, 0.0, -0.014339, 0.999732, -0.01819, 0.3, -0.000856, 0.01818, 0.999834, -0.0, 0.0, 0.0, 0.0, 1.0],
                [0.999897, 0.014352, 0.000595, 0.0, -0.014339, 0.999732, -0.01819, 0.3, -0.000856, 0.01818, 0.999834, -0.0, 0.0, 0.0, 0.0, 1.0],
                [0.992751, 0.120191, 0.000595, 0.0, -0.12016, 0.992588, -0.01819, 0.3, -0.002777, 0.017987, 0.999834, -0.0, 0.0, 0.0, 0.0, 1.0],
                [0.994314, 0.106483, 0.000595, -0.0, -0.106454, 0.994151, -0.01819, 0.3, -0.002529, 0.018023, 0.999834, -0.0, 0.0, 0.0, 0.0, 1.0],
                [0.956106, -0.010856, 0.29282, 0.0, 0.060754, 0.984942, -0.161858, 0.3, -0.286654, 0.172543, 0.942369, 0.0, 0.0, 0.0, 0.0, 1.0],
                [0.999771, -0.021404, 0.000595, 0.0, 0.021411, 0.999605, -0.01819, 0.3, -0.000206, 0.018199, 0.999834, 0.0, 0.0, 0.0, 0.0, 1.0]
            ]
        },
        {
            "name": "Head",
            "time": [0.0, 0.35, 0.9833, 1.3, 2.7, 3.55, 3.9, 4.2667, 4.8167],
            "transform": [
                [0.853111, 0.012325, 0.521585, 0.0, -0.006297, 0.999891, -0.013328, 0.4, -0.521692, 0.008086, 0.853096, 0.0, 0.0, 0.0, 0.0, 1.0],
                [0.550204, 0.012325, 0.834939, 0.0, -3e-05, 0.999891, -0.01474, 0.4, -0.83503, 0.008086, 0.550145, -0.0, 0.0, 0.0, 0.0, 1.0],
                [0.52213, 0.012325, 0.852777, 0.0, 0.000461, 0.999891, -0.014733, 0.4, -0.852866, 0.008086, 0.522067, 0.0, 0.0, 0.0, 0.0, 1.0],
                [0.566804, -0.186652, 0.802431, -0.0, 0.012399, 0.97582, 0.218226, 0.4, -0.82376, -0.113742, 0.555412, 0.0, 0.0, 0.0, 0.0, 1.0],
                [0.307623, -0.214954, 0.92691, -0.0, -0.062856, 0.96743, 0.245211, 0.4, -0.94943, -0.133694, 0.284092, 0.0, 0.0, 0.0, 0.0, 1.0],
                [0.52213, 0.012325, 0.852777, 0.0, 0.000461, 0.999891, -0.014733, 0.4, -0.852866, 0.008086, 0.522067, 0.0, 0.0, 0.0, 0.0, 1.0],
                [0.612658, 0.013016, 0.790241, 0.0, -0.00166, 0.999883, -0.015182, 0.4, -0.790346, 0.00799, 0.612608, 0.0, 0.0, 0.0, 0.0, 1.0],
                [0.986575, -0.012385, 0.162838, 0.0, -0.010954, 0.989856, 0.141652, 0.4, -0.16294, -0.141534, 0.976431, 0.0, 0.0, 0.0, 0.0, 1.0],
                [0.85311, 0.012325, 0.521585, 0.0, -0.006297, 0.999891, -0.013328, 0.4, -0.521692, 0.008086, 0.853095, 0.0, 0.0, 0.0, 0.0, 1.0]
            ]
        },
        {
            "name": "Shoulder_R",
            "time": [0.0, 0.9833, 3.55, 3.9, 4.2667, 4.8167],
            "transform": [
                [-0.276631, 0.925202, 0.259762, 0.0, 0.190162, -0.212262, 0.958532, 0.4, 0.941973, 0.314557, -0.11722, 0.0, 0.0, 0.0, 0.0, 1.0],
                [-0.276631, 0.925202, 0.259762, 0.0, 0.190162, -0.212262, 0.958532, 0.4, 0.941973, 0.314557, -0.11722, 0.0, 0.0, 0.0, 0.0, 1.0],
                [-0.276631, 0.925202, 0.259762, 0.0, 0.190162, -0.212262, 0.958532, 0.4, 0.941973, 0.314557, -0.11722, 0.0, 0.0, 0.0, 0.0, 1.0],
                [-0.276631, 0.925202, 0.259762, 0.0, 0.190162, -0.212262, 0.958532, 0.4, 0.941973, 0.314557, -0.11722, 0.0, 0.0, 0.0, 0.0, 1.0],
                [-0.276631, 0.925202, 0.259762, 0.0, 0.190162, -0.212262, 0.958532, 0.4, 0.941973, 0.314557, -0.11722, 0.0, 0.0, 0.0, 0.0, 1.0],
                [-0.276631, 0.925202, 0.259762, 0.0, 0.190162, -0.212262, 0.958532, 0.4, 0.941973, 0.314557, -0.11722, 0.0, 0.0, 0.0, 0.0, 1.0]
            ]
        },
        {
            "name": "Arm_R",
            "time": [0.0, 0.35, 0.9833, 3.55, 3.9, 4.2667, 4.8167],
            "transform": [
                [0.844974, 0.195057, -0.497967, -0.0, 0.520149, -0.083231, 0.850011, 0.39386, 0.124354, -0.977254, -0.171787, -0.0, 0.0, 0.0, 0.0, 1.0],
                [0.839092, 0.127059, -0.528943, 0.0, 0.458519, 0.358021, 0.813377, 0.39386, 0.292719, -0.925028, 0.242153, 0.0, 0.0, 0.0, 0.0, 1.0],
                [0.844974, 0.195057, -0.497967, -0.0, 0.520149, -0.083231, 0.850011, 0.393861, 0.124354, -0.977254, -0.171787, 0.0, 0.0, 0.0, 0.0, 1.0],
                [0.844974, 0.195057, -0.497967, -0.0, 0.520149, -0.083231, 0.850011, 0.393861, 0.124354, -0.977254, -0.171787, 0.0, 0.0, 0.0, 0.0, 1.0],
                [0.844974, 0.195057, -0.497967, -0.0, 0.520149, -0.083231, 0.850011, 0.39386, 0.124354, -0.977254, -0.171787, -0.0, 0.0, 0.0, 0.0, 1.0],
                [0.489008, 0.840061, -0.234879, -0.0, 0.819258, -0.349871, 0.454321, 0.39386, 0.29948, -0.414593, -0.859316, 0.0, 0.0, 0.0, 0.0, 1.0],
                [0.844974, 0.195057, -0.497967, -0.0, 0.520149, -0.083231, 0.85001, 0.39386, 0.124354, -0.977254, -0.171787, 0.0, 0.0, 0.0, 0.0, 1.0]
            ]
        },
        {
            "name": "Hand_R",
            "time": [0.0, 0.9833, 3.55, 3.9, 4.2667, 4.8167],
            "transform": [
                [0.999998, -0.000848, 0.001614, -0.0, 0.000868, 0.999919, -0.012686, 0.3, -0.001603, 0.012688, 0.999918, 0.0, 0.0, 0.0, 0.0, 1.0],
                [0.999998, -0.000848, 0.001614, 0.0, 0.000868, 0.999919, -0.012686, 0.3, -0.001603, 0.012688, 0.999918, -0.0, 0.0, 0.0, 0.0, 1.0],
                [0.999998, -0.000848, 0.001614, 0.0, 0.000868, 0.999919, -0.012686, 0.3, -0.001603, 0.012688, 0.999918, -0.0, 0.0, 0.0, 0.0, 1.0],
                [0.999998, -0.000848, 0.001614, -0.0, 0.000868, 0.999919, -0.012686, 0.3, -0.001603, 0.012688, 0.999918, 0.0, 0.0, 0.0, 0.0, 1.0],
                [0.999998, -0.000848, 0.001614, -0.0, 0.000868, 0.999919, -0.012686, 0.3, -0.001603, 0.012688, 0.999918, -0.0, 0.0, 0.0, 0.0, 1.0],
                [0.999998, -0.000848, 0.001614, 0.0, 0.000868, 0.999919, -0.012686, 0.3, -0.001603, 0.012688, 0.999918, 0.0, 0.0, 0.0, 0.0, 1.0]
            ]
        },
        {
            "name": "Tool_R",
            "time": [0.0, 0.35, 0.9833, 3.55, 3.9, 4.2667, 4.8167],
            "transform": [
                [0.995182, 0.015962, -0.093876, 0.047346, 0.051843, 0.727781, 0.641806, 0.292138, 0.083177, -0.643825, 0.722313, 0.103695, 0.0, 0.0, 0.0, 1.0],
                [0.995186, -0.074765, -0.058992, -0.083885, 0.051786, 0.912656, -0.330518, 0.109813, 0.083161, 0.32601, 0.910692, 0.292008, 0.0, 0.0, 0.0, 1.0],
                [0.995186, -0.064309, -0.070227, -0.100483, 0.051794, 0.953967, -0.17967, 0.176253, 0.083159, 0.175247, 0.9512, 0.335083, 0.0, 0.0, 0.0, 1.0],
                [0.995186, -0.064309, -0.070227, -0.100483, 0.051794, 0.953967, -0.17967, 0.176253, 0.083159, 0.175247, 0.9512, 0.335083, 0.0, 0.0, 0.0, 1.0],
                [0.995185, -0.058016, -0.075505, -0.086099, 0.051798, 0.965916, -0.096877, 0.187528, 0.083163, 0.092546, 0.962749, 0.312569, 0.0, 0.0, 0.0, 1.0],
                [0.996084, -0.053356, 0.067314, -0.043276, 0.057174, 0.970005, -0.030528, 0.279117, -0.067402, 0.034281, 0.967728, 0.125947, 0.0, 0.0, 0.0, 1.0],
                [0.995182, 0.015962, -0.093876, 0.047346, 0.051843, 0.727781, 0.641806, 0.292138, 0.083177, -0.643825, 0.722313, 0.103695, 0.0, 0.0, 0.0, 1.0]
            ]
        },
        {
            "name": "Elbow_R",
            "time": [0.0, 0.9833, 3.55, 3.9, 4.2667, 4.8167],
            "transform": [
                [-1.0, 0.0, 0.0, -0.0, 0.0, -0.0, -1.0, 0.429832, -0.0, -1.0, 0.0, 0.0, 0.0, 0.0, 0.0, 1.0],
                [-1.0, 0.0, -0.0, 0.0, 0.0, -0.0, -1.0, 0.429832, -0.0, -1.0, 0.0, -0.0, 0.0, 0.0, 0.0, 1.0],
                [-1.0, 0.0, -0.0, 0.0, 0.0, -0.0, -1.0, 0.429832, -0.0, -1.0, 0.0, -0.0, 0.0, 0.0, 0.0, 1.0],
                [-1.0, 0.0, -0.0, -0.0, -0.0, -0.0, -1.0, 0.429832, -0.0, -1.0, 0.0, 0.0, 0.0, 0.0, 0.0, 1.0],
                [-1.0, 0.0, -0.0, -0.0, -0.0, -0.0, -1.0, 0.429832, -0.0, -1.0, 0.0, -0.0, 0.0, 0.0, 0.0, 1.0],
                [-1.0, 0.0, -0.0, 0.0, 0.0, -0.0, -1.0, 0.429832, -0.0, -1.0, 0.0, 0.0, 0.0, 0.0, 0.0, 1.0]
            ]
        },
        {
            "name": "Shoulder_L",
            "time": [0.0, 0.35, 0.9833, 3.55, 3.9, 4.2667, 4.8167],
            "transform": [
                [-0.503935, -0.756081, -0.417602, 0.0, -0.15956, -0.39367, 0.905298, 0.4, -0.848876, 0.522844, 0.077744, 0.0, 0.0, 0.0, 0.0, 1.0],
                [0.019042, -0.833139, -0.552736, 0.0, 0.090391, -0.549138, 0.830829, 0.4, -0.995724, -0.065783, 0.064851, -0.0, 0.0, 0.0, 0.0, 1.0],
                [0.058871, -0.825127, -0.561871, 0.0, 0.11234, -0.553796, 0.825039, 0.4, -0.991924, -0.111691, 0.060092, 0.0, 0.0, 0.0, 0.0, 1.0],
                [0.058871, -0.825127, -0.561871, 0.0, 0.11234, -0.553796, 0.825039, 0.4, -0.991924, -0.111691, 0.060092, 0.0, 0.0, 0.0, 0.0, 1.0],
                [0.004066, -0.835643, -0.549258, 0.0, 0.082245, -0.547123, 0.833002, 0.4, -0.996604, -0.04856, 0.066503, 0.0, 0.0, 0.0, 0.0, 1.0],
                [-0.46655, -0.773887, -0.428287, 0.0, -0.144273, -0.411147, 0.900079, 0.4, -0.872649, 0.481722, 0.080169, 0.0, 0.0, 0.0, 0.0, 1.0],
                [-0.503935, -0.756081, -0.417602, 0.0, -0.15956, -0.39367, 0.905298, 0.4, -0.848876, 0.522844, 0.077744, 0.0, 0.0, 0.0, 0.0, 1.0]
            ]
        },
        {
            "name": "Arm_L",
            "time": [0.0, 0.35, 0.9833, 1.3, 2.7, 3.55, 3.9, 4.2667, 4.8167],
            "transform": [
                [-0.846677, -0.311692, -0.431262, 0.0, 0.425666, 0.08958, -0.900435, 0.39386, 0.319291, -0.945951, 0.056831, -0.0, 0.0, 0.0, 0.0, 1.0],
                [-0.568621, -0.585028, 0.578284, -0.0, -0.796016, 0.568605, -0.207478, 0.39386, -0.207435, -0.578299, -0.789013, 0.0, 0.0, 0.0, 0.0, 1.0],
                [0.877663, 0.003049, 0.479268, 0.0, -0.095521, 0.981031, 0.168682, 0.393861, -0.469663, -0.193826, 0.861306, -0.0, 0.0, 0.0, 0.0, 1.0],
                [0.877663, 0.003049, 0.479268, 0.0, -0.095521, 0.981031, 0.168682, 0.39386, -0.469663, -0.193826, 0.861306, -0.0, 0.0, 0.0, 0.0, 1.0],
                [0.877663, -0.036988, 0.477849, 0.0, -0.095521, 0.963516, 0.250024, 0.39386, -0.469663, -0.265081, 0.84211, -0.0, 0.0, 0.0, 0.0, 1.0],
                [0.877663, 0.003049, 0.479268, 0.0, -0.095521, 0.981031, 0.168682, 0.393861, -0.469663, -0.193826, 0.861306, -0.0, 0.0, 0.0, 0.0, 1.0],
                [0.877663, 0.003049, 0.479268, 0.0, -0.095521, 0.981031, 0.168682, 0.39386, -0.469663, -0.193826, 0.861306, -0.0, 0.0, 0.0, 0.0, 1.0],
                [-0.593208, -0.715246, -0.369496, -0.0, 0.197543, 0.315617, -0.928097, 0.393861, 0.780436, -0.623546, -0.045935, 0.0, 0.0, 0.0, 0.0, 1.0],
                [-0.846677, -0.311692, -0.431262, -0.0, 0.425666, 0.08958, -0.900435, 0.393861, 0.319291, -0.945951, 0.056831, 0.0, 0.0, 0.0, 0.0, 1.0]
            ]
        },
        {
            "name": "Hand_L",
            "time": [0.0, 0.35, 0.9833, 2.7, 3.55, 3.9, 4.2667, 4.8167],
            "transform": [
                [0.999993, -0.000981, -0.003668, 0.0, 0.000938, 0.999931, -0.011754, 0.3, 0.003679, 0.011751, 0.999924, -0.0, 0.0, 0.0, 0.0, 1.0],
                [0.995472, -0.076543, 0.056366, 0.0, 0.094938, 0.770834, -0.629922, 0.3, 0.004767, 0.632421, 0.774611, -0.0, 0.0, 0.0, 0.0, 1.0],
                [0.995472, -0.076543, 0.056366, 0.0, 0.094938, 0.770834, -0.629922, 0.3, 0.004768, 0.632421, 0.774611, -0.0, 0.0, 0.0, 0.0, 1.0],
                [0.995472, -0.060041, 0.073696, -0.0, 0.094938, 0.589092, -0.80247, 0.3, 0.004767, 0.805833, 0.592124, -0.0, 0.0, 0.0, 0.0, 1.0],
                [0.995472, -0.076543, 0.056366, 0.0, 0.094938, 0.770834, -0.629922, 0.3, 0.004768, 0.632421, 0.774611, -0.0, 0.0, 0.0, 0.0, 1.0],
                [0.995472, -0.076543, 0.056366, 0.0, 0.094938, 0.770834, -0.629922, 0.3, 0.004768, 0.632421, 0.774611, 0.0, 0.0, 0.0, 0.0, 1.0],
                [0.997955, -0.063819, -0.003668, 0.0, 0.063772, 0.997896, -0.011754, 0.3, 0.00441, 0.011497, 0.999925, 0.0, 0.0, 0.0, 0.0, 1.0],
                [0.999993, -0.000981, -0.003668, -0.0, 0.000938, 0.999931, -0.011754, 0.3, 0.003679, 0.011751, 0.999924, -0.0, 0.0, 0.0, 0.0, 1.0]
            ]
        },
        {
            "name": "Tool_L",
            "time": [0.0, 0.9833, 3.55, 3.9, 4.2667, 4.8167],
            "transform": [
                [0.997004, 0.01104, -0.076554, 0.0, -0.036659, -0.804079, -0.593391, 0.272858, -0.068067, 0.594062, -0.8008, -0.0, 0.0, 0.0, 0.0, 1.0],
                [0.997004, 0.01104, -0.076554, 0.0, -0.036659, -0.804079, -0.593391, 0.272858, -0.068067, 0.594062, -0.8008, -0.0, 0.0, 0.0, 0.0, 1.0],
                [0.997004, 0.01104, -0.076554, 0.0, -0.036659, -0.804079, -0.593391, 0.272858, -0.068067, 0.594062, -0.8008, -0.0, 0.0, 0.0, 0.0, 1.0],
                [0.997004, 0.01104, -0.076554, 0.0, -0.036659, -0.804079, -0.593391, 0.272858, -0.068067, 0.594062, -0.8008, -0.0, 0.0, 0.0, 0.0, 1.0],
                [0.997004, 0.01104, -0.076554, -0.0, -0.036659, -0.804079, -0.593391, 0.272858, -0.068067, 0.594062, -0.800801, -0.0, 0.0, 0.0, 0.0, 1.0],
                [0.997004, 0.01104, -0.076554, -0.0, -0.036659, -0.804079, -0.593391, 0.272858, -0.068067, 0.594062, -0.8008, -0.0, 0.0, 0.0, 0.0, 1.0]
            ]
        },
        {
            "name": "Elbow_L",
            "time": [0.0, 0.9833, 3.55, 3.9, 4.2667, 4.8167],
            "transform": [
                [-1.0, 0.0, -0.0, 2.7e-05, 0.0, 0.0, -1.0, 0.396147, -0.0, -1.0, 0.0, -0.002121, 0.0, 0.0, 0.0, 1.0],
                [-1.0, 0.0, -0.0, 2.7e-05, 0.0, -0.244024, -0.969769, 0.396147, -0.0, -0.969769, 0.244024, -0.002121, 0.0, 0.0, 0.0, 1.0],
                [-1.0, 0.0, -0.0, 2.7e-05, 0.0, -0.0, -1.0, 0.396147, -0.0, -1.0, 0.0, -0.002121, 0.0, 0.0, 0.0, 1.0],
                [-1.0, 0.0, -0.0, 2.7e-05, 0.0, -0.0, -1.0, 0.396148, -0.0, -1.0, 0.0, -0.002121, 0.0, 0.0, 0.0, 1.0],
                [-1.0, 0.0, -0.0, 2.7e-05, 0.0, -0.0, -1.0, 0.396148, -0.0, -1.0, -0.0, -0.002121, 0.0, 0.0, 0.0, 1.0],
                [-1.0, 0.0, 0.0, 2.7e-05, 0.0, -0.0, -1.0, 0.396148, -0.0, -1.0, -0.0, -0.002121, 0.0, 0.0, 0.0, 1.0]
            ]
        }
    ]
}