{
    "animation": [
        {
            "name": "Root",
            "time": [0.0, 0.2833, 0.3667, 0.4833, 0.8667, 1.3333],
            "transform": [
                [0.473209, 0.0, -0.88095, 0.000399, -0.88095, 0.0, -0.473209, -0.07148, 0.0, 1.0, 0.0, 0.581662, 0.0, 0.0, 0.0, 1.0],
                [-0.107284, 0.0, -0.994229, -0.340825, -0.994229, 0.0, 0.107284, -0.548517, 0.0, 1.0, 0.0, 0.581662, 0.0, 0.0, 0.0, 1.0],
                [0.918718, -0.038362, -0.393047, -0.340825, -0.382509, 0.161064, -0.909805, 1.889003, 0.098207, 0.986198, 0.133299, 0.581662, 0.0, 0.0, 0.0, 1.0],
                [0.992546, -0.079732, -0.092174, -0.340825, -0.075274, 0.193744, -0.97816, 2.513386, 0.095848, 0.977807, 0.186298, 0.581662, 0.0, 0.0, 0.0, 1.0],
                [0.987643, -0.038035, -0.152033, -0.340825, -0.131357, 0.32819, -0.935434, 2.221211, 0.085475, 0.943846, 0.319138, 0.687067, 0.0, 0.0, 0.0, 1.0],
                [0.854689, 0.0, -0.51914, -0.007616, -0.51914, 0.0, -0.854689, 1.590277, 0.0, 1.0, 0.0, 0.764267, 0.0, 0.0, 0.0, 1.0]
            ]
        },
        {
            "name": "Thigh_R",
            "time": [0.0, 0.2833, 0.3667, 0.4833, 0.8667, 1.3333],
            "transform": [
                [0.853105, 0.386898, -0.350029, 0.124994, 0.371003, -0.921556, -0.114402, -0.002831, -0.366834, -0.032264, -0.929727, -1.2e-05, 0.0, 0.0, 0.0, 1.0],
                [0.853105, 0.386898, -0.350029, 0.124994, 0.371003, -0.921556, -0.114402, -0.002831, -0.366834, -0.032264, -0.929727, -1.2e-05, 0.0, 0.0, 0.0, 1.0],
                [0.998706, -0.016828, -0.047979, 0.124994, 0.044842, -0.153284, 0.987164, -0.002831, -0.023967, -0.988037, -0.152332, -1.2e-05, 0.0, 0.0, 0.0, 1.0],
                [0.993832, -0.033322, 0.105766, 0.124994, -0.11089, -0.301197, 0.947092, -0.002831, 0.000297, -0.952977, -0.303036, -1.2e-05, 0.0, 0.0, 0.0, 1.0],
                [0.993832, -0.033322, 0.105766, 0.124994, -0.11089, -0.301197, 0.947092, -0.002831, 0.000297, -0.952977, -0.303036, -1.2e-05, 0.0, 0.0, 0.0, 1.0],
                [0.992811, 0.11785, -0.020883, 0.124994, 0.118536, -0.992318, 0.035348, -0.002831, -0.016557, -0.037569, -0.999157, -1.2e-05, 0.0, 0.0, 0.0, 1.0]
            ]
        },
        {
            "name": "Leg_R",
            "time": [0.0, 0.2833, 0.3667, 0.4833, 0.8667, 1.3333],
            "transform": [
                [1.0, -1e-06, 0.0, 0.0, 0.0, 0.711068, 0.703124, 0.37472, -1e-06, -0.703125, 0.711067, -0.0, 0.0, 0.0, 0.0, 1.0],
                [1.0, -1e-06, 0.0, -0.0, 0.0, 0.711068, 0.703124, 0.37472, -1e-06, -0.703125, 0.711067, 0.0, 0.0, 0.0, 0.0, 1.0],
                [1.0, -1e-06, -0.0, 0.0, -0.0, -0.097773, 0.995208, 0.37472, -1e-06, -0.99521, -0.097772, 0.0, 0.0, 0.0, 0.0, 1.0],
                [1.0, -1e-06, 0.0, -0.0, 0.0, 0.711068, 0.703124, 0.37472, -1e-06, -0.703125, 0.711067, -0.0, 0.0, 0.0, 0.0, 1.0],
                [1.0, -1e-06, 0.0, 0.0, 0.0, 0.711068, 0.703124, 0.37472, -1e-06, -0.703125, 0.711067, 0.0, 0.0, 0.0, 0.0, 1.0],
                [1.0, -0.0, 1e-06, 0.0, 0.0, 0.997612, 0.069073, 0.37472, -1e-06, -0.069073, 0.997611, -0.0, 0.0, 0.0, 0.0, 1.0]
            ]
        },
        {
            "name": "Knee_R",
            "time": [0.0, 0.2833, 0.3667, 0.4833, 0.8667, 1.3333],
            "transform": [
                [1.0, 0.0, -0.0, 0.0, -0.0, 1e-06, -1.0, 0.37472, -0.0, 1.0, 1e-06, -0.0, 0.0, 0.0, 0.0, 1.0],
                [1.0, 0.0, -0.0, -0.0, -0.0, 1e-06, -1.0, 0.37472, -0.0, 1.0, 1e-06, 0.0, 0.0, 0.0, 0.0, 1.0],
                [1.0, 0.0, -0.0, 0.0, -0.0, 1e-06, -1.0, 0.37472, -0.0, 1.0, 1e-06, 0.0, 0.0, 0.0, 0.0, 1.0],
                [1.0, 0.0, -0.0, -0.0, -0.0, 1e-06, -1.0, 0.37472, -0.0, 1.0, 1e-06, -0.0, 0.0, 0.0, 0.0, 1.0],
                [1.0, 0.0, -0.0, 0.0, -0.0, 1e-06, -1.0, 0.37472, -0.0, 1.0, 1e-06, 0.0, 0.0, 0.0, 0.0, 1.0],
                [1.0, 0.0, -0.0, 0.0, -0.0, 1e-06, -1.0, 0.37472, -0.0, 1.0, 1e-06, -0.0, 0.0, 0.0, 0.0, 1.0]
            ]
        },
        {
            "name": "Thigh_L",
            "time": [0.0, 0.2833, 0.3667, 0.4833, 0.8667, 1.3333],
            "transform": [
                [0.468163, -0.711352, -0.524215, -0.125006, -0.224176, -0.669449, 0.708225, -0.002831, -0.854732, -0.214048, -0.47288, -1.2e-05, 0.0, 0.0, 0.0, 1.0],
                [0.468163, -0.711352, -0.524215, -0.125006, -0.224176, -0.669449, 0.708225, -0.002831, -0.854732, -0.214048, -0.47288, -1.2e-05, 0.0, 0.0, 0.0, 1.0],
                [0.907412, 0.039949, -0.418338, -0.125006, -0.177467, -0.865924, -0.467634, -0.002831, -0.380931, 0.498578, -0.77866, -1.2e-05, 0.0, 0.0, 0.0, 1.0],
                [0.975442, -0.093454, -0.199445, -0.125006, -0.172151, -0.888333, -0.425709, -0.002831, -0.13739, 0.44959, -0.882606, -1.2e-05, 0.0, 0.0, 0.0, 1.0],
                [0.975442, -0.163128, -0.147991, -0.125006, -0.172151, -0.983787, -0.050278, -0.002831, -0.13739, 0.07452, -0.987709, -1.2e-05, 0.0, 0.0, 0.0, 1.0],
                [0.659168, -0.135791, -0.739633, -0.125006, -0.117516, -0.990078, 0.077038, -0.002831, -0.742756, 0.036138, -0.668586, -1.2e-05, 0.0, 0.0, 0.0, 1.0]
            ]
        },
        {
            "name": "Leg_L",
            "time": [0.0, 0.2833, 0.3667, 0.4833, 0.8667, 1.3333],
            "transform": [
                [0.999989, -0.00286, -0.00368, -0.0, 0.003782, 0.959304, 0.282349, 0.37472, 0.002722, -0.28236, 0.959305, -0.0, 0.0, 0.0, 0.0, 1.0],
                [0.999989, -0.00286, -0.00368, 0.0, 0.003782, 0.959304, 0.282349, 0.37472, 0.002722, -0.28236, 0.959305, -0.0, 0.0, 0.0, 0.0, 1.0],
                [0.999989, -0.00286, -0.00368, -0.0, 0.003782, 0.959304, 0.282349, 0.37472, 0.002722, -0.28236, 0.959305, -0.0, 0.0, 0.0, 0.0, 1.0],
                [0.999989, -0.00286, -0.00368, -0.0, 0.003782, 0.959304, 0.282349, 0.37472, 0.002722, -0.28236, 0.959305, 0.0, 0.0, 0.0, 0.0, 1.0],
                [0.999989, -0.00348, -0.003099, 0.0, 0.003782, 0.994634, 0.103386, 0.37472, 0.002722, -0.103397, 0.994637, 0.0, 0.0, 0.0, 0.0, 1.0],
                [0.999989, -0.003452, -0.00313, -0.0, 0.003782, 0.993653, 0.112423, 0.37472, 0.002723, -0.112434, 0.993656, 0.0, 0.0, 0.0, 0.0, 1.0]
            ]
        },
        {
            "name": "Knee_L",
            "time": [0.0, 0.2833, 0.3667, 0.4833, 0.8667, 1.3333],
            "transform": [
                [1.0, 0.0, -0.0, -0.0, -0.0, 1e-06, -1.0, 0.37472, -0.0, 1.0, 1e-06, -0.0, 0.0, 0.0, 0.0, 1.0],
                [1.0, 0.0, -0.0, 0.0, -0.0, 1e-06, -1.0, 0.37472, -0.0, 1.0, 1e-06, -0.0, 0.0, 0.0, 0.0, 1.0],
                [1.0, 0.0, -0.0, -0.0, -0.0, 1e-06, -1.0, 0.37472, -0.0, 1.0, 1e-06, -0.0, 0.0, 0.0, 0.0, 1.0],
                [1.0, 0.0, -0.0, -0.0, -0.0, 1e-06, -1.0, 0.37472, -0.0, 1.0, 1e-06, 0.0, 0.0, 0.0, 0.0, 1.0],
                [1.0, 0.0, -0.0, 0.0, -0.0, 1e-06, -1.0, 0.37472, -0.0, 1.0, 1e-06, 0.0, 0.0, 0.0, 0.0, 1.0],
                [1.0, 0.0, -0.0, -0.0, -0.0, 1e-06, -1.0, 0.37472, -0.0, 1.0, 1e-06, 0.0, 0.0, 0.0, 0.0, 1.0]
            ]
        },
        {
            "name": "Torso",
            "time": [0.0, 0.2833, 0.3667, 0.4833, 0.8667, 1.3333],
            "transform": [
                [0.992344, -0.020971, -0.121714, -0.0, 0.023105, 0.999603, 0.016145, 0.05, 0.121327, -0.018833, 0.992434, -0.0, 0.0, 0.0, 0.0, 1.0],
                [0.992343, -0.020971, -0.121714, -0.0, 0.023105, 0.999603, 0.016145, 0.05, 0.121328, -0.018833, 0.992434, -0.0, 0.0, 0.0, 0.0, 1.0],
                [0.978623, -0.021032, 0.204585, 0.0, 0.016719, 0.999601, 0.022785, 0.05, -0.204983, -0.018877, 0.978584, 0.0, 0.0, 0.0, 0.0, 1.0],
                [0.933727, -0.020971, 0.357371, 0.0, 0.012849, 0.999603, 0.025088, 0.05, -0.357755, -0.018833, 0.933626, 0.0, 0.0, 0.0, 0.0, 1.0],
                [0.852176, -0.020971, 0.522836, -0.0, 0.008021, 0.999603, 0.027021, 0.05, -0.523194, -0.018833, 0.852005, -0.0, 0.0, 0.0, 0.0, 1.0],
                [0.99978, -0.020971, -0.000197, 0.0, 0.020971, 0.999603, 0.018833, 0.05, -0.000198, -0.018833, 0.999823, -0.0, 0.0, 0.0, 0.0, 1.0]
            ]
        },
        {
            "name": "Chest",
            "time": [0.0, 0.2833, 0.3667, 0.4833, 0.8667, 1.3333],
            "transform": [
                [0.989531, 0.112128, -0.090857, 0.0, -0.078734, 0.947053, 0.311273, 0.3, 0.120949, -0.300861, 0.945967, 0.0, 0.0, 0.0, 0.0, 1.0],
                [0.989531, 0.085028, -0.11661, -0.0, -0.078734, 0.995232, 0.057565, 0.3, 0.120949, -0.047781, 0.991508, 0.0, 0.0, 0.0, 0.0, 1.0],
                [0.960028, 0.084341, -0.266896, 0.0, -0.068316, 0.99529, 0.068786, 0.3, 0.27144, -0.047803, 0.961268, -0.0, 0.0, 0.0, 0.0, 1.0],
                [0.92746, 0.085028, -0.364126, 0.0, -0.061531, 0.995232, 0.075675, 0.3, 0.368825, -0.047781, 0.92827, 0.0, 0.0, 0.0, 0.0, 1.0],
                [0.670409, 0.085028, -0.737104, -0.0, -0.021669, 0.995232, 0.095096, 0.3, 0.741675, -0.047781, 0.669055, 0.0, 0.0, 0.0, 0.0, 1.0],
                [0.999771, -0.021404, 0.000595, -0.0, 0.021411, 0.999605, -0.01819, 0.3, -0.000206, 0.018199, 0.999834, 0.0, 0.0, 0.0, 0.0, 1.0]
            ]
        },
        {
            "name": "Head",
            "time": [0.0, 0.2833, 0.3667, 0.4833, 0.8667, 1.3333],
            "transform": [
                [0.537477, 0.153848, 0.829125, -0.0, -0.23173, 0.972311, -0.030199, 0.4, -0.810814, -0.175902, 0.558247, -0.0, 0.0, 0.0, 0.0, 1.0],
                [0.537478, 0.153848, 0.829125, 0.0, -0.23173, 0.972311, -0.030199, 0.4, -0.810814, -0.175902, 0.558247, -0.0, 0.0, 0.0, 0.0, 1.0],
                [0.662682, 0.153848, 0.732928, -0.0, -0.233582, 0.972311, 0.007098, 0.4, -0.711542, -0.175902, 0.68027, 0.0, 0.0, 0.0, 0.0, 1.0],
                [0.699112, 0.153848, 0.698264, 0.0, -0.232918, 0.972311, 0.018972, 0.4, -0.676011, -0.175902, 0.715589, 0.0, 0.0, 0.0, 0.0, 1.0],
                [0.699112, 0.153848, 0.698264, -0.0, -0.232918, 0.972311, 0.018972, 0.4, -0.676011, -0.175902, 0.715589, -0.0, 0.0, 0.0, 0.0, 1.0],
                [0.85311, 0.012325, 0.521585, 0.0, -0.006297, 0.999891, -0.013328, 0.4, -0.521692, 0.008086, 0.853095, -0.0, 0.0, 0.0, 0.0, 1.0]
            ]
        },
        {
            "name": "Shoulder_R",
            "time": [0.0, 0.2833, 0.3667, 0.4833, 0.8667, 1.3333],
            "transform": [
                [0.103089, 0.934621, 0.340375, -0.0, 0.251589, -0.355572, 0.900151, 0.4, 0.962328, -0.007161, -0.271796, -0.0, 0.0, 0.0, 0.0, 1.0],
                [0.103089, 0.934621, 0.340375, 0.0, 0.251589, -0.355572, 0.900151, 0.4, 0.962328, -0.007161, -0.271796, -0.0, 0.0, 0.0, 0.0, 1.0],
                [0.103089, 0.934621, 0.340375, -0.0, 0.251589, -0.355572, 0.900151, 0.4, 0.962328, -0.007161, -0.271796, 0.0, 0.0, 0.0, 0.0, 1.0],
                [0.103089, 0.934621, 0.340375, 0.0, 0.251589, -0.355572, 0.900151, 0.4, 0.962328, -0.007161, -0.271796, 0.0, 0.0, 0.0, 0.0, 1.0],
                [0.103089, 0.934621, 0.340375, -0.0, 0.251589, -0.355572, 0.900151, 0.4, 0.962328, -0.007161, -0.271796, -0.0, 0.0, 0.0, 0.0, 1.0],
                [-0.276631, 0.925202, 0.259762, 0.0, 0.190162, -0.212262, 0.958532, 0.4, 0.941973, 0.314557, -0.11722, -0.0, 0.0, 0.0, 0.0, 1.0]
            ]
        },
        {
            "name": "Arm_R",
            "time": [0.0, 0.2833, 0.3667, 0.4833, 0.8667, 1.3333],
            "transform": [
                [0.419179, -0.678477, -0.603289, -0.0, -0.181776, 0.588314, -0.787937, 0.39386, 0.88952, 0.43995, 0.123278, 0.0, 0.0, 0.0, 0.0, 1.0],
                [0.419179, -0.678477, -0.603289, -0.0, -0.181776, 0.588314, -0.787937, 0.393861, 0.88952, 0.43995, 0.123278, -0.0, 0.0, 0.0, 0.0, 1.0],
                [0.419179, -0.788262, -0.450479, 0.0, -0.181776, 0.413262, -0.892284, 0.39386, 0.88952, 0.455913, 0.029944, -0.0, 0.0, 0.0, 0.0, 1.0],
                [0.419179, -0.838446, -0.348277, -0.0, -0.181776, 0.298333, -0.936992, 0.39386, 0.88952, 0.456076, -0.027354, 0.0, 0.0, 0.0, 0.0, 1.0],
                [0.419179, -0.907497, -0.027168, 0.0, -0.181776, -0.05457, -0.981825, 0.39386, 0.88952, 0.416499, -0.187836, 0.0, 0.0, 0.0, 0.0, 1.0],
                [0.844974, 0.195057, -0.497967, 0.0, 0.520149, -0.083231, 0.85001, 0.39386, 0.124354, -0.977254, -0.171787, 0.0, 0.0, 0.0, 0.0, 1.0]
            ]
        },
        {
            "name": "Hand_R",
            "time": [0.0, 0.2833, 0.3667, 0.4833, 0.8667, 1.3333],
            "transform": [
                [0.999972, 0.004313, 0.006061, -0.0, -0.002699, 0.969591, -0.244715, 0.3, -0.006933, 0.244691, 0.969576, 0.0, 0.0, 0.0, 0.0, 1.0],
                [0.999972, 0.004313, 0.006061, -0.0, -0.002699, 0.969592, -0.244715, 0.3, -0.006933, 0.244691, 0.969576, -0.0, 0.0, 0.0, 0.0, 1.0],
                [0.999972, 0.004313, 0.006061, -0.0, -0.002699, 0.969591, -0.244715, 0.3, -0.006932, 0.244691, 0.969576, 0.0, 0.0, 0.0, 0.0, 1.0],
                [0.999972, 0.004313, 0.006061, 0.0, -0.002699, 0.969591, -0.244715, 0.3, -0.006932, 0.244691, 0.969576, 0.0, 0.0, 0.0, 0.0, 1.0],
                [0.999972, 0.004313, 0.006061, -0.0, -0.002699, 0.969591, -0.244715, 0.3, -0.006932, 0.244691, 0.969576, 0.0, 0.0, 0.0, 0.0, 1.0],
                [0.999998, -0.000848, 0.001614, -0.0, 0.000868, 0.999919, -0.012686, 0.3, -0.001603, 0.012688, 0.999918, -0.0, 0.0, 0.0, 0.0, 1.0]
            ]
        },
        {
            "name": "Tool_R",
            "time": [0.0, 0.2833, 0.3667, 0.4833, 0.8667, 1.3333],
            "transform": [
                [0.992765, -0.107317, 0.045873, -0.059795, 0.114466, 0.961314, -0.091703, 0.120823, -0.036266, 0.096338, 0.965117, 0.939565, 0.0, 0.0, 0.0, 1.0],
                [0.992764, -0.084196, 0.080781, -0.090904, 0.114475, 0.86697, -0.424919, -0.14522, -0.036267, 0.43127, 0.868957, 0.864525, 0.0, 0.0, 0.0, 1.0],
                [0.98848, -0.045232, 0.139867, 0.058451, -0.096404, 0.524955, 0.811956, 0.359917, -0.116617, -0.816401, 0.513744, 0.367101, 0.0, 0.0, 0.0, 1.0],
                [0.98551, -0.051544, 0.156468, 0.106019, -0.151904, 0.142691, 0.949205, 0.532088, -0.075436, -0.959594, 0.132595, 0.222531, 0.0, 0.0, 0.0, 1.0],
                [0.992766, -0.090046, -0.074185, -0.13706, 0.114461, 0.522963, 0.811026, 0.569555, -0.036242, -0.813965, 0.52866, 0.241137, 0.0, 0.0, 0.0, 1.0],
                [0.995182, 0.015962, -0.093876, 0.047346, 0.051843, 0.727781, 0.641806, 0.292138, 0.083177, -0.643825, 0.722313, 0.103695, 0.0, 0.0, 0.0, 1.0]
            ]
        },
        {
            "name": "Elbow_R",
            "time": [0.0, 0.2833, 0.3667, 0.4833, 0.8667, 1.3333],
            "transform": [
                [-1.0, 0.0, 0.0, -0.0, -0.0, -0.288452, -0.957494, 0.36794, -0.0, -0.957494, 0.288452, -0.0, 0.0, 0.0, 0.0, 1.0],
                [-1.0, 0.0, 0.0, 0.0, -0.0, -0.288452, -0.957494, 0.36794, -0.0, -0.957495, 0.288452, -0.0, 0.0, 0.0, 0.0, 1.0],
                [-1.0, 0.0, 0.0, 0.0, -0.0, -0.288452, -0.957494, 0.36794, -0.0, -0.957494, 0.288452, -0.0, 0.0, 0.0, 0.0, 1.0],
                [-1.0, 0.0, 0.0, 0.0, -0.0, -0.288452, -0.957494, 0.36794, -0.0, -0.957494, 0.288452, 0.0, 0.0, 0.0, 0.0, 1.0],
                [-1.0, 0.0, 0.0, -0.0, -0.0, -0.288452, -0.957494, 0.36794, -0.0, -0.957494, 0.288452, 0.0, 0.0, 0.0, 0.0, 1.0],
                [-1.0, 0.0, -0.0, -0.0, 0.0, -0.0, -1.0, 0.429832, -0.0, -1.0, 0.0, -0.0, 0.0, 0.0, 0.0, 1.0]
            ]
        },
        {
            "name": "Shoulder_L",
            "time": [0.0, 0.2833, 0.3667, 0.4833, 0.8667, 1.3333],
            "transform": [
                [0.722752, -0.55067, -0.417602, -0.0, 0.38281, -0.184099, 0.905298, 0.4, -0.575401, -0.814168, 0.077744, -0.0, 0.0, 0.0, 0.0, 1.0],
                [0.475424, -0.774326, -0.417602, 0.0, 0.290616, -0.309803, 0.905298, 0.4, -0.83037, -0.551762, 0.077744, -0.0, 0.0, 0.0, 0.0, 1.0],
                [0.602905, -0.67979, -0.417602, -0.0, 0.340089, -0.25451, 0.905298, 0.4, -0.721696, -0.68783, 0.077744, 0.0, 0.0, 0.0, 0.0, 1.0],
                [0.639773, -0.645212, -0.417602, 0.0, 0.353716, -0.235204, 0.905298, 0.4, -0.682331, -0.726898, 0.077744, 0.0, 0.0, 0.0, 0.0, 1.0],
                [0.475423, -0.774326, -0.417602, -0.0, 0.290616, -0.309803, 0.905298, 0.4, -0.83037, -0.551762, 0.077744, -0.0, 0.0, 0.0, 0.0, 1.0],
                [-0.503935, -0.756081, -0.417602, 0.0, -0.15956, -0.39367, 0.905298, 0.4, -0.848876, 0.522844, 0.077744, -0.0, 0.0, 0.0, 0.0, 1.0]
            ]
        },
        {
            "name": "Arm_L",
            "time": [0.0, 0.2833, 0.3667, 0.4833, 0.8667, 1.3333],
            "transform": [
                [0.278068, 0.87376, 0.399026, 0.0, -0.471644, -0.23769, 0.84915, 0.39386, 0.836797, -0.42432, 0.34601, -0.0, 0.0, 0.0, 0.0, 1.0],
                [0.02616, 0.76523, 0.643226, -0.0, -0.665419, -0.466852, 0.582466, 0.39386, 0.746012, -0.443252, 0.496985, 0.0, 0.0, 0.0, 0.0, 1.0],
                [0.136748, 0.837601, 0.528889, -0.0, -0.395812, -0.443233, 0.804287, 0.39386, 0.908093, -0.319326, 0.270921, -0.0, 0.0, 0.0, 0.0, 1.0],
                [0.189925, 0.881483, 0.432339, -0.0, -0.256308, -0.380568, 0.888524, 0.39386, 0.947752, -0.279565, 0.153652, -0.0, 0.0, 0.0, 0.0, 1.0],
                [0.325898, 0.943234, -0.064032, -0.0, -0.312853, 0.171511, 0.934188, 0.39386, 0.89214, -0.284417, 0.350989, -0.0, 0.0, 0.0, 0.0, 1.0],
                [-0.846677, -0.311692, -0.431262, -0.0, 0.425666, 0.08958, -0.900435, 0.39386, 0.319291, -0.945951, 0.056831, 0.0, 0.0, 0.0, 0.0, 1.0]
            ]
        },
        {
            "name": "Hand_L",
            "time": [0.0, 0.2833, 0.3667, 0.4833, 0.8667, 1.3333],
            "transform": [
                [0.999993, -0.003502, -0.001467, 0.0, 0.000938, 0.602283, -0.798283, 0.3, 0.003679, 0.798275, 0.602282, -0.0, 0.0, 0.0, 0.0, 1.0],
                [0.999993, -0.002335, -0.002994, -0.0, 0.000938, 0.915995, -0.401189, 0.3, 0.003679, 0.401184, 0.91599, 0.0, 0.0, 0.0, 0.0, 1.0],
                [0.999993, -0.001037, -0.003652, -0.0, 0.000938, 0.999637, -0.02692, 0.3, 0.003679, 0.026917, 0.999631, 0.0, 0.0, 0.0, 0.0, 1.0],
                [0.999993, -0.000746, -0.003723, -0.0, 0.000938, 0.998647, 0.051992, 0.3, 0.003679, -0.051995, 0.998641, -0.0, 0.0, 0.0, 0.0, 1.0],
                [0.999993, -0.000746, -0.003723, -0.0, 0.000938, 0.998647, 0.051992, 0.3, 0.003679, -0.051995, 0.998641, 0.0, 0.0, 0.0, 0.0, 1.0],
                [0.999993, -0.000981, -0.003668, 0.0, 0.000938, 0.999931, -0.011754, 0.3, 0.003679, 0.011751, 0.999924, -0.0, 0.0, 0.0, 0.0, 1.0]
            ]
        },
        {
            "name": "Tool_L",
            "time": [0.0, 0.2833, 0.3667, 0.4833, 0.8667, 1.3333],
            "transform": [
                [0.997004, 0.01104, -0.076554, -0.0, -0.036659, -0.804079, -0.593391, 0.272858, -0.068067, 0.594062, -0.8008, -0.0, 0.0, 0.0, 0.0, 1.0],
                [0.997004, 0.01104, -0.076554, -0.0, -0.036659, -0.804079, -0.593391, 0.272858, -0.068067, 0.594062, -0.8008, -0.0, 0.0, 0.0, 0.0, 1.0],
                [0.997004, 0.01104, -0.076554, 0.0, -0.036659, -0.804079, -0.593391, 0.272858, -0.068067, 0.594062, -0.8008, -0.0, 0.0, 0.0, 0.0, 1.0],
                [0.997004, 0.01104, -0.076554, -0.0, -0.036659, -0.804079, -0.593391, 0.272858, -0.068067, 0.594062, -0.8008, -0.0, 0.0, 0.0, 0.0, 1.0],
                [0.997004, 0.01104, -0.076554, 0.0, -0.036659, -0.804079, -0.593391, 0.272858, -0.068067, 0.594062, -0.8008, -0.0, 0.0, 0.0, 0.0, 1.0],
                [0.997004, 0.01104, -0.076554, -0.0, -0.036659, -0.804079, -0.593391, 0.272858, -0.068067, 0.594062, -0.8008, -0.0, 0.0, 0.0, 0.0, 1.0]
            ]
        },
        {
            "name": "Elbow_L",
            "time": [0.0, 0.2833, 0.3667, 0.4833, 0.8667, 1.3333],
            "transform": [
                [-1.0, 0.0, -0.0, 2.7e-05, 0.0, -0.30078, -0.953694, 0.396148, -0.0, -0.953694, 0.30078, -0.002121, 0.0, 0.0, 0.0, 1.0],
                [-1.0, 0.0, -0.0, 2.7e-05, 0.0, -0.30078, -0.953694, 0.396148, -0.0, -0.953694, 0.30078, -0.002121, 0.0, 0.0, 0.0, 1.0],
                [-1.0, 0.0, -0.0, 2.7e-05, 0.0, -0.30078, -0.953694, 0.396148, -0.0, -0.953694, 0.30078, -0.002121, 0.0, 0.0, 0.0, 1.0],
                [-1.0, 0.0, -0.0, 2.7e-05, 0.0, -0.30078, -0.953693, 0.396148, -0.0, -0.953694, 0.30078, -0.002121, 0.0, 0.0, 0.0, 1.0],
                [-1.0, 0.0, -0.0, 2.7e-05, 0.0, -0.30078, -0.953693, 0.396148, -0.0, -0.953694, 0.30078, -0.00212, 0.0, 0.0, 0.0, 1.0],
                [-1.0, 0.0, 0.0, 2.7e-05, 0.0, -0.0, -1.0, 0.396147, -0.0, -1.0, -0.0, -0.002121, 0.0, 0.0, 0.0, 1.0]
            ]
        }
    ]
}