{
    "animation": [
        {
            "name": "Root",
            "time": [0.0, 0.2333, 0.7167],
            "transform": [
                [0.600669, 0.0, 0.799498, -0.007616, 0.799498, 0.0, -0.600669, -0.259191, 0.0, 1.0, 0.0, 0.654066, 0.0, 0.0, 0.0, 1.0],
                [0.775769, 0.0, -0.631017, -0.000562, -0.631017, 0.0, -0.775769, -0.936463, 0.0, 1.0, 0.0, 0.590344, 0.0, 0.0, 0.0, 1.0],
                [0.637519, 0.0, -0.770435, 0.000399, -0.770435, 0.0, -0.637519, -1.028733, 0.0, 1.0, 0.0, 0.581662, 0.0, 0.0, 0.0, 1.0]
            ]
        },
        {
            "name": "Thigh_R",
            "time": [0.0, 0.2333, 0.7167],
            "transform": [
                [0.698758, 0.562206, 0.442336, 0.124994, 0.101793, -0.690191, 0.716431, -0.002831, 0.708078, -0.455584, -0.539506, -1.2e-05, 0.0, 0.0, 0.0, 1.0],
                [0.963056, 0.261474, -0.064446, 0.124994, 0.253704, -0.961175, -0.108508, -0.002831, -0.090316, 0.08815, -0.992005, -1.2e-05, 0.0, 0.0, 0.0, 1.0],
                [0.956067, 0.25095, -0.151522, 0.124994, 0.214562, -0.951236, -0.221607, -0.002831, -0.199746, 0.17936, -0.963292, -1.2e-05, 0.0, 0.0, 0.0, 1.0]
            ]
        },
        {
            "name": "Leg_R",
            "time": [0.0, 0.2333, 0.7167],
            "transform": [
                [1.0, -1e-06, 0.0, -0.0, 0.0, 0.79195, 0.610586, 0.37472, -1e-06, -0.610587, 0.791949, -0.0, 0.0, 0.0, 0.0, 1.0],
                [1.0, -1e-06, 1e-06, 0.0, 0.0, 0.79195, 0.610586, 0.37472, -1e-06, -0.610587, 0.791949, 0.0, 0.0, 0.0, 0.0, 1.0],
                [1.0, -1e-06, 1e-06, 0.0, 0.0, 0.79195, 0.610586, 0.37472, -1e-06, -0.610587, 0.791949, -0.0, 0.0, 0.0, 0.0, 1.0]
            ]
        },
        {
            "name": "Knee_R",
            "time": [0.0, 0.2333, 0.7167],
            "transform": [
                [1.0, 0.0, -0.0, -0.0, -0.0, 1e-06, -1.0, 0.37472, -0.0, 1.0, 1e-06, -0.0, 0.0, 0.0, 0.0, 1.0],
                [1.0, 0.0, -0.0, 0.0, -0.0, 1e-06, -1.0, 0.37472, -0.0, 1.0, 1e-06, 0.0, 0.0, 0.0, 0.0, 1.0],
                [1.0, 0.0, -0.0, 0.0, -0.0, 1e-06, -1.0, 0.37472, -0.0, 1.0, 1e-06, -0.0, 0.0, 0.0, 0.0, 1.0]
            ]
        },
        {
            "name": "Thigh_L",
            "time": [0.0, 0.2333, 0.7167],
            "transform": [
                [0.825942, -0.510132, -0.239965, -0.125006, -0.529602, -0.848007, -0.020111, -0.002831, -0.193233, 0.143697, -0.970573, -1.2e-05, 0.0, 0.0, 0.0, 1.0],
                [0.921224, -0.388978, 0.006357, -0.125006, -0.304298, -0.710303, 0.634722, -0.002831, -0.242378, -0.586656, -0.772714, -1.2e-05, 0.0, 0.0, 0.0, 1.0],
                [0.932934, -0.358857, 0.029219, -0.125006, -0.273446, -0.653413, 0.705888, -0.002831, -0.234221, -0.666537, -0.70772, -1.2e-05, 0.0, 0.0, 0.0, 1.0]
            ]
        },
        {
            "name": "Leg_L",
            "time": [0.0, 0.2333, 0.7167],
            "transform": [
                [0.999989, -0.002576, -0.003884, 0.0, 0.003782, 0.935446, 0.35345, 0.37472, 0.002722, -0.35346, 0.935446, 0.0, 0.0, 0.0, 0.0, 1.0],
                [0.999989, -0.002576, -0.003884, -0.0, 0.003782, 0.935446, 0.35345, 0.37472, 0.002723, -0.35346, 0.935446, 0.0, 0.0, 0.0, 0.0, 1.0],
                [0.999989, -0.002576, -0.003884, -0.0, 0.003782, 0.935446, 0.35345, 0.37472, 0.002723, -0.35346, 0.935446, 0.0, 0.0, 0.0, 0.0, 1.0]
            ]
        },
        {
            "name": "Knee_L",
            "time": [0.0, 0.2333, 0.7167],
            "transform": [
                [1.0, -0.0, -0.0, 0.0, -0.0, 1e-06, -1.0, 0.37472, -0.0, 1.0, 1e-06, 0.0, 0.0, 0.0, 0.0, 1.0],
                [1.0, 0.0, -0.0, -0.0, -0.0, 1e-06, -1.0, 0.37472, -0.0, 1.0, 1e-06, 0.0, 0.0, 0.0, 0.0, 1.0],
                [1.0, 0.0, -0.0, -0.0, -0.0, 1e-06, -1.0, 0.37472, 0.0, 1.0, 1e-06, 0.0, 0.0, 0.0, 0.0, 1.0]
            ]
        },
        {
            "name": "Torso",
            "time": [0.0, 0.2333, 0.7167],
            "transform": [
                [0.99978, -0.020971, -0.000197, -0.0, 0.020971, 0.999603, 0.018833, 0.05, -0.000198, -0.018833, 0.999823, -0.0, 0.0, 0.0, 0.0, 1.0],
                [0.99978, -0.020971, -0.000197, 0.0, 0.020971, 0.999603, 0.018833, 0.05, -0.000198, -0.018833, 0.999823, -0.0, 0.0, 0.0, 0.0, 1.0],
                [0.99978, -0.020971, -0.000197, 0.0, 0.020971, 0.999603, 0.018833, 0.05, -0.000198, -0.018833, 0.999823, -0.0, 0.0, 0.0, 0.0, 1.0]
            ]
        },
        {
            "name": "Chest",
            "time": [0.0, 0.2333, 0.7167],
            "transform": [
                [0.909328, -0.259953, 0.32488, -0.0, 0.232661, 0.965008, 0.120945, 0.3, -0.344952, -0.034391, 0.93799, -0.0, 0.0, 0.0, 0.0, 1.0],
                [0.666679, -0.012799, -0.745236, -0.0, 0.264718, 0.938733, 0.220691, 0.3, 0.696753, -0.344407, 0.629221, 0.0, 0.0, 0.0, 0.0, 1.0],
                [0.552352, 0.039808, -0.83266, 0.0, 0.276416, 0.933601, 0.227996, 0.3, 0.786449, -0.356095, 0.504673, 0.0, 0.0, 0.0, 0.0, 1.0]
            ]
        },
        {
            "name": "Head",
            "time": [0.0, 0.2167, 0.7167],
            "transform": [
                [0.909185, 0.2663, -0.320105, 0.0, -0.305936, 0.948711, -0.079693, 0.4, 0.282465, 0.170388, 0.944024, -0.0, 0.0, 0.0, 0.0, 1.0],
                [0.315273, 0.2663, 0.910872, -0.0, 0.081317, 0.948711, -0.305508, 0.4, -0.945511, 0.170388, 0.277449, -0.0, 0.0, 0.0, 0.0, 1.0],
                [0.089312, 0.2663, 0.959743, 0.0, 0.151724, 0.948711, -0.277358, 0.4, -0.98438, 0.170388, 0.044327, -0.0, 0.0, 0.0, 0.0, 1.0]
            ]
        },
        {
            "name": "Shoulder_R",
            "time": [0.0, 0.2333, 0.7167],
            "transform": [
                [0.475415, 0.811249, 0.340375, 0.0, 0.084638, -0.427276, 0.900151, 0.4, 0.87568, -0.399137, -0.271796, -0.0, 0.0, 0.0, 0.0, 1.0],
                [0.1498, 0.92828, 0.340375, -0.0, 0.233453, -0.367734, 0.900151, 0.4, 0.96076, -0.055381, -0.271796, 0.0, 0.0, 0.0, 0.0, 1.0],
                [0.103089, 0.934621, 0.340375, 0.0, 0.251589, -0.355572, 0.900151, 0.4, 0.962328, -0.007161, -0.271796, -0.0, 0.0, 0.0, 0.0, 1.0]
            ]
        },
        {
            "name": "Arm_R",
            "time": [0.0, 0.2333, 0.7167],
            "transform": [
                [0.272929, -0.331123, -0.903254, 0.0, -0.032529, 0.935187, -0.352658, 0.393861, 0.961484, 0.125632, 0.244469, -0.0, 0.0, 0.0, 0.0, 1.0],
                [0.241528, -0.128061, -0.961907, 0.0, 0.111535, 0.988348, -0.103576, 0.39386, 0.963963, -0.08227, 0.252997, -0.0, 0.0, 0.0, 0.0, 1.0],
                [0.239638, -0.09927, -0.965774, -0.0, 0.131432, 0.988918, -0.069037, 0.393861, 0.961925, -0.11039, 0.25003, -0.0, 0.0, 0.0, 0.0, 1.0]
            ]
        },
        {
            "name": "Hand_R",
            "time": [0.0, 0.2333, 0.7167],
            "transform": [
                [0.977815, -0.16997, -0.122429, 0.0, 0.004372, 0.600898, -0.799314, 0.3, 0.209426, 0.781045, 0.58831, -0.0, 0.0, 0.0, 0.0, 1.0],
                [0.999823, -0.011299, -0.015068, -0.0, 0.005858, 0.946936, -0.321369, 0.3, 0.0179, 0.321223, 0.946834, -0.0, 0.0, 0.0, 0.0, 1.0],
                [0.999972, 0.004313, 0.006061, -0.0, -0.002699, 0.969591, -0.244715, 0.3, -0.006932, 0.244691, 0.969576, 0.0, 0.0, 0.0, 0.0, 1.0]
            ]
        },
        {
            "name": "Tool_R",
            "time": [0.0, 0.2333, 0.7167],
            "transform": [
                [-0.915329, 0.366562, -0.137256, -0.030053, 0.38301, 0.897811, -0.015785, 0.290865, 0.124341, -0.067036, -0.960671, 0.061383, 0.0, 0.0, 0.0, 1.0],
                [-0.97747, 0.181302, -0.095979, -0.046146, 0.123843, 0.861177, 0.434099, 0.217357, 0.17083, 0.412604, -0.862859, 0.083129, 0.0, 0.0, 0.0, 1.0],
                [-0.982131, 0.154602, -0.097713, -0.048339, 0.087538, 0.835342, 0.489308, 0.207342, 0.166504, 0.472205, -0.832629, 0.086092, 0.0, 0.0, 0.0, 1.0]
            ]
        },
        {
            "name": "Elbow_R",
            "time": [0.0, 0.2333, 0.7167],
            "transform": [
                [-1.0, 0.0, -0.0, -0.0, -0.0, -0.188054, -0.982159, 0.36794, -0.0, -0.982159, 0.188054, 0.0, 0.0, 0.0, 0.0, 1.0],
                [-1.0, 0.0, -0.0, -0.0, 0.0, -0.27656, -0.960997, 0.36794, -0.0, -0.960997, 0.27656, 0.0, 0.0, 0.0, 0.0, 1.0],
                [-1.0, 0.0, 0.0, -0.0, -0.0, -0.288452, -0.957494, 0.36794, -0.0, -0.957494, 0.288452, 0.0, 0.0, 0.0, 0.0, 1.0]
            ]
        },
        {
            "name": "Shoulder_L",
            "time": [0.0, 0.2333, 0.7167],
            "transform": [
                [0.496291, -0.76112, -0.417602, 0.0, 0.298928, -0.301791, 0.905298, 0.4, -0.815069, -0.574124, 0.077744, -0.0, 0.0, 0.0, 0.0, 1.0],
                [0.699654, -0.579735, -0.417602, -0.0, 0.37497, -0.199583, 0.905298, 0.4, -0.608179, -0.789984, 0.077744, 0.0, 0.0, 0.0, 0.0, 1.0],
                [0.722752, -0.55067, -0.417602, 0.0, 0.38281, -0.184099, 0.905298, 0.4, -0.575401, -0.814168, 0.077744, -0.0, 0.0, 0.0, 0.0, 1.0]
            ]
        },
        {
            "name": "Arm_L",
            "time": [0.0, 0.2333, 0.7167],
            "transform": [
                [-0.349656, 0.903809, -0.246718, -0.0, 0.556701, -0.011373, -0.830635, 0.39386, -0.753541, -0.427785, -0.499175, 0.0, 0.0, 0.0, 0.0, 1.0],
                [-0.532066, 0.842772, -0.081488, 0.0, 0.343583, 0.126942, -0.930503, 0.39386, -0.773858, -0.523087, -0.357104, -0.0, 0.0, 0.0, 0.0, 1.0],
                [-0.552885, 0.831347, -0.056399, 0.0, 0.311429, 0.143386, -0.939389, 0.39386, -0.772871, -0.536939, -0.338182, 0.0, 0.0, 0.0, 0.0, 1.0]
            ]
        },
        {
            "name": "Hand_L",
            "time": [0.0, 0.2333, 0.7167],
            "transform": [
                [0.999993, -0.000981, -0.003668, 0.0, 0.000938, 0.999931, -0.011754, 0.3, 0.003679, 0.011751, 0.999924, 0.0, 0.0, 0.0, 0.0, 1.0],
                [0.999993, -0.000981, -0.003668, 0.0, 0.000938, 0.999931, -0.011754, 0.3, 0.003679, 0.011751, 0.999925, 0.0, 0.0, 0.0, 0.0, 1.0],
                [0.999993, -0.000981, -0.003668, 0.0, 0.000938, 0.999931, -0.011754, 0.3, 0.003679, 0.011751, 0.999924, -0.0, 0.0, 0.0, 0.0, 1.0]
            ]
        },
        {
            "name": "Tool_L",
            "time": [0.0, 0.2333, 0.7167],
            "transform": [
                [0.997004, 0.01104, -0.076554, -0.0, -0.036659, -0.804079, -0.593391, 0.272858, -0.068067, 0.594062, -0.8008, -0.0, 0.0, 0.0, 0.0, 1.0],
                [0.997004, 0.01104, -0.076554, 0.0, -0.036659, -0.804079, -0.593391, 0.272858, -0.068067, 0.594062, -0.8008, -0.0, 0.0, 0.0, 0.0, 1.0],
                [0.997004, 0.01104, -0.076554, -0.0, -0.036659, -0.804079, -0.593391, 0.272858, -0.068067, 0.594062, -0.8008, -0.0, 0.0, 0.0, 0.0, 1.0]
            ]
        },
        {
            "name": "Elbow_L",
            "time": [0.0, 0.2333, 0.7167],
            "transform": [
                [-1.0, 0.0, -0.0, 2.7e-05, 0.0, -0.0, -1.0, 0.396148, -0.0, -1.0, -0.0, -0.002121, 0.0, 0.0, 0.0, 1.0],
                [-1.0, 0.0, -0.0, 2.7e-05, 0.0, -0.0, -1.0, 0.396148, -0.0, -1.0, 0.0, -0.002121, 0.0, 0.0, 0.0, 1.0],
                [-1.0, 0.0, -0.0, 2.7e-05, 0.0, -0.0, -1.0, 0.396148, -0.0, -1.0, 0.0, -0.002121, 0.0, 0.0, 0.0, 1.0]
            ]
        }
    ]
}