{
    "animation": [
        {
            "name": "Root",
            "time": [0.0, 0.2333, 0.8],
            "transform": [
                [0.637519, 0.0, -0.770435, 0.000399, -0.770435, 0.0, -0.637519, -0.125546, 0.0, 1.0, 0.0, 0.581662, 0.0, 0.0, 0.0, 1.0],
                [0.88723, 0.0, 0.461328, 0.000399, 0.461328, 0.0, -0.88723, -0.846838, 0.0, 1.0, 0.0, 0.581662, 0.0, 0.0, 0.0, 1.0],
                [0.718331, 0.0, 0.695702, 0.000399, 0.695702, 0.0, -0.718331, -1.012633, 0.0, 1.0, 0.0, 0.581662, 0.0, 0.0, 0.0, 1.0]
            ]
        },
        {
            "name": "Thigh_R",
            "time": [0.0, 0.2333, 0.8],
            "transform": [
                [0.956067, 0.25095, -0.151522, 0.124994, 0.214562, -0.951236, -0.221607, -0.002831, -0.199746, 0.17936, -0.963292, -1.2e-05, 0.0, 0.0, 0.0, 1.0],
                [0.908664, 0.318258, 0.27026, 0.124994, 0.076337, -0.763009, 0.641863, -0.002831, 0.410489, -0.562606, -0.717616, -1.2e-05, 0.0, 0.0, 0.0, 1.0],
                [0.863472, 0.375074, 0.337245, 0.124994, -0.023906, -0.637428, 0.770138, -0.002831, 0.503829, -0.673054, -0.541436, -1.2e-05, 0.0, 0.0, 0.0, 1.0]
            ]
        },
        {
            "name": "Leg_R",
            "time": [0.0, 0.2333, 0.8],
            "transform": [
                [1.0, -1e-06, 1e-06, -0.0, 0.0, 0.79195, 0.610586, 0.37472, -1e-06, -0.610587, 0.791949, -0.0, 0.0, 0.0, 0.0, 1.0],
                [1.0, -0.0, 1e-06, -0.0, 0.0, 0.944976, 0.327141, 0.37472, -1e-06, -0.327141, 0.944975, -0.0, 0.0, 0.0, 0.0, 1.0],
                [1.0, -0.0, 1e-06, 0.0, 0.0, 0.966591, 0.256325, 0.37472, -1e-06, -0.256326, 0.96659, -0.0, 0.0, 0.0, 0.0, 1.0]
            ]
        },
        {
            "name": "Knee_R",
            "time": [0.0, 0.2333, 0.8],
            "transform": [
                [1.0, 0.0, -0.0, -0.0, -0.0, 1e-06, -1.0, 0.37472, -0.0, 1.0, 1e-06, -0.0, 0.0, 0.0, 0.0, 1.0],
                [1.0, 0.0, -0.0, -0.0, -0.0, 1e-06, -1.0, 0.37472, -0.0, 1.0, 1e-06, -0.0, 0.0, 0.0, 0.0, 1.0],
                [1.0, 0.0, -0.0, 0.0, -0.0, 1e-06, -1.0, 0.37472, -0.0, 1.0, 1e-06, -0.0, 0.0, 0.0, 0.0, 1.0]
            ]
        },
        {
            "name": "Thigh_L",
            "time": [0.0, 0.2333, 0.8],
            "transform": [
                [0.932934, -0.358857, 0.029219, -0.125006, -0.273446, -0.653413, 0.705888, -0.002831, -0.234221, -0.666537, -0.70772, -1.2e-05, 0.0, 0.0, 0.0, 1.0],
                [0.752192, -0.471051, -0.460778, -0.125006, -0.481807, -0.870194, 0.103073, -0.002831, -0.449519, 0.144476, -0.881509, -1.2e-05, 0.0, 0.0, 0.0, 1.0],
                [0.702197, -0.432034, -0.56592, -0.125006, -0.544052, -0.838318, -0.035077, -0.002831, -0.459266, 0.332521, -0.823713, -1.2e-05, 0.0, 0.0, 0.0, 1.0]
            ]
        },
        {
            "name": "Leg_L",
            "time": [0.0, 0.2333, 0.8],
            "transform": [
                [0.999989, -0.002576, -0.003884, -0.0, 0.003782, 0.935446, 0.35345, 0.37472, 0.002723, -0.35346, 0.935446, -0.0, 0.0, 0.0, 0.0, 1.0],
                [0.999989, -0.002808, -0.003719, 0.0, 0.003782, 0.955252, 0.295769, 0.37472, 0.002722, -0.29578, 0.955253, -0.0, 0.0, 0.0, 0.0, 1.0],
                [0.999989, -0.00286, -0.00368, -0.0, 0.003782, 0.959304, 0.282349, 0.37472, 0.002722, -0.28236, 0.959305, 0.0, 0.0, 0.0, 0.0, 1.0]
            ]
        },
        {
            "name": "Knee_L",
            "time": [0.0, 0.2333, 0.8],
            "transform": [
                [1.0, 0.0, -0.0, -0.0, -0.0, 1e-06, -1.0, 0.37472, 0.0, 1.0, 1e-06, -0.0, 0.0, 0.0, 0.0, 1.0],
                [1.0, 0.0, -0.0, 0.0, -0.0, 1e-06, -1.0, 0.37472, -0.0, 1.0, 1e-06, -0.0, 0.0, 0.0, 0.0, 1.0],
                [1.0, 0.0, -0.0, -0.0, -0.0, 1e-06, -1.0, 0.37472, -0.0, 1.0, 1e-06, 0.0, 0.0, 0.0, 0.0, 1.0]
            ]
        },
        {
            "name": "Torso",
            "time": [0.0, 0.2333, 0.8],
            "transform": [
                [0.99978, -0.020971, -0.000197, -0.0, 0.020971, 0.999603, 0.018833, 0.05, -0.000198, -0.018833, 0.999823, -0.0, 0.0, 0.0, 0.0, 1.0],
                [0.99978, -0.020971, -0.000197, 0.0, 0.020971, 0.999603, 0.018833, 0.05, -0.000198, -0.018833, 0.999823, 0.0, 0.0, 0.0, 0.0, 1.0],
                [0.99978, -0.020971, -0.000197, -0.0, 0.020971, 0.999603, 0.018833, 0.05, -0.000198, -0.018833, 0.999823, 0.0, 0.0, 0.0, 0.0, 1.0]
            ]
        },
        {
            "name": "Chest",
            "time": [0.0, 0.2333, 0.8],
            "transform": [
                [0.552352, 0.039808, -0.83266, -0.0, 0.276416, 0.933601, 0.227996, 0.3, 0.786449, -0.356095, 0.504673, -0.0, 0.0, 0.0, 0.0, 1.0],
                [0.87858, -0.003937, 0.47758, -0.0, 0.175734, 0.932477, -0.315601, 0.3, -0.444089, 0.361207, 0.819948, -0.0, 0.0, 0.0, 0.0, 1.0],
                [0.747769, 0.072983, 0.659935, -0.0, -0.02063, 0.996014, -0.086775, 0.3, -0.663638, 0.051273, 0.746294, -0.0, 0.0, 0.0, 0.0, 1.0]
            ]
        },
        {
            "name": "Head",
            "time": [0.0, 0.1333, 0.2333, 0.8],
            "transform": [
                [0.089312, 0.2663, 0.959743, -0.0, 0.151724, 0.948711, -0.277358, 0.4, -0.98438, 0.170388, 0.044327, -0.0, 0.0, 0.0, 0.0, 1.0],
                [0.941106, 0.153848, 0.301082, -0.0, -0.198436, 0.972311, 0.123425, 0.4, -0.273756, -0.175902, 0.945577, -0.0, 0.0, 0.0, 0.0, 1.0],
                [0.540599, 0.153848, -0.827094, 0.0, 0.066187, 0.972311, 0.224121, 0.4, 0.838673, -0.175902, 0.515448, -0.0, 0.0, 0.0, 0.0, 1.0],
                [0.540599, 0.153848, -0.827094, 0.0, 0.066187, 0.972311, 0.22412, 0.4, 0.838673, -0.175902, 0.515448, -0.0, 0.0, 0.0, 0.0, 1.0]
            ]
        },
        {
            "name": "Shoulder_R",
            "time": [0.0, 0.2333, 0.8],
            "transform": [
                [0.103089, 0.934621, 0.340375, -0.0, 0.251589, -0.355572, 0.900151, 0.4, 0.962328, -0.007161, -0.271796, -0.0, 0.0, 0.0, 0.0, 1.0],
                [0.103089, 0.934621, 0.340375, 0.0, 0.251589, -0.355572, 0.900151, 0.4, 0.962328, -0.007161, -0.271796, -0.0, 0.0, 0.0, 0.0, 1.0],
                [0.103089, 0.934621, 0.340375, 0.0, 0.251589, -0.355572, 0.900151, 0.4, 0.962328, -0.007161, -0.271796, -0.0, 0.0, 0.0, 0.0, 1.0]
            ]
        },
        {
            "name": "Arm_R",
            "time": [0.0, 0.1333, 0.2333, 0.8],
            "transform": [
                [0.239638, -0.09927, -0.965774, -0.0, 0.131432, 0.988918, -0.069037, 0.393861, 0.961925, -0.11039, 0.25003, -0.0, 0.0, 0.0, 0.0, 1.0],
                [-0.156478, -0.520383, -0.839474, 0.0, -0.006896, 0.850499, -0.525932, 0.393861, 0.987657, -0.076508, -0.136673, -0.0, 0.0, 0.0, 0.0, 1.0],
                [0.702791, -0.414984, -0.577818, -0.0, -0.158371, 0.700581, -0.695776, 0.39386, 0.693544, 0.580495, 0.42664, 0.0, 0.0, 0.0, 0.0, 1.0],
                [0.793157, -0.410489, -0.44989, 0.0, -0.162917, 0.568782, -0.806192, 0.393861, 0.586821, 0.712732, 0.384258, -0.0, 0.0, 0.0, 0.0, 1.0]
            ]
        },
        {
            "name": "Hand_R",
            "time": [0.0, 0.2333, 0.8],
            "transform": [
                [0.999972, 0.004313, 0.006061, -0.0, -0.002699, 0.969591, -0.244715, 0.3, -0.006932, 0.244691, 0.969576, 0.0, 0.0, 0.0, 0.0, 1.0],
                [0.999972, 0.004313, 0.006061, -0.0, -0.002699, 0.969591, -0.244715, 0.3, -0.006933, 0.244692, 0.969576, 0.0, 0.0, 0.0, 0.0, 1.0],
                [0.999972, 0.004313, 0.006061, 0.0, -0.002699, 0.969591, -0.244715, 0.3, -0.006933, 0.244691, 0.969576, -0.0, 0.0, 0.0, 0.0, 1.0]
            ]
        },
        {
            "name": "Tool_R",
            "time": [0.0, 0.2333, 0.8],
            "transform": [
                [-0.982131, 0.154602, -0.097713, -0.048339, 0.087538, 0.835342, 0.489308, 0.207342, 0.166504, 0.472205, -0.832629, 0.086092, 0.0, 0.0, 0.0, 1.0],
                [-0.992966, -0.063437, -0.095946, 0.012135, -0.081423, 0.954718, 0.164706, 0.214869, 0.085915, 0.171437, -0.951662, 0.081461, 0.0, 0.0, 0.0, 1.0],
                [-0.989487, -0.112202, -0.084628, 0.026035, -0.123169, 0.960749, 0.086853, 0.2166, 0.07576, 0.096412, -0.962946, 0.080397, 0.0, 0.0, 0.0, 1.0]
            ]
        },
        {
            "name": "Elbow_R",
            "time": [0.0, 0.2333, 0.8],
            "transform": [
                [-1.0, 0.0, 0.0, -0.0, -0.0, -0.288452, -0.957494, 0.36794, -0.0, -0.957494, 0.288452, 0.0, 0.0, 0.0, 0.0, 1.0],
                [-1.0, 0.0, 0.0, -0.0, -0.0, -0.288452, -0.957494, 0.36794, -0.0, -0.957494, 0.288452, 0.0, 0.0, 0.0, 0.0, 1.0],
                [-1.0, 0.0, 0.0, 0.0, -0.0, -0.288452, -0.957494, 0.36794, -0.0, -0.957494, 0.288452, -0.0, 0.0, 0.0, 0.0, 1.0]
            ]
        },
        {
            "name": "Shoulder_L",
            "time": [0.0, 0.2333, 0.8],
            "transform": [
                [0.722752, -0.55067, -0.417602, -0.0, 0.38281, -0.184099, 0.905298, 0.4, -0.575401, -0.814168, 0.077744, -0.0, 0.0, 0.0, 0.0, 1.0],
                [0.722752, -0.55067, -0.417602, 0.0, 0.38281, -0.184099, 0.905298, 0.4, -0.575401, -0.814168, 0.077744, -0.0, 0.0, 0.0, 0.0, 1.0],
                [0.722752, -0.55067, -0.417602, 0.0, 0.38281, -0.184099, 0.905298, 0.4, -0.575401, -0.814168, 0.077744, -0.0, 0.0, 0.0, 0.0, 1.0]
            ]
        },
        {
            "name": "Arm_L",
            "time": [0.0, 0.1333, 0.2333, 0.8],
            "transform": [
                [-0.552885, 0.831347, -0.056399, 0.0, 0.311429, 0.143386, -0.939389, 0.39386, -0.772871, -0.536939, -0.338182, 0.0, 0.0, 0.0, 0.0, 1.0],
                [0.718303, 0.689143, -0.09551, -0.0, 0.205037, -0.078502, 0.975601, 0.39386, 0.664831, -0.72036, -0.197688, -0.0, 0.0, 0.0, 0.0, 1.0],
                [-0.194221, 0.957201, -0.214578, -0.0, -0.44824, 0.107973, 0.887369, 0.39386, 0.872559, 0.268528, 0.408085, 0.0, 0.0, 0.0, 0.0, 1.0],
                [-0.186213, 0.97491, -0.121962, 0.0, -0.775982, -0.069793, 0.626882, 0.39386, 0.602642, 0.211374, 0.769509, -0.0, 0.0, 0.0, 0.0, 1.0]
            ]
        },
        {
            "name": "Hand_L",
            "time": [0.0, 0.2333, 0.8],
            "transform": [
                [0.999993, -0.000981, -0.003668, -0.0, 0.000938, 0.999931, -0.011754, 0.3, 0.003679, 0.011751, 0.999924, -0.0, 0.0, 0.0, 0.0, 1.0],
                [0.999993, -0.001697, -0.003397, 0.0, 0.000938, 0.977265, -0.21202, 0.3, 0.003679, 0.212015, 0.97726, 0.0, 0.0, 0.0, 0.0, 1.0],
                [0.999993, -0.001852, -0.003314, -0.0, 0.000938, 0.966397, -0.257054, 0.3, 0.003679, 0.257049, 0.966392, -0.0, 0.0, 0.0, 0.0, 1.0]
            ]
        },
        {
            "name": "Tool_L",
            "time": [0.0, 0.2333, 0.8],
            "transform": [
                [0.997004, 0.01104, -0.076554, -0.0, -0.036659, -0.804079, -0.593391, 0.272858, -0.068067, 0.594062, -0.8008, -0.0, 0.0, 0.0, 0.0, 1.0],
                [0.997004, 0.01104, -0.076554, 0.0, -0.036659, -0.804079, -0.593391, 0.272858, -0.068067, 0.594062, -0.8008, -0.0, 0.0, 0.0, 0.0, 1.0],
                [0.997004, 0.01104, -0.076554, 0.0, -0.036659, -0.804079, -0.593391, 0.272858, -0.068067, 0.594062, -0.8008, -0.0, 0.0, 0.0, 0.0, 1.0]
            ]
        },
        {
            "name": "Elbow_L",
            "time": [0.0, 0.2333, 0.8],
            "transform": [
                [-1.0, 0.0, -0.0, 2.7e-05, 0.0, -0.0, -1.0, 0.396148, -0.0, -1.0, 0.0, -0.002121, 0.0, 0.0, 0.0, 1.0],
                [-1.0, 0.0, -0.0, 2.7e-05, 0.0, -0.245974, -0.969276, 0.396148, -0.0, -0.969277, 0.245974, -0.002121, 0.0, 0.0, 0.0, 1.0],
                [-1.0, 0.0, -0.0, 2.7e-05, -0.0, -0.30078, -0.953694, 0.396148, -0.0, -0.953694, 0.30078, -0.002121, 0.0, 0.0, 0.0, 1.0]
            ]
        }
    ]
}