{
    "animation": [
        {
            "name": "Root",
            "time": [0.0, 0.1333, 0.2667, 0.6167],
            "transform": [
                [0.718331, 0.0, 0.695702, 0.000399, 0.695702, 0.0, -0.718331, -0.033212, 0.0, 1.0, 0.0, 0.581662, 0.0, 0.0, 0.0, 1.0],
                [0.99222, 0.0, 0.124498, 0.000399, 0.124498, 0.0, -0.99222, -1.412217, 0.0, 1.0, 0.0, 0.581662, 0.0, 0.0, 0.0, 1.0],
                [0.716678, 0.0, -0.697405, 0.000399, -0.697405, 0.0, -0.716678, -2.039595, 0.0, 1.0, 0.0, 0.581662, 0.0, 0.0, 0.0, 1.0],
                [0.473209, 0.0, -0.88095, 0.000399, -0.88095, 0.0, -0.473209, -2.749706, 0.0, 1.0, 0.0, 0.581662, 0.0, 0.0, 0.0, 1.0]
            ]
        },
        {
            "name": "Thigh_R",
            "time": [0.0, 0.1333, 0.2667, 0.6167],
            "transform": [
                [0.863472, 0.375074, 0.337245, 0.124994, -0.023906, -0.637428, 0.770138, -0.002831, 0.503829, -0.673054, -0.541436, -1.2e-05, 0.0, 0.0, 0.0, 1.0],
                [0.721529, 0.617773, 0.31265, 0.124994, 0.518841, -0.781424, 0.346667, -0.002831, 0.458474, -0.087914, -0.884349, -1.2e-05, 0.0, 0.0, 0.0, 1.0],
                [0.906116, 0.347361, -0.241439, 0.124994, 0.373743, -0.924711, 0.072255, -0.002831, -0.198163, -0.155706, -0.967723, -1.2e-05, 0.0, 0.0, 0.0, 1.0],
                [0.853105, 0.386898, -0.350029, 0.124994, 0.371003, -0.921556, -0.114402, -0.002831, -0.366834, -0.032264, -0.929727, -1.2e-05, 0.0, 0.0, 0.0, 1.0]
            ]
        },
        {
            "name": "Leg_R",
            "time": [0.0, 0.1333, 0.2667, 0.6167],
            "transform": [
                [1.0, -0.0, 1e-06, -0.0, 0.0, 0.966591, 0.256325, 0.37472, -1e-06, -0.256326, 0.96659, 0.0, 0.0, 0.0, 0.0, 1.0],
                [1.0, -1e-06, 0.0, -0.0, 0.0, 0.533208, 0.845984, 0.37472, -1e-06, -0.845985, 0.533207, 0.0, 0.0, 0.0, 0.0, 1.0],
                [1.0, -1e-06, 0.0, 0.0, 0.0, 0.77324, 0.634114, 0.37472, -1e-06, -0.634115, 0.773239, 0.0, 0.0, 0.0, 0.0, 1.0],
                [1.0, -1e-06, 0.0, 0.0, 0.0, 0.711068, 0.703124, 0.37472, -1e-06, -0.703125, 0.711067, 0.0, 0.0, 0.0, 0.0, 1.0]
            ]
        },
        {
            "name": "Knee_R",
            "time": [0.0, 0.2667, 0.6167],
            "transform": [
                [1.0, 0.0, -0.0, -0.0, -0.0, 1e-06, -1.0, 0.37472, -0.0, 1.0, 1e-06, 0.0, 0.0, 0.0, 0.0, 1.0],
                [1.0, 0.0, -0.0, 0.0, -0.0, 1e-06, -1.0, 0.37472, -0.0, 1.0, 1e-06, 0.0, 0.0, 0.0, 0.0, 1.0],
                [1.0, 0.0, -0.0, 0.0, -0.0, 1e-06, -1.0, 0.37472, -0.0, 1.0, 1e-06, 0.0, 0.0, 0.0, 0.0, 1.0]
            ]
        },
        {
            "name": "Thigh_L",
            "time": [0.0, 0.1333, 0.2667, 0.6167],
            "transform": [
                [0.702197, -0.432034, -0.56592, -0.125006, -0.544052, -0.838318, -0.035077, -0.002831, -0.459266, 0.332521, -0.823713, -1.2e-05, 0.0, 0.0, 0.0, 1.0],
                [0.948382, -0.251811, 0.192776, -0.125006, -0.258573, -0.262065, 0.929764, -0.002831, -0.183604, -0.931619, -0.31365, -1.2e-05, 0.0, 0.0, 0.0, 1.0],
                [0.503359, -0.663082, -0.554032, -0.125006, -0.307382, -0.736653, 0.602377, -0.002831, -0.807555, -0.132912, -0.574621, -1.2e-05, 0.0, 0.0, 0.0, 1.0],
                [0.468163, -0.711352, -0.524215, -0.125006, -0.224176, -0.669449, 0.708225, -0.002831, -0.854732, -0.214048, -0.47288, -1.2e-05, 0.0, 0.0, 0.0, 1.0]
            ]
        },
        {
            "name": "Leg_L",
            "time": [0.0, 0.2667, 0.6167],
            "transform": [
                [0.999989, -0.00286, -0.00368, 0.0, 0.003782, 0.959304, 0.282349, 0.37472, 0.002722, -0.28236, 0.959305, 0.0, 0.0, 0.0, 0.0, 1.0],
                [0.999989, -0.00286, -0.00368, -0.0, 0.003782, 0.959304, 0.282349, 0.37472, 0.002722, -0.28236, 0.959305, 0.0, 0.0, 0.0, 0.0, 1.0],
                [0.999989, -0.00286, -0.00368, -0.0, 0.003782, 0.959304, 0.282349, 0.37472, 0.002722, -0.28236, 0.959305, -0.0, 0.0, 0.0, 0.0, 1.0]
            ]
        },
        {
            "name": "Knee_L",
            "time": [0.0, 0.2667, 0.6167],
            "transform": [
                [1.0, 0.0, -0.0, 0.0, -0.0, 1e-06, -1.0, 0.37472, -0.0, 1.0, 1e-06, 0.0, 0.0, 0.0, 0.0, 1.0],
                [1.0, 0.0, -0.0, -0.0, -0.0, 1e-06, -1.0, 0.37472, -0.0, 1.0, 1e-06, 0.0, 0.0, 0.0, 0.0, 1.0],
                [1.0, 0.0, -0.0, -0.0, -0.0, 1e-06, -1.0, 0.37472, -0.0, 1.0, 1e-06, -0.0, 0.0, 0.0, 0.0, 1.0]
            ]
        },
        {
            "name": "Torso",
            "time": [0.0, 0.2667, 0.6167],
            "transform": [
                [0.99978, -0.020971, -0.000197, -0.0, 0.020971, 0.999603, 0.018833, 0.05, -0.000198, -0.018833, 0.999823, -0.0, 0.0, 0.0, 0.0, 1.0],
                [0.994768, -0.020971, -0.099982, 0.0, 0.022746, 0.999603, 0.016646, 0.05, 0.099593, -0.018833, 0.99485, 0.0, 0.0, 0.0, 0.0, 1.0],
                [0.992344, -0.020971, -0.121714, 0.0, 0.023105, 0.999603, 0.016145, 0.05, 0.121327, -0.018833, 0.992434, 0.0, 0.0, 0.0, 0.0, 1.0]
            ]
        },
        {
            "name": "Chest",
            "time": [0.0, 0.2667, 0.6167],
            "transform": [
                [0.747769, 0.072983, 0.659935, -0.0, -0.02063, 0.996014, -0.086775, 0.3, -0.663638, 0.051273, 0.746294, -0.0, 0.0, 0.0, 0.0, 1.0],
                [0.995178, 0.084195, 0.050311, 0.0, -0.093921, 0.96586, 0.241439, 0.3, -0.028265, -0.245, 0.969111, -0.0, 0.0, 0.0, 0.0, 1.0],
                [0.989531, 0.112128, -0.090857, 0.0, -0.078734, 0.947053, 0.311273, 0.3, 0.120949, -0.300861, 0.945967, -0.0, 0.0, 0.0, 0.0, 1.0]
            ]
        },
        {
            "name": "Head",
            "time": [0.0, 0.2667, 0.6167],
            "transform": [
                [0.540599, 0.153848, -0.827094, 0.0, 0.066187, 0.972311, 0.22412, 0.4, 0.838673, -0.175902, 0.515448, -0.0, 0.0, 0.0, 0.0, 1.0],
                [0.77399, 0.153848, 0.614223, 0.0, -0.229249, 0.972311, 0.045339, 0.4, -0.590241, -0.175902, 0.787829, -0.0, 0.0, 0.0, 0.0, 1.0],
                [0.537477, 0.153848, 0.829125, 0.0, -0.23173, 0.972311, -0.030199, 0.4, -0.810814, -0.175902, 0.558247, -0.0, 0.0, 0.0, 0.0, 1.0]
            ]
        },
        {
            "name": "Shoulder_R",
            "time": [0.0, 0.2667, 0.6167],
            "transform": [
                [0.103089, 0.934621, 0.340375, 0.0, 0.251589, -0.355572, 0.900151, 0.4, 0.962328, -0.007161, -0.271796, -0.0, 0.0, 0.0, 0.0, 1.0],
                [0.103089, 0.934621, 0.340375, 0.0, 0.251589, -0.355572, 0.900151, 0.4, 0.962328, -0.007161, -0.271796, -0.0, 0.0, 0.0, 0.0, 1.0],
                [0.103089, 0.934621, 0.340375, 0.0, 0.251589, -0.355572, 0.900151, 0.4, 0.962328, -0.007161, -0.271796, -0.0, 0.0, 0.0, 0.0, 1.0]
            ]
        },
        {
            "name": "Arm_R",
            "time": [0.0, 0.1333, 0.2667, 0.6167],
            "transform": [
                [0.793157, -0.410489, -0.44989, 0.0, -0.162917, 0.568782, -0.806192, 0.39386, 0.586821, 0.712732, 0.384258, 0.0, 0.0, 0.0, 0.0, 1.0],
                [0.676824, 0.134559, -0.723742, 0.0, -0.171145, 0.984976, 0.023077, 0.39386, 0.715974, 0.108246, 0.689684, -0.0, 0.0, 0.0, 0.0, 1.0],
                [0.4962, -0.640974, -0.585609, 0.0, -0.179396, 0.584253, -0.791496, 0.393861, 0.849472, 0.497796, 0.174918, 0.0, 0.0, 0.0, 0.0, 1.0],
                [0.419179, -0.678477, -0.603289, -0.0, -0.181776, 0.588314, -0.787937, 0.393861, 0.88952, 0.43995, 0.123278, 0.0, 0.0, 0.0, 0.0, 1.0]
            ]
        },
        {
            "name": "Hand_R",
            "time": [0.0, 0.2667, 0.6167],
            "transform": [
                [0.999972, 0.004313, 0.006061, -0.0, -0.002699, 0.969591, -0.244715, 0.3, -0.006933, 0.244691, 0.969576, -0.0, 0.0, 0.0, 0.0, 1.0],
                [0.999972, 0.004313, 0.006061, 0.0, -0.002699, 0.969591, -0.244715, 0.3, -0.006932, 0.244691, 0.969576, 0.0, 0.0, 0.0, 0.0, 1.0],
                [0.999972, 0.004313, 0.006061, -0.0, -0.002699, 0.969591, -0.244715, 0.3, -0.006933, 0.244691, 0.969576, -0.0, 0.0, 0.0, 0.0, 1.0]
            ]
        },
        {
            "name": "Tool_R",
            "time": [0.0, 0.1333, 0.2667, 0.6167],
            "transform": [
                [-0.989487, -0.112202, -0.084628, 0.026035, -0.123169, 0.960749, 0.086853, 0.2166, 0.07576, 0.096412, -0.962946, 0.080397, 0.0, 0.0, 0.0, 1.0],
                [-0.451401, -0.110961, -0.85943, 0.023953, -0.142447, 0.960687, -0.053231, 0.343842, 0.880356, 0.098443, -0.448752, 0.070599, 0.0, 0.0, 0.0, 1.0],
                [0.922466, -0.107532, -0.35921, -0.044383, 0.064628, 0.961188, -0.130651, 0.138022, 0.380408, 0.097355, 0.892201, 0.785289, 0.0, 0.0, 0.0, 1.0],
                [0.992765, -0.107317, 0.045873, -0.059795, 0.114466, 0.961314, -0.091703, 0.120823, -0.036266, 0.096338, 0.965117, 0.939565, 0.0, 0.0, 0.0, 1.0]
            ]
        },
        {
            "name": "Elbow_R",
            "time": [0.0, 0.2667, 0.6167],
            "transform": [
                [-1.0, 0.0, 0.0, -0.0, -0.0, -0.288452, -0.957494, 0.36794, -0.0, -0.957494, 0.288452, -0.0, 0.0, 0.0, 0.0, 1.0],
                [-1.0, 0.0, 0.0, -0.0, -0.0, -0.288452, -0.957494, 0.36794, -0.0, -0.957494, 0.288452, 1e-06, 0.0, 0.0, 0.0, 1.0],
                [-1.0, 0.0, 0.0, -0.0, -0.0, -0.288452, -0.957494, 0.36794, -0.0, -0.957494, 0.288452, -0.0, 0.0, 0.0, 0.0, 1.0]
            ]
        },
        {
            "name": "Shoulder_L",
            "time": [0.0, 0.2667, 0.6167],
            "transform": [
                [0.722752, -0.55067, -0.417602, 0.0, 0.38281, -0.184099, 0.905298, 0.4, -0.575401, -0.814168, 0.077744, -0.0, 0.0, 0.0, 0.0, 1.0],
                [0.722752, -0.55067, -0.417602, 0.0, 0.38281, -0.184099, 0.905298, 0.4, -0.575401, -0.814168, 0.077744, -0.0, 0.0, 0.0, 0.0, 1.0],
                [0.722752, -0.55067, -0.417602, 0.0, 0.38281, -0.184099, 0.905298, 0.4, -0.575401, -0.814168, 0.077744, -0.0, 0.0, 0.0, 0.0, 1.0]
            ]
        },
        {
            "name": "Arm_L",
            "time": [0.0, 0.1333, 0.2667, 0.6167],
            "transform": [
                [-0.186213, 0.97491, -0.121962, -0.0, -0.775982, -0.069793, 0.626882, 0.39386, 0.602642, 0.211374, 0.769509, 0.0, 0.0, 0.0, 0.0, 1.0],
                [0.03245, -0.306801, 0.95122, 0.0, -0.132293, 0.942029, 0.30835, 0.39386, -0.990679, -0.135846, -0.010019, -0.0, 0.0, 0.0, 0.0, 1.0],
                [0.183465, 0.925988, 0.329979, 0.0, -0.526526, -0.190901, 0.828449, 0.39386, 0.830127, -0.325734, 0.452533, -0.0, 0.0, 0.0, 0.0, 1.0],
                [0.278068, 0.87376, 0.399026, 0.0, -0.471644, -0.23769, 0.84915, 0.393861, 0.836797, -0.42432, 0.34601, -0.0, 0.0, 0.0, 0.0, 1.0]
            ]
        },
        {
            "name": "Hand_L",
            "time": [0.0, 0.2667, 0.6167],
            "transform": [
                [0.999993, -0.001852, -0.003314, -0.0, 0.000938, 0.966397, -0.257054, 0.3, 0.003679, 0.257049, 0.966392, -0.0, 0.0, 0.0, 0.0, 1.0],
                [0.999993, -0.003305, -0.00187, 0.0, 0.000938, 0.692186, -0.721719, 0.3, 0.003679, 0.721712, 0.692184, -0.0, 0.0, 0.0, 0.0, 1.0],
                [0.999993, -0.003502, -0.001467, 0.0, 0.000938, 0.602283, -0.798283, 0.3, 0.003679, 0.798275, 0.602282, -0.0, 0.0, 0.0, 0.0, 1.0]
            ]
        },
        {
            "name": "Tool_L",
            "time": [0.0, 0.2667, 0.6167],
            "transform": [
                [0.997004, 0.01104, -0.076554, -0.0, -0.036659, -0.804079, -0.593391, 0.272858, -0.068067, 0.594062, -0.8008, -0.0, 0.0, 0.0, 0.0, 1.0],
                [0.997004, 0.01104, -0.076554, 0.0, -0.036659, -0.804079, -0.593391, 0.272858, -0.068067, 0.594062, -0.8008, -0.0, 0.0, 0.0, 0.0, 1.0],
                [0.997004, 0.01104, -0.076554, -0.0, -0.036659, -0.804079, -0.593391, 0.272858, -0.068067, 0.594062, -0.8008, 0.0, 0.0, 0.0, 0.0, 1.0]
            ]
        },
        {
            "name": "Elbow_L",
            "time": [0.0, 0.2667, 0.6167],
            "transform": [
                [-1.0, 0.0, -0.0, 2.7e-05, -0.0, -0.30078, -0.953694, 0.396148, -0.0, -0.953694, 0.30078, -0.002121, 0.0, 0.0, 0.0, 1.0],
                [-1.0, 0.0, -0.0, 2.7e-05, 0.0, -0.30078, -0.953693, 0.396148, -0.0, -0.953694, 0.30078, -0.002121, 0.0, 0.0, 0.0, 1.0],
                [-1.0, 0.0, -0.0, 2.7e-05, 0.0, -0.30078, -0.953694, 0.396148, -0.0, -0.953694, 0.30078, -0.002121, 0.0, 0.0, 0.0, 1.0]
            ]
        }
    ]
}