{
    "animation": [
        {
            "name": "Root",
            "time": [0.0, 0.15, 0.2667, 0.4167, 0.5333],
            "transform": [
                [1.0, 0.0, 0.0, -5e-06, 0.0, 0.0, -1.0, 0.000946, 0.0, 1.0, 0.0, 0.797984, 0.0, 0.0, 0.0, 1.0],
                [1.0, 0.0, 0.0, 0.011545, 0.0, 0.0, -1.0, 0.000946, 0.0, 1.0, 0.0, 0.548375, 0.0, 0.0, 0.0, 1.0],
                [1.0, 0.0, 0.0, -5e-06, 0.0, 0.0, -1.0, 0.000946, 0.0, 1.0, 0.0, 0.797984, 0.0, 0.0, 0.0, 1.0],
                [1.0, 0.0, 0.0, 0.011545, 0.0, 0.0, -1.0, 0.000946, 0.0, 1.0, 0.0, 0.548375, 0.0, 0.0, 0.0, 1.0],
                [1.0, 0.0, 0.0, -5e-06, 0.0, 0.0, -1.0, 0.000946, 0.0, 1.0, 0.0, 0.797984, 0.0, 0.0, 0.0, 1.0]
            ]
        },
        {
            "name": "Thigh_R",
            "time": [0.0, 0.0833, 0.15, 0.2667, 0.4167, 0.5333],
            "transform": [
                [0.984809, 0.168428, -0.042225, 0.124994, 0.170587, -0.893043, 0.416377, -0.002831, 0.032421, -0.417254, -0.908211, -1.2e-05, 0.0, 0.0, 0.0, 1.0],
                [0.99282, 0.082414, -0.086696, 0.124994, 0.116541, -0.503114, 0.856325, -0.002831, 0.026955, -0.860279, -0.509108, -1.2e-05, 0.0, 0.0, 0.0, 1.0],
                [0.99831, 0.031606, -0.048765, 0.124994, 0.058112, -0.542362, 0.838132, -0.002831, 4.1e-05, -0.839547, -0.543284, -1.2e-05, 0.0, 0.0, 0.0, 1.0],
                [0.996146, 0.08551, 0.019495, 0.124994, 0.083779, -0.99351, 0.07691, -0.002831, 0.025946, -0.07498, -0.996848, -1.2e-05, 0.0, 0.0, 0.0, 1.0],
                [0.99831, 0.045347, 0.03634, 0.124994, 0.058112, -0.77947, -0.623736, -0.002831, 4.2e-05, 0.624793, -0.780789, -1.2e-05, 0.0, 0.0, 0.0, 1.0],
                [0.984809, 0.168428, -0.042225, 0.124994, 0.170587, -0.893043, 0.416377, -0.002831, 0.032421, -0.417254, -0.908211, -1.2e-05, 0.0, 0.0, 0.0, 1.0]
            ]
        },
        {
            "name": "Leg_R",
            "time": [0.0, 0.0833, 0.15, 0.2667, 0.4167, 0.5333],
            "transform": [
                [1.0, -1e-06, 2e-06, 0.0, -2e-06, 0.329795, 0.944052, 0.37472, -1e-06, -0.944053, 0.329795, 0.0, 0.0, 0.0, 0.0, 1.0],
                [1.0, 1e-06, 2e-06, -0.0, -1e-06, 0.936255, 0.351322, 0.37472, -1e-06, -0.351323, 0.936254, -0.0, 0.0, 0.0, 0.0, 1.0],
                [1.0, 1e-06, 2e-06, 0.0, -1e-06, 0.876277, 0.481809, 0.37472, -1e-06, -0.48181, 0.876275, -0.0, 0.0, 0.0, 0.0, 1.0],
                [1.0, 1e-06, 1e-06, -0.0, -1e-06, 0.993003, 0.118095, 0.37472, -1e-06, -0.118095, 0.993002, 0.0, 0.0, 0.0, 0.0, 1.0],
                [1.0, 1e-06, 2e-06, -0.0, -1e-06, 0.994946, 0.100422, 0.37472, -1e-06, -0.100422, 0.994944, 0.0, 0.0, 0.0, 0.0, 1.0],
                [1.0, -1e-06, 2e-06, 0.0, -2e-06, 0.329795, 0.944052, 0.37472, -1e-06, -0.944053, 0.329795, 0.0, 0.0, 0.0, 0.0, 1.0]
            ]
        },
        {
            "name": "Knee_R",
            "time": [0.0, 0.0833, 0.15, 0.2667, 0.4167, 0.5333],
            "transform": [
                [1.0, 0.0, -0.0, -0.000179, -0.0, 1e-06, -1.0, 0.436391, -0.0, 1.0, 1e-06, -0.000613, 0.0, 0.0, 0.0, 1.0],
                [1.0, -0.0, -0.0, -0.000179, -0.0, -0.475591, -0.879667, 0.436391, -0.0, 0.879667, -0.475591, -0.000613, 0.0, 0.0, 0.0, 1.0],
                [1.0, -0.0, -0.0, -0.000179, -0.0, -0.417945, -0.908472, 0.436391, -0.0, 0.908472, -0.417945, -0.000613, 0.0, 0.0, 0.0, 1.0],
                [1.0, 0.0, -0.0, -0.000179, -0.0, 1e-06, -1.0, 0.436391, -0.0, 1.0, 1e-06, -0.000613, 0.0, 0.0, 0.0, 1.0],
                [1.0, -0.0, -0.0, -0.000179, -0.0, -0.417945, -0.908472, 0.436391, -0.0, 0.908472, -0.417945, -0.000613, 0.0, 0.0, 0.0, 1.0],
                [1.0, 0.0, -0.0, -0.000179, -0.0, 1e-06, -1.0, 0.436391, -0.0, 1.0, 1e-06, -0.000613, 0.0, 0.0, 0.0, 1.0]
            ]
        },
        {
            "name": "Thigh_L",
            "time": [0.0, 0.15, 0.2667, 0.35, 0.4167, 0.5333],
            "transform": [
                [0.99823, -0.059461, 1.6e-05, -0.125006, -0.058379, -0.980129, -0.189574, -0.002831, 0.011287, 0.189238, -0.981866, -1.2e-05, 0.0, 0.0, 0.0, 1.0],
                [0.99823, -0.048473, -0.034437, -0.125006, -0.058379, -0.689038, -0.72237, -0.002831, 0.011288, 0.723103, -0.690648, -1.2e-05, 0.0, 0.0, 0.0, 1.0],
                [0.99823, -0.04927, 0.033287, -0.125006, -0.058379, -0.91838, 0.39137, -0.002831, 0.011287, -0.392621, -0.919631, -1.2e-05, 0.0, 0.0, 0.0, 1.0],
                [0.998044, -0.024444, 0.057527, -0.125006, -0.061755, -0.527786, 0.847129, -0.002831, 0.009654, -0.849025, -0.528264, -1.2e-05, 0.0, 0.0, 0.0, 1.0],
                [0.99823, -0.021045, 0.055612, -0.125006, -0.058379, -0.524419, 0.849457, -0.002831, 0.011287, -0.8512, -0.52472, -1.2e-05, 0.0, 0.0, 0.0, 1.0],
                [0.99823, -0.059461, 1.6e-05, -0.125006, -0.058379, -0.980129, -0.189574, -0.002831, 0.011287, 0.189238, -0.981866, -1.2e-05, 0.0, 0.0, 0.0, 1.0]
            ]
        },
        {
            "name": "Leg_L",
            "time": [0.0, 0.15, 0.2667, 0.35, 0.4167, 0.5333],
            "transform": [
                [1.0, -0.0, 1e-06, 0.0, 0.0, 0.999948, 0.010137, 0.37472, -1e-06, -0.010137, 0.999949, -0.0, 0.0, 0.0, 0.0, 1.0],
                [1.0, -0.0, 1e-06, 0.0, 0.0, 0.999948, 0.010137, 0.37472, -1e-06, -0.010137, 0.999949, 0.0, 0.0, 0.0, 0.0, 1.0],
                [1.0, -1e-06, 0.0, -0.0, 0.0, 0.20269, 0.979244, 0.37472, -2e-06, -0.979243, 0.20269, -0.0, 0.0, 0.0, 0.0, 1.0],
                [1.0, -1e-06, 1e-06, 0.0, 0.0, 0.914777, 0.403958, 0.37472, -1e-06, -0.403957, 0.914778, 0.0, 0.0, 0.0, 0.0, 1.0],
                [1.0, -1e-06, 1e-06, 0.0, 0.0, 0.865296, 0.501261, 0.37472, -1e-06, -0.50126, 0.865297, -0.0, 0.0, 0.0, 0.0, 1.0],
                [1.0, -0.0, 1e-06, 0.0, 0.0, 0.999948, 0.010137, 0.37472, -1e-06, -0.010137, 0.999949, -0.0, 0.0, 0.0, 0.0, 1.0]
            ]
        },
        {
            "name": "Knee_L",
            "time": [0.0, 0.15, 0.2667, 0.4167, 0.5333],
            "transform": [
                [1.0, 0.0, -0.0, 0.0, -0.0, 1e-06, -1.0, 0.37472, -0.0, 1.0, 1e-06, -0.0, 0.0, 0.0, 0.0, 1.0],
                [1.0, 0.0, -0.0, 0.0, -0.0, 1e-06, -1.0, 0.37472, -0.0, 1.0, 1e-06, 0.0, 0.0, 0.0, 0.0, 1.0],
                [1.0, 0.0, -0.0, -0.0, -0.0, 0.625728, -0.780041, 0.37472, -0.0, 0.780041, 0.625728, -0.0, 0.0, 0.0, 0.0, 1.0],
                [1.0, 0.0, -0.0, 0.0, -0.0, 1e-06, -1.0, 0.37472, -0.0, 1.0, 1e-06, -0.0, 0.0, 0.0, 0.0, 1.0],
                [1.0, 0.0, -0.0, 0.0, -0.0, 1e-06, -1.0, 0.37472, -0.0, 1.0, 1e-06, -0.0, 0.0, 0.0, 0.0, 1.0]
            ]
        },
        {
            "name": "Torso",
            "time": [0.0, 0.15, 0.2667, 0.4167, 0.5333],
            "transform": [
                [1.0, 0.0, 0.0, 0.0, 0.0, 0.929943, 0.367703, 0.05, 0.0, -0.367703, 0.929943, 0.0, 0.0, 0.0, 0.0, 1.0],
                [0.983393, -0.015687, 0.180808, 0.0, -0.032485, 0.964953, 0.260403, 0.05, -0.178556, -0.261953, 0.948419, 0.0, 0.0, 0.0, 0.0, 1.0],
                [1.0, 0.0, 0.0, 0.0, 0.0, 0.871178, 0.490967, 0.05, 0.0, -0.490967, 0.871178, 0.0, 0.0, 0.0, 0.0, 1.0],
                [0.983393, -0.015687, 0.180808, 0.0, -0.032485, 0.964953, 0.260403, 0.05, -0.178556, -0.261953, 0.948419, 0.0, 0.0, 0.0, 0.0, 1.0],
                [1.0, 0.0, 0.0, 0.0, 0.0, 0.929943, 0.367703, 0.05, 0.0, -0.367703, 0.929943, 0.0, 0.0, 0.0, 0.0, 1.0]
            ]
        },
        {
            "name": "Chest",
            "time": [0.0, 0.15, 0.2667, 0.4167, 0.5333],
            "transform": [
                [0.73789, 0.061845, -0.672081, 0.0, -0.017717, 0.997225, 0.072313, 0.3, 0.674688, -0.041452, 0.736938, 0.0, 0.0, 0.0, 0.0, 1.0],
                [0.680423, 0.0759, -0.728879, 0.0, -0.08303, 0.996202, 0.026226, 0.3, 0.728101, 0.042674, 0.684141, -0.0, 0.0, 0.0, 0.0, 1.0],
                [0.729726, 0.059977, -0.681104, -0.0, -0.102957, 0.994426, -0.022739, 0.3, 0.675943, 0.086717, 0.731834, -0.0, 0.0, 0.0, 0.0, 1.0],
                [0.680423, 0.0759, -0.728879, 0.0, -0.08303, 0.996202, 0.026226, 0.3, 0.728101, 0.042674, 0.684141, -0.0, 0.0, 0.0, 0.0, 1.0],
                [0.73789, 0.061845, -0.672081, 0.0, -0.017717, 0.997225, 0.072313, 0.3, 0.674688, -0.041452, 0.736938, 0.0, 0.0, 0.0, 0.0, 1.0]
            ]
        },
        {
            "name": "Head",
            "time": [0.0, 0.15, 0.2667, 0.4167, 0.5333],
            "transform": [
                [0.763496, 0.0, 0.645813, 0.0, 0.121261, 0.982214, -0.143358, 0.4, -0.634326, 0.187765, 0.749916, 0.0, 0.0, 0.0, 0.0, 1.0],
                [0.763496, -0.0, 0.645813, -0.0, 0.121261, 0.982214, -0.143358, 0.4, -0.634326, 0.187765, 0.749916, -0.0, 0.0, 0.0, 0.0, 1.0],
                [0.763496, 0.0, 0.645813, 0.0, 0.121261, 0.982214, -0.143358, 0.4, -0.634326, 0.187765, 0.749916, 0.0, 0.0, 0.0, 0.0, 1.0],
                [0.763496, -0.0, 0.645813, -0.0, 0.121261, 0.982214, -0.143358, 0.4, -0.634326, 0.187765, 0.749916, -0.0, 0.0, 0.0, 0.0, 1.0],
                [0.763496, 0.0, 0.645813, 0.0, 0.121261, 0.982214, -0.143358, 0.4, -0.634326, 0.187765, 0.749916, 0.0, 0.0, 0.0, 0.0, 1.0]
            ]
        },
        {
            "name": "Shoulder_R",
            "time": [0.0, 0.15, 0.2667, 0.4167, 0.5333],
            "transform": [
                [-0.009591, 0.956185, 0.292606, 0.0, -0.011136, -0.292704, 0.956138, 0.4, 0.999892, 0.005912, 0.013456, 0.0, 0.0, 0.0, 0.0, 1.0],
                [-0.009591, 0.956185, 0.292606, -0.0, -0.011136, -0.292704, 0.956138, 0.4, 0.999892, 0.005911, 0.013456, -0.0, 0.0, 0.0, 0.0, 1.0],
                [-0.009591, 0.956185, 0.292606, 0.0, -0.011136, -0.292704, 0.956138, 0.4, 0.999892, 0.005912, 0.013456, 0.0, 0.0, 0.0, 0.0, 1.0],
                [-0.009591, 0.956185, 0.292606, -0.0, -0.011136, -0.292704, 0.956138, 0.4, 0.999892, 0.005911, 0.013456, -0.0, 0.0, 0.0, 0.0, 1.0],
                [-0.009591, 0.956185, 0.292606, 0.0, -0.011136, -0.292704, 0.956138, 0.4, 0.999892, 0.005912, 0.013456, 0.0, 0.0, 0.0, 0.0, 1.0]
            ]
        },
        {
            "name": "Arm_R",
            "time": [0.0, 0.15, 0.2667, 0.4167, 0.5333],
            "transform": [
                [-0.599184, -0.092062, -0.795301, 0.0, 0.521659, 0.708658, -0.475054, 0.39386, 0.60733, -0.699521, -0.376591, -0.0, 0.0, 0.0, 0.0, 1.0],
                [-0.600843, 0.305684, -0.73861, -0.0, 0.53472, 0.840526, -0.08712, 0.393861, 0.59419, -0.447295, -0.66848, 0.0, 0.0, 0.0, 0.0, 1.0],
                [-0.593986, -0.12115, -0.795301, -0.0, 0.486508, 0.733235, -0.475054, 0.39386, 0.640695, -0.669096, -0.376591, 0.0, 0.0, 0.0, 0.0, 1.0],
                [-0.536649, 0.080513, -0.839956, -0.0, 0.403743, 0.898593, -0.171819, 0.393861, 0.740945, -0.431333, -0.514736, 0.0, 0.0, 0.0, 0.0, 1.0],
                [-0.599184, -0.092062, -0.795301, 0.0, 0.521659, 0.708658, -0.475054, 0.39386, 0.60733, -0.699521, -0.376591, -0.0, 0.0, 0.0, 0.0, 1.0]
            ]
        },
        {
            "name": "Hand_R",
            "time": [0.0, 0.15, 0.2667, 0.4167, 0.5333],
            "transform": [
                [0.999972, 0.004313, 0.006061, 0.0, -0.002699, 0.969591, -0.244715, 0.3, -0.006933, 0.244691, 0.969576, 0.0, 0.0, 0.0, 0.0, 1.0],
                [0.999972, 0.00699, 0.002545, -0.0, -0.002699, 0.659659, -0.75156, 0.3, -0.006932, 0.751532, 0.65966, 0.0, 0.0, 0.0, 0.0, 1.0],
                [0.999972, 0.004313, 0.006061, -0.0, -0.002699, 0.969591, -0.244715, 0.3, -0.006932, 0.244691, 0.969576, -0.0, 0.0, 0.0, 0.0, 1.0],
                [0.999972, 0.00635, 0.003875, -0.0, -0.002699, 0.795081, -0.606498, 0.3, -0.006932, 0.60647, 0.795076, -0.0, 0.0, 0.0, 0.0, 1.0],
                [0.999972, 0.004313, 0.006061, 0.0, -0.002699, 0.969591, -0.244715, 0.3, -0.006933, 0.244691, 0.969576, 0.0, 0.0, 0.0, 0.0, 1.0]
            ]
        },
        {
            "name": "Tool_R",
            "time": [0.0, 0.15, 0.2667, 0.4167, 0.5333],
            "transform": [
                [-0.991876, -0.014452, -0.122689, -0.012011, 0.076031, -0.841353, -0.480768, 0.176272, -0.101927, -0.486391, 0.834294, 0.436603, 0.0, 0.0, 0.0, 1.0],
                [-0.991878, -0.047192, -0.114175, -0.010883, 0.076015, -0.940318, -0.234872, 0.197604, -0.101927, -0.241748, 0.934789, 0.441528, 0.0, 0.0, 0.0, 1.0],
                [-0.991876, -0.014452, -0.122689, -0.012011, 0.076032, -0.841353, -0.480768, 0.176272, -0.101927, -0.486391, 0.834294, 0.436603, 0.0, 0.0, 0.0, 1.0],
                [-0.991877, -0.036004, -0.118177, -0.012011, 0.076021, -0.913395, -0.323996, 0.176272, -0.101927, -0.330488, 0.907276, 0.436603, 0.0, 0.0, 0.0, 1.0],
                [-0.991876, -0.014452, -0.122689, -0.012011, 0.076031, -0.841353, -0.480768, 0.176272, -0.101927, -0.486391, 0.834294, 0.436603, 0.0, 0.0, 0.0, 1.0]
            ]
        },
        {
            "name": "Elbow_R",
            "time": [0.0, 0.15, 0.2667, 0.4167, 0.5333],
            "transform": [
                [-1.0, 0.0, -0.0, -0.0, 0.0, 0.0, -1.0, 0.321641, -0.0, -1.0, 0.0, 0.0, 0.0, 0.0, 0.0, 1.0],
                [-1.0, 0.0, -0.0, -0.0, -0.0, -0.0, -1.0, 0.321641, -0.0, -1.0, 0.0, -0.0, 0.0, 0.0, 0.0, 1.0],
                [-1.0, 0.0, -0.0, -0.0, 0.0, 0.0, -1.0, 0.321641, -0.0, -1.0, 0.0, -0.0, 0.0, 0.0, 0.0, 1.0],
                [-1.0, 0.0, -0.0, -0.0, 0.0, -0.0, -1.0, 0.321641, -0.0, -1.0, 0.0, -0.0, 0.0, 0.0, 0.0, 1.0],
                [-1.0, 0.0, -0.0, -0.0, 0.0, 0.0, -1.0, 0.321641, -0.0, -1.0, 0.0, 0.0, 0.0, 0.0, 0.0, 1.0]
            ]
        },
        {
            "name": "Shoulder_L",
            "time": [0.0, 0.15, 0.2667, 0.4167, 0.5333],
            "transform": [
                [0.397672, -0.917439, -0.012781, 0.0, -0.049282, -0.035268, 0.998162, 0.4, -0.916203, -0.396311, -0.059238, 0.0, 0.0, 0.0, 0.0, 1.0],
                [0.397672, -0.917439, -0.012781, -0.0, -0.049282, -0.035268, 0.998162, 0.4, -0.916203, -0.396311, -0.059238, -0.0, 0.0, 0.0, 0.0, 1.0],
                [0.459974, -0.881698, -0.105035, 0.0, -0.035199, -0.136305, 0.990041, 0.4, -0.887235, -0.451696, -0.093732, 0.0, 0.0, 0.0, 0.0, 1.0],
                [0.258213, -0.940925, -0.219059, -0.0, -0.136662, -0.260044, 0.955877, 0.4, -0.956373, -0.216883, -0.195735, -0.0, 0.0, 0.0, 0.0, 1.0],
                [0.397672, -0.917439, -0.012781, 0.0, -0.049282, -0.035268, 0.998162, 0.4, -0.916203, -0.396311, -0.059238, 0.0, 0.0, 0.0, 0.0, 1.0]
            ]
        },
        {
            "name": "Arm_L",
            "time": [0.0, 0.15, 0.2667, 0.4167, 0.5333],
            "transform": [
                [-0.326147, 0.902239, 0.282121, 0.0, 0.473355, 0.414201, -0.777414, 0.39386, -0.818269, -0.120007, -0.56217, -0.0, 0.0, 0.0, 0.0, 1.0],
                [-0.281792, 0.950315, 0.13227, 0.0, 0.517176, 0.266556, -0.813312, 0.39386, -0.80816, -0.160778, -0.566593, -0.0, 0.0, 0.0, 0.0, 1.0],
                [-0.367068, 0.884539, 0.28784, 0.0, 0.476958, 0.444643, -0.758158, 0.39386, -0.798606, -0.141008, -0.585102, 0.0, 0.0, 0.0, 0.0, 1.0],
                [-0.011807, 0.998963, 0.043985, -0.0, 0.632949, 0.04152, -0.77308, 0.39386, -0.774104, 0.018713, -0.632782, -0.0, 0.0, 0.0, 0.0, 1.0],
                [-0.326147, 0.902239, 0.282121, 0.0, 0.473355, 0.414201, -0.777414, 0.39386, -0.818269, -0.120007, -0.56217, -0.0, 0.0, 0.0, 0.0, 1.0]
            ]
        },
        {
            "name": "Hand_L",
            "time": [0.0, 0.15, 0.2667, 0.4167, 0.5333],
            "transform": [
                [0.999304, -0.034053, 0.015212, 0.0, 0.037296, 0.914321, -0.403269, 0.3, -0.000176, 0.403556, 0.914955, 0.0, 0.0, 0.0, 0.0, 1.0],
                [0.999304, -0.033437, 0.016521, 0.0, 0.037296, 0.897994, -0.438424, 0.3, -0.000176, 0.438735, 0.898617, -0.0, 0.0, 0.0, 0.0, 1.0],
                [0.999304, -0.034053, 0.015212, 0.0, 0.037296, 0.914321, -0.403269, 0.3, -0.000176, 0.403556, 0.914955, -0.0, 0.0, 0.0, 0.0, 1.0],
                [0.999304, -0.034053, 0.015212, -0.0, 0.037296, 0.914321, -0.403269, 0.3, -0.000176, 0.403556, 0.914955, -0.0, 0.0, 0.0, 0.0, 1.0],
                [0.999304, -0.034053, 0.015212, 0.0, 0.037296, 0.914321, -0.403269, 0.3, -0.000176, 0.403556, 0.914955, 0.0, 0.0, 0.0, 0.0, 1.0]
            ]
        },
        {
            "name": "Tool_L",
            "time": [0.0, 0.15, 0.2667, 0.4167, 0.5333],
            "transform": [
                [1.0, 0.0, 0.0, -0.0, 0.0, -0.999836, 0.018122, 0.272858, 0.0, -0.018122, -0.999247, 0.0, 0.0, 0.0, 0.0, 1.0],
                [1.0, 0.0, 0.0, 0.0, 0.0, -0.999836, 0.018122, 0.272858, 0.0, -0.018122, -0.999247, 0.0, 0.0, 0.0, 0.0, 1.0],
                [1.0, 0.0, 0.0, 0.0, 0.0, -0.999836, 0.018122, 0.272858, 0.0, -0.018122, -0.999247, 0.0, 0.0, 0.0, 0.0, 1.0],
                [1.0, 0.0, 0.0, 0.0, 0.0, -0.999836, 0.018122, 0.272858, 0.0, -0.018122, -0.999247, -0.0, 0.0, 0.0, 0.0, 1.0],
                [1.0, 0.0, 0.0, -0.0, 0.0, -0.999836, 0.018122, 0.272858, 0.0, -0.018122, -0.999247, 0.0, 0.0, 0.0, 0.0, 1.0]
            ]
        },
        {
            "name": "Elbow_L",
            "time": [0.0, 0.15, 0.2667, 0.4167, 0.5333],
            "transform": [
                [-1.0, 0.0, -0.0, -0.001499, -0.0, 0.0, -1.0, 0.343808, -0.0, -1.0, -0.0, 0.003656, 0.0, 0.0, 0.0, 1.0],
                [-1.0, 0.0, -0.0, -0.001499, 0.0, -0.0, -1.0, 0.343808, -0.0, -1.0, 0.0, 0.003656, 0.0, 0.0, 0.0, 1.0],
                [-1.0, 0.0, -0.0, -0.001499, 0.0, 0.0, -1.0, 0.343808, -0.0, -1.0, 0.0, 0.003656, 0.0, 0.0, 0.0, 1.0],
                [-1.0, 0.0, -0.0, -0.001499, 0.0, -0.0, -1.0, 0.343808, -0.0, -1.0, 0.0, 0.003656, 0.0, 0.0, 0.0, 1.0],
                [-1.0, 0.0, -0.0, -0.001499, -0.0, 0.0, -1.0, 0.343808, -0.0, -1.0, -0.0, 0.003656, 0.0, 0.0, 0.0, 1.0]
            ]
        }
    ]
}