{
    "animation": [
        {
            "name": "Root",
            "time": [0.0, 0.3333, 0.5, 0.65, 0.8833, 1.0833, 1.6167],
            "transform": [
                [0.854689, 0.0, -0.51914, -0.007616, -0.51914, 0.0, -0.854689, 0.001678, 0.0, 1.0, 0.0, 0.764267, 0.0, 0.0, 0.0, 1.0],
                [0.780868, 0.0, 0.624696, -0.051904, 0.624696, 0.0, -0.780868, -0.846463, 0.0, 1.0, 0.0, 0.691444, 0.0, 0.0, 0.0, 1.0],
                [0.677484, 0.0, 0.735538, -0.051904, 0.735538, 0.0, -0.677484, -0.846463, 0.0, 1.0, 0.0, 0.691444, 0.0, 0.0, 0.0, 1.0],
                [0.551534, 0.0, -0.834152, -0.051904, -0.834152, 0.0, -0.551534, 0.518573, 0.0, 1.0, 0.0, 0.691444, 0.0, 0.0, 0.0, 1.0],
                [0.185671, 0.0, -0.982612, -0.051904, -0.982612, 0.0, -0.185671, 0.781625, 0.0, 1.0, 0.0, 0.691444, 0.0, 0.0, 0.0, 1.0],
                [0.185671, 0.0, -0.982612, -0.051904, -0.982612, 0.0, -0.185671, 0.781625, 0.0, 1.0, 0.0, 0.691444, 0.0, 0.0, 0.0, 1.0],
                [0.854689, 0.0, -0.51914, -0.007616, -0.51914, 0.0, -0.854689, 0.93424, 0.0, 1.0, 0.0, 0.764267, 0.0, 0.0, 0.0, 1.0]
            ]
        },
        {
            "name": "Thigh_R",
            "time": [0.0, 0.3333, 0.5, 0.65, 0.8833, 1.0833, 1.6167],
            "transform": [
                [0.992811, 0.11785, -0.020883, 0.124994, 0.118536, -0.992318, 0.035348, -0.002831, -0.016557, -0.037569, -0.999157, -1.2e-05, 0.0, 0.0, 0.0, 1.0],
                [0.866708, 0.304572, 0.395034, 0.124994, 0.11179, -0.8904, 0.441234, -0.002831, 0.486127, -0.338259, -0.805767, -1.2e-05, 0.0, 0.0, 0.0, 1.0],
                [0.866708, 0.304572, 0.395034, 0.124994, 0.11179, -0.8904, 0.441234, -0.002831, 0.486127, -0.338259, -0.805767, -1.2e-05, 0.0, 0.0, 0.0, 1.0],
                [0.741297, 0.368083, -0.561241, 0.124994, 0.216137, -0.922576, -0.319585, -0.002831, -0.635423, 0.115603, -0.763462, -1.2e-05, 0.0, 0.0, 0.0, 1.0],
                [0.741297, 0.368083, -0.561241, 0.124994, 0.216137, -0.922576, -0.319585, -0.002831, -0.635423, 0.115603, -0.763462, -1.2e-05, 0.0, 0.0, 0.0, 1.0],
                [0.741213, 0.370926, -0.559479, 0.124994, 0.218195, -0.921334, -0.321763, -0.002831, -0.634818, 0.116419, -0.76384, -1.2e-05, 0.0, 0.0, 0.0, 1.0],
                [0.992811, 0.11785, -0.020883, 0.124994, 0.118536, -0.992318, 0.035348, -0.002831, -0.016557, -0.037569, -0.999157, -1.2e-05, 0.0, 0.0, 0.0, 1.0]
            ]
        },
        {
            "name": "Leg_R",
            "time": [0.0, 0.3333, 0.5, 0.65, 0.8833, 1.0833, 1.6167],
            "transform": [
                [1.0, -0.0, 1e-06, 0.0, 0.0, 0.997612, 0.069073, 0.37472, -1e-06, -0.069073, 0.997611, -0.0, 0.0, 0.0, 0.0, 1.0],
                [1.0, -0.0, 1e-06, -0.0, 0.0, 0.997612, 0.069073, 0.37472, -1e-06, -0.069073, 0.997611, -0.0, 0.0, 0.0, 0.0, 1.0],
                [1.0, -0.0, 1e-06, 0.0, 0.0, 0.997612, 0.069073, 0.37472, -1e-06, -0.069073, 0.997611, -0.0, 0.0, 0.0, 0.0, 1.0],
                [1.0, -0.0, 1e-06, 0.0, 0.0, 0.997612, 0.069073, 0.37472, -1e-06, -0.069073, 0.997611, -0.0, 0.0, 0.0, 0.0, 1.0],
                [1.0, -0.0, 1e-06, 0.0, 0.0, 0.997612, 0.069073, 0.37472, -1e-06, -0.069073, 0.997611, -0.0, 0.0, 0.0, 0.0, 1.0],
                [1.0, -0.0, 1e-06, 0.0, 0.0, 0.997612, 0.069073, 0.37472, -1e-06, -0.069073, 0.997611, -0.0, 0.0, 0.0, 0.0, 1.0],
                [1.0, -0.0, 1e-06, 0.0, 0.0, 0.997612, 0.069073, 0.37472, -1e-06, -0.069073, 0.997611, -0.0, 0.0, 0.0, 0.0, 1.0]
            ]
        },
        {
            "name": "Knee_R",
            "time": [0.0, 0.3333, 0.5, 0.65, 0.8833, 1.0833, 1.6167],
            "transform": [
                [1.0, 0.0, -0.0, 0.0, -0.0, 1e-06, -1.0, 0.37472, -0.0, 1.0, 1e-06, -0.0, 0.0, 0.0, 0.0, 1.0],
                [1.0, 0.0, -0.0, -0.0, -0.0, 1e-06, -1.0, 0.37472, -0.0, 1.0, 1e-06, -0.0, 0.0, 0.0, 0.0, 1.0],
                [1.0, 0.0, -0.0, 0.0, -0.0, 1e-06, -1.0, 0.37472, -0.0, 1.0, 1e-06, -0.0, 0.0, 0.0, 0.0, 1.0],
                [1.0, 0.0, -0.0, 0.0, -0.0, 1e-06, -1.0, 0.37472, -0.0, 1.0, 1e-06, -0.0, 0.0, 0.0, 0.0, 1.0],
                [1.0, 0.0, -0.0, 0.0, -0.0, 1e-06, -1.0, 0.37472, -0.0, 1.0, 1e-06, -0.0, 0.0, 0.0, 0.0, 1.0],
                [1.0, 0.0, -0.0, 0.0, -0.0, 1e-06, -1.0, 0.37472, -0.0, 1.0, 1e-06, -0.0, 0.0, 0.0, 0.0, 1.0],
                [1.0, 0.0, -0.0, 0.0, -0.0, 1e-06, -1.0, 0.37472, -0.0, 1.0, 1e-06, -0.0, 0.0, 0.0, 0.0, 1.0]
            ]
        },
        {
            "name": "Thigh_L",
            "time": [0.0, 0.3333, 0.5, 0.65, 0.8833, 1.0833, 1.6167],
            "transform": [
                [0.659168, -0.135791, -0.739633, -0.125006, -0.117516, -0.990078, 0.077038, -0.002831, -0.742756, 0.036138, -0.668586, -1.2e-05, 0.0, 0.0, 0.0, 1.0],
                [0.705369, -0.366773, -0.606573, -0.125006, -0.460932, -0.887435, 0.000593, -0.002831, -0.538511, 0.279172, -0.795027, -1.2e-05, 0.0, 0.0, 0.0, 1.0],
                [0.705369, -0.366773, -0.606573, -0.125006, -0.460932, -0.887435, 0.000593, -0.002831, -0.538511, 0.279172, -0.795027, -1.2e-05, 0.0, 0.0, 0.0, 1.0],
                [0.594469, -0.454919, -0.663064, -0.125006, -0.116059, -0.864493, 0.489063, -0.002831, -0.795698, -0.213778, -0.566712, -1.2e-05, 0.0, 0.0, 0.0, 1.0],
                [0.594469, -0.454919, -0.663064, -0.125006, -0.116059, -0.864493, 0.489063, -0.002831, -0.795698, -0.213778, -0.566712, -1.2e-05, 0.0, 0.0, 0.0, 1.0],
                [0.588203, -0.471031, -0.657379, -0.125006, -0.124196, -0.855841, 0.502107, -0.002831, -0.799119, -0.213697, -0.561909, -1.2e-05, 0.0, 0.0, 0.0, 1.0],
                [0.659168, -0.135791, -0.739633, -0.125006, -0.117516, -0.990078, 0.077038, -0.002831, -0.742756, 0.036138, -0.668586, -1.2e-05, 0.0, 0.0, 0.0, 1.0]
            ]
        },
        {
            "name": "Leg_L",
            "time": [0.0, 0.3333, 0.5, 0.65, 0.8833, 1.0833, 1.6167],
            "transform": [
                [0.999989, -0.003452, -0.00313, 0.0, 0.003782, 0.993653, 0.112423, 0.37472, 0.002723, -0.112434, 0.993656, -0.0, 0.0, 0.0, 0.0, 1.0],
                [0.999989, -0.003452, -0.00313, 0.0, 0.003782, 0.993653, 0.112423, 0.37472, 0.002722, -0.112434, 0.993656, 0.0, 0.0, 0.0, 0.0, 1.0],
                [0.999989, -0.003452, -0.00313, 0.0, 0.003782, 0.993653, 0.112423, 0.37472, 0.002722, -0.112434, 0.993656, -0.0, 0.0, 0.0, 0.0, 1.0],
                [0.999989, -0.003452, -0.00313, 0.0, 0.003782, 0.993653, 0.112423, 0.37472, 0.002722, -0.112434, 0.993656, -0.0, 0.0, 0.0, 0.0, 1.0],
                [0.999989, -0.003452, -0.00313, 0.0, 0.003782, 0.993653, 0.112423, 0.37472, 0.002722, -0.112434, 0.993656, -0.0, 0.0, 0.0, 0.0, 1.0],
                [0.999989, -0.003452, -0.00313, 0.0, 0.003782, 0.993653, 0.112423, 0.37472, 0.002723, -0.112434, 0.993656, -0.0, 0.0, 0.0, 0.0, 1.0],
                [0.999989, -0.003452, -0.00313, -0.0, 0.003782, 0.993653, 0.112423, 0.37472, 0.002723, -0.112434, 0.993656, 0.0, 0.0, 0.0, 0.0, 1.0]
            ]
        },
        {
            "name": "Knee_L",
            "time": [0.0, 0.3333, 0.5, 0.65, 0.8833, 1.0833, 1.6167],
            "transform": [
                [1.0, 0.0, -0.0, 0.0, -0.0, 1e-06, -1.0, 0.37472, -0.0, 1.0, 1e-06, -0.0, 0.0, 0.0, 0.0, 1.0],
                [1.0, 0.0, -0.0, 0.0, -0.0, 1e-06, -1.0, 0.37472, -0.0, 1.0, 1e-06, 0.0, 0.0, 0.0, 0.0, 1.0],
                [1.0, 0.0, -0.0, 0.0, -0.0, 1e-06, -1.0, 0.37472, -0.0, 1.0, 1e-06, -0.0, 0.0, 0.0, 0.0, 1.0],
                [1.0, 0.0, -0.0, 0.0, -0.0, 1e-06, -1.0, 0.37472, -0.0, 1.0, 1e-06, -0.0, 0.0, 0.0, 0.0, 1.0],
                [1.0, 0.0, -0.0, 0.0, -0.0, 1e-06, -1.0, 0.37472, -0.0, 1.0, 1e-06, -0.0, 0.0, 0.0, 0.0, 1.0],
                [1.0, 0.0, -0.0, 0.0, -0.0, 1e-06, -1.0, 0.37472, -0.0, 1.0, 1e-06, -0.0, 0.0, 0.0, 0.0, 1.0],
                [1.0, 0.0, -0.0, -0.0, -0.0, 1e-06, -1.0, 0.37472, -0.0, 1.0, 1e-06, 0.0, 0.0, 0.0, 0.0, 1.0]
            ]
        },
        {
            "name": "Torso",
            "time": [0.0, 0.3333, 0.5, 0.65, 0.8833, 1.0833, 1.6167],
            "transform": [
                [0.99978, -0.020971, -0.000197, 0.0, 0.020971, 0.999603, 0.018833, 0.05, -0.000198, -0.018833, 0.999823, 0.0, 0.0, 0.0, 0.0, 1.0],
                [0.978726, -0.020971, 0.204098, 0.0, 0.016681, 0.999603, 0.022721, 0.05, -0.204493, -0.018833, 0.978687, 0.0, 0.0, 0.0, 0.0, 1.0],
                [0.958099, -0.020971, 0.285667, -0.0, 0.014711, 0.999603, 0.024043, 0.05, -0.286058, -0.018833, 0.958027, -0.0, 0.0, 0.0, 0.0, 1.0],
                [0.958099, -0.020971, 0.285667, -0.0, 0.014711, 0.999603, 0.024043, 0.05, -0.286058, -0.018833, 0.958027, 0.0, 0.0, 0.0, 0.0, 1.0],
                [0.962856, -0.124811, 0.239438, 0.0, 0.163103, 0.975541, -0.147371, 0.05, -0.215188, 0.18095, 0.959662, 0.0, 0.0, 0.0, 0.0, 1.0],
                [0.962856, -0.124811, 0.239438, 0.0, 0.163103, 0.975541, -0.147371, 0.05, -0.215188, 0.18095, 0.959662, 0.0, 0.0, 0.0, 0.0, 1.0],
                [0.99978, -0.020971, -0.000197, 0.0, 0.020971, 0.999603, 0.018833, 0.05, -0.000198, -0.018833, 0.999823, -0.0, 0.0, 0.0, 0.0, 1.0]
            ]
        },
        {
            "name": "Chest",
            "time": [0.0, 0.1667, 0.3333, 0.5, 0.65, 0.8833, 1.0833, 1.6167],
            "transform": [
                [0.999771, -0.021404, 0.000595, 0.0, 0.021411, 0.999605, -0.01819, 0.3, -0.000206, 0.018199, 0.999834, 0.0, 0.0, 0.0, 0.0, 1.0],
                [0.961726, -0.168296, 0.216238, -0.0, 0.029562, 0.848276, 0.528728, 0.3, -0.272412, -0.502099, 0.820785, 0.0, 0.0, 0.0, 0.0, 1.0],
                [0.85297, -0.158963, 0.497166, 0.0, -0.009857, 0.947421, 0.319839, 0.3, -0.521868, -0.277714, 0.806554, -0.0, 0.0, 0.0, 0.0, 1.0],
                [0.778895, -0.158963, 0.606674, 0.0, -0.052503, 0.94742, 0.315655, 0.3, -0.624952, -0.277714, 0.729595, -0.0, 0.0, 0.0, 0.0, 1.0],
                [0.810494, -0.46149, -0.36073, 0.0, 0.452378, 0.884381, -0.114997, 0.3, 0.372093, -0.069982, 0.925554, 0.0, 0.0, 0.0, 0.0, 1.0],
                [0.923142, -0.100864, -0.370993, 0.0, 0.056198, 0.990009, -0.129322, 0.3, 0.38033, 0.098534, 0.919587, 0.0, 0.0, 0.0, 0.0, 1.0],
                [0.900409, -0.100864, -0.42319, 0.0, 0.048709, 0.990009, -0.132325, 0.3, 0.432308, 0.098534, 0.896326, 0.0, 0.0, 0.0, 0.0, 1.0],
                [0.999771, -0.021404, 0.000595, -0.0, 0.021411, 0.999605, -0.01819, 0.3, -0.000206, 0.018199, 0.999834, 0.0, 0.0, 0.0, 0.0, 1.0]
            ]
        },
        {
            "name": "Head",
            "time": [0.0, 0.1667, 0.3333, 0.5, 0.65, 0.8833, 1.0833, 1.6167],
            "transform": [
                [0.85311, 0.012325, 0.521585, -0.0, -0.006297, 0.999891, -0.013328, 0.4, -0.521692, 0.008086, 0.853095, -0.0, 0.0, 0.0, 0.0, 1.0],
                [0.991569, -0.040354, -0.12314, -0.0, -0.013265, 0.913673, -0.406233, 0.4, 0.128903, 0.404441, 0.905434, 0.0, 0.0, 0.0, 0.0, 1.0],
                [0.691265, 0.012325, -0.722496, -0.0, -0.014363, 0.999891, 0.003315, 0.4, 0.722459, 0.008086, 0.691367, -0.0, 0.0, 0.0, 0.0, 1.0],
                [0.515489, 0.012325, -0.856808, -0.0, -0.013283, 0.999891, 0.006392, 0.4, 0.856793, 0.008086, 0.515597, 0.0, 0.0, 0.0, 0.0, 1.0],
                [0.823641, 0.012325, 0.566978, 0.0, -0.005567, 0.999891, -0.013649, 0.4, -0.567085, 0.008086, 0.82362, 0.0, 0.0, 0.0, 0.0, 1.0],
                [0.823641, 0.012325, 0.566978, 0.0, -0.005567, 0.999891, -0.013649, 0.4, -0.567085, 0.008086, 0.82362, -0.0, 0.0, 0.0, 0.0, 1.0],
                [0.82364, 0.012325, 0.566978, -0.0, -0.005567, 0.999891, -0.013649, 0.4, -0.567085, 0.008086, 0.82362, -0.0, 0.0, 0.0, 0.0, 1.0],
                [0.85311, 0.012325, 0.521585, -0.0, -0.006297, 0.999891, -0.013328, 0.4, -0.521692, 0.008086, 0.853095, -0.0, 0.0, 0.0, 0.0, 1.0]
            ]
        },
        {
            "name": "Shoulder_R",
            "time": [0.0, 0.3333, 0.5, 0.65, 0.8833, 1.0833, 1.6167],
            "transform": [
                [-0.276631, 0.925202, 0.259762, -0.0, 0.190162, -0.212262, 0.958532, 0.4, 0.941973, 0.314557, -0.11722, -0.0, 0.0, 0.0, 0.0, 1.0],
                [0.312427, 0.913736, 0.259762, -0.0, 0.031439, -0.283246, 0.958532, 0.4, 0.949421, -0.291304, -0.11722, -0.0, 0.0, 0.0, 0.0, 1.0],
                [0.312427, 0.913736, 0.259762, -0.0, 0.031439, -0.283246, 0.958532, 0.4, 0.949421, -0.291304, -0.11722, 0.0, 0.0, 0.0, 0.0, 1.0],
                [0.312427, 0.913736, 0.259762, 0.0, 0.031439, -0.283246, 0.958532, 0.4, 0.949421, -0.291304, -0.11722, 0.0, 0.0, 0.0, 0.0, 1.0],
                [0.312427, 0.913736, 0.259762, 0.0, 0.031439, -0.283246, 0.958532, 0.4, 0.949421, -0.291304, -0.11722, -0.0, 0.0, 0.0, 0.0, 1.0],
                [0.312427, 0.913736, 0.259762, -0.0, 0.031439, -0.283246, 0.958532, 0.4, 0.949421, -0.291304, -0.11722, -0.0, 0.0, 0.0, 0.0, 1.0],
                [-0.276631, 0.925202, 0.259762, -0.0, 0.190162, -0.212262, 0.958532, 0.4, 0.941973, 0.314557, -0.11722, -0.0, 0.0, 0.0, 0.0, 1.0]
            ]
        },
        {
            "name": "Arm_R",
            "time": [0.0, 0.3333, 0.5, 0.65, 0.8833, 1.0833, 1.4, 1.6167],
            "transform": [
                [0.844974, 0.195057, -0.497967, 0.0, 0.520149, -0.083231, 0.85001, 0.39386, 0.124354, -0.977254, -0.171787, 0.0, 0.0, 0.0, 0.0, 1.0],
                [-0.490151, -0.858597, -0.15021, -0.0, -0.352459, 0.352848, -0.866759, 0.39386, 0.797198, -0.3719, -0.475569, -0.0, 0.0, 0.0, 0.0, 1.0],
                [-0.490151, -0.833371, 0.25543, -0.0, -0.352459, -0.078522, -0.932527, 0.393861, 0.797198, -0.547108, -0.255242, -0.0, 0.0, 0.0, 0.0, 1.0],
                [0.511913, -0.840318, -0.178356, -0.0, -0.459948, -0.092761, -0.883087, 0.39386, 0.725529, 0.534098, -0.433988, 0.0, 0.0, 0.0, 0.0, 1.0],
                [0.511913, -0.7632, -0.394298, 0.0, -0.459948, 0.144152, -0.876167, 0.393861, 0.72553, 0.629878, -0.277239, 0.0, 0.0, 0.0, 0.0, 1.0],
                [0.511913, -0.751644, -0.415905, -0.0, -0.459948, 0.169084, -0.871699, 0.39386, 0.725529, 0.637529, -0.259161, -0.0, 0.0, 0.0, 0.0, 1.0],
                [0.177738, 0.362735, -0.914785, 0.0, 0.344083, 0.848004, 0.403108, 0.393861, 0.921963, -0.386409, 0.025911, 0.0, 0.0, 0.0, 0.0, 1.0],
                [0.844974, 0.195057, -0.497967, 0.0, 0.520149, -0.083231, 0.85001, 0.39386, 0.124354, -0.977254, -0.171787, 0.0, 0.0, 0.0, 0.0, 1.0]
            ]
        },
        {
            "name": "Hand_R",
            "time": [0.0, 0.3333, 0.5, 0.65, 0.8833, 1.0833, 1.6167],
            "transform": [
                [0.999998, -0.000848, 0.001614, -0.0, 0.000868, 0.999919, -0.012686, 0.3, -0.001603, 0.012688, 0.999918, 0.0, 0.0, 0.0, 0.0, 1.0],
                [0.999998, -0.000848, 0.001614, -0.0, 0.000868, 0.999919, -0.012686, 0.3, -0.001603, 0.012688, 0.999918, 0.0, 0.0, 0.0, 0.0, 1.0],
                [0.999998, -0.000848, 0.001614, -0.0, 0.000868, 0.999919, -0.012686, 0.3, -0.001603, 0.012688, 0.999918, 0.0, 0.0, 0.0, 0.0, 1.0],
                [0.999998, -0.000183, 0.001814, -0.0, 0.000868, 0.922776, -0.385336, 0.3, -0.001603, 0.385337, 0.922775, -0.0, 0.0, 0.0, 0.0, 1.0],
                [0.999998, -0.000183, 0.001814, -0.0, 0.000868, 0.922776, -0.385336, 0.3, -0.001603, 0.385336, 0.922775, -0.0, 0.0, 0.0, 0.0, 1.0],
                [0.999998, -0.000183, 0.001814, 0.0, 0.000868, 0.922776, -0.385335, 0.3, -0.001603, 0.385336, 0.922775, 0.0, 0.0, 0.0, 0.0, 1.0],
                [0.999998, -0.000848, 0.001614, -0.0, 0.000868, 0.999919, -0.012686, 0.3, -0.001603, 0.012688, 0.999918, 0.0, 0.0, 0.0, 0.0, 1.0]
            ]
        },
        {
            "name": "Tool_R",
            "time": [0.0, 0.05, 0.1667, 0.2, 0.2333, 0.3333, 0.5, 0.65, 0.8833, 1.0833, 1.6167],
            "transform": [
                [0.995182, 0.015962, -0.093876, 0.047346, 0.051843, 0.727781, 0.641806, 0.292138, 0.083177, -0.643825, 0.722313, 0.103695, 0.0, 0.0, 0.0, 1.0],
                [0.993268, -0.112447, -0.006025, -0.089297, 0.085671, 0.67798, 0.69094, 0.400353, -0.077929, -0.687067, 0.681979, -0.199942, 0.0, 0.0, 0.0, 1.0],
                [0.258165, -0.795952, 0.49792, -1.006823, -0.173061, 0.469454, 0.83359, 0.071294, -0.949913, -0.301488, -0.016517, 0.13192, 0.0, 0.0, 0.0, 1.0],
                [-0.175155, -0.722166, 0.627409, -0.786992, -0.223244, 0.650406, 0.688386, -0.279939, -0.958332, -0.019492, -0.2747, 0.737672, 0.0, 0.0, 0.0, 1.0],
                [-0.923205, -0.193901, 0.319001, -0.330068, 0.016891, 0.809608, 0.537241, -0.093943, -0.38371, 0.501577, -0.74298, 0.865132, 0.0, 0.0, 0.0, 1.0],
                [-0.96464, 0.129803, -0.220683, 0.060772, 0.075058, 0.938677, 0.241617, 0.225316, 0.252513, 0.216605, -0.913781, 0.308689, 0.0, 0.0, 0.0, 1.0],
                [-0.964635, 0.043108, -0.252329, 0.083227, 0.075114, 0.963446, -0.106538, 0.327402, 0.252513, -0.121761, -0.931142, 0.29087, 0.0, 0.0, 0.0, 1.0],
                [-0.91429, 0.359933, -0.159488, 0.072829, 0.384426, 0.646856, -0.621371, 0.386174, -0.127554, -0.629666, -0.728638, 0.232621, 0.0, 0.0, 0.0, 1.0],
                [-0.914291, 0.359933, -0.159488, 0.072829, 0.384426, 0.646856, -0.621371, 0.386174, -0.127554, -0.629666, -0.728638, 0.232621, 0.0, 0.0, 0.0, 1.0],
                [-0.91429, 0.359933, -0.159488, 0.072829, 0.384426, 0.646856, -0.621371, 0.386174, -0.127554, -0.629666, -0.728638, 0.232621, 0.0, 0.0, 0.0, 1.0],
                [0.995182, 0.015962, -0.093876, 0.047346, 0.051843, 0.727781, 0.641806, 0.292138, 0.083177, -0.643825, 0.722313, 0.103695, 0.0, 0.0, 0.0, 1.0]
            ]
        },
        {
            "name": "Elbow_R",
            "time": [0.0, 0.3333, 0.5, 0.65, 0.8833, 1.0833, 1.6167],
            "transform": [
                [-1.0, 0.0, -0.0, -0.0, 0.0, -0.0, -1.0, 0.429832, -0.0, -1.0, 0.0, 0.0, 0.0, 0.0, 0.0, 1.0],
                [-1.0, 0.0, 0.0, -0.0, -0.0, -0.0, -1.0, 0.429832, -0.0, -1.0, 0.0, 0.0, 0.0, 0.0, 0.0, 1.0],
                [-1.0, 0.0, 0.0, -0.0, 0.0, 0.0, -1.0, 0.429832, -0.0, -1.0, 0.0, 0.0, 0.0, 0.0, 0.0, 1.0],
                [-1.0, 0.0, 0.0, -0.0, 0.0, 0.0, -1.0, 0.429832, -0.0, -1.0, 0.0, 0.0, 0.0, 0.0, 0.0, 1.0],
                [-1.0, 0.0, 0.0, -0.0, 0.0, -0.0, -1.0, 0.429832, -0.0, -1.0, 0.0, 0.0, 0.0, 0.0, 0.0, 1.0],
                [-1.0, 0.0, -0.0, 0.0, -0.0, -0.0, -1.0, 0.429832, -0.0, -1.0, 0.0, 0.0, 0.0, 0.0, 0.0, 1.0],
                [-1.0, 0.0, -0.0, 0.0, 0.0, -0.0, -1.0, 0.429832, -0.0, -1.0, 0.0, 0.0, 0.0, 0.0, 0.0, 1.0]
            ]
        },
        {
            "name": "Shoulder_L",
            "time": [0.0, 0.3333, 0.5, 0.65, 0.8833, 1.0833, 1.6167],
            "transform": [
                [-0.503935, -0.756081, -0.417602, -0.0, -0.15956, -0.39367, 0.905298, 0.4, -0.848876, 0.522844, 0.077744, -0.0, 0.0, 0.0, 0.0, 1.0],
                [-0.175929, -0.963484, -0.201863, -0.0, 0.003383, -0.205652, 0.978619, 0.4, -0.984397, 0.171484, 0.039439, -0.0, 0.0, 0.0, 0.0, 1.0],
                [-0.175929, -0.963484, -0.201863, -0.0, 0.003383, -0.205652, 0.978619, 0.4, -0.984397, 0.171484, 0.03944, 0.0, 0.0, 0.0, 0.0, 1.0],
                [0.111227, -0.973077, -0.201863, 0.0, 0.062914, -0.195821, 0.978619, 0.4, -0.991802, -0.121549, 0.039439, 0.0, 0.0, 0.0, 0.0, 1.0],
                [0.486146, -0.850243, -0.201863, 0.0, 0.135074, -0.15511, 0.978619, 0.4, -0.863375, -0.503019, 0.039439, -0.0, 0.0, 0.0, 0.0, 1.0],
                [0.486146, -0.850243, -0.201863, -0.0, 0.135074, -0.15511, 0.978619, 0.4, -0.863375, -0.503019, 0.039439, -0.0, 0.0, 0.0, 0.0, 1.0],
                [-0.503935, -0.756081, -0.417602, -0.0, -0.15956, -0.39367, 0.905298, 0.4, -0.848876, 0.522844, 0.077744, -0.0, 0.0, 0.0, 0.0, 1.0]
            ]
        },
        {
            "name": "Arm_L",
            "time": [0.0, 0.1667, 0.3333, 0.5, 0.65, 0.8833, 1.0833, 1.6167],
            "transform": [
                [-0.846677, -0.311692, -0.431262, 0.0, 0.425666, 0.08958, -0.900435, 0.393861, 0.319291, -0.945951, 0.056831, 0.0, 0.0, 0.0, 0.0, 1.0],
                [-0.975881, 0.124669, 0.179203, -0.0, -0.065615, 0.615423, -0.785461, 0.39386, -0.208208, -0.778275, -0.5924, -0.0, 0.0, 0.0, 0.0, 1.0],
                [-0.533425, 0.815581, 0.224247, -0.0, 0.120604, 0.335742, -0.934202, 0.39386, -0.837206, -0.471281, -0.277455, 0.0, 0.0, 0.0, 0.0, 1.0],
                [-0.533425, 0.496912, 0.684498, -0.0, 0.120604, 0.845658, -0.519921, 0.39386, -0.837206, -0.194785, -0.511024, -0.0, 0.0, 0.0, 0.0, 1.0],
                [0.265788, 0.849974, 0.454864, 0.0, 0.366055, 0.347514, -0.863271, 0.39386, -0.89183, 0.395953, -0.218772, 0.0, 0.0, 0.0, 0.0, 1.0],
                [0.265788, 0.849974, 0.454864, -0.0, 0.366055, 0.347514, -0.863271, 0.39386, -0.89183, 0.395953, -0.218772, 0.0, 0.0, 0.0, 0.0, 1.0],
                [0.265788, 0.876165, 0.402109, -0.0, 0.366055, 0.294148, -0.882882, 0.39386, -0.89183, 0.381854, -0.242544, 0.0, 0.0, 0.0, 0.0, 1.0],
                [-0.846677, -0.311692, -0.431262, -0.0, 0.425666, 0.08958, -0.900435, 0.393861, 0.319291, -0.945951, 0.056831, 0.0, 0.0, 0.0, 0.0, 1.0]
            ]
        },
        {
            "name": "Hand_L",
            "time": [0.0, 0.3333, 0.5, 0.65, 0.8833, 1.0833, 1.6167],
            "transform": [
                [0.999993, -0.000981, -0.003668, 0.0, 0.000938, 0.999931, -0.011754, 0.3, 0.003679, 0.011751, 0.999924, -0.0, 0.0, 0.0, 0.0, 1.0],
                [0.999993, -0.000981, -0.003668, -0.0, 0.000938, 0.999931, -0.011754, 0.3, 0.003679, 0.011751, 0.999924, 0.0, 0.0, 0.0, 0.0, 1.0],
                [0.999993, -0.003024, -0.002296, 0.0, 0.000938, 0.782709, -0.622387, 0.3, 0.003679, 0.622381, 0.782706, -0.0, 0.0, 0.0, 0.0, 1.0],
                [0.999993, -0.002051, -0.003195, -0.0, 0.000938, 0.948929, -0.31549, 0.3, 0.003679, 0.315484, 0.948924, 0.0, 0.0, 0.0, 0.0, 1.0],
                [0.999993, -0.002051, -0.003195, -0.0, 0.000938, 0.948929, -0.31549, 0.3, 0.003679, 0.315484, 0.948924, 0.0, 0.0, 0.0, 0.0, 1.0],
                [0.999993, -0.002051, -0.003195, 0.0, 0.000938, 0.948929, -0.31549, 0.3, 0.003679, 0.315484, 0.948924, -0.0, 0.0, 0.0, 0.0, 1.0],
                [0.999993, -0.000981, -0.003668, 0.0, 0.000938, 0.999931, -0.011754, 0.3, 0.003679, 0.011751, 0.999924, -0.0, 0.0, 0.0, 0.0, 1.0]
            ]
        },
        {
            "name": "Tool_L",
            "time": [0.0, 0.3333, 0.5, 0.65, 0.8833, 1.0833, 1.6167],
            "transform": [
                [0.997004, 0.01104, -0.076554, -0.0, -0.036659, -0.804079, -0.593391, 0.272858, -0.068067, 0.594062, -0.8008, -0.0, 0.0, 0.0, 0.0, 1.0],
                [0.997004, 0.01104, -0.076554, -0.0, -0.036659, -0.804079, -0.593391, 0.272858, -0.068067, 0.594062, -0.8008, -0.0, 0.0, 0.0, 0.0, 1.0],
                [0.997004, 0.01104, -0.076554, 0.0, -0.036659, -0.804079, -0.593391, 0.272858, -0.068067, 0.594062, -0.8008, -0.0, 0.0, 0.0, 0.0, 1.0],
                [0.997004, 0.01104, -0.076554, -0.0, -0.036659, -0.804079, -0.593391, 0.272858, -0.068067, 0.594062, -0.8008, -0.0, 0.0, 0.0, 0.0, 1.0],
                [0.997004, 0.01104, -0.076554, 0.0, -0.036659, -0.804079, -0.593391, 0.272858, -0.068067, 0.594062, -0.8008, -0.0, 0.0, 0.0, 0.0, 1.0],
                [0.997004, 0.01104, -0.076554, 0.0, -0.036659, -0.804079, -0.593391, 0.272858, -0.068067, 0.594062, -0.8008, -0.0, 0.0, 0.0, 0.0, 1.0],
                [0.997004, 0.01104, -0.076554, -0.0, -0.036659, -0.804079, -0.593391, 0.272858, -0.068067, 0.594062, -0.8008, -0.0, 0.0, 0.0, 0.0, 1.0]
            ]
        },
        {
            "name": "Elbow_L",
            "time": [0.0, 0.3333, 0.5, 0.65, 0.8833, 1.0833, 1.6167],
            "transform": [
                [-1.0, 0.0, 0.0, 2.7e-05, 0.0, -0.0, -1.0, 0.396148, -0.0, -1.0, -0.0, -0.002121, 0.0, 0.0, 0.0, 1.0],
                [-1.0, 0.0, -0.0, 2.7e-05, -0.0, -0.0, -1.0, 0.396148, -0.0, -1.0, -0.0, -0.002121, 0.0, 0.0, 0.0, 1.0],
                [-1.0, 0.0, -0.0, 2.7e-05, 0.0, -0.20018, -0.979759, 0.396148, -0.0, -0.979759, 0.20018, -0.002121, 0.0, 0.0, 0.0, 1.0],
                [-1.0, 0.0, -0.0, 2.7e-05, 0.0, -0.20018, -0.979759, 0.396148, -0.0, -0.979759, 0.20018, -0.002121, 0.0, 0.0, 0.0, 1.0],
                [-1.0, 0.0, -0.0, 2.7e-05, 0.0, -0.20018, -0.979759, 0.396148, -0.0, -0.979759, 0.20018, -0.00212, 0.0, 0.0, 0.0, 1.0],
                [-1.0, 0.0, -0.0, 2.7e-05, 0.0, -0.20018, -0.979759, 0.396147, -0.0, -0.979759, 0.20018, -0.002121, 0.0, 0.0, 0.0, 1.0],
                [-1.0, 0.0, 0.0, 2.7e-05, 0.0, -0.0, -1.0, 0.396147, -0.0, -1.0, -0.0, -0.002121, 0.0, 0.0, 0.0, 1.0]
            ]
        }
    ]
}