{
    "animation": [
        {
            "name": "Root",
            "time": [0.0, 0.1, 0.5333, 0.6, 0.6667, 1.05, 1.2833, 1.7667],
            "transform": [
                [0.185671, 0.0, -0.982612, -0.051904, -0.982612, 0.0, -0.185671, -0.032215, 0.0, 1.0, 0.0, 0.691444, 0.0, 0.0, 0.0, 1.0],
                [-0.841614, 0.02951, -0.539273, -0.051904, -0.53914, 0.012976, 0.842116, -0.051955, 0.031848, 0.99948, 0.004989, 0.691444, 0.0, 0.0, 0.0, 1.0],
                [0.66404, 0.157383, 0.730946, -0.051904, 0.747171, -0.103021, -0.656599, -0.045475, -0.028035, 0.982149, -0.186002, 0.691444, 0.0, 0.0, 0.0, 1.0],
                [0.998577, 0.022966, 0.048134, -0.064136, 0.051401, -0.17379, -0.98344, 0.240016, -0.01422, 0.984515, -0.174723, 0.749304, 0.0, 0.0, 0.0, 1.0],
                [0.731018, -0.150247, -0.665612, -0.079756, -0.681643, -0.116139, -0.722409, 0.602189, 0.031236, 0.981803, -0.187314, 0.609539, 0.0, 0.0, 0.0, 1.0],
                [0.497617, -0.202645, -0.843393, -0.087658, -0.865883, -0.058622, -0.4968, 0.784604, 0.051233, 0.977496, -0.204638, 0.586299, 0.0, 0.0, 0.0, 1.0],
                [0.497617, -0.202645, -0.843393, -0.087658, -0.865883, -0.058622, -0.4968, 0.784604, 0.051233, 0.977496, -0.204638, 0.586299, 0.0, 0.0, 0.0, 1.0],
                [0.816612, 0.063829, -0.573647, 0.012514, -0.575241, 0.008466, -0.81794, 0.784604, -0.047352, 0.997925, 0.043631, 0.765023, 0.0, 0.0, 0.0, 1.0]
            ]
        },
        {
            "name": "Thigh_R",
            "time": [0.0, 0.2, 0.5333, 0.6, 0.6667, 1.05, 1.2833, 1.7667],
            "transform": [
                [0.741297, 0.368083, -0.561241, 0.124994, 0.216137, -0.922576, -0.319585, -0.002831, -0.635423, 0.115603, -0.763462, -1.2e-05, 0.0, 0.0, 0.0, 1.0],
                [0.948394, 0.314076, -0.043635, 0.124994, 0.314389, -0.913422, 0.258488, -0.002831, 0.041328, -0.258866, -0.965029, -1.2e-05, 0.0, 0.0, 0.0, 1.0],
                [0.89841, 0.290377, -0.329452, 0.124994, 0.320872, -0.946232, 0.041005, -0.002831, -0.299832, -0.142551, -0.943282, -1.2e-05, 0.0, 0.0, 0.0, 1.0],
                [0.91211, 0.180497, -0.368071, 0.124994, 0.176002, -0.98331, -0.046057, -0.002831, -0.370241, -0.022772, -0.928657, -1.2e-05, 0.0, 0.0, 0.0, 1.0],
                [0.800763, 0.517066, -0.302356, 0.124994, 0.496335, -0.85537, -0.148295, -0.002831, -0.335306, -0.03132, -0.941589, -1.2e-05, 0.0, 0.0, 0.0, 1.0],
                [0.864205, 0.469652, -0.180488, 0.124994, 0.488585, -0.869008, 0.078146, -0.002831, -0.120145, -0.155717, -0.980468, -1.2e-05, 0.0, 0.0, 0.0, 1.0],
                [0.864205, 0.469652, -0.180488, 0.124994, 0.488585, -0.869008, 0.078146, -0.002831, -0.120145, -0.155717, -0.980468, -1.2e-05, 0.0, 0.0, 0.0, 1.0],
                [0.992811, 0.11785, -0.020883, 0.124994, 0.118536, -0.992318, 0.035348, -0.002831, -0.016557, -0.037569, -0.999157, -1.2e-05, 0.0, 0.0, 0.0, 1.0]
            ]
        },
        {
            "name": "Leg_R",
            "time": [0.0, 0.2, 0.5333, 0.6667, 1.05, 1.2833, 1.7667],
            "transform": [
                [1.0, -0.0, 1e-06, 0.0, 0.0, 0.997612, 0.069073, 0.37472, -1e-06, -0.069073, 0.997611, 0.0, 0.0, 0.0, 0.0, 1.0],
                [1.0, -1e-06, 0.0, 0.0, 0.0, 0.461044, 0.887377, 0.37472, -1e-06, -0.887378, 0.461043, 0.0, 0.0, 0.0, 0.0, 1.0],
                [1.0, -0.0, 1e-06, -0.0, 0.0, 0.997612, 0.069073, 0.37472, -1e-06, -0.069073, 0.997611, -0.0, 0.0, 0.0, 0.0, 1.0],
                [1.0, -1e-06, 1e-06, -0.0, 0.0, 0.839563, 0.543263, 0.37472, -1e-06, -0.543264, 0.839562, -0.0, 0.0, 0.0, 0.0, 1.0],
                [1.0, -1e-06, 1e-06, 0.0, 0.0, 0.754263, 0.656573, 0.37472, -1e-06, -0.656574, 0.754261, -0.0, 0.0, 0.0, 0.0, 1.0],
                [1.0, -1e-06, 1e-06, 0.0, 0.0, 0.754263, 0.656573, 0.37472, -1e-06, -0.656574, 0.754261, -0.0, 0.0, 0.0, 0.0, 1.0],
                [1.0, -0.0, 1e-06, 0.0, 0.0, 0.997612, 0.069073, 0.37472, -1e-06, -0.069073, 0.997611, 0.0, 0.0, 0.0, 0.0, 1.0]
            ]
        },
        {
            "name": "Knee_R",
            "time": [0.0, 0.5333, 0.6667, 1.05, 1.2833, 1.7667],
            "transform": [
                [1.0, 0.0, -0.0, 0.0, -0.0, 1e-06, -1.0, 0.37472, -0.0, 1.0, 1e-06, 0.0, 0.0, 0.0, 0.0, 1.0],
                [1.0, 0.0, -0.0, -0.0, -0.0, 1e-06, -1.0, 0.37472, -0.0, 1.0, 1e-06, -0.0, 0.0, 0.0, 0.0, 1.0],
                [1.0, 0.0, -0.0, -0.0, -0.0, 1e-06, -1.0, 0.37472, -0.0, 1.0, 1e-06, -0.0, 0.0, 0.0, 0.0, 1.0],
                [1.0, 0.0, -0.0, 0.0, -0.0, 1e-06, -1.0, 0.37472, -0.0, 1.0, 1e-06, -0.0, 0.0, 0.0, 0.0, 1.0],
                [1.0, 0.0, -0.0, 0.0, -0.0, 1e-06, -1.0, 0.37472, -0.0, 1.0, 1e-06, -0.0, 0.0, 0.0, 0.0, 1.0],
                [1.0, 0.0, -0.0, 0.0, -0.0, 1e-06, -1.0, 0.37472, -0.0, 1.0, 1e-06, 0.0, 0.0, 0.0, 0.0, 1.0]
            ]
        },
        {
            "name": "Thigh_L",
            "time": [0.0, 0.5333, 0.6, 0.6667, 1.05, 1.2833, 1.7667],
            "transform": [
                [0.594469, -0.454919, -0.663064, -0.125006, -0.116059, -0.864493, 0.489063, -0.002831, -0.795698, -0.213778, -0.566712, -1.2e-05, 0.0, 0.0, 0.0, 1.0],
                [0.537526, -0.305935, -0.785792, -0.125006, -0.344882, -0.930122, 0.126208, -0.002831, -0.769494, 0.203166, -0.605477, -1.2e-05, 0.0, 0.0, 0.0, 1.0],
                [0.845226, -0.25654, 0.468806, -0.125006, -0.412618, -0.870764, 0.267424, -0.002831, 0.339615, -0.419472, -0.841846, -1.2e-05, 0.0, 0.0, 0.0, 1.0],
                [0.535059, -0.616716, -0.577385, -0.125006, -0.34926, -0.783784, 0.513517, -0.002831, -0.769238, -0.073104, -0.634765, -1.2e-05, 0.0, 0.0, 0.0, 1.0],
                [0.537526, -0.735666, -0.412142, -0.125006, -0.344882, -0.637805, 0.688666, -0.002831, -0.769494, -0.228036, -0.596555, -1.2e-05, 0.0, 0.0, 0.0, 1.0],
                [0.537526, -0.735666, -0.412142, -0.125006, -0.344882, -0.637805, 0.688666, -0.002831, -0.769494, -0.228036, -0.596555, -1.2e-05, 0.0, 0.0, 0.0, 1.0],
                [0.659168, -0.135791, -0.739633, -0.125006, -0.117516, -0.990078, 0.077038, -0.002831, -0.742756, 0.036138, -0.668586, -1.2e-05, 0.0, 0.0, 0.0, 1.0]
            ]
        },
        {
            "name": "Leg_L",
            "time": [0.0, 0.5333, 0.6, 0.6667, 1.05, 1.2833, 1.7667],
            "transform": [
                [0.999989, -0.003452, -0.00313, 0.0, 0.003782, 0.993653, 0.112423, 0.37472, 0.002722, -0.112434, 0.993656, 0.0, 0.0, 0.0, 0.0, 1.0],
                [0.999989, -0.00232, -0.004041, -0.0, 0.003782, 0.910729, 0.412988, 0.37472, 0.002722, -0.412999, 0.910728, 0.0, 0.0, 0.0, 0.0, 1.0],
                [0.999989, 0.002189, -0.004114, -0.0, 0.003782, 0.134517, 0.990905, 0.37472, 0.002722, -0.990909, 0.134508, 0.0, 0.0, 0.0, 0.0, 1.0],
                [0.999989, -0.00232, -0.004041, 0.0, 0.003782, 0.910728, 0.412988, 0.37472, 0.002722, -0.412999, 0.910728, -0.0, 0.0, 0.0, 0.0, 1.0],
                [0.999989, -0.001195, -0.004504, 0.0, 0.003782, 0.772782, 0.63466, 0.37472, 0.002722, -0.63467, 0.772779, -0.0, 0.0, 0.0, 0.0, 1.0],
                [0.999989, -0.001195, -0.004504, 0.0, 0.003782, 0.772782, 0.63466, 0.37472, 0.002722, -0.63467, 0.772779, -0.0, 0.0, 0.0, 0.0, 1.0],
                [0.999989, -0.003452, -0.00313, 0.0, 0.003782, 0.993653, 0.112423, 0.37472, 0.002722, -0.112434, 0.993656, 0.0, 0.0, 0.0, 0.0, 1.0]
            ]
        },
        {
            "name": "Knee_L",
            "time": [0.0, 0.5333, 0.6667, 1.05, 1.2833, 1.7667],
            "transform": [
                [1.0, 0.0, -0.0, 0.0, -0.0, 1e-06, -1.0, 0.37472, -0.0, 1.0, 1e-06, 0.0, 0.0, 0.0, 0.0, 1.0],
                [1.0, 0.0, -0.0, -0.0, -0.0, 1e-06, -1.0, 0.37472, -0.0, 1.0, 1e-06, 0.0, 0.0, 0.0, 0.0, 1.0],
                [1.0, 0.0, -0.0, 0.0, -0.0, 1e-06, -1.0, 0.37472, -0.0, 1.0, 1e-06, -0.0, 0.0, 0.0, 0.0, 1.0],
                [1.0, 0.0, -0.0, 0.0, -0.0, 1e-06, -1.0, 0.37472, -0.0, 1.0, 1e-06, -0.0, 0.0, 0.0, 0.0, 1.0],
                [1.0, 0.0, -0.0, 0.0, -0.0, 1e-06, -1.0, 0.37472, -0.0, 1.0, 1e-06, -0.0, 0.0, 0.0, 0.0, 1.0],
                [1.0, 0.0, -0.0, 0.0, -0.0, 1e-06, -1.0, 0.37472, -0.0, 1.0, 1e-06, 0.0, 0.0, 0.0, 0.0, 1.0]
            ]
        },
        {
            "name": "Torso",
            "time": [0.0, 0.5333, 0.6667, 1.05, 1.2833, 1.7667],
            "transform": [
                [0.962856, -0.124811, 0.239438, 0.0, 0.163103, 0.975541, -0.147371, 0.05, -0.215188, 0.18095, 0.959662, -0.0, 0.0, 0.0, 0.0, 1.0],
                [0.980029, 0.058225, 0.190142, 0.0, -0.065615, 0.997306, 0.032798, 0.05, -0.187721, -0.044619, 0.981209, 0.0, 0.0, 0.0, 0.0, 1.0],
                [0.999511, -0.01441, 0.027749, 0.0, 0.002703, 0.923974, 0.382447, 0.05, -0.031151, -0.382186, 0.923561, 0.0, 0.0, 0.0, 0.0, 1.0],
                [0.999548, -0.026073, -0.01499, -0.0, 0.030027, 0.893448, 0.448162, 0.05, 0.001708, -0.44841, 0.893827, -0.0, 0.0, 0.0, 0.0, 1.0],
                [0.999548, -0.026073, -0.01499, -0.0, 0.030027, 0.893448, 0.448162, 0.05, 0.001708, -0.44841, 0.893827, -0.0, 0.0, 0.0, 0.0, 1.0],
                [0.99978, -0.020971, -0.000197, -0.0, 0.020971, 0.999603, 0.018833, 0.05, -0.000198, -0.018833, 0.999823, 0.0, 0.0, 0.0, 0.0, 1.0]
            ]
        },
        {
            "name": "Chest",
            "time": [0.0, 0.5333, 0.6667, 1.05, 1.2833, 1.7667],
            "transform": [
                [0.923142, -0.100864, -0.370993, 0.0, 0.056198, 0.990009, -0.129322, 0.3, 0.38033, 0.098534, 0.919587, 0.0, 0.0, 0.0, 0.0, 1.0],
                [0.690302, 0.092791, 0.717547, 0.0, 0.075542, 0.977078, -0.199026, 0.3, -0.719567, 0.191593, 0.66747, -0.0, 0.0, 0.0, 0.0, 1.0],
                [0.886173, 0.033545, -0.462139, -0.0, 0.050037, 0.984615, 0.167419, 0.3, 0.460645, -0.171486, 0.870861, -0.0, 0.0, 0.0, 0.0, 1.0],
                [0.681786, 0.096596, -0.725146, 0.0, 0.120077, 0.963023, 0.24118, 0.3, 0.72163, -0.251506, 0.644977, 0.0, 0.0, 0.0, 0.0, 1.0],
                [0.681786, 0.096596, -0.725146, 0.0, 0.120077, 0.963023, 0.24118, 0.3, 0.72163, -0.251506, 0.644977, 0.0, 0.0, 0.0, 0.0, 1.0],
                [0.999771, -0.021404, 0.000595, 0.0, 0.021411, 0.999605, -0.01819, 0.3, -0.000206, 0.018199, 0.999834, 0.0, 0.0, 0.0, 0.0, 1.0]
            ]
        },
        {
            "name": "Head",
            "time": [0.0, 0.5333, 0.6667, 1.05, 1.2833, 1.7667],
            "transform": [
                [0.823641, 0.012325, 0.566978, -0.0, -0.005567, 0.999891, -0.013649, 0.4, -0.567085, 0.008086, 0.82362, -0.0, 0.0, 0.0, 0.0, 1.0],
                [0.82364, 0.012325, 0.566978, 0.0, -0.005567, 0.999891, -0.013649, 0.4, -0.567085, 0.008086, 0.82362, 0.0, 0.0, 0.0, 0.0, 1.0],
                [0.269835, 0.012325, 0.962828, -0.0, 0.00446, 0.999891, -0.014049, 0.4, -0.962896, 0.008086, 0.269751, -0.0, 0.0, 0.0, 0.0, 1.0],
                [0.079679, 0.012325, 0.996744, -0.0, 0.007078, 0.999891, -0.01293, 0.4, -0.996795, 0.008086, 0.079583, -0.0, 0.0, 0.0, 0.0, 1.0],
                [0.079679, 0.012325, 0.996744, -0.0, 0.007078, 0.999891, -0.01293, 0.4, -0.996795, 0.008086, 0.079583, -0.0, 0.0, 0.0, 0.0, 1.0],
                [0.85311, 0.012325, 0.521585, -0.0, -0.006297, 0.999891, -0.013328, 0.4, -0.521692, 0.008086, 0.853095, -0.0, 0.0, 0.0, 0.0, 1.0]
            ]
        },
        {
            "name": "Shoulder_R",
            "time": [0.0, 0.5333, 0.6667, 1.05, 1.2833, 1.7667],
            "transform": [
                [0.312427, 0.913736, 0.259762, -0.0, 0.031439, -0.283246, 0.958532, 0.4, 0.949421, -0.291304, -0.11722, -0.0, 0.0, 0.0, 0.0, 1.0],
                [0.312427, 0.913736, 0.259762, 0.0, 0.031439, -0.283246, 0.958532, 0.4, 0.949421, -0.291304, -0.11722, 0.0, 0.0, 0.0, 0.0, 1.0],
                [0.312427, 0.913736, 0.259762, -0.0, 0.031439, -0.283246, 0.958532, 0.4, 0.949421, -0.291304, -0.11722, -0.0, 0.0, 0.0, 0.0, 1.0],
                [0.312427, 0.913736, 0.259762, -0.0, 0.031439, -0.283246, 0.958532, 0.4, 0.949421, -0.291304, -0.11722, -0.0, 0.0, 0.0, 0.0, 1.0],
                [0.312427, 0.913736, 0.259762, -0.0, 0.031439, -0.283246, 0.958532, 0.4, 0.949421, -0.291304, -0.11722, -0.0, 0.0, 0.0, 0.0, 1.0],
                [-0.276631, 0.925202, 0.259762, -0.0, 0.190162, -0.212262, 0.958532, 0.4, 0.941973, 0.314557, -0.11722, -0.0, 0.0, 0.0, 0.0, 1.0]
            ]
        },
        {
            "name": "Arm_R",
            "time": [0.0, 0.5333, 0.6667, 1.05, 1.2833, 1.5167, 1.7667],
            "transform": [
                [0.511913, -0.7632, -0.394298, 0.0, -0.459948, 0.144152, -0.876167, 0.393861, 0.72553, 0.629878, -0.277239, 0.0, 0.0, 0.0, 0.0, 1.0],
                [0.118897, -0.991311, -0.056265, 0.0, -0.057085, 0.049748, -0.997129, 0.39386, 0.991264, 0.121767, -0.050674, 0.0, 0.0, 0.0, 0.0, 1.0],
                [0.118897, -0.918902, -0.376143, -0.0, -0.057085, 0.371878, -0.926525, 0.393861, 0.991264, 0.131633, -0.00824, -0.0, 0.0, 0.0, 0.0, 1.0],
                [0.118896, -0.82063, -0.558954, 0.0, -0.057084, 0.556367, -0.828974, 0.39386, 0.991264, 0.13047, 0.019305, 0.0, 0.0, 0.0, 0.0, 1.0],
                [0.118896, -0.82063, -0.558954, 0.0, -0.057084, 0.556367, -0.828974, 0.39386, 0.991264, 0.13047, 0.019305, 0.0, 0.0, 0.0, 0.0, 1.0],
                [0.177726, 0.108754, -0.978052, 0.0, -0.667178, 0.743901, -0.038518, 0.393861, 0.723386, 0.65938, 0.204769, -0.0, 0.0, 0.0, 0.0, 1.0],
                [0.844974, 0.195057, -0.497967, 0.0, 0.520149, -0.083231, 0.85001, 0.39386, 0.124354, -0.977254, -0.171787, 0.0, 0.0, 0.0, 0.0, 1.0]
            ]
        },
        {
            "name": "Hand_R",
            "time": [0.0, 0.5333, 0.6667, 1.05, 1.2833, 1.7667],
            "transform": [
                [0.999998, -0.000183, 0.001814, -0.0, 0.000868, 0.922776, -0.385336, 0.3, -0.001603, 0.385336, 0.922775, -0.0, 0.0, 0.0, 0.0, 1.0],
                [0.999998, -0.000183, 0.001814, -0.0, 0.000868, 0.922776, -0.385336, 0.3, -0.001603, 0.385336, 0.922775, 0.0, 0.0, 0.0, 0.0, 1.0],
                [0.999998, -0.000183, 0.001814, 0.0, 0.000868, 0.922776, -0.385336, 0.3, -0.001603, 0.385336, 0.922775, 0.0, 0.0, 0.0, 0.0, 1.0],
                [0.999998, 0.000298, 0.001799, -0.0, 0.000868, 0.789751, -0.613427, 0.3, -0.001603, 0.613428, 0.78975, 0.0, 0.0, 0.0, 0.0, 1.0],
                [0.999998, 0.000298, 0.001799, -0.0, 0.000868, 0.789751, -0.613427, 0.3, -0.001603, 0.613428, 0.78975, 0.0, 0.0, 0.0, 0.0, 1.0],
                [0.999998, -0.000848, 0.001614, 0.0, 0.000868, 0.999919, -0.012686, 0.3, -0.001603, 0.012688, 0.999918, 0.0, 0.0, 0.0, 0.0, 1.0]
            ]
        },
        {
            "name": "Tool_R",
            "time": [0.0, 0.5333, 0.6667, 1.05, 1.2833, 1.7667],
            "transform": [
                [-0.914291, 0.359933, -0.159488, 0.072829, 0.384426, 0.646856, -0.621371, 0.386174, -0.127554, -0.629666, -0.728638, 0.232621, 0.0, 0.0, 0.0, 1.0],
                [-0.91429, 0.359933, -0.159488, 0.072829, 0.384426, 0.646856, -0.621371, 0.386174, -0.127554, -0.629666, -0.728638, 0.232621, 0.0, 0.0, 0.0, 1.0],
                [-0.914285, 0.381528, -0.097289, 0.072829, 0.384438, 0.741527, -0.504888, 0.386174, -0.127554, -0.499202, -0.823346, 0.232621, 0.0, 0.0, 0.0, 1.0],
                [-0.914291, 0.359933, -0.159488, 0.072829, 0.384426, 0.646856, -0.621371, 0.386174, -0.127554, -0.629666, -0.728638, 0.232621, 0.0, 0.0, 0.0, 1.0],
                [-0.914291, 0.359933, -0.159488, 0.072829, 0.384426, 0.646856, -0.621371, 0.386174, -0.127554, -0.629666, -0.728638, 0.232621, 0.0, 0.0, 0.0, 1.0],
                [0.995182, 0.015962, -0.093876, 0.047346, 0.051843, 0.727781, 0.641806, 0.292138, 0.083177, -0.643825, 0.722313, 0.103695, 0.0, 0.0, 0.0, 1.0]
            ]
        },
        {
            "name": "Elbow_R",
            "time": [0.0, 0.5333, 0.6667, 1.05, 1.2833, 1.7667],
            "transform": [
                [-1.0, 0.0, 0.0, -0.0, 0.0, -0.0, -1.0, 0.429832, -0.0, -1.0, 0.0, 0.0, 0.0, 0.0, 0.0, 1.0],
                [-1.0, 0.0, 0.0, -0.0, -0.0, -0.461329, -0.887229, 0.429832, -0.0, -0.887229, 0.461329, 0.0, 0.0, 0.0, 0.0, 1.0],
                [-1.0, 0.0, -0.0, 0.0, 0.0, -0.461329, -0.887229, 0.429832, -0.0, -0.887229, 0.461329, -0.0, 0.0, 0.0, 0.0, 1.0],
                [-1.0, 0.0, -0.0, -0.0, -0.0, -0.461329, -0.887229, 0.429832, -0.0, -0.887229, 0.461329, 0.0, 0.0, 0.0, 0.0, 1.0],
                [-1.0, 0.0, -0.0, -0.0, -0.0, -0.461329, -0.887229, 0.429832, -0.0, -0.887229, 0.461329, 0.0, 0.0, 0.0, 0.0, 1.0],
                [-1.0, 0.0, -0.0, 0.0, 0.0, -0.0, -1.0, 0.429832, -0.0, -1.0, 0.0, 0.0, 0.0, 0.0, 0.0, 1.0]
            ]
        },
        {
            "name": "Shoulder_L",
            "time": [0.0, 0.5333, 0.6667, 1.05, 1.2833, 1.7667],
            "transform": [
                [0.486146, -0.850243, -0.201863, -0.0, 0.135074, -0.15511, 0.978619, 0.4, -0.863375, -0.503019, 0.039439, -0.0, 0.0, 0.0, 0.0, 1.0],
                [0.652556, -0.730357, -0.201863, 0.0, 0.164415, -0.123579, 0.978619, 0.4, -0.739688, -0.671793, 0.039439, 0.0, 0.0, 0.0, 0.0, 1.0],
                [0.652556, -0.730357, -0.201863, -0.0, 0.164415, -0.123579, 0.978619, 0.4, -0.739688, -0.671793, 0.039439, -0.0, 0.0, 0.0, 0.0, 1.0],
                [0.752565, -0.626815, -0.201863, -0.0, 0.180753, -0.098144, 0.978619, 0.4, -0.633225, -0.772963, 0.039439, -0.0, 0.0, 0.0, 0.0, 1.0],
                [0.752565, -0.626815, -0.201863, -0.0, 0.180753, -0.098144, 0.978619, 0.4, -0.633225, -0.772963, 0.039439, -0.0, 0.0, 0.0, 0.0, 1.0],
                [-0.503935, -0.756081, -0.417602, -0.0, -0.15956, -0.39367, 0.905298, 0.4, -0.848876, 0.522844, 0.077744, -0.0, 0.0, 0.0, 0.0, 1.0]
            ]
        },
        {
            "name": "Arm_L",
            "time": [0.0, 0.5333, 0.6667, 0.8667, 1.05, 1.2833, 1.7667],
            "transform": [
                [0.265788, 0.849974, 0.454864, -0.0, 0.366055, 0.347514, -0.863271, 0.39386, -0.89183, 0.395953, -0.218772, 0.0, 0.0, 0.0, 0.0, 1.0],
                [-0.148133, 0.402156, 0.903508, 0.0, 0.472676, 0.831274, -0.292507, 0.39386, -0.868697, 0.383737, -0.313229, -0.0, 0.0, 0.0, 0.0, 1.0],
                [-0.148133, 0.782022, 0.60539, -0.0, 0.472676, 0.593684, -0.651242, 0.39386, -0.868697, 0.189683, -0.457588, -0.0, 0.0, 0.0, 0.0, 1.0],
                [-0.148133, 0.845029, 0.513791, 0.0, 0.472676, 0.516838, -0.713762, 0.39386, -0.868696, 0.137125, -0.475986, 0.0, 0.0, 0.0, 0.0, 1.0],
                [-0.148133, 0.669099, 0.72826, -0.0, 0.472676, 0.694732, -0.542149, 0.39386, -0.868697, 0.263921, -0.41918, 0.0, 0.0, 0.0, 0.0, 1.0],
                [-0.148133, 0.669099, 0.72826, -0.0, 0.472676, 0.694732, -0.542149, 0.39386, -0.868697, 0.263921, -0.41918, 0.0, 0.0, 0.0, 0.0, 1.0],
                [-0.846677, -0.311692, -0.431262, 0.0, 0.425666, 0.08958, -0.900435, 0.39386, 0.319291, -0.945951, 0.056831, 0.0, 0.0, 0.0, 0.0, 1.0]
            ]
        },
        {
            "name": "Hand_L",
            "time": [0.0, 0.5333, 0.6667, 0.8667, 1.05, 1.2833, 1.7667],
            "transform": [
                [0.999993, -0.002051, -0.003195, -0.0, 0.000938, 0.948929, -0.31549, 0.3, 0.003679, 0.315484, 0.948924, -0.0, 0.0, 0.0, 0.0, 1.0],
                [0.999993, -0.003791, -0.000209, -0.0, 0.000938, 0.300058, -0.953921, 0.3, 0.003679, 0.953914, 0.300059, 0.0, 0.0, 0.0, 0.0, 1.0],
                [0.999993, -0.002051, -0.003195, -0.0, 0.000938, 0.948929, -0.31549, 0.3, 0.003679, 0.315484, 0.948924, 0.0, 0.0, 0.0, 0.0, 1.0],
                [0.999993, -0.001309, -0.003564, -0.0, 0.000938, 0.99476, -0.102233, 0.3, 0.003679, 0.102229, 0.994754, 0.0, 0.0, 0.0, 0.0, 1.0],
                [0.999993, -0.002051, -0.003195, -0.0, 0.000938, 0.948929, -0.31549, 0.3, 0.003679, 0.315484, 0.948924, 0.0, 0.0, 0.0, 0.0, 1.0],
                [0.999993, -0.002051, -0.003195, -0.0, 0.000938, 0.948929, -0.31549, 0.3, 0.003679, 0.315484, 0.948924, 0.0, 0.0, 0.0, 0.0, 1.0],
                [0.999993, -0.000981, -0.003668, 0.0, 0.000938, 0.999931, -0.011754, 0.3, 0.003679, 0.011751, 0.999924, 0.0, 0.0, 0.0, 0.0, 1.0]
            ]
        },
        {
            "name": "Tool_L",
            "time": [0.0, 0.5333, 0.6667, 1.05, 1.2833, 1.7667],
            "transform": [
                [0.997004, 0.01104, -0.076554, -0.0, -0.036659, -0.804079, -0.593391, 0.272858, -0.068067, 0.594062, -0.8008, -0.0, 0.0, 0.0, 0.0, 1.0],
                [0.997004, 0.01104, -0.076554, 0.0, -0.036659, -0.804079, -0.593391, 0.272858, -0.068067, 0.594062, -0.8008, -0.0, 0.0, 0.0, 0.0, 1.0],
                [0.997004, 0.01104, -0.076554, 0.0, -0.036659, -0.804079, -0.593391, 0.272858, -0.068067, 0.594062, -0.8008, -0.0, 0.0, 0.0, 0.0, 1.0],
                [0.997004, 0.01104, -0.076554, 0.0, -0.036659, -0.804079, -0.593391, 0.272858, -0.068067, 0.594062, -0.8008, -0.0, 0.0, 0.0, 0.0, 1.0],
                [0.997004, 0.01104, -0.076554, 0.0, -0.036659, -0.804079, -0.593391, 0.272858, -0.068067, 0.594062, -0.8008, -0.0, 0.0, 0.0, 0.0, 1.0],
                [0.997004, 0.01104, -0.076554, 0.0, -0.036659, -0.804079, -0.593391, 0.272858, -0.068067, 0.594062, -0.8008, -0.0, 0.0, 0.0, 0.0, 1.0]
            ]
        },
        {
            "name": "Elbow_L",
            "time": [0.0, 0.5333, 0.6667, 1.05, 1.2833, 1.7667],
            "transform": [
                [-1.0, 0.0, -0.0, 2.7e-05, 0.0, -0.20018, -0.979759, 0.396148, -0.0, -0.979759, 0.20018, -0.002121, 0.0, 0.0, 0.0, 1.0],
                [-1.0, 0.0, -0.0, 2.7e-05, 0.0, -0.20018, -0.979759, 0.396148, -0.0, -0.979759, 0.20018, -0.00212, 0.0, 0.0, 0.0, 1.0],
                [-1.0, 0.0, -0.0, 2.7e-05, 0.0, -0.20018, -0.979759, 0.396148, -0.0, -0.979759, 0.20018, -0.002121, 0.0, 0.0, 0.0, 1.0],
                [-1.0, 0.0, -0.0, 2.7e-05, 0.0, -0.20018, -0.979759, 0.396147, -0.0, -0.979759, 0.20018, -0.002121, 0.0, 0.0, 0.0, 1.0],
                [-1.0, 0.0, -0.0, 2.7e-05, 0.0, -0.20018, -0.979759, 0.396147, -0.0, -0.979759, 0.20018, -0.002121, 0.0, 0.0, 0.0, 1.0],
                [-1.0, 0.0, -0.0, 2.7e-05, 0.0, -0.0, -1.0, 0.396148, -0.0, -1.0, -0.0, -0.002121, 0.0, 0.0, 0.0, 1.0]
            ]
        }
    ]
}