{
    "animation": [
        {
            "name": "Root",
            "time": [0.0, 0.2333, 0.5, 0.6333, 0.9833, 1.5333],
            "transform": [
                [0.497617, -0.202645, -0.843393, -0.087658, -0.865883, -0.058622, -0.4968, -0.065336, 0.051233, 0.977496, -0.204638, 0.586299, 0.0, 0.0, 0.0, 1.0],
                [-0.103533, -0.305012, -0.946704, -0.343735, -0.994195, 0.059747, 0.089478, -0.594366, 0.029271, 0.950473, -0.309427, 0.546389, 0.0, 0.0, 0.0, 1.0],
                [-0.174132, -0.299977, -0.937919, -0.343735, -0.984287, 0.081335, 0.156727, -0.749865, 0.029271, 0.950473, -0.309427, 0.546389, 0.0, 0.0, 0.0, 1.0],
                [0.998564, -0.043794, -0.030855, -0.128562, -0.042884, -0.308256, -0.950336, 0.308185, 0.032108, 0.950295, -0.309691, 0.546389, 0.0, 0.0, 0.0, 1.0],
                [0.934879, 0.080416, 0.345737, -0.071122, 0.35347, -0.300225, -0.88596, 0.590627, 0.032553, 0.950473, -0.309099, 0.546389, 0.0, 0.0, 0.0, 1.0],
                [0.957429, 0.073708, 0.2791, -0.071122, 0.281262, -0.02059, -0.95941, -0.727605, -0.064969, 0.997067, -0.040445, 0.741585, 0.0, 0.0, 0.0, 1.0]
            ]
        },
        {
            "name": "Thigh_R",
            "time": [0.0, 0.2333, 0.5, 0.6333, 0.9833, 1.5333],
            "transform": [
                [0.864205, 0.469652, -0.180488, 0.124994, 0.488585, -0.869008, 0.078146, -0.002831, -0.120145, -0.155717, -0.980468, -1.2e-05, 0.0, 0.0, 0.0, 1.0],
                [0.826759, 0.488383, -0.279197, 0.124994, 0.552054, -0.7998, 0.235695, -0.002831, -0.108193, -0.348994, -0.930858, -1.2e-05, 0.0, 0.0, 0.0, 1.0],
                [0.826759, 0.488383, -0.279197, 0.124994, 0.552054, -0.7998, 0.235695, -0.002831, -0.108193, -0.348994, -0.930858, -1.2e-05, 0.0, 0.0, 0.0, 1.0],
                [0.915447, 0.398838, 0.053702, 0.124994, 0.259296, -0.686609, 0.679214, -0.002831, 0.30777, -0.607858, -0.731973, -1.2e-05, 0.0, 0.0, 0.0, 1.0],
                [0.908006, 0.391876, 0.148176, 0.124994, 0.149861, -0.634081, 0.758605, -0.002831, 0.391235, -0.666611, -0.634479, -1.2e-05, 0.0, 0.0, 0.0, 1.0],
                [0.992811, 0.11785, -0.020883, 0.124994, 0.118536, -0.992318, 0.035348, -0.002831, -0.016557, -0.037569, -0.999157, -1.2e-05, 0.0, 0.0, 0.0, 1.0]
            ]
        },
        {
            "name": "Leg_R",
            "time": [0.0, 0.2333, 0.5, 0.6333, 0.9833, 1.5333],
            "transform": [
                [1.0, -1e-06, 1e-06, 0.0, 0.0, 0.754263, 0.656573, 0.37472, -1e-06, -0.656574, 0.754261, -0.0, 0.0, 0.0, 0.0, 1.0],
                [1.0, -1e-06, 1e-06, 0.0, 0.0, 0.754263, 0.656573, 0.37472, -1e-06, -0.656574, 0.754261, 0.0, 0.0, 0.0, 0.0, 1.0],
                [1.0, -1e-06, 1e-06, 0.0, 0.0, 0.754263, 0.656573, 0.37472, -1e-06, -0.656574, 0.754261, 0.0, 0.0, 0.0, 0.0, 1.0],
                [0.999717, -0.005591, -0.023122, -0.0, 0.019647, 0.742065, 0.67004, 0.37472, 0.013412, -0.670306, 0.741964, 0.0, 0.0, 0.0, 0.0, 1.0],
                [0.999546, -0.007011, -0.029309, 0.0, 0.024931, 0.738749, 0.67352, 0.37472, 0.01693, -0.673946, 0.738587, -0.0, 0.0, 0.0, 0.0, 1.0],
                [1.0, -0.0, 1e-06, 0.0, 0.0, 0.997612, 0.069073, 0.37472, -1e-06, -0.069073, 0.997611, -0.0, 0.0, 0.0, 0.0, 1.0]
            ]
        },
        {
            "name": "Knee_R",
            "time": [0.0, 0.2333, 0.5, 0.6333, 0.9833, 1.5333],
            "transform": [
                [1.0, 0.0, -0.0, 0.0, -0.0, 1e-06, -1.0, 0.37472, -0.0, 1.0, 1e-06, -0.0, 0.0, 0.0, 0.0, 1.0],
                [1.0, 0.0, -0.0, 0.0, -0.0, 1e-06, -1.0, 0.37472, -0.0, 1.0, 1e-06, 0.0, 0.0, 0.0, 0.0, 1.0],
                [1.0, 0.0, -0.0, 0.0, -0.0, 1e-06, -1.0, 0.37472, -0.0, 1.0, 1e-06, 0.0, 0.0, 0.0, 0.0, 1.0],
                [1.0, 0.0, -0.0, -0.0, -0.0, 0.386044, -0.92248, 0.37472, -0.0, 0.92248, 0.386044, 0.0, 0.0, 0.0, 0.0, 1.0],
                [1.0, 0.0, -0.0, 0.0, -0.0, 0.480739, -0.876864, 0.37472, -0.0, 0.876864, 0.480739, -0.0, 0.0, 0.0, 0.0, 1.0],
                [1.0, 0.0, -0.0, 0.0, -0.0, 1e-06, -1.0, 0.37472, -0.0, 1.0, 1e-06, -0.0, 0.0, 0.0, 0.0, 1.0]
            ]
        },
        {
            "name": "Thigh_L",
            "time": [0.0, 0.2333, 0.5, 0.6333, 0.9833, 1.5333],
            "transform": [
                [0.537526, -0.735666, -0.412142, -0.125006, -0.344882, -0.637805, 0.688666, -0.002831, -0.769494, -0.228036, -0.596555, -1.2e-05, 0.0, 0.0, 0.0, 1.0],
                [0.122828, -0.887675, -0.443788, -0.125006, -0.42564, -0.451077, 0.784448, -0.002831, -0.896517, 0.092542, -0.433235, -1.2e-05, 0.0, 0.0, 0.0, 1.0],
                [0.122828, -0.887674, -0.443788, -0.125006, -0.42564, -0.451077, 0.784448, -0.002831, -0.896517, 0.092542, -0.433235, -1.2e-05, 0.0, 0.0, 0.0, 1.0],
                [0.892411, -0.285298, -0.34958, -0.125006, -0.441969, -0.708764, -0.549832, -0.002831, -0.090904, 0.645181, -0.758602, -1.2e-05, 0.0, 0.0, 0.0, 1.0],
                [0.975688, -0.180561, -0.124215, -0.125006, -0.207147, -0.574709, -0.791707, -0.002831, 0.071564, 0.798191, -0.598139, -1.2e-05, 0.0, 0.0, 0.0, 1.0],
                [0.659168, -0.135791, -0.739633, -0.125006, -0.117516, -0.990078, 0.077038, -0.002831, -0.742756, 0.036138, -0.668586, -1.2e-05, 0.0, 0.0, 0.0, 1.0]
            ]
        },
        {
            "name": "Leg_L",
            "time": [0.0, 0.2333, 0.5, 0.6333, 0.9833, 1.5333],
            "transform": [
                [0.999989, -0.001195, -0.004504, 0.0, 0.003782, 0.772782, 0.63466, 0.37472, 0.002722, -0.63467, 0.772779, 0.0, 0.0, 0.0, 0.0, 1.0],
                [0.999989, -0.001195, -0.004504, 0.0, 0.003782, 0.772782, 0.63466, 0.37472, 0.002722, -0.63467, 0.772779, -0.0, 0.0, 0.0, 0.0, 1.0],
                [0.999989, -0.001195, -0.004504, -0.0, 0.003782, 0.772782, 0.63466, 0.37472, 0.002722, -0.634669, 0.772779, -0.0, 0.0, 0.0, 0.0, 1.0],
                [0.999989, -0.002338, -0.004031, 0.0, 0.003782, 0.912505, 0.409047, 0.37472, 0.002722, -0.409057, 0.912505, -0.0, 0.0, 0.0, 0.0, 1.0],
                [0.999989, -0.002617, -0.003856, -0.0, 0.003782, 0.939175, 0.343418, 0.37472, 0.002722, -0.343429, 0.939175, -0.0, 0.0, 0.0, 0.0, 1.0],
                [0.999989, -0.003452, -0.00313, 0.0, 0.003782, 0.993653, 0.112423, 0.37472, 0.002722, -0.112434, 0.993656, -0.0, 0.0, 0.0, 0.0, 1.0]
            ]
        },
        {
            "name": "Knee_L",
            "time": [0.0, 0.2333, 0.5, 0.6333, 0.9833, 1.5333],
            "transform": [
                [1.0, 0.0, -0.0, 0.0, -0.0, 1e-06, -1.0, 0.37472, -0.0, 1.0, 1e-06, 0.0, 0.0, 0.0, 0.0, 1.0],
                [1.0, 0.0, -0.0, 0.0, -0.0, 1e-06, -1.0, 0.37472, -0.0, 1.0, 1e-06, -0.0, 0.0, 0.0, 0.0, 1.0],
                [1.0, 0.0, -0.0, -0.0, -0.0, 1e-06, -1.0, 0.37472, -0.0, 1.0, 1e-06, -0.0, 0.0, 0.0, 0.0, 1.0],
                [1.0, 0.0, -0.0, 0.0, -0.0, 1e-06, -1.0, 0.37472, -0.0, 1.0, 1e-06, -0.0, 0.0, 0.0, 0.0, 1.0],
                [1.0, 0.0, -0.0, -0.0, -0.0, 1e-06, -1.0, 0.37472, -0.0, 1.0, 1e-06, -0.0, 0.0, 0.0, 0.0, 1.0],
                [1.0, 0.0, -0.0, 0.0, -0.0, 1e-06, -1.0, 0.37472, -0.0, 1.0, 1e-06, -0.0, 0.0, 0.0, 0.0, 1.0]
            ]
        },
        {
            "name": "Torso",
            "time": [0.0, 0.15, 0.2333, 0.5, 0.6333, 0.9833, 1.5333],
            "transform": [
                [0.999548, -0.026073, -0.01499, -0.0, 0.030027, 0.893448, 0.448162, 0.05, 0.001708, -0.44841, 0.893827, 0.0, 0.0, 0.0, 0.0, 1.0],
                [0.998857, -0.047277, -0.007069, -0.0, 0.044592, 0.868243, 0.494131, 0.05, -0.017224, -0.493882, 0.869359, -0.0, 0.0, 0.0, 0.0, 1.0],
                [0.999548, -0.026073, -0.01499, -0.0, 0.030027, 0.893448, 0.448162, 0.05, 0.001708, -0.44841, 0.893827, -0.0, 0.0, 0.0, 0.0, 1.0],
                [0.999548, -0.026073, -0.01499, 0.0, 0.030027, 0.893448, 0.448162, 0.05, 0.001708, -0.44841, 0.893827, -0.0, 0.0, 0.0, 0.0, 1.0],
                [0.956992, 0.044639, 0.286659, -0.0, -0.170878, 0.885237, 0.432616, 0.05, -0.234449, -0.462994, 0.854792, -0.0, 0.0, 0.0, 0.0, 1.0],
                [0.929514, 0.062276, 0.363492, 0.0, -0.222553, 0.880656, 0.418228, 0.05, -0.294066, -0.469645, 0.832442, 0.0, 0.0, 0.0, 0.0, 1.0],
                [0.99978, -0.020971, -0.000197, -0.0, 0.020971, 0.999603, 0.018833, 0.05, -0.000198, -0.018833, 0.999823, 0.0, 0.0, 0.0, 0.0, 1.0]
            ]
        },
        {
            "name": "Chest",
            "time": [0.0, 0.15, 0.2333, 0.5, 0.6333, 0.9833, 1.3167, 1.5333],
            "transform": [
                [0.681786, 0.096596, -0.725146, 0.0, 0.120077, 0.963023, 0.24118, 0.3, 0.72163, -0.251506, 0.644977, -0.0, 0.0, 0.0, 0.0, 1.0],
                [0.689625, 0.013976, -0.724032, 0.0, 0.297037, 0.906376, 0.300417, 0.3, 0.660444, -0.42224, 0.620908, 0.0, 0.0, 0.0, 0.0, 1.0],
                [0.681786, 0.096596, -0.725146, 0.0, 0.120077, 0.963023, 0.24118, 0.3, 0.72163, -0.251506, 0.644977, 0.0, 0.0, 0.0, 0.0, 1.0],
                [0.681786, 0.096596, -0.725146, 0.0, 0.120077, 0.963023, 0.24118, 0.3, 0.72163, -0.251506, 0.644977, 0.0, 0.0, 0.0, 0.0, 1.0],
                [0.795415, 0.096596, -0.598318, 0.0, 0.077208, 0.963023, 0.258119, 0.3, 0.601127, -0.251506, 0.758545, -0.0, 0.0, 0.0, 0.0, 1.0],
                [0.821904, 0.096596, -0.561377, -0.0, 0.065342, 0.963023, 0.261375, 0.3, 0.565867, -0.251506, 0.7852, -0.0, 0.0, 0.0, 0.0, 1.0],
                [0.986942, -0.006115, -0.160959, 0.0, 0.077845, 0.892942, 0.443391, 0.3, 0.141015, -0.450131, 0.881758, -0.0, 0.0, 0.0, 0.0, 1.0],
                [0.999771, -0.021404, 0.000595, 0.0, 0.021411, 0.999605, -0.01819, 0.3, -0.000206, 0.018199, 0.999834, -0.0, 0.0, 0.0, 0.0, 1.0]
            ]
        },
        {
            "name": "Head",
            "time": [0.0, 0.2333, 0.5, 0.6333, 0.9833, 1.3167, 1.5333],
            "transform": [
                [0.079679, 0.012325, 0.996744, -0.0, 0.007078, 0.999891, -0.01293, 0.4, -0.996795, 0.008086, 0.079583, -0.0, 0.0, 0.0, 0.0, 1.0],
                [-0.447264, 0.160527, 0.879878, 0.0, 0.325569, 0.945493, -0.007003, 0.4, -0.833042, 0.283328, -0.475147, 0.0, 0.0, 0.0, 0.0, 1.0],
                [-0.447264, 0.160527, 0.879878, 0.0, 0.325569, 0.945492, -0.007003, 0.4, -0.833042, 0.283328, -0.475148, -0.0, 0.0, 0.0, 0.0, 1.0],
                [0.89388, 0.160527, 0.418581, 0.0, -0.017527, 0.945493, -0.325172, 0.4, -0.447964, 0.283328, 0.84797, 0.0, 0.0, 0.0, 0.0, 1.0],
                [0.985698, 0.160527, 0.051284, 0.0, -0.138649, 0.945492, -0.294653, 0.4, -0.095789, 0.283328, 0.954227, -0.0, 0.0, 0.0, 0.0, 1.0],
                [0.979691, 0.075673, -0.185685, -0.0, -0.09096, 0.993009, -0.075229, 0.4, 0.178694, 0.090591, 0.979725, -0.0, 0.0, 0.0, 0.0, 1.0],
                [0.947016, 0.012325, -0.320949, 0.0, -0.014268, 0.999891, -0.003702, 0.4, 0.320868, 0.008086, 0.947089, 0.0, 0.0, 0.0, 0.0, 1.0]
            ]
        },
        {
            "name": "Shoulder_R",
            "time": [0.0, 0.2333, 0.5, 0.6333, 0.9833, 1.5333],
            "transform": [
                [0.312427, 0.913736, 0.259762, -0.0, 0.031439, -0.283246, 0.958532, 0.4, 0.949421, -0.291304, -0.11722, -0.0, 0.0, 0.0, 0.0, 1.0],
                [0.534543, 0.830647, 0.155848, 0.0, 0.00057, -0.184759, 0.982784, 0.4, 0.845141, -0.525251, -0.099235, 0.0, 0.0, 0.0, 0.0, 1.0],
                [0.534543, 0.830647, 0.155848, 0.0, 0.00057, -0.184759, 0.982783, 0.4, 0.845141, -0.525251, -0.099235, -0.0, 0.0, 0.0, 0.0, 1.0],
                [0.534543, 0.830647, 0.155848, 0.0, 0.00057, -0.184759, 0.982784, 0.4, 0.845141, -0.525251, -0.099235, 0.0, 0.0, 0.0, 0.0, 1.0],
                [0.534543, 0.830647, 0.155848, 0.0, 0.00057, -0.184759, 0.982784, 0.4, 0.845141, -0.525251, -0.099235, -0.0, 0.0, 0.0, 0.0, 1.0],
                [-0.276631, 0.925202, 0.259762, 0.0, 0.190162, -0.212262, 0.958532, 0.4, 0.941973, 0.314557, -0.11722, 0.0, 0.0, 0.0, 0.0, 1.0]
            ]
        },
        {
            "name": "Arm_R",
            "time": [0.0, 0.2333, 0.5, 0.6333, 0.9833, 1.2167, 1.5333],
            "transform": [
                [0.118896, -0.82063, -0.558954, -0.0, -0.057084, 0.556367, -0.828974, 0.39386, 0.991264, 0.13047, 0.019305, 0.0, 0.0, 0.0, 0.0, 1.0],
                [0.28739, -0.950714, -0.116407, 0.0, -0.276061, 0.034159, -0.960533, 0.39386, 0.917168, 0.308183, -0.252638, 0.0, 0.0, 0.0, 0.0, 1.0],
                [0.28739, -0.956084, -0.05753, -0.0, -0.27606, -0.025167, -0.96081, 0.39386, 0.917168, 0.292009, -0.27117, -0.0, 0.0, 0.0, 0.0, 1.0],
                [0.28739, -0.73319, -0.61631, 0.0, -0.27606, 0.552744, -0.786298, 0.39386, 0.917168, 0.396113, -0.043552, 0.0, 0.0, 0.0, 0.0, 1.0],
                [0.28739, -0.619914, -0.730147, -0.0, -0.27606, 0.676347, -0.682895, 0.39386, 0.917168, 0.397822, 0.023242, 0.0, 0.0, 0.0, 0.0, 1.0],
                [0.635373, 0.305806, -0.709072, -0.0, -0.011365, 0.921847, 0.387387, 0.39386, 0.772122, -0.238077, 0.589192, 0.0, 0.0, 0.0, 0.0, 1.0],
                [0.844974, 0.195057, -0.497967, -0.0, 0.520149, -0.083231, 0.850011, 0.393861, 0.124354, -0.977254, -0.171787, -0.0, 0.0, 0.0, 0.0, 1.0]
            ]
        },
        {
            "name": "Hand_R",
            "time": [0.0, 0.2333, 0.5, 0.6333, 0.9833, 1.5333],
            "transform": [
                [0.999998, 0.000298, 0.001799, -0.0, 0.000868, 0.789751, -0.613427, 0.3, -0.001603, 0.613428, 0.78975, 0.0, 0.0, 0.0, 0.0, 1.0],
                [0.999998, 0.000298, 0.001799, 0.0, 0.000868, 0.789751, -0.613427, 0.3, -0.001603, 0.613428, 0.78975, 0.0, 0.0, 0.0, 0.0, 1.0],
                [0.999998, 0.000298, 0.001799, -0.0, 0.000868, 0.789751, -0.613427, 0.3, -0.001603, 0.613428, 0.78975, 0.0, 0.0, 0.0, 0.0, 1.0],
                [0.999998, -0.000234, 0.001808, -0.0, 0.000868, 0.933226, -0.359289, 0.3, -0.001603, 0.35929, 0.933225, 0.0, 0.0, 0.0, 0.0, 1.0],
                [0.999998, -0.000374, 0.001785, -0.0, 0.000868, 0.958364, -0.28555, 0.3, -0.001603, 0.285551, 0.958362, 0.0, 0.0, 0.0, 0.0, 1.0],
                [0.999998, -0.000848, 0.001614, 0.0, 0.000868, 0.999919, -0.012686, 0.3, -0.001603, 0.012688, 0.999918, -0.0, 0.0, 0.0, 0.0, 1.0]
            ]
        },
        {
            "name": "Tool_R",
            "time": [0.0, 0.2333, 0.5, 0.6333, 0.9833, 1.15, 1.3333, 1.5333],
            "transform": [
                [-0.914291, 0.359933, -0.159488, 0.072829, 0.384426, 0.646856, -0.621371, 0.386174, -0.127554, -0.629666, -0.728638, 0.232621, 0.0, 0.0, 0.0, 1.0],
                [0.378502, 0.898931, -0.038446, -0.025416, 0.924834, -0.368984, -0.02378, 0.312103, -0.03764, -0.02657, -0.969491, 0.25731, 0.0, 0.0, 0.0, 1.0],
                [0.378502, 0.898931, -0.038446, -0.025416, 0.924834, -0.368984, -0.02378, 0.312103, -0.03764, -0.02657, -0.969491, 0.25731, 0.0, 0.0, 0.0, 1.0],
                [0.082081, 0.955803, -0.157981, -0.026216, 0.3355, -0.175911, -0.897794, 0.310218, -0.937899, 0.020695, -0.334592, 0.172462, 0.0, 0.0, 0.0, 1.0],
                [0.000886, 0.963544, -0.128384, -0.026429, 0.055077, -0.128363, -0.961127, 0.309714, -0.99789, -0.006224, -0.05311, 0.149812, 0.0, 0.0, 0.0, 1.0],
                [0.770022, 0.597273, 0.166914, -0.026429, 0.637043, -0.734218, -0.149452, 0.309714, 0.035248, 0.221492, -0.944362, 0.149812, 0.0, 0.0, 0.0, 1.0],
                [0.880836, 0.207435, -0.410395, -0.117378, -0.463983, 0.550666, -0.66137, 0.177402, 0.094006, 0.773285, 0.580369, 0.012167, 0.0, 0.0, 0.0, 1.0],
                [0.995182, 0.015962, -0.093876, 0.047346, 0.051843, 0.727781, 0.641806, 0.292138, 0.083177, -0.643825, 0.722313, 0.103695, 0.0, 0.0, 0.0, 1.0]
            ]
        },
        {
            "name": "Elbow_R",
            "time": [0.0, 0.2333, 0.5, 0.6333, 0.9833, 1.5333],
            "transform": [
                [-1.0, 0.0, -0.0, -0.0, -0.0, -0.461329, -0.887229, 0.429832, -0.0, -0.887229, 0.461329, 0.0, 0.0, 0.0, 0.0, 1.0],
                [-1.0, 0.0, -0.0, 0.022628, -0.0, -0.461329, -0.887229, 0.414921, -0.0, -0.887229, 0.461329, -0.028677, 0.0, 0.0, 0.0, 1.0],
                [-1.0, 0.0, -0.0, 0.022627, -0.0, -0.461329, -0.887229, 0.414921, -0.0, -0.887229, 0.461329, -0.028677, 0.0, 0.0, 0.0, 1.0],
                [-1.0, 0.0, -0.0, 0.022627, -0.0, -0.565079, -0.825037, 0.414921, -0.0, -0.825037, 0.565079, -0.028677, 0.0, 0.0, 0.0, 1.0],
                [-1.0, 0.0, 0.0, 0.022627, -0.0, -0.292797, -0.956175, 0.348651, -0.0, -0.956175, 0.292797, -0.045106, 0.0, 0.0, 0.0, 1.0],
                [-1.0, 0.0, -0.0, 0.0, -0.0, 0.0, -1.0, 0.429832, -0.0, -1.0, 0.0, -0.0, 0.0, 0.0, 0.0, 1.0]
            ]
        },
        {
            "name": "Shoulder_L",
            "time": [0.0, 0.2333, 0.5, 0.6333, 0.9833, 1.5333],
            "transform": [
                [0.752565, -0.626815, -0.201863, -0.0, 0.180753, -0.098144, 0.978619, 0.4, -0.633225, -0.772963, 0.039439, -0.0, 0.0, 0.0, 0.0, 1.0],
                [-0.247777, -0.87033, -0.425597, 0.0, -0.084678, -0.418159, 0.904418, 0.4, -0.965109, 0.260133, 0.029912, 0.0, 0.0, 0.0, 0.0, 1.0],
                [-0.247778, -0.870329, -0.425597, 0.0, -0.084678, -0.418159, 0.904418, 0.4, -0.965109, 0.260133, 0.029912, -0.0, 0.0, 0.0, 0.0, 1.0],
                [0.369234, -0.826156, -0.425597, 0.0, 0.203741, -0.374856, 0.904419, 0.4, -0.906728, -0.420654, 0.029912, 0.0, 0.0, 0.0, 0.0, 1.0],
                [0.513216, -0.745303, -0.425597, 0.0, 0.268468, -0.331591, 0.904418, 0.4, -0.815189, -0.578421, 0.029912, -0.0, 0.0, 0.0, 0.0, 1.0],
                [-0.503935, -0.756081, -0.417602, 0.0, -0.15956, -0.39367, 0.905298, 0.4, -0.848876, 0.522844, 0.077744, 0.0, 0.0, 0.0, 0.0, 1.0]
            ]
        },
        {
            "name": "Arm_L",
            "time": [0.0, 0.2333, 0.5, 0.6333, 0.9833, 1.15, 1.3167, 1.5333],
            "transform": [
                [-0.148133, 0.669099, 0.72826, 0.0, 0.472676, 0.694732, -0.542149, 0.39386, -0.868697, 0.263921, -0.41918, 0.0, 0.0, 0.0, 0.0, 1.0],
                [0.737464, 0.325499, 0.591775, 0.0, 0.037027, 0.855399, -0.516645, 0.39386, -0.674371, 0.402918, 0.618774, -0.0, 0.0, 0.0, 0.0, 1.0],
                [0.737464, 0.325499, 0.591775, -0.0, 0.037027, 0.855399, -0.516645, 0.39386, -0.674371, 0.402918, 0.618774, 0.0, 0.0, 0.0, 0.0, 1.0],
                [0.136772, 0.96405, -0.22782, 0.0, 0.280456, -0.258256, -0.924472, 0.39386, -0.950073, 0.062548, -0.305696, 0.0, 0.0, 0.0, 0.0, 1.0],
                [0.051796, 0.854611, -0.516678, 0.0, 0.43948, -0.484087, -0.756648, 0.39386, -0.896757, -0.187879, -0.400659, 0.0, 0.0, 0.0, 0.0, 1.0],
                [0.509756, -0.113274, 0.852829, -0.0, -0.489996, 0.776573, 0.396028, 0.39386, -0.707144, -0.61976, 0.34036, -0.0, 0.0, 0.0, 0.0, 1.0],
                [-0.369627, 0.306697, 0.877105, -0.0, -0.462625, 0.757894, -0.459971, 0.39386, -0.805825, -0.575789, -0.138253, -0.0, 0.0, 0.0, 0.0, 1.0],
                [-0.846677, -0.311692, -0.431262, -0.0, 0.425666, 0.08958, -0.900436, 0.39386, 0.319291, -0.945951, 0.056831, -0.0, 0.0, 0.0, 0.0, 1.0]
            ]
        },
        {
            "name": "Hand_L",
            "time": [0.0, 0.2333, 0.5, 0.6333, 0.9833, 1.5333],
            "transform": [
                [0.999993, -0.002051, -0.003195, -0.0, 0.000938, 0.948929, -0.31549, 0.3, 0.003679, 0.315484, 0.948924, -0.0, 0.0, 0.0, 0.0, 1.0],
                [0.999993, -0.003315, 0.001851, -0.0, 0.000938, -0.2567, -0.966491, 0.3, 0.003679, 0.966486, -0.256695, 0.0, 0.0, 0.0, 0.0, 1.0],
                [0.999993, -0.003315, 0.001851, -0.0, 0.000938, -0.2567, -0.966491, 0.3, 0.003679, 0.966486, -0.256695, -0.0, 0.0, 0.0, 0.0, 1.0],
                [0.999993, -0.002444, -0.002906, -0.0, 0.000938, 0.900574, -0.434703, 0.3, 0.003679, 0.434697, 0.90057, 0.0, 0.0, 0.0, 0.0, 1.0],
                [0.999993, -0.00133, -0.003557, -0.0, 0.000938, 0.994166, -0.107854, 0.3, 0.003679, 0.10785, 0.994161, -0.0, 0.0, 0.0, 0.0, 1.0],
                [0.999993, -0.000981, -0.003668, 0.0, 0.000938, 0.999931, -0.011754, 0.3, 0.003679, 0.011751, 0.999924, -0.0, 0.0, 0.0, 0.0, 1.0]
            ]
        },
        {
            "name": "Tool_L",
            "time": [0.0, 0.2333, 0.5, 0.6333, 0.9833, 1.5333],
            "transform": [
                [0.997004, 0.01104, -0.076554, 0.0, -0.036659, -0.804079, -0.593391, 0.272858, -0.068067, 0.594062, -0.8008, -0.0, 0.0, 0.0, 0.0, 1.0],
                [0.997004, 0.01104, -0.076554, 0.0, -0.036659, -0.804079, -0.593391, 0.272858, -0.068067, 0.594062, -0.8008, -0.0, 0.0, 0.0, 0.0, 1.0],
                [0.997004, 0.01104, -0.076554, -0.0, -0.036659, -0.804079, -0.593391, 0.272858, -0.068067, 0.594062, -0.8008, -0.0, 0.0, 0.0, 0.0, 1.0],
                [0.997004, 0.01104, -0.076554, 0.0, -0.036659, -0.804079, -0.593391, 0.272858, -0.068067, 0.594062, -0.8008, -0.0, 0.0, 0.0, 0.0, 1.0],
                [0.997004, 0.01104, -0.076554, -0.0, -0.036659, -0.804079, -0.593391, 0.272858, -0.068067, 0.594062, -0.8008, -0.0, 0.0, 0.0, 0.0, 1.0],
                [0.997004, 0.01104, -0.076554, 0.0, -0.036659, -0.804079, -0.593391, 0.272858, -0.068067, 0.594062, -0.8008, -0.0, 0.0, 0.0, 0.0, 1.0]
            ]
        },
        {
            "name": "Elbow_L",
            "time": [0.0, 0.2333, 0.5, 0.6333, 0.9833, 1.5333],
            "transform": [
                [-1.0, 0.0, -0.0, 2.7e-05, 0.0, -0.20018, -0.979759, 0.396148, -0.0, -0.979759, 0.20018, -0.002121, 0.0, 0.0, 0.0, 1.0],
                [-1.0, 0.0, 0.0, 2.7e-05, 0.0, 0.324479, -0.945893, 0.396148, -0.0, -0.945893, -0.324479, -0.002121, 0.0, 0.0, 0.0, 1.0],
                [-1.0, 0.0, 0.0, 2.7e-05, 0.0, 0.324479, -0.945893, 0.396147, -0.0, -0.945893, -0.324479, -0.002121, 0.0, 0.0, 0.0, 1.0],
                [-1.0, 0.0, -0.0, 2.7e-05, 0.0, -0.179538, -0.983751, 0.376589, -0.0, -0.983751, 0.179538, -0.012528, 0.0, 0.0, 0.0, 1.0],
                [-1.0, 0.0, -0.0, 2.7e-05, 0.0, -0.310334, -0.950628, 0.371368, -0.0, -0.950628, 0.310334, -0.015307, 0.0, 0.0, 0.0, 1.0],
                [-1.0, 0.0, -0.0, 2.7e-05, 0.0, -0.0, -1.0, 0.396148, -0.0, -1.0, -0.0, -0.002121, 0.0, 0.0, 0.0, 1.0]
            ]
        }
    ]
}