{
    "animation": [
        {
            "name": "Root",
            "time": [0.0, 0.2, 0.4, 0.6, 0.8],
            "transform": [
                [0.999947, 0.0, 0.010333, -0.022437, 0.010333, 0.0, -0.999947, 0.001678, 0.0, 1.0, 0.0, 0.764267, 0.0, 0.0, 0.0, 1.0],
                [0.999947, 0.0, 0.010333, -0.023943, 0.010333, 0.0, -0.999947, 0.005393, 0.0, 1.0, 0.0, 0.710106, 0.0, 0.0, 0.0, 1.0],
                [0.999947, 0.0, 0.010333, -0.007616, 0.010333, 0.0, -0.999947, 0.001678, 0.0, 1.0, 0.0, 0.782103, 0.0, 0.0, 0.0, 1.0],
                [0.999947, 0.0, 0.010333, -0.010452, 0.010333, 0.0, -0.999947, 0.005393, 0.0, 1.0, 0.0, 0.710106, 0.0, 0.0, 0.0, 1.0],
                [0.999947, 0.0, 0.010333, -0.007616, 0.010333, 0.0, -0.999947, 0.001678, 0.0, 1.0, 0.0, 0.764267, 0.0, 0.0, 0.0, 1.0]
            ]
        },
        {
            "name": "Thigh_R",
            "time": [0.0, 0.1, 0.2, 0.4, 0.6, 0.8],
            "transform": [
                [0.993301, 0.097262, 0.062382, 0.124994, 0.056476, -0.879656, 0.472242, -0.002831, 0.100806, -0.465555, -0.879259, -1.2e-05, 0.0, 0.0, 0.0, 1.0],
                [0.995019, 0.094373, 0.032084, 0.124994, 0.060138, -0.825066, 0.561825, -0.002831, 0.079493, -0.557096, -0.826634, -1.2e-05, 0.0, 0.0, 0.0, 1.0],
                [0.997835, 0.065721, 0.002368, 0.124994, 0.056908, -0.88095, 0.469771, -0.002831, 0.03296, -0.468618, -0.882785, -1.2e-05, 0.0, 0.0, 0.0, 1.0],
                [0.998454, 0.054091, -0.012726, 0.124994, 0.054301, -0.998383, 0.016708, -0.002831, -0.011802, -0.017373, -0.99978, -1.2e-05, 0.0, 0.0, 0.0, 1.0],
                [0.997835, 0.036359, 0.054798, 0.124994, 0.056908, -0.895008, -0.442401, -0.002831, 0.03296, 0.444561, -0.895142, -1.2e-05, 0.0, 0.0, 0.0, 1.0],
                [0.993301, 0.097262, 0.062382, 0.124994, 0.056476, -0.879656, 0.472242, -0.002831, 0.100806, -0.465555, -0.879259, -1.2e-05, 0.0, 0.0, 0.0, 1.0]
            ]
        },
        {
            "name": "Leg_R",
            "time": [0.0, 0.2, 0.4, 0.6, 0.8],
            "transform": [
                [1.0, -1e-06, 0.0, 0.0, 0.0, 0.541416, 0.840755, 0.37472, -1e-06, -0.840756, 0.541415, 0.0, 0.0, 0.0, 0.0, 1.0],
                [1.0, -0.0, 1e-06, 0.0, 0.0, 0.876782, 0.48089, 0.37472, -1e-06, -0.48089, 0.87678, 0.0, 0.0, 0.0, 0.0, 1.0],
                [1.0, -0.0, 1e-06, -0.0, 0.0, 0.997786, 0.066524, 0.37472, -1e-06, -0.066524, 0.997784, -0.0, 0.0, 0.0, 0.0, 1.0],
                [1.0, -0.0, 1e-06, 0.0, 0.0, 0.999165, 0.040873, 0.37472, -1e-06, -0.040873, 0.999164, -0.0, 0.0, 0.0, 0.0, 1.0],
                [1.0, -1e-06, 0.0, -0.0, 0.0, 0.541416, 0.840755, 0.37472, -1e-06, -0.840756, 0.541415, -0.0, 0.0, 0.0, 0.0, 1.0]
            ]
        },
        {
            "name": "Knee_R",
            "time": [0.0, 0.2, 0.4, 0.6, 0.8],
            "transform": [
                [1.0, 0.0, -0.0, 0.0, -0.0, 1e-06, -1.0, 0.37472, -0.0, 1.0, 1e-06, 0.0, 0.0, 0.0, 0.0, 1.0],
                [1.0, 0.0, -0.0, 0.0, -0.0, 1e-06, -1.0, 0.37472, -0.0, 1.0, 1e-06, 0.0, 0.0, 0.0, 0.0, 1.0],
                [1.0, 0.0, -0.0, -0.0, -0.0, 1e-06, -1.0, 0.37472, -0.0, 1.0, 1e-06, -0.0, 0.0, 0.0, 0.0, 1.0],
                [1.0, 0.0, -0.0, 0.0, -0.0, 1e-06, -1.0, 0.37472, -0.0, 1.0, 1e-06, -0.0, 0.0, 0.0, 0.0, 1.0],
                [1.0, 0.0, -0.0, -0.0, -0.0, 1e-06, -1.0, 0.37472, -0.0, 1.0, 1e-06, -0.0, 0.0, 0.0, 0.0, 1.0]
            ]
        },
        {
            "name": "Thigh_L",
            "time": [0.0, 0.2, 0.4, 0.5, 0.6, 0.8],
            "transform": [
                [0.999857, -0.006373, -0.015633, -0.125006, -0.005358, -0.997931, 0.064069, -0.002831, -0.016009, -0.063975, -0.997823, -1.2e-05, 0.0, 0.0, 0.0, 1.0],
                [0.999816, -0.008085, -0.017334, -0.125006, -0.013775, -0.93311, -0.359326, -0.002831, -0.013269, 0.359499, -0.933051, -1.2e-05, 0.0, 0.0, 0.0, 1.0],
                [0.997118, -0.074842, -0.012358, -0.125006, -0.063041, -0.908213, 0.413733, -0.002831, -0.042188, -0.411762, -0.910314, -1.2e-05, 0.0, 0.0, 0.0, 1.0],
                [0.998693, -0.05083, 0.005199, -0.125006, -0.040688, -0.729615, 0.682646, -0.002831, -0.030906, -0.681966, -0.730731, -1.2e-05, 0.0, 0.0, 0.0, 1.0],
                [0.999816, -0.01885, -0.003244, -0.125006, -0.013775, -0.827296, 0.561598, -0.002831, -0.013269, -0.56145, -0.827404, -1.2e-05, 0.0, 0.0, 0.0, 1.0],
                [0.999857, -0.006373, -0.015633, -0.125006, -0.005358, -0.997931, 0.064069, -0.002831, -0.016009, -0.063975, -0.997823, -1.2e-05, 0.0, 0.0, 0.0, 1.0]
            ]
        },
        {
            "name": "Leg_L",
            "time": [0.0, 0.2, 0.4, 0.6, 0.8],
            "transform": [
                [0.999989, -0.003452, -0.00313, -0.0, 0.003782, 0.993653, 0.112423, 0.37472, 0.002722, -0.112434, 0.993656, 0.0, 0.0, 0.0, 0.0, 1.0],
                [0.999989, -0.003452, -0.00313, -0.0, 0.003782, 0.993653, 0.112423, 0.37472, 0.002722, -0.112434, 0.993656, -0.0, 0.0, 0.0, 0.0, 1.0],
                [0.999989, 0.000347, -0.004647, -0.0, 0.003782, 0.522152, 0.852844, 0.37472, 0.002722, -0.852852, 0.522146, 0.0, 0.0, 0.0, 0.0, 1.0],
                [0.999989, -0.00208, -0.00417, -0.0, 0.003782, 0.885083, 0.465418, 0.37472, 0.002722, -0.465429, 0.885081, -0.0, 0.0, 0.0, 0.0, 1.0],
                [0.999989, -0.003452, -0.00313, -0.0, 0.003782, 0.993653, 0.112423, 0.37472, 0.002722, -0.112434, 0.993656, 0.0, 0.0, 0.0, 0.0, 1.0]
            ]
        },
        {
            "name": "Knee_L",
            "time": [0.0, 0.2, 0.4, 0.6, 0.8],
            "transform": [
                [1.0, 0.0, -0.0, -0.0, -0.0, 1e-06, -1.0, 0.37472, -0.0, 1.0, 1e-06, 0.0, 0.0, 0.0, 0.0, 1.0],
                [1.0, 0.0, -0.0, -0.0, -0.0, 1e-06, -1.0, 0.37472, -0.0, 1.0, 1e-06, -0.0, 0.0, 0.0, 0.0, 1.0],
                [1.0, 0.0, -0.0, -0.0, -0.0, 1e-06, -1.0, 0.37472, -0.0, 1.0, 1e-06, 0.0, 0.0, 0.0, 0.0, 1.0],
                [1.0, 0.0, -0.0, -0.0, -0.0, 1e-06, -1.0, 0.37472, -0.0, 1.0, 1e-06, -0.0, 0.0, 0.0, 0.0, 1.0],
                [1.0, 0.0, -0.0, -0.0, -0.0, 1e-06, -1.0, 0.37472, -0.0, 1.0, 1e-06, 0.0, 0.0, 0.0, 0.0, 1.0]
            ]
        },
        {
            "name": "Torso",
            "time": [0.0, 0.2, 0.4, 0.6, 0.8],
            "transform": [
                [0.99978, -0.020971, -0.000197, 0.0, 0.020971, 0.999603, 0.018833, 0.05, -0.000198, -0.018833, 0.999823, 0.0, 0.0, 0.0, 0.0, 1.0],
                [0.99978, -0.020971, -0.000197, 0.0, 0.020971, 0.999603, 0.018833, 0.05, -0.000198, -0.018833, 0.999823, 0.0, 0.0, 0.0, 0.0, 1.0],
                [0.99978, -0.020971, -0.000197, 0.0, 0.020971, 0.999603, 0.018833, 0.05, -0.000198, -0.018833, 0.999823, -0.0, 0.0, 0.0, 0.0, 1.0],
                [0.99978, -0.020971, -0.000197, 0.0, 0.020971, 0.999603, 0.018833, 0.05, -0.000198, -0.018833, 0.999823, -0.0, 0.0, 0.0, 0.0, 1.0],
                [0.99978, -0.020971, -0.000197, 0.0, 0.020971, 0.999603, 0.018833, 0.05, -0.000198, -0.018833, 0.999823, -0.0, 0.0, 0.0, 0.0, 1.0]
            ]
        },
        {
            "name": "Chest",
            "time": [0.0, 0.2, 0.4, 0.6, 0.8],
            "transform": [
                [0.999771, -0.021404, 0.000595, 0.0, 0.021411, 0.999605, -0.01819, 0.3, -0.000206, 0.018199, 0.999834, 0.0, 0.0, 0.0, 0.0, 1.0],
                [0.995384, -0.021404, 0.093552, -0.0, 0.02301, 0.999605, -0.016121, 0.3, -0.09317, 0.018199, 0.995484, 0.0, 0.0, 0.0, 0.0, 1.0],
                [0.999771, -0.021404, 0.000595, 0.0, 0.021411, 0.999605, -0.01819, 0.3, -0.000206, 0.018199, 0.999834, 0.0, 0.0, 0.0, 0.0, 1.0],
                [0.996721, -0.021404, -0.078029, 0.0, 0.019915, 0.999605, -0.019818, 0.3, 0.078422, 0.018199, 0.996754, 0.0, 0.0, 0.0, 0.0, 1.0],
                [0.999771, -0.021404, 0.000595, 0.0, 0.021411, 0.999605, -0.01819, 0.3, -0.000206, 0.018199, 0.999834, 0.0, 0.0, 0.0, 0.0, 1.0]
            ]
        },
        {
            "name": "Head",
            "time": [0.0, 0.2, 0.4, 0.6, 0.8],
            "transform": [
                [0.999817, 0.012325, -0.014645, -0.0, -0.012442, 0.999891, -0.007905, 0.4, 0.014546, 0.008086, 0.999862, 0.0, 0.0, 0.0, 0.0, 1.0],
                [0.99555, 0.012325, -0.093427, 0.0, -0.013026, 0.999891, -0.006899, 0.4, 0.093332, 0.008086, 0.995602, 0.0, 0.0, 0.0, 0.0, 1.0],
                [0.999817, 0.012325, -0.014645, 0.0, -0.012442, 0.999891, -0.007905, 0.4, 0.014546, 0.008086, 0.999862, 0.0, 0.0, 0.0, 0.0, 1.0],
                [0.99094, 0.012325, 0.133739, 0.0, -0.011132, 0.999891, -0.009662, 0.4, -0.133844, 0.008086, 0.99097, -0.0, 0.0, 0.0, 0.0, 1.0],
                [0.999817, 0.012325, -0.014645, 0.0, -0.012442, 0.999891, -0.007905, 0.4, 0.014546, 0.008086, 0.999862, 0.0, 0.0, 0.0, 0.0, 1.0]
            ]
        },
        {
            "name": "Shoulder_R",
            "time": [0.0, 0.2, 0.4, 0.6, 0.8],
            "transform": [
                [-0.276631, 0.925202, 0.259762, -0.0, 0.190162, -0.212262, 0.958532, 0.4, 0.941973, 0.314557, -0.11722, 0.0, 0.0, 0.0, 0.0, 1.0],
                [-0.276631, 0.925202, 0.259762, 0.0, 0.190162, -0.212262, 0.958532, 0.4, 0.941973, 0.314557, -0.11722, 0.0, 0.0, 0.0, 0.0, 1.0],
                [-0.276631, 0.925202, 0.259762, 0.0, 0.190162, -0.212262, 0.958532, 0.4, 0.941973, 0.314557, -0.11722, 0.0, 0.0, 0.0, 0.0, 1.0],
                [-0.276631, 0.925202, 0.259762, 0.0, 0.190162, -0.212262, 0.958532, 0.4, 0.941973, 0.314557, -0.11722, -0.0, 0.0, 0.0, 0.0, 1.0],
                [-0.276631, 0.925202, 0.259762, 0.0, 0.190162, -0.212262, 0.958532, 0.4, 0.941973, 0.314557, -0.11722, 0.0, 0.0, 0.0, 0.0, 1.0]
            ]
        },
        {
            "name": "Arm_R",
            "time": [0.0, 0.2, 0.4, 0.6, 0.8],
            "transform": [
                [0.844974, 0.195057, -0.497967, -0.0, 0.520149, -0.083231, 0.850011, 0.393861, 0.124354, -0.977254, -0.171787, 0.0, 0.0, 0.0, 0.0, 1.0],
                [0.844974, 0.195057, -0.497967, -0.0, 0.520149, -0.083231, 0.850011, 0.393861, 0.124354, -0.977254, -0.171787, -0.0, 0.0, 0.0, 0.0, 1.0],
                [0.844974, 0.195057, -0.497967, -0.0, 0.520149, -0.083231, 0.850011, 0.393861, 0.124354, -0.977254, -0.171787, 0.0, 0.0, 0.0, 0.0, 1.0],
                [0.844974, 0.195057, -0.497967, 0.0, 0.520149, -0.083231, 0.850011, 0.39386, 0.124354, -0.977254, -0.171787, 0.0, 0.0, 0.0, 0.0, 1.0],
                [0.844974, 0.195057, -0.497967, 0.0, 0.520149, -0.083231, 0.850011, 0.393861, 0.124354, -0.977254, -0.171787, -0.0, 0.0, 0.0, 0.0, 1.0]
            ]
        },
        {
            "name": "Hand_R",
            "time": [0.0, 0.2, 0.4, 0.6, 0.8],
            "transform": [
                [0.999998, -0.000848, 0.001614, 0.0, 0.000868, 0.999919, -0.012686, 0.3, -0.001603, 0.012688, 0.999918, 0.0, 0.0, 0.0, 0.0, 1.0],
                [0.999998, -0.000848, 0.001614, -0.0, 0.000868, 0.999919, -0.012686, 0.3, -0.001603, 0.012688, 0.999918, -0.0, 0.0, 0.0, 0.0, 1.0],
                [0.999998, -0.000848, 0.001614, 0.0, 0.000868, 0.999919, -0.012686, 0.3, -0.001603, 0.012688, 0.999918, 0.0, 0.0, 0.0, 0.0, 1.0],
                [0.999998, -0.000848, 0.001614, -0.0, 0.000868, 0.999919, -0.012686, 0.3, -0.001603, 0.012688, 0.999918, 0.0, 0.0, 0.0, 0.0, 1.0],
                [0.999998, -0.000848, 0.001614, 0.0, 0.000868, 0.999919, -0.012686, 0.3, -0.001603, 0.012688, 0.999918, 0.0, 0.0, 0.0, 0.0, 1.0]
            ]
        },
        {
            "name": "Tool_R",
            "time": [0.0, 0.2, 0.4, 0.6, 0.8],
            "transform": [
                [0.995181, 0.01642, -0.096668, 0.047346, 0.051843, 0.748688, 0.660893, 0.292138, 0.083177, -0.66232, 0.743795, 0.103695, 0.0, 0.0, 0.0, 1.0],
                [0.995182, 0.01642, -0.096668, 0.047347, 0.051843, 0.748688, 0.660893, 0.292138, 0.083177, -0.66232, 0.743795, 0.103695, 0.0, 0.0, 0.0, 1.0],
                [0.995181, 0.01642, -0.096668, 0.047347, 0.051843, 0.748688, 0.660893, 0.292138, 0.083177, -0.66232, 0.743795, 0.103695, 0.0, 0.0, 0.0, 1.0],
                [0.995182, 0.01642, -0.096668, 0.047347, 0.051843, 0.748688, 0.660893, 0.292138, 0.083177, -0.66232, 0.743795, 0.103695, 0.0, 0.0, 0.0, 1.0],
                [0.995181, 0.01642, -0.096668, 0.047346, 0.051843, 0.748688, 0.660893, 0.292138, 0.083177, -0.66232, 0.743795, 0.103695, 0.0, 0.0, 0.0, 1.0]
            ]
        },
        {
            "name": "Elbow_R",
            "time": [0.0, 0.2, 0.4, 0.6, 0.8],
            "transform": [
                [-1.0, 0.0, -0.0, 0.0, 0.0, -0.0, -1.0, 0.429832, -0.0, -1.0, 0.0, 0.0, 0.0, 0.0, 0.0, 1.0],
                [-1.0, 0.0, 0.0, -0.0, 0.0, -0.0, -1.0, 0.429832, -0.0, -1.0, 0.0, -0.0, 0.0, 0.0, 0.0, 1.0],
                [-1.0, 0.0, -0.0, -0.0, 0.0, -0.0, -1.0, 0.429832, -0.0, -1.0, 0.0, 0.0, 0.0, 0.0, 0.0, 1.0],
                [-1.0, 0.0, -0.0, -0.0, 0.0, -0.0, -1.0, 0.429832, -0.0, -1.0, 0.0, 0.0, 0.0, 0.0, 0.0, 1.0],
                [-1.0, 0.0, -0.0, -0.0, 0.0, -0.0, -1.0, 0.429832, -0.0, -1.0, 0.0, 0.0, 0.0, 0.0, 0.0, 1.0]
            ]
        },
        {
            "name": "Shoulder_L",
            "time": [0.0, 0.2, 0.4, 0.6, 0.8],
            "transform": [
                [-0.503935, -0.756081, -0.417602, -0.0, -0.15956, -0.39367, 0.905298, 0.4, -0.848876, 0.522844, 0.077744, 0.0, 0.0, 0.0, 0.0, 1.0],
                [-0.503935, -0.756081, -0.417602, 0.0, -0.15956, -0.39367, 0.905298, 0.4, -0.848876, 0.522844, 0.077744, 0.0, 0.0, 0.0, 0.0, 1.0],
                [-0.503935, -0.756081, -0.417602, 0.0, -0.15956, -0.39367, 0.905298, 0.4, -0.848876, 0.522844, 0.077744, 0.0, 0.0, 0.0, 0.0, 1.0],
                [-0.503935, -0.756081, -0.417602, 0.0, -0.15956, -0.39367, 0.905298, 0.4, -0.848876, 0.522844, 0.077744, -0.0, 0.0, 0.0, 0.0, 1.0],
                [-0.503935, -0.756081, -0.417602, 0.0, -0.15956, -0.39367, 0.905298, 0.4, -0.848876, 0.522844, 0.077744, 0.0, 0.0, 0.0, 0.0, 1.0]
            ]
        },
        {
            "name": "Arm_L",
            "time": [0.0, 0.2, 0.4, 0.6, 0.8],
            "transform": [
                [-0.846677, -0.311692, -0.431262, 0.0, 0.425666, 0.08958, -0.900435, 0.39386, 0.319291, -0.945951, 0.056831, 0.0, 0.0, 0.0, 0.0, 1.0],
                [-0.846677, -0.311692, -0.431262, 0.0, 0.425666, 0.08958, -0.900435, 0.39386, 0.319291, -0.945951, 0.056831, 0.0, 0.0, 0.0, 0.0, 1.0],
                [-0.846677, -0.311692, -0.431262, 0.0, 0.425666, 0.08958, -0.900435, 0.39386, 0.319291, -0.945951, 0.056831, 0.0, 0.0, 0.0, 0.0, 1.0],
                [-0.846677, -0.311692, -0.431262, -0.0, 0.425666, 0.08958, -0.900436, 0.39386, 0.319291, -0.945951, 0.056831, 0.0, 0.0, 0.0, 0.0, 1.0],
                [-0.846677, -0.311692, -0.431262, 0.0, 0.425666, 0.08958, -0.900435, 0.39386, 0.319291, -0.945951, 0.056831, 0.0, 0.0, 0.0, 0.0, 1.0]
            ]
        },
        {
            "name": "Hand_L",
            "time": [0.0, 0.2, 0.4, 0.6, 0.8],
            "transform": [
                [0.999993, -0.000981, -0.003668, 0.0, 0.000938, 0.999931, -0.011754, 0.3, 0.003679, 0.011751, 0.999924, -0.0, 0.0, 0.0, 0.0, 1.0],
                [0.999993, -0.000981, -0.003668, -0.0, 0.000938, 0.999931, -0.011754, 0.3, 0.003679, 0.011751, 0.999925, -0.0, 0.0, 0.0, 0.0, 1.0],
                [0.999993, -0.000981, -0.003668, 0.0, 0.000938, 0.999931, -0.011754, 0.3, 0.003679, 0.011751, 0.999924, 0.0, 0.0, 0.0, 0.0, 1.0],
                [0.999993, -0.000981, -0.003668, -0.0, 0.000938, 0.999931, -0.011754, 0.3, 0.003679, 0.011751, 0.999925, -0.0, 0.0, 0.0, 0.0, 1.0],
                [0.999993, -0.000981, -0.003668, 0.0, 0.000938, 0.999931, -0.011754, 0.3, 0.003679, 0.011751, 0.999924, 0.0, 0.0, 0.0, 0.0, 1.0]
            ]
        },
        {
            "name": "Tool_L",
            "time": [0.0, 0.2, 0.4, 0.6, 0.8],
            "transform": [
                [0.997004, 0.01104, -0.076554, -0.0, -0.036659, -0.804079, -0.593391, 0.272858, -0.068067, 0.594062, -0.8008, -0.0, 0.0, 0.0, 0.0, 1.0],
                [0.997004, 0.01104, -0.076554, -0.0, -0.036659, -0.804079, -0.593391, 0.272858, -0.068067, 0.594062, -0.8008, -0.0, 0.0, 0.0, 0.0, 1.0],
                [0.997004, 0.01104, -0.076554, -0.0, -0.036659, -0.804079, -0.593391, 0.272858, -0.068067, 0.594062, -0.8008, -0.0, 0.0, 0.0, 0.0, 1.0],
                [0.997004, 0.01104, -0.076554, -0.0, -0.036659, -0.804079, -0.593391, 0.272858, -0.068067, 0.594062, -0.8008, -0.0, 0.0, 0.0, 0.0, 1.0],
                [0.997004, 0.01104, -0.076554, -0.0, -0.036659, -0.804079, -0.593391, 0.272858, -0.068067, 0.594062, -0.8008, -0.0, 0.0, 0.0, 0.0, 1.0]
            ]
        },
        {
            "name": "Elbow_L",
            "time": [0.0, 0.2, 0.4, 0.6, 0.8],
            "transform": [
                [-1.0, 0.0, -0.0, 2.7e-05, 0.0, -0.0, -1.0, 0.396147, -0.0, -1.0, -0.0, -0.002121, 0.0, 0.0, 0.0, 1.0],
                [-1.0, 0.0, -0.0, 2.7e-05, 0.0, 0.0, -1.0, 0.396148, -0.0, -1.0, -0.0, -0.002121, 0.0, 0.0, 0.0, 1.0],
                [-1.0, 0.0, -0.0, 2.7e-05, 0.0, -0.0, -1.0, 0.396148, -0.0, -1.0, -0.0, -0.002121, 0.0, 0.0, 0.0, 1.0],
                [-1.0, 0.0, -0.0, 2.7e-05, 0.0, -0.0, -1.0, 0.396148, -0.0, -1.0, -0.0, -0.002121, 0.0, 0.0, 0.0, 1.0],
                [-1.0, 0.0, -0.0, 2.7e-05, 0.0, -0.0, -1.0, 0.396148, -0.0, -1.0, -0.0, -0.002121, 0.0, 0.0, 0.0, 1.0]
            ]
        }
    ]
}