{
    
    "animation": [
        {
            "name": "Root",
            "time": [0.0, 0.1, 0.3, 0.7167, 1.25],
            "transform": [
                [0.95993, 0.0, -0.280241, -5e-06, -0.280241, 0.0, -0.95993, 0.000946, 0.0, 1.0, 0.0, 0.755725, 0.0, 0.0, 0.0, 1.0],
                [0.625589, 0.0, -0.780153, -0.000504, -0.780153, 0.0, -0.625589, 0.664024, 0.0, 1.0, 0.0, 0.677786, 0.0, 0.0, 0.0, 1.0],
                [0.625589, 0.0, -0.780153, -0.000504, -0.780153, 0.0, -0.625589, 0.664024, 0.0, 1.0, 0.0, 0.677786, 0.0, 0.0, 0.0, 1.0],
                [0.999442, 0.0, 0.033416, -0.008254, 0.033416, 0.0, -0.999442, 0.895818, 0.0, 1.0, 0.0, 0.7248, 0.0, 0.0, 0.0, 1.0],
                [0.999442, 0.0, 0.033416, -0.008254, 0.033416, 0.0, -0.999442, 0.895818, 0.0, 1.0, 0.0, 0.7248, 0.0, 0.0, 0.0, 1.0]
            ]
        },
        {
            "name": "Thigh_R",
            "time": [0.0, 0.1, 0.3, 0.65, 0.8667, 1.25],
            "transform": [
                [0.988811, 0.126425, 0.079167, 0.124994, 0.107171, -0.971268, 0.212481, -0.002831, 0.103756, -0.201618, -0.973953, -1.2e-05, 0.0, 0.0, 0.0, 1.0],
                [0.926112, 0.307228, -0.21892, 0.124994, 0.188394, -0.879416, -0.437186, -0.002831, -0.326838, 0.36364, -0.87232, -1.2e-05, 0.0, 0.0, 0.0, 1.0],
                [0.926112, 0.307228, -0.21892, 0.124994, 0.188394, -0.879416, -0.437186, -0.002831, -0.326838, 0.36364, -0.87232, -1.2e-05, 0.0, 0.0, 0.0, 1.0],
                [0.990522, 0.129629, -0.045401, 0.124994, 0.115447, -0.964841, -0.236115, -0.002831, -0.074412, 0.228636, -0.970664, -1.2e-05, 0.0, 0.0, 0.0, 1.0],
                [0.993754, 0.104357, -0.039511, 0.124994, 0.103495, -0.994355, -0.0233, -0.002831, -0.04172, 0.019066, -0.998948, -1.2e-05, 0.0, 0.0, 0.0, 1.0],
                [0.993754, 0.104357, -0.039511, 0.124994, 0.103495, -0.994355, -0.0233, -0.002831, -0.04172, 0.019066, -0.998948, -1.2e-05, 0.0, 0.0, 0.0, 1.0]
            ]
        },
        {
            "name": "Leg_R",
            "time": [0.0, 0.65, 1.25],
            "transform": [
                [0.996388, -0.084273, -0.010452, -0.0, 0.084421, 0.969709, 0.229213, 0.37472, -0.009181, -0.229268, 0.973319, 0.0, 0.0, 0.0, 0.0, 1.0],
                [0.997558, -0.047798, 0.050932, -0.0, 0.003865, 0.765842, 0.643017, 0.37472, -0.069741, -0.64125, 0.764156, -0.0, 0.0, 0.0, 0.0, 1.0],
                [0.997558, -0.047798, 0.050932, -0.0, 0.003865, 0.765842, 0.643017, 0.37472, -0.069741, -0.64125, 0.764156, 0.0, 0.0, 0.0, 0.0, 1.0]
            ]
        },
        {
            "name": "Knee_R",
            "time": [0.0, 1.25],
            "transform": [
                [1.0, 0.0, -0.0, -0.0, -0.0, 1e-06, -1.0, 0.37472, -0.0, 1.0, 1e-06, 0.0, 0.0, 0.0, 0.0, 1.0],
                [1.0, 0.0, -0.0, -0.0, -0.0, 1e-06, -1.0, 0.37472, -0.0, 1.0, 1e-06, 0.0, 0.0, 0.0, 0.0, 1.0]
            ]
        },
        {
            "name": "Thigh_L",
            "time": [0.0, 0.1, 0.3, 0.8, 1.25],
            "transform": [
                [0.96531, -0.108739, -0.237384, -0.125006, -0.029827, -0.949127, 0.313477, -0.002831, -0.259395, -0.295521, -0.919446, -1.2e-05, 0.0, 0.0, 0.0, 1.0],
                [0.626084, -0.588311, -0.511769, -0.125006, -0.014161, -0.664792, 0.746894, -0.002831, -0.779626, -0.460372, -0.424547, -1.2e-05, 0.0, 0.0, 0.0, 1.0],
                [0.626084, -0.588311, -0.511769, -0.125006, -0.014161, -0.664792, 0.746894, -0.002831, -0.779626, -0.460372, -0.424547, -1.2e-05, 0.0, 0.0, 0.0, 1.0],
                [0.999355, -0.011421, 0.034033, -0.125006, -0.027483, -0.853301, 0.520693, -0.002831, 0.023094, -0.521293, -0.853065, -1.2e-05, 0.0, 0.0, 0.0, 1.0],
                [0.999355, -0.011421, 0.034033, -0.125006, -0.027483, -0.853301, 0.520693, -0.002831, 0.023094, -0.521293, -0.853065, -1.2e-05, 0.0, 0.0, 0.0, 1.0]
            ]
        },
        {
            "name": "Leg_L",
            "time": [0.0, 0.05, 0.1, 0.3, 0.7167, 1.25],
            "transform": [
                [0.999995, 0.001964, 0.002538, 0.0, -0.002663, 0.949178, 0.314728, 0.37472, -0.001791, -0.314733, 0.949179, 0.0, 0.0, 0.0, 0.0, 1.0],
                [0.999995, -0.000827, 0.003101, -0.0, -0.002663, 0.325274, 0.945616, 0.37472, -0.001791, -0.945619, 0.32527, -0.0, 0.0, 0.0, 0.0, 1.0],
                [0.999995, 0.001144, 0.002998, -0.0, -0.002663, 0.817209, 0.576335, 0.37472, -0.001791, -0.576339, 0.817209, -0.0, 0.0, 0.0, 0.0, 1.0],
                [0.999995, 0.001144, 0.002998, -0.0, -0.002663, 0.817209, 0.576335, 0.37472, -0.001791, -0.576339, 0.817209, -0.0, 0.0, 0.0, 0.0, 1.0],
                [0.999995, 0.001954, 0.002545, -0.0, -0.002663, 0.948006, 0.318239, 0.37472, -0.001791, -0.318244, 0.948007, 0.0, 0.0, 0.0, 0.0, 1.0],
                [0.999995, 0.001954, 0.002545, -0.0, -0.002663, 0.948006, 0.318239, 0.37472, -0.001791, -0.318244, 0.948007, -0.0, 0.0, 0.0, 0.0, 1.0]
            ]
        },
        {
            "name": "Knee_L",
            "time": [0.0, 1.25],
            "transform": [
                [1.0, 0.0, -0.0, 0.0, -0.0, 1e-06, -1.0, 0.37472, -0.0, 1.0, 1e-06, 0.0, 0.0, 0.0, 0.0, 1.0],
                [1.0, 0.0, -0.0, -0.0, -0.0, 1e-06, -1.0, 0.37472, -0.0, 1.0, 1e-06, -0.0, 0.0, 0.0, 0.0, 1.0]
            ]
        },
        {
            "name": "Torso",
            "time": [0.0, 0.1333, 0.3833, 0.7167, 1.25],
            "transform": [
                [0.99978, -0.020971, -0.000197, 0.0, 0.020971, 0.999603, 0.018833, 0.05, -0.000198, -0.018833, 0.999823, 0.0, 0.0, 0.0, 0.0, 1.0],
                [0.99978, -0.020935, 0.001247, 0.0, 0.020971, 0.998528, -0.050027, 0.05, -0.000198, 0.050042, 0.998747, -0.0, 0.0, 0.0, 0.0, 1.0],
                [0.99978, -0.020971, -0.000197, 0.0, 0.020971, 0.999603, 0.018833, 0.05, -0.000198, -0.018833, 0.999823, 0.0, 0.0, 0.0, 0.0, 1.0],
                [0.99978, -0.019672, -0.007269, 0.0, 0.020971, 0.934504, 0.355336, 0.05, -0.000198, -0.35541, 0.934711, 0.0, 0.0, 0.0, 0.0, 1.0],
                [0.99978, -0.019672, -0.007269, 0.0, 0.020971, 0.934504, 0.355336, 0.05, -0.000198, -0.35541, 0.934711, 0.0, 0.0, 0.0, 0.0, 1.0]
            ]
        },
        {
            "name": "Chest",
            "time": [0.0, 0.1, 0.3, 0.55, 0.8167, 1.0167, 1.25],
            "transform": [
                [0.99113, -0.032252, 0.128925, 0.0, 0.018699, 0.994298, 0.104982, 0.3, -0.131576, -0.10164, 0.986082, 0.0, 0.0, 0.0, 0.0, 1.0],
                [0.955454, -0.107713, -0.274784, -0.0, 0.060521, 0.982744, -0.174788, 0.3, 0.288869, 0.150372, 0.945486, 0.0, 0.0, 0.0, 0.0, 1.0],
                [0.955454, -0.107713, -0.274784, 0.0, 0.060521, 0.982744, -0.174788, 0.3, 0.288869, 0.150372, 0.945486, 0.0, 0.0, 0.0, 0.0, 1.0],
                [0.955454, -0.117811, -0.270608, -0.0, 0.060521, 0.9756, -0.211049, 0.3, 0.288869, 0.18527, 0.939271, -0.0, 0.0, 0.0, 0.0, 1.0],
                [0.629371, -0.07449, 0.773526, -0.0, -0.242283, 0.926971, 0.286398, 0.3, -0.73837, -0.367662, 0.565361, 0.0, 0.0, 0.0, 0.0, 1.0],
                [0.684568, -0.109748, 0.72064, -0.0, -0.217317, 0.912921, 0.34547, 0.3, -0.695801, -0.393105, 0.601107, 0.0, 0.0, 0.0, 0.0, 1.0],
                [0.684568, -0.109748, 0.72064, -0.0, -0.217317, 0.912921, 0.34547, 0.3, -0.695801, -0.393105, 0.601107, 0.0, 0.0, 0.0, 0.0, 1.0]
            ]
        },
        {
            "name": "Head",
            "time": [0.0, 0.1333, 0.4, 0.8, 1.25],
            "transform": [
                [0.979745, 0.034039, 0.197335, 0.0, -0.023975, 0.998298, -0.053165, 0.4, -0.198809, 0.047357, 0.978893, 0.0, 0.0, 0.0, 0.0, 1.0],
                [0.40526, 0.034039, 0.913567, 0.0, 0.029527, 0.998298, -0.050294, 0.4, -0.913724, 0.047357, 0.403565, -0.0, 0.0, 0.0, 0.0, 1.0],
                [0.40526, 0.034039, 0.913568, 0.0, 0.029527, 0.998298, -0.050294, 0.4, -0.913725, 0.047357, 0.403565, 0.0, 0.0, 0.0, 0.0, 1.0],
                [0.584097, -0.324227, -0.744116, 0.0, -0.072983, 0.892063, -0.445979, 0.4, 0.808396, 0.314803, 0.497388, 0.0, 0.0, 0.0, 0.0, 1.0],
                [0.584097, -0.324227, -0.744116, 0.0, -0.072983, 0.892063, -0.445979, 0.4, 0.808396, 0.314803, 0.497388, 0.0, 0.0, 0.0, 0.0, 1.0]
            ]
        },
        {
            "name": "Shoulder_R",
            "time": [0.0, 0.0833, 0.6167, 0.8667, 1.25],
            "transform": [
                [0.089555, 0.949274, 0.301428, 0.0, -0.003656, -0.302328, 0.953197, 0.4, 0.995975, -0.086466, -0.023605, 0.0, 0.0, 0.0, 0.0, 1.0],
                [0.000104, 0.953489, 0.301428, 0.0, 0.024723, -0.301338, 0.953197, 0.4, 0.999694, 0.007353, -0.023605, -0.0, 0.0, 0.0, 0.0, 1.0],
                [0.000104, 0.953489, 0.301428, -0.0, 0.024723, -0.301338, 0.953197, 0.4, 0.999694, 0.007353, -0.023605, -0.0, 0.0, 0.0, 0.0, 1.0],
                [0.187362, 0.934899, 0.301428, -0.0, -0.034939, -0.300325, 0.953197, 0.4, 0.981669, -0.189125, -0.023605, 0.0, 0.0, 0.0, 0.0, 1.0],
                [0.187362, 0.934899, 0.301428, 0.0, -0.034939, -0.300325, 0.953197, 0.4, 0.981669, -0.189125, -0.023605, 0.0, 0.0, 0.0, 0.0, 1.0]
            ]
        },
        {
            "name": "Arm_R",
            "time": [0.0, 0.1, 0.3, 0.5833, 0.7, 0.75, 0.8667, 1.25],
            "transform": [
                [0.032386, -0.019039, -0.999294, -0.0, 0.877868, 0.478512, 0.019334, 0.39386, 0.477807, -0.877874, 0.032211, 0.0, 0.0, 0.0, 0.0, 1.0],
                [0.980038, -0.019039, -0.197896, 0.0, 0.182722, 0.478513, 0.858859, 0.393861, 0.078344, -0.877874, 0.472439, 0.0, 0.0, 0.0, 0.0, 1.0],
                [0.290509, 0.105217, 0.95107, 0.0, 0.711513, 0.640837, -0.288231, 0.393861, -0.639808, 0.760432, 0.111306, 0.0, 0.0, 0.0, 0.0, 1.0],
                [0.290509, 0.105217, 0.95107, 0.0, 0.711513, 0.640837, -0.288231, 0.393861, -0.639808, 0.760432, 0.111306, -0.0, 0.0, 0.0, 0.0, 1.0],
                [0.087695, -0.27615, 0.957105, -0.0, 0.948894, -0.269255, -0.164629, 0.393861, 0.303167, 0.922628, 0.238425, 0.0, 0.0, 0.0, 0.0, 1.0],
                [0.474396, -0.424153, 0.77139, -0.0, 0.870684, 0.096833, -0.482217, 0.393861, 0.129838, 0.900398, 0.41524, -0.0, 0.0, 0.0, 0.0, 1.0],
                [0.783078, -0.454639, -0.424373, -0.0, 0.59695, 0.740882, 0.307807, 0.39386, 0.174469, -0.494366, 0.851565, 0.0, 0.0, 0.0, 0.0, 1.0],
                [0.783078, -0.454639, -0.424373, 0.0, 0.59695, 0.740882, 0.307807, 0.39386, 0.174469, -0.494366, 0.851565, 0.0, 0.0, 0.0, 0.0, 1.0]
            ]
        },
        {
            "name": "Hand_R",
            "time": [0.0, 0.6, 0.6833, 0.8167, 1.25],
            "transform": [
                [0.999985, 0.001325, 0.005391, 0.0, -0.00125, 0.999903, -0.013885, 0.3, -0.005409, 0.013878, 0.999889, -0.0, 0.0, 0.0, 0.0, 1.0],
                [0.999985, 0.004833, 0.002731, 0.0, -0.00125, 0.675324, -0.73752, 0.3, -0.005409, 0.737505, 0.67532, -0.0, 0.0, 0.0, 0.0, 1.0],
                [0.999985, 0.004833, 0.002731, -0.0, -0.00125, 0.675324, -0.73752, 0.3, -0.005409, 0.737506, 0.675319, 0.0, 0.0, 0.0, 0.0, 1.0],
                [0.999985, 0.000776, 0.005497, -0.0, -0.00125, 0.996219, 0.086866, 0.3, -0.005409, -0.086872, 0.996205, -0.0, 0.0, 0.0, 0.0, 1.0],
                [0.999985, 0.000776, 0.005497, -0.0, -0.00125, 0.996219, 0.086867, 0.3, -0.005409, -0.086872, 0.996205, 0.0, 0.0, 0.0, 0.0, 1.0]
            ]
        },
        {
            "name": "Tool_R",
            "time": [0.0, 0.1833, 0.5333, 0.7667, 1.25],
            "transform": [
                [1.0, -0.0, 0.0, 0.0, 0.0, -0.945737, -0.324935, 0.192502, 0.0, 0.324732, -0.94518, -0.233742, 0.0, 0.0, 0.0, 1.0],
                [1.0, -0.0, 0.0, 0.0, 0.0, -0.945737, -0.324935, 0.192502, 0.0, 0.324732, -0.94518, -0.233742, 0.0, 0.0, 0.0, 1.0],
                [1.0, -0.0, 0.0, 0.0, -0.0, -0.945737, -0.324935, 0.192502, 0.0, 0.324732, -0.94518, -0.233742, 0.0, 0.0, 0.0, 1.0],
                [1.0, 0.0, 0.0, 0.0, 0.0, -0.99195, -0.126631, 0.228, 0.0, 0.126546, -0.991364, 0.307409, 0.0, 0.0, 0.0, 1.0],
                [1.0, 0.0, 0.0, -0.0, 0.0, -0.99195, -0.126631, 0.227999, 0.0, 0.126546, -0.991364, 0.307409, 0.0, 0.0, 0.0, 1.0]
            ]
        },
        {
            "name": "Elbow_R",
            "time": [0.0, 1.25],
            "transform": [
                [-1.0, 0.0, -0.0, 0.0, 0.0, -0.0, -1.0, 0.3, -0.0, -1.0, 0.0, -0.0, 0.0, 0.0, 0.0, 1.0],
                [-1.0, 0.0, -0.0, -0.0, 0.0, -0.0, -1.0, 0.3, -0.0, -1.0, 0.0, 0.0, 0.0, 0.0, 0.0, 1.0]
            ]
        },
        {
            "name": "Shoulder_L",
            "time": [0.0, 0.2333, 0.6167, 0.7, 0.7833, 1.25],
            "transform": [
                [-0.12178, -0.945762, -0.301172, 0.0, -0.070159, -0.294469, 0.953082, 0.4, -0.990074, 0.137197, -0.030493, 0.0, 0.0, 0.0, 0.0, 1.0],
                [-0.12178, -0.945761, -0.301172, 0.0, -0.070159, -0.294469, 0.953082, 0.4, -0.990074, 0.137196, -0.030493, -0.0, 0.0, 0.0, 0.0, 1.0],
                [-0.385162, -0.872322, -0.301172, -0.0, -0.150839, -0.262454, 0.953082, 0.4, -0.910438, 0.412519, -0.030493, -0.0, 0.0, 0.0, 0.0, 1.0],
                [-0.385162, -0.872322, -0.301172, -0.0, -0.150839, -0.262454, 0.953082, 0.4, -0.910438, 0.412519, -0.030493, -0.0, 0.0, 0.0, 0.0, 1.0],
                [0.114351, -0.946689, -0.301172, -0.0, 0.004351, -0.302681, 0.953082, 0.4, -0.993431, -0.110297, -0.030493, -0.0, 0.0, 0.0, 0.0, 1.0],
                [0.114351, -0.946688, -0.301172, 0.0, 0.004351, -0.30268, 0.953082, 0.4, -0.993431, -0.110297, -0.030493, 0.0, 0.0, 0.0, 0.0, 1.0]
            ]
        },
        {
            "name": "Arm_L",
            "time": [0.0, 1.25],
            "transform": [
                [0.245792, -0.093636, 0.964789, -0.0, -0.840232, 0.4757, 0.260228, 0.39386, -0.483317, -0.874609, 0.038247, 0.0, 0.0, 0.0, 0.0, 1.0],
                [0.245792, -0.093636, 0.964789, -0.0, -0.840232, 0.4757, 0.260228, 0.39386, -0.483317, -0.874609, 0.038247, -0.0, 0.0, 0.0, 0.0, 1.0]
            ]
        },
        {
            "name": "Hand_L",
            "time": [0.0, 1.25],
            "transform": [
                [0.99932, -0.036878, 0.000448, -0.0, 0.03687, 0.999235, 0.013035, 0.3, -0.000929, -0.013009, 0.999915, -0.0, 0.0, 0.0, 0.0, 1.0],
                [0.99932, -0.036878, 0.000448, 0.0, 0.036869, 0.999235, 0.013035, 0.3, -0.000928, -0.013009, 0.999915, -0.0, 0.0, 0.0, 0.0, 1.0]
            ]
        },
        {
            "name": "Tool_L",
            "time": [0.0, 1.25],
            "transform": [
                [1.0, -0.0, 0.0, 0.0, -0.0, -1.0, -0.00053, 0.295906, 0.0, 0.000519, -0.999412, -0.200272, 0.0, 0.0, 0.0, 1.0],
                [1.0, 0.0, 0.0, 0.0, -0.0, -1.0, -0.00053, 0.295905, 0.0, 0.000519, -0.999412, -0.200272, 0.0, 0.0, 0.0, 1.0]
            ]
        },
        {
            "name": "Elbow_L",
            "time": [0.0, 1.25],
            "transform": [
                [-1.0, 0.0, -0.0, -0.0, 0.0, -0.0, -1.0, 0.3, -0.0, -1.0, -0.0, -0.0, 0.0, 0.0, 0.0, 1.0],
                [-1.0, 0.0, -0.0, 0.0, 0.0, -0.0, -1.0, 0.3, -0.0, -1.0, -0.0, -0.0, 0.0, 0.0, 0.0, 1.0]
            ]
        }
    ]
}