{
    
    "animation": [
        {
            "name": "Root",
            "time": [0.0, 0.2, 0.2833, 0.45, 0.6333, 0.8833],
            "transform": [
                [0.999442, 0.0, 0.033416, -0.02837, 0.033416, 0.0, -0.999442, 0.023735, 0.0, 1.0, 0.0, 0.7248, 0.0, 0.0, 0.0, 1.0],
                [0.999924, 0.0, 0.012338, -0.009449, 0.012338, 0.0, -0.999924, 0.479166, 0.0, 1.0, 0.0, 0.730364, 0.0, 0.0, 0.0, 1.0],
                [0.999924, 0.0, 0.012338, -0.009449, 0.012338, 0.0, -0.999924, 0.479166, 0.0, 1.0, 0.0, 0.730364, 0.0, 0.0, 0.0, 1.0],
                [0.997651, 0.003496, -0.068416, 0.001056, -0.068506, 0.050914, -0.996351, 0.807976, -0.0, 0.998697, 0.051033, 0.700514, 0.0, 0.0, 0.0, 1.0],
                [0.989923, 0.0, -0.141604, 0.065147, -0.141604, 0.0, -0.989923, 1.510943, 0.0, 1.0, 0.0, 0.594153, 0.0, 0.0, 0.0, 1.0],
                [0.989923, -0.006608, -0.14145, 0.065321, -0.141604, -0.046195, -0.988845, 1.512161, 0.0, 0.998911, -0.046665, 0.567814, 0.0, 0.0, 0.0, 1.0]
            ]
        },
        {
            "name": "Thigh_R",
            "time": [0.0, 0.2, 0.3, 0.6333, 0.8833],
            "transform": [
                [0.993754, 0.077685, -0.080104, 0.124994, 0.103495, -0.910054, 0.401356, -0.002831, -0.04172, -0.407139, -0.912413, -1.2e-05, 0.0, 0.0, 0.0, 1.0],
                [0.993754, 0.08249, -0.075146, 0.124994, 0.103495, -0.933134, 0.344305, -0.002831, -0.04172, -0.349931, -0.935846, -1.2e-05, 0.0, 0.0, 0.0, 1.0],
                [0.993754, 0.08249, -0.075146, 0.124994, 0.103495, -0.933134, 0.344305, -0.002831, -0.04172, -0.349931, -0.935846, -1.2e-05, 0.0, 0.0, 0.0, 1.0],
                [0.993754, 0.107672, 0.029299, 0.124994, 0.103495, -0.791182, -0.602758, -0.002831, -0.04172, 0.602025, -0.797386, -1.2e-05, 0.0, 0.0, 0.0, 1.0],
                [0.993754, 0.105779, 0.035531, 0.124994, 0.103495, -0.754667, -0.647892, -0.002831, -0.04172, 0.647522, -0.760903, -1.2e-05, 0.0, 0.0, 0.0, 1.0]
            ]
        },
        {
            "name": "Leg_R",
            "time": [0.0, 0.2, 0.3, 0.6333, 0.8833],
            "transform": [
                [0.997558, -0.047798, 0.050932, 0.0, 0.003865, 0.765842, 0.643017, 0.37472, -0.069741, -0.64125, 0.764156, -0.0, 0.0, 0.0, 0.0, 1.0],
                [0.997558, -0.024566, 0.065385, 0.0, 0.003865, 0.954088, 0.299503, 0.37472, -0.069741, -0.298519, 0.951852, -0.0, 0.0, 0.0, 0.0, 1.0],
                [0.997558, -0.024566, 0.065385, -0.0, 0.003865, 0.954088, 0.299503, 0.37472, -0.069741, -0.298519, 0.951852, -0.0, 0.0, 0.0, 0.0, 1.0],
                [0.997558, -0.024515, 0.065404, 0.0, 0.003865, 0.954322, 0.298756, 0.37472, -0.069741, -0.297774, 0.952085, -0.0, 0.0, 0.0, 0.0, 1.0],
                [0.997558, -0.034709, 0.060613, 0.0, 0.003865, 0.893892, 0.448267, 0.37472, -0.069741, -0.446938, 0.891842, -0.0, 0.0, 0.0, 0.0, 1.0]
            ]
        },
        {
            "name": "Knee_R",
            "time": [0.0, 0.4833, 0.8833],
            "transform": [
                [1.0, 0.0, -0.0, 0.0, -0.0, 1e-06, -1.0, 0.37472, -0.0, 1.0, 1e-06, -0.0, 0.0, 0.0, 0.0, 1.0],
                [1.0, 0.0, -0.0, -0.0, -0.0, 1e-06, -1.0, 0.37472, -0.0, 1.0, 1e-06, -0.0, 0.0, 0.0, 0.0, 1.0],
                [1.0, 0.0, -0.0, 0.0, -0.0, 1e-06, -1.0, 0.37472, -0.0, 1.0, 1e-06, -0.0, 0.0, 0.0, 0.0, 1.0]
            ]
        },
        {
            "name": "Thigh_L",
            "time": [0.0, 0.2, 0.3, 0.6333, 0.8833],
            "transform": [
                [0.999355, -0.019863, 0.029902, -0.125006, -0.027483, -0.959204, 0.281375, -0.002831, 0.023094, -0.282015, -0.959132, -1.2e-05, 0.0, 0.0, 0.0, 1.0],
                [0.999355, -0.03156, 0.017108, -0.125006, -0.027483, -0.979218, -0.200939, -0.002831, 0.023094, 0.20034, -0.979454, -1.2e-05, 0.0, 0.0, 0.0, 1.0],
                [0.999355, -0.03156, 0.017108, -0.125006, -0.027483, -0.979218, -0.200939, -0.002831, 0.023094, 0.20034, -0.979454, -1.2e-05, 0.0, 0.0, 0.0, 1.0],
                [0.95318, -0.296762, -0.058123, -0.125006, -0.099851, -0.490293, 0.865819, -0.002831, -0.285439, -0.819479, -0.49697, -1.2e-05, 0.0, 0.0, 0.0, 1.0],
                [0.95318, -0.300718, -0.031853, -0.125006, -0.099851, -0.412413, 0.905508, -0.002831, -0.285439, -0.859932, -0.423132, -1.2e-05, 0.0, 0.0, 0.0, 1.0]
            ]
        },
        {
            "name": "Leg_L",
            "time": [0.0, 0.2, 0.3, 0.6333, 0.8833],
            "transform": [
                [0.999995, 0.001954, 0.002545, -0.0, -0.002663, 0.948006, 0.318239, 0.37472, -0.001791, -0.318244, 0.948007, -0.0, 0.0, 0.0, 0.0, 1.0],
                [0.999995, 0.00158, 0.002793, -0.0, -0.002663, 0.894253, 0.447554, 0.37472, -0.001791, -0.447559, 0.894253, 0.0, 0.0, 0.0, 0.0, 1.0],
                [0.999995, 0.001159, 0.002992, -0.0, -0.002663, 0.819996, 0.572363, 0.37472, -0.001791, -0.572368, 0.819995, 0.0, 0.0, 0.0, 0.0, 1.0],
                [0.999995, 0.000184, 0.003204, -0.0, -0.002663, 0.604624, 0.796507, 0.37472, -0.001791, -0.796511, 0.604622, -0.0, 0.0, 0.0, 0.0, 1.0],
                [0.999995, -0.00058, 0.003156, 0.0, -0.002663, 0.398828, 0.917022, 0.37472, -0.001791, -0.917025, 0.398825, 0.0, 0.0, 0.0, 0.0, 1.0]
            ]
        },
        {
            "name": "Knee_L",
            "time": [0.0, 0.4833, 0.6333, 0.8833],
            "transform": [
                [1.0, 0.0, -0.0, -0.0, -0.0, 1e-06, -1.0, 0.37472, -0.0, 1.0, 1e-06, -0.0, 0.0, 0.0, 0.0, 1.0],
                [1.0, 0.0, -0.0, 0.0, -0.0, 1e-06, -1.0, 0.37472, -0.0, 1.0, 1e-06, 0.0, 0.0, 0.0, 0.0, 1.0],
                [1.0, 0.0, -0.0, -0.0, -0.0, 0.658476, -0.752602, 0.37472, -0.0, 0.752601, 0.658476, -0.0, 0.0, 0.0, 0.0, 1.0],
                [1.0, 0.0, -0.0, 0.0, -0.0, 0.658476, -0.752601, 0.37472, -0.0, 0.752602, 0.658476, 0.0, 0.0, 0.0, 0.0, 1.0]
            ]
        },
        {
            "name": "Torso",
            "time": [0.0, 0.2, 0.3667, 0.6333, 0.8833],
            "transform": [
                [0.992881, -0.019672, -0.117477, 0.0, 0.060029, 0.934504, 0.350856, 0.05, 0.10288, -0.35541, 0.929031, -0.0, 0.0, 0.0, 0.0, 1.0],
                [0.99223, -0.061515, 0.108141, 0.0, 0.062379, 0.998042, -0.004622, 0.05, -0.107645, 0.011332, 0.994125, 0.0, 0.0, 0.0, 0.0, 1.0],
                [0.99223, -0.061515, 0.108141, 0.0, 0.062379, 0.998042, -0.004622, 0.05, -0.107645, 0.011332, 0.994125, -0.0, 0.0, 0.0, 0.0, 1.0],
                [0.964892, -0.061515, -0.255343, 0.0, 0.05656, 0.998042, -0.026712, 0.05, 0.256486, 0.011332, 0.966482, 0.0, 0.0, 0.0, 0.0, 1.0],
                [0.964892, -0.061515, -0.255343, 0.0, 0.05656, 0.998042, -0.026712, 0.05, 0.256486, 0.011332, 0.966482, 0.0, 0.0, 0.0, 0.0, 1.0]
            ]
        },
        {
            "name": "Chest",
            "time": [0.0, 0.35, 0.4833, 0.6333, 0.8833],
            "transform": [
                [0.984312, -0.108344, 0.139253, -0.0, 0.044852, 0.916978, 0.396408, 0.3, -0.17064, -0.383943, 0.907452, 0.0, 0.0, 0.0, 0.0, 1.0],
                [0.828475, -0.076659, 0.554754, -0.0, -0.040448, 0.979809, 0.1958, 0.3, -0.558563, -0.184654, 0.808647, 0.0, 0.0, 0.0, 0.0, 1.0],
                [0.828475, -0.076659, 0.554754, 0.0, -0.040448, 0.979809, 0.1958, 0.3, -0.558563, -0.184654, 0.808647, -0.0, 0.0, 0.0, 0.0, 1.0],
                [0.792992, 0.126979, -0.595852, -0.0, 0.200438, 0.869213, 0.451988, 0.3, 0.575316, -0.477855, 0.663828, -0.0, 0.0, 0.0, 0.0, 1.0],
                [0.773487, 0.231367, -0.590074, 0.0, 0.220606, 0.774502, 0.592858, 0.3, 0.594181, -0.588741, 0.548026, 0.0, 0.0, 0.0, 0.0, 1.0]
            ]
        },
        {
            "name": "Head",
            "time": [0.0, 0.2, 0.35, 0.4333, 0.6333, 0.8833],
            "transform": [
                [0.995974, 0.070906, -0.054844, -0.0, -0.086667, 0.917977, -0.387049, 0.4, 0.022901, 0.390244, 0.920426, 0.0, 0.0, 0.0, 0.0, 1.0],
                [0.772111, 0.086866, -0.629523, 0.0, -0.06234, 0.996189, 0.061002, 0.4, 0.632423, -0.007856, 0.774584, 0.0, 0.0, 0.0, 0.0, 1.0],
                [0.674447, 0.086866, -0.733196, 0.0, -0.053003, 0.996189, 0.069268, 0.4, 0.736418, -0.007856, 0.676481, 0.0, 0.0, 0.0, 0.0, 1.0],
                [0.674447, 0.086866, -0.733195, -0.0, -0.053003, 0.996189, 0.069268, 0.4, 0.736418, -0.007856, 0.676481, -0.0, 0.0, 0.0, 0.0, 1.0],
                [0.51537, -0.077184, 0.853485, -0.0, 0.260705, 0.962852, -0.07035, 0.4, -0.81635, 0.258764, 0.516347, -0.0, 0.0, 0.0, 0.0, 1.0],
                [0.457665, -0.240149, 0.856079, -0.0, 0.316226, 0.943843, 0.095712, 0.4, -0.83099, 0.22691, 0.507905, -0.0, 0.0, 0.0, 0.0, 1.0]
            ]
        },
        {
            "name": "Shoulder_R",
            "time": [0.0, 0.2, 0.35, 0.6333, 0.8833],
            "transform": [
                [0.187362, 0.934899, 0.301428, -0.0, -0.034939, -0.300325, 0.953197, 0.4, 0.981669, -0.189124, -0.023605, 0.0, 0.0, 0.0, 0.0, 1.0],
                [-0.473817, 0.827429, 0.301428, 0.0, 0.171226, -0.249194, 0.953197, 0.4, 0.863816, 0.503253, -0.023605, 0.0, 0.0, 0.0, 0.0, 1.0],
                [-0.473817, 0.827429, 0.301428, 0.0, 0.171226, -0.249194, 0.953197, 0.4, 0.863816, 0.503253, -0.023605, 0.0, 0.0, 0.0, 0.0, 1.0],
                [0.028481, 0.953063, 0.301428, -0.0, 0.015744, -0.30194, 0.953197, 0.4, 0.99947, -0.022402, -0.023605, -0.0, 0.0, 0.0, 0.0, 1.0],
                [0.028481, 0.953063, 0.301428, -0.0, 0.015744, -0.30194, 0.953197, 0.4, 0.99947, -0.022402, -0.023605, -0.0, 0.0, 0.0, 0.0, 1.0]
            ]
        },
        {
            "name": "Arm_R",
            "time": [0.0, 0.2, 0.3667, 0.6333, 0.8833],
            "transform": [
                [0.783078, -0.454639, -0.424373, -0.0, 0.59695, 0.740882, 0.307807, 0.393861, 0.174469, -0.494366, 0.851565, -0.0, 0.0, 0.0, 0.0, 1.0],
                [0.32403, -0.051537, -0.944642, -0.0, 0.786801, 0.569122, 0.238838, 0.393861, 0.525308, -0.820636, 0.224962, -0.0, 0.0, 0.0, 0.0, 1.0],
                [0.32403, 0.222398, -0.919534, 0.0, 0.786801, 0.476354, 0.392467, 0.39386, 0.525308, -0.850662, -0.02063, -0.0, 0.0, 0.0, 0.0, 1.0],
                [0.213228, 0.337885, -0.916716, -0.0, 0.774338, 0.513715, 0.369456, 0.39386, 0.595764, -0.788626, -0.152099, -0.0, 0.0, 0.0, 0.0, 1.0],
                [0.144361, 0.565926, -0.811718, 0.0, 0.717383, 0.505152, 0.479774, 0.393861, 0.681558, -0.651573, -0.333062, 0.0, 0.0, 0.0, 0.0, 1.0]
            ]
        },
        {
            "name": "Hand_R",
            "time": [0.0, 0.2, 0.3833, 0.6333, 0.8833],
            "transform": [
                [0.999985, 0.000776, 0.005497, -0.0, -0.00125, 0.996219, 0.086866, 0.3, -0.005409, -0.086872, 0.996205, 0.0, 0.0, 0.0, 0.0, 1.0],
                [0.999985, 0.002129, 0.005127, 0.0, -0.00125, 0.986186, -0.165637, 0.3, -0.005409, 0.165628, 0.986174, 0.0, 0.0, 0.0, 0.0, 1.0],
                [0.999985, 0.003611, 0.004217, -0.0, -0.00125, 0.88652, -0.462688, 0.3, -0.005409, 0.462676, 0.886511, 0.0, 0.0, 0.0, 0.0, 1.0],
                [0.999985, 0.004178, 0.003655, 0.0, -0.00125, 0.811018, -0.585021, 0.3, -0.005409, 0.585007, 0.81101, -0.0, 0.0, 0.0, 0.0, 1.0],
                [0.999985, 0.002787, 0.004801, 0.0, -0.00125, 0.955669, -0.29444, 0.3, -0.005409, 0.29443, 0.955658, -0.0, 0.0, 0.0, 0.0, 1.0]
            ]
        },
        {
            "name": "Tool_R",
            "time": [0.0, 0.2, 0.3333, 0.8833],
            "transform": [
                [1.0, 0.0, 0.0, -0.0, 0.0, -0.999006, -0.044583, 0.259093, 0.0, 0.044546, -0.998415, 0.204736, 0.0, 0.0, 0.0, 1.0],
                [1.0, 0.0, 0.0, 0.0, 0.0, -0.999078, -0.04294, 0.274132, 0.0, 0.042904, -0.998487, -0.196493, 0.0, 0.0, 0.0, 1.0],
                [1.0, -0.0, 0.0, -0.0, -0.0, -0.999078, -0.04294, 0.274132, 0.0, 0.042904, -0.998487, -0.196493, 0.0, 0.0, 0.0, 1.0],
                [1.0, -0.0, 0.0, 0.0, 0.0, -0.999078, -0.04294, 0.274131, 0.0, 0.042904, -0.998487, -0.196493, 0.0, 0.0, 0.0, 1.0]
            ]
        },
        {
            "name": "Elbow_R",
            "time": [0.0, 0.4833, 0.8833],
            "transform": [
                [-1.0, 0.0, -0.0, -0.0, 0.0, -0.0, -1.0, 0.3, -0.0, -1.0, 0.0, 0.0, 0.0, 0.0, 0.0, 1.0],
                [-1.0, 0.0, -0.0, 0.0, 0.0, -0.0, -1.0, 0.3, -0.0, -1.0, 0.0, -0.0, 0.0, 0.0, 0.0, 1.0],
                [-1.0, 0.0, 0.0, 0.0, 0.0, -0.0, -1.0, 0.3, -0.0, -1.0, 0.0, -0.0, 0.0, 0.0, 0.0, 1.0]
            ]
        },
        {
            "name": "Shoulder_L",
            "time": [0.0, 0.1167, 0.2167, 0.3667, 0.6333, 0.8833],
            "transform": [
                [0.114351, -0.946688, -0.301172, -0.0, 0.004351, -0.302681, 0.953082, 0.4, -0.993431, -0.110297, -0.030493, 0.0, 0.0, 0.0, 0.0, 1.0],
                [0.044556, -0.952528, -0.301172, 0.0, -0.017877, -0.302184, 0.953082, 0.4, -0.998847, -0.037081, -0.030493, 0.0, 0.0, 0.0, 0.0, 1.0],
                [0.044556, -0.952528, -0.301172, 0.0, -0.017877, -0.302184, 0.953082, 0.4, -0.998847, -0.037081, -0.030493, 0.0, 0.0, 0.0, 0.0, 1.0],
                [0.630359, -0.715502, -0.301172, 0.0, 0.174994, -0.247005, 0.953082, 0.4, -0.756323, -0.653487, -0.030493, -0.0, 0.0, 0.0, 0.0, 1.0],
                [0.177163, -0.936968, -0.301172, -0.0, 0.024505, -0.301718, 0.953082, 0.4, -0.983876, -0.176231, -0.030493, -0.0, 0.0, 0.0, 0.0, 1.0],
                [0.177163, -0.936968, -0.301172, -0.0, 0.024505, -0.301718, 0.953082, 0.4, -0.983876, -0.176231, -0.030493, -0.0, 0.0, 0.0, 0.0, 1.0]
            ]
        },
        {
            "name": "Arm_L",
            "time": [0.0, 0.1167, 0.35, 0.4833, 0.6333, 0.8833],
            "transform": [
                [0.620186, -0.093636, 0.778846, -0.0, -0.659342, 0.4757, 0.582217, 0.39386, -0.425014, -0.874609, 0.233284, 0.0, 0.0, 0.0, 0.0, 1.0],
                [0.908028, -0.325076, -0.264214, 0.0, 0.285219, 0.94171, -0.178416, 0.39386, 0.306812, 0.086647, 0.947818, -0.0, 0.0, 0.0, 0.0, 1.0],
                [0.070064, 0.012301, -0.997467, -0.0, -0.934463, -0.349122, -0.069944, 0.39386, -0.349098, 0.936997, -0.012966, -0.0, 0.0, 0.0, 0.0, 1.0],
                [0.070064, 0.012301, -0.997467, 0.0, -0.934463, -0.349122, -0.069944, 0.39386, -0.349098, 0.936997, -0.012966, -0.0, 0.0, 0.0, 0.0, 1.0],
                [0.907688, 0.304073, 0.28921, -0.0, -0.41964, 0.661284, 0.621775, 0.39386, -0.002185, -0.685742, 0.727841, 0.0, 0.0, 0.0, 0.0, 1.0],
                [0.811889, 0.507142, 0.28921, 0.0, -0.562135, 0.545344, 0.621775, 0.39386, 0.15761, -0.667388, 0.727841, -0.0, 0.0, 0.0, 0.0, 1.0]
            ]
        },
        {
            "name": "Hand_L",
            "time": [0.0, 0.1167, 0.35, 0.4833, 0.6333, 0.8833],
            "transform": [
                [0.99932, -0.036878, 0.000448, 0.0, 0.03687, 0.999235, 0.013035, 0.3, -0.000928, -0.013009, 0.999915, 0.0, 0.0, 0.0, 0.0, 1.0],
                [0.99932, -0.02021, 0.030851, -0.0, 0.03687, 0.568478, -0.821872, 0.3, -0.000928, 0.822451, 0.568836, 0.0, 0.0, 0.0, 0.0, 1.0],
                [0.99932, -0.032367, 0.017681, 0.0, 0.03687, 0.888789, -0.456832, 0.3, -0.000928, 0.457173, 0.889377, 0.0, 0.0, 0.0, 0.0, 1.0],
                [0.99932, -0.032367, 0.017681, -0.0, 0.03687, 0.888789, -0.456832, 0.3, -0.000928, 0.457173, 0.889377, 0.0, 0.0, 0.0, 0.0, 1.0],
                [0.99932, -0.03684, -0.001751, -0.0, 0.03687, 0.996681, 0.072575, 0.3, -0.000928, -0.07259, 0.997362, 0.0, 0.0, 0.0, 0.0, 1.0],
                [0.99932, -0.03684, -0.001751, -0.0, 0.03687, 0.996682, 0.072575, 0.3, -0.000928, -0.07259, 0.997362, -0.0, 0.0, 0.0, 0.0, 1.0]
            ]
        },
        {
            "name": "Tool_L",
            "time": [0.0, 0.4, 0.4833, 0.6333, 0.8833],
            "transform": [
                [1.0, 0.0, 0.0, 0.0, 0.0, -0.997907, 0.064662, 0.329551, 0.0, -0.064635, -0.99732, -0.229588, 0.0, 0.0, 0.0, 1.0],
                [1.0, 0.0, 0.0, -0.0, 0.0, -0.989613, 0.143757, 0.206049, 0.0, -0.143683, -0.989029, 0.211466, 0.0, 0.0, 0.0, 1.0],
                [1.0, 0.0, 0.0, -0.0, 0.0, -0.989613, 0.143758, 0.206049, 0.0, -0.143683, -0.989029, 0.211466, 0.0, 0.0, 0.0, 1.0],
                [1.0, 0.0, 0.0, -0.0, 0.0, -0.989446, -0.144903, 0.206049, 0.0, 0.144807, -0.988865, 0.211466, 0.0, 0.0, 0.0, 1.0],
                [1.0, 0.0, 0.0, -0.0, 0.0, -0.989446, -0.144903, 0.206049, 0.0, 0.144807, -0.988865, 0.211466, 0.0, 0.0, 0.0, 1.0]
            ]
        },
        {
            "name": "Elbow_L",
            "time": [0.0, 0.4833, 0.8833],
            "transform": [
                [-1.0, 0.0, -0.0, 0.0, 0.0, -0.0, -1.0, 0.3, -0.0, -1.0, 0.0, 0.0, 0.0, 0.0, 0.0, 1.0],
                [-1.0, 0.0, -0.0, -0.0, 0.0, -0.0, -1.0, 0.3, -0.0, -1.0, -0.0, 0.0, 0.0, 0.0, 0.0, 1.0],
                [-1.0, 0.0, -0.0, -0.0, 0.0, -0.0, -1.0, 0.3, -0.0, -1.0, -0.0, -0.0, 0.0, 0.0, 0.0, 1.0]
            ]
        }
    ]
}