{
    "animation": [
        {
            "name": "Root",
            "time": [0.0, 0.1667, 0.2833, 0.4333, 0.6, 0.8833, 1.4333],
            "transform": [
                [1.0, 0.0, 0.0, -5e-06, 0.0, 0.0, -1.0, 0.000946, 0.0, 1.0, 0.0, 0.771807, 0.0, 0.0, 0.0, 1.0],
                [1.0, 0.0, 0.0, -5e-06, 0.0, 0.0, -1.0, 0.335575, 0.0, 1.0, 0.0, 0.5363, 0.0, 0.0, 0.0, 1.0],
                [1.0, 0.0, 0.0, -5e-06, 0.0, 0.0, -1.0, 0.385877, 0.0, 1.0, 0.0, 0.5363, 0.0, 0.0, 0.0, 1.0],
                [0.772099, 0.0, 0.635502, -5e-06, 0.630011, 0.131177, -0.765427, 1.70891, -0.083363, 0.991359, 0.101281, 0.722956, 0.0, 0.0, 0.0, 1.0],
                [0.740347, -0.002243, 0.672221, -5e-06, 0.669513, 0.092194, -0.737057, 2.400061, -0.060321, 0.995739, 0.069757, 0.488636, 0.0, 0.0, 0.0, 1.0],
                [0.728589, 0.0, 0.684951, -5e-06, 0.684951, 0.0, -0.728589, 2.646743, 0.0, 1.0, 0.0, 0.5363, 0.0, 0.0, 0.0, 1.0],
                [1.0, 0.0, 0.0, -5e-06, 0.0, 0.0, -1.0, 3.075776, 0.0, 1.0, 0.0, 0.764948, 0.0, 0.0, 0.0, 1.0]
            ]
        },
        {
            "name": "Thigh_R",
            "time": [0.0, 0.1667, 0.2833, 0.3833, 0.5167, 0.6167, 0.7, 0.8833, 1.4333],
            "transform": [
                [0.99841, 0.053867, -0.016572, 0.124994, 0.051547, -0.991683, -0.117911, -0.002831, -0.022786, 0.11687, -0.992886, -1.2e-05, 0.0, 0.0, 0.0, 1.0],
                [0.99841, 0.05558, 0.009333, 0.124994, 0.051547, -0.83361, -0.54994, -0.002831, -0.022786, 0.549547, -0.835152, -1.2e-05, 0.0, 0.0, 0.0, 1.0],
                [0.99841, 0.05558, 0.009333, 0.124994, 0.051547, -0.83361, -0.54994, -0.002831, -0.022786, 0.549547, -0.835152, -1.2e-05, 0.0, 0.0, 0.0, 1.0],
                [0.916419, 0.339624, 0.211733, 0.124994, 0.07906, -0.672237, 0.736101, -0.002831, 0.392333, -0.657836, -0.642904, -1.2e-05, 0.0, 0.0, 0.0, 1.0],
                [0.703065, 0.539251, 0.463581, 0.124994, 0.064714, -0.697707, 0.713453, -0.002831, 0.708175, -0.471602, -0.525432, -1.2e-05, 0.0, 0.0, 0.0, 1.0],
                [0.695752, 0.70036, 0.159444, 0.124994, 0.080554, -0.296659, 0.95158, -0.002831, 0.71375, -0.649218, -0.262819, -1.2e-05, 0.0, 0.0, 0.0, 1.0],
                [0.703065, 0.670282, 0.237529, 0.124994, 0.064714, -0.392937, 0.917285, -0.002831, 0.708175, -0.629538, -0.319638, -1.2e-05, 0.0, 0.0, 0.0, 1.0],
                [0.703065, 0.623507, 0.341962, 0.124994, 0.064714, -0.534974, 0.842386, -0.002831, 0.708175, -0.570121, -0.416473, -1.2e-05, 0.0, 0.0, 0.0, 1.0],
                [0.979052, 0.105005, 0.174444, 0.124994, 0.052905, -0.958524, 0.280052, -0.002831, 0.196616, -0.264956, -0.944002, -1.2e-05, 0.0, 0.0, 0.0, 1.0]
            ]
        },
        {
            "name": "Leg_R",
            "time": [0.0, 0.1667, 0.2833, 0.3833, 0.5167, 0.7, 0.8833, 1.4333],
            "transform": [
                [1.0, 1e-06, 2e-06, 0.0, -1e-06, 0.919436, 0.39324, 0.37472, -1e-06, -0.393241, 0.919435, -0.0, 0.0, 0.0, 0.0, 1.0],
                [1.0, 1e-06, 2e-06, 0.0, -1e-06, 0.953734, 0.300653, 0.37472, -1e-06, -0.300653, 0.953733, -0.0, 0.0, 0.0, 0.0, 1.0],
                [1.0, 1e-06, 2e-06, 0.0, -1e-06, 0.953734, 0.300653, 0.37472, -1e-06, -0.300653, 0.953733, -0.0, 0.0, 0.0, 0.0, 1.0],
                [1.0, -1e-06, 2e-06, 0.0, -2e-06, 0.028061, 0.999606, 0.37472, -1e-06, -0.999607, 0.028061, 0.0, 0.0, 0.0, 0.0, 1.0],
                [1.0, 1e-06, 2e-06, -0.0, -1e-06, 0.855669, 0.517525, 0.37472, -1e-06, -0.517525, 0.855667, -0.0, 0.0, 0.0, 0.0, 1.0],
                [1.0, 0.0, 2e-06, -0.0, -1e-06, 0.783227, 0.621736, 0.374721, -1e-06, -0.621737, 0.783226, 0.0, 0.0, 0.0, 0.0, 1.0],
                [1.0, 1e-06, 2e-06, 0.0, -1e-06, 0.855669, 0.517525, 0.37472, -1e-06, -0.517525, 0.855667, -0.0, 0.0, 0.0, 0.0, 1.0],
                [1.0, 0.0, 1e-06, -0.0, -0.0, 0.955943, 0.293556, 0.37472, -1e-06, -0.293556, 0.955941, 0.0, 0.0, 0.0, 0.0, 1.0]
            ]
        },
        {
            "name": "Knee_R",
            "time": [0.0, 0.1667, 0.2833, 0.3833, 0.7, 0.8833, 1.4333],
            "transform": [
                [1.0, -0.0, -0.0, -0.000179, -0.0, -0.397195, -0.917734, 0.436391, -0.0, 0.917734, -0.397195, -0.000613, 0.0, 0.0, 0.0, 1.0],
                [1.0, -0.0, -0.0, -0.000179, -0.0, -0.397195, -0.917734, 0.436391, -0.0, 0.917734, -0.397195, -0.000613, 0.0, 0.0, 0.0, 1.0],
                [1.0, -0.0, -0.0, -0.000179, -0.0, -0.397195, -0.917734, 0.436391, -0.0, 0.917734, -0.397195, -0.000613, 0.0, 0.0, 0.0, 1.0],
                [1.0, 0.0, -0.0, -0.000179, -0.0, 0.191114, -0.981568, 0.436391, -0.0, 0.981568, 0.191114, -0.000613, 0.0, 0.0, 0.0, 1.0],
                [1.0, -0.0, -0.0, -0.000179, -0.0, -0.397195, -0.917734, 0.436392, -0.0, 0.917734, -0.397195, -0.000613, 0.0, 0.0, 0.0, 1.0],
                [1.0, -0.0, -0.0, -0.000179, -0.0, -0.397195, -0.917734, 0.436391, -0.0, 0.917734, -0.397195, -0.000613, 0.0, 0.0, 0.0, 1.0],
                [1.0, 0.0, -0.0, -0.0, -0.0, 1e-06, -1.0, 0.383077, -0.0, 1.0, 1e-06, -0.001653, 0.0, 0.0, 0.0, 1.0]
            ]
        },
        {
            "name": "Thigh_L",
            "time": [0.0, 0.1667, 0.2833, 0.3833, 0.5167, 0.7, 0.8833, 1.4333],
            "transform": [
                [0.999999, -2.5e-05, 3.9e-05, -0.125006, -3.9e-05, -0.891451, 0.453116, -0.002831, 2.3e-05, -0.453116, -0.891451, -1.2e-05, 0.0, 0.0, 0.0, 1.0],
                [0.999999, -1e-06, 4.6e-05, -0.125006, -3.9e-05, -0.517326, 0.855788, -0.002831, 2.3e-05, -0.855788, -0.517326, -1.2e-05, 0.0, 0.0, 0.0, 1.0],
                [0.999999, -1e-06, 4.6e-05, -0.125006, -3.9e-05, -0.517326, 0.855788, -0.002831, 2.3e-05, -0.855788, -0.517326, -1.2e-05, 0.0, 0.0, 0.0, 1.0],
                [0.899033, 0.094732, 0.42751, -0.125006, -0.096516, -0.909434, 0.404492, -0.002831, 0.427111, -0.404913, -0.808468, -1.2e-05, 0.0, 0.0, 0.0, 1.0],
                [0.720778, -0.506282, 0.473452, -0.125006, -0.181801, -0.797194, -0.575699, -0.002831, 0.668899, 0.328878, -0.666643, -1.2e-05, 0.0, 0.0, 0.0, 1.0],
                [0.720945, -0.541056, 0.433007, -0.125006, -0.164471, -0.740576, -0.651533, -0.002831, 0.673191, 0.398504, -0.622903, -1.2e-05, 0.0, 0.0, 0.0, 1.0],
                [0.720945, -0.541057, 0.433007, -0.125006, -0.164471, -0.740576, -0.651533, -0.002831, 0.673191, 0.398504, -0.622903, -1.2e-05, 0.0, 0.0, 0.0, 1.0],
                [0.95515, -0.069461, -0.287858, -0.125006, -0.059939, -0.997328, 0.041774, -0.002831, -0.28999, -0.022646, -0.956761, -1.2e-05, 0.0, 0.0, 0.0, 1.0]
            ]
        },
        {
            "name": "Leg_L",
            "time": [0.0, 0.1667, 0.2833, 0.7, 0.8833, 1.4333],
            "transform": [
                [1.0, -2e-06, -0.0, 0.0, -0.0, -0.177315, 0.984155, 0.37472, -2e-06, -0.984154, -0.177315, -0.0, 0.0, 0.0, 0.0, 1.0],
                [1.0, -0.0, 1e-06, -0.0, 0.0, 0.944116, 0.329613, 0.37472, -1e-06, -0.329613, 0.944117, -0.0, 0.0, 0.0, 0.0, 1.0],
                [1.0, -0.0, 1e-06, -0.0, 0.0, 0.944116, 0.329613, 0.37472, -1e-06, -0.329613, 0.944117, -0.0, 0.0, 0.0, 0.0, 1.0],
                [1.0, -0.0, 1e-06, -0.0, 0.0, 0.944116, 0.329613, 0.37472, -1e-06, -0.329613, 0.944117, -0.0, 0.0, 0.0, 0.0, 1.0],
                [1.0, -0.0, 1e-06, 0.0, 0.0, 0.944116, 0.329613, 0.37472, -1e-06, -0.329613, 0.944117, -0.0, 0.0, 0.0, 0.0, 1.0],
                [1.0, 0.0, 1e-06, -0.0, -0.0, 0.987328, 0.158689, 0.37472, -1e-06, -0.158689, 0.987329, -0.0, 0.0, 0.0, 0.0, 1.0]
            ]
        },
        {
            "name": "Knee_L",
            "time": [0.0, 0.1667, 0.2833, 0.7, 0.8833, 1.4333],
            "transform": [
                [1.0, 0.0, -0.0, 0.0, -0.0, 0.641387, -0.767218, 0.37472, -0.0, 0.767218, 0.641387, -0.0, 0.0, 0.0, 0.0, 1.0],
                [1.0, 0.0, -0.0, -0.0, -0.0, 0.340932, -0.940088, 0.37472, -0.0, 0.940088, 0.340932, -0.0, 0.0, 0.0, 0.0, 1.0],
                [1.0, 0.0, -0.0, -0.0, -0.0, 0.340932, -0.940088, 0.37472, -0.0, 0.940088, 0.340932, -0.0, 0.0, 0.0, 0.0, 1.0],
                [1.0, 0.0, -0.0, -0.0, -0.0, 0.340932, -0.940088, 0.37472, -0.0, 0.940088, 0.340932, -0.0, 0.0, 0.0, 0.0, 1.0],
                [1.0, 0.0, -0.0, 0.0, -0.0, 0.340932, -0.940088, 0.37472, -0.0, 0.940088, 0.340932, -0.0, 0.0, 0.0, 0.0, 1.0],
                [1.0, 0.0, -0.0, -0.0, -0.0, 1e-06, -1.0, 0.37472, -0.0, 1.0, 1e-06, -0.0, 0.0, 0.0, 0.0, 1.0]
            ]
        },
        {
            "name": "Torso",
            "time": [0.0, 0.1667, 0.2833, 0.5167, 0.7, 0.8833, 1.4333],
            "transform": [
                [0.970242, -0.0, -0.242138, 0.0, 0.072758, 0.953788, 0.29154, 0.05, 0.230949, -0.300482, 0.925405, 0.0, 0.0, 0.0, 0.0, 1.0],
                [0.869108, -0.0, -0.494622, 0.0, 0.148625, 0.953788, 0.261151, 0.05, 0.471764, -0.300482, 0.828945, 0.0, 0.0, 0.0, 0.0, 1.0],
                [0.869108, -0.0, -0.494622, 0.0, 0.148625, 0.953788, 0.261151, 0.05, 0.471764, -0.300482, 0.828945, 0.0, 0.0, 0.0, 0.0, 1.0],
                [0.945718, 0.140169, -0.293207, 0.0, -0.057984, 0.960506, 0.27215, 0.05, 0.319774, -0.240376, 0.916496, -0.0, 0.0, 0.0, 0.0, 1.0],
                [0.946418, 0.185678, -0.264229, -0.0, -0.08141, 0.928935, 0.361182, 0.05, 0.312515, -0.320318, 0.894277, -0.0, 0.0, 0.0, 0.0, 1.0],
                [0.946418, 0.185678, -0.264229, -0.0, -0.08141, 0.928935, 0.361182, 0.05, 0.312515, -0.320318, 0.894277, -0.0, 0.0, 0.0, 0.0, 1.0],
                [0.996512, -0.002664, 0.083404, 0.0, -0.0, 0.99949, 0.031925, 0.05, -0.083446, -0.031814, 0.996004, 0.0, 0.0, 0.0, 0.0, 1.0]
            ]
        },
        {
            "name": "Chest",
            "time": [0.0, 0.1667, 0.2833, 0.5167, 0.7, 0.8833, 1.4333],
            "transform": [
                [0.991804, 0.0, -0.127772, 0.0, 0.0, 1.0, 0.0, 0.3, 0.127772, 0.0, 0.991804, 0.0, 0.0, 0.0, 0.0, 1.0],
                [0.949097, 0.0, -0.314984, 0.0, -0.0, 1.0, -0.0, 0.3, 0.314984, 0.0, 0.949097, 0.0, 0.0, 0.0, 0.0, 1.0],
                [0.948723, 0.024815, -0.315134, 0.0, -0.036747, 0.998813, -0.031977, 0.3, 0.313966, 0.041917, 0.948509, 0.0, 0.0, 0.0, 0.0, 1.0],
                [0.869413, -0.10635, 0.482504, 0.0, -0.018912, 0.968681, 0.247587, 0.3, -0.493723, -0.22438, 0.840173, 0.0, 0.0, 0.0, 0.0, 1.0],
                [0.877332, -0.127277, 0.462697, -0.0, 0.058727, 0.985416, 0.15971, 0.3, -0.476277, -0.112946, 0.872012, 0.0, 0.0, 0.0, 0.0, 1.0],
                [0.877332, -0.127277, 0.462697, -0.0, 0.058727, 0.985416, 0.15971, 0.3, -0.476277, -0.112946, 0.872012, 0.0, 0.0, 0.0, 0.0, 1.0],
                [0.996909, 0.004476, -0.078441, 0.0, 0.0, 0.998376, 0.056972, 0.3, 0.078568, -0.056796, 0.99529, 0.0, 0.0, 0.0, 0.0, 1.0]
            ]
        },
        {
            "name": "Head",
            "time": [0.0, 0.1667, 0.2833, 0.5167, 0.7, 0.8833, 1.4333],
            "transform": [
                [0.924949, -0.0, 0.380092, -0.0, 0.071368, 0.982214, -0.173673, 0.4, -0.373331, 0.187765, 0.908498, 0.0, 0.0, 0.0, 0.0, 1.0],
                [0.656114, -0.0, 0.754662, -0.0, 0.141699, 0.982214, -0.123195, 0.4, -0.74124, 0.187765, 0.644444, 0.0, 0.0, 0.0, 0.0, 1.0],
                [0.656114, -0.0, 0.754662, -0.0, 0.141699, 0.982214, -0.123195, 0.4, -0.74124, 0.187765, 0.644444, 0.0, 0.0, 0.0, 0.0, 1.0],
                [0.640491, -0.146085, -0.753944, -0.0, -0.172374, 0.929345, -0.326506, 0.4, 0.748371, 0.339085, 0.570055, 0.0, 0.0, 0.0, 0.0, 1.0],
                [0.64049, -0.146085, -0.753944, -0.0, -0.172374, 0.929344, -0.326506, 0.4, 0.748371, 0.339085, 0.570055, 0.0, 0.0, 0.0, 0.0, 1.0],
                [0.640491, -0.146085, -0.753944, 0.0, -0.172374, 0.929344, -0.326506, 0.4, 0.748371, 0.339085, 0.570055, 0.0, 0.0, 0.0, 0.0, 1.0],
                [1.0, 0.0, 0.0, 0.0, -0.0, 0.999699, -0.024548, 0.4, 0.0, 0.024548, 0.999699, 0.0, 0.0, 0.0, 0.0, 1.0]
            ]
        },
        {
            "name": "Shoulder_R",
            "time": [0.0, 0.1667, 0.2833, 0.7, 0.8833, 1.4333],
            "transform": [
                [0.0, 0.952114, 0.305743, -0.0, 0.0, -0.305743, 0.952114, 0.4, 1.0, -0.0, -0.0, 0.0, 0.0, 0.0, 0.0, 1.0],
                [0.0, 0.952114, 0.305743, -0.0, -0.0, -0.305743, 0.952114, 0.4, 1.0, 0.0, -0.0, 0.0, 0.0, 0.0, 0.0, 1.0],
                [0.0, 0.952114, 0.305743, -0.0, 0.0, -0.305743, 0.952114, 0.4, 1.0, 0.0, -0.0, 0.0, 0.0, 0.0, 0.0, 1.0],
                [0.0, 0.952114, 0.305743, -0.0, 0.0, -0.305743, 0.952114, 0.4, 1.0, 0.0, -0.0, 0.0, 0.0, 0.0, 0.0, 1.0],
                [0.0, 0.952114, 0.305743, 0.0, 0.0, -0.305743, 0.952114, 0.4, 1.0, -0.0, -0.0, 0.0, 0.0, 0.0, 0.0, 1.0],
                [-0.004613, 0.951979, 0.306128, 0.0, 0.000526, -0.306129, 0.95199, 0.4, 0.999989, 0.004553, 0.000911, 0.0, 0.0, 0.0, 0.0, 1.0]
            ]
        },
        {
            "name": "Arm_R",
            "time": [0.0, 0.1667, 0.2833, 0.3833, 0.4333, 0.5167, 0.7, 0.7833, 0.8833, 1.1167, 1.4333],
            "transform": [
                [0.230116, 0.473854, -0.850005, -0.0, 0.650341, 0.574888, 0.496547, 0.39386, 0.723949, -0.667057, -0.175876, -0.0, 0.0, 0.0, 0.0, 1.0],
                [0.13912, 0.508072, -0.850005, -0.0, 0.533623, 0.684608, 0.496547, 0.39386, 0.834201, -0.522662, -0.175876, -0.0, 0.0, 0.0, 0.0, 1.0],
                [0.170624, 0.568287, -0.804946, -0.0, 0.590381, 0.595088, 0.545271, 0.39386, 0.788884, -0.568261, -0.233969, -0.0, 0.0, 0.0, 0.0, 1.0],
                [0.095373, -0.885854, -0.454055, -0.0, 0.208645, 0.463792, -0.861025, 0.393861, 0.97333, -0.012617, 0.229062, -0.0, 0.0, 0.0, 0.0, 1.0],
                [0.477588, -0.688437, -0.54586, -0.0, -0.253985, 0.486585, -0.835899, 0.39386, 0.841071, 0.537856, 0.057535, -0.0, 0.0, 0.0, 0.0, 1.0],
                [0.337673, -0.386556, -0.858226, 0.0, -0.424235, 0.751419, -0.505366, 0.39386, 0.840239, 0.534738, 0.089744, -0.0, 0.0, 0.0, 0.0, 1.0],
                [0.337673, -0.525819, -0.780699, 0.0, -0.424235, 0.655377, -0.624904, 0.39386, 0.840239, 0.542214, -0.001767, 0.0, 0.0, 0.0, 0.0, 1.0],
                [0.337673, -0.525819, -0.780699, -0.0, -0.424235, 0.655377, -0.624904, 0.39386, 0.840239, 0.542214, -0.001767, 0.0, 0.0, 0.0, 0.0, 1.0],
                [0.568043, -0.753893, -0.330109, -0.0, -0.171176, 0.284106, -0.943389, 0.393861, 0.805, 0.592393, 0.032336, -0.0, 0.0, 0.0, 0.0, 1.0],
                [0.234991, 0.491414, -0.838625, 0.0, 0.030321, 0.858659, 0.51165, 0.393861, 0.971525, -0.14566, 0.186877, -0.0, 0.0, 0.0, 0.0, 1.0],
                [0.321295, -0.012615, -0.946895, 0.0, 0.869433, 0.400215, 0.28968, 0.393861, 0.375307, -0.916334, 0.139555, 0.0, 0.0, 0.0, 0.0, 1.0]
            ]
        },
        {
            "name": "Hand_R",
            "time": [0.0, 0.1667, 0.2833, 0.3833, 0.5167, 0.7, 0.8833, 1.1167, 1.4333],
            "transform": [
                [1.0, 0.0, 0.0, 0.0, 0.0, 0.912101, -0.409966, 0.3, -0.0, 0.409966, 0.912101, 0.0, 0.0, 0.0, 0.0, 1.0],
                [1.0, 0.0, 0.0, -0.0, -0.0, 0.912101, -0.409966, 0.3, -0.0, 0.409966, 0.912101, -0.0, 0.0, 0.0, 0.0, 1.0],
                [1.0, 0.0, 0.0, -0.0, -0.0, 0.912101, -0.409966, 0.3, -0.0, 0.409966, 0.912101, 0.0, 0.0, 0.0, 0.0, 1.0],
                [1.0, 0.0, -0.0, -0.0, -0.0, 0.656287, -0.754512, 0.3, -0.0, 0.754512, 0.656287, 0.0, 0.0, 0.0, 0.0, 1.0],
                [1.0, 0.0, 0.0, -0.0, -0.0, 0.893191, -0.449678, 0.3, -0.0, 0.449678, 0.893191, 0.0, 0.0, 0.0, 0.0, 1.0],
                [1.0, 0.0, -0.0, 0.0, -0.0, 0.989484, -0.144643, 0.3, 0.0, 0.144643, 0.989484, -0.0, 0.0, 0.0, 0.0, 1.0],
                [1.0, 0.0, -0.0, 0.0, -0.0, 0.759809, -0.650146, 0.3, -0.0, 0.650146, 0.759809, -0.0, 0.0, 0.0, 0.0, 1.0],
                [1.0, 0.0, 0.0, -0.0, -0.0, 0.748823, -0.66277, 0.3, -0.0, 0.66277, 0.748823, 0.0, 0.0, 0.0, 0.0, 1.0],
                [1.0, -0.0, 0.0, 0.0, 0.0, 0.999999, -0.001508, 0.3, -0.0, 0.001508, 0.999999, 0.0, 0.0, 0.0, 0.0, 1.0]
            ]
        },
        {
            "name": "Tool_R",
            "time": [0.0, 0.1667, 0.2833, 0.4333, 0.5167, 0.7, 0.8833, 1.0, 1.1167, 1.25, 1.4333],
            "transform": [
                [1.0, -0.0, 0.0, 0.0, 0.0, -0.940256, -0.340469, 0.197299, 0.0, 0.340257, -0.939703, -0.268856, 0.0, 0.0, 0.0, 1.0],
                [1.0, 0.0, 0.0, 0.0, 0.0, -0.940256, -0.340469, 0.197299, 0.0, 0.340257, -0.939703, -0.268856, 0.0, 0.0, 0.0, 1.0],
                [1.0, -0.0, 0.0, 0.0, -0.0, -0.940256, -0.340469, 0.197299, 0.0, 0.340257, -0.939703, -0.268856, 0.0, 0.0, 0.0, 1.0],
                [1.0, -0.0, -0.0, 0.0, 0.0, 0.5638, -0.825911, 0.17345, 0.0, 0.825429, 0.563457, 0.000218, 0.0, 0.0, 0.0, 1.0],
                [1.0, -0.0, 0.0, 0.0, 0.0, 0.447203, -0.894433, 0.16258, 0.0, 0.893909, 0.446928, 0.12285, 0.0, 0.0, 0.0, 1.0],
                [1.0, -0.0, 0.0, 0.0, 0.0, 0.205903, -0.978573, 0.16258, 0.0, 0.977996, 0.20577, 0.12285, 0.0, 0.0, 0.0, 1.0],
                [1.0, -0.0, 0.0, -0.0, 0.0, 0.205903, -0.978573, 0.16258, 0.0, 0.977996, 0.20577, 0.12285, 0.0, 0.0, 0.0, 1.0],
                [1.0, -0.0, 0.0, 0.0, 0.0, 0.602023, -0.798479, 0.168814, 0.0, 0.798013, 0.601658, 0.052513, 0.0, 0.0, 0.0, 1.0],
                [0.820468, 0.000177, -0.571692, -0.0, 0.2794, 0.872315, 0.401252, 0.297422, 0.498474, -0.488647, 0.715237, 0.223713, 0.0, 0.0, 0.0, 1.0],
                [0.841431, -0.000179, -0.540365, -0.0, 0.424617, -0.618267, 0.661398, 0.365376, -0.334005, -0.78551, -0.519838, 0.005528, 0.0, 0.0, 0.0, 1.0],
                [1.0, 0.0, -0.0, -0.0, 0.0, -0.987593, -0.15704, 0.201812, -0.0, 0.156936, -0.987009, -0.171559, 0.0, 0.0, 0.0, 1.0]
            ]
        },
        {
            "name": "Elbow_R",
            "time": [0.0, 0.1667, 0.2833, 0.7, 0.8833, 1.4333],
            "transform": [
                [-1.0, 0.0, -0.0, 0.000596, 0.0, -0.051668, -0.998664, 0.333749, -0.0, -0.998664, 0.051668, 0.00175, 0.0, 0.0, 0.0, 1.0],
                [-1.0, 0.0, 0.0, 0.000596, 0.0, -0.051668, -0.998664, 0.333748, -0.0, -0.998664, 0.051668, 0.00175, 0.0, 0.0, 0.0, 1.0],
                [-1.0, 0.0, 0.0, 0.000596, -0.0, -0.051668, -0.998664, 0.333748, -0.0, -0.998664, 0.051668, 0.00175, 0.0, 0.0, 0.0, 1.0],
                [-1.0, 0.0, 0.0, 0.000596, -0.0, -0.051668, -0.998664, 0.333749, -0.0, -0.998664, 0.051668, 0.00175, 0.0, 0.0, 0.0, 1.0],
                [-1.0, 0.0, -0.0, 0.000596, -0.0, -0.051668, -0.998664, 0.333748, -0.0, -0.998664, 0.051668, 0.00175, 0.0, 0.0, 0.0, 1.0],
                [-1.0, 0.0, 0.0, 0.0, -0.0, 0.137951, -0.990439, 0.3, -0.0, -0.990439, -0.137951, 0.0, 0.0, 0.0, 0.0, 1.0]
            ]
        },
        {
            "name": "Shoulder_L",
            "time": [0.0, 0.1667, 0.2833, 0.7, 0.8833, 1.4333],
            "transform": [
                [-0.0, -0.952114, -0.305743, -0.0, 0.0, -0.305743, 0.952114, 0.4, -1.0, 0.0, 0.0, 0.0, 0.0, 0.0, 0.0, 1.0],
                [-0.0, -0.952114, -0.305743, -0.0, 0.0, -0.305743, 0.952114, 0.4, -1.0, 0.0, 0.0, 0.0, 0.0, 0.0, 0.0, 1.0],
                [-0.0, -0.952114, -0.305743, -0.0, 0.0, -0.305743, 0.952114, 0.4, -1.0, 0.0, 0.0, 0.0, 0.0, 0.0, 0.0, 1.0],
                [-0.0, -0.952114, -0.305743, -0.0, 0.0, -0.305743, 0.952114, 0.4, -1.0, -0.0, 0.0, 0.0, 0.0, 0.0, 0.0, 1.0],
                [-0.0, -0.952114, -0.305743, 0.0, 0.0, -0.305743, 0.952114, 0.4, -1.0, 0.0, 0.0, 0.0, 0.0, 0.0, 0.0, 1.0],
                [0.004613, -0.934562, -0.35577, 0.0, 0.000524, -0.355771, 0.934573, 0.4, -0.999989, -0.004498, -0.001151, 0.0, 0.0, 0.0, 0.0, 1.0]
            ]
        },
        {
            "name": "Arm_L",
            "time": [0.0, 0.1667, 0.2833, 0.5167, 0.7, 0.8833, 1.4333],
            "transform": [
                [-0.403093, 0.254764, 0.878983, 0.0, -0.471139, 0.765642, -0.437973, 0.39386, -0.784566, -0.590667, -0.188596, 0.0, 0.0, 0.0, 0.0, 1.0],
                [-0.403093, 0.254764, 0.878983, 0.0, -0.471139, 0.765642, -0.437973, 0.39386, -0.784566, -0.590667, -0.188596, -0.0, 0.0, 0.0, 0.0, 1.0],
                [-0.403093, 0.254764, 0.878983, 0.0, -0.471139, 0.765642, -0.437973, 0.39386, -0.784566, -0.590667, -0.188596, -0.0, 0.0, 0.0, 0.0, 1.0],
                [-0.091022, -0.211333, 0.973167, 0.0, 0.234129, 0.94529, 0.227178, 0.39386, -0.967935, 0.248524, -0.036563, -0.0, 0.0, 0.0, 0.0, 1.0],
                [-0.130415, -0.260917, 0.956511, -0.0, 0.291424, 0.912045, 0.288521, 0.393861, -0.947662, 0.316377, -0.042907, -0.0, 0.0, 0.0, 0.0, 1.0],
                [-0.130414, -0.260917, 0.956512, 0.0, 0.291424, 0.912046, 0.288521, 0.39386, -0.947662, 0.316377, -0.042907, 0.0, 0.0, 0.0, 0.0, 1.0],
                [0.39346, -0.060643, 0.917339, 0.0, -0.810023, 0.44905, 0.377116, 0.39386, -0.434801, -0.891446, 0.127562, 0.0, 0.0, 0.0, 0.0, 1.0]
            ]
        },
        {
            "name": "Hand_L",
            "time": [0.0, 0.1667, 0.2833, 0.7, 0.8833, 1.4333],
            "transform": [
                [1.0, -0.0, 0.0, -0.0, 0.0, 0.839442, -0.54345, 0.3, -0.0, 0.54345, 0.839442, 0.0, 0.0, 0.0, 0.0, 1.0],
                [1.0, -0.0, 0.0, -0.0, 0.0, 0.839442, -0.54345, 0.3, -0.0, 0.54345, 0.839442, 0.0, 0.0, 0.0, 0.0, 1.0],
                [1.0, -0.0, 0.0, -0.0, 0.0, 0.839442, -0.54345, 0.3, -0.0, 0.54345, 0.839442, -0.0, 0.0, 0.0, 0.0, 1.0],
                [1.0, -0.0, 0.0, -0.0, 0.0, 0.839442, -0.54345, 0.3, 0.0, 0.54345, 0.839442, -0.0, 0.0, 0.0, 0.0, 1.0],
                [1.0, -0.0, 0.0, -0.0, 0.0, 0.839442, -0.54345, 0.3, 0.0, 0.54345, 0.839442, 0.0, 0.0, 0.0, 0.0, 1.0],
                [1.0, 0.0, 0.0, 0.0, -0.0, 0.997875, 0.065166, 0.3, -0.0, -0.065166, 0.997875, -0.0, 0.0, 0.0, 0.0, 1.0]
            ]
        },
        {
            "name": "Tool_L",
            "time": [0.0, 0.1667, 0.2833, 0.7, 0.8833, 1.4333],
            "transform": [
                [1.0, 0.0, 0.0, 0.0, 0.0, -0.989974, -0.141246, 0.251107, 0.0, 0.141152, -0.989394, -0.203281, 0.0, 0.0, 0.0, 1.0],
                [1.0, 0.0, 0.0, 0.0, 0.0, -0.989974, -0.141246, 0.251107, 0.0, 0.141152, -0.989394, -0.203281, 0.0, 0.0, 0.0, 1.0],
                [1.0, 0.0, 0.0, 0.0, 0.0, -0.989974, -0.141246, 0.251107, 0.0, 0.141152, -0.989394, -0.203281, 0.0, 0.0, 0.0, 1.0],
                [1.0, -0.0, 0.0, -0.0, 0.0, -0.989975, -0.141246, 0.251107, 0.0, 0.141152, -0.989394, -0.203281, 0.0, 0.0, 0.0, 1.0],
                [1.0, 0.0, 0.0, 0.0, 0.0, -0.989974, -0.141246, 0.251107, 0.0, 0.141152, -0.989394, -0.203281, 0.0, 0.0, 0.0, 1.0],
                [1.0, 0.0, 0.0, 0.0, 0.0, -0.989974, -0.141246, 0.251107, 0.0, 0.141152, -0.989394, -0.203281, 0.0, 0.0, 0.0, 1.0]
            ]
        },
        {
            "name": "Elbow_L",
            "time": [0.0, 0.1667, 0.2833, 0.7, 0.8833, 1.4333],
            "transform": [
                [-1.0, 0.0, -0.0, 0.000226, 0.0, -0.0, -1.0, 0.327812, -0.0, -1.0, -0.0, -0.000541, 0.0, 0.0, 0.0, 1.0],
                [-1.0, 0.0, -0.0, 0.000226, -0.0, -0.0, -1.0, 0.327812, -0.0, -1.0, -0.0, -0.000541, 0.0, 0.0, 0.0, 1.0],
                [-1.0, 0.0, -0.0, 0.000226, -0.0, -0.0, -1.0, 0.327812, -0.0, -1.0, -0.0, -0.000541, 0.0, 0.0, 0.0, 1.0],
                [-1.0, 0.0, -0.0, 0.000226, 0.0, -0.0, -1.0, 0.327812, -0.0, -1.0, 0.0, -0.000541, 0.0, 0.0, 0.0, 1.0],
                [-1.0, 0.0, -0.0, 0.000226, 0.0, 0.0, -1.0, 0.327812, -0.0, -1.0, -0.0, -0.000541, 0.0, 0.0, 0.0, 1.0],
                [-1.0, 0.0, -0.0, 0.0, 0.0, -0.0, -1.0, 0.3, -0.0, -1.0, -0.0, -0.0, 0.0, 0.0, 0.0, 1.0]
            ]
        }
    ]
}