{
    "animation": [
        {
            "name": "Root",
            "time": [0.0, 0.1167, 0.2333, 0.3667, 0.4167, 0.45, 0.4833, 0.5167, 0.55, 0.7333, 1.0333],
            "transform": [
                [0.731985, -0.001637, 0.681318, -5e-06, 0.680401, 0.053698, -0.73087, -0.070452, -0.035389, 0.998556, 0.04042, 0.494049, 0.0, 0.0, 0.0, 1.0],
                [0.76019, 0.412503, -0.501949, -0.18744, -0.572901, 0.061218, -0.817335, 0.481824, -0.306425, 0.908897, 0.282861, 0.780599, 0.0, 0.0, 0.0, 1.0],
                [-0.642525, 0.296558, -0.706551, -0.075624, -0.762922, -0.333621, 0.553757, 0.719994, -0.071499, 0.894847, 0.44061, 1.031059, 0.0, 0.0, 0.0, 1.0],
                [-0.809327, 0.287179, -0.512365, -0.075624, -0.587358, -0.394801, 0.7065, 0.719994, 0.00061, 0.872731, 0.4882, 1.031059, 0.0, 0.0, 0.0, 1.0],
                [-0.983677, 0.123011, -0.131331, -0.061578, -0.170719, -0.407303, 0.897195, 0.768154, 0.056874, 0.904971, 0.421655, 0.957833, 0.0, 0.0, 0.0, 1.0],
                [-0.85861, -0.119009, 0.498625, -0.04112, 0.512427, -0.226602, 0.828293, 0.839469, 0.014415, 0.966689, 0.255546, 0.847383, 0.0, 0.0, 0.0, 1.0],
                [-0.009655, -0.138236, 0.990352, -0.017797, 0.972764, 0.228084, 0.04132, 0.921668, -0.231596, 0.963778, 0.132269, 0.718556, 0.0, 0.0, 0.0, 1.0],
                [0.674989, 0.140578, 0.724312, 0.001352, 0.610303, 0.445292, -0.655168, 0.990945, -0.414632, 0.884281, 0.214772, 0.606979, 0.0, 0.0, 0.0, 1.0],
                [0.853395, 0.312102, 0.417504, 0.010018, 0.262562, 0.434547, -0.861528, 1.026273, -0.45031, 0.844844, 0.288894, 0.543582, 0.0, 0.0, 0.0, 1.0],
                [0.896192, 0.43763, 0.072943, 0.010018, -0.084997, 0.330717, -0.939894, 1.040359, -0.43545, 0.836126, 0.333583, 0.497869, 0.0, 0.0, 0.0, 1.0],
                [0.973599, 0.044921, -0.223802, -0.092085, -0.219567, -0.083784, -0.971993, 0.302429, -0.062414, 0.995471, -0.071709, 0.77507, 0.0, 0.0, 0.0, 1.0]
            ]
        },
        {
            "name": "Thigh_R",
            "time": [0.0, 0.1167, 0.2333, 0.3667, 0.55, 0.7333, 0.85, 1.0333],
            "transform": [
                [0.703065, 0.670282, 0.237529, 0.124994, 0.064714, -0.392937, 0.917285, -0.002831, 0.708175, -0.629538, -0.319638, -1.2e-05, 0.0, 0.0, 0.0, 1.0],
                [0.851582, 0.518422, -0.077743, 0.124994, 0.432144, -0.610294, 0.663921, -0.002831, 0.296746, -0.598979, -0.743751, -1.2e-05, 0.0, 0.0, 0.0, 1.0],
                [0.709943, 0.525365, 0.469011, 0.124994, 0.069111, -0.714718, 0.695988, -0.002831, 0.700859, -0.461697, -0.54372, -1.2e-05, 0.0, 0.0, 0.0, 1.0],
                [0.709943, 0.525365, 0.469011, 0.124994, 0.069111, -0.714718, 0.695988, -0.002831, 0.700859, -0.461697, -0.54372, -1.2e-05, 0.0, 0.0, 0.0, 1.0],
                [0.524813, 0.581261, 0.621857, 0.124994, 0.631335, -0.755814, 0.173663, -0.002831, 0.570952, 0.30146, -0.763633, -1.2e-05, 0.0, 0.0, 0.0, 1.0],
                [0.493674, 0.569748, 0.657017, 0.124994, 0.716028, -0.695062, 0.064727, -0.002831, 0.493547, 0.438488, -0.751092, -1.2e-05, 0.0, 0.0, 0.0, 1.0],
                [0.706955, 0.700312, 0.098873, 0.124994, 0.525805, -0.613913, 0.588759, -0.002831, 0.473015, -0.364237, -0.802239, -1.2e-05, 0.0, 0.0, 0.0, 1.0],
                [0.979052, 0.105005, 0.174444, 0.124994, 0.052905, -0.958524, 0.280052, -0.002831, 0.196616, -0.264956, -0.944003, -1.2e-05, 0.0, 0.0, 0.0, 1.0]
            ]
        },
        {
            "name": "Leg_R",
            "time": [0.0, 0.2333, 0.3667, 0.55, 0.7333, 0.85, 1.0333],
            "transform": [
                [1.0, 0.0, 2e-06, 0.0, -1e-06, 0.783227, 0.621736, 0.37472, -1e-06, -0.621737, 0.783226, 0.0, 0.0, 0.0, 0.0, 1.0],
                [1.0, 1e-06, 2e-06, 0.0, -1e-06, 0.850137, 0.526562, 0.37472, -1e-06, -0.526563, 0.850136, -0.0, 0.0, 0.0, 0.0, 1.0],
                [1.0, 1e-06, 2e-06, -0.0, -2e-06, 0.850137, 0.526562, 0.37472, -1e-06, -0.526563, 0.850136, 0.0, 0.0, 0.0, 0.0, 1.0],
                [1.0, 1e-06, 2e-06, -0.0, -1e-06, 0.850137, 0.526562, 0.37472, -1e-06, -0.526563, 0.850136, -0.0, 0.0, 0.0, 0.0, 1.0],
                [1.0, 1e-06, 2e-06, -0.0, -1e-06, 0.850137, 0.526562, 0.37472, -1e-06, -0.526563, 0.850136, -0.0, 0.0, 0.0, 0.0, 1.0],
                [1.0, -1e-06, 1e-06, -0.0, -1e-06, 0.289905, 0.957055, 0.37472, -1e-06, -0.957056, 0.289905, 0.0, 0.0, 0.0, 0.0, 1.0],
                [1.0, 0.0, 1e-06, 0.0, -0.0, 0.955943, 0.293556, 0.37472, -1e-06, -0.293556, 0.955941, -0.0, 0.0, 0.0, 0.0, 1.0]
            ]
        },
        {
            "name": "Knee_R",
            "time": [0.0, 0.2333, 0.3667, 0.55, 0.7333, 1.0333],
            "transform": [
                [1.0, -0.0, -0.0, -0.000179, -0.0, -0.397195, -0.917734, 0.436391, -0.0, 0.917734, -0.397195, -0.000613, 0.0, 0.0, 0.0, 1.0],
                [1.0, -0.0, -0.0, -0.00017, -0.0, -0.378181, -0.925732, 0.433683, 0.0, 0.925732, -0.378181, -0.000666, 0.0, 0.0, 0.0, 1.0],
                [1.0, -0.0, -0.0, -0.00017, -0.0, -0.378181, -0.925732, 0.433683, -0.0, 0.925732, -0.378181, -0.000666, 0.0, 0.0, 0.0, 1.0],
                [1.0, -0.0, -0.0, -0.00017, -0.0, -0.378181, -0.925732, 0.433683, -0.0, 0.925732, -0.378181, -0.000666, 0.0, 0.0, 0.0, 1.0],
                [1.0, -0.0, -0.0, -0.00017, -0.0, -0.378181, -0.925732, 0.433683, -0.0, 0.925732, -0.378181, -0.000666, 0.0, 0.0, 0.0, 1.0],
                [1.0, 0.0, -0.0, 0.0, -0.0, 1e-06, -1.0, 0.383077, -0.0, 1.0, 1e-06, -0.001653, 0.0, 0.0, 0.0, 1.0]
            ]
        },
        {
            "name": "Thigh_L",
            "time": [0.0, 0.1167, 0.2333, 0.3667, 0.4667, 0.55, 0.7333, 0.85, 1.0333],
            "transform": [
                [0.720945, -0.541056, 0.433007, -0.125006, -0.164471, -0.740576, -0.651533, -0.002831, 0.673191, 0.398504, -0.622903, -1.2e-05, 0.0, 0.0, 0.0, 1.0],
                [0.69965, -0.297683, 0.649518, -0.125006, -0.406442, -0.913475, 0.019155, -0.002831, 0.587617, -0.277394, -0.760104, -1.2e-05, 0.0, 0.0, 0.0, 1.0],
                [0.732501, 0.49836, 0.463766, -0.125006, -0.169659, -0.526108, 0.833322, -0.002831, 0.659285, -0.689092, -0.300824, -1.2e-05, 0.0, 0.0, 0.0, 1.0],
                [0.884999, 0.041189, 0.463766, -0.125006, -0.419955, -0.359459, 0.833322, -0.002831, 0.201028, -0.932251, -0.300824, -1.2e-05, 0.0, 0.0, 0.0, 1.0],
                [0.912801, 0.220494, -0.343768, -0.125006, 0.366257, -0.069543, 0.927911, -0.002831, 0.180692, -0.972906, -0.144236, -1.2e-05, 0.0, 0.0, 0.0, 1.0],
                [0.99307, 0.097552, 0.065525, -0.125006, -0.026012, -0.361277, 0.932095, -0.002831, 0.1146, -0.927341, -0.356237, -1.2e-05, 0.0, 0.0, 0.0, 1.0],
                [0.951459, 0.004423, -0.307742, -0.125006, 0.29107, -0.337862, 0.895057, -0.002831, -0.100016, -0.941185, -0.32275, -1.2e-05, 0.0, 0.0, 0.0, 1.0],
                [0.951645, -0.032509, -0.305472, -0.125006, 0.215884, -0.636666, 0.740304, -0.002831, -0.21855, -0.770454, -0.598863, -1.2e-05, 0.0, 0.0, 0.0, 1.0],
                [0.95515, -0.069461, -0.287858, -0.125006, -0.059939, -0.997328, 0.041774, -0.002831, -0.28999, -0.022646, -0.956761, -1.2e-05, 0.0, 0.0, 0.0, 1.0]
            ]
        },
        {
            "name": "Leg_L",
            "time": [0.0, 0.1167, 0.2333, 0.3667, 0.4667, 0.55, 0.7333, 1.0333],
            "transform": [
                [1.0, -0.0, 1e-06, -0.0, 0.0, 0.944116, 0.329613, 0.37472, -1e-06, -0.329613, 0.944117, 0.0, 0.0, 0.0, 0.0, 1.0],
                [1.0, -1e-06, 1e-06, 0.0, 0.0, 0.571397, 0.820674, 0.37472, -1e-06, -0.820673, 0.571397, -0.0, 0.0, 0.0, 0.0, 1.0],
                [1.0, -1e-06, 1e-06, -0.0, -0.0, 0.64638, 0.763016, 0.37472, -1e-06, -0.763015, 0.646381, -0.0, 0.0, 0.0, 0.0, 1.0],
                [1.0, -1e-06, 1e-06, -0.0, -0.0, 0.64638, 0.763016, 0.37472, -1e-06, -0.763015, 0.646381, 0.0, 0.0, 0.0, 0.0, 1.0],
                [1.0, -1e-06, 1e-06, -0.0, -0.0, 0.442816, 0.896613, 0.37472, -1e-06, -0.896612, 0.442817, -0.0, 0.0, 0.0, 0.0, 1.0],
                [1.0, -1e-06, 1e-06, 0.0, -0.0, 0.64638, 0.763016, 0.37472, -1e-06, -0.763015, 0.646381, 0.0, 0.0, 0.0, 0.0, 1.0],
                [1.0, -1e-06, 1e-06, 0.0, -0.0, 0.64638, 0.763016, 0.37472, -1e-06, -0.763015, 0.646381, -0.0, 0.0, 0.0, 0.0, 1.0],
                [1.0, 0.0, 1e-06, -0.0, -0.0, 0.987328, 0.158689, 0.37472, -1e-06, -0.158689, 0.987329, -0.0, 0.0, 0.0, 0.0, 1.0]
            ]
        },
        {
            "name": "Knee_L",
            "time": [0.0, 0.2333, 0.3667, 0.55, 0.7333, 1.0333],
            "transform": [
                [1.0, 0.0, -0.0, -0.0, -0.0, 0.340932, -0.940088, 0.37472, -0.0, 0.940088, 0.340932, 0.0, 0.0, 0.0, 0.0, 1.0],
                [1.0, 0.0, -0.0, -0.0, -0.0, 0.324336, -0.945942, 0.37472, -0.0, 0.945942, 0.324336, -0.0, 0.0, 0.0, 0.0, 1.0],
                [1.0, 0.0, -0.0, -0.0, -0.0, 0.324336, -0.945942, 0.37472, -0.0, 0.945942, 0.324336, 0.0, 0.0, 0.0, 0.0, 1.0],
                [1.0, 0.0, -0.0, 0.0, -0.0, 0.324336, -0.945942, 0.37472, -0.0, 0.945942, 0.324336, 0.0, 0.0, 0.0, 0.0, 1.0],
                [1.0, 0.0, -0.0, 0.0, -0.0, 0.324336, -0.945942, 0.37472, -0.0, 0.945942, 0.324336, -0.0, 0.0, 0.0, 0.0, 1.0],
                [1.0, 0.0, -0.0, -0.0, -0.0, 1e-06, -1.0, 0.37472, -0.0, 1.0, 1e-06, -0.0, 0.0, 0.0, 0.0, 1.0]
            ]
        },
        {
            "name": "Torso",
            "time": [0.0, 0.2333, 0.3667, 0.55, 0.7333, 1.0333],
            "transform": [
                [0.946418, 0.185678, -0.264229, -0.0, -0.08141, 0.928935, 0.361182, 0.05, 0.312515, -0.320318, 0.894277, -0.0, 0.0, 0.0, 0.0, 1.0],
                [0.668904, -0.332029, -0.665074, 0.0, 0.118701, 0.93093, -0.345368, 0.05, 0.73381, 0.152073, 0.662115, -0.0, 0.0, 0.0, 0.0, 1.0],
                [0.538279, -0.332029, -0.774605, 0.0, 0.054603, 0.93093, -0.361093, 0.05, 0.840996, 0.152073, 0.51923, -0.0, 0.0, 0.0, 0.0, 1.0],
                [0.82004, -0.332029, -0.466145, -0.0, 0.205205, 0.93093, -0.302093, 0.05, 0.534252, 0.152073, 0.831534, -0.0, 0.0, 0.0, 0.0, 1.0],
                [0.857409, -0.332029, -0.393201, 0.0, 0.230654, 0.93093, -0.28314, 0.05, 0.460053, 0.152073, 0.874772, 0.0, 0.0, 0.0, 0.0, 1.0],
                [0.996512, -0.002664, 0.083404, -0.0, 0.0, 0.99949, 0.031925, 0.05, -0.083446, -0.031814, 0.996004, -0.0, 0.0, 0.0, 0.0, 1.0]
            ]
        },
        {
            "name": "Chest",
            "time": [0.0, 0.2333, 0.3667, 0.55, 0.7333, 0.85, 1.0333],
            "transform": [
                [0.877332, -0.127277, 0.462697, 0.0, 0.058727, 0.985416, 0.15971, 0.3, -0.476277, -0.112946, 0.872012, -0.0, 0.0, 0.0, 0.0, 1.0],
                [0.885816, -0.124564, 0.447005, 0.0, 0.059351, 0.985799, 0.157091, 0.3, -0.460225, -0.112623, 0.88063, 0.0, 0.0, 0.0, 0.0, 1.0],
                [0.8563, -0.110068, 0.504614, -0.0, 0.129595, 0.99156, -0.003632, 0.3, -0.499955, 0.068505, 0.863338, 0.0, 0.0, 0.0, 0.0, 1.0],
                [0.870465, 0.106879, -0.480487, 0.0, 0.025645, 0.964969, 0.261107, 0.3, 0.491562, -0.239607, 0.837231, -0.0, 0.0, 0.0, 0.0, 1.0],
                [0.758515, 0.175395, -0.627608, -0.0, 0.039259, 0.949049, 0.312674, 0.3, 0.650472, -0.261807, 0.712982, -0.0, 0.0, 0.0, 0.0, 1.0],
                [0.85078, 0.201598, -0.485317, 0.0, 0.13117, 0.812802, 0.567581, 0.3, 0.508889, -0.546545, 0.665071, 0.0, 0.0, 0.0, 0.0, 1.0],
                [0.996909, 0.004476, -0.078441, 0.0, 0.0, 0.998376, 0.056972, 0.3, 0.078568, -0.056796, 0.99529, 0.0, 0.0, 0.0, 0.0, 1.0]
            ]
        },
        {
            "name": "Head",
            "time": [0.0, 0.2333, 0.3667, 0.55, 0.7333, 1.0333],
            "transform": [
                [0.64049, -0.146085, -0.753944, -0.0, -0.172374, 0.929344, -0.326506, 0.4, 0.748371, 0.339085, 0.570055, -0.0, 0.0, 0.0, 0.0, 1.0],
                [0.86031, 0.089802, 0.501799, -0.0, -0.021084, 0.989787, -0.140985, 0.4, -0.509335, 0.110711, 0.853418, 0.0, 0.0, 0.0, 0.0, 1.0],
                [0.86031, 0.089802, 0.501799, 0.0, -0.021084, 0.989787, -0.140985, 0.4, -0.509335, 0.110711, 0.853418, -0.0, 0.0, 0.0, 0.0, 1.0],
                [0.641362, 0.089802, 0.761965, -0.0, 0.027573, 0.989787, -0.139861, 0.4, -0.766743, 0.110711, 0.632336, 0.0, 0.0, 0.0, 0.0, 1.0],
                [0.588916, 0.089802, 0.803189, 0.0, 0.036873, 0.989787, -0.137701, 0.4, -0.807352, 0.110711, 0.57959, -0.0, 0.0, 0.0, 0.0, 1.0],
                [1.0, 0.0, 0.0, 0.0, -0.0, 0.999699, -0.024548, 0.4, -0.0, 0.024548, 0.999699, -0.0, 0.0, 0.0, 0.0, 1.0]
            ]
        },
        {
            "name": "Shoulder_R",
            "time": [0.0, 0.2333, 0.3667, 0.55, 0.7333, 1.0333],
            "transform": [
                [0.0, 0.952114, 0.305743, -0.0, 0.0, -0.305743, 0.952114, 0.4, 1.0, 0.0, -0.0, -0.0, 0.0, 0.0, 0.0, 1.0],
                [-0.000234, 0.952107, 0.305763, -0.0, 2.7e-05, -0.305763, 0.952108, 0.4, 1.0, 0.000231, 4.6e-05, 0.0, 0.0, 0.0, 0.0, 1.0],
                [-0.000234, 0.952107, 0.305763, 0.0, 2.7e-05, -0.305763, 0.952108, 0.4, 1.0, 0.000231, 4.6e-05, -0.0, 0.0, 0.0, 0.0, 1.0],
                [-0.000234, 0.952107, 0.305763, -0.0, 2.7e-05, -0.305763, 0.952108, 0.4, 1.0, 0.000231, 4.6e-05, 0.0, 0.0, 0.0, 0.0, 1.0],
                [-0.000234, 0.952107, 0.305763, 0.0, 2.7e-05, -0.305763, 0.952108, 0.4, 1.0, 0.000231, 4.6e-05, -0.0, 0.0, 0.0, 0.0, 1.0],
                [-0.004613, 0.951979, 0.306128, 0.0, 0.000526, -0.306129, 0.95199, 0.4, 0.999989, 0.004553, 0.000911, -0.0, 0.0, 0.0, 0.0, 1.0]
            ]
        },
        {
            "name": "Arm_R",
            "time": [0.0, 0.2333, 0.3667, 0.4333, 0.5, 0.55, 0.7333, 0.85, 1.0333],
            "transform": [
                [0.337673, -0.525819, -0.780699, 0.0, -0.424235, 0.655377, -0.624904, 0.39386, 0.840239, 0.542214, -0.001767, -0.0, 0.0, 0.0, 0.0, 1.0],
                [0.332181, -0.940462, -0.07202, 0.0, -0.431464, -0.08361, -0.898247, 0.39386, 0.838746, 0.329455, -0.433549, 0.0, 0.0, 0.0, 0.0, 1.0],
                [0.332181, -0.94185, 0.050745, -0.0, -0.431464, -0.199573, -0.879778, 0.393861, 0.838746, 0.270351, -0.472668, -0.0, 0.0, 0.0, 0.0, 1.0],
                [0.489433, -0.832029, -0.26112, -0.0, -0.351544, 0.085775, -0.932233, 0.39386, 0.798042, 0.548061, -0.250514, 0.0, 0.0, 0.0, 0.0, 1.0],
                [-0.027129, -0.684103, -0.728881, 0.0, 0.679437, 0.522214, -0.515421, 0.393861, 0.733232, -0.509211, 0.450638, 0.0, 0.0, 0.0, 0.0, 1.0],
                [0.070871, -0.194643, -0.97831, -0.0, 0.35036, 0.923143, -0.158286, 0.393861, 0.93393, -0.331543, 0.133619, -0.0, 0.0, 0.0, 0.0, 1.0],
                [0.153327, 0.04774, -0.987022, 0.0, 0.460671, 0.880202, 0.114136, 0.39386, 0.874227, -0.472192, 0.112966, 0.0, 0.0, 0.0, 0.0, 1.0],
                [0.248529, 0.37756, -0.89201, 0.0, 0.664791, 0.603282, 0.440572, 0.39386, 0.704476, -0.702495, -0.101065, -0.0, 0.0, 0.0, 0.0, 1.0],
                [0.321295, -0.012615, -0.946895, 0.0, 0.869433, 0.400215, 0.289679, 0.393861, 0.375307, -0.916334, 0.139555, 0.0, 0.0, 0.0, 0.0, 1.0]
            ]
        },
        {
            "name": "Hand_R",
            "time": [0.0, 0.2333, 0.3667, 0.55, 0.7333, 1.0333],
            "transform": [
                [1.0, 0.0, -0.0, 0.0, -0.0, 0.989484, -0.144643, 0.3, 0.0, 0.144643, 0.989484, -0.0, 0.0, 0.0, 0.0, 1.0],
                [1.0, 0.0, -0.0, 0.0, -0.0, 0.981418, -0.191883, 0.3, 0.0, 0.191882, 0.981418, 0.0, 0.0, 0.0, 0.0, 1.0],
                [1.0, 0.0, -0.0, 0.0, -0.0, 0.981418, -0.191882, 0.3, 0.0, 0.191882, 0.981418, -0.0, 0.0, 0.0, 0.0, 1.0],
                [1.0, 0.0, -0.0, 0.0, -0.0, 0.981418, -0.191882, 0.3, -0.0, 0.191883, 0.981418, -0.0, 0.0, 0.0, 0.0, 1.0],
                [1.0, 0.0, 0.0, 0.0, -0.0, 0.981418, -0.191882, 0.3, 0.0, 0.191882, 0.981418, 0.0, 0.0, 0.0, 0.0, 1.0],
                [1.0, -0.0, -0.0, -0.0, 0.0, 0.999999, -0.001508, 0.3, 0.0, 0.001508, 0.999999, 0.0, 0.0, 0.0, 0.0, 1.0]
            ]
        },
        {
            "name": "Tool_R",
            "time": [0.0, 0.2333, 0.3667, 0.4333, 0.55, 0.7333, 1.0333],
            "transform": [
                [1.0, -0.0, 0.0, 0.0, 0.0, 0.205903, -0.978573, 0.16258, 0.0, 0.977996, 0.20577, 0.12285, 0.0, 0.0, 0.0, 1.0],
                [0.999264, -0.034373, 0.017036, -0.0, -0.023479, -0.899146, -0.43702, 0.167153, 0.030322, 0.436031, -0.898763, 0.130265, 0.0, 0.0, 0.0, 1.0],
                [0.999264, -0.034373, 0.017036, 0.0, -0.023479, -0.899145, -0.43702, 0.167153, 0.030322, 0.436031, -0.898763, 0.130265, 0.0, 0.0, 0.0, 1.0],
                [0.999264, -0.02441, 0.029603, 0.002238, -0.023487, -0.99924, -0.031131, 0.258752, 0.030322, 0.030384, -0.998486, 0.12748, 0.0, 0.0, 0.0, 1.0],
                [0.999264, -0.034373, 0.017036, -0.0, -0.023479, -0.899145, -0.43702, 0.167153, 0.030322, 0.436031, -0.898763, 0.130265, 0.0, 0.0, 0.0, 1.0],
                [0.999264, -0.034373, 0.017036, 0.0, -0.023479, -0.899145, -0.43702, 0.167153, 0.030322, 0.436031, -0.898763, 0.130265, 0.0, 0.0, 0.0, 1.0],
                [1.0, -0.0, 0.0, 0.0, 0.0, -0.940256, -0.340469, 0.197299, 0.0, 0.340257, -0.939703, -0.268856, 0.0, 0.0, 0.0, 1.0]
            ]
        },
        {
            "name": "Elbow_R",
            "time": [0.0, 0.2333, 0.3667, 0.55, 0.7333, 1.0333],
            "transform": [
                [-1.0, 0.0, 0.0, 0.000596, -0.0, -0.051668, -0.998664, 0.333748, -0.0, -0.998664, 0.051668, 0.00175, 0.0, 0.0, 0.0, 1.0],
                [-1.0, 0.0, -0.0, 0.000566, 0.0, -0.042034, -0.999116, 0.332034, -0.0, -0.999116, 0.042034, 0.001661, 0.0, 0.0, 0.0, 1.0],
                [-1.0, 0.0, 0.0, 0.000566, 0.0, -0.042034, -0.999116, 0.332034, -0.0, -0.999116, 0.042034, 0.001662, 0.0, 0.0, 0.0, 1.0],
                [-1.0, 0.0, 0.0, 0.000566, -0.0, -0.042034, -0.999116, 0.332034, -0.0, -0.999116, 0.042034, 0.001661, 0.0, 0.0, 0.0, 1.0],
                [-1.0, 0.0, -0.0, 0.000566, 0.0, -0.042034, -0.999116, 0.332034, -0.0, -0.999116, 0.042034, 0.001661, 0.0, 0.0, 0.0, 1.0],
                [-1.0, 0.0, 0.0, -0.0, -0.0, 0.137951, -0.990439, 0.3, -0.0, -0.990439, -0.137951, 0.0, 0.0, 0.0, 0.0, 1.0]
            ]
        },
        {
            "name": "Shoulder_L",
            "time": [0.0, 0.2333, 0.3667, 0.55, 0.7333, 1.0333],
            "transform": [
                [-0.0, -0.952114, -0.305743, -0.0, 0.0, -0.305743, 0.952114, 0.4, -1.0, -0.0, 0.0, -0.0, 0.0, 0.0, 0.0, 1.0],
                [0.000235, -0.951287, -0.308306, -0.0, 2.1e-05, -0.308306, 0.951287, 0.4, -1.0, -0.00023, -5.3e-05, 0.0, 0.0, 0.0, 0.0, 1.0],
                [0.000235, -0.951287, -0.308306, 0.0, 2.1e-05, -0.308306, 0.951287, 0.4, -1.0, -0.00023, -5.3e-05, -0.0, 0.0, 0.0, 0.0, 1.0],
                [0.000235, -0.951287, -0.308306, -0.0, 2.1e-05, -0.308306, 0.951287, 0.4, -1.0, -0.00023, -5.3e-05, 0.0, 0.0, 0.0, 0.0, 1.0],
                [0.000235, -0.951287, -0.308306, 0.0, 2.1e-05, -0.308306, 0.951287, 0.4, -1.0, -0.00023, -5.3e-05, -0.0, 0.0, 0.0, 0.0, 1.0],
                [0.004613, -0.934562, -0.35577, 0.0, 0.000524, -0.355771, 0.934573, 0.4, -0.999989, -0.004498, -0.001151, -0.0, 0.0, 0.0, 0.0, 1.0]
            ]
        },
        {
            "name": "Arm_L",
            "time": [0.0, 0.2333, 0.3667, 0.55, 0.7333, 0.85, 1.0333],
            "transform": [
                [-0.130415, -0.260917, 0.956511, -0.0, 0.291424, 0.912045, 0.288521, 0.39386, -0.947662, 0.316377, -0.042907, -0.0, 0.0, 0.0, 0.0, 1.0],
                [-0.312588, 0.249651, 0.916495, -0.0, 0.384837, 0.915398, -0.118096, 0.39386, -0.86844, 0.315786, -0.382218, -0.0, 0.0, 0.0, 0.0, 1.0],
                [-0.312588, 0.249651, 0.916495, -0.0, 0.384837, 0.915398, -0.118096, 0.39386, -0.86844, 0.315786, -0.382218, 0.0, 0.0, 0.0, 0.0, 1.0],
                [-0.312588, 0.249651, 0.916495, 0.0, 0.384837, 0.915398, -0.118096, 0.39386, -0.86844, 0.315786, -0.382218, -0.0, 0.0, 0.0, 0.0, 1.0],
                [-0.312588, 0.249651, 0.916495, 0.0, 0.384837, 0.915398, -0.118096, 0.393861, -0.868441, 0.315786, -0.382218, 0.0, 0.0, 0.0, 0.0, 1.0],
                [-0.150813, -0.464654, 0.872555, 0.0, -0.098211, 0.885326, 0.454479, 0.39386, -0.983672, -0.017154, -0.179153, -0.0, 0.0, 0.0, 0.0, 1.0],
                [0.39346, -0.060643, 0.917339, 0.0, -0.810023, 0.44905, 0.377116, 0.39386, -0.434801, -0.891446, 0.127562, -0.0, 0.0, 0.0, 0.0, 1.0]
            ]
        },
        {
            "name": "Hand_L",
            "time": [0.0, 0.2333, 0.3667, 0.55, 0.7333, 1.0333],
            "transform": [
                [1.0, -0.0, 0.0, -0.0, 0.0, 0.839442, -0.54345, 0.3, 0.0, 0.54345, 0.839442, -0.0, 0.0, 0.0, 0.0, 1.0],
                [1.0, -0.0, 0.0, 0.0, 0.0, 0.8564, -0.516313, 0.3, 0.0, 0.516313, 0.8564, 0.0, 0.0, 0.0, 0.0, 1.0],
                [1.0, -0.0, 0.0, 0.0, 0.0, 0.8564, -0.516313, 0.3, -0.0, 0.516313, 0.8564, 0.0, 0.0, 0.0, 0.0, 1.0],
                [1.0, -0.0, -0.0, 0.0, 0.0, 0.8564, -0.516313, 0.3, -0.0, 0.516313, 0.8564, 0.0, 0.0, 0.0, 0.0, 1.0],
                [1.0, -0.0, 0.0, -0.0, 0.0, 0.8564, -0.516313, 0.3, -0.0, 0.516313, 0.8564, 0.0, 0.0, 0.0, 0.0, 1.0],
                [1.0, -0.0, 0.0, 0.0, -0.0, 0.997875, 0.065166, 0.3, -0.0, -0.065166, 0.997875, 0.0, 0.0, 0.0, 0.0, 1.0]
            ]
        },
        {
            "name": "Tool_L",
            "time": [0.0, 0.2333, 0.3667, 0.55, 0.7333, 1.0333],
            "transform": [
                [1.0, -0.0, 0.0, 0.0, 0.0, -0.989975, -0.141246, 0.251107, 0.0, 0.141152, -0.989394, -0.203281, 0.0, 0.0, 0.0, 1.0],
                [1.0, -0.0, 0.0, 0.0, 0.0, -0.989974, -0.141246, 0.251107, 0.0, 0.141152, -0.989394, -0.203281, 0.0, 0.0, 0.0, 1.0],
                [1.0, 0.0, 0.0, -0.0, 0.0, -0.989974, -0.141246, 0.251107, 0.0, 0.141152, -0.989394, -0.203281, 0.0, 0.0, 0.0, 1.0],
                [1.0, 0.0, 0.0, 0.0, 0.0, -0.989974, -0.141246, 0.251107, 0.0, 0.141152, -0.989394, -0.203281, 0.0, 0.0, 0.0, 1.0],
                [1.0, -0.0, 0.0, 0.0, 0.0, -0.989974, -0.141246, 0.251107, 0.0, 0.141152, -0.989394, -0.203281, 0.0, 0.0, 0.0, 1.0],
                [1.0, -0.0, 0.0, 0.0, 0.0, -0.989975, -0.141246, 0.251107, 0.0, 0.141152, -0.989394, -0.203281, 0.0, 0.0, 0.0, 1.0]
            ]
        },
        {
            "name": "Elbow_L",
            "time": [0.0, 0.2333, 0.3667, 0.55, 0.7333, 1.0333],
            "transform": [
                [-1.0, 0.0, -0.0, 0.000226, 0.0, -0.0, -1.0, 0.327812, -0.0, -1.0, 0.0, -0.000541, 0.0, 0.0, 0.0, 1.0],
                [-1.0, 0.0, -0.0, 0.000215, 0.0, -0.0, -1.0, 0.326399, -0.0, -1.0, -0.0, -0.000513, 0.0, 0.0, 0.0, 1.0],
                [-1.0, 0.0, -0.0, 0.000215, 0.0, -0.0, -1.0, 0.326399, -0.0, -1.0, 0.0, -0.000513, 0.0, 0.0, 0.0, 1.0],
                [-1.0, 0.0, -0.0, 0.000215, 0.0, -0.0, -1.0, 0.326399, -0.0, -1.0, 0.0, -0.000513, 0.0, 0.0, 0.0, 1.0],
                [-1.0, 0.0, -0.0, 0.000215, 0.0, -0.0, -1.0, 0.326399, -0.0, -1.0, -0.0, -0.000513, 0.0, 0.0, 0.0, 1.0],
                [-1.0, 0.0, -0.0, 0.0, 0.0, -0.0, -1.0, 0.3, -0.0, -1.0, -0.0, 0.0, 0.0, 0.0, 0.0, 1.0]
            ]
        }
    ]
}