{
    
    "animation": [
        {
            "name": "Root",
            "time": [0.0, 1.5667, 2.6667],
            "transform": [
                [0.95993, 0.0, -0.280241, -5e-06, -0.280241, 0.0, -0.95993, 0.000946, 0.0, 1.0, 0.0, 0.755725, 0.0, 0.0, 0.0, 1.0],
                [0.95993, 0.0, -0.280241, -5e-06, -0.280241, 0.0, -0.95993, 0.000946, 0.0, 1.0, 0.0, 0.78154, 0.0, 0.0, 0.0, 1.0],
                [0.95993, 0.0, -0.280241, -5e-06, -0.280241, 0.0, -0.95993, 0.000946, 0.0, 1.0, 0.0, 0.755725, 0.0, 0.0, 0.0, 1.0]
            ]
        },
        {
            "name": "Thigh_R",
            "time": [0.0, 1.5667, 2.6667],
            "transform": [
                [0.988811, 0.126425, 0.079167, 0.124994, 0.107171, -0.971268, 0.212481, -0.002831, 0.103756, -0.201618, -0.973953, -1.2e-05, 0.0, 0.0, 0.0, 1.0],
                [0.988811, 0.117115, 0.092385, 0.124994, 0.107171, -0.988559, 0.106119, -0.002831, 0.103756, -0.09503, -0.990053, -1.2e-05, 0.0, 0.0, 0.0, 1.0],
                [0.988811, 0.126425, 0.079167, 0.124994, 0.107171, -0.971268, 0.212481, -0.002831, 0.103756, -0.201618, -0.973953, -1.2e-05, 0.0, 0.0, 0.0, 1.0]
            ]
        },
        {
            "name": "Leg_R",
            "time": [0.0, 1.5667, 2.6667],
            "transform": [
                [0.996388, -0.084273, -0.010452, -0.0, 0.084421, 0.969709, 0.229213, 0.37472, -0.009181, -0.229268, 0.973319, 0.0, 0.0, 0.0, 0.0, 1.0],
                [0.995899, -0.089682, 0.011917, -0.0, 0.087512, 0.988348, 0.124546, 0.37472, -0.022947, -0.122992, 0.992141, 0.0, 0.0, 0.0, 0.0, 1.0],
                [0.996388, -0.084273, -0.010452, -0.0, 0.084421, 0.969709, 0.229213, 0.37472, -0.009181, -0.229268, 0.973319, 0.0, 0.0, 0.0, 0.0, 1.0]
            ]
        },
        {
            "name": "Knee_R",
            "time": [0.0, 2.6667],
            "transform": [
                [1.0, 0.0, -0.0, -0.0, -0.0, 1e-06, -1.0, 0.37472, -0.0, 1.0, 1e-06, 0.0, 0.0, 0.0, 0.0, 1.0],
                [1.0, 0.0, -0.0, -0.0, -0.0, 1e-06, -1.0, 0.37472, -0.0, 1.0, 1e-06, 0.0, 0.0, 0.0, 0.0, 1.0]
            ]
        },
        {
            "name": "Thigh_L",
            "time": [0.0, 1.5667, 2.6667],
            "transform": [
                [0.96531, -0.108739, -0.237384, -0.125006, -0.029827, -0.949127, 0.313477, -0.002831, -0.259395, -0.295521, -0.919446, -1.2e-05, 0.0, 0.0, 0.0, 1.0],
                [0.96531, -0.056025, -0.255023, -0.125006, -0.029827, -0.993976, 0.105461, -0.002831, -0.259395, -0.094195, -0.961166, -1.2e-05, 0.0, 0.0, 0.0, 1.0],
                [0.96531, -0.108739, -0.237384, -0.125006, -0.029827, -0.949127, 0.313477, -0.002831, -0.259395, -0.295521, -0.919446, -1.2e-05, 0.0, 0.0, 0.0, 1.0]
            ]
        },
        {
            "name": "Leg_L",
            "time": [0.0, 1.5667, 2.6667],
            "transform": [
                [0.999995, 0.001964, 0.002538, 0.0, -0.002663, 0.949178, 0.314728, 0.37472, -0.001791, -0.314733, 0.949179, 0.0, 0.0, 0.0, 0.0, 1.0],
                [0.999995, 0.002453, 0.002068, -0.0, -0.002663, 0.994128, 0.108173, 0.37472, -0.001791, -0.108178, 0.99413, 0.0, 0.0, 0.0, 0.0, 1.0],
                [0.999995, 0.001964, 0.002538, 0.0, -0.002663, 0.949178, 0.314728, 0.37472, -0.001791, -0.314733, 0.949179, 0.0, 0.0, 0.0, 0.0, 1.0]
            ]
        },
        {
            "name": "Knee_L",
            "time": [0.0, 2.6667],
            "transform": [
                [1.0, 0.0, -0.0, 0.0, -0.0, 1e-06, -1.0, 0.37472, -0.0, 1.0, 1e-06, 0.0, 0.0, 0.0, 0.0, 1.0],
                [1.0, 0.0, -0.0, 0.0, -0.0, 1e-06, -1.0, 0.37472, -0.0, 1.0, 1e-06, 0.0, 0.0, 0.0, 0.0, 1.0]
            ]
        },
        {
            "name": "Torso",
            "time": [0.0, 2.6667],
            "transform": [
                [0.99978, -0.020971, -0.000197, 0.0, 0.020971, 0.999603, 0.018833, 0.05, -0.000198, -0.018833, 0.999823, 0.0, 0.0, 0.0, 0.0, 1.0],
                [0.99978, -0.020971, -0.000197, 0.0, 0.020971, 0.999603, 0.018833, 0.05, -0.000198, -0.018833, 0.999823, 0.0, 0.0, 0.0, 0.0, 1.0]
            ]
        },
        {
            "name": "Chest",
            "time": [0.0, 1.5667, 2.6667],
            "transform": [
                [0.99113, -0.032252, 0.128925, 0.0, 0.018699, 0.994298, 0.104982, 0.3, -0.131576, -0.10164, 0.986082, 0.0, 0.0, 0.0, 0.0, 1.0],
                [0.99113, -0.020548, 0.1313, -0.0, 0.018699, 0.999708, 0.015298, 0.3, -0.131576, -0.012707, 0.991225, -0.0, 0.0, 0.0, 0.0, 1.0],
                [0.99113, -0.032252, 0.128925, 0.0, 0.018699, 0.994298, 0.104982, 0.3, -0.131576, -0.10164, 0.986082, 0.0, 0.0, 0.0, 0.0, 1.0]
            ]
        },
        {
            "name": "Head",
            "time": [0.0, 1.5667, 2.6667],
            "transform": [
                [0.979745, 0.034039, 0.197335, 0.0, -0.023975, 0.998298, -0.053165, 0.4, -0.198809, 0.047357, 0.978893, 0.0, 0.0, 0.0, 0.0, 1.0],
                [0.979745, 0.028748, 0.198175, 0.0, -0.023975, 0.999363, -0.026443, 0.4, -0.198809, 0.021156, 0.97981, 0.0, 0.0, 0.0, 0.0, 1.0],
                [0.979745, 0.034039, 0.197335, 0.0, -0.023975, 0.998298, -0.053165, 0.4, -0.198809, 0.047357, 0.978893, 0.0, 0.0, 0.0, 0.0, 1.0]
            ]
        },
        {
            "name": "Shoulder_R",
            "time": [0.0, 1.5667, 2.6667],
            "transform": [
                [0.089555, 0.949274, 0.301428, 0.0, -0.003656, -0.302328, 0.953197, 0.4, 0.995975, -0.086466, -0.023605, 0.0, 0.0, 0.0, 0.0, 1.0],
                [0.089555, 0.967868, 0.234968, 0.0, -0.003656, -0.235594, 0.971845, 0.4, 0.995975, -0.087893, -0.01756, 0.0, 0.0, 0.0, 0.0, 1.0],
                [0.089555, 0.949274, 0.301428, 0.0, -0.003656, -0.302328, 0.953197, 0.4, 0.995975, -0.086466, -0.023605, 0.0, 0.0, 0.0, 0.0, 1.0]
            ]
        },
        {
            "name": "Arm_R",
            "time": [0.0, 1.5667, 2.6667],
            "transform": [
                [0.032386, -0.019039, -0.999294, -0.0, 0.877868, 0.478512, 0.019334, 0.39386, 0.477807, -0.877874, 0.032211, 0.0, 0.0, 0.0, 0.0, 1.0],
                [0.030428, -0.022033, -0.999294, 0.0, 0.919405, 0.392838, 0.019334, 0.39386, 0.392134, -0.919344, 0.032211, -0.0, 0.0, 0.0, 0.0, 1.0],
                [0.032386, -0.019039, -0.999294, -0.0, 0.877868, 0.478512, 0.019334, 0.39386, 0.477807, -0.877874, 0.032211, 0.0, 0.0, 0.0, 0.0, 1.0]
            ]
        },
        {
            "name": "Hand_R",
            "time": [0.0, 2.6667],
            "transform": [
                [0.999985, 0.001325, 0.005391, 0.0, -0.00125, 0.999903, -0.013885, 0.3, -0.005409, 0.013878, 0.999889, -0.0, 0.0, 0.0, 0.0, 1.0],
                [0.999985, 0.001325, 0.005391, 0.0, -0.00125, 0.999903, -0.013885, 0.3, -0.005409, 0.013878, 0.999889, -0.0, 0.0, 0.0, 0.0, 1.0]
            ]
        },
        {
            "name": "Tool_R",
            "time": [0.0, 2.6667],
            "transform": [
                [1.0, -0.0, 0.0, 0.0, 0.0, -0.945737, -0.324935, 0.192502, 0.0, 0.324732, -0.94518, -0.233742, 0.0, 0.0, 0.0, 1.0],
                [1.0, -0.0, 0.0, 0.0, 0.0, -0.945737, -0.324935, 0.192502, 0.0, 0.324732, -0.94518, -0.233742, 0.0, 0.0, 0.0, 1.0]
            ]
        },
        {
            "name": "Elbow_R",
            "time": [0.0, 2.6667],
            "transform": [
                [-1.0, 0.0, -0.0, 0.0, 0.0, -0.0, -1.0, 0.3, -0.0, -1.0, 0.0, -0.0, 0.0, 0.0, 0.0, 1.0],
                [-1.0, 0.0, -0.0, 0.0, 0.0, -0.0, -1.0, 0.3, -0.0, -1.0, 0.0, -0.0, 0.0, 0.0, 0.0, 1.0]
            ]
        },
        {
            "name": "Shoulder_L",
            "time": [0.0, 1.5667, 2.6667],
            "transform": [
                [0.088499, -0.949454, -0.301172, 0.0, -0.003902, -0.302687, 0.953082, 0.4, -0.996069, -0.083172, -0.030493, 0.0, 0.0, 0.0, 0.0, 1.0],
                [0.088499, -0.974082, -0.208161, 0.0, -0.003902, -0.209319, 0.97784, 0.4, -0.996068, -0.085726, -0.022326, 0.0, 0.0, 0.0, 0.0, 1.0],
                [0.088499, -0.949454, -0.301172, 0.0, -0.003902, -0.302687, 0.953082, 0.4, -0.996069, -0.083172, -0.030493, 0.0, 0.0, 0.0, 0.0, 1.0]
            ]
        },
        {
            "name": "Arm_L",
            "time": [0.0, 1.5667, 2.6667],
            "transform": [
                [0.245792, -0.093636, 0.964789, -0.0, -0.840232, 0.4757, 0.260228, 0.39386, -0.483317, -0.874609, 0.038247, 0.0, 0.0, 0.0, 0.0, 1.0],
                [0.253018, -0.071858, 0.964789, 0.0, -0.878495, 0.400659, 0.260228, 0.39386, -0.405251, -0.913405, 0.038247, 0.0, 0.0, 0.0, 0.0, 1.0],
                [0.245792, -0.093636, 0.964789, -0.0, -0.840232, 0.4757, 0.260228, 0.39386, -0.483317, -0.874609, 0.038247, 0.0, 0.0, 0.0, 0.0, 1.0]
            ]
        },
        {
            "name": "Hand_L",
            "time": [0.0, 2.6667],
            "transform": [
                [0.99932, -0.036879, 0.000448, 0.0, 0.03687, 0.999235, 0.013035, 0.3, -0.000928, -0.013009, 0.999915, -0.0, 0.0, 0.0, 0.0, 1.0],
                [0.99932, -0.036879, 0.000448, 0.0, 0.03687, 0.999235, 0.013035, 0.3, -0.000928, -0.013009, 0.999915, -0.0, 0.0, 0.0, 0.0, 1.0]
            ]
        },
        {
            "name": "Tool_L",
            "time": [0.0, 2.6667],
            "transform": [
                [1.0, -0.0, 0.0, 0.0, -0.0, -0.970457, -0.241272, 0.213882, 0.0, 0.24112, -0.969889, -0.237079, 0.0, 0.0, 0.0, 1.0],
                [1.0, -0.0, 0.0, 0.0, -0.0, -0.970457, -0.241272, 0.213882, 0.0, 0.24112, -0.969889, -0.237079, 0.0, 0.0, 0.0, 1.0]
            ]
        },
        {
            "name": "Elbow_L",
            "time": [0.0, 2.6667],
            "transform": [
                [-1.0, 0.0, -0.0, 0.0, 0.0, -0.0, -1.0, 0.3, -0.0, -1.0, -0.0, -0.0, 0.0, 0.0, 0.0, 1.0],
                [-1.0, 0.0, -0.0, 0.0, 0.0, -0.0, -1.0, 0.3, -0.0, -1.0, -0.0, -0.0, 0.0, 0.0, 0.0, 1.0]
            ]
        }
    ]
}