{
    "animation": [
        {
            "name": "Root",
            "time": [0.0, 3.1833],
            "transform": [
                [1.0, 0.0, 0.0, -5e-06, 0.0, 0.0, -1.0, 0.000946, 0.0, 1.0, 0.0, 0.764948, 0.0, 0.0, 0.0, 1.0],
                [1.0, 0.0, 0.0, -5e-06, 0.0, 0.0, -1.0, 0.000946, 0.0, 1.0, 0.0, 0.764948, 0.0, 0.0, 0.0, 1.0]
            ]
        },
        {
            "name": "Thigh_R",
            "time": [0.0, 1.5, 3.1833],
            "transform": [
                [0.979052, 0.105005, 0.174444, 0.124994, 0.052905, -0.958524, 0.280052, -0.002831, 0.196616, -0.264956, -0.944002, -1.2e-05, 0.0, 0.0, 0.0, 1.0],
                [0.979052, 0.086741, 0.184209, 0.124994, 0.052905, -0.982014, 0.181232, -0.002831, 0.196616, -0.167689, -0.966035, -1.2e-05, 0.0, 0.0, 0.0, 1.0],
                [0.979052, 0.105005, 0.174444, 0.124994, 0.052905, -0.958524, 0.280052, -0.002831, 0.196616, -0.264956, -0.944002, -1.2e-05, 0.0, 0.0, 0.0, 1.0]
            ]
        },
        {
            "name": "Leg_R",
            "time": [0.0, 1.5, 3.1833],
            "transform": [
                [1.0, 0.0, 1e-06, -0.0, -0.0, 0.955943, 0.293556, 0.37472, -1e-06, -0.293556, 0.955941, -0.0, 0.0, 0.0, 0.0, 1.0],
                [1.0, 0.0, 1e-06, -0.0, -0.0, 0.991146, 0.132785, 0.37472, -1e-06, -0.132785, 0.991144, -0.0, 0.0, 0.0, 0.0, 1.0],
                [1.0, 0.0, 1e-06, -0.0, -0.0, 0.955943, 0.293556, 0.37472, -1e-06, -0.293556, 0.955941, -0.0, 0.0, 0.0, 0.0, 1.0]
            ]
        },
        {
            "name": "Knee_R",
            "time": [0.0, 3.1833],
            "transform": [
                [1.0, 0.0, -0.0, -0.0, -0.0, 1e-06, -1.0, 0.383077, -0.0, 1.0, 1e-06, -0.001653, 0.0, 0.0, 0.0, 1.0],
                [1.0, 0.0, -0.0, -0.0, -0.0, 1e-06, -1.0, 0.383077, -0.0, 1.0, 1e-06, -0.001653, 0.0, 0.0, 0.0, 1.0]
            ]
        },
        {
            "name": "Thigh_L",
            "time": [0.0, 1.5, 3.1833],
            "transform": [
                [0.95515, -0.069461, -0.287858, -0.125006, -0.059939, -0.997328, 0.041774, -0.002831, -0.28999, -0.022646, -0.956761, -1.2e-05, 0.0, 0.0, 0.0, 1.0],
                [0.95515, -0.061423, -0.28968, -0.125006, -0.059939, -0.998104, 0.014001, -0.002831, -0.28999, 0.00399, -0.957021, -1.2e-05, 0.0, 0.0, 0.0, 1.0],
                [0.95515, -0.069461, -0.287858, -0.125006, -0.059939, -0.997328, 0.041774, -0.002831, -0.28999, -0.022646, -0.956761, -1.2e-05, 0.0, 0.0, 0.0, 1.0]
            ]
        },
        {
            "name": "Leg_L",
            "time": [0.0, 1.5, 3.1833],
            "transform": [
                [1.0, 0.0, 1e-06, 0.0, -0.0, 0.987328, 0.158689, 0.37472, -1e-06, -0.158689, 0.987329, -0.0, 0.0, 0.0, 0.0, 1.0],
                [1.0, 0.0, 1e-06, -0.0, -0.0, 0.997944, 0.064085, 0.37472, -1e-06, -0.064085, 0.997945, -0.0, 0.0, 0.0, 0.0, 1.0],
                [1.0, 0.0, 1e-06, 0.0, -0.0, 0.987328, 0.158689, 0.37472, -1e-06, -0.158689, 0.987329, -0.0, 0.0, 0.0, 0.0, 1.0]
            ]
        },
        {
            "name": "Knee_L",
            "time": [0.0, 3.1833],
            "transform": [
                [1.0, 0.0, -0.0, 0.0, -0.0, 1e-06, -1.0, 0.37472, -0.0, 1.0, 1e-06, -0.0, 0.0, 0.0, 0.0, 1.0],
                [1.0, 0.0, -0.0, 0.0, -0.0, 1e-06, -1.0, 0.37472, -0.0, 1.0, 1e-06, -0.0, 0.0, 0.0, 0.0, 1.0]
            ]
        },
        {
            "name": "Torso",
            "time": [0.0, 1.5, 3.1833],
            "transform": [
                [0.996512, -0.002664, 0.083404, 0.0, -0.0, 0.99949, 0.031925, 0.05, -0.083446, -0.031814, 0.996004, 0.0, 0.0, 0.0, 0.0, 1.0],
                [0.996512, 0.000587, 0.083444, 0.0, -0.0, 0.999975, -0.007031, 0.05, -0.083446, 0.007006, 0.996488, 0.0, 0.0, 0.0, 0.0, 1.0],
                [0.996512, -0.002664, 0.083404, 0.0, -0.0, 0.99949, 0.031925, 0.05, -0.083446, -0.031814, 0.996004, 0.0, 0.0, 0.0, 0.0, 1.0]
            ]
        },
        {
            "name": "Chest",
            "time": [0.0, 1.5, 3.1833],
            "transform": [
                [0.996909, 0.004476, -0.078441, 0.0, 0.0, 0.998376, 0.056972, 0.3, 0.078568, -0.056796, 0.99529, 0.0, 0.0, 0.0, 0.0, 1.0],
                [0.996909, 0.008347, -0.078124, -0.0, 0.0, 0.994341, 0.106235, 0.3, 0.078568, -0.105906, 0.991268, 0.0, 0.0, 0.0, 0.0, 1.0],
                [0.996909, 0.004476, -0.078441, 0.0, 0.0, 0.998376, 0.056972, 0.3, 0.078568, -0.056796, 0.99529, 0.0, 0.0, 0.0, 0.0, 1.0]
            ]
        },
        {
            "name": "Head",
            "time": [0.0, 1.5, 3.1833],
            "transform": [
                [1.0, 0.0, 0.0, 0.0, -0.0, 0.999699, -0.024548, 0.4, 0.0, 0.024548, 0.999699, 0.0, 0.0, 0.0, 0.0, 1.0],
                [1.0, 0.0, 0.0, -0.0, -0.0, 0.999876, 0.015739, 0.4, -0.0, -0.015739, 0.999876, -0.0, 0.0, 0.0, 0.0, 1.0],
                [1.0, 0.0, 0.0, 0.0, -0.0, 0.999699, -0.024548, 0.4, 0.0, 0.024548, 0.999699, 0.0, 0.0, 0.0, 0.0, 1.0]
            ]
        },
        {
            "name": "Shoulder_R",
            "time": [0.0, 3.1833],
            "transform": [
                [-0.004613, 0.951979, 0.306128, 0.0, 0.000526, -0.306129, 0.95199, 0.4, 0.999989, 0.004553, 0.000911, 0.0, 0.0, 0.0, 0.0, 1.0],
                [-0.004613, 0.951979, 0.306128, 0.0, 0.000526, -0.306129, 0.95199, 0.4, 0.999989, 0.004553, 0.000911, 0.0, 0.0, 0.0, 0.0, 1.0]
            ]
        },
        {
            "name": "Arm_R",
            "time": [0.0, 1.5, 3.1833],
            "transform": [
                [0.321295, -0.012615, -0.946895, 0.0, 0.869433, 0.400215, 0.28968, 0.39386, 0.375307, -0.916334, 0.139555, 0.0, 0.0, 0.0, 0.0, 1.0],
                [0.321295, -0.069583, -0.944419, -0.0, 0.869433, 0.416924, 0.265067, 0.39386, 0.375307, -0.906274, 0.194453, 0.0, 0.0, 0.0, 0.0, 1.0],
                [0.321295, -0.012615, -0.946895, 0.0, 0.869433, 0.400215, 0.28968, 0.39386, 0.375307, -0.916334, 0.139555, 0.0, 0.0, 0.0, 0.0, 1.0]
            ]
        },
        {
            "name": "Hand_R",
            "time": [0.0, 3.1833],
            "transform": [
                [1.0, -0.0, 0.0, 0.0, 0.0, 0.999999, -0.001508, 0.3, -0.0, 0.001508, 0.999999, -0.0, 0.0, 0.0, 0.0, 1.0],
                [1.0, -0.0, 0.0, 0.0, 0.0, 0.999999, -0.001508, 0.3, -0.0, 0.001508, 0.999999, -0.0, 0.0, 0.0, 0.0, 1.0]
            ]
        },
        {
            "name": "Tool_R",
            "time": [0.0, 3.1833],
            "transform": [
                [1.0, -0.0, 0.0, 0.0, 0.0, -0.940256, -0.340469, 0.197299, 0.0, 0.340257, -0.939703, -0.268856, 0.0, 0.0, 0.0, 1.0],
                [1.0, -0.0, 0.0, 0.0, 0.0, -0.940256, -0.340469, 0.197299, 0.0, 0.340257, -0.939703, -0.268856, 0.0, 0.0, 0.0, 1.0]
            ]
        },
        {
            "name": "Elbow_R",
            "time": [0.0, 3.1833],
            "transform": [
                [-1.0, 0.0, 0.0, 0.0, -0.0, 0.137951, -0.990439, 0.3, -0.0, -0.990439, -0.137951, -0.0, 0.0, 0.0, 0.0, 1.0],
                [-1.0, 0.0, 0.0, 0.0, -0.0, 0.137951, -0.990439, 0.3, -0.0, -0.990439, -0.137951, -0.0, 0.0, 0.0, 0.0, 1.0]
            ]
        },
        {
            "name": "Shoulder_L",
            "time": [0.0, 3.1833],
            "transform": [
                [0.004613, -0.934562, -0.35577, 0.0, 0.000524, -0.355771, 0.934573, 0.4, -0.999989, -0.004498, -0.001151, 0.0, 0.0, 0.0, 0.0, 1.0],
                [0.004613, -0.934562, -0.35577, 0.0, 0.000524, -0.355771, 0.934573, 0.4, -0.999989, -0.004498, -0.001151, 0.0, 0.0, 0.0, 0.0, 1.0]
            ]
        },
        {
            "name": "Arm_L",
            "time": [0.0, 1.5, 3.1833],
            "transform": [
                [0.39346, -0.060643, 0.917339, 0.0, -0.810023, 0.44905, 0.377116, 0.39386, -0.434801, -0.891446, 0.127562, 0.0, 0.0, 0.0, 0.0, 1.0],
                [0.39346, 0.021627, 0.919087, 0.0, -0.810023, 0.480972, 0.335453, 0.39386, -0.434801, -0.876469, 0.206762, -0.0, 0.0, 0.0, 0.0, 1.0],
                [0.39346, -0.060643, 0.917339, 0.0, -0.810023, 0.44905, 0.377116, 0.39386, -0.434801, -0.891446, 0.127562, 0.0, 0.0, 0.0, 0.0, 1.0]
            ]
        },
        {
            "name": "Hand_L",
            "time": [0.0, 3.1833],
            "transform": [
                [1.0, 0.0, 0.0, 0.0, -0.0, 0.997875, 0.065166, 0.3, -0.0, -0.065166, 0.997875, 0.0, 0.0, 0.0, 0.0, 1.0],
                [1.0, 0.0, 0.0, 0.0, -0.0, 0.997875, 0.065166, 0.3, -0.0, -0.065166, 0.997875, 0.0, 0.0, 0.0, 0.0, 1.0]
            ]
        },
        {
            "name": "Tool_L",
            "time": [0.0, 3.1833],
            "transform": [
                [1.0, 0.0, 0.0, 0.0, 0.0, -0.989974, -0.141246, 0.251107, 0.0, 0.141152, -0.989394, -0.203281, 0.0, 0.0, 0.0, 1.0],
                [1.0, 0.0, 0.0, 0.0, 0.0, -0.989974, -0.141246, 0.251107, 0.0, 0.141152, -0.989394, -0.203281, 0.0, 0.0, 0.0, 1.0]
            ]
        },
        {
            "name": "Elbow_L",
            "time": [0.0, 3.1833],
            "transform": [
                [-1.0, 0.0, -0.0, 0.0, 0.0, -0.0, -1.0, 0.3, -0.0, -1.0, -0.0, 0.0, 0.0, 0.0, 0.0, 1.0],
                [-1.0, 0.0, -0.0, 0.0, 0.0, -0.0, -1.0, 0.3, -0.0, -1.0, -0.0, 0.0, 0.0, 0.0, 0.0, 1.0]
            ]
        }
    ]
}