{
    "animation": [
        {
            "name": "Root",
            "time": [0.0, 0.1833, 0.3667, 0.4167, 0.4667, 0.5333, 0.65, 1.0167],
            "transform": [
                [-0.391565, 0.0, 0.920151, -5e-06, 0.920151, 0.0, 0.391565, -0.012709, 0.0, 1.0, 0.0, 0.715161, 0.0, 0.0, 0.0, 1.0],
                [-0.486463, 0.0, 0.873701, -5e-06, 0.873701, 0.0, 0.486463, 0.016278, 0.0, 1.0, 0.0, 0.595352, 0.0, 0.0, 0.0, 1.0],
                [0.815573, 0.0, -0.578655, -5e-06, -0.578655, 0.0, -0.815573, 0.258842, 0.0, 1.0, 0.0, 0.595352, 0.0, 0.0, 0.0, 1.0],
                [0.787236, 0.0, -0.616651, -5e-06, -0.616651, 0.0, -0.787236, 0.286401, 0.0, 1.0, 0.0, 0.530449, 0.0, 0.0, 0.0, 1.0],
                [0.768136, 0.0, -0.640287, -5e-06, -0.640287, 0.0, -0.768136, 0.254463, 0.0, 1.0, 0.0, 0.687941, 0.0, 0.0, 0.0, 1.0],
                [0.749915, 0.0, -0.661534, -5e-06, -0.661534, 0.0, -0.749915, 0.256987, 0.0, 1.0, 0.0, 0.629203, 0.0, 0.0, 0.0, 1.0],
                [0.815573, 0.0, -0.578655, -5e-06, -0.578655, 0.0, -0.815573, 0.258842, 0.0, 1.0, 0.0, 0.595352, 0.0, 0.0, 0.0, 1.0],
                [0.999251, 0.0, 0.038692, -5e-06, 0.038692, 0.0, -0.999251, -0.012709, 0.0, 1.0, 0.0, 0.715161, 0.0, 0.0, 0.0, 1.0]
            ]
        },
        {
            "name": "Thigh_R",
            "time": [0.0, 0.1833, 0.3667, 0.65, 1.0167],
            "transform": [
                [0.7757, 0.451034, 0.441425, 0.124994, 0.35624, -0.890293, 0.283669, -0.002831, 0.520943, -0.062788, -0.851279, -1.2e-05, 0.0, 0.0, 0.0, 1.0],
                [0.741291, 0.516061, 0.429148, 0.124994, 0.580726, -0.813726, -0.024589, -0.002831, 0.336519, 0.267445, -0.9029, -1.2e-05, 0.0, 0.0, 0.0, 1.0],
                [0.992314, 0.116925, -0.04051, 0.124994, 0.110813, -0.693954, 0.71144, -0.002831, 0.055073, -0.710459, -0.701579, -1.2e-05, 0.0, 0.0, 0.0, 1.0],
                [0.997382, 0.051275, -0.050989, 0.124994, 0.071878, -0.625827, 0.776642, -0.002831, 0.007912, -0.778271, -0.627876, -1.2e-05, 0.0, 0.0, 0.0, 1.0],
                [0.979052, 0.105005, 0.174444, 0.124994, 0.052905, -0.958524, 0.280052, -0.002831, 0.196616, -0.264956, -0.944003, -1.2e-05, 0.0, 0.0, 0.0, 1.0]
            ]
        },
        {
            "name": "Leg_R",
            "time": [0.0, 0.1833, 0.3667, 0.65, 1.0167],
            "transform": [
                [1.0, -0.0, 1e-06, 0.0, -0.0, 0.824178, 0.566331, 0.37472, -1e-06, -0.566332, 0.824177, 0.0, 0.0, 0.0, 0.0, 1.0],
                [1.0, -0.0, 1e-06, 0.0, -0.0, 0.824178, 0.566331, 0.37472, -1e-06, -0.566332, 0.824177, -0.0, 0.0, 0.0, 0.0, 1.0],
                [1.0, -0.0, 1e-06, 0.0, -0.0, 0.824178, 0.566331, 0.37472, -1e-06, -0.566332, 0.824177, -0.0, 0.0, 0.0, 0.0, 1.0],
                [1.0, -0.0, 1e-06, 0.0, -0.0, 0.824178, 0.566331, 0.37472, -1e-06, -0.566332, 0.824177, -0.0, 0.0, 0.0, 0.0, 1.0],
                [1.0, 0.0, 1e-06, 0.0, -0.0, 0.955943, 0.293556, 0.37472, -1e-06, -0.293556, 0.955941, -0.0, 0.0, 0.0, 0.0, 1.0]
            ]
        },
        {
            "name": "Knee_R",
            "time": [0.0, 0.1833, 0.3667, 0.65, 1.0167],
            "transform": [
                [1.0, 0.0, -0.0, 0.0, -0.0, 1e-06, -1.0, 0.383077, -0.0, 1.0, 1e-06, -0.001653, 0.0, 0.0, 0.0, 1.0],
                [1.0, 0.0, -0.0, 0.0, -0.0, 1e-06, -1.0, 0.383077, -0.0, 1.0, 1e-06, -0.001653, 0.0, 0.0, 0.0, 1.0],
                [1.0, 0.0, -0.0, -0.0, -0.0, 1e-06, -1.0, 0.383077, -0.0, 1.0, 1e-06, -0.001653, 0.0, 0.0, 0.0, 1.0],
                [1.0, 0.0, -0.0, 0.0, -0.0, 1e-06, -1.0, 0.383077, -0.0, 1.0, 1e-06, -0.001653, 0.0, 0.0, 0.0, 1.0],
                [1.0, 0.0, -0.0, -0.0, -0.0, 1e-06, -1.0, 0.383077, -0.0, 1.0, 1e-06, -0.001653, 0.0, 0.0, 0.0, 1.0]
            ]
        },
        {
            "name": "Thigh_L",
            "time": [0.0, 0.1833, 0.3667, 0.65, 1.0167],
            "transform": [
                [0.854662, -0.413102, -0.314481, -0.125006, -0.182038, -0.805706, 0.563649, -0.002831, -0.486223, -0.424482, -0.763807, -1.2e-05, 0.0, 0.0, 0.0, 1.0],
                [0.905694, -0.405789, -0.122691, -0.125006, -0.172109, -0.61645, 0.768354, -0.002831, -0.387422, -0.674778, -0.628155, -1.2e-05, 0.0, 0.0, 0.0, 1.0],
                [0.905694, 0.033891, -0.422574, -0.125006, -0.172109, -0.88156, -0.439579, -0.002831, -0.387422, 0.470854, -0.792591, -1.2e-05, 0.0, 0.0, 0.0, 1.0],
                [0.905694, 0.093623, -0.413464, -0.125006, -0.172109, -0.810112, -0.560444, -0.002831, -0.387422, 0.578752, -0.7176, -1.2e-05, 0.0, 0.0, 0.0, 1.0],
                [0.95515, -0.069461, -0.287858, -0.125006, -0.059939, -0.997328, 0.041774, -0.002831, -0.28999, -0.022646, -0.956761, -1.2e-05, 0.0, 0.0, 0.0, 1.0]
            ]
        },
        {
            "name": "Leg_L",
            "time": [0.0, 0.1833, 0.3667, 0.65, 1.0167],
            "transform": [
                [1.0, -0.0, 1e-06, 0.0, -0.0, 0.865987, 0.500065, 0.37472, -1e-06, -0.500065, 0.865988, 0.0, 0.0, 0.0, 0.0, 1.0],
                [1.0, -0.0, 1e-06, -0.0, -0.0, 0.865988, 0.500065, 0.37472, -1e-06, -0.500065, 0.865988, -0.0, 0.0, 0.0, 0.0, 1.0],
                [1.0, -0.0, 1e-06, -0.0, -0.0, 0.865988, 0.500065, 0.37472, -1e-06, -0.500065, 0.865988, -0.0, 0.0, 0.0, 0.0, 1.0],
                [1.0, -0.0, 1e-06, 0.0, -0.0, 0.865987, 0.500065, 0.37472, -1e-06, -0.500065, 0.865988, 0.0, 0.0, 0.0, 0.0, 1.0],
                [1.0, 0.0, 1e-06, -0.0, -0.0, 0.987328, 0.158689, 0.37472, -1e-06, -0.158689, 0.987329, 0.0, 0.0, 0.0, 0.0, 1.0]
            ]
        },
        {
            "name": "Knee_L",
            "time": [0.0, 0.1833, 0.3667, 0.65, 1.0167],
            "transform": [
                [1.0, 0.0, -0.0, 0.0, -0.0, 1e-06, -1.0, 0.37472, -0.0, 1.0, 1e-06, 0.0, 0.0, 0.0, 0.0, 1.0],
                [1.0, 0.0, -0.0, -0.0, -0.0, 1e-06, -1.0, 0.37472, -0.0, 1.0, 1e-06, -0.0, 0.0, 0.0, 0.0, 1.0],
                [1.0, 0.0, -0.0, -0.0, -0.0, 1e-06, -1.0, 0.37472, -0.0, 1.0, 1e-06, -0.0, 0.0, 0.0, 0.0, 1.0],
                [1.0, 0.0, -0.0, 0.0, -0.0, 1e-06, -1.0, 0.37472, -0.0, 1.0, 1e-06, 0.0, 0.0, 0.0, 0.0, 1.0],
                [1.0, 0.0, -0.0, -0.0, -0.0, 1e-06, -1.0, 0.37472, -0.0, 1.0, 1e-06, 0.0, 0.0, 0.0, 0.0, 1.0]
            ]
        },
        {
            "name": "Torso",
            "time": [0.0, 0.1833, 0.3667, 0.65, 1.0167],
            "transform": [
                [0.996512, -0.002664, 0.083404, -0.0, -0.0, 0.99949, 0.031925, 0.05, -0.083446, -0.031814, 0.996004, 0.0, 0.0, 0.0, 0.0, 1.0],
                [0.996512, -0.002664, 0.083404, 0.0, -0.0, 0.99949, 0.031925, 0.05, -0.083446, -0.031814, 0.996004, 0.0, 0.0, 0.0, 0.0, 1.0],
                [0.983119, -0.002664, -0.182948, -0.0, 0.008438, 0.99949, 0.03079, 0.05, 0.182773, -0.031814, 0.98264, -0.0, 0.0, 0.0, 0.0, 1.0],
                [0.97713, -0.002664, -0.212627, -0.0, 0.009366, 0.99949, 0.03052, 0.05, 0.212437, -0.031814, 0.976657, -0.0, 0.0, 0.0, 0.0, 1.0],
                [0.996512, -0.002664, 0.083404, 0.0, -0.0, 0.99949, 0.031925, 0.05, -0.083446, -0.031814, 0.996004, -0.0, 0.0, 0.0, 0.0, 1.0]
            ]
        },
        {
            "name": "Chest",
            "time": [0.0, 0.1833, 0.3667, 0.65, 1.0167],
            "transform": [
                [0.99624, 0.04226, 0.075633, 0.0, -0.045595, 0.998038, 0.04292, 0.3, -0.07367, -0.046207, 0.996212, -0.0, 0.0, 0.0, 0.0, 1.0],
                [0.783366, 0.04226, 0.620123, 0.0, -0.061805, 0.998038, 0.01006, 0.3, -0.618481, -0.046207, 0.78444, 0.0, 0.0, 0.0, 0.0, 1.0],
                [0.616099, 0.148216, -0.773599, -0.0, 0.098803, 0.959837, 0.262585, 0.3, 0.781448, -0.238212, 0.57671, 0.0, 0.0, 0.0, 0.0, 1.0],
                [0.486535, 0.17142, -0.856679, -0.0, 0.131396, 0.955052, 0.265728, 0.3, 0.863724, -0.24185, 0.442143, -0.0, 0.0, 0.0, 0.0, 1.0],
                [0.996909, 0.004476, -0.078441, -0.0, 0.0, 0.998376, 0.056972, 0.3, 0.078568, -0.056796, 0.99529, -0.0, 0.0, 0.0, 0.0, 1.0]
            ]
        },
        {
            "name": "Head",
            "time": [0.0, 0.1833, 0.3667, 0.65, 1.0167],
            "transform": [
                [-0.2261, 0.0, -0.974104, 0.0, -0.023912, 0.999699, 0.00555, 0.4, 0.973811, 0.024548, -0.226031, 0.0, 0.0, 0.0, 0.0, 1.0],
                [0.481295, 0.0, -0.876559, 0.0, -0.021518, 0.999699, -0.011815, 0.4, 0.876295, 0.024548, 0.48115, 0.0, 0.0, 0.0, 0.0, 1.0],
                [0.566963, -0.0, 0.823743, -0.0, 0.020221, 0.999699, -0.013918, 0.4, -0.823495, 0.024548, 0.566792, 0.0, 0.0, 0.0, 0.0, 1.0],
                [0.454745, -0.0, 0.890622, 0.0, 0.021863, 0.999699, -0.011163, 0.4, -0.890353, 0.024548, 0.454608, 0.0, 0.0, 0.0, 0.0, 1.0],
                [1.0, 0.0, -0.0, 0.0, 0.0, 0.999699, -0.024548, 0.4, 0.0, 0.024548, 0.999699, 0.0, 0.0, 0.0, 0.0, 1.0]
            ]
        },
        {
            "name": "Shoulder_R",
            "time": [0.0, 0.1833, 0.3667, 0.65, 1.0167],
            "transform": [
                [0.395976, 0.86573, 0.306128, 0.0, -0.128203, -0.277991, 0.95199, 0.4, 0.909267, -0.416211, 0.000911, 0.0, 0.0, 0.0, 0.0, 1.0],
                [0.395976, 0.86573, 0.306128, 0.0, -0.128203, -0.277991, 0.95199, 0.4, 0.909267, -0.416211, 0.000911, 0.0, 0.0, 0.0, 0.0, 1.0],
                [0.395976, 0.86573, 0.306128, -0.0, -0.128203, -0.277991, 0.95199, 0.4, 0.909267, -0.416211, 0.000911, 0.0, 0.0, 0.0, 0.0, 1.0],
                [0.395976, 0.86573, 0.306128, 0.0, -0.128203, -0.277991, 0.95199, 0.4, 0.909267, -0.416211, 0.000911, 0.0, 0.0, 0.0, 0.0, 1.0],
                [-0.004613, 0.951979, 0.306128, 0.0, 0.000526, -0.306129, 0.95199, 0.4, 0.999989, 0.004553, 0.000911, 0.0, 0.0, 0.0, 0.0, 1.0]
            ]
        },
        {
            "name": "Arm_R",
            "time": [0.0, 0.1833, 0.3667, 0.65, 1.0167],
            "transform": [
                [-0.225532, -0.968282, 0.107545, -0.0, -0.623165, 0.058526, -0.779898, 0.393861, 0.748866, -0.24291, -0.616598, 0.0, 0.0, 0.0, 0.0, 1.0],
                [-0.225532, -0.968282, 0.107545, 0.0, -0.623165, 0.058526, -0.779898, 0.39386, 0.748866, -0.24291, -0.616598, -0.0, 0.0, 0.0, 0.0, 1.0],
                [-0.155138, -0.531448, -0.832763, 0.0, 0.118674, 0.826839, -0.549776, 0.39386, 0.980739, -0.184119, -0.065205, -0.0, 0.0, 0.0, 0.0, 1.0],
                [-0.098935, -0.444972, -0.890063, -0.0, 0.187086, 0.870183, -0.455829, 0.393861, 0.977349, -0.211615, -0.002844, 0.0, 0.0, 0.0, 0.0, 1.0],
                [0.321295, -0.012615, -0.946895, 0.0, 0.869433, 0.400215, 0.28968, 0.39386, 0.375307, -0.916334, 0.139555, 0.0, 0.0, 0.0, 0.0, 1.0]
            ]
        },
        {
            "name": "Hand_R",
            "time": [0.0, 0.1833, 0.3667, 0.65, 1.0167],
            "transform": [
                [1.0, -0.0, 0.0, 0.0, 0.0, 0.880266, -0.474481, 0.3, -0.0, 0.474481, 0.880266, -0.0, 0.0, 0.0, 0.0, 1.0],
                [1.0, -0.0, 0.0, 0.0, 0.0, 0.880266, -0.474481, 0.3, -0.0, 0.474481, 0.880266, 0.0, 0.0, 0.0, 0.0, 1.0],
                [1.0, -0.0, 0.0, -0.0, 0.0, 0.987539, -0.157376, 0.3, -0.0, 0.157376, 0.987539, 0.0, 0.0, 0.0, 0.0, 1.0],
                [1.0, -0.0, 0.0, 0.0, 0.0, 0.992806, -0.119737, 0.3, -0.0, 0.119737, 0.992806, 0.0, 0.0, 0.0, 0.0, 1.0],
                [1.0, -0.0, 0.0, 0.0, 0.0, 0.999999, -0.001508, 0.3, -0.0, 0.001508, 0.999999, -0.0, 0.0, 0.0, 0.0, 1.0]
            ]
        },
        {
            "name": "Tool_R",
            "time": [0.0, 0.1833, 0.3667, 0.65, 1.0167],
            "transform": [
                [1.0, -0.0, 0.0, 0.0, 0.0, -0.940256, -0.340469, 0.253769, 0.0, 0.340257, -0.939703, 0.12195, 0.0, 0.0, 0.0, 1.0],
                [1.0, -0.0, 0.0, 0.0, 0.0, -0.940256, -0.340469, 0.253769, 0.0, 0.340257, -0.939703, 0.12195, 0.0, 0.0, 0.0, 1.0],
                [1.0, 0.0, 0.0, 0.0, 0.0, -0.842777, -0.538263, 0.253769, 0.0, 0.537936, -0.842283, 0.12195, 0.0, 0.0, 0.0, 1.0],
                [1.0, -0.0, 0.0, 0.0, 0.0, -0.829039, -0.559192, 0.253769, 0.0, 0.558852, -0.828553, 0.12195, 0.0, 0.0, 0.0, 1.0],
                [1.0, 0.0, 0.0, 0.0, 0.0, -0.940256, -0.340469, 0.197299, 0.0, 0.340257, -0.939703, -0.268856, 0.0, 0.0, 0.0, 1.0]
            ]
        },
        {
            "name": "Elbow_R",
            "time": [0.0, 0.1833, 0.3667, 0.65, 1.0167],
            "transform": [
                [-1.0, 0.0, 0.0, 0.0, 0.0, 0.137951, -0.990439, 0.3, -0.0, -0.990439, -0.137951, -0.0, 0.0, 0.0, 0.0, 1.0],
                [-1.0, 0.0, 0.0, 0.0, 0.0, 0.137951, -0.990439, 0.3, -0.0, -0.990439, -0.137951, 0.0, 0.0, 0.0, 0.0, 1.0],
                [-1.0, 0.0, 0.0, -0.0, -0.0, 0.137951, -0.990439, 0.3, -0.0, -0.990439, -0.137951, 0.0, 0.0, 0.0, 0.0, 1.0],
                [-1.0, 0.0, -0.0, 0.0, -0.0, 0.137951, -0.990439, 0.3, -0.0, -0.990439, -0.137951, 0.0, 0.0, 0.0, 0.0, 1.0],
                [-1.0, 0.0, 0.0, 0.0, -0.0, 0.137951, -0.990439, 0.3, -0.0, -0.990439, -0.137951, -0.0, 0.0, 0.0, 0.0, 1.0]
            ]
        },
        {
            "name": "Shoulder_L",
            "time": [0.0, 0.1833, 0.3667, 0.65, 1.0167],
            "transform": [
                [0.270526, -0.928127, -0.255726, 0.0, 0.101803, -0.236562, 0.966268, 0.4, -0.957315, -0.287434, 0.03049, 0.0, 0.0, 0.0, 0.0, 1.0],
                [0.270526, -0.928127, -0.255726, 0.0, 0.101803, -0.236562, 0.966268, 0.4, -0.957315, -0.287434, 0.03049, 0.0, 0.0, 0.0, 0.0, 1.0],
                [0.270526, -0.928127, -0.255726, -0.0, 0.101803, -0.236562, 0.966268, 0.4, -0.957315, -0.287434, 0.03049, 0.0, 0.0, 0.0, 0.0, 1.0],
                [0.270526, -0.928127, -0.255726, 0.0, 0.101803, -0.236562, 0.966268, 0.4, -0.957315, -0.287434, 0.03049, 0.0, 0.0, 0.0, 0.0, 1.0],
                [0.004613, -0.934562, -0.35577, 0.0, 0.000524, -0.355771, 0.934573, 0.4, -0.999989, -0.004498, -0.001151, 0.0, 0.0, 0.0, 0.0, 1.0]
            ]
        },
        {
            "name": "Arm_L",
            "time": [0.0, 0.1833, 0.3667, 0.65, 1.0167],
            "transform": [
                [-0.296091, 0.750671, -0.590612, 0.0, -0.249828, 0.535949, 0.80644, 0.39386, 0.921909, 0.386331, 0.028849, 0.0, 0.0, 0.0, 0.0, 1.0],
                [-0.296091, 0.750671, -0.590612, -0.0, -0.249828, 0.535949, 0.80644, 0.39386, 0.921909, 0.386331, 0.028849, 0.0, 0.0, 0.0, 0.0, 1.0],
                [0.33135, 0.938383, -0.098209, -0.0, -0.125636, 0.147044, 0.981119, 0.39386, 0.935106, -0.312755, 0.166618, -0.0, 0.0, 0.0, 0.0, 1.0],
                [0.398583, 0.916353, -0.037808, -0.0, -0.129661, 0.097112, 0.986791, 0.39386, 0.907921, -0.388416, 0.157522, 0.0, 0.0, 0.0, 0.0, 1.0],
                [0.39346, -0.060643, 0.917339, -0.0, -0.810023, 0.44905, 0.377116, 0.39386, -0.434801, -0.891446, 0.127562, -0.0, 0.0, 0.0, 0.0, 1.0]
            ]
        },
        {
            "name": "Hand_L",
            "time": [0.0, 0.1833, 0.3667, 0.65, 1.0167],
            "transform": [
                [1.0, 0.0, 0.0, -0.0, -0.0, 0.876359, -0.481659, 0.3, -0.0, 0.481659, 0.876359, -0.0, 0.0, 0.0, 0.0, 1.0],
                [1.0, 0.0, 0.0, -0.0, -0.0, 0.876359, -0.481659, 0.3, -0.0, 0.481659, 0.876359, 0.0, 0.0, 0.0, 0.0, 1.0],
                [1.0, 0.0, 0.0, 0.0, -0.0, 0.986133, -0.165959, 0.3, -0.0, 0.165959, 0.986133, 0.0, 0.0, 0.0, 0.0, 1.0],
                [1.0, 0.0, 0.0, 0.0, -0.0, 0.991719, -0.128425, 0.3, -0.0, 0.128425, 0.991719, -0.0, 0.0, 0.0, 0.0, 1.0],
                [1.0, -0.0, 0.0, -0.0, -0.0, 0.997875, 0.065166, 0.3, -0.0, -0.065166, 0.997875, 0.0, 0.0, 0.0, 0.0, 1.0]
            ]
        },
        {
            "name": "Tool_L",
            "time": [0.0, 0.1833, 0.3667, 0.65, 1.0167],
            "transform": [
                [1.0, 0.0, 0.0, 0.0, 0.0, -0.98696, 0.160962, 0.232533, 0.0, -0.160878, -0.986378, 0.139817, 0.0, 0.0, 0.0, 1.0],
                [1.0, 0.0, 0.0, -0.0, 0.0, -0.98696, 0.160962, 0.232533, 0.0, -0.160878, -0.986378, 0.139817, 0.0, 0.0, 0.0, 1.0],
                [1.0, 0.0, 0.0, 0.0, 0.0, -0.986961, 0.160962, 0.232533, 0.0, -0.160878, -0.986378, 0.139817, 0.0, 0.0, 0.0, 1.0],
                [1.0, 0.0, 0.0, 0.0, -0.0, -0.986961, 0.160962, 0.232533, 0.0, -0.160878, -0.986378, 0.139817, 0.0, 0.0, 0.0, 1.0],
                [1.0, 0.0, 0.0, 0.0, 0.0, -0.989974, -0.141246, 0.251107, 0.0, 0.141152, -0.989394, -0.203281, 0.0, 0.0, 0.0, 1.0]
            ]
        },
        {
            "name": "Elbow_L",
            "time": [0.0, 0.1833, 0.3667, 0.65, 1.0167],
            "transform": [
                [-1.0, 0.0, -0.0, -0.0, 0.0, -0.0, -1.0, 0.3, -0.0, -1.0, 0.0, -0.0, 0.0, 0.0, 0.0, 1.0],
                [-1.0, 0.0, -0.0, -0.0, 0.0, -0.0, -1.0, 0.3, -0.0, -1.0, -0.0, 0.0, 0.0, 0.0, 0.0, 1.0],
                [-1.0, 0.0, -0.0, 0.0, 0.0, -0.0, -1.0, 0.3, -0.0, -1.0, -0.0, 0.0, 0.0, 0.0, 0.0, 1.0],
                [-1.0, 0.0, -0.0, 0.0, -0.0, 0.0, -1.0, 0.3, -0.0, -1.0, 0.0, -0.0, 0.0, 0.0, 0.0, 1.0],
                [-1.0, 0.0, -0.0, -0.0, 0.0, -0.0, -1.0, 0.3, -0.0, -1.0, -0.0, 0.0, 0.0, 0.0, 0.0, 1.0]
            ]
        }
    ]
}