{
    "animation": [
        {
            "name": "Root",
            "time": [0.0, 0.2833, 0.6333, 0.7667, 0.8833, 1.2667, 1.4833],
            "transform": [
                [1.0, 0.0, 0.0, -5e-06, 0.0, 0.0, -1.0, 0.000946, 0.0, 1.0, 0.0, 0.764948, 0.0, 0.0, 0.0, 1.0],
                [0.001325, 0.0, 0.999999, -5e-06, 0.999999, 0.0, -0.001325, -0.320887, 0.0, 1.0, 0.0, 0.719431, 0.0, 0.0, 0.0, 1.0],
                [-0.130961, 0.0, 0.991388, -5e-06, 0.991388, 0.0, 0.130961, -0.351075, 0.0, 1.0, 0.0, 0.715161, 0.0, 0.0, 0.0, 1.0],
                [0.870409, 0.0, -0.49233, -5e-06, -0.49233, 0.0, -0.870409, 0.338671, 0.0, 1.0, 0.0, 0.715161, 0.0, 0.0, 0.0, 1.0],
                [-0.413457, 0.0, -0.910524, -5e-06, -0.910524, 0.0, 0.413457, 1.016487, 0.0, 1.0, 0.0, 0.715161, 0.0, 0.0, 0.0, 1.0],
                [-0.391565, 0.0, 0.920151, -5e-06, 0.920151, 0.0, 0.391565, 2.103259, 0.0, 1.0, 0.0, 0.715161, 0.0, 0.0, 0.0, 1.0],
                [-0.391565, 0.0, 0.920151, -5e-06, 0.920151, 0.0, 0.391565, 2.103259, 0.0, 1.0, 0.0, 0.715161, 0.0, 0.0, 0.0, 1.0]
            ]
        },
        {
            "name": "Thigh_R",
            "time": [0.0, 0.2833, 0.6333, 0.7667, 0.9, 1.2667, 1.4833],
            "transform": [
                [0.979052, 0.105005, 0.174444, 0.124994, 0.052905, -0.958524, 0.280052, -0.002831, 0.196616, -0.264956, -0.944002, -1.2e-05, 0.0, 0.0, 0.0, 1.0],
                [0.979052, 0.105005, 0.174444, 0.124994, 0.052905, -0.958524, 0.280052, -0.002831, 0.196616, -0.264956, -0.944002, -1.2e-05, 0.0, 0.0, 0.0, 1.0],
                [0.758755, 0.421161, 0.496904, 0.124994, 0.162765, -0.861238, 0.481428, -0.002831, 0.630712, -0.284407, -0.722021, -1.2e-05, 0.0, 0.0, 0.0, 1.0],
                [0.972429, 0.149602, 0.178884, 0.124994, 0.167112, -0.98208, -0.087111, -0.002831, 0.162647, 0.114603, -0.980006, -1.2e-05, 0.0, 0.0, 0.0, 1.0],
                [0.805507, 0.565607, 0.176764, 0.124994, 0.579064, -0.814649, -0.032061, -0.002831, 0.125867, 0.128183, -0.983731, -1.2e-05, 0.0, 0.0, 0.0, 1.0],
                [0.7757, 0.451034, 0.441425, 0.124994, 0.35624, -0.890293, 0.283669, -0.002831, 0.520943, -0.062788, -0.851279, -1.2e-05, 0.0, 0.0, 0.0, 1.0],
                [0.7757, 0.451034, 0.441425, 0.124994, 0.35624, -0.890293, 0.283669, -0.002831, 0.520943, -0.062788, -0.851279, -1.2e-05, 0.0, 0.0, 0.0, 1.0]
            ]
        },
        {
            "name": "Leg_R",
            "time": [0.0, 0.2833, 0.6333, 0.9, 1.2667, 1.4833],
            "transform": [
                [1.0, 0.0, 1e-06, -0.0, -0.0, 0.955943, 0.293556, 0.37472, -1e-06, -0.293556, 0.955941, -0.0, 0.0, 0.0, 0.0, 1.0],
                [1.0, -0.0, 1e-06, -0.0, -0.0, 0.838624, 0.544711, 0.37472, -1e-06, -0.544712, 0.838623, -0.0, 0.0, 0.0, 0.0, 1.0],
                [1.0, -0.0, 1e-06, -0.0, -0.0, 0.824178, 0.566331, 0.37472, -1e-06, -0.566332, 0.824177, 0.0, 0.0, 0.0, 0.0, 1.0],
                [1.0, -0.0, 1e-06, -0.0, -0.0, 0.514553, 0.857458, 0.37472, -1e-06, -0.85746, 0.514552, 0.0, 0.0, 0.0, 0.0, 1.0],
                [1.0, -0.0, 1e-06, 0.0, -0.0, 0.824178, 0.566331, 0.37472, -1e-06, -0.566332, 0.824177, -0.0, 0.0, 0.0, 0.0, 1.0],
                [1.0, -0.0, 1e-06, 0.0, -0.0, 0.824178, 0.566331, 0.37472, -1e-06, -0.566332, 0.824177, -0.0, 0.0, 0.0, 0.0, 1.0]
            ]
        },
        {
            "name": "Knee_R",
            "time": [0.0, 0.2833, 0.6333, 1.2667, 1.4833],
            "transform": [
                [1.0, 0.0, -0.0, -0.0, -0.0, 1e-06, -1.0, 0.383077, -0.0, 1.0, 1e-06, -0.001653, 0.0, 0.0, 0.0, 1.0],
                [1.0, 0.0, -0.0, -0.0, -0.0, 1e-06, -1.0, 0.383077, -0.0, 1.0, 1e-06, -0.001653, 0.0, 0.0, 0.0, 1.0],
                [1.0, 0.0, -0.0, -0.0, -0.0, 1e-06, -1.0, 0.383077, -0.0, 1.0, 1e-06, -0.001653, 0.0, 0.0, 0.0, 1.0],
                [1.0, 0.0, -0.0, 0.0, -0.0, 1e-06, -1.0, 0.383077, -0.0, 1.0, 1e-06, -0.001653, 0.0, 0.0, 0.0, 1.0],
                [1.0, 0.0, -0.0, 0.0, -0.0, 1e-06, -1.0, 0.383077, -0.0, 1.0, 1e-06, -0.001653, 0.0, 0.0, 0.0, 1.0]
            ]
        },
        {
            "name": "Thigh_L",
            "time": [0.0, 0.2833, 0.6333, 0.9, 1.2667, 1.4833],
            "transform": [
                [0.95515, -0.069461, -0.287858, -0.125006, -0.059939, -0.997328, 0.041774, -0.002831, -0.28999, -0.022646, -0.956761, -1.2e-05, 0.0, 0.0, 0.0, 1.0],
                [0.835978, -0.387027, -0.389037, -0.125006, -0.281574, -0.911022, 0.301256, -0.002831, -0.471015, -0.142301, -0.870571, -1.2e-05, 0.0, 0.0, 0.0, 1.0],
                [0.819965, -0.415779, -0.393427, -0.125006, -0.298473, -0.897039, 0.325936, -0.002831, -0.488436, -0.149828, -0.85964, -1.2e-05, 0.0, 0.0, 0.0, 1.0],
                [0.858493, -0.230404, -0.458151, -0.125006, -0.005469, -0.897451, 0.441079, -0.002831, -0.512795, -0.376158, -0.771716, -1.2e-05, 0.0, 0.0, 0.0, 1.0],
                [0.854662, -0.413102, -0.314481, -0.125006, -0.182038, -0.805706, 0.563649, -0.002831, -0.486223, -0.424482, -0.763807, -1.2e-05, 0.0, 0.0, 0.0, 1.0],
                [0.854662, -0.413102, -0.314481, -0.125006, -0.182038, -0.805706, 0.563649, -0.002831, -0.486223, -0.424482, -0.763807, -1.2e-05, 0.0, 0.0, 0.0, 1.0]
            ]
        },
        {
            "name": "Leg_L",
            "time": [0.0, 0.2833, 0.6333, 0.7667, 0.9, 1.2667, 1.4833],
            "transform": [
                [1.0, 0.0, 1e-06, 0.0, -0.0, 0.987328, 0.158689, 0.37472, -1e-06, -0.158689, 0.987329, -0.0, 0.0, 0.0, 0.0, 1.0],
                [1.0, -0.0, 1e-06, 0.0, -0.0, 0.881123, 0.472886, 0.37472, -1e-06, -0.472886, 0.881124, -0.0, 0.0, 0.0, 0.0, 1.0],
                [1.0, -0.0, 1e-06, 0.0, -0.0, 0.865988, 0.500065, 0.37472, -1e-06, -0.500065, 0.865988, 0.0, 0.0, 0.0, 0.0, 1.0],
                [1.0, -0.0, 1e-06, -0.0, -0.0, 0.694361, 0.719627, 0.37472, -1e-06, -0.719627, 0.694361, 0.0, 0.0, 0.0, 0.0, 1.0],
                [1.0, -0.0, 1e-06, -0.0, -0.0, 0.896044, 0.443965, 0.37472, -1e-06, -0.443965, 0.896044, 0.0, 0.0, 0.0, 0.0, 1.0],
                [1.0, -0.0, 1e-06, -0.0, -0.0, 0.865987, 0.500065, 0.37472, -1e-06, -0.500065, 0.865988, 0.0, 0.0, 0.0, 0.0, 1.0],
                [1.0, -0.0, 1e-06, -0.0, -0.0, 0.865987, 0.500065, 0.37472, -1e-06, -0.500065, 0.865988, 0.0, 0.0, 0.0, 0.0, 1.0]
            ]
        },
        {
            "name": "Knee_L",
            "time": [0.0, 0.2833, 0.6333, 1.2667, 1.4833],
            "transform": [
                [1.0, 0.0, -0.0, 0.0, -0.0, 1e-06, -1.0, 0.37472, -0.0, 1.0, 1e-06, -0.0, 0.0, 0.0, 0.0, 1.0],
                [1.0, 0.0, -0.0, 0.0, -0.0, 1e-06, -1.0, 0.37472, -0.0, 1.0, 1e-06, -0.0, 0.0, 0.0, 0.0, 1.0],
                [1.0, 0.0, -0.0, 0.0, -0.0, 1e-06, -1.0, 0.37472, -0.0, 1.0, 1e-06, 0.0, 0.0, 0.0, 0.0, 1.0],
                [1.0, 0.0, -0.0, -0.0, -0.0, 1e-06, -1.0, 0.37472, -0.0, 1.0, 1e-06, 0.0, 0.0, 0.0, 0.0, 1.0],
                [1.0, 0.0, -0.0, -0.0, -0.0, 1e-06, -1.0, 0.37472, -0.0, 1.0, 1e-06, 0.0, 0.0, 0.0, 0.0, 1.0]
            ]
        },
        {
            "name": "Torso",
            "time": [0.0, 0.2833, 0.6333, 1.2667, 1.4833],
            "transform": [
                [0.996512, -0.002664, 0.083404, 0.0, -0.0, 0.99949, 0.031925, 0.05, -0.083446, -0.031814, 0.996004, 0.0, 0.0, 0.0, 0.0, 1.0],
                [0.996512, -0.002664, 0.083404, -0.0, -0.0, 0.99949, 0.031925, 0.05, -0.083446, -0.031814, 0.996004, 0.0, 0.0, 0.0, 0.0, 1.0],
                [0.996512, -0.002664, 0.083404, 0.0, -0.0, 0.99949, 0.031925, 0.05, -0.083446, -0.031814, 0.996004, -0.0, 0.0, 0.0, 0.0, 1.0],
                [0.996512, -0.002664, 0.083404, 0.0, -0.0, 0.99949, 0.031925, 0.05, -0.083446, -0.031814, 0.996004, -0.0, 0.0, 0.0, 0.0, 1.0],
                [0.996512, -0.002664, 0.083404, 0.0, -0.0, 0.99949, 0.031925, 0.05, -0.083446, -0.031814, 0.996004, -0.0, 0.0, 0.0, 0.0, 1.0]
            ]
        },
        {
            "name": "Chest",
            "time": [0.0, 0.15, 0.2833, 0.6333, 0.7833, 0.85, 1.0, 1.2667, 1.4833],
            "transform": [
                [0.996909, 0.004476, -0.078441, 0.0, 0.0, 0.998376, 0.056972, 0.3, 0.078568, -0.056796, 0.99529, 0.0, 0.0, 0.0, 0.0, 1.0],
                [0.979868, -0.051828, 0.192802, 0.0, -0.015715, 0.942698, 0.333278, 0.3, -0.199027, -0.329598, 0.922905, -0.0, 0.0, 0.0, 0.0, 1.0],
                [0.891838, 0.004476, 0.452332, -0.0, -0.029677, 0.998376, 0.048632, 0.3, -0.45138, -0.056796, 0.890523, 0.0, 0.0, 0.0, 0.0, 1.0],
                [0.86774, 0.004476, 0.496999, 0.0, -0.032106, 0.998376, 0.047064, 0.3, -0.495981, -0.056796, 0.866474, 0.0, 0.0, 0.0, 0.0, 1.0],
                [0.985807, 0.004476, 0.167822, -0.0, -0.013937, 0.998376, 0.055241, 0.3, -0.167302, -0.056796, 0.984269, 0.0, 0.0, 0.0, 0.0, 1.0],
                [0.961961, 0.004476, 0.27315, -0.0, -0.019813, 0.998376, 0.053415, 0.3, -0.272467, -0.056796, 0.960488, -0.0, 0.0, 0.0, 0.0, 1.0],
                [0.94268, 0.004476, -0.333669, -0.0, 0.014738, 0.998376, 0.055032, 0.3, 0.333373, -0.056795, 0.941083, 0.0, 0.0, 0.0, 0.0, 1.0],
                [0.99624, 0.04226, 0.075633, 0.0, -0.045595, 0.998038, 0.04292, 0.3, -0.07367, -0.046207, 0.996212, 0.0, 0.0, 0.0, 0.0, 1.0],
                [0.99624, 0.04226, 0.075633, 0.0, -0.045595, 0.998038, 0.04292, 0.3, -0.07367, -0.046207, 0.996212, 0.0, 0.0, 0.0, 0.0, 1.0]
            ]
        },
        {
            "name": "Head",
            "time": [0.0, 0.15, 0.6333, 1.2667, 1.4833],
            "transform": [
                [1.0, 0.0, 0.0, 0.0, -0.0, 0.999699, -0.024548, 0.4, 0.0, 0.024548, 0.999699, 0.0, 0.0, 0.0, 0.0, 1.0],
                [0.749787, 0.0, -0.66168, -0.0, -0.016243, 0.999699, -0.018406, 0.4, 0.66148, 0.024548, 0.749561, 0.0, 0.0, 0.0, 0.0, 1.0],
                [-0.2261, 0.0, -0.974104, -0.0, -0.023912, 0.999699, 0.00555, 0.4, 0.973811, 0.024548, -0.226031, -0.0, 0.0, 0.0, 0.0, 1.0],
                [-0.2261, 0.0, -0.974104, -0.0, -0.023912, 0.999699, 0.00555, 0.4, 0.973811, 0.024548, -0.226031, 0.0, 0.0, 0.0, 0.0, 1.0],
                [-0.2261, 0.0, -0.974104, -0.0, -0.023912, 0.999699, 0.00555, 0.4, 0.973811, 0.024548, -0.226031, 0.0, 0.0, 0.0, 0.0, 1.0]
            ]
        },
        {
            "name": "Shoulder_R",
            "time": [0.0, 0.2833, 0.6333, 1.2667, 1.4833],
            "transform": [
                [-0.004613, 0.951979, 0.306128, 0.0, 0.000526, -0.306129, 0.95199, 0.4, 0.999989, 0.004553, 0.000911, 0.0, 0.0, 0.0, 0.0, 1.0],
                [-0.004613, 0.951979, 0.306128, -0.0, 0.000526, -0.306129, 0.95199, 0.4, 0.999989, 0.004553, 0.000911, 0.0, 0.0, 0.0, 0.0, 1.0],
                [-0.004613, 0.951979, 0.306128, -0.0, 0.000526, -0.306129, 0.95199, 0.4, 0.999989, 0.004553, 0.000911, -0.0, 0.0, 0.0, 0.0, 1.0],
                [0.395976, 0.86573, 0.306128, -0.0, -0.128203, -0.277991, 0.95199, 0.4, 0.909267, -0.416211, 0.000911, 0.0, 0.0, 0.0, 0.0, 1.0],
                [0.395976, 0.86573, 0.306128, -0.0, -0.128203, -0.277991, 0.95199, 0.4, 0.909267, -0.416211, 0.000911, 0.0, 0.0, 0.0, 0.0, 1.0]
            ]
        },
        {
            "name": "Arm_R",
            "time": [0.0, 0.15, 0.2833, 0.6333, 0.7333, 1.2667, 1.4833],
            "transform": [
                [0.321295, -0.012615, -0.946895, 0.0, 0.869433, 0.400215, 0.28968, 0.39386, 0.375307, -0.916334, 0.139555, 0.0, 0.0, 0.0, 0.0, 1.0],
                [-0.178987, -0.380139, -0.907446, -0.0, 0.491392, 0.764518, -0.417188, 0.39386, 0.852348, -0.520583, 0.049958, 0.0, 0.0, 0.0, 0.0, 1.0],
                [-0.126253, -0.98288, -0.134186, 0.0, -0.291124, 0.166024, -0.942169, 0.393861, 0.948318, -0.079887, -0.307101, 0.0, 0.0, 0.0, 0.0, 1.0],
                [-0.062793, -0.997676, -0.026435, 0.0, -0.397824, 0.049313, -0.916135, 0.39386, 0.91531, -0.047011, -0.399996, 0.0, 0.0, 0.0, 0.0, 1.0],
                [-0.062793, -0.747216, -0.661608, 0.0, -0.397824, 0.626714, -0.670049, 0.39386, 0.91531, 0.221129, -0.336614, 0.0, 0.0, 0.0, 0.0, 1.0],
                [-0.225532, -0.968282, 0.107545, -0.0, -0.623165, 0.058526, -0.779898, 0.39386, 0.748866, -0.24291, -0.616598, 0.0, 0.0, 0.0, 0.0, 1.0],
                [-0.225532, -0.968282, 0.107545, -0.0, -0.623165, 0.058526, -0.779898, 0.39386, 0.748866, -0.24291, -0.616598, 0.0, 0.0, 0.0, 0.0, 1.0]
            ]
        },
        {
            "name": "Hand_R",
            "time": [0.0, 0.15, 0.2833, 0.6333, 1.2667, 1.4833],
            "transform": [
                [1.0, -0.0, 0.0, 0.0, 0.0, 0.999999, -0.001508, 0.3, -0.0, 0.001508, 0.999999, -0.0, 0.0, 0.0, 0.0, 1.0],
                [1.0, -0.0, 0.0, -0.0, 0.0, 0.935806, -0.352515, 0.3, -0.0, 0.352515, 0.935806, -0.0, 0.0, 0.0, 0.0, 1.0],
                [1.0, -0.0, 0.0, 0.0, 0.0, 0.999999, -0.001508, 0.3, -0.0, 0.001508, 0.999999, -0.0, 0.0, 0.0, 0.0, 1.0],
                [1.0, -0.0, 0.0, 0.0, 0.0, 0.999999, -0.001508, 0.3, 0.0, 0.001508, 0.999999, 0.0, 0.0, 0.0, 0.0, 1.0],
                [1.0, -0.0, 0.0, -0.0, 0.0, 0.880266, -0.474481, 0.3, -0.0, 0.474481, 0.880266, 0.0, 0.0, 0.0, 0.0, 1.0],
                [1.0, -0.0, 0.0, -0.0, 0.0, 0.880266, -0.474481, 0.3, -0.0, 0.474481, 0.880266, 0.0, 0.0, 0.0, 0.0, 1.0]
            ]
        },
        {
            "name": "Tool_R",
            "time": [0.0, 0.2833, 0.6333, 0.7333, 1.2667, 1.4833],
            "transform": [
                [1.0, -0.0, 0.0, 0.0, 0.0, -0.940256, -0.340469, 0.197299, 0.0, 0.340257, -0.939703, -0.268856, 0.0, 0.0, 0.0, 1.0],
                [1.0, -0.0, 0.0, 0.0, 0.0, -0.940256, -0.340469, 0.197299, 0.0, 0.340257, -0.939703, -0.268856, 0.0, 0.0, 0.0, 1.0],
                [1.0, -0.0, 0.0, 0.0, 0.0, -0.940256, -0.340469, 0.197299, 0.0, 0.340257, -0.939703, -0.268856, 0.0, 0.0, 0.0, 1.0],
                [1.0, -0.0, 0.0, 0.0, 0.0, -0.940256, -0.340469, 0.253769, 0.0, 0.340257, -0.939703, 0.12195, 0.0, 0.0, 0.0, 1.0],
                [1.0, -0.0, 0.0, 0.0, 0.0, -0.940256, -0.340469, 0.253769, 0.0, 0.340257, -0.939703, 0.12195, 0.0, 0.0, 0.0, 1.0],
                [1.0, -0.0, 0.0, 0.0, 0.0, -0.940256, -0.340469, 0.253769, 0.0, 0.340257, -0.939703, 0.12195, 0.0, 0.0, 0.0, 1.0]
            ]
        },
        {
            "name": "Elbow_R",
            "time": [0.0, 0.2833, 0.6333, 1.2667, 1.4833],
            "transform": [
                [-1.0, 0.0, 0.0, 0.0, -0.0, 0.137951, -0.990439, 0.3, -0.0, -0.990439, -0.137951, -0.0, 0.0, 0.0, 0.0, 1.0],
                [-1.0, 0.0, 0.0, 0.0, -0.0, 0.137951, -0.990439, 0.3, -0.0, -0.990439, -0.137951, -0.0, 0.0, 0.0, 0.0, 1.0],
                [-1.0, 0.0, 0.0, 0.0, 0.0, 0.137951, -0.990439, 0.3, -0.0, -0.990439, -0.137951, 0.0, 0.0, 0.0, 0.0, 1.0],
                [-1.0, 0.0, 0.0, -0.0, 0.0, 0.137951, -0.990439, 0.3, -0.0, -0.990439, -0.137951, 0.0, 0.0, 0.0, 0.0, 1.0],
                [-1.0, 0.0, 0.0, -0.0, 0.0, 0.137951, -0.990439, 0.3, -0.0, -0.990439, -0.137951, 0.0, 0.0, 0.0, 0.0, 1.0]
            ]
        },
        {
            "name": "Shoulder_L",
            "time": [0.0, 0.2833, 0.6333, 1.2667, 1.4833],
            "transform": [
                [0.004613, -0.934562, -0.35577, 0.0, 0.000524, -0.355771, 0.934573, 0.4, -0.999989, -0.004498, -0.001151, 0.0, 0.0, 0.0, 0.0, 1.0],
                [0.004613, -0.934562, -0.35577, -0.0, 0.000524, -0.355771, 0.934573, 0.4, -0.999989, -0.004498, -0.001151, 0.0, 0.0, 0.0, 0.0, 1.0],
                [0.004613, -0.934562, -0.35577, -0.0, 0.000524, -0.355771, 0.934573, 0.4, -0.999989, -0.004498, -0.001151, -0.0, 0.0, 0.0, 0.0, 1.0],
                [0.270526, -0.928127, -0.255726, -0.0, 0.101803, -0.236562, 0.966268, 0.4, -0.957315, -0.287434, 0.03049, 0.0, 0.0, 0.0, 0.0, 1.0],
                [0.270526, -0.928127, -0.255726, -0.0, 0.101803, -0.236562, 0.966268, 0.4, -0.957315, -0.287434, 0.03049, 0.0, 0.0, 0.0, 0.0, 1.0]
            ]
        },
        {
            "name": "Arm_L",
            "time": [0.0, 0.15, 0.2833, 0.6333, 0.8167, 0.95, 1.2667, 1.4833],
            "transform": [
                [0.39346, -0.060643, 0.917339, 0.0, -0.810023, 0.44905, 0.377116, 0.39386, -0.434801, -0.891446, 0.127562, 0.0, 0.0, 0.0, 0.0, 1.0],
                [0.923692, 0.382354, 0.024471, -0.0, -0.33302, 0.769646, 0.54474, 0.39386, 0.18945, -0.511321, 0.838248, -0.0, 0.0, 0.0, 0.0, 1.0],
                [0.321801, -0.069627, -0.944243, -0.0, -0.155196, 0.979924, -0.125149, 0.39386, 0.934001, 0.186816, 0.304535, -0.0, 0.0, 0.0, 0.0, 1.0],
                [0.185597, -0.176799, -0.96659, 0.0, -0.182773, 0.960302, -0.210744, 0.39386, 0.965478, 0.21578, 0.145915, 0.0, 0.0, 0.0, 0.0, 1.0],
                [0.185597, -0.176799, -0.96659, 0.0, -0.182773, 0.960302, -0.210744, 0.39386, 0.965478, 0.21578, 0.145915, 0.0, 0.0, 0.0, 0.0, 1.0],
                [0.185597, 0.715988, -0.672989, 0.0, -0.182773, 0.698091, 0.692289, 0.39386, 0.965478, -0.005482, 0.260427, 0.0, 0.0, 0.0, 0.0, 1.0],
                [-0.296091, 0.750671, -0.590612, 0.0, -0.249828, 0.535949, 0.80644, 0.393861, 0.921909, 0.386331, 0.028849, -0.0, 0.0, 0.0, 0.0, 1.0],
                [-0.296091, 0.750671, -0.590612, 0.0, -0.249828, 0.535949, 0.80644, 0.393861, 0.921909, 0.386331, 0.028849, -0.0, 0.0, 0.0, 0.0, 1.0]
            ]
        },
        {
            "name": "Hand_L",
            "time": [0.0, 0.15, 0.2833, 0.6333, 1.2667, 1.4833],
            "transform": [
                [1.0, 0.0, 0.0, 0.0, -0.0, 0.997875, 0.065166, 0.3, -0.0, -0.065166, 0.997875, 0.0, 0.0, 0.0, 0.0, 1.0],
                [1.0, 0.0, 0.0, 0.0, 0.0, 0.902005, -0.431727, 0.3, -0.0, 0.431727, 0.902005, 0.0, 0.0, 0.0, 0.0, 1.0],
                [1.0, 0.0, 0.0, -0.0, -0.0, 0.923902, -0.382629, 0.3, -0.0, 0.382629, 0.923902, -0.0, 0.0, 0.0, 0.0, 1.0],
                [1.0, 0.0, 0.0, -0.0, -0.0, 0.906779, -0.421607, 0.3, -0.0, 0.421606, 0.906779, -0.0, 0.0, 0.0, 0.0, 1.0],
                [1.0, 0.0, 0.0, -0.0, -0.0, 0.876359, -0.481659, 0.3, -0.0, 0.481659, 0.876359, 0.0, 0.0, 0.0, 0.0, 1.0],
                [1.0, 0.0, 0.0, -0.0, -0.0, 0.876359, -0.481659, 0.3, -0.0, 0.481659, 0.876359, 0.0, 0.0, 0.0, 0.0, 1.0]
            ]
        },
        {
            "name": "Tool_L",
            "time": [0.0, 0.2833, 0.6333, 0.7333, 1.2667, 1.4833],
            "transform": [
                [1.0, 0.0, 0.0, 0.0, 0.0, -0.989974, -0.141246, 0.251107, 0.0, 0.141152, -0.989394, -0.203281, 0.0, 0.0, 0.0, 1.0],
                [1.0, -0.0, 0.0, -0.0, 0.0, -0.989974, -0.141246, 0.251107, 0.0, 0.141152, -0.989394, -0.203281, 0.0, 0.0, 0.0, 1.0],
                [1.0, -0.0, 0.0, -0.0, 0.0, -0.989974, -0.141246, 0.251107, 0.0, 0.141152, -0.989394, -0.203281, 0.0, 0.0, 0.0, 1.0],
                [1.0, -0.0, 0.0, -0.0, 0.0, -0.989974, -0.141246, 0.232534, 0.0, 0.141152, -0.989394, 0.139817, 0.0, 0.0, 0.0, 1.0],
                [1.0, 0.0, 0.0, -0.0, 0.0, -0.98696, 0.160962, 0.232534, 0.0, -0.160878, -0.986378, 0.139817, 0.0, 0.0, 0.0, 1.0],
                [1.0, 0.0, 0.0, -0.0, 0.0, -0.98696, 0.160962, 0.232534, 0.0, -0.160878, -0.986378, 0.139817, 0.0, 0.0, 0.0, 1.0]
            ]
        },
        {
            "name": "Elbow_L",
            "time": [0.0, 0.2833, 0.6333, 1.2667, 1.4833],
            "transform": [
                [-1.0, 0.0, -0.0, 0.0, 0.0, -0.0, -1.0, 0.3, -0.0, -1.0, -0.0, 0.0, 0.0, 0.0, 0.0, 1.0],
                [-1.0, 0.0, -0.0, -0.0, 0.0, -0.0, -1.0, 0.3, -0.0, -1.0, 0.0, -0.0, 0.0, 0.0, 0.0, 1.0],
                [-1.0, 0.0, -0.0, -0.0, 0.0, -0.0, -1.0, 0.3, -0.0, -1.0, -0.0, -0.0, 0.0, 0.0, 0.0, 1.0],
                [-1.0, 0.0, -0.0, -0.0, 0.0, -0.0, -1.0, 0.3, -0.0, -1.0, 0.0, 0.0, 0.0, 0.0, 0.0, 1.0],
                [-1.0, 0.0, -0.0, -0.0, 0.0, -0.0, -1.0, 0.3, -0.0, -1.0, 0.0, 0.0, 0.0, 0.0, 0.0, 1.0]
            ]
        }
    ]
}