{
    
    "animation": [
        {
            "name": "Root",
            "time": [0.0, 0.15, 0.3667, 0.4833, 0.6833, 0.8333, 1.0],
            "transform": [
                [0.854689, 0.0, -0.51914, -5e-06, -0.51914, 0.0, -0.854689, 0.000946, 0.0, 1.0, 0.0, 0.777146, 0.0, 0.0, 0.0, 1.0],
                [0.982942, 0.0, 0.183917, -0.005838, 0.183917, 0.0, -0.982942, 0.246141, 0.0, 1.0, 0.0, 0.718128, 0.0, 0.0, 0.0, 1.0],
                [0.786454, 0.0, 0.617648, -0.005838, 0.617648, 0.0, -0.786454, 0.246141, 0.0, 1.0, 0.0, 0.715196, 0.0, 0.0, 0.0, 1.0],
                [0.786454, 0.0, 0.617648, -0.005838, 0.617648, 0.0, -0.786454, 0.246141, 0.0, 1.0, 0.0, 0.715196, 0.0, 0.0, 0.0, 1.0],
                [0.983094, 0.0, 0.183103, -0.074765, 0.183103, 0.0, -0.983094, 0.944827, 0.0, 1.0, 0.0, 0.642814, 0.0, 0.0, 0.0, 1.0],
                [0.983094, 0.0, 0.183103, -0.074765, 0.183103, 0.0, -0.983094, 0.944827, 0.0, 1.0, 0.0, 0.642814, 0.0, 0.0, 0.0, 1.0],
                [0.983094, 0.0, 0.183103, -0.074765, 0.183103, 0.0, -0.983094, 0.944827, 0.0, 1.0, 0.0, 0.642814, 0.0, 0.0, 0.0, 1.0]
            ]
        },
        {
            "name": "Thigh_R",
            "time": [0.0, 0.0833, 0.15, 0.3667, 0.4833, 0.5833, 0.6833, 0.8333, 1.0],
            "transform": [
                [0.996122, 0.056386, -0.067528, 0.124994, 0.068868, -0.977426, 0.199728, -0.002831, -0.054742, -0.203604, -0.977522, -1.2e-05, 0.0, 0.0, 0.0, 1.0],
                [0.998272, 0.057788, -0.010619, 0.124994, 0.058179, -0.946922, 0.31615, -0.002831, 0.008215, -0.316221, -0.94865, -1.2e-05, 0.0, 0.0, 0.0, 1.0],
                [0.996928, 0.075293, 0.021543, 0.124994, 0.058119, -0.895674, 0.440893, -0.002831, 0.052491, -0.438285, -0.897302, -1.2e-05, 0.0, 0.0, 0.0, 1.0],
                [0.780815, 0.337994, 0.52544, 0.124994, 0.026027, -0.857889, 0.513172, -0.002831, 0.624219, -0.387016, -0.678652, -1.2e-05, 0.0, 0.0, 0.0, 1.0],
                [0.780815, 0.337994, 0.52544, 0.124994, 0.026027, -0.857889, 0.513172, -0.002831, 0.624219, -0.387016, -0.678652, -1.2e-05, 0.0, 0.0, 0.0, 1.0],
                [0.899967, 0.130414, 0.415995, 0.124994, 0.106737, -0.991079, 0.079789, -0.002831, 0.42269, -0.027405, -0.90586, -1.2e-05, 0.0, 0.0, 0.0, 1.0],
                [0.537517, 0.396405, 0.74427, 0.124994, 0.550587, -0.833491, 0.046288, -0.002831, 0.638692, 0.384905, -0.666273, -1.2e-05, 0.0, 0.0, 0.0, 1.0],
                [0.537517, 0.396405, 0.74427, 0.124994, 0.550587, -0.833491, 0.046288, -0.002831, 0.638692, 0.384905, -0.666273, -1.2e-05, 0.0, 0.0, 0.0, 1.0],
                [0.537517, 0.396405, 0.74427, 0.124994, 0.550587, -0.833491, 0.046288, -0.002831, 0.638692, 0.384905, -0.666273, -1.2e-05, 0.0, 0.0, 0.0, 1.0]
            ]
        },
        {
            "name": "Leg_R",
            "time": [0.0, 0.0833, 0.15, 0.3667, 0.4833, 0.6833, 0.8333, 1.0],
            "transform": [
                [1.0, -0.0, 2e-06, -0.0, -0.0, 0.9661, 0.258173, 0.37472, -2e-06, -0.258173, 0.966098, -0.0, 0.0, 0.0, 0.0, 1.0],
                [1.0, -1e-06, 1e-06, 0.0, -0.0, 0.707182, 0.707031, 0.37472, -2e-06, -0.707032, 0.707181, -0.0, 0.0, 0.0, 0.0, 1.0],
                [1.0, -1e-06, 2e-06, -0.0, -0.0, 0.920953, 0.389676, 0.37472, -2e-06, -0.389676, 0.920951, -0.0, 0.0, 0.0, 0.0, 1.0],
                [1.0, -1e-06, 2e-06, -0.0, -0.0, 0.920953, 0.389676, 0.37472, -2e-06, -0.389676, 0.920951, -0.0, 0.0, 0.0, 0.0, 1.0],
                [1.0, -1e-06, 2e-06, -0.0, -0.0, 0.920953, 0.389676, 0.37472, -2e-06, -0.389676, 0.920951, -0.0, 0.0, 0.0, 0.0, 1.0],
                [0.972953, -0.215068, -0.08431, 0.0, 0.229635, 0.860816, 0.454163, 0.37472, -0.025101, -0.461241, 0.88692, 0.0, 0.0, 0.0, 0.0, 1.0],
                [0.972953, -0.215068, -0.08431, 0.0, 0.229635, 0.860816, 0.454163, 0.37472, -0.025101, -0.461241, 0.88692, 0.0, 0.0, 0.0, 0.0, 1.0],
                [0.972953, -0.215068, -0.08431, 0.0, 0.229635, 0.860816, 0.454163, 0.37472, -0.025101, -0.461241, 0.88692, 0.0, 0.0, 0.0, 0.0, 1.0]
            ]
        },
        {
            "name": "Knee_R",
            "time": [0.0, 1.0],
            "transform": [
                [1.0, 0.0, -0.0, -0.0, -0.0, 1e-06, -1.0, 0.37472, -0.0, 1.0, 1e-06, -0.0, 0.0, 0.0, 0.0, 1.0],
                [1.0, 0.0, -0.0, 0.0, -0.0, 1e-06, -1.0, 0.37472, -0.0, 1.0, 1e-06, 0.0, 0.0, 0.0, 0.0, 1.0]
            ]
        },
        {
            "name": "Thigh_L",
            "time": [0.0, 0.15, 0.3667, 0.4833, 0.6833, 0.8333, 1.0],
            "transform": [
                [0.862919, -0.170302, -0.475781, -0.109662, -0.086164, -0.977301, 0.193541, -0.002831, -0.497941, -0.126015, -0.858006, 0.02525, 0.0, 0.0, 0.0, 1.0],
                [0.791439, -0.194234, -0.579566, -0.109662, -0.35703, -0.916508, -0.180395, -0.002831, -0.496137, 0.349695, -0.794708, 0.02525, 0.0, 0.0, 0.0, 1.0],
                [0.791439, -0.194234, -0.579566, -0.109662, -0.35703, -0.916508, -0.180395, -0.002831, -0.496137, 0.349695, -0.794708, 0.02525, 0.0, 0.0, 0.0, 1.0],
                [0.791439, -0.194234, -0.579566, -0.109662, -0.35703, -0.916508, -0.180395, -0.002831, -0.496137, 0.349695, -0.794708, 0.02525, 0.0, 0.0, 0.0, 1.0],
                [0.971049, -0.036401, 0.236086, -0.109662, -0.186602, -0.732621, 0.654557, -0.002831, 0.149135, -0.679662, -0.718205, 0.02525, 0.0, 0.0, 0.0, 1.0],
                [0.971049, -0.036401, 0.236086, -0.109662, -0.186602, -0.732621, 0.654557, -0.002831, 0.149135, -0.679662, -0.718205, 0.02525, 0.0, 0.0, 0.0, 1.0],
                [0.971049, -0.036401, 0.236086, -0.109662, -0.186602, -0.732621, 0.654557, -0.002831, 0.149135, -0.679662, -0.718205, 0.02525, 0.0, 0.0, 0.0, 1.0]
            ]
        },
        {
            "name": "Leg_L",
            "time": [0.0, 0.15, 0.3667, 0.4833, 0.5667, 0.6833, 0.8333, 1.0],
            "transform": [
                [0.999985, 0.000377, 0.005472, 0.0, -0.001379, 0.982875, 0.184266, 0.37472, -0.005308, -0.184271, 0.982861, -0.0, 0.0, 0.0, 0.0, 1.0],
                [0.984682, 0.166377, 0.052153, 0.0, -0.171485, 0.870018, 0.462235, 0.37472, 0.031531, -0.464097, 0.885223, 0.0, 0.0, 0.0, 0.0, 1.0],
                [0.984682, 0.174273, 0.00548, -0.0, -0.171485, 0.962284, 0.211189, 0.37472, 0.031532, -0.208894, 0.97743, -0.0, 0.0, 0.0, 0.0, 1.0],
                [0.984682, 0.15891, 0.071756, -0.0, -0.171485, 0.808209, 0.563374, 0.37472, 0.031531, -0.567049, 0.82308, -0.0, 0.0, 0.0, 0.0, 1.0],
                [0.999391, 0.025768, 0.023546, 0.0, -0.033696, 0.536151, 0.843449, 0.37472, 0.009109, -0.843728, 0.536693, -0.0, 0.0, 0.0, 0.0, 1.0],
                [0.997253, -0.073721, -0.007288, 0.0, 0.071058, 0.92411, 0.37546, 0.37472, -0.020944, -0.374946, 0.92681, -0.0, 0.0, 0.0, 0.0, 1.0],
                [0.997253, -0.073721, -0.007288, 0.0, 0.071058, 0.92411, 0.37546, 0.37472, -0.020944, -0.374946, 0.92681, -0.0, 0.0, 0.0, 0.0, 1.0],
                [0.997253, -0.073721, -0.007288, 0.0, 0.071058, 0.92411, 0.37546, 0.37472, -0.020944, -0.374946, 0.92681, -0.0, 0.0, 0.0, 0.0, 1.0]
            ]
        },
        {
            "name": "Knee_L",
            "time": [0.0, 1.0],
            "transform": [
                [1.0, 0.0, -0.0, 0.0, -0.0, 1e-06, -1.0, 0.37472, -0.0, 1.0, 1e-06, -0.0, 0.0, 0.0, 0.0, 1.0],
                [1.0, 0.0, -0.0, 0.0, -0.0, 1e-06, -1.0, 0.37472, -0.0, 1.0, 1e-06, -0.0, 0.0, 0.0, 0.0, 1.0]
            ]
        },
        {
            "name": "Torso",
            "time": [0.0, 0.15, 0.4833, 0.6833, 1.0],
            "transform": [
                [0.965662, -0.025127, 0.258583, -0.0, 0.020968, 0.999603, 0.018828, 0.05, -0.258953, -0.012759, 0.965806, 0.0, 0.0, 0.0, 0.0, 1.0],
                [0.998966, -0.025127, -0.037882, 0.0, 0.02559, 0.999603, 0.011802, 0.05, 0.03757, -0.012759, 0.999212, -0.0, 0.0, 0.0, 0.0, 1.0],
                [0.995436, -0.025127, 0.092065, -0.0, 0.023842, 0.999603, 0.015023, 0.05, -0.092406, -0.012759, 0.99564, -0.0, 0.0, 0.0, 0.0, 1.0],
                [0.880201, -0.025127, -0.473935, 0.0, 0.028173, 0.999603, -0.000673, 0.05, 0.473764, -0.012759, 0.88056, -0.0, 0.0, 0.0, 0.0, 1.0],
                [0.880201, -0.025127, -0.473935, 0.0, 0.028173, 0.999603, -0.000673, 0.05, 0.473764, -0.012759, 0.88056, -0.0, 0.0, 0.0, 0.0, 1.0]
            ]
        },
        {
            "name": "Chest",
            "time": [0.0, 0.2167, 0.4833, 0.55, 0.65, 0.8667, 1.0],
            "transform": [
                [0.997431, -0.023894, 0.067533, -0.0, 0.022738, 0.999582, 0.017843, 0.3, -0.067931, -0.016261, 0.997558, -0.0, 0.0, 0.0, 0.0, 1.0],
                [0.987706, -0.147822, 0.050853, 0.0, 0.14476, 0.987681, 0.059413, 0.3, -0.059009, -0.051322, 0.996937, -0.0, 0.0, 0.0, 0.0, 1.0],
                [0.848784, -0.079791, 0.522685, 0.0, -0.005607, 0.987134, 0.159798, 0.3, -0.52871, -0.138564, 0.837416, -0.0, 0.0, 0.0, 0.0, 1.0],
                [0.76334, -0.036193, 0.644982, 0.0, -0.061088, 0.989911, 0.127848, 0.3, -0.643102, -0.136992, 0.753428, -0.0, 0.0, 0.0, 0.0, 1.0],
                [0.889777, 0.008806, -0.456311, 0.0, 0.02938, 0.996635, 0.076522, 0.3, 0.455449, -0.081493, 0.886524, 0.0, 0.0, 0.0, 0.0, 1.0],
                [0.916839, -0.009544, -0.399142, 0.0, 0.02702, 0.998905, 0.038182, 0.3, 0.398341, -0.045792, 0.916094, 0.0, 0.0, 0.0, 0.0, 1.0],
                [0.916839, -0.009544, -0.399142, 0.0, 0.02702, 0.998905, 0.038182, 0.3, 0.398341, -0.045792, 0.916094, 0.0, 0.0, 0.0, 0.0, 1.0]
            ]
        },
        {
            "name": "Head",
            "time": [0.0, 0.3, 0.4667, 0.65, 0.8667, 1.0],
            "transform": [
                [0.989016, 0.03176, 0.144357, 0.0, -0.026637, 0.99895, -0.037285, 0.4, -0.145389, 0.033031, 0.988823, -0.0, 0.0, 0.0, 0.0, 1.0],
                [0.985, 0.03176, -0.169609, 0.0, -0.03689, 0.99895, -0.027182, 0.4, 0.168567, 0.033031, 0.985137, 0.0, 0.0, 0.0, 0.0, 1.0],
                [0.965902, 0.031787, -0.256948, -0.0, -0.039203, 0.998948, -0.02379, 0.4, 0.255922, 0.033052, 0.966132, 0.0, 0.0, 0.0, 0.0, 1.0],
                [0.728292, 0.03176, 0.68453, -0.0, -0.000496, 0.99895, -0.04582, 0.4, -0.685267, 0.033031, 0.727543, -0.0, 0.0, 0.0, 0.0, 1.0],
                [0.746697, 0.03176, 0.664406, -0.0, -0.001746, 0.99895, -0.045789, 0.4, -0.665163, 0.033031, 0.745968, 0.0, 0.0, 0.0, 0.0, 1.0],
                [0.746697, 0.03176, 0.664406, -0.0, -0.001746, 0.99895, -0.045789, 0.4, -0.665163, 0.033031, 0.745968, 0.0, 0.0, 0.0, 0.0, 1.0]
            ]
        },
        {
            "name": "Shoulder_R",
            "time": [0.0, 0.2833, 0.55, 0.6, 0.6333, 0.8667, 1.0],
            "transform": [
                [-0.059544, 0.923942, 0.37787, 0.0, -0.044266, -0.380613, 0.923674, 0.4, 0.997244, 0.038273, 0.063562, -0.0, 0.0, 0.0, 0.0, 1.0],
                [0.835925, 0.496613, 0.233674, -0.0, -0.185981, -0.144263, 0.971905, 0.4, 0.516372, -0.855899, -0.028233, -0.0, 0.0, 0.0, 0.0, 1.0],
                [0.835925, 0.496613, 0.233674, -0.0, -0.185981, -0.144263, 0.971905, 0.4, 0.516372, -0.855899, -0.028233, 0.0, 0.0, 0.0, 0.0, 1.0],
                [0.962749, 0.136055, 0.233674, 0.0, -0.227215, -0.061435, 0.971905, 0.4, 0.146588, -0.988794, -0.028233, 0.0, 0.0, 0.0, 0.0, 1.0],
                [0.070655, 0.969744, 0.233674, 0.0, 0.011987, -0.235068, 0.971905, 0.4, 0.997429, -0.065869, -0.028233, -0.0, 0.0, 0.0, 0.0, 1.0],
                [0.070655, 0.969744, 0.233674, -0.0, 0.011987, -0.235068, 0.971905, 0.4, 0.997429, -0.065869, -0.028233, 0.0, 0.0, 0.0, 0.0, 1.0],
                [0.070655, 0.969744, 0.233674, -0.0, 0.011987, -0.235068, 0.971905, 0.4, 0.997429, -0.065869, -0.028233, 0.0, 0.0, 0.0, 0.0, 1.0]
            ]
        },
        {
            "name": "Arm_R",
            "time": [0.0, 0.2833, 0.55, 0.6, 0.6333, 0.8667, 1.0],
            "transform": [
                [-0.218895, 0.064466, -0.973617, 0.0, 0.826533, 0.54256, -0.149902, 0.39386, 0.518582, -0.837539, -0.172047, -0.0, 0.0, 0.0, 0.0, 1.0],
                [-0.46357, -0.798756, -0.383526, -0.0, -0.480228, 0.590248, -0.648836, 0.39386, 0.744637, -0.116601, -0.657206, -0.0, 0.0, 0.0, 0.0, 1.0],
                [-0.46357, -0.798756, -0.383526, -0.0, -0.480228, 0.590249, -0.648836, 0.39386, 0.744637, -0.116601, -0.657206, 0.0, 0.0, 0.0, 0.0, 1.0],
                [-0.46357, -0.798756, -0.383526, 0.0, -0.480228, 0.590249, -0.648836, 0.393861, 0.744637, -0.116601, -0.657206, 0.0, 0.0, 0.0, 0.0, 1.0],
                [-0.143686, -0.44049, -0.886184, -0.0, -0.726901, 0.654633, -0.207535, 0.39386, 0.671543, 0.614348, -0.414254, -0.0, 0.0, 0.0, 0.0, 1.0],
                [-0.115736, 0.354528, -0.927855, 0.0, -0.740362, 0.591949, 0.318529, 0.393861, 0.66217, 0.723814, 0.193969, 0.0, 0.0, 0.0, 0.0, 1.0],
                [-0.115736, 0.354528, -0.927855, 0.0, -0.740362, 0.591949, 0.318529, 0.393861, 0.66217, 0.723814, 0.193969, 0.0, 0.0, 0.0, 0.0, 1.0]
            ]
        },
        {
            "name": "Hand_R",
            "time": [0.0, 0.3667, 0.5333, 0.5667, 0.6167, 0.7, 0.8667, 1.0],
            "transform": [
                [0.998476, 0.048074, -0.0271, 0.0, -0.049714, 0.996745, -0.063466, 0.3, 0.023961, 0.064716, 0.997616, 0.0, 0.0, 0.0, 0.0, 1.0],
                [0.998476, 0.03539, -0.042346, -0.0, -0.049714, 0.909945, -0.411738, 0.3, 0.023961, 0.413215, 0.910318, -0.0, 0.0, 0.0, 0.0, 1.0],
                [0.998476, 0.03539, -0.042346, 0.0, -0.049714, 0.909945, -0.411738, 0.3, 0.023961, 0.413215, 0.910318, 0.0, 0.0, 0.0, 0.0, 1.0],
                [0.998476, 0.051866, -0.018855, 0.0, -0.049714, 0.99367, 0.100744, 0.3, 0.023961, -0.099654, 0.994734, -0.0, 0.0, 0.0, 0.0, 1.0],
                [0.998476, 0.051866, -0.018855, 0.0, -0.049714, 0.99367, 0.100744, 0.3, 0.023961, -0.099654, 0.994734, -0.0, 0.0, 0.0, 0.0, 1.0],
                [0.999808, 0.002655, -0.019435, -0.0, -0.000903, 0.995977, 0.089608, 0.3, 0.019595, -0.089573, 0.995788, -0.0, 0.0, 0.0, 0.0, 1.0],
                [0.999808, 0.002655, -0.019435, 0.0, -0.000903, 0.995977, 0.089608, 0.3, 0.019595, -0.089573, 0.995788, -0.0, 0.0, 0.0, 0.0, 1.0],
                [0.999808, 0.002655, -0.019435, 0.0, -0.000903, 0.995977, 0.089608, 0.3, 0.019595, -0.089573, 0.995788, -0.0, 0.0, 0.0, 0.0, 1.0]
            ]
        },
        {
            "name": "Tool_R",
            "time": [0.0, 0.0167, 0.0333, 0.05, 0.0667, 0.0833, 0.1, 0.1167, 0.1333, 0.15, 0.1667, 0.1833, 0.2, 0.2167, 0.2333, 0.25, 0.35, 0.5167, 0.5333, 0.55, 0.6, 0.6333, 0.8667, 1.0],
            "transform": [
                [-0.877486, 0.464135, 0.120827, -0.882804, -0.470163, -0.882208, -0.02564, -0.001026, 0.094633, -0.07927, 0.991755, 0.759175, 0.0, 0.0, 0.0, 1.0],
                [-0.87396, 0.463645, 0.145694, -0.870814, -0.470544, -0.882249, -0.015005, -0.004489, 0.121505, -0.08163, 0.98863, 0.770026, 0.0, 0.0, 0.0, 1.0],
                [-0.852664, 0.481147, 0.203624, -0.839512, -0.491293, -0.870994, 0.000826, -0.025141, 0.177642, -0.099286, 0.978469, 0.80382, 0.0, 0.0, 0.0, 1.0],
                [-0.791801, 0.528587, 0.306018, -0.775459, -0.545094, -0.837586, 0.036374, -0.046759, 0.275374, -0.137935, 0.950767, 0.855798, 0.0, 0.0, 0.0, 1.0],
                [-0.707443, 0.555391, 0.43711, -0.676193, -0.577618, -0.81073, 0.095263, -0.067082, 0.40704, -0.184989, 0.89382, 0.912889, 0.0, 0.0, 0.0, 1.0],
                [-0.577147, 0.569265, 0.585525, -0.539128, -0.590142, -0.786332, 0.182796, -0.072145, 0.564136, -0.239909, 0.78931, 0.966407, 0.0, 0.0, 0.0, 1.0],
                [-0.389084, 0.565801, 0.726969, -0.370032, -0.580655, -0.763276, 0.283284, -0.053514, 0.714731, -0.311721, 0.625146, 0.990289, 0.0, 0.0, 0.0, 1.0],
                [-0.157819, 0.54171, 0.825617, -0.191514, -0.507162, -0.761861, 0.402932, -0.003193, 0.846771, -0.354929, 0.394741, 0.97037, 0.0, 0.0, 0.0, 1.0],
                [0.08771, 0.51644, 0.85182, -0.033654, -0.378715, -0.773619, 0.508024, 0.066715, 0.920798, -0.366947, 0.127659, 0.895188, 0.0, 0.0, 0.0, 1.0],
                [0.326857, 0.494626, 0.805301, 0.081932, -0.197753, -0.797446, 0.570065, 0.14382, 0.923604, -0.345384, -0.162734, 0.774185, 0.0, 0.0, 0.0, 1.0],
                [0.516565, 0.505979, 0.690758, 0.139195, 0.007934, -0.809521, 0.587038, 0.210034, 0.855705, -0.297595, -0.421928, 0.635325, 0.0, 0.0, 0.0, 1.0],
                [0.645187, 0.531088, 0.549254, 0.149768, 0.206036, -0.813205, 0.544286, 0.25236, 0.735287, -0.237868, -0.633711, 0.500313, 0.0, 0.0, 0.0, 1.0],
                [0.71062, 0.58157, 0.395976, 0.129398, 0.37822, -0.790331, 0.482003, 0.274862, 0.592923, -0.192649, -0.781118, 0.389035, 0.0, 0.0, 0.0, 1.0],
                [0.728776, 0.634212, 0.25819, 0.090873, 0.514725, -0.756055, 0.404277, 0.283321, 0.451341, -0.161643, -0.876915, 0.304719, 0.0, 0.0, 0.0, 1.0],
                [0.711183, 0.685184, 0.157297, 0.055344, 0.614992, -0.714773, 0.332994, 0.282528, 0.340398, -0.140008, -0.929162, 0.246523, 0.0, 0.0, 0.0, 1.0],
                [0.723409, 0.687147, 0.067156, 0.01973, 0.650737, -0.711098, 0.266237, 0.275675, 0.230569, -0.148817, -0.960993, 0.208853, 0.0, 0.0, 0.0, 1.0],
                [0.632321, 0.774335, 0.023991, -0.016759, 0.765536, -0.629288, 0.133986, 0.249484, 0.118785, -0.066323, -0.990105, 0.152306, 0.0, 0.0, 0.0, 1.0],
                [0.513152, 0.856522, 0.055191, -0.034247, 0.83543, -0.513191, 0.196705, 0.237219, 0.196698, -0.054805, -0.978326, 0.156258, 0.0, 0.0, 0.0, 1.0],
                [0.513152, 0.856522, 0.055191, -0.034247, 0.83543, -0.513191, 0.196705, 0.237219, 0.196698, -0.054805, -0.978326, 0.156258, 0.0, 0.0, 0.0, 1.0],
                [0.312528, 0.896435, -0.314216, -0.0342, 0.65704, -0.442895, -0.610035, 0.23735, -0.685608, -0.015796, -0.726986, 0.150812, 0.0, 0.0, 0.0, 1.0],
                [0.987403, 0.11144, 0.112323, -0.030566, 0.14399, -0.927151, -0.345917, 0.240852, 0.065554, 0.357511, -0.93097, 0.093688, 0.0, 0.0, 0.0, 1.0],
                [0.995998, 0.061301, 0.06504, 0.020703, 0.055721, -0.994874, 0.084394, 0.249223, 0.069839, -0.080395, -0.993718, 0.05959, 0.0, 0.0, 0.0, 1.0],
                [0.995997, 0.030708, 0.083947, 0.019085, 0.055739, -0.947554, -0.314699, 0.232107, 0.06984, 0.31792, -0.944916, 0.096279, 0.0, 0.0, 0.0, 1.0],
                [0.995997, 0.030708, 0.083947, 0.018707, 0.055739, -0.947554, -0.314699, 0.261064, 0.06984, 0.31792, -0.944916, 0.078587, 0.0, 0.0, 0.0, 1.0]
            ]
        },
        {
            "name": "Elbow_R",
            "time": [0.0, 1.0],
            "transform": [
                [-1.0, 0.0, -0.0, 0.0, 0.0, -0.0, -1.0, 0.3, -0.0, -1.0, 0.0, 0.0, 0.0, 0.0, 0.0, 1.0],
                [-1.0, 0.0, 0.0, 0.0, 0.0, -0.0, -1.0, 0.3, -0.0, -1.0, 0.0, -0.0, 0.0, 0.0, 0.0, 1.0]
            ]
        },
        {
            "name": "Shoulder_L",
            "time": [0.0, 0.5333, 0.65, 0.8667, 1.0],
            "transform": [
                [-0.007939, -0.952498, -0.304441, 0.0, -0.088921, -0.302572, 0.94897, 0.4, -0.996007, 0.034605, -0.082295, -0.0, 0.0, 0.0, 0.0, 1.0],
                [-0.007939, -0.952498, -0.304441, -0.0, -0.088921, -0.302572, 0.94897, 0.4, -0.996007, 0.034605, -0.082295, -0.0, 0.0, 0.0, 0.0, 1.0],
                [-0.44676, -0.841262, -0.304441, -0.0, -0.21856, -0.227351, 0.94897, 0.4, -0.867547, 0.4905, -0.082295, -0.0, 0.0, 0.0, 0.0, 1.0],
                [-0.509712, -0.80468, -0.304441, -0.0, -0.235287, -0.209992, 0.94897, 0.4, -0.827547, 0.555332, -0.082295, 0.0, 0.0, 0.0, 0.0, 1.0],
                [-0.509712, -0.80468, -0.304441, -0.0, -0.235287, -0.209992, 0.94897, 0.4, -0.827547, 0.555332, -0.082295, 0.0, 0.0, 0.0, 0.0, 1.0]
            ]
        },
        {
            "name": "Arm_L",
            "time": [0.0, 0.2167, 0.5333, 0.65, 1.0],
            "transform": [
                [0.222896, -0.111994, 0.968388, 0.0, -0.832018, 0.495804, 0.248847, 0.39386, -0.508, -0.861183, 0.017332, -0.0, 0.0, 0.0, 0.0, 1.0],
                [-0.149222, 0.07764, 0.985751, -0.0, -0.764516, 0.623179, -0.164815, 0.39386, -0.627095, -0.778216, -0.033635, -0.0, 0.0, 0.0, 0.0, 1.0],
                [-0.254916, 0.021405, 0.966726, -0.0, -0.865095, 0.441606, -0.237895, 0.39386, -0.432004, -0.896954, -0.094055, 0.0, 0.0, 0.0, 0.0, 1.0],
                [0.280665, -0.287634, 0.915693, 0.0, -0.863736, 0.340349, 0.371649, 0.39386, -0.418554, -0.895226, -0.152916, 0.0, 0.0, 0.0, 0.0, 1.0],
                [0.280665, -0.287634, 0.915693, -0.0, -0.863736, 0.340349, 0.371649, 0.39386, -0.418554, -0.895226, -0.152916, -0.0, 0.0, 0.0, 0.0, 1.0]
            ]
        },
        {
            "name": "Hand_L",
            "time": [0.0, 0.2167, 0.5333, 0.65, 1.0],
            "transform": [
                [0.997576, 0.022771, 0.06576, -0.0, -0.013617, 0.990555, -0.136437, 0.3, -0.068245, 0.135211, 0.988464, 0.0, 0.0, 0.0, 0.0, 1.0],
                [0.997576, 0.069167, 0.007664, -0.0, -0.013617, 0.302014, -0.953207, 0.3, -0.068245, 0.950791, 0.302224, -0.0, 0.0, 0.0, 0.0, 1.0],
                [0.997576, 0.069167, 0.007664, -0.0, -0.013617, 0.302014, -0.953207, 0.3, -0.068246, 0.950791, 0.302224, -0.0, 0.0, 0.0, 0.0, 1.0],
                [0.997576, 0.066773, 0.019602, -0.0, -0.013617, 0.46352, -0.885982, 0.3, -0.068245, 0.883567, 0.463305, -0.0, 0.0, 0.0, 0.0, 1.0],
                [0.997576, 0.066773, 0.019602, 0.0, -0.013617, 0.46352, -0.885982, 0.3, -0.068245, 0.883567, 0.463305, 0.0, 0.0, 0.0, 0.0, 1.0]
            ]
        },
        {
            "name": "Tool_L",
            "time": [0.0, 0.2167, 1.0],
            "transform": [
                [0.99711, 0.043861, -0.062033, -0.012677, 0.036135, -0.992043, -0.1206, 0.208813, -0.066789, 0.11793, -0.99018, 0.160811, 0.0, 0.0, 0.0, 1.0],
                [0.997111, 0.074747, -0.013492, -0.016074, 0.036102, -0.622682, -0.781641, 0.249036, -0.066787, 0.778431, -0.623224, 0.131885, 0.0, 0.0, 0.0, 1.0],
                [0.997111, 0.074747, -0.013492, -0.016074, 0.036102, -0.622682, -0.781641, 0.249036, -0.066787, 0.778432, -0.623224, 0.131885, 0.0, 0.0, 0.0, 1.0]
            ]
        },
        {
            "name": "Elbow_L",
            "time": [0.0, 1.0],
            "transform": [
                [-0.998967, -0.043093, -0.01444, -4.9e-05, 0.028309, -0.34145, -0.939473, 0.367197, 0.035554, -0.938911, 0.342317, -0.015902, 0.0, 0.0, 0.0, 1.0],
                [-0.998967, -0.043093, -0.01444, -4.9e-05, 0.028309, -0.34145, -0.939473, 0.367197, 0.035554, -0.938911, 0.342317, -0.015902, 0.0, 0.0, 0.0, 1.0]
            ]
        }
    ]
}