{
    "animation": [
        {
            "name": "Root",
            "time": [0.0, 0.05, 0.25, 0.35, 0.4833, 0.7333, 1.0667, 1.3],
            "transform": [
                [0.537442, 0.0, 0.843301, -0.023176, 0.843301, 0.0, -0.537442, 0.055314, 0.0, 1.0, 0.0, 0.615995, 0.0, 0.0, 0.0, 1.0],
                [0.537442, 0.0, 0.843301, -0.023176, 0.843301, 0.0, -0.537442, 0.055314, 0.0, 1.0, 0.0, 0.615995, 0.0, 0.0, 0.0, 1.0],
                [0.537442, 0.0, 0.843301, -0.023176, 0.843301, 0.0, -0.537442, -0.0426, 0.0, 1.0, 0.0, 0.716113, 0.0, 0.0, 0.0, 1.0],
                [0.537442, 0.0, 0.843301, -0.023176, 0.843301, 0.0, -0.537442, -0.0426, 0.0, 1.0, 0.0, 0.716113, 0.0, 0.0, 0.0, 1.0],
                [0.991119, 0.0, 0.132975, -0.023176, 0.132975, 0.0, -0.991119, 0.820668, 0.0, 1.0, 0.0, 0.672327, 0.0, 0.0, 0.0, 1.0],
                [0.936612, 0.0, -0.350368, -0.023176, -0.350368, 0.0, -0.936612, 1.19749, 0.0, 1.0, 0.0, 0.580238, 0.0, 0.0, 0.0, 1.0],
                [0.936612, 0.0, -0.350368, -0.023176, -0.350368, 0.0, -0.936612, 1.19749, 0.0, 1.0, 0.0, 0.630196, 0.0, 0.0, 0.0, 1.0],
                [0.936612, 0.0, -0.350368, -0.023176, -0.350368, 0.0, -0.936612, 1.19749, 0.0, 1.0, 0.0, 0.630196, 0.0, 0.0, 0.0, 1.0]
            ]
        },
        {
            "name": "Thigh_R",
            "time": [0.0, 0.05, 0.25, 0.35, 0.4833, 0.7333, 1.0667, 1.3],
            "transform": [
                [0.488391, 0.61996, 0.614102, 0.124994, 0.10494, -0.740359, 0.663968, -0.002831, 0.866291, -0.259832, -0.426645, -1.2e-05, 0.0, 0.0, 0.0, 1.0],
                [0.488391, 0.61996, 0.614102, 0.124994, 0.10494, -0.740359, 0.663968, -0.002831, 0.866291, -0.259832, -0.426645, -1.2e-05, 0.0, 0.0, 0.0, 1.0],
                [0.406896, 0.515738, 0.753956, 0.124994, 0.044981, -0.83568, 0.547368, -0.002831, 0.912366, -0.188808, -0.363234, -1.2e-05, 0.0, 0.0, 0.0, 1.0],
                [0.552423, 0.547782, 0.628301, 0.124994, 0.155921, -0.808353, 0.567673, -0.002831, 0.818851, -0.21563, -0.531965, -1.2e-05, 0.0, 0.0, 0.0, 1.0],
                [0.972561, -0.060389, 0.224674, 0.124994, 0.06794, -0.849903, -0.522539, -0.002831, 0.222507, 0.523464, -0.822481, -1.2e-05, 0.0, 0.0, 0.0, 1.0],
                [0.896864, 0.265406, -0.353827, 0.124994, 0.024791, -0.828864, -0.558898, -0.002831, -0.44161, 0.492483, -0.74996, -1.2e-05, 0.0, 0.0, 0.0, 1.0],
                [0.896864, 0.22026, -0.383562, 0.124994, 0.024791, -0.890855, -0.453608, -0.002831, -0.44161, 0.397315, -0.804438, -1.2e-05, 0.0, 0.0, 0.0, 1.0],
                [0.896864, 0.22026, -0.383562, 0.124994, 0.024791, -0.890855, -0.453608, -0.002831, -0.44161, 0.397315, -0.804438, -1.2e-05, 0.0, 0.0, 0.0, 1.0]
            ]
        },
        {
            "name": "Leg_R",
            "time": [0.0, 0.05, 0.25, 0.35, 1.0667, 1.3],
            "transform": [
                [1.0, -1e-06, 1e-06, 0.0, -0.0, 0.702624, 0.711561, 0.37472, -2e-06, -0.711562, 0.702623, 0.0, 0.0, 0.0, 0.0, 1.0],
                [1.0, -1e-06, 1e-06, 0.0, -0.0, 0.702624, 0.711561, 0.37472, -2e-06, -0.711562, 0.702623, 0.0, 0.0, 0.0, 0.0, 1.0],
                [1.0, -1e-06, 2e-06, 0.0, -0.0, 0.90413, 0.427258, 0.37472, -2e-06, -0.427259, 0.904129, -0.0, 0.0, 0.0, 0.0, 1.0],
                [1.0, -0.0, 2e-06, 0.0, -0.0, 0.90413, 0.427258, 0.37472, -2e-06, -0.427258, 0.904129, 0.0, 0.0, 0.0, 0.0, 1.0],
                [1.0, -0.0, 2e-06, 0.0, -0.0, 0.90413, 0.427258, 0.37472, -2e-06, -0.427259, 0.904129, -0.0, 0.0, 0.0, 0.0, 1.0],
                [1.0, -0.0, 2e-06, 0.0, -0.0, 0.90413, 0.427258, 0.37472, -2e-06, -0.427259, 0.904129, -0.0, 0.0, 0.0, 0.0, 1.0]
            ]
        },
        {
            "name": "Knee_R",
            "time": [0.0, 0.05, 0.25, 0.35, 1.0667, 1.3],
            "transform": [
                [1.0, 0.0, -0.0, 0.0, -0.0, 1e-06, -1.0, 0.37472, -0.0, 1.0, 1e-06, 0.0, 0.0, 0.0, 0.0, 1.0],
                [1.0, 0.0, -0.0, 0.0, -0.0, 1e-06, -1.0, 0.37472, -0.0, 1.0, 1e-06, 0.0, 0.0, 0.0, 0.0, 1.0],
                [1.0, 0.0, -0.0, 0.0, -0.0, 1e-06, -1.0, 0.37472, -0.0, 1.0, 1e-06, -0.0, 0.0, 0.0, 0.0, 1.0],
                [1.0, 0.0, -0.0, 0.0, -0.0, 1e-06, -1.0, 0.37472, -0.0, 1.0, 1e-06, 0.0, 0.0, 0.0, 0.0, 1.0],
                [1.0, 0.0, -0.0, 0.0, -0.0, 1e-06, -1.0, 0.37472, -0.0, 1.0, 1e-06, -0.0, 0.0, 0.0, 0.0, 1.0],
                [1.0, 0.0, -0.0, 0.0, -0.0, 1e-06, -1.0, 0.37472, -0.0, 1.0, 1e-06, -0.0, 0.0, 0.0, 0.0, 1.0]
            ]
        },
        {
            "name": "Thigh_L",
            "time": [0.0, 0.05, 0.25, 0.35, 0.4833, 0.7333, 1.0667, 1.3],
            "transform": [
                [0.706481, -0.349546, 0.615387, -0.109662, -0.131892, -0.919314, -0.370763, -0.002831, 0.695333, 0.180773, -0.69558, 0.02525, 0.0, 0.0, 0.0, 1.0],
                [0.706481, -0.349546, 0.615387, -0.109662, -0.131892, -0.919314, -0.370763, -0.002831, 0.695333, 0.180773, -0.69558, 0.02525, 0.0, 0.0, 0.0, 1.0],
                [0.706481, -0.15594, 0.690338, -0.109662, -0.131892, -0.987345, -0.088054, -0.002831, 0.695333, -0.028841, -0.718108, 0.02525, 0.0, 0.0, 0.0, 1.0],
                [0.706481, -0.177734, 0.685051, -0.109662, -0.131892, -0.98406, -0.119292, -0.002831, 0.695333, -0.006074, -0.718661, 0.02525, 0.0, 0.0, 0.0, 1.0],
                [0.996142, 0.087311, -0.008812, -0.109662, 0.059231, -0.594863, 0.801642, -0.002831, 0.06475, -0.799071, -0.59774, 0.02525, 0.0, 0.0, 0.0, 1.0],
                [0.937422, -0.288569, -0.194851, -0.109662, 0.005791, -0.546607, 0.837368, -0.002831, -0.348146, -0.786097, -0.510731, 0.02525, 0.0, 0.0, 0.0, 1.0],
                [0.937422, -0.259392, -0.232281, -0.109662, 0.005791, -0.655398, 0.755261, -0.002831, -0.348146, -0.709344, -0.612883, 0.02525, 0.0, 0.0, 0.0, 1.0],
                [0.937422, -0.259392, -0.232281, -0.109662, 0.005791, -0.655398, 0.755261, -0.002831, -0.348146, -0.709344, -0.612883, 0.02525, 0.0, 0.0, 0.0, 1.0]
            ]
        },
        {
            "name": "Leg_L",
            "time": [0.0, 0.05, 0.25, 0.35, 0.7333, 1.0667, 1.3],
            "transform": [
                [0.999985, -0.000611, 0.005451, -0.0, -0.001379, 0.933842, 0.357683, 0.37472, -0.005308, -0.357685, 0.933827, 0.0, 0.0, 0.0, 0.0, 1.0],
                [0.999985, -0.000611, 0.005451, -0.0, -0.001379, 0.933842, 0.357683, 0.37472, -0.005308, -0.357685, 0.933827, 0.0, 0.0, 0.0, 0.0, 1.0],
                [0.999985, -0.001854, 0.005162, -0.0, -0.001379, 0.825851, 0.563887, 0.37472, -0.005308, -0.563885, 0.825836, 0.0, 0.0, 0.0, 0.0, 1.0],
                [0.999985, -0.001854, 0.005162, 0.0, -0.001379, 0.825851, 0.563887, 0.37472, -0.005308, -0.563885, 0.825836, 0.0, 0.0, 0.0, 0.0, 1.0],
                [0.999985, -0.00362, 0.004121, -0.0, -0.001379, 0.561171, 0.827699, 0.37472, -0.005309, -0.827691, 0.561158, -0.0, 0.0, 0.0, 0.0, 1.0],
                [0.999985, -0.002711, 0.004768, -0.0, -0.001379, 0.717128, 0.696939, 0.37472, -0.005308, -0.696935, 0.717114, -0.0, 0.0, 0.0, 0.0, 1.0],
                [0.999985, -0.002711, 0.004768, -0.0, -0.001379, 0.717128, 0.696939, 0.37472, -0.005308, -0.696935, 0.717114, -0.0, 0.0, 0.0, 0.0, 1.0]
            ]
        },
        {
            "name": "Knee_L",
            "time": [0.0, 0.05, 0.25, 0.35, 1.0667, 1.3],
            "transform": [
                [1.0, 0.0, -0.0, -0.0, -0.0, 1e-06, -1.0, 0.37472, -0.0, 1.0, 1e-06, 0.0, 0.0, 0.0, 0.0, 1.0],
                [1.0, 0.0, -0.0, -0.0, -0.0, 1e-06, -1.0, 0.37472, -0.0, 1.0, 1e-06, 0.0, 0.0, 0.0, 0.0, 1.0],
                [1.0, 0.0, -0.0, -0.0, -0.0, 1e-06, -1.0, 0.37472, -0.0, 1.0, 1e-06, 0.0, 0.0, 0.0, 0.0, 1.0],
                [1.0, 0.0, -0.0, 0.0, -0.0, 1e-06, -1.0, 0.37472, -0.0, 1.0, 1e-06, 0.0, 0.0, 0.0, 0.0, 1.0],
                [1.0, 0.0, -0.0, -0.0, -0.0, 1e-06, -1.0, 0.37472, -0.0, 1.0, 1e-06, -0.0, 0.0, 0.0, 0.0, 1.0],
                [1.0, 0.0, -0.0, -0.0, -0.0, 1e-06, -1.0, 0.37472, -0.0, 1.0, 1e-06, -0.0, 0.0, 0.0, 0.0, 1.0]
            ]
        },
        {
            "name": "Torso",
            "time": [0.0, 0.05, 0.25, 0.35, 0.7333, 1.0667, 1.3],
            "transform": [
                [0.994908, -0.081235, 0.059656, -0.0, 0.083287, 0.995987, -0.032756, 0.05, -0.056756, 0.037558, 0.997681, 0.0, 0.0, 0.0, 0.0, 1.0],
                [0.994908, -0.081235, 0.059656, -0.0, 0.083287, 0.995987, -0.032756, 0.05, -0.056756, 0.037558, 0.997681, 0.0, 0.0, 0.0, 0.0, 1.0],
                [0.994908, -0.081235, 0.059656, -0.0, 0.083287, 0.995987, -0.032756, 0.05, -0.056756, 0.037558, 0.997681, 0.0, 0.0, 0.0, 0.0, 1.0],
                [0.994908, -0.081235, 0.059656, -0.0, 0.083287, 0.995987, -0.032756, 0.05, -0.056756, 0.037558, 0.997681, 0.0, 0.0, 0.0, 0.0, 1.0],
                [0.994908, -0.081235, 0.059656, -0.0, 0.083287, 0.995987, -0.032756, 0.05, -0.056756, 0.037558, 0.997681, -0.0, 0.0, 0.0, 0.0, 1.0],
                [0.994908, -0.081235, 0.059656, -0.0, 0.083287, 0.995987, -0.032756, 0.05, -0.056756, 0.037558, 0.997681, -0.0, 0.0, 0.0, 0.0, 1.0],
                [0.994908, -0.081235, 0.059656, -0.0, 0.083287, 0.995987, -0.032756, 0.05, -0.056756, 0.037558, 0.997681, -0.0, 0.0, 0.0, 0.0, 1.0]
            ]
        },
        {
            "name": "Chest",
            "time": [0.0, 0.05, 0.25, 0.35, 0.4833, 0.7333, 1.0667, 1.3],
            "transform": [
                [0.589439, -0.04499, 0.806559, 0.0, -0.39108, 0.857749, 0.33365, 0.3, -0.706837, -0.512095, 0.487996, -0.0, 0.0, 0.0, 0.0, 1.0],
                [0.589439, -0.04499, 0.806559, 0.0, -0.39108, 0.857749, 0.33365, 0.3, -0.706837, -0.512095, 0.487996, -0.0, 0.0, 0.0, 0.0, 1.0],
                [0.663224, 0.163628, 0.730315, -0.0, -0.115663, 0.986493, -0.115988, 0.3, -0.739429, -0.007544, 0.673192, 0.0, 0.0, 0.0, 0.0, 1.0],
                [0.678216, 0.081634, 0.730315, -0.0, 0.005347, 0.993236, -0.115988, 0.3, -0.734844, 0.08257, 0.673192, 0.0, 0.0, 0.0, 0.0, 1.0],
                [0.976674, 0.074228, -0.20149, 0.0, -0.009623, 0.952539, 0.304265, 0.3, 0.214512, -0.295229, 0.931034, 0.0, 0.0, 0.0, 0.0, 1.0],
                [0.717951, 0.238151, -0.654087, 0.0, 0.143053, 0.869119, 0.473464, 0.3, 0.681236, -0.433494, 0.589917, -0.0, 0.0, 0.0, 0.0, 1.0],
                [0.717951, 0.118314, -0.685965, 0.0, 0.143053, 0.939337, 0.311739, 0.3, 0.681236, -0.321943, 0.657473, -0.0, 0.0, 0.0, 0.0, 1.0],
                [0.717951, 0.118314, -0.685965, 0.0, 0.143053, 0.939337, 0.311739, 0.3, 0.681236, -0.321943, 0.657473, -0.0, 0.0, 0.0, 0.0, 1.0]
            ]
        },
        {
            "name": "Head",
            "time": [0.0, 0.05, 0.25, 0.35, 0.4833, 0.7333, 1.0667, 1.3],
            "transform": [
                [0.454281, 0.013051, -0.890763, -0.0, -0.091803, 0.995255, -0.032237, 0.4, 0.886116, 0.09642, 0.453324, 0.0, 0.0, 0.0, 0.0, 1.0],
                [0.454281, 0.013051, -0.890763, -0.0, -0.091803, 0.995255, -0.032237, 0.4, 0.886116, 0.09642, 0.453324, 0.0, 0.0, 0.0, 0.0, 1.0],
                [0.454281, 0.013051, -0.890763, 0.0, -0.091803, 0.995255, -0.032237, 0.4, 0.886116, 0.09642, 0.453324, -0.0, 0.0, 0.0, 0.0, 1.0],
                [0.454281, 0.013051, -0.890763, 0.0, -0.091803, 0.995255, -0.032237, 0.4, 0.886116, 0.09642, 0.453324, 0.0, 0.0, 0.0, 0.0, 1.0],
                [0.999915, 0.013051, -0.000257, 0.0, -0.013015, 0.995255, -0.096424, 0.4, -0.001002, 0.09642, 0.99534, -0.0, 0.0, 0.0, 0.0, 1.0],
                [0.462758, 0.013051, 0.886388, -0.0, 0.079468, 0.995255, -0.056142, 0.4, -0.882915, 0.09642, 0.459526, 0.0, 0.0, 0.0, 0.0, 1.0],
                [0.462759, 0.013051, 0.886389, 0.0, 0.079468, 0.995255, -0.056142, 0.4, -0.882915, 0.09642, 0.459526, 0.0, 0.0, 0.0, 0.0, 1.0],
                [0.462759, 0.013051, 0.886389, 0.0, 0.079468, 0.995255, -0.056142, 0.4, -0.882915, 0.09642, 0.459526, 0.0, 0.0, 0.0, 0.0, 1.0]
            ]
        },
        {
            "name": "Shoulder_R",
            "time": [0.0, 0.05, 0.25, 0.35, 0.7333, 1.0667, 1.3],
            "transform": [
                [0.12373, 0.957421, 0.260837, -0.0, -0.118415, -0.246733, 0.961821, 0.4, 0.985225, -0.149893, 0.082845, 0.0, 0.0, 0.0, 0.0, 1.0],
                [0.12373, 0.957421, 0.260837, -0.0, -0.118415, -0.246733, 0.961821, 0.4, 0.985225, -0.149893, 0.082845, 0.0, 0.0, 0.0, 0.0, 1.0],
                [0.12373, 0.957421, 0.260837, 0.0, -0.118415, -0.246733, 0.961821, 0.4, 0.985225, -0.149893, 0.082845, -0.0, 0.0, 0.0, 0.0, 1.0],
                [0.12373, 0.957421, 0.260837, 0.0, -0.118415, -0.246733, 0.961821, 0.4, 0.985225, -0.149893, 0.082845, 0.0, 0.0, 0.0, 0.0, 1.0],
                [0.12373, 0.822457, 0.555207, -0.0, -0.118415, -0.543271, 0.831164, 0.4, 0.985225, -0.168585, 0.030173, 0.0, 0.0, 0.0, 0.0, 1.0],
                [0.12373, 0.822457, 0.555207, 0.0, -0.118415, -0.543271, 0.831165, 0.4, 0.985225, -0.168585, 0.030173, 0.0, 0.0, 0.0, 0.0, 1.0],
                [0.12373, 0.822457, 0.555207, 0.0, -0.118415, -0.543271, 0.831165, 0.4, 0.985225, -0.168585, 0.030173, 0.0, 0.0, 0.0, 0.0, 1.0]
            ]
        },
        {
            "name": "Arm_R",
            "time": [0.0, 0.05, 0.25, 0.35, 0.4167, 0.4833, 0.7333, 1.0667, 1.3],
            "transform": [
                [0.49235, -0.723718, -0.483554, 0.0, 0.561297, -0.160606, 0.811881, 0.39386, -0.665235, -0.671147, 0.327147, -0.0, 0.0, 0.0, 0.0, 1.0],
                [0.49235, -0.723718, -0.483554, 0.0, 0.561297, -0.160606, 0.811881, 0.39386, -0.665235, -0.671147, 0.327147, -0.0, 0.0, 0.0, 0.0, 1.0],
                [0.26883, -0.919537, 0.286675, 0.0, -0.000681, -0.297812, -0.954624, 0.393861, 0.963188, 0.256436, -0.080687, -0.0, 0.0, 0.0, 0.0, 1.0],
                [0.368876, -0.880058, 0.299045, 0.0, 0.067083, -0.295688, -0.952926, 0.393861, 0.927054, 0.371573, -0.050035, -0.0, 0.0, 0.0, 0.0, 1.0],
                [-0.089226, -0.941095, -0.326157, -0.0, 0.296304, 0.287557, -0.910777, 0.393861, 0.950917, -0.177907, 0.253193, 0.0, 0.0, 0.0, 0.0, 1.0],
                [-0.206362, -0.572319, -0.793641, -0.0, 0.219891, 0.763227, -0.607563, 0.393861, 0.953447, -0.299893, -0.031653, 0.0, 0.0, 0.0, 0.0, 1.0],
                [0.238497, -0.131231, -0.962236, 0.0, 0.337305, 0.940336, -0.044641, 0.393861, 0.910684, -0.31392, 0.268532, 0.0, 0.0, 0.0, 0.0, 1.0],
                [0.238497, -0.013923, -0.971043, -0.0, 0.337305, 0.938835, 0.069384, 0.39386, 0.910683, -0.344085, 0.228606, 0.0, 0.0, 0.0, 0.0, 1.0],
                [0.238497, -0.013923, -0.971043, -0.0, 0.337305, 0.938835, 0.069384, 0.39386, 0.910683, -0.344085, 0.228606, 0.0, 0.0, 0.0, 0.0, 1.0]
            ]
        },
        {
            "name": "Hand_R",
            "time": [0.0, 0.05, 0.25, 0.35, 1.0667, 1.3],
            "transform": [
                [0.999738, 0.007735, -0.021567, 0.0, -0.005967, 0.996706, 0.080881, 0.3, 0.022122, -0.080731, 0.99649, -0.0, 0.0, 0.0, 0.0, 1.0],
                [0.999738, 0.007735, -0.021567, 0.0, -0.005967, 0.996706, 0.080881, 0.3, 0.022122, -0.080731, 0.99649, -0.0, 0.0, 0.0, 0.0, 1.0],
                [0.999738, 0.007735, -0.021567, 0.0, -0.005967, 0.996706, 0.080881, 0.3, 0.022122, -0.080731, 0.99649, -0.0, 0.0, 0.0, 0.0, 1.0],
                [0.999738, 0.007735, -0.021567, 0.0, -0.005967, 0.996706, 0.080881, 0.3, 0.022122, -0.080731, 0.99649, -0.0, 0.0, 0.0, 0.0, 1.0],
                [0.999738, 0.004135, -0.022536, 0.0, -0.005967, 0.996628, -0.081843, 0.3, 0.022122, 0.081956, 0.99639, -0.0, 0.0, 0.0, 0.0, 1.0],
                [0.999738, 0.004135, -0.022536, 0.0, -0.005967, 0.996628, -0.081843, 0.3, 0.022122, 0.081956, 0.99639, -0.0, 0.0, 0.0, 0.0, 1.0]
            ]
        },
        {
            "name": "Tool_R",
            "time": [0.0, 0.05, 0.25, 0.35, 1.0667, 1.3],
            "transform": [
                [0.997429, 0.047076, -0.054029, -0.00809, 0.011097, -0.846328, -0.532548, 0.281539, -0.070754, 0.530256, -0.844179, 0.098466, 0.0, 0.0, 0.0, 1.0],
                [0.997429, 0.047076, -0.054029, -0.00809, 0.011097, -0.846328, -0.532548, 0.281539, -0.070754, 0.530256, -0.844179, 0.098466, 0.0, 0.0, 0.0, 1.0],
                [0.997429, 0.047076, -0.054029, -0.00809, 0.011097, -0.846328, -0.532548, 0.281539, -0.070754, 0.530256, -0.844179, 0.098466, 0.0, 0.0, 0.0, 1.0],
                [0.997429, 0.047076, -0.054029, -0.00809, 0.011097, -0.846328, -0.532548, 0.281539, -0.070754, 0.530256, -0.844179, 0.098466, 0.0, 0.0, 0.0, 1.0],
                [0.997429, 0.047076, -0.054029, -0.00809, 0.011097, -0.846328, -0.532548, 0.281539, -0.070754, 0.530256, -0.84418, 0.098466, 0.0, 0.0, 0.0, 1.0],
                [0.997429, 0.047076, -0.054029, -0.00809, 0.011097, -0.846328, -0.532548, 0.281539, -0.070754, 0.530256, -0.84418, 0.098466, 0.0, 0.0, 0.0, 1.0]
            ]
        },
        {
            "name": "Elbow_R",
            "time": [0.0, 0.05, 0.25, 0.35, 1.0667, 1.3],
            "transform": [
                [-1.0, 0.0, -0.0, 0.0, 0.0, -0.0, -1.0, 0.3, -0.0, -1.0, 0.0, -0.0, 0.0, 0.0, 0.0, 1.0],
                [-1.0, 0.0, -0.0, 0.0, 0.0, -0.0, -1.0, 0.3, -0.0, -1.0, 0.0, -0.0, 0.0, 0.0, 0.0, 1.0],
                [-1.0, 0.0, -0.0, 0.0, 0.0, 0.0, -1.0, 0.3, -0.0, -1.0, 0.0, -0.0, 0.0, 0.0, 0.0, 1.0],
                [-1.0, 0.0, 0.0, 0.0, 0.0, -0.0, -1.0, 0.3, -0.0, -1.0, 0.0, -0.0, 0.0, 0.0, 0.0, 1.0],
                [-1.0, 0.0, 0.0, 0.0, 0.0, -0.0, -1.0, 0.3, -0.0, -1.0, 0.0, -0.0, 0.0, 0.0, 0.0, 1.0],
                [-1.0, 0.0, 0.0, 0.0, 0.0, -0.0, -1.0, 0.3, -0.0, -1.0, 0.0, -0.0, 0.0, 0.0, 0.0, 1.0]
            ]
        },
        {
            "name": "Shoulder_L",
            "time": [0.0, 0.05, 0.25, 0.35, 1.0667, 1.3],
            "transform": [
                [-0.239454, -0.956644, -0.165813, -0.0, 0.004989, -0.171992, 0.985086, 0.4, -0.970895, 0.235055, 0.045957, 0.0, 0.0, 0.0, 0.0, 1.0],
                [-0.239454, -0.956644, -0.165813, -0.0, 0.004989, -0.171992, 0.985086, 0.4, -0.970895, 0.235055, 0.045957, 0.0, 0.0, 0.0, 0.0, 1.0],
                [-0.239454, -0.956644, -0.165813, 0.0, 0.004989, -0.171992, 0.985086, 0.4, -0.970895, 0.235055, 0.045957, -0.0, 0.0, 0.0, 0.0, 1.0],
                [-0.239454, -0.956644, -0.165813, 0.0, 0.004989, -0.171992, 0.985086, 0.4, -0.970895, 0.235055, 0.045957, 0.0, 0.0, 0.0, 0.0, 1.0],
                [-0.239454, -0.956644, -0.165813, 0.0, 0.004989, -0.171992, 0.985086, 0.4, -0.970895, 0.235055, 0.045957, 0.0, 0.0, 0.0, 0.0, 1.0],
                [-0.239454, -0.956644, -0.165813, 0.0, 0.004989, -0.171992, 0.985086, 0.4, -0.970895, 0.235055, 0.045957, 0.0, 0.0, 0.0, 0.0, 1.0]
            ]
        },
        {
            "name": "Arm_L",
            "time": [0.0, 0.05, 0.25, 0.35, 0.7333, 1.0667, 1.3],
            "transform": [
                [0.278018, 0.233104, 0.931863, -0.0, -0.560522, 0.827188, -0.03969, 0.39386, -0.780078, -0.511295, 0.360633, -0.0, 0.0, 0.0, 0.0, 1.0],
                [0.278018, 0.233104, 0.931863, -0.0, -0.560522, 0.827188, -0.03969, 0.39386, -0.780078, -0.511295, 0.360633, -0.0, 0.0, 0.0, 0.0, 1.0],
                [0.278018, 0.233104, 0.931863, -0.0, -0.560522, 0.827188, -0.03969, 0.39386, -0.780078, -0.511295, 0.360633, 0.0, 0.0, 0.0, 0.0, 1.0],
                [0.278018, 0.233104, 0.931863, 0.0, -0.560522, 0.827188, -0.03969, 0.39386, -0.780078, -0.511295, 0.360633, -0.0, 0.0, 0.0, 0.0, 1.0],
                [0.278018, -0.864305, 0.419145, 0.0, -0.560522, 0.208383, 0.801493, 0.39386, -0.780078, -0.45777, -0.426528, 0.0, 0.0, 0.0, 0.0, 1.0],
                [0.278018, -0.864305, 0.419145, 0.0, -0.560522, 0.208383, 0.801493, 0.39386, -0.780077, -0.45777, -0.426528, -0.0, 0.0, 0.0, 0.0, 1.0],
                [0.278018, -0.864305, 0.419145, 0.0, -0.560522, 0.208383, 0.801493, 0.39386, -0.780077, -0.45777, -0.426528, -0.0, 0.0, 0.0, 0.0, 1.0]
            ]
        },
        {
            "name": "Hand_L",
            "time": [0.0, 0.05, 0.25, 0.35, 0.7333, 1.0667, 1.3],
            "transform": [
                [0.997816, 0.02796, 0.059848, -0.0, -0.013372, 0.972739, -0.231517, 0.3, -0.06469, 0.230211, 0.970988, 0.0, 0.0, 0.0, 0.0, 1.0],
                [0.997816, 0.02796, 0.059848, -0.0, -0.013372, 0.972739, -0.231517, 0.3, -0.06469, 0.230211, 0.970988, 0.0, 0.0, 0.0, 0.0, 1.0],
                [0.997816, 0.059415, 0.02887, 0.0, -0.013372, 0.609663, -0.792548, 0.3, -0.06469, 0.790431, 0.609126, -0.0, 0.0, 0.0, 0.0, 1.0],
                [0.997816, 0.059415, 0.028869, -0.0, -0.013372, 0.609663, -0.792548, 0.3, -0.064689, 0.790431, 0.609126, -0.0, 0.0, 0.0, 0.0, 1.0],
                [0.997816, 0.017127, 0.063798, 0.0, -0.013372, 0.998179, -0.058827, 0.3, -0.06469, 0.057846, 0.996228, 0.0, 0.0, 0.0, 0.0, 1.0],
                [0.997816, 0.017127, 0.063798, -0.0, -0.013372, 0.998179, -0.058827, 0.3, -0.06469, 0.057846, 0.996228, -0.0, 0.0, 0.0, 0.0, 1.0],
                [0.997816, 0.017127, 0.063798, -0.0, -0.013372, 0.998179, -0.058827, 0.3, -0.06469, 0.057846, 0.996228, -0.0, 0.0, 0.0, 0.0, 1.0]
            ]
        },
        {
            "name": "Tool_L",
            "time": [0.0, 0.05, 0.25, 0.35, 1.0667, 1.3],
            "transform": [
                [0.99711, 0.04829, -0.058649, -0.020885, 0.036132, -0.980526, -0.193037, 0.218579, -0.066789, 0.190237, -0.978863, 0.043687, 0.0, 0.0, 0.0, 1.0],
                [0.99711, 0.04829, -0.058649, -0.020885, 0.036132, -0.980526, -0.193037, 0.218579, -0.066789, 0.190237, -0.978863, 0.043687, 0.0, 0.0, 0.0, 1.0],
                [0.99711, 0.048289, -0.058649, -0.020885, 0.036132, -0.980526, -0.193037, 0.218579, -0.066789, 0.190237, -0.978863, 0.043687, 0.0, 0.0, 0.0, 1.0],
                [0.99711, 0.048289, -0.058649, -0.020885, 0.036132, -0.980526, -0.193037, 0.218579, -0.066789, 0.190237, -0.978863, 0.043687, 0.0, 0.0, 0.0, 1.0],
                [0.99711, 0.048289, -0.058649, -0.020886, 0.036132, -0.980526, -0.193037, 0.218579, -0.066789, 0.190237, -0.978863, 0.043687, 0.0, 0.0, 0.0, 1.0],
                [0.99711, 0.048289, -0.058649, -0.020886, 0.036132, -0.980526, -0.193037, 0.218579, -0.066789, 0.190237, -0.978863, 0.043687, 0.0, 0.0, 0.0, 1.0]
            ]
        },
        {
            "name": "Elbow_L",
            "time": [0.0, 0.05, 0.25, 0.35, 1.0667, 1.3],
            "transform": [
                [-0.999381, -0.034883, 0.004544, -0.000835, -0.003968, -0.016565, -0.999855, 0.308175, 0.034953, -0.999254, 0.016416, -0.000892, 0.0, 0.0, 0.0, 1.0],
                [-0.999381, -0.034883, 0.004544, -0.000835, -0.003968, -0.016565, -0.999855, 0.308175, 0.034953, -0.999254, 0.016416, -0.000892, 0.0, 0.0, 0.0, 1.0],
                [-0.999381, -0.034293, -0.00784, -0.000834, -0.003968, 0.331352, -0.943499, 0.308175, 0.034953, -0.942884, -0.331283, -0.000892, 0.0, 0.0, 0.0, 1.0],
                [-0.999381, -0.034293, -0.00784, -0.000834, -0.003968, 0.331352, -0.943499, 0.308175, 0.034953, -0.942884, -0.331283, -0.000892, 0.0, 0.0, 0.0, 1.0],
                [-0.999381, -0.034293, -0.00784, -0.000834, -0.003968, 0.331352, -0.943499, 0.308175, 0.034953, -0.942884, -0.331283, -0.000892, 0.0, 0.0, 0.0, 1.0],
                [-0.999381, -0.034293, -0.00784, -0.000834, -0.003968, 0.331352, -0.943499, 0.308175, 0.034953, -0.942884, -0.331283, -0.000892, 0.0, 0.0, 0.0, 1.0]
            ]
        }
    ]
}