{
    "animation": [
        {
            "name": "Root",
            "time": [0.0, 0.0333, 0.25, 0.2833, 0.4, 0.5167, 0.6833, 0.85],
            "transform": [
                [0.901796, 0.0, -0.432163, -0.023176, -0.432163, 0.0, -0.901796, 0.006705, 0.0, 1.0, 0.0, 0.615995, 0.0, 0.0, 0.0, 1.0],
                [0.901796, 0.0, -0.432163, -0.023176, -0.432163, 0.0, -0.901796, 0.006705, 0.0, 1.0, 0.0, 0.615995, 0.0, 0.0, 0.0, 1.0],
                [0.999812, 0.0, -0.019401, -0.023176, -0.019401, 0.0, -0.999812, 0.006705, 0.0, 1.0, 0.0, 0.615995, 0.0, 0.0, 0.0, 1.0],
                [0.999812, 0.0, -0.019401, -0.023176, -0.019401, 0.0, -0.999812, 0.006705, 0.0, 1.0, 0.0, 0.615995, 0.0, 0.0, 0.0, 1.0],
                [0.881391, 0.0, 0.472387, -0.023176, 0.460923, 0.218965, -0.860002, 0.88145, -0.103436, 0.975733, 0.192994, 0.571632, 0.0, 0.0, 0.0, 1.0],
                [0.537442, 0.0, 0.843301, -0.023176, 0.843301, 0.0, -0.537442, 0.959977, 0.0, 1.0, 0.0, 0.615995, 0.0, 0.0, 0.0, 1.0],
                [0.537442, 0.0, 0.843301, -0.023176, 0.843301, 0.0, -0.537442, 0.959977, 0.0, 1.0, 0.0, 0.615995, 0.0, 0.0, 0.0, 1.0],
                [0.537442, 0.0, 0.843301, -0.023176, 0.843301, 0.0, -0.537442, 0.959977, 0.0, 1.0, 0.0, 0.615995, 0.0, 0.0, 0.0, 1.0]
            ]
        },
        {
            "name": "Thigh_R",
            "time": [0.0, 0.0333, 0.25, 0.2833, 0.4, 0.5167, 0.6833, 0.85],
            "transform": [
                [0.912316, 0.232512, -0.337072, 0.124994, -0.006699, -0.81457, -0.580024, -0.002831, -0.409432, 0.531422, -0.74159, -1.2e-05, 0.0, 0.0, 0.0, 1.0],
                [0.912316, 0.232512, -0.337072, 0.124994, -0.006699, -0.81457, -0.580024, -0.002831, -0.409432, 0.531422, -0.74159, -1.2e-05, 0.0, 0.0, 0.0, 1.0],
                [0.746496, 0.095698, 0.658472, 0.124994, 0.447383, -0.804712, -0.390236, -0.002831, 0.492536, 0.585898, -0.64353, -1.2e-05, 0.0, 0.0, 0.0, 1.0],
                [0.75401, 0.117224, 0.646318, 0.124994, 0.486875, -0.760231, -0.430116, -0.002831, 0.440931, 0.638987, -0.630297, -1.2e-05, 0.0, 0.0, 0.0, 1.0],
                [0.862932, 0.505108, 0.0146, 0.124994, 0.050471, -0.1149, 0.992094, -0.002831, 0.502793, -0.855371, -0.124644, -1.2e-05, 0.0, 0.0, 0.0, 1.0],
                [0.488391, 0.61996, 0.614102, 0.124994, 0.10494, -0.740359, 0.663968, -0.002831, 0.866291, -0.259832, -0.426645, -1.2e-05, 0.0, 0.0, 0.0, 1.0],
                [0.488391, 0.61996, 0.614102, 0.124994, 0.10494, -0.740359, 0.663968, -0.002831, 0.866291, -0.259832, -0.426645, -1.2e-05, 0.0, 0.0, 0.0, 1.0],
                [0.488391, 0.61996, 0.614102, 0.124994, 0.10494, -0.740359, 0.663968, -0.002831, 0.866291, -0.259832, -0.426645, -1.2e-05, 0.0, 0.0, 0.0, 1.0]
            ]
        },
        {
            "name": "Leg_R",
            "time": [0.0, 0.0333, 0.2833, 0.4, 0.5167, 0.6833, 0.85],
            "transform": [
                [1.0, -0.0, 2e-06, 0.0, -0.0, 0.988181, 0.153293, 0.37472, -2e-06, -0.153293, 0.98818, -0.0, 0.0, 0.0, 0.0, 1.0],
                [1.0, -0.0, 2e-06, 0.0, -0.0, 0.988181, 0.153293, 0.37472, -2e-06, -0.153293, 0.98818, -0.0, 0.0, 0.0, 0.0, 1.0],
                [1.0, 0.0, 2e-06, 0.0, -0.0, 0.988181, 0.153293, 0.37472, -2e-06, -0.153293, 0.98818, 0.0, 0.0, 0.0, 0.0, 1.0],
                [1.0, -2e-06, 0.0, 0.0, -0.0, -0.026259, 0.999654, 0.37472, -2e-06, -0.999656, -0.026259, -0.0, 0.0, 0.0, 0.0, 1.0],
                [1.0, -1e-06, 1e-06, 0.0, -0.0, 0.702624, 0.711561, 0.37472, -2e-06, -0.711562, 0.702623, 0.0, 0.0, 0.0, 0.0, 1.0],
                [1.0, -1e-06, 1e-06, 0.0, -0.0, 0.702624, 0.711561, 0.37472, -2e-06, -0.711562, 0.702623, 0.0, 0.0, 0.0, 0.0, 1.0],
                [1.0, -1e-06, 1e-06, 0.0, -0.0, 0.702624, 0.711561, 0.37472, -2e-06, -0.711562, 0.702623, 0.0, 0.0, 0.0, 0.0, 1.0]
            ]
        },
        {
            "name": "Knee_R",
            "time": [0.0, 0.0333, 0.2833, 0.6833, 0.85],
            "transform": [
                [1.0, 0.0, -0.0, 0.0, -0.0, 1e-06, -1.0, 0.37472, -0.0, 1.0, 1e-06, -0.0, 0.0, 0.0, 0.0, 1.0],
                [1.0, 0.0, -0.0, 0.0, -0.0, 1e-06, -1.0, 0.37472, -0.0, 1.0, 1e-06, -0.0, 0.0, 0.0, 0.0, 1.0],
                [1.0, 0.0, -0.0, 0.0, -0.0, 1e-06, -1.0, 0.37472, 0.0, 1.0, 1e-06, 0.0, 0.0, 0.0, 0.0, 1.0],
                [1.0, 0.0, -0.0, 0.0, -0.0, 1e-06, -1.0, 0.37472, -0.0, 1.0, 1e-06, 0.0, 0.0, 0.0, 0.0, 1.0],
                [1.0, 0.0, -0.0, 0.0, -0.0, 1e-06, -1.0, 0.37472, -0.0, 1.0, 1e-06, 0.0, 0.0, 0.0, 0.0, 1.0]
            ]
        },
        {
            "name": "Thigh_L",
            "time": [0.0, 0.0333, 0.25, 0.2833, 0.4, 0.5167, 0.6833, 0.85],
            "transform": [
                [0.899388, -0.331559, -0.2849, -0.109662, -0.018671, -0.680265, 0.732728, -0.002831, -0.43675, -0.653689, -0.618013, 0.02525, 0.0, 0.0, 0.0, 1.0],
                [0.899388, -0.331559, -0.2849, -0.109662, -0.018671, -0.680265, 0.732728, -0.002831, -0.43675, -0.653689, -0.618013, 0.02525, 0.0, 0.0, 0.0, 1.0],
                [0.999683, -0.003576, -0.024893, -0.109662, 0.012393, -0.791246, 0.611372, -0.002831, -0.021883, -0.611487, -0.790952, 0.02525, 0.0, 0.0, 0.0, 1.0],
                [0.999683, -0.007429, -0.024026, -0.109662, 0.012393, -0.685773, 0.72771, -0.002831, -0.021883, -0.727778, -0.685464, 0.02525, 0.0, 0.0, 0.0, 1.0],
                [0.924987, -0.211358, 0.315794, -0.109662, -0.048011, -0.889386, -0.454629, -0.002831, 0.376952, 0.405366, -0.832818, 0.02525, 0.0, 0.0, 0.0, 1.0],
                [0.706481, -0.349546, 0.615387, -0.109662, -0.131892, -0.919314, -0.370763, -0.002831, 0.695333, 0.180773, -0.69558, 0.02525, 0.0, 0.0, 0.0, 1.0],
                [0.706481, -0.349546, 0.615387, -0.109662, -0.131892, -0.919314, -0.370763, -0.002831, 0.695333, 0.180773, -0.69558, 0.02525, 0.0, 0.0, 0.0, 1.0],
                [0.706481, -0.349546, 0.615387, -0.109662, -0.131892, -0.919314, -0.370763, -0.002831, 0.695333, 0.180773, -0.69558, 0.02525, 0.0, 0.0, 0.0, 1.0]
            ]
        },
        {
            "name": "Leg_L",
            "time": [0.0, 0.0333, 0.25, 0.2833, 0.4, 0.5167, 0.6833, 0.85],
            "transform": [
                [0.999985, -0.001118, 0.005369, -0.0, -0.001379, 0.896255, 0.443537, 0.37472, -0.005308, -0.443537, 0.89624, -0.0, 0.0, 0.0, 0.0, 1.0],
                [0.999985, -0.001118, 0.005369, -0.0, -0.001379, 0.896255, 0.443537, 0.37472, -0.005308, -0.443537, 0.89624, -0.0, 0.0, 0.0, 0.0, 1.0],
                [0.999985, -0.003999, 0.003754, 0.0, -0.001379, 0.47906, 0.877782, 0.37472, -0.005308, -0.877773, 0.479047, 0.0, 0.0, 0.0, 0.0, 1.0],
                [0.999985, -0.004272, 0.003439, 0.0, -0.001379, 0.411036, 0.911618, 0.37472, -0.005308, -0.911609, 0.411024, -0.0, 0.0, 0.0, 0.0, 1.0],
                [0.999985, 0.001048, 0.005384, 0.0, -0.001379, 0.99808, 0.061922, 0.37472, -0.005308, -0.061929, 0.998067, -0.0, 0.0, 0.0, 0.0, 1.0],
                [0.999985, -0.000611, 0.005451, 0.0, -0.001379, 0.933842, 0.357683, 0.37472, -0.005308, -0.357685, 0.933827, -0.0, 0.0, 0.0, 0.0, 1.0],
                [0.999985, -0.000611, 0.005451, 0.0, -0.001379, 0.933842, 0.357683, 0.37472, -0.005308, -0.357685, 0.933827, -0.0, 0.0, 0.0, 0.0, 1.0],
                [0.999985, -0.000611, 0.005451, 0.0, -0.001379, 0.933842, 0.357683, 0.37472, -0.005308, -0.357685, 0.933827, -0.0, 0.0, 0.0, 0.0, 1.0]
            ]
        },
        {
            "name": "Knee_L",
            "time": [0.0, 0.0333, 0.2833, 0.6833, 0.85],
            "transform": [
                [1.0, 0.0, -0.0, -0.0, -0.0, 1e-06, -1.0, 0.37472, -0.0, 1.0, 1e-06, -0.0, 0.0, 0.0, 0.0, 1.0],
                [1.0, 0.0, -0.0, -0.0, -0.0, 1e-06, -1.0, 0.37472, -0.0, 1.0, 1e-06, -0.0, 0.0, 0.0, 0.0, 1.0],
                [1.0, 0.0, -0.0, 0.0, -0.0, 1e-06, -1.0, 0.37472, -0.0, 1.0, 1e-06, -0.0, 0.0, 0.0, 0.0, 1.0],
                [1.0, 0.0, -0.0, 0.0, -0.0, 1e-06, -1.0, 0.37472, -0.0, 1.0, 1e-06, -0.0, 0.0, 0.0, 0.0, 1.0],
                [1.0, 0.0, -0.0, 0.0, -0.0, 1e-06, -1.0, 0.37472, -0.0, 1.0, 1e-06, -0.0, 0.0, 0.0, 0.0, 1.0]
            ]
        },
        {
            "name": "Torso",
            "time": [0.0, 0.0333, 0.25, 0.2833, 0.4, 0.5167, 0.6833, 0.85],
            "transform": [
                [0.973832, -0.168913, -0.152053, 0.0, 0.187618, 0.975079, 0.11841, 0.05, 0.128263, -0.143839, 0.981254, 0.0, 0.0, 0.0, 0.0, 1.0],
                [0.973832, -0.168913, -0.152053, 0.0, 0.187618, 0.975079, 0.11841, 0.05, 0.128263, -0.143839, 0.981254, 0.0, 0.0, 0.0, 0.0, 1.0],
                [0.88483, -0.156605, -0.438806, 0.0, 0.157295, 0.98693, -0.035047, 0.05, 0.438559, -0.038011, 0.897898, -0.0, 0.0, 0.0, 0.0, 1.0],
                [0.88483, -0.156605, -0.438806, 0.0, 0.157295, 0.98693, -0.035047, 0.05, 0.438559, -0.038011, 0.897898, -0.0, 0.0, 0.0, 0.0, 1.0],
                [0.956677, -0.123912, 0.263466, -0.0, 0.120709, 0.992282, 0.028378, 0.05, -0.264949, 0.004654, 0.964251, 0.0, 0.0, 0.0, 0.0, 1.0],
                [0.994908, -0.081235, 0.059656, 0.0, 0.083287, 0.995987, -0.032756, 0.05, -0.056756, 0.037558, 0.997681, -0.0, 0.0, 0.0, 0.0, 1.0],
                [0.994908, -0.081235, 0.059656, 0.0, 0.083287, 0.995987, -0.032756, 0.05, -0.056756, 0.037558, 0.997681, -0.0, 0.0, 0.0, 0.0, 1.0],
                [0.994908, -0.081235, 0.059656, 0.0, 0.083287, 0.995987, -0.032756, 0.05, -0.056756, 0.037558, 0.997681, -0.0, 0.0, 0.0, 0.0, 1.0]
            ]
        },
        {
            "name": "Chest",
            "time": [0.0, 0.0333, 0.25, 0.2833, 0.4, 0.5167, 0.6833, 0.85],
            "transform": [
                [0.944064, 0.135239, -0.300756, 0.0, -0.066769, 0.971538, 0.22728, 0.3, 0.322933, -0.194486, 0.926223, -0.0, 0.0, 0.0, 0.0, 1.0],
                [0.944064, 0.135239, -0.300756, 0.0, -0.066769, 0.971538, 0.22728, 0.3, 0.322933, -0.194486, 0.926223, -0.0, 0.0, 0.0, 0.0, 1.0],
                [0.774793, 0.197287, -0.600644, 0.0, 0.04516, 0.930366, 0.363841, 0.3, 0.6306, -0.309026, 0.711931, -0.0, 0.0, 0.0, 0.0, 1.0],
                [0.752578, 0.197287, -0.628254, 0.0, 0.05828, 0.930366, 0.361971, 0.3, 0.655919, -0.309026, 0.688675, -0.0, 0.0, 0.0, 0.0, 1.0],
                [0.88763, 0.127263, 0.442626, -0.0, -0.192923, 0.975424, 0.106431, 0.3, -0.418204, -0.179864, 0.890368, -0.0, 0.0, 0.0, 0.0, 1.0],
                [0.660394, -0.04499, 0.749571, 0.0, -0.359093, 0.857749, 0.367855, 0.3, -0.659494, -0.512095, 0.550297, -0.0, 0.0, 0.0, 0.0, 1.0],
                [0.589439, -0.04499, 0.806559, 0.0, -0.39108, 0.857749, 0.33365, 0.3, -0.706837, -0.512095, 0.487996, -0.0, 0.0, 0.0, 0.0, 1.0],
                [0.589439, -0.04499, 0.806559, 0.0, -0.39108, 0.857749, 0.33365, 0.3, -0.706837, -0.512095, 0.487996, -0.0, 0.0, 0.0, 0.0, 1.0]
            ]
        },
        {
            "name": "Head",
            "time": [0.0, 0.0333, 0.2833, 0.4, 0.5167, 0.6833, 0.85],
            "transform": [
                [0.547411, -0.094892, 0.831467, 0.0, 0.177932, 0.984031, -0.004842, 0.4, -0.81773, 0.150595, 0.555553, -0.0, 0.0, 0.0, 0.0, 1.0],
                [0.547411, -0.094892, 0.831467, 0.0, 0.177932, 0.984031, -0.004842, 0.4, -0.81773, 0.150595, 0.555553, -0.0, 0.0, 0.0, 0.0, 1.0],
                [0.472312, -0.094892, 0.876308, 0.0, 0.17767, 0.984031, 0.010796, 0.4, -0.863339, 0.150595, 0.481629, -0.0, 0.0, 0.0, 0.0, 1.0],
                [0.98414, -0.094892, -0.149878, -0.0, 0.069954, 0.984031, -0.163675, 0.4, 0.163016, 0.150595, 0.975062, -0.0, 0.0, 0.0, 0.0, 1.0],
                [0.409287, -0.094892, -0.907458, -0.0, -0.099335, 0.984031, -0.147702, 0.4, 0.906982, 0.150595, 0.393325, 0.0, 0.0, 0.0, 0.0, 1.0],
                [0.454281, 0.013051, -0.890763, -0.0, -0.091803, 0.995255, -0.032237, 0.4, 0.886116, 0.09642, 0.453324, -0.0, 0.0, 0.0, 0.0, 1.0],
                [0.454281, 0.013051, -0.890763, -0.0, -0.091803, 0.995255, -0.032237, 0.4, 0.886116, 0.09642, 0.453324, -0.0, 0.0, 0.0, 0.0, 1.0]
            ]
        },
        {
            "name": "Shoulder_R",
            "time": [0.0, 0.0333, 0.2833, 0.6833, 0.85],
            "transform": [
                [0.12373, 0.957421, 0.260837, 0.0, -0.118415, -0.246733, 0.961821, 0.4, 0.985225, -0.149893, 0.082845, -0.0, 0.0, 0.0, 0.0, 1.0],
                [0.12373, 0.957421, 0.260837, 0.0, -0.118415, -0.246733, 0.961821, 0.4, 0.985225, -0.149893, 0.082845, -0.0, 0.0, 0.0, 0.0, 1.0],
                [0.12373, 0.957421, 0.260837, 0.0, -0.118415, -0.246733, 0.961821, 0.4, 0.985225, -0.149893, 0.082845, -0.0, 0.0, 0.0, 0.0, 1.0],
                [0.12373, 0.957421, 0.260837, -0.0, -0.118415, -0.246733, 0.961821, 0.4, 0.985225, -0.149893, 0.082845, -0.0, 0.0, 0.0, 0.0, 1.0],
                [0.12373, 0.957421, 0.260837, -0.0, -0.118415, -0.246733, 0.961821, 0.4, 0.985225, -0.149893, 0.082845, -0.0, 0.0, 0.0, 0.0, 1.0]
            ]
        },
        {
            "name": "Arm_R",
            "time": [0.0, 0.0333, 0.25, 0.2833, 0.3333, 0.4, 0.5167, 0.6833, 0.85],
            "transform": [
                [0.134648, -0.071448, -0.988314, -0.0, -0.384891, 0.915309, -0.118608, 0.393861, 0.913088, 0.396364, 0.095745, 0.0, 0.0, 0.0, 0.0, 1.0],
                [0.134648, -0.071448, -0.988314, -0.0, -0.384891, 0.915309, -0.118608, 0.393861, 0.913088, 0.396364, 0.095745, 0.0, 0.0, 0.0, 0.0, 1.0],
                [0.49235, -0.614714, 0.616213, 0.0, 0.561297, 0.765327, 0.314992, 0.39386, -0.665235, 0.190793, 0.721846, -0.0, 0.0, 0.0, 0.0, 1.0],
                [0.49235, -0.55514, 0.670381, -0.0, 0.561297, 0.79116, 0.242922, 0.39386, -0.665234, 0.256681, 0.701126, 0.0, 0.0, 0.0, 0.0, 1.0],
                [-0.463879, -0.782253, 0.415808, 0.0, 0.657305, 0.010765, 0.753548, 0.393861, -0.593942, 0.622868, 0.509185, -0.0, 0.0, 0.0, 0.0, 1.0],
                [0.439985, -0.825229, 0.354133, -0.0, 0.650392, 0.564757, 0.507976, 0.39386, -0.619196, 0.006824, 0.785207, -0.0, 0.0, 0.0, 0.0, 1.0],
                [0.49235, -0.723718, -0.483554, 0.0, 0.561297, -0.160606, 0.811881, 0.393861, -0.665235, -0.671147, 0.327147, -0.0, 0.0, 0.0, 0.0, 1.0],
                [0.49235, -0.723718, -0.483554, 0.0, 0.561297, -0.160606, 0.811881, 0.393861, -0.665235, -0.671147, 0.327147, 0.0, 0.0, 0.0, 0.0, 1.0],
                [0.49235, -0.723718, -0.483554, 0.0, 0.561297, -0.160606, 0.811881, 0.393861, -0.665235, -0.671147, 0.327147, 0.0, 0.0, 0.0, 0.0, 1.0]
            ]
        },
        {
            "name": "Hand_R",
            "time": [0.0, 0.0333, 0.2833, 0.5167, 0.6833, 0.85],
            "transform": [
                [0.999738, 7e-06, -0.022913, -0.0, -0.005967, 0.965574, -0.26006, 0.3, 0.022122, 0.260128, 0.965321, 0.0, 0.0, 0.0, 0.0, 1.0],
                [0.999738, 7e-06, -0.022913, -0.0, -0.005967, 0.965574, -0.26006, 0.3, 0.022122, 0.260128, 0.965321, 0.0, 0.0, 0.0, 0.0, 1.0],
                [0.999738, 7e-06, -0.022913, -0.0, -0.005967, 0.965574, -0.26006, 0.3, 0.022122, 0.260128, 0.965321, 0.0, 0.0, 0.0, 0.0, 1.0],
                [0.999738, 0.007735, -0.021567, 0.0, -0.005967, 0.996706, 0.080881, 0.3, 0.022122, -0.080731, 0.99649, 0.0, 0.0, 0.0, 0.0, 1.0],
                [0.999738, 0.007735, -0.021567, 0.0, -0.005967, 0.996706, 0.080881, 0.3, 0.022122, -0.080731, 0.99649, -0.0, 0.0, 0.0, 0.0, 1.0],
                [0.999738, 0.007735, -0.021567, 0.0, -0.005967, 0.996706, 0.080881, 0.3, 0.022122, -0.080731, 0.99649, -0.0, 0.0, 0.0, 0.0, 1.0]
            ]
        },
        {
            "name": "Tool_R",
            "time": [0.0, 0.0333, 0.25, 0.2833, 0.5167, 0.6833, 0.85],
            "transform": [
                [0.997429, 0.035471, -0.062271, -0.00809, 0.011107, -0.934935, -0.354646, 0.281539, -0.070756, 0.352824, -0.932376, 0.098466, 0.0, 0.0, 0.0, 1.0],
                [0.997429, 0.035471, -0.062271, -0.00809, 0.011107, -0.934935, -0.354646, 0.281539, -0.070756, 0.352824, -0.932376, 0.098466, 0.0, 0.0, 0.0, 1.0],
                [0.997429, 0.011808, -0.070687, -0.00809, 0.011123, -0.999888, -0.010072, 0.281539, -0.070756, 0.009244, -0.996857, 0.098466, 0.0, 0.0, 0.0, 1.0],
                [0.997429, 0.011808, -0.070687, -0.00809, 0.011123, -0.999888, -0.010072, 0.281539, -0.070756, 0.009244, -0.996857, 0.098466, 0.0, 0.0, 0.0, 1.0],
                [0.997429, 0.047076, -0.054029, -0.00809, 0.011097, -0.846328, -0.532548, 0.281539, -0.070754, 0.530256, -0.84418, 0.098466, 0.0, 0.0, 0.0, 1.0],
                [0.997429, 0.047076, -0.054029, -0.00809, 0.011097, -0.846328, -0.532548, 0.281539, -0.070754, 0.530256, -0.844179, 0.098466, 0.0, 0.0, 0.0, 1.0],
                [0.997429, 0.047076, -0.054029, -0.00809, 0.011097, -0.846328, -0.532548, 0.281539, -0.070754, 0.530256, -0.844179, 0.098466, 0.0, 0.0, 0.0, 1.0]
            ]
        },
        {
            "name": "Elbow_R",
            "time": [0.0, 0.0333, 0.2833, 0.6833, 0.85],
            "transform": [
                [-1.0, 0.0, -0.0, -0.0, 0.0, 0.0, -1.0, 0.3, -0.0, -1.0, 0.0, 0.0, 0.0, 0.0, 0.0, 1.0],
                [-1.0, 0.0, -0.0, -0.0, 0.0, 0.0, -1.0, 0.3, -0.0, -1.0, 0.0, 0.0, 0.0, 0.0, 0.0, 1.0],
                [-1.0, 0.0, -0.0, -0.0, 0.0, -0.0, -1.0, 0.3, -0.0, -1.0, 0.0, 0.0, 0.0, 0.0, 0.0, 1.0],
                [-1.0, 0.0, -0.0, 0.0, 0.0, -0.0, -1.0, 0.3, -0.0, -1.0, 0.0, -0.0, 0.0, 0.0, 0.0, 1.0],
                [-1.0, 0.0, -0.0, 0.0, 0.0, -0.0, -1.0, 0.3, -0.0, -1.0, 0.0, -0.0, 0.0, 0.0, 0.0, 1.0]
            ]
        },
        {
            "name": "Shoulder_L",
            "time": [0.0, 0.0333, 0.2833, 0.6833, 0.85],
            "transform": [
                [-0.239454, -0.956644, -0.165813, 0.0, 0.004989, -0.171992, 0.985086, 0.4, -0.970895, 0.235055, 0.045957, -0.0, 0.0, 0.0, 0.0, 1.0],
                [-0.239454, -0.956644, -0.165813, 0.0, 0.004989, -0.171992, 0.985086, 0.4, -0.970895, 0.235055, 0.045957, -0.0, 0.0, 0.0, 0.0, 1.0],
                [-0.239454, -0.956644, -0.165813, 0.0, 0.004989, -0.171992, 0.985086, 0.4, -0.970895, 0.235055, 0.045957, -0.0, 0.0, 0.0, 0.0, 1.0],
                [-0.239454, -0.956644, -0.165813, -0.0, 0.004989, -0.171992, 0.985086, 0.4, -0.970895, 0.235055, 0.045957, -0.0, 0.0, 0.0, 0.0, 1.0],
                [-0.239454, -0.956644, -0.165813, -0.0, 0.004989, -0.171992, 0.985086, 0.4, -0.970895, 0.235055, 0.045957, -0.0, 0.0, 0.0, 0.0, 1.0]
            ]
        },
        {
            "name": "Arm_L",
            "time": [0.0, 0.0333, 0.25, 0.2833, 0.6833, 0.85],
            "transform": [
                [0.247875, 0.191825, 0.949611, 0.0, -0.823948, 0.55732, 0.102493, 0.39386, -0.509576, -0.807835, 0.296199, -0.0, 0.0, 0.0, 0.0, 1.0],
                [0.247875, 0.191825, 0.949611, 0.0, -0.823948, 0.55732, 0.102493, 0.39386, -0.509576, -0.807835, 0.296199, -0.0, 0.0, 0.0, 0.0, 1.0],
                [0.311059, 0.038492, 0.949611, -0.0, -0.424232, 0.899735, 0.102493, 0.39386, -0.850453, -0.434737, 0.296199, -0.0, 0.0, 0.0, 0.0, 1.0],
                [0.311058, 0.186747, 0.931863, 0.0, -0.424232, 0.904683, -0.03969, 0.39386, -0.850453, -0.38298, 0.360633, -0.0, 0.0, 0.0, 0.0, 1.0],
                [0.278018, 0.233104, 0.931863, -0.0, -0.560522, 0.827188, -0.03969, 0.39386, -0.780078, -0.511295, 0.360633, 0.0, 0.0, 0.0, 0.0, 1.0],
                [0.278018, 0.233104, 0.931863, -0.0, -0.560522, 0.827188, -0.03969, 0.39386, -0.780078, -0.511295, 0.360633, 0.0, 0.0, 0.0, 0.0, 1.0]
            ]
        },
        {
            "name": "Hand_L",
            "time": [0.0, 0.0333, 0.2833, 0.6833, 0.85],
            "transform": [
                [0.997816, 0.02796, 0.059848, -0.0, -0.013372, 0.972739, -0.231517, 0.3, -0.06469, 0.230211, 0.970989, -0.0, 0.0, 0.0, 0.0, 1.0],
                [0.997816, 0.02796, 0.059848, -0.0, -0.013372, 0.972739, -0.231517, 0.3, -0.06469, 0.230211, 0.970989, -0.0, 0.0, 0.0, 0.0, 1.0],
                [0.997816, 0.02796, 0.059848, -0.0, -0.013372, 0.972739, -0.231517, 0.3, -0.06469, 0.230211, 0.970989, 0.0, 0.0, 0.0, 0.0, 1.0],
                [0.997816, 0.02796, 0.059848, -0.0, -0.013372, 0.972739, -0.231517, 0.3, -0.06469, 0.230211, 0.970988, 0.0, 0.0, 0.0, 0.0, 1.0],
                [0.997816, 0.02796, 0.059848, -0.0, -0.013372, 0.972739, -0.231517, 0.3, -0.06469, 0.230211, 0.970988, 0.0, 0.0, 0.0, 0.0, 1.0]
            ]
        },
        {
            "name": "Tool_L",
            "time": [0.0, 0.0333, 0.2833, 0.6833, 0.85],
            "transform": [
                [0.99711, 0.048289, -0.058649, -0.020885, 0.036132, -0.980526, -0.193037, 0.218579, -0.066789, 0.190237, -0.978863, 0.043687, 0.0, 0.0, 0.0, 1.0],
                [0.99711, 0.048289, -0.058649, -0.020885, 0.036132, -0.980526, -0.193037, 0.218579, -0.066789, 0.190237, -0.978863, 0.043687, 0.0, 0.0, 0.0, 1.0],
                [0.99711, 0.04829, -0.058649, -0.020885, 0.036132, -0.980526, -0.193037, 0.218579, -0.066789, 0.190237, -0.978863, 0.043687, 0.0, 0.0, 0.0, 1.0],
                [0.99711, 0.04829, -0.058649, -0.020885, 0.036132, -0.980526, -0.193037, 0.218579, -0.066789, 0.190237, -0.978863, 0.043687, 0.0, 0.0, 0.0, 1.0],
                [0.99711, 0.04829, -0.058649, -0.020885, 0.036132, -0.980526, -0.193037, 0.218579, -0.066789, 0.190237, -0.978863, 0.043687, 0.0, 0.0, 0.0, 1.0]
            ]
        },
        {
            "name": "Elbow_L",
            "time": [0.0, 0.0333, 0.2833, 0.6833, 0.85],
            "transform": [
                [-0.999381, -0.034882, 0.004544, -0.000834, -0.003968, -0.016565, -0.999855, 0.308175, 0.034953, -0.999254, 0.016416, -0.000892, 0.0, 0.0, 0.0, 1.0],
                [-0.999381, -0.034882, 0.004544, -0.000834, -0.003968, -0.016565, -0.999855, 0.308175, 0.034953, -0.999254, 0.016416, -0.000892, 0.0, 0.0, 0.0, 1.0],
                [-0.999381, -0.034883, 0.004544, -0.000835, -0.003968, -0.016565, -0.999855, 0.308175, 0.034953, -0.999254, 0.016416, -0.000892, 0.0, 0.0, 0.0, 1.0],
                [-0.999381, -0.034883, 0.004544, -0.000834, -0.003968, -0.016565, -0.999855, 0.308175, 0.034953, -0.999254, 0.016416, -0.000892, 0.0, 0.0, 0.0, 1.0],
                [-0.999381, -0.034883, 0.004544, -0.000834, -0.003968, -0.016565, -0.999855, 0.308175, 0.034953, -0.999254, 0.016416, -0.000892, 0.0, 0.0, 0.0, 1.0]
            ]
        }
    ]
}