{
    "animation": [
        {
            "name": "Root",
            "time": [0.0, 0.3167, 0.3667, 0.7, 0.8, 1.1167],
            "transform": [
                [0.908606, 0.0, 0.417654, -0.046992, 0.417654, 0.0, -0.908606, -0.024452, 0.0, 1.0, 0.0, 0.581852, 0.0, 0.0, 0.0, 1.0],
                [0.908606, 0.0, 0.417654, -0.046992, 0.417654, 0.0, -0.908606, -0.024452, 0.0, 1.0, 0.0, 0.724923, 0.0, 0.0, 0.0, 1.0],
                [0.908606, 0.0, 0.417654, -0.046992, 0.417654, 0.0, -0.908606, -0.024452, 0.0, 1.0, 0.0, 0.724923, 0.0, 0.0, 0.0, 1.0],
                [0.908606, 0.0, 0.417654, -0.046992, 0.417654, 0.0, -0.908606, -0.024452, 0.0, 1.0, 0.0, 0.581852, 0.0, 0.0, 0.0, 1.0],
                [0.908606, 0.0, 0.417654, -0.046992, 0.417654, 0.0, -0.908606, -0.024452, 0.0, 1.0, 0.0, 0.581852, 0.0, 0.0, 0.0, 1.0],
                [0.854689, 0.0, -0.51914, -5e-06, -0.51914, 0.0, -0.854689, -0.602624, 0.0, 1.0, 0.0, 0.777146, 0.0, 0.0, 0.0, 1.0]
            ]
        },
        {
            "name": "Thigh_R",
            "time": [0.0, 0.3167, 0.3667, 0.7, 0.8, 1.1167],
            "transform": [
                [0.878321, 0.422479, 0.223746, 0.124994, 0.062123, -0.56491, 0.82281, -0.002831, 0.474017, -0.70879, -0.52242, -1.2e-05, 0.0, 0.0, 0.0, 1.0],
                [0.878321, 0.299141, 0.372915, 0.124994, 0.062123, -0.844842, 0.531394, -0.002831, 0.474017, -0.443567, -0.760629, -1.2e-05, 0.0, 0.0, 0.0, 1.0],
                [0.878321, 0.325113, 0.350504, 0.124994, 0.062123, -0.804561, 0.590609, -0.002831, 0.474017, -0.496969, -0.726862, -1.2e-05, 0.0, 0.0, 0.0, 1.0],
                [0.960689, 0.217229, 0.172876, 0.124994, -0.002408, -0.616155, 0.78762, -0.002831, 0.277613, -0.757073, -0.591413, -1.2e-05, 0.0, 0.0, 0.0, 1.0],
                [0.960689, 0.217229, 0.172876, 0.124994, -0.002408, -0.616155, 0.78762, -0.002831, 0.277613, -0.757073, -0.591413, -1.2e-05, 0.0, 0.0, 0.0, 1.0],
                [0.996122, 0.059171, -0.065101, 0.124994, 0.068868, -0.984949, 0.158519, -0.002831, -0.054742, -0.162387, -0.985208, -1.2e-05, 0.0, 0.0, 0.0, 1.0]
            ]
        },
        {
            "name": "Leg_R",
            "time": [0.0, 0.3167, 0.3667, 0.7, 0.8, 1.1167],
            "transform": [
                [1.0, -1e-06, 1e-06, 0.0, -0.0, 0.79791, 0.602777, 0.37472, -2e-06, -0.602778, 0.797909, -0.0, 0.0, 0.0, 0.0, 1.0],
                [1.0, -1e-06, 1e-06, 0.0, -0.0, 0.79791, 0.602777, 0.37472, -2e-06, -0.602778, 0.797909, 0.0, 0.0, 0.0, 0.0, 1.0],
                [1.0, -1e-06, 1e-06, 0.0, -0.0, 0.79791, 0.602777, 0.37472, -2e-06, -0.602778, 0.797909, -0.0, 0.0, 0.0, 0.0, 1.0],
                [1.0, -1e-06, 1e-06, 0.0, -0.0, 0.649263, 0.760564, 0.37472, -2e-06, -0.760565, 0.649262, 0.0, 0.0, 0.0, 0.0, 1.0],
                [1.0, -1e-06, 1e-06, 0.0, -0.0, 0.649263, 0.760564, 0.37472, -2e-06, -0.760565, 0.649262, 0.0, 0.0, 0.0, 0.0, 1.0],
                [0.998294, -0.058382, 2e-06, 0.0, 0.058095, 0.993385, 0.099059, 0.37472, -0.005785, -0.09889, 0.995081, -0.0, 0.0, 0.0, 0.0, 1.0]
            ]
        },
        {
            "name": "Knee_R",
            "time": [0.0, 0.3167, 0.3667, 0.7, 0.8, 1.1167],
            "transform": [
                [1.0, 0.0, -0.0, 0.0, -0.0, 1e-06, -1.0, 0.37472, -0.0, 1.0, 1e-06, -0.0, 0.0, 0.0, 0.0, 1.0],
                [1.0, 0.0, -0.0, 0.0, -0.0, 1e-06, -1.0, 0.37472, -0.0, 1.0, 1e-06, 0.0, 0.0, 0.0, 0.0, 1.0],
                [1.0, 0.0, -0.0, 0.0, -0.0, 1e-06, -1.0, 0.37472, -0.0, 1.0, 1e-06, -0.0, 0.0, 0.0, 0.0, 1.0],
                [1.0, 0.0, -0.0, 0.0, -0.0, 1e-06, -1.0, 0.37472, -0.0, 1.0, 1e-06, 0.0, 0.0, 0.0, 0.0, 1.0],
                [1.0, 0.0, -0.0, 0.0, -0.0, 1e-06, -1.0, 0.37472, -0.0, 1.0, 1e-06, 0.0, 0.0, 0.0, 0.0, 1.0],
                [1.0, 0.0, -0.0, 0.0, -0.0, 1e-06, -1.0, 0.37472, -0.0, 1.0, 1e-06, -0.0, 0.0, 0.0, 0.0, 1.0]
            ]
        },
        {
            "name": "Thigh_L",
            "time": [0.0, 0.3167, 0.3667, 0.7, 0.8, 1.1167],
            "transform": [
                [0.877853, -0.310627, 0.364532, -0.109662, -0.126554, -0.884538, -0.448973, -0.002831, 0.461906, 0.348, -0.815805, 0.02525, 0.0, 0.0, 0.0, 1.0],
                [0.877853, -0.210035, 0.430417, -0.109662, -0.126554, -0.968492, -0.214492, -0.002831, 0.461906, 0.133822, -0.876775, 0.02525, 0.0, 0.0, 0.0, 1.0],
                [0.877853, -0.2209, 0.424942, -0.109662, -0.126554, -0.962731, -0.239024, -0.002831, 0.461906, 0.156051, -0.873092, 0.02525, 0.0, 0.0, 0.0, 1.0],
                [0.899062, -0.357888, 0.252194, -0.109662, -0.198762, -0.846886, -0.493232, -0.002831, 0.390101, 0.39332, -0.832538, 0.02525, 0.0, 0.0, 0.0, 1.0],
                [0.899062, -0.357888, 0.252194, -0.109662, -0.198762, -0.846886, -0.493232, -0.002831, 0.390101, 0.39332, -0.832538, 0.02525, 0.0, 0.0, 0.0, 1.0],
                [0.862919, -0.112698, -0.492614, -0.109662, -0.086164, -0.993353, 0.07632, -0.002831, -0.497941, -0.023412, -0.866894, 0.02525, 0.0, 0.0, 0.0, 1.0]
            ]
        },
        {
            "name": "Leg_L",
            "time": [0.0, 0.3167, 0.3667, 0.7, 0.8, 1.1167],
            "transform": [
                [0.999985, -0.000309, 0.005476, 0.0, -0.001379, 0.952154, 0.305614, 0.37472, -0.005309, -0.305617, 0.95214, -0.0, 0.0, 0.0, 0.0, 1.0],
                [0.999985, -0.000309, 0.005476, -0.0, -0.00138, 0.952154, 0.305614, 0.37472, -0.005309, -0.305617, 0.95214, 0.0, 0.0, 0.0, 0.0, 1.0],
                [0.999985, -0.000309, 0.005476, -0.0, -0.001379, 0.952154, 0.305614, 0.37472, -0.005309, -0.305617, 0.95214, -0.0, 0.0, 0.0, 0.0, 1.0],
                [0.999985, 0.001088, 0.005375, 0.0, -0.001379, 0.998518, 0.054409, 0.37472, -0.005308, -0.054416, 0.998505, 0.0, 0.0, 0.0, 0.0, 1.0],
                [0.999985, 0.001088, 0.005375, 0.0, -0.001379, 0.998518, 0.054409, 0.37472, -0.005308, -0.054416, 0.998505, 0.0, 0.0, 0.0, 0.0, 1.0],
                [0.997933, 0.06405, 0.005302, 0.0, -0.064028, 0.997939, -0.004292, 0.37472, -0.005566, 0.003944, 0.999977, -0.0, 0.0, 0.0, 0.0, 1.0]
            ]
        },
        {
            "name": "Knee_L",
            "time": [0.0, 0.3167, 0.3667, 0.7, 0.8, 1.1167],
            "transform": [
                [1.0, 0.0, -0.0, 0.0, -0.0, 1e-06, -1.0, 0.37472, -0.0, 1.0, 1e-06, -0.0, 0.0, 0.0, 0.0, 1.0],
                [1.0, 0.0, -0.0, -0.0, -0.0, 1e-06, -1.0, 0.37472, -0.0, 1.0, 1e-06, 0.0, 0.0, 0.0, 0.0, 1.0],
                [1.0, 0.0, -0.0, -0.0, -0.0, 1e-06, -1.0, 0.37472, -0.0, 1.0, 1e-06, -0.0, 0.0, 0.0, 0.0, 1.0],
                [1.0, 0.0, -0.0, 0.0, -0.0, 1e-06, -1.0, 0.37472, -0.0, 1.0, 1e-06, 0.0, 0.0, 0.0, 0.0, 1.0],
                [1.0, 0.0, -0.0, 0.0, -0.0, 1e-06, -1.0, 0.37472, -0.0, 1.0, 1e-06, 0.0, 0.0, 0.0, 0.0, 1.0],
                [1.0, 0.0, -0.0, 0.0, -0.0, 1e-06, -1.0, 0.37472, -0.0, 1.0, 1e-06, -0.0, 0.0, 0.0, 0.0, 1.0]
            ]
        },
        {
            "name": "Torso",
            "time": [0.0, 0.3167, 0.3667, 0.7, 0.8, 1.1167],
            "transform": [
                [0.994908, -0.081235, 0.059656, -0.0, 0.083287, 0.995987, -0.032756, 0.05, -0.056756, 0.037558, 0.997681, 0.0, 0.0, 0.0, 0.0, 1.0],
                [0.994908, -0.081235, 0.059656, -0.0, 0.083287, 0.995987, -0.032756, 0.05, -0.056756, 0.037558, 0.997681, 0.0, 0.0, 0.0, 0.0, 1.0],
                [0.994908, -0.081235, 0.059656, -0.0, 0.083287, 0.995987, -0.032756, 0.05, -0.056756, 0.037558, 0.997681, 0.0, 0.0, 0.0, 0.0, 1.0],
                [0.933875, -0.025127, 0.356717, -0.0, 0.018916, 0.999603, 0.020888, 0.05, -0.3571, -0.012759, 0.933979, 0.0, 0.0, 0.0, 0.0, 1.0],
                [0.933875, -0.025127, 0.356717, -0.0, 0.018916, 0.999603, 0.020888, 0.05, -0.3571, -0.012759, 0.933979, 0.0, 0.0, 0.0, 0.0, 1.0],
                [0.965662, -0.025127, 0.258583, -0.0, 0.020968, 0.999603, 0.018828, 0.05, -0.258953, -0.012759, 0.965806, 0.0, 0.0, 0.0, 0.0, 1.0]
            ]
        },
        {
            "name": "Chest",
            "time": [0.0, 0.3167, 0.3667, 0.7, 0.8, 1.1167],
            "transform": [
                [0.894752, 0.134345, 0.425876, 0.0, -0.281919, 0.909539, 0.305385, 0.3, -0.346324, -0.393306, 0.851687, -0.0, 0.0, 0.0, 0.0, 1.0],
                [0.912288, 0.157611, 0.378007, 0.0, -0.196068, 0.978417, 0.065241, 0.3, -0.359566, -0.133633, 0.923501, -0.0, 0.0, 0.0, 0.0, 1.0],
                [0.912288, 0.128852, 0.388752, 0.0, -0.196068, 0.970781, 0.13835, 0.3, -0.359566, -0.202436, 0.910896, -0.0, 0.0, 0.0, 0.0, 1.0],
                [0.935189, -0.064779, 0.348174, 0.0, -0.030143, 0.965002, 0.260505, 0.3, -0.352864, -0.254116, 0.900507, 0.0, 0.0, 0.0, 0.0, 1.0],
                [0.935189, -0.064779, 0.348174, 0.0, -0.030143, 0.965002, 0.260505, 0.3, -0.352864, -0.254116, 0.900507, 0.0, 0.0, 0.0, 0.0, 1.0],
                [0.997431, -0.023894, 0.067533, -0.0, 0.022738, 0.999582, 0.017843, 0.3, -0.067931, -0.016261, 0.997558, 0.0, 0.0, 0.0, 0.0, 1.0]
            ]
        },
        {
            "name": "Head",
            "time": [0.0, 0.3167, 0.3667, 0.7, 0.8, 1.1167],
            "transform": [
                [0.650594, -0.205686, -0.731041, -0.0, -0.07674, 0.93989, -0.332743, 0.4, 0.755539, 0.27258, 0.595702, -0.0, 0.0, 0.0, 0.0, 1.0],
                [0.978139, -0.206647, -0.023254, -0.0, 0.206162, 0.978278, -0.021644, 0.4, 0.027222, 0.016377, 0.999495, 0.0, 0.0, 0.0, 0.0, 1.0],
                [0.978139, -0.20302, -0.04502, -0.0, 0.206162, 0.975064, 0.082139, 0.4, 0.027221, -0.089624, 0.995604, 0.0, 0.0, 0.0, 0.0, 1.0],
                [0.916934, -0.003919, -0.39902, 0.0, 0.085692, 0.978557, 0.187306, 0.4, 0.38973, -0.20594, 0.897608, -0.0, 0.0, 0.0, 0.0, 1.0],
                [0.916934, -0.003919, -0.39902, 0.0, 0.085692, 0.978557, 0.187306, 0.4, 0.38973, -0.20594, 0.897608, -0.0, 0.0, 0.0, 0.0, 1.0],
                [0.989016, 0.03176, 0.144357, 0.0, -0.026637, 0.99895, -0.037285, 0.4, -0.145389, 0.033031, 0.988823, 0.0, 0.0, 0.0, 0.0, 1.0]
            ]
        },
        {
            "name": "Shoulder_R",
            "time": [0.0, 0.3167, 0.3667, 0.7, 0.8, 1.1167],
            "transform": [
                [0.12373, 0.947322, 0.295418, -0.0, -0.118415, -0.281483, 0.952232, 0.4, 0.985225, -0.152801, 0.077349, -0.0, 0.0, 0.0, 0.0, 1.0],
                [0.12373, 0.947322, 0.295418, -0.0, -0.118415, -0.281483, 0.952232, 0.4, 0.985225, -0.152801, 0.077349, 0.0, 0.0, 0.0, 0.0, 1.0],
                [0.12373, 0.947322, 0.295418, -0.0, -0.118415, -0.281483, 0.952232, 0.4, 0.985225, -0.152801, 0.077349, 0.0, 0.0, 0.0, 0.0, 1.0],
                [0.344364, 0.859435, 0.37787, 0.0, -0.20394, -0.324398, 0.923674, 0.4, 0.916418, -0.395143, 0.063562, -0.0, 0.0, 0.0, 0.0, 1.0],
                [0.344364, 0.859435, 0.37787, 0.0, -0.20394, -0.324398, 0.923674, 0.4, 0.916418, -0.395143, 0.063562, -0.0, 0.0, 0.0, 0.0, 1.0],
                [-0.059544, 0.923942, 0.37787, 0.0, -0.044266, -0.380613, 0.923674, 0.4, 0.997244, 0.038273, 0.063562, 0.0, 0.0, 0.0, 0.0, 1.0]
            ]
        },
        {
            "name": "Arm_R",
            "time": [0.0, 0.1833, 0.3167, 0.3667, 0.7, 0.8, 1.1167],
            "transform": [
                [0.111239, -0.378744, -0.918792, 0.0, -0.499663, 0.77786, -0.381144, 0.39386, 0.859048, 0.501485, -0.102716, 0.0, 0.0, 0.0, 0.0, 1.0],
                [0.111239, 0.389402, -0.914326, -0.0, -0.499663, 0.817205, 0.287249, 0.393861, 0.859047, 0.424901, 0.285475, 0.0, 0.0, 0.0, 0.0, 1.0],
                [0.11124, -0.591685, -0.798457, 0.0, -0.499663, 0.661208, -0.55959, 0.39386, 0.859047, 0.461208, -0.222091, 0.0, 0.0, 0.0, 0.0, 1.0],
                [0.11124, -0.591685, -0.798458, -0.0, -0.499663, 0.661208, -0.55959, 0.393861, 0.859047, 0.461208, -0.222091, 0.0, 0.0, 0.0, 0.0, 1.0],
                [-0.668993, -0.700169, 0.249423, 0.0, -0.460326, 0.126828, -0.878644, 0.39386, 0.583565, -0.702622, -0.407153, 0.0, 0.0, 0.0, 0.0, 1.0],
                [-0.668993, -0.700169, 0.249423, 0.0, -0.460326, 0.126828, -0.878644, 0.39386, 0.583565, -0.702622, -0.407153, 0.0, 0.0, 0.0, 0.0, 1.0],
                [0.047157, 0.061432, -0.996997, 0.0, 0.871616, 0.485004, 0.071111, 0.39386, 0.487916, -0.872351, -0.030674, -0.0, 0.0, 0.0, 0.0, 1.0]
            ]
        },
        {
            "name": "Hand_R",
            "time": [0.0, 0.1833, 0.3167, 0.3667, 0.7, 0.8, 1.1167],
            "transform": [
                [0.999737, 0.003374, -0.022663, -0.0, -0.005967, 0.993307, -0.115355, 0.3, 0.022122, 0.11546, 0.993066, 0.0, 0.0, 0.0, 0.0, 1.0],
                [0.996418, 0.028811, -0.079507, -0.0, -0.084051, 0.441059, -0.893534, 0.3, 0.009324, 0.897016, 0.4419, 0.0, 0.0, 0.0, 0.0, 1.0],
                [0.999738, -0.018035, -0.014132, 0.0, -0.005967, 0.39053, -0.920571, 0.3, 0.022122, 0.920414, 0.39032, 0.0, 0.0, 0.0, 0.0, 1.0],
                [0.999737, -0.018035, -0.014132, 0.0, -0.005967, 0.39053, -0.920571, 0.3, 0.022122, 0.920414, 0.39032, -0.0, 0.0, 0.0, 0.0, 1.0],
                [0.998476, 0.040898, -0.037053, 0.0, -0.049714, 0.958082, -0.282146, 0.3, 0.023961, 0.283559, 0.958655, 0.0, 0.0, 0.0, 0.0, 1.0],
                [0.998476, 0.040898, -0.037053, 0.0, -0.049714, 0.958082, -0.282146, 0.3, 0.023961, 0.283559, 0.958655, 0.0, 0.0, 0.0, 0.0, 1.0],
                [0.999599, -0.02151, -0.018414, 0.0, 0.023395, 0.993747, 0.109175, 0.3, 0.015951, -0.109562, 0.993852, 0.0, 0.0, 0.0, 0.0, 1.0]
            ]
        },
        {
            "name": "Tool_R",
            "time": [0.0, 0.3167, 0.3667, 0.5167, 0.7, 0.8, 1.1167],
            "transform": [
                [0.997529, 0.069591, -0.009684, -0.011348, -0.015617, 0.085218, -0.99624, 0.284691, -0.068464, 0.993342, 0.086032, 0.053078, 0.0, 0.0, 0.0, 1.0],
                [0.997531, 0.006646, -0.069916, -0.011348, -0.015554, -0.949888, -0.312204, 0.284691, -0.068447, 0.312325, -0.946881, 0.053078, 0.0, 0.0, 0.0, 1.0],
                [0.997531, 0.006646, -0.069916, -0.011348, -0.015553, -0.949888, -0.312204, 0.284691, -0.068447, 0.312325, -0.946881, 0.053078, 0.0, 0.0, 0.0, 1.0],
                [0.982425, 0.133377, 0.130587, -0.009369, 0.167003, -0.94056, -0.295733, 0.299152, 0.083333, 0.312149, -0.945746, 0.014743, 0.0, 0.0, 0.0, 1.0],
                [0.921649, 0.307959, -0.236063, -0.006569, 0.209065, -0.906624, -0.366504, 0.319612, -0.326692, 0.288255, -0.899443, -0.039498, 0.0, 0.0, 0.0, 1.0],
                [0.921649, 0.307959, -0.236063, -0.006569, 0.209065, -0.906624, -0.366504, 0.319612, -0.326692, 0.288255, -0.899443, -0.039498, 0.0, 0.0, 0.0, 1.0],
                [0.997429, 0.007601, -0.071259, -0.00809, 0.011127, -0.998726, 0.049225, 0.281539, -0.070752, -0.049873, -0.995652, 0.098466, 0.0, 0.0, 0.0, 1.0]
            ]
        },
        {
            "name": "Elbow_R",
            "time": [0.0, 0.3167, 0.3667, 0.7, 0.8, 1.1167],
            "transform": [
                [-1.0, 0.0, -0.0, -0.0, 0.0, -0.0, -1.0, 0.3, -0.0, -1.0, 0.0, 0.0, 0.0, 0.0, 0.0, 1.0],
                [-1.0, 0.0, -0.0, 0.0, 0.0, -0.0, -1.0, 0.3, -0.0, -1.0, 0.0, 0.0, 0.0, 0.0, 0.0, 1.0],
                [-1.0, 0.0, -0.0, 0.0, 0.0, -0.0, -1.0, 0.3, -0.0, -1.0, 0.0, -0.0, 0.0, 0.0, 0.0, 1.0],
                [-1.0, 0.0, -0.0, 0.0, 0.0, -0.0, -1.0, 0.3, -0.0, -1.0, 0.0, 0.0, 0.0, 0.0, 0.0, 1.0],
                [-1.0, 0.0, -0.0, 0.0, 0.0, -0.0, -1.0, 0.3, -0.0, -1.0, 0.0, 0.0, 0.0, 0.0, 0.0, 1.0],
                [-1.0, 0.0, -0.0, 0.0, 0.0, -0.0, -1.0, 0.3, -0.0, -1.0, 0.0, 0.0, 0.0, 0.0, 0.0, 1.0]
            ]
        },
        {
            "name": "Shoulder_L",
            "time": [0.0, 0.3167, 0.3667, 0.7, 0.8, 1.1167],
            "transform": [
                [-0.239454, -0.956644, -0.165813, -0.0, 0.004989, -0.171992, 0.985086, 0.4, -0.970895, 0.235055, 0.045957, -0.0, 0.0, 0.0, 0.0, 1.0],
                [-0.239454, -0.956644, -0.165813, -0.0, 0.004989, -0.171992, 0.985086, 0.4, -0.970895, 0.235055, 0.045957, 0.0, 0.0, 0.0, 0.0, 1.0],
                [-0.239454, -0.956644, -0.165813, -0.0, 0.004989, -0.171992, 0.985086, 0.4, -0.970895, 0.235055, 0.045957, 0.0, 0.0, 0.0, 0.0, 1.0],
                [-0.052706, -0.984748, -0.165813, 0.0, 0.037683, -0.167887, 0.985086, 0.4, -0.997899, 0.045672, 0.045957, -0.0, 0.0, 0.0, 0.0, 1.0],
                [-0.052706, -0.984748, -0.165813, 0.0, 0.037683, -0.167887, 0.985086, 0.4, -0.997899, 0.045672, 0.045957, -0.0, 0.0, 0.0, 0.0, 1.0],
                [-0.007939, -0.952498, -0.304441, 0.0, -0.088921, -0.302572, 0.94897, 0.4, -0.996007, 0.034605, -0.082295, 0.0, 0.0, 0.0, 0.0, 1.0]
            ]
        },
        {
            "name": "Arm_L",
            "time": [0.0, 0.3167, 0.3667, 0.7, 0.8, 1.1167],
            "transform": [
                [0.272918, 0.07339, 0.959234, 0.0, -0.910319, 0.34222, 0.232819, 0.39386, -0.311182, -0.936749, 0.160206, -0.0, 0.0, 0.0, 0.0, 1.0],
                [-0.264612, 0.267427, 0.926533, -0.0, -0.47563, 0.7996, -0.366627, 0.39386, -0.838902, -0.537701, -0.084387, 0.0, 0.0, 0.0, 0.0, 1.0],
                [-0.264612, 0.267427, 0.926533, 0.0, -0.47563, 0.7996, -0.366627, 0.39386, -0.838902, -0.537701, -0.084387, -0.0, 0.0, 0.0, 0.0, 1.0],
                [-0.679272, 0.559702, 0.474682, 0.0, -0.266037, 0.415016, -0.87005, 0.39386, -0.683969, -0.717283, -0.133007, -0.0, 0.0, 0.0, 0.0, 1.0],
                [-0.679272, 0.559702, 0.474682, 0.0, -0.266037, 0.415016, -0.87005, 0.39386, -0.683969, -0.717283, -0.133007, -0.0, 0.0, 0.0, 0.0, 1.0],
                [0.2326, 0.015173, 0.972454, -0.0, -0.875693, 0.438302, 0.202617, 0.39386, -0.423154, -0.8987, 0.115236, -0.0, 0.0, 0.0, 0.0, 1.0]
            ]
        },
        {
            "name": "Hand_L",
            "time": [0.0, 0.3167, 0.3667, 0.7, 0.8, 1.1167],
            "transform": [
                [0.997816, 0.031323, 0.058158, 0.0, -0.013372, 0.957977, -0.286535, 0.3, -0.06469, 0.285132, 0.956303, 0.0, 0.0, 0.0, 0.0, 1.0],
                [0.997816, 0.057268, 0.032923, 0.0, -0.013372, 0.663192, -0.748331, 0.3, -0.06469, 0.746256, 0.662509, 0.0, 0.0, 0.0, 0.0, 1.0],
                [0.997816, 0.057268, 0.032923, 0.0, -0.013372, 0.663192, -0.748331, 0.3, -0.06469, 0.746256, 0.662509, 0.0, 0.0, 0.0, 0.0, 1.0],
                [0.997816, 0.018294, 0.063473, -0.0, -0.013372, 0.996932, -0.077124, 0.3, -0.06469, 0.076107, 0.994999, -0.0, 0.0, 0.0, 0.0, 1.0],
                [0.997816, 0.018294, 0.063473, -0.0, -0.013372, 0.996932, -0.077124, 0.3, -0.06469, 0.076107, 0.994999, -0.0, 0.0, 0.0, 0.0, 1.0],
                [0.99991, 0.012501, 0.004949, -0.0, -0.012582, 0.999782, 0.01669, 0.3, -0.004739, -0.016751, 0.999849, -0.0, 0.0, 0.0, 0.0, 1.0]
            ]
        },
        {
            "name": "Tool_L",
            "time": [0.0, 0.3167, 0.3667, 0.5167, 0.7, 0.8, 1.1167],
            "transform": [
                [0.99711, 0.04829, -0.058649, -0.020885, 0.036132, -0.980526, -0.193037, 0.218579, -0.066789, 0.190237, -0.978863, 0.043687, 0.0, 0.0, 0.0, 1.0],
                [0.99711, 0.04829, -0.058649, -0.020885, 0.036132, -0.980526, -0.193037, 0.218579, -0.066789, 0.190237, -0.978863, 0.043687, 0.0, 0.0, 0.0, 1.0],
                [0.99711, 0.048289, -0.058649, -0.020885, 0.036132, -0.980526, -0.193037, 0.218579, -0.066789, 0.190237, -0.978863, 0.043687, 0.0, 0.0, 0.0, 1.0],
                [0.976556, 0.205078, -0.065432, -0.017486, 0.202884, -0.978439, -0.038655, 0.214535, -0.071904, 0.024448, -0.996522, 0.092187, 0.0, 0.0, 0.0, 1.0],
                [0.99711, 0.04829, -0.058649, -0.012677, 0.036132, -0.980526, -0.193037, 0.208813, -0.066789, 0.190237, -0.978863, 0.160811, 0.0, 0.0, 0.0, 1.0],
                [0.99711, 0.04829, -0.058649, -0.012677, 0.036132, -0.980526, -0.193037, 0.208813, -0.066789, 0.190237, -0.978863, 0.160811, 0.0, 0.0, 0.0, 1.0],
                [0.99711, 0.043861, -0.062033, -0.012677, 0.036135, -0.992043, -0.1206, 0.208813, -0.066789, 0.11793, -0.99018, 0.160811, 0.0, 0.0, 0.0, 1.0]
            ]
        },
        {
            "name": "Elbow_L",
            "time": [0.0, 0.3167, 0.3667, 0.7, 0.8, 1.1167],
            "transform": [
                [-0.999381, -0.034293, -0.00784, -0.000834, -0.003968, 0.331352, -0.943499, 0.308175, 0.034953, -0.942884, -0.331283, -0.000892, 0.0, 0.0, 0.0, 1.0],
                [-0.999381, -0.034293, -0.00784, -0.000834, -0.003968, 0.331352, -0.943499, 0.308175, 0.034953, -0.942884, -0.331283, -0.000892, 0.0, 0.0, 0.0, 1.0],
                [-0.999381, -0.034293, -0.00784, -0.000834, -0.003968, 0.331352, -0.943499, 0.308175, 0.034953, -0.942884, -0.331283, -0.000892, 0.0, 0.0, 0.0, 1.0],
                [-0.999381, -0.034883, 0.004544, -0.000834, -0.003968, -0.016565, -0.999855, 0.308175, 0.034953, -0.999254, 0.016416, -0.000892, 0.0, 0.0, 0.0, 1.0],
                [-0.999381, -0.034883, 0.004544, -0.000834, -0.003968, -0.016565, -0.999855, 0.308175, 0.034953, -0.999254, 0.016416, -0.000892, 0.0, 0.0, 0.0, 1.0],
                [-0.998967, -0.043093, -0.01444, -4.9e-05, 0.028309, -0.34145, -0.939473, 0.367197, 0.035554, -0.938912, 0.342317, -0.015902, 0.0, 0.0, 0.0, 1.0]
            ]
        }
    ]
}