{
    "animation": [
        {
            "name": "Root",
            "time": [0.0, 0.1333, 0.3, 0.4, 0.45, 0.5167, 0.55, 0.6, 0.6833, 0.7333, 0.7833, 1.0, 1.1167, 1.4333],
            "transform": [
                [0.908606, 0.0, 0.417654, -0.046992, 0.417654, 0.0, -0.908606, -0.024452, 0.0, 1.0, 0.0, 0.581852, 0.0, 0.0, 0.0, 1.0],
                [0.908606, 0.0, 0.417654, -0.046992, 0.417654, 0.0, -0.908606, -0.024452, 0.0, 1.0, 0.0, 0.581852, 0.0, 0.0, 0.0, 1.0],
                [0.695043, 0.0, -0.718968, -0.046992, -0.718968, 0.0, -0.695043, -1.168801, 0.0, 1.0, 0.0, 0.581852, 0.0, 0.0, 0.0, 1.0],
                [-0.544614, 0.0, -0.838687, -0.046992, -0.838687, 0.0, 0.544614, -1.787023, 0.0, 1.0, 0.0, 0.581852, 0.0, 0.0, 0.0, 1.0],
                [-0.867531, -0.003419, -0.497371, -0.046992, -0.497382, 0.007486, 0.867499, -2.088108, 0.000757, 0.999966, -0.008195, 0.582349, 0.0, 0.0, 0.0, 1.0],
                [-0.942097, -0.00224, 0.335333, -0.046992, 0.334924, 0.043534, 0.941239, -2.47979, -0.016707, 0.999049, -0.040263, 0.584114, 0.0, 0.0, 0.0, 1.0],
                [-0.656175, 0.010786, 0.754532, -0.046992, 0.753453, 0.064683, 0.654312, -2.669037, -0.041748, 0.997848, -0.05057, 0.585228, 0.0, 0.0, 0.0, 1.0],
                [-0.001727, 0.040174, 0.999191, -0.046992, 0.996322, 0.08567, -0.001723, -2.928463, -0.08567, 0.995513, -0.040174, 0.587196, 0.0, 0.0, 0.0, 1.0],
                [0.593066, 0.057686, 0.803085, -0.046992, 0.797486, 0.095244, -0.595773, -3.269736, -0.110857, 0.993781, 0.010482, 0.590164, 0.0, 0.0, 0.0, 1.0],
                [0.556828, 0.028011, 0.830156, -0.046992, 0.823065, 0.115951, -0.555984, -3.383585, -0.111831, 0.99286, 0.04151, 0.591268, 0.0, 0.0, 0.0, 1.0],
                [0.490105, 0.000355, 0.871663, -0.046992, 0.865097, 0.122316, -0.486463, -3.42338, -0.106791, 0.992491, 0.05964, 0.591635, 0.0, 0.0, 0.0, 1.0],
                [0.836988, 0.0, 0.547222, -0.046992, 0.547222, 0.0, -0.836988, -3.447637, 0.0, 1.0, 0.0, 0.581852, 0.0, 0.0, 0.0, 1.0],
                [0.836988, 0.0, 0.547222, -0.046992, 0.547222, 0.0, -0.836988, -3.447637, 0.0, 1.0, 0.0, 0.581852, 0.0, 0.0, 0.0, 1.0],
                [0.969525, 0.0, -0.244991, -0.046992, -0.244991, 0.0, -0.969525, -4.002537, 0.0, 1.0, 0.0, 0.776938, 0.0, 0.0, 0.0, 1.0]
            ]
        },
        {
            "name": "Thigh_R",
            "time": [0.0, 0.1333, 0.3, 0.4, 0.7833, 1.0, 1.1167, 1.4333],
            "transform": [
                [0.878321, 0.422479, 0.223746, 0.124994, 0.062123, -0.56491, 0.82281, -0.002831, 0.474017, -0.70879, -0.52242, -1.2e-05, 0.0, 0.0, 0.0, 1.0],
                [0.878321, 0.422479, 0.223746, 0.124994, 0.062123, -0.56491, 0.82281, -0.002831, 0.474017, -0.70879, -0.52242, -1.2e-05, 0.0, 0.0, 0.0, 1.0],
                [0.752469, 0.262675, -0.603979, 0.124994, 0.453927, -0.871279, 0.1866, -0.002831, -0.47722, -0.414573, -0.774848, -1.2e-05, 0.0, 0.0, 0.0, 1.0],
                [0.791686, 0.247298, -0.558638, 0.124994, 0.442954, -0.862103, 0.246104, -0.002831, -0.420743, -0.442287, -0.792059, -1.2e-05, 0.0, 0.0, 0.0, 1.0],
                [0.970308, 0.209228, 0.121345, 0.124994, 0.041421, -0.638025, 0.7689, -0.002831, 0.238297, -0.741042, -0.62775, -1.2e-05, 0.0, 0.0, 0.0, 1.0],
                [0.960689, 0.217229, 0.172876, 0.124994, -0.002408, -0.616155, 0.78762, -0.002831, 0.277613, -0.757073, -0.591413, -1.2e-05, 0.0, 0.0, 0.0, 1.0],
                [0.960689, 0.217229, 0.172876, 0.124994, -0.002408, -0.616155, 0.78762, -0.002831, 0.277613, -0.757073, -0.591413, -1.2e-05, 0.0, 0.0, 0.0, 1.0],
                [0.996122, 0.059171, -0.065101, 0.124994, 0.068868, -0.984949, 0.158519, -0.002831, -0.054742, -0.162387, -0.985208, -1.2e-05, 0.0, 0.0, 0.0, 1.0]
            ]
        },
        {
            "name": "Leg_R",
            "time": [0.0, 0.1333, 0.3, 0.4, 0.7833, 1.0, 1.1167, 1.4333],
            "transform": [
                [1.0, -1e-06, 1e-06, 0.0, -0.0, 0.79791, 0.602777, 0.37472, -2e-06, -0.602778, 0.797909, -0.0, 0.0, 0.0, 0.0, 1.0],
                [1.0, -1e-06, 1e-06, 0.0, -0.0, 0.79791, 0.602777, 0.37472, -2e-06, -0.602778, 0.797909, -0.0, 0.0, 0.0, 0.0, 1.0],
                [1.0, -1e-06, 0.0, 0.0, -1e-06, -0.013953, 0.999902, 0.37472, -1e-06, -0.999903, -0.013953, -0.0, 0.0, 0.0, 0.0, 1.0],
                [1.0, -1e-06, 1e-06, 0.0, -1e-06, 0.039936, 0.999201, 0.37472, -1e-06, -0.999203, 0.039936, -0.0, 0.0, 0.0, 0.0, 1.0],
                [1.0, -1e-06, 1e-06, 0.0, -0.0, 0.613427, 0.789751, 0.37472, -2e-06, -0.789752, 0.613426, 0.0, 0.0, 0.0, 0.0, 1.0],
                [1.0, -1e-06, 1e-06, 0.0, -0.0, 0.649263, 0.760564, 0.37472, -2e-06, -0.760565, 0.649262, -0.0, 0.0, 0.0, 0.0, 1.0],
                [1.0, -1e-06, 1e-06, 0.0, -0.0, 0.649263, 0.760564, 0.37472, -2e-06, -0.760565, 0.649262, -0.0, 0.0, 0.0, 0.0, 1.0],
                [0.998294, -0.058382, 2e-06, 0.0, 0.058095, 0.993385, 0.099059, 0.37472, -0.005785, -0.09889, 0.995081, -0.0, 0.0, 0.0, 0.0, 1.0]
            ]
        },
        {
            "name": "Knee_R",
            "time": [0.0, 0.1333, 0.3, 0.4, 0.7833, 1.0, 1.1167, 1.4333],
            "transform": [
                [1.0, 0.0, -0.0, 0.0, -0.0, 1e-06, -1.0, 0.37472, -0.0, 1.0, 1e-06, -0.0, 0.0, 0.0, 0.0, 1.0],
                [1.0, 0.0, -0.0, 0.0, -0.0, 1e-06, -1.0, 0.37472, -0.0, 1.0, 1e-06, -0.0, 0.0, 0.0, 0.0, 1.0],
                [1.0, 0.0, -0.0, 0.0, -0.0, 0.734592, -0.678509, 0.37472, -0.0, 0.678509, 0.734592, -0.0, 0.0, 0.0, 0.0, 1.0],
                [1.0, 0.0, -0.0, 0.0, -0.0, 0.691623, -0.722258, 0.37472, -0.0, 0.722258, 0.691623, -0.0, 0.0, 0.0, 0.0, 1.0],
                [1.0, 0.0, -0.0, 0.0, -0.0, 0.052656, -0.998613, 0.37472, -0.0, 0.998613, 0.052656, 0.0, 0.0, 0.0, 0.0, 1.0],
                [1.0, 0.0, -0.0, 0.0, -0.0, 1e-06, -1.0, 0.37472, -0.0, 1.0, 1e-06, -0.0, 0.0, 0.0, 0.0, 1.0],
                [1.0, 0.0, -0.0, 0.0, -0.0, 1e-06, -1.0, 0.37472, -0.0, 1.0, 1e-06, -0.0, 0.0, 0.0, 0.0, 1.0],
                [1.0, 0.0, -0.0, 0.0, -0.0, 1e-06, -1.0, 0.37472, -0.0, 1.0, 1e-06, -0.0, 0.0, 0.0, 0.0, 1.0]
            ]
        },
        {
            "name": "Thigh_L",
            "time": [0.0, 0.1333, 0.3, 0.4, 0.7833, 1.0, 1.1167, 1.4333],
            "transform": [
                [0.877853, -0.310627, 0.364532, -0.109662, -0.126554, -0.884538, -0.448973, -0.002831, 0.461906, 0.348, -0.815805, 0.02525, 0.0, 0.0, 0.0, 1.0],
                [0.877853, -0.310627, 0.364532, -0.109662, -0.126554, -0.884538, -0.448973, -0.002831, 0.461906, 0.348, -0.815805, 0.02525, 0.0, 0.0, 0.0, 1.0],
                [0.819703, -0.518353, -0.243713, -0.109662, -0.066262, -0.508445, 0.858541, -0.002831, -0.568942, -0.6876, -0.451121, 0.02525, 0.0, 0.0, 0.0, 1.0],
                [0.842441, -0.489117, -0.225957, -0.109662, -0.123156, -0.583091, 0.803017, -0.002831, -0.524523, -0.648667, -0.551458, 0.02525, 0.0, 0.0, 0.0, 1.0],
                [0.911215, -0.347771, 0.220775, -0.109662, -0.235399, -0.879436, -0.413738, -0.002831, 0.338043, 0.325035, -0.88322, 0.02525, 0.0, 0.0, 0.0, 1.0],
                [0.899062, -0.357888, 0.252194, -0.109662, -0.198762, -0.846886, -0.493232, -0.002831, 0.390101, 0.39332, -0.832538, 0.02525, 0.0, 0.0, 0.0, 1.0],
                [0.899062, -0.357888, 0.252194, -0.109662, -0.198762, -0.846886, -0.493232, -0.002831, 0.390101, 0.39332, -0.832538, 0.02525, 0.0, 0.0, 0.0, 1.0],
                [0.862919, -0.112698, -0.492614, -0.109662, -0.086164, -0.993353, 0.07632, -0.002831, -0.497941, -0.023412, -0.866894, 0.02525, 0.0, 0.0, 0.0, 1.0]
            ]
        },
        {
            "name": "Leg_L",
            "time": [0.0, 0.1333, 0.3, 0.4, 0.7833, 1.0, 1.1167, 1.4333],
            "transform": [
                [0.999985, -0.000309, 0.005476, 0.0, -0.001379, 0.952154, 0.305614, 0.37472, -0.005309, -0.305617, 0.95214, -0.0, 0.0, 0.0, 0.0, 1.0],
                [0.999985, -0.000309, 0.005476, 0.0, -0.001379, 0.952154, 0.305614, 0.37472, -0.005309, -0.305617, 0.95214, -0.0, 0.0, 0.0, 0.0, 1.0],
                [0.999985, -0.002912, 0.004648, 0.0, -0.00138, 0.6867, 0.72694, 0.37472, -0.005309, -0.726934, 0.686686, -0.0, 0.0, 0.0, 0.0, 1.0],
                [0.999985, -0.002638, 0.004792, 0.0, -0.001374, 0.726804, 0.686844, 0.37472, -0.005295, -0.68684, 0.72679, 0.0, 0.0, 0.0, 0.0, 1.0],
                [0.999985, 0.000826, 0.005419, -0.0, -0.001379, 0.994695, 0.102856, 0.37472, -0.005306, -0.102862, 0.994682, 0.0, 0.0, 0.0, 0.0, 1.0],
                [0.999985, 0.001088, 0.005376, -0.0, -0.001379, 0.998517, 0.054409, 0.37472, -0.005308, -0.054416, 0.998505, 0.0, 0.0, 0.0, 0.0, 1.0],
                [0.999985, 0.001088, 0.005376, -0.0, -0.001379, 0.998517, 0.054409, 0.37472, -0.005308, -0.054416, 0.998505, 0.0, 0.0, 0.0, 0.0, 1.0],
                [0.997933, 0.06405, 0.005302, -0.0, -0.064028, 0.997939, -0.004292, 0.37472, -0.005566, 0.003944, 0.999977, -0.0, 0.0, 0.0, 0.0, 1.0]
            ]
        },
        {
            "name": "Knee_L",
            "time": [0.0, 0.1333, 0.4, 0.7833, 1.0, 1.1167, 1.4333],
            "transform": [
                [1.0, 0.0, -0.0, 0.0, -0.0, 1e-06, -1.0, 0.37472, -0.0, 1.0, 1e-06, -0.0, 0.0, 0.0, 0.0, 1.0],
                [1.0, 0.0, -0.0, 0.0, -0.0, 1e-06, -1.0, 0.37472, -0.0, 1.0, 1e-06, -0.0, 0.0, 0.0, 0.0, 1.0],
                [1.0, 0.0, -0.0, 0.0, -0.0, 1e-06, -1.0, 0.37472, -0.0, 1.0, 1e-06, 0.0, 0.0, 0.0, 0.0, 1.0],
                [1.0, 0.0, -0.0, -0.0, -0.0, 1e-06, -1.0, 0.37472, -0.0, 1.0, 1e-06, 0.0, 0.0, 0.0, 0.0, 1.0],
                [1.0, 0.0, -0.0, -0.0, -0.0, 1e-06, -1.0, 0.37472, -0.0, 1.0, 1e-06, 0.0, 0.0, 0.0, 0.0, 1.0],
                [1.0, 0.0, -0.0, -0.0, -0.0, 1e-06, -1.0, 0.37472, -0.0, 1.0, 1e-06, 0.0, 0.0, 0.0, 0.0, 1.0],
                [1.0, 0.0, -0.0, -0.0, -0.0, 1e-06, -1.0, 0.37472, -0.0, 1.0, 1e-06, -0.0, 0.0, 0.0, 0.0, 1.0]
            ]
        },
        {
            "name": "Torso",
            "time": [0.0, 0.1333, 0.4, 0.65, 0.7833, 1.0, 1.1167, 1.4333],
            "transform": [
                [0.994908, -0.081235, 0.059656, -0.0, 0.083287, 0.995987, -0.032756, 0.05, -0.056756, 0.037558, 0.997681, 0.0, 0.0, 0.0, 0.0, 1.0],
                [0.994908, -0.081235, 0.059656, -0.0, 0.083287, 0.995987, -0.032756, 0.05, -0.056756, 0.037558, 0.997681, 0.0, 0.0, 0.0, 0.0, 1.0],
                [0.987216, -0.026075, 0.157238, 0.0, 0.048503, 0.988887, -0.140537, 0.05, -0.151827, 0.146367, 0.97751, -0.0, 0.0, 0.0, 0.0, 1.0],
                [0.954011, 0.039809, 0.297116, -0.0, 0.033362, 0.970886, -0.237209, 0.05, -0.297909, 0.236212, 0.924908, -0.0, 0.0, 0.0, 0.0, 1.0],
                [0.938393, 0.002045, 0.345563, 0.0, 0.026755, 0.996551, -0.07855, 0.05, -0.344532, 0.082956, 0.935102, 0.0, 0.0, 0.0, 0.0, 1.0],
                [0.933875, -0.025127, 0.356717, 0.0, 0.018916, 0.999603, 0.020888, 0.05, -0.3571, -0.012759, 0.933979, -0.0, 0.0, 0.0, 0.0, 1.0],
                [0.933875, -0.025127, 0.356717, 0.0, 0.018916, 0.999603, 0.020888, 0.05, -0.3571, -0.012759, 0.933979, -0.0, 0.0, 0.0, 0.0, 1.0],
                [0.965662, -0.025127, 0.258583, 0.0, 0.020968, 0.999603, 0.018828, 0.05, -0.258953, -0.012759, 0.965806, 0.0, 0.0, 0.0, 0.0, 1.0]
            ]
        },
        {
            "name": "Chest",
            "time": [0.0, 0.1333, 0.3, 0.4, 0.65, 0.7833, 1.0, 1.1167, 1.4333],
            "transform": [
                [0.894752, 0.134345, 0.425876, 0.0, -0.281919, 0.909539, 0.305385, 0.3, -0.346324, -0.393306, 0.851687, -0.0, 0.0, 0.0, 0.0, 1.0],
                [0.894752, 0.134345, 0.425876, 0.0, -0.281919, 0.909539, 0.305385, 0.3, -0.346324, -0.393306, 0.851687, -0.0, 0.0, 0.0, 0.0, 1.0],
                [0.971433, 0.094977, 0.217481, 0.0, -0.166392, 0.926019, 0.338824, 0.3, -0.169211, -0.365332, 0.915369, 0.0, 0.0, 0.0, 0.0, 1.0],
                [0.975146, 0.033032, 0.219086, 0.0, -0.117655, 0.915088, 0.385709, 0.3, -0.187742, -0.401899, 0.896231, -0.0, 0.0, 0.0, 0.0, 1.0],
                [0.956158, -0.111622, 0.270743, -0.0, -0.065558, 0.819461, 0.569374, 0.3, -0.285418, -0.56216, 0.776217, -0.0, 0.0, 0.0, 0.0, 1.0],
                [0.940727, -0.087403, 0.32771, 0.0, -0.048052, 0.922132, 0.38388, 0.3, -0.335745, -0.376873, 0.863274, 0.0, 0.0, 0.0, 0.0, 1.0],
                [0.935189, -0.064779, 0.348174, -0.0, -0.030143, 0.965002, 0.260505, 0.3, -0.352863, -0.254116, 0.900507, -0.0, 0.0, 0.0, 0.0, 1.0],
                [0.935189, -0.064779, 0.348174, -0.0, -0.030143, 0.965002, 0.260505, 0.3, -0.352863, -0.254116, 0.900507, -0.0, 0.0, 0.0, 0.0, 1.0],
                [0.997431, -0.023894, 0.067533, 0.0, 0.022738, 0.999582, 0.017843, 0.3, -0.067931, -0.016261, 0.997557, -0.0, 0.0, 0.0, 0.0, 1.0]
            ]
        },
        {
            "name": "Head",
            "time": [0.0, 0.1333, 0.3, 0.4, 0.7833, 1.0, 1.1167, 1.4333],
            "transform": [
                [0.650594, -0.205686, -0.731041, -0.0, -0.07674, 0.93989, -0.332743, 0.4, 0.755539, 0.27258, 0.595702, -0.0, 0.0, 0.0, 0.0, 1.0],
                [0.650594, -0.205686, -0.731041, -0.0, -0.07674, 0.93989, -0.332743, 0.4, 0.755539, 0.27258, 0.595702, -0.0, 0.0, 0.0, 0.0, 1.0],
                [0.926263, -0.148995, 0.346174, 0.0, 0.203126, 0.971069, -0.125555, 0.4, -0.317452, 0.186614, 0.929731, 0.0, 0.0, 0.0, 0.0, 1.0],
                [0.945184, -0.159134, 0.285138, 0.0, 0.177344, 0.983374, -0.039048, 0.4, -0.274184, 0.087476, 0.957691, 0.0, 0.0, 0.0, 0.0, 1.0],
                [0.934263, -0.019475, -0.356052, -0.0, 0.088045, 0.98019, 0.177413, 0.4, 0.345543, -0.197099, 0.91747, 0.0, 0.0, 0.0, 0.0, 1.0],
                [0.916934, -0.003919, -0.39902, -0.0, 0.085692, 0.978557, 0.187306, 0.4, 0.38973, -0.20594, 0.897608, 0.0, 0.0, 0.0, 0.0, 1.0],
                [0.916934, -0.003919, -0.39902, -0.0, 0.085692, 0.978557, 0.187306, 0.4, 0.38973, -0.20594, 0.897608, 0.0, 0.0, 0.0, 0.0, 1.0],
                [0.989016, 0.03176, 0.144357, 0.0, -0.026637, 0.99895, -0.037285, 0.4, -0.145389, 0.033031, 0.988823, 0.0, 0.0, 0.0, 0.0, 1.0]
            ]
        },
        {
            "name": "Shoulder_R",
            "time": [0.0, 0.1333, 0.4, 0.7833, 1.0, 1.1167, 1.4333],
            "transform": [
                [0.12373, 0.947322, 0.295418, -0.0, -0.118415, -0.281483, 0.952232, 0.4, 0.985225, -0.152801, 0.077349, -0.0, 0.0, 0.0, 0.0, 1.0],
                [0.12373, 0.947322, 0.295418, -0.0, -0.118415, -0.281483, 0.952232, 0.4, 0.985225, -0.152801, 0.077349, -0.0, 0.0, 0.0, 0.0, 1.0],
                [0.193923, 0.926903, 0.321316, 0.0, -0.143594, -0.297187, 0.94396, 0.4, 0.970451, -0.229195, 0.075466, 0.0, 0.0, 0.0, 0.0, 1.0],
                [0.33634, 0.863939, 0.374814, -0.0, -0.200478, -0.323193, 0.924854, 0.4, 0.920154, -0.386207, 0.064498, 0.0, 0.0, 0.0, 0.0, 1.0],
                [0.344364, 0.859435, 0.37787, -0.0, -0.20394, -0.324398, 0.923674, 0.4, 0.916418, -0.395142, 0.063562, 0.0, 0.0, 0.0, 0.0, 1.0],
                [0.344364, 0.859435, 0.37787, -0.0, -0.20394, -0.324398, 0.923674, 0.4, 0.916418, -0.395142, 0.063562, 0.0, 0.0, 0.0, 0.0, 1.0],
                [-0.059544, 0.923942, 0.37787, 0.0, -0.044266, -0.380613, 0.923674, 0.4, 0.997244, 0.038273, 0.063562, 0.0, 0.0, 0.0, 0.0, 1.0]
            ]
        },
        {
            "name": "Arm_R",
            "time": [0.0, 0.1333, 0.3, 0.4, 0.65, 0.7833, 1.0, 1.1167, 1.4333],
            "transform": [
                [0.111239, -0.378744, -0.918792, 0.0, -0.499663, 0.77786, -0.381144, 0.39386, 0.859048, 0.501485, -0.102716, 0.0, 0.0, 0.0, 0.0, 1.0],
                [0.111239, -0.378744, -0.918792, 0.0, -0.499663, 0.77786, -0.381144, 0.39386, 0.859048, 0.501485, -0.102716, 0.0, 0.0, 0.0, 0.0, 1.0],
                [-0.049053, -0.4328, -0.900155, 0.0, -0.431395, 0.822021, -0.371724, 0.39386, 0.900829, 0.370088, -0.22703, -0.0, 0.0, 0.0, 0.0, 1.0],
                [-0.203315, -0.275471, -0.939563, -0.0, -0.448331, 0.879288, -0.160783, 0.393861, 0.870438, 0.388546, -0.302275, -0.0, 0.0, 0.0, 0.0, 1.0],
                [-0.554899, 0.178382, -0.812568, -0.0, -0.366886, 0.824153, 0.43147, 0.393861, 0.746647, 0.537542, -0.391876, 0.0, 0.0, 0.0, 0.0, 1.0],
                [-0.689017, -0.311939, -0.654178, 0.0, -0.414399, 0.910092, 0.002499, 0.393861, 0.594583, 0.272812, -0.756336, -0.0, 0.0, 0.0, 0.0, 1.0],
                [-0.668993, -0.700169, 0.249423, 0.0, -0.460326, 0.126828, -0.878644, 0.393861, 0.583565, -0.702622, -0.407153, -0.0, 0.0, 0.0, 0.0, 1.0],
                [-0.668993, -0.700169, 0.249423, 0.0, -0.460326, 0.126828, -0.878644, 0.393861, 0.583565, -0.702622, -0.407153, -0.0, 0.0, 0.0, 0.0, 1.0],
                [0.047157, 0.061432, -0.996997, -0.0, 0.871616, 0.485004, 0.071111, 0.393861, 0.487916, -0.872352, -0.030674, 0.0, 0.0, 0.0, 0.0, 1.0]
            ]
        },
        {
            "name": "Hand_R",
            "time": [0.0, 0.1333, 0.3, 0.4, 0.7833, 1.0, 1.1167, 1.4333],
            "transform": [
                [0.999737, 0.003374, -0.022663, -0.0, -0.005967, 0.993307, -0.115355, 0.3, 0.022122, 0.11546, 0.993066, 0.0, 0.0, 0.0, 0.0, 1.0],
                [0.999737, 0.003374, -0.022663, -0.0, -0.005967, 0.993307, -0.115355, 0.3, 0.022122, 0.11546, 0.993066, 0.0, 0.0, 0.0, 0.0, 1.0],
                [0.999622, 0.011928, -0.024759, 0.0, -0.014875, 0.992361, -0.122471, 0.3, 0.023109, 0.122793, 0.992163, 0.0, 0.0, 0.0, 0.0, 1.0],
                [0.999695, 0.007674, -0.023452, -0.0, -0.010374, 0.993046, -0.117268, 0.3, 0.022389, 0.117475, 0.992823, -0.0, 0.0, 0.0, 0.0, 1.0],
                [0.998625, 0.020994, -0.048045, -0.0, -0.04651, 0.77771, -0.626901, 0.3, 0.024204, 0.628273, 0.777616, -0.0, 0.0, 0.0, 0.0, 1.0],
                [0.998476, 0.040898, -0.037053, -0.0, -0.049714, 0.958083, -0.282147, 0.3, 0.023961, 0.283559, 0.958656, -0.0, 0.0, 0.0, 0.0, 1.0],
                [0.998476, 0.040898, -0.037053, -0.0, -0.049714, 0.958083, -0.282147, 0.3, 0.023961, 0.283559, 0.958656, -0.0, 0.0, 0.0, 0.0, 1.0],
                [0.999599, -0.02151, -0.018414, 0.0, 0.023395, 0.993747, 0.109175, 0.3, 0.015951, -0.109562, 0.993852, 0.0, 0.0, 0.0, 0.0, 1.0]
            ]
        },
        {
            "name": "Tool_R",
            "time": [0.0, 0.1333, 0.3, 0.4, 0.65, 0.7833, 0.85, 1.0, 1.1167, 1.4333],
            "transform": [
                [0.997529, 0.069591, -0.009684, -0.011348, -0.015617, 0.085218, -0.99624, 0.284691, -0.068464, 0.993342, 0.086032, 0.053078, 0.0, 0.0, 0.0, 1.0],
                [0.997529, 0.069591, -0.009684, -0.011348, -0.015617, 0.085218, -0.99624, 0.284691, -0.068464, 0.993342, 0.086032, 0.053078, 0.0, 0.0, 0.0, 1.0],
                [0.98996, 0.000137, -0.141349, -0.010371, -0.001908, -0.999896, -0.014333, 0.291832, -0.141253, 0.014439, -0.98927, 0.034148, 0.0, 0.0, 0.0, 1.0],
                [0.993047, 0.016322, -0.11658, -0.009599, 0.011724, -0.999131, -0.040019, 0.297469, -0.117062, 0.038341, -0.991788, 0.019203, 0.0, 0.0, 0.0, 1.0],
                [0.991321, 0.131398, -0.004188, -0.00752, 0.129217, -0.979741, -0.153005, 0.312663, -0.024192, 0.151036, -0.987633, -0.021076, 0.0, 0.0, 0.0, 1.0],
                [0.982029, 0.184055, -0.04176, -0.006731, 0.188118, -0.936716, 0.295255, 0.318431, 0.015219, -0.297639, -0.953937, -0.036367, 0.0, 0.0, 0.0, 1.0],
                [0.924277, 0.211659, -0.317669, -0.006646, 0.203579, -0.97729, -0.058832, 0.319049, -0.322714, -0.010299, -0.945815, -0.038006, 0.0, 0.0, 0.0, 1.0],
                [0.921649, 0.307959, -0.236063, -0.006569, 0.209065, -0.906624, -0.366504, 0.319612, -0.326692, 0.288255, -0.899443, -0.039498, 0.0, 0.0, 0.0, 1.0],
                [0.921649, 0.307959, -0.236063, -0.006569, 0.209065, -0.906624, -0.366504, 0.319612, -0.326692, 0.288255, -0.899443, -0.039498, 0.0, 0.0, 0.0, 1.0],
                [0.997429, 0.007601, -0.071259, -0.00809, 0.011127, -0.998726, 0.049225, 0.281539, -0.070752, -0.049873, -0.995652, 0.098467, 0.0, 0.0, 0.0, 1.0]
            ]
        },
        {
            "name": "Elbow_R",
            "time": [0.0, 0.1333, 0.4, 0.7833, 1.0, 1.1167, 1.4333],
            "transform": [
                [-1.0, 0.0, -0.0, -0.0, 0.0, -0.0, -1.0, 0.3, -0.0, -1.0, 0.0, 0.0, 0.0, 0.0, 0.0, 1.0],
                [-1.0, 0.0, -0.0, -0.0, 0.0, -0.0, -1.0, 0.3, -0.0, -1.0, 0.0, 0.0, 0.0, 0.0, 0.0, 1.0],
                [-1.0, 0.0, -0.0, -0.0, 0.0, -0.0, -1.0, 0.3, -0.0, -1.0, 0.0, -0.0, 0.0, 0.0, 0.0, 1.0],
                [-1.0, 0.0, -0.0, -0.0, 0.0, 0.0, -1.0, 0.3, -0.0, -1.0, 0.0, -0.0, 0.0, 0.0, 0.0, 1.0],
                [-1.0, 0.0, 0.0, -0.0, 0.0, -0.0, -1.0, 0.3, -0.0, -1.0, 0.0, -0.0, 0.0, 0.0, 0.0, 1.0],
                [-1.0, 0.0, 0.0, -0.0, 0.0, -0.0, -1.0, 0.3, -0.0, -1.0, 0.0, -0.0, 0.0, 0.0, 0.0, 1.0],
                [-1.0, 0.0, -0.0, 0.0, 0.0, -0.0, -1.0, 0.3, -0.0, -1.0, 0.0, 0.0, 0.0, 0.0, 0.0, 1.0]
            ]
        },
        {
            "name": "Shoulder_L",
            "time": [0.0, 0.1333, 0.4, 0.7833, 1.0, 1.1167, 1.4333],
            "transform": [
                [-0.239454, -0.956644, -0.165813, -0.0, 0.004989, -0.171992, 0.985086, 0.4, -0.970895, 0.235055, 0.045957, -0.0, 0.0, 0.0, 0.0, 1.0],
                [-0.239454, -0.956644, -0.165813, -0.0, 0.004989, -0.171992, 0.985086, 0.4, -0.970895, 0.235055, 0.045957, -0.0, 0.0, 0.0, 0.0, 1.0],
                [-0.182594, -0.969105, -0.165813, 0.0, 0.015128, -0.171398, 0.985086, 0.4, -0.983072, 0.177363, 0.045957, 0.0, 0.0, 0.0, 0.0, 1.0],
                [-0.059977, -0.984332, -0.165813, -0.0, 0.036442, -0.168161, 0.985086, 0.4, -0.997534, 0.05304, 0.045957, 0.0, 0.0, 0.0, 0.0, 1.0],
                [-0.052706, -0.984748, -0.165813, -0.0, 0.037683, -0.167887, 0.985086, 0.4, -0.997899, 0.045672, 0.045957, 0.0, 0.0, 0.0, 0.0, 1.0],
                [-0.052706, -0.984748, -0.165813, -0.0, 0.037683, -0.167887, 0.985086, 0.4, -0.997899, 0.045672, 0.045957, 0.0, 0.0, 0.0, 0.0, 1.0],
                [-0.007939, -0.952498, -0.304441, 0.0, -0.088921, -0.302572, 0.94897, 0.4, -0.996007, 0.034605, -0.082295, 0.0, 0.0, 0.0, 0.0, 1.0]
            ]
        },
        {
            "name": "Arm_L",
            "time": [0.0, 0.1333, 0.3, 0.4, 0.65, 0.7833, 1.0, 1.1167, 1.4333],
            "transform": [
                [0.272918, 0.07339, 0.959234, 0.0, -0.910319, 0.34222, 0.232819, 0.39386, -0.311182, -0.936749, 0.160206, -0.0, 0.0, 0.0, 0.0, 1.0],
                [0.272918, 0.07339, 0.959234, 0.0, -0.910319, 0.34222, 0.232819, 0.39386, -0.311182, -0.936749, 0.160206, -0.0, 0.0, 0.0, 0.0, 1.0],
                [-0.141033, 0.799365, 0.58406, -0.0, 0.241077, 0.599927, -0.762869, 0.39386, -0.960204, 0.033214, -0.277318, 0.0, 0.0, 0.0, 0.0, 1.0],
                [-0.252029, 0.730416, 0.634802, -0.0, 0.131495, 0.675741, -0.725316, 0.39386, -0.958744, -0.099328, -0.266352, -0.0, 0.0, 0.0, 0.0, 1.0],
                [-0.571188, 0.184357, 0.799848, 0.0, -0.497213, 0.697614, -0.515863, 0.39386, -0.653088, -0.692349, -0.306804, 0.0, 0.0, 0.0, 0.0, 1.0],
                [-0.656231, 0.432576, 0.618254, -0.0, -0.364396, 0.5358, -0.761665, 0.39386, -0.660739, -0.725118, -0.19398, -0.0, 0.0, 0.0, 0.0, 1.0],
                [-0.679272, 0.559702, 0.474682, 0.0, -0.266037, 0.415016, -0.87005, 0.39386, -0.683969, -0.717283, -0.133007, 0.0, 0.0, 0.0, 0.0, 1.0],
                [-0.679272, 0.559702, 0.474682, 0.0, -0.266037, 0.415016, -0.87005, 0.39386, -0.683969, -0.717283, -0.133007, 0.0, 0.0, 0.0, 0.0, 1.0],
                [0.2326, 0.015173, 0.972454, -0.0, -0.875693, 0.438301, 0.202617, 0.39386, -0.423154, -0.8987, 0.115236, 0.0, 0.0, 0.0, 0.0, 1.0]
            ]
        },
        {
            "name": "Hand_L",
            "time": [0.0, 0.1333, 0.4, 0.7833, 1.0, 1.1167, 1.4333],
            "transform": [
                [0.997816, 0.031323, 0.058158, 0.0, -0.013372, 0.957977, -0.286535, 0.3, -0.06469, 0.285132, 0.956303, 0.0, 0.0, 0.0, 0.0, 1.0],
                [0.997816, 0.031323, 0.058158, 0.0, -0.013372, 0.957977, -0.286535, 0.3, -0.06469, 0.285132, 0.956303, 0.0, 0.0, 0.0, 0.0, 1.0],
                [0.997816, 0.027438, 0.060089, 0.0, -0.013372, 0.974719, -0.223036, 0.3, -0.06469, 0.221745, 0.972957, 0.0, 0.0, 0.0, 0.0, 1.0],
                [0.997816, 0.018815, 0.063321, -0.0, -0.013372, 0.996265, -0.085311, 0.3, -0.06469, 0.084278, 0.99434, -0.0, 0.0, 0.0, 0.0, 1.0],
                [0.997816, 0.018294, 0.063473, -0.0, -0.013372, 0.996932, -0.077124, 0.3, -0.06469, 0.076107, 0.994999, -0.0, 0.0, 0.0, 0.0, 1.0],
                [0.997816, 0.018294, 0.063473, -0.0, -0.013372, 0.996932, -0.077124, 0.3, -0.06469, 0.076107, 0.994999, -0.0, 0.0, 0.0, 0.0, 1.0],
                [0.99991, 0.012501, 0.004949, -0.0, -0.012582, 0.999782, 0.01669, 0.3, -0.004739, -0.016751, 0.999849, -0.0, 0.0, 0.0, 0.0, 1.0]
            ]
        },
        {
            "name": "Tool_L",
            "time": [0.0, 0.1333, 0.4, 0.7833, 0.85, 1.0, 1.1167, 1.4333],
            "transform": [
                [0.99711, 0.04829, -0.058649, -0.020885, 0.036132, -0.980526, -0.193037, 0.218579, -0.066789, 0.190237, -0.978863, 0.043687, 0.0, 0.0, 0.0, 1.0],
                [0.99711, 0.04829, -0.058649, -0.020885, 0.036132, -0.980526, -0.193037, 0.218579, -0.066789, 0.190237, -0.978863, 0.043687, 0.0, 0.0, 0.0, 1.0],
                [0.997108, 0.043391, -0.062387, -0.018832, 0.036144, -0.992944, -0.112938, 0.216136, -0.066808, 0.110281, -0.991059, 0.072988, 0.0, 0.0, 0.0, 1.0],
                [0.99711, 0.029896, -0.069848, -0.012994, 0.036144, -0.995288, 0.08997, 0.20919, -0.066789, -0.092191, -0.992907, 0.156295, 0.0, 0.0, 0.0, 1.0],
                [0.99711, 0.033714, -0.068086, -0.012828, 0.036141, -0.998742, 0.034745, 0.208993, -0.066789, -0.037094, -0.996487, 0.158658, 0.0, 0.0, 0.0, 1.0],
                [0.99711, 0.04829, -0.058649, -0.012677, 0.036132, -0.980526, -0.193037, 0.208813, -0.066789, 0.190237, -0.978863, 0.160811, 0.0, 0.0, 0.0, 1.0],
                [0.99711, 0.04829, -0.058649, -0.012677, 0.036132, -0.980526, -0.193037, 0.208813, -0.066789, 0.190237, -0.978863, 0.160811, 0.0, 0.0, 0.0, 1.0],
                [0.99711, 0.043861, -0.062033, -0.012677, 0.036135, -0.992043, -0.1206, 0.208813, -0.066789, 0.11793, -0.99018, 0.160811, 0.0, 0.0, 0.0, 1.0]
            ]
        },
        {
            "name": "Elbow_L",
            "time": [0.0, 0.1333, 0.4, 0.7833, 1.0, 1.1167, 1.4333],
            "transform": [
                [-0.999381, -0.034293, -0.00784, -0.000834, -0.003968, 0.331352, -0.943499, 0.308175, 0.034953, -0.942884, -0.331283, -0.000892, 0.0, 0.0, 0.0, 1.0],
                [-0.999381, -0.034293, -0.00784, -0.000834, -0.003968, 0.331352, -0.943499, 0.308175, 0.034953, -0.942884, -0.331283, -0.000892, 0.0, 0.0, 0.0, 1.0],
                [-0.999381, -0.034942, -0.004065, -0.000834, -0.003968, 0.226798, -0.973934, 0.308175, 0.034953, -0.973315, -0.226797, -0.000892, 0.0, 0.0, 0.0, 1.0],
                [-0.999381, -0.034941, 0.004069, -0.000834, -0.003968, -0.002969, -0.999988, 0.308175, 0.034953, -0.999385, 0.002828, -0.000892, 0.0, 0.0, 0.0, 1.0],
                [-0.999381, -0.034883, 0.004544, -0.000834, -0.003968, -0.016565, -0.999855, 0.308175, 0.034953, -0.999254, 0.016416, -0.000893, 0.0, 0.0, 0.0, 1.0],
                [-0.999381, -0.034883, 0.004544, -0.000834, -0.003968, -0.016565, -0.999855, 0.308175, 0.034953, -0.999254, 0.016416, -0.000893, 0.0, 0.0, 0.0, 1.0],
                [-0.998967, -0.043093, -0.01444, -4.9e-05, 0.028309, -0.34145, -0.939473, 0.367197, 0.035554, -0.938911, 0.342317, -0.015902, 0.0, 0.0, 0.0, 1.0]
            ]
        }
    ]
}