{
    "animation": [
        {
            "name": "Root",
            "time": [0.0, 0.3, 0.45, 0.6667, 0.8833, 1.0, 1.1, 1.25],
            "transform": [
                [0.854689, 0.0, -0.51914, -5e-06, -0.51914, 0.0, -0.854689, 0.000946, 0.0, 1.0, 0.0, 0.777146, 0.0, 0.0, 0.0, 1.0],
                [0.859566, 0.0, 0.511025, -5e-06, 0.511025, 0.0, -0.859566, 0.456849, 0.0, 1.0, 0.0, 0.691732, 0.0, 0.0, 0.0, 1.0],
                [0.876583, -0.001384, 0.481248, 0.062546, 0.479495, 0.087826, -0.873138, 0.477658, -0.041058, 0.996135, 0.077651, 0.645662, 0.0, 0.0, 0.0, 1.0],
                [0.901796, 0.0, -0.432163, -0.012088, -0.432163, 0.0, -0.901796, 1.347857, 0.0, 1.0, 0.0, 0.64294, 0.0, 0.0, 0.0, 1.0],
                [0.901796, 0.0, -0.432163, -0.023176, -0.432163, 0.0, -0.901796, 1.392774, 0.0, 1.0, 0.0, 0.615995, 0.0, 0.0, 0.0, 1.0],
                [0.901796, 0.0, -0.432163, -0.023176, -0.432163, 0.0, -0.901796, 1.392774, 0.0, 1.0, 0.0, 0.615995, 0.0, 0.0, 0.0, 1.0],
                [0.901796, 0.0, -0.432163, -0.023176, -0.432163, 0.0, -0.901796, 1.392774, 0.0, 1.0, 0.0, 0.615995, 0.0, 0.0, 0.0, 1.0],
                [0.901796, 0.0, -0.432163, -0.023176, -0.432163, 0.0, -0.901796, 1.392774, 0.0, 1.0, 0.0, 0.615995, 0.0, 0.0, 0.0, 1.0]
            ]
        },
        {
            "name": "Thigh_R",
            "time": [0.0, 0.15, 0.3, 0.45, 0.5667, 0.6667, 0.8833, 1.0, 1.1, 1.25],
            "transform": [
                [0.996122, 0.056386, -0.067528, 0.124994, 0.068868, -0.977426, 0.199728, -0.002831, -0.054742, -0.203604, -0.977522, -1.2e-05, 0.0, 0.0, 0.0, 1.0],
                [0.978769, 0.162592, 0.124796, 0.124994, 0.029297, -0.713593, 0.699946, -0.002831, 0.202859, -0.681428, -0.703209, -1.2e-05, 0.0, 0.0, 0.0, 1.0],
                [0.960689, 0.173, 0.217131, 0.124994, -0.002408, -0.776882, 0.62964, -0.002831, 0.277613, -0.60541, -0.745928, -1.2e-05, 0.0, 0.0, 0.0, 1.0],
                [0.960689, 0.217229, 0.172876, 0.124994, -0.002408, -0.616155, 0.78762, -0.002831, 0.277613, -0.757073, -0.591412, -1.2e-05, 0.0, 0.0, 0.0, 1.0],
                [0.979932, -0.028071, 0.197342, 0.124994, 0.057382, -0.908394, -0.414155, -0.002831, 0.19089, 0.417167, -0.888556, -1.2e-05, 0.0, 0.0, 0.0, 1.0],
                [0.912977, 0.20278, -0.354053, 0.124994, -0.019905, -0.84458, -0.535056, -0.002831, -0.407525, 0.49554, -0.767048, -1.2e-05, 0.0, 0.0, 0.0, 1.0],
                [0.912316, 0.232512, -0.337072, 0.124994, -0.006699, -0.81457, -0.580024, -0.002831, -0.409432, 0.531422, -0.74159, -1.2e-05, 0.0, 0.0, 0.0, 1.0],
                [0.912316, 0.232512, -0.337072, 0.124994, -0.006699, -0.81457, -0.580024, -0.002831, -0.409432, 0.531422, -0.74159, -1.2e-05, 0.0, 0.0, 0.0, 1.0],
                [0.912316, 0.232512, -0.337072, 0.124994, -0.006699, -0.81457, -0.580024, -0.002831, -0.409432, 0.531422, -0.74159, -1.2e-05, 0.0, 0.0, 0.0, 1.0],
                [0.912316, 0.232512, -0.337072, 0.124994, -0.006699, -0.81457, -0.580024, -0.002831, -0.409432, 0.531422, -0.74159, -1.2e-05, 0.0, 0.0, 0.0, 1.0]
            ]
        },
        {
            "name": "Leg_R",
            "time": [0.0, 0.15, 0.3, 0.45, 0.5667, 0.6667, 0.8833, 1.0, 1.1, 1.25],
            "transform": [
                [1.0, -0.0, 2e-06, -0.0, -0.0, 0.9661, 0.258173, 0.37472, -2e-06, -0.258173, 0.966098, -0.0, 0.0, 0.0, 0.0, 1.0],
                [1.0, -1e-06, 1e-06, -0.0, -0.0, 0.596403, 0.802685, 0.37472, -2e-06, -0.802686, 0.596402, -0.0, 0.0, 0.0, 0.0, 1.0],
                [1.0, -1e-06, 1e-06, -0.0, -0.0, 0.649263, 0.760564, 0.37472, -2e-06, -0.760565, 0.649262, 0.0, 0.0, 0.0, 0.0, 1.0],
                [1.0, -1e-06, 1e-06, -0.0, -0.0, 0.649263, 0.760564, 0.37472, -2e-06, -0.760565, 0.649262, -0.0, 0.0, 0.0, 0.0, 1.0],
                [1.0, -1e-06, 2e-06, 0.0, -0.0, 0.922019, 0.387146, 0.37472, -2e-06, -0.387147, 0.922018, -0.0, 0.0, 0.0, 0.0, 1.0],
                [1.0, -0.0, 2e-06, 0.0, -0.0, 0.988182, 0.153293, 0.37472, -2e-06, -0.153293, 0.98818, -0.0, 0.0, 0.0, 0.0, 1.0],
                [1.0, -0.0, 2e-06, 0.0, -0.0, 0.988181, 0.153293, 0.37472, -2e-06, -0.153293, 0.98818, 0.0, 0.0, 0.0, 0.0, 1.0],
                [1.0, -0.0, 2e-06, 0.0, -0.0, 0.988181, 0.153293, 0.37472, -2e-06, -0.153293, 0.98818, 0.0, 0.0, 0.0, 0.0, 1.0],
                [1.0, -0.0, 2e-06, 0.0, -0.0, 0.988181, 0.153293, 0.37472, -2e-06, -0.153293, 0.98818, 0.0, 0.0, 0.0, 0.0, 1.0],
                [1.0, -0.0, 2e-06, 0.0, -0.0, 0.988181, 0.153293, 0.37472, -2e-06, -0.153293, 0.98818, 0.0, 0.0, 0.0, 0.0, 1.0]
            ]
        },
        {
            "name": "Knee_R",
            "time": [0.0, 0.45, 0.8833, 1.0, 1.1, 1.25],
            "transform": [
                [1.0, 0.0, -0.0, -0.0, -0.0, 1e-06, -1.0, 0.37472, -0.0, 1.0, 1e-06, -0.0, 0.0, 0.0, 0.0, 1.0],
                [1.0, 0.0, -0.0, -0.0, -0.0, 1e-06, -1.0, 0.37472, -0.0, 1.0, 1e-06, -0.0, 0.0, 0.0, 0.0, 1.0],
                [1.0, 0.0, -0.0, 0.0, -0.0, 1e-06, -1.0, 0.37472, -0.0, 1.0, 1e-06, 0.0, 0.0, 0.0, 0.0, 1.0],
                [1.0, 0.0, -0.0, 0.0, -0.0, 1e-06, -1.0, 0.37472, -0.0, 1.0, 1e-06, 0.0, 0.0, 0.0, 0.0, 1.0],
                [1.0, 0.0, -0.0, 0.0, -0.0, 1e-06, -1.0, 0.37472, -0.0, 1.0, 1e-06, 0.0, 0.0, 0.0, 0.0, 1.0],
                [1.0, 0.0, -0.0, 0.0, -0.0, 1e-06, -1.0, 0.37472, -0.0, 1.0, 1e-06, 0.0, 0.0, 0.0, 0.0, 1.0]
            ]
        },
        {
            "name": "Thigh_L",
            "time": [0.0, 0.3, 0.45, 0.5667, 0.6167, 0.6667, 0.8833, 1.0, 1.1, 1.25],
            "transform": [
                [0.862919, -0.170302, -0.475781, -0.109662, -0.086164, -0.977301, 0.193541, -0.002831, -0.497941, -0.126015, -0.858006, 0.02525, 0.0, 0.0, 0.0, 1.0],
                [0.935335, -0.251197, 0.249093, -0.109662, -0.162552, -0.93057, -0.328048, -0.002831, 0.314203, 0.266345, -0.911228, 0.02525, 0.0, 0.0, 0.0, 1.0],
                [0.899062, -0.357888, 0.252194, -0.109662, -0.198762, -0.846886, -0.493232, -0.002831, 0.390101, 0.39332, -0.832538, 0.02525, 0.0, 0.0, 0.0, 1.0],
                [0.952406, 0.068036, 0.297141, -0.109662, -0.105256, -0.841419, 0.530032, -0.002831, 0.286081, -0.536082, -0.794212, 0.02525, 0.0, 0.0, 0.0, 1.0],
                [0.955735, -0.289102, -0.054678, -0.109662, -0.150827, -0.640958, 0.752611, -0.002831, -0.252628, -0.71105, -0.656191, 0.02525, 0.0, 0.0, 0.0, 1.0],
                [0.899388, -0.331559, -0.2849, -0.109662, -0.018671, -0.680265, 0.732728, -0.002831, -0.43675, -0.653689, -0.618013, 0.02525, 0.0, 0.0, 0.0, 1.0],
                [0.899388, -0.331559, -0.2849, -0.109662, -0.018671, -0.680265, 0.732728, -0.002831, -0.43675, -0.653689, -0.618013, 0.02525, 0.0, 0.0, 0.0, 1.0],
                [0.899388, -0.331559, -0.2849, -0.109662, -0.018671, -0.680265, 0.732728, -0.002831, -0.43675, -0.653689, -0.618013, 0.02525, 0.0, 0.0, 0.0, 1.0],
                [0.899388, -0.331559, -0.2849, -0.109662, -0.018671, -0.680265, 0.732728, -0.002831, -0.43675, -0.653689, -0.618013, 0.02525, 0.0, 0.0, 0.0, 1.0],
                [0.899388, -0.331559, -0.2849, -0.109662, -0.018671, -0.680265, 0.732728, -0.002831, -0.43675, -0.653689, -0.618013, 0.02525, 0.0, 0.0, 0.0, 1.0]
            ]
        },
        {
            "name": "Leg_L",
            "time": [0.0, 0.3, 0.45, 0.5667, 0.6167, 0.6667, 0.8833, 1.0, 1.1, 1.25],
            "transform": [
                [0.999985, 0.000377, 0.005472, 0.0, -0.001379, 0.982875, 0.184266, 0.37472, -0.005308, -0.184271, 0.982861, -0.0, 0.0, 0.0, 0.0, 1.0],
                [0.999985, 0.001088, 0.005376, 0.0, -0.001379, 0.998517, 0.054409, 0.37472, -0.005308, -0.054416, 0.998505, -0.0, 0.0, 0.0, 0.0, 1.0],
                [0.999985, 0.001088, 0.005375, -0.0, -0.001379, 0.998517, 0.054409, 0.37472, -0.005308, -0.054416, 0.998505, -0.0, 0.0, 0.0, 0.0, 1.0],
                [0.999985, -0.005282, 0.001462, -0.0, -0.001379, 0.015759, 0.999875, 0.37472, -0.005304, -0.999861, 0.015752, -0.0, 0.0, 0.0, 0.0, 1.0],
                [0.999985, -0.001763, 0.005194, -0.0, -0.001379, 0.835692, 0.549196, 0.37472, -0.005308, -0.549195, 0.835678, 0.0, 0.0, 0.0, 0.0, 1.0],
                [0.999985, -0.000677, 0.005443, 0.0, -0.001379, 0.929403, 0.369062, 0.37472, -0.005308, -0.369064, 0.929389, -0.0, 0.0, 0.0, 0.0, 1.0],
                [0.999985, -0.001118, 0.005369, -0.0, -0.001379, 0.896255, 0.443537, 0.37472, -0.005308, -0.443537, 0.89624, -0.0, 0.0, 0.0, 0.0, 1.0],
                [0.999985, -0.001118, 0.005369, -0.0, -0.001379, 0.896255, 0.443537, 0.37472, -0.005308, -0.443537, 0.89624, -0.0, 0.0, 0.0, 0.0, 1.0],
                [0.999985, -0.001118, 0.005369, -0.0, -0.001379, 0.896255, 0.443537, 0.37472, -0.005308, -0.443537, 0.89624, -0.0, 0.0, 0.0, 0.0, 1.0],
                [0.999985, -0.001118, 0.005369, -0.0, -0.001379, 0.896255, 0.443537, 0.37472, -0.005308, -0.443537, 0.89624, -0.0, 0.0, 0.0, 0.0, 1.0]
            ]
        },
        {
            "name": "Knee_L",
            "time": [0.0, 0.45, 0.5667, 0.8833, 1.0, 1.1, 1.25],
            "transform": [
                [1.0, 0.0, -0.0, 0.0, -0.0, 1e-06, -1.0, 0.37472, -0.0, 1.0, 1e-06, -0.0, 0.0, 0.0, 0.0, 1.0],
                [1.0, 0.0, -0.0, -0.0, -0.0, 1e-06, -1.0, 0.37472, -0.0, 1.0, 1e-06, -0.0, 0.0, 0.0, 0.0, 1.0],
                [1.0, 0.0, -0.0, -0.0, -0.0, 0.397208, -0.917728, 0.37472, -0.0, 0.917728, 0.397208, -0.0, 0.0, 0.0, 0.0, 1.0],
                [1.0, 0.0, -0.0, -0.0, -0.0, 1e-06, -1.0, 0.37472, -0.0, 1.0, 1e-06, -0.0, 0.0, 0.0, 0.0, 1.0],
                [1.0, 0.0, -0.0, -0.0, -0.0, 1e-06, -1.0, 0.37472, -0.0, 1.0, 1e-06, -0.0, 0.0, 0.0, 0.0, 1.0],
                [1.0, 0.0, -0.0, -0.0, -0.0, 1e-06, -1.0, 0.37472, -0.0, 1.0, 1e-06, -0.0, 0.0, 0.0, 0.0, 1.0],
                [1.0, 0.0, -0.0, -0.0, -0.0, 1e-06, -1.0, 0.37472, -0.0, 1.0, 1e-06, -0.0, 0.0, 0.0, 0.0, 1.0]
            ]
        },
        {
            "name": "Torso",
            "time": [0.0, 0.45, 0.6667, 0.8833, 1.0, 1.1, 1.25],
            "transform": [
                [0.965662, -0.025127, 0.258583, -0.0, 0.020968, 0.999603, 0.018828, 0.05, -0.258953, -0.012759, 0.965806, 0.0, 0.0, 0.0, 0.0, 1.0],
                [0.933875, -0.025127, 0.356717, -0.0, 0.018916, 0.999603, 0.020888, 0.05, -0.3571, -0.012759, 0.933979, 0.0, 0.0, 0.0, 0.0, 1.0],
                [0.973832, -0.168913, -0.152053, -0.0, 0.187618, 0.975079, 0.11841, 0.05, 0.128263, -0.143839, 0.981254, 0.0, 0.0, 0.0, 0.0, 1.0],
                [0.973832, -0.168913, -0.152053, 0.0, 0.187618, 0.975079, 0.11841, 0.05, 0.128263, -0.143839, 0.981254, 0.0, 0.0, 0.0, 0.0, 1.0],
                [0.973832, -0.168913, -0.152053, 0.0, 0.187618, 0.975079, 0.11841, 0.05, 0.128263, -0.143839, 0.981254, 0.0, 0.0, 0.0, 0.0, 1.0],
                [0.973832, -0.168913, -0.152053, 0.0, 0.187618, 0.975079, 0.11841, 0.05, 0.128263, -0.143839, 0.981254, 0.0, 0.0, 0.0, 0.0, 1.0],
                [0.973832, -0.168913, -0.152053, 0.0, 0.187618, 0.975079, 0.11841, 0.05, 0.128263, -0.143839, 0.981254, 0.0, 0.0, 0.0, 0.0, 1.0]
            ]
        },
        {
            "name": "Chest",
            "time": [0.0, 0.3, 0.45, 0.5167, 0.6667, 0.8833, 1.0, 1.1, 1.25],
            "transform": [
                [0.997431, -0.023894, 0.067533, -0.0, 0.022738, 0.999582, 0.017843, 0.3, -0.067931, -0.016261, 0.997558, -0.0, 0.0, 0.0, 0.0, 1.0],
                [0.895507, -0.188167, 0.403312, -0.0, 0.115104, 0.973312, 0.198528, 0.3, -0.429905, -0.131361, 0.893267, -0.0, 0.0, 0.0, 0.0, 1.0],
                [0.935189, -0.064779, 0.348174, -0.0, -0.030143, 0.965002, 0.260505, 0.3, -0.352864, -0.254116, 0.900507, 0.0, 0.0, 0.0, 0.0, 1.0],
                [0.790147, 0.068949, 0.609027, 0.0, -0.195046, 0.970283, 0.143205, 0.3, -0.581055, -0.231941, 0.780114, -0.0, 0.0, 0.0, 0.0, 1.0],
                [0.944146, 0.193214, -0.26694, -0.0, -0.154527, 0.975075, 0.15922, 0.3, 0.291049, -0.109077, 0.95047, -0.0, 0.0, 0.0, 0.0, 1.0],
                [0.944064, 0.135239, -0.300756, -0.0, -0.066769, 0.971538, 0.22728, 0.3, 0.322933, -0.194486, 0.926223, -0.0, 0.0, 0.0, 0.0, 1.0],
                [0.944064, 0.135239, -0.300756, -0.0, -0.066769, 0.971538, 0.22728, 0.3, 0.322933, -0.194486, 0.926223, -0.0, 0.0, 0.0, 0.0, 1.0],
                [0.944064, 0.135239, -0.300756, -0.0, -0.066769, 0.971538, 0.22728, 0.3, 0.322933, -0.194486, 0.926223, -0.0, 0.0, 0.0, 0.0, 1.0],
                [0.944064, 0.135239, -0.300756, -0.0, -0.066769, 0.971538, 0.22728, 0.3, 0.322933, -0.194486, 0.926223, -0.0, 0.0, 0.0, 0.0, 1.0]
            ]
        },
        {
            "name": "Head",
            "time": [0.0, 0.3, 0.45, 0.6667, 0.8833, 1.0, 1.1, 1.25],
            "transform": [
                [0.989016, 0.03176, 0.144357, 0.0, -0.026637, 0.99895, -0.037285, 0.4, -0.145389, 0.033031, 0.988823, -0.0, 0.0, 0.0, 0.0, 1.0],
                [0.916934, -0.003919, -0.39902, -0.0, 0.085692, 0.978557, 0.187306, 0.4, 0.38973, -0.20594, 0.897607, -0.0, 0.0, 0.0, 0.0, 1.0],
                [0.916934, -0.003919, -0.39902, -0.0, 0.085692, 0.978557, 0.187306, 0.4, 0.38973, -0.20594, 0.897607, -0.0, 0.0, 0.0, 0.0, 1.0],
                [0.459242, -0.094892, 0.883228, -0.0, 0.17749, 0.984031, 0.013434, 0.4, -0.870399, 0.150595, 0.468751, 0.0, 0.0, 0.0, 0.0, 1.0],
                [0.547411, -0.094892, 0.831467, -0.0, 0.177932, 0.984031, -0.004842, 0.4, -0.81773, 0.150595, 0.555553, -0.0, 0.0, 0.0, 0.0, 1.0],
                [0.547411, -0.094892, 0.831467, -0.0, 0.177932, 0.984031, -0.004842, 0.4, -0.81773, 0.150595, 0.555553, -0.0, 0.0, 0.0, 0.0, 1.0],
                [0.547411, -0.094892, 0.831467, -0.0, 0.177932, 0.984031, -0.004842, 0.4, -0.81773, 0.150595, 0.555553, -0.0, 0.0, 0.0, 0.0, 1.0],
                [0.547411, -0.094892, 0.831467, -0.0, 0.177932, 0.984031, -0.004842, 0.4, -0.81773, 0.150595, 0.555553, -0.0, 0.0, 0.0, 0.0, 1.0]
            ]
        },
        {
            "name": "Shoulder_R",
            "time": [0.0, 0.3, 0.45, 0.6667, 0.8833, 1.0, 1.1, 1.25],
            "transform": [
                [-0.059544, 0.923942, 0.37787, 0.0, -0.044266, -0.380613, 0.923674, 0.4, 0.997244, 0.038273, 0.063562, -0.0, 0.0, 0.0, 0.0, 1.0],
                [0.344363, 0.859435, 0.37787, -0.0, -0.20394, -0.324398, 0.923674, 0.4, 0.916418, -0.395143, 0.063562, -0.0, 0.0, 0.0, 0.0, 1.0],
                [0.344363, 0.859434, 0.37787, -0.0, -0.20394, -0.324398, 0.923674, 0.4, 0.916418, -0.395142, 0.063562, -0.0, 0.0, 0.0, 0.0, 1.0],
                [0.12373, 0.957421, 0.260837, -0.0, -0.118415, -0.246733, 0.961822, 0.4, 0.985225, -0.149893, 0.082845, 0.0, 0.0, 0.0, 0.0, 1.0],
                [0.12373, 0.957421, 0.260837, -0.0, -0.118415, -0.246733, 0.961821, 0.4, 0.985225, -0.149893, 0.082845, -0.0, 0.0, 0.0, 0.0, 1.0],
                [0.12373, 0.957421, 0.260837, -0.0, -0.118415, -0.246733, 0.961821, 0.4, 0.985225, -0.149893, 0.082845, -0.0, 0.0, 0.0, 0.0, 1.0],
                [0.12373, 0.957421, 0.260837, -0.0, -0.118415, -0.246733, 0.961821, 0.4, 0.985225, -0.149893, 0.082845, -0.0, 0.0, 0.0, 0.0, 1.0],
                [0.12373, 0.957421, 0.260837, -0.0, -0.118415, -0.246733, 0.961821, 0.4, 0.985225, -0.149893, 0.082845, -0.0, 0.0, 0.0, 0.0, 1.0]
            ]
        },
        {
            "name": "Arm_R",
            "time": [0.0, 0.3, 0.45, 0.5167, 0.6667, 0.8833, 1.0, 1.1, 1.25],
            "transform": [
                [-0.218895, 0.064466, -0.973617, 0.0, 0.826533, 0.54256, -0.149902, 0.39386, 0.518582, -0.837539, -0.172047, -0.0, 0.0, 0.0, 0.0, 1.0],
                [-0.668993, -0.664313, 0.333372, -0.0, -0.460326, 0.018163, -0.887564, 0.393861, 0.583565, -0.747234, -0.317951, 0.0, 0.0, 0.0, 0.0, 1.0],
                [-0.668993, -0.700169, 0.249423, 0.0, -0.460326, 0.126828, -0.878644, 0.393861, 0.583566, -0.702622, -0.407153, 0.0, 0.0, 0.0, 0.0, 1.0],
                [-0.271235, -0.919652, -0.284028, -0.0, -0.466996, 0.383769, -0.796641, 0.39386, 0.841633, -0.083437, -0.533565, 0.0, 0.0, 0.0, 0.0, 1.0],
                [0.090338, -0.152122, -0.984224, -0.0, -0.392573, 0.902807, -0.175571, 0.39386, 0.915273, 0.402241, 0.021839, -0.0, 0.0, 0.0, 0.0, 1.0],
                [0.134648, -0.071448, -0.988314, 0.0, -0.384891, 0.915309, -0.118608, 0.393861, 0.913088, 0.396364, 0.095745, -0.0, 0.0, 0.0, 0.0, 1.0],
                [0.134648, -0.071448, -0.988314, 0.0, -0.384891, 0.915309, -0.118608, 0.393861, 0.913088, 0.396364, 0.095745, -0.0, 0.0, 0.0, 0.0, 1.0],
                [0.134648, -0.071448, -0.988314, 0.0, -0.384891, 0.915309, -0.118608, 0.393861, 0.913088, 0.396364, 0.095745, -0.0, 0.0, 0.0, 0.0, 1.0],
                [0.134648, -0.071448, -0.988314, 0.0, -0.384891, 0.915309, -0.118608, 0.393861, 0.913088, 0.396364, 0.095745, -0.0, 0.0, 0.0, 0.0, 1.0]
            ]
        },
        {
            "name": "Hand_R",
            "time": [0.0, 0.45, 0.5167, 0.6667, 0.8833, 1.0, 1.1, 1.25],
            "transform": [
                [0.998476, 0.048074, -0.0271, 0.0, -0.049714, 0.996745, -0.063466, 0.3, 0.023961, 0.064716, 0.997616, 0.0, 0.0, 0.0, 0.0, 1.0],
                [0.998476, 0.040898, -0.037053, 0.0, -0.049714, 0.958082, -0.282146, 0.3, 0.023961, 0.283559, 0.958656, -0.0, 0.0, 0.0, 0.0, 1.0],
                [0.999054, 0.022155, -0.037429, -0.0, -0.036058, 0.903115, -0.427883, 0.3, 0.024323, 0.428828, 0.903059, 0.0, 0.0, 0.0, 0.0, 1.0],
                [0.999738, 0.003702, -0.022612, 0.0, -0.005967, 0.994873, -0.100961, 0.3, 0.022122, 0.10107, 0.994633, 0.0, 0.0, 0.0, 0.0, 1.0],
                [0.999738, 7e-06, -0.022913, -0.0, -0.005967, 0.965574, -0.26006, 0.3, 0.022122, 0.260128, 0.965321, 0.0, 0.0, 0.0, 0.0, 1.0],
                [0.999738, 7e-06, -0.022913, -0.0, -0.005967, 0.965574, -0.26006, 0.3, 0.022122, 0.260128, 0.965321, 0.0, 0.0, 0.0, 0.0, 1.0],
                [0.999738, 7e-06, -0.022913, -0.0, -0.005967, 0.965574, -0.26006, 0.3, 0.022122, 0.260128, 0.965321, 0.0, 0.0, 0.0, 0.0, 1.0],
                [0.999738, 7e-06, -0.022913, -0.0, -0.005967, 0.965574, -0.26006, 0.3, 0.022122, 0.260128, 0.965321, 0.0, 0.0, 0.0, 0.0, 1.0]
            ]
        },
        {
            "name": "Tool_R",
            "time": [0.0, 0.0333, 0.0667, 0.1167, 0.1333, 0.1667, 0.1833, 0.2, 0.25, 0.3, 0.3333, 0.3667, 0.4, 0.4333, 0.4667, 0.8833, 1.0, 1.1, 1.25],
            "transform": [
                [-0.877486, 0.464135, 0.120827, -0.882804, -0.470163, -0.882208, -0.02564, -0.001026, 0.094633, -0.07927, 0.991755, 0.759175, 0.0, 0.0, 0.0, 1.0],
                [-0.857662, 0.472488, 0.202906, -0.835981, -0.480373, -0.876987, 0.011671, 0.009699, 0.183346, -0.087419, 0.978549, 0.793278, 0.0, 0.0, 0.0, 1.0],
                [-0.764398, 0.485753, 0.423958, -0.685156, -0.485422, -0.86636, 0.11742, 0.057606, 0.42408, -0.115983, 0.897508, 0.87346, 0.0, 0.0, 0.0, 1.0],
                [-0.269937, 0.465306, 0.842986, -0.261105, -0.352693, -0.862421, 0.363096, 0.23815, 0.895425, -0.199193, 0.396678, 0.897022, 0.0, 0.0, 0.0, 1.0],
                [-0.001012, 0.429655, 0.902993, -0.105787, -0.234154, -0.877992, 0.417496, 0.319011, 0.971621, -0.210902, 0.101438, 0.820682, 0.0, 0.0, 0.0, 1.0],
                [0.543003, 0.341931, 0.766962, 0.106577, 0.042379, -0.923338, 0.381643, 0.447464, 0.838165, -0.174637, -0.515556, 0.544354, 0.0, 0.0, 0.0, 1.0],
                [0.750264, 0.305103, 0.58653, 0.137342, 0.153651, -0.943326, 0.294158, 0.474776, 0.642658, -0.130508, -0.754172, 0.383894, 0.0, 0.0, 0.0, 1.0],
                [0.881853, 0.277523, 0.381205, 0.131843, 0.227149, -0.958493, 0.172326, 0.476755, 0.412964, -0.065348, -0.907748, 0.242428, 0.0, 0.0, 0.0, 1.0],
                [0.957399, 0.268662, -0.105867, 0.025517, 0.253222, -0.957311, -0.139411, 0.42239, -0.138717, 0.106591, -0.983978, 0.001259, 0.0, 0.0, 0.0, 1.0],
                [0.912994, 0.306215, -0.269584, -0.035105, 0.243347, -0.939115, -0.242584, 0.393099, -0.327257, 0.155773, -0.931372, -0.045253, 0.0, 0.0, 0.0, 1.0],
                [0.917276, 0.297096, -0.265216, -0.032643, 0.230172, -0.938947, -0.255736, 0.390207, -0.324806, 0.173422, -0.929108, -0.04598, 0.0, 0.0, 0.0, 1.0],
                [0.92368, 0.286883, -0.253997, -0.02087, 0.212427, -0.935099, -0.283664, 0.370098, -0.318699, 0.207926, -0.924129, -0.047216, 0.0, 0.0, 0.0, 1.0],
                [0.9266, 0.283372, -0.247211, -0.007025, 0.194795, -0.924009, -0.329035, 0.343428, -0.321472, 0.256566, -0.910849, -0.045979, 0.0, 0.0, 0.0, 1.0],
                [0.921649, 0.307959, -0.236063, -0.006569, 0.209065, -0.906624, -0.366504, 0.319612, -0.326692, 0.288255, -0.899443, -0.039498, 0.0, 0.0, 0.0, 1.0],
                [0.997429, 0.035471, -0.062271, -0.00809, 0.011107, -0.934935, -0.354646, 0.281539, -0.070756, 0.352824, -0.932376, 0.098466, 0.0, 0.0, 0.0, 1.0],
                [0.997429, 0.035471, -0.062271, -0.00809, 0.011107, -0.934935, -0.354646, 0.281539, -0.070756, 0.352824, -0.932376, 0.098466, 0.0, 0.0, 0.0, 1.0],
                [0.997429, 0.035471, -0.062271, -0.00809, 0.011107, -0.934935, -0.354646, 0.281539, -0.070756, 0.352824, -0.932376, 0.098466, 0.0, 0.0, 0.0, 1.0],
                [0.997429, 0.035471, -0.062271, -0.00809, 0.011107, -0.934935, -0.354646, 0.281539, -0.070756, 0.352824, -0.932376, 0.098466, 0.0, 0.0, 0.0, 1.0],
                [0.997429, 0.035471, -0.062271, -0.00809, 0.011107, -0.934935, -0.354646, 0.281539, -0.070756, 0.352824, -0.932376, 0.098466, 0.0, 0.0, 0.0, 1.0]
            ]
        },
        {
            "name": "Elbow_R",
            "time": [0.0, 0.45, 0.8833, 1.0, 1.1, 1.25],
            "transform": [
                [-1.0, 0.0, -0.0, 0.0, 0.0, -0.0, -1.0, 0.3, -0.0, -1.0, 0.0, 0.0, 0.0, 0.0, 0.0, 1.0],
                [-1.0, 0.0, 0.0, 0.0, -0.0, -0.0, -1.0, 0.3, -0.0, -1.0, 0.0, -0.0, 0.0, 0.0, 0.0, 1.0],
                [-1.0, 0.0, -0.0, -0.0, 0.0, 0.0, -1.0, 0.3, -0.0, -1.0, 0.0, 0.0, 0.0, 0.0, 0.0, 1.0],
                [-1.0, 0.0, -0.0, -0.0, 0.0, 0.0, -1.0, 0.3, -0.0, -1.0, 0.0, 0.0, 0.0, 0.0, 0.0, 1.0],
                [-1.0, 0.0, -0.0, -0.0, 0.0, 0.0, -1.0, 0.3, -0.0, -1.0, 0.0, 0.0, 0.0, 0.0, 0.0, 1.0],
                [-1.0, 0.0, -0.0, -0.0, 0.0, 0.0, -1.0, 0.3, -0.0, -1.0, 0.0, 0.0, 0.0, 0.0, 0.0, 1.0]
            ]
        },
        {
            "name": "Shoulder_L",
            "time": [0.0, 0.3, 0.45, 0.6667, 0.8833, 1.0, 1.1, 1.25],
            "transform": [
                [-0.007939, -0.952498, -0.304441, 0.0, -0.088921, -0.302572, 0.94897, 0.4, -0.996007, 0.034605, -0.082295, -0.0, 0.0, 0.0, 0.0, 1.0],
                [-0.052706, -0.984748, -0.165813, -0.0, 0.037683, -0.167887, 0.985086, 0.4, -0.997899, 0.045672, 0.045957, -0.0, 0.0, 0.0, 0.0, 1.0],
                [-0.052706, -0.984748, -0.165813, -0.0, 0.037683, -0.167887, 0.985086, 0.4, -0.997899, 0.045672, 0.045957, -0.0, 0.0, 0.0, 0.0, 1.0],
                [-0.239454, -0.956644, -0.165813, -0.0, 0.004989, -0.171992, 0.985086, 0.4, -0.970895, 0.235055, 0.045957, 0.0, 0.0, 0.0, 0.0, 1.0],
                [-0.239454, -0.956644, -0.165813, -0.0, 0.004989, -0.171992, 0.985086, 0.4, -0.970895, 0.235055, 0.045957, -0.0, 0.0, 0.0, 0.0, 1.0],
                [-0.239454, -0.956644, -0.165813, -0.0, 0.004989, -0.171992, 0.985086, 0.4, -0.970895, 0.235055, 0.045957, -0.0, 0.0, 0.0, 0.0, 1.0],
                [-0.239454, -0.956644, -0.165813, -0.0, 0.004989, -0.171992, 0.985086, 0.4, -0.970895, 0.235055, 0.045957, -0.0, 0.0, 0.0, 0.0, 1.0],
                [-0.239454, -0.956644, -0.165813, -0.0, 0.004989, -0.171992, 0.985086, 0.4, -0.970895, 0.235055, 0.045957, -0.0, 0.0, 0.0, 0.0, 1.0]
            ]
        },
        {
            "name": "Arm_L",
            "time": [0.0, 0.3, 0.45, 0.6667, 0.8833, 1.0, 1.1, 1.25],
            "transform": [
                [0.222896, -0.111994, 0.968388, 0.0, -0.832018, 0.495804, 0.248847, 0.39386, -0.508, -0.861183, 0.017332, -0.0, 0.0, 0.0, 0.0, 1.0],
                [-0.679272, 0.559702, 0.474682, 0.0, -0.266037, 0.415016, -0.87005, 0.39386, -0.683969, -0.717283, -0.133007, 0.0, 0.0, 0.0, 0.0, 1.0],
                [-0.679272, 0.559702, 0.474682, 0.0, -0.266037, 0.415016, -0.87005, 0.39386, -0.683969, -0.717283, -0.133007, -0.0, 0.0, 0.0, 0.0, 1.0],
                [0.20565, 0.1866, 0.960671, -0.0, -0.862447, 0.498474, 0.0878, 0.39386, -0.462487, -0.846583, 0.263443, 0.0, 0.0, 0.0, 0.0, 1.0],
                [0.247875, 0.191825, 0.949611, -0.0, -0.823948, 0.55732, 0.102493, 0.393861, -0.509576, -0.807835, 0.296199, -0.0, 0.0, 0.0, 0.0, 1.0],
                [0.247875, 0.191825, 0.949611, -0.0, -0.823948, 0.55732, 0.102493, 0.393861, -0.509576, -0.807835, 0.296199, -0.0, 0.0, 0.0, 0.0, 1.0],
                [0.247875, 0.191825, 0.949611, -0.0, -0.823948, 0.55732, 0.102493, 0.393861, -0.509576, -0.807835, 0.296199, -0.0, 0.0, 0.0, 0.0, 1.0],
                [0.247875, 0.191825, 0.949611, -0.0, -0.823948, 0.55732, 0.102493, 0.393861, -0.509576, -0.807835, 0.296199, -0.0, 0.0, 0.0, 0.0, 1.0]
            ]
        },
        {
            "name": "Hand_L",
            "time": [0.0, 0.3, 0.45, 0.6667, 0.8833, 1.0, 1.1, 1.25],
            "transform": [
                [0.997576, 0.022771, 0.06576, -0.0, -0.013617, 0.990555, -0.136437, 0.3, -0.068245, 0.135211, 0.988464, 0.0, 0.0, 0.0, 0.0, 1.0],
                [0.997816, 0.008869, 0.065459, 0.0, -0.013372, 0.99755, 0.068666, 0.3, -0.06469, -0.069392, 0.99549, 0.0, 0.0, 0.0, 0.0, 1.0],
                [0.997816, 0.018294, 0.063473, 0.0, -0.013372, 0.996932, -0.077124, 0.3, -0.06469, 0.076107, 0.994999, 0.0, 0.0, 0.0, 0.0, 1.0],
                [0.997816, 0.027961, 0.059848, 0.0, -0.013372, 0.972739, -0.231517, 0.3, -0.064689, 0.230211, 0.970989, -0.0, 0.0, 0.0, 0.0, 1.0],
                [0.997816, 0.02796, 0.059848, -0.0, -0.013372, 0.972739, -0.231517, 0.3, -0.06469, 0.230211, 0.970989, -0.0, 0.0, 0.0, 0.0, 1.0],
                [0.997816, 0.02796, 0.059848, -0.0, -0.013372, 0.972739, -0.231517, 0.3, -0.06469, 0.230211, 0.970989, -0.0, 0.0, 0.0, 0.0, 1.0],
                [0.997816, 0.02796, 0.059848, -0.0, -0.013372, 0.972739, -0.231517, 0.3, -0.06469, 0.230211, 0.970989, -0.0, 0.0, 0.0, 0.0, 1.0],
                [0.997816, 0.02796, 0.059848, -0.0, -0.013372, 0.972739, -0.231517, 0.3, -0.06469, 0.230211, 0.970989, -0.0, 0.0, 0.0, 0.0, 1.0]
            ]
        },
        {
            "name": "Tool_L",
            "time": [0.0, 0.45, 0.6667, 0.8833, 1.0, 1.1, 1.25],
            "transform": [
                [0.99711, 0.043861, -0.062033, -0.012677, 0.036135, -0.992043, -0.1206, 0.208813, -0.066789, 0.11793, -0.99018, 0.160811, 0.0, 0.0, 0.0, 1.0],
                [0.99711, 0.048289, -0.058649, -0.012677, 0.036132, -0.980526, -0.193037, 0.208813, -0.066789, 0.190237, -0.978863, 0.160811, 0.0, 0.0, 0.0, 1.0],
                [0.99711, 0.04829, -0.058649, -0.020885, 0.036132, -0.980526, -0.193037, 0.218579, -0.066789, 0.190237, -0.978863, 0.043687, 0.0, 0.0, 0.0, 1.0],
                [0.99711, 0.048289, -0.058649, -0.020885, 0.036132, -0.980526, -0.193037, 0.218579, -0.066789, 0.190237, -0.978863, 0.043687, 0.0, 0.0, 0.0, 1.0],
                [0.99711, 0.048289, -0.058649, -0.020885, 0.036132, -0.980526, -0.193037, 0.218579, -0.066789, 0.190237, -0.978863, 0.043687, 0.0, 0.0, 0.0, 1.0],
                [0.99711, 0.048289, -0.058649, -0.020885, 0.036132, -0.980526, -0.193037, 0.218579, -0.066789, 0.190237, -0.978863, 0.043687, 0.0, 0.0, 0.0, 1.0],
                [0.99711, 0.048289, -0.058649, -0.020885, 0.036132, -0.980526, -0.193037, 0.218579, -0.066789, 0.190237, -0.978863, 0.043687, 0.0, 0.0, 0.0, 1.0]
            ]
        },
        {
            "name": "Elbow_L",
            "time": [0.0, 0.3, 0.45, 0.8833, 1.0, 1.1, 1.25],
            "transform": [
                [-0.998967, -0.043093, -0.01444, -4.9e-05, 0.028309, -0.34145, -0.939473, 0.367197, 0.035554, -0.938911, 0.342317, -0.015902, 0.0, 0.0, 0.0, 1.0],
                [-0.998841, 0.047923, 0.004544, -0.000834, -0.005325, -0.01618, -0.999855, 0.308175, -0.047843, -0.99872, 0.016416, -0.000892, 0.0, 0.0, 0.0, 1.0],
                [-0.999381, -0.034883, 0.004544, -0.000834, -0.003968, -0.016565, -0.999855, 0.308175, 0.034953, -0.999254, 0.016416, -0.000892, 0.0, 0.0, 0.0, 1.0],
                [-0.999381, -0.034882, 0.004544, -0.000834, -0.003968, -0.016565, -0.999855, 0.308175, 0.034953, -0.999254, 0.016416, -0.000892, 0.0, 0.0, 0.0, 1.0],
                [-0.999381, -0.034882, 0.004544, -0.000834, -0.003968, -0.016565, -0.999855, 0.308175, 0.034953, -0.999254, 0.016416, -0.000892, 0.0, 0.0, 0.0, 1.0],
                [-0.999381, -0.034882, 0.004544, -0.000834, -0.003968, -0.016565, -0.999855, 0.308175, 0.034953, -0.999254, 0.016416, -0.000892, 0.0, 0.0, 0.0, 1.0],
                [-0.999381, -0.034882, 0.004544, -0.000834, -0.003968, -0.016565, -0.999855, 0.308175, 0.034953, -0.999254, 0.016416, -0.000892, 0.0, 0.0, 0.0, 1.0]
            ]
        }
    ]
}