{
    "animation": [
        {
            "name": "Root",
            "time": [0.0, 0.0833, 0.1833, 0.4, 0.5, 0.6667, 0.8167, 1.0833, 1.3167],
            "transform": [
                [0.936612, 0.0, -0.350368, -0.023176, -0.350368, 0.0, -0.936612, 0.077177, 0.0, 1.0, 0.0, 0.630196, 0.0, 0.0, 0.0, 1.0],
                [0.936612, 0.0, -0.350368, -0.023176, -0.350368, 0.0, -0.936612, 0.077177, 0.0, 1.0, 0.0, 0.630196, 0.0, 0.0, 0.0, 1.0],
                [0.584853, 0.0, -0.811139, -0.048633, -0.7975, 0.182609, -0.575019, -0.476051, 0.148122, 0.983186, 0.1068, 0.57728, 0.0, 0.0, 0.0, 1.0],
                [0.584853, 0.0, -0.811139, -0.046992, -0.811139, 0.0, -0.584853, -0.743909, 0.0, 1.0, 0.0, 0.581852, 0.0, 0.0, 0.0, 1.0],
                [0.584853, 0.0, -0.811139, -0.046992, -0.811139, 0.0, -0.584853, -0.835264, 0.0, 1.0, 0.0, 0.581852, 0.0, 0.0, 0.0, 1.0],
                [0.980889, 0.0, -0.194568, -0.046992, -0.194568, 0.0, -0.980889, 0.308543, 0.0, 1.0, 0.0, 0.675035, 0.0, 0.0, 0.0, 1.0],
                [0.908606, 0.0, 0.417654, -0.046992, 0.417654, 0.0, -0.908606, 0.666299, 0.0, 1.0, 0.0, 0.581852, 0.0, 0.0, 0.0, 1.0],
                [0.908606, 0.0, 0.417654, -0.046992, 0.417654, 0.0, -0.908606, 0.829498, 0.0, 1.0, 0.0, 0.581852, 0.0, 0.0, 0.0, 1.0],
                [0.908606, 0.0, 0.417654, -0.046992, 0.417654, 0.0, -0.908606, 0.829498, 0.0, 1.0, 0.0, 0.581852, 0.0, 0.0, 0.0, 1.0]
            ]
        },
        {
            "name": "Thigh_R",
            "time": [0.0, 0.0833, 0.1833, 0.4, 0.5, 0.6667, 0.8167, 1.0833, 1.3167],
            "transform": [
                [0.896864, 0.22026, -0.383562, 0.124994, 0.024791, -0.890855, -0.453608, -0.002831, -0.44161, 0.397315, -0.804438, -1.2e-05, 0.0, 0.0, 0.0, 1.0],
                [0.896864, 0.22026, -0.383562, 0.124994, 0.024791, -0.890855, -0.453608, -0.002831, -0.44161, 0.397315, -0.804438, -1.2e-05, 0.0, 0.0, 0.0, 1.0],
                [0.873449, 0.472329, 0.118285, 0.124994, 0.472475, -0.880878, 0.028597, -0.002831, 0.117702, 0.030909, -0.992568, -1.2e-05, 0.0, 0.0, 0.0, 1.0],
                [0.950636, 0.286876, 0.118285, 0.124994, 0.285524, -0.957943, 0.028597, -0.002831, 0.121514, 0.006588, -0.992568, -1.2e-05, 0.0, 0.0, 0.0, 1.0],
                [0.950636, 0.286876, 0.118285, 0.124994, 0.285524, -0.957943, 0.028597, -0.002831, 0.121514, 0.006588, -0.992568, -1.2e-05, 0.0, 0.0, 0.0, 1.0],
                [0.942975, -0.251714, -0.217802, 0.124994, 0.089432, -0.43868, 0.894182, -0.002831, -0.320624, -0.862668, -0.391154, -1.2e-05, 0.0, 0.0, 0.0, 1.0],
                [0.878321, 0.394919, 0.269425, 0.124994, 0.062123, -0.653069, 0.754745, -0.002831, 0.474017, -0.64617, -0.59814, -1.2e-05, 0.0, 0.0, 0.0, 1.0],
                [0.878321, 0.422479, 0.223746, 0.124994, 0.062123, -0.56491, 0.82281, -0.002831, 0.474017, -0.70879, -0.52242, -1.2e-05, 0.0, 0.0, 0.0, 1.0],
                [0.878321, 0.422479, 0.223746, 0.124994, 0.062123, -0.56491, 0.82281, -0.002831, 0.474017, -0.70879, -0.52242, -1.2e-05, 0.0, 0.0, 0.0, 1.0]
            ]
        },
        {
            "name": "Leg_R",
            "time": [0.0, 0.0833, 0.1833, 0.4, 0.5, 0.6667, 0.8167, 1.0833, 1.3167],
            "transform": [
                [1.0, -0.0, 2e-06, 0.0, -0.0, 0.90413, 0.427258, 0.37472, -2e-06, -0.427259, 0.904129, -0.0, 0.0, 0.0, 0.0, 1.0],
                [1.0, -0.0, 2e-06, 0.0, -0.0, 0.90413, 0.427258, 0.37472, -2e-06, -0.427259, 0.904129, -0.0, 0.0, 0.0, 0.0, 1.0],
                [1.0, -0.0, 2e-06, 0.0, -0.0, 0.928524, 0.371274, 0.37472, -2e-06, -0.371274, 0.928523, -0.0, 0.0, 0.0, 0.0, 1.0],
                [1.0, -1e-06, 1e-06, -0.0, -0.0, 0.66419, 0.747564, 0.37472, -2e-06, -0.747565, 0.664189, 0.0, 0.0, 0.0, 0.0, 1.0],
                [1.0, -1e-06, 1e-06, 0.0, -0.0, 0.66419, 0.747564, 0.37472, -2e-06, -0.747565, 0.664189, 0.0, 0.0, 0.0, 0.0, 1.0],
                [1.0, -2e-06, 0.0, -0.0, -0.0, -0.120056, 0.992766, 0.37472, -2e-06, -0.992768, -0.120056, 0.0, 0.0, 0.0, 0.0, 1.0],
                [1.0, -1e-06, 1e-06, 0.0, -0.0, 0.79791, 0.602777, 0.37472, -2e-06, -0.602778, 0.797909, -0.0, 0.0, 0.0, 0.0, 1.0],
                [1.0, -1e-06, 1e-06, 0.0, -0.0, 0.79791, 0.602777, 0.37472, -2e-06, -0.602778, 0.797909, -0.0, 0.0, 0.0, 0.0, 1.0],
                [1.0, -1e-06, 1e-06, 0.0, -0.0, 0.79791, 0.602777, 0.37472, -2e-06, -0.602778, 0.797909, -0.0, 0.0, 0.0, 0.0, 1.0]
            ]
        },
        {
            "name": "Knee_R",
            "time": [0.0, 0.0833, 0.4, 0.5, 0.6667, 1.0833, 1.3167],
            "transform": [
                [1.0, 0.0, -0.0, 0.0, -0.0, 1e-06, -1.0, 0.37472, -0.0, 1.0, 1e-06, -0.0, 0.0, 0.0, 0.0, 1.0],
                [1.0, 0.0, -0.0, 0.0, -0.0, 1e-06, -1.0, 0.37472, -0.0, 1.0, 1e-06, -0.0, 0.0, 0.0, 0.0, 1.0],
                [1.0, 0.0, -0.0, -0.0, -0.0, 1e-06, -1.0, 0.37472, -0.0, 1.0, 1e-06, 0.0, 0.0, 0.0, 0.0, 1.0],
                [1.0, 0.0, -0.0, 0.0, -0.0, 1e-06, -1.0, 0.37472, -0.0, 1.0, 1e-06, 0.0, 0.0, 0.0, 0.0, 1.0],
                [1.0, 0.0, -0.0, -0.0, -0.0, 0.716469, -0.697619, 0.37472, -0.0, 0.697619, 0.716469, 0.0, 0.0, 0.0, 0.0, 1.0],
                [1.0, 0.0, -0.0, 0.0, -0.0, 1e-06, -1.0, 0.37472, -0.0, 1.0, 1e-06, -0.0, 0.0, 0.0, 0.0, 1.0],
                [1.0, 0.0, -0.0, 0.0, -0.0, 1e-06, -1.0, 0.37472, -0.0, 1.0, 1e-06, -0.0, 0.0, 0.0, 0.0, 1.0]
            ]
        },
        {
            "name": "Thigh_L",
            "time": [0.0, 0.0833, 0.1833, 0.4, 0.5, 0.6667, 0.8167, 1.0833, 1.3167],
            "transform": [
                [0.937422, -0.259392, -0.232281, -0.109662, 0.005791, -0.655398, 0.755261, -0.002831, -0.348146, -0.709344, -0.612883, 0.02525, 0.0, 0.0, 0.0, 1.0],
                [0.937422, -0.259392, -0.232281, -0.109662, 0.005791, -0.655398, 0.755261, -0.002831, -0.348146, -0.709344, -0.612883, 0.02525, 0.0, 0.0, 0.0, 1.0],
                [0.585125, -0.72382, -0.365667, -0.109662, -0.089969, -0.506074, 0.857784, -0.002831, -0.805936, -0.469013, -0.361239, 0.02525, 0.0, 0.0, 0.0, 1.0],
                [0.834834, -0.411508, -0.365667, -0.109662, 0.130678, -0.497121, 0.857784, -0.002831, -0.534766, -0.763892, -0.361239, 0.02525, 0.0, 0.0, 0.0, 1.0],
                [0.834834, -0.411508, -0.365667, -0.109662, 0.130678, -0.497121, 0.857784, -0.002831, -0.534766, -0.763892, -0.361239, 0.02525, 0.0, 0.0, 0.0, 1.0],
                [0.945227, 0.088451, -0.314199, -0.109662, -0.106287, -0.826719, -0.552484, -0.002831, -0.308621, 0.555619, -0.772036, 0.02525, 0.0, 0.0, 0.0, 1.0],
                [0.877853, -0.273059, 0.393462, -0.109662, -0.126554, -0.924598, -0.359307, -0.002831, 0.461906, 0.265626, -0.846218, 0.02525, 0.0, 0.0, 0.0, 1.0],
                [0.877853, -0.310627, 0.364532, -0.109662, -0.126554, -0.884538, -0.448973, -0.002831, 0.461906, 0.348, -0.815805, 0.02525, 0.0, 0.0, 0.0, 1.0],
                [0.877853, -0.310627, 0.364532, -0.109662, -0.126554, -0.884538, -0.448973, -0.002831, 0.461906, 0.348, -0.815805, 0.02525, 0.0, 0.0, 0.0, 1.0]
            ]
        },
        {
            "name": "Leg_L",
            "time": [0.0, 0.0833, 0.1833, 0.4, 0.5, 0.6667, 0.8167, 1.0833, 1.3167],
            "transform": [
                [0.999985, -0.002711, 0.004768, -0.0, -0.001379, 0.717128, 0.696939, 0.37472, -0.005308, -0.696935, 0.717114, -0.0, 0.0, 0.0, 0.0, 1.0],
                [0.999985, -0.002711, 0.004768, -0.0, -0.001379, 0.717128, 0.696939, 0.37472, -0.005308, -0.696935, 0.717114, -0.0, 0.0, 0.0, 0.0, 1.0],
                [0.999985, -0.0017, 0.005215, 0.0, -0.001379, 0.842273, 0.539049, 0.37472, -0.005308, -0.539048, 0.842259, 0.0, 0.0, 0.0, 0.0, 1.0],
                [0.999985, -0.004818, 0.00262, 0.0, -0.001379, 0.241462, 0.97041, 0.37472, -0.005309, -0.970398, 0.241452, -0.0, 0.0, 0.0, 0.0, 1.0],
                [0.999985, -0.004818, 0.00262, 0.0, -0.001379, 0.241462, 0.97041, 0.37472, -0.005309, -0.970398, 0.241452, -0.0, 0.0, 0.0, 0.0, 1.0],
                [0.999985, 0.000168, 0.005489, 0.0, -0.001373, 0.975445, 0.220237, 0.37472, -0.005317, -0.220241, 0.975431, 0.0, 0.0, 0.0, 0.0, 1.0],
                [0.999985, -0.001447, 0.005291, -0.0, -0.001379, 0.867191, 0.497973, 0.37472, -0.005309, -0.497973, 0.867177, 0.0, 0.0, 0.0, 0.0, 1.0],
                [0.999985, -0.000309, 0.005476, 0.0, -0.001379, 0.952154, 0.305614, 0.37472, -0.005309, -0.305617, 0.95214, 0.0, 0.0, 0.0, 0.0, 1.0],
                [0.999985, -0.000309, 0.005476, 0.0, -0.001379, 0.952154, 0.305614, 0.37472, -0.005309, -0.305617, 0.95214, 0.0, 0.0, 0.0, 0.0, 1.0]
            ]
        },
        {
            "name": "Knee_L",
            "time": [0.0, 0.0833, 0.4, 0.5, 1.0833, 1.3167],
            "transform": [
                [1.0, 0.0, -0.0, -0.0, -0.0, 1e-06, -1.0, 0.37472, -0.0, 1.0, 1e-06, -0.0, 0.0, 0.0, 0.0, 1.0],
                [1.0, 0.0, -0.0, -0.0, -0.0, 1e-06, -1.0, 0.37472, -0.0, 1.0, 1e-06, -0.0, 0.0, 0.0, 0.0, 1.0],
                [1.0, 0.0, -0.0, 0.0, -0.0, 1e-06, -1.0, 0.37472, -0.0, 1.0, 1e-06, -0.0, 0.0, 0.0, 0.0, 1.0],
                [1.0, 0.0, -0.0, 0.0, -0.0, 1e-06, -1.0, 0.37472, -0.0, 1.0, 1e-06, -0.0, 0.0, 0.0, 0.0, 1.0],
                [1.0, 0.0, -0.0, 0.0, -0.0, 1e-06, -1.0, 0.37472, -0.0, 1.0, 1e-06, 0.0, 0.0, 0.0, 0.0, 1.0],
                [1.0, 0.0, -0.0, 0.0, -0.0, 1e-06, -1.0, 0.37472, -0.0, 1.0, 1e-06, 0.0, 0.0, 0.0, 0.0, 1.0]
            ]
        },
        {
            "name": "Torso",
            "time": [0.0, 0.0833, 0.4, 0.5, 1.0833, 1.3167],
            "transform": [
                [0.994908, -0.081235, 0.059656, 0.0, 0.083287, 0.995987, -0.032756, 0.05, -0.056756, 0.037558, 0.997681, 0.0, 0.0, 0.0, 0.0, 1.0],
                [0.994908, -0.081235, 0.059656, 0.0, 0.083287, 0.995987, -0.032756, 0.05, -0.056756, 0.037558, 0.997681, 0.0, 0.0, 0.0, 0.0, 1.0],
                [0.994908, -0.081235, 0.059656, -0.0, 0.083287, 0.995987, -0.032756, 0.05, -0.056756, 0.037558, 0.997681, 0.0, 0.0, 0.0, 0.0, 1.0],
                [0.994908, -0.081235, 0.059656, -0.0, 0.083287, 0.995987, -0.032756, 0.05, -0.056756, 0.037558, 0.997681, 0.0, 0.0, 0.0, 0.0, 1.0],
                [0.994908, -0.081235, 0.059656, 0.0, 0.083287, 0.995987, -0.032756, 0.05, -0.056756, 0.037558, 0.997681, -0.0, 0.0, 0.0, 0.0, 1.0],
                [0.994908, -0.081235, 0.059656, 0.0, 0.083287, 0.995987, -0.032756, 0.05, -0.056756, 0.037558, 0.997681, -0.0, 0.0, 0.0, 0.0, 1.0]
            ]
        },
        {
            "name": "Chest",
            "time": [0.0, 0.0833, 0.1833, 0.4, 0.5, 0.6667, 0.8167, 1.0833, 1.3167],
            "transform": [
                [0.717951, 0.118314, -0.685965, -0.0, 0.143053, 0.939337, 0.311739, 0.3, 0.681236, -0.321943, 0.657473, -0.0, 0.0, 0.0, 0.0, 1.0],
                [0.717951, 0.118314, -0.685965, -0.0, 0.143053, 0.939337, 0.311739, 0.3, 0.681236, -0.321943, 0.657473, -0.0, 0.0, 0.0, 0.0, 1.0],
                [0.600021, 0.118314, -0.791187, -0.0, 0.190702, 0.939337, 0.285093, 0.3, 0.776922, -0.321943, 0.541059, -0.0, 0.0, 0.0, 0.0, 1.0],
                [0.567843, 0.118314, -0.81459, 0.0, 0.20197, 0.939337, 0.277224, 0.3, 0.797974, -0.321943, 0.5095, -0.0, 0.0, 0.0, 0.0, 1.0],
                [0.567843, 0.118314, -0.81459, -0.0, 0.20197, 0.939337, 0.277224, 0.3, 0.797974, -0.321943, 0.5095, 0.0, 0.0, 0.0, 0.0, 1.0],
                [0.549163, 0.135024, 0.824735, 0.0, -0.174952, 0.983569, -0.044534, 0.3, -0.817197, -0.119833, 0.563763, -0.0, 0.0, 0.0, 0.0, 1.0],
                [0.90478, 0.118314, 0.409114, 0.0, -0.235563, 0.939337, 0.24931, 0.3, -0.354799, -0.321943, 0.877764, 0.0, 0.0, 0.0, 0.0, 1.0],
                [0.894752, 0.134345, 0.425876, 0.0, -0.281919, 0.909539, 0.305385, 0.3, -0.346324, -0.393306, 0.851687, 0.0, 0.0, 0.0, 0.0, 1.0],
                [0.894752, 0.134345, 0.425876, 0.0, -0.281919, 0.909539, 0.305385, 0.3, -0.346324, -0.393306, 0.851687, 0.0, 0.0, 0.0, 0.0, 1.0]
            ]
        },
        {
            "name": "Head",
            "time": [0.0, 0.0833, 0.4, 0.5, 0.6667, 0.8167, 1.0833, 1.3167],
            "transform": [
                [0.462759, 0.013051, 0.886389, -0.0, 0.079468, 0.995255, -0.056142, 0.4, -0.882915, 0.09642, 0.459526, 0.0, 0.0, 0.0, 0.0, 1.0],
                [0.462759, 0.013051, 0.886389, -0.0, 0.079468, 0.995255, -0.056142, 0.4, -0.882915, 0.09642, 0.459526, 0.0, 0.0, 0.0, 0.0, 1.0],
                [0.462758, 0.013051, 0.886388, -0.0, 0.079468, 0.995255, -0.056142, 0.4, -0.882915, 0.09642, 0.459526, -0.0, 0.0, 0.0, 0.0, 1.0],
                [0.462758, 0.013051, 0.886388, -0.0, 0.079468, 0.995255, -0.056142, 0.4, -0.882915, 0.09642, 0.459526, -0.0, 0.0, 0.0, 0.0, 1.0],
                [0.580342, 0.013051, -0.814268, -0.0, -0.086064, 0.995255, -0.045388, 0.4, 0.809812, 0.09642, 0.578712, 0.0, 0.0, 0.0, 0.0, 1.0],
                [0.65934, 0.013051, -0.751732, 0.0, -0.08106, 0.995255, -0.053818, 0.4, 0.747463, 0.09642, 0.657269, -0.0, 0.0, 0.0, 0.0, 1.0],
                [0.650594, -0.205686, -0.731041, 0.0, -0.07674, 0.93989, -0.332743, 0.4, 0.755539, 0.27258, 0.595702, -0.0, 0.0, 0.0, 0.0, 1.0],
                [0.650594, -0.205686, -0.731041, 0.0, -0.07674, 0.93989, -0.332743, 0.4, 0.755539, 0.27258, 0.595702, -0.0, 0.0, 0.0, 0.0, 1.0]
            ]
        },
        {
            "name": "Shoulder_R",
            "time": [0.0, 0.0833, 0.4, 0.5, 0.8167, 1.0833, 1.3167],
            "transform": [
                [0.12373, 0.822457, 0.555207, -0.0, -0.118415, -0.543271, 0.831165, 0.4, 0.985225, -0.168585, 0.030173, 0.0, 0.0, 0.0, 0.0, 1.0],
                [0.12373, 0.822457, 0.555207, -0.0, -0.118415, -0.543271, 0.831165, 0.4, 0.985225, -0.168585, 0.030173, 0.0, 0.0, 0.0, 0.0, 1.0],
                [0.12373, 0.822457, 0.555207, -0.0, -0.118415, -0.543271, 0.831165, 0.4, 0.985225, -0.168585, 0.030173, -0.0, 0.0, 0.0, 0.0, 1.0],
                [0.12373, 0.822457, 0.555207, -0.0, -0.118415, -0.543271, 0.831165, 0.4, 0.985225, -0.168585, 0.030173, -0.0, 0.0, 0.0, 0.0, 1.0],
                [0.12373, 0.947322, 0.295418, 0.0, -0.118415, -0.281483, 0.952232, 0.4, 0.985225, -0.152801, 0.077349, -0.0, 0.0, 0.0, 0.0, 1.0],
                [0.12373, 0.947322, 0.295418, 0.0, -0.118415, -0.281483, 0.952232, 0.4, 0.985225, -0.152801, 0.077349, -0.0, 0.0, 0.0, 0.0, 1.0],
                [0.12373, 0.947322, 0.295418, 0.0, -0.118415, -0.281483, 0.952232, 0.4, 0.985225, -0.152801, 0.077349, -0.0, 0.0, 0.0, 0.0, 1.0]
            ]
        },
        {
            "name": "Arm_R",
            "time": [0.0, 0.0833, 0.4, 0.5, 0.5833, 0.6667, 0.8167, 1.0833, 1.3167],
            "transform": [
                [0.238497, -0.013923, -0.971043, -0.0, 0.337305, 0.938835, 0.069384, 0.393861, 0.910683, -0.344085, 0.228606, 0.0, 0.0, 0.0, 0.0, 1.0],
                [0.238497, -0.013923, -0.971043, -0.0, 0.337305, 0.938835, 0.069384, 0.393861, 0.910683, -0.344085, 0.228606, 0.0, 0.0, 0.0, 0.0, 1.0],
                [0.238647, 0.011056, -0.971043, -0.0, 0.237431, 0.968923, 0.069384, 0.393861, 0.941634, -0.247114, 0.228606, -0.0, 0.0, 0.0, 0.0, 1.0],
                [0.2317, 0.171388, -0.95757, -0.0, 0.197747, 0.955507, 0.218867, 0.393861, 0.952477, -0.240068, 0.187499, -0.0, 0.0, 0.0, 0.0, 1.0],
                [0.128749, 0.094155, -0.987197, -0.0, -0.405288, 0.913546, 0.034274, 0.393861, 0.905077, 0.395687, 0.155778, 0.0, 0.0, 0.0, 0.0, 1.0],
                [-0.008541, -0.490923, -0.871161, 0.0, -0.563846, 0.721853, -0.401255, 0.39386, 0.825836, 0.487774, -0.28297, 0.0, 0.0, 0.0, 0.0, 1.0],
                [0.088558, -0.38468, -0.918792, 0.0, -0.452602, 0.806152, -0.381144, 0.39386, 0.887304, 0.4496, -0.102715, -0.0, 0.0, 0.0, 0.0, 1.0],
                [0.111239, -0.378744, -0.918792, -0.0, -0.499663, 0.77786, -0.381144, 0.39386, 0.859048, 0.501485, -0.102716, -0.0, 0.0, 0.0, 0.0, 1.0],
                [0.111239, -0.378744, -0.918792, -0.0, -0.499663, 0.77786, -0.381144, 0.39386, 0.859048, 0.501485, -0.102716, -0.0, 0.0, 0.0, 0.0, 1.0]
            ]
        },
        {
            "name": "Hand_R",
            "time": [0.0, 0.0833, 0.4, 0.5, 0.5833, 0.6667, 1.0833, 1.3167],
            "transform": [
                [0.999738, 0.004135, -0.022536, 0.0, -0.005967, 0.996628, -0.081843, 0.3, 0.022122, 0.081956, 0.99639, -0.0, 0.0, 0.0, 0.0, 1.0],
                [0.999738, 0.004135, -0.022536, 0.0, -0.005967, 0.996628, -0.081843, 0.3, 0.022122, 0.081956, 0.99639, -0.0, 0.0, 0.0, 0.0, 1.0],
                [0.999738, 0.004135, -0.022536, 0.0, -0.005967, 0.996627, -0.081843, 0.3, 0.022122, 0.081956, 0.99639, 0.0, 0.0, 0.0, 0.0, 1.0],
                [0.999737, 0.004135, -0.022536, -0.0, -0.005967, 0.996627, -0.081843, 0.3, 0.022122, 0.081956, 0.99639, 0.0, 0.0, 0.0, 0.0, 1.0],
                [0.999738, -0.021523, -0.007858, 0.0, -0.005967, 0.086542, -0.99623, 0.3, 0.022122, 0.996016, 0.086391, -0.0, 0.0, 0.0, 0.0, 1.0],
                [0.999737, 0.003374, -0.022663, -0.0, -0.005967, 0.993307, -0.115355, 0.3, 0.022122, 0.11546, 0.993066, 0.0, 0.0, 0.0, 0.0, 1.0],
                [0.999737, 0.003374, -0.022663, 0.0, -0.005967, 0.993307, -0.115355, 0.3, 0.022122, 0.11546, 0.993066, -0.0, 0.0, 0.0, 0.0, 1.0],
                [0.999737, 0.003374, -0.022663, 0.0, -0.005967, 0.993307, -0.115355, 0.3, 0.022122, 0.11546, 0.993066, -0.0, 0.0, 0.0, 0.0, 1.0]
            ]
        },
        {
            "name": "Tool_R",
            "time": [0.0, 0.0833, 0.4, 0.5, 0.5833, 0.6667, 0.8167, 1.0833, 1.3167],
            "transform": [
                [0.997429, 0.047076, -0.054029, -0.00809, 0.011097, -0.846328, -0.532548, 0.281539, -0.070754, 0.530256, -0.84418, 0.098466, 0.0, 0.0, 0.0, 1.0],
                [0.997429, 0.047076, -0.054029, -0.00809, 0.011097, -0.846328, -0.532548, 0.281539, -0.070754, 0.530256, -0.84418, 0.098466, 0.0, 0.0, 0.0, 1.0],
                [0.997429, 0.047076, -0.054029, -0.00809, 0.011097, -0.846328, -0.532548, 0.281539, -0.070754, 0.530256, -0.844179, 0.098466, 0.0, 0.0, 0.0, 1.0],
                [0.997429, 0.047076, -0.054029, -0.00809, 0.011097, -0.846328, -0.532548, 0.281539, -0.070754, 0.530256, -0.844179, 0.098466, 0.0, 0.0, 0.0, 1.0],
                [0.99743, 0.065874, -0.0282, -0.008987, 0.011073, -0.530512, -0.847605, 0.282406, -0.070754, 0.844608, -0.529573, 0.085977, 0.0, 0.0, 0.0, 1.0],
                [0.996036, 0.088101, -0.012316, -0.010059, -0.015715, 0.037998, -0.999154, 0.283444, -0.087507, 0.994798, 0.039198, 0.071042, 0.0, 0.0, 0.0, 1.0],
                [0.997431, 0.069593, 0.017006, -0.011348, 0.011041, 0.085217, -0.996301, 0.284691, -0.070743, 0.993342, 0.084169, 0.053078, 0.0, 0.0, 0.0, 1.0],
                [0.997529, 0.069591, -0.009684, -0.011348, -0.015617, 0.085218, -0.99624, 0.284691, -0.068464, 0.993342, 0.086032, 0.053078, 0.0, 0.0, 0.0, 1.0],
                [0.997529, 0.069591, -0.009684, -0.011348, -0.015617, 0.085218, -0.99624, 0.284691, -0.068464, 0.993342, 0.086032, 0.053078, 0.0, 0.0, 0.0, 1.0]
            ]
        },
        {
            "name": "Elbow_R",
            "time": [0.0, 0.0833, 0.4, 0.5, 1.0833, 1.3167],
            "transform": [
                [-1.0, 0.0, 0.0, 0.0, 0.0, -0.0, -1.0, 0.3, -0.0, -1.0, 0.0, -0.0, 0.0, 0.0, 0.0, 1.0],
                [-1.0, 0.0, 0.0, 0.0, 0.0, -0.0, -1.0, 0.3, -0.0, -1.0, 0.0, -0.0, 0.0, 0.0, 0.0, 1.0],
                [-1.0, 0.0, -0.0, 0.0, -0.0, -0.0, -1.0, 0.3, -0.0, -1.0, 0.0, 0.0, 0.0, 0.0, 0.0, 1.0],
                [-1.0, 0.0, 0.0, -0.0, 0.0, -0.0, -1.0, 0.3, -0.0, -1.0, 0.0, 0.0, 0.0, 0.0, 0.0, 1.0],
                [-1.0, 0.0, -0.0, 0.0, 0.0, -0.0, -1.0, 0.3, -0.0, -1.0, 0.0, -0.0, 0.0, 0.0, 0.0, 1.0],
                [-1.0, 0.0, -0.0, 0.0, 0.0, -0.0, -1.0, 0.3, -0.0, -1.0, 0.0, -0.0, 0.0, 0.0, 0.0, 1.0]
            ]
        },
        {
            "name": "Shoulder_L",
            "time": [0.0, 0.0833, 0.4, 0.5, 1.0833, 1.3167],
            "transform": [
                [-0.239454, -0.956644, -0.165813, -0.0, 0.004989, -0.171992, 0.985086, 0.4, -0.970895, 0.235055, 0.045957, 0.0, 0.0, 0.0, 0.0, 1.0],
                [-0.239454, -0.956644, -0.165813, -0.0, 0.004989, -0.171992, 0.985086, 0.4, -0.970895, 0.235055, 0.045957, 0.0, 0.0, 0.0, 0.0, 1.0],
                [-0.239454, -0.956644, -0.165813, -0.0, 0.004989, -0.171992, 0.985086, 0.4, -0.970895, 0.235055, 0.045957, -0.0, 0.0, 0.0, 0.0, 1.0],
                [-0.239454, -0.956644, -0.165813, -0.0, 0.004989, -0.171992, 0.985086, 0.4, -0.970895, 0.235055, 0.045957, -0.0, 0.0, 0.0, 0.0, 1.0],
                [-0.239454, -0.956644, -0.165813, 0.0, 0.004989, -0.171992, 0.985086, 0.4, -0.970895, 0.235055, 0.045957, -0.0, 0.0, 0.0, 0.0, 1.0],
                [-0.239454, -0.956644, -0.165813, 0.0, 0.004989, -0.171992, 0.985086, 0.4, -0.970895, 0.235055, 0.045957, -0.0, 0.0, 0.0, 0.0, 1.0]
            ]
        },
        {
            "name": "Arm_L",
            "time": [0.0, 0.0833, 0.1833, 0.4, 0.5, 1.0833, 1.3167],
            "transform": [
                [0.278018, -0.864305, 0.419145, 0.0, -0.560522, 0.208383, 0.801493, 0.39386, -0.780077, -0.45777, -0.426528, -0.0, 0.0, 0.0, 0.0, 1.0],
                [0.278018, -0.864305, 0.419145, 0.0, -0.560522, 0.208383, 0.801493, 0.39386, -0.780077, -0.45777, -0.426528, -0.0, 0.0, 0.0, 0.0, 1.0],
                [0.238662, -0.197462, 0.950815, -0.0, -0.36372, 0.889662, 0.276059, 0.39386, -0.900415, -0.411715, 0.140508, -0.0, 0.0, 0.0, 0.0, 1.0],
                [0.238662, -0.151363, 0.959234, -0.0, -0.36372, 0.901944, 0.232818, 0.39386, -0.900416, -0.404458, 0.160206, 0.0, 0.0, 0.0, 0.0, 1.0],
                [0.238662, -0.151363, 0.959234, -0.0, -0.36372, 0.901944, 0.232818, 0.39386, -0.900416, -0.404458, 0.160206, 0.0, 0.0, 0.0, 0.0, 1.0],
                [0.272918, 0.07339, 0.959234, 0.0, -0.910319, 0.34222, 0.232819, 0.39386, -0.311182, -0.936749, 0.160206, -0.0, 0.0, 0.0, 0.0, 1.0],
                [0.272918, 0.07339, 0.959234, 0.0, -0.910319, 0.34222, 0.232819, 0.39386, -0.311182, -0.936749, 0.160206, -0.0, 0.0, 0.0, 0.0, 1.0]
            ]
        },
        {
            "name": "Hand_L",
            "time": [0.0, 0.0833, 0.4, 0.5, 1.0833, 1.3167],
            "transform": [
                [0.997816, 0.017127, 0.063798, -0.0, -0.013372, 0.998179, -0.058827, 0.3, -0.06469, 0.057846, 0.996228, 0.0, 0.0, 0.0, 0.0, 1.0],
                [0.997816, 0.017127, 0.063798, -0.0, -0.013372, 0.998179, -0.058827, 0.3, -0.06469, 0.057846, 0.996228, 0.0, 0.0, 0.0, 0.0, 1.0],
                [0.997816, 0.031323, 0.058158, 0.0, -0.013372, 0.957977, -0.286535, 0.3, -0.06469, 0.285132, 0.956303, 0.0, 0.0, 0.0, 0.0, 1.0],
                [0.997816, 0.031323, 0.058158, 0.0, -0.013372, 0.957977, -0.286535, 0.3, -0.06469, 0.285132, 0.956303, 0.0, 0.0, 0.0, 0.0, 1.0],
                [0.997816, 0.031323, 0.058158, 0.0, -0.013372, 0.957977, -0.286535, 0.3, -0.06469, 0.285132, 0.956303, 0.0, 0.0, 0.0, 0.0, 1.0],
                [0.997816, 0.031323, 0.058158, 0.0, -0.013372, 0.957977, -0.286535, 0.3, -0.06469, 0.285132, 0.956303, 0.0, 0.0, 0.0, 0.0, 1.0]
            ]
        },
        {
            "name": "Tool_L",
            "time": [0.0, 0.0833, 0.4, 0.5, 1.0833, 1.3167],
            "transform": [
                [0.99711, 0.048289, -0.058649, -0.020885, 0.036132, -0.980526, -0.193037, 0.218579, -0.066789, 0.190237, -0.978863, 0.043687, 0.0, 0.0, 0.0, 1.0],
                [0.99711, 0.048289, -0.058649, -0.020885, 0.036132, -0.980526, -0.193037, 0.218579, -0.066789, 0.190237, -0.978863, 0.043687, 0.0, 0.0, 0.0, 1.0],
                [0.99711, 0.048289, -0.058649, -0.020885, 0.036132, -0.980526, -0.193037, 0.218579, -0.066789, 0.190237, -0.978863, 0.043687, 0.0, 0.0, 0.0, 1.0],
                [0.99711, 0.048289, -0.058649, -0.020885, 0.036132, -0.980526, -0.193037, 0.218579, -0.066789, 0.190237, -0.978863, 0.043687, 0.0, 0.0, 0.0, 1.0],
                [0.99711, 0.04829, -0.058649, -0.020885, 0.036132, -0.980526, -0.193037, 0.218579, -0.066789, 0.190237, -0.978863, 0.043687, 0.0, 0.0, 0.0, 1.0],
                [0.99711, 0.04829, -0.058649, -0.020885, 0.036132, -0.980526, -0.193037, 0.218579, -0.066789, 0.190237, -0.978863, 0.043687, 0.0, 0.0, 0.0, 1.0]
            ]
        },
        {
            "name": "Elbow_L",
            "time": [0.0, 0.0833, 0.4, 0.5, 1.0833, 1.3167],
            "transform": [
                [-0.999381, -0.034293, -0.00784, -0.000834, -0.003968, 0.331352, -0.943499, 0.308175, 0.034953, -0.942884, -0.331283, -0.000892, 0.0, 0.0, 0.0, 1.0],
                [-0.999381, -0.034293, -0.00784, -0.000834, -0.003968, 0.331352, -0.943499, 0.308175, 0.034953, -0.942884, -0.331283, -0.000892, 0.0, 0.0, 0.0, 1.0],
                [-0.999381, -0.034293, -0.00784, -0.000834, -0.003968, 0.331352, -0.943499, 0.308175, 0.034953, -0.942884, -0.331283, -0.000892, 0.0, 0.0, 0.0, 1.0],
                [-0.999381, -0.034293, -0.00784, -0.000834, -0.003968, 0.331352, -0.943499, 0.308175, 0.034953, -0.942884, -0.331283, -0.000892, 0.0, 0.0, 0.0, 1.0],
                [-0.999381, -0.034293, -0.00784, -0.000834, -0.003968, 0.331352, -0.943499, 0.308175, 0.034953, -0.942884, -0.331283, -0.000892, 0.0, 0.0, 0.0, 1.0],
                [-0.999381, -0.034293, -0.00784, -0.000834, -0.003968, 0.331352, -0.943499, 0.308175, 0.034953, -0.942884, -0.331283, -0.000892, 0.0, 0.0, 0.0, 1.0]
            ]
        }
    ]
}