{
    "animation": [
        {
            "name": "Root",
            "time": [0.0, 0.55, 0.6, 0.9667, 1.2333],
            "transform": [
                [0.999993, 0.0, 0.00369, -5e-06, 0.003615, 0.200435, -0.9797, 0.051056, -0.00074, 0.979707, 0.200434, 0.777146, 0.0, 0.0, 0.0, 1.0],
                [0.784761, -0.186507, -0.591071, -0.057519, -0.555686, 0.210676, -0.804257, 0.842212, 0.274524, 0.959599, 0.061691, 0.660493, 0.0, 0.0, 0.0, 1.0],
                [0.784761, -0.186507, -0.591071, -0.057519, -0.555686, 0.210676, -0.804257, 0.842212, 0.274524, 0.959599, 0.061691, 0.660493, 0.0, 0.0, 0.0, 1.0],
                [0.825259, 0.031494, 0.563876, -0.057519, 0.563641, -0.108605, -0.818849, 3.283058, 0.035451, 0.993586, -0.107379, 0.660493, 0.0, 0.0, 0.0, 1.0],
                [0.825259, 0.031494, 0.563876, -0.057519, 0.563641, -0.108605, -0.818849, 3.338736, 0.035451, 0.993586, -0.107379, 0.660493, 0.0, 0.0, 0.0, 1.0]
            ]
        },
        {
            "name": "Thigh_R",
            "time": [0.0, 0.2, 0.55, 0.6, 0.8, 0.9667, 1.2333],
            "transform": [
                [0.998775, 0.047939, 0.01225, 0.124994, 0.031117, -0.801048, 0.597788, -0.002831, 0.03847, -0.596673, -0.801561, -1.2e-05, 0.0, 0.0, 0.0, 1.0],
                [0.940955, 0.008573, 0.338423, 0.124994, 0.171143, -0.87457, -0.45369, -0.002831, 0.292085, 0.48482, -0.8244, -1.2e-05, 0.0, 0.0, 0.0, 1.0],
                [0.940955, 0.008574, 0.338423, 0.124994, 0.171143, -0.87457, -0.45369, -0.002831, 0.292085, 0.48482, -0.8244, -1.2e-05, 0.0, 0.0, 0.0, 1.0],
                [0.940955, 0.008574, 0.338423, 0.124994, 0.171143, -0.87457, -0.45369, -0.002831, 0.292085, 0.48482, -0.8244, -1.2e-05, 0.0, 0.0, 0.0, 1.0],
                [0.889198, 0.333563, 0.313147, 0.124994, -0.049497, -0.610289, 0.79063, -0.002831, 0.454836, -0.718525, -0.526159, -1.2e-05, 0.0, 0.0, 0.0, 1.0],
                [0.827568, 0.385875, 0.407715, 0.124994, 0.055669, -0.779121, 0.624395, -0.002831, 0.558598, -0.494031, -0.666259, -1.2e-05, 0.0, 0.0, 0.0, 1.0],
                [0.827568, 0.385875, 0.407715, 0.124994, 0.055669, -0.779121, 0.624395, -0.002831, 0.558598, -0.494031, -0.666259, -1.2e-05, 0.0, 0.0, 0.0, 1.0]
            ]
        },
        {
            "name": "Leg_R",
            "time": [0.0, 0.2, 0.55, 0.6, 0.8, 0.9667, 1.2333],
            "transform": [
                [1.0, -1e-06, 2e-06, 0.0, -2e-06, 0.034215, 0.999414, 0.37472, -1e-06, -0.999415, 0.034215, -0.0, 0.0, 0.0, 0.0, 1.0],
                [1.0, 2e-06, 1e-06, 0.0, -2e-06, 0.998922, 0.046443, 0.37472, -1e-06, -0.046443, 0.99892, 0.0, 0.0, 0.0, 0.0, 1.0],
                [1.0, 2e-06, 1e-06, 0.0, -2e-06, 0.998922, 0.046443, 0.37472, -1e-06, -0.046443, 0.99892, -0.0, 0.0, 0.0, 0.0, 1.0],
                [1.0, 2e-06, 1e-06, 0.0, -2e-06, 0.998922, 0.046443, 0.37472, -1e-06, -0.046443, 0.99892, -0.0, 0.0, 0.0, 0.0, 1.0],
                [1.0, -1e-06, 2e-06, 0.0, -2e-06, 0.172561, 0.984998, 0.37472, -1e-06, -0.985, 0.172561, 0.0, 0.0, 0.0, 0.0, 1.0],
                [1.0, 1e-06, 2e-06, 0.0, -2e-06, 0.931075, 0.36483, 0.37472, -1e-06, -0.364831, 0.931073, 0.0, 0.0, 0.0, 0.0, 1.0],
                [1.0, 1e-06, 2e-06, 0.0, -2e-06, 0.931075, 0.36483, 0.37472, -1e-06, -0.364831, 0.931073, -0.0, 0.0, 0.0, 0.0, 1.0]
            ]
        },
        {
            "name": "Knee_R",
            "time": [0.0, 0.55, 0.6, 0.8, 0.9667, 1.2333],
            "transform": [
                [1.0, 0.0, -0.0, 0.0, -0.0, 1e-06, -1.0, 0.37472, -0.0, 1.0, 1e-06, -0.0, 0.0, 0.0, 0.0, 1.0],
                [1.0, 0.0, -0.0, 0.0, -0.0, 1e-06, -1.0, 0.37472, -0.0, 1.0, 1e-06, -0.0, 0.0, 0.0, 0.0, 1.0],
                [1.0, 0.0, -0.0, 0.0, -0.0, 1e-06, -1.0, 0.37472, -0.0, 1.0, 1e-06, -0.0, 0.0, 0.0, 0.0, 1.0],
                [1.0, 0.0, -0.0, 0.0, -0.0, 0.278555, -0.96042, 0.37472, -0.0, 0.96042, 0.278555, 0.0, 0.0, 0.0, 0.0, 1.0],
                [1.0, 0.0, -0.0, 0.0, -0.0, 0.278555, -0.96042, 0.37472, -0.0, 0.96042, 0.278555, 0.0, 0.0, 0.0, 0.0, 1.0],
                [1.0, 0.0, -0.0, 0.0, -0.0, 0.278555, -0.96042, 0.37472, -0.0, 0.96042, 0.278555, -0.0, 0.0, 0.0, 0.0, 1.0]
            ]
        },
        {
            "name": "Thigh_L",
            "time": [0.0, 0.2, 0.55, 0.6, 0.8, 0.9667, 1.2333],
            "transform": [
                [0.996627, -0.082057, 1.6e-05, -0.125006, -0.080565, -0.978556, -0.189574, -0.002831, 0.015571, 0.188934, -0.981866, -1.2e-05, 0.0, 0.0, 0.0, 1.0],
                [0.981, -0.179342, -0.073985, -0.125006, -0.053254, -0.615646, 0.78622, -0.002831, -0.186551, -0.767343, -0.613501, -1.2e-05, 0.0, 0.0, 0.0, 1.0],
                [0.981, -0.179342, -0.073985, -0.125006, -0.053254, -0.615646, 0.78622, -0.002831, -0.186551, -0.767343, -0.613501, -1.2e-05, 0.0, 0.0, 0.0, 1.0],
                [0.981, -0.179342, -0.073985, -0.125006, -0.053254, -0.615646, 0.78622, -0.002831, -0.186551, -0.767343, -0.613501, -1.2e-05, 0.0, 0.0, 0.0, 1.0],
                [0.903778, -0.404595, 0.139593, -0.125006, -0.267978, -0.789239, -0.552529, -0.002831, 0.333723, 0.461957, -0.82172, -1.2e-05, 0.0, 0.0, 0.0, 1.0],
                [0.864161, -0.297977, 0.405504, -0.125006, 0.020753, -0.784041, -0.620362, -0.002831, 0.502785, 0.544509, -0.671354, -1.2e-05, 0.0, 0.0, 0.0, 1.0],
                [0.864161, -0.297977, 0.405504, -0.125006, 0.020753, -0.784041, -0.620362, -0.002831, 0.502785, 0.544509, -0.671354, -1.2e-05, 0.0, 0.0, 0.0, 1.0]
            ]
        },
        {
            "name": "Leg_L",
            "time": [0.0, 0.2, 0.55, 0.6, 0.8, 0.9667, 1.2333],
            "transform": [
                [1.0, -0.0, 1e-06, -0.0, 0.0, 0.999948, 0.010137, 0.37472, -1e-06, -0.010137, 0.999949, -0.0, 0.0, 0.0, 0.0, 1.0],
                [1.0, -1e-06, 1e-06, -0.0, -0.0, 0.598925, 0.800805, 0.37472, -1e-06, -0.800805, 0.598926, -0.0, 0.0, 0.0, 0.0, 1.0],
                [1.0, -1e-06, 1e-06, -0.0, -0.0, 0.598925, 0.800805, 0.37472, -1e-06, -0.800805, 0.598926, 0.0, 0.0, 0.0, 0.0, 1.0],
                [1.0, -1e-06, 1e-06, -0.0, -0.0, 0.598925, 0.800805, 0.37472, -1e-06, -0.800805, 0.598926, 0.0, 0.0, 0.0, 0.0, 1.0],
                [0.99986, 0.013954, 0.009197, 0.0, -0.016157, 0.947787, 0.318495, 0.37472, -0.004272, -0.318598, 0.947881, -0.0, 0.0, 0.0, 0.0, 1.0],
                [0.994404, 0.071214, 0.078037, 0.0, -0.09175, 0.94833, 0.303729, 0.37472, -0.052375, -0.309189, 0.949557, -0.0, 0.0, 0.0, 0.0, 1.0],
                [0.994404, 0.071214, 0.078037, 0.0, -0.09175, 0.94833, 0.303729, 0.37472, -0.052375, -0.309189, 0.949557, -0.0, 0.0, 0.0, 0.0, 1.0]
            ]
        },
        {
            "name": "Knee_L",
            "time": [0.0, 0.55, 0.6, 0.9667, 1.2333],
            "transform": [
                [1.0, 0.0, -0.0, -0.0, -0.0, 1e-06, -1.0, 0.37472, -0.0, 1.0, 1e-06, -0.0, 0.0, 0.0, 0.0, 1.0],
                [1.0, 0.0, -0.0, -0.0, -0.0, 1e-06, -1.0, 0.37472, -0.0, 1.0, 1e-06, 0.0, 0.0, 0.0, 0.0, 1.0],
                [1.0, 0.0, -0.0, -0.0, -0.0, 1e-06, -1.0, 0.37472, -0.0, 1.0, 1e-06, 0.0, 0.0, 0.0, 0.0, 1.0],
                [1.0, 0.0, -0.0, 0.0, -0.0, 1e-06, -1.0, 0.37472, -0.0, 1.0, 1e-06, -0.0, 0.0, 0.0, 0.0, 1.0],
                [1.0, 0.0, -0.0, 0.0, -0.0, 1e-06, -1.0, 0.37472, -0.0, 1.0, 1e-06, -0.0, 0.0, 0.0, 0.0, 1.0]
            ]
        },
        {
            "name": "Torso",
            "time": [0.0, 0.55, 0.6, 0.9667, 1.2333],
            "transform": [
                [0.996095, -0.062087, 0.062765, 0.0, 0.023954, 0.874335, 0.484731, 0.05, -0.084973, -0.481335, 0.872408, -0.0, 0.0, 0.0, 0.0, 1.0],
                [0.9968, 0.049502, 0.062765, -0.0, -0.073804, 0.871544, 0.484731, 0.05, -0.030708, -0.487812, 0.872409, -0.0, 0.0, 0.0, 0.0, 1.0],
                [0.9968, 0.049502, 0.062765, -0.0, -0.073804, 0.871544, 0.484731, 0.05, -0.030708, -0.487812, 0.872409, -0.0, 0.0, 0.0, 0.0, 1.0],
                [0.9968, 0.049502, 0.062765, 0.0, -0.073804, 0.871544, 0.484731, 0.05, -0.030708, -0.487812, 0.872409, 0.0, 0.0, 0.0, 0.0, 1.0],
                [0.9968, 0.049502, 0.062765, 0.0, -0.073804, 0.871544, 0.484731, 0.05, -0.030708, -0.487812, 0.872409, 0.0, 0.0, 0.0, 0.0, 1.0]
            ]
        },
        {
            "name": "Chest",
            "time": [0.0, 0.3, 0.4167, 0.55, 0.6, 0.7167, 0.9667, 1.2333],
            "transform": [
                [0.997431, -0.024568, 0.067291, 0.0, 0.022738, 0.999354, 0.027825, 0.3, -0.067931, -0.026224, 0.997346, -0.0, 0.0, 0.0, 0.0, 1.0],
                [0.990466, 0.050438, -0.128195, -0.0, -0.044795, 0.997912, 0.04653, 0.3, 0.130274, -0.040344, 0.990657, -0.0, 0.0, 0.0, 0.0, 1.0],
                [0.906361, 0.205112, -0.369377, -0.0, 0.002887, 0.871228, 0.49087, 0.3, 0.422494, -0.445971, 0.789055, 0.0, 0.0, 0.0, 0.0, 1.0],
                [0.923993, 0.142344, -0.35493, 0.0, -0.119308, 0.989118, 0.086089, 0.3, 0.363322, -0.037199, 0.930921, 0.0, 0.0, 0.0, 0.0, 1.0],
                [0.923993, 0.142344, -0.35493, 0.0, -0.119308, 0.989118, 0.086089, 0.3, 0.363322, -0.037199, 0.930921, 0.0, 0.0, 0.0, 0.0, 1.0],
                [0.756552, -0.010073, 0.653856, 0.0, 0.000129, 0.999884, 0.015255, 0.3, -0.653933, -0.011457, 0.756466, -0.0, 0.0, 0.0, 0.0, 1.0],
                [0.941519, -0.211033, 0.262693, -0.0, 0.180273, 0.974109, 0.136428, 0.3, -0.284682, -0.081093, 0.955186, 0.0, 0.0, 0.0, 0.0, 1.0],
                [0.941519, -0.211033, 0.262693, -0.0, 0.180273, 0.974109, 0.136428, 0.3, -0.284682, -0.081093, 0.955186, -0.0, 0.0, 0.0, 0.0, 1.0]
            ]
        },
        {
            "name": "Head",
            "time": [0.0, 0.55, 0.6, 0.7167, 0.8, 0.9667, 1.2333],
            "transform": [
                [0.997046, 0.001291, -0.076793, -0.0, -0.036749, 0.885994, -0.462237, 0.4, 0.067442, 0.463694, 0.883425, 0.0, 0.0, 0.0, 0.0, 1.0],
                [0.859517, 0.001291, 0.511105, 0.0, 0.236013, 0.885994, -0.399138, 0.4, -0.453351, 0.463694, 0.761223, 0.0, 0.0, 0.0, 0.0, 1.0],
                [0.859517, 0.001291, 0.511105, 0.0, 0.236013, 0.885994, -0.399138, 0.4, -0.453351, 0.463694, 0.761223, 0.0, 0.0, 0.0, 0.0, 1.0],
                [0.729552, 0.001291, -0.683924, -0.0, -0.317966, 0.885994, -0.337507, 0.4, 0.605517, 0.463694, 0.64679, 0.0, 0.0, 0.0, 0.0, 1.0],
                [0.851039, 0.001291, -0.525101, 0.0, -0.24446, 0.885995, -0.394022, 0.4, 0.464728, 0.463694, 0.754332, 0.0, 0.0, 0.0, 0.0, 1.0],
                [0.482122, 0.001291, -0.876103, 0.0, -0.406796, 0.885994, -0.222555, 0.4, 0.775935, 0.463694, 0.427683, -0.0, 0.0, 0.0, 0.0, 1.0],
                [0.482122, 0.001291, -0.876103, 0.0, -0.406796, 0.885994, -0.222555, 0.4, 0.775935, 0.463694, 0.427683, -0.0, 0.0, 0.0, 0.0, 1.0]
            ]
        },
        {
            "name": "Shoulder_R",
            "time": [0.0, 0.25, 0.3, 0.55, 0.6, 0.9667, 1.2333],
            "transform": [
                [-0.059544, 0.923942, 0.37787, -0.0, -0.044266, -0.380613, 0.923674, 0.4, 0.997244, 0.038273, 0.063562, 0.0, 0.0, 0.0, 0.0, 1.0],
                [-0.160902, 0.898453, 0.408524, 0.0, 0.011088, -0.412246, 0.911005, 0.4, 0.986908, 0.151113, 0.056369, 0.0, 0.0, 0.0, 0.0, 1.0],
                [-0.160902, 0.898453, 0.408524, 0.0, 0.011088, -0.412246, 0.911005, 0.4, 0.986908, 0.151113, 0.056369, 0.0, 0.0, 0.0, 0.0, 1.0],
                [-0.059544, 0.923942, 0.37787, 0.0, -0.044266, -0.380613, 0.923674, 0.4, 0.997244, 0.038273, 0.063562, 0.0, 0.0, 0.0, 0.0, 1.0],
                [-0.059544, 0.923942, 0.37787, 0.0, -0.044266, -0.380613, 0.923674, 0.4, 0.997244, 0.038273, 0.063562, 0.0, 0.0, 0.0, 0.0, 1.0],
                [-0.059544, 0.923942, 0.37787, 0.0, -0.044266, -0.380613, 0.923674, 0.4, 0.997244, 0.038273, 0.063562, -0.0, 0.0, 0.0, 0.0, 1.0],
                [-0.059544, 0.923942, 0.37787, 0.0, -0.044266, -0.380613, 0.923674, 0.4, 0.997244, 0.038273, 0.063562, -0.0, 0.0, 0.0, 0.0, 1.0]
            ]
        },
        {
            "name": "Arm_R",
            "time": [0.0, 0.25, 0.3, 0.3333, 0.55, 0.6, 0.7, 0.8, 0.9667, 1.2333],
            "transform": [
                [0.047157, -0.524774, -0.849935, 0.0, 0.871616, 0.437238, -0.221604, 0.39386, 0.487916, -0.730366, 0.47802, -0.0, 0.0, 0.0, 0.0, 1.0],
                [0.073423, -0.97251, 0.220984, 0.0, -0.612732, -0.218817, -0.759394, 0.393861, 0.786873, -0.079646, -0.611954, -0.0, 0.0, 0.0, 0.0, 1.0],
                [0.073423, -0.97251, 0.220984, -0.0, -0.612732, -0.218817, -0.759394, 0.39386, 0.786873, -0.079646, -0.611954, -0.0, 0.0, 0.0, 0.0, 1.0],
                [0.05597, -0.854084, -0.517115, 0.0, -0.589626, 0.389692, -0.707446, 0.393861, 0.805734, 0.344501, -0.481779, 0.0, 0.0, 0.0, 0.0, 1.0],
                [0.371327, -0.012959, -0.928412, 0.0, 0.182177, 0.981484, 0.059164, 0.39386, 0.910455, -0.191104, 0.366812, 0.0, 0.0, 0.0, 0.0, 1.0],
                [0.371327, -0.012959, -0.928412, 0.0, 0.182177, 0.981484, 0.059164, 0.39386, 0.910455, -0.191104, 0.366812, 0.0, 0.0, 0.0, 0.0, 1.0],
                [0.414949, -0.56674, -0.711774, -0.0, -0.450489, 0.551705, -0.701912, 0.39386, 0.790492, 0.611904, -0.026381, 0.0, 0.0, 0.0, 0.0, 1.0],
                [0.535693, -0.439369, -0.721102, -0.0, -0.508684, 0.513712, -0.690898, 0.39386, 0.673998, 0.736922, 0.051692, -0.0, 0.0, 0.0, 0.0, 1.0],
                [0.423355, -0.572058, -0.70251, 0.0, -0.322988, 0.629172, -0.706981, 0.39386, 0.846433, 0.526206, 0.081596, -0.0, 0.0, 0.0, 0.0, 1.0],
                [0.423355, -0.572058, -0.70251, 0.0, -0.322988, 0.629172, -0.706981, 0.393861, 0.846433, 0.526206, 0.081596, 0.0, 0.0, 0.0, 0.0, 1.0]
            ]
        },
        {
            "name": "Hand_R",
            "time": [0.0, 0.55, 0.6, 0.6333, 0.7, 0.8, 0.9667, 1.2333],
            "transform": [
                [0.999599, -0.02151, -0.018414, -0.0, 0.023395, 0.993747, 0.109175, 0.3, 0.015951, -0.109562, 0.993852, 0.0, 0.0, 0.0, 0.0, 1.0],
                [0.999599, -0.027784, -0.005462, -0.0, 0.023395, 0.919046, -0.393456, 0.3, 0.015951, 0.39317, 0.919327, 0.0, 0.0, 0.0, 0.0, 1.0],
                [0.999599, -0.027784, -0.005462, -0.0, 0.023395, 0.919046, -0.393456, 0.3, 0.015951, 0.39317, 0.919327, 0.0, 0.0, 0.0, 0.0, 1.0],
                [0.999599, -0.025109, 0.01311, -0.0, 0.023402, 0.471295, -0.881665, 0.3, 0.015959, 0.881618, 0.471693, 0.0, 0.0, 0.0, 0.0, 1.0],
                [0.999598, -0.027525, -0.006861, 0.0, 0.023427, 0.937399, -0.347469, 0.3, 0.015995, 0.347168, 0.937666, 0.0, 0.0, 0.0, 0.0, 1.0],
                [0.999599, -0.020864, -0.019143, 0.0, 0.023395, 0.989406, 0.143279, 0.300001, 0.015951, -0.14367, 0.989497, -0.0, 0.0, 0.0, 0.0, 1.0],
                [0.999599, -0.022544, -0.017132, 0.0, 0.023395, 0.998415, 0.051192, 0.300001, 0.015951, -0.051572, 0.998542, 0.0, 0.0, 0.0, 0.0, 1.0],
                [0.999599, -0.022544, -0.017132, 0.0, 0.023395, 0.998415, 0.051192, 0.3, 0.015951, -0.051572, 0.998542, 0.0, 0.0, 0.0, 0.0, 1.0]
            ]
        },
        {
            "name": "Tool_R",
            "time": [0.0, 0.25, 0.3, 0.3333, 0.55, 0.6, 0.6333, 0.7, 0.8, 0.9667, 1.2333],
            "transform": [
                [0.997429, 0.007601, -0.071259, -0.00809, 0.011127, -0.998726, 0.049225, 0.281539, -0.070752, -0.049873, -0.995652, 0.098466, 0.0, 0.0, 0.0, 1.0],
                [0.918663, 0.394939, 0.009093, 0.011275, 0.392615, -0.910224, -0.131702, 0.254311, -0.043708, 0.124477, -0.990662, 0.164457, 0.0, 0.0, 0.0, 1.0],
                [0.925603, 0.376897, 0.034769, 0.007744, 0.376343, -0.906655, -0.190639, 0.261178, -0.0403, 0.189419, -0.980465, 0.147511, 0.0, 0.0, 0.0, 1.0],
                [0.951463, 0.306446, 0.028457, 0.005301, 0.273311, -0.883838, 0.379648, 0.264952, 0.141412, -0.353243, -0.924142, 0.13831, 0.0, 0.0, 0.0, 1.0],
                [0.997429, 0.007601, -0.071259, -0.00809, 0.011127, -0.998726, 0.049225, 0.281539, -0.070752, -0.049873, -0.995652, 0.098466, 0.0, 0.0, 0.0, 1.0],
                [0.997429, 0.007601, -0.071259, -0.00809, 0.011127, -0.998726, 0.049225, 0.281539, -0.070752, -0.049873, -0.995652, 0.098466, 0.0, 0.0, 0.0, 1.0],
                [0.997429, 0.028314, -0.065831, -0.008304, 0.011113, -0.968638, -0.248231, 0.282192, -0.070752, 0.246705, -0.965892, 0.095546, 0.0, 0.0, 0.0, 1.0],
                [0.979304, 0.068809, -0.190342, -0.00968, -0.197842, 0.127033, -0.971968, 0.286009, -0.042677, 0.988925, 0.137924, 0.076739, 0.0, 0.0, 0.0, 1.0],
                [0.997431, 0.070004, 0.015174, -0.0118, 0.011039, 0.059086, -0.998192, 0.290131, -0.070732, 0.995207, 0.058116, 0.047553, 0.0, 0.0, 0.0, 1.0],
                [0.997433, 0.070483, 0.012659, -0.012653, 0.011046, 0.023235, -0.999669, 0.286149, -0.070711, 0.996653, 0.022372, 0.034899, 0.0, 0.0, 0.0, 1.0],
                [0.997433, 0.070483, 0.012659, -0.012653, 0.011046, 0.023235, -0.999669, 0.286149, -0.070711, 0.996653, 0.022372, 0.034899, 0.0, 0.0, 0.0, 1.0]
            ]
        },
        {
            "name": "Elbow_R",
            "time": [0.0, 0.55, 0.6, 0.9667, 1.2333],
            "transform": [
                [-1.0, 0.0, -0.0, -0.0, 0.0, 0.0, -1.0, 0.3, -0.0, -1.0, 0.0, 0.0, 0.0, 0.0, 0.0, 1.0],
                [-1.0, 0.0, -0.0, -0.0, 0.0, -0.0, -1.0, 0.3, -0.0, -1.0, 0.0, 0.0, 0.0, 0.0, 0.0, 1.0],
                [-1.0, 0.0, -0.0, -0.0, 0.0, -0.0, -1.0, 0.3, -0.0, -1.0, 0.0, 0.0, 0.0, 0.0, 0.0, 1.0],
                [-1.0, 0.0, -0.0, 0.0, 0.0, -0.0, -1.0, 0.300001, -0.0, -1.0, 0.0, 0.0, 0.0, 0.0, 0.0, 1.0],
                [-1.0, 0.0, -0.0, 0.0, 0.0, -0.0, -1.0, 0.3, -0.0, -1.0, 0.0, 0.0, 0.0, 0.0, 0.0, 1.0]
            ]
        },
        {
            "name": "Shoulder_L",
            "time": [0.0, 0.55, 0.6, 0.9667, 1.2333],
            "transform": [
                [-0.007939, -0.952498, -0.304441, -0.0, -0.088921, -0.302572, 0.94897, 0.4, -0.996007, 0.034605, -0.082295, 0.0, 0.0, 0.0, 0.0, 1.0],
                [-0.007939, -0.952498, -0.304441, 0.0, -0.088921, -0.302572, 0.948969, 0.4, -0.996007, 0.034605, -0.082295, 0.0, 0.0, 0.0, 0.0, 1.0],
                [-0.007939, -0.952498, -0.304441, 0.0, -0.088921, -0.302572, 0.948969, 0.4, -0.996007, 0.034605, -0.082295, 0.0, 0.0, 0.0, 0.0, 1.0],
                [-0.007939, -0.952498, -0.304441, 0.0, -0.088921, -0.302572, 0.94897, 0.4, -0.996007, 0.034605, -0.082295, -0.0, 0.0, 0.0, 0.0, 1.0],
                [-0.007939, -0.952498, -0.304441, 0.0, -0.088921, -0.302572, 0.94897, 0.4, -0.996007, 0.034605, -0.082295, -0.0, 0.0, 0.0, 0.0, 1.0]
            ]
        },
        {
            "name": "Arm_L",
            "time": [0.0, 0.25, 0.3, 0.55, 0.6, 0.9667, 1.2333],
            "transform": [
                [0.2326, 0.015173, 0.972454, -0.0, -0.875693, 0.438302, 0.202617, 0.39386, -0.423154, -0.8987, 0.115236, 0.0, 0.0, 0.0, 0.0, 1.0],
                [-0.293351, 0.699609, 0.65153, 0.0, -0.054424, 0.668187, -0.742, 0.39386, -0.954454, -0.253126, -0.157938, 0.0, 0.0, 0.0, 0.0, 1.0],
                [-0.293351, 0.699609, 0.65153, -0.0, -0.054424, 0.668187, -0.742, 0.39386, -0.954454, -0.253126, -0.157938, -0.0, 0.0, 0.0, 0.0, 1.0],
                [0.180481, -0.147512, 0.972454, -0.0, -0.341642, 0.917729, 0.202617, 0.39386, -0.922338, -0.3688, 0.115236, 0.0, 0.0, 0.0, 0.0, 1.0],
                [0.180481, -0.147512, 0.972454, -0.0, -0.341642, 0.917729, 0.202617, 0.39386, -0.922338, -0.3688, 0.115236, 0.0, 0.0, 0.0, 0.0, 1.0],
                [0.180481, -0.147512, 0.972454, 0.0, -0.341642, 0.917729, 0.202617, 0.39386, -0.922338, -0.3688, 0.115236, -0.0, 0.0, 0.0, 0.0, 1.0],
                [0.180481, -0.147512, 0.972454, 0.0, -0.341642, 0.917729, 0.202617, 0.39386, -0.922338, -0.3688, 0.115236, -0.0, 0.0, 0.0, 0.0, 1.0]
            ]
        },
        {
            "name": "Hand_L",
            "time": [0.0, 0.25, 0.3, 0.55, 0.6, 0.9667, 1.2333],
            "transform": [
                [0.99991, 0.012501, 0.004949, 0.0, -0.012582, 0.999782, 0.01669, 0.3, -0.004739, -0.016751, 0.999849, 0.0, 0.0, 0.0, 0.0, 1.0],
                [0.99991, 0.012828, -0.004026, 0.0, -0.012582, 0.787261, -0.616492, 0.3, -0.004739, 0.616487, 0.787351, -0.0, 0.0, 0.0, 0.0, 1.0],
                [0.99991, 0.012828, -0.004026, -0.0, -0.012582, 0.787261, -0.616492, 0.3, -0.004739, 0.616487, 0.787351, -0.0, 0.0, 0.0, 0.0, 1.0],
                [0.99991, 0.011561, -0.006863, 0.0, -0.012582, 0.624709, -0.780756, 0.3, -0.004739, 0.780772, 0.624799, -0.0, 0.0, 0.0, 0.0, 1.0],
                [0.99991, 0.011561, -0.006863, 0.0, -0.012582, 0.624709, -0.780756, 0.3, -0.004739, 0.780772, 0.624799, -0.0, 0.0, 0.0, 0.0, 1.0],
                [0.99991, 0.011561, -0.006863, -0.0, -0.012582, 0.624709, -0.780756, 0.3, -0.004739, 0.780772, 0.624798, -0.0, 0.0, 0.0, 0.0, 1.0],
                [0.99991, 0.011561, -0.006863, 0.0, -0.012582, 0.624709, -0.780756, 0.3, -0.004739, 0.780772, 0.624798, -0.0, 0.0, 0.0, 0.0, 1.0]
            ]
        },
        {
            "name": "Tool_L",
            "time": [0.0, 0.25, 0.3, 0.55, 0.6, 0.9667, 1.2333],
            "transform": [
                [0.99711, 0.043861, -0.062033, -0.012677, 0.036135, -0.992043, -0.1206, 0.208813, -0.066789, 0.11793, -0.990179, 0.160811, 0.0, 0.0, 0.0, 1.0],
                [0.993574, 0.043392, -0.10454, 0.017263, 0.031317, -0.992929, -0.114504, 0.247986, -0.108705, 0.110419, -0.987327, 0.204176, 0.0, 0.0, 0.0, 1.0],
                [0.993573, 0.043392, -0.10454, 0.017263, 0.031317, -0.992929, -0.114504, 0.247986, -0.108705, 0.110419, -0.987327, 0.204176, 0.0, 0.0, 0.0, 1.0],
                [0.99711, 0.043861, -0.062033, -0.012677, 0.036135, -0.992043, -0.1206, 0.208813, -0.066789, 0.11793, -0.99018, 0.160811, 0.0, 0.0, 0.0, 1.0],
                [0.99711, 0.043861, -0.062033, -0.012677, 0.036135, -0.992043, -0.1206, 0.208813, -0.066789, 0.11793, -0.99018, 0.160811, 0.0, 0.0, 0.0, 1.0],
                [0.99711, 0.043861, -0.062033, -0.012677, 0.036135, -0.992043, -0.1206, 0.208813, -0.066789, 0.11793, -0.99018, 0.160811, 0.0, 0.0, 0.0, 1.0],
                [0.99711, 0.043861, -0.062033, -0.012677, 0.036135, -0.992043, -0.1206, 0.208813, -0.066789, 0.11793, -0.99018, 0.160811, 0.0, 0.0, 0.0, 1.0]
            ]
        },
        {
            "name": "Elbow_L",
            "time": [0.0, 0.55, 0.6, 0.9667, 1.2333],
            "transform": [
                [-0.998967, -0.043093, -0.01444, -4.9e-05, 0.028309, -0.34145, -0.939473, 0.367197, 0.035554, -0.938911, 0.342317, -0.015902, 0.0, 0.0, 0.0, 1.0],
                [-0.998967, -0.043093, -0.01444, -4.9e-05, 0.028309, -0.34145, -0.939473, 0.367197, 0.035554, -0.938912, 0.342317, -0.015902, 0.0, 0.0, 0.0, 1.0],
                [-0.998967, -0.043093, -0.01444, -4.9e-05, 0.028309, -0.34145, -0.939473, 0.367197, 0.035554, -0.938912, 0.342317, -0.015902, 0.0, 0.0, 0.0, 1.0],
                [-0.998967, -0.043093, -0.01444, -4.9e-05, 0.028309, -0.34145, -0.939473, 0.367197, 0.035554, -0.938911, 0.342317, -0.015902, 0.0, 0.0, 0.0, 1.0],
                [-0.998967, -0.043093, -0.01444, -4.9e-05, 0.028309, -0.34145, -0.939473, 0.367197, 0.035554, -0.938911, 0.342317, -0.015902, 0.0, 0.0, 0.0, 1.0]
            ]
        }
    ]
}