{
    
    "animation": [
        {
            "name": "Root",
            "time": [0.0, 0.2667, 0.3333, 0.4833, 1.0167, 1.25, 1.3833, 2.0],
            "transform": [
                [0.854689, 0.0, -0.51914, -5e-06, -0.51914, 0.0, -0.854689, 0.000946, 0.0, 1.0, 0.0, 0.777146, 0.0, 0.0, 0.0, 1.0],
                [0.971854, 0.0, 0.235584, 0.013928, 0.235584, 0.0, -0.971854, -0.599758, 0.0, 1.0, 0.0, 0.777146, 0.0, 0.0, 0.0, 1.0],
                [0.971854, 0.0, 0.235584, -0.00295, 0.235584, 0.0, -0.971854, -0.832432, 0.0, 1.0, 0.0, 0.702767, 0.0, 0.0, 0.0, 1.0],
                [0.971854, 0.0, 0.235584, -0.00295, 0.235584, 0.0, -0.971854, -0.832432, 0.0, 1.0, 0.0, 0.702767, 0.0, 0.0, 0.0, 1.0],
                [0.971854, 0.0, 0.235584, -0.00295, 0.235584, 0.0, -0.971854, -0.832432, 0.0, 1.0, 0.0, 0.702767, 0.0, 0.0, 0.0, 1.0],
                [0.992686, 0.009958, -0.120316, -0.003585, -0.120727, 0.08188, -0.989303, 1.171477, -0.0, 0.996592, 0.082483, 0.715241, 0.0, 0.0, 0.0, 1.0],
                [0.992686, 0.009958, -0.120316, -0.011343, -0.120727, 0.08188, -0.989303, 1.29522, -0.0, 0.996592, 0.082483, 0.707799, 0.0, 0.0, 0.0, 1.0],
                [0.992686, 0.009958, -0.120316, -0.011343, -0.120727, 0.08188, -0.989303, 1.29522, -0.0, 0.996592, 0.082483, 0.707799, 0.0, 0.0, 0.0, 1.0]
            ]
        },
        {
            "name": "Thigh_R",
            "time": [0.0, 0.2667, 0.4833, 1.0167, 1.1833, 1.2667, 1.3667, 1.5, 2.0],
            "transform": [
                [0.996122, 0.056386, -0.067528, 0.124994, 0.068868, -0.977426, 0.199728, -0.002831, -0.054742, -0.203604, -0.977522, -1.2e-05, 0.0, 0.0, 0.0, 1.0],
                [0.996122, 0.031826, -0.082015, 0.124994, 0.068868, -0.862199, 0.501863, -0.002831, -0.054742, -0.505564, -0.86105, -1.2e-05, 0.0, 0.0, 0.0, 1.0],
                [0.992251, 0.039884, 0.117672, 0.124994, -0.033526, -0.826, 0.56267, -0.002831, 0.119639, -0.562254, -0.818264, -1.2e-05, 0.0, 0.0, 0.0, 1.0],
                [0.992251, 0.039884, 0.117672, 0.124994, -0.033526, -0.826, 0.56267, -0.002831, 0.119639, -0.562254, -0.818264, -1.2e-05, 0.0, 0.0, 0.0, 1.0],
                [0.990351, -0.100833, 0.095064, 0.124994, -0.018219, -0.774765, -0.631986, -0.002831, 0.137377, 0.624155, -0.769128, -1.2e-05, 0.0, 0.0, 0.0, 1.0],
                [0.987012, 0.00656, 0.160508, 0.124994, 0.038658, -0.979501, -0.197683, -0.002831, 0.155921, 0.20132, -0.967036, -1.2e-05, 0.0, 0.0, 0.0, 1.0],
                [0.987012, 0.095634, 0.129073, 0.124994, 0.038658, -0.92127, 0.386992, -0.002831, 0.155921, -0.376975, -0.913005, -1.2e-05, 0.0, 0.0, 0.0, 1.0],
                [0.987012, 0.105806, 0.120876, 0.124994, 0.038658, -0.88678, 0.460569, -0.002831, 0.155921, -0.449913, -0.879356, -1.2e-05, 0.0, 0.0, 0.0, 1.0],
                [0.987012, 0.105806, 0.120876, 0.124994, 0.038658, -0.88678, 0.460569, -0.002831, 0.155921, -0.449913, -0.879356, -1.2e-05, 0.0, 0.0, 0.0, 1.0]
            ]
        },
        {
            "name": "Leg_R",
            "time": [0.0, 0.4833, 1.0167, 1.2667, 1.3667, 1.5167, 2.0],
            "transform": [
                [1.0, -0.0, 2e-06, -0.0, -0.0, 0.9661, 0.258173, 0.37472, -2e-06, -0.258173, 0.966098, -0.0, 0.0, 0.0, 0.0, 1.0],
                [1.0, -1e-06, 2e-06, 0.0, -0.0, 0.830372, 0.557209, 0.37472, -2e-06, -0.55721, 0.830371, 0.0, 0.0, 0.0, 0.0, 1.0],
                [1.0, -1e-06, 2e-06, 0.0, -0.0, 0.830372, 0.557209, 0.37472, -2e-06, -0.55721, 0.830371, 0.0, 0.0, 0.0, 0.0, 1.0],
                [1.0, -0.0, 2e-06, -0.0, -0.0, 0.966099, 0.258173, 0.37472, -2e-06, -0.258173, 0.966098, 0.0, 0.0, 0.0, 0.0, 1.0],
                [1.0, -1e-06, 1e-06, 0.0, -0.0, 0.606526, 0.795063, 0.37472, -2e-06, -0.795065, 0.606525, -0.0, 0.0, 0.0, 0.0, 1.0],
                [1.0, -0.0, 2e-06, 0.0, -0.0, 0.957716, 0.287716, 0.37472, -2e-06, -0.287716, 0.957715, -0.0, 0.0, 0.0, 0.0, 1.0],
                [1.0, -0.0, 2e-06, 0.0, -0.0, 0.966099, 0.258173, 0.37472, -2e-06, -0.258173, 0.966098, -0.0, 0.0, 0.0, 0.0, 1.0]
            ]
        },
        {
            "name": "Knee_R",
            "time": [0.0, 2.0],
            "transform": [
                [1.0, 0.0, -0.0, -0.0, -0.0, 1e-06, -1.0, 0.37472, -0.0, 1.0, 1e-06, -0.0, 0.0, 0.0, 0.0, 1.0],
                [1.0, 0.0, -0.0, 0.0, -0.0, 1e-06, -1.0, 0.37472, -0.0, 1.0, 1e-06, -0.0, 0.0, 0.0, 0.0, 1.0]
            ]
        },
        {
            "name": "Thigh_L",
            "time": [0.0, 0.3333, 1.0167, 1.1833, 1.2833, 1.5, 2.0],
            "transform": [
                [0.862919, -0.170302, -0.475781, -0.109662, -0.086164, -0.977301, 0.193541, -0.002831, -0.497941, -0.126015, -0.858006, 0.02525, 0.0, 0.0, 0.0, 1.0],
                [0.961314, -0.161682, 0.223011, -0.109662, -0.030463, -0.86705, -0.497289, -0.002831, 0.273764, 0.471258, -0.838432, 0.02525, 0.0, 0.0, 0.0, 1.0],
                [0.961314, -0.161682, 0.223011, -0.109662, -0.030463, -0.86705, -0.497289, -0.002831, 0.273764, 0.471258, -0.838432, 0.02525, 0.0, 0.0, 0.0, 1.0],
                [0.989334, -0.143252, -0.026363, -0.109662, -0.049186, -0.498933, 0.865244, -0.002831, -0.137101, -0.854719, -0.500658, 0.02525, 0.0, 0.0, 0.0, 1.0],
                [0.989335, -0.093395, -0.111773, -0.109662, -0.049186, -0.936514, 0.347164, -0.002831, -0.137101, -0.337964, -0.931119, 0.02525, 0.0, 0.0, 0.0, 1.0],
                [0.989335, -0.052951, -0.135692, -0.109662, -0.049186, -0.99831, 0.030945, -0.002831, -0.137101, -0.02394, -0.990267, 0.02525, 0.0, 0.0, 0.0, 1.0],
                [0.989335, -0.052951, -0.135692, -0.109662, -0.049186, -0.99831, 0.030945, -0.002831, -0.137101, -0.02394, -0.990267, 0.02525, 0.0, 0.0, 0.0, 1.0]
            ]
        },
        {
            "name": "Leg_L",
            "time": [0.0, 0.15, 0.3167, 0.4833, 1.05, 1.1, 1.2, 1.2667, 2.0],
            "transform": [
                [0.999985, 0.000377, 0.005472, 0.0, -0.001379, 0.982875, 0.184266, 0.37472, -0.005308, -0.184271, 0.982861, -0.0, 0.0, 0.0, 0.0, 1.0],
                [0.999985, -0.003615, 0.004125, 0.0, -0.001379, 0.562217, 0.826989, 0.37472, -0.005309, -0.826981, 0.562204, 0.0, 0.0, 0.0, 0.0, 1.0],
                [0.999985, 0.000833, 0.005421, -0.0, -0.001379, 0.994838, 0.101469, 0.37472, -0.005308, -0.101474, 0.994824, -0.0, 0.0, 0.0, 0.0, 1.0],
                [0.999985, 0.000122, 0.005483, 0.0, -0.001379, 0.973227, 0.22984, 0.37472, -0.005308, -0.229844, 0.973213, 0.0, 0.0, 0.0, 0.0, 1.0],
                [0.999985, 0.000122, 0.005483, -0.0, -0.001379, 0.973227, 0.22984, 0.37472, -0.005308, -0.229844, 0.973213, 0.0, 0.0, 0.0, 0.0, 1.0],
                [0.999985, -0.005182, 0.001796, 0.0, -0.001379, 0.07937, 0.996845, 0.37472, -0.005309, -0.996831, 0.079361, -0.0, 0.0, 0.0, 0.0, 1.0],
                [0.999985, -0.000361, 0.005468, -0.0, -0.001378, 0.949198, 0.314677, 0.37472, -0.005304, -0.314679, 0.949183, -0.0, 0.0, 0.0, 0.0, 1.0],
                [0.999985, 0.000833, 0.005421, 0.0, -0.001379, 0.994837, 0.101469, 0.37472, -0.005308, -0.101474, 0.994824, -0.0, 0.0, 0.0, 0.0, 1.0],
                [0.999985, 0.000377, 0.005472, -0.0, -0.001379, 0.982875, 0.184266, 0.37472, -0.005308, -0.184271, 0.982861, -0.0, 0.0, 0.0, 0.0, 1.0]
            ]
        },
        {
            "name": "Knee_L",
            "time": [0.0, 2.0],
            "transform": [
                [1.0, 0.0, -0.0, 0.0, -0.0, 1e-06, -1.0, 0.37472, -0.0, 1.0, 1e-06, -0.0, 0.0, 0.0, 0.0, 1.0],
                [1.0, 0.0, -0.0, -0.0, -0.0, 1e-06, -1.0, 0.37472, -0.0, 1.0, 1e-06, -0.0, 0.0, 0.0, 0.0, 1.0]
            ]
        },
        {
            "name": "Torso",
            "time": [0.0, 0.5833, 1.0167, 1.2333, 1.4667, 1.7333, 2.0],
            "transform": [
                [0.965662, -0.025127, 0.258583, -0.0, 0.020968, 0.999603, 0.018828, 0.05, -0.258953, -0.012759, 0.965806, 0.0, 0.0, 0.0, 0.0, 1.0],
                [0.931085, -0.025127, 0.363936, 0.0, 0.018754, 0.999603, 0.021034, 0.05, -0.364321, -0.012759, 0.931186, -0.0, 0.0, 0.0, 0.0, 1.0],
                [0.825813, -0.025127, 0.563384, 0.0, 0.013562, 0.999603, 0.024703, 0.05, -0.563781, -0.012759, 0.825826, -0.0, 0.0, 0.0, 0.0, 1.0],
                [0.995952, -0.025127, -0.086307, 0.0, 0.026133, 0.999603, 0.010547, 0.05, 0.086008, -0.012759, 0.996213, -0.0, 0.0, 0.0, 0.0, 1.0],
                [0.995952, -0.025127, -0.086307, -0.0, 0.026133, 0.999603, 0.010547, 0.05, 0.086008, -0.012759, 0.996213, 0.0, 0.0, 0.0, 0.0, 1.0],
                [0.995429, -0.025127, 0.092146, -0.0, 0.023841, 0.999603, 0.015025, 0.05, -0.092487, -0.012759, 0.995632, 0.0, 0.0, 0.0, 0.0, 1.0],
                [0.965662, -0.025127, 0.258583, -0.0, 0.020968, 0.999603, 0.018828, 0.05, -0.258953, -0.012759, 0.965806, 0.0, 0.0, 0.0, 0.0, 1.0]
            ]
        },
        {
            "name": "Chest",
            "time": [0.0, 0.1833, 0.5667, 1.0167, 1.2333, 1.4667, 1.7333, 2.0],
            "transform": [
                [0.997431, -0.023894, 0.067533, -0.0, 0.022738, 0.999582, 0.017843, 0.3, -0.067931, -0.016261, 0.997558, -0.0, 0.0, 0.0, 0.0, 1.0],
                [0.937976, 0.015493, 0.346355, -0.0, -0.025198, 0.999405, 0.023536, 0.3, -0.345784, -0.030803, 0.937808, 0.0, 0.0, 0.0, 0.0, 1.0],
                [0.759336, 0.015493, 0.650514, 0.0, -0.031803, 0.999405, 0.013321, 0.3, -0.649921, -0.030803, 0.759378, -0.0, 0.0, 0.0, 0.0, 1.0],
                [0.811618, 0.015493, 0.583983, 0.0, -0.030563, 0.999405, 0.015962, 0.3, -0.583388, -0.030803, 0.811609, 0.0, 0.0, 0.0, 0.0, 1.0],
                [0.389393, -0.041249, 0.920148, 0.0, -0.014767, 0.998589, 0.051015, 0.3, -0.920953, -0.033453, 0.388235, -0.0, 0.0, 0.0, 0.0, 1.0],
                [0.389393, -0.041249, 0.920148, -0.0, -0.014767, 0.998589, 0.051015, 0.3, -0.920953, -0.033453, 0.388235, -0.0, 0.0, 0.0, 0.0, 1.0],
                [0.97382, -0.023894, 0.226061, 0.0, 0.019594, 0.999582, 0.021247, 0.3, -0.226474, -0.016261, 0.973882, -0.0, 0.0, 0.0, 0.0, 1.0],
                [0.997431, -0.023894, 0.067533, 0.0, 0.022738, 0.999582, 0.017843, 0.3, -0.067931, -0.016261, 0.997558, -0.0, 0.0, 0.0, 0.0, 1.0]
            ]
        },
        {
            "name": "Head",
            "time": [0.0, 0.5167, 0.7333, 1.0167, 1.25, 1.4667, 2.0],
            "transform": [
                [0.989016, 0.03176, 0.144357, 0.0, -0.026637, 0.99895, -0.037285, 0.4, -0.145389, 0.033031, 0.988823, -0.0, 0.0, 0.0, 0.0, 1.0],
                [0.749592, 0.200847, -0.630693, -0.0, -0.263207, 0.964723, -0.005607, 0.4, 0.607317, 0.170206, 0.776013, -0.0, 0.0, 0.0, 0.0, 1.0],
                [0.41516, 0.200847, -0.887301, 0.0, -0.241196, 0.964723, 0.105518, 0.4, 0.877192, 0.170206, 0.448958, -0.0, 0.0, 0.0, 0.0, 1.0],
                [0.41516, 0.200847, -0.887301, 0.0, -0.241196, 0.964723, 0.105518, 0.4, 0.877192, 0.170206, 0.448958, 0.0, 0.0, 0.0, 0.0, 1.0],
                [0.634989, 0.194883, -0.747535, -0.0, -0.15192, 0.980263, 0.126508, 0.4, 0.757436, 0.033234, 0.652063, 0.0, 0.0, 0.0, 0.0, 1.0],
                [0.634989, 0.194883, -0.747535, 0.0, -0.15192, 0.980263, 0.126508, 0.4, 0.757436, 0.033234, 0.652063, -0.0, 0.0, 0.0, 0.0, 1.0],
                [0.987359, 0.03176, -0.155284, -0.0, -0.036491, 0.99895, -0.027715, 0.4, 0.154241, 0.033031, 0.987481, 0.0, 0.0, 0.0, 0.0, 1.0]
            ]
        },
        {
            "name": "Shoulder_R",
            "time": [0.0, 0.2667, 0.45, 0.6, 0.6667, 1.05, 1.2333, 1.4667, 2.0],
            "transform": [
                [-0.059544, 0.923942, 0.37787, 0.0, -0.044266, -0.380613, 0.923674, 0.4, 0.997244, 0.038273, 0.063562, -0.0, 0.0, 0.0, 0.0, 1.0],
                [-0.24852, 0.891881, 0.37787, -0.0, 0.035056, -0.381572, 0.923674, 0.4, 0.967992, 0.242798, 0.063562, 0.0, 0.0, 0.0, 0.0, 1.0],
                [0.214671, 0.894086, 0.393097, -0.0, -0.225576, -0.346211, 0.910633, 0.4, 0.95028, -0.28416, 0.127363, 0.0, 0.0, 0.0, 0.0, 1.0],
                [0.268182, 0.894086, 0.35873, -0.0, -0.094327, -0.346211, 0.933402, 0.4, 0.958739, -0.28416, -0.008511, 0.0, 0.0, 0.0, 0.0, 1.0],
                [0.414207, 0.836507, 0.35873, 0.0, -0.151006, -0.32551, 0.933402, 0.4, 0.897568, -0.440793, -0.008511, -0.0, 0.0, 0.0, 0.0, 1.0],
                [0.476427, 0.752732, 0.454324, 0.0, -0.252601, -0.377765, 0.890778, 0.4, 0.842146, -0.539154, 0.010164, -0.0, 0.0, 0.0, 0.0, 1.0],
                [0.522627, 0.764248, 0.37787, -0.0, -0.269465, -0.272423, 0.923674, 0.4, 0.808857, -0.58456, 0.063562, 0.0, 0.0, 0.0, 0.0, 1.0],
                [0.522627, 0.764248, 0.37787, 0.0, -0.269465, -0.272423, 0.923674, 0.4, 0.808857, -0.58456, 0.063562, -0.0, 0.0, 0.0, 0.0, 1.0],
                [-0.059544, 0.923942, 0.37787, -0.0, -0.044266, -0.380613, 0.923674, 0.4, 0.997244, 0.038273, 0.063562, 0.0, 0.0, 0.0, 0.0, 1.0]
            ]
        },
        {
            "name": "Arm_R",
            "time": [0.0, 0.2167, 0.45, 0.5167, 0.5667, 0.6167, 1.0333, 1.05, 1.1, 1.2333, 1.4667, 1.75, 2.0],
            "transform": [
                [-0.218895, 0.064466, -0.973617, 0.0, 0.826533, 0.54256, -0.149902, 0.39386, 0.518582, -0.837539, -0.172047, -0.0, 0.0, 0.0, 0.0, 1.0],
                [-0.26813, -0.960647, 0.072546, -0.0, -0.502486, 0.075207, -0.861309, 0.39386, 0.821958, -0.267396, -0.502877, -0.0, 0.0, 0.0, 0.0, 1.0],
                [0.068017, -0.997118, 0.033604, -0.0, 0.060523, -0.029496, -0.997731, 0.39386, 0.995847, 0.069897, 0.058342, -0.0, 0.0, 0.0, 0.0, 1.0],
                [0.661603, -0.742691, -0.103404, 0.0, -0.268581, -0.105958, -0.957412, 0.39386, 0.700104, 0.661198, -0.269575, -0.0, 0.0, 0.0, 0.0, 1.0],
                [0.63413, -0.773215, -0.004319, 0.0, -0.233807, -0.18642, -0.954244, 0.39386, 0.73703, 0.606124, -0.298997, -0.0, 0.0, 0.0, 0.0, 1.0],
                [0.63413, -0.773215, -0.004319, 0.0, -0.233807, -0.18642, -0.954244, 0.39386, 0.73703, 0.606125, -0.298997, -0.0, 0.0, 0.0, 0.0, 1.0],
                [0.63413, -0.773215, -0.004319, 0.0, -0.233807, -0.18642, -0.954244, 0.393861, 0.73703, 0.606125, -0.298997, -0.0, 0.0, 0.0, 0.0, 1.0],
                [0.63413, -0.773215, -0.004319, 0.0, -0.233807, -0.18642, -0.954244, 0.393861, 0.73703, 0.606124, -0.298997, -0.0, 0.0, 0.0, 0.0, 1.0],
                [0.821245, -0.451364, -0.349038, -0.0, -0.027267, 0.579984, -0.814171, 0.393861, 0.569924, 0.678151, 0.464002, -0.0, 0.0, 0.0, 0.0, 1.0],
                [0.959747, 0.160237, -0.230673, -0.0, 0.072336, 0.652569, 0.754269, 0.39386, 0.271392, -0.740593, 0.61471, 0.0, 0.0, 0.0, 0.0, 1.0],
                [0.959747, 0.205469, -0.191491, 0.0, 0.072336, 0.477963, 0.875396, 0.39386, 0.271392, -0.854011, 0.44386, -0.0, 0.0, 0.0, 0.0, 1.0],
                [0.198962, 0.482019, -0.853271, -0.0, 0.782832, 0.445624, 0.434274, 0.39386, 0.589566, -0.754372, -0.288677, 0.0, 0.0, 0.0, 0.0, 1.0],
                [-0.218895, 0.064466, -0.973617, -0.0, 0.826534, 0.542561, -0.149902, 0.393861, 0.518582, -0.837539, -0.172047, -0.0, 0.0, 0.0, 0.0, 1.0]
            ]
        },
        {
            "name": "Hand_R",
            "time": [0.0, 1.0333, 1.1, 1.2167, 1.4667, 1.7333, 2.0],
            "transform": [
                [0.998476, 0.048074, -0.0271, 0.0, -0.049714, 0.996745, -0.063466, 0.3, 0.023961, 0.064716, 0.997616, 0.0, 0.0, 0.0, 0.0, 1.0],
                [0.998476, 0.048074, -0.0271, 0.0, -0.049714, 0.996745, -0.063466, 0.3, 0.023961, 0.064716, 0.997616, 0.0, 0.0, 0.0, 0.0, 1.0],
                [0.998476, 0.053084, -0.015089, 0.0, -0.049714, 0.98389, 0.171722, 0.3, 0.023961, -0.17071, 0.98503, 0.0, 0.0, 0.0, 0.0, 1.0],
                [0.998476, 0.0496, -0.024196, -0.0, -0.049714, 0.998755, -0.004132, 0.3, 0.023961, 0.005329, 0.999699, 0.0, 0.0, 0.0, 0.0, 1.0],
                [0.998476, 0.052363, -0.017427, -0.0, -0.049714, 0.990534, 0.127944, 0.3, 0.023961, -0.126883, 0.991628, 0.0, 0.0, 0.0, 0.0, 1.0],
                [0.998476, 0.052078, -0.018261, 0.0, -0.049714, 0.992453, 0.112096, 0.3, 0.023961, -0.111018, 0.993529, -0.0, 0.0, 0.0, 0.0, 1.0],
                [0.998476, 0.048074, -0.0271, 0.0, -0.049714, 0.996745, -0.063466, 0.3, 0.023961, 0.064716, 0.997616, -0.0, 0.0, 0.0, 0.0, 1.0]
            ]
        },
        {
            "name": "Tool_R",
            "time": [0.0, 0.05, 0.0667, 0.0833, 0.1, 0.1167, 0.1333, 0.15, 0.1667, 0.1833, 0.2, 0.2167, 0.2333, 0.2667, 0.2833, 0.3, 0.3167, 0.35, 0.3667, 0.3833, 0.4, 0.4167, 0.4333, 0.45, 0.4667, 0.4833, 0.5, 0.5167, 0.5333, 0.55, 0.5667, 0.6, 0.6167, 0.6333, 0.65, 0.6667, 0.7, 0.7333, 0.8333, 1.0, 1.0167, 1.0333, 1.05, 1.0667, 1.0833, 1.1167, 1.2167, 1.4667, 1.75, 2.0],
            "transform": [
                [-0.877486, 0.464135, 0.120827, -0.882804, -0.470163, -0.882208, -0.02564, -0.001026, 0.094633, -0.07927, 0.991755, 0.759175, 0.0, 0.0, 0.0, 1.0],
                [-0.759121, 0.545872, 0.354627, -0.745048, -0.580347, -0.814294, 0.011129, -0.070257, 0.294665, -0.197251, 0.934388, 0.886499, 0.0, 0.0, 0.0, 1.0],
                [-0.65633, 0.55489, 0.511203, -0.618139, -0.615401, -0.785713, 0.062749, -0.101356, 0.436213, -0.273257, 0.856659, 0.965533, 0.0, 0.0, 0.0, 1.0],
                [-0.480025, 0.537987, 0.692926, -0.432167, -0.627708, -0.762431, 0.157105, -0.106691, 0.612459, -0.359336, 0.70327, 1.036551, 0.0, 0.0, 0.0, 1.0],
                [-0.208493, 0.490995, 0.845846, -0.211289, -0.622077, -0.733933, 0.272696, -0.066871, 0.754233, -0.469057, 0.458187, 1.053878, 0.0, 0.0, 0.0, 1.0],
                [0.084767, 0.39688, 0.913948, 0.019397, -0.536488, -0.754762, 0.377512, 0.016197, 0.839137, -0.522021, 0.148858, 1.006549, 0.0, 0.0, 0.0, 1.0],
                [0.371556, 0.282774, 0.884299, 0.193972, -0.412333, -0.803133, 0.430069, 0.113075, 0.831325, -0.524119, -0.1817, 0.885708, 0.0, 0.0, 0.0, 1.0],
                [0.589636, 0.189408, 0.785146, 0.300331, -0.251393, -0.880785, 0.401273, 0.195128, 0.767092, -0.433738, -0.471443, 0.726127, 0.0, 0.0, 0.0, 1.0],
                [0.743951, 0.146413, 0.651997, 0.347349, -0.105925, -0.937528, 0.331395, 0.245025, 0.659394, -0.315428, -0.681558, 0.565315, 0.0, 0.0, 0.0, 1.0],
                [0.822025, 0.100746, 0.560469, 0.356153, -0.032693, -0.974253, 0.223075, 0.262204, 0.568176, -0.201588, -0.797092, 0.438639, 0.0, 0.0, 0.0, 1.0],
                [0.880417, 0.112035, 0.460775, 0.333302, 0.061509, -0.990462, 0.123297, 0.252711, 0.469916, -0.080174, -0.878389, 0.343195, 0.0, 0.0, 0.0, 1.0],
                [0.908786, 0.086059, 0.408293, 0.305615, 0.077271, -0.996286, 0.038003, 0.226947, 0.409805, -0.002997, -0.911519, 0.286117, 0.0, 0.0, 0.0, 1.0],
                [0.926246, 0.048925, 0.373731, 0.279846, 0.072385, -0.996173, -0.048988, 0.204428, 0.369686, 0.072374, -0.925695, 0.250762, 0.0, 0.0, 0.0, 1.0],
                [0.950481, 0.036585, 0.308623, 0.210546, 0.08345, -0.986622, -0.14005, 0.169978, 0.299194, 0.158765, -0.940262, 0.220297, 0.0, 0.0, 0.0, 1.0],
                [0.95884, 0.026352, 0.282722, 0.181689, 0.083888, -0.97753, -0.193388, 0.160388, 0.271113, 0.209011, -0.938951, 0.214648, 0.0, 0.0, 0.0, 1.0],
                [0.974081, -0.015926, 0.225638, 0.144073, 0.029682, -0.979894, -0.197301, 0.153146, 0.224111, 0.198756, -0.95346, 0.2092, 0.0, 0.0, 0.0, 1.0],
                [0.984724, -0.089759, 0.149208, 0.104087, -0.055548, -0.97406, -0.219367, 0.148033, 0.164929, 0.207594, -0.963597, 0.203401, 0.0, 0.0, 0.0, 1.0],
                [0.950938, -0.262984, -0.162961, -0.011451, -0.298533, -0.918246, -0.260197, 0.144266, -0.081166, 0.295896, -0.951144, 0.171451, 0.0, 0.0, 0.0, 1.0],
                [0.902495, -0.346905, -0.255264, -0.037544, -0.40569, -0.88372, -0.233356, 0.149351, -0.144549, 0.313966, -0.937735, 0.164469, 0.0, 0.0, 0.0, 1.0],
                [0.833379, -0.456837, -0.311095, -0.050718, -0.523402, -0.833145, -0.178663, 0.155767, -0.177468, 0.311528, -0.932884, 0.16072, 0.0, 0.0, 0.0, 1.0],
                [0.780064, -0.528498, -0.334949, -0.05527, -0.593351, -0.794714, -0.127923, 0.158749, -0.198471, 0.298345, -0.932961, 0.1606, 0.0, 0.0, 0.0, 1.0],
                [0.739309, -0.593396, -0.318284, -0.049073, -0.640636, -0.765414, -0.061061, 0.172745, -0.20727, 0.248891, -0.945468, 0.165173, 0.0, 0.0, 0.0, 1.0],
                [0.739314, -0.615494, -0.273097, -0.033669, -0.640629, -0.767842, -0.003753, 0.184781, -0.207269, 0.177615, -0.96141, 0.182894, 0.0, 0.0, 0.0, 1.0],
                [0.717708, -0.664426, -0.20841, -0.021665, -0.664669, -0.7429, 0.079474, 0.207553, -0.207516, 0.081428, -0.974229, 0.213233, 0.0, 0.0, 0.0, 1.0],
                [0.807626, -0.570762, -0.148224, -0.011876, -0.562693, -0.821094, 0.095822, 0.216292, -0.176299, 0.006004, -0.983717, 0.251277, 0.0, 0.0, 0.0, 1.0],
                [0.922777, -0.367379, -0.116257, -0.011235, -0.360999, -0.929734, 0.072623, 0.227036, -0.134693, -0.025042, -0.989973, 0.287569, 0.0, 0.0, 0.0, 1.0],
                [0.981172, -0.153709, -0.116941, -0.017991, -0.146471, -0.986861, 0.068202, 0.246317, -0.125815, -0.04977, -0.990207, 0.314523, 0.0, 0.0, 0.0, 1.0],
                [0.993962, -0.04211, -0.101323, -0.022171, -0.037175, -0.998052, 0.050108, 0.260073, -0.103175, -0.046022, -0.993002, 0.313383, 0.0, 0.0, 0.0, 1.0],
                [0.993242, -0.079071, -0.084961, -0.010621, -0.077868, -0.996813, 0.017377, 0.270934, -0.086014, -0.010648, -0.995643, 0.2915, 0.0, 0.0, 0.0, 1.0],
                [0.992264, -0.10686, -0.063186, 0.003736, -0.108791, -0.993672, -0.027934, 0.285606, -0.059767, 0.034561, -0.99702, 0.263945, 0.0, 0.0, 0.0, 1.0],
                [0.991963, -0.119406, -0.041849, 0.015746, -0.121317, -0.991522, -0.046559, 0.293839, -0.035915, 0.051221, -0.997448, 0.247974, 0.0, 0.0, 0.0, 1.0],
                [0.992537, -0.119023, -0.026551, 0.022816, -0.120492, -0.990708, -0.063086, 0.293965, -0.018786, 0.065764, -0.997065, 0.24638, 0.0, 0.0, 0.0, 1.0],
                [0.992644, -0.118966, -0.022497, 0.022854, -0.12018, -0.990696, -0.063866, 0.292452, -0.014683, 0.066051, -0.997115, 0.237294, 0.0, 0.0, 0.0, 1.0],
                [0.993211, -0.114788, 0.018853, 0.018429, -0.112083, -0.987704, -0.108996, 0.283264, 0.031113, 0.106069, -0.993276, 0.216683, 0.0, 0.0, 0.0, 1.0],
                [0.992729, -0.105812, 0.057391, 0.017125, -0.096297, -0.984167, -0.148806, 0.272313, 0.072184, 0.142103, -0.986617, 0.193209, 0.0, 0.0, 0.0, 1.0],
                [0.99175, -0.09638, 0.084518, 0.01904, -0.080613, -0.981549, -0.173389, 0.265198, 0.09961, 0.165037, -0.980641, 0.180979, 0.0, 0.0, 0.0, 1.0],
                [0.990962, -0.082819, 0.105528, 0.014998, -0.061492, -0.979593, -0.191354, 0.261178, 0.119151, 0.183016, -0.975256, 0.171223, 0.0, 0.0, 0.0, 1.0],
                [0.990773, -0.073181, 0.114074, 0.010836, -0.049997, -0.979679, -0.194244, 0.259628, 0.125896, 0.186628, -0.973723, 0.163339, 0.0, 0.0, 0.0, 1.0],
                [0.986448, -0.038051, 0.159601, 0.002391, -0.006276, -0.980776, -0.195037, 0.254677, 0.163857, 0.191268, -0.967152, 0.157358, 0.0, 0.0, 0.0, 1.0],
                [0.979552, 0.008222, 0.201022, -0.008941, 0.041203, -0.986186, -0.16044, 0.256014, 0.19681, 0.165334, -0.965788, 0.164351, 0.0, 0.0, 0.0, 1.0],
                [0.980308, 0.001455, 0.197472, -0.008526, 0.033662, -0.986569, -0.159841, 0.251451, 0.194472, 0.163234, -0.966619, 0.152195, 0.0, 0.0, 0.0, 1.0],
                [0.979438, -0.037064, 0.198315, -0.003722, -0.005049, -0.987176, -0.159562, 0.252407, 0.201566, 0.155177, -0.966492, 0.128187, 0.0, 0.0, 0.0, 1.0],
                [0.983711, -0.034633, 0.176388, -0.002179, -0.004073, -0.985307, -0.170745, 0.246137, 0.179604, 0.167136, -0.968826, 0.131727, 0.0, 0.0, 0.0, 1.0],
                [0.983332, -0.127234, 0.129888, -0.004853, -0.13642, -0.988555, 0.064424, 0.198437, 0.120132, -0.081032, -0.988847, 0.139181, 0.0, 0.0, 0.0, 1.0],
                [0.967269, -0.11085, 0.228261, 0.001998, -0.221767, -0.806474, 0.548105, 0.235421, 0.123253, -0.580451, -0.804177, 0.142748, 0.0, 0.0, 0.0, 1.0],
                [0.998711, -0.000106, -0.050764, 0.000938, -0.003887, -0.997222, -0.07439, 0.251754, -0.050585, 0.074437, -0.995348, 0.152037, 0.0, 0.0, 0.0, 1.0],
                [0.990736, -0.062293, -0.120673, -0.020965, -0.111323, -0.881463, -0.458946, 0.227971, -0.077734, 0.467841, -0.879715, 0.004917, 0.0, 0.0, 0.0, 1.0],
                [0.990736, -0.059628, -0.122012, -0.020965, -0.111323, -0.871169, -0.478196, 0.227971, -0.077734, 0.487051, -0.869227, 0.004917, 0.0, 0.0, 0.0, 1.0],
                [0.99802, -0.056707, 0.027225, -0.002905, -0.059032, -0.993824, 0.093969, 0.270358, 0.021715, -0.095344, -0.994613, 0.174196, 0.0, 0.0, 0.0, 1.0],
                [0.99802, -0.056707, 0.027225, -0.002905, -0.059032, -0.993824, 0.093969, 0.270357, 0.021715, -0.095344, -0.994613, 0.174196, 0.0, 0.0, 0.0, 1.0]
            ]
        },
        {
            "name": "Elbow_R",
            "time": [0.0, 2.0],
            "transform": [
                [-1.0, 0.0, -0.0, 0.0, 0.0, -0.0, -1.0, 0.3, -0.0, -1.0, 0.0, 0.0, 0.0, 0.0, 0.0, 1.0],
                [-1.0, 0.0, -0.0, 0.0, 0.0, -0.0, -1.0, 0.3, -0.0, -1.0, 0.0, -0.0, 0.0, 0.0, 0.0, 1.0]
            ]
        },
        {
            "name": "Shoulder_L",
            "time": [0.0, 0.4167, 1.1167, 1.3, 2.0],
            "transform": [
                [-0.007939, -0.952498, -0.304441, 0.0, -0.088921, -0.302572, 0.94897, 0.4, -0.996007, 0.034605, -0.082295, -0.0, 0.0, 0.0, 0.0, 1.0],
                [0.096599, -0.959123, -0.26599, -0.0, -0.407929, -0.281915, 0.868399, 0.4, -0.907889, 0.024619, -0.418487, 0.0, 0.0, 0.0, 0.0, 1.0],
                [0.096599, -0.959123, -0.26599, 0.0, -0.407929, -0.281915, 0.868399, 0.4, -0.907889, 0.024619, -0.418487, 0.0, 0.0, 0.0, 0.0, 1.0],
                [-0.007939, -0.952498, -0.304441, 0.0, -0.088921, -0.302572, 0.94897, 0.4, -0.996007, 0.034605, -0.082295, 0.0, 0.0, 0.0, 0.0, 1.0],
                [-0.007939, -0.952498, -0.304441, -0.0, -0.088921, -0.302572, 0.94897, 0.4, -0.996007, 0.034605, -0.082295, 0.0, 0.0, 0.0, 0.0, 1.0]
            ]
        },
        {
            "name": "Arm_L",
            "time": [0.0, 0.25, 0.45, 0.5167, 0.6, 1.0333, 1.0833, 1.1333, 1.3, 2.0],
            "transform": [
                [0.222896, -0.111994, 0.968388, 0.0, -0.832018, 0.495804, 0.248847, 0.39386, -0.508, -0.861183, 0.017332, -0.0, 0.0, 0.0, 0.0, 1.0],
                [-0.036601, 0.925387, 0.377252, -0.0, -0.220922, 0.360672, -0.906151, 0.39386, -0.974604, -0.116509, 0.191237, -0.0, 0.0, 0.0, 0.0, 1.0],
                [0.760352, -0.223518, 0.60984, -0.0, 0.632025, 0.038219, -0.774005, 0.39386, 0.149696, 0.97395, 0.170329, 0.0, 0.0, 0.0, 0.0, 1.0],
                [0.956265, -0.022731, 0.291617, 0.0, 0.277474, 0.38595, -0.879802, 0.39386, -0.092551, 0.92224, 0.375378, 0.0, 0.0, 0.0, 0.0, 1.0],
                [0.956265, -0.022731, 0.291617, -0.0, 0.277474, 0.38595, -0.879802, 0.39386, -0.092551, 0.92224, 0.375378, 0.0, 0.0, 0.0, 0.0, 1.0],
                [0.956265, -0.022731, 0.291617, 0.0, 0.277474, 0.38595, -0.879802, 0.39386, -0.092551, 0.92224, 0.375378, -0.0, 0.0, 0.0, 0.0, 1.0],
                [0.905162, -0.351735, 0.238673, 0.0, 0.413278, 0.596912, -0.687675, 0.39386, 0.099413, 0.721096, 0.685666, 0.0, 0.0, 0.0, 0.0, 1.0],
                [0.784292, -0.594216, -0.178308, 0.0, 0.611505, 0.788914, 0.060638, 0.39386, 0.104637, -0.156594, 0.982104, 0.0, 0.0, 0.0, 0.0, 1.0],
                [0.984148, -0.159697, 0.077137, -0.0, 0.039558, 0.621647, 0.782298, 0.39386, -0.172883, -0.766845, 0.61811, 0.0, 0.0, 0.0, 0.0, 1.0],
                [0.222896, -0.111994, 0.968388, -0.0, -0.832018, 0.495804, 0.248847, 0.39386, -0.508, -0.861183, 0.017332, -0.0, 0.0, 0.0, 0.0, 1.0]
            ]
        },
        {
            "name": "Hand_L",
            "time": [0.0, 0.4, 0.5167, 0.6, 1.0333, 1.0833, 1.1333, 1.15, 1.3667, 2.0],
            "transform": [
                [0.997576, 0.022771, 0.06576, -0.0, -0.013617, 0.990555, -0.136437, 0.3, -0.068245, 0.135211, 0.988464, 0.0, 0.0, 0.0, 0.0, 1.0],
                [0.997576, 0.049021, 0.049394, -0.0, -0.013617, 0.83356, -0.552261, 0.3, -0.068245, 0.55025, 0.832207, 0.0, 0.0, 0.0, 0.0, 1.0],
                [0.997576, 0.042395, 0.055186, -0.0, -0.013617, 0.8966, -0.442633, 0.3, -0.068245, 0.440808, 0.895004, -0.0, 0.0, 0.0, 0.0, 1.0],
                [0.997576, 0.042395, 0.055186, 0.0, -0.013617, 0.8966, -0.442633, 0.3, -0.068245, 0.440808, 0.895004, 0.0, 0.0, 0.0, 0.0, 1.0],
                [0.997576, 0.042395, 0.055186, 0.0, -0.013617, 0.8966, -0.442632, 0.3, -0.068245, 0.440808, 0.895004, -0.0, 0.0, 0.0, 0.0, 1.0],
                [0.999404, -0.00895, 0.033356, 0.0, 0.030753, 0.670122, -0.741614, 0.3, -0.015715, 0.742197, 0.669998, -0.0, 0.0, 0.0, 0.0, 1.0],
                [0.997576, 0.069569, 0.001725, 0.0, -0.013617, 0.219445, -0.97553, 0.3, -0.068245, 0.973141, 0.219861, 0.0, 0.0, 0.0, 0.0, 1.0],
                [0.997576, 0.053202, 0.04486, 0.0, -0.013617, 0.781394, -0.62389, 0.3, -0.068245, 0.621767, 0.780224, -0.0, 0.0, 0.0, 0.0, 1.0],
                [0.997576, 0.026591, 0.06431, 0.0, -0.013617, 0.98084, -0.19434, 0.3, -0.068245, 0.192993, 0.978824, 0.0, 0.0, 0.0, 0.0, 1.0],
                [0.997576, 0.022771, 0.06576, -0.0, -0.013617, 0.990555, -0.136437, 0.3, -0.068245, 0.135211, 0.988464, 0.0, 0.0, 0.0, 0.0, 1.0]
            ]
        },
        {
            "name": "Tool_L",
            "time": [0.0, 1.0333, 1.0667, 1.0833, 2.0],
            "transform": [
                [0.99711, 0.043861, -0.062033, -0.012677, 0.036135, -0.992043, -0.1206, 0.208813, -0.066789, 0.11793, -0.99018, 0.160811, 0.0, 0.0, 0.0, 1.0],
                [0.99711, 0.043861, -0.062033, -0.012677, 0.036135, -0.992043, -0.1206, 0.208813, -0.066789, 0.11793, -0.99018, 0.160811, 0.0, 0.0, 0.0, 1.0],
                [0.997128, 0.043861, -0.061735, -0.0134, 0.036171, -0.992043, -0.12059, 0.225164, -0.066494, 0.11793, -0.9902, 0.158868, 0.0, 0.0, 0.0, 1.0],
                [0.99176, 0.043865, -0.120362, -0.01363, 0.029009, -0.992043, -0.122511, 0.230371, -0.124705, 0.11793, -0.984563, 0.158248, 0.0, 0.0, 0.0, 1.0],
                [0.99176, 0.043865, -0.120362, -0.01363, 0.029009, -0.992043, -0.122511, 0.230371, -0.124705, 0.11793, -0.984563, 0.158249, 0.0, 0.0, 0.0, 1.0]
            ]
        },
        {
            "name": "Elbow_L",
            "time": [0.0, 2.0],
            "transform": [
                [-0.998967, -0.043093, -0.01444, -4.9e-05, 0.028309, -0.34145, -0.939473, 0.367197, 0.035554, -0.938911, 0.342317, -0.015902, 0.0, 0.0, 0.0, 1.0],
                [-0.998967, -0.043093, -0.01444, -4.9e-05, 0.028309, -0.34145, -0.939473, 0.367197, 0.035554, -0.938912, 0.342317, -0.015902, 0.0, 0.0, 0.0, 1.0]
            ]
        }
    ]
}