{
    
    "animation": [
        {
            "name": "Root",
            "time": [0.0, 0.1833, 0.3333, 0.6667],
            "transform": [
                [0.854689, 0.0, -0.51914, -5e-06, -0.51914, 0.0, -0.854689, 0.000946, 0.0, 1.0, 0.0, 0.755725, 0.0, 0.0, 0.0, 1.0],
                [0.639112, 0.0, -0.769113, -0.085884, -0.769113, 0.0, -0.639112, -0.199912, 0.0, 1.0, 0.0, 0.755725, 0.0, 0.0, 0.0, 1.0],
                [0.639112, 0.0, -0.769113, -0.085884, -0.769113, 0.0, -0.639112, -0.199912, 0.0, 1.0, 0.0, 0.755725, 0.0, 0.0, 0.0, 1.0],
                [0.639112, 0.0, -0.769113, -0.085884, -0.769113, 0.0, -0.639112, -0.199912, 0.0, 1.0, 0.0, 0.755725, 0.0, 0.0, 0.0, 1.0]
            ]
        },
        {
            "name": "Thigh_R",
            "time": [0.0, 0.1833, 0.3333, 0.6667],
            "transform": [
                [0.996122, 0.056386, -0.067528, 0.124994, 0.068868, -0.977426, 0.199728, -0.002831, -0.054742, -0.203604, -0.977522, -1.2e-05, 0.0, 0.0, 0.0, 1.0],
                [0.996122, 0.077473, -0.04168, 0.124994, 0.068868, -0.981518, -0.178537, -0.002831, -0.054742, 0.174974, -0.98305, -1.2e-05, 0.0, 0.0, 0.0, 1.0],
                [0.996122, 0.077473, -0.04168, 0.124994, 0.068868, -0.981518, -0.178537, -0.002831, -0.054742, 0.174974, -0.98305, -1.2e-05, 0.0, 0.0, 0.0, 1.0],
                [0.996122, 0.077473, -0.04168, 0.124994, 0.068868, -0.981518, -0.178537, -0.002831, -0.054742, 0.174974, -0.98305, -1.2e-05, 0.0, 0.0, 0.0, 1.0]
            ]
        },
        {
            "name": "Leg_R",
            "time": [0.0, 0.1167, 0.1833, 0.3333, 0.6667],
            "transform": [
                [1.0, -0.0, 2e-06, -0.0, -0.0, 0.9661, 0.258173, 0.37472, -2e-06, -0.258173, 0.966098, -0.0, 0.0, 0.0, 0.0, 1.0],
                [1.0, -1e-06, 1e-06, 0.0, -0.0, 0.652418, 0.757859, 0.37472, -2e-06, -0.75786, 0.652417, 0.0, 0.0, 0.0, 0.0, 1.0],
                [1.0, 0.0, 2e-06, -0.0, -0.0, 0.996929, 0.078321, 0.37472, -2e-06, -0.078321, 0.996927, -0.0, 0.0, 0.0, 0.0, 1.0],
                [1.0, 0.0, 2e-06, -0.0, -0.0, 0.996929, 0.078321, 0.37472, -2e-06, -0.078321, 0.996927, -0.0, 0.0, 0.0, 0.0, 1.0],
                [1.0, 0.0, 2e-06, -0.0, -0.0, 0.996929, 0.078321, 0.37472, -2e-06, -0.078321, 0.996927, -0.0, 0.0, 0.0, 0.0, 1.0]
            ]
        },
        {
            "name": "Knee_R",
            "time": [0.0, 0.6667],
            "transform": [
                [1.0, 0.0, -0.0, -0.0, -0.0, 1e-06, -1.0, 0.37472, -0.0, 1.0, 1e-06, -0.0, 0.0, 0.0, 0.0, 1.0],
                [1.0, 0.0, -0.0, -0.0, -0.0, 1e-06, -1.0, 0.37472, -0.0, 1.0, 1e-06, -0.0, 0.0, 0.0, 0.0, 1.0]
            ]
        },
        {
            "name": "Thigh_L",
            "time": [0.0, 0.1833, 0.3333, 0.6667],
            "transform": [
                [0.866588, -0.133703, -0.480778, -0.125006, -0.027838, -0.974891, 0.220935, -0.002831, -0.498245, -0.178075, -0.848552, -1.2e-05, 0.0, 0.0, 0.0, 1.0],
                [0.866588, -0.222181, -0.446832, -0.125006, -0.027838, -0.915545, 0.401252, -0.002831, -0.498245, -0.335281, -0.799586, -1.2e-05, 0.0, 0.0, 0.0, 1.0],
                [0.866588, -0.222181, -0.446832, -0.125006, -0.027838, -0.915545, 0.401252, -0.002831, -0.498245, -0.335281, -0.799586, -1.2e-05, 0.0, 0.0, 0.0, 1.0],
                [0.866588, -0.222181, -0.446832, -0.125006, -0.027838, -0.915545, 0.401252, -0.002831, -0.498245, -0.335281, -0.799586, -1.2e-05, 0.0, 0.0, 0.0, 1.0]
            ]
        },
        {
            "name": "Leg_L",
            "time": [0.0, 0.6667],
            "transform": [
                [1.0, -0.0, 1e-06, 0.0, 0.0, 0.984973, 0.172708, 0.37472, -1e-06, -0.172708, 0.984973, 0.0, 0.0, 0.0, 0.0, 1.0],
                [1.0, -0.0, 1e-06, 0.0, 0.0, 0.984973, 0.172708, 0.37472, -1e-06, -0.172708, 0.984973, 0.0, 0.0, 0.0, 0.0, 1.0]
            ]
        },
        {
            "name": "Knee_L",
            "time": [0.0, 0.6667],
            "transform": [
                [1.0, 0.0, -0.0, 0.0, -0.0, 1e-06, -1.0, 0.37472, -0.0, 1.0, 1e-06, 0.0, 0.0, 0.0, 0.0, 1.0],
                [1.0, 0.0, -0.0, 0.0, -0.0, 1e-06, -1.0, 0.37472, -0.0, 1.0, 1e-06, 0.0, 0.0, 0.0, 0.0, 1.0]
            ]
        },
        {
            "name": "Torso",
            "time": [0.0, 0.1833, 0.3333, 0.6667],
            "transform": [
                [0.99978, -0.020971, -0.000197, -0.0, 0.020971, 0.999603, 0.018833, 0.05, -0.000198, -0.018833, 0.999823, 0.0, 0.0, 0.0, 0.0, 1.0],
                [0.976731, -0.020971, 0.213439, -0.0, 0.016463, 0.999603, 0.02288, 0.05, -0.213834, -0.018833, 0.976688, 0.0, 0.0, 0.0, 0.0, 1.0],
                [0.976731, -0.020971, 0.213439, -0.0, 0.016463, 0.999603, 0.02288, 0.05, -0.213834, -0.018833, 0.976688, 0.0, 0.0, 0.0, 0.0, 1.0],
                [0.976731, -0.020971, 0.213439, -0.0, 0.016463, 0.999603, 0.02288, 0.05, -0.213834, -0.018833, 0.976688, 0.0, 0.0, 0.0, 0.0, 1.0]
            ]
        },
        {
            "name": "Chest",
            "time": [0.0, 0.1833, 0.35, 0.6667],
            "transform": [
                [0.999771, -0.021411, -0.000206, 0.0, 0.021411, 0.999586, 0.019228, 0.3, -0.000206, -0.019228, 0.999815, 0.0, 0.0, 0.0, 0.0, 1.0],
                [0.869283, -0.021411, 0.493851, 0.0, 0.009113, 0.999586, 0.027297, 0.3, -0.494231, -0.019228, 0.869118, -0.0, 0.0, 0.0, 0.0, 1.0],
                [0.563982, -0.021411, 0.82551, 0.0, -0.003804, 0.999586, 0.028525, 0.3, -0.825779, -0.019228, 0.563667, -0.0, 0.0, 0.0, 0.0, 1.0],
                [0.992982, -0.021411, -0.116312, 0.0, 0.0235, 0.999586, 0.016611, 0.3, 0.115908, -0.019228, 0.993074, -0.0, 0.0, 0.0, 0.0, 1.0]
            ]
        },
        {
            "name": "Head",
            "time": [0.0, 0.1833, 0.35, 0.6667],
            "transform": [
                [0.85311, 0.037721, 0.520365, -0.0, -0.006297, 0.998055, -0.062025, 0.4, -0.521693, 0.049637, 0.851688, 0.0, 0.0, 0.0, 0.0, 1.0],
                [0.993494, 0.018235, 0.112416, 0.0, -0.032114, 0.991897, 0.122918, 0.4, -0.109264, -0.125728, 0.986029, 0.0, 0.0, 0.0, 0.0, 1.0],
                [0.979715, 0.037721, -0.196815, 0.0, -0.04672, 0.998055, -0.041279, 0.4, 0.194875, 0.049637, 0.979571, -0.0, 0.0, 0.0, 0.0, 1.0],
                [0.697456, 0.037721, 0.715634, 0.0, 0.009278, 0.998055, -0.061649, 0.4, -0.716567, 0.049637, 0.69575, 0.0, 0.0, 0.0, 0.0, 1.0]
            ]
        },
        {
            "name": "Shoulder_R",
            "time": [0.0, 0.1833, 0.3333, 0.6667],
            "transform": [
                [0.089555, 0.949274, 0.301428, -0.0, -0.003656, -0.302328, 0.953197, 0.4, 0.995975, -0.086466, -0.023605, 0.0, 0.0, 0.0, 0.0, 1.0],
                [0.899187, 0.31718, 0.301428, 0.0, -0.275939, -0.123586, 0.953197, 0.4, 0.339587, -0.940278, -0.023605, 0.0, 0.0, 0.0, 0.0, 1.0],
                [0.899187, 0.31718, 0.301428, -0.0, -0.275939, -0.123586, 0.953197, 0.4, 0.339587, -0.940278, -0.023605, 0.0, 0.0, 0.0, 0.0, 1.0],
                [-0.049085, 0.952225, 0.301428, 0.0, 0.040236, -0.299661, 0.953197, 0.4, 0.997984, 0.058916, -0.023605, 0.0, 0.0, 0.0, 0.0, 1.0]
            ]
        },
        {
            "name": "Arm_R",
            "time": [0.0, 0.1833, 0.35, 0.4833, 0.6667],
            "transform": [
                [0.021071, 0.013447, -0.999687, 0.0, 0.946416, 0.322036, 0.02428, 0.39386, 0.322262, -0.946632, -0.005941, 0.0, 0.0, 0.0, 0.0, 1.0],
                [-0.228747, -0.9322, 0.280495, 0.0, -0.367519, -0.184116, -0.911609, 0.393861, 0.901446, -0.311615, -0.300485, 0.0, 0.0, 0.0, 0.0, 1.0],
                [-0.228747, -0.917287, 0.325975, -0.0, -0.367518, -0.228701, -0.901458, 0.39386, 0.901446, -0.326008, -0.284805, 0.0, 0.0, 0.0, 0.0, 1.0],
                [-0.110273, -0.909283, -0.401303, -0.0, -0.399239, 0.410283, -0.819924, 0.393861, 0.910191, 0.069801, -0.408264, 0.0, 0.0, 0.0, 0.0, 1.0],
                [-0.173714, 0.32155, -0.930822, 0.0, 0.859401, 0.511048, 0.016154, 0.393861, 0.480889, -0.797142, -0.365116, -0.0, 0.0, 0.0, 0.0, 1.0]
            ]
        },
        {
            "name": "Hand_R",
            "time": [0.0, 0.1833, 0.35, 0.6667],
            "transform": [
                [0.999984, 0.001325, 0.005391, -0.0, -0.00125, 0.999903, -0.013885, 0.3, -0.005409, 0.013878, 0.999889, -0.0, 0.0, 0.0, 0.0, 1.0],
                [0.999985, 0.002346, 0.005031, -0.0, -0.00125, 0.978204, -0.207644, 0.3, -0.005409, 0.207635, 0.978192, 0.0, 0.0, 0.0, 0.0, 1.0],
                [0.999984, 0.003683, 0.004154, 0.0, -0.00125, 0.878446, -0.47784, 0.3, -0.005409, 0.477827, 0.878437, 0.0, 0.0, 0.0, 0.0, 1.0],
                [0.999985, 0.003683, 0.004154, 0.0, -0.00125, 0.878446, -0.47784, 0.3, -0.005409, 0.477827, 0.878437, -0.0, 0.0, 0.0, 0.0, 1.0]
            ]
        },
        {
            "name": "Tool_R",
            "time": [0.0, 0.1833, 0.35, 0.3667, 0.4, 0.4167, 0.45, 0.4667, 0.4833, 0.5, 0.5167, 0.5333, 0.55, 0.5667, 0.5833, 0.6, 0.6167, 0.6667],
            "transform": [
                [0.089538, 0.0, 0.0, -0.0, 0.0, -0.999836, 0.001155, 0.272858, 0.0, -0.018122, -0.063659, -0.0, 0.0, 0.0, 0.0, 1.0],
                [0.089538, 0.0, 0.0, 0.0, 0.0, -0.999836, 0.001155, 0.272858, 0.0, -0.018122, -0.063659, 0.0, 0.0, 0.0, 0.0, 1.0],
                [0.088483, -0.152486, -0.000851, -0.028299, -0.013143, -0.919307, -0.023262, 0.235031, 0.003884, 0.362573, -0.059267, -0.143694, 0.0, 0.0, 0.0, 1.0],
                [0.144121, -0.150088, 0.001184, -0.020476, -0.020066, -0.928989, -0.041757, 0.243896, 0.008831, 0.338098, -0.114072, -0.132952, 0.0, 0.0, 0.0, 1.0],
                [0.536038, -0.127215, 0.066459, 0.017325, -0.048881, -0.958794, -0.143367, 0.259712, 0.083899, 0.253868, -0.507537, -0.026537, 0.0, 0.0, 0.0, 1.0],
                [0.760081, -0.105958, 0.153561, 0.03467, -0.055321, -0.981825, -0.136224, 0.2671, 0.166438, 0.157349, -0.745672, 0.062976, 0.0, 0.0, 0.0, 1.0],
                [0.974436, -0.059343, 0.216684, 0.014719, -0.09044, -0.986498, 0.136539, 0.278587, 0.205533, -0.152566, -0.966072, 0.269557, 0.0, 0.0, 0.0, 1.0],
                [0.990691, -0.046716, 0.127862, -0.043505, -0.08803, -0.936303, 0.339983, 0.279445, 0.103772, -0.347877, -0.931144, 0.384134, 0.0, 0.0, 0.0, 1.0],
                [0.997178, -0.064954, 0.037651, -0.112595, -0.075001, -0.839116, 0.538757, 0.2717, -0.003399, -0.53975, -0.841115, 0.500628, 0.0, 0.0, 0.0, 1.0],
                [0.996894, -0.071295, 0.03345, -0.162908, -0.073525, -0.690428, 0.719655, 0.245109, -0.028198, -0.71946, -0.693108, 0.622274, 0.0, 0.0, 0.0, 1.0],
                [0.981435, -0.049838, 0.185207, -0.176449, -0.18575, -0.487516, 0.853127, 0.183114, 0.047743, -0.87118, -0.487425, 0.738532, 0.0, 0.0, 0.0, 1.0],
                [0.91412, 0.047099, 0.4027, -0.204717, -0.379303, -0.251529, 0.890428, 0.079617, 0.14314, -0.966134, -0.211927, 0.839362, 0.0, 0.0, 0.0, 1.0],
                [0.787779, 0.239157, 0.567634, -0.292498, -0.577439, -0.034028, 0.815724, -0.030107, 0.214268, -0.96981, 0.111235, 0.898472, 0.0, 0.0, 0.0, 1.0],
                [0.681864, 0.436915, 0.586657, -0.445421, -0.700424, 0.158783, 0.695841, -0.093608, 0.21074, -0.884851, 0.414056, 0.891452, 0.0, 0.0, 0.0, 1.0],
                [0.545812, 0.630615, 0.551737, -0.591619, -0.815142, 0.247173, 0.523879, -0.10903, 0.193868, -0.735245, 0.648572, 0.834672, 0.0, 0.0, 0.0, 1.0],
                [0.426447, 0.769594, 0.475256, -0.716064, -0.893704, 0.277516, 0.35253, -0.087991, 0.139322, -0.57473, 0.805662, 0.750842, 0.0, 0.0, 0.0, 1.0],
                [0.287683, 0.884348, 0.367652, -0.807008, -0.951077, 0.218644, 0.21828, -0.029398, 0.112574, -0.412214, 0.90345, 0.667688, 0.0, 0.0, 0.0, 1.0],
                [0.200099, 0.954472, 0.221231, -0.894448, -0.978057, 0.181219, 0.102785, 0.101937, 0.05797, -0.236802, 0.969217, 0.523073, 0.0, 0.0, 0.0, 1.0]
            ]
        },
        {
            "name": "Elbow_R",
            "time": [0.0, 0.6667],
            "transform": [
                [-1.0, 0.0, -0.0, -0.0, 0.0, -0.0, -1.0, 0.3, -0.0, -1.0, 0.0, -0.0, 0.0, 0.0, 0.0, 1.0],
                [-1.0, 0.0, -0.0, 0.0, 0.0, -0.0, -1.0, 0.3, -0.0, -1.0, 0.0, -0.0, 0.0, 0.0, 0.0, 1.0]
            ]
        },
        {
            "name": "Shoulder_L",
            "time": [0.0, 0.1833, 0.35, 0.6667],
            "transform": [
                [0.088499, -0.949454, -0.301172, -0.0, -0.003902, -0.302687, 0.953082, 0.4, -0.996068, -0.083172, -0.030493, 0.0, 0.0, 0.0, 0.0, 1.0],
                [-0.1449, -0.979906, 0.137071, 0.0, -0.077347, 0.149327, 0.985758, 0.4, -0.986418, 0.132234, -0.097431, 0.0, 0.0, 0.0, 0.0, 1.0],
                [-0.1449, -0.979906, 0.137071, 0.0, -0.077347, 0.149327, 0.985758, 0.4, -0.986418, 0.132234, -0.097431, -0.0, 0.0, 0.0, 0.0, 1.0],
                [-0.1449, -0.943104, -0.299263, 0.0, -0.077347, -0.290733, 0.953673, 0.4, -0.986418, 0.161334, -0.03082, 0.0, 0.0, 0.0, 0.0, 1.0]
            ]
        },
        {
            "name": "Arm_L",
            "time": [0.0, 0.1833, 0.35, 0.6667],
            "transform": [
                [0.159467, 0.003163, 0.987198, -0.0, -0.915361, 0.374973, 0.146661, 0.39386, -0.369709, -0.92703, 0.062691, -0.0, 0.0, 0.0, 0.0, 1.0],
                [0.037087, -0.20008, 0.979077, 0.0, -0.991897, -0.126501, 0.011721, 0.39386, 0.121509, -0.971579, -0.203151, 0.0, 0.0, 0.0, 0.0, 1.0],
                [0.037087, -0.20008, 0.979077, -0.0, -0.991897, -0.126501, 0.011721, 0.39386, 0.121509, -0.971579, -0.203151, -0.0, 0.0, 0.0, 0.0, 1.0],
                [-0.098741, -0.177926, 0.979077, -0.0, -0.845563, 0.533746, 0.011721, 0.39386, -0.524664, -0.826714, -0.203151, -0.0, 0.0, 0.0, 0.0, 1.0]
            ]
        },
        {
            "name": "Hand_L",
            "time": [0.0, 0.1833, 0.35, 0.6667],
            "transform": [
                [0.99932, -0.036878, 0.000448, 0.0, 0.03687, 0.999235, 0.013035, 0.3, -0.000928, -0.013009, 0.999915, -0.0, 0.0, 0.0, 0.0, 1.0],
                [0.99932, 0.017389, 0.032525, 0.0, 0.03687, -0.448819, -0.892862, 0.3, -0.000928, 0.893454, -0.449155, 0.0, 0.0, 0.0, 0.0, 1.0],
                [0.99932, 0.017389, 0.032525, 0.0, 0.03687, -0.448819, -0.892862, 0.3, -0.000928, 0.893454, -0.449155, -0.0, 0.0, 0.0, 0.0, 1.0],
                [0.99932, -0.034898, 0.01193, 0.0, 0.03687, 0.953438, -0.299329, 0.3, -0.000928, 0.299566, 0.954076, -0.0, 0.0, 0.0, 0.0, 1.0]
            ]
        },
        {
            "name": "Tool_L",
            "time": [0.0, 0.1833, 0.35, 0.4667, 0.4833, 0.5667, 0.6667],
            "transform": [
                [0.0, 0.0, 0.0, -0.0, 0.0, 0.0, 0.0, 0.272858, 0.0, 0.0, 0.0, 0.0, 0.0, 0.0, 0.0, 1.0],
                [0.0, 0.0, 0.0, 0.021344, 0.0, 0.0, 0.0, 0.098489, 0.0, 0.0, 0.0, 0.008357, 0.0, 0.0, 0.0, 1.0],
                [0.0, 0.0, 0.0, 0.021344, 0.0, 0.0, 0.0, 0.098489, 0.0, 0.0, 0.0, 0.008358, 0.0, 0.0, 0.0, 1.0],
                [0.954254, -0.173505, -0.243504, 0.021344, -0.298576, -0.509834, -0.806797, 0.098489, 0.015824, 0.842093, -0.538008, 0.008357, 0.0, 0.0, 0.0, 1.0],
                [0.954254, -0.173505, -0.243504, 0.021344, -0.298576, -0.509834, -0.806797, 0.098489, 0.015824, 0.842093, -0.538008, 0.008357, 0.0, 0.0, 0.0, 1.0],
                [0.954249, -0.284369, -0.092432, 0.021344, -0.298594, -0.889852, -0.34497, 0.098489, 0.015836, 0.356568, -0.933506, 0.008357, 0.0, 0.0, 0.0, 1.0],
                [0.954248, -0.298735, -0.012988, 0.026914, -0.298597, -0.949704, -0.094347, 0.230686, 0.015837, 0.093843, -0.99487, -0.068607, 0.0, 0.0, 0.0, 1.0]
            ]
        },
        {
            "name": "Elbow_L",
            "time": [0.0, 0.1833, 0.6667],
            "transform": [
                [-1.0, 0.0, -0.0, 0.0, 0.0, -0.0, -1.0, 0.3, -0.0, -1.0, -0.0, -0.0, 0.0, 0.0, 0.0, 1.0],
                [-1.0, 0.0, 0.0, 0.0, 0.0, 0.846723, -0.532034, 0.3, -0.0, -0.532033, -0.846723, 0.0, 0.0, 0.0, 0.0, 1.0],
                [-1.0, 0.0, 0.0, 0.0, 0.0, 0.846723, -0.532034, 0.3, -0.0, -0.532034, -0.846723, -0.0, 0.0, 0.0, 0.0, 1.0]
            ]
        }
    ]
}