{
    
    "animation": [
        {
            "name": "Root",
            "time": [0.0, 0.15, 0.3333, 0.4167, 0.75, 1.0833],
            "transform": [
                [0.854689, 0.0, -0.51914, -5e-06, -0.51914, 0.0, -0.854689, 0.000946, 0.0, 1.0, 0.0, 0.777146, 0.0, 0.0, 0.0, 1.0],
                [0.982942, 0.0, 0.183917, -0.005838, 0.183917, 0.0, -0.982942, 0.246141, 0.0, 1.0, 0.0, 0.718128, 0.0, 0.0, 0.0, 1.0],
                [0.786454, 0.0, 0.617648, -0.005838, 0.617648, 0.0, -0.786454, 0.246141, 0.0, 1.0, 0.0, 0.715196, 0.0, 0.0, 0.0, 1.0],
                [0.786454, 0.0, 0.617648, -0.005838, 0.617648, 0.0, -0.786454, 0.246141, 0.0, 1.0, 0.0, 0.715196, 0.0, 0.0, 0.0, 1.0],
                [0.956268, 0.0, -0.292491, -0.010159, -0.292491, 0.0, -0.956268, 1.003037, 0.0, 1.0, 0.0, 0.65172, 0.0, 0.0, 0.0, 1.0],
                [0.956268, 0.0, -0.292491, -0.010159, -0.292491, 0.0, -0.956268, 1.003037, 0.0, 1.0, 0.0, 0.674962, 0.0, 0.0, 0.0, 1.0]
            ]
        },
        {
            "name": "Thigh_R",
            "time": [0.0, 0.0833, 0.15, 0.3333, 0.4167, 0.4833, 0.6, 0.6333, 0.75, 1.0833],
            "transform": [
                [0.996122, 0.056386, -0.067528, 0.124994, 0.068868, -0.977426, 0.199728, -0.002831, -0.054742, -0.203604, -0.977522, -1.2e-05, 0.0, 0.0, 0.0, 1.0],
                [0.998272, 0.057788, -0.010619, 0.124994, 0.058179, -0.946922, 0.31615, -0.002831, 0.008215, -0.316221, -0.94865, -1.2e-05, 0.0, 0.0, 0.0, 1.0],
                [0.996928, 0.075293, 0.021543, 0.124994, 0.058119, -0.895674, 0.440893, -0.002831, 0.052491, -0.438285, -0.897302, -1.2e-05, 0.0, 0.0, 0.0, 1.0],
                [0.780815, 0.337994, 0.52544, 0.124994, 0.026027, -0.857889, 0.513172, -0.002831, 0.624219, -0.387016, -0.678652, -1.2e-05, 0.0, 0.0, 0.0, 1.0],
                [0.780815, 0.337994, 0.52544, 0.124994, 0.026027, -0.857889, 0.513172, -0.002831, 0.624219, -0.387016, -0.678652, -1.2e-05, 0.0, 0.0, 0.0, 1.0],
                [0.780815, 0.419317, 0.463141, 0.124994, 0.026027, -0.762495, 0.646469, -0.002831, 0.624219, -0.492717, -0.606283, -1.2e-05, 0.0, 0.0, 0.0, 1.0],
                [0.993506, 0.034819, 0.108318, 0.124994, 0.008078, -0.971203, 0.238107, -0.002831, 0.11349, -0.235684, -0.96518, -1.2e-05, 0.0, 0.0, 0.0, 1.0],
                [0.99985, -0.013573, -0.01071, 0.124994, -0.01255, -0.99583, 0.090341, -0.002831, -0.011891, -0.090192, -0.995854, -1.2e-05, 0.0, 0.0, 0.0, 1.0],
                [0.925802, 0.153221, -0.345561, 0.124994, 0.04848, -0.954742, -0.293449, -0.002831, -0.374885, 0.254923, -0.891334, -1.2e-05, 0.0, 0.0, 0.0, 1.0],
                [0.925802, 0.110896, -0.361374, 0.124994, 0.04848, -0.982935, -0.177438, -0.002831, -0.374885, 0.146754, -0.915382, -1.2e-05, 0.0, 0.0, 0.0, 1.0]
            ]
        },
        {
            "name": "Leg_R",
            "time": [0.0, 0.0833, 0.15, 0.3333, 0.4167, 0.6, 0.6333, 1.0833],
            "transform": [
                [1.0, -0.0, 2e-06, -0.0, -0.0, 0.9661, 0.258173, 0.37472, -2e-06, -0.258173, 0.966098, -0.0, 0.0, 0.0, 0.0, 1.0],
                [1.0, -1e-06, 1e-06, -0.0, -0.0, 0.707182, 0.707031, 0.37472, -2e-06, -0.707032, 0.707181, -0.0, 0.0, 0.0, 0.0, 1.0],
                [1.0, -1e-06, 2e-06, -0.0, -0.0, 0.920953, 0.389676, 0.37472, -2e-06, -0.389676, 0.920951, -0.0, 0.0, 0.0, 0.0, 1.0],
                [1.0, -1e-06, 2e-06, -0.0, -0.0, 0.920953, 0.389676, 0.37472, -2e-06, -0.389676, 0.920951, -0.0, 0.0, 0.0, 0.0, 1.0],
                [1.0, -1e-06, 2e-06, -0.0, -0.0, 0.920953, 0.389676, 0.37472, -2e-06, -0.389676, 0.920951, -0.0, 0.0, 0.0, 0.0, 1.0],
                [1.0, -0.000578, 2e-06, 0.0, 0.00047, 0.815191, 0.579193, 0.37472, -0.000336, -0.579194, 0.815189, 0.0, 0.0, 0.0, 0.0, 1.0],
                [1.0, -1e-06, 2e-06, 0.0, -0.0, 0.808149, 0.588979, 0.37472, -2e-06, -0.588979, 0.808148, -0.0, 0.0, 0.0, 0.0, 1.0],
                [1.0, -1e-06, 1e-06, 0.0, -0.0, 0.75192, 0.659254, 0.37472, -2e-06, -0.659255, 0.751919, -0.0, 0.0, 0.0, 0.0, 1.0]
            ]
        },
        {
            "name": "Knee_R",
            "time": [0.0, 1.0833],
            "transform": [
                [1.0, 0.0, -0.0, -0.0, -0.0, 1e-06, -1.0, 0.37472, -0.0, 1.0, 1e-06, -0.0, 0.0, 0.0, 0.0, 1.0],
                [1.0, 0.0, -0.0, 0.0, -0.0, 1e-06, -1.0, 0.37472, -0.0, 1.0, 1e-06, -0.0, 0.0, 0.0, 0.0, 1.0]
            ]
        },
        {
            "name": "Thigh_L",
            "time": [0.0, 0.15, 0.3333, 0.4167, 0.4833, 0.75, 1.0833],
            "transform": [
                [0.862919, -0.170302, -0.475781, -0.109662, -0.086164, -0.977301, 0.193541, -0.002831, -0.497941, -0.126015, -0.858006, 0.02525, 0.0, 0.0, 0.0, 1.0],
                [0.976325, -0.160531, 0.144975, -0.109662, -0.146024, -0.983611, -0.105764, -0.002831, 0.159578, 0.082091, -0.983766, 0.02525, 0.0, 0.0, 0.0, 1.0],
                [0.976325, -0.160531, 0.144975, -0.109662, -0.146024, -0.983611, -0.105764, -0.002831, 0.159578, 0.082091, -0.983766, 0.02525, 0.0, 0.0, 0.0, 1.0],
                [0.976325, -0.160531, 0.144975, -0.109662, -0.146024, -0.983611, -0.105764, -0.002831, 0.159578, 0.082091, -0.983766, 0.02525, 0.0, 0.0, 0.0, 1.0],
                [0.90996, -0.160531, 0.382362, -0.109662, -0.115265, -0.983611, -0.138647, -0.002831, 0.398352, 0.082091, -0.913551, 0.02525, 0.0, 0.0, 0.0, 1.0],
                [0.919006, -0.289639, -0.267461, -0.109662, -0.066944, -0.783217, 0.618134, -0.002831, -0.388516, -0.550165, -0.739171, 0.02525, 0.0, 0.0, 0.0, 1.0],
                [0.919006, -0.236614, -0.315341, -0.109662, -0.066944, -0.881911, 0.466637, -0.002831, -0.388516, -0.407732, -0.826323, 0.02525, 0.0, 0.0, 0.0, 1.0]
            ]
        },
        {
            "name": "Leg_L",
            "time": [0.0, 0.15, 0.3333, 0.4167, 0.55, 0.75, 1.0833],
            "transform": [
                [0.999985, 0.000377, 0.005472, 0.0, -0.001379, 0.982875, 0.184266, 0.37472, -0.005308, -0.184271, 0.982861, -0.0, 0.0, 0.0, 0.0, 1.0],
                [0.984682, 0.166377, 0.052153, 0.0, -0.171485, 0.870018, 0.462235, 0.37472, 0.031531, -0.464097, 0.885223, 0.0, 0.0, 0.0, 0.0, 1.0],
                [0.984682, 0.174274, 0.00548, -0.0, -0.171485, 0.962285, 0.211189, 0.37472, 0.031532, -0.208894, 0.97743, -0.0, 0.0, 0.0, 0.0, 1.0],
                [0.984682, 0.174274, 0.00548, -0.0, -0.171485, 0.962285, 0.211189, 0.37472, 0.031532, -0.208894, 0.97743, -0.0, 0.0, 0.0, 0.0, 1.0],
                [0.996653, 0.048339, 0.065931, -0.0, -0.080884, 0.46576, 0.881207, 0.37472, 0.011889, -0.883589, 0.468111, 0.0, 0.0, 0.0, 0.0, 1.0],
                [0.999964, 0.006561, 0.00548, 0.0, -0.00757, 0.977416, 0.211189, 0.37472, -0.00397, -0.211223, 0.97743, 0.0, 0.0, 0.0, 0.0, 1.0],
                [0.999964, 0.006561, 0.00548, 0.0, -0.00757, 0.977416, 0.211189, 0.37472, -0.00397, -0.211223, 0.97743, -0.0, 0.0, 0.0, 0.0, 1.0]
            ]
        },
        {
            "name": "Knee_L",
            "time": [0.0, 1.0833],
            "transform": [
                [1.0, 0.0, -0.0, 0.0, -0.0, 1e-06, -1.0, 0.37472, -0.0, 1.0, 1e-06, -0.0, 0.0, 0.0, 0.0, 1.0],
                [1.0, 0.0, -0.0, 0.0, -0.0, 1e-06, -1.0, 0.37472, -0.0, 1.0, 1e-06, -0.0, 0.0, 0.0, 0.0, 1.0]
            ]
        },
        {
            "name": "Torso",
            "time": [0.0, 0.15, 0.4167, 0.4833, 0.75, 1.0833],
            "transform": [
                [0.965662, -0.025127, 0.258583, -0.0, 0.020968, 0.999603, 0.018828, 0.05, -0.258953, -0.012759, 0.965806, 0.0, 0.0, 0.0, 0.0, 1.0],
                [0.998966, -0.025127, -0.037882, 0.0, 0.02559, 0.999603, 0.011802, 0.05, 0.03757, -0.012759, 0.999212, -0.0, 0.0, 0.0, 0.0, 1.0],
                [0.928349, -0.025127, -0.37086, -0.0, 0.028067, 0.999603, 0.002532, 0.05, 0.370649, -0.012759, 0.928685, -0.0, 0.0, 0.0, 0.0, 1.0],
                [0.97999, -0.025127, 0.197453, 0.0, 0.022109, 0.999603, 0.017474, 0.05, -0.197814, -0.012759, 0.980157, 0.0, 0.0, 0.0, 0.0, 1.0],
                [0.998015, 0.006106, -0.062679, -0.0, 0.02582, 0.868112, 0.495697, 0.05, 0.057439, -0.496331, 0.866231, -0.0, 0.0, 0.0, 0.0, 1.0],
                [0.998015, 0.006106, -0.062679, -0.0, 0.02582, 0.868112, 0.495697, 0.05, 0.057439, -0.496331, 0.866231, -0.0, 0.0, 0.0, 0.0, 1.0]
            ]
        },
        {
            "name": "Chest",
            "time": [0.0, 0.2167, 0.4167, 0.4833, 0.75, 1.0833],
            "transform": [
                [0.997431, -0.023894, 0.067533, -0.0, 0.022738, 0.999582, 0.017843, 0.3, -0.067931, -0.016261, 0.997558, -0.0, 0.0, 0.0, 0.0, 1.0],
                [0.987706, -0.147823, 0.050853, -0.0, 0.14476, 0.987681, 0.059413, 0.3, -0.059009, -0.051322, 0.996938, 0.0, 0.0, 0.0, 0.0, 1.0],
                [0.980786, -0.079791, 0.178024, 0.0, 0.05292, 0.987134, 0.150885, 0.3, -0.187773, -0.138564, 0.97239, -0.0, 0.0, 0.0, 0.0, 1.0],
                [0.806246, -0.079791, 0.586175, -0.0, -0.017833, 0.987134, 0.158899, 0.3, -0.591312, -0.138564, 0.79445, 0.0, 0.0, 0.0, 0.0, 1.0],
                [0.86853, -0.079791, -0.489172, 0.0, 0.137064, 0.987134, 0.082342, 0.3, 0.476308, -0.138564, 0.868292, -0.0, 0.0, 0.0, 0.0, 1.0],
                [0.881003, -0.053779, -0.470044, -0.0, 0.019749, 0.996833, -0.077035, 0.3, 0.472698, 0.058585, 0.879275, 0.0, 0.0, 0.0, 0.0, 1.0]
            ]
        },
        {
            "name": "Head",
            "time": [0.0, 0.3, 0.4167, 0.4833, 0.75, 1.0833],
            "transform": [
                [0.989016, 0.03176, 0.144357, 0.0, -0.026637, 0.99895, -0.037285, 0.4, -0.145389, 0.033031, 0.988823, -0.0, 0.0, 0.0, 0.0, 1.0],
                [0.985, 0.03176, -0.169609, -0.0, -0.03689, 0.99895, -0.027182, 0.4, 0.168567, 0.033031, 0.985137, 0.0, 0.0, 0.0, 0.0, 1.0],
                [0.965902, 0.031786, -0.256948, 0.0, -0.039203, 0.998948, -0.02379, 0.4, 0.255922, 0.033052, 0.966132, 0.0, 0.0, 0.0, 0.0, 1.0],
                [0.801018, 0.031786, -0.597796, 0.0, -0.045239, 0.998948, -0.007501, 0.4, 0.596928, 0.033052, 0.801613, -0.0, 0.0, 0.0, 0.0, 1.0],
                [0.754461, 0.274041, 0.596398, -0.0, -0.002291, 0.909759, -0.41513, 0.4, -0.656341, 0.311833, 0.687006, 0.0, 0.0, 0.0, 0.0, 1.0],
                [0.754461, 0.274041, 0.596398, -0.0, -0.002291, 0.909759, -0.41513, 0.4, -0.656341, 0.311833, 0.687006, -0.0, 0.0, 0.0, 0.0, 1.0]
            ]
        },
        {
            "name": "Shoulder_R",
            "time": [0.0, 0.2833, 0.4167, 0.4833, 0.6167, 0.75, 1.0833],
            "transform": [
                [-0.059544, 0.923942, 0.37787, 0.0, -0.044266, -0.380613, 0.923674, 0.4, 0.997244, 0.038273, 0.063562, -0.0, 0.0, 0.0, 0.0, 1.0],
                [0.835925, 0.496613, 0.233674, 0.0, -0.185981, -0.144263, 0.971905, 0.4, 0.516372, -0.855899, -0.028233, -0.0, 0.0, 0.0, 0.0, 1.0],
                [0.835925, 0.496613, 0.233674, 0.0, -0.185981, -0.144263, 0.971905, 0.4, 0.516372, -0.855899, -0.028233, 0.0, 0.0, 0.0, 0.0, 1.0],
                [0.714466, 0.655809, 0.243829, 0.0, -0.172074, -0.17309, 0.969758, 0.4, 0.67818, -0.734816, -0.010819, -0.0, 0.0, 0.0, 0.0, 1.0],
                [-0.527659, 0.781394, 0.333166, 0.0, 0.146496, -0.302626, 0.941784, 0.4, 0.836729, 0.545748, 0.045212, 0.0, 0.0, 0.0, 0.0, 1.0],
                [0.269886, 0.869651, 0.413363, -0.0, -0.19391, -0.371411, 0.907994, 0.4, 0.943165, -0.32521, 0.068395, 0.0, 0.0, 0.0, 0.0, 1.0],
                [0.269886, 0.869651, 0.413363, -0.0, -0.19391, -0.371411, 0.907994, 0.4, 0.943165, -0.32521, 0.068395, -0.0, 0.0, 0.0, 0.0, 1.0]
            ]
        },
        {
            "name": "Arm_R",
            "time": [0.0, 0.2833, 0.4167, 0.4833, 0.6167, 0.75, 1.0833],
            "transform": [
                [-0.218895, 0.064466, -0.973617, 0.0, 0.826533, 0.54256, -0.149902, 0.39386, 0.518582, -0.837539, -0.172047, -0.0, 0.0, 0.0, 0.0, 1.0],
                [-0.46357, -0.798756, -0.383526, -0.0, -0.480228, 0.590248, -0.648836, 0.393861, 0.744637, -0.116601, -0.657206, -0.0, 0.0, 0.0, 0.0, 1.0],
                [-0.46357, -0.798756, -0.383526, 0.0, -0.480228, 0.590249, -0.648836, 0.393861, 0.744637, -0.116601, -0.657206, 0.0, 0.0, 0.0, 0.0, 1.0],
                [0.305126, -0.947067, 0.099809, 0.0, 0.67426, 0.140833, -0.724941, 0.39386, 0.672512, 0.288496, 0.681541, 0.0, 0.0, 0.0, 0.0, 1.0],
                [0.141388, 0.798272, -0.585466, 0.0, 0.406803, 0.492316, 0.769504, 0.393861, 0.902508, -0.346968, -0.255132, 0.0, 0.0, 0.0, 0.0, 1.0],
                [-0.225471, 0.377113, -0.898303, -0.0, 0.302764, 0.903515, 0.303308, 0.39386, 0.926012, -0.203587, -0.317892, 0.0, 0.0, 0.0, 0.0, 1.0],
                [-0.225471, 0.18469, -0.956584, -0.0, 0.302764, 0.946534, 0.111387, 0.39386, 0.926011, -0.264504, -0.269333, -0.0, 0.0, 0.0, 0.0, 1.0]
            ]
        },
        {
            "name": "Hand_R",
            "time": [0.0, 0.3333, 0.4167, 0.4833, 0.75, 1.0833],
            "transform": [
                [0.998476, 0.048074, -0.0271, 0.0, -0.049714, 0.996745, -0.063466, 0.3, 0.023961, 0.064716, 0.997616, 0.0, 0.0, 0.0, 0.0, 1.0],
                [0.998476, 0.03539, -0.042346, -0.0, -0.049714, 0.909946, -0.411738, 0.3, 0.023961, 0.413215, 0.910318, -0.0, 0.0, 0.0, 0.0, 1.0],
                [0.998476, 0.03539, -0.042346, -0.0, -0.049714, 0.909946, -0.411738, 0.3, 0.023961, 0.413215, 0.910318, 0.0, 0.0, 0.0, 0.0, 1.0],
                [0.998476, 0.045465, -0.031281, -0.0, -0.049714, 0.98711, -0.152126, 0.3, 0.023961, 0.15345, 0.987866, -0.0, 0.0, 0.0, 0.0, 1.0],
                [0.998476, 0.04624, -0.030124, 0.0, -0.049714, 0.990632, -0.127187, 0.3, 0.023961, 0.12849, 0.991421, 0.0, 0.0, 0.0, 0.0, 1.0],
                [0.998476, 0.04624, -0.030124, -0.0, -0.049714, 0.990632, -0.127187, 0.3, 0.023961, 0.12849, 0.991421, 0.0, 0.0, 0.0, 0.0, 1.0]
            ]
        },
        {
            "name": "Tool_R",
            "time": [0.0, 0.0167, 0.0333, 0.05, 0.0667, 0.0833, 0.1, 0.1167, 0.1333, 0.15, 0.1667, 0.1833, 0.2, 0.2167, 0.2333, 0.25, 0.35, 0.3833, 0.4167, 0.4833, 0.6167, 0.75, 1.0833],
            "transform": [
                [-0.877485, 0.464135, 0.120827, -0.882804, -0.470163, -0.882207, -0.02564, -0.001026, 0.094633, -0.07927, 0.991755, 0.759175, 0.0, 0.0, 0.0, 1.0],
                [-0.87396, 0.463645, 0.145694, -0.870814, -0.470544, -0.882249, -0.015005, -0.004489, 0.121505, -0.08163, 0.98863, 0.770026, 0.0, 0.0, 0.0, 1.0],
                [-0.852663, 0.481147, 0.203624, -0.839512, -0.491293, -0.870994, 0.000826, -0.02514, 0.177642, -0.099286, 0.978469, 0.80382, 0.0, 0.0, 0.0, 1.0],
                [-0.791801, 0.528587, 0.306018, -0.775459, -0.545094, -0.837586, 0.036374, -0.046759, 0.275374, -0.137935, 0.950767, 0.855798, 0.0, 0.0, 0.0, 1.0],
                [-0.707443, 0.555391, 0.437111, -0.676193, -0.577618, -0.81073, 0.095263, -0.067082, 0.40704, -0.184988, 0.89382, 0.912889, 0.0, 0.0, 0.0, 1.0],
                [-0.577147, 0.569264, 0.585525, -0.539128, -0.590142, -0.786332, 0.182796, -0.072145, 0.564136, -0.239909, 0.78931, 0.966407, 0.0, 0.0, 0.0, 1.0],
                [-0.389084, 0.565801, 0.726969, -0.370032, -0.580655, -0.763276, 0.283284, -0.053514, 0.71473, -0.31172, 0.625146, 0.990289, 0.0, 0.0, 0.0, 1.0],
                [-0.157819, 0.54171, 0.825617, -0.191514, -0.507162, -0.761861, 0.402932, -0.003194, 0.846771, -0.354929, 0.394741, 0.97037, 0.0, 0.0, 0.0, 1.0],
                [0.08771, 0.51644, 0.85182, -0.033654, -0.378715, -0.773619, 0.508024, 0.066715, 0.920798, -0.366947, 0.127659, 0.895188, 0.0, 0.0, 0.0, 1.0],
                [0.326857, 0.494626, 0.805301, 0.081932, -0.197753, -0.797446, 0.570065, 0.14382, 0.923604, -0.345384, -0.162734, 0.774185, 0.0, 0.0, 0.0, 1.0],
                [0.516565, 0.505979, 0.690758, 0.139195, 0.007935, -0.80952, 0.587038, 0.210034, 0.855705, -0.297595, -0.421928, 0.635325, 0.0, 0.0, 0.0, 1.0],
                [0.645186, 0.531088, 0.549254, 0.149768, 0.206036, -0.813205, 0.544286, 0.25236, 0.735286, -0.237868, -0.633711, 0.500313, 0.0, 0.0, 0.0, 1.0],
                [0.71062, 0.581569, 0.395976, 0.129399, 0.37822, -0.790331, 0.482003, 0.274862, 0.592923, -0.192649, -0.781118, 0.389035, 0.0, 0.0, 0.0, 1.0],
                [0.728775, 0.634211, 0.25819, 0.090873, 0.514724, -0.756055, 0.404277, 0.283321, 0.451341, -0.161643, -0.876915, 0.304719, 0.0, 0.0, 0.0, 1.0],
                [0.711183, 0.685184, 0.157297, 0.055344, 0.614992, -0.714773, 0.332994, 0.282528, 0.340398, -0.140008, -0.929162, 0.246523, 0.0, 0.0, 0.0, 1.0],
                [0.723409, 0.687146, 0.067156, 0.01973, 0.650737, -0.711097, 0.266237, 0.275675, 0.230569, -0.148817, -0.960993, 0.208853, 0.0, 0.0, 0.0, 1.0],
                [0.632321, 0.774335, 0.023991, -0.016759, 0.765536, -0.629287, 0.133986, 0.249484, 0.118785, -0.066323, -0.990105, 0.152306, 0.0, 0.0, 0.0, 1.0],
                [0.513152, 0.856521, 0.055191, -0.034247, 0.83543, -0.513191, 0.196705, 0.237219, 0.196698, -0.054805, -0.978326, 0.156258, 0.0, 0.0, 0.0, 1.0],
                [0.513152, 0.856521, 0.055191, -0.034247, 0.83543, -0.513191, 0.196705, 0.237219, 0.196698, -0.054805, -0.978326, 0.156259, 0.0, 0.0, 0.0, 1.0],
                [0.991009, -0.091607, -0.097517, -0.034247, -0.069504, -0.975264, 0.209832, 0.237219, -0.11426, -0.201059, -0.972284, 0.156259, 0.0, 0.0, 0.0, 1.0],
                [0.997429, 0.035471, -0.062271, -0.00809, 0.011107, -0.934935, -0.354646, 0.281539, -0.070756, 0.352823, -0.932376, 0.098466, 0.0, 0.0, 0.0, 1.0],
                [0.991726, 0.11479, 0.057469, 0.018067, 0.102532, -0.438923, -0.892655, 0.325859, -0.077197, 0.89063, -0.446806, 0.040674, 0.0, 0.0, 0.0, 1.0],
                [0.991726, 0.11479, 0.057469, 0.018067, 0.102532, -0.438923, -0.892655, 0.325859, -0.077197, 0.89063, -0.446806, 0.040673, 0.0, 0.0, 0.0, 1.0]
            ]
        },
        {
            "name": "Elbow_R",
            "time": [0.0, 1.0833],
            "transform": [
                [-1.0, 0.0, -0.0, 0.0, 0.0, -0.0, -1.0, 0.3, -0.0, -1.0, 0.0, 0.0, 0.0, 0.0, 0.0, 1.0],
                [-1.0, 0.0, -0.0, -0.0, 0.0, 0.0, -1.0, 0.3, -0.0, -1.0, 0.0, 0.0, 0.0, 0.0, 0.0, 1.0]
            ]
        },
        {
            "name": "Shoulder_L",
            "time": [0.0, 0.4167, 0.75, 1.0833],
            "transform": [
                [-0.007939, -0.952498, -0.304441, 0.0, -0.088921, -0.302572, 0.94897, 0.4, -0.996007, 0.034605, -0.082295, -0.0, 0.0, 0.0, 0.0, 1.0],
                [-0.007939, -0.952498, -0.304441, 0.0, -0.088921, -0.302572, 0.94897, 0.4, -0.996007, 0.034605, -0.082295, 0.0, 0.0, 0.0, 0.0, 1.0],
                [-0.343119, -0.888586, -0.304441, -0.0, -0.189852, -0.25182, 0.94897, 0.4, -0.919905, 0.383408, -0.082295, 0.0, 0.0, 0.0, 0.0, 1.0],
                [-0.343119, -0.888586, -0.304441, -0.0, -0.189851, -0.25182, 0.948969, 0.4, -0.919905, 0.383408, -0.082295, -0.0, 0.0, 0.0, 0.0, 1.0]
            ]
        },
        {
            "name": "Arm_L",
            "time": [0.0, 0.2167, 0.4167, 0.75, 1.0833],
            "transform": [
                [0.222896, -0.111994, 0.968388, 0.0, -0.832018, 0.495804, 0.248847, 0.39386, -0.508, -0.861183, 0.017332, -0.0, 0.0, 0.0, 0.0, 1.0],
                [-0.149222, 0.07764, 0.985751, -0.0, -0.764516, 0.623179, -0.164815, 0.39386, -0.627095, -0.778216, -0.033635, -0.0, 0.0, 0.0, 0.0, 1.0],
                [-0.254916, 0.021405, 0.966726, -0.0, -0.865095, 0.441606, -0.237895, 0.39386, -0.432004, -0.896954, -0.094055, 0.0, 0.0, 0.0, 0.0, 1.0],
                [0.427012, 0.03093, 0.903717, 0.0, -0.82132, 0.431357, 0.373316, 0.39386, -0.378278, -0.901651, 0.209598, -0.0, 0.0, 0.0, 0.0, 1.0],
                [0.427012, 0.03093, 0.903717, 0.0, -0.82132, 0.431357, 0.373315, 0.39386, -0.378278, -0.901651, 0.209598, 0.0, 0.0, 0.0, 0.0, 1.0]
            ]
        },
        {
            "name": "Hand_L",
            "time": [0.0, 0.2167, 0.4167, 1.0833],
            "transform": [
                [0.997576, 0.022771, 0.06576, -0.0, -0.013617, 0.990555, -0.136437, 0.3, -0.068245, 0.135211, 0.988464, 0.0, 0.0, 0.0, 0.0, 1.0],
                [0.997576, 0.069167, 0.007664, -0.0, -0.013617, 0.302014, -0.953207, 0.3, -0.068245, 0.950791, 0.302224, -0.0, 0.0, 0.0, 0.0, 1.0],
                [0.997576, 0.069167, 0.007664, 0.0, -0.013617, 0.302014, -0.953207, 0.3, -0.068245, 0.950791, 0.302224, -0.0, 0.0, 0.0, 0.0, 1.0],
                [0.997576, 0.069132, 0.007976, -0.0, -0.013617, 0.306311, -0.951835, 0.3, -0.068245, 0.949418, 0.306509, 0.0, 0.0, 0.0, 0.0, 1.0]
            ]
        },
        {
            "name": "Tool_L",
            "time": [0.0, 0.2167, 0.4167, 1.0833],
            "transform": [
                [0.99711, 0.043861, -0.062033, -0.012677, 0.036135, -0.992043, -0.1206, 0.208813, -0.066789, 0.11793, -0.99018, 0.160811, 0.0, 0.0, 0.0, 1.0],
                [0.997111, 0.074747, -0.013492, -0.016074, 0.036102, -0.622682, -0.781641, 0.249036, -0.066787, 0.778431, -0.623224, 0.131885, 0.0, 0.0, 0.0, 1.0],
                [0.997111, 0.074747, -0.013492, -0.016073, 0.036102, -0.622683, -0.781641, 0.249035, -0.066787, 0.778432, -0.623224, 0.131885, 0.0, 0.0, 0.0, 1.0],
                [0.997111, 0.074747, -0.013492, -0.016074, 0.036102, -0.622682, -0.781641, 0.249036, -0.066787, 0.778431, -0.623224, 0.131885, 0.0, 0.0, 0.0, 1.0]
            ]
        },
        {
            "name": "Elbow_L",
            "time": [0.0, 0.75, 1.0833],
            "transform": [
                [-0.998967, -0.043093, -0.01444, -4.9e-05, 0.028309, -0.34145, -0.939473, 0.367197, 0.035554, -0.938911, 0.342317, -0.015902, 0.0, 0.0, 0.0, 1.0],
                [-0.998967, -0.025085, -0.037898, -4.9e-05, 0.028309, 0.308904, -0.950672, 0.367197, 0.035554, -0.950762, -0.307875, -0.015902, 0.0, 0.0, 0.0, 1.0],
                [-0.998967, -0.025085, -0.037898, -4.9e-05, 0.028309, 0.308904, -0.950672, 0.367197, 0.035554, -0.950762, -0.307875, -0.015902, 0.0, 0.0, 0.0, 1.0]
            ]
        }
    ]
}