{
    
    "animation": [
        {
            "name": "Root",
            "time": [0.0, 0.2167, 0.35, 0.5, 0.5833],
            "transform": [
                [0.956268, 0.0, -0.292491, 0.013738, -0.292491, 0.0, -0.956268, 0.208188, 0.0, 1.0, 0.0, 0.674962, 0.0, 0.0, 0.0, 1.0],
                [0.956268, -0.029302, -0.291019, -0.029619, -0.292491, -0.0958, -0.951458, 0.438028, 0.0, 0.994969, -0.100181, 0.645125, 0.0, 0.0, 0.0, 1.0],
                [0.974039, 0.022579, 0.225253, 0.028871, 0.223071, 0.073819, -0.972003, 0.882733, -0.038575, 0.997016, 0.066866, 0.48422, 0.0, 0.0, 0.0, 1.0],
                [0.974039, 0.022579, 0.225253, -0.010358, 0.223071, 0.073819, -0.972003, 1.056716, -0.038575, 0.997016, 0.066866, 0.499782, 0.0, 0.0, 0.0, 1.0],
                [0.974039, 0.022579, 0.225253, -0.010358, 0.223071, 0.073819, -0.972003, 1.056716, -0.038575, 0.997016, 0.066866, 0.499782, 0.0, 0.0, 0.0, 1.0]
            ]
        },
        {
            "name": "Thigh_R",
            "time": [0.0, 0.2167, 0.35, 0.5, 0.5833],
            "transform": [
                [0.925802, -0.217162, -0.309403, 0.124994, 0.04848, -0.743537, 0.666934, -0.002831, -0.374885, -0.632447, -0.677842, -1.2e-05, 0.0, 0.0, 0.0, 1.0],
                [0.925802, -0.321333, -0.199082, 0.124994, 0.04848, -0.421379, 0.905587, -0.002831, -0.374885, -0.848045, -0.374537, -1.2e-05, 0.0, 0.0, 0.0, 1.0],
                [0.971933, 0.224737, 0.069558, 0.124994, -0.034466, -0.156449, 0.987085, -0.002831, 0.232717, -0.961776, -0.144313, -1.2e-05, 0.0, 0.0, 0.0, 1.0],
                [0.971933, 0.220146, 0.082951, 0.124994, -0.034466, -0.215543, 0.975886, -0.002831, 0.232717, -0.951353, -0.201907, -1.2e-05, 0.0, 0.0, 0.0, 1.0],
                [0.971933, 0.220146, 0.082951, 0.124994, -0.034466, -0.215543, 0.975886, -0.002831, 0.232717, -0.951353, -0.201907, -1.2e-05, 0.0, 0.0, 0.0, 1.0]
            ]
        },
        {
            "name": "Leg_R",
            "time": [0.0, 0.2167, 0.35, 0.5, 0.5833],
            "transform": [
                [1.0, -2e-06, 1e-06, -0.0, -0.0, 0.112726, 0.993625, 0.37472, -2e-06, -0.993627, 0.112725, -0.0, 0.0, 0.0, 0.0, 1.0],
                [1.0, -2e-06, 0.0, 0.0, -0.0, -0.187891, 0.982189, 0.37472, -2e-06, -0.98219, -0.187891, 0.0, 0.0, 0.0, 0.0, 1.0],
                [1.0, -2e-06, 0.0, -0.0, -0.0, 0.090115, 0.995931, 0.37472, -2e-06, -0.995932, 0.090115, -0.0, 0.0, 0.0, 0.0, 1.0],
                [1.0, -2e-06, 1e-06, 0.0, -0.0, 0.32577, 0.945449, 0.37472, -2e-06, -0.94545, 0.325769, -0.0, 0.0, 0.0, 0.0, 1.0],
                [1.0, -2e-06, 1e-06, 0.0, -0.0, 0.32577, 0.945449, 0.37472, -2e-06, -0.94545, 0.325769, -0.0, 0.0, 0.0, 0.0, 1.0]
            ]
        },
        {
            "name": "Knee_R",
            "time": [0.0, 0.2167, 0.35, 0.5833],
            "transform": [
                [1.0, 0.0, -0.0, -0.0, -0.0, 1e-06, -1.0, 0.37472, -0.0, 1.0, 1e-06, -0.0, 0.0, 0.0, 0.0, 1.0],
                [1.0, 0.0, -0.0, 0.0, -0.0, 1e-06, -1.0, 0.37472, -0.0, 1.0, 1e-06, 0.0, 0.0, 0.0, 0.0, 1.0],
                [1.0, 0.0, -0.0, -0.0, -0.0, 0.660122, -0.751159, 0.37472, -0.0, 0.751159, 0.660121, -0.0, 0.0, 0.0, 0.0, 1.0],
                [1.0, 0.0, -0.0, 0.0, -0.0, 0.660121, -0.751159, 0.37472, -0.0, 0.751159, 0.660121, -0.0, 0.0, 0.0, 0.0, 1.0]
            ]
        },
        {
            "name": "Thigh_L",
            "time": [0.0, 0.2167, 0.35, 0.5, 0.5833],
            "transform": [
                [0.919006, 0.037104, -0.392491, -0.109662, -0.066944, -0.966416, -0.248109, -0.002831, -0.388516, 0.25429, -0.885659, 0.02525, 0.0, 0.0, 0.0, 1.0],
                [0.919006, 0.037104, -0.392491, -0.109662, -0.066944, -0.966416, -0.248109, -0.002831, -0.388516, 0.25429, -0.885659, 0.02525, 0.0, 0.0, 0.0, 1.0],
                [0.968428, -0.243624, -0.052855, -0.109662, -0.231185, -0.798349, -0.55605, -0.002831, 0.09327, 0.550715, -0.829466, 0.02525, 0.0, 0.0, 0.0, 1.0],
                [0.995703, -0.066837, 0.064092, -0.109662, -0.020344, -0.833111, -0.552732, -0.002831, 0.090339, 0.549054, -0.83089, 0.02525, 0.0, 0.0, 0.0, 1.0],
                [0.995703, -0.066837, 0.064092, -0.109662, -0.020344, -0.833111, -0.552732, -0.002831, 0.090339, 0.549054, -0.83089, 0.02525, 0.0, 0.0, 0.0, 1.0]
            ]
        },
        {
            "name": "Leg_L",
            "time": [0.0, 0.2167, 0.5, 0.5833],
            "transform": [
                [0.999964, 0.005265, 0.006734, -0.0, -0.00757, 0.911364, 0.411532, 0.37472, -0.003971, -0.411567, 0.911371, -0.0, 0.0, 0.0, 0.0, 1.0],
                [0.999964, 0.005265, 0.006734, 0.0, -0.00757, 0.911364, 0.411532, 0.37472, -0.003971, -0.411568, 0.911371, -0.0, 0.0, 0.0, 0.0, 1.0],
                [0.999964, 0.00473, 0.00712, 0.0, -0.00757, 0.876917, 0.480582, 0.37472, -0.003971, -0.480618, 0.876921, 0.0, 0.0, 0.0, 0.0, 1.0],
                [0.999964, 0.00473, 0.00712, 0.0, -0.00757, 0.876917, 0.480582, 0.37472, -0.003971, -0.480618, 0.876921, 0.0, 0.0, 0.0, 0.0, 1.0]
            ]
        },
        {
            "name": "Knee_L",
            "time": [0.0, 0.2167, 0.5833],
            "transform": [
                [1.0, 0.0, -0.0, -0.0, -0.0, 1e-06, -1.0, 0.37472, -0.0, 1.0, 1e-06, -0.0, 0.0, 0.0, 0.0, 1.0],
                [1.0, 0.0, -0.0, 0.0, -0.0, 1e-06, -1.0, 0.37472, -0.0, 1.0, 1e-06, -0.0, 0.0, 0.0, 0.0, 1.0],
                [1.0, 0.0, -0.0, 0.0, -0.0, 1e-06, -1.0, 0.37472, -0.0, 1.0, 1e-06, 0.0, 0.0, 0.0, 0.0, 1.0]
            ]
        },
        {
            "name": "Torso",
            "time": [0.0, 0.2167, 0.35, 0.5833],
            "transform": [
                [0.855132, -0.021421, 0.517967, 0.0, -0.021077, 0.996883, 0.076023, 0.05, -0.517981, -0.075927, 0.852016, -0.0, 0.0, 0.0, 0.0, 1.0],
                [0.847907, 0.11298, 0.517967, 0.0, -0.177186, 0.981237, 0.076023, 0.05, -0.499659, -0.156237, 0.852016, -0.0, 0.0, 0.0, 0.0, 1.0],
                [0.30332, 0.11298, 0.946168, 0.0, -0.183798, 0.981237, -0.058246, 0.05, -0.934995, -0.156237, 0.318394, 0.0, 0.0, 0.0, 0.0, 1.0],
                [0.30332, 0.11298, 0.946168, 0.0, -0.183798, 0.981237, -0.058246, 0.05, -0.934995, -0.156237, 0.318394, -0.0, 0.0, 0.0, 0.0, 1.0]
            ]
        },
        {
            "name": "Chest",
            "time": [0.0, 0.2167, 0.35, 0.5833],
            "transform": [
                [0.562562, 0.067819, 0.823969, -0.0, 0.225861, 0.946111, -0.232079, 0.3, -0.795305, 0.316661, 0.516929, -0.0, 0.0, 0.0, 0.0, 1.0],
                [0.562562, 0.067819, 0.823969, 0.0, 0.225861, 0.946111, -0.232079, 0.3, -0.795305, 0.316661, 0.516929, 0.0, 0.0, 0.0, 0.0, 1.0],
                [0.903406, 0.238509, 0.35633, 0.0, -0.294205, 0.949337, 0.110462, 0.3, -0.311931, -0.204626, 0.927808, -0.0, 0.0, 0.0, 0.0, 1.0],
                [0.869986, 0.340814, 0.35633, 0.0, -0.401422, 0.909207, 0.110462, 0.3, -0.28633, -0.239139, 0.927808, -0.0, 0.0, 0.0, 0.0, 1.0]
            ]
        },
        {
            "name": "Head",
            "time": [0.0, 0.2167, 0.35, 0.5833],
            "transform": [
                [0.862853, 0.212177, -0.458765, -0.0, -0.091239, 0.9581, 0.271513, 0.4, 0.497151, -0.192419, 0.846059, -0.0, 0.0, 0.0, 0.0, 1.0],
                [0.408527, 0.212177, -0.887743, -0.0, 0.091908, 0.9581, 0.271288, 0.4, 0.908107, -0.192419, 0.371909, 0.0, 0.0, 0.0, 0.0, 1.0],
                [-0.172698, -0.177942, -0.968768, -0.0, -0.01169, 0.983847, -0.178628, 0.4, 0.984905, -0.019523, -0.171989, -0.0, 0.0, 0.0, 0.0, 1.0],
                [-0.172698, -0.409652, -0.895746, -0.0, -0.01169, 0.910198, -0.414008, 0.4, 0.984906, -0.061027, -0.161979, -0.0, 0.0, 0.0, 0.0, 1.0]
            ]
        },
        {
            "name": "Shoulder_R",
            "time": [0.0, 0.2167, 0.35, 0.5833],
            "transform": [
                [0.511557, 0.753286, 0.413363, -0.0, -0.293711, -0.2988, 0.907994, 0.4, 0.807492, -0.585899, 0.068395, -0.0, 0.0, 0.0, 0.0, 1.0],
                [0.511557, 0.753286, 0.413363, -0.0, -0.293711, -0.2988, 0.907994, 0.4, 0.807492, -0.5859, 0.068395, 0.0, 0.0, 0.0, 0.0, 1.0],
                [-0.371227, 0.904142, 0.211466, -0.0, -0.008257, -0.230944, 0.972932, 0.4, 0.928505, 0.359432, 0.093198, -0.0, 0.0, 0.0, 0.0, 1.0],
                [-0.371227, 0.904142, 0.211466, -0.0, -0.008257, -0.230944, 0.972932, 0.4, 0.928505, 0.359432, 0.093198, -0.0, 0.0, 0.0, 0.0, 1.0]
            ]
        },
        {
            "name": "Arm_R",
            "time": [0.0, 0.2167, 0.35, 0.5833],
            "transform": [
                [0.242989, -0.969448, 0.033555, 0.0, 0.369772, 0.060591, -0.927145, 0.39386, 0.896786, 0.237694, 0.373198, -0.0, 0.0, 0.0, 0.0, 1.0],
                [0.686184, -0.712015, -0.148951, 0.0, 0.038325, 0.239866, -0.970049, 0.39386, 0.726418, 0.659924, 0.19188, -0.0, 0.0, 0.0, 0.0, 1.0],
                [0.993285, -0.001505, -0.115683, 0.0, 0.069186, 0.809142, 0.583526, 0.39386, 0.092726, -0.587611, 0.803813, -0.0, 0.0, 0.0, 0.0, 1.0],
                [0.993285, 0.007605, -0.115443, 0.0, 0.069186, 0.760704, 0.645401, 0.393861, 0.092726, -0.649055, 0.755069, 0.0, 0.0, 0.0, 0.0, 1.0]
            ]
        },
        {
            "name": "Hand_R",
            "time": [0.0, 0.2167, 0.35, 0.5833],
            "transform": [
                [0.998476, 0.04624, -0.030124, 0.0, -0.049714, 0.990632, -0.127187, 0.3, 0.023961, 0.12849, 0.991421, -0.0, 0.0, 0.0, 0.0, 1.0],
                [0.998476, 0.04624, -0.030124, 0.0, -0.049714, 0.990632, -0.127187, 0.3, 0.023961, 0.12849, 0.991421, 0.0, 0.0, 0.0, 0.0, 1.0],
                [0.995868, -0.085667, -0.030124, -0.0, 0.081191, 0.98855, -0.127187, 0.3, 0.040675, 0.124215, 0.991421, 0.0, 0.0, 0.0, 0.0, 1.0],
                [0.995868, -0.085667, -0.030124, 0.0, 0.081191, 0.98855, -0.127187, 0.3, 0.040675, 0.124215, 0.991421, -0.0, 0.0, 0.0, 0.0, 1.0]
            ]
        },
        {
            "name": "Tool_R",
            "time": [0.0, 0.2167, 0.35, 0.5833],
            "transform": [
                [0.997111, -0.044666, 0.061432, 0.021855, -0.036162, -0.990433, -0.133168, 0.252757, 0.066753, 0.130474, -0.988604, 0.047666, 0.0, 0.0, 0.0, 1.0],
                [0.997111, -0.044666, 0.061432, 0.021856, -0.036162, -0.990434, -0.133168, 0.252757, 0.066753, 0.130474, -0.988604, 0.047667, 0.0, 0.0, 0.0, 1.0],
                [0.997112, -0.064952, 0.039356, 0.021855, -0.036145, -0.861633, -0.506244, 0.252757, 0.066752, 0.503052, -0.860987, 0.047666, 0.0, 0.0, 0.0, 1.0],
                [0.997112, -0.062552, 0.04307, 0.021855, -0.036148, -0.889648, -0.455213, 0.252757, 0.066752, 0.452064, -0.888819, 0.047667, 0.0, 0.0, 0.0, 1.0]
            ]
        },
        {
            "name": "Elbow_R",
            "time": [0.0, 0.2167, 0.5833],
            "transform": [
                [-1.0, 0.0, -0.0, 0.0, 0.0, -0.0, -1.0, 0.3, -0.0, -1.0, 0.0, -0.0, 0.0, 0.0, 0.0, 1.0],
                [-1.0, 0.0, -0.0, 0.0, 0.0, -0.0, -1.0, 0.3, -0.0, -1.0, 0.0, 0.0, 0.0, 0.0, 0.0, 1.0],
                [-1.0, 0.0, -0.0, 0.0, 0.0, -0.0, -1.0, 0.3, -0.0, -1.0, 0.0, -0.0, 0.0, 0.0, 0.0, 1.0]
            ]
        },
        {
            "name": "Shoulder_L",
            "time": [0.0, 0.2167, 0.5833],
            "transform": [
                [0.084006, -0.948819, -0.304441, -0.0, -0.059311, -0.30974, 0.948969, 0.4, -0.994698, -0.061662, -0.082295, -0.0, 0.0, 0.0, 0.0, 1.0],
                [0.084006, -0.948819, -0.304441, -0.0, -0.059311, -0.30974, 0.94897, 0.4, -0.994698, -0.061662, -0.082295, 0.0, 0.0, 0.0, 0.0, 1.0],
                [0.084006, -0.94882, -0.304441, -0.0, -0.059311, -0.30974, 0.94897, 0.4, -0.994698, -0.061662, -0.082295, -0.0, 0.0, 0.0, 0.0, 1.0]
            ]
        },
        {
            "name": "Arm_L",
            "time": [0.0, 0.2167, 0.5833],
            "transform": [
                [-0.200786, 0.157626, 0.966871, 0.0, -0.745807, 0.615343, -0.255196, 0.39386, -0.635183, -0.772338, -0.005993, -0.0, 0.0, 0.0, 0.0, 1.0],
                [-0.200786, 0.157627, 0.966871, 0.0, -0.745807, 0.615343, -0.255196, 0.39386, -0.635183, -0.772338, -0.005993, -0.0, 0.0, 0.0, 0.0, 1.0],
                [-0.200786, 0.157626, 0.966871, -0.0, -0.745807, 0.615343, -0.255196, 0.39386, -0.635183, -0.772338, -0.005993, 0.0, 0.0, 0.0, 0.0, 1.0]
            ]
        },
        {
            "name": "Hand_L",
            "time": [0.0, 0.2167, 0.5833],
            "transform": [
                [0.997576, 0.069132, 0.007976, -0.0, -0.013617, 0.30631, -0.951835, 0.3, -0.068246, 0.949418, 0.306509, 0.0, 0.0, 0.0, 0.0, 1.0],
                [0.997576, 0.069132, 0.007976, 0.0, -0.013617, 0.30631, -0.951835, 0.3, -0.068245, 0.949418, 0.306509, -0.0, 0.0, 0.0, 0.0, 1.0],
                [0.997576, 0.064089, 0.027119, -0.0, -0.013617, 0.561923, -0.827078, 0.3, -0.068245, 0.824703, 0.561433, 0.0, 0.0, 0.0, 0.0, 1.0]
            ]
        },
        {
            "name": "Tool_L",
            "time": [0.0, 0.2167, 0.5833],
            "transform": [
                [0.997111, 0.074747, -0.013492, -0.016073, 0.036102, -0.622682, -0.781641, 0.249036, -0.066787, 0.778431, -0.623224, 0.131885, 0.0, 0.0, 0.0, 1.0],
                [0.997111, 0.074747, -0.013492, -0.016074, 0.036102, -0.622682, -0.781641, 0.249036, -0.066787, 0.778431, -0.623224, 0.131885, 0.0, 0.0, 0.0, 1.0],
                [0.997111, 0.074747, -0.013492, -0.016074, 0.036102, -0.622682, -0.781641, 0.249036, -0.066787, 0.778431, -0.623224, 0.131885, 0.0, 0.0, 0.0, 1.0]
            ]
        },
        {
            "name": "Elbow_L",
            "time": [0.0, 0.2167, 0.5833],
            "transform": [
                [-0.998967, -0.025085, -0.037898, -4.9e-05, 0.028309, 0.308904, -0.950672, 0.367197, 0.035554, -0.950762, -0.307875, -0.015902, 0.0, 0.0, 0.0, 1.0],
                [-0.998967, -0.025085, -0.037898, -4.9e-05, 0.028309, 0.308904, -0.950672, 0.367197, 0.035554, -0.950762, -0.307875, -0.015902, 0.0, 0.0, 0.0, 1.0],
                [-0.998967, -0.025085, -0.037898, -4.9e-05, 0.028309, 0.308904, -0.950672, 0.367197, 0.035554, -0.950762, -0.307875, -0.015902, 0.0, 0.0, 0.0, 1.0]
            ]
        }
    ]
}