{
    
    "animation": [
        {
            "name": "Root",
            "time": [0.0, 0.3333, 0.6167, 0.9167],
            "transform": [
                [0.974039, 0.022579, 0.225253, -0.010358, 0.223071, 0.073819, -0.972003, 1.056716, -0.038575, 0.997016, 0.066866, 0.499782, 0.0, 0.0, 0.0, 1.0],
                [0.999339, 0.022579, 0.028494, -0.006085, 0.026757, 0.073819, -0.996913, 1.070684, -0.024612, 0.997016, 0.073166, 0.688436, 0.0, 0.0, 0.0, 1.0],
                [0.999339, 0.022579, 0.028494, -0.006085, 0.026757, 0.073819, -0.996913, 1.070684, -0.024612, 0.997016, 0.073166, 0.688436, 0.0, 0.0, 0.0, 1.0],
                [0.999339, 0.022579, 0.028494, -0.004451, 0.026757, 0.073819, -0.996913, 1.076028, -0.024612, 0.997016, 0.073166, 0.760612, 0.0, 0.0, 0.0, 1.0]
            ]
        },
        {
            "name": "Thigh_R",
            "time": [0.0, 0.3333, 0.6167, 0.9167],
            "transform": [
                [0.971933, 0.220146, 0.082951, 0.124994, -0.034466, -0.215543, 0.975886, -0.002831, 0.232717, -0.951353, -0.201907, -1.2e-05, 0.0, 0.0, 0.0, 1.0],
                [0.971933, 0.128322, 0.197177, 0.124994, -0.034466, -0.751421, 0.65892, -0.002831, 0.232717, -0.647221, -0.725911, -1.2e-05, 0.0, 0.0, 0.0, 1.0],
                [0.971933, 0.128322, 0.197177, 0.124994, -0.034466, -0.751421, 0.65892, -0.002831, 0.232717, -0.647221, -0.725911, -1.2e-05, 0.0, 0.0, 0.0, 1.0],
                [0.971933, 0.060294, 0.227398, 0.124994, -0.034466, -0.919673, 0.391165, -0.002831, 0.232717, -0.388023, -0.891785, -1.2e-05, 0.0, 0.0, 0.0, 1.0]
            ]
        },
        {
            "name": "Leg_R",
            "time": [0.0, 0.3333, 0.6167, 0.9167],
            "transform": [
                [1.0, -2e-06, 1e-06, 0.0, -0.0, 0.32577, 0.945449, 0.37472, -2e-06, -0.94545, 0.325769, -0.0, 0.0, 0.0, 0.0, 1.0],
                [1.0, -1e-06, 2e-06, -0.0, -0.0, 0.770602, 0.637317, 0.37472, -2e-06, -0.637318, 0.770601, -0.0, 0.0, 0.0, 0.0, 1.0],
                [1.0, -1e-06, 2e-06, -0.0, -0.0, 0.770602, 0.637317, 0.37472, -2e-06, -0.637318, 0.770601, -0.0, 0.0, 0.0, 0.0, 1.0],
                [1.0, -0.0, 2e-06, -0.0, -0.0, 0.972984, 0.230875, 0.37472, -2e-06, -0.230875, 0.972983, 0.0, 0.0, 0.0, 0.0, 1.0]
            ]
        },
        {
            "name": "Knee_R",
            "time": [0.0, 0.6167, 0.9167],
            "transform": [
                [1.0, 0.0, -0.0, 0.0, -0.0, 0.660121, -0.751159, 0.37472, -0.0, 0.751159, 0.660121, -0.0, 0.0, 0.0, 0.0, 1.0],
                [1.0, 0.0, -0.0, -0.0, -0.0, 0.660122, -0.751159, 0.37472, -0.0, 0.751159, 0.660122, -0.0, 0.0, 0.0, 0.0, 1.0],
                [1.0, 0.0, -0.0, -0.0, -0.0, 0.660121, -0.751159, 0.37472, -0.0, 0.751159, 0.660121, 0.0, 0.0, 0.0, 0.0, 1.0]
            ]
        },
        {
            "name": "Thigh_L",
            "time": [0.0, 0.3333, 0.6167, 0.9167],
            "transform": [
                [0.995703, -0.066837, 0.064092, -0.109662, -0.020344, -0.833111, -0.552732, -0.002831, 0.090339, 0.549054, -0.83089, 0.02525, 0.0, 0.0, 0.0, 1.0],
                [0.995703, -0.03008, 0.08758, -0.109662, -0.020344, -0.993723, -0.110002, -0.002831, 0.090339, 0.107748, -0.990065, 0.02525, 0.0, 0.0, 0.0, 1.0],
                [0.995703, -0.03008, 0.08758, -0.109662, -0.020344, -0.993723, -0.110002, -0.002831, 0.090339, 0.107748, -0.990065, 0.02525, 0.0, 0.0, 0.0, 1.0],
                [0.995703, -0.025445, 0.089037, -0.109662, -0.020344, -0.998124, -0.057736, -0.002831, 0.090339, 0.055677, -0.994353, 0.02525, 0.0, 0.0, 0.0, 1.0]
            ]
        },
        {
            "name": "Leg_L",
            "time": [0.0, 0.6167, 0.9167],
            "transform": [
                [0.999964, 0.00473, 0.00712, 0.0, -0.00757, 0.876917, 0.480582, 0.37472, -0.003971, -0.480618, 0.876921, 0.0, 0.0, 0.0, 0.0, 1.0],
                [0.999964, 0.00473, 0.00712, 0.0, -0.00757, 0.876917, 0.480582, 0.37472, -0.003971, -0.480618, 0.876921, 0.0, 0.0, 0.0, 0.0, 1.0],
                [0.999964, 0.007099, 0.004763, 0.0, -0.00757, 0.994155, 0.107695, 0.37472, -0.003971, -0.107727, 0.994173, -0.0, 0.0, 0.0, 0.0, 1.0]
            ]
        },
        {
            "name": "Knee_L",
            "time": [0.0, 0.6167, 0.9167],
            "transform": [
                [1.0, 0.0, -0.0, 0.0, -0.0, 1e-06, -1.0, 0.37472, -0.0, 1.0, 1e-06, 0.0, 0.0, 0.0, 0.0, 1.0],
                [1.0, 0.0, -0.0, 0.0, -0.0, 1e-06, -1.0, 0.37472, -0.0, 1.0, 1e-06, 0.0, 0.0, 0.0, 0.0, 1.0],
                [1.0, 0.0, -0.0, 0.0, -0.0, 1e-06, -1.0, 0.37472, -0.0, 1.0, 1e-06, -0.0, 0.0, 0.0, 0.0, 1.0]
            ]
        },
        {
            "name": "Torso",
            "time": [0.0, 0.3333, 0.9167],
            "transform": [
                [0.30332, 0.11298, 0.946168, 0.0, -0.183798, 0.981237, -0.058246, 0.05, -0.934995, -0.156237, 0.318394, -0.0, 0.0, 0.0, 0.0, 1.0],
                [0.993334, 0.11298, -0.022884, 0.0, -0.107923, 0.981237, 0.159771, 0.05, 0.040506, -0.156237, 0.986889, 0.0, 0.0, 0.0, 0.0, 1.0],
                [0.998986, -0.015385, -0.042317, 0.0, 0.014781, 0.999785, -0.01454, 0.05, 0.042531, 0.0139, 0.998998, 0.0, 0.0, 0.0, 0.0, 1.0]
            ]
        },
        {
            "name": "Chest",
            "time": [0.0, 0.1667, 0.3333, 0.5333, 0.9167],
            "transform": [
                [0.869986, 0.340814, 0.35633, 0.0, -0.401422, 0.909207, 0.110462, 0.3, -0.28633, -0.239139, 0.927808, -0.0, 0.0, 0.0, 0.0, 1.0],
                [0.918974, 0.242664, 0.310808, 0.0, -0.321941, 0.916861, 0.23605, 0.3, -0.227687, -0.316985, 0.920695, -0.0, 0.0, 0.0, 0.0, 1.0],
                [0.920853, -0.158302, 0.35633, -0.0, 0.126717, 0.985769, 0.110462, 0.3, -0.368745, -0.056566, 0.927808, -0.0, 0.0, 0.0, 0.0, 1.0],
                [0.681329, -0.158302, 0.714654, 0.0, 0.067589, 0.985769, 0.153919, 0.3, -0.72885, -0.056566, 0.682333, -0.0, 0.0, 0.0, 0.0, 1.0],
                [0.990588, -0.014157, 0.13614, 0.0, 0.019332, 0.999137, -0.036765, 0.3, -0.135502, 0.039051, 0.990007, 0.0, 0.0, 0.0, 0.0, 1.0]
            ]
        },
        {
            "name": "Head",
            "time": [0.0, 0.1833, 0.4333, 0.7167, 0.9167],
            "transform": [
                [-0.172698, -0.409652, -0.895746, -0.0, -0.01169, 0.910198, -0.414008, 0.4, 0.984906, -0.061027, -0.161979, -0.0, 0.0, 0.0, 0.0, 1.0],
                [0.609363, 0.14245, -0.77999, 0.0, 0.101707, 0.961559, 0.255068, 0.4, 0.786341, -0.23476, 0.57145, -0.0, 0.0, 0.0, 0.0, 1.0],
                [0.948325, -0.090802, -0.304031, 0.0, 0.071794, 0.994734, -0.073149, 0.4, 0.309071, 0.047542, 0.94985, 0.0, 0.0, 0.0, 0.0, 1.0],
                [0.967337, 0.119282, -0.223678, -0.0, -0.084399, 0.98358, 0.159522, 0.4, 0.239033, -0.135433, 0.96152, 0.0, 0.0, 0.0, 0.0, 1.0],
                [0.970641, 0.0137, -0.240144, 0.0, -0.014883, 0.999884, -0.003114, 0.4, 0.240073, 0.006597, 0.970732, -0.0, 0.0, 0.0, 0.0, 1.0]
            ]
        },
        {
            "name": "Shoulder_R",
            "time": [0.0, 0.3167, 0.5333, 0.6167, 0.9167],
            "transform": [
                [-0.371227, 0.904142, 0.211466, -0.0, -0.008257, -0.230944, 0.972932, 0.4, 0.928505, 0.359432, 0.093198, -0.0, 0.0, 0.0, 0.0, 1.0],
                [-0.087246, 0.993357, -0.075036, 0.0, -0.112283, 0.065037, 0.991546, 0.4, 0.989839, 0.094934, 0.105863, 0.0, 0.0, 0.0, 0.0, 1.0],
                [0.496291, 0.855039, 0.150344, 0.0, -0.038169, -0.151518, 0.987717, 0.4, 0.867317, -0.495934, -0.042561, -0.0, 0.0, 0.0, 0.0, 1.0],
                [0.496291, 0.855039, 0.150344, -0.0, -0.038169, -0.151518, 0.987717, 0.4, 0.867317, -0.495934, -0.042561, -0.0, 0.0, 0.0, 0.0, 1.0],
                [-0.112556, 0.957559, 0.265351, 0.0, 0.059871, -0.260028, 0.963743, 0.4, 0.99184, 0.124362, -0.028063, -0.0, 0.0, 0.0, 0.0, 1.0]
            ]
        },
        {
            "name": "Arm_R",
            "time": [0.0, 0.25, 0.3167, 0.6167, 0.9167],
            "transform": [
                [0.993285, 0.007605, -0.115443, 0.0, 0.069186, 0.760704, 0.645401, 0.393861, 0.092726, -0.649055, 0.755069, 0.0, 0.0, 0.0, 0.0, 1.0],
                [0.499572, 0.007605, -0.866239, -0.0, 0.559379, 0.760704, 0.32928, 0.393861, 0.661455, -0.649055, 0.375772, 0.0, 0.0, 0.0, 0.0, 1.0],
                [0.170506, 0.326092, -0.929834, 0.0, 0.654309, 0.668103, 0.354285, 0.393861, 0.736755, -0.668806, -0.099449, 0.0, 0.0, 0.0, 0.0, 1.0],
                [-0.799947, -0.345348, -0.490734, 0.0, 0.344368, 0.405522, -0.846736, 0.39386, 0.491422, -0.846337, -0.205469, -0.0, 0.0, 0.0, 0.0, 1.0],
                [0.119525, -0.045577, -0.991784, 0.0, 0.955084, 0.278108, 0.102322, 0.39386, 0.27116, -0.959468, 0.07677, -0.0, 0.0, 0.0, 0.0, 1.0]
            ]
        },
        {
            "name": "Hand_R",
            "time": [0.0, 0.6167, 0.9167],
            "transform": [
                [0.995868, -0.085667, -0.030124, 0.0, 0.081191, 0.98855, -0.127187, 0.3, 0.040675, 0.124215, 0.991421, -0.0, 0.0, 0.0, 0.0, 1.0],
                [0.995868, -0.090434, 0.008249, -0.0, 0.081191, 0.846014, -0.526942, 0.3, 0.040675, 0.525434, 0.849861, 0.0, 0.0, 0.0, 0.0, 1.0],
                [0.998227, -0.055167, -0.02234, 0.0, 0.046817, 0.95955, -0.277618, 0.3, 0.036751, 0.27608, 0.960432, -0.0, 0.0, 0.0, 0.0, 1.0]
            ]
        },
        {
            "name": "Tool_R",
            "time": [0.0, 0.4, 0.45, 0.6167, 0.6667, 0.7167, 0.75, 0.7667, 0.7833, 0.8, 0.8167, 0.8667, 0.9167],
            "transform": [
                [0.997112, -0.062552, 0.04307, 0.021855, -0.036148, -0.889648, -0.455213, 0.252757, 0.066752, 0.452064, -0.888819, 0.047667, 0.0, 0.0, 0.0, 1.0],
                [0.859412, -0.019281, 0.510921, 0.006496, -0.013453, -0.999795, -0.015101, 0.282608, 0.510804, 0.00609, -0.858987, 0.044759, 0.0, 0.0, 0.0, 1.0],
                [0.942602, -0.089966, 0.321569, 0.004812, -0.046681, -0.989067, -0.139881, 0.285881, 0.330442, 0.116762, -0.935944, 0.04444, 0.0, 0.0, 0.0, 1.0],
                [0.997112, -0.057865, 0.049191, 0.001538, -0.036152, -0.931228, -0.362638, 0.292244, 0.066752, 0.359589, -0.930084, 0.04382, 0.0, 0.0, 0.0, 1.0],
                [0.970264, -0.093992, 0.223054, 0.047107, -0.016367, -0.944894, -0.326968, 0.301728, 0.241352, 0.313398, -0.917795, 0.070167, 0.0, 0.0, 0.0, 1.0],
                [0.72728, -0.023385, 0.685942, 0.09793, 0.1121, -0.981951, -0.152332, 0.353068, 0.676725, 0.18756, -0.711113, 0.224146, 0.0, 0.0, 0.0, 1.0],
                [0.298615, 0.0652, 0.952144, 0.035078, 0.134471, -0.990585, 0.025659, 0.385715, 0.944295, 0.120292, -0.304391, 0.412953, 0.0, 0.0, 0.0, 1.0],
                [0.032272, 0.119061, 0.992362, -0.044049, 0.098799, -0.988397, 0.115372, 0.391509, 0.993996, 0.094255, -0.043633, 0.506642, 0.0, 0.0, 0.0, 1.0],
                [-0.240321, 0.171109, 0.955493, -0.156499, 0.039553, -0.981797, 0.185768, 0.38289, 0.969314, 0.082377, 0.229045, 0.584326, 0.0, 0.0, 0.0, 1.0],
                [-0.479797, 0.199985, 0.854284, -0.284765, -0.021348, -0.976049, 0.2165, 0.364326, 0.876601, 0.085577, 0.472297, 0.635015, 0.0, 0.0, 0.0, 1.0],
                [-0.669247, 0.228321, 0.707092, -0.421269, -0.078287, -0.96799, 0.238468, 0.337312, 0.738467, 0.104166, 0.665307, 0.651705, 0.0, 0.0, 0.0, 1.0],
                [-0.928794, 0.272687, 0.250963, -0.730983, -0.225065, -0.953048, 0.202599, 0.256082, 0.294249, 0.131602, 0.945999, 0.575502, 0.0, 0.0, 0.0, 1.0],
                [-0.958798, 0.273333, 0.077429, -0.826003, -0.257391, -0.951157, 0.170442, 0.227894, 0.120161, 0.143395, 0.981741, 0.515958, 0.0, 0.0, 0.0, 1.0]
            ]
        },
        {
            "name": "Elbow_R",
            "time": [0.0, 0.6167, 0.9167],
            "transform": [
                [-1.0, 0.0, -0.0, 0.0, 0.0, -0.0, -1.0, 0.3, -0.0, -1.0, 0.0, -0.0, 0.0, 0.0, 0.0, 1.0],
                [-1.0, 0.0, 0.0, -0.0, 0.0, -0.0, -1.0, 0.3, -0.0, -1.0, 0.0, 0.0, 0.0, 0.0, 0.0, 1.0],
                [-1.0, 0.0, -0.0, 0.0, 0.0, -0.0, -1.0, 0.3, -0.0, -1.0, 0.0, -0.0, 0.0, 0.0, 0.0, 1.0]
            ]
        },
        {
            "name": "Shoulder_L",
            "time": [0.0, 0.2833, 0.3167, 0.6167, 0.9167],
            "transform": [
                [0.084006, -0.94882, -0.304441, -0.0, -0.059311, -0.30974, 0.94897, 0.4, -0.994698, -0.061662, -0.082295, -0.0, 0.0, 0.0, 0.0, 1.0],
                [0.644249, -0.701611, -0.304441, 0.0, 0.141503, -0.28184, 0.948969, 0.4, -0.751611, -0.654452, -0.082295, 0.0, 0.0, 0.0, 0.0, 1.0],
                [0.378954, -0.873905, -0.304441, 0.0, 0.041401, -0.312638, 0.94897, 0.4, -0.924489, -0.37222, -0.082295, 0.0, 0.0, 0.0, 0.0, 1.0],
                [0.378954, -0.873905, -0.304441, -0.0, 0.041401, -0.312638, 0.948969, 0.4, -0.924489, -0.37222, -0.082295, -0.0, 0.0, 0.0, 0.0, 1.0],
                [0.080881, -0.949091, -0.304441, 0.0, -0.060331, -0.309543, 0.94897, 0.4, -0.994896, -0.058386, -0.082295, -0.0, 0.0, 0.0, 0.0, 1.0]
            ]
        },
        {
            "name": "Arm_L",
            "time": [0.0, 0.5333, 0.6167, 0.9167],
            "transform": [
                [-0.200786, 0.157626, 0.966871, -0.0, -0.745807, 0.615343, -0.255196, 0.39386, -0.635183, -0.772338, -0.005993, 0.0, 0.0, 0.0, 0.0, 1.0],
                [-0.766163, -0.061021, 0.639742, -0.0, -0.334327, 0.888011, -0.315691, 0.39386, -0.548835, -0.455754, -0.700763, 0.0, 0.0, 0.0, 0.0, 1.0],
                [-0.766163, -0.061021, 0.639743, -0.0, -0.334327, 0.888012, -0.315691, 0.39386, -0.548835, -0.455754, -0.700763, -0.0, 0.0, 0.0, 0.0, 1.0],
                [-0.063247, -0.377343, 0.923911, -0.0, -0.828511, 0.535971, 0.162185, 0.39386, -0.556389, -0.755213, -0.346531, 0.0, 0.0, 0.0, 0.0, 1.0]
            ]
        },
        {
            "name": "Hand_L",
            "time": [0.0, 0.5333, 0.6167, 0.9167],
            "transform": [
                [0.997576, 0.064089, 0.027119, -0.0, -0.013617, 0.561923, -0.827078, 0.3, -0.068245, 0.824703, 0.561433, 0.0, 0.0, 0.0, 0.0, 1.0],
                [0.997576, 0.069193, 0.00743, 0.0, -0.013617, 0.298787, -0.954223, 0.3, -0.068245, 0.951808, 0.299004, -0.0, 0.0, 0.0, 0.0, 1.0],
                [0.997576, 0.069193, 0.00743, -0.0, -0.013617, 0.298787, -0.954223, 0.3, -0.068245, 0.951808, 0.299005, 0.0, 0.0, 0.0, 0.0, 1.0],
                [0.997576, 0.069193, 0.00743, -0.0, -0.013617, 0.298787, -0.954223, 0.3, -0.068245, 0.951808, 0.299005, -0.0, 0.0, 0.0, 0.0, 1.0]
            ]
        },
        {
            "name": "Tool_L",
            "time": [0.0, 0.6167, 0.9167],
            "transform": [
                [0.997111, 0.074747, -0.013492, -0.016074, 0.036102, -0.622682, -0.781641, 0.249036, -0.066787, 0.778431, -0.623224, 0.131885, 0.0, 0.0, 0.0, 1.0],
                [0.997111, 0.074747, -0.013492, -0.016074, 0.036102, -0.622682, -0.781641, 0.249036, -0.066787, 0.778431, -0.623224, 0.131885, 0.0, 0.0, 0.0, 1.0],
                [0.997111, 0.074747, -0.013492, -0.016074, 0.036102, -0.622682, -0.781641, 0.249035, -0.066787, 0.778431, -0.623224, 0.131885, 0.0, 0.0, 0.0, 1.0]
            ]
        },
        {
            "name": "Elbow_L",
            "time": [0.0, 0.6167, 0.9167],
            "transform": [
                [-0.998967, -0.025085, -0.037898, -4.9e-05, 0.028309, 0.308904, -0.950672, 0.367197, 0.035554, -0.950762, -0.307875, -0.015902, 0.0, 0.0, 0.0, 1.0],
                [-0.998967, -0.025085, -0.037898, -4.9e-05, 0.028309, 0.308904, -0.950672, 0.367197, 0.035554, -0.950762, -0.307875, -0.015901, 0.0, 0.0, 0.0, 1.0],
                [-0.998967, -0.025085, -0.037898, -4.9e-05, 0.028309, 0.308904, -0.950672, 0.367197, 0.035554, -0.950762, -0.307875, -0.015902, 0.0, 0.0, 0.0, 1.0]
            ]
        }
    ]
}