{
    
    "animation": [
        {
            "name": "Root",
            "time": [0.0, 0.3167, 0.5],
            "transform": [
                [0.956268, 0.0, -0.292491, -0.00174, -0.292491, 0.0, -0.956268, 0.027848, 0.0, 1.0, 0.0, 0.674962, 0.0, 0.0, 0.0, 1.0],
                [0.956268, -0.047375, -0.288629, -0.06247, -0.292491, -0.154887, -0.943641, 0.757959, 0.0, 0.986796, -0.16197, 0.674962, 0.0, 0.0, 0.0, 1.0],
                [0.956268, 0.0, -0.292491, -0.06247, -0.292491, 0.0, -0.956268, 0.757959, 0.0, 1.0, 0.0, 0.674962, 0.0, 0.0, 0.0, 1.0]
            ]
        },
        {
            "name": "Thigh_R",
            "time": [0.0, 0.3167, 0.5],
            "transform": [
                [0.925802, 0.110896, -0.361374, 0.124994, 0.04848, -0.982935, -0.177438, -0.002831, -0.374885, 0.146754, -0.915382, -1.2e-05, 0.0, 0.0, 0.0, 1.0],
                [0.925802, -0.261438, -0.273019, 0.124994, 0.04848, -0.634172, 0.77167, -0.002831, -0.374885, -0.727648, -0.574445, -1.2e-05, 0.0, 0.0, 0.0, 1.0],
                [0.925802, -0.217162, -0.309403, 0.124994, 0.04848, -0.743537, 0.666934, -0.002831, -0.374885, -0.632447, -0.677842, -1.2e-05, 0.0, 0.0, 0.0, 1.0]
            ]
        },
        {
            "name": "Leg_R",
            "time": [0.0, 0.1, 0.3167, 0.5],
            "transform": [
                [1.0, -1e-06, 1e-06, -0.0, -0.0, 0.75192, 0.659254, 0.37472, -2e-06, -0.659255, 0.751919, 0.0, 0.0, 0.0, 0.0, 1.0],
                [1.0, -2e-06, 1e-06, 0.0, -0.0, 0.293046, 0.956098, 0.37472, -2e-06, -0.956099, 0.293046, 0.0, 0.0, 0.0, 0.0, 1.0],
                [1.0, -2e-06, 0.0, -0.0, -0.0, 0.014073, 0.9999, 0.37472, -2e-06, -0.999902, 0.014072, -0.0, 0.0, 0.0, 0.0, 1.0],
                [1.0, -2e-06, 1e-06, 0.0, -0.0, 0.112726, 0.993625, 0.37472, -2e-06, -0.993627, 0.112725, -0.0, 0.0, 0.0, 0.0, 1.0]
            ]
        },
        {
            "name": "Knee_R",
            "time": [0.0, 0.5],
            "transform": [
                [1.0, 0.0, -0.0, -0.0, -0.0, 1e-06, -1.0, 0.37472, -0.0, 1.0, 1e-06, 0.0, 0.0, 0.0, 0.0, 1.0],
                [1.0, 0.0, -0.0, 0.0, -0.0, 1e-06, -1.0, 0.37472, -0.0, 1.0, 1e-06, -0.0, 0.0, 0.0, 0.0, 1.0]
            ]
        },
        {
            "name": "Thigh_L",
            "time": [0.0, 0.2333, 0.3167, 0.5],
            "transform": [
                [0.919006, -0.236614, -0.315341, -0.109662, -0.066944, -0.881911, 0.466637, -0.002831, -0.388516, -0.407732, -0.826323, 0.02525, 0.0, 0.0, 0.0, 1.0],
                [0.919006, 0.176618, -0.352466, -0.109662, -0.066944, -0.811142, -0.581005, -0.002831, -0.388516, 0.557544, -0.733621, 0.02525, 0.0, 0.0, 0.0, 1.0],
                [0.918353, 0.07598, -0.388399, -0.109662, -0.067409, -0.937027, -0.34269, -0.002831, -0.389978, 0.340892, -0.8554, 0.02525, 0.0, 0.0, 0.0, 1.0],
                [0.919006, 0.037104, -0.392491, -0.109662, -0.066944, -0.966416, -0.248109, -0.002831, -0.388516, 0.25429, -0.885659, 0.02525, 0.0, 0.0, 0.0, 1.0]
            ]
        },
        {
            "name": "Leg_L",
            "time": [0.0, 0.5],
            "transform": [
                [0.999964, 0.006561, 0.00548, -0.0, -0.00757, 0.977416, 0.211189, 0.37472, -0.00397, -0.211223, 0.97743, 0.0, 0.0, 0.0, 0.0, 1.0],
                [0.999964, 0.005265, 0.006734, 0.0, -0.00757, 0.911364, 0.411532, 0.37472, -0.003971, -0.411567, 0.911371, -0.0, 0.0, 0.0, 0.0, 1.0]
            ]
        },
        {
            "name": "Knee_L",
            "time": [0.0, 0.5],
            "transform": [
                [1.0, 0.0, -0.0, -0.0, -0.0, 1e-06, -1.0, 0.37472, -0.0, 1.0, 1e-06, 0.0, 0.0, 0.0, 0.0, 1.0],
                [1.0, 0.0, -0.0, 0.0, -0.0, 1e-06, -1.0, 0.37472, -0.0, 1.0, 1e-06, -0.0, 0.0, 0.0, 0.0, 1.0]
            ]
        },
        {
            "name": "Torso",
            "time": [0.0, 0.5],
            "transform": [
                [0.998015, 0.006106, -0.062679, -0.0, 0.02582, 0.868112, 0.495697, 0.05, 0.057439, -0.496331, 0.866231, 0.0, 0.0, 0.0, 0.0, 1.0],
                [0.855132, -0.021421, 0.517967, -0.0, -0.021077, 0.996883, 0.076023, 0.05, -0.517981, -0.075927, 0.852016, 0.0, 0.0, 0.0, 0.0, 1.0]
            ]
        },
        {
            "name": "Chest",
            "time": [0.0, 0.0833, 0.3167, 0.5],
            "transform": [
                [0.881003, -0.053779, -0.470044, 0.0, 0.019749, 0.996833, -0.077035, 0.3, 0.472698, 0.058585, 0.879275, 0.0, 0.0, 0.0, 0.0, 1.0],
                [0.97071, -0.062689, 0.231933, -0.0, 0.084728, 0.992659, -0.086309, 0.3, -0.224819, 0.103432, 0.968895, -0.0, 0.0, 0.0, 0.0, 1.0],
                [0.562562, 0.067819, 0.823969, -0.0, 0.225861, 0.946111, -0.232079, 0.3, -0.795305, 0.316661, 0.516929, 0.0, 0.0, 0.0, 0.0, 1.0],
                [0.562562, 0.067819, 0.823969, -0.0, 0.225861, 0.946111, -0.232079, 0.3, -0.795305, 0.316661, 0.516929, -0.0, 0.0, 0.0, 0.0, 1.0]
            ]
        },
        {
            "name": "Head",
            "time": [0.0, 0.3167, 0.5],
            "transform": [
                [0.754461, 0.274041, 0.596398, -0.0, -0.002291, 0.909759, -0.41513, 0.4, -0.656341, 0.311833, 0.687006, 0.0, 0.0, 0.0, 0.0, 1.0],
                [0.862853, 0.212177, -0.458765, 0.0, -0.091239, 0.9581, 0.271513, 0.4, 0.497151, -0.192419, 0.846059, -0.0, 0.0, 0.0, 0.0, 1.0],
                [0.862853, 0.212177, -0.458765, -0.0, -0.091239, 0.9581, 0.271513, 0.4, 0.497151, -0.192419, 0.846059, -0.0, 0.0, 0.0, 0.0, 1.0]
            ]
        },
        {
            "name": "Shoulder_R",
            "time": [0.0, 0.15, 0.3167, 0.5],
            "transform": [
                [0.269886, 0.869651, 0.413363, -0.0, -0.19391, -0.371411, 0.907994, 0.4, 0.943165, -0.32521, 0.068395, 0.0, 0.0, 0.0, 0.0, 1.0],
                [0.411091, 0.830509, 0.375845, -0.0, -0.251431, -0.293002, 0.92246, 0.4, 0.876234, -0.473714, 0.088365, 0.0, 0.0, 0.0, 0.0, 1.0],
                [0.511557, 0.753286, 0.413363, 0.0, -0.293711, -0.2988, 0.907994, 0.4, 0.807492, -0.5859, 0.068395, -0.0, 0.0, 0.0, 0.0, 1.0],
                [0.511557, 0.753286, 0.413363, -0.0, -0.293711, -0.2988, 0.907994, 0.4, 0.807492, -0.585899, 0.068395, -0.0, 0.0, 0.0, 0.0, 1.0]
            ]
        },
        {
            "name": "Arm_R",
            "time": [0.0, 0.0833, 0.3167, 0.5],
            "transform": [
                [-0.225471, 0.18469, -0.956584, -0.0, 0.302764, 0.946534, 0.111387, 0.39386, 0.926011, -0.264504, -0.269333, 0.0, 0.0, 0.0, 0.0, 1.0],
                [-0.219557, -0.282479, -0.933809, -0.0, 0.747592, 0.566259, -0.347068, 0.393861, 0.626817, -0.77431, 0.086853, 0.0, 0.0, 0.0, 0.0, 1.0],
                [0.242989, -0.957739, 0.153922, -0.0, 0.369772, -0.055244, -0.927479, 0.39386, 0.896786, 0.282283, 0.340721, 0.0, 0.0, 0.0, 0.0, 1.0],
                [0.242989, -0.969448, 0.033555, 0.0, 0.369772, 0.060591, -0.927145, 0.39386, 0.896786, 0.237694, 0.373198, -0.0, 0.0, 0.0, 0.0, 1.0]
            ]
        },
        {
            "name": "Hand_R",
            "time": [0.0, 0.5],
            "transform": [
                [0.998476, 0.04624, -0.030124, 0.0, -0.049714, 0.990632, -0.127187, 0.3, 0.023961, 0.12849, 0.991421, -0.0, 0.0, 0.0, 0.0, 1.0],
                [0.998476, 0.04624, -0.030124, 0.0, -0.049714, 0.990632, -0.127187, 0.3, 0.023961, 0.12849, 0.991421, 0.0, 0.0, 0.0, 0.0, 1.0]
            ]
        },
        {
            "name": "Tool_R",
            "time": [0.0, 0.1167, 0.2167, 0.3833, 0.5],
            "transform": [
                [0.997111, -0.074748, 0.013492, 0.016074, -0.036102, -0.622682, -0.781641, 0.249036, 0.066787, 0.778428, -0.623221, 0.131885, 0.0, 0.0, 0.0, 1.0],
                [0.997112, -0.068387, -0.033014, 0.021856, -0.036074, -0.044012, -0.99838, 0.252757, 0.066783, 0.996097, -0.046335, 0.047667, 0.0, 0.0, 0.0, 1.0],
                [0.997113, -0.068387, -0.033014, 0.021856, -0.036074, -0.044012, -0.99838, 0.252757, 0.066783, 0.996097, -0.046335, 0.047667, 0.0, 0.0, 0.0, 1.0],
                [0.997111, -0.044666, 0.061432, 0.021855, -0.036162, -0.990434, -0.133168, 0.252757, 0.066753, 0.130474, -0.988604, 0.047666, 0.0, 0.0, 0.0, 1.0],
                [0.997111, -0.044666, 0.061432, 0.021856, -0.036162, -0.990433, -0.133168, 0.252757, 0.066753, 0.130474, -0.988604, 0.047666, 0.0, 0.0, 0.0, 1.0]
            ]
        },
        {
            "name": "Elbow_R",
            "time": [0.0, 0.5],
            "transform": [
                [-1.0, 0.0, -0.0, 0.0, 0.0, 0.0, -1.0, 0.3, -0.0, -1.0, 0.0, -0.0, 0.0, 0.0, 0.0, 1.0],
                [-1.0, 0.0, -0.0, 0.0, 0.0, -0.0, -1.0, 0.3, -0.0, -1.0, 0.0, 0.0, 0.0, 0.0, 0.0, 1.0]
            ]
        },
        {
            "name": "Shoulder_L",
            "time": [0.0, 0.3167, 0.5],
            "transform": [
                [-0.343119, -0.888586, -0.304441, -0.0, -0.189851, -0.25182, 0.948969, 0.4, -0.919905, 0.383408, -0.082295, 0.0, 0.0, 0.0, 0.0, 1.0],
                [0.084006, -0.94882, -0.304441, 0.0, -0.059311, -0.30974, 0.94897, 0.4, -0.994699, -0.061662, -0.082295, -0.0, 0.0, 0.0, 0.0, 1.0],
                [0.084006, -0.948819, -0.304441, -0.0, -0.059311, -0.30974, 0.948969, 0.4, -0.994698, -0.061662, -0.082295, -0.0, 0.0, 0.0, 0.0, 1.0]
            ]
        },
        {
            "name": "Arm_L",
            "time": [0.0, 0.3167, 0.5],
            "transform": [
                [0.427012, 0.117326, 0.896602, 0.0, -0.82132, 0.465122, 0.330294, 0.39386, -0.378278, -0.877437, 0.294974, -0.0, 0.0, 0.0, 0.0, 1.0],
                [-0.200786, 0.157626, 0.966871, 0.0, -0.745807, 0.615343, -0.255196, 0.39386, -0.635183, -0.772338, -0.005993, -0.0, 0.0, 0.0, 0.0, 1.0],
                [-0.200786, 0.157626, 0.966871, 0.0, -0.745807, 0.615343, -0.255196, 0.39386, -0.635183, -0.772338, -0.005993, -0.0, 0.0, 0.0, 0.0, 1.0]
            ]
        },
        {
            "name": "Hand_L",
            "time": [0.0, 0.5],
            "transform": [
                [0.997576, 0.069132, 0.007976, 0.0, -0.013617, 0.30631, -0.951835, 0.3, -0.068245, 0.949418, 0.306509, -0.0, 0.0, 0.0, 0.0, 1.0],
                [0.997576, 0.069132, 0.007976, 0.0, -0.013617, 0.30631, -0.951835, 0.3, -0.068246, 0.949418, 0.306509, -0.0, 0.0, 0.0, 0.0, 1.0]
            ]
        },
        {
            "name": "Tool_L",
            "time": [0.0, 0.5],
            "transform": [
                [0.997111, 0.074747, -0.013492, -0.016074, 0.036102, -0.622682, -0.781641, 0.249036, -0.066787, 0.778431, -0.623224, 0.131885, 0.0, 0.0, 0.0, 1.0],
                [0.997111, 0.074747, -0.013492, -0.016073, 0.036102, -0.622682, -0.781641, 0.249035, -0.066787, 0.778431, -0.623224, 0.131885, 0.0, 0.0, 0.0, 1.0]
            ]
        },
        {
            "name": "Elbow_L",
            "time": [0.0, 0.5],
            "transform": [
                [-0.998967, -0.025085, -0.037898, -4.9e-05, 0.028309, 0.308904, -0.950672, 0.367197, 0.035554, -0.950762, -0.307875, -0.015902, 0.0, 0.0, 0.0, 1.0],
                [-0.998967, -0.025085, -0.037898, -4.9e-05, 0.028309, 0.308904, -0.950672, 0.367197, 0.035554, -0.950762, -0.307875, -0.015902, 0.0, 0.0, 0.0, 1.0]
            ]
        }
    ]
}