{
    
    "animation": [
        {
            "name": "Root",
            "time": [0.1833, 0.0],
            "transform": [
                [1.0, 0.0, 0.0, -5e-06, 0.0, 0.0, -1.0, 0.000946, 0.0, 1.0, 0.0, 0.682264, 0.0, 0.0, 0.0, 1.0],
                [1.0, 0.0, 0.0, -5e-06, 0.0, 0.0, -1.0, 0.000946, 0.0, 1.0, 0.0, 0.682264, 0.0, 0.0, 0.0, 1.0]
            ]
        },
        {
            "name": "Thigh_R",
            "time": [0.0, 0.05, 0.1833],
            "transform": [
                [1.0, -0.0, -0.0, 0.124994, 0.0, -0.886444, -0.462833, -0.002831, 0.0, 0.462832, -0.886446, -1.2e-05, 0.0, 0.0, 0.0, 1.0],
                [1.0, -0.0, -0.0, 0.124994, 0.0, -0.886444, -0.462833, -0.002831, 0.0, 0.462832, -0.886446, -1.2e-05, 0.0, 0.0, 0.0, 1.0],
                [1.0, -0.0, 0.0, 0.124994, 0.0, -0.773987, -0.633199, -0.002831, 0.0, 0.633198, -0.773989, -1.2e-05, 0.0, 0.0, 0.0, 1.0]
            ]
        },
        {
            "name": "Leg_R",
            "time": [0.0, 0.05, 0.1833],
            "transform": [
                [1.0, 1e-06, 0.0, 0.0, -1e-06, 0.933378, 0.358895, 0.37472, -0.0, -0.358896, 0.933377, -0.0, 0.0, 0.0, 0.0, 1.0],
                [1.0, 1e-06, 0.0, 0.0, -1e-06, 0.933378, 0.358895, 0.37472, -0.0, -0.358896, 0.933377, -0.0, 0.0, 0.0, 0.0, 1.0],
                [1.0, 1e-06, 0.0, 0.0, -1e-06, 0.997368, 0.072511, 0.37472, -0.0, -0.072511, 0.997367, -0.0, 0.0, 0.0, 0.0, 1.0]
            ]
        },
        {
            "name": "Knee_R",
            "time": [0.1833, 0.0],
            "transform": [
                [1.0, -0.0, -0.0, 0.0, -0.0, -0.389408, -0.921065, 0.439324, -0.0, 0.921066, -0.389408, -0.000954, 0.0, 0.0, 0.0, 1.0],
                [1.0, -0.0, -0.0, 0.0, -0.0, -0.389408, -0.921066, 0.439324, -0.0, 0.921065, -0.389408, -0.000954, 0.0, 0.0, 0.0, 1.0]
            ]
        },
        {
            "name": "Thigh_L",
            "time": [0.1833, 0.0],
            "transform": [
                [0.986259, -0.145897, -0.077501, -0.125006, -0.062758, -0.764837, 0.64116, -0.002831, -0.152819, -0.627486, -0.763484, -1.2e-05, 0.0, 0.0, 0.0, 1.0],
                [0.986259, -0.145897, -0.077501, -0.125006, -0.062758, -0.764837, 0.64116, -0.002831, -0.152819, -0.627486, -0.763484, -1.2e-05, 0.0, 0.0, 0.0, 1.0]
            ]
        },
        {
            "name": "Leg_L",
            "time": [0.0, 0.05, 0.1833],
            "transform": [
                [0.998698, 0.04674, 0.020436, -0.0, -0.047365, 0.700866, 0.711718, 0.37472, 0.018943, -0.711759, 0.702168, -0.0, 0.0, 0.0, 0.0, 1.0],
                [0.998698, 0.04674, 0.020436, -0.0, -0.047365, 0.700866, 0.711718, 0.37472, 0.018943, -0.711759, 0.702168, -0.0, 0.0, 0.0, 0.0, 1.0],
                [0.998698, 0.049724, 0.011395, -0.0, -0.047365, 0.820911, 0.569089, 0.37472, 0.018943, -0.568887, 0.822198, -0.0, 0.0, 0.0, 0.0, 1.0]
            ]
        },
        {
            "name": "Knee_L",
            "time": [0.1833, 0.0],
            "transform": [
                [1.0, 0.0, -0.0, -0.0, -0.0, 1e-06, -1.0, 0.37472, -0.0, 1.0, 1e-06, -0.0, 0.0, 0.0, 0.0, 1.0],
                [1.0, 0.0, -0.0, -0.0, -0.0, 1e-06, -1.0, 0.37472, -0.0, 1.0, 1e-06, -0.0, 0.0, 0.0, 0.0, 1.0]
            ]
        },
        {
            "name": "Torso",
            "time": [0.1833, 0.0],
            "transform": [
                [1.0, 0.0, 0.0, 0.0, 0.0, 0.988633, 0.150347, 0.05, 0.0, -0.150347, 0.988633, 0.0, 0.0, 0.0, 0.0, 1.0],
                [1.0, 0.0, 0.0, 0.0, 0.0, 0.988633, 0.150347, 0.05, 0.0, -0.150347, 0.988633, 0.0, 0.0, 0.0, 0.0, 1.0]
            ]
        },
        {
            "name": "Chest",
            "time": [0.0, 0.05, 0.1833],
            "transform": [
                [0.472082, -0.027782, 0.881117, 0.0, 0.225282, 0.970117, -0.090112, 0.3, -0.852283, 0.24104, 0.464234, 0.0, 0.0, 0.0, 0.0, 1.0],
                [0.472082, -0.027782, 0.881117, 0.0, 0.225282, 0.970117, -0.090112, 0.3, -0.852283, 0.24104, 0.464234, 0.0, 0.0, 0.0, 0.0, 1.0],
                [0.781324, -0.027782, 0.623507, 0.0, 0.013769, 0.999533, 0.027283, 0.3, -0.623974, -0.012732, 0.781341, 0.0, 0.0, 0.0, 0.0, 1.0]
            ]
        },
        {
            "name": "Head",
            "time": [0.0, 0.05, 0.1833],
            "transform": [
                [0.821811, 0.155303, -0.548185, -0.0, -0.03104, 0.972909, 0.229096, 0.4, 0.568914, -0.171258, 0.804368, -0.0, 0.0, 0.0, 0.0, 1.0],
                [0.821811, 0.155303, -0.548185, -0.0, -0.03104, 0.972909, 0.229096, 0.4, 0.568914, -0.171258, 0.804368, -0.0, 0.0, 0.0, 0.0, 1.0],
                [0.82136, -0.0, -0.57041, -0.0, -0.014002, 0.999699, -0.020163, 0.4, 0.570238, 0.024548, 0.821112, 0.0, 0.0, 0.0, 0.0, 1.0]
            ]
        },
        {
            "name": "Shoulder_R",
            "time": [0.0, 0.05, 0.1833],
            "transform": [
                [0.412676, 0.787595, 0.457594, -0.0, -0.214014, -0.404466, 0.88916, 0.4, 0.885379, -0.464866, 0.001643, -0.0, 0.0, 0.0, 0.0, 1.0],
                [0.412676, 0.787595, 0.457594, -0.0, -0.214014, -0.404466, 0.88916, 0.4, 0.885379, -0.464866, 0.001643, -0.0, 0.0, 0.0, 0.0, 1.0],
                [0.075155, 0.885979, 0.457594, -0.0, -0.040519, -0.455799, 0.88916, 0.4, 0.996348, -0.085366, 0.001643, 0.0, 0.0, 0.0, 0.0, 1.0]
            ]
        },
        {
            "name": "Arm_R",
            "time": [0.0, 0.05, 0.1833],
            "transform": [
                [0.549092, -0.149481, -0.822285, 0.0, 0.793477, -0.21575, 0.569075, 0.39386, -0.262474, -0.964939, 0.000143, -0.0, 0.0, 0.0, 0.0, 1.0],
                [0.549092, -0.149481, -0.822285, 0.0, 0.793477, -0.21575, 0.569075, 0.39386, -0.262474, -0.964939, 0.000143, -0.0, 0.0, 0.0, 0.0, 1.0],
                [0.202378, -0.499974, -0.842063, 0.0, 0.855317, 0.509009, -0.09666, 0.393861, 0.476945, -0.700668, 0.530648, -0.0, 0.0, 0.0, 0.0, 1.0]
            ]
        },
        {
            "name": "Hand_R",
            "time": [0.0, 0.05, 0.1833],
            "transform": [
                [0.995489, -0.031681, 0.08943, 0.0, 0.084329, -0.136452, -0.987051, 0.3, 0.043474, 0.99014, -0.133164, 0.0, 0.0, 0.0, 0.0, 1.0],
                [0.995489, -0.031681, 0.08943, 0.0, 0.084329, -0.136452, -0.987051, 0.3, 0.043474, 0.99014, -0.133164, 0.0, 0.0, 0.0, 0.0, 1.0],
                [0.995489, -0.094816, -0.00335, 0.0, 0.084329, 0.900459, -0.426688, 0.3, 0.043474, 0.42448, 0.904393, -0.0, 0.0, 0.0, 0.0, 1.0]
            ]
        },
        {
            "name": "Tool_R",
            "time": [0.0, 0.05, 0.1833],
            "transform": [
                [0.560898, 0.784323, -0.265014, -0.030004, 0.822024, -0.489597, 0.290814, 0.293741, 0.098292, -0.380744, -0.918797, -0.003423, 0.0, 0.0, 0.0, 1.0],
                [0.560898, 0.784323, -0.265014, -0.030004, 0.822024, -0.489597, 0.290814, 0.293741, 0.098292, -0.380744, -0.918797, -0.003423, 0.0, 0.0, 0.0, 1.0],
                [0.54262, 0.826067, 0.152241, 0.0, 0.795134, -0.563573, 0.223939, 0.272858, 0.270636, -0.000468, -0.962067, 0.0, 0.0, 0.0, 0.0, 1.0]
            ]
        },
        {
            "name": "Elbow_R",
            "time": [0.1833, 0.0],
            "transform": [
                [-1.0, 0.0, 0.0, 0.0, -0.0, -0.0, -1.0, 0.3, -0.0, -1.0, 0.0, 0.0, 0.0, 0.0, 0.0, 1.0],
                [-1.0, 0.0, -0.0, 0.0, 0.0, -0.0, -1.0, 0.3, -0.0, -1.0, 0.0, -0.0, 0.0, 0.0, 0.0, 1.0]
            ]
        },
        {
            "name": "Shoulder_L",
            "time": [0.0, 0.05, 0.1833],
            "transform": [
                [0.686754, -0.606035, -0.40136, -0.0, 0.152993, -0.419279, 0.894873, 0.4, -0.710606, -0.675964, -0.195223, -0.0, 0.0, 0.0, 0.0, 1.0],
                [0.686754, -0.606035, -0.40136, -0.0, 0.152993, -0.419279, 0.894873, 0.4, -0.710606, -0.675964, -0.195223, -0.0, 0.0, 0.0, 0.0, 1.0],
                [0.830772, -0.385652, -0.40136, -0.0, 0.265937, -0.35844, 0.894873, 0.4, -0.488973, -0.850172, -0.195223, 0.0, 0.0, 0.0, 0.0, 1.0]
            ]
        },
        {
            "name": "Arm_L",
            "time": [0.0, 0.05, 0.1833],
            "transform": [
                [-0.531613, 0.827697, 0.179737, 0.0, -0.1703, 0.103419, -0.97995, 0.39386, -0.82969, -0.551563, 0.085978, -0.0, 0.0, 0.0, 0.0, 1.0],
                [-0.531613, 0.827697, 0.179737, 0.0, -0.1703, 0.103419, -0.97995, 0.39386, -0.82969, -0.551563, 0.085978, -0.0, 0.0, 0.0, 0.0, 1.0],
                [-0.334582, 0.819619, 0.465058, 0.0, -0.606081, 0.190737, -0.772195, 0.39386, -0.72161, -0.540225, 0.432938, 0.0, 0.0, 0.0, 0.0, 1.0]
            ]
        },
        {
            "name": "Hand_L",
            "time": [0.0, 0.05, 0.1833],
            "transform": [
                [1.0, 0.0, -0.0, 0.0, -0.0, 0.107506, -0.994205, 0.3, -0.0, 0.994205, 0.107506, 0.0, 0.0, 0.0, 0.0, 1.0],
                [1.0, 0.0, -0.0, 0.0, -0.0, 0.107506, -0.994205, 0.3, -0.0, 0.994205, 0.107506, 0.0, 0.0, 0.0, 0.0, 1.0],
                [1.0, 0.0, 0.0, 0.0, -0.0, 0.782648, -0.622464, 0.3, -0.0, 0.622464, 0.782648, -0.0, 0.0, 0.0, 0.0, 1.0]
            ]
        },
        {
            "name": "Tool_L",
            "time": [0.0, 0.05, 0.1, 0.15, 0.1833],
            "transform": [
                [-0.237802, -0.954934, -0.177628, 0.139606, -0.023104, -0.177262, 0.983893, 0.550055, -0.970468, 0.237934, 0.020089, -0.169457, 0.0, 0.0, 0.0, 1.0],
                [-0.237802, -0.954934, -0.177628, 0.139606, -0.023104, -0.177262, 0.983893, 0.550055, -0.970468, 0.237934, 0.020089, -0.169457, 0.0, 0.0, 0.0, 1.0],
                [-0.277411, -0.894664, -0.350172, 0.092921, 0.088879, -0.386811, 0.917866, 0.543141, -0.956068, 0.223368, 0.186723, -0.110187, 0.0, 0.0, 0.0, 1.0],
                [-0.369388, -0.474431, -0.799042, -0.030732, 0.541428, -0.808711, 0.229875, 0.376513, -0.754803, -0.347514, 0.555274, 0.075647, 0.0, 0.0, 0.0, 1.0],
                [-0.408965, -0.293326, -0.864122, -0.046228, 0.626957, -0.778375, -0.032502, 0.310768, -0.662681, -0.554741, 0.501935, 0.071189, 0.0, 0.0, 0.0, 1.0]
            ]
        },
        {
            "name": "Elbow_L",
            "time": [0.1833, 0.0],
            "transform": [
                [-1.0, 0.0, -0.0, 0.0, 0.0, -0.0, -1.0, 0.3, -0.0, -1.0, -0.0, 0.0, 0.0, 0.0, 0.0, 1.0],
                [-1.0, 0.0, -0.0, 0.0, 0.0, -0.0, -1.0, 0.3, -0.0, -1.0, -0.0, -0.0, 0.0, 0.0, 0.0, 1.0]
            ]
        }
    ]
}