{
    
    "animation": [
        {
            "name": "Root",
            "time": [0.0, 1.6833, 3.3333],
            "transform": [
                [1.0, 0.0, 0.0, -5e-06, 0.0, 0.0, -1.0, 0.000946, 0.0, 1.0, 0.0, 0.682264, 0.0, 0.0, 0.0, 1.0],
                [0.999517, 0.0, -0.031088, -5e-06, -0.031088, 0.0, -0.999517, 0.000946, 0.0, 1.0, 0.0, 0.665671, 0.0, 0.0, 0.0, 1.0],
                [1.0, 0.0, 0.0, -5e-06, 0.0, 0.0, -1.0, 0.000946, 0.0, 1.0, 0.0, 0.682264, 0.0, 0.0, 0.0, 1.0]
            ]
        },
        {
            "name": "Thigh_R",
            "time": [0.0, 1.6833, 3.3333],
            "transform": [
                [1.0, -0.0, 0.0, 0.124994, 0.0, -0.773987, -0.633199, -0.002831, 0.0, 0.633198, -0.773989, -1.2e-05, 0.0, 0.0, 0.0, 1.0],
                [1.0, -0.0, 0.0, 0.124994, 0.0, -0.825905, -0.563807, -0.002831, 0.0, 0.563806, -0.825907, -1.2e-05, 0.0, 0.0, 0.0, 1.0],
                [1.0, -0.0, 0.0, 0.124994, 0.0, -0.773987, -0.633199, -0.002831, 0.0, 0.633198, -0.773989, -1.2e-05, 0.0, 0.0, 0.0, 1.0]
            ]
        },
        {
            "name": "Leg_R",
            "time": [0.0, 1.6833, 3.3333],
            "transform": [
                [1.0, 1e-06, 0.0, 0.0, -1e-06, 0.997368, 0.072511, 0.37472, -0.0, -0.072511, 0.997367, -0.0, 0.0, 0.0, 0.0, 1.0],
                [1.0, 1e-06, 0.0, 0.0, -1e-06, 0.987115, 0.160015, 0.37472, -0.0, -0.160016, 0.987114, 0.0, 0.0, 0.0, 0.0, 1.0],
                [1.0, 1e-06, 0.0, 0.0, -1e-06, 0.997368, 0.072511, 0.37472, -0.0, -0.072511, 0.997367, -0.0, 0.0, 0.0, 0.0, 1.0]
            ]
        },
        {
            "name": "Knee_R",
            "time": [0.0, 3.3333],
            "transform": [
                [1.0, -0.0, -0.0, 0.0, -0.0, -0.389408, -0.921066, 0.439324, -0.0, 0.921065, -0.389408, -0.000954, 0.0, 0.0, 0.0, 1.0],
                [1.0, -0.0, -0.0, 0.0, -0.0, -0.389408, -0.921066, 0.439324, -0.0, 0.921065, -0.389408, -0.000954, 0.0, 0.0, 0.0, 1.0]
            ]
        },
        {
            "name": "Thigh_L",
            "time": [0.0, 1.6833, 3.3333],
            "transform": [
                [0.986259, -0.145897, -0.077501, -0.125006, -0.062758, -0.764837, 0.64116, -0.002831, -0.152819, -0.627486, -0.763484, -1.2e-05, 0.0, 0.0, 0.0, 1.0],
                [0.986259, -0.150169, -0.068859, -0.125006, -0.062758, -0.726132, 0.684685, -0.002831, -0.152819, -0.670955, -0.725579, -1.2e-05, 0.0, 0.0, 0.0, 1.0],
                [0.986259, -0.145897, -0.077501, -0.125006, -0.062758, -0.764837, 0.64116, -0.002831, -0.152819, -0.627486, -0.763484, -1.2e-05, 0.0, 0.0, 0.0, 1.0]
            ]
        },
        {
            "name": "Leg_L",
            "time": [0.0, 3.3333],
            "transform": [
                [0.998698, 0.049724, 0.011395, -0.0, -0.047365, 0.820911, 0.569089, 0.37472, 0.018943, -0.568887, 0.822198, -0.0, 0.0, 0.0, 0.0, 1.0],
                [0.998698, 0.049724, 0.011395, -0.0, -0.047365, 0.820911, 0.569089, 0.37472, 0.018943, -0.568887, 0.822198, -0.0, 0.0, 0.0, 0.0, 1.0]
            ]
        },
        {
            "name": "Knee_L",
            "time": [0.0, 3.3333],
            "transform": [
                [1.0, 0.0, -0.0, -0.0, -0.0, 1e-06, -1.0, 0.37472, -0.0, 1.0, 1e-06, -0.0, 0.0, 0.0, 0.0, 1.0],
                [1.0, 0.0, -0.0, -0.0, -0.0, 1e-06, -1.0, 0.37472, -0.0, 1.0, 1e-06, -0.0, 0.0, 0.0, 0.0, 1.0]
            ]
        },
        {
            "name": "Torso",
            "time": [0.0, 3.3333],
            "transform": [
                [1.0, 0.0, 0.0, 0.0, 0.0, 0.988633, 0.150347, 0.05, 0.0, -0.150347, 0.988633, 0.0, 0.0, 0.0, 0.0, 1.0],
                [1.0, 0.0, 0.0, 0.0, 0.0, 0.988633, 0.150347, 0.05, 0.0, -0.150347, 0.988633, 0.0, 0.0, 0.0, 0.0, 1.0]
            ]
        },
        {
            "name": "Chest",
            "time": [0.0, 1.6833, 3.3333],
            "transform": [
                [0.781324, -0.027782, 0.623507, 0.0, 0.013769, 0.999533, 0.027283, 0.3, -0.623974, -0.012732, 0.781341, 0.0, 0.0, 0.0, 0.0, 1.0],
                [0.694876, -0.027782, 0.718592, 0.0, 0.010155, 0.999533, 0.028824, 0.3, -0.719057, -0.012732, 0.694834, 0.0, 0.0, 0.0, 0.0, 1.0],
                [0.781324, -0.027782, 0.623507, 0.0, 0.013769, 0.999533, 0.027283, 0.3, -0.623974, -0.012732, 0.781341, 0.0, 0.0, 0.0, 0.0, 1.0]
            ]
        },
        {
            "name": "Head",
            "time": [0.0, 1.6833, 3.3333],
            "transform": [
                [0.82136, -0.0, -0.57041, -0.0, -0.014002, 0.999699, -0.020163, 0.4, 0.570238, 0.024548, 0.821112, 0.0, 0.0, 0.0, 0.0, 1.0],
                [0.730023, 0.0, -0.683423, -0.0, -0.016777, 0.999699, -0.01792, 0.4, 0.683217, 0.024548, 0.729803, -0.0, 0.0, 0.0, 0.0, 1.0],
                [0.82136, -0.0, -0.57041, -0.0, -0.014002, 0.999699, -0.020163, 0.4, 0.570238, 0.024548, 0.821112, 0.0, 0.0, 0.0, 0.0, 1.0]
            ]
        },
        {
            "name": "Shoulder_R",
            "time": [0.0, 3.3333],
            "transform": [
                [0.075155, 0.885979, 0.457594, -0.0, -0.040519, -0.455799, 0.88916, 0.4, 0.996348, -0.085366, 0.001643, 0.0, 0.0, 0.0, 0.0, 1.0],
                [0.075155, 0.885979, 0.457594, -0.0, -0.040519, -0.455799, 0.88916, 0.4, 0.996348, -0.085366, 0.001643, 0.0, 0.0, 0.0, 0.0, 1.0]
            ]
        },
        {
            "name": "Arm_R",
            "time": [0.0, 1.6833, 3.3333],
            "transform": [
                [0.202378, -0.499974, -0.842063, 0.0, 0.855317, 0.509009, -0.09666, 0.393861, 0.476945, -0.700668, 0.530648, -0.0, 0.0, 0.0, 0.0, 1.0],
                [0.392282, -0.461328, -0.795796, -0.0, 0.769302, 0.638823, 0.008892, 0.39386, 0.504271, -0.615696, 0.605499, -0.0, 0.0, 0.0, 0.0, 1.0],
                [0.202378, -0.499974, -0.842063, 0.0, 0.855317, 0.509009, -0.09666, 0.393861, 0.476945, -0.700668, 0.530648, -0.0, 0.0, 0.0, 0.0, 1.0]
            ]
        },
        {
            "name": "Hand_R",
            "time": [0.0, 3.3333],
            "transform": [
                [0.995489, -0.094816, -0.00335, 0.0, 0.084329, 0.900459, -0.426688, 0.3, 0.043474, 0.42448, 0.904393, -0.0, 0.0, 0.0, 0.0, 1.0],
                [0.995489, -0.094816, -0.00335, 0.0, 0.084329, 0.900459, -0.426688, 0.3, 0.043474, 0.42448, 0.904393, -0.0, 0.0, 0.0, 0.0, 1.0]
            ]
        },
        {
            "name": "Tool_R",
            "time": [0.0, 1.6833, 3.3333],
            "transform": [
                [0.54262, 0.826067, 0.152241, 0.0, 0.795134, -0.563573, 0.223939, 0.272858, 0.270636, -0.000468, -0.962067, 0.0, 0.0, 0.0, 0.0, 1.0],
                [0.54262, 0.826067, 0.152241, -0.0, 0.795134, -0.563573, 0.223939, 0.272858, 0.270636, -0.000468, -0.962067, -0.0, 0.0, 0.0, 0.0, 1.0],
                [0.54262, 0.826067, 0.152241, 0.0, 0.795134, -0.563573, 0.223939, 0.272858, 0.270636, -0.000468, -0.962067, 0.0, 0.0, 0.0, 0.0, 1.0]
            ]
        },
        {
            "name": "Elbow_R",
            "time": [0.0, 3.3333],
            "transform": [
                [-1.0, 0.0, -0.0, 0.0, 0.0, -0.0, -1.0, 0.3, -0.0, -1.0, 0.0, -0.0, 0.0, 0.0, 0.0, 1.0],
                [-1.0, 0.0, -0.0, 0.0, 0.0, -0.0, -1.0, 0.3, -0.0, -1.0, 0.0, -0.0, 0.0, 0.0, 0.0, 1.0]
            ]
        },
        {
            "name": "Shoulder_L",
            "time": [0.0, 3.3333],
            "transform": [
                [0.830772, -0.385652, -0.40136, -0.0, 0.265937, -0.35844, 0.894873, 0.4, -0.488973, -0.850172, -0.195223, 0.0, 0.0, 0.0, 0.0, 1.0],
                [0.830772, -0.385652, -0.40136, -0.0, 0.265937, -0.35844, 0.894873, 0.4, -0.488973, -0.850172, -0.195223, 0.0, 0.0, 0.0, 0.0, 1.0]
            ]
        },
        {
            "name": "Arm_L",
            "time": [0.0, 1.6833, 3.3333],
            "transform": [
                [-0.334582, 0.819619, 0.465058, 0.0, -0.606081, 0.190737, -0.772195, 0.39386, -0.72161, -0.540225, 0.432938, 0.0, 0.0, 0.0, 0.0, 1.0],
                [-0.334582, 0.867817, 0.367353, 0.0, -0.606081, 0.100339, -0.789049, 0.39386, -0.72161, -0.486647, 0.492396, 0.0, 0.0, 0.0, 0.0, 1.0],
                [-0.334582, 0.819619, 0.465058, 0.0, -0.606081, 0.190737, -0.772195, 0.39386, -0.72161, -0.540225, 0.432938, 0.0, 0.0, 0.0, 0.0, 1.0]
            ]
        },
        {
            "name": "Hand_L",
            "time": [0.0, 3.3333],
            "transform": [
                [1.0, 0.0, 0.0, 0.0, -0.0, 0.782648, -0.622464, 0.3, -0.0, 0.622464, 0.782648, -0.0, 0.0, 0.0, 0.0, 1.0],
                [1.0, 0.0, 0.0, 0.0, -0.0, 0.782648, -0.622464, 0.3, -0.0, 0.622464, 0.782648, -0.0, 0.0, 0.0, 0.0, 1.0]
            ]
        },
        {
            "name": "Tool_L",
            "time": [0.0, 0.7333, 1.0833, 1.6667, 2.3167, 2.6167, 3.3333],
            "transform": [
                [-0.412078, -0.317581, -0.85401, -0.048425, 0.618615, -0.785668, -0.006328, 0.299303, -0.668559, -0.530608, 0.519911, 0.068636, 0.0, 0.0, 0.0, 1.0],
                [-0.362137, -0.341683, -0.867243, -0.034563, 0.66209, -0.749191, 0.018702, 0.323425, -0.655727, -0.567095, 0.497242, 0.044776, 0.0, 0.0, 0.0, 1.0],
                [-0.332071, -0.362239, -0.870926, -0.029233, 0.668122, -0.742096, 0.053911, 0.353098, -0.66544, -0.563658, 0.488162, 0.02125, 0.0, 0.0, 0.0, 1.0],
                [-0.321242, -0.369661, -0.871868, -0.018505, 0.678981, -0.731695, 0.060057, 0.370382, -0.659746, -0.572361, 0.485759, 0.009544, 0.0, 0.0, 0.0, 1.0],
                [-0.329227, -0.350957, -0.876606, -0.030284, 0.676934, -0.734955, 0.04001, 0.345928, -0.657914, -0.579899, 0.47926, 0.020004, 0.0, 0.0, 0.0, 1.0],
                [-0.373485, -0.336703, -0.864373, -0.037094, 0.64306, -0.765546, 0.020348, 0.32563, -0.668168, -0.547929, 0.502144, 0.043005, 0.0, 0.0, 0.0, 1.0],
                [-0.412078, -0.317581, -0.85401, -0.048425, 0.618615, -0.785668, -0.006328, 0.299303, -0.668559, -0.530608, 0.519911, 0.068636, 0.0, 0.0, 0.0, 1.0]
            ]
        },
        {
            "name": "Elbow_L",
            "time": [0.0, 3.3333],
            "transform": [
                [-1.0, 0.0, -0.0, 0.0, 0.0, -0.0, -1.0, 0.3, -0.0, -1.0, -0.0, -0.0, 0.0, 0.0, 0.0, 1.0],
                [-1.0, 0.0, -0.0, 0.0, 0.0, -0.0, -1.0, 0.3, -0.0, -1.0, -0.0, -0.0, 0.0, 0.0, 0.0, 1.0]
            ]
        }
    ]
}