{
    
    "animation": [
        {
            "name": "Root",
            "time": [0.0, 0.4333],
            "transform": [
                [1.0, 0.0, 0.0, -5e-06, 0.0, 0.0, -1.0, 0.000946, 0.0, 1.0, 0.0, 0.682264, 0.0, 0.0, 0.0, 1.0],
                [1.0, 0.0, 0.0, -5e-06, 0.0, 0.0, -1.0, -0.159683, 0.0, 1.0, 0.0, 0.682264, 0.0, 0.0, 0.0, 1.0]
            ]
        },
        {
            "name": "Thigh_R",
            "time": [0.0, 0.1667, 0.4333],
            "transform": [
                [1.0, -0.0, 0.0, 0.124994, 0.0, -0.773987, -0.633199, -0.002831, 0.0, 0.633198, -0.773989, -1.2e-05, 0.0, 0.0, 0.0, 1.0],
                [1.0, -0.0, -0.0, 0.124994, 0.0, -0.886444, -0.462833, -0.002831, 0.0, 0.462832, -0.886446, -1.2e-05, 0.0, 0.0, 0.0, 1.0],
                [1.0, -0.0, 0.0, 0.124994, 0.0, -0.773987, -0.633199, -0.002831, 0.0, 0.633198, -0.773989, -1.2e-05, 0.0, 0.0, 0.0, 1.0]
            ]
        },
        {
            "name": "Leg_R",
            "time": [0.0, 0.1667, 0.4333],
            "transform": [
                [1.0, 1e-06, 0.0, 0.0, -1e-06, 0.997368, 0.072511, 0.37472, -0.0, -0.072511, 0.997367, -0.0, 0.0, 0.0, 0.0, 1.0],
                [1.0, 1e-06, 0.0, 0.0, -1e-06, 0.933378, 0.358895, 0.37472, -0.0, -0.358896, 0.933377, -0.0, 0.0, 0.0, 0.0, 1.0],
                [1.0, 1e-06, 0.0, 0.0, -1e-06, 0.997368, 0.072511, 0.37472, -0.0, -0.072511, 0.997367, -0.0, 0.0, 0.0, 0.0, 1.0]
            ]
        },
        {
            "name": "Knee_R",
            "time": [0.0, 0.4333],
            "transform": [
                [1.0, -0.0, -0.0, 0.0, -0.0, -0.389408, -0.921066, 0.439324, -0.0, 0.921065, -0.389408, -0.000954, 0.0, 0.0, 0.0, 1.0],
                [1.0, -0.0, -0.0, 0.0, -0.0, -0.389408, -0.921066, 0.439324, -0.0, 0.921065, -0.389408, -0.000954, 0.0, 0.0, 0.0, 1.0]
            ]
        },
        {
            "name": "Thigh_L",
            "time": [0.0, 0.4333],
            "transform": [
                [0.986259, -0.145897, -0.077501, -0.125006, -0.062758, -0.764837, 0.64116, -0.002831, -0.152819, -0.627486, -0.763484, -1.2e-05, 0.0, 0.0, 0.0, 1.0],
                [0.986259, -0.145897, -0.077501, -0.125006, -0.062758, -0.764837, 0.64116, -0.002831, -0.152819, -0.627486, -0.763484, -1.2e-05, 0.0, 0.0, 0.0, 1.0]
            ]
        },
        {
            "name": "Leg_L",
            "time": [0.0, 0.1667, 0.4333],
            "transform": [
                [0.998698, 0.049724, 0.011395, -0.0, -0.047365, 0.820911, 0.569089, 0.37472, 0.018943, -0.568887, 0.822198, -0.0, 0.0, 0.0, 0.0, 1.0],
                [0.998698, 0.04674, 0.020436, -0.0, -0.047365, 0.700866, 0.711718, 0.37472, 0.018943, -0.711759, 0.702168, -0.0, 0.0, 0.0, 0.0, 1.0],
                [0.998698, 0.049724, 0.011395, -0.0, -0.047365, 0.820911, 0.569089, 0.37472, 0.018943, -0.568887, 0.822198, -0.0, 0.0, 0.0, 0.0, 1.0]
            ]
        },
        {
            "name": "Knee_L",
            "time": [0.0, 0.4333],
            "transform": [
                [1.0, 0.0, -0.0, -0.0, -0.0, 1e-06, -1.0, 0.37472, -0.0, 1.0, 1e-06, -0.0, 0.0, 0.0, 0.0, 1.0],
                [1.0, 0.0, -0.0, -0.0, -0.0, 1e-06, -1.0, 0.37472, -0.0, 1.0, 1e-06, -0.0, 0.0, 0.0, 0.0, 1.0]
            ]
        },
        {
            "name": "Torso",
            "time": [0.0, 0.4333],
            "transform": [
                [1.0, 0.0, 0.0, 0.0, 0.0, 0.988633, 0.150347, 0.05, 0.0, -0.150347, 0.988633, 0.0, 0.0, 0.0, 0.0, 1.0],
                [1.0, 0.0, 0.0, 0.0, 0.0, 0.988633, 0.150347, 0.05, 0.0, -0.150347, 0.988633, 0.0, 0.0, 0.0, 0.0, 1.0]
            ]
        },
        {
            "name": "Chest",
            "time": [0.0, 0.1667, 0.4333],
            "transform": [
                [0.781324, -0.027782, 0.623507, 0.0, 0.013769, 0.999533, 0.027283, 0.3, -0.623974, -0.012732, 0.781341, 0.0, 0.0, 0.0, 0.0, 1.0],
                [0.781324, -0.027782, 0.623507, 0.0, 0.171481, 0.970117, -0.171658, 0.3, -0.600106, 0.24104, 0.76274, -0.0, 0.0, 0.0, 0.0, 1.0],
                [0.781324, -0.027782, 0.623507, 0.0, 0.013769, 0.999533, 0.027283, 0.3, -0.623974, -0.012732, 0.781341, -0.0, 0.0, 0.0, 0.0, 1.0]
            ]
        },
        {
            "name": "Head",
            "time": [0.0, 0.1667, 0.4333],
            "transform": [
                [0.82136, -0.0, -0.57041, -0.0, -0.014002, 0.999699, -0.020163, 0.4, 0.570238, 0.024548, 0.821112, 0.0, 0.0, 0.0, 0.0, 1.0],
                [0.821811, 0.155303, -0.548185, 0.0, -0.03104, 0.972909, 0.229096, 0.4, 0.568913, -0.171258, 0.804368, -0.0, 0.0, 0.0, 0.0, 1.0],
                [0.82136, -0.0, -0.57041, 0.0, -0.014002, 0.999699, -0.020163, 0.4, 0.570238, 0.024548, 0.821112, -0.0, 0.0, 0.0, 0.0, 1.0]
            ]
        },
        {
            "name": "Shoulder_R",
            "time": [0.0, 0.4333],
            "transform": [
                [0.075155, 0.885979, 0.457594, -0.0, -0.040519, -0.455799, 0.88916, 0.4, 0.996348, -0.085366, 0.001643, 0.0, 0.0, 0.0, 0.0, 1.0],
                [0.075155, 0.885979, 0.457594, 0.0, -0.040519, -0.455799, 0.88916, 0.4, 0.996348, -0.085366, 0.001643, -0.0, 0.0, 0.0, 0.0, 1.0]
            ]
        },
        {
            "name": "Arm_R",
            "time": [0.0, 0.1667, 0.4333],
            "transform": [
                [0.202378, -0.499974, -0.842063, 0.0, 0.855317, 0.509009, -0.09666, 0.393861, 0.476945, -0.700668, 0.530648, -0.0, 0.0, 0.0, 0.0, 1.0],
                [0.202378, -0.017449, -0.979152, -0.0, 0.855317, 0.490095, 0.168049, 0.39386, 0.476945, -0.871494, 0.114109, 0.0, 0.0, 0.0, 0.0, 1.0],
                [0.202378, -0.499974, -0.842063, 0.0, 0.855317, 0.509009, -0.09666, 0.39386, 0.476945, -0.700668, 0.530648, -0.0, 0.0, 0.0, 0.0, 1.0]
            ]
        },
        {
            "name": "Hand_R",
            "time": [0.0, 0.1667, 0.4333],
            "transform": [
                [0.995489, -0.094816, -0.00335, 0.0, 0.084329, 0.900459, -0.426688, 0.3, 0.043474, 0.42448, 0.904393, -0.0, 0.0, 0.0, 0.0, 1.0],
                [0.995489, -0.075003, 0.058103, -0.0, 0.084329, 0.418872, -0.904121, 0.3, 0.043474, 0.904943, 0.423307, 0.0, 0.0, 0.0, 0.0, 1.0],
                [0.995489, -0.094816, -0.00335, -0.0, 0.084329, 0.900459, -0.426688, 0.3, 0.043474, 0.42448, 0.904393, -0.0, 0.0, 0.0, 0.0, 1.0]
            ]
        },
        {
            "name": "Tool_R",
            "time": [0.0, 0.1667, 0.4333],
            "transform": [
                [0.54262, 0.826067, 0.152241, 0.0, 0.795134, -0.563573, 0.223939, 0.272858, 0.270636, -0.000468, -0.962067, 0.0, 0.0, 0.0, 0.0, 1.0],
                [0.560878, 0.826067, 0.055042, 0.0, 0.822037, -0.563572, 0.081495, 0.272858, 0.098291, -0.000468, -0.994563, 0.0, 0.0, 0.0, 0.0, 1.0],
                [0.54262, 0.826067, 0.152241, 0.0, 0.795134, -0.563573, 0.223939, 0.272858, 0.270636, -0.000468, -0.962067, -0.0, 0.0, 0.0, 0.0, 1.0]
            ]
        },
        {
            "name": "Elbow_R",
            "time": [0.0, 0.4333],
            "transform": [
                [-1.0, 0.0, -0.0, 0.0, 0.0, -0.0, -1.0, 0.3, -0.0, -1.0, 0.0, -0.0, 0.0, 0.0, 0.0, 1.0],
                [-1.0, 0.0, -0.0, -0.0, 0.0, -0.0, -1.0, 0.3, -0.0, -1.0, 0.0, -0.0, 0.0, 0.0, 0.0, 1.0]
            ]
        },
        {
            "name": "Shoulder_L",
            "time": [0.0, 0.1667, 0.4333],
            "transform": [
                [0.830772, -0.385652, -0.40136, -0.0, 0.265937, -0.35844, 0.894873, 0.4, -0.488973, -0.850172, -0.195223, 0.0, 0.0, 0.0, 0.0, 1.0],
                [0.686754, -0.606035, -0.40136, 0.0, 0.152993, -0.419279, 0.894874, 0.4, -0.710606, -0.675963, -0.195223, -0.0, 0.0, 0.0, 0.0, 1.0],
                [0.830772, -0.385652, -0.40136, 0.0, 0.265937, -0.35844, 0.894873, 0.4, -0.488973, -0.850172, -0.195223, -0.0, 0.0, 0.0, 0.0, 1.0]
            ]
        },
        {
            "name": "Arm_L",
            "time": [0.0, 0.1667, 0.4333],
            "transform": [
                [-0.334582, 0.819619, 0.465058, 0.0, -0.606081, 0.190737, -0.772195, 0.39386, -0.72161, -0.540225, 0.432938, 0.0, 0.0, 0.0, 0.0, 1.0],
                [-0.531613, 0.827697, 0.179737, -0.0, -0.1703, 0.103419, -0.97995, 0.39386, -0.82969, -0.551563, 0.085978, 0.0, 0.0, 0.0, 0.0, 1.0],
                [-0.334582, 0.819619, 0.465058, 0.0, -0.606081, 0.190737, -0.772195, 0.39386, -0.72161, -0.540225, 0.432938, 0.0, 0.0, 0.0, 0.0, 1.0]
            ]
        },
        {
            "name": "Hand_L",
            "time": [0.0, 0.1667, 0.4333],
            "transform": [
                [1.0, 0.0, 0.0, 0.0, -0.0, 0.782648, -0.622464, 0.3, -0.0, 0.622464, 0.782648, -0.0, 0.0, 0.0, 0.0, 1.0],
                [1.0, 0.0, -0.0, 0.0, -0.0, 0.521846, -0.85304, 0.3, 0.0, 0.85304, 0.521846, -0.0, 0.0, 0.0, 0.0, 1.0],
                [1.0, 0.0, 0.0, 0.0, -0.0, 0.782648, -0.622464, 0.3, -0.0, 0.622464, 0.782648, -0.0, 0.0, 0.0, 0.0, 1.0]
            ]
        },
        {
            "name": "Tool_L",
            "time": [0.0, 0.05, 0.1167, 0.1667, 0.3, 0.4333],
            "transform": [
                [-0.401678, -0.286542, -0.869798, -0.046667, 0.636842, -0.769932, -0.040454, 0.304636, -0.6577, -0.569846, 0.491457, 0.064666, 0.0, 0.0, 0.0, 1.0],
                [-0.368784, -0.240023, -0.897991, -0.041687, 0.586832, -0.809332, -0.024673, 0.342974, -0.720421, -0.535762, 0.439064, 0.055523, 0.0, 0.0, 0.0, 1.0],
                [-0.276684, -0.103177, -0.955406, -0.054788, 0.470776, -0.881292, -0.041163, 0.451677, -0.837247, -0.46091, 0.29224, 0.043158, 0.0, 0.0, 0.0, 1.0],
                [-0.277602, -0.06123, -0.958743, -0.06669, 0.413775, -0.908279, -0.061801, 0.483814, -0.866508, -0.413626, 0.277312, 0.045217, 0.0, 0.0, 0.0, 1.0],
                [-0.316925, -0.182651, -0.930697, -0.033567, 0.553482, -0.832483, -0.025098, 0.392623, -0.769746, -0.522779, 0.364714, 0.047617, 0.0, 0.0, 0.0, 1.0],
                [-0.401678, -0.286542, -0.869798, -0.046667, 0.636842, -0.769932, -0.040454, 0.304636, -0.6577, -0.569846, 0.491457, 0.064666, 0.0, 0.0, 0.0, 1.0]
            ]
        },
        {
            "name": "Elbow_L",
            "time": [0.0, 0.4333],
            "transform": [
                [-1.0, 0.0, -0.0, 0.0, 0.0, -0.0, -1.0, 0.3, -0.0, -1.0, -0.0, -0.0, 0.0, 0.0, 0.0, 1.0],
                [-1.0, 0.0, -0.0, 0.0, 0.0, -0.0, -1.0, 0.3, -0.0, -1.0, -0.0, -0.0, 0.0, 0.0, 0.0, 1.0]
            ]
        }
    ]
}