{
    "animation": [
        {
            "name": "Root",
            "time": [0.0, 0.2167, 0.4, 0.6, 0.85, 1.1667, 1.6],
            "transform": [
                [0.998869, 0.007241, -0.046988, -5e-06, -0.047543, 0.152141, -0.987215, 0.000946, 0.0, 0.988332, 0.152313, 0.777146, 0.0, 0.0, 0.0, 1.0],
                [-0.45754, 0.38243, -0.802748, 0.010088, -0.629857, 0.497851, 0.596174, 0.04359, 0.627644, 0.778391, 0.01309, 0.817157, 0.0, 0.0, 0.0, 1.0],
                [-0.735469, 0.625904, 0.25948, 0.013072, 0.454726, 0.172054, 0.873855, 0.074056, 0.502304, 0.760685, -0.411155, 0.828987, 0.0, 0.0, 0.0, 1.0],
                [0.795484, 0.023381, 0.605523, -0.016124, 0.560606, 0.35097, -0.750027, 0.104542, -0.230057, 0.936095, 0.266084, 0.511671, 0.0, 0.0, 0.0, 1.0],
                [0.795484, 0.023381, 0.605523, -0.016124, 0.560606, 0.35097, -0.750027, 0.104542, -0.230057, 0.936095, 0.266084, 0.620812, 0.0, 0.0, 0.0, 1.0],
                [0.795484, 0.023381, 0.605523, -0.016124, 0.560606, 0.35097, -0.750027, 0.104542, -0.230057, 0.936095, 0.266084, 0.620812, 0.0, 0.0, 0.0, 1.0],
                [0.9059, 0.044906, -0.421105, -0.016124, -0.423219, 0.060279, -0.90402, -0.455646, -0.015212, 0.997171, 0.073611, 0.774135, 0.0, 0.0, 0.0, 1.0]
            ]
        },
        {
            "name": "Thigh_R",
            "time": [0.0, 0.2167, 0.4667, 0.6, 0.85, 1.1667, 1.6],
            "transform": [
                [0.996122, 0.00966, -0.087442, 0.124994, 0.068868, -0.704113, 0.706739, -0.002831, -0.054742, -0.710019, -0.70205, -1.2e-05, 0.0, 0.0, 0.0, 1.0],
                [0.996122, -0.031698, -0.082065, 0.124994, 0.068868, -0.299484, 0.951612, -0.002831, -0.054742, -0.953572, -0.296141, -1.2e-05, 0.0, 0.0, 0.0, 1.0],
                [0.632466, 0.749897, -0.194008, 0.124994, 0.669463, -0.403219, 0.623886, -0.002831, 0.389622, -0.524466, -0.757053, -1.2e-05, 0.0, 0.0, 0.0, 1.0],
                [0.735801, 0.672659, -0.078259, 0.124994, 0.020408, 0.093486, 0.995412, -0.002831, 0.676889, -0.734022, 0.055059, -1.2e-05, 0.0, 0.0, 0.0, 1.0],
                [0.735802, 0.667504, 0.114158, 0.124994, 0.020408, -0.190354, 0.981504, -0.002831, 0.676889, -0.719861, -0.153686, -1.2e-05, 0.0, 0.0, 0.0, 1.0],
                [0.735802, 0.667504, 0.114158, 0.124994, 0.020408, -0.190354, 0.981504, -0.002831, 0.676889, -0.719861, -0.153686, -1.2e-05, 0.0, 0.0, 0.0, 1.0],
                [0.996122, 0.059171, -0.065101, 0.124994, 0.068868, -0.984949, 0.158519, -0.002831, -0.054742, -0.162387, -0.985208, -1.2e-05, 0.0, 0.0, 0.0, 1.0]
            ]
        },
        {
            "name": "Leg_R",
            "time": [0.0, 0.2167, 0.6, 0.85, 1.1667, 1.6],
            "transform": [
                [0.998294, -0.034492, -0.047104, 0.0, 0.058094, 0.506934, 0.860024, 0.37472, -0.005785, -0.861295, 0.508073, 0.0, 0.0, 0.0, 0.0, 1.0],
                [0.998294, -0.034492, -0.047104, -0.0, 0.058094, 0.506935, 0.860025, 0.37472, -0.005785, -0.861295, 0.508073, 0.0, 0.0, 0.0, 0.0, 1.0],
                [0.998294, -0.034492, -0.047104, -0.0, 0.058094, 0.506935, 0.860024, 0.37472, -0.005785, -0.861295, 0.508073, 0.0, 0.0, 0.0, 0.0, 1.0],
                [0.998295, -0.042455, -0.040075, -0.0, 0.058094, 0.654369, 0.75394, 0.37472, -0.005785, -0.754983, 0.655719, -0.0, 0.0, 0.0, 0.0, 1.0],
                [0.998295, -0.042455, -0.040075, -0.0, 0.058094, 0.654369, 0.75394, 0.37472, -0.005785, -0.754983, 0.655719, -0.0, 0.0, 0.0, 0.0, 1.0],
                [0.998294, -0.058382, 2e-06, 0.0, 0.058095, 0.993385, 0.099059, 0.37472, -0.005785, -0.09889, 0.995081, -0.0, 0.0, 0.0, 0.0, 1.0]
            ]
        },
        {
            "name": "Knee_R",
            "time": [0.0, 0.2167, 0.6, 0.85, 1.1667, 1.6],
            "transform": [
                [1.0, 0.0, -0.0, 0.0, -0.0, 1e-06, -1.0, 0.37472, -0.0, 1.0, 1e-06, 0.0, 0.0, 0.0, 0.0, 1.0],
                [1.0, 0.0, -0.0, -0.0, -0.0, 1e-06, -1.0, 0.37472, -0.0, 1.0, 1e-06, 0.0, 0.0, 0.0, 0.0, 1.0],
                [1.0, 0.0, -0.0, -0.0, -0.0, 1e-06, -1.0, 0.37472, -0.0, 1.0, 1e-06, 0.0, 0.0, 0.0, 0.0, 1.0],
                [1.0, 0.0, -0.0, -0.0, -0.0, 1e-06, -1.0, 0.37472, -0.0, 1.0, 1e-06, -0.0, 0.0, 0.0, 0.0, 1.0],
                [1.0, 0.0, -0.0, -0.0, -0.0, 1e-06, -1.0, 0.37472, -0.0, 1.0, 1e-06, -0.0, 0.0, 0.0, 0.0, 1.0],
                [1.0, 0.0, -0.0, 0.0, -0.0, 1e-06, -1.0, 0.37472, -0.0, 1.0, 1e-06, -0.0, 0.0, 0.0, 0.0, 1.0]
            ]
        },
        {
            "name": "Thigh_L",
            "time": [0.0, 0.2167, 0.6, 0.85, 1.1667, 1.6],
            "transform": [
                [0.587984, -0.416385, -0.693468, -0.109662, -0.199069, -0.905449, 0.374877, -0.002831, -0.783993, -0.082374, -0.615279, 0.02525, 0.0, 0.0, 0.0, 1.0],
                [0.578122, -0.445869, -0.683356, -0.109662, -0.268108, -0.894798, 0.357007, -0.002831, -0.770643, -0.02318, -0.636844, 0.02525, 0.0, 0.0, 0.0, 1.0],
                [0.517875, -0.555916, -0.650202, -0.109662, -0.526117, -0.8063, 0.270334, -0.002831, -0.674541, 0.202084, -0.71004, 0.02525, 0.0, 0.0, 0.0, 1.0],
                [0.901152, -0.356749, -0.246282, -0.109662, -0.320282, -0.930767, 0.176329, -0.002831, -0.292137, -0.080019, -0.953023, 0.02525, 0.0, 0.0, 0.0, 1.0],
                [0.901152, -0.356749, -0.246282, -0.109662, -0.320282, -0.930767, 0.176329, -0.002831, -0.292137, -0.080019, -0.953023, 0.02525, 0.0, 0.0, 0.0, 1.0],
                [0.862919, -0.112698, -0.492614, -0.109662, -0.086164, -0.993353, 0.07632, -0.002831, -0.497941, -0.023412, -0.866894, 0.02525, 0.0, 0.0, 0.0, 1.0]
            ]
        },
        {
            "name": "Leg_L",
            "time": [0.0, 0.2167, 0.6, 0.85, 1.1667, 1.6],
            "transform": [
                [0.997933, 0.056928, 0.029828, 0.0, -0.064028, 0.920822, 0.384691, 0.37472, -0.005566, -0.385805, 0.922564, -0.0, 0.0, 0.0, 0.0, 1.0],
                [0.997933, 0.056928, 0.029828, 0.0, -0.064028, 0.920822, 0.384691, 0.37472, -0.005566, -0.385805, 0.922564, -0.0, 0.0, 0.0, 0.0, 1.0],
                [0.997933, 0.056928, 0.029828, -0.0, -0.064027, 0.920822, 0.384691, 0.37472, -0.005566, -0.385805, 0.922564, 0.0, 0.0, 0.0, 0.0, 1.0],
                [0.997933, 0.056928, 0.029828, 0.0, -0.064027, 0.920822, 0.384691, 0.37472, -0.005566, -0.385805, 0.922564, -0.0, 0.0, 0.0, 0.0, 1.0],
                [0.997933, 0.056928, 0.029828, 0.0, -0.064027, 0.920822, 0.384691, 0.37472, -0.005566, -0.385805, 0.922564, -0.0, 0.0, 0.0, 0.0, 1.0],
                [0.997933, 0.06405, 0.005302, -0.0, -0.064028, 0.997939, -0.004292, 0.37472, -0.005566, 0.003944, 0.999977, -0.0, 0.0, 0.0, 0.0, 1.0]
            ]
        },
        {
            "name": "Knee_L",
            "time": [0.0, 0.2167, 0.6, 0.85, 1.1667, 1.6],
            "transform": [
                [1.0, 0.0, -0.0, 0.0, -0.0, 1e-06, -1.0, 0.37472, -0.0, 1.0, 1e-06, -0.0, 0.0, 0.0, 0.0, 1.0],
                [1.0, 0.0, -0.0, 0.0, -0.0, 1e-06, -1.0, 0.37472, -0.0, 1.0, 1e-06, -0.0, 0.0, 0.0, 0.0, 1.0],
                [1.0, 0.0, -0.0, -0.0, -0.0, 1e-06, -1.0, 0.37472, -0.0, 1.0, 1e-06, 0.0, 0.0, 0.0, 0.0, 1.0],
                [1.0, 0.0, -0.0, 0.0, -0.0, 1e-06, -1.0, 0.37472, -0.0, 1.0, 1e-06, -0.0, 0.0, 0.0, 0.0, 1.0],
                [1.0, 0.0, -0.0, 0.0, -0.0, 1e-06, -1.0, 0.37472, -0.0, 1.0, 1e-06, -0.0, 0.0, 0.0, 0.0, 1.0],
                [1.0, 0.0, -0.0, -0.0, -0.0, 1e-06, -1.0, 0.37472, -0.0, 1.0, 1e-06, -0.0, 0.0, 0.0, 0.0, 1.0]
            ]
        },
        {
            "name": "Torso",
            "time": [0.0, 0.2167, 0.6, 0.85, 1.1667, 1.6],
            "transform": [
                [0.965662, -0.025127, 0.258583, -0.0, 0.020968, 0.999603, 0.018828, 0.05, -0.258953, -0.012759, 0.965806, -0.0, 0.0, 0.0, 0.0, 1.0],
                [0.965662, -0.025127, 0.258583, 0.0, 0.020968, 0.999603, 0.018828, 0.05, -0.258953, -0.012759, 0.965806, 0.0, 0.0, 0.0, 0.0, 1.0],
                [0.965662, -0.025127, 0.258583, -0.0, 0.020968, 0.999603, 0.018828, 0.05, -0.258953, -0.012759, 0.965806, -0.0, 0.0, 0.0, 0.0, 1.0],
                [0.965662, -0.025127, 0.258583, 0.0, 0.020968, 0.999603, 0.018828, 0.05, -0.258953, -0.012759, 0.965806, -0.0, 0.0, 0.0, 0.0, 1.0],
                [0.965662, -0.025127, 0.258583, 0.0, 0.020968, 0.999603, 0.018828, 0.05, -0.258953, -0.012759, 0.965806, -0.0, 0.0, 0.0, 0.0, 1.0],
                [0.965662, -0.025127, 0.258583, 0.0, 0.020968, 0.999603, 0.018828, 0.05, -0.258953, -0.012759, 0.965806, 0.0, 0.0, 0.0, 0.0, 1.0]
            ]
        },
        {
            "name": "Chest",
            "time": [0.0, 0.2167, 0.45, 0.5167, 0.6, 0.85, 1.1667, 1.6],
            "transform": [
                [0.997431, -0.027685, 0.06607, 0.0, 0.022738, 0.996963, 0.074487, 0.3, -0.067931, -0.072794, 0.995031, -0.0, 0.0, 0.0, 0.0, 1.0],
                [0.916687, -0.251805, 0.310288, 0.0, -0.00372, 0.771075, 0.636734, 0.3, -0.399588, -0.58484, 0.705898, 0.0, 0.0, 0.0, 0.0, 1.0],
                [0.703221, -0.230636, 0.672523, -0.0, 0.247901, 0.966099, 0.072098, 0.3, -0.666352, 0.116018, 0.736556, 0.0, 0.0, 0.0, 0.0, 1.0],
                [0.920639, -0.088942, 0.380149, -0.0, 0.078661, 0.995994, 0.042528, 0.3, -0.382408, -0.00925, 0.923947, 0.0, 0.0, 0.0, 0.0, 1.0],
                [0.61564, 0.104244, 0.781102, 0.0, -0.226698, 0.972739, 0.048857, 0.3, -0.754715, -0.207153, 0.622489, -0.0, 0.0, 0.0, 0.0, 1.0],
                [0.596334, 0.190078, 0.779908, 0.0, -0.339294, 0.940192, 0.030289, 0.3, -0.727507, -0.28268, 0.625161, -0.0, 0.0, 0.0, 0.0, 1.0],
                [0.596334, 0.190078, 0.779908, 0.0, -0.339294, 0.940192, 0.030289, 0.3, -0.727507, -0.28268, 0.625161, -0.0, 0.0, 0.0, 0.0, 1.0],
                [0.997431, -0.023894, 0.067533, 0.0, 0.022738, 0.999582, 0.017843, 0.3, -0.067931, -0.016261, 0.997558, -0.0, 0.0, 0.0, 0.0, 1.0]
            ]
        },
        {
            "name": "Head",
            "time": [0.0, 0.2167, 0.45, 0.6, 0.85, 1.1667, 1.6],
            "transform": [
                [0.989016, 0.03176, 0.144357, 0.0, -0.026637, 0.99895, -0.037285, 0.4, -0.145389, 0.033031, 0.988823, 0.0, 0.0, 0.0, 0.0, 1.0],
                [0.912008, 0.03176, -0.408941, 0.0, -0.042485, 0.998949, -0.017167, 0.4, 0.407966, 0.033031, 0.9124, -0.0, 0.0, 0.0, 0.0, 1.0],
                [0.134422, 0.03176, -0.990415, 0.0, -0.037016, 0.99895, 0.02701, 0.4, 0.990233, 0.033031, 0.135456, -0.0, 0.0, 0.0, 0.0, 1.0],
                [0.134422, 0.03176, -0.990415, 0.0, -0.037016, 0.99895, 0.02701, 0.4, 0.990233, 0.033031, 0.135456, -0.0, 0.0, 0.0, 0.0, 1.0],
                [0.134422, 0.214558, -0.967417, 0.0, -0.037016, 0.976683, 0.21147, 0.4, 0.990232, 0.007384, 0.13923, -0.0, 0.0, 0.0, 0.0, 1.0],
                [0.134422, -0.087777, -0.987029, 0.0, -0.037016, 0.994929, -0.093521, 0.4, 0.990232, 0.049107, 0.130491, -0.0, 0.0, 0.0, 0.0, 1.0],
                [0.989016, 0.03176, 0.144357, 0.0, -0.026637, 0.99895, -0.037285, 0.4, -0.145389, 0.033031, 0.988823, 0.0, 0.0, 0.0, 0.0, 1.0]
            ]
        },
        {
            "name": "Shoulder_R",
            "time": [0.0, 0.2167, 0.6, 0.85, 1.1667, 1.6],
            "transform": [
                [-0.059544, 0.923942, 0.37787, 0.0, -0.044266, -0.380613, 0.923674, 0.4, 0.997244, 0.038273, 0.063562, 0.0, 0.0, 0.0, 0.0, 1.0],
                [-0.059544, 0.923942, 0.37787, 0.0, -0.044266, -0.380613, 0.923674, 0.4, 0.997243, 0.038273, 0.063562, -0.0, 0.0, 0.0, 0.0, 1.0],
                [-0.059544, 0.923942, 0.37787, 0.0, -0.044266, -0.380613, 0.923674, 0.4, 0.997244, 0.038273, 0.063562, -0.0, 0.0, 0.0, 0.0, 1.0],
                [-0.059544, 0.923942, 0.37787, 0.0, -0.044266, -0.380613, 0.923674, 0.4, 0.997243, 0.038273, 0.063562, -0.0, 0.0, 0.0, 0.0, 1.0],
                [-0.059544, 0.923942, 0.37787, 0.0, -0.044266, -0.380613, 0.923674, 0.4, 0.997243, 0.038273, 0.063562, -0.0, 0.0, 0.0, 0.0, 1.0],
                [-0.059544, 0.923942, 0.37787, 0.0, -0.044266, -0.380613, 0.923674, 0.4, 0.997244, 0.038273, 0.063562, 0.0, 0.0, 0.0, 0.0, 1.0]
            ]
        },
        {
            "name": "Arm_R",
            "time": [0.0, 0.2167, 0.45, 0.5167, 0.6, 0.85, 1.1667, 1.6],
            "transform": [
                [0.038125, 0.06741, -0.996997, 0.0, 0.795433, 0.601855, 0.071111, 0.39386, 0.604841, -0.795755, -0.030674, -0.0, 0.0, 0.0, 0.0, 1.0],
                [-0.130806, -0.991388, -0.006308, 0.0, -0.755931, 0.103852, -0.646361, 0.39386, 0.64145, -0.07978, -0.763006, -0.0, 0.0, 0.0, 0.0, 1.0],
                [0.147651, -0.315836, -0.937255, -0.0, -0.880801, 0.389057, -0.269862, 0.39386, 0.449877, 0.86538, -0.220743, 0.0, 0.0, 0.0, 0.0, 1.0],
                [0.964872, 0.18235, -0.18913, 0.0, -0.25879, 0.783735, -0.564613, 0.39386, 0.04527, 0.593725, 0.803394, 0.0, 0.0, 0.0, 0.0, 1.0],
                [0.997802, 0.039672, -0.053068, 0.0, -0.032846, 0.991759, 0.123838, 0.39386, 0.057544, -0.121823, 0.990882, 0.0, 0.0, 0.0, 0.0, 1.0],
                [0.997802, 0.03098, -0.058569, -0.0, -0.032846, 0.998975, -0.03116, 0.39386, 0.057544, 0.033015, 0.997797, -0.0, 0.0, 0.0, 0.0, 1.0],
                [0.997802, 0.025324, -0.061228, -0.0, -0.032846, 0.991594, -0.125149, 0.39386, 0.057544, 0.126885, 0.990247, -0.0, 0.0, 0.0, 0.0, 1.0],
                [0.047157, 0.061432, -0.996997, -0.0, 0.871616, 0.485004, 0.071111, 0.39386, 0.487916, -0.872351, -0.030674, -0.0, 0.0, 0.0, 0.0, 1.0]
            ]
        },
        {
            "name": "Hand_R",
            "time": [0.0, 0.2167, 0.6, 0.85, 1.1667, 1.6],
            "transform": [
                [0.999599, -0.024668, -0.0139, -0.0, 0.023395, 0.996077, -0.08534, 0.3, 0.015951, 0.08498, 0.996255, 0.0, 0.0, 0.0, 0.0, 1.0],
                [0.999599, -0.02432, -0.014502, -0.0, 0.023395, 0.997873, -0.060855, 0.3, 0.015951, 0.060491, 0.998041, 0.0, 0.0, 0.0, 0.0, 1.0],
                [0.999599, -0.022792, -0.016801, 0.0, 0.023395, 0.999057, 0.036585, 0.3, 0.015951, -0.036963, 0.999189, 0.0, 0.0, 0.0, 0.0, 1.0],
                [0.999599, -0.022792, -0.016801, -0.0, 0.023395, 0.999057, 0.036585, 0.3, 0.015951, -0.036963, 0.999189, 0.0, 0.0, 0.0, 0.0, 1.0],
                [0.999599, -0.022792, -0.016801, 0.0, 0.023395, 0.999057, 0.036585, 0.3, 0.015951, -0.036963, 0.999189, -0.0, 0.0, 0.0, 0.0, 1.0],
                [0.999599, -0.02151, -0.018414, 0.0, 0.023395, 0.993747, 0.109175, 0.3, 0.015951, -0.109562, 0.993852, -0.0, 0.0, 0.0, 0.0, 1.0]
            ]
        },
        {
            "name": "Tool_R",
            "time": [0.0, 0.2167, 0.45, 0.6, 0.85, 1.1667, 1.6],
            "transform": [
                [0.997429, 0.007601, -0.071259, -0.00809, 0.011127, -0.998726, 0.049225, 0.281539, -0.070752, -0.049873, -0.995652, 0.098466, 0.0, 0.0, 0.0, 1.0],
                [0.017145, 0.999758, -0.013852, -0.030646, 0.994065, -0.015556, 0.107668, 0.237912, 0.107373, -0.015607, -0.993501, 0.094058, 0.0, 0.0, 0.0, 1.0],
                [0.995826, 0.089508, -0.017861, -0.030646, 0.081801, -0.962039, -0.260368, 0.237913, -0.040463, 0.257657, -0.964776, 0.094058, 0.0, 0.0, 0.0, 1.0],
                [0.995826, 0.089508, -0.017861, -0.030646, 0.081801, -0.962039, -0.260368, 0.237913, -0.040463, 0.257657, -0.964776, 0.094058, 0.0, 0.0, 0.0, 1.0],
                [0.995826, 0.089508, -0.017861, -0.030646, 0.081801, -0.962039, -0.260368, 0.237913, -0.040463, 0.257657, -0.964776, 0.094058, 0.0, 0.0, 0.0, 1.0],
                [0.995826, 0.089508, -0.017861, -0.030646, 0.081801, -0.962038, -0.260368, 0.237912, -0.040463, 0.257657, -0.964776, 0.094058, 0.0, 0.0, 0.0, 1.0],
                [0.995826, 0.089508, -0.017861, -0.030646, 0.081801, -0.962038, -0.260368, 0.237913, -0.040463, 0.257657, -0.964776, 0.094058, 0.0, 0.0, 0.0, 1.0]
            ]
        },
        {
            "name": "Elbow_R",
            "time": [0.0, 0.2167, 0.6, 0.85, 1.1667, 1.6],
            "transform": [
                [-1.0, 0.0, 0.0, -0.0, 0.0, -0.0, -1.0, 0.3, -0.0, -1.0, 0.0, 0.0, 0.0, 0.0, 0.0, 1.0],
                [-1.0, 0.0, -0.0, -0.0, -0.0, -0.0, -1.0, 0.3, -0.0, -1.0, 0.0, 0.0, 0.0, 0.0, 0.0, 1.0],
                [-1.0, 0.0, -0.0, 0.0, 0.0, -0.0, -1.0, 0.3, -0.0, -1.0, -0.0, 0.0, 0.0, 0.0, 0.0, 1.0],
                [-1.0, 0.0, -0.0, -0.0, 0.0, -0.0, -1.0, 0.3, -0.0, -1.0, 0.0, 0.0, 0.0, 0.0, 0.0, 1.0],
                [-1.0, 0.0, -0.0, 0.0, 0.0, 0.0, -1.0, 0.3, -0.0, -1.0, 0.0, -0.0, 0.0, 0.0, 0.0, 1.0],
                [-1.0, 0.0, -0.0, 0.0, 0.0, -0.0, -1.0, 0.3, -0.0, -1.0, 0.0, -0.0, 0.0, 0.0, 0.0, 1.0]
            ]
        },
        {
            "name": "Shoulder_L",
            "time": [0.0, 0.2167, 0.6, 0.85, 1.1667, 1.6],
            "transform": [
                [-0.007939, -0.952498, -0.304441, 0.0, -0.088921, -0.302572, 0.948969, 0.4, -0.996007, 0.034605, -0.082295, 0.0, 0.0, 0.0, 0.0, 1.0],
                [0.515998, -0.800663, -0.304441, 0.0, 0.091681, -0.301747, 0.948969, 0.4, -0.851669, -0.517578, -0.082295, -0.0, 0.0, 0.0, 0.0, 1.0],
                [0.515998, -0.800663, -0.304441, 0.0, 0.091681, -0.301747, 0.94897, 0.4, -0.851669, -0.517578, -0.082295, -0.0, 0.0, 0.0, 0.0, 1.0],
                [0.515998, -0.800663, -0.304441, 0.0, 0.091681, -0.301747, 0.948969, 0.4, -0.851669, -0.517578, -0.082295, -0.0, 0.0, 0.0, 0.0, 1.0],
                [0.515998, -0.800663, -0.304441, 0.0, 0.091681, -0.301747, 0.948969, 0.4, -0.851669, -0.517578, -0.082295, -0.0, 0.0, 0.0, 0.0, 1.0],
                [-0.007939, -0.952498, -0.304441, 0.0, -0.088921, -0.302572, 0.94897, 0.4, -0.996007, 0.034605, -0.082295, 0.0, 0.0, 0.0, 0.0, 1.0]
            ]
        },
        {
            "name": "Arm_L",
            "time": [0.0, 0.2167, 0.6, 0.85, 1.1667, 1.6],
            "transform": [
                [0.152862, 0.200011, 0.967796, -0.0, -0.786224, 0.617931, -0.003523, 0.39386, -0.598736, -0.760366, 0.251711, 0.0, 0.0, 0.0, 0.0, 1.0],
                [-0.501702, 0.287336, 0.815924, -0.0, -0.549362, 0.622762, -0.557108, 0.39386, -0.668204, -0.72774, -0.154589, 0.0, 0.0, 0.0, 0.0, 1.0],
                [-0.520182, 0.252345, 0.815925, 0.0, -0.590674, 0.583724, -0.557108, 0.39386, -0.616859, -0.771743, -0.154589, 0.0, 0.0, 0.0, 0.0, 1.0],
                [-0.520182, 0.252345, 0.815924, 0.0, -0.590674, 0.583724, -0.557108, 0.39386, -0.616858, -0.771743, -0.154589, -0.0, 0.0, 0.0, 0.0, 1.0],
                [-0.520182, 0.252345, 0.815924, 0.0, -0.590674, 0.583724, -0.557108, 0.39386, -0.616858, -0.771743, -0.154589, -0.0, 0.0, 0.0, 0.0, 1.0],
                [0.2326, 0.015173, 0.972454, -0.0, -0.875693, 0.438302, 0.202617, 0.39386, -0.423154, -0.8987, 0.115236, 0.0, 0.0, 0.0, 0.0, 1.0]
            ]
        },
        {
            "name": "Hand_L",
            "time": [0.0, 0.2167, 0.6, 0.85, 1.1667, 1.6],
            "transform": [
                [0.99991, 0.013443, -0.000203, -0.0, -0.012582, 0.930318, -0.366538, 0.3, -0.004739, 0.366507, 0.930403, -0.0, 0.0, 0.0, 0.0, 1.0],
                [0.99991, 0.013359, -0.001521, 0.0, -0.012582, 0.88984, -0.456101, 0.3, -0.004739, 0.456078, 0.889927, 0.0, 0.0, 0.0, 0.0, 1.0],
                [0.99991, 0.013443, -0.000203, 0.0, -0.012582, 0.930318, -0.366538, 0.3, -0.004739, 0.366507, 0.930403, 0.0, 0.0, 0.0, 0.0, 1.0],
                [0.99991, 0.013443, -0.000203, 0.0, -0.012582, 0.930318, -0.366538, 0.3, -0.004739, 0.366507, 0.930403, 0.0, 0.0, 0.0, 0.0, 1.0],
                [0.99991, 0.013443, -0.000203, 0.0, -0.012582, 0.930318, -0.366538, 0.3, -0.004739, 0.366507, 0.930403, 0.0, 0.0, 0.0, 0.0, 1.0],
                [0.99991, 0.012501, 0.004949, 0.0, -0.012582, 0.999782, 0.01669, 0.3, -0.004739, -0.016751, 0.999849, 0.0, 0.0, 0.0, 0.0, 1.0]
            ]
        },
        {
            "name": "Tool_L",
            "time": [0.0, 0.2167, 0.6, 0.85, 1.1667, 1.6],
            "transform": [
                [0.99711, 0.043861, -0.062033, -0.012677, 0.036135, -0.992043, -0.1206, 0.208813, -0.066789, 0.11793, -0.99018, 0.160811, 0.0, 0.0, 0.0, 1.0],
                [0.673946, 0.737346, -0.046006, 0.038078, 0.723812, -0.671482, -0.15877, 0.194987, -0.147866, 0.073652, -0.985665, 0.172546, 0.0, 0.0, 0.0, 1.0],
                [0.99711, 0.043861, -0.062033, -0.012677, 0.036135, -0.992043, -0.1206, 0.208813, -0.066789, 0.11793, -0.99018, 0.160811, 0.0, 0.0, 0.0, 1.0],
                [0.99711, 0.043861, -0.062033, -0.012677, 0.036135, -0.992043, -0.1206, 0.208813, -0.066789, 0.11793, -0.99018, 0.160811, 0.0, 0.0, 0.0, 1.0],
                [0.99711, 0.043861, -0.062033, -0.012677, 0.036135, -0.992043, -0.1206, 0.208813, -0.066789, 0.11793, -0.99018, 0.160811, 0.0, 0.0, 0.0, 1.0],
                [0.99711, 0.043861, -0.062033, -0.012677, 0.036135, -0.992043, -0.1206, 0.208813, -0.066789, 0.11793, -0.990179, 0.160811, 0.0, 0.0, 0.0, 1.0]
            ]
        },
        {
            "name": "Elbow_L",
            "time": [0.0, 0.2167, 0.6, 0.85, 1.1667, 1.6],
            "transform": [
                [-0.998967, -0.043093, -0.01444, -4.9e-05, 0.028309, -0.34145, -0.939473, 0.367197, 0.035554, -0.938912, 0.342317, -0.015902, 0.0, 0.0, 0.0, 1.0],
                [-0.998967, -0.043093, -0.01444, -4.9e-05, 0.02831, -0.34145, -0.939474, 0.367197, 0.035554, -0.938912, 0.342317, -0.015902, 0.0, 0.0, 0.0, 1.0],
                [-0.998967, -0.043093, -0.01444, -4.9e-05, 0.028309, -0.34145, -0.939474, 0.367197, 0.035554, -0.938912, 0.342317, -0.015902, 0.0, 0.0, 0.0, 1.0],
                [-0.998967, -0.043093, -0.01444, -4.9e-05, 0.028309, -0.34145, -0.939473, 0.367197, 0.035554, -0.938912, 0.342317, -0.015902, 0.0, 0.0, 0.0, 1.0],
                [-0.998967, -0.043093, -0.01444, -4.9e-05, 0.028309, -0.34145, -0.939473, 0.367197, 0.035554, -0.938912, 0.342317, -0.015902, 0.0, 0.0, 0.0, 1.0],
                [-0.998967, -0.043093, -0.01444, -4.9e-05, 0.028309, -0.34145, -0.939473, 0.367197, 0.035554, -0.938912, 0.342317, -0.015902, 0.0, 0.0, 0.0, 1.0]
            ]
        }
    ]
}