{
    "animation": [
        {
            "name": "Root",
            "time": [0.0, 0.15, 0.2667, 0.4167, 0.5333],
            "transform": [
                [0.999993, 0.0, 0.00369, -5e-06, 0.003615, 0.200435, -0.9797, 0.051056, -0.00074, 0.979707, 0.200434, 0.777146, 0.0, 0.0, 0.0, 1.0],
                [0.995477, -0.015162, 0.093788, -5e-06, 0.095003, 0.165226, -0.981669, 0.042329, -0.000612, 0.986139, 0.165919, 0.612818, 0.0, 0.0, 0.0, 1.0],
                [0.999993, 0.0, 0.00369, -5e-06, 0.003668, 0.11067, -0.99385, 0.028481, -0.000408, 0.993857, 0.110669, 0.785788, 0.0, 0.0, 0.0, 1.0],
                [0.994426, 0.017088, -0.104046, -5e-06, -0.105438, 0.155748, -0.982153, 0.008241, -0.000578, 0.987649, 0.156681, 0.637068, 0.0, 0.0, 0.0, 1.0],
                [0.999993, 0.0, 0.00369, -5e-06, 0.003615, 0.200435, -0.9797, 0.051056, -0.00074, 0.979707, 0.200434, 0.777146, 0.0, 0.0, 0.0, 1.0]
            ]
        },
        {
            "name": "Thigh_R",
            "time": [0.0, 0.15, 0.2667, 0.4167, 0.5333],
            "transform": [
                [0.998775, 0.047939, 0.01225, 0.124994, 0.031117, -0.801048, 0.597788, -0.002831, 0.03847, -0.596673, -0.801561, -1.2e-05, 0.0, 0.0, 0.0, 1.0],
                [0.997943, 0.046618, -0.044007, 0.124994, 0.059822, -0.43035, 0.900677, -0.002831, 0.023049, -0.901455, -0.432255, -1.2e-05, 0.0, 0.0, 0.0, 1.0],
                [0.999819, -0.002717, -0.018807, 0.124994, -0.006181, -0.982397, -0.186693, -0.002831, -0.017969, 0.186776, -0.982238, -1.2e-05, 0.0, 0.0, 0.0, 1.0],
                [0.995395, 0.075369, -0.059219, 0.124994, 0.012827, -0.717009, -0.696945, -0.002831, -0.094988, 0.692975, -0.714676, -1.2e-05, 0.0, 0.0, 0.0, 1.0],
                [0.998775, 0.047939, 0.01225, 0.124994, 0.031117, -0.801048, 0.597788, -0.002831, 0.03847, -0.596673, -0.801561, -1.2e-05, 0.0, 0.0, 0.0, 1.0]
            ]
        },
        {
            "name": "Leg_R",
            "time": [0.0, 0.15, 0.2667, 0.4167, 0.5333],
            "transform": [
                [1.0, -1e-06, 2e-06, 0.0, -2e-06, 0.034215, 0.999414, 0.37472, -1e-06, -0.999415, 0.034215, -0.0, 0.0, 0.0, 0.0, 1.0],
                [1.0, -0.0, 1e-06, 0.0, -0.0, 0.916049, 0.401067, 0.37472, -1e-06, -0.401068, 0.916048, -0.0, 0.0, 0.0, 0.0, 1.0],
                [1.0, -0.0, 2e-06, 0.0, 0.0, 0.999953, 0.009717, 0.37472, -2e-06, -0.009717, 0.999952, 0.0, 0.0, 0.0, 0.0, 1.0],
                [1.0, 0.0, 1e-06, 0.0, -0.0, 0.999949, 0.010125, 0.37472, -1e-06, -0.010125, 0.999948, -0.0, 0.0, 0.0, 0.0, 1.0],
                [1.0, -1e-06, 2e-06, 0.0, -2e-06, 0.034215, 0.999414, 0.37472, -1e-06, -0.999415, 0.034215, -0.0, 0.0, 0.0, 0.0, 1.0]
            ]
        },
        {
            "name": "Knee_R",
            "time": [0.0, 0.5333],
            "transform": [
                [1.0, 0.0, -0.0, 0.0, -0.0, 1e-06, -1.0, 0.37472, -0.0, 1.0, 1e-06, -0.0, 0.0, 0.0, 0.0, 1.0],
                [1.0, 0.0, -0.0, 0.0, -0.0, 1e-06, -1.0, 0.37472, -0.0, 1.0, 1e-06, -0.0, 0.0, 0.0, 0.0, 1.0]
            ]
        },
        {
            "name": "Thigh_L",
            "time": [0.0, 0.15, 0.2667, 0.4167, 0.5333],
            "transform": [
                [0.996627, -0.082057, 1.6e-05, -0.125006, -0.080565, -0.978556, -0.189574, -0.002831, 0.015571, 0.188934, -0.981866, -1.2e-05, 0.0, 0.0, 0.0, 1.0],
                [0.994167, -0.107775, -0.003976, -0.125006, -0.091088, -0.819356, -0.566003, -0.002831, 0.057744, 0.563064, -0.824393, -1.2e-05, 0.0, 0.0, 0.0, 1.0],
                [0.994561, -0.058491, 0.086176, -0.125006, -0.10408, -0.52768, 0.843043, -0.002831, -0.003837, -0.847427, -0.530898, -1.2e-05, 0.0, 0.0, 0.0, 1.0],
                [0.999723, -0.023445, 0.001926, -0.125006, -0.011716, -0.425278, 0.904986, -0.002831, -0.020398, -0.904759, -0.425435, -1.2e-05, 0.0, 0.0, 0.0, 1.0],
                [0.996627, -0.082057, 1.6e-05, -0.125006, -0.080565, -0.978556, -0.189574, -0.002831, 0.015571, 0.188934, -0.981866, -1.2e-05, 0.0, 0.0, 0.0, 1.0]
            ]
        },
        {
            "name": "Leg_L",
            "time": [0.0, 0.15, 0.2667, 0.4167, 0.5333],
            "transform": [
                [1.0, -0.0, 1e-06, -0.0, 0.0, 0.999948, 0.010137, 0.37472, -1e-06, -0.010137, 0.999949, -0.0, 0.0, 0.0, 0.0, 1.0],
                [1.0, -1e-06, 2e-06, 0.0, 0.0, 0.866113, 0.499847, 0.37472, -2e-06, -0.499847, 0.866114, -0.0, 0.0, 0.0, 0.0, 1.0],
                [1.0, -1e-06, 1e-06, 0.0, -1e-06, -0.003588, 0.999994, 0.37472, -1e-06, -0.999993, -0.003588, 0.0, 0.0, 0.0, 0.0, 1.0],
                [0.999982, -0.005936, 0.001341, 0.0, 0.004607, 0.882374, 0.470527, 0.37472, -0.003976, -0.470512, 0.882385, 0.0, 0.0, 0.0, 0.0, 1.0],
                [1.0, -0.0, 1e-06, -0.0, 0.0, 0.999948, 0.010137, 0.37472, -1e-06, -0.010137, 0.999949, -0.0, 0.0, 0.0, 0.0, 1.0]
            ]
        },
        {
            "name": "Knee_L",
            "time": [0.0, 0.5333],
            "transform": [
                [1.0, 0.0, -0.0, -0.0, -0.0, 1e-06, -1.0, 0.37472, -0.0, 1.0, 1e-06, -0.0, 0.0, 0.0, 0.0, 1.0],
                [1.0, 0.0, -0.0, -0.0, -0.0, 1e-06, -1.0, 0.37472, -0.0, 1.0, 1e-06, -0.0, 0.0, 0.0, 0.0, 1.0]
            ]
        },
        {
            "name": "Torso",
            "time": [0.0, 0.15, 0.2667, 0.4167, 0.5333],
            "transform": [
                [0.996095, -0.062087, 0.062765, 0.0, 0.023954, 0.874335, 0.484731, 0.05, -0.084973, -0.481335, 0.872408, -0.0, 0.0, 0.0, 0.0, 1.0],
                [0.996095, -0.062087, 0.062765, 0.0, 0.023954, 0.874335, 0.484731, 0.05, -0.084973, -0.481335, 0.872408, 0.0, 0.0, 0.0, 0.0, 1.0],
                [0.996095, -0.062087, 0.062765, 0.0, 0.023954, 0.874335, 0.484731, 0.05, -0.084973, -0.481335, 0.872409, -0.0, 0.0, 0.0, 0.0, 1.0],
                [0.996095, -0.062087, 0.062765, -0.0, 0.023954, 0.874335, 0.484731, 0.05, -0.084973, -0.481335, 0.872409, 0.0, 0.0, 0.0, 0.0, 1.0],
                [0.996095, -0.062087, 0.062765, 0.0, 0.023954, 0.874335, 0.484731, 0.05, -0.084973, -0.481335, 0.872408, -0.0, 0.0, 0.0, 0.0, 1.0]
            ]
        },
        {
            "name": "Chest",
            "time": [0.0, 0.15, 0.2667, 0.4167, 0.5333],
            "transform": [
                [0.997431, -0.024568, 0.067291, 0.0, 0.022738, 0.999354, 0.027825, 0.3, -0.067931, -0.026224, 0.997346, -0.0, 0.0, 0.0, 0.0, 1.0],
                [0.997431, -0.024568, 0.067291, 0.0, 0.022738, 0.999354, 0.027825, 0.3, -0.067931, -0.026224, 0.997346, 0.0, 0.0, 0.0, 0.0, 1.0],
                [0.997431, -0.033558, 0.063289, 0.0, 0.022738, 0.98611, 0.164528, 0.3, -0.067931, -0.162667, 0.98434, -0.0, 0.0, 0.0, 0.0, 1.0],
                [0.997431, -0.024568, 0.067291, 0.0, 0.022738, 0.999354, 0.027825, 0.3, -0.067931, -0.026224, 0.997346, -0.0, 0.0, 0.0, 0.0, 1.0],
                [0.997431, -0.024568, 0.067291, 0.0, 0.022738, 0.999354, 0.027825, 0.3, -0.067931, -0.026224, 0.997346, -0.0, 0.0, 0.0, 0.0, 1.0]
            ]
        },
        {
            "name": "Head",
            "time": [0.0, 0.5333],
            "transform": [
                [0.997046, 0.001291, -0.076793, -0.0, -0.036749, 0.885994, -0.462237, 0.4, 0.067442, 0.463694, 0.883425, 0.0, 0.0, 0.0, 0.0, 1.0],
                [0.997046, 0.001291, -0.076793, -0.0, -0.036749, 0.885994, -0.462237, 0.4, 0.067442, 0.463694, 0.883425, 0.0, 0.0, 0.0, 0.0, 1.0]
            ]
        },
        {
            "name": "Shoulder_R",
            "time": [0.0, 0.15, 0.5333],
            "transform": [
                [-0.059544, 0.923942, 0.37787, -0.0, -0.044266, -0.380613, 0.923674, 0.4, 0.997244, 0.038273, 0.063562, 0.0, 0.0, 0.0, 0.0, 1.0],
                [0.028348, 0.970169, 0.240765, 0.0, -0.19365, -0.230968, 0.953495, 0.4, 0.980661, -0.073654, 0.181326, -0.0, 0.0, 0.0, 0.0, 1.0],
                [-0.059544, 0.923942, 0.37787, -0.0, -0.044266, -0.380613, 0.923674, 0.4, 0.997244, 0.038273, 0.063562, 0.0, 0.0, 0.0, 0.0, 1.0]
            ]
        },
        {
            "name": "Arm_R",
            "time": [0.0, 0.15, 0.3833, 0.5333],
            "transform": [
                [0.047157, -0.524774, -0.849935, 0.0, 0.871616, 0.437238, -0.221604, 0.39386, 0.487916, -0.730366, 0.47802, -0.0, 0.0, 0.0, 0.0, 1.0],
                [0.023469, 0.658705, -0.752035, 0.0, 0.854858, 0.376796, 0.356711, 0.393861, 0.518331, -0.651255, -0.554256, 0.0, 0.0, 0.0, 0.0, 1.0],
                [-0.046752, -0.983129, -0.17684, -0.0, 0.782963, 0.073869, -0.617667, 0.393861, 0.620309, -0.167337, 0.7663, 0.0, 0.0, 0.0, 0.0, 1.0],
                [0.047157, -0.524774, -0.849935, 0.0, 0.871616, 0.437238, -0.221604, 0.39386, 0.487916, -0.730366, 0.47802, -0.0, 0.0, 0.0, 0.0, 1.0]
            ]
        },
        {
            "name": "Hand_R",
            "time": [0.0, 0.15, 0.3833, 0.5333],
            "transform": [
                [0.999599, -0.02151, -0.018414, -0.0, 0.023395, 0.993747, 0.109175, 0.3, 0.015951, -0.109562, 0.993852, 0.0, 0.0, 0.0, 0.0, 1.0],
                [0.999599, -0.02271, -0.016912, -0.0, 0.023395, 0.998866, 0.041472, 0.3, 0.015951, -0.041851, 0.998997, -0.0, 0.0, 0.0, 0.0, 1.0],
                [0.999599, -0.026414, -0.010202, -0.0, 0.023395, 0.973393, -0.227943, 0.3, 0.015951, 0.227613, 0.973621, -0.0, 0.0, 0.0, 0.0, 1.0],
                [0.999599, -0.02151, -0.018414, -0.0, 0.023395, 0.993747, 0.109175, 0.3, 0.015951, -0.109562, 0.993852, 0.0, 0.0, 0.0, 0.0, 1.0]
            ]
        },
        {
            "name": "Tool_R",
            "time": [0.0, 0.5333],
            "transform": [
                [0.997429, 0.007601, -0.071259, -0.00809, 0.011127, -0.998726, 0.049225, 0.281539, -0.070752, -0.049873, -0.995652, 0.098466, 0.0, 0.0, 0.0, 1.0],
                [0.997429, 0.007601, -0.071259, -0.00809, 0.011127, -0.998726, 0.049225, 0.281539, -0.070752, -0.049873, -0.995652, 0.098466, 0.0, 0.0, 0.0, 1.0]
            ]
        },
        {
            "name": "Elbow_R",
            "time": [0.0, 0.5333],
            "transform": [
                [-1.0, 0.0, -0.0, -0.0, 0.0, 0.0, -1.0, 0.3, -0.0, -1.0, 0.0, 0.0, 0.0, 0.0, 0.0, 1.0],
                [-1.0, 0.0, -0.0, -0.0, 0.0, 0.0, -1.0, 0.3, -0.0, -1.0, 0.0, 0.0, 0.0, 0.0, 0.0, 1.0]
            ]
        },
        {
            "name": "Shoulder_L",
            "time": [0.0, 0.5333],
            "transform": [
                [-0.007939, -0.952498, -0.304441, -0.0, -0.088921, -0.302572, 0.94897, 0.4, -0.996007, 0.034605, -0.082295, 0.0, 0.0, 0.0, 0.0, 1.0],
                [-0.007939, -0.952498, -0.304441, -0.0, -0.088921, -0.302572, 0.94897, 0.4, -0.996007, 0.034605, -0.082295, 0.0, 0.0, 0.0, 0.0, 1.0]
            ]
        },
        {
            "name": "Arm_L",
            "time": [0.0, 0.15, 0.2667, 0.3833, 0.5333],
            "transform": [
                [0.2326, 0.015173, 0.972454, -0.0, -0.875693, 0.438302, 0.202617, 0.39386, -0.423154, -0.8987, 0.115236, 0.0, 0.0, 0.0, 0.0, 1.0],
                [0.285195, -0.14308, 0.94773, 0.0, -0.72921, 0.609316, 0.311426, 0.39386, -0.622026, -0.779911, 0.069439, -0.0, 0.0, 0.0, 0.0, 1.0],
                [0.167449, 0.037563, 0.985165, 0.0, -0.84869, 0.51399, 0.124655, 0.39386, -0.501682, -0.856973, 0.117946, 0.0, 0.0, 0.0, 0.0, 1.0],
                [0.285195, -0.14308, 0.94773, 0.0, -0.72921, 0.609316, 0.311426, 0.39386, -0.622026, -0.779911, 0.069439, -0.0, 0.0, 0.0, 0.0, 1.0],
                [0.2326, 0.015173, 0.972454, -0.0, -0.875693, 0.438302, 0.202617, 0.39386, -0.423154, -0.8987, 0.115236, 0.0, 0.0, 0.0, 0.0, 1.0]
            ]
        },
        {
            "name": "Hand_L",
            "time": [0.0, 0.15, 0.2667, 0.3833, 0.5333],
            "transform": [
                [0.99991, 0.012501, 0.004949, 0.0, -0.012582, 0.999782, 0.01669, 0.3, -0.004739, -0.016751, 0.999849, 0.0, 0.0, 0.0, 0.0, 1.0],
                [0.99991, 0.012968, 0.003549, 0.0, -0.012582, 0.995587, -0.092997, 0.3, -0.004739, 0.092944, 0.99566, -0.0, 0.0, 0.0, 0.0, 1.0],
                [0.99991, 0.013422, 0.000789, -0.0, -0.012582, 0.954805, -0.296969, 0.3, -0.004739, 0.296932, 0.954887, -0.0, 0.0, 0.0, 0.0, 1.0],
                [0.99991, 0.012968, 0.003549, -0.0, -0.012582, 0.995587, -0.092997, 0.3, -0.004739, 0.092944, 0.99566, -0.0, 0.0, 0.0, 0.0, 1.0],
                [0.99991, 0.012501, 0.004949, 0.0, -0.012582, 0.999782, 0.01669, 0.3, -0.004739, -0.016751, 0.999849, 0.0, 0.0, 0.0, 0.0, 1.0]
            ]
        },
        {
            "name": "Tool_L",
            "time": [0.0, 0.5333],
            "transform": [
                [0.99711, 0.043861, -0.062033, -0.012677, 0.036135, -0.992043, -0.1206, 0.208813, -0.066789, 0.11793, -0.990179, 0.160811, 0.0, 0.0, 0.0, 1.0],
                [0.99711, 0.043861, -0.062033, -0.012677, 0.036135, -0.992043, -0.1206, 0.208813, -0.066789, 0.11793, -0.990179, 0.160811, 0.0, 0.0, 0.0, 1.0]
            ]
        },
        {
            "name": "Elbow_L",
            "time": [0.0, 0.5333],
            "transform": [
                [-0.998967, -0.043093, -0.01444, -4.9e-05, 0.028309, -0.34145, -0.939473, 0.367197, 0.035554, -0.938911, 0.342317, -0.015902, 0.0, 0.0, 0.0, 1.0],
                [-0.998967, -0.043093, -0.01444, -4.9e-05, 0.028309, -0.34145, -0.939473, 0.367197, 0.035554, -0.938911, 0.342317, -0.015902, 0.0, 0.0, 0.0, 1.0]
            ]
        }
    ]
}