{
    
    "animation": [
        {
            "name": "Root",
            "time": [0.0, 0.15, 0.2667, 0.4167, 0.5333],
            "transform": [
                [1.0, 0.0, 0.0, -5e-06, 0.0, 0.0, -1.0, 0.000946, 0.0, 1.0, 0.0, 0.797984, 0.0, 0.0, 0.0, 1.0],
                [0.951269, 0.0, -0.308362, -5e-06, -0.301544, 0.209121, -0.930236, 0.000946, 0.064485, 0.97789, 0.198931, 0.64394, 0.0, 0.0, 0.0, 1.0],
                [1.0, 0.0, 0.0, -5e-06, 0.0, 0.0, -1.0, 0.000946, 0.0, 1.0, 0.0, 0.796622, 0.0, 0.0, 0.0, 1.0],
                [0.952763, -0.0, 0.303714, -5e-06, 0.296255, 0.220268, -0.929363, 0.000946, -0.066899, 0.975439, 0.209863, 0.6484, 0.0, 0.0, 0.0, 1.0],
                [1.0, 0.0, 0.0, -5e-06, 0.0, 0.0, -1.0, 0.000946, 0.0, 1.0, 0.0, 0.797984, 0.0, 0.0, 0.0, 1.0]
            ]
        },
        {
            "name": "Thigh_R",
            "time": [0.0, 0.1, 0.15, 0.2667, 0.4167, 0.5333],
            "transform": [
                [0.99841, 0.037328, -0.042225, 0.124994, 0.054721, -0.821371, 0.567761, -0.002831, -0.013489, -0.569167, -0.82211, -1.2e-05, 0.0, 0.0, 0.0, 1.0],
                [0.96185, -0.2728, -0.02057, 0.124994, -0.001739, -0.081287, 0.996689, -0.002831, -0.273569, -0.958629, -0.078661, -1.2e-05, 0.0, 0.0, 0.0, 1.0],
                [0.952014, -0.273637, -0.137079, 0.124994, 0.000573, -0.446298, 0.894884, -0.002831, -0.306052, -0.852019, -0.424727, -1.2e-05, 0.0, 0.0, 0.0, 1.0],
                [0.999819, -0.002717, -0.018807, 0.124994, -0.006181, -0.982397, -0.186693, -0.002831, -0.017969, 0.186776, -0.982239, -1.2e-05, 0.0, 0.0, 0.0, 1.0],
                [0.951901, -0.171982, 0.253585, 0.124994, -0.000356, -0.828235, -0.560378, -0.002831, 0.306403, 0.533334, -0.788461, -1.2e-05, 0.0, 0.0, 0.0, 1.0],
                [0.99841, 0.037328, -0.042225, 0.124994, 0.054721, -0.821371, 0.567761, -0.002831, -0.013489, -0.569167, -0.82211, -1.2e-05, 0.0, 0.0, 0.0, 1.0]
            ]
        },
        {
            "name": "Leg_R",
            "time": [0.0, 0.1, 0.15, 0.2667, 0.4167, 0.5333],
            "transform": [
                [0.999426, 0.021645, -0.026075, 0.0, 0.030957, -0.270122, 0.962328, 0.37472, 0.013786, -0.962584, -0.270637, 0.0, 0.0, 0.0, 0.0, 1.0],
                [0.999998, 0.000712, -0.00174, 0.0, 0.000175, 0.886193, 0.463317, 0.37472, 0.001872, -0.463317, 0.88619, -0.0, 0.0, 0.0, 0.0, 1.0],
                [1.0, -0.0, 1e-06, 0.0, -0.0, 0.599367, 0.800474, 0.37472, -1e-06, -0.800475, 0.599366, -0.0, 0.0, 0.0, 0.0, 1.0],
                [1.0, -0.0, 2e-06, -0.0, 0.0, 0.999953, 0.009717, 0.37472, -2e-06, -0.009717, 0.999952, 0.0, 0.0, 0.0, 0.0, 1.0],
                [1.0, 0.000611, 0.000778, 0.0, -0.000845, 0.936182, 0.351515, 0.37472, -0.000513, -0.351516, 0.936181, -0.0, 0.0, 0.0, 0.0, 1.0],
                [0.999426, 0.021645, -0.026075, 0.0, 0.030957, -0.270122, 0.962328, 0.37472, 0.013786, -0.962584, -0.270637, 0.0, 0.0, 0.0, 0.0, 1.0]
            ]
        },
        {
            "name": "Knee_R",
            "time": [0.0, 0.1, 0.15, 0.2667, 0.4167, 0.5333],
            "transform": [
                [1.0, 0.0, -0.0, -0.000179, -0.0, 1e-06, -1.0, 0.436391, -0.0, 1.0, 1e-06, -0.000613, 0.0, 0.0, 0.0, 1.0],
                [1.0, 0.00073, -0.000583, -2e-05, -0.000298, -0.342019, -0.939693, 0.423403, -0.000885, 0.939693, -0.342018, -6.7e-05, 0.0, 0.0, 0.0, 1.0],
                [1.0, 0.0, -0.0, 0.0, -0.0, 1e-06, -1.0, 0.415544, -0.0, 1.0, 1e-06, -0.0, 0.0, 0.0, 0.0, 1.0],
                [1.0, 0.0, -0.0, -0.0, -0.0, 1e-06, -1.0, 0.37472, -0.0, 1.0, 1e-06, 0.0, 0.0, 0.0, 0.0, 1.0],
                [1.0, 0.0, -0.0, 0.0, -0.0, 1e-06, -1.0, 0.37472, -0.0, 1.0, 1e-06, -0.0, 0.0, 0.0, 0.0, 1.0],
                [1.0, 0.0, -0.0, -0.000179, -0.0, 1e-06, -1.0, 0.436391, -0.0, 1.0, 1e-06, -0.000613, 0.0, 0.0, 0.0, 1.0]
            ]
        },
        {
            "name": "Thigh_L",
            "time": [0.0, 0.15, 0.2667, 0.3333, 0.4167, 0.5333],
            "transform": [
                [0.999999, -4.3e-05, 1.6e-05, -0.125006, -3.9e-05, -0.981866, -0.189574, -0.002831, 2.3e-05, 0.189575, -0.981866, -1.2e-05, 0.0, 0.0, 0.0, 1.0],
                [0.950366, 0.165234, -0.263631, -0.125006, 0.005739, -0.856492, -0.516129, -0.002831, -0.31108, 0.488999, -0.814928, -1.2e-05, 0.0, 0.0, 0.0, 1.0],
                [0.999999, -3.4e-05, 4.7e-05, -0.125006, -5.5e-05, -0.81476, 0.579798, -0.002831, 1.9e-05, -0.579798, -0.81476, -1.2e-05, 0.0, 0.0, 0.0, 1.0],
                [0.976743, 0.214315, 0.006347, -0.125006, -0.005919, -0.002637, 0.999978, -0.002831, 0.214327, -0.976761, -0.001308, -1.2e-05, 0.0, 0.0, 0.0, 1.0],
                [0.951446, 0.280654, 0.12642, -0.125006, 0.006909, -0.430072, 0.902768, -0.002831, 0.307735, -0.858062, -0.41113, -1.2e-05, 0.0, 0.0, 0.0, 1.0],
                [0.999999, -4.3e-05, 1.6e-05, -0.125006, -3.9e-05, -0.981866, -0.189574, -0.002831, 2.3e-05, 0.189575, -0.981866, -1.2e-05, 0.0, 0.0, 0.0, 1.0]
            ]
        },
        {
            "name": "Leg_L",
            "time": [0.0, 0.15, 0.2667, 0.3333, 0.4167, 0.5333],
            "transform": [
                [1.0, -0.0, 1e-06, -0.0, 0.0, 0.999948, 0.010137, 0.37472, -1e-06, -0.010137, 0.999949, -0.0, 0.0, 0.0, 0.0, 1.0],
                [0.999998, 0.000581, -0.002148, 0.0, 0.000211, 0.936138, 0.351631, 0.37472, 0.002216, -0.35163, 0.936137, -0.0, 0.0, 0.0, 0.0, 1.0],
                [1.0, -1.5e-05, 2.8e-05, 0.0, -3e-05, -0.11364, 0.993523, 0.37472, -1.1e-05, -0.993522, -0.11364, -0.0, 0.0, 0.0, 0.0, 1.0],
                [0.999967, -0.001074, -0.008042, -0.0, 0.004986, 0.863294, 0.504676, 0.37472, 0.0064, -0.504699, 0.863272, 0.0, 0.0, 0.0, 0.0, 1.0],
                [0.999982, -0.006007, -0.000972, -0.0, 0.004606, 0.642865, 0.765966, 0.37472, -0.003976, -0.765955, 0.642882, -0.0, 0.0, 0.0, 0.0, 1.0],
                [1.0, -0.0, 1e-06, -0.0, 0.0, 0.999948, 0.010137, 0.37472, -1e-06, -0.010137, 0.999949, -0.0, 0.0, 0.0, 0.0, 1.0]
            ]
        },
        {
            "name": "Knee_L",
            "time": [0.0, 0.15, 0.2667, 0.35, 0.4167, 0.5333],
            "transform": [
                [1.0, 0.0, -0.0, -0.0, -0.0, 1e-06, -1.0, 0.37472, -0.0, 1.0, 1e-06, -0.0, 0.0, 0.0, 0.0, 1.0],
                [1.0, 0.0, -0.0, 0.0, -0.0, 1e-06, -1.0, 0.37472, -0.0, 1.0, 1e-06, -0.0, 0.0, 0.0, 0.0, 1.0],
                [1.0, 0.0, -0.0, -0.0001, -0.0, 1e-06, -1.0, 0.433466, -0.0, 1.0, 1e-06, -0.000823, 0.0, 0.0, 0.0, 1.0],
                [0.999993, -0.003184, 0.002066, -0.000113, 0.000853, -0.342002, -0.939699, 0.423156, 0.003698, 0.939694, -0.341996, -0.000687, 0.0, 0.0, 0.0, 1.0],
                [1.0, 0.0, -0.0, -0.000114, -0.0, 1e-06, -1.0, 0.411945, -0.0, 1.0, 1e-06, -0.000532, 0.0, 0.0, 0.0, 1.0],
                [1.0, 0.0, -0.0, -0.0, -0.0, 1e-06, -1.0, 0.37472, -0.0, 1.0, 1e-06, -0.0, 0.0, 0.0, 0.0, 1.0]
            ]
        },
        {
            "name": "Torso",
            "time": [0.0, 0.15, 0.2667, 0.4167, 0.5333],
            "transform": [
                [1.0, 0.0, 0.0, 0.0, 0.0, 0.894489, 0.447091, 0.05, 0.0, -0.447091, 0.894489, 0.0, 0.0, 0.0, 0.0, 1.0],
                [1.0, 0.0, -0.0, 0.0, -0.0, 0.894489, 0.447091, 0.05, 0.0, -0.447091, 0.894489, 0.0, 0.0, 0.0, 0.0, 1.0],
                [1.0, 0.0, 0.0, 0.0, 0.0, 0.894489, 0.447091, 0.05, 0.0, -0.447091, 0.894489, 0.0, 0.0, 0.0, 0.0, 1.0],
                [1.0, -0.0, 0.0, -0.0, 0.0, 0.894489, 0.447091, 0.05, 0.0, -0.447091, 0.894489, 0.0, 0.0, 0.0, 0.0, 1.0],
                [1.0, 0.0, 0.0, 0.0, 0.0, 0.894489, 0.447091, 0.05, 0.0, -0.447091, 0.894489, 0.0, 0.0, 0.0, 0.0, 1.0]
            ]
        },
        {
            "name": "Chest",
            "time": [0.0, 0.5333],
            "transform": [
                [1.0, 0.0, 0.0, 0.0, 0.0, 0.996195, -0.087156, 0.3, 0.0, 0.087156, 0.996195, 0.0, 0.0, 0.0, 0.0, 1.0],
                [1.0, 0.0, 0.0, 0.0, 0.0, 0.996195, -0.087156, 0.3, 0.0, 0.087156, 0.996195, 0.0, 0.0, 0.0, 0.0, 1.0]
            ]
        },
        {
            "name": "Head",
            "time": [0.0, 0.15, 0.2667, 0.4167, 0.5333],
            "transform": [
                [0.999303, 0.004836, 0.037009, 0.0, 0.007103, 0.948812, -0.315762, 0.4, -0.036641, 0.315805, 0.948116, -0.0, 0.0, 0.0, 0.0, 1.0],
                [0.934904, 0.061936, 0.349455, -0.0, 0.117142, 0.875619, -0.468583, 0.4, -0.335011, 0.479016, 0.811364, 0.0, 0.0, 0.0, 0.0, 1.0],
                [1.0, 0.0, 0.0, 0.0, 0.0, 0.938238, -0.345991, 0.4, -0.0, 0.345991, 0.938238, 0.0, 0.0, 0.0, 0.0, 1.0],
                [0.959855, -0.065465, -0.272751, 0.0, -0.089645, 0.849791, -0.519441, 0.4, 0.265787, 0.523039, 0.809807, 0.0, 0.0, 0.0, 0.0, 1.0],
                [0.999303, 0.004836, 0.037009, 0.0, 0.007103, 0.948812, -0.315762, 0.4, -0.036641, 0.315805, 0.948116, -0.0, 0.0, 0.0, 0.0, 1.0]
            ]
        },
        {
            "name": "Shoulder_R",
            "time": [0.0, 0.15, 0.2667, 0.4167, 0.5333],
            "transform": [
                [0.0, 0.952114, 0.305743, 0.0, 0.0, -0.305743, 0.952114, 0.4, 1.0, 0.0, -0.0, -0.0, 0.0, 0.0, 0.0, 1.0],
                [-0.290897, 0.890987, 0.348599, -0.0, -0.010633, -0.367344, 0.930024, 0.4, 0.956695, 0.266834, 0.116334, 0.0, 0.0, 0.0, 0.0, 1.0],
                [0.0, 0.952114, 0.305743, 0.0, 0.0, -0.305743, 0.952114, 0.4, 1.0, 0.0, -0.0, 0.0, 0.0, 0.0, 0.0, 1.0],
                [0.277212, 0.92979, 0.242165, 0.0, -0.010297, -0.249153, 0.968409, 0.4, 0.960753, -0.270949, -0.059494, 0.0, 0.0, 0.0, 0.0, 1.0],
                [0.0, 0.952114, 0.305743, 0.0, 0.0, -0.305743, 0.952114, 0.4, 1.0, 0.0, -0.0, -0.0, 0.0, 0.0, 0.0, 1.0]
            ]
        },
        {
            "name": "Arm_R",
            "time": [0.0, 0.15, 0.2667, 0.3333, 0.4167, 0.5333],
            "transform": [
                [0.070943, 0.088696, -0.993529, -0.0, 0.868522, 0.484345, 0.105257, 0.393861, 0.490547, -0.870369, -0.042674, -0.0, 0.0, 0.0, 0.0, 1.0],
                [-0.465562, 0.7889, -0.401109, -0.0, 0.712466, 0.602954, 0.35894, 0.393861, 0.525018, -0.118668, -0.842777, -0.0, 0.0, 0.0, 0.0, 1.0],
                [0.18863, 0.776158, -0.601662, -0.0, 0.841836, 0.187687, 0.506049, 0.393861, 0.505698, -0.601957, -0.617994, -0.0, 0.0, 0.0, 0.0, 1.0],
                [0.316303, 0.024491, -0.948342, -0.0, 0.801575, 0.527757, 0.280981, 0.393861, 0.507376, -0.849042, 0.1473, 0.0, 0.0, 0.0, 0.0, 1.0],
                [0.285823, -0.755143, -0.589969, -0.0, 0.888104, 0.440002, -0.132929, 0.393861, 0.359968, -0.48596, 0.796408, -0.0, 0.0, 0.0, 0.0, 1.0],
                [0.070943, 0.088696, -0.993529, -0.0, 0.868522, 0.484345, 0.105257, 0.393861, 0.490547, -0.870369, -0.042674, -0.0, 0.0, 0.0, 0.0, 1.0]
            ]
        },
        {
            "name": "Hand_R",
            "time": [0.0, 0.15, 0.2667, 0.4167, 0.5333],
            "transform": [
                [1.0, 0.0, -0.0, -0.0, -0.0, 0.660163, -0.751123, 0.3, -0.0, 0.751123, 0.660163, 0.0, 0.0, 0.0, 0.0, 1.0],
                [0.999988, -0.004826, -0.001144, 0.0, 0.00448, 0.977923, -0.20892, 0.3, 0.002127, 0.208912, 0.977932, -0.0, 0.0, 0.0, 0.0, 1.0],
                [1.0, 0.0, 0.0, 0.0, -0.0, 0.660163, -0.751123, 0.3, -0.0, 0.751123, 0.660163, 0.0, 0.0, 0.0, 0.0, 1.0],
                [0.999981, -0.002302, -0.005697, 0.0, -0.000366, 0.903243, -0.42913, 0.3, 0.006134, 0.429124, 0.903225, -0.0, 0.0, 0.0, 0.0, 1.0],
                [1.0, 0.0, -0.0, -0.0, -0.0, 0.660163, -0.751123, 0.3, -0.0, 0.751123, 0.660163, 0.0, 0.0, 0.0, 0.0, 1.0]
            ]
        },
        {
            "name": "Tool_R",
            "time": [0.0, 0.0167, 0.0333, 0.05, 0.0667, 0.0833, 0.1, 0.1167, 0.1333, 0.15, 0.1667, 0.1833, 0.2, 0.2167, 0.2333, 0.25, 0.2667, 0.2833, 0.3, 0.3167, 0.3333, 0.35, 0.3667, 0.3833, 0.4, 0.4167, 0.4333, 0.45, 0.4667, 0.4833, 0.5, 0.5167, 0.5333],
            "transform": [
                [-0.837666, 0.372674, -0.399287, -1.1201, -0.542612, -0.484362, 0.68627, 0.195625, 0.062312, 0.791049, 0.607598, 0.031265, 0.0, 0.0, 0.0, 1.0],
                [-0.836879, 0.373048, -0.400585, -1.120204, -0.546188, -0.52067, 0.656187, 0.198924, 0.036189, 0.767483, 0.639121, 0.058826, 0.0, 0.0, 0.0, 1.0],
                [-0.837532, 0.383616, -0.389076, -1.122097, -0.545851, -0.619053, 0.564642, 0.201837, -0.024244, 0.684871, 0.727449, 0.142052, 0.0, 0.0, 0.0, 1.0],
                [-0.841526, 0.404393, -0.35819, -1.116776, -0.528798, -0.752236, 0.393083, 0.174066, -0.110424, 0.519884, 0.846371, 0.279591, 0.0, 0.0, 0.0, 1.0],
                [-0.860875, 0.398837, -0.315948, -1.098905, -0.459567, -0.875996, 0.146385, 0.092222, -0.218261, 0.271049, 0.936863, 0.440711, 0.0, 0.0, 0.0, 1.0],
                [-0.8853, 0.387349, -0.257306, -1.062981, -0.364323, -0.921601, -0.133873, -0.051826, -0.288822, -0.024771, 0.956444, 0.581181, 0.0, 0.0, 0.0, 1.0],
                [-0.912147, 0.356851, -0.201607, -1.018354, -0.262184, -0.886102, -0.382208, -0.220342, -0.314852, -0.295606, 0.901278, 0.663875, 0.0, 0.0, 0.0, 1.0],
                [-0.93517, 0.317506, -0.156996, -0.977, -0.1814, -0.810021, -0.557638, -0.366264, -0.304045, -0.492724, 0.814614, 0.689415, 0.0, 0.0, 0.0, 1.0],
                [-0.944351, 0.299703, -0.13557, -0.950199, -0.142549, -0.7443, -0.652456, -0.457457, -0.296274, -0.596476, 0.745154, 0.688591, 0.0, 0.0, 0.0, 1.0],
                [-0.947121, 0.296152, -0.12352, -0.940805, -0.136418, -0.720051, -0.680381, -0.488208, -0.290266, -0.627188, 0.72194, 0.688152, 0.0, 0.0, 0.0, 1.0],
                [-0.946823, 0.288736, -0.141983, -0.954308, -0.126942, -0.740691, -0.659744, -0.453009, -0.295484, -0.606286, 0.737512, 0.690458, 0.0, 0.0, 0.0, 1.0],
                [-0.939276, 0.285922, -0.189767, -0.990788, -0.121726, -0.794628, -0.594769, -0.348593, -0.320662, -0.535243, 0.78071, 0.690337, 0.0, 0.0, 0.0, 1.0],
                [-0.916458, 0.304966, -0.259038, -1.040149, -0.151145, -0.863268, -0.481585, -0.189249, -0.370268, -0.401971, 0.836742, 0.658321, 0.0, 0.0, 0.0, 1.0],
                [-0.889778, 0.294503, -0.34866, -1.089201, -0.177433, -0.927065, -0.330256, -0.016299, -0.420245, -0.231863, 0.876613, 0.572954, 0.0, 0.0, 0.0, 1.0],
                [-0.853211, 0.309128, -0.420085, -1.120775, -0.258856, -0.950209, -0.173483, 0.112051, -0.452532, -0.039263, 0.890219, 0.449103, 0.0, 0.0, 0.0, 1.0],
                [-0.823982, 0.328115, -0.461947, -1.138146, -0.349451, -0.936034, -0.041532, 0.176992, -0.445764, 0.127121, 0.88541, 0.329001, 0.0, 0.0, 0.0, 1.0],
                [-0.809616, 0.352275, -0.469494, -1.146746, -0.426824, -0.902413, 0.058927, 0.19004, -0.402685, 0.247943, 0.880446, 0.24712, 0.0, 0.0, 0.0, 1.0],
                [-0.79284, 0.390326, -0.468029, -1.155696, -0.513303, -0.841686, 0.167586, 0.165403, -0.328331, 0.37288, 0.867166, 0.174101, 0.0, 0.0, 0.0, 1.0],
                [-0.77646, 0.430848, -0.459869, -1.165305, -0.598621, -0.732292, 0.324655, 0.104753, -0.196771, 0.527049, 0.826025, 0.084483, 0.0, 0.0, 0.0, 1.0],
                [-0.75951, 0.463155, -0.456762, -1.169154, -0.649879, -0.57083, 0.501808, 0.029767, -0.028308, 0.677561, 0.734116, -0.013688, 0.0, 0.0, 0.0, 1.0],
                [-0.764717, 0.455228, -0.456045, -1.158665, -0.638585, -0.440801, 0.630796, -0.026561, 0.086073, 0.773141, 0.627425, -0.103071, 0.0, 0.0, 0.0, 1.0],
                [-0.7883, 0.447391, -0.422403, -1.139601, -0.580882, -0.314776, 0.750661, -0.068301, 0.20275, 0.836614, 0.507727, -0.190959, 0.0, 0.0, 0.0, 1.0],
                [-0.816599, 0.421308, -0.394546, -1.117165, -0.492312, -0.151543, 0.857125, -0.120931, 0.301139, 0.893636, 0.330978, -0.289246, 0.0, 0.0, 0.0, 1.0],
                [-0.840847, 0.412609, -0.350328, -1.093206, -0.396009, -0.027731, 0.917828, -0.166034, 0.368766, 0.909947, 0.186614, -0.350548, 0.0, 0.0, 0.0, 1.0],
                [-0.852564, 0.414567, -0.318228, -1.083924, -0.324848, 0.056627, 0.94407, -0.19028, 0.409154, 0.907718, 0.086352, -0.38752, 0.0, 0.0, 0.0, 1.0],
                [-0.853163, 0.424691, -0.302905, -1.085884, -0.304502, 0.066019, 0.950221, -0.184573, 0.423293, 0.902395, 0.072962, -0.385989, 0.0, 0.0, 0.0, 1.0],
                [-0.848859, 0.439093, -0.29434, -1.09132, -0.30792, 0.041876, 0.950491, -0.154655, 0.429421, 0.896935, 0.09961, -0.362725, 0.0, 0.0, 0.0, 1.0],
                [-0.829551, 0.465088, -0.309095, -1.107993, -0.356217, -0.014439, 0.934292, -0.101265, 0.429806, 0.884623, 0.177555, -0.307709, 0.0, 0.0, 0.0, 1.0],
                [-0.82095, 0.460183, -0.338043, -1.12273, -0.432668, -0.115009, 0.894188, -0.028042, 0.372387, 0.879821, 0.293359, -0.225792, 0.0, 0.0, 0.0, 1.0],
                [-0.809937, 0.465246, -0.35714, -1.13359, -0.502239, -0.235667, 0.831996, 0.053901, 0.302732, 0.852726, 0.424298, -0.128836, 0.0, 0.0, 0.0, 1.0],
                [-0.801048, 0.463634, -0.378635, -1.138863, -0.552742, -0.330103, 0.765185, 0.126057, 0.229635, 0.821748, 0.520398, -0.045106, 0.0, 0.0, 0.0, 1.0],
                [-0.799945, 0.460269, -0.38502, -1.137073, -0.574447, -0.401874, 0.713097, 0.17046, 0.173378, 0.791139, 0.585538, 0.013671, 0.0, 0.0, 0.0, 1.0],
                [-0.799834, 0.457499, -0.388537, -1.135718, -0.580591, -0.42551, 0.694158, 0.184786, 0.152153, 0.780326, 0.605606, 0.033281, 0.0, 0.0, 0.0, 1.0]
            ]
        },
        {
            "name": "Elbow_R",
            "time": [0.0, 0.15, 0.2667, 0.4167, 0.5333],
            "transform": [
                [-1.0, 0.0, -0.0, 0.000596, 0.0, -0.0, -1.0, 0.384548, -0.0, -1.0, 0.0, 0.001188, 0.0, 0.0, 0.0, 1.0],
                [-1.0, 0.0, -0.0, 0.0, 0.0, -0.0, -1.0, 0.340344, -0.0, -1.0, 0.0, -0.0, 0.0, 0.0, 0.0, 1.0],
                [-1.0, 0.0, -0.0, 0.000596, 0.0, 0.0, -1.0, 0.384548, -0.0, -1.0, 0.0, 0.001188, 0.0, 0.0, 0.0, 1.0],
                [-1.0, 0.0, -0.0, 2.1e-05, 0.0, -0.0, -1.0, 0.355354, -0.0, -1.0, 0.0, -8.3e-05, 0.0, 0.0, 0.0, 1.0],
                [-1.0, 0.0, -0.0, 0.000596, 0.0, -0.0, -1.0, 0.384548, -0.0, -1.0, 0.0, 0.001188, 0.0, 0.0, 0.0, 1.0]
            ]
        },
        {
            "name": "Shoulder_L",
            "time": [0.0, 0.15, 0.2667, 0.4167, 0.5333],
            "transform": [
                [-0.0, -0.952114, -0.305743, 0.0, 0.0, -0.305743, 0.952114, 0.4, -1.0, 0.0, 0.0, -0.0, 0.0, 0.0, 0.0, 1.0],
                [0.115464, -0.964078, -0.239211, -0.0, 0.019258, -0.238604, 0.970926, 0.4, -0.993125, -0.116714, -0.008984, 0.0, 0.0, 0.0, 0.0, 1.0],
                [-0.0, -0.952114, -0.305743, 0.0, 0.0, -0.305743, 0.952114, 0.4, -1.0, 0.0, 0.0, 0.0, 0.0, 0.0, 0.0, 1.0],
                [-0.295887, -0.890387, -0.345921, 0.0, 0.010391, -0.365115, 0.930904, 0.4, -0.955166, 0.271848, 0.117285, 0.0, 0.0, 0.0, 0.0, 1.0],
                [-0.0, -0.952114, -0.305743, 0.0, 0.0, -0.305743, 0.952114, 0.4, -1.0, 0.0, 0.0, -0.0, 0.0, 0.0, 0.0, 1.0]
            ]
        },
        {
            "name": "Arm_L",
            "time": [0.0, 0.15, 0.2667, 0.4167, 0.5333],
            "transform": [
                [0.261051, -0.41622, 0.870984, -0.0, -0.791682, 0.423962, 0.439883, 0.39386, -0.552352, -0.804373, -0.218839, -0.0, 0.0, 0.0, 0.0, 1.0],
                [0.377602, -0.479727, 0.792009, 0.0, -0.838084, 0.186642, 0.51262, 0.39386, -0.39374, -0.857337, -0.331575, 0.0, 0.0, 0.0, 0.0, 1.0],
                [0.261051, -0.41622, 0.870984, 0.0, -0.791682, 0.423962, 0.439883, 0.39386, -0.552352, -0.804373, -0.218839, -0.0, 0.0, 0.0, 0.0, 1.0],
                [-0.044568, -0.331719, 0.942325, -0.0, -0.76063, 0.622782, 0.183259, 0.39386, -0.647653, -0.708593, -0.280072, 0.0, 0.0, 0.0, 0.0, 1.0],
                [0.261051, -0.41622, 0.870984, -0.0, -0.791682, 0.423962, 0.439883, 0.39386, -0.552352, -0.804373, -0.218839, -0.0, 0.0, 0.0, 0.0, 1.0]
            ]
        },
        {
            "name": "Hand_L",
            "time": [0.0, 0.5333],
            "transform": [
                [0.999603, 0.028083, -0.002377, -0.0, -0.028028, 0.999397, 0.02048, 0.3, 0.00295, -0.020405, 0.999788, -0.0, 0.0, 0.0, 0.0, 1.0],
                [0.997819, -0.065975, -0.002377, -0.0, 0.06601, 0.997609, 0.02048, 0.3, 0.00102, -0.020592, 0.999788, -0.0, 0.0, 0.0, 0.0, 1.0]
            ]
        },
        {
            "name": "Tool_L",
            "time": [0.0, 0.15, 0.5333],
            "transform": [
                [1.0, 0.0, 0.0, -0.0, 0.0, -0.999836, 0.018122, 0.272858, 0.0, -0.018122, -0.999247, -0.0, 0.0, 0.0, 0.0, 1.0],
                [0.995662, -0.052258, -0.07698, -0.030348, -0.05269, -0.998604, -0.003585, 0.262267, -0.076641, 0.00761, -0.99644, 0.007058, 0.0, 0.0, 0.0, 1.0],
                [1.0, 0.0, 0.0, -0.0, -0.0, -0.999836, 0.018122, 0.272858, 0.0, -0.018122, -0.999248, 0.0, 0.0, 0.0, 0.0, 1.0]
            ]
        },
        {
            "name": "Elbow_L",
            "time": [0.0, 0.15, 0.2667, 0.4167, 0.5333],
            "transform": [
                [-1.0, 0.0, -0.0, 0.000226, 0.0, -0.139706, -0.990193, 0.380328, -0.0, -0.990193, 0.139706, -0.000541, 0.0, 0.0, 0.0, 1.0],
                [-1.0, 0.0, 0.0, -0.0, 0.0, -0.0, -1.0, 0.4376, -0.0, -1.0, -0.0, -0.0, 0.0, 0.0, 0.0, 1.0],
                [-1.0, 0.0, -0.0, 9.1e-05, 0.0, -0.0, -1.0, 0.391771, -0.0, -1.0, -0.0, 0.000385, 0.0, 0.0, 0.0, 1.0],
                [-1.0, 0.0, -0.0, -0.0, 0.0, -0.0, -1.0, 0.340632, -0.0, -1.0, -0.0, 0.0, 0.0, 0.0, 0.0, 1.0],
                [-1.0, 0.0, -0.0, 0.000226, 0.0, -0.0, -1.0, 0.380328, -0.0, -1.0, -0.0, -0.000541, 0.0, 0.0, 0.0, 1.0]
            ]
        }
    ]
}