{
    "animation": [
        {
            "name": "Root",
            "time": [0.0, 0.2167, 0.4333, 0.55, 0.8833, 1.2333, 1.6833],
            "transform": [
                [0.985143, 0.154317, -0.075358, -0.002343, -0.102078, 0.173302, -0.979564, 0.049368, -0.138104, 0.972704, 0.18648, 0.620175, 0.0, 0.0, 0.0, 1.0],
                [0.983957, 0.065822, 0.165819, -0.029191, 0.13639, 0.321622, -0.936994, 0.44283, -0.115006, 0.944578, 0.307484, 0.599997, 0.0, 0.0, 0.0, 1.0],
                [0.983957, 0.065822, 0.165819, -0.029191, 0.13639, 0.321622, -0.936994, 0.44283, -0.115006, 0.944578, 0.307484, 0.599997, 0.0, 0.0, 0.0, 1.0],
                [0.660572, 0.177625, -0.729448, -0.029191, -0.740124, 0.317061, -0.593034, 0.201322, 0.125942, 0.931623, 0.340906, 0.683772, 0.0, 0.0, 0.0, 1.0],
                [0.951798, 0.055147, -0.301729, -0.029191, -0.306719, 0.178085, -0.934992, -1.655555, 0.002171, 0.982469, 0.186415, 0.599997, 0.0, 0.0, 0.0, 1.0],
                [0.720047, 0.112956, -0.684671, -0.029191, -0.693859, 0.130907, -0.708113, -1.655555, 0.009643, 0.984939, 0.172634, 0.599997, 0.0, 0.0, 0.0, 1.0],
                [0.854689, 0.0, -0.51914, -5e-06, -0.51914, 0.0, -0.854689, -2.218788, 0.0, 1.0, 0.0, 0.777146, 0.0, 0.0, 0.0, 1.0]
            ]
        },
        {
            "name": "Thigh_R",
            "time": [0.0, 0.2167, 0.4333, 0.6167, 0.7333, 0.8833, 1.2333, 1.4, 1.6833],
            "transform": [
                [0.98937, 0.112378, -0.092292, 0.124994, 0.136718, -0.502579, 0.853652, -0.002831, 0.049548, -0.857194, -0.512602, -1.2e-05, 0.0, 0.0, 0.0, 1.0],
                [0.98937, 0.101126, -0.104501, 0.124994, 0.136718, -0.401999, 0.905375, -0.002831, 0.049548, -0.910036, -0.411553, -1.2e-05, 0.0, 0.0, 0.0, 1.0],
                [0.98937, 0.101126, -0.104501, 0.124994, 0.136718, -0.401999, 0.905375, -0.002831, 0.049548, -0.910036, -0.411553, -1.2e-05, 0.0, 0.0, 0.0, 1.0],
                [0.813698, -0.116123, -0.569571, 0.124994, 0.366988, -0.65725, 0.658285, -0.002831, -0.450794, -0.744669, -0.492189, -1.2e-05, 0.0, 0.0, 0.0, 1.0],
                [0.909328, -0.253409, -0.330009, 0.124994, 0.263307, -0.263651, 0.927986, -0.002831, -0.322168, -0.930735, -0.173021, -1.2e-05, 0.0, 0.0, 0.0, 1.0],
                [0.958918, 0.281447, 0.035523, 0.124994, 0.283078, -0.941185, -0.184484, -0.002831, -0.018489, 0.186961, -0.982194, -1.2e-05, 0.0, 0.0, 0.0, 1.0],
                [0.841347, 0.524381, 0.130989, 0.124994, 0.514393, -0.851247, 0.1038, -0.002831, 0.165935, -0.019952, -0.985935, -1.2e-05, 0.0, 0.0, 0.0, 1.0],
                [0.914284, 0.404731, 0.016656, 0.124994, 0.38805, -0.886912, 0.2506, -0.002831, 0.116198, -0.222656, -0.967948, -1.2e-05, 0.0, 0.0, 0.0, 1.0],
                [0.996122, 0.059171, -0.065101, 0.124994, 0.068868, -0.984949, 0.158519, -0.002831, -0.054742, -0.162387, -0.985208, -1.2e-05, 0.0, 0.0, 0.0, 1.0]
            ]
        },
        {
            "name": "Leg_R",
            "time": [0.0, 0.2167, 0.4333, 0.7333, 0.8833, 1.2333, 1.4, 1.6833],
            "transform": [
                [0.999618, -0.019744, -0.019358, -0.0, 0.02608, 0.905817, 0.422866, 0.37472, 0.009186, -0.42321, 0.905985, -0.0, 0.0, 0.0, 0.0, 1.0],
                [0.999618, -0.019744, -0.019358, -0.0, 0.02608, 0.905817, 0.422866, 0.37472, 0.009186, -0.42321, 0.905985, -0.0, 0.0, 0.0, 0.0, 1.0],
                [0.999618, -0.019744, -0.019358, -0.0, 0.02608, 0.905817, 0.422866, 0.37472, 0.009186, -0.42321, 0.905985, -0.0, 0.0, 0.0, 0.0, 1.0],
                [0.999618, 0.010451, -0.025599, 0.0, 0.02608, -0.048783, 0.998468, 0.37472, 0.009186, -0.998755, -0.049036, -0.0, 0.0, 0.0, 0.0, 1.0],
                [0.999618, -0.022487, -0.016089, -0.0, 0.02608, 0.9601, 0.27844, 0.37472, 0.009186, -0.278753, 0.960318, 0.0, 0.0, 0.0, 0.0, 1.0],
                [0.999618, -0.022487, -0.016089, 0.0, 0.02608, 0.9601, 0.278439, 0.37472, 0.009186, -0.278753, 0.960318, -0.0, 0.0, 0.0, 0.0, 1.0],
                [0.999371, -0.023143, -0.026869, 0.0, 0.035216, 0.73682, 0.675171, 0.37472, 0.004172, -0.675693, 0.737171, -0.0, 0.0, 0.0, 0.0, 1.0],
                [0.998294, -0.058382, 2e-06, 0.0, 0.058095, 0.993385, 0.099059, 0.37472, -0.005785, -0.09889, 0.995081, -0.0, 0.0, 0.0, 0.0, 1.0]
            ]
        },
        {
            "name": "Knee_R",
            "time": [0.0, 0.2167, 0.4333, 1.2333, 1.6833],
            "transform": [
                [1.0, 0.0, -0.0, -0.0, -0.0, 1e-06, -1.0, 0.37472, -0.0, 1.0, 1e-06, -0.0, 0.0, 0.0, 0.0, 1.0],
                [1.0, 0.0, -0.0, -0.0, -0.0, 1e-06, -1.0, 0.37472, -0.0, 1.0, 1e-06, -0.0, 0.0, 0.0, 0.0, 1.0],
                [1.0, 0.0, -0.0, -0.0, -0.0, 1e-06, -1.0, 0.37472, -0.0, 1.0, 1e-06, -0.0, 0.0, 0.0, 0.0, 1.0],
                [1.0, 0.0, -0.0, 0.0, -0.0, 1e-06, -1.0, 0.37472, -0.0, 1.0, 1e-06, -0.0, 0.0, 0.0, 0.0, 1.0],
                [1.0, 0.0, -0.0, 0.0, -0.0, 1e-06, -1.0, 0.37472, -0.0, 1.0, 1e-06, -0.0, 0.0, 0.0, 0.0, 1.0]
            ]
        },
        {
            "name": "Thigh_L",
            "time": [0.0, 0.2167, 0.4333, 0.7333, 0.8833, 1.2333, 1.6833],
            "transform": [
                [0.985182, 0.037301, -0.167401, -0.109662, 0.017363, -0.992739, -0.119027, -0.002831, -0.170625, 0.114357, -0.978677, 0.02525, 0.0, 0.0, 0.0, 1.0],
                [0.996548, -0.082811, 0.005823, -0.109662, -0.079523, -0.972408, -0.219315, -0.002831, 0.023824, 0.218095, -0.975636, 0.02525, 0.0, 0.0, 0.0, 1.0],
                [0.996548, -0.082811, 0.005823, -0.109662, -0.079523, -0.972408, -0.219315, -0.002831, 0.023824, 0.218095, -0.975636, 0.02525, 0.0, 0.0, 0.0, 1.0],
                [0.912083, -0.322292, -0.253437, -0.109662, 0.054784, -0.516792, 0.854356, -0.002831, -0.406326, -0.793129, -0.453701, 0.02525, 0.0, 0.0, 0.0, 1.0],
                [0.966541, -0.251158, -0.052125, -0.109662, -0.084613, -0.504008, 0.859544, -0.002831, -0.242152, -0.826375, -0.508397, 0.02525, 0.0, 0.0, 0.0, 1.0],
                [0.866245, -0.496892, -0.052125, -0.109662, -0.214389, -0.463919, 0.859544, -0.002831, -0.451282, -0.733401, -0.508397, 0.02525, 0.0, 0.0, 0.0, 1.0],
                [0.862919, -0.112698, -0.492614, -0.109662, -0.086164, -0.993353, 0.07632, -0.002831, -0.497941, -0.023412, -0.866894, 0.02525, 0.0, 0.0, 0.0, 1.0]
            ]
        },
        {
            "name": "Leg_L",
            "time": [0.0, 0.2167, 0.4333, 1.2333, 1.4, 1.6833],
            "transform": [
                [0.997933, 0.052631, 0.036885, 0.0, -0.064028, 0.863855, 0.499655, 0.37472, -0.005566, -0.500983, 0.865439, 0.0, 0.0, 0.0, 0.0, 1.0],
                [0.997933, 0.059392, 0.024559, -0.0, -0.064028, 0.951832, 0.29986, 0.37472, -0.005566, -0.300812, 0.953667, -0.0, 0.0, 0.0, 0.0, 1.0],
                [0.997933, 0.059392, 0.024559, -0.0, -0.064028, 0.951832, 0.29986, 0.37472, -0.005566, -0.300812, 0.953667, -0.0, 0.0, 0.0, 0.0, 1.0],
                [0.997933, 0.059392, 0.024559, 0.0, -0.064028, 0.951832, 0.29986, 0.37472, -0.005566, -0.300812, 0.953667, -0.0, 0.0, 0.0, 0.0, 1.0],
                [0.997933, 0.045453, 0.045437, 0.0, -0.064028, 0.76435, 0.641615, 0.37472, -0.005567, -0.643197, 0.765681, -0.0, 0.0, 0.0, 0.0, 1.0],
                [0.997933, 0.06405, 0.005302, -0.0, -0.064028, 0.997939, -0.004292, 0.37472, -0.005566, 0.003944, 0.999977, 0.0, 0.0, 0.0, 0.0, 1.0]
            ]
        },
        {
            "name": "Knee_L",
            "time": [0.0, 0.2167, 0.4333, 1.2333, 1.6833],
            "transform": [
                [1.0, 0.0, -0.0, 0.0, -0.0, 1e-06, -1.0, 0.37472, -0.0, 1.0, 1e-06, 0.0, 0.0, 0.0, 0.0, 1.0],
                [1.0, 0.0, -0.0, -0.0, -0.0, 1e-06, -1.0, 0.37472, -0.0, 1.0, 1e-06, -0.0, 0.0, 0.0, 0.0, 1.0],
                [1.0, 0.0, -0.0, -0.0, -0.0, 1e-06, -1.0, 0.37472, -0.0, 1.0, 1e-06, -0.0, 0.0, 0.0, 0.0, 1.0],
                [1.0, 0.0, -0.0, 0.0, -0.0, 1e-06, -1.0, 0.37472, -0.0, 1.0, 1e-06, -0.0, 0.0, 0.0, 0.0, 1.0],
                [1.0, 0.0, -0.0, -0.0, -0.0, 1e-06, -1.0, 0.37472, -0.0, 1.0, 1e-06, 0.0, 0.0, 0.0, 0.0, 1.0]
            ]
        },
        {
            "name": "Torso",
            "time": [0.0, 0.2167, 0.4333, 0.8833, 1.2333, 1.6833],
            "transform": [
                [0.594015, -0.033059, 0.803774, -0.0, 0.273287, 0.948026, -0.162977, 0.05, -0.756611, 0.316472, 0.572176, -0.0, 0.0, 0.0, 0.0, 1.0],
                [0.825092, -0.033059, 0.564031, 0.0, 0.204582, 0.948026, -0.243707, 0.05, -0.526659, 0.316472, 0.788972, 0.0, 0.0, 0.0, 0.0, 1.0],
                [0.825092, -0.033059, 0.564031, 0.0, 0.204582, 0.948026, -0.243707, 0.05, -0.526659, 0.316472, 0.788972, 0.0, 0.0, 0.0, 0.0, 1.0],
                [0.992827, -0.033058, 0.1149, 0.0, 0.067552, 0.948026, -0.31094, 0.05, -0.098649, 0.316472, 0.943459, 0.0, 0.0, 0.0, 0.0, 1.0],
                [0.997427, -0.056273, -0.044411, -0.0, 0.039761, 0.949758, -0.310449, 0.05, 0.05965, 0.307884, 0.949552, -0.0, 0.0, 0.0, 0.0, 1.0],
                [0.965662, -0.025127, 0.258583, -0.0, 0.020968, 0.999603, 0.018828, 0.05, -0.258953, -0.012759, 0.965806, 0.0, 0.0, 0.0, 0.0, 1.0]
            ]
        },
        {
            "name": "Chest",
            "time": [0.0, 0.2167, 0.4333, 0.8833, 1.2333, 1.4, 1.6833],
            "transform": [
                [0.753609, -0.013873, 0.657177, 0.0, -0.152269, 0.968898, 0.195066, 0.3, -0.639444, -0.247071, 0.728058, 0.0, 0.0, 0.0, 0.0, 1.0],
                [0.825061, -0.109693, 0.554294, -0.0, -0.111586, 0.930025, 0.350145, 0.3, -0.553916, -0.350742, 0.755088, 0.0, 0.0, 0.0, 0.0, 1.0],
                [0.703654, -0.109693, 0.702025, -0.0, -0.176569, 0.930025, 0.322298, 0.3, -0.688255, -0.350742, 0.635047, 0.0, 0.0, 0.0, 0.0, 1.0],
                [0.67074, -0.039892, -0.740619, 0.0, 0.214384, 0.966357, 0.142105, 0.3, 0.710033, -0.254092, 0.656727, -0.0, 0.0, 0.0, 0.0, 1.0],
                [0.692667, -0.053105, -0.7193, -0.0, 0.390943, 0.865722, 0.312553, 0.3, 0.606115, -0.4977, 0.620418, -0.0, 0.0, 0.0, 0.0, 1.0],
                [0.824659, -0.107047, -0.555408, -0.0, 0.417554, 0.777592, 0.470106, 0.3, 0.381557, -0.61959, 0.685946, -0.0, 0.0, 0.0, 0.0, 1.0],
                [0.997431, -0.023894, 0.067533, -0.0, 0.022738, 0.999582, 0.017843, 0.3, -0.067931, -0.016261, 0.997558, 0.0, 0.0, 0.0, 0.0, 1.0]
            ]
        },
        {
            "name": "Head",
            "time": [0.0, 0.2167, 0.4333, 0.5167, 0.65, 0.8833, 1.2333, 1.6833],
            "transform": [
                [0.426206, 0.026741, -0.904231, 0.0, 0.029005, 0.998645, 0.043205, 0.4, 0.904161, -0.044641, 0.424853, 0.0, 0.0, 0.0, 0.0, 1.0],
                [0.426206, 0.026741, -0.904231, -0.0, 0.029005, 0.998645, 0.043204, 0.4, 0.904161, -0.044641, 0.424853, 0.0, 0.0, 0.0, 0.0, 1.0],
                [0.426206, 0.026741, -0.904231, -0.0, 0.029005, 0.998645, 0.043205, 0.4, 0.904161, -0.044641, 0.424853, -0.0, 0.0, 0.0, 0.0, 1.0],
                [0.933795, 0.02593, 0.356868, 0.0, -0.03991, 0.998695, 0.031863, 0.4, -0.355576, -0.043996, 0.933611, 0.0, 0.0, 0.0, 0.0, 1.0],
                [0.756517, 0.026739, 0.653428, -0.0, -0.049406, 0.998645, 0.016335, 0.4, -0.652106, -0.044641, 0.756813, 0.0, 0.0, 0.0, 0.0, 1.0],
                [0.56065, 0.026738, 0.827621, 0.0, -0.051951, 0.998645, 0.00293, 0.4, -0.826422, -0.044639, 0.561279, -0.0, 0.0, 0.0, 0.0, 1.0],
                [0.56065, 0.026738, 0.827621, -0.0, -0.051951, 0.998645, 0.00293, 0.4, -0.826422, -0.044639, 0.561279, 0.0, 0.0, 0.0, 0.0, 1.0],
                [0.989016, 0.03176, 0.144357, 0.0, -0.026637, 0.99895, -0.037285, 0.4, -0.145389, 0.033031, 0.988823, 0.0, 0.0, 0.0, 0.0, 1.0]
            ]
        },
        {
            "name": "Shoulder_R",
            "time": [0.0, 0.2167, 0.4333, 0.8833, 1.2333, 1.6833],
            "transform": [
                [-0.308058, 0.873106, 0.37787, 0.0, 0.06069, -0.378342, 0.923674, 0.4, 0.94943, 0.307478, 0.063562, 0.0, 0.0, 0.0, 0.0, 1.0],
                [-0.557882, 0.738905, 0.37787, -0.0, 0.172361, -0.342224, 0.923674, 0.4, 0.811824, 0.580432, 0.063562, 0.0, 0.0, 0.0, 0.0, 1.0],
                [-0.557882, 0.738905, 0.37787, -0.0, 0.172361, -0.342224, 0.923674, 0.4, 0.811824, 0.580432, 0.063562, -0.0, 0.0, 0.0, 0.0, 1.0],
                [-0.327932, 0.858595, 0.394048, 0.0, -0.140643, -0.456837, 0.878362, 0.4, 0.934173, 0.232623, 0.270567, -0.0, 0.0, 0.0, 0.0, 1.0],
                [-0.327932, 0.858595, 0.394048, -0.0, -0.140643, -0.456837, 0.878362, 0.4, 0.934173, 0.232623, 0.270567, 0.0, 0.0, 0.0, 0.0, 1.0],
                [-0.059544, 0.923942, 0.37787, 0.0, -0.044266, -0.380613, 0.923674, 0.4, 0.997244, 0.038273, 0.063562, 0.0, 0.0, 0.0, 0.0, 1.0]
            ]
        },
        {
            "name": "Arm_R",
            "time": [0.0, 0.2167, 0.4333, 0.8833, 1.2333, 1.4, 1.6833],
            "transform": [
                [0.845911, -0.139373, 0.514791, 0.0, 0.531208, 0.134276, -0.836533, 0.393861, 0.047466, 0.981094, 0.187621, 0.0, 0.0, 0.0, 0.0, 1.0],
                [0.845911, -0.331818, 0.417531, -0.0, 0.531208, 0.454534, -0.714994, 0.393861, 0.047466, 0.826617, 0.56076, 0.0, 0.0, 0.0, 0.0, 1.0],
                [0.845911, -0.331818, 0.417531, 0.0, 0.531208, 0.454534, -0.714994, 0.393861, 0.047466, 0.826617, 0.56076, 0.0, 0.0, 0.0, 0.0, 1.0],
                [-0.17783, -0.127281, -0.975795, 0.0, -0.451507, 0.891619, -0.034018, 0.393861, 0.874367, 0.434529, -0.216025, 0.0, 0.0, 0.0, 0.0, 1.0],
                [-0.200266, -0.647755, -0.735055, -0.0, -0.436783, 0.7306, -0.524828, 0.393861, 0.876991, 0.215955, -0.429243, -0.0, 0.0, 0.0, 0.0, 1.0],
                [-0.283681, -0.194922, -0.938899, -0.0, 0.059632, 0.973641, -0.220153, 0.39386, 0.957063, -0.118442, -0.264579, 0.0, 0.0, 0.0, 0.0, 1.0],
                [0.047157, 0.061432, -0.996997, 0.0, 0.871616, 0.485004, 0.071111, 0.39386, 0.487916, -0.872351, -0.030674, -0.0, 0.0, 0.0, 0.0, 1.0]
            ]
        },
        {
            "name": "Hand_R",
            "time": [0.0, 0.2167, 0.4333, 1.2333, 1.6833],
            "transform": [
                [0.999599, -0.027128, -0.008112, 0.0, 0.023395, 0.952669, -0.303109, 0.3, 0.015951, 0.302798, 0.952921, 0.0, 0.0, 0.0, 0.0, 1.0],
                [0.999599, -0.027128, -0.008112, -0.0, 0.023395, 0.952669, -0.303109, 0.3, 0.015951, 0.302798, 0.952921, 0.0, 0.0, 0.0, 0.0, 1.0],
                [0.999599, -0.027128, -0.008112, -0.0, 0.023395, 0.952669, -0.303109, 0.3, 0.015951, 0.302797, 0.952922, 0.0, 0.0, 0.0, 0.0, 1.0],
                [0.999599, -0.026649, 0.00957, 0.0, 0.023395, 0.58689, -0.809329, 0.3, 0.015951, 0.809228, 0.587278, 0.0, 0.0, 0.0, 0.0, 1.0],
                [0.999599, -0.02151, -0.018414, 0.0, 0.023395, 0.993747, 0.109175, 0.3, 0.015951, -0.109562, 0.993852, -0.0, 0.0, 0.0, 0.0, 1.0]
            ]
        },
        {
            "name": "Tool_R",
            "time": [0.0, 0.2167, 0.4333, 0.8833, 1.2333, 1.6833],
            "transform": [
                [0.991453, 0.039914, -0.124215, 0.003847, 0.00033, -0.952821, -0.303535, 0.234986, -0.130393, 0.300711, -0.944133, 0.156876, 0.0, 0.0, 0.0, 1.0],
                [0.991452, 0.039914, -0.124215, 0.003847, 0.00033, -0.952821, -0.303535, 0.234986, -0.130393, 0.300711, -0.944133, 0.156876, 0.0, 0.0, 0.0, 1.0],
                [0.991453, 0.039914, -0.124215, 0.003847, 0.00033, -0.952821, -0.303535, 0.234986, -0.130393, 0.300711, -0.944133, 0.156876, 0.0, 0.0, 0.0, 1.0],
                [0.978548, -0.107359, -0.175837, 0.013511, -0.043709, -0.942247, 0.332054, 0.242557, -0.201212, -0.317068, -0.926174, 0.230288, 0.0, 0.0, 0.0, 1.0],
                [0.982481, 0.048542, -0.179929, 0.017245, -0.021676, -0.929163, -0.369034, 0.245482, -0.184988, 0.366242, -0.911297, 0.258656, 0.0, 0.0, 0.0, 1.0],
                [0.997429, 0.007601, -0.071259, -0.00809, 0.011127, -0.998726, 0.049225, 0.281539, -0.070752, -0.049873, -0.995652, 0.098466, 0.0, 0.0, 0.0, 1.0]
            ]
        },
        {
            "name": "Elbow_R",
            "time": [0.0, 0.2167, 0.4333, 1.2333, 1.6833],
            "transform": [
                [-1.0, 0.0, -0.0, 0.0, 0.0, 0.0, -1.0, 0.3, -0.0, -1.0, 0.0, 0.0, 0.0, 0.0, 0.0, 1.0],
                [-1.0, 0.0, -0.0, -0.0, 0.0, -0.0, -1.0, 0.3, -0.0, -1.0, 0.0, 0.0, 0.0, 0.0, 0.0, 1.0],
                [-1.0, 0.0, -0.0, -0.0, 0.0, -0.0, -1.0, 0.3, -0.0, -1.0, 0.0, 0.0, 0.0, 0.0, 0.0, 1.0],
                [-1.0, 0.0, -0.0, 0.0, 0.0, -0.0, -1.0, 0.3, -0.0, -1.0, 0.0, 0.0, 0.0, 0.0, 0.0, 1.0],
                [-1.0, 0.0, -0.0, 0.0, 0.0, -0.0, -1.0, 0.3, -0.0, -1.0, 0.0, -0.0, 0.0, 0.0, 0.0, 1.0]
            ]
        },
        {
            "name": "Shoulder_L",
            "time": [0.0, 0.2167, 0.4333, 1.2333, 1.6833],
            "transform": [
                [0.459535, -0.834352, -0.304441, 0.0, 0.070647, -0.307353, 0.948969, 0.4, -0.885345, -0.457592, -0.082295, 0.0, 0.0, 0.0, 0.0, 1.0],
                [0.459535, -0.834352, -0.304441, -0.0, 0.070647, -0.307353, 0.948969, 0.4, -0.885345, -0.457592, -0.082295, 0.0, 0.0, 0.0, 0.0, 1.0],
                [0.459535, -0.834352, -0.304441, -0.0, 0.070647, -0.307353, 0.948969, 0.4, -0.885346, -0.457592, -0.082295, -0.0, 0.0, 0.0, 0.0, 1.0],
                [0.459535, -0.834352, -0.304441, -0.0, 0.070647, -0.307353, 0.94897, 0.4, -0.885346, -0.457592, -0.082295, 0.0, 0.0, 0.0, 0.0, 1.0],
                [-0.007939, -0.952498, -0.304441, 0.0, -0.088921, -0.302572, 0.94897, 0.4, -0.996007, 0.034605, -0.082295, 0.0, 0.0, 0.0, 0.0, 1.0]
            ]
        },
        {
            "name": "Arm_L",
            "time": [0.0, 0.2167, 0.4333, 0.6167, 0.8833, 1.2333, 1.4, 1.6833],
            "transform": [
                [0.239294, -0.194482, 0.95127, 0.0, -0.577556, 0.759044, 0.300467, 0.39386, -0.780492, -0.621312, 0.06931, -0.0, 0.0, 0.0, 0.0, 1.0],
                [0.239294, -0.194482, 0.95127, -0.0, -0.577556, 0.759044, 0.300467, 0.39386, -0.780492, -0.621312, 0.06931, -0.0, 0.0, 0.0, 0.0, 1.0],
                [0.135307, -0.277086, 0.951271, 0.0, -0.204759, 0.931554, 0.300467, 0.39386, -0.969415, -0.235437, 0.06931, -0.0, 0.0, 0.0, 0.0, 1.0],
                [0.269519, 0.797008, 0.540497, 0.0, 0.459823, 0.386638, -0.799421, 0.39386, -0.846122, 0.463992, -0.262276, -0.0, 0.0, 0.0, 0.0, 1.0],
                [0.089048, 0.963864, 0.251072, -0.0, -0.052484, 0.256264, -0.965181, 0.39386, -0.994644, 0.07277, 0.073408, -0.0, 0.0, 0.0, 0.0, 1.0],
                [-0.045292, 0.963864, 0.262517, 0.0, 0.42683, 0.256264, -0.867263, 0.39386, -0.903197, 0.07277, -0.423013, -0.0, 0.0, 0.0, 0.0, 1.0],
                [-0.251105, 0.311149, 0.916587, 0.0, 0.009999, 0.94771, -0.318975, 0.393861, -0.967908, -0.070931, -0.241086, 0.0, 0.0, 0.0, 0.0, 1.0],
                [0.2326, 0.015173, 0.972454, 0.0, -0.875693, 0.438302, 0.202617, 0.39386, -0.423154, -0.8987, 0.115236, -0.0, 0.0, 0.0, 0.0, 1.0]
            ]
        },
        {
            "name": "Hand_L",
            "time": [0.0, 0.2167, 0.4333, 0.8833, 1.2333, 1.6833],
            "transform": [
                [0.99991, 0.013312, -0.001888, -0.0, -0.012582, 0.876974, -0.480373, 0.3, -0.004739, 0.480353, 0.877063, 0.0, 0.0, 0.0, 0.0, 1.0],
                [0.99991, 0.013312, -0.001888, -0.0, -0.012582, 0.876974, -0.480373, 0.3, -0.004739, 0.480353, 0.877063, 0.0, 0.0, 0.0, 0.0, 1.0],
                [0.99991, 0.013204, 0.002533, 0.0, -0.012582, 0.985388, -0.169858, 0.3, -0.004739, 0.169811, 0.985466, -0.0, 0.0, 0.0, 0.0, 1.0],
                [0.99991, 0.013445, -6e-06, 0.0, -0.012582, 0.935581, -0.35289, 0.3, -0.004739, 0.352858, 0.935665, 0.0, 0.0, 0.0, 0.0, 1.0],
                [0.99991, 0.013445, -6e-06, -0.0, -0.012582, 0.935581, -0.35289, 0.3, -0.004739, 0.352858, 0.935665, 0.0, 0.0, 0.0, 0.0, 1.0],
                [0.99991, 0.012501, 0.004949, -0.0, -0.012582, 0.999782, 0.01669, 0.3, -0.004739, -0.016751, 0.999849, -0.0, 0.0, 0.0, 0.0, 1.0]
            ]
        },
        {
            "name": "Tool_L",
            "time": [0.0, 0.2167, 0.4333, 0.8833, 1.2333, 1.6833],
            "transform": [
                [0.99711, 0.043861, -0.062033, -0.012677, 0.036135, -0.992043, -0.1206, 0.208813, -0.066789, 0.11793, -0.99018, 0.160811, 0.0, 0.0, 0.0, 1.0],
                [0.99711, 0.043861, -0.062033, -0.012677, 0.036135, -0.992043, -0.1206, 0.208813, -0.066789, 0.11793, -0.99018, 0.160811, 0.0, 0.0, 0.0, 1.0],
                [0.99711, 0.053164, -0.054267, -0.012677, 0.036129, -0.960227, -0.276872, 0.208813, -0.066789, 0.27394, -0.958812, 0.160811, 0.0, 0.0, 0.0, 1.0],
                [0.878945, -0.01034, -0.47681, 0.022161, -0.025593, -0.999347, -0.025506, 0.30664, -0.475955, 0.034591, -0.87812, 0.151591, 0.0, 0.0, 0.0, 1.0],
                [0.990071, -0.134154, -0.041973, -0.019496, -0.138835, -0.979987, -0.142655, 0.227273, -0.021983, 0.146969, -0.988302, 0.069103, 0.0, 0.0, 0.0, 1.0],
                [0.99711, 0.043861, -0.062033, -0.012677, 0.036135, -0.992043, -0.1206, 0.208813, -0.066789, 0.11793, -0.99018, 0.160811, 0.0, 0.0, 0.0, 1.0]
            ]
        },
        {
            "name": "Elbow_L",
            "time": [0.0, 0.2167, 0.4333, 1.2333, 1.6833],
            "transform": [
                [-0.998967, -0.043093, -0.01444, -4.9e-05, 0.028309, -0.34145, -0.939473, 0.367197, 0.035554, -0.938911, 0.342317, -0.015902, 0.0, 0.0, 0.0, 1.0],
                [-0.998967, -0.043093, -0.01444, -4.9e-05, 0.028309, -0.34145, -0.939473, 0.367197, 0.035554, -0.938911, 0.342317, -0.015902, 0.0, 0.0, 0.0, 1.0],
                [-0.998967, -0.043093, -0.01444, -4.8e-05, 0.028309, -0.34145, -0.939474, 0.367197, 0.035554, -0.938912, 0.342317, -0.015902, 0.0, 0.0, 0.0, 1.0],
                [-0.998967, -0.043093, -0.01444, -4.9e-05, 0.028309, -0.34145, -0.939473, 0.367197, 0.035554, -0.938911, 0.342317, -0.015901, 0.0, 0.0, 0.0, 1.0],
                [-0.998967, -0.043093, -0.01444, -4.9e-05, 0.028309, -0.34145, -0.939473, 0.367197, 0.035554, -0.938912, 0.342317, -0.015902, 0.0, 0.0, 0.0, 1.0]
            ]
        }
    ]
}