{
    "animation": [
        {
            "name": "Root",
            "time": [0.0, 0.1833, 0.3, 0.4, 0.5, 0.8333, 1.0667, 1.3333],
            "transform": [
                [0.619793, 0.214735, -0.754815, 0.002798, -0.781976, 0.087956, -0.617072, 0.081856, -0.066116, 0.972704, 0.222432, 0.641748, 0.0, 0.0, 0.0, 1.0],
                [0.324396, 0.231764, -0.917089, -0.002343, -0.943608, 0.011522, -0.330865, 0.081601, -0.066116, 0.972704, 0.222432, 0.620175, 0.0, 0.0, 0.0, 1.0],
                [0.324396, 0.231764, -0.917089, -0.002343, -0.943608, 0.011522, -0.330865, 0.081601, -0.066116, 0.972704, 0.222432, 0.620175, 0.0, 0.0, 0.0, 1.0],
                [0.96674, 0.245402, -0.072058, 0.062019, -0.14337, 0.286653, -0.947246, 0.422289, -0.2118, 0.926071, 0.312302, 0.736433, 0.0, 0.0, 0.0, 1.0],
                [0.948874, 0.17947, -0.259669, -0.002343, -0.287808, 0.154066, -0.945215, 0.591492, -0.129631, 0.971625, 0.197842, 0.620175, 0.0, 0.0, 0.0, 1.0],
                [0.985143, 0.154317, -0.075358, -0.002343, -0.102078, 0.173302, -0.979564, 0.697891, -0.138104, 0.972704, 0.18648, 0.620175, 0.0, 0.0, 0.0, 1.0],
                [0.985143, 0.154317, -0.075358, -0.002343, -0.102078, 0.173302, -0.979564, 0.697891, -0.138104, 0.972704, 0.18648, 0.620175, 0.0, 0.0, 0.0, 1.0],
                [0.985143, 0.154317, -0.075358, -0.002343, -0.102078, 0.173302, -0.979564, 0.697891, -0.138104, 0.972704, 0.18648, 0.620175, 0.0, 0.0, 0.0, 1.0]
            ]
        },
        {
            "name": "Thigh_R",
            "time": [0.0, 0.1833, 0.3, 0.4, 0.5, 0.8333, 1.0667, 1.3333],
            "transform": [
                [0.539048, 0.427519, -0.72571, 0.124994, 0.419144, -0.883501, -0.209142, -0.002831, -0.730579, -0.191439, -0.655443, -1.2e-05, 0.0, 0.0, 0.0, 1.0],
                [0.535013, 0.50648, -0.676194, 0.124994, 0.422614, -0.853482, -0.304898, -0.002831, -0.731546, -0.122644, -0.670671, -1.2e-05, 0.0, 0.0, 0.0, 1.0],
                [0.535013, 0.50648, -0.676194, 0.124994, 0.422614, -0.853482, -0.304898, -0.002831, -0.731546, -0.122644, -0.670671, -1.2e-05, 0.0, 0.0, 0.0, 1.0],
                [0.902, -0.067771, -0.426384, 0.124994, 0.407417, -0.193166, 0.89258, -0.002831, -0.142854, -0.978821, -0.146626, -1.2e-05, 0.0, 0.0, 0.0, 1.0],
                [0.962515, 0.128099, -0.23907, 0.124994, 0.26489, -0.633399, 0.727074, -0.002831, -0.058289, -0.763145, -0.643591, -1.2e-05, 0.0, 0.0, 0.0, 1.0],
                [0.98937, 0.112378, -0.092292, 0.124994, 0.136718, -0.502579, 0.853652, -0.002831, 0.049548, -0.857194, -0.512602, -1.2e-05, 0.0, 0.0, 0.0, 1.0],
                [0.98937, 0.112378, -0.092292, 0.124994, 0.136718, -0.502579, 0.853652, -0.002831, 0.049548, -0.857194, -0.512602, -1.2e-05, 0.0, 0.0, 0.0, 1.0],
                [0.98937, 0.112378, -0.092292, 0.124994, 0.136718, -0.502579, 0.853652, -0.002831, 0.049548, -0.857194, -0.512602, -1.2e-05, 0.0, 0.0, 0.0, 1.0]
            ]
        },
        {
            "name": "Leg_R",
            "time": [0.0, 0.1833, 0.3, 0.4, 0.5, 0.8333, 1.0667, 1.3333],
            "transform": [
                [0.998294, -0.055079, -0.019358, 0.0, 0.058094, 0.904329, 0.422866, 0.37472, -0.005785, -0.42327, 0.905984, 0.0, 0.0, 0.0, 0.0, 1.0],
                [0.998294, -0.055079, -0.019358, -0.0, 0.058094, 0.904329, 0.422866, 0.37472, -0.005785, -0.42327, 0.905985, -0.0, 0.0, 0.0, 0.0, 1.0],
                [0.998294, -0.055079, -0.019358, -0.0, 0.058094, 0.904329, 0.422866, 0.37472, -0.005785, -0.42327, 0.905985, -0.0, 0.0, 0.0, 0.0, 1.0],
                [0.998949, -0.012129, -0.044198, 0.0, 0.045833, 0.263363, 0.963607, 0.37472, -4.8e-05, -0.964621, 0.263642, -0.0, 0.0, 0.0, 0.0, 1.0],
                [0.999479, -0.025847, -0.019358, 0.0, 0.03161, 0.905641, 0.422866, 0.37472, 0.006602, -0.423258, 0.905985, -0.0, 0.0, 0.0, 0.0, 1.0],
                [0.999618, -0.019744, -0.019358, -0.0, 0.02608, 0.905817, 0.422866, 0.37472, 0.009186, -0.42321, 0.905985, -0.0, 0.0, 0.0, 0.0, 1.0],
                [0.999618, -0.019744, -0.019358, -0.0, 0.02608, 0.905817, 0.422866, 0.37472, 0.009186, -0.42321, 0.905985, -0.0, 0.0, 0.0, 0.0, 1.0],
                [0.999618, -0.019744, -0.019358, -0.0, 0.02608, 0.905817, 0.422866, 0.37472, 0.009186, -0.42321, 0.905985, -0.0, 0.0, 0.0, 0.0, 1.0]
            ]
        },
        {
            "name": "Knee_R",
            "time": [0.0, 0.1833, 0.3, 0.4, 0.5, 0.8333, 1.0667, 1.3333],
            "transform": [
                [1.0, 0.0, -0.0, 0.0, -0.0, 1e-06, -1.0, 0.37472, -0.0, 1.0, 1e-06, 0.0, 0.0, 0.0, 0.0, 1.0],
                [1.0, 0.0, -0.0, -0.0, -0.0, 1e-06, -1.0, 0.37472, -0.0, 1.0, 1e-06, -0.0, 0.0, 0.0, 0.0, 1.0],
                [1.0, 0.0, -0.0, -0.0, -0.0, 1e-06, -1.0, 0.37472, -0.0, 1.0, 1e-06, -0.0, 0.0, 0.0, 0.0, 1.0],
                [1.0, 0.0, -0.0, 0.0, -0.0, 0.335073, -0.942192, 0.37472, 0.0, 0.942192, 0.335073, -0.0, 0.0, 0.0, 0.0, 1.0],
                [1.0, 0.0, -0.0, 0.0, -0.0, 1e-06, -1.0, 0.37472, -0.0, 1.0, 1e-06, -0.0, 0.0, 0.0, 0.0, 1.0],
                [1.0, 0.0, -0.0, -0.0, -0.0, 1e-06, -1.0, 0.37472, -0.0, 1.0, 1e-06, -0.0, 0.0, 0.0, 0.0, 1.0],
                [1.0, 0.0, -0.0, -0.0, -0.0, 1e-06, -1.0, 0.37472, -0.0, 1.0, 1e-06, -0.0, 0.0, 0.0, 0.0, 1.0],
                [1.0, 0.0, -0.0, -0.0, -0.0, 1e-06, -1.0, 0.37472, -0.0, 1.0, 1e-06, -0.0, 0.0, 0.0, 0.0, 1.0]
            ]
        },
        {
            "name": "Thigh_L",
            "time": [0.0, 0.1833, 0.3, 0.4, 0.5, 0.8333, 1.0667, 1.3333],
            "transform": [
                [0.538484, -0.54435, -0.643209, -0.109662, 0.180967, -0.67081, 0.71921, -0.002831, -0.822973, -0.503683, -0.262711, 0.02525, 0.0, 0.0, 0.0, 1.0],
                [0.538484, -0.620949, -0.569612, -0.109662, 0.180967, -0.574993, 0.797893, -0.002831, -0.822973, -0.532734, -0.197253, 0.02525, 0.0, 0.0, 0.0, 1.0],
                [0.538484, -0.620949, -0.569612, -0.109662, 0.180967, -0.574993, 0.797893, -0.002831, -0.822973, -0.532734, -0.197253, 0.02525, 0.0, 0.0, 0.0, 1.0],
                [0.964765, 0.071496, -0.25321, -0.109662, 0.161531, -0.920607, 0.355515, -0.002831, -0.207689, -0.38389, -0.899718, 0.02525, 0.0, 0.0, 0.0, 1.0],
                [0.951794, -0.036483, -0.304559, -0.109662, -0.019184, -0.998038, 0.0596, -0.002831, -0.306136, -0.050884, -0.950626, 0.02525, 0.0, 0.0, 0.0, 1.0],
                [0.985182, 0.037301, -0.167401, -0.109662, 0.017363, -0.992739, -0.119027, -0.002831, -0.170625, 0.114357, -0.978677, 0.02525, 0.0, 0.0, 0.0, 1.0],
                [0.985182, 0.037301, -0.167401, -0.109662, 0.017363, -0.992739, -0.119027, -0.002831, -0.170625, 0.114357, -0.978677, 0.02525, 0.0, 0.0, 0.0, 1.0],
                [0.985182, 0.037301, -0.167401, -0.109662, 0.017363, -0.992739, -0.119027, -0.002831, -0.170625, 0.114357, -0.978677, 0.02525, 0.0, 0.0, 0.0, 1.0]
            ]
        },
        {
            "name": "Leg_L",
            "time": [0.0, 0.1833, 0.3, 0.4, 0.5, 0.8333, 1.0667, 1.3333],
            "transform": [
                [0.997933, 0.038913, 0.05115, -0.0, -0.064028, 0.670884, 0.738793, 0.37472, -0.005567, -0.74054, 0.671989, 0.0, 0.0, 0.0, 0.0, 1.0],
                [0.997933, 0.038913, 0.05115, 0.0, -0.064028, 0.670884, 0.738793, 0.37472, -0.005567, -0.74054, 0.671989, 0.0, 0.0, 0.0, 0.0, 1.0],
                [0.997933, 0.038913, 0.05115, 0.0, -0.064028, 0.670884, 0.738793, 0.37472, -0.005567, -0.74054, 0.671989, 0.0, 0.0, 0.0, 0.0, 1.0],
                [0.997933, 0.060317, 0.022189, -0.0, -0.064028, 0.962954, 0.261953, 0.37472, -0.005566, -0.262832, 0.964826, 0.0, 0.0, 0.0, 0.0, 1.0],
                [0.997933, 0.050593, 0.039635, -0.0, -0.064028, 0.836033, 0.544931, 0.37472, -0.005566, -0.546342, 0.837544, 0.0, 0.0, 0.0, 0.0, 1.0],
                [0.997933, 0.052631, 0.036885, 0.0, -0.064028, 0.863855, 0.499655, 0.37472, -0.005566, -0.500983, 0.865439, 0.0, 0.0, 0.0, 0.0, 1.0],
                [0.997933, 0.052631, 0.036885, 0.0, -0.064028, 0.863855, 0.499655, 0.37472, -0.005566, -0.500983, 0.865439, 0.0, 0.0, 0.0, 0.0, 1.0],
                [0.997933, 0.052631, 0.036885, 0.0, -0.064028, 0.863855, 0.499655, 0.37472, -0.005566, -0.500983, 0.865439, 0.0, 0.0, 0.0, 0.0, 1.0]
            ]
        },
        {
            "name": "Knee_L",
            "time": [0.0, 0.1833, 0.3, 0.5, 0.8333, 1.0667, 1.3333],
            "transform": [
                [1.0, 0.0, -0.0, -0.0, -0.0, 1e-06, -1.0, 0.37472, -0.0, 1.0, 1e-06, 0.0, 0.0, 0.0, 0.0, 1.0],
                [1.0, 0.0, -0.0, 0.0, -0.0, 1e-06, -1.0, 0.37472, -0.0, 1.0, 1e-06, 0.0, 0.0, 0.0, 0.0, 1.0],
                [1.0, 0.0, -0.0, 0.0, -0.0, 1e-06, -1.0, 0.37472, -0.0, 1.0, 1e-06, 0.0, 0.0, 0.0, 0.0, 1.0],
                [1.0, 0.0, -0.0, -0.0, -0.0, 1e-06, -1.0, 0.37472, -0.0, 1.0, 1e-06, 0.0, 0.0, 0.0, 0.0, 1.0],
                [1.0, 0.0, -0.0, 0.0, -0.0, 1e-06, -1.0, 0.37472, -0.0, 1.0, 1e-06, 0.0, 0.0, 0.0, 0.0, 1.0],
                [1.0, 0.0, -0.0, 0.0, -0.0, 1e-06, -1.0, 0.37472, -0.0, 1.0, 1e-06, 0.0, 0.0, 0.0, 0.0, 1.0],
                [1.0, 0.0, -0.0, 0.0, -0.0, 1e-06, -1.0, 0.37472, -0.0, 1.0, 1e-06, 0.0, 0.0, 0.0, 0.0, 1.0]
            ]
        },
        {
            "name": "Torso",
            "time": [0.0, 0.1833, 0.3, 0.4, 0.5, 0.8333, 1.0667, 1.3333],
            "transform": [
                [0.929021, -0.067001, 0.363909, 0.0, 0.14591, 0.970114, -0.193879, 0.05, -0.340043, 0.233216, 0.911033, 0.0, 0.0, 0.0, 0.0, 1.0],
                [0.929021, -0.033059, 0.368546, -0.0, 0.14591, 0.948026, -0.282768, 0.05, -0.340043, 0.316472, 0.88556, -0.0, 0.0, 0.0, 0.0, 1.0],
                [0.929021, -0.033059, 0.368546, -0.0, 0.14591, 0.948026, -0.282768, 0.05, -0.340043, 0.316472, 0.88556, -0.0, 0.0, 0.0, 0.0, 1.0],
                [0.990065, -0.033059, 0.136666, 0.0, 0.074361, 0.948026, -0.309382, 0.05, -0.119335, 0.316472, 0.941066, 0.0, 0.0, 0.0, 0.0, 1.0],
                [0.667904, -0.033059, 0.743513, -0.0, 0.256513, 0.948026, -0.188276, 0.05, -0.698645, 0.316472, 0.64167, 0.0, 0.0, 0.0, 0.0, 1.0],
                [0.594015, -0.033059, 0.803774, 0.0, 0.273287, 0.948026, -0.162977, 0.05, -0.756611, 0.316472, 0.572176, -0.0, 0.0, 0.0, 0.0, 1.0],
                [0.594015, -0.033059, 0.803774, 0.0, 0.273287, 0.948026, -0.162977, 0.05, -0.756611, 0.316472, 0.572176, -0.0, 0.0, 0.0, 0.0, 1.0],
                [0.594015, -0.033059, 0.803774, 0.0, 0.273287, 0.948026, -0.162977, 0.05, -0.756611, 0.316472, 0.572176, -0.0, 0.0, 0.0, 0.0, 1.0]
            ]
        },
        {
            "name": "Chest",
            "time": [0.0, 0.1833, 0.3, 0.4, 0.5, 0.8333, 1.0667, 1.3333],
            "transform": [
                [0.986845, -0.155737, 0.043394, 0.0, 0.14517, 0.971746, 0.186107, 0.3, -0.071152, -0.17736, 0.981571, -0.0, 0.0, 0.0, 0.0, 1.0],
                [0.986845, -0.159444, 0.026731, 0.0, 0.14517, 0.946704, 0.287535, 0.3, -0.071152, -0.279872, 0.957397, 0.0, 0.0, 0.0, 0.0, 1.0],
                [0.986845, -0.159444, 0.026731, 0.0, 0.14517, 0.946704, 0.287535, 0.3, -0.071152, -0.279872, 0.957397, 0.0, 0.0, 0.0, 0.0, 1.0],
                [0.754201, -0.132658, 0.643104, -0.0, -0.060643, 0.961124, 0.269377, 0.3, -0.653837, -0.242164, 0.716836, -0.0, 0.0, 0.0, 0.0, 1.0],
                [0.820868, -0.089255, 0.5641, 0.0, -0.046419, 0.974018, 0.221663, 0.3, -0.569228, -0.208141, 0.795397, -0.0, 0.0, 0.0, 0.0, 1.0],
                [0.729608, -0.189183, 0.657177, -0.0, 0.077811, 0.977699, 0.195066, 0.3, -0.679424, -0.091186, 0.728058, 0.0, 0.0, 0.0, 0.0, 1.0],
                [0.753609, -0.013873, 0.657177, -0.0, -0.152269, 0.968898, 0.195066, 0.3, -0.639444, -0.247071, 0.728058, 0.0, 0.0, 0.0, 0.0, 1.0],
                [0.753609, -0.013873, 0.657177, -0.0, -0.152269, 0.968898, 0.195066, 0.3, -0.639444, -0.247071, 0.728058, 0.0, 0.0, 0.0, 0.0, 1.0]
            ]
        },
        {
            "name": "Head",
            "time": [0.0, 0.1833, 0.3, 0.4, 0.5, 0.8333, 1.0667, 1.3333],
            "transform": [
                [0.892872, 0.03176, 0.449189, -0.0, -0.013504, 0.99895, -0.043788, 0.4, -0.450108, 0.033031, 0.892363, 0.0, 0.0, 0.0, 0.0, 1.0],
                [0.892872, 0.03176, 0.449189, -0.0, -0.013504, 0.99895, -0.043788, 0.4, -0.450108, 0.033031, 0.892363, -0.0, 0.0, 0.0, 0.0, 1.0],
                [0.892872, 0.03176, 0.449189, -0.0, -0.013504, 0.99895, -0.043788, 0.4, -0.450108, 0.033031, 0.892363, -0.0, 0.0, 0.0, 0.0, 1.0],
                [0.849084, 0.026741, -0.527581, 0.0, 0.000878, 0.998645, 0.05203, 0.4, 0.528257, -0.044641, 0.84791, -0.0, 0.0, 0.0, 0.0, 1.0],
                [0.849084, 0.026741, -0.527581, -0.0, 0.000878, 0.998645, 0.05203, 0.4, 0.528257, -0.044641, 0.84791, -0.0, 0.0, 0.0, 0.0, 1.0],
                [0.426206, 0.026741, -0.904231, -0.0, 0.029005, 0.998645, 0.043205, 0.4, 0.904161, -0.044641, 0.424853, -0.0, 0.0, 0.0, 0.0, 1.0],
                [0.426206, 0.026741, -0.904231, 0.0, 0.029005, 0.998645, 0.043205, 0.4, 0.904161, -0.044641, 0.424853, 0.0, 0.0, 0.0, 0.0, 1.0],
                [0.426206, 0.026741, -0.904231, 0.0, 0.029005, 0.998645, 0.043205, 0.4, 0.904161, -0.044641, 0.424853, 0.0, 0.0, 0.0, 0.0, 1.0]
            ]
        },
        {
            "name": "Shoulder_R",
            "time": [0.0, 0.1833, 0.3, 0.4, 0.5, 0.8333, 1.0667, 1.3333],
            "transform": [
                [-0.308058, 0.873106, 0.37787, -0.0, 0.06069, -0.378342, 0.923674, 0.4, 0.94943, 0.307478, 0.063562, 0.0, 0.0, 0.0, 0.0, 1.0],
                [-0.308058, 0.873106, 0.37787, -0.0, 0.06069, -0.378342, 0.923674, 0.4, 0.94943, 0.307478, 0.063562, -0.0, 0.0, 0.0, 0.0, 1.0],
                [-0.308058, 0.873106, 0.37787, -0.0, 0.06069, -0.378342, 0.923674, 0.4, 0.94943, 0.307478, 0.063562, -0.0, 0.0, 0.0, 0.0, 1.0],
                [0.089741, 0.921499, 0.37787, 0.0, -0.104869, -0.368549, 0.923674, 0.4, 0.990429, -0.122518, 0.063562, -0.0, 0.0, 0.0, 0.0, 1.0],
                [-0.308058, 0.873106, 0.37787, -0.0, 0.06069, -0.378342, 0.923674, 0.4, 0.94943, 0.307478, 0.063562, -0.0, 0.0, 0.0, 0.0, 1.0],
                [-0.308058, 0.873106, 0.37787, -0.0, 0.06069, -0.378342, 0.923674, 0.4, 0.94943, 0.307478, 0.063562, -0.0, 0.0, 0.0, 0.0, 1.0],
                [-0.308058, 0.873106, 0.37787, 0.0, 0.06069, -0.378342, 0.923674, 0.4, 0.94943, 0.307478, 0.063562, 0.0, 0.0, 0.0, 0.0, 1.0],
                [-0.308058, 0.873106, 0.37787, 0.0, 0.06069, -0.378342, 0.923674, 0.4, 0.94943, 0.307478, 0.063562, 0.0, 0.0, 0.0, 0.0, 1.0]
            ]
        },
        {
            "name": "Arm_R",
            "time": [0.0, 0.1833, 0.3, 0.4, 0.5, 0.8333, 1.0667, 1.3333],
            "transform": [
                [-0.385428, 0.219962, -0.896137, -0.0, 0.547693, 0.836129, -0.03033, 0.39386, 0.742615, -0.502499, -0.442739, 0.0, 0.0, 0.0, 0.0, 1.0],
                [-0.385428, 0.06617, -0.920362, 0.0, 0.547693, 0.819129, -0.170471, 0.393861, 0.742615, -0.569781, -0.351956, -0.0, 0.0, 0.0, 0.0, 1.0],
                [-0.385428, 0.06617, -0.920362, 0.0, 0.547693, 0.819129, -0.170471, 0.393861, 0.742615, -0.569781, -0.351956, -0.0, 0.0, 0.0, 0.0, 1.0],
                [0.577675, -0.462922, -0.672306, 0.0, 0.669287, 0.740114, 0.065469, 0.39386, 0.467276, -0.487785, 0.737373, 0.0, 0.0, 0.0, 0.0, 1.0],
                [0.867656, -0.405369, 0.287834, -0.0, 0.401078, 0.228611, -0.887059, 0.39386, 0.293784, 0.885106, 0.36094, 0.0, 0.0, 0.0, 0.0, 1.0],
                [0.845911, -0.11126, 0.52159, -0.0, 0.531208, 0.088729, -0.842583, 0.393861, 0.047466, 0.989823, 0.134159, 0.0, 0.0, 0.0, 0.0, 1.0],
                [0.845911, -0.139373, 0.514791, 0.0, 0.531208, 0.134276, -0.836533, 0.39386, 0.047466, 0.981094, 0.187621, -0.0, 0.0, 0.0, 0.0, 1.0],
                [0.845911, -0.139373, 0.514791, 0.0, 0.531208, 0.134276, -0.836533, 0.39386, 0.047466, 0.981094, 0.187621, -0.0, 0.0, 0.0, 0.0, 1.0]
            ]
        },
        {
            "name": "Hand_R",
            "time": [0.0, 0.1833, 0.3, 0.5, 0.8333, 1.0667, 1.3333],
            "transform": [
                [0.999599, -0.023129, -0.016333, -0.0, 0.023395, 0.999595, 0.016246, 0.3, 0.015951, -0.016621, 0.999735, -0.0, 0.0, 0.0, 0.0, 1.0],
                [0.999599, -0.025542, -0.012222, 0.0, 0.023395, 0.988155, -0.15167, 0.3, 0.015951, 0.151323, 0.988356, -0.0, 0.0, 0.0, 0.0, 1.0],
                [0.999599, -0.025542, -0.012222, 0.0, 0.023395, 0.988155, -0.15167, 0.3, 0.015951, 0.151323, 0.988356, -0.0, 0.0, 0.0, 0.0, 1.0],
                [0.999599, -0.025542, -0.012222, -0.0, 0.023395, 0.988154, -0.151669, 0.3, 0.015951, 0.151323, 0.988356, 0.0, 0.0, 0.0, 0.0, 1.0],
                [0.999599, -0.025542, -0.012222, -0.0, 0.023395, 0.988154, -0.151669, 0.3, 0.015951, 0.151323, 0.988356, -0.0, 0.0, 0.0, 0.0, 1.0],
                [0.999599, -0.027128, -0.008112, -0.0, 0.023395, 0.952669, -0.303109, 0.3, 0.015951, 0.302798, 0.952921, 0.0, 0.0, 0.0, 0.0, 1.0],
                [0.999599, -0.027128, -0.008112, -0.0, 0.023395, 0.952669, -0.303109, 0.3, 0.015951, 0.302798, 0.952921, 0.0, 0.0, 0.0, 0.0, 1.0]
            ]
        },
        {
            "name": "Tool_R",
            "time": [0.0, 0.1833, 0.3, 0.4, 0.5, 1.0667, 1.3333],
            "transform": [
                [0.991452, 0.039914, -0.124215, 0.003847, 0.00033, -0.952821, -0.303535, 0.234986, -0.130393, 0.300711, -0.944133, 0.156876, 0.0, 0.0, 0.0, 1.0],
                [0.991452, 0.039914, -0.124215, 0.003847, 0.00033, -0.952821, -0.303535, 0.234986, -0.130393, 0.300711, -0.944133, 0.156876, 0.0, 0.0, 0.0, 1.0],
                [0.991452, 0.039914, -0.124215, 0.003847, 0.00033, -0.952821, -0.303535, 0.234986, -0.130393, 0.300711, -0.944133, 0.156876, 0.0, 0.0, 0.0, 1.0],
                [0.996284, -0.079607, -0.03287, -0.021365, -0.051772, -0.248557, -0.967232, 0.265966, 0.068787, 0.964767, -0.251616, 0.041218, 0.0, 0.0, 0.0, 1.0],
                [0.98116, 0.193008, -0.008613, -0.0219, 0.00451, -0.06745, -0.997712, 0.243983, -0.193033, 0.978296, -0.06702, 0.026375, 0.0, 0.0, 0.0, 1.0],
                [0.991453, 0.039914, -0.124215, 0.003847, 0.00033, -0.952821, -0.303535, 0.234986, -0.130393, 0.300711, -0.944133, 0.156876, 0.0, 0.0, 0.0, 1.0],
                [0.991453, 0.039914, -0.124215, 0.003847, 0.00033, -0.952821, -0.303535, 0.234986, -0.130393, 0.300711, -0.944133, 0.156876, 0.0, 0.0, 0.0, 1.0]
            ]
        },
        {
            "name": "Elbow_R",
            "time": [0.0, 0.1833, 0.3, 0.5, 0.8333, 1.0667, 1.3333],
            "transform": [
                [-1.0, 0.0, -0.0, -0.0, 0.0, -0.0, -1.0, 0.3, -0.0, -1.0, 0.0, -0.0, 0.0, 0.0, 0.0, 1.0],
                [-1.0, 0.0, -0.0, 0.0, 0.0, 0.0, -1.0, 0.3, -0.0, -1.0, 0.0, -0.0, 0.0, 0.0, 0.0, 1.0],
                [-1.0, 0.0, -0.0, 0.0, 0.0, 0.0, -1.0, 0.3, -0.0, -1.0, 0.0, -0.0, 0.0, 0.0, 0.0, 1.0],
                [-1.0, 0.0, -0.0, -0.0, 0.0, 0.0, -1.0, 0.3, -0.0, -1.0, 0.0, 0.0, 0.0, 0.0, 0.0, 1.0],
                [-1.0, 0.0, -0.0, -0.0, 0.0, -0.0, -1.0, 0.3, -0.0, -1.0, 0.0, -0.0, 0.0, 0.0, 0.0, 1.0],
                [-1.0, 0.0, -0.0, -0.0, 0.0, 0.0, -1.0, 0.3, -0.0, -1.0, 0.0, 0.0, 0.0, 0.0, 0.0, 1.0],
                [-1.0, 0.0, -0.0, -0.0, 0.0, 0.0, -1.0, 0.3, -0.0, -1.0, 0.0, 0.0, 0.0, 0.0, 0.0, 1.0]
            ]
        },
        {
            "name": "Shoulder_L",
            "time": [0.0, 0.1833, 0.3, 0.5, 0.8333, 1.0667, 1.3333],
            "transform": [
                [0.459535, -0.834352, -0.304441, -0.0, 0.070647, -0.307353, 0.948969, 0.4, -0.885345, -0.457592, -0.082295, 0.0, 0.0, 0.0, 0.0, 1.0],
                [0.459535, -0.834352, -0.304441, -0.0, 0.070647, -0.307353, 0.948969, 0.4, -0.885346, -0.457592, -0.082295, -0.0, 0.0, 0.0, 0.0, 1.0],
                [0.459535, -0.834352, -0.304441, -0.0, 0.070647, -0.307353, 0.948969, 0.4, -0.885346, -0.457592, -0.082295, -0.0, 0.0, 0.0, 0.0, 1.0],
                [0.459535, -0.834352, -0.304441, -0.0, 0.070647, -0.307353, 0.94897, 0.4, -0.885346, -0.457592, -0.082295, -0.0, 0.0, 0.0, 0.0, 1.0],
                [0.459535, -0.834352, -0.304441, -0.0, 0.070647, -0.307353, 0.948969, 0.4, -0.885346, -0.457592, -0.082295, -0.0, 0.0, 0.0, 0.0, 1.0],
                [0.459535, -0.834352, -0.304441, 0.0, 0.070647, -0.307353, 0.948969, 0.4, -0.885345, -0.457592, -0.082295, 0.0, 0.0, 0.0, 0.0, 1.0],
                [0.459535, -0.834352, -0.304441, 0.0, 0.070647, -0.307353, 0.948969, 0.4, -0.885345, -0.457592, -0.082295, 0.0, 0.0, 0.0, 0.0, 1.0]
            ]
        },
        {
            "name": "Arm_L",
            "time": [0.0, 0.1833, 0.3, 0.5, 0.8333, 1.0667, 1.3333],
            "transform": [
                [0.296575, -0.084426, 0.95127, -0.0, -0.829969, 0.469969, 0.300467, 0.39386, -0.472435, -0.878636, 0.06931, 0.0, 0.0, 0.0, 0.0, 1.0],
                [0.239294, -0.194482, 0.95127, -0.0, -0.577556, 0.759044, 0.300467, 0.39386, -0.780492, -0.621312, 0.06931, 0.0, 0.0, 0.0, 0.0, 1.0],
                [0.239294, -0.194482, 0.95127, -0.0, -0.577556, 0.759044, 0.300467, 0.39386, -0.780492, -0.621312, 0.06931, 0.0, 0.0, 0.0, 0.0, 1.0],
                [0.239294, -0.194482, 0.95127, 0.0, -0.577556, 0.759044, 0.300467, 0.39386, -0.780492, -0.621312, 0.06931, -0.0, 0.0, 0.0, 0.0, 1.0],
                [0.239294, -0.194482, 0.95127, 0.0, -0.577556, 0.759044, 0.300467, 0.39386, -0.780492, -0.621312, 0.06931, 0.0, 0.0, 0.0, 0.0, 1.0],
                [0.239294, -0.194482, 0.95127, 0.0, -0.577556, 0.759044, 0.300467, 0.39386, -0.780492, -0.621312, 0.06931, -0.0, 0.0, 0.0, 0.0, 1.0],
                [0.239294, -0.194482, 0.95127, 0.0, -0.577556, 0.759044, 0.300467, 0.39386, -0.780492, -0.621312, 0.06931, -0.0, 0.0, 0.0, 0.0, 1.0]
            ]
        },
        {
            "name": "Hand_L",
            "time": [0.0, 0.1833, 0.3, 0.5, 0.8333, 1.0667, 1.3333],
            "transform": [
                [0.99991, 0.013312, -0.001888, 0.0, -0.012582, 0.876974, -0.480373, 0.3, -0.004739, 0.480353, 0.877063, -0.0, 0.0, 0.0, 0.0, 1.0],
                [0.99991, 0.013312, -0.001888, 0.0, -0.012582, 0.876974, -0.480373, 0.3, -0.004739, 0.480353, 0.877063, 0.0, 0.0, 0.0, 0.0, 1.0],
                [0.99991, 0.013312, -0.001888, 0.0, -0.012582, 0.876974, -0.480373, 0.3, -0.004739, 0.480353, 0.877063, 0.0, 0.0, 0.0, 0.0, 1.0],
                [0.99991, 0.013312, -0.001888, -0.0, -0.012582, 0.876974, -0.480373, 0.3, -0.004739, 0.480353, 0.877063, 0.0, 0.0, 0.0, 0.0, 1.0],
                [0.99991, 0.013312, -0.001888, 0.0, -0.012582, 0.876974, -0.480373, 0.3, -0.004739, 0.480353, 0.877063, 0.0, 0.0, 0.0, 0.0, 1.0],
                [0.99991, 0.013312, -0.001888, 0.0, -0.012582, 0.876974, -0.480373, 0.3, -0.004739, 0.480353, 0.877063, -0.0, 0.0, 0.0, 0.0, 1.0],
                [0.99991, 0.013312, -0.001888, 0.0, -0.012582, 0.876974, -0.480373, 0.3, -0.004739, 0.480353, 0.877063, -0.0, 0.0, 0.0, 0.0, 1.0]
            ]
        },
        {
            "name": "Tool_L",
            "time": [0.0, 0.1833, 0.3, 0.5, 0.8333, 1.0667, 1.3333],
            "transform": [
                [0.99711, 0.043861, -0.062033, -0.012677, 0.036135, -0.992043, -0.1206, 0.208813, -0.066789, 0.11793, -0.99018, 0.160811, 0.0, 0.0, 0.0, 1.0],
                [0.99711, 0.043861, -0.062033, -0.012677, 0.036135, -0.992043, -0.1206, 0.208813, -0.066789, 0.11793, -0.99018, 0.160811, 0.0, 0.0, 0.0, 1.0],
                [0.99711, 0.043861, -0.062033, -0.012677, 0.036135, -0.992043, -0.1206, 0.208813, -0.066789, 0.11793, -0.99018, 0.160811, 0.0, 0.0, 0.0, 1.0],
                [0.99711, 0.043861, -0.062033, -0.012677, 0.036135, -0.992043, -0.1206, 0.208813, -0.066789, 0.11793, -0.99018, 0.160811, 0.0, 0.0, 0.0, 1.0],
                [0.99711, 0.043861, -0.062033, -0.012677, 0.036135, -0.992043, -0.1206, 0.208813, -0.066789, 0.11793, -0.99018, 0.160811, 0.0, 0.0, 0.0, 1.0],
                [0.99711, 0.043861, -0.062033, -0.012677, 0.036135, -0.992043, -0.1206, 0.208813, -0.066789, 0.11793, -0.99018, 0.160811, 0.0, 0.0, 0.0, 1.0],
                [0.99711, 0.043861, -0.062033, -0.012677, 0.036135, -0.992043, -0.1206, 0.208813, -0.066789, 0.11793, -0.99018, 0.160811, 0.0, 0.0, 0.0, 1.0]
            ]
        },
        {
            "name": "Elbow_L",
            "time": [0.0, 0.1833, 0.3, 0.5, 0.8333, 1.0667, 1.3333],
            "transform": [
                [-0.998967, -0.043093, -0.01444, -4.9e-05, 0.028309, -0.34145, -0.939473, 0.367197, 0.035554, -0.938911, 0.342317, -0.015902, 0.0, 0.0, 0.0, 1.0],
                [-0.998967, -0.043093, -0.01444, -4.9e-05, 0.028309, -0.34145, -0.939473, 0.367197, 0.035554, -0.938912, 0.342317, -0.015902, 0.0, 0.0, 0.0, 1.0],
                [-0.998967, -0.043093, -0.01444, -4.9e-05, 0.028309, -0.34145, -0.939473, 0.367197, 0.035554, -0.938912, 0.342317, -0.015902, 0.0, 0.0, 0.0, 1.0],
                [-0.998967, -0.043093, -0.01444, -4.9e-05, 0.028309, -0.34145, -0.939473, 0.367197, 0.035554, -0.938911, 0.342317, -0.015902, 0.0, 0.0, 0.0, 1.0],
                [-0.998967, -0.043093, -0.01444, -4.9e-05, 0.028309, -0.34145, -0.939473, 0.367197, 0.035554, -0.938911, 0.342317, -0.015902, 0.0, 0.0, 0.0, 1.0],
                [-0.998967, -0.043093, -0.01444, -4.9e-05, 0.028309, -0.34145, -0.939473, 0.367197, 0.035554, -0.938911, 0.342317, -0.015902, 0.0, 0.0, 0.0, 1.0],
                [-0.998967, -0.043093, -0.01444, -4.9e-05, 0.028309, -0.34145, -0.939473, 0.367197, 0.035554, -0.938911, 0.342317, -0.015902, 0.0, 0.0, 0.0, 1.0]
            ]
        }
    ]
}