{
    "animation": [
        {
            "name": "Root",
            "time": [0.0, 0.3833, 0.5, 0.5667, 0.6833, 0.8167, 0.9667, 1.2167],
            "transform": [
                [0.854689, 0.0, -0.51914, -5e-06, -0.51914, 0.0, -0.854689, 0.000946, 0.0, 1.0, 0.0, 0.777146, 0.0, 0.0, 0.0, 1.0],
                [0.958551, 0.0, 0.284921, -5e-06, 0.277144, 0.232051, -0.932386, 0.498409, -0.066116, 0.972704, 0.222432, 0.682574, 0.0, 0.0, 0.0, 1.0],
                [0.958551, 0.0, 0.284921, 0.002798, 0.277144, 0.232051, -0.932386, 0.501872, -0.066116, 0.972704, 0.222432, 0.641748, 0.0, 0.0, 0.0, 1.0],
                [0.96883, 0.011902, 0.24744, -0.008887, 0.247725, -0.043349, -0.96786, 0.499194, -0.000793, 0.998989, -0.044946, 0.742014, 0.0, 0.0, 0.0, 1.0],
                [0.811102, 0.182228, -0.555794, 0.002798, -0.581156, 0.143668, -0.80101, 1.109989, -0.066116, 0.972704, 0.222432, 0.641748, 0.0, 0.0, 0.0, 1.0],
                [0.651357, 0.213159, -0.728215, 0.002798, -0.756085, 0.101657, -0.64653, 1.274477, -0.063786, 0.971715, 0.227381, 0.555354, 0.0, 0.0, 0.0, 1.0],
                [0.619793, 0.214735, -0.754815, 0.002798, -0.781976, 0.087956, -0.617072, 1.303664, -0.066116, 0.972704, 0.222432, 0.641748, 0.0, 0.0, 0.0, 1.0],
                [0.619793, 0.214735, -0.754815, 0.002798, -0.781976, 0.087956, -0.617072, 1.303664, -0.066116, 0.972704, 0.222432, 0.641748, 0.0, 0.0, 0.0, 1.0]
            ]
        },
        {
            "name": "Thigh_R",
            "time": [0.0, 0.25, 0.3833, 0.5, 0.5667, 0.6833, 0.8167, 0.9667, 1.2167],
            "transform": [
                [0.996122, 0.059171, -0.065101, 0.124994, 0.068868, -0.984949, 0.158519, -0.002831, -0.054742, -0.162387, -0.985208, -1.2e-05, 0.0, 0.0, 0.0, 1.0],
                [0.954085, 0.253498, 0.159559, 0.124994, 0.059603, -0.682708, 0.728255, -0.002831, 0.293544, -0.685305, -0.666474, -1.2e-05, 0.0, 0.0, 0.0, 1.0],
                [0.954085, 0.253498, 0.159559, 0.124994, 0.059603, -0.682708, 0.728255, -0.002831, 0.293544, -0.685305, -0.666474, -1.2e-05, 0.0, 0.0, 0.0, 1.0],
                [0.954085, 0.276507, 0.11517, 0.124994, 0.059603, -0.552063, 0.831668, -0.002831, 0.293544, -0.786616, -0.543198, -1.2e-05, 0.0, 0.0, 0.0, 1.0],
                [0.954085, 0.276507, 0.115171, 0.124994, 0.059603, -0.552063, 0.831668, -0.002831, 0.293544, -0.786616, -0.543198, -1.2e-05, 0.0, 0.0, 0.0, 1.0],
                [0.735477, 0.364479, -0.571163, 0.124994, 0.339266, -0.927798, -0.155195, -0.002831, -0.58649, -0.079634, -0.806032, -1.2e-05, 0.0, 0.0, 0.0, 1.0],
                [0.575393, 0.543105, -0.611521, 0.124994, 0.396908, -0.839169, -0.371828, -0.002831, -0.715113, -0.02877, -0.698417, -1.2e-05, 0.0, 0.0, 0.0, 1.0],
                [0.539048, 0.427519, -0.72571, 0.124994, 0.419144, -0.883501, -0.209142, -0.002831, -0.730579, -0.191439, -0.655443, -1.2e-05, 0.0, 0.0, 0.0, 1.0],
                [0.539048, 0.427519, -0.72571, 0.124994, 0.419144, -0.883501, -0.209142, -0.002831, -0.730579, -0.191439, -0.655443, -1.2e-05, 0.0, 0.0, 0.0, 1.0]
            ]
        },
        {
            "name": "Leg_R",
            "time": [0.0, 0.25, 0.3833, 0.5667, 0.6833, 0.9667, 1.2167],
            "transform": [
                [0.998294, -0.058382, 2e-06, 0.0, 0.058095, 0.993385, 0.099059, 0.37472, -0.005785, -0.09889, 0.995081, 0.0, 0.0, 0.0, 0.0, 1.0],
                [0.998294, -0.043815, -0.038583, 0.0, 0.058094, 0.680041, 0.730868, 0.37472, -0.005785, -0.731865, 0.681426, -0.0, 0.0, 0.0, 0.0, 1.0],
                [0.998294, -0.043815, -0.038583, 0.0, 0.058094, 0.680041, 0.730869, 0.37472, -0.005785, -0.731864, 0.681426, -0.0, 0.0, 0.0, 0.0, 1.0],
                [0.998294, -0.043815, -0.038583, -0.0, 0.058094, 0.680041, 0.730869, 0.37472, -0.005785, -0.731865, 0.681426, -0.0, 0.0, 0.0, 0.0, 1.0],
                [0.998294, -0.056221, -0.015735, 0.0, 0.058094, 0.929914, 0.36316, 0.37472, -0.005785, -0.363456, 0.931593, -0.0, 0.0, 0.0, 0.0, 1.0],
                [0.998294, -0.055079, -0.019358, 0.0, 0.058094, 0.904329, 0.422866, 0.37472, -0.005785, -0.42327, 0.905984, -0.0, 0.0, 0.0, 0.0, 1.0],
                [0.998294, -0.055079, -0.019358, 0.0, 0.058094, 0.904329, 0.422866, 0.37472, -0.005785, -0.42327, 0.905984, -0.0, 0.0, 0.0, 0.0, 1.0]
            ]
        },
        {
            "name": "Knee_R",
            "time": [0.0, 0.25, 0.3833, 0.5667, 0.6833, 0.9667, 1.2167],
            "transform": [
                [1.0, 0.0, -0.0, 0.0, -0.0, 1e-06, -1.0, 0.37472, -0.0, 1.0, 1e-06, 0.0, 0.0, 0.0, 0.0, 1.0],
                [1.0, 0.0, -0.0, 0.0, -0.0, 1e-06, -1.0, 0.37472, -0.0, 1.0, 1e-06, -0.0, 0.0, 0.0, 0.0, 1.0],
                [1.0, 0.0, -0.0, 0.0, -0.0, 1e-06, -1.0, 0.37472, -0.0, 1.0, 1e-06, -0.0, 0.0, 0.0, 0.0, 1.0],
                [1.0, 0.0, -0.0, -0.0, -0.0, 1e-06, -1.0, 0.37472, -0.0, 1.0, 1e-06, -0.0, 0.0, 0.0, 0.0, 1.0],
                [1.0, 0.0, -0.0, 0.0, -0.0, 1e-06, -1.0, 0.37472, -0.0, 1.0, 1e-06, -0.0, 0.0, 0.0, 0.0, 1.0],
                [1.0, 0.0, -0.0, 0.0, -0.0, 1e-06, -1.0, 0.37472, -0.0, 1.0, 1e-06, -0.0, 0.0, 0.0, 0.0, 1.0],
                [1.0, 0.0, -0.0, 0.0, -0.0, 1e-06, -1.0, 0.37472, -0.0, 1.0, 1e-06, -0.0, 0.0, 0.0, 0.0, 1.0]
            ]
        },
        {
            "name": "Thigh_L",
            "time": [0.0, 0.25, 0.3833, 0.5, 0.5667, 0.6833, 0.8167, 0.9667, 1.2167],
            "transform": [
                [0.862919, -0.112698, -0.492614, -0.109662, -0.086164, -0.993353, 0.07632, -0.002831, -0.497941, -0.023412, -0.866894, 0.02525, 0.0, 0.0, 0.0, 1.0],
                [0.863719, -0.146692, -0.482152, -0.109662, -0.186737, -0.981756, -0.035825, -0.002831, -0.4681, 0.120979, -0.875355, 0.02525, 0.0, 0.0, 0.0, 1.0],
                [0.863719, -0.146692, -0.482152, -0.109662, -0.186737, -0.981756, -0.035825, -0.002831, -0.4681, 0.120979, -0.875355, 0.02525, 0.0, 0.0, 0.0, 1.0],
                [0.863821, -0.167585, -0.475107, -0.109662, -0.247179, -0.962725, -0.10983, -0.002831, -0.438992, 0.212311, -0.873046, 0.02525, 0.0, 0.0, 0.0, 1.0],
                [0.863821, -0.167585, -0.475107, -0.109662, -0.247179, -0.962725, -0.10983, -0.002831, -0.438992, 0.212311, -0.873046, 0.02525, 0.0, 0.0, 0.0, 1.0],
                [0.609762, -0.707334, -0.357586, -0.109662, 0.204112, -0.295807, 0.933185, -0.002831, -0.765851, -0.642009, -0.035997, 0.02525, 0.0, 0.0, 0.0, 1.0],
                [0.534309, -0.723973, -0.436321, -0.109662, 0.221941, -0.377915, 0.898845, -0.002831, -0.815632, -0.577098, -0.041245, 0.02525, 0.0, 0.0, 0.0, 1.0],
                [0.538484, -0.54435, -0.643209, -0.109662, 0.180967, -0.67081, 0.71921, -0.002831, -0.822973, -0.503683, -0.262711, 0.02525, 0.0, 0.0, 0.0, 1.0],
                [0.538484, -0.54435, -0.643209, -0.109662, 0.180967, -0.67081, 0.71921, -0.002831, -0.822973, -0.503683, -0.262711, 0.02525, 0.0, 0.0, 0.0, 1.0]
            ]
        },
        {
            "name": "Leg_L",
            "time": [0.0, 0.25, 0.3833, 0.5667, 0.6833, 0.9667, 1.2167],
            "transform": [
                [0.997933, 0.06405, 0.005302, 0.0, -0.064028, 0.997939, -0.004292, 0.37472, -0.005566, 0.003944, 0.999977, 0.0, 0.0, 0.0, 0.0, 1.0],
                [0.997933, 0.062205, 0.016157, 0.0, -0.064028, 0.984027, 0.166102, 0.37472, -0.005566, -0.166793, 0.985977, 0.0, 0.0, 0.0, 0.0, 1.0],
                [0.997933, 0.062205, 0.016157, 0.0, -0.064028, 0.984027, 0.166102, 0.37472, -0.005566, -0.166793, 0.985977, -0.0, 0.0, 0.0, 0.0, 1.0],
                [0.997933, 0.062205, 0.016157, -0.0, -0.064028, 0.984028, 0.166102, 0.37472, -0.005566, -0.166793, 0.985977, -0.0, 0.0, 0.0, 0.0, 1.0],
                [0.997933, 0.017679, 0.06179, 0.0, -0.064028, 0.356745, 0.932006, 0.37472, -0.005567, -0.934034, 0.357139, -0.0, 0.0, 0.0, 0.0, 1.0],
                [0.997933, 0.038913, 0.05115, -0.0, -0.064028, 0.670884, 0.738793, 0.37472, -0.005567, -0.74054, 0.671989, 0.0, 0.0, 0.0, 0.0, 1.0],
                [0.997933, 0.038913, 0.05115, -0.0, -0.064028, 0.670884, 0.738793, 0.37472, -0.005567, -0.74054, 0.671989, 0.0, 0.0, 0.0, 0.0, 1.0]
            ]
        },
        {
            "name": "Knee_L",
            "time": [0.0, 0.25, 0.3833, 0.5667, 0.6833, 0.9667, 1.2167],
            "transform": [
                [1.0, 0.0, -0.0, 0.0, -0.0, 1e-06, -1.0, 0.37472, -0.0, 1.0, 1e-06, 0.0, 0.0, 0.0, 0.0, 1.0],
                [1.0, 0.0, -0.0, 0.0, -0.0, 1e-06, -1.0, 0.37472, -0.0, 1.0, 1e-06, 0.0, 0.0, 0.0, 0.0, 1.0],
                [1.0, 0.0, -0.0, 0.0, -0.0, 1e-06, -1.0, 0.37472, -0.0, 1.0, 1e-06, -0.0, 0.0, 0.0, 0.0, 1.0],
                [1.0, 0.0, -0.0, -0.0, -0.0, 1e-06, -1.0, 0.37472, -0.0, 1.0, 1e-06, -0.0, 0.0, 0.0, 0.0, 1.0],
                [1.0, 0.0, -0.0, 0.0, -0.0, 0.479305, -0.877648, 0.37472, -0.0, 0.877648, 0.479305, -0.0, 0.0, 0.0, 0.0, 1.0],
                [1.0, 0.0, -0.0, -0.0, -0.0, 1e-06, -1.0, 0.37472, -0.0, 1.0, 1e-06, 0.0, 0.0, 0.0, 0.0, 1.0],
                [1.0, 0.0, -0.0, -0.0, -0.0, 1e-06, -1.0, 0.37472, -0.0, 1.0, 1e-06, 0.0, 0.0, 0.0, 0.0, 1.0]
            ]
        },
        {
            "name": "Torso",
            "time": [0.0, 0.25, 0.3833, 0.5, 0.5667, 0.6833, 0.9667, 1.2167],
            "transform": [
                [0.965662, -0.025127, 0.258583, -0.0, 0.020968, 0.999603, 0.018828, 0.05, -0.258953, -0.012759, 0.965806, 0.0, 0.0, 0.0, 0.0, 1.0],
                [0.965662, -0.025127, 0.258583, 0.0, 0.020968, 0.999603, 0.018828, 0.05, -0.258953, -0.012759, 0.965806, -0.0, 0.0, 0.0, 0.0, 1.0],
                [0.965662, -0.025127, 0.258583, -0.0, 0.020968, 0.999603, 0.018828, 0.05, -0.258953, -0.012759, 0.965806, 0.0, 0.0, 0.0, 0.0, 1.0],
                [0.764729, -0.055522, 0.641955, -0.0, 0.12593, 0.989947, -0.064396, 0.05, -0.631926, 0.130087, 0.764033, -0.0, 0.0, 0.0, 0.0, 1.0],
                [0.771483, -0.067001, 0.632713, -0.0, 0.198596, 0.970114, -0.139423, 0.05, -0.604462, 0.233216, 0.761732, -0.0, 0.0, 0.0, 0.0, 1.0],
                [0.582414, -0.068007, 0.810042, 0.0, 0.231419, 0.969131, -0.085025, 0.05, -0.779255, 0.236979, 0.580174, 0.0, 0.0, 0.0, 0.0, 1.0],
                [0.929021, -0.067001, 0.363909, 0.0, 0.14591, 0.970114, -0.193879, 0.05, -0.340043, 0.233216, 0.911033, 0.0, 0.0, 0.0, 0.0, 1.0],
                [0.929021, -0.067001, 0.363909, 0.0, 0.14591, 0.970114, -0.193879, 0.05, -0.340043, 0.233216, 0.911033, 0.0, 0.0, 0.0, 0.0, 1.0]
            ]
        },
        {
            "name": "Chest",
            "time": [0.0, 0.25, 0.3833, 0.5, 0.5667, 0.6833, 0.8167, 0.9667, 1.2167],
            "transform": [
                [0.997431, -0.023894, 0.067533, -0.0, 0.022738, 0.999582, 0.017843, 0.3, -0.067931, -0.016261, 0.997558, -0.0, 0.0, 0.0, 0.0, 1.0],
                [0.918473, -0.084724, 0.386303, 0.0, 0.015527, 0.983755, 0.17884, 0.3, -0.39518, -0.158262, 0.904868, -0.0, 0.0, 0.0, 0.0, 1.0],
                [0.918473, -0.084724, 0.386303, -0.0, 0.015527, 0.983755, 0.178841, 0.3, -0.39518, -0.158262, 0.904868, 0.0, 0.0, 0.0, 0.0, 1.0],
                [0.779787, -0.073238, 0.621747, -0.0, 0.173009, 0.979667, -0.101587, 0.3, -0.601665, 0.186784, 0.776603, 0.0, 0.0, 0.0, 0.0, 1.0],
                [0.773932, -0.120256, 0.621747, -0.0, 0.231931, 0.967413, -0.101587, 0.3, -0.589269, 0.222823, 0.776603, -0.0, 0.0, 0.0, 0.0, 1.0],
                [0.666056, -0.211579, 0.715265, -0.0, -0.197056, 0.874945, 0.442312, 0.3, -0.719402, -0.435552, 0.541069, 0.0, 0.0, 0.0, 0.0, 1.0],
                [0.880408, -0.200156, 0.429906, 0.0, -0.016452, 0.893122, 0.449513, 0.3, -0.473931, -0.402827, 0.78302, 0.0, 0.0, 0.0, 0.0, 1.0],
                [0.986845, -0.155737, 0.043394, -0.0, 0.14517, 0.971746, 0.186107, 0.3, -0.071152, -0.17736, 0.981571, -0.0, 0.0, 0.0, 0.0, 1.0],
                [0.986845, -0.155737, 0.043394, -0.0, 0.14517, 0.971746, 0.186107, 0.3, -0.071152, -0.17736, 0.981571, -0.0, 0.0, 0.0, 0.0, 1.0]
            ]
        },
        {
            "name": "Head",
            "time": [0.0, 0.25, 0.3833, 0.5667, 0.6333, 0.6833, 0.8167, 0.9667, 1.2167],
            "transform": [
                [0.989016, 0.03176, 0.144357, 0.0, -0.026637, 0.99895, -0.037285, 0.4, -0.145389, 0.033031, 0.988823, -0.0, 0.0, 0.0, 0.0, 1.0],
                [0.989016, 0.03176, 0.144357, 0.0, -0.026637, 0.99895, -0.037285, 0.4, -0.145389, 0.033031, 0.988823, 0.0, 0.0, 0.0, 0.0, 1.0],
                [0.989016, 0.03176, 0.144357, 0.0, -0.026637, 0.998949, -0.037285, 0.4, -0.145389, 0.033031, 0.988823, 0.0, 0.0, 0.0, 0.0, 1.0],
                [0.201668, 0.03176, -0.978939, -0.0, -0.038772, 0.99895, 0.024422, 0.4, 0.978686, 0.033031, 0.202687, 0.0, 0.0, 0.0, 0.0, 1.0],
                [0.16929, 0.03176, -0.985054, -0.0, -0.037946, 0.99895, 0.025687, 0.4, 0.984836, 0.033031, 0.170318, 0.0, 0.0, 0.0, 0.0, 1.0],
                [0.380047, 0.03176, -0.924422, -0.0, -0.042635, 0.99895, 0.016792, 0.4, 0.923984, 0.033031, 0.381002, 0.0, 0.0, 0.0, 0.0, 1.0],
                [0.975082, 0.048574, -0.216464, -0.0, -0.039065, 0.998083, 0.047997, 0.4, 0.21838, -0.038345, 0.97511, -0.0, 0.0, 0.0, 0.0, 1.0],
                [0.892872, 0.03176, 0.449189, 0.0, -0.013504, 0.99895, -0.043788, 0.4, -0.450108, 0.033031, 0.892363, 0.0, 0.0, 0.0, 0.0, 1.0],
                [0.892872, 0.03176, 0.449189, 0.0, -0.013504, 0.99895, -0.043788, 0.4, -0.450108, 0.033031, 0.892363, 0.0, 0.0, 0.0, 0.0, 1.0]
            ]
        },
        {
            "name": "Shoulder_R",
            "time": [0.0, 0.25, 0.3833, 0.5, 0.5667, 0.6833, 0.9667, 1.2167],
            "transform": [
                [-0.059544, 0.923942, 0.37787, 0.0, -0.044266, -0.380613, 0.923674, 0.4, 0.997244, 0.038273, 0.063562, -0.0, 0.0, 0.0, 0.0, 1.0],
                [0.083585, 0.922078, 0.37787, 0.0, -0.102405, -0.369241, 0.923674, 0.4, 0.991225, -0.115901, 0.063562, 0.0, 0.0, 0.0, 0.0, 1.0],
                [0.083585, 0.922078, 0.37787, 0.0, -0.102405, -0.369241, 0.923674, 0.4, 0.991225, -0.115901, 0.063562, 0.0, 0.0, 0.0, 0.0, 1.0],
                [0.206568, 0.902521, 0.37787, 0.0, -0.151029, -0.352159, 0.923674, 0.4, 0.966705, -0.247871, 0.063562, -0.0, 0.0, 0.0, 0.0, 1.0],
                [0.206568, 0.902521, 0.37787, -0.0, -0.151029, -0.352159, 0.923674, 0.4, 0.966705, -0.247871, 0.063562, 0.0, 0.0, 0.0, 0.0, 1.0],
                [-0.187225, 0.906731, 0.37787, -0.0, 0.008998, -0.383073, 0.923674, 0.4, 0.982275, 0.176335, 0.063562, 0.0, 0.0, 0.0, 0.0, 1.0],
                [-0.308058, 0.873106, 0.37787, 0.0, 0.06069, -0.378342, 0.923674, 0.4, 0.94943, 0.307478, 0.063562, 0.0, 0.0, 0.0, 0.0, 1.0],
                [-0.308058, 0.873106, 0.37787, 0.0, 0.06069, -0.378342, 0.923674, 0.4, 0.94943, 0.307478, 0.063562, 0.0, 0.0, 0.0, 0.0, 1.0]
            ]
        },
        {
            "name": "Arm_R",
            "time": [0.0, 0.25, 0.3833, 0.5, 0.5667, 0.6333, 0.6833, 0.9667, 1.2167],
            "transform": [
                [0.047157, 0.061432, -0.996997, 0.0, 0.871616, 0.485004, 0.071111, 0.39386, 0.487916, -0.872351, -0.030674, -0.0, 0.0, 0.0, 0.0, 1.0],
                [-0.345965, -0.934451, 0.084318, -0.0, -0.819292, 0.257084, -0.512512, 0.39386, 0.457241, -0.246392, -0.85453, -0.0, 0.0, 0.0, 0.0, 1.0],
                [-0.345965, -0.934451, 0.084318, 0.0, -0.819292, 0.257084, -0.512512, 0.39386, 0.457241, -0.246392, -0.85453, -0.0, 0.0, 0.0, 0.0, 1.0],
                [0.732406, -0.588403, -0.342583, -0.0, -0.329739, 0.133686, -0.934559, 0.39386, 0.595696, 0.797439, -0.096107, 0.0, 0.0, 0.0, 0.0, 1.0],
                [0.732406, -0.617775, -0.286243, -0.0, -0.329739, 0.045988, -0.942951, 0.39386, 0.595696, 0.785009, -0.170023, 0.0, 0.0, 0.0, 0.0, 1.0],
                [0.991799, -0.100669, 0.078737, 0.0, 0.125711, 0.879456, -0.45908, 0.393861, -0.023031, 0.465213, 0.884899, -0.0, 0.0, 0.0, 0.0, 1.0],
                [0.713969, -0.530124, -0.457403, -0.0, 0.696906, 0.474966, 0.537335, 0.393861, -0.067603, -0.702407, 0.708557, 0.0, 0.0, 0.0, 0.0, 1.0],
                [-0.385428, 0.219962, -0.896137, 0.0, 0.547693, 0.836129, -0.03033, 0.39386, 0.742615, -0.502499, -0.442739, 0.0, 0.0, 0.0, 0.0, 1.0],
                [-0.385428, 0.219962, -0.896137, 0.0, 0.547693, 0.836129, -0.03033, 0.39386, 0.742615, -0.502499, -0.442739, 0.0, 0.0, 0.0, 0.0, 1.0]
            ]
        },
        {
            "name": "Hand_R",
            "time": [0.0, 0.25, 0.3833, 0.5667, 0.6833, 0.9667, 1.2167],
            "transform": [
                [0.999599, -0.02151, -0.018414, -0.0, 0.023395, 0.993747, 0.109175, 0.3, 0.015951, -0.109562, 0.993852, 0.0, 0.0, 0.0, 0.0, 1.0],
                [0.999599, -0.02646, -0.010081, -0.0, 0.023395, 0.972346, -0.232372, 0.3, 0.015951, 0.232043, 0.972575, 0.0, 0.0, 0.0, 0.0, 1.0],
                [0.999599, -0.02646, -0.010081, -0.0, 0.023395, 0.972346, -0.232373, 0.3, 0.015951, 0.232043, 0.972575, 0.0, 0.0, 0.0, 0.0, 1.0],
                [0.999599, -0.02646, -0.010081, 0.0, 0.023395, 0.972345, -0.232372, 0.3, 0.015951, 0.232043, 0.972575, -0.0, 0.0, 0.0, 0.0, 1.0],
                [0.999599, -0.022174, -0.017609, -0.0, 0.023395, 0.997097, 0.072458, 0.3, 0.015951, -0.072841, 0.997216, -0.0, 0.0, 0.0, 0.0, 1.0],
                [0.999599, -0.023129, -0.016333, -0.0, 0.023395, 0.999595, 0.016246, 0.3, 0.015951, -0.016621, 0.999735, -0.0, 0.0, 0.0, 0.0, 1.0],
                [0.999599, -0.023129, -0.016333, -0.0, 0.023395, 0.999595, 0.016246, 0.3, 0.015951, -0.016621, 0.999735, -0.0, 0.0, 0.0, 0.0, 1.0]
            ]
        },
        {
            "name": "Tool_R",
            "time": [0.0, 0.25, 0.3833, 0.5, 0.5667, 0.6833, 0.9667, 1.2167],
            "transform": [
                [0.997429, 0.007601, -0.071259, -0.00809, 0.011127, -0.998726, 0.049225, 0.281539, -0.070752, -0.049873, -0.995652, 0.098466, 0.0, 0.0, 0.0, 1.0],
                [0.607007, 0.783937, -0.130334, 0.003847, 0.793456, -0.607015, 0.044286, 0.234986, -0.044362, -0.130226, -0.989894, 0.156876, 0.0, 0.0, 0.0, 1.0],
                [0.607007, 0.783936, -0.130334, 0.003847, 0.793456, -0.607015, 0.044286, 0.234986, -0.044362, -0.130226, -0.989894, 0.156876, 0.0, 0.0, 0.0, 1.0],
                [0.928453, -0.347822, -0.130366, 0.003847, -0.345028, -0.937553, 0.044174, 0.234986, -0.137512, 0.003954, -0.989895, 0.156876, 0.0, 0.0, 0.0, 1.0],
                [0.928453, -0.347822, -0.130366, 0.003847, -0.345028, -0.937553, 0.044174, 0.234986, -0.137512, 0.003954, -0.989895, 0.156876, 0.0, 0.0, 0.0, 1.0],
                [0.988874, -0.054422, -0.138447, 0.003847, -0.084547, -0.971363, -0.222052, 0.234986, -0.122326, 0.23114, -0.964586, 0.156876, 0.0, 0.0, 0.0, 1.0],
                [0.991452, 0.039914, -0.124215, 0.003847, 0.00033, -0.952821, -0.303535, 0.234986, -0.130393, 0.300711, -0.944133, 0.156876, 0.0, 0.0, 0.0, 1.0],
                [0.991452, 0.039914, -0.124215, 0.003847, 0.00033, -0.952821, -0.303535, 0.234986, -0.130393, 0.300711, -0.944133, 0.156876, 0.0, 0.0, 0.0, 1.0]
            ]
        },
        {
            "name": "Elbow_R",
            "time": [0.0, 0.25, 0.3833, 0.5667, 0.6833, 0.9667, 1.2167],
            "transform": [
                [-1.0, 0.0, -0.0, -0.0, 0.0, -0.0, -1.0, 0.3, -0.0, -1.0, 0.0, 0.0, 0.0, 0.0, 0.0, 1.0],
                [-1.0, 0.0, 0.0, -0.0, 0.0, 0.0, -1.0, 0.3, -0.0, -1.0, 0.0, 0.0, 0.0, 0.0, 0.0, 1.0],
                [-1.0, 0.0, 0.0, -0.0, -0.0, -0.0, -1.0, 0.3, -0.0, -1.0, 0.0, 0.0, 0.0, 0.0, 0.0, 1.0],
                [-1.0, 0.0, -0.0, 0.0, 0.0, -0.0, -1.0, 0.3, -0.0, -1.0, 0.0, -0.0, 0.0, 0.0, 0.0, 1.0],
                [-1.0, 0.0, -0.0, -0.0, 0.0, -0.0, -1.0, 0.3, -0.0, -1.0, 0.0, -0.0, 0.0, 0.0, 0.0, 1.0],
                [-1.0, 0.0, -0.0, -0.0, 0.0, -0.0, -1.0, 0.3, -0.0, -1.0, 0.0, -0.0, 0.0, 0.0, 0.0, 1.0],
                [-1.0, 0.0, -0.0, -0.0, 0.0, -0.0, -1.0, 0.3, -0.0, -1.0, 0.0, -0.0, 0.0, 0.0, 0.0, 1.0]
            ]
        },
        {
            "name": "Shoulder_L",
            "time": [0.0, 0.25, 0.3833, 0.5667, 0.6833, 0.9667, 1.2167],
            "transform": [
                [-0.007939, -0.952498, -0.304441, 0.0, -0.088921, -0.302572, 0.94897, 0.4, -0.996007, 0.034605, -0.082295, -0.0, 0.0, 0.0, 0.0, 1.0],
                [0.459535, -0.834352, -0.304441, 0.0, 0.070647, -0.307353, 0.94897, 0.4, -0.885345, -0.457592, -0.082295, 0.0, 0.0, 0.0, 0.0, 1.0],
                [0.459535, -0.834352, -0.304441, 0.0, 0.070647, -0.307353, 0.948969, 0.4, -0.885345, -0.457592, -0.082295, 0.0, 0.0, 0.0, 0.0, 1.0],
                [0.459535, -0.834352, -0.304441, -0.0, 0.070647, -0.307353, 0.94897, 0.4, -0.885346, -0.457592, -0.082295, 0.0, 0.0, 0.0, 0.0, 1.0],
                [0.459535, -0.834352, -0.304441, -0.0, 0.070647, -0.307353, 0.94897, 0.4, -0.885345, -0.457592, -0.082295, 0.0, 0.0, 0.0, 0.0, 1.0],
                [0.459535, -0.834352, -0.304441, 0.0, 0.070647, -0.307353, 0.948969, 0.4, -0.885345, -0.457592, -0.082295, 0.0, 0.0, 0.0, 0.0, 1.0],
                [0.459535, -0.834352, -0.304441, 0.0, 0.070647, -0.307353, 0.948969, 0.4, -0.885345, -0.457592, -0.082295, 0.0, 0.0, 0.0, 0.0, 1.0]
            ]
        },
        {
            "name": "Arm_L",
            "time": [0.0, 0.25, 0.3833, 0.5667, 0.6833, 0.9667, 1.2167],
            "transform": [
                [0.2326, 0.015173, 0.972454, 0.0, -0.875693, 0.438302, 0.202617, 0.39386, -0.423154, -0.8987, 0.115236, -0.0, 0.0, 0.0, 0.0, 1.0],
                [-0.556063, -0.112225, 0.823528, -0.0, -0.755609, 0.480972, -0.444659, 0.39386, -0.346193, -0.869523, -0.35225, 0.0, 0.0, 0.0, 0.0, 1.0],
                [-0.556063, -0.112225, 0.823528, 0.0, -0.755608, 0.480972, -0.444659, 0.39386, -0.346193, -0.869523, -0.35225, 0.0, 0.0, 0.0, 0.0, 1.0],
                [-0.559069, -0.09614, 0.823528, -0.0, -0.741421, 0.502567, -0.444659, 0.39386, -0.371128, -0.859176, -0.35225, 0.0, 0.0, 0.0, 0.0, 1.0],
                [0.0879, -0.087508, 0.992278, -0.0, -0.869796, 0.478779, 0.119273, 0.39386, -0.48552, -0.873563, -0.03403, 0.0, 0.0, 0.0, 0.0, 1.0],
                [0.296575, -0.084426, 0.95127, -0.0, -0.829969, 0.469969, 0.300467, 0.39386, -0.472435, -0.878636, 0.06931, 0.0, 0.0, 0.0, 0.0, 1.0],
                [0.296575, -0.084426, 0.95127, -0.0, -0.829969, 0.469969, 0.300467, 0.39386, -0.472435, -0.878636, 0.06931, 0.0, 0.0, 0.0, 0.0, 1.0]
            ]
        },
        {
            "name": "Hand_L",
            "time": [0.0, 0.25, 0.3833, 0.5667, 0.6833, 0.9667, 1.2167],
            "transform": [
                [0.99991, 0.012501, 0.004949, -0.0, -0.012582, 0.999782, 0.01669, 0.3, -0.004739, -0.016751, 0.999849, -0.0, 0.0, 0.0, 0.0, 1.0],
                [0.99991, 0.013312, -0.001888, -0.0, -0.012582, 0.876974, -0.480373, 0.3, -0.004739, 0.480353, 0.877062, -0.0, 0.0, 0.0, 0.0, 1.0],
                [0.99991, 0.013312, -0.001888, -0.0, -0.012582, 0.876974, -0.480373, 0.3, -0.004739, 0.480353, 0.877063, 0.0, 0.0, 0.0, 0.0, 1.0],
                [0.99991, 0.013312, -0.001888, 0.0, -0.012582, 0.876974, -0.480373, 0.3, -0.004739, 0.480353, 0.877063, 0.0, 0.0, 0.0, 0.0, 1.0],
                [0.99991, 0.013312, -0.001888, 0.0, -0.012582, 0.876974, -0.480373, 0.3, -0.004739, 0.480353, 0.877063, -0.0, 0.0, 0.0, 0.0, 1.0],
                [0.99991, 0.013312, -0.001888, -0.0, -0.012582, 0.876974, -0.480373, 0.3, -0.004739, 0.480353, 0.877063, -0.0, 0.0, 0.0, 0.0, 1.0],
                [0.99991, 0.013312, -0.001888, -0.0, -0.012582, 0.876974, -0.480373, 0.3, -0.004739, 0.480353, 0.877063, -0.0, 0.0, 0.0, 0.0, 1.0]
            ]
        },
        {
            "name": "Tool_L",
            "time": [0.0, 0.25, 0.3833, 0.5667, 0.6833, 0.9667, 1.2167],
            "transform": [
                [0.99711, 0.043861, -0.062033, -0.012677, 0.036135, -0.992043, -0.1206, 0.208813, -0.066789, 0.11793, -0.99018, 0.160811, 0.0, 0.0, 0.0, 1.0],
                [0.99711, 0.043861, -0.062033, -0.012677, 0.036135, -0.992043, -0.1206, 0.208813, -0.066789, 0.11793, -0.99018, 0.160811, 0.0, 0.0, 0.0, 1.0],
                [0.99711, 0.043861, -0.062033, -0.012677, 0.036135, -0.992043, -0.1206, 0.208813, -0.066789, 0.11793, -0.990179, 0.160811, 0.0, 0.0, 0.0, 1.0],
                [0.99711, 0.043861, -0.062033, -0.012677, 0.036135, -0.992043, -0.1206, 0.208813, -0.066789, 0.11793, -0.99018, 0.160811, 0.0, 0.0, 0.0, 1.0],
                [0.99711, 0.043861, -0.062033, -0.012677, 0.036135, -0.992043, -0.1206, 0.208813, -0.066789, 0.11793, -0.990179, 0.160811, 0.0, 0.0, 0.0, 1.0],
                [0.99711, 0.043861, -0.062033, -0.012677, 0.036135, -0.992043, -0.1206, 0.208813, -0.066789, 0.11793, -0.99018, 0.160811, 0.0, 0.0, 0.0, 1.0],
                [0.99711, 0.043861, -0.062033, -0.012677, 0.036135, -0.992043, -0.1206, 0.208813, -0.066789, 0.11793, -0.99018, 0.160811, 0.0, 0.0, 0.0, 1.0]
            ]
        },
        {
            "name": "Elbow_L",
            "time": [0.0, 0.25, 0.3833, 0.5667, 0.6833, 0.9667, 1.2167],
            "transform": [
                [-0.998967, -0.043093, -0.01444, -4.9e-05, 0.028309, -0.34145, -0.939473, 0.367197, 0.035554, -0.938912, 0.342317, -0.015902, 0.0, 0.0, 0.0, 1.0],
                [-0.998967, -0.043093, -0.01444, -4.9e-05, 0.028309, -0.34145, -0.939473, 0.367197, 0.035554, -0.938911, 0.342317, -0.015902, 0.0, 0.0, 0.0, 1.0],
                [-0.998967, -0.043093, -0.01444, -4.9e-05, 0.028309, -0.34145, -0.939473, 0.367197, 0.035554, -0.938912, 0.342317, -0.015902, 0.0, 0.0, 0.0, 1.0],
                [-0.998967, -0.043093, -0.01444, -4.9e-05, 0.028309, -0.34145, -0.939474, 0.367197, 0.035554, -0.938911, 0.342317, -0.015902, 0.0, 0.0, 0.0, 1.0],
                [-0.998967, -0.043093, -0.01444, -4.9e-05, 0.028309, -0.34145, -0.939473, 0.367197, 0.035554, -0.938912, 0.342317, -0.015902, 0.0, 0.0, 0.0, 1.0],
                [-0.998967, -0.043093, -0.01444, -4.9e-05, 0.028309, -0.34145, -0.939473, 0.367197, 0.035554, -0.938911, 0.342317, -0.015902, 0.0, 0.0, 0.0, 1.0],
                [-0.998967, -0.043093, -0.01444, -4.9e-05, 0.028309, -0.34145, -0.939473, 0.367197, 0.035554, -0.938911, 0.342317, -0.015902, 0.0, 0.0, 0.0, 1.0]
            ]
        }
    ]
}