{
    "animation": [
        {
            "name": "Root",
            "time": [0.0, 0.1, 0.2667, 0.4667, 0.5667, 0.6667, 0.9833, 1.2167],
            "transform": [
                [0.854689, 0.0, -0.51914, -5e-06, -0.51914, 0.0, -0.854689, 0.000946, 0.0, 1.0, 0.0, 0.743765, 0.0, 0.0, 0.0, 1.0],
                [0.854689, 0.048063, -0.51691, -5e-06, -0.515154, 0.201665, -0.833035, 0.000946, 0.064205, 0.978275, 0.197121, 0.677154, 0.0, 0.0, 0.0, 1.0],
                [0.838383, -0.011227, 0.544966, -5e-06, 0.52759, -0.234532, -0.816482, 0.339903, 0.136979, 0.972044, -0.190704, 0.773799, 0.0, 0.0, 0.0, 1.0],
                [0.727105, -0.011227, 0.686434, -5e-06, 0.665413, -0.234532, -0.708675, 0.471871, 0.168947, 0.972044, -0.163059, 0.773799, 0.0, 0.0, 0.0, 1.0],
                [0.99247, -0.068199, 0.101742, -0.024585, 0.102436, 0.006743, -0.994717, 0.784732, 0.067153, 0.997649, 0.013678, 0.736568, 0.0, 0.0, 0.0, 1.0],
                [0.831655, -0.005628, -0.555264, -5e-06, -0.553979, 0.060332, -0.830342, 1.057351, 0.038173, 0.998163, 0.047057, 0.564248, 0.0, 0.0, 0.0, 1.0],
                [0.847658, 0.028558, -0.529774, -5e-06, -0.529381, 0.111567, -0.841016, 1.147872, 0.035088, 0.993347, 0.109689, 0.636264, 0.0, 0.0, 0.0, 1.0],
                [0.847658, 0.028558, -0.529774, -5e-06, -0.529381, 0.111567, -0.841016, 1.147872, 0.035088, 0.993347, 0.109689, 0.636264, 0.0, 0.0, 0.0, 1.0]
            ]
        },
        {
            "name": "Thigh_R",
            "time": [0.0, 0.1, 0.2667, 0.4667, 0.6667, 0.9833, 1.2167],
            "transform": [
                [0.992811, 0.11785, -0.020883, 0.124994, 0.118536, -0.992318, 0.035348, -0.002831, -0.016557, -0.037569, -0.999157, -1.2e-05, 0.0, 0.0, 0.0, 1.0],
                [0.992811, 0.111256, -0.044124, 0.124994, 0.118536, -0.965006, 0.233901, -0.002831, -0.016557, -0.237449, -0.971259, -1.2e-05, 0.0, 0.0, 0.0, 1.0],
                [0.992811, 0.057807, -0.104801, 0.124994, 0.118536, -0.59604, 0.794156, -0.002831, -0.016557, -0.800868, -0.598609, -1.2e-05, 0.0, 0.0, 0.0, 1.0],
                [0.992811, 0.035382, -0.114337, 0.124994, 0.118536, -0.422826, 0.898425, -0.002831, -0.016557, -0.905517, -0.423982, -1.2e-05, 0.0, 0.0, 0.0, 1.0],
                [0.921926, 0.385532, 0.037633, 0.124994, 0.381571, -0.887097, -0.259729, -0.002831, -0.06675, 0.253811, -0.964948, -1.2e-05, 0.0, 0.0, 0.0, 1.0],
                [0.953427, 0.29094, 0.079563, 0.124994, 0.300274, -0.94047, -0.159209, -0.002831, 0.028507, 0.175685, -0.984034, -1.2e-05, 0.0, 0.0, 0.0, 1.0],
                [0.953427, 0.29094, 0.079563, 0.124994, 0.300274, -0.94047, -0.159209, -0.002831, 0.028507, 0.175685, -0.984034, -1.2e-05, 0.0, 0.0, 0.0, 1.0]
            ]
        },
        {
            "name": "Leg_R",
            "time": [0.0, 0.1, 0.2667, 0.4667, 0.5667, 0.6667, 0.9833, 1.2167],
            "transform": [
                [1.0, -0.0, 1e-06, -0.0, 0.0, 0.997612, 0.069073, 0.37472, -1e-06, -0.069073, 0.997611, -0.0, 0.0, 0.0, 0.0, 1.0],
                [1.0, -1e-06, 1e-06, 0.0, 0.0, 0.774584, 0.632471, 0.37472, -1e-06, -0.632472, 0.774583, 0.0, 0.0, 0.0, 0.0, 1.0],
                [1.0, -1e-06, 0.0, -0.0, 0.0, 0.411073, 0.911602, 0.37472, -1e-06, -0.911603, 0.411073, -0.0, 0.0, 0.0, 0.0, 1.0],
                [1.0, -1e-06, 0.0, 0.0, -0.0, 0.302214, 0.95324, 0.37472, -1e-06, -0.953241, 0.302213, 0.0, 0.0, 0.0, 0.0, 1.0],
                [1.0, -1e-06, 0.0, 0.0, 0.0, 0.038012, 0.999276, 0.37472, -1e-06, -0.999278, 0.038012, -0.0, 0.0, 0.0, 0.0, 1.0],
                [1.0, -0.0, 1e-06, -0.0, 0.0, 0.894486, 0.447098, 0.37472, -1e-06, -0.447098, 0.894484, -0.0, 0.0, 0.0, 0.0, 1.0],
                [1.0, -0.0, 1e-06, 0.0, 0.0, 0.95511, 0.296255, 0.37472, -1e-06, -0.296255, 0.955108, 0.0, 0.0, 0.0, 0.0, 1.0],
                [1.0, -0.0, 1e-06, 0.0, 0.0, 0.95511, 0.296255, 0.37472, -1e-06, -0.296255, 0.955108, 0.0, 0.0, 0.0, 0.0, 1.0]
            ]
        },
        {
            "name": "Knee_R",
            "time": [0.0, 0.1, 0.2667, 0.4667, 0.6667, 0.9833, 1.2167],
            "transform": [
                [1.0, 0.0, -0.0, -0.0, -0.0, 1e-06, -1.0, 0.37472, -0.0, 1.0, 1e-06, -0.0, 0.0, 0.0, 0.0, 1.0],
                [1.0, 0.0, -0.0, 0.0, -0.0, 1e-06, -1.0, 0.37472, -0.0, 1.0, 1e-06, 0.0, 0.0, 0.0, 0.0, 1.0],
                [1.0, 0.0, -0.0, -0.0, -0.0, 1e-06, -1.0, 0.37472, -0.0, 1.0, 1e-06, -0.0, 0.0, 0.0, 0.0, 1.0],
                [1.0, 0.0, -0.0, 0.0, -0.0, 1e-06, -1.0, 0.37472, -0.0, 1.0, 1e-06, 0.0, 0.0, 0.0, 0.0, 1.0],
                [1.0, 0.0, -0.0, -0.0, -0.0, 1e-06, -1.0, 0.37472, -0.0, 1.0, 1e-06, -0.0, 0.0, 0.0, 0.0, 1.0],
                [1.0, 0.0, -0.0, 0.0, -0.0, 1e-06, -1.0, 0.37472, -0.0, 1.0, 1e-06, 0.0, 0.0, 0.0, 0.0, 1.0],
                [1.0, 0.0, -0.0, 0.0, -0.0, 1e-06, -1.0, 0.37472, -0.0, 1.0, 1e-06, 0.0, 0.0, 0.0, 0.0, 1.0]
            ]
        },
        {
            "name": "Thigh_L",
            "time": [0.0, 0.1, 0.2667, 0.4667, 0.5667, 0.6667, 0.9833, 1.2167],
            "transform": [
                [0.869242, -0.05516, -0.491298, -0.125006, -0.021407, -0.997024, 0.074063, -0.002831, -0.493921, -0.053862, -0.867837, -1.2e-05, 0.0, 0.0, 0.0, 1.0],
                [0.858962, -0.432411, -0.274233, -0.125006, -0.026216, -0.572008, 0.819829, -0.002831, -0.511366, -0.697013, -0.50267, -1.2e-05, 0.0, 0.0, 0.0, 1.0],
                [0.830193, -0.167278, -0.531787, -0.125006, -0.21411, -0.976433, -0.027111, -0.002831, -0.514719, 0.136369, -0.846444, -1.2e-05, 0.0, 0.0, 0.0, 1.0],
                [0.824328, -0.179156, -0.537015, -0.125006, -0.235778, -0.971065, -0.037963, -0.002831, -0.514675, 0.157911, -0.842718, -1.2e-05, 0.0, 0.0, 0.0, 1.0],
                [0.979804, -0.123506, -0.157258, -0.125006, -0.1457, -0.979593, -0.13845, -0.002831, -0.136949, 0.158567, -0.977804, -1.2e-05, 0.0, 0.0, 0.0, 1.0],
                [0.848078, -0.452894, -0.275046, -0.125006, 0.037221, -0.466881, 0.883536, -0.002831, -0.528562, -0.759546, -0.379094, -1.2e-05, 0.0, 0.0, 0.0, 1.0],
                [0.857115, -0.396557, -0.328778, -0.125006, 0.010604, -0.624533, 0.780926, -0.002831, -0.515014, -0.672831, -0.531092, -1.2e-05, 0.0, 0.0, 0.0, 1.0],
                [0.857115, -0.396557, -0.328778, -0.125006, 0.010604, -0.624533, 0.780926, -0.002831, -0.515014, -0.672831, -0.531092, -1.2e-05, 0.0, 0.0, 0.0, 1.0]
            ]
        },
        {
            "name": "Leg_L",
            "time": [0.0, 0.1, 0.2667, 0.4667, 0.5667, 0.6667, 0.9833, 1.2167],
            "transform": [
                [0.999989, -0.003452, -0.00313, -0.0, 0.003782, 0.993653, 0.112423, 0.37472, 0.002722, -0.112434, 0.993656, 0.0, 0.0, 0.0, 0.0, 1.0],
                [0.999989, -0.000781, -0.004594, 0.0, 0.003782, 0.711933, 0.702237, 0.37472, 0.002722, -0.702246, 0.711929, -0.0, 0.0, 0.0, 0.0, 1.0],
                [0.999989, -0.003452, -0.00313, -0.0, 0.003782, 0.993653, 0.112423, 0.37472, 0.002722, -0.112434, 0.993656, -0.0, 0.0, 0.0, 0.0, 1.0],
                [0.999989, -0.003452, -0.00313, -0.0, 0.003782, 0.993653, 0.112423, 0.37472, 0.002722, -0.112434, 0.993656, -0.0, 0.0, 0.0, 0.0, 1.0],
                [0.999469, -0.029374, 0.01412, 0.0, 0.025968, 0.979529, 0.199621, 0.37472, -0.019694, -0.199148, 0.979772, 0.0, 0.0, 0.0, 0.0, 1.0],
                [0.997177, -0.075083, -0.000648, -0.0, 0.041025, 0.53758, 0.842214, 0.37472, -0.062888, -0.839863, 0.539143, 0.0, 0.0, 0.0, 0.0, 1.0],
                [0.999989, -0.001038, -0.004543, -0.0, 0.003782, 0.750227, 0.661169, 0.37472, 0.002722, -0.661179, 0.750223, -0.0, 0.0, 0.0, 0.0, 1.0],
                [0.999989, -0.001038, -0.004543, -0.0, 0.003782, 0.750227, 0.661169, 0.37472, 0.002722, -0.661179, 0.750223, -0.0, 0.0, 0.0, 0.0, 1.0]
            ]
        },
        {
            "name": "Knee_L",
            "time": [0.0, 0.1, 0.2667, 0.4667, 0.6667, 0.9833, 1.2167],
            "transform": [
                [1.0, 0.0, -0.0, -0.0, -0.0, 1e-06, -1.0, 0.37472, -0.0, 1.0, 1e-06, 0.0, 0.0, 0.0, 0.0, 1.0],
                [1.0, 0.0, -0.0, 0.0, -0.0, 1e-06, -1.0, 0.37472, -0.0, 1.0, 1e-06, -0.0, 0.0, 0.0, 0.0, 1.0],
                [1.0, 0.0, -0.0, -0.0, -0.0, 1e-06, -1.0, 0.37472, -0.0, 1.0, 1e-06, -0.0, 0.0, 0.0, 0.0, 1.0],
                [1.0, 0.0, -0.0, -0.0, -0.0, 1e-06, -1.0, 0.37472, -0.0, 1.0, 1e-06, -0.0, 0.0, 0.0, 0.0, 1.0],
                [1.0, 0.0, -0.0, -0.0, -0.0, 1e-06, -1.0, 0.37472, -0.0, 1.0, 1e-06, 0.0, 0.0, 0.0, 0.0, 1.0],
                [1.0, 0.0, -0.0, -0.0, -0.0, 1e-06, -1.0, 0.37472, -0.0, 1.0, 1e-06, -0.0, 0.0, 0.0, 0.0, 1.0],
                [1.0, 0.0, -0.0, -0.0, -0.0, 1e-06, -1.0, 0.37472, -0.0, 1.0, 1e-06, -0.0, 0.0, 0.0, 0.0, 1.0]
            ]
        },
        {
            "name": "Torso",
            "time": [0.0, 0.1, 0.2667, 0.4667, 0.6667, 0.9833, 1.2167],
            "transform": [
                [0.999042, -0.043673, -0.002706, -0.0, 0.04367, 0.999045, -0.001423, 0.05, 0.002765, 0.001304, 0.999995, 0.0, 0.0, 0.0, 0.0, 1.0],
                [0.999042, -0.043673, -0.002706, -0.0, 0.04367, 0.999045, -0.001423, 0.05, 0.002765, 0.001304, 0.999995, -0.0, 0.0, 0.0, 0.0, 1.0],
                [0.999042, -0.043673, -0.002706, -0.0, 0.04367, 0.999045, -0.001423, 0.05, 0.002765, 0.001304, 0.999995, -0.0, 0.0, 0.0, 0.0, 1.0],
                [0.979319, -0.011586, 0.20199, 0.0, 0.010272, 0.999919, 0.007552, 0.05, -0.202061, -0.005321, 0.979359, 0.0, 0.0, 0.0, 0.0, 1.0],
                [0.999042, -0.043673, -0.002706, -0.0, 0.04367, 0.999045, -0.001423, 0.05, 0.002765, 0.001304, 0.999995, -0.0, 0.0, 0.0, 0.0, 1.0],
                [0.999042, -0.043673, -0.002706, -0.0, 0.04367, 0.999045, -0.001423, 0.05, 0.002765, 0.001304, 0.999995, 0.0, 0.0, 0.0, 0.0, 1.0],
                [0.999042, -0.043673, -0.002706, -0.0, 0.04367, 0.999045, -0.001423, 0.05, 0.002765, 0.001304, 0.999995, 0.0, 0.0, 0.0, 0.0, 1.0]
            ]
        },
        {
            "name": "Chest",
            "time": [0.0, 0.1, 0.2667, 0.4667, 0.6667, 0.9833, 1.2167],
            "transform": [
                [0.999771, -0.021316, -0.002029, 0.0, 0.021411, 0.994316, 0.104295, 0.3, -0.000206, -0.104315, 0.994545, 0.0, 0.0, 0.0, 0.0, 1.0],
                [0.999771, -0.020468, -0.006289, 0.0, 0.021411, 0.952816, 0.302793, 0.3, -0.000206, -0.302858, 0.953036, 0.0, 0.0, 0.0, 0.0, 1.0],
                [0.94323, -0.043539, 0.329274, -0.0, -0.049848, 0.961586, 0.269941, 0.3, -0.328378, -0.27103, 0.904827, 0.0, 0.0, 0.0, 0.0, 1.0],
                [0.794774, -0.145762, 0.589142, 0.0, 0.032844, 0.979638, 0.198069, 0.3, -0.606017, -0.13807, 0.783377, -0.0, 0.0, 0.0, 0.0, 1.0],
                [0.997484, -0.036212, -0.060951, 0.0, 0.057772, 0.913492, 0.402735, 0.3, 0.041095, -0.405243, 0.913285, 0.0, 0.0, 0.0, 0.0, 1.0],
                [0.986169, -0.026256, -0.163648, 0.0, 0.092656, 0.906006, 0.413, 0.3, 0.137422, -0.42245, 0.895908, -0.0, 0.0, 0.0, 0.0, 1.0],
                [0.986169, -0.026256, -0.163648, 0.0, 0.092656, 0.906006, 0.413, 0.3, 0.137422, -0.42245, 0.895908, -0.0, 0.0, 0.0, 0.0, 1.0]
            ]
        },
        {
            "name": "Head",
            "time": [0.0, 0.1, 0.2667, 0.4667, 0.6667, 0.9833, 1.2167],
            "transform": [
                [0.853111, 0.037721, 0.520365, 0.0, -0.006297, 0.998055, -0.062025, 0.4, -0.521692, 0.049637, 0.851689, 0.0, 0.0, 0.0, 0.0, 1.0],
                [0.852455, -0.050408, 0.520365, 0.0, 0.096604, 0.993389, -0.062025, 0.4, -0.513798, 0.103143, 0.851689, 0.0, 0.0, 0.0, 0.0, 1.0],
                [0.863066, 0.037721, -0.503681, -0.0, -0.057576, 0.998055, -0.023912, 0.4, 0.501799, 0.049637, 0.863559, 0.0, 0.0, 0.0, 0.0, 1.0],
                [0.798719, 0.037721, -0.60052, -0.0, -0.059963, 0.998055, -0.017062, 0.4, 0.598708, 0.049637, 0.799428, -0.0, 0.0, 0.0, 0.0, 1.0],
                [0.860106, -0.116804, 0.496562, -0.0, 0.181464, 0.979817, -0.08384, 0.4, -0.476747, 0.162219, 0.863943, 0.0, 0.0, 0.0, 0.0, 1.0],
                [0.721118, -0.125972, 0.681263, -0.0, 0.228326, 0.971607, -0.062024, 0.4, -0.654107, 0.200277, 0.729406, -0.0, 0.0, 0.0, 0.0, 1.0],
                [0.721118, -0.125972, 0.681263, -0.0, 0.228326, 0.971607, -0.062024, 0.4, -0.654107, 0.200277, 0.729406, -0.0, 0.0, 0.0, 0.0, 1.0]
            ]
        },
        {
            "name": "Shoulder_R",
            "time": [0.0, 0.1, 0.2667, 0.4667, 0.6667, 0.9833, 1.2167],
            "transform": [
                [0.110305, 0.959352, 0.259762, 0.0, 0.091141, -0.270019, 0.958532, 0.4, 0.98971, -0.082056, -0.11722, 0.0, 0.0, 0.0, 0.0, 1.0],
                [0.110305, 0.959352, 0.259762, 0.0, 0.091141, -0.270019, 0.958532, 0.4, 0.98971, -0.082056, -0.11722, 0.0, 0.0, 0.0, 0.0, 1.0],
                [0.17853, 0.949026, 0.259762, -0.0, 0.071626, -0.275838, 0.958532, 0.4, 0.981324, -0.152521, -0.11722, 0.0, 0.0, 0.0, 0.0, 1.0],
                [0.186223, 0.947547, 0.259762, -0.0, 0.069386, -0.27641, 0.958532, 0.4, 0.980054, -0.160477, -0.11722, -0.0, 0.0, 0.0, 0.0, 1.0],
                [0.004298, 0.965663, 0.259762, -0.0, 0.120238, -0.258378, 0.958532, 0.4, 0.992736, 0.027113, -0.11722, 0.0, 0.0, 0.0, 0.0, 1.0],
                [0.186223, 0.947547, 0.259762, -0.0, 0.069386, -0.27641, 0.958532, 0.4, 0.980054, -0.160477, -0.11722, -0.0, 0.0, 0.0, 0.0, 1.0],
                [0.186223, 0.947547, 0.259762, -0.0, 0.069386, -0.27641, 0.958532, 0.4, 0.980054, -0.160477, -0.11722, -0.0, 0.0, 0.0, 0.0, 1.0]
            ]
        },
        {
            "name": "Arm_R",
            "time": [0.0, 0.1, 0.2667, 0.4667, 0.6667, 0.9833, 1.2167],
            "transform": [
                [0.024371, 0.061937, -0.997782, 0.0, 0.945036, 0.324098, 0.0432, 0.39386, 0.326055, -0.943994, -0.050634, -0.0, 0.0, 0.0, 0.0, 1.0],
                [0.006472, 0.066243, -0.997783, 0.0, 0.820109, 0.570574, 0.0432, 0.393861, 0.572171, -0.81857, -0.050634, -0.0, 0.0, 0.0, 0.0, 1.0],
                [-0.231777, -0.958806, -0.164227, 0.0, 0.315254, 0.085677, -0.945132, 0.39386, 0.920269, -0.270833, 0.282409, -0.0, 0.0, 0.0, 0.0, 1.0],
                [0.375638, -0.925903, 0.039982, -0.0, 0.241815, 0.056275, -0.968689, 0.39386, 0.894663, 0.373545, 0.245037, 0.0, 0.0, 0.0, 0.0, 1.0],
                [-0.031462, 0.31039, -0.950088, 0.0, 0.259172, 0.92058, 0.292167, 0.393861, 0.965318, -0.237045, -0.109408, -0.0, 0.0, 0.0, 0.0, 1.0],
                [-0.006371, 0.516583, -0.856214, -0.0, 0.248798, 0.830125, 0.498991, 0.39386, 0.968535, -0.209845, -0.133814, 0.0, 0.0, 0.0, 0.0, 1.0],
                [-0.006371, 0.516583, -0.856214, -0.0, 0.248798, 0.830125, 0.498991, 0.39386, 0.968535, -0.209845, -0.133814, 0.0, 0.0, 0.0, 0.0, 1.0]
            ]
        },
        {
            "name": "Hand_R",
            "time": [0.0, 0.1, 0.2667, 0.4667, 0.6667, 0.9833, 1.2167],
            "transform": [
                [0.999998, -0.000405, 0.001778, 0.0, 0.000868, 0.963176, -0.268872, 0.3, -0.001603, 0.268873, 0.963174, 0.0, 0.0, 0.0, 0.0, 1.0],
                [0.999998, -0.000405, 0.001778, -0.0, 0.000868, 0.963176, -0.268872, 0.3, -0.001603, 0.268873, 0.963174, 0.0, 0.0, 0.0, 0.0, 1.0],
                [0.999998, 8.7e-05, 0.001821, 0.0, 0.000868, 0.855735, -0.517413, 0.3, -0.001603, 0.517414, 0.855734, -0.0, 0.0, 0.0, 0.0, 1.0],
                [0.999998, -0.000311, 0.001796, 0.0, 0.000868, 0.947776, -0.318936, 0.3, -0.001603, 0.318937, 0.947775, 0.0, 0.0, 0.0, 0.0, 1.0],
                [0.999998, -0.000857, 0.001609, -0.0, 0.000868, 0.999978, -0.006599, 0.3, -0.001603, 0.0066, 0.999977, -0.0, 0.0, 0.0, 0.0, 1.0],
                [0.999998, -0.000348, 0.00179, -0.0, 0.000868, 0.954191, -0.299197, 0.3, -0.001603, 0.299198, 0.95419, 0.0, 0.0, 0.0, 0.0, 1.0],
                [0.999998, -0.000348, 0.00179, -0.0, 0.000868, 0.954191, -0.299197, 0.3, -0.001603, 0.299198, 0.95419, 0.0, 0.0, 0.0, 0.0, 1.0]
            ]
        },
        {
            "name": "Tool_R",
            "time": [0.0, 0.1, 0.2667, 0.4667, 0.6667, 0.9833, 1.2167],
            "transform": [
                [0.993314, -0.054493, -0.101777, -0.003097, -0.088154, -0.927265, -0.363881, 0.281251, -0.074502, 0.37019, -0.925324, 0.054926, 0.0, 0.0, 0.0, 1.0],
                [0.993314, -0.054493, -0.101777, -0.003097, -0.088154, -0.927265, -0.363881, 0.281251, -0.074502, 0.37019, -0.925324, 0.054926, 0.0, 0.0, 0.0, 1.0],
                [0.993314, -0.054493, -0.101777, -0.003097, -0.088154, -0.927265, -0.363881, 0.281251, -0.074502, 0.37019, -0.925324, 0.054926, 0.0, 0.0, 0.0, 1.0],
                [0.998922, 0.039036, -0.025115, -0.003097, 0.035723, -0.992007, -0.121024, 0.281251, -0.02962, 0.119914, -0.991746, 0.054926, 0.0, 0.0, 0.0, 1.0],
                [0.99331, 0.02472, -0.112804, -0.003097, -0.088196, -0.468184, -0.879218, 0.281251, -0.074504, 0.882757, -0.462607, 0.054926, 0.0, 0.0, 0.0, 1.0],
                [0.993311, 0.004278, -0.11539, -0.003097, -0.088182, -0.617045, -0.781972, 0.281251, -0.074503, 0.786444, -0.612186, 0.054926, 0.0, 0.0, 0.0, 1.0],
                [0.993311, 0.004278, -0.11539, -0.003097, -0.088182, -0.617045, -0.781972, 0.281251, -0.074503, 0.786444, -0.612186, 0.054926, 0.0, 0.0, 0.0, 1.0]
            ]
        },
        {
            "name": "Elbow_R",
            "time": [0.0, 0.1, 0.2667, 0.4667, 0.6667, 0.9833, 1.2167],
            "transform": [
                [-1.0, 0.0, -0.0, 0.0, 0.0, 0.0, -1.0, 0.356052, -0.0, -1.0, 0.0, 0.0, 0.0, 0.0, 0.0, 1.0],
                [-1.0, 0.0, -0.0, -0.0, 0.0, -0.0, -1.0, 0.429832, -0.0, -1.0, 0.0, 0.0, 0.0, 0.0, 0.0, 1.0],
                [-1.0, 0.0, 0.0, 0.0, 0.0, -0.0, -1.0, 0.354601, -0.0, -1.0, 0.0, -0.0, 0.0, 0.0, 0.0, 1.0],
                [-1.0, 0.0, -0.0, 0.0, 0.0, -0.0, -1.0, 0.34606, -0.0, -1.0, 0.0, 0.0, 0.0, 0.0, 0.0, 1.0],
                [-1.0, 0.0, -0.0, -0.0, -0.0, -0.152714, -0.98827, 0.34606, -0.0, -0.988271, 0.152714, 0.0, 0.0, 0.0, 0.0, 1.0],
                [-1.0, 0.0, -0.0, -0.0, 0.0, -0.0, -1.0, 0.34606, -0.0, -1.0, 0.0, 0.0, 0.0, 0.0, 0.0, 1.0],
                [-1.0, 0.0, -0.0, -0.0, 0.0, -0.0, -1.0, 0.34606, -0.0, -1.0, 0.0, 0.0, 0.0, 0.0, 0.0, 1.0]
            ]
        },
        {
            "name": "Shoulder_L",
            "time": [0.0, 0.1, 0.2667, 0.4667, 0.6667, 0.9833, 1.2167],
            "transform": [
                [-0.226937, -0.939412, -0.256913, 0.0, -0.021067, -0.258999, 0.965648, 0.4, -0.973681, 0.224554, 0.038986, 0.0, 0.0, 0.0, 0.0, 1.0],
                [-0.226937, -0.879834, -0.417602, 0.0, -0.021067, -0.424255, 0.905298, 0.4, -0.973682, 0.214243, 0.077744, 0.0, 0.0, 0.0, 0.0, 1.0],
                [-0.226937, -0.941017, -0.250971, -0.0, -0.021067, -0.252891, 0.967265, 0.4, -0.973682, 0.224796, 0.037566, 0.0, 0.0, 0.0, 0.0, 1.0],
                [-0.226937, -0.933961, -0.276073, -0.0, -0.021067, -0.278695, 0.960149, 0.4, -0.973681, 0.22371, 0.043571, -0.0, 0.0, 0.0, 0.0, 1.0],
                [-0.096751, -0.94538, -0.311282, -0.0, 0.022812, -0.314773, 0.948893, 0.4, -0.995047, 0.084706, 0.05202, 0.0, 0.0, 0.0, 0.0, 1.0],
                [-0.226937, -0.879834, -0.417602, -0.0, -0.021067, -0.424255, 0.905298, 0.4, -0.973681, 0.214244, 0.077744, -0.0, 0.0, 0.0, 0.0, 1.0],
                [-0.226937, -0.879834, -0.417602, -0.0, -0.021067, -0.424255, 0.905298, 0.4, -0.973681, 0.214244, 0.077744, -0.0, 0.0, 0.0, 0.0, 1.0]
            ]
        },
        {
            "name": "Arm_L",
            "time": [0.0, 0.1, 0.2667, 0.4667, 0.6667, 0.9833, 1.2167],
            "transform": [
                [0.030399, 0.055926, 0.997972, 0.0, -0.922318, 0.386378, 0.006442, 0.39386, -0.385234, -0.920644, 0.063327, -0.0, 0.0, 0.0, 0.0, 1.0],
                [0.048639, 0.041062, 0.997972, -0.0, -0.718942, 0.69504, 0.006442, 0.39386, -0.693366, -0.717798, 0.063327, -0.0, 0.0, 0.0, 0.0, 1.0],
                [0.054618, 0.032691, 0.997972, 0.0, -0.597587, 0.801778, 0.006442, 0.39386, -0.799941, -0.596727, 0.063327, 0.0, 0.0, 0.0, 0.0, 1.0],
                [0.058254, 0.025657, 0.997972, -0.0, -0.493424, 0.869765, 0.006442, 0.39386, -0.867836, -0.492799, 0.063327, 0.0, 0.0, 0.0, 0.0, 1.0],
                [0.062204, 0.618237, 0.783526, 0.0, -0.309814, 0.758227, -0.573679, 0.39386, -0.94876, -0.207062, 0.238704, 0.0, 0.0, 0.0, 0.0, 1.0],
                [-0.185975, 0.70593, 0.683429, 0.0, -0.035614, 0.690264, -0.722681, 0.39386, -0.981909, -0.15874, -0.103231, 0.0, 0.0, 0.0, 0.0, 1.0],
                [-0.185975, 0.70593, 0.683429, 0.0, -0.035614, 0.690264, -0.722681, 0.39386, -0.981909, -0.15874, -0.103231, 0.0, 0.0, 0.0, 0.0, 1.0]
            ]
        },
        {
            "name": "Hand_L",
            "time": [0.0, 0.1, 0.2667, 0.4667, 0.6667, 0.9833, 1.2167],
            "transform": [
                [0.999993, -0.001541, -0.00347, 0.0, 0.000938, 0.985901, -0.167329, 0.3, 0.003679, 0.167324, 0.985895, -0.0, 0.0, 0.0, 0.0, 1.0],
                [0.999993, -0.001541, -0.00347, 0.0, 0.000938, 0.985901, -0.167329, 0.3, 0.003679, 0.167324, 0.985895, -0.0, 0.0, 0.0, 0.0, 1.0],
                [0.999993, -0.001541, -0.00347, 0.0, 0.000938, 0.985901, -0.167329, 0.3, 0.003679, 0.167324, 0.985895, -0.0, 0.0, 0.0, 0.0, 1.0],
                [0.999993, -0.001541, -0.00347, -0.0, 0.000938, 0.985901, -0.167329, 0.3, 0.003679, 0.167324, 0.985895, 0.0, 0.0, 0.0, 0.0, 1.0],
                [0.999993, -0.003795, -0.000122, -0.0, 0.000938, 0.277993, -0.960583, 0.3, 0.003679, 0.960576, 0.277995, 0.0, 0.0, 0.0, 0.0, 1.0],
                [0.999993, -0.003784, 0.000312, -0.0, 0.000938, 0.166729, -0.986003, 0.3, 0.003679, 0.985996, 0.166731, -0.0, 0.0, 0.0, 0.0, 1.0],
                [0.999993, -0.003784, 0.000312, -0.0, 0.000938, 0.166729, -0.986003, 0.3, 0.003679, 0.985996, 0.166731, -0.0, 0.0, 0.0, 0.0, 1.0]
            ]
        },
        {
            "name": "Tool_L",
            "time": [0.0, 0.1, 0.2667, 0.4667, 0.6667, 0.9833, 1.2167],
            "transform": [
                [0.997004, 0.01104, -0.076554, -0.0, -0.036659, -0.804079, -0.593391, 0.272858, -0.068067, 0.594062, -0.8008, -0.0, 0.0, 0.0, 0.0, 1.0],
                [0.997004, 0.01104, -0.076554, 0.0, -0.036659, -0.804079, -0.593391, 0.272858, -0.068067, 0.594062, -0.8008, -0.0, 0.0, 0.0, 0.0, 1.0],
                [0.997004, 0.01104, -0.076554, -0.0, -0.036659, -0.804079, -0.593391, 0.272858, -0.068067, 0.594062, -0.8008, -0.0, 0.0, 0.0, 0.0, 1.0],
                [0.997004, 0.01104, -0.076554, 0.0, -0.036659, -0.804079, -0.593391, 0.272858, -0.068067, 0.594062, -0.8008, -0.0, 0.0, 0.0, 0.0, 1.0],
                [0.997004, 0.01104, -0.076554, 0.0, -0.036659, -0.804079, -0.593391, 0.272858, -0.068067, 0.594062, -0.8008, -0.0, 0.0, 0.0, 0.0, 1.0],
                [0.997004, 0.01104, -0.076554, 0.0, -0.036659, -0.804079, -0.593391, 0.272858, -0.068067, 0.594062, -0.8008, -0.0, 0.0, 0.0, 0.0, 1.0],
                [0.997004, 0.01104, -0.076554, 0.0, -0.036659, -0.804079, -0.593391, 0.272858, -0.068067, 0.594062, -0.8008, -0.0, 0.0, 0.0, 0.0, 1.0]
            ]
        },
        {
            "name": "Elbow_L",
            "time": [0.0, 0.1, 0.2667, 0.4667, 0.6667, 0.9833, 1.2167],
            "transform": [
                [-1.0, 0.0, -0.0, 2.7e-05, 0.0, -0.0, -1.0, 0.329261, -0.0, -1.0, -0.0, -0.002121, 0.0, 0.0, 0.0, 1.0],
                [-1.0, 0.0, -0.0, 2.7e-05, 0.0, 0.0, -1.0, 0.396148, -0.0, -1.0, -0.0, -0.002121, 0.0, 0.0, 0.0, 1.0],
                [-1.0, 0.0, -0.0, 2.7e-05, 0.0, -0.0, -1.0, 0.396148, -0.0, -1.0, -0.0, -0.002121, 0.0, 0.0, 0.0, 1.0],
                [-1.0, 0.0, -0.0, 2.7e-05, 0.0, -0.0, -1.0, 0.396148, -0.0, -1.0, -0.0, -0.002121, 0.0, 0.0, 0.0, 1.0],
                [-1.0, 0.0, -0.0, 2.7e-05, 0.0, -0.190498, -0.981688, 0.396148, -0.0, -0.981688, 0.190498, -0.002121, 0.0, 0.0, 0.0, 1.0],
                [-1.0, 0.0, -0.0, 2.7e-05, 0.0, -0.139814, -0.990178, 0.396148, -0.0, -0.990178, 0.139814, -0.002121, 0.0, 0.0, 0.0, 1.0],
                [-1.0, 0.0, -0.0, 2.7e-05, 0.0, -0.139814, -0.990178, 0.396148, -0.0, -0.990178, 0.139814, -0.002121, 0.0, 0.0, 0.0, 1.0]
            ]
        }
    ]
}