{
    "animation": [
        {
            "name": "Root",
            "time": [0.0, 0.2833, 0.3833, 0.4667, 0.6, 0.8667, 1.3333],
            "transform": [
                [0.729996, -0.070781, 0.679776, -5e-06, 0.682058, 0.138907, -0.717984, -0.00316, -0.043606, 0.987773, 0.149678, 0.636264, 0.0, 0.0, 0.0, 1.0],
                [0.57731, -0.09736, 0.8107, -5e-06, 0.815245, 0.013143, -0.578967, 0.025618, 0.045713, 0.995162, 0.08696, 0.636264, 0.0, 0.0, 0.0, 1.0],
                [0.864641, 0.027091, 0.50166, 0.042027, 0.50115, 0.023611, -0.865038, 0.450117, -0.03528, 0.999354, 0.006839, 0.738867, 0.0, 0.0, 0.0, 1.0],
                [0.994906, -0.065013, 0.077037, -0.010967, 0.078781, 0.024687, -0.996586, 0.860986, 0.062889, 0.997579, 0.029683, 0.60947, 0.0, 0.0, 0.0, 1.0],
                [0.997522, -0.060399, -0.036069, -0.012435, -0.03445, 0.027643, -0.999024, 0.967436, 0.061337, 0.997791, 0.025494, 0.605883, 0.0, 0.0, 0.0, 1.0],
                [0.997666, -0.066023, -0.017447, -0.024537, -0.010835, 0.09921, -0.995008, 1.046676, 0.067424, 0.992874, 0.098263, 0.57778, 0.0, 0.0, 0.0, 1.0],
                [0.854689, 0.0, -0.51914, -5e-06, -0.51914, 0.0, -0.854689, 1.060226, 0.0, 1.0, 0.0, 0.743765, 0.0, 0.0, 0.0, 1.0]
            ]
        },
        {
            "name": "Thigh_R",
            "time": [0.0, 0.2833, 0.3833, 0.4667, 0.6, 0.8667, 1.05, 1.3333],
            "transform": [
                [0.884101, 0.410208, 0.223815, 0.124994, 0.051192, -0.561096, 0.826166, -0.002831, 0.464482, -0.718955, -0.517066, -1.2e-05, 0.0, 0.0, 0.0, 1.0],
                [0.783884, 0.517156, 0.34362, 0.124994, 0.114743, -0.664537, 0.738392, -0.002831, 0.610213, -0.539384, -0.580262, -1.2e-05, 0.0, 0.0, 0.0, 1.0],
                [0.906381, 0.126537, 0.403066, 0.124994, 0.01582, -0.963583, 0.266933, -0.002831, 0.422165, -0.235565, -0.875378, -1.2e-05, 0.0, 0.0, 0.0, 1.0],
                [0.918759, 0.186807, 0.347827, 0.124994, 0.265481, -0.944384, -0.194049, -0.002831, 0.292233, 0.270625, -0.917258, -1.2e-05, 0.0, 0.0, 0.0, 1.0],
                [0.934162, 0.155645, 0.321115, 0.124994, 0.254385, -0.921532, -0.293366, -0.002831, 0.250257, 0.355738, -0.900456, -1.2e-05, 0.0, 0.0, 0.0, 1.0],
                [0.919289, 0.291004, 0.264998, 0.124994, 0.358663, -0.89665, -0.259569, -0.002831, 0.162075, 0.333664, -0.928655, -1.2e-05, 0.0, 0.0, 0.0, 1.0],
                [0.958249, 0.28513, 0.021406, 0.124994, 0.272455, -0.933232, 0.234185, -0.002831, 0.08675, -0.218575, -0.971957, -1.2e-05, 0.0, 0.0, 0.0, 1.0],
                [0.992811, 0.11785, -0.020883, 0.124994, 0.118536, -0.992318, 0.035348, -0.002831, -0.016557, -0.037569, -0.999157, -1.2e-05, 0.0, 0.0, 0.0, 1.0]
            ]
        },
        {
            "name": "Leg_R",
            "time": [0.0, 0.2833, 0.3833, 0.4667, 0.6, 0.8667, 1.05, 1.3333],
            "transform": [
                [1.0, -1e-06, 1e-06, 0.0, 0.0, 0.781725, 0.623623, 0.37472, -1e-06, -0.623624, 0.781724, -0.0, 0.0, 0.0, 0.0, 1.0],
                [1.0, -0.0, 1e-06, 0.0, 0.0, 0.923465, 0.383684, 0.37472, -1e-06, -0.383684, 0.923464, -0.0, 0.0, 0.0, 0.0, 1.0],
                [1.0, -0.0, 1e-06, -0.0, 0.0, 0.945815, 0.324708, 0.37472, -1e-06, -0.324709, 0.945813, 0.0, 0.0, 0.0, 0.0, 1.0],
                [1.0, -0.0, 1e-06, 0.0, 0.0, 0.923465, 0.383684, 0.37472, -1e-06, -0.383685, 0.923464, -0.0, 0.0, 0.0, 0.0, 1.0],
                [1.0, -0.0, 1e-06, 0.0, 0.0, 0.923465, 0.383684, 0.37472, -1e-06, -0.383684, 0.923464, -0.0, 0.0, 0.0, 0.0, 1.0],
                [1.0, -1e-06, 1e-06, 0.0, 0.0, 0.847767, 0.530369, 0.37472, -1e-06, -0.53037, 0.847766, 0.0, 0.0, 0.0, 0.0, 1.0],
                [1.0, -1e-06, 1e-06, -0.0, 0.0, 0.611532, 0.79122, 0.37472, -1e-06, -0.791221, 0.611531, -0.0, 0.0, 0.0, 0.0, 1.0],
                [1.0, -0.0, 1e-06, -0.0, 0.0, 0.997612, 0.069073, 0.37472, -1e-06, -0.069073, 0.997611, -0.0, 0.0, 0.0, 0.0, 1.0]
            ]
        },
        {
            "name": "Knee_R",
            "time": [0.0, 0.2833, 0.4667, 0.6, 0.8667, 1.3333],
            "transform": [
                [1.0, 0.0, -0.0, 0.0, -0.0, 1e-06, -1.0, 0.37472, -0.0, 1.0, 1e-06, -0.0, 0.0, 0.0, 0.0, 1.0],
                [1.0, 0.0, -0.0, 0.0, -0.0, 1e-06, -1.0, 0.37472, -0.0, 1.0, 1e-06, -0.0, 0.0, 0.0, 0.0, 1.0],
                [1.0, 0.0, -0.0, 0.0, -0.0, 1e-06, -1.0, 0.37472, -0.0, 1.0, 1e-06, -0.0, 0.0, 0.0, 0.0, 1.0],
                [1.0, 0.0, -0.0, 0.0, -0.0, 1e-06, -1.0, 0.37472, -0.0, 1.0, 1e-06, -0.0, 0.0, 0.0, 0.0, 1.0],
                [1.0, 0.0, -0.0, 0.0, -0.0, 1e-06, -1.0, 0.37472, -0.0, 1.0, 1e-06, 0.0, 0.0, 0.0, 0.0, 1.0],
                [1.0, 0.0, -0.0, -0.0, -0.0, 1e-06, -1.0, 0.37472, -0.0, 1.0, 1e-06, -0.0, 0.0, 0.0, 0.0, 1.0]
            ]
        },
        {
            "name": "Thigh_L",
            "time": [0.0, 0.2833, 0.3833, 0.4667, 0.6, 0.8667, 1.3333],
            "transform": [
                [0.935291, -0.264154, 0.235484, -0.125006, -0.238755, -0.962195, -0.131057, -0.002831, 0.261201, 0.066354, -0.963001, -1.2e-05, 0.0, 0.0, 0.0, 1.0],
                [0.924657, -0.380443, 0.016452, -0.125006, -0.368221, -0.88227, 0.29328, -0.002831, -0.097062, -0.277242, -0.955885, -1.2e-05, 0.0, 0.0, 0.0, 1.0],
                [0.849295, -0.077916, 0.522135, -0.125006, -0.33812, -0.839847, 0.424654, -0.002831, 0.405427, -0.537201, -0.739624, -1.2e-05, 0.0, 0.0, 0.0, 1.0],
                [0.980586, -0.184657, 0.065974, -0.125006, -0.148122, -0.477065, 0.866295, -0.002831, -0.128493, -0.85925, -0.495156, -1.2e-05, 0.0, 0.0, 0.0, 1.0],
                [0.98541, -0.159726, 0.058772, -0.125006, -0.121985, -0.422028, 0.898338, -0.002831, -0.118684, -0.892401, -0.435355, -1.2e-05, 0.0, 0.0, 0.0, 1.0],
                [0.996863, -0.050593, 0.060856, -0.125006, -0.075967, -0.396194, 0.915018, -0.002831, -0.022183, -0.916772, -0.398795, -1.2e-05, 0.0, 0.0, 0.0, 1.0],
                [0.869242, -0.05516, -0.491298, -0.125006, -0.021407, -0.997024, 0.074063, -0.002831, -0.493921, -0.053862, -0.867837, -1.2e-05, 0.0, 0.0, 0.0, 1.0]
            ]
        },
        {
            "name": "Leg_L",
            "time": [0.0, 0.2833, 0.3833, 0.4667, 0.6, 0.8667, 1.3333],
            "transform": [
                [0.999989, -0.002092, -0.004164, 0.0, 0.003782, 0.886426, 0.462854, 0.37472, 0.002722, -0.462864, 0.886425, 0.0, 0.0, 0.0, 0.0, 1.0],
                [0.999989, -0.000931, -0.004566, -0.0, 0.003782, 0.734632, 0.678455, 0.37472, 0.002722, -0.678464, 0.734628, -0.0, 0.0, 0.0, 0.0, 1.0],
                [0.999989, 0.001809, -0.004294, -0.0, 0.003782, 0.223212, 0.974763, 0.37472, 0.002722, -0.974768, 0.223202, 0.0, 0.0, 0.0, 0.0, 1.0],
                [0.999989, -5.7e-05, -0.00466, -0.0, 0.003782, 0.594014, 0.804446, 0.37472, 0.002722, -0.804454, 0.594009, -0.0, 0.0, 0.0, 0.0, 1.0],
                [0.999989, -6e-06, -0.00466, -0.0, 0.003782, 0.585181, 0.810894, 0.37472, 0.002722, -0.810902, 0.585175, -0.0, 0.0, 0.0, 0.0, 1.0],
                [0.999989, 0.00049, -0.004634, -0.0, 0.003782, 0.495536, 0.868579, 0.37472, 0.002722, -0.868587, 0.495529, 0.0, 0.0, 0.0, 0.0, 1.0],
                [0.999989, -0.003452, -0.00313, 0.0, 0.003782, 0.993653, 0.112423, 0.37472, 0.002722, -0.112434, 0.993656, -0.0, 0.0, 0.0, 0.0, 1.0]
            ]
        },
        {
            "name": "Knee_L",
            "time": [0.0, 0.2833, 0.4667, 0.6, 0.8667, 1.3333],
            "transform": [
                [1.0, 0.0, -0.0, 0.0, -0.0, 1e-06, -1.0, 0.37472, -0.0, 1.0, 1e-06, 0.0, 0.0, 0.0, 0.0, 1.0],
                [1.0, 0.0, -0.0, -0.0, -0.0, 1e-06, -1.0, 0.37472, -0.0, 1.0, 1e-06, -0.0, 0.0, 0.0, 0.0, 1.0],
                [1.0, 0.0, -0.0, -0.0, -0.0, 1e-06, -1.0, 0.37472, -0.0, 1.0, 1e-06, -0.0, 0.0, 0.0, 0.0, 1.0],
                [1.0, 0.0, -0.0, -0.0, -0.0, 1e-06, -1.0, 0.37472, -0.0, 1.0, 1e-06, -0.0, 0.0, 0.0, 0.0, 1.0],
                [1.0, 0.0, -0.0, -0.0, -0.0, 1e-06, -1.0, 0.37472, -0.0, 1.0, 1e-06, 0.0, 0.0, 0.0, 0.0, 1.0],
                [1.0, 0.0, -0.0, 0.0, -0.0, 1e-06, -1.0, 0.37472, -0.0, 1.0, 1e-06, -0.0, 0.0, 0.0, 0.0, 1.0]
            ]
        },
        {
            "name": "Torso",
            "time": [0.0, 0.2833, 0.3833, 0.4667, 0.6, 0.8667, 1.3333],
            "transform": [
                [0.919674, -0.043531, 0.390263, -0.0, 0.103704, 0.985477, -0.134462, 0.05, -0.378742, 0.164133, 0.910832, -0.0, 0.0, 0.0, 0.0, 1.0],
                [0.919674, -0.043531, 0.390263, -0.0, 0.103704, 0.985478, -0.134462, 0.05, -0.378743, 0.164133, 0.910832, 0.0, 0.0, 0.0, 0.0, 1.0],
                [0.976065, -0.071117, 0.205521, 0.0, 0.076991, 0.996817, -0.020713, 0.05, -0.203394, 0.03604, 0.978433, -0.0, 0.0, 0.0, 0.0, 1.0],
                [0.998676, -0.043531, 0.027401, 0.0, 0.047429, 0.985477, -0.163049, 0.05, -0.019905, 0.164133, 0.986237, 0.0, 0.0, 0.0, 0.0, 1.0],
                [0.998803, -0.043531, -0.022323, 0.0, 0.039258, 0.985477, -0.165207, 0.05, 0.029191, 0.164133, 0.986006, -0.0, 0.0, 0.0, 0.0, 1.0],
                [0.998803, -0.038855, -0.029725, 0.0, 0.039258, 0.999144, 0.01309, 0.05, 0.029191, -0.014241, 0.999472, -0.0, 0.0, 0.0, 0.0, 1.0],
                [0.999042, -0.043673, -0.002706, -0.0, 0.04367, 0.999045, -0.001423, 0.05, 0.002765, 0.001304, 0.999995, 0.0, 0.0, 0.0, 0.0, 1.0]
            ]
        },
        {
            "name": "Chest",
            "time": [0.0, 0.15, 0.2833, 0.3833, 0.4167, 0.4667, 0.6, 0.8667, 1.05, 1.3333],
            "transform": [
                [0.931736, 0.120057, 0.342716, 0.0, -0.203651, 0.954139, 0.219417, 0.3, -0.300657, -0.274234, 0.913456, 0.0, 0.0, 0.0, 0.0, 1.0],
                [0.943392, 0.221519, 0.246862, 0.0, -0.299768, 0.88798, 0.348755, 0.3, -0.141952, -0.403014, 0.904118, -0.0, 0.0, 0.0, 0.0, 1.0],
                [0.927744, 0.35549, 0.113655, 0.0, -0.373124, 0.890253, 0.261206, 0.3, -0.008326, -0.284739, 0.958569, -0.0, 0.0, 0.0, 0.0, 1.0],
                [0.996431, 0.083989, 0.008447, 0.0, -0.084244, 0.995775, 0.036553, 0.3, -0.005341, -0.037134, 0.999296, -0.0, 0.0, 0.0, 0.0, 1.0],
                [0.979233, 0.200317, 0.031241, 0.0, -0.201855, 0.948951, 0.242376, 0.3, 0.018906, -0.243648, 0.96968, -0.0, 0.0, 0.0, 0.0, 1.0],
                [0.772383, 0.124188, -0.622898, -0.0, 0.07106, 0.957646, 0.279041, 0.3, 0.63117, -0.25979, 0.730845, 0.0, 0.0, 0.0, 0.0, 1.0],
                [0.727425, 0.09003, -0.680256, 0.0, 0.123118, 0.958143, 0.258463, 0.3, 0.675052, -0.271764, 0.685893, 0.0, 0.0, 0.0, 0.0, 1.0],
                [0.727425, 0.124918, -0.674721, -0.0, 0.123118, 0.943573, 0.307428, 0.3, 0.675052, -0.306701, 0.670999, -0.0, 0.0, 0.0, 0.0, 1.0],
                [0.744645, 0.060598, -0.664704, -0.0, 0.126557, 0.964986, 0.229752, 0.3, 0.655352, -0.255206, 0.710903, -0.0, 0.0, 0.0, 0.0, 1.0],
                [0.999771, -0.021316, -0.002029, 0.0, 0.021411, 0.994316, 0.104295, 0.3, -0.000206, -0.104315, 0.994545, 0.0, 0.0, 0.0, 0.0, 1.0]
            ]
        },
        {
            "name": "Head",
            "time": [0.0, 0.2833, 0.3833, 0.4167, 0.4667, 0.6, 0.8667, 1.3333],
            "transform": [
                [0.654529, -0.125972, -0.745468, -0.0, -0.070305, 0.971607, -0.225913, 0.4, 0.752761, 0.200277, 0.627088, -0.0, 0.0, 0.0, 0.0, 1.0],
                [0.654529, -0.125972, -0.745468, -0.0, -0.070305, 0.971607, -0.225913, 0.4, 0.752761, 0.200277, 0.627088, 0.0, 0.0, 0.0, 0.0, 1.0],
                [0.840309, -0.007292, -0.542059, -0.0, -0.018145, 0.998971, -0.041568, 0.4, 0.541804, 0.044766, 0.839312, -0.0, 0.0, 0.0, 0.0, 1.0],
                [0.917765, 0.038294, -0.395274, -0.0, -0.101904, 0.984722, -0.141206, 0.4, 0.383828, 0.169873, 0.907645, 0.0, 0.0, 0.0, 0.0, 1.0],
                [0.797935, 0.081067, 0.597266, 0.0, 0.002439, 0.990472, -0.137696, 0.4, -0.602738, 0.111329, 0.790135, 0.0, 0.0, 0.0, 0.0, 1.0],
                [0.674923, 0.090471, 0.732321, -0.0, -9.9e-05, 0.992466, -0.122518, 0.4, -0.737889, 0.082618, 0.669847, -0.0, 0.0, 0.0, 0.0, 1.0],
                [0.674923, 0.090471, 0.732322, 0.0, -9.9e-05, 0.992466, -0.122518, 0.4, -0.737889, 0.082618, 0.669847, 0.0, 0.0, 0.0, 0.0, 1.0],
                [0.853111, 0.037721, 0.520365, -0.0, -0.006297, 0.998055, -0.062025, 0.4, -0.521692, 0.049637, 0.851689, 0.0, 0.0, 0.0, 0.0, 1.0]
            ]
        },
        {
            "name": "Shoulder_R",
            "time": [0.0, 0.2833, 0.4667, 0.6, 0.8667, 1.3333],
            "transform": [
                [0.585967, 0.767572, 0.259762, -0.0, -0.059971, -0.278604, 0.958532, 0.4, 0.808113, -0.577246, -0.11722, -0.0, 0.0, 0.0, 0.0, 1.0],
                [0.585967, 0.767572, 0.259762, -0.0, -0.059971, -0.278604, 0.958532, 0.4, 0.808113, -0.577246, -0.11722, 0.0, 0.0, 0.0, 0.0, 1.0],
                [0.210962, 0.942347, 0.259762, 0.0, 0.062127, -0.278131, 0.958532, 0.4, 0.975518, -0.186075, -0.11722, 0.0, 0.0, 0.0, 0.0, 1.0],
                [0.156577, 0.952894, 0.259762, -0.0, 0.077974, -0.274111, 0.958532, 0.4, 0.984583, -0.12983, -0.11722, -0.0, 0.0, 0.0, 0.0, 1.0],
                [0.156577, 0.952894, 0.259762, 0.0, 0.077974, -0.274111, 0.958532, 0.4, 0.984583, -0.12983, -0.11722, 0.0, 0.0, 0.0, 0.0, 1.0],
                [0.110305, 0.959352, 0.259762, -0.0, 0.091141, -0.270019, 0.958532, 0.4, 0.98971, -0.082056, -0.11722, 0.0, 0.0, 0.0, 0.0, 1.0]
            ]
        },
        {
            "name": "Arm_R",
            "time": [0.0, 0.15, 0.2833, 0.3833, 0.4167, 0.4667, 0.6, 0.8667, 1.3333],
            "transform": [
                [0.540137, -0.841567, -0.004182, -0.0, 0.413286, 0.260921, 0.872419, 0.39386, -0.733107, -0.472955, 0.488741, 0.0, 0.0, 0.0, 0.0, 1.0],
                [0.240863, -0.847066, -0.473777, 0.0, 0.893248, 0.384391, -0.233136, 0.393861, 0.379597, -0.367046, 0.849225, 0.0, 0.0, 0.0, 0.0, 1.0],
                [-0.408296, -0.612004, -0.677307, -0.0, 0.265968, 0.630023, -0.729611, 0.39386, 0.873244, -0.478039, -0.094462, -0.0, 0.0, 0.0, 0.0, 1.0],
                [-0.77145, -0.417108, -0.480506, 0.0, -0.443294, 0.894061, -0.064392, 0.39386, 0.45646, 0.16333, -0.874624, 0.0, 0.0, 0.0, 0.0, 1.0],
                [-0.479538, -0.429239, -0.765373, -0.0, -0.722263, 0.688419, 0.066447, 0.393861, 0.498376, 0.584665, -0.640147, -0.0, 0.0, 0.0, 0.0, 1.0],
                [-0.002379, 0.043512, -0.99905, -0.0, -0.832675, 0.553148, 0.026075, 0.393861, 0.553757, 0.831946, 0.034915, 0.0, 0.0, 0.0, 0.0, 1.0],
                [0.011716, 0.137858, -0.990383, -0.0, -0.898673, 0.435757, 0.050025, 0.39386, 0.438463, 0.889444, 0.128994, -0.0, 0.0, 0.0, 0.0, 1.0],
                [0.011716, 0.231501, -0.972764, -0.0, -0.898673, 0.429017, 0.091275, 0.39386, 0.438463, 0.873127, 0.21307, -0.0, 0.0, 0.0, 0.0, 1.0],
                [0.024371, 0.061937, -0.997782, 0.0, 0.945036, 0.324098, 0.0432, 0.39386, 0.326055, -0.943994, -0.050634, 0.0, 0.0, 0.0, 0.0, 1.0]
            ]
        },
        {
            "name": "Hand_R",
            "time": [0.0, 0.2833, 0.4667, 0.6, 0.8667, 1.05, 1.3333],
            "transform": [
                [0.999998, -0.000635, 0.001709, 0.0, 0.000868, 0.990184, -0.139765, 0.3, -0.001603, 0.139766, 0.990183, 0.0, 0.0, 0.0, 0.0, 1.0],
                [0.999998, -3.9e-05, 0.001823, 0.0, 0.000868, 0.889269, -0.457383, 0.3, -0.001603, 0.457384, 0.889268, -0.0, 0.0, 0.0, 0.0, 1.0],
                [0.999998, -0.000662, 0.001699, 0.0, 0.000868, 0.992267, -0.12412, 0.3, -0.001603, 0.124121, 0.992266, 0.0, 0.0, 0.0, 0.0, 1.0],
                [0.999998, -0.000741, 0.001666, -0.0, 0.000868, 0.99698, -0.077653, 0.3, -0.001603, 0.077654, 0.996979, 0.0, 0.0, 0.0, 0.0, 1.0],
                [0.999998, -0.000524, 0.001746, -0.0, 0.000868, 0.979085, -0.203451, 0.3, -0.001603, 0.203452, 0.979084, -0.0, 0.0, 0.0, 0.0, 1.0],
                [0.999998, 0.000655, 0.001701, 0.0, 0.000868, 0.649498, -0.760363, 0.3, -0.001603, 0.760363, 0.649497, 0.0, 0.0, 0.0, 0.0, 1.0],
                [0.999998, -0.000405, 0.001778, 0.0, 0.000868, 0.963176, -0.268872, 0.3, -0.001603, 0.268873, 0.963174, 0.0, 0.0, 0.0, 0.0, 1.0]
            ]
        },
        {
            "name": "Tool_R",
            "time": [0.0, 0.2833, 0.4667, 0.6, 0.8667, 1.05, 1.3333],
            "transform": [
                [0.993313, -0.036543, -0.109517, -0.003097, -0.088161, -0.852562, -0.515136, 0.281251, -0.074502, 0.521028, -0.849585, 0.054926, 0.0, 0.0, 0.0, 1.0],
                [0.993316, -0.092997, -0.068373, -0.003097, -0.088133, -0.993574, 0.071011, 0.281251, -0.074495, -0.064483, -0.994539, 0.054926, 0.0, 0.0, 0.0, 1.0],
                [0.993311, 0.001244, -0.115461, -0.003097, -0.088183, -0.637356, -0.765507, 0.281251, -0.074498, 0.770106, -0.632616, 0.054926, 0.0, 0.0, 0.0, 1.0],
                [0.99331, 0.018976, -0.113904, -0.003097, -0.088192, -0.512082, -0.854397, 0.281251, -0.074498, 0.858213, -0.506692, 0.054926, 0.0, 0.0, 0.0, 1.0],
                [0.993311, 0.018976, -0.113904, -0.003097, -0.088192, -0.512082, -0.854397, 0.281251, -0.074498, 0.858213, -0.506692, 0.054926, 0.0, 0.0, 0.0, 1.0],
                [0.993316, -0.099367, -0.058728, -0.003097, -0.08813, -0.981488, 0.170045, 0.281251, -0.074495, -0.163646, -0.983101, 0.054926, 0.0, 0.0, 0.0, 1.0],
                [0.993314, -0.054493, -0.101777, -0.003097, -0.088154, -0.927265, -0.363881, 0.281251, -0.074502, 0.37019, -0.925324, 0.054926, 0.0, 0.0, 0.0, 1.0]
            ]
        },
        {
            "name": "Elbow_R",
            "time": [0.0, 0.2833, 0.4667, 0.6, 0.8667, 1.3333],
            "transform": [
                [-1.0, 0.0, 0.0, 0.0, 0.0, -0.0, -1.0, 0.34606, -0.0, -1.0, 0.0, 0.0, 0.0, 0.0, 0.0, 1.0],
                [-1.0, 0.0, 0.0, 0.0, -0.0, -0.0, -1.0, 0.34606, -0.0, -1.0, 0.0, 0.0, 0.0, 0.0, 0.0, 1.0],
                [-1.0, 0.0, 0.0, 0.0, -0.0, -0.0, -1.0, 0.34606, -0.0, -1.0, 0.0, 0.0, 0.0, 0.0, 0.0, 1.0],
                [-1.0, 0.0, -0.0, 0.0, 0.0, -0.0, -1.0, 0.34606, -0.0, -1.0, 0.0, 0.0, 0.0, 0.0, 0.0, 1.0],
                [-1.0, 0.0, 0.0, 0.0, 0.0, -0.0, -1.0, 0.34606, -0.0, -1.0, 0.0, -0.0, 0.0, 0.0, 0.0, 1.0],
                [-1.0, 0.0, -0.0, -0.0, 0.0, 0.0, -1.0, 0.348031, -0.0, -1.0, 0.0, 0.0, 0.0, 0.0, 0.0, 1.0]
            ]
        },
        {
            "name": "Shoulder_L",
            "time": [0.0, 0.2833, 0.4667, 0.6, 0.8667, 1.3333],
            "transform": [
                [-0.21507, -0.88281, -0.417602, -0.0, -0.015352, -0.4245, 0.905298, 0.4, -0.976478, 0.201114, 0.077744, -0.0, 0.0, 0.0, 0.0, 1.0],
                [-0.21507, -0.88281, -0.417602, -0.0, -0.015352, -0.4245, 0.905298, 0.4, -0.976478, 0.201114, 0.077744, 0.0, 0.0, 0.0, 0.0, 1.0],
                [-0.21507, -0.922292, -0.321127, 0.0, -0.015352, -0.325588, 0.945387, 0.4, -0.976478, 0.208254, 0.055865, 0.0, 0.0, 0.0, 0.0, 1.0],
                [-0.115047, -0.925675, -0.360403, -0.0, 0.02454, -0.36535, 0.930547, 0.4, -0.993057, 0.098212, 0.064749, -0.0, 0.0, 0.0, 0.0, 1.0],
                [-0.146094, -0.896808, -0.417602, 0.0, 0.01755, -0.424415, 0.905298, 0.4, -0.989115, 0.12493, 0.077744, 0.0, 0.0, 0.0, 0.0, 1.0],
                [-0.226937, -0.945062, -0.235283, -0.0, -0.021067, -0.236766, 0.971338, 0.4, -0.973681, 0.22539, 0.033821, 0.0, 0.0, 0.0, 0.0, 1.0]
            ]
        },
        {
            "name": "Arm_L",
            "time": [0.0, 0.2833, 0.4667, 0.6, 0.8667, 1.05, 1.3333],
            "transform": [
                [0.062546, 0.035943, 0.997395, 0.0, -0.283997, 0.958679, -0.016738, 0.39386, -0.956783, -0.282211, 0.07017, -0.0, 0.0, 0.0, 0.0, 1.0],
                [-0.082619, -0.209573, 0.974296, 0.0, -0.16536, 0.966969, 0.193974, 0.39386, -0.982767, -0.145084, -0.114545, -0.0, 0.0, 0.0, 0.0, 1.0],
                [-0.08223, 0.516309, 0.852445, -0.0, -0.163509, 0.836763, -0.522583, 0.39386, -0.983109, -0.182355, 0.015614, 0.0, 0.0, 0.0, 0.0, 1.0],
                [-0.082619, 0.597129, 0.797879, 0.0, -0.16536, 0.781304, -0.601848, 0.39386, -0.982767, -0.181662, 0.034191, -0.0, 0.0, 0.0, 0.0, 1.0],
                [-0.145582, 0.584975, 0.797879, -0.0, -0.247419, 0.759318, -0.601848, 0.39386, -0.957909, -0.285029, 0.034191, 0.0, 0.0, 0.0, 0.0, 1.0],
                [-0.020635, 0.420708, 0.906961, 0.0, -0.285477, 0.866908, -0.408624, 0.39386, -0.958163, -0.267348, 0.102214, 0.0, 0.0, 0.0, 0.0, 1.0],
                [0.029203, 0.05656, 0.997972, 0.0, -0.930322, 0.366688, 0.006442, 0.39386, -0.36558, -0.928623, 0.063327, 0.0, 0.0, 0.0, 0.0, 1.0]
            ]
        },
        {
            "name": "Hand_L",
            "time": [0.0, 0.2833, 0.4667, 0.6, 0.8667, 1.3333],
            "transform": [
                [0.999993, -0.003154, -0.002113, 0.0, 0.000938, 0.744631, -0.667476, 0.3, 0.003679, 0.667469, 0.744629, -0.0, 0.0, 0.0, 0.0, 1.0],
                [0.999993, -0.003154, -0.002113, -0.0, 0.000938, 0.744631, -0.667475, 0.3, 0.003679, 0.667469, 0.744629, -0.0, 0.0, 0.0, 0.0, 1.0],
                [0.999993, -0.003154, -0.002113, -0.0, 0.000938, 0.744631, -0.667475, 0.3, 0.003679, 0.667469, 0.744629, 0.0, 0.0, 0.0, 0.0, 1.0],
                [0.999993, -0.003154, -0.002113, -0.0, 0.000938, 0.744631, -0.667475, 0.3, 0.003679, 0.667469, 0.744629, 0.0, 0.0, 0.0, 0.0, 1.0],
                [0.999993, -0.003154, -0.002113, -0.0, 0.000938, 0.744631, -0.667475, 0.3, 0.003679, 0.667468, 0.744629, -0.0, 0.0, 0.0, 0.0, 1.0],
                [0.999993, -0.001541, -0.00347, -0.0, 0.000938, 0.985901, -0.167329, 0.3, 0.003679, 0.167324, 0.985895, 0.0, 0.0, 0.0, 0.0, 1.0]
            ]
        },
        {
            "name": "Tool_L",
            "time": [0.0, 0.2833, 0.4667, 0.6, 0.8667, 1.3333],
            "transform": [
                [0.997004, 0.01104, -0.076554, 0.0, -0.036659, -0.804079, -0.593391, 0.272858, -0.068067, 0.594062, -0.8008, -0.0, 0.0, 0.0, 0.0, 1.0],
                [0.997004, 0.01104, -0.076554, -0.0, -0.036659, -0.804079, -0.593391, 0.272858, -0.068067, 0.594062, -0.8008, -0.0, 0.0, 0.0, 0.0, 1.0],
                [0.997004, 0.01104, -0.076554, -0.0, -0.036659, -0.804079, -0.593391, 0.272858, -0.068067, 0.594062, -0.8008, -0.0, 0.0, 0.0, 0.0, 1.0],
                [0.997004, 0.01104, -0.076554, 0.0, -0.036659, -0.804079, -0.593391, 0.272858, -0.068067, 0.594062, -0.8008, -0.0, 0.0, 0.0, 0.0, 1.0],
                [0.997004, 0.01104, -0.076554, -0.0, -0.036659, -0.804079, -0.593391, 0.272858, -0.068067, 0.594062, -0.8008, -0.0, 0.0, 0.0, 0.0, 1.0],
                [0.997004, 0.01104, -0.076554, -0.0, -0.036659, -0.804079, -0.593391, 0.272858, -0.068067, 0.594062, -0.8008, -0.0, 0.0, 0.0, 0.0, 1.0]
            ]
        },
        {
            "name": "Elbow_L",
            "time": [0.0, 0.2833, 0.4667, 0.6, 0.8667, 1.3333],
            "transform": [
                [-1.0, 0.0, -0.0, 2.7e-05, 0.0, -0.0, -1.0, 0.396148, -0.0, -1.0, -0.0, -0.002121, 0.0, 0.0, 0.0, 1.0],
                [-1.0, 0.0, -0.0, 2.7e-05, 0.0, -0.0, -1.0, 0.396148, -0.0, -1.0, -0.0, -0.002121, 0.0, 0.0, 0.0, 1.0],
                [-1.0, 0.0, -0.0, 2.7e-05, 0.0, -0.0, -1.0, 0.396148, -0.0, -1.0, -0.0, -0.002121, 0.0, 0.0, 0.0, 1.0],
                [-1.0, 0.0, -0.0, 2.7e-05, 0.0, -0.0, -1.0, 0.396148, -0.0, -1.0, -0.0, -0.002121, 0.0, 0.0, 0.0, 1.0],
                [-1.0, 0.0, -0.0, 2.7e-05, 0.0, -0.0, -1.0, 0.396148, -0.0, -1.0, 0.0, -0.002121, 0.0, 0.0, 0.0, 1.0],
                [-1.0, 0.0, -0.0, 2.7e-05, 0.0, -0.0, -1.0, 0.324035, -0.0, -1.0, -0.0, -0.002121, 0.0, 0.0, 0.0, 1.0]
            ]
        }
    ]
}