{
    "animation": [
        {
            "name": "Root",
            "time": [0.0, 0.1833, 0.2833, 0.3667, 0.6667, 0.9167],
            "transform": [
                [0.847658, 0.028558, -0.529774, -5e-06, -0.529381, 0.111567, -0.841016, 0.022344, 0.035088, 0.993347, 0.109689, 0.636264, 0.0, 0.0, 0.0, 1.0],
                [0.343357, 0.185397, -0.920725, 0.005059, -0.935137, -0.023662, -0.353496, 0.24511, -0.087323, 0.982379, 0.165247, 0.727242, 0.0, 0.0, 0.0, 1.0],
                [0.996472, -0.029834, -0.078444, 0.013228, -0.064608, 0.323865, -0.943895, 0.528797, 0.053565, 0.945633, 0.320795, 0.771833, 0.0, 0.0, 0.0, 1.0],
                [0.859918, -0.050799, 0.507898, -0.005241, 0.509395, 0.148807, -0.847569, 0.704108, -0.032523, 0.987561, 0.153839, 0.6131, 0.0, 0.0, 0.0, 1.0],
                [0.729996, -0.070781, 0.679776, -5e-06, 0.682058, 0.138907, -0.717984, 0.757912, -0.043606, 0.987773, 0.149678, 0.636264, 0.0, 0.0, 0.0, 1.0],
                [0.729996, -0.070781, 0.679776, -5e-06, 0.682058, 0.138907, -0.717984, 0.757912, -0.043606, 0.987773, 0.149678, 0.636264, 0.0, 0.0, 0.0, 1.0]
            ]
        },
        {
            "name": "Thigh_R",
            "time": [0.0, 0.1833, 0.2833, 0.3667, 0.6667, 0.9167],
            "transform": [
                [0.953427, 0.29094, 0.079563, 0.124994, 0.300274, -0.94047, -0.159209, -0.002831, 0.028507, 0.175685, -0.984034, -1.2e-05, 0.0, 0.0, 0.0, 1.0],
                [0.985176, 0.171538, -0.001125, 0.124994, 0.168123, -0.964215, 0.20499, -0.002831, 0.034079, -0.20214, -0.978764, -1.2e-05, 0.0, 0.0, 0.0, 1.0],
                [0.92223, -0.066064, -0.380955, 0.124994, 0.321299, -0.417142, 0.850152, -0.002831, -0.215078, -0.906434, -0.363476, -1.2e-05, 0.0, 0.0, 0.0, 1.0],
                [0.900241, 0.409065, 0.149102, 0.124994, 0.096535, -0.521462, 0.847796, -0.002831, 0.424555, -0.748825, -0.508932, -1.2e-05, 0.0, 0.0, 0.0, 1.0],
                [0.884101, 0.410208, 0.223815, 0.124994, 0.051192, -0.561096, 0.826166, -0.002831, 0.464482, -0.718955, -0.517066, -1.2e-05, 0.0, 0.0, 0.0, 1.0],
                [0.884101, 0.410208, 0.223815, 0.124994, 0.051192, -0.561096, 0.826166, -0.002831, 0.464482, -0.718955, -0.517066, -1.2e-05, 0.0, 0.0, 0.0, 1.0]
            ]
        },
        {
            "name": "Leg_R",
            "time": [0.0, 0.1833, 0.2833, 0.3667, 0.6667, 0.9167],
            "transform": [
                [1.0, -0.0, 1e-06, 0.0, 0.0, 0.95511, 0.296255, 0.37472, -1e-06, -0.296255, 0.955108, -0.0, 0.0, 0.0, 0.0, 1.0],
                [1.0, -1e-06, 1e-06, 0.0, 0.0, 0.781725, 0.623623, 0.37472, -1e-06, -0.623624, 0.781724, -0.0, 0.0, 0.0, 0.0, 1.0],
                [1.0, -1e-06, 0.0, -0.0, 0.0, 0.351584, 0.936156, 0.37472, -1e-06, -0.936157, 0.351584, 0.0, 0.0, 0.0, 0.0, 1.0],
                [1.0, -1e-06, 1e-06, -0.0, 0.0, 0.595332, 0.80348, 0.37472, -1e-06, -0.803481, 0.595331, -0.0, 0.0, 0.0, 0.0, 1.0],
                [1.0, -1e-06, 1e-06, -0.0, 0.0, 0.781725, 0.623623, 0.37472, -1e-06, -0.623624, 0.781724, 0.0, 0.0, 0.0, 0.0, 1.0],
                [1.0, -1e-06, 1e-06, -0.0, 0.0, 0.781725, 0.623623, 0.37472, -1e-06, -0.623624, 0.781724, 0.0, 0.0, 0.0, 0.0, 1.0]
            ]
        },
        {
            "name": "Knee_R",
            "time": [0.0, 0.1833, 0.2833, 0.3667, 0.6667, 0.9167],
            "transform": [
                [1.0, 0.0, -0.0, 0.0, -0.0, 1e-06, -1.0, 0.37472, -0.0, 1.0, 1e-06, -0.0, 0.0, 0.0, 0.0, 1.0],
                [1.0, 0.0, -0.0, 0.0, -0.0, 1e-06, -1.0, 0.37472, -0.0, 1.0, 1e-06, -0.0, 0.0, 0.0, 0.0, 1.0],
                [1.0, 0.0, -0.0, -0.0, -0.0, 0.346462, -0.938064, 0.37472, -0.0, 0.938064, 0.346462, 0.0, 0.0, 0.0, 0.0, 1.0],
                [1.0, 0.0, -0.0, -0.0, -0.0, 1e-06, -1.0, 0.37472, -0.0, 1.0, 1e-06, -0.0, 0.0, 0.0, 0.0, 1.0],
                [1.0, 0.0, -0.0, -0.0, -0.0, 1e-06, -1.0, 0.37472, -0.0, 1.0, 1e-06, 0.0, 0.0, 0.0, 0.0, 1.0],
                [1.0, 0.0, -0.0, -0.0, -0.0, 1e-06, -1.0, 0.37472, -0.0, 1.0, 1e-06, 0.0, 0.0, 0.0, 0.0, 1.0]
            ]
        },
        {
            "name": "Thigh_L",
            "time": [0.0, 0.1833, 0.2833, 0.3667, 0.6667, 0.9167],
            "transform": [
                [0.857115, -0.396557, -0.328778, -0.125006, 0.010604, -0.624533, 0.780926, -0.002831, -0.515014, -0.672831, -0.531092, -1.2e-05, 0.0, 0.0, 0.0, 1.0],
                [0.586882, -0.65519, -0.475704, -0.125006, -0.010472, -0.593621, 0.804676, -0.002831, -0.809604, -0.467269, -0.355248, -1.2e-05, 0.0, 0.0, 0.0, 1.0],
                [0.97259, -0.141496, -0.184514, -0.125006, -0.066738, -0.930016, 0.361408, -0.002831, -0.222738, -0.339188, -0.913968, -1.2e-05, 0.0, 0.0, 0.0, 1.0],
                [0.969206, -0.190526, 0.156006, -0.125006, -0.209531, -0.970895, 0.116012, -0.002831, 0.129362, -0.145128, -0.980919, -1.2e-05, 0.0, 0.0, 0.0, 1.0],
                [0.935291, -0.264154, 0.235484, -0.125006, -0.238755, -0.962195, -0.131057, -0.002831, 0.261201, 0.066354, -0.963001, -1.2e-05, 0.0, 0.0, 0.0, 1.0],
                [0.935291, -0.264154, 0.235484, -0.125006, -0.238755, -0.962195, -0.131057, -0.002831, 0.261201, 0.066354, -0.963001, -1.2e-05, 0.0, 0.0, 0.0, 1.0]
            ]
        },
        {
            "name": "Leg_L",
            "time": [0.0, 0.1833, 0.2833, 0.3667, 0.6667, 0.9167],
            "transform": [
                [0.999989, -0.001038, -0.004543, 0.0, 0.003782, 0.750227, 0.661169, 0.37472, 0.002722, -0.661179, 0.750223, 0.0, 0.0, 0.0, 0.0, 1.0],
                [0.999989, -0.001038, -0.004543, 0.0, 0.003782, 0.750227, 0.661169, 0.37472, 0.002722, -0.661179, 0.750224, 0.0, 0.0, 0.0, 0.0, 1.0],
                [0.999989, -0.002562, -0.003893, 0.0, 0.003782, 0.934186, 0.356764, 0.37472, 0.002722, -0.356775, 0.934187, 0.0, 0.0, 0.0, 0.0, 1.0],
                [0.999989, -0.001393, -0.004447, 0.0, 0.003782, 0.800089, 0.59987, 0.37472, 0.002722, -0.59988, 0.800086, 0.0, 0.0, 0.0, 0.0, 1.0],
                [0.999989, -0.002092, -0.004164, -0.0, 0.003782, 0.886426, 0.462854, 0.37472, 0.002722, -0.462864, 0.886425, -0.0, 0.0, 0.0, 0.0, 1.0],
                [0.999989, -0.002092, -0.004164, -0.0, 0.003782, 0.886426, 0.462854, 0.37472, 0.002722, -0.462864, 0.886425, -0.0, 0.0, 0.0, 0.0, 1.0]
            ]
        },
        {
            "name": "Knee_L",
            "time": [0.0, 0.1833, 0.3667, 0.6667, 0.9167],
            "transform": [
                [1.0, 0.0, -0.0, 0.0, -0.0, 1e-06, -1.0, 0.37472, -0.0, 1.0, 1e-06, 0.0, 0.0, 0.0, 0.0, 1.0],
                [1.0, 0.0, -0.0, 0.0, -0.0, 1e-06, -1.0, 0.37472, -0.0, 1.0, 1e-06, 0.0, 0.0, 0.0, 0.0, 1.0],
                [1.0, 0.0, -0.0, 0.0, -0.0, 1e-06, -1.0, 0.37472, -0.0, 1.0, 1e-06, 0.0, 0.0, 0.0, 0.0, 1.0],
                [1.0, 0.0, -0.0, -0.0, -0.0, 1e-06, -1.0, 0.37472, -0.0, 1.0, 1e-06, -0.0, 0.0, 0.0, 0.0, 1.0],
                [1.0, 0.0, -0.0, -0.0, -0.0, 1e-06, -1.0, 0.37472, -0.0, 1.0, 1e-06, -0.0, 0.0, 0.0, 0.0, 1.0]
            ]
        },
        {
            "name": "Torso",
            "time": [0.0, 0.1833, 0.3667, 0.6667, 0.9167],
            "transform": [
                [0.999042, -0.043673, -0.002706, -0.0, 0.04367, 0.999045, -0.001423, 0.05, 0.002765, 0.001304, 0.999995, 0.0, 0.0, 0.0, 0.0, 1.0],
                [0.999042, -0.043531, 0.004443, 0.0, 0.04367, 0.985477, -0.164096, 0.05, 0.002765, 0.164133, 0.986434, -0.0, 0.0, 0.0, 0.0, 1.0],
                [0.811239, -0.043517, 0.583093, 0.0, 0.13077, 0.98547, -0.108389, 0.05, -0.569903, 0.16418, 0.805143, -0.0, 0.0, 0.0, 0.0, 1.0],
                [0.919674, -0.043531, 0.390263, 0.0, 0.103704, 0.985477, -0.134462, 0.05, -0.378742, 0.164133, 0.910832, 0.0, 0.0, 0.0, 0.0, 1.0],
                [0.919674, -0.043531, 0.390263, 0.0, 0.103704, 0.985477, -0.134462, 0.05, -0.378742, 0.164133, 0.910832, 0.0, 0.0, 0.0, 0.0, 1.0]
            ]
        },
        {
            "name": "Chest",
            "time": [0.0, 0.1833, 0.3667, 0.6667, 0.9167],
            "transform": [
                [0.986169, -0.026256, -0.163648, 0.0, 0.092656, 0.906006, 0.413, 0.3, 0.137422, -0.42245, 0.895908, -0.0, 0.0, 0.0, 0.0, 1.0],
                [0.931405, 0.070708, -0.357051, 0.0, -0.05863, 0.997285, 0.044553, 0.3, 0.359232, -0.020563, 0.933022, -0.0, 0.0, 0.0, 0.0, 1.0],
                [0.950702, 0.006582, 0.310036, -0.0, -0.185974, 0.812137, 0.553034, 0.3, -0.248152, -0.583429, 0.773325, 0.0, 0.0, 0.0, 0.0, 1.0],
                [0.931736, 0.120057, 0.342716, 0.0, -0.203651, 0.954139, 0.219417, 0.3, -0.300657, -0.274234, 0.913456, 0.0, 0.0, 0.0, 0.0, 1.0],
                [0.931736, 0.120057, 0.342716, 0.0, -0.203651, 0.954139, 0.219417, 0.3, -0.300657, -0.274234, 0.913456, 0.0, 0.0, 0.0, 0.0, 1.0]
            ]
        },
        {
            "name": "Head",
            "time": [0.0, 0.1833, 0.3667, 0.6667, 0.9167],
            "transform": [
                [0.721118, -0.125972, 0.681263, 0.0, 0.228326, 0.971607, -0.062024, 0.4, -0.654107, 0.200277, 0.729406, -0.0, 0.0, 0.0, 0.0, 1.0],
                [0.529435, -0.125972, 0.838946, 0.0, 0.236576, 0.971607, -0.003405, 0.4, -0.814697, 0.200277, 0.544204, -0.0, 0.0, 0.0, 0.0, 1.0],
                [0.798287, -0.125972, -0.588956, 0.0, -0.020574, 0.971607, -0.235704, 0.4, 0.601926, 0.200277, 0.773029, 0.0, 0.0, 0.0, 0.0, 1.0],
                [0.654529, -0.125972, -0.745468, 0.0, -0.070305, 0.971607, -0.225913, 0.4, 0.752761, 0.200277, 0.627088, 0.0, 0.0, 0.0, 0.0, 1.0],
                [0.654529, -0.125972, -0.745468, 0.0, -0.070305, 0.971607, -0.225913, 0.4, 0.752761, 0.200277, 0.627088, 0.0, 0.0, 0.0, 0.0, 1.0]
            ]
        },
        {
            "name": "Shoulder_R",
            "time": [0.0, 0.1833, 0.3667, 0.6667, 0.9167],
            "transform": [
                [0.186223, 0.947547, 0.259762, 0.0, 0.069386, -0.27641, 0.958532, 0.4, 0.980054, -0.160477, -0.11722, -0.0, 0.0, 0.0, 0.0, 1.0],
                [0.259043, 0.93028, 0.259762, 0.0, 0.047772, -0.280953, 0.958532, 0.4, 0.964683, -0.235891, -0.11722, -0.0, 0.0, 0.0, 0.0, 1.0],
                [0.540405, 0.800304, 0.259762, 0.0, -0.043692, -0.281616, 0.958532, 0.4, 0.84027, -0.529344, -0.11722, 0.0, 0.0, 0.0, 0.0, 1.0],
                [0.585967, 0.767572, 0.259762, 0.0, -0.059971, -0.278604, 0.958532, 0.4, 0.808113, -0.577246, -0.11722, 0.0, 0.0, 0.0, 0.0, 1.0],
                [0.585967, 0.767572, 0.259762, 0.0, -0.059971, -0.278604, 0.958532, 0.4, 0.808113, -0.577246, -0.11722, 0.0, 0.0, 0.0, 0.0, 1.0]
            ]
        },
        {
            "name": "Arm_R",
            "time": [0.0, 0.1833, 0.2833, 0.3667, 0.6667, 0.9167],
            "transform": [
                [-0.006371, 0.516583, -0.856214, 0.0, 0.248798, 0.830125, 0.498991, 0.393861, 0.968535, -0.209845, -0.133814, 0.0, 0.0, 0.0, 0.0, 1.0],
                [0.618415, -0.6242, 0.477427, -0.0, 0.342814, 0.760955, 0.550841, 0.39386, -0.707136, -0.17698, 0.684571, -0.0, 0.0, 0.0, 0.0, 1.0],
                [0.083669, -0.975924, 0.201423, 0.0, 0.718266, 0.199171, 0.666652, 0.39386, -0.690719, 0.088897, 0.717638, 0.0, 0.0, 0.0, 0.0, 1.0],
                [0.141245, -0.989965, -0.004223, -0.0, 0.566935, 0.07739, 0.820119, 0.393861, -0.811562, -0.118232, 0.572178, -0.0, 0.0, 0.0, 0.0, 1.0],
                [0.540137, -0.841567, -0.004182, -0.0, 0.413286, 0.260921, 0.872419, 0.39386, -0.733107, -0.472955, 0.488741, 0.0, 0.0, 0.0, 0.0, 1.0],
                [0.540137, -0.841567, -0.004182, -0.0, 0.413286, 0.260921, 0.872419, 0.39386, -0.733107, -0.472955, 0.488741, 0.0, 0.0, 0.0, 0.0, 1.0]
            ]
        },
        {
            "name": "Hand_R",
            "time": [0.0, 0.1, 0.1833, 0.3667, 0.6667, 0.9167],
            "transform": [
                [0.999998, -0.000348, 0.00179, -0.0, 0.000868, 0.954191, -0.299197, 0.3, -0.001603, 0.299198, 0.95419, 0.0, 0.0, 0.0, 0.0, 1.0],
                [0.999998, -8e-05, 0.001821, 0.0, 0.000868, 0.899334, -0.437262, 0.3, -0.001603, 0.437263, 0.899332, 0.0, 0.0, 0.0, 0.0, 1.0],
                [0.999998, -0.00023, 0.001809, -0.0, 0.000868, 0.932433, -0.361341, 0.3, -0.001603, 0.361342, 0.932432, 0.0, 0.0, 0.0, 0.0, 1.0],
                [0.999998, -0.000635, 0.001709, -0.0, 0.000868, 0.990184, -0.139765, 0.3, -0.001603, 0.139766, 0.990183, -0.0, 0.0, 0.0, 0.0, 1.0],
                [0.999998, -0.000635, 0.001709, -0.0, 0.000868, 0.990184, -0.139765, 0.3, -0.001603, 0.139766, 0.990183, 0.0, 0.0, 0.0, 0.0, 1.0],
                [0.999998, -0.000635, 0.001709, -0.0, 0.000868, 0.990184, -0.139765, 0.3, -0.001603, 0.139766, 0.990183, 0.0, 0.0, 0.0, 0.0, 1.0]
            ]
        },
        {
            "name": "Tool_R",
            "time": [0.0, 0.1, 0.1833, 0.3667, 0.6667, 0.9167],
            "transform": [
                [0.993311, 0.004278, -0.11539, -0.003097, -0.088182, -0.617045, -0.781972, 0.281251, -0.074503, 0.786444, -0.612186, 0.054926, 0.0, 0.0, 0.0, 1.0],
                [0.993316, -0.098245, -0.060592, -0.003097, -0.08813, -0.984512, 0.151553, 0.281251, -0.0745, -0.145125, -0.986004, 0.054926, 0.0, 0.0, 0.0, 1.0],
                [0.993315, -0.082725, -0.080511, -0.003097, -0.08814, -0.993906, -0.066194, 0.281251, -0.074501, 0.072794, -0.993965, 0.054926, 0.0, 0.0, 0.0, 1.0],
                [0.993313, -0.038901, -0.108701, -0.003097, -0.08816, -0.863499, -0.496586, 0.281251, -0.074502, 0.502541, -0.86065, 0.054926, 0.0, 0.0, 0.0, 1.0],
                [0.993313, -0.036543, -0.109517, -0.003097, -0.088161, -0.852562, -0.515136, 0.281251, -0.074502, 0.521028, -0.849585, 0.054926, 0.0, 0.0, 0.0, 1.0],
                [0.993313, -0.036543, -0.109517, -0.003097, -0.088161, -0.852562, -0.515136, 0.281251, -0.074502, 0.521028, -0.849585, 0.054926, 0.0, 0.0, 0.0, 1.0]
            ]
        },
        {
            "name": "Elbow_R",
            "time": [0.0, 0.1833, 0.3667, 0.6667, 0.9167],
            "transform": [
                [-1.0, 0.0, -0.0, -0.0, 0.0, -0.0, -1.0, 0.34606, -0.0, -1.0, 0.0, 0.0, 0.0, 0.0, 0.0, 1.0],
                [-1.0, 0.0, -0.0, -0.0, -0.0, -0.0, -1.0, 0.34606, -0.0, -1.0, 0.0, 0.0, 0.0, 0.0, 0.0, 1.0],
                [-1.0, 0.0, -0.0, -0.0, 0.0, -0.0, -1.0, 0.34606, -0.0, -1.0, 0.0, -0.0, 0.0, 0.0, 0.0, 1.0],
                [-1.0, 0.0, 0.0, 0.0, 0.0, -0.0, -1.0, 0.34606, -0.0, -1.0, 0.0, 0.0, 0.0, 0.0, 0.0, 1.0],
                [-1.0, 0.0, 0.0, 0.0, 0.0, -0.0, -1.0, 0.34606, -0.0, -1.0, 0.0, 0.0, 0.0, 0.0, 0.0, 1.0]
            ]
        },
        {
            "name": "Shoulder_L",
            "time": [0.0, 0.1833, 0.3667, 0.6667, 0.9167],
            "transform": [
                [-0.226937, -0.879834, -0.417602, 0.0, -0.021067, -0.424255, 0.905298, 0.4, -0.973681, 0.214244, 0.077744, -0.0, 0.0, 0.0, 0.0, 1.0],
                [-0.226937, -0.896892, -0.379584, 0.0, -0.021067, -0.385141, 0.922617, 0.4, -0.973681, 0.217373, 0.068508, -0.0, 0.0, 0.0, 0.0, 1.0],
                [-0.044377, -0.907546, -0.417602, 0.0, 0.065139, -0.419753, 0.905298, 0.4, -0.996889, 0.012972, 0.077744, 0.0, 0.0, 0.0, 0.0, 1.0],
                [-0.21507, -0.88281, -0.417602, 0.0, -0.015352, -0.4245, 0.905298, 0.4, -0.976478, 0.201114, 0.077744, 0.0, 0.0, 0.0, 0.0, 1.0],
                [-0.21507, -0.88281, -0.417602, 0.0, -0.015352, -0.4245, 0.905298, 0.4, -0.976478, 0.201114, 0.077744, 0.0, 0.0, 0.0, 0.0, 1.0]
            ]
        },
        {
            "name": "Arm_L",
            "time": [0.0, 0.1833, 0.3667, 0.6667, 0.9167],
            "transform": [
                [-0.185975, 0.70593, 0.683429, 0.0, -0.035614, 0.690264, -0.722681, 0.39386, -0.981909, -0.15874, -0.103231, 0.0, 0.0, 0.0, 0.0, 1.0],
                [0.062546, 0.776198, 0.627378, -0.0, -0.283998, 0.616464, -0.734382, 0.39386, -0.956783, -0.132241, 0.258996, -0.0, 0.0, 0.0, 0.0, 1.0],
                [0.062546, 0.142188, 0.987862, 0.0, -0.283997, 0.951417, -0.118961, 0.39386, -0.956783, -0.273109, 0.099889, 0.0, 0.0, 0.0, 0.0, 1.0],
                [0.062546, 0.035943, 0.997395, -0.0, -0.283997, 0.958679, -0.016738, 0.39386, -0.956783, -0.282211, 0.07017, -0.0, 0.0, 0.0, 0.0, 1.0],
                [0.062546, 0.035943, 0.997395, -0.0, -0.283997, 0.958679, -0.016738, 0.39386, -0.956783, -0.282211, 0.07017, -0.0, 0.0, 0.0, 0.0, 1.0]
            ]
        },
        {
            "name": "Hand_L",
            "time": [0.0, 0.1833, 0.3667, 0.6667, 0.9167],
            "transform": [
                [0.999993, -0.003784, 0.000312, -0.0, 0.000938, 0.166729, -0.986003, 0.3, 0.003679, 0.985996, 0.166731, -0.0, 0.0, 0.0, 0.0, 1.0],
                [0.999993, -0.003154, -0.002113, -0.0, 0.000938, 0.744631, -0.667475, 0.3, 0.003679, 0.667469, 0.744629, 0.0, 0.0, 0.0, 0.0, 1.0],
                [0.999993, -0.003154, -0.002113, -0.0, 0.000938, 0.744631, -0.667476, 0.3, 0.003679, 0.667469, 0.744629, -0.0, 0.0, 0.0, 0.0, 1.0],
                [0.999993, -0.003154, -0.002113, 0.0, 0.000938, 0.744631, -0.667476, 0.3, 0.003679, 0.667469, 0.744629, -0.0, 0.0, 0.0, 0.0, 1.0],
                [0.999993, -0.003154, -0.002113, 0.0, 0.000938, 0.744631, -0.667476, 0.3, 0.003679, 0.667469, 0.744629, -0.0, 0.0, 0.0, 0.0, 1.0]
            ]
        },
        {
            "name": "Tool_L",
            "time": [0.0, 0.1833, 0.3667, 0.6667, 0.9167],
            "transform": [
                [0.997004, 0.01104, -0.076554, -0.0, -0.036659, -0.804079, -0.593391, 0.272858, -0.068067, 0.594062, -0.8008, -0.0, 0.0, 0.0, 0.0, 1.0],
                [0.997004, 0.01104, -0.076554, -0.0, -0.036659, -0.804079, -0.593391, 0.272858, -0.068067, 0.594062, -0.8008, -0.0, 0.0, 0.0, 0.0, 1.0],
                [0.997004, 0.01104, -0.076554, -0.0, -0.036659, -0.804079, -0.593391, 0.272858, -0.068067, 0.594062, -0.8008, -0.0, 0.0, 0.0, 0.0, 1.0],
                [0.997004, 0.01104, -0.076554, -0.0, -0.036659, -0.804079, -0.593391, 0.272858, -0.068067, 0.594062, -0.8008, -0.0, 0.0, 0.0, 0.0, 1.0],
                [0.997004, 0.01104, -0.076554, -0.0, -0.036659, -0.804079, -0.593391, 0.272858, -0.068067, 0.594062, -0.8008, -0.0, 0.0, 0.0, 0.0, 1.0]
            ]
        },
        {
            "name": "Elbow_L",
            "time": [0.0, 0.1833, 0.3667, 0.6667, 0.9167],
            "transform": [
                [-1.0, 0.0, -0.0, 2.7e-05, 0.0, -0.139814, -0.990178, 0.396148, -0.0, -0.990178, 0.139814, -0.002121, 0.0, 0.0, 0.0, 1.0],
                [-1.0, 0.0, -0.0, 2.7e-05, 0.0, -0.0, -1.0, 0.396148, -0.0, -1.0, -0.0, -0.002121, 0.0, 0.0, 0.0, 1.0],
                [-1.0, 0.0, -0.0, 2.7e-05, 0.0, -0.174517, -0.984654, 0.396148, -0.0, -0.984654, 0.174517, -0.002121, 0.0, 0.0, 0.0, 1.0],
                [-1.0, 0.0, -0.0, 2.7e-05, 0.0, -0.0, -1.0, 0.396148, -0.0, -1.0, -0.0, -0.002121, 0.0, 0.0, 0.0, 1.0],
                [-1.0, 0.0, -0.0, 2.7e-05, 0.0, -0.0, -1.0, 0.396148, -0.0, -1.0, -0.0, -0.002121, 0.0, 0.0, 0.0, 1.0]
            ]
        }
    ]
}