{
    "animation": [
        {
            "name": "Root",
            "time": [0.0, 0.15, 0.3333, 0.4, 0.4667, 0.7333, 0.95, 1.1833],
            "transform": [
                [0.89632, -0.0, -0.443408, -5e-06, -0.437627, 0.160952, -0.884634, 0.155693, 0.071367, 0.986962, 0.144264, 0.765508, 0.0, 0.0, 0.0, 1.0],
                [0.747155, 0.005163, -0.66463, -0.002367, -0.641032, -0.258599, -0.722637, -0.519404, -0.175603, 0.965971, -0.189904, 0.613357, 0.0, 0.0, 0.0, 1.0],
                [0.715568, -0.005186, -0.698524, -0.005255, -0.662094, -0.323833, -0.675844, -0.627741, -0.2227, 0.9461, -0.235158, 0.588941, 0.0, 0.0, 0.0, 1.0],
                [0.943042, -0.002729, -0.332662, 0.037699, -0.327084, 0.174936, -0.928662, 0.683507, 0.060729, 0.984576, 0.164079, 0.619048, 0.0, 0.0, 0.0, 1.0],
                [0.746301, 0.074923, 0.661378, -0.003265, 0.660597, 0.038333, -0.749762, 2.005574, -0.081527, 0.996452, -0.020886, 0.592781, 0.0, 0.0, 0.0, 1.0],
                [0.640237, -0.051515, 0.766448, -5e-06, 0.763085, 0.157344, -0.626852, 2.610862, -0.088303, 0.986199, 0.140048, 0.51927, 0.0, 0.0, 0.0, 1.0],
                [0.521883, -0.221549, 0.823744, 0.056886, 0.853009, 0.139717, -0.502846, 2.453534, -0.003686, 0.965088, 0.2619, 0.617035, 0.0, 0.0, 0.0, 1.0],
                [0.854689, 0.0, -0.51914, -5e-06, -0.51914, 0.0, -0.854689, 2.778662, 0.0, 1.0, 0.0, 0.743765, 0.0, 0.0, 0.0, 1.0]
            ]
        },
        {
            "name": "Thigh_R",
            "time": [0.0, 0.15, 0.3333, 0.4, 0.4667, 0.7333, 0.95, 1.1833],
            "transform": [
                [0.893621, 0.080884, -0.441473, 0.124994, 0.086795, -0.996201, -0.006829, -0.002831, -0.440348, -0.032215, -0.897249, -1.2e-05, 0.0, 0.0, 0.0, 1.0],
                [0.874727, 0.439399, 0.204402, 0.124994, 0.470539, -0.870994, -0.141276, -0.002831, 0.115956, 0.219757, -0.968639, -1.2e-05, 0.0, 0.0, 0.0, 1.0],
                [0.823264, 0.475947, 0.30937, 0.124994, 0.533872, -0.834386, -0.137027, -0.002831, 0.192917, 0.277974, -0.941018, -1.2e-05, 0.0, 0.0, 0.0, 1.0],
                [0.803867, 0.400343, -0.439911, 0.124994, 0.585279, -0.664238, 0.46501, -0.002831, -0.106042, -0.631275, -0.768274, -1.2e-05, 0.0, 0.0, 0.0, 1.0],
                [0.737568, 0.647216, 0.19262, 0.124994, 0.187604, -0.470415, 0.862272, -0.002831, 0.648688, -0.599847, -0.468385, -1.2e-05, 0.0, 0.0, 0.0, 1.0],
                [0.724691, 0.656479, 0.209418, 0.124994, -0.012006, -0.291834, 0.956394, -0.002831, 0.688969, -0.695603, -0.203609, -1.2e-05, 0.0, 0.0, 0.0, 1.0],
                [0.664523, 0.571738, 0.481168, 0.124994, -0.120011, -0.55389, 0.823895, -0.002831, 0.737568, -0.605241, -0.299458, -1.2e-05, 0.0, 0.0, 0.0, 1.0],
                [0.992811, 0.11785, -0.020883, 0.124994, 0.118536, -0.992318, 0.035348, -0.002831, -0.016557, -0.037569, -0.999157, -1.2e-05, 0.0, 0.0, 0.0, 1.0]
            ]
        },
        {
            "name": "Leg_R",
            "time": [0.0, 0.15, 0.3333, 0.4, 0.4667, 0.7333, 0.95, 1.1833],
            "transform": [
                [1.0, 0.0, 1e-06, 0.0, -0.0, 0.953718, 0.300706, 0.37472, -1e-06, -0.300706, 0.953716, -0.0, 0.0, 0.0, 0.0, 1.0],
                [1.0, -0.0, 1e-06, 0.0, -0.0, 0.785735, 0.618563, 0.37472, -1e-06, -0.618564, 0.785734, 0.0, 0.0, 0.0, 0.0, 1.0],
                [1.0, -0.0, 1e-06, 0.0, -0.0, 0.581868, 0.813283, 0.37472, -1e-06, -0.813284, 0.581867, -0.0, 0.0, 0.0, 0.0, 1.0],
                [1.0, -1e-06, 0.0, -0.0, -0.0, -0.091738, 0.995783, 0.37472, -1e-06, -0.995784, -0.091738, 0.0, 0.0, 0.0, 0.0, 1.0],
                [1.0, -1e-06, 1e-06, 0.0, -0.0, 0.422707, 0.906266, 0.37472, -1e-06, -0.906267, 0.422706, -0.0, 0.0, 0.0, 0.0, 1.0],
                [1.0, -0.0, 1e-06, -0.0, -0.0, 0.407564, 0.913176, 0.37472, -1e-06, -0.913177, 0.407563, 0.0, 0.0, 0.0, 0.0, 1.0],
                [1.0, 0.0, 1e-06, 0.0, -0.0, 0.953718, 0.300706, 0.37472, -1e-06, -0.300706, 0.953716, -0.0, 0.0, 0.0, 0.0, 1.0],
                [1.0, -0.0, 1e-06, -0.0, 0.0, 0.997612, 0.069073, 0.37472, -1e-06, -0.069073, 0.997611, 0.0, 0.0, 0.0, 0.0, 1.0]
            ]
        },
        {
            "name": "Knee_R",
            "time": [0.0, 0.15, 0.3333, 0.4, 0.4667, 0.7333, 0.95, 1.1833],
            "transform": [
                [1.0, 0.0, -0.0, 0.0, -0.0, 1e-06, -1.0, 0.37472, -0.0, 1.0, 1e-06, -0.0, 0.0, 0.0, 0.0, 1.0],
                [1.0, 0.0, -0.0, 0.0, -0.0, 1e-06, -1.0, 0.37472, -0.0, 1.0, 1e-06, 0.0, 0.0, 0.0, 0.0, 1.0],
                [1.0, 0.0, -0.0, 0.0, -0.0, 1e-06, -1.0, 0.37472, -0.0, 1.0, 1e-06, -0.0, 0.0, 0.0, 0.0, 1.0],
                [1.0, 0.0, -0.0, -0.0, -0.0, 1e-06, -1.0, 0.37472, -0.0, 1.0, 1e-06, 0.0, 0.0, 0.0, 0.0, 1.0],
                [1.0, 0.0, -0.0, 0.0, -0.0, 1e-06, -1.0, 0.37472, -0.0, 1.0, 1e-06, -0.0, 0.0, 0.0, 0.0, 1.0],
                [1.0, 0.0, -0.0, -0.0, -0.0, 1e-06, -1.0, 0.37472, -0.0, 1.0, 1e-06, 0.0, 0.0, 0.0, 0.0, 1.0],
                [1.0, 0.0, -0.0, 0.0, -0.0, 1e-06, -1.0, 0.37472, -0.0, 1.0, 1e-06, -0.0, 0.0, 0.0, 0.0, 1.0],
                [1.0, 0.0, -0.0, -0.0, -0.0, 1e-06, -1.0, 0.37472, -0.0, 1.0, 1e-06, 0.0, 0.0, 0.0, 0.0, 1.0]
            ]
        },
        {
            "name": "Thigh_L",
            "time": [0.0, 0.15, 0.3333, 0.4, 0.4667, 0.7333, 0.95, 1.1833],
            "transform": [
                [0.854613, -0.409765, -0.318949, -0.125006, -0.087524, -0.719117, 0.689355, -0.002831, -0.511835, -0.561216, -0.650431, -1.2e-05, 0.0, 0.0, 0.0, 1.0],
                [0.774879, -0.330387, -0.538893, -0.125006, -0.043158, -0.878195, 0.476351, -0.002831, -0.630633, -0.345857, -0.694755, -1.2e-05, 0.0, 0.0, 0.0, 1.0],
                [0.759743, -0.311861, -0.570555, -0.125006, -0.039676, -0.898075, 0.438048, -0.002831, -0.649011, -0.310167, -0.69468, -1.2e-05, 0.0, 0.0, 0.0, 1.0],
                [0.92293, 0.015696, -0.384646, -0.125006, -0.111559, -0.94539, -0.306256, -0.002831, -0.368447, 0.325564, -0.870778, -1.2e-05, 0.0, 0.0, 0.0, 1.0],
                [0.843017, -0.495175, -0.210054, -0.125006, -0.518395, -0.852128, -0.071719, -0.002831, -0.143479, 0.169352, -0.975055, -1.2e-05, 0.0, 0.0, 0.0, 1.0],
                [0.822901, -0.56765, -0.024612, -0.125006, -0.556603, -0.796673, -0.235594, -0.002831, 0.114128, 0.20757, -0.971539, -1.2e-05, 0.0, 0.0, 0.0, 1.0],
                [0.843742, -0.466544, 0.265397, -0.125006, -0.51659, -0.840074, 0.165556, -0.002831, 0.145714, -0.276788, -0.949818, -1.2e-05, 0.0, 0.0, 0.0, 1.0],
                [0.869242, -0.05516, -0.491298, -0.125006, -0.021407, -0.997024, 0.074063, -0.002831, -0.493921, -0.053862, -0.867837, -1.2e-05, 0.0, 0.0, 0.0, 1.0]
            ]
        },
        {
            "name": "Leg_L",
            "time": [0.0, 0.15, 0.3333, 0.4, 0.4667, 0.7333, 0.95, 1.1833],
            "transform": [
                [1.0, -1e-06, 1e-06, -0.0, -1e-06, -0.474771, 0.880109, 0.37472, -1e-06, -0.880109, -0.474771, 0.0, 0.0, 0.0, 0.0, 1.0],
                [1.0, 0.0, 1e-06, -0.0, -1e-06, 0.84324, 0.537538, 0.37472, -0.0, -0.537537, 0.84324, -0.0, 0.0, 0.0, 0.0, 1.0],
                [1.0, 1e-06, 1e-06, 0.0, -1e-06, 0.945017, 0.327021, 0.37472, -0.0, -0.327021, 0.945017, 0.0, 0.0, 0.0, 0.0, 1.0],
                [1.0, 1e-06, 1e-06, 0.0, -1e-06, 0.960152, 0.279476, 0.37472, -0.0, -0.279476, 0.960153, -0.0, 0.0, 0.0, 0.0, 1.0],
                [1.0, 1e-06, 0.0, -0.0, -1e-06, 0.966079, 0.258245, 0.37472, -0.0, -0.258245, 0.96608, 0.0, 0.0, 0.0, 0.0, 1.0],
                [1.0, 0.0, 1e-06, 0.0, -1e-06, 0.966659, 0.256066, 0.37472, -0.0, -0.256065, 0.96666, 0.0, 0.0, 0.0, 0.0, 1.0],
                [1.0, 0.0, 1e-06, 0.0, -1e-06, 0.825379, 0.564579, 0.37472, -0.0, -0.564579, 0.825379, -0.0, 0.0, 0.0, 0.0, 1.0],
                [0.999989, -0.003452, -0.00313, -0.0, 0.003782, 0.993653, 0.112423, 0.37472, 0.002722, -0.112434, 0.993656, 0.0, 0.0, 0.0, 0.0, 1.0]
            ]
        },
        {
            "name": "Knee_L",
            "time": [0.0, 0.15, 0.3333, 0.4, 0.4667, 0.7333, 0.95, 1.1833],
            "transform": [
                [1.0, 0.0, -0.0, -0.0001, -0.0, 1e-06, -1.0, 0.433466, -0.0, 1.0, 1e-06, -0.000823, 0.0, 0.0, 0.0, 1.0],
                [1.0, 0.0, -0.0, -0.0001, -0.0, -0.219724, -0.975562, 0.433466, -0.0, 0.975562, -0.219724, -0.000823, 0.0, 0.0, 0.0, 1.0],
                [1.0, -0.0, -0.0, -0.0001, -0.0, -0.292562, -0.956247, 0.433466, -0.0, 0.956247, -0.292562, -0.000823, 0.0, 0.0, 0.0, 1.0],
                [1.0, -0.0, -0.0, -0.0001, -0.0, -0.331689, -0.943389, 0.433466, -0.0, 0.943389, -0.331689, -0.000823, 0.0, 0.0, 0.0, 1.0],
                [1.0, -0.0, -0.0, -0.0001, -0.0, -0.358083, -0.93369, 0.433466, -0.0, 0.93369, -0.358083, -0.000823, 0.0, 0.0, 0.0, 1.0],
                [1.0, -0.0, -0.0, -0.0001, -0.0, -0.365583, -0.930779, 0.433466, -0.0, 0.930779, -0.365583, -0.000823, 0.0, 0.0, 0.0, 1.0],
                [1.0, -0.0, -0.0, -0.0001, -0.0, -0.365583, -0.930779, 0.433466, -0.0, 0.930779, -0.365583, -0.000823, 0.0, 0.0, 0.0, 1.0],
                [1.0, 0.0, -0.0, -0.0, -0.0, 1e-06, -1.0, 0.37472, -0.0, 1.0, 1e-06, 0.0, 0.0, 0.0, 0.0, 1.0]
            ]
        },
        {
            "name": "Torso",
            "time": [0.0, 0.15, 0.3333, 0.4, 0.4667, 0.7333, 0.95, 1.1833],
            "transform": [
                [1.0, -0.0, -0.0, 0.0, 0.0, 0.996195, 0.087156, 0.05, -0.0, -0.087156, 0.996195, 0.0, 0.0, 0.0, 0.0, 1.0],
                [0.989182, 0.085069, -0.119507, 0.0, -0.082398, 0.99623, 0.027128, 0.05, 0.121364, -0.016988, 0.992463, -0.0, 0.0, 0.0, 0.0, 1.0],
                [0.983899, 0.111607, -0.139595, -0.0, -0.111859, 0.993706, 0.006069, 0.05, 0.139393, 0.009644, 0.99019, 0.0, 0.0, 0.0, 0.0, 1.0],
                [0.983985, 0.1254, -0.126679, -0.0, -0.127742, 0.991752, -0.010507, 0.05, 0.124316, 0.026521, 0.991888, 0.0, 0.0, 0.0, 0.0, 1.0],
                [0.984987, 0.135007, -0.10758, 0.0, -0.138261, 0.99012, -0.023358, 0.05, 0.103364, 0.037882, 0.993922, 0.0, 0.0, 0.0, 0.0, 1.0],
                [0.986186, 0.137928, -0.091727, 0.0, -0.141034, 0.989601, -0.028262, 0.05, 0.086875, 0.040809, 0.995383, 0.0, 0.0, 0.0, 0.0, 1.0],
                [0.987372, 0.13797, -0.077854, 0.0, -0.140599, 0.989632, -0.029343, 0.05, 0.072999, 0.039919, 0.996533, 0.0, 0.0, 0.0, 0.0, 1.0],
                [0.999042, -0.043673, -0.002706, -0.0, 0.04367, 0.999045, -0.001423, 0.05, 0.002765, 0.001304, 0.999995, 0.0, 0.0, 0.0, 0.0, 1.0]
            ]
        },
        {
            "name": "Chest",
            "time": [0.0, 0.15, 0.3333, 0.4, 0.4667, 0.7333, 0.95, 1.1833],
            "transform": [
                [1.0, 0.0, 0.0, 0.0, -0.0, 0.999278, 0.038001, 0.3, -0.0, -0.038001, 0.999278, 0.0, 0.0, 0.0, 0.0, 1.0],
                [0.9512, -0.159158, -0.264363, -0.0, 0.197744, 0.972088, 0.12626, 0.3, 0.236888, -0.172375, 0.956123, -0.0, 0.0, 0.0, 0.0, 1.0],
                [0.93347, -0.181844, -0.30914, 0.0, 0.232636, 0.963009, 0.135995, 0.3, 0.272975, -0.198864, 0.941243, 0.0, 0.0, 0.0, 0.0, 1.0],
                [0.732794, -0.125415, 0.668792, 0.0, 0.003101, 0.983473, 0.181028, 0.3, -0.680443, -0.130582, 0.721073, 0.0, 0.0, 0.0, 0.0, 1.0],
                [0.775667, -0.065644, 0.627719, 0.0, -0.122354, 0.960068, 0.251591, 0.3, -0.619169, -0.271955, 0.736662, -0.0, 0.0, 0.0, 0.0, 1.0],
                [0.954914, -0.0, 0.296883, 0.0, -0.011282, 0.999278, 0.036288, 0.3, -0.296669, -0.038001, 0.954224, 0.0, 0.0, 0.0, 0.0, 1.0],
                [0.922966, -0.0, 0.384883, 0.0, -0.014626, 0.999278, 0.035074, 0.3, -0.384604, -0.038001, 0.922299, 0.0, 0.0, 0.0, 0.0, 1.0],
                [0.999771, -0.021316, -0.002029, 0.0, 0.021411, 0.994316, 0.104295, 0.3, -0.000206, -0.104315, 0.994545, 0.0, 0.0, 0.0, 0.0, 1.0]
            ]
        },
        {
            "name": "Head",
            "time": [0.0, 0.15, 0.3333, 0.4, 0.4667, 0.7333, 0.95, 1.1833],
            "transform": [
                [0.89967, -0.013289, 0.436368, 0.0, 0.054549, 0.995125, -0.082159, 0.4, -0.433149, 0.09772, 0.896009, -0.0, 0.0, 0.0, 0.0, 1.0],
                [0.600419, -0.013289, 0.799575, -0.0, 0.08609, 0.995125, -0.048107, 0.4, -0.795038, 0.09772, 0.598636, 0.0, 0.0, 0.0, 0.0, 1.0],
                [0.538359, -0.013289, 0.842611, -0.0, 0.089475, 0.995125, -0.041472, 0.4, -0.837952, 0.09772, 0.536924, -0.0, 0.0, 0.0, 0.0, 1.0],
                [0.960209, -0.013082, -0.278974, 0.0, -0.015015, 0.995039, -0.098342, 0.4, 0.278877, 0.098618, 0.95525, 0.0, 0.0, 0.0, 0.0, 1.0],
                [0.470335, -0.013522, -0.882384, -0.0, -0.081095, 0.99499, -0.058473, 0.4, 0.878754, 0.099059, 0.466882, 0.0, 0.0, 0.0, 0.0, 1.0],
                [0.675838, -0.013289, -0.736931, 0.0, -0.063086, 0.995125, -0.075802, 0.4, 0.734346, 0.09772, 0.671705, -0.0, 0.0, 0.0, 0.0, 1.0],
                [0.522802, -0.013289, -0.852351, -0.0, -0.076391, 0.995125, -0.062371, 0.4, 0.849025, 0.09772, 0.519238, -0.0, 0.0, 0.0, 0.0, 1.0],
                [0.853111, 0.037721, 0.520365, -0.0, -0.006297, 0.998055, -0.062025, 0.4, -0.521692, 0.049637, 0.851689, 0.0, 0.0, 0.0, 0.0, 1.0]
            ]
        },
        {
            "name": "Shoulder_R",
            "time": [0.0, 0.15, 0.3333, 0.4, 0.4667, 0.7333, 0.95, 1.1833],
            "transform": [
                [0.0, 0.921334, 0.388771, 0.0, 0.0, -0.388771, 0.921334, 0.4, 1.0, 0.0, -0.0, -0.0, 0.0, 0.0, 0.0, 1.0],
                [0.0, 0.921334, 0.388771, -0.0, 0.0, -0.388771, 0.921334, 0.4, 1.0, 0.0, -0.0, 0.0, 0.0, 0.0, 0.0, 1.0],
                [0.0, 0.921334, 0.388771, -0.0, 0.0, -0.388771, 0.921334, 0.4, 1.0, 0.0, -0.0, -0.0, 0.0, 0.0, 0.0, 1.0],
                [0.0, 0.952473, 0.304621, 0.0, -0.0, -0.304621, 0.952474, 0.4, 1.0, -0.0, 0.0, 0.0, 0.0, 0.0, 0.0, 1.0],
                [0.0, 0.979523, 0.201332, -0.0, 0.0, -0.201332, 0.979523, 0.4, 1.0, -0.0, -0.0, 0.0, 0.0, 0.0, 0.0, 1.0],
                [0.0, 0.987606, 0.156949, 0.0, 0.0, -0.156949, 0.987607, 0.4, 1.0, -0.0, -0.0, -0.0, 0.0, 0.0, 0.0, 1.0],
                [0.0, 0.921334, 0.388771, -0.0, 0.0, -0.388771, 0.921334, 0.4, 1.0, -0.0, -0.0, -0.0, 0.0, 0.0, 0.0, 1.0],
                [0.110305, 0.959352, 0.259762, -0.0, 0.091141, -0.270019, 0.958532, 0.4, 0.98971, -0.082056, -0.11722, 0.0, 0.0, 0.0, 0.0, 1.0]
            ]
        },
        {
            "name": "Arm_R",
            "time": [0.0, 0.15, 0.3333, 0.4, 0.4667, 0.7333, 0.95, 1.1833],
            "transform": [
                [-0.020168, 0.093119, -0.99545, -0.0, 0.744298, 0.666175, 0.047238, 0.39386, 0.667543, -0.73996, -0.082744, 0.0, 0.0, 0.0, 0.0, 1.0],
                [0.063873, 0.490574, -0.869055, 0.0, -0.134582, 0.867113, 0.479586, 0.39386, 0.988842, 0.086326, 0.121407, 0.0, 0.0, 0.0, 0.0, 1.0],
                [0.039535, 0.545365, -0.837266, 0.0, -0.279476, 0.810514, 0.514743, 0.39386, 0.959338, 0.213645, 0.18446, -0.0, 0.0, 0.0, 0.0, 1.0],
                [0.093176, -0.985231, -0.143662, 0.0, -0.210015, 0.121595, -0.970108, 0.39386, 0.973248, 0.120561, -0.195583, -0.0, 0.0, 0.0, 0.0, 1.0],
                [0.18953, -0.409734, -0.892298, 0.0, -0.128179, 0.890668, -0.436211, 0.39386, 0.973472, 0.197049, 0.116289, 0.0, 0.0, 0.0, 0.0, 1.0],
                [0.247084, -0.52293, -0.815778, -0.0, 0.105634, 0.8514, -0.51377, 0.393861, 0.963219, 0.040771, 0.265607, 0.0, 0.0, 0.0, 0.0, 1.0],
                [0.984819, -0.168973, -0.039741, -0.0, 0.171135, 0.983458, 0.059349, 0.39386, 0.029056, -0.065249, 0.997446, -0.0, 0.0, 0.0, 0.0, 1.0],
                [0.024371, 0.061937, -0.997782, 0.0, 0.945036, 0.324098, 0.0432, 0.393861, 0.326055, -0.943994, -0.050634, 0.0, 0.0, 0.0, 0.0, 1.0]
            ]
        },
        {
            "name": "Hand_R",
            "time": [0.0, 0.15, 0.3333, 0.3667, 0.4, 0.4667, 0.7333, 0.95, 1.1833],
            "transform": [
                [1.0, 0.0, 0.0, -0.0, 0.0, 0.988058, -0.154084, 0.3, -0.0, 0.154084, 0.988058, -0.0, 0.0, 0.0, 0.0, 1.0],
                [1.0, 0.0, -0.0, -0.0, -0.0, 0.195501, -0.980703, 0.3, -0.0, 0.980703, 0.195501, -0.0, 0.0, 0.0, 0.0, 1.0],
                [1.0, 0.0, -0.0, -0.0, -0.0, 0.010977, -0.99994, 0.3, -0.0, 0.99994, 0.010977, 0.0, 0.0, 0.0, 0.0, 1.0],
                [0.999721, -0.020078, 0.012424, 0.0, 0.013223, 0.040181, -0.999105, 0.3, 0.019561, 0.998991, 0.040436, 0.0, 0.0, 0.0, 0.0, 1.0],
                [0.997971, 0.049987, 0.03944, -0.0, -0.013018, 0.766513, -0.642096, 0.3, -0.062328, 0.64028, 0.765609, -0.0, 0.0, 0.0, 0.0, 1.0],
                [0.990328, 0.08169, 0.11215, -0.0, -0.060335, 0.98143, -0.182086, 0.3, -0.124942, 0.173559, 0.976866, -0.0, 0.0, 0.0, 0.0, 1.0],
                [0.986261, 0.139446, 0.088564, 0.0, -0.09715, 0.92323, -0.371763, 0.3, -0.133606, 0.358051, 0.924094, 0.0, 0.0, 0.0, 0.0, 1.0],
                [1.0, 0.0, 0.0, 0.0, -0.0, 0.988943, -0.148299, 0.3, -0.0, 0.148299, 0.988943, -0.0, 0.0, 0.0, 0.0, 1.0],
                [0.999998, -0.000405, 0.001778, 0.0, 0.000868, 0.963176, -0.268872, 0.3, -0.001603, 0.268873, 0.963174, 0.0, 0.0, 0.0, 0.0, 1.0]
            ]
        },
        {
            "name": "Tool_R",
            "time": [0.0, 0.15, 0.3333, 0.3667, 0.4, 0.4667, 0.7333, 0.95, 1.1833],
            "transform": [
                [1.0, 0.0, 0.0, 0.0, 0.0, -0.999836, 0.018122, 0.272858, 0.0, -0.018122, -0.999244, -0.0, 0.0, 0.0, 0.0, 1.0],
                [1.0, 0.0, 0.0, -0.0, 0.0, -0.999836, 0.018122, 0.272858, 0.0, -0.018122, -0.999244, 0.0, 0.0, 0.0, 0.0, 1.0],
                [1.0, 0.0, 0.0, -0.0, 0.0, -0.999836, 0.018122, 0.272858, 0.0, -0.018122, -0.999244, -0.0, 0.0, 0.0, 0.0, 1.0],
                [0.745106, 0.666925, 0.005305, -0.002824, 0.2424, -0.263389, -0.933739, 0.274726, -0.620966, 0.696605, -0.357714, 0.006906, 0.0, 0.0, 0.0, 1.0],
                [0.212596, 0.972457, -0.09555, -0.008312, -0.628666, 0.061263, -0.775259, 0.278355, -0.747616, 0.224754, 0.623997, 0.020324, 0.0, 0.0, 0.0, 1.0],
                [0.294738, 0.927442, -0.230174, -0.018192, -0.348272, -0.120049, -0.929674, 0.284889, -0.889329, 0.353963, 0.287439, 0.044482, 0.0, 0.0, 0.0, 1.0],
                [0.367035, 0.917729, -0.151849, -0.022374, -0.24273, -0.063096, -0.96804, 0.287655, -0.89745, 0.39193, 0.199474, 0.054707, 0.0, 0.0, 0.0, 1.0],
                [1.0, -0.0, 0.0, -0.0, -0.0, -0.86815, -0.496302, 0.272858, 0.0, 0.495998, -0.867642, 0.0, 0.0, 0.0, 0.0, 1.0],
                [0.993314, -0.054493, -0.101777, -0.003097, -0.088154, -0.927265, -0.363881, 0.281251, -0.074502, 0.37019, -0.925324, 0.054926, 0.0, 0.0, 0.0, 1.0]
            ]
        },
        {
            "name": "Elbow_R",
            "time": [0.0, 0.15, 0.3333, 0.4, 0.4667, 0.7333, 0.95, 1.1833],
            "transform": [
                [-1.0, 0.0, 0.0, -0.0, 0.0, 0.0, -1.0, 0.3, -0.0, -1.0, 0.0, -0.0, 0.0, 0.0, 0.0, 1.0],
                [-1.0, 0.0, -0.0, -0.0, 0.0, -0.0, -1.0, 0.3, -0.0, -1.0, 0.0, -0.0, 0.0, 0.0, 0.0, 1.0],
                [-1.0, 0.0, -0.0, -0.0, 0.0, -0.0, -1.0, 0.3, -0.0, -1.0, 0.0, 0.0, 0.0, 0.0, 0.0, 1.0],
                [-1.0, 0.0, 0.0, -0.0, 0.0, -0.0, -1.0, 0.3, -0.0, -1.0, 0.0, -0.0, 0.0, 0.0, 0.0, 1.0],
                [-1.0, 0.0, -0.0, -0.0, 0.0, -0.0, -1.0, 0.3, -0.0, -1.0, 0.0, -0.0, 0.0, 0.0, 0.0, 1.0],
                [-1.0, 0.0, -0.0, 0.0, 0.0, -0.0, -1.0, 0.3, -0.0, -1.0, 0.0, 0.0, 0.0, 0.0, 0.0, 1.0],
                [-1.0, 0.0, -0.0, 0.0, 0.0, -0.0, -1.0, 0.3, -0.0, -1.0, 0.0, -0.0, 0.0, 0.0, 0.0, 1.0],
                [-1.0, 0.0, -0.0, -0.0, 0.0, 0.0, -1.0, 0.429832, -0.0, -1.0, 0.0, -0.0, 0.0, 0.0, 0.0, 1.0]
            ]
        },
        {
            "name": "Shoulder_L",
            "time": [0.0, 0.15, 0.3333, 0.4, 0.4667, 0.7333, 0.95, 1.1833],
            "transform": [
                [-0.0, -0.952114, -0.305743, 0.0, 0.0, -0.305743, 0.952114, 0.4, -1.0, -0.0, 0.0, -0.0, 0.0, 0.0, 0.0, 1.0],
                [-0.0, -0.952114, -0.305743, -0.0, 0.0, -0.305743, 0.952114, 0.4, -1.0, -0.0, 0.0, 0.0, 0.0, 0.0, 0.0, 1.0],
                [-0.0, -0.952114, -0.305743, -0.0, 0.0, -0.305743, 0.952114, 0.4, -1.0, 0.0, 0.0, -0.0, 0.0, 0.0, 0.0, 1.0],
                [0.0, -0.952114, -0.305743, 0.0, 0.0, -0.305743, 0.952114, 0.4, -1.0, -0.0, 0.0, 0.0, 0.0, 0.0, 0.0, 1.0],
                [-0.0, -0.952114, -0.305743, -0.0, 0.0, -0.305743, 0.952114, 0.4, -1.0, -0.0, 0.0, 0.0, 0.0, 0.0, 0.0, 1.0],
                [0.0, -0.952114, -0.305743, 0.0, 0.0, -0.305743, 0.952114, 0.4, -1.0, 0.0, 0.0, -0.0, 0.0, 0.0, 0.0, 1.0],
                [-0.0, -0.952114, -0.305743, -0.0, 0.0, -0.305743, 0.952114, 0.4, -1.0, 0.0, 0.0, -0.0, 0.0, 0.0, 0.0, 1.0],
                [-0.226937, -0.879834, -0.417602, -0.0, -0.021067, -0.424255, 0.905298, 0.4, -0.973681, 0.214244, 0.077744, 0.0, 0.0, 0.0, 0.0, 1.0]
            ]
        },
        {
            "name": "Arm_L",
            "time": [0.0, 0.15, 0.3333, 0.4, 0.4667, 0.7333, 0.95, 1.1833],
            "transform": [
                [0.3277, 0.07163, 0.942063, -0.0, -0.866197, 0.420926, 0.269305, 0.39386, -0.377248, -0.904262, 0.199983, 0.0, 0.0, 0.0, 0.0, 1.0],
                [0.492492, -0.051271, 0.868805, 0.0, -0.18171, 0.970205, 0.160259, 0.39386, -0.851136, -0.236797, 0.468502, 0.0, 0.0, 0.0, 0.0, 1.0],
                [0.504891, -0.082636, 0.859219, 0.0, -0.046352, 0.991375, 0.122584, 0.39386, -0.861938, -0.101719, 0.496705, 0.0, 0.0, 0.0, 0.0, 1.0],
                [0.420543, -0.107309, 0.900904, 0.0, -0.194445, 0.959247, 0.205026, 0.39386, -0.886191, -0.261399, 0.382539, 0.0, 0.0, 0.0, 0.0, 1.0],
                [0.30256, -0.173931, 0.937126, -0.0, -0.37536, 0.88201, 0.28489, 0.393861, -0.876106, -0.437956, 0.201574, -0.0, 0.0, 0.0, 0.0, 1.0],
                [0.216586, -0.249054, 0.943961, -0.0, -0.45457, 0.829974, 0.323278, 0.39386, -0.863977, -0.499114, 0.066548, 0.0, 0.0, 0.0, 0.0, 1.0],
                [0.162844, -0.314842, 0.93507, 0.0, -0.429238, 0.830729, 0.354463, 0.39386, -0.88839, -0.45909, 0.000137, -0.0, 0.0, 0.0, 0.0, 1.0],
                [0.036604, 0.052076, 0.997972, 0.0, -0.871994, 0.489475, 0.006442, 0.39386, -0.488147, -0.870461, 0.063327, -0.0, 0.0, 0.0, 0.0, 1.0]
            ]
        },
        {
            "name": "Hand_L",
            "time": [0.0, 0.15, 0.3333, 0.4, 0.4667, 0.7333, 0.95, 1.1833],
            "transform": [
                [0.999999, 0.001224, 0.001179, 0.0, 0.00016, 0.623052, -0.782181, 0.3, -0.001691, 0.78218, 0.623051, 0.0, 0.0, 0.0, 0.0, 1.0],
                [0.999999, 0.001224, 0.001179, 0.0, 0.00016, 0.623052, -0.782181, 0.3, -0.001691, 0.78218, 0.623051, 0.0, 0.0, 0.0, 0.0, 1.0],
                [0.999999, 0.001224, 0.001179, -0.0, 0.00016, 0.623052, -0.782181, 0.3, -0.001691, 0.78218, 0.623051, -0.0, 0.0, 0.0, 0.0, 1.0],
                [0.999999, 0.001224, 0.001179, -0.0, 0.00016, 0.623052, -0.782181, 0.3, -0.001691, 0.78218, 0.623051, -0.0, 0.0, 0.0, 0.0, 1.0],
                [0.999999, 0.001224, 0.001179, 0.0, 0.00016, 0.623052, -0.782181, 0.3, -0.001691, 0.78218, 0.623051, -0.0, 0.0, 0.0, 0.0, 1.0],
                [0.999999, 0.001224, 0.001179, -0.0, 0.00016, 0.623052, -0.782181, 0.3, -0.001691, 0.78218, 0.623051, -0.0, 0.0, 0.0, 0.0, 1.0],
                [0.999999, 0.001224, 0.001179, 0.0, 0.00016, 0.623052, -0.782181, 0.3, -0.001691, 0.78218, 0.623051, -0.0, 0.0, 0.0, 0.0, 1.0],
                [0.999993, -0.001541, -0.00347, -0.0, 0.000938, 0.985901, -0.167329, 0.3, 0.003679, 0.167324, 0.985895, 0.0, 0.0, 0.0, 0.0, 1.0]
            ]
        },
        {
            "name": "Tool_L",
            "time": [0.0, 0.15, 0.3333, 0.4, 0.4667, 0.7333, 0.95, 1.1833],
            "transform": [
                [1.0, 0.0, 0.0, 0.0, 0.0, -0.999836, 0.018122, 0.272858, 0.0, -0.018122, -0.999247, 0.0, 0.0, 0.0, 0.0, 1.0],
                [1.0, 0.0, 0.0, 0.0, 0.0, -0.999836, 0.018122, 0.272858, 0.0, -0.018122, -0.999247, 0.0, 0.0, 0.0, 0.0, 1.0],
                [1.0, 0.0, 0.0, -0.0, 0.0, -0.999836, 0.018122, 0.272858, 0.0, -0.018122, -0.999247, -0.0, 0.0, 0.0, 0.0, 1.0],
                [1.0, 0.0, 0.0, 0.0, 0.0, -0.999836, 0.018122, 0.272858, 0.0, -0.018122, -0.999248, 0.0, 0.0, 0.0, 0.0, 1.0],
                [1.0, 0.0, 0.0, -0.0, 0.0, -0.999836, 0.018122, 0.272858, 0.0, -0.018122, -0.999247, -0.0, 0.0, 0.0, 0.0, 1.0],
                [1.0, 0.0, 0.0, 0.0, 0.0, -0.999836, 0.018122, 0.272858, 0.0, -0.018122, -0.999247, 0.0, 0.0, 0.0, 0.0, 1.0],
                [1.0, 0.0, 0.0, -0.0, -0.0, -0.999836, 0.018122, 0.272858, 0.0, -0.018122, -0.999247, 0.0, 0.0, 0.0, 0.0, 1.0],
                [0.997004, 0.01104, -0.076554, 0.0, -0.036659, -0.804079, -0.593391, 0.272858, -0.068067, 0.594062, -0.8008, -0.0, 0.0, 0.0, 0.0, 1.0]
            ]
        },
        {
            "name": "Elbow_L",
            "time": [0.0, 0.15, 0.3333, 0.4, 0.4667, 0.7333, 0.95, 1.1833],
            "transform": [
                [-1.0, 0.0, -0.0, 4.4e-05, 0.0, -0.0, -1.0, 0.393784, -0.0, -1.0, -0.0, -9.6e-05, 0.0, 0.0, 0.0, 1.0],
                [-1.0, 0.0, 0.0, 4.4e-05, 0.0, -0.0, -1.0, 0.393784, -0.0, -1.0, -0.0, -9.6e-05, 0.0, 0.0, 0.0, 1.0],
                [-1.0, 0.0, -0.0, 4.4e-05, 0.0, -0.0, -1.0, 0.393784, -0.0, -1.0, -0.0, -9.6e-05, 0.0, 0.0, 0.0, 1.0],
                [-1.0, 0.0, -0.0, 4.4e-05, 0.0, -0.0, -1.0, 0.393784, -0.0, -1.0, -0.0, -9.6e-05, 0.0, 0.0, 0.0, 1.0],
                [-1.0, 0.0, -0.0, 4.4e-05, 0.0, -0.0, -1.0, 0.393784, -0.0, -1.0, -0.0, -9.6e-05, 0.0, 0.0, 0.0, 1.0],
                [-1.0, 0.0, -0.0, 4.4e-05, 0.0, -0.0, -1.0, 0.393784, -0.0, -1.0, -0.0, -9.6e-05, 0.0, 0.0, 0.0, 1.0],
                [-1.0, 0.0, -0.0, 4.4e-05, -0.0, -0.0, -1.0, 0.393784, -0.0, -1.0, -0.0, -9.6e-05, 0.0, 0.0, 0.0, 1.0],
                [-1.0, 0.0, -0.0, 2.7e-05, 0.0, -0.0, -1.0, 0.396148, -0.0, -1.0, -0.0, -0.002121, 0.0, 0.0, 0.0, 1.0]
            ]
        }
    ]
}