{
    "animation": [
        {
            "name": "Root",
            "time": [0.0, 0.1667, 0.3167, 0.5667, 0.6833, 0.9667, 1.4],
            "transform": [
                [0.854339, 0.028643, -0.518927, -5e-06, -0.51914, 0.0, -0.854689, 0.000946, -0.024481, 0.99959, 0.01487, 0.753683, 0.0, 0.0, 0.0, 1.0],
                [0.608584, 0.123245, -0.78386, 0.037379, -0.793102, 0.063592, -0.60576, -0.154093, -0.024809, 0.990337, 0.136447, 0.706816, 0.0, 0.0, 0.0, 1.0],
                [0.940266, -0.184446, 0.286147, 0.078828, 0.321773, 0.206981, -0.923916, -0.161607, 0.111185, 0.960801, 0.253967, 0.758538, 0.0, 0.0, 0.0, 1.0],
                [0.898156, -0.21145, 0.385494, 0.085306, 0.424942, 0.192379, -0.884542, -0.152799, 0.112875, 0.958269, 0.26264, 0.766908, 0.0, 0.0, 0.0, 1.0],
                [0.891537, 0.033697, -0.451693, 0.028187, -0.452171, 0.007818, -0.891897, -0.170898, -0.026523, 0.999402, 0.022207, 0.735138, 0.0, 0.0, 0.0, 1.0],
                [0.789837, 0.028643, -0.612647, 0.029547, -0.612899, 0.0, -0.790161, -0.24717, -0.022633, 0.99959, 0.017555, 0.760108, 0.0, 0.0, 0.0, 1.0],
                [0.854339, 0.028643, -0.518927, -5e-06, -0.51914, 0.0, -0.854689, 0.000946, -0.024481, 0.99959, 0.01487, 0.753683, 0.0, 0.0, 0.0, 1.0]
            ]
        },
        {
            "name": "Thigh_R",
            "time": [0.0, 0.1667, 0.3167, 0.5667, 0.6833, 0.9667, 1.4],
            "transform": [
                [0.992811, 0.11785, -0.020883, 0.124994, 0.118536, -0.992318, 0.035348, -0.002831, -0.016557, -0.037569, -0.999157, -1.2e-05, 0.0, 0.0, 0.0, 1.0],
                [0.921842, 0.364742, 0.131035, 0.124994, 0.376406, -0.923123, -0.078477, -0.002831, 0.092338, 0.121666, -0.988267, -1.2e-05, 0.0, 0.0, 0.0, 1.0],
                [0.959938, 0.209508, -0.186078, 0.124994, 0.28015, -0.703475, 0.653175, -0.002831, 0.005944, -0.679135, -0.733988, -1.2e-05, 0.0, 0.0, 0.0, 1.0],
                [0.961641, 0.181899, -0.205325, 0.124994, 0.274269, -0.650502, 0.708253, -0.002831, -0.004734, -0.737398, -0.675441, -1.2e-05, 0.0, 0.0, 0.0, 1.0],
                [0.932583, 0.344741, 0.106961, 0.106933, 0.342795, -0.938692, 0.036667, -0.034167, 0.113044, 0.002471, -0.993587, 0.032601, 0.0, 0.0, 0.0, 1.0],
                [0.944588, 0.324575, 0.049021, 0.109878, 0.328044, -0.938763, -0.10539, -0.048539, 0.011812, 0.115631, -0.993222, 0.042366, 0.0, 0.0, 0.0, 1.0],
                [0.992811, 0.11785, -0.020883, 0.124994, 0.118536, -0.992318, 0.035348, -0.002831, -0.016557, -0.037569, -0.999157, -1.2e-05, 0.0, 0.0, 0.0, 1.0]
            ]
        },
        {
            "name": "Leg_R",
            "time": [0.0, 0.1667, 0.3167, 0.5667, 0.6833, 0.9667, 1.4],
            "transform": [
                [1.0, -0.0, 1e-06, 0.0, 0.0, 0.997612, 0.069073, 0.37472, -1e-06, -0.069073, 0.997611, 0.0, 0.0, 0.0, 0.0, 1.0],
                [1.0, -0.0, 1e-06, 0.0, 0.0, 0.997612, 0.069073, 0.37472, -1e-06, -0.069073, 0.997611, 0.0, 0.0, 0.0, 0.0, 1.0],
                [1.0, -1e-06, 0.0, 0.0, -0.0, 0.436936, 0.899492, 0.37472, -1e-06, -0.899493, 0.436936, -0.0, 0.0, 0.0, 0.0, 1.0],
                [1.0, -1e-06, 0.0, 0.0, 0.0, 0.347025, 0.937855, 0.37472, -1e-06, -0.937857, 0.347024, 0.0, 0.0, 0.0, 0.0, 1.0],
                [1.0, -0.0, 1e-06, -0.0, 0.0, 0.979602, 0.200951, 0.37472, -1e-06, -0.200951, 0.9796, 0.0, 0.0, 0.0, 0.0, 1.0],
                [1.0, -0.0, 1e-06, 0.0, 0.0, 0.997612, 0.069073, 0.37472, -1e-06, -0.069073, 0.997611, 0.0, 0.0, 0.0, 0.0, 1.0],
                [1.0, -0.0, 1e-06, 0.0, 0.0, 0.997612, 0.069073, 0.37472, -1e-06, -0.069073, 0.997611, 0.0, 0.0, 0.0, 0.0, 1.0]
            ]
        },
        {
            "name": "Knee_R",
            "time": [0.0, 0.1667, 0.3167, 0.5667, 0.6833, 0.9667, 1.4],
            "transform": [
                [1.0, 0.0, -0.0, 0.0, -0.0, 1e-06, -1.0, 0.37472, -0.0, 1.0, 1e-06, 0.0, 0.0, 0.0, 0.0, 1.0],
                [1.0, 0.0, -0.0, 0.0, -0.0, 1e-06, -1.0, 0.37472, -0.0, 1.0, 1e-06, 0.0, 0.0, 0.0, 0.0, 1.0],
                [1.0, 0.0, -0.0, 0.0, -0.0, 0.312641, -0.949871, 0.37472, -0.0, 0.949871, 0.312641, -0.0, 0.0, 0.0, 0.0, 1.0],
                [1.0, 0.0, -0.0, 0.0, -0.0, 0.341831, -0.939761, 0.37472, -0.0, 0.939761, 0.341831, 0.0, 0.0, 0.0, 0.0, 1.0],
                [1.0, 0.0, -0.0, -0.0, -0.0, 1e-06, -1.0, 0.37472, -0.0, 1.0, 1e-06, 0.0, 0.0, 0.0, 0.0, 1.0],
                [1.0, 0.0, -0.0, 0.0, -0.0, 1e-06, -1.0, 0.37472, -0.0, 1.0, 1e-06, 0.0, 0.0, 0.0, 0.0, 1.0],
                [1.0, 0.0, -0.0, 0.0, -0.0, 1e-06, -1.0, 0.37472, -0.0, 1.0, 1e-06, 0.0, 0.0, 0.0, 0.0, 1.0]
            ]
        },
        {
            "name": "Thigh_L",
            "time": [0.0, 0.1667, 0.3167, 0.5667, 0.6833, 0.9667, 1.4],
            "transform": [
                [0.869242, -0.05516, -0.491298, -0.125006, -0.021407, -0.997024, 0.074063, -0.002831, -0.493921, -0.053862, -0.867836, -1.2e-05, 0.0, 0.0, 0.0, 1.0],
                [0.899637, -0.233518, -0.368945, -0.167158, 0.054068, -0.77889, 0.624825, 0.003504, -0.433276, -0.582065, -0.688093, -0.044308, 0.0, 0.0, 0.0, 1.0],
                [0.950435, -0.243345, 0.193535, -0.167158, -0.302281, -0.868918, 0.391927, 0.003504, 0.072792, -0.431003, -0.899409, -0.044308, 0.0, 0.0, 0.0, 1.0],
                [0.944684, -0.245018, 0.218028, -0.167158, -0.30959, -0.885625, 0.346153, 0.003504, 0.108277, -0.394505, -0.912492, -0.044308, 0.0, 0.0, 0.0, 1.0],
                [0.746766, -0.50668, -0.430832, -0.185108, -0.280766, -0.827396, 0.486401, -0.049861, -0.602918, -0.242265, -0.76013, -0.02263, 0.0, 0.0, 0.0, 1.0],
                [0.78822, -0.431407, -0.438857, -0.176954, -0.165882, -0.835684, 0.523559, -0.053859, -0.592613, -0.339881, -0.730267, -0.038136, 0.0, 0.0, 0.0, 1.0],
                [0.869242, -0.05516, -0.491298, -0.125006, -0.021407, -0.997024, 0.074063, -0.002831, -0.493921, -0.053862, -0.867836, -1.2e-05, 0.0, 0.0, 0.0, 1.0]
            ]
        },
        {
            "name": "Leg_L",
            "time": [0.0, 0.1667, 0.3167, 0.5667, 0.6833, 0.9667, 1.4],
            "transform": [
                [0.999989, -0.003452, -0.00313, 0.0, 0.003782, 0.993653, 0.112423, 0.37472, 0.002722, -0.112434, 0.993656, 0.0, 0.0, 0.0, 0.0, 1.0],
                [0.999989, -0.001886, -0.004261, 0.0, 0.003782, 0.862653, 0.505782, 0.37472, 0.002722, -0.505792, 0.862651, -0.0, 0.0, 0.0, 0.0, 1.0],
                [0.999989, -0.003253, -0.003337, -0.0, 0.003782, 0.984844, 0.173398, 0.37472, 0.002722, -0.173409, 0.984847, 0.0, 0.0, 0.0, 0.0, 1.0],
                [0.999989, -0.003438, -0.003146, 0.0, 0.003782, 0.993123, 0.117009, 0.37472, 0.002722, -0.11702, 0.993126, -0.0, 0.0, 0.0, 0.0, 1.0],
                [0.999989, -0.002052, -0.004184, 0.0, 0.003782, 0.881938, 0.47135, 0.37472, 0.002722, -0.47136, 0.881937, -0.0, 0.0, 0.0, 0.0, 1.0],
                [0.999989, -0.001978, -0.004219, -0.0, 0.003782, 0.873472, 0.486859, 0.37472, 0.002722, -0.48687, 0.873471, -0.0, 0.0, 0.0, 0.0, 1.0],
                [0.999989, -0.003452, -0.00313, 0.0, 0.003782, 0.993653, 0.112423, 0.37472, 0.002722, -0.112434, 0.993656, 0.0, 0.0, 0.0, 0.0, 1.0]
            ]
        },
        {
            "name": "Knee_L",
            "time": [0.0, 0.1667, 0.3167, 0.5667, 0.6833, 0.9667, 1.4],
            "transform": [
                [1.0, 0.0, -0.0, 0.0, -0.0, 1e-06, -1.0, 0.37472, -0.0, 1.0, 1e-06, 0.0, 0.0, 0.0, 0.0, 1.0],
                [1.0, 0.0, -0.0, 0.0, -0.0, 1e-06, -1.0, 0.37472, -0.0, 1.0, 1e-06, -0.0, 0.0, 0.0, 0.0, 1.0],
                [1.0, 0.0, -0.0, -0.0, -0.0, 1e-06, -1.0, 0.37472, -0.0, 1.0, 1e-06, 0.0, 0.0, 0.0, 0.0, 1.0],
                [1.0, 0.0, -0.0, 0.0, -0.0, 1e-06, -1.0, 0.37472, -0.0, 1.0, 1e-06, -0.0, 0.0, 0.0, 0.0, 1.0],
                [1.0, 0.0, -0.0, 0.0, -0.0, 1e-06, -1.0, 0.37472, -0.0, 1.0, 1e-06, -0.0, 0.0, 0.0, 0.0, 1.0],
                [1.0, 0.0, -0.0, -0.0, -0.0, 1e-06, -1.0, 0.37472, -0.0, 1.0, 1e-06, -0.0, 0.0, 0.0, 0.0, 1.0],
                [1.0, 0.0, -0.0, 0.0, -0.0, 1e-06, -1.0, 0.37472, -0.0, 1.0, 1e-06, 0.0, 0.0, 0.0, 0.0, 1.0]
            ]
        },
        {
            "name": "Torso",
            "time": [0.0, 0.1667, 0.3167, 0.5667, 0.6833, 0.9667, 1.4],
            "transform": [
                [0.999042, -0.043673, -0.002705, 0.0, 0.04367, 0.999045, -0.001423, 0.05, 0.002765, 0.001304, 0.999995, -0.0, 0.0, 0.0, 0.0, 1.0],
                [0.999042, -0.043673, -0.002705, -0.0, 0.04367, 0.999045, -0.001423, 0.05, 0.002765, 0.001304, 0.999995, 0.0, 0.0, 0.0, 0.0, 1.0],
                [0.999042, -0.043685, -0.002513, 0.0, 0.04367, 0.999029, -0.005822, 0.05, 0.002765, 0.005707, 0.99998, -0.0, 0.0, 0.0, 0.0, 1.0],
                [0.999042, -0.043686, -0.002494, 0.0, 0.04367, 0.999027, -0.006251, 0.05, 0.002765, 0.006136, 0.999977, 0.0, 0.0, 0.0, 0.0, 1.0],
                [0.998677, -0.043673, -0.027145, -0.0, 0.043622, 0.999045, -0.002491, 0.05, 0.027228, 0.001304, 0.999628, 0.0, 0.0, 0.0, 0.0, 1.0],
                [0.999042, -0.043673, -0.002706, -0.0, 0.04367, 0.999045, -0.001423, 0.05, 0.002765, 0.001304, 0.999995, 0.0, 0.0, 0.0, 0.0, 1.0],
                [0.999042, -0.043673, -0.002705, 0.0, 0.04367, 0.999045, -0.001423, 0.05, 0.002765, 0.001304, 0.999995, -0.0, 0.0, 0.0, 0.0, 1.0]
            ]
        },
        {
            "name": "Chest",
            "time": [0.0, 0.1667, 0.3167, 0.5667, 0.6833, 0.9667, 1.4],
            "transform": [
                [0.999771, -0.021316, -0.002029, 0.0, 0.021411, 0.994316, 0.104295, 0.3, -0.000206, -0.104315, 0.994544, 0.0, 0.0, 0.0, 0.0, 1.0],
                [0.999771, -0.020708, -0.005448, 0.0, 0.021411, 0.96438, 0.263651, 0.3, -0.000206, -0.263707, 0.964603, 0.0, 0.0, 0.0, 0.0, 1.0],
                [0.999771, -0.020708, -0.005448, -0.0, 0.021411, 0.96438, 0.263651, 0.3, -0.000206, -0.263707, 0.964603, 0.0, 0.0, 0.0, 0.0, 1.0],
                [0.999771, -0.020708, -0.005448, 0.0, 0.021411, 0.96438, 0.263651, 0.3, -0.000206, -0.263707, 0.964603, 0.0, 0.0, 0.0, 0.0, 1.0],
                [0.967257, -0.02957, -0.252072, 0.0, 0.061969, 0.990645, 0.121582, 0.3, 0.246118, -0.133221, 0.960041, 0.0, 0.0, 0.0, 0.0, 1.0],
                [0.917001, -0.021316, -0.398314, 0.0, 0.061014, 0.994316, 0.087254, 0.3, 0.39419, -0.104315, 0.91309, 0.0, 0.0, 0.0, 0.0, 1.0],
                [0.999771, -0.021316, -0.002029, 0.0, 0.021411, 0.994316, 0.104295, 0.3, -0.000206, -0.104315, 0.994544, 0.0, 0.0, 0.0, 0.0, 1.0]
            ]
        },
        {
            "name": "Head",
            "time": [0.0, 0.1667, 0.3167, 0.5667, 0.6833, 0.9667, 1.4],
            "transform": [
                [0.85311, 0.037721, 0.520365, -0.0, -0.006297, 0.998055, -0.062025, 0.4, -0.521692, 0.049637, 0.851689, -0.0, 0.0, 0.0, 0.0, 1.0],
                [0.665835, 0.037721, 0.745145, 0.0, 0.011937, 0.998055, -0.06119, 0.4, -0.746003, 0.049637, 0.66409, -0.0, 0.0, 0.0, 0.0, 1.0],
                [0.964626, 0.037721, -0.260909, -0.0, -0.049337, 0.998055, -0.038113, 0.4, 0.258964, 0.049637, 0.964611, -0.0, 0.0, 0.0, 0.0, 1.0],
                [0.932864, 0.037721, -0.358247, -0.0, -0.052978, 0.998055, -0.032864, 0.4, 0.356311, 0.049637, 0.933048, -0.0, 0.0, 0.0, 0.0, 1.0],
                [0.720029, 0.037721, 0.692918, 0.0, 0.007297, 0.998055, -0.061915, 0.4, -0.693905, 0.049637, 0.718354, 0.0, 0.0, 0.0, 0.0, 1.0],
                [0.583104, 0.037721, 0.811521, -0.0, 0.018355, 0.998055, -0.05958, 0.4, -0.81219, 0.049637, 0.581278, 0.0, 0.0, 0.0, 0.0, 1.0],
                [0.85311, 0.037721, 0.520365, -0.0, -0.006297, 0.998055, -0.062025, 0.4, -0.521692, 0.049637, 0.851689, -0.0, 0.0, 0.0, 0.0, 1.0]
            ]
        },
        {
            "name": "Shoulder_R",
            "time": [0.0, 0.1667, 0.3167, 0.5667, 0.6833, 0.9667, 1.4],
            "transform": [
                [0.110305, 0.959352, 0.259762, -0.0, 0.091141, -0.270019, 0.958532, 0.4, 0.98971, -0.082056, -0.11722, -0.0, 0.0, 0.0, 0.0, 1.0],
                [0.110305, 0.959352, 0.259762, 0.0, 0.091141, -0.270019, 0.958532, 0.4, 0.98971, -0.082056, -0.11722, -0.0, 0.0, 0.0, 0.0, 1.0],
                [0.526128, 0.849791, 0.032316, -0.0, -0.038691, -0.014041, 0.999152, 0.4, 0.849525, -0.526932, 0.025492, -0.0, 0.0, 0.0, 0.0, 1.0],
                [0.526128, 0.849791, 0.032316, -0.0, -0.038691, -0.014041, 0.999153, 0.4, 0.849525, -0.526932, 0.025492, -0.0, 0.0, 0.0, 0.0, 1.0],
                [0.172492, 0.950142, 0.259762, 0.0, 0.073378, -0.275377, 0.958532, 0.4, 0.982274, -0.146278, -0.11722, 0.0, 0.0, 0.0, 0.0, 1.0],
                [0.003145, 0.965667, 0.259762, -0.0, 0.120547, -0.258235, 0.958532, 0.4, 0.992702, 0.028299, -0.11722, 0.0, 0.0, 0.0, 0.0, 1.0],
                [0.110305, 0.959352, 0.259762, -0.0, 0.091141, -0.270019, 0.958532, 0.4, 0.98971, -0.082056, -0.11722, -0.0, 0.0, 0.0, 0.0, 1.0]
            ]
        },
        {
            "name": "Arm_R",
            "time": [0.0, 0.1667, 0.3167, 0.5667, 0.6833, 0.9667, 1.4],
            "transform": [
                [0.02437, 0.061937, -0.997782, -0.0, 0.945036, 0.324099, 0.0432, 0.393861, 0.326056, -0.943994, -0.050634, 0.0, 0.0, 0.0, 0.0, 1.0],
                [0.02437, -0.636369, -0.770999, 0.0, 0.945036, 0.266203, -0.189848, 0.393861, 0.326056, -0.723996, 0.60788, 0.0, 0.0, 0.0, 0.0, 1.0],
                [0.178061, -0.8792, -0.441929, -0.0, -0.044162, 0.441513, -0.896167, 0.393861, 0.983028, 0.179089, 0.039789, 0.0, 0.0, 0.0, 0.0, 1.0],
                [0.192631, -0.874652, -0.444835, 0.0, -0.152345, 0.421172, -0.894095, 0.39386, 0.969373, 0.239999, -0.052118, -0.0, 0.0, 0.0, 0.0, 1.0],
                [0.710115, 0.27559, -0.64791, 0.0, 0.054993, 0.895694, 0.441257, 0.39386, 0.701935, -0.348973, 0.62089, 0.0, 0.0, 0.0, 0.0, 1.0],
                [0.570571, 0.055006, -0.819404, 0.0, 0.689078, 0.510749, 0.514108, 0.39386, 0.446789, -0.857968, 0.253515, -0.0, 0.0, 0.0, 0.0, 1.0],
                [0.02437, 0.061937, -0.997782, -0.0, 0.945036, 0.324099, 0.0432, 0.393861, 0.326056, -0.943994, -0.050634, 0.0, 0.0, 0.0, 0.0, 1.0]
            ]
        },
        {
            "name": "Hand_R",
            "time": [0.0, 0.1667, 0.3167, 0.5667, 0.6833, 0.9667, 1.4],
            "transform": [
                [0.999998, -0.000405, 0.001778, 0.0, 0.000868, 0.963176, -0.268872, 0.3, -0.001603, 0.268873, 0.963174, 0.0, 0.0, 0.0, 0.0, 1.0],
                [0.999998, -0.000782, 0.001647, -0.0, 0.000868, 0.998602, -0.052855, 0.3, -0.001603, 0.052857, 0.998601, 0.0, 0.0, 0.0, 0.0, 1.0],
                [0.999998, 0.000177, 0.001815, 0.0, 0.000868, 0.829198, -0.558954, 0.3, -0.001603, 0.558955, 0.829196, 0.0, 0.0, 0.0, 0.0, 1.0],
                [0.999998, 0.000288, 0.0018, 0.0, 0.000868, 0.793098, -0.609094, 0.3, -0.001603, 0.609094, 0.793096, -0.0, 0.0, 0.0, 0.0, 1.0],
                [0.999998, -0.000814, 0.001631, -0.0, 0.000868, 0.999444, -0.033325, 0.3, -0.001603, 0.033327, 0.999443, 0.0, 0.0, 0.0, 0.0, 1.0],
                [0.999998, -0.000927, 0.00157, 0.0, 0.000868, 0.999299, 0.037429, 0.3, -0.001603, -0.037428, 0.999298, 0.0, 0.0, 0.0, 0.0, 1.0],
                [0.999998, -0.000405, 0.001778, 0.0, 0.000868, 0.963176, -0.268872, 0.3, -0.001603, 0.268873, 0.963174, 0.0, 0.0, 0.0, 0.0, 1.0]
            ]
        },
        {
            "name": "Tool_R",
            "time": [0.0, 0.1667, 0.3167, 0.5667, 0.6833, 0.9667, 1.4],
            "transform": [
                [0.073667, -0.004155, -0.019375, 0.015054, -0.01093, -0.070737, -0.026388, 0.243316, -0.016519, 0.02824, -0.068864, 0.024459, 0.0, 0.0, 0.0, 1.0],
                [0.076276, -0.001223, 0.00024, -0.011484, 0.001232, 0.07621, -0.003175, 0.272622, -0.000188, 0.003177, 0.076174, 0.027221, 0.0, 0.0, 0.0, 1.0],
                [0.947739, 0.099904, 0.303001, -0.011484, -0.226373, 0.879803, 0.417973, 0.272622, -0.224694, -0.464436, 0.855937, 0.027221, 0.0, 0.0, 0.0, 1.0],
                [0.947739, 0.099904, 0.303001, -0.011484, -0.226373, 0.879803, 0.417973, 0.272622, -0.224694, -0.464436, 0.855937, 0.027221, 0.0, 0.0, 0.0, 1.0],
                [0.995481, -0.054868, -0.077507, 0.015054, -0.078139, -0.937093, -0.340222, 0.243316, -0.053933, 0.344527, -0.936594, 0.024459, 0.0, 0.0, 0.0, 1.0],
                [0.993314, -0.054493, -0.101777, 0.015054, -0.088154, -0.927265, -0.363881, 0.243316, -0.074502, 0.37019, -0.925324, 0.024459, 0.0, 0.0, 0.0, 1.0],
                [0.993314, -0.054493, -0.101777, 0.015054, -0.088154, -0.927265, -0.363881, 0.243316, -0.074502, 0.37019, -0.925324, 0.024459, 0.0, 0.0, 0.0, 1.0]
            ]
        },
        {
            "name": "Elbow_R",
            "time": [0.0, 0.1667, 0.3167, 0.5667, 0.6833, 0.9667, 1.4],
            "transform": [
                [-1.0, 0.0, -0.0, -0.0, 0.0, -0.0, -1.0, 0.341622, -0.0, -1.0, 0.0, 0.0, 0.0, 0.0, 0.0, 1.0],
                [-1.0, 0.0, -0.0, -0.0, 0.0, 0.0, -1.0, 0.341622, -0.0, -1.0, 0.0, 0.0, 0.0, 0.0, 0.0, 1.0],
                [-1.0, 0.0, -0.0, 0.0, 0.0, -0.0, -1.0, 0.341622, -0.0, -1.0, 0.0, 0.0, 0.0, 0.0, 0.0, 1.0],
                [-1.0, 0.0, -0.0, -0.0, 0.0, -0.0, -1.0, 0.341622, -0.0, -1.0, 0.0, 0.0, 0.0, 0.0, 0.0, 1.0],
                [-1.0, 0.0, -0.0, 0.0, 0.0, -0.0, -1.0, 0.341622, -0.0, -1.0, 0.0, 0.0, 0.0, 0.0, 0.0, 1.0],
                [-1.0, 0.0, -0.0, 0.0, 0.0, -0.0, -1.0, 0.341622, -0.0, -1.0, 0.0, -0.0, 0.0, 0.0, 0.0, 1.0],
                [-1.0, 0.0, -0.0, -0.0, 0.0, -0.0, -1.0, 0.341622, -0.0, -1.0, 0.0, 0.0, 0.0, 0.0, 0.0, 1.0]
            ]
        },
        {
            "name": "Shoulder_L",
            "time": [0.0, 0.1667, 0.3167, 0.5667, 0.6833, 0.9667, 1.4],
            "transform": [
                [-0.226937, -0.947819, -0.223918, -0.0, -0.021067, -0.225085, 0.974111, 0.4, -0.973681, 0.225779, 0.031113, -0.0, 0.0, 0.0, 0.0, 1.0],
                [-0.226937, -0.947819, -0.223918, 0.0, -0.021067, -0.225085, 0.974111, 0.4, -0.973681, 0.225779, 0.031113, -0.0, 0.0, 0.0, 0.0, 1.0],
                [-0.226937, -0.947819, -0.223918, -0.0, -0.021067, -0.225085, 0.974111, 0.4, -0.973681, 0.225779, 0.031113, -0.0, 0.0, 0.0, 0.0, 1.0],
                [-0.226937, -0.947819, -0.223918, -0.0, -0.021067, -0.225085, 0.974111, 0.4, -0.973681, 0.225779, 0.031113, -0.0, 0.0, 0.0, 0.0, 1.0],
                [-0.226937, -0.947819, -0.223918, 0.0, -0.021067, -0.225085, 0.974111, 0.4, -0.973682, 0.225779, 0.031113, 0.0, 0.0, 0.0, 0.0, 1.0],
                [-0.226937, -0.947819, -0.223918, -0.0, -0.021067, -0.225085, 0.974111, 0.4, -0.973681, 0.225779, 0.031113, 0.0, 0.0, 0.0, 0.0, 1.0],
                [-0.226937, -0.947819, -0.223918, -0.0, -0.021067, -0.225085, 0.974111, 0.4, -0.973681, 0.225779, 0.031113, -0.0, 0.0, 0.0, 0.0, 1.0]
            ]
        },
        {
            "name": "Arm_L",
            "time": [0.0, 0.1667, 0.3167, 0.5667, 0.6833, 0.9667, 1.4],
            "transform": [
                [0.028967, 0.056681, 0.997972, 0.0, -0.931842, 0.362807, 0.006442, 0.39386, -0.361707, -0.930138, 0.063327, -0.0, 0.0, 0.0, 0.0, 1.0],
                [0.057032, -0.057458, 0.996718, 0.0, -0.87352, 0.480551, 0.077685, 0.39386, -0.483437, -0.875083, -0.022784, -0.0, 0.0, 0.0, 0.0, 1.0],
                [0.057032, -0.057458, 0.996718, 0.0, -0.873519, 0.48055, 0.077685, 0.39386, -0.483437, -0.875083, -0.022784, -0.0, 0.0, 0.0, 0.0, 1.0],
                [0.057032, -0.057458, 0.996718, -0.0, -0.873519, 0.48055, 0.077685, 0.39386, -0.483437, -0.875082, -0.022784, 0.0, 0.0, 0.0, 0.0, 1.0],
                [-0.544251, 0.224618, 0.808293, 0.0, -0.600926, 0.567928, -0.562446, 0.39386, -0.585388, -0.791836, -0.174117, 0.0, 0.0, 0.0, 0.0, 1.0],
                [-0.550943, 0.247867, 0.796884, -0.0, -0.624685, 0.510686, -0.590736, 0.39386, -0.553382, -0.823263, -0.12652, 0.0, 0.0, 0.0, 0.0, 1.0],
                [0.028967, 0.056681, 0.997972, 0.0, -0.931842, 0.362807, 0.006442, 0.39386, -0.361707, -0.930138, 0.063327, -0.0, 0.0, 0.0, 0.0, 1.0]
            ]
        },
        {
            "name": "Hand_L",
            "time": [0.0, 0.1667, 0.3167, 0.5667, 0.6833, 0.9667, 1.4],
            "transform": [
                [0.999993, -0.001541, -0.00347, 0.0, 0.000938, 0.985901, -0.167329, 0.3, 0.003679, 0.167324, 0.985895, 0.0, 0.0, 0.0, 0.0, 1.0],
                [0.999993, -0.002061, -0.003189, -0.0, 0.000938, 0.9479, -0.318567, 0.3, 0.003679, 0.318562, 0.947895, 0.0, 0.0, 0.0, 0.0, 1.0],
                [0.999993, -0.002061, -0.003189, 0.0, 0.000938, 0.9479, -0.318567, 0.3, 0.003679, 0.318562, 0.947895, -0.0, 0.0, 0.0, 0.0, 1.0],
                [0.999993, -0.002061, -0.003189, -0.0, 0.000938, 0.9479, -0.318567, 0.3, 0.003679, 0.318562, 0.947895, 0.0, 0.0, 0.0, 0.0, 1.0],
                [0.999993, -0.002246, -0.003062, -0.0, 0.000938, 0.927487, -0.373854, 0.3, 0.003679, 0.373849, 0.927483, 0.0, 0.0, 0.0, 0.0, 1.0],
                [0.999993, -0.00236, -0.002974, -0.0, 0.000938, 0.912623, -0.408801, 0.3, 0.003679, 0.408795, 0.912619, 0.0, 0.0, 0.0, 0.0, 1.0],
                [0.999993, -0.001541, -0.00347, 0.0, 0.000938, 0.985901, -0.167329, 0.3, 0.003679, 0.167324, 0.985895, 0.0, 0.0, 0.0, 0.0, 1.0]
            ]
        },
        {
            "name": "Tool_L",
            "time": [0.0, 0.1667, 0.3167, 0.5667, 0.6833, 0.9667, 1.4],
            "transform": [
                [0.997004, 0.01104, -0.076554, -0.0, -0.036659, -0.804079, -0.593391, 0.272858, -0.068067, 0.594062, -0.8008, -0.0, 0.0, 0.0, 0.0, 1.0],
                [0.997004, 0.01104, -0.076554, -0.0, -0.036659, -0.804079, -0.593391, 0.272858, -0.068067, 0.594062, -0.8008, -0.0, 0.0, 0.0, 0.0, 1.0],
                [0.997004, 0.01104, -0.076554, 0.0, -0.036659, -0.804079, -0.593391, 0.272858, -0.068067, 0.594062, -0.8008, -0.0, 0.0, 0.0, 0.0, 1.0],
                [0.997004, 0.01104, -0.076554, -0.0, -0.036659, -0.804079, -0.593391, 0.272858, -0.068067, 0.594062, -0.8008, -0.0, 0.0, 0.0, 0.0, 1.0],
                [0.997004, 0.01104, -0.076554, -0.0, -0.036659, -0.804079, -0.593391, 0.272858, -0.068067, 0.594062, -0.8008, -0.0, 0.0, 0.0, 0.0, 1.0],
                [0.997004, 0.01104, -0.076554, -0.0, -0.036659, -0.804079, -0.593391, 0.272858, -0.068067, 0.594062, -0.8008, -0.0, 0.0, 0.0, 0.0, 1.0],
                [0.997004, 0.01104, -0.076554, -0.0, -0.036659, -0.804079, -0.593391, 0.272858, -0.068067, 0.594062, -0.8008, -0.0, 0.0, 0.0, 0.0, 1.0]
            ]
        },
        {
            "name": "Elbow_L",
            "time": [0.0, 0.1667, 0.3167, 0.5667, 0.6833, 0.9667, 1.4],
            "transform": [
                [-1.0, 0.0, -0.0, 2.7e-05, 0.0, -0.0, -1.0, 0.334301, -0.0, -1.0, -0.0, -0.002121, 0.0, 0.0, 0.0, 1.0],
                [-1.0, 0.0, -0.0, 2.7e-05, 0.0, -0.0, -1.0, 0.334301, -0.0, -1.0, -0.0, -0.002121, 0.0, 0.0, 0.0, 1.0],
                [-1.0, 0.0, -0.0, 2.7e-05, 0.0, -0.0, -1.0, 0.334301, -0.0, -1.0, -0.0, -0.002121, 0.0, 0.0, 0.0, 1.0],
                [-1.0, 0.0, -0.0, 2.7e-05, 0.0, -0.0, -1.0, 0.334301, -0.0, -1.0, 0.0, -0.002121, 0.0, 0.0, 0.0, 1.0],
                [-1.0, 0.0, -0.0, 2.7e-05, 0.0, -0.0, -1.0, 0.334301, -0.0, -1.0, -0.0, -0.002121, 0.0, 0.0, 0.0, 1.0],
                [-1.0, 0.0, -0.0, 2.7e-05, 0.0, -0.0, -1.0, 0.334301, -0.0, -1.0, -0.0, -0.002121, 0.0, 0.0, 0.0, 1.0],
                [-1.0, 0.0, -0.0, 2.7e-05, 0.0, -0.0, -1.0, 0.334301, -0.0, -1.0, -0.0, -0.002121, 0.0, 0.0, 0.0, 1.0]
            ]
        }
    ]
}