{
    "animation": [
        {
            "name": "Root",
            "time": [0.0, 0.0833, 0.3333],
            "transform": [
                [1.0, 0.0, 0.0, -5e-06, 0.0, 0.0, -1.0, 0.000946, 0.0, 1.0, 0.0, 0.6541, 0.0, 0.0, 0.0, 1.0],
                [1.0, 0.0, 0.0, -5e-06, 0.0, -0.268099, -0.963391, -0.362597, 0.0, 0.963391, -0.268099, 0.6541, 0.0, 0.0, 0.0, 1.0],
                [1.0, 0.0, 0.0, -5e-06, 0.0, 0.0, -1.0, 0.000946, 0.0, 1.0, 0.0, 0.6541, 0.0, 0.0, 0.0, 1.0]
            ]
        },
        {
            "name": "Thigh_R",
            "time": [0.0, 0.0833, 0.3333],
            "transform": [
                [0.867734, 0.187503, 0.460304, 0.124994, 0.314718, -0.924077, -0.216864, -0.002831, 0.384694, 0.333046, -0.860866, -1.2e-05, 0.0, 0.0, 0.0, 1.0],
                [0.867734, 0.268647, 0.418169, 0.124994, 0.314718, -0.948166, -0.043925, -0.002831, 0.384694, 0.16972, -0.907307, -1.2e-05, 0.0, 0.0, 0.0, 1.0],
                [0.867734, 0.187503, 0.460304, 0.124994, 0.314718, -0.924077, -0.216864, -0.002831, 0.384694, 0.333046, -0.860866, -1.2e-05, 0.0, 0.0, 0.0, 1.0]
            ]
        },
        {
            "name": "Leg_R",
            "time": [0.0, 0.0833, 0.3333],
            "transform": [
                [1.0, 1e-06, 0.0, -0.0, -1e-06, 0.913636, 0.406535, 0.37472, 0.0, -0.406536, 0.913634, 0.0, 0.0, 0.0, 0.0, 1.0],
                [1.0, 1e-06, 1e-06, 0.0, -1e-06, 0.572525, 0.819887, 0.37472, 0.0, -0.819888, 0.572524, 0.0, 0.0, 0.0, 0.0, 1.0],
                [1.0, 1e-06, 0.0, -0.0, -1e-06, 0.913636, 0.406535, 0.37472, 0.0, -0.406536, 0.913634, 0.0, 0.0, 0.0, 0.0, 1.0]
            ]
        },
        {
            "name": "Knee_R",
            "time": [0.0, 0.0833, 0.3333],
            "transform": [
                [1.0, -0.0, -0.0, -0.0, -0.0, -0.389408, -0.921066, 0.439324, 0.0, 0.921065, -0.389408, -0.000954, 0.0, 0.0, 0.0, 1.0],
                [1.0, -0.0, -0.0, 0.0, -0.0, -0.389408, -0.921065, 0.439324, -0.0, 0.921066, -0.389408, -0.000954, 0.0, 0.0, 0.0, 1.0],
                [1.0, -0.0, -0.0, -0.0, -0.0, -0.389408, -0.921066, 0.439324, 0.0, 0.921065, -0.389408, -0.000954, 0.0, 0.0, 0.0, 1.0]
            ]
        },
        {
            "name": "Thigh_L",
            "time": [0.0, 0.0833, 0.3333],
            "transform": [
                [0.986259, -0.153535, -0.060986, -0.125006, -0.062758, -0.689684, 0.721385, -0.002831, -0.152819, -0.707646, -0.689843, -1.2e-05, 0.0, 0.0, 0.0, 1.0],
                [0.986259, -0.135575, -0.094403, -0.125006, -0.087585, -0.913614, 0.397036, -0.002831, -0.140075, -0.383312, -0.912935, -1.2e-05, 0.0, 0.0, 0.0, 1.0],
                [0.986259, -0.153535, -0.060986, -0.125006, -0.062758, -0.689684, 0.721385, -0.002831, -0.152819, -0.707646, -0.689843, -1.2e-05, 0.0, 0.0, 0.0, 1.0]
            ]
        },
        {
            "name": "Leg_L",
            "time": [0.0, 0.0833, 0.3333],
            "transform": [
                [0.998698, 0.045125, 0.023791, -0.0, -0.047365, 0.647098, 0.760934, 0.37472, 0.018943, -0.76107, 0.648393, 0.0, 0.0, 0.0, 0.0, 1.0],
                [0.998698, 0.050868, 0.003833, -0.0, -0.047365, 0.896769, 0.439956, 0.37472, 0.018943, -0.439565, 0.898011, 0.0, 0.0, 0.0, 0.0, 1.0],
                [0.998698, 0.045125, 0.023791, -0.0, -0.047365, 0.647098, 0.760934, 0.37472, 0.018943, -0.76107, 0.648393, 0.0, 0.0, 0.0, 0.0, 1.0]
            ]
        },
        {
            "name": "Knee_L",
            "time": [0.0, 0.0833, 0.3333],
            "transform": [
                [1.0, 0.0, -0.0, -0.0, -0.0, 1e-06, -1.0, 0.37472, -0.0, 1.0, 1e-06, 0.0, 0.0, 0.0, 0.0, 1.0],
                [1.0, 0.0, -0.0, -0.0, -0.0, 1e-06, -1.0, 0.37472, -0.0, 1.0, 1e-06, 0.0, 0.0, 0.0, 0.0, 1.0],
                [1.0, 0.0, -0.0, -0.0, -0.0, 1e-06, -1.0, 0.37472, -0.0, 1.0, 1e-06, 0.0, 0.0, 0.0, 0.0, 1.0]
            ]
        },
        {
            "name": "Torso",
            "time": [0.0, 0.0833, 0.3333],
            "transform": [
                [1.0, 0.0, 0.0, 0.0, 0.0, 0.988633, 0.150347, 0.05, 0.0, -0.150347, 0.988633, 0.0, 0.0, 0.0, 0.0, 1.0],
                [1.0, 0.0, 0.0, 0.0, 0.0, 0.977574, 0.210592, 0.05, 0.0, -0.210592, 0.977574, 0.0, 0.0, 0.0, 0.0, 1.0],
                [1.0, 0.0, 0.0, 0.0, 0.0, 0.988633, 0.150347, 0.05, 0.0, -0.150347, 0.988633, 0.0, 0.0, 0.0, 0.0, 1.0]
            ]
        },
        {
            "name": "Chest",
            "time": [0.0, 0.0833, 0.3333],
            "transform": [
                [0.955481, -0.066115, 0.28755, 0.0, 0.022811, 0.988206, 0.151418, 0.3, -0.29417, -0.138118, 0.945721, 0.0, 0.0, 0.0, 0.0, 1.0],
                [0.959666, -0.065147, 0.273492, -0.0, -0.008235, 0.965851, 0.258966, 0.3, -0.281023, -0.250773, 0.926358, -0.0, 0.0, 0.0, 0.0, 1.0],
                [0.955481, -0.066115, 0.28755, 0.0, 0.022811, 0.988206, 0.151418, 0.3, -0.29417, -0.138118, 0.945721, 0.0, 0.0, 0.0, 0.0, 1.0]
            ]
        },
        {
            "name": "Head",
            "time": [0.0, 0.0833, 0.3333],
            "transform": [
                [0.992033, 0.0, -0.12598, 0.0, -0.003093, 0.999699, -0.024352, 0.4, 0.125942, 0.024548, 0.991734, 0.0, 0.0, 0.0, 0.0, 1.0],
                [0.992033, 0.0, -0.12598, -0.0, -0.003093, 0.999699, -0.024352, 0.4, 0.125942, 0.024548, 0.991734, -0.0, 0.0, 0.0, 0.0, 1.0],
                [0.992033, 0.0, -0.12598, 0.0, -0.003093, 0.999699, -0.024352, 0.4, 0.125942, 0.024548, 0.991734, 0.0, 0.0, 0.0, 0.0, 1.0]
            ]
        },
        {
            "name": "Shoulder_R",
            "time": [0.0, 0.0833, 0.3333],
            "transform": [
                [-0.175721, 0.871625, 0.457593, 0.0, 0.08862, -0.448933, 0.88916, 0.4, 0.980443, 0.196796, 0.001643, 0.0, 0.0, 0.0, 0.0, 1.0],
                [-0.175721, 0.871625, 0.457594, -0.0, 0.08862, -0.448933, 0.88916, 0.4, 0.980443, 0.196796, 0.001643, -0.0, 0.0, 0.0, 0.0, 1.0],
                [-0.175721, 0.871625, 0.457593, 0.0, 0.08862, -0.448933, 0.88916, 0.4, 0.980443, 0.196796, 0.001643, 0.0, 0.0, 0.0, 0.0, 1.0]
            ]
        },
        {
            "name": "Arm_R",
            "time": [0.0, 0.0833, 0.3333],
            "transform": [
                [-0.48899, -0.834621, -0.253568, 0.0, 0.599861, -0.110705, -0.792408, 0.39386, 0.63329, -0.539585, 0.55479, 0.0, 0.0, 0.0, 0.0, 1.0],
                [-0.48899, -0.834621, -0.253568, 0.0, 0.599861, -0.110705, -0.792408, 0.39386, 0.63329, -0.539585, 0.55479, 0.0, 0.0, 0.0, 0.0, 1.0],
                [-0.48899, -0.834621, -0.253568, 0.0, 0.599861, -0.110705, -0.792408, 0.39386, 0.63329, -0.539585, 0.55479, 0.0, 0.0, 0.0, 0.0, 1.0]
            ]
        },
        {
            "name": "Hand_R",
            "time": [0.0, 0.0833, 0.3333],
            "transform": [
                [0.995489, -0.094816, -0.00335, -0.0, 0.084329, 0.900459, -0.426688, 0.3, 0.043474, 0.42448, 0.904393, -0.0, 0.0, 0.0, 0.0, 1.0],
                [0.995489, -0.093812, 0.014165, 0.0, 0.084329, 0.806499, -0.58519, 0.3, 0.043474, 0.583745, 0.810772, -0.0, 0.0, 0.0, 0.0, 1.0],
                [0.995489, -0.094816, -0.00335, -0.0, 0.084329, 0.900459, -0.426688, 0.3, 0.043474, 0.42448, 0.904393, -0.0, 0.0, 0.0, 0.0, 1.0]
            ]
        },
        {
            "name": "Tool_R",
            "time": [0.0, 0.0833, 0.3333],
            "transform": [
                [0.511476, 0.85824, 0.042624, -0.0, 0.85844, -0.508121, -0.069958, 0.272858, -0.038351, 0.072324, -0.99605, 0.0, 0.0, 0.0, 0.0, 1.0],
                [0.512537, 0.858243, -0.02691, 0.0, 0.841106, -0.508115, -0.185363, 0.272858, -0.172649, 0.072323, -0.981722, -0.0, 0.0, 0.0, 0.0, 1.0],
                [0.511476, 0.85824, 0.042624, -0.0, 0.85844, -0.508121, -0.069958, 0.272858, -0.038351, 0.072324, -0.99605, 0.0, 0.0, 0.0, 0.0, 1.0]
            ]
        },
        {
            "name": "Elbow_R",
            "time": [0.0, 0.0833, 0.3333],
            "transform": [
                [-1.0, 0.0, -0.0, -0.0, 0.0, -0.0, -1.0, 0.3, -0.0, -1.0, 0.0, -0.0, 0.0, 0.0, 0.0, 1.0],
                [-1.0, 0.0, -0.0, 0.0, 0.0, -0.0, -1.0, 0.3, -0.0, -1.0, 0.0, -0.0, 0.0, 0.0, 0.0, 1.0],
                [-1.0, 0.0, -0.0, -0.0, 0.0, -0.0, -1.0, 0.3, -0.0, -1.0, 0.0, -0.0, 0.0, 0.0, 0.0, 1.0]
            ]
        },
        {
            "name": "Shoulder_L",
            "time": [0.0, 0.0833, 0.3333],
            "transform": [
                [0.632668, -0.73242, -0.251576, 0.0, 0.07573, -0.264788, 0.961328, 0.4, -0.770711, -0.627254, -0.112057, 0.0, 0.0, 0.0, 0.0, 1.0],
                [0.632669, -0.73242, -0.251576, -0.0, 0.07573, -0.264788, 0.961329, 0.4, -0.770711, -0.627254, -0.112057, -0.0, 0.0, 0.0, 0.0, 1.0],
                [0.632668, -0.73242, -0.251576, 0.0, 0.07573, -0.264788, 0.961328, 0.4, -0.770711, -0.627254, -0.112057, 0.0, 0.0, 0.0, 0.0, 1.0]
            ]
        },
        {
            "name": "Arm_L",
            "time": [0.0, 0.0833, 0.3333],
            "transform": [
                [-0.607459, 0.705083, 0.365858, 0.0, -0.447942, 0.076303, -0.890801, 0.39386, -0.656004, -0.705008, 0.269485, -0.0, 0.0, 0.0, 0.0, 1.0],
                [-0.607459, 0.705083, 0.365858, 0.0, -0.447942, 0.076303, -0.890801, 0.39386, -0.656004, -0.705008, 0.269485, 0.0, 0.0, 0.0, 0.0, 1.0],
                [-0.607459, 0.705083, 0.365858, 0.0, -0.447942, 0.076303, -0.890801, 0.39386, -0.656004, -0.705008, 0.269485, -0.0, 0.0, 0.0, 0.0, 1.0]
            ]
        },
        {
            "name": "Hand_L",
            "time": [0.0, 0.0833, 0.3333],
            "transform": [
                [1.0, 0.0, -0.0, -0.0, -0.0, 0.782648, -0.622464, 0.3, -0.0, 0.622464, 0.782648, 0.0, 0.0, 0.0, 0.0, 1.0],
                [1.0, 0.0, -0.0, -0.0, -0.0, 0.543558, -0.839372, 0.3, 0.0, 0.839372, 0.543558, 0.0, 0.0, 0.0, 0.0, 1.0],
                [1.0, 0.0, -0.0, -0.0, -0.0, 0.782648, -0.622464, 0.3, -0.0, 0.622464, 0.782648, 0.0, 0.0, 0.0, 0.0, 1.0]
            ]
        },
        {
            "name": "Tool_L",
            "time": [0.0, 0.0833, 0.3333],
            "transform": [
                [-0.412078, -0.317581, -0.85401, -0.048425, 0.618615, -0.785668, -0.006328, 0.299303, -0.668559, -0.530608, 0.519911, 0.068636, 0.0, 0.0, 0.0, 1.0],
                [-0.412078, -0.317581, -0.85401, -0.048425, 0.618615, -0.785668, -0.006329, 0.299303, -0.668559, -0.530608, 0.519911, 0.068636, 0.0, 0.0, 0.0, 1.0],
                [-0.412078, -0.317581, -0.85401, -0.048425, 0.618615, -0.785668, -0.006328, 0.299303, -0.668559, -0.530608, 0.519911, 0.068636, 0.0, 0.0, 0.0, 1.0]
            ]
        },
        {
            "name": "Elbow_L",
            "time": [0.0, 0.0833, 0.3333],
            "transform": [
                [-1.0, 0.0, -0.0, -0.0, 0.0, -0.0, -1.0, 0.3, -0.0, -1.0, -0.0, 0.0, 0.0, 0.0, 0.0, 1.0],
                [-1.0, 0.0, -0.0, -0.0, 0.0, -0.0, -1.0, 0.3, -0.0, -1.0, 0.0, 0.0, 0.0, 0.0, 0.0, 1.0],
                [-1.0, 0.0, -0.0, -0.0, 0.0, -0.0, -1.0, 0.3, -0.0, -1.0, -0.0, 0.0, 0.0, 0.0, 0.0, 1.0]
            ]
        }
    ]
}