{
    "animation": [
        {
            "name": "Root",
            "time": [0.0, 0.1, 0.1833, 0.3167],
            "transform": [
                [1.0, 0.0, 0.0, -5e-06, 0.0, 0.0, -1.0, 0.000946, 0.0, 1.0, 0.0, 0.6541, 0.0, 0.0, 0.0, 1.0],
                [0.984346, 0.176249, -0.000143, -5e-06, 0.046661, -0.261381, -0.964107, -0.119647, -0.16996, 0.949008, -0.265513, 0.6541, 0.0, 0.0, 0.0, 1.0],
                [0.999327, 0.036655, 0.0014, -5e-06, 0.008325, -0.189467, -0.981852, -0.140872, -0.035725, 0.981203, -0.189644, 0.6541, 0.0, 0.0, 0.0, 1.0],
                [1.0, 0.0, 0.0, -5e-06, 0.0, -0.169659, -0.985503, -0.14142, 0.0, 0.985503, -0.169659, 0.6541, 0.0, 0.0, 0.0, 1.0]
            ]
        },
        {
            "name": "Thigh_R",
            "time": [0.0, 0.1, 0.1833, 0.3167],
            "transform": [
                [0.867734, 0.187503, 0.460304, 0.124994, 0.314718, -0.924077, -0.216864, -0.002831, 0.384694, 0.333046, -0.860866, -1.2e-05, 0.0, 0.0, 0.0, 1.0],
                [0.65011, 0.425146, 0.629767, 0.124994, 0.497814, -0.864476, 0.069703, -0.002831, 0.574053, 0.268192, -0.773651, -1.2e-05, 0.0, 0.0, 0.0, 1.0],
                [0.830381, 0.304484, 0.466643, 0.124994, 0.356366, -0.934018, -0.024698, -0.002831, 0.428333, 0.186805, -0.884101, -1.2e-05, 0.0, 0.0, 0.0, 1.0],
                [0.867734, 0.268647, 0.418169, 0.124994, 0.314718, -0.948166, -0.043925, -0.002831, 0.384694, 0.16972, -0.907307, -1.2e-05, 0.0, 0.0, 0.0, 1.0]
            ]
        },
        {
            "name": "Leg_R",
            "time": [0.0, 0.1, 0.1833, 0.3167],
            "transform": [
                [1.0, 1e-06, 0.0, -0.0, -1e-06, 0.913636, 0.406535, 0.37472, 0.0, -0.406536, 0.913634, 0.0, 0.0, 0.0, 0.0, 1.0],
                [1.0, 1e-06, 0.0, -0.0, -1e-06, 0.638047, 0.769997, 0.37472, 0.0, -0.769998, 0.638046, -0.0, 0.0, 0.0, 0.0, 1.0],
                [1.0, 1e-06, 0.0, -0.0, -1e-06, 0.574214, 0.818705, 0.37472, 0.0, -0.818706, 0.574214, 0.0, 0.0, 0.0, 0.0, 1.0],
                [1.0, 1e-06, 1e-06, 0.0, -1e-06, 0.572525, 0.819887, 0.37472, 0.0, -0.819888, 0.572524, -0.0, 0.0, 0.0, 0.0, 1.0]
            ]
        },
        {
            "name": "Knee_R",
            "time": [0.0, 0.1, 0.1833, 0.3167],
            "transform": [
                [1.0, -0.0, -0.0, -0.0, -0.0, -0.389408, -0.921066, 0.439324, 0.0, 0.921065, -0.389408, -0.000954, 0.0, 0.0, 0.0, 1.0],
                [1.0, -0.0, -0.0, -0.0, -0.0, -0.389408, -0.921066, 0.439324, -0.0, 0.921066, -0.389408, -0.000954, 0.0, 0.0, 0.0, 1.0],
                [1.0, -0.0, -0.0, 0.0, -0.0, -0.389408, -0.921065, 0.439324, 0.0, 0.921065, -0.389408, -0.000954, 0.0, 0.0, 0.0, 1.0],
                [1.0, -0.0, -0.0, 0.0, -0.0, -0.389408, -0.921065, 0.439324, -0.0, 0.921065, -0.389408, -0.000954, 0.0, 0.0, 0.0, 1.0]
            ]
        },
        {
            "name": "Thigh_L",
            "time": [0.0, 0.1, 0.1833, 0.3167],
            "transform": [
                [0.986259, -0.153535, -0.060986, -0.125006, -0.062758, -0.689684, 0.721385, -0.002831, -0.152819, -0.707646, -0.689843, -1.2e-05, 0.0, 0.0, 0.0, 1.0],
                [0.995979, 0.007127, -0.089298, -0.125006, 0.051094, -0.863988, 0.500914, -0.002831, -0.073582, -0.503462, -0.860878, -1.2e-05, 0.0, 0.0, 0.0, 1.0],
                [0.9899, -0.106147, -0.09396, -0.125006, -0.039558, -0.843324, 0.535946, -0.002831, -0.136128, -0.526817, -0.839007, -1.2e-05, 0.0, 0.0, 0.0, 1.0],
                [0.986259, -0.135575, -0.094403, -0.125006, -0.062758, -0.836062, 0.545033, -0.002831, -0.152819, -0.531619, -0.833083, -1.2e-05, 0.0, 0.0, 0.0, 1.0]
            ]
        },
        {
            "name": "Leg_L",
            "time": [0.0, 0.1, 0.1833, 0.3167],
            "transform": [
                [0.998698, 0.045125, 0.023791, -0.0, -0.047365, 0.647098, 0.760934, 0.37472, 0.018943, -0.76107, 0.648393, 0.0, 0.0, 0.0, 0.0, 1.0],
                [0.998698, 0.046914, 0.020034, 0.0, -0.047365, 0.706951, 0.705675, 0.37472, 0.018943, -0.705705, 0.708253, 0.0, 0.0, 0.0, 0.0, 1.0],
                [0.998698, 0.050614, 0.006363, -0.0, -0.047365, 0.873734, 0.484092, 0.37472, 0.018943, -0.483763, 0.874994, 0.0, 0.0, 0.0, 0.0, 1.0],
                [0.998698, 0.050868, 0.003833, -0.0, -0.047365, 0.896769, 0.439956, 0.37472, 0.018943, -0.439565, 0.898011, 0.0, 0.0, 0.0, 0.0, 1.0]
            ]
        },
        {
            "name": "Knee_L",
            "time": [0.0, 0.1, 0.1833, 0.3167],
            "transform": [
                [1.0, 0.0, -0.0, -0.0, -0.0, 1e-06, -1.0, 0.37472, -0.0, 1.0, 1e-06, 0.0, 0.0, 0.0, 0.0, 1.0],
                [1.0, 0.0, -0.0, 0.0, -0.0, 1e-06, -1.0, 0.37472, -0.0, 1.0, 1e-06, 0.0, 0.0, 0.0, 0.0, 1.0],
                [1.0, 0.0, -0.0, -0.0, -0.0, 1e-06, -1.0, 0.37472, -0.0, 1.0, 1e-06, 0.0, 0.0, 0.0, 0.0, 1.0],
                [1.0, 0.0, -0.0, -0.0, -0.0, 1e-06, -1.0, 0.37472, -0.0, 1.0, 1e-06, 0.0, 0.0, 0.0, 0.0, 1.0]
            ]
        },
        {
            "name": "Torso",
            "time": [0.0, 0.1, 0.1833, 0.3167],
            "transform": [
                [1.0, 0.0, 0.0, 0.0, 0.0, 0.988633, 0.150347, 0.05, 0.0, -0.150347, 0.988633, 0.0, 0.0, 0.0, 0.0, 1.0],
                [0.987564, -0.108608, 0.113675, -0.0, 0.062557, 0.93479, 0.349649, 0.05, -0.144236, -0.33819, 0.929959, -0.0, 0.0, 0.0, 0.0, 1.0],
                [0.953794, 0.042827, 0.297394, -0.0, -0.116722, 0.964864, 0.2354, 0.05, -0.276863, -0.259236, 0.92528, -0.0, 0.0, 0.0, 0.0, 1.0],
                [0.898422, 0.062315, 0.43469, 0.0, -0.158966, 0.968897, 0.189655, 0.05, -0.409351, -0.239491, 0.880384, 0.0, 0.0, 0.0, 0.0, 1.0]
            ]
        },
        {
            "name": "Chest",
            "time": [0.0, 0.1, 0.1833, 0.3167],
            "transform": [
                [0.955481, -0.066115, 0.28755, 0.0, 0.022811, 0.988206, 0.151418, 0.3, -0.29417, -0.138118, 0.945721, 0.0, 0.0, 0.0, 0.0, 1.0],
                [0.671906, -0.060582, 0.738155, 0.0, -0.133923, 0.970282, 0.201536, 0.3, -0.728428, -0.234269, 0.643825, -0.0, 0.0, 0.0, 0.0, 1.0],
                [0.802289, -0.0658, 0.593298, -0.0, -0.09836, 0.965749, 0.240114, 0.3, -0.588776, -0.250998, 0.768338, -0.0, 0.0, 0.0, 0.0, 1.0],
                [0.831174, -0.065147, 0.552182, -0.0, -0.08654, 0.965851, 0.244217, 0.3, -0.549236, -0.250773, 0.797153, -0.0, 0.0, 0.0, 0.0, 1.0]
            ]
        },
        {
            "name": "Head",
            "time": [0.0, 0.1, 0.1833, 0.3167],
            "transform": [
                [0.992033, 0.0, -0.12598, 0.0, -0.003093, 0.999699, -0.024352, 0.4, 0.125942, 0.024548, 0.991734, 0.0, 0.0, 0.0, 0.0, 1.0],
                [0.675514, -0.136092, -0.724679, 0.0, -0.0181, 0.979463, -0.200812, 0.4, 0.737125, 0.148768, 0.659178, -0.0, 0.0, 0.0, 0.0, 1.0],
                [0.581342, 0.0, -0.813659, -0.0, -0.019974, 0.999699, -0.014271, 0.4, 0.813414, 0.024548, 0.581167, 0.0, 0.0, 0.0, 0.0, 1.0],
                [0.578822, 0.0, -0.815454, -0.0, -0.020018, 0.999699, -0.014209, 0.4, 0.815208, 0.024548, 0.578648, -0.0, 0.0, 0.0, 0.0, 1.0]
            ]
        },
        {
            "name": "Shoulder_R",
            "time": [0.0, 0.1, 0.1833, 0.3167],
            "transform": [
                [-0.175721, 0.871625, 0.457593, 0.0, 0.08862, -0.448933, 0.88916, 0.4, 0.980443, 0.196796, 0.001643, 0.0, 0.0, 0.0, 0.0, 1.0],
                [-0.175721, 0.871625, 0.457594, 0.0, 0.08862, -0.448933, 0.88916, 0.4, 0.980443, 0.196796, 0.001643, -0.0, 0.0, 0.0, 0.0, 1.0],
                [-0.00874, 0.889118, 0.457594, -0.0, 0.00265, -0.457589, 0.88916, 0.4, 0.999958, 0.008984, 0.001643, 0.0, 0.0, 0.0, 0.0, 1.0],
                [0.035147, 0.888466, 0.457593, -0.0, -0.019935, -0.457162, 0.88916, 0.4, 0.999183, -0.040373, 0.001643, -0.0, 0.0, 0.0, 0.0, 1.0]
            ]
        },
        {
            "name": "Arm_R",
            "time": [0.0, 0.1, 0.1833, 0.3167],
            "transform": [
                [-0.48899, -0.834621, -0.253568, 0.0, 0.599861, -0.110705, -0.792408, 0.39386, 0.63329, -0.539585, 0.55479, 0.0, 0.0, 0.0, 0.0, 1.0],
                [-0.407511, -0.741363, -0.533213, 0.0, 0.913158, -0.325208, -0.245727, 0.39386, 0.008768, -0.587045, 0.809507, -0.0, 0.0, 0.0, 0.0, 1.0],
                [-0.373201, -0.729633, -0.573024, -0.0, 0.92121, -0.364645, -0.135666, 0.393861, -0.109965, -0.578506, 0.808232, -0.0, 0.0, 0.0, 0.0, 1.0],
                [-0.372261, -0.729357, -0.573986, -0.0, 0.921226, -0.365642, -0.132847, 0.393861, -0.11298, -0.578225, 0.808017, -0.0, 0.0, 0.0, 0.0, 1.0]
            ]
        },
        {
            "name": "Hand_R",
            "time": [0.0, 0.1, 0.1833, 0.3167],
            "transform": [
                [0.995489, -0.094816, -0.00335, -0.0, 0.084329, 0.900459, -0.426688, 0.3, 0.043474, 0.42448, 0.904393, -0.0, 0.0, 0.0, 0.0, 1.0],
                [0.995489, -0.09378, -0.014378, 0.0, 0.084329, 0.944053, -0.31883, 0.3, 0.043474, 0.31618, 0.947703, 0.0, 0.0, 0.0, 0.0, 1.0],
                [0.995489, -0.093464, -0.016302, 0.0, 0.084329, 0.950405, -0.299365, 0.3, 0.043474, 0.296639, 0.954, 0.0, 0.0, 0.0, 0.0, 1.0],
                [0.995489, -0.093456, -0.016352, -0.0, 0.084329, 0.950564, -0.298861, 0.3, 0.043474, 0.296134, 0.954157, 0.0, 0.0, 0.0, 0.0, 1.0]
            ]
        },
        {
            "name": "Tool_R",
            "time": [0.0, 0.1, 0.1833, 0.3167],
            "transform": [
                [0.511476, 0.85824, 0.042624, -0.0, 0.85844, -0.508121, -0.069958, 0.272858, -0.038351, 0.072324, -0.99605, 0.0, 0.0, 0.0, 0.0, 1.0],
                [0.616854, 0.765996, 0.180946, 0.054936, 0.572546, -0.594451, 0.564641, 0.315369, 0.539762, -0.244563, -0.804775, 0.054256, 0.0, 0.0, 0.0, 1.0],
                [0.62303, 0.752809, 0.212396, 0.064605, 0.484554, -0.584613, 0.650719, 0.322851, 0.613679, -0.302327, -0.728569, 0.063805, 0.0, 0.0, 0.0, 1.0],
                [0.623136, 0.75249, 0.213214, 0.064855, 0.482196, -0.584266, 0.652779, 0.323044, 0.615424, -0.303785, -0.726488, 0.064052, 0.0, 0.0, 0.0, 1.0]
            ]
        },
        {
            "name": "Elbow_R",
            "time": [0.0, 0.1, 0.1833, 0.3167],
            "transform": [
                [-1.0, 0.0, -0.0, -0.0, 0.0, -0.0, -1.0, 0.3, -0.0, -1.0, 0.0, -0.0, 0.0, 0.0, 0.0, 1.0],
                [-1.0, 0.0, -0.0, 0.0, 0.0, 0.0, -1.0, 0.3, -0.0, -1.0, 0.0, 0.0, 0.0, 0.0, 0.0, 1.0],
                [-1.0, 0.0, 0.0, 0.0, 0.0, -0.0, -1.0, 0.3, -0.0, -1.0, 0.0, 0.0, 0.0, 0.0, 0.0, 1.0],
                [-1.0, 0.0, -0.0, -0.0, 0.0, -0.0, -1.0, 0.3, -0.0, -1.0, 0.0, 0.0, 0.0, 0.0, 0.0, 1.0]
            ]
        },
        {
            "name": "Shoulder_L",
            "time": [0.0, 0.1, 0.1833, 0.3167],
            "transform": [
                [0.632668, -0.73242, -0.251576, 0.0, 0.07573, -0.264788, 0.961328, 0.4, -0.770711, -0.627254, -0.112057, 0.0, 0.0, 0.0, 0.0, 1.0],
                [0.632669, -0.73242, -0.251576, 0.0, 0.07573, -0.264788, 0.961328, 0.4, -0.770711, -0.627254, -0.112057, -0.0, 0.0, 0.0, 0.0, 1.0],
                [0.425142, -0.869462, -0.251576, -0.0, 0.005754, -0.275344, 0.961328, 0.4, -0.905108, -0.410149, -0.112057, 0.0, 0.0, 0.0, 0.0, 1.0],
                [0.365808, -0.896043, -0.251577, -0.0, -0.012745, -0.275109, 0.961328, 0.4, -0.930603, -0.348456, -0.112057, -0.0, 0.0, 0.0, 0.0, 1.0]
            ]
        },
        {
            "name": "Arm_L",
            "time": [0.0, 0.1, 0.1833, 0.3167],
            "transform": [
                [-0.607459, 0.705083, 0.365858, 0.0, -0.447942, 0.076303, -0.890801, 0.39386, -0.656004, -0.705008, 0.269485, -0.0, 0.0, 0.0, 0.0, 1.0],
                [-0.607459, 0.587909, 0.534187, -0.0, -0.447942, 0.301834, -0.841572, 0.39386, -0.656004, -0.750506, 0.079997, 0.0, 0.0, 0.0, 0.0, 1.0],
                [-0.468388, 0.730097, 0.497565, -0.0, -0.441555, 0.294351, -0.847577, 0.39386, -0.765272, -0.616697, 0.184507, -0.0, 0.0, 0.0, 0.0, 1.0],
                [-0.440649, 0.759178, 0.479038, -0.0, -0.443714, 0.279689, -0.851406, 0.39386, -0.78035, -0.587727, 0.213613, 0.0, 0.0, 0.0, 0.0, 1.0]
            ]
        },
        {
            "name": "Hand_L",
            "time": [0.0, 0.1, 0.1833, 0.3167],
            "transform": [
                [1.0, 0.0, -0.0, -0.0, -0.0, 0.782648, -0.622464, 0.3, -0.0, 0.622464, 0.782648, 0.0, 0.0, 0.0, 0.0, 1.0],
                [1.0, 0.0, -0.0, 0.0, -0.0, 0.584392, -0.811472, 0.3, -0.0, 0.811471, 0.584392, 0.0, 0.0, 0.0, 0.0, 1.0],
                [1.0, 0.0, -0.0, -0.0, -0.0, 0.5446, -0.838696, 0.3, -0.0, 0.838696, 0.5446, -0.0, 0.0, 0.0, 0.0, 1.0],
                [1.0, 0.0, -0.0, 0.0, -0.0, 0.543558, -0.839372, 0.3, 0.0, 0.839372, 0.543558, -0.0, 0.0, 0.0, 0.0, 1.0]
            ]
        },
        {
            "name": "Tool_L",
            "time": [0.0, 0.1, 0.1833, 0.3167],
            "transform": [
                [-0.412078, -0.317581, -0.85401, -0.048425, 0.618615, -0.785668, -0.006328, 0.299303, -0.668559, -0.530608, 0.519911, 0.068636, 0.0, 0.0, 0.0, 1.0],
                [-0.412078, -0.317581, -0.85401, -0.048425, 0.618615, -0.785668, -0.006328, 0.299303, -0.668559, -0.530608, 0.519911, 0.068636, 0.0, 0.0, 0.0, 1.0],
                [-0.412078, -0.317581, -0.85401, -0.048425, 0.618615, -0.785668, -0.006328, 0.299303, -0.668559, -0.530608, 0.519911, 0.068636, 0.0, 0.0, 0.0, 1.0],
                [-0.412078, -0.317581, -0.85401, -0.048425, 0.618615, -0.785668, -0.006328, 0.299303, -0.668559, -0.530608, 0.519911, 0.068636, 0.0, 0.0, 0.0, 1.0]
            ]
        },
        {
            "name": "Elbow_L",
            "time": [0.0, 0.1, 0.1833, 0.3167],
            "transform": [
                [-1.0, 0.0, -0.0, -0.0, 0.0, -0.0, -1.0, 0.3, -0.0, -1.0, -0.0, 0.0, 0.0, 0.0, 0.0, 1.0],
                [-1.0, 0.0, -0.0, 0.0, 0.0, -0.0, -1.0, 0.3, -0.0, -1.0, -0.0, 0.0, 0.0, 0.0, 0.0, 1.0],
                [-1.0, 0.0, -0.0, -0.0, 0.0, -0.0, -1.0, 0.3, -0.0, -1.0, -0.0, -0.0, 0.0, 0.0, 0.0, 1.0],
                [-1.0, 0.0, -0.0, 0.0, 0.0, -0.0, -1.0, 0.3, -0.0, -1.0, -0.0, -0.0, 0.0, 0.0, 0.0, 1.0]
            ]
        }
    ]
}