{
    "animation": [
        {
            "name": "Root",
            "time": [0.0, 0.0833, 0.1667, 0.3333],
            "transform": [
                [1.0, 0.0, 0.0, -5e-06, 0.0, 0.0, -1.0, 0.000946, 0.0, 1.0, 0.0, 0.6541, 0.0, 0.0, 0.0, 1.0],
                [0.997391, 0.03115, 0.065115, -5e-06, 0.070942, -0.256517, -0.963933, -0.18549, -0.013323, 0.966038, -0.258058, 0.6541, 0.0, 0.0, 0.0, 1.0],
                [0.945935, -0.08202, -0.313814, -5e-06, -0.321172, -0.101631, -0.941552, -0.148337, 0.045333, 0.991435, -0.122479, 0.6541, 0.0, 0.0, 0.0, 1.0],
                [0.919557, -0.095605, -0.38115, -5e-06, -0.388064, -0.068342, -0.919095, -0.14142, 0.061822, 0.993071, -0.099945, 0.6541, 0.0, 0.0, 0.0, 1.0]
            ]
        },
        {
            "name": "Thigh_R",
            "time": [0.0, 0.0833, 0.1667, 0.3333],
            "transform": [
                [0.867734, 0.187503, 0.460304, 0.124994, 0.314718, -0.924077, -0.216864, -0.002831, 0.384694, 0.333046, -0.860866, -1.2e-05, 0.0, 0.0, 0.0, 1.0],
                [0.867734, 0.310218, 0.388331, 0.124994, 0.314718, -0.947657, 0.053796, -0.002831, 0.384694, 0.075534, -0.919949, -1.2e-05, 0.0, 0.0, 0.0, 1.0],
                [0.867734, 0.275368, 0.413774, 0.124994, 0.314718, -0.948752, -0.028602, -0.002831, 0.384694, 0.155041, -0.90993, -1.2e-05, 0.0, 0.0, 0.0, 1.0],
                [0.867734, 0.125709, 0.480868, 0.124994, 0.314718, -0.88779, -0.335825, -0.002831, 0.384694, 0.442744, -0.809931, -1.2e-05, 0.0, 0.0, 0.0, 1.0]
            ]
        },
        {
            "name": "Leg_R",
            "time": [0.0, 0.0833, 0.1667, 0.3333],
            "transform": [
                [1.0, 1e-06, 0.0, -0.0, -1e-06, 0.913636, 0.406535, 0.37472, 0.0, -0.406536, 0.913634, 0.0, 0.0, 0.0, 0.0, 1.0],
                [1.0, 0.0, 0.0, -0.0, -1e-06, 0.545806, 0.837911, 0.37472, 0.0, -0.837912, 0.545805, 0.0, 0.0, 0.0, 0.0, 1.0],
                [1.0, 0.0, 0.0, 0.0, -1e-06, 0.568385, 0.822762, 0.37472, 0.0, -0.822763, 0.568385, -0.0, 0.0, 0.0, 0.0, 1.0],
                [1.0, 1e-06, 0.0, 0.0, -1e-06, 0.910259, 0.41404, 0.37472, 0.0, -0.414041, 0.910258, -0.0, 0.0, 0.0, 0.0, 1.0]
            ]
        },
        {
            "name": "Knee_R",
            "time": [0.0, 0.0833, 0.1667, 0.3333],
            "transform": [
                [1.0, -0.0, -0.0, -0.0, -0.0, -0.389408, -0.921066, 0.439324, 0.0, 0.921065, -0.389408, -0.000954, 0.0, 0.0, 0.0, 1.0],
                [1.0, -0.0, -0.0, 0.0, -0.0, -0.389408, -0.921065, 0.439324, -0.0, 0.921065, -0.389408, -0.000954, 0.0, 0.0, 0.0, 1.0],
                [1.0, -0.0, -0.0, 0.0, -0.0, -0.389408, -0.921065, 0.439324, 0.0, 0.921066, -0.389408, -0.000954, 0.0, 0.0, 0.0, 1.0],
                [1.0, -0.0, -0.0, 0.0, -0.0, -0.389408, -0.921065, 0.439324, 0.0, 0.921065, -0.389408, -0.000954, 0.0, 0.0, 0.0, 1.0]
            ]
        },
        {
            "name": "Thigh_L",
            "time": [0.0, 0.0833, 0.1667, 0.3333],
            "transform": [
                [0.986259, -0.153535, -0.060986, -0.125006, -0.062758, -0.689684, 0.721385, -0.002831, -0.152819, -0.707646, -0.689843, -1.2e-05, 0.0, 0.0, 0.0, 1.0],
                [0.986259, -0.146861, -0.075658, -0.125006, -0.062758, -0.756703, 0.650739, -0.002831, -0.152819, -0.637049, -0.755522, -1.2e-05, 0.0, 0.0, 0.0, 1.0],
                [0.964753, -0.263135, -0.003352, -0.125006, -0.208029, -0.770393, 0.602676, -0.002831, -0.161167, -0.580736, -0.797979, -1.2e-05, 0.0, 0.0, 0.0, 1.0],
                [0.929503, -0.322601, -0.178748, -0.125006, -0.149523, -0.772664, 0.616954, -0.002831, -0.337143, -0.546734, -0.766431, -1.2e-05, 0.0, 0.0, 0.0, 1.0]
            ]
        },
        {
            "name": "Leg_L",
            "time": [0.0, 0.0833, 0.1667, 0.3333],
            "transform": [
                [0.998698, 0.045125, 0.023791, -0.0, -0.047365, 0.647098, 0.760934, 0.37472, 0.018943, -0.76107, 0.648393, 0.0, 0.0, 0.0, 0.0, 1.0],
                [0.998698, 0.046063, 0.02192, -0.0, -0.047365, 0.677764, 0.733753, 0.37472, 0.018943, -0.733835, 0.679063, 0.0, 0.0, 0.0, 0.0, 1.0],
                [0.998698, 0.05065, 0.006069, -0.0, -0.047365, 0.876529, 0.479013, 0.37472, 0.018943, -0.478676, 0.877787, 0.0, 0.0, 0.0, 0.0, 1.0],
                [0.998698, 0.050868, 0.003833, -0.0, -0.047365, 0.896769, 0.439956, 0.37472, 0.018943, -0.439565, 0.898012, -0.0, 0.0, 0.0, 0.0, 1.0]
            ]
        },
        {
            "name": "Knee_L",
            "time": [0.0, 0.0833, 0.1667, 0.3333],
            "transform": [
                [1.0, 0.0, -0.0, -0.0, -0.0, 1e-06, -1.0, 0.37472, -0.0, 1.0, 1e-06, 0.0, 0.0, 0.0, 0.0, 1.0],
                [1.0, 0.0, -0.0, -0.0, -0.0, 1e-06, -1.0, 0.37472, -0.0, 1.0, 1e-06, 0.0, 0.0, 0.0, 0.0, 1.0],
                [1.0, 0.0, -0.0, -0.0, -0.0, 1e-06, -1.0, 0.37472, -0.0, 1.0, 1e-06, 0.0, 0.0, 0.0, 0.0, 1.0],
                [1.0, 0.0, -0.0, -0.0, -0.0, 1e-06, -1.0, 0.37472, -0.0, 1.0, 1e-06, -0.0, 0.0, 0.0, 0.0, 1.0]
            ]
        },
        {
            "name": "Torso",
            "time": [0.0, 0.0833, 0.1667, 0.3333],
            "transform": [
                [1.0, 0.0, 0.0, 0.0, 0.0, 0.988633, 0.150347, 0.05, 0.0, -0.150347, 0.988633, 0.0, 0.0, 0.0, 0.0, 1.0],
                [1.0, 0.0, 0.0, 0.0, 0.0, 0.979323, 0.202304, 0.05, -0.0, -0.202304, 0.979323, 0.0, 0.0, 0.0, 0.0, 1.0],
                [1.0, 0.0, -0.0, 0.0, 0.0, 0.977602, 0.210462, 0.05, -0.0, -0.210462, 0.977602, 0.0, 0.0, 0.0, 0.0, 1.0],
                [1.0, 0.0, -0.0, -0.0, -0.0, 0.977574, 0.210592, 0.05, -0.0, -0.210592, 0.977574, -0.0, 0.0, 0.0, 0.0, 1.0]
            ]
        },
        {
            "name": "Chest",
            "time": [0.0, 0.0833, 0.1667, 0.3333],
            "transform": [
                [0.955481, -0.066115, 0.28755, 0.0, 0.022811, 0.988206, 0.151418, 0.3, -0.29417, -0.138118, 0.945721, 0.0, 0.0, 0.0, 0.0, 1.0],
                [0.982153, -0.18544, -0.031436, 0.0, 0.182475, 0.898932, 0.398276, 0.3, -0.045598, -0.396904, 0.916727, -0.0, 0.0, 0.0, 0.0, 1.0],
                [0.977063, -0.195603, -0.084186, 0.0, 0.212708, 0.877577, 0.429667, 0.3, -0.010164, -0.437718, 0.899055, 0.0, 0.0, 0.0, 0.0, 1.0],
                [0.976962, -0.195745, -0.085029, -0.0, 0.213199, 0.877222, 0.430148, 0.3, -0.00961, -0.438366, 0.898745, -0.0, 0.0, 0.0, 0.0, 1.0]
            ]
        },
        {
            "name": "Head",
            "time": [0.0, 0.0833, 0.1667, 0.3333],
            "transform": [
                [0.992033, 0.0, -0.12598, 0.0, -0.003093, 0.999699, -0.024352, 0.4, 0.125942, 0.024548, 0.991734, 0.0, 0.0, 0.0, 0.0, 1.0],
                [0.935418, 0.092487, 0.341233, 0.0, -0.000608, 0.965596, -0.260047, 0.4, -0.353544, 0.243045, 0.903292, -0.0, 0.0, 0.0, 0.0, 1.0],
                [0.906031, 0.115825, 0.407053, -0.0, 0.010222, 0.955551, -0.294648, 0.4, -0.423087, 0.271121, 0.864575, -0.0, 0.0, 0.0, 0.0, 1.0],
                [0.905522, 0.116212, 0.408074, 0.0, 0.010416, 0.955382, -0.295188, 0.4, -0.424171, 0.27155, 0.86391, 0.0, 0.0, 0.0, 0.0, 1.0]
            ]
        },
        {
            "name": "Shoulder_R",
            "time": [0.0, 0.0833, 0.1667, 0.3333],
            "transform": [
                [-0.175721, 0.871625, 0.457593, 0.0, 0.08862, -0.448933, 0.88916, 0.4, 0.980443, 0.196796, 0.001643, 0.0, 0.0, 0.0, 0.0, 1.0],
                [-0.175721, 0.871625, 0.457594, 0.0, 0.08862, -0.448933, 0.88916, 0.4, 0.980443, 0.196796, 0.001643, -0.0, 0.0, 0.0, 0.0, 1.0],
                [-0.175721, 0.871625, 0.457594, -0.0, 0.08862, -0.448933, 0.88916, 0.4, 0.980443, 0.196796, 0.001643, -0.0, 0.0, 0.0, 0.0, 1.0],
                [-0.175721, 0.871625, 0.457594, 0.0, 0.08862, -0.448933, 0.88916, 0.4, 0.980443, 0.196796, 0.001643, 0.0, 0.0, 0.0, 0.0, 1.0]
            ]
        },
        {
            "name": "Arm_R",
            "time": [0.0, 0.0833, 0.1667, 0.3333],
            "transform": [
                [-0.48899, -0.834621, -0.253568, 0.0, 0.599861, -0.110705, -0.792408, 0.39386, 0.63329, -0.539585, 0.55479, 0.0, 0.0, 0.0, 0.0, 1.0],
                [-0.031347, -0.949302, -0.312797, -0.0, 0.290417, 0.290798, -0.911644, 0.393861, 0.956386, -0.119419, 0.266578, 0.0, 0.0, 0.0, 0.0, 1.0],
                [0.04008, -0.941475, -0.33469, 0.0, 0.221172, 0.335009, -0.915888, 0.39386, 0.974411, -0.037315, 0.221655, 0.0, 0.0, 0.0, 0.0, 1.0],
                [0.041197, -0.941296, -0.335061, -0.0, 0.220042, 0.33566, -0.915923, 0.393861, 0.97462, -0.035994, 0.220953, 0.0, 0.0, 0.0, 0.0, 1.0]
            ]
        },
        {
            "name": "Hand_R",
            "time": [0.0, 0.0833, 0.1667, 0.3333],
            "transform": [
                [0.995489, -0.094816, -0.00335, -0.0, 0.084329, 0.900459, -0.426688, 0.3, 0.043474, 0.42448, 0.904393, -0.0, 0.0, 0.0, 0.0, 1.0],
                [0.995489, -0.094144, 0.011761, 0.0, 0.084329, 0.821206, -0.564367, 0.3, 0.043474, 0.562813, 0.82544, 0.0, 0.0, 0.0, 0.0, 1.0],
                [0.995489, -0.093818, 0.014127, 0.0, 0.084329, 0.806735, -0.584866, 0.3, 0.043474, 0.583419, 0.811007, -0.0, 0.0, 0.0, 0.0, 1.0],
                [0.995489, -0.093812, 0.014165, 0.0, 0.084329, 0.806499, -0.58519, 0.3, 0.043474, 0.583745, 0.810772, 0.0, 0.0, 0.0, 0.0, 1.0]
            ]
        },
        {
            "name": "Tool_R",
            "time": [0.0, 0.0833, 0.1667, 0.3333],
            "transform": [
                [0.511476, 0.85824, 0.042624, -0.0, 0.85844, -0.508121, -0.069958, 0.272858, -0.038351, 0.072324, -0.99605, 0.0, 0.0, 0.0, 0.0, 1.0],
                [0.512953, 0.858243, -0.0173, 0.0, 0.844432, -0.508116, -0.169568, 0.272858, -0.15422, 0.072323, -0.984785, -0.0, 0.0, 0.0, 0.0, 1.0],
                [0.512546, 0.858243, -0.026759, -0.0, 0.84116, -0.508115, -0.185115, 0.272858, -0.172359, 0.072323, -0.981773, -0.0, 0.0, 0.0, 0.0, 1.0],
                [0.512537, 0.858243, -0.02691, -0.0, 0.841106, -0.508115, -0.185363, 0.272858, -0.172649, 0.072323, -0.981722, -0.0, 0.0, 0.0, 0.0, 1.0]
            ]
        },
        {
            "name": "Elbow_R",
            "time": [0.0, 0.0833, 0.1667, 0.3333],
            "transform": [
                [-1.0, 0.0, -0.0, -0.0, 0.0, -0.0, -1.0, 0.3, -0.0, -1.0, 0.0, -0.0, 0.0, 0.0, 0.0, 1.0],
                [-1.0, 0.0, 0.0, 0.0, 0.0, -0.0, -1.0, 0.3, -0.0, -1.0, 0.0, 0.0, 0.0, 0.0, 0.0, 1.0],
                [-1.0, 0.0, 0.0, 0.0, -0.0, -0.0, -1.0, 0.3, -0.0, -1.0, 0.0, -0.0, 0.0, 0.0, 0.0, 1.0],
                [-1.0, 0.0, 0.0, 0.0, -0.0, -0.0, -1.0, 0.3, -0.0, -1.0, 0.0, 0.0, 0.0, 0.0, 0.0, 1.0]
            ]
        },
        {
            "name": "Shoulder_L",
            "time": [0.0, 0.0833, 0.1667, 0.3333],
            "transform": [
                [0.632668, -0.73242, -0.251576, 0.0, 0.07573, -0.264788, 0.961328, 0.4, -0.770711, -0.627254, -0.112057, 0.0, 0.0, 0.0, 0.0, 1.0],
                [0.7464, -0.616114, -0.251577, 0.0, 0.119007, -0.248364, 0.961328, 0.4, -0.65477, -0.747475, -0.112057, -0.0, 0.0, 0.0, 0.0, 1.0],
                [0.762492, -0.596083, -0.251576, -0.0, 0.125558, -0.245117, 0.961329, 0.4, -0.634697, -0.764593, -0.112057, -0.0, 0.0, 0.0, 0.0, 1.0],
                [0.762745, -0.595759, -0.251576, 0.0, 0.125662, -0.245064, 0.961329, 0.4, -0.634373, -0.764862, -0.112057, 0.0, 0.0, 0.0, 0.0, 1.0]
            ]
        },
        {
            "name": "Arm_L",
            "time": [0.0, 0.0833, 0.1667, 0.3333],
            "transform": [
                [-0.607459, 0.705083, 0.365858, 0.0, -0.447942, 0.076303, -0.890801, 0.39386, -0.656004, -0.705008, 0.269485, -0.0, 0.0, 0.0, 0.0, 1.0],
                [-0.60746, 0.755259, 0.246124, -0.0, -0.447942, -0.069814, -0.891333, 0.39386, -0.656004, -0.651698, 0.380721, 0.0, 0.0, 0.0, 0.0, 1.0],
                [-0.607459, 0.76136, 0.226548, -0.0, -0.447942, -0.092798, -0.889234, 0.39386, -0.656004, -0.641653, 0.397416, 0.0, 0.0, 0.0, 0.0, 1.0],
                [-0.60746, 0.761453, 0.226233, -0.0, -0.447942, -0.093165, -0.889195, 0.39386, -0.656004, -0.641489, 0.397681, -0.0, 0.0, 0.0, 0.0, 1.0]
            ]
        },
        {
            "name": "Hand_L",
            "time": [0.0, 0.0833, 0.1667, 0.3333],
            "transform": [
                [1.0, 0.0, -0.0, -0.0, -0.0, 0.782648, -0.622464, 0.3, -0.0, 0.622464, 0.782648, 0.0, 0.0, 0.0, 0.0, 1.0],
                [1.0, 0.0, -0.0, 0.0, -0.0, 0.865018, -0.501741, 0.3, -0.0, 0.501741, 0.865018, 0.0, 0.0, 0.0, 0.0, 1.0],
                [1.0, 0.0, -0.0, -0.0, -0.0, 0.876369, -0.481641, 0.3, -0.0, 0.481641, 0.876369, 0.0, 0.0, 0.0, 0.0, 1.0],
                [1.0, 0.0, -0.0, 0.0, -0.0, 0.876547, -0.481317, 0.3, 0.0, 0.481317, 0.876547, 0.0, 0.0, 0.0, 0.0, 1.0]
            ]
        },
        {
            "name": "Tool_L",
            "time": [0.0, 0.0833, 0.1667, 0.3333],
            "transform": [
                [-0.412078, -0.317581, -0.85401, -0.048425, 0.618615, -0.785668, -0.006328, 0.299303, -0.668559, -0.530608, 0.519911, 0.068636, 0.0, 0.0, 0.0, 1.0],
                [-0.412078, -0.317581, -0.85401, -0.048425, 0.618615, -0.785668, -0.006328, 0.299303, -0.668559, -0.530608, 0.519911, 0.068636, 0.0, 0.0, 0.0, 1.0],
                [-0.412078, -0.317581, -0.85401, -0.048425, 0.618615, -0.785668, -0.006329, 0.299303, -0.668559, -0.530608, 0.519911, 0.068636, 0.0, 0.0, 0.0, 1.0],
                [-0.412078, -0.317581, -0.85401, -0.048425, 0.618615, -0.785668, -0.006328, 0.299303, -0.668559, -0.530608, 0.519911, 0.068636, 0.0, 0.0, 0.0, 1.0]
            ]
        },
        {
            "name": "Elbow_L",
            "time": [0.0, 0.0833, 0.1667, 0.3333],
            "transform": [
                [-1.0, 0.0, -0.0, -0.0, 0.0, -0.0, -1.0, 0.3, -0.0, -1.0, -0.0, 0.0, 0.0, 0.0, 0.0, 1.0],
                [-1.0, 0.0, -0.0, 0.0, 0.0, 0.0, -1.0, 0.3, -0.0, -1.0, -0.0, 0.0, 0.0, 0.0, 0.0, 1.0],
                [-1.0, 0.0, -0.0, -0.0, 0.0, -0.0, -1.0, 0.3, -0.0, -1.0, -0.0, 0.0, 0.0, 0.0, 0.0, 1.0],
                [-1.0, 0.0, 0.0, 0.0, 0.0, -0.0, -1.0, 0.3, -0.0, -1.0, -0.0, 0.0, 0.0, 0.0, 0.0, 1.0]
            ]
        }
    ]
}