{
    "animation": [
        {
            "name": "Root",
            "time": [0.0, 0.1, 0.2667, 0.3667, 0.4333, 0.4833, 0.8],
            "transform": [
                [0.889745, 0.114615, -0.441834, -0.06677, -0.450899, 0.070078, -0.88982, -0.006558, -0.071024, 0.990935, 0.114031, 0.594036, 0.0, 0.0, 0.0, 1.0],
                [0.886623, 0.140509, -0.440632, -0.067752, -0.41981, -0.155254, -0.894235, -0.105549, -0.194057, 0.977831, -0.078665, 0.611921, 0.0, 0.0, 0.0, 1.0],
                [0.89051, 0.130468, -0.435856, -0.068018, -0.414555, -0.162015, -0.895486, -0.097693, -0.187447, 0.978125, -0.09019, 0.616777, 0.0, 0.0, 0.0, 1.0],
                [0.676753, 0.205093, 0.707066, -0.072765, 0.72698, -0.034564, -0.685788, 0.496621, -0.116211, 0.978132, -0.17249, 0.731181, 0.0, 0.0, 0.0, 1.0],
                [0.841421, 0.198431, 0.502628, -0.069841, 0.507165, 0.031086, -0.861288, 0.772494, -0.186531, 0.979622, -0.074481, 0.660712, 0.0, 0.0, 0.0, 1.0],
                [0.703189, 0.197723, 0.682957, -0.068018, 0.685876, 0.064466, -0.724858, 0.884202, -0.187348, 0.978136, -0.090281, 0.616777, 0.0, 0.0, 0.0, 1.0],
                [0.617412, 0.188735, 0.763663, -0.068018, 0.76398, 0.087462, -0.639284, 0.985162, -0.187447, 0.978125, -0.09019, 0.616777, 0.0, 0.0, 0.0, 1.0]
            ]
        },
        {
            "name": "Thigh_R",
            "time": [0.0, 0.1, 0.2667, 0.3667, 0.4833, 0.8],
            "transform": [
                [0.693802, 0.630255, 0.348448, 0.124994, 0.687119, -0.724206, -0.058224, -0.002831, 0.215652, 0.279821, -0.935518, -1.2e-05, 0.0, 0.0, 0.0, 1.0],
                [0.574423, 0.628418, 0.524527, 0.124994, 0.678939, -0.723723, 0.123549, -0.002831, 0.457253, 0.285152, -0.842382, -1.2e-05, 0.0, 0.0, 0.0, 1.0],
                [0.534317, 0.627737, 0.566083, 0.124994, 0.668313, -0.72377, 0.171792, -0.002831, 0.517555, 0.286529, -0.80625, -1.2e-05, 0.0, 0.0, 0.0, 1.0],
                [0.569644, 0.715804, 0.403892, 0.124994, 0.427621, -0.677788, 0.598115, -0.002831, 0.701887, -0.167999, -0.692193, -1.2e-05, 0.0, 0.0, 0.0, 1.0],
                [0.567553, 0.792603, 0.22285, 0.124994, 0.307373, -0.45507, 0.835723, -0.002831, 0.763809, -0.405818, -0.501903, -1.2e-05, 0.0, 0.0, 0.0, 1.0],
                [0.580356, 0.792252, 0.188468, 0.124994, 0.267242, -0.403892, 0.874901, -0.002831, 0.769264, -0.457387, -0.446126, -1.2e-05, 0.0, 0.0, 0.0, 1.0]
            ]
        },
        {
            "name": "Leg_R",
            "time": [0.0, 0.1, 0.2667, 0.3667, 0.4833, 0.8],
            "transform": [
                [1.0, -0.0, 1e-06, 0.0, 0.0, 0.947598, 0.319467, 0.37472, -1e-06, -0.319467, 0.947597, -0.0, 0.0, 0.0, 0.0, 1.0],
                [1.0, -1e-06, 1e-06, -0.0, 0.0, 0.728598, 0.684942, 0.37472, -1e-06, -0.684943, 0.728596, -0.0, 0.0, 0.0, 0.0, 1.0],
                [1.0, -1e-06, 0.0, 0.0, 0.0, 0.644626, 0.764498, 0.37472, -1e-06, -0.764499, 0.644625, -0.0, 0.0, 0.0, 0.0, 1.0],
                [1.0, -1e-06, -0.0, 0.0, 0.0, -0.302034, 0.953297, 0.37472, -1e-06, -0.953298, -0.302033, -0.0, 0.0, 0.0, 0.0, 1.0],
                [1.0, -1e-06, 0.0, 0.0, 0.0, 0.644626, 0.764498, 0.37472, -1e-06, -0.764499, 0.644625, 0.0, 0.0, 0.0, 0.0, 1.0],
                [1.0, -1e-06, 0.0, 0.0, 0.0, 0.644626, 0.764498, 0.37472, -1e-06, -0.764499, 0.644625, 0.0, 0.0, 0.0, 0.0, 1.0]
            ]
        },
        {
            "name": "Knee_R",
            "time": [0.0, 0.1, 0.2667, 0.3667, 0.4833, 0.8],
            "transform": [
                [1.0, 0.0, -0.0, 0.0, -0.0, 1e-06, -1.0, 0.37472, -0.0, 1.0, 1e-06, -0.0, 0.0, 0.0, 0.0, 1.0],
                [1.0, 0.0, -0.0, -0.0, -0.0, 1e-06, -1.0, 0.37472, -0.0, 1.0, 1e-06, -0.0, 0.0, 0.0, 0.0, 1.0],
                [1.0, 0.0, -0.0, 0.0, -0.0, 1e-06, -1.0, 0.37472, -0.0, 1.0, 1e-06, -0.0, 0.0, 0.0, 0.0, 1.0],
                [1.0, 0.0, -0.0, 0.0, -0.0, 0.77978, -0.626054, 0.37472, 0.0, 0.626054, 0.779779, -0.0, 0.0, 0.0, 0.0, 1.0],
                [1.0, 0.0, -0.0, 0.0, -0.0, 1e-06, -1.0, 0.37472, -0.0, 1.0, 1e-06, 0.0, 0.0, 0.0, 0.0, 1.0],
                [1.0, 0.0, -0.0, 0.0, -0.0, 1e-06, -1.0, 0.37472, -0.0, 1.0, 1e-06, 0.0, 0.0, 0.0, 0.0, 1.0]
            ]
        },
        {
            "name": "Thigh_L",
            "time": [0.0, 0.1, 0.2667, 0.3667, 0.4833, 0.8],
            "transform": [
                [0.880894, -0.342372, -0.326813, -0.125006, 0.12261, -0.501846, 0.856222, -0.002831, -0.457156, -0.794312, -0.400096, -1.2e-05, 0.0, 0.0, 0.0, 1.0],
                [0.880894, -0.215207, -0.421558, -0.125006, 0.12261, -0.756497, 0.642401, -0.002831, -0.457156, -0.617574, -0.640008, -1.2e-05, 0.0, 0.0, 0.0, 1.0],
                [0.880894, -0.176011, -0.439369, -0.125006, 0.12261, -0.811741, 0.571002, -0.002831, -0.457156, -0.556863, -0.693477, -1.2e-05, 0.0, 0.0, 0.0, 1.0],
                [0.822585, -0.080063, 0.562977, -0.125006, 0.032921, -0.981673, -0.18771, -0.002831, 0.567687, 0.172942, -0.804874, -1.2e-05, 0.0, 0.0, 0.0, 1.0],
                [0.958817, -0.280849, 0.042332, -0.125006, -0.258152, -0.923901, -0.282426, -0.002831, 0.11843, 0.259868, -0.958354, -1.2e-05, 0.0, 0.0, 0.0, 1.0],
                [0.945918, -0.312903, 0.085609, -0.125006, -0.264496, -0.896694, -0.354938, -0.002831, 0.187827, 0.3131, -0.930961, -1.2e-05, 0.0, 0.0, 0.0, 1.0]
            ]
        },
        {
            "name": "Leg_L",
            "time": [0.0, 0.1, 0.2667, 0.3667, 0.4833, 0.8],
            "transform": [
                [0.999989, 0.000313, -0.004649, 0.0, 0.003782, 0.528297, 0.849051, 0.37472, 0.002722, -0.849059, 0.52829, 0.0, 0.0, 0.0, 0.0, 1.0],
                [0.999989, -0.000445, -0.004639, -0.0, 0.003782, 0.659075, 0.752068, 0.37472, 0.002722, -0.752077, 0.65907, 0.0, 0.0, 0.0, 0.0, 1.0],
                [0.999989, -0.00065, -0.004614, 0.0, 0.003782, 0.691667, 0.722207, 0.37472, 0.002722, -0.722216, 0.691662, 0.0, 0.0, 0.0, 0.0, 1.0],
                [0.999989, -0.003284, -0.003309, 0.0, 0.003783, 0.986387, 0.164396, 0.37472, 0.002724, -0.164406, 0.986389, 0.0, 0.0, 0.0, 0.0, 1.0],
                [0.999989, -0.002842, -0.003696, -0.0, 0.003784, 0.957892, 0.287102, 0.37472, 0.002724, -0.287112, 0.957893, 0.0, 0.0, 0.0, 0.0, 1.0],
                [0.999989, -0.002994, -0.003571, -0.0, 0.003782, 0.969089, 0.246682, 0.37472, 0.002722, -0.246693, 0.96909, -0.0, 0.0, 0.0, 0.0, 1.0]
            ]
        },
        {
            "name": "Knee_L",
            "time": [0.0, 0.1, 0.2667, 0.4833, 0.8],
            "transform": [
                [1.0, 0.0, -0.0, 0.0, -0.0, 1e-06, -1.0, 0.37472, -0.0, 1.0, 1e-06, 0.0, 0.0, 0.0, 0.0, 1.0],
                [1.0, 0.0, -0.0, -0.0, -0.0, 1e-06, -1.0, 0.37472, -0.0, 1.0, 1e-06, 0.0, 0.0, 0.0, 0.0, 1.0],
                [1.0, 0.0, -0.0, 0.0, -0.0, 1e-06, -1.0, 0.37472, -0.0, 1.0, 1e-06, 0.0, 0.0, 0.0, 0.0, 1.0],
                [1.0, 0.0, -0.0, -0.0, -0.0, 1e-06, -1.0, 0.37472, -0.0, 1.0, 1e-06, 0.0, 0.0, 0.0, 0.0, 1.0],
                [1.0, 0.0, -0.0, -0.0, -0.0, 1e-06, -1.0, 0.37472, -0.0, 1.0, 1e-06, -0.0, 0.0, 0.0, 0.0, 1.0]
            ]
        },
        {
            "name": "Torso",
            "time": [0.0, 0.1, 0.2667, 0.4833, 0.8],
            "transform": [
                [0.999042, -0.04326, -0.006574, 0.0, 0.04367, 0.995223, 0.08732, 0.05, 0.002765, -0.087524, 0.996159, 0.0, 0.0, 0.0, 0.0, 1.0],
                [0.984423, -0.171268, -0.039724, -0.0, 0.175052, 0.975824, 0.13086, 0.05, 0.016352, -0.135775, 0.990605, -0.0, 0.0, 0.0, 0.0, 1.0],
                [0.977442, -0.205284, -0.049659, 0.0, 0.210356, 0.967282, 0.141835, 0.05, 0.018918, -0.149081, 0.988644, -0.0, 0.0, 0.0, 0.0, 1.0],
                [0.978333, -0.205291, 0.026842, 0.0, 0.198595, 0.967161, 0.15862, 0.05, -0.058524, -0.149852, 0.986975, -0.0, 0.0, 0.0, 0.0, 1.0],
                [0.978078, -0.205284, 0.034968, 0.0, 0.197316, 0.967282, 0.159477, 0.05, -0.066562, -0.149081, 0.986582, 0.0, 0.0, 0.0, 0.0, 1.0]
            ]
        },
        {
            "name": "Chest",
            "time": [0.0, 0.1, 0.2667, 0.4833, 0.8],
            "transform": [
                [0.81966, 0.032104, -0.571949, 0.0, -0.095917, 0.992024, -0.081776, 0.3, 0.564762, 0.121889, 0.816203, 0.0, 0.0, 0.0, 0.0, 1.0],
                [0.711105, 0.032104, -0.702353, 0.0, -0.108368, 0.992024, -0.064374, 0.3, 0.694684, 0.121889, 0.708912, 0.0, 0.0, 0.0, 0.0, 1.0],
                [0.677988, 0.032104, -0.734372, 0.0, -0.111219, 0.992024, -0.059312, 0.3, 0.726611, 0.121889, 0.676151, -0.0, 0.0, 0.0, 0.0, 1.0],
                [0.914237, 0.049239, 0.402177, 0.0, -0.134674, 0.973083, 0.187008, 0.3, -0.382144, -0.225133, 0.89626, 0.0, 0.0, 0.0, 0.0, 1.0],
                [0.860139, 0.02739, 0.509324, -0.0, -0.151977, 0.966964, 0.204656, 0.3, -0.486892, -0.253437, 0.835886, 0.0, 0.0, 0.0, 0.0, 1.0]
            ]
        },
        {
            "name": "Head",
            "time": [0.0, 0.1, 0.2667, 0.3667, 0.4833, 0.8],
            "transform": [
                [0.868303, -0.114358, 0.482672, 0.0, -0.008151, 0.969641, 0.244397, 0.4, -0.495968, -0.216145, 0.84101, -0.0, 0.0, 0.0, 0.0, 1.0],
                [0.607943, -0.186765, 0.771702, -0.0, 0.023567, 0.975757, 0.217584, 0.4, -0.793631, -0.114092, 0.597606, -0.0, 0.0, 0.0, 0.0, 1.0],
                [0.519283, -0.198865, 0.831142, 0.0, 0.033767, 0.976564, 0.212563, 0.4, -0.853935, -0.082315, 0.513828, 0.0, 0.0, 0.0, 0.0, 1.0],
                [0.86921, -0.0768, -0.488442, -0.0, 0.069669, 0.997031, -0.032789, 0.4, 0.48951, -0.005528, 0.87198, 0.0, 0.0, 0.0, 0.0, 1.0],
                [0.704266, -0.063506, -0.70709, 0.0, -0.017956, 0.994079, -0.107165, 0.4, 0.709709, 0.088169, 0.698956, -0.0, 0.0, 0.0, 0.0, 1.0],
                [0.579143, -0.068553, -0.812338, 0.0, -0.047067, 0.991984, -0.11727, 0.4, 0.813866, 0.10615, 0.571274, 0.0, 0.0, 0.0, 0.0, 1.0]
            ]
        },
        {
            "name": "Shoulder_R",
            "time": [0.0, 0.1, 0.2667, 0.4833, 0.8],
            "transform": [
                [0.110305, 0.959352, 0.259762, 0.0, 0.091141, -0.270019, 0.958532, 0.4, 0.98971, -0.082056, -0.11722, -0.0, 0.0, 0.0, 0.0, 1.0],
                [0.110305, 0.959352, 0.259762, -0.0, 0.091141, -0.270019, 0.958532, 0.4, 0.98971, -0.082056, -0.11722, -0.0, 0.0, 0.0, 0.0, 1.0],
                [0.110305, 0.959352, 0.259762, 0.0, 0.091141, -0.270019, 0.958532, 0.4, 0.98971, -0.082056, -0.11722, 0.0, 0.0, 0.0, 0.0, 1.0],
                [0.288596, 0.92154, 0.259762, 0.0, 0.038783, -0.282334, 0.958532, 0.4, 0.956665, -0.266554, -0.11722, -0.0, 0.0, 0.0, 0.0, 1.0],
                [0.306816, 0.915635, 0.259762, 0.0, 0.033176, -0.283048, 0.958532, 0.4, 0.95119, -0.285475, -0.11722, 0.0, 0.0, 0.0, 0.0, 1.0]
            ]
        },
        {
            "name": "Arm_R",
            "time": [0.0, 0.1, 0.2667, 0.3667, 0.4333, 0.4833, 0.6167, 0.8],
            "transform": [
                [0.784629, 0.496794, -0.370881, -0.0, -0.590545, 0.781007, -0.203189, 0.393861, 0.188718, 0.37845, 0.90618, 0.0, 0.0, 0.0, 0.0, 1.0],
                [-0.272741, 0.008272, 0.962052, -0.0, 0.692509, 0.695845, 0.190343, 0.39386, -0.667864, 0.718144, -0.195513, -0.0, 0.0, 0.0, 0.0, 1.0],
                [-0.685423, 0.073087, 0.724467, 0.0, 0.620569, 0.579111, 0.528701, 0.39386, -0.380906, 0.811966, -0.442292, 0.0, 0.0, 0.0, 0.0, 1.0],
                [0.689121, -0.672945, 0.268807, -0.0, 0.724554, 0.633944, -0.270438, 0.39386, 0.011581, 0.38113, 0.924449, -0.0, 0.0, 0.0, 0.0, 1.0],
                [0.788851, -0.539676, -0.294048, 0.0, 0.601435, 0.579439, 0.550024, 0.39386, -0.126452, -0.610737, 0.781671, 0.0, 0.0, 0.0, 0.0, 1.0],
                [0.276743, -0.651243, -0.706609, 0.0, 0.800992, -0.249898, 0.544025, 0.39386, -0.530872, -0.716543, 0.452483, 0.0, 0.0, 0.0, 0.0, 1.0],
                [0.448676, -0.621512, -0.642194, -0.0, 0.416288, -0.490521, 0.765568, 0.39386, -0.790819, -0.610829, 0.038643, 0.0, 0.0, 0.0, 0.0, 1.0],
                [0.375198, -0.596176, -0.709789, -0.0, 0.501174, -0.513685, 0.696385, 0.393861, -0.779776, -0.61701, 0.106055, 0.0, 0.0, 0.0, 0.0, 1.0]
            ]
        },
        {
            "name": "Hand_R",
            "time": [0.0, 0.1, 0.2667, 0.4833, 0.8],
            "transform": [
                [0.999998, -0.000405, 0.001778, -0.0, 0.000868, 0.963176, -0.268872, 0.3, -0.001603, 0.268873, 0.963174, -0.0, 0.0, 0.0, 0.0, 1.0],
                [0.999998, 8e-06, 0.001823, 0.0, 0.000868, 0.877428, -0.479709, 0.3, -0.001603, 0.479709, 0.877426, -0.0, 0.0, 0.0, 0.0, 1.0],
                [0.999998, 0.00012, 0.001819, -0.0, 0.000868, 0.846124, -0.532986, 0.3, -0.001603, 0.532987, 0.846122, -0.0, 0.0, 0.0, 0.0, 1.0],
                [0.999998, -0.000703, 0.001682, 0.0, 0.000868, 0.994979, -0.100085, 0.3, -0.001603, 0.100086, 0.994978, -0.0, 0.0, 0.0, 0.0, 1.0],
                [0.999998, -0.000783, 0.001646, -0.0, 0.000868, 0.998641, -0.05212, 0.3, -0.001603, 0.052121, 0.99864, -0.0, 0.0, 0.0, 0.0, 1.0]
            ]
        },
        {
            "name": "Tool_R",
            "time": [0.0, 0.1, 0.2667, 0.4833, 0.8],
            "transform": [
                [0.993309, 0.029149, -0.111744, 0.015054, -0.0882, -0.433137, -0.897002, 0.243316, -0.074504, 0.900319, -0.427425, 0.024459, 0.0, 0.0, 0.0, 1.0],
                [0.993309, 0.029149, -0.111744, 0.015054, -0.088199, -0.433137, -0.897002, 0.243316, -0.074504, 0.900319, -0.427425, 0.024459, 0.0, 0.0, 0.0, 1.0],
                [0.993309, 0.029149, -0.111744, 0.015054, -0.0882, -0.433137, -0.897002, 0.243316, -0.074504, 0.900319, -0.427424, 0.024459, 0.0, 0.0, 0.0, 1.0],
                [0.993309, 0.029149, -0.111744, 0.015054, -0.088199, -0.433137, -0.897002, 0.243316, -0.074504, 0.900319, -0.427425, 0.024459, 0.0, 0.0, 0.0, 1.0],
                [0.993309, 0.029149, -0.111744, 0.015054, -0.0882, -0.433137, -0.897002, 0.243316, -0.074504, 0.900319, -0.427425, 0.024459, 0.0, 0.0, 0.0, 1.0]
            ]
        },
        {
            "name": "Elbow_R",
            "time": [0.0, 0.1, 0.2667, 0.4833, 0.8],
            "transform": [
                [-1.0, 0.0, -0.0, 0.0, 0.0, -0.0, -1.0, 0.341622, -0.0, -1.0, 0.0, -0.0, 0.0, 0.0, 0.0, 1.0],
                [-1.0, 0.0, -0.0, 0.0, 0.0, -0.0, -1.0, 0.341622, -0.0, -1.0, 0.0, -0.0, 0.0, 0.0, 0.0, 1.0],
                [-1.0, 0.0, -0.0, 0.0, 0.0, -0.0, -1.0, 0.341622, -0.0, -1.0, 0.0, -0.0, 0.0, 0.0, 0.0, 1.0],
                [-1.0, 0.0, 0.0, -0.0, -0.0, -0.0, -1.0, 0.341622, -0.0, -1.0, 0.0, -0.0, 0.0, 0.0, 0.0, 1.0],
                [-1.0, 0.0, -0.0, -0.0, 0.0, -0.0, -1.0, 0.341622, -0.0, -1.0, 0.0, 0.0, 0.0, 0.0, 0.0, 1.0]
            ]
        },
        {
            "name": "Shoulder_L",
            "time": [0.0, 0.1, 0.2667, 0.4833, 0.8],
            "transform": [
                [-0.226937, -0.947819, -0.223918, 0.0, -0.021067, -0.225085, 0.974111, 0.4, -0.973682, 0.225779, 0.031113, -0.0, 0.0, 0.0, 0.0, 1.0],
                [-0.226937, -0.947819, -0.223918, -0.0, -0.021067, -0.225085, 0.974111, 0.4, -0.973681, 0.225779, 0.031113, -0.0, 0.0, 0.0, 0.0, 1.0],
                [-0.226937, -0.947819, -0.223918, 0.0, -0.021067, -0.225085, 0.974111, 0.4, -0.973681, 0.225779, 0.031113, 0.0, 0.0, 0.0, 0.0, 1.0],
                [-0.226937, -0.947819, -0.223918, 0.0, -0.021067, -0.225085, 0.974111, 0.4, -0.973681, 0.225779, 0.031113, -0.0, 0.0, 0.0, 0.0, 1.0],
                [-0.226937, -0.947819, -0.223918, 0.0, -0.021067, -0.225085, 0.974111, 0.4, -0.973681, 0.225779, 0.031113, 0.0, 0.0, 0.0, 0.0, 1.0]
            ]
        },
        {
            "name": "Arm_L",
            "time": [0.0, 0.1, 0.2667, 0.4833, 0.8],
            "transform": [
                [-0.058877, -0.335244, 0.94029, -0.0, -0.642034, 0.733985, 0.221489, 0.39386, -0.764412, -0.590657, -0.258454, 0.0, 0.0, 0.0, 0.0, 1.0],
                [-0.058877, 0.072572, 0.995624, 0.0, -0.642034, 0.760961, -0.093435, 0.39386, -0.764412, -0.644726, 0.00179, -0.0, 0.0, 0.0, 0.0, 1.0],
                [-0.058877, 0.18338, 0.981277, 0.0, -0.642034, 0.745753, -0.177888, 0.39386, -0.764412, -0.640487, 0.073828, -0.0, 0.0, 0.0, 0.0, 1.0],
                [-0.058877, 0.18338, 0.981277, -0.0, -0.642034, 0.745753, -0.177888, 0.39386, -0.764412, -0.640487, 0.073829, 0.0, 0.0, 0.0, 0.0, 1.0],
                [-0.058877, 0.18338, 0.981277, -0.0, -0.642034, 0.745753, -0.177888, 0.39386, -0.764412, -0.640487, 0.073829, -0.0, 0.0, 0.0, 0.0, 1.0]
            ]
        },
        {
            "name": "Hand_L",
            "time": [0.0, 0.1, 0.2667, 0.4833, 0.8],
            "transform": [
                [0.999993, -0.003701, -0.000849, 0.0, 0.000938, 0.457432, -0.889244, 0.3, 0.003679, 0.889237, 0.457433, 0.0, 0.0, 0.0, 0.0, 1.0],
                [0.999993, -0.003701, -0.000849, 0.0, 0.000938, 0.457432, -0.889244, 0.3, 0.003679, 0.889237, 0.457432, 0.0, 0.0, 0.0, 0.0, 1.0],
                [0.999993, -0.003701, -0.000849, -0.0, 0.000938, 0.457432, -0.889244, 0.3, 0.003679, 0.889237, 0.457432, -0.0, 0.0, 0.0, 0.0, 1.0],
                [0.999993, -0.003701, -0.000849, 0.0, 0.000938, 0.457432, -0.889244, 0.3, 0.003679, 0.889237, 0.457432, 0.0, 0.0, 0.0, 0.0, 1.0],
                [0.999993, -0.003701, -0.000849, -0.0, 0.000938, 0.457432, -0.889244, 0.3, 0.003679, 0.889237, 0.457432, 0.0, 0.0, 0.0, 0.0, 1.0]
            ]
        },
        {
            "name": "Tool_L",
            "time": [0.0, 0.1, 0.2667, 0.4833, 0.8],
            "transform": [
                [0.997004, 0.01104, -0.076554, -0.0, -0.036659, -0.804079, -0.593391, 0.272858, -0.068067, 0.594062, -0.8008, -0.0, 0.0, 0.0, 0.0, 1.0],
                [0.997004, 0.01104, -0.076554, -0.0, -0.036659, -0.804079, -0.593391, 0.272858, -0.068067, 0.594062, -0.8008, -0.0, 0.0, 0.0, 0.0, 1.0],
                [0.997004, 0.01104, -0.076554, 0.0, -0.036659, -0.804079, -0.593391, 0.272858, -0.068067, 0.594062, -0.8008, -0.0, 0.0, 0.0, 0.0, 1.0],
                [0.997004, 0.01104, -0.076554, 0.0, -0.036659, -0.804079, -0.593391, 0.272858, -0.068067, 0.594062, -0.800801, -0.0, 0.0, 0.0, 0.0, 1.0],
                [0.997004, 0.01104, -0.076554, -0.0, -0.036659, -0.804079, -0.593391, 0.272858, -0.068067, 0.594062, -0.8008, -0.0, 0.0, 0.0, 0.0, 1.0]
            ]
        },
        {
            "name": "Elbow_L",
            "time": [0.0, 0.1, 0.2667, 0.4833, 0.8],
            "transform": [
                [-1.0, 0.0, -0.0, 2.7e-05, 0.0, -0.0, -1.0, 0.334302, -0.0, -1.0, 0.0, -0.002121, 0.0, 0.0, 0.0, 1.0],
                [-1.0, 0.0, -0.0, 2.7e-05, 0.0, -0.0, -1.0, 0.334302, -0.0, -1.0, -0.0, -0.002121, 0.0, 0.0, 0.0, 1.0],
                [-1.0, 0.0, -0.0, 2.7e-05, 0.0, -0.0, -1.0, 0.334301, -0.0, -1.0, -0.0, -0.002121, 0.0, 0.0, 0.0, 1.0],
                [-1.0, 0.0, -0.0, 2.7e-05, 0.0, -0.0, -1.0, 0.334302, -0.0, -1.0, 0.0, -0.002121, 0.0, 0.0, 0.0, 1.0],
                [-1.0, 0.0, -0.0, 2.7e-05, 0.0, -0.0, -1.0, 0.334301, -0.0, -1.0, -0.0, -0.002121, 0.0, 0.0, 0.0, 1.0]
            ]
        }
    ]
}