{
    "animation": [
        {
            "name": "Root",
            "time": [0.0, 0.2167, 0.3, 0.4167, 0.6333, 0.7833, 1.2167],
            "transform": [
                [0.617412, 0.188735, 0.763663, -0.068018, 0.76398, 0.087462, -0.639284, 0.00812, -0.187447, 0.978125, -0.09019, 0.616777, 0.0, 0.0, 0.0, 1.0],
                [0.752268, 0.015731, 0.658669, -0.005038, 0.639754, 0.221548, -0.735956, 0.490211, -0.157504, 0.975023, 0.1566, 0.678407, 0.0, 0.0, 0.0, 1.0],
                [0.842454, -0.026256, 0.538127, -0.028207, 0.514278, 0.336903, -0.788679, 0.799954, -0.160589, 0.941173, 0.297328, 0.774647, 0.0, 0.0, 0.0, 1.0],
                [0.925878, 0.249429, -0.283788, -0.063003, -0.243611, -0.180019, -0.95302, 1.183293, -0.288798, 0.951514, -0.105912, 0.7599, 0.0, 0.0, 0.0, 1.0],
                [0.903011, 0.230049, -0.362834, -0.064826, -0.33196, -0.162482, -0.929194, 1.218902, -0.272714, 0.959519, -0.070356, 0.726226, 0.0, 0.0, 0.0, 1.0],
                [0.889745, 0.114615, -0.441834, -0.06677, -0.450899, 0.070078, -0.88982, 1.262515, -0.071024, 0.990935, 0.114031, 0.542769, 0.0, 0.0, 0.0, 1.0],
                [0.854339, 0.028643, -0.518927, -5e-06, -0.51914, 0.0, -0.854689, 1.316716, -0.024481, 0.99959, 0.01487, 0.753683, 0.0, 0.0, 0.0, 1.0]
            ]
        },
        {
            "name": "Thigh_R",
            "time": [0.0, 0.2167, 0.3, 0.4167, 0.6333, 0.7833, 1.2167],
            "transform": [
                [0.580356, 0.792252, 0.188468, 0.124994, 0.267242, -0.403892, 0.874901, -0.002831, 0.769264, -0.457387, -0.446126, -1.2e-05, 0.0, 0.0, 0.0, 1.0],
                [0.832918, 0.492856, 0.251672, 0.124994, 0.090427, -0.569877, 0.816739, -0.002831, 0.545957, -0.657517, -0.51923, -1.2e-05, 0.0, 0.0, 0.0, 1.0],
                [0.90981, 0.273491, 0.312167, 0.124994, 0.133008, -0.904631, 0.404905, -0.002831, 0.393134, -0.326864, -0.859421, -1.2e-05, 0.0, 0.0, 0.0, 1.0],
                [0.714679, 0.623831, 0.316334, 0.124994, 0.619904, -0.77439, 0.126631, -0.002831, 0.323963, 0.105597, -0.940158, -1.2e-05, 0.0, 0.0, 0.0, 1.0],
                [0.699121, 0.629354, 0.339324, 0.124994, 0.657973, -0.752021, 0.039156, -0.002831, 0.279822, 0.195892, -0.939855, -1.2e-05, 0.0, 0.0, 0.0, 1.0],
                [0.693802, 0.692436, 0.197913, 0.124994, 0.687119, -0.718769, 0.106001, -0.002831, 0.215652, 0.062446, -0.974472, -1.2e-05, 0.0, 0.0, 0.0, 1.0],
                [0.992811, 0.11785, -0.020883, 0.124994, 0.118536, -0.992318, 0.035348, -0.002831, -0.016557, -0.037569, -0.999157, -1.2e-05, 0.0, 0.0, 0.0, 1.0]
            ]
        },
        {
            "name": "Leg_R",
            "time": [0.0, 0.2167, 0.3, 0.4167, 0.6333, 0.7833, 1.2167],
            "transform": [
                [1.0, -1e-06, 0.0, 0.0, 0.0, 0.644626, 0.764498, 0.37472, -1e-06, -0.764499, 0.644625, 0.0, 0.0, 0.0, 0.0, 1.0],
                [1.0, -1e-06, 0.0, -0.0, 0.0, 0.628586, 0.777739, 0.37472, -1e-06, -0.777741, 0.628586, 0.0, 0.0, 0.0, 0.0, 1.0],
                [1.0, -0.0, 1e-06, -0.0, 0.0, 0.960323, 0.278893, 0.37472, -1e-06, -0.278894, 0.960321, 0.0, 0.0, 0.0, 0.0, 1.0],
                [1.0, -0.0, 1e-06, 0.0, 0.0, 0.908879, 0.417062, 0.37472, -1e-06, -0.417062, 0.908877, -0.0, 0.0, 0.0, 0.0, 1.0],
                [1.0, -0.0, 1e-06, -0.0, 0.0, 0.91006, 0.414478, 0.37472, -1e-06, -0.414479, 0.910058, 0.0, 0.0, 0.0, 0.0, 1.0],
                [1.0, -1e-06, 1e-06, 0.0, 0.0, 0.787602, 0.616184, 0.37472, -1e-06, -0.616185, 0.787601, -0.0, 0.0, 0.0, 0.0, 1.0],
                [1.0, -0.0, 1e-06, 0.0, 0.0, 0.997612, 0.069073, 0.37472, -1e-06, -0.069073, 0.997611, 0.0, 0.0, 0.0, 0.0, 1.0]
            ]
        },
        {
            "name": "Knee_R",
            "time": [0.0, 0.2167, 0.4167, 0.6333, 0.7833, 1.2167],
            "transform": [
                [1.0, 0.0, -0.0, 0.0, -0.0, 1e-06, -1.0, 0.37472, -0.0, 1.0, 1e-06, 0.0, 0.0, 0.0, 0.0, 1.0],
                [1.0, 0.0, -0.0, -0.0, -0.0, 1e-06, -1.0, 0.37472, -0.0, 1.0, 1e-06, 0.0, 0.0, 0.0, 0.0, 1.0],
                [1.0, 0.0, -0.0, 0.0, -0.0, 1e-06, -1.0, 0.37472, -0.0, 1.0, 1e-06, -0.0, 0.0, 0.0, 0.0, 1.0],
                [1.0, 0.0, -0.0, -0.0, -0.0, 1e-06, -1.0, 0.37472, -0.0, 1.0, 1e-06, 0.0, 0.0, 0.0, 0.0, 1.0],
                [1.0, 0.0, -0.0, 0.0, -0.0, 1e-06, -1.0, 0.37472, -0.0, 1.0, 1e-06, -0.0, 0.0, 0.0, 0.0, 1.0],
                [1.0, 0.0, -0.0, 0.0, -0.0, 1e-06, -1.0, 0.37472, -0.0, 1.0, 1e-06, 0.0, 0.0, 0.0, 0.0, 1.0]
            ]
        },
        {
            "name": "Thigh_L",
            "time": [0.0, 0.2167, 0.3, 0.4167, 0.6333, 0.7833, 1.2167],
            "transform": [
                [0.945918, -0.312903, 0.085609, -0.125006, -0.264496, -0.896694, -0.354938, -0.002831, 0.187827, 0.3131, -0.930961, -1.2e-05, 0.0, 0.0, 0.0, 1.0],
                [0.95393, -0.300025, -0.00118, -0.125006, -0.29293, -0.930506, -0.219886, -0.002831, 0.064874, 0.210102, -0.975524, -1.2e-05, 0.0, 0.0, 0.0, 1.0],
                [0.978985, 0.040831, 0.1998, -0.125006, -0.089679, -0.793733, 0.601618, -0.002831, 0.183153, -0.606893, -0.773392, -1.2e-05, 0.0, 0.0, 0.0, 1.0],
                [0.890684, -0.084379, -0.446722, -0.125006, 0.279762, -0.672811, 0.684879, -0.002831, -0.358349, -0.734987, -0.575656, -1.2e-05, 0.0, 0.0, 0.0, 1.0],
                [0.889046, -0.131649, -0.438479, -0.125006, 0.277406, -0.607006, 0.744707, -0.002831, -0.3642, -0.783716, -0.503137, -1.2e-05, 0.0, 0.0, 0.0, 1.0],
                [0.880894, -0.400869, -0.251653, -0.125006, 0.12261, -0.320271, 0.939357, -0.002831, -0.457156, -0.85833, -0.232975, -1.2e-05, 0.0, 0.0, 0.0, 1.0],
                [0.869242, -0.05516, -0.491298, -0.125006, -0.021407, -0.997024, 0.074063, -0.002831, -0.493921, -0.053862, -0.867836, -1.2e-05, 0.0, 0.0, 0.0, 1.0]
            ]
        },
        {
            "name": "Leg_L",
            "time": [0.0, 0.2167, 0.3, 0.4167, 0.6333, 0.7833, 1.2167],
            "transform": [
                [0.999989, -0.002994, -0.003571, -0.0, 0.003782, 0.969089, 0.246682, 0.37472, 0.002722, -0.246693, 0.96909, 0.0, 0.0, 0.0, 0.0, 1.0],
                [0.999989, -0.003452, -0.003131, -0.0, 0.003782, 0.993653, 0.112423, 0.37472, 0.002723, -0.112434, 0.993656, 0.0, 0.0, 0.0, 0.0, 1.0],
                [0.999989, 0.002468, -0.003953, -0.0, 0.003782, 0.065749, 0.99783, 0.37472, 0.002722, -0.997833, 0.065739, 0.0, 0.0, 0.0, 0.0, 1.0],
                [0.999989, 0.000446, -0.004639, 0.0, 0.003782, 0.50388, 0.863766, 0.37472, 0.002722, -0.863773, 0.503873, -0.0, 0.0, 0.0, 0.0, 1.0],
                [0.999989, 0.000388, -0.004634, 0.0, 0.003777, 0.513534, 0.858061, 0.37472, 0.002713, -0.858069, 0.513528, 0.0, 0.0, 0.0, 0.0, 1.0],
                [0.999989, 0.001886, -0.004261, -0.0, 0.003782, 0.205644, 0.97862, 0.37472, 0.002722, -0.978625, 0.205634, 0.0, 0.0, 0.0, 0.0, 1.0],
                [0.999989, -0.003452, -0.00313, 0.0, 0.003782, 0.993653, 0.112423, 0.37472, 0.002722, -0.112434, 0.993656, 0.0, 0.0, 0.0, 0.0, 1.0]
            ]
        },
        {
            "name": "Knee_L",
            "time": [0.0, 0.2167, 0.3, 0.4167, 0.6333, 0.7833, 1.2167],
            "transform": [
                [1.0, 0.0, -0.0, -0.0, -0.0, 1e-06, -1.0, 0.37472, -0.0, 1.0, 1e-06, 0.0, 0.0, 0.0, 0.0, 1.0],
                [1.0, 0.0, -0.0, -0.0, -0.0, 1e-06, -1.0, 0.37472, -0.0, 1.0, 1e-06, 0.0, 0.0, 0.0, 0.0, 1.0],
                [1.0, 0.0, -0.0, -0.0, -0.0, 0.640397, -0.768045, 0.37472, -0.0, 0.768045, 0.640397, 0.0, 0.0, 0.0, 0.0, 1.0],
                [1.0, 0.0, -0.0, 0.0, -0.0, 1e-06, -1.0, 0.37472, -0.0, 1.0, 1e-06, -0.0, 0.0, 0.0, 0.0, 1.0],
                [1.0, 0.0, -0.0, 0.0, -0.0, 1e-06, -1.0, 0.37472, -0.0, 1.0, 1e-06, 0.0, 0.0, 0.0, 0.0, 1.0],
                [1.0, 0.0, -0.0, -0.0, -0.0, 1e-06, -1.0, 0.37472, -0.0, 1.0, 1e-06, 0.0, 0.0, 0.0, 0.0, 1.0],
                [1.0, 0.0, -0.0, 0.0, -0.0, 1e-06, -1.0, 0.37472, -0.0, 1.0, 1e-06, 0.0, 0.0, 0.0, 0.0, 1.0]
            ]
        },
        {
            "name": "Torso",
            "time": [0.0, 0.2167, 0.4167, 0.6333, 0.7833, 1.2167],
            "transform": [
                [0.978078, -0.205284, 0.034968, -0.0, 0.197316, 0.967282, 0.159477, 0.05, -0.066562, -0.149081, 0.986582, -0.0, 0.0, 0.0, 0.0, 1.0],
                [0.999042, -0.04326, -0.006574, 0.0, 0.04367, 0.995223, 0.08732, 0.05, 0.002765, -0.087524, 0.996159, 0.0, 0.0, 0.0, 0.0, 1.0],
                [0.999042, -0.043752, 0.000664, 0.0, 0.04367, 0.995972, -0.078316, 0.05, 0.002765, 0.07827, 0.996928, -0.0, 0.0, 0.0, 0.0, 1.0],
                [0.999042, -0.043757, -7.6e-05, 0.0, 0.04367, 0.997154, -0.061464, 0.05, 0.002765, 0.061402, 0.998109, 0.0, 0.0, 0.0, 0.0, 1.0],
                [0.995862, -0.04326, 0.079916, 0.0, 0.035948, 0.995223, 0.090772, 0.05, -0.083461, -0.087524, 0.99266, -0.0, 0.0, 0.0, 0.0, 1.0],
                [0.999042, -0.043673, -0.002705, -0.0, 0.04367, 0.999045, -0.001423, 0.05, 0.002765, 0.001304, 0.999995, -0.0, 0.0, 0.0, 0.0, 1.0]
            ]
        },
        {
            "name": "Chest",
            "time": [0.0, 0.2167, 0.3, 0.4167, 0.6333, 0.7833, 0.9333, 1.2167],
            "transform": [
                [0.860139, 0.02739, 0.509324, -0.0, -0.151977, 0.966964, 0.204656, 0.3, -0.486892, -0.253437, 0.835886, -0.0, 0.0, 0.0, 0.0, 1.0],
                [0.818143, -0.137344, 0.558371, 0.0, 0.005011, 0.972722, 0.23192, 0.3, -0.574993, -0.186945, 0.796514, -0.0, 0.0, 0.0, 0.0, 1.0],
                [0.969804, -0.03656, 0.24113, 0.0, 0.039264, 0.999208, -0.006417, 0.3, -0.240705, 0.015691, 0.970472, 0.0, 0.0, 0.0, 0.0, 1.0],
                [0.978098, -0.062269, -0.198613, 0.0, 0.027459, 0.984465, -0.173423, 0.3, 0.206326, 0.16417, 0.964613, 0.0, 0.0, 0.0, 0.0, 1.0],
                [0.921362, -0.065613, -0.383127, -0.0, -0.00068, 0.985377, -0.170388, 0.3, 0.388704, 0.15725, 0.907844, 0.0, 0.0, 0.0, 0.0, 1.0],
                [0.819661, 0.194524, -0.538811, -0.0, -0.095918, 0.973905, 0.205691, 0.3, 0.564762, -0.116915, 0.81693, -0.0, 0.0, 0.0, 0.0, 1.0],
                [0.89978, 0.236994, -0.366373, -0.0, -0.072056, 0.908819, 0.410921, 0.3, 0.430353, -0.343339, 0.834814, -0.0, 0.0, 0.0, 0.0, 1.0],
                [0.999771, -0.021316, -0.002029, 0.0, 0.021411, 0.994316, 0.104295, 0.3, -0.000206, -0.104315, 0.994544, -0.0, 0.0, 0.0, 0.0, 1.0]
            ]
        },
        {
            "name": "Head",
            "time": [0.0, 0.2167, 0.4167, 0.6333, 0.7833, 1.2167],
            "transform": [
                [0.579143, -0.068553, -0.812338, -0.0, -0.047067, 0.991984, -0.11727, 0.4, 0.813866, 0.10615, 0.571274, 0.0, 0.0, 0.0, 0.0, 1.0],
                [0.379116, 0.037721, -0.92458, -0.0, -0.060252, 0.998055, 0.016013, 0.4, 0.923386, 0.049637, 0.380652, 0.0, 0.0, 0.0, 0.0, 1.0],
                [0.975432, -0.058012, 0.212525, -0.0, 0.01305, 0.978227, 0.207128, 0.4, -0.219914, -0.199266, 0.954951, 0.0, 0.0, 0.0, 0.0, 1.0],
                [0.9337, -0.0851, 0.347797, 0.0, 0.004341, 0.973965, 0.226657, 0.4, -0.358031, -0.210119, 0.90976, 0.0, 0.0, 0.0, 0.0, 1.0],
                [0.868303, -0.114358, 0.482672, 0.0, -0.008151, 0.969641, 0.244397, 0.4, -0.495968, -0.216145, 0.84101, -0.0, 0.0, 0.0, 0.0, 1.0],
                [0.85311, 0.037721, 0.520365, -0.0, -0.006297, 0.998055, -0.062025, 0.4, -0.521692, 0.049637, 0.851689, -0.0, 0.0, 0.0, 0.0, 1.0]
            ]
        },
        {
            "name": "Shoulder_R",
            "time": [0.0, 0.2167, 0.4167, 0.6333, 0.7833, 0.9333, 1.2167],
            "transform": [
                [0.306816, 0.915635, 0.259762, -0.0, 0.033176, -0.283048, 0.958532, 0.4, 0.95119, -0.285475, -0.11722, 0.0, 0.0, 0.0, 0.0, 1.0],
                [0.110305, 0.959352, 0.259762, -0.0, 0.091141, -0.270019, 0.958532, 0.4, 0.98971, -0.082056, -0.11722, 0.0, 0.0, 0.0, 0.0, 1.0],
                [0.110305, 0.959352, 0.259762, -0.0, 0.091141, -0.270019, 0.958532, 0.4, 0.98971, -0.082056, -0.11722, 0.0, 0.0, 0.0, 0.0, 1.0],
                [0.110305, 0.959352, 0.259762, 0.0, 0.091141, -0.270019, 0.958532, 0.4, 0.98971, -0.082056, -0.11722, 0.0, 0.0, 0.0, 0.0, 1.0],
                [0.110305, 0.959352, 0.259762, 0.0, 0.091141, -0.270019, 0.958532, 0.4, 0.98971, -0.082056, -0.11722, -0.0, 0.0, 0.0, 0.0, 1.0],
                [-0.041444, 0.964783, 0.259762, -0.0, 0.132341, -0.252393, 0.958532, 0.4, 0.990337, 0.074102, -0.11722, 0.0, 0.0, 0.0, 0.0, 1.0],
                [0.110305, 0.959352, 0.259762, -0.0, 0.091141, -0.270019, 0.958532, 0.4, 0.98971, -0.082056, -0.11722, -0.0, 0.0, 0.0, 0.0, 1.0]
            ]
        },
        {
            "name": "Arm_R",
            "time": [0.0, 0.2167, 0.3, 0.35, 0.4167, 0.6333, 0.7833, 0.9333, 1.2167],
            "transform": [
                [0.375198, -0.596176, -0.709789, -0.0, 0.501174, -0.513685, 0.696385, 0.39386, -0.779776, -0.61701, 0.106055, 0.0, 0.0, 0.0, 0.0, 1.0],
                [-0.666878, -0.743123, 0.055159, 0.0, -0.263878, 0.166281, -0.950115, 0.393861, 0.696881, -0.648165, -0.306984, 0.0, 0.0, 0.0, 0.0, 1.0],
                [-0.554565, -0.761484, -0.335559, 0.0, -0.760383, 0.627531, -0.1674, 0.39386, 0.338047, 0.162319, -0.927026, 0.0, 0.0, 0.0, 0.0, 1.0],
                [0.290196, -0.11346, -0.950217, -0.0, -0.95378, 0.046679, -0.296858, 0.393861, 0.078037, 0.992446, -0.094669, -0.0, 0.0, 0.0, 0.0, 1.0],
                [0.773907, 0.492977, -0.397545, 0.0, -0.601311, 0.768983, -0.217002, 0.39386, 0.198728, 0.406987, 0.891554, 0.0, 0.0, 0.0, 0.0, 1.0],
                [0.778988, 0.496135, -0.383442, -0.0, -0.596743, 0.774363, -0.210378, 0.39386, 0.192548, 0.392698, 0.899285, 0.0, 0.0, 0.0, 0.0, 1.0],
                [0.784629, 0.496794, -0.370881, 0.0, -0.590545, 0.781007, -0.203189, 0.39386, 0.188718, 0.37845, 0.906179, -0.0, 0.0, 0.0, 0.0, 1.0],
                [0.795132, 0.531224, -0.292518, 0.0, -0.234372, 0.714061, 0.659687, 0.393861, 0.559317, -0.455979, 0.692277, -0.0, 0.0, 0.0, 0.0, 1.0],
                [0.02437, 0.061937, -0.997782, 0.0, 0.945036, 0.324099, 0.0432, 0.393861, 0.326056, -0.943994, -0.050634, 0.0, 0.0, 0.0, 0.0, 1.0]
            ]
        },
        {
            "name": "Hand_R",
            "time": [0.0, 0.2167, 0.3, 0.4167, 0.6333, 0.7833, 1.2167],
            "transform": [
                [0.999998, -0.000783, 0.001646, -0.0, 0.000868, 0.998641, -0.05212, 0.3, -0.001603, 0.052121, 0.99864, -0.0, 0.0, 0.0, 0.0, 1.0],
                [0.999998, -0.000405, 0.001778, 0.0, 0.000868, 0.963176, -0.268872, 0.3, -0.001603, 0.268873, 0.963174, -0.0, 0.0, 0.0, 0.0, 1.0],
                [0.999998, -0.000774, 0.001651, 0.0, 0.000868, 0.998319, -0.057953, 0.3, -0.001603, 0.057954, 0.998318, -0.0, 0.0, 0.0, 0.0, 1.0],
                [0.999998, -0.000405, 0.001778, 0.0, 0.000868, 0.963176, -0.268872, 0.3, -0.001603, 0.268873, 0.963174, -0.0, 0.0, 0.0, 0.0, 1.0],
                [0.999998, -0.000405, 0.001778, 0.0, 0.000868, 0.963176, -0.268872, 0.3, -0.001603, 0.268873, 0.963174, 0.0, 0.0, 0.0, 0.0, 1.0],
                [0.999998, -0.000405, 0.001778, -0.0, 0.000868, 0.963176, -0.268872, 0.3, -0.001603, 0.268873, 0.963174, -0.0, 0.0, 0.0, 0.0, 1.0],
                [0.999998, -0.000405, 0.001778, 0.0, 0.000868, 0.963176, -0.268872, 0.3, -0.001603, 0.268873, 0.963174, 0.0, 0.0, 0.0, 0.0, 1.0]
            ]
        },
        {
            "name": "Tool_R",
            "time": [0.0, 0.2167, 0.3, 0.4167, 0.6333, 0.7833, 1.2167],
            "transform": [
                [0.993309, 0.029149, -0.111744, 0.015054, -0.0882, -0.433137, -0.897002, 0.243316, -0.074504, 0.900319, -0.427425, 0.024459, 0.0, 0.0, 0.0, 1.0],
                [0.993314, -0.054493, -0.101777, 0.015054, -0.088154, -0.927265, -0.363881, 0.243316, -0.074502, 0.37019, -0.925324, 0.024459, 0.0, 0.0, 0.0, 1.0],
                [0.993311, 0.010034, -0.115036, 0.015054, -0.088185, -0.577226, -0.811809, 0.243316, -0.074504, 0.816034, -0.572149, 0.024459, 0.0, 0.0, 0.0, 1.0],
                [0.993311, -0.013614, -0.114663, 0.015054, -0.088177, -0.730567, -0.677124, 0.243316, -0.074507, 0.682293, -0.726458, 0.024459, 0.0, 0.0, 0.0, 1.0],
                [0.993311, -0.009189, -0.115104, 0.015054, -0.088179, -0.703946, -0.704759, 0.243316, -0.074507, 0.709766, -0.69964, 0.024459, 0.0, 0.0, 0.0, 1.0],
                [0.993309, 0.029149, -0.111744, 0.015054, -0.0882, -0.433137, -0.897002, 0.243316, -0.074504, 0.900319, -0.427425, 0.024459, 0.0, 0.0, 0.0, 1.0],
                [0.993314, -0.054493, -0.101777, 0.015054, -0.088154, -0.927265, -0.363881, 0.243316, -0.074502, 0.37019, -0.925324, 0.024459, 0.0, 0.0, 0.0, 1.0]
            ]
        },
        {
            "name": "Elbow_R",
            "time": [0.0, 0.2167, 0.4167, 0.6333, 0.7833, 1.2167],
            "transform": [
                [-1.0, 0.0, -0.0, -0.0, 0.0, -0.0, -1.0, 0.341622, -0.0, -1.0, 0.0, -0.0, 0.0, 0.0, 0.0, 1.0],
                [-1.0, 0.0, -0.0, 0.0, 0.0, -0.0, -1.0, 0.341622, -0.0, -1.0, 0.0, -0.0, 0.0, 0.0, 0.0, 1.0],
                [-1.0, 0.0, 0.0, 0.0, 0.0, -0.0, -1.0, 0.341622, -0.0, -1.0, 0.0, 0.0, 0.0, 0.0, 0.0, 1.0],
                [-1.0, 0.0, -0.0, -0.0, 0.0, -0.0, -1.0, 0.341622, -0.0, -1.0, 0.0, -0.0, 0.0, 0.0, 0.0, 1.0],
                [-1.0, 0.0, -0.0, -0.0, 0.0, -0.0, -1.0, 0.341622, -0.0, -1.0, 0.0, -0.0, 0.0, 0.0, 0.0, 1.0],
                [-1.0, 0.0, -0.0, -0.0, 0.0, -0.0, -1.0, 0.341622, -0.0, -1.0, 0.0, 0.0, 0.0, 0.0, 0.0, 1.0]
            ]
        },
        {
            "name": "Shoulder_L",
            "time": [0.0, 0.2167, 0.4167, 0.6333, 0.7833, 1.2167],
            "transform": [
                [-0.226937, -0.947819, -0.223918, -0.0, -0.021067, -0.225085, 0.974111, 0.4, -0.973681, 0.225779, 0.031113, 0.0, 0.0, 0.0, 0.0, 1.0],
                [-0.226937, -0.947819, -0.223918, -0.0, -0.021067, -0.225085, 0.974111, 0.4, -0.973681, 0.225779, 0.031113, 0.0, 0.0, 0.0, 0.0, 1.0],
                [-0.226937, -0.947819, -0.223918, -0.0, -0.021067, -0.225085, 0.974111, 0.4, -0.973681, 0.225779, 0.031113, 0.0, 0.0, 0.0, 0.0, 1.0],
                [-0.226937, -0.947819, -0.223918, 0.0, -0.021067, -0.225085, 0.974111, 0.4, -0.973681, 0.225779, 0.031113, 0.0, 0.0, 0.0, 0.0, 1.0],
                [-0.226937, -0.947819, -0.223918, 0.0, -0.021067, -0.225085, 0.974111, 0.4, -0.973681, 0.225779, 0.031113, -0.0, 0.0, 0.0, 0.0, 1.0],
                [-0.226937, -0.947819, -0.223918, -0.0, -0.021067, -0.225085, 0.974111, 0.4, -0.973681, 0.225779, 0.031113, -0.0, 0.0, 0.0, 0.0, 1.0]
            ]
        },
        {
            "name": "Arm_L",
            "time": [0.0, 0.2167, 0.4167, 0.6333, 0.7833, 1.2167],
            "transform": [
                [-0.058877, 0.18338, 0.981277, 0.0, -0.642034, 0.745753, -0.177888, 0.39386, -0.764412, -0.640487, 0.073829, 0.0, 0.0, 0.0, 0.0, 1.0],
                [-0.058877, -0.335245, 0.94029, -0.0, -0.642034, 0.733985, 0.221489, 0.39386, -0.764412, -0.590657, -0.258454, 0.0, 0.0, 0.0, 0.0, 1.0],
                [-0.058877, -0.335244, 0.94029, -0.0, -0.642034, 0.733985, 0.221489, 0.39386, -0.764412, -0.590657, -0.258454, -0.0, 0.0, 0.0, 0.0, 1.0],
                [-0.058877, -0.335244, 0.94029, -0.0, -0.642034, 0.733985, 0.221489, 0.39386, -0.764412, -0.590657, -0.258454, -0.0, 0.0, 0.0, 0.0, 1.0],
                [-0.058877, -0.335245, 0.94029, -0.0, -0.642034, 0.733986, 0.221489, 0.39386, -0.764412, -0.590657, -0.258454, -0.0, 0.0, 0.0, 0.0, 1.0],
                [0.028967, 0.056681, 0.997972, -0.0, -0.931842, 0.362807, 0.006442, 0.39386, -0.361707, -0.930138, 0.063327, 0.0, 0.0, 0.0, 0.0, 1.0]
            ]
        },
        {
            "name": "Hand_L",
            "time": [0.0, 0.2167, 0.4167, 0.6333, 0.7833, 1.2167],
            "transform": [
                [0.999993, -0.003701, -0.000849, -0.0, 0.000938, 0.457432, -0.889244, 0.3, 0.003679, 0.889237, 0.457432, 0.0, 0.0, 0.0, 0.0, 1.0],
                [0.999993, -0.003701, -0.000849, -0.0, 0.000938, 0.457432, -0.889244, 0.3, 0.003679, 0.889237, 0.457433, 0.0, 0.0, 0.0, 0.0, 1.0],
                [0.999993, -0.003701, -0.000849, -0.0, 0.000938, 0.457432, -0.889245, 0.3, 0.003679, 0.889237, 0.457432, 0.0, 0.0, 0.0, 0.0, 1.0],
                [0.999993, -0.003701, -0.000849, 0.0, 0.000938, 0.457432, -0.889244, 0.3, 0.003679, 0.889237, 0.457432, -0.0, 0.0, 0.0, 0.0, 1.0],
                [0.999993, -0.003701, -0.000849, -0.0, 0.000938, 0.457432, -0.889244, 0.3, 0.003679, 0.889237, 0.457432, 0.0, 0.0, 0.0, 0.0, 1.0],
                [0.999993, -0.001541, -0.00347, -0.0, 0.000938, 0.985901, -0.167329, 0.3, 0.003679, 0.167324, 0.985895, 0.0, 0.0, 0.0, 0.0, 1.0]
            ]
        },
        {
            "name": "Tool_L",
            "time": [0.0, 0.2167, 0.4167, 0.6333, 0.7833, 1.2167],
            "transform": [
                [0.997004, 0.01104, -0.076554, -0.0, -0.036659, -0.804079, -0.593391, 0.272858, -0.068067, 0.594062, -0.8008, -0.0, 0.0, 0.0, 0.0, 1.0],
                [0.997004, 0.01104, -0.076554, -0.0, -0.036659, -0.804079, -0.593391, 0.272858, -0.068067, 0.594062, -0.8008, -0.0, 0.0, 0.0, 0.0, 1.0],
                [0.997004, 0.01104, -0.076554, 0.0, -0.036659, -0.804079, -0.593391, 0.272858, -0.068067, 0.594062, -0.8008, -0.0, 0.0, 0.0, 0.0, 1.0],
                [0.997004, 0.01104, -0.076554, 0.0, -0.036659, -0.804079, -0.593391, 0.272858, -0.068067, 0.594062, -0.8008, -0.0, 0.0, 0.0, 0.0, 1.0],
                [0.997004, 0.01104, -0.076554, 0.0, -0.036659, -0.804079, -0.593391, 0.272858, -0.068067, 0.594062, -0.800801, -0.0, 0.0, 0.0, 0.0, 1.0],
                [0.997004, 0.01104, -0.076554, -0.0, -0.036659, -0.804079, -0.593391, 0.272858, -0.068067, 0.594062, -0.8008, -0.0, 0.0, 0.0, 0.0, 1.0]
            ]
        },
        {
            "name": "Elbow_L",
            "time": [0.0, 0.2167, 0.4167, 0.6333, 0.7833, 1.2167],
            "transform": [
                [-1.0, 0.0, -0.0, 2.7e-05, 0.0, -0.0, -1.0, 0.334301, -0.0, -1.0, -0.0, -0.002121, 0.0, 0.0, 0.0, 1.0],
                [-1.0, 0.0, -0.0, 2.7e-05, 0.0, -0.0, -1.0, 0.334302, -0.0, -1.0, 0.0, -0.002121, 0.0, 0.0, 0.0, 1.0],
                [-1.0, 0.0, -0.0, 2.7e-05, 0.0, -0.0, -1.0, 0.334301, -0.0, -1.0, -0.0, -0.002121, 0.0, 0.0, 0.0, 1.0],
                [-1.0, 0.0, -0.0, 2.7e-05, 0.0, -0.0, -1.0, 0.334302, -0.0, -1.0, -0.0, -0.002121, 0.0, 0.0, 0.0, 1.0],
                [-1.0, 0.0, -0.0, 2.7e-05, -0.0, -0.0, -1.0, 0.334301, -0.0, -1.0, -0.0, -0.00212, 0.0, 0.0, 0.0, 1.0],
                [-1.0, 0.0, -0.0, 2.7e-05, 0.0, -0.0, -1.0, 0.334302, -0.0, -1.0, -0.0, -0.00212, 0.0, 0.0, 0.0, 1.0]
            ]
        }
    ]
}