{
    "animation": [
        {
            "name": "Root",
            "time": [0.0, 0.0667, 0.1167, 0.4, 0.4833, 0.6, 0.8667],
            "transform": [
                [0.854339, 0.028643, -0.518927, -5e-06, -0.51914, 0.0, -0.854689, 0.000946, -0.024481, 0.99959, 0.01487, 0.753683, 0.0, 0.0, 0.0, 1.0],
                [0.996374, 0.002317, 0.085055, -0.005355, 0.084415, 0.098455, -0.991555, 0.280629, -0.010671, 0.995139, 0.097902, 0.739437, 0.0, 0.0, 0.0, 1.0],
                [0.850762, 0.033758, 0.524465, -0.004342, 0.508933, 0.196045, -0.838185, 0.422553, -0.131114, 0.980014, 0.149607, 0.688817, 0.0, 0.0, 0.0, 1.0],
                [0.752268, 0.015731, 0.658669, -0.005038, 0.639754, 0.221548, -0.735956, 0.490211, -0.157504, 0.975023, 0.1566, 0.678407, 0.0, 0.0, 0.0, 1.0],
                [0.956203, 0.073661, 0.283282, -0.028207, 0.244716, 0.329798, -0.911782, 0.799954, -0.160589, 0.941173, 0.297328, 0.774647, 0.0, 0.0, 0.0, 1.0],
                [0.963948, 0.111818, -0.241454, -0.055395, -0.253047, 0.104618, -0.961781, 1.134009, -0.082284, 0.988206, 0.129142, 0.607369, 0.0, 0.0, 0.0, 1.0],
                [0.889745, 0.114615, -0.441834, -0.06677, -0.450899, 0.070078, -0.88982, 1.262515, -0.071024, 0.990935, 0.114031, 0.594036, 0.0, 0.0, 0.0, 1.0]
            ]
        },
        {
            "name": "Thigh_R",
            "time": [0.0, 0.0667, 0.1167, 0.4, 0.4833, 0.6, 0.8667],
            "transform": [
                [0.992811, 0.11785, -0.020883, 0.124994, 0.118536, -0.992318, 0.035348, -0.002831, -0.016557, -0.037569, -0.999157, -1.2e-05, 0.0, 0.0, 0.0, 1.0],
                [0.971746, 0.230167, -0.052263, 0.124994, 0.218364, -0.792659, 0.569215, -0.002831, 0.089588, -0.564544, -0.820526, -1.2e-05, 0.0, 0.0, 0.0, 1.0],
                [0.867892, 0.434505, 0.240763, 0.124994, 0.125942, -0.661303, 0.739469, -0.002831, 0.480521, -0.611456, -0.628665, -1.2e-05, 0.0, 0.0, 0.0, 1.0],
                [0.832918, 0.492856, 0.251672, 0.124994, 0.090427, -0.569877, 0.816739, -0.002831, 0.545957, -0.657517, -0.51923, -1.2e-05, 0.0, 0.0, 0.0, 1.0],
                [0.90981, 0.273491, 0.312167, 0.124994, 0.133008, -0.904631, 0.404905, -0.002831, 0.393134, -0.326864, -0.859421, -1.2e-05, 0.0, 0.0, 0.0, 1.0],
                [0.714679, 0.623831, 0.316334, 0.124994, 0.619904, -0.77439, 0.126631, -0.002831, 0.323963, 0.105597, -0.940158, -1.2e-05, 0.0, 0.0, 0.0, 1.0],
                [0.693802, 0.630255, 0.348448, 0.124994, 0.687119, -0.724206, -0.058224, -0.002831, 0.215652, 0.279821, -0.935518, -1.2e-05, 0.0, 0.0, 0.0, 1.0]
            ]
        },
        {
            "name": "Leg_R",
            "time": [0.0, 0.0667, 0.1167, 0.4, 0.4833, 0.6, 0.8667],
            "transform": [
                [1.0, -0.0, 1e-06, 0.0, 0.0, 0.997612, 0.069073, 0.37472, -1e-06, -0.069073, 0.997611, 0.0, 0.0, 0.0, 0.0, 1.0],
                [1.0, -1e-06, 0.0, -0.0, -0.0, 0.079329, 0.996848, 0.37472, -1e-06, -0.996849, 0.079329, -0.0, 0.0, 0.0, 0.0, 1.0],
                [1.0, -1e-06, 1e-06, -0.0, 0.0, 0.711333, 0.702855, 0.37472, -1e-06, -0.702856, 0.711332, 0.0, 0.0, 0.0, 0.0, 1.0],
                [1.0, -1e-06, 0.0, -0.0, 0.0, 0.628586, 0.777739, 0.37472, -1e-06, -0.777741, 0.628586, 0.0, 0.0, 0.0, 0.0, 1.0],
                [1.0, -0.0, 1e-06, 0.0, 0.0, 0.960323, 0.278893, 0.37472, -1e-06, -0.278894, 0.960321, -0.0, 0.0, 0.0, 0.0, 1.0],
                [1.0, -0.0, 1e-06, 0.0, 0.0, 0.908879, 0.417062, 0.37472, -1e-06, -0.417062, 0.908877, -0.0, 0.0, 0.0, 0.0, 1.0],
                [1.0, -0.0, 1e-06, -0.0, 0.0, 0.947598, 0.319467, 0.37472, -1e-06, -0.319467, 0.947597, -0.0, 0.0, 0.0, 0.0, 1.0]
            ]
        },
        {
            "name": "Knee_R",
            "time": [0.0, 0.0667, 0.1167, 0.4, 0.6, 0.8667],
            "transform": [
                [1.0, 0.0, -0.0, 0.0, -0.0, 1e-06, -1.0, 0.37472, -0.0, 1.0, 1e-06, 0.0, 0.0, 0.0, 0.0, 1.0],
                [1.0, 0.0, -0.0, -0.0, -0.0, 0.500583, -0.865689, 0.37472, -0.0, 0.865689, 0.500583, -0.0, 0.0, 0.0, 0.0, 1.0],
                [1.0, 0.0, -0.0, -0.0, -0.0, 1e-06, -1.0, 0.37472, -0.0, 1.0, 1e-06, 0.0, 0.0, 0.0, 0.0, 1.0],
                [1.0, 0.0, -0.0, -0.0, -0.0, 1e-06, -1.0, 0.37472, -0.0, 1.0, 1e-06, 0.0, 0.0, 0.0, 0.0, 1.0],
                [1.0, 0.0, -0.0, 0.0, -0.0, 1e-06, -1.0, 0.37472, -0.0, 1.0, 1e-06, -0.0, 0.0, 0.0, 0.0, 1.0],
                [1.0, 0.0, -0.0, -0.0, -0.0, 1e-06, -1.0, 0.37472, -0.0, 1.0, 1e-06, -0.0, 0.0, 0.0, 0.0, 1.0]
            ]
        },
        {
            "name": "Thigh_L",
            "time": [0.0, 0.0667, 0.1167, 0.4, 0.4833, 0.6, 0.8667],
            "transform": [
                [0.869242, -0.05516, -0.491298, -0.125006, -0.021407, -0.997024, 0.074063, -0.002831, -0.493921, -0.053862, -0.867836, -1.2e-05, 0.0, 0.0, 0.0, 1.0],
                [0.999273, -0.029776, -0.023794, -0.125006, -0.028853, -0.998852, 0.038229, -0.002831, -0.024905, -0.037515, -0.998985, -1.2e-05, 0.0, 0.0, 0.0, 1.0],
                [0.963348, -0.259896, -0.066427, -0.125006, -0.267637, -0.947951, -0.172506, -0.002831, -0.018135, 0.183962, -0.982766, -1.2e-05, 0.0, 0.0, 0.0, 1.0],
                [0.95393, -0.300025, -0.00118, -0.125006, -0.29293, -0.930506, -0.219886, -0.002831, 0.064874, 0.210102, -0.975524, -1.2e-05, 0.0, 0.0, 0.0, 1.0],
                [0.978985, 0.040831, 0.199801, -0.125006, -0.089679, -0.793733, 0.601618, -0.002831, 0.183153, -0.606894, -0.773392, -1.2e-05, 0.0, 0.0, 0.0, 1.0],
                [0.936899, -0.207717, -0.281197, -0.125006, 0.074025, -0.668238, 0.740255, -0.002831, -0.34167, -0.71436, -0.610696, -1.2e-05, 0.0, 0.0, 0.0, 1.0],
                [0.880894, -0.342372, -0.326813, -0.125006, 0.12261, -0.501846, 0.856222, -0.002831, -0.457156, -0.794312, -0.400096, -1.2e-05, 0.0, 0.0, 0.0, 1.0]
            ]
        },
        {
            "name": "Leg_L",
            "time": [0.0, 0.1167, 0.4, 0.4833, 0.6, 0.8667],
            "transform": [
                [0.999989, -0.003452, -0.00313, 0.0, 0.003782, 0.993653, 0.112423, 0.37472, 0.002722, -0.112434, 0.993656, 0.0, 0.0, 0.0, 0.0, 1.0],
                [0.999989, -0.003452, -0.00313, -0.0, 0.003782, 0.993653, 0.112423, 0.37472, 0.002723, -0.112434, 0.993656, 0.0, 0.0, 0.0, 0.0, 1.0],
                [0.999989, -0.003452, -0.003131, -0.0, 0.003782, 0.993653, 0.112423, 0.37472, 0.002723, -0.112434, 0.993656, 0.0, 0.0, 0.0, 0.0, 1.0],
                [0.999989, 0.002468, -0.003953, -0.0, 0.003782, 0.065749, 0.99783, 0.37472, 0.002722, -0.997833, 0.065739, 0.0, 0.0, 0.0, 0.0, 1.0],
                [0.999989, -0.00212, -0.00415, -0.0, 0.003782, 0.88944, 0.457037, 0.37472, 0.002722, -0.457047, 0.889438, 0.0, 0.0, 0.0, 0.0, 1.0],
                [0.999989, 0.000313, -0.004649, 0.0, 0.003782, 0.528297, 0.849051, 0.37472, 0.002722, -0.849059, 0.52829, -0.0, 0.0, 0.0, 0.0, 1.0]
            ]
        },
        {
            "name": "Knee_L",
            "time": [0.0, 0.1167, 0.4, 0.4833, 0.6, 0.8667],
            "transform": [
                [1.0, 0.0, -0.0, 0.0, -0.0, 1e-06, -1.0, 0.37472, -0.0, 1.0, 1e-06, 0.0, 0.0, 0.0, 0.0, 1.0],
                [1.0, 0.0, -0.0, -0.0, -0.0, 1e-06, -1.0, 0.37472, -0.0, 1.0, 1e-06, 0.0, 0.0, 0.0, 0.0, 1.0],
                [1.0, 0.0, -0.0, -0.0, -0.0, 1e-06, -1.0, 0.37472, -0.0, 1.0, 1e-06, 0.0, 0.0, 0.0, 0.0, 1.0],
                [1.0, 0.0, -0.0, -0.0, -0.0, 0.640396, -0.768045, 0.37472, -0.0, 0.768045, 0.640396, 0.0, 0.0, 0.0, 0.0, 1.0],
                [1.0, 0.0, -0.0, -0.0, -0.0, 1e-06, -1.0, 0.37472, -0.0, 1.0, 1e-06, 0.0, 0.0, 0.0, 0.0, 1.0],
                [1.0, 0.0, -0.0, 0.0, -0.0, 1e-06, -1.0, 0.37472, -0.0, 1.0, 1e-06, -0.0, 0.0, 0.0, 0.0, 1.0]
            ]
        },
        {
            "name": "Torso",
            "time": [0.0, 0.1167, 0.4, 0.6, 0.8667],
            "transform": [
                [0.999042, -0.043673, -0.002705, 0.0, 0.04367, 0.999045, -0.001423, 0.05, 0.002765, 0.001304, 0.999995, -0.0, 0.0, 0.0, 0.0, 1.0],
                [0.999042, -0.043338, -0.006042, 0.0, 0.04367, 0.996221, 0.075076, 0.05, 0.002765, -0.075268, 0.99716, 0.0, 0.0, 0.0, 0.0, 1.0],
                [0.999042, -0.04326, -0.006574, 0.0, 0.04367, 0.995223, 0.08732, 0.05, 0.002765, -0.087524, 0.996159, 0.0, 0.0, 0.0, 0.0, 1.0],
                [0.999042, -0.043752, 0.000664, -0.0, 0.04367, 0.995972, -0.078316, 0.05, 0.002765, 0.07827, 0.996928, -0.0, 0.0, 0.0, 0.0, 1.0],
                [0.999042, -0.04326, -0.006574, 0.0, 0.04367, 0.995223, 0.08732, 0.05, 0.002765, -0.087524, 0.996159, -0.0, 0.0, 0.0, 0.0, 1.0]
            ]
        },
        {
            "name": "Chest",
            "time": [0.0, 0.1167, 0.4, 0.4833, 0.6, 0.8667],
            "transform": [
                [0.999771, -0.021316, -0.002029, 0.0, 0.021411, 0.994316, 0.104295, 0.3, -0.000206, -0.104315, 0.994544, 0.0, 0.0, 0.0, 0.0, 1.0],
                [0.863257, -0.11883, 0.490578, -0.0, 0.011913, 0.97642, 0.215549, 0.3, -0.504624, -0.18023, 0.844318, 0.0, 0.0, 0.0, 0.0, 1.0],
                [0.818143, -0.137344, 0.558371, 0.0, 0.005011, 0.972722, 0.23192, 0.3, -0.574993, -0.186945, 0.796514, -0.0, 0.0, 0.0, 0.0, 1.0],
                [0.969804, -0.03656, 0.24113, -0.0, 0.039264, 0.999208, -0.006417, 0.3, -0.240705, 0.015691, 0.970472, -0.0, 0.0, 0.0, 0.0, 1.0],
                [0.978098, -0.062269, -0.198613, -0.0, 0.027459, 0.984465, -0.173423, 0.3, 0.206326, 0.16417, 0.964613, 0.0, 0.0, 0.0, 0.0, 1.0],
                [0.81966, 0.032104, -0.571949, 0.0, -0.095917, 0.992024, -0.081776, 0.3, 0.564762, 0.121889, 0.816203, -0.0, 0.0, 0.0, 0.0, 1.0]
            ]
        },
        {
            "name": "Head",
            "time": [0.0, 0.1167, 0.4, 0.6, 0.8667],
            "transform": [
                [0.85311, 0.037721, 0.520365, -0.0, -0.006297, 0.998055, -0.062025, 0.4, -0.521692, 0.049637, 0.851689, -0.0, 0.0, 0.0, 0.0, 1.0],
                [0.745402, 0.037721, -0.665547, 0.0, -0.061186, 0.998055, -0.01196, 0.4, 0.663802, 0.049637, 0.74626, -0.0, 0.0, 0.0, 0.0, 1.0],
                [0.379116, 0.037721, -0.92458, -0.0, -0.060252, 0.998055, 0.016013, 0.4, 0.923386, 0.049637, 0.380652, 0.0, 0.0, 0.0, 0.0, 1.0],
                [0.975432, -0.058012, 0.212525, 0.0, 0.01305, 0.978227, 0.207128, 0.4, -0.219914, -0.199266, 0.954951, 0.0, 0.0, 0.0, 0.0, 1.0],
                [0.868303, -0.114358, 0.482672, 0.0, -0.008151, 0.969641, 0.244397, 0.4, -0.495968, -0.216145, 0.84101, 0.0, 0.0, 0.0, 0.0, 1.0]
            ]
        },
        {
            "name": "Shoulder_R",
            "time": [0.0, 0.1167, 0.4, 0.6, 0.8667],
            "transform": [
                [0.110305, 0.959352, 0.259762, -0.0, 0.091141, -0.270019, 0.958532, 0.4, 0.98971, -0.082056, -0.11722, -0.0, 0.0, 0.0, 0.0, 1.0],
                [0.110305, 0.959352, 0.259762, 0.0, 0.091141, -0.270019, 0.958532, 0.4, 0.98971, -0.082056, -0.11722, -0.0, 0.0, 0.0, 0.0, 1.0],
                [0.110305, 0.959352, 0.259762, -0.0, 0.091141, -0.270019, 0.958532, 0.4, 0.98971, -0.082056, -0.11722, 0.0, 0.0, 0.0, 0.0, 1.0],
                [0.110305, 0.959352, 0.259762, 0.0, 0.091141, -0.270019, 0.958532, 0.4, 0.98971, -0.082056, -0.11722, 0.0, 0.0, 0.0, 0.0, 1.0],
                [0.110305, 0.959352, 0.259762, 0.0, 0.091141, -0.270019, 0.958532, 0.4, 0.98971, -0.082056, -0.11722, 0.0, 0.0, 0.0, 0.0, 1.0]
            ]
        },
        {
            "name": "Arm_R",
            "time": [0.0, 0.1167, 0.4, 0.4833, 0.5333, 0.6, 0.8667],
            "transform": [
                [0.02437, 0.061937, -0.997782, -0.0, 0.945036, 0.324099, 0.0432, 0.393861, 0.326056, -0.943994, -0.050634, 0.0, 0.0, 0.0, 0.0, 1.0],
                [-0.718594, -0.679958, -0.145876, -0.0, -0.06124, 0.27082, -0.96068, 0.393861, 0.692728, -0.681405, -0.23625, 0.0, 0.0, 0.0, 0.0, 1.0],
                [-0.666878, -0.743123, 0.055159, 0.0, -0.263878, 0.166281, -0.950115, 0.393861, 0.696881, -0.648165, -0.306984, 0.0, 0.0, 0.0, 0.0, 1.0],
                [-0.395292, -0.81535, -0.423023, 0.0, -0.802882, 0.530419, -0.272099, 0.393861, 0.446235, 0.232079, -0.8643, 0.0, 0.0, 0.0, 0.0, 1.0],
                [0.290196, -0.11346, -0.950217, 0.0, -0.953781, 0.046679, -0.296858, 0.393861, 0.078037, 0.992446, -0.094669, -0.0, 0.0, 0.0, 0.0, 1.0],
                [0.773907, 0.492977, -0.397545, 0.0, -0.601311, 0.768983, -0.217002, 0.393861, 0.198728, 0.406987, 0.891554, -0.0, 0.0, 0.0, 0.0, 1.0],
                [0.784629, 0.496794, -0.370881, 0.0, -0.590545, 0.781007, -0.203189, 0.393861, 0.188718, 0.37845, 0.90618, 0.0, 0.0, 0.0, 0.0, 1.0]
            ]
        },
        {
            "name": "Hand_R",
            "time": [0.0, 0.1167, 0.4, 0.4833, 0.6, 0.8667],
            "transform": [
                [0.999998, -0.000405, 0.001778, 0.0, 0.000868, 0.963176, -0.268872, 0.3, -0.001603, 0.268873, 0.963174, 0.0, 0.0, 0.0, 0.0, 1.0],
                [0.999998, -0.000405, 0.001778, 0.0, 0.000868, 0.963176, -0.268872, 0.3, -0.001603, 0.268873, 0.963174, 0.0, 0.0, 0.0, 0.0, 1.0],
                [0.999998, -0.000405, 0.001778, 0.0, 0.000868, 0.963176, -0.268872, 0.3, -0.001603, 0.268873, 0.963174, -0.0, 0.0, 0.0, 0.0, 1.0],
                [0.999998, -0.000774, 0.001651, 0.0, 0.000868, 0.998319, -0.057952, 0.3, -0.001603, 0.057954, 0.998318, -0.0, 0.0, 0.0, 0.0, 1.0],
                [0.999998, -0.000405, 0.001778, 0.0, 0.000868, 0.963176, -0.268872, 0.3, -0.001603, 0.268873, 0.963174, -0.0, 0.0, 0.0, 0.0, 1.0],
                [0.999998, -0.000405, 0.001778, -0.0, 0.000868, 0.963176, -0.268872, 0.3, -0.001603, 0.268873, 0.963174, -0.0, 0.0, 0.0, 0.0, 1.0]
            ]
        },
        {
            "name": "Tool_R",
            "time": [0.0, 0.1167, 0.4, 0.4833, 0.6, 0.8667],
            "transform": [
                [0.993314, -0.054493, -0.101777, 0.015054, -0.088154, -0.927265, -0.363881, 0.243316, -0.074502, 0.37019, -0.925324, 0.024459, 0.0, 0.0, 0.0, 1.0],
                [0.993314, -0.054493, -0.101777, 0.015054, -0.088154, -0.927265, -0.363881, 0.243317, -0.074502, 0.37019, -0.925324, 0.024459, 0.0, 0.0, 0.0, 1.0],
                [0.993314, -0.054493, -0.101777, 0.015054, -0.088154, -0.927265, -0.363881, 0.243316, -0.074502, 0.37019, -0.925324, 0.024459, 0.0, 0.0, 0.0, 1.0],
                [0.993311, 0.010034, -0.115035, 0.015054, -0.088185, -0.577225, -0.811809, 0.243316, -0.074504, 0.816034, -0.572149, 0.024459, 0.0, 0.0, 0.0, 1.0],
                [0.993311, -0.013614, -0.114663, 0.015054, -0.088176, -0.730567, -0.677124, 0.243316, -0.074507, 0.682293, -0.726458, 0.024459, 0.0, 0.0, 0.0, 1.0],
                [0.993309, 0.029149, -0.111744, 0.015054, -0.0882, -0.433137, -0.897002, 0.243316, -0.074504, 0.900319, -0.427425, 0.024459, 0.0, 0.0, 0.0, 1.0]
            ]
        },
        {
            "name": "Elbow_R",
            "time": [0.0, 0.1167, 0.4, 0.6, 0.8667],
            "transform": [
                [-1.0, 0.0, -0.0, -0.0, 0.0, -0.0, -1.0, 0.341622, -0.0, -1.0, 0.0, 0.0, 0.0, 0.0, 0.0, 1.0],
                [-1.0, 0.0, -0.0, 0.0, 0.0, -0.0, -1.0, 0.341622, -0.0, -1.0, 0.0, 0.0, 0.0, 0.0, 0.0, 1.0],
                [-1.0, 0.0, -0.0, 0.0, 0.0, -0.0, -1.0, 0.341622, -0.0, -1.0, 0.0, -0.0, 0.0, 0.0, 0.0, 1.0],
                [-1.0, 0.0, 0.0, 0.0, 0.0, -0.0, -1.0, 0.341622, -0.0, -1.0, 0.0, -0.0, 0.0, 0.0, 0.0, 1.0],
                [-1.0, 0.0, -0.0, 0.0, 0.0, -0.0, -1.0, 0.341622, -0.0, -1.0, 0.0, -0.0, 0.0, 0.0, 0.0, 1.0]
            ]
        },
        {
            "name": "Shoulder_L",
            "time": [0.0, 0.1167, 0.4, 0.6, 0.8667],
            "transform": [
                [-0.226937, -0.947819, -0.223918, -0.0, -0.021067, -0.225085, 0.974111, 0.4, -0.973681, 0.225779, 0.031113, -0.0, 0.0, 0.0, 0.0, 1.0],
                [-0.226937, -0.947819, -0.223918, 0.0, -0.021067, -0.225085, 0.974111, 0.4, -0.973682, 0.225779, 0.031113, -0.0, 0.0, 0.0, 0.0, 1.0],
                [-0.226937, -0.947819, -0.223918, -0.0, -0.021067, -0.225085, 0.974111, 0.4, -0.973681, 0.225779, 0.031113, 0.0, 0.0, 0.0, 0.0, 1.0],
                [-0.226937, -0.947819, -0.223918, 0.0, -0.021067, -0.225085, 0.974111, 0.4, -0.973681, 0.225779, 0.031113, 0.0, 0.0, 0.0, 0.0, 1.0],
                [-0.226937, -0.947819, -0.223918, 0.0, -0.021067, -0.225085, 0.974111, 0.4, -0.973682, 0.225779, 0.031113, 0.0, 0.0, 0.0, 0.0, 1.0]
            ]
        },
        {
            "name": "Arm_L",
            "time": [0.0, 0.1167, 0.4, 0.6, 0.8667],
            "transform": [
                [0.028967, 0.056681, 0.997972, 0.0, -0.931842, 0.362807, 0.006442, 0.39386, -0.361707, -0.930138, 0.063327, -0.0, 0.0, 0.0, 0.0, 1.0],
                [-0.035267, -0.286864, 0.957322, 0.0, -0.691893, 0.698229, 0.183737, 0.39386, -0.721138, -0.655884, -0.223104, -0.0, 0.0, 0.0, 0.0, 1.0],
                [-0.058877, -0.335245, 0.94029, -0.0, -0.642034, 0.733985, 0.221489, 0.39386, -0.764412, -0.590657, -0.258454, 0.0, 0.0, 0.0, 0.0, 1.0],
                [-0.058877, -0.335245, 0.94029, -0.0, -0.642034, 0.733985, 0.221489, 0.39386, -0.764412, -0.590657, -0.258454, 0.0, 0.0, 0.0, 0.0, 1.0],
                [-0.058877, -0.335244, 0.94029, -0.0, -0.642034, 0.733985, 0.221489, 0.39386, -0.764412, -0.590657, -0.258454, -0.0, 0.0, 0.0, 0.0, 1.0]
            ]
        },
        {
            "name": "Hand_L",
            "time": [0.0, 0.1167, 0.4, 0.6, 0.8667],
            "transform": [
                [0.999993, -0.001541, -0.00347, 0.0, 0.000938, 0.985901, -0.167329, 0.3, 0.003679, 0.167324, 0.985895, 0.0, 0.0, 0.0, 0.0, 1.0],
                [0.999993, -0.003566, -0.001305, -0.0, 0.000938, 0.56505, -0.825056, 0.3, 0.003679, 0.825049, 0.56505, -0.0, 0.0, 0.0, 0.0, 1.0],
                [0.999993, -0.003701, -0.000849, -0.0, 0.000938, 0.457432, -0.889244, 0.3, 0.003679, 0.889237, 0.457433, 0.0, 0.0, 0.0, 0.0, 1.0],
                [0.999993, -0.003701, -0.000849, 0.0, 0.000938, 0.457432, -0.889244, 0.3, 0.003679, 0.889237, 0.457432, -0.0, 0.0, 0.0, 0.0, 1.0],
                [0.999993, -0.003701, -0.000849, 0.0, 0.000938, 0.457432, -0.889244, 0.3, 0.003679, 0.889237, 0.457433, 0.0, 0.0, 0.0, 0.0, 1.0]
            ]
        },
        {
            "name": "Tool_L",
            "time": [0.0, 0.1167, 0.4, 0.6, 0.8667],
            "transform": [
                [0.997004, 0.01104, -0.076554, -0.0, -0.036659, -0.804079, -0.593391, 0.272858, -0.068067, 0.594062, -0.8008, -0.0, 0.0, 0.0, 0.0, 1.0],
                [0.997004, 0.01104, -0.076554, 0.0, -0.036659, -0.804079, -0.593391, 0.272858, -0.068067, 0.594062, -0.8008, -0.0, 0.0, 0.0, 0.0, 1.0],
                [0.997004, 0.01104, -0.076554, -0.0, -0.036659, -0.804079, -0.593391, 0.272858, -0.068067, 0.594062, -0.8008, -0.0, 0.0, 0.0, 0.0, 1.0],
                [0.997004, 0.01104, -0.076554, 0.0, -0.036659, -0.804079, -0.593391, 0.272858, -0.068067, 0.594062, -0.8008, -0.0, 0.0, 0.0, 0.0, 1.0],
                [0.997004, 0.01104, -0.076554, -0.0, -0.036659, -0.804079, -0.593391, 0.272858, -0.068067, 0.594062, -0.8008, -0.0, 0.0, 0.0, 0.0, 1.0]
            ]
        },
        {
            "name": "Elbow_L",
            "time": [0.0, 0.1167, 0.4, 0.6, 0.8667],
            "transform": [
                [-1.0, 0.0, -0.0, 2.7e-05, 0.0, -0.0, -1.0, 0.334301, -0.0, -1.0, -0.0, -0.002121, 0.0, 0.0, 0.0, 1.0],
                [-1.0, 0.0, 0.0, 2.7e-05, 0.0, -0.0, -1.0, 0.334301, -0.0, -1.0, -0.0, -0.002121, 0.0, 0.0, 0.0, 1.0],
                [-1.0, 0.0, -0.0, 2.7e-05, 0.0, -0.0, -1.0, 0.334302, -0.0, -1.0, 0.0, -0.002121, 0.0, 0.0, 0.0, 1.0],
                [-1.0, 0.0, -0.0, 2.7e-05, 0.0, -0.0, -1.0, 0.334302, -0.0, -1.0, -0.0, -0.002121, 0.0, 0.0, 0.0, 1.0],
                [-1.0, 0.0, -0.0, 2.7e-05, 0.0, -0.0, -1.0, 0.334302, -0.0, -1.0, 0.0, -0.002121, 0.0, 0.0, 0.0, 1.0]
            ]
        }
    ]
}