{
    "animation": [
        {
            "name": "Root",
            "time": [0.0, 0.1333, 0.3167],
            "transform": [
                [0.617412, 0.188735, 0.763663, -0.068018, 0.76398, 0.087462, -0.639284, -0.011352, -0.187447, 0.978125, -0.09019, 0.616777, 0.0, 0.0, 0.0, 1.0],
                [0.908021, 0.200127, 0.368032, -0.027622, 0.319357, 0.237892, -0.917289, 0.191049, -0.271126, 0.950451, 0.152099, 0.769442, 0.0, 0.0, 0.0, 1.0],
                [0.854339, 0.028643, -0.518927, -5e-06, -0.51914, 0.0, -0.854689, 0.407829, -0.024481, 0.99959, 0.01487, 0.753683, 0.0, 0.0, 0.0, 1.0]
            ]
        },
        {
            "name": "Thigh_R",
            "time": [0.0, 0.3167],
            "transform": [
                [0.580356, 0.792252, 0.188468, 0.124994, 0.267242, -0.403892, 0.874901, -0.002831, 0.769264, -0.457387, -0.446126, -1.2e-05, 0.0, 0.0, 0.0, 1.0],
                [0.992811, 0.11785, -0.020883, 0.124994, 0.118536, -0.992318, 0.035348, -0.002831, -0.016557, -0.037569, -0.999157, -1.2e-05, 0.0, 0.0, 0.0, 1.0]
            ]
        },
        {
            "name": "Leg_R",
            "time": [0.0, 0.3167],
            "transform": [
                [1.0, -1e-06, 0.0, 0.0, 0.0, 0.644626, 0.764498, 0.37472, -1e-06, -0.764499, 0.644625, 0.0, 0.0, 0.0, 0.0, 1.0],
                [1.0, -0.0, 1e-06, 0.0, 0.0, 0.997612, 0.069073, 0.37472, -1e-06, -0.069073, 0.997611, 0.0, 0.0, 0.0, 0.0, 1.0]
            ]
        },
        {
            "name": "Knee_R",
            "time": [0.0, 0.3167],
            "transform": [
                [1.0, 0.0, -0.0, 0.0, -0.0, 1e-06, -1.0, 0.37472, -0.0, 1.0, 1e-06, 0.0, 0.0, 0.0, 0.0, 1.0],
                [1.0, 0.0, -0.0, 0.0, -0.0, 1e-06, -1.0, 0.37472, -0.0, 1.0, 1e-06, 0.0, 0.0, 0.0, 0.0, 1.0]
            ]
        },
        {
            "name": "Thigh_L",
            "time": [0.0, 0.1333, 0.3167],
            "transform": [
                [0.945918, -0.312903, 0.085609, -0.125006, -0.264496, -0.896694, -0.354938, -0.002831, 0.187827, 0.3131, -0.930961, -1.2e-05, 0.0, 0.0, 0.0, 1.0],
                [0.999278, 0.036297, 0.011198, -0.125006, 0.02869, -0.9144, 0.403794, -0.002831, 0.024896, -0.403181, -0.914781, -1.2e-05, 0.0, 0.0, 0.0, 1.0],
                [0.869242, -0.05516, -0.491298, -0.125006, -0.021407, -0.997024, 0.074063, -0.002831, -0.493921, -0.053862, -0.867836, -1.2e-05, 0.0, 0.0, 0.0, 1.0]
            ]
        },
        {
            "name": "Leg_L",
            "time": [0.0, 0.1333, 0.3167],
            "transform": [
                [0.999989, -0.002994, -0.003571, -0.0, 0.003782, 0.969089, 0.246682, 0.37472, 0.002722, -0.246693, 0.96909, 0.0, 0.0, 0.0, 0.0, 1.0],
                [0.999989, 0.00038, -0.004644, -0.0, 0.003782, 0.516094, 0.856524, 0.37472, 0.002722, -0.856531, 0.516087, 0.0, 0.0, 0.0, 0.0, 1.0],
                [0.999989, -0.003452, -0.00313, 0.0, 0.003782, 0.993653, 0.112423, 0.37472, 0.002722, -0.112434, 0.993656, 0.0, 0.0, 0.0, 0.0, 1.0]
            ]
        },
        {
            "name": "Knee_L",
            "time": [0.0, 0.3167],
            "transform": [
                [1.0, 0.0, -0.0, -0.0, -0.0, 1e-06, -1.0, 0.37472, -0.0, 1.0, 1e-06, 0.0, 0.0, 0.0, 0.0, 1.0],
                [1.0, 0.0, -0.0, 0.0, -0.0, 1e-06, -1.0, 0.37472, -0.0, 1.0, 1e-06, 0.0, 0.0, 0.0, 0.0, 1.0]
            ]
        },
        {
            "name": "Torso",
            "time": [0.0, 0.3167],
            "transform": [
                [0.978078, -0.205284, 0.034968, 0.0, 0.197316, 0.967282, 0.159477, 0.05, -0.066562, -0.149081, 0.986582, -0.0, 0.0, 0.0, 0.0, 1.0],
                [0.999042, -0.043673, -0.002705, -0.0, 0.04367, 0.999045, -0.001423, 0.05, 0.002765, 0.001304, 0.999995, 0.0, 0.0, 0.0, 0.0, 1.0]
            ]
        },
        {
            "name": "Chest",
            "time": [0.0, 0.3167],
            "transform": [
                [0.860139, 0.02739, 0.509324, -0.0, -0.151977, 0.966964, 0.204656, 0.3, -0.486892, -0.253437, 0.835886, -0.0, 0.0, 0.0, 0.0, 1.0],
                [0.999771, -0.021316, -0.002029, -0.0, 0.021411, 0.994316, 0.104295, 0.3, -0.000206, -0.104315, 0.994544, -0.0, 0.0, 0.0, 0.0, 1.0]
            ]
        },
        {
            "name": "Head",
            "time": [0.0, 0.3167],
            "transform": [
                [0.579143, -0.068553, -0.812338, 0.0, -0.047067, 0.991984, -0.11727, 0.4, 0.813866, 0.10615, 0.571274, 0.0, 0.0, 0.0, 0.0, 1.0],
                [0.85311, 0.037721, 0.520365, -0.0, -0.006297, 0.998055, -0.062025, 0.4, -0.521692, 0.049637, 0.851689, -0.0, 0.0, 0.0, 0.0, 1.0]
            ]
        },
        {
            "name": "Shoulder_R",
            "time": [0.0, 0.3167],
            "transform": [
                [0.306816, 0.915635, 0.259762, 0.0, 0.033176, -0.283048, 0.958532, 0.4, 0.95119, -0.285475, -0.11722, 0.0, 0.0, 0.0, 0.0, 1.0],
                [0.110305, 0.959352, 0.259762, -0.0, 0.091141, -0.270019, 0.958532, 0.4, 0.98971, -0.082056, -0.11722, -0.0, 0.0, 0.0, 0.0, 1.0]
            ]
        },
        {
            "name": "Arm_R",
            "time": [0.0, 0.1333, 0.3167],
            "transform": [
                [0.375198, -0.596176, -0.709789, -0.0, 0.501174, -0.513685, 0.696385, 0.393861, -0.779776, -0.61701, 0.106055, 0.0, 0.0, 0.0, 0.0, 1.0],
                [-0.500226, -0.634912, -0.588779, 0.0, 0.725248, 0.064275, -0.685481, 0.39386, 0.473064, -0.769906, 0.428317, -0.0, 0.0, 0.0, 0.0, 1.0],
                [0.02437, 0.061937, -0.997782, -0.0, 0.945036, 0.324099, 0.0432, 0.393861, 0.326056, -0.943994, -0.050634, 0.0, 0.0, 0.0, 0.0, 1.0]
            ]
        },
        {
            "name": "Hand_R",
            "time": [0.0, 0.3167],
            "transform": [
                [0.999998, -0.000783, 0.001646, -0.0, 0.000868, 0.998641, -0.05212, 0.3, -0.001603, 0.052121, 0.99864, -0.0, 0.0, 0.0, 0.0, 1.0],
                [0.999998, -0.000405, 0.001778, 0.0, 0.000868, 0.963176, -0.268872, 0.3, -0.001603, 0.268873, 0.963174, 0.0, 0.0, 0.0, 0.0, 1.0]
            ]
        },
        {
            "name": "Tool_R",
            "time": [0.0, 0.1333, 0.3167],
            "transform": [
                [0.993309, 0.029149, -0.111744, 0.015054, -0.0882, -0.433137, -0.897002, 0.243316, -0.074504, 0.900319, -0.427425, 0.024459, 0.0, 0.0, 0.0, 1.0],
                [0.993314, -0.070177, -0.091667, 0.015054, -0.088154, -0.973771, -0.209758, 0.243316, -0.074499, 0.216297, -0.972873, 0.024459, 0.0, 0.0, 0.0, 1.0],
                [0.993314, -0.054493, -0.101777, 0.015054, -0.088154, -0.927265, -0.363881, 0.243316, -0.074502, 0.37019, -0.925324, 0.024459, 0.0, 0.0, 0.0, 1.0]
            ]
        },
        {
            "name": "Elbow_R",
            "time": [0.0, 0.3167],
            "transform": [
                [-1.0, 0.0, -0.0, 0.0, 0.0, -0.0, -1.0, 0.341622, -0.0, -1.0, 0.0, -0.0, 0.0, 0.0, 0.0, 1.0],
                [-1.0, 0.0, -0.0, -0.0, 0.0, -0.0, -1.0, 0.341622, -0.0, -1.0, 0.0, 0.0, 0.0, 0.0, 0.0, 1.0]
            ]
        },
        {
            "name": "Shoulder_L",
            "time": [0.0, 0.3167],
            "transform": [
                [-0.226937, -0.947819, -0.223918, 0.0, -0.021067, -0.225085, 0.974111, 0.4, -0.973681, 0.225779, 0.031113, 0.0, 0.0, 0.0, 0.0, 1.0],
                [-0.226937, -0.947819, -0.223918, -0.0, -0.021067, -0.225085, 0.974111, 0.4, -0.973681, 0.225779, 0.031113, -0.0, 0.0, 0.0, 0.0, 1.0]
            ]
        },
        {
            "name": "Arm_L",
            "time": [0.0, 0.3167],
            "transform": [
                [-0.058877, 0.18338, 0.981277, 0.0, -0.642034, 0.745753, -0.177888, 0.39386, -0.764412, -0.640487, 0.073829, -0.0, 0.0, 0.0, 0.0, 1.0],
                [0.028967, 0.056681, 0.997972, 0.0, -0.931842, 0.362807, 0.006442, 0.39386, -0.361707, -0.930138, 0.063327, 0.0, 0.0, 0.0, 0.0, 1.0]
            ]
        },
        {
            "name": "Hand_L",
            "time": [0.0, 0.3167],
            "transform": [
                [0.999993, -0.003701, -0.000849, -0.0, 0.000938, 0.457432, -0.889244, 0.3, 0.003679, 0.889237, 0.457432, 0.0, 0.0, 0.0, 0.0, 1.0],
                [0.999993, -0.001541, -0.00347, -0.0, 0.000938, 0.985901, -0.167329, 0.3, 0.003679, 0.167324, 0.985895, 0.0, 0.0, 0.0, 0.0, 1.0]
            ]
        },
        {
            "name": "Tool_L",
            "time": [0.0, 0.3167],
            "transform": [
                [0.997004, 0.01104, -0.076554, -0.0, -0.036659, -0.804079, -0.593391, 0.272858, -0.068067, 0.594062, -0.8008, -0.0, 0.0, 0.0, 0.0, 1.0],
                [0.997004, 0.01104, -0.076554, 0.0, -0.036659, -0.804079, -0.593391, 0.272858, -0.068067, 0.594062, -0.8008, -0.0, 0.0, 0.0, 0.0, 1.0]
            ]
        },
        {
            "name": "Elbow_L",
            "time": [0.0, 0.3167],
            "transform": [
                [-1.0, 0.0, -0.0, 2.7e-05, 0.0, -0.0, -1.0, 0.334301, -0.0, -1.0, -0.0, -0.002121, 0.0, 0.0, 0.0, 1.0],
                [-1.0, 0.0, -0.0, 2.7e-05, 0.0, -0.0, -1.0, 0.334301, -0.0, -1.0, -0.0, -0.00212, 0.0, 0.0, 0.0, 1.0]
            ]
        }
    ]
}