{
    "animation": [
        {
            "name": "Root",
            "time": [0.0, 1.3167, 2.6667],
            "transform": [
                [1.0, 0.0, 0.0, -5e-06, 0.0, 0.107984, -0.994153, 0.000946, 0.0, 0.994153, 0.107984, 0.465974, 0.0, 0.0, 0.0, 1.0],
                [1.0, 0.0, 0.0, -5e-06, 0.0, 0.127149, -0.991884, 0.000946, 0.0, 0.991884, 0.127149, 0.465974, 0.0, 0.0, 0.0, 1.0],
                [1.0, 0.0, 0.0, -5e-06, 0.0, 0.107984, -0.994153, 0.000946, 0.0, 0.994153, 0.107984, 0.465974, 0.0, 0.0, 0.0, 1.0]
            ]
        },
        {
            "name": "Thigh_R",
            "time": [0.0, 1.3167, 2.6667],
            "transform": [
                [1.0, -1e-06, 0.0, 0.124994, -0.0, -0.970762, -0.240036, -0.002831, 0.0, 0.240036, -0.970764, -1.2e-05, 0.0, 0.0, 0.0, 1.0],
                [1.0, -1e-06, 0.0, 0.124994, -0.0, -0.953614, -0.301025, -0.002831, 0.0, 0.301024, -0.953617, -1.2e-05, 0.0, 0.0, 0.0, 1.0],
                [1.0, -1e-06, 0.0, 0.124994, -0.0, -0.970762, -0.240036, -0.002831, 0.0, 0.240036, -0.970764, -1.2e-05, 0.0, 0.0, 0.0, 1.0]
            ]
        },
        {
            "name": "Leg_R",
            "time": [0.0, 1.3167, 2.6667],
            "transform": [
                [1.0, 0.0, 1e-06, 0.0, -1e-06, 0.33383, 0.942633, 0.37472, 0.0, -0.942634, 0.333829, 0.0, 0.0, 0.0, 0.0, 1.0],
                [1.0, 1e-06, 1e-06, -0.0, -1e-06, 0.427155, 0.904178, 0.37472, 0.0, -0.904179, 0.427155, 0.0, 0.0, 0.0, 0.0, 1.0],
                [1.0, 0.0, 1e-06, 0.0, -1e-06, 0.33383, 0.942633, 0.37472, 0.0, -0.942634, 0.333829, 0.0, 0.0, 0.0, 0.0, 1.0]
            ]
        },
        {
            "name": "Knee_R",
            "time": [0.0, 2.6667],
            "transform": [
                [1.0, -0.0, -0.0, 0.0, -0.0, -0.42371, -0.905798, 0.486932, 0.0, 0.905798, -0.42371, -0.001311, 0.0, 0.0, 0.0, 1.0],
                [1.0, -0.0, -0.0, 0.0, -0.0, -0.42371, -0.905798, 0.486932, 0.0, 0.905798, -0.42371, -0.001311, 0.0, 0.0, 0.0, 1.0]
            ]
        },
        {
            "name": "Thigh_L",
            "time": [0.0, 1.3167, 2.6667],
            "transform": [
                [0.999999, -0.0, 0.0, -0.125006, 0.0, -0.089283, 0.996006, -0.002831, -0.0, -0.996006, -0.089284, -1.2e-05, 0.0, 0.0, 0.0, 1.0],
                [0.999999, -0.0, 0.0, -0.125006, 0.0, -0.130656, 0.991427, -0.002831, -0.0, -0.991428, -0.130656, -1.2e-05, 0.0, 0.0, 0.0, 1.0],
                [0.999999, -0.0, 0.0, -0.125006, 0.0, -0.089283, 0.996006, -0.002831, -0.0, -0.996006, -0.089284, -1.2e-05, 0.0, 0.0, 0.0, 1.0]
            ]
        },
        {
            "name": "Leg_L",
            "time": [0.0, 1.3167, 2.6667],
            "transform": [
                [1.0, 0.0, 1e-06, 0.0, -1e-06, 0.282364, 0.959308, 0.37472, -0.0, -0.959307, 0.282364, -0.0, 0.0, 0.0, 0.0, 1.0],
                [1.0, 0.0, 1e-06, 0.0, -1e-06, 0.368615, 0.929582, 0.37472, -0.0, -0.929582, 0.368616, 0.0, 0.0, 0.0, 0.0, 1.0],
                [1.0, 0.0, 1e-06, 0.0, -1e-06, 0.282364, 0.959308, 0.37472, -0.0, -0.959307, 0.282364, -0.0, 0.0, 0.0, 0.0, 1.0]
            ]
        },
        {
            "name": "Knee_L",
            "time": [0.0, 2.6667],
            "transform": [
                [1.0, 0.0, -0.0, 0.0, -0.0, -0.266522, -0.963829, 0.459884, -0.0, 0.963829, -0.266522, -0.004006, 0.0, 0.0, 0.0, 1.0],
                [1.0, 0.0, -0.0, 0.0, -0.0, -0.266522, -0.963829, 0.459884, -0.0, 0.963829, -0.266522, -0.004006, 0.0, 0.0, 0.0, 1.0]
            ]
        },
        {
            "name": "Torso",
            "time": [0.0, 1.3167, 2.6667],
            "transform": [
                [1.0, 0.0, 0.0, 0.0, 0.0, 0.99823, -0.059478, 0.05, 0.0, 0.059478, 0.99823, -0.0, 0.0, 0.0, 0.0, 1.0],
                [1.0, 0.0, 0.0, 0.0, 0.0, 0.999972, 0.00749, 0.05, 0.0, -0.00749, 0.999972, -0.0, 0.0, 0.0, 0.0, 1.0],
                [1.0, 0.0, 0.0, 0.0, 0.0, 0.99823, -0.059478, 0.05, 0.0, 0.059478, 0.99823, -0.0, 0.0, 0.0, 0.0, 1.0]
            ]
        },
        {
            "name": "Chest",
            "time": [0.0, 1.3167, 2.6667],
            "transform": [
                [1.0, 0.0, 0.0, 0.0, 0.0, 0.857411, 0.514632, 0.3, 0.0, -0.514632, 0.857411, 0.0, 0.0, 0.0, 0.0, 1.0],
                [1.0, 0.0, 0.0, 0.0, 0.0, 0.83217, 0.554521, 0.3, 0.0, -0.554521, 0.83217, 0.0, 0.0, 0.0, 0.0, 1.0],
                [1.0, 0.0, 0.0, 0.0, 0.0, 0.857411, 0.514632, 0.3, 0.0, -0.514632, 0.857411, 0.0, 0.0, 0.0, 0.0, 1.0]
            ]
        },
        {
            "name": "Head",
            "time": [0.0, 1.3167, 2.6667],
            "transform": [
                [1.0, 0.0, 0.0, -0.0, 0.0, 0.906204, -0.422842, 0.4, 0.0, 0.422842, 0.906203, 0.0, 0.0, 0.0, 0.0, 1.0],
                [1.0, 0.0, 0.0, 0.0, 0.0, 0.844789, -0.5351, 0.4, 0.0, 0.5351, 0.844789, 0.0, 0.0, 0.0, 0.0, 1.0],
                [1.0, 0.0, 0.0, -0.0, 0.0, 0.906204, -0.422842, 0.4, 0.0, 0.422842, 0.906203, 0.0, 0.0, 0.0, 0.0, 1.0]
            ]
        },
        {
            "name": "Shoulder_R",
            "time": [0.0, 2.6667],
            "transform": [
                [0.0, 0.952114, 0.305743, -0.0, -0.0, -0.305743, 0.952114, 0.4, 1.0, -0.0, 0.0, 0.0, 0.0, 0.0, 0.0, 1.0],
                [0.0, 0.952114, 0.305743, -0.0, -0.0, -0.305743, 0.952114, 0.4, 1.0, -0.0, 0.0, 0.0, 0.0, 0.0, 0.0, 1.0]
            ]
        },
        {
            "name": "Arm_R",
            "time": [0.0, 1.3167, 2.6667],
            "transform": [
                [0.087435, 0.023087, -0.995903, 0.0, 0.880173, 0.466407, 0.088086, 0.39386, 0.46653, -0.884269, 0.02046, 0.0, 0.0, 0.0, 0.0, 1.0],
                [0.136652, -0.278183, -0.950758, 0.0, 0.890873, 0.454228, -0.004858, 0.39386, 0.433212, -0.84634, 0.309897, 0.0, 0.0, 0.0, 0.0, 1.0],
                [0.087435, 0.023087, -0.995903, 0.0, 0.880173, 0.466407, 0.088086, 0.39386, 0.46653, -0.884269, 0.02046, 0.0, 0.0, 0.0, 0.0, 1.0]
            ]
        },
        {
            "name": "Hand_R",
            "time": [0.0, 1.3167, 2.6667],
            "transform": [
                [1.0, 0.0, -0.0, 0.0, -0.0, 0.818366, -0.574698, 0.3, 0.0, 0.574698, 0.818366, -0.0, 0.0, 0.0, 0.0, 1.0],
                [1.0, 0.0, -0.0, 0.0, -0.0, 0.908508, -0.417867, 0.3, -0.0, 0.417867, 0.908508, -0.0, 0.0, 0.0, 0.0, 1.0],
                [1.0, 0.0, -0.0, 0.0, -0.0, 0.818366, -0.574698, 0.3, 0.0, 0.574698, 0.818366, -0.0, 0.0, 0.0, 0.0, 1.0]
            ]
        },
        {
            "name": "Tool_R",
            "time": [0.0, 2.6667],
            "transform": [
                [1.0, 0.0, 0.0, 0.0, 0.0, -0.995724, -0.092376, 0.272858, 0.0, 0.092311, -0.995136, 0.0, 0.0, 0.0, 0.0, 1.0],
                [1.0, 0.0, 0.0, 0.0, 0.0, -0.995724, -0.092376, 0.272858, 0.0, 0.092311, -0.995136, 0.0, 0.0, 0.0, 0.0, 1.0]
            ]
        },
        {
            "name": "Elbow_R",
            "time": [0.0, 2.6667],
            "transform": [
                [-1.0, 0.0, -0.0, 0.0, 0.0, -0.0, -1.0, 0.3, -0.0, -1.0, 0.0, -0.0, 0.0, 0.0, 0.0, 1.0],
                [-1.0, 0.0, -0.0, 0.0, 0.0, -0.0, -1.0, 0.3, -0.0, -1.0, 0.0, -0.0, 0.0, 0.0, 0.0, 1.0]
            ]
        },
        {
            "name": "Shoulder_L",
            "time": [0.0, 2.6667],
            "transform": [
                [0.333884, -0.907681, -0.254238, -0.0, -0.006095, -0.27179, 0.962337, 0.4, -0.942594, -0.319759, -0.096279, 0.0, 0.0, 0.0, 0.0, 1.0],
                [0.333884, -0.907681, -0.254238, -0.0, -0.006095, -0.27179, 0.962337, 0.4, -0.942594, -0.319759, -0.096279, 0.0, 0.0, 0.0, 0.0, 1.0]
            ]
        },
        {
            "name": "Arm_L",
            "time": [0.0, 1.3167, 2.6667],
            "transform": [
                [-0.601902, 0.602493, 0.524134, 0.0, -0.357493, 0.383609, -0.851494, 0.39386, -0.714082, -0.69989, -0.015508, -0.0, 0.0, 0.0, 0.0, 1.0],
                [-0.5817, 0.692752, 0.426285, -0.0, -0.34997, 0.259932, -0.899976, 0.39386, -0.734265, -0.672703, 0.09124, -0.0, 0.0, 0.0, 0.0, 1.0],
                [-0.601902, 0.602493, 0.524134, 0.0, -0.357493, 0.383609, -0.851494, 0.39386, -0.714082, -0.69989, -0.015508, -0.0, 0.0, 0.0, 0.0, 1.0]
            ]
        },
        {
            "name": "Hand_L",
            "time": [0.0, 2.6667],
            "transform": [
                [0.998421, -0.046914, -0.03091, -0.0, -0.000423, 0.543891, -0.839156, 0.3, 0.05618, 0.837844, 0.543012, 0.0, 0.0, 0.0, 0.0, 1.0],
                [0.998421, -0.046914, -0.03091, -0.0, -0.000423, 0.543891, -0.839156, 0.3, 0.05618, 0.837844, 0.543012, 0.0, 0.0, 0.0, 0.0, 1.0]
            ]
        },
        {
            "name": "Tool_L",
            "time": [0.0, 2.6667],
            "transform": [
                [1.0, 0.0, 0.0, 0.0, 0.0, -0.999836, 0.018122, 0.272858, 0.0, -0.018122, -0.999247, -0.0, 0.0, 0.0, 0.0, 1.0],
                [1.0, 0.0, 0.0, 0.0, 0.0, -0.999836, 0.018122, 0.272858, 0.0, -0.018122, -0.999247, -0.0, 0.0, 0.0, 0.0, 1.0]
            ]
        },
        {
            "name": "Elbow_L",
            "time": [0.0, 2.6667],
            "transform": [
                [-1.0, 0.0, -0.0, 0.0, 0.0, -0.0, -1.0, 0.416895, -0.0, -1.0, -0.0, -0.0, 0.0, 0.0, 0.0, 1.0],
                [-1.0, 0.0, -0.0, 0.0, 0.0, -0.0, -1.0, 0.416895, -0.0, -1.0, -0.0, -0.0, 0.0, 0.0, 0.0, 1.0]
            ]
        }
    ]
}