{
    "animation": [
        {
            "name": "Root",
            "time": [0.0, 0.1167, 0.25, 0.3667, 0.4167, 0.4667],
            "transform": [
                [0.89632, 0.0, -0.443408, -5e-06, -0.432742, 0.218019, -0.874759, 0.152767, 0.096671, 0.975945, 0.195415, 0.709658, 0.0, 0.0, 0.0, 1.0],
                [0.983578, 0.0, -0.180482, -5e-06, -0.179114, 0.122859, -0.976127, 0.0836, 0.022174, 0.992424, 0.120842, 0.583723, 0.0, 0.0, 0.0, 1.0],
                [0.89632, -0.0, -0.443408, -5e-06, -0.437627, 0.160952, -0.884634, 0.155693, 0.071367, 0.986962, 0.144264, 0.765508, 0.0, 0.0, 0.0, 1.0],
                [0.89632, 0.0, -0.443408, -5e-06, -0.441304, 0.097303, -0.892067, 0.060558, 0.043145, 0.995255, 0.087215, 0.631585, 0.0, 0.0, 0.0, 1.0],
                [0.89632, 0.0, -0.443408, -5e-06, -0.437841, 0.157956, -0.885068, 0.106662, 0.070039, 0.987446, 0.141579, 0.751221, 0.0, 0.0, 0.0, 1.0],
                [0.89632, 0.0, -0.443408, -5e-06, -0.432742, 0.218019, -0.874759, 0.152767, 0.096671, 0.975945, 0.195415, 0.709658, 0.0, 0.0, 0.0, 1.0]
            ]
        },
        {
            "name": "Thigh_R",
            "time": [0.0, 0.0667, 0.1167, 0.2, 0.25, 0.3667, 0.4667],
            "transform": [
                [0.918972, -0.225248, -0.323654, 0.124994, 0.110295, -0.641194, 0.75941, -0.002831, -0.378582, -0.733572, -0.564398, -1.2e-05, 0.0, 0.0, 0.0, 1.0],
                [0.951843, -0.274836, -0.135865, 0.124994, 0.078603, -0.209578, 0.974627, -0.002831, -0.296337, -0.93837, -0.177883, -1.2e-05, 0.0, 0.0, 0.0, 1.0],
                [0.984045, -0.17225, -0.04454, 0.124994, 0.0, -0.250342, 0.968157, -0.002831, -0.177915, -0.952709, -0.246349, -1.2e-05, 0.0, 0.0, 0.0, 1.0],
                [0.940107, -0.144853, -0.308571, 0.124994, 0.038721, -0.853982, 0.518857, -0.002831, -0.338673, -0.499728, -0.797228, -1.2e-05, 0.0, 0.0, 0.0, 1.0],
                [0.893621, 0.080884, -0.441473, 0.124994, 0.086795, -0.996201, -0.006829, -0.002831, -0.440348, -0.032215, -0.897249, -1.2e-05, 0.0, 0.0, 0.0, 1.0],
                [0.892818, 0.265224, -0.364049, 0.124994, 0.001463, -0.80995, -0.586495, -0.002831, -0.450414, 0.5231, -0.723528, -1.2e-05, 0.0, 0.0, 0.0, 1.0],
                [0.918972, -0.225248, -0.323654, 0.124994, 0.110295, -0.641194, 0.75941, -0.002831, -0.378582, -0.733572, -0.564398, -1.2e-05, 0.0, 0.0, 0.0, 1.0]
            ]
        },
        {
            "name": "Leg_R",
            "time": [0.0, 0.0667, 0.1167, 0.25, 0.3667, 0.4667],
            "transform": [
                [1.0, -1e-06, 1e-06, -0.0, -1e-06, -0.091644, 0.995791, 0.37472, -0.0, -0.995793, -0.091644, -0.0, 0.0, 0.0, 0.0, 1.0],
                [1.0, 0.0, 1e-06, 0.0, -1e-06, 0.791818, 0.610757, 0.37472, -0.0, -0.610758, 0.791817, -0.0, 0.0, 0.0, 0.0, 1.0],
                [1.0, 0.0, 1e-06, -0.0, -1e-06, 0.819152, 0.573576, 0.37472, -1e-06, -0.573577, 0.819151, -0.0, 0.0, 0.0, 0.0, 1.0],
                [1.0, 0.0, 1e-06, 0.0, -0.0, 0.953718, 0.300706, 0.37472, -1e-06, -0.300706, 0.953716, -0.0, 0.0, 0.0, 0.0, 1.0],
                [1.0, 1e-06, 1e-06, 0.0, -1e-06, 0.974253, 0.225462, 0.37472, -0.0, -0.225463, 0.974251, 0.0, 0.0, 0.0, 0.0, 1.0],
                [1.0, -1e-06, 1e-06, -0.0, -1e-06, -0.091644, 0.995791, 0.37472, -0.0, -0.995793, -0.091644, -0.0, 0.0, 0.0, 0.0, 1.0]
            ]
        },
        {
            "name": "Knee_R",
            "time": [0.0, 0.0667, 0.1167, 0.25, 0.3667, 0.4667],
            "transform": [
                [1.0, 0.0, -0.0, -0.000179, -0.0, 1e-06, -1.0, 0.436391, -0.0, 1.0, 1e-06, -0.000613, 0.0, 0.0, 0.0, 1.0],
                [1.0, 0.0, -0.0, -0.000234, -0.0, -0.124768, -0.992186, 0.423801, -0.0, 0.992186, -0.124768, -0.000249, 0.0, 0.0, 0.0, 1.0],
                [1.0, 0.0, -0.0, -0.000322, -0.0, 1e-06, -1.0, 0.39431, -0.0, 1.0, 1e-06, 0.000335, 0.0, 0.0, 0.0, 1.0],
                [1.0, 0.0, -0.0, 0.0, -0.0, 1e-06, -1.0, 0.37472, -0.0, 1.0, 1e-06, -0.0, 0.0, 0.0, 0.0, 1.0],
                [1.0, -0.0, -0.0, 0.0, -0.0, -0.266541, -0.963824, 0.399872, 0.0, 0.963824, -0.266541, 0.001742, 0.0, 0.0, 0.0, 1.0],
                [1.0, 0.0, -0.0, -0.000179, -0.0, 1e-06, -1.0, 0.436391, -0.0, 1.0, 1e-06, -0.000613, 0.0, 0.0, 0.0, 1.0]
            ]
        },
        {
            "name": "Thigh_L",
            "time": [0.0, 0.1167, 0.25, 0.3167, 0.3667, 0.4667],
            "transform": [
                [0.887332, 0.08605, -0.45303, -0.125006, -0.066843, -0.948056, -0.311001, -0.002831, -0.456259, 0.306244, -0.835489, -1.2e-05, 0.0, 0.0, 0.0, 1.0],
                [0.988065, 0.11271, -0.104988, -0.125006, 0.005106, -0.705185, -0.709004, -0.002831, -0.153948, 0.700008, -0.697344, -1.2e-05, 0.0, 0.0, 0.0, 1.0],
                [0.854613, -0.409765, -0.318949, -0.125006, -0.087524, -0.719117, 0.689355, -0.002831, -0.511835, -0.561216, -0.650431, -1.2e-05, 0.0, 0.0, 0.0, 1.0],
                [0.884062, -0.442115, -0.151549, -0.125006, -0.011335, -0.344448, 0.938736, -0.002831, -0.46723, -0.828185, -0.309526, -1.2e-05, 0.0, 0.0, 0.0, 1.0],
                [0.895891, -0.41581, -0.15646, -0.125006, -0.006683, -0.364746, 0.931083, -0.002831, -0.444221, -0.833104, -0.329552, -1.2e-05, 0.0, 0.0, 0.0, 1.0],
                [0.887332, 0.08605, -0.45303, -0.125006, -0.066843, -0.948056, -0.311001, -0.002831, -0.456259, 0.306244, -0.835489, -1.2e-05, 0.0, 0.0, 0.0, 1.0]
            ]
        },
        {
            "name": "Leg_L",
            "time": [0.0, 0.1167, 0.25, 0.3167, 0.3667, 0.4667],
            "transform": [
                [1.0, 0.0, 1e-06, -0.0, -0.0, 0.984272, 0.176659, 0.37472, -1e-06, -0.17666, 0.984272, 0.0, 0.0, 0.0, 0.0, 1.0],
                [1.0, 1e-06, 1e-06, -0.0, -1e-06, 0.994353, 0.106117, 0.37472, -0.0, -0.106117, 0.994354, 0.0, 0.0, 0.0, 0.0, 1.0],
                [1.0, -1e-06, 1e-06, -0.0, -1e-06, -0.474771, 0.880109, 0.37472, -1e-06, -0.880109, -0.474771, 0.0, 0.0, 0.0, 0.0, 1.0],
                [1.0, 0.0, 1e-06, -0.0, -1e-06, 0.839728, 0.543007, 0.37472, -0.0, -0.543006, 0.839729, 0.0, 0.0, 0.0, 0.0, 1.0],
                [1.0, 0.0, 1e-06, -0.0, -1e-06, 0.819152, 0.573577, 0.37472, -1e-06, -0.573576, 0.819152, -0.0, 0.0, 0.0, 0.0, 1.0],
                [1.0, 0.0, 1e-06, -0.0, -0.0, 0.984272, 0.176659, 0.37472, -1e-06, -0.17666, 0.984272, 0.0, 0.0, 0.0, 0.0, 1.0]
            ]
        },
        {
            "name": "Knee_L",
            "time": [0.0, 0.1167, 0.25, 0.3167, 0.3667, 0.4667],
            "transform": [
                [1.0, 0.0, -0.0, -0.0, -0.0, 1e-06, -1.0, 0.37472, -0.0, 1.0, 1e-06, 0.0, 0.0, 0.0, 0.0, 1.0],
                [1.0, -0.0, -0.0, 2.5e-05, -0.0, -0.273199, -0.961958, 0.399689, -0.0, 0.961958, -0.273199, -7e-06, 0.0, 0.0, 0.0, 1.0],
                [1.0, 0.0, -0.0, -0.0001, -0.0, 1e-06, -1.0, 0.433466, -0.0, 1.0, 1e-06, -0.000823, 0.0, 0.0, 0.0, 1.0],
                [1.0, 0.0, -0.0, -0.000214, -0.0, -0.157737, -0.987481, 0.412589, -0.0, 0.987481, -0.157737, 0.000686, 0.0, 0.0, 0.0, 1.0],
                [1.0, 0.0, -0.0, -0.000258, -0.0, 1e-06, -1.0, 0.391327, -0.0, 1.0, 1e-06, 0.001626, 0.0, 0.0, 0.0, 1.0],
                [1.0, 0.0, -0.0, -0.0, -0.0, 1e-06, -1.0, 0.37472, -0.0, 1.0, 1e-06, 0.0, 0.0, 0.0, 0.0, 1.0]
            ]
        },
        {
            "name": "Torso",
            "time": [0.0, 0.1167, 0.25, 0.3667, 0.4667],
            "transform": [
                [0.821391, -0.065218, 0.566624, 0.0, 0.02962, 0.996978, 0.071814, 0.05, -0.569595, -0.042204, 0.820841, 0.0, 0.0, 0.0, 0.0, 1.0],
                [0.998572, 0.017706, 0.050396, 0.0, -0.021921, 0.996195, 0.084354, 0.05, -0.04871, -0.085338, 0.995161, 0.0, 0.0, 0.0, 0.0, 1.0],
                [0.961458, 0.0, 0.274952, 0.0, -0.023964, 0.996195, 0.083797, 0.05, -0.273906, -0.087156, 0.957799, 0.0, 0.0, 0.0, 0.0, 1.0],
                [0.900587, 0.012856, 0.434486, -0.0, -0.048996, 0.996195, 0.07208, 0.05, -0.431906, -0.086202, 0.89779, -0.0, 0.0, 0.0, 0.0, 1.0],
                [0.821391, -0.065218, 0.566624, 0.0, 0.02962, 0.996978, 0.071814, 0.05, -0.569595, -0.042204, 0.820841, 0.0, 0.0, 0.0, 0.0, 1.0]
            ]
        },
        {
            "name": "Chest",
            "time": [0.0, 0.1167, 0.25, 0.3667, 0.4667],
            "transform": [
                [0.998072, 0.0, 0.062069, 0.0, -0.002359, 0.999278, 0.037928, 0.3, -0.062024, -0.038001, 0.997351, 0.0, 0.0, 0.0, 0.0, 1.0],
                [0.990025, 0.0, -0.140891, 0.0, 0.012279, 0.996195, 0.086286, 0.3, 0.140354, -0.087156, 0.986258, -0.0, 0.0, 0.0, 0.0, 1.0],
                [1.0, -0.0, 0.0, -0.0, -0.0, 0.999278, 0.038001, 0.3, 0.0, -0.038001, 0.999278, 0.0, 0.0, 0.0, 0.0, 1.0],
                [0.852096, -0.059094, 0.520038, 0.0, 0.023307, 0.996904, 0.075094, 0.3, -0.522866, -0.051866, 0.850836, 0.0, 0.0, 0.0, 0.0, 1.0],
                [0.998072, 0.0, 0.062069, 0.0, -0.002359, 0.999278, 0.037928, 0.3, -0.062024, -0.038001, 0.997351, 0.0, 0.0, 0.0, 0.0, 1.0]
            ]
        },
        {
            "name": "Head",
            "time": [0.0, 0.1167, 0.25, 0.3667, 0.4667],
            "transform": [
                [0.988383, -0.013179, -0.151413, 0.0, -0.001826, 0.995132, -0.098535, 0.4, 0.151974, 0.097667, 0.983547, 0.0, 0.0, 0.0, 0.0, 1.0],
                [0.971143, -0.017954, 0.237823, 0.0, 0.045785, 0.99265, -0.112021, 0.4, -0.234064, 0.119677, 0.964827, 0.0, 0.0, 0.0, 0.0, 1.0],
                [0.982809, -0.013289, 0.184148, -0.0, 0.030998, 0.995125, -0.093621, 0.4, -0.182007, 0.09772, 0.97843, -0.0, 0.0, 0.0, 0.0, 1.0],
                [0.84813, -0.032734, -0.528775, -0.0, -0.039639, 0.991371, -0.12495, 0.4, 0.528302, 0.126934, 0.839514, 0.0, 0.0, 0.0, 0.0, 1.0],
                [0.988383, -0.013179, -0.151413, 0.0, -0.001826, 0.995132, -0.098535, 0.4, 0.151974, 0.097667, 0.983547, 0.0, 0.0, 0.0, 0.0, 1.0]
            ]
        },
        {
            "name": "Shoulder_R",
            "time": [0.0, 0.1167, 0.25, 0.3667, 0.4667],
            "transform": [
                [0.0, 0.952114, 0.305743, 0.0, 0.0, -0.305743, 0.952114, 0.4, 1.0, 0.0, -0.0, 0.0, 0.0, 0.0, 0.0, 1.0],
                [-0.179644, 0.935013, 0.305743, 0.0, 0.057687, -0.300252, 0.952114, 0.4, 0.982038, 0.188679, -0.0, 0.0, 0.0, 0.0, 0.0, 1.0],
                [0.0, 0.974649, 0.223737, -0.0, 0.0, -0.223737, 0.974649, 0.4, 1.0, -0.0, -0.0, -0.0, 0.0, 0.0, 0.0, 1.0],
                [-0.135511, 0.942421, 0.305743, -0.0, 0.043515, -0.302631, 0.952114, 0.4, 0.989819, 0.142326, -0.0, 0.0, 0.0, 0.0, 0.0, 1.0],
                [0.0, 0.952114, 0.305743, 0.0, 0.0, -0.305743, 0.952114, 0.4, 1.0, 0.0, -0.0, 0.0, 0.0, 0.0, 0.0, 1.0]
            ]
        },
        {
            "name": "Arm_R",
            "time": [0.0, 0.1167, 0.25, 0.3667, 0.4667],
            "transform": [
                [-0.020325, 0.583328, -0.811982, 0.0, 0.799033, 0.497635, 0.3375, 0.39386, 0.600944, -0.641941, -0.476213, 0.0, 0.0, 0.0, 0.0, 1.0],
                [-0.243251, 0.534994, -0.80908, -0.0, 0.787596, 0.595808, 0.157179, 0.39386, 0.566146, -0.598994, -0.56629, 0.0, 0.0, 0.0, 0.0, 1.0],
                [-0.376745, -0.067096, -0.923884, -0.0, 0.728952, 0.593939, -0.340389, 0.39386, 0.57157, -0.801707, -0.174854, 0.0, 0.0, 0.0, 0.0, 1.0],
                [0.297908, 0.006766, -0.954571, -0.0, 0.81183, 0.524256, 0.257076, 0.393861, 0.502179, -0.851534, 0.150687, 0.0, 0.0, 0.0, 0.0, 1.0],
                [-0.020325, 0.583328, -0.811982, 0.0, 0.799033, 0.497635, 0.3375, 0.39386, 0.600944, -0.641941, -0.476213, 0.0, 0.0, 0.0, 0.0, 1.0]
            ]
        },
        {
            "name": "Hand_R",
            "time": [0.0, 0.1167, 0.25, 0.3667, 0.4667],
            "transform": [
                [1.0, 0.0, 0.0, 0.0, -0.0, 0.660881, -0.750491, 0.3, -0.0, 0.750491, 0.660881, -0.0, 0.0, 0.0, 0.0, 1.0],
                [0.999997, -0.000256, 0.002526, 0.0, 0.001602, 0.835471, -0.549533, 0.3, -0.00197, 0.549535, 0.835468, 0.0, 0.0, 0.0, 0.0, 1.0],
                [1.0, 0.0, -0.0, 0.0, -0.0, 0.812073, -0.583555, 0.3, 0.0, 0.583555, 0.812073, 0.0, 0.0, 0.0, 0.0, 1.0],
                [0.999997, 0.000367, 0.002397, 0.0, 0.001517, 0.676412, -0.736522, 0.3, -0.001892, 0.736523, 0.676409, -0.0, 0.0, 0.0, 0.0, 1.0],
                [1.0, 0.0, 0.0, 0.0, -0.0, 0.660881, -0.750491, 0.3, -0.0, 0.750491, 0.660881, -0.0, 0.0, 0.0, 0.0, 1.0]
            ]
        },
        {
            "name": "Tool_R",
            "time": [0.0, 0.1167, 0.25, 0.3667, 0.4667],
            "transform": [
                [1.0, 0.0, 0.0, -0.0, 0.0, -0.994328, 0.106361, 0.272858, 0.0, -0.106309, -0.993738, 0.0, 0.0, 0.0, 0.0, 1.0],
                [1.0, 0.0, 0.0, -0.0, 0.0, -0.99762, 0.068957, 0.272858, 0.0, -0.068926, -0.997028, -0.0, 0.0, 0.0, 0.0, 1.0],
                [1.0, 0.0, 0.0, -0.0, 0.0, -0.993808, -0.111112, 0.272858, 0.0, 0.111036, -0.993221, 0.0, 0.0, 0.0, 0.0, 1.0],
                [1.0, 0.0, 0.0, -0.0, 0.0, -0.954179, -0.299237, 0.272858, 0.0, 0.299049, -0.953617, 0.0, 0.0, 0.0, 0.0, 1.0],
                [1.0, 0.0, 0.0, -0.0, 0.0, -0.994328, 0.106361, 0.272858, 0.0, -0.106309, -0.993738, 0.0, 0.0, 0.0, 0.0, 1.0]
            ]
        },
        {
            "name": "Elbow_R",
            "time": [0.0, 0.1167, 0.25, 0.3667, 0.4667],
            "transform": [
                [-1.0, 0.0, -0.0, 0.0, -0.0, -0.0, -1.0, 0.3, -0.0, -1.0, 0.0, -0.0, 0.0, 0.0, 0.0, 1.0],
                [-1.0, 0.0, -0.0, 0.000989, 0.0, -0.164249, -0.986419, 0.362407, -0.0, -0.986419, 0.164249, -0.002027, 0.0, 0.0, 0.0, 1.0],
                [-1.0, 0.0, 0.0, 0.0, 0.0, -0.0, -1.0, 0.3, -0.0, -1.0, 0.0, 0.0, 0.0, 0.0, 0.0, 1.0],
                [-1.0, 0.0, -0.0, 0.000989, 0.0, -0.0, -1.0, 0.362407, -0.0, -1.0, 0.0, -0.002027, 0.0, 0.0, 0.0, 1.0],
                [-1.0, 0.0, -0.0, 0.0, -0.0, -0.0, -1.0, 0.3, -0.0, -1.0, 0.0, -0.0, 0.0, 0.0, 0.0, 1.0]
            ]
        },
        {
            "name": "Shoulder_L",
            "time": [0.0, 0.1167, 0.25, 0.3667, 0.4667],
            "transform": [
                [-0.0, -0.952114, -0.305743, 0.0, 0.0, -0.305743, 0.952114, 0.4, -1.0, -0.0, 0.0, 0.0, 0.0, 0.0, 0.0, 1.0],
                [-0.165933, -0.929556, -0.32923, 0.0, -0.002445, -0.333469, 0.942758, 0.4, -0.986134, 0.157239, 0.053061, 0.0, 0.0, 0.0, 0.0, 1.0],
                [-0.0, -0.952114, -0.305743, -0.0, 0.0, -0.305743, 0.952114, 0.4, -1.0, 0.0, 0.0, -0.0, 0.0, 0.0, 0.0, 1.0],
                [0.188685, -0.864598, -0.465691, -0.0, 0.072238, -0.460704, 0.884609, 0.4, -0.979377, -0.200553, -0.024472, 0.0, 0.0, 0.0, 0.0, 1.0],
                [-0.0, -0.952114, -0.305743, 0.0, 0.0, -0.305743, 0.952114, 0.4, -1.0, -0.0, 0.0, 0.0, 0.0, 0.0, 0.0, 1.0]
            ]
        },
        {
            "name": "Arm_L",
            "time": [0.0, 0.1167, 0.25, 0.3667, 0.4667],
            "transform": [
                [0.131589, -0.120756, 0.983922, -0.0, -0.863857, 0.47289, 0.173569, 0.39386, -0.486246, -0.872807, -0.042088, -0.0, 0.0, 0.0, 0.0, 1.0],
                [0.214306, 0.672031, 0.708835, 0.0, -0.936468, 0.347659, -0.04648, 0.39386, -0.277669, -0.65384, 0.703841, -0.0, 0.0, 0.0, 0.0, 1.0],
                [0.3277, -0.530649, 0.781681, 0.0, -0.866197, 0.161617, 0.472846, 0.39386, -0.377248, -0.832041, -0.406684, 0.0, 0.0, 0.0, 0.0, 1.0],
                [-0.285921, -0.767702, 0.573483, 0.0, -0.759143, 0.546678, 0.353334, 0.39386, -0.584765, -0.33433, -0.739103, -0.0, 0.0, 0.0, 0.0, 1.0],
                [0.131589, -0.120756, 0.983922, -0.0, -0.863857, 0.47289, 0.173569, 0.39386, -0.486246, -0.872807, -0.042088, -0.0, 0.0, 0.0, 0.0, 1.0]
            ]
        },
        {
            "name": "Hand_L",
            "time": [0.0, 0.1167, 0.25, 0.3667, 0.4667],
            "transform": [
                [0.999999, 0.000748, 0.000935, 0.0, 0.000555, 0.402349, -0.915487, 0.3, -0.001061, 0.915486, 0.402349, -0.0, 0.0, 0.0, 0.0, 1.0],
                [0.999999, 0.000331, 0.001707, 0.0, 0.00087, 0.754806, -0.655948, 0.3, -0.001505, 0.655949, 0.754804, -0.0, 0.0, 0.0, 0.0, 1.0],
                [0.999999, 0.001224, 0.001179, 0.0, 0.00016, 0.623052, -0.782181, 0.3, -0.001691, 0.78218, 0.623051, -0.0, 0.0, 0.0, 0.0, 1.0],
                [0.999997, 0.001777, 0.001783, 0.0, -2e-06, 0.70891, -0.705299, 0.3, -0.002517, 0.705297, 0.708908, -0.0, 0.0, 0.0, 0.0, 1.0],
                [0.999999, 0.000748, 0.000935, 0.0, 0.000555, 0.402349, -0.915487, 0.3, -0.001061, 0.915486, 0.402349, -0.0, 0.0, 0.0, 0.0, 1.0]
            ]
        },
        {
            "name": "Tool_L",
            "time": [0.0, 0.1167, 0.25, 0.3667, 0.4667],
            "transform": [
                [1.0, 0.0, 0.0, -0.0, 0.0, -0.999836, 0.018122, 0.272858, 0.0, -0.018122, -0.999247, -0.0, 0.0, 0.0, 0.0, 1.0],
                [1.0, 0.0, 0.0, 0.0, 0.0, -0.999836, 0.018122, 0.272858, 0.0, -0.018122, -0.999247, -0.0, 0.0, 0.0, 0.0, 1.0],
                [1.0, 0.0, 0.0, -0.0, 0.0, -0.999836, 0.018122, 0.272858, 0.0, -0.018122, -0.999247, 0.0, 0.0, 0.0, 0.0, 1.0],
                [1.0, 0.0, 0.0, -0.0, 0.0, -0.999836, 0.018122, 0.272858, 0.0, -0.018122, -0.999247, 0.0, 0.0, 0.0, 0.0, 1.0],
                [1.0, 0.0, 0.0, -0.0, 0.0, -0.999836, 0.018122, 0.272858, 0.0, -0.018122, -0.999247, -0.0, 0.0, 0.0, 0.0, 1.0]
            ]
        },
        {
            "name": "Elbow_L",
            "time": [0.0, 0.1167, 0.25, 0.3667, 0.4667],
            "transform": [
                [-1.0, 0.0, 0.0, 0.0, 0.0, 0.55053, -0.834815, 0.3, -0.0, -0.834815, -0.55053, -0.0, 0.0, 0.0, 0.0, 1.0],
                [-1.0, 0.0, -0.0, 0.0, 0.0, -0.0, -1.0, 0.3, -0.0, -1.0, 0.0, -0.0, 0.0, 0.0, 0.0, 1.0],
                [-1.0, 0.0, -0.0, 4.4e-05, 0.0, -0.0, -1.0, 0.393784, -0.0, -1.0, 0.0, -9.6e-05, 0.0, 0.0, 0.0, 1.0],
                [-1.0, 0.0, -0.0, 1.4e-05, 0.0, -0.382164, -0.924094, 0.422465, -0.0, -0.924095, 0.382164, -3.3e-05, 0.0, 0.0, 0.0, 1.0],
                [-1.0, 0.0, 0.0, 0.0, 0.0, 0.55053, -0.834815, 0.3, -0.0, -0.834815, -0.55053, -0.0, 0.0, 0.0, 0.0, 1.0]
            ]
        }
    ]
}