{
    "animation": [
        {
            "name": "Root",
            "time": [0.0, 0.1333, 0.2167, 0.3833, 0.6, 0.7667],
            "transform": [
                [1.0, 0.0, 0.0, -5e-06, 0.0, 0.0, -1.0, 0.000946, 0.0, 1.0, 0.0, 0.735366, 0.0, 0.0, 0.0, 1.0],
                [1.0, 0.0, 0.0, -5e-06, 0.0, 0.0, -1.0, 0.000946, 0.0, 1.0, 0.0, 0.666643, 0.0, 0.0, 0.0, 1.0],
                [1.0, 0.0, 0.0, -5e-06, 0.0, 0.065427, -0.997857, 0.000946, 0.0, 0.997857, 0.065427, 0.584068, 0.0, 0.0, 0.0, 1.0],
                [1.0, 0.0, 0.0, -5e-06, 0.0, 0.0, -1.0, 0.000946, 0.0, 1.0, 0.0, 0.735366, 0.0, 0.0, 0.0, 1.0],
                [1.0, 0.0, 0.0, -5e-06, 0.0, 0.0, -1.0, 0.000946, 0.0, 1.0, 0.0, 0.584068, 0.0, 0.0, 0.0, 1.0],
                [1.0, 0.0, 0.0, -5e-06, 0.0, 0.0, -1.0, 0.000946, 0.0, 1.0, 0.0, 0.735366, 0.0, 0.0, 0.0, 1.0]
            ]
        },
        {
            "name": "Thigh_R",
            "time": [0.0, 0.2167, 0.3833, 0.6, 0.7667],
            "transform": [
                [0.994337, 0.061139, -0.086917, 0.124994, 0.106262, -0.579234, 0.808205, -0.002831, -0.000932, -0.812863, -0.582453, -1.2e-05, 0.0, 0.0, 0.0, 1.0],
                [1.0, -0.0, -0.0, 0.124994, 0.0, -0.473247, 0.880929, -0.002831, -0.0, -0.880927, -0.473249, -1.2e-05, 0.0, 0.0, 0.0, 1.0],
                [0.997308, 0.073285, -0.002193, 0.124994, 0.073283, -0.995463, 0.060645, -0.002831, 0.002261, -0.060642, -0.998157, -1.2e-05, 0.0, 0.0, 0.0, 1.0],
                [1.0, -0.0, -0.0, 0.124994, -0.0, -0.79747, -0.603356, -0.002831, -0.0, 0.603355, -0.797472, -1.2e-05, 0.0, 0.0, 0.0, 1.0],
                [0.994337, 0.061139, -0.086917, 0.124994, 0.106262, -0.579234, 0.808205, -0.002831, -0.000932, -0.812863, -0.582453, -1.2e-05, 0.0, 0.0, 0.0, 1.0]
            ]
        },
        {
            "name": "Leg_R",
            "time": [0.0, 0.2167, 0.3833, 0.6, 0.7667],
            "transform": [
                [1.0, -0.0, 1e-06, -0.0, -1e-06, -0.184017, 0.982923, 0.37472, -0.0, -0.982924, -0.184016, 0.0, 0.0, 0.0, 0.0, 1.0],
                [1.0, 0.0, 1e-06, 0.0, -1e-06, 0.759554, 0.650445, 0.37472, -0.0, -0.650446, 0.759553, 0.0, 0.0, 0.0, 0.0, 1.0],
                [1.0, 0.0, 1e-06, 0.0, -0.0, 0.905651, 0.424025, 0.37472, -1e-06, -0.424026, 0.905649, 0.0, 0.0, 0.0, 0.0, 1.0],
                [1.0, 0.0, 1e-06, 0.0, -0.0, 0.968321, 0.249711, 0.37472, -0.0, -0.249712, 0.968319, 0.0, 0.0, 0.0, 0.0, 1.0],
                [1.0, -0.0, 1e-06, -0.0, -1e-06, -0.184017, 0.982923, 0.37472, -0.0, -0.982924, -0.184016, 0.0, 0.0, 0.0, 0.0, 1.0]
            ]
        },
        {
            "name": "Knee_R",
            "time": [0.0, 0.2167, 0.3833, 0.6, 0.7667],
            "transform": [
                [1.0, 0.0, -0.0, 0.0, -0.0, 1e-06, -1.0, 0.471392, -0.0, 1.0, 1e-06, -0.004956, 0.0, 0.0, 0.0, 1.0],
                [1.0, -0.0, -0.0, 0.0, -0.0, -0.293506, -0.955957, 0.427012, -0.0, 0.955957, -0.293506, -0.001877, 0.0, 0.0, 0.0, 1.0],
                [1.0, 0.0, -0.0, 0.0, -0.0, 1e-06, -1.0, 0.37472, -0.0, 1.0, 1e-06, 0.0, 0.0, 0.0, 0.0, 1.0],
                [1.0, 0.0, -0.0, 0.0, -0.0, 1e-06, -1.0, 0.37472, -0.0, 1.0, 1e-06, 0.0, 0.0, 0.0, 0.0, 1.0],
                [1.0, 0.0, -0.0, 0.0, -0.0, 1e-06, -1.0, 0.471392, -0.0, 1.0, 1e-06, -0.004956, 0.0, 0.0, 0.0, 1.0]
            ]
        },
        {
            "name": "Thigh_L",
            "time": [0.0, 0.2167, 0.3833, 0.4833, 0.6, 0.7667],
            "transform": [
                [0.999999, -0.0, 0.0, -0.125006, -0.0, -0.988219, 0.153042, -0.002831, 0.0, -0.153042, -0.988219, -1.2e-05, 0.0, 0.0, 0.0, 1.0],
                [0.999999, -0.0, -0.0, -0.125006, 0.0, -0.844048, -0.536267, -0.002831, 0.0, 0.536268, -0.844048, -1.2e-05, 0.0, 0.0, 0.0, 1.0],
                [0.999999, -0.0, 0.0, -0.125006, -0.0, -0.550863, 0.834595, -0.002831, -0.0, -0.834595, -0.550863, -1.2e-05, 0.0, 0.0, 0.0, 1.0],
                [0.999999, -0.0, 0.0, -0.125006, -0.0, -0.399436, 0.916761, -0.002831, -0.0, -0.916761, -0.399436, -1.2e-05, 0.0, 0.0, 0.0, 1.0],
                [0.999999, -0.0, 0.0, -0.125006, -0.0, -0.440511, 0.897747, -0.002831, -0.0, -0.897747, -0.440511, -1.2e-05, 0.0, 0.0, 0.0, 1.0],
                [0.999999, -0.0, 0.0, -0.125006, -0.0, -0.988219, 0.153042, -0.002831, 0.0, -0.153042, -0.988219, -1.2e-05, 0.0, 0.0, 0.0, 1.0]
            ]
        },
        {
            "name": "Leg_L",
            "time": [0.0, 0.2167, 0.3833, 0.4833, 0.6, 0.7667],
            "transform": [
                [1.0, -0.0, 1e-06, 0.0, -0.0, 0.909076, 0.416629, 0.37472, -1e-06, -0.416629, 0.909077, -0.0, 0.0, 0.0, 0.0, 1.0],
                [1.0, 0.0, 1e-06, 0.0, -1e-06, 0.965139, 0.261736, 0.37472, -1e-06, -0.261735, 0.96514, -0.0, 0.0, 0.0, 0.0, 1.0],
                [1.0, -0.0, 1e-06, 0.0, -1e-06, 0.013859, 0.999904, 0.37472, -0.0, -0.999904, 0.013859, 0.0, 0.0, 0.0, 0.0, 1.0],
                [1.0, 0.0, 1e-06, 0.0, -1e-06, 0.671378, 0.741115, 0.37472, -0.0, -0.741114, 0.671379, -0.0, 0.0, 0.0, 0.0, 1.0],
                [1.0, 0.0, 1e-06, 0.0, -1e-06, 0.735742, 0.677262, 0.37472, -0.0, -0.677261, 0.735743, 0.0, 0.0, 0.0, 0.0, 1.0],
                [1.0, -0.0, 1e-06, 0.0, -0.0, 0.909076, 0.416629, 0.37472, -1e-06, -0.416629, 0.909077, -0.0, 0.0, 0.0, 0.0, 1.0]
            ]
        },
        {
            "name": "Knee_L",
            "time": [0.0, 0.2167, 0.3833, 0.4833, 0.6, 0.7667],
            "transform": [
                [1.0, 0.0, -0.0, 0.0, -0.0, 1e-06, -1.0, 0.37472, -0.0, 1.0, 1e-06, -0.0, 0.0, 0.0, 0.0, 1.0],
                [1.0, 0.0, -0.0, 0.0, -0.0, 1e-06, -1.0, 0.385335, -0.0, 1.0, 1e-06, -0.001833, 0.0, 0.0, 0.0, 1.0],
                [1.0, 0.0, -0.0, 0.0, -0.0, 1e-06, -1.0, 0.476474, -0.0, 1.0, 1e-06, -0.000924, 0.0, 0.0, 0.0, 1.0],
                [1.0, -0.0, -0.0, 0.0, -0.0, -0.36398, -0.931407, 0.465286, -0.0, 0.931407, -0.36398, -0.002134, 0.0, 0.0, 0.0, 1.0],
                [1.0, 0.0, -0.0, 0.0, -0.0, -0.183931, -0.982939, 0.432729, -0.0, 0.982939, -0.183931, -0.003694, 0.0, 0.0, 0.0, 1.0],
                [1.0, 0.0, -0.0, 0.0, -0.0, 1e-06, -1.0, 0.37472, -0.0, 1.0, 1e-06, -0.0, 0.0, 0.0, 0.0, 1.0]
            ]
        },
        {
            "name": "Torso",
            "time": [0.0, 0.2167, 0.3833, 0.6, 0.7667],
            "transform": [
                [1.0, 0.0, 0.0, 0.0, 0.0, 0.871381, 0.490607, 0.05, 0.0, -0.490607, 0.871381, 0.0, 0.0, 0.0, 0.0, 1.0],
                [1.0, 0.0, 0.0, 0.0, 0.0, 0.894832, 0.446403, 0.05, 0.0, -0.446403, 0.894832, 0.0, 0.0, 0.0, 0.0, 1.0],
                [1.0, 0.0, 0.0, 0.0, 0.0, 0.770116, 0.637904, 0.05, 0.0, -0.637904, 0.770116, 0.0, 0.0, 0.0, 0.0, 1.0],
                [1.0, 0.0, 0.0, 0.0, 0.0, 0.833206, 0.552963, 0.05, 0.0, -0.552964, 0.833205, 0.0, 0.0, 0.0, 0.0, 1.0],
                [1.0, 0.0, 0.0, 0.0, 0.0, 0.871381, 0.490607, 0.05, 0.0, -0.490607, 0.871381, 0.0, 0.0, 0.0, 0.0, 1.0]
            ]
        },
        {
            "name": "Chest",
            "time": [0.0, 0.2167, 0.3833, 0.6, 0.7667],
            "transform": [
                [1.0, 0.0, 0.0, 0.0, 0.0, 0.972687, 0.23212, 0.3, 0.0, -0.23212, 0.972687, 0.0, 0.0, 0.0, 0.0, 1.0],
                [1.0, 0.0, 0.0, -0.0, 0.0, 0.895706, 0.444646, 0.3, 0.0, -0.444646, 0.895706, -0.0, 0.0, 0.0, 0.0, 1.0],
                [1.0, 0.0, 0.0, 0.0, 0.0, 0.969111, 0.246626, 0.3, 0.0, -0.246626, 0.969111, -0.0, 0.0, 0.0, 0.0, 1.0],
                [1.0, 0.0, 0.0, 0.0, 0.0, 0.920884, 0.389835, 0.3, 0.0, -0.389835, 0.920885, 0.0, 0.0, 0.0, 0.0, 1.0],
                [1.0, 0.0, 0.0, 0.0, 0.0, 0.972687, 0.23212, 0.3, 0.0, -0.23212, 0.972687, 0.0, 0.0, 0.0, 0.0, 1.0]
            ]
        },
        {
            "name": "Head",
            "time": [0.0, 0.2167, 0.3833, 0.6, 0.7667],
            "transform": [
                [1.0, 0.0, 0.0, 0.0, 0.0, 0.754687, -0.656085, 0.4, 0.0, 0.656085, 0.754687, -0.0, 0.0, 0.0, 0.0, 1.0],
                [1.0, 0.0, 0.0, 0.0, 0.0, 0.536012, -0.84421, 0.4, 0.0, 0.84421, 0.536012, -0.0, 0.0, 0.0, 0.0, 1.0],
                [1.0, 0.0, 0.0, -0.0, 0.0, 0.715328, -0.698789, 0.4, 0.0, 0.698789, 0.715328, 0.0, 0.0, 0.0, 0.0, 1.0],
                [1.0, 0.0, 0.0, 0.0, 0.0, 0.536012, -0.84421, 0.4, 0.0, 0.84421, 0.536012, -0.0, 0.0, 0.0, 0.0, 1.0],
                [1.0, 0.0, 0.0, 0.0, 0.0, 0.754687, -0.656085, 0.4, 0.0, 0.656085, 0.754687, -0.0, 0.0, 0.0, 0.0, 1.0]
            ]
        },
        {
            "name": "Shoulder_R",
            "time": [0.0, 0.2167, 0.3833, 0.6, 0.7667],
            "transform": [
                [-0.345806, 0.748341, 0.566042, 0.0, 0.065933, -0.582389, 0.810232, 0.4, 0.935986, 0.317504, 0.152053, -0.0, 0.0, 0.0, 0.0, 1.0],
                [-0.404592, 0.759711, 0.509062, 0.0, 0.044636, -0.539588, 0.840745, 0.4, 0.913407, 0.362881, 0.184402, -0.0, 0.0, 0.0, 0.0, 1.0],
                [-0.345806, 0.748341, 0.566042, -0.0, 0.065933, -0.582389, 0.810232, 0.4, 0.935987, 0.317504, 0.152053, 0.0, 0.0, 0.0, 0.0, 1.0],
                [-0.404592, 0.759711, 0.509062, 0.0, 0.044636, -0.539588, 0.840745, 0.4, 0.913407, 0.362881, 0.184402, -0.0, 0.0, 0.0, 0.0, 1.0],
                [-0.345806, 0.748341, 0.566042, 0.0, 0.065933, -0.582389, 0.810232, 0.4, 0.935986, 0.317504, 0.152053, -0.0, 0.0, 0.0, 0.0, 1.0]
            ]
        },
        {
            "name": "Arm_R",
            "time": [0.0, 0.2167, 0.3833, 0.6, 0.7667],
            "transform": [
                [-0.213489, 0.368273, -0.904874, -0.0, 0.504141, 0.834904, 0.220853, 0.39386, 0.836818, -0.409034, -0.363905, -0.0, 0.0, 0.0, 0.0, 1.0],
                [-0.081735, 0.008821, -0.996615, -0.0, 0.531203, 0.846477, -0.036073, 0.393861, 0.843293, -0.532353, -0.073873, 0.0, 0.0, 0.0, 0.0, 1.0],
                [-0.102922, 0.282596, -0.953701, 0.0, 0.565157, 0.805612, 0.177724, 0.39386, 0.818538, -0.520699, -0.242626, 0.0, 0.0, 0.0, 0.0, 1.0],
                [-0.081735, 0.008821, -0.996615, -0.0, 0.531203, 0.846477, -0.036073, 0.39386, 0.843293, -0.532353, -0.073873, -0.0, 0.0, 0.0, 0.0, 1.0],
                [-0.213489, 0.368273, -0.904874, -0.0, 0.504141, 0.834904, 0.220853, 0.39386, 0.836818, -0.409034, -0.363905, -0.0, 0.0, 0.0, 0.0, 1.0]
            ]
        },
        {
            "name": "Hand_R",
            "time": [0.0, 0.2167, 0.3833, 0.6, 0.7667],
            "transform": [
                [0.999439, -0.032794, 0.006737, -0.0, 0.025419, 0.612356, -0.790173, 0.3, 0.021788, 0.789901, 0.612847, -0.0, 0.0, 0.0, 0.0, 1.0],
                [0.999439, -0.032794, 0.006737, -0.0, 0.025419, 0.612356, -0.790173, 0.3, 0.021788, 0.789902, 0.612847, 0.0, 0.0, 0.0, 0.0, 1.0],
                [0.999439, -0.032794, 0.006737, 0.0, 0.025419, 0.612356, -0.790173, 0.3, 0.021788, 0.789901, 0.612847, 0.0, 0.0, 0.0, 0.0, 1.0],
                [0.999439, -0.032794, 0.006737, 0.0, 0.025419, 0.612356, -0.790173, 0.3, 0.021788, 0.789901, 0.612847, -0.0, 0.0, 0.0, 0.0, 1.0],
                [0.999439, -0.032794, 0.006737, -0.0, 0.025419, 0.612356, -0.790173, 0.3, 0.021788, 0.789901, 0.612847, -0.0, 0.0, 0.0, 0.0, 1.0]
            ]
        },
        {
            "name": "Tool_R",
            "time": [0.0, 0.2167, 0.3833, 0.6, 0.7667],
            "transform": [
                [1.0, 0.0, 0.0, -0.0, 0.0, -0.999836, 0.018122, 0.272858, 0.0, -0.018122, -0.999244, 0.0, 0.0, 0.0, 0.0, 1.0],
                [1.0, 0.0, 0.0, 0.0, 0.0, -0.999836, 0.018122, 0.272858, 0.0, -0.018122, -0.999244, 0.0, 0.0, 0.0, 0.0, 1.0],
                [1.0, 0.0, 0.0, 0.0, 0.0, -0.999836, 0.018122, 0.272858, 0.0, -0.018122, -0.999244, -0.0, 0.0, 0.0, 0.0, 1.0],
                [1.0, 0.0, 0.0, -0.0, 0.0, -0.999836, 0.018122, 0.272858, 0.0, -0.018122, -0.999244, -0.0, 0.0, 0.0, 0.0, 1.0],
                [1.0, 0.0, 0.0, -0.0, 0.0, -0.999836, 0.018122, 0.272858, 0.0, -0.018122, -0.999244, 0.0, 0.0, 0.0, 0.0, 1.0]
            ]
        },
        {
            "name": "Elbow_R",
            "time": [0.0, 0.2167, 0.3833, 0.6, 0.7667],
            "transform": [
                [-1.0, 0.0, -0.0, -0.001666, 0.0, -0.0, -1.0, 0.388537, -0.0, -1.0, 0.0, -0.002774, 0.0, 0.0, 0.0, 1.0],
                [-1.0, 0.0, -0.0, -0.001666, -0.0, -0.0, -1.0, 0.388537, -0.0, -1.0, 0.0, -0.002774, 0.0, 0.0, 0.0, 1.0],
                [-1.0, 0.0, -0.0, -0.001666, 0.0, -0.0, -1.0, 0.388537, -0.0, -1.0, 0.0, -0.002774, 0.0, 0.0, 0.0, 1.0],
                [-1.0, 0.0, -0.0, -0.001666, 0.0, 0.0, -1.0, 0.388537, -0.0, -1.0, 0.0, -0.002774, 0.0, 0.0, 0.0, 1.0],
                [-1.0, 0.0, -0.0, -0.001666, 0.0, -0.0, -1.0, 0.388537, -0.0, -1.0, 0.0, -0.002774, 0.0, 0.0, 0.0, 1.0]
            ]
        },
        {
            "name": "Shoulder_L",
            "time": [0.0, 0.2167, 0.3833, 0.6, 0.7667],
            "transform": [
                [0.354942, -0.934421, 0.029548, 0.0, -0.060484, 0.008588, 0.998132, 0.4, -0.93293, -0.356066, -0.053469, -0.0, 0.0, 0.0, 0.0, 1.0],
                [0.244728, -0.961553, 0.124595, 0.0, -0.091025, 0.10515, 0.990282, 0.4, -0.96531, -0.253691, -0.061793, -0.0, 0.0, 0.0, 0.0, 1.0],
                [0.354942, -0.934421, 0.029548, -0.0, -0.060484, 0.008588, 0.998132, 0.4, -0.93293, -0.356066, -0.053469, 0.0, 0.0, 0.0, 0.0, 1.0],
                [0.244728, -0.961553, 0.124595, 0.0, -0.091025, 0.10515, 0.990282, 0.4, -0.96531, -0.253691, -0.061793, -0.0, 0.0, 0.0, 0.0, 1.0],
                [0.354942, -0.934421, 0.029548, 0.0, -0.060484, 0.008588, 0.998132, 0.4, -0.93293, -0.356066, -0.053469, -0.0, 0.0, 0.0, 0.0, 1.0]
            ]
        },
        {
            "name": "Arm_L",
            "time": [0.0, 0.2167, 0.3833, 0.6, 0.7667],
            "transform": [
                [0.260801, 0.903137, 0.341066, 0.0, -0.499127, 0.428553, -0.753137, 0.39386, -0.826351, 0.026183, 0.562547, -0.0, 0.0, 0.0, 0.0, 1.0],
                [0.570786, 0.719022, 0.396498, 0.0, -0.228936, 0.603097, -0.764109, 0.39386, -0.788538, 0.34537, 0.508849, -0.0, 0.0, 0.0, 0.0, 1.0],
                [0.260801, 0.903137, 0.341066, 0.0, -0.499127, 0.428553, -0.753137, 0.39386, -0.826351, 0.026183, 0.562546, -0.0, 0.0, 0.0, 0.0, 1.0],
                [0.570786, 0.719022, 0.396498, 0.0, -0.228936, 0.603097, -0.764109, 0.39386, -0.788538, 0.34537, 0.508849, 0.0, 0.0, 0.0, 0.0, 1.0],
                [0.260801, 0.903137, 0.341066, 0.0, -0.499127, 0.428553, -0.753137, 0.39386, -0.826351, 0.026183, 0.562547, -0.0, 0.0, 0.0, 0.0, 1.0]
            ]
        },
        {
            "name": "Hand_L",
            "time": [0.0, 0.2167, 0.3833, 0.6, 0.7667],
            "transform": [
                [0.999802, -0.014798, 0.013301, -0.0, 0.019896, 0.751415, -0.65953, 0.3, -0.000235, 0.659664, 0.751561, 0.0, 0.0, 0.0, 0.0, 1.0],
                [0.999802, -0.014798, 0.013301, -0.0, 0.019895, 0.751415, -0.65953, 0.3, -0.000235, 0.659664, 0.751561, 0.0, 0.0, 0.0, 0.0, 1.0],
                [0.999802, -0.014798, 0.013301, -0.0, 0.019895, 0.751415, -0.65953, 0.3, -0.000235, 0.659664, 0.751561, 0.0, 0.0, 0.0, 0.0, 1.0],
                [0.999802, -0.014798, 0.013301, -0.0, 0.019896, 0.751415, -0.65953, 0.3, -0.000235, 0.659664, 0.751561, -0.0, 0.0, 0.0, 0.0, 1.0],
                [0.999802, -0.014798, 0.013301, -0.0, 0.019896, 0.751415, -0.65953, 0.3, -0.000235, 0.659664, 0.751561, 0.0, 0.0, 0.0, 0.0, 1.0]
            ]
        },
        {
            "name": "Tool_L",
            "time": [0.0, 0.2167, 0.3833, 0.6, 0.7667],
            "transform": [
                [1.0, 0.0, 0.0, 0.0, -0.0, -0.999836, 0.018122, 0.272858, 0.0, -0.018122, -0.999247, -0.0, 0.0, 0.0, 0.0, 1.0],
                [1.0, 0.0, 0.0, -0.0, 0.0, -0.999836, 0.018122, 0.272858, 0.0, -0.018122, -0.999247, 0.0, 0.0, 0.0, 0.0, 1.0],
                [1.0, 0.0, 0.0, 0.0, 0.0, -0.999836, 0.018122, 0.272858, 0.0, -0.018122, -0.999247, 0.0, 0.0, 0.0, 0.0, 1.0],
                [1.0, 0.0, 0.0, 0.0, 0.0, -0.999836, 0.018122, 0.272858, 0.0, -0.018122, -0.999247, -0.0, 0.0, 0.0, 0.0, 1.0],
                [1.0, 0.0, 0.0, 0.0, -0.0, -0.999836, 0.018122, 0.272858, 0.0, -0.018122, -0.999247, -0.0, 0.0, 0.0, 0.0, 1.0]
            ]
        },
        {
            "name": "Elbow_L",
            "time": [0.0, 0.2167, 0.3833, 0.6, 0.7667],
            "transform": [
                [-1.0, 0.0, -0.0, -0.001234, 0.0, -0.0, -1.0, 0.36851, -0.0, -1.0, -0.0, -0.001546, 0.0, 0.0, 0.0, 1.0],
                [-1.0, 0.0, -0.0, -0.001234, 0.0, -0.0, -1.0, 0.368511, -0.0, -1.0, -0.0, -0.001546, 0.0, 0.0, 0.0, 1.0],
                [-1.0, 0.0, -0.0, -0.001234, 0.0, -0.0, -1.0, 0.368511, -0.0, -1.0, -0.0, -0.001546, 0.0, 0.0, 0.0, 1.0],
                [-1.0, 0.0, -0.0, -0.001234, 0.0, -0.0, -1.0, 0.368511, -0.0, -1.0, 0.0, -0.001546, 0.0, 0.0, 0.0, 1.0],
                [-1.0, 0.0, -0.0, -0.001234, 0.0, -0.0, -1.0, 0.36851, -0.0, -1.0, -0.0, -0.001546, 0.0, 0.0, 0.0, 1.0]
            ]
        }
    ]
}