{
    "animation": [
        {
            "name": "Root",
            "time": [0.0, 0.2167, 0.5667, 0.7167, 1.1833, 1.2833, 1.45, 1.5333, 1.6, 1.95, 2.0333, 2.0833, 2.3833, 2.7],
            "transform": [
                [0.854339, 0.028643, -0.518927, -5e-06, -0.51914, 0.0, -0.854689, 0.000946, -0.024481, 0.99959, 0.01487, 0.753683, 0.0, 0.0, 0.0, 1.0],
                [0.965446, 0.023543, 0.259537, -5e-06, 0.259071, 0.021111, -0.965628, 0.000946, -0.028213, 0.9995, 0.014282, 0.72763, 0.0, 0.0, 0.0, 1.0],
                [0.941034, 0.022119, 0.337588, -5e-06, 0.337106, 0.022865, -0.941189, 0.000946, -0.028537, 0.999494, 0.01406, 0.724922, 0.0, 0.0, 0.0, 1.0],
                [0.941034, 0.022119, 0.337588, -5e-06, 0.33809, -0.025383, -0.940771, 0.000946, -0.01224, 0.999433, -0.031364, 0.718931, 0.0, 0.0, 0.0, 1.0],
                [0.941034, 0.022119, 0.337588, -5e-06, 0.337106, 0.022865, -0.941189, 0.000946, -0.028537, 0.999494, 0.01406, 0.714709, 0.0, 0.0, 0.0, 1.0],
                [0.775794, 0.012986, 0.630852, -5e-06, 0.630327, 0.029727, -0.77576, 0.000946, -0.028827, 0.999474, 0.014877, 0.68037, 0.0, 0.0, 0.0, 1.0],
                [0.720982, 0.010839, 0.692869, -5e-06, 0.692366, 0.02991, -0.720927, 0.000946, -0.028537, 0.999494, 0.01406, 0.672581, 0.0, 0.0, 0.0, 1.0],
                [0.990591, 0.051855, -0.126653, 0.007993, -0.112479, -0.218714, -0.969285, -0.612885, -0.077963, 0.97441, -0.210823, 0.738943, 0.0, 0.0, 0.0, 1.0],
                [0.742184, 0.061756, -0.667345, -5e-06, -0.656924, -0.130151, -0.742638, -0.910308, -0.132718, 0.989569, -0.056027, 0.617593, 0.0, 0.0, 0.0, 1.0],
                [0.395049, 0.029111, -0.918199, -5e-06, -0.902997, -0.171475, -0.393945, -1.200528, -0.168916, 0.984758, -0.041454, 0.60394, 0.0, 0.0, 0.0, 1.0],
                [0.703506, 0.224047, 0.67445, 0.042498, 0.652664, 0.171905, -0.737888, 0.713985, -0.281263, 0.959297, -0.025292, 0.63432, 0.0, 0.0, 0.0, 1.0],
                [0.781326, 0.116489, 0.613156, -5e-06, 0.599445, 0.13346, -0.789211, 1.586131, -0.173766, 0.984184, 0.034447, 0.566051, 0.0, 0.0, 0.0, 1.0],
                [0.637378, 0.086609, 0.765669, -5e-06, 0.74891, 0.164216, -0.642002, 1.959254, -0.181338, 0.982615, 0.039806, 0.562379, 0.0, 0.0, 0.0, 1.0],
                [0.637378, 0.086609, 0.765669, -5e-06, 0.74891, 0.164216, -0.642002, 1.959254, -0.181338, 0.982615, 0.039806, 0.562379, 0.0, 0.0, 0.0, 1.0]
            ]
        },
        {
            "name": "Thigh_R",
            "time": [0.0, 0.2167, 0.5667, 0.7167, 1.1833, 1.2833, 1.45, 1.5333, 1.6, 1.95, 2.0333, 2.0833, 2.3833, 2.7],
            "transform": [
                [0.992811, 0.11785, -0.020883, 0.124994, 0.118536, -0.992318, 0.035348, -0.002831, -0.016557, -0.037569, -0.999157, -1.2e-05, 0.0, 0.0, 0.0, 1.0],
                [0.97399, 0.15531, 0.164991, 0.124994, 0.0753, -0.908615, 0.410787, -0.002831, 0.213713, -0.387677, -0.896679, -1.2e-05, 0.0, 0.0, 0.0, 1.0],
                [0.969567, 0.162931, 0.182736, 0.124994, 0.065835, -0.892411, 0.446391, -0.002831, 0.235807, -0.420774, -0.875982, -1.2e-05, 0.0, 0.0, 0.0, 1.0],
                [0.969807, 0.167879, 0.176891, 0.124994, 0.065476, -0.877949, 0.474252, -0.002831, 0.234918, -0.44835, -0.862436, -1.2e-05, 0.0, 0.0, 0.0, 1.0],
                [0.969567, 0.171353, 0.174863, 0.124994, 0.065835, -0.870408, 0.487906, -0.002831, 0.235807, -0.461544, -0.855203, -1.2e-05, 0.0, 0.0, 0.0, 1.0],
                [0.885646, 0.323958, 0.332688, 0.124994, 0.092113, -0.824767, 0.557917, -0.002831, 0.455132, -0.463471, -0.760295, -1.2e-05, 0.0, 0.0, 0.0, 1.0],
                [0.857441, 0.359981, 0.367706, 0.124994, 0.095809, -0.813758, 0.573251, -0.002831, 0.505584, -0.456298, -0.732241, -1.2e-05, 0.0, 0.0, 0.0, 1.0],
                [0.879512, 0.47317, 0.05066, 0.124994, 0.31872, -0.664762, 0.675653, -0.002831, 0.353376, -0.578098, -0.735478, -1.2e-05, 0.0, 0.0, 0.0, 1.0],
                [0.863392, 0.504461, 0.008443, 0.124994, 0.444515, -0.768492, 0.460244, -0.002831, 0.238663, -0.393617, -0.887753, -1.2e-05, 0.0, 0.0, 0.0, 1.0],
                [0.836176, 0.539393, -0.099315, 0.124994, 0.530277, -0.748847, 0.397532, -0.002831, 0.140054, -0.38507, -0.912198, -1.2e-05, 0.0, 0.0, 0.0, 1.0],
                [0.740115, 0.671035, 0.044041, 0.124994, 0.362627, -0.453394, 0.814208, -0.002831, 0.566331, -0.586636, -0.578901, -1.2e-05, 0.0, 0.0, 0.0, 1.0],
                [0.66966, 0.738341, 0.080037, 0.124994, 0.200064, -0.283132, 0.937982, -0.002831, 0.715212, -0.612115, -0.337319, -1.2e-05, 0.0, 0.0, 0.0, 1.0],
                [0.639351, 0.76391, 0.087569, 0.124994, 0.124612, -0.215321, 0.96856, -0.002831, 0.75875, -0.608337, -0.232859, -1.2e-05, 0.0, 0.0, 0.0, 1.0],
                [0.639351, 0.76391, 0.087569, 0.124994, 0.124612, -0.215321, 0.96856, -0.002831, 0.75875, -0.608337, -0.232859, -1.2e-05, 0.0, 0.0, 0.0, 1.0]
            ]
        },
        {
            "name": "Leg_R",
            "time": [0.0, 0.2167, 0.5667, 0.7167, 1.1833, 1.2833, 1.45, 1.5333, 1.6, 1.95, 2.0333, 2.0833, 2.3833, 2.7],
            "transform": [
                [1.0, -0.0, 1e-06, 0.0, 0.0, 0.997612, 0.069073, 0.37472, -1e-06, -0.069073, 0.997611, 0.0, 0.0, 0.0, 0.0, 1.0],
                [1.0, -0.0, 1e-06, 0.0, 0.0, 0.961502, 0.274801, 0.37472, -1e-06, -0.274802, 0.9615, 0.0, 0.0, 0.0, 0.0, 1.0],
                [1.0, -0.0, 1e-06, 0.0, 0.0, 0.955308, 0.295613, 0.37472, -1e-06, -0.295614, 0.955307, 0.0, 0.0, 0.0, 0.0, 1.0],
                [1.0, -0.0, 1e-06, -0.0, 0.0, 0.955308, 0.295613, 0.37472, -1e-06, -0.295614, 0.955307, -0.0, 0.0, 0.0, 0.0, 1.0],
                [1.0, -0.0, 1e-06, -0.0, 0.0, 0.955308, 0.295613, 0.37472, -1e-06, -0.295614, 0.955307, -0.0, 0.0, 0.0, 0.0, 1.0],
                [1.0, -0.0, 1e-06, 0.0, 0.0, 0.955308, 0.295613, 0.37472, -1e-06, -0.295614, 0.955307, 0.0, 0.0, 0.0, 0.0, 1.0],
                [1.0, -0.0, 1e-06, -0.0, 0.0, 0.955308, 0.295613, 0.37472, -1e-06, -0.295614, 0.955307, -0.0, 0.0, 0.0, 0.0, 1.0],
                [1.0, -1e-06, 0.0, -0.0, -0.0, 0.318307, 0.947987, 0.37472, -1e-06, -0.947988, 0.318307, -0.0, 0.0, 0.0, 0.0, 1.0],
                [1.0, -1e-06, 0.0, -0.0, 0.0, 0.602337, 0.798242, 0.37472, -1e-06, -0.798243, 0.602336, -0.0, 0.0, 0.0, 0.0, 1.0],
                [1.0, -1e-06, 0.0, 0.0, 0.0, 0.435419, 0.900227, 0.37472, -1e-06, -0.900229, 0.435419, 0.0, 0.0, 0.0, 0.0, 1.0],
                [1.0, -1e-06, -0.0, -0.0, 0.0, -0.068145, 0.997675, 0.37472, -1e-06, -0.997676, -0.068145, -0.0, 0.0, 0.0, 0.0, 1.0],
                [1.0, -1e-06, 0.0, -0.0, 0.0, 0.435419, 0.900227, 0.37472, -1e-06, -0.900229, 0.435419, -0.0, 0.0, 0.0, 0.0, 1.0],
                [1.0, -1e-06, 0.0, 0.0, 0.0, 0.435419, 0.900227, 0.37472, -1e-06, -0.900229, 0.435419, -0.0, 0.0, 0.0, 0.0, 1.0],
                [1.0, -1e-06, 0.0, 0.0, 0.0, 0.435419, 0.900227, 0.37472, -1e-06, -0.900229, 0.435419, -0.0, 0.0, 0.0, 0.0, 1.0]
            ]
        },
        {
            "name": "Knee_R",
            "time": [0.0, 0.2167, 0.5667, 0.7167, 1.1833, 1.2833, 1.45, 1.6, 1.95, 2.0333, 2.0833, 2.3833, 2.7],
            "transform": [
                [1.0, 0.0, -0.0, 0.0, -0.0, 1e-06, -1.0, 0.37472, -0.0, 1.0, 1e-06, 0.0, 0.0, 0.0, 0.0, 1.0],
                [1.0, 0.0, -0.0, 0.0, -0.0, 1e-06, -1.0, 0.37472, -0.0, 1.0, 1e-06, 0.0, 0.0, 0.0, 0.0, 1.0],
                [1.0, 0.0, -0.0, 0.0, -0.0, 1e-06, -1.0, 0.37472, -0.0, 1.0, 1e-06, 0.0, 0.0, 0.0, 0.0, 1.0],
                [1.0, 0.0, -0.0, -0.0, -0.0, 1e-06, -1.0, 0.37472, -0.0, 1.0, 1e-06, -0.0, 0.0, 0.0, 0.0, 1.0],
                [1.0, 0.0, -0.0, -0.0, -0.0, 1e-06, -1.0, 0.37472, -0.0, 1.0, 1e-06, -0.0, 0.0, 0.0, 0.0, 1.0],
                [1.0, 0.0, -0.0, 0.0, -0.0, 1e-06, -1.0, 0.37472, -0.0, 1.0, 1e-06, 0.0, 0.0, 0.0, 0.0, 1.0],
                [1.0, 0.0, -0.0, -0.0, -0.0, 1e-06, -1.0, 0.37472, -0.0, 1.0, 1e-06, -0.0, 0.0, 0.0, 0.0, 1.0],
                [1.0, 0.0, -0.0, -0.0, -0.0, 1e-06, -1.0, 0.37472, -0.0, 1.0, 1e-06, -0.0, 0.0, 0.0, 0.0, 1.0],
                [1.0, 0.0, -0.0, 0.0, -0.0, 1e-06, -1.0, 0.37472, -0.0, 1.0, 1e-06, 0.0, 0.0, 0.0, 0.0, 1.0],
                [1.0, 0.0, -0.0, -0.0, -0.0, 1e-06, -1.0, 0.37472, -0.0, 1.0, 1e-06, -0.0, 0.0, 0.0, 0.0, 1.0],
                [1.0, 0.0, -0.0, -0.0, -0.0, 1e-06, -1.0, 0.37472, -0.0, 1.0, 1e-06, -0.0, 0.0, 0.0, 0.0, 1.0],
                [1.0, 0.0, -0.0, 0.0, -0.0, 1e-06, -1.0, 0.37472, -0.0, 1.0, 1e-06, -0.0, 0.0, 0.0, 0.0, 1.0],
                [1.0, 0.0, -0.0, 0.0, -0.0, 1e-06, -1.0, 0.37472, -0.0, 1.0, 1e-06, -0.0, 0.0, 0.0, 0.0, 1.0]
            ]
        },
        {
            "name": "Thigh_L",
            "time": [0.0, 0.1, 0.2167, 0.5667, 0.7167, 1.1833, 1.2833, 1.45, 1.5333, 1.6, 1.95, 2.0333, 2.0833, 2.3833, 2.7],
            "transform": [
                [0.869242, -0.05516, -0.491298, -0.125006, -0.021407, -0.997024, 0.074063, -0.002831, -0.493921, -0.053862, -0.867836, -1.2e-05, 0.0, 0.0, 0.0, 1.0],
                [0.869715, -0.170461, -0.463182, -0.125006, -0.099109, -0.979667, 0.17444, -0.002831, -0.483499, -0.105807, -0.868926, -1.2e-05, 0.0, 0.0, 0.0, 1.0],
                [0.86709, -0.130198, -0.480836, -0.125006, -0.179231, -0.982139, -0.057269, -0.002831, -0.464791, 0.135839, -0.874938, -1.2e-05, 0.0, 0.0, 0.0, 1.0],
                [0.86617, -0.138008, -0.480315, -0.125006, -0.195205, -0.978192, -0.07096, -0.002831, -0.460047, 0.155224, -0.874221, -1.2e-05, 0.0, 0.0, 0.0, 1.0],
                [0.877462, -0.180844, -0.444247, -0.125006, -0.244171, -0.965622, -0.089193, -0.002831, -0.412844, 0.186736, -0.891453, -1.2e-05, 0.0, 0.0, 0.0, 1.0],
                [0.873703, -0.1761, -0.453466, -0.125006, -0.267677, -0.9524, -0.145885, -0.002831, -0.40619, 0.248843, -0.879253, -1.2e-05, 0.0, 0.0, 0.0, 1.0],
                [0.797045, -0.291444, -0.528942, -0.125006, -0.380657, -0.922403, -0.065362, -0.002831, -0.468848, 0.253442, -0.846137, -1.2e-05, 0.0, 0.0, 0.0, 1.0],
                [0.776197, -0.317497, -0.544714, -0.125006, -0.404925, -0.913257, -0.044696, -0.002831, -0.483273, 0.255262, -0.83743, -1.2e-05, 0.0, 0.0, 0.0, 1.0],
                [0.942208, -0.053561, -0.330718, -0.125006, -0.018912, -0.994067, 0.107113, -0.002831, -0.334493, -0.094668, -0.937631, -1.2e-05, 0.0, 0.0, 0.0, 1.0],
                [0.639621, -0.36035, -0.678993, -0.125006, -0.070764, -0.907165, 0.414783, -0.002831, -0.765425, -0.217256, -0.605742, -1.2e-05, 0.0, 0.0, 0.0, 1.0],
                [0.599632, -0.3881, -0.69987, -0.125006, 0.056863, -0.851665, 0.520993, -0.002831, -0.798252, -0.352201, -0.488618, -1.2e-05, 0.0, 0.0, 0.0, 1.0],
                [0.84196, -0.214799, -0.494938, -0.125006, -0.264959, -0.963712, -0.032491, -0.002831, -0.469998, 0.158495, -0.86832, -1.2e-05, 0.0, 0.0, 0.0, 1.0],
                [0.880441, -0.350831, -0.318969, -0.125006, -0.401631, -0.909362, -0.108414, -0.002831, -0.252023, 0.22356, -0.941544, -1.2e-05, 0.0, 0.0, 0.0, 1.0],
                [0.893481, -0.366969, -0.258891, -0.125006, -0.422456, -0.88237, -0.20725, -0.002831, -0.152384, 0.294545, -0.94341, -1.2e-05, 0.0, 0.0, 0.0, 1.0],
                [0.893481, -0.366969, -0.258891, -0.125006, -0.422456, -0.88237, -0.20725, -0.002831, -0.152384, 0.294545, -0.94341, -1.2e-05, 0.0, 0.0, 0.0, 1.0]
            ]
        },
        {
            "name": "Leg_L",
            "time": [0.0, 0.1, 0.2167, 0.5667, 0.7167, 1.1833, 1.2833, 1.45, 1.6, 1.95, 2.0333, 2.0833, 2.3833, 2.7],
            "transform": [
                [0.999989, -0.003452, -0.00313, 0.0, 0.003782, 0.993653, 0.112423, 0.37472, 0.002722, -0.112434, 0.993656, 0.0, 0.0, 0.0, 0.0, 1.0],
                [0.999989, -0.000679, -0.00461, 0.0, 0.003782, 0.696164, 0.717873, 0.37472, 0.002722, -0.717882, 0.696159, 0.0, 0.0, 0.0, 0.0, 1.0],
                [0.999989, -0.003308, -0.003282, -0.0, 0.003782, 0.98761, 0.156879, 0.37472, 0.002723, -0.156889, 0.987613, -0.0, 0.0, 0.0, 0.0, 1.0],
                [0.999989, -0.003293, -0.003297, 0.0, 0.003782, 0.986868, 0.161483, 0.37472, 0.002723, -0.161494, 0.98687, -0.0, 0.0, 0.0, 0.0, 1.0],
                [0.999989, -0.002707, -0.003793, 0.0, 0.003782, 0.946996, 0.321222, 0.37472, 0.002722, -0.321233, 0.946997, 0.0, 0.0, 0.0, 0.0, 1.0],
                [0.999989, -0.003293, -0.003298, 0.0, 0.003782, 0.986868, 0.161483, 0.37472, 0.002722, -0.161494, 0.98687, -0.0, 0.0, 0.0, 0.0, 1.0],
                [0.999989, -0.003293, -0.003298, 0.0, 0.003782, 0.986868, 0.161483, 0.37472, 0.002722, -0.161494, 0.98687, 0.0, 0.0, 0.0, 0.0, 1.0],
                [0.999989, -0.003293, -0.003298, -0.0, 0.003782, 0.986868, 0.161483, 0.37472, 0.002722, -0.161494, 0.98687, 0.0, 0.0, 0.0, 0.0, 1.0],
                [0.999989, -0.003293, -0.003298, -0.0, 0.003782, 0.986868, 0.161483, 0.37472, 0.002722, -0.161494, 0.98687, 0.0, 0.0, 0.0, 0.0, 1.0],
                [0.999989, -0.003293, -0.003298, 0.0, 0.003782, 0.986868, 0.161483, 0.37472, 0.002722, -0.161494, 0.98687, -0.0, 0.0, 0.0, 0.0, 1.0],
                [0.999989, -0.003293, -0.003298, 0.0, 0.003782, 0.986868, 0.161483, 0.37472, 0.002723, -0.161494, 0.98687, -0.0, 0.0, 0.0, 0.0, 1.0],
                [0.999989, -0.003293, -0.003298, 0.0, 0.003782, 0.986868, 0.161483, 0.37472, 0.002723, -0.161494, 0.98687, -0.0, 0.0, 0.0, 0.0, 1.0],
                [0.999989, -0.003293, -0.003298, 0.0, 0.003782, 0.986868, 0.161483, 0.37472, 0.002722, -0.161494, 0.98687, -0.0, 0.0, 0.0, 0.0, 1.0],
                [0.999989, -0.003293, -0.003298, 0.0, 0.003782, 0.986868, 0.161483, 0.37472, 0.002722, -0.161494, 0.98687, -0.0, 0.0, 0.0, 0.0, 1.0]
            ]
        },
        {
            "name": "Knee_L",
            "time": [0.0, 0.2167, 0.5667, 0.7167, 1.1833, 1.2833, 1.45, 1.6, 1.95, 2.0333, 2.0833, 2.3833, 2.7],
            "transform": [
                [1.0, 0.0, -0.0, 0.0, -0.0, 1e-06, -1.0, 0.37472, -0.0, 1.0, 1e-06, 0.0, 0.0, 0.0, 0.0, 1.0],
                [1.0, 0.0, -0.0, -0.0, -0.0, 1e-06, -1.0, 0.37472, -0.0, 1.0, 1e-06, -0.0, 0.0, 0.0, 0.0, 1.0],
                [1.0, 0.0, -0.0, 0.0, -0.0, 1e-06, -1.0, 0.37472, -0.0, 1.0, 1e-06, -0.0, 0.0, 0.0, 0.0, 1.0],
                [1.0, -0.0, -0.0, 0.0, -0.0, 1e-06, -1.0, 0.37472, -0.0, 1.0, 1e-06, 0.0, 0.0, 0.0, 0.0, 1.0],
                [1.0, 0.0, -0.0, 0.0, -0.0, 1e-06, -1.0, 0.37472, -0.0, 1.0, 1e-06, -0.0, 0.0, 0.0, 0.0, 1.0],
                [1.0, 0.0, -0.0, 0.0, -0.0, 1e-06, -1.0, 0.37472, -0.0, 1.0, 1e-06, 0.0, 0.0, 0.0, 0.0, 1.0],
                [1.0, 0.0, -0.0, -0.0, -0.0, 1e-06, -1.0, 0.37472, -0.0, 1.0, 1e-06, 0.0, 0.0, 0.0, 0.0, 1.0],
                [1.0, 0.0, -0.0, -0.0, -0.0, 1e-06, -1.0, 0.37472, -0.0, 1.0, 1e-06, 0.0, 0.0, 0.0, 0.0, 1.0],
                [1.0, 0.0, -0.0, 0.0, -0.0, 1e-06, -1.0, 0.37472, -0.0, 1.0, 1e-06, -0.0, 0.0, 0.0, 0.0, 1.0],
                [1.0, 0.0, -0.0, 0.0, -0.0, 1e-06, -1.0, 0.37472, -0.0, 1.0, 1e-06, -0.0, 0.0, 0.0, 0.0, 1.0],
                [1.0, 0.0, -0.0, 0.0, -0.0, 1e-06, -1.0, 0.37472, -0.0, 1.0, 1e-06, -0.0, 0.0, 0.0, 0.0, 1.0],
                [1.0, 0.0, -0.0, 0.0, -0.0, 1e-06, -1.0, 0.37472, -0.0, 1.0, 1e-06, -0.0, 0.0, 0.0, 0.0, 1.0],
                [1.0, 0.0, -0.0, 0.0, -0.0, 1e-06, -1.0, 0.37472, -0.0, 1.0, 1e-06, -0.0, 0.0, 0.0, 0.0, 1.0]
            ]
        },
        {
            "name": "Torso",
            "time": [0.0, 0.2167, 0.5667, 0.7167, 1.1833, 1.2833, 1.45, 1.6, 1.95, 2.0333, 2.0833, 2.3833, 2.7],
            "transform": [
                [0.999042, -0.043673, -0.002705, 0.0, 0.04367, 0.999045, -0.001423, 0.05, 0.002765, 0.001304, 0.999995, -0.0, 0.0, 0.0, 0.0, 1.0],
                [0.999042, -0.043673, -0.002706, 0.0, 0.04367, 0.999045, -0.001423, 0.05, 0.002765, 0.001304, 0.999995, 0.0, 0.0, 0.0, 0.0, 1.0],
                [0.999042, -0.043673, -0.002706, 0.0, 0.04367, 0.999045, -0.001423, 0.05, 0.002765, 0.001304, 0.999995, 0.0, 0.0, 0.0, 0.0, 1.0],
                [0.999042, -0.043673, -0.002706, 0.0, 0.04367, 0.999045, -0.001423, 0.05, 0.002765, 0.001304, 0.999995, 0.0, 0.0, 0.0, 0.0, 1.0],
                [0.999042, -0.043673, -0.002706, 0.0, 0.04367, 0.999045, -0.001423, 0.05, 0.002765, 0.001304, 0.999995, 0.0, 0.0, 0.0, 0.0, 1.0],
                [0.999042, -0.043673, -0.002706, -0.0, 0.04367, 0.999045, -0.001423, 0.05, 0.002765, 0.001304, 0.999995, 0.0, 0.0, 0.0, 0.0, 1.0],
                [0.999042, -0.043673, -0.002706, 0.0, 0.04367, 0.999045, -0.001423, 0.05, 0.002765, 0.001304, 0.999995, 0.0, 0.0, 0.0, 0.0, 1.0],
                [0.999042, -0.043673, -0.002705, 0.0, 0.04367, 0.999045, -0.001423, 0.05, 0.002765, 0.001304, 0.999995, 0.0, 0.0, 0.0, 0.0, 1.0],
                [0.999042, -0.043673, -0.002706, -0.0, 0.04367, 0.999045, -0.001423, 0.05, 0.002765, 0.001304, 0.999995, 0.0, 0.0, 0.0, 0.0, 1.0],
                [0.999042, -0.043673, -0.002706, 0.0, 0.04367, 0.999045, -0.001423, 0.05, 0.002765, 0.001304, 0.999995, -0.0, 0.0, 0.0, 0.0, 1.0],
                [0.999042, -0.043673, -0.002706, 0.0, 0.04367, 0.999045, -0.001423, 0.05, 0.002765, 0.001304, 0.999995, 0.0, 0.0, 0.0, 0.0, 1.0],
                [0.999042, -0.043673, -0.002706, 0.0, 0.04367, 0.999045, -0.001423, 0.05, 0.002765, 0.001304, 0.999995, -0.0, 0.0, 0.0, 0.0, 1.0],
                [0.999042, -0.043673, -0.002706, 0.0, 0.04367, 0.999045, -0.001423, 0.05, 0.002765, 0.001304, 0.999995, -0.0, 0.0, 0.0, 0.0, 1.0]
            ]
        },
        {
            "name": "Chest",
            "time": [0.0, 0.2167, 0.5667, 0.7167, 1.1833, 1.2833, 1.45, 1.6, 1.95, 2.0333, 2.0833, 2.3833, 2.7],
            "transform": [
                [0.999771, -0.021316, -0.002029, 0.0, 0.021411, 0.994316, 0.104295, 0.3, -0.000206, -0.104315, 0.994544, 0.0, 0.0, 0.0, 0.0, 1.0],
                [0.957441, -0.006036, 0.288566, 0.0, -0.047652, 0.982756, 0.17866, 0.3, -0.284668, -0.184807, 0.940644, 0.0, 0.0, 0.0, 0.0, 1.0],
                [0.948175, -0.005838, 0.317696, -0.0, -0.055966, 0.981132, 0.185062, 0.3, -0.312782, -0.193251, 0.929958, 0.0, 0.0, 0.0, 0.0, 1.0],
                [0.948148, -0.037098, 0.315656, -0.0, -0.056154, 0.957986, 0.281263, 0.3, -0.312828, -0.284404, 0.90623, -0.0, 0.0, 0.0, 0.0, 1.0],
                [0.948175, -0.039581, 0.315275, 0.0, -0.055966, 0.955896, 0.288323, 0.3, -0.312782, -0.291025, 0.904142, 0.0, 0.0, 0.0, 0.0, 1.0],
                [0.98815, 0.052192, 0.144345, 0.0, -0.101535, 0.927525, 0.359706, 0.3, -0.11511, -0.370099, 0.921833, 0.0, 0.0, 0.0, 0.0, 1.0],
                [0.990846, 0.109508, 0.078947, -0.0, -0.117288, 0.987869, 0.101774, 0.3, -0.066844, -0.110102, 0.99167, 0.0, 0.0, 0.0, 0.0, 1.0],
                [0.912969, 0.110466, -0.39279, 0.0, -0.05766, 0.987923, 0.143818, 0.3, 0.403934, -0.108653, 0.908313, -0.0, 0.0, 0.0, 0.0, 1.0],
                [0.857194, 0.109508, -0.503217, 0.0, -0.037779, 0.987869, 0.150623, 0.3, 0.513607, -0.110102, 0.850932, -0.0, 0.0, 0.0, 0.0, 1.0],
                [0.889361, 0.109508, 0.443897, -0.0, -0.146846, 0.987869, 0.050505, 0.3, -0.432982, -0.110102, 0.894653, 0.0, 0.0, 0.0, 0.0, 1.0],
                [0.967226, 0.109508, 0.229091, -0.0, -0.131434, 0.987869, 0.082702, 0.3, -0.217255, -0.110102, 0.969886, -0.0, 0.0, 0.0, 0.0, 1.0],
                [0.939589, 0.109508, 0.324315, -0.0, -0.139019, 0.987869, 0.069196, 0.3, -0.312803, -0.110102, 0.943415, 0.0, 0.0, 0.0, 0.0, 1.0],
                [0.939589, 0.109508, 0.324315, -0.0, -0.139019, 0.987869, 0.069196, 0.3, -0.312803, -0.110102, 0.943415, 0.0, 0.0, 0.0, 0.0, 1.0]
            ]
        },
        {
            "name": "Head",
            "time": [0.0, 0.2167, 0.5667, 0.7167, 1.1833, 1.2833, 1.45, 1.5333, 1.6, 1.95, 2.0333, 2.0833, 2.3833, 2.7],
            "transform": [
                [0.85311, 0.037721, 0.520365, -0.0, -0.006297, 0.998055, -0.062025, 0.4, -0.521692, 0.049637, 0.851689, -0.0, 0.0, 0.0, 0.0, 1.0],
                [0.976189, 0.036674, -0.2138, 0.0, -0.046384, 0.998099, -0.040575, 0.4, 0.211905, 0.049525, 0.976035, -0.0, 0.0, 0.0, 0.0, 1.0],
                [0.956716, 0.03658, -0.288716, -0.0, -0.049279, 0.998106, -0.036837, 0.4, 0.286821, 0.04947, 0.956706, 0.0, 0.0, 0.0, 0.0, 1.0],
                [0.957066, -0.005852, -0.289811, -0.0, -0.049088, 0.982084, -0.181937, 0.4, 0.285684, 0.188352, 0.939632, -0.0, 0.0, 0.0, 0.0, 1.0],
                [0.956716, -0.009659, -0.290863, 0.0, -0.049279, 0.97964, -0.194622, 0.4, 0.286821, 0.200531, 0.936761, 0.0, 0.0, 0.0, 0.0, 1.0],
                [0.820269, 0.059189, -0.568907, 0.0, -0.157919, 0.979407, -0.125796, 0.4, 0.549746, 0.193027, 0.812724, -0.0, 0.0, 0.0, 0.0, 1.0],
                [0.774822, -0.056316, -0.629666, 0.0, -0.017218, 0.993775, -0.110069, 0.4, 0.631944, 0.096125, 0.769029, -0.0, 0.0, 0.0, 0.0, 1.0],
                [0.959149, -0.11799, 0.257122, 0.0, 0.080584, 0.98517, 0.151477, 0.4, -0.271181, -0.124569, 0.954433, 0.0, 0.0, 0.0, 0.0, 1.0],
                [0.694648, -0.056316, 0.717142, -0.0, 0.108155, 0.993775, -0.026723, 0.4, -0.711172, 0.096125, 0.696415, 0.0, 0.0, 0.0, 0.0, 1.0],
                [0.694648, -0.056316, 0.717142, 0.0, 0.108155, 0.993775, -0.026723, 0.4, -0.711172, 0.096125, 0.696415, -0.0, 0.0, 0.0, 0.0, 1.0],
                [0.298745, -0.056316, -0.95267, -0.0, -0.075095, 0.993775, -0.082294, 0.4, 0.951374, 0.096125, 0.292656, -0.0, 0.0, 0.0, 0.0, 1.0],
                [0.521658, -0.056316, -0.851294, 0.0, -0.052804, 0.993775, -0.098099, 0.4, 0.851519, 0.096125, 0.515436, -0.0, 0.0, 0.0, 0.0, 1.0],
                [0.33084, -0.056316, -0.942005, 0.0, -0.072264, 0.993775, -0.084791, 0.4, 0.940916, 0.096125, 0.324711, 0.0, 0.0, 0.0, 0.0, 1.0],
                [0.33084, -0.056316, -0.942005, 0.0, -0.072264, 0.993775, -0.084791, 0.4, 0.940916, 0.096125, 0.324711, 0.0, 0.0, 0.0, 0.0, 1.0]
            ]
        },
        {
            "name": "Shoulder_R",
            "time": [0.0, 0.2167, 0.5667, 0.7167, 1.1833, 1.2833, 1.45, 1.6, 1.95, 2.0333, 2.0833, 2.3833, 2.7],
            "transform": [
                [0.110305, 0.959352, 0.259762, -0.0, 0.091141, -0.270019, 0.958532, 0.4, 0.98971, -0.082056, -0.11722, -0.0, 0.0, 0.0, 0.0, 1.0],
                [0.557747, 0.788316, 0.259762, 0.0, -0.049829, -0.280595, 0.958532, 0.4, 0.828514, -0.547562, -0.11722, -0.0, 0.0, 0.0, 0.0, 1.0],
                [0.597643, 0.758516, 0.259762, -0.0, -0.064227, -0.277654, 0.958532, 0.4, 0.799185, -0.589544, -0.11722, 0.0, 0.0, 0.0, 0.0, 1.0],
                [0.451942, 0.853389, 0.259762, -0.0, -0.013398, -0.28467, 0.958532, 0.4, 0.891947, -0.436681, -0.11722, -0.0, 0.0, 0.0, 0.0, 1.0],
                [0.438604, 0.86032, 0.259762, 0.0, -0.008966, -0.284844, 0.958532, 0.4, 0.898636, -0.422745, -0.11722, 0.0, 0.0, 0.0, 0.0, 1.0],
                [0.048613, 0.926403, 0.373382, 0.0, 0.102084, -0.376475, 0.920785, 0.4, 0.993587, -0.006646, -0.112872, -0.0, 0.0, 0.0, 0.0, 1.0],
                [-0.046306, 0.915541, 0.39955, 0.0, 0.133612, -0.390709, 0.910766, 0.4, 0.989951, 0.095559, -0.104235, -0.0, 0.0, 0.0, 0.0, 1.0],
                [-0.234703, 0.885819, 0.400298, -0.0, 0.210742, -0.355638, 0.910554, 0.4, 0.948948, 0.298069, -0.10321, 0.0, 0.0, 0.0, 0.0, 1.0],
                [-0.272516, 0.875268, 0.39955, 0.0, 0.226571, -0.345211, 0.910766, 0.4, 0.935094, 0.338725, -0.104235, -0.0, 0.0, 0.0, 0.0, 1.0],
                [-0.037062, 0.915962, 0.39955, -0.0, 0.129661, -0.392037, 0.910766, 0.4, 0.990865, 0.085561, -0.104235, -0.0, 0.0, 0.0, 0.0, 1.0],
                [0.079637, 0.913245, 0.39955, 0.0, 0.07879, -0.405336, 0.910766, 0.4, 0.993705, -0.04105, -0.104235, -0.0, 0.0, 0.0, 0.0, 1.0],
                [0.126761, 0.907905, 0.39955, 0.0, 0.057722, -0.408868, 0.910766, 0.4, 0.990252, -0.092386, -0.104235, 0.0, 0.0, 0.0, 0.0, 1.0],
                [0.126761, 0.907905, 0.39955, 0.0, 0.057722, -0.408868, 0.910766, 0.4, 0.990252, -0.092386, -0.104235, 0.0, 0.0, 0.0, 0.0, 1.0]
            ]
        },
        {
            "name": "Arm_R",
            "time": [0.0, 0.2167, 0.5667, 0.7167, 1.1833, 1.2833, 1.45, 1.5333, 1.6, 1.95, 2.0333, 2.0833, 2.3833, 2.7],
            "transform": [
                [0.02437, 0.061937, -0.997782, -0.0, 0.945036, 0.324099, 0.0432, 0.393861, 0.326056, -0.943994, -0.050634, 0.0, 0.0, 0.0, 0.0, 1.0],
                [-0.605166, -0.796032, 0.010356, 0.0, -0.240709, 0.170563, -0.955493, 0.393861, 0.758837, -0.580725, -0.294831, 0.0, 0.0, 0.0, 0.0, 1.0],
                [-0.472234, -0.869884, 0.14247, -0.0, -0.440363, 0.092803, -0.89301, 0.39386, 0.763594, -0.484448, -0.426889, 0.0, 0.0, 0.0, 0.0, 1.0],
                [-0.30338, -0.94421, -0.12817, 0.0, -0.680669, 0.308876, -0.664293, 0.39386, 0.666821, -0.114292, -0.736401, -0.0, 0.0, 0.0, 0.0, 1.0],
                [-0.299346, -0.942177, -0.150645, -0.0, -0.692866, 0.323197, -0.644578, 0.39386, 0.655995, -0.088575, -0.74955, -0.0, 0.0, 0.0, 0.0, 1.0],
                [0.19821, -0.637635, -0.744402, 0.0, 0.609149, 0.675128, -0.416101, 0.39386, 0.767887, -0.370976, 0.522232, 0.0, 0.0, 0.0, 0.0, 1.0],
                [0.611139, -0.603852, -0.511735, 0.0, 0.76033, 0.627574, 0.167479, 0.393861, 0.220019, -0.49144, 0.842661, -0.0, 0.0, 0.0, 0.0, 1.0],
                [0.042235, -0.316027, -0.94781, -0.0, 0.123927, 0.942987, -0.308897, 0.39386, 0.991392, -0.104413, 0.078991, 0.0, 0.0, 0.0, 0.0, 1.0],
                [0.438798, -0.175479, -0.881285, 0.0, -0.165943, 0.948054, -0.271397, 0.393861, 0.883131, 0.265332, 0.386885, 0.0, 0.0, 0.0, 0.0, 1.0],
                [0.272265, -0.125843, -0.953958, -0.0, -0.488407, 0.836129, -0.249694, 0.393861, 0.829054, 0.533903, 0.166186, 0.0, 0.0, 0.0, 0.0, 1.0],
                [0.167913, -0.270252, -0.948034, 0.0, -0.532346, 0.784553, -0.317937, 0.39386, 0.829706, 0.558068, -0.012131, -0.0, 0.0, 0.0, 0.0, 1.0],
                [0.133915, -0.493532, -0.859356, -0.0, -0.540364, 0.690542, -0.480788, 0.39386, 0.830706, 0.52875, -0.174213, -0.0, 0.0, 0.0, 0.0, 1.0],
                [0.123637, -0.19265, -0.973447, 0.0, -0.541919, 0.808667, -0.228868, 0.39386, 0.831287, 0.555826, -0.00442, -0.0, 0.0, 0.0, 0.0, 1.0],
                [0.123637, -0.19265, -0.973447, 0.0, -0.541919, 0.808667, -0.228868, 0.39386, 0.831287, 0.555826, -0.00442, -0.0, 0.0, 0.0, 0.0, 1.0]
            ]
        },
        {
            "name": "Hand_R",
            "time": [0.0, 0.2167, 0.5667, 0.7167, 1.1833, 1.2833, 1.45, 1.6, 1.95, 2.0333, 2.0833, 2.3833, 2.7],
            "transform": [
                [0.999998, -0.000405, 0.001778, 0.0, 0.000868, 0.963176, -0.268872, 0.3, -0.001603, 0.268873, 0.963174, 0.0, 0.0, 0.0, 0.0, 1.0],
                [0.999998, -0.000405, 0.001778, -0.0, 0.000868, 0.963176, -0.268872, 0.3, -0.001603, 0.268873, 0.963174, -0.0, 0.0, 0.0, 0.0, 1.0],
                [0.999998, -0.000405, 0.001778, 0.0, 0.000868, 0.963176, -0.268872, 0.3, -0.001603, 0.268873, 0.963174, -0.0, 0.0, 0.0, 0.0, 1.0],
                [0.999998, -0.000405, 0.001778, -0.0, 0.000868, 0.963176, -0.268872, 0.3, -0.001603, 0.268873, 0.963174, 0.0, 0.0, 0.0, 0.0, 1.0],
                [0.999998, -0.000405, 0.001778, -0.0, 0.000868, 0.963176, -0.268872, 0.3, -0.001603, 0.268873, 0.963174, 0.0, 0.0, 0.0, 0.0, 1.0],
                [0.999998, -0.000774, 0.001651, -0.0, 0.000868, 0.998327, -0.057823, 0.3, -0.001603, 0.057824, 0.998326, 0.0, 0.0, 0.0, 0.0, 1.0],
                [0.999998, -0.00086, 0.001608, -0.0, 0.000868, 0.999986, -0.005236, 0.3, -0.001603, 0.005237, 0.999985, 0.0, 0.0, 0.0, 0.0, 1.0],
                [0.999998, 0.000517, 0.001748, 0.0, 0.000868, 0.708489, -0.705721, 0.3, -0.001603, 0.705721, 0.708488, -0.0, 0.0, 0.0, 0.0, 1.0],
                [0.999998, 0.000921, 0.001574, 0.0, 0.000868, 0.518524, -0.855062, 0.3, -0.001603, 0.855062, 0.518523, -0.0, 0.0, 0.0, 0.0, 1.0],
                [0.999998, -0.000808, 0.001635, 0.0, 0.000868, 0.999307, -0.037219, 0.3, -0.001603, 0.037221, 0.999306, 0.0, 0.0, 0.0, 0.0, 1.0],
                [0.999998, -0.000178, 0.001814, 0.0, 0.000868, 0.921778, -0.387717, 0.3, -0.001603, 0.387718, 0.921777, -0.0, 0.0, 0.0, 0.0, 1.0],
                [0.999998, -0.000328, 0.001794, 0.0, 0.000868, 0.950647, -0.310273, 0.3, -0.001603, 0.310274, 0.950646, -0.0, 0.0, 0.0, 0.0, 1.0],
                [0.999998, -0.000328, 0.001794, 0.0, 0.000868, 0.950647, -0.310273, 0.3, -0.001603, 0.310274, 0.950646, -0.0, 0.0, 0.0, 0.0, 1.0]
            ]
        },
        {
            "name": "Tool_R",
            "time": [0.0, 0.2167, 0.5667, 0.7167, 1.1833, 1.2833, 1.45, 1.6, 1.95, 2.0333, 2.0833, 2.3833, 2.7],
            "transform": [
                [0.993314, -0.054493, -0.101777, 0.015054, -0.088154, -0.927265, -0.363881, 0.243316, -0.074502, 0.37019, -0.925324, 0.024459, 0.0, 0.0, 0.0, 1.0],
                [0.639442, 0.642969, 0.421551, 0.015054, 0.764491, -0.589964, -0.259801, 0.243316, 0.081616, 0.488104, -0.86828, 0.024459, 0.0, 0.0, 0.0, 1.0],
                [0.551457, 0.694292, 0.462444, 0.015054, 0.829843, -0.513177, -0.219112, 0.243316, 0.085146, 0.504283, -0.858642, 0.024459, 0.0, 0.0, 0.0, 1.0],
                [0.554209, 0.822885, 0.125352, 0.015054, 0.821321, -0.565075, 0.078245, 0.243316, 0.135149, 0.059549, -0.988435, 0.024459, 0.0, 0.0, 0.0, 1.0],
                [0.557541, 0.824745, 0.094574, 0.015054, 0.818372, -0.565174, 0.104138, 0.243316, 0.139264, 0.019318, -0.989469, 0.024459, 0.0, 0.0, 0.0, 1.0],
                [0.990492, 0.134442, -0.029158, 0.015054, 0.119798, -0.947146, -0.297594, 0.243316, -0.067584, 0.291089, -0.953685, 0.024459, 0.0, 0.0, 0.0, 1.0],
                [0.993314, -0.054493, -0.101777, 0.015054, -0.088154, -0.927265, -0.363881, 0.243316, -0.074502, 0.37019, -0.925324, 0.024459, 0.0, 0.0, 0.0, 1.0],
                [0.992791, -0.104681, -0.058384, 0.015054, -0.093557, -0.981255, 0.168478, 0.243316, -0.074883, -0.161716, -0.983391, 0.024459, 0.0, 0.0, 0.0, 1.0],
                [0.993317, -0.107856, -0.041098, 0.015053, -0.088121, -0.938636, 0.333461, 0.243316, -0.074499, -0.327427, -0.941306, 0.024459, 0.0, 0.0, 0.0, 1.0],
                [0.264473, 0.951987, -0.15419, 0.015054, 0.064997, -0.177115, -0.982042, 0.243316, -0.96163, 0.249552, -0.108664, 0.024459, 0.0, 0.0, 0.0, 1.0],
                [-0.189056, 0.979377, -0.071257, 0.027236, -0.338052, -0.133043, -0.931676, 0.265101, -0.9214, -0.151962, 0.356012, 0.083835, 0.0, 0.0, 0.0, 1.0],
                [-0.174406, 0.965809, -0.19182, 0.015054, -0.26417, -0.233558, -0.93577, 0.243316, -0.948017, -0.112467, 0.295687, 0.024459, 0.0, 0.0, 0.0, 1.0],
                [-0.174406, 0.965809, -0.19182, 0.015054, -0.26417, -0.233558, -0.93577, 0.243316, -0.948017, -0.112467, 0.295687, 0.024459, 0.0, 0.0, 0.0, 1.0]
            ]
        },
        {
            "name": "Elbow_R",
            "time": [0.0, 0.2167, 0.5667, 0.7167, 1.1833, 1.2833, 1.45, 1.6, 1.95, 2.0333, 2.0833, 2.3833, 2.7],
            "transform": [
                [-1.0, 0.0, -0.0, -0.0, 0.0, -0.0, -1.0, 0.341622, -0.0, -1.0, 0.0, 0.0, 0.0, 0.0, 0.0, 1.0],
                [-1.0, 0.0, 0.0, 0.0, -0.0, -0.0, -1.0, 0.341622, -0.0, -1.0, 0.0, -0.0, 0.0, 0.0, 0.0, 1.0],
                [-1.0, 0.0, 0.0, -0.0, 0.0, -0.0, -1.0, 0.341622, -0.0, -1.0, 0.0, -0.0, 0.0, 0.0, 0.0, 1.0],
                [-1.0, 0.0, -0.0, -0.0, 0.0, -0.0, -1.0, 0.341622, -0.0, -1.0, 0.0, 0.0, 0.0, 0.0, 0.0, 1.0],
                [-1.0, 0.0, -0.0, -0.0, 0.0, -0.0, -1.0, 0.341622, -0.0, -1.0, 0.0, 0.0, 0.0, 0.0, 0.0, 1.0],
                [-1.0, 0.0, -0.0, -0.0, 0.0, 0.0, -1.0, 0.341622, -0.0, -1.0, 0.0, 0.0, 0.0, 0.0, 0.0, 1.0],
                [-1.0, 0.0, -0.0, -0.0, 0.0, -0.0, -1.0, 0.341622, -0.0, -1.0, 0.0, 0.0, 0.0, 0.0, 0.0, 1.0],
                [-1.0, 0.0, -0.0, 0.0, 0.0, -0.0, -1.0, 0.341622, -0.0, -1.0, 0.0, -0.0, 0.0, 0.0, 0.0, 1.0],
                [-1.0, 0.0, -0.0, -0.0, 0.0, -0.0, -1.0, 0.341622, -0.0, -1.0, 0.0, -0.0, 0.0, 0.0, 0.0, 1.0],
                [-1.0, 0.0, -0.0, -0.0, 0.0, -0.0, -1.0, 0.341622, -0.0, -1.0, 0.0, 0.0, 0.0, 0.0, 0.0, 1.0],
                [-1.0, 0.0, -0.0, 0.0, 0.0, -0.0, -1.0, 0.341622, -0.0, -1.0, 0.0, 0.0, 0.0, 0.0, 0.0, 1.0],
                [-1.0, 0.0, -0.0, 0.0, 0.0, -0.0, -1.0, 0.341622, -0.0, -1.0, 0.0, -0.0, 0.0, 0.0, 0.0, 1.0],
                [-1.0, 0.0, -0.0, 0.0, 0.0, -0.0, -1.0, 0.341622, -0.0, -1.0, 0.0, -0.0, 0.0, 0.0, 0.0, 1.0]
            ]
        },
        {
            "name": "Shoulder_L",
            "time": [0.0, 0.2167, 0.5667, 0.7167, 1.1833, 1.2833, 1.45, 1.6, 1.95, 2.0333, 2.0833, 2.3833, 2.7],
            "transform": [
                [-0.226937, -0.947819, -0.223918, -0.0, -0.021067, -0.225085, 0.974111, 0.4, -0.973681, 0.225779, 0.031113, -0.0, 0.0, 0.0, 0.0, 1.0],
                [-0.226937, -0.947819, -0.223918, 0.0, -0.021067, -0.225085, 0.974111, 0.4, -0.973681, 0.225779, 0.031113, -0.0, 0.0, 0.0, 0.0, 1.0],
                [-0.226937, -0.947819, -0.223918, -0.0, -0.021067, -0.225085, 0.974111, 0.4, -0.973681, 0.225779, 0.031113, 0.0, 0.0, 0.0, 0.0, 1.0],
                [-0.226937, -0.889334, -0.396969, -0.0, -0.021067, -0.403026, 0.914946, 0.4, -0.973681, 0.215998, 0.072726, -0.0, 0.0, 0.0, 0.0, 1.0],
                [-0.226937, -0.88278, -0.411337, 0.0, -0.021067, -0.417808, 0.908291, 0.4, -0.973682, 0.214791, 0.076219, 0.0, 0.0, 0.0, 0.0, 1.0],
                [-0.094606, -0.932045, -0.349775, 0.0, 0.0422, -0.354789, 0.933993, 0.4, -0.99462, 0.0736, 0.072898, -0.0, 0.0, 0.0, 0.0, 1.0],
                [-0.061027, -0.940471, -0.334351, 0.0, 0.055989, -0.337674, 0.939597, 0.4, -0.996564, 0.038621, 0.073263, -0.0, 0.0, 0.0, 0.0, 1.0],
                [-0.061027, -0.94047, -0.334351, -0.0, 0.055989, -0.337674, 0.939597, 0.4, -0.996565, 0.038621, 0.073263, 0.0, 0.0, 0.0, 0.0, 1.0],
                [-0.061027, -0.940471, -0.334351, 0.0, 0.055989, -0.337674, 0.939597, 0.4, -0.996565, 0.038621, 0.073263, -0.0, 0.0, 0.0, 0.0, 1.0],
                [-0.061027, -0.940471, -0.334351, -0.0, 0.055989, -0.337674, 0.939597, 0.4, -0.996564, 0.038621, 0.073263, -0.0, 0.0, 0.0, 0.0, 1.0],
                [-0.061027, -0.940471, -0.334351, 0.0, 0.055989, -0.337674, 0.939597, 0.4, -0.996565, 0.038621, 0.073263, -0.0, 0.0, 0.0, 0.0, 1.0],
                [-0.061027, -0.940471, -0.334351, 0.0, 0.055989, -0.337674, 0.939597, 0.4, -0.996564, 0.038621, 0.073263, 0.0, 0.0, 0.0, 0.0, 1.0],
                [-0.061027, -0.940471, -0.334351, 0.0, 0.055989, -0.337674, 0.939597, 0.4, -0.996564, 0.038621, 0.073263, 0.0, 0.0, 0.0, 0.0, 1.0]
            ]
        },
        {
            "name": "Arm_L",
            "time": [0.0, 0.2167, 0.5667, 0.7167, 1.1833, 1.2833, 1.45, 1.6, 1.95, 2.0333, 2.0833, 2.3833, 2.7],
            "transform": [
                [0.028967, 0.056681, 0.997972, 0.0, -0.931842, 0.362807, 0.006442, 0.39386, -0.361707, -0.930138, 0.063327, -0.0, 0.0, 0.0, 0.0, 1.0],
                [-0.495767, 0.668964, 0.553807, 0.0, -0.633369, 0.157791, -0.757592, 0.39386, -0.594188, -0.726353, 0.345474, 0.0, 0.0, 0.0, 0.0, 1.0],
                [-0.523484, 0.709574, 0.471666, 0.0, -0.579933, 0.108826, -0.807362, 0.39386, -0.624213, -0.696176, 0.354537, -0.0, 0.0, 0.0, 0.0, 1.0],
                [-0.493494, 0.810784, 0.31479, -0.0, -0.301941, 0.179716, -0.936234, 0.39386, -0.815656, -0.557074, 0.15612, 0.0, 0.0, 0.0, 0.0, 1.0],
                [-0.487448, 0.817343, 0.307156, -0.0, -0.280964, 0.186243, -0.941474, 0.39386, -0.826713, -0.545219, 0.13886, 0.0, 0.0, 0.0, 0.0, 1.0],
                [-0.387411, 0.197379, 0.90053, -0.0, -0.63248, 0.653773, -0.41539, 0.39386, -0.670732, -0.730494, -0.128441, 0.0, 0.0, 0.0, 0.0, 1.0],
                [-0.325691, -0.046892, 0.944313, 0.0, -0.777835, 0.581078, -0.239418, 0.39386, -0.537492, -0.812496, -0.225726, 0.0, 0.0, 0.0, 0.0, 1.0],
                [-0.243808, 0.220977, 0.944313, -0.0, -0.048409, 0.969709, -0.239418, 0.39386, -0.968614, -0.104085, -0.225726, 0.0, 0.0, 0.0, 0.0, 1.0],
                [-0.175492, 0.278345, 0.944313, -0.0, 0.213843, 0.947074, -0.239418, 0.39386, -0.960975, 0.159918, -0.225726, -0.0, 0.0, 0.0, 0.0, 1.0],
                [-0.167433, 0.591569, 0.788677, -0.0, 0.219626, 0.802248, -0.555124, 0.39386, -0.961109, 0.080268, -0.264247, -0.0, 0.0, 0.0, 0.0, 1.0],
                [-0.170624, 0.712578, 0.680529, -0.0, 0.215898, 0.70091, -0.679789, 0.39386, -0.961393, 0.030937, -0.273436, 0.0, 0.0, 0.0, 0.0, 1.0],
                [-0.175492, 0.753042, 0.634138, -0.0, 0.213843, 0.657912, -0.722096, 0.393861, -0.960976, 0.008884, -0.276491, 0.0, 0.0, 0.0, 0.0, 1.0],
                [-0.175492, 0.753042, 0.634138, -0.0, 0.213843, 0.657912, -0.722096, 0.393861, -0.960976, 0.008884, -0.276491, 0.0, 0.0, 0.0, 0.0, 1.0]
            ]
        },
        {
            "name": "Hand_L",
            "time": [0.0, 0.2167, 0.5667, 0.7167, 1.1833, 1.2833, 1.45, 1.6, 1.95, 2.0333, 2.0833, 2.3833, 2.7],
            "transform": [
                [0.999993, -0.001541, -0.00347, 0.0, 0.000938, 0.985901, -0.167329, 0.3, 0.003679, 0.167324, 0.985895, 0.0, 0.0, 0.0, 0.0, 1.0],
                [0.999993, -0.002528, -0.002833, 0.0, 0.000938, 0.887459, -0.460887, 0.3, 0.003679, 0.460881, 0.887454, 0.0, 0.0, 0.0, 0.0, 1.0],
                [0.999993, -0.002618, -0.00275, -0.0, 0.000938, 0.872165, -0.489211, 0.3, 0.003679, 0.489205, 0.872162, 0.0, 0.0, 0.0, 0.0, 1.0],
                [0.999993, -0.002, -0.003227, -0.0, 0.000938, 0.953808, -0.300416, 0.3, 0.003679, 0.30041, 0.953803, -0.0, 0.0, 0.0, 0.0, 1.0],
                [0.999993, -0.001942, -0.003262, 0.0, 0.000938, 0.958999, -0.283408, 0.3, 0.003679, 0.283403, 0.958994, 0.0, 0.0, 0.0, 0.0, 1.0],
                [0.999993, -0.001942, -0.003262, -0.0, 0.000938, 0.958999, -0.283408, 0.3, 0.003679, 0.283403, 0.958994, 0.0, 0.0, 0.0, 0.0, 1.0],
                [0.999993, -0.001942, -0.003262, -0.0, 0.000938, 0.958999, -0.283408, 0.3, 0.003679, 0.283403, 0.958994, -0.0, 0.0, 0.0, 0.0, 1.0],
                [0.999993, -0.003527, -0.001407, 0.0, 0.000938, 0.588546, -0.808463, 0.3, 0.003679, 0.808456, 0.588545, -0.0, 0.0, 0.0, 0.0, 1.0],
                [0.999993, -0.003739, -0.000659, -0.0, 0.000938, 0.411635, -0.911349, 0.3, 0.003679, 0.911342, 0.411635, 0.0, 0.0, 0.0, 0.0, 1.0],
                [0.999993, -0.003739, -0.00066, 0.0, 0.000938, 0.411634, -0.911349, 0.3, 0.003679, 0.911342, 0.411635, -0.0, 0.0, 0.0, 0.0, 1.0],
                [0.999993, -0.003739, -0.00066, -0.0, 0.000938, 0.411634, -0.911349, 0.3, 0.003679, 0.911342, 0.411635, 0.0, 0.0, 0.0, 0.0, 1.0],
                [0.999993, -0.003739, -0.00066, -0.0, 0.000938, 0.411635, -0.911349, 0.3, 0.003679, 0.911342, 0.411635, -0.0, 0.0, 0.0, 0.0, 1.0],
                [0.999993, -0.003739, -0.00066, -0.0, 0.000938, 0.411635, -0.911349, 0.3, 0.003679, 0.911342, 0.411635, -0.0, 0.0, 0.0, 0.0, 1.0]
            ]
        },
        {
            "name": "Tool_L",
            "time": [0.0, 0.2167, 0.5667, 0.7167, 1.1833, 1.2833, 1.45, 1.6, 1.95, 2.0333, 2.0833, 2.3833, 2.7],
            "transform": [
                [0.997004, 0.01104, -0.076554, -0.0, -0.036659, -0.804079, -0.593391, 0.272858, -0.068067, 0.594062, -0.8008, -0.0, 0.0, 0.0, 0.0, 1.0],
                [0.997004, 0.01104, -0.076554, -0.0, -0.036659, -0.804079, -0.593391, 0.272858, -0.068067, 0.594062, -0.8008, -0.0, 0.0, 0.0, 0.0, 1.0],
                [0.997004, 0.01104, -0.076554, 0.0, -0.036659, -0.804079, -0.593391, 0.272858, -0.068067, 0.594062, -0.8008, -0.0, 0.0, 0.0, 0.0, 1.0],
                [0.997004, 0.01104, -0.076554, -0.0, -0.036659, -0.804079, -0.593391, 0.272858, -0.068067, 0.594062, -0.8008, -0.0, 0.0, 0.0, 0.0, 1.0],
                [0.997004, 0.01104, -0.076554, -0.0, -0.036659, -0.804079, -0.593391, 0.272858, -0.068067, 0.594062, -0.8008, -0.0, 0.0, 0.0, 0.0, 1.0],
                [0.997004, 0.01104, -0.076554, 0.0, -0.036659, -0.804079, -0.593391, 0.272858, -0.068067, 0.594062, -0.8008, -0.0, 0.0, 0.0, 0.0, 1.0],
                [0.997004, 0.01104, -0.076554, -0.0, -0.036659, -0.804079, -0.593391, 0.272858, -0.068067, 0.594062, -0.8008, -0.0, 0.0, 0.0, 0.0, 1.0],
