{
    "animation": [
        {
            "name": "Root",
            "time": [0.0, 0.1167, 0.3833, 0.4667, 0.5333, 0.8833, 0.9667, 1.0167, 1.3167],
            "transform": [
                [0.854339, 0.028643, -0.518927, -5e-06, -0.51914, 0.0, -0.854689, 0.000946, -0.024481, 0.99959, 0.01487, 0.753683, 0.0, 0.0, 0.0, 1.0],
                [0.877204, 0.017073, 0.479814, -5e-06, 0.479336, 0.025881, -0.87725, 0.000946, -0.027395, 0.999519, 0.01452, 0.689039, 0.0, 0.0, 0.0, 1.0],
                [0.720982, 0.010839, 0.692869, -5e-06, 0.692366, 0.02991, -0.720927, 0.000946, -0.028537, 0.999494, 0.01406, 0.672581, 0.0, 0.0, 0.0, 1.0],
                [0.990591, 0.051855, -0.126653, 0.007993, -0.112479, -0.218714, -0.969285, -0.612885, -0.077963, 0.97441, -0.210823, 0.738943, 0.0, 0.0, 0.0, 1.0],
                [0.742184, 0.061756, -0.667345, -5e-06, -0.656924, -0.130151, -0.742638, -0.910308, -0.132718, 0.989569, -0.056027, 0.617593, 0.0, 0.0, 0.0, 1.0],
                [0.395049, 0.029111, -0.918199, -5e-06, -0.902997, -0.171475, -0.393945, -1.200528, -0.168916, 0.984758, -0.041454, 0.60394, 0.0, 0.0, 0.0, 1.0],
                [0.703506, 0.224047, 0.67445, 0.042498, 0.652664, 0.171905, -0.737888, 0.713985, -0.281263, 0.959297, -0.025292, 0.63432, 0.0, 0.0, 0.0, 1.0],
                [0.781326, 0.116489, 0.613156, -5e-06, 0.599445, 0.13346, -0.789211, 1.586131, -0.173766, 0.984184, 0.034447, 0.566051, 0.0, 0.0, 0.0, 1.0],
                [0.637378, 0.086609, 0.765669, -5e-06, 0.74891, 0.164216, -0.642002, 1.959254, -0.181338, 0.982615, 0.039806, 0.562379, 0.0, 0.0, 0.0, 1.0]
            ]
        },
        {
            "name": "Thigh_R",
            "time": [0.0, 0.1167, 0.3833, 0.4667, 0.5333, 0.8833, 0.9667, 1.0167, 1.3167],
            "transform": [
                [0.992811, 0.11785, -0.020883, 0.124994, 0.118536, -0.992318, 0.035348, -0.002831, -0.016557, -0.037569, -0.999157, -1.2e-05, 0.0, 0.0, 0.0, 1.0],
                [0.91536, 0.227374, 0.332289, 0.124994, 0.091782, -0.921388, 0.377645, -0.002831, 0.392034, -0.315182, -0.864274, -1.2e-05, 0.0, 0.0, 0.0, 1.0],
                [0.857441, 0.359981, 0.367706, 0.124994, 0.095809, -0.813758, 0.573251, -0.002831, 0.505584, -0.456298, -0.732241, -1.2e-05, 0.0, 0.0, 0.0, 1.0],
                [0.879512, 0.47317, 0.05066, 0.124994, 0.31872, -0.664762, 0.675653, -0.002831, 0.353376, -0.578098, -0.735478, -1.2e-05, 0.0, 0.0, 0.0, 1.0],
                [0.863392, 0.504461, 0.008443, 0.124994, 0.444515, -0.768492, 0.460244, -0.002831, 0.238663, -0.393617, -0.887753, -1.2e-05, 0.0, 0.0, 0.0, 1.0],
                [0.836176, 0.539393, -0.099315, 0.124994, 0.530277, -0.748847, 0.397532, -0.002831, 0.140054, -0.38507, -0.912198, -1.2e-05, 0.0, 0.0, 0.0, 1.0],
                [0.740115, 0.671035, 0.044041, 0.124994, 0.362627, -0.453394, 0.814208, -0.002831, 0.566331, -0.586636, -0.578901, -1.2e-05, 0.0, 0.0, 0.0, 1.0],
                [0.66966, 0.738341, 0.080037, 0.124994, 0.200064, -0.283132, 0.937982, -0.002831, 0.715212, -0.612115, -0.337319, -1.2e-05, 0.0, 0.0, 0.0, 1.0],
                [0.639351, 0.76391, 0.087569, 0.124994, 0.124612, -0.215321, 0.96856, -0.002831, 0.75875, -0.608337, -0.232859, -1.2e-05, 0.0, 0.0, 0.0, 1.0]
            ]
        },
        {
            "name": "Leg_R",
            "time": [0.0, 0.1167, 0.3833, 0.4667, 0.5333, 0.8833, 0.9667, 1.0167, 1.3167],
            "transform": [
                [1.0, -0.0, 1e-06, 0.0, 0.0, 0.997612, 0.069073, 0.37472, -1e-06, -0.069073, 0.997611, 0.0, 0.0, 0.0, 0.0, 1.0],
                [1.0, -0.0, 1e-06, -0.0, 0.0, 0.988482, 0.151344, 0.37472, -1e-06, -0.151344, 0.98848, -0.0, 0.0, 0.0, 0.0, 1.0],
                [1.0, -0.0, 1e-06, -0.0, 0.0, 0.955308, 0.295613, 0.37472, -1e-06, -0.295614, 0.955307, -0.0, 0.0, 0.0, 0.0, 1.0],
                [1.0, -1e-06, 0.0, -0.0, -0.0, 0.318307, 0.947987, 0.37472, -1e-06, -0.947988, 0.318307, -0.0, 0.0, 0.0, 0.0, 1.0],
                [1.0, -1e-06, 0.0, -0.0, 0.0, 0.602337, 0.798242, 0.37472, -1e-06, -0.798243, 0.602336, -0.0, 0.0, 0.0, 0.0, 1.0],
                [1.0, -1e-06, 0.0, 0.0, 0.0, 0.435419, 0.900227, 0.37472, -1e-06, -0.900229, 0.435419, 0.0, 0.0, 0.0, 0.0, 1.0],
                [1.0, -1e-06, -0.0, -0.0, 0.0, -0.068145, 0.997675, 0.37472, -1e-06, -0.997676, -0.068145, -0.0, 0.0, 0.0, 0.0, 1.0],
                [1.0, -1e-06, 0.0, -0.0, 0.0, 0.435419, 0.900227, 0.37472, -1e-06, -0.900229, 0.435419, -0.0, 0.0, 0.0, 0.0, 1.0],
                [1.0, -1e-06, 0.0, 0.0, 0.0, 0.435419, 0.900227, 0.37472, -1e-06, -0.900229, 0.435419, -0.0, 0.0, 0.0, 0.0, 1.0]
            ]
        },
        {
            "name": "Knee_R",
            "time": [0.0, 0.1167, 0.3833, 0.5333, 0.8833, 0.9667, 1.0167, 1.3167],
            "transform": [
                [1.0, 0.0, -0.0, 0.0, -0.0, 1e-06, -1.0, 0.37472, -0.0, 1.0, 1e-06, 0.0, 0.0, 0.0, 0.0, 1.0],
                [1.0, 0.0, -0.0, -0.0, -0.0, 1e-06, -1.0, 0.37472, -0.0, 1.0, 1e-06, -0.0, 0.0, 0.0, 0.0, 1.0],
                [1.0, 0.0, -0.0, -0.0, -0.0, 1e-06, -1.0, 0.37472, -0.0, 1.0, 1e-06, -0.0, 0.0, 0.0, 0.0, 1.0],
                [1.0, 0.0, -0.0, -0.0, -0.0, 1e-06, -1.0, 0.37472, -0.0, 1.0, 1e-06, -0.0, 0.0, 0.0, 0.0, 1.0],
                [1.0, 0.0, -0.0, 0.0, -0.0, 1e-06, -1.0, 0.37472, -0.0, 1.0, 1e-06, 0.0, 0.0, 0.0, 0.0, 1.0],
                [1.0, 0.0, -0.0, -0.0, -0.0, 1e-06, -1.0, 0.37472, -0.0, 1.0, 1e-06, -0.0, 0.0, 0.0, 0.0, 1.0],
                [1.0, 0.0, -0.0, -0.0, -0.0, 1e-06, -1.0, 0.37472, -0.0, 1.0, 1e-06, -0.0, 0.0, 0.0, 0.0, 1.0],
                [1.0, 0.0, -0.0, 0.0, -0.0, 1e-06, -1.0, 0.37472, -0.0, 1.0, 1e-06, -0.0, 0.0, 0.0, 0.0, 1.0]
            ]
        },
        {
            "name": "Thigh_L",
            "time": [0.0, 0.1167, 0.3833, 0.4667, 0.5333, 0.8833, 0.9667, 1.0167, 1.3167],
            "transform": [
                [0.869242, -0.05516, -0.491298, -0.125006, -0.021407, -0.997024, 0.074063, -0.002831, -0.493921, -0.053862, -0.867836, -1.2e-05, 0.0, 0.0, 0.0, 1.0],
                [0.80344, -0.268347, -0.531482, -0.125006, -0.330244, -0.94362, -0.022793, -0.002831, -0.4954, 0.193832, -0.846762, -1.2e-05, 0.0, 0.0, 0.0, 1.0],
                [0.776197, -0.317497, -0.544714, -0.125006, -0.404925, -0.913257, -0.044696, -0.002831, -0.483273, 0.255262, -0.83743, -1.2e-05, 0.0, 0.0, 0.0, 1.0],
                [0.942208, -0.053561, -0.330718, -0.125006, -0.018912, -0.994067, 0.107113, -0.002831, -0.334493, -0.094668, -0.937631, -1.2e-05, 0.0, 0.0, 0.0, 1.0],
                [0.639621, -0.36035, -0.678993, -0.125006, -0.070764, -0.907165, 0.414783, -0.002831, -0.765425, -0.217256, -0.605742, -1.2e-05, 0.0, 0.0, 0.0, 1.0],
                [0.599632, -0.3881, -0.69987, -0.125006, 0.056863, -0.851665, 0.520993, -0.002831, -0.798252, -0.352201, -0.488618, -1.2e-05, 0.0, 0.0, 0.0, 1.0],
                [0.84196, -0.214799, -0.494938, -0.125006, -0.264959, -0.963712, -0.032491, -0.002831, -0.469998, 0.158495, -0.86832, -1.2e-05, 0.0, 0.0, 0.0, 1.0],
                [0.880441, -0.350831, -0.318969, -0.125006, -0.401631, -0.909362, -0.108414, -0.002831, -0.252023, 0.22356, -0.941544, -1.2e-05, 0.0, 0.0, 0.0, 1.0],
                [0.893481, -0.366969, -0.258891, -0.125006, -0.422456, -0.88237, -0.20725, -0.002831, -0.152384, 0.294545, -0.94341, -1.2e-05, 0.0, 0.0, 0.0, 1.0]
            ]
        },
        {
            "name": "Leg_L",
            "time": [0.0, 0.1167, 0.3833, 0.5333, 0.8833, 0.9667, 1.0167, 1.3167],
            "transform": [
                [0.999989, -0.003452, -0.00313, 0.0, 0.003782, 0.993653, 0.112423, 0.37472, 0.002722, -0.112434, 0.993656, 0.0, 0.0, 0.0, 0.0, 1.0],
                [0.999989, -0.003326, -0.003264, -0.0, 0.003782, 0.988441, 0.151556, 0.37472, 0.002722, -0.151567, 0.988444, 0.0, 0.0, 0.0, 0.0, 1.0],
                [0.999989, -0.003293, -0.003298, -0.0, 0.003782, 0.986868, 0.161483, 0.37472, 0.002722, -0.161494, 0.98687, 0.0, 0.0, 0.0, 0.0, 1.0],
                [0.999989, -0.003293, -0.003298, -0.0, 0.003782, 0.986868, 0.161483, 0.37472, 0.002722, -0.161494, 0.98687, 0.0, 0.0, 0.0, 0.0, 1.0],
                [0.999989, -0.003293, -0.003298, 0.0, 0.003782, 0.986868, 0.161483, 0.37472, 0.002722, -0.161494, 0.98687, -0.0, 0.0, 0.0, 0.0, 1.0],
                [0.999989, -0.003293, -0.003298, 0.0, 0.003782, 0.986868, 0.161483, 0.37472, 0.002723, -0.161494, 0.98687, -0.0, 0.0, 0.0, 0.0, 1.0],
                [0.999989, -0.003293, -0.003298, 0.0, 0.003782, 0.986868, 0.161483, 0.37472, 0.002723, -0.161494, 0.98687, -0.0, 0.0, 0.0, 0.0, 1.0],
                [0.999989, -0.003293, -0.003298, 0.0, 0.003782, 0.986868, 0.161483, 0.37472, 0.002722, -0.161494, 0.98687, -0.0, 0.0, 0.0, 0.0, 1.0]
            ]
        },
        {
            "name": "Knee_L",
            "time": [0.0, 0.1167, 0.3833, 0.5333, 0.8833, 0.9667, 1.0167, 1.3167],
            "transform": [
                [1.0, 0.0, -0.0, 0.0, -0.0, 1e-06, -1.0, 0.37472, -0.0, 1.0, 1e-06, 0.0, 0.0, 0.0, 0.0, 1.0],
                [1.0, 0.0, -0.0, -0.0, -0.0, 1e-06, -1.0, 0.37472, -0.0, 1.0, 1e-06, 0.0, 0.0, 0.0, 0.0, 1.0],
                [1.0, 0.0, -0.0, -0.0, -0.0, 1e-06, -1.0, 0.37472, -0.0, 1.0, 1e-06, 0.0, 0.0, 0.0, 0.0, 1.0],
                [1.0, 0.0, -0.0, -0.0, -0.0, 1e-06, -1.0, 0.37472, -0.0, 1.0, 1e-06, 0.0, 0.0, 0.0, 0.0, 1.0],
                [1.0, 0.0, -0.0, 0.0, -0.0, 1e-06, -1.0, 0.37472, -0.0, 1.0, 1e-06, -0.0, 0.0, 0.0, 0.0, 1.0],
                [1.0, 0.0, -0.0, 0.0, -0.0, 1e-06, -1.0, 0.37472, -0.0, 1.0, 1e-06, -0.0, 0.0, 0.0, 0.0, 1.0],
                [1.0, 0.0, -0.0, 0.0, -0.0, 1e-06, -1.0, 0.37472, -0.0, 1.0, 1e-06, -0.0, 0.0, 0.0, 0.0, 1.0],
                [1.0, 0.0, -0.0, 0.0, -0.0, 1e-06, -1.0, 0.37472, -0.0, 1.0, 1e-06, -0.0, 0.0, 0.0, 0.0, 1.0]
            ]
        },
        {
            "name": "Torso",
            "time": [0.0, 0.1167, 0.3833, 0.5333, 0.8833, 0.9667, 1.0167, 1.3167],
            "transform": [
                [0.999042, -0.043673, -0.002705, 0.0, 0.04367, 0.999045, -0.001423, 0.05, 0.002765, 0.001304, 0.999995, -0.0, 0.0, 0.0, 0.0, 1.0],
                [0.999042, -0.043673, -0.002706, -0.0, 0.04367, 0.999045, -0.001423, 0.05, 0.002765, 0.001304, 0.999995, 0.0, 0.0, 0.0, 0.0, 1.0],
                [0.999042, -0.043673, -0.002706, 0.0, 0.04367, 0.999045, -0.001423, 0.05, 0.002765, 0.001304, 0.999995, 0.0, 0.0, 0.0, 0.0, 1.0],
                [0.999042, -0.043673, -0.002705, 0.0, 0.04367, 0.999045, -0.001423, 0.05, 0.002765, 0.001304, 0.999995, 0.0, 0.0, 0.0, 0.0, 1.0],
                [0.999042, -0.043673, -0.002706, -0.0, 0.04367, 0.999045, -0.001423, 0.05, 0.002765, 0.001304, 0.999995, 0.0, 0.0, 0.0, 0.0, 1.0],
                [0.999042, -0.043673, -0.002706, 0.0, 0.04367, 0.999045, -0.001423, 0.05, 0.002765, 0.001304, 0.999995, -0.0, 0.0, 0.0, 0.0, 1.0],
                [0.999042, -0.043673, -0.002706, 0.0, 0.04367, 0.999045, -0.001423, 0.05, 0.002765, 0.001304, 0.999995, 0.0, 0.0, 0.0, 0.0, 1.0],
                [0.999042, -0.043673, -0.002706, 0.0, 0.04367, 0.999045, -0.001423, 0.05, 0.002765, 0.001304, 0.999995, -0.0, 0.0, 0.0, 0.0, 1.0]
            ]
        },
        {
            "name": "Chest",
            "time": [0.0, 0.1167, 0.3833, 0.5333, 0.8833, 0.9667, 1.0167, 1.3167],
            "transform": [
                [0.999771, -0.021316, -0.002029, 0.0, 0.021411, 0.994316, 0.104295, 0.3, -0.000206, -0.104315, 0.994544, 0.0, 0.0, 0.0, 0.0, 1.0],
                [0.994585, 0.08305, 0.062482, 0.0, -0.089155, 0.990752, 0.102279, 0.3, -0.05341, -0.107296, 0.992792, 0.0, 0.0, 0.0, 0.0, 1.0],
                [0.990846, 0.109508, 0.078947, -0.0, -0.117288, 0.987869, 0.101774, 0.3, -0.066844, -0.110102, 0.99167, 0.0, 0.0, 0.0, 0.0, 1.0],
                [0.912969, 0.110466, -0.39279, 0.0, -0.05766, 0.987923, 0.143818, 0.3, 0.403934, -0.108653, 0.908313, -0.0, 0.0, 0.0, 0.0, 1.0],
                [0.857194, 0.109508, -0.503217, 0.0, -0.037779, 0.987869, 0.150623, 0.3, 0.513607, -0.110102, 0.850932, -0.0, 0.0, 0.0, 0.0, 1.0],
                [0.889361, 0.109508, 0.443897, -0.0, -0.146846, 0.987869, 0.050505, 0.3, -0.432982, -0.110102, 0.894653, 0.0, 0.0, 0.0, 0.0, 1.0],
                [0.967226, 0.109508, 0.229091, -0.0, -0.131434, 0.987869, 0.082702, 0.3, -0.217255, -0.110102, 0.969886, -0.0, 0.0, 0.0, 0.0, 1.0],
                [0.939589, 0.109508, 0.324315, -0.0, -0.139019, 0.987869, 0.069196, 0.3, -0.312803, -0.110102, 0.943415, 0.0, 0.0, 0.0, 0.0, 1.0]
            ]
        },
        {
            "name": "Head",
            "time": [0.0, 0.1167, 0.3833, 0.4667, 0.5333, 0.8833, 0.9667, 1.0167, 1.3167],
            "transform": [
                [0.85311, 0.037721, 0.520365, -0.0, -0.006297, 0.998055, -0.062025, 0.4, -0.521692, 0.049637, 0.851689, -0.0, 0.0, 0.0, 0.0, 1.0],
                [0.904058, -0.015138, -0.427141, -0.0, -0.029647, 0.994744, -0.098004, 0.4, 0.42638, 0.101265, 0.898858, 0.0, 0.0, 0.0, 0.0, 1.0],
                [0.774822, -0.056316, -0.629666, 0.0, -0.017218, 0.993775, -0.110069, 0.4, 0.631944, 0.096125, 0.769029, -0.0, 0.0, 0.0, 0.0, 1.0],
                [0.959149, -0.11799, 0.257122, -0.0, 0.080584, 0.985171, 0.151477, 0.4, -0.271181, -0.124569, 0.954434, -0.0, 0.0, 0.0, 0.0, 1.0],
                [0.694648, -0.056316, 0.717142, -0.0, 0.108155, 0.993775, -0.026723, 0.4, -0.711172, 0.096125, 0.696415, 0.0, 0.0, 0.0, 0.0, 1.0],
                [0.694648, -0.056316, 0.717142, 0.0, 0.108155, 0.993775, -0.026723, 0.4, -0.711172, 0.096125, 0.696415, -0.0, 0.0, 0.0, 0.0, 1.0],
                [0.298745, -0.056316, -0.95267, -0.0, -0.075095, 0.993775, -0.082294, 0.4, 0.951374, 0.096125, 0.292656, -0.0, 0.0, 0.0, 0.0, 1.0],
                [0.521658, -0.056316, -0.851294, 0.0, -0.052804, 0.993775, -0.098099, 0.4, 0.851519, 0.096125, 0.515436, -0.0, 0.0, 0.0, 0.0, 1.0],
                [0.33084, -0.056316, -0.942005, 0.0, -0.072264, 0.993775, -0.084791, 0.4, 0.940916, 0.096125, 0.324711, 0.0, 0.0, 0.0, 0.0, 1.0]
            ]
        },
        {
            "name": "Shoulder_R",
            "time": [0.0, 0.1167, 0.3833, 0.5333, 0.8833, 0.9667, 1.0167, 1.3167],
            "transform": [
                [0.110305, 0.959352, 0.259762, -0.0, 0.091141, -0.270019, 0.958532, 0.4, 0.98971, -0.082056, -0.11722, -0.0, 0.0, 0.0, 0.0, 1.0],
                [0.041113, 0.928598, 0.368801, -0.0, 0.103219, -0.371085, 0.922844, 0.4, 0.993808, 0.000126, -0.111105, 0.0, 0.0, 0.0, 0.0, 1.0],
                [-0.046306, 0.915541, 0.39955, 0.0, 0.133612, -0.390709, 0.910766, 0.4, 0.989951, 0.095559, -0.104235, -0.0, 0.0, 0.0, 0.0, 1.0],
                [-0.234703, 0.885819, 0.400298, -0.0, 0.210742, -0.355638, 0.910554, 0.4, 0.948948, 0.298069, -0.10321, 0.0, 0.0, 0.0, 0.0, 1.0],
                [-0.272516, 0.875268, 0.39955, 0.0, 0.226571, -0.345211, 0.910766, 0.4, 0.935094, 0.338725, -0.104235, -0.0, 0.0, 0.0, 0.0, 1.0],
                [-0.037062, 0.915962, 0.39955, -0.0, 0.129661, -0.392037, 0.910766, 0.4, 0.990865, 0.085561, -0.104235, -0.0, 0.0, 0.0, 0.0, 1.0],
                [0.079637, 0.913245, 0.39955, 0.0, 0.07879, -0.405336, 0.910766, 0.4, 0.993705, -0.04105, -0.104235, -0.0, 0.0, 0.0, 0.0, 1.0],
                [0.126761, 0.907905, 0.39955, 0.0, 0.057722, -0.408868, 0.910766, 0.4, 0.990252, -0.092386, -0.104235, 0.0, 0.0, 0.0, 0.0, 1.0]
            ]
        },
        {
            "name": "Arm_R",
            "time": [0.0, 0.1167, 0.3833, 0.4667, 0.5333, 0.8833, 0.9667, 1.0167, 1.3167],
            "transform": [
                [0.02437, 0.061937, -0.997782, -0.0, 0.945036, 0.324099, 0.0432, 0.393861, 0.326056, -0.943994, -0.050634, 0.0, 0.0, 0.0, 0.0, 1.0],
                [0.466059, -0.533381, -0.705899, -0.0, 0.856482, 0.47207, 0.208781, 0.393861, 0.221874, -0.701894, 0.676843, 0.0, 0.0, 0.0, 0.0, 1.0],
                [0.611139, -0.603852, -0.511735, 0.0, 0.76033, 0.627574, 0.167479, 0.393861, 0.220019, -0.49144, 0.842661, -0.0, 0.0, 0.0, 0.0, 1.0],
                [0.042235, -0.316027, -0.94781, 0.0, 0.123927, 0.942987, -0.308897, 0.39386, 0.991392, -0.104413, 0.078991, -0.0, 0.0, 0.0, 0.0, 1.0],
                [0.438798, -0.175479, -0.881285, 0.0, -0.165943, 0.948054, -0.271397, 0.393861, 0.883131, 0.265332, 0.386885, 0.0, 0.0, 0.0, 0.0, 1.0],
                [0.272265, -0.125843, -0.953958, -0.0, -0.488407, 0.836129, -0.249694, 0.393861, 0.829054, 0.533903, 0.166186, 0.0, 0.0, 0.0, 0.0, 1.0],
                [0.167913, -0.270252, -0.948034, 0.0, -0.532346, 0.784553, -0.317937, 0.39386, 0.829706, 0.558068, -0.012131, -0.0, 0.0, 0.0, 0.0, 1.0],
                [0.133915, -0.493532, -0.859356, -0.0, -0.540364, 0.690542, -0.480788, 0.39386, 0.830706, 0.52875, -0.174213, -0.0, 0.0, 0.0, 0.0, 1.0],
                [0.123637, -0.19265, -0.973447, 0.0, -0.541919, 0.808667, -0.228868, 0.39386, 0.831287, 0.555826, -0.00442, -0.0, 0.0, 0.0, 0.0, 1.0]
            ]
        },
        {
            "name": "Hand_R",
            "time": [0.0, 0.1167, 0.3833, 0.5333, 0.8833, 0.9667, 1.0167, 1.3167],
            "transform": [
                [0.999998, -0.000405, 0.001778, 0.0, 0.000868, 0.963176, -0.268872, 0.3, -0.001603, 0.268873, 0.963174, 0.0, 0.0, 0.0, 0.0, 1.0],
                [0.999998, -0.000771, 0.001652, -0.0, 0.000868, 0.99824, -0.059304, 0.3, -0.001603, 0.059305, 0.998239, -0.0, 0.0, 0.0, 0.0, 1.0],
                [0.999998, -0.00086, 0.001608, -0.0, 0.000868, 0.999986, -0.005236, 0.3, -0.001603, 0.005237, 0.999985, 0.0, 0.0, 0.0, 0.0, 1.0],
                [0.999998, 0.000517, 0.001748, 0.0, 0.000868, 0.708489, -0.705721, 0.3, -0.001603, 0.705721, 0.708488, -0.0, 0.0, 0.0, 0.0, 1.0],
                [0.999998, 0.000921, 0.001574, 0.0, 0.000868, 0.518524, -0.855062, 0.3, -0.001603, 0.855062, 0.518523, -0.0, 0.0, 0.0, 0.0, 1.0],
                [0.999998, -0.000808, 0.001635, 0.0, 0.000868, 0.999307, -0.037219, 0.3, -0.001603, 0.037221, 0.999306, 0.0, 0.0, 0.0, 0.0, 1.0],
                [0.999998, -0.000178, 0.001814, 0.0, 0.000868, 0.921778, -0.387717, 0.3, -0.001603, 0.387718, 0.921777, -0.0, 0.0, 0.0, 0.0, 1.0],
                [0.999998, -0.000328, 0.001794, 0.0, 0.000868, 0.950647, -0.310273, 0.3, -0.001603, 0.310274, 0.950646, -0.0, 0.0, 0.0, 0.0, 1.0]
            ]
        },
        {
            "name": "Tool_R",
            "time": [0.0, 0.1167, 0.3833, 0.5333, 0.8833, 0.9667, 1.0167, 1.3167],
            "transform": [
                [0.993314, -0.054493, -0.101777, 0.015054, -0.088154, -0.927265, -0.363881, 0.243316, -0.074502, 0.37019, -0.925324, 0.024459, 0.0, 0.0, 0.0, 1.0],
                [0.993314, -0.054493, -0.101777, 0.015054, -0.088154, -0.927265, -0.363881, 0.243316, -0.074502, 0.37019, -0.925324, 0.024459, 0.0, 0.0, 0.0, 1.0],
                [0.993314, -0.054493, -0.101777, 0.015054, -0.088154, -0.927265, -0.363881, 0.243316, -0.074502, 0.37019, -0.925324, 0.024459, 0.0, 0.0, 0.0, 1.0],
                [0.992791, -0.104681, -0.058384, 0.015054, -0.093557, -0.981255, 0.168478, 0.243316, -0.074883, -0.161716, -0.983391, 0.024459, 0.0, 0.0, 0.0, 1.0],
                [0.993317, -0.107856, -0.041098, 0.015053, -0.088121, -0.938636, 0.333461, 0.243316, -0.074499, -0.327427, -0.941306, 0.024459, 0.0, 0.0, 0.0, 1.0],
                [0.264473, 0.951987, -0.15419, 0.015054, 0.064997, -0.177115, -0.982042, 0.243316, -0.96163, 0.249552, -0.108664, 0.024459, 0.0, 0.0, 0.0, 1.0],
                [-0.189056, 0.979377, -0.071257, 0.027236, -0.338052, -0.133043, -0.931676, 0.265101, -0.9214, -0.151962, 0.356012, 0.083835, 0.0, 0.0, 0.0, 1.0],
                [-0.174406, 0.965809, -0.19182, 0.015054, -0.26417, -0.233558, -0.93577, 0.243316, -0.948017, -0.112467, 0.295687, 0.024459, 0.0, 0.0, 0.0, 1.0]
            ]
        },
        {
            "name": "Elbow_R",
            "time": [0.0, 0.1167, 0.3833, 0.5333, 0.8833, 0.9667, 1.0167, 1.3167],
            "transform": [
                [-1.0, 0.0, -0.0, -0.0, 0.0, -0.0, -1.0, 0.341622, -0.0, -1.0, 0.0, 0.0, 0.0, 0.0, 0.0, 1.0],
                [-1.0, 0.0, -0.0, -0.0, 0.0, -0.0, -1.0, 0.341622, -0.0, -1.0, 0.0, -0.0, 0.0, 0.0, 0.0, 1.0],
                [-1.0, 0.0, -0.0, -0.0, 0.0, -0.0, -1.0, 0.341622, -0.0, -1.0, 0.0, 0.0, 0.0, 0.0, 0.0, 1.0],
                [-1.0, 0.0, -0.0, 0.0, 0.0, -0.0, -1.0, 0.341622, -0.0, -1.0, 0.0, -0.0, 0.0, 0.0, 0.0, 1.0],
                [-1.0, 0.0, -0.0, -0.0, 0.0, -0.0, -1.0, 0.341622, -0.0, -1.0, 0.0, -0.0, 0.0, 0.0, 0.0, 1.0],
                [-1.0, 0.0, -0.0, -0.0, 0.0, -0.0, -1.0, 0.341622, -0.0, -1.0, 0.0, 0.0, 0.0, 0.0, 0.0, 1.0],
                [-1.0, 0.0, -0.0, 0.0, 0.0, -0.0, -1.0, 0.341622, -0.0, -1.0, 0.0, 0.0, 0.0, 0.0, 0.0, 1.0],
                [-1.0, 0.0, -0.0, 0.0, 0.0, -0.0, -1.0, 0.341622, -0.0, -1.0, 0.0, -0.0, 0.0, 0.0, 0.0, 1.0]
            ]
        },
        {
            "name": "Shoulder_L",
            "time": [0.0, 0.1167, 0.3833, 0.5333, 0.8833, 0.9667, 1.0167, 1.3167],
            "transform": [
                [-0.226937, -0.947819, -0.223918, -0.0, -0.021067, -0.225085, 0.974111, 0.4, -0.973681, 0.225779, 0.031113, -0.0, 0.0, 0.0, 0.0, 1.0],
                [-0.094253, -0.945487, -0.311722, -0.0, 0.038806, -0.316368, 0.947843, 0.4, -0.994792, 0.077241, 0.066509, 0.0, 0.0, 0.0, 0.0, 1.0],
                [-0.061027, -0.940471, -0.334351, 0.0, 0.055989, -0.337674, 0.939597, 0.4, -0.996564, 0.038621, 0.073263, -0.0, 0.0, 0.0, 0.0, 1.0],
                [-0.061027, -0.94047, -0.334351, -0.0, 0.055989, -0.337674, 0.939597, 0.4, -0.996565, 0.038621, 0.073263, 0.0, 0.0, 0.0, 0.0, 1.0],
                [-0.061027, -0.940471, -0.334351, 0.0, 0.055989, -0.337674, 0.939597, 0.4, -0.996565, 0.038621, 0.073263, -0.0, 0.0, 0.0, 0.0, 1.0],
                [-0.061027, -0.940471, -0.334351, -0.0, 0.055989, -0.337674, 0.939597, 0.4, -0.996564, 0.038621, 0.073263, -0.0, 0.0, 0.0, 0.0, 1.0],
                [-0.061027, -0.940471, -0.334351, 0.0, 0.055989, -0.337674, 0.939597, 0.4, -0.996565, 0.038621, 0.073263, -0.0, 0.0, 0.0, 0.0, 1.0],
                [-0.061027, -0.940471, -0.334351, 0.0, 0.055989, -0.337674, 0.939597, 0.4, -0.996564, 0.038621, 0.073263, 0.0, 0.0, 0.0, 0.0, 1.0]
            ]
        },
        {
            "name": "Arm_L",
            "time": [0.0, 0.1167, 0.3833, 0.5333, 0.8833, 0.9667, 1.0167, 1.3167],
            "transform": [
                [0.028967, 0.056681, 0.997972, 0.0, -0.931842, 0.362807, 0.006442, 0.39386, -0.361707, -0.930138, 0.063327, -0.0, 0.0, 0.0, 0.0, 1.0],
                [-0.24972, -0.046674, 0.967193, 0.0, -0.871538, 0.446106, -0.203496, 0.39386, -0.421973, -0.893762, -0.15208, -0.0, 0.0, 0.0, 0.0, 1.0],
                [-0.325691, -0.046892, 0.944313, 0.0, -0.777835, 0.581078, -0.239418, 0.39386, -0.537492, -0.812496, -0.225726, 0.0, 0.0, 0.0, 0.0, 1.0],
                [-0.243808, 0.220977, 0.944313, -0.0, -0.048409, 0.969709, -0.239418, 0.39386, -0.968614, -0.104085, -0.225726, 0.0, 0.0, 0.0, 0.0, 1.0],
                [-0.175492, 0.278345, 0.944313, -0.0, 0.213843, 0.947074, -0.239418, 0.39386, -0.960975, 0.159918, -0.225726, -0.0, 0.0, 0.0, 0.0, 1.0],
                [-0.167433, 0.591569, 0.788677, -0.0, 0.219626, 0.802248, -0.555124, 0.39386, -0.961109, 0.080268, -0.264247, -0.0, 0.0, 0.0, 0.0, 1.0],
                [-0.170624, 0.712578, 0.680529, -0.0, 0.215898, 0.70091, -0.679789, 0.39386, -0.961393, 0.030937, -0.273436, 0.0, 0.0, 0.0, 0.0, 1.0],
                [-0.175492, 0.753042, 0.634138, -0.0, 0.213843, 0.657912, -0.722096, 0.393861, -0.960976, 0.008884, -0.276491, 0.0, 0.0, 0.0, 0.0, 1.0]
            ]
        },
        {
            "name": "Hand_L",
            "time": [0.0, 0.1167, 0.3833, 0.5333, 0.8833, 0.9667, 1.0167, 1.3167],
            "transform": [
                [0.999993, -0.001541, -0.00347, 0.0, 0.000938, 0.985901, -0.167329, 0.3, 0.003679, 0.167324, 0.985895, 0.0, 0.0, 0.0, 0.0, 1.0],
                [0.999993, -0.001687, -0.003401, -0.0, 0.000938, 0.977848, -0.209314, 0.3, 0.003679, 0.209309, 0.977843, -0.0, 0.0, 0.0, 0.0, 1.0],
                [0.999993, -0.001942, -0.003262, -0.0, 0.000938, 0.958999, -0.283408, 0.3, 0.003679, 0.283403, 0.958994, -0.0, 0.0, 0.0, 0.0, 1.0],
                [0.999993, -0.003527, -0.001407, 0.0, 0.000938, 0.588546, -0.808463, 0.3, 0.003679, 0.808456, 0.588545, -0.0, 0.0, 0.0, 0.0, 1.0],
                [0.999993, -0.003739, -0.000659, -0.0, 0.000938, 0.411635, -0.911349, 0.3, 0.003679, 0.911342, 0.411635, 0.0, 0.0, 0.0, 0.0, 1.0],
                [0.999993, -0.003739, -0.00066, 0.0, 0.000938, 0.411634, -0.911349, 0.3, 0.003679, 0.911342, 0.411635, -0.0, 0.0, 0.0, 0.0, 1.0],
                [0.999993, -0.003739, -0.00066, -0.0, 0.000938, 0.411634, -0.911349, 0.3, 0.003679, 0.911342, 0.411635, 0.0, 0.0, 0.0, 0.0, 1.0],
                [0.999993, -0.003739, -0.00066, -0.0, 0.000938, 0.411635, -0.911349, 0.3, 0.003679, 0.911342, 0.411635, -0.0, 0.0, 0.0, 0.0, 1.0]
            ]
        },
        {
            "name": "Tool_L",
            "time": [0.0, 0.1167, 0.3833, 0.5333, 0.8833, 0.9667, 1.0167, 1.3167],
            "transform": [
                [0.997004, 0.01104, -0.076554, -0.0, -0.036659, -0.804079, -0.593391, 0.272858, -0.068067, 0.594062, -0.8008, -0.0, 0.0, 0.0, 0.0, 1.0],
                [0.997004, 0.01104, -0.076554, -0.0, -0.036659, -0.804079, -0.593391, 0.272858, -0.068067, 0.594062, -0.8008, -0.0, 0.0, 0.0, 0.0, 1.0],
                [0.997004, 0.01104, -0.076554, -0.0, -0.036659, -0.804079, -0.593391, 0.272858, -0.068067, 0.594062, -0.8008, -0.0, 0.0, 0.0, 0.0, 1.0],
                [0.997004, 0.01104, -0.076554, 0.0, -0.036659, -0.804079, -0.593391, 0.272858, -0.068067, 0.594062, -0.8008, -0.0, 0.0, 0.0, 0.0, 1.0],
                [0.997004, 0.01104, -0.076554, -0.0, -0.036659, -0.804079, -0.593391, 0.272858, -0.068067, 0.594062, -0.8008, -0.0, 0.0, 0.0, 0.0, 1.0],
                [0.997004, 0.01104, -0.076554, -0.0, -0.036659, -0.804079, -0.593391, 0.272858, -0.068067, 0.594062, -0.8008, -0.0, 0.0, 0.0, 0.0, 1.0],
                [0.997004, 0.01104, -0.076554, 0.0, -0.036659, -0.804079, -0.593391, 0.272858, -0.068067, 0.594062, -0.800801, -0.0, 0.0, 0.0, 0.0, 1.0],
                [0.997004, 0.01104, -0.076554, 0.0, -0.036659, -0.804079, -0.593391, 0.272858, -0.068067, 0.594062, -0.8008, -0.0, 0.0, 0.0, 0.0, 1.0]
            ]
        },
        {
            "name": "Elbow_L",
            "time": [0.0, 0.1167, 0.3833, 0.5333, 0.8833, 0.9667, 1.0167, 1.3167],
            "transform": [
                [-1.0, 0.0, -0.0, 2.7e-05, 0.0, -0.0, -1.0, 0.334301, -0.0, -1.0, -0.0, -0.002121, 0.0, 0.0, 0.0, 1.0],
                [-1.0, 0.0, -0.0, 2.7e-05, 0.0, -0.0, -1.0, 0.334301, -0.0, -1.0, -0.0, -0.002121, 0.0, 0.0, 0.0, 1.0],
                [-1.0, 0.0, -0.0, 2.7e-05, 0.0, -0.0, -1.0, 0.334301, -0.0, -1.0, -0.0, -0.002121, 0.0, 0.0, 0.0, 1.0],
                [-1.0, 0.0, -0.0, 2.7e-05, 0.0, -0.0, -1.0, 0.334301, -0.0, -1.0, -0.0, -0.002121, 0.0, 0.0, 0.0, 1.0],
                [-1.0, 0.0, -0.0, 2.7e-05, 0.0, -0.0, -1.0, 0.334301, -0.0, -1.0, -0.0, -0.002121, 0.0, 0.0, 0.0, 1.0],
                [-1.0, 0.0, -0.0, 2.7e-05, 0.0, 0.0, -1.0, 0.334301, -0.0, -1.0, -0.0, -0.002121, 0.0, 0.0, 0.0, 1.0],
                [-1.0, 0.0, -0.0, 2.7e-05, 0.0, -0.0, -1.0, 0.334301, -0.0, -1.0, -0.0, -0.00212, 0.0, 0.0, 0.0, 1.0],
                [-1.0, 0.0, -0.0, 2.7e-05, 0.0, -0.0, -1.0, 0.334302, -0.0, -1.0, -0.0, -0.002121, 0.0, 0.0, 0.0, 1.0]
            ]
        }
    ]
}