{
    "animation": [
        {
            "name": "Root",
            "time": [0.0, 0.1167, 0.35, 0.45, 0.85, 1.0833, 1.3167],
            "transform": [
                [0.637378, 0.086609, 0.765669, -5e-06, 0.74891, 0.164216, -0.642002, -0.016224, -0.181338, 0.982615, 0.039806, 0.562379, 0.0, 0.0, 0.0, 1.0],
                [0.781093, 0.119319, 0.612909, -5e-06, 0.597504, 0.142236, -0.78915, -0.930926, -0.181338, 0.982615, 0.039806, 0.562379, 0.0, 0.0, 0.0, 1.0],
                [0.838761, 0.199449, 0.506656, -5e-06, 0.507516, 0.050717, -0.860148, -1.155856, -0.197252, 0.978595, -0.058684, 0.562379, 0.0, 0.0, 0.0, 1.0],
                [0.471731, 0.051398, 0.880244, -5e-06, 0.862894, 0.178399, -0.47285, 0.586627, -0.181338, 0.982615, 0.039806, 0.562379, 0.0, 0.0, 0.0, 1.0],
                [0.395263, 0.035762, 0.917872, -5e-06, 0.900491, 0.182179, -0.394876, 0.911038, -0.181338, 0.982615, 0.039806, 0.562379, 0.0, 0.0, 0.0, 1.0],
                [0.977244, 0.070522, 0.200053, 0.025373, 0.194653, 0.07662, -0.977875, 0.568994, -0.08429, 0.994563, 0.061149, 0.757329, 0.0, 0.0, 0.0, 1.0],
                [0.854339, 0.028643, -0.518927, -5e-06, -0.51914, 0.0, -0.854689, 0.297071, -0.024481, 0.99959, 0.01487, 0.753683, 0.0, 0.0, 0.0, 1.0]
            ]
        },
        {
            "name": "Thigh_R",
            "time": [0.0, 0.1167, 0.35, 0.45, 0.85, 1.0833, 1.3167],
            "transform": [
                [0.639351, 0.76391, 0.087569, 0.124994, 0.124612, -0.215321, 0.96856, -0.002831, 0.75875, -0.608337, -0.232859, -1.2e-05, 0.0, 0.0, 0.0, 1.0],
                [0.783738, 0.610695, 0.11315, 0.124994, 0.130154, -0.339623, 0.931513, -0.002831, 0.6073, -0.715334, -0.345661, -1.2e-05, 0.0, 0.0, 0.0, 1.0],
                [0.866943, 0.441405, 0.231452, 0.124994, 0.089991, -0.59538, 0.798388, -0.002831, 0.490215, -0.671327, -0.555885, -1.2e-05, 0.0, 0.0, 0.0, 1.0],
                [0.470565, 0.868203, 0.157443, 0.124994, 0.088257, -0.22385, 0.97062, -0.002831, 0.87794, -0.442843, -0.181962, -1.2e-05, 0.0, 0.0, 0.0, 1.0],
                [0.394361, 0.905853, 0.154618, 0.124994, 0.073027, -0.198613, 0.977354, -0.002831, 0.916049, -0.374138, -0.144478, -1.2e-05, 0.0, 0.0, 0.0, 1.0],
                [0.913054, 0.371948, 0.167288, 0.124994, 0.149871, -0.687483, 0.710566, -0.002831, 0.379302, -0.623712, -0.683456, -1.2e-05, 0.0, 0.0, 0.0, 1.0],
                [0.992811, 0.11785, -0.020883, 0.124994, 0.118536, -0.992318, 0.035348, -0.002831, -0.016557, -0.037569, -0.999157, -1.2e-05, 0.0, 0.0, 0.0, 1.0]
            ]
        },
        {
            "name": "Leg_R",
            "time": [0.0, 0.1167, 0.35, 0.45, 0.85, 1.0833, 1.3167],
            "transform": [
                [1.0, -1e-06, 0.0, 0.0, 0.0, 0.435419, 0.900227, 0.37472, -1e-06, -0.900229, 0.435419, 0.0, 0.0, 0.0, 0.0, 1.0],
                [1.0, -1e-06, 1e-06, 0.0, 0.0, 0.834082, 0.55164, 0.37472, -1e-06, -0.551641, 0.834081, -0.0, 0.0, 0.0, 0.0, 1.0],
                [1.0, -0.0, 1e-06, -0.0, 0.0, 0.992332, 0.123609, 0.37472, -1e-06, -0.123609, 0.99233, -0.0, 0.0, 0.0, 0.0, 1.0],
                [1.0, -1e-06, 0.0, -0.0, 0.0, 0.526058, 0.850448, 0.37472, -1e-06, -0.85045, 0.526057, 0.0, 0.0, 0.0, 0.0, 1.0],
                [1.0, -1e-06, 0.0, 0.0, 0.0, 0.435419, 0.900227, 0.37472, -1e-06, -0.900229, 0.435419, -0.0, 0.0, 0.0, 0.0, 1.0],
                [1.0, -1e-06, 0.0, -0.0, 0.0, 0.255261, 0.966871, 0.37472, -1e-06, -0.966873, 0.255261, 0.0, 0.0, 0.0, 0.0, 1.0],
                [1.0, -0.0, 1e-06, 0.0, 0.0, 0.997612, 0.069073, 0.37472, -1e-06, -0.069073, 0.997611, -0.0, 0.0, 0.0, 0.0, 1.0]
            ]
        },
        {
            "name": "Knee_R",
            "time": [0.0, 0.1167, 0.35, 0.45, 0.85, 1.3167],
            "transform": [
                [1.0, 0.0, -0.0, 0.0, -0.0, 1e-06, -1.0, 0.37472, -0.0, 1.0, 1e-06, 0.0, 0.0, 0.0, 0.0, 1.0],
                [1.0, 0.0, -0.0, 0.0, -0.0, 1e-06, -1.0, 0.37472, -0.0, 1.0, 1e-06, -0.0, 0.0, 0.0, 0.0, 1.0],
                [1.0, 0.0, -0.0, -0.0, -0.0, 1e-06, -1.0, 0.37472, -0.0, 1.0, 1e-06, -0.0, 0.0, 0.0, 0.0, 1.0],
                [1.0, 0.0, -0.0, -0.0, -0.0, 1e-06, -1.0, 0.37472, -0.0, 1.0, 1e-06, 0.0, 0.0, 0.0, 0.0, 1.0],
                [1.0, 0.0, -0.0, 0.0, -0.0, 1e-06, -1.0, 0.37472, -0.0, 1.0, 1e-06, -0.0, 0.0, 0.0, 0.0, 1.0],
                [1.0, 0.0, -0.0, 0.0, -0.0, 1e-06, -1.0, 0.37472, -0.0, 1.0, 1e-06, -0.0, 0.0, 0.0, 0.0, 1.0]
            ]
        },
        {
            "name": "Thigh_L",
            "time": [0.0, 0.1167, 0.35, 0.45, 0.85, 1.0833, 1.3167],
            "transform": [
                [0.893481, -0.366969, -0.258891, -0.125006, -0.422456, -0.88237, -0.20725, -0.002831, -0.152384, 0.294545, -0.94341, -1.2e-05, 0.0, 0.0, 0.0, 1.0],
                [0.806747, -0.421142, -0.414484, -0.125006, -0.359939, -0.90654, 0.220518, -0.002831, -0.468616, -0.028712, -0.882935, -1.2e-05, 0.0, 0.0, 0.0, 1.0],
                [0.855653, -0.232142, -0.462565, -0.125006, -0.130664, -0.961705, 0.240938, -0.002831, -0.500782, -0.145718, -0.853219, -1.2e-05, 0.0, 0.0, 0.0, 1.0],
                [0.808176, -0.477205, -0.345145, -0.125006, -0.442908, -0.878745, 0.177876, -0.002831, -0.388178, 0.009112, -0.921539, -1.2e-05, 0.0, 0.0, 0.0, 1.0],
                [0.81133, -0.484829, -0.326624, -0.125006, -0.462125, -0.874108, 0.149579, -0.002831, -0.358025, 0.029583, -0.933243, -1.2e-05, 0.0, 0.0, 0.0, 1.0],
                [0.893127, -0.073719, -0.443721, -0.125006, -0.01252, -0.990171, 0.139303, -0.002831, -0.449629, -0.118859, -0.885271, -1.2e-05, 0.0, 0.0, 0.0, 1.0],
                [0.869242, -0.05516, -0.491298, -0.125006, -0.021407, -0.997024, 0.074063, -0.002831, -0.493921, -0.053862, -0.867836, -1.2e-05, 0.0, 0.0, 0.0, 1.0]
            ]
        },
        {
            "name": "Leg_L",
            "time": [0.0, 0.1167, 0.35, 0.45, 0.85, 1.3167],
            "transform": [
                [0.999989, -0.003293, -0.003298, 0.0, 0.003782, 0.986868, 0.161483, 0.37472, 0.002722, -0.161494, 0.98687, 0.0, 0.0, 0.0, 0.0, 1.0],
                [0.999989, -0.001179, -0.004508, -0.0, 0.003782, 0.770516, 0.637409, 0.37472, 0.002722, -0.637419, 0.770513, -0.0, 0.0, 0.0, 0.0, 1.0],
                [0.999989, 0.000637, -0.004616, 0.0, 0.003782, 0.467817, 0.883818, 0.37472, 0.002722, -0.883825, 0.467809, -0.0, 0.0, 0.0, 0.0, 1.0],
                [0.999989, -0.00294, -0.003616, -0.0, 0.003782, 0.965261, 0.261259, 0.37472, 0.002722, -0.26127, 0.965262, -0.0, 0.0, 0.0, 0.0, 1.0],
                [0.999989, -0.003293, -0.003298, -0.0, 0.003782, 0.986868, 0.161483, 0.37472, 0.002723, -0.161494, 0.98687, 0.0, 0.0, 0.0, 0.0, 1.0],
                [0.999989, -0.003452, -0.00313, 0.0, 0.003782, 0.993653, 0.112423, 0.37472, 0.002722, -0.112434, 0.993656, -0.0, 0.0, 0.0, 0.0, 1.0]
            ]
        },
        {
            "name": "Knee_L",
            "time": [0.0, 0.1167, 0.35, 0.45, 0.85, 1.3167],
            "transform": [
                [1.0, 0.0, -0.0, 0.0, -0.0, 1e-06, -1.0, 0.37472, -0.0, 1.0, 1e-06, 0.0, 0.0, 0.0, 0.0, 1.0],
                [1.0, 0.0, -0.0, -0.0, -0.0, 1e-06, -1.0, 0.37472, -0.0, 1.0, 1e-06, -0.0, 0.0, 0.0, 0.0, 1.0],
                [1.0, 0.0, -0.0, 0.0, -0.0, 1e-06, -1.0, 0.37472, -0.0, 1.0, 1e-06, -0.0, 0.0, 0.0, 0.0, 1.0],
                [1.0, 0.0, -0.0, -0.0, -0.0, 1e-06, -1.0, 0.37472, -0.0, 1.0, 1e-06, -0.0, 0.0, 0.0, 0.0, 1.0],
                [1.0, 0.0, -0.0, -0.0, -0.0, 1e-06, -1.0, 0.37472, -0.0, 1.0, 1e-06, 0.0, 0.0, 0.0, 0.0, 1.0],
                [1.0, 0.0, -0.0, 0.0, -0.0, 1e-06, -1.0, 0.37472, -0.0, 1.0, 1e-06, -0.0, 0.0, 0.0, 0.0, 1.0]
            ]
        },
        {
            "name": "Torso",
            "time": [0.0, 0.1167, 0.35, 0.45, 0.85, 1.3167],
            "transform": [
                [0.999042, -0.043673, -0.002706, -0.0, 0.04367, 0.999045, -0.001423, 0.05, 0.002765, 0.001304, 0.999995, -0.0, 0.0, 0.0, 0.0, 1.0],
                [0.965402, -0.178852, 0.189763, 0.0, 0.190447, 0.980685, -0.044584, 0.05, -0.178124, 0.079181, 0.980817, 0.0, 0.0, 0.0, 0.0, 1.0],
                [0.948768, -0.209048, 0.236933, -0.0, 0.226955, 0.972585, -0.050692, 0.05, -0.21984, 0.101868, 0.970203, -0.0, 0.0, 0.0, 0.0, 1.0],
                [0.996983, 0.070919, 0.03154, 0.0, -0.072373, 0.99624, 0.047625, 0.05, -0.028044, -0.049764, 0.998367, -0.0, 0.0, 0.0, 0.0, 1.0],
                [0.992039, 0.12589, -0.003294, -0.0, -0.125325, 0.989476, 0.072331, 0.05, 0.012365, -0.071343, 0.997375, 0.0, 0.0, 0.0, 0.0, 1.0],
                [0.999042, -0.043673, -0.002705, -0.0, 0.04367, 0.999045, -0.001423, 0.05, 0.002765, 0.001304, 0.999995, -0.0, 0.0, 0.0, 0.0, 1.0]
            ]
        },
        {
            "name": "Chest",
            "time": [0.0, 0.1167, 0.35, 0.45, 0.85, 1.0833, 1.3167],
            "transform": [
                [0.939589, 0.109508, 0.324315, -0.0, -0.139019, 0.987869, 0.069196, 0.3, -0.312803, -0.110102, 0.943415, 0.0, 0.0, 0.0, 0.0, 1.0],
                [0.806184, 0.025252, 0.591125, -0.0, -0.119277, 0.985513, 0.120572, 0.3, -0.579517, -0.167711, 0.797517, -0.0, 0.0, 0.0, 0.0, 1.0],
                [0.977088, 0.002237, 0.212823, 0.0, -0.039958, 0.984092, 0.173105, 0.3, -0.20905, -0.177642, 0.961635, 0.0, 0.0, 0.0, 0.0, 1.0],
                [0.925055, -0.078627, 0.371605, 0.0, 0.056943, 0.995991, 0.068988, 0.3, -0.37554, -0.042657, 0.925824, -0.0, 0.0, 0.0, 0.0, 1.0],
                [0.943915, -0.0952, 0.316168, -0.0, 0.083497, 0.995233, 0.050392, 0.3, -0.319458, -0.021167, 0.947364, 0.0, 0.0, 0.0, 0.0, 1.0],
                [0.989167, -0.098457, 0.108882, -0.0, 0.051193, 0.926524, 0.372736, 0.3, -0.13758, -0.363124, 0.921528, 0.0, 0.0, 0.0, 0.0, 1.0],
                [0.999771, -0.021316, -0.002029, -0.0, 0.021411, 0.994316, 0.104295, 0.3, -0.000206, -0.104315, 0.994544, -0.0, 0.0, 0.0, 0.0, 1.0]
            ]
        },
        {
            "name": "Head",
            "time": [0.0, 0.1167, 0.35, 0.45, 0.85, 1.3167],
            "transform": [
                [0.33084, -0.056316, -0.942005, -0.0, -0.072264, 0.993775, -0.084791, 0.4, 0.940916, 0.096125, 0.324711, -0.0, 0.0, 0.0, 0.0, 1.0],
                [0.33084, -0.056316, -0.942005, -0.0, -0.072264, 0.993775, -0.084791, 0.4, 0.940916, 0.096125, 0.324711, 0.0, 0.0, 0.0, 0.0, 1.0],
                [0.58837, 0.054409, -0.806759, -0.0, -0.078477, 0.996866, 0.009997, 0.4, 0.804775, 0.05743, 0.590795, 0.0, 0.0, 0.0, 0.0, 1.0],
                [0.33084, -0.056316, -0.942005, 0.0, -0.072264, 0.993775, -0.084791, 0.4, 0.940916, 0.096125, 0.324711, 0.0, 0.0, 0.0, 0.0, 1.0],
                [0.33084, -0.056316, -0.942005, 0.0, -0.072264, 0.993775, -0.084791, 0.4, 0.940916, 0.096125, 0.324711, 0.0, 0.0, 0.0, 0.0, 1.0],
                [0.85311, 0.037721, 0.520365, -0.0, -0.006297, 0.998055, -0.062025, 0.4, -0.521692, 0.049637, 0.851689, -0.0, 0.0, 0.0, 0.0, 1.0]
            ]
        },
        {
            "name": "Shoulder_R",
            "time": [0.0, 0.1167, 0.35, 0.45, 0.85, 1.3167],
            "transform": [
                [0.126761, 0.907905, 0.39955, -0.0, 0.057722, -0.408868, 0.910766, 0.4, 0.990252, -0.092386, -0.104235, -0.0, 0.0, 0.0, 0.0, 1.0],
                [-0.182598, 0.898341, 0.39955, -0.0, 0.190496, -0.366356, 0.910766, 0.4, 0.964556, 0.242417, -0.104235, 0.0, 0.0, 0.0, 0.0, 1.0],
                [-0.256489, 0.880098, 0.39955, -0.0, 0.22023, -0.349291, 0.910766, 0.4, 0.941123, 0.321595, -0.104235, 0.0, 0.0, 0.0, 0.0, 1.0],
                [0.066609, 0.914288, 0.39955, 0.0, 0.084561, -0.404172, 0.910766, 0.4, 0.994189, -0.026879, -0.104235, 0.0, 0.0, 0.0, 0.0, 1.0],
                [0.126761, 0.907905, 0.39955, 0.0, 0.057722, -0.408868, 0.910766, 0.4, 0.990252, -0.092386, -0.104235, 0.0, 0.0, 0.0, 0.0, 1.0],
                [0.110305, 0.959352, 0.259762, -0.0, 0.091141, -0.270019, 0.958532, 0.4, 0.98971, -0.082056, -0.11722, -0.0, 0.0, 0.0, 0.0, 1.0]
            ]
        },
        {
            "name": "Arm_R",
            "time": [0.0, 0.1167, 0.35, 0.45, 0.85, 1.0833, 1.3167],
            "transform": [
                [0.123637, -0.19265, -0.973447, -0.0, -0.541919, 0.808667, -0.228868, 0.393861, 0.831287, 0.555826, -0.00442, -0.0, 0.0, 0.0, 0.0, 1.0],
                [0.406167, 0.11868, -0.906059, -0.0, -0.185702, 0.98156, 0.045324, 0.393861, 0.894731, 0.149848, 0.420716, -0.0, 0.0, 0.0, 0.0, 1.0],
                [0.483759, 0.170406, -0.858451, 0.0, -0.108015, 0.984988, 0.134654, 0.39386, 0.86851, 0.027585, 0.494904, -0.0, 0.0, 0.0, 0.0, 1.0],
                [0.17786, 0.133851, -0.97491, -0.0, -0.478295, 0.877571, 0.033228, 0.393861, 0.86, 0.460384, 0.220105, 0.0, 0.0, 0.0, 0.0, 1.0],
                [0.123637, 0.110041, -0.986207, -0.0, -0.541919, 0.840035, 0.025793, 0.39386, 0.831287, 0.531256, 0.163492, -0.0, 0.0, 0.0, 0.0, 1.0],
                [0.363434, 0.613543, -0.701057, 0.0, 0.571827, 0.447169, 0.687789, 0.39386, 0.735479, -0.65085, -0.188324, 0.0, 0.0, 0.0, 0.0, 1.0],
                [0.02437, 0.061937, -0.997782, -0.0, 0.945036, 0.324099, 0.0432, 0.393861, 0.326056, -0.943994, -0.050634, 0.0, 0.0, 0.0, 0.0, 1.0]
            ]
        },
        {
            "name": "Hand_R",
            "time": [0.0, 0.1167, 0.35, 0.45, 0.85, 1.3167],
            "transform": [
                [0.999998, -0.000328, 0.001794, 0.0, 0.000868, 0.950647, -0.310273, 0.3, -0.001603, 0.310274, 0.950646, -0.0, 0.0, 0.0, 0.0, 1.0],
                [0.999998, 0.001002, 0.001523, -0.0, 0.000868, 0.472902, -0.881115, 0.3, -0.001603, 0.881114, 0.4729, 0.0, 0.0, 0.0, 0.0, 1.0],
                [0.999998, 0.001263, 0.001315, 0.0, 0.000868, 0.30437, -0.952554, 0.3, -0.001603, 0.952553, 0.304369, 0.0, 0.0, 0.0, 0.0, 1.0],
                [0.999998, -6.5e-05, 0.001822, -0.0, 0.000868, 0.895722, -0.444613, 0.3, -0.001603, 0.444614, 0.895721, 0.0, 0.0, 0.0, 0.0, 1.0],
                [0.999998, -0.000328, 0.001794, -0.0, 0.000868, 0.950647, -0.310273, 0.3, -0.001603, 0.310274, 0.950646, -0.0, 0.0, 0.0, 0.0, 1.0],
                [0.999998, -0.000405, 0.001778, 0.0, 0.000868, 0.963176, -0.268872, 0.3, -0.001603, 0.268873, 0.963174, 0.0, 0.0, 0.0, 0.0, 1.0]
            ]
        },
        {
            "name": "Tool_R",
            "time": [0.0, 0.1167, 0.35, 0.45, 0.85, 1.3167],
            "transform": [
                [-0.174406, 0.965809, -0.19182, 0.015053, -0.26417, -0.233558, -0.93577, 0.243316, -0.948017, -0.112467, 0.295687, 0.024459, 0.0, 0.0, 0.0, 1.0],
                [-0.233352, 0.956212, -0.176649, -0.000345, -0.513006, -0.275388, -0.81301, 0.245911, -0.825574, -0.09904, 0.554468, 0.102297, 0.0, 0.0, 0.0, 1.0],
                [-0.010959, 0.997015, 0.076431, 0.013866, -0.03478, 0.076009, -0.9965, 0.241041, -0.998744, -0.01357, 0.033812, 0.064112, 0.0, 0.0, 0.0, 1.0],
                [-0.186195, 0.963922, -0.190225, 0.012042, -0.315246, -0.241986, -0.91764, 0.243824, -0.930017, -0.110829, 0.348713, 0.039681, 0.0, 0.0, 0.0, 1.0],
                [-0.174406, 0.965809, -0.19182, 0.015054, -0.26417, -0.233558, -0.93577, 0.243316, -0.948018, -0.112467, 0.295687, 0.024459, 0.0, 0.0, 0.0, 1.0],
                [0.993314, -0.054493, -0.101777, 0.015054, -0.088154, -0.927265, -0.363881, 0.243316, -0.074502, 0.37019, -0.925324, 0.024459, 0.0, 0.0, 0.0, 1.0]
            ]
        },
        {
            "name": "Elbow_R",
            "time": [0.0, 0.1167, 0.35, 0.45, 0.85, 1.3167],
            "transform": [
                [-1.0, 0.0, -0.0, 0.0, 0.0, -0.0, -1.0, 0.341622, -0.0, -1.0, 0.0, 0.0, 0.0, 0.0, 0.0, 1.0],
                [-1.0, 0.0, -0.0, -0.0, 0.0, -0.0, -1.0, 0.341622, -0.0, -1.0, 0.0, 0.0, 0.0, 0.0, 0.0, 1.0],
                [-1.0, 0.0, 0.0, 0.0, 0.0, 0.0, -1.0, 0.341622, -0.0, -1.0, 0.0, 0.0, 0.0, 0.0, 0.0, 1.0],
                [-1.0, 0.0, -0.0, -0.0, 0.0, -0.0, -1.0, 0.341622, -0.0, -1.0, 0.0, 0.0, 0.0, 0.0, 0.0, 1.0],
                [-1.0, 0.0, -0.0, -0.0, 0.0, -0.0, -1.0, 0.341622, -0.0, -1.0, 0.0, -0.0, 0.0, 0.0, 0.0, 1.0],
                [-1.0, 0.0, -0.0, 0.0, 0.0, -0.0, -1.0, 0.341622, -0.0, -1.0, 0.0, 0.0, 0.0, 0.0, 0.0, 1.0]
            ]
        },
        {
            "name": "Shoulder_L",
            "time": [0.0, 0.1167, 0.35, 0.45, 0.85, 1.3167],
            "transform": [
                [-0.061027, -0.940471, -0.334351, -0.0, 0.055989, -0.337674, 0.939597, 0.4, -0.996564, 0.038621, 0.073263, -0.0, 0.0, 0.0, 0.0, 1.0],
                [-0.061027, -0.940471, -0.334351, -0.0, 0.055989, -0.337674, 0.939597, 0.4, -0.996565, 0.038621, 0.073263, 0.0, 0.0, 0.0, 0.0, 1.0],
                [-0.061027, -0.940471, -0.334351, -0.0, 0.055989, -0.337674, 0.939597, 0.4, -0.996565, 0.038621, 0.073263, 0.0, 0.0, 0.0, 0.0, 1.0],
                [-0.061027, -0.940471, -0.334351, 0.0, 0.055989, -0.337674, 0.939597, 0.4, -0.996565, 0.038621, 0.073263, 0.0, 0.0, 0.0, 0.0, 1.0],
                [-0.061027, -0.94047, -0.334351, 0.0, 0.055989, -0.337673, 0.939596, 0.4, -0.996564, 0.038621, 0.073263, 0.0, 0.0, 0.0, 0.0, 1.0],
                [-0.226937, -0.947819, -0.223918, -0.0, -0.021067, -0.225085, 0.974111, 0.4, -0.973681, 0.225779, 0.031113, -0.0, 0.0, 0.0, 0.0, 1.0]
            ]
        },
        {
            "name": "Arm_L",
            "time": [0.0, 0.1167, 0.35, 0.45, 0.85, 1.3167],
            "transform": [
                [-0.175492, 0.753042, 0.634138, -0.0, 0.213843, 0.657912, -0.722096, 0.39386, -0.960976, 0.008884, -0.276491, 0.0, 0.0, 0.0, 0.0, 1.0],
                [-0.175492, 0.753042, 0.634138, 0.0, 0.213843, 0.657912, -0.722096, 0.39386, -0.960975, 0.008884, -0.276491, 0.0, 0.0, 0.0, 0.0, 1.0],
                [-0.175492, 0.753042, 0.634138, 0.0, 0.213843, 0.657913, -0.722096, 0.39386, -0.960976, 0.008884, -0.276491, 0.0, 0.0, 0.0, 0.0, 1.0],
                [-0.057405, -0.109672, 0.992309, -0.0, -0.496705, 0.865337, 0.066904, 0.39386, -0.866019, -0.489044, -0.104149, -0.0, 0.0, 0.0, 0.0, 1.0],
                [0.031819, -0.258173, 0.965575, -0.0, -0.582815, 0.780031, 0.227768, 0.39386, -0.811981, -0.569999, -0.125647, 0.0, 0.0, 0.0, 0.0, 1.0],
                [0.028967, 0.056681, 0.997972, -0.0, -0.931842, 0.362807, 0.006442, 0.39386, -0.361707, -0.930138, 0.063327, 0.0, 0.0, 0.0, 0.0, 1.0]
            ]
        },
        {
            "name": "Hand_L",
            "time": [0.0, 0.1167, 0.35, 0.45, 0.85, 1.3167],
            "transform": [
                [0.999993, -0.003739, -0.00066, 0.0, 0.000938, 0.411635, -0.911349, 0.3, 0.003679, 0.911342, 0.411635, 0.0, 0.0, 0.0, 0.0, 1.0],
                [0.999993, -0.003739, -0.00066, -0.0, 0.000938, 0.411635, -0.911349, 0.3, 0.003679, 0.911342, 0.411635, 0.0, 0.0, 0.0, 0.0, 1.0],
                [0.999993, -0.003739, -0.00066, 0.0, 0.000938, 0.411635, -0.911349, 0.3, 0.003679, 0.911342, 0.411635, -0.0, 0.0, 0.0, 0.0, 1.0],
                [0.999993, -0.003739, -0.000659, 0.0, 0.000938, 0.411634, -0.911349, 0.3, 0.003679, 0.911342, 0.411635, -0.0, 0.0, 0.0, 0.0, 1.0],
                [0.999993, -0.003739, -0.000659, 0.0, 0.000938, 0.411635, -0.911349, 0.3, 0.003679, 0.911342, 0.411635, 0.0, 0.0, 0.0, 0.0, 1.0],
                [0.999993, -0.001541, -0.00347, 0.0, 0.000938, 0.985901, -0.167329, 0.3, 0.003679, 0.167324, 0.985895, 0.0, 0.0, 0.0, 0.0, 1.0]
            ]
        },
        {
            "name": "Tool_L",
            "time": [0.0, 0.1167, 0.35, 0.45, 0.85, 1.3167],
            "transform": [
                [0.997004, 0.01104, -0.076554, -0.0, -0.036659, -0.804079, -0.593391, 0.272858, -0.068067, 0.594062, -0.8008, -0.0, 0.0, 0.0, 0.0, 1.0],
                [0.997004, 0.01104, -0.076554, 0.0, -0.036659, -0.804079, -0.593391, 0.272858, -0.068067, 0.594062, -0.8008, -0.0, 0.0, 0.0, 0.0, 1.0],
                [0.997004, 0.01104, -0.076554, -0.0, -0.036659, -0.804079, -0.593391, 0.272858, -0.068067, 0.594062, -0.8008, -0.0, 0.0, 0.0, 0.0, 1.0],
                [0.997004, 0.01104, -0.076554, -0.0, -0.036659, -0.804079, -0.593391, 0.272858, -0.068067, 0.594062, -0.8008, -0.0, 0.0, 0.0, 0.0, 1.0],
                [0.997004, 0.01104, -0.076554, 0.0, -0.036659, -0.804079, -0.593392, 0.272858, -0.068067, 0.594062, -0.800801, -0.0, 0.0, 0.0, 0.0, 1.0],
                [0.997004, 0.01104, -0.076554, -0.0, -0.036659, -0.804079, -0.593391, 0.272858, -0.068067, 0.594062, -0.8008, -0.0, 0.0, 0.0, 0.0, 1.0]
            ]
        },
        {
            "name": "Elbow_L",
            "time": [0.0, 0.1167, 0.35, 0.45, 0.85, 1.3167],
            "transform": [
                [-1.0, 0.0, -0.0, 2.7e-05, 0.0, -0.0, -1.0, 0.334301, -0.0, -1.0, -0.0, -0.002121, 0.0, 0.0, 0.0, 1.0],
                [-1.0, 0.0, -0.0, 2.7e-05, 0.0, -0.0, -1.0, 0.334301, -0.0, -1.0, -0.0, -0.002121, 0.0, 0.0, 0.0, 1.0],
                [-1.0, 0.0, -0.0, 2.7e-05, 0.0, -0.0, -1.0, 0.334301, -0.0, -1.0, -0.0, -0.002121, 0.0, 0.0, 0.0, 1.0],
                [-1.0, 0.0, -0.0, 2.7e-05, 0.0, -0.0, -1.0, 0.334301, -0.0, -1.0, -0.0, -0.002121, 0.0, 0.0, 0.0, 1.0],
                [-1.0, 0.0, 0.0, 2.7e-05, 0.0, -0.0, -1.0, 0.334301, -0.0, -1.0, -0.0, -0.002121, 0.0, 0.0, 0.0, 1.0],
                [-1.0, 0.0, -0.0, 2.7e-05, 0.0, -0.0, -1.0, 0.334301, -0.0, -1.0, -0.0, -0.002121, 0.0, 0.0, 0.0, 1.0]
            ]
        }
    ]
}