{
    "animation": [
        {
            "name": "Root",
            "time": [0.0, 0.2333, 0.4667, 0.7, 0.9333],
            "transform": [
                [0.996276, 0.0, -0.086227, -5e-06, -0.086227, 0.0, -0.996276, 0.000946, 0.0, 1.0, 0.0, 0.743765, 0.0, 0.0, 0.0, 1.0],
                [0.97819, -0.032659, -0.205128, -5e-06, -0.205013, 0.006845, -0.978735, 0.000946, 0.033369, 0.999443, 0.0, 0.698873, 0.0, 0.0, 0.0, 1.0],
                [0.996276, 0.0, -0.086227, -5e-06, -0.086227, 0.0, -0.996276, 0.000946, 0.0, 1.0, 0.0, 0.743765, 0.0, 0.0, 0.0, 1.0],
                [0.999222, 0.032085, 0.022923, -5e-06, 0.022911, 0.000736, -0.999737, 0.000946, -0.032093, 0.999485, 0.0, 0.67533, 0.0, 0.0, 0.0, 1.0],
                [0.996276, 0.0, -0.086227, -5e-06, -0.086227, 0.0, -0.996276, 0.000946, 0.0, 1.0, 0.0, 0.743765, 0.0, 0.0, 0.0, 1.0]
            ]
        },
        {
            "name": "Thigh_R",
            "time": [0.0, 0.2333, 0.4667, 0.7, 0.9333],
            "transform": [
                [0.999125, 0.039328, -0.014227, 0.124994, 0.036959, -0.989491, -0.139777, -0.002831, -0.019575, 0.139129, -0.990081, -1.2e-05, 0.0, 0.0, 0.0, 1.0],
                [0.976023, 0.09377, -0.196432, 0.124994, 0.025372, -0.945304, -0.325197, -0.002831, -0.216182, 0.312415, -0.92502, -1.2e-05, 0.0, 0.0, 0.0, 1.0],
                [0.989784, -0.016296, -0.141638, 0.124994, 0.070971, -0.805301, 0.588601, -0.002831, -0.123653, -0.592639, -0.795919, -1.2e-05, 0.0, 0.0, 0.0, 1.0],
                [0.995431, 0.095148, 0.007963, 0.124994, 0.076247, -0.84233, 0.533538, -0.002831, 0.057473, -0.530492, -0.845739, -1.2e-05, 0.0, 0.0, 0.0, 1.0],
                [0.999125, 0.039328, -0.014227, 0.124994, 0.036959, -0.989491, -0.139777, -0.002831, -0.019575, 0.139129, -0.990081, -1.2e-05, 0.0, 0.0, 0.0, 1.0]
            ]
        },
        {
            "name": "Leg_R",
            "time": [0.0, 0.2333, 0.4667, 0.7, 0.9333],
            "transform": [
                [1.0, -0.0, 1e-06, -0.0, 0.0, 0.997612, 0.069073, 0.37472, -1e-06, -0.069073, 0.997611, -0.0, 0.0, 0.0, 0.0, 1.0],
                [0.999948, -0.004772, 0.009002, -0.0, 0.002312, 0.966751, 0.255712, 0.37472, -0.009923, -0.255678, 0.96671, 0.0, 0.0, 0.0, 0.0, 1.0],
                [1.0, -1e-06, 0.0, 0.0, 0.0, 0.376571, 0.926387, 0.37472, -1e-06, -0.926388, 0.376571, 0.0, 0.0, 0.0, 0.0, 1.0],
                [1.0, -0.0, 1e-06, -0.0, 0.0, 0.97873, 0.205157, 0.37472, -1e-06, -0.205157, 0.978728, 0.0, 0.0, 0.0, 0.0, 1.0],
                [1.0, -0.0, 1e-06, -0.0, 0.0, 0.997612, 0.069073, 0.37472, -1e-06, -0.069073, 0.997611, -0.0, 0.0, 0.0, 0.0, 1.0]
            ]
        },
        {
            "name": "Knee_R",
            "time": [0.0, 0.2333, 0.4667, 0.7, 0.9333],
            "transform": [
                [1.0, 0.0, -0.0, -0.0, -0.0, 1e-06, -1.0, 0.37472, -0.0, 1.0, 1e-06, -0.0, 0.0, 0.0, 0.0, 1.0],
                [1.0, 0.0, -0.0, -0.0, -0.0, 0.038306, -0.999266, 0.37472, -0.0, 0.999266, 0.038306, 0.0, 0.0, 0.0, 0.0, 1.0],
                [1.0, 0.0, -0.0, 0.0, -0.0, 0.076556, -0.997065, 0.37472, -0.0, 0.997065, 0.076556, 0.0, 0.0, 0.0, 0.0, 1.0],
                [1.0, 0.0, -0.0, -0.0, -0.0, 0.038306, -0.999266, 0.37472, -0.0, 0.999266, 0.038306, 0.0, 0.0, 0.0, 0.0, 1.0],
                [1.0, 0.0, -0.0, -0.0, -0.0, 1e-06, -1.0, 0.37472, -0.0, 1.0, 1e-06, -0.0, 0.0, 0.0, 0.0, 1.0]
            ]
        },
        {
            "name": "Thigh_L",
            "time": [0.0, 0.2333, 0.4, 0.4667, 0.7, 0.9333],
            "transform": [
                [0.99569, -0.081037, -0.045082, -0.125006, -0.046348, -0.85596, 0.514959, -0.002831, -0.080319, -0.510651, -0.856028, -1.2e-05, 0.0, 0.0, 0.0, 1.0],
                [0.970523, -0.170948, -0.169882, -0.125006, -0.075879, -0.885786, 0.457848, -0.002831, -0.228747, -0.431462, -0.872648, -1.2e-05, 0.0, 0.0, 0.0, 1.0],
                [0.985816, -0.047733, -0.160895, -0.125006, -0.045009, -0.998775, 0.020533, -0.002831, -0.161678, -0.013, -0.986758, -1.2e-05, 0.0, 0.0, 0.0, 1.0],
                [0.991726, -0.009267, -0.128033, -0.125006, -0.029608, -0.987011, -0.157901, -0.002831, -0.124906, 0.160386, -0.979119, -1.2e-05, 0.0, 0.0, 0.0, 1.0],
                [0.999699, -0.00853, 0.022975, -0.125006, 0.002437, -0.898222, -0.439534, -0.002831, 0.024386, 0.439459, -0.897931, -1.2e-05, 0.0, 0.0, 0.0, 1.0],
                [0.99569, -0.081037, -0.045082, -0.125006, -0.046348, -0.85596, 0.514959, -0.002831, -0.080319, -0.510651, -0.856028, -1.2e-05, 0.0, 0.0, 0.0, 1.0]
            ]
        },
        {
            "name": "Leg_L",
            "time": [0.0, 0.2333, 0.4667, 0.7, 0.9333],
            "transform": [
                [0.999989, 0.001721, -0.004331, -0.0, 0.003782, 0.243162, 0.969979, 0.37472, 0.002722, -0.969984, 0.243153, 0.0, 0.0, 0.0, 0.0, 1.0],
                [0.999989, -0.003317, -0.003274, 0.0, 0.003782, 0.988, 0.154406, 0.37472, 0.002722, -0.154417, 0.988002, 0.0, 0.0, 0.0, 0.0, 1.0],
                [0.999989, -0.003642, -0.002907, 0.0, 0.003782, 0.998758, 0.049672, 0.37472, 0.002722, -0.049683, 0.998762, -0.0, 0.0, 0.0, 0.0, 1.0],
                [0.999989, -0.003136, -0.003447, -0.0, 0.003782, 0.978283, 0.20724, 0.37472, 0.002722, -0.207251, 0.978284, -0.0, 0.0, 0.0, 0.0, 1.0],
                [0.999989, 0.001721, -0.004331, -0.0, 0.003782, 0.243162, 0.969979, 0.37472, 0.002722, -0.969984, 0.243153, 0.0, 0.0, 0.0, 0.0, 1.0]
            ]
        },
        {
            "name": "Knee_L",
            "time": [0.0, 0.2333, 0.4667, 0.7, 0.9333],
            "transform": [
                [1.0, 0.0, -0.0, -0.0, -0.0, 0.410561, -0.911833, 0.37472, -0.0, 0.911833, 0.410561, 0.0, 0.0, 0.0, 0.0, 1.0],
                [1.0, 0.0, -0.0, 0.0, -0.0, 0.115137, -0.99335, 0.37472, -0.0, 0.99335, 0.115137, 0.0, 0.0, 0.0, 0.0, 1.0],
                [1.0, 0.0, -0.0, 0.0, -0.0, 0.115137, -0.99335, 0.37472, -0.0, 0.99335, 0.115137, -0.0, 0.0, 0.0, 0.0, 1.0],
                [1.0, 0.0, -0.0, -0.0, -0.0, 0.265991, -0.963976, 0.37472, -0.0, 0.963976, 0.265991, -0.0, 0.0, 0.0, 0.0, 1.0],
                [1.0, 0.0, -0.0, -0.0, -0.0, 0.410561, -0.911833, 0.37472, -0.0, 0.911833, 0.410561, 0.0, 0.0, 0.0, 0.0, 1.0]
            ]
        },
        {
            "name": "Torso",
            "time": [0.0, 0.2333, 0.4667, 0.7, 0.9333],
            "transform": [
                [0.99978, -0.020971, -0.000197, -0.0, 0.020971, 0.999603, 0.018833, 0.05, -0.000198, -0.018833, 0.999823, -0.0, 0.0, 0.0, 0.0, 1.0],
                [0.99978, -0.020971, -0.000197, 0.0, 0.020971, 0.999603, 0.018833, 0.05, -0.000198, -0.018833, 0.999823, 0.0, 0.0, 0.0, 0.0, 1.0],
                [0.99978, -0.020971, -0.000197, -0.0, 0.020971, 0.999603, 0.018833, 0.05, -0.000198, -0.018833, 0.999823, -0.0, 0.0, 0.0, 0.0, 1.0],
                [0.99978, -0.020971, -0.000197, -0.0, 0.020971, 0.999603, 0.018833, 0.05, -0.000198, -0.018833, 0.999823, 0.0, 0.0, 0.0, 0.0, 1.0],
                [0.99978, -0.020971, -0.000197, -0.0, 0.020971, 0.999603, 0.018833, 0.05, -0.000198, -0.018833, 0.999823, -0.0, 0.0, 0.0, 0.0, 1.0]
            ]
        },
        {
            "name": "Chest",
            "time": [0.0, 0.2333, 0.4667, 0.7, 0.9333],
            "transform": [
                [0.999771, -0.021316, -0.002029, 0.0, 0.021411, 0.994316, 0.104295, 0.3, -0.000206, -0.104315, 0.994544, 0.0, 0.0, 0.0, 0.0, 1.0],
                [0.984281, -0.021316, 0.17532, 0.0, 0.002574, 0.994316, 0.106439, 0.3, -0.176593, -0.104315, 0.978741, -0.0, 0.0, 0.0, 0.0, 1.0],
                [0.999771, -0.021316, -0.002029, 0.0, 0.021411, 0.994316, 0.104295, 0.3, -0.000206, -0.104315, 0.994544, 0.0, 0.0, 0.0, 0.0, 1.0],
                [0.993805, -0.021316, -0.109076, -0.0, 0.032457, 0.994316, 0.101403, 0.3, 0.106295, -0.104315, 0.988848, 0.0, 0.0, 0.0, 0.0, 1.0],
                [0.999771, -0.021316, -0.002029, 0.0, 0.021411, 0.994316, 0.104295, 0.3, -0.000206, -0.104315, 0.994544, 0.0, 0.0, 0.0, 0.0, 1.0]
            ]
        },
        {
            "name": "Head",
            "time": [0.0, 0.2333, 0.4667, 0.7, 0.9333],
            "transform": [
                [0.997758, 0.037721, 0.05528, -0.0, -0.034869, 0.998055, -0.051681, 0.4, -0.057122, 0.049637, 0.997133, -0.0, 0.0, 0.0, 0.0, 1.0],
                [0.997758, 0.037721, 0.05528, -0.0, -0.034869, 0.998055, -0.051681, 0.4, -0.057122, 0.049637, 0.997133, 0.0, 0.0, 0.0, 0.0, 1.0],
                [0.997758, 0.037721, 0.05528, -0.0, -0.034869, 0.998055, -0.051681, 0.4, -0.057122, 0.049637, 0.997133, -0.0, 0.0, 0.0, 0.0, 1.0],
                [0.997758, 0.037721, 0.05528, 0.0, -0.034869, 0.998055, -0.051681, 0.4, -0.057122, 0.049637, 0.997133, -0.0, 0.0, 0.0, 0.0, 1.0],
                [0.997758, 0.037721, 0.05528, -0.0, -0.034869, 0.998055, -0.051681, 0.4, -0.057122, 0.049637, 0.997133, -0.0, 0.0, 0.0, 0.0, 1.0]
            ]
        },
        {
            "name": "Shoulder_R",
            "time": [0.0, 0.2333, 0.4667, 0.7, 0.9333],
            "transform": [
                [0.110305, 0.959352, 0.259762, -0.0, 0.091141, -0.270019, 0.958532, 0.4, 0.98971, -0.082056, -0.11722, -0.0, 0.0, 0.0, 0.0, 1.0],
                [0.110305, 0.959352, 0.259762, -0.0, 0.091141, -0.270019, 0.958532, 0.4, 0.98971, -0.082056, -0.11722, 0.0, 0.0, 0.0, 0.0, 1.0],
                [0.110305, 0.959352, 0.259762, -0.0, 0.091141, -0.270019, 0.958532, 0.4, 0.98971, -0.082056, -0.11722, -0.0, 0.0, 0.0, 0.0, 1.0],
                [0.110305, 0.959352, 0.259762, 0.0, 0.091141, -0.270019, 0.958532, 0.4, 0.98971, -0.082056, -0.11722, -0.0, 0.0, 0.0, 0.0, 1.0],
                [0.110305, 0.959352, 0.259762, -0.0, 0.091141, -0.270019, 0.958532, 0.4, 0.98971, -0.082056, -0.11722, -0.0, 0.0, 0.0, 0.0, 1.0]
            ]
        },
        {
            "name": "Arm_R",
            "time": [0.0, 0.2333, 0.4667, 0.7, 0.9333],
            "transform": [
                [0.11793, -0.069305, -0.9906, 0.0, 0.942732, 0.321249, 0.089755, 0.39386, 0.312009, -0.944455, 0.103221, -0.0, 0.0, 0.0, 0.0, 1.0],
                [0.14015, -0.302556, -0.942771, -0.0, 0.944295, 0.327193, 0.035373, 0.39386, 0.297766, -0.895212, 0.331558, 0.0, 0.0, 0.0, 0.0, 1.0],
                [0.11793, -0.069305, -0.9906, 0.0, 0.942732, 0.321249, 0.089755, 0.39386, 0.312009, -0.944455, 0.103221, -0.0, 0.0, 0.0, 0.0, 1.0],
                [0.192168, 0.220088, -0.956364, -0.0, 0.915375, 0.311116, 0.255529, 0.393861, 0.353779, -0.924537, -0.141676, -0.0, 0.0, 0.0, 0.0, 1.0],
                [0.11793, -0.069305, -0.9906, 0.0, 0.942732, 0.321249, 0.089755, 0.39386, 0.312009, -0.944455, 0.103221, -0.0, 0.0, 0.0, 0.0, 1.0]
            ]
        },
        {
            "name": "Hand_R",
            "time": [0.0, 0.2333, 0.4667, 0.7, 0.9333],
            "transform": [
                [0.999998, -0.000848, 0.001614, -0.0, 0.000868, 0.999919, -0.012686, 0.3, -0.001603, 0.012688, 0.999918, 0.0, 0.0, 0.0, 0.0, 1.0],
                [0.999998, -0.000848, 0.001614, 0.0, 0.000868, 0.999919, -0.012686, 0.3, -0.001603, 0.012688, 0.999918, 0.0, 0.0, 0.0, 0.0, 1.0],
                [0.999998, -0.000848, 0.001614, -0.0, 0.000868, 0.999919, -0.012686, 0.3, -0.001603, 0.012688, 0.999918, 0.0, 0.0, 0.0, 0.0, 1.0],
                [0.999998, -0.000202, 0.001812, 0.0, 0.000868, 0.926846, -0.37544, 0.3, -0.001603, 0.37544, 0.926845, 0.0, 0.0, 0.0, 0.0, 1.0],
                [0.999998, -0.000848, 0.001614, -0.0, 0.000868, 0.999919, -0.012686, 0.3, -0.001603, 0.012688, 0.999918, 0.0, 0.0, 0.0, 0.0, 1.0]
            ]
        },
        {
            "name": "Tool_R",
            "time": [0.0, 0.2333, 0.4667, 0.7, 0.9333],
            "transform": [
                [0.993314, -0.07299, -0.089437, -0.004571, -0.088145, -0.979835, -0.179316, 0.299968, -0.074502, 0.18588, -0.97914, 0.013172, 0.0, 0.0, 0.0, 1.0],
                [0.993314, -0.07299, -0.089437, -0.004571, -0.088145, -0.979835, -0.179316, 0.299968, -0.074502, 0.18588, -0.97914, 0.013172, 0.0, 0.0, 0.0, 1.0],
                [0.993314, -0.07299, -0.089437, -0.004571, -0.088145, -0.979835, -0.179316, 0.299968, -0.074502, 0.18588, -0.97914, 0.013172, 0.0, 0.0, 0.0, 1.0],
                [0.993314, -0.07299, -0.089437, -0.004571, -0.088145, -0.979835, -0.179316, 0.299968, -0.074502, 0.18588, -0.97914, 0.013172, 0.0, 0.0, 0.0, 1.0],
                [0.993314, -0.07299, -0.089437, -0.004571, -0.088145, -0.979835, -0.179316, 0.299968, -0.074502, 0.18588, -0.97914, 0.013172, 0.0, 0.0, 0.0, 1.0]
            ]
        },
        {
            "name": "Elbow_R",
            "time": [0.0, 0.2333, 0.4667, 0.7, 0.9333],
            "transform": [
                [-1.0, 0.0, -0.0, -0.0, 0.0, -0.0, -1.0, 0.327556, -0.0, -1.0, 0.0, 0.0, 0.0, 0.0, 0.0, 1.0],
                [-1.0, 0.0, -0.0, -0.0, 0.0, -0.0, -1.0, 0.327556, -0.0, -1.0, 0.0, 0.0, 0.0, 0.0, 0.0, 1.0],
                [-1.0, 0.0, -0.0, -0.0, 0.0, -0.0, -1.0, 0.327556, -0.0, -1.0, 0.0, 0.0, 0.0, 0.0, 0.0, 1.0],
                [-1.0, 0.0, -0.0, 0.0, -0.0, 0.0, -1.0, 0.327556, -0.0, -1.0, 0.0, 0.0, 0.0, 0.0, 0.0, 1.0],
                [-1.0, 0.0, -0.0, -0.0, 0.0, -0.0, -1.0, 0.327556, -0.0, -1.0, 0.0, 0.0, 0.0, 0.0, 0.0, 1.0]
            ]
        },
        {
            "name": "Shoulder_L",
            "time": [0.0, 0.2333, 0.4667, 0.7, 0.9333],
            "transform": [
                [-0.226937, -0.950164, -0.213747, -0.0, -0.021067, -0.214633, 0.976468, 0.4, -0.973681, 0.2261, 0.028691, -0.0, 0.0, 0.0, 0.0, 1.0],
                [-0.226937, -0.950164, -0.213747, -0.0, -0.021067, -0.214633, 0.976468, 0.4, -0.973682, 0.2261, 0.028691, 0.0, 0.0, 0.0, 0.0, 1.0],
                [-0.226937, -0.950164, -0.213747, -0.0, -0.021067, -0.214633, 0.976468, 0.4, -0.973681, 0.2261, 0.028691, -0.0, 0.0, 0.0, 0.0, 1.0],
                [-0.226937, -0.950164, -0.213747, 0.0, -0.021067, -0.214633, 0.976468, 0.4, -0.973682, 0.2261, 0.028691, -0.0, 0.0, 0.0, 0.0, 1.0],
                [-0.226937, -0.950164, -0.213747, -0.0, -0.021067, -0.214633, 0.976468, 0.4, -0.973681, 0.2261, 0.028691, -0.0, 0.0, 0.0, 0.0, 1.0]
            ]
        },
        {
            "name": "Arm_L",
            "time": [0.0, 0.2333, 0.4667, 0.7, 0.9333],
            "transform": [
                [0.028182, 0.057075, 0.997972, 0.0, -0.936759, 0.349916, 0.006442, 0.39386, -0.348839, -0.935041, 0.063327, 0.0, 0.0, 0.0, 0.0, 1.0],
                [0.06386, -0.169477, 0.983463, -0.0, -0.935492, 0.333015, 0.118132, 0.39386, -0.347529, -0.927566, -0.137278, 0.0, 0.0, 0.0, 0.0, 1.0],
                [0.023127, 0.059304, 0.997972, 0.0, -0.963575, 0.267361, 0.006442, 0.39386, -0.266437, -0.96177, 0.063327, 0.0, 0.0, 0.0, 0.0, 1.0],
                [-0.203912, 0.298523, 0.932365, 0.0, -0.91771, 0.273368, -0.288233, 0.39386, -0.340922, -0.914415, 0.218214, -0.0, 0.0, 0.0, 0.0, 1.0],
                [0.028182, 0.057075, 0.997972, 0.0, -0.936759, 0.349916, 0.006442, 0.39386, -0.348839, -0.935041, 0.063327, 0.0, 0.0, 0.0, 0.0, 1.0]
            ]
        },
        {
            "name": "Hand_L",
            "time": [0.0, 0.2333, 0.4667, 0.7, 0.9333],
            "transform": [
                [0.999993, -0.001541, -0.00347, -0.0, 0.000938, 0.985901, -0.167329, 0.3, 0.003679, 0.167324, 0.985895, 0.0, 0.0, 0.0, 0.0, 1.0],
                [0.999993, -0.001136, -0.003623, 0.0, 0.000938, 0.998527, -0.054254, 0.3, 0.003679, 0.05425, 0.998521, -0.0, 0.0, 0.0, 0.0, 1.0],
                [0.999993, -0.001541, -0.00347, 0.0, 0.000938, 0.985901, -0.167329, 0.3, 0.003679, 0.167324, 0.985895, -0.0, 0.0, 0.0, 0.0, 1.0],
                [0.999993, -0.001541, -0.00347, -0.0, 0.000938, 0.985901, -0.167329, 0.3, 0.003679, 0.167324, 0.985895, -0.0, 0.0, 0.0, 0.0, 1.0],
                [0.999993, -0.001541, -0.00347, -0.0, 0.000938, 0.985901, -0.167329, 0.3, 0.003679, 0.167324, 0.985895, 0.0, 0.0, 0.0, 0.0, 1.0]
            ]
        },
        {
            "name": "Tool_L",
            "time": [0.0, 0.2333, 0.4667, 0.7, 0.9333],
            "transform": [
                [0.997004, 0.01104, -0.076554, -0.0, -0.036659, -0.804079, -0.593391, 0.272858, -0.068067, 0.594062, -0.8008, -0.0, 0.0, 0.0, 0.0, 1.0],
                [0.997004, 0.01104, -0.076554, 0.0, -0.036659, -0.804079, -0.593391, 0.272858, -0.068067, 0.594062, -0.8008, -0.0, 0.0, 0.0, 0.0, 1.0],
                [0.997004, 0.01104, -0.076554, -0.0, -0.036659, -0.804079, -0.593391, 0.272858, -0.068067, 0.594062, -0.8008, -0.0, 0.0, 0.0, 0.0, 1.0],
                [0.997004, 0.01104, -0.076554, 0.0, -0.036659, -0.804079, -0.593391, 0.272858, -0.068067, 0.594062, -0.800801, -0.0, 0.0, 0.0, 0.0, 1.0],
                [0.997004, 0.01104, -0.076554, -0.0, -0.036659, -0.804079, -0.593391, 0.272858, -0.068067, 0.594062, -0.8008, -0.0, 0.0, 0.0, 0.0, 1.0]
            ]
        },
        {
            "name": "Elbow_L",
            "time": [0.0, 0.2333, 0.4667, 0.7, 0.9333],
            "transform": [
                [-1.0, 0.0, -0.0, 2.7e-05, 0.0, -0.0, -1.0, 0.33151, -0.0, -1.0, -0.0, -0.002121, 0.0, 0.0, 0.0, 1.0],
                [-1.0, 0.0, -0.0, 2.7e-05, 0.0, -0.0, -1.0, 0.33151, -0.0, -1.0, -0.0, -0.002121, 0.0, 0.0, 0.0, 1.0],
                [-1.0, 0.0, -0.0, 2.7e-05, 0.0, -0.0, -1.0, 0.33151, -0.0, -1.0, -0.0, -0.002121, 0.0, 0.0, 0.0, 1.0],
                [-1.0, 0.0, -0.0, 2.7e-05, 0.0, -0.0, -1.0, 0.33151, -0.0, -1.0, -0.0, -0.002121, 0.0, 0.0, 0.0, 1.0],
                [-1.0, 0.0, -0.0, 2.7e-05, 0.0, -0.0, -1.0, 0.33151, -0.0, -1.0, -0.0, -0.002121, 0.0, 0.0, 0.0, 1.0]
            ]
        }
    ]
}