{
    "animation": [
        {
            "name": "Root",
            "time": [0.0, 0.1333, 0.1833, 0.25, 0.4, 0.5167, 0.9333, 1.1833, 1.3833, 1.5833, 1.85],
            "transform": [
                [0.420144, 0.240857, -0.87491, 0.087161, -0.796785, 0.559333, -0.228647, -0.060792, 0.434294, 0.79318, 0.426912, 0.500088, 0.0, 0.0, 0.0, 1.0],
                [-0.869322, 0.493902, 0.018442, 0.087161, -0.130124, -0.264711, 0.955508, 0.19257, 0.476809, 0.828245, 0.294387, 0.709432, 0.0, 0.0, 0.0, 1.0],
                [-0.727277, 0.150315, 0.669681, 0.087161, 0.538401, -0.480191, 0.692489, 0.299559, 0.425666, 0.864189, 0.268302, 0.556521, 0.0, 0.0, 0.0, 1.0],
                [-0.550162, -0.005759, 0.835038, 0.087161, 0.731942, -0.484687, 0.478895, 0.353477, 0.401973, 0.874669, 0.270872, 0.564965, 0.0, 0.0, 0.0, 1.0],
                [-0.013611, 0.07222, 0.997296, 0.258531, 0.990684, -0.134182, 0.023238, 0.950733, 0.135497, 0.988322, -0.069721, 0.521572, 0.0, 0.0, 0.0, 1.0],
                [0.907854, -0.367236, 0.202333, 0.1188, 0.166007, -0.128307, -0.977742, 1.132727, 0.385023, 0.921236, -0.05552, 1.168663, 0.0, 0.0, 0.0, 1.0],
                [0.916092, -0.397047, 0.055931, 0.087161, 0.016231, -0.102656, -0.994584, 1.122359, 0.400639, 0.912039, -0.087598, 1.098287, 0.0, 0.0, 0.0, 1.0],
                [0.955035, 0.051428, 0.292, 0.087161, 0.152127, 0.76033, -0.631471, 1.122359, -0.254492, 0.647497, 0.718318, 0.487803, 0.0, 0.0, 0.0, 1.0],
                [0.882112, -0.133564, 0.451707, 0.087161, 0.312728, 0.88318, -0.349563, 1.122359, -0.35225, 0.449616, 0.820832, 0.608151, 0.0, 0.0, 0.0, 1.0],
                [0.882112, -0.133564, 0.451707, 0.087161, 0.344363, 0.837157, -0.42495, 1.122359, -0.321392, 0.530405, 0.78446, 0.608151, 0.0, 0.0, 0.0, 1.0],
                [0.894626, 0.019094, 0.446407, 0.087161, 0.44657, -0.005164, -0.894734, 0.783214, -0.014779, 0.999804, -0.013147, 0.786569, 0.0, 0.0, 0.0, 1.0]
            ]
        },
        {
            "name": "Thigh_R",
            "time": [0.0, 0.1333, 0.1833, 0.25, 0.4, 0.5167, 0.9333, 1.1833, 1.3833, 1.5833, 1.7333, 1.85],
            "transform": [
                [0.952192, 0.250612, -0.174708, 0.124994, 0.2867, -0.930564, 0.227705, -0.002831, -0.105512, -0.266907, -0.957929, -1.2e-05, 0.0, 0.0, 0.0, 1.0],
                [0.957915, 0.273776, -0.08628, 0.124994, 0.262605, -0.714434, 0.648553, -0.002831, 0.115916, -0.643914, -0.756265, -1.2e-05, 0.0, 0.0, 0.0, 1.0],
                [0.944147, 0.28452, 0.166235, 0.124994, 0.254859, -0.950273, 0.178951, -0.002831, 0.208884, -0.126589, -0.969713, -1.2e-05, 0.0, 0.0, 0.0, 1.0],
                [0.933674, 0.285327, 0.216427, 0.124994, 0.251563, -0.952666, 0.170704, -0.002831, 0.254889, -0.104936, -0.96126, -1.2e-05, 0.0, 0.0, 0.0, 1.0],
                [0.811338, 0.571391, 0.123456, 0.124994, 0.215608, -0.488792, 0.845338, -0.002831, 0.543363, -0.659235, -0.519773, -1.2e-05, 0.0, 0.0, 0.0, 1.0],
                [0.929914, 0.143278, 0.338718, 0.124994, -0.353741, 0.096462, 0.930356, -0.002831, 0.100627, -0.984968, 0.140385, -1.2e-05, 0.0, 0.0, 0.0, 1.0],
                [0.911543, 0.074557, 0.404389, 0.124994, -0.411171, 0.152889, 0.898645, -0.002831, 0.005174, -0.985425, 0.170021, -1.2e-05, 0.0, 0.0, 0.0, 1.0],
                [0.948438, 0.276346, -0.155235, 0.124994, -0.047162, 0.607343, 0.793038, -0.002831, 0.313434, -0.744825, 0.589061, -1.2e-05, 0.0, 0.0, 0.0, 1.0],
                [0.916981, 0.336444, -0.214361, 0.124994, -0.049435, 0.629029, 0.775808, -0.002831, 0.395855, -0.700803, 0.593441, -1.2e-05, 0.0, 0.0, 0.0, 1.0],
                [0.894534, 0.426872, -0.132624, 0.124994, -0.100902, 0.481871, 0.870413, -0.002831, 0.435463, -0.76523, 0.474123, -1.2e-05, 0.0, 0.0, 0.0, 1.0],
                [0.833811, 0.39676, 0.383848, 0.124994, -0.006867, -0.687805, 0.725861, -0.002831, 0.552006, -0.607866, -0.570777, -1.2e-05, 0.0, 0.0, 0.0, 1.0],
                [0.842726, 0.117851, 0.525284, 0.124994, 0.079929, -0.992318, 0.094402, -0.002831, 0.532375, -0.037569, -0.845675, -1.2e-05, 0.0, 0.0, 0.0, 1.0]
            ]
        },
        {
            "name": "Leg_R",
            "time": [0.0, 0.1333, 0.1833, 0.25, 0.4, 0.5167, 0.9333, 1.1833, 1.3833, 1.5833, 1.7333, 1.85],
            "transform": [
                [1.0, -0.0, 0.0, -0.0, 0.0, 0.938693, 0.344756, 0.37472, -0.0, -0.344756, 0.938692, 0.0, 0.0, 0.0, 0.0, 1.0],
                [1.0, -0.0, 0.0, 0.0, 0.0, 0.176227, 0.984349, 0.37472, -0.0, -0.98435, 0.176226, -0.0, 0.0, 0.0, 0.0, 1.0],
                [1.0, -1e-06, 0.0, 0.0, 0.0, 0.938693, 0.344756, 0.37472, -1e-06, -0.344756, 0.938692, 0.0, 0.0, 0.0, 0.0, 1.0],
                [1.0, -0.0, 0.0, 0.0, 0.0, 0.938693, 0.344756, 0.37472, -1e-06, -0.344756, 0.938692, -0.0, 0.0, 0.0, 0.0, 1.0],
                [1.0, -1e-06, -0.0, -0.0, 0.0, 0.229278, 0.97336, 0.37472, -1e-06, -0.973362, 0.229278, -0.0, 0.0, 0.0, 0.0, 1.0],
                [1.0, -1e-06, -0.0, 0.0, 0.0, -0.281366, 0.9596, 0.37472, -1e-06, -0.959601, -0.281365, -0.0, 0.0, 0.0, 0.0, 1.0],
                [1.0, -1e-06, -0.0, -0.0, -0.0, -0.298595, 0.95438, 0.37472, -1e-06, -0.954381, -0.298594, -0.0, 0.0, 0.0, 0.0, 1.0],
                [1.0, -0.0, 1e-06, 0.0, -0.0, 0.64772, 0.761878, 0.37472, -1e-06, -0.761879, 0.647719, 0.0, 0.0, 0.0, 0.0, 1.0],
                [1.0, -1e-06, 1e-06, -0.0, -0.0, 0.497631, 0.867388, 0.37472, -1e-06, -0.86739, 0.49763, -0.0, 0.0, 0.0, 0.0, 1.0],
                [1.0, -1e-06, 1e-06, 0.0, -0.0, 0.651637, 0.758531, 0.37472, -1e-06, -0.758532, 0.651636, -0.0, 0.0, 0.0, 0.0, 1.0],
                [1.0, -1e-06, 0.0, -0.0, 0.0, 0.52591, 0.85054, 0.37472, -1e-06, -0.850541, 0.525909, -0.0, 0.0, 0.0, 0.0, 1.0],
                [1.0, -0.0, 1e-06, 0.0, 0.0, 0.997612, 0.069073, 0.37472, -1e-06, -0.069073, 0.997611, -0.0, 0.0, 0.0, 0.0, 1.0]
            ]
        },
        {
            "name": "Knee_R",
            "time": [0.0, 0.1833, 0.25, 0.4, 0.5167, 0.9333, 1.1833, 1.3833, 1.5833, 1.85],
            "transform": [
                [1.0, 0.0, -0.0, -0.0, -0.0, 1e-06, -1.0, 0.37472, -0.0, 1.0, 1e-06, 0.0, 0.0, 0.0, 0.0, 1.0],
                [1.0, 0.0, -0.0, 0.0, -0.0, 1e-06, -1.0, 0.37472, -0.0, 1.0, 1e-06, 0.0, 0.0, 0.0, 0.0, 1.0],
                [1.0, 0.0, -0.0, 0.0, -0.0, 1e-06, -1.0, 0.37472, -0.0, 1.0, 1e-06, -0.0, 0.0, 0.0, 0.0, 1.0],
                [1.0, 0.0, -0.0, -0.0, -0.0, 0.097687, -0.995217, 0.37472, -0.0, 0.995217, 0.097687, -0.0, 0.0, 0.0, 0.0, 1.0],
                [1.0, 0.0, -0.0, 0.0, -0.0, 0.343107, -0.939296, 0.37472, -0.0, 0.939296, 0.343107, -0.0, 0.0, 0.0, 0.0, 1.0],
                [1.0, 0.0, -0.0, -0.0, -0.0, 0.371557, -0.92841, 0.37472, -0.0, 0.92841, 0.371556, -0.0, 0.0, 0.0, 0.0, 1.0],
                [1.0, 0.0, -0.0, 0.0, -0.0, 0.529446, -0.848343, 0.37472, -0.0, 0.848343, 0.529446, 0.0, 0.0, 0.0, 0.0, 1.0],
                [1.0, 0.0, -0.0, -0.0, -0.0, 0.435458, -0.900209, 0.37472, -0.0, 0.900209, 0.435458, -0.0, 0.0, 0.0, 0.0, 1.0],
                [1.0, 0.0, -0.0, 0.0, -0.0, 0.357782, -0.933805, 0.37472, -0.0, 0.933805, 0.357782, -0.0, 0.0, 0.0, 0.0, 1.0],
                [1.0, 0.0, -0.0, 0.0, -0.0, 1e-06, -1.0, 0.37472, -0.0, 1.0, 1e-06, -0.0, 0.0, 0.0, 0.0, 1.0]
            ]
        },
        {
            "name": "Thigh_L",
            "time": [0.0, 0.1333, 0.1833, 0.25, 0.4, 0.5167, 0.9333, 1.1833, 1.25, 1.3833, 1.5833, 1.85],
            "transform": [
                [0.420113, -0.876046, 0.236745, -0.125006, 0.229418, 0.354941, 0.906302, -0.002831, -0.877993, -0.326436, 0.350096, -1.2e-05, 0.0, 0.0, 0.0, 1.0],
                [0.528529, -0.536339, -0.658025, -0.125006, -0.151208, -0.82222, 0.548717, -0.002831, -0.835339, -0.190514, -0.515666, -1.2e-05, 0.0, 0.0, 0.0, 1.0],
                [0.53545, -0.83827, 0.102939, -0.125006, 0.079876, 0.1716, 0.981923, -0.002831, -0.840781, -0.517548, 0.158841, -1.2e-05, 0.0, 0.0, 0.0, 1.0],
                [0.553263, -0.828656, 0.085026, -0.125006, 0.059528, 0.141141, 0.988198, -0.002831, -0.830876, -0.541673, 0.127415, -1.2e-05, 0.0, 0.0, 0.0, 1.0],
                [0.331694, -0.942272, -0.045858, -0.125006, -0.303123, -0.152484, 0.940672, -0.002831, -0.893361, -0.298115, -0.336203, -1.2e-05, 0.0, 0.0, 0.0, 1.0],
                [0.82957, -0.542029, -0.134232, -0.125006, -0.546132, -0.837667, 0.007331, -0.002831, -0.116415, 0.067228, -0.990922, -1.2e-05, 0.0, 0.0, 0.0, 1.0],
                [0.876198, -0.477142, -0.067906, -0.125006, -0.481931, -0.868672, -0.114681, -0.002831, -0.004269, 0.13321, -0.991078, -1.2e-05, 0.0, 0.0, 0.0, 1.0],
                [0.498981, -0.505423, -0.703963, -0.125006, 0.076721, -0.783363, 0.61681, -0.002831, -0.863209, -0.361786, -0.352107, -1.2e-05, 0.0, 0.0, 0.0, 1.0],
                [0.632735, -0.406916, -0.658836, -0.125006, 0.311829, -0.644884, 0.697773, -0.002831, -0.708808, -0.64695, -0.281153, -1.2e-05, 0.0, 0.0, 0.0, 1.0],
                [0.855723, 0.008648, -0.517361, -0.125006, 0.428748, -0.571606, 0.699601, -0.002831, -0.289677, -0.820483, -0.492844, -1.2e-05, 0.0, 0.0, 0.0, 1.0],
                [0.861412, 0.00738, -0.507852, -0.125006, 0.39316, -0.642709, 0.657533, -0.002831, -0.321548, -0.766075, -0.556539, -1.2e-05, 0.0, 0.0, 0.0, 1.0],
                [0.869243, -0.05516, -0.491298, -0.125006, -0.021407, -0.997024, 0.074063, -0.002831, -0.493921, -0.053862, -0.867837, -1.2e-05, 0.0, 0.0, 0.0, 1.0]
            ]
        },
        {
            "name": "Leg_L",
            "time": [0.0, 0.1333, 0.1833, 0.25, 0.4, 0.5167, 0.9333, 1.1833, 1.3833, 1.5833, 1.85],
            "transform": [
                [0.999989, 0.000191, -0.004656, 0.0, 0.003782, 0.550447, 0.834862, 0.37472, 0.002722, -0.83487, 0.550441, -0.0, 0.0, 0.0, 0.0, 1.0],
                [0.999989, -0.002407, -0.003991, -0.0, 0.003782, 0.919413, 0.393276, 0.37472, 0.002722, -0.393286, 0.919413, 0.0, 0.0, 0.0, 0.0, 1.0],
                [0.999989, 0.000949, -0.004562, 0.0, 0.003782, 0.406726, 0.913543, 0.37472, 0.002722, -0.91355, 0.406718, 0.0, 0.0, 0.0, 0.0, 1.0],
                [0.999989, 0.00106, -0.004538, 0.0, 0.003782, 0.384209, 0.923239, 0.37472, 0.002722, -0.923245, 0.384201, -0.0, 0.0, 0.0, 0.0, 1.0],
                [0.999989, -4.4e-05, -0.00466, 0.0, 0.003782, 0.591906, 0.805998, 0.37472, 0.002722, -0.806007, 0.5919, -0.0, 0.0, 0.0, 0.0, 1.0],
                [0.999989, -0.002774, -0.003744, -0.0, 0.003782, 0.9526, 0.304202, 0.37472, 0.002722, -0.304213, 0.9526, -0.0, 0.0, 0.0, 0.0, 1.0],
                [0.999989, -0.003042, -0.00353, 0.0, 0.003782, 0.972363, 0.233441, 0.37472, 0.002722, -0.233451, 0.972365, -0.0, 0.0, 0.0, 0.0, 1.0],
                [0.999989, 0.001269, -0.004484, -0.0, 0.003782, 0.341076, 0.940029, 0.37472, 0.002722, -0.940035, 0.341067, 0.0, 0.0, 0.0, 0.0, 1.0],
                [0.999989, -9.8e-05, -0.004659, -0.0, 0.003782, 0.601069, 0.799188, 0.37472, 0.002722, -0.799197, 0.601063, 0.0, 0.0, 0.0, 0.0, 1.0],
                [0.999989, -0.000932, -0.004566, -0.0, 0.003782, 0.734787, 0.678288, 0.37472, 0.002722, -0.678297, 0.734783, -0.0, 0.0, 0.0, 0.0, 1.0],
                [0.999989, -0.003785, -0.002718, -0.0, 0.003782, 0.999992, -0.001196, 0.37472, 0.002722, 0.001185, 0.999996, 0.0, 0.0, 0.0, 0.0, 1.0]
            ]
        },
        {
            "name": "Knee_L",
            "time": [0.0, 0.1833, 0.25, 0.4, 0.5167, 0.9333, 1.1833, 1.3833, 1.5833, 1.85],
            "transform": [
                [1.0, 0.0, -0.0, 0.0, -0.0, 0.058471, -0.998289, 0.37472, -0.0, 0.998289, 0.058471, -0.0, 0.0, 0.0, 0.0, 1.0],
                [1.0, 0.0, -0.0, 0.0, -0.0, 0.058471, -0.998289, 0.37472, -0.0, 0.998289, 0.058471, 0.0, 0.0, 0.0, 0.0, 1.0],
                [1.0, 0.0, -0.0, 0.0, -0.0, 0.058471, -0.998289, 0.37472, -0.0, 0.998289, 0.058471, -0.0, 0.0, 0.0, 0.0, 1.0],
                [1.0, 0.0, -0.0, 0.0, -0.0, 0.058471, -0.998289, 0.37472, -0.0, 0.998289, 0.058471, -0.0, 0.0, 0.0, 0.0, 1.0],
                [1.0, 0.0, -0.0, -0.0, -0.0, 0.058471, -0.998289, 0.37472, -0.0, 0.998289, 0.058471, -0.0, 0.0, 0.0, 0.0, 1.0],
                [1.0, 0.0, -0.0, 0.0, -0.0, 0.058471, -0.998289, 0.37472, -0.0, 0.998289, 0.058471, -0.0, 0.0, 0.0, 0.0, 1.0],
                [1.0, 0.0, -0.0, -0.0, -0.0, 0.001233, -0.999999, 0.37472, 0.0, 0.999999, 0.001233, 0.0, 0.0, 0.0, 0.0, 1.0],
                [1.0, 0.0, -0.0, -0.0, -0.0, 0.001233, -0.999999, 0.37472, -0.0, 0.999999, 0.001233, 0.0, 0.0, 0.0, 0.0, 1.0],
                [1.0, 0.0, -0.0, -0.0, -0.0, 0.001124, -0.999999, 0.37472, -0.0, 0.999999, 0.001124, -0.0, 0.0, 0.0, 0.0, 1.0],
                [1.0, 0.0, -0.0, -0.0, -0.0, 1e-06, -1.0, 0.37472, -0.0, 1.0, 1e-06, 0.0, 0.0, 0.0, 0.0, 1.0]
            ]
        },
        {
            "name": "Torso",
            "time": [0.0, 0.1833, 0.25, 0.4, 0.5167, 0.9333, 1.1833, 1.3833, 1.5833, 1.85],
            "transform": [
                [0.956562, 0.246181, 0.156155, 0.0, -0.168465, 0.903933, -0.393097, 0.05, -0.237927, 0.349715, 0.90614, -0.0, 0.0, 0.0, 0.0, 1.0],
                [0.956562, 0.246181, 0.156155, 0.0, -0.168465, 0.903933, -0.393097, 0.05, -0.237927, 0.349715, 0.90614, -0.0, 0.0, 0.0, 0.0, 1.0],
                [0.956562, 0.246181, 0.156155, 0.0, -0.168465, 0.903933, -0.393097, 0.05, -0.237927, 0.349715, 0.90614, 0.0, 0.0, 0.0, 0.0, 1.0],
                [0.920367, 0.213676, 0.327515, 0.0, -0.165056, 0.971522, -0.170005, 0.05, -0.354514, 0.102409, 0.929426, 0.0, 0.0, 0.0, 0.0, 1.0],
                [0.759667, 0.273241, 0.590124, 0.0, -0.184016, 0.960678, -0.207932, 0.05, -0.623735, 0.049367, 0.780076, -0.0, 0.0, 0.0, 0.0, 1.0],
                [0.73414, 0.282532, 0.617425, -0.0, -0.188569, 0.958385, -0.214338, 0.05, -0.652288, 0.040927, 0.756865, 0.0, 0.0, 0.0, 0.0, 1.0],
                [0.975439, -0.151867, -0.159547, 0.0, 0.060124, 0.880389, -0.470425, 0.05, 0.211905, 0.449279, 0.867897, 0.0, 0.0, 0.0, 0.0, 1.0],
                [0.937034, -0.270121, -0.221362, -0.0, -0.026991, 0.575934, -0.81705, 0.05, 0.348193, 0.771579, 0.532379, -0.0, 0.0, 0.0, 0.0, 1.0],
                [0.946061, -0.24403, -0.213116, -0.0, -0.007975, 0.640049, -0.768293, 0.05, 0.323892, 0.728551, 0.603579, 0.0, 0.0, 0.0, 0.0, 1.0],
                [0.999042, -0.043673, -0.002706, 0.0, 0.04367, 0.999045, -0.001423, 0.05, 0.002765, 0.001304, 0.999995, 0.0, 0.0, 0.0, 0.0, 1.0]
            ]
        },
        {
            "name": "Chest",
            "time": [0.0, 0.1833, 0.25, 0.4, 0.5167, 0.9333, 1.1833, 1.3833, 1.5833, 1.85],
            "transform": [
                [0.980929, 0.032645, -0.191606, -0.0, -0.024329, 0.998664, 0.045593, 0.3, 0.192839, -0.040062, 0.980412, 0.0, 0.0, 0.0, 0.0, 1.0],
                [0.906166, 0.099852, 0.410967, 0.0, -0.219464, 0.941676, 0.255112, 0.3, -0.361524, -0.321366, 0.875228, 0.0, 0.0, 0.0, 0.0, 1.0],
                [0.865197, 0.094286, 0.492489, -0.0, -0.256508, 0.927148, 0.27313, 0.3, -0.430858, -0.362638, 0.826351, 0.0, 0.0, 0.0, 0.0, 1.0],
                [0.911788, -0.097628, 0.398887, -0.0, -0.181054, 0.776263, 0.60385, 0.3, -0.368594, -0.622804, 0.690112, 0.0, 0.0, 0.0, 0.0, 1.0],
                [0.96761, -0.157563, 0.197242, -0.0, 0.170903, 0.983892, -0.052435, 0.3, -0.185803, 0.084445, 0.978952, -0.0, 0.0, 0.0, 0.0, 1.0],
                [0.990349, -0.019995, 0.137143, 0.0, 0.014217, 0.998975, 0.042978, 0.3, -0.137862, -0.040614, 0.989619, -0.0, 0.0, 0.0, 0.0, 1.0],
                [0.927361, -0.142989, 0.345768, 0.0, -0.013079, 0.911147, 0.411875, 0.3, -0.373939, -0.386479, 0.843092, -0.0, 0.0, 0.0, 0.0, 1.0],
                [0.937657, -0.121875, 0.325494, -0.0, -0.007695, 0.928995, 0.370013, 0.3, -0.347477, -0.34945, 0.87014, -0.0, 0.0, 0.0, 0.0, 1.0],
                [0.953114, -0.099788, 0.285686, 0.0, 0.001801, 0.945921, 0.324393, 0.3, -0.302607, -0.308668, 0.90175, -0.0, 0.0, 0.0, 0.0, 1.0],
                [0.999771, -0.021316, -0.002029, 0.0, 0.021411, 0.994316, 0.104295, 0.3, -0.000206, -0.104315, 0.994544, 0.0, 0.0, 0.0, 0.0, 1.0]
            ]
        },
        {
            "name": "Head",
            "time": [0.0, 0.1833, 0.25, 0.4, 0.5167, 0.9333, 1.1833, 1.3833, 1.5833, 1.85],
            "transform": [
                [0.532481, 0.03775, 0.845599, 0.0, 0.021954, 0.998053, -0.05838, 0.4, -0.846157, 0.049651, 0.530616, 0.0, 0.0, 0.0, 0.0, 1.0],
                [0.644369, 0.200756, -0.737893, 0.0, -0.338132, 0.940271, -0.039459, 0.4, 0.685898, 0.274932, 0.673763, 0.0, 0.0, 0.0, 0.0, 1.0],
                [0.449307, 0.182952, -0.874444, 0.0, -0.362126, 0.932086, 0.008945, 0.4, 0.816693, 0.31264, 0.485045, -0.0, 0.0, 0.0, 0.0, 1.0],
                [0.546723, 0.19987, -0.813109, -0.0, -0.284867, 0.957564, 0.043838, 0.4, 0.787366, 0.20766, 0.580459, -0.0, 0.0, 0.0, 0.0, 1.0],
                [0.768857, 0.184833, -0.612124, -0.0, -0.097996, 0.980062, 0.172847, 0.4, 0.631867, -0.072909, 0.77164, 0.0, 0.0, 0.0, 0.0, 1.0],
                [0.791457, 0.177379, -0.584921, -0.0, -0.077801, 0.978417, 0.191436, 0.4, 0.606254, -0.106006, 0.788175, 0.0, 0.0, 0.0, 0.0, 1.0],
                [0.977289, 0.049533, -0.20604, -0.0, -0.069968, 0.993195, -0.093107, 0.4, 0.200026, 0.105409, 0.974104, -0.0, 0.0, 0.0, 0.0, 1.0],
                [0.974366, 0.049533, -0.219447, 0.0, -0.071241, 0.993195, -0.092137, 0.4, 0.21339, 0.105409, 0.971264, 0.0, 0.0, 0.0, 0.0, 1.0],
                [0.986845, 0.0503, -0.153644, 0.0, -0.064878, 0.993699, -0.091395, 0.4, 0.148079, 0.10016, 0.98389, 0.0, 0.0, 0.0, 0.0, 1.0],
                [0.951598, 0.037721, -0.305021, -0.0, -0.051038, 0.998055, -0.035802, 0.4, 0.303077, 0.049637, 0.951672, 0.0, 0.0, 0.0, 0.0, 1.0]
            ]
        },
        {
            "name": "Shoulder_R",
            "time": [0.0, 0.1833, 0.25, 0.4, 0.5167, 0.9333, 1.1833, 1.3833, 1.5833, 1.85],
            "transform": [
                [-0.098973, 0.960578, 0.259795, 0.0, 0.146912, -0.244111, 0.958554, 0.4, 0.984185, 0.133038, -0.11696, 0.0, 0.0, 0.0, 0.0, 1.0],
                [-0.098973, 0.921055, 0.376646, 0.0, 0.146912, -0.360832, 0.920987, 0.4, 0.984185, 0.146486, -0.099601, 0.0, 0.0, 0.0, 0.0, 1.0],
                [-0.098973, 0.91391, 0.393665, 0.0, 0.146912, -0.377852, 0.914136, 0.4, 0.984185, 0.148308, -0.096867, -0.0, 0.0, 0.0, 0.0, 1.0],
                [-0.098982, 0.943169, 0.317229, -0.0, 0.146925, -0.301448, 0.942094, 0.4, 0.984182, 0.139859, -0.108738, -0.0, 0.0, 0.0, 0.0, 1.0],
                [-0.098974, 0.988804, 0.11167, -0.0, 0.146914, -0.09647, 0.984434, 0.4, 0.984185, 0.11384, -0.135721, 0.0, 0.0, 0.0, 0.0, 1.0],
                [-0.098972, 0.991341, 0.086292, -0.0, 0.146912, -0.071211, 0.986583, 0.4, 0.984185, 0.110322, -0.138592, 0.0, 0.0, 0.0, 0.0, 1.0],
                [-0.168502, 0.950858, 0.259762, -0.0, 0.164516, -0.232704, 0.958532, 0.4, 0.971875, 0.20425, -0.11722, -0.0, 0.0, 0.0, 0.0, 1.0],
                [-0.20977, 0.942613, 0.259762, 0.0, 0.174499, -0.225315, 0.958532, 0.4, 0.962053, 0.2464, -0.11722, 0.0, 0.0, 0.0, 0.0, 1.0],
                [-0.219718, 0.940344, 0.259762, 0.0, 0.176869, -0.223459, 0.958532, 0.4, 0.959396, 0.256551, -0.11722, 0.0, 0.0, 0.0, 0.0, 1.0],
                [-0.241154, 0.935077, 0.259762, -0.0, 0.181931, -0.219358, 0.958532, 0.4, 0.953281, 0.278413, -0.11722, 0.0, 0.0, 0.0, 0.0, 1.0]
            ]
        },
        {
            "name": "Arm_R",
            "time": [0.0, 0.1833, 0.25, 0.4, 0.5167, 0.9333, 1.1833, 1.3833, 1.5833, 1.7, 1.85],
            "transform": [
                [0.092002, -0.217374, -0.971743, -0.0, 0.020657, 0.976088, -0.21639, 0.39386, 0.995544, -0.000165, 0.094293, 0.0, 0.0, 0.0, 0.0, 1.0],
                [0.238536, -0.965204, -0.107155, 0.0, 0.274033, 0.172754, -0.946077, 0.39386, 0.931668, 0.19631, 0.305706, 0.0, 0.0, 0.0, 0.0, 1.0],
                [0.230098, -0.970995, 0.064984, 0.0, 0.316549, 0.011534, -0.948506, 0.393861, 0.920245, 0.23882, 0.310022, -0.0, 0.0, 0.0, 0.0, 1.0],
                [-0.309397, -0.873122, -0.376738, 0.0, 0.16494, 0.340898, -0.925518, 0.39386, 0.936519, -0.348491, 0.03854, 0.0, 0.0, 0.0, 0.0, 1.0],
                [-0.619393, 0.268236, -0.737835, 0.0, -0.742422, 0.105455, 0.661581, 0.393861, 0.255269, 0.957564, 0.133826, 0.0, 0.0, 0.0, 0.0, 1.0],
                [-0.661821, 0.320147, -0.677863, -0.0, -0.738998, -0.126647, 0.661696, 0.39386, 0.12599, 0.938864, 0.320406, 0.0, 0.0, 0.0, 0.0, 1.0],
                [0.189434, -0.122439, -0.97423, 0.0, 0.720809, 0.691081, 0.053304, 0.39386, 0.666745, -0.712331, 0.219169, 0.0, 0.0, 0.0, 0.0, 1.0],
                [0.128571, 0.046332, -0.990617, -0.0, 0.545641, 0.830811, 0.109676, 0.39386, 0.828097, -0.554623, 0.081538, -0.0, 0.0, 0.0, 0.0, 1.0],
                [0.052655, 0.060685, -0.996767, 0.0, 0.626927, 0.774929, 0.080297, 0.39386, 0.777297, -0.629128, 0.002759, 0.0, 0.0, 0.0, 0.0, 1.0],
                [-0.279932, 0.186323, -0.941765, -0.0, 0.703212, 0.707621, -0.069025, 0.39386, 0.653552, -0.681583, -0.329111, -0.0, 0.0, 0.0, 0.0, 1.0],
                [-0.560416, 0.299331, -0.772227, 0.0, 0.790217, -0.085917, -0.606775, 0.39386, -0.247974, -0.950273, -0.188387, 0.0, 0.0, 0.0, 0.0, 1.0]
            ]
        },
        {
            "name": "Hand_R",
            "time": [0.0, 0.1833, 0.25, 0.4, 0.5167, 0.9333, 1.1833, 1.3833, 1.5833, 1.7, 1.85],
            "transform": [
                [0.999998, -0.000562, 0.001734, 0.0, 0.000868, 0.983347, -0.181737, 0.3, -0.001603, 0.181738, 0.983346, 0.0, 0.0, 0.0, 0.0, 1.0],
                [0.999998, -0.000244, 0.001807, 0.0, 0.000868, 0.935279, -0.35391, 0.3, -0.001603, 0.353911, 0.935278, 0.0, 0.0, 0.0, 0.0, 1.0],
                [0.999998, -0.000196, 0.001813, -0.0, 0.000868, 0.92548, -0.378797, 0.3, -0.001603, 0.378798, 0.925478, -0.0, 0.0, 0.0, 0.0, 1.0],
                [0.999998, -0.000285, 0.001801, 0.0, 0.000868, 0.943015, -0.332749, 0.3, -0.001603, 0.33275, 0.943014, 0.0, 0.0, 0.0, 0.0, 1.0],
                [0.999998, -0.000946, 0.001558, -0.0, 0.000868, 0.998775, 0.049475, 0.3, -0.001603, -0.049474, 0.998774, 0.0, 0.0, 0.0, 0.0, 1.0],
                [0.999998, -0.000537, 0.001742, -0.0, 0.000868, 0.980643, -0.195804, 0.3, -0.001603, 0.195805, 0.980641, 0.0, 0.0, 0.0, 0.0, 1.0],
                [0.999998, 0.00017, 0.001815, 0.0, 0.000868, 0.831066, -0.556173, 0.3, -0.001603, 0.556174, 0.831064, 0.0, 0.0, 0.0, 0.0, 1.0],
                [0.999998, 0.000368, 0.001786, -0.0, 0.000868, 0.765176, -0.643821, 0.3, -0.001603, 0.643821, 0.765174, 0.0, 0.0, 0.0, 0.0, 1.0],
                [0.999998, 0.0003, 0.001798, -0.0, 0.000868, 0.788937, -0.614474, 0.3, -0.001603, 0.614475, 0.788935, -0.0, 0.0, 0.0, 0.0, 1.0],
                [0.999998, 0.000211, 0.001811, -0.0, 0.000868, 0.818508, -0.574495, 0.3, -0.001603, 0.574496, 0.818506, 0.0, 0.0, 0.0, 0.0, 1.0],
                [0.999998, -0.000405, 0.001778, -0.0, 0.000868, 0.963176, -0.268872, 0.3, -0.001603, 0.268873, 0.963174, 0.0, 0.0, 0.0, 0.0, 1.0]
            ]
        },
        {
            "name": "Tool_R",
            "time": [0.0, 0.1833, 0.25, 0.4, 0.5167, 0.9333, 1.1833, 1.3833, 1.5833, 1.7, 1.85],
            "transform": [
                [0.995053, 0.099169, 0.005854, 0.012858, 0.084625, -0.815311, -0.572805, 0.263978, -0.052, 0.570121, -0.819191, -0.007675, 0.0, 0.0, 0.0, 1.0],
                [0.995052, 0.094029, -0.032091, 0.012858, 0.084639, -0.971403, -0.22184, 0.263978, -0.052001, 0.217886, -0.97398, -0.007675, 0.0, 0.0, 0.0, 1.0],
                [0.995052, 0.092024, -0.037459, 0.012858, 0.084641, -0.982577, -0.165463, 0.263978, -0.052001, 0.161368, -0.984923, -0.007675, 0.0, 0.0, 0.0, 1.0],
                [0.995052, 0.095038, -0.028965, 0.012858, 0.084639, -0.963536, -0.253839, 0.263978, -0.052001, 0.249973, -0.966243, -0.007676, 0.0, 0.0, 0.0, 1.0],
                [0.995054, 0.092912, 0.035136, 0.012858, 0.084617, -0.607562, -0.789752, 0.263978, -0.051998, 0.788346, -0.612064, -0.007675, 0.0, 0.0, 0.0, 1.0],
                [0.995053, 0.099289, -0.003338, 0.012858, 0.08463, -0.864779, -0.49497, 0.263978, -0.052, 0.491938, -0.868395, -0.007676, 0.0, 0.0, 0.0, 1.0],
                [0.999393, 0.020742, 0.027981, 0.024044, 0.020987, -0.999744, -0.008477, 0.273586, 0.027782, 0.009043, -0.998981, -0.027341, 0.0, 0.0, 0.0, 1.0],
                [0.999409, 0.022165, 0.026266, 0.024044, 0.020215, -0.997177, 0.072308, 0.273586, 0.027778, -0.071703, -0.996445, -0.027341, 0.0, 0.0, 0.0, 1.0],
                [0.991529, 0.066741, -0.111427, -0.046347, 0.072448, -0.996218, 0.047971, 0.240471, -0.107739, -0.055615, -0.992026, -0.012624, 0.0, 0.0, 0.0, 1.0],
                [0.625244, 0.30559, -0.718112, -0.221202, 0.25964, -0.949185, -0.17786, 0.257402, -0.735535, -0.07521, -0.672419, -0.127387, 0.0, 0.0, 0.0, 1.0],
                [-0.223607, 0.459996, -0.859304, -0.767855, 0.205203, -0.839649, -0.502872, -0.098952, -0.952267, -0.288615, 0.093298, 0.138215, 0.0, 0.0, 0.0, 1.0]
            ]
        },
        {
            "name": "Elbow_R",
            "time": [0.0, 0.1833, 0.25, 0.4, 0.5167, 0.9333, 1.1833, 1.3833, 1.5833, 1.85],
            "transform": [
                [-1.0, 0.0, -0.0, 0.0, 0.0, -0.0, -1.0, 0.341622, -0.0, -1.0, 0.0, 0.0, 0.0, 0.0, 0.0, 1.0],
                [-1.0, 0.0, 0.0, 0.0, 0.0, 0.0, -1.0, 0.341622, -0.0, -1.0, 0.0, 0.0, 0.0, 0.0, 0.0, 1.0],
                [-1.0, 0.0, -0.0, -0.0, 0.0, 0.0, -1.0, 0.341622, -0.0, -1.0, 0.0, -0.0, 0.0, 0.0, 0.0, 1.0],
                [-1.0, 0.0, -0.0, 0.0, 0.0, -0.0, -1.0, 0.341622, -0.0, -1.0, 0.0, -0.0, 0.0, 0.0, 0.0, 1.0],
                [-1.0, 0.0, -0.0, -0.0, 0.0, -0.0, -1.0, 0.341622, -0.0, -1.0, 0.0, -0.0, 0.0, 0.0, 0.0, 1.0],
                [-1.0, 0.0, -0.0, -0.0, 0.0, -0.0, -1.0, 0.341622, -0.0, -1.0, 0.0, 0.0, 0.0, 0.0, 0.0, 1.0],
                [-1.0, 0.0, 0.0, 0.0, -0.0, -0.0, -1.0, 0.341622, -0.0, -1.0, 0.0, 0.0, 0.0, 0.0, 0.0, 1.0],
                [-1.0, 0.0, -0.0, -0.0, -0.0, 0.0, -1.0, 0.341623, -0.0, -1.0, 0.0, 0.0, 0.0, 0.0, 0.0, 1.0],
                [-1.0, 0.0, -0.0, -0.0, -0.0, -0.0, -1.0, 0.341622, -0.0, -1.0, 0.0, -0.0, 0.0, 0.0, 0.0, 1.0],
                [-1.0, 0.0, -0.0, -0.0, 0.0, -0.0, -1.0, 0.341622, -0.0, -1.0, 0.0, -0.0, 0.0, 0.0, 0.0, 1.0]
            ]
        },
        {
            "name": "Shoulder_L",
            "time": [0.0, 0.1833, 0.25, 0.4, 0.5167, 0.9333, 1.1833, 1.3833, 1.5833, 1.85],
            "transform": [
                [-0.226937, -0.947819, -0.223918, 0.0, -0.021067, -0.225085, 0.974111, 0.4, -0.973681, 0.225779, 0.031113, 0.0, 0.0, 0.0, 0.0, 1.0],
                [-0.226937, -0.947819, -0.223918, 0.0, -0.021067, -0.225085, 0.974111, 0.4, -0.973681, 0.225779, 0.031113, 0.0, 0.0, 0.0, 0.0, 1.0],
                [-0.226937, -0.947819, -0.223918, 0.0, -0.021067, -0.225085, 0.974111, 0.4, -0.973681, 0.225779, 0.031113, -0.0, 0.0, 0.0, 0.0, 1.0],
                [-0.226937, -0.947819, -0.223918, -0.0, -0.021067, -0.225085, 0.974111, 0.4, -0.973681, 0.225779, 0.031113, -0.0, 0.0, 0.0, 0.0, 1.0],
                [-0.226937, -0.947819, -0.223918, -0.0, -0.021067, -0.225085, 0.974111, 0.4, -0.973681, 0.225779, 0.031113, 0.0, 0.0, 0.0, 0.0, 1.0],
                [-0.226937, -0.947819, -0.223918, -0.0, -0.021067, -0.225085, 0.974111, 0.4, -0.973681, 0.225779, 0.031113, 0.0, 0.0, 0.0, 0.0, 1.0],
                [0.083548, -0.97102, -0.223918, -0.0, 0.050991, -0.220243, 0.974111, 0.4, -0.995198, -0.092803, 0.031113, -0.0, 0.0, 0.0, 0.0, 1.0],
                [0.083548, -0.97102, -0.223918, 0.0, 0.050991, -0.220243, 0.974111, 0.4, -0.995198, -0.092803, 0.031113, 0.0, 0.0, 0.0, 0.0, 1.0],
                [0.055915, -0.973003, -0.223918, 0.0, 0.044711, -0.221603, 0.974111, 0.4, -0.997434, -0.064479, 0.031113, 0.0, 0.0, 0.0, 0.0, 1.0],
                [-0.226937, -0.947819, -0.223918, -0.0, -0.021067, -0.225085, 0.974111, 0.4, -0.973681, 0.225779, 0.031113, 0.0, 0.0, 0.0, 0.0, 1.0]
            ]
        },
        {
            "name": "Arm_L",
            "time": [0.0, 0.1833, 0.25, 0.4, 0.5167, 0.9333, 1.1833, 1.3833, 1.5833, 1.85],
            "transform": [
                [0.286225, 0.090288, 0.953899, -0.0, -0.341598, 0.939748, 0.013551, 0.39386, -0.895202, -0.329729, 0.299821, -0.0, 0.0, 0.0, 0.0, 1.0],
                [0.286225, -0.505508, 0.813964, 0.0, -0.341598, 0.739848, 0.579599, 0.39386, -0.895202, -0.443944, 0.039082, 0.0, 0.0, 0.0, 0.0, 1.0],
                [0.286225, -0.580902, 0.76199, -0.0, -0.341598, 0.68114, 0.647579, 0.39386, -0.895202, -0.445647, -0.003476, -0.0, 0.0, 0.0, 0.0, 1.0],
                [0.285819, -0.610731, 0.738455, 0.0, -0.342087, 0.654802, 0.673952, 0.39386, -0.895145, -0.445244, -0.021768, 0.0, 0.0, 0.0, 0.0, 1.0],
                [0.286168, -0.624091, 0.727061, 0.0, -0.341701, 0.642435, 0.685943, 0.39386, -0.895181, -0.444732, -0.029408, -0.0, 0.0, 0.0, 0.0, 1.0],
                [0.286225, -0.624444, 0.726736, 0.0, -0.341598, 0.642127, 0.686283, 0.39386, -0.895202, -0.444682, -0.029516, -0.0, 0.0, 0.0, 0.0, 1.0],
                [-0.074078, -0.237318, 0.968603, -0.0, -0.46305, 0.868406, 0.177355, 0.39386, -0.883231, -0.435374, -0.17422, 0.0, 0.0, 0.0, 0.0, 1.0],
                [-0.092699, -0.318911, 0.943241, -0.0, -0.618271, 0.760997, 0.196532, 0.39386, -0.780479, -0.56496, -0.267717, -0.0, 0.0, 0.0, 0.0, 1.0],
                [-0.065355, -0.29252, 0.954024, -0.0, -0.697428, 0.697167, 0.165986, 0.39386, -0.713669, -0.654515, -0.249575, -0.0, 0.0, 0.0, 0.0, 1.0],
                [0.028967, 0.056681, 0.997972, 0.0, -0.931842, 0.362807, 0.006442, 0.39386, -0.361707, -0.930139, 0.063327, -0.0, 0.0, 0.0, 0.0, 1.0]
            ]
        },
        {
            "name": "Hand_L",
            "time": [0.0, 0.1833, 0.25, 0.4, 0.5167, 0.9333, 1.1833, 1.3833, 1.5833, 1.85],
            "transform": [
                [0.999993, -0.00371, -0.000809, 0.0, 0.000938, 0.447946, -0.89406, 0.3, 0.003679, 0.894053, 0.447947, -0.0, 0.0, 0.0, 0.0, 1.0],
                [0.999993, -0.00371, -0.000809, 0.0, 0.000938, 0.447946, -0.89406, 0.3, 0.003679, 0.894053, 0.447947, -0.0, 0.0, 0.0, 0.0, 1.0],
                [0.999993, -0.00371, -0.000809, -0.0, 0.000938, 0.447946, -0.89406, 0.3, 0.003679, 0.894053, 0.447947, -0.0, 0.0, 0.0, 0.0, 1.0],
                [0.999993, -0.00371, -0.000809, -0.0, 0.000938, 0.447947, -0.89406, 0.3, 0.003679, 0.894053, 0.447947, 0.0, 0.0, 0.0, 0.0, 1.0],
                [0.999993, -0.00371, -0.000809, 0.0, 0.000938, 0.447946, -0.89406, 0.3, 0.003679, 0.894053, 0.447947, -0.0, 0.0, 0.0, 0.0, 1.0],
                [0.999993, -0.00371, -0.000809, -0.0, 0.000938, 0.447946, -0.89406, 0.3, 0.003679, 0.894053, 0.447947, -0.0, 0.0, 0.0, 0.0, 1.0],
                [0.999993, -0.003084, -0.002215, -0.0, 0.000938, 0.766046, -0.642786, 0.3, 0.003679, 0.642779, 0.766043, 0.0, 0.0, 0.0, 0.0, 1.0],
                [0.999993, -0.003308, -0.001864, 0.0, 0.000938, 0.690931, -0.722921, 0.3, 0.003679, 0.722914, 0.690929, 0.0, 0.0, 0.0, 0.0, 1.0],
                [0.999993, -0.003198, -0.002047, 0.0, 0.000938, 0.730415, -0.683004, 0.3, 0.003679, 0.682997, 0.730412, 0.0, 0.0, 0.0, 0.0, 1.0],
                [0.999993, -0.001541, -0.00347, 0.0, 0.000938, 0.985901, -0.167329, 0.3, 0.003679, 0.167324, 0.985895, -0.0, 0.0, 0.0, 0.0, 1.0]
            ]
        },
        {
            "name": "Tool_L",
            "time": [0.0, 0.1833, 0.25, 0.4, 0.5167, 0.9333, 1.1833, 1.3833, 1.5833, 1.85],
            "transform": [
                [0.997006, -0.039439, -0.066512, 0.0, -0.036629, -0.998405, 0.042952, 0.272858, -0.068061, -0.040374, -0.996274, -0.0, 0.0, 0.0, 0.0, 1.0],
                [0.997006, -0.039439, -0.066512, -0.0, -0.036629, -0.998405, 0.042952, 0.272858, -0.068061, -0.040374, -0.996274, -0.0, 0.0, 0.0, 0.0, 1.0],
                [0.997006, -0.039439, -0.066512, 0.0, -0.036629, -0.998405, 0.042952, 0.272858, -0.068061, -0.040374, -0.996274, -0.0, 0.0, 0.0, 0.0, 1.0],
                [0.997006, -0.039439, -0.066512, -0.0, -0.036629, -0.998405, 0.042952, 0.272858, -0.068061, -0.040374, -0.996274, -0.0, 0.0, 0.0, 0.0, 1.0],
                [0.997006, -0.039439, -0.066512, -0.0, -0.036629, -0.998405, 0.042952, 0.272858, -0.068061, -0.040374, -0.996274, -0.0, 0.0, 0.0, 0.0, 1.0],
                [0.997006, -0.039439, -0.066512, 0.0, -0.036629, -0.998405, 0.042952, 0.272858, -0.06806, -0.040374, -0.996274, -0.0, 0.0, 0.0, 0.0, 1.0],
                [0.997006, -0.039439, -0.066512, -0.0, -0.036629, -0.998405, 0.042952, 0.272858, -0.068061, -0.040374, -0.996274, -0.0, 0.0, 0.0, 0.0, 1.0],
                [0.997006, -0.039439, -0.066512, -0.0, -0.036629, -0.998405, 0.042952, 0.272858, -0.068061, -0.040374, -0.996274, -0.0, 0.0, 0.0, 0.0, 1.0],
                [0.997006, -0.039439, -0.066512, -0.0, -0.036629, -0.998405, 0.042952, 0.272858, -0.068061, -0.040374, -0.996274, -0.0, 0.0, 0.0, 0.0, 1.0],
                [0.997006, -0.039439, -0.066512, -0.0, -0.036629, -0.998405, 0.042952, 0.272858, -0.06806, -0.040374, -0.996274, -0.0, 0.0, 0.0, 0.0, 1.0]
            ]
        },
        {
            "name": "Elbow_L",
            "time": [0.0, 0.1833, 0.25, 0.4, 0.5167, 0.9333, 1.1833, 1.3833, 1.5833, 1.85],
            "transform": [
                [-1.0, 0.0, -0.0, 2.7e-05, 0.0, -0.0, -1.0, 0.334302, -0.0, -1.0, -0.0, -0.002121, 0.0, 0.0, 0.0, 1.0],
                [-1.0, 0.0, -0.0, 2.7e-05, 0.0, -0.0, -1.0, 0.334302, -0.0, -1.0, -0.0, -0.002121, 0.0, 0.0, 0.0, 1.0],
                [-1.0, 0.0, -0.0, 2.7e-05, 0.0, 0.0, -1.0, 0.334301, -0.0, -1.0, -0.0, -0.002121, 0.0, 0.0, 0.0, 1.0],
                [-1.0, 0.0, -0.0, 2.7e-05, 0.0, -0.0, -1.0, 0.334301, -0.0, -1.0, -0.0, -0.00212, 0.0, 0.0, 0.0, 1.0],
                [-1.0, 0.0, -0.0, 2.7e-05, 0.0, 0.0, -1.0, 0.334301, -0.0, -1.0, 0.0, -0.002121, 0.0, 0.0, 0.0, 1.0],
                [-1.0, 0.0, -0.0, 2.7e-05, 0.0, -0.0, -1.0, 0.334302, -0.0, -1.0, -0.0, -0.002121, 0.0, 0.0, 0.0, 1.0],
                [-1.0, 0.0, -0.0, 2.7e-05, 0.0, -0.180458, -0.983583, 0.334301, -0.0, -0.983583, 0.180458, -0.002121, 0.0, 0.0, 0.0, 1.0],
                [-1.0, 0.0, -0.0, 2.7e-05, 0.0, -0.180458, -0.983583, 0.334302, -0.0, -0.983583, 0.180458, -0.00212, 0.0, 0.0, 0.0, 1.0],
                [-1.0, 0.0, -0.0, 2.7e-05, 0.0, -0.164587, -0.986363, 0.334302, -0.0, -0.986363, 0.164587, -0.002121, 0.0, 0.0, 0.0, 1.0],
                [-1.0, 0.0, -0.0, 2.7e-05, 0.0, -0.0, -1.0, 0.334301, -0.0, -1.0, -0.0, -0.002121, 0.0, 0.0, 0.0, 1.0]
            ]
        }
    ]
}