{
    "animation": [
        {
            "name": "Root",
            "time": [0.0, 0.2333, 0.4167, 0.5167, 0.65, 1.15, 1.3833, 1.7],
            "transform": [
                [0.907854, -0.367236, 0.202333, 0.1188, 0.166007, -0.128307, -0.977742, 0.028533, 0.385023, 0.921236, -0.05552, 0.769837, 0.0, 0.0, 0.0, 1.0],
                [-0.457623, 0.886697, 0.065955, -0.168585, 0.140927, -0.000909, 0.99002, -0.133563, 0.877907, 0.462351, -0.124543, 1.79143, 0.0, 0.0, 0.0, 1.0],
                [-0.445577, 0.8487, 0.284902, -0.195172, 0.455534, -0.059022, 0.88826, -0.137604, 0.770682, 0.525571, -0.360313, 1.895337, 0.0, 0.0, 0.0, 1.0],
                [-0.438189, 0.386387, 0.811601, -0.152844, 0.864819, -0.064988, 0.497861, 0.832319, 0.245111, 0.920044, -0.305677, 1.172488, 0.0, 0.0, 0.0, 1.0],
                [0.684072, -0.096346, -0.723024, -0.110343, -0.57158, 0.545, -0.61341, 1.812796, 0.453147, 0.832882, 0.317749, 0.447788, 0.0, 0.0, 0.0, 1.0],
                [0.624041, -0.007521, -0.781356, -0.109595, -0.771876, 0.149651, -0.61791, 1.85853, 0.121578, 0.98871, 0.087583, 0.439764, 0.0, 0.0, 0.0, 1.0],
                [0.729274, 0.015033, -0.684056, -0.048088, -0.684207, 0.009497, -0.729226, 1.732045, -0.004466, 0.999842, 0.017211, 0.730568, 0.0, 0.0, 0.0, 1.0],
                [0.854339, 0.028643, -0.518927, -5e-06, -0.51914, 0.0, -0.854689, 1.368683, -0.024481, 0.99959, 0.01487, 0.753683, 0.0, 0.0, 0.0, 1.0]
            ]
        },
        {
            "name": "Thigh_R",
            "time": [0.0, 0.2333, 0.4167, 0.5833, 0.65, 0.6833, 0.8667, 1.15, 1.3833, 1.7],
            "transform": [
                [0.929914, 0.143278, 0.338718, 0.124994, -0.353741, 0.096462, 0.930356, -0.002831, 0.100627, -0.984968, 0.140385, -1.2e-05, 0.0, 0.0, 0.0, 1.0],
                [0.911543, 0.074557, 0.404389, 0.124994, -0.411171, 0.152889, 0.898645, -0.002831, 0.005174, -0.985425, 0.170021, -1.2e-05, 0.0, 0.0, 0.0, 1.0],
                [0.911543, 0.074557, 0.404389, 0.124994, -0.411171, 0.152889, 0.898645, -0.002831, 0.005174, -0.985425, 0.170021, -1.2e-05, 0.0, 0.0, 0.0, 1.0],
                [0.983948, 0.150729, 0.095534, 0.124994, 0.038033, -0.700163, 0.712968, -0.002831, 0.174354, -0.697888, -0.694659, -1.2e-05, 0.0, 0.0, 0.0, 1.0],
                [0.974927, 0.189474, -0.116686, 0.124994, 0.207724, -0.962962, 0.171906, -0.002831, -0.079792, -0.191834, -0.978179, -1.2e-05, 0.0, 0.0, 0.0, 1.0],
                [0.9755, 0.184476, -0.119865, 0.124994, 0.20033, -0.970041, 0.137418, -0.002831, -0.090924, -0.158063, -0.983234, -1.2e-05, 0.0, 0.0, 0.0, 1.0],
                [0.899469, 0.386768, -0.203382, 0.124994, 0.363618, -0.920577, -0.142531, -0.002831, -0.242356, 0.054249, -0.96867, -1.2e-05, 0.0, 0.0, 0.0, 1.0],
                [0.7653, 0.607727, -0.212089, 0.124994, 0.517284, -0.776769, -0.359227, -0.002831, -0.383056, 0.165206, -0.908832, -1.2e-05, 0.0, 0.0, 0.0, 1.0],
                [0.980112, 0.192734, 0.047251, 0.124994, 0.188027, -0.978085, 0.089391, -0.002831, 0.063445, -0.078728, -0.994875, -1.2e-05, 0.0, 0.0, 0.0, 1.0],
                [0.842726, 0.11785, 0.525284, 0.124994, 0.079929, -0.992318, 0.094402, -0.002831, 0.532375, -0.037569, -0.845675, -1.2e-05, 0.0, 0.0, 0.0, 1.0]
            ]
        },
        {
            "name": "Leg_R",
            "time": [0.0, 0.2333, 0.4167, 0.5833, 0.65, 1.15, 1.7],
            "transform": [
                [1.0, -1e-06, -0.0, 0.0, 0.0, -0.281366, 0.9596, 0.37472, -1e-06, -0.959601, -0.281365, -0.0, 0.0, 0.0, 0.0, 1.0],
                [1.0, -1e-06, -0.0, -0.0, 0.0, -0.298595, 0.954379, 0.37472, -1e-06, -0.954381, -0.298594, 0.0, 0.0, 0.0, 0.0, 1.0],
                [1.0, -1e-06, -0.0, -0.0, 0.0, -0.298595, 0.954379, 0.37472, -1e-06, -0.954381, -0.298594, 0.0, 0.0, 0.0, 0.0, 1.0],
                [0.986157, 0.142975, -0.083984, 0.0, 0.054535, 0.198651, 0.978551, 0.37472, 0.156592, -0.969586, 0.188104, 0.0, 0.0, 0.0, 0.0, 1.0],
                [1.0, -0.0, 1e-06, 0.0, -0.0, 0.773064, 0.634329, 0.37472, -1e-06, -0.63433, 0.773063, -0.0, 0.0, 0.0, 0.0, 1.0],
                [1.0, -0.0, 1e-06, 0.0, -0.0, 0.926273, 0.376855, 0.37472, -1e-06, -0.376855, 0.926271, 0.0, 0.0, 0.0, 0.0, 1.0],
                [1.0, -0.0, 1e-06, 0.0, 0.0, 0.997612, 0.069073, 0.37472, -1e-06, -0.069073, 0.997611, -0.0, 0.0, 0.0, 0.0, 1.0]
            ]
        },
        {
            "name": "Knee_R",
            "time": [0.0, 0.2333, 0.4167, 0.65, 1.15, 1.7],
            "transform": [
                [1.0, 0.0, -0.0, 0.0, -0.0, 0.343107, -0.939296, 0.37472, -0.0, 0.939296, 0.343107, -0.0, 0.0, 0.0, 0.0, 1.0],
                [1.0, 0.0, -0.0, -0.0, -0.0, 0.371557, -0.92841, 0.37472, -0.0, 0.92841, 0.371556, 0.0, 0.0, 0.0, 0.0, 1.0],
                [1.0, 0.0, -0.0, -0.0, -0.0, 0.371557, -0.92841, 0.37472, -0.0, 0.92841, 0.371556, 0.0, 0.0, 0.0, 0.0, 1.0],
                [1.0, 0.0, -0.0, 0.0, -0.0, 0.371557, -0.92841, 0.37472, -0.0, 0.92841, 0.371556, -0.0, 0.0, 0.0, 0.0, 1.0],
                [1.0, 0.0, -0.0, 0.0, -0.0, 0.371557, -0.92841, 0.37472, -0.0, 0.92841, 0.371556, 0.0, 0.0, 0.0, 0.0, 1.0],
                [1.0, 0.0, -0.0, 0.0, -0.0, 1e-06, -1.0, 0.37472, -0.0, 1.0, 1e-06, -0.0, 0.0, 0.0, 0.0, 1.0]
            ]
        },
        {
            "name": "Thigh_L",
            "time": [0.0, 0.2333, 0.4167, 0.5833, 0.65, 1.15, 1.3833, 1.7],
            "transform": [
                [0.82957, -0.542029, -0.134232, -0.125006, -0.546132, -0.837667, 0.007331, -0.002831, -0.116415, 0.067228, -0.990922, -1.2e-05, 0.0, 0.0, 0.0, 1.0],
                [0.691698, -0.721897, -0.020422, -0.125006, -0.722184, -0.691458, -0.018297, -0.002831, -0.000912, 0.027405, -0.999624, -1.2e-05, 0.0, 0.0, 0.0, 1.0],
                [0.66864, -0.743457, -0.013858, -0.125006, -0.743581, -0.668581, -0.009219, -0.002831, -0.002411, 0.016469, -0.999861, -1.2e-05, 0.0, 0.0, 0.0, 1.0],
                [0.984288, 0.084163, 0.15522, -0.125006, -0.171771, 0.252891, 0.952124, -0.002831, 0.04088, -0.963827, 0.263373, -1.2e-05, 0.0, 0.0, 0.0, 1.0],
                [0.615201, -0.693779, 0.37443, -0.125006, -0.085713, 0.413266, 0.906567, -0.002831, -0.783696, -0.589815, 0.194776, -1.2e-05, 0.0, 0.0, 0.0, 1.0],
                [0.611719, -0.77653, -0.150999, -0.125006, -0.054295, -0.231642, 0.971284, -0.002831, -0.789209, -0.585955, -0.183862, -1.2e-05, 0.0, 0.0, 0.0, 1.0],
                [0.749416, -0.593292, -0.293905, -0.125006, -0.099375, -0.539662, 0.835996, -0.002831, -0.654599, -0.597302, -0.46339, -1.2e-05, 0.0, 0.0, 0.0, 1.0],
                [0.869242, -0.05516, -0.491298, -0.125006, -0.021407, -0.997024, 0.074063, -0.002831, -0.493921, -0.053862, -0.867836, -1.2e-05, 0.0, 0.0, 0.0, 1.0]
            ]
        },
        {
            "name": "Leg_L",
            "time": [0.0, 0.2333, 0.4167, 0.5833, 0.65, 1.15, 1.3833, 1.7],
            "transform": [
                [0.999989, -0.002774, -0.003744, -0.0, 0.003782, 0.9526, 0.304202, 0.37472, 0.002722, -0.304213, 0.9526, -0.0, 0.0, 0.0, 0.0, 1.0],
                [0.999989, -0.003042, -0.00353, -0.0, 0.003782, 0.972363, 0.233441, 0.37472, 0.002722, -0.233451, 0.972365, -0.0, 0.0, 0.0, 0.0, 1.0],
                [0.999989, -0.003042, -0.00353, 0.0, 0.003782, 0.972363, 0.233441, 0.37472, 0.002722, -0.233451, 0.972365, -0.0, 0.0, 0.0, 0.0, 1.0],
                [0.999464, 0.006508, -0.0321, -0.0, 0.026877, 0.397107, 0.917379, 0.37472, 0.018717, -0.917749, 0.39672, -0.0, 0.0, 0.0, 0.0, 1.0],
                [0.999989, 0.000279, -0.004651, -0.0, 0.003782, 0.53453, 0.845141, 0.37472, 0.002723, -0.845149, 0.534523, 0.0, 0.0, 0.0, 0.0, 1.0],
                [0.999989, -0.001853, -0.004275, 0.0, 0.003782, 0.858788, 0.512317, 0.37472, 0.002722, -0.512328, 0.858786, 0.0, 0.0, 0.0, 0.0, 1.0],
                [0.999989, 0.002386, -0.004002, -0.0, 0.003782, 0.086155, 0.996275, 0.37472, 0.002722, -0.996279, 0.086145, -0.0, 0.0, 0.0, 0.0, 1.0],
                [0.999989, -0.003785, -0.002718, 0.0, 0.003782, 0.999992, -0.001196, 0.37472, 0.002722, 0.001185, 0.999996, -0.0, 0.0, 0.0, 0.0, 1.0]
            ]
        },
        {
            "name": "Knee_L",
            "time": [0.0, 0.2333, 0.4167, 0.65, 1.15, 1.7],
            "transform": [
                [1.0, 0.0, -0.0, -0.0, -0.0, 0.058471, -0.998289, 0.37472, -0.0, 0.998289, 0.058471, -0.0, 0.0, 0.0, 0.0, 1.0],
                [1.0, 0.0, -0.0, -0.0, -0.0, 0.058471, -0.998289, 0.37472, -0.0, 0.998289, 0.058471, -0.0, 0.0, 0.0, 0.0, 1.0],
                [1.0, 0.0, -0.0, 0.0, -0.0, 0.058471, -0.998289, 0.37472, -0.0, 0.998289, 0.058471, -0.0, 0.0, 0.0, 0.0, 1.0],
                [1.0, 0.0, -0.0, -0.0, -0.0, 0.058471, -0.998289, 0.37472, -0.0, 0.998289, 0.058471, 0.0, 0.0, 0.0, 0.0, 1.0],
                [1.0, 0.0, -0.0, 0.0, -0.0, 0.058471, -0.998289, 0.37472, -0.0, 0.998289, 0.058471, 0.0, 0.0, 0.0, 0.0, 1.0],
                [1.0, 0.0, -0.0, 0.0, -0.0, 1e-06, -1.0, 0.37472, -0.0, 1.0, 1e-06, -0.0, 0.0, 0.0, 0.0, 1.0]
            ]
        },
        {
            "name": "Torso",
            "time": [0.0, 0.2333, 0.4167, 0.65, 1.15, 1.7],
            "transform": [
                [0.759667, 0.273241, 0.590124, -0.0, -0.184016, 0.960678, -0.207932, 0.05, -0.623735, 0.049367, 0.780076, -0.0, 0.0, 0.0, 0.0, 1.0],
                [0.921912, 0.282532, 0.265054, 0.0, -0.259496, 0.958385, -0.119, 0.05, -0.287644, 0.040927, 0.956862, 0.0, 0.0, 0.0, 0.0, 1.0],
                [0.932516, 0.282532, 0.224923, 0.0, -0.264401, 0.958385, -0.107662, 0.05, -0.245981, 0.040927, 0.96841, 0.0, 0.0, 0.0, 0.0, 1.0],
                [0.940594, 0.085846, -0.328502, 0.0, -0.141894, 0.978357, -0.150611, 0.05, 0.308463, 0.188276, 0.932418, 0.0, 0.0, 0.0, 0.0, 1.0],
                [0.951501, -0.122664, -0.282134, -0.0, 0.109347, 0.992035, -0.062535, 0.05, 0.287558, 0.028652, 0.957335, 0.0, 0.0, 0.0, 0.0, 1.0],
                [0.999042, -0.043673, -0.002705, -0.0, 0.04367, 0.999045, -0.001423, 0.05, 0.002765, 0.001304, 0.999995, -0.0, 0.0, 0.0, 0.0, 1.0]
            ]
        },
        {
            "name": "Chest",
            "time": [0.0, 0.0833, 0.2333, 0.4167, 0.65, 1.15, 1.7],
            "transform": [
                [0.96761, -0.157563, 0.197242, -0.0, 0.170903, 0.983892, -0.052435, 0.3, -0.185803, 0.084445, 0.978952, 0.0, 0.0, 0.0, 0.0, 1.0],
                [0.981722, 0.117381, 0.14981, -0.0, -0.160132, 0.934848, 0.316886, 0.3, -0.102853, -0.335083, 0.936558, 0.0, 0.0, 0.0, 0.0, 1.0],
                [0.970927, -0.004973, 0.239325, 0.0, -0.013949, 0.99691, 0.077305, 0.3, -0.23897, -0.078396, 0.967857, -0.0, 0.0, 0.0, 0.0, 1.0],
                [0.96636, -0.019995, -0.256414, 0.0, 0.029728, 0.998975, 0.034139, 0.3, 0.255468, -0.040614, 0.965964, -0.0, 0.0, 0.0, 0.0, 1.0],
                [0.754138, -0.094967, -0.649813, 0.0, 0.3167, 0.919418, 0.233178, 0.3, 0.575306, -0.381644, 0.723444, 0.0, 0.0, 0.0, 0.0, 1.0],
                [0.865239, -0.075235, -0.495682, -0.0, 0.125174, 0.989783, 0.068268, 0.3, 0.485482, -0.121115, 0.865817, 0.0, 0.0, 0.0, 0.0, 1.0],
                [0.999771, -0.021316, -0.002029, -0.0, 0.021411, 0.994316, 0.104295, 0.3, -0.000206, -0.104315, 0.994544, -0.0, 0.0, 0.0, 0.0, 1.0]
            ]
        },
        {
            "name": "Head",
            "time": [0.0, 0.2333, 0.4167, 0.65, 1.15, 1.7],
            "transform": [
                [0.768857, 0.184833, -0.612124, -0.0, -0.097996, 0.980062, 0.172847, 0.4, 0.631867, -0.072909, 0.77164, -0.0, 0.0, 0.0, 0.0, 1.0],
                [0.247059, 0.177379, -0.952627, 0.0, 0.059994, 0.978417, 0.19774, 0.4, 0.967141, -0.106006, 0.231085, 0.0, 0.0, 0.0, 0.0, 1.0],
                [0.180398, 0.177379, -0.967467, -0.0, 0.073563, 0.978417, 0.193103, 0.4, 0.980839, -0.106006, 0.163456, 0.0, 0.0, 0.0, 0.0, 1.0],
                [0.234455, 0.177378, 0.955807, 0.0, -0.146624, 0.978417, -0.145608, 0.4, -0.961006, -0.106006, 0.255402, -0.0, 0.0, 0.0, 0.0, 1.0],
                [0.174798, 0.177378, 0.968495, 0.0, -0.137323, 0.978417, -0.154411, 0.4, -0.974981, -0.106006, 0.195383, -0.0, 0.0, 0.0, 0.0, 1.0],
                [0.85311, 0.037721, 0.520365, -0.0, -0.006297, 0.998055, -0.062025, 0.4, -0.521692, 0.049637, 0.851689, 0.0, 0.0, 0.0, 0.0, 1.0]
            ]
        },
        {
            "name": "Shoulder_R",
            "time": [0.0, 0.2333, 0.4167, 0.65, 1.15, 1.7],
            "transform": [
                [-0.098974, 0.988804, 0.11167, -0.0, 0.146914, -0.09647, 0.984434, 0.4, 0.984185, 0.11384, -0.135721, -0.0, 0.0, 0.0, 0.0, 1.0],
                [-0.098973, 0.991341, 0.086292, 0.0, 0.146912, -0.071211, 0.986583, 0.4, 0.984185, 0.110322, -0.138592, 0.0, 0.0, 0.0, 0.0, 1.0],
                [-0.098972, 0.991341, 0.086292, -0.0, 0.146912, -0.071211, 0.986583, 0.4, 0.984186, 0.110322, -0.138592, 0.0, 0.0, 0.0, 0.0, 1.0],
                [0.225219, 0.864118, 0.450084, 0.0, -0.124163, -0.432731, 0.892932, 0.4, 0.966364, -0.256989, 0.009833, -0.0, 0.0, 0.0, 0.0, 1.0],
                [0.233228, 0.856047, 0.461289, 0.0, -0.134404, -0.441441, 0.887167, 0.4, 0.963089, -0.268911, 0.0121, -0.0, 0.0, 0.0, 0.0, 1.0],
                [-0.241154, 0.935076, 0.259762, -0.0, 0.181931, -0.219358, 0.958532, 0.4, 0.953281, 0.278413, -0.11722, 0.0, 0.0, 0.0, 0.0, 1.0]
            ]
        },
        {
            "name": "Arm_R",
            "time": [0.0, 0.0833, 0.2333, 0.4167, 0.5167, 0.5833, 0.65, 1.15, 1.4333, 1.7],
            "transform": [
                [-0.619393, 0.268236, -0.737835, 0.0, -0.742422, 0.105455, 0.661581, 0.39386, 0.255269, 0.957564, 0.133826, 0.0, 0.0, 0.0, 0.0, 1.0],
                [0.287055, 0.599999, -0.746726, 0.0, -0.023118, 0.783646, 0.620777, 0.39386, 0.957635, -0.160934, 0.238821, 0.0, 0.0, 0.0, 0.0, 1.0],
                [-0.041288, 0.355973, -0.933584, -0.0, -0.44639, 0.82937, 0.335979, 0.393861, 0.893885, 0.430614, 0.12466, 0.0, 0.0, 0.0, 0.0, 1.0],
                [-0.082639, -0.578262, -0.811655, -0.0, -0.501632, 0.727879, -0.467501, 0.393861, 0.861125, 0.368518, -0.350226, -0.0, 0.0, 0.0, 0.0, 1.0],
                [0.894322, -0.098026, -0.436554, -0.0, 0.035811, 0.988257, -0.148546, 0.393861, 0.445989, 0.117215, 0.88733, -0.0, 0.0, 0.0, 0.0, 1.0],
                [-0.195043, -0.69471, -0.692341, 0.0, 0.890024, 0.171221, -0.422541, 0.393861, 0.412087, -0.698614, 0.584913, 0.0, 0.0, 0.0, 0.0, 1.0],
                [-0.435874, -0.737091, -0.51644, 0.0, 0.306336, 0.418052, -0.855214, 0.393861, 0.846269, -0.53097, 0.043579, -0.0, 0.0, 0.0, 0.0, 1.0],
                [-0.503794, -0.638415, -0.581908, 0.0, 0.053875, 0.649109, -0.758785, 0.39386, 0.862142, -0.413622, -0.292623, -0.0, 0.0, 0.0, 0.0, 1.0],
                [0.397651, 0.36781, -0.840589, 0.0, -0.767658, -0.368435, -0.524363, 0.39386, -0.502568, 0.853799, 0.135844, 0.0, 0.0, 0.0, 0.0, 1.0],
                [-0.560416, 0.299331, -0.772227, -0.0, 0.790217, -0.085917, -0.606775, 0.393861, -0.247974, -0.950273, -0.188387, -0.0, 0.0, 0.0, 0.0, 1.0]
            ]
        },
        {
            "name": "Hand_R",
            "time": [0.0, 0.0833, 0.2333, 0.4167, 0.65, 1.15, 1.7],
            "transform": [
                [0.999998, -0.000946, 0.001558, 0.0, 0.000868, 0.998775, 0.049475, 0.3, -0.001603, -0.049474, 0.998774, 0.0, 0.0, 0.0, 0.0, 1.0],
                [0.999998, 0.000797, 0.00164, -0.0, 0.000868, 0.583091, -0.812406, 0.3, -0.001603, 0.812406, 0.58309, -0.0, 0.0, 0.0, 0.0, 1.0],
                [0.999998, 0.000727, 0.001674, -0.0, 0.000869, 0.61708, -0.7869, 0.3, -0.001605, 0.7869, 0.617078, -0.0, 0.0, 0.0, 0.0, 1.0],
                [0.999998, -0.000132, 0.001818, -0.0, 0.000868, 0.911477, -0.411351, 0.3, -0.001603, 0.411352, 0.911475, 0.0, 0.0, 0.0, 0.0, 1.0],
                [0.999998, -0.000127, 0.001819, 0.0, 0.000868, 0.910514, -0.413477, 0.3, -0.001603, 0.413478, 0.910512, -0.0, 0.0, 0.0, 0.0, 1.0],
                [0.999998, -0.000127, 0.001819, 0.0, 0.000868, 0.910483, -0.413545, 0.3, -0.001603, 0.413546, 0.910482, 0.0, 0.0, 0.0, 0.0, 1.0],
                [0.999998, -0.000405, 0.001778, 0.0, 0.000868, 0.963176, -0.268872, 0.3, -0.001603, 0.268873, 0.963174, 0.0, 0.0, 0.0, 0.0, 1.0]
            ]
        },
        {
            "name": "Tool_R",
            "time": [0.0, 0.0833, 0.2333, 0.4167, 0.65, 1.15, 1.4333, 1.7],
            "transform": [
                [0.995054, 0.092912, 0.035136, 0.012858, 0.084617, -0.607562, -0.789752, 0.263978, -0.051998, 0.788346, -0.612064, -0.007675, 0.0, 0.0, 0.0, 1.0],
                [0.995051, 0.076848, -0.062996, 0.012858, 0.084655, -0.987569, 0.132443, 0.263979, -0.052003, -0.13705, -0.9886, -0.007675, 0.0, 0.0, 0.0, 1.0],
                [0.995061, 0.08063, -0.057907, 0.012858, 0.08457, -0.994015, 0.069153, 0.263978, -0.051953, -0.073675, -0.995334, -0.007675, 0.0, 0.0, 0.0, 1.0],
                [0.995051, 0.081218, -0.057248, 0.012858, 0.084654, -0.994579, 0.060389, 0.263978, -0.052002, -0.064908, -0.995941, -0.007676, 0.0, 0.0, 0.0, 1.0],
                [0.99833, -0.039511, -0.04214, 0.012858, 0.005471, 0.790886, -0.611939, 0.263978, 0.057473, 0.610334, 0.789307, -0.007675, 0.0, 0.0, 0.0, 1.0],
                [0.998114, -0.040979, -0.045711, 0.012858, 0.008137, 0.826332, -0.563124, 0.263978, 0.060813, 0.561366, 0.824612, -0.007675, 0.0, 0.0, 0.0, 1.0],
                [0.23292, 0.501144, -0.833428, -0.396894, -0.87706, -0.26199, -0.40265, 0.073497, -0.419896, 0.824261, 0.378283, 0.068894, 0.0, 0.0, 0.0, 1.0],
                [-0.223607, 0.459996, -0.859304, -0.767855, 0.205203, -0.83965, -0.502873, -0.098952, -0.952267, -0.288615, 0.093298, 0.138215, 0.0, 0.0, 0.0, 1.0]
            ]
        },
        {
            "name": "Elbow_R",
            "time": [0.0, 0.2333, 0.4167, 0.65, 1.15, 1.7],
            "transform": [
                [-1.0, 0.0, -0.0, -0.0, 0.0, -0.0, -1.0, 0.341622, -0.0, -1.0, 0.0, 0.0, 0.0, 0.0, 0.0, 1.0],
                [-1.0, 0.0, -0.0, -0.0, 0.0, -0.0, -1.0, 0.341622, -0.0, -1.0, 0.0, -0.0, 0.0, 0.0, 0.0, 1.0],
                [-1.0, 0.0, 0.0, -0.0, -0.0, -0.0, -1.0, 0.341622, -0.0, -1.0, 0.0, 0.0, 0.0, 0.0, 0.0, 1.0],
                [-1.0, 0.0, -0.0, -0.0, 0.0, 0.0, -1.0, 0.341622, -0.0, -1.0, 0.0, -0.0, 0.0, 0.0, 0.0, 1.0],
                [-1.0, 0.0, -0.0, 0.0, 0.0, -0.0, -1.0, 0.341622, -0.0, -1.0, 0.0, 0.0, 0.0, 0.0, 0.0, 1.0],
                [-1.0, 0.0, 0.0, 0.0, -0.0, -0.0, -1.0, 0.341622, -0.0, -1.0, 0.0, 0.0, 0.0, 0.0, 0.0, 1.0]
            ]
        },
        {
            "name": "Shoulder_L",
            "time": [0.0, 0.2333, 0.4167, 0.65, 1.15, 1.7],
            "transform": [
                [-0.226937, -0.947819, -0.223918, -0.0, -0.021067, -0.225085, 0.974111, 0.4, -0.973681, 0.225779, 0.031113, -0.0, 0.0, 0.0, 0.0, 1.0],
                [0.817985, -0.529868, -0.223918, 0.0, 0.205193, -0.094883, 0.974111, 0.4, -0.537397, -0.842755, 0.031112, 0.0, 0.0, 0.0, 0.0, 1.0],
                [0.817986, -0.529868, -0.223918, -0.0, 0.205193, -0.094883, 0.974111, 0.4, -0.537397, -0.842755, 0.031112, 0.0, 0.0, 0.0, 0.0, 1.0],
                [0.941648, -0.251345, -0.223887, 0.0, 0.224433, -0.026877, 0.974119, 0.4, -0.250857, -0.967524, 0.031101, -0.0, 0.0, 0.0, 0.0, 1.0],
                [0.94201, -0.249955, -0.223917, 0.0, 0.224505, -0.026543, 0.974111, 0.4, -0.249427, -0.967893, 0.031112, -0.0, 0.0, 0.0, 0.0, 1.0],
                [-0.226937, -0.947819, -0.223918, -0.0, -0.021067, -0.225085, 0.974111, 0.4, -0.973681, 0.225779, 0.031113, 0.0, 0.0, 0.0, 0.0, 1.0]
            ]
        },
        {
            "name": "Arm_L",
            "time": [0.0, 0.0833, 0.2333, 0.4167, 0.65, 1.15, 1.7],
            "transform": [
                [0.286168, -0.624091, 0.727061, 0.0, -0.341701, 0.642435, 0.685943, 0.39386, -0.895181, -0.444732, -0.029408, 0.0, 0.0, 0.0, 0.0, 1.0],
                [0.187656, -0.085875, 0.978474, 0.0, -0.292987, 0.945928, 0.139209, 0.39386, -0.93752, -0.312803, 0.152349, 0.0, 0.0, 0.0, 0.0, 1.0],
                [0.035587, 0.85196, 0.522396, 0.0, -0.07028, -0.519299, 0.851698, 0.39386, 0.996892, -0.067023, 0.041395, -0.0, 0.0, 0.0, 0.0, 1.0],
                [0.035587, 0.85196, 0.522396, -0.0, -0.07028, -0.519299, 0.851698, 0.39386, 0.996892, -0.067023, 0.041395, 0.0, 0.0, 0.0, 0.0, 1.0],
                [-0.755794, 0.311253, 0.576105, -0.0, -0.281898, 0.639442, -0.715295, 0.39386, -0.591023, -0.703019, -0.395545, -0.0, 0.0, 0.0, 0.0, 1.0],
                [-0.617062, 0.361216, 0.699112, 0.0, -0.472844, 0.539948, -0.696329, 0.39386, -0.62901, -0.760249, -0.162382, 0.0, 0.0, 0.0, 0.0, 1.0],
                [0.028967, 0.056681, 0.997972, -0.0, -0.931842, 0.362807, 0.006442, 0.39386, -0.361707, -0.930138, 0.063327, 0.0, 0.0, 0.0, 0.0, 1.0]
            ]
        },
        {
            "name": "Hand_L",
            "time": [0.0, 0.2333, 0.4167, 0.65, 1.15, 1.7],
            "transform": [
                [0.999993, -0.00371, -0.000809, 0.0, 0.000938, 0.447946, -0.89406, 0.3, 0.003679, 0.894053, 0.447947, -0.0, 0.0, 0.0, 0.0, 1.0],
                [0.999993, -0.001336, -0.003554, 0.0, 0.000938, 0.99396, -0.109744, 0.3, 0.003679, 0.109739, 0.993954, 0.0, 0.0, 0.0, 0.0, 1.0],
                [0.999993, -0.001336, -0.003554, 0.0, 0.000938, 0.99396, -0.109744, 0.3, 0.003679, 0.109739, 0.993954, 0.0, 0.0, 0.0, 0.0, 1.0],
                [0.999993, -0.002379, -0.002959, -0.0, 0.000938, 0.910081, -0.41443, 0.3, 0.003679, 0.414424, 0.910077, -0.0, 0.0, 0.0, 0.0, 1.0],
                [0.999993, -0.002408, -0.002936, 0.0, 0.000938, 0.905884, -0.423526, 0.3, 0.003679, 0.42352, 0.90588, 0.0, 0.0, 0.0, 0.0, 1.0],
                [0.999993, -0.001541, -0.00347, 0.0, 0.000938, 0.985901, -0.167329, 0.3, 0.003679, 0.167324, 0.985895, 0.0, 0.0, 0.0, 0.0, 1.0]
            ]
        },
        {
            "name": "Tool_L",
            "time": [0.0, 0.2333, 0.4167, 0.65, 1.15, 1.7],
            "transform": [
                [0.997006, -0.039439, -0.066512, 0.0, -0.036629, -0.998405, 0.042952, 0.272858, -0.068061, -0.040374, -0.996274, -0.0, 0.0, 0.0, 0.0, 1.0],
                [0.997006, -0.039439, -0.066512, -0.0, -0.036629, -0.998405, 0.042952, 0.272858, -0.068061, -0.040374, -0.996274, -0.0, 0.0, 0.0, 0.0, 1.0],
                [0.997006, -0.039439, -0.066512, -0.0, -0.036629, -0.998405, 0.042952, 0.272858, -0.068061, -0.040374, -0.996274, -0.0, 0.0, 0.0, 0.0, 1.0],
                [0.997006, -0.039439, -0.066512, 0.0, -0.036629, -0.998405, 0.042952, 0.272858, -0.06806, -0.040374, -0.996274, -0.0, 0.0, 0.0, 0.0, 1.0],
                [0.997006, -0.039439, -0.066512, -0.0, -0.036629, -0.998405, 0.042952, 0.272858, -0.068061, -0.040374, -0.996274, -0.0, 0.0, 0.0, 0.0, 1.0],
                [0.997006, -0.039439, -0.066512, -0.0, -0.036629, -0.998405, 0.042952, 0.272858, -0.068061, -0.040374, -0.996274, -0.0, 0.0, 0.0, 0.0, 1.0]
            ]
        },
        {
            "name": "Elbow_L",
            "time": [0.0, 0.2333, 0.4167, 0.65, 1.15, 1.7],
            "transform": [
                [-1.0, 0.0, -0.0, 2.7e-05, 0.0, 0.0, -1.0, 0.334302, -0.0, -1.0, 0.0, -0.002121, 0.0, 0.0, 0.0, 1.0],
                [-1.0, 0.0, -0.0, 2.7e-05, 0.0, -0.0, -1.0, 0.334301, -0.0, -1.0, -0.0, -0.00212, 0.0, 0.0, 0.0, 1.0],
                [-1.0, 0.0, -0.0, 2.7e-05, 0.0, -0.0, -1.0, 0.334302, -0.0, -1.0, -0.0, -0.00212, 0.0, 0.0, 0.0, 1.0],
                [-1.0, 0.0, -0.0, 2.7e-05, 0.0, -0.0, -1.0, 0.334301, -0.0, -1.0, 0.0, -0.002121, 0.0, 0.0, 0.0, 1.0],
                [-1.0, 0.0, -0.0, 2.7e-05, 0.0, -0.0, -1.0, 0.334302, -0.0, -1.0, 0.0, -0.002121, 0.0, 0.0, 0.0, 1.0],
                [-1.0, 0.0, -0.0, 2.7e-05, 0.0, -0.0, -1.0, 0.334302, -0.0, -1.0, -0.0, -0.00212, 0.0, 0.0, 0.0, 1.0]
            ]
        }
    ]
}