{
    "animation": [
        {
            "name": "Root",
            "time": [0.0, 0.15, 0.3, 0.4167, 0.5667, 0.7, 0.7667, 0.85, 0.9167, 1.0, 1.3667, 1.7833],
            "transform": [
                [0.854339, 0.028643, -0.518927, -5e-06, -0.51914, 0.0, -0.854689, 0.000946, -0.024481, 0.99959, 0.01487, 0.753683, 0.0, 0.0, 0.0, 1.0],
                [0.987909, 0.071159, -0.137741, -5e-06, -0.144663, 0.10357, -0.984046, -0.280192, -0.055758, 0.992073, 0.112612, 0.672494, 0.0, 0.0, 0.0, 1.0],
                [0.838585, 0.038073, 0.543438, -5e-06, 0.51112, 0.290179, -0.809044, -1.236664, -0.188497, 0.956215, 0.22388, 0.534275, 0.0, 0.0, 0.0, 1.0],
                [0.827624, 0.03523, 0.560176, -0.000124, 0.522738, 0.315086, -0.792127, -1.305964, -0.20441, 0.948409, 0.242357, 0.51716, 0.0, 0.0, 0.0, 1.0],
                [0.783462, 0.008388, 0.621383, -0.007113, 0.554371, 0.442413, -0.704943, -1.5622, -0.28082, 0.896772, 0.341964, 0.45388, 0.0, 0.0, 0.0, 1.0],
                [0.600739, -0.002285, -0.799442, 0.096739, -0.769804, 0.268124, -0.579234, -0.162268, 0.215673, 0.963382, 0.159313, 0.787882, 0.0, 0.0, 0.0, 1.0],
                [-0.079437, -0.143045, -0.986523, 0.116074, -0.977322, 0.206056, 0.048818, 0.39418, 0.196296, 0.968028, -0.156169, 0.850066, 0.0, 0.0, 0.0, 1.0],
                [-0.942642, -0.302501, -0.141137, 0.034355, -0.247313, 0.348924, 0.903929, 1.23003, -0.224193, 0.886987, -0.403723, 0.677755, 0.0, 0.0, 0.0, 1.0],
                [0.627926, 0.030927, 0.777658, 0.039789, 0.773607, 0.084439, -0.628014, 1.201038, -0.085087, 0.995949, 0.029096, 0.595031, 0.0, 0.0, 0.0, 1.0],
                [0.422665, -0.005903, -0.906267, 0.004817, -0.844911, 0.359165, -0.39639, 1.621577, 0.327839, 0.933255, 0.146819, 0.373298, 0.0, 0.0, 0.0, 1.0],
                [0.391122, 0.076176, -0.917181, 0.003835, -0.918159, 0.100844, -0.383164, 1.846276, 0.063304, 0.991982, 0.109384, 0.43007, 0.0, 0.0, 0.0, 1.0],
                [0.391122, 0.076176, -0.917181, 0.003835, -0.918159, 0.100844, -0.383164, 1.846276, 0.063304, 0.991982, 0.109384, 0.43007, 0.0, 0.0, 0.0, 1.0]
            ]
        },
        {
            "name": "Thigh_R",
            "time": [0.0, 0.15, 0.3, 0.4167, 0.5667, 0.7, 0.7667, 0.85, 0.9167, 1.0, 1.3667, 1.7833],
            "transform": [
                [0.842726, 0.11785, 0.525284, 0.124994, 0.079929, -0.992318, 0.094402, -0.002831, 0.532375, -0.037569, -0.845675, -1.2e-05, 0.0, 0.0, 0.0, 1.0],
                [0.842726, 0.439109, 0.311439, 0.124994, 0.079929, -0.67416, 0.734247, -0.002831, 0.532375, -0.593875, -0.603232, -1.2e-05, 0.0, 0.0, 0.0, 1.0],
                [0.842726, 0.537835, -0.023316, 0.124994, 0.079929, -0.082172, 0.993408, -0.002831, 0.532375, -0.839033, -0.112238, -1.2e-05, 0.0, 0.0, 0.0, 1.0],
                [0.843365, 0.532941, -0.068614, 0.124994, 0.080263, 0.001317, 0.996773, -0.002831, 0.531313, -0.846149, -0.041665, -1.2e-05, 0.0, 0.0, 0.0, 1.0],
                [0.842726, 0.47558, -0.25226, 0.124994, 0.079929, 0.352858, 0.932257, -0.002831, 0.532375, -0.805799, 0.25935, -1.2e-05, 0.0, 0.0, 0.0, 1.0],
                [0.898759, 0.436736, -0.038642, 0.124994, 0.436481, -0.899582, -0.015272, -0.002831, -0.041432, -0.00314, -0.999137, -1.2e-05, 0.0, 0.0, 0.0, 1.0],
                [0.91741, 0.397667, -0.014805, 0.124994, 0.374539, -0.875425, -0.305531, -0.002831, -0.134461, 0.274752, -0.952067, -1.2e-05, 0.0, 0.0, 0.0, 1.0],
                [0.434999, 0.889948, -0.136984, 0.124994, 0.855941, -0.361464, 0.36974, -0.002831, 0.279535, -0.278086, -0.918983, -1.2e-05, 0.0, 0.0, 0.0, 1.0],
                [0.55583, 0.370832, -0.744, 0.124994, 0.805091, -0.017192, 0.592902, -0.002831, 0.207076, -0.928539, -0.308111, -1.2e-05, 0.0, 0.0, 0.0, 1.0],
                [0.790991, 0.611189, -0.027913, 0.124994, 0.490591, -0.60633, 0.625845, -0.002831, 0.365585, -0.508731, -0.779448, -1.2e-05, 0.0, 0.0, 0.0, 1.0],
                [0.625501, 0.777608, -0.063813, 0.124994, 0.780223, -0.623433, 0.050801, -0.002831, -0.000281, -0.081564, -0.996668, -1.2e-05, 0.0, 0.0, 0.0, 1.0],
                [0.625501, 0.777608, -0.063813, 0.124994, 0.780223, -0.623433, 0.050801, -0.002831, -0.000281, -0.081564, -0.996668, -1.2e-05, 0.0, 0.0, 0.0, 1.0]
            ]
        },
        {
            "name": "Leg_R",
            "time": [0.0, 0.15, 0.3, 0.4167, 0.5667, 0.7, 0.7667, 0.85, 0.9167, 1.0, 1.3667, 1.7833],
            "transform": [
                [1.0, -0.0, 1e-06, 0.0, 0.0, 0.997612, 0.069073, 0.37472, -1e-06, -0.069073, 0.997611, 0.0, 0.0, 0.0, 0.0, 1.0],
                [1.0, -1e-06, 0.0, -0.0, 0.0, 0.592345, 0.805684, 0.37472, -1e-06, -0.805685, 0.592344, -0.0, 0.0, 0.0, 0.0, 1.0],
                [1.0, -1e-06, 0.0, 0.0, 0.0, 0.178302, 0.983975, 0.37472, -1e-06, -0.983976, 0.178302, 0.0, 0.0, 0.0, 0.0, 1.0],
                [1.0, -1e-06, 0.0, 0.0, 0.0, 0.162566, 0.986697, 0.37472, -1e-06, -0.986698, 0.162566, 0.0, 0.0, 0.0, 0.0, 1.0],
                [1.0, -1e-06, -0.0, -0.0, 0.0, 0.104791, 0.994494, 0.37472, -1e-06, -0.994495, 0.104791, -0.0, 0.0, 0.0, 0.0, 1.0],
                [1.0, -0.0, 1e-06, 0.0, 0.0, 0.943574, 0.331162, 0.37472, -1e-06, -0.331162, 0.943573, 0.0, 0.0, 0.0, 0.0, 1.0],
                [1.0, -0.0, 0.0, 0.0, 0.0, 0.990543, 0.137208, 0.37472, -1e-06, -0.137209, 0.990542, -0.0, 0.0, 0.0, 0.0, 1.0],
                [1.0, -0.0, 0.0, 0.0, -0.0, -0.414148, 0.910209, 0.37472, -0.0, -0.910211, -0.414147, 0.0, 0.0, 0.0, 0.0, 1.0],
                [1.0, -0.0, -0.0, -0.0, -0.0, -0.536651, 0.843804, 0.37472, -0.0, -0.843805, -0.53665, 0.0, 0.0, 0.0, 0.0, 1.0],
                [1.0, -1e-06, 0.0, 0.0, 0.0, 0.331132, 0.943584, 0.37472, -1e-06, -0.943585, 0.331131, -0.0, 0.0, 0.0, 0.0, 1.0],
                [1.0, -1e-06, 1e-06, -0.0, 0.0, 0.891558, 0.452908, 0.37472, -1e-06, -0.452908, 0.891557, 0.0, 0.0, 0.0, 0.0, 1.0],
                [1.0, -1e-06, 1e-06, -0.0, 0.0, 0.891558, 0.452908, 0.37472, -1e-06, -0.452908, 0.891557, 0.0, 0.0, 0.0, 0.0, 1.0]
            ]
        },
        {
            "name": "Knee_R",
            "time": [0.0, 0.15, 0.3, 0.4167, 0.5667, 0.7, 0.7667, 1.0, 1.3667, 1.7833],
            "transform": [
                [1.0, 0.0, -0.0, 0.0, -0.0, 1e-06, -1.0, 0.37472, -0.0, 1.0, 1e-06, 0.0, 0.0, 0.0, 0.0, 1.0],
                [1.0, 0.0, -0.0, -0.0, -0.0, 1e-06, -1.0, 0.37472, -0.0, 1.0, 1e-06, -0.0, 0.0, 0.0, 0.0, 1.0],
                [1.0, 0.0, -0.0, 0.0, -0.0, 1e-06, -1.0, 0.37472, -0.0, 1.0, 1e-06, 0.0, 0.0, 0.0, 0.0, 1.0],
                [1.0, 0.0, -0.0, 0.0, -0.0, 1e-06, -1.0, 0.37472, -0.0, 1.0, 1e-06, 0.0, 0.0, 0.0, 0.0, 1.0],
                [1.0, 0.0, -0.0, -0.0, -0.0, 1e-06, -1.0, 0.37472, -0.0, 1.0, 1e-06, -0.0, 0.0, 0.0, 0.0, 1.0],
                [1.0, 0.0, -0.0, 0.0, -0.0, 1e-06, -1.0, 0.37472, -0.0, 1.0, 1e-06, 0.0, 0.0, 0.0, 0.0, 1.0],
                [1.0, 0.0, -0.0, 0.0, -0.0, 1e-06, -1.0, 0.37472, -0.0, 1.0, 1e-06, -0.0, 0.0, 0.0, 0.0, 1.0],
                [1.0, 0.0, -0.0, 0.0, -0.0, 1e-06, -1.0, 0.37472, -0.0, 1.0, 1e-06, -0.0, 0.0, 0.0, 0.0, 1.0],
                [1.0, 0.0, -0.0, -0.0, -0.0, 1e-06, -1.0, 0.37472, -0.0, 1.0, 1e-06, 0.0, 0.0, 0.0, 0.0, 1.0],
                [1.0, 0.0, -0.0, -0.0, -0.0, 1e-06, -1.0, 0.37472, -0.0, 1.0, 1e-06, 0.0, 0.0, 0.0, 0.0, 1.0]
            ]
        },
        {
            "name": "Thigh_L",
            "time": [0.0, 0.15, 0.3, 0.4167, 0.5667, 0.7, 0.7667, 0.9167, 1.0, 1.3667, 1.7833],
            "transform": [
                [0.869242, -0.05516, -0.491298, -0.125006, -0.021407, -0.997024, 0.074063, -0.002831, -0.493921, -0.053862, -0.867836, -1.2e-05, 0.0, 0.0, 0.0, 1.0],
                [0.849601, -0.456856, -0.263554, -0.125006, -0.133815, -0.670063, 0.730143, -0.002831, -0.510168, -0.585063, -0.63042, -1.2e-05, 0.0, 0.0, 0.0, 1.0],
                [0.782385, -0.422556, -0.457515, -0.125006, -0.310521, -0.901463, 0.301565, -0.002831, -0.53986, -0.093871, -0.836504, -1.2e-05, 0.0, 0.0, 0.0, 1.0],
                [0.774575, -0.422231, -0.470907, -0.125006, -0.342759, -0.905955, 0.248517, -0.002831, -0.531552, -0.031087, -0.846454, -1.2e-05, 0.0, 0.0, 0.0, 1.0],
                [0.813453, -0.357826, -0.458534, -0.125006, -0.298815, -0.933471, 0.198344, -0.002831, -0.499001, -0.024326, -0.86626, -1.2e-05, 0.0, 0.0, 0.0, 1.0],
                [0.98325, -0.089313, -0.158873, -0.125006, 0.107262, -0.421188, 0.900608, -0.002831, -0.147352, -0.902565, -0.404554, -1.2e-05, 0.0, 0.0, 0.0, 1.0],
                [0.99003, -0.031444, -0.137295, -0.125006, 0.126862, -0.224438, 0.966195, -0.002831, -0.061195, -0.973981, -0.218212, -1.2e-05, 0.0, 0.0, 0.0, 1.0],
                [0.217579, -0.525659, -0.8224, -0.125006, 0.653152, -0.547708, 0.522884, -0.002831, -0.725293, -0.650922, 0.224165, -1.2e-05, 0.0, 0.0, 0.0, 1.0],
                [0.39255, -0.849655, 0.352124, -0.125006, -0.058267, 0.359112, 0.931473, -0.002831, -0.917882, -0.386168, 0.091463, -1.2e-05, 0.0, 0.0, 0.0, 1.0],
                [0.546268, -0.837121, 0.02861, -0.125006, -0.080974, -0.018782, 0.996539, -0.002831, -0.833686, -0.546695, -0.078046, -1.2e-05, 0.0, 0.0, 0.0, 1.0],
                [0.546268, -0.837121, 0.02861, -0.125006, -0.080974, -0.018782, 0.996539, -0.002831, -0.833686, -0.546695, -0.078046, -1.2e-05, 0.0, 0.0, 0.0, 1.0]
            ]
        },
        {
            "name": "Leg_L",
            "time": [0.0, 0.15, 0.3, 0.4167, 0.5667, 0.7, 0.7667, 1.0, 1.3667, 1.7833],
            "transform": [
                [0.999989, -0.003785, -0.002718, 0.0, 0.003782, 0.999992, -0.001196, 0.37472, 0.002722, 0.001185, 0.999996, 0.0, 0.0, 0.0, 0.0, 1.0],
                [0.999989, 0.001787, -0.004304, 0.0, 0.003782, 0.228312, 0.973581, 0.37472, 0.002722, -0.973586, 0.228303, 0.0, 0.0, 0.0, 0.0, 1.0],
                [0.999989, -0.000497, -0.004633, 0.0, 0.003782, 0.66738, 0.744708, 0.37472, 0.002722, -0.744717, 0.667375, 0.0, 0.0, 0.0, 0.0, 1.0],
                [0.999989, -0.000582, -0.004623, -0.0, 0.003782, 0.681017, 0.732257, 0.37472, 0.002722, -0.732267, 0.681013, -0.0, 0.0, 0.0, 0.0, 1.0],
                [0.999989, -0.000894, -0.004573, 0.0, 0.003782, 0.729034, 0.684467, 0.37472, 0.002722, -0.684477, 0.72903, 0.0, 0.0, 0.0, 0.0, 1.0],
                [0.999989, 0.003768, -0.002741, 0.0, 0.003782, -0.312608, 0.949875, 0.37472, 0.002722, -0.949874, -0.312619, 0.0, 0.0, 0.0, 0.0, 1.0],
                [0.999989, 0.004239, -0.001934, 0.0, 0.003782, -0.49592, 0.868361, 0.37472, 0.002722, -0.868358, -0.495931, 0.0, 0.0, 0.0, 0.0, 1.0],
                [0.999989, 0.000224, -0.004654, 0.0, 0.003782, 0.544437, 0.838793, 0.37472, 0.002722, -0.838801, 0.544431, 0.0, 0.0, 0.0, 0.0, 1.0],
                [0.999989, 0.00047, -0.004636, 0.0, 0.003782, 0.499343, 0.866397, 0.37472, 0.002722, -0.866404, 0.499336, -0.0, 0.0, 0.0, 0.0, 1.0],
                [0.999989, 0.00047, -0.004636, 0.0, 0.003782, 0.499343, 0.866397, 0.37472, 0.002722, -0.866404, 0.499336, -0.0, 0.0, 0.0, 0.0, 1.0]
            ]
        },
        {
            "name": "Knee_L",
            "time": [0.0, 0.15, 0.3, 0.4167, 0.5667, 0.7, 0.7667, 1.0, 1.3667, 1.7833],
            "transform": [
                [1.0, 0.0, -0.0, 0.0, -0.0, 1e-06, -1.0, 0.37472, -0.0, 1.0, 1e-06, 0.0, 0.0, 0.0, 0.0, 1.0],
                [1.0, 0.0, -0.0, 0.0, -0.0, 1e-06, -1.0, 0.37472, -0.0, 1.0, 1e-06, 0.0, 0.0, 0.0, 0.0, 1.0],
                [1.0, 0.0, -0.0, 0.0, -0.0, 1e-06, -1.0, 0.37472, -0.0, 1.0, 1e-06, 0.0, 0.0, 0.0, 0.0, 1.0],
                [1.0, 0.0, -0.0, -0.0, -0.0, 1e-06, -1.0, 0.37472, -0.0, 1.0, 1e-06, -0.0, 0.0, 0.0, 0.0, 1.0],
                [1.0, 0.0, -0.0, 0.0, -0.0, 1e-06, -1.0, 0.37472, -0.0, 1.0, 1e-06, 0.0, 0.0, 0.0, 0.0, 1.0],
                [1.0, 0.0, -0.0, 0.0, -0.0, 0.369799, -0.929112, 0.37472, -0.0, 0.929112, 0.369799, 0.0, 0.0, 0.0, 0.0, 1.0],
                [1.0, 0.0, -0.0, 0.0, -0.0, 0.434008, -0.900909, 0.37472, -0.0, 0.900909, 0.434008, 0.0, 0.0, 0.0, 0.0, 1.0],
                [1.0, 0.0, -0.0, 0.0, -0.0, 0.084296, -0.996441, 0.37472, -0.0, 0.996441, 0.084296, 0.0, 0.0, 0.0, 0.0, 1.0],
                [1.0, 0.0, -0.0, 0.0, -0.0, 0.058471, -0.998289, 0.37472, -0.0, 0.998289, 0.058471, -0.0, 0.0, 0.0, 0.0, 1.0],
                [1.0, 0.0, -0.0, 0.0, -0.0, 0.058471, -0.998289, 0.37472, -0.0, 0.998289, 0.058471, -0.0, 0.0, 0.0, 0.0, 1.0]
            ]
        },
        {
            "name": "Torso",
            "time": [0.0, 0.15, 0.3, 0.4167, 0.5667, 0.7, 0.7667, 1.0, 1.3667, 1.7833],
            "transform": [
                [0.999042, -0.043673, -0.002705, 0.0, 0.04367, 0.999045, -0.001423, 0.05, 0.002765, 0.001304, 0.999995, -0.0, 0.0, 0.0, 0.0, 1.0],
                [0.999042, -0.043673, -0.002706, -0.0, 0.04367, 0.999045, -0.001423, 0.05, 0.002765, 0.001304, 0.999995, -0.0, 0.0, 0.0, 0.0, 1.0],
                [0.999042, -0.043673, -0.002706, -0.0, 0.04367, 0.999045, -0.001423, 0.05, 0.002765, 0.001304, 0.999995, 0.0, 0.0, 0.0, 0.0, 1.0],
                [0.999042, -0.043673, -0.002706, -0.0, 0.04367, 0.999045, -0.001423, 0.05, 0.002765, 0.001304, 0.999995, 0.0, 0.0, 0.0, 0.0, 1.0],
                [0.999042, -0.043673, -0.002705, -0.0, 0.04367, 0.999045, -0.001423, 0.05, 0.002765, 0.001304, 0.999995, -0.0, 0.0, 0.0, 0.0, 1.0],
                [0.985395, -0.17028, 0.001479, -0.0, 0.170282, 0.985395, -0.0012, 0.05, -0.001253, 0.001434, 0.999998, 0.0, 0.0, 0.0, 0.0, 1.0],
                [0.981057, -0.193591, 0.007113, 0.0, 0.1936, 0.981081, -0.000574, 0.05, -0.006867, 0.00194, 0.999975, 0.0, 0.0, 0.0, 0.0, 1.0],
                [0.991649, 0.029013, 0.125659, 0.0, -0.014575, 0.993336, -0.114329, 0.05, -0.128138, 0.111542, 0.985464, 0.0, 0.0, 0.0, 0.0, 1.0],
                [0.984908, -0.063377, 0.16106, 0.0, 0.063022, 0.997985, 0.007316, 0.05, -0.161199, 0.002945, 0.986917, 0.0, 0.0, 0.0, 0.0, 1.0],
                [0.984908, -0.063377, 0.16106, 0.0, 0.063022, 0.997985, 0.007316, 0.05, -0.161199, 0.002945, 0.986917, 0.0, 0.0, 0.0, 0.0, 1.0]
            ]
        },
        {
            "name": "Chest",
            "time": [0.0, 0.15, 0.3, 0.4167, 0.5667, 0.7, 0.7667, 0.9, 1.0, 1.3667, 1.7833],
            "transform": [
                [0.999771, -0.021316, -0.002029, 0.0, 0.021411, 0.994316, 0.104295, 0.3, -0.000206, -0.104315, 0.994544, 0.0, 0.0, 0.0, 0.0, 1.0],
                [0.974076, -0.021316, 0.225214, 0.0, -0.002849, 0.994316, 0.106432, 0.3, -0.226202, -0.104315, 0.968479, -0.0, 0.0, 0.0, 0.0, 1.0],
                [0.813522, -0.021316, 0.581143, -0.0, -0.043399, 0.994316, 0.097224, 0.3, -0.579912, -0.104315, 0.807973, 0.0, 0.0, 0.0, 0.0, 1.0],
                [0.715618, -0.097677, 0.691628, -0.0, -0.140451, 0.949828, 0.279465, 0.3, -0.684225, -0.29713, 0.665995, -0.0, 0.0, 0.0, 0.0, 1.0],
                [0.577699, -0.021316, 0.815972, 0.0, -0.072907, 0.994316, 0.077592, 0.3, -0.812988, -0.104315, 0.572861, 0.0, 0.0, 0.0, 0.0, 1.0],
                [0.587541, -0.038093, 0.808298, -0.0, 0.023872, 0.999273, 0.02974, 0.3, -0.808842, 0.001822, 0.588023, -0.0, 0.0, 0.0, 0.0, 1.0],
                [0.604082, -0.048321, 0.795456, -0.0, 0.035768, 0.998798, 0.03351, 0.3, -0.796119, 0.008208, 0.605084, 0.0, 0.0, 0.0, 0.0, 1.0],
                [0.567968, 0.018115, 0.822851, 0.0, -0.173678, 0.979883, 0.098308, 0.3, -0.804518, -0.198747, 0.559689, 0.0, 0.0, 0.0, 0.0, 1.0],
                [0.897258, 0.014441, -0.441271, -0.0, 0.128451, 0.947692, 0.2922, 0.3, 0.422408, -0.31886, 0.848469, 0.0, 0.0, 0.0, 0.0, 1.0],
                [0.923646, -0.033603, -0.38177, 0.0, 0.067175, 0.994922, 0.074949, 0.3, 0.377313, -0.094872, 0.921214, 0.0, 0.0, 0.0, 0.0, 1.0],
                [0.923646, -0.033603, -0.38177, 0.0, 0.067175, 0.994922, 0.074949, 0.3, 0.377313, -0.094872, 0.921214, 0.0, 0.0, 0.0, 0.0, 1.0]
            ]
        },
        {
            "name": "Head",
            "time": [0.0, 0.15, 0.3, 0.4167, 0.5667, 0.7, 0.7667, 0.9, 1.0, 1.3667, 1.7833],
            "transform": [
                [0.85311, 0.037721, 0.520365, -0.0, -0.006297, 0.998055, -0.062025, 0.4, -0.521692, 0.049637, 0.851689, -0.0, 0.0, 0.0, 0.0, 1.0],
                [0.998986, 0.037721, -0.02456, 0.0, -0.038884, 0.998055, -0.048732, 0.4, 0.022674, 0.049637, 0.99851, 0.0, 0.0, 0.0, 0.0, 1.0],
                [0.499538, 0.037721, -0.865471, -0.0, -0.061854, 0.998055, 0.007798, 0.4, 0.864081, 0.049637, 0.500899, -0.0, 0.0, 0.0, 0.0, 1.0],
                [0.483274, 0.037721, -0.874656, 0.0, -0.061697, 0.998055, 0.008953, 0.4, 0.873292, 0.049637, 0.484661, 0.0, 0.0, 0.0, 0.0, 1.0],
                [0.422838, 0.037721, -0.90542, -0.0, -0.060948, 0.998055, 0.013117, 0.4, 0.904153, 0.049637, 0.424315, 0.0, 0.0, 0.0, 0.0, 1.0],
                [0.459194, 0.037245, -0.887555, 0.0, -0.061988, 0.998029, 0.00981, 0.4, 0.886171, 0.050513, 0.460597, -0.0, 0.0, 0.0, 0.0, 1.0],
                [0.510376, 0.03774, -0.859123, 0.0, -0.062079, 0.998047, 0.006964, 0.4, 0.857708, 0.049779, 0.511722, -0.0, 0.0, 0.0, 0.0, 1.0],
                [0.321414, -0.037272, -0.946205, -0.0, 0.071752, 0.997311, -0.014912, 0.4, 0.944217, -0.063099, 0.323224, 0.0, 0.0, 0.0, 0.0, 1.0],
                [0.583686, -0.121662, 0.802813, -0.0, 0.018307, 0.990432, 0.136784, 0.4, -0.811773, -0.065142, 0.580328, -0.0, 0.0, 0.0, 0.0, 1.0],
                [0.571174, 0.03775, 0.81996, -0.0, 0.019219, 0.998053, -0.059336, 0.4, -0.820604, 0.04965, 0.569337, -0.0, 0.0, 0.0, 0.0, 1.0],
                [0.571174, 0.03775, 0.81996, -0.0, 0.019219, 0.998053, -0.059336, 0.4, -0.820604, 0.04965, 0.569337, -0.0, 0.0, 0.0, 0.0, 1.0]
            ]
        },
        {
            "name": "Shoulder_R",
            "time": [0.0, 0.15, 0.3, 0.4167, 0.5667, 0.7, 0.7667, 1.0, 1.3667, 1.7833],
            "transform": [
                [-0.241154, 0.935076, 0.259762, -0.0, 0.181931, -0.219358, 0.958532, 0.4, 0.953281, 0.278413, -0.11722, -0.0, 0.0, 0.0, 0.0, 1.0],
                [-0.34739, 0.901024, 0.259762, 0.0, 0.206016, -0.196911, 0.958532, 0.4, 0.91481, 0.386499, -0.11722, 0.0, 0.0, 0.0, 0.0, 1.0],
                [-0.51714, 0.81553, 0.259762, -0.0, 0.240594, -0.152746, 0.958532, 0.4, 0.821389, 0.558192, -0.11722, -0.0, 0.0, 0.0, 0.0, 1.0],
                [0.044819, 0.998866, 0.016055, 0.0, 0.276146, -0.027832, 0.960712, 0.4, 0.96007, -0.038625, -0.27708, 0.0, 0.0, 0.0, 0.0, 1.0],
                [0.659045, 0.705821, 0.259762, -0.0, -0.087246, -0.271302, 0.958532, 0.4, 0.747026, -0.654379, -0.11722, 0.0, 0.0, 0.0, 0.0, 1.0],
                [0.649469, 0.714479, 0.26021, 0.0, -0.084805, -0.272011, 0.95855, 0.4, 0.755644, -0.644616, -0.116071, -0.0, 0.0, 0.0, 0.0, 1.0],
                [0.636425, 0.72609, 0.260301, 0.0, -0.080144, -0.273393, 0.958558, 0.4, 0.767164, -0.630912, -0.115802, -0.0, 0.0, 0.0, 0.0, 1.0],
                [0.24883, 0.933048, 0.259815, -0.0, 0.050462, -0.280377, 0.958563, 0.4, 0.967232, -0.225408, -0.11685, -0.0, 0.0, 0.0, 0.0, 1.0],
                [0.220965, 0.940043, 0.259795, -0.0, 0.058896, -0.278755, 0.958555, 0.4, 0.973502, -0.196506, -0.11696, -0.0, 0.0, 0.0, 0.0, 1.0],
                [0.220965, 0.940043, 0.259795, -0.0, 0.058896, -0.278755, 0.958555, 0.4, 0.973502, -0.196506, -0.11696, -0.0, 0.0, 0.0, 0.0, 1.0]
            ]
        },
        {
            "name": "Arm_R",
            "time": [0.0, 0.15, 0.3, 0.4167, 0.5667, 0.7, 0.7667, 0.9333, 1.0, 1.3667, 1.7833],
            "transform": [
                [-0.560416, 0.299331, -0.772227, -0.0, 0.790217, -0.085917, -0.606775, 0.39386, -0.247974, -0.950273, -0.188387, 0.0, 0.0, 0.0, 0.0, 1.0],
                [-0.065739, 0.669547, -0.739854, -0.0, 0.892776, -0.291702, -0.343309, 0.393861, -0.445679, -0.683093, -0.578579, -0.0, 0.0, 0.0, 0.0, 1.0],
                [0.777224, 0.625195, -0.071087, 0.0, 0.617435, -0.779546, -0.105266, 0.39386, -0.121227, 0.037924, -0.9919, 0.0, 0.0, 0.0, 0.0, 1.0],
                [0.487492, -0.229844, 0.842332, 0.0, 0.783363, 0.5412, -0.305689, 0.39386, -0.385609, 0.808873, 0.443882, 0.0, 0.0, 0.0, 0.0, 1.0],
                [-0.268245, -0.950372, -0.157602, 0.0, 0.082716, 0.140272, -0.986652, 0.39386, 0.959793, -0.277701, 0.040983, 0.0, 0.0, 0.0, 0.0, 1.0],
                [-0.309764, -0.937823, -0.156632, 0.0, 0.013982, 0.160224, -0.986982, 0.39386, 0.950711, -0.307921, -0.036519, -0.0, 0.0, 0.0, 0.0, 1.0],
                [-0.338996, -0.922453, -0.18483, 0.0, -0.010345, 0.200106, -0.97972, 0.393861, 0.940731, -0.330209, -0.077378, -0.0, 0.0, 0.0, 0.0, 1.0],
                [0.269371, -0.014934, -0.962921, 0.0, -0.446582, 0.883937, -0.138637, 0.393861, 0.853232, 0.467368, 0.231437, -0.0, 0.0, 0.0, 0.0, 1.0],
                [0.207079, 0.283037, -0.936487, -0.0, 0.155187, 0.935613, 0.317088, 0.39386, 0.965937, -0.210993, 0.149822, -0.0, 0.0, 0.0, 0.0, 1.0],
                [0.312741, 0.413105, -0.855299, 0.0, 0.048547, 0.89234, 0.448746, 0.393861, 0.948597, -0.181863, 0.259017, 0.0, 0.0, 0.0, 0.0, 1.0],
                [0.312741, 0.413105, -0.855299, 0.0, 0.048547, 0.89234, 0.448746, 0.393861, 0.948597, -0.181863, 0.259017, 0.0, 0.0, 0.0, 0.0, 1.0]
            ]
        },
        {
            "name": "Hand_R",
            "time": [0.0, 0.15, 0.3, 0.4167, 0.5667, 0.7, 0.7667, 0.9167, 1.0, 1.3667, 1.7833],
            "transform": [
                [0.999998, -0.000405, 0.001778, 0.0, 0.000868, 0.963176, -0.268872, 0.3, -0.001603, 0.268873, 0.963174, -0.0, 0.0, 0.0, 0.0, 1.0],
                [0.999998, -0.000405, 0.001778, -0.0, 0.000868, 0.963176, -0.268872, 0.3, -0.001603, 0.268873, 0.963174, -0.0, 0.0, 0.0, 0.0, 1.0],
                [0.999998, -0.000405, 0.001778, 0.0, 0.000868, 0.963176, -0.268872, 0.3, -0.001603, 0.268873, 0.963174, -0.0, 0.0, 0.0, 0.0, 1.0],
                [0.999998, -0.000991, 0.00153, 0.0, 0.000868, 0.996919, 0.078437, 0.3, -0.001603, -0.078436, 0.996918, -0.0, 0.0, 0.0, 0.0, 1.0],
                [0.999998, -0.000405, 0.001778, -0.0, 0.000868, 0.963176, -0.268872, 0.3, -0.001603, 0.268873, 0.963174, -0.0, 0.0, 0.0, 0.0, 1.0],
                [0.999998, -0.000419, 0.001775, -0.0, 0.000868, 0.96529, -0.261179, 0.3, -0.001603, 0.26118, 0.965289, 0.0, 0.0, 0.0, 0.0, 1.0],
                [0.999998, -0.000439, 0.00177, -0.0, 0.000868, 0.968102, -0.250555, 0.3, -0.001603, 0.250556, 0.968101, 0.0, 0.0, 0.0, 0.0, 1.0],
                [0.999998, 0.000741, 0.001666, -0.0, 0.000868, 0.610168, -0.792272, 0.3, -0.001603, 0.792272, 0.610166, 0.0, 0.0, 0.0, 0.0, 1.0],
                [0.999998, -0.000907, 0.001582, 0.0, 0.000868, 0.999699, 0.02453, 0.3, -0.001603, -0.024529, 0.999698, -0.0, 0.0, 0.0, 0.0, 1.0],
                [0.999998, -0.000603, 0.001721, 0.0, 0.000868, 0.987396, -0.158264, 0.3, -0.001603, 0.158265, 0.987395, -0.0, 0.0, 0.0, 0.0, 1.0],
                [0.999998, -0.000603, 0.001721, 0.0, 0.000868, 0.987396, -0.158264, 0.3, -0.001603, 0.158265, 0.987395, -0.0, 0.0, 0.0, 0.0, 1.0]
            ]
        },
        {
            "name": "Tool_R",
            "time": [0.0, 0.15, 0.3, 0.4167, 0.5667, 0.7, 0.7667, 0.9167, 1.0, 1.3667, 1.7833],
            "transform": [
                [-0.223607, 0.459996, -0.859304, -0.767855, 0.205203, -0.83965, -0.502873, -0.098952, -0.952267, -0.288615, 0.093298, 0.138215, 0.0, 0.0, 0.0, 1.0],
                [0.341861, 0.36228, -0.867113, -0.495435, 0.316029, -0.913285, -0.256976, 0.027688, -0.884491, -0.186082, -0.426457, 0.087308, 0.0, 0.0, 0.0, 1.0],
                [0.983741, 0.09238, -0.154008, -0.031656, 0.120271, -0.975736, 0.182959, 0.243285, -0.133289, -0.1984, -0.970406, 0.000643, 0.0, 0.0, 0.0, 1.0],
                [0.986979, 0.090507, -0.132974, -0.02218, 0.11375, -0.977222, 0.17916, 0.24769, -0.113661, -0.19185, -0.974213, -0.001128, 0.0, 0.0, 0.0, 1.0],
                [0.994972, 0.089156, -0.045626, 0.012858, 0.084877, -0.992461, -0.088408, 0.263979, -0.053132, 0.08403, -0.994451, -0.007675, 0.0, 0.0, 0.0, 1.0],
                [0.995417, 0.09044, -0.031066, 0.012858, 0.083392, -0.979967, -0.180862, 0.263978, -0.046772, 0.177327, -0.982438, -0.007675, 0.0, 0.0, 0.0, 1.0],
                [0.995518, 0.091437, -0.024167, 0.012858, 0.082414, -0.964048, -0.252627, 0.263979, -0.046369, 0.249344, -0.966692, -0.007675, 0.0, 0.0, 0.0, 1.0],
                [0.995234, 0.084945, -0.047893, 0.012858, 0.08384, -0.996175, -0.024631, 0.263978, -0.049772, 0.020475, -0.997958, -0.007675, 0.0, 0.0, 0.0, 1.0],
                [0.995089, 0.092746, 0.03458, 0.012858, 0.084499, -0.614016, -0.784757, 0.263978, -0.051519, 0.783355, -0.61848, -0.007675, 0.0, 0.0, 0.0, 1.0],
                [0.995054, 0.091852, 0.037815, 0.012858, 0.084614, -0.584388, -0.807051, 0.263979, -0.051999, 0.805775, -0.58893, -0.007675, 0.0, 0.0, 0.0, 1.0],
                [0.995054, 0.091852, 0.037815, 0.012858, 0.084614, -0.584388, -0.807051, 0.263979, -0.051999, 0.805775, -0.58893, -0.007675, 0.0, 0.0, 0.0, 1.0]
            ]
        },
        {
            "name": "Elbow_R",
            "time": [0.0, 0.15, 0.3, 0.4167, 0.5667, 0.7, 0.7667, 1.0, 1.3667, 1.7833],
            "transform": [
                [-1.0, 0.0, 0.0, 0.0, -0.0, -0.0, -1.0, 0.341622, -0.0, -1.0, 0.0, -0.0, 0.0, 0.0, 0.0, 1.0],
                [-1.0, 0.0, -0.0, -0.0, 0.0, 0.0, -1.0, 0.341622, -0.0, -1.0, 0.0, -0.0, 0.0, 0.0, 0.0, 1.0],
                [-1.0, 0.0, -0.0, 0.0, 0.0, -0.0, -1.0, 0.341622, -0.0, -1.0, 0.0, -0.0, 0.0, 0.0, 0.0, 1.0],
                [-1.0, 0.0, -0.0, 0.0, 0.0, -0.0, -1.0, 0.341622, -0.0, -1.0, 0.0, -0.0, 0.0, 0.0, 0.0, 1.0],
                [-1.0, 0.0, 0.0, -0.0, 0.0, -0.0, -1.0, 0.341622, -0.0, -1.0, 0.0, -0.0, 0.0, 0.0, 0.0, 1.0],
                [-1.0, 0.0, 0.0, -0.0, -0.0, -0.0, -1.0, 0.341622, -0.0, -1.0, 0.0, 0.0, 0.0, 0.0, 0.0, 1.0],
                [-1.0, 0.0, 0.0, -0.0, -0.0, -0.0, -1.0, 0.341622, -0.0, -1.0, 0.0, 0.0, 0.0, 0.0, 0.0, 1.0],
                [-1.0, 0.0, -0.0, 0.0, 0.0, -0.0, -1.0, 0.341622, -0.0, -1.0, 0.0, -0.0, 0.0, 0.0, 0.0, 1.0],
                [-1.0, 0.0, -0.0, 0.0, 0.0, -0.0, -1.0, 0.341622, -0.0, -1.0, 0.0, 0.0, 0.0, 0.0, 0.0, 1.0],
                [-1.0, 0.0, -0.0, 0.0, 0.0, -0.0, -1.0, 0.341622, -0.0, -1.0, 0.0, 0.0, 0.0, 0.0, 0.0, 1.0]
            ]
        },
        {
            "name": "Shoulder_L",
            "time": [0.0, 0.15, 0.3, 0.4167, 0.5667, 0.7, 0.7667, 1.0, 1.3667, 1.7833],
            "transform": [
                [-0.226937, -0.947819, -0.223918, -0.0, -0.021067, -0.225085, 0.974111, 0.4, -0.973681, 0.225779, 0.031113, -0.0, 0.0, 0.0, 0.0, 1.0],
                [-0.226937, -0.947819, -0.223918, 0.0, -0.021067, -0.225085, 0.974111, 0.4, -0.973681, 0.225779, 0.031113, 0.0, 0.0, 0.0, 0.0, 1.0],
                [-0.226937, -0.947819, -0.223918, -0.0, -0.021067, -0.225085, 0.974111, 0.4, -0.973681, 0.225779, 0.031113, -0.0, 0.0, 0.0, 0.0, 1.0],
                [-0.226937, -0.947819, -0.223918, 0.0, -0.021067, -0.225085, 0.974111, 0.4, -0.973681, 0.225779, 0.031113, 0.0, 0.0, 0.0, 0.0, 1.0],
                [-0.226937, -0.947819, -0.223918, -0.0, -0.021067, -0.225085, 0.974111, 0.4, -0.973681, 0.225779, 0.031113, 0.0, 0.0, 0.0, 0.0, 1.0],
                [-0.226937, -0.947819, -0.223918, 0.0, -0.021067, -0.225085, 0.974111, 0.4, -0.973682, 0.225779, 0.031113, -0.0, 0.0, 0.0, 0.0, 1.0],
                [-0.226937, -0.947819, -0.223918, 0.0, -0.021067, -0.225085, 0.974111, 0.4, -0.973682, 0.225779, 0.031113, -0.0, 0.0, 0.0, 0.0, 1.0],
                [-0.226937, -0.947819, -0.223918, -0.0, -0.021067, -0.225085, 0.974111, 0.4, -0.973682, 0.225779, 0.031113, -0.0, 0.0, 0.0, 0.0, 1.0],
                [-0.226937, -0.947819, -0.223918, -0.0, -0.021067, -0.225085, 0.974111, 0.4, -0.973682, 0.225779, 0.031113, -0.0, 0.0, 0.0, 0.0, 1.0],
                [-0.226937, -0.947819, -0.223918, -0.0, -0.021067, -0.225085, 0.974111, 0.4, -0.973682, 0.225779, 0.031113, -0.0, 0.0, 0.0, 0.0, 1.0]
            ]
        },
        {
            "name": "Arm_L",
            "time": [0.0, 0.15, 0.3, 0.4167, 0.5667, 0.7, 0.7667, 1.0, 1.3667, 1.7833],
            "transform": [
                [0.028967, 0.056681, 0.997972, 0.0, -0.931842, 0.362807, 0.006442, 0.39386, -0.361707, -0.930138, 0.063327, -0.0, 0.0, 0.0, 0.0, 1.0],
                [0.053577, 0.142045, 0.988409, 0.0, -0.887869, 0.459746, -0.017943, 0.39386, -0.456966, -0.876617, 0.15075, 0.0, 0.0, 0.0, 0.0, 1.0],
                [0.115385, 0.276892, 0.953948, 0.0, -0.791297, 0.606146, -0.080228, 0.39386, -0.600446, -0.745599, 0.289044, -0.0, 0.0, 0.0, 0.0, 1.0],
                [0.11688, 0.279444, 0.953022, 0.0, -0.789084, 0.608822, -0.081744, 0.39386, -0.603063, -0.74246, 0.291664, -0.0, 0.0, 0.0, 0.0, 1.0],
                [0.12248, 0.288798, 0.949523, 0.0, -0.780833, 0.618592, -0.087425, 0.39386, -0.612615, -0.730712, 0.301269, 0.0, 0.0, 0.0, 0.0, 1.0],
                [0.132397, 0.28481, 0.949397, 0.0, -0.758437, 0.645783, -0.087962, 0.39386, -0.638157, -0.708411, 0.30151, 0.0, 0.0, 0.0, 0.0, 1.0],
                [0.144084, 0.279407, 0.949301, 0.0, -0.730329, 0.677337, -0.088512, 0.39386, -0.667727, -0.680548, 0.301652, 0.0, 0.0, 0.0, 0.0, 1.0],
                [0.240591, 0.138265, 0.960728, 0.0, -0.229334, 0.969875, -0.08215, 0.39386, -0.943145, -0.200563, 0.265052, 0.0, 0.0, 0.0, 0.0, 1.0],
                [0.286225, 0.090288, 0.953899, -0.0, -0.341598, 0.939748, 0.013551, 0.39386, -0.895202, -0.329729, 0.299821, 0.0, 0.0, 0.0, 0.0, 1.0],
                [0.286225, 0.090288, 0.953899, -0.0, -0.341598, 0.939748, 0.013551, 0.39386, -0.895202, -0.329729, 0.299821, 0.0, 0.0, 0.0, 0.0, 1.0]
            ]
        },
        {
            "name": "Hand_L",
            "time": [0.0, 0.15, 0.3, 0.4167, 0.5667, 0.7, 0.7667, 1.0, 1.3667, 1.7833],
            "transform": [
                [0.999993, -0.001541, -0.00347, 0.0, 0.000938, 0.985901, -0.167329, 0.3, 0.003679, 0.167324, 0.985895, 0.0, 0.0, 0.0, 0.0, 1.0],
                [0.999993, -0.001541, -0.00347, 0.0, 0.000938, 0.985901, -0.167329, 0.3, 0.003679, 0.167324, 0.985895, -0.0, 0.0, 0.0, 0.0, 1.0],
                [0.999993, -0.001541, -0.00347, 0.0, 0.000938, 0.985901, -0.167329, 0.3, 0.003679, 0.167324, 0.985895, -0.0, 0.0, 0.0, 0.0, 1.0],
                [0.999993, -0.001541, -0.00347, 0.0, 0.000938, 0.985901, -0.167329, 0.3, 0.003679, 0.167324, 0.985895, 0.0, 0.0, 0.0, 0.0, 1.0],
                [0.999993, -0.001541, -0.00347, 0.0, 0.000938, 0.985901, -0.167329, 0.3, 0.003679, 0.167324, 0.985895, 0.0, 0.0, 0.0, 0.0, 1.0],
                [0.999993, -0.001541, -0.00347, 0.0, 0.000938, 0.985901, -0.167329, 0.3, 0.003679, 0.167324, 0.985895, -0.0, 0.0, 0.0, 0.0, 1.0],
                [0.999993, -0.001541, -0.00347, 0.0, 0.000938, 0.985901, -0.167329, 0.3, 0.003679, 0.167324, 0.985895, -0.0, 0.0, 0.0, 0.0, 1.0],
                [0.999993, -0.003627, -0.001124, 0.0, 0.000938, 0.522786, -0.852464, 0.3, 0.003679, 0.852457, 0.522785, 0.0, 0.0, 0.0, 0.0, 1.0],
                [0.999993, -0.00371, -0.000809, 0.0, 0.000938, 0.447947, -0.89406, 0.3, 0.003679, 0.894053, 0.447947, 0.0, 0.0, 0.0, 0.0, 1.0],
                [0.999993, -0.00371, -0.000809, 0.0, 0.000938, 0.447947, -0.89406, 0.3, 0.003679, 0.894053, 0.447947, 0.0, 0.0, 0.0, 0.0, 1.0]
            ]
        },
        {
            "name": "Tool_L",
            "time": [0.0, 0.15, 0.3, 0.4167, 0.5667, 0.7, 0.7667, 1.0, 1.3667, 1.7833],
            "transform": [
                [0.997006, -0.039439, -0.066512, -0.0, -0.036629, -0.998405, 0.042952, 0.272858, -0.068061, -0.040374, -0.996274, -0.0, 0.0, 0.0, 0.0, 1.0],
                [0.997006, -0.039439, -0.066512, 0.0, -0.036629, -0.998405, 0.042952, 0.272858, -0.068061, -0.040374, -0.996274, -0.0, 0.0, 0.0, 0.0, 1.0],
                [0.997006, -0.039439, -0.066512, 0.0, -0.036629, -0.998405, 0.042952, 0.272858, -0.068061, -0.040374, -0.996274, -0.0, 0.0, 0.0, 0.0, 1.0],
                [0.997006, -0.039439, -0.066512, 0.0, -0.036629, -0.998405, 0.042952, 0.272858, -0.068061, -0.040374, -0.996274, -0.0, 0.0, 0.0, 0.0, 1.0],
                [0.997006, -0.039439, -0.066512, 0.0, -0.036629, -0.998405, 0.042952, 0.272858, -0.068061, -0.040374, -0.996274, -0.0, 0.0, 0.0, 0.0, 1.0],
                [0.997006, -0.039439, -0.066512, 0.0, -0.036629, -0.998405, 0.042952, 0.272858, -0.068061, -0.040374, -0.996274, -0.0, 0.0, 0.0, 0.0, 1.0],
                [0.997006, -0.039439, -0.066512, 0.0, -0.036629, -0.998405, 0.042952, 0.272858, -0.068061, -0.040374, -0.996274, -0.0, 0.0, 0.0, 0.0, 1.0],
                [0.997006, -0.039439, -0.066512, -0.0, -0.036629, -0.998405, 0.042952, 0.272858, -0.068061, -0.040374, -0.996274, -0.0, 0.0, 0.0, 0.0, 1.0],
                [0.997006, -0.039439, -0.066512, 0.0, -0.036629, -0.998405, 0.042952, 0.272858, -0.068061, -0.040374, -0.996274, -0.0, 0.0, 0.0, 0.0, 1.0],
                [0.997006, -0.039439, -0.066512, 0.0, -0.036629, -0.998405, 0.042952, 0.272858, -0.068061, -0.040374, -0.996274, -0.0, 0.0, 0.0, 0.0, 1.0]
            ]
        },
        {
            "name": "Elbow_L",
            "time": [0.0, 0.15, 0.3, 0.4167, 0.5667, 0.7, 0.7667, 1.0, 1.3667, 1.7833],
            "transform": [
                [-1.0, 0.0, -0.0, 2.7e-05, 0.0, -0.0, -1.0, 0.334301, -0.0, -1.0, -0.0, -0.002121, 0.0, 0.0, 0.0, 1.0],
                [-1.0, 0.0, -0.0, 2.7e-05, 0.0, -0.0, -1.0, 0.334301, -0.0, -1.0, -0.0, -0.002121, 0.0, 0.0, 0.0, 1.0],
                [-1.0, 0.0, -0.0, 2.7e-05, 0.0, -0.0, -1.0, 0.334301, -0.0, -1.0, -0.0, -0.002121, 0.0, 0.0, 0.0, 1.0],
                [-1.0, 0.0, -0.0, 2.7e-05, 0.0, -0.0, -1.0, 0.334301, -0.0, -1.0, -0.0, -0.002121, 0.0, 0.0, 0.0, 1.0],
                [-1.0, 0.0, -0.0, 2.7e-05, 0.0, -0.0, -1.0, 0.334301, -0.0, -1.0, -0.0, -0.002121, 0.0, 0.0, 0.0, 1.0],
                [-1.0, 0.0, -0.0, 2.7e-05, 0.0, -0.0, -1.0, 0.334301, -0.0, -1.0, -0.0, -0.002121, 0.0, 0.0, 0.0, 1.0],
                [-1.0, 0.0, -0.0, 2.7e-05, 0.0, -0.0, -1.0, 0.334302, -0.0, -1.0, -0.0, -0.002121, 0.0, 0.0, 0.0, 1.0],
                [-1.0, 0.0, -0.0, 2.7e-05, 0.0, -0.0, -1.0, 0.334301, -0.0, -1.0, -0.0, -0.002121, 0.0, 0.0, 0.0, 1.0],
                [-1.0, 0.0, -0.0, 2.7e-05, 0.0, -0.0, -1.0, 0.334301, -0.0, -1.0, -0.0, -0.002121, 0.0, 0.0, 0.0, 1.0],
                [-1.0, 0.0, -0.0, 2.7e-05, 0.0, -0.0, -1.0, 0.334301, -0.0, -1.0, -0.0, -0.002121, 0.0, 0.0, 0.0, 1.0]
            ]
        }
    ]
}