{
    "animation": [
        {
            "name": "Root",
            "time": [0.0, 0.15, 0.2167, 0.2833, 0.3667, 0.5667, 0.8667, 1.1],
            "transform": [
                [0.391122, 0.076176, -0.917181, 0.003835, -0.918159, 0.100844, -0.383164, 0.052602, 0.063304, 0.991982, 0.109384, 0.43007, 0.0, 0.0, 0.0, 1.0],
                [0.402497, 0.09354, -0.91063, 0.003835, -0.903857, 0.198231, -0.379141, 0.272255, 0.14505, 0.975682, 0.164334, 0.513538, 0.0, 0.0, 0.0, 1.0],
                [-0.586924, 0.29622, -0.753508, 0.003835, -0.759204, 0.121991, 0.639319, 0.547109, 0.2813, 0.947297, 0.153291, 0.75989, 0.0, 0.0, 0.0, 1.0],
                [-0.674384, 0.195698, 0.711975, 0.034267, 0.680005, -0.21116, 0.702143, 0.745409, 0.287748, 0.957661, 0.009327, 0.759367, 0.0, 0.0, 0.0, 1.0],
                [-0.049626, 0.02479, 0.99846, 0.087161, 0.973153, -0.223753, 0.053924, 0.881995, 0.224745, 0.974331, -0.01302, 0.752254, 0.0, 0.0, 0.0, 1.0],
                [0.609945, 0.120049, -0.783297, 0.048232, -0.620565, 0.687075, -0.377925, 1.814641, 0.492814, 0.716601, 0.493576, 0.419288, 0.0, 0.0, 0.0, 1.0],
                [0.420144, 0.240857, -0.87491, 0.087161, -0.796785, 0.559333, -0.228647, 1.865382, 0.434294, 0.79318, 0.426912, 0.500088, 0.0, 0.0, 0.0, 1.0],
                [0.420144, 0.240857, -0.87491, 0.087161, -0.796785, 0.559333, -0.228647, 1.865382, 0.434294, 0.79318, 0.426912, 0.500088, 0.0, 0.0, 0.0, 1.0]
            ]
        },
        {
            "name": "Thigh_R",
            "time": [0.0, 0.15, 0.3667, 0.5667, 0.8667, 1.1],
            "transform": [
                [0.625501, 0.777608, -0.063813, 0.124994, 0.780223, -0.623433, 0.050801, -0.002831, -0.000281, -0.081564, -0.996668, -1.2e-05, 0.0, 0.0, 0.0, 1.0],
                [0.913516, 0.396351, 0.09161, 0.124994, 0.108211, -0.453838, 0.884489, -0.002831, 0.392145, -0.79808, -0.45748, -1.2e-05, 0.0, 0.0, 0.0, 1.0],
                [0.896155, 0.249432, -0.367001, 0.124994, 0.439841, -0.608728, 0.660294, -0.002831, -0.058706, -0.753146, -0.655227, -1.2e-05, 0.0, 0.0, 0.0, 1.0],
                [0.955575, 0.292648, -0.035099, 0.124994, 0.294481, -0.942878, 0.155751, -0.002831, 0.012487, -0.159167, -0.987173, -1.2e-05, 0.0, 0.0, 0.0, 1.0],
                [0.952192, 0.250612, -0.174708, 0.124994, 0.2867, -0.930564, 0.227705, -0.002831, -0.105512, -0.266907, -0.957929, -1.2e-05, 0.0, 0.0, 0.0, 1.0],
                [0.952192, 0.250612, -0.174708, 0.124994, 0.2867, -0.930564, 0.227705, -0.002831, -0.105512, -0.266907, -0.957929, -1.2e-05, 0.0, 0.0, 0.0, 1.0]
            ]
        },
        {
            "name": "Leg_R",
            "time": [0.0, 0.15, 0.3667, 0.5667, 0.8667, 1.1],
            "transform": [
                [1.0, -1e-06, 1e-06, -0.0, 0.0, 0.891558, 0.452908, 0.37472, -1e-06, -0.452908, 0.891557, 0.0, 0.0, 0.0, 0.0, 1.0],
                [1.0, -1e-06, -0.0, -0.0, 0.0, 0.16099, 0.986955, 0.37472, -1e-06, -0.986957, 0.16099, 0.0, 0.0, 0.0, 0.0, 1.0],
                [1.0, -1e-06, -0.0, 0.0, 0.0, 0.159835, 0.987143, 0.37472, -1e-06, -0.987144, 0.159835, 0.0, 0.0, 0.0, 0.0, 1.0],
                [1.0, -0.0, 0.0, -0.0, 0.0, 0.894372, 0.447325, 0.37472, -0.0, -0.447326, 0.89437, -0.0, 0.0, 0.0, 0.0, 1.0],
                [1.0, -0.0, 0.0, 0.0, 0.0, 0.938693, 0.344756, 0.37472, -0.0, -0.344756, 0.938692, 0.0, 0.0, 0.0, 0.0, 1.0],
                [1.0, -0.0, 0.0, 0.0, 0.0, 0.938693, 0.344756, 0.37472, -0.0, -0.344756, 0.938692, 0.0, 0.0, 0.0, 0.0, 1.0]
            ]
        },
        {
            "name": "Knee_R",
            "time": [0.0, 0.3667, 0.5667, 0.8667, 1.1],
            "transform": [
                [1.0, 0.0, -0.0, -0.0, -0.0, 1e-06, -1.0, 0.37472, -0.0, 1.0, 1e-06, 0.0, 0.0, 0.0, 0.0, 1.0],
                [1.0, 0.0, -0.0, 0.0, -0.0, 1e-06, -1.0, 0.37472, -0.0, 1.0, 1e-06, 0.0, 0.0, 0.0, 0.0, 1.0],
                [1.0, 0.0, -0.0, -0.0, -0.0, 1e-06, -1.0, 0.37472, -0.0, 1.0, 1e-06, -0.0, 0.0, 0.0, 0.0, 1.0],
                [1.0, 0.0, -0.0, 0.0, -0.0, 1e-06, -1.0, 0.37472, -0.0, 1.0, 1e-06, 0.0, 0.0, 0.0, 0.0, 1.0],
                [1.0, 0.0, -0.0, 0.0, -0.0, 1e-06, -1.0, 0.37472, -0.0, 1.0, 1e-06, 0.0, 0.0, 0.0, 0.0, 1.0]
            ]
        },
        {
            "name": "Thigh_L",
            "time": [0.0, 0.15, 0.2167, 0.3667, 0.5667, 0.8667, 1.1],
            "transform": [
                [0.546268, -0.837121, 0.02861, -0.125006, -0.080974, -0.018782, 0.996539, -0.002831, -0.833686, -0.546695, -0.078046, -1.2e-05, 0.0, 0.0, 0.0, 1.0],
                [0.532317, -0.84446, 0.05937, -0.125006, -0.156234, -0.029073, 0.987292, -0.002831, -0.832003, -0.534828, -0.14741, -1.2e-05, 0.0, 0.0, 0.0, 1.0],
                [0.593634, -0.548128, -0.589197, -0.125006, -0.216457, -0.81394, 0.539117, -0.002831, -0.775076, -0.192503, -0.601829, -1.2e-05, 0.0, 0.0, 0.0, 1.0],
                [0.857586, -0.357216, -0.370056, -0.125006, -0.130795, -0.847288, 0.514777, -0.002831, -0.497431, -0.393064, -0.773345, -1.2e-05, 0.0, 0.0, 0.0, 1.0],
                [0.474314, -0.701045, 0.532504, -0.125006, 0.226491, 0.681687, 0.695704, -0.002831, -0.850721, -0.209375, 0.482114, -1.2e-05, 0.0, 0.0, 0.0, 1.0],
                [0.420113, -0.876046, 0.236745, -0.125006, 0.229418, 0.354941, 0.906302, -0.002831, -0.877993, -0.326436, 0.350096, -1.2e-05, 0.0, 0.0, 0.0, 1.0],
                [0.420113, -0.876046, 0.236745, -0.125006, 0.229418, 0.354941, 0.906302, -0.002831, -0.877993, -0.326436, 0.350096, -1.2e-05, 0.0, 0.0, 0.0, 1.0]
            ]
        },
        {
            "name": "Leg_L",
            "time": [0.0, 0.15, 0.2167, 0.3667, 0.5667, 0.8667, 1.1],
            "transform": [
                [0.999989, 0.00047, -0.004636, 0.0, 0.003782, 0.499343, 0.866397, 0.37472, 0.002722, -0.866404, 0.499336, 0.0, 0.0, 0.0, 0.0, 1.0],
                [0.999989, 0.002301, -0.004052, 0.0, 0.003782, 0.107223, 0.994228, 0.37472, 0.002722, -0.994232, 0.107213, 0.0, 0.0, 0.0, 0.0, 1.0],
                [0.999989, -0.002457, -0.00396, -0.0, 0.003782, 0.924306, 0.381633, 0.37472, 0.002722, -0.381644, 0.924306, 0.0, 0.0, 0.0, 0.0, 1.0],
                [0.999989, -0.002396, -0.003997, 0.0, 0.003782, 0.918376, 0.395691, 0.37472, 0.002722, -0.395702, 0.918375, 0.0, 0.0, 0.0, 0.0, 1.0],
                [0.991333, -0.000601, 0.131375, 0.0, -0.13024, 0.126724, 0.983351, 0.37472, -0.017239, -0.991938, 0.125548, -0.0, 0.0, 0.0, 0.0, 1.0],
                [0.999989, 0.000191, -0.004656, 0.0, 0.003782, 0.550447, 0.834862, 0.37472, 0.002722, -0.83487, 0.550441, -0.0, 0.0, 0.0, 0.0, 1.0],
                [0.999989, 0.000191, -0.004656, 0.0, 0.003782, 0.550447, 0.834862, 0.37472, 0.002722, -0.83487, 0.550441, -0.0, 0.0, 0.0, 0.0, 1.0]
            ]
        },
        {
            "name": "Knee_L",
            "time": [0.0, 0.3667, 0.5667, 0.8667, 1.1],
            "transform": [
                [1.0, 0.0, -0.0, 0.0, -0.0, 0.058471, -0.998289, 0.37472, -0.0, 0.998289, 0.058471, 0.0, 0.0, 0.0, 0.0, 1.0],
                [1.0, 0.0, -0.0, 0.0, -0.0, 0.058471, -0.998289, 0.37472, -0.0, 0.998289, 0.058471, 0.0, 0.0, 0.0, 0.0, 1.0],
                [1.0, 0.0, -0.0, 0.0, -0.0, 0.058471, -0.998289, 0.37472, -0.0, 0.998289, 0.058471, -0.0, 0.0, 0.0, 0.0, 1.0],
                [1.0, 0.0, -0.0, 0.0, -0.0, 0.058471, -0.998289, 0.37472, -0.0, 0.998289, 0.058471, -0.0, 0.0, 0.0, 0.0, 1.0],
                [1.0, 0.0, -0.0, 0.0, -0.0, 0.058471, -0.998289, 0.37472, -0.0, 0.998289, 0.058471, -0.0, 0.0, 0.0, 0.0, 1.0]
            ]
        },
        {
            "name": "Torso",
            "time": [0.0, 0.3667, 0.5667, 0.8667, 1.1],
            "transform": [
                [0.984908, -0.063377, 0.16106, 0.0, 0.063022, 0.997985, 0.007316, 0.05, -0.161199, 0.002945, 0.986917, -0.0, 0.0, 0.0, 0.0, 1.0],
                [0.980589, 0.088901, 0.17476, 0.0, -0.054604, 0.979861, -0.192071, 0.05, -0.188316, 0.1788, 0.965696, 0.0, 0.0, 0.0, 0.0, 1.0],
                [0.956863, 0.28661, 0.047631, 0.0, -0.217025, 0.814074, -0.538688, 0.05, -0.193168, 0.505113, 0.841158, 0.0, 0.0, 0.0, 0.0, 1.0],
                [0.956562, 0.246181, 0.156155, 0.0, -0.168465, 0.903933, -0.393097, 0.05, -0.237927, 0.349715, 0.90614, 0.0, 0.0, 0.0, 0.0, 1.0],
                [0.956562, 0.246181, 0.156155, 0.0, -0.168465, 0.903933, -0.393097, 0.05, -0.237927, 0.349715, 0.90614, 0.0, 0.0, 0.0, 0.0, 1.0]
            ]
        },
        {
            "name": "Chest",
            "time": [0.0, 0.15, 0.3667, 0.5667, 0.8667, 1.1],
            "transform": [
                [0.923646, -0.033603, -0.38177, 0.0, 0.067175, 0.994922, 0.074949, 0.3, 0.377313, -0.094872, 0.921214, -0.0, 0.0, 0.0, 0.0, 1.0],
                [0.993755, 0.021628, -0.109472, 0.0, 0.043368, 0.829058, 0.557478, 0.3, 0.102815, -0.558744, 0.822943, 0.0, 0.0, 0.0, 0.0, 1.0],
                [0.644434, 0.24897, 0.722993, 0.0, -0.210875, 0.966709, -0.144934, 0.3, -0.735008, -0.05906, 0.675482, 0.0, 0.0, 0.0, 0.0, 1.0],
                [0.987078, 0.138405, -0.080751, -0.0, -0.13149, 0.987626, 0.085469, 0.3, 0.091581, -0.073746, 0.993063, 0.0, 0.0, 0.0, 0.0, 1.0],
                [0.980929, 0.032645, -0.191606, 0.0, -0.024329, 0.998664, 0.045593, 0.3, 0.192839, -0.040062, 0.980412, -0.0, 0.0, 0.0, 0.0, 1.0],
                [0.980929, 0.032645, -0.191606, 0.0, -0.024329, 0.998664, 0.045593, 0.3, 0.192839, -0.040062, 0.980412, -0.0, 0.0, 0.0, 0.0, 1.0]
            ]
        },
        {
            "name": "Head",
            "time": [0.0, 0.3667, 0.5667, 0.8667, 1.1],
            "transform": [
                [0.571174, 0.03775, 0.81996, -0.0, 0.019219, 0.998053, -0.059336, 0.4, -0.820604, 0.04965, 0.569337, -0.0, 0.0, 0.0, 0.0, 1.0],
                [0.42116, 0.03775, -0.906201, -0.0, -0.060948, 0.998053, 0.01325, 0.4, 0.904936, 0.049651, 0.42264, -0.0, 0.0, 0.0, 0.0, 1.0],
                [0.694053, 0.03775, 0.718934, -0.0, 0.00956, 0.998053, -0.061635, 0.4, -0.719861, 0.049651, 0.69234, 0.0, 0.0, 0.0, 0.0, 1.0],
                [0.532481, 0.03775, 0.845599, 0.0, 0.021954, 0.998053, -0.05838, 0.4, -0.846157, 0.049651, 0.530616, 0.0, 0.0, 0.0, 0.0, 1.0],
                [0.532481, 0.03775, 0.845599, 0.0, 0.021954, 0.998053, -0.05838, 0.4, -0.846157, 0.049651, 0.530616, 0.0, 0.0, 0.0, 0.0, 1.0]
            ]
        },
        {
            "name": "Shoulder_R",
            "time": [0.0, 0.3667, 0.5667, 0.8667, 1.1],
            "transform": [
                [0.220965, 0.940043, 0.259795, -0.0, 0.058896, -0.278755, 0.958555, 0.4, 0.973502, -0.196506, -0.11696, -0.0, 0.0, 0.0, 0.0, 1.0],
                [0.065576, 0.963434, 0.259795, -0.0, 0.103327, -0.265512, 0.958555, 0.4, 0.992483, -0.036014, -0.11696, -0.0, 0.0, 0.0, 0.0, 1.0],
                [-0.085777, 0.961846, 0.259795, -0.0, 0.143547, -0.246105, 0.958554, 0.4, 0.985919, 0.119515, -0.11696, 0.0, 0.0, 0.0, 0.0, 1.0],
                [-0.098973, 0.960578, 0.259795, 0.0, 0.146912, -0.244111, 0.958554, 0.4, 0.984185, 0.133038, -0.11696, 0.0, 0.0, 0.0, 0.0, 1.0],
                [-0.098973, 0.960578, 0.259795, 0.0, 0.146912, -0.244111, 0.958554, 0.4, 0.984185, 0.133038, -0.11696, 0.0, 0.0, 0.0, 0.0, 1.0]
            ]
        },
        {
            "name": "Arm_R",
            "time": [0.0, 0.15, 0.3667, 0.5667, 0.8667, 1.1],
            "transform": [
                [0.312741, 0.413105, -0.855299, 0.0, 0.048547, 0.89234, 0.448746, 0.39386, 0.948597, -0.181863, 0.259017, -0.0, 0.0, 0.0, 0.0, 1.0],
                [0.312741, 0.040127, -0.94899, -0.0, 0.048547, 0.997126, 0.058161, 0.39386, 0.948597, -0.06426, 0.309895, -0.0, 0.0, 0.0, 0.0, 1.0],
                [0.21783, -0.164216, -0.962072, 0.0, -0.095928, 0.977368, -0.188547, 0.39386, 0.971261, 0.133361, 0.197147, 0.0, 0.0, 0.0, 0.0, 1.0],
                [0.170206, -0.269395, -0.947869, -0.0, -0.332035, 0.889976, -0.312563, 0.39386, 0.927784, 0.367926, 0.06203, -0.0, 0.0, 0.0, 0.0, 1.0],
                [0.092002, -0.217374, -0.971743, -0.0, 0.020657, 0.976088, -0.21639, 0.39386, 0.995544, -0.000165, 0.094293, -0.0, 0.0, 0.0, 0.0, 1.0],
                [0.092002, -0.217374, -0.971743, -0.0, 0.020657, 0.976088, -0.21639, 0.39386, 0.995544, -0.000165, 0.094293, -0.0, 0.0, 0.0, 0.0, 1.0]
            ]
        },
        {
            "name": "Hand_R",
            "time": [0.0, 0.15, 0.3667, 0.5667, 0.8667, 1.1],
            "transform": [
                [0.999998, -0.000603, 0.001721, -0.0, 0.000868, 0.987396, -0.158264, 0.3, -0.001603, 0.158265, 0.987395, -0.0, 0.0, 0.0, 0.0, 1.0],
                [0.999998, 0.001155, 0.001411, 0.0, 0.000868, 0.379194, -0.925317, 0.3, -0.001603, 0.925316, 0.379193, -0.0, 0.0, 0.0, 0.0, 1.0],
                [0.999998, 0.00066, 0.0017, 0.0, 0.000868, 0.647489, -0.762074, 0.3, -0.001603, 0.762075, 0.647487, 0.0, 0.0, 0.0, 0.0, 1.0],
                [0.999998, -0.000626, 0.001712, -0.0, 0.000868, 0.989387, -0.145304, 0.3, -0.001603, 0.145305, 0.989386, 0.0, 0.0, 0.0, 0.0, 1.0],
                [0.999998, -0.000562, 0.001734, 0.0, 0.000868, 0.983347, -0.181737, 0.3, -0.001603, 0.181738, 0.983346, 0.0, 0.0, 0.0, 0.0, 1.0],
                [0.999998, -0.000562, 0.001734, 0.0, 0.000868, 0.983347, -0.181737, 0.3, -0.001603, 0.181738, 0.983346, 0.0, 0.0, 0.0, 0.0, 1.0]
            ]
        },
        {
            "name": "Tool_R",
            "time": [0.0, 0.15, 0.3667, 0.5667, 0.8667, 1.1],
            "transform": [
                [0.995054, 0.091852, 0.037815, 0.012858, 0.084614, -0.584388, -0.807051, 0.263978, -0.051999, 0.805775, -0.58893, -0.007675, 0.0, 0.0, 0.0, 1.0],
                [0.995051, 0.091887, -0.037817, 0.012858, 0.084651, -0.983215, -0.161622, 0.263978, -0.052001, 0.157517, -0.985546, -0.007675, 0.0, 0.0, 0.0, 1.0],
                [0.995052, 0.098016, -0.016265, 0.012859, 0.08464, -0.921973, -0.377892, 0.263978, -0.052004, 0.374414, -0.925163, -0.007675, 0.0, 0.0, 0.0, 1.0],
                [0.995054, 0.093465, 0.033638, 0.012858, 0.084616, -0.62016, -0.779898, 0.263978, -0.052, 0.778419, -0.62464, -0.007676, 0.0, 0.0, 0.0, 1.0],
                [0.995053, 0.099169, 0.005854, 0.012858, 0.084625, -0.815311, -0.572805, 0.263978, -0.052, 0.570121, -0.819191, -0.007675, 0.0, 0.0, 0.0, 1.0],
                [0.995053, 0.099169, 0.005854, 0.012858, 0.084625, -0.815311, -0.572805, 0.263978, -0.052, 0.570121, -0.819191, -0.007675, 0.0, 0.0, 0.0, 1.0]
            ]
        },
        {
            "name": "Elbow_R",
            "time": [0.0, 0.3667, 0.5667, 0.8667, 1.1],
            "transform": [
                [-1.0, 0.0, -0.0, -0.0, 0.0, -0.0, -1.0, 0.341622, -0.0, -1.0, 0.0, -0.0, 0.0, 0.0, 0.0, 1.0],
                [-1.0, 0.0, -0.0, 0.0, 0.0, -0.0, -1.0, 0.341622, -0.0, -1.0, 0.0, 0.0, 0.0, 0.0, 0.0, 1.0],
                [-1.0, 0.0, -0.0, 0.0, 0.0, 0.0, -1.0, 0.341622, -0.0, -1.0, 0.0, 0.0, 0.0, 0.0, 0.0, 1.0],
                [-1.0, 0.0, -0.0, 0.0, 0.0, -0.0, -1.0, 0.341622, -0.0, -1.0, 0.0, 0.0, 0.0, 0.0, 0.0, 1.0],
                [-1.0, 0.0, -0.0, 0.0, 0.0, -0.0, -1.0, 0.341622, -0.0, -1.0, 0.0, 0.0, 0.0, 0.0, 0.0, 1.0]
            ]
        },
        {
            "name": "Shoulder_L",
            "time": [0.0, 0.3667, 0.5667, 0.8667, 1.1],
            "transform": [
                [-0.226937, -0.947819, -0.223918, -0.0, -0.021067, -0.225085, 0.974111, 0.4, -0.973682, 0.225779, 0.031113, -0.0, 0.0, 0.0, 0.0, 1.0],
                [-0.226937, -0.947819, -0.223918, -0.0, -0.021067, -0.225085, 0.974111, 0.4, -0.973682, 0.225779, 0.031113, -0.0, 0.0, 0.0, 0.0, 1.0],
                [-0.226937, -0.947819, -0.223918, -0.0, -0.021067, -0.225085, 0.974111, 0.4, -0.973681, 0.225779, 0.031113, 0.0, 0.0, 0.0, 0.0, 1.0],
                [-0.226937, -0.947819, -0.223918, 0.0, -0.021067, -0.225085, 0.974111, 0.4, -0.973681, 0.225779, 0.031113, 0.0, 0.0, 0.0, 0.0, 1.0],
                [-0.226937, -0.947819, -0.223918, 0.0, -0.021067, -0.225085, 0.974111, 0.4, -0.973681, 0.225779, 0.031113, 0.0, 0.0, 0.0, 0.0, 1.0]
            ]
        },
        {
            "name": "Arm_L",
            "time": [0.0, 0.3667, 0.5667, 0.8667, 1.1],
            "transform": [
                [0.286225, 0.090288, 0.953899, 0.0, -0.341598, 0.939748, 0.013551, 0.39386, -0.895202, -0.329729, 0.299821, 0.0, 0.0, 0.0, 0.0, 1.0],
                [0.286225, 0.090288, 0.953899, -0.0, -0.341598, 0.939748, 0.013551, 0.39386, -0.895202, -0.329729, 0.299821, 0.0, 0.0, 0.0, 0.0, 1.0],
                [0.286225, 0.090288, 0.953899, 0.0, -0.341598, 0.939748, 0.013551, 0.39386, -0.895202, -0.329729, 0.299821, 0.0, 0.0, 0.0, 0.0, 1.0],
                [0.286225, 0.090288, 0.953899, 0.0, -0.341598, 0.939748, 0.013551, 0.39386, -0.895202, -0.329729, 0.299821, 0.0, 0.0, 0.0, 0.0, 1.0],
                [0.286225, 0.090288, 0.953899, 0.0, -0.341598, 0.939748, 0.013551, 0.39386, -0.895202, -0.329729, 0.299821, 0.0, 0.0, 0.0, 0.0, 1.0]
            ]
        },
        {
            "name": "Hand_L",
            "time": [0.0, 0.3667, 0.5667, 0.8667, 1.1],
            "transform": [
                [0.999993, -0.00371, -0.000809, -0.0, 0.000938, 0.447947, -0.89406, 0.3, 0.003679, 0.894053, 0.447947, 0.0, 0.0, 0.0, 0.0, 1.0],
                [0.999993, -0.00371, -0.000809, 0.0, 0.000938, 0.447946, -0.89406, 0.3, 0.003679, 0.894053, 0.447947, -0.0, 0.0, 0.0, 0.0, 1.0],
                [0.999993, -0.00371, -0.000809, 0.0, 0.000938, 0.447946, -0.89406, 0.3, 0.003679, 0.894053, 0.447947, 0.0, 0.0, 0.0, 0.0, 1.0],
                [0.999993, -0.00371, -0.000809, 0.0, 0.000938, 0.447946, -0.89406, 0.3, 0.003679, 0.894053, 0.447947, 0.0, 0.0, 0.0, 0.0, 1.0],
                [0.999993, -0.00371, -0.000809, 0.0, 0.000938, 0.447946, -0.89406, 0.3, 0.003679, 0.894053, 0.447947, 0.0, 0.0, 0.0, 0.0, 1.0]
            ]
        },
        {
            "name": "Tool_L",
            "time": [0.0, 0.3667, 0.5667, 0.8667, 1.1],
            "transform": [
                [0.997006, -0.039439, -0.066512, -0.0, -0.036629, -0.998405, 0.042952, 0.272858, -0.068061, -0.040374, -0.996274, -0.0, 0.0, 0.0, 0.0, 1.0],
                [0.997006, -0.039439, -0.066512, -0.0, -0.036629, -0.998405, 0.042952, 0.272858, -0.068061, -0.040374, -0.996274, -0.0, 0.0, 0.0, 0.0, 1.0],
                [0.997006, -0.039439, -0.066512, 0.0, -0.036629, -0.998405, 0.042952, 0.272858, -0.06806, -0.040374, -0.996274, -0.0, 0.0, 0.0, 0.0, 1.0],
                [0.997006, -0.039439, -0.066512, 0.0, -0.036629, -0.998405, 0.042952, 0.272858, -0.068061, -0.040374, -0.996274, -0.0, 0.0, 0.0, 0.0, 1.0],
                [0.997006, -0.039439, -0.066512, 0.0, -0.036629, -0.998405, 0.042952, 0.272858, -0.068061, -0.040374, -0.996274, -0.0, 0.0, 0.0, 0.0, 1.0]
            ]
        },
        {
            "name": "Elbow_L",
            "time": [0.0, 0.3667, 0.5667, 0.8667, 1.1],
            "transform": [
                [-1.0, 0.0, -0.0, 2.7e-05, 0.0, -0.0, -1.0, 0.334301, -0.0, -1.0, -0.0, -0.002121, 0.0, 0.0, 0.0, 1.0],
                [-1.0, 0.0, -0.0, 2.7e-05, 0.0, -0.0, -1.0, 0.334302, -0.0, -1.0, 0.0, -0.002121, 0.0, 0.0, 0.0, 1.0],
                [-1.0, 0.0, -0.0, 2.7e-05, -0.0, -0.0, -1.0, 0.334302, -0.0, -1.0, 0.0, -0.00212, 0.0, 0.0, 0.0, 1.0],
                [-1.0, 0.0, -0.0, 2.7e-05, 0.0, -0.0, -1.0, 0.334302, -0.0, -1.0, -0.0, -0.00212, 0.0, 0.0, 0.0, 1.0],
                [-1.0, 0.0, -0.0, 2.7e-05, 0.0, -0.0, -1.0, 0.334302, -0.0, -1.0, -0.0, -0.00212, 0.0, 0.0, 0.0, 1.0]
            ]
        }
    ]
}