{
    "animation": [
        {
            "name": "Root",
            "time": [0.0, 0.15, 0.2333, 0.3, 0.5833, 0.7333, 0.8, 0.9333, 1.1333, 1.4],
            "transform": [
                [0.937433, 0.092787, -0.335573, 0.000425, -0.302474, -0.26027, -0.916935, -0.155566, -0.17242, 0.961067, -0.21592, 0.670376, 0.0, 0.0, 0.0, 1.0],
                [0.255716, 0.411867, -0.874628, 0.004451, -0.963432, 0.18348, -0.195278, -0.564032, 0.080048, 0.892581, 0.443725, 0.568483, 0.0, 0.0, 0.0, 1.0],
                [0.764349, 0.121126, -0.633324, 0.007572, -0.529544, 0.678329, -0.509365, 1.76928, 0.367904, 0.724706, 0.582622, 0.592335, 0.0, 0.0, 0.0, 1.0],
                [0.993793, -0.101394, 0.045775, -0.057544, 0.042754, -0.031771, -0.99858, 1.53327, 0.102704, 0.994339, -0.027239, 0.859383, 0.0, 0.0, 0.0, 1.0],
                [0.940568, -0.149999, 0.304683, -0.07024, 0.253698, -0.286072, -0.924013, 1.578637, 0.225763, 0.946395, -0.231016, 0.880682, 0.0, 0.0, 0.0, 1.0],
                [0.945435, -0.072389, 0.317669, 0.000591, 0.265467, 0.736423, -0.622261, 1.345671, -0.188894, 0.672637, 0.715457, 0.461547, 0.0, 0.0, 0.0, 1.0],
                [0.936532, -0.088123, 0.339327, -0.015127, 0.258384, 0.827678, -0.498183, 1.472644, -0.236953, 0.554241, 0.797916, 0.502208, 0.0, 0.0, 0.0, 1.0],
                [0.920199, -0.113752, 0.37456, -0.064481, 0.278245, 0.863109, -0.421454, 1.608888, -0.275345, 0.49204, 0.825882, 0.548556, 0.0, 0.0, 0.0, 1.0],
                [0.947276, -0.065598, 0.313632, -0.05875, 0.228059, 0.825583, -0.516141, 1.41418, -0.225071, 0.560454, 0.797016, 0.591894, 0.0, 0.0, 0.0, 1.0],
                [0.854339, 0.028643, -0.518927, -5e-06, -0.51914, 0.0, -0.854689, 1.215159, -0.024481, 0.99959, 0.01487, 0.753683, 0.0, 0.0, 0.0, 1.0]
            ]
        },
        {
            "name": "Thigh_R",
            "time": [0.0, 0.15, 0.2333, 0.3, 0.5833, 0.7333, 0.9333, 1.1333, 1.2833, 1.4],
            "transform": [
                [0.989662, 0.038344, -0.138198, 0.124994, 0.140219, -0.461116, 0.876191, -0.002831, -0.030129, -0.886509, -0.461727, -1.2e-05, 0.0, 0.0, 0.0, 1.0],
                [0.871793, 0.489432, -0.020769, 0.124994, 0.389793, -0.667381, 0.634557, -0.002831, 0.296712, -0.561296, -0.772598, -1.2e-05, 0.0, 0.0, 0.0, 1.0],
                [0.980253, 0.025723, 0.196067, 0.124994, -0.14979, -0.550716, 0.821142, -0.002831, 0.129099, -0.834294, -0.535989, -1.2e-05, 0.0, 0.0, 0.0, 1.0],
                [0.979526, 0.162553, 0.11876, 0.124994, -0.142075, 0.140246, 0.97987, -0.002831, 0.142626, -0.97668, 0.16047, -1.2e-05, 0.0, 0.0, 0.0, 1.0],
                [0.97748, 0.114052, 0.177551, 0.124994, -0.205855, 0.330215, 0.921185, -0.002831, 0.046434, -0.936988, 0.346257, -1.2e-05, 0.0, 0.0, 0.0, 1.0],
                [0.948438, 0.289213, -0.129696, 0.124994, -0.047162, 0.533394, 0.844551, -0.002831, 0.313434, -0.794886, 0.519532, -1.2e-05, 0.0, 0.0, 0.0, 1.0],
                [0.916981, 0.336444, -0.214361, 0.124994, -0.049435, 0.629029, 0.775808, -0.002831, 0.395855, -0.700803, 0.593441, -1.2e-05, 0.0, 0.0, 0.0, 1.0],
                [0.894533, 0.426872, -0.132624, 0.124994, -0.100902, 0.481871, 0.870413, -0.002831, 0.435463, -0.76523, 0.474123, -1.2e-05, 0.0, 0.0, 0.0, 1.0],
                [0.833811, 0.39676, 0.383848, 0.124994, -0.006867, -0.687805, 0.725862, -0.002831, 0.552006, -0.607866, -0.570777, -1.2e-05, 0.0, 0.0, 0.0, 1.0],
                [0.842726, 0.11785, 0.525284, 0.124994, 0.079929, -0.992318, 0.094402, -0.002831, 0.532375, -0.037569, -0.845675, -1.2e-05, 0.0, 0.0, 0.0, 1.0]
            ]
        },
        {
            "name": "Leg_R",
            "time": [0.0, 0.15, 0.2333, 0.3, 0.5833, 0.7333, 0.9333, 1.1333, 1.2833, 1.4],
            "transform": [
                [1.0, -1e-06, 0.0, 0.0, -0.0, -0.01801, 0.999837, 0.37472, -1e-06, -0.999839, -0.01801, 0.0, 0.0, 0.0, 0.0, 1.0],
                [1.0, -0.0, 1e-06, 0.0, -0.0, 0.701416, 0.712752, 0.37472, -1e-06, -0.712754, 0.701415, 0.0, 0.0, 0.0, 0.0, 1.0],
                [1.0, -1e-06, 1e-06, 0.0, -0.0, 0.31216, 0.950029, 0.37472, -1e-06, -0.95003, 0.31216, 0.0, 0.0, 0.0, 0.0, 1.0],
                [1.0, -1e-06, 0.0, -0.0, -0.0, -0.232968, 0.972484, 0.37472, -1e-06, -0.972485, -0.232967, -0.0, 0.0, 0.0, 0.0, 1.0],
                [1.0, -1e-06, 0.0, 0.0, -0.0, -0.420566, 0.907262, 0.37472, -1e-06, -0.907263, -0.420565, 0.0, 0.0, 0.0, 0.0, 1.0],
                [1.0, -0.0, 1e-06, 0.0, -0.0, 0.64772, 0.761878, 0.37472, -1e-06, -0.761879, 0.647719, 0.0, 0.0, 0.0, 0.0, 1.0],
                [1.0, -1e-06, 1e-06, -0.0, -0.0, 0.497631, 0.867388, 0.37472, -1e-06, -0.86739, 0.49763, 0.0, 0.0, 0.0, 0.0, 1.0],
                [1.0, -1e-06, 1e-06, 0.0, -0.0, 0.651637, 0.758531, 0.37472, -1e-06, -0.758532, 0.651636, 0.0, 0.0, 0.0, 0.0, 1.0],
                [1.0, -1e-06, 0.0, -0.0, 0.0, 0.52591, 0.85054, 0.37472, -1e-06, -0.850541, 0.525909, -0.0, 0.0, 0.0, 0.0, 1.0],
                [1.0, -0.0, 1e-06, -0.0, 0.0, 0.997612, 0.069073, 0.37472, -1e-06, -0.069073, 0.997611, 0.0, 0.0, 0.0, 0.0, 1.0]
            ]
        },
        {
            "name": "Knee_R",
            "time": [0.0, 0.15, 0.2333, 0.3, 0.5833, 0.7333, 0.9333, 1.1333, 1.4],
            "transform": [
                [1.0, 0.0, -0.0, 0.0, -0.0, 0.627382, -0.778711, 0.37472, -0.0, 0.778711, 0.627382, 0.0, 0.0, 0.0, 0.0, 1.0],
                [1.0, 0.0, -0.0, 0.0, -0.0, 0.627382, -0.778711, 0.37472, -0.0, 0.778711, 0.627382, 0.0, 0.0, 0.0, 0.0, 1.0],
                [1.0, 0.0, -0.0, 0.0, -0.0, 0.763038, -0.646353, 0.37472, -0.0, 0.646354, 0.763038, 0.0, 0.0, 0.0, 0.0, 1.0],
                [1.0, 0.0, -0.0, -0.0, -0.0, 0.88685, -0.462058, 0.37472, -0.0, 0.462058, 0.886849, -0.0, 0.0, 0.0, 0.0, 1.0],
                [1.0, 0.0, -0.0, 0.0, -0.0, 0.922437, -0.386147, 0.37472, -0.0, 0.386147, 0.922437, 0.0, 0.0, 0.0, 0.0, 1.0],
                [1.0, 0.0, -0.0, 0.0, -0.0, 0.529446, -0.848343, 0.37472, -0.0, 0.848343, 0.529446, 0.0, 0.0, 0.0, 0.0, 1.0],
                [1.0, 0.0, -0.0, -0.0, -0.0, 0.435458, -0.900209, 0.37472, -0.0, 0.900209, 0.435458, 0.0, 0.0, 0.0, 0.0, 1.0],
                [1.0, 0.0, -0.0, 0.0, -0.0, 0.357782, -0.933805, 0.37472, -0.0, 0.933805, 0.357782, 0.0, 0.0, 0.0, 0.0, 1.0],
                [1.0, 0.0, -0.0, -0.0, -0.0, 1e-06, -1.0, 0.37472, -0.0, 1.0, 1e-06, 0.0, 0.0, 0.0, 0.0, 1.0]
            ]
        },
        {
            "name": "Thigh_L",
            "time": [0.0, 0.15, 0.2333, 0.3, 0.5833, 0.7333, 0.8, 0.9333, 1.1333, 1.4],
            "transform": [
                [0.96495, 0.015555, -0.26197, -0.125006, 0.0925, -0.954338, 0.284048, -0.002831, -0.24559, -0.298324, -0.922327, -1.2e-05, 0.0, 0.0, 0.0, 1.0],
                [0.323003, -0.745755, -0.582682, -0.125006, 0.318332, -0.494197, 0.80897, -0.002831, -0.891253, -0.446787, 0.07777, -1.2e-05, 0.0, 0.0, 0.0, 1.0],
                [0.678228, -0.729328, 0.089923, -0.125006, -0.028878, 0.09582, 0.994979, -0.002831, -0.734282, -0.677421, 0.043926, -1.2e-05, 0.0, 0.0, 0.0, 1.0],
                [0.957437, -0.239696, -0.160806, -0.125006, -0.216997, -0.965105, 0.146573, -0.002831, -0.190327, -0.10544, -0.976042, -1.2e-05, 0.0, 0.0, 0.0, 1.0],
                [0.980014, -0.197881, 0.020382, -0.125006, -0.196639, -0.979139, -0.051192, -0.002831, 0.030087, 0.046162, -0.99848, -1.2e-05, 0.0, 0.0, 0.0, 1.0],
                [0.498981, -0.505423, -0.703963, -0.125006, 0.076721, -0.783363, 0.616811, -0.002831, -0.863209, -0.361786, -0.352107, -1.2e-05, 0.0, 0.0, 0.0, 1.0],
                [0.632735, -0.406916, -0.658836, -0.125006, 0.311829, -0.644884, 0.697773, -0.00283, -0.708807, -0.64695, -0.281153, -1.2e-05, 0.0, 0.0, 0.0, 1.0],
                [0.855723, 0.008648, -0.517361, -0.125006, 0.428748, -0.571605, 0.699601, -0.002831, -0.289677, -0.820483, -0.492844, -1.2e-05, 0.0, 0.0, 0.0, 1.0],
                [0.861412, 0.00738, -0.507852, -0.125006, 0.39316, -0.642709, 0.657533, -0.002831, -0.321549, -0.766075, -0.556539, -1.2e-05, 0.0, 0.0, 0.0, 1.0],
                [0.869242, -0.05516, -0.491298, -0.125006, -0.021407, -0.997024, 0.074063, -0.002831, -0.493921, -0.053862, -0.867836, -1.2e-05, 0.0, 0.0, 0.0, 1.0]
            ]
        },
        {
            "name": "Leg_L",
            "time": [0.0, 0.15, 0.2333, 0.3, 0.5833, 0.7333, 0.9333, 1.1333, 1.4],
            "transform": [
                [0.999989, -0.003081, -0.003496, -0.0, 0.003782, 0.974921, 0.222517, 0.37472, 0.002723, -0.222527, 0.974923, -0.0, 0.0, 0.0, 0.0, 1.0],
                [0.999989, -0.003081, -0.003496, 0.0, 0.003782, 0.974921, 0.222517, 0.37472, 0.002723, -0.222527, 0.974923, -0.0, 0.0, 0.0, 0.0, 1.0],
                [0.999989, 0.000987, -0.004554, 0.0, 0.003782, 0.399207, 0.916853, 0.37472, 0.002723, -0.91686, 0.399199, 0.0, 0.0, 0.0, 0.0, 1.0],
                [0.999989, -0.003671, -0.00287, -0.0, 0.003782, 0.999207, 0.039636, 0.37472, 0.002723, -0.039646, 0.99921, -0.0, 0.0, 0.0, 0.0, 1.0],
                [0.999989, -0.003777, -0.00273, -0.0, 0.003782, 0.999991, 0.001862, 0.37472, 0.002723, -0.001872, 0.999995, 0.0, 0.0, 0.0, 0.0, 1.0],
                [0.999989, 0.001269, -0.004483, 0.0, 0.003782, 0.341075, 0.940029, 0.37472, 0.002722, -0.940035, 0.341067, 0.0, 0.0, 0.0, 0.0, 1.0],
                [0.999989, -9.8e-05, -0.004659, 0.0, 0.003782, 0.601069, 0.799188, 0.37472, 0.002722, -0.799197, 0.601063, -0.0, 0.0, 0.0, 0.0, 1.0],
                [0.999989, -0.000932, -0.004566, 0.0, 0.003782, 0.734787, 0.678288, 0.37472, 0.002722, -0.678297, 0.734783, -0.0, 0.0, 0.0, 0.0, 1.0],
                [0.999989, -0.003785, -0.002718, 0.0, 0.003782, 0.999992, -0.001196, 0.37472, 0.002722, 0.001185, 0.999996, -0.0, 0.0, 0.0, 0.0, 1.0]
            ]
        },
        {
            "name": "Knee_L",
            "time": [0.0, 0.15, 0.2333, 0.3, 0.5833, 0.7333, 0.9333, 1.1333, 1.4],
            "transform": [
                [1.0, 0.0, -0.0, -0.0, -0.0, 0.001233, -0.999999, 0.37472, -0.0, 0.999999, 0.001233, -0.0, 0.0, 0.0, 0.0, 1.0],
                [1.0, 0.0, -0.0, 0.0, -0.0, 0.001233, -0.999999, 0.37472, -0.0, 0.999999, 0.001233, -0.0, 0.0, 0.0, 0.0, 1.0],
                [1.0, 0.0, -0.0, 0.0, -0.0, 0.001233, -0.999999, 0.37472, -0.0, 0.999999, 0.001233, 0.0, 0.0, 0.0, 0.0, 1.0],
                [1.0, 0.0, -0.0, -0.0, -0.0, 0.001233, -0.999999, 0.37472, -0.0, 0.999999, 0.001233, -0.0, 0.0, 0.0, 0.0, 1.0],
                [1.0, 0.0, -0.0, -0.0, -0.0, 0.001233, -0.999999, 0.37472, 0.0, 0.999999, 0.001233, 0.0, 0.0, 0.0, 0.0, 1.0],
                [1.0, 0.0, -0.0, 0.0, -0.0, 0.001233, -0.999999, 0.37472, 0.0, 0.999999, 0.001233, 0.0, 0.0, 0.0, 0.0, 1.0],
                [1.0, 0.0, -0.0, 0.0, -0.0, 0.001233, -0.999999, 0.37472, -0.0, 0.999999, 0.001233, -0.0, 0.0, 0.0, 0.0, 1.0],
                [1.0, 0.0, -0.0, 0.0, -0.0, 0.001124, -0.999999, 0.37472, -0.0, 0.999999, 0.001124, -0.0, 0.0, 0.0, 0.0, 1.0],
                [1.0, 0.0, -0.0, 0.0, -0.0, 1e-06, -1.0, 0.37472, -0.0, 1.0, 1e-06, -0.0, 0.0, 0.0, 0.0, 1.0]
            ]
        },
        {
            "name": "Torso",
            "time": [0.0, 0.15, 0.2333, 0.3, 0.5833, 0.7333, 0.9333, 1.1333, 1.4],
            "transform": [
                [0.999042, -0.042827, 0.008972, 0.0, 0.04367, 0.962907, -0.266277, 0.05, 0.002765, 0.266413, 0.963855, 0.0, 0.0, 0.0, 0.0, 1.0],
                [0.999042, -0.042827, 0.008972, 0.0, 0.04367, 0.962907, -0.266276, 0.05, 0.002765, 0.266413, 0.963855, 0.0, 0.0, 0.0, 0.0, 1.0],
                [0.559483, 0.295389, 0.774418, -0.0, 0.315972, 0.787767, -0.528757, 0.05, -0.766251, 0.540526, 0.347408, -0.0, 0.0, 0.0, 0.0, 1.0],
                [0.965112, 0.053289, 0.256358, 0.0, 0.024539, 0.956354, -0.291178, 0.05, -0.260686, 0.28731, 0.921681, -0.0, 0.0, 0.0, 0.0, 1.0],
                [0.949552, 0.073383, 0.304904, 0.0, 0.021513, 0.954706, -0.296772, 0.05, -0.312872, 0.288359, 0.904964, -0.0, 0.0, 0.0, 0.0, 1.0],
                [0.975439, -0.151867, -0.159547, -0.0, 0.060124, 0.88039, -0.470425, 0.05, 0.211905, 0.449279, 0.867897, 0.0, 0.0, 0.0, 0.0, 1.0],
                [0.937034, -0.270121, -0.221362, 0.0, -0.026991, 0.575934, -0.81705, 0.05, 0.348193, 0.771579, 0.532379, 0.0, 0.0, 0.0, 0.0, 1.0],
                [0.946061, -0.24403, -0.213116, -0.0, -0.007975, 0.640049, -0.768293, 0.05, 0.323892, 0.728551, 0.603579, -0.0, 0.0, 0.0, 0.0, 1.0],
                [0.999042, -0.043673, -0.002705, -0.0, 0.04367, 0.999045, -0.001423, 0.05, 0.002765, 0.001304, 0.999995, -0.0, 0.0, 0.0, 0.0, 1.0]
            ]
        },
        {
            "name": "Chest",
            "time": [0.0, 0.15, 0.2333, 0.3, 0.5833, 0.7333, 0.9333, 1.1333, 1.4],
            "transform": [
                [0.999803, -0.01652, 0.011009, 0.0, 0.007207, 0.81877, 0.574076, 0.3, -0.018497, -0.573883, 0.818728, -0.0, 0.0, 0.0, 0.0, 1.0],
                [0.999794, -0.014651, 0.014022, -0.0, 0.007849, 0.917074, 0.398639, 0.3, -0.018699, -0.398447, 0.917001, -0.0, 0.0, 0.0, 0.0, 1.0],
                [0.724457, -0.029913, 0.688671, -0.0, -0.130836, 0.97493, 0.179982, 0.3, -0.676789, -0.220492, 0.702381, 0.0, 0.0, 0.0, 0.0, 1.0],
                [0.900792, -0.082427, 0.426357, 0.0, 0.138474, 0.985087, -0.102117, 0.3, -0.411582, 0.151026, 0.898773, -0.0, 0.0, 0.0, 0.0, 1.0],
                [0.854088, -0.008694, 0.520055, -0.0, -0.01629, 0.998923, 0.043452, 0.3, -0.519873, -0.045584, 0.853027, 0.0, 0.0, 0.0, 0.0, 1.0],
                [0.927361, -0.142989, 0.345768, 0.0, -0.013079, 0.911147, 0.411875, 0.3, -0.373939, -0.386479, 0.843092, -0.0, 0.0, 0.0, 0.0, 1.0],
                [0.937657, -0.121875, 0.325494, -0.0, -0.007695, 0.928994, 0.370013, 0.3, -0.347477, -0.34945, 0.87014, -0.0, 0.0, 0.0, 0.0, 1.0],
                [0.953114, -0.099788, 0.285686, -0.0, 0.001801, 0.945921, 0.324393, 0.3, -0.302607, -0.308668, 0.90175, -0.0, 0.0, 0.0, 0.0, 1.0],
                [0.999771, -0.021316, -0.002029, -0.0, 0.021411, 0.994316, 0.104295, 0.3, -0.000206, -0.104315, 0.994544, -0.0, 0.0, 0.0, 0.0, 1.0]
            ]
        },
        {
            "name": "Head",
            "time": [0.0, 0.15, 0.2333, 0.3, 0.5833, 0.7333, 0.9333, 1.1333, 1.4],
            "transform": [
                [0.962986, -0.079793, 0.257471, 0.0, -0.049587, 0.88644, 0.46018, 0.4, -0.264951, -0.455913, 0.849673, -0.0, 0.0, 0.0, 0.0, 1.0],
                [0.660029, 0.049533, 0.749605, -0.0, 0.046659, 0.993195, -0.106712, 0.4, -0.74979, 0.105409, 0.653226, 0.0, 0.0, 0.0, 0.0, 1.0],
                [0.717304, 0.056617, -0.694456, -0.0, -0.113232, 0.992916, -0.036008, 0.4, 0.687498, 0.104463, 0.718633, 0.0, 0.0, 0.0, 0.0, 1.0],
                [0.89216, 0.053019, -0.448598, -0.0, -0.094883, 0.992928, -0.071348, 0.4, 0.441643, 0.106218, 0.890881, 0.0, 0.0, 0.0, 0.0, 1.0],
                [0.753118, 0.049533, -0.656018, 0.0, -0.106461, 0.993195, -0.047228, 0.4, 0.649214, 0.105409, 0.753266, 0.0, 0.0, 0.0, 0.0, 1.0],
                [0.977289, 0.049533, -0.20604, 0.0, -0.069968, 0.993195, -0.093107, 0.4, 0.200026, 0.105409, 0.974104, -0.0, 0.0, 0.0, 0.0, 1.0],
                [0.974366, 0.049533, -0.219447, 0.0, -0.071241, 0.993195, -0.092137, 0.4, 0.21339, 0.105409, 0.971264, 0.0, 0.0, 0.0, 0.0, 1.0],
                [0.986845, 0.0503, -0.153644, -0.0, -0.064878, 0.993699, -0.091395, 0.4, 0.148079, 0.100161, 0.98389, -0.0, 0.0, 0.0, 0.0, 1.0],
                [0.85311, 0.037721, 0.520365, -0.0, -0.006297, 0.998055, -0.062025, 0.4, -0.521692, 0.049637, 0.851689, -0.0, 0.0, 0.0, 0.0, 1.0]
            ]
        },
        {
            "name": "Shoulder_R",
            "time": [0.0, 0.15, 0.2333, 0.3, 0.5833, 0.7333, 0.9333, 1.1333, 1.4],
            "transform": [
                [-0.241154, 0.935076, 0.259762, 0.0, 0.181931, -0.219358, 0.958532, 0.4, 0.953281, 0.278413, -0.11722, -0.0, 0.0, 0.0, 0.0, 1.0],
                [-0.241154, 0.935077, 0.259762, -0.0, 0.181931, -0.219358, 0.958532, 0.4, 0.953281, 0.278413, -0.11722, 0.0, 0.0, 0.0, 0.0, 1.0],
                [-0.123622, 0.957727, 0.259762, -0.0, 0.153396, -0.24018, 0.958532, 0.4, 0.980401, 0.158343, -0.11722, 0.0, 0.0, 0.0, 0.0, 1.0],
                [0.016027, 0.96554, 0.259762, -0.0, 0.117091, -0.25982, 0.958532, 0.4, 0.992992, 0.015054, -0.11722, 0.0, 0.0, 0.0, 0.0, 1.0],
                [-0.077572, 0.962552, 0.259762, 0.0, 0.141707, -0.247256, 0.958532, 0.4, 0.986864, 0.111165, -0.11722, 0.0, 0.0, 0.0, 0.0, 1.0],
                [-0.168502, 0.950858, 0.259762, 0.0, 0.164516, -0.232704, 0.958532, 0.4, 0.971875, 0.20425, -0.11722, -0.0, 0.0, 0.0, 0.0, 1.0],
                [-0.531199, 0.806443, 0.259762, 0.0, 0.243205, -0.148553, 0.958532, 0.4, 0.81159, 0.572347, -0.11722, 0.0, 0.0, 0.0, 0.0, 1.0],
                [-0.531199, 0.806443, 0.259762, -0.0, 0.243205, -0.148553, 0.958532, 0.4, 0.81159, 0.572347, -0.11722, -0.0, 0.0, 0.0, 0.0, 1.0],
                [-0.241154, 0.935076, 0.259762, -0.0, 0.181931, -0.219358, 0.958532, 0.4, 0.953281, 0.278413, -0.11722, -0.0, 0.0, 0.0, 0.0, 1.0]
            ]
        },
        {
            "name": "Arm_R",
            "time": [0.0, 0.15, 0.2333, 0.3, 0.5833, 0.7333, 0.9333, 1.1333, 1.2167, 1.4],
            "transform": [
                [-0.304405, 0.146494, -0.94121, -0.0, 0.866089, 0.453888, -0.209465, 0.393861, 0.396519, -0.878934, -0.265042, -0.0, 0.0, 0.0, 0.0, 1.0],
                [0.90744, -0.420139, 0.00594, -0.0, 0.255135, 0.562177, 0.786678, 0.393861, -0.333854, -0.712348, 0.617334, -0.0, 0.0, 0.0, 0.0, 1.0],
                [-0.77575, -0.419254, -0.471633, 0.0, -0.61002, 0.689525, 0.390424, 0.39386, 0.161516, 0.590577, -0.790653, 0.0, 0.0, 0.0, 0.0, 1.0],
                [-0.881941, -0.014695, -0.47113, -0.0, -0.463941, -0.149567, 0.873148, 0.39386, -0.083296, 0.988642, 0.125092, 0.0, 0.0, 0.0, 0.0, 1.0],
                [-0.783432, 0.216135, -0.582684, 0.0, -0.605069, -0.051239, 0.794523, 0.39386, 0.141868, 0.975018, 0.170919, 0.0, 0.0, 0.0, 0.0, 1.0],
                [0.548957, 0.400432, 0.733689, -0.0, 0.350668, 0.686458, -0.637029, 0.39386, -0.758734, 0.606984, 0.236418, 0.0, 0.0, 0.0, 0.0, 1.0],
                [0.760514, 0.648673, 0.029009, 0.0, 0.573656, -0.650291, -0.498036, 0.393861, -0.304198, 0.395405, -0.866671, -0.0, 0.0, 0.0, 0.0, 1.0],
                [0.760514, 0.648673, 0.029009, 0.0, 0.573656, -0.650291, -0.498036, 0.39386, -0.304198, 0.395405, -0.866671, -0.0, 0.0, 0.0, 0.0, 1.0],
                [0.908966, -0.268463, 0.318916, -0.0, 0.413303, 0.480514, -0.77349, 0.39386, 0.05441, 0.834886, 0.547727, -0.0, 0.0, 0.0, 0.0, 1.0],
                [-0.560416, 0.299331, -0.772227, -0.0, 0.790217, -0.085917, -0.606775, 0.39386, -0.247974, -0.950273, -0.188387, -0.0, 0.0, 0.0, 0.0, 1.0]
            ]
        },
        {
            "name": "Hand_R",
            "time": [0.0, 0.15, 0.2333, 0.3, 0.5833, 0.7333, 0.9333, 1.1333, 1.4],
            "transform": [
                [0.999998, -0.000405, 0.001778, -0.0, 0.000868, 0.963176, -0.268872, 0.3, -0.001603, 0.268873, 0.963174, -0.0, 0.0, 0.0, 0.0, 1.0],
                [0.999998, -0.000405, 0.001778, 0.0, 0.000868, 0.963176, -0.268872, 0.3, -0.001603, 0.268873, 0.963174, -0.0, 0.0, 0.0, 0.0, 1.0],
                [0.999998, -0.000614, 0.001717, -0.0, 0.000868, 0.988386, -0.151963, 0.3, -0.001603, 0.151965, 0.988385, 0.0, 0.0, 0.0, 0.0, 1.0],
                [0.999998, -0.000847, 0.001614, -0.0, 0.000868, 0.999919, -0.012707, 0.3, -0.001603, 0.012708, 0.999918, 0.0, 0.0, 0.0, 0.0, 1.0],
                [0.999998, -0.000932, 0.001567, -0.0, 0.000868, 0.999188, 0.040287, 0.3, -0.001603, -0.040285, 0.999187, 0.0, 0.0, 0.0, 0.0, 1.0],
                [0.999998, 0.00017, 0.001815, -0.0, 0.000868, 0.831066, -0.556173, 0.3, -0.001603, 0.556174, 0.831064, -0.0, 0.0, 0.0, 0.0, 1.0],
                [0.999998, 0.001185, 0.001386, -0.0, 0.000868, 0.359159, -0.933276, 0.3, -0.001603, 0.933276, 0.359158, 0.0, 0.0, 0.0, 0.0, 1.0],
                [0.999998, 0.001185, 0.001386, -0.0, 0.000868, 0.359159, -0.933276, 0.3, -0.001603, 0.933276, 0.359158, 0.0, 0.0, 0.0, 0.0, 1.0],
                [0.999998, -0.000405, 0.001778, 0.0, 0.000868, 0.963176, -0.268872, 0.3, -0.001603, 0.268873, 0.963174, 0.0, 0.0, 0.0, 0.0, 1.0]
            ]
        },
        {
            "name": "Tool_R",
            "time": [0.0, 0.15, 0.2333, 0.3, 0.5833, 0.7333, 0.9333, 1.1333, 1.1667, 1.1833, 1.2, 1.2167, 1.2333, 1.25, 1.2833, 1.3, 1.4],
            "transform": [
                [0.934058, -0.083101, -0.347319, -0.029768, -0.074239, -0.996486, 0.038772, 0.313869, -0.349115, -0.010435, -0.93639, -0.027312, 0.0, 0.0, 0.0, 1.0],
                [0.934058, -0.083101, -0.347319, -0.029768, -0.074239, -0.996487, 0.038772, 0.313869, -0.349115, -0.010435, -0.93639, -0.027312, 0.0, 0.0, 0.0, 1.0],
                [0.977191, -0.027205, -0.210614, -0.009151, -0.061627, -0.98541, -0.158648, 0.298435, -0.203105, 0.167899, -0.964041, -0.027323, 0.0, 0.0, 0.0, 1.0],
                [0.995445, 0.079418, 0.052753, 0.014897, 0.094, -0.725007, -0.682297, 0.280433, -0.01593, 0.683735, -0.728745, -0.027335, 0.0, 0.0, 0.0, 1.0],
                [0.999409, -0.003023, 0.034244, 0.024044, 0.020228, -0.7537, -0.656907, 0.273586, 0.027779, 0.656814, -0.752755, -0.02734, 0.0, 0.0, 0.0, 1.0],
                [0.999393, 0.020742, 0.027981, 0.024044, 0.020987, -0.999744, -0.008477, 0.273586, 0.027782, 0.009043, -0.998981, -0.027341, 0.0, 0.0, 0.0, 1.0],
                [0.999409, 0.022592, 0.025895, 0.024044, 0.020215, -0.995859, 0.088637, 0.273586, 0.027774, -0.08802, -0.995137, -0.02734, 0.0, 0.0, 0.0, 1.0],
                [0.999409, 0.022592, 0.025895, 0.024044, 0.020215, -0.995859, 0.088637, 0.273586, 0.027774, -0.08802, -0.995137, -0.02734, 0.0, 0.0, 0.0, 1.0],
                [0.999804, -0.01939, 0.004018, 0.068342, -0.019466, -0.925182, 0.379025, 0.595266, -0.00363, -0.378814, -0.924826, -0.206485, 0.0, 0.0, 0.0, 1.0],
                [0.993291, -0.102426, 0.053679, 0.12854, -0.103905, -0.586777, 0.803054, 0.788082, -0.050727, -0.802775, -0.593123, 0.216569, 0.0, 0.0, 0.0, 1.0],
                [0.969476, 0.118423, 0.21469, 0.231668, -0.192332, -0.175758, 0.965462, 0.653366, 0.151974, -0.976708, -0.147519, 0.680179, 0.0, 0.0, 0.0, 1.0],
                [0.97321, 0.051882, 0.223986, 0.159704, -0.224885, 0.417485, 0.880417, 0.307791, -0.047807, -0.90666, 0.41773, 1.096872, 0.0, 0.0, 0.0, 1.0],
                [0.909954, 0.292933, 0.293555, 0.077479, -0.414706, 0.639544, 0.647304, -0.101977, 0.00187, -0.710328, 0.703027, 1.108116, 0.0, 0.0, 0.0, 1.0],
                [0.704144, 0.677425, 0.212785, -0.047165, -0.710028, 0.669053, 0.219608, -0.450022, 0.006392, -0.305531, 0.951539, 1.104475, 0.0, 0.0, 0.0, 1.0],
                [0.301872, 0.93827, -0.168889, -0.499432, -0.777472, 0.139763, -0.613191, -0.838692, -0.551415, 0.316226, 0.771206, 0.430794, 0.0, 0.0, 0.0, 1.0],
                [0.114942, 0.920777, -0.37277, -0.697664, -0.596993, -0.235901, -0.766779, -0.818448, -0.793506, 0.31049, 0.522265, 0.222705, 0.0, 0.0, 0.0, 1.0],
                [-0.223607, 0.459996, -0.859304, -0.767855, 0.205203, -0.83965, -0.502873, -0.098952, -0.952267, -0.288615, 0.093298, 0.138215, 0.0, 0.0, 0.0, 1.0]
            ]
        },
        {
            "name": "Elbow_R",
            "time": [0.0, 0.15, 0.2333, 0.3, 0.5833, 0.7333, 0.9333, 1.1333, 1.4],
            "transform": [
                [-1.0, 0.0, -0.0, -0.0, 0.0, -0.0, -1.0, 0.341622, -0.0, -1.0, 0.0, -0.0, 0.0, 0.0, 0.0, 1.0],
                [-1.0, 0.0, -0.0, -0.0, 0.0, -0.0, -1.0, 0.341622, -0.0, -1.0, 0.0, -0.0, 0.0, 0.0, 0.0, 1.0],
                [-1.0, 0.0, -0.0, -0.0, 0.0, -0.0, -1.0, 0.341622, -0.0, -1.0, 0.0, 0.0, 0.0, 0.0, 0.0, 1.0],
                [-1.0, 0.0, -0.0, -0.0, 0.0, -0.0, -1.0, 0.341622, -0.0, -1.0, 0.0, -0.0, 0.0, 0.0, 0.0, 1.0],
                [-1.0, 0.0, -0.0, -0.0, 0.0, -0.0, -1.0, 0.341622, -0.0, -1.0, 0.0, 0.0, 0.0, 0.0, 0.0, 1.0],
                [-1.0, 0.0, -0.0, -0.0, -0.0, -0.0, -1.0, 0.341622, -0.0, -1.0, 0.0, 0.0, 0.0, 0.0, 0.0, 1.0],
                [-1.0, 0.0, 0.0, 0.0, 0.0, 0.0, -1.0, 0.341622, -0.0, -1.0, 0.0, 0.0, 0.0, 0.0, 0.0, 1.0],
                [-1.0, 0.0, -0.0, -0.0, 0.0, 0.0, -1.0, 0.341622, -0.0, -1.0, 0.0, 0.0, 0.0, 0.0, 0.0, 1.0],
                [-1.0, 0.0, 0.0, 0.0, -0.0, -0.0, -1.0, 0.341622, -0.0, -1.0, 0.0, 0.0, 0.0, 0.0, 0.0, 1.0]
            ]
        },
        {
            "name": "Shoulder_L",
            "time": [0.0, 0.15, 0.2333, 0.3, 0.5833, 0.7333, 0.9333, 1.1333, 1.4],
            "transform": [
                [0.083548, -0.97102, -0.223918, 0.0, 0.050991, -0.220243, 0.974111, 0.4, -0.995198, -0.092803, 0.031113, -0.0, 0.0, 0.0, 0.0, 1.0],
                [0.083548, -0.97102, -0.223918, -0.0, 0.050991, -0.220243, 0.974111, 0.4, -0.995198, -0.092803, 0.031113, 0.0, 0.0, 0.0, 0.0, 1.0],
                [0.083548, -0.97102, -0.223918, -0.0, 0.050991, -0.220243, 0.974111, 0.4, -0.995198, -0.092803, 0.031113, 0.0, 0.0, 0.0, 0.0, 1.0],
                [0.083548, -0.97102, -0.223918, -0.0, 0.050991, -0.220243, 0.974111, 0.4, -0.995198, -0.092803, 0.031113, 0.0, 0.0, 0.0, 0.0, 1.0],
                [0.083548, -0.97102, -0.223918, 0.0, 0.050991, -0.220243, 0.974111, 0.4, -0.995198, -0.092803, 0.031113, 0.0, 0.0, 0.0, 0.0, 1.0],
                [0.083548, -0.97102, -0.223918, 0.0, 0.050991, -0.220243, 0.974111, 0.4, -0.995198, -0.092803, 0.031113, -0.0, 0.0, 0.0, 0.0, 1.0],
                [0.083548, -0.97102, -0.223918, 0.0, 0.050991, -0.220243, 0.974111, 0.4, -0.995198, -0.092803, 0.031113, 0.0, 0.0, 0.0, 0.0, 1.0],
                [0.055915, -0.973003, -0.223918, -0.0, 0.044711, -0.221603, 0.974111, 0.4, -0.997434, -0.064479, 0.031113, -0.0, 0.0, 0.0, 0.0, 1.0],
                [-0.226937, -0.947819, -0.223918, -0.0, -0.021067, -0.225085, 0.974111, 0.4, -0.973681, 0.225779, 0.031113, -0.0, 0.0, 0.0, 0.0, 1.0]
            ]
        },
        {
            "name": "Arm_L",
            "time": [0.0, 0.15, 0.2333, 0.3, 0.5833, 0.7333, 0.9333, 1.1333, 1.4],
            "transform": [
                [0.151156, 0.95255, 0.264196, 0.0, -0.900084, 0.243118, -0.361584, 0.39386, -0.408658, -0.183142, 0.894124, -0.0, 0.0, 0.0, 0.0, 1.0],
                [0.547979, 0.173428, 0.818316, -0.0, 0.076189, 0.963857, -0.255293, 0.39386, -0.833015, 0.202242, 0.514961, -0.0, 0.0, 0.0, 0.0, 1.0],
                [-0.072253, -0.113705, 0.990884, 0.0, -0.236824, 0.967024, 0.093698, 0.39386, -0.968862, -0.227895, -0.096798, -0.0, 0.0, 0.0, 0.0, 1.0],
                [0.363527, 0.195962, 0.91074, 0.0, -0.622053, 0.778803, 0.080723, 0.39386, -0.693468, -0.595873, 0.405015, 0.0, 0.0, 0.0, 0.0, 1.0],
                [0.334292, 0.217947, 0.916923, 0.0, -0.735443, 0.668733, 0.109174, 0.393861, -0.589383, -0.71084, 0.38384, 0.0, 0.0, 0.0, 0.0, 1.0],
                [-0.074078, -0.237318, 0.968603, 0.0, -0.46305, 0.868406, 0.177355, 0.39386, -0.883231, -0.435374, -0.17422, -0.0, 0.0, 0.0, 0.0, 1.0],
                [-0.092699, -0.318911, 0.94324, 0.0, -0.618271, 0.760997, 0.196532, 0.39386, -0.780479, -0.56496, -0.267717, 0.0, 0.0, 0.0, 0.0, 1.0],
                [-0.065355, -0.29252, 0.954024, 0.0, -0.697428, 0.697168, 0.165986, 0.39386, -0.713669, -0.654515, -0.249575, -0.0, 0.0, 0.0, 0.0, 1.0],
                [0.028967, 0.056681, 0.997972, -0.0, -0.931842, 0.362807, 0.006442, 0.39386, -0.361707, -0.930138, 0.063327, 0.0, 0.0, 0.0, 0.0, 1.0]
            ]
        },
        {
            "name": "Hand_L",
            "time": [0.0, 0.15, 0.2333, 0.3, 0.5833, 0.7333, 0.9333, 1.1333, 1.4],
            "transform": [
                [0.999992, -0.003445, -0.002261, 0.0, 0.001524, 0.818966, -0.573841, 0.3, 0.003829, 0.573833, 0.818964, -0.0, 0.0, 0.0, 0.0, 1.0],
                [0.999993, -0.003601, 0.001203, -0.0, 0.000938, -0.072628, -0.997359, 0.3, 0.003679, 0.997353, -0.072624, 0.0, 0.0, 0.0, 0.0, 1.0],
                [0.999993, -0.003657, -0.001021, -0.0, 0.000938, 0.498413, -0.866939, 0.3, 0.003679, 0.866932, 0.498413, 0.0, 0.0, 0.0, 0.0, 1.0],
                [0.999993, -0.002046, -0.003199, 0.0, 0.000938, 0.949418, -0.314015, 0.3, 0.003679, 0.31401, 0.949413, 0.0, 0.0, 0.0, 0.0, 1.0],
                [0.999993, -0.001182, -0.003608, -0.0, 0.000938, 0.997758, -0.066914, 0.3, 0.003679, 0.06691, 0.997752, -0.0, 0.0, 0.0, 0.0, 1.0],
                [0.999993, -0.003084, -0.002215, -0.0, 0.000938, 0.766046, -0.642786, 0.3, 0.003679, 0.642779, 0.766043, 0.0, 0.0, 0.0, 0.0, 1.0],
                [0.999993, -0.003308, -0.001864, -0.0, 0.000938, 0.69093, -0.722921, 0.3, 0.003679, 0.722914, 0.690929, -0.0, 0.0, 0.0, 0.0, 1.0],
                [0.999993, -0.003198, -0.002047, 0.0, 0.000938, 0.730414, -0.683004, 0.3, 0.003679, 0.682997, 0.730412, 0.0, 0.0, 0.0, 0.0, 1.0],
                [0.999993, -0.001541, -0.00347, 0.0, 0.000938, 0.985901, -0.167329, 0.3, 0.003679, 0.167324, 0.985895, 0.0, 0.0, 0.0, 0.0, 1.0]
            ]
        },
        {
            "name": "Tool_L",
            "time": [0.0, 0.15, 0.2333, 0.3, 0.5833, 0.7333, 0.9333, 1.1333, 1.4],
            "transform": [
                [0.997006, -0.039439, -0.066512, -0.0, -0.036629, -0.998405, 0.042952, 0.272858, -0.068061, -0.040374, -0.996274, -0.0, 0.0, 0.0, 0.0, 1.0],
                [0.997006, -0.039439, -0.066512, 0.0, -0.036629, -0.998405, 0.042952, 0.272858, -0.068061, -0.040374, -0.996274, -0.0, 0.0, 0.0, 0.0, 1.0],
                [0.997006, -0.039439, -0.066512, 0.0, -0.036629, -0.998405, 0.042952, 0.272858, -0.068061, -0.040374, -0.996274, -0.0, 0.0, 0.0, 0.0, 1.0],
                [0.997006, -0.039439, -0.066512, -0.0, -0.036629, -0.998405, 0.042952, 0.272858, -0.068061, -0.040374, -0.996274, -0.0, 0.0, 0.0, 0.0, 1.0],
                [0.997006, -0.039439, -0.066512, 0.0, -0.036629, -0.998405, 0.042952, 0.272858, -0.068061, -0.040374, -0.996274, -0.0, 0.0, 0.0, 0.0, 1.0],
                [0.997006, -0.039439, -0.066512, 0.0, -0.036629, -0.998405, 0.042952, 0.272858, -0.068061, -0.040374, -0.996274, -0.0, 0.0, 0.0, 0.0, 1.0],
                [0.997006, -0.039439, -0.066512, -0.0, -0.036629, -0.998405, 0.042952, 0.272858, -0.068061, -0.040374, -0.996274, -0.0, 0.0, 0.0, 0.0, 1.0],
                [0.997006, -0.039439, -0.066512, 0.0, -0.036629, -0.998405, 0.042952, 0.272858, -0.068061, -0.040374, -0.996274, -0.0, 0.0, 0.0, 0.0, 1.0],
                [0.997006, -0.039439, -0.066512, 0.0, -0.036629, -0.998405, 0.042952, 0.272858, -0.068061, -0.040374, -0.996274, -0.0, 0.0, 0.0, 0.0, 1.0]
            ]
        },
        {
            "name": "Elbow_L",
            "time": [0.0, 0.15, 0.2333, 0.3, 0.5833, 0.7333, 0.9333, 1.1333, 1.4],
            "transform": [
                [-1.0, 0.0, -0.0, 2.7e-05, 0.0, 0.050915, -0.998703, 0.334301, -0.0, -0.998703, -0.050915, -0.002121, 0.0, 0.0, 0.0, 1.0],
                [-1.0, 0.0, 0.0, 2.7e-05, 0.0, 0.508079, -0.86131, 0.334301, -0.0, -0.861311, -0.508079, -0.002121, 0.0, 0.0, 0.0, 1.0],
                [-1.0, 0.0, -0.0, 2.7e-05, 0.0, 0.257165, -0.966367, 0.334301, -0.0, -0.966368, -0.257165, -0.00212, 0.0, 0.0, 0.0, 1.0],
                [-1.0, 0.0, -0.0, 2.7e-05, 0.0, -0.061397, -0.998113, 0.334301, -0.0, -0.998114, 0.061397, -0.002121, 0.0, 0.0, 0.0, 1.0],
                [-1.0, 0.0, -0.0, 2.7e-05, 0.0, -0.180458, -0.983583, 0.334302, -0.0, -0.983583, 0.180458, -0.002121, 0.0, 0.0, 0.0, 1.0],
                [-1.0, 0.0, -0.0, 2.7e-05, 0.0, -0.180458, -0.983583, 0.334301, -0.0, -0.983583, 0.180458, -0.002121, 0.0, 0.0, 0.0, 1.0],
                [-1.0, 0.0, -0.0, 2.7e-05, 0.0, -0.180458, -0.983583, 0.334301, -0.0, -0.983583, 0.180458, -0.002121, 0.0, 0.0, 0.0, 1.0],
                [-1.0, 0.0, -0.0, 2.7e-05, 0.0, -0.164587, -0.986362, 0.334302, -0.0, -0.986363, 0.164587, -0.002121, 0.0, 0.0, 0.0, 1.0],
                [-1.0, 0.0, -0.0, 2.7e-05, 0.0, -0.0, -1.0, 0.334301, -0.0, -1.0, -0.0, -0.00212, 0.0, 0.0, 0.0, 1.0]
            ]
        }
    ]
}