{
    "animation": [
        {
            "name": "Root",
            "time": [0.0, 0.1, 0.2833, 0.4667],
            "transform": [
                [0.562403, 0.0, -0.826863, -5e-06, -0.814623, 0.171424, -0.554078, 0.000946, 0.141744, 0.985197, 0.09641, 0.6541, 0.0, 0.0, 0.0, 1.0],
                [0.97206, 0.028643, -0.232978, -5e-06, -0.212899, -0.31043, -0.926449, -1.362276, -0.09886, 0.950165, -0.295658, 0.681247, 0.0, 0.0, 0.0, 1.0],
                [0.937433, 0.092787, -0.335573, 0.000425, -0.302474, -0.26027, -0.916935, -1.385218, -0.17242, 0.961067, -0.21592, 0.670376, 0.0, 0.0, 0.0, 1.0],
                [0.937433, 0.092787, -0.335573, 0.000425, -0.302474, -0.26027, -0.916935, -1.385218, -0.17242, 0.961067, -0.21592, 0.670376, 0.0, 0.0, 0.0, 1.0]
            ]
        },
        {
            "name": "Thigh_R",
            "time": [0.0, 0.1, 0.2833, 0.4667],
            "transform": [
                [0.864158, 0.321261, 0.387326, 0.124994, 0.199618, -0.925389, 0.322185, -0.002831, 0.461933, -0.201101, -0.863815, -1.2e-05, 0.0, 0.0, 0.0, 1.0],
                [0.990182, -0.012942, -0.139178, 0.124994, 0.120292, -0.428209, 0.895637, -0.002831, -0.071189, -0.903584, -0.42245, -1.2e-05, 0.0, 0.0, 0.0, 1.0],
                [0.989662, 0.038344, -0.138198, 0.124994, 0.140219, -0.461116, 0.876191, -0.002831, -0.030129, -0.886509, -0.461727, -1.2e-05, 0.0, 0.0, 0.0, 1.0],
                [0.989662, 0.038344, -0.138198, 0.124994, 0.140219, -0.461116, 0.876191, -0.002831, -0.030129, -0.886509, -0.461727, -1.2e-05, 0.0, 0.0, 0.0, 1.0]
            ]
        },
        {
            "name": "Leg_R",
            "time": [0.0, 0.1, 0.2833, 0.4667],
            "transform": [
                [1.0, 1e-06, 1e-06, 0.0, -1e-06, 0.751808, 0.659383, 0.37472, 0.0, -0.659384, 0.751806, -0.0, 0.0, 0.0, 0.0, 1.0],
                [1.0, -1e-06, 0.0, -0.0, -0.0, -0.100509, 0.994936, 0.37472, -1e-06, -0.994937, -0.100509, -0.0, 0.0, 0.0, 0.0, 1.0],
                [1.0, -1e-06, 0.0, 0.0, -0.0, -0.01801, 0.999837, 0.37472, -1e-06, -0.999839, -0.01801, -0.0, 0.0, 0.0, 0.0, 1.0],
                [1.0, -1e-06, 0.0, 0.0, -0.0, -0.01801, 0.999837, 0.37472, -1e-06, -0.999839, -0.01801, -0.0, 0.0, 0.0, 0.0, 1.0]
            ]
        },
        {
            "name": "Knee_R",
            "time": [0.0, 0.1, 0.2833, 0.4667],
            "transform": [
                [1.0, -0.0, -0.0, 0.0, -0.0, -0.389408, -0.921065, 0.439324, 0.0, 0.921065, -0.389408, -0.000954, 0.0, 0.0, 0.0, 1.0],
                [1.0, 0.0, -0.0, -0.0, -0.0, 0.627382, -0.778711, 0.37472, -0.0, 0.778711, 0.627382, -0.0, 0.0, 0.0, 0.0, 1.0],
                [1.0, 0.0, -0.0, 0.0, -0.0, 0.627382, -0.778711, 0.37472, -0.0, 0.778711, 0.627382, -0.0, 0.0, 0.0, 0.0, 1.0],
                [1.0, 0.0, -0.0, 0.0, -0.0, 0.627382, -0.778711, 0.37472, -0.0, 0.778711, 0.627382, -0.0, 0.0, 0.0, 0.0, 1.0]
            ]
        },
        {
            "name": "Thigh_L",
            "time": [0.0, 0.1, 0.2833, 0.4667],
            "transform": [
                [0.639305, -0.639556, -0.426916, -0.125006, -0.085345, -0.610777, 0.78719, -0.002831, -0.764202, -0.466819, -0.445056, -1.2e-05, 0.0, 0.0, 0.0, 1.0],
                [0.982628, 0.075546, -0.169512, -0.125006, 0.110895, -0.971413, 0.209902, -0.002831, -0.148809, -0.225054, -0.962915, -1.2e-05, 0.0, 0.0, 0.0, 1.0],
                [0.96495, 0.015555, -0.26197, -0.125006, 0.0925, -0.954338, 0.284048, -0.002831, -0.24559, -0.298324, -0.922327, -1.2e-05, 0.0, 0.0, 0.0, 1.0],
                [0.96495, 0.015555, -0.26197, -0.125006, 0.0925, -0.954338, 0.284048, -0.002831, -0.24559, -0.298324, -0.922327, -1.2e-05, 0.0, 0.0, 0.0, 1.0]
            ]
        },
        {
            "name": "Leg_L",
            "time": [0.0, 0.1, 0.2833, 0.4667],
            "transform": [
                [0.999634, 0.025354, -0.00942, -0.0, -0.022506, 0.972877, 0.230223, 0.37472, 0.015001, -0.229926, 0.973093, 0.0, 0.0, 0.0, 0.0, 1.0],
                [0.999989, -0.003081, -0.003496, 0.0, 0.003782, 0.974921, 0.222517, 0.37472, 0.002723, -0.222527, 0.974923, 0.0, 0.0, 0.0, 0.0, 1.0],
                [0.999989, -0.003081, -0.003496, -0.0, 0.003782, 0.974921, 0.222517, 0.37472, 0.002723, -0.222527, 0.974923, -0.0, 0.0, 0.0, 0.0, 1.0],
                [0.999989, -0.003081, -0.003496, -0.0, 0.003782, 0.974921, 0.222517, 0.37472, 0.002723, -0.222527, 0.974923, -0.0, 0.0, 0.0, 0.0, 1.0]
            ]
        },
        {
            "name": "Knee_L",
            "time": [0.0, 0.1, 0.2833, 0.4667],
            "transform": [
                [1.0, 0.0, -0.0, -0.0, -0.0, 1e-06, -1.0, 0.37472, -0.0, 1.0, 1e-06, 0.0, 0.0, 0.0, 0.0, 1.0],
                [1.0, 0.0, -0.0, 0.0, -0.0, 0.001233, -0.999999, 0.37472, -0.0, 0.999999, 0.001233, 0.0, 0.0, 0.0, 0.0, 1.0],
                [1.0, 0.0, -0.0, -0.0, -0.0, 0.001233, -0.999999, 0.37472, -0.0, 0.999999, 0.001233, -0.0, 0.0, 0.0, 0.0, 1.0],
                [1.0, 0.0, -0.0, -0.0, -0.0, 0.001233, -0.999999, 0.37472, -0.0, 0.999999, 0.001233, -0.0, 0.0, 0.0, 0.0, 1.0]
            ]
        },
        {
            "name": "Torso",
            "time": [0.0, 0.1, 0.2833, 0.4667],
            "transform": [
                [1.0, 0.0, -0.0, 0.0, -0.0, 0.99951, -0.031323, 0.05, 0.0, 0.031323, 0.999509, 0.0, 0.0, 0.0, 0.0, 1.0],
                [0.999042, -0.042827, 0.008972, -0.0, 0.04367, 0.962907, -0.266276, 0.05, 0.002765, 0.266413, 0.963855, 0.0, 0.0, 0.0, 0.0, 1.0],
                [0.999042, -0.042827, 0.008972, 0.0, 0.04367, 0.962907, -0.266277, 0.05, 0.002765, 0.266413, 0.963855, 0.0, 0.0, 0.0, 0.0, 1.0],
                [0.999042, -0.042827, 0.008972, 0.0, 0.04367, 0.962907, -0.266277, 0.05, 0.002765, 0.266413, 0.963855, 0.0, 0.0, 0.0, 0.0, 1.0]
            ]
        },
        {
            "name": "Chest",
            "time": [0.0, 0.1, 0.2833, 0.4667],
            "transform": [
                [0.980484, -0.066115, 0.185147, 0.0, 0.038657, 0.988207, 0.148167, 0.3, -0.192759, -0.138118, 0.971477, -0.0, 0.0, 0.0, 0.0, 1.0],
                [0.999794, -0.017389, 0.010436, -0.0, 0.007849, 0.806256, 0.591514, 0.3, -0.018699, -0.591311, 0.806227, -0.0, 0.0, 0.0, 0.0, 1.0],
                [0.999803, -0.01652, 0.011009, -0.0, 0.007207, 0.81877, 0.574076, 0.3, -0.018497, -0.573883, 0.818728, -0.0, 0.0, 0.0, 0.0, 1.0],
                [0.999803, -0.01652, 0.011009, -0.0, 0.007207, 0.81877, 0.574076, 0.3, -0.018497, -0.573883, 0.818728, -0.0, 0.0, 0.0, 0.0, 1.0]
            ]
        },
        {
            "name": "Head",
            "time": [0.0, 0.1, 0.2833, 0.4667],
            "transform": [
                [0.730287, 0.002925, 0.683134, 0.0, 0.194928, 0.957525, -0.212483, 0.4, -0.654739, 0.288336, 0.698698, 0.0, 0.0, 0.0, 0.0, 1.0],
                [0.977485, -0.085754, 0.192793, -0.0, -0.026533, 0.856486, 0.515488, 0.4, -0.209329, -0.508997, 0.834927, -0.0, 0.0, 0.0, 0.0, 1.0],
                [0.962986, -0.079793, 0.257471, 0.0, -0.049587, 0.88644, 0.46018, 0.4, -0.264951, -0.455913, 0.849673, -0.0, 0.0, 0.0, 0.0, 1.0],
                [0.962986, -0.079793, 0.257471, 0.0, -0.049587, 0.88644, 0.46018, 0.4, -0.264951, -0.455913, 0.849673, -0.0, 0.0, 0.0, 0.0, 1.0]
            ]
        },
        {
            "name": "Shoulder_R",
            "time": [0.0, 0.1, 0.2833, 0.4667],
            "transform": [
                [-0.028361, 0.888709, 0.457594, 0.0, 0.012748, -0.457419, 0.88916, 0.4, 0.999516, 0.03105, 0.001643, 0.0, 0.0, 0.0, 0.0, 1.0],
                [-0.241154, 0.935076, 0.259762, -0.0, 0.181931, -0.219358, 0.958532, 0.4, 0.953281, 0.278413, -0.11722, -0.0, 0.0, 0.0, 0.0, 1.0],
                [-0.241154, 0.935076, 0.259762, 0.0, 0.181931, -0.219358, 0.958532, 0.4, 0.953281, 0.278413, -0.11722, -0.0, 0.0, 0.0, 0.0, 1.0],
                [-0.241154, 0.935076, 0.259762, 0.0, 0.181931, -0.219358, 0.958532, 0.4, 0.953281, 0.278413, -0.11722, -0.0, 0.0, 0.0, 0.0, 1.0]
            ]
        },
        {
            "name": "Arm_R",
            "time": [0.0, 0.1, 0.2833, 0.4667],
            "transform": [
                [0.796984, -0.603924, 0.009566, 0.0, 0.38497, 0.495704, -0.778508, 0.39386, 0.465418, 0.624141, 0.627561, -0.0, 0.0, 0.0, 0.0, 1.0],
                [-0.467185, 0.157829, -0.869958, -0.0, 0.739635, 0.60887, -0.286737, 0.393861, 0.484436, -0.777411, -0.401191, 0.0, 0.0, 0.0, 0.0, 1.0],
                [-0.304405, 0.146494, -0.94121, -0.0, 0.866089, 0.453888, -0.209465, 0.393861, 0.396519, -0.878934, -0.265042, -0.0, 0.0, 0.0, 0.0, 1.0],
                [-0.304405, 0.146494, -0.94121, -0.0, 0.866089, 0.453888, -0.209465, 0.393861, 0.396519, -0.878934, -0.265042, -0.0, 0.0, 0.0, 0.0, 1.0]
            ]
        },
        {
            "name": "Hand_R",
            "time": [0.0, 0.1, 0.2833, 0.4667],
            "transform": [
                [0.995489, -0.088865, 0.033232, 0.0, 0.084329, 0.668273, -0.739121, 0.3, 0.043474, 0.738589, 0.672753, 0.0, 0.0, 0.0, 0.0, 1.0],
                [0.999998, -0.000405, 0.001778, 0.0, 0.000868, 0.963176, -0.268872, 0.3, -0.001603, 0.268873, 0.963174, 0.0, 0.0, 0.0, 0.0, 1.0],
                [0.999998, -0.000405, 0.001778, -0.0, 0.000868, 0.963176, -0.268872, 0.3, -0.001603, 0.268873, 0.963174, 0.0, 0.0, 0.0, 0.0, 1.0],
                [0.999998, -0.000405, 0.001778, -0.0, 0.000868, 0.963176, -0.268872, 0.3, -0.001603, 0.268873, 0.963174, 0.0, 0.0, 0.0, 0.0, 1.0]
            ]
        },
        {
            "name": "Tool_R",
            "time": [0.0, 0.1, 0.2833, 0.4667],
            "transform": [
                [-0.582558, 0.30516, 0.753328, -0.029768, 0.69401, 0.669178, 0.265614, 0.313869, -0.422798, 0.677159, -0.60126, -0.027312, 0.0, 0.0, 0.0, 1.0],
                [0.934058, -0.083101, -0.347319, -0.029768, -0.074238, -0.996486, 0.038772, 0.313869, -0.349115, -0.010435, -0.93639, -0.027311, 0.0, 0.0, 0.0, 1.0],
                [0.934058, -0.083101, -0.347319, -0.029768, -0.074239, -0.996486, 0.038772, 0.313869, -0.349115, -0.010435, -0.93639, -0.027312, 0.0, 0.0, 0.0, 1.0],
                [0.934058, -0.083101, -0.347319, -0.029768, -0.074239, -0.996486, 0.038772, 0.313869, -0.349115, -0.010435, -0.93639, -0.027312, 0.0, 0.0, 0.0, 1.0]
            ]
        },
        {
            "name": "Elbow_R",
            "time": [0.0, 0.1, 0.2833, 0.4667],
            "transform": [
                [-1.0, 0.0, -0.0, 0.0, 0.0, -0.0, -1.0, 0.3, -0.0, -1.0, 0.0, 0.0, 0.0, 0.0, 0.0, 1.0],
                [-1.0, 0.0, -0.0, -0.0, 0.0, -0.0, -1.0, 0.341622, -0.0, -1.0, 0.0, 0.0, 0.0, 0.0, 0.0, 1.0],
                [-1.0, 0.0, -0.0, -0.0, 0.0, -0.0, -1.0, 0.341622, -0.0, -1.0, 0.0, 0.0, 0.0, 0.0, 0.0, 1.0],
                [-1.0, 0.0, -0.0, -0.0, 0.0, -0.0, -1.0, 0.341622, -0.0, -1.0, 0.0, 0.0, 0.0, 0.0, 0.0, 1.0]
            ]
        },
        {
            "name": "Shoulder_L",
            "time": [0.0, 0.1, 0.2833, 0.4667],
            "transform": [
                [0.149016, -0.956297, -0.251576, 0.0, -0.075926, -0.264731, 0.961329, 0.4, -0.985915, -0.124152, -0.112057, 0.0, 0.0, 0.0, 0.0, 1.0],
                [0.083548, -0.97102, -0.223918, -0.0, 0.050991, -0.220243, 0.974111, 0.4, -0.995198, -0.092803, 0.031113, -0.0, 0.0, 0.0, 0.0, 1.0],
                [0.083548, -0.97102, -0.223918, 0.0, 0.050991, -0.220243, 0.974111, 0.4, -0.995198, -0.092803, 0.031113, -0.0, 0.0, 0.0, 0.0, 1.0],
                [0.083548, -0.97102, -0.223918, 0.0, 0.050991, -0.220243, 0.974111, 0.4, -0.995198, -0.092803, 0.031113, -0.0, 0.0, 0.0, 0.0, 1.0]
            ]
        },
        {
            "name": "Arm_L",
            "time": [0.0, 0.1, 0.2833, 0.4667],
            "transform": [
                [0.208955, 0.370904, 0.904858, -0.0, -0.093569, 0.928621, -0.359037, 0.39386, -0.973439, -0.009644, 0.228745, 0.0, 0.0, 0.0, 0.0, 1.0],
                [0.028967, 0.974525, 0.222401, 0.0, -0.931842, 0.106839, -0.34678, 0.39386, -0.361707, -0.197197, 0.911198, 0.0, 0.0, 0.0, 0.0, 1.0],
                [0.151156, 0.95255, 0.264196, -0.0, -0.900084, 0.243118, -0.361584, 0.39386, -0.408658, -0.183142, 0.894124, -0.0, 0.0, 0.0, 0.0, 1.0],
                [0.151156, 0.95255, 0.264196, -0.0, -0.900084, 0.243118, -0.361584, 0.39386, -0.408658, -0.183142, 0.894124, -0.0, 0.0, 0.0, 0.0, 1.0]
            ]
        },
        {
            "name": "Hand_L",
            "time": [0.0, 0.1, 0.2833, 0.4667],
            "transform": [
                [1.0, 0.0, 0.0, 0.0, -0.0, 0.531145, -0.847281, 0.3, -0.0, 0.847281, 0.531145, 0.0, 0.0, 0.0, 0.0, 1.0],
                [0.999993, -0.002603, -0.002764, -0.0, 0.000938, 0.874775, -0.484528, 0.3, 0.003679, 0.484522, 0.874771, 0.0, 0.0, 0.0, 0.0, 1.0],
                [0.999992, -0.003445, -0.002261, 0.0, 0.001524, 0.818966, -0.573841, 0.3, 0.003829, 0.573833, 0.818964, -0.0, 0.0, 0.0, 0.0, 1.0],
                [0.999992, -0.003445, -0.002261, 0.0, 0.001524, 0.818966, -0.573841, 0.3, 0.003829, 0.573833, 0.818964, -0.0, 0.0, 0.0, 0.0, 1.0]
            ]
        },
        {
            "name": "Tool_L",
            "time": [0.0, 0.1, 0.2833, 0.4667],
            "transform": [
                [-0.412078, -0.317581, -0.85401, -0.048425, 0.618615, -0.785668, -0.006329, 0.299303, -0.668559, -0.530608, 0.519911, 0.068636, 0.0, 0.0, 0.0, 1.0],
                [0.997006, -0.039439, -0.066512, 0.0, -0.036629, -0.998405, 0.042952, 0.272858, -0.068061, -0.040374, -0.996274, -0.0, 0.0, 0.0, 0.0, 1.0],
                [0.997006, -0.039439, -0.066512, -0.0, -0.036629, -0.998405, 0.042952, 0.272858, -0.068061, -0.040374, -0.996274, -0.0, 0.0, 0.0, 0.0, 1.0],
                [0.997006, -0.039439, -0.066512, -0.0, -0.036629, -0.998405, 0.042952, 0.272858, -0.068061, -0.040374, -0.996274, -0.0, 0.0, 0.0, 0.0, 1.0]
            ]
        },
        {
            "name": "Elbow_L",
            "time": [0.0, 0.1, 0.2833, 0.4667],
            "transform": [
                [-1.0, 0.0, -0.0, 0.0, 0.0, -0.0, -1.0, 0.3, -0.0, -1.0, -0.0, 0.0, 0.0, 0.0, 0.0, 1.0],
                [-1.0, 0.0, -0.0, 2.7e-05, 0.0, -0.0, -1.0, 0.334302, -0.0, -1.0, -0.0, -0.00212, 0.0, 0.0, 0.0, 1.0],
                [-1.0, 0.0, -0.0, 2.7e-05, 0.0, 0.050915, -0.998703, 0.334302, -0.0, -0.998703, -0.050915, -0.00212, 0.0, 0.0, 0.0, 1.0],
                [-1.0, 0.0, -0.0, 2.7e-05, 0.0, 0.050915, -0.998703, 0.334302, -0.0, -0.998703, -0.050915, -0.00212, 0.0, 0.0, 0.0, 1.0]
            ]
        }
    ]
}