{
    "animation": [
        {
            "name": "Root",
            "time": [0.0, 0.05, 0.1333, 0.2333, 0.3167, 0.6667, 1.1667],
            "transform": [
                [0.89632, -0.0, -0.443408, -5e-06, -0.437627, 0.160952, -0.884634, 0.155693, 0.071367, 0.986962, 0.144264, 0.765508, 0.0, 0.0, 0.0, 1.0],
                [-0.849295, -0.290412, -0.440862, -5e-06, -0.525978, 0.537025, 0.659509, 0.909799, 0.045225, 0.792001, -0.608843, 0.982329, 0.0, 0.0, 0.0, 1.0],
                [-0.953235, -0.24199, -0.181062, -5e-06, -0.293449, 0.597706, 0.74608, 1.030814, -0.072322, 0.764322, -0.640766, 1.017123, 0.0, 0.0, 0.0, 1.0],
                [-0.551627, -0.015167, 0.833953, -5e-06, 0.75185, 0.423872, 0.505029, 3.367485, -0.361149, 0.905595, -0.222416, 0.679544, 0.0, 0.0, 0.0, 1.0],
                [0.989838, 0.070332, -0.123591, -5e-06, -0.141385, 0.393705, -0.908299, 5.633821, -0.015224, 0.916542, 0.399648, 0.436045, 0.0, 0.0, 0.0, 1.0],
                [0.983522, 0.170673, 0.059633, -5e-06, -0.00624, 0.361692, -0.932277, 5.785694, -0.180683, 0.916542, 0.356797, 0.526189, 0.0, 0.0, 0.0, 1.0],
                [0.998127, 0.026555, 0.055117, -5e-06, 0.054124, 0.036755, -0.997858, 6.503639, -0.028524, 0.998971, 0.035249, 0.780722, 0.0, 0.0, 0.0, 1.0]
            ]
        },
        {
            "name": "Thigh_R",
            "time": [0.0, 0.05, 0.1333, 0.2333, 0.3167, 0.6667, 0.8833, 1.1667],
            "transform": [
                [0.893621, 0.220695, -0.390811, 0.124994, 0.086795, -0.939288, -0.331965, -0.002831, -0.440348, 0.26273, -0.858526, -1.2e-05, 0.0, 0.0, 0.0, 1.0],
                [0.954077, 0.219999, -0.203313, 0.124994, 0.291955, -0.83485, 0.466674, -0.002831, -0.067068, -0.5046, -0.860744, -1.2e-05, 0.0, 0.0, 0.0, 1.0],
                [0.956382, 0.233891, -0.175007, 0.124994, 0.292111, -0.76177, 0.578251, -0.002831, 0.001932, -0.604149, -0.796868, -1.2e-05, 0.0, 0.0, 0.0, 1.0],
                [0.292115, 0.79509, -0.531505, 0.124994, 0.954641, -0.275933, 0.111895, -0.002831, -0.057694, -0.540082, -0.839632, -1.2e-05, 0.0, 0.0, 0.0, 1.0],
                [0.956499, -0.101066, -0.273668, 0.124994, 0.289214, 0.205471, 0.934953, -0.002831, -0.038261, -0.973429, 0.225763, -1.2e-05, 0.0, 0.0, 0.0, 1.0],
                [0.962406, -0.060328, -0.264827, 0.124994, 0.264046, -0.02071, 0.964288, -0.002831, -0.063659, -0.997962, -0.004002, -1.2e-05, 0.0, 0.0, 0.0, 1.0],
                [0.974188, 0.121065, 0.190526, 0.124994, 0.053447, -0.943723, 0.326386, -0.002831, 0.219318, -0.307777, -0.925837, -1.2e-05, 0.0, 0.0, 0.0, 1.0],
                [0.842726, 0.117851, 0.525284, 0.124994, 0.079929, -0.992318, 0.094402, -0.002831, 0.532375, -0.037569, -0.845675, -1.2e-05, 0.0, 0.0, 0.0, 1.0]
            ]
        },
        {
            "name": "Leg_R",
            "time": [0.0, 0.05, 0.1333, 0.3167, 0.6667, 1.1667],
            "transform": [
                [1.0, 0.0, 1e-06, 0.0, -0.0, 0.953718, 0.300706, 0.37472, -1e-06, -0.300706, 0.953716, -0.0, 0.0, 0.0, 0.0, 1.0],
                [1.0, -1e-06, 1e-06, 0.0, -1e-06, 0.035438, 0.999371, 0.37472, -1e-06, -0.999373, 0.035438, 0.0, 0.0, 0.0, 0.0, 1.0],
                [1.0, -1e-06, 0.0, 0.0, -1e-06, -0.149423, 0.988772, 0.37472, -1e-06, -0.988774, -0.149423, 0.0, 0.0, 0.0, 0.0, 1.0],
                [1.0, -1e-06, 0.0, 0.0, -1e-06, -0.149423, 0.988772, 0.374719, -1e-06, -0.988774, -0.149423, -0.0, 0.0, 0.0, 0.0, 1.0],
                [1.0, -1e-06, 1e-06, -0.0, -0.0, 0.377954, 0.925824, 0.37472, -1e-06, -0.925825, 0.377953, 0.0, 0.0, 0.0, 0.0, 1.0],
                [1.0, -0.0, 1e-06, -0.0, 0.0, 0.997612, 0.069073, 0.37472, -1e-06, -0.069073, 0.997611, -1e-06, 0.0, 0.0, 0.0, 1.0]
            ]
        },
        {
            "name": "Knee_R",
            "time": [0.0, 0.05, 0.1333, 0.3167, 0.6667, 1.1667],
            "transform": [
                [1.0, 0.0, -0.0, 0.0, -0.0, 1e-06, -1.0, 0.37472, -0.0, 1.0, 1e-06, -0.0, 0.0, 0.0, 0.0, 1.0],
                [1.0, 0.0, -0.0, 0.0, -0.0, 0.474937, -0.88002, 0.37472, -0.0, 0.88002, 0.474937, 0.0, 0.0, 0.0, 0.0, 1.0],
                [1.0, 0.0, -0.0, 0.0, -0.0, 0.542594, -0.839995, 0.37472, -0.0, 0.839995, 0.542594, 0.0, 0.0, 0.0, 0.0, 1.0],
                [1.0, 0.0, -0.0, 0.0, -0.0, 0.542594, -0.839995, 0.374719, -0.0, 0.839995, 0.542594, -0.0, 0.0, 0.0, 0.0, 1.0],
                [1.0, 0.0, -0.0, -0.0, -0.0, 0.542594, -0.839995, 0.37472, -0.0, 0.839995, 0.542594, 0.0, 0.0, 0.0, 0.0, 1.0],
                [1.0, 0.0, -0.0, -0.0, -0.0, 1e-06, -1.0, 0.37472, -0.0, 1.0, 1e-06, -1e-06, 0.0, 0.0, 0.0, 1.0]
            ]
        },
        {
            "name": "Thigh_L",
            "time": [0.0, 0.05, 0.1333, 0.2333, 0.3167, 0.6667, 0.8833, 1.1667],
            "transform": [
                [0.854613, -0.504422, -0.123268, -0.125006, -0.087524, -0.373925, 0.92332, -0.002831, -0.511835, -0.778293, -0.36371, -1.2e-05, 0.0, 0.0, 0.0, 1.0],
                [0.885509, 0.117315, -0.449567, -0.125006, 0.046434, -0.985099, -0.165603, -0.002831, -0.462295, 0.125768, -0.877761, -1.2e-05, 0.0, 0.0, 0.0, 1.0],
                [0.88049, 0.225227, -0.417145, -0.125006, 0.068301, -0.931022, -0.358515, -0.002831, -0.469118, 0.287178, -0.835139, -1.2e-05, 0.0, 0.0, 0.0, 1.0],
                [0.966415, -0.065495, -0.248499, -0.125006, -0.010825, -0.976495, 0.215266, -0.002831, -0.256757, -0.205346, -0.944409, -1.2e-05, 0.0, 0.0, 0.0, 1.0],
                [0.993302, 0.021356, -0.113547, -0.125006, -0.042847, -0.844598, -0.533684, -0.002831, -0.107299, 0.534975, -0.838026, -1.1e-05, 0.0, 0.0, 0.0, 1.0],
                [0.999437, 0.008209, -0.032525, -0.125006, 0.004191, -0.992554, -0.121732, -0.002831, -0.033282, 0.121528, -0.992029, -1.2e-05, 0.0, 0.0, 0.0, 1.0],
                [0.961299, -0.204491, -0.184623, -0.125006, -0.01506, -0.708132, 0.70592, -0.002831, -0.275092, -0.67582, -0.683807, -1.2e-05, 0.0, 0.0, 0.0, 1.0],
                [0.869243, -0.05516, -0.491298, -0.125006, -0.021407, -0.997024, 0.074063, -0.002831, -0.493921, -0.053862, -0.867837, -1.2e-05, 0.0, 0.0, 0.0, 1.0]
            ]
        },
        {
            "name": "Leg_L",
            "time": [0.0, 0.05, 0.1333, 0.2333, 0.3167, 0.6667, 0.8833, 1.1667],
            "transform": [
                [1.0, -1e-06, 1e-06, -0.0, -1e-06, -0.277205, 0.960811, 0.37472, -0.0, -0.96081, -0.277205, 0.0, 0.0, 0.0, 0.0, 1.0],
                [1.0, 1e-06, 0.0, -0.0, -1e-06, 0.926244, 0.376923, 0.37472, 0.0, -0.376923, 0.926245, -0.0, 0.0, 0.0, 0.0, 1.0],
                [1.0, 1e-06, 0.0, -0.0, -1e-06, 0.985346, 0.170565, 0.37472, 0.0, -0.170565, 0.985347, -0.0, 0.0, 0.0, 0.0, 1.0],
                [1.0, -0.0, 1e-06, -0.0, -1e-06, 0.101779, 0.994807, 0.37472, -0.0, -0.994807, 0.10178, -0.0, 0.0, 0.0, 0.0, 1.0],
                [1.0, 1e-06, 0.0, -0.0, -1e-06, 0.985346, 0.170565, 0.37472, 0.0, -0.170565, 0.985347, -0.0, 0.0, 0.0, 0.0, 1.0],
                [1.0, 1e-06, 0.0, -0.0, -1e-06, 0.899502, 0.436916, 0.37472, 0.0, -0.436916, 0.899503, 0.0, 0.0, 0.0, 0.0, 1.0],
                [0.985737, 0.062673, 0.156189, 0.0, -0.165343, 0.187618, 0.968226, 0.37472, 0.031378, -0.98024, 0.195304, 0.0, 0.0, 0.0, 0.0, 1.0],
                [0.999989, -0.003785, -0.002718, -0.0, 0.003782, 0.999992, -0.001196, 0.37472, 0.002722, 0.001185, 0.999996, -1e-06, 0.0, 0.0, 0.0, 1.0]
            ]
        },
        {
            "name": "Knee_L",
            "time": [0.0, 0.05, 0.1333, 0.3167, 0.6667, 1.1667],
            "transform": [
                [1.0, 0.0, -0.0, -0.0001, -0.0, 1e-06, -1.0, 0.433466, -0.0, 1.0, 1e-06, -0.000823, 0.0, 0.0, 0.0, 1.0],
                [1.0, -0.0, -0.0, -0.0001, -0.0, -0.358253, -0.933625, 0.433466, 0.0, 0.933625, -0.358253, -0.000823, 0.0, 0.0, 0.0, 1.0],
                [1.0, -0.0, -0.0, -0.0001, -1e-06, -0.412206, -0.911091, 0.433466, 0.0, 0.911091, -0.412206, -0.000823, 0.0, 0.0, 0.0, 1.0],
                [1.0, -0.0, -0.0, -0.0001, -1e-06, -0.412206, -0.911091, 0.433467, 0.0, 0.911091, -0.412206, -0.000824, 0.0, 0.0, 0.0, 1.0],
                [1.0, -0.0, -0.0, -0.0001, -1e-06, -0.412206, -0.911091, 0.433466, 0.0, 0.911091, -0.412206, -0.000823, 0.0, 0.0, 0.0, 1.0],
                [1.0, 0.0, -0.0, -0.0, -0.0, 1e-06, -1.0, 0.37472, -0.0, 1.0, 1e-06, -1e-06, 0.0, 0.0, 0.0, 1.0]
            ]
        },
        {
            "name": "Torso",
            "time": [0.0, 0.05, 0.1333, 0.3167, 0.6667, 1.1667],
            "transform": [
                [0.984511, -0.137415, -0.108882, 0.0, 0.154098, 0.974418, 0.163593, 0.05, 0.083616, -0.177837, 0.980501, 0.0, 0.0, 0.0, 0.0, 1.0],
                [0.986594, -0.137415, 0.08803, 0.0, 0.118691, 0.974419, 0.190844, 0.05, -0.112003, -0.177837, 0.977665, 0.0, 0.0, 0.0, 0.0, 1.0],
                [0.983284, -0.137415, 0.119458, -0.0, 0.112542, 0.974418, 0.194533, 0.05, -0.143133, -0.177837, 0.973595, 0.0, 0.0, 0.0, 0.0, 1.0],
                [0.983284, -0.137415, 0.119458, -0.0, 0.112542, 0.974418, 0.194533, 0.05, -0.143133, -0.177837, 0.973595, 0.0, 0.0, 0.0, 0.0, 1.0],
                [0.983284, -0.137415, 0.119458, -0.0, 0.112542, 0.974418, 0.194533, 0.05, -0.143133, -0.177837, 0.973595, 0.0, 0.0, 0.0, 0.0, 1.0],
                [0.999042, -0.043673, -0.002706, 0.0, 0.04367, 0.999045, -0.001423, 0.05, 0.002765, 0.001304, 0.999995, -0.0, 0.0, 0.0, 0.0, 1.0]
            ]
        },
        {
            "name": "Chest",
            "time": [0.0, 0.05, 0.1333, 0.2333, 0.2833, 0.3167, 0.6667, 1.1667],
            "transform": [
                [0.99181, -0.05784, 0.113878, 0.0, 0.031478, 0.974777, 0.220948, 0.3, -0.123785, -0.215554, 0.968615, 0.0, 0.0, 0.0, 0.0, 1.0],
                [0.99181, -0.05784, 0.113878, 0.0, 0.031478, 0.974777, 0.220948, 0.3, -0.123785, -0.215554, 0.968614, -0.0, 0.0, 0.0, 0.0, 1.0],
                [0.99181, -0.05784, 0.113878, 0.0, 0.031478, 0.974777, 0.220948, 0.3, -0.123785, -0.215554, 0.968615, -0.0, 0.0, 0.0, 0.0, 1.0],
                [0.664962, -0.05784, 0.744634, 0.0, -0.12343, 0.974777, 0.185941, 0.3, -0.736607, -0.215554, 0.641051, 0.0, 0.0, 0.0, 0.0, 1.0],
                [0.9677, 0.030942, 0.250199, -0.0, 0.001673, 0.991629, -0.129106, 0.3, -0.2521, 0.125355, 0.959548, -0.0, 0.0, 0.0, 0.0, 1.0],
                [0.998737, -0.021231, -0.045536, -0.0, 0.016684, 0.995045, -0.09802, 0.3, 0.047391, 0.097136, 0.994142, 0.0, 0.0, 0.0, 0.0, 1.0],
                [0.996931, -0.05784, -0.052764, -0.0, 0.067809, 0.974777, 0.212629, 0.3, 0.039135, -0.215554, 0.975708, 0.0, 0.0, 0.0, 0.0, 1.0],
                [0.999771, -0.021316, -0.002029, -0.0, 0.021411, 0.994316, 0.104295, 0.3, -0.000206, -0.104315, 0.994544, 0.0, 0.0, 0.0, 0.0, 1.0]
            ]
        },
        {
            "name": "Head",
            "time": [0.0, 0.05, 0.1333, 0.3167, 0.6667, 1.1667],
            "transform": [
                [0.885717, 0.0034, 0.464213, -0.0, 0.031165, 0.997282, -0.066767, 0.4, -0.463179, 0.073603, 0.883203, 0.0, 0.0, 0.0, 0.0, 1.0],
                [0.7577, 0.0034, -0.652594, -0.0, -0.050603, 0.997282, -0.053557, 0.4, 0.650638, 0.073603, 0.755813, -0.0, 0.0, 0.0, 0.0, 1.0],
                [0.628127, 0.0034, -0.778104, 0.0, -0.059402, 0.997282, -0.043594, 0.4, 0.77584, 0.073603, 0.626622, 0.0, 0.0, 0.0, 0.0, 1.0],
                [0.997338, 0.0034, -0.07284, 0.0, -0.008743, 0.997282, -0.073161, 0.4, 0.072394, 0.073603, 0.994657, 0.0, 0.0, 0.0, 0.0, 1.0],
                [0.997338, 0.0034, -0.07284, 0.0, -0.008743, 0.997282, -0.073161, 0.400001, 0.072394, 0.073603, 0.994657, -0.0, 0.0, 0.0, 0.0, 1.0],
                [0.85311, 0.037721, 0.520365, 0.0, -0.006297, 0.998055, -0.062025, 0.4, -0.521692, 0.049637, 0.851689, -0.0, 0.0, 0.0, 0.0, 1.0]
            ]
        },
        {
            "name": "Shoulder_R",
            "time": [0.0, 0.05, 0.1333, 0.3167, 0.6667, 1.1667],
            "transform": [
                [-0.328587, 0.893617, 0.305743, -0.0, 0.105516, -0.286959, 0.952114, 0.4, 0.938561, 0.345113, 0.0, 0.0, 0.0, 0.0, 0.0, 1.0],
                [0.066121, 0.949815, 0.305743, -0.0, -0.021233, -0.305005, 0.952114, 0.4, 0.997585, -0.069446, -0.0, -0.0, 0.0, 0.0, 0.0, 1.0],
                [0.129761, 0.94323, 0.305743, 0.0, -0.041669, -0.30289, 0.952114, 0.4, 0.990669, -0.136287, -0.0, 0.0, 0.0, 0.0, 0.0, 1.0],
                [-0.113523, 0.945322, 0.305743, 0.0, 0.036454, -0.303562, 0.952114, 0.4, 0.992866, 0.119232, -0.0, 0.0, 0.0, 0.0, 0.0, 1.0],
                [-0.113523, 0.945322, 0.305743, 0.0, 0.036454, -0.303562, 0.952114, 0.400001, 0.992866, 0.119232, -0.0, -0.0, 0.0, 0.0, 0.0, 1.0],
                [-0.241154, 0.935077, 0.259762, 0.0, 0.181931, -0.219358, 0.958532, 0.4, 0.953281, 0.278413, -0.11722, -0.0, 0.0, 0.0, 0.0, 1.0]
            ]
        },
        {
            "name": "Arm_R",
            "time": [0.0, 0.05, 0.1333, 0.2333, 0.3167, 0.6667, 0.8833, 1.1667],
            "transform": [
                [0.351168, 0.552155, -0.756178, -0.0, 0.544118, 0.5369, 0.644727, 0.393861, 0.761982, -0.637858, -0.111896, -0.0, 0.0, 0.0, 0.0, 1.0],
                [-0.274694, -0.628868, -0.72737, -0.0, -0.015694, 0.759302, -0.650549, 0.393861, 0.961403, -0.167287, -0.218445, -0.0, 0.0, 0.0, 0.0, 1.0],
                [-0.271625, -0.775126, -0.570438, 0.0, -0.153693, 0.620052, -0.76936, 0.393861, 0.950052, -0.121305, -0.287553, -0.0, 0.0, 0.0, 0.0, 1.0],
                [0.044321, -0.15674, -0.986645, -0.0, -0.273606, 0.94795, -0.162883, 0.393861, 0.96082, 0.277171, -0.000871, -0.0, 0.0, 0.0, 0.0, 1.0],
                [0.16118, 0.474296, -0.865485, -1e-06, -0.42149, 0.826035, 0.374182, 0.39386, 0.892394, 0.304483, 0.333052, -0.0, 0.0, 0.0, 0.0, 1.0],
                [0.16118, 0.474296, -0.865485, -0.0, -0.42149, 0.826035, 0.374182, 0.39386, 0.892394, 0.304483, 0.333052, 0.0, 0.0, 0.0, 0.0, 1.0],
                [-0.256311, 0.403359, -0.878411, -0.0, 0.498589, 0.833711, 0.23735, 0.393861, 0.828078, -0.37713, -0.4148, -0.0, 0.0, 0.0, 0.0, 1.0],
                [-0.560416, 0.299331, -0.772227, -0.0, 0.790217, -0.085917, -0.606775, 0.393861, -0.247974, -0.950273, -0.188387, -0.0, 0.0, 0.0, 0.0, 1.0]
            ]
        },
        {
            "name": "Hand_R",
            "time": [0.0, 0.05, 0.1333, 0.2333, 0.3167, 0.6667, 1.1667],
            "transform": [
                [1.0, 0.0, 0.0, 0.0, -0.0, 0.970458, -0.24127, 0.3, -0.0, 0.24127, 0.970458, -0.0, 0.0, 0.0, 0.0, 1.0],
                [1.0, 0.0, 0.0, -0.0, -0.0, 0.786688, -0.617351, 0.3, -0.0, 0.617351, 0.786688, -0.0, 0.0, 0.0, 0.0, 1.0],
                [1.0, 0.0, -0.0, 0.0, -0.0, 0.743468, -0.668772, 0.3, -0.0, 0.668772, 0.743468, -0.0, 0.0, 0.0, 0.0, 1.0],
                [1.0, 0.0, 0.0, 0.0, -0.0, 0.477138, -0.878829, 0.3, -0.0, 0.878828, 0.477138, 0.0, 0.0, 0.0, 0.0, 1.0],
                [1.0, 0.0, 0.0, -0.0, -0.0, 0.99866, 0.051747, 0.3, -0.0, -0.051747, 0.99866, 0.0, 0.0, 0.0, 0.0, 1.0],
                [1.0, 0.0, 0.0, 0.0, -0.0, 0.99866, 0.051747, 0.3, -0.0, -0.051747, 0.99866, -0.0, 0.0, 0.0, 0.0, 1.0],
                [0.999998, -0.000405, 0.001778, -0.0, 0.000868, 0.963176, -0.268872, 0.3, -0.001603, 0.268873, 0.963174, -0.0, 0.0, 0.0, 0.0, 1.0]
            ]
        },
        {
            "name": "Tool_R",
            "time": [0.0, 0.05, 0.1333, 0.2333, 0.3167, 0.6667, 0.8833, 1.1667],
            "transform": [
                [1.0, -0.0, 0.0, 0.0, 0.0, -0.552111, -0.833771, 0.272858, 0.0, 0.833271, -0.551793, 0.0, 0.0, 0.0, 0.0, 1.0],
                [1.0, 0.0, 0.0, -0.0, 0.0, -0.886288, -0.463134, 0.272858, 0.0, 0.46285, -0.885769, -0.0, 0.0, 0.0, 0.0, 1.0],
                [1.0, 0.0, 0.0, 0.0, 0.0, -0.920506, -0.390728, 0.272858, 0.0, 0.390486, -0.919966, -0.0, 0.0, 0.0, 0.0, 1.0],
                [1.0, 0.0, 0.0, 0.0, 0.0, -0.98724, -0.159237, 0.272858, 0.0, 0.159132, -0.986658, -0.0, 0.0, 0.0, 0.0, 1.0],
                [1.0, 0.0, 0.0, -0.0, 0.0, -0.920506, -0.390728, 0.272858, 0.0, 0.390486, -0.919966, -0.0, 0.0, 0.0, 0.0, 1.0],
                [1.0, 0.0, 0.0, -0.0, 0.0, -0.920506, -0.390728, 0.272858, 0.0, 0.390486, -0.919966, -0.0, 0.0, 0.0, 0.0, 1.0],
                [0.622785, 0.394916, -0.675411, -0.326408, 0.135852, -0.904733, -0.403735, 0.121451, -0.770051, 0.15958, -0.616743, -0.302413, 0.0, 0.0, 0.0, 1.0],
                [-0.223607, 0.459996, -0.859304, -0.767855, 0.205202, -0.839649, -0.502872, -0.098952, -0.952267, -0.288615, 0.093298, 0.138214, 0.0, 0.0, 0.0, 1.0]
            ]
        },
        {
            "name": "Elbow_R",
            "time": [0.0, 0.05, 0.1333, 0.3167, 0.6667, 1.1667],
            "transform": [
                [-1.0, 0.0, -0.0, 0.0, 0.0, -0.0, -1.0, 0.3, -0.0, -1.0, 0.0, -0.0, 0.0, 0.0, 0.0, 1.0],
                [-1.0, 0.0, -0.0, -0.0, 0.0, -0.0, -1.0, 0.3, -0.0, -1.0, 0.0, -0.0, 0.0, 0.0, 0.0, 1.0],
                [-1.0, 0.0, -0.0, 0.0, 0.0, -0.0, -1.0, 0.3, -0.0, -1.0, 0.0, -0.0, 0.0, 0.0, 0.0, 1.0],
                [-1.0, 0.0, -0.0, -0.0, 0.0, 0.0, -1.0, 0.3, -0.0, -1.0, 0.0, 0.0, 0.0, 0.0, 0.0, 1.0],
                [-1.0, 0.0, -0.0, 0.0, 0.0, -0.0, -1.0, 0.3, -0.0, -1.0, 0.0, -0.0, 0.0, 0.0, 0.0, 1.0],
                [-1.0, 0.0, -0.0, -0.0, 0.0, -0.0, -1.0, 0.341622, -0.0, -1.0, 0.0, -0.0, 0.0, 0.0, 0.0, 1.0]
            ]
        },
        {
            "name": "Shoulder_L",
            "time": [0.0, 0.05, 0.1333, 0.3167, 0.6667, 1.1667],
            "transform": [
                [-0.0, -0.952114, -0.305743, -0.0, 0.0, -0.305743, 0.952114, 0.4, -1.0, 0.0, 0.0, 0.0, 0.0, 0.0, 0.0, 1.0],
                [-0.22576, -0.924961, -0.305743, -0.0, -0.072496, -0.297024, 0.952114, 0.4, -0.971482, 0.237114, 0.0, -0.0, 0.0, 0.0, 0.0, 1.0],
                [-0.261037, -0.915631, -0.305743, 0.0, -0.083824, -0.294028, 0.952114, 0.4, -0.961682, 0.274165, 0.0, 0.0, 0.0, 0.0, 0.0, 1.0],
                [-0.261037, -0.915631, -0.305743, 0.0, -0.083824, -0.294028, 0.952114, 0.4, -0.961682, 0.274165, 0.0, 0.0, 0.0, 0.0, 0.0, 1.0],
                [-0.261037, -0.915631, -0.305743, 0.0, -0.083824, -0.294028, 0.952114, 0.400001, -0.961682, 0.274165, 0.0, -0.0, 0.0, 0.0, 0.0, 1.0],
                [-0.226937, -0.947819, -0.223918, 0.0, -0.021067, -0.225085, 0.974111, 0.4, -0.973681, 0.225779, 0.031113, -0.0, 0.0, 0.0, 0.0, 1.0]
            ]
        },
        {
            "name": "Arm_L",
            "time": [0.0, 0.05, 0.1333, 0.3167, 0.6667, 1.1667],
            "transform": [
                [0.059627, 0.947354, 0.314587, -0.0, 0.336229, 0.277672, -0.899916, 0.39386, -0.939891, 0.159433, -0.301971, 0.0, 0.0, 0.0, 0.0, 1.0],
                [0.059628, -0.149641, 0.986941, 0.0, 0.336229, 0.933937, 0.121291, 0.39386, -0.939891, 0.324606, 0.106002, 0.0, 0.0, 0.0, 0.0, 1.0],
                [0.059628, -0.349487, 0.935042, -0.0, 0.336229, 0.889004, 0.310839, 0.39386, -0.93989, 0.295854, 0.170517, 0.0, 0.0, 0.0, 0.0, 1.0],
                [0.059627, -0.349487, 0.935042, -0.0, 0.336229, 0.889004, 0.310839, 0.39386, -0.939891, 0.295854, 0.170517, 0.0, 0.0, 0.0, 0.0, 1.0],
                [0.059628, -0.349487, 0.935042, 0.0, 0.336229, 0.889004, 0.310839, 0.39386, -0.939891, 0.295854, 0.170517, 0.0, 0.0, 0.0, 0.0, 1.0],
                [0.028967, 0.056681, 0.997972, -0.0, -0.931842, 0.362807, 0.006442, 0.393861, -0.361707, -0.930139, 0.063327, -0.0, 0.0, 0.0, 0.0, 1.0]
            ]
        },
        {
            "name": "Hand_L",
            "time": [0.0, 0.05, 0.1333, 0.3167, 0.6667, 1.1667],
            "transform": [
                [0.999999, 0.000748, 0.000935, -0.0, 0.000555, 0.402349, -0.915487, 0.3, -0.001061, 0.915486, 0.402349, 0.0, 0.0, 0.0, 0.0, 1.0],
                [0.999999, 0.000748, 0.000935, 0.0, 0.000555, 0.402349, -0.915487, 0.3, -0.001061, 0.915486, 0.402349, -0.0, 0.0, 0.0, 0.0, 1.0],
                [0.999999, 0.000748, 0.000935, -0.0, 0.000555, 0.402349, -0.915487, 0.3, -0.001061, 0.915486, 0.402349, 0.0, 0.0, 0.0, 0.0, 1.0],
                [0.999999, 0.000748, 0.000935, 0.0, 0.000555, 0.402349, -0.915487, 0.3, -0.001061, 0.915486, 0.402348, -0.0, 0.0, 0.0, 0.0, 1.0],
                [0.999999, 0.000748, 0.000935, 0.0, 0.000555, 0.402349, -0.915486, 0.3, -0.001061, 0.915486, 0.402349, -0.0, 0.0, 0.0, 0.0, 1.0],
                [0.999993, -0.001541, -0.00347, -0.0, 0.000938, 0.985901, -0.167329, 0.3, 0.003679, 0.167324, 0.985895, 0.0, 0.0, 0.0, 0.0, 1.0]
            ]
        },
        {
            "name": "Tool_L",
            "time": [0.0, 0.05, 0.1333, 0.3167, 0.6667, 1.1667],
            "transform": [
                [1.0, 0.0, 0.0, 0.0, 0.0, -0.999836, 0.018122, 0.272858, 0.0, -0.018122, -0.999247, -0.0, 0.0, 0.0, 0.0, 1.0],
                [1.0, 0.0, 0.0, 0.0, 0.0, -0.999836, 0.018122, 0.272858, 0.0, -0.018122, -0.999247, -0.0, 0.0, 0.0, 0.0, 1.0],
                [1.0, 0.0, 0.0, -0.0, 0.0, -0.999836, 0.018122, 0.272858, 0.0, -0.018122, -0.999247, 0.0, 0.0, 0.0, 0.0, 1.0],
                [1.0, 0.0, 0.0, -0.0, 0.0, -0.999836, 0.018122, 0.272858, 0.0, -0.018122, -0.999248, 0.0, 0.0, 0.0, 0.0, 1.0],
                [1.0, 0.0, 0.0, 0.0, 0.0, -0.999836, 0.018122, 0.272858, 0.0, -0.018122, -0.999247, 0.0, 0.0, 0.0, 0.0, 1.0],
                [0.997006, -0.039439, -0.066512, 0.0, -0.036629, -0.998406, 0.042952, 0.272858, -0.068061, -0.040374, -0.996274, -1e-06, 0.0, 0.0, 0.0, 1.0]
            ]
        },
        {
            "name": "Elbow_L",
            "time": [0.0, 0.05, 0.1333, 0.3167, 0.6667, 1.1667],
            "transform": [
                [-1.0, 0.0, -0.0, 4.4e-05, 0.0, -0.0, -1.0, 0.393784, -0.0, -1.0, -0.0, -9.6e-05, 0.0, 0.0, 0.0, 1.0],
                [-1.0, 0.0, -0.0, 4.4e-05, 0.0, -0.0, -1.0, 0.393784, -0.0, -1.0, -0.0, -9.6e-05, 0.0, 0.0, 0.0, 1.0],
                [-1.0, 0.0, -0.0, 4.4e-05, 0.0, -0.0, -1.0, 0.393784, -0.0, -1.0, -0.0, -9.6e-05, 0.0, 0.0, 0.0, 1.0],
                [-1.0, 0.0, -0.0, 4.4e-05, 0.0, -0.0, -1.0, 0.393784, -0.0, -1.0, 0.0, -9.6e-05, 0.0, 0.0, 0.0, 1.0],
                [-1.0, 0.0, -0.0, 4.4e-05, 0.0, -0.0, -1.0, 0.393783, -0.0, -1.0, 0.0, -9.6e-05, 0.0, 0.0, 0.0, 1.0],
                [-1.0, 0.0, -0.0, 2.7e-05, 0.0, -0.0, -1.0, 0.334302, -0.0, -1.0, -0.0, -0.00212, 0.0, 0.0, 0.0, 1.0]
            ]
        }
    ]
}