{
    "animation": [
        {
            "name": "Root",
            "time": [0.0, 0.1, 0.45],
            "transform": [
                [0.562403, 0.0, -0.826863, -5e-06, -0.814623, 0.171424, -0.554078, 0.000946, 0.141744, 0.985197, 0.09641, 0.6541, 0.0, 0.0, 0.0, 1.0],
                [0.56365, 0.017179, -0.825835, 0.003342, -0.825431, -0.025854, -0.563911, -0.287322, -0.031038, 0.999518, -0.000392, 0.605897, 0.0, 0.0, 0.0, 1.0],
                [0.562403, 0.0, -0.826863, -5e-06, -0.814623, 0.171424, -0.554078, 0.000946, 0.141744, 0.985197, 0.09641, 0.6541, 0.0, 0.0, 0.0, 1.0]
            ]
        },
        {
            "name": "Thigh_R",
            "time": [0.0, 0.1, 0.45],
            "transform": [
                [0.864158, 0.321261, 0.387326, 0.124994, 0.199618, -0.925389, 0.322185, -0.002831, 0.461933, -0.201101, -0.863815, -1.2e-05, 0.0, 0.0, 0.0, 1.0],
                [0.864158, 0.421365, 0.275102, 0.124994, 0.199618, -0.788866, 0.58124, -0.002831, 0.461933, -0.447367, -0.76582, -1.2e-05, 0.0, 0.0, 0.0, 1.0],
                [0.864158, 0.321261, 0.387326, 0.124994, 0.199618, -0.925389, 0.322185, -0.002831, 0.461933, -0.201101, -0.863815, -1.2e-05, 0.0, 0.0, 0.0, 1.0]
            ]
        },
        {
            "name": "Leg_R",
            "time": [0.0, 0.1, 0.45],
            "transform": [
                [1.0, 1e-06, 1e-06, 0.0, -1e-06, 0.751808, 0.659383, 0.37472, 0.0, -0.659384, 0.751806, -0.0, 0.0, 0.0, 0.0, 1.0],
                [1.0, 0.0, 1e-06, -0.0, -1e-06, 0.253615, 0.967304, 0.37472, 0.0, -0.967306, 0.253615, -0.0, 0.0, 0.0, 0.0, 1.0],
                [1.0, 1e-06, 1e-06, 0.0, -1e-06, 0.751808, 0.659383, 0.37472, 0.0, -0.659384, 0.751806, -0.0, 0.0, 0.0, 0.0, 1.0]
            ]
        },
        {
            "name": "Knee_R",
            "time": [0.0, 0.1, 0.45],
            "transform": [
                [1.0, -0.0, -0.0, 0.0, -0.0, -0.389408, -0.921065, 0.439324, 0.0, 0.921065, -0.389408, -0.000954, 0.0, 0.0, 0.0, 1.0],
                [1.0, -0.0, -0.0, -0.0, -0.0, -0.389408, -0.921065, 0.439324, -0.0, 0.921065, -0.389408, -0.000954, 0.0, 0.0, 0.0, 1.0],
                [1.0, -0.0, -0.0, 0.0, -0.0, -0.389408, -0.921065, 0.439324, 0.0, 0.921065, -0.389408, -0.000954, 0.0, 0.0, 0.0, 1.0]
            ]
        },
        {
            "name": "Thigh_L",
            "time": [0.0, 0.1, 0.45],
            "transform": [
                [0.639305, -0.639556, -0.426916, -0.125006, -0.085345, -0.610777, 0.78719, -0.002831, -0.764202, -0.466819, -0.445056, -1.2e-05, 0.0, 0.0, 0.0, 1.0],
                [0.656387, -0.523224, -0.543499, -0.125006, -0.06018, -0.754435, 0.65361, -0.002831, -0.752019, -0.396314, -0.52669, -1.2e-05, 0.0, 0.0, 0.0, 1.0],
                [0.639305, -0.639556, -0.426916, -0.125006, -0.085345, -0.610777, 0.78719, -0.002831, -0.764202, -0.466819, -0.445056, -1.2e-05, 0.0, 0.0, 0.0, 1.0]
            ]
        },
        {
            "name": "Leg_L",
            "time": [0.0, 0.1, 0.45],
            "transform": [
                [0.999634, 0.025354, -0.00942, -0.0, -0.022506, 0.972877, 0.230223, 0.37472, 0.015001, -0.229926, 0.973093, 0.0, 0.0, 0.0, 0.0, 1.0],
                [0.999888, 0.011055, -0.010051, -0.0, -0.00964, 0.991286, 0.13137, 0.37472, 0.011415, -0.131258, 0.991283, 0.0, 0.0, 0.0, 0.0, 1.0],
                [0.999634, 0.025354, -0.00942, -0.0, -0.022506, 0.972877, 0.230223, 0.37472, 0.015001, -0.229926, 0.973093, 0.0, 0.0, 0.0, 0.0, 1.0]
            ]
        },
        {
            "name": "Knee_L",
            "time": [0.0, 0.1, 0.45],
            "transform": [
                [1.0, 0.0, -0.0, -0.0, -0.0, 1e-06, -1.0, 0.37472, -0.0, 1.0, 1e-06, 0.0, 0.0, 0.0, 0.0, 1.0],
                [1.0, 0.0, -0.0, -0.0, -0.0, 1e-06, -1.0, 0.37472, -0.0, 1.0, 1e-06, 0.0, 0.0, 0.0, 0.0, 1.0],
                [1.0, 0.0, -0.0, -0.0, -0.0, 1e-06, -1.0, 0.37472, -0.0, 1.0, 1e-06, 0.0, 0.0, 0.0, 0.0, 1.0]
            ]
        },
        {
            "name": "Torso",
            "time": [0.0, 0.1, 0.45],
            "transform": [
                [1.0, 0.0, -0.0, 0.0, -0.0, 0.99951, -0.031323, 0.05, 0.0, 0.031323, 0.999509, 0.0, 0.0, 0.0, 0.0, 1.0],
                [0.997439, 0.070788, 0.010177, 0.0, -0.069907, 0.995091, -0.070055, 0.05, -0.015086, 0.069164, 0.997491, 0.0, 0.0, 0.0, 0.0, 1.0],
                [1.0, 0.0, -0.0, 0.0, -0.0, 0.99951, -0.031323, 0.05, 0.0, 0.031323, 0.999509, 0.0, 0.0, 0.0, 0.0, 1.0]
            ]
        },
        {
            "name": "Chest",
            "time": [0.0, 0.1, 0.45],
            "transform": [
                [0.980484, -0.066115, 0.185147, 0.0, 0.038657, 0.988207, 0.148167, 0.3, -0.192759, -0.138118, 0.971477, -0.0, 0.0, 0.0, 0.0, 1.0],
                [0.947887, -0.212921, 0.237012, -0.0, 0.116417, 0.923926, 0.364428, 0.3, -0.296576, -0.317845, 0.900565, 0.0, 0.0, 0.0, 0.0, 1.0],
                [0.980484, -0.066115, 0.185147, 0.0, 0.038657, 0.988207, 0.148167, 0.3, -0.192759, -0.138118, 0.971477, -0.0, 0.0, 0.0, 0.0, 1.0]
            ]
        },
        {
            "name": "Head",
            "time": [0.0, 0.1, 0.45],
            "transform": [
                [0.730287, 0.002925, 0.683134, 0.0, 0.194928, 0.957525, -0.212483, 0.4, -0.654739, 0.288336, 0.698698, 0.0, 0.0, 0.0, 0.0, 1.0],
                [0.878669, 0.107779, 0.465108, -0.0, -0.00345, 0.975594, -0.219556, 0.4, -0.47742, 0.191312, 0.857596, 0.0, 0.0, 0.0, 0.0, 1.0],
                [0.730287, 0.002925, 0.683134, 0.0, 0.194928, 0.957525, -0.212483, 0.4, -0.654739, 0.288336, 0.698698, 0.0, 0.0, 0.0, 0.0, 1.0]
            ]
        },
        {
            "name": "Shoulder_R",
            "time": [0.0, 0.1, 0.45],
            "transform": [
                [-0.028361, 0.888709, 0.457594, 0.0, 0.012748, -0.457419, 0.88916, 0.4, 0.999516, 0.03105, 0.001643, 0.0, 0.0, 0.0, 0.0, 1.0],
                [-0.02836, 0.888709, 0.457594, -0.0, 0.012748, -0.457419, 0.88916, 0.4, 0.999516, 0.031051, 0.001643, 0.0, 0.0, 0.0, 0.0, 1.0],
                [-0.028361, 0.888709, 0.457594, 0.0, 0.012748, -0.457419, 0.88916, 0.4, 0.999516, 0.03105, 0.001643, 0.0, 0.0, 0.0, 0.0, 1.0]
            ]
        },
        {
            "name": "Arm_R",
            "time": [0.0, 0.1, 0.45],
            "transform": [
                [0.796984, -0.603924, 0.009566, 0.0, 0.38497, 0.495704, -0.778508, 0.39386, 0.465418, 0.624141, 0.627561, -0.0, 0.0, 0.0, 0.0, 1.0],
                [0.620353, -0.784265, 0.009566, 0.0, 0.49684, 0.383504, -0.778508, 0.39386, 0.606888, 0.487702, 0.627561, 0.0, 0.0, 0.0, 0.0, 1.0],
                [0.796984, -0.603924, 0.009566, 0.0, 0.38497, 0.495704, -0.778508, 0.39386, 0.465418, 0.624141, 0.627561, -0.0, 0.0, 0.0, 0.0, 1.0]
            ]
        },
        {
            "name": "Hand_R",
            "time": [0.0, 0.1, 0.45],
            "transform": [
                [0.995489, -0.088865, 0.033232, 0.0, 0.084329, 0.668273, -0.739121, 0.3, 0.043474, 0.738589, 0.672753, 0.0, 0.0, 0.0, 0.0, 1.0],
                [0.995489, -0.088865, 0.033232, 0.0, 0.084329, 0.668273, -0.739121, 0.3, 0.043474, 0.738589, 0.672753, 0.0, 0.0, 0.0, 0.0, 1.0],
                [0.995489, -0.088865, 0.033232, 0.0, 0.084329, 0.668273, -0.739121, 0.3, 0.043474, 0.738589, 0.672753, 0.0, 0.0, 0.0, 0.0, 1.0]
            ]
        },
        {
            "name": "Tool_R",
            "time": [0.0, 0.1, 0.45],
            "transform": [
                [-0.582558, 0.30516, 0.753328, -0.029768, 0.69401, 0.669178, 0.265614, 0.313869, -0.422798, 0.677159, -0.60126, -0.027312, 0.0, 0.0, 0.0, 1.0],
                [-0.475769, 0.305123, 0.824951, -0.029768, 0.723446, 0.669195, 0.169715, 0.313869, -0.499965, 0.677159, -0.538801, -0.027312, 0.0, 0.0, 0.0, 1.0],
                [-0.582558, 0.30516, 0.753328, -0.029768, 0.69401, 0.669178, 0.265614, 0.313869, -0.422798, 0.677159, -0.60126, -0.027312, 0.0, 0.0, 0.0, 1.0]
            ]
        },
        {
            "name": "Elbow_R",
            "time": [0.0, 0.1, 0.45],
            "transform": [
                [-1.0, 0.0, -0.0, 0.0, 0.0, -0.0, -1.0, 0.3, -0.0, -1.0, 0.0, 0.0, 0.0, 0.0, 0.0, 1.0],
                [-1.0, 0.0, -0.0, 0.0, -0.0, -0.0, -1.0, 0.3, -0.0, -1.0, 0.0, 0.0, 0.0, 0.0, 0.0, 1.0],
                [-1.0, 0.0, -0.0, 0.0, 0.0, -0.0, -1.0, 0.3, -0.0, -1.0, 0.0, 0.0, 0.0, 0.0, 0.0, 1.0]
            ]
        },
        {
            "name": "Shoulder_L",
            "time": [0.0, 0.1, 0.45],
            "transform": [
                [0.149016, -0.956297, -0.251576, 0.0, -0.075926, -0.264731, 0.961329, 0.4, -0.985915, -0.124152, -0.112057, 0.0, 0.0, 0.0, 0.0, 1.0],
                [0.149016, -0.956297, -0.251576, -0.0, -0.075926, -0.264731, 0.961328, 0.4, -0.985915, -0.124152, -0.112057, 0.0, 0.0, 0.0, 0.0, 1.0],
                [0.149016, -0.956297, -0.251576, 0.0, -0.075926, -0.264731, 0.961329, 0.4, -0.985915, -0.124152, -0.112057, 0.0, 0.0, 0.0, 0.0, 1.0]
            ]
        },
        {
            "name": "Arm_L",
            "time": [0.0, 0.1, 0.45],
            "transform": [
                [0.208955, 0.370904, 0.904858, -0.0, -0.093569, 0.928621, -0.359037, 0.39386, -0.973439, -0.009644, 0.228745, 0.0, 0.0, 0.0, 0.0, 1.0],
                [0.26037, 0.099022, 0.960418, 0.0, 0.049335, 0.992063, -0.115659, 0.39386, -0.964248, 0.077496, 0.253418, 0.0, 0.0, 0.0, 0.0, 1.0],
                [0.208955, 0.370904, 0.904858, -0.0, -0.093569, 0.928621, -0.359037, 0.39386, -0.973439, -0.009644, 0.228745, 0.0, 0.0, 0.0, 0.0, 1.0]
            ]
        },
        {
            "name": "Hand_L",
            "time": [0.0, 0.1, 0.45],
            "transform": [
                [1.0, 0.0, 0.0, 0.0, -0.0, 0.531145, -0.847281, 0.3, -0.0, 0.847281, 0.531145, 0.0, 0.0, 0.0, 0.0, 1.0],
                [1.0, 0.0, -0.0, 0.0, -0.0, 0.531145, -0.847281, 0.3, -0.0, 0.847281, 0.531145, 0.0, 0.0, 0.0, 0.0, 1.0],
                [1.0, 0.0, 0.0, 0.0, -0.0, 0.531145, -0.847281, 0.3, -0.0, 0.847281, 0.531145, 0.0, 0.0, 0.0, 0.0, 1.0]
            ]
        },
        {
            "name": "Tool_L",
            "time": [0.0, 0.1, 0.45],
            "transform": [
                [-0.412078, -0.317581, -0.85401, -0.048425, 0.618615, -0.785668, -0.006329, 0.299303, -0.668559, -0.530608, 0.519911, 0.068636, 0.0, 0.0, 0.0, 1.0],
                [-0.412078, -0.317581, -0.85401, -0.048425, 0.618615, -0.785668, -0.006328, 0.299303, -0.668559, -0.530608, 0.519911, 0.068636, 0.0, 0.0, 0.0, 1.0],
                [-0.412078, -0.317581, -0.85401, -0.048425, 0.618615, -0.785668, -0.006329, 0.299303, -0.668559, -0.530608, 0.519911, 0.068636, 0.0, 0.0, 0.0, 1.0]
            ]
        },
        {
            "name": "Elbow_L",
            "time": [0.0, 0.1, 0.45],
            "transform": [
                [-1.0, 0.0, -0.0, 0.0, 0.0, -0.0, -1.0, 0.3, -0.0, -1.0, -0.0, 0.0, 0.0, 0.0, 0.0, 1.0],
                [-1.0, 0.0, -0.0, 0.0, 0.0, 0.0, -1.0, 0.3, -0.0, -1.0, -0.0, 0.0, 0.0, 0.0, 0.0, 1.0],
                [-1.0, 0.0, -0.0, 0.0, 0.0, -0.0, -1.0, 0.3, -0.0, -1.0, -0.0, 0.0, 0.0, 0.0, 0.0, 1.0]
            ]
        }
    ]
}