{
    "animation": [
        {
            "name": "Root",
            "time": [0.0, 0.9333, 1.9167],
            "transform": [
                [0.562403, 0.0, -0.826863, -5e-06, -0.814623, 0.171424, -0.554078, 0.000946, 0.141744, 0.985197, 0.09641, 0.6541, 0.0, 0.0, 0.0, 1.0],
                [0.551016, 0.007537, -0.834461, -0.005888, -0.829362, 0.115681, -0.546605, -0.003957, 0.092412, 0.993258, 0.069993, 0.614988, 0.0, 0.0, 0.0, 1.0],
                [0.562403, 0.0, -0.826863, -5e-06, -0.814623, 0.171424, -0.554078, 0.000946, 0.141744, 0.985197, 0.09641, 0.6541, 0.0, 0.0, 0.0, 1.0]
            ]
        },
        {
            "name": "Thigh_R",
            "time": [0.0, 0.9333, 1.9167],
            "transform": [
                [0.864158, 0.321261, 0.387326, 0.124994, 0.199618, -0.925389, 0.322185, -0.002831, 0.461933, -0.201101, -0.863815, -1.2e-05, 0.0, 0.0, 0.0, 1.0],
                [0.864158, 0.368231, 0.34298, 0.124994, 0.199618, -0.876492, 0.438076, -0.002831, 0.461933, -0.310102, -0.830936, -1.2e-05, 0.0, 0.0, 0.0, 1.0],
                [0.864158, 0.321261, 0.387326, 0.124994, 0.199618, -0.925389, 0.322185, -0.002831, 0.461933, -0.201101, -0.863815, -1.2e-05, 0.0, 0.0, 0.0, 1.0]
            ]
        },
        {
            "name": "Leg_R",
            "time": [0.0, 0.9333, 1.9167],
            "transform": [
                [1.0, 1e-06, 1e-06, 0.0, -1e-06, 0.751808, 0.659383, 0.37472, 0.0, -0.659384, 0.751806, -0.0, 0.0, 0.0, 0.0, 1.0],
                [1.0, 1e-06, 1e-06, 0.0, -1e-06, 0.563026, 0.826439, 0.37472, 0.0, -0.82644, 0.563025, 0.0, 0.0, 0.0, 0.0, 1.0],
                [1.0, 1e-06, 1e-06, 0.0, -1e-06, 0.751808, 0.659383, 0.37472, 0.0, -0.659384, 0.751806, -0.0, 0.0, 0.0, 0.0, 1.0]
            ]
        },
        {
            "name": "Knee_R",
            "time": [0.0, 1.9167],
            "transform": [
                [1.0, -0.0, -0.0, 0.0, -0.0, -0.389408, -0.921065, 0.439324, 0.0, 0.921065, -0.389408, -0.000954, 0.0, 0.0, 0.0, 1.0],
                [1.0, -0.0, -0.0, 0.0, -0.0, -0.389408, -0.921065, 0.439324, 0.0, 0.921065, -0.389408, -0.000954, 0.0, 0.0, 0.0, 1.0]
            ]
        },
        {
            "name": "Thigh_L",
            "time": [0.0, 0.9333, 1.9167],
            "transform": [
                [0.639305, -0.639556, -0.426916, -0.125006, -0.085345, -0.610777, 0.78719, -0.002831, -0.764202, -0.466819, -0.445056, -1.2e-05, 0.0, 0.0, 0.0, 1.0],
                [0.639305, -0.660493, -0.393748, -0.125006, -0.085345, -0.569841, 0.81731, -0.002831, -0.764201, -0.488907, -0.420673, -1.2e-05, 0.0, 0.0, 0.0, 1.0],
                [0.639305, -0.639556, -0.426916, -0.125006, -0.085345, -0.610777, 0.78719, -0.002831, -0.764202, -0.466819, -0.445056, -1.2e-05, 0.0, 0.0, 0.0, 1.0]
            ]
        },
        {
            "name": "Leg_L",
            "time": [0.0, 0.9333, 1.9167],
            "transform": [
                [0.999634, 0.025354, -0.00942, -0.0, -0.022506, 0.972877, 0.230223, 0.37472, 0.015001, -0.229926, 0.973093, 0.0, 0.0, 0.0, 0.0, 1.0],
                [0.999634, 0.026934, -0.002475, -0.0, -0.022506, 0.879059, 0.47618, 0.37472, 0.015001, -0.47595, 0.879345, -0.0, 0.0, 0.0, 0.0, 1.0],
                [0.999634, 0.025354, -0.00942, -0.0, -0.022506, 0.972877, 0.230223, 0.37472, 0.015001, -0.229926, 0.973093, 0.0, 0.0, 0.0, 0.0, 1.0]
            ]
        },
        {
            "name": "Knee_L",
            "time": [0.0, 1.9167],
            "transform": [
                [1.0, 0.0, -0.0, -0.0, -0.0, 1e-06, -1.0, 0.37472, -0.0, 1.0, 1e-06, 0.0, 0.0, 0.0, 0.0, 1.0],
                [1.0, 0.0, -0.0, -0.0, -0.0, 1e-06, -1.0, 0.37472, -0.0, 1.0, 1e-06, 0.0, 0.0, 0.0, 0.0, 1.0]
            ]
        },
        {
            "name": "Torso",
            "time": [0.0, 1.9167],
            "transform": [
                [1.0, 0.0, -0.0, 0.0, -0.0, 0.99951, -0.031323, 0.05, 0.0, 0.031323, 0.999509, 0.0, 0.0, 0.0, 0.0, 1.0],
                [1.0, 0.0, -0.0, 0.0, -0.0, 0.99951, -0.031323, 0.05, 0.0, 0.031323, 0.999509, 0.0, 0.0, 0.0, 0.0, 1.0]
            ]
        },
        {
            "name": "Chest",
            "time": [0.0, 0.9333, 1.9167],
            "transform": [
                [0.980484, -0.066115, 0.185147, 0.0, 0.038657, 0.988207, 0.148167, 0.3, -0.192759, -0.138118, 0.971477, -0.0, 0.0, 0.0, 0.0, 1.0],
                [0.980484, -0.075776, 0.181407, 0.0, 0.038657, 0.97903, 0.200017, 0.3, -0.192759, -0.189101, 0.962853, 0.0, 0.0, 0.0, 0.0, 1.0],
                [0.980484, -0.066115, 0.185147, 0.0, 0.038657, 0.988207, 0.148167, 0.3, -0.192759, -0.138118, 0.971477, -0.0, 0.0, 0.0, 0.0, 1.0]
            ]
        },
        {
            "name": "Head",
            "time": [0.0, 1.9167],
            "transform": [
                [0.730287, 0.002925, 0.683134, 0.0, 0.194928, 0.957525, -0.212483, 0.4, -0.654739, 0.288336, 0.698698, 0.0, 0.0, 0.0, 0.0, 1.0],
                [0.730287, 0.002925, 0.683134, 0.0, 0.194928, 0.957525, -0.212483, 0.4, -0.654739, 0.288336, 0.698698, 0.0, 0.0, 0.0, 0.0, 1.0]
            ]
        },
        {
            "name": "Shoulder_R",
            "time": [0.0, 1.9167],
            "transform": [
                [-0.028361, 0.888709, 0.457594, 0.0, 0.012748, -0.457419, 0.88916, 0.4, 0.999516, 0.03105, 0.001643, 0.0, 0.0, 0.0, 0.0, 1.0],
                [-0.028361, 0.888709, 0.457594, 0.0, 0.012748, -0.457419, 0.88916, 0.4, 0.999516, 0.03105, 0.001643, 0.0, 0.0, 0.0, 0.0, 1.0]
            ]
        },
        {
            "name": "Arm_R",
            "time": [0.0, 0.9333, 1.9167],
            "transform": [
                [0.796984, -0.603924, 0.009566, 0.0, 0.38497, 0.495704, -0.778508, 0.39386, 0.465418, 0.624141, 0.627561, -0.0, 0.0, 0.0, 0.0, 1.0],
                [0.757493, -0.652733, -0.011998, 0.0, 0.414243, 0.494768, -0.763942, 0.393861, 0.504587, 0.57371, 0.645173, 0.0, 0.0, 0.0, 0.0, 1.0],
                [0.796984, -0.603924, 0.009566, 0.0, 0.38497, 0.495704, -0.778508, 0.39386, 0.465418, 0.624141, 0.627561, -0.0, 0.0, 0.0, 0.0, 1.0]
            ]
        },
        {
            "name": "Hand_R",
            "time": [0.0, 1.9167],
            "transform": [
                [0.995489, -0.088865, 0.033232, 0.0, 0.084329, 0.668273, -0.739121, 0.3, 0.043474, 0.738589, 0.672753, 0.0, 0.0, 0.0, 0.0, 1.0],
                [0.995489, -0.088865, 0.033232, 0.0, 0.084329, 0.668273, -0.739121, 0.3, 0.043474, 0.738589, 0.672753, 0.0, 0.0, 0.0, 0.0, 1.0]
            ]
        },
        {
            "name": "Tool_R",
            "time": [0.0, 0.9333, 1.9167],
            "transform": [
                [-0.582558, 0.30516, 0.753328, -0.029768, 0.69401, 0.669178, 0.265614, 0.313869, -0.422798, 0.677159, -0.60126, -0.027312, 0.0, 0.0, 0.0, 1.0],
                [-0.521742, 0.314639, 0.792961, -0.027609, 0.761856, 0.590098, 0.26713, 0.313173, -0.38364, 0.743062, -0.547262, -0.020301, 0.0, 0.0, 0.0, 1.0],
                [-0.582558, 0.30516, 0.753328, -0.029768, 0.69401, 0.669178, 0.265614, 0.313869, -0.422798, 0.677159, -0.60126, -0.027312, 0.0, 0.0, 0.0, 1.0]
            ]
        },
        {
            "name": "Elbow_R",
            "time": [0.0, 1.9167],
            "transform": [
                [-1.0, 0.0, -0.0, 0.0, 0.0, -0.0, -1.0, 0.3, -0.0, -1.0, 0.0, 0.0, 0.0, 0.0, 0.0, 1.0],
                [-1.0, 0.0, -0.0, 0.0, 0.0, -0.0, -1.0, 0.3, -0.0, -1.0, 0.0, 0.0, 0.0, 0.0, 0.0, 1.0]
            ]
        },
        {
            "name": "Shoulder_L",
            "time": [0.0, 1.9167],
            "transform": [
                [0.149016, -0.956297, -0.251576, 0.0, -0.075926, -0.264731, 0.961329, 0.4, -0.985915, -0.124152, -0.112057, 0.0, 0.0, 0.0, 0.0, 1.0],
                [0.149016, -0.956297, -0.251576, 0.0, -0.075926, -0.264731, 0.961329, 0.4, -0.985915, -0.124152, -0.112057, 0.0, 0.0, 0.0, 0.0, 1.0]
            ]
        },
        {
            "name": "Arm_L",
            "time": [0.0, 0.9333, 1.9167],
            "transform": [
                [0.208955, 0.370904, 0.904858, -0.0, -0.093569, 0.928621, -0.359037, 0.39386, -0.973439, -0.009644, 0.228745, 0.0, 0.0, 0.0, 0.0, 1.0],
                [0.101019, 0.397913, 0.911845, 0.0, -0.152233, 0.911922, -0.381082, 0.39386, -0.983168, -0.100316, 0.152697, -0.0, 0.0, 0.0, 0.0, 1.0],
                [0.208955, 0.370904, 0.904858, -0.0, -0.093569, 0.928621, -0.359037, 0.39386, -0.973439, -0.009644, 0.228745, 0.0, 0.0, 0.0, 0.0, 1.0]
            ]
        },
        {
            "name": "Hand_L",
            "time": [0.0, 1.9167],
            "transform": [
                [1.0, 0.0, 0.0, 0.0, -0.0, 0.531145, -0.847281, 0.3, -0.0, 0.847281, 0.531145, 0.0, 0.0, 0.0, 0.0, 1.0],
                [1.0, 0.0, 0.0, 0.0, -0.0, 0.531145, -0.847281, 0.3, -0.0, 0.847281, 0.531145, 0.0, 0.0, 0.0, 0.0, 1.0]
            ]
        },
        {
            "name": "Tool_L",
            "time": [0.0, 1.9167],
            "transform": [
                [-0.412078, -0.317581, -0.85401, -0.048425, 0.618615, -0.785668, -0.006329, 0.299303, -0.668559, -0.530608, 0.519911, 0.068636, 0.0, 0.0, 0.0, 1.0],
                [-0.412078, -0.317581, -0.85401, -0.048425, 0.618615, -0.785668, -0.006329, 0.299303, -0.668559, -0.530608, 0.519911, 0.068636, 0.0, 0.0, 0.0, 1.0]
            ]
        },
        {
            "name": "Elbow_L",
            "time": [0.0, 1.9167],
            "transform": [
                [-1.0, 0.0, -0.0, 0.0, 0.0, -0.0, -1.0, 0.3, -0.0, -1.0, -0.0, 0.0, 0.0, 0.0, 0.0, 1.0],
                [-1.0, 0.0, -0.0, 0.0, 0.0, -0.0, -1.0, 0.3, -0.0, -1.0, -0.0, 0.0, 0.0, 0.0, 0.0, 1.0]
            ]
        }
    ]
}