{
    "animation": [
        {
            "name": "Root",
            "time": [0.0, 0.15, 0.1833, 0.2167, 0.4833, 0.5833, 0.8333, 1.3333],
            "transform": [
                [0.499694, -0.306661, 0.810102, -5e-06, 0.864822, 0.123858, -0.486561, -0.042256, 0.048872, 0.943726, 0.327099, 0.502889, 0.0, 0.0, 0.0, 1.0],
                [-0.746304, -0.076727, 0.661168, -5e-06, 0.627209, -0.413565, 0.65998, 2.960453, 0.222798, 0.907236, 0.356769, 0.535531, 0.0, 0.0, 0.0, 1.0],
                [-0.746737, -0.079606, 0.660339, -5e-06, 0.625754, -0.420571, 0.656926, 3.155644, 0.225424, 0.903761, 0.363869, 0.606583, 0.0, 0.0, 0.0, 1.0],
                [-0.746895, -0.081456, 0.659934, -5e-06, 0.624928, -0.425079, 0.654807, 3.27892, 0.227186, 0.901483, 0.368394, 0.4705, 0.0, 0.0, 0.0, 1.0],
                [-0.749843, -0.083655, 0.656306, -5e-06, 0.615977, -0.450312, 0.646368, 3.877359, 0.24147, 0.888944, 0.389193, 0.535531, 0.0, 0.0, 0.0, 1.0],
                [-0.971969, 0.143426, -0.186295, 0.037972, -0.225091, -0.338815, 0.913531, 0.013582, 0.067905, 0.929857, 0.361601, 0.582042, 0.0, 0.0, 0.0, 1.0],
                [-0.518627, 0.342519, -0.783395, 0.009646, -0.826163, -0.436718, 0.355996, -6.903658, -0.220188, 0.83184, 0.50947, 0.470407, 0.0, 0.0, 0.0, 1.0],
                [-0.518626, 0.342519, -0.783395, 0.009646, -0.849425, -0.101939, 0.517769, -7.040538, 0.097487, 0.933964, 0.343812, 0.470407, 0.0, 0.0, 0.0, 1.0]
            ]
        },
        {
            "name": "Thigh_R",
            "time": [0.0, 0.1, 0.15, 0.4833, 0.5833, 0.8333, 1.3333],
            "transform": [
                [0.491533, 0.790598, 0.365168, 0.124994, -0.126644, -0.349968, 0.928162, -0.002831, 0.861601, -0.502467, -0.071897, -1.2e-05, 0.0, 0.0, 0.0, 1.0],
                [0.875186, 0.284378, 0.39138, 0.124994, -0.070286, -0.725667, 0.684446, -0.002831, 0.478653, -0.626524, -0.615107, -1.2e-05, 0.0, 0.0, 0.0, 1.0],
                [0.800982, 0.438331, 0.40779, 0.124994, 0.275605, -0.874639, 0.398805, -0.002831, 0.531478, -0.207046, -0.821379, -1.2e-05, 0.0, 0.0, 0.0, 1.0],
                [0.798586, 0.432104, 0.41898, 0.124994, 0.215381, -0.855183, 0.471454, -0.002831, 0.562023, -0.286256, -0.776008, -1.2e-05, 0.0, 0.0, 0.0, 1.0],
                [0.972499, 0.232846, 0.005214, 0.124994, -0.059537, 0.226893, 0.972098, -0.002831, 0.225166, -0.945674, 0.234516, -1.2e-05, 0.0, 0.0, 0.0, 1.0],
                [0.622993, 0.770871, -0.132799, 0.124994, -0.146233, 0.281551, 0.948338, -0.002831, 0.768437, -0.571387, 0.288132, -1.2e-05, 0.0, 0.0, 0.0, 1.0],
                [0.491533, 0.790598, 0.365168, 0.124995, -0.126644, -0.349968, 0.928161, -0.002831, 0.861601, -0.502467, -0.071897, -1.2e-05, 0.0, 0.0, 0.0, 1.0]
            ]
        },
        {
            "name": "Leg_R",
            "time": [0.0, 0.1, 0.15, 0.4833, 0.5833, 0.8333, 1.3333],
            "transform": [
                [1.0, -1e-06, 1e-06, -0.0, 0.0, 0.764244, 0.644928, 0.37472, -1e-06, -0.644929, 0.764242, -0.0, 0.0, 0.0, 0.0, 1.0],
                [1.0, -1e-06, 0.0, 0.0, 0.0, 0.316597, 0.948559, 0.37472, -1e-06, -0.948561, 0.316597, -0.0, 0.0, 0.0, 0.0, 1.0],
                [1.0, -1e-06, 1e-06, 0.0, 0.0, 0.814123, 0.580693, 0.37472, -1e-06, -0.580694, 0.814121, 0.0, 0.0, 0.0, 0.0, 1.0],
                [1.0, -1e-06, 1e-06, 0.0, 0.0, 0.764244, 0.644928, 0.37472, -1e-06, -0.644929, 0.764242, 0.0, 0.0, 0.0, 0.0, 1.0],
                [1.0, -1e-06, -0.0, -0.0, -0.0, -0.228266, 0.973598, 0.37472, -1e-06, -0.9736, -0.228265, 0.0, 0.0, 0.0, 0.0, 1.0],
                [1.0, -1e-06, 0.0, 0.0, 0.0, 0.129024, 0.991641, 0.37472, -1e-06, -0.991642, 0.129024, 0.0, 0.0, 0.0, 0.0, 1.0],
                [1.0, -1e-06, 1e-06, 0.0, 0.0, 0.764243, 0.644928, 0.37472, -1e-06, -0.644929, 0.764242, -0.0, 0.0, 0.0, 0.0, 1.0]
            ]
        },
        {
            "name": "Knee_R",
            "time": [0.0, 0.15, 0.4833, 0.5833, 0.8333, 1.3333],
            "transform": [
                [1.0, 0.0, -0.0, -0.0, -0.0, 1e-06, -1.0, 0.37472, -0.0, 1.0, 1e-06, -0.0, 0.0, 0.0, 0.0, 1.0],
                [1.0, 0.0, -0.0, 0.0, -0.0, 1e-06, -1.0, 0.37472, -0.0, 1.0, 1e-06, 0.0, 0.0, 0.0, 0.0, 1.0],
                [1.0, 0.0, -0.0, 0.0, -0.0, 1e-06, -1.0, 0.37472, -0.0, 1.0, 1e-06, 0.0, 0.0, 0.0, 0.0, 1.0],
                [1.0, 0.0, -0.0, -0.0, -0.0, 0.535596, -0.844474, 0.37472, -0.0, 0.844474, 0.535596, 0.0, 0.0, 0.0, 0.0, 1.0],
                [1.0, 0.0, -0.0, 0.0, -0.0, 1e-06, -1.0, 0.37472, -0.0, 1.0, 1e-06, 0.0, 0.0, 0.0, 0.0, 1.0],
                [1.0, 0.0, -0.0, 0.0, -0.0, 1e-06, -1.0, 0.37472, -0.0, 1.0, 1e-06, -0.0, 0.0, 0.0, 0.0, 1.0]
            ]
        },
        {
            "name": "Thigh_L",
            "time": [0.0, 0.1, 0.15, 0.4833, 0.5833, 0.8333, 1.3333],
            "transform": [
                [0.419052, -0.867716, -0.267328, -0.125006, -0.683273, -0.495269, 0.536512, -0.002831, -0.597939, -0.042169, -0.800431, -1.2e-05, 0.0, 0.0, 0.0, 1.0],
                [0.725359, -0.67362, -0.141743, -0.125006, -0.038145, -0.244927, 0.96879, -0.002831, -0.687313, -0.697314, -0.203356, -1.2e-05, 0.0, 0.0, 0.0, 1.0],
                [0.708408, -0.70047, 0.086593, -0.125006, 0.047978, 0.170194, 0.984241, -0.002831, -0.704169, -0.693091, 0.154174, -1.2e-05, 0.0, 0.0, 0.0, 1.0],
                [0.653298, -0.751631, 0.090846, -0.125006, 0.056803, 0.168315, 0.984095, -0.002831, -0.754966, -0.637748, 0.152654, -1.2e-05, 0.0, 0.0, 0.0, 1.0],
                [0.988306, -0.152123, -0.010415, -0.125006, -0.152405, -0.983397, -0.098502, -0.002831, 0.004743, 0.098938, -0.995082, -1.2e-05, 0.0, 0.0, 0.0, 1.0],
                [0.72315, -0.61663, -0.311159, -0.125006, -0.3423, -0.711248, 0.613968, -0.002831, -0.599902, -0.337481, -0.725412, -1.2e-05, 0.0, 0.0, 0.0, 1.0],
                [0.419053, -0.867716, -0.267328, -0.125005, -0.683273, -0.495269, 0.536512, -0.002831, -0.597939, -0.042169, -0.800431, -1.2e-05, 0.0, 0.0, 0.0, 1.0]
            ]
        },
        {
            "name": "Leg_L",
            "time": [0.0, 0.15, 0.4833, 0.5833, 0.8333, 1.3333],
            "transform": [
                [0.999989, -0.002843, -0.003692, 0.0, 0.003782, 0.95804, 0.286609, 0.37472, 0.002723, -0.286619, 0.958041, 0.0, 0.0, 0.0, 0.0, 1.0],
                [0.999989, 0.001448, -0.004429, 0.0, 0.003782, 0.303182, 0.952925, 0.374721, 0.002723, -0.952931, 0.303174, -0.0, 0.0, 0.0, 0.0, 1.0],
                [0.999989, 0.000987, -0.004554, -0.0, 0.003782, 0.399018, 0.916936, 0.37472, 0.002723, -0.916942, 0.39901, 0.0, 0.0, 0.0, 0.0, 1.0],
                [0.999989, -0.002507, -0.003931, -0.0, 0.003785, 0.928895, 0.370324, 0.37472, 0.002723, -0.370335, 0.928895, -0.0, 0.0, 0.0, 0.0, 1.0],
                [0.999989, -0.002578, -0.003889, -0.0, 0.003787, 0.935292, 0.353857, 0.37472, 0.002725, -0.353868, 0.935292, 0.0, 0.0, 0.0, 0.0, 1.0],
                [0.999989, -0.002843, -0.003692, -0.0, 0.003782, 0.95804, 0.286609, 0.37472, 0.002723, -0.286619, 0.958041, 0.0, 0.0, 0.0, 0.0, 1.0]
            ]
        },
        {
            "name": "Knee_L",
            "time": [0.0, 0.15, 0.4833, 0.5833, 0.8333, 1.3333],
            "transform": [
                [1.0, 0.0, -0.0, 0.0, -0.0, 1e-06, -1.0, 0.37472, -0.0, 1.0, 1e-06, 0.0, 0.0, 0.0, 0.0, 1.0],
                [1.0, 0.0, -0.0, 0.0, -0.0, 1e-06, -1.0, 0.374721, -0.0, 1.0, 1e-06, -0.0, 0.0, 0.0, 0.0, 1.0],
                [1.0, 0.0, -0.0, -0.0, -0.0, 1e-06, -1.0, 0.37472, -0.0, 1.0, 1e-06, 0.0, 0.0, 0.0, 0.0, 1.0],
                [1.0, 0.0, -0.0, -0.0, -0.0, 1e-06, -1.0, 0.37472, -0.0, 1.0, 1e-06, -0.0, 0.0, 0.0, 0.0, 1.0],
                [1.0, 0.0, -0.0, -0.0, -0.0, 1e-06, -1.0, 0.37472, -0.0, 1.0, 1e-06, 0.0, 0.0, 0.0, 0.0, 1.0],
                [1.0, 0.0, -0.0, -0.0, -0.0, 1e-06, -1.0, 0.37472, -0.0, 1.0, 1e-06, 0.0, 0.0, 0.0, 0.0, 1.0]
            ]
        },
        {
            "name": "Torso",
            "time": [0.0, 0.15, 0.4833, 0.5833, 0.8333, 1.3333],
            "transform": [
                [0.953014, 0.229478, -0.197749, -0.0, -0.236035, 0.971694, -0.009924, 0.05, 0.189874, 0.056133, 0.980203, 0.0, 0.0, 0.0, 0.0, 1.0],
                [0.994892, -0.100693, -0.007103, 0.0, 0.100888, 0.994215, 0.03686, 0.05, 0.003351, -0.037388, 0.999295, 0.0, 0.0, 0.0, 0.0, 1.0],
                [0.999042, -0.043673, -0.002706, -0.0, 0.04367, 0.999045, -0.001423, 0.05, 0.002765, 0.001304, 0.999995, 0.0, 0.0, 0.0, 0.0, 1.0],
                [0.995063, 0.066384, -0.073782, 0.0, -0.067631, 0.997605, -0.014529, 0.05, 0.07264, 0.019447, 0.997169, 0.0, 0.0, 0.0, 0.0, 1.0],
                [0.960828, 0.210738, -0.179995, 1e-06, -0.216415, 0.976224, -0.012279, 0.05, 0.173128, 0.050752, 0.983591, -0.0, 0.0, 0.0, 0.0, 1.0],
                [0.953014, 0.229478, -0.197749, 1e-06, -0.236035, 0.971694, -0.009924, 0.05, 0.189874, 0.056133, 0.980202, -0.0, 0.0, 0.0, 0.0, 1.0]
            ]
        },
        {
            "name": "Chest",
            "time": [0.0, 0.15, 0.4833, 0.5833, 0.6667, 0.8333, 1.3333],
            "transform": [
                [0.859438, -0.258438, 0.441109, 0.0, 0.03634, 0.891519, 0.451524, 0.3, -0.509948, -0.372027, 0.775596, 0.0, 0.0, 0.0, 0.0, 1.0],
                [0.945553, 0.155516, -0.28591, -0.0, -0.088201, 0.968023, 0.234844, 0.3, 0.31329, -0.19684, 0.929034, -0.0, 0.0, 0.0, 0.0, 1.0],
                [0.927973, 0.183608, -0.324276, -0.0, -0.100581, 0.961305, 0.256469, 0.3, 0.358818, -0.20538, 0.910532, 0.0, 0.0, 0.0, 0.0, 1.0],
                [0.982206, 0.132263, -0.133333, 0.0, -0.087522, 0.950502, 0.298136, 0.3, 0.166165, -0.281162, 0.945165, -0.0, 0.0, 0.0, 0.0, 1.0],
                [1.0, -0.000237, 0.000492, -0.0, 0.000238, 0.999995, -0.003129, 0.3, -0.000491, 0.003129, 0.999995, 0.0, 0.0, 0.0, 0.0, 1.0],
                [0.987669, -0.105427, 0.115738, -0.0, 0.074665, 0.966981, 0.243664, 0.3, -0.137606, -0.232018, 0.962929, 0.0, 0.0, 0.0, 0.0, 1.0],
                [0.85602, -0.275386, 0.437484, 0.0, 0.069181, 0.899706, 0.430979, 0.3, -0.512292, -0.338662, 0.789218, 1e-06, 0.0, 0.0, 0.0, 1.0]
            ]
        },
        {
            "name": "Head",
            "time": [0.0, 0.15, 0.4833, 0.5833, 0.8333, 1.3333],
            "transform": [
                [0.76468, 0.211575, -0.608688, -0.0, -0.278768, 0.960218, -0.016446, 0.4, 0.580993, 0.182259, 0.793239, -0.0, 0.0, 0.0, 0.0, 1.0],
                [0.853111, 0.037721, 0.520365, -0.0, -0.006297, 0.998055, -0.062025, 0.4, -0.521692, 0.049637, 0.851689, -0.0, 0.0, 0.0, 0.0, 1.0],
                [0.85311, 0.037721, 0.520365, 1e-06, -0.006297, 0.998055, -0.062025, 0.4, -0.521692, 0.049637, 0.851688, -0.0, 0.0, 0.0, 0.0, 1.0],
                [0.986356, 0.118714, 0.114059, -0.0, -0.10933, 0.990339, -0.085299, 0.4, -0.123084, 0.071665, 0.989805, -0.0, 0.0, 0.0, 0.0, 1.0],
                [0.808586, 0.341127, -0.479397, -0.0, -0.319293, 0.938771, 0.129464, 0.399999, 0.494208, 0.048385, 0.867996, -0.0, 0.0, 0.0, 0.0, 1.0],
                [0.76468, 0.211575, -0.608688, -0.0, -0.278768, 0.960218, -0.016446, 0.4, 0.580993, 0.182259, 0.793239, -0.0, 0.0, 0.0, 0.0, 1.0]
            ]
        },
        {
            "name": "Shoulder_R",
            "time": [0.0, 0.15, 0.4833, 0.5833, 0.8333, 1.3333],
            "transform": [
                [0.78491, 0.617477, 0.051366, -0.0, -0.083131, 0.022796, 0.996278, 0.4, 0.614007, -0.786259, 0.069224, -0.0, 0.0, 0.0, 0.0, 1.0],
                [-0.349711, 0.933441, 0.079939, -0.0, -0.015281, -0.090999, 0.995734, 0.4, 0.936733, 0.346998, 0.046088, -0.0, 0.0, 0.0, 0.0, 1.0],
                [-0.362486, 0.930573, 0.051366, 1e-06, -0.045989, -0.072907, 0.996278, 0.4, 0.930854, 0.358774, 0.069224, -0.0, 0.0, 0.0, 0.0, 1.0],
                [0.08663, 0.995049, 0.048699, -0.0, -0.073386, -0.042377, 0.996403, 0.4, 0.993534, -0.089892, 0.069351, -0.0, 0.0, 0.0, 0.0, 1.0],
                [0.710634, 0.701744, 0.05054, -0.0, -0.084826, 0.014147, 0.996295, 0.399999, 0.69843, -0.712288, 0.069579, -0.0, 0.0, 0.0, 0.0, 1.0],
                [0.78491, 0.617476, 0.051366, -0.0, -0.083131, 0.022796, 0.996278, 0.4, 0.614007, -0.786259, 0.069224, -0.0, 0.0, 0.0, 0.0, 1.0]
            ]
        },
        {
            "name": "Arm_R",
            "time": [0.0, 0.15, 0.4833, 0.5833, 0.75, 0.8333, 1.3333],
            "transform": [
                [-0.519105, -0.798321, 0.305307, 0.0, -0.120154, -0.285497, -0.950818, 0.393861, 0.846222, -0.530259, 0.052281, 0.0, 0.0, 0.0, 0.0, 1.0],
                [-0.192968, -0.939353, -0.283511, -0.0, 0.551506, 0.135145, -0.823151, 0.39386, 0.811544, -0.3152, 0.49198, -0.0, 0.0, 0.0, 0.0, 1.0],
                [-0.192968, -0.573443, -0.796195, 0.0, 0.551506, 0.607751, -0.571385, 0.393861, 0.811545, -0.549365, 0.19898, 0.0, 0.0, 0.0, 0.0, 1.0],
                [-0.719153, 0.252386, 0.647395, 0.0, 0.136862, 0.964901, -0.224133, 0.39386, -0.68124, -0.072582, -0.728453, -0.0, 0.0, 0.0, 0.0, 1.0],
                [0.036132, -0.288819, -0.956702, 0.0, -0.196881, 0.936507, -0.290158, 0.393861, 0.979761, 0.19884, -0.023025, -0.0, 0.0, 0.0, 0.0, 1.0],
                [-0.675508, -0.69021, 0.259421, -0.0, -0.110117, -0.253451, -0.961061, 0.393861, 0.729084, -0.677771, 0.095204, 0.0, 0.0, 0.0, 0.0, 1.0],
                [-0.519106, -0.798321, 0.305307, 0.0, -0.120154, -0.285497, -0.950818, 0.39386, 0.846222, -0.530259, 0.052281, -0.0, 0.0, 0.0, 0.0, 1.0]
            ]
        },
        {
            "name": "Hand_R",
            "time": [0.0, 0.15, 0.4833, 0.5833, 0.75, 0.8333, 1.3333],
            "transform": [
                [0.999998, -0.000891, 0.001591, -0.0, 0.000868, 0.999898, 0.014237, 0.3, -0.001603, -0.014235, 0.999897, 0.0, 0.0, 0.0, 0.0, 1.0],
                [0.999998, 0.000541, 0.001741, -0.0, 0.000868, 0.698622, -0.715491, 0.3, -0.001603, 0.715491, 0.69862, -0.0, 0.0, 0.0, 0.0, 1.0],
                [0.999998, 0.000674, 0.001694, 0.0, 0.000868, 0.640984, -0.767553, 0.300001, -0.001603, 0.767554, 0.640983, -0.0, 0.0, 0.0, 0.0, 1.0],
                [0.999998, 0.000104, 0.00182, 0.0, 0.000868, 0.850663, -0.52571, 0.3, -0.001603, 0.525711, 0.850662, -0.0, 0.0, 0.0, 0.0, 1.0],
                [0.999998, 0.001061, 0.001483, 0.0, 0.000868, 0.438189, -0.898882, 0.300001, -0.001603, 0.898882, 0.438188, 0.0, 0.0, 0.0, 0.0, 1.0],
                [0.999998, -0.00076, 0.001657, 0.0, 0.000868, 0.997795, -0.066363, 0.3, -0.001603, 0.066364, 0.997794, -1e-06, 0.0, 0.0, 0.0, 1.0],
                [0.999998, -0.000891, 0.001591, 0.0, 0.000868, 0.999898, 0.014237, 0.3, -0.001603, -0.014235, 0.999897, 0.0, 0.0, 0.0, 0.0, 1.0]
            ]
        },
        {
            "name": "Tool_R",
            "time": [0.0, 0.15, 0.4833, 0.5833, 0.75, 0.8333, 1.3333],
            "transform": [
                [-0.818869, 0.516341, -0.250689, -0.020767, 0.500154, 0.427613, -0.752989, 0.290012, -0.281429, -0.741539, -0.608057, -0.001234, 0.0, 0.0, 0.0, 1.0],
                [-0.965327, -0.248109, 0.081156, -0.025775, 0.253303, -0.965433, 0.061455, 0.256874, 0.063068, 0.079823, 0.994217, 0.028413, 0.0, 0.0, 0.0, 1.0],
                [-0.965327, -0.248109, 0.081156, -0.025775, 0.253303, -0.965433, 0.061455, 0.256874, 0.063068, 0.079823, 0.994217, 0.028414, 0.0, 0.0, 0.0, 1.0],
                [0.988767, -0.14907, -0.010861, 0.036975, -0.130609, -0.82641, -0.547712, 0.285133, 0.072627, 0.542648, -0.836107, -0.02593, 0.0, 0.0, 0.0, 1.0],
                [-0.81898, -0.153915, -0.552795, -0.020767, 0.500045, -0.663976, -0.555959, 0.290012, -0.2813, -0.731315, 0.620374, -0.001234, 0.0, 0.0, 0.0, 1.0],
                [-0.818869, 0.516341, -0.250689, -0.020767, 0.500154, 0.427613, -0.752989, 0.290012, -0.281429, -0.741539, -0.608057, -0.001235, 0.0, 0.0, 0.0, 1.0],
                [-0.818869, 0.516341, -0.250689, -0.020767, 0.500154, 0.427613, -0.752989, 0.290013, -0.281429, -0.741539, -0.608057, -0.001234, 0.0, 0.0, 0.0, 1.0]
            ]
        },
        {
            "name": "Elbow_R",
            "time": [0.0, 0.15, 0.4833, 0.5833, 0.8333, 1.3333],
            "transform": [
                [-1.0, 0.0, -0.0, -0.0, 0.0, -0.0, -1.0, 0.341622, -0.0, -1.0, 0.0, 0.0, 0.0, 0.0, 0.0, 1.0],
                [-1.0, 0.0, 0.0, -0.0, 0.0, -0.0, -1.0, 0.341622, -0.0, -1.0, 0.0, -0.0, 0.0, 0.0, 0.0, 1.0],
                [-1.0, 0.0, -0.0, 0.0, 0.0, -0.0, -1.0, 0.341622, -0.0, -1.0, 0.0, -0.0, 0.0, 0.0, 0.0, 1.0],
                [-1.0, 0.0, -0.0, 0.0, 0.0, -0.0, -1.0, 0.341622, -0.0, -1.0, 0.0, -0.0, 0.0, 0.0, 0.0, 1.0],
                [-1.0, 0.0, -0.0, 0.0, 0.0, -0.0, -1.0, 0.341622, -0.0, -1.0, 0.0, -0.0, 0.0, 0.0, 0.0, 1.0],
                [-1.0, 0.0, 0.0, 0.0, 0.0, -0.0, -1.0, 0.341623, -0.0, -1.0, 0.0, 0.0, 0.0, 0.0, 0.0, 1.0]
            ]
        },
        {
            "name": "Shoulder_L",
            "time": [0.0, 0.15, 0.4833, 0.5833, 0.75, 0.8333, 1.3333],
            "transform": [
                [-0.226937, -0.947819, -0.223918, -0.0, -0.021067, -0.225085, 0.974111, 0.4, -0.973682, 0.225779, 0.031113, -0.0, 0.0, 0.0, 0.0, 1.0],
                [-0.226937, -0.947819, -0.223918, -0.0, -0.021067, -0.225085, 0.974111, 0.4, -0.973681, 0.225779, 0.031113, -0.0, 0.0, 0.0, 0.0, 1.0],
                [-0.226937, -0.947819, -0.223918, 1e-06, -0.021067, -0.225085, 0.974111, 0.4, -0.973681, 0.225779, 0.031113, -0.0, 0.0, 0.0, 0.0, 1.0],
                [-0.226937, -0.947819, -0.223918, -0.0, -0.021067, -0.225085, 0.974111, 0.4, -0.973682, 0.225779, 0.031113, -0.0, 0.0, 0.0, 0.0, 1.0],
                [0.731508, -0.644015, -0.223918, -0.0, 0.189074, -0.123927, 0.974111, 0.4, -0.655092, -0.754908, 0.031113, -0.0, 0.0, 0.0, 0.0, 1.0],
                [-0.226937, -0.947819, -0.223918, -0.0, -0.021067, -0.225085, 0.974111, 0.399999, -0.973681, 0.225779, 0.031113, -0.0, 0.0, 0.0, 0.0, 1.0],
                [-0.226937, -0.947819, -0.223918, -0.0, -0.021067, -0.225085, 0.974111, 0.4, -0.973681, 0.225779, 0.031113, -0.0, 0.0, 0.0, 0.0, 1.0]
            ]
        },
        {
            "name": "Arm_L",
            "time": [0.0, 0.1, 0.15, 0.4833, 0.5833, 0.75, 0.8333, 1.3333],
            "transform": [
                [-0.238028, 0.814715, 0.528755, -0.0, -0.941386, -0.059543, -0.332036, 0.39386, -0.239031, -0.576796, 0.781134, -0.0, 0.0, 0.0, 0.0, 1.0],
                [0.230718, 0.731705, 0.641387, -0.0, -0.834592, 0.487692, -0.25615, 0.39386, -0.500225, -0.476198, 0.723194, -0.0, 0.0, 0.0, 0.0, 1.0],
                [0.173067, 0.489221, 0.854816, 0.0, -0.822459, 0.549276, -0.147841, 0.393861, -0.541857, -0.677464, 0.497426, 0.0, 0.0, 0.0, 0.0, 1.0],
                [0.054412, 0.672005, 0.738545, -0.0, -0.905155, 0.34548, -0.247666, 0.39386, -0.421585, -0.655021, 0.627067, 0.0, 0.0, 0.0, 0.0, 1.0],
                [-0.066556, 0.757528, 0.6494, -0.0, -0.939017, 0.172507, -0.297469, 0.39386, -0.337368, -0.629596, 0.699851, 0.0, 0.0, 0.0, 0.0, 1.0],
                [-0.18158, 0.961814, 0.204799, 0.0, -0.945764, -0.113759, -0.304284, 0.393861, -0.269367, -0.248944, 0.930306, -0.0, 0.0, 0.0, 0.0, 1.0],
                [-0.21806, 0.811041, 0.542828, -0.0, -0.943487, -0.032957, -0.329767, 0.39386, -0.249564, -0.58406, 0.772393, 0.0, 0.0, 0.0, 0.0, 1.0],
                [-0.238028, 0.814715, 0.528755, 0.0, -0.941386, -0.059543, -0.332036, 0.39386, -0.239031, -0.576796, 0.781134, 0.0, 0.0, 0.0, 0.0, 1.0]
            ]
        },
        {
            "name": "Hand_L",
            "time": [0.0, 0.15, 0.4833, 0.5833, 0.8333, 1.3333],
            "transform": [
                [0.999993, -0.001541, -0.00347, 0.0, 0.000938, 0.985901, -0.167329, 0.3, 0.003679, 0.167324, 0.985895, 0.0, 0.0, 0.0, 0.0, 1.0],
                [0.999993, -0.001541, -0.00347, 0.0, 0.000938, 0.985901, -0.167329, 0.3, 0.003679, 0.167324, 0.985895, 0.0, 0.0, 0.0, 0.0, 1.0],
                [0.999993, -0.001541, -0.00347, 0.0, 0.000938, 0.985901, -0.167329, 0.3, 0.003679, 0.167324, 0.985895, -0.0, 0.0, 0.0, 0.0, 1.0],
                [0.999993, -0.001541, -0.00347, 0.0, 0.000938, 0.985901, -0.167329, 0.3, 0.003679, 0.167324, 0.985895, 0.0, 0.0, 0.0, 0.0, 1.0],
                [0.999993, -0.001541, -0.00347, -0.0, 0.000938, 0.985901, -0.167329, 0.3, 0.003679, 0.167324, 0.985895, -1e-06, 0.0, 0.0, 0.0, 1.0],
                [0.999993, -0.001541, -0.00347, 1e-06, 0.000938, 0.985901, -0.167329, 0.3, 0.003679, 0.167324, 0.985895, 0.0, 0.0, 0.0, 0.0, 1.0]
            ]
        },
        {
            "name": "Tool_L",
            "time": [0.0, 0.15, 0.4833, 0.5833, 0.8333, 1.3333],
            "transform": [
                [0.997006, -0.039439, -0.066512, -0.0, -0.036629, -0.998405, 0.042952, 0.272858, -0.068061, -0.040374, -0.996274, -0.0, 0.0, 0.0, 0.0, 1.0],
                [0.997006, -0.039439, -0.066512, 0.0, -0.036629, -0.998405, 0.042952, 0.272858, -0.068061, -0.040374, -0.996274, -0.0, 0.0, 0.0, 0.0, 1.0],
                [0.997006, -0.039439, -0.066512, -0.0, -0.036629, -0.998405, 0.042952, 0.272858, -0.068061, -0.040374, -0.996274, -0.0, 0.0, 0.0, 0.0, 1.0],
                [0.997006, -0.039439, -0.066512, 0.0, -0.036629, -0.998405, 0.042952, 0.272858, -0.068061, -0.040374, -0.996274, -0.0, 0.0, 0.0, 0.0, 1.0],
                [0.997006, -0.039439, -0.066512, 0.0, -0.036629, -0.998405, 0.042952, 0.272858, -0.06806, -0.040374, -0.996274, 0.0, 0.0, 0.0, 0.0, 1.0],
                [0.997006, -0.039439, -0.066512, 1e-06, -0.036629, -0.998405, 0.042952, 0.272858, -0.068061, -0.040374, -0.996274, -0.0, 0.0, 0.0, 0.0, 1.0]
            ]
        },
        {
            "name": "Elbow_L",
            "time": [0.0, 0.15, 0.4833, 0.5833, 0.8333, 1.3333],
            "transform": [
                [-1.0, 0.0, -0.0, 2.7e-05, 0.0, -0.0, -1.0, 0.334301, -0.0, -1.0, -0.0, -0.002121, 0.0, 0.0, 0.0, 1.0],
                [-1.0, 0.0, -0.0, 2.7e-05, 0.0, -0.0, -1.0, 0.334301, -0.0, -1.0, -0.0, -0.002121, 0.0, 0.0, 0.0, 1.0],
                [-1.0, 0.0, -0.0, 2.7e-05, 0.0, -0.0, -1.0, 0.334301, -0.0, -1.0, -0.0, -0.002121, 0.0, 0.0, 0.0, 1.0],
                [-1.0, 0.0, -0.0, 2.7e-05, 0.0, -0.0, -1.0, 0.334301, -0.0, -1.0, -0.0, -0.002121, 0.0, 0.0, 0.0, 1.0],
                [-1.0, 0.0, -0.0, 2.7e-05, 0.0, -0.0, -1.0, 0.334302, -0.0, -1.0, -0.0, -0.002121, 0.0, 0.0, 0.0, 1.0],
                [-1.0, 0.0, -0.0, 2.7e-05, 0.0, -0.0, -1.0, 0.334301, -0.0, -1.0, -0.0, -0.00212, 0.0, 0.0, 0.0, 1.0]
            ]
        }
    ]
}