{
    "animation": [
        {
            "name": "Root",
            "time": [0.0, 0.15, 0.2, 0.25, 0.7333, 0.8167, 0.9667, 1.4667],
            "transform": [
                [0.854339, 0.028643, -0.518927, -5e-06, -0.51914, 0.0, -0.854689, 0.000946, -0.024481, 0.99959, 0.01487, 0.753683, 0.0, 0.0, 0.0, 1.0],
                [0.496983, 0.209138, -0.842181, -5e-06, -0.838671, 0.364944, -0.404285, -2.752189, 0.222798, 0.907236, 0.356769, 0.535531, 0.0, 0.0, 0.0, 1.0],
                [0.478541, 0.220944, -0.849813, -5e-06, -0.845444, 0.37729, -0.377989, -2.87141, 0.237112, 0.899353, 0.367345, 0.576313, 0.0, 0.0, 0.0, 1.0],
                [0.467069, 0.228383, -0.854218, -5e-06, -0.84929, 0.384726, -0.361514, -2.945554, 0.246076, 0.894331, 0.373656, 0.498506, 0.0, 0.0, 0.0, 1.0],
                [0.435393, 0.249291, -0.865036, -5e-06, -0.858465, 0.40429, -0.315575, -3.150527, 0.271056, 0.880002, 0.390033, 0.502889, 0.0, 0.0, 0.0, 1.0],
                [0.987018, -0.158016, 0.028734, -0.013786, 0.103603, 0.489716, -0.865705, -0.060911, 0.122724, 0.857443, 0.49973, 0.572718, 0.0, 0.0, 0.0, 1.0],
                [0.631694, -0.226328, 0.741444, 0.00957, 0.75157, 0.41323, -0.514182, 6.89706, -0.190013, 0.882053, 0.431136, 0.481295, 0.0, 0.0, 0.0, 1.0],
                [0.499694, -0.306661, 0.810102, -5e-06, 0.864822, 0.123858, -0.486561, 7.155397, 0.048872, 0.943726, 0.327099, 0.502889, 0.0, 0.0, 0.0, 1.0]
            ]
        },
        {
            "name": "Thigh_R",
            "time": [0.0, 0.1, 0.15, 0.7333, 0.8167, 0.9667, 1.4667],
            "transform": [
                [0.842726, 0.11785, 0.525284, 0.124994, 0.079929, -0.992318, 0.094402, -0.002831, 0.532375, -0.037569, -0.845675, -1.2e-05, 0.0, 0.0, 0.0, 1.0],
                [0.875185, 0.284378, 0.39138, 0.124994, -0.070286, -0.725667, 0.684446, -0.002831, 0.478653, -0.626524, -0.615107, -1.2e-05, 0.0, 0.0, 0.0, 1.0],
                [0.800982, 0.438331, 0.40779, 0.124994, 0.275605, -0.874639, 0.398805, -0.002831, 0.531478, -0.207045, -0.821379, -1.2e-05, 0.0, 0.0, 0.0, 1.0],
                [0.798586, 0.432104, 0.41898, 0.124994, 0.215381, -0.855183, 0.471454, -0.002831, 0.562023, -0.286256, -0.776008, -1.2e-05, 0.0, 0.0, 0.0, 1.0],
                [0.972499, 0.232846, 0.005214, 0.124994, -0.059537, 0.226893, 0.972098, -0.002831, 0.225166, -0.945674, 0.234516, -1.2e-05, 0.0, 0.0, 0.0, 1.0],
                [0.622993, 0.770871, -0.132799, 0.124994, -0.146233, 0.281551, 0.948338, -0.002831, 0.768437, -0.571388, 0.288131, -1.2e-05, 0.0, 0.0, 0.0, 1.0],
                [0.491533, 0.790598, 0.365168, 0.124994, -0.126644, -0.349968, 0.928162, -0.002831, 0.861601, -0.502467, -0.071897, -1.2e-05, 0.0, 0.0, 0.0, 1.0]
            ]
        },
        {
            "name": "Leg_R",
            "time": [0.0, 0.1, 0.15, 0.7333, 0.8167, 0.9667, 1.4667],
            "transform": [
                [1.0, -0.0, 1e-06, 0.0, 0.0, 0.997612, 0.069073, 0.37472, -1e-06, -0.069073, 0.997611, 0.0, 0.0, 0.0, 0.0, 1.0],
                [1.0, -1e-06, 0.0, -0.0, 0.0, 0.316597, 0.94856, 0.37472, -1e-06, -0.948561, 0.316597, 0.0, 0.0, 0.0, 0.0, 1.0],
                [1.0, -1e-06, 1e-06, 0.0, 0.0, 0.814123, 0.580693, 0.37472, -1e-06, -0.580694, 0.814121, -0.0, 0.0, 0.0, 0.0, 1.0],
                [1.0, -1e-06, 1e-06, -0.0, 0.0, 0.764243, 0.644928, 0.37472, -1e-06, -0.644929, 0.764242, 0.0, 0.0, 0.0, 0.0, 1.0],
                [1.0, -1e-06, -0.0, 0.0, -0.0, -0.228266, 0.973598, 0.37472, -1e-06, -0.9736, -0.228265, -0.0, 0.0, 0.0, 0.0, 1.0],
                [1.0, -1e-06, 0.0, -0.0, 0.0, 0.129024, 0.991641, 0.37472, -1e-06, -0.991642, 0.129024, 0.0, 0.0, 0.0, 0.0, 1.0],
                [1.0, -1e-06, 1e-06, 0.0, 0.0, 0.764244, 0.644928, 0.374721, -1e-06, -0.644929, 0.764242, 0.0, 0.0, 0.0, 0.0, 1.0]
            ]
        },
        {
            "name": "Knee_R",
            "time": [0.0, 0.15, 0.7333, 0.8167, 0.9667, 1.4667],
            "transform": [
                [1.0, 0.0, -0.0, 0.0, -0.0, 1e-06, -1.0, 0.37472, -0.0, 1.0, 1e-06, 0.0, 0.0, 0.0, 0.0, 1.0],
                [1.0, 0.0, -0.0, 0.0, -0.0, 1e-06, -1.0, 0.37472, -0.0, 1.0, 1e-06, -0.0, 0.0, 0.0, 0.0, 1.0],
                [1.0, 0.0, -0.0, -0.0, -0.0, 1e-06, -1.0, 0.37472, -0.0, 1.0, 1e-06, 0.0, 0.0, 0.0, 0.0, 1.0],
                [1.0, 0.0, -0.0, 0.0, -0.0, 0.535596, -0.844474, 0.37472, -0.0, 0.844474, 0.535596, -0.0, 0.0, 0.0, 0.0, 1.0],
                [1.0, 0.0, -0.0, -0.0, -0.0, 1e-06, -1.0, 0.37472, -0.0, 1.0, 1e-06, 0.0, 0.0, 0.0, 0.0, 1.0],
                [1.0, 0.0, -0.0, 0.0, -0.0, 1e-06, -1.0, 0.374721, -0.0, 1.0, 1e-06, 0.0, 0.0, 0.0, 0.0, 1.0]
            ]
        },
        {
            "name": "Thigh_L",
            "time": [0.0, 0.1, 0.15, 0.7333, 0.8167, 0.9667, 1.4667],
            "transform": [
                [0.869242, -0.05516, -0.491298, -0.125006, -0.021407, -0.997024, 0.074063, -0.002831, -0.493921, -0.053862, -0.867836, -1.2e-05, 0.0, 0.0, 0.0, 1.0],
                [0.725359, -0.673619, -0.141742, -0.125006, -0.038145, -0.244927, 0.96879, -0.002831, -0.687312, -0.697314, -0.203356, -1.2e-05, 0.0, 0.0, 0.0, 1.0],
                [0.708408, -0.70047, 0.086593, -0.125006, 0.047978, 0.170194, 0.984241, -0.002831, -0.704169, -0.693091, 0.154174, -1.2e-05, 0.0, 0.0, 0.0, 1.0],
                [0.653298, -0.751631, 0.090846, -0.125006, 0.056803, 0.168315, 0.984095, -0.002831, -0.754966, -0.637748, 0.152654, -1.2e-05, 0.0, 0.0, 0.0, 1.0],
                [0.988306, -0.152123, -0.010415, -0.125006, -0.152405, -0.983397, -0.098502, -0.002831, 0.004743, 0.098938, -0.995082, -1.2e-05, 0.0, 0.0, 0.0, 1.0],
                [0.72315, -0.61663, -0.311159, -0.125007, -0.3423, -0.711248, 0.613968, -0.002831, -0.599902, -0.337481, -0.725413, -1.2e-05, 0.0, 0.0, 0.0, 1.0],
                [0.419052, -0.867716, -0.267328, -0.125006, -0.683273, -0.495269, 0.536512, -0.002831, -0.597939, -0.042169, -0.800431, -1.2e-05, 0.0, 0.0, 0.0, 1.0]
            ]
        },
        {
            "name": "Leg_L",
            "time": [0.0, 0.15, 0.7333, 0.8167, 0.9667, 1.4667],
            "transform": [
                [0.999989, -0.003785, -0.002718, 0.0, 0.003782, 0.999992, -0.001196, 0.37472, 0.002722, 0.001185, 0.999996, 0.0, 0.0, 0.0, 0.0, 1.0],
                [0.999989, 0.001448, -0.004429, -0.0, 0.003782, 0.303182, 0.952926, 0.37472, 0.002723, -0.952931, 0.303174, 0.0, 0.0, 0.0, 0.0, 1.0],
                [0.999989, 0.000987, -0.004554, 0.0, 0.003782, 0.399018, 0.916936, 0.37472, 0.002723, -0.916942, 0.39901, 0.0, 0.0, 0.0, 0.0, 1.0],
                [0.999989, -0.002507, -0.003931, 0.0, 0.003785, 0.928895, 0.370324, 0.37472, 0.002723, -0.370335, 0.928895, -0.0, 0.0, 0.0, 0.0, 1.0],
                [0.999989, -0.002578, -0.003889, -0.0, 0.003787, 0.935292, 0.353857, 0.37472, 0.002725, -0.353868, 0.935292, -0.0, 0.0, 0.0, 0.0, 1.0],
                [0.999989, -0.002843, -0.003692, -0.0, 0.003782, 0.95804, 0.286609, 0.37472, 0.002723, -0.286619, 0.958041, 0.0, 0.0, 0.0, 0.0, 1.0]
            ]
        },
        {
            "name": "Knee_L",
            "time": [0.0, 0.15, 0.7333, 0.8167, 0.9667, 1.4667],
            "transform": [
                [1.0, 0.0, -0.0, 0.0, -0.0, 1e-06, -1.0, 0.37472, -0.0, 1.0, 1e-06, 0.0, 0.0, 0.0, 0.0, 1.0],
                [1.0, 0.0, -0.0, -0.0, -0.0, 1e-06, -1.0, 0.37472, -0.0, 1.0, 1e-06, 0.0, 0.0, 0.0, 0.0, 1.0],
                [1.0, 0.0, -0.0, 0.0, -0.0, 1e-06, -1.0, 0.37472, -0.0, 1.0, 1e-06, 0.0, 0.0, 0.0, 0.0, 1.0],
                [1.0, 0.0, -0.0, 0.0, -0.0, 1e-06, -1.0, 0.37472, -0.0, 1.0, 1e-06, -0.0, 0.0, 0.0, 0.0, 1.0],
                [1.0, 0.0, -0.0, -0.0, -0.0, 1e-06, -1.0, 0.37472, -0.0, 1.0, 1e-06, -0.0, 0.0, 0.0, 0.0, 1.0],
                [1.0, 0.0, -0.0, -0.0, -0.0, 1e-06, -1.0, 0.37472, -0.0, 1.0, 1e-06, 0.0, 0.0, 0.0, 0.0, 1.0]
            ]
        },
        {
            "name": "Torso",
            "time": [0.0, 0.15, 0.7333, 0.8167, 0.9667, 1.4667],
            "transform": [
                [0.999042, -0.043673, -0.002705, 0.0, 0.04367, 0.999045, -0.001423, 0.05, 0.002765, 0.001304, 0.999995, -0.0, 0.0, 0.0, 0.0, 1.0],
                [0.994892, -0.100693, -0.007103, -0.0, 0.100888, 0.994215, 0.03686, 0.05, 0.003351, -0.037388, 0.999295, -0.0, 0.0, 0.0, 0.0, 1.0],
                [0.999042, -0.043673, -0.002706, 0.0, 0.04367, 0.999045, -0.001423, 0.05, 0.002765, 0.001304, 0.999995, 0.0, 0.0, 0.0, 0.0, 1.0],
                [0.995063, 0.066384, -0.073782, -0.0, -0.067631, 0.997605, -0.014529, 0.05, 0.07264, 0.019447, 0.997169, -0.0, 0.0, 0.0, 0.0, 1.0],
                [0.960828, 0.210738, -0.179995, -1e-06, -0.216415, 0.976224, -0.012279, 0.05, 0.173128, 0.050752, 0.983591, -0.0, 0.0, 0.0, 0.0, 1.0],
                [0.953014, 0.229478, -0.197749, 0.0, -0.236035, 0.971694, -0.009924, 0.05, 0.189874, 0.056133, 0.980203, 0.0, 0.0, 0.0, 0.0, 1.0]
            ]
        },
        {
            "name": "Chest",
            "time": [0.0, 0.15, 0.7333, 0.8167, 0.8833, 0.9667, 1.4667],
            "transform": [
                [0.999771, -0.021316, -0.002029, 0.0, 0.021411, 0.994316, 0.104295, 0.3, -0.000206, -0.104315, 0.994544, 0.0, 0.0, 0.0, 0.0, 1.0],
                [0.945553, 0.155516, -0.28591, -0.0, -0.088201, 0.968023, 0.234844, 0.3, 0.31329, -0.19684, 0.929034, 0.0, 0.0, 0.0, 0.0, 1.0],
                [0.927973, 0.183608, -0.324276, 1e-06, -0.100581, 0.961305, 0.256469, 0.3, 0.358818, -0.20538, 0.910532, -0.0, 0.0, 0.0, 0.0, 1.0],
                [0.982206, 0.132263, -0.133333, -0.0, -0.087522, 0.950502, 0.298136, 0.3, 0.166165, -0.281162, 0.945165, 0.0, 0.0, 0.0, 0.0, 1.0],
                [0.997806, -0.049203, -0.044306, -0.0, 0.051236, 0.997627, 0.045996, 0.3, 0.041938, -0.048165, 0.997959, 0.0, 0.0, 0.0, 0.0, 1.0],
                [0.983743, -0.144254, 0.106959, 0.0, 0.122423, 0.974457, 0.188269, 0.3, -0.131385, -0.172114, 0.976276, 0.0, 0.0, 0.0, 0.0, 1.0],
                [0.859438, -0.258438, 0.441109, -1e-06, 0.03634, 0.891519, 0.451524, 0.3, -0.509948, -0.372027, 0.775596, 1e-06, 0.0, 0.0, 0.0, 1.0]
            ]
        },
        {
            "name": "Head",
            "time": [0.0, 0.15, 0.7333, 0.8167, 0.9667, 1.4667],
            "transform": [
                [0.85311, 0.037721, 0.520365, -0.0, -0.006297, 0.998055, -0.062025, 0.4, -0.521692, 0.049637, 0.851689, -0.0, 0.0, 0.0, 0.0, 1.0],
                [0.85311, 0.037721, 0.520365, 0.0, -0.006297, 0.998055, -0.062025, 0.4, -0.521692, 0.049637, 0.851689, 0.0, 0.0, 0.0, 0.0, 1.0],
                [0.853111, 0.037721, 0.520365, 0.0, -0.006297, 0.998055, -0.062025, 0.4, -0.521692, 0.049637, 0.851688, -0.0, 0.0, 0.0, 0.0, 1.0],
                [0.986356, 0.118714, 0.114059, 0.0, -0.10933, 0.990339, -0.085299, 0.4, -0.123084, 0.071665, 0.989805, -0.0, 0.0, 0.0, 0.0, 1.0],
                [0.815353, 0.349987, -0.461203, -0.0, -0.307325, 0.93674, 0.167537, 0.4, 0.490663, 0.005137, 0.871334, -0.0, 0.0, 0.0, 0.0, 1.0],
                [0.76468, 0.211575, -0.608688, 0.0, -0.278768, 0.960218, -0.016446, 0.4, 0.580993, 0.182259, 0.793239, -0.0, 0.0, 0.0, 0.0, 1.0]
            ]
        },
        {
            "name": "Shoulder_R",
            "time": [0.0, 0.15, 0.7333, 0.8167, 0.9667, 1.4667],
            "transform": [
                [-0.241154, 0.935076, 0.259762, -0.0, 0.181931, -0.219358, 0.958532, 0.4, 0.953281, 0.278413, -0.11722, -0.0, 0.0, 0.0, 0.0, 1.0],
                [-0.349711, 0.933441, 0.079939, 0.0, -0.015281, -0.090999, 0.995734, 0.4, 0.936733, 0.346998, 0.046088, 0.0, 0.0, 0.0, 0.0, 1.0],
                [-0.362485, 0.930573, 0.051366, 0.0, -0.045989, -0.072907, 0.996278, 0.4, 0.930854, 0.358774, 0.069224, -0.0, 0.0, 0.0, 0.0, 1.0],
                [0.08663, 0.995049, 0.048699, 0.0, -0.073385, -0.042377, 0.996403, 0.4, 0.993534, -0.089892, 0.069351, -0.0, 0.0, 0.0, 0.0, 1.0],
                [0.738889, 0.642787, 0.202157, -0.0, -0.090325, -0.202822, 0.975041, 0.4, 0.667745, -0.738707, -0.091803, -0.0, 0.0, 0.0, 0.0, 1.0],
                [0.78491, 0.617477, 0.051366, 0.0, -0.083131, 0.022796, 0.996278, 0.4, 0.614007, -0.786259, 0.069224, -0.0, 0.0, 0.0, 0.0, 1.0]
            ]
        },
        {
            "name": "Arm_R",
            "time": [0.0, 0.15, 0.7333, 0.8167, 0.9, 0.9667, 1.4667],
            "transform": [
                [-0.560416, 0.299331, -0.772227, -0.0, 0.790217, -0.085917, -0.606775, 0.39386, -0.247974, -0.950273, -0.188387, 0.0, 0.0, 0.0, 0.0, 1.0],
                [-0.004228, 0.943984, -0.329965, -0.0, 0.317869, -0.311586, -0.895474, 0.39386, -0.948125, -0.108671, -0.298746, -0.0, 0.0, 0.0, 0.0, 1.0],
                [0.123277, 0.956291, -0.26516, 0.0, 0.237847, -0.287883, -0.92766, 0.393861, -0.963448, 0.051291, -0.262941, -0.0, 0.0, 0.0, 0.0, 1.0],
                [-0.719153, 0.252386, 0.647395, -0.0, 0.136862, 0.9649, -0.224133, 0.39386, -0.68124, -0.072582, -0.728453, -0.0, 0.0, 0.0, 0.0, 1.0],
                [0.036132, -0.288819, -0.956702, -0.0, -0.196881, 0.936507, -0.290158, 0.393861, 0.979761, 0.19884, -0.023025, 0.0, 0.0, 0.0, 0.0, 1.0],
                [-0.675508, -0.69021, 0.259421, 0.0, -0.110117, -0.253451, -0.96106, 0.39386, 0.729084, -0.677771, 0.095204, 0.0, 0.0, 0.0, 0.0, 1.0],
                [-0.519105, -0.798321, 0.305307, 0.0, -0.120154, -0.285497, -0.950818, 0.393861, 0.846222, -0.530259, 0.052281, -0.0, 0.0, 0.0, 0.0, 1.0]
            ]
        },
        {
            "name": "Hand_R",
            "time": [0.0, 0.15, 0.7333, 0.8167, 0.9, 0.9667, 1.4667],
            "transform": [
                [0.999998, -0.000405, 0.001778, 0.0, 0.000868, 0.963176, -0.268872, 0.3, -0.001603, 0.268873, 0.963174, -0.0, 0.0, 0.0, 0.0, 1.0],
                [0.999998, 0.000541, 0.001741, 0.0, 0.000868, 0.698622, -0.715491, 0.3, -0.001603, 0.715491, 0.69862, -0.0, 0.0, 0.0, 0.0, 1.0],
                [0.999998, 0.000674, 0.001694, -0.0, 0.000868, 0.640985, -0.767553, 0.3, -0.001603, 0.767554, 0.640983, 0.0, 0.0, 0.0, 0.0, 1.0],
                [0.999998, 0.000104, 0.00182, -0.0, 0.000868, 0.850663, -0.52571, 0.3, -0.001603, 0.525711, 0.850662, 0.0, 0.0, 0.0, 0.0, 1.0],
                [0.999998, 0.001061, 0.001483, 0.0, 0.000868, 0.438189, -0.898882, 0.3, -0.001603, 0.898882, 0.438188, 0.0, 0.0, 0.0, 0.0, 1.0],
                [0.999998, -0.00076, 0.001657, -0.0, 0.000868, 0.997795, -0.066363, 0.3, -0.001603, 0.066364, 0.997794, 0.0, 0.0, 0.0, 0.0, 1.0],
                [0.999998, -0.000891, 0.001591, -0.0, 0.000868, 0.999898, 0.014237, 0.300001, -0.001603, -0.014235, 0.999897, 0.0, 0.0, 0.0, 0.0, 1.0]
            ]
        },
        {
            "name": "Tool_R",
            "time": [0.0, 0.15, 0.7333, 0.8167, 0.9, 0.9667, 1.4667],
            "transform": [
                [-0.223607, 0.459996, -0.859304, -0.767855, 0.205203, -0.83965, -0.502873, -0.098952, -0.952267, -0.288615, 0.093298, 0.138215, 0.0, 0.0, 0.0, 1.0],
                [0.351245, -0.248079, -0.90282, -0.277107, -0.166482, -0.965441, 0.200516, 0.312695, -0.92082, 0.079815, -0.380179, -0.077423, 0.0, 0.0, 0.0, 1.0],
                [0.39865, -0.361347, -0.842916, -0.203679, -0.248776, -0.927253, 0.279844, 0.374288, -0.882197, 0.09807, -0.459268, -0.109688, 0.0, 0.0, 0.0, 1.0],
                [0.988767, -0.14907, -0.010861, 0.036975, -0.130609, -0.82641, -0.547712, 0.285133, 0.072627, 0.542647, -0.836107, -0.025929, 0.0, 0.0, 0.0, 1.0],
                [-0.81898, -0.153915, -0.552795, -0.020767, 0.500045, -0.663976, -0.555959, 0.290012, -0.2813, -0.731315, 0.620374, -0.001234, 0.0, 0.0, 0.0, 1.0],
                [-0.810815, 0.559507, -0.171844, -0.020767, 0.424815, 0.36059, -0.830365, 0.290013, -0.402387, -0.745829, -0.529754, -0.001234, 0.0, 0.0, 0.0, 1.0],
                [-0.818869, 0.516341, -0.250689, -0.020767, 0.500154, 0.427613, -0.752989, 0.290012, -0.281429, -0.741539, -0.608057, -0.001235, 0.0, 0.0, 0.0, 1.0]
            ]
        },
        {
            "name": "Elbow_R",
            "time": [0.0, 0.15, 0.7333, 0.8167, 0.9667, 1.4667],
            "transform": [
                [-1.0, 0.0, 0.0, 0.0, -0.0, -0.0, -1.0, 0.341622, -0.0, -1.0, 0.0, -0.0, 0.0, 0.0, 0.0, 1.0],
                [-1.0, 0.0, -0.0, 0.0, -0.0, -0.0, -1.0, 0.341622, -0.0, -1.0, 0.0, -0.0, 0.0, 0.0, 0.0, 1.0],
                [-1.0, 0.0, -0.0, -0.0, 0.0, -0.0, -1.0, 0.341622, -0.0, -1.0, 0.0, 0.0, 0.0, 0.0, 0.0, 1.0],
                [-1.0, 0.0, -0.0, -0.0, 0.0, -0.0, -1.0, 0.341622, -0.0, -1.0, 0.0, 0.0, 0.0, 0.0, 0.0, 1.0],
                [-1.0, 0.0, -0.0, -0.0, 0.0, 0.0, -1.0, 0.341622, -0.0, -1.0, 0.0, 0.0, 0.0, 0.0, 0.0, 1.0],
                [-1.0, 0.0, -0.0, 0.0, 0.0, -0.0, -1.0, 0.341623, -0.0, -1.0, 0.0, 0.0, 0.0, 0.0, 0.0, 1.0]
            ]
        },
        {
            "name": "Shoulder_L",
            "time": [0.0, 0.15, 0.7333, 0.8167, 0.9, 0.9667, 1.4667],
            "transform": [
                [-0.226937, -0.947819, -0.223918, -0.0, -0.021067, -0.225085, 0.974111, 0.4, -0.973681, 0.225779, 0.031113, -0.0, 0.0, 0.0, 0.0, 1.0],
                [-0.226937, -0.947819, -0.223918, 0.0, -0.021067, -0.225085, 0.974111, 0.4, -0.973681, 0.225779, 0.031113, 0.0, 0.0, 0.0, 0.0, 1.0],
                [-0.226937, -0.947819, -0.223918, 0.0, -0.021067, -0.225085, 0.974111, 0.4, -0.973681, 0.225779, 0.031113, -0.0, 0.0, 0.0, 0.0, 1.0],
                [-0.226937, -0.947819, -0.223918, 0.0, -0.021067, -0.225085, 0.974111, 0.4, -0.973681, 0.225779, 0.031113, -0.0, 0.0, 0.0, 0.0, 1.0],
                [0.731509, -0.644016, -0.223918, -0.0, 0.189074, -0.123928, 0.974111, 0.4, -0.655092, -0.754908, 0.031113, 0.0, 0.0, 0.0, 0.0, 1.0],
                [-0.226937, -0.947819, -0.223918, -0.0, -0.021067, -0.225085, 0.974111, 0.4, -0.973681, 0.225779, 0.031113, -0.0, 0.0, 0.0, 0.0, 1.0],
                [-0.226937, -0.947819, -0.223918, 0.0, -0.021067, -0.225085, 0.974111, 0.4, -0.973682, 0.225779, 0.031113, -0.0, 0.0, 0.0, 0.0, 1.0]
            ]
        },
        {
            "name": "Arm_L",
            "time": [0.0, 0.1, 0.15, 0.7333, 0.8167, 0.9, 0.9667, 1.4667],
            "transform": [
                [0.028967, 0.056681, 0.997972, 0.0, -0.931842, 0.362807, 0.006442, 0.39386, -0.361707, -0.930138, 0.063327, -0.0, 0.0, 0.0, 0.0, 1.0],
                [0.230718, 0.731705, 0.641387, 0.0, -0.834592, 0.487692, -0.25615, 0.39386, -0.500226, -0.476198, 0.723194, 0.0, 0.0, 0.0, 0.0, 1.0],
                [0.173067, 0.489221, 0.854816, -0.0, -0.822459, 0.549276, -0.147841, 0.39386, -0.541857, -0.677464, 0.497426, -0.0, 0.0, 0.0, 0.0, 1.0],
                [0.054412, 0.672005, 0.738545, 0.0, -0.905155, 0.34548, -0.247666, 0.393861, -0.421585, -0.655021, 0.627067, 0.0, 0.0, 0.0, 0.0, 1.0],
                [-0.066556, 0.757528, 0.6494, -0.0, -0.939017, 0.172507, -0.297469, 0.39386, -0.337368, -0.629596, 0.699851, -0.0, 0.0, 0.0, 0.0, 1.0],
                [-0.18158, 0.961814, 0.204799, -0.0, -0.945764, -0.113759, -0.304284, 0.39386, -0.269367, -0.248944, 0.930305, 0.0, 0.0, 0.0, 0.0, 1.0],
                [-0.21806, 0.811041, 0.542828, -0.0, -0.943487, -0.032957, -0.329767, 0.39386, -0.249564, -0.58406, 0.772393, 0.0, 0.0, 0.0, 0.0, 1.0],
                [-0.238028, 0.814715, 0.528755, 0.0, -0.941386, -0.059543, -0.332036, 0.393861, -0.239031, -0.576796, 0.781134, 0.0, 0.0, 0.0, 0.0, 1.0]
            ]
        },
        {
            "name": "Hand_L",
            "time": [0.0, 0.15, 0.7333, 0.8167, 0.9667, 1.4667],
            "transform": [
                [0.999993, -0.001541, -0.00347, 0.0, 0.000938, 0.985901, -0.167329, 0.3, 0.003679, 0.167324, 0.985895, 0.0, 0.0, 0.0, 0.0, 1.0],
                [0.999993, -0.001541, -0.00347, -0.0, 0.000938, 0.985901, -0.167329, 0.3, 0.003679, 0.167324, 0.985895, -0.0, 0.0, 0.0, 0.0, 1.0],
                [0.999993, -0.001541, -0.00347, -0.0, 0.000938, 0.985901, -0.167329, 0.3, 0.003679, 0.167324, 0.985895, -0.0, 0.0, 0.0, 0.0, 1.0],
                [0.999993, -0.001541, -0.00347, -0.0, 0.000938, 0.985901, -0.167329, 0.3, 0.003679, 0.167324, 0.985895, -0.0, 0.0, 0.0, 0.0, 1.0],
                [0.999993, -0.001541, -0.00347, 0.0, 0.000938, 0.985901, -0.167329, 0.3, 0.003679, 0.167324, 0.985895, -0.0, 0.0, 0.0, 0.0, 1.0],
                [0.999993, -0.001541, -0.00347, -0.0, 0.000938, 0.985901, -0.167329, 0.3, 0.003679, 0.167324, 0.985895, -0.0, 0.0, 0.0, 0.0, 1.0]
            ]
        },
        {
            "name": "Tool_L",
            "time": [0.0, 0.15, 0.7333, 0.8167, 0.9667, 1.4667],
            "transform": [
                [0.997006, -0.039439, -0.066512, -0.0, -0.036629, -0.998405, 0.042952, 0.272858, -0.068061, -0.040374, -0.996274, -0.0, 0.0, 0.0, 0.0, 1.0],
                [0.997006, -0.039439, -0.066512, 0.0, -0.036629, -0.998405, 0.042952, 0.272858, -0.068061, -0.040374, -0.996274, -0.0, 0.0, 0.0, 0.0, 1.0],
                [0.997006, -0.039439, -0.066512, -0.0, -0.036629, -0.998406, 0.042952, 0.272858, -0.068061, -0.040374, -0.996274, -0.0, 0.0, 0.0, 0.0, 1.0],
                [0.997006, -0.039439, -0.066512, 0.0, -0.036629, -0.998405, 0.042952, 0.272858, -0.068061, -0.040374, -0.996274, -0.0, 0.0, 0.0, 0.0, 1.0],
                [0.997006, -0.039439, -0.066512, -0.0, -0.036629, -0.998405, 0.042952, 0.272858, -0.068061, -0.040374, -0.996274, 0.0, 0.0, 0.0, 0.0, 1.0],
                [0.997006, -0.039439, -0.066512, -0.0, -0.036629, -0.998405, 0.042952, 0.272858, -0.068061, -0.040374, -0.996274, -0.0, 0.0, 0.0, 0.0, 1.0]
            ]
        },
        {
            "name": "Elbow_L",
            "time": [0.0, 0.15, 0.7333, 0.8167, 0.9667, 1.4667],
            "transform": [
                [-1.0, 0.0, -0.0, 2.7e-05, 0.0, -0.0, -1.0, 0.334301, -0.0, -1.0, -0.0, -0.002121, 0.0, 0.0, 0.0, 1.0],
                [-1.0, 0.0, -0.0, 2.7e-05, 0.0, -0.0, -1.0, 0.334301, -0.0, -1.0, -0.0, -0.002121, 0.0, 0.0, 0.0, 1.0],
                [-1.0, 0.0, -0.0, 2.7e-05, 0.0, -0.0, -1.0, 0.334301, -0.0, -1.0, -0.0, -0.002121, 0.0, 0.0, 0.0, 1.0],
                [-1.0, 0.0, -0.0, 2.7e-05, 0.0, -0.0, -1.0, 0.334302, -0.0, -1.0, -0.0, -0.002121, 0.0, 0.0, 0.0, 1.0],
                [-1.0, 0.0, -0.0, 2.7e-05, 0.0, -0.0, -1.0, 0.334301, -0.0, -1.0, -0.0, -0.00212, 0.0, 0.0, 0.0, 1.0],
                [-1.0, 0.0, -0.0, 2.7e-05, 0.0, -0.0, -1.0, 0.334302, -0.0, -1.0, -0.0, -0.002121, 0.0, 0.0, 0.0, 1.0]
            ]
        }
    ]
}