{
    "animation": [
        {
            "name": "Root",
            "time": [0.0, 0.2333, 0.5167],
            "transform": [
                [-0.416425, 0.316922, -0.852145, -5e-06, -0.907856, -0.094566, 0.40848, 0.040471, 0.048872, 0.943726, 0.327099, 0.502889, 0.0, 0.0, 0.0, 1.0],
                [0.967135, -0.109738, 0.229362, 0.030179, 0.240403, 0.100904, -0.965414, 0.136787, 0.082799, 0.988826, 0.123969, 0.743849, 0.0, 0.0, 0.0, 1.0],
                [0.854339, 0.028643, -0.518927, -5e-06, -0.51914, 0.0, -0.854689, 0.226126, -0.024481, 0.99959, 0.01487, 0.753683, 0.0, 0.0, 0.0, 1.0]
            ]
        },
        {
            "name": "Thigh_R",
            "time": [0.0, 0.1, 0.2333, 0.5167],
            "transform": [
                [0.491533, 0.790598, 0.365168, 0.124994, -0.126644, -0.349968, 0.928161, -0.002831, 0.861601, -0.502467, -0.071897, -1.2e-05, 0.0, 0.0, 0.0, 1.0],
                [0.766796, 0.185163, 0.614604, 0.124994, -0.30419, -0.738322, 0.601952, -0.002831, 0.565236, -0.648529, -0.50982, -1.2e-05, 0.0, 0.0, 0.0, 1.0],
                [0.995296, -0.057573, -0.07791, 0.124994, -0.034536, -0.96227, 0.269886, -0.002831, -0.090509, -0.265925, -0.959735, -1.2e-05, 0.0, 0.0, 0.0, 1.0],
                [0.842726, 0.11785, 0.525284, 0.124994, 0.079929, -0.992318, 0.094402, -0.002831, 0.532375, -0.037569, -0.845675, -1.2e-05, 0.0, 0.0, 0.0, 1.0]
            ]
        },
        {
            "name": "Leg_R",
            "time": [0.0, 0.1, 0.2333, 0.5167],
            "transform": [
                [1.0, -1e-06, 1e-06, -0.0, 0.0, 0.764244, 0.644928, 0.37472, -1e-06, -0.644929, 0.764242, -0.0, 0.0, 0.0, 0.0, 1.0],
                [1.0, -1e-06, 0.0, -0.0, 0.0, 0.426792, 0.904349, 0.37472, -1e-06, -0.904351, 0.426791, -0.0, 0.0, 0.0, 0.0, 1.0],
                [1.0, -0.0, 1e-06, 0.0, 0.0, 0.946272, 0.323375, 0.37472, -1e-06, -0.323375, 0.94627, 0.0, 0.0, 0.0, 0.0, 1.0],
                [1.0, -0.0, 1e-06, 0.0, 0.0, 0.997612, 0.069073, 0.37472, -1e-06, -0.069073, 0.997611, 0.0, 0.0, 0.0, 0.0, 1.0]
            ]
        },
        {
            "name": "Knee_R",
            "time": [0.0, 0.5167],
            "transform": [
                [1.0, 0.0, -0.0, -0.0, -0.0, 1e-06, -1.0, 0.37472, -0.0, 1.0, 1e-06, -0.0, 0.0, 0.0, 0.0, 1.0],
                [1.0, 0.0, -0.0, 0.0, -0.0, 1e-06, -1.0, 0.37472, -0.0, 1.0, 1e-06, 0.0, 0.0, 0.0, 0.0, 1.0]
            ]
        },
        {
            "name": "Thigh_L",
            "time": [0.0, 0.1, 0.2333, 0.5167],
            "transform": [
                [0.419053, -0.867716, -0.267328, -0.125006, -0.683273, -0.495269, 0.536512, -0.002831, -0.597939, -0.042169, -0.800431, -1.2e-05, 0.0, 0.0, 0.0, 1.0],
                [0.696209, -0.688948, -0.201602, -0.125006, -0.47652, -0.653603, 0.58799, -0.002831, -0.536861, -0.313296, -0.783342, -1.2e-05, 0.0, 0.0, 0.0, 1.0],
                [0.899989, -0.407024, 0.156044, -0.125006, -0.426881, -0.75046, 0.504561, -0.002831, -0.088264, -0.520712, -0.849157, -1.2e-05, 0.0, 0.0, 0.0, 1.0],
                [0.869242, -0.05516, -0.491298, -0.125006, -0.021407, -0.997024, 0.074063, -0.002831, -0.493921, -0.053862, -0.867836, -1.2e-05, 0.0, 0.0, 0.0, 1.0]
            ]
        },
        {
            "name": "Leg_L",
            "time": [0.0, 0.2333, 0.5167],
            "transform": [
                [0.999989, -0.002843, -0.003692, -0.0, 0.003782, 0.95804, 0.286609, 0.37472, 0.002723, -0.286619, 0.958041, 0.0, 0.0, 0.0, 0.0, 1.0],
                [0.999989, 0.000515, -0.004638, 0.0, 0.003788, 0.491053, 0.871122, 0.37472, 0.002726, -0.871129, 0.491046, 0.0, 0.0, 0.0, 0.0, 1.0],
                [0.999989, -0.003785, -0.002718, 0.0, 0.003782, 0.999992, -0.001196, 0.37472, 0.002722, 0.001185, 0.999996, 0.0, 0.0, 0.0, 0.0, 1.0]
            ]
        },
        {
            "name": "Knee_L",
            "time": [0.0, 0.5167],
            "transform": [
                [1.0, 0.0, -0.0, -0.0, -0.0, 1e-06, -1.0, 0.37472, -0.0, 1.0, 1e-06, 0.0, 0.0, 0.0, 0.0, 1.0],
                [1.0, 0.0, -0.0, 0.0, -0.0, 1e-06, -1.0, 0.37472, -0.0, 1.0, 1e-06, 0.0, 0.0, 0.0, 0.0, 1.0]
            ]
        },
        {
            "name": "Torso",
            "time": [0.0, 0.2333, 0.5167],
            "transform": [
                [0.953014, 0.229478, -0.197749, -0.0, -0.236035, 0.971694, -0.009924, 0.05, 0.189874, 0.056133, 0.980202, -0.0, 0.0, 0.0, 0.0, 1.0],
                [0.990382, 0.085719, -0.108607, 0.0, -0.096934, 0.989991, -0.102576, 0.05, 0.098727, 0.112117, 0.988778, 0.0, 0.0, 0.0, 0.0, 1.0],
                [0.999042, -0.043673, -0.002705, -0.0, 0.04367, 0.999045, -0.001423, 0.05, 0.002765, 0.001304, 0.999995, -0.0, 0.0, 0.0, 0.0, 1.0]
            ]
        },
        {
            "name": "Chest",
            "time": [0.0, 0.2333, 0.5167],
            "transform": [
                [0.859438, -0.258438, 0.441109, 0.0, 0.03634, 0.891519, 0.451524, 0.3, -0.509948, -0.372027, 0.775596, 0.0, 0.0, 0.0, 0.0, 1.0],
                [0.785694, -0.168411, 0.59525, 0.0, -0.14685, 0.883949, 0.443924, 0.3, -0.600932, -0.436201, 0.669783, 0.0, 0.0, 0.0, 0.0, 1.0],
                [0.999771, -0.021316, -0.002029, 0.0, 0.021411, 0.994316, 0.104295, 0.3, -0.000206, -0.104315, 0.994544, -0.0, 0.0, 0.0, 0.0, 1.0]
            ]
        },
        {
            "name": "Head",
            "time": [0.0, 0.5167],
            "transform": [
                [0.76468, 0.211575, -0.608688, -0.0, -0.278768, 0.960218, -0.016446, 0.4, 0.580993, 0.182259, 0.793239, 0.0, 0.0, 0.0, 0.0, 1.0],
                [0.85311, 0.037721, 0.520365, -0.0, -0.006297, 0.998055, -0.062025, 0.4, -0.521692, 0.049637, 0.851689, -0.0, 0.0, 0.0, 0.0, 1.0]
            ]
        },
        {
            "name": "Shoulder_R",
            "time": [0.0, 0.5167],
            "transform": [
                [0.78491, 0.617477, 0.051366, -0.0, -0.083131, 0.022796, 0.996278, 0.4, 0.614007, -0.786259, 0.069224, 0.0, 0.0, 0.0, 0.0, 1.0],
                [-0.241154, 0.935076, 0.259762, -0.0, 0.181931, -0.219358, 0.958532, 0.4, 0.953281, 0.278413, -0.11722, -0.0, 0.0, 0.0, 0.0, 1.0]
            ]
        },
        {
            "name": "Arm_R",
            "time": [0.0, 0.2333, 0.5167],
            "transform": [
                [-0.519105, -0.798321, 0.305307, 0.0, -0.120154, -0.285497, -0.950818, 0.393861, 0.846222, -0.530259, 0.052281, -0.0, 0.0, 0.0, 0.0, 1.0],
                [-0.657413, -0.22023, -0.72063, -0.0, 0.533892, 0.538744, -0.651701, 0.39386, 0.53176, -0.813175, -0.236598, 0.0, 0.0, 0.0, 0.0, 1.0],
                [-0.560416, 0.299331, -0.772227, -0.0, 0.790217, -0.085917, -0.606775, 0.39386, -0.247974, -0.950273, -0.188387, 0.0, 0.0, 0.0, 0.0, 1.0]
            ]
        },
        {
            "name": "Hand_R",
            "time": [0.0, 0.5167],
            "transform": [
                [0.999998, -0.000891, 0.001591, 0.0, 0.000868, 0.999898, 0.014237, 0.3, -0.001603, -0.014235, 0.999897, -0.0, 0.0, 0.0, 0.0, 1.0],
                [0.999998, -0.000405, 0.001778, 0.0, 0.000868, 0.963176, -0.268872, 0.3, -0.001603, 0.268873, 0.963174, -0.0, 0.0, 0.0, 0.0, 1.0]
            ]
        },
        {
            "name": "Tool_R",
            "time": [0.0, 0.2333, 0.5167],
            "transform": [
                [-0.818869, 0.516341, -0.250689, -0.020767, 0.500154, 0.427613, -0.752989, 0.290012, -0.281429, -0.741539, -0.608057, -0.001234, 0.0, 0.0, 0.0, 1.0],
                [-0.532831, -0.554079, -0.6396, -0.772548, -0.815135, 0.133082, 0.563777, -0.004774, -0.227132, 0.821273, -0.522244, 0.818218, 0.0, 0.0, 0.0, 1.0],
                [-0.223607, 0.459996, -0.859304, -0.767855, 0.205203, -0.83965, -0.502873, -0.098952, -0.952267, -0.288615, 0.093298, 0.138215, 0.0, 0.0, 0.0, 1.0]
            ]
        },
        {
            "name": "Elbow_R",
            "time": [0.0, 0.5167],
            "transform": [
                [-1.0, 0.0, -0.0, 0.0, 0.0, -0.0, -1.0, 0.341622, -0.0, -1.0, 0.0, -0.0, 0.0, 0.0, 0.0, 1.0],
                [-1.0, 0.0, 0.0, 0.0, -0.0, -0.0, -1.0, 0.341622, -0.0, -1.0, 0.0, -0.0, 0.0, 0.0, 0.0, 1.0]
            ]
        },
        {
            "name": "Shoulder_L",
            "time": [0.0, 0.5167],
            "transform": [
                [-0.226937, -0.947819, -0.223918, -0.0, -0.021067, -0.225085, 0.974111, 0.4, -0.973681, 0.225779, 0.031113, 0.0, 0.0, 0.0, 0.0, 1.0],
                [-0.226937, -0.947819, -0.223918, -0.0, -0.021067, -0.225085, 0.974111, 0.4, -0.973681, 0.225779, 0.031113, -0.0, 0.0, 0.0, 0.0, 1.0]
            ]
        },
        {
            "name": "Arm_L",
            "time": [0.0, 0.2333, 0.5167],
            "transform": [
                [-0.238028, 0.814715, 0.528755, -0.0, -0.941386, -0.059543, -0.332036, 0.39386, -0.239031, -0.576796, 0.781134, -0.0, 0.0, 0.0, 0.0, 1.0],
                [0.262526, 0.434561, 0.861532, -0.0, -0.778695, 0.622684, -0.076801, 0.39386, -0.569837, -0.650708, 0.501861, 0.0, 0.0, 0.0, 0.0, 1.0],
                [0.028967, 0.056681, 0.997972, -0.0, -0.931842, 0.362807, 0.006442, 0.39386, -0.361707, -0.930138, 0.063327, -0.0, 0.0, 0.0, 0.0, 1.0]
            ]
        },
        {
            "name": "Hand_L",
            "time": [0.0, 0.5167],
            "transform": [
                [0.999993, -0.001541, -0.00347, -0.0, 0.000938, 0.985901, -0.167329, 0.3, 0.003679, 0.167324, 0.985895, 0.0, 0.0, 0.0, 0.0, 1.0],
                [0.999993, -0.001541, -0.00347, -0.0, 0.000938, 0.985901, -0.167329, 0.3, 0.003679, 0.167324, 0.985895, 0.0, 0.0, 0.0, 0.0, 1.0]
            ]
        },
        {
            "name": "Tool_L",
            "time": [0.0, 0.5167],
            "transform": [
                [0.997006, -0.039439, -0.066512, 0.0, -0.036629, -0.998405, 0.042952, 0.272858, -0.068061, -0.040374, -0.996274, -0.0, 0.0, 0.0, 0.0, 1.0],
                [0.997006, -0.039439, -0.066512, -0.0, -0.036629, -0.998405, 0.042952, 0.272858, -0.068061, -0.040374, -0.996274, -0.0, 0.0, 0.0, 0.0, 1.0]
            ]
        },
        {
            "name": "Elbow_L",
            "time": [0.0, 0.5167],
            "transform": [
                [-1.0, 0.0, -0.0, 2.7e-05, 0.0, -0.0, -1.0, 0.334301, -0.0, -1.0, -0.0, -0.002121, 0.0, 0.0, 0.0, 1.0],
                [-1.0, 0.0, -0.0, 2.7e-05, 0.0, -0.0, -1.0, 0.334301, -0.0, -1.0, -0.0, -0.002121, 0.0, 0.0, 0.0, 1.0]
            ]
        }
    ]
}