{
    "animation": [
        {
            "name": "Root",
            "time": [0.0, 1.3167, 2.6667],
            "transform": [
                [1.0, 0.0, 0.0, -5e-06, 0.0, 0.107984, -0.994153, 0.000946, 0.0, 0.994153, 0.107984, 0.465974, 0.0, 0.0, 0.0, 1.0],
                [0.999995, -0.000519, 0.003279, -5e-06, 0.003319, 0.128113, -0.991754, 0.000946, 9.4e-05, 0.991759, 0.128114, 0.465974, 0.0, 0.0, 0.0, 1.0],
                [1.0, 0.0, 0.0, -5e-06, 0.0, 0.107984, -0.994153, 0.000946, 0.0, 0.994153, 0.107984, 0.465974, 0.0, 0.0, 0.0, 1.0]
            ]
        },
        {
            "name": "Thigh_R",
            "time": [0.0, 1.3167, 2.6667],
            "transform": [
                [1.0, -1e-06, 0.0, 0.124994, -0.0, -0.970762, -0.240036, -0.002831, 0.0, 0.240036, -0.970764, -1.2e-05, 0.0, 0.0, 0.0, 1.0],
                [1.0, -1e-06, 0.0, 0.124994, -0.0, -0.972854, -0.231411, -0.002831, 0.0, 0.231411, -0.972856, -1.2e-05, 0.0, 0.0, 0.0, 1.0],
                [1.0, -1e-06, 0.0, 0.124994, -0.0, -0.970762, -0.240036, -0.002831, 0.0, 0.240036, -0.970764, -1.2e-05, 0.0, 0.0, 0.0, 1.0]
            ]
        },
        {
            "name": "Leg_R",
            "time": [0.0, 1.3167, 2.6667],
            "transform": [
                [1.0, 0.0, 1e-06, 0.0, -1e-06, 0.33383, 0.942633, 0.37472, 0.0, -0.942634, 0.333829, 0.0, 0.0, 0.0, 0.0, 1.0],
                [1.0, 0.0, 1e-06, 0.0, -1e-06, 0.347183, 0.937797, 0.37472, 0.0, -0.937798, 0.347183, -0.0, 0.0, 0.0, 0.0, 1.0],
                [1.0, 0.0, 1e-06, 0.0, -1e-06, 0.33383, 0.942633, 0.37472, 0.0, -0.942634, 0.333829, 0.0, 0.0, 0.0, 0.0, 1.0]
            ]
        },
        {
            "name": "Knee_R",
            "time": [0.0, 2.6667],
            "transform": [
                [1.0, -0.0, -0.0, 0.0, -0.0, -0.42371, -0.905798, 0.486932, 0.0, 0.905798, -0.42371, -0.001311, 0.0, 0.0, 0.0, 1.0],
                [1.0, -0.0, -0.0, 0.0, -0.0, -0.42371, -0.905798, 0.486932, 0.0, 0.905798, -0.42371, -0.001311, 0.0, 0.0, 0.0, 1.0]
            ]
        },
        {
            "name": "Thigh_L",
            "time": [0.0, 1.3167, 2.6667],
            "transform": [
                [0.999999, -0.0, 0.0, -0.125006, 0.0, -0.089283, 0.996006, -0.002831, -0.0, -0.996006, -0.089284, -1.2e-05, 0.0, 0.0, 0.0, 1.0],
                [0.999999, -0.0, 0.0, -0.125006, 0.0, -0.048002, 0.998847, -0.002831, -0.0, -0.998847, -0.048002, -1.2e-05, 0.0, 0.0, 0.0, 1.0],
                [0.999999, -0.0, 0.0, -0.125006, 0.0, -0.089283, 0.996006, -0.002831, -0.0, -0.996006, -0.089284, -1.2e-05, 0.0, 0.0, 0.0, 1.0]
            ]
        },
        {
            "name": "Leg_L",
            "time": [0.0, 1.3167, 2.6667],
            "transform": [
                [1.0, 0.0, 1e-06, 0.0, -1e-06, 0.282364, 0.959308, 0.37472, -0.0, -0.959307, 0.282364, -0.0, 0.0, 0.0, 0.0, 1.0],
                [1.0, 0.0, 1e-06, -0.0, -1e-06, 0.232186, 0.972672, 0.37472, -0.0, -0.972671, 0.232186, 0.0, 0.0, 0.0, 0.0, 1.0],
                [1.0, 0.0, 1e-06, 0.0, -1e-06, 0.282364, 0.959308, 0.37472, -0.0, -0.959307, 0.282364, -0.0, 0.0, 0.0, 0.0, 1.0]
            ]
        },
        {
            "name": "Knee_L",
            "time": [0.0, 2.6667],
            "transform": [
                [1.0, 0.0, -0.0, 0.0, -0.0, -0.266522, -0.963829, 0.459884, -0.0, 0.963829, -0.266522, -0.004006, 0.0, 0.0, 0.0, 1.0],
                [1.0, 0.0, -0.0, 0.0, -0.0, -0.266522, -0.963829, 0.459884, -0.0, 0.963829, -0.266522, -0.004006, 0.0, 0.0, 0.0, 1.0]
            ]
        },
        {
            "name": "Torso",
            "time": [0.0, 1.3167, 2.6667],
            "transform": [
                [1.0, 0.0, 0.0, 0.0, 0.0, 0.99823, -0.059478, 0.05, 0.0, 0.059478, 0.99823, -0.0, 0.0, 0.0, 0.0, 1.0],
                [1.0, 0.0, -0.0, -0.0, 0.0, 0.999864, -0.016492, 0.05, -0.0, 0.016492, 0.999864, -0.0, 0.0, 0.0, 0.0, 1.0],
                [1.0, 0.0, 0.0, 0.0, 0.0, 0.99823, -0.059478, 0.05, 0.0, 0.059478, 0.99823, -0.0, 0.0, 0.0, 0.0, 1.0]
            ]
        },
        {
            "name": "Chest",
            "time": [0.0, 2.6667],
            "transform": [
                [1.0, 0.0, 0.0, 0.0, 0.0, 0.857411, 0.514632, 0.3, 0.0, -0.514632, 0.857411, 0.0, 0.0, 0.0, 0.0, 1.0],
                [1.0, 0.0, 0.0, 0.0, 0.0, 0.857411, 0.514632, 0.3, 0.0, -0.514632, 0.857411, 0.0, 0.0, 0.0, 0.0, 1.0]
            ]
        },
        {
            "name": "Head",
            "time": [0.0, 2.6667],
            "transform": [
                [1.0, 0.0, 0.0, -0.0, 0.0, 0.906204, -0.422842, 0.4, 0.0, 0.422842, 0.906203, 0.0, 0.0, 0.0, 0.0, 1.0],
                [1.0, 0.0, 0.0, -0.0, 0.0, 0.906204, -0.422842, 0.4, 0.0, 0.422842, 0.906203, 0.0, 0.0, 0.0, 0.0, 1.0]
            ]
        },
        {
            "name": "Shoulder_R",
            "time": [0.0, 2.6667],
            "transform": [
                [0.0, 0.952114, 0.305743, -0.0, -0.0, -0.305743, 0.952114, 0.4, 1.0, -0.0, 0.0, 0.0, 0.0, 0.0, 0.0, 1.0],
                [0.0, 0.952114, 0.305743, -0.0, -0.0, -0.305743, 0.952114, 0.4, 1.0, -0.0, 0.0, 0.0, 0.0, 0.0, 0.0, 1.0]
            ]
        },
        {
            "name": "Arm_R",
            "time": [0.0, 1.3167, 2.6667],
            "transform": [
                [-0.509841, 0.379114, -0.772227, 0.0, 0.768744, -0.202131, -0.606775, 0.39386, -0.386128, -0.903003, -0.188387, 0.0, 0.0, 0.0, 0.0, 1.0],
                [-0.509841, 0.447365, -0.734797, -0.0, 0.768744, -0.146457, -0.622562, 0.39386, -0.386128, -0.882278, -0.26924, -0.0, 0.0, 0.0, 0.0, 1.0],
                [-0.509841, 0.379114, -0.772227, 0.0, 0.768744, -0.202131, -0.606775, 0.39386, -0.386128, -0.903003, -0.188387, 0.0, 0.0, 0.0, 0.0, 1.0]
            ]
        },
        {
            "name": "Hand_R",
            "time": [0.0, 2.6667],
            "transform": [
                [0.999998, -0.000405, 0.001778, 0.0, 0.000868, 0.963176, -0.268872, 0.3, -0.001603, 0.268873, 0.963174, 0.0, 0.0, 0.0, 0.0, 1.0],
                [0.999998, -0.000405, 0.001778, 0.0, 0.000868, 0.963176, -0.268872, 0.3, -0.001603, 0.268873, 0.963174, 0.0, 0.0, 0.0, 0.0, 1.0]
            ]
        },
        {
            "name": "Tool_R",
            "time": [0.0, 2.6667],
            "transform": [
                [-0.223631, 0.268755, -0.936888, -0.876402, 0.205175, -0.926713, -0.314811, 0.010985, -0.952268, -0.262482, 0.152006, 0.223863, 0.0, 0.0, 0.0, 1.0],
                [-0.223631, 0.268755, -0.936888, -0.876402, 0.205175, -0.926713, -0.314811, 0.010985, -0.952268, -0.262482, 0.152006, 0.223863, 0.0, 0.0, 0.0, 1.0]
            ]
        },
        {
            "name": "Elbow_R",
            "time": [0.0, 2.6667],
            "transform": [
                [-1.0, 0.0, -0.0, 0.0, 0.0, -0.0, -1.0, 0.3, -0.0, -1.0, 0.0, 0.0, 0.0, 0.0, 0.0, 1.0],
                [-1.0, 0.0, -0.0, 0.0, 0.0, -0.0, -1.0, 0.3, -0.0, -1.0, 0.0, 0.0, 0.0, 0.0, 0.0, 1.0]
            ]
        },
        {
            "name": "Shoulder_L",
            "time": [0.0, 2.6667],
            "transform": [
                [0.333884, -0.907681, -0.254238, -0.0, -0.006095, -0.27179, 0.962337, 0.4, -0.942594, -0.319759, -0.096279, 0.0, 0.0, 0.0, 0.0, 1.0],
                [0.333884, -0.907681, -0.254238, -0.0, -0.006095, -0.27179, 0.962337, 0.4, -0.942594, -0.319759, -0.096279, 0.0, 0.0, 0.0, 0.0, 1.0]
            ]
        },
        {
            "name": "Arm_L",
            "time": [0.0, 1.3167, 2.6667],
            "transform": [
                [-0.601902, 0.602493, 0.524134, 0.0, -0.357493, 0.383609, -0.851494, 0.39386, -0.714082, -0.69989, -0.015508, -0.0, 0.0, 0.0, 0.0, 1.0],
                [-0.521533, 0.691534, 0.499783, 0.0, -0.274957, 0.41829, -0.865698, 0.39386, -0.807714, -0.588909, -0.02801, -0.0, 0.0, 0.0, 0.0, 1.0],
                [-0.601902, 0.602493, 0.524134, 0.0, -0.357493, 0.383609, -0.851494, 0.39386, -0.714082, -0.69989, -0.015508, -0.0, 0.0, 0.0, 0.0, 1.0]
            ]
        },
        {
            "name": "Hand_L",
            "time": [0.0, 2.6667],
            "transform": [
                [0.998421, -0.046914, -0.03091, -0.0, -0.000423, 0.543891, -0.839156, 0.3, 0.05618, 0.837844, 0.543012, 0.0, 0.0, 0.0, 0.0, 1.0],
                [0.998421, -0.046914, -0.03091, -0.0, -0.000423, 0.543891, -0.839156, 0.3, 0.05618, 0.837844, 0.543012, 0.0, 0.0, 0.0, 0.0, 1.0]
            ]
        },
        {
            "name": "Tool_L",
            "time": [0.0, 2.6667],
            "transform": [
                [1.0, 0.0, 0.0, 0.0, 0.0, -0.999836, 0.018122, 0.272858, 0.0, -0.018122, -0.999247, -0.0, 0.0, 0.0, 0.0, 1.0],
                [1.0, 0.0, 0.0, 0.0, 0.0, -0.999836, 0.018122, 0.272858, 0.0, -0.018122, -0.999247, -0.0, 0.0, 0.0, 0.0, 1.0]
            ]
        },
        {
            "name": "Elbow_L",
            "time": [0.0, 2.6667],
            "transform": [
                [-1.0, 0.0, -0.0, 0.0, 0.0, -0.0, -1.0, 0.416895, -0.0, -1.0, -0.0, -0.0, 0.0, 0.0, 0.0, 1.0],
                [-1.0, 0.0, -0.0, 0.0, 0.0, -0.0, -1.0, 0.416895, -0.0, -1.0, -0.0, -0.0, 0.0, 0.0, 0.0, 1.0]
            ]
        }
    ]
}