{
    "animation": [
        {
            "name": "Root",
            "time": [0.0, 0.1, 0.3167, 0.3833, 0.4833],
            "transform": [
                [0.854339, 0.028643, -0.518927, -5e-06, -0.51914, 0.0, -0.854689, 0.000946, -0.024481, 0.99959, 0.01487, 0.753683, 0.0, 0.0, 0.0, 1.0],
                [0.97206, 0.028643, -0.232978, -5e-06, -0.212899, -0.31043, -0.926449, -1.015318, -0.09886, 0.950165, -0.295658, 0.681247, 0.0, 0.0, 0.0, 1.0],
                [0.962481, 0.023276, -0.270347, -5e-06, -0.254028, -0.272952, -0.927883, -1.305955, -0.095389, 0.961746, -0.256798, 0.690346, 0.0, 0.0, 0.0, 1.0],
                [0.87293, 0.007143, -0.487793, -0.006489, -0.465765, -0.285205, -0.837688, -1.41879, -0.145104, 0.95844, -0.245637, 0.684611, 0.0, 0.0, 0.0, 1.0],
                [0.597019, 0.046756, -0.800863, -0.019118, -0.802022, 0.057374, -0.594533, -1.527207, 0.018151, 0.997257, 0.071753, 0.673441, 0.0, 0.0, 0.0, 1.0]
            ]
        },
        {
            "name": "Thigh_R",
            "time": [0.0, 0.1, 0.3167, 0.3833, 0.4833],
            "transform": [
                [0.842726, 0.11785, 0.525284, 0.124994, 0.079929, -0.992318, 0.094402, -0.002831, 0.532375, -0.037569, -0.845675, -1.2e-05, 0.0, 0.0, 0.0, 1.0],
                [0.990182, 0.104727, -0.092575, 0.124994, 0.120292, -0.975764, 0.182787, -0.002831, -0.071189, -0.192128, -0.978785, -1.2e-05, 0.0, 0.0, 0.0, 1.0],
                [0.993649, 0.109069, -0.027664, 0.124994, 0.112306, -0.946018, 0.304028, -0.002831, 0.00699, -0.305203, -0.952262, -1.2e-05, 0.0, 0.0, 0.0, 1.0],
                [0.985538, 0.137601, -0.098899, 0.124994, 0.152283, -0.975182, 0.160707, -0.002831, -0.074331, -0.173442, -0.982035, -1.2e-05, 0.0, 0.0, 0.0, 1.0],
                [0.951102, 0.221661, -0.215105, 0.124994, 0.191076, -0.969402, -0.154097, -0.002831, -0.242681, 0.10546, -0.964357, -1.2e-05, 0.0, 0.0, 0.0, 1.0]
            ]
        },
        {
            "name": "Leg_R",
            "time": [0.0, 0.1, 0.3167, 0.3833, 0.4833],
            "transform": [
                [1.0, -0.0, 1e-06, 0.0, 0.0, 0.997612, 0.069073, 0.37472, -1e-06, -0.069073, 0.997611, 0.0, 0.0, 0.0, 0.0, 1.0],
                [1.0, -0.0, 1e-06, 0.0, 0.0, 0.997612, 0.069073, 0.37472, -1e-06, -0.069073, 0.997611, 0.0, 0.0, 0.0, 0.0, 1.0],
                [1.0, -0.0, 1e-06, 0.0, 0.0, 0.9423, 0.33477, 0.37472, -1e-06, -0.334771, 0.942299, -0.0, 0.0, 0.0, 0.0, 1.0],
                [1.0, -1e-06, 0.0, 0.0, 0.0, 0.202372, 0.979308, 0.37472, -1e-06, -0.979309, 0.202372, -0.0, 0.0, 0.0, 0.0, 1.0],
                [1.0, -0.0, 1e-06, 0.0, 0.0, 0.911768, 0.410706, 0.37472, -1e-06, -0.410707, 0.911767, -0.0, 0.0, 0.0, 0.0, 1.0]
            ]
        },
        {
            "name": "Knee_R",
            "time": [0.0, 0.1, 0.3167, 0.4833],
            "transform": [
                [1.0, 0.0, -0.0, 0.0, -0.0, 1e-06, -1.0, 0.37472, -0.0, 1.0, 1e-06, 0.0, 0.0, 0.0, 0.0, 1.0],
                [1.0, 0.0, -0.0, 0.0, -0.0, 1e-06, -1.0, 0.37472, -0.0, 1.0, 1e-06, 0.0, 0.0, 0.0, 0.0, 1.0],
                [1.0, 0.0, -0.0, 0.0, -0.0, 1e-06, -1.0, 0.37472, -0.0, 1.0, 1e-06, -0.0, 0.0, 0.0, 0.0, 1.0],
                [1.0, 0.0, -0.0, 0.0, -0.0, 1e-06, -1.0, 0.37472, -0.0, 1.0, 1e-06, -0.0, 0.0, 0.0, 0.0, 1.0]
            ]
        },
        {
            "name": "Thigh_L",
            "time": [0.0, 0.1, 0.3167, 0.4833],
            "transform": [
                [0.869242, -0.05516, -0.491298, -0.125006, -0.021407, -0.997024, 0.074063, -0.002831, -0.493921, -0.053862, -0.867836, -1.2e-05, 0.0, 0.0, 0.0, 1.0],
                [0.981855, -0.179995, -0.059671, -0.125006, -0.069963, -0.636325, 0.768242, -0.002831, -0.17625, -0.750128, -0.637373, -1.2e-05, 0.0, 0.0, 0.0, 1.0],
                [0.975623, -0.209997, -0.063711, -0.125006, -0.049466, -0.493298, 0.868452, -0.002831, -0.2138, -0.844131, -0.491662, -1.2e-05, 0.0, 0.0, 0.0, 1.0],
                [0.869242, -0.313621, -0.382176, -0.125006, -0.021407, -0.796185, 0.604674, -0.002831, -0.493921, -0.517427, -0.698792, -1.2e-05, 0.0, 0.0, 0.0, 1.0]
            ]
        },
        {
            "name": "Leg_L",
            "time": [0.0, 0.1, 0.3167, 0.3833, 0.4833],
            "transform": [
                [0.999989, -0.003785, -0.002718, 0.0, 0.003782, 0.999992, -0.001196, 0.37472, 0.002722, 0.001185, 0.999996, 0.0, 0.0, 0.0, 0.0, 1.0],
                [0.999989, 0.003395, -0.003191, -0.0, 0.003782, -0.191302, 0.981524, 0.37472, 0.002722, -0.981525, -0.191313, 0.0, 0.0, 0.0, 0.0, 1.0],
                [0.999989, 0.003729, -0.002794, 0.0, 0.003782, -0.29916, 0.954196, 0.37472, 0.002722, -0.954195, -0.299171, 0.0, 0.0, 0.0, 0.0, 1.0],
                [0.986157, 0.161288, -0.038485, -0.0, -0.079072, 0.661428, 0.745829, 0.37472, 0.145748, -0.732461, 0.665025, 0.0, 0.0, 0.0, 0.0, 1.0],
                [0.999989, -0.001217, -0.004498, 0.0, 0.003782, 0.775906, 0.630838, 0.37472, 0.002722, -0.630847, 0.775902, -0.0, 0.0, 0.0, 0.0, 1.0]
            ]
        },
        {
            "name": "Knee_L",
            "time": [0.0, 0.1, 0.3167, 0.4833],
            "transform": [
                [1.0, 0.0, -0.0, 0.0, -0.0, 1e-06, -1.0, 0.37472, -0.0, 1.0, 1e-06, 0.0, 0.0, 0.0, 0.0, 1.0],
                [1.0, 0.0, -0.0, -0.0, -0.0, 0.703462, -0.710733, 0.37472, -0.0, 0.710733, 0.703462, 0.0, 0.0, 0.0, 0.0, 1.0],
                [1.0, 0.0, -0.0, 0.0, -0.0, 0.701462, -0.712707, 0.37472, -0.0, 0.712707, 0.701462, 0.0, 0.0, 0.0, 0.0, 1.0],
                [1.0, 0.0, -0.0, 0.0, -0.0, 1e-06, -1.0, 0.37472, -0.0, 1.0, 1e-06, -0.0, 0.0, 0.0, 0.0, 1.0]
            ]
        },
        {
            "name": "Torso",
            "time": [0.0, 0.1, 0.3167, 0.4833],
            "transform": [
                [0.999042, -0.043673, -0.002705, 0.0, 0.04367, 0.999045, -0.001423, 0.05, 0.002765, 0.001304, 0.999995, -0.0, 0.0, 0.0, 0.0, 1.0],
                [0.999042, -0.042827, 0.008972, 0.0, 0.04367, 0.962907, -0.266276, 0.05, 0.002765, 0.266413, 0.963855, 0.0, 0.0, 0.0, 0.0, 1.0],
                [0.999042, -0.043105, 0.007526, 0.0, 0.04367, 0.971319, -0.233737, 0.05, 0.002765, 0.233842, 0.972271, 0.0, 0.0, 0.0, 0.0, 1.0],
                [0.999042, -0.043673, -0.002706, -0.0, 0.04367, 0.999045, -0.001423, 0.05, 0.002765, 0.001304, 0.999995, -0.0, 0.0, 0.0, 0.0, 1.0]
            ]
        },
        {
            "name": "Chest",
            "time": [0.0, 0.1, 0.3167, 0.4833],
            "transform": [
                [0.999771, -0.021316, -0.002029, 0.0, 0.021411, 0.994316, 0.104295, 0.3, -0.000206, -0.104315, 0.994544, 0.0, 0.0, 0.0, 0.0, 1.0],
                [0.999794, -0.017389, 0.010436, -0.0, 0.007849, 0.806256, 0.591514, 0.3, -0.018699, -0.591311, 0.806227, -0.0, 0.0, 0.0, 0.0, 1.0],
                [0.999808, -0.017511, 0.008792, 0.0, 0.010048, 0.843415, 0.537168, 0.3, -0.016822, -0.536976, 0.84343, 0.0, 0.0, 0.0, 0.0, 1.0],
                [0.999771, -0.021316, -0.002029, 0.0, 0.021411, 0.994316, 0.104295, 0.3, -0.000206, -0.104315, 0.994545, 0.0, 0.0, 0.0, 0.0, 1.0]
            ]
        },
        {
            "name": "Head",
            "time": [0.0, 0.1, 0.3167, 0.4833],
            "transform": [
                [0.85311, 0.037721, 0.520365, -0.0, -0.006297, 0.998055, -0.062025, 0.4, -0.521692, 0.049637, 0.851689, -0.0, 0.0, 0.0, 0.0, 1.0],
                [0.977485, -0.085754, 0.192793, 0.0, -0.026533, 0.856486, 0.515488, 0.4, -0.209329, -0.508997, 0.834927, -0.0, 0.0, 0.0, 0.0, 1.0],
                [0.967647, -0.082114, 0.238571, -0.0, -0.03521, 0.892357, 0.449954, 0.4, -0.249838, -0.443797, 0.860596, -0.0, 0.0, 0.0, 0.0, 1.0],
                [0.85311, 0.037721, 0.520365, -0.0, -0.006297, 0.998055, -0.062025, 0.4, -0.521692, 0.049637, 0.851689, 0.0, 0.0, 0.0, 0.0, 1.0]
            ]
        },
        {
            "name": "Shoulder_R",
            "time": [0.0, 0.1, 0.3167, 0.4833],
            "transform": [
                [-0.241154, 0.935076, 0.259762, -0.0, 0.181931, -0.219358, 0.958532, 0.4, 0.953281, 0.278413, -0.11722, -0.0, 0.0, 0.0, 0.0, 1.0],
                [-0.241154, 0.935076, 0.259762, 0.0, 0.181931, -0.219358, 0.958532, 0.4, 0.953281, 0.278413, -0.11722, -0.0, 0.0, 0.0, 0.0, 1.0],
                [-0.241154, 0.935076, 0.259762, -0.0, 0.181931, -0.219358, 0.958532, 0.4, 0.953281, 0.278413, -0.11722, -0.0, 0.0, 0.0, 0.0, 1.0],
                [-0.241154, 0.935076, 0.259762, -0.0, 0.181931, -0.219358, 0.958532, 0.4, 0.953281, 0.278413, -0.11722, 0.0, 0.0, 0.0, 0.0, 1.0]
            ]
        },
        {
            "name": "Arm_R",
            "time": [0.0, 0.1, 0.3167, 0.4833],
            "transform": [
                [-0.560416, 0.299331, -0.772227, -0.0, 0.790217, -0.085917, -0.606775, 0.39386, -0.247974, -0.950273, -0.188387, 0.0, 0.0, 0.0, 0.0, 1.0],
                [-0.560416, 0.299331, -0.772227, -0.0, 0.790217, -0.085917, -0.606775, 0.393861, -0.247974, -0.950273, -0.188387, -0.0, 0.0, 0.0, 0.0, 1.0],
                [-0.560416, 0.299331, -0.772227, -0.0, 0.790217, -0.085917, -0.606775, 0.393861, -0.247974, -0.950273, -0.188387, -0.0, 0.0, 0.0, 0.0, 1.0],
                [-0.560416, 0.299331, -0.772227, -0.0, 0.790217, -0.085917, -0.606775, 0.393861, -0.247974, -0.950273, -0.188387, -0.0, 0.0, 0.0, 0.0, 1.0]
            ]
        },
        {
            "name": "Hand_R",
            "time": [0.0, 0.1, 0.3167, 0.4833],
            "transform": [
                [0.999998, -0.000405, 0.001778, 0.0, 0.000868, 0.963176, -0.268872, 0.3, -0.001603, 0.268873, 0.963174, -0.0, 0.0, 0.0, 0.0, 1.0],
                [0.999998, -0.000405, 0.001778, -0.0, 0.000868, 0.963176, -0.268872, 0.3, -0.001603, 0.268873, 0.963174, 0.0, 0.0, 0.0, 0.0, 1.0],
                [0.999998, -0.000405, 0.001778, 0.0, 0.000868, 0.963176, -0.268872, 0.3, -0.001603, 0.268873, 0.963174, 0.0, 0.0, 0.0, 0.0, 1.0],
                [0.999998, -0.000405, 0.001778, -0.0, 0.000868, 0.963176, -0.268872, 0.3, -0.001603, 0.268873, 0.963174, 0.0, 0.0, 0.0, 0.0, 1.0]
            ]
        },
        {
            "name": "Tool_R",
            "time": [0.0, 0.1, 0.3167, 0.4833],
            "transform": [
                [-0.223607, 0.459996, -0.859304, -0.767855, 0.205203, -0.83965, -0.502873, -0.098952, -0.952267, -0.288615, 0.093298, 0.138215, 0.0, 0.0, 0.0, 1.0],
                [-0.223607, 0.459996, -0.859304, -0.767855, 0.205203, -0.839649, -0.502872, -0.098952, -0.952267, -0.288615, 0.093298, 0.138215, 0.0, 0.0, 0.0, 1.0],
                [-0.223607, 0.459996, -0.859304, -0.767855, 0.205203, -0.839649, -0.502872, -0.098952, -0.952267, -0.288615, 0.093298, 0.138215, 0.0, 0.0, 0.0, 1.0],
                [-0.223607, 0.459996, -0.859304, -0.767855, 0.205203, -0.839649, -0.502872, -0.098952, -0.952267, -0.288615, 0.093298, 0.138215, 0.0, 0.0, 0.0, 1.0]
            ]
        },
        {
            "name": "Elbow_R",
            "time": [0.0, 0.1, 0.3167, 0.4833],
            "transform": [
                [-1.0, 0.0, 0.0, 0.0, -0.0, -0.0, -1.0, 0.341622, -0.0, -1.0, 0.0, -0.0, 0.0, 0.0, 0.0, 1.0],
                [-1.0, 0.0, 0.0, -0.0, -0.0, -0.0, -1.0, 0.341622, -0.0, -1.0, 0.0, 0.0, 0.0, 0.0, 0.0, 1.0],
                [-1.0, 0.0, -0.0, 0.0, -0.0, -0.0, -1.0, 0.341622, -0.0, -1.0, 0.0, 0.0, 0.0, 0.0, 0.0, 1.0],
                [-1.0, 0.0, -0.0, -0.0, 0.0, -0.0, -1.0, 0.341622, -0.0, -1.0, 0.0, 0.0, 0.0, 0.0, 0.0, 1.0]
            ]
        },
        {
            "name": "Shoulder_L",
            "time": [0.0, 0.1, 0.3167, 0.4833],
            "transform": [
                [-0.226937, -0.947819, -0.223918, -0.0, -0.021067, -0.225085, 0.974111, 0.4, -0.973681, 0.225779, 0.031113, -0.0, 0.0, 0.0, 0.0, 1.0],
                [0.083548, -0.97102, -0.223918, 0.0, 0.050991, -0.220243, 0.974111, 0.4, -0.995198, -0.092803, 0.031113, -0.0, 0.0, 0.0, 0.0, 1.0],
                [0.04447, -0.973593, -0.223918, -0.0, 0.042102, -0.222114, 0.974111, 0.4, -0.998123, -0.052746, 0.031113, -0.0, 0.0, 0.0, 0.0, 1.0],
                [-0.226937, -0.947819, -0.223918, -0.0, -0.021067, -0.225085, 0.974111, 0.4, -0.973681, 0.225779, 0.031113, 0.0, 0.0, 0.0, 0.0, 1.0]
            ]
        },
        {
            "name": "Arm_L",
            "time": [0.0, 0.05, 0.1, 0.3167, 0.4833],
            "transform": [
                [0.028967, 0.056681, 0.997972, 0.0, -0.931842, 0.362807, 0.006442, 0.39386, -0.361707, -0.930138, 0.063327, -0.0, 0.0, 0.0, 0.0, 1.0],
                [0.028967, 0.974525, 0.222401, 0.0, -0.931842, 0.106839, -0.34678, 0.39386, -0.361707, -0.197197, 0.911198, -0.0, 0.0, 0.0, 0.0, 1.0],
                [0.028967, 0.974525, 0.222401, 0.0, -0.931842, 0.106839, -0.34678, 0.39386, -0.361707, -0.197197, 0.911198, -0.0, 0.0, 0.0, 0.0, 1.0],
                [0.028967, 0.928657, 0.369808, 0.0, -0.931842, 0.158962, -0.326193, 0.39386, -0.361707, -0.335153, 0.869966, -0.0, 0.0, 0.0, 0.0, 1.0],
                [0.028967, 0.056681, 0.997972, -0.0, -0.931842, 0.362807, 0.006442, 0.39386, -0.361707, -0.930139, 0.063327, -0.0, 0.0, 0.0, 0.0, 1.0]
            ]
        },
        {
            "name": "Hand_L",
            "time": [0.0, 0.05, 0.1, 0.3167, 0.4833],
            "transform": [
                [0.999993, -0.001541, -0.00347, 0.0, 0.000938, 0.985901, -0.167329, 0.3, 0.003679, 0.167324, 0.985895, 0.0, 0.0, 0.0, 0.0, 1.0],
                [0.999993, -0.002603, -0.002764, -0.0, 0.000938, 0.874775, -0.484528, 0.3, 0.003679, 0.484522, 0.874771, -0.0, 0.0, 0.0, 0.0, 1.0],
                [0.999993, -0.002603, -0.002764, 0.0, 0.000938, 0.874775, -0.484528, 0.3, 0.003679, 0.484522, 0.874771, 0.0, 0.0, 0.0, 0.0, 1.0],
                [0.997472, 0.050047, 0.050458, -0.0, 0.020278, 0.480056, -0.877004, 0.3, -0.068114, 0.875809, 0.477827, 0.0, 0.0, 0.0, 0.0, 1.0],
                [0.999993, -0.001541, -0.00347, -0.0, 0.000938, 0.985901, -0.167329, 0.3, 0.003679, 0.167324, 0.985895, -0.0, 0.0, 0.0, 0.0, 1.0]
            ]
        },
        {
            "name": "Tool_L",
            "time": [0.0, 0.1, 0.3167, 0.4833],
            "transform": [
                [0.997006, -0.039439, -0.066512, -0.0, -0.036629, -0.998405, 0.042952, 0.272858, -0.068061, -0.040374, -0.996274, -0.0, 0.0, 0.0, 0.0, 1.0],
                [0.997006, -0.039439, -0.066512, -0.0, -0.036629, -0.998405, 0.042952, 0.272858, -0.068061, -0.040374, -0.996274, -0.0, 0.0, 0.0, 0.0, 1.0],
                [0.997006, -0.039439, -0.066512, -0.0, -0.036629, -0.998405, 0.042952, 0.272858, -0.068061, -0.040374, -0.996274, -0.0, 0.0, 0.0, 0.0, 1.0],
                [0.997006, -0.039439, -0.066512, 0.0, -0.036629, -0.998405, 0.042952, 0.272858, -0.068061, -0.040374, -0.996274, -0.0, 0.0, 0.0, 0.0, 1.0]
            ]
        },
        {
            "name": "Elbow_L",
            "time": [0.0, 0.1, 0.3167, 0.4833],
            "transform": [
                [-1.0, 0.0, -0.0, 2.7e-05, 0.0, -0.0, -1.0, 0.334301, -0.0, -1.0, -0.0, -0.002121, 0.0, 0.0, 0.0, 1.0],
                [-1.0, 0.0, -0.0, 2.7e-05, 0.0, -0.0, -1.0, 0.334301, -0.0, -1.0, -0.0, -0.00212, 0.0, 0.0, 0.0, 1.0],
                [-1.0, 0.0, -0.0, 2.7e-05, 0.0, -0.0, -1.0, 0.334302, -0.0, -1.0, -0.0, -0.00212, 0.0, 0.0, 0.0, 1.0],
                [-1.0, 0.0, -0.0, 2.7e-05, 0.0, -0.0, -1.0, 0.334301, -0.0, -1.0, -0.0, -0.002121, 0.0, 0.0, 0.0, 1.0]
            ]
        }
    ]
}