{
    "animation": [
        {
            "name": "Root",
            "time": [0.0, 0.0833, 0.3167, 0.5333],
            "transform": [
                [0.562403, 0.0, -0.826863, -5e-06, -0.814623, 0.171424, -0.554078, 0.000946, 0.141744, 0.985197, 0.09641, 0.6541, 0.0, 0.0, 0.0, 1.0],
                [0.693841, -0.076793, 0.716022, -5e-06, 0.715641, -0.037296, -0.697472, -0.315321, 0.080266, 0.996349, 0.029079, 0.56798, 0.0, 0.0, 0.0, 1.0],
                [0.808872, -0.096599, 0.579996, -5e-06, 0.581829, -0.01087, -0.813239, -0.286389, 0.084863, 0.995264, 0.047412, 0.575135, 0.0, 0.0, 0.0, 1.0],
                [0.682156, -0.054785, -0.729151, -5e-06, -0.703279, 0.223803, -0.674767, -0.076495, 0.200153, 0.973093, 0.114139, 0.627044, 0.0, 0.0, 0.0, 1.0]
            ]
        },
        {
            "name": "Thigh_R",
            "time": [0.0, 0.0833, 0.3167, 0.4167, 0.5333],
            "transform": [
                [0.864158, 0.321261, 0.387326, 0.124994, 0.199618, -0.925389, 0.322185, -0.002831, 0.461933, -0.201101, -0.863815, -1.2e-05, 0.0, 0.0, 0.0, 1.0],
                [0.949565, 0.31029, 0.04522, 0.124994, 0.096016, -0.425003, 0.900085, -0.002831, 0.298506, -0.850346, -0.433363, -1.2e-05, 0.0, 0.0, 0.0, 1.0],
                [0.941177, 0.32939, 0.075407, 0.124994, 0.102233, -0.490263, 0.865558, -0.002831, 0.322076, -0.806932, -0.4951, -1.2e-05, 0.0, 0.0, 0.0, 1.0],
                [0.980918, -0.016025, 0.193758, 0.124994, -0.150143, -0.695571, 0.702592, -0.002831, 0.123514, -0.718275, -0.684707, -1.2e-05, 0.0, 0.0, 0.0, 1.0],
                [0.864158, 0.384954, 0.324098, 0.124994, 0.199618, -0.853441, 0.481443, -0.002831, 0.461933, -0.351346, -0.814355, -1.2e-05, 0.0, 0.0, 0.0, 1.0]
            ]
        },
        {
            "name": "Leg_R",
            "time": [0.0, 0.0833, 0.3167, 0.5333],
            "transform": [
                [1.0, 1e-06, 1e-06, 0.0, -1e-06, 0.751808, 0.659383, 0.37472, 0.0, -0.659384, 0.751806, -0.0, 0.0, 0.0, 0.0, 1.0],
                [1.0, 0.0, 1e-06, -0.0, -1e-06, 0.226894, 0.973919, 0.37472, 0.0, -0.97392, 0.226894, -0.0, 0.0, 0.0, 0.0, 1.0],
                [1.0, 0.0, 1e-06, -0.0, -1e-06, 0.282868, 0.959158, 0.37472, 0.0, -0.95916, 0.282868, -0.0, 0.0, 0.0, 0.0, 1.0],
                [1.0, 1e-06, 1e-06, -0.0, -1e-06, 0.651753, 0.758431, 0.37472, -0.0, -0.758432, 0.651752, -0.0, 0.0, 0.0, 0.0, 1.0]
            ]
        },
        {
            "name": "Knee_R",
            "time": [0.0, 0.0833, 0.3167, 0.5333],
            "transform": [
                [1.0, -0.0, -0.0, 0.0, -0.0, -0.389408, -0.921065, 0.439324, 0.0, 0.921065, -0.389408, -0.000954, 0.0, 0.0, 0.0, 1.0],
                [1.0, -0.0, -0.0, -0.0, -0.0, -0.389408, -0.921066, 0.439324, -0.0, 0.921066, -0.389408, -0.000954, 0.0, 0.0, 0.0, 1.0],
                [1.0, -0.0, -0.0, 0.0, -0.0, -0.389408, -0.921066, 0.439324, 0.0, 0.921065, -0.389408, -0.000954, 0.0, 0.0, 0.0, 1.0],
                [1.0, -0.0, -0.0, -0.0, -0.0, -0.389408, -0.921065, 0.439324, -0.0, 0.921065, -0.389408, -0.000954, 0.0, 0.0, 0.0, 1.0]
            ]
        },
        {
            "name": "Thigh_L",
            "time": [0.0, 0.0833, 0.3167, 0.4167, 0.5333],
            "transform": [
                [0.639305, -0.639556, -0.426916, -0.125006, -0.085345, -0.610777, 0.78719, -0.002831, -0.764202, -0.466819, -0.445056, -1.2e-05, 0.0, 0.0, 0.0, 1.0],
                [0.61823, -0.773751, -0.138207, -0.125006, -0.580172, -0.567857, 0.583899, -0.002831, -0.530274, -0.2808, -0.799975, -1.2e-05, 0.0, 0.0, 0.0, 1.0],
                [0.626029, -0.763933, -0.156503, -0.125006, -0.529296, -0.563662, 0.634137, -0.002831, -0.572653, -0.314152, -0.757216, -1.2e-05, 0.0, 0.0, 0.0, 1.0],
                [0.668046, -0.467086, 0.579262, -0.125006, -0.680966, -0.069908, 0.72897, -0.002831, -0.299996, -0.881444, -0.364772, -1.2e-05, 0.0, 0.0, 0.0, 1.0],
                [0.639305, -0.705513, -0.305842, -0.125006, -0.085345, -0.460383, 0.883608, -0.002831, -0.764202, -0.538793, -0.354537, -1.2e-05, 0.0, 0.0, 0.0, 1.0]
            ]
        },
        {
            "name": "Leg_L",
            "time": [0.0, 0.0833, 0.3167, 0.5333],
            "transform": [
                [0.999634, 0.025354, -0.00942, -0.0, -0.022506, 0.972877, 0.230223, 0.37472, 0.015001, -0.229926, 0.973093, 0.0, 0.0, 0.0, 0.0, 1.0],
                [0.999634, 0.02391, 0.012645, 0.0, -0.022506, 0.47601, 0.879152, 0.37472, 0.015001, -0.879114, 0.476375, 0.0, 0.0, 0.0, 0.0, 1.0],
                [0.999634, 0.024405, 0.011661, 0.0, -0.022506, 0.511418, 0.859038, 0.37472, 0.015001, -0.858985, 0.51178, -0.0, 0.0, 0.0, 0.0, 1.0],
                [0.999634, 0.026747, 0.004019, -0.0, -0.022506, 0.740151, 0.672063, 0.37472, 0.015001, -0.671908, 0.740483, -0.0, 0.0, 0.0, 0.0, 1.0]
            ]
        },
        {
            "name": "Knee_L",
            "time": [0.0, 0.0833, 0.3167, 0.5333],
            "transform": [
                [1.0, 0.0, -0.0, -0.0, -0.0, 1e-06, -1.0, 0.37472, -0.0, 1.0, 1e-06, 0.0, 0.0, 0.0, 0.0, 1.0],
                [1.0, 0.0, -0.0, 0.0, -0.0, 1e-06, -1.0, 0.37472, -0.0, 1.0, 1e-06, 0.0, 0.0, 0.0, 0.0, 1.0],
                [1.0, 0.0, -0.0, 0.0, -0.0, 1e-06, -1.0, 0.37472, -0.0, 1.0, 1e-06, -0.0, 0.0, 0.0, 0.0, 1.0],
                [1.0, 0.0, -0.0, -0.0, -0.0, 1e-06, -1.0, 0.37472, -0.0, 1.0, 1e-06, -0.0, 0.0, 0.0, 0.0, 1.0]
            ]
        },
        {
            "name": "Torso",
            "time": [0.0, 0.0833, 0.3167, 0.5333],
            "transform": [
                [1.0, 0.0, -0.0, 0.0, -0.0, 0.99951, -0.031323, 0.05, 0.0, 0.031323, 0.999509, 0.0, 0.0, 0.0, 0.0, 1.0],
                [0.937007, 0.056446, -0.344719, 0.0, -0.084298, 0.99423, -0.066336, 0.05, 0.338986, 0.091217, 0.936359, 0.0, 0.0, 0.0, 0.0, 1.0],
                [0.937898, 0.049716, -0.34333, -0.0, -0.070671, 0.996306, -0.048787, 0.05, 0.339637, 0.070021, 0.937947, -0.0, 0.0, 0.0, 0.0, 1.0],
                [0.941561, 0.0, -0.336843, -0.0, 0.028363, 0.996449, 0.079282, 0.05, 0.335647, -0.084203, 0.938217, 0.0, 0.0, 0.0, 0.0, 1.0]
            ]
        },
        {
            "name": "Chest",
            "time": [0.0, 0.0833, 0.3167, 0.5333],
            "transform": [
                [0.980484, -0.066115, 0.185147, 0.0, 0.038657, 0.988207, 0.148167, 0.3, -0.192759, -0.138118, 0.971477, -0.0, 0.0, 0.0, 0.0, 1.0],
                [0.936814, -0.315769, -0.150563, 0.0, 0.349804, 0.850483, 0.39283, 0.3, 0.004008, -0.420676, 0.907202, 0.0, 0.0, 0.0, 0.0, 1.0],
                [0.944902, -0.30329, -0.123185, -0.0, 0.32698, 0.856517, 0.399329, 0.3, -0.015603, -0.417605, 0.908495, -0.0, 0.0, 0.0, 0.0, 1.0],
                [0.975032, -0.207328, 0.079542, -0.0, 0.155255, 0.892561, 0.423357, 0.3, -0.15877, -0.400437, 0.902465, -0.0, 0.0, 0.0, 0.0, 1.0]
            ]
        },
        {
            "name": "Head",
            "time": [0.0, 0.0833, 0.3167, 0.5333],
            "transform": [
                [0.730287, 0.002925, 0.683134, 0.0, 0.194928, 0.957525, -0.212483, 0.4, -0.654739, 0.288336, 0.698698, 0.0, 0.0, 0.0, 0.0, 1.0],
                [0.9373, 0.062076, 0.342951, -0.0, -0.045984, 0.997434, -0.054866, 0.4, -0.345477, 0.035656, 0.93775, 0.0, 0.0, 0.0, 0.0, 1.0],
                [0.913529, 0.050721, 0.403598, 0.0, -0.016969, 0.996084, -0.086771, 0.4, -0.406419, 0.072419, 0.910812, -0.0, 0.0, 0.0, 0.0, 1.0],
                [0.620276, 0.043753, 0.783162, -0.0, 0.245548, 0.937428, -0.246849, 0.4, -0.744959, 0.345419, 0.570721, 0.0, 0.0, 0.0, 0.0, 1.0]
            ]
        },
        {
            "name": "Shoulder_R",
            "time": [0.0, 0.0833, 0.3167, 0.5333],
            "transform": [
                [-0.028361, 0.888709, 0.457594, 0.0, 0.012748, -0.457419, 0.88916, 0.4, 0.999516, 0.03105, 0.001643, 0.0, 0.0, 0.0, 0.0, 1.0],
                [-0.359254, 0.813354, 0.457594, -0.0, 0.183194, -0.419326, 0.88916, 0.4, 0.915083, 0.403263, 0.001643, 0.0, 0.0, 0.0, 0.0, 1.0],
                [-0.321199, 0.82912, 0.457594, 0.0, 0.163576, -0.427361, 0.88916, 0.4, 0.932778, 0.360449, 0.001643, -0.0, 0.0, 0.0, 0.0, 1.0],
                [-0.028361, 0.888709, 0.457594, -0.0, 0.012748, -0.457419, 0.88916, 0.4, 0.999516, 0.031051, 0.001643, 0.0, 0.0, 0.0, 0.0, 1.0]
            ]
        },
        {
            "name": "Arm_R",
            "time": [0.0, 0.0833, 0.3167, 0.5333],
            "transform": [
                [0.796984, -0.603924, 0.009566, 0.0, 0.38497, 0.495704, -0.778508, 0.39386, 0.465418, 0.624141, 0.627561, -0.0, 0.0, 0.0, 0.0, 1.0],
                [0.738621, -0.418537, -0.528455, -0.0, -0.614895, -0.09699, -0.782622, 0.39386, 0.276302, 0.903006, -0.328996, -0.0, 0.0, 0.0, 0.0, 1.0],
                [0.765561, -0.429787, -0.478747, -0.0, -0.560641, -0.080641, -0.824123, 0.39386, 0.315591, 0.899322, -0.302692, 0.0, 0.0, 0.0, 0.0, 1.0],
                [0.842612, -0.532438, -0.08071, -0.0, -0.089457, 0.0094, -0.995946, 0.393861, 0.531039, 0.846417, -0.03971, 0.0, 0.0, 0.0, 0.0, 1.0]
            ]
        },
        {
            "name": "Hand_R",
            "time": [0.0, 0.0833, 0.3167, 0.5333],
            "transform": [
                [0.995489, -0.088865, 0.033232, 0.0, 0.084329, 0.668273, -0.739121, 0.3, 0.043474, 0.738589, 0.672753, 0.0, 0.0, 0.0, 0.0, 1.0],
                [0.995489, -0.094274, 0.010665, 0.0, 0.084329, 0.827711, -0.554782, 0.3, 0.043474, 0.553178, 0.831928, 0.0, 0.0, 0.0, 0.0, 1.0],
                [0.995489, -0.094159, 0.011637, 0.0, 0.084329, 0.821947, -0.563287, 0.3, 0.043474, 0.561728, 0.826179, -0.0, 0.0, 0.0, 0.0, 1.0],
                [0.995489, -0.093026, 0.018644, 0.0, 0.084329, 0.777534, -0.623161, 0.3, 0.043474, 0.621922, 0.781872, -0.0, 0.0, 0.0, 0.0, 1.0]
            ]
        },
        {
            "name": "Tool_R",
            "time": [0.0, 0.0833, 0.3167, 0.5333],
            "transform": [
                [-0.582558, 0.30516, 0.753328, -0.029768, 0.69401, 0.669178, 0.265614, 0.313869, -0.422798, 0.677159, -0.60126, -0.027312, 0.0, 0.0, 0.0, 1.0],
                [-0.503052, 0.84023, 0.202367, -0.029768, 0.836073, 0.532427, -0.132301, 0.313869, -0.21877, 0.102584, -0.969759, -0.027312, 0.0, 0.0, 0.0, 1.0],
                [-0.495904, 0.840229, 0.219305, -0.029768, 0.831106, 0.532429, -0.160567, 0.313869, -0.25152, 0.102585, -0.961785, -0.027312, 0.0, 0.0, 0.0, 1.0],
                [-0.427378, 0.840221, 0.333732, -0.029768, 0.766761, 0.532441, -0.358585, 0.313869, -0.478691, 0.102586, -0.87129, -0.027312, 0.0, 0.0, 0.0, 1.0]
            ]
        },
        {
            "name": "Elbow_R",
            "time": [0.0, 0.0833, 0.3167, 0.5333],
            "transform": [
                [-1.0, 0.0, -0.0, 0.0, 0.0, -0.0, -1.0, 0.3, -0.0, -1.0, 0.0, 0.0, 0.0, 0.0, 0.0, 1.0],
                [-1.0, 0.0, -0.0, 0.0, 0.0, -0.0, -1.0, 0.3, -0.0, -1.0, 0.0, 0.0, 0.0, 0.0, 0.0, 1.0],
                [-1.0, 0.0, -0.0, 0.0, 0.0, -0.0, -1.0, 0.3, -0.0, -1.0, 0.0, -0.0, 0.0, 0.0, 0.0, 1.0],
                [-1.0, 0.0, 0.0, 0.0, 0.0, -0.0, -1.0, 0.3, -0.0, -1.0, 0.0, -0.0, 0.0, 0.0, 0.0, 1.0]
            ]
        },
        {
            "name": "Shoulder_L",
            "time": [0.0, 0.0833, 0.3167, 0.5333],
            "transform": [
                [0.149016, -0.956297, -0.251576, 0.0, -0.075926, -0.264731, 0.961329, 0.4, -0.985915, -0.124152, -0.112057, 0.0, 0.0, 0.0, 0.0, 1.0],
                [0.391547, -0.885099, -0.251576, -0.0, -0.00479, -0.275362, 0.961329, 0.4, -0.920146, -0.3752, -0.112057, 0.0, 0.0, 0.0, 0.0, 1.0],
                [0.421189, -0.871384, -0.251576, 0.0, 0.004504, -0.275367, 0.961329, 0.4, -0.906962, -0.406034, -0.112057, -0.0, 0.0, 0.0, 0.0, 1.0],
                [0.620298, -0.742926, -0.251576, -0.0, 0.071279, -0.26602, 0.961329, 0.4, -0.781121, -0.614242, -0.112057, 0.0, 0.0, 0.0, 0.0, 1.0]
            ]
        },
        {
            "name": "Arm_L",
            "time": [0.0, 0.0833, 0.3167, 0.5333],
            "transform": [
                [0.208955, 0.370904, 0.904858, -0.0, -0.093569, 0.928621, -0.359037, 0.39386, -0.973439, -0.009644, 0.228745, 0.0, 0.0, 0.0, 0.0, 1.0],
                [-0.362869, 0.622527, 0.693388, -0.0, -0.660832, -0.696539, 0.279524, 0.39386, 0.656983, -0.356782, 0.664138, 0.0, 0.0, 0.0, 0.0, 1.0],
                [-0.401254, 0.645688, 0.649679, 0.0, -0.63636, -0.706668, 0.3093, 0.39386, 0.658818, -0.289322, 0.694443, -0.0, 0.0, 0.0, 0.0, 1.0],
                [-0.677677, 0.676636, 0.287954, -0.0, -0.468856, -0.69924, 0.539663, 0.39386, 0.566504, 0.230709, 0.791104, 0.0, 0.0, 0.0, 0.0, 1.0]
            ]
        },
        {
            "name": "Hand_L",
            "time": [0.0, 0.0833, 0.3167, 0.5333],
            "transform": [
                [1.0, 0.0, 0.0, 0.0, -0.0, 0.531145, -0.847281, 0.3, -0.0, 0.847281, 0.531145, 0.0, 0.0, 0.0, 0.0, 1.0],
                [1.0, -0.0, -0.0, 0.0, 0.0, 0.813763, -0.581197, 0.3, 0.0, 0.581197, 0.813763, 0.0, 0.0, 0.0, 0.0, 1.0],
                [1.0, -0.0, 0.0, -0.0, 0.0, 0.85643, -0.516263, 0.3, 0.0, 0.516263, 0.85643, -0.0, 0.0, 0.0, 0.0, 1.0],
                [1.0, -0.0, 0.0, 0.0, 0.0, 0.999581, 0.028935, 0.3, -0.0, -0.028935, 0.999582, -0.0, 0.0, 0.0, 0.0, 1.0]
            ]
        },
        {
            "name": "Tool_L",
            "time": [0.0, 0.0833, 0.3167, 0.5333],
            "transform": [
                [-0.412078, -0.317581, -0.85401, -0.048425, 0.618615, -0.785668, -0.006329, 0.299303, -0.668559, -0.530608, 0.519911, 0.068636, 0.0, 0.0, 0.0, 1.0],
                [-0.412078, -0.317581, -0.85401, -0.048425, 0.618615, -0.785668, -0.006328, 0.299303, -0.668559, -0.530608, 0.519911, 0.068636, 0.0, 0.0, 0.0, 1.0],
                [-0.412078, -0.317581, -0.85401, -0.048425, 0.618615, -0.785668, -0.006328, 0.299303, -0.668559, -0.530608, 0.519911, 0.068636, 0.0, 0.0, 0.0, 1.0],
                [-0.412078, -0.317581, -0.85401, -0.048425, 0.618615, -0.785668, -0.006328, 0.299303, -0.668559, -0.530608, 0.519911, 0.068636, 0.0, 0.0, 0.0, 1.0]
            ]
        },
        {
            "name": "Elbow_L",
            "time": [0.0, 0.0833, 0.3167, 0.5333],
            "transform": [
                [-1.0, 0.0, -0.0, 0.0, 0.0, -0.0, -1.0, 0.3, -0.0, -1.0, -0.0, 0.0, 0.0, 0.0, 0.0, 1.0],
                [-1.0, 0.0, -0.0, 0.0, 0.0, -0.0, -1.0, 0.3, -0.0, -1.0, -0.0, 0.0, 0.0, 0.0, 0.0, 1.0],
                [-1.0, 0.0, -0.0, -0.0, 0.0, -0.0, -1.0, 0.3, -0.0, -1.0, -0.0, -0.0, 0.0, 0.0, 0.0, 1.0],
                [-1.0, 0.0, -0.0, 0.0, 0.0, -0.0, -1.0, 0.3, -0.0, -1.0, -0.0, -0.0, 0.0, 0.0, 0.0, 1.0]
            ]
        }
    ]
}