{
    "animation": [
        {
            "name": "Root",
            "time": [0.0, 0.1167, 0.25, 0.3667, 0.4667],
            "transform": [
                [0.938142, 0.0, -0.346251, -5e-06, -0.337922, 0.218019, -0.915574, 0.152767, 0.075489, 0.975945, 0.204533, 0.709658, 0.0, 0.0, 0.0, 1.0],
                [0.994667, -0.009721, -0.10268, -5e-06, -0.100329, 0.139612, -0.98511, 0.0836, 0.023912, 0.990159, 0.137892, 0.510249, 0.0, 0.0, 0.0, 1.0],
                [0.89632, -0.0, -0.443408, -5e-06, -0.437627, 0.160952, -0.884634, 0.155693, 0.071367, 0.986962, 0.144264, 0.765508, 0.0, 0.0, 0.0, 1.0],
                [0.89632, 0.0, -0.443408, -5e-06, -0.441304, 0.097303, -0.892067, 0.060558, 0.043145, 0.995255, 0.087215, 0.539438, 0.0, 0.0, 0.0, 1.0],
                [0.938142, 0.0, -0.346251, -5e-06, -0.337922, 0.218019, -0.915574, 0.152767, 0.075489, 0.975945, 0.204533, 0.709658, 0.0, 0.0, 0.0, 1.0]
            ]
        },
        {
            "name": "Thigh_R",
            "time": [0.0, 0.1167, 0.2, 0.25, 0.3667, 0.4667],
            "transform": [
                [0.918972, -0.338658, -0.201988, 0.124994, 0.110295, -0.271037, 0.956229, -0.002831, -0.378582, -0.901025, -0.211724, -1.2e-05, 0.0, 0.0, 0.0, 1.0],
                [0.98451, -0.17496, -0.011298, 0.124994, 0.014154, 0.015083, 0.999786, -0.002831, -0.174753, -0.984458, 0.017325, -1.2e-05, 0.0, 0.0, 0.0, 1.0],
                [0.930225, -0.069483, -0.36035, 0.124994, 0.042289, -0.955075, 0.293325, -0.002831, -0.364543, -0.288097, -0.885499, -1.2e-05, 0.0, 0.0, 0.0, 1.0],
                [0.893621, 0.220695, -0.390811, 0.124994, 0.086795, -0.939288, -0.331965, -0.002831, -0.440348, 0.26273, -0.858526, -1.2e-05, 0.0, 0.0, 0.0, 1.0],
                [0.892818, 0.286852, -0.347262, 0.124994, 0.001463, -0.772819, -0.634622, -0.002831, -0.450414, 0.566093, -0.690408, -1.2e-05, 0.0, 0.0, 0.0, 1.0],
                [0.918972, -0.338658, -0.201988, 0.124994, 0.110295, -0.271037, 0.956229, -0.002831, -0.378582, -0.901025, -0.211724, -1.2e-05, 0.0, 0.0, 0.0, 1.0]
            ]
        },
        {
            "name": "Leg_R",
            "time": [0.0, 0.0667, 0.1167, 0.25, 0.3667, 0.4667],
            "transform": [
                [0.994522, 0.089342, -0.054253, -0.0, 0.085463, -0.396206, 0.914175, 0.37472, 0.060179, -0.913805, -0.401671, -0.0, 0.0, 0.0, 0.0, 1.0],
                [0.998076, -0.000995, -0.062003, 0.0, 0.035993, 0.823503, 0.566169, 0.37472, 0.050496, -0.567312, 0.821953, -0.0, 0.0, 0.0, 0.0, 1.0],
                [0.9999, 0.012945, -0.005712, 0.0, -0.005431, 0.723882, 0.689903, 0.37472, 0.013065, -0.689804, 0.723878, 0.0, 0.0, 0.0, 0.0, 1.0],
                [1.0, 0.0, 1e-06, 0.0, -0.0, 0.953718, 0.300706, 0.37472, -1e-06, -0.300706, 0.953716, -0.0, 0.0, 0.0, 0.0, 1.0],
                [1.0, 1e-06, 1e-06, 0.0, -1e-06, 0.970294, 0.24193, 0.37472, -0.0, -0.241931, 0.970293, -0.0, 0.0, 0.0, 0.0, 1.0],
                [0.994522, 0.089342, -0.054253, -0.0, 0.085463, -0.396206, 0.914175, 0.37472, 0.060179, -0.913805, -0.401671, -0.0, 0.0, 0.0, 0.0, 1.0]
            ]
        },
        {
            "name": "Knee_R",
            "time": [0.0, 0.0667, 0.1167, 0.25, 0.3667, 0.4667],
            "transform": [
                [0.999981, -0.005992, 0.001192, -0.000179, 0.004411, 0.573052, -0.819507, 0.436391, 0.004227, 0.819497, 0.573067, -0.000613, 0.0, 0.0, 0.0, 1.0],
                [0.999995, -0.001676, 0.002597, -0.00025, 0.00188, -0.33683, -0.941564, 0.419387, 0.002453, 0.941564, -0.336825, -0.000139, 0.0, 0.0, 0.0, 1.0],
                [1.0, 0.0, -0.0, -0.000322, -0.0, 1e-06, -1.0, 0.39431, -0.0, 1.0, 1e-06, 0.000335, 0.0, 0.0, 0.0, 1.0],
                [1.0, 0.0, -0.0, 0.0, -0.0, 1e-06, -1.0, 0.37472, -0.0, 1.0, 1e-06, -0.0, 0.0, 0.0, 0.0, 1.0],
                [1.0, -0.0, -0.0, 0.0, -0.0, -0.282407, -0.959295, 0.399872, -0.0, 0.959295, -0.282407, 0.001742, 0.0, 0.0, 0.0, 1.0],
                [0.999981, -0.005992, 0.001192, -0.000179, 0.004411, 0.573052, -0.819507, 0.436391, 0.004227, 0.819497, 0.573067, -0.000613, 0.0, 0.0, 0.0, 1.0]
            ]
        },
        {
            "name": "Thigh_L",
            "time": [0.0, 0.1167, 0.25, 0.3667, 0.4667],
            "transform": [
                [0.887332, 0.187656, -0.42122, -0.125006, -0.066843, -0.85146, -0.520142, -0.002831, -0.456259, 0.489695, -0.742984, -1.2e-05, 0.0, 0.0, 0.0, 1.0],
                [0.988351, 0.110684, -0.104454, -0.125006, 0.011309, -0.737859, -0.67486, -0.002831, -0.151768, 0.665818, -0.730515, -1.2e-05, 0.0, 0.0, 0.0, 1.0],
                [0.854613, -0.504422, -0.123268, -0.125006, -0.087524, -0.373925, 0.92332, -0.002831, -0.511835, -0.778293, -0.36371, -1.2e-05, 0.0, 0.0, 0.0, 1.0],
                [0.887497, -0.460427, -0.018809, -0.125006, 0.016638, -0.008775, 0.999822, -0.002831, -0.460511, -0.887654, -0.000128, -1.2e-05, 0.0, 0.0, 0.0, 1.0],
                [0.887332, 0.187656, -0.42122, -0.125006, -0.066843, -0.85146, -0.520142, -0.002831, -0.456259, 0.489695, -0.742984, -1.2e-05, 0.0, 0.0, 0.0, 1.0]
            ]
        },
        {
            "name": "Leg_L",
            "time": [0.0, 0.1167, 0.25, 0.3167, 0.3667, 0.4667],
            "transform": [
                [1.0, 0.0, 1e-06, 0.0, -0.0, 0.999944, 0.010576, 0.37472, -1e-06, -0.010576, 0.999944, -0.0, 0.0, 0.0, 0.0, 1.0],
                [1.0, 1e-06, 1e-06, -0.0, -1e-06, 0.963008, 0.26947, 0.37472, -0.0, -0.26947, 0.963009, 0.0, 0.0, 0.0, 0.0, 1.0],
                [1.0, -1e-06, 1e-06, -0.0, -1e-06, -0.277205, 0.960811, 0.37472, -0.0, -0.96081, -0.277205, 0.0, 0.0, 0.0, 0.0, 1.0],
                [0.999167, -0.04023, -0.006918, 0.0, 0.033805, 0.72048, 0.692651, 0.37472, -0.022881, -0.692307, 0.72124, -0.0, 0.0, 0.0, 0.0, 1.0],
                [0.992985, -0.09685, -0.067826, 0.0, 0.11541, 0.669192, 0.734073, 0.37472, -0.025706, -0.736751, 0.675676, -0.0, 0.0, 0.0, 0.0, 1.0],
                [1.0, 0.0, 1e-06, 0.0, -0.0, 0.999944, 0.010576, 0.37472, -1e-06, -0.010576, 0.999944, -0.0, 0.0, 0.0, 0.0, 1.0]
            ]
        },
        {
            "name": "Knee_L",
            "time": [0.0, 0.1167, 0.25, 0.3167, 0.3667, 0.4667],
            "transform": [
                [1.0, 0.0, -0.0, 0.0, -0.0, 1e-06, -1.0, 0.37472, -0.0, 1.0, 1e-06, -0.0, 0.0, 0.0, 0.0, 1.0],
                [1.0, 0.0, -0.0, 2.5e-05, -0.0, 1e-06, -1.0, 0.399689, -0.0, 1.0, 1e-06, -7e-06, 0.0, 0.0, 0.0, 1.0],
                [1.0, 0.0, -0.0, -0.0001, -0.0, 1e-06, -1.0, 0.433466, -0.0, 1.0, 1e-06, -0.000823, 0.0, 0.0, 0.0, 1.0],
                [1.0, 0.0, -0.0, -0.000173, -0.0, -0.21695, -0.976183, 0.422035, -0.0, 0.976183, -0.21695, 8e-06, 0.0, 0.0, 0.0, 1.0],
                [1.0, 0.0, -0.0, -0.000258, -0.0, 1e-06, -1.0, 0.391327, -0.0, 1.0, 1e-06, 0.001626, 0.0, 0.0, 0.0, 1.0],
                [1.0, 0.0, -0.0, 0.0, -0.0, 1e-06, -1.0, 0.37472, -0.0, 1.0, 1e-06, -0.0, 0.0, 0.0, 0.0, 1.0]
            ]
        },
        {
            "name": "Torso",
            "time": [0.0, 0.1167, 0.25, 0.3667, 0.4667],
            "transform": [
                [0.987206, -0.109324, 0.116069, 0.0, 0.078855, 0.967435, 0.240524, 0.05, -0.138584, -0.228294, 0.963678, -0.0, 0.0, 0.0, 0.0, 1.0],
                [0.988607, -0.092503, 0.118739, -0.0, 0.058806, 0.963537, 0.261033, 0.05, -0.138556, -0.251077, 0.957999, -0.0, 0.0, 0.0, 0.0, 1.0],
                [0.984511, -0.137415, -0.108882, 0.0, 0.154098, 0.974418, 0.163593, 0.05, 0.083616, -0.177837, 0.980501, 0.0, 0.0, 0.0, 0.0, 1.0],
                [0.982163, -0.137415, -0.128346, 0.0, 0.157306, 0.974418, 0.16051, 0.05, 0.103006, -0.177837, 0.978654, -0.0, 0.0, 0.0, 0.0, 1.0],
                [0.987206, -0.109324, 0.116069, 0.0, 0.078855, 0.967435, 0.240524, 0.05, -0.138584, -0.228294, 0.963678, -0.0, 0.0, 0.0, 0.0, 1.0]
            ]
        },
        {
            "name": "Chest",
            "time": [0.0, 0.1167, 0.25, 0.3667, 0.4667],
            "transform": [
                [0.97758, -0.036843, -0.207315, -0.0, 0.069459, 0.985887, 0.152325, 0.3, 0.198777, -0.16331, 0.966342, -0.0, 0.0, 0.0, 0.0, 1.0],
                [0.984388, 0.004704, -0.175949, 0.0, 0.038405, 0.969816, 0.240792, 0.3, 0.17177, -0.243791, 0.954495, -0.0, 0.0, 0.0, 0.0, 1.0],
                [0.99181, -0.05784, 0.113878, 0.0, 0.031478, 0.974777, 0.220948, 0.3, -0.123785, -0.215554, 0.968615, 0.0, 0.0, 0.0, 0.0, 1.0],
                [0.98078, -0.05784, 0.186347, -0.0, 0.015181, 0.974778, 0.222662, 0.3, -0.194526, -0.215554, 0.95692, -0.0, 0.0, 0.0, 0.0, 1.0],
                [0.97758, -0.036843, -0.207315, -0.0, 0.069459, 0.985887, 0.152325, 0.3, 0.198777, -0.16331, 0.966342, -0.0, 0.0, 0.0, 0.0, 1.0]
            ]
        },
        {
            "name": "Head",
            "time": [0.0, 0.1167, 0.25, 0.3667, 0.4667],
            "transform": [
                [0.888638, -0.013179, 0.45842, 0.0, 0.056436, 0.995132, -0.080792, 0.4, -0.455124, 0.097667, 0.885056, 0.0, 0.0, 0.0, 0.0, 1.0],
                [0.98262, 0.055246, 0.177218, 0.0, -0.012549, 0.972271, -0.233519, 0.4, -0.185205, 0.227237, 0.956066, 0.0, 0.0, 0.0, 0.0, 1.0],
                [0.885717, 0.0034, 0.464213, -0.0, 0.031165, 0.997282, -0.066767, 0.4, -0.463179, 0.073603, 0.883203, 0.0, 0.0, 0.0, 0.0, 1.0],
                [0.90569, 0.024282, 0.423244, 0.0, 0.00397, 0.997829, -0.065742, 0.4, -0.423922, 0.061222, 0.903627, 0.0, 0.0, 0.0, 0.0, 1.0],
                [0.888638, -0.013179, 0.45842, 0.0, 0.056436, 0.995132, -0.080792, 0.4, -0.455124, 0.097667, 0.885056, 0.0, 0.0, 0.0, 0.0, 1.0]
            ]
        },
        {
            "name": "Shoulder_R",
            "time": [0.0, 0.1167, 0.25, 0.3667, 0.4667],
            "transform": [
                [-0.328587, 0.893617, 0.305743, 0.0, 0.105516, -0.286959, 0.952114, 0.4, 0.938561, 0.345113, 0.0, 0.0, 0.0, 0.0, 0.0, 1.0],
                [-0.328587, 0.893617, 0.305743, 0.0, 0.105516, -0.286959, 0.952114, 0.4, 0.938561, 0.345113, 0.0, 0.0, 0.0, 0.0, 0.0, 1.0],
                [-0.328587, 0.893617, 0.305743, -0.0, 0.105516, -0.286959, 0.952114, 0.4, 0.938561, 0.345113, 0.0, 0.0, 0.0, 0.0, 0.0, 1.0],
                [-0.328587, 0.893617, 0.305743, 0.0, 0.105516, -0.286959, 0.952114, 0.4, 0.938561, 0.345113, -0.0, 0.0, 0.0, 0.0, 0.0, 1.0],
                [-0.328587, 0.893617, 0.305743, 0.0, 0.105516, -0.286959, 0.952114, 0.4, 0.938561, 0.345113, 0.0, 0.0, 0.0, 0.0, 0.0, 1.0]
            ]
        },
        {
            "name": "Arm_R",
            "time": [0.0, 0.1167, 0.25, 0.3667, 0.4667],
            "transform": [
                [0.240413, 0.456636, -0.856554, 0.0, 0.590106, 0.631884, 0.502491, 0.39386, 0.770698, -0.626263, -0.117551, -0.0, 0.0, 0.0, 0.0, 1.0],
                [0.27649, 0.593083, -0.756178, 0.0, 0.469788, 0.603014, 0.644727, 0.39386, 0.838363, -0.533504, -0.111896, -0.0, 0.0, 0.0, 0.0, 1.0],
                [0.351168, 0.552155, -0.756178, -0.0, 0.544118, 0.5369, 0.644727, 0.393861, 0.761982, -0.637858, -0.111896, -0.0, 0.0, 0.0, 0.0, 1.0],
                [0.286619, 0.611998, -0.737094, 0.0, 0.451748, 0.592138, 0.667305, 0.393861, 0.844851, -0.524243, -0.106751, -0.0, 0.0, 0.0, 0.0, 1.0],
                [0.240413, 0.456636, -0.856554, 0.0, 0.590106, 0.631884, 0.502491, 0.39386, 0.770698, -0.626263, -0.117551, -0.0, 0.0, 0.0, 0.0, 1.0]
            ]
        },
        {
            "name": "Hand_R",
            "time": [0.0, 0.1167, 0.25, 0.3667, 0.4667],
            "transform": [
                [1.0, 0.0, 0.0, -0.0, -0.0, 0.970458, -0.24127, 0.3, -0.0, 0.24127, 0.970458, -0.0, 0.0, 0.0, 0.0, 1.0],
                [1.0, 0.0, 0.0, 0.0, -0.0, 0.970458, -0.24127, 0.3, -0.0, 0.24127, 0.970458, -0.0, 0.0, 0.0, 0.0, 1.0],
                [1.0, 0.0, 0.0, 0.0, -0.0, 0.970458, -0.24127, 0.3, -0.0, 0.24127, 0.970458, -0.0, 0.0, 0.0, 0.0, 1.0],
                [1.0, 0.0, 0.0, -0.0, -0.0, 0.970458, -0.24127, 0.3, -0.0, 0.24127, 0.970458, 0.0, 0.0, 0.0, 0.0, 1.0],
                [1.0, 0.0, 0.0, -0.0, -0.0, 0.970458, -0.24127, 0.3, -0.0, 0.24127, 0.970458, -0.0, 0.0, 0.0, 0.0, 1.0]
            ]
        },
        {
            "name": "Tool_R",
            "time": [0.0, 0.1167, 0.25, 0.3667, 0.4667],
            "transform": [
                [1.0, -0.0, 0.0, -0.0, 0.0, -0.552111, -0.833771, 0.272858, 0.0, 0.833271, -0.551793, -0.0, 0.0, 0.0, 0.0, 1.0],
                [1.0, -0.0, 0.0, -0.0, 0.0, -0.55211, -0.833771, 0.272858, 0.0, 0.833271, -0.551793, -0.0, 0.0, 0.0, 0.0, 1.0],
                [1.0, -0.0, 0.0, 0.0, 0.0, -0.552111, -0.833771, 0.272858, 0.0, 0.833271, -0.551793, 0.0, 0.0, 0.0, 0.0, 1.0],
                [1.0, -0.0, 0.0, -0.0, 0.0, -0.552111, -0.833771, 0.272858, 0.0, 0.833271, -0.551793, -0.0, 0.0, 0.0, 0.0, 1.0],
                [1.0, -0.0, 0.0, -0.0, 0.0, -0.552111, -0.833771, 0.272858, 0.0, 0.833271, -0.551793, -0.0, 0.0, 0.0, 0.0, 1.0]
            ]
        },
        {
            "name": "Elbow_R",
            "time": [0.0, 0.1167, 0.25, 0.3667, 0.4667],
            "transform": [
                [-1.0, 0.0, -0.0, -0.0, 0.0, -0.0, -1.0, 0.3, -0.0, -1.0, 0.0, -0.0, 0.0, 0.0, 0.0, 1.0],
                [-1.0, 0.0, -0.0, 0.000989, 0.0, -0.164249, -0.986419, 0.362407, -0.0, -0.986419, 0.164249, -0.002027, 0.0, 0.0, 0.0, 1.0],
                [-1.0, 0.0, -0.0, 0.0, 0.0, -0.0, -1.0, 0.3, -0.0, -1.0, 0.0, -0.0, 0.0, 0.0, 0.0, 1.0],
                [-1.0, 0.0, -0.0, 0.000989, 0.0, -0.0, -1.0, 0.362407, -0.0, -1.0, 0.0, -0.002027, 0.0, 0.0, 0.0, 1.0],
                [-1.0, 0.0, -0.0, -0.0, 0.0, -0.0, -1.0, 0.3, -0.0, -1.0, 0.0, -0.0, 0.0, 0.0, 0.0, 1.0]
            ]
        },
        {
            "name": "Shoulder_L",
            "time": [0.0, 0.1167, 0.25, 0.3667, 0.4667],
            "transform": [
                [-0.0, -0.952114, -0.305743, 0.0, 0.0, -0.305743, 0.952114, 0.4, -1.0, -0.0, 0.0, 0.0, 0.0, 0.0, 0.0, 1.0],
                [-0.0, -0.952114, -0.305743, 0.0, 0.0, -0.305743, 0.952114, 0.4, -1.0, -0.0, 0.0, 0.0, 0.0, 0.0, 0.0, 1.0],
                [-0.0, -0.952114, -0.305743, -0.0, 0.0, -0.305743, 0.952114, 0.4, -1.0, 0.0, 0.0, 0.0, 0.0, 0.0, 0.0, 1.0],
                [-0.0, -0.952114, -0.305743, 0.0, 0.0, -0.305743, 0.952114, 0.4, -1.0, 0.0, 0.0, 0.0, 0.0, 0.0, 0.0, 1.0],
                [-0.0, -0.952114, -0.305743, 0.0, 0.0, -0.305743, 0.952114, 0.4, -1.0, -0.0, 0.0, 0.0, 0.0, 0.0, 0.0, 1.0]
            ]
        },
        {
            "name": "Arm_L",
            "time": [0.0, 0.1167, 0.25, 0.3667, 0.4667],
            "transform": [
                [0.316684, 0.894844, 0.314587, 0.0, 0.399398, 0.175024, -0.899916, 0.39386, -0.860344, 0.410635, -0.301971, -0.0, 0.0, 0.0, 0.0, 1.0],
                [0.149148, 0.937438, 0.314587, 0.0, 0.361033, 0.244555, -0.899916, 0.39386, -0.920549, 0.247797, -0.301971, -0.0, 0.0, 0.0, 0.0, 1.0],
                [0.059627, 0.947354, 0.314587, -0.0, 0.336229, 0.277672, -0.899916, 0.39386, -0.939891, 0.159433, -0.301971, 0.0, 0.0, 0.0, 0.0, 1.0],
                [0.142422, 0.938483, 0.314587, 0.0, 0.35927, 0.247137, -0.899916, 0.39386, -0.922302, 0.24119, -0.301971, -0.0, 0.0, 0.0, 0.0, 1.0],
                [0.316684, 0.894844, 0.314587, 0.0, 0.399398, 0.175024, -0.899916, 0.39386, -0.860344, 0.410635, -0.301971, -0.0, 0.0, 0.0, 0.0, 1.0]
            ]
        },
        {
            "name": "Hand_L",
            "time": [0.0, 0.1167, 0.25, 0.3667, 0.4667],
            "transform": [
                [0.999999, 0.000748, 0.000935, -0.0, 0.000555, 0.402349, -0.915487, 0.3, -0.001061, 0.915486, 0.402349, -0.0, 0.0, 0.0, 0.0, 1.0],
                [0.999999, 0.000748, 0.000935, -0.0, 0.000555, 0.402349, -0.915486, 0.3, -0.001061, 0.915486, 0.402349, -0.0, 0.0, 0.0, 0.0, 1.0],
                [0.999999, 0.000748, 0.000935, -0.0, 0.000555, 0.402349, -0.915487, 0.3, -0.001061, 0.915486, 0.402349, 0.0, 0.0, 0.0, 0.0, 1.0],
                [0.999999, 0.000748, 0.000935, -0.0, 0.000555, 0.402349, -0.915487, 0.3, -0.001061, 0.915486, 0.402348, 0.0, 0.0, 0.0, 0.0, 1.0],
                [0.999999, 0.000748, 0.000935, -0.0, 0.000555, 0.402349, -0.915487, 0.3, -0.001061, 0.915486, 0.402349, -0.0, 0.0, 0.0, 0.0, 1.0]
            ]
        },
        {
            "name": "Tool_L",
            "time": [0.0, 0.1167, 0.25, 0.3667, 0.4667],
            "transform": [
                [1.0, 0.0, 0.0, 0.0, 0.0, -0.999836, 0.018122, 0.272858, 0.0, -0.018122, -0.999247, -0.0, 0.0, 0.0, 0.0, 1.0],
                [1.0, 0.0, 0.0, -0.0, 0.0, -0.999836, 0.018122, 0.272858, 0.0, -0.018122, -0.999247, -0.0, 0.0, 0.0, 0.0, 1.0],
                [1.0, 0.0, 0.0, 0.0, 0.0, -0.999836, 0.018122, 0.272858, 0.0, -0.018122, -0.999247, -0.0, 0.0, 0.0, 0.0, 1.0],
                [1.0, 0.0, 0.0, -0.0, 0.0, -0.999836, 0.018122, 0.272858, 0.0, -0.018122, -0.999247, 0.0, 0.0, 0.0, 0.0, 1.0],
                [1.0, 0.0, 0.0, 0.0, 0.0, -0.999836, 0.018122, 0.272858, 0.0, -0.018122, -0.999247, -0.0, 0.0, 0.0, 0.0, 1.0]
            ]
        },
        {
            "name": "Elbow_L",
            "time": [0.0, 0.1167, 0.25, 0.3667, 0.4667],
            "transform": [
                [-1.0, 0.0, 0.0, -0.0, 0.0, 0.55053, -0.834815, 0.3, -0.0, -0.834815, -0.55053, -0.0, 0.0, 0.0, 0.0, 1.0],
                [-1.0, 0.0, -0.0, -0.0, 0.0, -0.0, -1.0, 0.3, -0.0, -1.0, -0.0, -0.0, 0.0, 0.0, 0.0, 1.0],
                [-1.0, 0.0, -0.0, 4.4e-05, 0.0, -0.0, -1.0, 0.393784, -0.0, -1.0, -0.0, -9.6e-05, 0.0, 0.0, 0.0, 1.0],
                [-1.0, 0.0, -0.0, 1.4e-05, 0.0, -0.382164, -0.924094, 0.422465, -0.0, -0.924095, 0.382164, -3.3e-05, 0.0, 0.0, 0.0, 1.0],
                [-1.0, 0.0, 0.0, -0.0, 0.0, 0.55053, -0.834815, 0.3, -0.0, -0.834815, -0.55053, -0.0, 0.0, 0.0, 0.0, 1.0]
            ]
        }
    ]
}