{
    "animation": [
        {
            "name": "Root",
            "time": [0.0, 0.2167, 0.3833, 0.6, 0.7667],
            "transform": [
                [1.0, 0.0, 0.0, -5e-06, 0.0, 0.0, -1.0, 0.000946, 0.0, 1.0, 0.0, 0.735366, 0.0, 0.0, 0.0, 1.0],
                [0.980361, -0.012903, 0.196788, -5e-06, 0.197211, 0.064142, -0.978261, 0.000946, 0.0, 0.997857, 0.065427, 0.584068, 0.0, 0.0, 0.0, 1.0],
                [1.0, 0.0, 0.0, -5e-06, 0.0, 0.0, -1.0, 0.000946, 0.0, 1.0, 0.0, 0.735366, 0.0, 0.0, 0.0, 1.0],
                [0.984466, 0.0, -0.175575, -5e-06, -0.175575, 0.0, -0.984466, 0.000946, 0.0, 1.0, 0.0, 0.584068, 0.0, 0.0, 0.0, 1.0],
                [1.0, 0.0, 0.0, -5e-06, 0.0, 0.0, -1.0, 0.000946, 0.0, 1.0, 0.0, 0.735366, 0.0, 0.0, 0.0, 1.0]
            ]
        },
        {
            "name": "Thigh_R",
            "time": [0.0, 0.1333, 0.2167, 0.3833, 0.6, 0.7667],
            "transform": [
                [0.994337, 0.061139, -0.086917, 0.124994, 0.106262, -0.579234, 0.808205, -0.002831, -0.000932, -0.812863, -0.582453, -1.2e-05, 0.0, 0.0, 0.0, 1.0],
                [0.993882, 0.11014, 0.008212, 0.124994, 0.029683, -0.337988, 0.940682, -0.002831, 0.106382, -0.934681, -0.33919, -1.2e-05, 0.0, 0.0, 0.0, 1.0],
                [0.988301, 0.133272, 0.07415, 0.124994, -0.009978, -0.428644, 0.903418, -0.002831, 0.152185, -0.893588, -0.422301, -1.2e-05, 0.0, 0.0, 0.0, 1.0],
                [0.999996, -0.001614, -0.002193, 0.124994, -0.001478, -0.998156, 0.060645, -0.002831, -0.002287, -0.060641, -0.998157, -1.2e-05, 0.0, 0.0, 0.0, 1.0],
                [0.991165, 0.089844, -0.097562, 0.124994, -0.0, -0.735597, -0.677418, -0.002831, -0.132629, 0.671432, -0.7291, -1.2e-05, 0.0, 0.0, 0.0, 1.0],
                [0.994337, 0.061139, -0.086917, 0.124994, 0.106262, -0.579234, 0.808205, -0.002831, -0.000932, -0.812863, -0.582453, -1.2e-05, 0.0, 0.0, 0.0, 1.0]
            ]
        },
        {
            "name": "Leg_R",
            "time": [0.0, 0.1333, 0.2167, 0.3833, 0.6, 0.7667],
            "transform": [
                [1.0, -0.0, 1e-06, -0.0, -1e-06, -0.184017, 0.982923, 0.37472, -0.0, -0.982924, -0.184016, 0.0, 0.0, 0.0, 0.0, 1.0],
                [1.0, 0.0, 1e-06, 0.0, -1e-06, 0.465533, 0.88503, 0.37472, -0.0, -0.885031, 0.465532, -0.0, 0.0, 0.0, 0.0, 1.0],
                [1.0, 0.0, 1e-06, -0.0, -1e-06, 0.489868, 0.871796, 0.37472, -0.0, -0.871797, 0.489867, -0.0, 0.0, 0.0, 0.0, 1.0],
                [1.0, 0.0, 1e-06, -0.0, -0.0, 0.905651, 0.424025, 0.37472, -1e-06, -0.424026, 0.905649, -0.0, 0.0, 0.0, 0.0, 1.0],
                [1.0, 0.0, 0.0, -0.0, -0.0, 0.993952, 0.109825, 0.37472, -0.0, -0.109825, 0.99395, -0.0, 0.0, 0.0, 0.0, 1.0],
                [1.0, -0.0, 1e-06, -0.0, -1e-06, -0.184017, 0.982923, 0.37472, -0.0, -0.982924, -0.184016, 0.0, 0.0, 0.0, 0.0, 1.0]
            ]
        },
        {
            "name": "Knee_R",
            "time": [0.0, 0.2167, 0.3833, 0.6, 0.7667],
            "transform": [
                [1.0, 0.0, -0.0, 0.0, -0.0, 1e-06, -1.0, 0.471392, -0.0, 1.0, 1e-06, -0.004956, 0.0, 0.0, 0.0, 1.0],
                [1.0, -0.0, -0.0, 0.0, -0.0, -0.293506, -0.955957, 0.427012, -0.0, 0.955957, -0.293506, -0.001877, 0.0, 0.0, 0.0, 1.0],
                [1.0, 0.0, -0.0, -0.0, -0.0, 1e-06, -1.0, 0.37472, -0.0, 1.0, 1e-06, -0.0, 0.0, 0.0, 0.0, 1.0],
                [1.0, 0.0, -0.0, -0.0, -0.0, 1e-06, -1.0, 0.37472, -0.0, 1.0, 1e-06, -0.0, 0.0, 0.0, 0.0, 1.0],
                [1.0, 0.0, -0.0, 0.0, -0.0, 1e-06, -1.0, 0.471392, -0.0, 1.0, 1e-06, -0.004956, 0.0, 0.0, 0.0, 1.0]
            ]
        },
        {
            "name": "Thigh_L",
            "time": [0.0, 0.1333, 0.2167, 0.3833, 0.4833, 0.6, 0.7667],
            "transform": [
                [0.999712, -0.023953, 0.0, -0.125006, -0.02367, -0.987936, 0.153042, -0.002831, -0.003666, -0.152998, -0.988219, -1.2e-05, 0.0, 0.0, 0.0, 1.0],
                [0.996136, -0.054837, 0.068593, -0.125006, -0.01578, -0.880133, -0.474465, -0.002831, 0.086389, 0.47155, -0.877597, -1.2e-05, 0.0, 0.0, 0.0, 1.0],
                [0.991789, -0.075494, 0.103219, -0.125006, -0.008367, -0.843731, -0.536701, -0.002831, 0.127607, 0.531431, -0.837435, -1.2e-05, 0.0, 0.0, 0.0, 1.0],
                [0.993048, -0.068809, 0.095495, -0.125006, -0.117618, -0.549558, 0.827134, -0.002831, -0.004434, -0.832617, -0.553831, -1.2e-05, 0.0, 0.0, 0.0, 1.0],
                [0.991556, -0.118881, -0.051797, -0.125006, 0.0, -0.399436, 0.916761, -0.002831, -0.129675, -0.90902, -0.396064, -1.2e-05, 0.0, 0.0, 0.0, 1.0],
                [0.978383, -0.183606, -0.095151, -0.125006, -0.0, -0.460122, 0.887855, -0.002831, -0.206796, -0.868664, -0.450176, -1.2e-05, 0.0, 0.0, 0.0, 1.0],
                [0.999712, -0.023953, 0.0, -0.125006, -0.02367, -0.987936, 0.153042, -0.002831, -0.003666, -0.152998, -0.988219, -1.2e-05, 0.0, 0.0, 0.0, 1.0]
            ]
        },
        {
            "name": "Leg_L",
            "time": [0.0, 0.1333, 0.2167, 0.3833, 0.4833, 0.6, 0.7667],
            "transform": [
                [1.0, -0.0, 1e-06, 0.0, -0.0, 0.909076, 0.416629, 0.37472, -1e-06, -0.416629, 0.909077, 0.0, 0.0, 0.0, 0.0, 1.0],
                [1.0, 0.0, 1e-06, 0.0, -0.0, 0.977532, 0.210787, 0.37472, -0.0, -0.210787, 0.977532, 0.0, 0.0, 0.0, 0.0, 1.0],
                [1.0, 0.0, 1e-06, 0.0, -1e-06, 0.965139, 0.261736, 0.37472, -1e-06, -0.261735, 0.96514, -0.0, 0.0, 0.0, 0.0, 1.0],
                [1.0, -0.0, 1e-06, -0.0, -1e-06, 0.013859, 0.999904, 0.37472, -0.0, -0.999904, 0.013859, 0.0, 0.0, 0.0, 0.0, 1.0],
                [1.0, 0.0, 1e-06, -0.0, -1e-06, 0.671378, 0.741115, 0.37472, -0.0, -0.741115, 0.671379, -0.0, 0.0, 0.0, 0.0, 1.0],
                [1.0, 0.0, 1e-06, 0.0, -1e-06, 0.510381, 0.859949, 0.37472, -0.0, -0.859948, 0.510381, 0.0, 0.0, 0.0, 0.0, 1.0],
                [1.0, -0.0, 1e-06, 0.0, -0.0, 0.909076, 0.416629, 0.37472, -1e-06, -0.416629, 0.909077, 0.0, 0.0, 0.0, 0.0, 1.0]
            ]
        },
        {
            "name": "Knee_L",
            "time": [0.0, 0.2167, 0.3833, 0.4833, 0.6, 0.7667],
            "transform": [
                [1.0, 0.0, -0.0, 0.0, -0.0, 1e-06, -1.0, 0.37472, -0.0, 1.0, 1e-06, 0.0, 0.0, 0.0, 0.0, 1.0],
                [1.0, 0.0, -0.0, 0.0, -0.0, 1e-06, -1.0, 0.385335, -0.0, 1.0, 1e-06, -0.001833, 0.0, 0.0, 0.0, 1.0],
                [1.0, 0.0, -0.0, 0.0, -0.0, 1e-06, -1.0, 0.476473, -0.0, 1.0, 1e-06, -0.000924, 0.0, 0.0, 0.0, 1.0],
                [1.0, -0.0, -0.0, 0.0, -0.0, -0.36398, -0.931407, 0.465286, -0.0, 0.931407, -0.36398, -0.002135, 0.0, 0.0, 0.0, 1.0],
                [1.0, 0.0, -0.0, 0.0, -0.0, -0.183931, -0.982939, 0.432729, -0.0, 0.982939, -0.183931, -0.003694, 0.0, 0.0, 0.0, 1.0],
                [1.0, 0.0, -0.0, 0.0, -0.0, 1e-06, -1.0, 0.37472, -0.0, 1.0, 1e-06, 0.0, 0.0, 0.0, 0.0, 1.0]
            ]
        },
        {
            "name": "Torso",
            "time": [0.0, 0.2167, 0.3833, 0.6, 0.7667],
            "transform": [
                [1.0, 0.0, 0.0, 0.0, 0.0, 0.733895, 0.679263, 0.05, 0.0, -0.679263, 0.733895, 0.0, 0.0, 0.0, 0.0, 1.0],
                [1.0, 0.0, -0.0, -0.0, 0.0, 0.894832, 0.446403, 0.05, -0.0, -0.446403, 0.894832, 0.0, 0.0, 0.0, 0.0, 1.0],
                [1.0, 0.0, 0.0, 0.0, 0.0, 0.770116, 0.637904, 0.05, 0.0, -0.637904, 0.770116, 0.0, 0.0, 0.0, 0.0, 1.0],
                [1.0, -0.0, 0.0, 0.0, 0.0, 0.833206, 0.552963, 0.05, 0.0, -0.552964, 0.833206, -0.0, 0.0, 0.0, 0.0, 1.0],
                [1.0, 0.0, 0.0, 0.0, 0.0, 0.733895, 0.679263, 0.05, 0.0, -0.679263, 0.733895, 0.0, 0.0, 0.0, 0.0, 1.0]
            ]
        },
        {
            "name": "Chest",
            "time": [0.0, 0.2167, 0.3833, 0.6, 0.7667],
            "transform": [
                [1.0, 0.0, 0.0, 0.0, 0.0, 0.942873, 0.333153, 0.3, 0.0, -0.333153, 0.942873, -0.0, 0.0, 0.0, 0.0, 1.0],
                [0.987462, 0.131885, -0.086747, -0.0, -0.079559, 0.890427, 0.448119, 0.3, 0.136342, -0.435599, 0.889755, -0.0, 0.0, 0.0, 0.0, 1.0],
                [1.0, 0.0, 0.0, 0.0, 0.0, 0.969111, 0.246626, 0.3, 0.0, -0.246626, 0.969111, -0.0, 0.0, 0.0, 0.0, 1.0],
                [0.989529, -0.12038, 0.079633, -0.0, 0.079813, 0.916056, 0.39303, 0.3, -0.120262, -0.382559, 0.916071, -0.0, 0.0, 0.0, 0.0, 1.0],
                [1.0, 0.0, 0.0, 0.0, 0.0, 0.942873, 0.333153, 0.3, 0.0, -0.333153, 0.942873, -0.0, 0.0, 0.0, 0.0, 1.0]
            ]
        },
        {
            "name": "Head",
            "time": [0.0, 0.2167, 0.3833, 0.6, 0.7667],
            "transform": [
                [1.0, 0.0, 0.0, 0.0, 0.0, 0.657941, -0.753069, 0.4, 0.0, 0.753069, 0.657941, 0.0, 0.0, 0.0, 0.0, 1.0],
                [1.0, -0.0, 0.0, 0.0, 0.0, 0.536012, -0.84421, 0.4, 0.0, 0.84421, 0.536012, 0.0, 0.0, 0.0, 0.0, 1.0],
                [1.0, 0.0, 0.0, -0.0, 0.0, 0.715328, -0.698789, 0.4, 0.0, 0.698789, 0.715328, 0.0, 0.0, 0.0, 0.0, 1.0],
                [1.0, 0.0, 0.0, 0.0, 0.0, 0.536012, -0.84421, 0.4, 0.0, 0.844211, 0.536012, 0.0, 0.0, 0.0, 0.0, 1.0],
                [1.0, 0.0, 0.0, 0.0, 0.0, 0.657941, -0.753069, 0.4, 0.0, 0.753069, 0.657941, 0.0, 0.0, 0.0, 0.0, 1.0]
            ]
        },
        {
            "name": "Shoulder_R",
            "time": [0.0, 0.2167, 0.3833, 0.6, 0.7667],
            "transform": [
                [-0.345806, 0.748341, 0.566042, 0.0, 0.065933, -0.582389, 0.810232, 0.4, 0.935986, 0.317504, 0.152053, 0.0, 0.0, 0.0, 0.0, 1.0],
                [-0.345806, 0.748341, 0.566042, 0.0, 0.065933, -0.582389, 0.810232, 0.4, 0.935986, 0.317504, 0.152053, 0.0, 0.0, 0.0, 0.0, 1.0],
                [-0.345806, 0.748341, 0.566042, -0.0, 0.065933, -0.582389, 0.810232, 0.4, 0.935987, 0.317504, 0.152053, 0.0, 0.0, 0.0, 0.0, 1.0],
                [-0.345806, 0.748341, 0.566042, 0.0, 0.065934, -0.582389, 0.810232, 0.4, 0.935987, 0.317504, 0.152053, 0.0, 0.0, 0.0, 0.0, 1.0],
                [-0.345806, 0.748341, 0.566042, 0.0, 0.065933, -0.582389, 0.810232, 0.4, 0.935986, 0.317504, 0.152053, 0.0, 0.0, 0.0, 0.0, 1.0]
            ]
        },
        {
            "name": "Arm_R",
            "time": [0.0, 0.2167, 0.3833, 0.6, 0.7667],
            "transform": [
                [-0.657272, 0.544622, -0.520942, 0.0, 0.753645, 0.471732, -0.457698, 0.39386, -0.003527, -0.693437, -0.720508, 0.0, 0.0, 0.0, 0.0, 1.0],
                [-0.657272, 0.544622, -0.520942, 0.0, 0.753645, 0.471732, -0.457698, 0.39386, -0.003527, -0.693437, -0.720508, 0.0, 0.0, 0.0, 0.0, 1.0],
                [-0.657272, 0.544622, -0.520942, 0.0, 0.753645, 0.471732, -0.457698, 0.39386, -0.003527, -0.693437, -0.720508, 0.0, 0.0, 0.0, 0.0, 1.0],
                [-0.657272, 0.544622, -0.520942, 0.0, 0.753645, 0.471732, -0.457698, 0.39386, -0.003527, -0.693437, -0.720508, -0.0, 0.0, 0.0, 0.0, 1.0],
                [-0.657272, 0.544622, -0.520942, 0.0, 0.753645, 0.471732, -0.457698, 0.39386, -0.003527, -0.693437, -0.720508, 0.0, 0.0, 0.0, 0.0, 1.0]
            ]
        },
        {
            "name": "Hand_R",
            "time": [0.0, 0.2167, 0.3833, 0.6, 0.7667],
            "transform": [
                [0.999998, 0.000439, 0.00177, -0.0, 0.000868, 0.739031, -0.673671, 0.3, -0.001604, 0.673671, 0.739029, 0.0, 0.0, 0.0, 0.0, 1.0],
                [0.999998, 0.000439, 0.00177, -0.0, 0.000868, 0.739031, -0.673671, 0.3, -0.001603, 0.673671, 0.739029, 0.0, 0.0, 0.0, 0.0, 1.0],
                [0.999998, 0.000439, 0.00177, -0.0, 0.000868, 0.739031, -0.673671, 0.3, -0.001603, 0.673671, 0.739029, -0.0, 0.0, 0.0, 0.0, 1.0],
                [0.999998, 0.000439, 0.00177, 0.0, 0.000868, 0.739031, -0.673671, 0.3, -0.001603, 0.673672, 0.739029, -0.0, 0.0, 0.0, 0.0, 1.0],
                [0.999998, 0.000439, 0.00177, -0.0, 0.000868, 0.739031, -0.673671, 0.3, -0.001604, 0.673671, 0.739029, 0.0, 0.0, 0.0, 0.0, 1.0]
            ]
        },
        {
            "name": "Tool_R",
            "time": [0.0, 0.2167, 0.3833, 0.6, 0.7667],
            "transform": [
                [-0.223622, 0.345015, -0.911569, -0.749324, 0.205186, -0.89763, -0.390075, -0.115955, -0.952267, -0.274118, 0.129856, 0.217126, 0.0, 0.0, 0.0, 1.0],
                [-0.223622, 0.345015, -0.911569, -0.749324, 0.205186, -0.89763, -0.390075, -0.115955, -0.952267, -0.274118, 0.129856, 0.217126, 0.0, 0.0, 0.0, 1.0],
                [-0.223622, 0.345015, -0.911569, -0.749324, 0.205186, -0.89763, -0.390075, -0.115955, -0.952267, -0.274118, 0.129856, 0.217126, 0.0, 0.0, 0.0, 1.0],
                [-0.223622, 0.345015, -0.911569, -0.749324, 0.205186, -0.89763, -0.390075, -0.115955, -0.952267, -0.274118, 0.129856, 0.217126, 0.0, 0.0, 0.0, 1.0],
                [-0.223622, 0.345015, -0.911569, -0.749324, 0.205186, -0.89763, -0.390075, -0.115955, -0.952267, -0.274118, 0.129856, 0.217126, 0.0, 0.0, 0.0, 1.0]
            ]
        },
        {
            "name": "Elbow_R",
            "time": [0.0, 0.2167, 0.3833, 0.6, 0.7667],
            "transform": [
                [-1.0, 0.0, -0.0, -0.001666, 0.0, -0.172433, -0.985021, 0.388537, -0.0, -0.985021, 0.172433, -0.002774, 0.0, 0.0, 0.0, 1.0],
                [-1.0, 0.0, -0.0, -0.001666, 0.0, -0.172433, -0.985021, 0.388537, -0.0, -0.985021, 0.172433, -0.002774, 0.0, 0.0, 0.0, 1.0],
                [-1.0, 0.0, -0.0, -0.001667, 0.0, -0.172433, -0.985021, 0.388537, -0.0, -0.985021, 0.172433, -0.002774, 0.0, 0.0, 0.0, 1.0],
                [-1.0, 0.0, -0.0, -0.001666, 0.0, -0.172433, -0.985021, 0.388537, -0.0, -0.985021, 0.172433, -0.002774, 0.0, 0.0, 0.0, 1.0],
                [-1.0, 0.0, -0.0, -0.001666, 0.0, -0.172433, -0.985021, 0.388537, -0.0, -0.985021, 0.172433, -0.002774, 0.0, 0.0, 0.0, 1.0]
            ]
        },
        {
            "name": "Shoulder_L",
            "time": [0.0, 0.2167, 0.3833, 0.6, 0.7667],
            "transform": [
                [0.354942, -0.934421, 0.029548, 0.0, -0.060484, 0.008588, 0.998132, 0.4, -0.93293, -0.356066, -0.053469, 0.0, 0.0, 0.0, 0.0, 1.0],
                [0.244728, -0.961553, 0.124595, 0.0, -0.091025, 0.10515, 0.990282, 0.4, -0.96531, -0.253691, -0.061793, 0.0, 0.0, 0.0, 0.0, 1.0],
                [0.354942, -0.934421, 0.029548, -0.0, -0.060484, 0.008588, 0.998132, 0.4, -0.93293, -0.356066, -0.053469, 0.0, 0.0, 0.0, 0.0, 1.0],
                [0.244728, -0.961553, 0.124595, 0.0, -0.091025, 0.10515, 0.990282, 0.4, -0.96531, -0.253691, -0.061793, 0.0, 0.0, 0.0, 0.0, 1.0],
                [0.354942, -0.934421, 0.029548, 0.0, -0.060484, 0.008588, 0.998132, 0.4, -0.93293, -0.356066, -0.053469, 0.0, 0.0, 0.0, 0.0, 1.0]
            ]
        },
        {
            "name": "Arm_L",
            "time": [0.0, 0.2167, 0.3833, 0.6, 0.7667],
            "transform": [
                [0.260801, 0.903137, 0.341066, 0.0, -0.499127, 0.428553, -0.753137, 0.39386, -0.826351, 0.026183, 0.562547, -0.0, 0.0, 0.0, 0.0, 1.0],
                [0.298857, 0.800368, 0.519707, -0.0, -0.303203, 0.596015, -0.743528, 0.39386, -0.904849, 0.064631, 0.420797, 0.0, 0.0, 0.0, 0.0, 1.0],
                [0.260801, 0.903137, 0.341066, 0.0, -0.499127, 0.428553, -0.753137, 0.39386, -0.826351, 0.026183, 0.562546, -0.0, 0.0, 0.0, 0.0, 1.0],
                [0.329562, 0.804763, 0.493706, 0.0, -0.310828, 0.586251, -0.748129, 0.39386, -0.891501, 0.093097, 0.443349, 0.0, 0.0, 0.0, 0.0, 1.0],
                [0.260801, 0.903137, 0.341066, 0.0, -0.499127, 0.428553, -0.753137, 0.39386, -0.826351, 0.026183, 0.562547, -0.0, 0.0, 0.0, 0.0, 1.0]
            ]
        },
        {
            "name": "Hand_L",
            "time": [0.0, 0.2167, 0.3833, 0.6, 0.7667],
            "transform": [
                [0.999802, -0.014798, 0.013301, 0.0, 0.019896, 0.751415, -0.65953, 0.3, -0.000235, 0.659664, 0.751561, -0.0, 0.0, 0.0, 0.0, 1.0],
                [0.999802, -0.014798, 0.013301, -0.0, 0.019896, 0.751415, -0.65953, 0.3, -0.000235, 0.659664, 0.751561, 0.0, 0.0, 0.0, 0.0, 1.0],
                [0.999802, -0.014798, 0.013301, -0.0, 0.019895, 0.751415, -0.65953, 0.3, -0.000235, 0.659664, 0.751561, 0.0, 0.0, 0.0, 0.0, 1.0],
                [0.999802, -0.014798, 0.013301, 0.0, 0.019896, 0.751415, -0.65953, 0.3, -0.000235, 0.659664, 0.751561, 0.0, 0.0, 0.0, 0.0, 1.0],
                [0.999802, -0.014798, 0.013301, 0.0, 0.019896, 0.751415, -0.65953, 0.3, -0.000235, 0.659664, 0.751561, -0.0, 0.0, 0.0, 0.0, 1.0]
            ]
        },
        {
            "name": "Tool_L",
            "time": [0.0, 0.2167, 0.3833, 0.6, 0.7667],
            "transform": [
                [1.0, 0.0, 0.0, -0.0, 0.0, -0.999836, 0.018122, 0.272858, 0.0, -0.018122, -0.999247, -0.0, 0.0, 0.0, 0.0, 1.0],
                [1.0, -0.0, 0.0, 0.0, 0.0, -0.999836, 0.018122, 0.272858, 0.0, -0.018122, -0.999248, -0.0, 0.0, 0.0, 0.0, 1.0],
                [1.0, 0.0, 0.0, 0.0, 0.0, -0.999836, 0.018122, 0.272858, 0.0, -0.018122, -0.999247, 0.0, 0.0, 0.0, 0.0, 1.0],
                [1.0, -0.0, 0.0, -0.0, 0.0, -0.999836, 0.018122, 0.272858, 0.0, -0.018122, -0.999247, -0.0, 0.0, 0.0, 0.0, 1.0],
                [1.0, 0.0, 0.0, -0.0, 0.0, -0.999836, 0.018122, 0.272858, 0.0, -0.018122, -0.999247, -0.0, 0.0, 0.0, 0.0, 1.0]
            ]
        },
        {
            "name": "Elbow_L",
            "time": [0.0, 0.2167, 0.3833, 0.6, 0.7667],
            "transform": [
                [-1.0, 0.0, -0.0, -0.001234, -0.0, -0.0, -1.0, 0.36851, -0.0, -1.0, -0.0, -0.001546, 0.0, 0.0, 0.0, 1.0],
                [-1.0, 0.0, -0.0, -0.001234, 0.0, -0.0, -1.0, 0.368511, -0.0, -1.0, 0.0, -0.001546, 0.0, 0.0, 0.0, 1.0],
                [-1.0, 0.0, -0.0, -0.001234, 0.0, -0.0, -1.0, 0.368511, -0.0, -1.0, -0.0, -0.001546, 0.0, 0.0, 0.0, 1.0],
                [-1.0, 0.0, -0.0, -0.001234, 0.0, -0.0, -1.0, 0.368511, -0.0, -1.0, 0.0, -0.001546, 0.0, 0.0, 0.0, 1.0],
                [-1.0, 0.0, -0.0, -0.001234, -0.0, -0.0, -1.0, 0.36851, -0.0, -1.0, -0.0, -0.001546, 0.0, 0.0, 0.0, 1.0]
            ]
        }
    ]
}