{
    "animation": [
        {
            "name": "Root",
            "time": [0.0, 0.15, 0.1833, 0.2167, 0.2667, 0.6667, 0.85, 0.9833, 1.55, 1.7333, 1.85, 2.0833, 2.2833, 2.55],
            "transform": [
                [0.854163, 0.028525, -0.518563, -5e-06, -0.519033, 0.0, -0.854089, 0.000946, -0.024476, 0.995447, 0.014859, 0.753683, 0.0, 0.0, 0.0, 1.0],
                [0.515163, 0.031891, -0.855829, 0.003836, -0.747847, 0.502479, -0.430863, -2.216598, 0.418235, 0.859201, 0.283744, 0.383812, 0.0, 0.0, 0.0, 1.0],
                [0.510068, 0.029516, -0.858958, 0.003914, -0.749332, 0.503466, -0.427108, -2.260592, 0.421805, 0.858708, 0.279941, 0.443012, 0.0, 0.0, 0.0, 1.0],
                [0.506674, 0.027422, -0.861032, 0.003964, -0.75063, 0.503209, -0.425133, -2.288616, 0.423586, 0.858928, 0.276556, 0.407165, 0.0, 0.0, 0.0, 1.0],
                [0.502404, 0.024245, -0.863624, 0.004023, -0.752586, 0.501938, -0.423186, -2.322536, 0.425198, 0.859767, 0.271413, 0.472282, 0.0, 0.0, 0.0, 1.0],
                [0.480613, 0.006686, -0.876237, 0.004322, -0.763174, 0.493288, -0.414393, -2.491713, 0.431468, 0.865073, 0.243071, 0.475397, 0.0, 0.0, 0.0, 1.0],
                [0.698718, 0.135877, 0.70163, 0.00469, 0.684499, 0.155873, -0.711378, 2.749891, -0.206985, 0.974151, 0.015961, 0.398088, 0.0, 0.0, 0.0, 1.0],
                [0.862945, -0.01057, 0.504529, 0.004322, 0.466762, -0.36286, -0.805212, 2.76995, 0.192477, 0.927334, -0.309324, 1.572046, 0.0, 0.0, 0.0, 1.0],
                [0.862502, -0.015375, 0.50516, 0.004322, 0.49002, -0.220135, -0.842568, 2.695672, 0.124737, 0.971099, -0.183001, 1.839174, 0.0, 0.0, 0.0, 1.0],
                [0.919909, 0.010593, 0.391267, 0.004322, 0.172151, 0.883201, -0.428421, 2.695672, -0.351737, 0.459971, 0.813611, 0.777386, 0.0, 0.0, 0.0, 1.0],
                [0.896106, -0.084303, 0.435007, 0.004322, 0.346731, 0.742497, -0.568659, 2.695672, -0.276333, 0.65827, 0.697131, 0.462487, 0.0, 0.0, 0.0, 1.0],
                [0.904738, -0.058496, 0.421203, 0.004322, 0.301406, 0.784286, -0.5371, 2.695672, -0.300319, 0.610903, 0.729869, 0.48313, 0.0, 0.0, 0.0, 1.0],
                [0.912105, -0.068971, 0.403357, 0.004322, 0.242845, 0.88137, -0.396847, 2.695672, -0.329665, 0.45843, 0.823658, 0.645897, 0.0, 0.0, 0.0, 1.0],
                [0.913313, 0.011316, 0.406391, 0.004322, 0.406162, 0.028185, -0.912684, 2.343374, -0.021883, 0.995392, 0.021223, 0.74669, 0.0, 0.0, 0.0, 1.0]
            ]
        },
        {
            "name": "Thigh_R",
            "time": [0.0, 0.15, 0.6667, 0.85, 0.9833, 1.55, 1.7333, 1.85, 2.0833, 2.2833, 2.4333, 2.55],
            "transform": [
                [0.842726, 0.11785, 0.525284, 0.124994, 0.079929, -0.992318, 0.094402, -0.002831, 0.532375, -0.037569, -0.845675, -1.2e-05, 0.0, 0.0, 0.0, 1.0],
                [0.942419, 0.334334, 0.00817, 0.124994, 0.33312, -0.940596, 0.065623, -0.002831, 0.029625, -0.059122, -0.997811, -1.2e-05, 0.0, 0.0, 0.0, 1.0],
                [0.931645, 0.358579, -0.058809, 0.124994, 0.361583, -0.93087, 0.0523, -0.002831, -0.03599, -0.069988, -0.996899, -1.2e-05, 0.0, 0.0, 0.0, 1.0],
                [0.747187, 0.590048, -0.305866, 0.124994, 0.239012, 0.190866, 0.952073, -0.002831, 0.620149, -0.784481, 0.001584, -1.2e-05, 0.0, 0.0, 0.0, 1.0],
                [0.866632, 0.474324, -0.154807, 0.124994, 0.052823, 0.221302, 0.973774, -0.002831, 0.496144, -0.852079, 0.166733, -1.2e-05, 0.0, 0.0, 0.0, 1.0],
                [0.784552, 0.614743, -0.081033, 0.124994, 0.01616, 0.110368, 0.993759, -0.00283, 0.619851, -0.780965, 0.076655, -1.2e-05, 0.0, 0.0, 0.0, 1.0],
                [0.916981, 0.38985, 0.084627, 0.124994, -0.049435, -0.099455, 0.993813, -0.002831, 0.395855, -0.91549, -0.071927, -1.2e-05, 0.0, 0.0, 0.0, 1.0],
                [0.948438, 0.276346, -0.155235, 0.124994, -0.047162, 0.607343, 0.793038, -0.002831, 0.313434, -0.744825, 0.589061, -1.2e-05, 0.0, 0.0, 0.0, 1.0],
                [0.937938, 0.292175, -0.18683, 0.124994, -0.039463, 0.625139, 0.779514, -0.002831, 0.34455, -0.723762, 0.597873, -1.2e-05, 0.0, 0.0, 0.0, 1.0],
                [0.894533, 0.426872, -0.132624, 0.124994, -0.100902, 0.481871, 0.870413, -0.00283, 0.435463, -0.76523, 0.474123, -1.2e-05, 0.0, 0.0, 0.0, 1.0],
                [0.833811, 0.39676, 0.383848, 0.124994, -0.006867, -0.687805, 0.725861, -0.002831, 0.552006, -0.607866, -0.570777, -1.2e-05, 0.0, 0.0, 0.0, 1.0],
                [0.842726, 0.11785, 0.525284, 0.124994, 0.079929, -0.992318, 0.094402, -0.002831, 0.532375, -0.037569, -0.845675, -1.1e-05, 0.0, 0.0, 0.0, 1.0]
            ]
        },
        {
            "name": "Leg_R",
            "time": [0.0, 0.15, 0.6667, 0.85, 0.9833, 1.55, 1.7333, 1.85, 2.0833, 2.2833, 2.4333, 2.55],
            "transform": [
                [1.0, -0.0, 1e-06, -0.0, 0.0, 0.997612, 0.069073, 0.37472, -1e-06, -0.069073, 0.997611, -0.0, 0.0, 0.0, 0.0, 1.0],
                [1.0, -1e-06, 1e-06, -0.0, 0.0, 0.888894, 0.458114, 0.37472, -1e-06, -0.458115, 0.888892, 0.0, 0.0, 0.0, 0.0, 1.0],
                [1.0, -1e-06, 1e-06, -0.0, 0.0, 0.864326, 0.502932, 0.37472, -1e-06, -0.502932, 0.864325, 0.0, 0.0, 0.0, 0.0, 1.0],
                [1.0, -1e-06, -0.0, 0.0, 0.0, 0.010636, 0.999943, 0.37472, -1e-06, -0.999944, 0.010636, -0.0, 0.0, 0.0, 0.0, 1.0],
                [1.0, -1e-06, -0.0, -0.0, -0.0, -0.453506, 0.891253, 0.37472, -1e-06, -0.891254, -0.453505, -0.0, 0.0, 0.0, 0.0, 1.0],
                [0.999998, -0.002079, -0.000216, -0.0, 7e-06, -0.099633, 0.995024, 0.37472, -0.00209, -0.995023, -0.099633, -0.0, 0.0, 0.0, 0.0, 1.0],
                [1.0, -0.0, 1e-06, 0.0, -0.0, 0.919807, 0.392372, 0.37472, -1e-06, -0.392373, 0.919805, -0.0, 0.0, 0.0, 0.0, 1.0],
                [1.0, -0.0, 1e-06, 0.0, -0.0, 0.64772, 0.761878, 0.37472, -1e-06, -0.761879, 0.647719, 0.0, 0.0, 0.0, 0.0, 1.0],
                [1.0, -1e-06, 1e-06, 0.0, -0.0, 0.541011, 0.841015, 0.37472, -1e-06, -0.841016, 0.541011, -0.0, 0.0, 0.0, 0.0, 1.0],
                [1.0, -1e-06, 1e-06, -0.0, -0.0, 0.651637, 0.758531, 0.37472, -1e-06, -0.758532, 0.651636, -0.0, 0.0, 0.0, 0.0, 1.0],
                [1.0, -1e-06, 0.0, -0.0, 0.0, 0.52591, 0.85054, 0.37472, -1e-06, -0.850541, 0.525909, -0.0, 0.0, 0.0, 0.0, 1.0],
                [1.0, -0.0, 1e-06, 0.0, 0.0, 0.997612, 0.069073, 0.37472, -1e-06, -0.069073, 0.997611, 0.0, 0.0, 0.0, 0.0, 1.0]
            ]
        },
        {
            "name": "Knee_R",
            "time": [0.0, 0.15, 0.6667, 0.85, 0.9833, 1.55, 1.7333, 1.85, 2.0833, 2.2833, 2.55],
            "transform": [
                [1.0, 0.0, -0.0, -0.0, -0.0, 1e-06, -1.0, 0.37472, -0.0, 1.0, 1e-06, -0.0, 0.0, 0.0, 0.0, 1.0],
                [1.0, 0.0, -0.0, -0.0, -0.0, 1e-06, -1.0, 0.37472, -0.0, 1.0, 1e-06, 0.0, 0.0, 0.0, 0.0, 1.0],
                [1.0, 0.0, -0.0, -0.0, -0.0, 1e-06, -1.0, 0.37472, -0.0, 1.0, 1e-06, 0.0, 0.0, 0.0, 0.0, 1.0],
                [1.0, 0.0, -0.0, 0.0, -0.0, 1e-06, -1.0, 0.37472, -0.0, 1.0, 1e-06, -0.0, 0.0, 0.0, 0.0, 1.0],
                [1.0, 0.0, -0.0, -0.0, -0.0, 0.831126, -0.556084, 0.37472, -0.0, 0.556084, 0.831126, -0.0, 0.0, 0.0, 0.0, 1.0],
                [1.0, 0.0, -0.0, -0.0, -0.0, 0.885773, -0.464119, 0.37472, -0.0, 0.464119, 0.885773, -0.0, 0.0, 0.0, 0.0, 1.0],
                [1.0, 0.0, -0.0, 0.0, -0.0, 0.435458, -0.900209, 0.37472, -0.0, 0.900209, 0.435458, -0.0, 0.0, 0.0, 0.0, 1.0],
                [1.0, 0.0, -0.0, 0.0, -0.0, 0.529446, -0.848343, 0.37472, -0.0, 0.848343, 0.529446, 0.0, 0.0, 0.0, 0.0, 1.0],
                [1.0, 0.0, -0.0, 0.0, -0.0, 0.51213, -0.858908, 0.37472, -0.0, 0.858908, 0.51213, -0.0, 0.0, 0.0, 0.0, 1.0],
                [1.0, 0.0, -0.0, -0.0, -0.0, 0.357782, -0.933805, 0.37472, -0.0, 0.933805, 0.357782, -0.0, 0.0, 0.0, 0.0, 1.0],
                [1.0, 0.0, -0.0, 0.0, -0.0, 1e-06, -1.0, 0.37472, -0.0, 1.0, 1e-06, 0.0, 0.0, 0.0, 0.0, 1.0]
            ]
        },
        {
            "name": "Thigh_L",
            "time": [0.0, 0.15, 0.6667, 0.85, 0.9167, 0.9833, 1.55, 1.7333, 1.85, 2.0833, 2.2833, 2.55],
            "transform": [
                [0.869243, -0.05516, -0.491298, -0.125006, -0.021407, -0.997024, 0.074063, -0.002831, -0.493921, -0.053862, -0.867837, -1.2e-05, 0.0, 0.0, 0.0, 1.0],
                [0.478258, -0.728807, 0.490009, -0.125006, -0.058211, 0.530423, 0.845732, -0.002831, -0.876287, -0.433003, 0.211254, -1.2e-05, 0.0, 0.0, 0.0, 1.0],
                [0.458498, -0.808303, 0.369358, -0.125006, -0.023792, 0.404305, 0.914315, -0.002831, -0.888376, -0.428, 0.166141, -1.2e-05, 0.0, 0.0, 0.0, 1.0],
                [0.832555, -0.377215, 0.40566, -0.125006, -0.553742, -0.586313, 0.591275, -0.002831, 0.014806, -0.716901, -0.697018, -1.2e-05, 0.0, 0.0, 0.0, 1.0],
                [0.934308, -0.351176, -0.061176, -0.125006, -0.356462, -0.921029, -0.156971, -0.002831, -0.00122, 0.168467, -0.985706, -1.2e-05, 0.0, 0.0, 0.0, 1.0],
                [0.952893, -0.247316, -0.175582, -0.125006, -0.266533, -0.959074, -0.095588, -0.002831, -0.144756, 0.137884, -0.979813, -1.2e-05, 0.0, 0.0, 0.0, 1.0],
                [0.849638, -0.527327, -0.006357, -0.125006, -0.469397, -0.761686, 0.446656, -0.002831, -0.240375, -0.376512, -0.894683, -1.2e-05, 0.0, 0.0, 0.0, 1.0],
                [0.806185, 0.116858, -0.580008, -0.125006, 0.532232, -0.571441, 0.624646, -0.002831, -0.258446, -0.81228, -0.522883, -1.2e-05, 0.0, 0.0, 0.0, 1.0],
                [0.498981, -0.505423, -0.703963, -0.125006, 0.076721, -0.783363, 0.616811, -0.002831, -0.863209, -0.361786, -0.352107, -1.2e-05, 0.0, 0.0, 0.0, 1.0],
                [0.637166, -0.394408, -0.662164, -0.125006, 0.192724, -0.750317, 0.632362, -0.002831, -0.746241, -0.530535, -0.402065, -1.2e-05, 0.0, 0.0, 0.0, 1.0],
                [0.861412, 0.00738, -0.507852, -0.125006, 0.39316, -0.642709, 0.657533, -0.002831, -0.321549, -0.766075, -0.556539, -1.2e-05, 0.0, 0.0, 0.0, 1.0],
                [0.869243, -0.05516, -0.491298, -0.125006, -0.021407, -0.997024, 0.074063, -0.002831, -0.493921, -0.053862, -0.867837, -1.1e-05, 0.0, 0.0, 0.0, 1.0]
            ]
        },
        {
            "name": "Leg_L",
            "time": [0.0, 0.15, 0.6667, 0.85, 0.9167, 0.9833, 1.55, 1.7333, 1.85, 2.0833, 2.2833, 2.55],
            "transform": [
                [0.999989, -0.003785, -0.002718, -0.0, 0.003782, 0.999992, -0.001196, 0.37472, 0.002723, 0.001185, 0.999996, 0.0, 0.0, 0.0, 0.0, 1.0],
                [0.999989, 0.0013, -0.004475, 0.0, 0.003782, 0.334649, 0.942335, 0.37472, 0.002723, -0.942342, 0.334641, -0.0, 0.0, 0.0, 0.0, 1.0],
                [0.999989, 0.001938, -0.004238, -0.0, 0.003782, 0.193793, 0.981035, 0.37472, 0.002723, -0.98104, 0.193784, -0.0, 0.0, 0.0, 0.0, 1.0],
                [0.999989, 0.00342, -0.003165, -0.0, 0.003782, -0.198744, 0.980045, 0.37472, 0.002722, -0.980045, -0.198755, -0.0, 0.0, 0.0, 0.0, 1.0],
                [0.999989, -0.004092, -0.00223, 0.0, 0.003782, 0.992184, -0.12472, 0.37472, 0.002723, 0.12471, 0.99219, 0.0, 0.0, 0.0, 0.0, 1.0],
                [0.999989, -0.002279, -0.004065, -0.0, 0.003782, 0.906494, 0.422201, 0.37472, 0.002723, -0.422211, 0.906494, -1e-06, 0.0, 0.0, 0.0, 1.0],
                [0.999989, -0.000518, -0.004631, 0.0, 0.003782, 0.670848, 0.741585, 0.37472, 0.002723, -0.741594, 0.670844, -0.0, 0.0, 0.0, 0.0, 1.0],
                [0.999989, -0.003404, -0.003182, 0.0, 0.003782, 0.991835, 0.127472, 0.37472, 0.002722, -0.127482, 0.991837, 0.0, 0.0, 0.0, 0.0, 1.0],
                [0.999989, 0.001269, -0.004484, 0.0, 0.003782, 0.341075, 0.940029, 0.37472, 0.002722, -0.940035, 0.341067, -0.0, 0.0, 0.0, 0.0, 1.0],
                [0.999989, 0.001001, -0.004551, -0.0, 0.003782, 0.396215, 0.91815, 0.37472, 0.002722, -0.918157, 0.396207, -0.0, 0.0, 0.0, 0.0, 1.0],
                [0.999989, -0.000932, -0.004566, -0.0, 0.003782, 0.734787, 0.678288, 0.37472, 0.002722, -0.678297, 0.734783, 0.0, 0.0, 0.0, 0.0, 1.0],
                [0.999989, -0.003785, -0.002718, 0.0, 0.003782, 0.999992, -0.001196, 0.37472, 0.002723, 0.001185, 0.999996, -0.0, 0.0, 0.0, 0.0, 1.0]
            ]
        },
        {
            "name": "Knee_L",
            "time": [0.0, 0.15, 0.6667, 0.85, 0.9833, 1.55, 1.7333, 1.85, 2.0833, 2.2833, 2.55],
            "transform": [
                [1.0, 0.0, -0.0, -0.0, -0.0, 1e-06, -1.0, 0.37472, -0.0, 1.0, 1e-06, 0.0, 0.0, 0.0, 0.0, 1.0],
                [1.0, 0.0, -0.0, 0.0, -0.0, 1e-06, -1.0, 0.37472, -0.0, 1.0, 1e-06, -0.0, 0.0, 0.0, 0.0, 1.0],
                [1.0, 0.0, -0.0, -0.0, -0.0, 1e-06, -1.0, 0.37472, -0.0, 1.0, 1e-06, -0.0, 0.0, 0.0, 0.0, 1.0],
                [1.0, 0.0, -0.0, -0.0, -0.0, 1e-06, -1.0, 0.37472, -0.0, 1.0, 1e-06, -0.0, 0.0, 0.0, 0.0, 1.0],
                [1.0, 0.0, -0.0, -0.0, -0.0, 1e-06, -1.0, 0.37472, -0.0, 1.0, 1e-06, -1e-06, 0.0, 0.0, 0.0, 1.0],
                [1.0, 0.0, -0.0, 0.0, -0.0, 1e-06, -1.0, 0.37472, -0.0, 1.0, 1e-06, -0.0, 0.0, 0.0, 0.0, 1.0],
                [1.0, 0.0, -0.0, 0.0, -0.0, 0.001233, -0.999999, 0.37472, -0.0, 0.999999, 0.001233, 0.0, 0.0, 0.0, 0.0, 1.0],
                [1.0, -0.0, -0.0, 0.0, -0.0, 0.001233, -0.999999, 0.37472, -0.0, 0.999999, 0.001233, -0.0, 0.0, 0.0, 0.0, 1.0],
                [1.0, 0.0, -0.0, -0.0, -0.0, 0.001233, -0.999999, 0.37472, -0.0, 0.999999, 0.001233, -0.0, 0.0, 0.0, 0.0, 1.0],
                [1.0, 0.0, -0.0, -0.0, -0.0, 0.001124, -0.999999, 0.37472, -0.0, 0.999999, 0.001124, 0.0, 0.0, 0.0, 0.0, 1.0],
                [1.0, 0.0, -0.0, 0.0, -0.0, 1e-06, -1.0, 0.37472, -0.0, 1.0, 1e-06, -0.0, 0.0, 0.0, 0.0, 1.0]
            ]
        },
        {
            "name": "Torso",
            "time": [0.0, 0.15, 0.6667, 0.85, 0.9833, 1.55, 1.7333, 1.85, 2.0833, 2.2833, 2.55],
            "transform": [
                [0.999042, -0.043673, -0.002706, 0.0, 0.04367, 0.999045, -0.001423, 0.05, 0.002765, 0.001304, 0.999995, 0.0, 0.0, 0.0, 0.0, 1.0],
                [0.999042, -0.043673, -0.002705, -0.0, 0.04367, 0.999045, -0.001423, 0.05, 0.002765, 0.001304, 0.999995, 0.0, 0.0, 0.0, 0.0, 1.0],
                [0.999042, -0.043673, -0.002706, 0.0, 0.04367, 0.999045, -0.001423, 0.05, 0.002765, 0.001304, 0.999995, -0.0, 0.0, 0.0, 0.0, 1.0],
                [0.999042, -0.043673, -0.002706, 0.0, 0.04367, 0.999045, -0.001423, 0.05, 0.002765, 0.001304, 0.999995, 0.0, 0.0, 0.0, 0.0, 1.0],
                [0.999042, -0.043673, -0.002706, -0.0, 0.04367, 0.999045, -0.001423, 0.05, 0.002765, 0.001304, 0.999995, 0.0, 0.0, 0.0, 0.0, 1.0],
                [0.999042, -0.043673, -0.002706, 0.0, 0.04367, 0.999045, -0.001423, 0.05, 0.002765, 0.001304, 0.999995, -0.0, 0.0, 0.0, 0.0, 1.0],
                [0.937034, -0.270121, -0.221362, -0.0, -0.026991, 0.575934, -0.81705, 0.05, 0.348193, 0.771579, 0.532379, -0.0, 0.0, 0.0, 0.0, 1.0],
                [0.975439, -0.151867, -0.159547, 0.0, 0.060124, 0.880389, -0.470425, 0.05, 0.211905, 0.449279, 0.867897, 0.0, 0.0, 0.0, 0.0, 1.0],
                [0.966299, -0.181469, -0.182577, -0.0, 0.042918, 0.8129, -0.58082, 0.05, 0.253818, 0.553411, 0.793293, 0.0, 0.0, 0.0, 0.0, 1.0],
                [0.94606, -0.24403, -0.213116, -0.0, -0.007975, 0.640049, -0.768293, 0.05, 0.323892, 0.728551, 0.603579, -0.0, 0.0, 0.0, 0.0, 1.0],
                [0.999042, -0.043673, -0.002705, 0.0, 0.04367, 0.999045, -0.001423, 0.05, 0.002765, 0.001304, 0.999995, 0.0, 0.0, 0.0, 0.0, 1.0]
            ]
        },
        {
            "name": "Chest",
            "time": [0.0, 0.15, 0.6667, 0.85, 0.9167, 0.9833, 1.55, 1.7333, 1.85, 2.0833, 2.2833, 2.55],
            "transform": [
                [0.999771, -0.021316, -0.002029, 0.0, 0.021411, 0.994316, 0.104295, 0.3, -0.000206, -0.104315, 0.994545, 0.0, 0.0, 0.0, 0.0, 1.0],
                [0.999771, -0.021316, -0.002029, -0.0, 0.021411, 0.994316, 0.104295, 0.3, -0.000206, -0.104315, 0.994544, 0.0, 0.0, 0.0, 0.0, 1.0],
                [0.989088, -0.143344, -0.034028, 0.0, 0.147051, 0.974676, 0.168469, 0.3, 0.009017, -0.171635, 0.985119, 0.0, 0.0, 0.0, 0.0, 1.0],
                [0.693324, -0.043126, 0.719335, 0.0, -0.193903, 0.950228, 0.24386, 0.3, -0.694049, -0.308555, 0.650454, 0.0, 0.0, 0.0, 0.0, 1.0],
                [0.666486, 0.215841, 0.713588, -0.0, -0.394638, 0.914213, 0.092064, 0.3, -0.6325, -0.342969, 0.69449, 0.0, 0.0, 0.0, 0.0, 1.0],
                [0.707892, -0.070146, 0.702829, 0.0, 0.24441, 0.957911, -0.150566, 0.3, -0.662686, 0.278363, 0.695242, 1e-06, 0.0, 0.0, 0.0, 1.0],
                [0.681092, 0.243145, 0.690648, 0.0, -0.24679, 0.964291, -0.096108, 0.3, -0.689354, -0.104987, 0.716777, -0.0, 0.0, 0.0, 0.0, 1.0],
                [0.937657, -0.121875, 0.325494, 0.0, -0.007695, 0.928994, 0.370013, 0.3, -0.347477, -0.34945, 0.87014, 0.0, 0.0, 0.0, 0.0, 1.0],
                [0.927361, -0.142989, 0.345768, 0.0, -0.013079, 0.911147, 0.411874, 0.3, -0.373939, -0.386479, 0.843092, -0.0, 0.0, 0.0, 0.0, 1.0],
                [0.928861, -0.139337, 0.343222, 0.0, -0.012369, 0.914375, 0.404679, 0.3, -0.370221, -0.380136, 0.847604, -0.0, 0.0, 0.0, 0.0, 1.0],
                [0.953114, -0.099788, 0.285686, -0.0, 0.001801, 0.945921, 0.324393, 0.3, -0.302607, -0.308668, 0.90175, 0.0, 0.0, 0.0, 0.0, 1.0],
                [0.999771, -0.021316, -0.002029, 0.0, 0.021411, 0.994316, 0.104295, 0.3, -0.000206, -0.104315, 0.994544, -0.0, 0.0, 0.0, 0.0, 1.0]
            ]
        },
        {
            "name": "Head",
            "time": [0.0, 0.15, 0.6667, 0.85, 0.9833, 1.55, 1.7333, 1.85, 2.0833, 2.2833, 2.55],
            "transform": [
                [0.853111, 0.037721, 0.520365, 0.0, -0.006297, 0.998055, -0.062025, 0.4, -0.521692, 0.049637, 0.851688, -0.0, 0.0, 0.0, 0.0, 1.0],
                [0.553506, 0.338996, 0.760732, 0.0, -0.112178, 0.935435, -0.335227, 0.4, -0.825256, 0.100213, 0.555797, -0.0, 0.0, 0.0, 0.0, 1.0],
                [0.59281, 0.292949, 0.750171, -0.0, 0.017638, 0.926548, -0.375764, 0.4, -0.805149, 0.235988, 0.5441, -0.0, 0.0, 0.0, 0.0, 1.0],
                [0.235007, 0.052084, -0.970597, -0.0, -0.309021, 0.950757, -0.023803, 0.4, 0.921563, 0.305529, 0.23953, 0.0, 0.0, 0.0, 0.0, 1.0],
                [0.23105, 0.154204, -0.960644, 0.0, 0.101474, 0.978156, 0.181421, 0.4, 0.967636, -0.139398, 0.210356, -0.0, 0.0, 0.0, 0.0, 1.0],
                [0.234049, 0.156774, -0.959502, 0.0, 0.139142, 0.971352, 0.192651, 0.4, 0.962217, -0.178597, 0.20553, 0.0, 0.0, 0.0, 0.0, 1.0],
                [0.974366, 0.049533, -0.219447, 0.0, -0.071241, 0.993195, -0.092137, 0.4, 0.21339, 0.105409, 0.971264, -0.0, 0.0, 0.0, 0.0, 1.0],
                [0.977289, 0.049532, -0.20604, -0.0, -0.069968, 0.993195, -0.093107, 0.399999, 0.200026, 0.105409, 0.974104, -0.0, 0.0, 0.0, 0.0, 1.0],
                [0.976511, 0.049516, -0.2097, -0.0, -0.070316, 0.993187, -0.092924, 0.4, 0.20367, 0.105486, 0.97334, -0.0, 0.0, 0.0, 0.0, 1.0],
                [0.986845, 0.0503, -0.153644, -0.0, -0.064878, 0.993699, -0.091395, 0.4, 0.148079, 0.100161, 0.983891, 0.0, 0.0, 0.0, 0.0, 1.0],
                [0.951598, 0.037721, -0.305021, -0.0, -0.051038, 0.998055, -0.035802, 0.4, 0.303077, 0.049637, 0.951672, 0.0, 0.0, 0.0, 0.0, 1.0]
            ]
        },
        {
            "name": "Shoulder_R",
            "time": [0.0, 0.15, 0.6667, 0.85, 0.9833, 1.55, 1.7333, 1.85, 2.0833, 2.2833, 2.55],
            "transform": [
                [-0.241154, 0.935077, 0.259762, 0.0, 0.181931, -0.219358, 0.958532, 0.4, 0.953281, 0.278413, -0.11722, -0.0, 0.0, 0.0, 0.0, 1.0],
                [-0.241154, 0.935077, 0.259762, 0.0, 0.181931, -0.219358, 0.958532, 0.4, 0.953281, 0.278413, -0.11722, -0.0, 0.0, 0.0, 0.0, 1.0],
                [-0.241154, 0.935076, 0.259762, -0.0, 0.181931, -0.219358, 0.958532, 0.4, 0.953281, 0.278413, -0.11722, -0.0, 0.0, 0.0, 0.0, 1.0],
                [-0.241154, 0.935077, 0.259762, -0.0, 0.181931, -0.219358, 0.958532, 0.4, 0.953281, 0.278413, -0.11722, 0.0, 0.0, 0.0, 0.0, 1.0],
                [-0.241154, 0.965138, 0.101746, 0.0, 0.181931, -0.058023, 0.981598, 0.4, 0.953281, 0.255227, -0.161596, -0.0, 0.0, 0.0, 0.0, 1.0],
                [-0.241154, 0.966882, 0.083568, 0.0, 0.181931, -0.039543, 0.982516, 0.4, 0.953281, 0.252142, -0.16637, 0.0, 0.0, 0.0, 0.0, 1.0],
                [-0.20977, 0.942613, 0.259762, 0.0, 0.174499, -0.225315, 0.958532, 0.4, 0.962053, 0.2464, -0.11722, -0.0, 0.0, 0.0, 0.0, 1.0],
                [-0.241154, 0.935076, 0.259762, -0.0, 0.181931, -0.219358, 0.958532, 0.399999, 0.953281, 0.278413, -0.11722, -0.0, 0.0, 0.0, 0.0, 1.0],
                [-0.232544, 0.937255, 0.259762, -0.0, 0.179906, -0.221022, 0.958532, 0.4, 0.955802, 0.269634, -0.11722, -0.0, 0.0, 0.0, 0.0, 1.0],
                [-0.219718, 0.940344, 0.259762, -0.0, 0.176869, -0.223459, 0.958532, 0.4, 0.959396, 0.256551, -0.11722, 0.0, 0.0, 0.0, 0.0, 1.0],
                [-0.241154, 0.935077, 0.259762, -0.0, 0.181931, -0.219358, 0.958532, 0.4, 0.953281, 0.278413, -0.11722, 0.0, 0.0, 0.0, 0.0, 1.0]
            ]
        },
        {
            "name": "Arm_R",
            "time": [0.0, 0.15, 0.6667, 0.75, 0.85, 0.9833, 1.55, 1.7333, 1.85, 2.0833, 2.2833, 2.55],
            "transform": [
                [-0.560416, 0.299331, -0.772227, 0.0, 0.790217, -0.085917, -0.606775, 0.393861, -0.247974, -0.950273, -0.188387, -0.0, 0.0, 0.0, 0.0, 1.0],
                [0.051171, 0.967671, -0.246972, 0.0, 0.16561, -0.252094, -0.953426, 0.393861, -0.984863, 0.007887, -0.173156, 0.0, 0.0, 0.0, 0.0, 1.0],
                [0.17187, 0.96616, -0.192342, 0.0, 0.085952, -0.20921, -0.974086, 0.393861, -0.981363, 0.150884, -0.119, -0.0, 0.0, 0.0, 0.0, 1.0],
                [0.062095, 0.25831, -0.964064, 0.0, 0.981806, 0.157856, 0.105534, 0.39386, 0.179444, -0.953078, -0.243809, 0.0, 0.0, 0.0, 0.0, 1.0],
                [0.816795, -0.469092, -0.335856, 0.0, 0.45578, 0.881573, -0.122852, 0.39386, 0.353711, -0.052731, 0.933867, 0.0, 0.0, 0.0, 0.0, 1.0],
                [0.79527, -0.355253, 0.491264, 0.0, 0.60382, 0.536687, -0.589379, 0.39386, -0.054277, 0.765351, 0.64132, 0.0, 0.0, 0.0, 0.0, 1.0],
                [0.791201, -0.314219, 0.524659, -0.0, 0.606469, 0.513558, -0.607004, 0.39386, -0.078711, 0.798452, 0.596892, 0.0, 0.0, 0.0, 0.0, 1.0],
                [-0.560416, 0.299331, -0.772227, 0.0, 0.790217, -0.085917, -0.606775, 0.39386, -0.247974, -0.950273, -0.188387, 0.0, 0.0, 0.0, 0.0, 1.0],
                [-0.560416, 0.299331, -0.772227, -0.0, 0.790217, -0.085917, -0.606775, 0.39386, -0.247974, -0.950273, -0.188387, 0.0, 0.0, 0.0, 0.0, 1.0],
                [-0.560416, 0.299331, -0.772227, -0.0, 0.790217, -0.085917, -0.606775, 0.393861, -0.247974, -0.950273, -0.188387, -0.0, 0.0, 0.0, 0.0, 1.0],
                [-0.560416, 0.299331, -0.772227, 0.0, 0.790217, -0.085917, -0.606775, 0.39386, -0.247974, -0.950273, -0.188387, 0.0, 0.0, 0.0, 0.0, 1.0],
                [-0.560416, 0.299331, -0.772227, 0.0, 0.790217, -0.085917, -0.606775, 0.39386, -0.247974, -0.950273, -0.188387, -0.0, 0.0, 0.0, 0.0, 1.0]
            ]
        },
        {
            "name": "Hand_R",
            "time": [0.0, 0.15, 0.6667, 0.75, 0.85, 0.9833, 1.55, 1.6667, 1.7333, 1.85, 2.0833, 2.2833, 2.55],
            "transform": [
                [0.999998, -0.000405, 0.001778, 0.0, 0.000868, 0.963176, -0.268872, 0.3, -0.001603, 0.268873, 0.963174, -0.0, 0.0, 0.0, 0.0, 1.0],
                [0.999998, 0.000111, 0.00182, -0.0, 0.000868, 0.848791, -0.528728, 0.3, -0.001603, 0.528729, 0.848789, 0.0, 0.0, 0.0, 0.0, 1.0],
                [0.999998, 0.000176, 0.001815, 0.0, 0.000868, 0.829253, -0.558873, 0.3, -0.001603, 0.558873, 0.829252, -0.0, 0.0, 0.0, 0.0, 1.0],
                [0.999998, -0.000453, 0.001766, -0.0, 0.000868, 0.970073, -0.24281, 0.3, -0.001603, 0.242811, 0.970072, 0.0, 0.0, 0.0, 0.0, 1.0],
                [0.999998, 0.000176, 0.001815, 0.0, 0.000868, 0.829253, -0.558873, 0.3, -0.001603, 0.558873, 0.829252, -0.0, 0.0, 0.0, 0.0, 1.0],
                [0.999998, 0.000176, 0.001815, -0.0, 0.000868, 0.829253, -0.558873, 0.3, -0.001603, 0.558873, 0.829251, 0.0, 0.0, 0.0, 0.0, 1.0],
                [0.999998, 0.000176, 0.001815, 0.0, 0.000868, 0.829253, -0.558873, 0.3, -0.001603, 0.558873, 0.829252, 0.0, 0.0, 0.0, 0.0, 1.0],
                [0.999998, 0.001509, 0.001019, 0.0, 0.000866, 0.097952, -0.995191, 0.3, -0.001601, 0.99519, 0.097951, -0.0, 0.0, 0.0, 0.0, 1.0],
                [0.999998, -0.000405, 0.001778, -0.0, 0.000868, 0.963176, -0.268872, 0.3, -0.001603, 0.268873, 0.963174, -0.0, 0.0, 0.0, 0.0, 1.0],
                [0.999998, -0.000405, 0.001778, -0.0, 0.000868, 0.963176, -0.268872, 0.3, -0.001603, 0.268873, 0.963174, -0.0, 0.0, 0.0, 0.0, 1.0],
                [0.999998, -0.000405, 0.001778, 0.0, 0.000868, 0.963176, -0.268872, 0.300001, -0.001603, 0.268873, 0.963174, 0.0, 0.0, 0.0, 0.0, 1.0],
                [0.999998, -0.000405, 0.001778, -0.0, 0.000868, 0.963176, -0.268872, 0.3, -0.001603, 0.268873, 0.963174, -0.0, 0.0, 0.0, 0.0, 1.0],
                [0.999998, -0.000405, 0.001778, 0.0, 0.000868, 0.963176, -0.268872, 0.3, -0.001603, 0.268873, 0.963174, 0.0, 0.0, 0.0, 0.0, 1.0]
            ]
        },
        {
            "name": "Tool_R",
            "time": [0.0, 0.15, 0.6667, 0.75, 0.85, 0.9833, 1.55, 1.7333, 1.85, 2.0833, 2.2833, 2.55],
            "transform": [
                [-0.223607, 0.459996, -0.859304, -0.767855, 0.205203, -0.839649, -0.502872, -0.098952, -0.952267, -0.288615, 0.093298, 0.138215, 0.0, 0.0, 0.0, 1.0],
                [-0.005561, -0.358669, -0.933449, -0.195312, 0.111377, -0.927877, 0.355864, 0.278428, -0.993173, -0.101935, 0.045084, 0.014927, 0.0, 0.0, 0.0, 1.0],
                [0.013161, -0.455397, -0.890191, -0.122871, 0.08744, -0.886333, 0.454716, 0.326175, -0.995492, -0.083783, 0.028143, -0.000672, 0.0, 0.0, 0.0, 1.0],
                [-0.964358, -0.233338, -0.124769, -0.050154, 0.260624, -0.919083, -0.29557, 0.296796, -0.045676, -0.317375, 0.946575, 0.040551, 0.0, 0.0, 0.0, 1.0],
                [-0.97999, 0.019305, 0.198108, 0.022285, -0.058256, -0.979522, -0.192725, 0.25241, 0.190217, -0.200301, 0.960475, 0.102828, 0.0, 0.0, 0.0, 1.0],
                [-0.98475, 0.172904, -0.019253, -0.018203, -0.098272, -0.64416, -0.758551, 0.24883, -0.143475, -0.744658, 0.650935, 0.095611, 0.0, 0.0, 0.0, 1.0],
                [-0.98147, 0.187125, -0.041236, -0.0228, -0.078261, -0.587903, -0.805137, 0.248815, -0.174801, -0.786531, 0.591295, 0.094798, 0.0, 0.0, 0.0, 1.0],
                [-0.223607, 0.459996, -0.859304, -0.767855, 0.205203, -0.839649, -0.502873, -0.098952, -0.952267, -0.288615, 0.093298, 0.138215, 0.0, 0.0, 0.0, 1.0],
                [-0.223607, 0.459996, -0.859304, -0.767855, 0.205203, -0.839649, -0.502872, -0.098952, -0.952267, -0.288615, 0.093298, 0.138215, 0.0, 0.0, 0.0, 1.0],
                [-0.223607, 0.459996, -0.859304, -0.767855, 0.205203, -0.839649, -0.502873, -0.098952, -0.952267, -0.288615, 0.093298, 0.138215, 0.0, 0.0, 0.0, 1.0],
                [-0.223607, 0.459996, -0.859304, -0.767855, 0.205202, -0.839649, -0.502873, -0.098952, -0.952267, -0.288615, 0.093298, 0.138215, 0.0, 0.0, 0.0, 1.0],
                [-0.223607, 0.459996, -0.859304, -0.767855, 0.205203, -0.839649, -0.502873, -0.098952, -0.952267, -0.288615, 0.093298, 0.138215, 0.0, 0.0, 0.0, 1.0]
            ]
        },
        {
            "name": "Elbow_R",
            "time": [0.0, 0.15, 0.6667, 0.85, 0.9833, 1.55, 1.7333, 1.85, 2.0833, 2.2833, 2.55],
            "transform": [
                [-1.0, 0.0, 0.0, 0.0, -0.0, -0.0, -1.0, 0.341622, -0.0, -1.0, 0.0, -0.0, 0.0, 0.0, 0.0, 1.0],
                [-1.0, 0.0, -0.0, -0.0, 0.0, -0.0, -1.0, 0.341622, -0.0, -1.0, 0.0, 0.0, 0.0, 0.0, 0.0, 1.0],
                [-1.0, 0.0, -0.0, -0.0, 0.0, -0.0, -1.0, 0.341622, -0.0, -1.0, 0.0, -0.0, 0.0, 0.0, 0.0, 1.0],
                [-1.0, 0.0, -0.0, 0.0, -0.0, -0.0, -1.0, 0.341622, -0.0, -1.0, 0.0, -0.0, 0.0, 0.0, 0.0, 1.0],
                [-1.0, 0.0, -0.0, -0.0, 0.0, -0.0, -1.0, 0.341622, -0.0, -1.0, 0.0, 0.0, 0.0, 0.0, 0.0, 1.0],
                [-1.0, 0.0, -0.0, -0.0, 0.0, -0.0, -1.0, 0.341622, -0.0, -1.0, 0.0, 0.0, 0.0, 0.0, 0.0, 1.0],
                [-1.0, 0.0, 0.0, -0.0, 0.0, -0.0, -1.0, 0.341622, -0.0, -1.0, 0.0, 0.0, 0.0, 0.0, 0.0, 1.0],
                [-1.0, 0.0, -0.0, -0.0, 0.0, -0.0, -1.0, 0.341622, -0.0, -1.0, 0.0, -0.0, 0.0, 0.0, 0.0, 1.0],
                [-1.0, 0.0, -0.0, 0.0, 0.0, -0.0, -1.0, 0.341623, -0.0, -1.0, 0.0, 0.0, 0.0, 0.0, 0.0, 1.0],
                [-1.0, 0.0, -0.0, -0.0, 0.0, 0.0, -1.0, 0.341622, -0.0, -1.0, 0.0, -0.0, 0.0, 0.0, 0.0, 1.0],
                [-1.0, 0.0, 0.0, 0.0, 0.0, -0.0, -1.0, 0.341622, -0.0, -1.0, 0.0, 0.0, 0.0, 0.0, 0.0, 1.0]
            ]
        },
        {
            "name": "Shoulder_L",
            "time": [0.0, 0.15, 0.6667, 0.85, 0.9833, 1.55, 1.7333, 1.85, 2.0833, 2.2833, 2.55],
            "transform": [
                [-0.226937, -0.947819, -0.223918, 0.0, -0.021067, -0.225085, 0.974111, 0.4, -0.973681, 0.225779, 0.031113, -0.0, 0.0, 0.0, 0.0, 1.0],
                [-0.226937, -0.947819, -0.223918, 0.0, -0.021067, -0.225085, 0.974111, 0.4, -0.973682, 0.22578, 0.031113, -0.0, 0.0, 0.0, 0.0, 1.0],
                [-0.226937, -0.947819, -0.223918, -0.0, -0.021067, -0.225085, 0.974111, 0.4, -0.973681, 0.225779, 0.031113, -0.0, 0.0, 0.0, 0.0, 1.0],
                [-0.226937, -0.947819, -0.223918, -0.0, -0.021067, -0.225085, 0.974111, 0.4, -0.973681, 0.225779, 0.031113, 0.0, 0.0, 0.0, 0.0, 1.0],
                [-0.226937, -0.947819, -0.223918, 0.0, -0.021067, -0.225085, 0.974111, 0.4, -0.973681, 0.225779, 0.031113, -0.0, 0.0, 0.0, 0.0, 1.0],
                [-0.226937, -0.947819, -0.223918, 0.0, -0.021067, -0.225085, 0.974111, 0.4, -0.973681, 0.225779, 0.031113, 0.0, 0.0, 0.0, 0.0, 1.0],
                [0.083548, -0.97102, -0.223918, 0.0, 0.050991, -0.220243, 0.974111, 0.4, -0.995198, -0.092803, 0.031113, -0.0, 0.0, 0.0, 0.0, 1.0],
                [0.083548, -0.97102, -0.223918, -0.0, 0.050991, -0.220243, 0.974111, 0.399999, -0.995198, -0.092803, 0.031113, -0.0, 0.0, 0.0, 0.0, 1.0],
                [0.083548, -0.97102, -0.223918, -0.0, 0.050991, -0.220243, 0.974111, 0.4, -0.995198, -0.092803, 0.031113, -0.0, 0.0, 0.0, 0.0, 1.0],
                [0.055915, -0.973003, -0.223918, -0.0, 0.044711, -0.221603, 0.974111, 0.4, -0.997434, -0.064479, 0.031113, 0.0, 0.0, 0.0, 0.0, 1.0],
                [-0.226937, -0.947819, -0.223918, -0.0, -0.021067, -0.225085, 0.974111, 0.4, -0.973682, 0.225779, 0.031113, 0.0, 0.0, 0.0, 0.0, 1.0]
            ]
        },
        {
            "name": "Arm_L",
            "time": [0.0, 0.15, 0.6667, 0.85, 0.9833, 1.55, 1.7333, 1.85, 2.0833, 2.2833, 2.55],
            "transform": [
                [0.028967, 0.056681, 0.997972, -0.0, -0.931842, 0.362807, 0.006442, 0.39386, -0.361707, -0.930139, 0.063327, -0.0, 0.0, 0.0, 0.0, 1.0],
                [0.439105, 0.612286, 0.65749, -0.0, -0.126853, 0.766737, -0.629303, 0.39386, -0.889435, 0.192926, 0.414348, -0.0, 0.0, 0.0, 0.0, 1.0],
                [0.323773, 0.242201, 0.914609, 0.0, 0.539373, 0.746963, -0.388745, 0.39386, -0.777333, 0.619181, 0.11121, -0.0, 0.0, 0.0, 0.0, 1.0],
                [-0.083756, 0.39557, 0.914609, -0.0, -0.451225, 0.803289, -0.388745, 0.39386, -0.888471, -0.445254, 0.11121, 0.0, 0.0, 0.0, 0.0, 1.0],
                [-0.161262, 0.45778, 0.874318, 0.0, -0.754605, 0.513768, -0.408183, 0.39386, -0.636055, -0.725589, 0.262592, 0.0, 0.0, 0.0, 0.0, 1.0],
                [-0.160761, 0.466429, 0.869827, 0.0, -0.758398, 0.505631, -0.411302, 0.39386, -0.631655, -0.725797, 0.272454, 0.0, 0.0, 0.0, 0.0, 1.0],
                [-0.264393, -0.200982, 0.94324, 0.0, -0.043463, 0.979533, 0.196532, 0.39386, -0.963435, 0.010965, -0.267717, -0.0, 0.0, 0.0, 0.0, 1.0],
                [-0.074078, -0.237318, 0.968603, 0.0, -0.46305, 0.868406, 0.177355, 0.39386, -0.883231, -0.435374, -0.17422, 0.0, 0.0, 0.0, 0.0, 1.0],
                [-0.07212, -0.262043, 0.962358, 0.0, -0.562826, 0.807263, 0.177633, 0.39386, -0.823423, -0.528829, -0.205704, 0.0, 0.0, 0.0, 0.0, 1.0],
                [-0.065355, -0.292519, 0.954024, -0.0, -0.697428, 0.697167, 0.165986, 0.39386, -0.713668, -0.654515, -0.249575, -0.0, 0.0, 0.0, 0.0, 1.0],
                [0.028967, 0.056681, 0.997972, 0.0, -0.931842, 0.362807, 0.006442, 0.393861, -0.361707, -0.930139, 0.063327, 0.0, 0.0, 0.0, 0.0, 1.0]
            ]
        },
        {
            "name": "Hand_L",
            "time": [0.0, 0.15, 0.6667, 0.85, 0.9833, 1.55, 1.7333, 1.85, 2.0833, 2.2833, 2.55],
            "transform": [
                [0.999993, -0.001541, -0.00347, -0.0, 0.000938, 0.985901, -0.167329, 0.3, 0.003679, 0.167324, 0.985895, 0.0, 0.0, 0.0, 0.0, 1.0],
                [0.999993, -0.003536, -0.001382, 0.0, 0.000938, 0.582862, -0.812571, 0.3, 0.003679, 0.812564, 0.582861, 0.0, 0.0, 0.0, 0.0, 1.0],
                [0.999993, -0.003504, -0.001463, 0.0, 0.000938, 0.601397, -0.79895, 0.3, 0.003679, 0.798943, 0.601396, -0.0, 0.0, 0.0, 0.0, 1.0],
                [0.999993, -0.003504, -0.001463, 0.0, 0.000938, 0.601397, -0.79895, 0.3, 0.003679, 0.798943, 0.601396, 0.0, 0.0, 0.0, 0.0, 1.0],
                [0.999993, -0.001694, -0.003398, -0.0, 0.000938, 0.977421, -0.211298, 0.3, 0.003679, 0.211293, 0.977416, -0.0, 0.0, 0.0, 0.0, 1.0],
                [0.999993, -0.00142, -0.003521, -0.0, 0.000938, 0.991078, -0.133278, 0.3, 0.003679, 0.133273, 0.991073, -0.0, 0.0, 0.0, 0.0, 1.0],
                [0.999993, -0.003308, -0.001864, -0.0, 0.000938, 0.690931, -0.722921, 0.3, 0.003679, 0.722914, 0.690929, 0.0, 0.0, 0.0, 0.0, 1.0],
                [0.999993, -0.003084, -0.002215, 0.0, 0.000938, 0.766046, -0.642786, 0.3, 0.003679, 0.642779, 0.766043, 0.0, 0.0, 0.0, 0.0, 1.0],
                [0.999993, -0.00315, -0.002121, 0.0, 0.000938, 0.746138, -0.665792, 0.3, 0.003679, 0.665785, 0.746135, -0.0, 0.0, 0.0, 0.0, 1.0],
                [0.999993, -0.003198, -0.002047, 0.0, 0.000938, 0.730415, -0.683004, 0.3, 0.003679, 0.682997, 0.730412, -0.0, 0.0, 0.0, 0.0, 1.0],
                [0.999993, -0.001541, -0.00347, 0.0, 0.000938, 0.985901, -0.167329, 0.3, 0.003679, 0.167324, 0.985895, 0.0, 0.0, 0.0, 0.0, 1.0]
            ]
        },
        {
            "name": "Tool_L",
            "time": [0.0, 0.15, 0.6667, 0.85, 0.9833, 1.55, 1.7333, 1.85, 2.0833, 2.2833, 2.55],
            "transform": [
                [0.997006, -0.039439, -0.066512, -0.0, -0.036629, -0.998405, 0.042952, 0.272858, -0.068061, -0.040374, -0.996274, -0.0, 0.0, 0.0, 0.0, 1.0],
                [0.997006, -0.039439, -0.066512, -0.0, -0.036629, -0.998405, 0.042952, 0.272858, -0.068061, -0.040374, -0.996274, -0.0, 0.0, 0.0, 0.0, 1.0],
                [0.997006, -0.039439, -0.066512, 0.0, -0.036629, -0.998405, 0.042952, 0.272858, -0.068061, -0.040374, -0.996274, -0.0, 0.0, 0.0, 0.0, 1.0],
                [0.997006, -0.039439, -0.066512, 0.0, -0.036629, -0.998405, 0.042952, 0.272858, -0.068061, -0.040374, -0.996274, -0.0, 0.0, 0.0, 0.0, 1.0],
                [0.997006, -0.039439, -0.066512, -0.0, -0.036629, -0.998405, 0.042952, 0.272858, -0.068061, -0.040374, -0.996274, -0.0, 0.0, 0.0, 0.0, 1.0],
                [0.997006, -0.039439, -0.066512, 0.0, -0.036629, -0.998405, 0.042952, 0.272858, -0.068061, -0.040374, -0.996274, -0.0, 0.0, 0.0, 0.0, 1.0],
                [0.997006, -0.039439, -0.066512, -0.0, -0.036629, -0.998405, 0.042952, 0.272858, -0.068061, -0.040374, -0.996274, -0.0, 0.0, 0.0, 0.0, 1.0],
                [0.997006, -0.039439, -0.066512, 0.0, -0.036629, -0.998405, 0.042952, 0.272858, -0.068061, -0.040374, -0.996274, -1e-06, 0.0, 0.0, 0.0, 1.0],
                [0.997006, -0.039439, -0.066512, 0.0, -0.036629, -0.998405, 0.042952, 0.272858, -0.068061, -0.040374, -0.996274, -0.0, 0.0, 0.0, 0.0, 1.0],
                [0.997006, -0.039439, -0.066512, 0.0, -0.036629, -0.998406, 0.042952, 0.272858, -0.068061, -0.040374, -0.996274, -0.0, 0.0, 0.0, 0.0, 1.0],
                [0.997006, -0.039439, -0.066512, -0.0, -0.036629, -0.998405, 0.042952, 0.272858, -0.068061, -0.040374, -0.996274, -1e-06, 0.0, 0.0, 0.0, 1.0]
            ]
        },
        {
            "name": "Elbow_L",
            "time": [0.0, 0.15, 0.6667, 0.85, 0.9833, 1.55, 1.7333, 1.85, 2.0833, 2.2833, 2.55],
            "transform": [
                [-1.0, 0.0, -0.0, 2.7e-05, 0.0, -0.0, -1.0, 0.334302, -0.0, -1.0, -0.0, -0.002121, 0.0, 0.0, 0.0, 1.0],
                [-1.0, 0.0, -0.0, 2.7e-05, 0.0, -0.0, -1.0, 0.334301, -0.0, -1.0, 0.0, -0.00212, 0.0, 0.0, 0.0, 1.0],
                [-1.0, 0.0, -0.0, 2.7e-05, 0.0, -0.0, -1.0, 0.334301, -0.0, -1.0, -0.0, -0.002121, 0.0, 0.0, 0.0, 1.0],
                [-1.0, 0.0, -0.0, 2.7e-05, 0.0, -0.0, -1.0, 0.334301, -0.0, -1.0, -0.0, -0.002121, 0.0, 0.0, 0.0, 1.0],
                [-1.0, 0.0, -0.0, 2.7e-05, 0.0, -0.0, -1.0, 0.334301, -0.0, -1.0, -0.0, -0.002121, 0.0, 0.0, 0.0, 1.0],
                [-1.0, 0.0, -0.0, 2.7e-05, 0.0, -0.0, -1.0, 0.334301, -0.0, -1.0, -0.0, -0.002121, 0.0, 0.0, 0.0, 1.0],
                [-1.0, 0.0, -0.0, 2.7e-05, 0.0, -0.180458, -0.983583, 0.334301, -0.0, -0.983583, 0.180458, -0.002121, 0.0, 0.0, 0.0, 1.0],
                [-1.0, 0.0, -0.0, 2.7e-05, 0.0, -0.180458, -0.983583, 0.334302, -0.0, -0.983583, 0.180458, -0.002121, 0.0, 0.0, 0.0, 1.0],
                [-1.0, 0.0, -0.0, 2.7e-05, 0.0, -0.180458, -0.983583, 0.334302, -0.0, -0.983583, 0.180458, -0.002121, 0.0, 0.0, 0.0, 1.0],
                [-1.0, 0.0, -0.0, 2.7e-05, 0.0, -0.164587, -0.986363, 0.334301, -0.0, -0.986363, 0.164587, -0.00212, 0.0, 0.0, 0.0, 1.0],
                [-1.0, 0.0, -0.0, 2.7e-05, 0.0, -0.0, -1.0, 0.334301, -0.0, -1.0, -0.0, -0.00212, 0.0, 0.0, 0.0, 1.0]
            ]
        }
    ]
}