{
    "animation": [
        {
            "name": "Root",
            "time": [0.0, 0.15, 0.4833, 0.7667, 1.2333, 1.6],
            "transform": [
                [0.854339, 0.028643, -0.518927, -5e-06, -0.51914, 0.0, -0.854689, 0.000946, -0.024481, 0.99959, 0.01487, 0.753683, 0.0, 0.0, 0.0, 1.0],
                [0.423678, -0.037281, -0.905045, -5e-06, -0.893983, 0.143741, -0.424421, 0.000946, 0.145915, 0.988913, 0.027571, 0.541443, 0.0, 0.0, 0.0, 1.0],
                [0.344045, -0.039415, -0.938126, -5e-06, -0.923411, 0.166831, -0.345658, 0.000946, 0.170133, 0.985197, 0.021001, 0.509996, 0.0, 0.0, 0.0, 1.0],
                [0.345403, -0.039048, -0.937642, 0.001045, -0.928718, 0.129325, -0.347502, -0.002529, 0.13483, 0.990833, 0.008404, 0.483369, 0.0, 0.0, 0.0, 1.0],
                [0.344045, -0.039415, -0.938126, -5e-06, -0.923411, 0.166831, -0.345658, 0.000946, 0.170133, 0.985197, 0.021001, 0.509996, 0.0, 0.0, 0.0, 1.0],
                [0.854339, 0.028643, -0.518927, -5e-06, -0.51914, 0.0, -0.854689, 0.000946, -0.024481, 0.99959, 0.01487, 0.753683, 0.0, 0.0, 0.0, 1.0]
            ]
        },
        {
            "name": "Thigh_R",
            "time": [0.0, 0.0667, 0.15, 0.4833, 0.7667, 1.2333, 1.6],
            "transform": [
                [0.842726, 0.11785, 0.525284, 0.124994, 0.079929, -0.992318, 0.094402, -0.002831, 0.532375, -0.037569, -0.845675, -1.2e-05, 0.0, 0.0, 0.0, 1.0],
                [0.829883, 0.317373, 0.458877, 0.124994, 0.412902, -0.902492, -0.122544, -0.002831, 0.375241, 0.291169, -0.880009, -1.2e-05, 0.0, 0.0, 0.0, 1.0],
                [0.784871, 0.521818, 0.334188, 0.124994, 0.519965, -0.847967, 0.10288, -0.002831, 0.337065, 0.093019, -0.936875, -1.2e-05, 0.0, 0.0, 0.0, 1.0],
                [0.855985, 0.516974, -0.005054, 0.124994, 0.443332, -0.728948, 0.521621, -0.002831, 0.265981, -0.44874, -0.853163, -1.2e-05, 0.0, 0.0, 0.0, 1.0],
                [0.77286, 0.633276, 0.040584, 0.124994, 0.544656, -0.694804, 0.469676, -0.002831, 0.325632, -0.340889, -0.881906, -1.2e-05, 0.0, 0.0, 0.0, 1.0],
                [0.855985, 0.516974, -0.005054, 0.124994, 0.443332, -0.728948, 0.521621, -0.002831, 0.265981, -0.44874, -0.853163, -1.2e-05, 0.0, 0.0, 0.0, 1.0],
                [0.842726, 0.11785, 0.525284, 0.124994, 0.079929, -0.992318, 0.094402, -0.002831, 0.532375, -0.037569, -0.845675, -1.2e-05, 0.0, 0.0, 0.0, 1.0]
            ]
        },
        {
            "name": "Leg_R",
            "time": [0.0, 0.15, 0.4833, 0.7667, 1.2333, 1.6],
            "transform": [
                [1.0, -0.0, 1e-06, 0.0, 0.0, 0.997612, 0.069073, 0.37472, -1e-06, -0.069073, 0.997611, 0.0, 0.0, 0.0, 0.0, 1.0],
                [1.0, 1e-06, 1e-06, 0.0, -1e-06, 0.803906, 0.594757, 0.37472, -0.0, -0.594758, 0.803905, -0.0, 0.0, 0.0, 0.0, 1.0],
                [1.0, 1e-06, 1e-06, -0.0, -1e-06, 0.751808, 0.659383, 0.37472, 0.0, -0.659384, 0.751807, 0.0, 0.0, 0.0, 0.0, 1.0],
                [1.0, 1e-06, 1e-06, -0.0, -1e-06, 0.58833, 0.808621, 0.37472, 0.0, -0.808622, 0.588329, -0.0, 0.0, 0.0, 0.0, 1.0],
                [1.0, 1e-06, 1e-06, -0.0, -1e-06, 0.751808, 0.659383, 0.37472, 0.0, -0.659384, 0.751807, 0.0, 0.0, 0.0, 0.0, 1.0],
                [1.0, -0.0, 1e-06, 0.0, 0.0, 0.997612, 0.069073, 0.37472, -1e-06, -0.069073, 0.997611, 0.0, 0.0, 0.0, 0.0, 1.0]
            ]
        },
        {
            "name": "Knee_R",
            "time": [0.0, 0.15, 0.4833, 1.2333, 1.6],
            "transform": [
                [1.0, 0.0, -0.0, 0.0, -0.0, 1e-06, -1.0, 0.37472, -0.0, 1.0, 1e-06, 0.0, 0.0, 0.0, 0.0, 1.0],
                [1.0, 0.0, -0.0, 0.0, -0.0, -0.341576, -0.939854, 0.430987, -0.0, 0.939854, -0.341576, -0.000831, 0.0, 0.0, 0.0, 1.0],
                [1.0, -0.0, -0.0, -0.0, -0.0, -0.389408, -0.921066, 0.439324, -0.0, 0.921066, -0.389408, -0.000954, 0.0, 0.0, 0.0, 1.0],
                [1.0, -0.0, -0.0, -0.0, -0.0, -0.389408, -0.921066, 0.439324, -0.0, 0.921066, -0.389408, -0.000954, 0.0, 0.0, 0.0, 1.0],
                [1.0, 0.0, -0.0, 0.0, -0.0, 1e-06, -1.0, 0.37472, -0.0, 1.0, 1e-06, 0.0, 0.0, 0.0, 0.0, 1.0]
            ]
        },
        {
            "name": "Thigh_L",
            "time": [0.0, 0.0667, 0.15, 0.4833, 0.7667, 1.2333, 1.4167, 1.6],
            "transform": [
                [0.869242, -0.05516, -0.491298, -0.125006, -0.021407, -0.997024, 0.074063, -0.002831, -0.493921, -0.053862, -0.867836, -1.2e-05, 0.0, 0.0, 0.0, 1.0],
                [0.810225, -0.516941, -0.276237, -0.125006, -0.09442, -0.580261, 0.808939, -0.002831, -0.578463, -0.629341, -0.518952, -1.2e-05, 0.0, 0.0, 0.0, 1.0],
                [0.671829, -0.71574, -0.190687, -0.125006, -0.103935, -0.345986, 0.932465, -0.002831, -0.733377, -0.606638, -0.306834, -1.2e-05, 0.0, 0.0, 0.0, 1.0],
                [0.327185, -0.940396, -0.09277, -0.125006, -0.147276, -0.147721, 0.978002, -0.002831, -0.933412, -0.306325, -0.18683, -1.2e-05, 0.0, 0.0, 0.0, 1.0],
                [0.30569, -0.951262, -0.040675, -0.125006, -0.125315, -0.082546, 0.988677, -0.002831, -0.943848, -0.297131, -0.144442, -1.2e-05, 0.0, 0.0, 0.0, 1.0],
                [0.327185, -0.940396, -0.09277, -0.125006, -0.147276, -0.147721, 0.978002, -0.002831, -0.933412, -0.306325, -0.18683, -1.2e-05, 0.0, 0.0, 0.0, 1.0],
                [0.654306, -0.71806, -0.23722, -0.125006, -0.20731, -0.471986, 0.856884, -0.002831, -0.727259, -0.511487, -0.457685, -1.2e-05, 0.0, 0.0, 0.0, 1.0],
                [0.869242, -0.05516, -0.491298, -0.125006, -0.021407, -0.997024, 0.074063, -0.002831, -0.493921, -0.053862, -0.867836, -1.2e-05, 0.0, 0.0, 0.0, 1.0]
            ]
        },
        {
            "name": "Leg_L",
            "time": [0.0, 0.0667, 0.15, 0.4833, 0.7667, 1.2333, 1.4167, 1.6],
            "transform": [
                [0.999989, -0.003785, -0.002718, 0.0, 0.003782, 0.999992, -0.001196, 0.37472, 0.002722, 0.001185, 0.999996, 0.0, 0.0, 0.0, 0.0, 1.0],
                [0.999975, 0.004629, 0.005305, 0.0, -0.006461, 0.303872, 0.952691, 0.37472, 0.002798, -0.952701, 0.303894, -0.0, 0.0, 0.0, 0.0, 1.0],
                [0.999722, 0.01942, 0.013368, 0.0, -0.020431, 0.430631, 0.902297, 0.37472, 0.011766, -0.902319, 0.430908, -0.0, 0.0, 0.0, 0.0, 1.0],
                [0.999634, 0.020748, 0.017352, -0.0, -0.022506, 0.282258, 0.959075, 0.37472, 0.015001, -0.959114, 0.282622, 0.0, 0.0, 0.0, 0.0, 1.0],
                [0.999634, 0.019318, 0.018931, -0.0, -0.022506, 0.205897, 0.978315, 0.37472, 0.015001, -0.978383, 0.206257, -0.0, 0.0, 0.0, 0.0, 1.0],
                [0.999634, 0.020748, 0.017352, -0.0, -0.022506, 0.282258, 0.959075, 0.37472, 0.015001, -0.959114, 0.282622, 0.0, 0.0, 0.0, 0.0, 1.0],
                [0.999926, 0.007595, 0.009546, 0.0, -0.011283, 0.278378, 0.960406, 0.37472, 0.004637, -0.960441, 0.278443, 0.0, 0.0, 0.0, 0.0, 1.0],
                [0.999989, -0.003785, -0.002718, 0.0, 0.003782, 0.999992, -0.001196, 0.37472, 0.002722, 0.001185, 0.999996, 0.0, 0.0, 0.0, 0.0, 1.0]
            ]
        },
        {
            "name": "Knee_L",
            "time": [0.0, 0.15, 0.4833, 1.2333, 1.6],
            "transform": [
                [1.0, 0.0, -0.0, 0.0, -0.0, 1e-06, -1.0, 0.37472, -0.0, 1.0, 1e-06, 0.0, 0.0, 0.0, 0.0, 1.0],
                [1.0, 0.0, -0.0, 0.0, -0.0, 1e-06, -1.0, 0.37472, -0.0, 1.0, 1e-06, -0.0, 0.0, 0.0, 0.0, 1.0],
                [1.0, 0.0, -0.0, -0.0, -0.0, 1e-06, -1.0, 0.37472, -0.0, 1.0, 1e-06, 0.0, 0.0, 0.0, 0.0, 1.0],
                [1.0, 0.0, -0.0, -0.0, -0.0, 1e-06, -1.0, 0.37472, -0.0, 1.0, 1e-06, 0.0, 0.0, 0.0, 0.0, 1.0],
                [1.0, 0.0, -0.0, 0.0, -0.0, 1e-06, -1.0, 0.37472, -0.0, 1.0, 1e-06, 0.0, 0.0, 0.0, 0.0, 1.0]
            ]
        },
        {
            "name": "Torso",
            "time": [0.0, 0.15, 0.4833, 1.2333, 1.6],
            "transform": [
                [0.999042, -0.043673, -0.002705, 0.0, 0.04367, 0.999045, -0.001423, 0.05, 0.002765, 0.001304, 0.999995, -0.0, 0.0, 0.0, 0.0, 1.0],
                [0.999984, -0.005642, -0.000276, -0.0, 0.005632, 0.999607, -0.02746, 0.05, 0.00043, 0.027458, 0.999623, 0.0, 0.0, 0.0, 0.0, 1.0],
                [1.0, -0.0, -0.0, -0.0, 0.0, 0.999509, -0.031323, 0.05, 0.0, 0.031323, 0.999509, 0.0, 0.0, 0.0, 0.0, 1.0],
                [1.0, -0.0, -0.0, -0.0, 0.0, 0.999509, -0.031323, 0.05, 0.0, 0.031323, 0.999509, 0.0, 0.0, 0.0, 0.0, 1.0],
                [0.999042, -0.043673, -0.002705, 0.0, 0.04367, 0.999045, -0.001423, 0.05, 0.002765, 0.001304, 0.999995, -0.0, 0.0, 0.0, 0.0, 1.0]
            ]
        },
        {
            "name": "Chest",
            "time": [0.0, 0.15, 0.4833, 1.2333, 1.6],
            "transform": [
                [0.999771, -0.021316, -0.002029, 0.0, 0.021411, 0.994316, 0.104295, 0.3, -0.000206, -0.104315, 0.994544, 0.0, 0.0, 0.0, 0.0, 1.0],
                [0.959653, -0.266071, 0.090949, 0.0, 0.229425, 0.927918, 0.293824, 0.3, -0.162572, -0.261103, 0.951523, 0.0, 0.0, 0.0, 0.0, 1.0],
                [0.975032, -0.19725, 0.102003, 0.0, 0.155255, 0.933939, 0.321953, 0.3, -0.15877, -0.298078, 0.941245, 0.0, 0.0, 0.0, 0.0, 1.0],
                [0.975032, -0.19725, 0.102003, 0.0, 0.155255, 0.933939, 0.321953, 0.3, -0.15877, -0.298078, 0.941245, 0.0, 0.0, 0.0, 0.0, 1.0],
                [0.999771, -0.021316, -0.002029, 0.0, 0.021411, 0.994316, 0.104295, 0.3, -0.000206, -0.104315, 0.994544, 0.0, 0.0, 0.0, 0.0, 1.0]
            ]
        },
        {
            "name": "Head",
            "time": [0.0, 0.15, 0.4833, 1.2333, 1.6],
            "transform": [
                [0.85311, 0.037721, 0.520365, -0.0, -0.006297, 0.998055, -0.062025, 0.4, -0.521692, 0.049637, 0.851689, -0.0, 0.0, 0.0, 0.0, 1.0],
                [0.748248, 0.004596, 0.663403, -0.0, 0.167817, 0.966143, -0.195974, 0.4, -0.641842, 0.257968, 0.722143, -0.0, 0.0, 0.0, 0.0, 1.0],
                [0.730287, 0.002925, 0.683134, 0.0, 0.194928, 0.957525, -0.212483, 0.4, -0.654739, 0.288336, 0.698698, -0.0, 0.0, 0.0, 0.0, 1.0],
                [0.730287, 0.002925, 0.683134, 0.0, 0.194928, 0.957525, -0.212483, 0.4, -0.654739, 0.288336, 0.698698, -0.0, 0.0, 0.0, 0.0, 1.0],
                [0.85311, 0.037721, 0.520365, -0.0, -0.006297, 0.998055, -0.062025, 0.4, -0.521692, 0.049637, 0.851689, -0.0, 0.0, 0.0, 0.0, 1.0]
            ]
        },
        {
            "name": "Shoulder_R",
            "time": [0.0, 0.15, 0.4833, 1.2333, 1.6],
            "transform": [
                [-0.241154, 0.935076, 0.259762, -0.0, 0.181931, -0.219358, 0.958532, 0.4, 0.953281, 0.278413, -0.11722, -0.0, 0.0, 0.0, 0.0, 1.0],
                [-0.053915, 0.900304, 0.431908, -0.0, 0.037555, -0.430403, 0.901855, 0.4, 0.997839, 0.064844, -0.010606, -0.0, 0.0, 0.0, 0.0, 1.0],
                [-0.02836, 0.888709, 0.457594, 0.0, 0.012748, -0.457419, 0.88916, 0.4, 0.999516, 0.031051, 0.001643, -0.0, 0.0, 0.0, 0.0, 1.0],
                [-0.02836, 0.888709, 0.457594, 0.0, 0.012748, -0.457419, 0.88916, 0.4, 0.999516, 0.031051, 0.001643, -0.0, 0.0, 0.0, 0.0, 1.0],
                [-0.241154, 0.935076, 0.259762, -0.0, 0.181931, -0.219358, 0.958532, 0.4, 0.953281, 0.278413, -0.11722, -0.0, 0.0, 0.0, 0.0, 1.0]
            ]
        },
        {
            "name": "Arm_R",
            "time": [0.0, 0.0667, 0.15, 0.4833, 0.7667, 1.2333, 1.4167, 1.5, 1.6],
            "transform": [
                [-0.560416, 0.299331, -0.772227, -0.0, 0.790217, -0.085917, -0.606775, 0.39386, -0.247974, -0.950273, -0.188387, 0.0, 0.0, 0.0, 0.0, 1.0],
                [0.36715, -0.789962, -0.49108, -0.0, 0.075459, 0.551507, -0.83075, 0.393861, 0.927096, 0.267953, 0.262096, 0.0, 0.0, 0.0, 0.0, 1.0],
                [0.838436, -0.532786, -0.114739, -0.0, -0.089527, 0.073027, -0.993304, 0.39386, 0.537597, 0.843094, 0.01353, 0.0, 0.0, 0.0, 0.0, 1.0],
                [0.842612, -0.526931, -0.11112, -0.0, -0.089457, 0.066517, -0.993767, 0.393861, 0.531038, 0.847301, 0.00891, -0.0, 0.0, 0.0, 0.0, 1.0],
                [0.842612, -0.535369, -0.05818, -0.0, -0.089457, -0.032617, -0.995456, 0.39386, 0.531039, 0.843988, -0.075376, -0.0, 0.0, 0.0, 0.0, 1.0],
                [0.842612, -0.526931, -0.11112, -0.0, -0.089457, 0.066517, -0.993767, 0.393861, 0.531038, 0.847301, 0.00891, -0.0, 0.0, 0.0, 0.0, 1.0],
                [0.30078, -0.65934, -0.689059, -0.0, -0.458158, 0.533783, -0.710751, 0.39386, 0.836434, 0.529478, -0.141531, -0.0, 0.0, 0.0, 0.0, 1.0],
                [-0.573525, -0.026763, -0.818751, 0.0, 0.480384, 0.798591, -0.362607, 0.39386, 0.663551, -0.601279, -0.445155, -0.0, 0.0, 0.0, 0.0, 1.0],
                [-0.560416, 0.299331, -0.772227, -0.0, 0.790217, -0.085917, -0.606775, 0.39386, -0.247974, -0.950273, -0.188387, 0.0, 0.0, 0.0, 0.0, 1.0]
            ]
        },
        {
            "name": "Hand_R",
            "time": [0.0, 0.15, 0.4833, 1.2333, 1.6],
            "transform": [
                [0.999998, -0.000405, 0.001778, 0.0, 0.000868, 0.963176, -0.268872, 0.3, -0.001603, 0.268873, 0.963174, -0.0, 0.0, 0.0, 0.0, 1.0],
                [0.996542, -0.078752, 0.026499, 0.0, 0.075272, 0.720585, -0.689269, 0.3, 0.035187, 0.68888, 0.724021, -0.0, 0.0, 0.0, 0.0, 1.0],
                [0.995489, -0.088865, 0.033232, -0.0, 0.084329, 0.668273, -0.739121, 0.3, 0.043474, 0.738589, 0.672753, -0.0, 0.0, 0.0, 0.0, 1.0],
                [0.995489, -0.088865, 0.033232, -0.0, 0.084329, 0.668273, -0.739121, 0.3, 0.043474, 0.738589, 0.672753, -0.0, 0.0, 0.0, 0.0, 1.0],
                [0.999998, -0.000405, 0.001778, 0.0, 0.000868, 0.963176, -0.268872, 0.3, -0.001603, 0.268873, 0.963174, -0.0, 0.0, 0.0, 0.0, 1.0]
            ]
        },
        {
            "name": "Tool_R",
            "time": [0.0, 0.15, 0.4833, 1.2333, 1.4167, 1.5, 1.6],
            "transform": [
                [-0.223607, 0.459996, -0.859304, -0.767855, 0.205203, -0.83965, -0.502873, -0.098952, -0.952267, -0.288615, 0.093298, 0.138215, 0.0, 0.0, 0.0, 1.0],
                [-0.376689, 0.91459, 0.147073, -0.125017, 0.822234, 0.40324, -0.401657, 0.260595, -0.426396, -0.03035, -0.903372, -0.005951, 0.0, 0.0, 0.0, 1.0],
                [-0.427378, 0.840221, 0.333731, -0.029767, 0.766761, 0.532441, -0.358585, 0.313869, -0.478691, 0.102586, -0.87129, -0.027312, 0.0, 0.0, 0.0, 1.0],
                [-0.427378, 0.840221, 0.333731, -0.029767, 0.766761, 0.532441, -0.358585, 0.313869, -0.478691, 0.102586, -0.87129, -0.027312, 0.0, 0.0, 0.0, 1.0],
                [-0.182124, -0.926168, 0.330217, 0.184074, 0.594824, 0.163639, 0.787024, 0.82292, -0.782483, 0.339558, 0.520804, 0.333703, 0.0, 0.0, 0.0, 1.0],
                [-0.181569, 0.294863, -0.93813, -0.710282, 0.595433, -0.726263, -0.343513, -0.030741, -0.782149, -0.620605, -0.043683, -0.060669, 0.0, 0.0, 0.0, 1.0],
                [0.045804, 0.343271, -0.938119, -0.710281, 0.002045, -0.939135, -0.343543, -0.030741, -0.998357, 0.013799, -0.043696, -0.060669, 0.0, 0.0, 0.0, 1.0]
            ]
        },
        {
            "name": "Elbow_R",
            "time": [0.0, 0.15, 0.4833, 1.2333, 1.6],
            "transform": [
                [-1.0, 0.0, 0.0, 0.0, -0.0, -0.0, -1.0, 0.341622, -0.0, -1.0, 0.0, -0.0, 0.0, 0.0, 0.0, 1.0],
                [-1.0, 0.0, -0.0, 0.0, 0.0, -0.0, -1.0, 0.305371, -0.0, -1.0, 0.0, -0.0, 0.0, 0.0, 0.0, 1.0],
                [-1.0, 0.0, -0.0, -0.0, -0.0, -0.0, -1.0, 0.3, -0.0, -1.0, 0.0, -0.0, 0.0, 0.0, 0.0, 1.0],
                [-1.0, 0.0, -0.0, -0.0, -0.0, -0.0, -1.0, 0.3, -0.0, -1.0, 0.0, -0.0, 0.0, 0.0, 0.0, 1.0],
                [-1.0, 0.0, 0.0, 0.0, -0.0, -0.0, -1.0, 0.341622, -0.0, -1.0, 0.0, -0.0, 0.0, 0.0, 0.0, 1.0]
            ]
        },
        {
            "name": "Shoulder_L",
            "time": [0.0, 0.15, 0.4833, 1.2333, 1.6],
            "transform": [
                [-0.226937, -0.947819, -0.223918, -0.0, -0.021067, -0.225085, 0.974111, 0.4, -0.973681, 0.225779, 0.031113, -0.0, 0.0, 0.0, 0.0, 1.0],
                [0.32579, -0.910878, -0.253302, -0.0, -0.005803, -0.269841, 0.962887, 0.4, -0.945424, -0.31223, -0.093198, -0.0, 0.0, 0.0, 0.0, 1.0],
                [0.402101, -0.880355, -0.251576, 0.0, -0.001498, -0.2754, 0.961329, 0.4, -0.915594, -0.386174, -0.112057, -0.0, 0.0, 0.0, 0.0, 1.0],
                [0.402101, -0.880355, -0.251576, 0.0, -0.001498, -0.2754, 0.961329, 0.4, -0.915594, -0.386174, -0.112057, -0.0, 0.0, 0.0, 0.0, 1.0],
                [-0.226937, -0.947819, -0.223918, -0.0, -0.021067, -0.225085, 0.974111, 0.4, -0.973681, 0.225779, 0.031113, -0.0, 0.0, 0.0, 0.0, 1.0]
            ]
        },
        {
            "name": "Arm_L",
            "time": [0.0, 0.0667, 0.15, 0.4833, 0.7667, 1.2333, 1.4167, 1.6],
            "transform": [
                [0.028967, 0.056681, 0.997972, 0.0, -0.931842, 0.362807, 0.006442, 0.39386, -0.361707, -0.930138, 0.063327, -0.0, 0.0, 0.0, 0.0, 1.0],
                [-0.349175, 0.906491, -0.237386, -0.0, -0.300798, -0.348354, -0.88779, 0.39386, -0.887467, -0.238588, 0.394307, -0.0, 0.0, 0.0, 0.0, 1.0],
                [-0.749035, 0.548979, 0.370902, 0.0, -0.53951, -0.830347, 0.139473, 0.39386, 0.384545, -0.095635, 0.918139, -0.0, 0.0, 0.0, 0.0, 1.0],
                [-0.701999, 0.511833, 0.495201, -0.0, -0.419423, -0.859083, 0.293361, 0.39386, 0.575571, -0.001759, 0.81775, 0.0, 0.0, 0.0, 0.0, 1.0],
                [-0.701999, 0.482282, 0.524024, 0.0, -0.419422, -0.874637, 0.243094, 0.39386, 0.575571, -0.049136, 0.816274, -0.0, 0.0, 0.0, 0.0, 1.0],
                [-0.701999, 0.511833, 0.495201, -0.0, -0.419423, -0.859083, 0.293361, 0.39386, 0.575571, -0.001759, 0.81775, 0.0, 0.0, 0.0, 0.0, 1.0],
                [0.382042, 0.313822, 0.86923, -0.0, -0.291413, 0.933499, -0.208944, 0.39386, -0.876996, -0.173479, 0.448087, 0.0, 0.0, 0.0, 0.0, 1.0],
                [0.028967, 0.056681, 0.997972, 0.0, -0.931842, 0.362807, 0.006442, 0.39386, -0.361707, -0.930138, 0.063327, -0.0, 0.0, 0.0, 0.0, 1.0]
            ]
        },
        {
            "name": "Hand_L",
            "time": [0.0, 0.0667, 0.15, 0.4833, 0.7667, 1.2333, 1.4167, 1.6],
            "transform": [
                [0.999993, -0.001541, -0.00347, 0.0, 0.000938, 0.985901, -0.167329, 0.3, 0.003679, 0.167324, 0.985895, 0.0, 0.0, 0.0, 0.0, 1.0],
                [0.999999, -0.001341, -0.001094, 0.0, 0.00038, 0.786771, -0.617245, 0.3, 0.001688, 0.617243, 0.786771, -0.0, 0.0, 0.0, 0.0, 1.0],
                [1.0, -8.7e-05, -6e-06, -0.0, 8e-05, 0.944667, -0.328033, 0.3, 3.4e-05, 0.328033, 0.944667, 0.0, 0.0, 0.0, 0.0, 1.0],
                [1.0, -0.0, 0.0, -0.0, 0.0, 0.963315, -0.268373, 0.3, 0.0, 0.268373, 0.963315, -0.0, 0.0, 0.0, 0.0, 1.0],
                [1.0, -0.0, 0.0, -0.0, 0.0, 0.863165, -0.504923, 0.3, 0.0, 0.504923, 0.863165, -0.0, 0.0, 0.0, 0.0, 1.0],
                [1.0, -0.0, 0.0, -0.0, 0.0, 0.963315, -0.268373, 0.3, 0.0, 0.268373, 0.963315, -0.0, 0.0, 0.0, 0.0, 1.0],
                [0.999998, -0.001651, -0.000938, 0.0, 0.000442, 0.682795, -0.730611, 0.3, 0.001846, 0.730609, 0.682794, 0.0, 0.0, 0.0, 0.0, 1.0],
                [0.999993, -0.001541, -0.00347, 0.0, 0.000938, 0.985901, -0.167329, 0.3, 0.003679, 0.167324, 0.985895, 0.0, 0.0, 0.0, 0.0, 1.0]
            ]
        },
        {
            "name": "Tool_L",
            "time": [0.0, 0.15, 0.4833, 1.2333, 1.6],
            "transform": [
                [0.997006, -0.039439, -0.066512, -0.0, -0.036629, -0.998405, 0.042952, 0.272858, -0.068061, -0.040374, -0.996274, -0.0, 0.0, 0.0, 0.0, 1.0],
                [-0.595082, -0.406496, -0.69328, -0.042176, 0.644014, -0.757237, -0.108797, 0.29589, -0.480463, -0.510933, 0.711987, 0.059778, 0.0, 0.0, 0.0, 1.0],
                [-0.412078, -0.317581, -0.85401, -0.048425, 0.618615, -0.785668, -0.006328, 0.299303, -0.668559, -0.530608, 0.519911, 0.068636, 0.0, 0.0, 0.0, 1.0],
                [-0.412078, -0.317581, -0.85401, -0.048425, 0.618615, -0.785668, -0.006328, 0.299303, -0.668559, -0.530608, 0.519911, 0.068636, 0.0, 0.0, 0.0, 1.0],
                [0.997006, -0.039439, -0.066512, -0.0, -0.036629, -0.998405, 0.042952, 0.272858, -0.068061, -0.040374, -0.996274, -0.0, 0.0, 0.0, 0.0, 1.0]
            ]
        },
        {
            "name": "Elbow_L",
            "time": [0.0, 0.15, 0.4833, 1.2333, 1.6],
            "transform": [
                [-1.0, 0.0, -0.0, 2.7e-05, 0.0, -0.0, -1.0, 0.334301, -0.0, -1.0, -0.0, -0.002121, 0.0, 0.0, 0.0, 1.0],
                [-1.0, 0.0, 0.0, 3e-06, 0.0, -0.0, -1.0, 0.304427, -0.0, -1.0, -0.0, -0.000274, 0.0, 0.0, 0.0, 1.0],
                [-1.0, 0.0, 0.0, -0.0, 0.0, 0.0, -1.0, 0.3, -0.0, -1.0, -0.0, -0.0, 0.0, 0.0, 0.0, 1.0],
                [-1.0, 0.0, 0.0, -0.0, 0.0, 0.0, -1.0, 0.3, -0.0, -1.0, -0.0, -0.0, 0.0, 0.0, 0.0, 1.0],
                [-1.0, 0.0, -0.0, 2.7e-05, 0.0, -0.0, -1.0, 0.334301, -0.0, -1.0, -0.0, -0.002121, 0.0, 0.0, 0.0, 1.0]
            ]
        }
    ]
}